,All people aged 16 to 74 in employment,All people: Part-time: 15 hours or less,All people: Part-time: 16 to 30 hours,All people: Full-time: 31 to 48 hours,All people: Full-time: 49 hours or more,All males aged 16 to 74 in employment,All males: Part-time: 15 hours or less,All males: Part-time: 16 to 30 hours,All males: Full-time: 31 to 48 hours,All males: Full-time: 49 hours or more,All females aged 16 to 74 in employment,All females: Part-time: 15 hours or less,All females: Part-time: 16 to 30 hours,All females: Full-time: 31 to 48 hours,All females: Full-time: 49 hours or more
S92000003,2516895,175875,529742,1516473,294805,1295315,50714,119523,888991,236087,1221580,125161,410219,627482,58718
S01006506,507,39,81,303,84,265,11,11,179,64,242,28,70,124,20
S01006507,461,52,100,260,49,222,10,20,154,38,239,42,80,106,11
S01006508,425,23,55,283,64,228,8,10,157,53,197,15,45,126,11
S01006509,305,23,60,186,36,151,7,8,101,35,154,16,52,85,1
S01006510,291,16,68,165,42,161,6,19,99,37,130,10,49,66,5
S01006511,348,40,64,191,53,177,10,10,110,47,171,30,54,81,6
S01006512,248,27,46,141,34,140,5,7,100,28,108,22,39,41,6
S01006513,275,31,60,148,36,149,10,11,96,32,126,21,49,52,4
S01006514,480,57,76,242,105,270,13,14,159,84,210,44,62,83,21
S01006515,370,48,69,190,63,212,12,18,128,54,158,36,51,62,9
S01006516,276,20,40,155,61,157,8,14,97,38,119,12,26,58,23
S01006517,511,51,110,258,92,282,14,22,171,75,229,37,88,87,17
S01006518,306,40,53,152,61,173,11,17,95,50,133,29,36,57,11
S01006519,429,56,86,193,94,225,16,18,116,75,204,40,68,77,19
S01006520,341,39,67,172,63,203,13,13,123,54,138,26,54,49,9
S01006521,338,32,48,170,88,204,10,9,111,74,134,22,39,59,14
S01006522,292,38,52,153,49,157,7,10,99,41,135,31,42,54,8
S01006523,454,37,73,252,92,250,12,11,149,78,204,25,62,103,14
S01006524,379,41,56,197,85,207,14,18,112,63,172,27,38,85,22
S01006525,370,47,55,205,63,210,20,13,124,53,160,27,42,81,10
S01006526,442,46,98,254,44,214,10,25,142,37,228,36,73,112,7
S01006527,315,35,62,191,27,172,11,12,126,23,143,24,50,65,4
S01006528,486,66,125,236,59,231,17,31,134,49,255,49,94,102,10
S01006529,472,40,72,318,42,279,15,26,204,34,193,25,46,114,8
S01006530,391,42,82,226,41,204,14,23,132,35,187,28,59,94,6
S01006531,433,47,102,250,34,229,18,28,149,34,204,29,74,101,0
S01006532,353,26,62,220,45,199,5,20,136,38,154,21,42,84,7
S01006533,401,33,64,232,72,214,13,12,136,53,187,20,52,96,19
S01006534,494,38,66,303,87,276,10,12,184,70,218,28,54,119,17
S01006535,679,43,81,471,84,366,17,20,259,70,313,26,61,212,14
S01006536,731,49,78,503,101,396,21,24,276,75,335,28,54,227,26
S01006537,358,40,69,197,52,184,10,5,124,45,174,30,64,73,7
S01006538,291,20,59,171,41,150,8,11,97,34,141,12,48,74,7
S01006539,370,37,74,209,50,189,14,13,120,42,181,23,61,89,8
S01006540,535,31,93,327,84,288,8,23,192,65,247,23,70,135,19
S01006541,366,36,61,220,49,191,6,14,130,41,175,30,47,90,8
S01006542,470,35,73,274,88,260,3,14,168,75,210,32,59,106,13
S01006543,371,31,61,226,53,194,8,12,131,43,177,23,49,95,10
S01006544,634,34,76,385,139,382,10,19,244,109,252,24,57,141,30
S01006545,558,34,82,369,73,309,9,23,217,60,249,25,59,152,13
S01006546,315,28,56,170,61,177,9,13,100,55,138,19,43,70,6
S01006547,415,33,77,243,62,220,13,14,141,52,195,20,63,102,10
S01006548,339,33,65,203,38,173,9,14,118,32,166,24,51,85,6
S01006549,398,36,70,221,71,232,8,12,146,66,166,28,58,75,5
S01006550,429,44,81,236,68,230,14,16,141,59,199,30,65,95,9
S01006551,315,25,58,197,35,166,9,10,119,28,149,16,48,78,7
S01006552,521,49,72,325,75,276,13,13,185,65,245,36,59,140,10
S01006553,348,16,74,206,52,182,1,16,116,49,166,15,58,90,3
S01006554,375,28,46,269,32,198,7,6,155,30,177,21,40,114,2
S01006555,455,31,70,300,54,232,6,11,172,43,223,25,59,128,11
S01006556,383,18,80,235,50,207,9,16,137,45,176,9,64,98,5
S01006557,359,26,85,211,37,176,5,12,128,31,183,21,73,83,6
S01006558,409,17,45,292,55,228,5,19,161,43,181,12,26,131,12
S01006559,325,31,40,202,52,185,12,12,120,41,140,19,28,82,11
S01006560,517,50,77,297,93,272,13,18,174,67,245,37,59,123,26
S01006561,398,37,69,228,64,207,9,12,132,54,191,28,57,96,10
S01006562,352,34,77,185,56,189,11,21,112,45,163,23,56,73,11
S01006563,408,33,65,263,47,228,12,13,162,41,180,21,52,101,6
S01006564,585,45,85,401,54,303,14,23,228,38,282,31,62,173,16
S01006565,608,51,84,413,60,332,17,29,239,47,276,34,55,174,13
S01006566,484,38,49,338,59,254,14,14,189,37,230,24,35,149,22
S01006567,500,58,70,328,44,265,29,31,171,34,235,29,39,157,10
S01006568,706,48,75,511,72,361,19,21,267,54,345,29,54,244,18
S01006569,351,22,47,231,51,185,7,16,124,38,166,15,31,107,13
S01006570,445,29,55,283,78,241,8,20,158,55,204,21,35,125,23
S01006571,525,36,79,326,84,292,9,25,196,62,233,27,54,130,22
S01006572,453,37,90,223,103,258,12,13,150,83,195,25,77,73,20
S01006573,390,39,59,205,87,212,13,7,122,70,178,26,52,83,17
S01006574,510,31,70,279,130,299,9,19,164,107,211,22,51,115,23
S01006575,531,31,67,335,98,305,11,15,207,72,226,20,52,128,26
S01006576,435,35,60,283,57,237,14,13,162,48,198,21,47,121,9
S01006577,510,25,55,344,86,277,9,17,186,65,233,16,38,158,21
S01006578,742,47,84,530,81,410,16,30,308,56,332,31,54,222,25
S01006579,709,41,82,499,87,410,17,38,284,71,299,24,44,215,16
S01006580,492,35,52,348,57,267,12,23,189,43,225,23,29,159,14
S01006581,478,42,70,283,83,272,16,16,171,69,206,26,54,112,14
S01006582,610,37,86,398,89,359,16,44,230,69,251,21,42,168,20
S01006583,507,46,69,351,41,284,13,27,211,33,223,33,42,140,8
S01006584,439,35,59,286,59,234,8,21,155,50,205,27,38,131,9
S01006585,469,39,85,282,63,253,12,32,162,47,216,27,53,120,16
S01006586,648,58,103,411,76,347,25,33,232,57,301,33,70,179,19
S01006587,370,23,53,255,39,209,8,25,146,30,161,15,28,109,9
S01006588,424,47,70,262,45,229,18,29,150,32,195,29,41,112,13
S01006589,438,40,99,244,55,258,14,46,154,44,180,26,53,90,11
S01006590,480,39,50,304,87,290,17,25,185,63,190,22,25,119,24
S01006591,530,27,82,365,56,276,10,21,200,45,254,17,61,165,11
S01006592,512,27,48,353,84,320,8,18,222,72,192,19,30,131,12
S01006593,550,33,56,374,87,332,12,20,229,71,218,21,36,145,16
S01006594,336,27,49,217,43,175,9,16,115,35,161,18,33,102,8
S01006595,685,33,63,518,71,376,12,18,287,59,309,21,45,231,12
S01006596,488,28,40,342,78,275,10,11,197,57,213,18,29,145,21
S01006597,408,22,46,297,43,226,8,16,163,39,182,14,30,134,4
S01006598,572,29,85,351,107,334,6,15,230,83,238,23,70,121,24
S01006599,450,28,69,294,59,250,13,20,172,45,200,15,49,122,14
S01006600,603,42,84,389,88,331,12,18,228,73,272,30,66,161,15
S01006601,644,42,87,442,73,352,13,23,253,63,292,29,64,189,10
S01006602,433,34,77,251,71,243,13,17,161,52,190,21,60,90,19
S01006603,391,24,85,249,33,206,8,16,150,32,185,16,69,99,1
S01006604,355,40,72,209,34,183,10,14,130,29,172,30,58,79,5
S01006605,364,20,69,231,44,187,7,10,133,37,177,13,59,98,7
S01006606,403,28,68,243,64,236,8,14,157,57,167,20,54,86,7
S01006607,493,31,103,308,51,250,7,14,186,43,243,24,89,122,8
S01006608,391,33,66,237,55,218,9,9,153,47,173,24,57,84,8
S01006609,530,36,99,328,67,272,7,10,193,62,258,29,89,135,5
S01006610,231,16,46,152,17,114,3,4,92,15,117,13,42,60,2
S01006611,437,25,94,268,50,211,1,18,150,42,226,24,76,118,8
S01006612,489,38,97,292,62,249,9,24,165,51,240,29,73,127,11
S01006613,402,16,68,261,57,199,2,9,139,49,203,14,59,122,8
S01006614,408,12,69,263,64,215,1,7,150,57,193,11,62,113,7
S01006615,453,27,84,268,74,248,8,3,171,66,205,19,81,97,8
S01006616,573,42,89,366,76,296,8,11,208,69,277,34,78,158,7
S01006617,398,26,71,231,70,214,7,11,135,61,184,19,60,96,9
S01006618,334,18,61,198,57,173,4,11,113,45,161,14,50,85,12
S01006619,533,36,104,324,69,267,6,20,184,57,266,30,84,140,12
S01006620,544,32,95,348,69,276,10,11,197,58,268,22,84,151,11
S01006621,314,22,56,190,46,161,6,1,113,41,153,16,55,77,5
S01006622,462,24,63,314,61,239,7,11,169,52,223,17,52,145,9
S01006623,418,18,60,271,69,240,5,13,160,62,178,13,47,111,7
S01006624,539,40,82,357,60,317,12,25,230,50,222,28,57,127,10
S01006625,369,30,69,227,43,192,9,15,131,37,177,21,54,96,6
S01006626,384,24,87,234,39,192,9,19,134,30,192,15,68,100,9
S01006627,564,36,68,399,61,297,20,21,205,51,267,16,47,194,10
S01006628,730,31,117,511,71,431,16,42,315,58,299,15,75,196,13
S01006629,360,36,68,215,41,197,12,19,132,34,163,24,49,83,7
S01006630,283,26,67,154,36,137,4,10,92,31,146,22,57,62,5
S01006631,489,23,97,327,42,247,6,18,191,32,242,17,79,136,10
S01006632,408,29,74,258,47,199,6,12,142,39,209,23,62,116,8
S01006633,308,23,71,183,31,164,5,18,115,26,144,18,53,68,5
S01006634,271,15,67,170,19,136,1,16,100,19,135,14,51,70,0
S01006635,327,29,65,203,30,172,6,14,128,24,155,23,51,75,6
S01006636,374,33,79,229,33,183,4,16,136,27,191,29,63,93,6
S01006637,427,27,70,257,73,248,6,30,151,61,179,21,40,106,12
S01006638,521,52,77,347,45,269,14,28,196,31,252,38,49,151,14
S01006639,524,68,87,321,48,278,20,40,183,35,246,48,47,138,13
S01006640,476,52,58,315,51,297,22,26,203,46,179,30,32,112,5
S01006641,675,62,99,452,62,384,23,48,257,56,291,39,51,195,6
S01006642,636,156,122,306,52,313,50,49,175,39,323,106,73,131,13
S01006643,497,96,95,259,47,246,34,33,143,36,251,62,62,116,11
S01006644,597,82,91,352,72,318,34,33,198,53,279,48,58,154,19
S01006645,347,31,71,226,19,171,8,15,131,17,176,23,56,95,2
S01006646,433,78,94,235,26,210,29,39,124,18,223,49,55,111,8
S01006647,344,39,64,204,37,176,13,15,119,29,168,26,49,85,8
S01006648,930,194,192,453,91,449,46,78,254,71,481,148,114,199,20
S01006649,622,71,87,416,48,348,20,31,261,36,274,51,56,155,12
S01006650,532,55,96,334,47,314,24,52,205,33,218,31,44,129,14
S01006651,336,44,46,209,37,207,21,23,130,33,129,23,23,79,4
S01006652,365,46,52,221,46,220,22,30,131,37,145,24,22,90,9
S01006653,356,20,52,246,38,198,4,26,140,28,158,16,26,106,10
S01006654,464,32,87,311,34,231,7,21,175,28,233,25,66,136,6
S01006655,378,27,46,247,58,191,9,12,134,36,187,18,34,113,22
S01006656,610,48,82,402,78,331,15,27,233,56,279,33,55,169,22
S01006657,326,33,67,197,29,182,11,29,121,21,144,22,38,76,8
S01006658,547,70,132,304,41,311,27,56,190,38,236,43,76,114,3
S01006659,330,64,61,161,44,177,25,31,83,38,153,39,30,78,6
S01006660,256,30,54,156,16,148,11,22,102,13,108,19,32,54,3
S01006661,334,41,74,187,32,184,14,26,114,30,150,27,48,73,2
S01006662,333,55,84,169,25,175,24,32,98,21,158,31,52,71,4
S01006663,286,57,51,144,34,149,17,18,91,23,137,40,33,53,11
S01006664,289,52,65,152,20,156,23,26,94,13,133,29,39,58,7
S01006665,367,74,87,163,43,192,28,38,93,33,175,46,49,70,10
S01006666,367,30,76,221,40,203,13,16,137,37,164,17,60,84,3
S01006667,341,30,62,213,36,183,7,12,133,31,158,23,50,80,5
S01006668,484,96,91,254,43,238,30,35,142,31,246,66,56,112,12
S01006669,419,61,90,215,53,228,29,29,129,41,191,32,61,86,12
S01006670,464,128,87,219,30,200,39,37,104,20,264,89,50,115,10
S01006671,604,248,178,141,37,272,82,81,80,29,332,166,97,61,8
S01006672,373,55,88,192,38,184,13,26,115,30,189,42,62,77,8
S01006673,433,64,87,235,47,227,19,24,153,31,206,45,63,82,16
S01006674,399,21,103,225,50,218,8,34,135,41,181,13,69,90,9
S01006675,333,29,87,191,26,178,9,23,127,19,155,20,64,64,7
S01006676,342,38,75,186,43,181,7,19,118,37,161,31,56,68,6
S01006677,365,21,106,201,37,194,8,33,125,28,171,13,73,76,9
S01006678,548,47,108,350,43,279,11,16,211,41,269,36,92,139,2
S01006679,381,27,69,244,41,201,7,20,145,29,180,20,49,99,12
S01006680,414,29,89,253,43,232,10,18,174,30,182,19,71,79,13
S01006681,415,17,71,269,58,230,8,15,157,50,185,9,56,112,8
S01006682,401,36,85,238,42,222,13,14,159,36,179,23,71,79,6
S01006683,453,53,92,273,35,236,17,23,169,27,217,36,69,104,8
S01006684,382,27,69,249,37,222,11,21,157,33,160,16,48,92,4
S01006685,407,26,75,272,34,212,9,19,157,27,195,17,56,115,7
S01006686,326,18,70,208,30,172,4,12,130,26,154,14,58,78,4
S01006687,438,26,98,279,35,225,7,18,172,28,213,19,80,107,7
S01006688,409,22,75,259,53,219,8,12,160,39,190,14,63,99,14
S01006689,388,31,53,244,60,217,11,14,144,48,171,20,39,100,12
S01006690,320,36,54,199,31,167,16,18,111,22,153,20,36,88,9
S01006691,332,32,57,199,44,180,10,16,119,35,152,22,41,80,9
S01006692,381,32,55,239,55,204,12,12,140,40,177,20,43,99,15
S01006693,565,40,102,354,69,294,17,22,198,57,271,23,80,156,12
S01006694,324,17,71,211,25,167,8,17,120,22,157,9,54,91,3
S01006695,361,22,71,232,36,189,6,16,139,28,172,16,55,93,8
S01006696,396,50,81,237,28,195,9,16,144,26,201,41,65,93,2
S01006697,473,39,106,291,37,244,13,17,185,29,229,26,89,106,8
S01006698,318,23,58,210,27,164,7,14,121,22,154,16,44,89,5
S01006699,268,21,51,173,23,138,11,8,101,18,130,10,43,72,5
S01006700,419,38,62,271,48,206,7,14,150,35,213,31,48,121,13
S01006701,331,24,82,197,28,164,4,12,126,22,167,20,70,71,6
S01006702,402,29,92,252,29,213,6,21,158,28,189,23,71,94,1
S01006703,321,11,70,210,30,163,0,11,125,27,158,11,59,85,3
S01006704,272,15,57,179,21,140,3,11,110,16,132,12,46,69,5
S01006705,355,25,77,220,33,185,4,12,139,30,170,21,65,81,3
S01006706,321,16,67,211,27,171,7,5,135,24,150,9,62,76,3
S01006707,331,20,69,210,32,160,6,11,116,27,171,14,58,94,5
S01006708,383,21,77,250,35,200,5,19,145,31,183,16,58,105,4
S01006709,412,32,99,242,39,221,13,10,161,37,191,19,89,81,2
S01006710,447,22,93,291,41,226,4,16,172,34,221,18,77,119,7
S01006711,473,37,89,305,42,233,7,10,177,39,240,30,79,128,3
S01006712,251,12,48,169,22,129,4,6,99,20,122,8,42,70,2
S01006713,466,30,86,305,45,241,9,17,175,40,225,21,69,130,5
S01006714,342,16,77,227,22,183,5,20,138,20,159,11,57,89,2
S01006715,266,24,66,160,16,144,7,11,113,13,122,17,55,47,3
S01006716,317,30,75,190,22,162,7,11,124,20,155,23,64,66,2
S01006717,479,39,100,307,33,230,8,17,174,31,249,31,83,133,2
S01006718,310,19,70,178,43,163,2,19,109,33,147,17,51,69,10
S01006719,459,35,94,284,46,236,2,17,176,41,223,33,77,108,5
S01006720,311,19,63,202,27,172,3,7,139,23,139,16,56,63,4
S01006721,450,29,81,297,43,243,7,12,182,42,207,22,69,115,1
S01006722,372,33,67,236,36,193,9,10,143,31,179,24,57,93,5
S01006723,325,17,60,214,34,167,5,7,128,27,158,12,53,86,7
S01006724,402,32,114,226,30,205,6,17,156,26,197,26,97,70,4
S01006725,334,23,75,216,20,169,4,17,130,18,165,19,58,86,2
S01006726,615,46,156,351,62,328,12,44,215,57,287,34,112,136,5
S01006727,413,32,112,229,40,219,8,21,155,35,194,24,91,74,5
S01006728,367,23,81,229,34,175,7,8,133,27,192,16,73,96,7
S01006729,360,31,76,209,44,188,8,15,126,39,172,23,61,83,5
S01006730,389,22,85,240,42,201,3,19,143,36,188,19,66,97,6
S01006731,291,20,51,191,29,159,7,7,122,23,132,13,44,69,6
S01006732,542,53,106,292,91,297,9,30,179,79,245,44,76,113,12
S01006733,465,34,86,278,67,258,6,10,182,60,207,28,76,96,7
S01006734,527,41,83,323,80,295,13,13,201,68,232,28,70,122,12
S01006735,288,33,44,154,57,165,5,9,102,49,123,28,35,52,8
S01006736,653,47,119,404,83,326,10,12,236,68,327,37,107,168,15
S01006737,338,25,64,189,60,193,11,11,125,46,145,14,53,64,14
S01006738,577,15,68,400,94,333,9,15,230,79,244,6,53,170,15
S01006739,410,23,53,278,56,224,5,15,156,48,186,18,38,122,8
S01006740,392,18,74,257,43,212,8,12,157,35,180,10,62,100,8
S01006741,317,22,80,187,28,168,5,15,123,25,149,17,65,64,3
S01006742,208,8,50,131,19,112,2,10,85,15,96,6,40,46,4
S01006743,321,11,48,222,40,166,3,7,119,37,155,8,41,103,3
S01006744,384,18,73,241,52,201,3,15,141,42,183,15,58,100,10
S01006745,408,29,73,256,50,215,6,12,154,43,193,23,61,102,7
S01006746,426,23,99,257,47,207,3,13,152,39,219,20,86,105,8
S01006747,410,33,90,247,40,204,11,17,145,31,206,22,73,102,9
S01006748,482,30,85,305,62,282,12,15,200,55,200,18,70,105,7
S01006749,513,32,83,346,52,271,10,15,203,43,242,22,68,143,9
S01006750,354,22,69,218,45,194,5,9,142,38,160,17,60,76,7
S01006751,250,19,61,142,28,125,2,13,85,25,125,17,48,57,3
S01006752,347,20,74,211,42,173,6,10,122,35,174,14,64,89,7
S01006753,498,39,90,302,67,271,7,20,192,52,227,32,70,110,15
S01006754,493,41,82,297,73,273,14,16,186,57,220,27,66,111,16
S01006755,440,25,83,252,80,232,5,12,144,71,208,20,71,108,9
S01006756,431,16,38,294,83,250,5,5,171,69,181,11,33,123,14
S01006757,499,34,87,315,63,255,12,14,172,57,244,22,73,143,6
S01006758,459,38,73,281,67,243,17,3,167,56,216,21,70,114,11
S01006759,352,31,69,209,43,185,6,12,130,37,167,25,57,79,6
S01006760,327,15,56,226,30,159,3,10,121,25,168,12,46,105,5
S01006761,439,27,91,259,62,237,7,18,162,50,202,20,73,97,12
S01006762,384,23,79,230,52,208,3,14,148,43,176,20,65,82,9
S01006763,569,48,99,356,66,281,9,11,207,54,288,39,88,149,12
S01006764,543,35,97,353,58,294,8,17,221,48,249,27,80,132,10
S01006765,404,22,62,262,58,211,8,8,142,53,193,14,54,120,5
S01006766,385,28,78,214,65,202,7,14,128,53,183,21,64,86,12
S01006767,424,42,84,257,41,216,8,16,156,36,208,34,68,101,5
S01006768,381,49,69,202,61,202,11,12,124,55,179,38,57,78,6
S01006769,568,30,127,341,70,308,11,17,216,64,260,19,110,125,6
S01006770,397,34,87,226,50,206,5,13,141,47,191,29,74,85,3
S01006771,289,29,56,158,46,151,6,8,100,37,138,23,48,58,9
S01006772,545,32,99,352,62,298,7,21,211,59,247,25,78,141,3
S01006773,398,42,79,227,50,217,8,18,146,45,181,34,61,81,5
S01006774,420,31,107,234,48,221,7,19,151,44,199,24,88,83,4
S01006775,373,29,58,251,35,192,8,10,141,33,181,21,48,110,2
S01006776,249,13,53,149,34,131,2,9,87,33,118,11,44,62,1
S01006777,388,44,82,215,47,207,14,21,131,41,181,30,61,84,6
S01006778,368,22,78,221,47,202,3,15,139,45,166,19,63,82,2
S01006779,311,34,65,175,37,149,6,9,100,34,162,28,56,75,3
S01006780,316,31,57,190,38,172,8,12,119,33,144,23,45,71,5
S01006781,361,42,85,196,38,190,16,18,120,36,171,26,67,76,2
S01006782,452,28,68,295,61,249,9,6,184,50,203,19,62,111,11
S01006783,320,32,72,184,32,164,10,14,112,28,156,22,58,72,4
S01006784,375,37,43,244,51,205,12,9,144,40,170,25,34,100,11
S01006785,381,40,74,209,58,192,13,14,114,51,189,27,60,95,7
S01006786,482,40,98,274,70,273,13,19,179,62,209,27,79,95,8
S01006787,361,31,58,220,52,197,9,10,132,46,164,22,48,88,6
S01006788,476,29,84,300,63,264,7,12,192,53,212,22,72,108,10
S01006789,310,18,60,162,70,163,5,8,95,55,147,13,52,67,15
S01006790,403,50,80,192,81,210,15,15,113,67,193,35,65,79,14
S01006791,274,28,52,118,76,163,8,11,78,66,111,20,41,40,10
S01006792,268,26,53,140,49,146,9,13,85,39,122,17,40,55,10
S01006793,315,14,47,189,65,172,2,10,119,41,143,12,37,70,24
S01006794,271,17,55,161,38,143,1,8,101,33,128,16,47,60,5
S01006795,335,47,72,153,63,180,11,10,105,54,155,36,62,48,9
S01006796,280,19,63,157,41,155,5,13,99,38,125,14,50,58,3
S01006797,347,34,60,175,78,202,15,17,108,62,145,19,43,67,16
S01006798,354,37,66,162,89,194,6,16,94,78,160,31,50,68,11
S01006799,445,44,95,239,67,233,7,11,156,59,212,37,84,83,8
S01006800,434,57,78,208,91,254,16,17,141,80,180,41,61,67,11
S01006801,476,42,80,264,90,257,9,12,159,77,219,33,68,105,13
S01006802,350,29,69,182,70,196,6,10,123,57,154,23,59,59,13
S01006803,342,26,58,211,47,174,3,8,119,44,168,23,50,92,3
S01006804,408,25,65,265,53,225,8,10,167,40,183,17,55,98,13
S01006805,617,57,114,310,136,311,15,10,178,108,306,42,104,132,28
S01006806,580,36,85,351,108,320,10,11,216,83,260,26,74,135,25
S01006807,343,19,63,187,74,190,4,16,106,64,153,15,47,81,10
S01006808,326,34,56,160,76,183,5,11,101,66,143,29,45,59,10
S01006809,374,30,79,187,78,210,7,10,128,65,164,23,69,59,13
S01006810,441,36,85,244,76,252,11,23,158,60,189,25,62,86,16
S01006811,581,54,95,310,122,311,15,15,182,99,270,39,80,128,23
S01006812,441,31,67,251,92,259,6,11,167,75,182,25,56,84,17
S01006813,417,34,71,228,84,241,7,7,151,76,176,27,64,77,8
S01006814,417,32,81,233,71,225,11,11,142,61,192,21,70,91,10
S01006815,290,23,57,171,39,153,4,9,107,33,137,19,48,64,6
S01006816,372,26,71,204,71,199,4,15,126,54,173,22,56,78,17
S01006817,365,24,65,181,95,208,5,10,120,73,157,19,55,61,22
S01006818,414,27,63,250,74,225,6,8,147,64,189,21,55,103,10
S01006819,492,54,94,251,93,265,15,14,158,78,227,39,80,93,15
S01006820,257,26,32,160,39,131,3,7,92,29,126,23,25,68,10
S01006821,358,39,60,187,72,198,11,13,118,56,160,28,47,69,16
S01006822,451,39,92,220,100,250,7,14,138,91,201,32,78,82,9
S01006823,369,27,68,206,68,209,6,10,134,59,160,21,58,72,9
S01006824,414,16,99,246,53,216,3,14,152,47,198,13,85,94,6
S01006825,475,53,79,283,60,249,14,13,169,53,226,39,66,114,7
S01006826,492,48,109,263,72,271,17,22,166,66,221,31,87,97,6
S01006827,459,37,85,261,76,238,8,16,154,60,221,29,69,107,16
S01006828,504,32,77,313,82,279,7,16,187,69,225,25,61,126,13
S01006829,238,18,43,139,38,125,3,5,87,30,113,15,38,52,8
S01006830,403,49,76,230,48,201,11,13,134,43,202,38,63,96,5
S01006831,267,31,42,159,35,146,11,6,97,32,121,20,36,62,3
S01006832,526,47,108,284,87,286,17,26,171,72,240,30,82,113,15
S01006833,219,28,46,116,29,120,7,11,77,25,99,21,35,39,4
S01006834,305,32,56,177,40,166,8,7,113,38,139,24,49,64,2
S01006835,403,29,60,245,69,225,8,17,142,58,178,21,43,103,11
S01006836,295,22,61,155,57,163,5,7,100,51,132,17,54,55,6
S01006837,312,28,74,163,47,169,7,14,106,42,143,21,60,57,5
S01006838,370,33,66,224,47,200,7,8,140,45,170,26,58,84,2
S01006839,588,50,120,347,71,303,9,26,212,56,285,41,94,135,15
S01006840,559,69,111,287,92,288,15,18,175,80,271,54,93,112,12
S01006841,556,49,113,328,66,290,12,28,193,57,266,37,85,135,9
S01006842,497,41,101,290,65,269,15,16,180,58,228,26,85,110,7
S01006843,514,46,85,320,63,271,10,14,192,55,243,36,71,128,8
S01006844,454,35,64,291,64,250,13,9,175,53,204,22,55,116,11
S01006845,605,61,121,338,85,312,22,15,198,77,293,39,106,140,8
S01006846,345,26,67,209,43,190,8,15,131,36,155,18,52,78,7
S01006847,413,42,71,243,57,210,11,11,137,51,203,31,60,106,6
S01006848,486,35,90,238,123,295,7,27,160,101,191,28,63,78,22
S01006849,583,23,99,392,69,299,1,9,228,61,284,22,90,164,8
S01006850,602,30,129,372,71,293,6,21,201,65,309,24,108,171,6
S01006851,424,38,91,237,58,218,13,13,143,49,206,25,78,94,9
S01006852,339,28,66,179,66,178,6,13,101,58,161,22,53,78,8
S01006853,473,44,80,226,123,267,7,21,138,101,206,37,59,88,22
S01006854,434,30,93,242,69,234,8,19,146,61,200,22,74,96,8
S01006855,427,36,75,202,114,239,6,11,122,100,188,30,64,80,14
S01006856,373,32,61,200,80,197,6,8,117,66,176,26,53,83,14
S01006857,580,65,96,296,123,311,14,14,181,102,269,51,82,115,21
S01006858,354,27,62,183,82,192,4,7,114,67,162,23,55,69,15
S01006859,569,80,87,314,88,321,23,16,205,77,248,57,71,109,11
S01006860,291,31,55,174,31,147,8,12,99,28,144,23,43,75,3
S01006861,319,32,52,185,50,190,7,10,130,43,129,25,42,55,7
S01006862,365,37,85,191,52,192,7,16,122,47,173,30,69,69,5
S01006863,346,28,43,218,57,192,6,4,135,47,154,22,39,83,10
S01006864,230,18,35,139,38,129,3,3,88,35,101,15,32,51,3
S01006865,502,49,71,274,108,289,14,15,169,91,213,35,56,105,17
S01006866,255,39,65,117,34,143,10,16,86,31,112,29,49,31,3
S01006867,330,35,83,157,55,184,5,19,113,47,146,30,64,44,8
S01006868,443,41,86,249,67,252,7,18,171,56,191,34,68,78,11
S01006869,262,29,56,130,47,150,8,17,86,39,112,21,39,44,8
S01006870,243,39,55,115,34,134,10,16,78,30,109,29,39,37,4
S01006871,338,28,76,183,51,185,4,12,125,44,153,24,64,58,7
S01006872,373,43,71,187,72,208,10,12,124,62,165,33,59,63,10
S01006873,402,48,83,195,76,222,8,17,129,68,180,40,66,66,8
S01006874,336,33,60,166,77,187,6,11,111,59,149,27,49,55,18
S01006875,319,39,53,169,58,174,8,12,102,52,145,31,41,67,6
S01006876,538,49,101,278,110,294,13,18,168,95,244,36,83,110,15
S01006877,532,47,79,269,137,288,10,10,156,112,244,37,69,113,25
S01006878,380,30,62,179,109,216,2,16,114,84,164,28,46,65,25
S01006879,426,43,72,210,101,244,14,18,122,90,182,29,54,88,11
S01006880,353,21,81,192,59,189,5,9,126,49,164,16,72,66,10
S01006881,327,36,55,136,100,180,6,6,80,88,147,30,49,56,12
S01006882,179,12,40,100,27,91,2,1,63,25,88,10,39,37,2
S01006883,240,18,45,134,43,135,6,6,90,33,105,12,39,44,10
S01006884,458,48,90,241,79,256,14,18,154,70,202,34,72,87,9
S01006885,271,22,60,136,53,147,4,14,82,47,124,18,46,54,6
S01006886,406,27,88,210,81,214,4,19,122,69,192,23,69,88,12
S01006887,315,32,60,151,72,175,6,7,102,60,140,26,53,49,12
S01006888,437,43,78,230,86,236,4,16,145,71,201,39,62,85,15
S01006889,411,29,94,231,57,220,7,17,147,49,191,22,77,84,8
S01006890,359,31,69,193,66,200,7,10,124,59,159,24,59,69,7
S01006891,518,50,100,283,85,286,11,19,184,72,232,39,81,99,13
S01006892,329,23,61,202,43,172,4,15,113,40,157,19,46,89,3
S01006893,272,20,64,150,38,135,6,8,86,35,137,14,56,64,3
S01006894,477,37,96,293,51,261,12,18,187,44,216,25,78,106,7
S01006895,310,15,49,198,48,179,2,15,122,40,131,13,34,76,8
S01006896,447,25,97,287,38,236,9,15,179,33,211,16,82,108,5
S01006897,428,35,79,258,56,243,9,11,170,53,185,26,68,88,3
S01006898,430,35,83,261,51,228,10,14,161,43,202,25,69,100,8
S01006899,385,33,77,222,53,204,9,12,136,47,181,24,65,86,6
S01006900,373,26,68,230,49,200,2,10,145,43,173,24,58,85,6
S01006901,345,34,55,212,44,181,11,4,128,38,164,23,51,84,6
S01006902,371,37,75,195,64,203,9,15,120,59,168,28,60,75,5
S01006903,425,41,78,247,59,218,13,17,142,46,207,28,61,105,13
S01006904,361,33,64,209,55,188,7,7,125,49,173,26,57,84,6
S01006905,438,35,76,258,69,233,8,13,147,65,205,27,63,111,4
S01006906,385,32,82,230,41,196,6,15,139,36,189,26,67,91,5
S01006907,375,24,54,241,56,190,2,11,130,47,185,22,43,111,9
S01006908,446,31,71,276,68,240,6,17,159,58,206,25,54,117,10
S01006909,443,30,83,256,74,251,8,10,168,65,192,22,73,88,9
S01006910,526,44,91,272,119,289,8,19,170,92,237,36,72,102,27
S01006911,388,35,55,250,48,202,7,5,150,40,186,28,50,100,8
S01006912,273,22,38,142,71,151,3,7,81,60,122,19,31,61,11
S01006913,321,29,53,180,59,180,6,2,120,52,141,23,51,60,7
S01006914,452,50,90,218,94,256,14,24,138,80,196,36,66,80,14
S01006915,474,38,88,254,94,272,8,20,162,82,202,30,68,92,12
S01006916,297,25,54,167,51,158,4,4,106,44,139,21,50,61,7
S01006917,552,41,109,302,100,294,2,7,193,92,258,39,102,109,8
S01006918,259,21,53,141,44,135,4,6,88,37,124,17,47,53,7
S01006919,259,30,47,139,43,145,7,11,89,38,114,23,36,50,5
S01006920,263,15,47,158,43,138,6,6,90,36,125,9,41,68,7
S01006921,466,38,101,266,61,245,8,14,168,55,221,30,87,98,6
S01006922,269,22,56,139,52,153,3,10,93,47,116,19,46,46,5
S01006923,395,50,67,193,85,211,10,16,112,73,184,40,51,81,12
S01006924,338,32,51,174,81,194,9,15,109,61,144,23,36,65,20
S01006925,276,21,57,163,35,149,6,11,100,32,127,15,46,63,3
S01006926,426,36,79,259,52,231,9,11,162,49,195,27,68,97,3
S01006927,614,30,79,408,97,328,4,12,231,81,286,26,67,177,16
S01006928,623,43,122,332,126,337,8,17,200,112,286,35,105,132,14
S01006929,467,59,80,250,78,264,17,14,161,72,203,42,66,89,6
S01006930,529,58,91,299,81,283,14,14,186,69,246,44,77,113,12
S01006931,219,22,38,117,42,118,5,6,70,37,101,17,32,47,5
S01006932,339,35,67,181,56,175,8,10,109,48,164,27,57,72,8
S01006933,388,46,75,229,38,200,13,13,143,31,188,33,62,86,7
S01006934,313,18,47,179,69,178,5,8,102,63,135,13,39,77,6
S01006935,392,33,77,226,56,200,7,7,135,51,192,26,70,91,5
S01006936,339,22,75,200,42,175,6,14,122,33,164,16,61,78,9
S01006937,441,35,73,278,55,220,8,15,147,50,221,27,58,131,5
S01006938,300,23,69,175,33,151,10,8,103,30,149,13,61,72,3
S01006939,365,29,78,209,49,199,10,11,134,44,166,19,67,75,5
S01006940,551,61,94,340,56,296,20,22,208,46,255,41,72,132,10
S01006941,336,24,66,196,50,173,4,9,115,45,163,20,57,81,5
S01006942,606,56,127,327,96,317,9,15,207,86,289,47,112,120,10
S01006943,360,34,53,223,50,197,9,2,140,46,163,25,51,83,4
S01006944,537,27,89,342,79,280,5,8,197,70,257,22,81,145,9
S01006945,297,23,47,181,46,162,6,8,106,42,135,17,39,75,4
S01006946,490,34,72,301,83,261,9,13,166,73,229,25,59,135,10
S01006947,529,34,106,310,79,277,7,13,185,72,252,27,93,125,7
S01006948,481,34,83,288,76,257,5,19,170,63,224,29,64,118,13
S01006949,378,33,77,204,64,204,7,15,128,54,174,26,62,76,10
S01006950,330,16,53,203,58,168,0,5,114,49,162,16,48,89,9
S01006951,292,18,56,186,32,151,6,8,108,29,141,12,48,78,3
S01006952,473,40,91,244,98,274,7,26,154,87,199,33,65,90,11
S01006953,481,46,89,264,82,266,7,18,171,70,215,39,71,93,12
S01006954,491,32,112,270,77,263,8,15,172,68,228,24,97,98,9
S01006955,351,21,54,226,50,184,6,9,125,44,167,15,45,101,6
S01006956,653,39,128,387,99,348,13,20,226,89,305,26,108,161,10
S01006957,619,49,114,342,114,340,11,19,212,98,279,38,95,130,16
S01006958,444,34,84,251,75,244,12,13,159,60,200,22,71,92,15
S01006959,320,29,62,172,57,172,9,13,106,44,148,20,49,66,13
S01006960,556,50,109,298,99,298,10,11,187,90,258,40,98,111,9
S01006961,564,40,89,339,96,293,7,9,199,78,271,33,80,140,18
S01006962,482,40,72,300,70,264,6,13,187,58,218,34,59,113,12
S01006963,378,22,81,207,68,206,7,11,128,60,172,15,70,79,8
S01006964,484,31,72,302,79,275,10,12,192,61,209,21,60,110,18
S01006965,261,24,50,143,44,148,9,8,98,33,113,15,42,45,11
S01006966,324,36,75,189,24,149,10,12,107,20,175,26,63,82,4
S01006967,385,40,77,221,47,205,11,11,141,42,180,29,66,80,5
S01006968,308,28,69,172,39,160,9,12,104,35,148,19,57,68,4
S01006969,506,36,80,329,61,281,7,15,207,52,225,29,65,122,9
S01006970,413,30,81,222,80,219,3,10,134,72,194,27,71,88,8
S01006971,256,29,51,144,32,133,7,7,89,30,123,22,44,55,2
S01006972,309,27,67,149,66,173,7,11,96,59,136,20,56,53,7
S01006973,305,33,50,167,55,173,5,18,107,43,132,28,32,60,12
S01006974,594,44,122,326,102,321,11,18,206,86,273,33,104,120,16
S01006975,584,44,116,293,131,324,9,25,180,110,260,35,91,113,21
S01006976,276,22,51,150,53,156,4,14,96,42,120,18,37,54,11
S01006977,484,41,85,249,109,266,8,10,155,93,218,33,75,94,16
S01006978,471,36,64,276,95,272,7,11,174,80,199,29,53,102,15
S01006979,439,26,95,244,74,240,3,20,153,64,199,23,75,91,10
S01006980,483,41,78,272,92,267,8,12,175,72,216,33,66,97,20
S01006981,487,43,79,252,113,266,5,9,153,99,221,38,70,99,14
S01006982,509,43,90,296,80,268,8,8,185,67,241,35,82,111,13
S01006983,426,44,66,235,81,238,10,10,152,66,188,34,56,83,15
S01006984,425,28,75,238,84,239,5,19,151,64,186,23,56,87,20
S01006985,555,32,133,289,101,309,7,25,190,87,246,25,108,99,14
S01006986,364,30,59,228,47,196,2,7,144,43,168,28,52,84,4
S01006987,333,20,64,208,41,180,8,9,128,35,153,12,55,80,6
S01006988,345,25,65,193,62,181,5,11,108,57,164,20,54,85,5
S01006989,588,45,114,307,122,327,8,24,186,109,261,37,90,121,13
S01006990,519,33,73,309,104,276,3,8,181,84,243,30,65,128,20
S01006991,206,18,37,104,47,111,4,8,60,39,95,14,29,44,8
S01006992,356,27,55,198,76,208,4,11,130,63,148,23,44,68,13
S01006993,313,23,54,157,79,177,2,7,104,64,136,21,47,53,15
S01006994,349,32,59,182,76,204,8,13,115,68,145,24,46,67,8
S01006995,504,40,85,273,106,281,10,11,172,88,223,30,74,101,18
S01006996,427,33,88,227,79,229,5,6,150,68,198,28,82,77,11
S01006997,466,44,94,237,91,249,6,15,156,72,217,38,79,81,19
S01006998,643,50,115,355,123,347,9,15,212,111,296,41,100,143,12
S01006999,508,54,84,246,124,291,9,13,157,112,217,45,71,89,12
S01007000,505,49,90,272,94,274,8,10,171,85,231,41,80,101,9
S01007001,465,39,79,263,84,234,8,8,148,70,231,31,71,115,14
S01007002,302,19,62,155,66,160,4,12,91,53,142,15,50,64,13
S01007003,301,38,49,134,80,177,10,7,84,76,124,28,42,50,4
S01007004,411,38,63,209,101,228,7,11,120,90,183,31,52,89,11
S01007005,517,42,93,262,120,294,8,17,163,106,223,34,76,99,14
S01007006,453,45,84,226,98,263,5,19,154,85,190,40,65,72,13
S01007007,448,42,76,237,93,261,12,20,152,77,187,30,56,85,16
S01007008,506,44,99,288,75,262,10,13,175,64,244,34,86,113,11
S01007009,517,50,95,300,72,263,9,13,182,59,254,41,82,118,13
S01007010,355,21,70,212,52,179,5,10,123,41,176,16,60,89,11
S01007011,405,29,83,237,56,215,7,15,143,50,190,22,68,94,6
S01007012,302,23,83,164,32,147,5,12,103,27,155,18,71,61,5
S01007013,316,22,65,139,90,183,2,8,96,77,133,20,57,43,13
S01007014,578,52,104,278,144,327,12,17,174,124,251,40,87,104,20
S01007015,355,24,71,167,93,196,5,10,99,82,159,19,61,68,11
S01007016,350,34,51,170,95,209,7,12,111,79,141,27,39,59,16
S01007017,494,34,98,273,89,266,11,12,167,76,228,23,86,106,13
S01007018,478,57,83,242,96,253,5,8,155,85,225,52,75,87,11
S01007019,332,25,58,202,47,186,4,11,130,41,146,21,47,72,6
S01007020,385,30,47,217,91,211,6,1,129,75,174,24,46,88,16
S01007021,438,31,92,249,66,228,6,7,154,61,210,25,85,95,5
S01007022,217,23,59,100,35,111,7,5,66,33,106,16,54,34,2
S01007023,231,26,46,102,57,126,4,10,63,49,105,22,36,39,8
S01007024,519,51,109,230,129,275,7,19,137,112,244,44,90,93,17
S01007025,401,39,86,196,80,209,7,14,121,67,192,32,72,75,13
S01007026,386,40,67,181,98,216,8,11,117,80,170,32,56,64,18
S01007027,499,45,103,223,128,271,7,19,139,106,228,38,84,84,22
S01007028,386,48,80,165,93,218,11,21,106,80,168,37,59,59,13
S01007029,291,27,50,128,86,166,4,9,82,71,125,23,41,46,15
S01007030,395,43,88,191,73,220,6,20,129,65,175,37,68,62,8
S01007031,295,30,56,138,71,170,7,9,91,63,125,23,47,47,8
S01007032,437,34,79,233,91,244,13,15,142,74,193,21,64,91,17
S01007033,356,32,86,189,49,190,6,8,133,43,166,26,78,56,6
S01007034,302,30,77,154,41,163,9,22,97,35,139,21,55,57,6
S01007035,347,34,93,187,33,168,6,18,117,27,179,28,75,70,6
S01007036,433,38,82,222,91,232,12,12,130,78,201,26,70,92,13
S01007037,504,65,113,225,101,251,13,13,135,90,253,52,100,90,11
S01007038,392,33,66,224,69,219,8,21,133,57,173,25,45,91,12
S01007039,402,31,84,208,79,215,4,12,126,73,187,27,72,82,6
S01007040,299,22,71,161,45,151,4,10,98,39,148,18,61,63,6
S01007041,370,25,82,173,90,210,5,14,110,81,160,20,68,63,9
S01007042,344,33,66,167,78,196,5,7,115,69,148,28,59,52,9
S01007043,580,52,87,294,147,333,10,15,184,124,247,42,72,110,23
S01007044,310,37,63,115,95,171,9,13,61,88,139,28,50,54,7
S01007045,425,48,79,189,109,231,11,20,109,91,194,37,59,80,18
S01007046,322,25,58,171,68,183,5,14,104,60,139,20,44,67,8
S01007047,359,24,65,176,94,200,0,7,113,80,159,24,58,63,14
S01007048,505,29,96,239,141,305,8,19,159,119,200,21,77,80,22
S01007049,462,34,103,253,72,250,5,16,167,62,212,29,87,86,10
S01007050,318,29,55,161,73,178,6,11,100,61,140,23,44,61,12
S01007051,422,31,89,233,69,225,2,12,152,59,197,29,77,81,10
S01007052,303,28,56,169,50,170,5,9,110,46,133,23,47,59,4
S01007053,263,28,44,131,60,150,5,12,80,53,113,23,32,51,7
S01007054,475,51,93,242,89,259,7,16,162,74,216,44,77,80,15
S01007055,307,30,54,144,79,177,3,14,85,75,130,27,40,59,4
S01007056,352,33,51,188,80,206,6,12,120,68,146,27,39,68,12
S01007057,237,20,40,138,39,127,6,8,80,33,110,14,32,58,6
S01007058,257,21,53,144,39,136,3,10,91,32,121,18,43,53,7
S01007059,485,34,90,262,99,266,9,5,168,84,219,25,85,94,15
S01007060,280,23,80,133,44,137,6,8,81,42,143,17,72,52,2
S01007061,554,45,85,293,131,304,8,9,172,115,250,37,76,121,16
S01007062,405,36,78,184,107,228,6,20,116,86,177,30,58,68,21
S01007063,349,32,72,183,62,183,2,9,119,53,166,30,63,64,9
S01007064,379,42,58,193,86,205,3,13,122,67,174,39,45,71,19
S01007065,319,22,66,157,74,176,3,12,95,66,143,19,54,62,8
S01007066,370,34,72,174,90,219,12,18,113,76,151,22,54,61,14
S01007067,319,29,41,184,65,188,3,7,121,57,131,26,34,63,8
S01007068,359,24,65,202,68,194,5,9,120,60,165,19,56,82,8
S01007069,411,26,81,242,62,236,3,20,158,55,175,23,61,84,7
S01007070,264,22,38,148,56,142,5,6,79,52,122,17,32,69,4
S01007071,481,50,63,291,77,261,11,3,177,70,220,39,60,114,7
S01007072,381,24,81,194,82,205,4,10,117,74,176,20,71,77,8
S01007073,500,48,100,267,85,288,12,19,177,80,212,36,81,90,5
S01007074,362,30,87,196,49,185,4,8,127,46,177,26,79,69,3
S01007075,377,28,80,212,57,192,6,8,131,47,185,22,72,81,10
S01007076,414,40,98,204,72,224,5,19,136,64,190,35,79,68,8
S01007077,357,23,92,190,52,183,3,11,119,50,174,20,81,71,2
S01007078,394,40,98,197,59,205,12,11,127,55,189,28,87,70,4
S01007079,449,28,84,259,78,257,7,18,162,70,192,21,66,97,8
S01007080,349,24,76,201,48,182,3,7,127,45,167,21,69,74,3
S01007081,464,24,85,275,80,255,2,9,177,67,209,22,76,98,13
S01007082,275,24,53,153,45,137,4,6,89,38,138,20,47,64,7
S01007083,393,21,85,228,59,225,6,24,139,56,168,15,61,89,3
S01007084,290,24,62,153,51,152,8,13,88,43,138,16,49,65,8
S01007085,444,36,72,248,88,248,6,15,155,72,196,30,57,93,16
S01007086,570,33,119,330,88,308,7,28,199,74,262,26,91,131,14
S01007087,447,33,83,251,80,245,8,19,153,65,202,25,64,98,15
S01007088,228,13,46,123,46,121,5,10,69,37,107,8,36,54,9
S01007089,274,22,50,139,63,156,2,5,94,55,118,20,45,45,8
S01007090,332,16,56,186,74,189,0,5,117,67,143,16,51,69,7
S01007091,416,46,90,218,62,211,5,12,139,55,205,41,78,79,7
S01007092,289,31,67,145,46,138,5,2,86,45,151,26,65,59,1
S01007093,537,50,99,264,124,293,8,10,164,111,244,42,89,100,13
S01007094,484,52,114,216,102,267,8,20,143,96,217,44,94,73,6
S01007095,291,19,58,133,81,164,5,9,87,63,127,14,49,46,18
S01007096,464,35,85,250,94,258,2,7,165,84,206,33,78,85,10
S01007097,281,27,45,129,80,157,8,4,72,73,124,19,41,57,7
S01007098,447,38,75,224,110,246,4,14,130,98,201,34,61,94,12
S01007099,487,39,94,243,111,276,5,14,158,99,211,34,80,85,12
S01007100,389,16,80,199,94,223,4,7,131,81,166,12,73,68,13
S01007101,393,31,79,207,76,211,4,10,131,66,182,27,69,76,10
S01007102,367,39,53,194,81,202,6,6,120,70,165,33,47,74,11
S01007103,418,40,93,191,94,233,7,8,133,85,185,33,85,58,9
S01007104,240,27,39,120,54,134,3,6,80,45,106,24,33,40,9
S01007105,246,39,48,106,53,134,7,7,70,50,112,32,41,36,3
S01007106,333,32,62,160,79,186,9,11,97,69,147,23,51,63,10
S01007107,358,46,54,160,98,204,7,12,100,85,154,39,42,60,13
S01007108,301,16,59,132,94,168,4,6,75,83,133,12,53,57,11
S01007109,376,24,95,199,58,208,7,12,135,54,168,17,83,64,4
S01007110,369,35,78,186,70,196,4,11,116,65,173,31,67,70,5
S01007111,254,21,55,124,54,143,6,9,78,50,111,15,46,46,4
S01007112,284,33,58,139,54,163,10,13,91,49,121,23,45,48,5
S01007113,257,16,51,120,70,149,3,13,71,62,108,13,38,49,8
S01007114,454,46,97,219,92,249,9,7,147,86,205,37,90,72,6
S01007115,316,38,59,140,79,178,7,10,89,72,138,31,49,51,7
S01007116,533,69,101,222,141,299,10,12,143,134,234,59,89,79,7
S01007117,246,24,54,107,61,137,4,10,69,54,109,20,44,38,7
S01007118,334,29,74,188,43,167,4,6,121,36,167,25,68,67,7
S01007119,394,33,93,202,66,210,9,11,133,57,184,24,82,69,9
S01007120,539,34,95,330,80,290,7,11,202,70,249,27,84,128,10
S01007121,210,15,36,125,34,121,6,8,78,29,89,9,28,47,5
S01007122,299,19,59,155,66,159,3,7,90,59,140,16,52,65,7
S01007123,310,24,74,153,59,177,4,15,105,53,133,20,59,48,6
S01007124,473,37,86,275,75,261,8,7,180,66,212,29,79,95,9
S01007125,382,33,89,207,53,211,5,20,139,47,171,28,69,68,6
S01007126,407,32,59,255,61,207,5,7,141,54,200,27,52,114,7
S01007127,541,25,66,386,64,299,6,13,229,51,242,19,53,157,13
S01007128,355,42,76,188,49,187,8,8,130,41,168,34,68,58,8
S01007129,503,39,93,276,95,258,9,12,166,71,245,30,81,110,24
S01007130,312,16,71,193,32,156,7,14,110,25,156,9,57,83,7
S01007131,401,28,79,255,39,199,12,16,143,28,202,16,63,112,11
S01007132,362,32,84,202,44,178,11,18,111,38,184,21,66,91,6
S01007133,371,28,78,191,74,188,11,20,101,56,183,17,58,90,18
S01007134,391,20,82,210,79,202,9,11,116,66,189,11,71,94,13
S01007135,281,24,49,143,65,148,5,17,77,49,133,19,32,66,16
S01007136,280,22,49,142,67,142,7,6,76,53,138,15,43,66,14
S01007137,418,20,87,234,77,228,7,13,140,68,190,13,74,94,9
S01007138,320,21,66,177,56,165,3,17,106,39,155,18,49,71,17
S01007139,384,16,81,235,52,198,6,7,143,42,186,10,74,92,10
S01007140,496,36,117,258,85,265,10,33,151,71,231,26,84,107,14
S01007141,357,29,74,197,57,193,10,9,130,44,164,19,65,67,13
S01007142,305,32,59,171,43,156,10,13,94,39,149,22,46,77,4
S01007143,368,22,77,218,51,188,5,7,133,43,180,17,70,85,8
S01007144,372,26,77,199,70,196,7,17,119,53,176,19,60,80,17
S01007145,392,19,100,232,41,200,5,24,136,35,192,14,76,96,6
S01007146,329,25,82,190,32,169,9,16,120,24,160,16,66,70,8
S01007147,348,17,85,205,41,175,5,24,117,29,173,12,61,88,12
S01007148,272,19,67,156,30,135,5,13,94,23,137,14,54,62,7
S01007149,257,31,51,150,25,131,12,16,82,21,126,19,35,68,4
S01007150,280,36,57,149,38,158,15,17,95,31,122,21,40,54,7
S01007151,442,44,84,258,56,226,15,16,150,45,216,29,68,108,11
S01007152,266,20,51,157,38,132,8,9,88,27,134,12,42,69,11
S01007153,293,20,60,179,34,148,8,7,102,31,145,12,53,77,3
S01007154,328,19,66,196,47,160,8,13,105,34,168,11,53,91,13
S01007155,289,20,70,157,42,151,6,19,91,35,138,14,51,66,7
S01007156,358,28,68,223,39,192,8,15,136,33,166,20,53,87,6
S01007157,338,14,69,224,31,168,5,12,126,25,170,9,57,98,6
S01007158,503,24,113,296,70,268,9,30,173,56,235,15,83,123,14
S01007159,396,16,92,244,44,197,2,20,138,37,199,14,72,106,7
S01007160,356,18,99,210,29,174,7,21,124,22,182,11,78,86,7
S01007161,322,16,62,207,37,156,3,18,110,25,166,13,44,97,12
S01007162,237,9,56,147,25,115,2,9,86,18,122,7,47,61,7
S01007163,388,19,87,240,42,181,3,22,123,33,207,16,65,117,9
S01007164,260,25,57,149,29,119,6,9,81,23,141,19,48,68,6
S01007165,384,29,88,203,64,204,8,22,124,50,180,21,66,79,14
S01007166,303,19,68,177,39,161,6,16,108,31,142,13,52,69,8
S01007167,399,40,83,229,47,200,10,22,133,35,199,30,61,96,12
S01007168,500,50,112,283,55,260,20,25,173,42,240,30,87,110,13
S01007169,367,32,87,202,46,186,13,21,116,36,181,19,66,86,10
S01007170,352,30,77,178,67,188,7,20,101,60,164,23,57,77,7
S01007171,504,29,84,284,107,309,6,16,195,92,195,23,68,89,15
S01007172,362,28,57,208,69,202,5,9,126,62,160,23,48,82,7
S01007173,488,28,104,294,62,251,10,15,169,57,237,18,89,125,5
S01007174,423,39,92,226,66,224,10,13,146,55,199,29,79,80,11
S01007175,268,20,59,158,31,141,4,10,100,27,127,16,49,58,4
S01007176,319,23,80,191,25,176,5,17,133,21,143,18,63,58,4
S01007177,252,22,59,148,23,127,8,15,83,21,125,14,44,65,2
S01007178,453,37,96,274,46,226,10,23,154,39,227,27,73,120,7
S01007179,488,41,127,256,64,250,11,32,154,53,238,30,95,102,11
S01007180,309,27,75,170,37,155,5,16,100,34,154,22,59,70,3
S01007181,349,33,81,187,48,184,11,17,111,45,165,22,64,76,3
S01007182,501,29,99,306,67,250,3,18,168,61,251,26,81,138,6
S01007183,488,36,95,306,51,252,8,19,182,43,236,28,76,124,8
S01007184,485,25,87,329,44,236,5,14,178,39,249,20,73,151,5
S01007185,337,25,88,182,42,169,8,21,100,40,168,17,67,82,2
S01007186,256,24,66,135,31,128,9,15,82,22,128,15,51,53,9
S01007187,367,22,82,220,43,193,6,21,127,39,174,16,61,93,4
S01007188,321,24,59,198,40,171,5,13,121,32,150,19,46,77,8
S01007189,300,18,65,181,36,155,5,11,108,31,145,13,54,73,5
S01007190,346,32,79,198,37,184,10,14,127,33,162,22,65,71,4
S01007191,301,25,78,169,29,154,4,17,107,26,147,21,61,62,3
S01007192,269,19,81,151,18,133,7,14,97,15,136,12,67,54,3
S01007193,337,21,73,208,35,179,2,12,134,31,158,19,61,74,4
S01007194,223,17,72,111,23,107,4,13,70,20,116,13,59,41,3
S01007195,220,16,52,130,22,108,3,8,77,20,112,13,44,53,2
S01007196,315,26,65,195,29,163,7,11,118,27,152,19,54,77,2
S01007197,241,17,76,133,15,119,2,17,88,12,122,15,59,45,3
S01007198,211,11,60,116,24,105,4,11,68,22,106,7,49,48,2
S01007199,297,21,90,153,33,142,4,19,91,28,155,17,71,62,5
S01007200,440,17,109,282,32,224,3,13,177,31,216,14,96,105,1
S01007201,321,14,72,195,40,176,4,15,121,36,145,10,57,74,4
S01007202,333,22,69,208,34,181,4,16,133,28,152,18,53,75,6
S01007203,318,30,77,180,31,159,6,13,114,26,159,24,64,66,5
S01007204,511,51,105,276,79,265,9,20,174,62,246,42,85,102,17
S01007205,332,25,71,172,64,176,4,8,108,56,156,21,63,64,8
S01007206,179,12,39,106,22,98,2,8,68,20,81,10,31,38,2
S01007207,451,43,108,237,63,238,16,23,148,51,213,27,85,89,12
S01007208,438,25,89,266,58,236,5,25,156,50,202,20,64,110,8
S01007209,359,30,68,200,61,198,10,21,114,53,161,20,47,86,8
S01007210,372,19,97,219,37,198,6,30,131,31,174,13,67,88,6
S01007211,411,36,96,224,55,218,15,20,135,48,193,21,76,89,7
S01007212,275,18,64,161,32,150,9,14,97,30,125,9,50,64,2
S01007213,393,33,93,214,53,208,9,20,133,46,185,24,73,81,7
S01007214,321,21,54,203,43,159,5,13,106,35,162,16,41,97,8
S01007215,371,27,81,209,54,192,5,15,125,47,179,22,66,84,7
S01007216,349,24,81,193,51,187,5,18,122,42,162,19,63,71,9
S01007217,437,30,114,251,42,221,7,23,154,37,216,23,91,97,5
S01007218,429,44,89,234,62,244,16,23,151,54,185,28,66,83,8
S01007219,379,27,86,219,47,196,10,10,136,40,183,17,76,83,7
S01007220,337,40,77,189,31,179,9,14,129,27,158,31,63,60,4
S01007221,303,25,62,160,56,165,4,7,103,51,138,21,55,57,5
S01007222,389,32,76,236,45,213,3,14,156,40,176,29,62,80,5
S01007223,267,32,51,126,58,152,8,12,81,51,115,24,39,45,7
S01007224,274,25,64,144,41,143,8,9,93,33,131,17,55,51,8
S01007225,473,33,101,245,94,258,6,16,158,78,215,27,85,87,16
S01007226,424,44,75,220,85,237,11,19,134,73,187,33,56,86,12
S01007227,452,39,94,266,53,231,5,15,162,49,221,34,79,104,4
S01007228,324,22,66,161,75,182,7,15,91,69,142,15,51,70,6
S01007229,601,40,111,319,131,342,12,23,201,106,259,28,88,118,25
S01007230,314,15,62,204,33,166,0,11,127,28,148,15,51,77,5
S01007231,272,12,62,162,36,149,1,15,101,32,123,11,47,61,4
S01007232,300,13,79,186,22,152,7,13,114,18,148,6,66,72,4
S01007233,387,27,73,233,54,208,5,14,142,47,179,22,59,91,7
S01007234,270,19,67,151,33,136,8,6,93,29,134,11,61,58,4
S01007235,360,23,78,210,49,193,4,18,132,39,167,19,60,78,10
S01007236,312,14,64,184,50,163,3,8,109,43,149,11,56,75,7
S01007237,358,23,70,204,61,189,6,7,123,53,169,17,63,81,8
S01007238,459,37,85,279,58,236,11,14,165,46,223,26,71,114,12
S01007239,358,29,48,217,64,199,8,6,132,53,159,21,42,85,11
S01007240,291,19,51,156,65,163,3,15,89,56,128,16,36,67,9
S01007241,343,34,53,186,70,188,7,13,114,54,155,27,40,72,16
S01007242,466,46,92,273,55,233,13,24,152,44,233,33,68,121,11
S01007243,290,23,50,178,39,159,8,11,108,32,131,15,39,70,7
S01007244,352,31,65,193,63,189,9,16,112,52,163,22,49,81,11
S01007245,349,28,61,198,62,191,7,9,118,57,158,21,52,80,5
S01007246,304,11,51,180,62,172,2,10,107,53,132,9,41,73,9
S01007247,337,19,70,199,49,169,7,13,107,42,168,12,57,92,7
S01007248,354,29,81,185,59,192,10,17,116,49,162,19,64,69,10
S01007249,177,14,40,106,17,92,4,7,65,16,85,10,33,41,1
S01007250,456,25,86,281,64,235,4,12,163,56,221,21,74,118,8
S01007251,232,22,43,141,26,113,9,4,80,20,119,13,39,61,6
S01007252,399,32,85,226,56,223,7,23,147,46,176,25,62,79,10
S01007253,380,26,91,220,43,197,8,20,133,36,183,18,71,87,7
S01007254,343,27,73,214,29,172,3,21,122,26,171,24,52,92,3
S01007255,338,22,81,210,25,175,5,14,136,20,163,17,67,74,5
S01007256,391,27,68,256,40,203,5,15,148,35,188,22,53,108,5
S01007257,281,18,59,171,33,155,3,15,109,28,126,15,44,62,5
S01007258,381,40,75,217,49,200,9,21,131,39,181,31,54,86,10
S01007259,379,39,77,223,40,194,10,15,133,36,185,29,62,90,4
S01007260,409,34,91,238,46,208,5,17,146,40,201,29,74,92,6
S01007261,374,35,64,229,46,199,8,12,138,41,175,27,52,91,5
S01007262,343,25,77,211,30,171,5,6,133,27,172,20,71,78,3
S01007263,369,29,82,222,36,193,10,15,134,34,176,19,67,88,2
S01007264,350,26,67,220,37,194,12,6,143,33,156,14,61,77,4
S01007265,519,35,109,326,49,266,10,17,201,38,253,25,92,125,11
S01007266,367,18,83,221,45,196,5,12,140,39,171,13,71,81,6
S01007267,290,23,50,152,65,170,6,11,97,56,120,17,39,55,9
S01007268,312,19,64,166,63,170,5,11,101,53,142,14,53,65,10
S01007269,241,18,45,141,37,126,7,6,81,32,115,11,39,60,5
S01007270,264,16,41,136,71,141,2,6,72,61,123,14,35,64,10
S01007271,487,25,90,304,68,263,5,20,180,58,224,20,70,124,10
S01007272,360,20,73,229,38,183,3,10,136,34,177,17,63,93,4
S01007273,319,19,60,198,42,169,4,13,121,31,150,15,47,77,11
S01007274,390,29,69,243,49,207,9,15,142,41,183,20,54,101,8
S01007275,248,16,54,151,27,129,4,10,93,22,119,12,44,58,5
S01007276,387,31,77,234,45,206,5,19,141,41,181,26,58,93,4
S01007277,358,30,77,208,43,179,8,17,123,31,179,22,60,85,12
S01007278,262,18,63,134,47,136,3,8,85,40,126,15,55,49,7
S01007279,304,18,67,131,88,165,4,21,74,66,139,14,46,57,22
S01007280,281,21,62,130,68,161,6,18,79,58,120,15,44,51,10
S01007281,501,35,100,265,101,280,8,26,159,87,221,27,74,106,14
S01007282,295,22,51,141,81,164,4,9,83,68,131,18,42,58,13
S01007283,389,40,60,208,81,208,7,13,125,63,181,33,47,83,18
S01007284,406,37,98,183,88,199,8,22,105,64,207,29,76,78,24
S01007285,432,31,87,216,98,227,6,19,130,72,205,25,68,86,26
S01007286,490,31,91,263,105,257,6,15,159,77,233,25,76,104,28
S01007287,343,23,60,153,107,165,3,27,70,65,178,20,33,83,42
S01007288,302,23,60,135,84,160,4,12,86,58,142,19,48,49,26
S01007289,447,31,86,262,68,221,6,12,150,53,226,25,74,112,15
S01007290,359,25,90,190,54,176,7,19,114,36,183,18,71,76,18
S01007291,313,22,70,178,43,153,6,11,109,27,160,16,59,69,16
S01007292,423,30,100,248,45,224,6,18,161,39,199,24,82,87,6
S01007293,406,24,129,211,42,197,8,23,134,32,209,16,106,77,10
S01007294,477,39,105,261,72,243,12,12,165,54,234,27,93,96,18
S01007295,227,12,54,134,27,123,4,14,80,25,104,8,40,54,2
S01007296,319,14,49,197,59,178,3,15,115,45,141,11,34,82,14
S01007297,542,30,100,308,104,294,4,31,185,74,248,26,69,123,30
S01007298,279,23,74,142,40,143,9,18,81,35,136,14,56,61,5
S01007299,483,35,109,275,64,255,13,23,172,47,228,22,86,103,17
S01007300,250,13,76,113,48,138,5,19,77,37,112,8,57,36,11
S01007301,386,33,83,194,76,198,8,23,108,59,188,25,60,86,17
S01007302,318,34,77,165,42,163,17,17,94,35,155,17,60,71,7
S01007303,457,44,79,235,99,244,14,19,128,83,213,30,60,107,16
S01007304,326,30,74,143,79,172,6,20,85,61,154,24,54,58,18
S01007305,393,40,87,190,76,206,10,16,112,68,187,30,71,78,8
S01007306,367,24,90,195,58,185,8,13,118,46,182,16,77,77,12
S01007307,424,31,90,218,85,229,8,25,130,66,195,23,65,88,19
S01007308,412,30,63,240,79,218,10,20,131,57,194,20,43,109,22
S01007309,344,20,63,175,86,191,9,13,103,66,153,11,50,72,20
S01007310,349,37,71,170,71,188,12,14,107,55,161,25,57,63,16
S01007311,447,32,80,252,83,239,7,18,149,65,208,25,62,103,18
S01007312,344,29,73,182,60,176,4,25,99,48,168,25,48,83,12
S01007313,509,48,110,264,87,274,13,28,168,65,235,35,82,96,22
S01007314,371,14,85,212,60,194,4,17,131,42,177,10,68,81,18
S01007315,503,19,92,344,48,266,7,20,197,42,237,12,72,147,6
S01007316,392,25,58,264,45,191,5,9,145,32,201,20,49,119,13
S01007317,354,19,73,221,41,179,5,16,126,32,175,14,57,95,9
S01007318,295,17,60,188,30,143,3,9,109,22,152,14,51,79,8
S01007319,373,23,72,219,59,205,6,20,133,46,168,17,52,86,13
S01007320,373,36,73,183,81,198,11,20,102,65,175,25,53,81,16
S01007321,310,31,56,133,90,166,4,13,77,72,144,27,43,56,18
S01007322,363,20,64,199,80,203,6,18,104,75,160,14,46,95,5
S01007323,255,21,39,126,69,134,2,7,69,56,121,19,32,57,13
S01007324,168,24,40,70,34,81,5,10,40,26,87,19,30,30,8
S01007325,389,28,82,182,97,200,3,15,107,75,189,25,67,75,22
S01007326,385,21,73,197,94,209,3,8,122,76,176,18,65,75,18
S01007327,367,14,61,227,65,191,0,11,132,48,176,14,50,95,17
S01007328,417,26,95,245,51,216,6,24,149,37,201,20,71,96,14
S01007329,340,34,75,138,93,176,9,15,81,71,164,25,60,57,22
S01007330,339,32,78,138,91,176,3,16,82,75,163,29,62,56,16
S01007331,511,35,91,259,126,277,2,19,149,107,234,33,72,110,19
S01007332,239,25,44,93,77,131,5,10,51,65,108,20,34,42,12
S01007333,363,28,74,194,67,186,6,15,109,56,177,22,59,85,11
S01007334,275,19,83,152,21,143,4,20,101,18,132,15,63,51,3
S01007335,340,25,83,204,28,166,5,13,124,24,174,20,70,80,4
S01007336,227,14,49,131,33,142,7,18,87,30,85,7,31,44,3
S01007337,260,12,75,134,39,125,4,13,79,29,135,8,62,55,10
S01007338,362,29,93,197,43,185,5,16,126,38,177,24,77,71,5
S01007339,278,24,60,149,45,140,4,12,86,38,138,20,48,63,7
S01007340,183,16,40,104,23,95,3,17,58,17,88,13,23,46,6
S01007341,272,20,54,163,35,150,8,11,104,27,122,12,43,59,8
S01007342,369,33,104,169,63,191,9,34,97,51,178,24,70,72,12
S01007343,319,19,64,144,92,173,3,17,77,76,146,16,47,67,16
S01007344,184,12,38,106,28,95,5,10,62,18,89,7,28,44,10
S01007345,225,19,73,114,19,108,3,15,74,16,117,16,58,40,3
S01007346,215,10,55,129,21,113,5,17,75,16,102,5,38,54,5
S01007347,228,15,62,130,21,111,3,18,78,12,117,12,44,52,9
S01007348,244,25,70,140,9,127,9,16,94,8,117,16,54,46,1
S01007349,182,16,45,97,24,91,2,8,63,18,91,14,37,34,6
S01007350,243,19,63,133,28,130,9,25,74,22,113,10,38,59,6
S01007351,264,16,60,135,53,145,1,17,88,39,119,15,43,47,14
S01007352,243,15,42,124,62,149,6,14,79,50,94,9,28,45,12
S01007353,264,21,59,133,51,139,5,16,79,39,125,16,43,54,12
S01007354,313,17,77,175,44,166,7,18,104,37,147,10,59,71,7
S01007355,431,28,78,237,88,245,10,27,140,68,186,18,51,97,20
S01007356,289,29,70,151,39,151,13,22,86,30,138,16,48,65,9
S01007357,369,28,84,185,72,185,8,22,104,51,184,20,62,81,21
S01007358,506,21,105,298,82,286,6,22,195,63,220,15,83,103,19
S01007359,329,26,80,202,21,168,4,14,132,18,161,22,66,70,3
S01007360,220,20,43,122,35,114,4,10,72,28,106,16,33,50,7
S01007361,435,39,84,244,68,222,16,19,135,52,213,23,65,109,16
S01007362,326,26,64,199,37,167,8,13,120,26,159,18,51,79,11
S01007363,253,12,62,149,30,128,2,15,84,27,125,10,47,65,3
S01007364,343,24,90,202,27,154,3,15,115,21,189,21,75,87,6
S01007365,202,17,48,113,24,97,2,7,70,18,105,15,41,43,6
S01007366,149,11,42,81,15,78,4,12,47,15,71,7,30,34,0
S01007367,250,13,70,143,24,124,2,18,86,18,126,11,52,57,6
S01007368,200,24,45,117,14,93,9,10,62,12,107,15,35,55,2
S01007369,360,33,77,213,37,190,7,17,134,32,170,26,60,79,5
S01007370,378,23,90,218,47,191,7,24,119,41,187,16,66,99,6
S01007371,335,27,80,184,44,161,5,19,101,36,174,22,61,83,8
S01007372,365,27,87,190,61,196,10,23,116,47,169,17,64,74,14
S01007373,259,17,62,136,44,148,3,15,89,41,111,14,47,47,3
S01007374,269,15,54,164,36,140,5,15,95,25,129,10,39,69,11
S01007375,204,13,37,119,35,112,6,10,66,30,92,7,27,53,5
S01007376,360,21,83,218,38,172,7,15,123,27,188,14,68,95,11
S01007377,339,25,68,197,49,185,7,25,119,34,154,18,43,78,15
S01007378,1164,23,60,878,203,1002,11,20,778,193,162,12,40,100,10
S01007379,208,12,39,130,27,110,2,5,80,23,98,10,34,50,4
S01007380,290,16,54,193,27,154,3,14,116,21,136,13,40,77,6
S01007381,197,19,36,110,32,106,3,7,67,29,91,16,29,43,3
S01007382,325,28,61,187,49,175,4,14,118,39,150,24,47,69,10
S01007383,346,23,60,205,58,191,5,13,121,52,155,18,47,84,6
S01007384,384,22,91,213,58,200,6,18,124,52,184,16,73,89,6
S01007385,362,27,67,210,58,188,13,12,113,50,174,14,55,97,8
S01007386,354,38,77,167,72,185,12,16,101,56,169,26,61,66,16
S01007387,365,30,74,187,74,203,10,20,115,58,162,20,54,72,16
S01007388,342,32,66,209,35,171,10,11,123,27,171,22,55,86,8
S01007389,258,9,53,165,31,155,3,9,113,30,103,6,44,52,1
S01007390,258,18,75,125,40,130,4,17,76,33,128,14,58,49,7
S01007391,282,26,53,169,34,153,5,13,109,26,129,21,40,60,8
S01007392,203,9,38,129,27,112,3,7,76,26,91,6,31,53,1
S01007393,247,24,48,122,53,129,5,11,70,43,118,19,37,52,10
S01007394,242,21,53,131,37,127,8,13,75,31,115,13,40,56,6
S01007395,388,19,60,261,48,223,9,16,161,37,165,10,44,100,11
S01007396,377,24,78,231,44,192,10,24,121,37,185,14,54,110,7
S01007397,435,35,90,244,66,242,10,21,162,49,193,25,69,82,17
S01007398,287,19,85,166,17,126,3,11,96,16,161,16,74,70,1
S01007399,249,10,81,141,17,126,3,23,85,15,123,7,58,56,2
S01007400,330,32,71,182,45,162,8,17,101,36,168,24,54,81,9
S01007401,349,34,61,205,49,181,9,13,123,36,168,25,48,82,13
S01007402,310,27,65,189,29,159,5,15,116,23,151,22,50,73,6
S01007403,408,35,82,221,70,233,3,10,156,64,175,32,72,65,6
S01007404,223,12,37,113,61,129,3,12,69,45,94,9,25,44,16
S01007405,356,21,61,199,75,186,7,10,106,63,170,14,51,93,12
S01007406,293,20,64,171,38,150,4,15,101,30,143,16,49,70,8
S01007407,340,26,62,206,46,181,5,9,128,39,159,21,53,78,7
S01007408,281,16,68,176,21,137,4,13,100,20,144,12,55,76,1
S01007409,373,21,72,250,30,198,7,13,151,27,175,14,59,99,3
S01007410,258,17,58,167,16,138,4,14,105,15,120,13,44,62,1
S01007411,346,16,74,222,34,172,2,15,127,28,174,14,59,95,6
S01007412,206,5,36,141,24,113,4,8,81,20,93,1,28,60,4
S01007413,528,27,86,343,72,264,6,9,198,51,264,21,77,145,21
S01007414,398,24,81,235,58,207,4,15,142,46,191,20,66,93,12
S01007415,367,10,86,244,27,185,1,12,149,23,182,9,74,95,4
S01007416,197,6,59,117,15,97,1,13,69,14,100,5,46,48,1
S01007417,549,24,88,369,68,284,10,15,206,53,265,14,73,163,15
S01007418,297,13,77,185,22,147,1,15,112,19,150,12,62,73,3
S01007419,360,16,91,228,25,190,5,24,140,21,170,11,67,88,4
S01007420,563,49,104,343,67,359,28,44,230,57,204,21,60,113,10
S01007421,351,13,67,230,41,185,1,11,136,37,166,12,56,94,4
S01007422,278,12,60,173,33,141,3,9,104,25,137,9,51,69,8
S01007423,409,15,73,273,48,213,7,9,161,36,196,8,64,112,12
S01007424,405,21,93,248,43,209,7,20,146,36,196,14,73,102,7
S01007425,421,23,107,253,38,219,12,19,157,31,202,11,88,96,7
S01007426,289,20,58,187,24,150,4,10,116,20,139,16,48,71,4
S01007427,265,18,61,161,25,125,8,8,89,20,140,10,53,72,5
S01007428,415,24,94,272,25,216,9,23,162,22,199,15,71,110,3
S01007429,383,19,78,241,45,194,7,17,135,35,189,12,61,106,10
S01007430,220,23,44,127,26,111,10,12,68,21,109,13,32,59,5
S01007431,300,21,61,194,24,147,4,13,110,20,153,17,48,84,4
S01007432,390,29,75,236,50,202,3,17,143,39,188,26,58,93,11
S01007433,365,26,73,205,61,194,7,13,122,52,171,19,60,83,9
S01007434,221,16,52,136,17,121,3,15,87,16,100,13,37,49,1
S01007435,341,15,69,227,30,170,3,19,128,20,171,12,50,99,10
S01007436,298,22,73,181,22,145,6,18,107,14,153,16,55,74,8
S01007437,201,21,40,122,18,113,9,8,81,15,88,12,32,41,3
S01007438,304,13,51,209,31,174,4,11,130,29,130,9,40,79,2
S01007439,325,20,59,216,30,178,5,11,134,28,147,15,48,82,2
S01007440,306,17,66,199,24,161,4,19,117,21,145,13,47,82,3
S01007441,290,17,54,193,26,142,4,7,110,21,148,13,47,83,5
S01007442,249,16,48,144,41,130,3,10,86,31,119,13,38,58,10
S01007443,350,29,68,189,64,185,6,10,115,54,165,23,58,74,10
S01007444,408,31,82,209,86,213,8,13,124,68,195,23,69,85,18
S01007445,287,19,65,159,44,149,5,10,97,37,138,14,55,62,7
S01007446,249,18,52,119,60,123,5,10,64,44,126,13,42,55,16
S01007447,236,23,51,118,44,133,7,10,80,36,103,16,41,38,8
S01007448,422,29,80,246,67,230,6,16,151,57,192,23,64,95,10
S01007449,440,23,103,275,39,222,6,17,171,28,218,17,86,104,11
S01007450,300,21,81,169,29,155,7,18,108,22,145,14,63,61,7
S01007451,304,21,68,189,26,147,6,6,114,21,157,15,62,75,5
S01007452,215,10,42,126,37,112,1,7,74,30,103,9,35,52,7
S01007453,345,13,54,222,56,179,4,8,124,43,166,9,46,98,13
S01007454,251,16,50,156,29,128,4,9,93,22,123,12,41,63,7
S01007455,365,24,74,233,34,186,5,12,137,32,179,19,62,96,2
S01007456,367,24,90,223,30,171,3,19,123,26,196,21,71,100,4
S01007457,479,18,87,329,45,246,4,13,193,36,233,14,74,136,9
S01007458,278,16,60,192,10,139,5,11,114,9,139,11,49,78,1
S01007459,292,15,64,184,29,146,5,14,103,24,146,10,50,81,5
S01007460,325,18,62,221,24,170,5,16,128,21,155,13,46,93,3
S01007461,253,16,67,147,23,120,3,17,79,21,133,13,50,68,2
S01007462,431,18,71,302,40,217,3,17,163,34,214,15,54,139,6
S01007463,324,17,90,193,24,168,3,21,125,19,156,14,69,68,5
S01007464,242,16,48,157,21,130,0,13,98,19,112,16,35,59,2
S01007465,233,11,69,138,15,122,1,14,93,14,111,10,55,45,1
S01007466,403,26,93,247,37,201,10,15,146,30,202,16,78,101,7
S01007467,429,26,92,271,40,218,6,23,161,28,211,20,69,110,12
S01007468,410,20,77,263,50,219,6,21,156,36,191,14,56,107,14
S01007469,278,12,67,180,19,140,1,13,109,17,138,11,54,71,2
S01007470,271,14,61,165,31,143,3,12,105,23,128,11,49,60,8
S01007471,250,17,57,156,20,128,6,11,94,17,122,11,46,62,3
S01007472,223,10,55,138,20,114,2,11,83,18,109,8,44,55,2
S01007473,207,12,45,138,12,101,4,9,77,11,106,8,36,61,1
S01007474,296,21,70,179,26,146,3,11,110,22,150,18,59,69,4
S01007475,313,18,62,202,31,152,5,6,115,26,161,13,56,87,5
S01007476,292,23,57,181,31,143,4,9,105,25,149,19,48,76,6
S01007477,273,12,44,187,30,140,2,8,109,21,133,10,36,78,9
S01007478,444,23,72,301,48,229,8,16,170,35,215,15,56,131,13
S01007479,307,12,58,210,27,153,3,5,127,18,154,9,53,83,9
S01007480,453,18,84,311,40,235,2,13,188,32,218,16,71,123,8
S01007481,345,24,84,186,51,180,5,20,111,44,165,19,64,75,7
S01007482,183,13,48,94,28,93,4,12,54,23,90,9,36,40,5
S01007483,368,23,103,190,52,191,5,19,120,47,177,18,84,70,5
S01007484,228,14,55,129,30,127,3,12,85,27,101,11,43,44,3
S01007485,167,18,58,80,11,74,2,11,52,9,93,16,47,28,2
S01007486,142,15,61,52,14,63,4,10,36,13,79,11,51,16,1
S01007487,382,22,97,224,39,202,4,23,145,30,180,18,74,79,9
S01007488,488,25,116,274,73,250,9,21,164,56,238,16,95,110,17
S01007489,393,45,101,205,42,192,8,13,135,36,201,37,88,70,6
S01007490,360,26,113,186,35,186,5,28,123,30,174,21,85,63,5
S01007491,510,33,143,276,58,243,7,28,162,46,267,26,115,114,12
S01007492,330,23,93,178,36,160,6,14,110,30,170,17,79,68,6
S01007493,396,26,107,223,40,199,5,16,147,31,197,21,91,76,9
S01007494,240,18,49,97,76,130,6,9,52,63,110,12,40,45,13
S01007495,433,39,99,190,105,232,8,13,119,92,201,31,86,71,13
S01007496,448,32,120,208,88,239,8,26,130,75,209,24,94,78,13
S01007497,259,17,61,129,52,151,5,16,86,44,108,12,45,43,8
S01007498,362,22,87,192,61,198,9,19,119,51,164,13,68,73,10
S01007499,410,29,92,196,93,226,3,23,126,74,184,26,69,70,19
S01007500,238,19,50,107,62,129,2,12,62,53,109,17,38,45,9
S01007501,265,24,61,94,86,138,9,13,48,68,127,15,48,46,18
S01007502,248,23,61,112,52,140,9,15,70,46,108,14,46,42,6
S01007503,439,37,92,206,104,233,2,18,127,86,206,35,74,79,18
S01007504,326,33,75,139,79,175,7,17,92,59,151,26,58,47,20
S01007505,208,20,36,98,54,113,7,9,53,44,95,13,27,45,10
S01007506,225,10,48,91,76,124,1,10,56,57,101,9,38,35,19
S01007507,399,26,98,211,64,211,5,17,136,53,188,21,81,75,11
S01007508,332,33,75,148,76,181,5,24,91,61,151,28,51,57,15
S01007509,289,29,69,114,77,152,12,17,61,62,137,17,52,53,15
S01007510,389,42,111,166,70,216,7,36,111,62,173,35,75,55,8
S01007511,303,24,86,137,56,163,5,26,86,46,140,19,60,51,10
S01007512,229,25,54,91,59,124,3,11,62,48,105,22,43,29,11
S01007513,449,37,116,245,51,227,9,23,153,42,222,28,93,92,9
S01007514,256,16,59,133,48,140,4,15,81,40,116,12,44,52,8
S01007515,237,16,56,125,40,122,2,12,78,30,115,14,44,47,10
S01007516,270,24,67,156,23,136,5,9,101,21,134,19,58,55,2
S01007517,174,16,39,98,21,91,5,10,62,14,83,11,29,36,7
S01007518,362,20,92,217,33,195,9,18,143,25,167,11,74,74,8
S01007519,196,11,41,92,52,107,2,11,57,37,89,9,30,35,15
S01007520,399,29,86,189,95,231,9,18,119,85,168,20,68,70,10
S01007521,220,25,38,98,59,116,2,6,61,47,104,23,32,37,12
S01007522,402,29,109,216,48,203,10,22,135,36,199,19,87,81,12
S01007523,254,26,59,109,60,134,9,15,61,49,120,17,44,48,11
S01007524,470,28,106,231,105,242,8,17,134,83,228,20,89,97,22
S01007525,234,12,58,129,35,127,3,15,82,27,107,9,43,47,8
S01007526,285,30,68,144,43,145,5,22,83,35,140,25,46,61,8
S01007527,365,34,100,196,35,199,12,25,133,29,166,22,75,63,6
S01007528,363,25,101,190,47,190,9,22,120,39,173,16,79,70,8
S01007529,274,21,68,140,45,139,8,13,82,36,135,13,55,58,9
S01007530,262,24,59,121,58,145,6,13,77,49,117,18,46,44,9
S01007531,327,24,73,152,78,170,3,16,90,61,157,21,57,62,17
S01007532,284,17,69,126,72,151,4,11,77,59,133,13,58,49,13
S01007533,275,15,65,128,67,143,3,12,74,54,132,12,53,54,13
S01007534,412,31,104,212,65,214,15,12,137,50,198,16,92,75,15
S01007535,449,36,133,224,56,210,3,26,137,44,239,33,107,87,12
S01007536,450,25,117,258,50,233,6,22,162,43,217,19,95,96,7
S01007537,440,32,97,255,56,210,7,18,141,44,230,25,79,114,12
S01007538,448,42,104,194,108,228,13,19,101,95,220,29,85,93,13
S01007539,278,23,61,168,26,142,11,10,100,21,136,12,51,68,5
S01007540,357,28,93,194,42,177,3,21,122,31,180,25,72,72,11
S01007541,329,26,79,185,39,180,8,11,128,33,149,18,68,57,6
S01007542,405,33,96,228,48,199,5,13,140,41,206,28,83,88,7
S01007543,516,47,146,276,47,253,8,28,176,41,263,39,118,100,6
S01007544,410,32,89,172,117,217,4,25,102,86,193,28,64,70,31
S01007545,382,47,78,177,80,194,11,16,102,65,188,36,62,75,15
S01007546,284,21,71,129,63,145,9,10,70,56,139,12,61,59,7
S01007547,302,15,60,144,83,171,3,21,80,67,131,12,39,64,16
S01007548,333,29,87,161,56,170,5,19,100,46,163,24,68,61,10
S01007549,247,16,68,112,51,119,6,12,62,39,128,10,56,50,12
S01007550,361,41,85,159,76,198,10,24,108,56,163,31,61,51,20
S01007551,433,42,95,197,99,224,11,28,110,75,209,31,67,87,24
S01007552,384,30,84,204,66,195,7,7,123,58,189,23,77,81,8
S01007553,316,19,78,183,36,164,2,10,119,33,152,17,68,64,3
S01007554,133,5,25,81,22,74,1,5,47,21,59,4,20,34,1
S01007555,237,19,37,130,51,138,3,6,85,44,99,16,31,45,7
S01007556,201,20,43,103,35,98,3,3,59,33,103,17,40,44,2
S01007557,457,50,103,240,64,230,4,13,152,61,227,46,90,88,3
S01007558,189,16,38,88,47,104,6,8,50,40,85,10,30,38,7
S01007559,382,35,82,175,90,205,7,18,107,73,177,28,64,68,17
S01007560,410,28,118,197,67,220,11,29,127,53,190,17,89,70,14
S01007561,279,25,77,149,28,139,7,18,90,24,140,18,59,59,4
S01007562,394,34,94,194,72,204,8,19,115,62,190,26,75,79,10
S01007563,392,40,105,194,53,200,11,28,112,49,192,29,77,82,4
S01007564,379,47,98,142,92,200,18,27,82,73,179,29,71,60,19
S01007565,446,27,104,242,73,229,7,25,139,58,217,20,79,103,15
S01007566,349,18,77,171,83,192,6,10,107,69,157,12,67,64,14
S01007567,318,26,80,145,67,172,8,19,86,59,146,18,61,59,8
S01007568,342,29,73,182,58,181,9,17,114,41,161,20,56,68,17
S01007569,395,27,86,201,81,223,9,21,126,67,172,18,65,75,14
S01007570,340,20,75,194,51,170,4,17,110,39,170,16,58,84,12
S01007571,287,28,66,135,58,157,8,11,85,53,130,20,55,50,5
S01007572,421,27,109,240,45,215,3,23,152,37,206,24,86,88,8
S01007573,534,18,112,347,57,267,4,9,209,45,267,14,103,138,12
S01007574,465,42,132,259,32,221,6,31,156,28,244,36,101,103,4
S01007575,336,34,86,196,20,169,6,22,124,17,167,28,64,72,3
S01007576,228,17,80,117,14,113,4,25,70,14,115,13,55,47,0
S01007577,251,21,69,145,16,117,4,11,91,11,134,17,58,54,5
S01007578,278,19,79,161,19,148,4,13,115,16,130,15,66,46,3
S01007579,281,24,81,160,16,120,6,15,86,13,161,18,66,74,3
S01007580,334,30,88,187,29,173,9,25,111,28,161,21,63,76,1
S01007581,218,12,71,117,18,111,5,13,77,16,107,7,58,40,2
S01007582,300,19,80,182,19,150,3,16,113,18,150,16,64,69,1
S01007583,416,30,130,228,28,185,6,25,131,23,231,24,105,97,5
S01007584,292,31,78,152,31,156,7,22,100,27,136,24,56,52,4
S01007585,409,32,93,251,33,209,4,27,149,29,200,28,66,102,4
S01007586,373,27,122,205,19,181,7,21,139,14,192,20,101,66,5
S01007587,324,21,72,186,45,165,4,16,106,39,159,17,56,80,6
S01007588,399,43,88,213,55,200,14,16,132,38,199,29,72,81,17
S01007589,422,27,92,261,42,225,10,21,162,32,197,17,71,99,10
S01007590,284,17,56,176,35,137,5,14,91,27,147,12,42,85,8
S01007591,318,24,70,205,19,168,2,18,129,19,150,22,52,76,0
S01007592,328,26,93,177,32,163,10,16,111,26,165,16,77,66,6
S01007593,497,39,127,279,52,238,8,28,162,40,259,31,99,117,12
S01007594,434,40,97,242,55,216,9,25,138,44,218,31,72,104,11
S01007595,561,39,110,320,92,292,8,30,184,70,269,31,80,136,22
S01007596,239,15,62,104,58,124,5,16,62,41,115,10,46,42,17
S01007597,327,19,71,176,61,181,9,11,105,56,146,10,60,71,5
S01007598,332,24,81,176,51,153,2,18,89,44,179,22,63,87,7
S01007599,429,31,128,237,33,220,12,31,146,31,209,19,97,91,2
S01007600,517,31,100,300,86,261,8,16,169,68,256,23,84,131,18
S01007601,401,16,98,241,46,201,3,18,140,40,200,13,80,101,6
S01007602,367,20,100,212,35,182,7,15,133,27,185,13,85,79,8
S01007603,484,38,111,295,40,246,11,21,178,36,238,27,90,117,4
S01007604,456,29,110,278,39,227,8,26,158,35,229,21,84,120,4
S01007605,457,32,102,284,39,230,13,18,166,33,227,19,84,118,6
S01007606,309,21,68,191,29,163,6,13,126,18,146,15,55,65,11
S01007607,388,24,88,238,38,195,8,19,139,29,193,16,69,99,9
S01007608,406,31,89,247,39,205,14,20,139,32,201,17,69,108,7
S01007609,424,31,121,236,36,200,11,25,134,30,224,20,96,102,6
S01007610,217,16,55,127,19,101,4,9,72,16,116,12,46,55,3
S01007611,386,27,87,248,24,199,9,22,152,16,187,18,65,96,8
S01007612,530,41,129,303,57,290,14,34,194,48,240,27,95,109,9
S01007613,392,29,77,234,52,209,3,25,138,43,183,26,52,96,9
S01007614,423,39,100,228,56,214,6,24,142,42,209,33,76,86,14
S01007615,530,34,123,309,64,254,7,25,175,47,276,27,98,134,17
S01007616,367,19,86,225,37,168,3,19,120,26,199,16,67,105,11
S01007617,249,19,77,126,27,120,3,15,78,24,129,16,62,48,3
S01007618,263,21,80,140,22,131,2,16,94,19,132,19,64,46,3
S01007619,297,15,95,160,27,146,1,18,104,23,151,14,77,56,4
S01007620,314,14,70,194,36,153,2,14,110,27,161,12,56,84,9
S01007621,328,20,79,204,25,165,6,13,124,22,163,14,66,80,3
S01007622,275,13,78,149,35,145,4,14,94,33,130,9,64,55,2
S01007623,319,24,70,188,37,158,5,11,111,31,161,19,59,77,6
S01007624,394,27,100,234,33,208,12,16,151,29,186,15,84,83,4
S01007625,278,17,56,170,35,137,4,8,99,26,141,13,48,71,9
S01007626,397,20,87,247,43,200,2,9,151,38,197,18,78,96,5
S01007627,295,17,62,169,47,155,6,12,100,37,140,11,50,69,10
S01007628,330,21,73,194,42,166,7,17,109,33,164,14,56,85,9
S01007629,359,22,80,201,56,192,4,16,122,50,167,18,64,79,6
S01007630,463,31,98,240,94,245,3,21,137,84,218,28,77,103,10
S01007631,311,26,77,151,57,170,5,24,94,47,141,21,53,57,10
S01007632,462,30,99,275,58,233,8,9,165,51,229,22,90,110,7
S01007633,454,30,108,263,53,240,12,18,167,43,214,18,90,96,10
S01007634,290,22,63,158,47,164,5,14,102,43,126,17,49,56,4
S01007635,268,28,55,141,44,140,5,6,91,38,128,23,49,50,6
S01007636,360,21,75,198,66,188,4,22,113,49,172,17,53,85,17
S01007637,404,28,84,233,59,209,4,10,142,53,195,24,74,91,6
S01007638,361,24,77,219,41,190,4,15,139,32,171,20,62,80,9
S01007639,512,38,117,300,57,258,5,19,183,51,254,33,98,117,6
S01007640,362,26,65,179,92,203,4,20,104,75,159,22,45,75,17
S01007641,404,31,110,193,70,214,12,20,123,59,190,19,90,70,11
S01007642,361,32,76,164,89,198,13,14,102,69,163,19,62,62,20
S01007643,430,39,101,216,74,210,8,24,121,57,220,31,77,95,17
S01007644,344,27,102,156,59,176,5,23,98,50,168,22,79,58,9
S01007645,270,22,53,135,60,151,11,9,83,48,119,11,44,52,12
S01007646,295,27,47,140,81,165,8,11,84,62,130,19,36,56,19
S01007647,335,24,63,201,47,171,5,10,118,38,164,19,53,83,9
S01007648,436,33,91,270,42,226,6,23,163,34,210,27,68,107,8
S01007649,379,29,82,217,51,206,3,14,145,44,173,26,68,72,7
S01007650,486,55,89,239,103,263,10,22,144,87,223,45,67,95,16
S01007651,307,18,65,146,78,161,7,9,78,67,146,11,56,68,11
S01007652,251,14,58,125,54,124,4,10,65,45,127,10,48,60,9
S01007653,465,36,102,242,85,235,10,17,138,70,230,26,85,104,15
S01007654,502,37,118,266,81,267,6,19,171,71,235,31,99,95,10
S01007655,396,30,78,164,124,224,5,15,106,98,172,25,63,58,26
S01007656,409,30,79,216,84,226,4,17,139,66,183,26,62,77,18
S01007657,238,13,51,114,60,122,1,8,62,51,116,12,43,52,9
S01007658,245,11,59,131,44,120,1,13,73,33,125,10,46,58,11
S01007659,359,23,90,177,69,191,2,15,116,58,168,21,75,61,11
S01007660,393,26,94,238,35,203,2,22,148,31,190,24,72,90,4
S01007661,327,27,83,174,43,168,9,22,107,30,159,18,61,67,13
S01007662,382,27,89,226,40,187,5,18,130,34,195,22,71,96,6
S01007663,396,32,98,221,45,208,6,19,145,38,188,26,79,76,7
S01007664,267,22,67,155,23,127,5,12,92,18,140,17,55,63,5
S01007665,317,16,77,192,32,162,6,15,114,27,155,10,62,78,5
S01007666,243,12,55,152,24,121,4,8,88,21,122,8,47,64,3
S01007667,377,27,81,225,44,198,8,9,143,38,179,19,72,82,6
S01007668,469,44,99,286,40,229,7,19,168,35,240,37,80,118,5
S01007669,259,20,60,154,25,124,4,8,87,25,135,16,52,67,0
S01007670,302,22,71,188,21,154,7,13,118,16,148,15,58,70,5
S01007671,390,23,73,215,79,208,4,19,122,63,182,19,54,93,16
S01007672,381,32,86,213,50,195,6,13,136,40,186,26,73,77,10
S01007673,395,27,84,233,51,209,4,15,147,43,186,23,69,86,8
S01007674,358,26,73,226,33,185,7,8,142,28,173,19,65,84,5
S01007675,308,18,69,169,52,163,2,17,102,42,145,16,52,67,10
S01007676,384,22,89,172,101,204,3,15,99,87,180,19,74,73,14
S01007677,251,24,50,140,37,128,7,4,87,30,123,17,46,53,7
S01007678,345,25,76,197,47,175,3,13,119,40,170,22,63,78,7
S01007679,313,17,79,190,27,157,5,14,114,24,156,12,65,76,3
S01007680,501,54,104,282,61,254,12,17,177,48,247,42,87,105,13
S01007681,218,12,39,130,37,117,4,6,77,30,101,8,33,53,7
S01007682,451,37,82,275,57,234,12,31,147,44,217,25,51,128,13
S01007683,329,23,64,206,36,162,11,17,107,27,167,12,47,99,9
S01007684,352,36,83,188,45,171,4,16,117,34,181,32,67,71,11
S01007685,370,43,73,197,57,172,8,26,99,39,198,35,47,98,18
S01007686,331,34,52,186,59,165,18,14,96,37,166,16,38,90,22
S01007687,426,50,85,230,61,216,22,28,124,42,210,28,57,106,19
S01007688,498,54,116,281,47,271,19,54,160,38,227,35,62,121,9
S01007689,292,49,48,172,23,136,13,20,87,16,156,36,28,85,7
S01007690,362,87,81,153,41,164,28,26,78,32,198,59,55,75,9
S01007691,740,300,163,234,43,331,119,65,122,25,409,181,98,112,18
S01007692,377,92,84,167,34,173,39,30,86,18,204,53,54,81,16
S01007693,293,91,87,104,11,131,25,36,60,10,162,66,51,44,1
S01007694,433,90,126,194,23,196,30,51,102,13,237,60,75,92,10
S01007695,404,41,69,262,32,203,10,21,154,18,201,31,48,108,14
S01007696,271,59,64,125,23,140,20,26,75,19,131,39,38,50,4
S01007697,421,43,80,259,39,215,16,29,145,25,206,27,51,114,14
S01007698,529,72,130,296,31,254,25,48,163,18,275,47,82,133,13
S01007699,372,54,84,206,28,185,22,29,114,20,187,32,55,92,8
S01007700,513,40,85,326,62,273,15,25,184,49,240,25,60,142,13
S01007701,194,32,53,103,6,98,9,22,61,6,96,23,31,42,0
S01007702,360,97,79,164,20,175,42,30,87,16,185,55,49,77,4
S01007703,368,28,73,242,25,192,14,21,139,18,176,14,52,103,7
S01007704,307,42,91,159,15,158,13,25,108,12,149,29,66,51,3
S01007705,292,79,73,124,16,165,37,34,83,11,127,42,39,41,5
S01007706,328,109,92,119,8,151,36,36,72,7,177,73,56,47,1
S01007707,470,41,52,298,79,265,24,29,156,56,205,17,23,142,23
S01007708,320,26,70,210,14,167,9,26,121,11,153,17,44,89,3
S01007709,238,21,43,153,21,123,6,13,88,16,115,15,30,65,5
S01007710,385,62,86,198,39,213,28,31,117,37,172,34,55,81,2
S01007711,451,83,134,214,20,208,19,49,126,14,243,64,85,88,6
S01007712,319,46,59,189,25,166,16,25,106,19,153,30,34,83,6
S01007713,213,21,54,118,20,112,6,21,65,20,101,15,33,53,0
S01007714,342,24,78,220,20,175,8,23,126,18,167,16,55,94,2
S01007715,206,22,57,113,14,100,10,14,64,12,106,12,43,49,2
S01007716,385,35,95,230,25,214,11,40,144,19,171,24,55,86,6
S01007717,383,27,99,230,27,207,8,37,145,17,176,19,62,85,10
S01007718,284,15,66,182,21,159,7,27,111,14,125,8,39,71,7
S01007719,427,23,83,288,33,208,8,21,159,20,219,15,62,129,13
S01007720,263,19,54,175,15,125,5,13,96,11,138,14,41,79,4
S01007721,346,16,81,231,18,172,5,30,120,17,174,11,51,111,1
S01007722,332,20,74,221,17,166,8,27,118,13,166,12,47,103,4
S01007723,344,20,79,226,19,180,9,18,138,15,164,11,61,88,4
S01007724,291,22,89,163,17,165,10,38,103,14,126,12,51,60,3
S01007725,345,21,71,226,27,175,7,19,129,20,170,14,52,97,7
S01007726,352,30,98,192,32,181,14,39,107,21,171,16,59,85,11
S01007727,412,38,107,242,25,198,11,41,127,19,214,27,66,115,6
S01007728,349,32,83,204,30,181,10,38,108,25,168,22,45,96,5
S01007729,391,32,82,247,30,202,9,32,137,24,189,23,50,110,6
S01007730,443,28,83,300,32,228,10,20,180,18,215,18,63,120,14
S01007731,431,26,101,274,30,214,11,34,147,22,217,15,67,127,8
S01007732,340,39,55,215,31,183,15,22,121,25,157,24,33,94,6
S01007733,447,27,87,284,49,232,10,29,159,34,215,17,58,125,15
S01007734,407,32,71,249,55,219,13,24,141,41,188,19,47,108,14
S01007735,423,38,101,234,50,222,16,25,145,36,201,22,76,89,14
S01007736,396,25,99,230,42,193,6,30,130,27,203,19,69,100,15
S01007737,477,30,118,287,42,241,13,33,164,31,236,17,85,123,11
S01007738,305,16,69,193,27,149,7,17,105,20,156,9,52,88,7
S01007739,211,9,45,143,14,104,1,10,82,11,107,8,35,61,3
S01007740,257,11,60,159,27,132,7,13,91,21,125,4,47,68,6
S01007741,271,16,72,170,13,129,7,16,97,9,142,9,56,73,4
S01007742,269,20,62,160,27,135,5,12,94,24,134,15,50,66,3
S01007743,405,24,98,256,27,208,8,19,156,25,197,16,79,100,2
S01007744,264,15,71,164,14,115,2,9,92,12,149,13,62,72,2
S01007745,312,10,92,189,21,156,1,25,113,17,156,9,67,76,4
S01007746,395,25,118,223,29,193,9,26,134,24,202,16,92,89,5
S01007747,208,6,62,125,15,99,1,14,69,15,109,5,48,56,0
S01007748,259,21,81,150,7,119,7,15,92,5,140,14,66,58,2
S01007749,337,26,97,193,21,167,7,20,119,21,170,19,77,74,0
S01007750,348,23,71,219,35,174,11,19,116,28,174,12,52,103,7
S01007751,277,26,49,155,47,149,12,11,88,38,128,14,38,67,9
S01007752,266,25,58,142,41,134,8,12,81,33,132,17,46,61,8
S01007753,224,14,56,150,4,110,3,8,97,2,114,11,48,53,2
S01007754,305,11,102,178,14,145,5,16,112,12,160,6,86,66,2
S01007755,286,11,85,176,14,140,1,20,108,11,146,10,65,68,3
S01007756,227,9,87,121,10,101,4,15,72,10,126,5,72,49,0
S01007757,347,24,72,215,36,175,10,19,119,27,172,14,53,96,9
S01007758,358,26,72,197,63,181,9,18,107,47,177,17,54,90,16
S01007759,451,34,87,286,44,212,12,20,145,35,239,22,67,141,9
S01007760,249,16,51,144,38,126,4,9,82,31,123,12,42,62,7
S01007761,443,29,91,260,63,234,10,22,153,49,209,19,69,107,14
S01007762,369,18,68,250,33,174,4,14,131,25,195,14,54,119,8
S01007763,178,11,39,107,21,99,4,10,67,18,79,7,29,40,3
S01007764,412,37,88,245,42,202,16,18,142,26,210,21,70,103,16
S01007765,294,20,66,178,30,152,6,17,109,20,142,14,49,69,10
S01007766,410,36,94,247,33,210,17,21,151,21,200,19,73,96,12
S01007767,432,40,93,257,42,214,17,24,140,33,218,23,69,117,9
S01007768,292,17,55,187,33,148,3,20,101,24,144,14,35,86,9
S01007769,315,35,59,179,42,159,10,18,100,31,156,25,41,79,11
S01007770,341,34,70,189,48,166,9,18,105,34,175,25,52,84,14
S01007771,208,29,40,115,24,101,8,8,66,19,107,21,32,49,5
S01007772,412,33,88,254,37,204,10,23,141,30,208,23,65,113,7
S01007773,380,30,77,244,29,188,14,12,139,23,192,16,65,105,6
S01007774,562,25,106,367,64,278,7,17,204,50,284,18,89,163,14
S01007775,457,20,101,276,60,228,4,11,167,46,229,16,90,109,14
S01007776,392,28,83,222,59,210,7,15,139,49,182,21,68,83,10
S01007777,554,38,122,323,71,288,10,17,200,61,266,28,105,123,10
S01007778,262,16,43,156,47,140,5,8,86,41,122,11,35,70,6
S01007779,404,14,87,270,33,210,8,21,155,26,194,6,66,115,7
S01007780,472,19,75,339,39,248,6,14,194,34,224,13,61,145,5
S01007781,536,22,107,369,38,261,3,16,211,31,275,19,91,158,7
S01007782,190,12,43,129,6,110,4,12,89,5,80,8,31,40,1
S01007783,219,7,78,120,14,105,2,24,67,12,114,5,54,53,2
S01007784,369,17,87,240,25,182,6,20,134,22,187,11,67,106,3
S01007785,197,17,59,113,8,77,2,13,56,6,120,15,46,57,2
S01007786,316,18,108,171,19,150,8,27,101,14,166,10,81,70,5
S01007787,277,19,85,156,17,127,3,17,92,15,150,16,68,64,2
S01007788,198,15,74,101,8,88,2,16,63,7,110,13,58,38,1
S01007789,239,19,79,129,12,120,8,22,79,11,119,11,57,50,1
S01007790,291,20,95,168,8,131,4,18,102,7,160,16,77,66,1
S01007791,289,18,52,184,35,146,4,13,102,27,143,14,39,82,8
S01007792,367,24,91,233,19,173,6,14,138,15,194,18,77,95,4
S01007793,307,21,99,174,13,136,3,20,103,10,171,18,79,71,3
S01007794,237,12,73,143,9,111,3,9,90,9,126,9,64,53,0
S01007795,269,14,89,151,15,121,4,13,91,13,148,10,76,60,2
S01007796,298,29,87,165,17,140,15,8,102,15,158,14,79,63,2
S01007797,188,15,73,94,6,84,4,19,57,4,104,11,54,37,2
S01007798,380,19,95,232,34,195,6,29,130,30,185,13,66,102,4
S01007799,342,19,74,211,38,170,3,10,125,32,172,16,64,86,6
S01007800,326,28,101,180,17,154,8,21,111,14,172,20,80,69,3
S01007801,282,37,82,148,15,143,20,22,88,13,139,17,60,60,2
S01007802,335,17,70,225,23,165,5,17,124,19,170,12,53,101,4
S01007803,325,22,102,181,20,151,6,26,105,14,174,16,76,76,6
S01007804,208,17,63,116,12,89,4,10,67,8,119,13,53,49,4
S01007805,201,10,63,118,10,86,3,11,64,8,115,7,52,54,2
S01007806,281,13,73,175,20,145,4,15,109,17,136,9,58,66,3
S01007807,369,20,68,240,41,177,6,9,131,31,192,14,59,109,10
S01007808,379,19,103,238,19,178,2,33,129,14,201,17,70,109,5
S01007809,467,25,105,307,30,234,9,26,177,22,233,16,79,130,8
S01007810,302,17,85,184,16,161,4,22,120,15,141,13,63,64,1
S01007811,360,26,97,227,10,167,12,17,131,7,193,14,80,96,3
S01007812,291,19,95,155,22,139,5,24,94,16,152,14,71,61,6
S01007813,285,27,75,173,10,136,9,15,104,8,149,18,60,69,2
S01007814,258,16,69,155,18,130,1,13,101,15,128,15,56,54,3
S01007815,474,34,91,307,42,228,10,22,165,31,246,24,69,142,11
S01007816,359,11,93,234,21,181,4,20,138,19,178,7,73,96,2
S01007817,197,20,53,116,8,95,6,19,63,7,102,14,34,53,1
S01007818,395,21,77,276,21,190,5,16,152,17,205,16,61,124,4
S01007819,395,24,89,261,21,204,9,21,156,18,191,15,68,105,3
S01007820,420,27,106,266,21,207,8,26,154,19,213,19,80,112,2
S01007821,281,19,62,183,17,136,7,16,100,13,145,12,46,83,4
S01007822,344,20,69,230,25,172,7,14,132,19,172,13,55,98,6
S01007823,377,23,85,235,34,194,8,17,144,25,183,15,68,91,9
S01007824,353,25,86,208,34,173,7,22,115,29,180,18,64,93,5
S01007825,481,36,91,307,47,243,13,25,170,35,238,23,66,137,12
S01007826,203,12,56,127,8,98,6,14,71,7,105,6,42,56,1
S01007827,332,14,66,227,25,151,3,17,114,17,181,11,49,113,8
S01007828,414,26,79,279,30,194,8,23,139,24,220,18,56,140,6
S01007829,221,17,48,148,8,110,4,14,85,7,111,13,34,63,1
S01007830,364,22,89,239,14,194,3,28,152,11,170,19,61,87,3
S01007831,300,19,72,192,17,136,6,18,99,13,164,13,54,93,4
S01007832,258,14,63,157,24,129,4,20,86,19,129,10,43,71,5
S01007833,230,21,45,148,16,119,4,8,92,15,111,17,37,56,1
S01007834,320,15,60,214,31,151,2,13,110,26,169,13,47,104,5
S01007835,321,22,70,202,27,155,8,13,114,20,166,14,57,88,7
S01007836,230,9,45,161,15,116,6,13,87,10,114,3,32,74,5
S01007837,370,22,82,236,30,187,8,19,140,20,183,14,63,96,10
S01007838,382,23,74,249,36,188,9,17,129,33,194,14,57,120,3
S01007839,252,14,47,148,43,124,5,7,81,31,128,9,40,67,12
S01007840,344,19,77,233,15,180,7,25,138,10,164,12,52,95,5
S01007841,316,22,87,191,16,144,2,16,113,13,172,20,71,78,3
S01007842,293,19,91,170,13,135,5,18,100,12,158,14,73,70,1
S01007843,295,14,67,203,11,138,4,19,108,7,157,10,48,95,4
S01007844,415,23,97,269,26,196,11,21,144,20,219,12,76,125,6
S01007845,330,17,100,199,14,148,3,23,110,12,182,14,77,89,2
S01007846,292,13,76,189,14,145,3,18,110,14,147,10,58,79,0
S01007847,383,20,98,247,18,185,6,20,143,16,198,14,78,104,2
S01007848,290,25,71,178,16,135,9,9,102,15,155,16,62,76,1
S01007849,375,25,113,213,24,170,7,25,117,21,205,18,88,96,3
S01007850,296,18,72,193,13,148,5,14,116,13,148,13,58,77,0
S01007851,351,16,85,220,30,186,11,19,127,29,165,5,66,93,1
S01007852,250,13,77,142,18,117,5,10,85,17,133,8,67,57,1
S01007853,188,15,45,114,14,92,6,15,59,12,96,9,30,55,2
S01007854,371,20,90,239,22,176,8,23,126,19,195,12,67,113,3
S01007855,212,15,58,128,11,100,5,13,76,6,112,10,45,52,5
S01007856,390,18,103,234,35,187,6,23,131,27,203,12,80,103,8
S01007857,190,13,68,100,9,83,3,13,61,6,107,10,55,39,3
S01007858,400,23,141,216,20,180,8,37,120,15,220,15,104,96,5
S01007859,180,5,58,111,6,91,2,9,74,6,89,3,49,37,0
S01007860,289,15,68,182,24,143,4,16,107,16,146,11,52,75,8
S01007861,274,13,77,173,11,139,5,21,102,11,135,8,56,71,0
S01007862,301,18,89,178,16,146,5,20,106,15,155,13,69,72,1
S01007863,304,12,84,192,16,155,5,21,117,12,149,7,63,75,4
S01007864,390,23,95,256,16,185,10,16,145,14,205,13,79,111,2
S01007865,397,19,81,248,49,196,4,13,139,40,201,15,68,109,9
S01007866,376,18,65,262,31,194,3,13,152,26,182,15,52,110,5
S01007867,239,16,27,162,34,119,8,3,78,30,120,8,24,84,4
S01007868,473,38,108,288,39,240,18,25,172,25,233,20,83,116,14
S01007869,490,27,84,306,73,244,9,18,165,52,246,18,66,141,21
S01007870,274,21,49,141,63,145,6,7,82,50,129,15,42,59,13
S01007871,209,15,64,107,23,111,6,13,72,20,98,9,51,35,3
S01007872,222,16,77,110,19,94,2,15,58,19,128,14,62,52,0
S01007873,307,17,91,167,32,159,4,30,97,28,148,13,61,70,4
S01007874,293,18,74,167,34,147,3,15,101,28,146,15,59,66,6
S01007875,257,15,73,150,19,122,6,19,80,17,135,9,54,70,2
S01007876,468,33,106,287,42,229,10,20,167,32,239,23,86,120,10
S01007877,326,20,86,182,38,179,5,26,115,33,147,15,60,67,5
S01007878,249,15,65,134,35,108,5,12,61,30,141,10,53,73,5
S01007879,273,21,76,146,30,132,3,19,81,29,141,18,57,65,1
S01007880,197,15,40,91,51,106,2,10,56,38,91,13,30,35,13
S01007881,216,14,41,115,46,123,3,8,71,41,93,11,33,44,5
S01007882,421,28,65,215,113,222,3,16,107,96,199,25,49,108,17
S01007883,537,31,80,350,76,269,7,17,183,62,268,24,63,167,14
S01007884,301,12,71,195,23,150,3,10,115,22,151,9,61,80,1
S01007885,268,9,61,173,25,145,2,13,109,21,123,7,48,64,4
S01007886,394,16,83,265,30,206,7,14,161,24,188,9,69,104,6
S01007887,307,20,59,163,65,167,3,17,93,54,140,17,42,70,11
S01007888,418,29,123,233,33,205,5,34,138,28,213,24,89,95,5
S01007889,218,19,56,124,19,103,1,13,73,16,115,18,43,51,3
S01007890,346,23,87,202,34,163,3,11,121,28,183,20,76,81,6
S01007891,418,21,93,251,53,206,2,14,145,45,212,19,79,106,8
S01007892,378,23,101,211,43,199,7,25,131,36,179,16,76,80,7
S01007893,487,38,97,291,61,251,11,16,175,49,236,27,81,116,12
S01007894,450,34,100,283,33,238,5,22,185,26,212,29,78,98,7
S01007895,240,17,44,150,29,121,6,6,86,23,119,11,38,64,6
S01007896,331,17,81,200,33,172,7,17,118,30,159,10,64,82,3
S01007897,230,14,33,118,65,129,3,6,63,57,101,11,27,55,8
S01007898,233,14,52,117,50,127,3,16,64,44,106,11,36,53,6
S01007899,199,5,33,93,68,111,1,2,52,56,88,4,31,41,12
S01007900,214,6,53,136,19,114,1,15,81,17,100,5,38,55,2
S01007901,291,24,72,162,33,149,6,12,100,31,142,18,60,62,2
S01007902,323,11,76,177,59,166,4,12,97,53,157,7,64,80,6
S01007903,228,10,52,120,46,122,3,6,68,45,106,7,46,52,1
S01007904,398,19,70,206,103,222,5,11,123,83,176,14,59,83,20
S01007905,232,10,62,121,39,122,3,13,69,37,110,7,49,52,2
S01007906,261,11,59,155,36,124,4,13,74,33,137,7,46,81,3
S01007907,218,10,47,113,48,113,2,9,61,41,105,8,38,52,7
S01007908,380,18,78,217,67,204,4,12,125,63,176,14,66,92,4
S01007909,241,10,54,139,38,133,1,9,89,34,108,9,45,50,4
S01007910,351,19,97,193,42,170,6,13,117,34,181,13,84,76,8
S01007911,355,19,77,209,50,182,5,11,122,44,173,14,66,87,6
S01007912,348,21,85,195,47,170,6,15,109,40,178,15,70,86,7
S01007913,237,11,67,135,24,126,3,17,84,22,111,8,50,51,2
S01007914,239,15,53,145,26,122,2,13,84,23,117,13,40,61,3
S01007915,374,23,101,213,37,189,6,27,124,32,185,17,74,89,5
S01007916,302,12,79,182,29,150,4,14,105,27,152,8,65,77,2
S01007917,369,32,72,209,56,188,6,13,118,51,181,26,59,91,5
S01007918,413,26,88,246,53,213,6,22,139,46,200,20,66,107,7
S01007919,383,20,62,245,56,209,11,12,141,45,174,9,50,104,11
S01007920,314,12,64,207,31,168,4,14,124,26,146,8,50,83,5
S01007921,358,25,89,210,34,177,9,17,124,27,181,16,72,86,7
S01007922,332,18,94,188,32,165,1,26,109,29,167,17,68,79,3
S01007923,495,31,112,298,54,251,7,31,170,43,244,24,81,128,11
S01007924,379,19,102,226,32,190,2,28,129,31,189,17,74,97,1
S01007925,253,18,33,113,89,145,3,7,67,68,108,15,26,46,21
S01007926,267,15,52,139,61,143,7,13,74,49,124,8,39,65,12
S01007927,358,31,62,178,87,189,9,16,96,68,169,22,46,82,19
S01007928,473,37,96,260,80,237,7,23,147,60,236,30,73,113,20
S01007929,417,34,67,205,111,227,9,17,113,88,190,25,50,92,23
S01007930,344,34,62,163,85,181,15,12,87,67,163,19,50,76,18
S01007931,509,36,104,297,72,254,6,26,167,55,255,30,78,130,17
S01007932,385,28,63,238,56,200,9,15,130,46,185,19,48,108,10
S01007933,397,21,92,227,57,199,2,19,133,45,198,19,73,94,12
S01007934,320,22,71,198,29,161,7,10,122,22,159,15,61,76,7
S01007935,368,12,54,260,42,194,6,12,142,34,174,6,42,118,8
S01007936,545,25,109,330,81,290,8,18,200,64,255,17,91,130,17
S01007937,567,28,113,365,61,280,7,23,205,45,287,21,90,160,16
S01007938,334,16,92,191,35,159,7,22,103,27,175,9,70,88,8
S01007939,348,17,83,219,29,175,2,18,126,29,173,15,65,93,0
S01007940,457,23,91,276,67,247,7,13,171,56,210,16,78,105,11
S01007941,348,22,78,212,36,179,4,17,131,27,169,18,61,81,9
S01007942,236,20,53,139,24,125,5,4,97,19,111,15,49,42,5
S01007943,281,26,49,181,25,144,7,8,107,22,137,19,41,74,3
S01007944,410,25,82,255,48,220,7,10,159,44,190,18,72,96,4
S01007945,342,30,59,203,50,183,7,17,118,41,159,23,42,85,9
S01007946,343,21,72,205,45,179,4,18,118,39,164,17,54,87,6
S01007947,331,23,74,199,35,174,5,21,117,31,157,18,53,82,4
S01007948,223,14,52,136,21,118,2,20,78,18,105,12,32,58,3
S01007949,366,17,83,228,38,173,5,10,125,33,193,12,73,103,5
S01007950,452,30,80,278,64,234,8,13,160,53,218,22,67,118,11
S01007951,363,19,78,223,43,183,8,13,127,35,180,11,65,96,8
S01007952,252,16,53,156,27,117,4,12,82,19,135,12,41,74,8
S01007953,434,19,105,272,38,219,6,13,164,36,215,13,92,108,2
S01007954,280,18,71,173,18,142,3,19,104,16,138,15,52,69,2
S01007955,370,18,109,218,25,184,2,21,140,21,186,16,88,78,4
S01007956,319,26,87,177,29,140,6,7,105,22,179,20,80,72,7
S01007957,397,24,98,242,33,195,4,18,147,26,202,20,80,95,7
S01007958,341,16,73,217,35,164,4,11,123,26,177,12,62,94,9
S01007959,391,23,90,243,35,199,4,18,150,27,192,19,72,93,8
S01007960,329,22,78,207,22,156,0,17,122,17,173,22,61,85,5
S01007961,447,37,76,216,118,274,16,27,126,105,173,21,49,90,13
S01007962,245,15,62,143,25,125,2,13,88,22,120,13,49,55,3
S01007963,249,21,78,131,19,130,8,20,84,18,119,13,58,47,1
S01007964,299,22,89,171,17,149,3,27,104,15,150,19,62,67,2
S01007965,237,21,63,137,16,120,8,16,86,10,117,13,47,51,6
S01007966,328,14,109,186,19,151,3,21,112,15,177,11,88,74,4
S01007967,237,19,83,124,11,106,4,22,72,8,131,15,61,52,3
S01007968,373,28,84,239,22,194,5,13,159,17,179,23,71,80,5
S01007969,363,24,79,237,23,183,7,16,144,16,180,17,63,93,7
S01007970,397,22,90,260,25,198,7,17,152,22,199,15,73,108,3
S01007971,385,20,97,242,26,195,6,24,145,20,190,14,73,97,6
S01007972,397,24,100,261,12,195,4,19,162,10,202,20,81,99,2
S01007973,469,33,102,307,27,240,10,24,183,23,229,23,78,124,4
S01007974,332,30,72,196,34,155,8,15,102,30,177,22,57,94,4
S01007975,279,23,69,169,18,145,8,20,101,16,134,15,49,68,2
S01007976,301,13,58,200,30,155,5,15,111,24,146,8,43,89,6
S01007977,374,25,68,245,36,186,6,15,138,27,188,19,53,107,9
S01007978,308,12,48,222,26,171,3,13,133,22,137,9,35,89,4
S01007979,439,30,69,280,60,240,16,18,160,46,199,14,51,120,14
S01007980,339,29,65,214,31,173,9,15,124,25,166,20,50,90,6
S01007981,252,14,59,154,25,128,4,14,87,23,124,10,45,67,2
S01007982,249,26,51,152,20,116,4,6,91,15,133,22,45,61,5
S01007983,281,25,89,143,24,140,5,21,97,17,141,20,68,46,7
S01007984,357,29,84,203,41,171,4,19,116,32,186,25,65,87,9
S01007985,352,28,73,225,26,180,9,7,147,17,172,19,66,78,9
S01007986,255,16,58,161,20,127,5,14,91,17,128,11,44,70,3
S01007987,387,21,92,243,31,195,6,17,149,23,192,15,75,94,8
S01007988,334,15,94,206,19,170,2,22,132,14,164,13,72,74,5
S01007989,324,31,80,187,26,155,2,19,113,21,169,29,61,74,5
S01007990,449,32,110,273,34,216,8,16,166,26,233,24,94,107,8
S01007991,567,38,117,347,65,297,16,17,213,51,270,22,100,134,14
S01007992,384,31,73,241,39,201,5,17,146,33,183,26,56,95,6
S01007993,474,22,104,301,47,233,6,19,175,33,241,16,85,126,14
S01007994,486,30,90,306,60,245,8,16,169,52,241,22,74,137,8
S01007995,517,41,120,298,58,259,11,23,182,43,258,30,97,116,15
S01007996,240,20,44,131,45,125,10,8,76,31,115,10,36,55,14
S01007997,337,24,62,211,40,171,6,21,115,29,166,18,41,96,11
S01007998,263,23,41,159,40,140,8,7,93,32,123,15,34,66,8
S01007999,318,22,78,201,17,157,6,16,123,12,161,16,62,78,5
S01008000,349,23,90,210,26,156,8,14,113,21,193,15,76,97,5
S01008001,286,20,88,160,18,143,4,20,102,17,143,16,68,58,1
S01008002,283,15,91,155,22,149,6,26,99,18,134,9,65,56,4
S01008003,284,14,53,192,25,145,4,9,111,21,139,10,44,81,4
S01008004,329,10,73,214,32,160,3,12,119,26,169,7,61,95,6
S01008005,297,13,60,192,32,135,1,8,99,27,162,12,52,93,5
S01008006,173,8,45,111,9,88,2,11,68,7,85,6,34,43,2
S01008007,168,11,45,104,8,86,2,16,60,8,82,9,29,44,0
S01008008,252,18,66,144,24,121,4,15,83,19,131,14,51,61,5
S01008009,302,22,75,176,29,142,6,17,100,19,160,16,58,76,10
S01008010,392,18,74,254,46,205,6,24,137,38,187,12,50,117,8
S01008011,248,14,42,169,23,131,2,12,99,18,117,12,30,70,5
S01008012,416,15,71,280,50,209,4,19,150,36,207,11,52,130,14
S01008013,315,20,61,208,26,164,6,13,123,22,151,14,48,85,4
S01008014,321,15,66,207,33,162,4,17,118,23,159,11,49,89,10
S01008015,348,16,68,247,17,163,3,19,127,14,185,13,49,120,3
S01008016,353,17,74,233,29,177,4,18,130,25,176,13,56,103,4
S01008017,407,44,78,244,41,212,15,15,148,34,195,29,63,96,7
S01008018,308,19,65,194,30,164,8,17,116,23,144,11,48,78,7
S01008019,367,21,82,202,62,203,8,19,127,49,164,13,63,75,13
S01008020,351,29,57,231,34,179,9,12,128,30,172,20,45,103,4
S01008021,276,24,63,161,28,136,7,17,92,20,140,17,46,69,8
S01008022,371,35,74,239,23,190,14,16,141,19,181,21,58,98,4
S01008023,402,38,81,231,52,208,12,11,143,42,194,26,70,88,10
S01008024,415,31,77,243,64,196,3,6,142,45,219,28,71,101,19
S01008025,393,32,84,243,34,200,7,14,149,30,193,25,70,94,4
S01008026,484,35,112,293,44,259,7,19,195,38,225,28,93,98,6
S01008027,263,16,62,168,17,127,2,7,105,13,136,14,55,63,4
S01008028,315,14,67,206,28,165,3,6,134,22,150,11,61,72,6
S01008029,436,34,84,245,73,231,16,16,141,58,205,18,68,104,15
S01008030,518,29,100,328,61,249,5,20,179,45,269,24,80,149,16
S01008031,403,32,91,245,35,194,7,18,147,22,209,25,73,98,13
S01008032,441,35,94,278,34,218,9,20,160,29,223,26,74,118,5
S01008033,453,52,90,222,89,241,15,20,133,73,212,37,70,89,16
S01008034,444,56,83,244,61,220,16,16,141,47,224,40,67,103,14
S01008035,312,21,71,197,23,151,8,14,113,16,161,13,57,84,7
S01008036,336,39,70,194,33,178,13,16,125,24,158,26,54,69,9
S01008037,478,33,126,290,29,234,14,25,172,23,244,19,101,118,6
S01008038,370,31,91,220,28,178,10,20,127,21,192,21,71,93,7
S01008039,424,36,106,237,45,214,14,25,138,37,210,22,81,99,8
S01008040,356,32,87,192,45,189,9,18,124,38,167,23,69,68,7
S01008041,304,20,73,171,40,148,5,23,90,30,156,15,50,81,10
S01008042,254,30,50,124,50,133,10,10,73,40,121,20,40,51,10
S01008043,437,50,108,219,60,226,13,19,146,48,211,37,89,73,12
S01008044,468,41,103,262,62,240,11,24,158,47,228,30,79,104,15
S01008045,421,25,94,223,79,223,10,26,123,64,198,15,68,100,15
S01008046,311,31,76,180,24,148,8,28,98,14,163,23,48,82,10
S01008047,305,27,73,161,44,160,6,23,97,34,145,21,50,64,10
S01008048,241,17,53,136,35,130,6,10,89,25,111,11,43,47,10
S01008049,370,34,68,214,54,198,9,15,129,45,172,25,53,85,9
S01008050,261,26,59,137,39,134,6,15,82,31,127,20,44,55,8
S01008051,429,41,74,257,57,224,12,14,154,44,205,29,60,103,13
S01008052,431,20,75,267,69,229,10,14,153,52,202,10,61,114,17
S01008053,249,23,59,136,31,123,3,10,85,25,126,20,49,51,6
S01008054,341,35,61,167,78,188,11,18,93,66,153,24,43,74,12
S01008055,488,47,116,238,87,268,14,30,154,70,220,33,86,84,17
S01008056,314,39,62,156,57,172,15,17,98,42,142,24,45,58,15
S01008057,437,26,85,249,77,230,9,17,144,60,207,17,68,105,17
S01008058,488,45,120,249,74,251,12,31,149,59,237,33,89,100,15
S01008059,347,24,88,197,38,171,12,20,111,28,176,12,68,86,10
S01008060,463,34,94,282,53,231,8,24,160,39,232,26,70,122,14
S01008061,380,30,81,226,43,188,10,13,129,36,192,20,68,97,7
S01008062,428,27,99,251,51,215,7,17,149,42,213,20,82,102,9
S01008063,448,33,96,254,65,233,14,27,141,51,215,19,69,113,14
S01008064,315,25,85,181,24,156,8,17,114,17,159,17,68,67,7
S01008065,484,42,100,250,92,253,13,26,141,73,231,29,74,109,19
S01008066,423,39,86,201,97,229,16,26,116,71,194,23,60,85,26
S01008067,307,23,59,164,61,166,7,14,94,51,141,16,45,70,10
S01008068,467,39,92,266,70,238,13,17,153,55,229,26,75,113,15
S01008069,485,30,101,322,32,236,8,23,179,26,249,22,78,143,6
S01008070,476,29,111,302,34,235,12,26,167,30,241,17,85,135,4
S01008071,380,25,67,242,46,192,5,14,142,31,188,20,53,100,15
S01008072,402,23,58,240,81,214,7,14,127,66,188,16,44,113,15
S01008073,235,20,40,119,56,119,6,12,60,41,116,14,28,59,15
S01008074,497,51,100,287,59,240,11,20,162,47,257,40,80,125,12
S01008075,230,24,47,118,41,126,7,10,73,36,104,17,37,45,5
S01008076,228,33,30,118,47,114,7,11,62,34,114,26,19,56,13
S01008077,348,25,82,173,68,191,10,23,104,54,157,15,59,69,14
S01008078,373,36,78,204,55,207,11,25,127,44,166,25,53,77,11
S01008079,390,40,83,208,59,213,18,23,127,45,177,22,60,81,14
S01008080,336,30,62,201,43,178,12,14,118,34,158,18,48,83,9
S01008081,276,29,49,167,31,151,12,13,104,22,125,17,36,63,9
S01008082,407,32,78,243,54,201,13,18,134,36,206,19,60,109,18
S01008083,341,33,84,180,44,177,8,22,113,34,164,25,62,67,10
S01008084,418,39,83,234,62,211,13,19,133,46,207,26,64,101,16
S01008085,533,52,102,281,98,259,16,17,157,69,274,36,85,124,29
S01008086,577,40,115,347,75,293,10,25,199,59,284,30,90,148,16
S01008087,372,24,74,230,44,188,8,11,135,34,184,16,63,95,10
S01008088,422,26,96,254,46,213,10,27,141,35,209,16,69,113,11
S01008089,310,21,61,194,34,163,3,15,118,27,147,18,46,76,7
S01008090,379,34,77,238,30,195,14,15,140,26,184,20,62,98,4
S01008091,191,12,40,118,21,92,4,8,62,18,99,8,32,56,3
S01008092,396,40,86,219,51,214,16,23,134,41,182,24,63,85,10
S01008093,360,32,70,228,30,182,12,13,137,20,178,20,57,91,10
S01008094,316,34,64,161,57,172,16,20,92,44,144,18,44,69,13
S01008095,352,29,73,218,32,168,14,10,121,23,184,15,63,97,9
S01008096,337,24,72,205,36,171,11,13,118,29,166,13,59,87,7
S01008097,273,30,59,153,31,136,7,13,97,19,137,23,46,56,12
S01008098,379,31,68,247,33,185,11,15,135,24,194,20,53,112,9
S01008099,269,19,59,172,19,137,3,13,107,14,132,16,46,65,5
S01008100,399,24,66,240,69,212,6,19,138,49,187,18,47,102,20
S01008101,425,21,76,281,47,203,4,11,150,38,222,17,65,131,9
S01008102,380,22,71,250,37,187,5,18,138,26,193,17,53,112,11
S01008103,292,14,65,185,28,141,5,21,93,22,151,9,44,92,6
S01008104,405,26,95,255,29,193,11,21,140,21,212,15,74,115,8
S01008105,464,20,107,301,36,221,7,19,163,32,243,13,88,138,4
S01008106,314,12,76,210,16,145,4,13,117,11,169,8,63,93,5
S01008107,487,37,89,283,78,256,8,18,172,58,231,29,71,111,20
S01008108,394,30,89,237,38,191,13,13,138,27,203,17,76,99,11
S01008109,485,37,98,318,32,247,8,25,186,28,238,29,73,132,4
S01008110,484,28,99,321,36,238,7,19,183,29,246,21,80,138,7
S01008111,434,39,84,262,49,224,16,23,146,39,210,23,61,116,10
S01008112,385,32,93,229,31,189,15,20,130,24,196,17,73,99,7
S01008113,447,45,97,257,48,231,19,24,147,41,216,26,73,110,7
S01008114,337,22,82,206,27,177,6,25,122,24,160,16,57,84,3
S01008115,516,31,119,328,38,266,7,31,191,37,250,24,88,137,1
S01008116,472,45,91,278,58,235,17,17,156,45,237,28,74,122,13
S01008117,373,43,77,213,40,193,13,21,127,32,180,30,56,86,8
S01008118,386,25,69,253,39,194,11,17,136,30,192,14,52,117,9
S01008119,278,18,54,184,22,138,1,12,107,18,140,17,42,77,4
S01008120,272,12,62,167,31,140,4,15,97,24,132,8,47,70,7
S01008121,305,29,61,178,37,160,12,13,104,31,145,17,48,74,6
S01008122,346,36,71,174,65,191,11,17,111,52,155,25,54,63,13
S01008123,437,46,83,240,68,224,15,13,142,54,213,31,70,98,14
S01008124,433,37,104,250,42,222,13,23,155,31,211,24,81,95,11
S01008125,455,48,111,247,49,240,20,22,156,42,215,28,89,91,7
S01008126,459,45,101,270,43,226,16,19,156,35,233,29,82,114,8
S01008127,251,17,56,146,32,128,5,11,90,22,123,12,45,56,10
S01008128,442,41,108,256,37,228,19,24,153,32,214,22,84,103,5
S01008129,433,20,81,297,35,212,3,18,163,28,221,17,63,134,7
S01008130,468,27,101,299,41,247,14,27,172,34,221,13,74,127,7
S01008131,350,17,68,229,36,176,4,21,123,28,174,13,47,106,8
S01008132,469,47,85,288,49,242,12,13,173,44,227,35,72,115,5
S01008133,248,19,50,138,41,132,6,11,85,30,116,13,39,53,11
S01008134,325,16,46,228,35,167,6,9,126,26,158,10,37,102,9
S01008135,597,28,119,397,53,299,9,25,221,44,298,19,94,176,9
S01008136,434,22,82,296,34,217,9,18,165,25,217,13,64,131,9
S01008137,323,29,93,181,20,144,5,17,102,20,179,24,76,79,0
S01008138,329,18,88,199,24,150,2,16,113,19,179,16,72,86,5
S01008139,363,26,84,231,22,157,7,12,122,16,206,19,72,109,6
S01008140,204,11,53,123,17,104,3,9,79,13,100,8,44,44,4
S01008141,425,29,84,270,42,217,10,16,154,37,208,19,68,116,5
S01008142,445,25,105,275,40,224,10,18,162,34,221,15,87,113,6
S01008143,390,22,85,259,24,173,5,14,138,16,217,17,71,121,8
S01008144,308,26,67,185,30,164,5,20,116,23,144,21,47,69,7
S01008145,383,37,67,239,40,196,8,11,144,33,187,29,56,95,7
S01008146,210,14,49,121,26,111,8,11,70,22,99,6,38,51,4
S01008147,405,23,83,267,32,203,4,19,149,31,202,19,64,118,1
S01008148,420,24,92,263,41,214,11,27,138,38,206,13,65,125,3
S01008149,335,19,68,217,31,153,4,13,106,30,182,15,55,111,1
S01008150,407,24,84,277,22,203,5,14,169,15,204,19,70,108,7
S01008151,317,18,65,210,24,160,5,17,118,20,157,13,48,92,4
S01008152,437,22,89,296,30,198,6,18,157,17,239,16,71,139,13
S01008153,463,30,101,283,49,244,8,20,174,42,219,22,81,109,7
S01008154,377,30,72,229,46,183,9,14,123,37,194,21,58,106,9
S01008155,349,16,74,221,38,169,5,11,121,32,180,11,63,100,6
S01008156,438,30,95,269,44,211,7,17,150,37,227,23,78,119,7
S01008157,383,29,91,222,41,190,10,17,132,31,193,19,74,90,10
S01008158,462,27,74,324,37,233,8,13,179,33,229,19,61,145,4
S01008159,384,23,84,249,28,200,10,21,145,24,184,13,63,104,4
S01008160,389,24,80,254,31,190,11,8,144,27,199,13,72,110,4
S01008161,603,33,99,387,84,299,9,14,213,63,304,24,85,174,21
S01008162,520,29,97,321,73,276,7,22,198,49,244,22,75,123,24
S01008163,332,21,75,203,33,171,3,19,123,26,161,18,56,80,7
S01008164,531,138,130,240,23,227,34,31,144,18,304,104,99,96,5
S01008165,441,24,93,266,58,233,5,16,165,47,208,19,77,101,11
S01008166,257,15,62,161,19,131,4,9,103,15,126,11,53,58,4
S01008167,310,14,89,192,15,158,3,25,116,14,152,11,64,76,1
S01008168,369,18,95,237,19,180,3,20,141,16,189,15,75,96,3
S01008169,376,19,92,239,26,183,4,10,151,18,193,15,82,88,8
S01008170,326,20,78,193,35,164,6,11,115,32,162,14,67,78,3
S01008171,350,20,72,230,28,166,7,19,124,16,184,13,53,106,12
S01008172,267,16,67,173,11,121,3,8,100,10,146,13,59,73,1
S01008173,357,28,88,217,24,170,7,16,128,19,187,21,72,89,5
S01008174,305,18,74,196,17,155,6,16,122,11,150,12,58,74,6
S01008175,410,28,82,276,24,197,5,21,152,19,213,23,61,124,5
S01008176,385,30,92,199,64,197,6,21,126,44,188,24,71,73,20
S01008177,340,23,95,199,23,177,6,23,129,19,163,17,72,70,4
S01008178,307,30,67,185,25,162,12,11,116,23,145,18,56,69,2
S01008179,294,21,68,177,28,147,8,6,109,24,147,13,62,68,4
S01008180,286,27,58,181,20,136,8,10,101,17,150,19,48,80,3
S01008181,337,30,84,180,43,178,13,22,108,35,159,17,62,72,8
S01008182,525,28,91,367,39,253,11,30,186,26,272,17,61,181,13
S01008183,341,33,73,214,21,165,15,16,119,15,176,18,57,95,6
S01008184,398,31,69,274,24,196,11,19,149,17,202,20,50,125,7
S01008185,506,28,101,339,38,243,8,23,185,27,263,20,78,154,11
S01008186,326,14,59,228,25,153,6,16,117,14,173,8,43,111,11
S01008187,297,24,74,173,26,145,5,20,100,20,152,19,54,73,6
S01008188,387,21,104,238,24,181,1,23,138,19,206,20,81,100,5
S01008189,274,25,64,154,31,137,12,12,93,20,137,13,52,61,11
S01008190,402,31,110,243,18,197,8,27,145,17,205,23,83,98,1
S01008191,222,16,66,119,21,105,6,13,69,17,117,10,53,50,4
S01008192,432,31,92,269,40,212,7,24,153,28,220,24,68,116,12
S01008193,389,35,89,226,39,190,13,17,128,32,199,22,72,98,7
S01008194,296,18,69,186,23,150,1,16,114,19,146,17,53,72,4
S01008195,385,26,107,219,33,184,7,21,130,26,201,19,86,89,7
S01008196,355,17,105,215,18,168,3,23,127,15,187,14,82,88,3
S01008197,596,21,80,441,54,305,6,15,239,45,291,15,65,202,9
S01008198,318,18,77,203,20,157,7,15,118,17,161,11,62,85,3
S01008199,331,10,85,214,22,169,2,17,134,16,162,8,68,80,6
S01008200,249,10,69,153,17,113,2,15,85,11,136,8,54,68,6
S01008201,329,14,80,224,11,167,4,19,136,8,162,10,61,88,3
S01008202,269,15,48,190,16,134,3,7,114,10,135,12,41,76,6
S01008203,240,19,46,151,24,115,6,13,77,19,125,13,33,74,5
S01008204,339,16,74,205,44,185,3,17,128,37,154,13,57,77,7
S01008205,334,14,99,207,14,164,1,21,130,12,170,13,78,77,2
S01008206,292,12,79,184,17,150,3,17,115,15,142,9,62,69,2
S01008207,277,8,77,174,18,139,1,18,103,17,138,7,59,71,1
S01008208,474,26,73,344,31,228,6,10,188,24,246,20,63,156,7
S01008209,328,20,65,210,33,160,10,11,114,25,168,10,54,96,8
S01008210,456,28,104,273,51,236,8,20,168,40,220,20,84,105,11
S01008211,435,33,92,268,42,223,8,25,156,34,212,25,67,112,8
S01008212,341,22,80,196,43,173,8,8,122,35,168,14,72,74,8
S01008213,531,37,113,323,58,277,11,17,199,50,254,26,96,124,8
S01008214,289,20,71,170,28,151,7,14,107,23,138,13,57,63,5
S01008215,378,20,84,251,23,188,7,21,140,20,190,13,63,111,3
S01008216,292,20,64,184,24,147,5,11,110,21,145,15,53,74,3
S01008217,321,26,74,188,33,171,8,20,119,24,150,18,54,69,9
S01008218,645,47,125,398,75,336,13,16,247,60,309,34,109,151,15
S01008219,522,37,113,325,47,267,15,24,189,39,255,22,89,136,8
S01008220,265,18,67,162,18,131,5,13,101,12,134,13,54,61,6
S01008221,285,13,71,177,24,144,3,15,107,19,141,10,56,70,5
S01008222,240,18,57,151,14,125,6,13,94,12,115,12,44,57,2
S01008223,249,13,57,153,26,122,2,10,93,17,127,11,47,60,9
S01008224,552,37,120,356,39,285,10,29,213,33,267,27,91,143,6
S01008225,379,26,91,240,22,196,8,13,156,19,183,18,78,84,3
S01008226,321,24,82,194,21,157,6,19,115,17,164,18,63,79,4
S01008227,375,19,84,246,26,192,5,21,146,20,183,14,63,100,6
S01008228,339,21,73,214,31,174,7,18,127,22,165,14,55,87,9
S01008229,324,15,81,215,13,158,3,18,129,8,166,12,63,86,5
S01008230,488,25,96,321,46,248,5,19,190,34,240,20,77,131,12
S01008231,444,28,89,274,53,227,5,7,173,42,217,23,82,101,11
S01008232,390,14,75,268,33,194,1,11,159,23,196,13,64,109,10
S01008233,272,15,40,188,29,145,2,5,112,26,127,13,35,76,3
S01008234,173,9,34,119,11,83,0,3,72,8,90,9,31,47,3
S01008235,401,19,99,247,36,206,5,20,151,30,195,14,79,96,6
S01008236,414,20,90,263,41,211,3,19,154,35,203,17,71,109,6
S01008237,426,32,102,259,33,225,8,30,160,27,201,24,72,99,6
S01008238,342,22,77,216,27,179,4,13,142,20,163,18,64,74,7
S01008239,411,27,91,251,42,213,8,13,159,33,198,19,78,92,9
S01008240,398,40,71,247,40,204,10,16,147,31,194,30,55,100,9
S01008241,301,28,61,165,47,152,11,13,95,33,149,17,48,70,14
S01008242,383,33,89,216,45,204,9,25,132,38,179,24,64,84,7
S01008243,460,47,90,250,73,248,11,14,164,59,212,36,76,86,14
S01008244,242,30,56,127,29,109,6,15,68,20,133,24,41,59,9
S01008245,507,36,126,276,69,269,11,22,179,57,238,25,104,97,12
S01008246,524,42,120,274,88,273,8,29,164,72,251,34,91,110,16
S01008247,434,38,88,230,78,221,8,17,137,59,213,30,71,93,19
S01008248,424,31,96,216,81,228,7,21,132,68,196,24,75,84,13
S01008249,445,32,91,240,82,246,3,22,150,71,199,29,69,90,11
S01008250,533,40,114,276,103,271,15,27,148,81,262,25,87,128,22
S01008251,381,39,98,191,53,199,7,16,131,45,182,32,82,60,8
S01008252,406,43,97,225,41,218,10,22,148,38,188,33,75,77,3
S01008253,352,15,79,229,29,184,3,16,140,25,168,12,63,89,4
S01008254,441,29,95,283,34,232,8,18,178,28,209,21,77,105,6
S01008255,359,25,80,216,38,179,5,13,131,30,180,20,67,85,8
S01008256,400,34,95,235,36,209,11,26,139,33,191,23,69,96,3
S01008257,256,22,54,159,21,131,6,14,94,17,125,16,40,65,4
S01008258,477,33,82,310,52,251,10,12,188,41,226,23,70,122,11
S01008259,392,30,80,230,52,216,9,28,139,40,176,21,52,91,12
S01008260,388,25,81,255,27,195,8,21,143,23,193,17,60,112,4
S01008261,437,33,114,255,35,227,10,33,154,30,210,23,81,101,5
S01008262,333,30,76,175,52,164,2,12,108,42,169,28,64,67,10
S01008263,286,27,49,157,53,156,8,17,91,40,130,19,32,66,13
S01008264,344,28,84,191,41,173,4,16,118,35,171,24,68,73,6
S01008265,278,25,53,145,55,155,9,9,94,43,123,16,44,51,12
S01008266,282,33,60,143,46,151,11,18,88,34,131,22,42,55,12
S01008267,406,34,88,215,69,227,7,32,139,49,179,27,56,76,20
S01008268,365,34,78,178,75,209,10,23,116,60,156,24,55,62,15
S01008269,283,29,66,149,39,149,7,20,88,34,134,22,46,61,5
S01008270,296,24,76,157,39,148,5,19,91,33,148,19,57,66,6
S01008271,318,23,61,189,45,165,6,20,105,34,153,17,41,84,11
S01008272,482,52,109,250,71,249,16,26,148,59,233,36,83,102,12
S01008273,367,40,94,174,59,180,5,18,111,46,187,35,76,63,13
S01008274,304,25,84,176,19,157,8,11,123,15,147,17,73,53,4
S01008275,258,19,70,115,54,141,7,20,70,44,117,12,50,45,10
S01008276,276,35,66,129,46,150,8,16,90,36,126,27,50,39,10
S01008277,264,22,72,121,49,140,4,20,71,45,124,18,52,50,4
S01008278,371,26,85,198,62,193,4,14,127,48,178,22,71,71,14
S01008279,335,28,69,199,39,171,6,13,121,31,164,22,56,78,8
S01008280,481,45,100,253,83,258,9,30,158,61,223,36,70,95,22
S01008281,394,22,75,227,70,206,3,20,127,56,188,19,55,100,14
S01008282,365,31,80,173,81,194,7,15,107,65,171,24,65,66,16
S01008283,278,32,55,145,46,145,10,10,86,39,133,22,45,59,7
S01008284,437,34,106,252,45,226,7,18,163,38,211,27,88,89,7
S01008285,316,22,96,168,30,156,1,22,106,27,160,21,74,62,3
S01008286,354,20,85,216,33,189,1,15,144,29,165,19,70,72,4
S01008287,376,26,99,207,44,191,7,19,130,35,185,19,80,77,9
S01008288,401,30,103,224,44,213,11,22,144,36,188,19,81,80,8
S01008289,342,23,69,215,35,175,5,14,127,29,167,18,55,88,6
S01008290,418,27,87,246,58,216,5,24,141,46,202,22,63,105,12
S01008291,315,15,59,204,37,165,2,7,127,29,150,13,52,77,8
S01008292,389,29,117,214,29,188,8,20,139,21,201,21,97,75,8
S01008293,297,23,65,164,45,153,4,8,102,39,144,19,57,62,6
S01008294,463,35,95,269,64,246,7,10,176,53,217,28,85,93,11
S01008295,553,42,122,329,60,282,17,27,190,48,271,25,95,139,12
S01008296,283,26,64,167,26,155,9,13,112,21,128,17,51,55,5
S01008297,393,31,86,244,32,207,10,23,149,25,186,21,63,95,7
S01008298,384,19,92,228,45,208,9,24,140,35,176,10,68,88,10
S01008299,278,16,70,172,20,149,4,23,104,18,129,12,47,68,2
S01008300,362,37,77,223,25,168,11,17,119,21,194,26,60,104,4
S01008301,463,30,96,288,49,242,10,23,174,35,221,20,73,114,14
S01008302,368,38,65,201,64,194,13,15,114,52,174,25,50,87,12
S01008303,275,14,51,183,27,143,5,11,107,20,132,9,40,76,7
S01008304,232,20,37,147,28,128,14,11,80,23,104,6,26,67,5
S01008305,429,42,86,267,34,210,13,20,150,27,219,29,66,117,7
S01008306,351,32,73,217,29,171,9,8,129,25,180,23,65,88,4
S01008307,313,20,70,193,30,160,4,12,121,23,153,16,58,72,7
S01008308,281,19,53,173,36,148,9,15,98,26,133,10,38,75,10
S01008309,273,20,54,180,19,135,8,10,103,14,138,12,44,77,5
S01008310,444,27,94,289,34,219,14,17,158,30,225,13,77,131,4
S01008311,187,12,33,128,14,103,4,10,77,12,84,8,23,51,2
S01008312,206,14,40,135,17,106,3,8,80,15,100,11,32,55,2
S01008313,338,13,84,214,27,162,3,18,121,20,176,10,66,93,7
S01008314,270,17,61,174,18,139,5,19,100,15,131,12,42,74,3
S01008315,317,11,58,223,25,151,1,11,123,16,166,10,47,100,9
S01008316,193,8,52,120,13,89,1,15,61,12,104,7,37,59,1
S01008317,354,11,74,224,45,186,4,18,128,36,168,7,56,96,9
S01008318,486,29,98,285,74,249,4,23,167,55,237,25,75,118,19
S01008319,311,17,70,203,21,150,2,18,115,15,161,15,52,88,6
S01008320,267,17,63,162,25,141,3,24,96,18,126,14,39,66,7
S01008321,303,24,56,198,25,151,8,8,115,20,152,16,48,83,5
S01008322,473,36,91,299,47,224,12,22,158,32,249,24,69,141,15
S01008323,304,20,86,163,35,152,5,20,98,29,152,15,66,65,6
S01008324,281,16,61,180,24,145,7,23,101,14,136,9,38,79,10
S01008325,308,13,84,196,15,138,4,19,105,10,170,9,65,91,5
S01008326,395,26,102,231,36,197,5,26,132,34,198,21,76,99,2
S01008327,375,20,80,261,14,188,2,18,157,11,187,18,62,104,3
S01008328,358,29,75,215,39,179,9,21,118,31,179,20,54,97,8
S01008329,460,38,100,278,44,237,12,24,165,36,223,26,76,113,8
S01008330,457,40,125,248,44,226,7,37,146,36,231,33,88,102,8
S01008331,342,21,84,200,37,169,8,18,113,30,173,13,66,87,7
S01008332,426,46,93,226,61,216,16,25,128,47,210,30,68,98,14
S01008333,390,34,93,208,55,203,9,28,124,42,187,25,65,84,13
S01008334,324,29,61,174,60,172,8,19,103,42,152,21,42,71,18
S01008335,306,29,81,165,31,148,7,18,98,25,158,22,63,67,6
S01008336,299,28,84,149,38,150,10,26,81,33,149,18,58,68,5
S01008337,465,26,102,290,47,233,6,26,169,32,232,20,76,121,15
S01008338,449,38,110,227,74,228,11,16,138,63,221,27,94,89,11
S01008339,377,32,98,202,45,190,12,28,116,34,187,20,70,86,11
S01008340,472,43,103,270,56,228,16,26,141,45,244,27,77,129,11
S01008341,369,35,84,183,67,189,10,16,109,54,180,25,68,74,13
S01008342,409,28,97,226,58,219,9,30,135,45,190,19,67,91,13
S01008343,397,62,76,198,61,218,23,19,126,50,179,39,57,72,11
S01008344,412,38,97,187,90,231,16,32,105,78,181,22,65,82,12
S01008345,390,48,74,172,96,218,16,24,101,77,172,32,50,71,19
S01008346,447,59,95,207,86,231,14,16,135,66,216,45,79,72,20
S01008347,398,36,85,222,55,196,13,16,123,44,202,23,69,99,11
S01008348,309,35,61,163,50,161,13,17,92,39,148,22,44,71,11
S01008349,393,41,88,173,91,212,11,16,106,79,181,30,72,67,12
S01008350,242,25,49,111,57,128,5,18,61,44,114,20,31,50,13
S01008351,424,47,83,230,64,213,16,17,131,49,211,31,66,99,15
S01008352,291,26,62,145,58,168,12,15,93,48,123,14,47,52,10
S01008353,224,28,41,114,41,119,7,10,66,36,105,21,31,48,5
S01008354,337,32,60,171,74,183,8,12,107,56,154,24,48,64,18
S01008355,277,24,55,159,39,135,6,9,85,35,142,18,46,74,4
S01008356,324,22,75,193,34,158,2,21,106,29,166,20,54,87,5
S01008357,344,29,68,191,56,167,4,9,110,44,177,25,59,81,12
S01008358,302,21,66,176,39,139,3,11,96,29,163,18,55,80,10
S01008359,308,25,60,184,39,160,9,9,111,31,148,16,51,73,8
S01008360,417,43,96,221,57,205,14,22,126,43,212,29,74,95,14
S01008361,273,24,50,161,38,138,7,8,95,28,135,17,42,66,10
S01008362,497,31,110,304,52,234,7,17,170,40,263,24,93,134,12
S01008363,370,32,77,218,43,198,13,18,130,37,172,19,59,88,6
S01008364,365,42,81,191,51,179,18,22,100,39,186,24,59,91,12
S01008365,292,38,68,147,39,150,7,16,92,35,142,31,52,55,4
S01008366,365,31,80,221,33,185,12,19,131,23,180,19,61,90,10
S01008367,339,31,78,186,44,163,9,12,109,33,176,22,66,77,11
S01008368,344,21,69,226,28,169,7,15,124,23,175,14,54,102,5
S01008369,250,16,55,158,21,119,7,7,90,15,131,9,48,68,6
S01008370,348,37,70,201,40,165,10,18,107,30,183,27,52,94,10
S01008371,388,38,97,210,43,186,13,15,123,35,202,25,82,87,8
S01008372,393,28,93,226,46,206,12,22,138,34,187,16,71,88,12
S01008373,417,43,99,227,48,217,16,17,143,41,200,27,82,84,7
S01008374,361,40,81,208,32,180,13,16,126,25,181,27,65,82,7
S01008375,401,38,102,210,51,215,14,31,127,43,186,24,71,83,8
S01008376,263,20,59,149,35,142,6,11,96,29,121,14,48,53,6
S01008377,381,26,79,219,57,198,10,11,132,45,183,16,68,87,12
S01008378,477,42,96,271,68,244,20,25,145,54,233,22,71,126,14
S01008379,221,22,52,116,31,119,8,16,70,25,102,14,36,46,6
S01008380,336,34,79,178,45,176,12,21,105,38,160,22,58,73,7
S01008381,358,35,76,211,36,181,11,15,125,30,177,24,61,86,6
S01008382,296,26,68,169,33,162,10,10,116,26,134,16,58,53,7
S01008383,249,21,53,150,25,132,6,9,94,23,117,15,44,56,2
S01008384,502,33,116,304,49,253,8,25,184,36,249,25,91,120,13
S01008385,317,29,59,174,55,171,7,13,109,42,146,22,46,65,13
S01008386,422,23,102,260,37,210,11,27,143,29,212,12,75,117,8
S01008387,328,19,75,207,27,159,8,14,114,23,169,11,61,93,4
S01008388,367,26,74,236,31,183,11,16,131,25,184,15,58,105,6
S01008389,210,18,43,114,35,98,3,7,62,26,112,15,36,52,9
S01008390,314,30,65,183,36,160,8,19,105,28,154,22,46,78,8
S01008391,310,32,63,171,44,173,13,18,108,34,137,19,45,63,10
S01008392,485,49,97,268,71,240,20,18,149,53,245,29,79,119,18
S01008393,343,41,74,182,46,180,15,14,113,38,163,26,60,69,8
S01008394,405,32,87,226,60,216,8,21,138,49,189,24,66,88,11
S01008395,295,22,73,182,18,152,7,17,113,15,143,15,56,69,3
S01008396,250,18,49,156,27,127,6,17,85,19,123,12,32,71,8
S01008397,469,35,105,278,51,235,14,32,153,36,234,21,73,125,15
S01008398,263,21,56,144,42,141,5,13,94,29,122,16,43,50,13
S01008399,221,17,43,138,23,118,6,17,76,19,103,11,26,62,4
S01008400,314,25,79,175,35,161,9,16,111,25,153,16,63,64,10
S01008401,445,32,102,258,53,218,8,30,135,45,227,24,72,123,8
S01008402,490,45,118,229,98,270,16,34,137,83,220,29,84,92,15
S01008403,279,31,60,148,40,140,10,5,93,32,139,21,55,55,8
S01008404,404,42,80,225,57,219,11,18,142,48,185,31,62,83,9
S01008405,385,34,94,185,72,206,10,25,115,56,179,24,69,70,16
S01008406,367,36,77,194,60,190,8,19,115,48,177,28,58,79,12
S01008407,214,14,44,134,22,102,6,9,70,17,112,8,35,64,5
S01008408,339,22,84,196,37,168,10,16,115,27,171,12,68,81,10
S01008409,376,29,82,232,33,185,8,18,135,24,191,21,64,97,9
S01008410,238,20,48,143,27,120,4,14,82,20,118,16,34,61,7
S01008411,315,25,75,186,29,141,8,12,101,20,174,17,63,85,9
S01008412,325,45,67,162,51,166,18,18,87,43,159,27,49,75,8
S01008413,265,19,68,148,30,142,9,20,88,25,123,10,48,60,5
S01008414,219,25,40,131,23,115,5,10,81,19,104,20,30,50,4
S01008415,434,38,103,255,38,219,19,30,135,35,215,19,73,120,3
S01008416,430,26,97,266,41,215,10,20,154,31,215,16,77,112,10
S01008417,353,43,86,180,44,174,7,18,111,38,179,36,68,69,6
S01008418,375,23,92,215,45,185,9,20,121,35,190,14,72,94,10
S01008419,242,30,53,120,39,125,9,15,73,28,117,21,38,47,11
S01008420,240,26,53,139,22,116,6,15,78,17,124,20,38,61,5
S01008421,431,32,90,266,43,210,6,18,154,32,221,26,72,112,11
S01008422,269,21,72,124,52,144,4,18,79,43,125,17,54,45,9
S01008423,482,40,101,237,104,253,13,12,137,91,229,27,89,100,13
S01008424,332,41,77,171,43,177,13,13,115,36,155,28,64,56,7
S01008425,677,161,161,300,55,364,75,58,189,42,313,86,103,111,13
S01008426,253,13,60,162,18,130,3,14,100,13,123,10,46,62,5
S01008427,647,54,144,384,65,330,17,26,235,52,317,37,118,149,13
S01008428,298,19,63,188,28,149,2,11,114,22,149,17,52,74,6
S01008429,390,29,93,227,41,205,7,23,142,33,185,22,70,85,8
S01008430,302,27,68,168,39,147,7,11,103,26,155,20,57,65,13
S01008431,387,41,93,233,20,190,15,19,140,16,197,26,74,93,4
S01008432,300,27,81,166,26,162,14,14,112,22,138,13,67,54,4
S01008433,450,34,105,275,36,236,15,23,168,30,214,19,82,107,6
S01008434,415,35,87,258,35,215,6,19,158,32,200,29,68,100,3
S01008435,368,32,74,222,40,194,4,18,143,29,174,28,56,79,11
S01008436,412,34,85,225,68,205,11,21,123,50,207,23,64,102,18
S01008437,349,22,63,214,50,177,9,14,121,33,172,13,49,93,17
S01008438,245,23,42,144,36,127,5,12,83,27,118,18,30,61,9
S01008439,528,43,113,276,96,279,10,25,166,78,249,33,88,110,18
S01008440,440,48,83,239,70,231,19,18,137,57,209,29,65,102,13
S01008441,224,32,46,121,25,119,10,11,76,22,105,22,35,45,3
S01008442,385,19,69,233,64,192,6,17,122,47,193,13,52,111,17
S01008443,253,19,51,123,60,139,10,10,73,46,114,9,41,50,14
S01008444,337,27,67,182,61,194,8,20,116,50,143,19,47,66,11
S01008445,310,22,68,157,63,180,3,9,115,53,130,19,59,42,10
S01008446,400,33,83,211,73,209,9,19,128,53,191,24,64,83,20
S01008447,341,22,67,196,56,171,3,19,106,43,170,19,48,90,13
S01008448,365,31,85,205,44,198,13,25,125,35,167,18,60,80,9
S01008449,310,23,77,194,16,149,9,21,109,10,161,14,56,85,6
S01008450,224,15,76,115,18,93,5,21,53,14,131,10,55,62,4
S01008451,232,17,83,120,12,115,7,22,76,10,117,10,61,44,2
S01008452,233,17,64,133,19,108,5,18,76,9,125,12,46,57,10
S01008453,271,15,54,188,14,136,5,20,100,11,135,10,34,88,3
S01008454,354,27,106,200,21,171,8,35,112,16,183,19,71,88,5
S01008455,361,27,78,231,25,213,14,27,151,21,148,13,51,80,4
S01008456,359,34,106,205,14,217,18,40,146,13,142,16,66,59,1
S01008457,244,16,50,166,12,127,7,16,97,7,117,9,34,69,5
S01008458,465,32,93,311,29,238,11,23,179,25,227,21,70,132,4
S01008459,299,21,76,184,18,160,6,33,106,15,139,15,43,78,3
S01008460,259,25,78,140,16,138,10,23,93,12,121,15,55,47,4
S01008461,360,23,87,227,23,192,10,23,143,16,168,13,64,84,7
S01008462,189,11,45,122,11,101,4,16,73,8,88,7,29,49,3
S01008463,278,17,77,171,13,149,6,22,110,11,129,11,55,61,2
S01008464,418,22,87,282,27,206,8,14,160,24,212,14,73,122,3
S01008465,388,17,87,266,18,190,4,24,148,14,198,13,63,118,4
S01008466,351,20,79,226,26,185,8,16,139,22,166,12,63,87,4
S01008467,373,21,98,232,22,188,7,18,144,19,185,14,80,88,3
S01008468,258,22,59,154,23,133,7,15,91,20,125,15,44,63,3
S01008469,291,25,65,181,20,152,9,20,105,18,139,16,45,76,2
S01008470,282,16,70,184,12,150,6,26,108,10,132,10,44,76,2
S01008471,348,18,107,202,21,184,7,32,127,18,164,11,75,75,3
S01008472,284,13,59,191,21,148,5,17,109,17,136,8,42,82,4
S01008473,306,18,82,185,21,157,3,22,115,17,149,15,60,70,4
S01008474,329,15,78,210,26,181,5,27,127,22,148,10,51,83,4
S01008475,256,18,66,153,19,119,5,17,81,16,137,13,49,72,3
S01008476,308,11,63,216,18,149,4,11,121,13,159,7,52,95,5
S01008477,361,15,71,261,14,182,8,25,136,13,179,7,46,125,1
S01008478,318,15,79,200,24,151,6,19,109,17,167,9,60,91,7
S01008479,319,13,69,221,16,162,1,21,127,13,157,12,48,94,3
S01008480,298,19,54,209,16,151,6,11,121,13,147,13,43,88,3
S01008481,476,29,128,278,41,276,12,48,179,37,200,17,80,99,4
S01008482,255,19,60,163,13,129,8,21,89,11,126,11,39,74,2
S01008483,282,14,58,193,17,149,9,15,112,13,133,5,43,81,4
S01008484,359,24,84,232,19,182,3,21,143,15,177,21,63,89,4
S01008485,499,33,112,309,45,264,8,32,188,36,235,25,80,121,9
S01008486,386,26,63,264,33,205,9,22,154,20,181,17,41,110,13
S01008487,507,22,63,372,50,275,10,18,213,34,232,12,45,159,16
S01008488,389,25,63,266,35,201,7,16,151,27,188,18,47,115,8
S01008489,302,21,72,192,17,150,7,16,116,11,152,14,56,76,6
S01008490,543,28,83,386,46,284,13,28,214,29,259,15,55,172,17
S01008491,494,40,83,333,38,254,20,22,187,25,240,20,61,146,13
S01008492,584,32,91,419,42,289,14,37,216,22,295,18,54,203,20
S01008493,385,27,80,260,18,189,8,22,146,13,196,19,58,114,5
S01008494,375,15,56,280,24,194,6,24,151,13,181,9,32,129,11
S01008495,580,36,66,438,40,307,14,29,239,25,273,22,37,199,15
S01008496,660,30,84,495,51,364,12,42,267,43,296,18,42,228,8
S01008497,567,36,88,415,28,305,15,42,225,23,262,21,46,190,5
S01008498,507,45,82,341,39,263,21,29,184,29,244,24,53,157,10
S01008499,620,50,86,439,45,343,25,43,243,32,277,25,43,196,13
S01008500,211,11,44,138,18,118,4,20,85,9,93,7,24,53,9
S01008501,408,34,53,291,30,221,17,20,169,15,187,17,33,122,15
S01008502,440,35,48,324,33,216,17,16,172,11,224,18,32,152,22
S01008503,583,46,84,405,48,292,14,25,225,28,291,32,59,180,20
S01008504,698,60,102,474,62,334,27,21,252,34,364,33,81,222,28
S01008505,444,34,80,274,56,210,6,26,138,40,234,28,54,136,16
S01008506,423,39,65,251,68,200,14,15,127,44,223,25,50,124,24
S01008507,533,44,87,338,64,247,14,28,165,40,286,30,59,173,24
S01008508,437,41,78,255,63,223,11,14,152,46,214,30,64,103,17
S01008509,512,28,82,310,92,246,7,19,158,62,266,21,63,152,30
S01008510,457,31,103,264,59,233,15,29,145,44,224,16,74,119,15
S01008511,408,29,98,218,63,216,10,21,137,48,192,19,77,81,15
S01008512,240,22,56,124,38,128,8,8,82,30,112,14,48,42,8
S01008513,291,25,78,139,49,158,12,19,88,39,133,13,59,51,10
S01008514,395,27,91,212,65,209,10,20,128,51,186,17,71,84,14
S01008515,400,30,93,217,60,203,8,19,127,49,197,22,74,90,11
S01008516,541,33,75,369,64,285,11,30,209,35,256,22,45,160,29
S01008517,479,33,74,299,73,231,16,31,140,44,248,17,43,159,29
S01008518,459,35,84,260,80,242,13,18,157,54,217,22,66,103,26
S01008519,383,34,80,191,78,193,10,18,109,56,190,24,62,82,22
S01008520,478,43,88,263,84,255,12,23,158,62,223,31,65,105,22
S01008521,416,25,87,218,86,224,7,13,133,71,192,18,74,85,15
S01008522,246,25,34,139,48,130,9,8,80,33,116,16,26,59,15
S01008523,478,37,80,249,112,255,8,17,144,86,223,29,63,105,26
S01008524,388,27,99,249,13,199,15,36,137,11,189,12,63,112,2
S01008525,282,20,77,168,17,130,6,17,95,12,152,14,60,73,5
S01008526,421,30,85,270,36,221,13,32,147,29,200,17,53,123,7
S01008527,391,29,81,255,26,182,15,17,131,19,209,14,64,124,7
S01008528,354,26,91,212,25,172,9,25,118,20,182,17,66,94,5
S01008529,371,28,84,240,19,190,9,24,142,15,181,19,60,98,4
S01008530,311,22,77,195,17,142,11,20,98,13,169,11,57,97,4
S01008531,333,27,99,180,27,154,4,29,101,20,179,23,70,79,7
S01008532,184,12,48,112,12,91,4,12,64,11,93,8,36,48,1
S01008533,254,11,42,159,42,157,2,8,108,39,97,9,34,51,3
S01008534,386,36,80,217,53,208,13,22,130,43,178,23,58,87,10
S01008535,370,41,79,220,30,189,14,19,129,27,181,27,60,91,3
S01008536,259,16,60,156,27,131,5,11,94,21,128,11,49,62,6
S01008537,320,34,69,186,31,156,11,12,106,27,164,23,57,80,4
S01008538,231,25,56,118,32,114,9,13,69,23,117,16,43,49,9
S01008539,437,32,90,252,63,220,10,17,148,45,217,22,73,104,18
S01008540,405,39,85,228,53,205,11,17,138,39,200,28,68,90,14
S01008541,435,33,98,264,40,211,6,11,161,33,224,27,87,103,7
S01008542,475,46,127,251,51,246,14,24,165,43,229,32,103,86,8
S01008543,405,28,100,240,37,217,9,20,160,28,188,19,80,80,9
S01008544,358,32,75,189,62,185,13,10,114,48,173,19,65,75,14
S01008545,410,34,76,221,79,219,12,12,134,61,191,22,64,87,18
S01008546,388,29,88,209,62,210,9,23,129,49,178,20,65,80,13
S01008547,586,34,118,373,61,294,18,31,197,48,292,16,87,176,13
S01008548,492,19,92,338,43,237,4,29,172,32,255,15,63,166,11
S01008549,508,31,102,323,52,254,12,22,180,40,254,19,80,143,12
S01008550,427,26,75,265,61,217,11,17,146,43,210,15,58,119,18
S01008551,538,33,105,341,59,272,12,30,181,49,266,21,75,160,10
S01008552,437,33,97,260,47,226,11,26,156,33,211,22,71,104,14
S01008553,252,16,57,153,26,130,4,15,92,19,122,12,42,61,7
S01008554,380,18,97,245,20,192,6,28,145,13,188,12,69,100,7
S01008555,397,28,106,240,23,190,9,31,135,15,207,19,75,105,8
S01008556,283,19,68,182,14,135,7,20,99,9,148,12,48,83,5
S01008557,308,27,74,195,12,151,9,20,112,10,157,18,54,83,2
S01008558,363,20,92,226,25,190,12,23,134,21,173,8,69,92,4
S01008559,289,9,78,186,16,143,3,11,115,14,146,6,67,71,2
S01008560,300,15,83,181,21,151,6,23,107,15,149,9,60,74,6
S01008561,291,20,67,188,16,157,6,12,125,14,134,14,55,63,2
S01008562,208,15,58,118,17,89,3,13,62,11,119,12,45,56,6
S01008563,360,19,73,236,32,180,5,16,139,20,180,14,57,97,12
S01008564,269,12,34,203,20,131,4,5,108,14,138,8,29,95,6
S01008565,363,22,100,223,18,163,5,22,120,16,200,17,78,103,2
S01008566,450,26,107,292,25,225,4,26,175,20,225,22,81,117,5
S01008567,322,17,70,214,21,179,6,26,132,15,143,11,44,82,6
S01008568,415,25,101,254,35,205,6,36,136,27,210,19,65,118,8
S01008569,237,17,68,144,8,142,6,25,105,6,95,11,43,39,2
S01008570,356,26,98,207,25,165,10,26,108,21,191,16,72,99,4
S01008571,284,15,89,155,25,142,6,20,95,21,142,9,69,60,4
S01008572,364,19,87,239,19,187,4,30,139,14,177,15,57,100,5
S01008573,435,29,88,279,39,225,4,20,172,29,210,25,68,107,10
S01008574,430,33,82,278,37,217,7,28,160,22,213,26,54,118,15
S01008575,392,19,76,244,53,205,6,20,143,36,187,13,56,101,17
S01008576,446,34,107,266,39,211,8,30,147,26,235,26,77,119,13
S01008577,374,31,80,227,36,180,9,14,133,24,194,22,66,94,12
S01008578,354,39,59,197,59,185,14,18,110,43,169,25,41,87,16
S01008579,291,22,71,158,40,148,9,20,88,31,143,13,51,70,9
S01008580,279,23,55,180,21,145,6,18,106,15,134,17,37,74,6
S01008581,389,19,90,253,27,189,8,31,132,18,200,11,59,121,9
S01008582,457,43,92,287,35,239,12,25,176,26,218,31,67,111,9
S01008583,307,17,59,210,21,150,8,14,112,16,157,9,45,98,5
S01008584,358,24,74,226,34,187,9,16,131,31,171,15,58,95,3
S01008585,264,13,62,166,23,136,6,15,100,15,128,7,47,66,8
S01008586,328,28,80,199,21,173,4,27,123,19,155,24,53,76,2
S01008587,369,45,77,181,66,201,19,29,102,51,168,26,48,79,15
S01008588,344,27,81,202,34,176,15,17,123,21,168,12,64,79,13
S01008589,171,17,37,99,18,86,3,7,62,14,85,14,30,37,4
S01008590,308,18,58,195,37,153,12,14,100,27,155,6,44,95,10
S01008591,392,33,93,213,53,209,13,25,127,44,183,20,68,86,9
S01008592,317,42,67,184,24,162,17,18,109,18,155,25,49,75,6
S01008593,361,36,65,174,86,193,10,17,94,72,168,26,48,80,14
S01008594,490,41,81,270,98,254,13,19,153,69,236,28,62,117,29
S01008595,336,23,72,208,33,178,13,20,123,22,158,10,52,85,11
S01008596,345,35,58,227,25,171,14,17,124,16,174,21,41,103,9
S01008597,427,28,98,259,42,207,6,20,150,31,220,22,78,109,11
S01008598,343,57,61,185,40,168,29,24,91,24,175,28,37,94,16
S01008599,453,51,70,241,91,252,25,27,139,61,201,26,43,102,30
S01008600,332,33,65,176,58,177,17,20,98,42,155,16,45,78,16
S01008601,500,215,80,173,32,239,86,28,105,20,261,129,52,68,12
S01008602,295,56,41,168,30,156,23,21,90,22,139,33,20,78,8
S01008603,524,83,85,308,48,270,33,30,180,27,254,50,55,128,21
S01008604,430,51,75,235,69,228,15,32,134,47,202,36,43,101,22
S01008605,372,38,52,231,51,200,15,23,124,38,172,23,29,107,13
S01008606,380,42,90,182,66,196,14,18,114,50,184,28,72,68,16
S01008607,263,23,63,125,52,135,8,17,72,38,128,15,46,53,14
S01008608,315,33,61,179,42,159,13,16,108,22,156,20,45,71,20
S01008609,385,22,74,214,75,197,6,19,116,56,188,16,55,98,19
S01008610,338,49,51,180,58,176,18,16,103,39,162,31,35,77,19
S01008611,581,132,86,293,70,279,35,30,165,49,302,97,56,128,21
S01008612,378,55,72,204,47,202,23,29,124,26,176,32,43,80,21
S01008613,361,46,83,169,63,181,13,28,96,44,180,33,55,73,19
S01008614,293,58,60,159,16,154,32,22,91,9,139,26,38,68,7
S01008615,368,72,67,180,49,188,28,22,103,35,180,44,45,77,14
S01008616,319,89,53,148,29,147,26,15,87,19,172,63,38,61,10
S01008617,306,71,74,128,33,158,37,30,68,23,148,34,44,60,10
S01008618,295,81,43,152,19,132,34,10,75,13,163,47,33,77,6
S01008619,258,48,49,136,25,120,16,23,65,16,138,32,26,71,9
S01008620,360,84,46,186,44,168,23,15,104,26,192,61,31,82,18
S01008621,327,77,71,145,34,148,30,28,70,20,179,47,43,75,14
S01008622,252,37,47,124,44,131,13,16,74,28,121,24,31,50,16
S01008623,382,75,72,192,43,201,28,28,115,30,181,47,44,77,13
S01008624,266,35,48,130,53,144,13,16,71,44,122,22,32,59,9
S01008625,262,21,55,115,71,142,10,11,67,54,120,11,44,48,17
S01008626,482,37,82,287,76,255,11,23,160,61,227,26,59,127,15
S01008627,334,30,65,168,71,171,4,15,98,54,163,26,50,70,17
S01008628,332,31,53,194,54,161,7,13,106,35,171,24,40,88,19
S01008629,294,23,65,159,47,137,6,17,87,27,157,17,48,72,20
S01008630,291,23,57,189,22,158,15,25,106,12,133,8,32,83,10
S01008631,512,30,86,308,88,274,13,36,163,62,238,17,50,145,26
S01008632,459,23,82,283,71,225,10,29,139,47,234,13,53,144,24
S01008633,366,39,67,192,68,186,13,15,109,49,180,26,52,83,19
S01008634,353,46,68,181,58,192,22,14,113,43,161,24,54,68,15
S01008635,451,60,59,255,77,228,23,15,129,61,223,37,44,126,16
S01008636,428,58,72,231,67,206,17,21,122,46,222,41,51,109,21
S01008637,341,27,43,209,62,174,6,18,113,37,167,21,25,96,25
S01008638,363,40,68,199,56,193,20,23,113,37,170,20,45,86,19
S01008639,556,43,100,336,77,283,14,39,181,49,273,29,61,155,28
S01008640,457,39,75,291,52,232,21,28,146,37,225,18,47,145,15
S01008641,447,54,84,245,64,207,15,35,117,40,240,39,49,128,24
S01008642,555,59,93,329,74,275,26,33,166,50,280,33,60,163,24
S01008643,438,38,65,252,83,213,10,24,121,58,225,28,41,131,25
S01008644,415,36,62,279,38,203,13,22,142,26,212,23,40,137,12
S01008645,460,52,84,278,46,236,21,34,151,30,224,31,50,127,16
S01008646,525,42,103,324,56,282,26,40,176,40,243,16,63,148,16
S01008647,422,32,51,304,35,229,17,21,173,18,193,15,30,131,17
S01008648,395,32,54,274,35,191,13,22,133,23,204,19,32,141,12
S01008649,581,29,55,451,46,307,8,22,250,27,274,21,33,201,19
S01008650,514,35,78,354,47,260,16,30,184,30,254,19,48,170,17
S01008651,508,64,101,300,43,276,22,46,179,29,232,42,55,121,14
S01008652,380,31,66,248,35,204,15,28,137,24,176,16,38,111,11
S01008653,386,45,50,268,23,223,23,23,160,17,163,22,27,108,6
S01008654,590,51,106,403,30,328,23,54,230,21,262,28,52,173,9
S01008655,514,48,58,344,64,281,23,22,186,50,233,25,36,158,14
S01008656,382,31,62,258,31,228,13,38,156,21,154,18,24,102,10
S01008657,414,44,84,267,19,211,20,35,143,13,203,24,49,124,6
S01008658,560,75,108,344,33,294,33,47,190,24,266,42,61,154,9
S01008659,458,77,87,261,33,237,31,29,158,19,221,46,58,103,14
S01008660,507,72,96,264,75,302,32,44,168,58,205,40,52,96,17
S01008661,460,66,98,253,43,232,17,40,142,33,228,49,58,111,10
S01008662,341,88,63,164,26,177,39,24,98,16,164,49,39,66,10
S01008663,420,55,72,245,48,222,21,24,146,31,198,34,48,99,17
S01008664,434,46,75,264,49,228,14,34,150,30,206,32,41,114,19
S01008665,615,78,113,358,66,309,33,50,178,48,306,45,63,180,18
S01008666,435,93,80,228,34,216,35,30,134,17,219,58,50,94,17
S01008667,359,71,62,199,27,165,26,23,100,16,194,45,39,99,11
S01008668,290,47,38,177,28,146,26,17,84,19,144,21,21,93,9
S01008669,177,60,34,72,11,85,22,15,38,10,92,38,19,34,1
S01008670,296,100,48,133,15,136,30,19,73,14,160,70,29,60,1
S01008671,287,81,54,126,26,148,37,23,71,17,139,44,31,55,9
S01008672,281,58,42,155,26,147,23,14,98,12,134,35,28,57,14
S01008673,421,76,69,211,65,214,24,30,117,43,207,52,39,94,22
S01008674,389,80,71,202,36,202,32,28,118,24,187,48,43,84,12
S01008675,377,26,58,247,46,224,15,22,149,38,153,11,36,98,8
S01008676,436,36,57,288,55,218,11,20,151,36,218,25,37,137,19
S01008677,438,40,83,246,69,245,18,38,136,53,193,22,45,110,16
S01008678,390,118,62,173,37,196,40,28,101,27,194,78,34,72,10
S01008679,401,72,95,197,37,221,30,46,119,26,180,42,49,78,11
S01008680,257,52,40,141,24,140,23,15,85,17,117,29,25,56,7
S01008681,331,61,47,195,28,174,20,18,119,17,157,41,29,76,11
S01008682,371,49,66,217,39,196,21,29,120,26,175,28,37,97,13
S01008683,408,58,107,216,27,219,27,43,130,19,189,31,64,86,8
S01008684,401,46,96,211,48,216,23,32,124,37,185,23,64,87,11
S01008685,439,74,82,241,42,210,17,34,132,27,229,57,48,109,15
S01008686,438,32,87,268,51,219,9,23,155,32,219,23,64,113,19
S01008687,447,37,52,318,40,243,16,24,170,33,204,21,28,148,7
S01008688,540,30,83,369,58,286,10,34,202,40,254,20,49,167,18
S01008689,564,30,90,399,45,275,12,28,208,27,289,18,62,191,18
S01008690,673,36,120,466,51,314,11,49,219,35,359,25,71,247,16
S01008691,737,42,107,523,65,389,16,47,280,46,348,26,60,243,19
S01008692,422,16,72,308,26,207,4,28,158,17,215,12,44,150,9
S01008693,239,18,58,133,30,113,6,10,70,27,126,12,48,63,3
S01008694,674,41,102,478,53,345,12,32,271,30,329,29,70,207,23
S01008695,406,28,77,272,29,185,4,25,136,20,221,24,52,136,9
S01008696,370,26,73,235,36,187,9,22,133,23,183,17,51,102,13
S01008697,535,37,109,323,66,281,13,22,198,48,254,24,87,125,18
S01008698,259,30,65,133,31,130,14,17,73,26,129,16,48,60,5
S01008699,396,21,87,262,26,203,4,22,157,20,193,17,65,105,6
S01008700,238,21,44,137,36,121,8,11,76,26,117,13,33,61,10
S01008701,157,10,46,95,6,77,4,17,52,4,80,6,29,43,2
S01008702,318,28,55,204,31,169,10,18,115,26,149,18,37,89,5
S01008703,359,24,104,213,18,190,11,43,124,12,169,13,61,89,6
S01008704,268,24,60,165,19,129,9,16,89,15,139,15,44,76,4
S01008705,198,21,43,115,19,100,8,15,60,17,98,13,28,55,2
S01008706,210,19,56,127,8,98,6,11,74,7,112,13,45,53,1
S01008707,270,15,93,141,21,133,7,27,81,18,137,8,66,60,3
S01008708,293,23,92,160,18,159,8,37,100,14,134,15,55,60,4
S01008709,284,18,85,166,15,134,6,20,98,10,150,12,65,68,5
S01008710,186,15,48,120,3,94,2,15,74,3,92,13,33,46,0
S01008711,277,24,70,162,21,143,12,11,103,17,134,12,59,59,4
S01008712,307,24,88,170,25,163,9,25,111,18,144,15,63,59,7
S01008713,248,9,72,152,15,121,4,16,92,9,127,5,56,60,6
S01008714,225,14,56,138,17,104,6,13,75,10,121,8,43,63,7
S01008715,313,19,86,185,23,154,11,21,106,16,159,8,65,79,7
S01008716,221,14,54,139,14,111,6,13,81,11,110,8,41,58,3
S01008717,228,11,48,155,14,113,4,15,83,11,115,7,33,72,3
S01008718,273,19,49,188,17,140,5,10,112,13,133,14,39,76,4
S01008719,507,30,113,324,40,254,8,22,191,33,253,22,91,133,7
S01008720,246,20,54,148,24,124,6,10,91,17,122,14,44,57,7
S01008721,494,32,99,324,39,249,5,18,196,30,245,27,81,128,9
S01008722,445,36,90,255,64,225,15,17,146,47,220,21,73,109,17
S01008723,373,33,71,217,52,193,13,15,129,36,180,20,56,88,16
S01008724,438,23,108,250,57,216,5,24,145,42,222,18,84,105,15
S01008725,390,35,69,232,54,194,14,19,121,40,196,21,50,111,14
S01008726,304,23,62,178,41,153,8,13,104,28,151,15,49,74,13
S01008727,513,29,116,313,55,249,8,27,174,40,264,21,89,139,15
S01008728,228,16,57,133,22,111,5,11,81,14,117,11,46,52,8
S01008729,359,29,90,193,47,180,8,24,119,29,179,21,66,74,18
S01008730,453,22,86,303,42,220,6,20,163,31,233,16,66,140,11
S01008731,179,14,44,107,14,86,4,17,53,12,93,10,27,54,2
S01008732,284,13,57,195,19,149,4,16,118,11,135,9,41,77,8
S01008733,510,19,92,354,45,256,7,29,190,30,254,12,63,164,15
S01008734,272,17,53,168,34,141,7,16,91,27,131,10,37,77,7
S01008735,446,38,104,239,65,227,12,26,139,50,219,26,78,100,15
S01008736,321,34,72,184,31,169,9,20,113,27,152,25,52,71,4
S01008737,374,42,90,205,37,195,18,27,121,29,179,24,63,84,8
S01008738,333,31,83,175,44,169,9,16,111,33,164,22,67,64,11
S01008739,289,23,72,174,20,150,11,15,107,17,139,12,57,67,3
S01008740,271,20,70,166,15,133,5,17,102,9,138,15,53,64,6
S01008741,445,32,101,273,39,230,9,21,169,31,215,23,80,104,8
S01008742,217,11,49,150,7,115,5,16,89,5,102,6,33,61,2
S01008743,430,24,94,280,32,218,9,24,165,20,212,15,70,115,12
S01008744,491,27,100,326,38,248,10,14,198,26,243,17,86,128,12
S01008745,243,8,47,172,16,119,4,10,95,10,124,4,37,77,6
S01008746,483,27,105,327,24,256,10,38,188,20,227,17,67,139,4
S01008747,235,15,53,145,22,113,5,13,82,13,122,10,40,63,9
S01008748,312,26,75,180,31,157,6,18,109,24,155,20,57,71,7
S01008749,466,38,104,266,58,241,11,28,156,46,225,27,76,110,12
S01008750,323,27,76,193,27,165,7,18,116,24,158,20,58,77,3
S01008751,264,23,53,172,16,135,6,16,99,14,129,17,37,73,2
S01008752,304,16,73,199,16,149,6,18,112,13,155,10,55,87,3
S01008753,230,8,57,148,17,104,0,10,80,14,126,8,47,68,3
S01008754,355,19,53,259,24,183,9,13,140,21,172,10,40,119,3
S01008755,506,22,105,352,27,281,10,35,212,24,225,12,70,140,3
S01008756,337,18,72,228,19,168,9,28,119,12,169,9,44,109,7
S01008757,207,10,48,134,15,107,4,19,72,12,100,6,29,62,3
S01008758,341,27,76,211,27,174,8,20,122,24,167,19,56,89,3
S01008759,218,11,56,143,8,101,2,11,80,8,117,9,45,63,0
S01008760,370,31,109,210,20,169,10,30,116,13,201,21,79,94,7
S01008761,418,24,81,280,33,220,5,21,167,27,198,19,60,113,6
S01008762,319,15,72,212,20,155,4,17,117,17,164,11,55,95,3
S01008763,582,27,114,399,42,281,7,31,214,29,301,20,83,185,13
S01008764,406,32,66,264,44,205,13,14,145,33,201,19,52,119,11
S01008765,497,24,94,321,58,236,8,24,165,39,261,16,70,156,19
S01008766,524,38,135,284,67,256,11,33,163,49,268,27,102,121,18
S01008767,284,16,66,178,24,144,8,16,102,18,140,8,50,76,6
S01008768,266,11,50,186,19,144,5,15,111,13,122,6,35,75,6
S01008769,520,17,44,384,75,281,5,18,211,47,239,12,26,173,28
S01008770,567,24,67,397,79,309,6,21,225,57,258,18,46,172,22
S01008771,446,12,73,261,100,243,7,22,146,68,203,5,51,115,32
S01008772,413,24,63,273,53,224,4,23,160,37,189,20,40,113,16
S01008773,609,27,98,428,56,322,15,31,242,34,287,12,67,186,22
S01008774,521,26,89,370,36,288,13,32,217,26,233,13,57,153,10
S01008775,280,23,48,175,34,142,10,13,94,25,138,13,35,81,9
S01008776,419,30,75,279,35,203,13,24,143,23,216,17,51,136,12
S01008777,491,29,99,323,40,291,15,45,198,33,200,14,54,125,7
S01008778,786,31,102,557,96,423,10,40,302,71,363,21,62,255,25
S01008779,550,28,62,368,92,287,12,22,187,66,263,16,40,181,26
S01008780,419,19,55,296,49,218,9,23,148,38,201,10,32,148,11
S01008781,616,22,95,436,63,331,8,30,242,51,285,14,65,194,12
S01008782,509,22,49,361,77,279,7,21,201,50,230,15,28,160,27
S01008783,308,10,39,223,36,151,2,12,111,26,157,8,27,112,10
S01008784,322,8,53,227,34,163,3,16,120,24,159,5,37,107,10
S01008785,395,23,87,249,36,213,10,39,135,29,182,13,48,114,7
S01008786,625,19,72,468,66,351,11,29,270,41,274,8,43,198,25
S01008787,122,16,41,55,10,68,5,21,33,9,54,11,20,22,1
S01008788,487,16,61,339,71,251,9,21,172,49,236,7,40,167,22
S01008789,283,17,44,205,17,133,4,14,106,9,150,13,30,99,8
S01008790,363,31,77,226,29,181,7,31,119,24,182,24,46,107,5
S01008791,567,30,87,401,49,296,14,26,224,32,271,16,61,177,17
S01008792,476,32,88,304,52,243,6,36,166,35,233,26,52,138,17
S01008793,193,14,40,119,20,101,6,13,65,17,92,8,27,54,3
S01008794,428,25,69,299,35,212,9,21,156,26,216,16,48,143,9
S01008795,741,49,118,516,58,386,16,45,281,44,355,33,73,235,14
S01008796,622,36,121,415,50,319,16,41,225,37,303,20,80,190,13
S01008797,617,35,113,408,61,317,16,46,215,40,300,19,67,193,21
S01008798,461,21,89,316,35,240,8,29,184,19,221,13,60,132,16
S01008799,406,22,80,261,43,224,12,33,143,36,182,10,47,118,7
S01008800,767,38,111,549,69,412,14,37,312,49,355,24,74,237,20
S01008801,653,36,86,477,54,349,15,28,274,32,304,21,58,203,22
S01008802,608,30,103,432,43,324,12,45,238,29,284,18,58,194,14
S01008803,574,38,107,386,43,293,14,40,204,35,281,24,67,182,8
S01008804,332,20,46,224,42,187,8,23,124,32,145,12,23,100,10
S01008805,402,48,64,264,26,210,21,27,144,18,192,27,37,120,8
S01008806,713,46,106,487,74,363,12,41,255,55,350,34,65,232,19
S01008807,526,22,84,371,49,265,4,35,197,29,261,18,49,174,20
S01008808,417,21,71,270,55,212,8,23,147,34,205,13,48,123,21
S01008809,373,35,57,201,80,203,10,23,116,54,170,25,34,85,26
S01008810,484,37,73,320,54,239,14,23,161,41,245,23,50,159,13
S01008811,562,54,82,344,82,286,16,28,182,60,276,38,54,162,22
S01008812,313,17,53,207,36,160,9,23,104,24,153,8,30,103,12
S01008813,512,39,116,311,46,264,13,41,181,29,248,26,75,130,17
S01008814,516,50,101,311,54,251,19,32,168,32,265,31,69,143,22
S01008815,568,36,82,396,54,305,15,37,214,39,263,21,45,182,15
S01008816,286,9,27,221,29,157,2,10,123,22,129,7,17,98,7
S01008817,459,18,85,312,44,227,4,30,160,33,232,14,55,152,11
S01008818,495,20,98,324,53,232,7,24,167,34,263,13,74,157,19
S01008819,448,22,70,302,54,224,5,24,163,32,224,17,46,139,22
S01008820,621,24,105,442,50,331,9,29,255,38,290,15,76,187,12
S01008821,390,30,74,237,49,195,10,17,137,31,195,20,57,100,18
S01008822,371,18,86,199,68,196,5,26,110,55,175,13,60,89,13
S01008823,333,26,62,182,63,181,7,19,106,49,152,19,43,76,14
S01008824,555,27,107,347,74,264,11,19,183,51,291,16,88,164,23
S01008825,355,27,55,221,52,177,7,9,127,34,178,20,46,94,18
S01008826,396,25,60,247,64,196,9,16,127,44,200,16,44,120,20
S01008827,321,23,70,163,65,171,8,14,94,55,150,15,56,69,10
S01008828,478,33,86,282,77,231,10,24,148,49,247,23,62,134,28
S01008829,319,30,68,183,38,150,6,13,99,32,169,24,55,84,6
S01008830,347,24,62,214,47,172,4,12,122,34,175,20,50,92,13
S01008831,345,38,72,184,51,185,11,20,118,36,160,27,52,66,15
S01008832,298,20,30,184,64,173,7,8,109,49,125,13,22,75,15
S01008833,512,40,77,309,86,281,15,29,173,64,231,25,48,136,22
S01008834,578,39,103,348,88,280,8,30,172,70,298,31,73,176,18
S01008835,411,32,84,256,39,201,10,22,147,22,210,22,62,109,17
S01008836,401,22,67,275,37,205,6,20,154,25,196,16,47,121,12
S01008837,723,33,90,509,91,401,14,37,274,76,322,19,53,235,15
S01008838,675,42,94,474,65,349,19,25,259,46,326,23,69,215,19
S01008839,655,38,102,439,76,338,8,34,237,59,317,30,68,202,17
S01008840,646,43,103,443,57,327,13,33,241,40,319,30,70,202,17
S01008841,377,18,50,265,44,194,8,10,150,26,183,10,40,115,18
S01008842,600,26,103,417,54,322,11,52,222,37,278,15,51,195,17
S01008843,631,34,102,424,71,310,7,38,220,45,321,27,64,204,26
S01008844,444,25,53,313,53,221,8,22,159,32,223,17,31,154,21
S01008845,501,56,69,303,73,243,15,32,149,47,258,41,37,154,26
S01008846,482,45,84,281,72,231,9,34,144,44,251,36,50,137,28
S01008847,337,17,43,214,63,187,8,19,126,34,150,9,24,88,29
S01008848,454,28,65,269,92,259,8,24,164,63,195,20,41,105,29
S01008849,442,37,52,248,105,232,12,17,139,64,210,25,35,109,41
S01008850,424,33,54,226,111,222,11,21,117,73,202,22,33,109,38
S01008851,586,26,86,375,99,289,10,29,189,61,297,16,57,186,38
S01008852,542,60,70,251,161,302,21,28,131,122,240,39,42,120,39
S01008853,450,30,66,287,67,231,7,15,161,48,219,23,51,126,19
S01008854,541,38,60,317,126,299,12,30,174,83,242,26,30,143,43
S01008855,712,22,71,471,148,376,8,25,255,88,336,14,46,216,60
S01008856,391,26,56,254,55,197,7,17,133,40,194,19,39,121,15
S01008857,524,30,90,336,68,257,15,24,177,41,267,15,66,159,27
S01008858,353,24,53,213,63,177,8,22,101,46,176,16,31,112,17
S01008859,710,29,73,472,136,380,4,26,255,95,330,25,47,217,41
S01008860,555,33,69,383,70,261,9,26,180,46,294,24,43,203,24
S01008861,415,31,70,197,117,228,11,25,112,80,187,20,45,85,37
S01008862,631,31,76,418,106,305,14,29,208,54,326,17,47,210,52
S01008863,471,21,59,314,77,224,6,19,151,48,247,15,40,163,29
S01008864,418,20,41,256,101,216,7,15,133,61,202,13,26,123,40
S01008865,501,33,79,338,51,246,11,25,183,27,255,22,54,155,24
S01008866,552,25,50,379,98,264,5,9,187,63,288,20,41,192,35
S01008867,486,33,58,285,110,259,11,18,148,82,227,22,40,137,28
S01008868,525,37,69,311,108,297,19,29,179,70,228,18,40,132,38
S01008869,618,35,85,358,140,356,17,29,210,100,262,18,56,148,40
S01008870,485,32,64,301,88,255,10,19,164,62,230,22,45,137,26
S01008871,644,64,95,350,135,358,31,33,193,101,286,33,62,157,34
S01008872,508,59,76,286,87,266,30,31,152,53,242,29,45,134,34
S01008873,404,28,60,231,85,219,11,20,132,56,185,17,40,99,29
S01008874,512,26,62,352,72,264,10,19,190,45,248,16,43,162,27
S01008875,499,27,68,343,61,263,13,23,185,42,236,14,45,158,19
S01008876,279,24,68,154,33,137,5,18,91,23,142,19,50,63,10
S01008877,293,17,51,185,40,149,8,7,108,26,144,9,44,77,14
S01008878,421,32,105,255,29,209,9,31,145,24,212,23,74,110,5
S01008879,428,22,90,283,33,203,10,21,148,24,225,12,69,135,9
S01008880,332,16,66,209,41,166,2,17,116,31,166,14,49,93,10
S01008881,244,17,49,141,37,141,5,17,90,29,103,12,32,51,8
S01008882,492,37,68,247,140,277,10,20,140,107,215,27,48,107,33
S01008883,377,49,59,162,107,199,14,8,95,82,178,35,51,67,25
S01008884,272,24,54,139,55,145,7,9,83,46,127,17,45,56,9
S01008885,403,26,91,216,70,218,5,19,137,57,185,21,72,79,13
S01008886,417,37,53,264,63,217,14,13,151,39,200,23,40,113,24
S01008887,377,24,88,213,52,185,8,18,120,39,192,16,70,93,13
S01008888,385,9,54,260,62,182,4,16,125,37,203,5,38,135,25
S01008889,310,18,55,190,47,168,5,15,112,36,142,13,40,78,11
S01008890,343,22,87,196,38,173,9,16,121,27,170,13,71,75,11
S01008891,363,37,80,195,51,177,12,12,109,44,186,25,68,86,7
S01008892,466,25,95,282,64,233,9,28,150,46,233,16,67,132,18
S01008893,436,33,91,235,77,222,11,25,130,56,214,22,66,105,21
S01008894,399,51,76,208,64,218,14,20,129,55,181,37,56,79,9
S01008895,314,24,66,172,52,164,7,15,99,43,150,17,51,73,9
S01008896,258,12,39,147,60,139,2,7,84,46,119,10,32,63,14
S01008897,303,21,60,174,48,155,4,10,102,39,148,17,50,72,9
S01008898,389,34,94,206,55,200,9,21,131,39,189,25,73,75,16
S01008899,334,29,83,201,21,166,7,25,120,14,168,22,58,81,7
S01008900,472,27,105,319,21,229,12,29,172,16,243,15,76,147,5
S01008901,371,19,90,238,24,184,6,20,140,18,187,13,70,98,6
S01008902,470,35,100,298,37,250,17,32,178,23,220,18,68,120,14
S01008903,433,31,102,277,23,204,9,14,165,16,229,22,88,112,7
S01008904,458,27,121,279,31,236,8,38,167,23,222,19,83,112,8
S01008905,420,46,103,250,21,229,22,40,150,17,191,24,63,100,4
S01008906,333,24,76,204,29,183,7,30,122,24,150,17,46,82,5
S01008907,188,20,59,97,12,87,8,7,63,9,101,12,52,34,3
S01008908,393,22,94,248,29,194,5,28,138,23,199,17,66,110,6
S01008909,404,17,113,248,26,204,5,30,146,23,200,12,83,102,3
S01008910,251,12,52,166,21,123,5,12,92,14,128,7,40,74,7
S01008911,584,23,73,415,73,319,13,22,240,44,265,10,51,175,29
S01008912,425,20,98,264,43,219,5,16,162,36,206,15,82,102,7
S01008913,377,15,74,254,34,202,4,24,146,28,175,11,50,108,6
S01008914,439,37,101,281,20,204,7,22,160,15,235,30,79,121,5
S01008915,281,15,83,152,31,149,2,19,101,27,132,13,64,51,4
S01008916,402,22,111,234,35,199,7,28,138,26,203,15,83,96,9
S01008917,277,22,85,152,18,139,11,31,83,14,138,11,54,69,4
S01008918,203,14,67,114,8,100,9,18,66,7,103,5,49,48,1
S01008919,191,10,73,100,8,110,5,30,70,5,81,5,43,30,3
S01008920,746,35,99,510,102,403,5,39,280,79,343,30,60,230,23
S01008921,265,17,56,174,18,135,6,19,95,15,130,11,37,79,3
S01008922,331,14,81,208,28,171,1,23,126,21,160,13,58,82,7
S01008923,339,23,83,220,13,163,6,27,120,10,176,17,56,100,3
S01008924,370,35,116,199,20,169,14,29,108,18,201,21,87,91,2
S01008925,355,19,83,230,23,179,6,23,131,19,176,13,60,99,4
S01008926,337,13,65,233,26,177,4,16,135,22,160,9,49,98,4
S01008927,495,25,78,356,36,252,9,27,190,26,243,16,51,166,10
S01008928,331,25,74,202,30,174,7,32,109,26,157,18,42,93,4
S01008929,233,18,68,134,13,139,9,36,83,11,94,9,32,51,2
S01008930,307,30,87,176,14,141,9,32,89,11,166,21,55,87,3
S01008931,306,20,88,181,17,139,8,23,97,11,167,12,65,84,6
S01008932,486,24,101,317,44,240,5,29,176,30,246,19,72,141,14
S01008933,284,24,85,157,18,140,7,27,90,16,144,17,58,67,2
S01008934,358,25,84,226,23,180,6,29,128,17,178,19,55,98,6
S01008935,410,32,100,237,41,225,11,26,152,36,185,21,74,85,5
S01008936,190,21,42,92,35,98,7,6,58,27,92,14,36,34,8
S01008937,391,16,90,247,38,187,5,19,137,26,204,11,71,110,12
S01008938,329,23,83,189,34,174,9,7,131,27,155,14,76,58,7
S01008939,359,36,79,203,41,184,15,13,122,34,175,21,66,81,7
S01008940,263,32,48,124,59,143,7,10,78,48,120,25,38,46,11
S01008941,371,26,84,182,79,188,6,14,100,68,183,20,70,82,11
S01008942,365,25,79,220,41,181,10,9,130,32,184,15,70,90,9
S01008943,336,31,84,145,76,180,6,22,85,67,156,25,62,60,9
S01008944,407,26,89,206,86,214,8,24,118,64,193,18,65,88,22
S01008945,393,31,97,201,64,208,13,19,126,50,185,18,78,75,14
S01008946,378,33,72,191,82,201,5,23,105,68,177,28,49,86,14
S01008947,451,46,89,252,64,224,13,26,139,46,227,33,63,113,18
S01008948,369,36,67,220,46,190,11,18,127,34,179,25,49,93,12
S01008949,436,27,108,268,33,216,7,25,157,27,220,20,83,111,6
S01008950,433,34,111,257,31,215,14,26,150,25,218,20,85,107,6
S01008951,393,19,93,254,27,189,8,23,143,15,204,11,70,111,12
S01008952,382,20,98,245,19,191,9,28,137,17,191,11,70,108,2
S01008953,400,33,95,247,25,188,10,21,139,18,212,23,74,108,7
S01008954,353,24,91,215,23,184,6,28,131,19,169,18,63,84,4
S01008955,349,31,73,200,45,171,8,18,114,31,178,23,55,86,14
S01008956,513,26,98,355,34,253,13,23,193,24,260,13,75,162,10
S01008957,473,27,109,294,43,230,14,26,165,25,243,13,83,129,18
S01008958,334,20,61,226,27,172,9,11,129,23,162,11,50,97,4
S01008959,454,28,93,300,33,218,9,19,164,26,236,19,74,136,7
S01008960,530,33,91,313,93,284,11,16,182,75,246,22,75,131,18
S01008961,379,28,70,247,34,183,9,15,133,26,196,19,55,114,8
S01008962,336,16,75,213,32,160,2,21,117,20,176,14,54,96,12
S01008963,383,23,87,229,44,189,7,20,128,34,194,16,67,101,10
S01008964,245,34,55,130,26,131,15,15,82,19,114,19,40,48,7
S01008965,323,34,68,182,39,171,13,21,112,25,152,21,47,70,14
S01008966,291,20,65,184,22,147,4,14,110,19,144,16,51,74,3
S01008967,475,26,111,285,53,245,8,22,174,41,230,18,89,111,12
S01008968,498,44,123,290,41,252,9,25,184,34,246,35,98,106,7
S01008969,533,38,118,325,52,271,11,19,200,41,262,27,99,125,11
S01008970,548,47,101,340,60,285,16,19,209,41,263,31,82,131,19
S01008971,368,26,67,229,46,199,10,15,137,37,169,16,52,92,9
S01008972,367,25,73,204,65,191,7,16,118,50,176,18,57,86,15
S01008973,397,22,47,280,48,209,9,14,152,34,188,13,33,128,14
S01008974,359,26,69,233,31,176,10,14,132,20,183,16,55,101,11
S01008975,275,18,42,193,22,134,4,6,112,12,141,14,36,81,10
S01008976,246,19,47,149,31,128,5,9,88,26,118,14,38,61,5
S01008977,310,27,62,186,35,162,4,13,117,28,148,23,49,69,7
S01008978,312,27,70,201,14,153,11,10,121,11,159,16,60,80,3
S01008979,413,26,81,275,31,192,7,17,146,22,221,19,64,129,9
S01008980,434,24,92,284,34,223,13,25,158,27,211,11,67,126,7
S01008981,324,18,84,188,34,158,5,19,108,26,166,13,65,80,8
S01008982,422,32,90,277,23,201,9,24,148,20,221,23,66,129,3
S01008983,413,17,67,305,24,213,6,16,171,20,200,11,51,134,4
S01008984,255,12,67,160,16,121,4,13,93,11,134,8,54,67,5
S01008985,394,27,74,264,29,207,11,22,149,25,187,16,52,115,4
S01008986,392,27,115,220,30,207,11,25,145,26,185,16,90,75,4
S01008987,420,28,97,275,20,219,9,22,172,16,201,19,75,103,4
S01008988,477,23,97,314,43,243,8,22,185,28,234,15,75,129,15
S01008989,432,16,68,313,35,228,3,12,184,29,204,13,56,129,6
S01008990,513,13,81,391,28,273,5,15,231,22,240,8,66,160,6
S01008991,590,33,117,377,63,296,9,27,214,46,294,24,90,163,17
S01008992,284,12,62,192,18,155,4,13,123,15,129,8,49,69,3
S01008993,571,35,116,344,76,292,7,27,201,57,279,28,89,143,19
S01008994,377,20,95,235,27,193,4,23,145,21,184,16,72,90,6
S01008995,477,28,84,307,58,245,10,17,171,47,232,18,67,136,11
S01008996,280,29,52,179,20,140,7,18,99,16,140,22,34,80,4
S01008997,545,30,108,339,68,282,9,22,200,51,263,21,86,139,17
S01008998,265,19,59,168,19,134,5,15,100,14,131,14,44,68,5
S01008999,361,28,66,236,31,184,4,15,143,22,177,24,51,93,9
S01009000,466,24,88,293,61,237,4,21,167,45,229,20,67,126,16
S01009001,410,36,104,221,49,213,9,16,147,41,197,27,88,74,8
S01009002,423,26,85,242,70,232,10,17,155,50,191,16,68,87,20
S01009003,514,32,90,308,84,274,4,20,187,63,240,28,70,121,21
S01009004,375,21,69,243,42,185,6,15,130,34,190,15,54,113,8
S01009005,383,26,70,265,22,195,6,17,156,16,188,20,53,109,6
S01009006,332,20,78,204,30,162,1,15,122,24,170,19,63,82,6
S01009007,323,21,63,214,25,168,4,17,132,15,155,17,46,82,10
S01009008,444,29,84,266,65,230,4,24,155,47,214,25,60,111,18
S01009009,202,12,43,135,12,101,4,12,74,11,101,8,31,61,1
S01009010,614,50,136,365,63,294,14,20,216,44,320,36,116,149,19
S01009011,547,38,119,339,51,279,9,27,204,39,268,29,92,135,12
S01009012,442,29,100,279,34,234,7,23,179,25,208,22,77,100,9
S01009013,512,39,108,300,65,249,10,17,175,47,263,29,91,125,18
S01009014,305,17,83,142,63,159,5,18,84,52,146,12,65,58,11
S01009015,280,18,73,130,59,143,6,14,75,48,137,12,59,55,11
S01009016,230,13,48,129,40,125,3,11,77,34,105,10,37,52,6
S01009017,278,17,50,169,42,149,4,10,98,37,129,13,40,71,5
S01009018,389,24,83,234,48,209,6,25,138,40,180,18,58,96,8
S01009019,278,7,62,176,33,154,2,9,112,31,124,5,53,64,2
S01009020,450,31,95,273,51,235,8,20,164,43,215,23,75,109,8
S01009021,377,23,90,212,52,188,2,18,127,41,189,21,72,85,11
S01009022,444,25,95,254,70,239,7,14,161,57,205,18,81,93,13
S01009023,423,32,102,212,77,235,5,31,141,58,188,27,71,71,19
S01009024,436,30,89,240,77,244,5,25,147,67,192,25,64,93,10
S01009025,439,34,100,232,73,237,12,24,141,60,202,22,76,91,13
S01009026,425,20,101,256,48,216,6,23,145,42,209,14,78,111,6
S01009027,336,30,80,166,60,177,7,19,101,50,159,23,61,65,10
S01009028,235,10,53,127,45,128,2,14,75,37,107,8,39,52,8
S01009029,286,19,53,177,37,158,4,15,106,33,128,15,38,71,4
S01009030,356,19,87,198,52,193,4,23,126,40,163,15,64,72,12
S01009031,365,26,55,212,72,207,7,14,119,67,158,19,41,93,5
S01009032,283,19,59,163,42,152,2,11,103,36,131,17,48,60,6
S01009033,350,30,83,170,67,199,8,19,114,58,151,22,64,56,9
S01009034,312,18,75,183,36,175,3,13,127,32,137,15,62,56,4
S01009035,459,23,103,258,75,237,5,13,152,67,222,18,90,106,8
S01009036,523,30,118,294,81,270,6,16,174,74,253,24,102,120,7
S01009037,464,21,108,277,58,239,5,19,163,52,225,16,89,114,6
S01009038,548,43,129,299,77,276,6,26,179,65,272,37,103,120,12
S01009039,329,13,88,191,37,170,4,18,116,32,159,9,70,75,5
S01009040,322,20,74,196,32,148,3,11,106,28,174,17,63,90,4
S01009041,439,24,76,257,82,242,8,20,145,69,197,16,56,112,13
S01009042,425,26,98,253,48,215,4,21,156,34,210,22,77,97,14
S01009043,326,19,85,191,31,165,4,17,118,26,161,15,68,73,5
S01009044,364,12,88,219,45,177,1,13,125,38,187,11,75,94,7
S01009045,320,19,72,183,46,171,8,20,110,33,149,11,52,73,13
S01009046,439,26,95,258,60,237,10,11,161,55,202,16,84,97,5
S01009047,413,32,81,250,50,213,8,17,144,44,200,24,64,106,6
S01009048,419,19,98,246,56,221,6,18,146,51,198,13,80,100,5
S01009049,296,15,68,182,31,148,1,14,106,27,148,14,54,76,4
S01009050,397,21,83,244,49,207,8,17,142,40,190,13,66,102,9
S01009051,368,15,75,241,37,186,2,9,143,32,182,13,66,98,5
S01009052,320,22,62,203,33,167,4,16,120,27,153,18,46,83,6
S01009053,190,10,50,118,12,88,2,9,65,12,102,8,41,53,0
S01009054,270,9,62,177,22,131,1,10,102,18,139,8,52,75,4
S01009055,453,17,78,290,68,232,5,20,159,48,221,12,58,131,20
S01009056,219,14,47,134,24,113,4,9,78,22,106,10,38,56,2
S01009057,236,13,51,153,19,123,0,13,94,16,113,13,38,59,3
S01009058,357,13,70,245,29,180,4,16,135,25,177,9,54,110,4
S01009059,474,28,85,290,71,244,5,13,176,50,230,23,72,114,21
S01009060,329,20,49,217,43,172,7,10,120,35,157,13,39,97,8
S01009061,433,27,113,266,27,202,6,16,157,23,231,21,97,109,4
S01009062,271,16,73,169,13,140,3,9,118,10,131,13,64,51,3
S01009063,390,19,89,231,51,191,5,12,136,38,199,14,77,95,13
S01009064,272,15,51,185,21,139,3,6,111,19,133,12,45,74,2
S01009065,268,12,69,167,20,128,0,14,96,18,140,12,55,71,2
S01009066,323,19,74,206,24,171,3,16,132,20,152,16,58,74,4
S01009067,502,24,97,322,59,261,9,12,189,51,241,15,85,133,8
S01009068,463,22,92,310,39,235,9,18,177,31,228,13,74,133,8
S01009069,380,17,64,252,47,187,6,9,135,37,193,11,55,117,10
S01009070,354,20,70,227,37,178,0,13,134,31,176,20,57,93,6
S01009071,254,10,57,159,28,130,5,13,90,22,124,5,44,69,6
S01009072,263,16,52,156,39,137,1,12,93,31,126,15,40,63,8
S01009073,258,16,68,153,21,127,8,12,92,15,131,8,56,61,6
S01009074,329,20,84,198,27,161,7,11,121,22,168,13,73,77,5
S01009075,243,13,57,146,27,124,2,14,86,22,119,11,43,60,5
S01009076,550,17,113,367,53,285,3,21,216,45,265,14,92,151,8
S01009077,317,24,60,199,34,173,8,12,125,28,144,16,48,74,6
S01009078,460,29,66,308,57,237,7,6,176,48,223,22,60,132,9
S01009079,377,28,75,238,36,198,9,8,152,29,179,19,67,86,7
S01009080,416,28,97,255,36,214,6,15,164,29,202,22,82,91,7
S01009081,332,14,51,230,37,180,5,12,135,28,152,9,39,95,9
S01009082,464,23,103,299,39,250,5,24,185,36,214,18,79,114,3
S01009083,371,23,70,243,35,190,5,9,149,27,181,18,61,94,8
S01009084,255,8,46,157,44,136,1,4,92,39,119,7,42,65,5
S01009085,497,23,83,319,72,256,5,13,179,59,241,18,70,140,13
S01009086,349,18,88,217,26,178,5,19,133,21,171,13,69,84,5
S01009087,272,18,57,172,25,133,6,12,93,22,139,12,45,79,3
S01009088,517,33,101,313,70,276,11,25,183,57,241,22,76,130,13
S01009089,529,28,116,318,67,274,6,15,195,58,255,22,101,123,9
S01009090,532,21,74,348,89,289,11,11,196,71,243,10,63,152,18
S01009091,388,28,82,229,49,199,5,9,144,41,189,23,73,85,8
S01009092,500,33,102,314,51,243,9,14,181,39,257,24,88,133,12
S01009093,375,25,98,223,29,186,5,24,132,25,189,20,74,91,4
S01009094,295,22,55,184,34,145,4,5,110,26,150,18,50,74,8
S01009095,395,34,76,235,50,206,10,24,133,39,189,24,52,102,11
S01009096,527,23,100,332,72,265,7,10,191,57,262,16,90,141,15
S01009097,496,34,88,329,45,258,4,17,202,35,238,30,71,127,10
S01009098,245,27,50,136,32,123,8,15,75,25,122,19,35,61,7
S01009099,361,16,78,234,33,186,6,15,136,29,175,10,63,98,4
S01009100,316,17,72,200,27,168,4,15,129,20,148,13,57,71,7
S01009101,451,31,114,273,33,232,7,22,174,29,219,24,92,99,4
S01009102,341,24,90,203,24,171,5,20,126,20,170,19,70,77,4
S01009103,273,23,49,179,22,140,9,5,109,17,133,14,44,70,5
S01009104,380,27,90,231,32,185,4,20,136,25,195,23,70,95,7
S01009105,419,17,79,282,41,208,4,14,160,30,211,13,65,122,11
S01009106,276,14,46,188,28,138,7,6,100,25,138,7,40,88,3
S01009107,461,24,101,301,35,228,7,13,177,31,233,17,88,124,4
S01009108,386,27,81,245,33,199,8,16,147,28,187,19,65,98,5
S01009109,378,31,79,235,33,189,8,12,143,26,189,23,67,92,7
S01009110,289,16,58,190,25,146,3,9,114,20,143,13,49,76,5
S01009111,511,30,100,332,49,255,6,15,190,44,256,24,85,142,5
S01009112,273,18,58,164,33,146,7,13,100,26,127,11,45,64,7
S01009113,465,24,83,304,54,261,11,21,183,46,204,13,62,121,8
S01009114,448,19,91,295,43,232,6,14,176,36,216,13,77,119,7
S01009115,340,23,71,212,34,162,9,12,121,20,178,14,59,91,14
S01009116,265,18,55,164,28,132,3,11,95,23,133,15,44,69,5
S01009117,450,14,100,300,36,219,3,17,169,30,231,11,83,131,6
S01009118,376,27,81,224,44,196,8,14,138,36,180,19,67,86,8
S01009119,335,13,83,203,36,177,5,14,128,30,158,8,69,75,6
S01009120,260,15,56,166,23,136,2,10,106,18,124,13,46,60,5
S01009121,420,20,85,284,31,219,1,13,179,26,201,19,72,105,5
S01009122,460,23,103,255,79,235,4,17,155,59,225,19,86,100,20
S01009123,304,17,63,184,40,156,5,11,107,33,148,12,52,77,7
S01009124,295,13,70,186,26,138,2,10,102,24,157,11,60,84,2
S01009125,296,7,68,195,26,154,1,7,124,22,142,6,61,71,4
S01009126,228,15,62,140,11,113,5,18,82,8,115,10,44,58,3
S01009127,248,17,59,147,25,117,2,9,85,21,131,15,50,62,4
S01009128,312,14,68,205,25,166,5,13,123,25,146,9,55,82,0
S01009129,211,15,55,131,10,102,1,12,80,9,109,14,43,51,1
S01009130,317,22,61,197,37,165,4,9,122,30,152,18,52,75,7
S01009131,235,15,43,157,20,121,3,9,89,20,114,12,34,68,0
S01009132,467,24,97,298,48,252,7,22,183,40,215,17,75,115,8
S01009133,275,10,58,187,20,155,4,16,118,17,120,6,42,69,3
S01009134,474,19,100,309,46,245,3,22,180,40,229,16,78,129,6
S01009135,346,15,61,240,30,177,7,12,133,25,169,8,49,107,5
S01009136,388,13,75,252,48,194,5,10,139,40,194,8,65,113,8
S01009137,386,21,74,221,70,195,3,11,124,57,191,18,63,97,13
S01009138,487,15,88,326,58,257,4,20,187,46,230,11,68,139,12
S01009139,214,13,42,142,17,111,4,11,84,12,103,9,31,58,5
S01009140,363,22,65,241,35,198,9,18,145,26,165,13,47,96,9
S01009141,383,20,67,258,38,199,6,13,151,29,184,14,54,107,9
S01009142,296,11,45,210,30,184,6,16,136,26,112,5,29,74,4
S01009143,244,21,60,152,11,121,6,13,92,10,123,15,47,60,1
S01009144,451,15,58,326,52,237,3,13,176,45,214,12,45,150,7
S01009145,458,18,106,299,35,247,8,19,187,33,211,10,87,112,2
S01009146,447,18,104,283,42,231,8,29,160,34,216,10,75,123,8
S01009147,331,23,77,206,25,170,3,16,129,22,161,20,61,77,3
S01009148,313,33,70,195,15,158,6,13,126,13,155,27,57,69,2
S01009149,414,33,77,270,34,216,13,21,159,23,198,20,56,111,11
S01009150,93,7,23,56,7,50,1,6,36,7,43,6,17,20,0
S01009151,341,17,63,223,38,181,5,15,130,31,160,12,48,93,7
S01009152,291,12,33,206,40,176,2,7,133,34,115,10,26,73,6
S01009153,277,14,44,193,26,167,6,12,127,22,110,8,32,66,4
S01009154,460,30,83,268,79,252,9,23,160,60,208,21,60,108,19
S01009155,259,21,45,153,40,134,9,10,86,29,125,12,35,67,11
S01009156,259,20,55,156,28,138,6,9,99,24,121,14,46,57,4
S01009157,401,22,94,254,31,200,4,14,152,30,201,18,80,102,1
S01009158,265,10,60,179,16,127,4,10,102,11,138,6,50,77,5
S01009159,194,7,56,113,18,92,3,9,66,14,102,4,47,47,4
S01009160,303,14,68,199,22,155,3,14,122,16,148,11,54,77,6
S01009161,248,20,64,143,21,114,7,17,72,18,134,13,47,71,3
S01009162,335,10,62,231,32,175,5,10,135,25,160,5,52,96,7
S01009163,226,12,47,149,18,104,3,8,76,17,122,9,39,73,1
S01009164,345,22,66,224,33,183,6,11,138,28,162,16,55,86,5
S01009165,299,17,66,201,15,150,4,11,123,12,149,13,55,78,3
S01009166,341,27,89,204,21,167,9,26,115,17,174,18,63,89,4
S01009167,239,10,61,158,10,128,3,16,103,6,111,7,45,55,4
S01009168,319,26,68,194,31,177,5,26,122,24,142,21,42,72,7
S01009169,256,14,67,155,20,126,3,14,93,16,130,11,53,62,4
S01009170,323,22,79,185,37,163,4,20,108,31,160,18,59,77,6
S01009171,334,22,68,215,29,179,8,12,132,27,155,14,56,83,2
S01009172,348,29,52,218,49,187,14,12,121,40,161,15,40,97,9
S01009173,429,29,79,284,37,221,7,15,168,31,208,22,64,116,6
S01009174,291,16,51,182,42,153,4,8,108,33,138,12,43,74,9
S01009175,514,33,94,305,82,261,7,15,178,61,253,26,79,127,21
S01009176,474,28,100,277,69,244,8,14,169,53,230,20,86,108,16
S01009177,387,17,90,258,22,185,2,15,146,22,202,15,75,112,0
S01009178,330,21,84,204,21,160,3,23,117,17,170,18,61,87,4
S01009179,324,16,75,208,25,158,1,14,120,23,166,15,61,88,2
S01009180,467,35,127,263,42,248,11,20,178,39,219,24,107,85,3
S01009181,408,26,105,240,37,206,5,15,152,34,202,21,90,88,3
S01009182,536,27,79,364,66,282,10,13,211,48,254,17,66,153,18
S01009183,459,27,84,299,49,238,10,17,172,39,221,17,67,127,10
S01009184,356,25,77,203,51,184,5,13,128,38,172,20,64,75,13
S01009185,399,23,90,229,57,209,7,16,136,50,190,16,74,93,7
S01009186,388,18,68,255,47,212,3,13,158,38,176,15,55,97,9
S01009187,251,13,44,149,45,130,3,12,78,37,121,10,32,71,8
S01009188,434,27,91,249,67,217,8,17,141,51,217,19,74,108,16
S01009189,329,13,75,210,31,179,4,15,131,29,150,9,60,79,2
S01009190,478,23,104,300,51,256,8,19,190,39,222,15,85,110,12
S01009191,415,23,80,252,60,212,4,9,149,50,203,19,71,103,10
S01009192,356,28,83,213,32,193,11,24,130,28,163,17,59,83,4
S01009193,199,9,31,128,31,99,2,5,68,24,100,7,26,60,7
S01009194,422,37,76,255,54,224,13,12,151,48,198,24,64,104,6
S01009195,498,28,81,338,51,256,9,18,191,38,242,19,63,147,13
S01009196,330,19,72,215,24,168,5,16,126,21,162,14,56,89,3
S01009197,546,32,108,343,63,279,7,19,205,48,267,25,89,138,15
S01009198,388,35,77,229,47,205,7,10,151,37,183,28,67,78,10
S01009199,328,25,55,217,31,165,4,11,125,25,163,21,44,92,6
S01009200,549,35,114,338,62,286,8,9,216,53,263,27,105,122,9
S01009201,323,10,87,201,25,160,4,17,119,20,163,6,70,82,5
S01009202,282,18,40,192,32,147,3,3,116,25,135,15,37,76,7
S01009203,223,15,54,129,25,116,3,13,83,17,107,12,41,46,8
S01009204,435,26,97,273,39,213,6,20,155,32,222,20,77,118,7
S01009205,453,32,83,296,42,237,9,18,179,31,216,23,65,117,11
S01009206,492,27,84,347,34,238,5,8,197,28,254,22,76,150,6
S01009207,390,25,72,261,32,200,7,18,146,29,190,18,54,115,3
S01009208,279,24,52,179,24,132,7,12,92,21,147,17,40,87,3
S01009209,287,13,59,176,39,147,1,16,100,30,140,12,43,76,9
S01009210,299,21,73,164,41,156,9,16,99,32,143,12,57,65,9
S01009211,312,13,54,221,24,164,2,9,135,18,148,11,45,86,6
S01009212,359,21,83,224,31,184,5,17,137,25,175,16,66,87,6
S01009213,411,34,91,262,24,206,14,22,148,22,205,20,69,114,2
S01009214,519,32,108,339,40,260,8,12,208,32,259,24,96,131,8
S01009215,430,20,108,254,48,222,7,27,147,41,208,13,81,107,7
S01009216,448,27,95,294,32,232,13,19,175,25,216,14,76,119,7
S01009217,252,15,53,160,24,113,4,4,87,18,139,11,49,73,6
S01009218,375,31,81,235,28,190,5,14,148,23,185,26,67,87,5
S01009219,288,20,68,180,20,147,2,16,111,18,141,18,52,69,2
S01009220,221,16,54,133,18,103,4,6,78,15,118,12,48,55,3
S01009221,257,14,51,167,25,133,1,9,106,17,124,13,42,61,8
S01009222,235,12,76,130,17,111,1,12,85,13,124,11,64,45,4
S01009223,261,13,60,164,24,137,6,5,104,22,124,7,55,60,2
S01009224,284,14,75,169,26,140,4,12,102,22,144,10,63,67,4
S01009225,259,13,62,157,27,132,4,12,90,26,127,9,50,67,1
S01009226,401,21,79,272,29,199,4,9,160,26,202,17,70,112,3
S01009227,260,12,50,172,26,128,1,9,99,19,132,11,41,73,7
S01009228,236,18,46,147,25,136,4,10,99,23,100,14,36,48,2
S01009229,275,16,50,178,31,144,3,9,103,29,131,13,41,75,2
S01009230,347,10,46,248,43,183,3,7,132,41,164,7,39,116,2
S01009231,493,33,94,325,41,248,11,18,185,34,245,22,76,140,7
S01009232,221,12,47,140,22,113,3,10,80,20,108,9,37,60,2
S01009233,231,14,48,153,16,120,1,8,95,16,111,13,40,58,0
S01009234,394,21,105,240,28,202,3,22,153,24,192,18,83,87,4
S01009235,423,13,81,290,39,234,5,18,178,33,189,8,63,112,6
S01009236,215,19,47,131,18,104,3,5,80,16,111,16,42,51,2
S01009237,438,32,73,287,46,229,10,11,168,40,209,22,62,119,6
S01009238,308,24,76,180,28,152,8,16,104,24,156,16,60,76,4
S01009239,441,28,94,282,37,223,4,19,169,31,218,24,75,113,6
S01009240,254,24,63,151,16,132,6,11,102,13,122,18,52,49,3
S01009241,356,33,81,215,27,176,7,17,129,23,180,26,64,86,4
S01009242,369,31,89,218,31,190,6,19,136,29,179,25,70,82,2
S01009243,502,27,100,338,37,265,5,18,212,30,237,22,82,126,7
S01009244,421,19,81,270,51,225,4,18,158,45,196,15,63,112,6
S01009245,434,29,85,279,41,230,7,21,169,33,204,22,64,110,8
S01009246,384,14,82,258,30,203,3,15,160,25,181,11,67,98,5
S01009247,519,27,127,325,40,260,7,19,197,37,259,20,108,128,3
S01009248,335,30,82,195,28,158,9,10,116,23,177,21,72,79,5
S01009249,379,28,77,247,27,203,6,19,156,22,176,22,58,91,5
S01009250,305,13,71,196,25,139,2,8,107,22,166,11,63,89,3
S01009251,263,15,55,175,18,135,6,6,106,17,128,9,49,69,1
S01009252,283,18,68,170,27,140,3,9,104,24,143,15,59,66,3
S01009253,169,13,47,97,12,82,2,13,55,12,87,11,34,42,0
S01009254,315,19,69,197,30,156,2,9,121,24,159,17,60,76,6
S01009255,360,12,55,257,36,208,8,15,161,24,152,4,40,96,12
S01009256,219,11,29,149,30,117,0,5,86,26,102,11,24,63,4
S01009257,340,22,54,222,42,192,8,19,130,35,148,14,35,92,7
S01009258,322,17,58,194,53,177,5,12,117,43,145,12,46,77,10
S01009259,501,36,110,309,46,259,8,19,197,35,242,28,91,112,11
S01009260,645,27,131,442,45,329,3,22,268,36,316,24,109,174,9
S01009261,315,19,62,199,35,166,10,11,117,28,149,9,51,82,7
S01009262,230,5,72,136,17,113,0,14,85,14,117,5,58,51,3
S01009263,512,24,86,338,64,254,7,14,184,49,258,17,72,154,15
S01009264,262,19,52,147,44,132,5,13,79,35,130,14,39,68,9
S01009265,377,19,93,228,37,175,3,9,132,31,202,16,84,96,6
S01009266,363,17,90,218,38,192,4,13,145,30,171,13,77,73,8
S01009267,389,21,79,249,40,198,7,11,153,27,191,14,68,96,13
S01009268,462,19,98,285,60,237,4,15,172,46,225,15,83,113,14
S01009269,353,16,99,210,28,177,5,17,131,24,176,11,82,79,4
S01009270,239,14,54,155,16,126,2,13,97,14,113,12,41,58,2
S01009271,493,35,74,324,60,262,12,21,185,44,231,23,53,139,16
S01009272,317,22,94,181,20,162,7,26,111,18,155,15,68,70,2
S01009273,229,21,46,119,43,123,3,11,72,37,106,18,35,47,6
S01009274,277,14,54,178,31,145,2,8,110,25,132,12,46,68,6
S01009275,305,11,56,180,58,176,4,11,113,48,129,7,45,67,10
S01009276,415,29,93,238,55,215,7,23,142,43,200,22,70,96,12
S01009277,288,19,64,154,51,153,6,13,91,43,135,13,51,63,8
S01009278,300,13,63,190,34,153,4,8,116,25,147,9,55,74,9
S01009279,290,26,60,159,45,152,3,13,97,39,138,23,47,62,6
S01009280,290,16,71,181,22,153,3,13,115,22,137,13,58,66,0
S01009281,288,9,82,167,30,145,1,8,111,25,143,8,74,56,5
S01009282,353,33,58,206,56,186,8,17,119,42,167,25,41,87,14
S01009283,262,16,50,165,31,132,2,12,96,22,130,14,38,69,9
S01009284,457,30,96,275,56,224,8,11,162,43,233,22,85,113,13
S01009285,479,43,127,267,42,239,11,25,168,35,240,32,102,99,7
S01009286,388,27,74,246,41,203,10,15,142,36,185,17,59,104,5
S01009287,326,31,70,171,54,174,5,18,109,42,152,26,52,62,12
S01009288,355,33,76,185,61,186,13,16,105,52,169,20,60,80,9
S01009289,429,15,82,274,58,238,4,20,163,51,191,11,62,111,7
S01009290,283,23,68,166,26,150,9,18,102,21,133,14,50,64,5
S01009291,523,32,125,309,57,273,8,25,190,50,250,24,100,119,7
S01009292,237,15,60,140,22,118,5,12,81,20,119,10,48,59,2
S01009293,389,25,93,220,51,200,5,14,142,39,189,20,79,78,12
S01009294,258,22,47,148,41,127,6,9,79,33,131,16,38,69,8
S01009295,358,21,71,235,31,181,4,13,139,25,177,17,58,96,6
S01009296,303,24,58,185,36,161,5,13,111,32,142,19,45,74,4
S01009297,486,31,99,296,60,248,6,19,170,53,238,25,80,126,7
S01009298,442,36,90,276,40,216,8,22,153,33,226,28,68,123,7
S01009299,510,23,104,315,68,261,4,29,177,51,249,19,75,138,17
S01009300,281,8,45,210,18,138,1,8,115,14,143,7,37,95,4
S01009301,426,21,73,293,39,217,5,17,162,33,209,16,56,131,6
S01009302,370,23,91,233,23,174,8,15,133,18,196,15,76,100,5
S01009303,359,25,75,226,33,189,8,21,133,27,170,17,54,93,6
S01009304,471,22,113,290,46,240,2,23,181,34,231,20,90,109,12
S01009305,368,18,77,231,42,180,4,15,132,29,188,14,62,99,13
S01009306,570,27,114,374,55,281,8,22,212,39,289,19,92,162,16
S01009307,549,25,94,374,56,292,8,30,208,46,257,17,64,166,10
S01009308,283,18,42,195,28,152,8,12,111,21,131,10,30,84,7
S01009309,438,15,68,300,55,231,5,12,171,43,207,10,56,129,12
S01009310,466,25,93,289,59,242,5,18,171,48,224,20,75,118,11
S01009311,294,18,77,175,24,156,9,15,112,20,138,9,62,63,4
S01009312,397,11,65,283,38,201,7,17,148,29,196,4,48,135,9
S01009313,247,20,55,149,23,122,4,12,87,19,125,16,43,62,4
S01009314,333,23,69,202,39,167,8,13,114,32,166,15,56,88,7
S01009315,285,22,60,175,28,146,3,10,111,22,139,19,50,64,6
S01009316,405,28,80,257,40,213,7,15,162,29,192,21,65,95,11
S01009317,441,30,86,282,43,227,6,16,170,35,214,24,70,112,8
S01009318,341,27,72,205,37,163,3,8,121,31,178,24,64,84,6
S01009319,387,26,83,229,49,206,9,25,131,41,181,17,58,98,8
S01009320,318,16,71,204,27,159,2,15,122,20,159,14,56,82,7
S01009321,316,30,60,195,31,167,12,15,112,28,149,18,45,83,3
S01009322,384,28,62,259,35,200,8,9,154,29,184,20,53,105,6
S01009323,296,11,63,189,33,155,4,14,111,26,141,7,49,78,7
S01009324,272,12,63,183,14,133,3,13,104,13,139,9,50,79,1
S01009325,412,25,90,260,37,206,7,14,155,30,206,18,76,105,7
S01009326,306,24,71,187,24,147,4,8,115,20,159,20,63,72,4
S01009327,240,12,57,137,34,124,2,9,86,27,116,10,48,51,7
S01009328,421,22,58,294,47,223,5,9,172,37,198,17,49,122,10
S01009329,284,9,46,203,26,144,3,13,111,17,140,6,33,92,9
S01009330,252,18,49,166,19,123,3,9,97,14,129,15,40,69,5
S01009331,324,25,42,218,39,165,8,6,118,33,159,17,36,100,6
S01009332,451,31,91,261,68,230,9,19,153,49,221,22,72,108,19
S01009333,363,22,84,232,25,195,4,18,150,23,168,18,66,82,2
S01009334,238,13,63,142,20,119,6,15,82,16,119,7,48,60,4
S01009335,347,21,88,212,26,170,3,23,123,21,177,18,65,89,5
S01009336,235,19,57,137,22,125,6,15,88,16,110,13,42,49,6
S01009337,292,20,89,162,21,140,8,18,96,18,152,12,71,66,3
S01009338,271,24,57,175,15,130,3,14,103,10,141,21,43,72,5
S01009339,318,14,85,187,32,170,5,20,121,24,148,9,65,66,8
S01009340,266,24,73,158,11,123,8,13,93,9,143,16,60,65,2
S01009341,258,13,66,158,21,141,6,16,101,18,117,7,50,57,3
S01009342,349,18,90,218,23,179,9,22,132,16,170,9,68,86,7
S01009343,298,19,72,185,22,139,5,13,99,22,159,14,59,86,0
S01009344,276,17,64,181,14,132,2,17,102,11,144,15,47,79,3
S01009345,475,38,118,296,23,242,6,25,193,18,233,32,93,103,5
S01009346,402,13,86,249,54,215,4,10,156,45,187,9,76,93,9
S01009347,370,24,72,200,74,202,5,7,129,61,168,19,65,71,13
S01009348,293,14,65,183,31,155,2,8,116,29,138,12,57,67,2
S01009349,461,27,82,298,54,245,5,15,183,42,216,22,67,115,12
S01009350,349,19,70,225,35,181,3,11,136,31,168,16,59,89,4
S01009351,333,11,59,221,42,176,1,9,133,33,157,10,50,88,9
S01009352,475,20,80,312,63,247,4,13,180,50,228,16,67,132,13
S01009353,235,11,31,167,26,128,4,6,95,23,107,7,25,72,3
S01009354,514,22,102,330,60,271,3,14,207,47,243,19,88,123,13
S01009355,464,39,107,276,42,250,9,28,180,33,214,30,79,96,9
S01009356,508,32,103,335,38,268,10,24,203,31,240,22,79,132,7
S01009357,285,17,54,183,31,149,2,12,108,27,136,15,42,75,4
S01009358,378,29,78,214,57,205,9,14,135,47,173,20,64,79,10
S01009359,437,23,80,285,49,238,9,13,178,38,199,14,67,107,11
S01009360,439,41,78,268,52,222,11,18,153,40,217,30,60,115,12
S01009361,393,36,73,259,25,208,9,16,161,22,185,27,57,98,3
S01009362,543,34,127,342,40,292,14,28,219,31,251,20,99,123,9
S01009363,399,20,96,246,37,200,5,15,151,29,199,15,81,95,8
S01009364,486,33,98,310,45,251,5,23,189,34,235,28,75,121,11
S01009365,284,16,55,195,18,139,4,15,104,16,145,12,40,91,2
S01009366,335,15,66,202,52,171,4,15,115,37,164,11,51,87,15
S01009367,305,21,61,206,17,149,5,10,120,14,156,16,51,86,3
S01009368,278,16,70,179,13,150,4,14,121,11,128,12,56,58,2
S01009369,298,20,72,185,21,152,3,15,116,18,146,17,57,69,3
S01009370,415,23,95,263,34,214,7,17,160,30,201,16,78,103,4
S01009371,262,9,68,165,20,124,0,15,92,17,138,9,53,73,3
S01009372,266,15,65,171,15,130,4,14,98,14,136,11,51,73,1
S01009373,359,16,75,242,26,192,2,16,153,21,167,14,59,89,5
S01009374,393,19,96,244,34,202,8,21,145,28,191,11,75,99,6
S01009375,356,13,94,210,39,188,4,20,130,34,168,9,74,80,5
S01009376,262,16,60,166,20,139,4,8,110,17,123,12,52,56,3
S01009377,824,15,104,628,77,533,4,18,445,66,291,11,86,183,11
S01009378,502,26,115,322,39,256,5,20,199,32,246,21,95,123,7
S01009379,509,28,85,339,57,259,13,15,184,47,250,15,70,155,10
S01009380,315,11,64,207,33,168,1,13,123,31,147,10,51,84,2
S01009381,381,23,77,238,43,195,9,17,135,34,186,14,60,103,9
S01009382,367,19,84,230,34,197,6,27,139,25,170,13,57,91,9
S01009383,413,17,83,281,32,216,3,13,172,28,197,14,70,109,4
S01009384,287,20,59,162,46,156,5,9,106,36,131,15,50,56,10
S01009385,257,10,55,156,36,125,3,10,82,30,132,7,45,74,6
S01009386,298,19,71,183,25,141,4,10,107,20,157,15,61,76,5
S01009387,252,11,58,159,24,128,1,14,96,17,124,10,44,63,7
S01009388,349,24,81,217,27,183,7,20,135,21,166,17,61,82,6
S01009389,448,29,92,268,59,241,11,24,156,50,207,18,68,112,9
S01009390,428,29,79,261,59,226,5,8,164,49,202,24,71,97,10
S01009391,410,25,76,258,51,204,3,11,150,40,206,22,65,108,11
S01009392,302,22,67,176,37,166,5,11,121,29,136,17,56,55,8
S01009393,377,24,74,243,36,197,4,14,150,29,180,20,60,93,7
S01009394,472,21,83,315,53,254,9,12,190,43,218,12,71,125,10
S01009395,290,15,57,165,53,140,6,9,90,35,150,9,48,75,18
S01009396,328,23,67,192,46,190,5,14,129,42,138,18,53,63,4
S01009397,354,27,74,201,52,174,1,11,118,44,180,26,63,83,8
S01009398,371,14,85,250,22,192,2,15,155,20,179,12,70,95,2
S01009399,375,23,88,234,30,199,6,22,145,26,176,17,66,89,4
S01009400,253,17,60,162,14,133,4,11,107,11,120,13,49,55,3
S01009401,283,22,57,169,35,159,7,15,106,31,124,15,42,63,4
S01009402,418,34,100,244,40,224,12,24,157,31,194,22,76,87,9
S01009403,291,24,68,172,27,153,9,11,112,21,138,15,57,60,6
S01009404,233,9,48,159,17,115,3,11,87,14,118,6,37,72,3
S01009405,207,19,43,114,31,113,6,9,73,25,94,13,34,41,6
S01009406,449,22,77,312,38,220,3,14,175,28,229,19,63,137,10
S01009407,241,11,47,160,23,131,3,9,100,19,110,8,38,60,4
S01009408,424,15,78,279,52,228,6,17,167,38,196,9,61,112,14
S01009409,289,15,81,175,18,143,5,13,109,16,146,10,68,66,2
S01009410,408,23,117,243,25,201,4,24,155,18,207,19,93,88,7
S01009411,380,26,85,238,31,188,5,15,144,24,192,21,70,94,7
S01009412,396,25,97,244,30,212,6,20,158,28,184,19,77,86,2
S01009413,488,26,112,304,46,255,4,22,192,37,233,22,90,112,9
S01009414,299,14,77,183,25,142,3,9,110,20,157,11,68,73,5
S01009415,335,26,56,218,35,173,4,10,132,27,162,22,46,86,8
S01009416,297,11,76,177,33,156,5,13,109,29,141,6,63,68,4
S01009417,178,5,33,108,32,92,0,2,63,27,86,5,31,45,5
S01009418,508,22,109,344,33,274,2,23,223,26,234,20,86,121,7
S01009419,241,9,60,146,26,126,4,12,87,23,115,5,48,59,3
S01009420,230,12,65,141,12,115,5,15,86,9,115,7,50,55,3
S01009421,277,18,75,168,16,145,3,22,104,16,132,15,53,64,0
S01009422,366,21,91,224,30,186,4,22,132,28,180,17,69,92,2
S01009423,544,17,111,353,63,281,1,23,205,52,263,16,88,148,11
S01009424,279,15,50,178,36,143,2,7,105,29,136,13,43,73,7
S01009425,330,13,55,224,38,177,6,12,124,35,153,7,43,100,3
S01009426,310,15,75,190,30,157,3,19,110,25,153,12,56,80,5
S01009427,229,17,57,133,22,112,6,9,80,17,117,11,48,53,5
S01009428,229,10,58,138,23,112,2,13,78,19,117,8,45,60,4
S01009429,272,13,60,184,15,140,2,16,109,13,132,11,44,75,2
S01009430,296,18,84,169,25,137,1,15,99,22,159,17,69,70,3
S01009431,278,11,61,176,30,131,1,9,99,22,147,10,52,77,8
S01009432,306,17,90,178,21,146,3,18,107,18,160,14,72,71,3
S01009433,293,13,81,179,20,154,6,19,112,17,139,7,62,67,3
S01009434,208,7,61,128,12,108,1,13,86,8,100,6,48,42,4
S01009435,261,11,73,158,19,133,3,20,93,17,128,8,53,65,2
S01009436,303,13,64,208,18,157,5,11,123,18,146,8,53,85,0
S01009437,307,15,57,202,33,155,1,7,119,28,152,14,50,83,5
S01009438,339,14,77,225,23,166,4,14,128,20,173,10,63,97,3
S01009439,357,16,83,241,17,195,4,15,160,16,162,12,68,81,1
S01009440,255,12,72,148,23,123,1,7,95,20,132,11,65,53,3
S01009441,343,26,90,188,39,160,5,10,112,33,183,21,80,76,6
S01009442,290,15,49,186,40,154,2,8,111,33,136,13,41,75,7
S01009443,332,26,69,189,48,168,7,13,111,37,164,19,56,78,11
S01009444,455,29,104,285,37,244,11,16,183,34,211,18,88,102,3
S01009445,354,13,89,231,21,181,3,14,147,17,173,10,75,84,4
S01009446,322,14,81,203,24,160,6,11,123,20,162,8,70,80,4
S01009447,227,19,45,142,21,111,7,8,79,17,116,12,37,63,4
S01009448,424,19,97,266,42,216,7,18,154,37,208,12,79,112,5
S01009449,216,9,54,138,15,114,3,8,91,12,102,6,46,47,3
S01009450,235,8,63,144,20,112,1,12,83,16,123,7,51,61,4
S01009451,383,22,90,240,31,205,6,18,158,23,178,16,72,82,8
S01009452,204,10,40,138,16,115,1,5,95,14,89,9,35,43,2
S01009453,437,21,97,285,34,215,5,8,172,30,222,16,89,113,4
S01009454,420,35,89,244,52,227,9,22,160,36,193,26,67,84,16
S01009455,404,25,86,209,84,225,7,25,123,70,179,18,61,86,14
S01009456,305,10,53,202,40,161,2,12,113,34,144,8,41,89,6
S01009457,305,16,75,161,53,159,5,15,95,44,146,11,60,66,9
S01009458,294,15,59,187,33,142,1,13,106,22,152,14,46,81,11
S01009459,372,26,73,219,54,187,5,19,117,46,185,21,54,102,8
S01009460,323,15,91,197,20,160,1,18,124,17,163,14,73,73,3
S01009461,304,19,51,200,34,156,4,8,113,31,148,15,43,87,3
S01009462,304,24,68,177,35,167,4,19,113,31,137,20,49,64,4
S01009463,286,18,61,168,39,145,7,9,97,32,141,11,52,71,7
S01009464,430,31,93,257,49,232,11,19,162,40,198,20,74,95,9
S01009465,269,21,66,148,34,134,6,9,92,27,135,15,57,56,7
S01009466,272,24,45,170,33,135,6,8,98,23,137,18,37,72,10
S01009467,355,25,85,218,27,174,6,17,129,22,181,19,68,89,5
S01009468,330,21,86,192,31,172,3,22,119,28,158,18,64,73,3
S01009469,366,26,78,220,42,169,3,16,117,33,197,23,62,103,9
S01009470,214,13,55,123,23,103,2,12,70,19,111,11,43,53,4
S01009471,219,8,43,145,23,125,4,14,87,20,94,4,29,58,3
S01009472,360,33,69,226,32,191,12,16,137,26,169,21,53,89,6
S01009473,382,23,93,242,24,202,9,30,142,21,180,14,63,100,3
S01009474,381,27,84,230,40,218,10,24,151,33,163,17,60,79,7
S01009475,306,17,52,200,37,155,6,11,109,29,151,11,41,91,8
S01009476,269,23,56,139,51,142,7,9,84,42,127,16,47,55,9
S01009477,341,24,59,202,56,180,7,15,118,40,161,17,44,84,16
S01009478,464,22,90,296,56,256,10,39,166,41,208,12,51,130,15
S01009479,378,34,61,233,50,214,9,18,148,39,164,25,43,85,11
S01009480,399,25,67,257,50,206,7,13,146,40,193,18,54,111,10
S01009481,505,18,78,359,50,262,7,21,189,45,243,11,57,170,5
S01009482,332,13,65,226,28,178,4,18,136,20,154,9,47,90,8
S01009483,426,21,68,294,43,231,9,17,174,31,195,12,51,120,12
S01009484,312,17,61,210,24,155,3,10,122,20,157,14,51,88,4
S01009485,316,32,73,186,25,168,9,18,120,21,148,23,55,66,4
S01009486,279,22,47,184,26,141,10,8,98,25,138,12,39,86,1
S01009487,347,19,84,227,17,176,6,13,143,14,171,13,71,84,3
S01009488,317,33,77,191,16,162,8,14,125,15,155,25,63,66,1
S01009489,317,16,74,198,29,167,5,10,132,20,150,11,64,66,9
S01009490,323,14,99,192,18,159,3,13,128,15,164,11,86,64,3
S01009491,241,13,60,146,22,123,2,13,86,22,118,11,47,60,0
S01009492,338,20,79,213,26,179,4,13,143,19,159,16,66,70,7
S01009493,355,39,65,187,64,195,15,17,109,54,160,24,48,78,10
S01009494,527,27,88,347,65,271,6,22,189,54,256,21,66,158,11
S01009495,498,40,84,318,56,248,7,15,180,46,250,33,69,138,10
S01009496,373,26,88,238,21,183,3,20,142,18,190,23,68,96,3
S01009497,472,21,110,305,36,233,7,27,171,28,239,14,83,134,8
S01009498,309,18,69,194,28,166,5,15,123,23,143,13,54,71,5
S01009499,347,19,100,200,28,169,7,26,113,23,178,12,74,87,5
S01009500,314,20,84,186,24,162,4,25,114,19,152,16,59,72,5
S01009501,261,18,60,166,17,133,3,7,106,17,128,15,53,60,0
S01009502,382,28,103,220,31,185,9,25,123,28,197,19,78,97,3
S01009503,365,33,93,215,24,165,6,17,122,20,200,27,76,93,4
S01009504,275,21,76,153,25,136,3,20,93,20,139,18,56,60,5
S01009505,276,18,83,163,12,135,3,23,99,10,141,15,60,64,2
S01009506,294,11,93,173,17,148,3,19,112,14,146,8,74,61,3
S01009507,416,25,79,276,36,217,9,11,168,29,199,16,68,108,7
S01009508,329,27,109,182,11,153,7,24,113,9,176,20,85,69,2
S01009509,425,30,97,275,23,222,7,26,170,19,203,23,71,105,4
S01009510,333,16,67,219,31,161,5,13,118,25,172,11,54,101,6
S01009511,285,25,49,179,32,149,6,9,108,26,136,19,40,71,6
S01009512,398,21,96,253,28,210,10,22,156,22,188,11,74,97,6
S01009513,282,26,64,173,19,136,5,10,103,18,146,21,54,70,1
S01009514,404,26,83,260,35,197,7,13,147,30,207,19,70,113,5
S01009515,298,16,81,190,11,139,3,12,113,11,159,13,69,77,0
S01009516,356,23,90,207,36,167,4,15,116,32,189,19,75,91,4
S01009517,564,20,110,377,57,284,6,20,208,50,280,14,90,169,7
S01009518,568,19,108,372,69,283,3,18,207,55,285,16,90,165,14
S01009519,262,15,56,171,20,138,2,15,101,20,124,13,41,70,0
S01009520,431,31,92,266,42,225,11,26,153,35,206,20,66,113,7
S01009521,281,20,84,164,13,133,7,22,93,11,148,13,62,71,2
S01009522,416,23,119,244,30,198,5,29,139,25,218,18,90,105,5
S01009523,214,10,51,142,11,105,3,9,84,9,109,7,42,58,2
S01009524,266,12,50,178,26,137,2,10,103,22,129,10,40,75,4
S01009525,224,15,50,133,26,124,8,15,81,20,100,7,35,52,6
S01009526,402,18,57,265,62,219,3,13,154,49,183,15,44,111,13
S01009527,314,16,56,215,27,165,5,20,119,21,149,11,36,96,6
S01009528,185,8,36,123,18,92,2,9,67,14,93,6,27,56,4
S01009529,265,19,52,167,27,134,6,11,95,22,131,13,41,72,5
S01009530,298,20,73,175,30,153,5,15,109,24,145,15,58,66,6
S01009531,311,17,76,199,19,163,6,20,120,17,148,11,56,79,2
S01009532,274,15,60,185,14,138,3,6,117,12,136,12,54,68,2
S01009533,354,20,85,220,29,172,2,22,126,22,182,18,63,94,7
S01009534,286,12,82,165,27,153,2,29,98,24,133,10,53,67,3
S01009535,236,22,65,132,17,127,7,18,87,15,109,15,47,45,2
S01009536,223,19,56,131,17,109,6,11,76,16,114,13,45,55,1
S01009537,216,10,42,145,19,109,2,10,84,13,107,8,32,61,6
S01009538,327,12,73,207,35,169,2,19,129,19,158,10,54,78,16
S01009539,414,27,96,248,43,213,10,25,142,36,201,17,71,106,7
S01009540,374,19,87,236,32,200,5,22,148,25,174,14,65,88,7
S01009541,386,20,70,252,44,199,8,14,142,35,187,12,56,110,9
S01009542,298,13,86,172,27,139,2,15,98,24,159,11,71,74,3
S01009543,236,11,60,136,29,120,3,16,78,23,116,8,44,58,6
S01009544,412,24,86,262,40,210,6,19,153,32,202,18,67,109,8
S01009545,353,19,68,221,45,174,4,11,119,40,179,15,57,102,5
S01009546,512,24,100,337,51,265,2,13,208,42,247,22,87,129,9
S01009547,352,15,88,213,36,170,5,12,126,27,182,10,76,87,9
S01009548,317,19,67,202,29,156,6,17,113,20,161,13,50,89,9
S01009549,392,30,83,242,37,215,13,16,153,33,177,17,67,89,4
S01009550,254,15,62,158,19,124,3,14,90,17,130,12,48,68,2
S01009551,239,9,53,156,21,131,4,14,95,18,108,5,39,61,3
S01009552,432,35,95,249,53,224,11,17,153,43,208,24,78,96,10
S01009553,346,19,87,212,28,186,5,19,139,23,160,14,68,73,5
S01009554,294,14,77,162,41,159,5,21,96,37,135,9,56,66,4
S01009555,369,22,83,224,40,188,4,18,133,33,181,18,65,91,7
S01009556,361,16,81,242,22,178,6,21,132,19,183,10,60,110,3
S01009557,262,14,60,168,20,118,3,16,85,14,144,11,44,83,6
S01009558,252,15,58,161,18,126,4,12,96,14,126,11,46,65,4
S01009559,360,20,80,235,25,184,6,8,150,20,176,14,72,85,5
S01009560,294,22,61,190,21,142,7,16,105,14,152,15,45,85,7
S01009561,211,16,51,133,11,109,4,12,86,7,102,12,39,47,4
S01009562,332,14,74,221,23,184,7,18,141,18,148,7,56,80,5
S01009563,315,16,71,208,20,158,4,11,129,14,157,12,60,79,6
S01009564,278,17,56,186,19,135,3,8,107,17,143,14,48,79,2
S01009565,225,22,50,139,14,115,3,11,88,13,110,19,39,51,1
S01009566,529,31,96,362,40,275,5,23,212,35,254,26,73,150,5
S01009567,399,15,84,256,44,209,2,29,142,36,190,13,55,114,8
S01009568,305,14,72,194,25,155,3,15,116,21,150,11,57,78,4
S01009569,361,20,92,224,25,176,4,22,133,17,185,16,70,91,8
S01009570,237,14,47,160,16,118,4,12,91,11,119,10,35,69,5
S01009571,264,14,67,168,15,133,2,15,104,12,131,12,52,64,3
S01009572,413,20,94,261,38,218,6,25,155,32,195,14,69,106,6
S01009573,274,15,68,179,12,144,7,16,109,12,130,8,52,70,0
S01009574,441,40,92,266,43,226,13,20,160,33,215,27,72,106,10
S01009575,239,11,43,178,7,120,1,1,113,5,119,10,42,65,2
S01009576,288,12,51,195,30,155,5,15,110,25,133,7,36,85,5
S01009577,361,26,74,210,51,184,6,15,127,36,177,20,59,83,15
S01009578,374,14,79,256,25,195,2,17,152,24,179,12,62,104,1
S01009579,515,28,105,327,55,261,12,17,185,47,254,16,88,142,8
S01009580,551,27,128,339,57,296,12,28,209,47,255,15,100,130,10
S01009581,254,16,50,167,21,134,1,18,97,18,120,15,32,70,3
S01009582,254,22,53,167,12,130,7,10,102,11,124,15,43,65,1
S01009583,355,16,89,229,21,175,2,17,139,17,180,14,72,90,4
S01009584,240,17,40,146,37,137,5,7,96,29,103,12,33,50,8
S01009585,474,16,104,312,42,248,3,19,194,32,226,13,85,118,10
S01009586,262,15,53,164,30,148,8,9,105,26,114,7,44,59,4
S01009587,278,15,52,185,26,155,4,9,122,20,123,11,43,63,6
S01009588,451,32,104,271,44,237,8,19,179,31,214,24,85,92,13
S01009589,439,23,103,269,44,223,5,14,169,35,216,18,89,100,9
S01009590,365,25,65,239,36,187,7,12,140,28,178,18,53,99,8
S01009591,368,19,63,237,49,192,2,20,132,38,176,17,43,105,11
S01009592,263,13,49,165,36,143,4,9,99,31,120,9,40,66,5
S01009593,315,22,55,188,50,163,4,9,114,36,152,18,46,74,14
S01009594,374,20,81,236,37,188,7,15,134,32,186,13,66,102,5
S01009595,282,19,52,171,40,149,3,13,101,32,133,16,39,70,8
S01009596,383,13,95,253,22,191,2,26,145,18,192,11,69,108,4
S01009597,329,14,100,193,22,153,5,20,111,17,176,9,80,82,5
S01009598,254,20,65,150,19,126,9,8,91,18,128,11,57,59,1
S01009599,409,13,97,270,29,206,5,17,160,24,203,8,80,110,5
S01009600,240,13,65,144,18,116,4,10,85,17,124,9,55,59,1
S01009601,303,14,70,195,24,153,1,18,113,21,150,13,52,82,3
S01009602,448,28,76,278,66,229,4,14,156,55,219,24,62,122,11
S01009603,295,14,55,184,42,158,3,16,104,35,137,11,39,80,7
S01009604,429,16,108,276,29,228,6,26,170,26,201,10,82,106,3
S01009605,305,21,75,183,26,159,9,15,111,24,146,12,60,72,2
S01009606,319,20,48,213,38,160,4,5,124,27,159,16,43,89,11
S01009607,269,18,60,150,41,142,7,15,89,31,127,11,45,61,10
S01009608,286,11,50,199,26,143,0,5,117,21,143,11,45,82,5
S01009609,403,21,74,262,46,216,8,17,156,35,187,13,57,106,11
S01009610,464,31,96,295,42,239,9,16,180,34,225,22,80,115,8
S01009611,284,19,68,150,47,140,4,14,86,36,144,15,54,64,11
S01009612,311,12,65,212,22,162,3,14,127,18,149,9,51,85,4
S01009613,262,13,66,148,35,138,7,18,85,28,124,6,48,63,7
S01009614,264,16,62,143,43,138,3,13,85,37,126,13,49,58,6
S01009615,171,16,38,103,14,89,6,4,66,13,82,10,34,37,1
S01009616,369,22,79,230,38,190,1,13,147,29,179,21,66,83,9
S01009617,401,28,89,235,49,208,1,17,148,42,193,27,72,87,7
S01009618,320,15,73,199,33,166,5,11,123,27,154,10,62,76,6
S01009619,245,14,68,149,14,126,5,16,93,12,119,9,52,56,2
S01009620,303,16,77,190,20,154,6,16,115,17,149,10,61,75,3
S01009621,325,20,73,205,27,160,4,11,122,23,165,16,62,83,4
S01009622,268,19,62,165,22,141,6,18,100,17,127,13,44,65,5
S01009623,198,9,54,118,17,96,2,12,67,15,102,7,42,51,2
S01009624,366,23,95,225,23,178,3,21,135,19,188,20,74,90,4
S01009625,369,23,97,224,25,179,2,13,142,22,190,21,84,82,3
S01009626,190,9,61,111,9,91,2,16,67,6,99,7,45,44,3
S01009627,325,21,89,192,23,162,6,19,119,18,163,15,70,73,5
S01009628,155,15,39,95,6,81,6,10,59,6,74,9,29,36,0
S01009629,438,29,113,277,19,219,2,24,175,18,219,27,89,102,1
S01009630,291,11,88,174,18,134,3,14,102,15,157,8,74,72,3
S01009631,264,15,69,166,14,142,4,20,106,12,122,11,49,60,2
S01009632,175,14,51,97,13,86,4,5,66,11,89,10,46,31,2
S01009633,247,13,93,123,18,130,4,31,77,18,117,9,62,46,0
S01009634,160,9,42,99,10,79,2,9,59,9,81,7,33,40,1
S01009635,384,24,98,233,29,204,4,22,155,23,180,20,76,78,6
S01009636,329,17,76,207,29,170,4,18,124,24,159,13,58,83,5
S01009637,339,15,78,225,21,171,4,14,133,20,168,11,64,92,1
S01009638,230,15,54,144,17,122,5,10,91,16,108,10,44,53,1
S01009639,338,20,66,205,47,172,5,13,113,41,166,15,53,92,6
S01009640,214,4,57,140,13,105,1,13,81,10,109,3,44,59,3
S01009641,309,14,79,192,24,151,2,15,111,23,158,12,64,81,1
S01009642,464,27,108,284,45,216,6,21,153,36,248,21,87,131,9
S01009643,343,17,79,215,32,183,4,12,139,28,160,13,67,76,4
S01009644,343,23,91,202,27,178,8,24,124,22,165,15,67,78,5
S01009645,277,18,76,152,31,142,2,17,95,28,135,16,59,57,3
S01009646,244,10,59,152,23,124,2,15,89,18,120,8,44,63,5
S01009647,222,11,59,137,15,116,3,18,84,11,106,8,41,53,4
S01009648,377,21,86,234,36,186,4,18,132,32,191,17,68,102,4
S01009649,445,22,94,280,49,218,4,15,157,42,227,18,79,123,7
S01009650,345,22,65,216,42,187,7,16,129,35,158,15,49,87,7
S01009651,434,41,88,217,88,224,7,19,128,70,210,34,69,89,18
S01009652,314,30,74,166,44,169,11,20,101,37,145,19,54,65,7
S01009653,273,20,52,156,45,145,7,6,92,40,128,13,46,64,5
S01009654,246,23,60,124,39,121,9,13,70,29,125,14,47,54,10
S01009655,353,20,94,213,26,167,5,13,128,21,186,15,81,85,5
S01009656,226,16,55,135,20,112,5,13,76,18,114,11,42,59,2
S01009657,379,30,79,237,33,199,8,15,149,27,180,22,64,88,6
S01009658,344,12,95,209,28,172,3,15,130,24,172,9,80,79,4
S01009659,228,18,50,136,24,124,3,9,91,21,104,15,41,45,3
S01009660,468,21,108,294,45,233,4,16,173,40,235,17,92,121,5
S01009661,443,35,90,233,85,237,13,22,135,67,206,22,68,98,18
S01009662,371,20,75,220,56,204,6,16,132,50,167,14,59,88,6
S01009663,312,25,59,185,43,155,7,12,109,27,157,18,47,76,16
S01009664,463,51,88,255,69,239,15,15,149,60,224,36,73,106,9
S01009665,309,20,61,193,35,159,6,9,112,32,150,14,52,81,3
S01009666,362,27,61,221,53,198,9,11,139,39,164,18,50,82,14
S01009667,266,14,51,149,52,137,4,11,84,38,129,10,40,65,14
S01009668,308,26,51,193,38,157,8,9,108,32,151,18,42,85,6
S01009669,229,13,40,147,29,120,2,10,85,23,109,11,30,62,6
S01009670,395,28,80,229,58,201,8,13,138,42,194,20,67,91,16
S01009671,341,34,62,198,47,177,14,14,110,39,164,20,48,88,8
S01009672,381,18,98,227,38,202,4,18,151,29,179,14,80,76,9
S01009673,379,22,73,232,52,206,7,15,145,39,173,15,58,87,13
S01009674,429,31,84,238,76,238,10,27,136,65,191,21,57,102,11
S01009675,449,43,85,260,61,230,10,18,152,50,219,33,67,108,11
S01009676,410,27,92,226,65,215,6,12,142,55,195,21,80,84,10
S01009677,306,26,71,153,56,167,9,21,93,44,139,17,50,60,12
S01009678,294,21,60,172,41,152,6,11,100,35,142,15,49,72,6
S01009679,433,24,85,274,50,233,5,18,170,40,200,19,67,104,10
S01009680,402,15,100,238,49,215,7,17,148,43,187,8,83,90,6
S01009681,320,24,61,199,36,167,6,12,116,33,153,18,49,83,3
S01009682,304,19,64,178,43,159,3,13,112,31,145,16,51,66,12
S01009683,361,23,77,219,42,182,7,17,123,35,179,16,60,96,7
S01009684,561,47,98,322,94,301,5,20,198,78,260,42,78,124,16
S01009685,282,19,54,187,22,148,3,4,122,19,134,16,50,65,3
S01009686,526,45,107,324,50,256,7,21,186,42,270,38,86,138,8
S01009687,346,17,86,202,41,195,6,23,130,36,151,11,63,72,5
S01009688,359,22,87,226,24,177,4,17,133,23,182,18,70,93,1
S01009689,306,16,60,182,48,151,4,17,95,35,155,12,43,87,13
S01009690,354,16,65,227,46,172,5,16,117,34,182,11,49,110,12
S01009691,281,22,53,175,31,140,7,8,99,26,141,15,45,76,5
S01009692,451,37,93,266,55,235,8,17,164,46,216,29,76,102,9
S01009693,301,22,76,180,23,153,6,22,107,18,148,16,54,73,5
S01009694,428,44,88,252,44,213,9,19,148,37,215,35,69,104,7
S01009695,294,27,57,159,51,154,7,10,96,41,140,20,47,63,10
S01009696,461,37,94,264,66,229,8,17,153,51,232,29,77,111,15
S01009697,349,24,61,202,62,189,10,20,111,48,160,14,41,91,14
S01009698,307,23,51,151,82,160,4,15,82,59,147,19,36,69,23
S01009699,168,15,39,85,29,99,6,14,55,24,69,9,25,30,5
S01009700,302,28,57,175,42,153,4,15,98,36,149,24,42,77,6
S01009701,152,13,38,80,21,79,5,10,52,12,73,8,28,28,9
S01009702,316,27,63,151,75,183,12,22,83,66,133,15,41,68,9
S01009703,257,19,61,133,44,131,4,14,77,36,126,15,47,56,8
S01009704,448,47,101,214,86,231,15,17,124,75,217,32,84,90,11
S01009705,364,34,76,193,61,196,10,12,122,52,168,24,64,71,9
S01009706,286,32,55,145,54,156,8,16,92,40,130,24,39,53,14
S01009707,255,15,40,157,43,125,4,8,79,34,130,11,32,78,9
S01009708,264,22,59,133,50,140,4,15,77,44,124,18,44,56,6
S01009709,368,26,86,191,65,199,7,11,126,55,169,19,75,65,10
S01009710,282,29,66,136,51,154,4,16,85,49,128,25,50,51,2
S01009711,346,22,77,185,62,182,5,18,107,52,164,17,59,78,10
S01009712,267,21,64,139,43,145,4,15,93,33,122,17,49,46,10
S01009713,361,32,86,186,57,183,5,25,108,45,178,27,61,78,12
S01009714,384,31,82,203,68,213,9,27,118,59,171,22,55,85,9
S01009715,320,23,51,159,87,185,8,18,91,68,135,15,33,68,19
S01009716,283,25,61,156,41,148,8,19,93,28,135,17,42,63,13
S01009717,305,71,75,138,21,135,20,13,88,14,170,51,62,50,7
S01009718,319,33,88,164,34,158,12,20,102,24,161,21,68,62,10
S01009719,345,33,89,197,26,168,14,23,114,17,177,19,66,83,9
S01009720,341,36,82,189,34,177,10,21,120,26,164,26,61,69,8
S01009721,154,59,34,51,10,74,25,9,32,8,80,34,25,19,2
S01009722,269,98,60,82,29,129,39,24,44,22,140,59,36,38,7
S01009723,197,80,41,54,22,82,27,12,25,18,115,53,29,29,4
S01009724,360,70,84,168,38,181,34,22,97,28,179,36,62,71,10
S01009725,206,96,42,51,17,92,36,13,30,13,114,60,29,21,4
S01009726,220,91,44,47,38,98,31,14,31,22,122,60,30,16,16
S01009727,375,38,82,176,79,202,15,25,101,61,173,23,57,75,18
S01009728,353,31,70,194,58,188,9,23,111,45,165,22,47,83,13
S01009729,264,20,48,155,41,142,10,13,87,32,122,10,35,68,9
S01009730,256,26,62,130,38,134,11,18,78,27,122,15,44,52,11
S01009731,184,21,40,90,33,94,4,10,56,24,90,17,30,34,9
S01009732,259,72,45,98,44,126,19,19,55,33,133,53,26,43,11
S01009733,251,29,54,121,47,128,7,15,69,37,123,22,39,52,10
S01009734,441,40,82,235,84,224,14,19,127,64,217,26,63,108,20
S01009735,305,67,42,120,76,156,23,9,67,57,149,44,33,53,19
S01009736,303,165,50,64,24,125,59,17,33,16,178,106,33,31,8
S01009737,419,29,70,282,38,226,7,11,174,34,193,22,59,108,4
S01009738,248,14,45,164,25,130,4,14,92,20,118,10,31,72,5
S01009739,431,19,73,281,58,236,7,9,170,50,195,12,64,111,8
S01009740,249,19,49,149,32,125,1,11,86,27,124,18,38,63,5
S01009741,578,15,39,418,106,444,7,6,339,92,134,8,33,79,14
S01009742,249,10,44,143,52,138,2,10,82,44,111,8,34,61,8
S01009743,447,35,92,254,66,235,10,22,149,54,212,25,70,105,12
S01009744,345,26,71,186,62,174,4,19,101,50,171,22,52,85,12
S01009745,548,58,108,324,58,268,15,17,186,50,280,43,91,138,8
S01009746,291,25,54,155,57,154,8,20,83,43,137,17,34,72,14
S01009747,338,14,69,216,39,166,4,13,120,29,172,10,56,96,10
S01009748,346,20,86,197,43,170,10,13,114,33,176,10,73,83,10
S01009749,477,23,119,269,66,245,5,34,163,43,232,18,85,106,23
S01009750,330,19,75,203,33,169,6,22,120,21,161,13,53,83,12
S01009751,421,27,94,266,34,213,11,16,158,28,208,16,78,108,6
S01009752,297,32,55,167,43,147,12,12,96,27,150,20,43,71,16
S01009753,295,19,62,154,60,149,5,17,87,40,146,14,45,67,20
S01009754,372,24,65,239,44,188,9,12,133,34,184,15,53,106,10
S01009755,333,23,62,187,61,176,13,13,103,47,157,10,49,84,14
S01009756,359,19,71,215,54,172,3,13,115,41,187,16,58,100,13
S01009757,311,17,65,176,53,153,5,18,90,40,158,12,47,86,13
S01009758,332,21,56,227,28,160,7,11,119,23,172,14,45,108,5
S01009759,323,29,103,179,12,146,8,25,101,12,177,21,78,78,0
S01009760,318,27,95,173,23,150,12,16,104,18,168,15,79,69,5
S01009761,464,20,103,303,38,231,9,22,174,26,233,11,81,129,12
S01009762,350,21,101,222,6,167,11,22,132,2,183,10,79,90,4
S01009763,417,33,86,247,51,220,15,18,145,42,197,18,68,102,9
S01009764,276,13,80,168,15,122,3,16,89,14,154,10,64,79,1
S01009765,442,21,111,279,31,229,5,35,159,30,213,16,76,120,1
S01009766,338,26,69,221,22,173,10,18,128,17,165,16,51,93,5
S01009767,198,7,51,124,16,95,3,14,65,13,103,4,37,59,3
S01009768,294,19,83,170,22,140,4,16,102,18,154,15,67,68,4
S01009769,374,13,73,249,39,175,2,16,124,33,199,11,57,125,6
S01009770,353,19,98,198,38,186,5,33,116,32,167,14,65,82,6
S01009771,441,30,85,286,40,229,11,24,162,32,212,19,61,124,8
S01009772,354,18,68,241,27,172,8,11,130,23,182,10,57,111,4
S01009773,280,18,71,152,39,160,6,25,94,35,120,12,46,58,4
S01009774,264,24,55,153,32,140,3,21,90,26,124,21,34,63,6
S01009775,276,18,92,156,10,136,7,21,102,6,140,11,71,54,4
S01009776,206,12,77,111,6,80,2,12,61,5,126,10,65,50,1
S01009777,219,13,42,149,15,114,7,8,88,11,105,6,34,61,4
S01009778,248,18,62,156,12,119,5,13,91,10,129,13,49,65,2
S01009779,169,7,60,93,9,77,2,10,58,7,92,5,50,35,2
S01009780,203,11,85,98,9,87,4,18,58,7,116,7,67,40,2
S01009781,199,16,61,113,9,96,4,13,70,9,103,12,48,43,0
S01009782,262,11,56,173,22,141,3,18,102,18,121,8,38,71,4
S01009783,306,17,96,174,19,136,3,24,93,16,170,14,72,81,3
S01009784,251,17,78,144,12,114,6,16,81,11,137,11,62,63,1
S01009785,286,16,83,179,8,124,7,18,94,5,162,9,65,85,3
S01009786,317,20,102,181,14,145,12,21,101,11,172,8,81,80,3
S01009787,308,19,100,167,22,144,4,24,98,18,164,15,76,69,4
S01009788,334,25,80,203,26,164,7,16,121,20,170,18,64,82,6
S01009789,346,18,97,215,16,161,7,21,120,13,185,11,76,95,3
S01009790,285,13,75,184,13,138,5,16,108,9,147,8,59,76,4
S01009791,228,14,67,132,15,107,3,16,76,12,121,11,51,56,3
S01009792,527,36,90,347,54,279,11,24,204,40,248,25,66,143,14
S01009793,440,19,99,288,34,218,6,34,154,24,222,13,65,134,10
S01009794,338,11,64,230,33,164,5,12,124,23,174,6,52,106,10
S01009795,497,28,109,306,54,247,12,26,165,44,250,16,83,141,10
S01009796,399,26,84,241,48,208,10,19,139,40,191,16,65,102,8
S01009797,429,23,89,284,33,218,4,23,169,22,211,19,66,115,11
S01009798,421,32,82,273,34,206,9,13,155,29,215,23,69,118,5
S01009799,292,15,101,162,14,136,4,24,99,9,156,11,77,63,5
S01009800,465,28,134,267,36,211,8,23,149,31,254,20,111,118,5
S01009801,320,22,95,178,25,161,7,26,105,23,159,15,69,73,2
S01009802,450,22,109,298,21,213,5,24,168,16,237,17,85,130,5
S01009803,284,9,67,191,17,120,2,14,95,9,164,7,53,96,8
S01009804,269,10,50,177,32,132,3,14,91,24,137,7,36,86,8
S01009805,364,10,98,234,22,170,3,19,132,16,194,7,79,102,6
S01009806,356,19,92,222,23,166,7,27,112,20,190,12,65,110,3
S01009807,430,25,120,254,31,209,6,39,139,25,221,19,81,115,6
S01009808,314,17,94,189,14,154,5,30,111,8,160,12,64,78,6
S01009809,339,24,78,217,20,172,10,19,124,19,167,14,59,93,1
S01009810,293,15,75,179,24,132,6,24,84,18,161,9,51,95,6
S01009811,404,17,86,273,28,198,5,18,153,22,206,12,68,120,6
S01009812,293,16,54,201,22,152,3,15,117,17,141,13,39,84,5
S01009813,220,23,75,109,13,99,11,22,54,12,121,12,53,55,1
S01009814,360,21,72,242,25,190,7,27,136,20,170,14,45,106,5
S01009815,362,13,90,233,26,171,5,21,124,21,191,8,69,109,5
S01009816,393,20,87,265,21,184,5,15,147,17,209,15,72,118,4
S01009817,288,12,66,189,21,139,3,12,107,17,149,9,54,82,4
S01009818,407,35,76,255,41,201,10,21,141,29,206,25,55,114,12
S01009819,250,15,53,158,24,117,4,13,82,18,133,11,40,76,6
S01009820,428,20,85,294,29,217,7,23,165,22,211,13,62,129,7
S01009821,322,20,68,211,23,161,7,18,121,15,161,13,50,90,8
S01009822,208,5,37,153,13,105,1,8,88,8,103,4,29,65,5
S01009823,258,13,69,161,15,113,3,12,84,14,145,10,57,77,1
S01009824,366,18,71,247,30,181,5,8,144,24,185,13,63,103,6
S01009825,415,26,85,279,25,192,7,19,146,20,223,19,66,133,5
S01009826,215,13,47,139,16,100,4,8,76,12,115,9,39,63,4
S01009827,332,18,77,210,27,156,5,19,112,20,176,13,58,98,7
S01009828,241,18,57,149,17,108,11,9,78,10,133,7,48,71,7
S01009829,444,10,97,306,31,216,4,21,164,27,228,6,76,142,4
S01009830,362,17,76,247,22,177,3,15,140,19,185,14,61,107,3
S01009831,409,21,104,261,23,192,8,24,143,17,217,13,80,118,6
S01009832,468,27,108,308,25,220,6,30,163,21,248,21,78,145,4
S01009833,298,9,54,214,21,140,2,8,114,16,158,7,46,100,5
S01009834,395,15,102,249,29,167,2,15,124,26,228,13,87,125,3
S01009835,212,19,60,120,13,91,6,12,61,12,121,13,48,59,1
S01009836,451,15,93,316,27,231,3,24,181,23,220,12,69,135,4
S01009837,275,13,55,191,16,128,4,9,102,13,147,9,46,89,3
S01009838,319,17,60,222,20,146,5,10,115,16,173,12,50,107,4
S01009839,419,18,99,268,34,185,5,26,131,23,234,13,73,137,11
S01009840,386,30,94,240,22,184,10,21,136,17,202,20,73,104,5
S01009841,340,23,78,213,26,174,6,25,122,21,166,17,53,91,5
S01009842,257,24,58,161,14,122,6,18,86,12,135,18,40,75,2
S01009843,187,11,42,126,8,92,2,8,74,8,95,9,34,52,0
S01009844,184,9,35,119,21,106,2,18,71,15,78,7,17,48,6
S01009845,311,20,67,207,17,175,9,22,131,13,136,11,45,76,4
S01009846,362,19,108,212,23,176,7,29,124,16,186,12,79,88,7
S01009847,272,9,65,177,21,118,3,12,87,16,154,6,53,90,5
S01009848,345,20,93,215,17,160,7,12,125,16,185,13,81,90,1
S01009849,298,12,52,212,22,146,1,11,115,19,152,11,41,97,3
S01009850,393,23,69,273,28,209,9,20,159,21,184,14,49,114,7
S01009851,337,17,81,207,32,155,4,15,117,19,182,13,66,90,13
S01009852,237,12,46,156,23,116,5,11,83,17,121,7,35,73,6
S01009853,336,23,69,219,25,159,6,13,122,18,177,17,56,97,7
S01009854,386,25,90,250,21,170,4,19,129,18,216,21,71,121,3
S01009855,285,23,63,176,23,144,11,15,99,19,141,12,48,77,4
S01009856,244,17,60,147,20,111,4,13,81,13,133,13,47,66,7
S01009857,380,23,85,245,27,194,8,13,152,21,186,15,72,93,6
S01009858,341,18,67,232,24,160,5,14,122,19,181,13,53,110,5
S01009859,334,21,81,215,17,160,4,21,121,14,174,17,60,94,3
S01009860,282,23,74,163,22,129,5,28,79,17,153,18,46,84,5
S01009861,378,24,79,242,33,196,7,32,131,26,182,17,47,111,7
S01009862,452,21,88,313,30,229,7,31,165,26,223,14,57,148,4
S01009863,370,18,66,262,24,212,9,33,153,17,158,9,33,109,7
S01009864,278,20,48,186,24,164,8,30,108,18,114,12,18,78,6
S01009865,226,12,48,144,22,125,3,19,87,16,101,9,29,57,6
S01009866,460,21,77,325,37,231,5,17,176,33,229,16,60,149,4
S01009867,651,35,82,457,77,372,17,36,260,59,279,18,46,197,18
S01009868,380,10,66,270,34,220,1,28,164,27,160,9,38,106,7
S01009869,294,19,55,198,22,176,9,19,128,20,118,10,36,70,2
S01009870,268,23,59,168,18,169,13,26,116,14,99,10,33,52,4
S01009871,361,31,75,210,45,188,11,29,117,31,173,20,46,93,14
S01009872,359,13,66,243,37,211,5,38,142,26,148,8,28,101,11
S01009873,389,20,73,245,51,211,11,18,140,42,178,9,55,105,9
S01009874,440,33,113,239,55,225,13,30,139,43,215,20,83,100,12
S01009875,234,14,62,140,18,142,5,35,87,15,92,9,27,53,3
S01009876,216,18,80,105,13,110,11,24,64,11,106,7,56,41,2
S01009877,411,29,65,251,66,221,5,26,142,48,190,24,39,109,18
S01009878,258,26,58,136,38,177,12,40,93,32,81,14,18,43,6
S01009879,434,34,74,232,94,231,11,32,124,64,203,23,42,108,30
S01009880,309,32,62,169,46,183,12,32,97,42,126,20,30,72,4
S01009881,222,20,63,118,21,149,11,43,77,18,73,9,20,41,3
S01009882,691,49,116,461,65,403,28,69,259,47,288,21,47,202,18
S01009883,316,36,84,173,23,204,21,56,110,17,112,15,28,63,6
S01009884,380,24,82,231,43,226,12,44,141,29,154,12,38,90,14
S01009885,326,17,92,186,31,193,7,48,112,26,133,10,44,74,5
S01009886,291,21,98,134,38,179,11,55,83,30,112,10,43,51,8
S01009887,384,15,114,228,27,228,7,68,135,18,156,8,46,93,9
S01009888,279,23,76,151,29,181,11,49,99,22,98,12,27,52,7
S01009889,333,22,75,209,27,203,13,43,125,22,130,9,32,84,5
S01009890,207,22,53,121,11,123,14,22,77,10,84,8,31,44,1
S01009891,327,20,54,233,20,179,9,23,133,14,148,11,31,100,6
S01009892,332,18,60,237,17,179,6,26,131,16,153,12,34,106,1
S01009893,396,17,86,265,28,243,6,51,166,20,153,11,35,99,8
S01009894,302,26,75,183,18,174,12,28,117,17,128,14,47,66,1
S01009895,287,24,62,173,28,158,8,27,98,25,129,16,35,75,3
S01009896,328,15,91,194,28,184,4,43,114,23,144,11,48,80,5
S01009897,408,26,76,268,38,208,7,33,140,28,200,19,43,128,10
S01009898,195,18,54,115,8,112,9,23,73,7,83,9,31,42,1
S01009899,457,23,69,333,32,230,7,23,178,22,227,16,46,155,10
S01009900,600,14,79,443,64,266,3,19,210,34,334,11,60,233,30
S01009901,582,24,75,420,63,295,10,29,217,39,287,14,46,203,24
S01009902,337,23,77,205,32,181,10,27,124,20,156,13,50,81,12
S01009903,418,22,86,256,54,234,8,44,147,35,184,14,42,109,19
S01009904,469,20,57,341,51,231,4,22,177,28,238,16,35,164,23
S01009905,365,20,70,242,33,222,7,37,154,24,143,13,33,88,9
S01009906,370,19,63,254,34,202,6,34,144,18,168,13,29,110,16
S01009907,417,26,62,296,33,213,16,25,146,26,204,10,37,150,7
S01009908,632,34,124,396,78,340,16,51,219,54,292,18,73,177,24
S01009909,539,18,86,366,69,296,9,35,205,47,243,9,51,161,22
S01009910,347,18,61,234,34,189,8,27,131,23,158,10,34,103,11
S01009911,496,25,90,316,65,245,6,20,175,44,251,19,70,141,21
S01009912,420,34,73,214,99,227,16,23,124,64,193,18,50,90,35
S01009913,356,23,70,185,78,204,4,28,107,65,152,19,42,78,13
S01009914,487,39,94,260,94,268,23,32,142,71,219,16,62,118,23
S01009915,475,34,89,265,87,259,20,33,149,57,216,14,56,116,30
S01009916,390,25,85,211,69,225,9,35,126,55,165,16,50,85,14
S01009917,387,19,67,249,52,208,9,23,142,34,179,10,44,107,18
S01009918,354,25,66,213,50,175,6,21,112,36,179,19,45,101,14
S01009919,528,23,85,363,57,270,8,31,199,32,258,15,54,164,25
S01009920,596,15,64,444,73,291,5,26,209,51,305,10,38,235,22
S01009921,458,13,62,336,47,245,5,27,175,38,213,8,35,161,9
S01009922,705,31,80,513,81,357,11,27,274,45,348,20,53,239,36
S01009923,512,24,70,353,65,283,14,29,195,45,229,10,41,158,20
S01009924,619,29,84,441,65,317,12,42,221,42,302,17,42,220,23
S01009925,468,14,59,365,30,216,7,16,180,13,252,7,43,185,17
S01009926,430,16,65,303,46,229,5,26,168,30,201,11,39,135,16
S01009927,263,13,44,175,31,142,3,14,102,23,121,10,30,73,8
S01009928,524,17,69,357,81,263,4,15,187,57,261,13,54,170,24
S01009929,265,18,44,169,34,131,6,14,89,22,134,12,30,80,12
S01009930,559,29,71,400,59,283,8,31,204,40,276,21,40,196,19
S01009931,559,14,71,405,69,287,6,25,208,48,272,8,46,197,21
S01009932,435,16,60,299,60,220,5,20,156,39,215,11,40,143,21
S01009933,396,17,76,276,27,215,8,28,161,18,181,9,48,115,9
S01009934,508,27,97,341,43,246,4,30,186,26,262,23,67,155,17
S01009935,172,6,37,119,10,95,2,12,74,7,77,4,25,45,3
S01009936,299,16,50,199,34,174,7,17,122,28,125,9,33,77,6
S01009937,140,17,47,68,8,77,8,16,45,8,63,9,31,23,0
S01009938,315,19,72,193,31,171,8,22,113,28,144,11,50,80,3
S01009939,207,17,54,126,10,105,4,17,76,8,102,13,37,50,2
S01009940,263,15,77,161,10,124,5,11,98,10,139,10,66,63,0
S01009941,462,36,107,269,50,245,14,40,150,41,217,22,67,119,9
S01009942,368,21,88,230,29,177,5,16,133,23,191,16,72,97,6
S01009943,263,13,75,163,12,123,3,15,96,9,140,10,60,67,3
S01009944,341,18,79,224,20,168,7,25,120,16,173,11,54,104,4
S01009945,380,25,79,254,22,184,12,19,137,16,196,13,60,117,6
S01009946,339,21,86,210,22,175,5,31,123,16,164,16,55,87,6
S01009947,233,16,49,142,26,116,6,17,73,20,117,10,32,69,6
S01009948,273,13,72,173,15,132,7,18,96,11,141,6,54,77,4
S01009949,334,21,85,204,24,177,9,24,124,20,157,12,61,80,4
S01009950,365,29,71,208,57,197,12,20,118,47,168,17,51,90,10
S01009951,370,23,71,190,86,202,9,17,107,69,168,14,54,83,17
S01009952,351,24,67,216,44,180,8,19,119,34,171,16,48,97,10
S01009953,443,31,105,263,44,211,13,27,141,30,232,18,78,122,14
S01009954,292,26,61,166,39,159,11,23,96,29,133,15,38,70,10
S01009955,443,25,79,286,53,240,12,19,169,40,203,13,60,117,13
S01009956,315,17,73,190,35,155,5,17,106,27,160,12,56,84,8
S01009957,387,29,76,213,69,199,11,18,117,53,188,18,58,96,16
S01009958,521,24,109,325,63,257,8,23,186,40,264,16,86,139,23
S01009959,288,21,66,152,49,146,4,20,87,35,142,17,46,65,14
S01009960,400,31,63,258,48,205,14,9,147,35,195,17,54,111,13
S01009961,307,24,65,183,35,156,10,16,102,28,151,14,49,81,7
S01009962,573,21,87,410,55,299,8,32,218,41,274,13,55,192,14
S01009963,431,34,80,269,48,229,13,20,156,40,202,21,60,113,8
S01009964,488,30,93,312,53,258,7,32,177,42,230,23,61,135,11
S01009965,374,26,85,236,27,202,9,26,142,25,172,17,59,94,2
S01009966,404,34,93,246,31,202,10,16,148,28,202,24,77,98,3
S01009967,431,39,78,253,61,210,14,20,134,42,221,25,58,119,19
S01009968,324,20,63,209,32,171,8,13,123,27,153,12,50,86,5
S01009969,381,29,65,218,69,200,9,16,119,56,181,20,49,99,13
S01009970,296,18,89,176,13,133,4,15,105,9,163,14,74,71,4
S01009971,440,21,108,278,33,216,6,25,159,26,224,15,83,119,7
S01009972,368,15,73,228,52,187,3,14,128,42,181,12,59,100,10
S01009973,359,22,87,224,26,163,6,14,119,24,196,16,73,105,2
S01009974,193,12,61,113,7,76,3,3,65,5,117,9,58,48,2
S01009975,210,12,72,119,7,94,5,19,65,5,116,7,53,54,2
S01009976,183,10,47,114,12,82,0,11,64,7,101,10,36,50,5
S01009977,247,11,75,148,13,130,5,19,95,11,117,6,56,53,2
S01009978,362,20,104,222,16,160,2,17,127,14,202,18,87,95,2
S01009979,166,7,47,103,9,77,4,8,57,8,89,3,39,46,1
S01009980,172,8,59,99,6,80,6,10,61,3,92,2,49,38,3
S01009981,233,11,74,140,8,101,3,16,75,7,132,8,58,65,1
S01009982,429,21,128,237,43,200,9,33,125,33,229,12,95,112,10
S01009983,162,8,58,91,5,61,4,12,40,5,101,4,46,51,0
S01009984,333,16,77,224,16,162,4,14,129,15,171,12,63,95,1
S01009985,200,6,50,136,8,98,2,12,77,7,102,4,38,59,1
S01009986,152,9,43,92,8,65,2,10,46,7,87,7,33,46,1
S01009987,311,13,71,204,23,140,1,13,111,15,171,12,58,93,8
S01009988,149,11,43,90,5,63,3,14,42,4,86,8,29,48,1
S01009989,383,17,79,261,26,187,6,11,147,23,196,11,68,114,3
S01009990,364,14,86,246,18,164,5,16,128,15,200,9,70,118,3
S01009991,413,14,87,274,38,187,3,15,143,26,226,11,72,131,12
S01009992,217,11,63,135,8,90,3,13,69,5,127,8,50,66,3
S01009993,458,19,84,317,38,227,5,17,171,34,231,14,67,146,4
S01009994,356,19,76,229,32,173,2,14,127,30,183,17,62,102,2
S01009995,366,25,80,232,29,169,7,21,115,26,197,18,59,117,3
S01009996,355,16,92,224,23,160,4,16,122,18,195,12,76,102,5
S01009997,309,17,51,212,29,160,4,14,118,24,149,13,37,94,5
S01009998,266,21,48,155,42,141,8,9,96,28,125,13,39,59,14
S01009999,337,23,67,215,32,183,11,15,128,29,154,12,52,87,3
S01010000,325,17,59,236,13,163,5,18,130,10,162,12,41,106,3
S01010001,370,17,85,243,25,183,7,18,142,16,187,10,67,101,9
S01010002,399,23,107,249,20,187,9,34,126,18,212,14,73,123,2
S01010003,369,22,81,236,30,183,7,17,132,27,186,15,64,104,3
S01010004,351,26,73,209,43,172,5,18,120,29,179,21,55,89,14
S01010005,417,13,52,315,37,200,4,14,157,25,217,9,38,158,12
S01010006,515,21,54,394,46,245,2,17,196,30,270,19,37,198,16
S01010007,529,45,91,341,52,290,21,31,198,40,239,24,60,143,12
S01010008,385,7,51,285,42,184,1,13,141,29,201,6,38,144,13
S01010009,385,17,48,279,41,216,9,21,154,32,169,8,27,125,9
S01010010,539,34,110,323,72,272,5,32,177,58,267,29,78,146,14
S01010011,373,17,45,273,38,183,9,13,137,24,190,8,32,136,14
S01010012,402,36,85,241,40,185,8,14,132,31,217,28,71,109,9
S01010013,468,27,67,324,50,225,4,22,163,36,243,23,45,161,14
S01010014,567,27,83,398,59,307,10,26,231,40,260,17,57,167,19
S01010015,503,29,65,359,50,256,14,22,183,37,247,15,43,176,13
S01010016,295,12,75,192,16,152,3,16,120,13,143,9,59,72,3
S01010017,284,21,78,172,13,113,6,8,87,12,171,15,70,85,1
S01010018,388,14,94,255,25,192,6,19,149,18,196,8,75,106,7
S01010019,234,9,76,137,12,103,7,17,68,11,131,2,59,69,1
S01010020,321,19,80,200,22,151,7,16,110,18,170,12,64,90,4
S01010021,223,18,70,113,22,108,4,25,61,18,115,14,45,52,4
S01010022,347,14,79,224,30,188,5,26,132,25,159,9,53,92,5
S01010023,162,5,51,95,11,82,4,11,56,11,80,1,40,39,0
S01010024,312,25,77,188,22,157,11,23,107,16,155,14,54,81,6
S01010025,183,10,57,105,11,102,6,27,62,7,81,4,30,43,4
S01010026,412,20,71,272,49,217,5,15,163,34,195,15,56,109,15
S01010027,425,25,82,283,35,227,17,33,152,25,198,8,49,131,10
S01010028,242,10,57,150,25,114,5,11,82,16,128,5,46,68,9
S01010029,185,7,56,106,16,89,1,13,65,10,96,6,43,41,6
S01010030,454,21,71,320,42,246,10,26,182,28,208,11,45,138,14
S01010031,482,36,65,290,91,296,17,40,180,59,186,19,25,110,32
S01010032,394,43,61,254,36,258,30,39,164,25,136,13,22,90,11
S01010033,384,29,63,262,30,208,12,22,148,26,176,17,41,114,4
S01010034,367,28,76,226,37,216,15,30,143,28,151,13,46,83,9
S01010035,227,19,68,126,14,141,10,39,80,12,86,9,29,46,2
S01010036,492,77,125,262,28,305,31,75,175,24,187,46,50,87,4
S01010037,196,7,42,137,10,94,2,11,75,6,102,5,31,62,4
S01010038,397,27,83,251,36,198,10,18,145,25,199,17,65,106,11
S01010039,616,62,84,385,85,351,17,37,238,59,265,45,47,147,26
S01010040,434,30,64,277,63,246,18,22,161,45,188,12,42,116,18
S01010041,372,43,45,237,47,220,26,20,141,33,152,17,25,96,14
S01010042,627,45,100,432,50,337,15,38,251,33,290,30,62,181,17
S01010043,320,31,68,204,17,159,20,19,111,9,161,11,49,93,8
S01010044,522,32,100,352,38,257,14,31,187,25,265,18,69,165,13
S01010045,147,8,51,79,9,60,2,8,43,7,87,6,43,36,2
S01010046,301,18,72,185,26,150,7,23,100,20,151,11,49,85,6
S01010047,255,14,70,155,16,121,3,16,86,16,134,11,54,69,0
S01010048,323,15,67,224,17,156,5,14,125,12,167,10,53,99,5
S01010049,252,18,74,149,11,109,6,18,76,9,143,12,56,73,2
S01010050,302,16,81,187,18,150,12,12,114,12,152,4,69,73,6
S01010051,222,13,52,149,8,106,6,15,79,6,116,7,37,70,2
S01010052,247,7,55,166,19,146,2,25,105,14,101,5,30,61,5
S01010053,343,35,83,206,19,168,11,28,116,13,175,24,55,90,6
S01010054,148,7,44,93,4,60,1,10,45,4,88,6,34,48,0
S01010055,413,37,77,275,24,205,12,20,154,19,208,25,57,121,5
S01010056,170,12,41,112,5,78,5,8,60,5,92,7,33,52,0
S01010057,171,6,46,115,4,78,3,9,64,2,93,3,37,51,2
S01010058,313,16,83,200,14,157,6,24,115,12,156,10,59,85,2
S01010059,326,15,63,227,21,141,5,14,107,15,185,10,49,120,6
S01010060,385,9,79,272,25,198,4,24,153,17,187,5,55,119,8
S01010061,262,4,48,187,23,120,1,5,95,19,142,3,43,92,4
S01010062,272,16,74,161,21,135,6,15,95,19,137,10,59,66,2
S01010063,385,11,85,265,24,199,3,18,159,19,186,8,67,106,5
S01010064,231,9,50,162,10,104,3,3,89,9,127,6,47,73,1
S01010065,334,13,73,227,21,161,5,13,127,16,173,8,60,100,5
S01010066,246,18,76,145,7,112,2,19,85,6,134,16,57,60,1
S01010067,184,14,35,123,12,90,4,10,67,9,94,10,25,56,3
S01010068,284,10,63,181,30,165,5,24,111,25,119,5,39,70,5
S01010069,489,30,87,335,37,243,9,10,191,33,246,21,77,144,4
S01010070,416,35,91,258,32,207,11,21,147,28,209,24,70,111,4
S01010071,365,11,76,239,39,196,5,17,139,35,169,6,59,100,4
S01010072,387,26,84,252,25,196,5,18,152,21,191,21,66,100,4
S01010073,371,19,80,249,23,189,5,15,149,20,182,14,65,100,3
S01010074,360,26,69,228,37,197,12,18,140,27,163,14,51,88,10
S01010075,227,9,54,148,16,116,4,15,82,15,111,5,39,66,1
S01010076,300,13,56,209,22,153,4,10,122,17,147,9,46,87,5
S01010077,237,11,41,170,15,107,3,4,88,12,130,8,37,82,3
S01010078,343,22,80,219,22,184,6,21,138,19,159,16,59,81,3
S01010079,479,32,100,264,83,249,12,18,153,66,230,20,82,111,17
S01010080,307,18,62,193,34,168,5,18,117,28,139,13,44,76,6
S01010081,332,26,71,186,49,178,15,18,112,33,154,11,53,74,16
S01010082,431,17,66,273,75,211,4,14,136,57,220,13,52,137,18
S01010083,268,15,59,175,19,141,2,14,108,17,127,13,45,67,2
S01010084,350,19,79,226,26,172,6,18,126,22,178,13,61,100,4
S01010085,386,31,66,250,39,211,16,14,148,33,175,15,52,102,6
S01010086,339,15,79,223,22,165,8,13,126,18,174,7,66,97,4
S01010087,271,20,58,164,29,138,5,11,98,24,133,15,47,66,5
S01010088,505,27,85,311,82,257,11,21,167,58,248,16,64,144,24
S01010089,303,15,70,192,26,155,5,17,112,21,148,10,53,80,5
S01010090,584,43,117,366,58,284,14,26,202,42,300,29,91,164,16
S01010091,485,21,95,318,51,240,6,22,170,42,245,15,73,148,9
S01010092,312,18,74,201,19,151,5,19,112,15,161,13,55,89,4
S01010093,432,33,98,275,26,205,8,22,154,21,227,25,76,121,5
S01010094,340,26,77,217,20,165,7,11,130,17,175,19,66,87,3
S01010095,371,23,88,237,23,192,12,20,140,20,179,11,68,97,3
S01010096,391,36,83,239,33,186,10,13,137,26,205,26,70,102,7
S01010097,351,28,82,205,36,174,10,20,111,33,177,18,62,94,3
S01010098,368,27,79,233,29,191,13,21,134,23,177,14,58,99,6
S01010099,342,32,64,234,12,167,12,11,137,7,175,20,53,97,5
S01010100,421,24,87,271,39,210,5,19,151,35,211,19,68,120,4
S01010101,376,14,67,261,34,187,5,16,139,27,189,9,51,122,7
S01010102,559,34,115,348,62,268,9,22,189,48,291,25,93,159,14
S01010103,594,30,128,377,59,295,11,25,213,46,299,19,103,164,13
S01010104,434,25,83,286,40,223,9,11,170,33,211,16,72,116,7
S01010105,168,7,48,105,8,84,2,13,61,8,84,5,35,44,0
S01010106,150,10,31,105,4,71,2,7,58,4,79,8,24,47,0
S01010107,326,15,89,201,21,159,2,25,117,15,167,13,64,84,6
S01010108,331,18,69,219,25,157,6,9,121,21,174,12,60,98,4
S01010109,353,8,86,229,30,169,6,21,118,24,184,2,65,111,6
S01010110,264,19,87,142,16,115,6,17,81,11,149,13,70,61,5
S01010111,299,23,80,180,16,137,4,17,103,13,162,19,63,77,3
S01010112,311,17,108,176,10,138,6,21,102,9,173,11,87,74,1
S01010113,177,16,60,95,6,77,5,7,60,5,100,11,53,35,1
S01010114,225,9,79,125,12,106,2,20,73,11,119,7,59,52,1
S01010115,330,16,68,226,20,161,2,15,128,16,169,14,53,98,4
S01010116,572,36,98,402,36,280,12,14,223,31,292,24,84,179,5
S01010117,370,15,58,248,49,180,10,12,122,36,190,5,46,126,13
S01010118,171,9,64,85,13,75,4,15,48,8,96,5,49,37,5
S01010119,206,12,67,116,11,88,4,13,62,9,118,8,54,54,2
S01010120,317,20,89,191,17,149,8,22,102,17,168,12,67,89,0
S01010121,233,9,77,132,15,106,3,16,75,12,127,6,61,57,3
S01010122,119,5,34,78,2,65,1,9,54,1,54,4,25,24,1
S01010123,271,18,87,159,7,115,3,16,89,7,156,15,71,70,0
S01010124,330,14,65,240,11,151,4,15,125,7,179,10,50,115,4
S01010125,218,12,54,137,15,96,5,6,71,14,122,7,48,66,1
S01010126,359,17,75,232,35,175,2,7,138,28,184,15,68,94,7
S01010127,219,15,47,140,17,106,2,13,75,16,113,13,34,65,1
S01010128,137,4,50,81,2,56,2,7,46,1,81,2,43,35,1
S01010129,215,14,56,132,13,99,4,12,73,10,116,10,44,59,3
S01010130,134,3,35,92,4,59,1,4,51,3,75,2,31,41,1
S01010131,479,39,102,295,43,249,13,28,170,38,230,26,74,125,5
S01010132,294,19,81,175,19,134,9,15,95,15,160,10,66,80,4
S01010133,230,9,68,143,10,106,2,18,79,7,124,7,50,64,3
S01010134,376,23,89,245,19,181,7,20,138,16,195,16,69,107,3
S01010135,260,13,59,166,22,128,3,12,95,18,132,10,47,71,4
S01010136,367,17,82,240,28,185,4,20,138,23,182,13,62,102,5
S01010137,352,17,72,245,18,165,5,10,135,15,187,12,62,110,3
S01010138,254,14,63,161,16,137,3,15,106,13,117,11,48,55,3
S01010139,403,22,94,257,30,199,7,22,146,24,204,15,72,111,6
S01010140,407,13,61,305,28,204,3,10,170,21,203,10,51,135,7
S01010141,284,16,71,178,19,130,4,14,99,13,154,12,57,79,6
S01010142,257,10,52,173,22,119,2,8,92,17,138,8,44,81,5
S01010143,270,12,72,178,8,132,4,12,109,7,138,8,60,69,1
S01010144,330,7,72,229,22,169,0,15,140,14,161,7,57,89,8
S01010145,336,11,72,228,25,169,4,10,133,22,167,7,62,95,3
S01010146,304,16,64,209,15,146,3,11,120,12,158,13,53,89,3
S01010147,312,21,87,192,12,123,2,13,99,9,189,19,74,93,3
S01010148,249,18,69,142,20,110,4,11,81,14,139,14,58,61,6
S01010149,281,8,49,202,22,133,1,8,106,18,148,7,41,96,4
S01010150,200,14,48,126,12,103,6,11,78,8,97,8,37,48,4
S01010151,176,7,45,116,8,79,2,12,58,7,97,5,33,58,1
S01010152,338,23,62,228,25,163,7,12,125,19,175,16,50,103,6
S01010153,343,22,70,229,22,171,7,11,134,19,172,15,59,95,3
S01010154,284,12,65,192,15,131,3,10,105,13,153,9,55,87,2
S01010155,267,20,65,156,26,124,5,18,85,16,143,15,47,71,10
S01010156,186,9,51,113,13,98,4,17,65,12,88,5,34,48,1
S01010157,161,13,60,83,5,69,3,14,48,4,92,10,46,35,1
S01010158,343,15,66,246,16,161,4,16,131,10,182,11,50,115,6
S01010159,256,14,56,167,19,121,6,13,89,13,135,8,43,78,6
S01010160,204,15,49,129,11,111,5,21,77,8,93,10,28,52,3
S01010161,296,17,72,187,20,135,5,15,100,15,161,12,57,87,5
S01010162,218,14,82,114,8,81,2,12,60,7,137,12,70,54,1
S01010163,189,13,51,119,6,91,2,18,67,4,98,11,33,52,2
S01010164,266,16,57,168,25,122,4,9,92,17,144,12,48,76,8
S01010165,201,13,61,118,9,99,7,14,70,8,102,6,47,48,1
S01010166,272,16,65,177,14,129,5,12,98,14,143,11,53,79,0
S01010167,247,11,63,163,10,122,2,17,94,9,125,9,46,69,1
S01010168,220,12,49,140,19,94,4,8,69,13,126,8,41,71,6
S01010169,341,26,80,217,18,173,10,20,128,15,168,16,60,89,3
S01010170,217,16,51,138,12,107,4,9,83,11,110,12,42,55,1
S01010171,289,16,85,178,10,128,4,14,100,10,161,12,71,78,0
S01010172,235,9,40,177,9,116,1,9,99,7,119,8,31,78,2
S01010173,301,18,71,186,26,152,5,25,99,23,149,13,46,87,3
S01010174,326,21,78,182,45,200,12,25,122,41,126,9,53,60,4
S01010175,186,13,42,115,16,93,4,6,70,13,93,9,36,45,3
S01010176,250,18,57,161,14,128,7,11,99,11,122,11,46,62,3
S01010177,228,13,74,131,10,96,3,13,72,8,132,10,61,59,2
S01010178,317,35,99,167,16,140,9,23,93,15,177,26,76,74,1
S01010179,286,18,72,185,11,138,2,15,111,10,148,16,57,74,1
S01010180,256,9,61,172,14,119,1,10,95,13,137,8,51,77,1
S01010181,193,11,49,124,9,92,1,15,67,9,101,10,34,57,0
S01010182,385,26,71,256,32,200,7,20,145,28,185,19,51,111,4
S01010183,152,8,40,99,5,62,0,11,48,3,90,8,29,51,2
S01010184,222,16,65,133,8,94,5,9,76,4,128,11,56,57,4
S01010185,217,16,72,121,8,89,4,12,66,7,128,12,60,55,1
S01010186,343,18,69,224,32,167,5,13,121,28,176,13,56,103,4
S01010187,388,21,67,274,26,187,9,10,153,15,201,12,57,121,11
S01010188,401,32,54,276,39,206,10,16,151,29,195,22,38,125,10
S01010189,582,21,118,380,63,295,9,25,209,52,287,12,93,171,11
S01010190,449,32,79,260,78,233,8,13,147,65,216,24,66,113,13
S01010191,395,16,74,268,37,196,4,20,141,31,199,12,54,127,6
S01010192,480,26,90,318,46,249,11,21,181,36,231,15,69,137,10
S01010193,406,18,82,266,40,205,8,12,150,35,201,10,70,116,5
S01010194,243,16,65,150,12,109,7,12,79,11,134,9,53,71,1
S01010195,208,15,43,136,14,103,4,8,77,14,105,11,35,59,0
S01010196,251,12,61,168,10,119,2,23,84,10,132,10,38,84,0
S01010197,264,16,82,152,14,114,4,17,83,10,150,12,65,69,4
S01010198,341,19,90,206,26,156,1,21,112,22,185,18,69,94,4
S01010199,182,12,62,100,8,76,2,7,60,7,106,10,55,40,1
S01010200,259,12,54,175,18,123,3,6,101,13,136,9,48,74,5
S01010201,290,7,79,190,14,147,2,16,116,13,143,5,63,74,1
S01010202,201,10,65,118,8,92,3,19,63,7,109,7,46,55,1
S01010203,370,16,62,253,39,183,2,8,142,31,187,14,54,111,8
S01010204,253,18,79,146,10,97,7,10,73,7,156,11,69,73,3
S01010205,287,12,63,199,13,126,4,20,92,10,161,8,43,107,3
S01010206,43,3,6,29,5,25,1,1,18,5,18,2,5,11,0
S01010207,134,14,49,65,6,68,6,15,43,4,66,8,34,22,2
S01010208,471,19,75,346,31,236,10,33,170,23,235,9,42,176,8
S01010209,357,14,80,230,33,177,5,18,133,21,180,9,62,97,12
S01010210,349,21,73,232,23,157,4,15,118,20,192,17,58,114,3
S01010211,262,19,60,172,11,116,4,7,96,9,146,15,53,76,2
S01010212,342,22,96,207,17,167,10,23,121,13,175,12,73,86,4
S01010213,353,18,57,266,12,175,7,10,148,10,178,11,47,118,2
S01010214,440,34,105,276,25,210,11,21,164,14,230,23,84,112,11
S01010215,247,14,69,152,12,106,2,19,74,11,141,12,50,78,1
S01010216,215,11,62,132,10,108,6,25,69,8,107,5,37,63,2
S01010217,279,15,61,180,23,150,7,19,108,16,129,8,42,72,7
S01010218,452,23,80,310,39,234,8,29,172,25,218,15,51,138,14
S01010219,172,18,63,85,6,97,13,28,50,6,75,5,35,35,0
S01010220,339,30,35,225,49,200,17,20,127,36,139,13,15,98,13
S01010221,158,9,48,94,7,75,6,17,49,3,83,3,31,45,4
S01010222,234,10,39,177,8,128,3,10,107,8,106,7,29,70,0
S01010223,224,10,45,161,8,119,1,18,94,6,105,9,27,67,2
S01010224,318,29,97,180,12,146,9,27,99,11,172,20,70,81,1
S01010225,328,21,73,223,11,171,12,23,125,11,157,9,50,98,0
S01010226,239,25,88,103,23,129,7,39,65,18,110,18,49,38,5
S01010227,169,17,36,104,12,105,5,22,69,9,64,12,14,35,3
S01010228,217,15,50,142,10,92,3,7,73,9,125,12,43,69,1
S01010229,437,18,114,268,37,205,2,23,155,25,232,16,91,113,12
S01010230,324,35,93,185,11,205,19,50,125,11,119,16,43,60,0
S01010231,368,20,99,238,11,170,12,29,121,8,198,8,70,117,3
S01010232,392,39,115,220,18,194,17,28,138,11,198,22,87,82,7
S01010233,289,27,91,157,14,153,13,30,100,10,136,14,61,57,4
S01010234,515,25,95,353,42,269,14,34,192,29,246,11,61,161,13
S01010235,550,63,62,375,50,281,31,23,192,35,269,32,39,183,15
S01010236,410,27,78,270,35,211,8,34,145,24,199,19,44,125,11
S01010237,382,27,58,255,42,214,11,30,146,27,168,16,28,109,15
S01010238,474,49,78,294,53,247,18,27,167,35,227,31,51,127,18
S01010239,314,19,75,208,12,167,10,30,120,7,147,9,45,88,5
S01010240,358,29,57,242,30,161,6,16,122,17,197,23,41,120,13
S01010241,500,27,96,341,36,244,9,34,182,19,256,18,62,159,17
S01010242,368,21,87,235,25,186,11,32,124,19,182,10,55,111,6
S01010243,448,30,95,296,27,222,15,33,152,22,226,15,62,144,5
S01010244,238,21,58,142,17,122,8,15,84,15,116,13,43,58,2
S01010245,267,23,81,148,15,110,5,13,81,11,157,18,68,67,4
S01010246,304,19,85,184,16,158,9,26,110,13,146,10,59,74,3
S01010247,365,29,72,236,28,182,6,9,146,21,183,23,63,90,7
S01010248,515,42,90,330,53,253,11,32,179,31,262,31,58,151,22
S01010249,392,41,72,238,41,209,17,31,131,30,183,24,41,107,11
S01010250,476,56,68,314,38,242,29,26,160,27,234,27,42,154,11
S01010251,401,30,75,258,38,213,14,28,138,33,188,16,47,120,5
S01010252,353,15,57,238,43,186,2,19,137,28,167,13,38,101,15
S01010253,209,14,45,138,12,99,4,5,81,9,110,10,40,57,3
S01010254,471,46,100,299,26,235,18,23,172,22,236,28,77,127,4
S01010255,231,24,59,130,18,105,9,13,68,15,126,15,46,62,3
S01010256,329,26,83,206,14,149,5,18,115,11,180,21,65,91,3
S01010257,321,37,56,189,39,165,15,15,107,28,156,22,41,82,11
S01010258,464,144,67,212,41,237,61,30,119,27,227,83,37,93,14
S01010259,332,101,89,127,15,165,48,29,75,13,167,53,60,52,2
S01010260,659,137,111,316,95,371,63,56,183,69,288,74,55,133,26
S01010261,620,272,192,142,14,254,86,71,85,12,366,186,121,57,2
S01010262,259,48,59,135,17,134,12,23,88,11,125,36,36,47,6
S01010263,441,62,40,281,58,268,36,19,175,38,173,26,21,106,20
S01010264,470,47,62,295,66,249,19,27,158,45,221,28,35,137,21
S01010265,588,78,64,365,81,304,30,25,200,49,284,48,39,165,32
S01010266,251,35,60,136,20,135,10,33,75,17,116,25,27,61,3
S01010267,333,72,63,163,35,192,30,23,113,26,141,42,40,50,9
S01010268,390,58,72,221,39,196,21,31,114,30,194,37,41,107,9
S01010269,245,25,50,144,26,149,13,26,91,19,96,12,24,53,7
S01010270,381,40,66,236,39,223,18,31,139,35,158,22,35,97,4
S01010271,330,59,71,166,34,149,10,22,95,22,181,49,49,71,12
S01010272,437,38,63,289,47,276,11,26,201,38,161,27,37,88,9
S01010273,438,67,42,286,43,260,24,17,187,32,178,43,25,99,11
S01010274,355,27,52,232,44,234,15,31,158,30,121,12,21,74,14
S01010275,395,65,64,205,61,216,28,22,125,41,179,37,42,80,20
S01010276,661,28,57,464,112,413,14,24,296,79,248,14,33,168,33
S01010277,233,30,56,134,13,115,9,18,79,9,118,21,38,55,4
S01010278,273,20,81,146,26,144,7,26,88,23,129,13,55,58,3
S01010279,277,32,67,138,40,158,20,24,84,30,119,12,43,54,10
S01010280,476,42,87,296,51,276,23,35,181,37,200,19,52,115,14
S01010281,465,45,72,311,37,256,15,29,186,26,209,30,43,125,11
S01010282,496,44,76,330,46,273,17,32,193,31,223,27,44,137,15
S01010283,356,27,56,231,42,225,14,24,156,31,131,13,32,75,11
S01010284,654,68,87,424,75,312,18,31,216,47,342,50,56,208,28
S01010285,414,66,83,228,37,203,24,38,114,27,211,42,45,114,10
S01010286,495,94,93,259,49,270,40,49,150,31,225,54,44,109,18
S01010287,456,64,91,251,50,229,25,39,132,33,227,39,52,119,17
S01010288,456,56,75,263,62,245,24,36,143,42,211,32,39,120,20
S01010289,501,25,52,287,137,294,14,23,166,91,207,11,29,121,46
S01010290,280,41,41,165,33,160,21,20,95,24,120,20,21,70,9
S01010291,432,74,90,226,42,225,28,40,130,27,207,46,50,96,15
S01010292,483,76,69,289,49,242,20,26,163,33,241,56,43,126,16
S01010293,397,75,89,211,22,207,34,42,117,14,190,41,47,94,8
S01010294,302,70,73,136,23,144,18,32,80,14,158,52,41,56,9
S01010295,463,85,104,226,48,254,35,62,123,34,209,50,42,103,14
S01010296,287,34,86,144,23,155,15,41,84,15,132,19,45,60,8
S01010297,434,32,85,274,43,253,18,42,164,29,181,14,43,110,14
S01010298,376,49,82,208,37,175,22,28,106,19,201,27,54,102,18
S01010299,165,14,35,103,13,94,5,15,62,12,71,9,20,41,1
S01010300,394,47,92,224,31,212,21,42,129,20,182,26,50,95,11
S01010301,266,40,54,161,11,136,16,23,88,9,130,24,31,73,2
S01010302,171,11,44,104,12,100,5,22,63,10,71,6,22,41,2
S01010303,143,7,59,73,4,71,4,25,39,3,72,3,34,34,1
S01010304,214,19,42,139,14,113,9,16,76,12,101,10,26,63,2
S01010305,384,35,69,241,39,171,11,26,112,22,213,24,43,129,17
S01010306,412,25,69,268,50,207,9,27,141,30,205,16,42,127,20
S01010307,508,44,86,304,74,254,17,34,156,47,254,27,52,148,27
S01010308,536,42,87,344,63,269,15,32,182,40,267,27,55,162,23
S01010309,163,3,32,121,7,86,0,8,74,4,77,3,24,47,3
S01010310,267,17,60,172,18,133,7,19,94,13,134,10,41,78,5
S01010311,215,22,65,119,9,97,6,19,66,6,118,16,46,53,3
S01010312,257,12,85,148,12,131,5,21,98,7,126,7,64,50,5
S01010313,210,8,58,132,12,111,5,17,82,7,99,3,41,50,5
S01010314,438,41,96,272,29,222,19,30,149,24,216,22,66,123,5
S01010315,412,16,97,273,26,188,2,24,143,19,224,14,73,130,7
S01010316,210,9,55,133,13,88,4,12,63,9,122,5,43,70,4
S01010317,455,54,69,283,49,229,26,27,147,29,226,28,42,136,20
S01010318,432,171,96,147,18,204,72,32,85,15,228,99,64,62,3
S01010319,406,20,74,282,30,207,12,26,150,19,199,8,48,132,11
S01010320,317,19,58,207,33,164,8,26,103,27,153,11,32,104,6
S01010321,386,40,69,249,28,193,19,30,129,15,193,21,39,120,13
S01010322,646,53,105,414,74,313,28,36,201,48,333,25,69,213,26
S01010323,178,10,58,100,10,85,4,23,49,9,93,6,35,51,1
S01010324,256,9,70,156,21,125,3,18,86,18,131,6,52,70,3
S01010325,283,15,74,180,14,141,2,19,108,12,142,13,55,72,2
S01010326,262,20,90,134,18,104,4,16,73,11,158,16,74,61,7
S01010327,383,21,101,242,19,169,8,21,125,15,214,13,80,117,4
S01010328,407,24,83,265,35,198,1,16,154,27,209,23,67,111,8
S01010329,242,8,57,154,23,120,3,14,85,18,122,5,43,69,5
S01010330,203,9,63,117,14,98,3,14,70,11,105,6,49,47,3
S01010331,313,14,76,200,23,151,3,13,115,20,162,11,63,85,3
S01010332,236,14,59,157,6,99,6,11,76,6,137,8,48,81,0
S01010333,388,21,102,242,23,181,4,38,127,12,207,17,64,115,11
S01010334,412,12,97,290,13,185,3,12,159,11,227,9,85,131,2
S01010335,264,16,70,164,14,135,8,17,97,13,129,8,53,67,1
S01010336,188,19,58,99,12,73,1,9,52,11,115,18,49,47,1
S01010337,246,15,73,148,10,107,5,17,79,6,139,10,56,69,4
S01010338,223,15,70,123,15,99,3,15,69,12,124,12,55,54,3
S01010339,226,13,58,143,12,100,2,10,78,10,126,11,48,65,2
S01010340,305,19,87,186,13,144,7,26,101,10,161,12,61,85,3
S01010341,257,26,51,155,25,120,6,14,81,19,137,20,37,74,6
S01010342,384,22,78,259,25,190,7,10,152,21,194,15,68,107,4
S01010343,564,28,114,378,44,274,8,25,204,37,290,20,89,174,7
S01010344,232,8,62,146,16,115,2,14,86,13,117,6,48,60,3
S01010345,253,15,55,148,35,119,1,12,81,25,134,14,43,67,10
S01010346,559,24,107,375,53,273,6,22,201,44,286,18,85,174,9
S01010347,399,37,108,223,31,183,13,32,114,24,216,24,76,109,7
S01010348,430,18,115,279,18,198,5,18,160,15,232,13,97,119,3
S01010349,361,21,87,236,17,163,3,17,132,11,198,18,70,104,6
S01010350,312,12,101,186,13,137,1,20,106,10,175,11,81,80,3
S01010351,405,27,96,248,34,181,5,22,129,25,224,22,74,119,9
S01010352,192,14,47,119,12,87,1,15,62,9,105,13,32,57,3
S01010353,252,6,74,161,11,135,1,22,101,11,117,5,52,60,0
S01010354,289,22,64,180,23,135,5,9,99,22,154,17,55,81,1
S01010355,319,30,71,202,16,170,12,20,125,13,149,18,51,77,3
S01010356,369,19,74,248,28,179,4,16,138,21,190,15,58,110,7
S01010357,217,17,47,142,11,102,6,16,71,9,115,11,31,71,2
S01010358,282,15,78,172,17,139,5,22,98,14,143,10,56,74,3
S01010359,238,15,79,128,16,117,7,22,76,12,121,8,57,52,4
S01010360,210,16,52,130,12,106,6,16,73,11,104,10,36,57,1
S01010361,184,16,59,99,10,93,10,17,57,9,91,6,42,42,1
S01010362,261,20,67,166,8,157,10,33,108,6,104,10,34,58,2
S01010363,415,26,72,272,45,218,13,26,152,27,197,13,46,120,18
S01010364,461,33,107,271,50,245,13,29,161,42,216,20,78,110,8
S01010365,556,31,93,330,102,276,11,21,177,67,280,20,72,153,35
S01010366,578,42,90,371,75,291,17,33,189,52,287,25,57,182,23
S01010367,625,83,130,318,94,311,31,46,178,56,314,52,84,140,38
S01010368,388,28,52,215,93,196,11,20,101,64,192,17,32,114,29
S01010369,473,32,93,306,42,233,16,32,155,30,240,16,61,151,12
S01010370,433,38,64,257,74,227,18,28,138,43,206,20,36,119,31
S01010371,565,64,81,328,92,271,20,31,164,56,294,44,50,164,36
S01010372,315,28,63,178,46,155,5,22,92,36,160,23,41,86,10
S01010373,429,43,52,282,52,213,17,21,135,40,216,26,31,147,12
S01010374,523,49,90,301,83,247,13,35,154,45,276,36,55,147,38
S01010375,222,50,55,88,29,98,12,26,44,16,124,38,29,44,13
S01010376,348,55,53,201,39,190,29,26,114,21,158,26,27,87,18
S01010377,386,73,95,170,48,174,21,34,88,31,212,52,61,82,17
S01010378,297,69,53,148,27,123,18,17,74,14,174,51,36,74,13
S01010379,456,81,108,224,43,227,29,46,125,27,229,52,62,99,16
S01010380,533,59,77,327,70,238,17,23,161,37,295,42,54,166,33
S01010381,348,52,35,219,42,183,25,19,112,27,165,27,16,107,15
S01010382,500,61,82,300,57,253,19,41,159,34,247,42,41,141,23
S01010383,285,35,67,154,29,145,17,32,81,15,140,18,35,73,14
S01010384,497,41,58,313,85,244,15,23,155,51,253,26,35,158,34
S01010385,443,45,79,277,42,211,18,26,141,26,232,27,53,136,16
S01010386,409,37,73,264,35,209,18,28,139,24,200,19,45,125,11
S01010387,588,49,78,390,71,322,19,26,234,43,266,30,52,156,28
S01010388,489,33,109,311,36,237,12,34,164,27,252,21,75,147,9
S01010389,696,29,61,464,142,401,17,22,265,97,295,12,39,199,45
S01010390,721,42,92,515,72,355,15,34,259,47,366,27,58,256,25
S01010391,503,25,70,349,59,249,4,24,185,36,254,21,46,164,23
S01010392,489,16,45,316,112,298,6,18,188,86,191,10,27,128,26
S01010393,634,35,97,439,63,307,13,34,221,39,327,22,63,218,24
S01010394,309,19,64,195,31,149,6,22,96,25,160,13,42,99,6
S01010395,538,26,80,379,53,274,11,24,201,38,264,15,56,178,15
S01010396,533,45,88,328,72,266,7,30,184,45,267,38,58,144,27
S01010397,320,30,39,193,58,146,10,16,90,30,174,20,23,103,28
S01010398,648,52,78,434,84,313,16,20,218,59,335,36,58,216,25
S01010399,735,56,88,474,117,376,25,37,240,74,359,31,51,234,43
S01010400,629,46,99,368,116,313,11,36,194,72,316,35,63,174,44
S01010401,366,36,45,220,65,192,12,17,117,46,174,24,28,103,19
S01010402,627,37,83,382,125,315,14,31,188,82,312,23,52,194,43
S01010403,577,33,89,337,118,300,17,25,187,71,277,16,64,150,47
S01010404,447,27,72,256,92,236,14,26,126,70,211,13,46,130,22
S01010405,485,25,79,280,101,259,9,26,157,67,226,16,53,123,34
S01010406,495,52,78,291,74,260,19,30,170,41,235,33,48,121,33
S01010407,424,62,79,235,48,192,22,31,116,23,232,40,48,119,25
S01010408,233,11,45,146,31,123,4,12,85,22,110,7,33,61,9
S01010409,329,34,71,177,47,171,13,12,112,34,158,21,59,65,13
S01010410,302,17,56,179,50,154,6,11,100,37,148,11,45,79,13
S01010411,509,43,114,279,73,276,16,26,175,59,233,27,88,104,14
S01010412,490,25,58,317,90,267,7,24,173,63,223,18,34,144,27
S01010413,302,27,45,179,51,157,10,16,94,37,145,17,29,85,14
S01010414,512,32,95,315,70,263,16,33,164,50,249,16,62,151,20
S01010415,434,27,98,257,52,227,8,35,147,37,207,19,63,110,15
S01010416,355,29,60,218,48,187,9,15,129,34,168,20,45,89,14
S01010417,327,19,62,198,48,146,8,15,95,28,181,11,47,103,20
S01010418,657,41,74,427,115,308,16,25,198,69,349,25,49,229,46
S01010419,559,25,98,342,94,268,10,29,162,67,291,15,69,180,27
S01010420,314,29,64,172,49,166,7,19,100,40,148,22,45,72,9
S01010421,425,32,79,261,53,216,12,19,146,39,209,20,60,115,14
S01010422,509,43,97,314,55,246,16,27,163,40,263,27,70,151,15
S01010423,357,23,71,227,36,172,11,27,111,23,185,12,44,116,13
S01010424,339,23,88,210,18,168,10,28,114,16,171,13,60,96,2
S01010425,458,29,115,288,26,200,8,25,148,19,258,21,90,140,7
S01010426,345,18,61,235,31,172,9,20,119,24,173,9,41,116,7
S01010427,314,21,66,201,26,172,4,26,121,21,142,17,40,80,5
S01010428,340,25,66,217,32,173,13,13,120,27,167,12,53,97,5
S01010429,526,35,105,328,58,258,8,24,182,44,268,27,81,146,14
S01010430,327,22,103,186,16,160,10,35,102,13,167,12,68,84,3
S01010431,358,15,75,207,61,187,1,22,120,44,171,14,53,87,17
S01010432,391,18,72,278,23,194,6,25,145,18,197,12,47,133,5
S01010433,206,16,84,95,11,129,7,47,65,10,77,9,37,30,1
S01010434,235,11,65,141,18,117,3,29,74,11,118,8,36,67,7
S01010435,277,22,63,174,18,140,11,14,101,14,137,11,49,73,4
S01010436,329,22,80,197,30,160,7,22,111,20,169,15,58,86,10
S01010437,222,18,53,139,12,104,5,15,75,9,118,13,38,64,3
S01010438,327,14,79,212,22,146,1,21,108,16,181,13,58,104,6
S01010439,484,20,76,349,39,216,6,19,158,33,268,14,57,191,6
S01010440,238,16,50,157,15,105,0,14,81,10,133,16,36,76,5
S01010441,532,16,77,392,47,243,3,15,196,29,289,13,62,196,18
S01010442,392,20,98,248,26,172,11,23,119,19,220,9,75,129,7
S01010443,240,13,58,144,25,105,3,10,71,21,135,10,48,73,4
S01010444,262,13,74,157,18,122,4,18,84,16,140,9,56,73,2
S01010445,306,18,54,213,21,152,4,7,123,18,154,14,47,90,3
S01010446,403,27,90,246,40,206,13,15,141,37,197,14,75,105,3
S01010447,349,9,89,225,26,165,1,23,118,23,184,8,66,107,3
S01010448,400,23,97,247,33,199,7,23,147,22,201,16,74,100,11
S01010449,293,11,65,200,17,137,2,14,111,10,156,9,51,89,7
S01010450,318,12,69,209,28,155,2,17,112,24,163,10,52,97,4
S01010451,281,14,76,172,19,147,7,16,107,17,134,7,60,65,2
S01010452,328,12,75,213,28,163,6,17,119,21,165,6,58,94,7
S01010453,234,16,60,142,16,123,6,17,89,11,111,10,43,53,5
S01010454,328,18,70,223,17,152,4,6,128,14,176,14,64,95,3
S01010455,302,13,79,186,24,153,6,23,103,21,149,7,56,83,3
S01010456,228,8,47,155,18,107,3,9,84,11,121,5,38,71,7
S01010457,243,14,54,161,14,118,5,12,90,11,125,9,42,71,3
S01010458,252,11,69,157,15,120,5,15,88,12,132,6,54,69,3
S01010459,197,6,41,142,8,99,1,10,80,8,98,5,31,62,0
S01010460,384,11,55,240,78,199,5,14,119,61,185,6,41,121,17
S01010461,245,17,53,163,12,124,2,13,97,12,121,15,40,66,0
S01010462,187,25,59,93,10,105,8,27,61,9,82,17,32,32,1
S01010463,350,19,76,225,30,175,4,21,129,21,175,15,55,96,9
S01010464,237,14,46,160,17,114,4,14,84,12,123,10,32,76,5
S01010465,572,24,111,389,48,260,7,26,199,28,312,17,85,190,20
S01010466,531,29,70,376,56,257,11,16,190,40,274,18,54,186,16
S01010467,356,23,59,232,42,183,10,15,124,34,173,13,44,108,8
S01010468,492,43,100,285,64,235,13,23,152,47,257,30,77,133,17
S01010469,273,16,29,203,25,145,11,10,112,12,128,5,19,91,13
S01010470,332,19,79,213,21,159,2,21,118,18,173,17,58,95,3
S01010471,256,24,69,148,15,126,10,23,81,12,130,14,46,67,3
S01010472,322,15,36,222,49,152,3,5,115,29,170,12,31,107,20
S01010473,407,16,75,285,31,196,4,27,145,20,211,12,48,140,11
S01010474,432,42,73,281,36,231,12,30,164,25,201,30,43,117,11
S01010475,435,12,38,341,44,212,5,12,168,27,223,7,26,173,17
S01010476,458,28,60,332,38,216,6,17,165,28,242,22,43,167,10
S01010477,339,17,72,232,18,160,8,18,116,18,179,9,54,116,0
S01010478,416,21,106,264,25,211,4,37,148,22,205,17,69,116,3
S01010479,416,19,99,269,29,198,5,24,148,21,218,14,75,121,8
S01010480,234,11,50,157,16,123,3,9,96,15,111,8,41,61,1
S01010481,205,16,55,115,19,100,5,12,66,17,105,11,43,49,2
S01010482,323,19,64,214,26,155,6,17,111,21,168,13,47,103,5
S01010483,440,19,87,301,33,222,10,20,166,26,218,9,67,135,7
S01010484,246,14,49,163,20,115,5,10,84,16,131,9,39,79,4
S01010485,432,23,78,289,42,215,9,18,156,32,217,14,60,133,10
S01010486,495,33,89,324,49,250,10,19,180,41,245,23,70,144,8
S01010487,436,22,83,299,32,212,13,11,164,24,224,9,72,135,8
S01010488,281,13,85,164,19,136,3,18,101,14,145,10,67,63,5
S01010489,381,17,102,235,27,182,7,24,127,24,199,10,78,108,3
S01010490,224,12,62,128,22,98,3,12,69,14,126,9,50,59,8
S01010491,273,21,92,153,7,114,10,15,84,5,159,11,77,69,2
S01010492,137,8,46,75,8,59,2,6,45,6,78,6,40,30,2
S01010493,192,9,71,104,8,87,1,20,61,5,105,8,51,43,3
S01010494,268,7,68,177,16,127,0,14,100,13,141,7,54,77,3
S01010495,280,18,91,158,13,123,8,17,86,12,157,10,74,72,1
S01010496,261,14,78,156,13,109,3,13,81,12,152,11,65,75,1
S01010497,281,18,90,148,25,129,7,22,79,21,152,11,68,69,4
S01010498,274,13,84,166,11,110,1,14,87,8,164,12,70,79,3
S01010499,174,15,56,98,5,93,8,17,63,5,81,7,39,35,0
S01010500,336,25,115,183,13,146,6,24,105,11,190,19,91,78,2
S01010501,367,22,98,226,21,165,4,23,120,18,202,18,75,106,3
S01010502,394,17,103,254,20,184,6,27,134,17,210,11,76,120,3
S01010503,240,14,60,160,6,108,4,14,84,6,132,10,46,76,0
S01010504,258,32,76,82,68,135,9,30,54,42,123,23,46,28,26
S01010505,282,23,81,135,43,148,6,23,84,35,134,17,58,51,8
S01010506,442,29,97,217,99,233,8,23,132,70,209,21,74,85,29
S01010507,415,17,86,212,100,216,2,9,126,79,199,15,77,86,21
S01010508,495,57,97,234,107,262,12,26,143,81,233,45,71,91,26
S01010509,538,39,116,285,98,284,9,27,169,79,254,30,89,116,19
S01010510,383,31,96,211,45,196,9,22,130,35,187,22,74,81,10
S01010511,426,36,104,232,54,218,5,15,151,47,208,31,89,81,7
S01010512,269,22,76,143,28,136,4,20,90,22,133,18,56,53,6
S01010513,416,35,88,232,61,223,9,16,150,48,193,26,72,82,13
S01010514,360,30,88,201,41,179,6,12,126,35,181,24,76,75,6
S01010515,408,11,115,243,39,206,2,14,159,31,202,9,101,84,8
S01010516,329,17,56,173,83,174,3,13,110,48,155,14,43,63,35
S01010517,432,20,92,255,65,240,7,19,160,54,192,13,73,95,11
S01010518,368,24,94,211,39,209,7,23,144,35,159,17,71,67,4
S01010519,373,28,97,213,35,190,4,23,130,33,183,24,74,83,2
S01010520,495,40,109,296,50,255,13,13,185,44,240,27,96,111,6
S01010521,401,20,100,210,71,209,4,17,133,55,192,16,83,77,16
S01010522,303,12,61,197,33,162,6,11,121,24,141,6,50,76,9
S01010523,277,25,78,148,26,129,4,11,92,22,148,21,67,56,4
S01010524,288,21,55,157,55,152,5,18,92,37,136,16,37,65,18
S01010525,309,21,55,151,82,179,5,12,102,60,130,16,43,49,22
S01010526,413,22,96,220,75,225,7,27,135,56,188,15,69,85,19
S01010527,414,30,102,237,45,212,10,27,138,37,202,20,75,99,8
S01010528,328,35,61,184,48,189,8,17,124,40,139,27,44,60,8
S01010529,369,38,77,160,94,193,7,19,97,70,176,31,58,63,24
S01010530,354,29,74,160,91,187,3,20,98,66,167,26,54,62,25
S01010531,587,44,136,301,106,304,11,34,179,80,283,33,102,122,26
S01010532,279,18,58,130,73,154,7,15,75,57,125,11,43,55,16
S01010533,284,18,53,160,53,158,7,15,101,35,126,11,38,59,18
S01010534,448,42,101,247,58,223,10,22,146,45,225,32,79,101,13
S01010535,356,26,65,193,72,188,9,11,113,55,168,17,54,80,17
S01010536,449,25,110,259,55,226,9,19,151,47,223,16,91,108,8
S01010537,487,24,103,291,69,259,12,32,163,52,228,12,71,128,17
S01010538,442,20,97,252,73,220,2,20,142,56,222,18,77,110,17
S01010539,717,33,130,444,110,377,11,40,241,85,340,22,90,203,25
S01010540,322,24,60,182,56,164,6,13,101,44,158,18,47,81,12
S01010541,453,33,87,247,86,218,11,19,130,58,235,22,68,117,28
S01010542,456,44,95,244,73,248,11,20,153,64,208,33,75,91,9
S01010543,344,22,63,184,75,186,11,19,100,56,158,11,44,84,19
S01010544,426,42,94,240,50,219,5,23,153,38,207,37,71,87,12
S01010545,332,26,59,196,51,177,4,7,125,41,155,22,52,71,10
S01010546,372,18,73,219,62,195,4,16,125,50,177,14,57,94,12
S01010547,379,28,84,170,97,214,4,18,111,81,165,24,66,59,16
S01010548,296,29,70,139,58,157,7,11,88,51,139,22,59,51,7
S01010549,467,23,115,252,77,246,3,21,156,66,221,20,94,96,11
S01010550,280,28,57,146,49,148,2,12,88,46,132,26,45,58,3
S01010551,337,30,72,166,69,183,3,17,103,60,154,27,55,63,9
S01010552,407,47,68,208,84,225,14,23,121,67,182,33,45,87,17
S01010553,328,24,70,151,83,190,5,15,94,76,138,19,55,57,7
S01010554,378,18,95,213,52,199,5,30,119,45,179,13,65,94,7
S01010555,478,35,88,284,71,251,14,20,164,53,227,21,68,120,18
S01010556,366,19,82,220,45,183,4,16,123,40,183,15,66,97,5
S01010557,276,19,64,157,36,139,3,14,92,30,137,16,50,65,6
S01010558,312,21,65,178,48,167,7,14,107,39,145,14,51,71,9
S01010559,290,20,58,147,65,162,4,11,98,49,128,16,47,49,16
S01010560,331,22,70,187,52,159,4,12,102,41,172,18,58,85,11
S01010561,327,32,70,176,49,174,5,16,113,40,153,27,54,63,9
S01010562,391,20,110,206,55,194,6,21,120,47,197,14,89,86,8
S01010563,263,13,58,155,37,142,3,11,96,32,121,10,47,59,5
S01010564,214,7,54,125,28,124,1,18,81,24,90,6,36,44,4
S01010565,282,16,60,166,40,153,4,13,98,38,129,12,47,68,2
S01010566,586,41,116,319,110,315,8,19,194,94,271,33,97,125,16
S01010567,567,47,116,280,124,302,14,24,156,108,265,33,92,124,16
S01010568,529,38,114,289,88,277,7,27,171,72,252,31,87,118,16
S01010569,522,28,78,276,140,329,2,20,188,119,193,26,58,88,21
S01010570,515,28,115,309,63,263,10,28,175,50,252,18,87,134,13
S01010571,493,19,93,337,44,266,3,22,209,32,227,16,71,128,12
S01010572,410,18,92,258,42,207,6,16,149,36,203,12,76,109,6
S01010573,312,19,63,205,25,150,3,11,116,20,162,16,52,89,5
S01010574,313,19,67,190,37,160,3,12,111,34,153,16,55,79,3
S01010575,350,28,89,188,45,175,11,13,116,35,175,17,76,72,10
S01010576,425,34,88,241,62,212,9,20,136,47,213,25,68,105,15
S01010577,436,27,100,271,38,233,11,22,166,34,203,16,78,105,4
S01010578,335,27,70,214,24,160,6,9,125,20,175,21,61,89,4
S01010579,431,24,92,271,44,224,9,17,161,37,207,15,75,110,7
S01010580,321,14,34,235,38,176,1,8,132,35,145,13,26,103,3
S01010581,320,16,65,198,41,159,4,17,107,31,161,12,48,91,10
S01010582,255,19,53,133,50,136,2,9,87,38,119,17,44,46,12
S01010583,563,31,119,357,56,276,8,24,194,50,287,23,95,163,6
S01010584,439,31,85,264,59,214,8,11,144,51,225,23,74,120,8
S01010585,512,32,89,322,69,248,9,12,165,62,264,23,77,157,7
S01010586,430,34,94,247,55,211,8,18,138,47,219,26,76,109,8
S01010587,367,18,81,213,55,181,1,17,115,48,186,17,64,98,7
S01010588,321,22,69,179,51,170,6,13,107,44,151,16,56,72,7
S01010589,364,20,79,227,38,183,2,19,128,34,181,18,60,99,4
S01010590,465,33,90,262,80,249,10,23,151,65,216,23,67,111,15
S01010591,444,11,86,290,57,220,2,15,157,46,224,9,71,133,11
S01010592,307,19,54,195,39,150,2,14,103,31,157,17,40,92,8
S01010593,344,18,78,190,58,177,5,10,116,46,167,13,68,74,12
S01010594,393,21,86,231,55,196,7,17,128,44,197,14,69,103,11
S01010595,458,26,94,279,59,227,4,11,164,48,231,22,83,115,11
S01010596,465,32,82,260,91,250,6,15,152,77,215,26,67,108,14
S01010597,391,20,87,235,49,191,8,10,128,45,200,12,77,107,4
S01010598,600,28,97,400,75,318,5,14,232,67,282,23,83,168,8
S01010599,330,34,54,194,48,157,5,9,99,44,173,29,45,95,4
S01010600,473,36,87,279,71,259,11,20,172,56,214,25,67,107,15
S01010601,289,24,64,162,39,147,6,11,97,33,142,18,53,65,6
S01010602,318,13,61,214,30,160,4,20,112,24,158,9,41,102,6
S01010603,431,25,90,265,51,226,8,15,162,41,205,17,75,103,10
S01010604,246,24,53,134,35,132,11,8,82,31,114,13,45,52,4
S01010605,454,37,100,253,64,238,7,21,156,54,216,30,79,97,10
S01010606,390,31,80,229,50,192,9,14,126,43,198,22,66,103,7
S01010607,447,29,102,257,59,237,4,19,171,43,210,25,83,86,16
S01010608,284,29,62,168,25,143,9,9,105,20,141,20,53,63,5
S01010609,293,22,71,168,32,150,7,13,101,29,143,15,58,67,3
S01010610,328,25,65,189,49,161,7,23,92,39,167,18,42,97,10
S01010611,514,29,103,326,56,266,8,33,182,43,248,21,70,144,13
S01010612,400,19,101,238,42,203,2,22,140,39,197,17,79,98,3
S01010613,326,26,68,199,33,154,5,17,104,28,172,21,51,95,5
S01010614,260,19,66,162,13,130,5,17,97,11,130,14,49,65,2
S01010615,496,22,101,326,47,258,4,18,194,42,238,18,83,132,5
S01010616,475,28,111,291,45,241,10,19,171,41,234,18,92,120,4
S01010617,527,37,109,334,47,260,12,17,189,42,267,25,92,145,5
S01010618,479,35,107,287,50,241,12,16,170,43,238,23,91,117,7
S01010619,371,17,72,242,40,198,4,23,140,31,173,13,49,102,9
S01010620,360,17,67,237,39,199,11,29,130,29,161,6,38,107,10
S01010621,505,32,93,309,71,290,9,28,195,58,215,23,65,114,13
S01010622,313,14,90,176,33,147,5,18,95,29,166,9,72,81,4
S01010623,390,23,88,201,78,229,9,18,130,72,161,14,70,71,6
S01010624,341,31,56,211,43,178,7,13,127,31,163,24,43,84,12
S01010625,379,39,82,190,68,205,14,19,125,47,174,25,63,65,21
S01010626,389,32,93,212,52,198,11,21,122,44,191,21,72,90,8
S01010627,462,28,73,287,74,255,15,20,171,49,207,13,53,116,25
S01010628,549,33,96,347,73,290,13,30,199,48,259,20,66,148,25
S01010629,432,36,102,234,60,221,8,22,138,53,211,28,80,96,7
S01010630,298,15,65,182,36,132,3,12,88,29,166,12,53,94,7
S01010631,348,17,66,224,41,183,2,28,121,32,165,15,38,103,9
S01010632,422,31,88,263,40,216,14,19,150,33,206,17,69,113,7
S01010633,427,32,100,262,33,230,10,26,166,28,197,22,74,96,5
S01010634,321,25,80,185,31,165,4,18,117,26,156,21,62,68,5
S01010635,365,36,86,213,30,193,9,18,139,27,172,27,68,74,3
S01010636,447,34,80,256,77,237,15,16,145,61,210,19,64,111,16
S01010637,301,17,47,201,36,163,6,16,111,30,138,11,31,90,6
S01010638,362,26,75,227,34,181,9,15,136,21,181,17,60,91,13
S01010639,557,30,115,360,52,289,10,30,209,40,268,20,85,151,12
S01010640,506,24,92,324,66,262,8,22,191,41,244,16,70,133,25
S01010641,421,20,101,267,33,221,7,24,162,28,200,13,77,105,5
S01010642,394,26,122,211,35,185,8,31,117,29,209,18,91,94,6
S01010643,296,19,90,164,23,149,1,22,106,20,147,18,68,58,3
S01010644,239,13,76,131,19,119,4,17,83,15,120,9,59,48,4
S01010645,350,18,66,220,46,184,5,18,123,38,166,13,48,97,8
S01010646,369,28,76,230,35,188,7,17,134,30,181,21,59,96,5
S01010647,388,31,74,231,52,208,12,23,127,46,180,19,51,104,6
S01010648,362,24,69,226,43,184,5,11,130,38,178,19,58,96,5
S01010649,303,23,63,186,31,163,7,18,110,28,140,16,45,76,3
S01010650,248,26,41,139,42,121,4,8,76,33,127,22,33,63,9
S01010651,350,16,74,214,46,185,4,21,120,40,165,12,53,94,6
S01010652,376,21,77,228,50,188,4,15,119,50,188,17,62,109,0
S01010653,357,18,64,234,41,183,8,13,127,35,174,10,51,107,6
S01010654,408,22,89,255,42,202,10,20,135,37,206,12,69,120,5
S01010655,466,45,107,221,93,249,6,29,143,71,217,39,78,78,22
S01010656,218,21,46,118,33,119,3,7,78,31,99,18,39,40,2
S01010657,352,40,73,179,60,196,9,19,116,52,156,31,54,63,8
S01010658,375,26,80,214,55,194,7,22,119,46,181,19,58,95,9
S01010659,332,33,62,193,44,178,7,19,115,37,154,26,43,78,7
S01010660,294,17,68,163,46,161,6,11,108,36,133,11,57,55,10
S01010661,325,25,38,200,62,173,5,8,106,54,152,20,30,94,8
S01010662,398,30,86,225,57,201,5,24,124,48,197,25,62,101,9
S01010663,479,36,107,237,99,270,14,25,150,81,209,22,82,87,18
S01010664,434,28,99,227,80,220,9,16,135,60,214,19,83,92,20
S01010665,436,37,94,225,80,234,12,23,137,62,202,25,71,88,18
S01010666,447,31,101,246,69,220,7,22,140,51,227,24,79,106,18
S01010667,383,34,83,194,72,201,12,19,121,49,182,22,64,73,23
S01010668,542,41,95,263,143,302,15,26,162,99,240,26,69,101,44
S01010669,278,25,41,137,75,173,3,8,99,63,105,22,33,38,12
S01010670,354,25,74,192,63,193,9,20,120,44,161,16,54,72,19
S01010671,358,29,91,165,73,184,7,22,101,54,174,22,69,64,19
S01010672,299,17,63,160,59,161,7,9,92,53,138,10,54,68,6
S01010673,453,20,100,238,95,237,4,34,130,69,216,16,66,108,26
S01010674,485,29,102,234,120,272,12,21,137,102,213,17,81,97,18
S01010675,303,30,57,160,56,168,6,14,103,45,135,24,43,57,11
S01010676,442,40,95,216,91,233,12,32,119,70,209,28,63,97,21
S01010677,226,23,48,105,50,116,6,11,59,40,110,17,37,46,10
S01010678,309,23,81,142,63,168,8,18,90,52,141,15,63,52,11
S01010679,280,31,64,138,47,141,8,19,82,32,139,23,45,56,15
S01010680,314,26,79,159,50,162,8,22,95,37,152,18,57,64,13
S01010681,520,33,132,281,74,252,11,26,158,57,268,22,106,123,17
S01010682,500,49,100,266,85,257,7,20,165,65,243,42,80,101,20
S01010683,456,39,93,232,92,245,12,31,134,68,211,27,62,98,24
S01010684,385,25,83,171,106,207,7,27,101,72,178,18,56,70,34
S01010685,280,15,73,125,67,150,4,24,75,47,130,11,49,50,20
S01010686,344,32,75,187,50,186,8,21,120,37,158,24,54,67,13
S01010687,384,30,90,187,77,196,5,18,120,53,188,25,72,67,24
S01010688,372,45,63,162,102,209,14,16,106,73,163,31,47,56,29
S01010689,335,27,73,162,73,185,9,20,98,58,150,18,53,64,15
S01010690,334,23,67,166,78,184,6,16,101,61,150,17,51,65,17
S01010691,388,42,82,170,94,200,14,20,101,65,188,28,62,69,29
S01010692,406,31,97,205,73,210,6,26,122,56,196,25,71,83,17
S01010693,249,26,55,114,54,134,2,22,68,42,115,24,33,46,12
S01010694,239,24,50,104,61,128,3,13,67,45,111,21,37,37,16
S01010695,380,27,79,199,75,200,5,17,115,63,180,22,62,84,12
S01010696,519,41,95,293,90,284,13,16,182,73,235,28,79,111,17
S01010697,526,46,104,280,96,284,12,19,174,79,242,34,85,106,17
S01010698,350,34,75,164,77,176,6,17,93,60,174,28,58,71,17
S01010699,334,38,77,151,68,181,12,13,96,60,153,26,64,55,8
S01010700,324,32,72,163,57,171,5,20,97,49,153,27,52,66,8
S01010701,549,40,110,304,95,301,10,20,188,83,248,30,90,116,12
S01010702,511,32,86,288,105,278,7,20,161,90,233,25,66,127,15
S01010703,448,37,94,225,92,248,12,25,135,76,200,25,69,90,16
S01010704,299,29,53,177,40,162,7,11,105,39,137,22,42,72,1
S01010705,547,32,100,322,93,291,8,11,190,82,256,24,89,132,11
S01010706,315,23,58,196,38,182,5,10,133,34,133,18,48,63,4
S01010707,377,38,69,195,75,209,8,16,121,64,168,30,53,74,11
S01010708,289,17,69,168,35,151,3,20,98,30,138,14,49,70,5
S01010709,402,31,78,238,55,206,7,13,143,43,196,24,65,95,12
S01010710,341,26,90,184,41,174,6,19,112,37,167,20,71,72,4
S01010711,383,32,80,214,57,200,7,13,131,49,183,25,67,83,8
S01010712,356,28,88,203,37,186,8,15,130,33,170,20,73,73,4
S01010713,421,25,97,259,40,206,1,18,152,35,215,24,79,107,5
S01010714,310,26,72,176,36,153,5,14,105,29,157,21,58,71,7
S01010715,337,22,80,202,33,158,4,16,112,26,179,18,64,90,7
S01010716,451,31,84,290,46,236,10,19,174,33,215,21,65,116,13
S01010717,314,23,62,185,44,162,10,11,104,37,152,13,51,81,7
S01010718,498,40,103,285,70,262,14,16,174,58,236,26,87,111,12
S01010719,316,29,67,182,38,167,5,17,112,33,149,24,50,70,5
S01010720,323,39,83,154,47,167,11,21,98,37,156,28,62,56,10
S01010721,318,21,87,170,40,165,8,22,103,32,153,13,65,67,8
S01010722,406,24,84,240,58,201,6,20,123,52,205,18,64,117,6
S01010723,484,53,85,236,110,252,16,17,131,88,232,37,68,105,22
S01010724,471,41,103,246,81,249,10,26,147,66,222,31,77,99,15
S01010725,394,36,78,192,88,204,9,19,101,75,190,27,59,91,13
S01010726,432,34,98,237,63,214,8,13,145,48,218,26,85,92,15
S01010727,308,32,72,150,54,172,10,21,92,49,136,22,51,58,5
S01010728,254,18,51,133,52,122,1,13,67,41,132,17,38,66,11
S01010729,403,31,94,196,82,221,10,18,121,72,182,21,76,75,10
S01010730,454,35,95,228,96,244,6,21,136,81,210,29,74,92,15
S01010731,442,36,103,246,57,222,14,20,147,41,220,22,83,99,16
S01010732,354,32,91,187,44,166,6,15,106,39,188,26,76,81,5
S01010733,233,10,58,136,29,120,1,11,80,28,113,9,47,56,1
S01010734,383,30,87,209,57,202,4,16,129,53,181,26,71,80,4
S01010735,253,15,51,151,36,140,3,10,95,32,113,12,41,56,4
S01010736,250,9,51,138,52,142,1,7,88,46,108,8,44,50,6
S01010737,472,29,96,275,72,247,7,18,155,67,225,22,78,120,5
S01010738,263,25,63,133,42,127,3,6,79,39,136,22,57,54,3
S01010739,415,31,81,249,54,214,7,11,146,50,201,24,70,103,4
S01010740,187,15,49,97,26,96,3,13,56,24,91,12,36,41,2
S01010741,261,18,46,140,57,135,4,3,76,52,126,14,43,64,5
S01010742,334,26,60,189,59,171,2,7,105,57,163,24,53,84,2
S01010743,280,21,68,152,39,148,7,15,90,36,132,14,53,62,3
S01010744,515,34,114,267,100,269,5,17,154,93,246,29,97,113,7
S01010745,284,18,50,168,48,151,2,12,99,38,133,16,38,69,10
S01010746,512,34,107,259,112,268,6,22,146,94,244,28,85,113,18
S01010747,378,35,102,181,60,197,11,23,113,50,181,24,79,68,10
S01010748,295,22,63,148,62,158,4,11,89,54,137,18,52,59,8
S01010749,294,23,70,150,51,161,5,15,98,43,133,18,55,52,8
S01010750,280,20,62,134,64,153,5,16,79,53,127,15,46,55,11
S01010751,281,26,73,136,46,141,5,12,81,43,140,21,61,55,3
S01010752,334,15,80,181,58,162,2,14,98,48,172,13,66,83,10
S01010753,449,41,104,228,76,244,12,20,141,71,205,29,84,87,5
S01010754,290,14,71,157,48,153,3,16,94,40,137,11,55,63,8
S01010755,304,15,86,162,41,157,2,20,99,36,147,13,66,63,5
S01010756,332,25,73,169,65,181,7,12,108,54,151,18,61,61,11
S01010757,349,26,66,175,82,192,10,10,104,68,157,16,56,71,14
S01010758,296,25,68,162,41,166,8,21,103,34,130,17,47,59,7
S01010759,291,10,64,186,31,146,1,13,109,23,145,9,51,77,8
S01010760,223,18,43,121,41,115,5,12,72,26,108,13,31,49,15
S01010761,272,19,56,155,42,146,6,12,93,35,126,13,44,62,7
S01010762,271,13,56,135,67,148,4,11,79,54,123,9,45,56,13
S01010763,307,23,70,157,57,170,4,14,107,45,137,19,56,50,12
S01010764,265,20,62,125,58,145,4,15,82,44,120,16,47,43,14
S01010765,452,30,130,216,76,243,7,37,137,62,209,23,93,79,14
S01010766,314,19,75,170,50,157,5,14,96,42,157,14,61,74,8
S01010767,286,17,76,148,45,140,3,10,85,42,146,14,66,63,3
S01010768,232,17,61,119,35,117,4,12,72,29,115,13,49,47,6
S01010769,224,15,49,112,48,118,4,11,62,41,106,11,38,50,7
S01010770,428,27,124,205,72,219,8,25,124,62,209,19,99,81,10
S01010771,337,34,71,158,74,183,5,13,107,58,154,29,58,51,16
S01010772,333,20,81,160,72,176,5,20,95,56,157,15,61,65,16
S01010773,381,31,84,206,60,202,7,15,130,50,179,24,69,76,10
S01010774,314,28,67,171,48,164,12,15,100,37,150,16,52,71,11
S01010775,377,30,97,191,59,194,6,19,116,53,183,24,78,75,6
S01010776,259,20,58,149,32,135,6,8,89,32,124,14,50,60,0
S01010777,227,21,54,130,22,112,0,15,76,21,115,21,39,54,1
S01010778,193,9,54,115,15,107,2,18,73,14,86,7,36,42,1
S01010779,304,25,75,165,39,162,4,22,104,32,142,21,53,61,7
S01010780,259,26,52,146,35,127,7,9,81,30,132,19,43,65,5
S01010781,409,37,89,218,65,221,9,18,139,55,188,28,71,79,10
S01010782,245,18,49,122,56,144,8,9,80,47,101,10,40,42,9
S01010783,241,19,55,132,35,140,4,12,91,33,101,15,43,41,2
S01010784,319,23,90,171,35,153,4,13,107,29,166,19,77,64,6
S01010785,359,33,64,207,55,202,11,9,134,48,157,22,55,73,7
S01010786,347,35,82,179,51,183,4,13,119,47,164,31,69,60,4
S01010787,446,28,93,238,87,257,9,22,157,69,189,19,71,81,18
S01010788,345,24,78,171,72,180,4,15,94,67,165,20,63,77,5
S01010789,352,42,67,166,77,190,8,12,100,70,162,34,55,66,7
S01010790,336,40,60,175,61,200,8,11,128,53,136,32,49,47,8
S01010791,394,29,75,221,69,215,6,18,135,56,179,23,57,86,13
S01010792,292,24,64,169,35,174,7,11,124,32,118,17,53,45,3
S01010793,337,17,68,187,65,187,6,14,112,55,150,11,54,75,10
S01010794,283,23,51,167,42,154,9,7,102,36,129,14,44,65,6
S01010795,443,37,96,253,57,240,10,16,161,53,203,27,80,92,4
S01010796,444,24,79,243,98,243,3,17,150,73,201,21,62,93,25
S01010797,429,27,79,238,85,234,3,11,149,71,195,24,68,89,14
S01010798,325,23,62,179,61,180,6,6,115,53,145,17,56,64,8
S01010799,421,28,76,258,59,219,2,22,147,48,202,26,54,111,11
S01010800,358,19,87,228,24,188,4,17,147,20,170,15,70,81,4
S01010801,326,25,79,186,36,165,3,16,114,32,161,22,63,72,4
S01010802,293,21,51,188,33,151,2,9,115,25,142,19,42,73,8
S01010803,253,20,55,144,34,128,6,7,90,25,125,14,48,54,9
S01010804,284,23,54,150,57,151,3,8,100,40,133,20,46,50,17
S01010805,417,32,81,258,46,224,7,13,170,34,193,25,68,88,12
S01010806,393,30,95,229,39,195,5,21,144,25,198,25,74,85,14
S01010807,276,20,61,170,25,149,6,9,115,19,127,14,52,55,6
S01010808,260,16,48,175,21,134,2,9,109,14,126,14,39,66,7
S01010809,410,26,69,261,54,224,6,8,165,45,186,20,61,96,9
S01010810,198,9,26,120,43,107,2,4,63,38,91,7,22,57,5
S01010811,432,49,91,204,88,244,21,21,140,62,188,28,70,64,26
S01010812,236,19,46,111,60,130,1,13,67,49,106,18,33,44,11
S01010813,271,16,62,144,49,150,5,15,93,37,121,11,47,51,12
S01010814,319,30,54,160,75,177,5,18,102,52,142,25,36,58,23
S01010815,240,21,54,120,45,138,2,10,85,41,102,19,44,35,4
S01010816,248,20,62,118,48,132,3,12,75,42,116,17,50,43,6
S01010817,408,31,71,236,70,210,9,12,138,51,198,22,59,98,19
S01010818,459,35,85,248,91,245,11,15,142,77,214,24,70,106,14
S01010819,358,14,85,211,48,181,6,24,114,37,177,8,61,97,11
S01010820,260,22,46,141,51,130,5,11,76,38,130,17,35,65,13
S01010821,256,24,50,143,39,130,4,10,84,32,126,20,40,59,7
S01010822,350,15,62,191,82,180,4,10,104,62,170,11,52,87,20
S01010823,236,18,64,135,19,112,6,10,79,17,124,12,54,56,2
S01010824,403,14,80,256,53,207,2,14,147,44,196,12,66,109,9
S01010825,191,9,30,132,20,95,1,2,74,18,96,8,28,58,2
S01010826,350,23,76,210,41,181,5,21,124,31,169,18,55,86,10
S01010827,343,25,77,218,23,163,5,17,120,21,180,20,60,98,2
S01010828,699,58,136,399,106,351,11,26,235,79,348,47,110,164,27
S01010829,455,33,82,278,62,238,8,29,149,52,217,25,53,129,10
S01010830,296,35,57,172,32,153,9,9,106,29,143,26,48,66,3
S01010831,353,30,57,224,42,178,6,9,127,36,175,24,48,97,6
S01010832,428,19,98,289,22,210,6,20,165,19,218,13,78,124,3
S01010833,505,46,87,277,95,270,8,13,168,81,235,38,74,109,14
S01010834,441,35,82,262,62,227,11,15,152,49,214,24,67,110,13
S01010835,314,34,61,171,48,160,13,11,93,43,154,21,50,78,5
S01010836,391,23,65,251,52,200,11,17,132,40,191,12,48,119,12
S01010837,288,16,74,178,20,141,5,16,105,15,147,11,58,73,5
S01010838,417,26,94,267,30,209,6,17,161,25,208,20,77,106,5
S01010839,312,22,67,196,27,156,9,13,114,20,156,13,54,82,7
S01010840,229,6,36,159,28,120,3,8,85,24,109,3,28,74,4
S01010841,380,17,78,250,35,200,3,24,148,25,180,14,54,102,10
S01010842,321,13,59,222,27,166,2,10,135,19,155,11,49,87,8
S01010843,273,10,52,185,26,136,5,13,98,20,137,5,39,87,6
S01010844,332,23,70,202,37,170,9,13,117,31,162,14,57,85,6
S01010845,290,19,73,181,17,152,3,19,113,17,138,16,54,68,0
S01010846,380,24,110,220,26,186,8,20,137,21,194,16,90,83,5
S01010847,369,16,71,266,16,179,6,10,151,12,190,10,61,115,4
S01010848,270,10,73,169,18,139,3,13,106,17,131,7,60,63,1
S01010849,366,17,105,223,21,163,5,18,120,20,203,12,87,103,1
S01010850,296,17,94,173,12,138,7,20,102,9,158,10,74,71,3
S01010851,332,18,100,199,15,143,2,13,119,9,189,16,87,80,6
S01010852,334,22,81,211,20,163,4,16,127,16,171,18,65,84,4
S01010853,420,27,119,244,30,202,9,21,144,28,218,18,98,100,2
S01010854,379,24,120,213,22,174,1,22,132,19,205,23,98,81,3
S01010855,242,13,73,143,13,118,1,15,90,12,124,12,58,53,1
S01010856,333,16,84,218,15,170,6,20,130,14,163,10,64,88,1
S01010857,425,22,98,273,32,194,6,14,148,26,231,16,84,125,6
S01010858,303,16,77,194,16,156,8,16,120,12,147,8,61,74,4
S01010859,287,16,88,171,12,146,4,16,114,12,141,12,72,57,0
S01010860,279,18,77,169,15,124,3,16,94,11,155,15,61,75,4
S01010861,244,21,61,147,15,120,4,13,90,13,124,17,48,57,2
S01010862,176,12,56,101,7,90,4,17,63,6,86,8,39,38,1
S01010863,345,27,73,217,28,174,8,19,125,22,171,19,54,92,6
S01010864,290,20,69,168,33,149,10,18,94,27,141,10,51,74,6
S01010865,301,20,61,179,41,159,8,16,98,37,142,12,45,81,4
S01010866,267,22,47,163,35,141,6,9,97,29,126,16,38,66,6
S01010867,297,14,62,173,48,156,7,12,98,39,141,7,50,75,9
S01010868,337,28,70,207,32,162,12,13,112,25,175,16,57,95,7
S01010869,374,34,86,193,61,188,12,18,109,49,186,22,68,84,12
S01010870,381,28,71,242,40,186,11,17,128,30,195,17,54,114,10
S01010871,424,27,83,268,46,211,8,20,149,34,213,19,63,119,12
S01010872,353,19,70,225,39,174,5,23,116,30,179,14,47,109,9
S01010873,175,11,40,112,12,85,4,10,60,11,90,7,30,52,1
S01010874,403,29,82,241,51,203,7,12,144,40,200,22,70,97,11
S01010875,273,20,62,169,22,132,11,19,88,14,141,9,43,81,8
S01010876,328,19,82,205,22,144,5,20,104,15,184,14,62,101,7
S01010877,425,28,92,267,38,209,10,21,148,30,216,18,71,119,8
S01010878,424,30,95,275,24,236,10,22,181,23,188,20,73,94,1
S01010879,447,28,120,273,26,219,9,24,164,22,228,19,96,109,4
S01010880,218,12,66,130,10,100,1,12,78,9,118,11,54,52,1
S01010881,267,21,59,172,15,131,5,17,98,11,136,16,42,74,4
S01010882,298,23,76,177,22,149,4,18,109,18,149,19,58,68,4
S01010883,464,44,92,288,40,236,12,15,180,29,228,32,77,108,11
S01010884,236,12,63,143,18,116,5,15,82,14,120,7,48,61,4
S01010885,333,23,92,203,15,154,10,21,110,13,179,13,71,93,2
S01010886,209,7,53,138,11,101,2,13,77,9,108,5,40,61,2
S01010887,249,24,65,143,17,126,6,18,87,15,123,18,47,56,2
S01010888,342,26,69,233,14,164,8,13,134,9,178,18,56,99,5
S01010889,214,9,47,147,11,110,4,14,83,9,104,5,33,64,2
S01010890,227,15,49,151,12,103,2,14,80,7,124,13,35,71,5
S01010891,107,9,26,62,10,58,2,10,37,9,49,7,16,25,1
S01010892,311,19,77,200,15,151,6,18,113,14,160,13,59,87,1
S01010893,169,11,43,103,12,80,5,7,58,10,89,6,36,45,2
S01010894,289,5,64,200,20,135,1,7,109,18,154,4,57,91,2
S01010895,134,7,32,87,8,62,2,8,47,5,72,5,24,40,3
S01010896,240,12,70,142,16,115,2,19,79,15,125,10,51,63,1
S01010897,307,23,85,187,12,156,8,21,117,10,151,15,64,70,2
S01010898,244,15,70,149,10,130,6,19,96,9,114,9,51,53,1
S01010899,309,16,73,197,23,159,4,14,119,22,150,12,59,78,1
S01010900,260,16,76,149,19,118,7,11,83,17,142,9,65,66,2
S01010901,150,8,50,87,5,63,2,15,43,3,87,6,35,44,2
S01010902,409,26,100,255,28,200,7,24,146,23,209,19,76,109,5
S01010903,265,10,76,166,13,120,1,13,95,11,145,9,63,71,2
S01010904,207,7,60,129,11,100,1,13,76,10,107,6,47,53,1
S01010905,299,17,70,185,27,146,8,13,103,22,153,9,57,82,5
S01010906,443,21,117,274,31,220,8,24,166,22,223,13,93,108,9
S01010907,317,13,62,210,32,157,3,12,116,26,160,10,50,94,6
S01010908,277,16,62,171,28,143,5,13,100,25,134,11,49,71,3
S01010909,349,23,77,215,34,176,4,23,118,31,173,19,54,97,3
S01010910,179,8,50,115,6,85,2,7,71,5,94,6,43,44,1
S01010911,173,11,30,120,12,90,3,6,70,11,83,8,24,50,1
S01010912,196,11,48,120,17,92,3,8,67,14,104,8,40,53,3
S01010913,328,17,75,208,28,176,4,13,134,25,152,13,62,74,3
S01010914,376,17,88,252,19,179,4,28,130,17,197,13,60,122,2
S01010915,389,17,95,251,26,189,3,13,149,24,200,14,82,102,2
S01010916,178,7,39,123,9,93,3,14,67,9,85,4,25,56,0
S01010917,309,8,61,213,27,159,2,15,119,23,150,6,46,94,4
S01010918,277,19,67,177,14,134,7,7,109,11,143,12,60,68,3
S01010919,325,27,80,207,11,157,9,16,123,9,168,18,64,84,2
S01010920,197,14,54,108,21,90,4,13,56,17,107,10,41,52,4
S01010921,248,8,64,160,16,128,1,18,95,14,120,7,46,65,2
S01010922,301,26,81,179,15,145,7,15,109,14,156,19,66,70,1
S01010923,345,15,94,226,10,157,3,16,130,8,188,12,78,96,2
S01010924,270,22,59,170,19,141,5,13,107,16,129,17,46,63,3
S01010925,311,14,97,179,21,156,2,25,109,20,155,12,72,70,1
S01010926,313,23,80,187,23,147,4,16,105,22,166,19,64,82,1
S01010927,232,10,56,152,14,116,1,6,97,12,116,9,50,55,2
S01010928,259,14,73,151,21,131,6,17,91,17,128,8,56,60,4
S01010929,227,14,57,143,13,101,3,10,77,11,126,11,47,66,2
S01010930,520,38,100,286,96,269,13,19,169,68,251,25,81,117,28
S01010931,217,15,37,117,48,116,1,11,65,39,101,14,26,52,9
S01010932,265,16,70,155,24,130,6,11,95,18,135,10,59,60,6
S01010933,399,21,76,249,53,217,12,15,148,42,182,9,61,101,11
S01010934,549,49,95,333,72,287,21,22,193,51,262,28,73,140,21
S01010935,259,23,68,143,25,137,9,23,88,17,122,14,45,55,8
S01010936,352,16,65,246,25,171,2,20,129,20,181,14,45,117,5
S01010937,412,18,90,268,36,202,5,18,158,21,210,13,72,110,15
S01010938,327,24,80,206,17,161,2,21,123,15,166,22,59,83,2
S01010939,267,29,67,157,14,151,8,19,110,14,116,21,48,47,0
S01010940,369,28,81,230,30,185,8,23,132,22,184,20,58,98,8
S01010941,453,38,93,280,42,237,9,13,180,35,216,29,80,100,7
S01010942,336,26,73,216,21,180,11,21,129,19,156,15,52,87,2
S01010943,304,14,80,191,19,145,4,22,107,12,159,10,58,84,7
S01010944,267,12,72,169,14,131,3,25,90,13,136,9,47,79,1
S01010945,288,27,75,164,22,133,2,19,93,19,155,25,56,71,3
S01010946,407,23,91,278,15,210,6,22,168,14,197,17,69,110,1
S01010947,248,14,61,160,13,130,6,21,93,10,118,8,40,67,3
S01010948,325,19,77,208,21,169,5,16,132,16,156,14,61,76,5
S01010949,509,38,125,304,42,252,7,27,183,35,257,31,98,121,7
S01010950,380,22,88,238,32,193,5,17,142,29,187,17,71,96,3
S01010951,324,22,67,216,19,166,4,14,131,17,158,18,53,85,2
S01010952,300,11,72,186,31,160,5,13,116,26,140,6,59,70,5
S01010953,316,22,85,187,22,160,7,13,124,16,156,15,72,63,6
S01010954,393,20,80,232,61,232,6,23,158,45,161,14,57,74,16
S01010955,479,33,95,270,81,282,13,20,182,67,197,20,75,88,14
S01010956,382,29,71,202,80,201,9,19,116,57,181,20,52,86,23
S01010957,303,24,58,196,25,151,7,9,114,21,152,17,49,82,4
S01010958,231,17,42,149,23,122,3,14,86,19,109,14,28,63,4
S01010959,299,36,62,169,32,136,10,16,86,24,163,26,46,83,8
S01010960,524,30,116,322,56,267,6,16,201,44,257,24,100,121,12
S01010961,270,17,57,179,17,138,6,17,100,15,132,11,40,79,2
S01010962,262,10,53,179,20,135,4,10,108,13,127,6,43,71,7
S01010963,513,31,101,336,45,249,9,18,189,33,264,22,83,147,12
S01010964,255,21,65,156,13,129,7,15,95,12,126,14,50,61,1
S01010965,243,16,63,144,20,122,3,15,85,19,121,13,48,59,1
S01010966,333,21,85,210,17,166,7,17,128,14,167,14,68,82,3
S01010967,311,17,78,190,26,151,6,18,106,21,160,11,60,84,5
S01010968,341,18,71,236,16,170,7,13,137,13,171,11,58,99,3
S01010969,274,15,45,190,24,134,7,7,102,18,140,8,38,88,6
S01010970,477,29,115,282,51,259,7,35,175,42,218,22,80,107,9
S01010971,559,35,129,352,43,283,9,32,207,35,276,26,97,145,8
S01010972,376,22,96,235,23,196,7,20,149,20,180,15,76,86,3
S01010973,247,21,58,154,14,131,4,12,102,13,116,17,46,52,1
S01010974,342,16,88,223,15,177,4,21,141,11,165,12,67,82,4
S01010975,203,17,47,128,11,107,5,7,88,7,96,12,40,40,4
S01010976,267,18,62,165,22,134,5,12,98,19,133,13,50,67,3
S01010977,370,20,78,250,22,175,4,18,138,15,195,16,60,112,7
S01010978,335,24,74,211,26,168,6,18,120,24,167,18,56,91,2
S01010979,392,24,97,249,22,184,8,12,150,14,208,16,85,99,8
S01010980,342,18,93,207,24,158,5,14,120,19,184,13,79,87,5
S01010981,312,13,75,206,18,146,3,15,113,15,166,10,60,93,3
S01010982,566,28,122,328,88,310,6,25,205,74,256,22,97,123,14
S01010983,388,19,76,261,32,201,5,15,153,28,187,14,61,108,4
S01010984,269,24,60,146,39,140,6,8,91,35,129,18,52,55,4
S01010985,302,16,73,196,17,153,3,15,119,16,149,13,58,77,1
S01010986,304,27,61,187,29,160,9,13,112,26,144,18,48,75,3
S01010987,349,21,83,192,53,184,4,13,124,43,165,17,70,68,10
S01010988,348,28,74,199,47,173,6,9,118,40,175,22,65,81,7
S01010989,625,33,100,432,60,312,5,14,245,48,313,28,86,187,12
S01010990,378,20,90,250,18,187,5,19,146,17,191,15,71,104,1
S01010991,291,18,47,197,29,144,3,9,110,22,147,15,38,87,7
S01010992,316,16,50,204,46,167,5,5,121,36,149,11,45,83,10
S01010993,336,17,71,219,29,167,4,7,135,21,169,13,64,84,8
S01010994,536,37,102,312,85,275,12,18,183,62,261,25,84,129,23
S01010995,406,32,105,238,31,194,9,26,137,22,212,23,79,101,9
S01010996,320,26,64,187,43,165,3,10,119,33,155,23,54,68,10
S01010997,289,14,61,179,35,154,5,11,110,28,135,9,50,69,7
S01010998,289,19,56,167,47,148,5,15,92,36,141,14,41,75,11
S01010999,381,27,79,217,58,198,12,16,130,40,183,15,63,87,18
S01011000,439,31,87,260,61,234,8,25,151,50,205,23,62,109,11
S01011001,315,26,60,206,23,162,13,7,123,19,153,13,53,83,4
S01011002,331,20,74,215,22,166,4,14,128,20,165,16,60,87,2
S01011003,321,22,86,199,14,156,4,20,119,13,165,18,66,80,1
S01011004,340,19,73,211,37,166,5,13,117,31,174,14,60,94,6
S01011005,295,24,61,193,17,152,9,17,111,15,143,15,44,82,2
S01011006,554,27,92,373,62,282,6,21,208,47,272,21,71,165,15
S01011007,305,27,67,203,8,153,5,9,132,7,152,22,58,71,1
S01011008,361,34,67,236,24,188,9,13,147,19,173,25,54,89,5
S01011009,281,15,70,183,13,130,5,12,104,9,151,10,58,79,4
S01011010,264,16,40,187,21,138,9,13,100,16,126,7,27,87,5
S01011011,314,12,81,199,22,156,4,22,111,19,158,8,59,88,3
S01011012,273,16,80,165,12,132,4,13,106,9,141,12,67,59,3
S01011013,367,16,95,230,26,186,4,15,144,23,181,12,80,86,3
S01011014,458,27,100,305,26,231,9,18,182,22,227,18,82,123,4
S01011015,241,14,60,148,19,119,1,14,88,16,122,13,46,60,3
S01011016,495,26,88,316,65,257,5,17,181,54,238,21,71,135,11
S01011017,438,40,90,238,70,216,11,29,126,50,222,29,61,112,20
S01011018,423,27,85,280,31,225,7,17,178,23,198,20,68,102,8
S01011019,530,37,112,293,88,279,5,22,185,67,251,32,90,108,21
S01011020,255,21,38,166,30,136,5,9,98,24,119,16,29,68,6
S01011021,395,20,93,260,22,201,6,20,155,20,194,14,73,105,2
S01011022,269,15,73,170,11,134,3,17,105,9,135,12,56,65,2
S01011023,409,22,97,257,33,206,4,21,152,29,203,18,76,105,4
S01011024,321,13,90,196,22,152,5,16,112,19,169,8,74,84,3
S01011025,351,25,94,211,21,171,6,22,125,18,180,19,72,86,3
S01011026,265,10,62,175,18,137,5,13,103,16,128,5,49,72,2
S01011027,386,17,91,262,16,198,5,17,160,16,188,12,74,102,0
S01011028,371,25,92,237,17,185,5,16,150,14,186,20,76,87,3
S01011029,297,20,60,206,11,153,4,9,133,7,144,16,51,73,4
S01011030,552,22,115,376,39,284,7,18,226,33,268,15,97,150,6
S01011031,309,14,87,197,11,143,2,13,117,11,166,12,74,80,0
S01011032,355,20,93,221,21,180,6,28,130,16,175,14,65,91,5
S01011033,360,23,60,255,22,186,5,11,150,20,174,18,49,105,2
S01011034,299,20,67,187,25,138,5,19,94,20,161,15,48,93,5
S01011035,311,17,72,213,9,155,4,20,123,8,156,13,52,90,1
S01011036,341,19,75,224,23,177,4,16,137,20,164,15,59,87,3
S01011037,415,23,104,254,34,211,8,18,160,25,204,15,86,94,9
S01011038,348,22,87,214,25,174,5,14,134,21,174,17,73,80,4
S01011039,400,13,79,270,38,220,5,15,168,32,180,8,64,102,6
S01011040,308,13,73,207,15,153,4,16,121,12,155,9,57,86,3
S01011041,278,13,83,167,15,130,3,11,104,12,148,10,72,63,3
S01011042,430,24,86,282,38,212,2,16,166,28,218,22,70,116,10
S01011043,302,13,77,195,17,158,5,14,127,12,144,8,63,68,5
S01011044,309,26,67,193,23,147,11,17,103,16,162,15,50,90,7
S01011045,386,45,71,169,101,211,10,18,100,83,175,35,53,69,18
S01011046,458,33,77,222,126,268,4,20,140,104,190,29,57,82,22
S01011047,465,37,86,251,91,253,0,8,168,77,212,37,78,83,14
S01011048,470,41,104,238,87,244,12,13,153,66,226,29,91,85,21
S01011049,351,23,76,210,42,195,5,12,139,39,156,18,64,71,3
S01011050,411,37,70,228,76,231,9,11,145,66,180,28,59,83,10
S01011051,476,43,111,248,74,254,3,13,180,58,222,40,98,68,16
S01011052,370,22,87,210,51,188,4,11,131,42,182,18,76,79,9
S01011053,293,11,60,185,37,161,4,11,117,29,132,7,49,68,8
S01011054,279,17,69,151,42,148,6,16,90,36,131,11,53,61,6
S01011055,297,12,66,155,64,171,5,10,103,53,126,7,56,52,11
S01011056,372,34,71,166,101,209,7,10,100,92,163,27,61,66,9
S01011057,313,24,59,179,51,180,7,14,115,44,133,17,45,64,7
S01011058,348,25,74,167,82,187,4,16,98,69,161,21,58,69,13
S01011059,323,37,65,150,71,183,7,16,96,64,140,30,49,54,7
S01011060,394,34,93,204,63,215,8,14,134,59,179,26,79,70,4
S01011061,425,33,104,224,64,219,7,15,140,57,206,26,89,84,7
S01011062,486,42,98,276,70,271,9,15,183,64,215,33,83,93,6
S01011063,462,37,125,252,48,230,8,20,159,43,232,29,105,93,5
S01011064,517,36,98,304,79,279,7,16,188,68,238,29,82,116,11
S01011065,327,36,64,140,87,188,9,20,91,68,139,27,44,49,19
S01011066,231,18,55,99,59,121,2,11,58,50,110,16,44,41,9
S01011067,236,22,47,109,58,134,4,8,73,49,102,18,39,36,9
S01011068,242,31,46,99,66,129,4,5,62,58,113,27,41,37,8
S01011069,244,30,50,113,51,138,5,10,75,48,106,25,40,38,3
S01011070,310,31,64,136,79,177,4,12,82,79,133,27,52,54,0
S01011071,388,37,68,175,108,221,11,11,107,92,167,26,57,68,16
S01011072,516,47,112,231,126,271,9,18,130,114,245,38,94,101,12
S01011073,354,46,74,159,75,200,10,15,104,71,154,36,59,55,4
S01011074,320,29,73,123,95,176,6,8,73,89,144,23,65,50,6
S01011075,313,23,82,142,66,159,4,8,87,60,154,19,74,55,6
S01011076,331,25,69,147,90,183,8,8,86,81,148,17,61,61,9
S01011077,300,22,102,117,59,138,4,14,71,49,162,18,88,46,10
S01011078,532,52,111,231,138,290,14,13,138,125,242,38,98,93,13
S01011079,541,42,108,253,138,311,5,24,157,125,230,37,84,96,13
S01011080,468,45,94,207,122,256,9,13,126,108,212,36,81,81,14
S01011081,380,34,100,170,76,208,7,10,120,71,172,27,90,50,5
S01011082,212,15,57,89,51,111,4,5,57,45,101,11,52,32,6
S01011083,370,26,101,166,77,209,7,23,117,62,161,19,78,49,15
S01011084,372,35,76,188,73,203,15,14,111,63,169,20,62,77,10
S01011085,442,33,101,257,51,219,6,24,150,39,223,27,77,107,12
S01011086,311,22,58,176,55,187,9,12,119,47,124,13,46,57,8
S01011087,286,15,54,182,35,149,3,12,102,32,137,12,42,80,3
S01011088,457,39,84,247,87,235,8,20,141,66,222,31,64,106,21
S01011089,276,25,73,142,36,138,4,13,92,29,138,21,60,50,7
S01011090,369,36,61,176,96,206,3,10,113,80,163,33,51,63,16
S01011091,360,19,79,178,84,203,5,14,112,72,157,14,65,66,12
S01011092,186,18,56,88,24,90,6,8,55,21,96,12,48,33,3
S01011093,336,21,65,172,78,185,6,11,104,64,151,15,54,68,14
S01011094,275,25,64,127,59,148,9,13,80,46,127,16,51,47,13
S01011095,436,26,84,245,81,245,6,15,156,68,191,20,69,89,13
S01011096,315,18,52,187,58,166,3,8,105,50,149,15,44,82,8
S01011097,376,35,86,190,65,204,8,14,131,51,172,27,72,59,14
S01011098,402,21,91,236,54,216,3,11,156,46,186,18,80,80,8
S01011099,411,25,102,232,52,218,3,29,142,44,193,22,73,90,8
S01011100,209,12,44,121,32,115,4,6,76,29,94,8,38,45,3
S01011101,272,21,72,155,24,144,5,11,108,20,128,16,61,47,4
S01011102,301,14,71,184,32,151,2,19,106,24,150,12,52,78,8
S01011103,276,24,56,164,32,143,5,12,99,27,133,19,44,65,5
S01011104,280,25,53,157,45,144,6,11,96,31,136,19,42,61,14
S01011105,408,11,86,254,57,203,1,13,144,45,205,10,73,110,12
S01011106,451,21,109,275,46,248,3,9,197,39,203,18,100,78,7
S01011107,488,28,102,280,78,246,3,16,157,70,242,25,86,123,8
S01011108,299,22,84,165,28,154,2,15,113,24,145,20,69,52,4
S01011109,434,25,88,271,50,225,4,11,163,47,209,21,77,108,3
S01011110,369,32,87,213,37,188,11,12,136,29,181,21,75,77,8
S01011111,422,30,116,218,58,213,4,17,138,54,209,26,99,80,4
S01011112,514,41,100,291,82,258,4,9,172,73,256,37,91,119,9
S01011113,486,34,106,301,45,252,10,20,182,40,234,24,86,119,5
S01011114,403,32,72,236,63,216,2,15,143,56,187,30,57,93,7
S01011115,461,33,118,269,41,240,7,22,175,36,221,26,96,94,5
S01011116,333,21,75,194,43,179,6,13,122,38,154,15,62,72,5
S01011117,371,24,69,209,69,207,4,19,130,54,164,20,50,79,15
S01011118,413,26,82,238,67,209,5,12,144,48,204,21,70,94,19
S01011119,427,36,86,245,60,229,8,20,156,45,198,28,66,89,15
S01011120,297,28,54,154,61,156,11,9,89,47,141,17,45,65,14
S01011121,290,14,57,180,39,155,3,7,116,29,135,11,50,64,10
S01011122,337,11,79,205,42,174,5,14,117,38,163,6,65,88,4
S01011123,565,35,131,336,63,306,7,20,223,56,259,28,111,113,7
S01011124,345,34,73,191,47,175,3,13,116,43,170,31,60,75,4
S01011125,268,18,72,156,22,133,4,10,98,21,135,14,62,58,1
S01011126,250,23,58,143,26,134,3,9,99,23,116,20,49,44,3
S01011127,241,14,42,160,25,153,2,4,123,24,88,12,38,37,1
S01011128,362,24,83,211,44,191,8,15,129,39,171,16,68,82,5
S01011129,489,46,94,247,102,263,8,16,147,92,226,38,78,100,10
S01011130,273,12,52,182,27,151,2,8,119,22,122,10,44,63,5
S01011131,352,17,64,216,55,202,5,11,137,49,150,12,53,79,6
S01011132,465,49,80,241,95,262,10,20,148,84,203,39,60,93,11
S01011133,219,15,46,123,35,120,3,9,78,30,99,12,37,45,5
S01011134,400,25,78,225,72,231,7,23,139,62,169,18,55,86,10
S01011135,379,19,105,209,46,199,2,21,137,39,180,17,84,72,7
S01011136,326,25,67,173,61,172,5,11,105,51,154,20,56,68,10
S01011137,240,18,56,125,41,119,4,5,75,35,121,14,51,50,6
S01011138,335,19,83,189,44,183,4,15,126,38,152,15,68,63,6
S01011139,977,23,76,727,151,722,4,13,576,129,255,19,63,151,22
S01011140,278,16,62,164,36,144,1,13,99,31,134,15,49,65,5
S01011141,280,20,76,156,28,140,5,11,98,26,140,15,65,58,2
S01011142,435,23,84,241,87,231,5,13,148,65,204,18,71,93,22
S01011143,460,50,107,227,76,232,8,19,140,65,228,42,88,87,11
S01011144,370,40,81,180,69,200,12,18,110,60,170,28,63,70,9
S01011145,336,26,75,168,67,174,3,15,104,52,162,23,60,64,15
S01011146,345,24,76,192,53,182,7,8,119,48,163,17,68,73,5
S01011147,531,28,117,314,72,297,4,22,210,61,234,24,95,104,11
S01011148,419,24,69,218,108,240,7,15,130,88,179,17,54,88,20
S01011149,545,33,74,336,102,354,10,22,235,87,191,23,52,101,15
S01011150,247,7,37,169,34,137,0,5,105,27,110,7,32,64,7
S01011151,275,21,46,170,38,159,4,10,114,31,116,17,36,56,7
S01011152,332,26,77,186,43,172,8,17,110,37,160,18,60,76,6
S01011153,385,35,78,226,46,211,8,19,142,42,174,27,59,84,4
S01011154,248,14,68,141,25,141,5,23,93,20,107,9,45,48,5
S01011155,274,23,78,140,33,148,10,20,91,27,126,13,58,49,6
S01011156,307,24,56,189,38,156,2,10,110,34,151,22,46,79,4
S01011157,304,26,61,184,33,160,9,6,115,30,144,17,55,69,3
S01011158,228,20,56,115,37,121,5,13,73,30,107,15,43,42,7
S01011159,222,17,51,131,23,113,2,6,86,19,109,15,45,45,4
S01011160,479,25,116,290,48,255,4,18,190,43,224,21,98,100,5
S01011161,301,19,89,170,23,155,4,21,109,21,146,15,68,61,2
S01011162,200,16,48,115,21,111,5,13,76,17,89,11,35,39,4
S01011163,406,28,104,239,35,209,4,15,159,31,197,24,89,80,4
S01011164,341,25,92,179,45,171,6,16,109,40,170,19,76,70,5
S01011165,311,24,77,183,27,167,6,13,123,25,144,18,64,60,2
S01011166,235,26,60,117,32,122,8,8,77,29,113,18,52,40,3
S01011167,358,28,78,191,61,189,7,18,111,53,169,21,60,80,8
S01011168,429,34,91,208,96,243,6,22,133,82,186,28,69,75,14
S01011169,522,43,101,307,71,279,12,12,196,59,243,31,89,111,12
S01011170,432,36,105,231,60,236,9,32,144,51,196,27,73,87,9
S01011171,463,39,96,233,95,240,9,25,137,69,223,30,71,96,26
S01011172,351,32,81,170,68,184,12,23,95,54,167,20,58,75,14
S01011173,236,21,48,120,47,122,10,12,68,32,114,11,36,52,15
S01011174,186,14,39,102,31,101,4,12,65,20,85,10,27,37,11
S01011175,217,10,63,124,20,101,3,9,73,16,116,7,54,51,4
S01011176,225,16,41,125,43,116,8,11,68,29,109,8,30,57,14
S01011177,423,28,107,231,57,214,7,26,145,36,209,21,81,86,21
S01011178,218,10,42,137,29,113,2,6,81,24,105,8,36,56,5
S01011179,281,24,61,170,26,133,5,2,105,21,148,19,59,65,5
S01011180,220,13,58,128,21,105,4,7,78,16,115,9,51,50,5
S01011181,254,20,52,134,48,141,6,15,81,39,113,14,37,53,9
S01011182,219,15,50,112,42,120,2,11,73,34,99,13,39,39,8
S01011183,265,18,61,152,34,134,2,17,92,23,131,16,44,60,11
S01011184,428,21,96,254,57,217,9,10,151,47,211,12,86,103,10
S01011185,320,22,64,212,22,163,5,7,133,18,157,17,57,79,4
S01011186,387,29,88,232,38,194,9,14,142,29,193,20,74,90,9
S01011187,346,23,83,210,30,173,9,14,126,24,173,14,69,84,6
S01011188,422,19,115,261,27,227,5,29,170,23,195,14,86,91,4
S01011189,400,19,79,270,32,197,3,12,157,25,203,16,67,113,7
S01011190,264,21,54,164,25,134,2,7,104,21,130,19,47,60,4
S01011191,240,9,59,160,12,113,2,8,94,9,127,7,51,66,3
S01011192,335,11,74,231,19,170,2,12,139,17,165,9,62,92,2
S01011193,287,18,65,185,19,146,1,13,115,17,141,17,52,70,2
S01011194,275,23,74,158,20,132,6,21,89,16,143,17,53,69,4
S01011195,352,18,88,234,12,171,4,15,141,11,181,14,73,93,1
S01011196,357,15,89,227,26,177,1,17,140,19,180,14,72,87,7
S01011197,314,18,93,182,21,158,3,24,113,18,156,15,69,69,3
S01011198,264,14,72,159,19,125,2,14,95,14,139,12,58,64,5
S01011199,367,17,77,247,26,177,7,14,136,20,190,10,63,111,6
S01011200,355,16,70,240,29,188,4,16,145,23,167,12,54,95,6
S01011201,297,14,68,195,20,157,5,14,121,17,140,9,54,74,3
S01011202,377,24,97,237,19,167,5,15,132,15,210,19,82,105,4
S01011203,381,21,79,248,33,175,5,11,131,28,206,16,68,117,5
S01011204,296,20,63,182,31,143,5,14,104,20,153,15,49,78,11
S01011205,392,24,82,239,47,199,8,13,136,42,193,16,69,103,5
S01011206,397,19,81,256,41,205,2,12,156,35,192,17,69,100,6
S01011207,353,15,80,229,29,182,6,13,139,24,171,9,67,90,5
S01011208,523,31,114,334,44,261,5,15,205,36,262,26,99,129,8
S01011209,276,12,79,169,16,137,2,20,101,14,139,10,59,68,2
S01011210,368,28,76,217,47,200,10,21,132,37,168,18,55,85,10
S01011211,380,34,79,239,28,185,13,10,139,23,195,21,69,100,5
S01011212,226,13,66,129,18,107,3,7,82,15,119,10,59,47,3
S01011213,417,32,117,234,34,195,12,15,140,28,222,20,102,94,6
S01011214,312,21,96,176,19,149,0,27,107,15,163,21,69,69,4
S01011215,201,13,70,103,15,93,4,12,66,11,108,9,58,37,4
S01011216,183,12,52,105,14,86,2,11,64,9,97,10,41,41,5
S01011217,295,24,87,165,19,139,2,24,97,16,156,22,63,68,3
S01011218,214,12,65,121,16,104,2,15,73,14,110,10,50,48,2
S01011219,317,24,82,195,16,151,8,14,116,13,166,16,68,79,3
S01011220,365,26,83,228,28,181,6,9,139,27,184,20,74,89,1
S01011221,428,30,105,265,28,207,7,25,149,26,221,23,80,116,2
S01011222,275,19,66,172,18,141,8,11,105,17,134,11,55,67,1
S01011223,366,24,89,236,17,176,5,17,141,13,190,19,72,95,4
S01011224,268,17,65,166,20,144,6,12,107,19,124,11,53,59,1
S01011225,253,10,78,138,27,126,3,17,86,20,127,7,61,52,7
S01011226,411,25,93,260,33,206,8,12,158,28,205,17,81,102,5
S01011227,320,23,69,198,30,171,9,21,115,26,149,14,48,83,4
S01011228,308,16,69,190,33,161,5,11,118,27,147,11,58,72,6
S01011229,166,12,37,101,16,78,1,10,54,13,88,11,27,47,3
S01011230,261,19,72,156,14,129,3,19,98,9,132,16,53,58,5
S01011231,207,12,58,125,12,104,2,15,77,10,103,10,43,48,2
S01011232,446,26,92,278,50,233,7,26,161,39,213,19,66,117,11
S01011233,119,3,29,73,14,57,0,4,42,11,62,3,25,31,3
S01011234,364,24,102,207,31,176,7,23,118,28,188,17,79,89,3
S01011235,121,5,29,76,11,58,1,9,40,8,63,4,20,36,3
S01011236,236,7,63,146,20,117,3,13,86,15,119,4,50,60,5
S01011237,277,19,81,152,25,137,7,20,91,19,140,12,61,61,6
S01011238,216,11,68,119,18,101,0,15,72,14,115,11,53,47,4
S01011239,253,17,68,145,23,136,4,24,90,18,117,13,44,55,5
S01011240,248,13,51,163,21,118,4,10,85,19,130,9,41,78,2
S01011241,406,19,89,257,41,223,7,23,162,31,183,12,66,95,10
S01011242,298,23,73,168,34,142,2,14,103,23,156,21,59,65,11
S01011243,283,20,66,169,28,123,3,15,87,18,160,17,51,82,10
S01011244,246,19,57,143,27,118,6,9,81,22,128,13,48,62,5
S01011245,305,21,95,169,20,130,3,17,96,14,175,18,78,73,6
S01011246,415,26,92,253,44,201,9,20,140,32,214,17,72,113,12
S01011247,340,22,67,215,36,173,8,18,116,31,167,14,49,99,5
S01011248,386,20,109,220,37,179,4,15,132,28,207,16,94,88,9
S01011249,368,22,75,238,33,180,7,13,131,29,188,15,62,107,4
S01011250,422,27,129,228,38,187,10,26,116,35,235,17,103,112,3
S01011251,365,20,100,209,36,170,3,24,110,33,195,17,76,99,3
S01011252,307,12,95,173,27,142,7,17,97,21,165,5,78,76,6
S01011253,324,15,115,174,20,147,5,24,103,15,177,10,91,71,5
S01011254,527,37,112,323,55,275,10,14,207,44,252,27,98,116,11
S01011255,423,22,80,269,52,218,7,18,149,44,205,15,62,120,8
S01011256,249,12,56,150,31,122,0,7,88,27,127,12,49,62,4
S01011257,160,17,39,90,14,82,4,9,56,13,78,13,30,34,1
S01011258,267,20,51,172,24,137,7,11,100,19,130,13,40,72,5
S01011259,313,14,72,192,35,165,3,19,118,25,148,11,53,74,10
S01011260,302,23,68,189,22,150,1,20,114,15,152,22,48,75,7
S01011261,268,24,72,150,22,134,8,13,98,15,134,16,59,52,7
S01011262,205,10,60,121,14,99,2,10,76,11,106,8,50,45,3
S01011263,524,18,122,337,47,260,7,22,190,41,264,11,100,147,6
S01011264,267,20,78,145,24,127,7,16,86,18,140,13,62,59,6
S01011265,376,17,138,202,19,162,4,25,118,15,214,13,113,84,4
S01011266,378,20,101,222,35,183,3,14,135,31,195,17,87,87,4
S01011267,246,14,48,159,25,121,6,4,91,20,125,8,44,68,5
S01011268,160,12,34,102,12,89,4,7,68,10,71,8,27,34,2
S01011269,187,12,52,108,15,87,1,11,62,13,100,11,41,46,2
S01011270,284,16,59,186,23,137,4,14,100,19,147,12,45,86,4
S01011271,297,28,65,180,24,146,8,8,109,21,151,20,57,71,3
S01011272,289,23,56,188,22,140,5,11,106,18,149,18,45,82,4
S01011273,319,16,84,201,18,145,2,14,116,13,174,14,70,85,5
S01011274,351,20,90,218,23,179,8,13,137,21,172,12,77,81,2
S01011275,231,13,72,132,14,117,5,13,86,13,114,8,59,46,1
S01011276,370,26,101,216,27,196,5,28,138,25,174,21,73,78,2
S01011277,371,28,61,252,30,190,8,12,150,20,181,20,49,102,10
S01011278,307,9,62,212,24,154,3,11,121,19,153,6,51,91,5
S01011279,322,10,61,220,31,162,3,8,130,21,160,7,53,90,10
S01011280,283,22,55,170,36,151,6,9,109,27,132,16,46,61,9
S01011281,346,27,59,221,39,177,7,11,127,32,169,20,48,94,7
S01011282,495,22,102,330,41,242,4,13,196,29,253,18,89,134,12
S01011283,426,23,80,273,50,229,7,13,168,41,197,16,67,105,9
S01011284,348,16,66,224,42,177,5,7,126,39,171,11,59,98,3
S01011285,307,20,81,195,11,133,3,18,103,9,174,17,63,92,2
S01011286,289,21,78,170,20,140,3,18,104,15,149,18,60,66,5
S01011287,330,17,94,202,17,150,5,18,113,14,180,12,76,89,3
S01011288,323,16,101,184,22,144,3,18,105,18,179,13,83,79,4
S01011289,378,28,105,213,32,173,8,15,123,27,205,20,90,90,5
S01011290,443,33,120,256,34,230,12,31,160,27,213,21,89,96,7
S01011291,329,16,77,220,16,166,2,18,136,10,163,14,59,84,6
S01011292,239,10,62,146,21,121,0,18,88,15,118,10,44,58,6
S01011293,295,22,85,172,16,139,6,13,105,15,156,16,72,67,1
S01011294,275,15,61,177,22,137,3,19,96,19,138,12,42,81,3
S01011295,435,32,79,268,56,218,7,16,149,46,217,25,63,119,10
S01011296,220,17,51,133,19,95,3,9,69,14,125,14,42,64,5
S01011297,362,33,98,208,23,172,8,23,126,15,190,25,75,82,8
S01011298,230,27,57,130,16,120,10,14,84,12,110,17,43,46,4
S01011299,267,20,48,119,80,150,7,14,70,59,117,13,34,49,21
S01011300,359,25,85,228,21,181,4,9,149,19,178,21,76,79,2
S01011301,329,15,60,202,52,174,2,11,122,39,155,13,49,80,13
S01011302,293,17,56,194,26,149,1,14,111,23,144,16,42,83,3
S01011303,523,43,95,333,52,273,10,13,209,41,250,33,82,124,11
S01011304,280,26,59,171,24,148,7,13,111,17,132,19,46,60,7
S01011305,365,22,64,249,30,192,3,14,151,24,173,19,50,98,6
S01011306,201,12,38,130,21,102,3,5,76,18,99,9,33,54,3
S01011307,219,11,34,107,67,133,4,10,62,57,86,7,24,45,10
S01011308,221,9,48,106,58,118,2,8,62,46,103,7,40,44,12
S01011309,311,25,64,165,57,162,7,12,92,51,149,18,52,73,6
S01011310,297,20,65,174,38,158,6,19,105,28,139,14,46,69,10
S01011311,333,27,72,183,51,162,7,16,103,36,171,20,56,80,15
S01011312,476,37,89,257,93,256,14,17,147,78,220,23,72,110,15
S01011313,328,25,74,196,33,162,9,16,112,25,166,16,58,84,8
S01011314,515,39,114,294,68,275,12,26,185,52,240,27,88,109,16
S01011315,170,13,50,89,18,79,2,8,55,14,91,11,42,34,4
S01011316,290,18,81,162,29,131,3,12,94,22,159,15,69,68,7
S01011317,260,23,62,137,38,130,9,10,81,30,130,14,52,56,8
S01011318,355,23,70,222,40,196,7,16,144,29,159,16,54,78,11
S01011319,318,35,65,182,36,166,9,13,116,28,152,26,52,66,8
S01011320,211,17,44,128,22,109,6,4,80,19,102,11,40,48,3
S01011321,326,30,77,193,26,155,10,11,110,24,171,20,66,83,2
S01011322,296,32,67,171,26,147,9,14,108,16,149,23,53,63,10
S01011323,412,33,90,258,31,200,8,8,155,29,212,25,82,103,2
S01011324,187,18,52,92,25,98,8,11,60,19,89,10,41,32,6
S01011325,293,19,73,174,27,146,4,20,100,22,147,15,53,74,5
S01011326,272,13,75,149,35,137,7,26,80,24,135,6,49,69,11
S01011327,233,21,50,129,33,113,5,11,73,24,120,16,39,56,9
S01011328,277,16,67,140,54,140,1,19,83,37,137,15,48,57,17
S01011329,339,23,88,184,44,180,7,22,112,39,159,16,66,72,5
S01011330,311,27,69,184,31,152,7,11,111,23,159,20,58,73,8
S01011331,265,18,49,165,33,137,6,10,93,28,128,12,39,72,5
S01011332,374,21,77,219,57,191,6,15,122,48,183,15,62,97,9
S01011333,260,28,43,128,61,143,8,9,78,48,117,20,34,50,13
S01011334,384,32,64,195,93,207,13,14,106,74,177,19,50,89,19
S01011335,384,43,75,208,58,202,17,13,126,46,182,26,62,82,12
S01011336,262,16,70,151,25,136,5,13,95,23,126,11,57,56,2
S01011337,316,30,57,160,69,179,11,15,94,59,137,19,42,66,10
S01011338,295,14,57,191,33,146,1,6,114,25,149,13,51,77,8
S01011339,229,9,60,143,17,107,4,9,80,14,122,5,51,63,3
S01011340,272,12,67,168,25,133,3,16,93,21,139,9,51,75,4
S01011341,332,10,81,208,33,173,1,25,118,29,159,9,56,90,4
S01011342,333,11,61,227,34,172,3,11,129,29,161,8,50,98,5
S01011343,326,15,74,207,30,168,6,15,126,21,158,9,59,81,9
S01011344,323,25,77,195,26,162,2,11,124,25,161,23,66,71,1
S01011345,309,21,90,170,28,139,3,14,99,23,170,18,76,71,5
S01011346,291,11,69,186,25,144,3,14,109,18,147,8,55,77,7
S01011347,432,23,91,286,32,231,4,24,181,22,201,19,67,105,10
S01011348,373,27,63,249,34,181,8,13,130,30,192,19,50,119,4
S01011349,555,30,93,360,72,281,10,12,201,58,274,20,81,159,14
S01011350,318,18,69,195,36,165,7,16,114,28,153,11,53,81,8
S01011351,265,22,56,171,16,130,1,14,101,14,135,21,42,70,2
S01011352,301,20,61,188,32,145,7,12,104,22,156,13,49,84,10
S01011353,296,17,61,199,19,146,5,9,117,15,150,12,52,82,4
S01011354,339,14,84,199,42,163,7,11,113,32,176,7,73,86,10
S01011355,440,30,77,278,55,232,8,16,164,44,208,22,61,114,11
S01011356,519,26,83,281,129,279,6,21,158,94,240,20,62,123,35
S01011357,386,25,86,243,32,201,9,16,150,26,185,16,70,93,6
S01011358,333,20,68,215,30,157,6,11,118,22,176,14,57,97,8
S01011359,298,13,57,193,35,165,7,15,113,30,133,6,42,80,5
S01011360,318,20,74,200,24,160,6,19,113,22,158,14,55,87,2
S01011361,193,11,47,118,17,120,4,16,87,13,73,7,31,31,4
S01011362,322,14,51,211,46,168,4,15,113,36,154,10,36,98,10
S01011363,358,22,66,244,26,181,9,15,134,23,177,13,51,110,3
S01011364,326,21,67,216,22,161,5,14,124,18,165,16,53,92,4
S01011365,343,16,69,225,33,168,4,6,129,29,175,12,63,96,4
S01011366,189,6,34,136,13,90,0,4,77,9,99,6,30,59,4
S01011367,360,15,81,238,26,177,1,19,133,24,183,14,62,105,2
S01011368,528,21,97,348,62,270,2,18,200,50,258,19,79,148,12
S01011369,354,24,78,231,21,194,6,19,150,19,160,18,59,81,2
S01011370,466,11,77,349,29,235,2,16,192,25,231,9,61,157,4
S01011371,397,20,88,252,37,204,7,23,141,33,193,13,65,111,4
S01011372,257,14,56,167,20,151,5,19,112,15,106,9,37,55,5
S01011373,252,11,62,161,18,130,2,14,98,16,122,9,48,63,2
S01011374,392,20,64,286,22,193,7,9,156,21,199,13,55,130,1
S01011375,310,20,74,190,26,165,3,21,115,26,145,17,53,75,0
S01011376,205,6,53,132,14,104,2,16,77,9,101,4,37,55,5
S01011377,317,27,42,209,39,157,9,11,103,34,160,18,31,106,5
S01011378,354,31,72,218,33,184,13,26,121,24,170,18,46,97,9
S01011379,526,30,99,324,73,275,9,18,190,58,251,21,81,134,15
S01011380,341,27,64,219,31,173,8,16,127,22,168,19,48,92,9
S01011381,307,8,61,214,24,159,2,16,122,19,148,6,45,92,5
S01011382,270,15,54,182,19,144,3,18,106,17,126,12,36,76,2
S01011383,232,15,66,134,17,113,4,13,82,14,119,11,53,52,3
S01011384,206,15,63,116,12,98,2,15,72,9,108,13,48,44,3
S01011385,357,17,95,227,18,181,5,19,140,17,176,12,76,87,1
S01011386,206,15,66,114,11,96,5,17,64,10,110,10,49,50,1
S01011387,302,15,71,197,19,150,1,14,120,15,152,14,57,77,4
S01011388,605,26,114,408,57,313,13,15,239,46,292,13,99,169,11
S01011389,355,23,73,235,24,160,9,15,114,22,195,14,58,121,2
S01011390,328,21,76,210,21,173,3,17,136,17,155,18,59,74,4
S01011391,284,17,84,160,23,147,8,20,98,21,137,9,64,62,2
S01011392,282,20,75,168,19,140,3,19,101,17,142,17,56,67,2
S01011393,355,20,75,227,33,186,7,22,129,28,169,13,53,98,5
S01011394,320,25,54,194,47,163,9,7,109,38,157,16,47,85,9
S01011395,324,19,66,221,18,153,8,17,117,11,171,11,49,104,7
S01011396,315,12,62,213,28,153,5,13,112,23,162,7,49,101,5
S01011397,308,21,63,203,21,152,11,13,113,15,156,10,50,90,6
S01011398,280,21,62,175,22,134,4,19,95,16,146,17,43,80,6
S01011399,218,18,50,142,8,105,4,10,83,8,113,14,40,59,0
S01011400,362,15,57,258,32,178,3,14,135,26,184,12,43,123,6
S01011401,283,14,42,203,24,150,3,9,119,19,133,11,33,84,5
S01011402,357,21,74,231,31,165,6,15,122,22,192,15,59,109,9
S01011403,279,21,62,163,33,147,4,10,103,30,132,17,52,60,3
S01011404,385,26,71,258,30,187,9,18,140,20,198,17,53,118,10
S01011405,274,14,52,175,33,144,8,11,102,23,130,6,41,73,10
S01011406,302,14,65,196,27,139,3,16,101,19,163,11,49,95,8
S01011407,519,28,97,353,41,274,9,19,210,36,245,19,78,143,5
S01011408,365,27,88,232,18,179,6,17,140,16,186,21,71,92,2
S01011409,343,23,92,198,30,163,7,15,116,25,180,16,77,82,5
S01011410,299,17,64,197,21,141,5,7,111,18,158,12,57,86,3
S01011411,307,19,81,192,15,159,5,14,125,15,148,14,67,67,0
S01011412,437,27,79,291,40,226,8,11,175,32,211,19,68,116,8
S01011413,332,22,53,233,24,178,7,15,134,22,154,15,38,99,2
S01011414,351,17,78,229,27,185,7,21,135,22,166,10,57,94,5
S01011415,440,22,90,290,38,219,6,18,166,29,221,16,72,124,9
S01011416,355,25,61,237,32,176,7,9,136,24,179,18,52,101,8
S01011417,353,16,66,234,37,187,3,15,139,30,166,13,51,95,7
S01011418,229,13,53,149,14,120,1,9,96,14,109,12,44,53,0
S01011419,255,10,63,160,22,139,4,15,102,18,116,6,48,58,4
S01011420,183,11,41,122,9,93,3,8,74,8,90,8,33,48,1
S01011421,318,6,48,227,37,157,0,2,126,29,161,6,46,101,8
S01011422,268,8,70,162,28,135,2,15,95,23,133,6,55,67,5
S01011423,171,9,41,107,14,97,4,6,75,12,74,5,35,32,2
S01011424,264,12,61,179,12,137,3,14,112,8,127,9,47,67,4
S01011425,334,11,70,211,42,172,2,11,122,37,162,9,59,89,5
S01011426,539,13,89,359,78,285,4,21,198,62,254,9,68,161,16
S01011427,293,11,53,202,27,167,4,12,129,22,126,7,41,73,5
S01011428,237,9,44,164,20,135,4,7,106,18,102,5,37,58,2
S01011429,471,36,89,261,85,295,20,48,157,70,176,16,41,104,15
S01011430,479,19,100,305,55,240,4,18,173,45,239,15,82,132,10
S01011431,471,23,102,309,37,252,5,20,194,33,219,18,82,115,4
S01011432,482,23,92,339,28,247,4,18,199,26,235,19,74,140,2
S01011433,349,19,97,209,24,170,3,19,125,23,179,16,78,84,1
S01011434,272,7,57,184,24,140,1,14,105,20,132,6,43,79,4
S01011435,500,25,81,331,63,253,8,9,190,46,247,17,72,141,17
S01011436,316,10,64,217,25,159,1,15,121,22,157,9,49,96,3
S01011437,311,15,56,218,22,163,8,11,125,19,148,7,45,93,3
S01011438,209,11,42,141,15,107,3,5,88,11,102,8,37,53,4
S01011439,395,16,68,264,47,213,3,15,156,39,182,13,53,108,8
S01011440,260,7,47,188,18,137,1,9,112,15,123,6,38,76,3
S01011441,354,12,66,241,35,182,1,13,137,31,172,11,53,104,4
S01011442,280,9,64,190,17,143,3,12,113,15,137,6,52,77,2
S01011443,254,13,56,162,23,131,4,9,101,17,123,9,47,61,6
S01011444,289,11,61,194,23,151,1,13,119,18,138,10,48,75,5
S01011445,252,12,45,170,25,132,1,7,102,22,120,11,38,68,3
S01011446,254,13,50,149,42,136,1,12,88,35,118,12,38,61,7
S01011447,385,18,91,250,26,186,7,9,149,21,199,11,82,101,5
S01011448,475,26,102,302,45,255,10,21,183,41,220,16,81,119,4
S01011449,225,7,45,160,13,132,2,16,102,12,93,5,29,58,1
S01011450,315,23,58,185,49,169,5,14,111,39,146,18,44,74,10
S01011451,387,24,81,206,76,212,6,23,119,64,175,18,58,87,12
S01011452,517,23,97,326,71,284,10,25,190,59,233,13,72,136,12
S01011453,320,23,73,189,35,174,7,18,120,29,146,16,55,69,6
S01011454,343,18,97,210,18,164,4,24,121,15,179,14,73,89,3
S01011455,300,14,89,164,33,144,3,20,92,29,156,11,69,72,4
S01011456,341,17,77,224,23,169,3,19,128,19,172,14,58,96,4
S01011457,411,34,98,250,29,206,10,14,155,27,205,24,84,95,2
S01011458,658,38,124,447,49,331,13,30,247,41,327,25,94,200,8
S01011459,561,15,124,369,53,273,3,18,209,43,288,12,106,160,10
S01011460,339,25,77,209,28,168,7,12,127,22,171,18,65,82,6
S01011461,340,20,73,220,27,168,4,15,128,21,172,16,58,92,6
S01011462,464,24,101,307,32,252,8,22,195,27,212,16,79,112,5
S01011463,340,23,83,205,29,181,7,17,136,21,159,16,66,69,8
S01011464,344,16,45,236,47,190,6,9,138,37,154,10,36,98,10
S01011465,198,11,59,108,20,110,7,13,71,19,88,4,46,37,1
S01011466,238,15,56,150,17,116,3,12,86,15,122,12,44,64,2
S01011467,261,13,53,174,21,135,2,9,108,16,126,11,44,66,5
S01011468,519,17,84,366,52,275,5,12,207,51,244,12,72,159,1
S01011469,353,15,87,231,20,184,4,21,143,16,169,11,66,88,4
S01011470,499,22,103,327,47,250,5,23,187,35,249,17,80,140,12
S01011471,390,24,81,248,37,203,7,18,147,31,187,17,63,101,6
S01011472,341,17,50,251,23,182,6,6,151,19,159,11,44,100,4
S01011473,218,10,50,141,17,117,3,11,88,15,101,7,39,53,2
S01011474,282,11,59,185,27,157,1,15,120,21,125,10,44,65,6
S01011475,191,8,42,134,7,99,2,12,78,7,92,6,30,56,0
S01011476,273,17,54,175,27,130,6,11,91,22,143,11,43,84,5
S01011477,423,31,84,273,35,217,8,22,159,28,206,23,62,114,7
S01011478,565,38,97,352,78,300,15,16,204,65,265,23,81,148,13
S01011479,405,26,64,265,50,202,10,14,138,40,203,16,50,127,10
S01011480,538,36,93,335,74,283,13,22,196,52,255,23,71,139,22
S01011481,446,20,89,304,33,225,6,19,172,28,221,14,70,132,5
S01011482,368,14,76,253,25,186,2,18,145,21,182,12,58,108,4
S01011483,291,16,54,201,20,150,3,11,123,13,141,13,43,78,7
S01011484,353,17,83,227,26,177,4,16,138,19,176,13,67,89,7
S01011485,340,20,91,208,21,168,8,22,121,17,172,12,69,87,4
S01011486,181,10,43,112,16,94,1,11,66,16,87,9,32,46,0
S01011487,487,24,116,310,37,233,4,15,184,30,254,20,101,126,7
S01011488,239,18,73,132,16,123,7,20,83,13,116,11,53,49,3
S01011489,425,27,82,277,39,217,10,9,171,27,208,17,73,106,12
S01011490,477,10,86,343,38,228,0,16,181,31,249,10,70,162,7
S01011491,210,9,46,140,15,99,3,11,72,13,111,6,35,68,2
S01011492,334,15,69,220,30,189,4,18,138,29,145,11,51,82,1
S01011493,328,22,54,235,17,163,5,7,137,14,165,17,47,98,3
S01011494,338,19,70,221,28,167,7,16,120,24,171,12,54,101,4
S01011495,328,14,76,218,20,165,5,14,129,17,163,9,62,89,3
S01011496,259,10,79,150,20,134,4,17,98,15,125,6,62,52,5
S01011497,358,17,62,248,31,193,8,11,151,23,165,9,51,97,8
S01011498,421,22,95,276,28,228,9,16,176,27,193,13,79,100,1
S01011499,451,23,76,309,43,237,9,13,179,36,214,14,63,130,7
S01011500,259,23,55,157,24,133,4,8,97,24,126,19,47,60,0
S01011501,267,19,62,169,17,127,4,5,102,16,140,15,57,67,1
S01011502,353,19,82,219,33,183,3,16,135,29,170,16,66,84,4
S01011503,284,12,61,191,20,145,3,10,115,17,139,9,51,76,3
S01011504,255,12,56,159,28,141,1,17,98,25,114,11,39,61,3
S01011505,300,10,73,195,22,156,3,12,124,17,144,7,61,71,5
S01011506,220,11,60,132,17,108,2,11,83,12,112,9,49,49,5
S01011507,278,13,63,186,16,144,5,16,110,13,134,8,47,76,3
S01011508,528,25,95,354,54,278,11,24,200,43,250,14,71,154,11
S01011509,320,12,62,210,36,178,6,13,130,29,142,6,49,80,7
S01011510,431,21,89,292,29,206,3,23,157,23,225,18,66,135,6
S01011511,211,10,52,141,8,101,1,13,80,7,110,9,39,61,1
S01011512,310,16,66,207,21,150,4,11,116,19,160,12,55,91,2
S01011513,305,8,86,193,18,150,2,19,113,16,155,6,67,80,2
S01011514,396,24,109,245,18,197,3,16,163,15,199,21,93,82,3
S01011515,312,9,68,205,30,151,5,14,107,25,161,4,54,98,5
S01011516,532,23,89,371,49,279,7,18,213,41,253,16,71,158,8
S01011517,259,14,61,164,20,132,4,17,94,17,127,10,44,70,3
S01011518,242,11,50,161,20,141,3,14,108,16,101,8,36,53,4
S01011519,347,14,84,233,16,184,2,20,149,13,163,12,64,84,3
S01011520,218,15,65,126,12,103,1,18,72,12,115,14,47,54,0
S01011521,386,15,88,261,22,207,5,26,160,16,179,10,62,101,6
S01011522,403,19,85,263,36,200,5,20,147,28,203,14,65,116,8
S01011523,368,21,72,240,35,203,6,15,150,32,165,15,57,90,3
S01011524,529,25,106,357,41,272,7,17,213,35,257,18,89,144,6
S01011525,483,21,115,299,48,245,4,22,179,40,238,17,93,120,8
S01011526,489,31,91,329,38,267,6,12,218,31,222,25,79,111,7
S01011527,337,20,53,226,38,179,8,14,129,28,158,12,39,97,10
S01011528,415,26,94,263,32,207,4,20,160,23,208,22,74,103,9
S01011529,196,9,53,123,11,88,4,11,64,9,108,5,42,59,2
S01011530,435,18,84,302,31,211,7,14,164,26,224,11,70,138,5
S01011531,573,32,92,379,70,301,9,18,219,55,272,23,74,160,15
S01011532,352,21,65,215,51,183,7,10,128,38,169,14,55,87,13
S01011533,239,10,57,147,25,118,2,12,83,21,121,8,45,64,4
S01011534,336,14,77,207,38,183,4,22,125,32,153,10,55,82,6
S01011535,284,11,62,185,26,135,3,12,97,23,149,8,50,88,3
S01011536,397,19,77,263,38,206,8,20,148,30,191,11,57,115,8
S01011537,338,12,41,262,23,162,3,6,140,13,176,9,35,122,10
S01011538,367,23,57,255,32,187,6,9,143,29,180,17,48,112,3
S01011539,309,12,70,205,22,161,4,17,127,13,148,8,53,78,9
S01011540,517,21,117,334,45,251,8,26,182,35,266,13,91,152,10
S01011541,407,25,112,247,23,204,3,23,158,20,203,22,89,89,3
S01011542,413,14,94,276,29,209,3,14,167,25,204,11,80,109,4
S01011543,328,10,84,214,20,163,1,9,139,14,165,9,75,75,6
S01011544,283,5,65,199,14,150,2,15,122,11,133,3,50,77,3
S01011545,262,16,62,167,17,132,1,12,104,15,130,15,50,63,2
S01011546,437,32,95,258,52,216,10,15,152,39,221,22,80,106,13
S01011547,335,17,76,207,35,157,5,16,106,30,178,12,60,101,5
S01011548,339,11,72,223,33,161,4,13,122,22,178,7,59,101,11
S01011549,403,28,81,260,34,208,12,20,148,28,195,16,61,112,6
S01011550,381,25,100,229,27,191,11,24,137,19,190,14,76,92,8
S01011551,259,26,36,171,26,138,4,9,102,23,121,22,27,69,3
S01011552,393,32,86,248,27,177,8,17,132,20,216,24,69,116,7
S01011553,475,29,84,295,67,237,4,9,174,50,238,25,75,121,17
S01011554,388,16,95,232,45,188,2,14,136,36,200,14,81,96,9
S01011555,269,17,75,161,16,127,2,16,96,13,142,15,59,65,3
S01011556,212,11,48,139,14,102,3,12,76,11,110,8,36,63,3
S01011557,350,15,79,239,17,179,4,17,143,15,171,11,62,96,2
S01011558,273,13,76,170,14,132,6,14,99,13,141,7,62,71,1
S01011559,252,15,52,171,14,128,6,6,106,10,124,9,46,65,4
S01011560,343,15,73,234,21,178,8,17,135,18,165,7,56,99,3
S01011561,325,18,84,207,16,148,4,15,117,12,177,14,69,90,4
S01011562,263,19,79,143,22,122,5,14,87,16,141,14,65,56,6
S01011563,304,22,88,182,12,140,6,21,105,8,164,16,67,77,4
S01011564,483,31,99,310,43,236,8,12,178,38,247,23,87,132,5
S01011565,467,25,99,312,31,233,5,23,178,27,234,20,76,134,4
S01011566,384,18,93,249,24,186,4,14,149,19,198,14,79,100,5
S01011567,404,23,100,254,27,200,7,21,150,22,204,16,79,104,5
S01011568,403,14,96,249,44,203,2,13,152,36,200,12,83,97,8
S01011569,445,23,87,291,44,224,5,18,165,36,221,18,69,126,8
S01011570,308,13,80,193,22,146,2,15,108,21,162,11,65,85,1
S01011571,280,10,65,184,21,148,0,18,113,17,132,10,47,71,4
S01011572,273,12,50,181,30,143,3,17,98,25,130,9,33,83,5
S01011573,557,23,111,369,54,294,5,24,215,50,263,18,87,154,4
S01011574,402,14,93,268,27,203,1,17,161,24,199,13,76,107,3
S01011575,216,14,39,149,14,108,3,5,86,14,108,11,34,63,0
S01011576,256,15,74,152,15,141,8,27,95,11,115,7,47,57,4
S01011577,351,22,73,225,31,174,8,9,129,28,177,14,64,96,3
S01011578,380,25,97,231,27,177,7,13,132,25,203,18,84,99,2
S01011579,560,49,96,344,71,294,13,21,203,57,266,36,75,141,14
S01011580,331,15,82,199,35,164,5,15,116,28,167,10,67,83,7
S01011581,287,16,79,175,17,142,4,21,100,17,145,12,58,75,0
S01011582,614,38,119,378,79,303,13,29,201,60,311,25,90,177,19
S01011583,335,13,73,224,25,162,5,11,131,15,173,8,62,93,10
S01011584,324,12,74,228,10,176,4,15,148,9,148,8,59,80,1
S01011585,323,16,78,211,18,147,2,9,121,15,176,14,69,90,3
S01011586,257,6,59,182,10,135,2,18,108,7,122,4,41,74,3
S01011587,248,15,66,152,15,115,4,13,83,15,133,11,53,69,0
S01011588,330,11,79,214,26,171,4,15,127,25,159,7,64,87,1
S01011589,389,22,88,239,40,210,7,23,145,35,179,15,65,94,5
S01011590,296,10,64,205,17,151,3,5,127,16,145,7,59,78,1
S01011591,247,11,47,162,27,131,1,8,98,24,116,10,39,64,3
S01011592,279,10,70,187,12,123,1,4,108,10,156,9,66,79,2
S01011593,339,9,77,223,30,169,2,12,131,24,170,7,65,92,6
S01011594,212,12,46,138,16,111,1,10,85,15,101,11,36,53,1
S01011595,344,18,44,243,39,191,6,9,146,30,153,12,35,97,9
S01011596,514,23,96,349,46,254,5,25,192,32,260,18,71,157,14
S01011597,323,22,52,224,25,165,5,11,129,20,158,17,41,95,5
S01011598,265,12,64,170,19,158,6,18,118,16,107,6,46,52,3
S01011599,360,13,78,251,18,187,6,9,157,15,173,7,69,94,3
S01011600,334,16,51,240,27,173,4,8,136,25,161,12,43,104,2
S01011601,494,26,113,316,39,243,8,22,180,33,251,18,91,136,6
S01011602,263,3,55,178,27,133,0,13,100,20,130,3,42,78,7
S01011603,284,15,59,186,24,147,6,13,108,20,137,9,46,78,4
S01011604,263,10,81,164,8,138,4,15,111,8,125,6,66,53,0
S01011605,373,17,87,242,27,187,3,23,139,22,186,14,64,103,5
S01011606,602,31,112,401,58,311,8,23,228,52,291,23,89,173,6
S01011607,336,20,53,224,39,177,7,10,131,29,159,13,43,93,10
S01011608,567,24,103,374,66,291,6,14,215,56,276,18,89,159,10
S01011609,356,18,98,212,28,166,5,17,119,25,190,13,81,93,3
S01011610,340,22,89,213,16,169,10,20,128,11,171,12,69,85,5
S01011611,357,21,86,221,29,177,7,16,129,25,180,14,70,92,4
S01011612,393,11,63,264,55,197,2,10,145,40,196,9,53,119,15
S01011613,488,30,112,288,58,252,9,27,164,52,236,21,85,124,6
S01011614,238,14,39,151,34,127,4,10,84,29,111,10,29,67,5
S01011615,291,11,65,188,27,150,4,17,108,21,141,7,48,80,6
S01011616,149,2,28,100,19,79,2,4,56,17,70,0,24,44,2
S01011617,365,18,77,239,31,168,2,11,128,27,197,16,66,111,4
S01011618,259,12,58,163,26,126,3,9,90,24,133,9,49,73,2
S01011619,601,19,98,416,68,315,6,17,240,52,286,13,81,176,16
S01011620,664,25,97,458,84,345,5,20,252,68,319,20,77,206,16
S01011621,379,17,76,255,31,189,6,15,139,29,190,11,61,116,2
S01011622,363,14,53,243,53,199,5,14,137,43,164,9,39,106,10
S01011623,298,14,65,188,31,149,4,17,107,21,149,10,48,81,10
S01011624,378,6,78,254,40,186,0,11,148,27,192,6,67,106,13
S01011625,267,14,51,184,18,135,2,10,107,16,132,12,41,77,2
S01011626,484,32,95,292,65,257,10,19,180,48,227,22,76,112,17
S01011627,430,16,89,285,40,217,6,13,163,35,213,10,76,122,5
S01011628,555,37,106,363,49,288,11,21,219,37,267,26,85,144,12
S01011629,250,13,61,162,14,132,5,18,95,14,118,8,43,67,0
S01011630,275,15,67,171,22,138,3,13,102,20,137,12,54,69,2
S01011631,225,9,55,144,17,123,3,7,97,16,102,6,48,47,1
S01011632,333,14,76,224,19,159,2,11,131,15,174,12,65,93,4
S01011633,279,18,62,182,17,147,4,13,116,14,132,14,49,66,3
S01011634,212,11,47,138,16,105,3,7,81,14,107,8,40,57,2
S01011635,282,16,60,192,14,151,5,10,123,13,131,11,50,69,1
S01011636,279,13,67,183,16,143,5,9,117,12,136,8,58,66,4
S01011637,291,15,63,190,23,139,5,13,104,17,152,10,50,86,6
S01011638,223,9,43,142,29,103,3,7,69,24,120,6,36,73,5
S01011639,227,7,64,143,13,116,3,14,90,9,111,4,50,53,4
S01011640,288,19,59,186,24,154,4,13,115,22,134,15,46,71,2
S01011641,249,21,53,151,24,131,8,8,95,20,118,13,45,56,4
S01011642,402,14,94,254,40,202,5,16,147,34,200,9,78,107,6
S01011643,307,19,64,188,36,168,8,9,120,31,139,11,55,68,5
S01011644,319,16,61,214,28,166,5,14,125,22,153,11,47,89,6
S01011645,228,7,65,137,19,108,3,18,72,15,120,4,47,65,4
S01011646,352,19,76,218,39,185,8,17,135,25,167,11,59,83,14
S01011647,496,17,92,342,45,250,8,21,184,37,246,9,71,158,8
S01011648,365,9,60,252,44,190,2,11,143,34,175,7,49,109,10
S01011649,237,9,41,167,20,125,5,5,96,19,112,4,36,71,1
S01011650,331,13,55,228,35,171,1,12,128,30,160,12,43,100,5
S01011651,442,20,82,306,34,238,4,12,193,29,204,16,70,113,5
S01011652,419,22,84,276,37,218,8,24,157,29,201,14,60,119,8
S01011653,373,18,87,242,26,184,2,16,146,20,189,16,71,96,6
S01011654,401,19,62,275,45,206,7,19,146,34,195,12,43,129,11
S01011655,341,16,84,218,23,173,3,22,128,20,168,13,62,90,3
S01011656,232,14,62,146,10,117,4,21,82,10,115,10,41,64,0
S01011657,204,16,41,128,19,104,6,5,76,17,100,10,36,52,2
S01011658,297,9,63,196,29,170,5,10,126,29,127,4,53,70,0
S01011659,321,20,74,204,23,159,3,15,119,22,162,17,59,85,1
S01011660,483,31,102,317,33,249,7,17,193,32,234,24,85,124,1
S01011661,237,10,52,155,20,123,3,9,95,16,114,7,43,60,4
S01011662,367,17,73,231,46,196,0,10,146,40,171,17,63,85,6
S01011663,405,19,105,255,26,198,6,21,151,20,207,13,84,104,6
S01011664,375,19,75,260,21,197,6,17,155,19,178,13,58,105,2
S01011665,354,19,75,231,29,189,7,18,139,25,165,12,57,92,4
S01011666,313,20,68,200,25,157,5,13,116,23,156,15,55,84,2
S01011667,326,18,64,208,36,180,5,19,126,30,146,13,45,82,6
S01011668,406,24,106,247,29,210,7,20,158,25,196,17,86,89,4
S01011669,285,21,67,168,29,149,5,22,97,25,136,16,45,71,4
S01011670,239,10,62,144,23,120,1,11,89,19,119,9,51,55,4
S01011671,305,24,49,198,34,162,8,17,108,29,143,16,32,90,5
S01011672,235,15,46,145,29,117,5,15,79,18,118,10,31,66,11
S01011673,298,25,82,175,16,154,6,17,116,15,144,19,65,59,1
S01011674,496,15,90,350,41,254,5,13,205,31,242,10,77,145,10
S01011675,389,13,85,250,41,200,0,15,150,35,189,13,70,100,6
S01011676,271,9,71,171,20,138,1,16,105,16,133,8,55,66,4
S01011677,306,18,56,195,37,155,7,8,109,31,151,11,48,86,6
S01011678,168,9,49,86,24,81,1,13,48,19,87,8,36,38,5
S01011679,324,14,57,218,35,166,2,6,130,28,158,12,51,88,7
S01011680,413,16,87,267,43,235,1,24,173,37,178,15,63,94,6
S01011681,392,19,71,248,54,194,7,8,134,45,198,12,63,114,9
S01011682,223,6,41,124,52,128,1,10,72,45,95,5,31,52,7
S01011683,356,25,62,220,49,200,9,12,138,41,156,16,50,82,8
S01011684,241,20,44,137,40,134,6,5,90,33,107,14,39,47,7
S01011685,471,29,83,304,55,242,12,20,166,44,229,17,63,138,11
S01011686,472,22,84,309,57,245,9,17,175,44,227,13,67,134,13
S01011687,382,18,71,251,42,215,5,9,166,35,167,13,62,85,7
S01011688,425,16,82,263,64,232,4,18,160,50,193,12,64,103,14
S01011689,374,22,69,233,50,196,4,13,140,39,178,18,56,93,11
S01011690,523,20,95,346,62,264,4,21,186,53,259,16,74,160,9
S01011691,315,11,68,203,33,161,2,10,122,27,154,9,58,81,6
S01011692,442,23,93,275,51,237,2,19,172,44,205,21,74,103,7
S01011693,442,18,76,295,53,223,6,14,163,40,219,12,62,132,13
S01011694,300,11,56,204,29,150,3,12,110,25,150,8,44,94,4
S01011695,528,24,106,338,60,269,6,17,197,49,259,18,89,141,11
S01011696,607,27,107,398,75,315,7,23,232,53,292,20,84,166,22
S01011697,537,22,82,356,77,261,3,7,192,59,276,19,75,164,18
S01011698,303,13,73,198,19,148,5,11,118,14,155,8,62,80,5
S01011699,480,39,86,319,36,245,13,23,179,30,235,26,63,140,6
S01011700,352,20,78,219,35,177,6,17,125,29,175,14,61,94,6
S01011701,550,33,113,324,80,298,12,32,193,61,252,21,81,131,19
S01011702,340,26,68,215,31,166,9,19,117,21,174,17,49,98,10
S01011703,323,27,64,177,55,171,12,11,110,38,152,15,53,67,17
S01011704,400,22,71,252,55,202,7,6,141,48,198,15,65,111,7
S01011705,343,22,70,225,26,164,3,11,128,22,179,19,59,97,4
S01011706,462,29,90,291,52,246,12,25,169,40,216,17,65,122,12
S01011707,345,14,91,211,29,171,3,23,127,18,174,11,68,84,11
S01011708,416,16,107,259,34,190,3,17,143,27,226,13,90,116,7
S01011709,456,34,99,275,48,215,8,17,155,35,241,26,82,120,13
S01011710,263,11,79,159,14,121,4,11,93,13,142,7,68,66,1
S01011711,267,10,67,176,14,136,1,11,112,12,131,9,56,64,2
S01011712,280,11,58,180,31,128,1,12,91,24,152,10,46,89,7
S01011713,456,27,83,306,40,233,2,19,176,36,223,25,64,130,4
S01011714,331,15,66,218,32,163,4,9,124,26,168,11,57,94,6
S01011715,259,6,64,170,19,126,1,8,102,15,133,5,56,68,4
S01011716,514,22,92,349,51,260,8,14,196,42,254,14,78,153,9
S01011717,384,16,91,241,36,199,4,18,148,29,185,12,73,93,7
S01011718,473,10,79,326,58,234,2,5,182,45,239,8,74,144,13
S01011719,431,30,71,277,53,217,10,10,156,41,214,20,61,121,12
S01011720,299,18,51,194,36,156,8,12,107,29,143,10,39,87,7
S01011721,324,21,64,221,18,163,8,8,132,15,161,13,56,89,3
S01011722,289,16,56,190,27,150,7,5,114,24,139,9,51,76,3
S01011723,451,24,80,300,47,235,7,11,180,37,216,17,69,120,10
S01011724,393,19,74,253,47,189,8,15,128,38,204,11,59,125,9
S01011725,404,26,65,267,46,219,11,13,156,39,185,15,52,111,7
S01011726,328,17,61,226,24,165,5,8,131,21,163,12,53,95,3
S01011727,456,23,87,262,84,243,4,18,153,68,213,19,69,109,16
S01011728,492,28,106,321,37,249,10,23,187,29,243,18,83,134,8
S01011729,285,18,58,187,22,137,8,6,106,17,148,10,52,81,5
S01011730,459,21,82,315,41,246,5,30,182,29,213,16,52,133,12
S01011731,404,26,103,244,31,202,7,16,153,26,202,19,87,91,5
S01011732,454,29,77,296,52,228,8,12,164,44,226,21,65,132,8
S01011733,409,20,105,263,21,215,10,31,157,17,194,10,74,106,4
S01011734,380,27,76,240,37,205,13,18,145,29,175,14,58,95,8
S01011735,359,25,77,225,32,191,8,17,142,24,168,17,60,83,8
S01011736,368,21,90,235,22,178,6,21,134,17,190,15,69,101,5
S01011737,283,21,58,183,21,143,2,15,109,17,140,19,43,74,4
S01011738,476,18,91,316,51,250,8,22,179,41,226,10,69,137,10
S01011739,238,12,58,156,12,126,2,23,89,12,112,10,35,67,0
S01011740,283,18,72,183,10,140,3,20,107,10,143,15,52,76,0
S01011741,292,10,69,199,14,161,4,18,126,13,131,6,51,73,1
S01011742,347,21,79,220,27,170,6,15,129,20,177,15,64,91,7
S01011743,397,19,79,275,24,191,4,13,156,18,206,15,66,119,6
S01011744,364,23,66,247,28,185,7,15,144,19,179,16,51,103,9
S01011745,270,15,58,182,15,139,8,14,104,13,131,7,44,78,2
S01011746,230,8,65,145,12,106,2,12,82,10,124,6,53,63,2
S01011747,374,25,89,237,23,188,8,19,145,16,186,17,70,92,7
S01011748,370,12,98,239,21,182,4,29,135,14,188,8,69,104,7
S01011749,295,20,52,201,22,175,8,10,138,19,120,12,42,63,3
S01011750,369,16,82,238,33,193,8,23,137,25,176,8,59,101,8
S01011751,454,20,107,293,34,240,5,28,181,26,214,15,79,112,8
S01011752,486,27,93,330,36,238,6,25,181,26,248,21,68,149,10
S01011753,372,17,69,255,31,188,4,16,144,24,184,13,53,111,7
S01011754,330,19,86,203,22,158,5,15,121,17,172,14,71,82,5
S01011755,481,19,98,321,43,261,5,26,193,37,220,14,72,128,6
S01011756,467,29,98,311,29,224,7,17,176,24,243,22,81,135,5
S01011757,315,18,70,199,28,153,3,10,115,25,162,15,60,84,3
S01011758,313,22,66,200,25,159,2,16,119,22,154,20,50,81,3
S01011759,368,23,93,221,31,183,7,15,137,24,185,16,78,84,7
S01011760,428,27,75,290,36,220,8,13,170,29,208,19,62,120,7
S01011761,317,9,71,214,23,168,4,22,125,17,149,5,49,89,6
S01011762,294,11,70,181,32,155,6,15,110,24,139,5,55,71,8
S01011763,386,22,88,233,43,195,4,18,139,34,191,18,70,94,9
S01011764,206,11,48,133,14,103,2,10,79,12,103,9,38,54,2
S01011765,597,39,121,373,64,288,15,28,198,47,309,24,93,175,17
S01011766,282,13,58,175,36,140,5,7,100,28,142,8,51,75,8
S01011767,391,25,79,255,32,204,13,20,145,26,187,12,59,110,6
S01011768,334,20,81,213,20,157,4,17,118,18,177,16,64,95,2
S01011769,266,9,54,185,18,141,5,9,113,14,125,4,45,72,4
S01011770,357,16,72,240,29,201,8,22,148,23,156,8,50,92,6
S01011771,401,18,87,253,43,199,10,19,135,35,202,8,68,118,8
S01011772,587,43,116,319,109,315,18,29,191,77,272,25,87,128,32
S01011773,371,26,67,233,45,186,12,8,133,33,185,14,59,100,12
S01011774,492,27,105,294,66,243,6,19,169,49,249,21,86,125,17
S01011775,383,23,69,246,45,196,3,18,139,36,187,20,51,107,9
S01011776,588,28,110,373,77,305,6,24,212,63,283,22,86,161,14
S01011777,349,20,60,228,41,181,3,10,136,32,168,17,50,92,9
S01011778,363,21,68,230,44,186,8,15,128,35,177,13,53,102,9
S01011779,417,21,90,259,47,217,8,20,149,40,200,13,70,110,7
S01011780,520,40,108,308,64,286,9,33,188,56,234,31,75,120,8
S01011781,308,26,67,180,35,165,12,16,106,31,143,14,51,74,4
S01011782,382,37,74,225,46,202,16,20,129,37,180,21,54,96,9
S01011783,321,21,66,205,29,171,10,25,116,20,150,11,41,89,9
S01011784,381,23,73,251,34,177,5,10,132,30,204,18,63,119,4
S01011785,421,16,101,276,28,209,2,21,163,23,212,14,80,113,5
S01011786,230,18,40,136,36,120,7,6,78,29,110,11,34,58,7
S01011787,395,19,84,258,34,207,3,15,157,32,188,16,69,101,2
S01011788,361,21,64,185,91,200,7,17,107,69,161,14,47,78,22
S01011789,318,26,61,193,38,162,5,11,113,33,156,21,50,80,5
S01011790,446,26,117,260,43,221,5,23,155,38,225,21,94,105,5
S01011791,319,16,77,202,24,162,4,12,123,23,157,12,65,79,1
S01011792,356,22,53,241,40,195,7,12,147,29,161,15,41,94,11
S01011793,335,26,62,216,31,168,10,15,119,24,167,16,47,97,7
S01011794,380,13,93,244,30,181,2,18,135,26,199,11,75,109,4
S01011795,269,17,46,178,28,154,3,9,119,23,115,14,37,59,5
S01011796,321,20,65,213,23,156,5,12,121,18,165,15,53,92,5
S01011797,573,41,130,340,62,296,14,30,198,54,277,27,100,142,8
S01011798,241,14,47,161,19,121,0,9,97,15,120,14,38,64,4
S01011799,443,30,77,297,39,233,7,15,178,33,210,23,62,119,6
S01011800,254,11,55,168,20,141,3,14,106,18,113,8,41,62,2
S01011801,227,16,62,135,14,113,3,14,84,12,114,13,48,51,2
S01011802,288,11,67,195,15,152,3,10,127,12,136,8,57,68,3
S01011803,259,12,65,160,22,124,3,6,97,18,135,9,59,63,4
S01011804,374,22,85,202,65,191,6,11,118,56,183,16,74,84,9
S01011805,280,25,45,157,53,144,6,8,90,40,136,19,37,67,13
S01011806,377,33,77,201,66,199,8,15,123,53,178,25,62,78,13
S01011807,610,56,118,298,138,325,14,28,174,109,285,42,90,124,29
S01011808,330,34,87,155,54,174,8,18,101,47,156,26,69,54,7
S01011809,402,33,100,198,71,217,9,26,127,55,185,24,74,71,16
S01011810,496,37,103,277,79,266,14,24,170,58,230,23,79,107,21
S01011811,554,44,106,308,96,302,10,24,187,81,252,34,82,121,15
S01011812,349,19,89,180,61,187,8,21,107,51,162,11,68,73,10
S01011813,427,27,79,226,95,230,2,20,129,79,197,25,59,97,16
S01011814,403,41,88,202,72,218,7,21,130,60,185,34,67,72,12
S01011815,441,43,109,229,60,220,12,13,144,51,221,31,96,85,9
S01011816,351,26,82,181,62,185,9,13,116,47,166,17,69,65,15
S01011817,430,31,78,243,78,234,6,13,150,65,196,25,65,93,13
S01011818,607,49,160,323,75,306,11,32,203,60,301,38,128,120,15
S01011819,466,34,99,282,51,247,8,22,171,46,219,26,77,111,5
S01011820,372,40,88,202,42,192,9,16,134,33,180,31,72,68,9
S01011821,220,18,44,130,28,113,3,12,76,22,107,15,32,54,6
S01011822,404,32,102,218,52,214,10,38,128,38,190,22,64,90,14
S01011823,326,30,69,184,43,153,5,8,104,36,173,25,61,80,7
S01011824,379,36,89,217,37,202,7,22,138,35,177,29,67,79,2
S01011825,285,27,52,165,41,145,4,10,96,35,140,23,42,69,6
S01011826,371,32,73,218,48,189,10,18,125,36,182,22,55,93,12
S01011827,217,27,42,92,56,121,5,13,58,45,96,22,29,34,11
S01011828,486,48,118,220,100,267,13,32,139,83,219,35,86,81,17
S01011829,241,17,63,112,49,131,6,19,67,39,110,11,44,45,10
S01011830,287,27,58,120,82,165,9,15,74,67,122,18,43,46,15
S01011831,393,55,95,134,109,219,14,34,86,85,174,41,61,48,24
S01011832,441,50,92,184,115,243,9,20,118,96,198,41,72,66,19
S01011833,459,45,95,223,96,238,11,24,134,69,221,34,71,89,27
S01011834,254,19,52,133,50,136,3,9,81,43,118,16,43,52,7
S01011835,379,32,62,211,74,196,9,13,123,51,183,23,49,88,23
S01011836,379,31,68,206,74,204,6,15,119,64,175,25,53,87,10
S01011837,329,29,59,179,62,175,4,17,104,50,154,25,42,75,12
S01011838,413,32,74,247,60,229,9,16,159,45,184,23,58,88,15
S01011839,494,39,96,294,65,259,10,17,180,52,235,29,79,114,13
S01011840,517,35,107,307,68,258,7,21,183,47,259,28,86,124,21
S01011841,452,25,103,274,50,228,7,12,172,37,224,18,91,102,13
S01011842,446,36,102,246,62,222,14,15,143,50,224,22,87,103,12
S01011843,508,42,94,262,110,276,10,27,148,91,232,32,67,114,19
S01011844,349,41,76,152,80,183,13,15,93,62,166,28,61,59,18
S01011845,412,31,100,225,56,199,5,14,131,49,213,26,86,94,7
S01011846,457,37,83,252,85,230,7,20,139,64,227,30,63,113,21
S01011847,222,16,44,115,47,122,3,8,73,38,100,13,36,42,9
S01011848,384,35,87,190,72,195,8,22,104,61,189,27,65,86,11
S01011849,448,29,73,276,70,230,4,15,153,58,218,25,58,123,12
S01011850,361,23,76,172,90,195,2,20,105,68,166,21,56,67,22
S01011851,442,35,99,225,83,221,6,19,125,71,221,29,80,100,12
S01011852,488,26,102,277,83,259,5,21,164,69,229,21,81,113,14
S01011853,378,21,76,215,66,201,5,14,125,57,177,16,62,90,9
S01011854,377,38,85,187,67,195,12,23,116,44,182,26,62,71,23
S01011855,419,30,99,245,45,205,6,22,137,40,214,24,77,108,5
S01011856,281,30,71,135,45,149,12,15,83,39,132,18,56,52,6
S01011857,346,28,88,149,81,186,9,27,82,68,160,19,61,67,13
S01011858,335,41,89,153,52,173,16,19,99,39,162,25,70,54,13
S01011859,323,28,88,163,44,169,5,18,108,38,154,23,70,55,6
S01011860,392,27,70,202,93,223,6,24,124,69,169,21,46,78,24
S01011861,375,29,73,179,94,213,7,19,109,78,162,22,54,70,16
S01011862,404,27,79,213,85,222,11,14,140,57,182,16,65,73,28
S01011863,339,27,77,163,72,178,9,21,100,48,161,18,56,63,24
S01011864,336,32,78,166,60,174,13,22,91,48,162,19,56,75,12
S01011865,274,17,58,156,43,136,2,10,93,31,138,15,48,63,12
S01011866,381,32,97,213,39,200,5,22,140,33,181,27,75,73,6
S01011867,468,28,117,268,55,232,6,21,160,45,236,22,96,108,10
S01011868,422,34,100,227,61,213,6,30,130,47,209,28,70,97,14
S01011869,430,26,94,247,63,223,5,29,144,45,207,21,65,103,18
S01011870,315,16,75,188,36,161,1,16,114,30,154,15,59,74,6
S01011871,567,48,120,275,124,296,10,26,163,97,271,38,94,112,27
S01011872,476,32,107,223,114,254,5,24,137,88,222,27,83,86,26
S01011873,441,27,88,253,73,225,8,13,149,55,216,19,75,104,18
S01011874,368,25,75,217,51,189,6,19,121,43,179,19,56,96,8
S01011875,297,9,62,196,30,147,3,10,110,24,150,6,52,86,6
S01011876,495,34,114,244,103,261,11,28,143,79,234,23,86,101,24
S01011877,284,18,67,162,37,153,6,16,103,28,131,12,51,59,9
S01011878,517,39,115,249,114,271,13,32,143,83,246,26,83,106,31
S01011879,274,20,55,154,45,145,6,15,87,37,129,14,40,67,8
S01011880,299,23,64,160,52,167,6,13,100,48,132,17,51,60,4
S01011881,417,34,93,239,51,201,9,8,145,39,216,25,85,94,12
S01011882,449,43,106,249,51,226,5,17,162,42,223,38,89,87,9
S01011883,561,45,109,305,102,272,12,19,175,66,289,33,90,130,36
S01011884,233,20,47,113,53,127,3,8,74,42,106,17,39,39,11
S01011885,378,33,69,193,83,203,5,15,113,70,175,28,54,80,13
S01011886,437,44,94,232,67,223,10,13,143,57,214,34,81,89,10
S01011887,289,21,66,163,39,151,4,10,107,30,138,17,56,56,9
S01011888,421,27,136,223,35,197,5,22,138,32,224,22,114,85,3
S01011889,405,20,82,248,55,214,4,21,148,41,191,16,61,100,14
S01011890,376,28,83,231,34,184,8,13,136,27,192,20,70,95,7
S01011891,372,20,98,220,34,211,15,37,130,29,161,5,61,90,5
S01011892,621,28,113,419,61,315,14,27,230,44,306,14,86,189,17
S01011893,504,14,99,358,33,258,3,25,205,25,246,11,74,153,8
S01011894,349,19,80,213,37,184,4,31,116,33,165,15,49,97,4
S01011895,273,23,53,164,33,146,7,16,95,28,127,16,37,69,5
S01011896,430,30,87,263,50,217,9,14,150,44,213,21,73,113,6
S01011897,476,25,107,280,64,229,8,17,157,47,247,17,90,123,17
S01011898,358,27,84,192,55,170,3,14,106,47,188,24,70,86,8
S01011899,379,36,75,232,36,182,8,15,129,30,197,28,60,103,6
S01011900,387,31,92,212,52,203,14,25,123,41,184,17,67,89,11
S01011901,447,26,83,270,68,230,6,17,151,56,217,20,66,119,12
S01011902,516,45,106,310,55,264,12,25,183,44,252,33,81,127,11
S01011903,370,28,82,213,47,196,7,19,132,38,174,21,63,81,9
S01011904,383,35,77,204,67,188,9,12,115,52,195,26,65,89,15
S01011905,421,39,102,222,58,217,11,21,139,46,204,28,81,83,12
S01011906,228,15,47,138,28,119,7,13,75,24,109,8,34,63,4
S01011907,447,15,83,314,35,229,2,15,187,25,218,13,68,127,10
S01011908,227,14,44,143,26,116,2,8,83,23,111,12,36,60,3
S01011909,682,36,122,454,70,334,10,19,247,58,348,26,103,207,12
S01011910,404,23,107,241,33,200,8,20,144,28,204,15,87,97,5
S01011911,317,18,76,208,15,151,2,12,125,12,166,16,64,83,3
S01011912,365,30,74,237,24,178,5,13,141,19,187,25,61,96,5
S01011913,345,28,112,173,32,162,6,29,98,29,183,22,83,75,3
S01011914,377,27,113,212,25,185,10,26,127,22,192,17,87,85,3
S01011915,388,16,108,235,29,203,2,25,152,24,185,14,83,83,5
S01011916,270,18,61,171,20,125,0,12,97,16,145,18,49,74,4
S01011917,247,17,62,155,13,110,6,10,85,9,137,11,52,70,4
S01011918,317,18,91,185,23,139,3,11,110,15,178,15,80,75,8
S01011919,475,31,103,302,39,238,15,28,167,28,237,16,75,135,11
S01011920,325,22,82,201,20,157,3,19,120,15,168,19,63,81,5
S01011921,276,17,64,181,14,137,5,14,108,10,139,12,50,73,4
S01011922,382,24,84,253,21,195,6,20,153,16,187,18,64,100,5
S01011923,405,20,104,250,31,205,5,23,148,29,200,15,81,102,2
S01011924,217,11,57,134,15,111,4,10,82,15,106,7,47,52,0
S01011925,445,25,82,283,55,229,5,14,167,43,216,20,68,116,12
S01011926,326,20,78,203,25,159,6,15,118,20,167,14,63,85,5
S01011927,292,21,70,174,27,132,7,11,95,19,160,14,59,79,8
S01011928,360,15,85,230,30,179,2,16,136,25,181,13,69,94,5
S01011929,354,22,81,230,21,173,4,13,140,16,181,18,68,90,5
S01011930,318,19,82,194,23,155,4,16,118,17,163,15,66,76,6
S01011931,274,23,68,162,21,144,8,22,96,18,130,15,46,66,3
S01011932,373,19,56,274,24,186,9,9,150,18,187,10,47,124,6
S01011933,368,19,67,258,24,200,8,16,158,18,168,11,51,100,6
S01011934,533,37,115,327,54,292,13,39,194,46,241,24,76,133,8
S01011935,502,30,102,328,42,282,13,40,197,32,220,17,62,131,10
S01011936,398,16,89,247,46,200,3,33,134,30,198,13,56,113,16
S01011937,394,20,78,258,38,218,9,47,134,28,176,11,31,124,10
S01011938,385,22,60,253,50,192,6,14,132,40,193,16,46,121,10
S01011939,417,22,87,276,32,229,9,37,155,28,188,13,50,121,4
S01011940,240,10,34,182,14,137,1,9,118,9,103,9,25,64,5
S01011941,472,25,97,312,38,268,8,38,196,26,204,17,59,116,12
S01011942,470,27,100,310,33,268,5,48,189,26,202,22,52,121,7
S01011943,577,31,138,360,48,300,10,52,203,35,277,21,86,157,13
S01011944,207,22,43,104,38,108,6,10,62,30,99,16,33,42,8
S01011945,347,31,72,167,77,192,8,18,103,63,155,23,54,64,14
S01011946,323,31,78,174,40,169,5,16,111,37,154,26,62,63,3
S01011947,216,19,55,123,19,113,5,16,81,11,103,14,39,42,8
S01011948,484,36,100,270,78,245,7,29,148,61,239,29,71,122,17
S01011949,303,31,69,154,49,156,9,16,93,38,147,22,53,61,11
S01011950,307,22,65,196,24,151,5,16,110,20,156,17,49,86,4
S01011951,323,20,79,193,31,166,6,12,122,26,157,14,67,71,5
S01011952,234,14,48,137,35,121,6,2,80,33,113,8,46,57,2
S01011953,360,30,78,207,45,193,13,14,131,35,167,17,64,76,10
S01011954,228,11,61,145,11,117,2,14,90,11,111,9,47,55,0
S01011955,460,24,115,271,50,219,5,22,154,38,241,19,93,117,12
S01011956,528,28,123,304,73,273,7,21,182,63,255,21,102,122,10
S01011957,499,24,77,297,101,300,12,21,195,72,199,12,56,102,29
S01011958,545,40,105,301,99,305,11,27,184,83,240,29,78,117,16
S01011959,428,38,84,237,69,213,9,18,137,49,215,29,66,100,20
S01011960,466,29,97,261,79,242,8,19,156,59,224,21,78,105,20
S01011961,409,28,83,260,38,202,8,16,148,30,207,20,67,112,8
S01011962,366,25,57,226,58,196,8,15,124,49,170,17,42,102,9
S01011963,247,13,46,167,21,125,2,8,99,16,122,11,38,68,5
S01011964,522,24,92,337,69,271,8,14,194,55,251,16,78,143,14
S01011965,327,24,72,184,47,157,5,10,103,39,170,19,62,81,8
S01011966,390,29,84,210,67,199,11,11,125,52,191,18,73,85,15
S01011967,563,30,102,331,100,301,4,28,191,78,262,26,74,140,22
S01011968,509,25,99,340,45,251,12,23,185,31,258,13,76,155,14
S01011969,494,28,102,311,53,266,6,17,201,42,228,22,85,110,11
S01011970,489,30,90,329,40,250,9,8,198,35,239,21,82,131,5
S01011971,278,17,51,161,49,153,4,7,102,40,125,13,44,59,9
S01011972,589,57,105,311,116,318,12,25,186,95,271,45,80,125,21
S01011973,322,19,67,169,67,171,6,15,96,54,151,13,52,73,13
S01011974,411,30,79,228,74,230,12,13,144,61,181,18,66,84,13
S01011975,225,18,40,129,38,123,4,11,81,27,102,14,29,48,11
S01011976,370,32,58,231,49,189,8,5,137,39,181,24,53,94,10
S01011977,548,46,110,299,93,298,14,27,190,67,250,32,83,109,26
S01011978,280,22,66,163,29,137,3,14,96,24,143,19,52,67,5
S01011979,523,34,104,295,90,295,11,26,184,74,228,23,78,111,16
S01011980,206,12,29,112,53,116,4,6,64,42,90,8,23,48,11
S01011981,515,45,97,260,113,281,11,30,153,87,234,34,67,107,26
S01011982,515,41,113,241,120,289,9,30,150,100,226,32,83,91,20
S01011983,363,29,75,189,70,194,8,18,118,50,169,21,57,71,20
S01011984,294,14,74,177,29,151,5,12,109,25,143,9,62,68,4
S01011985,368,24,80,211,53,185,4,13,126,42,183,20,67,85,11
S01011986,277,21,60,169,27,134,6,5,104,19,143,15,55,65,8
S01011987,439,44,110,245,40,216,9,26,148,33,223,35,84,97,7
S01011988,288,28,54,162,44,157,9,11,98,39,131,19,43,64,5
S01011989,416,42,89,237,48,206,8,18,140,40,210,34,71,97,8
S01011990,312,23,73,170,46,163,8,15,102,38,149,15,58,68,8
S01011991,354,36,73,203,42,181,9,17,122,33,173,27,56,81,9
S01011992,434,36,85,250,63,226,13,14,147,52,208,23,71,103,11
S01011993,415,20,99,265,31,202,6,26,145,25,213,14,73,120,6
S01011994,255,29,62,121,43,129,9,18,71,31,126,20,44,50,12
S01011995,453,37,78,211,127,255,7,18,123,107,198,30,60,88,20
S01011996,269,15,69,151,34,139,5,18,92,24,130,10,51,59,10
S01011997,469,32,95,282,60,233,6,19,163,45,236,26,76,119,15
S01011998,246,16,52,128,50,132,4,9,76,43,114,12,43,52,7
S01011999,359,30,81,185,63,182,5,15,108,54,177,25,66,77,9
S01012000,248,19,41,151,37,128,4,4,89,31,120,15,37,62,6
S01012001,335,17,68,200,50,180,4,10,124,42,155,13,58,76,8
S01012002,249,18,48,151,32,131,4,10,93,24,118,14,38,58,8
S01012003,286,19,69,164,34,151,8,20,95,28,135,11,49,69,6
S01012004,427,28,99,243,57,219,9,19,146,45,208,19,80,97,12
S01012005,471,32,101,280,58,236,13,10,162,51,235,19,91,118,7
S01012006,399,37,56,186,120,222,10,13,105,94,177,27,43,81,26
S01012007,386,25,72,222,67,205,10,19,124,52,181,15,53,98,15
S01012008,503,47,102,256,98,251,10,24,150,67,252,37,78,106,31
S01012009,430,28,75,271,56,222,5,18,156,43,208,23,57,115,13
S01012010,609,39,89,355,126,309,10,21,190,88,300,29,68,165,38
S01012011,587,35,127,345,80,284,10,35,187,52,303,25,92,158,28
S01012012,285,26,45,159,55,146,9,11,84,42,139,17,34,75,13
S01012013,397,17,88,200,92,202,6,25,110,61,195,11,63,90,31
S01012014,433,32,99,252,50,228,10,23,154,41,205,22,76,98,9
S01012015,457,28,104,255,70,236,4,21,159,52,221,24,83,96,18
S01012016,480,37,93,251,99,261,8,26,148,79,219,29,67,103,20
S01012017,250,17,61,95,77,139,6,24,53,56,111,11,37,42,21
S01012018,455,40,90,220,105,260,14,28,134,84,195,26,62,86,21
S01012019,432,24,78,268,62,216,5,15,147,49,216,19,63,121,13
S01012020,301,25,69,167,40,155,10,14,99,32,146,15,55,68,8
S01012021,284,26,68,155,35,143,10,13,90,30,141,16,55,65,5
S01012022,343,17,78,215,33,162,3,13,120,26,181,14,65,95,7
S01012023,292,20,55,152,65,150,4,19,76,51,142,16,36,76,14
S01012024,462,21,81,292,68,226,7,14,157,48,236,14,67,135,20
S01012025,359,18,79,226,36,184,9,15,130,30,175,9,64,96,6
S01012026,356,21,79,202,54,176,7,15,111,43,180,14,64,91,11
S01012027,445,23,74,263,85,230,7,14,141,68,215,16,60,122,17
S01012028,462,30,97,258,77,242,12,27,148,55,220,18,70,110,22
S01012029,544,38,108,315,83,271,7,28,172,64,273,31,80,143,19
S01012030,375,30,75,194,76,196,9,17,105,65,179,21,58,89,11
S01012031,256,16,51,146,43,124,6,8,81,29,132,10,43,65,14
S01012032,192,19,35,94,44,99,6,8,49,36,93,13,27,45,8
S01012033,388,30,76,244,38,200,10,18,140,32,188,20,58,104,6
S01012034,383,19,83,241,40,201,4,16,145,36,182,15,67,96,4
S01012035,429,23,98,264,44,233,6,24,167,36,196,17,74,97,8
S01012036,401,30,78,247,46,207,12,20,138,37,194,18,58,109,9
S01012037,377,14,75,262,26,190,5,12,153,20,187,9,63,109,6
S01012038,285,15,92,162,16,132,1,20,95,16,153,14,72,67,0
S01012039,390,17,102,248,23,200,4,22,155,19,190,13,80,93,4
S01012040,364,30,59,240,35,198,13,15,144,26,166,17,44,96,9
S01012041,397,16,94,260,27,206,4,19,158,25,191,12,75,102,2
S01012042,417,26,96,261,34,202,7,15,152,28,215,19,81,109,6
S01012043,363,18,102,215,28,183,8,26,129,20,180,10,76,86,8
S01012044,301,8,74,204,15,144,3,13,116,12,157,5,61,88,3
S01012045,490,32,91,305,62,265,9,27,176,53,225,23,64,129,9
S01012046,244,13,59,158,14,106,2,12,82,10,138,11,47,76,4
S01012047,350,12,86,215,37,165,2,18,115,30,185,10,68,100,7
S01012048,266,4,62,183,17,135,2,10,108,15,131,2,52,75,2
S01012049,333,25,59,226,23,159,4,10,124,21,174,21,49,102,2
S01012050,541,30,106,364,41,271,6,18,213,34,270,24,88,151,7
S01012051,228,14,46,143,25,118,5,9,83,21,110,9,37,60,4
S01012052,424,24,84,286,30,224,7,25,170,22,200,17,59,116,8
S01012053,369,23,72,254,20,167,6,11,134,16,202,17,61,120,4
S01012054,328,24,81,204,19,159,8,21,114,16,169,16,60,90,3
S01012055,359,19,82,231,27,182,4,18,135,25,177,15,64,96,2
S01012056,362,20,77,222,43,182,9,16,120,37,180,11,61,102,6
S01012057,390,25,86,248,31,200,9,17,151,23,190,16,69,97,8
S01012058,361,29,70,220,42,181,13,18,113,37,180,16,52,107,5
S01012059,365,17,111,205,32,172,2,24,121,25,193,15,87,84,7
S01012060,364,20,76,240,28,187,7,19,139,22,177,13,57,101,6
S01012061,480,24,94,308,54,245,8,20,177,40,235,16,74,131,14
S01012062,486,33,100,303,50,252,15,24,170,43,234,18,76,133,7
S01012063,288,10,55,197,26,138,0,11,107,20,150,10,44,90,6
S01012064,194,8,64,109,13,87,0,14,65,8,107,8,50,44,5
S01012065,158,14,63,74,7,67,2,15,43,7,91,12,48,31,0
S01012066,360,17,97,217,29,170,2,26,118,24,190,15,71,99,5
S01012067,180,11,60,98,11,87,1,13,62,11,93,10,47,36,0
S01012068,127,13,45,61,8,51,2,8,35,6,76,11,37,26,2
S01012069,179,4,42,117,16,81,2,9,59,11,98,2,33,58,5
S01012070,250,17,58,161,14,131,7,23,92,9,119,10,35,69,5
S01012071,425,21,105,270,29,223,5,39,157,22,202,16,66,113,7
S01012072,435,23,102,270,40,229,5,36,162,26,206,18,66,108,14
S01012073,380,10,59,267,44,187,2,10,146,29,193,8,49,121,15
S01012074,415,23,67,277,48,210,13,16,141,40,205,10,51,136,8
S01012075,447,25,87,275,60,213,9,8,149,47,234,16,79,126,13
S01012076,363,13,71,251,28,182,6,17,136,23,181,7,54,115,5
S01012077,342,12,77,237,16,172,5,17,136,14,170,7,60,101,2
S01012078,473,32,91,305,45,248,10,25,175,38,225,22,66,130,7
S01012079,384,24,97,240,23,176,7,23,125,21,208,17,74,115,2
S01012080,312,18,94,182,18,143,7,18,102,16,169,11,76,80,2
S01012081,287,12,76,183,16,138,1,15,106,16,149,11,61,77,0
S01012082,242,5,66,163,8,120,1,17,94,8,122,4,49,69,0
S01012083,268,15,47,187,19,140,6,12,108,14,128,9,35,79,5
S01012084,312,21,64,200,27,156,4,12,115,25,156,17,52,85,2
S01012085,363,22,70,245,26,191,4,19,150,18,172,18,51,95,8
S01012086,386,11,97,241,37,187,2,16,138,31,199,9,81,103,6
S01012087,310,18,76,194,22,148,7,12,113,16,162,11,64,81,6
S01012088,389,20,79,258,32,193,7,16,144,26,196,13,63,114,6
S01012089,450,22,84,310,34,213,7,16,162,28,237,15,68,148,6
S01012090,444,31,80,266,67,238,14,19,153,52,206,17,61,113,15
S01012091,311,21,59,211,20,152,6,12,118,16,159,15,47,93,4
S01012092,289,12,65,189,23,148,3,15,110,20,141,9,50,79,3
S01012093,282,14,38,199,31,145,5,6,110,24,137,9,32,89,7
S01012094,396,19,68,237,72,201,5,13,129,54,195,14,55,108,18
S01012095,561,37,135,342,47,272,10,31,195,36,289,27,104,147,11
S01012096,369,24,107,213,25,171,6,17,129,19,198,18,90,84,6
S01012097,300,10,86,179,25,148,4,18,102,24,152,6,68,77,1
S01012098,286,18,67,185,16,146,5,14,115,12,140,13,53,70,4
S01012099,324,21,84,197,22,150,2,22,107,19,174,19,62,90,3
S01012100,455,24,133,280,18,207,7,26,158,16,248,17,107,122,2
S01012101,410,33,98,234,45,200,13,20,132,35,210,20,78,102,10
S01012102,269,17,82,148,22,112,3,15,74,20,157,14,67,74,2
S01012103,517,27,97,354,39,251,9,16,197,29,266,18,81,157,10
S01012104,509,39,88,292,90,270,8,18,167,77,239,31,70,125,13
S01012105,599,31,123,374,71,291,8,23,204,56,308,23,100,170,15
S01012106,618,30,108,410,70,311,5,16,231,59,307,25,92,179,11
S01012107,320,20,59,201,40,166,5,15,111,35,154,15,44,90,5
S01012108,319,19,63,204,33,153,4,13,118,18,166,15,50,86,15
S01012109,425,19,88,283,35,208,5,20,153,30,217,14,68,130,5
S01012110,310,13,67,211,19,152,5,17,118,12,158,8,50,93,7
S01012111,236,16,45,157,18,123,4,9,99,11,113,12,36,58,7
S01012112,306,16,61,209,20,147,5,8,116,18,159,11,53,93,2
S01012113,447,22,90,303,32,229,9,26,168,26,218,13,64,135,6
S01012114,425,31,87,259,48,197,6,20,134,37,228,25,67,125,11
S01012115,235,13,52,155,15,105,2,10,84,9,130,11,42,71,6
S01012116,276,10,59,188,19,135,5,8,106,16,141,5,51,82,3
S01012117,472,14,70,329,59,237,1,8,181,47,235,13,62,148,12
S01012118,380,22,74,239,45,184,7,14,132,31,196,15,60,107,14
S01012119,453,30,109,283,31,236,10,22,179,25,217,20,87,104,6
S01012120,256,22,59,163,12,124,8,17,89,10,132,14,42,74,2
S01012121,370,22,92,231,25,188,6,24,138,20,182,16,68,93,5
S01012122,370,27,92,234,17,179,7,15,142,15,191,20,77,92,2
S01012123,270,20,60,164,26,134,10,15,89,20,136,10,45,75,6
S01012124,302,15,59,211,17,145,5,12,116,12,157,10,47,95,5
S01012125,325,18,63,225,19,162,8,12,126,16,163,10,51,99,3
S01012126,471,18,68,329,56,253,10,7,198,38,218,8,61,131,18
S01012127,421,14,75,288,44,238,7,22,171,38,183,7,53,117,6
S01012128,276,10,43,201,22,152,4,11,119,18,124,6,32,82,4
S01012129,346,16,59,237,34,184,8,9,139,28,162,8,50,98,6
S01012130,433,16,63,325,29,218,3,18,175,22,215,13,45,150,7
S01012131,477,42,99,302,34,252,17,41,167,27,225,25,58,135,7
S01012132,312,14,72,199,27,149,6,19,107,17,163,8,53,92,10
S01012133,416,13,75,283,45,221,3,19,167,32,195,10,56,116,13
S01012134,559,39,102,357,61,278,12,29,187,50,281,27,73,170,11
S01012135,357,14,106,216,21,172,5,32,117,18,185,9,74,99,3
S01012136,394,17,96,265,16,198,4,36,147,11,196,13,60,118,5
S01012137,267,22,58,169,18,136,11,18,94,13,131,11,40,75,5
S01012138,451,28,98,284,41,229,8,32,154,35,222,20,66,130,6
S01012139,427,32,95,263,37,210,8,17,156,29,217,24,78,107,8
S01012140,272,10,55,174,33,134,6,12,93,23,138,4,43,81,10
S01012141,487,28,112,299,48,238,10,21,170,37,249,18,91,129,11
S01012142,438,27,79,281,51,235,7,21,165,42,203,20,58,116,9
S01012143,405,38,69,245,53,218,14,14,147,43,187,24,55,98,10
S01012144,496,29,101,313,53,265,13,24,183,45,231,16,77,130,8
S01012145,490,45,113,266,66,246,20,22,156,48,244,25,91,110,18
S01012146,393,23,75,276,19,196,6,19,154,17,197,17,56,122,2
S01012147,282,12,83,178,9,132,4,23,98,7,150,8,60,80,2
S01012148,264,15,75,153,21,114,6,15,76,17,150,9,60,77,4
S01012149,393,25,80,254,34,218,6,18,161,33,175,19,62,93,1
S01012150,290,10,65,194,21,148,4,15,111,18,142,6,50,83,3
S01012151,293,12,71,196,14,147,3,13,117,14,146,9,58,79,0
S01012152,286,11,79,169,27,152,3,24,101,24,134,8,55,68,3
S01012153,245,11,59,158,17,125,1,13,96,15,120,10,46,62,2
S01012154,336,12,56,251,17,174,7,17,135,15,162,5,39,116,2
S01012155,259,7,58,167,27,135,4,15,97,19,124,3,43,70,8
S01012156,242,9,49,164,20,118,4,11,85,18,124,5,38,79,2
S01012157,492,23,95,336,38,244,7,23,182,32,248,16,72,154,6
S01012158,614,25,114,419,56,319,5,35,230,49,295,20,79,189,7
S01012159,253,22,46,168,17,125,7,7,96,15,128,15,39,72,2
S01012160,355,23,71,233,28,161,7,15,119,20,194,16,56,114,8
S01012161,188,13,56,113,6,76,3,10,58,5,112,10,46,55,1
S01012162,409,18,84,275,32,191,4,20,140,27,218,14,64,135,5
S01012163,350,13,69,238,30,173,6,17,123,27,177,7,52,115,3
S01012164,657,33,113,456,55,327,16,22,246,43,330,17,91,210,12
S01012165,368,27,84,230,27,180,9,15,130,26,188,18,69,100,1
S01012166,313,15,95,185,18,148,5,21,105,17,165,10,74,80,1
S01012167,405,21,75,288,21,208,10,17,166,15,197,11,58,122,6
S01012168,400,30,67,274,29,206,10,13,164,19,194,20,54,110,10
S01012169,369,20,82,236,31,185,5,25,130,25,184,15,57,106,6
S01012170,419,28,99,268,24,205,4,20,159,22,214,24,79,109,2
S01012171,477,28,113,312,24,223,5,26,176,16,254,23,87,136,8
S01012172,317,21,68,212,16,150,2,18,116,14,167,19,50,96,2
S01012173,298,19,75,177,27,151,9,24,97,21,147,10,51,80,6
S01012174,539,45,117,324,53,269,16,28,189,36,270,29,89,135,17
S01012175,473,29,94,307,43,252,11,23,181,37,221,18,71,126,6
S01012176,480,29,98,318,35,245,7,19,191,28,235,22,79,127,7
S01012177,327,25,88,196,18,173,11,18,127,17,154,14,70,69,1
S01012178,291,24,69,174,24,145,2,13,109,21,146,22,56,65,3
S01012179,264,27,63,154,20,125,11,16,82,16,139,16,47,72,4
S01012180,224,13,51,146,14,104,5,18,70,11,120,8,33,76,3
S01012181,330,17,68,207,38,170,7,9,123,31,160,10,59,84,7
S01012182,655,29,134,413,79,342,8,32,234,68,313,21,102,179,11
S01012183,363,10,70,262,21,193,2,23,151,17,170,8,47,111,4
S01012184,332,16,40,228,48,176,3,14,122,37,156,13,26,106,11
S01012185,360,14,46,279,21,204,6,13,166,19,156,8,33,113,2
S01012186,274,14,67,170,23,136,3,11,103,19,138,11,56,67,4
S01012187,296,18,75,184,19,149,6,20,106,17,147,12,55,78,2
S01012188,261,25,41,171,24,122,3,7,93,19,139,22,34,78,5
S01012189,311,14,60,214,23,161,2,13,125,21,150,12,47,89,2
S01012190,322,20,72,190,40,150,7,8,101,34,172,13,64,89,6
S01012191,482,27,98,310,47,255,6,19,187,43,227,21,79,123,4
S01012192,266,17,60,161,28,136,7,12,95,22,130,10,48,66,6
S01012193,354,21,72,218,43,192,7,11,142,32,162,14,61,76,11
S01012194,325,32,54,203,36,160,9,10,110,31,165,23,44,93,5
S01012195,613,39,111,411,52,311,15,25,229,42,302,24,86,182,10
S01012196,338,24,67,199,48,163,8,12,109,34,175,16,55,90,14
S01012197,314,21,60,214,19,150,9,7,117,17,164,12,53,97,2
S01012198,436,29,90,292,25,205,8,13,161,23,231,21,77,131,2
S01012199,351,22,83,215,31,185,8,15,141,21,166,14,68,74,10
S01012200,292,15,81,174,22,135,5,15,97,18,157,10,66,77,4
S01012201,359,20,74,232,33,176,4,17,131,24,183,16,57,101,9
S01012202,297,13,63,202,19,149,9,11,114,15,148,4,52,88,4
S01012203,415,31,88,246,50,208,8,27,134,39,207,23,61,112,11
S01012204,486,46,80,324,36,254,16,22,191,25,232,30,58,133,11
S01012205,402,26,79,240,57,207,9,18,137,43,195,17,61,103,14
S01012206,502,34,115,319,34,252,12,16,195,29,250,22,99,124,5
S01012207,400,23,86,261,30,198,7,20,147,24,202,16,66,114,6
S01012208,465,25,111,292,37,255,11,29,183,32,210,14,82,109,5
S01012209,334,21,68,223,22,177,6,14,139,18,157,15,54,84,4
S01012210,318,21,78,197,22,148,6,14,108,20,170,15,64,89,2
S01012211,439,26,102,279,32,219,9,24,165,21,220,17,78,114,11
S01012212,381,19,77,251,34,201,8,18,149,26,180,11,59,102,8
S01012213,436,34,92,264,46,230,13,28,152,37,206,21,64,112,9
S01012214,329,20,73,198,38,177,5,14,126,32,152,15,59,72,6
S01012215,481,33,101,316,31,264,14,29,194,27,217,19,72,122,4
S01012216,391,40,82,226,43,198,14,18,132,34,193,26,64,94,9
S01012217,227,11,65,134,17,97,3,17,63,14,130,8,48,71,3
S01012218,175,10,51,106,8,82,2,10,63,7,93,8,41,43,1
S01012219,311,22,79,181,29,150,6,20,99,25,161,16,59,82,4
S01012220,233,10,47,161,15,119,2,11,92,14,114,8,36,69,1
S01012221,253,9,57,169,18,120,4,11,92,13,133,5,46,77,5
S01012222,343,7,79,235,22,179,2,14,143,20,164,5,65,92,2
S01012223,284,12,68,179,25,148,4,12,108,24,136,8,56,71,1
S01012224,358,20,75,237,26,177,8,15,133,21,181,12,60,104,5
S01012225,462,22,111,292,37,222,6,23,159,34,240,16,88,133,3
S01012226,352,21,92,211,28,161,2,24,112,23,191,19,68,99,5
S01012227,316,18,76,200,22,155,5,11,120,19,161,13,65,80,3
S01012228,341,20,87,204,30,168,6,17,120,25,173,14,70,84,5
S01012229,398,20,73,255,50,191,9,10,129,43,207,11,63,126,7
S01012230,494,32,95,305,62,240,7,15,169,49,254,25,80,136,13
S01012231,437,33,97,253,54,228,10,18,159,41,209,23,79,94,13
S01012232,451,32,88,266,65,230,7,19,150,54,221,25,69,116,11
S01012233,477,41,90,295,51,245,15,20,168,42,232,26,70,127,9
S01012234,580,42,119,327,92,294,9,28,178,79,286,33,91,149,13
S01012235,207,23,44,113,27,113,6,14,70,23,94,17,30,43,4
S01012236,291,17,63,177,34,134,5,8,91,30,157,12,55,86,4
S01012237,365,31,83,191,60,193,10,26,111,46,172,21,57,80,14
S01012238,279,18,56,168,37,146,9,16,92,29,133,9,40,76,8
S01012239,250,18,59,148,25,130,4,12,94,20,120,14,47,54,5
S01012240,352,24,72,216,40,180,10,13,128,29,172,14,59,88,11
S01012241,256,17,42,158,39,144,4,13,96,31,112,13,29,62,8
S01012242,379,38,71,207,63,200,13,14,121,52,179,25,57,86,11
S01012243,292,22,61,174,35,157,3,13,112,29,135,19,48,62,6
S01012244,500,39,102,265,94,260,13,29,150,68,240,26,73,115,26
S01012245,331,39,76,179,37,167,13,16,107,31,164,26,60,72,6
S01012246,392,39,93,196,64,202,11,16,123,52,190,28,77,73,12
S01012247,395,30,86,203,76,197,9,23,110,55,198,21,63,93,21
S01012248,445,40,90,197,118,238,12,19,112,95,207,28,71,85,23
S01012249,461,41,103,214,103,259,12,30,132,85,202,29,73,82,18
S01012250,380,28,83,187,82,202,7,15,115,65,178,21,68,72,17
S01012251,449,29,112,258,50,239,5,34,163,37,210,24,78,95,13
S01012252,356,36,90,199,31,168,9,14,118,27,188,27,76,81,4
S01012253,441,28,99,245,69,212,4,30,130,48,229,24,69,115,21
S01012254,433,40,75,265,53,213,4,12,158,39,220,36,63,107,14
S01012255,404,28,68,245,63,216,7,19,140,50,188,21,49,105,13
S01012256,431,36,107,241,47,230,7,19,165,39,201,29,88,76,8
S01012257,469,40,119,276,34,234,12,14,181,27,235,28,105,95,7
S01012258,318,34,70,153,61,165,11,11,94,49,153,23,59,59,12
S01012259,257,34,61,125,37,130,16,15,73,26,127,18,46,52,11
S01012260,372,21,87,198,66,204,8,17,128,51,168,13,70,70,15
S01012261,438,45,106,225,62,220,11,20,141,48,218,34,86,84,14
S01012262,431,29,89,226,87,239,12,23,133,71,192,17,66,93,16
S01012263,366,21,89,215,41,197,4,26,137,30,169,17,63,78,11
S01012264,206,14,51,111,30,110,3,13,67,27,96,11,38,44,3
S01012265,363,26,82,226,29,189,8,18,136,27,174,18,64,90,2
S01012266,489,37,106,302,44,238,9,26,173,30,251,28,80,129,14
S01012267,358,22,81,212,43,190,11,15,131,33,168,11,66,81,10
S01012268,341,19,78,166,78,180,4,21,95,60,161,15,57,71,18
S01012269,493,37,111,291,54,257,8,22,181,46,236,29,89,110,8
S01012270,372,31,85,221,35,189,10,18,132,29,183,21,67,89,6
S01012271,573,45,129,273,126,315,14,38,165,98,258,31,91,108,28
S01012272,365,28,84,201,52,194,8,19,126,41,171,20,65,75,11
S01012273,359,40,75,190,54,185,10,18,115,42,174,30,57,75,12
S01012274,513,43,127,292,51,257,12,30,177,38,256,31,97,115,13
S01012275,463,54,99,271,39,231,7,28,166,30,232,47,71,105,9
S01012276,484,29,96,310,49,248,6,24,181,37,236,23,72,129,12
S01012277,546,31,131,333,51,276,4,35,199,38,270,27,96,134,13
S01012278,333,31,65,208,29,169,5,17,123,24,164,26,48,85,5
S01012279,393,25,77,265,26,211,10,16,166,19,182,15,61,99,7
S01012280,467,47,110,288,22,242,11,26,190,15,225,36,84,98,7
S01012281,395,22,92,246,35,207,2,30,145,30,188,20,62,101,5
S01012282,454,70,97,246,41,209,9,22,141,37,245,61,75,105,4
S01012283,434,51,108,223,52,222,18,30,131,43,212,33,78,92,9
S01012284,345,24,77,211,33,177,5,18,132,22,168,19,59,79,11
S01012285,257,19,56,154,28,132,4,7,106,15,125,15,49,48,13
S01012286,459,36,121,277,25,227,9,23,177,18,232,27,98,100,7
S01012287,373,25,106,220,22,186,7,26,135,18,187,18,80,85,4
S01012288,313,27,81,184,21,170,4,22,126,18,143,23,59,58,3
S01012289,357,17,88,197,55,178,3,25,110,40,179,14,63,87,15
S01012290,251,19,58,146,28,117,5,10,79,23,134,14,48,67,5
S01012291,477,39,124,259,55,229,11,29,151,38,248,28,95,108,17
S01012292,297,29,71,147,50,148,10,14,85,39,149,19,57,62,11
S01012293,227,12,43,151,21,111,2,4,91,14,116,10,39,60,7
S01012294,455,32,110,291,22,214,8,23,162,21,241,24,87,129,1
S01012295,399,27,83,253,36,187,6,15,137,29,212,21,68,116,7
S01012296,476,36,97,276,67,241,12,18,158,53,235,24,79,118,14
S01012297,324,30,58,153,83,175,10,12,88,65,149,20,46,65,18
S01012298,416,23,81,245,67,221,5,14,147,55,195,18,67,98,12
S01012299,352,16,65,190,81,179,4,9,107,59,173,12,56,83,22
S01012300,299,25,70,170,34,160,7,16,108,29,139,18,54,62,5
S01012301,477,31,101,258,87,262,6,21,160,75,215,25,80,98,12
S01012302,291,18,70,138,65,161,8,22,81,50,130,10,48,57,15
S01012303,468,35,107,224,102,254,6,28,139,81,214,29,79,85,21
S01012304,489,33,111,264,81,278,6,29,173,70,211,27,82,91,11
S01012305,302,14,65,171,52,167,2,11,114,40,135,12,54,57,12
S01012306,243,22,54,144,23,133,8,10,96,19,110,14,44,48,4
S01012307,291,17,64,171,39,166,7,18,108,33,125,10,46,63,6
S01012308,431,20,94,287,30,226,1,11,186,28,205,19,83,101,2
S01012309,254,25,59,137,33,127,4,10,87,26,127,21,49,50,7
S01012310,450,28,99,221,102,246,6,25,137,78,204,22,74,84,24
S01012311,227,21,49,115,42,125,4,19,68,34,102,17,30,47,8
S01012312,514,37,102,258,117,292,6,31,166,89,222,31,71,92,28
S01012313,396,31,78,220,67,214,9,17,134,54,182,22,61,86,13
S01012314,378,27,120,180,51,182,9,18,112,43,196,18,102,68,8
S01012315,299,22,73,158,46,161,4,18,103,36,138,18,55,55,10
S01012316,263,18,63,161,21,142,3,8,112,19,121,15,55,49,2
S01012317,238,24,56,126,32,124,6,7,83,28,114,18,49,43,4
S01012318,378,27,93,214,44,207,5,18,143,41,171,22,75,71,3
S01012319,414,33,78,224,79,230,7,17,142,64,184,26,61,82,15
S01012320,325,28,68,193,36,178,3,11,135,29,147,25,57,58,7
S01012321,316,34,67,177,38,171,5,15,117,34,145,29,52,60,4
S01012322,479,50,105,230,94,242,7,27,133,75,237,43,78,97,19
S01012323,406,32,87,193,94,235,5,29,123,78,171,27,58,70,16
S01012324,378,37,94,179,68,205,10,18,119,58,173,27,76,60,10
S01012325,197,14,50,108,25,102,4,10,67,21,95,10,40,41,4
S01012326,231,20,47,144,20,132,10,12,94,16,99,10,35,50,4
S01012327,359,30,94,203,32,187,7,14,135,31,172,23,80,68,1
S01012328,210,15,46,112,37,120,8,16,70,26,90,7,30,42,11
S01012329,383,37,87,164,95,206,4,18,101,83,177,33,69,63,12
S01012330,268,25,54,160,29,135,4,6,98,27,133,21,48,62,2
S01012331,341,26,72,194,49,169,3,9,119,38,172,23,63,75,11
S01012332,528,63,98,259,108,283,13,21,161,88,245,50,77,98,20
S01012333,470,36,110,236,88,246,6,24,152,64,224,30,86,84,24
S01012334,369,22,94,217,36,196,3,21,140,32,173,19,73,77,4
S01012335,564,33,136,342,53,283,7,17,216,43,281,26,119,126,10
S01012336,287,10,74,176,27,142,3,8,110,21,145,7,66,66,6
S01012337,354,17,82,218,37,178,4,17,126,31,176,13,65,92,6
S01012338,321,25,65,177,54,174,4,16,107,47,147,21,49,70,7
S01012339,269,12,47,183,27,140,3,12,106,19,129,9,35,77,8
S01012340,451,41,109,248,53,220,4,16,155,45,231,37,93,93,8
S01012341,543,41,105,265,132,285,8,23,149,105,258,33,82,116,27
S01012342,444,33,98,255,58,224,10,22,144,48,220,23,76,111,10
S01012343,510,42,107,241,120,281,8,23,152,98,229,34,84,89,22
S01012344,300,12,69,193,26,147,2,12,112,21,153,10,57,81,5
S01012345,359,26,63,232,38,191,6,9,142,34,168,20,54,90,4
S01012346,409,27,82,216,84,232,4,14,142,72,177,23,68,74,12
S01012347,359,14,86,206,53,179,3,13,118,45,180,11,73,88,8
S01012348,317,26,72,178,41,150,6,19,93,32,167,20,53,85,9
S01012349,430,29,110,240,51,217,11,16,146,44,213,18,94,94,7
S01012350,332,33,84,179,36,176,7,17,125,27,156,26,67,54,9
S01012351,403,29,114,233,27,203,5,23,152,23,200,24,91,81,4
S01012352,342,25,81,195,41,181,7,16,122,36,161,18,65,73,5
S01012353,366,23,84,219,40,189,6,16,138,29,177,17,68,81,11
S01012354,335,28,75,179,53,181,6,20,114,41,154,22,55,65,12
S01012355,487,43,96,208,140,278,7,24,133,114,209,36,72,75,26
S01012356,296,26,62,160,48,144,6,12,87,39,152,20,50,73,9
S01012357,439,39,98,198,104,224,11,23,101,89,215,28,75,97,15
S01012358,389,20,101,174,94,210,4,27,100,79,179,16,74,74,15
S01012359,313,20,92,183,18,160,1,20,123,16,153,19,72,60,2
S01012360,316,14,100,186,16,159,3,23,120,13,157,11,77,66,3
S01012361,237,13,75,132,17,118,5,19,81,13,119,8,56,51,4
S01012362,308,28,86,182,12,150,1,23,116,10,158,27,63,66,2
S01012363,400,25,88,251,36,222,8,26,161,27,178,17,62,90,9
S01012364,318,25,72,201,20,165,7,18,123,17,153,18,54,78,3
S01012365,492,27,113,316,36,258,5,25,204,24,234,22,88,112,12
S01012366,433,26,90,285,32,220,10,28,161,21,213,16,62,124,11
S01012367,442,38,101,261,42,242,9,23,177,33,200,29,78,84,9
S01012368,275,28,69,156,22,139,7,14,97,21,136,21,55,59,1
S01012369,417,26,98,247,46,213,8,10,159,36,204,18,88,88,10
S01012370,445,30,109,270,36,235,3,19,179,34,210,27,90,91,2
S01012371,410,28,103,255,24,215,10,24,163,18,195,18,79,92,6
S01012372,343,15,75,224,29,186,6,21,139,20,157,9,54,85,9
S01012373,460,32,104,282,42,238,12,19,175,32,222,20,85,107,10
S01012374,466,22,135,286,23,234,5,29,181,19,232,17,106,105,4
S01012375,434,32,100,275,27,214,7,12,173,22,220,25,88,102,5
S01012376,499,57,96,255,91,243,14,22,143,64,256,43,74,112,27
S01012377,367,37,78,177,75,199,14,18,109,58,168,23,60,68,17
S01012378,295,31,61,126,77,161,9,13,75,64,134,22,48,51,13
S01012379,241,11,52,116,62,128,4,11,64,49,113,7,41,52,13
S01012380,453,17,113,295,28,223,5,32,168,18,230,12,81,127,10
S01012381,348,36,85,203,24,180,13,23,122,22,168,23,62,81,2
S01012382,503,41,123,279,60,260,12,32,171,45,243,29,91,108,15
S01012383,390,36,83,236,35,199,12,19,140,28,191,24,64,96,7
S01012384,248,18,51,151,28,134,7,18,86,23,114,11,33,65,5
S01012385,397,26,83,244,44,207,8,16,146,37,190,18,67,98,7
S01012386,432,36,105,251,40,224,3,28,162,31,208,33,77,89,9
S01012387,527,34,94,326,73,278,7,18,190,63,249,27,76,136,10
S01012388,407,31,84,232,60,215,9,11,148,47,192,22,73,84,13
S01012389,487,39,109,286,53,256,9,14,188,45,231,30,95,98,8
S01012390,445,41,92,257,55,239,10,12,168,49,206,31,80,89,6
S01012391,595,53,137,323,82,309,12,27,202,68,286,41,110,121,14
S01012392,432,44,93,238,57,224,20,11,141,52,208,24,82,97,5
S01012393,530,53,108,281,88,277,15,20,163,79,253,38,88,118,9
S01012394,342,21,73,205,43,167,6,18,108,35,175,15,55,97,8
S01012395,343,33,76,195,39,177,11,20,109,37,166,22,56,86,2
S01012396,338,18,55,216,49,181,5,12,123,41,157,13,43,93,8
S01012397,455,26,103,260,66,240,9,26,155,50,215,17,77,105,16
S01012398,540,29,88,356,67,299,7,21,215,56,241,22,67,141,11
S01012399,341,34,54,221,32,175,4,6,136,29,166,30,48,85,3
S01012400,359,23,69,215,52,199,2,14,137,46,160,21,55,78,6
S01012401,468,21,100,280,67,257,7,13,174,63,211,14,87,106,4
S01012402,278,20,44,168,46,145,1,3,105,36,133,19,41,63,10
S01012403,650,60,129,349,112,340,11,28,204,97,310,49,101,145,15
S01012404,558,36,108,314,100,300,15,18,177,90,258,21,90,137,10
S01012405,426,38,65,244,79,222,8,8,140,66,204,30,57,104,13
S01012406,338,26,59,202,51,185,3,8,128,46,153,23,51,74,5
S01012407,460,45,89,247,79,245,9,11,156,69,215,36,78,91,10
S01012408,352,35,72,183,62,187,4,19,112,52,165,31,53,71,10
S01012409,377,33,79,205,60,204,9,18,132,45,173,24,61,73,15
S01012410,629,56,109,365,99,336,12,13,229,82,293,44,96,136,17
S01012411,539,36,96,335,72,300,6,13,214,67,239,30,83,121,5
S01012412,364,48,77,172,67,189,6,20,111,52,175,42,57,61,15
S01012413,482,27,104,272,79,264,4,13,183,64,218,23,91,89,15
S01012414,344,34,80,179,51,187,9,16,122,40,157,25,64,57,11
S01012415,274,31,44,128,71,154,2,4,83,65,120,29,40,45,6
S01012416,281,31,56,129,65,156,5,8,84,59,125,26,48,45,6
S01012417,262,27,66,108,61,136,5,18,64,49,126,22,48,44,12
S01012418,373,26,74,152,121,214,3,18,91,102,159,23,56,61,19
S01012419,342,23,78,139,102,194,8,18,88,80,148,15,60,51,22
S01012420,382,25,95,218,44,199,10,14,139,36,183,15,81,79,8
S01012421,351,17,63,195,76,182,4,15,106,57,169,13,48,89,19
S01012422,405,26,97,200,82,217,5,23,120,69,188,21,74,80,13
S01012423,391,20,91,207,73,201,6,21,115,59,190,14,70,92,14
S01012424,423,28,133,218,44,200,4,28,131,37,223,24,105,87,7
S01012425,190,14,51,106,19,92,5,7,62,18,98,9,44,44,1
S01012426,168,13,57,85,13,75,3,12,49,11,93,10,45,36,2
S01012427,248,26,77,129,16,121,2,19,86,14,127,24,58,43,2
S01012428,292,18,87,154,33,142,3,19,95,25,150,15,68,59,8
S01012429,204,12,45,125,22,101,5,8,73,15,103,7,37,52,7
S01012430,249,18,60,143,28,116,5,13,76,22,133,13,47,67,6
S01012431,376,31,88,200,57,191,9,19,118,45,185,22,69,82,12
S01012432,252,22,58,142,30,123,8,10,80,25,129,14,48,62,5
S01012433,235,14,60,143,18,128,2,21,89,16,107,12,39,54,2
S01012434,309,19,75,184,31,154,5,16,110,23,155,14,59,74,8
S01012435,285,21,73,153,38,140,5,18,86,31,145,16,55,67,7
S01012436,299,30,70,169,30,154,6,15,108,25,145,24,55,61,5
S01012437,335,27,73,202,33,167,5,14,122,26,168,22,59,80,7
S01012438,310,17,74,170,49,162,3,15,100,44,148,14,59,70,5
S01012439,299,17,70,178,34,150,2,12,104,32,149,15,58,74,2
S01012440,267,16,61,158,32,140,4,12,98,26,127,12,49,60,6
S01012441,458,34,107,220,97,230,8,23,121,78,228,26,84,99,19
S01012442,484,33,102,258,91,250,4,25,149,72,234,29,77,109,19
S01012443,398,30,79,201,88,211,6,13,124,68,187,24,66,77,20
S01012444,329,22,67,189,51,173,6,19,108,40,156,16,48,81,11
S01012445,262,22,56,134,50,146,5,13,86,42,116,17,43,48,8
S01012446,232,10,62,134,26,110,2,13,75,20,122,8,49,59,6
S01012447,446,41,87,262,56,215,12,22,136,45,231,29,65,126,11
S01012448,440,28,81,260,71,223,9,19,139,56,217,19,62,121,15
S01012449,309,19,52,203,35,148,2,9,110,27,161,17,43,93,8
S01012450,426,32,78,240,76,232,6,19,145,62,194,26,59,95,14
S01012451,311,25,68,171,47,157,4,12,105,36,154,21,56,66,11
S01012452,256,17,62,152,25,120,5,14,83,18,136,12,48,69,7
S01012453,371,34,78,186,73,210,8,25,113,64,161,26,53,73,9
S01012454,269,15,78,135,41,127,2,16,78,31,142,13,62,57,10
S01012455,242,25,53,108,56,139,9,17,66,47,103,16,36,42,9
S01012456,297,34,59,154,50,159,16,10,93,40,138,18,49,61,10
S01012457,315,27,72,175,41,171,9,21,109,32,144,18,51,66,9
S01012458,332,36,61,162,73,172,7,17,91,57,160,29,44,71,16
S01012459,387,32,96,209,50,194,7,25,124,38,193,25,71,85,12
S01012460,233,16,51,140,26,112,3,10,78,21,121,13,41,62,5
S01012461,259,14,68,155,22,124,5,12,89,18,135,9,56,66,4
S01012462,314,19,86,186,23,147,7,21,99,20,167,12,65,87,3
S01012463,255,21,63,149,22,129,5,16,88,20,126,16,47,61,2
S01012464,290,27,80,165,18,141,4,16,105,16,149,23,64,60,2
S01012465,313,17,66,205,25,165,1,13,128,23,148,16,53,77,2
S01012466,332,31,81,177,43,170,8,26,100,36,162,23,55,77,7
S01012467,304,19,78,181,26,150,7,17,108,18,154,12,61,73,8
S01012468,349,26,79,217,27,182,6,17,138,21,167,20,62,79,6
S01012469,344,34,72,172,66,174,14,14,92,54,170,20,58,80,12
S01012470,407,14,109,248,36,197,4,21,142,30,210,10,88,106,6
S01012471,373,33,72,184,84,195,7,16,105,67,178,26,56,79,17
S01012472,281,26,57,162,36,137,11,13,87,26,144,15,44,75,10
S01012473,272,22,54,163,33,144,4,10,102,28,128,18,44,61,5
S01012474,295,19,84,156,36,143,6,24,86,27,152,13,60,70,9
S01012475,270,22,59,152,37,142,6,16,91,29,128,16,43,61,8
S01012476,405,31,101,239,34,185,7,19,131,28,220,24,82,108,6
S01012477,353,31,73,223,26,174,10,13,126,25,179,21,60,97,1
S01012478,409,29,131,224,25,200,8,37,135,20,209,21,94,89,5
S01012479,392,30,95,221,46,196,10,23,125,38,196,20,72,96,8
S01012480,284,17,46,188,33,174,8,16,122,28,110,9,30,66,5
S01012481,411,30,86,231,64,211,4,34,124,49,200,26,52,107,15
S01012482,310,26,59,181,44,161,7,22,102,30,149,19,37,79,14
S01012483,377,40,82,223,32,195,15,26,131,23,182,25,56,92,9
S01012484,348,23,77,185,63,181,6,14,113,48,167,17,63,72,15
S01012485,363,35,60,198,70,192,13,8,123,48,171,22,52,75,22
S01012486,195,14,54,90,37,92,8,10,47,27,103,6,44,43,10
S01012487,303,20,71,176,36,157,7,22,99,29,146,13,49,77,7
S01012488,435,27,93,282,33,220,8,24,161,27,215,19,69,121,6
S01012489,417,24,113,253,27,204,8,28,148,20,213,16,85,105,7
S01012490,416,25,96,246,49,215,10,29,135,41,201,15,67,111,8
S01012491,169,21,40,94,14,76,7,7,55,7,93,14,33,39,7
S01012492,252,24,62,139,27,137,14,21,79,23,115,10,41,60,4
S01012493,210,16,46,126,22,116,6,13,82,15,94,10,33,44,7
S01012494,410,55,108,209,38,203,20,17,135,31,207,35,91,74,7
S01012495,428,29,125,243,31,210,5,27,158,20,218,24,98,85,11
S01012496,321,32,104,162,23,151,9,27,96,19,170,23,77,66,4
S01012497,190,15,62,103,10,87,4,14,62,7,103,11,48,41,3
S01012498,275,22,92,143,18,129,1,25,89,14,146,21,67,54,4
S01012499,277,14,83,157,23,122,5,8,91,18,155,9,75,66,5
S01012500,183,14,58,101,10,82,3,11,61,7,101,11,47,40,3
S01012501,200,20,66,106,8,98,2,19,69,8,102,18,47,37,0
S01012502,258,26,97,120,15,108,8,23,64,13,150,18,74,56,2
S01012503,239,24,80,116,19,113,7,21,69,16,126,17,59,47,3
S01012504,240,7,78,144,11,114,2,16,85,11,126,5,62,59,0
S01012505,431,21,118,261,31,206,1,27,156,22,225,20,91,105,9
S01012506,214,21,40,132,21,113,5,11,79,18,101,16,29,53,3
S01012507,424,25,107,260,32,200,8,20,149,23,224,17,87,111,9
S01012508,369,19,79,232,39,183,9,14,129,31,186,10,65,103,8
S01012509,269,35,58,145,31,135,9,16,85,25,134,26,42,60,6
S01012510,454,21,109,287,37,226,4,22,168,32,228,17,87,119,5
S01012511,343,33,81,202,27,163,11,18,112,22,180,22,63,90,5
S01012512,285,24,70,164,27,142,7,19,96,20,143,17,51,68,7
S01012513,313,22,77,174,40,151,10,14,95,32,162,12,63,79,8
S01012514,590,36,124,366,64,288,8,22,207,51,302,28,102,159,13
S01012515,249,17,68,141,23,114,3,18,74,19,135,14,50,67,4
S01012516,270,18,74,152,26,127,3,14,90,20,143,15,60,62,6
S01012517,411,30,114,229,38,206,7,37,131,31,205,23,77,98,7
S01012518,268,18,57,156,37,137,5,15,89,28,131,13,42,67,9
S01012519,243,17,54,137,35,126,6,13,81,26,117,11,41,56,9
S01012520,364,33,83,212,36,193,12,28,121,32,171,21,55,91,4
S01012521,246,10,46,159,31,133,4,12,96,21,113,6,34,63,10
S01012522,400,39,91,211,59,215,8,21,134,52,185,31,70,77,7
S01012523,423,32,106,232,53,216,13,17,146,40,207,19,89,86,13
S01012524,383,20,81,238,44,201,6,20,141,34,182,14,61,97,10
S01012525,383,30,69,244,40,198,9,13,144,32,185,21,56,100,8
S01012526,350,32,73,204,41,186,13,19,124,30,164,19,54,80,11
S01012527,279,27,64,164,24,151,7,12,114,18,128,20,52,50,6
S01012528,404,31,109,232,32,195,9,19,139,28,209,22,90,93,4
S01012529,343,27,94,190,32,159,5,17,116,21,184,22,77,74,11
S01012530,385,35,80,242,28,200,12,20,146,22,185,23,60,96,6
S01012531,378,30,79,222,47,197,8,17,135,37,181,22,62,87,10
S01012532,383,27,87,219,50,197,10,24,119,44,186,17,63,100,6
S01012533,273,16,48,178,31,150,5,12,107,26,123,11,36,71,5
S01012534,266,23,49,170,24,134,5,11,100,18,132,18,38,70,6
S01012535,400,27,96,241,36,207,1,21,154,31,193,26,75,87,5
S01012536,358,32,98,190,38,175,12,21,106,36,183,20,77,84,2
S01012537,329,46,72,190,21,171,15,20,117,19,158,31,52,73,2
S01012538,466,24,117,276,49,223,5,25,155,38,243,19,92,121,11
S01012539,340,32,62,194,52,188,4,15,124,45,152,28,47,70,7
S01012540,286,17,74,175,20,145,4,15,108,18,141,13,59,67,2
S01012541,557,40,145,257,115,278,8,24,143,103,279,32,121,114,12
S01012542,390,28,83,215,64,199,10,20,123,46,191,18,63,92,18
S01012543,352,28,72,189,63,179,9,12,105,53,173,19,60,84,10
S01012544,373,22,96,192,63,179,5,12,115,47,194,17,84,77,16
S01012545,213,18,53,118,24,102,5,11,69,17,111,13,42,49,7
S01012546,375,25,88,214,48,192,7,18,129,38,183,18,70,85,10
S01012547,301,22,71,178,30,168,5,23,116,24,133,17,48,62,6
S01012548,371,23,68,221,59,195,4,10,135,46,176,19,58,86,13
S01012549,243,19,58,152,14,116,1,11,90,14,127,18,47,62,0
S01012550,377,35,97,196,49,186,12,27,109,38,191,23,70,87,11
S01012551,452,48,97,265,42,236,18,22,165,31,216,30,75,100,11
S01012552,460,39,98,260,63,242,10,20,160,52,218,29,78,100,11
S01012553,464,26,107,269,62,235,8,17,161,49,229,18,90,108,13
S01012554,234,25,51,145,13,109,8,11,81,9,125,17,40,64,4
S01012555,277,26,54,155,42,143,12,10,89,32,134,14,44,66,10
S01012556,280,27,53,165,35,138,9,9,93,27,142,18,44,72,8
S01012557,262,19,57,150,36,138,7,14,88,29,124,12,43,62,7
S01012558,277,20,74,158,25,147,9,21,96,21,130,11,53,62,4
S01012559,292,14,65,180,33,149,2,22,97,28,143,12,43,83,5
S01012560,214,16,49,129,20,96,3,8,71,14,118,13,41,58,6
S01012561,317,13,75,194,35,155,3,14,113,25,162,10,61,81,10
S01012562,336,14,78,216,28,175,7,20,122,26,161,7,58,94,2
S01012563,247,30,41,125,51,136,6,12,78,40,111,24,29,47,11
S01012564,354,23,96,187,48,181,6,25,115,35,173,17,71,72,13
S01012565,320,24,80,168,48,167,6,21,104,36,153,18,59,64,12
S01012566,349,22,58,226,43,175,7,17,117,34,174,15,41,109,9
S01012567,471,30,110,270,61,244,9,24,165,46,227,21,86,105,15
S01012568,233,25,35,120,53,121,11,8,60,42,112,14,27,60,11
S01012569,323,37,75,146,65,175,7,19,98,51,148,30,56,48,14
S01012570,240,19,47,113,61,136,6,6,70,54,104,13,41,43,7
S01012571,403,29,74,217,83,223,9,20,122,72,180,20,54,95,11
S01012572,264,16,48,135,65,152,3,12,83,54,112,13,36,52,11
S01012573,442,26,74,238,104,244,4,16,138,86,198,22,58,100,18
S01012574,449,34,80,245,90,232,5,17,131,79,217,29,63,114,11
S01012575,330,28,77,170,55,168,7,15,103,43,162,21,62,67,12
S01012576,383,35,62,223,63,195,6,13,126,50,188,29,49,97,13
S01012577,404,21,89,214,80,217,2,19,130,66,187,19,70,84,14
S01012578,411,37,80,230,64,209,10,17,134,48,202,27,63,96,16
S01012579,342,24,74,177,67,183,7,18,102,56,159,17,56,75,11
S01012580,418,23,76,234,85,228,4,24,135,65,190,19,52,99,20
S01012581,321,14,66,206,35,165,1,15,118,31,156,13,51,88,4
S01012582,494,33,98,277,86,251,7,14,162,68,243,26,84,115,18
S01012583,348,12,76,217,43,183,2,16,128,37,165,10,60,89,6
S01012584,368,25,75,214,54,177,7,8,116,46,191,18,67,98,8
S01012585,390,23,76,234,57,221,3,20,150,48,169,20,56,84,9
S01012586,458,23,86,265,84,249,4,15,163,67,209,19,71,102,17
S01012587,461,31,86,226,118,245,8,13,129,95,216,23,73,97,23
S01012588,338,15,56,209,58,179,4,10,117,48,159,11,46,92,10
S01012589,337,25,57,214,41,171,6,8,120,37,166,19,49,94,4
S01012590,342,17,69,210,46,194,3,16,134,41,148,14,53,76,5
S01012591,273,17,57,157,42,150,2,14,96,38,123,15,43,61,4
S01012592,298,10,61,182,45,165,3,13,108,41,133,7,48,74,4
S01012593,471,23,81,316,51,245,7,19,174,45,226,16,62,142,6
S01012594,212,12,43,129,28,105,3,6,76,20,107,9,37,53,8
S01012595,297,13,57,189,38,154,1,13,108,32,143,12,44,81,6
S01012596,336,16,90,201,29,171,3,16,126,26,165,13,74,75,3
S01012597,250,7,45,167,31,126,1,7,90,28,124,6,38,77,3
S01012598,388,23,61,267,37,202,8,17,151,26,186,15,44,116,11
S01012599,317,20,52,218,27,173,7,15,130,21,144,13,37,88,6
S01012600,398,32,80,245,41,206,10,14,150,32,192,22,66,95,9
S01012601,520,39,89,332,60,269,15,17,196,41,251,24,72,136,19
S01012602,244,13,30,169,32,125,6,7,86,26,119,7,23,83,6
S01012603,300,21,54,197,28,153,6,6,118,23,147,15,48,79,5
S01012604,296,12,70,187,27,154,2,17,111,24,142,10,53,76,3
S01012605,211,13,51,137,10,99,5,7,79,8,112,8,44,58,2
S01012606,485,20,90,315,60,253,4,17,180,52,232,16,73,135,8
S01012607,386,29,77,236,44,206,6,13,146,41,180,23,64,90,3
S01012608,390,30,77,243,40,192,8,11,139,34,198,22,66,104,6
S01012609,360,20,92,225,23,175,3,18,134,20,185,17,74,91,3
S01012610,385,27,86,240,32,192,7,21,137,27,193,20,65,103,5
S01012611,405,27,79,261,38,211,11,18,150,32,194,16,61,111,6
S01012612,296,15,64,189,28,163,5,19,117,22,133,10,45,72,6
S01012613,322,21,68,207,26,168,3,12,128,25,154,18,56,79,1
S01012614,494,36,97,319,42,248,11,23,176,38,246,25,74,143,4
S01012615,333,21,76,171,65,178,6,22,94,56,155,15,54,77,9
S01012616,452,39,90,243,80,243,11,19,144,69,209,28,71,99,11
S01012617,227,18,33,142,34,116,6,8,74,28,111,12,25,68,6
S01012618,292,14,52,192,34,158,3,11,118,26,134,11,41,74,8
S01012619,225,16,41,146,22,110,6,8,79,17,115,10,33,67,5
S01012620,369,32,80,208,49,191,9,15,123,44,178,23,65,85,5
S01012621,257,16,52,163,26,126,5,16,89,16,131,11,36,74,10
S01012622,345,23,72,202,48,176,3,9,121,43,169,20,63,81,5
S01012623,301,15,78,187,21,155,6,18,111,20,146,9,60,76,1
S01012624,331,23,58,218,32,170,4,14,126,26,161,19,44,92,6
S01012625,259,13,62,158,26,116,1,13,81,21,143,12,49,77,5
S01012626,249,22,51,150,26,126,5,9,93,19,123,17,42,57,7
S01012627,238,13,60,137,28,120,3,20,75,22,118,10,40,62,6
S01012628,480,41,74,295,70,255,11,8,181,55,225,30,66,114,15
S01012629,250,12,52,140,46,124,4,11,72,37,126,8,41,68,9
S01012630,354,20,62,224,48,200,5,22,136,37,154,15,40,88,11
S01012631,426,35,91,246,54,207,9,26,126,46,219,26,65,120,8
S01012632,375,23,66,204,82,208,7,12,119,70,167,16,54,85,12
S01012633,336,28,65,171,72,177,11,11,100,55,159,17,54,71,17
S01012634,299,22,64,187,26,148,4,11,111,22,151,18,53,76,4
S01012635,537,24,104,314,95,282,6,26,175,75,255,18,78,139,20
S01012636,346,24,83,164,75,178,7,23,87,61,168,17,60,77,14
S01012637,339,18,86,178,57,176,4,14,105,53,163,14,72,73,4
S01012638,373,19,66,210,78,189,2,12,110,65,184,17,54,100,13
S01012639,385,21,84,240,40,205,6,15,145,39,180,15,69,95,1
S01012640,331,14,84,171,62,178,2,15,107,54,153,12,69,64,8
S01012641,398,13,96,234,55,204,5,17,133,49,194,8,79,101,6
S01012642,294,11,71,191,21,141,2,13,107,19,153,9,58,84,2
S01012643,203,9,47,129,18,103,0,10,75,18,100,9,37,54,0
S01012644,291,15,71,175,30,139,3,13,98,25,152,12,58,77,5
S01012645,380,18,78,223,61,205,2,19,131,53,175,16,59,92,8
S01012646,497,25,95,312,65,260,10,22,173,55,237,15,73,139,10
S01012647,422,13,64,290,55,226,5,18,158,45,196,8,46,132,10
S01012648,231,10,52,143,26,116,3,8,85,20,115,7,44,58,6
S01012649,306,26,70,175,35,156,5,11,111,29,150,21,59,64,6
S01012650,303,12,59,188,44,165,5,11,115,34,138,7,48,73,10
S01012651,262,15,75,155,17,112,3,11,84,14,150,12,64,71,3
S01012652,577,36,123,347,71,313,11,29,214,59,264,25,94,133,12
S01012653,407,21,83,255,48,209,6,15,147,41,198,15,68,108,7
S01012654,404,22,82,238,62,205,3,20,132,50,199,19,62,106,12
S01012655,493,28,94,316,55,257,8,20,184,45,236,20,74,132,10
S01012656,346,14,76,231,25,164,1,14,129,20,182,13,62,102,5
S01012657,235,18,51,147,19,119,10,5,87,17,116,8,46,60,2
S01012658,485,30,88,329,38,245,9,17,188,31,240,21,71,141,7
S01012659,590,36,126,349,79,290,7,19,200,64,300,29,107,149,15
S01012660,329,16,61,224,28,162,5,6,128,23,167,11,55,96,5
S01012661,407,22,74,246,65,208,8,12,136,52,199,14,62,110,13
S01012662,312,13,62,211,26,152,3,14,113,22,160,10,48,98,4
S01012663,335,20,61,217,37,163,5,11,115,32,172,15,50,102,5
S01012664,474,27,104,302,41,252,10,26,185,31,222,17,78,117,10
S01012665,262,9,73,161,19,133,0,16,102,15,129,9,57,59,4
S01012666,253,8,58,163,24,118,2,10,87,19,135,6,48,76,5
S01012667,222,4,57,143,18,107,1,9,81,16,115,3,48,62,2
S01012668,315,14,75,201,25,155,3,19,111,22,160,11,56,90,3
S01012669,364,23,61,244,36,181,7,9,136,29,183,16,52,108,7
S01012670,342,23,79,210,30,171,5,11,131,24,171,18,68,79,6
S01012671,438,26,98,273,41,224,7,10,168,39,214,19,88,105,2
S01012672,247,8,61,154,24,128,2,8,95,23,119,6,53,59,1
S01012673,248,10,72,153,13,115,1,20,83,11,133,9,52,70,2
S01012674,190,13,58,107,12,91,1,11,69,10,99,12,47,38,2
S01012675,330,16,72,216,26,172,5,14,131,22,158,11,58,85,4
S01012676,395,20,92,243,40,202,3,13,150,36,193,17,79,93,4
S01012677,243,8,63,149,23,120,0,5,95,20,123,8,58,54,3
S01012678,416,33,86,256,41,193,8,10,139,36,223,25,76,117,5
S01012679,370,14,86,219,51,196,4,19,132,41,174,10,67,87,10
S01012680,309,19,60,186,44,159,2,12,113,32,150,17,48,73,12
S01012681,329,18,65,187,59,160,5,14,97,44,169,13,51,90,15
S01012682,337,20,67,208,42,167,4,15,114,34,170,16,52,94,8
S01012683,356,24,94,204,34,182,13,15,124,30,174,11,79,80,4
S01012684,270,8,59,174,29,134,1,7,98,28,136,7,52,76,1
S01012685,371,21,81,234,35,187,5,21,135,26,184,16,60,99,9
S01012686,497,27,101,291,78,275,11,26,178,60,222,16,75,113,18
S01012687,211,26,49,98,38,104,9,17,55,23,107,17,32,43,15
S01012688,374,10,62,260,42,201,6,16,144,35,173,4,46,116,7
S01012689,233,17,59,111,46,119,2,12,68,37,114,15,47,43,9
S01012690,261,23,53,159,26,141,7,12,98,24,120,16,41,61,2
S01012691,360,27,74,204,55,184,8,9,120,47,176,19,65,84,8
S01012692,339,20,66,225,28,167,2,14,125,26,172,18,52,100,2
S01012693,473,44,92,258,79,246,8,13,161,64,227,36,79,97,15
S01012694,228,15,53,138,22,112,8,3,87,14,116,7,50,51,8
S01012695,412,21,89,194,108,228,5,18,116,89,184,16,71,78,19
S01012696,415,28,85,203,99,231,6,22,119,84,184,22,63,84,15
S01012697,265,15,51,133,66,141,5,7,77,52,124,10,44,56,14
S01012698,397,23,96,206,72,206,3,23,120,60,191,20,73,86,12
S01012699,548,40,102,294,112,274,5,17,163,89,274,35,85,131,23
S01012700,403,23,88,224,68,207,9,14,131,53,196,14,74,93,15
S01012701,264,23,56,154,31,139,6,12,94,27,125,17,44,60,4
S01012702,315,14,51,199,51,159,4,8,114,33,156,10,43,85,18
S01012703,361,27,75,229,30,178,6,10,135,27,183,21,65,94,3
S01012704,338,15,81,223,19,166,5,14,128,19,172,10,67,95,0
S01012705,458,31,93,288,46,224,3,17,164,40,234,28,76,124,6
S01012706,308,14,81,185,28,166,8,20,114,24,142,6,61,71,4
S01012707,514,36,122,314,42,259,12,27,184,36,255,24,95,130,6
S01012708,299,11,64,199,25,148,2,9,118,19,151,9,55,81,6
S01012709,217,13,53,137,14,98,1,11,74,12,119,12,42,63,2
S01012710,336,22,67,219,28,175,3,10,138,24,161,19,57,81,4
S01012711,332,18,86,210,18,158,7,24,115,12,174,11,62,95,6
S01012712,367,25,75,227,40,191,8,14,139,30,176,17,61,88,10
S01012713,327,26,55,216,30,167,7,13,126,21,160,19,42,90,9
S01012714,267,26,47,165,29,138,6,11,99,22,129,20,36,66,7
S01012715,333,15,62,231,25,171,3,23,126,19,162,12,39,105,6
S01012716,371,35,65,207,64,198,7,26,116,49,173,28,39,91,15
S01012717,433,28,62,301,42,221,7,17,163,34,212,21,45,138,8
S01012718,469,23,80,310,56,255,11,22,182,40,214,12,58,128,16
S01012719,407,25,56,273,53,224,10,11,157,46,183,15,45,116,7
S01012720,318,15,43,225,35,170,3,17,125,25,148,12,26,100,10
S01012721,306,19,59,208,20,160,6,15,121,18,146,13,44,87,2
S01012722,275,13,53,191,18,136,5,8,108,15,139,8,45,83,3
S01012723,290,20,70,181,19,138,6,14,103,15,152,14,56,78,4
S01012724,359,15,70,244,30,192,2,20,150,20,167,13,50,94,10
S01012725,473,22,85,314,52,256,6,28,183,39,217,16,57,131,13
S01012726,249,6,56,162,25,126,1,11,92,22,123,5,45,70,3
S01012727,272,15,68,173,16,135,7,16,99,13,137,8,52,74,3
S01012728,285,14,83,163,25,140,5,19,95,21,145,9,64,68,4
S01012729,433,24,82,290,37,208,7,15,158,28,225,17,67,132,9
S01012730,256,7,63,175,11,122,1,12,100,9,134,6,51,75,2
S01012731,348,21,78,232,17,181,7,16,143,15,167,14,62,89,2
S01012732,310,16,76,195,23,148,4,16,113,15,162,12,60,82,8
S01012733,631,24,106,409,92,322,4,16,228,74,309,20,90,181,18
S01012734,343,14,54,222,53,169,4,5,121,39,174,10,49,101,14
S01012735,208,12,34,149,13,112,4,3,93,12,96,8,31,56,1
S01012736,485,18,93,327,47,253,6,26,187,34,232,12,67,140,13
S01012737,449,18,68,309,54,233,5,13,172,43,216,13,55,137,11
S01012738,296,9,75,188,24,138,2,13,103,20,158,7,62,85,4
S01012739,501,22,93,312,74,266,7,19,181,59,235,15,74,131,15
S01012740,501,18,85,305,93,253,4,12,166,71,248,14,73,139,22
S01012741,370,13,58,261,38,188,4,11,139,34,182,9,47,122,4
S01012742,387,32,69,249,37,204,14,17,146,27,183,18,52,103,10
S01012743,321,22,73,193,33,160,6,15,113,26,161,16,58,80,7
S01012744,428,18,74,292,44,218,10,12,161,35,210,8,62,131,9
S01012745,356,26,53,235,42,175,7,11,125,32,181,19,42,110,10
S01012746,450,22,80,313,35,238,8,17,187,26,212,14,63,126,9
S01012747,379,24,74,259,22,188,3,15,155,15,191,21,59,104,7
S01012748,313,11,95,183,24,153,2,19,109,23,160,9,76,74,1
S01012749,345,20,78,224,23,175,7,17,134,17,170,13,61,90,6
S01012750,338,31,89,201,17,166,13,13,125,15,172,18,76,76,2
S01012751,332,13,77,228,14,171,1,15,143,12,161,12,62,85,2
S01012752,404,12,88,273,31,205,6,15,159,25,199,6,73,114,6
S01012753,196,9,58,115,14,86,4,12,59,11,110,5,46,56,3
S01012754,243,16,44,168,15,127,5,12,98,12,116,11,32,70,3
S01012755,172,11,46,111,4,68,3,9,52,4,104,8,37,59,0
S01012756,202,10,33,142,17,106,2,7,85,12,96,8,26,57,5
S01012757,210,11,48,140,11,104,3,8,83,10,106,8,40,57,1
S01012758,265,16,54,175,20,125,2,8,100,15,140,14,46,75,5
S01012759,302,19,75,182,26,139,6,16,98,19,163,13,59,84,7
S01012760,364,17,92,231,24,177,4,20,131,22,187,13,72,100,2
S01012761,375,20,75,256,24,189,5,11,151,22,186,15,64,105,2
S01012762,353,24,65,238,26,177,9,11,135,22,176,15,54,103,4
S01012763,194,5,47,133,9,93,1,8,77,7,101,4,39,56,2
S01012764,330,16,67,217,30,169,7,12,125,25,161,9,55,92,5
S01012765,345,21,74,223,27,167,3,12,129,23,178,18,62,94,4
S01012766,430,21,97,280,32,213,5,19,160,29,217,16,78,120,3
S01012767,309,8,69,208,24,163,3,18,123,19,146,5,51,85,5
S01012768,415,19,92,265,39,209,7,17,153,32,206,12,75,112,7
S01012769,245,11,44,156,34,131,5,10,87,29,114,6,34,69,5
S01012770,393,12,80,265,36,196,5,17,146,28,197,7,63,119,8
S01012771,335,18,71,217,29,163,6,18,114,25,172,12,53,103,4
S01012772,293,20,86,161,26,144,6,19,99,20,149,14,67,62,6
S01012773,394,9,72,271,42,219,3,19,160,37,175,6,53,111,5
S01012774,459,21,76,327,35,229,5,12,180,32,230,16,64,147,3
S01012775,201,6,36,137,22,110,3,8,82,17,91,3,28,55,5
S01012776,348,16,93,216,23,180,5,18,138,19,168,11,75,78,4
S01012777,536,23,92,379,42,255,6,8,207,34,281,17,84,172,8
S01012778,335,11,70,235,19,152,0,13,124,15,183,11,57,111,4
S01012779,209,9,58,121,21,101,3,18,61,19,108,6,40,60,2
S01012780,286,15,72,180,19,132,5,17,92,18,154,10,55,88,1
S01012781,337,14,66,227,30,177,6,19,130,22,160,8,47,97,8
S01012782,247,17,61,156,13,120,7,13,87,13,127,10,48,69,0
S01012783,290,12,89,172,17,133,1,25,94,13,157,11,64,78,4
S01012784,361,15,56,262,28,184,3,9,150,22,177,12,47,112,6
S01012785,280,19,54,194,13,136,8,12,105,11,144,11,42,89,2
S01012786,257,5,67,174,11,128,2,25,92,9,129,3,42,82,2
S01012787,317,21,49,220,27,151,3,8,121,19,166,18,41,99,8
S01012788,247,13,48,158,28,134,3,11,96,24,113,10,37,62,4
S01012789,354,25,83,219,27,183,5,23,131,24,171,20,60,88,3
S01012790,356,13,69,236,38,174,4,12,128,30,182,9,57,108,8
S01012791,317,14,65,203,35,163,5,13,115,30,154,9,52,88,5
S01012792,424,14,89,283,38,200,5,18,147,30,224,9,71,136,8
S01012793,287,18,52,191,26,154,5,16,109,24,133,13,36,82,2
S01012794,337,9,35,228,65,187,5,12,120,50,150,4,23,108,15
S01012795,418,26,99,266,27,207,3,21,166,17,211,23,78,100,10
S01012796,402,14,85,275,28,211,5,18,165,23,191,9,67,110,5
S01012797,334,14,68,229,23,155,0,12,126,17,179,14,56,103,6
S01012798,340,23,60,183,74,179,8,14,97,60,161,15,46,86,14
S01012799,373,25,66,222,60,206,5,19,134,48,167,20,47,88,12
S01012800,449,32,82,239,96,236,8,20,133,75,213,24,62,106,21
S01012801,185,10,27,114,34,93,2,8,58,25,92,8,19,56,9
S01012802,314,32,59,166,57,165,7,12,100,46,149,25,47,66,11
S01012803,366,31,66,224,45,187,13,16,122,36,179,18,50,102,9
S01012804,354,28,83,220,23,173,10,16,128,19,181,18,67,92,4
S01012805,426,22,95,278,31,203,4,16,157,26,223,18,79,121,5
S01012806,349,23,63,227,36,188,12,13,140,23,161,11,50,87,13
S01012807,319,31,69,159,60,167,9,13,94,51,152,22,56,65,9
S01012808,506,34,85,311,76,258,11,13,180,54,248,23,72,131,22
S01012809,322,17,52,210,43,171,4,11,123,33,151,13,41,87,10
S01012810,374,17,69,258,30,181,4,12,143,22,193,13,57,115,8
S01012811,354,22,62,235,35,190,8,13,144,25,164,14,49,91,10
S01012812,382,22,74,246,40,186,6,11,140,29,196,16,63,106,11
S01012813,437,34,76,258,69,228,9,12,151,56,209,25,64,107,13
S01012814,487,21,87,316,63,254,7,14,188,45,233,14,73,128,18
S01012815,515,27,88,336,64,258,4,15,190,49,257,23,73,146,15
S01012816,315,14,61,213,27,162,3,4,136,19,153,11,57,77,8
S01012817,324,11,75,200,38,166,1,13,120,32,158,10,62,80,6
S01012818,446,17,89,293,47,225,5,13,168,39,221,12,76,125,8
S01012819,274,6,50,201,17,135,1,6,116,12,139,5,44,85,5
S01012820,620,34,110,407,69,311,15,27,220,49,309,19,83,187,20
S01012821,423,15,79,293,36,225,5,19,171,30,198,10,60,122,6
S01012822,169,9,44,101,15,73,1,7,53,12,96,8,37,48,3
S01012823,493,23,106,316,48,255,11,21,185,38,238,12,85,131,10
S01012824,346,17,63,240,26,160,3,12,123,22,186,14,51,117,4
S01012825,212,7,36,148,21,116,1,8,91,16,96,6,28,57,5
S01012826,222,17,69,123,13,90,1,9,68,12,132,16,60,55,1
S01012827,384,14,71,252,47,205,2,13,153,37,179,12,58,99,10
S01012828,388,14,55,278,41,202,4,14,152,32,186,10,41,126,9
S01012829,336,17,89,213,17,161,2,22,123,14,175,15,67,90,3
S01012830,301,17,63,193,28,153,6,11,112,24,148,11,52,81,4
S01012831,234,7,54,155,18,128,2,16,97,13,106,5,38,58,5
S01012832,259,23,56,159,21,119,7,10,87,15,140,16,46,72,6
S01012833,260,9,74,163,14,109,2,8,89,10,151,7,66,74,4
S01012834,284,13,64,182,25,142,5,12,104,21,142,8,52,78,4
S01012835,394,12,63,287,32,195,4,17,149,25,199,8,46,138,7
S01012836,393,21,70,235,67,194,4,7,124,59,199,17,63,111,8
S01012837,256,18,68,153,17,131,7,14,95,15,125,11,54,58,2
S01012838,301,14,74,196,17,151,2,19,117,13,150,12,55,79,4
S01012839,408,28,81,264,35,200,9,21,140,30,208,19,60,124,5
S01012840,461,17,92,291,61,243,4,19,169,51,218,13,73,122,10
S01012841,338,13,66,221,38,179,4,16,131,28,159,9,50,90,10
S01012842,300,18,59,195,28,146,7,11,105,23,154,11,48,90,5
S01012843,491,40,89,305,57,252,12,20,178,42,239,28,69,127,15
S01012844,371,25,65,236,45,198,7,16,137,38,173,18,49,99,7
S01012845,331,31,64,195,41,162,13,7,110,32,169,18,57,85,9
S01012846,359,19,63,243,34,191,5,23,134,29,168,14,40,109,5
S01012847,265,18,55,174,18,126,3,8,104,11,139,15,47,70,7
S01012848,383,20,86,236,41,205,4,20,147,34,178,16,66,89,7
S01012849,351,16,71,234,30,168,4,12,126,26,183,12,59,108,4
S01012850,305,19,61,205,20,157,7,12,122,16,148,12,49,83,4
S01012851,366,25,85,217,39,174,7,18,118,31,192,18,67,99,8
S01012852,360,28,73,237,22,179,11,18,133,17,181,17,55,104,5
S01012853,382,25,96,221,40,194,7,25,130,32,188,18,71,91,8
S01012854,489,26,83,346,34,236,8,19,182,27,253,18,64,164,7
S01012855,396,17,66,273,40,194,2,13,152,27,202,15,53,121,13
S01012856,296,7,49,212,28,162,2,15,124,21,134,5,34,88,7
S01012857,306,11,51,219,25,147,2,9,117,19,159,9,42,102,6
S01012858,335,11,63,235,26,171,3,12,133,23,164,8,51,102,3
S01012859,501,14,84,358,45,246,7,13,191,35,255,7,71,167,10
S01012860,380,36,77,230,37,179,16,13,122,28,201,20,64,108,9
S01012861,375,22,66,248,39,177,12,17,119,29,198,10,49,129,10
S01012862,241,16,43,168,14,128,3,15,100,10,113,13,28,68,4
S01012863,290,15,49,201,25,161,4,15,120,22,129,11,34,81,3
S01012864,347,11,69,245,22,163,1,19,126,17,184,10,50,119,5
S01012865,325,25,66,209,25,162,8,15,120,19,163,17,51,89,6
S01012866,367,16,82,243,26,164,5,18,119,22,203,11,64,124,4
S01012867,260,10,55,185,10,125,1,16,98,10,135,9,39,87,0
S01012868,251,12,53,173,13,133,8,18,98,9,118,4,35,75,4
S01012869,195,9,58,118,10,85,2,11,63,9,110,7,47,55,1
S01012870,444,23,101,290,30,224,7,28,168,21,220,16,73,122,9
S01012871,394,18,89,247,40,201,10,22,135,34,193,8,67,112,6
S01012872,380,25,79,248,28,197,11,18,146,22,183,14,61,102,6
S01012873,434,18,98,284,34,204,6,20,150,28,230,12,78,134,6
S01012874,327,19,74,204,30,159,6,17,113,23,168,13,57,91,7
S01012875,270,9,48,195,18,142,1,14,112,15,128,8,34,83,3
S01012876,316,25,73,196,22,142,6,8,111,17,174,19,65,85,5
S01012877,318,17,83,198,20,153,5,20,113,15,165,12,63,85,5
S01012878,522,48,94,311,69,261,11,17,175,58,261,37,77,136,11
S01012879,354,24,66,232,32,168,6,14,123,25,186,18,52,109,7
S01012880,443,51,82,258,52,231,21,18,151,41,212,30,64,107,11
S01012881,380,39,65,233,43,191,19,16,128,28,189,20,49,105,15
S01012882,252,16,78,133,25,124,8,19,73,24,128,8,59,60,1
S01012883,185,13,47,113,12,92,7,13,60,12,93,6,34,53,0
S01012884,199,12,42,128,17,101,4,9,77,11,98,8,33,51,6
S01012885,195,4,47,133,11,102,2,15,76,9,93,2,32,57,2
S01012886,390,29,78,243,40,200,9,17,142,32,190,20,61,101,8
S01012887,358,23,66,236,33,177,9,15,132,21,181,14,51,104,12
S01012888,374,25,77,217,55,188,13,17,119,39,186,12,60,98,16
S01012889,487,28,82,312,65,238,6,12,165,55,249,22,70,147,10
S01012890,278,17,55,182,24,139,4,9,104,22,139,13,46,78,2
S01012891,243,9,60,158,16,115,3,9,89,14,128,6,51,69,2
S01012892,440,20,101,291,28,209,3,20,164,22,231,17,81,127,6
S01012893,287,15,80,171,21,127,3,8,98,18,160,12,72,73,3
S01012894,418,25,94,239,60,210,7,15,138,50,208,18,79,101,10
S01012895,305,19,57,178,51,163,8,9,106,40,142,11,48,72,11
S01012896,367,24,79,231,33,194,5,27,134,28,173,19,52,97,5
S01012897,337,15,66,213,43,165,0,12,118,35,172,15,54,95,8
S01012898,333,18,63,209,43,168,8,13,112,35,165,10,50,97,8
S01012899,242,10,61,152,19,127,4,15,93,15,115,6,46,59,4
S01012900,303,22,58,170,53,166,5,15,99,47,137,17,43,71,6
S01012901,341,25,60,231,25,168,8,12,129,19,173,17,48,102,6
S01012902,380,17,64,271,28,196,6,15,152,23,184,11,49,119,5
S01012903,399,21,84,261,33,188,4,17,142,25,211,17,67,119,8
S01012904,373,21,83,240,29,186,2,22,137,25,187,19,61,103,4
S01012905,291,16,70,189,16,135,6,24,94,11,156,10,46,95,5
S01012906,496,23,79,349,45,250,10,16,188,36,246,13,63,161,9
S01012907,392,18,76,267,31,198,6,19,150,23,194,12,57,117,8
S01012908,298,20,68,192,18,145,6,16,111,12,153,14,52,81,6
S01012909,262,10,44,182,26,140,5,12,99,24,122,5,32,83,2
S01012910,364,15,81,240,28,204,4,22,152,26,160,11,59,88,2
S01012911,342,22,78,211,31,178,9,25,121,23,164,13,53,90,8
S01012912,288,17,58,192,21,138,7,11,105,15,150,10,47,87,6
S01012913,405,24,90,261,30,205,11,18,152,24,200,13,72,109,6
S01012914,417,16,83,274,44,227,3,19,168,37,190,13,64,106,7
S01012915,556,22,126,346,62,284,4,26,201,53,272,18,100,145,9
S01012916,300,17,61,194,28,162,7,12,122,21,138,10,49,72,7
S01012917,374,37,92,205,40,186,14,15,123,34,188,23,77,82,6
S01012918,259,20,58,166,15,138,6,14,107,11,121,14,44,59,4
S01012919,202,12,43,129,18,106,4,8,79,15,96,8,35,50,3
S01012920,263,20,49,161,33,137,12,12,90,23,126,8,37,71,10
S01012921,336,22,83,210,21,157,8,18,114,17,179,14,65,96,4
S01012922,499,39,104,315,41,246,4,12,199,31,253,35,92,116,10
S01012923,368,22,93,234,19,177,9,19,133,16,191,13,74,101,3
S01012924,268,14,62,174,18,146,2,17,113,14,122,12,45,61,4
S01012925,258,21,53,158,26,144,7,17,97,23,114,14,36,61,3
S01012926,387,21,82,254,30,196,8,19,144,25,191,13,63,110,5
S01012927,376,27,78,239,32,188,7,16,141,24,188,20,62,98,8
S01012928,408,42,92,231,43,215,15,22,140,38,193,27,70,91,5
S01012929,347,30,90,203,24,176,9,27,122,18,171,21,63,81,6
S01012930,376,25,58,259,34,211,7,28,147,29,165,18,30,112,5
S01012931,416,17,101,256,42,210,6,28,140,36,206,11,73,116,6
S01012932,263,18,62,154,29,134,4,14,90,26,129,14,48,64,3
S01012933,397,20,79,253,45,206,8,14,145,39,191,12,65,108,6
S01012934,295,15,63,189,28,154,7,20,106,21,141,8,43,83,7
S01012935,425,35,110,244,36,212,9,22,152,29,213,26,88,92,7
S01012936,356,13,81,235,27,181,3,21,138,19,175,10,60,97,8
S01012937,346,21,73,222,30,180,7,17,132,24,166,14,56,90,6
S01012938,319,34,56,188,41,163,10,9,110,34,156,24,47,78,7
S01012939,341,46,66,200,29,178,13,17,130,18,163,33,49,70,11
S01012940,421,37,81,245,58,215,10,21,143,41,206,27,60,102,17
S01012941,440,38,81,261,60,237,13,18,153,53,203,25,63,108,7
S01012942,346,20,76,232,18,163,3,12,133,15,183,17,64,99,3
S01012943,391,19,97,242,33,200,4,18,150,28,191,15,79,92,5
S01012944,250,21,52,151,26,123,5,9,91,18,127,16,43,60,8
S01012945,402,27,82,231,62,211,8,16,137,50,191,19,66,94,12
S01012946,501,30,100,302,69,254,14,21,163,56,247,16,79,139,13
S01012947,261,23,59,136,43,137,8,18,77,34,124,15,41,59,9
S01012948,402,30,108,234,30,179,5,19,130,25,223,25,89,104,5
S01012949,408,23,90,243,52,211,11,25,133,42,197,12,65,110,10
S01012950,517,38,110,297,72,275,15,16,182,62,242,23,94,115,10
S01012951,543,23,103,312,105,289,11,18,172,88,254,12,85,140,17
S01012952,290,29,45,118,98,177,8,13,73,83,113,21,32,45,15
S01012953,401,30,83,252,36,217,11,18,155,33,184,19,65,97,3
S01012954,285,21,62,183,19,151,6,15,114,16,134,15,47,69,3
S01012955,502,25,87,307,83,273,9,14,178,72,229,16,73,129,11
S01012956,390,30,101,223,36,199,10,27,135,27,191,20,74,88,9
S01012957,306,17,62,208,19,152,6,17,112,17,154,11,45,96,2
S01012958,294,20,60,179,35,152,7,14,105,26,142,13,46,74,9
S01012959,353,24,73,233,23,178,8,10,143,17,175,16,63,90,6
S01012960,310,17,79,177,37,149,3,22,96,28,161,14,57,81,9
S01012961,300,17,69,186,28,148,6,12,106,24,152,11,57,80,4
S01012962,375,28,90,219,38,189,8,16,133,32,186,20,74,86,6
S01012963,464,31,100,276,57,237,6,18,163,50,227,25,82,113,7
S01012964,365,22,76,211,56,188,6,13,125,44,177,16,63,86,12
S01012965,324,27,60,207,30,176,7,20,123,26,148,20,40,84,4
S01012966,395,25,84,255,31,195,4,25,140,26,200,21,59,115,5
S01012967,263,17,57,159,30,132,4,10,95,23,131,13,47,64,7
S01012968,332,24,72,208,28,171,6,12,125,28,161,18,60,83,0
S01012969,322,22,72,207,21,160,3,14,125,18,162,19,58,82,3
S01012970,309,16,61,215,17,163,4,14,131,14,146,12,47,84,3
S01012971,376,31,82,231,32,189,5,17,140,27,187,26,65,91,5
S01012972,364,20,95,223,26,187,8,16,139,24,177,12,79,84,2
S01012973,389,18,95,250,26,201,4,17,159,21,188,14,78,91,5
S01012974,403,26,86,263,28,210,7,18,160,25,193,19,68,103,3
S01012975,268,14,56,175,23,133,1,6,103,23,135,13,50,72,0
S01012976,238,19,49,139,31,123,5,10,79,29,115,14,39,60,2
S01012977,349,15,94,219,21,179,7,23,130,19,170,8,71,89,2
S01012978,372,25,84,237,26,185,5,13,145,22,187,20,71,92,4
S01012979,332,18,79,202,33,175,5,19,125,26,157,13,60,77,7
S01012980,329,18,71,214,26,162,5,14,122,21,167,13,57,92,5
S01012981,406,31,83,267,25,213,14,21,157,21,193,17,62,110,4
S01012982,421,22,88,286,25,201,8,13,161,19,220,14,75,125,6
S01012983,367,29,77,223,38,185,4,14,134,33,182,25,63,89,5
S01012984,342,15,65,239,23,171,5,11,135,20,171,10,54,104,3
S01012985,394,23,85,245,41,211,8,20,148,35,183,15,65,97,6
S01012986,369,14,62,275,18,193,6,13,158,16,176,8,49,117,2
S01012987,352,23,76,219,34,169,9,19,111,30,183,14,57,108,4
S01012988,388,27,80,252,29,199,8,11,155,25,189,19,69,97,4
S01012989,445,29,85,305,26,222,7,25,168,22,223,22,60,137,4
S01012990,279,15,66,180,18,132,5,14,99,14,147,10,52,81,4
S01012991,365,24,101,208,32,177,3,22,126,26,188,21,79,82,6
S01012992,358,21,78,238,21,177,6,20,132,19,181,15,58,106,2
S01012993,302,15,64,194,29,141,4,14,103,20,161,11,50,91,9
S01012994,417,23,95,272,27,227,6,21,178,22,190,17,74,94,5
S01012995,471,21,88,323,39,239,4,15,194,26,232,17,73,129,13
S01012996,388,33,85,246,24,191,10,25,137,19,197,23,60,109,5
S01012997,207,10,45,139,13,107,3,12,83,9,100,7,33,56,4
S01012998,561,36,124,353,48,277,12,22,201,42,284,24,102,152,6
S01012999,237,12,55,144,26,122,2,12,86,22,115,10,43,58,4
S01013000,313,18,63,207,25,158,5,12,120,21,155,13,51,87,4
S01013001,196,22,35,97,42,104,7,13,53,31,92,15,22,44,11
S01013002,252,21,38,137,56,144,5,12,82,45,108,16,26,55,11
S01013003,287,32,64,137,54,150,9,10,88,43,137,23,54,49,11
S01013004,322,26,66,173,57,162,3,10,102,47,160,23,56,71,10
S01013005,336,32,67,181,56,169,4,14,106,45,167,28,53,75,11
S01013006,307,29,61,142,75,169,10,14,85,60,138,19,47,57,15
S01013007,399,33,92,214,60,199,10,14,123,52,200,23,78,91,8
S01013008,339,29,75,176,59,177,6,16,108,47,162,23,59,68,12
S01013009,272,14,65,153,40,128,3,13,80,32,144,11,52,73,8
S01013010,312,24,55,159,74,164,5,8,95,56,148,19,47,64,18
S01013011,344,21,72,189,62,168,1,13,109,45,176,20,59,80,17
S01013012,305,25,66,168,46,143,4,19,93,27,162,21,47,75,19
S01013013,360,35,83,180,62,186,14,16,108,48,174,21,67,72,14
S01013014,336,20,71,178,67,178,2,20,101,55,158,18,51,77,12
S01013015,392,33,77,207,75,203,5,17,122,59,189,28,60,85,16
S01013016,324,37,56,137,94,170,4,12,79,75,154,33,44,58,19
S01013017,377,29,94,187,67,190,8,12,114,56,187,21,82,73,11
S01013018,468,56,96,234,82,238,15,18,135,70,230,41,78,99,12
S01013019,460,24,79,271,86,234,6,16,147,65,226,18,63,124,21
S01013020,238,10,59,142,27,115,2,14,79,20,123,8,45,63,7
S01013021,243,18,53,151,21,125,3,12,89,21,118,15,41,62,0
S01013022,210,13,55,117,25,102,3,8,70,21,108,10,47,47,4
S01013023,401,27,90,225,59,197,5,18,129,45,204,22,72,96,14
S01013024,241,17,44,147,33,124,9,10,82,23,117,8,34,65,10
S01013025,282,26,46,138,72,144,7,8,74,55,138,19,38,64,17
S01013026,506,16,103,330,57,254,3,14,192,45,252,13,89,138,12
S01013027,390,20,115,232,23,182,4,22,138,18,208,16,93,94,5
S01013028,266,15,50,164,37,154,6,10,104,34,112,9,40,60,3
S01013029,251,16,61,156,18,126,7,8,96,15,125,9,53,60,3
S01013030,273,13,74,163,23,140,2,9,107,22,133,11,65,56,1
S01013031,300,20,74,186,20,144,5,10,111,18,156,15,64,75,2
S01013032,461,28,80,294,59,241,5,10,176,50,220,23,70,118,9
S01013033,373,18,79,236,40,187,4,17,133,33,186,14,62,103,7
S01013034,335,27,83,202,23,159,6,11,125,17,176,21,72,77,6
S01013035,293,22,90,163,18,141,5,15,104,17,152,17,75,59,1
S01013036,344,22,96,211,15,166,10,11,133,12,178,12,85,78,3
S01013037,397,21,71,263,42,200,6,11,145,38,197,15,60,118,4
S01013038,460,20,96,314,30,232,11,11,186,24,228,9,85,128,6
S01013039,324,23,72,192,37,158,3,9,112,34,166,20,63,80,3
S01013040,287,14,63,178,32,150,4,14,103,29,137,10,49,75,3
S01013041,326,21,61,216,28,177,8,11,133,25,149,13,50,83,3
S01013042,448,29,96,274,49,218,8,16,156,38,230,21,80,118,11
S01013043,295,15,74,179,27,149,6,15,104,24,146,9,59,75,3
S01013044,362,22,86,224,30,186,9,15,136,26,176,13,71,88,4
S01013045,346,19,64,227,36,177,4,11,135,27,169,15,53,92,9
S01013046,234,12,68,140,14,111,4,9,85,13,123,8,59,55,1
S01013047,538,37,109,325,67,271,10,23,188,50,267,27,86,137,17
S01013048,510,24,78,355,53,266,6,23,194,43,244,18,55,161,10
S01013049,440,17,82,289,52,225,5,15,163,42,215,12,67,126,10
S01013050,328,22,58,226,22,161,7,12,123,19,167,15,46,103,3
S01013051,416,17,98,275,26,209,7,16,164,22,207,10,82,111,4
S01013052,320,17,75,207,21,150,3,12,116,19,170,14,63,91,2
S01013053,261,18,52,163,28,123,2,8,90,23,138,16,44,73,5
S01013054,332,21,66,215,30,167,4,13,124,26,165,17,53,91,4
S01013055,306,13,72,198,23,156,2,18,115,21,150,11,54,83,2
S01013056,421,20,106,257,38,202,8,19,144,31,219,12,87,113,7
S01013057,313,16,90,182,25,139,4,24,91,20,174,12,66,91,5
S01013058,338,14,72,217,35,168,3,12,125,28,170,11,60,92,7
S01013059,307,18,51,185,53,171,4,7,118,42,136,14,44,67,11
S01013060,236,18,55,112,51,130,5,17,65,43,106,13,38,47,8
S01013061,339,36,60,201,42,169,12,13,111,33,170,24,47,90,9
S01013062,374,25,79,201,69,201,7,19,120,55,173,18,60,81,14
S01013063,367,33,70,193,71,193,10,14,117,52,174,23,56,76,19
S01013064,379,19,82,248,30,194,5,16,152,21,185,14,66,96,9
S01013065,391,33,94,232,32,204,15,25,139,25,187,18,69,93,7
S01013066,365,22,75,229,39,185,7,18,133,27,180,15,57,96,12
S01013067,424,76,111,186,51,206,20,32,113,41,218,56,79,73,10
S01013068,338,40,91,181,26,161,16,31,99,15,177,24,60,82,11
S01013069,356,80,84,169,23,156,22,30,87,17,200,58,54,82,6
S01013070,264,54,78,111,21,130,18,28,71,13,134,36,50,40,8
S01013071,468,132,130,181,25,197,41,33,105,18,271,91,97,76,7
S01013072,204,15,54,116,19,99,2,11,68,18,105,13,43,48,1
S01013073,344,22,77,208,37,153,3,15,108,27,191,19,62,100,10
S01013074,248,24,80,121,23,120,7,15,81,17,128,17,65,40,6
S01013075,294,29,64,172,29,157,10,14,114,19,137,19,50,58,10
S01013076,321,71,78,134,38,168,33,31,73,31,153,38,47,61,7
S01013077,260,22,64,155,19,121,6,11,88,16,139,16,53,67,3
S01013078,221,15,65,121,20,110,7,11,74,18,111,8,54,47,2
S01013079,599,45,129,344,81,295,12,33,192,58,304,33,96,152,23
S01013080,407,46,80,234,47,215,21,27,132,35,192,25,53,102,12
S01013081,326,26,49,198,53,172,9,15,110,38,154,17,34,88,15
S01013082,434,23,88,272,51,220,5,23,153,39,214,18,65,119,12
S01013083,725,354,187,143,41,320,135,71,81,33,405,219,116,62,8
S01013084,352,42,71,187,52,191,17,15,116,43,161,25,56,71,9
S01013085,204,19,37,129,19,105,8,7,73,17,99,11,30,56,2
S01013086,444,49,72,250,73,227,24,17,134,52,217,25,55,116,21
S01013087,349,45,61,177,66,183,18,16,94,55,166,27,45,83,11
S01013088,425,39,79,210,97,238,14,16,130,78,187,25,63,80,19
S01013089,338,23,62,219,34,180,8,16,132,24,158,15,46,87,10
S01013090,426,65,91,230,40,222,30,36,130,26,204,35,55,100,14
S01013091,285,34,53,170,28,149,11,20,98,20,136,23,33,72,8
S01013092,441,27,91,269,54,220,7,27,147,39,221,20,64,122,15
S01013093,229,22,42,115,50,130,6,15,71,38,99,16,27,44,12
S01013094,274,25,59,149,41,142,5,14,89,34,132,20,45,60,7
S01013095,415,36,79,225,75,232,11,14,146,61,183,25,65,79,14
S01013096,240,13,61,137,29,115,3,16,75,21,125,10,45,62,8
S01013097,342,26,59,180,77,175,5,13,104,53,167,21,46,76,24
S01013098,323,34,67,157,65,178,9,3,107,59,145,25,64,50,6
S01013099,419,31,73,251,64,212,14,21,133,44,207,17,52,118,20
S01013100,235,25,44,108,58,133,8,7,70,48,102,17,37,38,10
S01013101,427,20,86,261,60,206,4,18,137,47,221,16,68,124,13
S01013102,255,30,45,153,27,128,10,10,88,20,127,20,35,65,7
S01013103,432,35,88,250,59,212,6,9,154,43,220,29,79,96,16
S01013104,474,38,95,268,73,244,10,20,160,54,230,28,75,108,19
S01013105,418,27,92,225,74,220,10,18,131,61,198,17,74,94,13
S01013106,406,27,85,241,53,217,6,17,149,45,189,21,68,92,8
S01013107,337,28,65,181,63,177,11,14,108,44,160,17,51,73,19
S01013108,256,14,53,143,46,131,5,13,82,31,125,9,40,61,15
S01013109,572,42,106,316,108,308,7,23,191,87,264,35,83,125,21
S01013110,299,22,61,138,78,176,8,14,88,66,123,14,47,50,12
S01013111,225,13,58,107,47,113,1,17,58,37,112,12,41,49,10
S01013112,310,28,68,162,52,162,3,13,104,42,148,25,55,58,10
S01013113,348,28,87,191,42,168,3,13,119,33,180,25,74,72,9
S01013114,417,35,74,229,79,225,7,15,138,65,192,28,59,91,14
S01013115,306,26,62,162,56,159,7,18,95,39,147,19,44,67,17
S01013116,339,20,77,176,66,175,6,19,107,43,164,14,58,69,23
S01013117,358,27,81,204,46,191,12,18,130,31,167,15,63,74,15
S01013118,313,24,48,191,50,169,8,23,106,32,144,16,25,85,18
S01013119,393,32,69,193,99,201,9,16,105,71,192,23,53,88,28
S01013120,531,36,113,252,130,280,9,21,157,93,251,27,92,95,37
S01013121,226,16,28,128,54,115,7,9,64,35,111,9,19,64,19
S01013122,218,15,61,134,8,107,5,13,81,8,111,10,48,53,0
S01013123,331,12,82,216,21,149,3,14,114,18,182,9,68,102,3
S01013124,332,13,70,228,21,155,2,13,127,13,177,11,57,101,8
S01013125,321,13,73,206,29,166,4,21,118,23,155,9,52,88,6
S01013126,264,17,68,157,22,121,4,13,83,21,143,13,55,74,1
S01013127,270,13,83,165,9,122,5,16,93,8,148,8,67,72,1
S01013128,321,11,57,233,20,144,6,17,108,13,177,5,40,125,7
S01013129,514,38,91,344,41,259,13,22,193,31,255,25,69,151,10
S01013130,269,15,64,171,19,117,4,14,86,13,152,11,50,85,6
S01013131,304,17,81,184,22,135,2,13,104,16,169,15,68,80,6
S01013132,239,13,65,153,8,107,2,15,87,3,132,11,50,66,5
S01013133,329,14,68,227,20,160,3,10,128,19,169,11,58,99,1
S01013134,382,33,81,237,31,195,9,21,139,26,187,24,60,98,5
S01013135,289,23,94,152,20,122,9,18,81,14,167,14,76,71,6
S01013136,389,15,104,257,13,215,5,24,173,13,174,10,80,84,0
S01013137,303,15,78,193,17,152,3,14,119,16,151,12,64,74,1
S01013138,250,13,76,149,12,114,1,18,83,12,136,12,58,66,0
S01013139,300,19,80,183,18,137,2,21,99,15,163,17,59,84,3
S01013140,300,20,74,193,13,137,5,17,105,10,163,15,57,88,3
S01013141,249,13,58,164,14,119,5,10,90,14,130,8,48,74,0
S01013142,256,11,61,166,18,110,2,10,84,14,146,9,51,82,4
S01013143,384,23,87,247,27,181,8,13,139,21,203,15,74,108,6
S01013144,377,32,85,242,18,188,8,16,151,13,189,24,69,91,5
S01013145,297,24,74,179,20,152,11,17,110,14,145,13,57,69,6
S01013146,190,6,45,123,16,93,1,13,65,14,97,5,32,58,2
S01013147,337,35,84,187,31,176,11,15,122,28,161,24,69,65,3
S01013148,384,14,66,272,32,179,4,12,142,21,205,10,54,130,11
S01013149,414,11,84,290,29,201,7,7,164,23,213,4,77,126,6
S01013150,377,31,90,235,21,177,8,16,132,21,200,23,74,103,0
S01013151,299,20,51,190,38,152,8,10,103,31,147,12,41,87,7
S01013152,424,34,91,263,36,214,10,20,152,32,210,24,71,111,4
S01013153,311,18,78,194,21,156,7,16,116,17,155,11,62,78,4
S01013154,428,25,133,249,21,193,9,29,139,16,235,16,104,110,5
S01013155,362,29,98,215,20,166,7,26,117,16,196,22,72,98,4
S01013156,336,19,105,197,15,159,11,30,109,9,177,8,75,88,6
S01013157,372,21,96,238,17,173,4,28,127,14,199,17,68,111,3
S01013158,293,14,68,180,31,152,5,13,112,22,141,9,55,68,9
S01013159,367,32,83,224,28,192,14,18,138,22,175,18,65,86,6
S01013160,396,36,95,237,28,191,11,14,144,22,205,25,81,93,6
S01013161,506,23,116,331,36,260,4,30,200,26,246,19,86,131,10
S01013162,339,17,74,231,17,170,6,19,133,12,169,11,55,98,5
S01013163,401,25,78,272,26,208,8,14,163,23,193,17,64,109,3
S01013164,448,33,98,271,46,243,12,27,170,34,205,21,71,101,12
S01013165,405,28,94,256,27,201,6,20,155,20,204,22,74,101,7
S01013166,246,16,60,157,13,134,10,16,97,11,112,6,44,60,2
S01013167,253,12,61,165,15,134,2,18,102,12,119,10,43,63,3
S01013168,344,27,86,213,18,172,6,18,130,18,172,21,68,83,0
S01013169,321,14,85,200,22,166,9,18,124,15,155,5,67,76,7
S01013170,199,13,43,128,15,109,4,11,80,14,90,9,32,48,1
S01013171,334,20,74,213,27,160,3,14,119,24,174,17,60,94,3
S01013172,348,17,83,231,17,157,2,12,130,13,191,15,71,101,4
S01013173,436,26,87,294,29,214,5,15,169,25,222,21,72,125,4
S01013174,458,27,95,284,52,233,6,20,166,41,225,21,75,118,11
S01013175,452,23,76,306,47,221,6,10,173,32,231,17,66,133,15
S01013176,371,25,60,251,35,183,5,13,133,32,188,20,47,118,3
S01013177,336,10,57,236,33,176,3,8,141,24,160,7,49,95,9
S01013178,380,21,76,252,31,184,8,15,138,23,196,13,61,114,8
S01013179,409,25,84,262,38,204,4,22,146,32,205,21,62,116,6
S01013180,253,13,61,159,20,125,6,16,86,17,128,7,45,73,3
S01013181,363,20,71,251,21,180,5,12,147,16,183,15,59,104,5
S01013182,310,26,59,203,22,163,12,9,127,15,147,14,50,76,7
S01013183,458,28,91,298,41,249,9,22,184,34,209,19,69,114,7
S01013184,213,9,62,132,10,101,3,14,75,9,112,6,48,57,1
S01013185,323,22,83,210,8,151,5,12,128,6,172,17,71,82,2
S01013186,293,23,68,184,18,139,4,9,110,16,154,19,59,74,2
S01013187,352,20,80,227,25,168,7,18,123,20,184,13,62,104,5
S01013188,469,30,96,316,27,235,9,14,188,24,234,21,82,128,3
S01013189,318,32,61,200,25,160,8,14,115,23,158,24,47,85,2
S01013190,378,29,87,235,27,189,10,22,138,19,189,19,65,97,8
S01013191,587,30,120,389,48,298,8,17,232,41,289,22,103,157,7
S01013192,447,29,89,292,37,219,12,20,161,26,228,17,69,131,11
S01013193,362,13,66,263,20,184,3,8,157,16,178,10,58,106,4
S01013194,328,26,60,211,31,177,10,16,126,25,151,16,44,85,6
S01013195,525,22,78,380,45,280,6,20,219,35,245,16,58,161,10
S01013196,389,17,66,263,43,210,2,18,151,39,179,15,48,112,4
S01013197,255,14,59,152,30,134,2,13,93,26,121,12,46,59,4
S01013198,340,22,60,230,28,170,10,12,124,24,170,12,48,106,4
S01013199,403,25,60,273,45,204,9,20,143,32,199,16,40,130,13
S01013200,306,20,69,190,27,151,8,16,109,18,155,12,53,81,9
S01013201,262,14,61,175,12,134,4,9,112,9,128,10,52,63,3
S01013202,205,19,45,130,11,103,5,12,77,9,102,14,33,53,2
S01013203,299,16,60,205,18,155,8,17,114,16,144,8,43,91,2
S01013204,422,37,62,288,35,209,9,10,158,32,213,28,52,130,3
S01013205,216,7,59,141,9,109,1,15,85,8,107,6,44,56,1
S01013206,255,16,63,157,19,133,5,18,96,14,122,11,45,61,5
S01013207,350,24,82,208,36,160,9,23,101,27,190,15,59,107,9
S01013208,389,19,94,245,31,193,8,18,142,25,196,11,76,103,6
S01013209,384,20,79,252,33,188,4,16,144,24,196,16,63,108,9
S01013210,317,24,65,193,35,165,5,16,117,27,152,19,49,76,8
S01013211,461,29,79,320,33,224,6,20,172,26,237,23,59,148,7
S01013212,380,26,68,256,30,201,14,12,149,26,179,12,56,107,4
S01013213,338,20,73,213,32,169,9,9,124,27,169,11,64,89,5
S01013214,273,15,43,187,28,143,6,9,106,22,130,9,34,81,6
S01013215,439,18,79,305,37,222,5,23,161,33,217,13,56,144,4
S01013216,265,12,70,167,16,132,4,16,98,14,133,8,54,69,2
S01013217,333,23,71,219,20,164,5,10,129,20,169,18,61,90,0
S01013218,239,10,67,151,11,113,3,17,84,9,126,7,50,67,2
S01013219,230,16,67,132,15,111,4,14,80,13,119,12,53,52,2
S01013220,248,16,66,144,22,129,5,10,95,19,119,11,56,49,3
S01013221,395,24,99,241,31,193,8,22,137,26,202,16,77,104,5
S01013222,216,9,61,135,11,99,1,11,81,6,117,8,50,54,5
S01013223,443,22,85,296,40,226,8,21,162,35,217,14,64,134,5
S01013224,415,27,80,276,32,204,6,15,160,23,211,21,65,116,9
S01013225,328,26,73,200,29,159,3,14,120,22,169,23,59,80,7
S01013226,287,12,59,188,28,138,5,9,100,24,149,7,50,88,4
S01013227,258,12,59,166,21,131,0,7,105,19,127,12,52,61,2
S01013228,357,23,69,246,19,186,9,19,143,15,171,14,50,103,4
S01013229,337,19,92,204,22,159,7,18,116,18,178,12,74,88,4
S01013230,282,20,54,184,24,143,6,7,113,17,139,14,47,71,7
S01013231,350,22,76,236,16,163,5,18,128,12,187,17,58,108,4
S01013232,295,16,59,203,17,151,4,21,115,11,144,12,38,88,6
S01013233,292,19,64,184,25,162,5,18,118,21,130,14,46,66,4
S01013234,235,18,51,136,30,123,6,11,82,24,112,12,40,54,6
S01013235,396,14,71,278,33,219,7,17,166,29,177,7,54,112,4
S01013236,396,20,101,228,47,202,5,20,137,40,194,15,81,91,7
S01013237,429,28,79,272,50,235,13,26,153,43,194,15,53,119,7
S01013238,258,18,66,155,19,126,4,10,97,15,132,14,56,58,4
S01013239,336,18,97,200,21,170,2,21,134,13,166,16,76,66,8
S01013240,204,15,60,116,13,101,7,14,67,13,103,8,46,49,0
S01013241,455,28,88,294,45,243,12,26,169,36,212,16,62,125,9
S01013242,299,23,67,150,59,158,6,14,91,47,141,17,53,59,12
S01013243,329,13,67,218,31,165,2,13,127,23,164,11,54,91,8
S01013244,284,10,60,193,21,147,2,11,116,18,137,8,49,77,3
S01013245,505,19,116,317,53,261,4,21,193,43,244,15,95,124,10
S01013246,240,12,40,163,25,127,3,7,97,20,113,9,33,66,5
S01013247,318,11,73,211,23,154,3,12,121,18,164,8,61,90,5
S01013248,265,15,64,171,15,129,5,14,99,11,136,10,50,72,4
S01013249,225,8,44,150,23,113,1,9,83,20,112,7,35,67,3
S01013250,471,28,95,262,86,252,10,22,155,65,219,18,73,107,21
S01013251,291,19,67,181,24,162,8,6,126,22,129,11,61,55,2
S01013252,314,17,67,196,34,170,8,14,121,27,144,9,53,75,7
S01013253,342,13,64,240,25,187,3,8,152,24,155,10,56,88,1
S01013254,263,10,64,169,20,139,1,11,112,15,124,9,53,57,5
S01013255,453,27,96,283,47,253,13,21,179,40,200,14,75,104,7
S01013256,349,21,64,207,57,177,5,11,120,41,172,16,53,87,16
S01013257,362,19,68,237,38,189,5,18,133,33,173,14,50,104,5
S01013258,391,31,75,240,45,208,7,19,150,32,183,24,56,90,13
S01013259,398,22,95,258,23,204,6,17,161,20,194,16,78,97,3
S01013260,385,22,70,264,29,187,5,15,152,15,198,17,55,112,14
S01013261,355,14,80,232,29,186,4,15,146,21,169,10,65,86,8
S01013262,289,9,68,186,26,145,4,18,102,21,144,5,50,84,5
S01013263,283,26,52,149,56,159,7,8,96,48,124,19,44,53,8
S01013264,292,28,72,163,29,152,8,15,106,23,140,20,57,57,6
S01013265,381,20,72,223,66,200,6,9,135,50,181,14,63,88,16
S01013266,333,13,67,206,47,168,5,17,107,39,165,8,50,99,8
S01013267,245,18,59,150,18,115,2,13,86,14,130,16,46,64,4
S01013268,423,22,101,265,35,214,6,19,162,27,209,16,82,103,8
S01013269,570,24,118,357,71,297,4,26,211,56,273,20,92,146,15
S01013270,468,26,83,301,58,234,4,9,173,48,234,22,74,128,10
S01013271,293,16,52,169,56,163,4,12,104,43,130,12,40,65,13
S01013272,421,34,68,260,59,224,8,12,156,48,197,26,56,104,11
S01013273,536,43,96,323,74,288,13,16,195,64,248,30,80,128,10
S01013274,449,17,61,322,49,249,9,14,191,35,200,8,47,131,14
S01013275,369,22,80,227,40,195,8,21,134,32,174,14,59,93,8
S01013276,378,26,61,263,28,203,11,13,153,26,175,15,48,110,2
S01013277,451,14,110,285,42,228,3,21,171,33,223,11,89,114,9
S01013278,352,21,89,222,20,169,3,18,131,17,183,18,71,91,3
S01013279,311,19,80,194,18,148,5,18,110,15,163,14,62,84,3
S01013280,272,14,62,167,29,144,2,11,109,22,128,12,51,58,7
S01013281,417,18,115,254,30,205,6,23,154,22,212,12,92,100,8
S01013282,384,26,84,254,20,181,5,14,148,14,203,21,70,106,6
S01013283,386,12,62,280,32,220,3,22,178,17,166,9,40,102,15
S01013284,419,14,76,287,42,208,0,17,160,31,211,14,59,127,11
S01013285,395,17,90,253,35,190,6,17,141,26,205,11,73,112,9
S01013286,408,26,74,280,28,204,8,22,157,17,204,18,52,123,11
S01013287,492,35,97,319,41,261,16,25,186,34,231,19,72,133,7
S01013288,309,13,59,197,40,157,3,12,114,28,152,10,47,83,12
S01013289,395,24,83,212,76,202,4,19,122,57,193,20,64,90,19
S01013290,491,25,112,320,34,244,3,28,184,29,247,22,84,136,5
S01013291,419,25,82,280,32,218,8,14,169,27,201,17,68,111,5
S01013292,438,37,84,268,49,229,11,23,160,35,209,26,61,108,14
S01013293,411,21,74,268,48,208,7,11,151,39,203,14,63,117,9
S01013294,418,31,87,272,28,210,12,15,160,23,208,19,72,112,5
S01013295,460,21,99,302,38,223,4,19,168,32,237,17,80,134,6
S01013296,318,16,75,204,23,158,4,9,123,22,160,12,66,81,1
S01013297,348,24,78,219,27,177,9,17,125,26,171,15,61,94,1
S01013298,323,26,70,187,40,171,6,16,114,35,152,20,54,73,5
S01013299,520,25,116,341,38,243,7,19,187,30,277,18,97,154,8
S01013300,269,10,48,169,42,149,4,8,105,32,120,6,40,64,10
S01013301,235,17,38,157,23,121,7,6,90,18,114,10,32,67,5
S01013302,333,18,55,209,51,181,7,13,121,40,152,11,42,88,11
S01013303,428,24,86,278,40,225,8,20,168,29,203,16,66,110,11
S01013304,434,18,102,284,30,233,6,25,179,23,201,12,77,105,7
S01013305,474,22,110,307,35,247,8,24,190,25,227,14,86,117,10
S01013306,377,18,91,235,33,207,4,20,152,31,170,14,71,83,2
S01013307,460,15,109,312,24,245,6,24,199,16,215,9,85,113,8
S01013308,367,18,112,216,21,169,3,25,122,19,198,15,87,94,2
S01013309,349,13,75,236,25,191,2,22,148,19,158,11,53,88,6
S01013310,317,7,67,218,25,164,1,10,130,23,153,6,57,88,2
S01013311,372,21,82,244,25,187,4,18,144,21,185,17,64,100,4
S01013312,471,26,82,330,33,259,5,22,202,30,212,21,60,128,3
S01013313,307,18,71,199,19,152,2,11,123,16,155,16,60,76,3
S01013314,307,16,77,196,18,148,3,14,116,15,159,13,63,80,3
S01013315,309,20,49,200,40,163,4,10,115,34,146,16,39,85,6
S01013316,319,23,57,201,38,161,3,15,112,31,158,20,42,89,7
S01013317,298,22,50,188,38,162,4,10,112,36,136,18,40,76,2
S01013318,356,23,56,252,25,184,6,8,148,22,172,17,48,104,3
S01013319,310,10,60,207,33,164,4,14,117,29,146,6,46,90,4
S01013320,604,24,108,417,55,309,7,16,241,45,295,17,92,176,10
S01013321,203,9,35,148,11,104,4,7,85,8,99,5,28,63,3
S01013322,388,34,90,238,26,194,8,26,140,20,194,26,64,98,6
S01013323,457,35,101,288,33,229,7,27,168,27,228,28,74,120,6
S01013324,280,16,68,178,18,150,5,14,114,17,130,11,54,64,1
S01013325,344,19,98,209,18,150,4,18,115,13,194,15,80,94,5
S01013326,240,14,51,160,15,120,1,17,90,12,120,13,34,70,3
S01013327,329,21,91,189,28,160,5,19,115,21,169,16,72,74,7
S01013328,287,16,77,174,20,149,5,17,111,16,138,11,60,63,4
S01013329,243,17,56,154,16,120,5,9,96,10,123,12,47,58,6
S01013330,664,32,107,463,62,359,7,25,273,54,305,25,82,190,8
S01013331,374,16,63,269,26,202,5,13,162,22,172,11,50,107,4
S01013332,328,17,90,204,17,163,3,19,129,12,165,14,71,75,5
S01013333,445,19,90,286,50,245,8,21,177,39,200,11,69,109,11
S01013334,350,25,79,225,21,176,8,12,141,15,174,17,67,84,6
S01013335,318,13,86,200,19,167,2,19,129,17,151,11,67,71,2
S01013336,372,19,77,246,30,183,6,11,142,24,189,13,66,104,6
S01013337,495,23,101,318,53,265,7,22,193,43,230,16,79,125,10
S01013338,298,24,52,187,35,164,8,7,122,27,134,16,45,65,8
S01013339,330,19,60,221,30,163,5,12,121,25,167,14,48,100,5
S01013340,450,30,76,297,47,227,8,14,167,38,223,22,62,130,9
S01013341,516,24,75,331,86,285,5,10,198,72,231,19,65,133,14
S01013342,294,12,76,182,24,163,4,16,121,22,131,8,60,61,2
S01013343,348,15,68,237,28,181,4,13,145,19,167,11,55,92,9
S01013344,311,9,71,213,18,164,1,13,135,15,147,8,58,78,3
S01013345,365,16,83,241,25,205,4,23,156,22,160,12,60,85,3
S01013346,471,29,103,288,51,242,12,23,164,43,229,17,80,124,8
S01013347,421,16,76,288,41,216,2,18,159,37,205,14,58,129,4
S01013348,274,10,53,176,35,140,2,12,99,27,134,8,41,77,8
S01013349,475,21,58,354,42,267,7,12,217,31,208,14,46,137,11
S01013350,355,17,74,243,21,185,2,18,148,17,170,15,56,95,4
S01013351,415,19,82,287,27,207,7,19,159,22,208,12,63,128,5
S01013352,466,36,91,303,36,236,10,23,171,32,230,26,68,132,4
S01013353,311,11,63,214,23,156,6,11,122,17,155,5,52,92,6
S01013354,400,17,71,275,37,201,4,12,155,30,199,13,59,120,7
S01013355,319,22,55,205,37,162,3,13,118,28,157,19,42,87,9
S01013356,326,23,75,193,35,161,5,14,111,31,165,18,61,82,4
S01013357,426,18,86,278,44,218,8,20,156,34,208,10,66,122,10
S01013358,397,16,76,275,30,205,6,15,158,26,192,10,61,117,4
S01013359,267,10,68,156,33,130,2,12,90,26,137,8,56,66,7
S01013360,294,15,65,191,23,147,7,12,114,14,147,8,53,77,9
S01013361,255,11,51,183,10,117,1,8,99,9,138,10,43,84,1
S01013362,199,9,37,144,9,98,1,4,86,7,101,8,33,58,2
S01013363,297,14,70,194,19,162,4,18,123,17,135,10,52,71,2
S01013364,460,19,79,310,52,251,3,16,194,38,209,16,63,116,14
S01013365,449,22,84,284,59,223,5,15,157,46,226,17,69,127,13
S01013366,507,33,113,313,48,258,12,22,184,40,249,21,91,129,8
S01013367,348,25,58,223,42,184,6,14,129,35,164,19,44,94,7
S01013368,368,24,73,234,37,192,7,18,136,31,176,17,55,98,6
S01013369,346,13,84,216,33,178,2,17,131,28,168,11,67,85,5
S01013370,231,13,54,152,12,123,4,6,103,10,108,9,48,49,2
S01013371,246,13,59,153,21,131,7,14,94,16,115,6,45,59,5
S01013372,416,32,112,243,29,206,8,23,148,27,210,24,89,95,2
S01013373,379,24,73,251,31,199,5,12,156,26,180,19,61,95,5
S01013374,332,16,92,200,24,156,6,6,125,19,176,10,86,75,5
S01013375,263,16,61,157,29,130,5,11,88,26,133,11,50,69,3
S01013376,248,9,65,162,12,132,1,17,107,7,116,8,48,55,5
S01013377,308,9,64,203,32,169,2,11,128,28,139,7,53,75,4
S01013378,461,32,87,300,42,233,8,18,175,32,228,24,69,125,10
S01013379,433,27,79,292,35,217,8,9,173,27,216,19,70,119,8
S01013380,53,3,7,28,15,32,0,4,15,13,21,3,3,13,2
S01013381,226,6,47,150,23,127,0,13,94,20,99,6,34,56,3
S01013382,304,21,48,198,37,170,6,12,122,30,134,15,36,76,7
S01013383,282,13,59,180,30,151,2,8,117,24,131,11,51,63,6
S01013384,330,15,63,228,24,166,1,14,132,19,164,14,49,96,5
S01013385,260,13,41,185,21,137,6,6,106,19,123,7,35,79,2
S01013386,464,27,77,316,44,234,7,12,185,30,230,20,65,131,14
S01013387,234,13,43,158,20,125,2,5,100,18,109,11,38,58,2
S01013388,319,20,63,205,31,164,5,12,120,27,155,15,51,85,4
S01013389,411,21,83,279,28,209,6,9,168,26,202,15,74,111,2
S01013390,228,10,38,164,16,123,3,8,102,10,105,7,30,62,6
S01013391,212,11,49,131,21,104,2,11,75,16,108,9,38,56,5
S01013392,475,18,74,326,57,243,1,10,185,47,232,17,64,141,10
S01013393,306,12,60,205,29,161,2,11,126,22,145,10,49,79,7
S01013394,278,11,61,173,33,147,4,11,105,27,131,7,50,68,6
S01013395,238,4,66,142,26,118,0,14,83,21,120,4,52,59,5
S01013396,439,15,60,309,55,228,2,11,174,41,211,13,49,135,14
S01013397,443,18,76,309,40,231,3,16,180,32,212,15,60,129,8
S01013398,350,16,57,236,41,184,3,5,141,35,166,13,52,95,6
S01013399,598,23,103,409,63,301,6,19,228,48,297,17,84,181,15
S01013400,345,12,61,240,32,186,3,13,147,23,159,9,48,93,9
S01013401,504,12,75,348,69,258,2,16,187,53,246,10,59,161,16
S01013402,668,23,87,480,78,347,6,12,277,52,321,17,75,203,26
S01013403,525,24,75,368,58,271,8,6,213,44,254,16,69,155,14
S01013404,317,11,53,196,57,156,0,8,103,45,161,11,45,93,12
S01013405,301,13,62,197,29,152,1,15,111,25,149,12,47,86,4
S01013406,267,12,60,176,19,126,3,14,96,13,141,9,46,80,6
S01013407,241,9,43,166,23,132,3,12,97,20,109,6,31,69,3
S01013408,259,19,56,163,21,131,7,6,98,20,128,12,50,65,1
S01013409,553,22,124,334,73,288,10,19,199,60,265,12,105,135,13
S01013410,275,11,76,175,13,137,3,18,105,11,138,8,58,70,2
S01013411,392,18,70,265,39,209,5,15,156,33,183,13,55,109,6
S01013412,395,27,72,260,36,198,13,12,146,27,197,14,60,114,9
S01013413,390,19,70,256,45,202,3,14,148,37,188,16,56,108,8
S01013414,376,9,55,276,36,196,5,11,153,27,180,4,44,123,9
S01013415,247,11,52,161,23,124,2,10,90,22,123,9,42,71,1
S01013416,268,15,46,186,21,142,4,9,108,21,126,11,37,78,0
S01013417,430,16,70,309,35,224,7,21,169,27,206,9,49,140,8
S01013418,313,20,46,220,27,170,8,5,137,20,143,12,41,83,7
S01013419,255,15,46,166,28,128,7,5,97,19,127,8,41,69,9
S01013420,311,13,43,224,31,154,2,7,120,25,157,11,36,104,6
S01013421,463,19,85,314,45,233,5,6,186,36,230,14,79,128,9
S01013422,367,33,89,220,25,179,14,16,129,20,188,19,73,91,5
S01013423,422,35,85,255,47,211,8,16,149,38,211,27,69,106,9
S01013424,274,16,61,168,29,141,8,11,99,23,133,8,50,69,6
S01013425,217,5,40,141,31,113,0,10,76,27,104,5,30,65,4
S01013426,363,21,85,228,29,180,6,17,131,26,183,15,68,97,3
S01013427,273,6,52,169,46,143,2,10,98,33,130,4,42,71,13
S01013428,428,21,82,288,37,235,3,20,181,31,193,18,62,107,6
S01013429,351,14,55,236,46,181,4,11,129,37,170,10,44,107,9
S01013430,370,16,64,236,54,190,5,11,129,45,180,11,53,107,9
S01013431,314,13,62,204,35,161,2,14,116,29,153,11,48,88,6
S01013432,365,19,66,214,66,181,3,19,110,49,184,16,47,104,17
S01013433,375,28,67,210,70,189,4,13,117,55,186,24,54,93,15
S01013434,297,17,62,137,81,160,3,12,83,62,137,14,50,54,19
S01013435,368,37,88,192,51,192,12,17,121,42,176,25,71,71,9
S01013436,432,30,110,246,46,210,6,24,141,39,222,24,86,105,7
S01013437,373,22,71,246,34,192,6,21,141,24,181,16,50,105,10
S01013438,260,16,68,151,25,127,2,17,90,18,133,14,51,61,7
S01013439,416,40,100,233,43,211,10,20,150,31,205,30,80,83,12
S01013440,486,36,112,283,55,254,11,24,173,46,232,25,88,110,9
S01013441,389,32,72,219,66,210,10,21,126,53,179,22,51,93,13
S01013442,438,31,87,281,39,215,8,13,169,25,223,23,74,112,14
S01013443,323,23,59,197,44,168,5,19,113,31,155,18,40,84,13
S01013444,469,24,88,303,54,228,5,20,172,31,241,19,68,131,23
S01013445,288,21,60,158,49,155,1,10,106,38,133,20,50,52,11
S01013446,330,25,74,214,17,170,4,12,141,13,160,21,62,73,4
S01013447,340,27,72,189,52,179,5,9,121,44,161,22,63,68,8
S01013448,368,22,72,233,41,194,4,13,149,28,174,18,59,84,13
S01013449,373,33,90,220,30,184,10,18,134,22,189,23,72,86,8
S01013450,347,31,66,218,32,176,7,15,132,22,171,24,51,86,10
S01013451,499,49,112,285,53,259,14,13,184,48,240,35,99,101,5
S01013452,417,36,75,244,62,221,7,13,157,44,196,29,62,87,18
S01013453,318,21,67,203,27,163,3,13,124,23,155,18,54,79,4
S01013454,410,29,61,259,61,218,8,10,151,49,192,21,51,108,12
S01013455,286,18,42,177,49,152,4,9,106,33,134,14,33,71,16
S01013456,365,27,50,258,30,182,8,12,138,24,183,19,38,120,6
S01013457,404,29,82,268,25,201,7,14,161,19,203,22,68,107,6
S01013458,380,22,60,244,54,207,7,14,139,47,173,15,46,105,7
S01013459,393,16,80,259,38,210,7,18,158,27,183,9,62,101,11
S01013460,375,18,80,248,29,185,4,17,140,24,190,14,63,108,5
S01013461,571,33,115,373,50,297,9,24,218,46,274,24,91,155,4
S01013462,515,32,73,364,46,262,10,12,198,42,253,22,61,166,4
S01013463,273,13,63,177,20,137,3,6,113,15,136,10,57,64,5
S01013464,362,31,55,240,36,179,7,14,132,26,183,24,41,108,10
S01013465,316,25,53,209,29,179,7,11,138,23,137,18,42,71,6
S01013466,174,20,31,79,44,104,13,10,47,34,70,7,21,32,10
S01013467,505,20,95,330,60,258,4,16,194,44,247,16,79,136,16
S01013468,308,23,61,193,31,152,6,10,113,23,156,17,51,80,8
S01013469,387,30,87,227,43,196,10,18,134,34,191,20,69,93,9
S01013470,342,19,71,225,27,173,8,11,135,19,169,11,60,90,8
S01013471,455,26,104,296,29,228,7,19,179,23,227,19,85,117,6
S01013472,356,11,79,221,45,189,3,13,138,35,167,8,66,83,10
S01013473,381,25,71,244,41,198,9,8,147,34,183,16,63,97,7
S01013474,349,11,70,235,33,175,0,10,140,25,174,11,60,95,8
S01013475,323,23,76,193,31,176,8,20,125,23,147,15,56,68,8
S01013476,318,11,68,214,25,158,4,17,112,25,160,7,51,102,0
S01013477,286,10,51,199,26,156,4,10,121,21,130,6,41,78,5
S01013478,459,24,99,293,43,240,6,18,179,37,219,18,81,114,6
S01013479,364,13,60,256,35,181,4,10,137,30,183,9,50,119,5
S01013480,294,11,59,198,26,151,1,11,117,22,143,10,48,81,4
S01013481,222,9,33,149,31,119,2,7,88,22,103,7,26,61,9
