,All people aged 16 to 74 in employment,All people: Part-time: 1 to 5 hours,All people: Part-time: 6 to 15 hours,All people: Part-time: 16 to 30 hours,All people: Full-time: 31 to 37 hours,All people: Full-time: 38 to 48 hours,All people: Full-time: 49 hours or more,All males aged 16 to 74 in employment,All males: Part-time: 1 to 5 hours,All males: Part-time: 6 to 15 hours,All males: Part-time: 16 to 30 hours,All males: Full-time: 31 to 37 hours,All males: Full-time: 38 to 48 hours,All males: Full-time: 49 hours or more,All females aged 16 to 74 in employment,All females: Part-time: 1 to 5 hours,All females: Part-time: 6 to 15 hours,All females: Part-time: 16 to 30 hours,All females: Full-time: 31 to 37 hours,All females: Full-time: 38 to 48 hours,All females: Full-time: 49 hours or more
S92000003,2516895,22969,152906,529742,532889,983584,294805,1295315,7663,43051,119523,238062,650929,236087,1221580,15306,109855,410219,294827,332655,58718
S01006506,507,5,34,81,77,226,84,265,1,10,11,27,152,64,242,4,24,70,50,74,20
S01006507,461,9,43,100,57,203,49,222,1,9,20,24,130,38,239,8,34,80,33,73,11
S01006508,425,3,20,55,72,211,64,228,2,6,10,25,132,53,197,1,14,45,47,79,11
S01006509,305,5,18,60,54,132,36,151,3,4,8,19,82,35,154,2,14,52,35,50,1
S01006510,291,0,16,68,41,124,42,161,0,6,19,19,80,37,130,0,10,49,22,44,5
S01006511,348,5,35,64,46,145,53,177,3,7,10,16,94,47,171,2,28,54,30,51,6
S01006512,248,7,20,46,27,114,34,140,0,5,7,10,90,28,108,7,15,39,17,24,6
S01006513,275,4,27,60,35,113,36,149,2,8,11,14,82,32,126,2,19,49,21,31,4
S01006514,480,10,47,76,46,196,105,270,2,11,14,22,137,84,210,8,36,62,24,59,21
S01006515,370,3,45,69,37,153,63,212,0,12,18,21,107,54,158,3,33,51,16,46,9
S01006516,276,5,15,40,29,126,61,157,1,7,14,13,84,38,119,4,8,26,16,42,23
S01006517,511,4,47,110,53,205,92,282,1,13,22,20,151,75,229,3,34,88,33,54,17
S01006518,306,8,32,53,31,121,61,173,4,7,17,12,83,50,133,4,25,36,19,38,11
S01006519,429,17,39,86,37,156,94,225,6,10,18,15,101,75,204,11,29,68,22,55,19
S01006520,341,12,27,67,36,136,63,203,3,10,13,14,109,54,138,9,17,54,22,27,9
S01006521,338,2,30,48,32,138,88,204,2,8,9,18,93,74,134,0,22,39,14,45,14
S01006522,292,7,31,52,31,122,49,157,1,6,10,12,87,41,135,6,25,42,19,35,8
S01006523,454,6,31,73,47,205,92,250,2,10,11,20,129,78,204,4,21,62,27,76,14
S01006524,379,8,33,56,42,155,85,207,1,13,18,13,99,63,172,7,20,38,29,56,22
S01006525,370,13,34,55,47,158,63,210,7,13,13,22,102,53,160,6,21,42,25,56,10
S01006526,442,6,40,98,67,187,44,214,2,8,25,22,120,37,228,4,32,73,45,67,7
S01006527,315,4,31,62,53,138,27,172,3,8,12,27,99,23,143,1,23,50,26,39,4
S01006528,486,4,62,125,69,167,59,231,1,16,31,27,107,49,255,3,46,94,42,60,10
S01006529,472,3,37,72,94,224,42,279,0,15,26,47,157,34,193,3,22,46,47,67,8
S01006530,391,6,36,82,56,170,41,204,2,12,23,21,111,35,187,4,24,59,35,59,6
S01006531,433,3,44,102,69,181,34,229,2,16,28,35,114,34,204,1,28,74,34,67,0
S01006532,353,2,24,62,65,155,45,199,0,5,20,27,109,38,154,2,19,42,38,46,7
S01006533,401,6,27,64,45,187,72,214,6,7,12,15,121,53,187,0,20,52,30,66,19
S01006534,494,5,33,66,68,235,87,276,1,9,12,26,158,70,218,4,24,54,42,77,17
S01006535,679,6,37,81,118,353,84,366,2,15,20,53,206,70,313,4,22,61,65,147,14
S01006536,731,6,43,78,115,388,101,396,4,17,24,56,220,75,335,2,26,54,59,168,26
S01006537,358,10,30,69,46,151,52,184,4,6,5,25,99,45,174,6,24,64,21,52,7
S01006538,291,1,19,59,39,132,41,150,0,8,11,20,77,34,141,1,11,48,19,55,7
S01006539,370,5,32,74,53,156,50,189,3,11,13,20,100,42,181,2,21,61,33,56,8
S01006540,535,4,27,93,81,246,84,288,1,7,23,31,161,65,247,3,20,70,50,85,19
S01006541,366,6,30,61,54,166,49,191,0,6,14,24,106,41,175,6,24,47,30,60,8
S01006542,470,6,29,73,62,212,88,260,0,3,14,27,141,75,210,6,26,59,35,71,13
S01006543,371,3,28,61,39,187,53,194,1,7,12,14,117,43,177,2,21,49,25,70,10
S01006544,634,4,30,76,51,334,139,382,1,9,19,22,222,109,252,3,21,57,29,112,30
S01006545,558,5,29,82,82,287,73,309,2,7,23,40,177,60,249,3,22,59,42,110,13
S01006546,315,4,24,56,44,126,61,177,3,6,13,17,83,55,138,1,18,43,27,43,6
S01006547,415,4,29,77,53,190,62,220,1,12,14,21,120,52,195,3,17,63,32,70,10
S01006548,339,9,24,65,62,141,38,173,4,5,14,28,90,32,166,5,19,51,34,51,6
S01006549,398,8,28,70,50,171,71,232,0,8,12,26,120,66,166,8,20,58,24,51,5
S01006550,429,9,35,81,57,179,68,230,4,10,16,24,117,59,199,5,25,65,33,62,9
S01006551,315,1,24,58,53,144,35,166,1,8,10,15,104,28,149,0,16,48,38,40,7
S01006552,521,8,41,72,82,243,75,276,3,10,13,39,146,65,245,5,31,59,43,97,10
S01006553,348,2,14,74,55,151,52,182,0,1,16,20,96,49,166,2,13,58,35,55,3
S01006554,375,3,25,46,81,188,32,198,2,5,6,26,129,30,177,1,20,40,55,59,2
S01006555,455,3,28,70,93,207,54,232,1,5,11,37,135,43,223,2,23,59,56,72,11
S01006556,383,1,17,80,72,163,50,207,0,9,16,25,112,45,176,1,8,64,47,51,5
S01006557,359,0,26,85,62,149,37,176,0,5,12,27,101,31,183,0,21,73,35,48,6
S01006558,409,1,16,45,79,213,55,228,0,5,19,33,128,43,181,1,11,26,46,85,12
S01006559,325,6,25,40,46,156,52,185,3,9,12,22,98,41,140,3,16,28,24,58,11
S01006560,517,9,41,77,66,231,93,272,4,9,18,32,142,67,245,5,32,59,34,89,26
S01006561,398,4,33,69,58,170,64,207,2,7,12,26,106,54,191,2,26,57,32,64,10
S01006562,352,6,28,77,47,138,56,189,3,8,21,18,94,45,163,3,20,56,29,44,11
S01006563,408,3,30,65,69,194,47,228,2,10,13,38,124,41,180,1,20,52,31,70,6
S01006564,585,5,40,85,102,299,54,303,1,13,23,46,182,38,282,4,27,62,56,117,16
S01006565,608,3,48,84,99,314,60,332,1,16,29,38,201,47,276,2,32,55,61,113,13
S01006566,484,4,34,49,78,260,59,254,2,12,14,31,158,37,230,2,22,35,47,102,22
S01006567,500,15,43,70,94,234,44,265,6,23,31,33,138,34,235,9,20,39,61,96,10
S01006568,706,4,44,75,122,389,72,361,1,18,21,55,212,54,345,3,26,54,67,177,18
S01006569,351,3,19,47,49,182,51,185,0,7,16,15,109,38,166,3,12,31,34,73,13
S01006570,445,4,25,55,51,232,78,241,1,7,20,20,138,55,204,3,18,35,31,94,23
S01006571,525,6,30,79,66,260,84,292,1,8,25,29,167,62,233,5,22,54,37,93,22
S01006572,453,5,32,90,40,183,103,258,1,11,13,22,128,83,195,4,21,77,18,55,20
S01006573,390,10,29,59,23,182,87,212,3,10,7,11,111,70,178,7,19,52,12,71,17
S01006574,510,8,23,70,49,230,130,299,2,7,19,18,146,107,211,6,16,51,31,84,23
S01006575,531,1,30,67,66,269,98,305,0,11,15,23,184,72,226,1,19,52,43,85,26
S01006576,435,8,27,60,71,212,57,237,3,11,13,24,138,48,198,5,16,47,47,74,9
S01006577,510,3,22,55,80,264,86,277,2,7,17,31,155,65,233,1,15,38,49,109,21
S01006578,742,3,44,84,98,432,81,410,0,16,30,44,264,56,332,3,28,54,54,168,25
S01006579,709,3,38,82,104,395,87,410,1,16,38,48,236,71,299,2,22,44,56,159,16
S01006580,492,7,28,52,77,271,57,267,1,11,23,34,155,43,225,6,17,29,43,116,14
S01006581,478,6,36,70,66,217,83,272,2,14,16,24,147,69,206,4,22,54,42,70,14
S01006582,610,4,33,86,85,313,89,359,1,15,44,28,202,69,251,3,18,42,57,111,20
S01006583,507,6,40,69,60,291,41,284,1,12,27,29,182,33,223,5,28,42,31,109,8
S01006584,439,4,31,59,58,228,59,234,0,8,21,22,133,50,205,4,23,38,36,95,9
S01006585,469,7,32,85,78,204,63,253,3,9,32,44,118,47,216,4,23,53,34,86,16
S01006586,648,3,55,103,94,317,76,347,0,25,33,34,198,57,301,3,30,70,60,119,19
S01006587,370,0,23,53,62,193,39,209,0,8,25,29,117,30,161,0,15,28,33,76,9
S01006588,424,4,43,70,51,211,45,229,1,17,29,24,126,32,195,3,26,41,27,85,13
S01006589,438,2,38,99,60,184,55,258,2,12,46,24,130,44,180,0,26,53,36,54,11
S01006590,480,5,34,50,65,239,87,290,0,17,25,30,155,63,190,5,17,25,35,84,24
S01006591,530,6,21,82,84,281,56,276,3,7,21,33,167,45,254,3,14,61,51,114,11
S01006592,512,4,23,48,65,288,84,320,1,7,18,37,185,72,192,3,16,30,28,103,12
S01006593,550,3,30,56,64,310,87,332,2,10,20,29,200,71,218,1,20,36,35,110,16
S01006594,336,3,24,49,54,163,43,175,1,8,16,18,97,35,161,2,16,33,36,66,8
S01006595,685,4,29,63,122,396,71,376,1,11,18,49,238,59,309,3,18,45,73,158,12
S01006596,488,2,26,40,78,264,78,275,0,10,11,39,158,57,213,2,16,29,39,106,21
S01006597,408,2,20,46,70,227,43,226,1,7,16,35,128,39,182,1,13,30,35,99,4
S01006598,572,3,26,85,59,292,107,334,0,6,15,27,203,83,238,3,20,70,32,89,24
S01006599,450,1,27,69,72,222,59,250,1,12,20,25,147,45,200,0,15,49,47,75,14
S01006600,603,4,38,84,82,307,88,331,2,10,18,31,197,73,272,2,28,66,51,110,15
S01006601,644,3,39,87,130,312,73,352,2,11,23,57,196,63,292,1,28,64,73,116,10
S01006602,433,6,28,77,51,200,71,243,1,12,17,20,141,52,190,5,16,60,31,59,19
S01006603,391,1,23,85,65,184,33,206,0,8,16,26,124,32,185,1,15,69,39,60,1
S01006604,355,3,37,72,68,141,34,183,0,10,14,24,106,29,172,3,27,58,44,35,5
S01006605,364,1,19,69,55,176,44,187,0,7,10,22,111,37,177,1,12,59,33,65,7
S01006606,403,3,25,68,69,174,64,236,1,7,14,30,127,57,167,2,18,54,39,47,7
S01006607,493,3,28,103,78,230,51,250,1,6,14,32,154,43,243,2,22,89,46,76,8
S01006608,391,3,30,66,57,180,55,218,0,9,9,30,123,47,173,3,21,57,27,57,8
S01006609,530,5,31,99,103,225,67,272,1,6,10,42,151,62,258,4,25,89,61,74,5
S01006610,231,0,16,46,40,112,17,114,0,3,4,19,73,15,117,0,13,42,21,39,2
S01006611,437,1,24,94,82,186,50,211,0,1,18,23,127,42,226,1,23,76,59,59,8
S01006612,489,6,32,97,80,212,62,249,2,7,24,32,133,51,240,4,25,73,48,79,11
S01006613,402,1,15,68,65,196,57,199,0,2,9,22,117,49,203,1,13,59,43,79,8
S01006614,408,1,11,69,66,197,64,215,0,1,7,23,127,57,193,1,10,62,43,70,7
S01006615,453,2,25,84,52,216,74,248,0,8,3,19,152,66,205,2,17,81,33,64,8
S01006616,573,3,39,89,97,269,76,296,0,8,11,33,175,69,277,3,31,78,64,94,7
S01006617,398,2,24,71,71,160,70,214,1,6,11,26,109,61,184,1,18,60,45,51,9
S01006618,334,0,18,61,47,151,57,173,0,4,11,10,103,45,161,0,14,50,37,48,12
S01006619,533,3,33,104,86,238,69,267,0,6,20,34,150,57,266,3,27,84,52,88,12
S01006620,544,5,27,95,102,246,69,276,3,7,11,44,153,58,268,2,20,84,58,93,11
S01006621,314,2,20,56,48,142,46,161,1,5,1,20,93,41,153,1,15,55,28,49,5
S01006622,462,3,21,63,80,234,61,239,3,4,11,33,136,52,223,0,17,52,47,98,9
S01006623,418,0,18,60,70,201,69,240,0,5,13,28,132,62,178,0,13,47,42,69,7
S01006624,539,5,35,82,89,268,60,317,1,11,25,39,191,50,222,4,24,57,50,77,10
S01006625,369,1,29,69,60,167,43,192,0,9,15,25,106,37,177,1,20,54,35,61,6
S01006626,384,2,22,87,63,171,39,192,1,8,19,31,103,30,192,1,14,68,32,68,9
S01006627,564,3,33,68,99,300,61,297,2,18,21,39,166,51,267,1,15,47,60,134,10
S01006628,730,3,28,117,132,379,71,431,1,15,42,63,252,58,299,2,13,75,69,127,13
S01006629,360,1,35,68,52,163,41,197,0,12,19,22,110,34,163,1,23,49,30,53,7
S01006630,283,3,23,67,41,113,36,137,0,4,10,14,78,31,146,3,19,57,27,35,5
S01006631,489,1,22,97,78,249,42,247,0,6,18,33,158,32,242,1,16,79,45,91,10
S01006632,408,3,26,74,92,166,47,199,0,6,12,37,105,39,209,3,20,62,55,61,8
S01006633,308,5,18,71,42,141,31,164,2,3,18,14,101,26,144,3,15,53,28,40,5
S01006634,271,3,12,67,31,139,19,136,0,1,16,15,85,19,135,3,11,51,16,54,0
S01006635,327,1,28,65,45,158,30,172,1,5,14,18,110,24,155,0,23,51,27,48,6
S01006636,374,2,31,79,66,163,33,183,1,3,16,22,114,27,191,1,28,63,44,49,6
S01006637,427,10,17,70,76,181,73,248,1,5,30,33,118,61,179,9,12,40,43,63,12
S01006638,521,7,45,77,109,238,45,269,2,12,28,47,149,31,252,5,33,49,62,89,14
S01006639,524,11,57,87,68,253,48,278,3,17,40,23,160,35,246,8,40,47,45,93,13
S01006640,476,6,46,58,83,232,51,297,6,16,26,45,158,46,179,0,30,32,38,74,5
S01006641,675,7,55,99,149,303,62,384,3,20,48,66,191,56,291,4,35,51,83,112,6
S01006642,636,12,144,122,72,234,52,313,7,43,49,31,144,39,323,5,101,73,41,90,13
S01006643,497,9,87,95,59,200,47,246,3,31,33,30,113,36,251,6,56,62,29,87,11
S01006644,597,13,69,91,87,265,72,318,7,27,33,39,159,53,279,6,42,58,48,106,19
S01006645,347,3,28,71,69,157,19,171,0,8,15,27,104,17,176,3,20,56,42,53,2
S01006646,433,12,66,94,70,165,26,210,5,24,39,29,95,18,223,7,42,55,41,70,8
S01006647,344,4,35,64,51,153,37,176,2,11,15,28,91,29,168,2,24,49,23,62,8
S01006648,930,18,176,192,114,339,91,449,7,39,78,55,199,71,481,11,137,114,59,140,20
S01006649,622,11,60,87,97,319,48,348,6,14,31,44,217,36,274,5,46,56,53,102,12
S01006650,532,6,49,96,88,246,47,314,3,21,52,40,165,33,218,3,28,44,48,81,14
S01006651,336,3,41,46,54,155,37,207,2,19,23,28,102,33,129,1,22,23,26,53,4
S01006652,365,5,41,52,55,166,46,220,5,17,30,27,104,37,145,0,24,22,28,62,9
S01006653,356,3,17,52,50,196,38,198,1,3,26,23,117,28,158,2,14,26,27,79,10
S01006654,464,3,29,87,100,211,34,231,0,7,21,46,129,28,233,3,22,66,54,82,6
S01006655,378,2,25,46,57,190,58,191,0,9,12,24,110,36,187,2,16,34,33,80,22
S01006656,610,7,41,82,85,317,78,331,1,14,27,39,194,56,279,6,27,55,46,123,22
S01006657,326,3,30,67,46,151,29,182,0,11,29,25,96,21,144,3,19,38,21,55,8
S01006658,547,9,61,132,70,234,41,311,4,23,56,32,158,38,236,5,38,76,38,76,3
S01006659,330,9,55,61,47,114,44,177,3,22,31,20,63,38,153,6,33,30,27,51,6
S01006660,256,6,24,54,48,108,16,148,3,8,22,33,69,13,108,3,16,32,15,39,3
S01006661,334,3,38,74,41,146,32,184,2,12,26,16,98,30,150,1,26,48,25,48,2
S01006662,333,11,44,84,44,125,25,175,3,21,32,17,81,21,158,8,23,52,27,44,4
S01006663,286,7,50,51,29,115,34,149,3,14,18,15,76,23,137,4,36,33,14,39,11
S01006664,289,4,48,65,39,113,20,156,1,22,26,19,75,13,133,3,26,39,20,38,7
S01006665,367,8,66,87,38,125,43,192,3,25,38,13,80,33,175,5,41,49,25,45,10
S01006666,367,0,30,76,61,160,40,203,0,13,16,31,106,37,164,0,17,60,30,54,3
S01006667,341,5,25,62,48,165,36,183,1,6,12,21,112,31,158,4,19,50,27,53,5
S01006668,484,13,83,91,70,184,43,238,6,24,35,22,120,31,246,7,59,56,48,64,12
S01006669,419,15,46,90,74,141,53,228,7,22,29,36,93,41,191,8,24,61,38,48,12
S01006670,464,13,115,87,62,157,30,200,4,35,37,21,83,20,264,9,80,50,41,74,10
S01006671,604,38,210,178,32,109,37,272,9,73,81,12,68,29,332,29,137,97,20,41,8
S01006672,373,10,45,88,53,139,38,184,3,10,26,26,89,30,189,7,35,62,27,50,8
S01006673,433,9,55,87,63,172,47,227,1,18,24,30,123,31,206,8,37,63,33,49,16
S01006674,399,2,19,103,75,150,50,218,0,8,34,35,100,41,181,2,11,69,40,50,9
S01006675,333,2,27,87,36,155,26,178,2,7,23,16,111,19,155,0,20,64,20,44,7
S01006676,342,5,33,75,51,135,43,181,3,4,19,23,95,37,161,2,29,56,28,40,6
S01006677,365,0,21,106,58,143,37,194,0,8,33,28,97,28,171,0,13,73,30,46,9
S01006678,548,3,44,108,92,258,43,279,0,11,16,36,175,41,269,3,33,92,56,83,2
S01006679,381,4,23,69,83,161,41,201,2,5,20,37,108,29,180,2,18,49,46,53,12
S01006680,414,2,27,89,65,188,43,232,2,8,18,23,151,30,182,0,19,71,42,37,13
S01006681,415,0,17,71,67,202,58,230,0,8,15,21,136,50,185,0,9,56,46,66,8
S01006682,401,5,31,85,57,181,42,222,1,12,14,24,135,36,179,4,19,71,33,46,6
S01006683,453,6,47,92,80,193,35,236,2,15,23,33,136,27,217,4,32,69,47,57,8
S01006684,382,4,23,69,72,177,37,222,4,7,21,33,124,33,160,0,16,48,39,53,4
S01006685,407,2,24,75,70,202,34,212,2,7,19,22,135,27,195,0,17,56,48,67,7
S01006686,326,3,15,70,62,146,30,172,2,2,12,28,102,26,154,1,13,58,34,44,4
S01006687,438,2,24,98,111,168,35,225,0,7,18,50,122,28,213,2,17,80,61,46,7
S01006688,409,2,20,75,74,185,53,219,0,8,12,28,132,39,190,2,12,63,46,53,14
S01006689,388,4,27,53,67,177,60,217,2,9,14,29,115,48,171,2,18,39,38,62,12
S01006690,320,2,34,54,50,149,31,167,1,15,18,31,80,22,153,1,19,36,19,69,9
S01006691,332,2,30,57,46,153,44,180,2,8,16,24,95,35,152,0,22,41,22,58,9
S01006692,381,6,26,55,74,165,55,204,2,10,12,37,103,40,177,4,16,43,37,62,15
S01006693,565,9,31,102,94,260,69,294,3,14,22,35,163,57,271,6,17,80,59,97,12
S01006694,324,1,16,71,60,151,25,167,1,7,17,24,96,22,157,0,9,54,36,55,3
S01006695,361,2,20,71,67,165,36,189,1,5,16,27,112,28,172,1,15,55,40,53,8
S01006696,396,6,44,81,85,152,28,195,2,7,16,36,108,26,201,4,37,65,49,44,2
S01006697,473,4,35,106,85,206,37,244,1,12,17,40,145,29,229,3,23,89,45,61,8
S01006698,318,3,20,58,74,136,27,164,3,4,14,35,86,22,154,0,16,44,39,50,5
S01006699,268,2,19,51,49,124,23,138,1,10,8,22,79,18,130,1,9,43,27,45,5
S01006700,419,1,37,62,83,188,48,206,0,7,14,30,120,35,213,1,30,48,53,68,13
S01006701,331,1,23,82,57,140,28,164,0,4,12,24,102,22,167,1,19,70,33,38,6
S01006702,402,2,27,92,82,170,29,213,0,6,21,42,116,28,189,2,21,71,40,54,1
S01006703,321,2,9,70,69,141,30,163,0,0,11,28,97,27,158,2,9,59,41,44,3
S01006704,272,2,13,57,49,130,21,140,1,2,11,21,89,16,132,1,11,46,28,41,5
S01006705,355,2,23,77,63,157,33,185,0,4,12,27,112,30,170,2,19,65,36,45,3
S01006706,321,2,14,67,73,138,27,171,1,6,5,35,100,24,150,1,8,62,38,38,3
S01006707,331,3,17,69,69,141,32,160,1,5,11,25,91,27,171,2,12,58,44,50,5
S01006708,383,2,19,77,81,169,35,200,1,4,19,38,107,31,183,1,15,58,43,62,4
S01006709,412,3,29,99,79,163,39,221,1,12,10,39,122,37,191,2,17,89,40,41,2
S01006710,447,1,21,93,82,209,41,226,1,3,16,28,144,34,221,0,18,77,54,65,7
S01006711,473,3,34,89,82,223,42,233,0,7,10,31,146,39,240,3,27,79,51,77,3
S01006712,251,1,11,48,61,108,22,129,1,3,6,19,80,20,122,0,8,42,42,28,2
S01006713,466,3,27,86,93,212,45,241,1,8,17,39,136,40,225,2,19,69,54,76,5
S01006714,342,0,16,77,62,165,22,183,0,5,20,21,117,20,159,0,11,57,41,48,2
S01006715,266,2,22,66,37,123,16,144,0,7,11,22,91,13,122,2,15,55,15,32,3
S01006716,317,4,26,75,51,139,22,162,0,7,11,19,105,20,155,4,19,64,32,34,2
S01006717,479,1,38,100,93,214,33,230,0,8,17,39,135,31,249,1,30,83,54,79,2
S01006718,310,3,16,70,61,117,43,163,1,1,19,21,88,33,147,2,15,51,40,29,10
S01006719,459,7,28,94,78,206,46,236,0,2,17,29,147,41,223,7,26,77,49,59,5
S01006720,311,1,18,63,55,147,27,172,0,3,7,33,106,23,139,1,15,56,22,41,4
S01006721,450,2,27,81,78,219,43,243,0,7,12,27,155,42,207,2,20,69,51,64,1
S01006722,372,1,32,67,86,150,36,193,1,8,10,38,105,31,179,0,24,57,48,45,5
S01006723,325,1,16,60,60,154,34,167,0,5,7,25,103,27,158,1,11,53,35,51,7
S01006724,402,3,29,114,63,163,30,205,0,6,17,36,120,26,197,3,23,97,27,43,4
S01006725,334,3,20,75,62,154,20,169,0,4,17,22,108,18,165,3,16,58,40,46,2
S01006726,615,5,41,156,94,257,62,328,1,11,44,44,171,57,287,4,30,112,50,86,5
S01006727,413,4,28,112,48,181,40,219,3,5,21,27,128,35,194,1,23,91,21,53,5
S01006728,367,3,20,81,54,175,34,175,2,5,8,21,112,27,192,1,15,73,33,63,7
S01006729,360,5,26,76,64,145,44,188,1,7,15,27,99,39,172,4,19,61,37,46,5
S01006730,389,1,21,85,80,160,42,201,0,3,19,31,112,36,188,1,18,66,49,48,6
S01006731,291,1,19,51,65,126,29,159,1,6,7,31,91,23,132,0,13,44,34,35,6
S01006732,542,4,49,106,63,229,91,297,1,8,30,26,153,79,245,3,41,76,37,76,12
S01006733,465,9,25,86,57,221,67,258,3,3,10,25,157,60,207,6,22,76,32,64,7
S01006734,527,8,33,83,74,249,80,295,4,9,13,26,175,68,232,4,24,70,48,74,12
S01006735,288,6,27,44,29,125,57,165,1,4,9,15,87,49,123,5,23,35,14,38,8
S01006736,653,7,40,119,103,301,83,326,2,8,12,41,195,68,327,5,32,107,62,106,15
S01006737,338,5,20,64,39,150,60,193,4,7,11,17,108,46,145,1,13,53,22,42,14
S01006738,577,3,12,68,80,320,94,333,1,8,15,30,200,79,244,2,4,53,50,120,15
S01006739,410,2,21,53,74,204,56,224,1,4,15,23,133,48,186,1,17,38,51,71,8
S01006740,392,3,15,74,75,182,43,212,2,6,12,31,126,35,180,1,9,62,44,56,8
S01006741,317,3,19,80,38,149,28,168,1,4,15,17,106,25,149,2,15,65,21,43,3
S01006742,208,0,8,50,33,98,19,112,0,2,10,11,74,15,96,0,6,40,22,24,4
S01006743,321,1,10,48,67,155,40,166,0,3,7,22,97,37,155,1,7,41,45,58,3
S01006744,384,2,16,73,68,173,52,201,1,2,15,29,112,42,183,1,14,58,39,61,10
S01006745,408,2,27,73,66,190,50,215,2,4,12,20,134,43,193,0,23,61,46,56,7
S01006746,426,2,21,99,69,188,47,207,0,3,13,29,123,39,219,2,18,86,40,65,8
S01006747,410,5,28,90,74,173,40,204,3,8,17,30,115,31,206,2,20,73,44,58,9
S01006748,482,3,27,85,68,237,62,282,2,10,15,28,172,55,200,1,17,70,40,65,7
S01006749,513,3,29,83,80,266,52,271,3,7,15,38,165,43,242,0,22,68,42,101,9
S01006750,354,3,19,69,53,165,45,194,2,3,9,23,119,38,160,1,16,60,30,46,7
S01006751,250,2,17,61,26,116,28,125,0,2,13,6,79,25,125,2,15,48,20,37,3
S01006752,347,0,20,74,50,161,42,173,0,6,10,17,105,35,174,0,14,64,33,56,7
S01006753,498,3,36,90,83,219,67,271,2,5,20,37,155,52,227,1,31,70,46,64,15
S01006754,493,2,39,82,66,231,73,273,0,14,16,27,159,57,220,2,25,66,39,72,16
S01006755,440,5,20,83,41,211,80,232,1,4,12,16,128,71,208,4,16,71,25,83,9
S01006756,431,1,15,38,57,237,83,250,0,5,5,31,140,69,181,1,10,33,26,97,14
S01006757,499,3,31,87,82,233,63,255,1,11,14,28,144,57,244,2,20,73,54,89,6
S01006758,459,2,36,73,63,218,67,243,1,16,3,31,136,56,216,1,20,70,32,82,11
S01006759,352,4,27,69,55,154,43,185,1,5,12,21,109,37,167,3,22,57,34,45,6
S01006760,327,1,14,56,69,157,30,159,0,3,10,24,97,25,168,1,11,46,45,60,5
S01006761,439,3,24,91,81,178,62,237,0,7,18,33,129,50,202,3,17,73,48,49,12
S01006762,384,2,21,79,55,175,52,208,0,3,14,27,121,43,176,2,18,65,28,54,9
S01006763,569,2,46,99,91,265,66,281,0,9,11,40,167,54,288,2,37,88,51,98,12
S01006764,543,1,34,97,92,261,58,294,1,7,17,40,181,48,249,0,27,80,52,80,10
S01006765,404,5,17,62,73,189,58,211,3,5,8,28,114,53,193,2,12,54,45,75,5
S01006766,385,5,23,78,53,161,65,202,1,6,14,21,107,53,183,4,17,64,32,54,12
S01006767,424,5,37,84,73,184,41,216,1,7,16,30,126,36,208,4,30,68,43,58,5
S01006768,381,11,38,69,56,146,61,202,1,10,12,23,101,55,179,10,28,57,33,45,6
S01006769,568,2,28,127,87,254,70,308,0,11,17,38,178,64,260,2,17,110,49,76,6
S01006770,397,3,31,87,68,158,50,206,1,4,13,27,114,47,191,2,27,74,41,44,3
S01006771,289,3,26,56,50,108,46,151,0,6,8,24,76,37,138,3,20,48,26,32,9
S01006772,545,1,31,99,110,242,62,298,0,7,21,48,163,59,247,1,24,78,62,79,3
S01006773,398,3,39,79,62,165,50,217,1,7,18,26,120,45,181,2,32,61,36,45,5
S01006774,420,2,29,107,61,173,48,221,0,7,19,29,122,44,199,2,22,88,32,51,4
S01006775,373,3,26,58,62,189,35,192,1,7,10,26,115,33,181,2,19,48,36,74,2
S01006776,249,0,13,53,40,109,34,131,0,2,9,17,70,33,118,0,11,44,23,39,1
S01006777,388,6,38,82,69,146,47,207,3,11,21,26,105,41,181,3,27,61,43,41,6
S01006778,368,3,19,78,59,162,47,202,0,3,15,27,112,45,166,3,16,63,32,50,2
S01006779,311,5,29,65,50,125,37,149,1,5,9,19,81,34,162,4,24,56,31,44,3
S01006780,316,4,27,57,55,135,38,172,1,7,12,27,92,33,144,3,20,45,28,43,5
S01006781,361,3,39,85,61,135,38,190,2,14,18,22,98,36,171,1,25,67,39,37,2
S01006782,452,6,22,68,63,232,61,249,3,6,6,29,155,50,203,3,16,62,34,77,11
S01006783,320,4,28,72,60,124,32,164,3,7,14,25,87,28,156,1,21,58,35,37,4
S01006784,375,6,31,43,55,189,51,205,1,11,9,21,123,40,170,5,20,34,34,66,11
S01006785,381,3,37,74,58,151,58,192,1,12,14,18,96,51,189,2,25,60,40,55,7
S01006786,482,5,35,98,69,205,70,273,1,12,19,35,144,62,209,4,23,79,34,61,8
S01006787,361,3,28,58,58,162,52,197,2,7,10,21,111,46,164,1,21,48,37,51,6
S01006788,476,0,29,84,86,214,63,264,0,7,12,48,144,53,212,0,22,72,38,70,10
S01006789,310,5,13,60,37,125,70,163,3,2,8,14,81,55,147,2,11,52,23,44,15
S01006790,403,7,43,80,53,139,81,210,3,12,15,23,90,67,193,4,31,65,30,49,14
S01006791,274,3,25,52,19,99,76,163,2,6,11,10,68,66,111,1,19,41,9,31,10
S01006792,268,9,17,53,26,114,49,146,3,6,13,9,76,39,122,6,11,40,17,38,10
S01006793,315,1,13,47,39,150,65,172,0,2,10,12,107,41,143,1,11,37,27,43,24
S01006794,271,4,13,55,41,120,38,143,1,0,8,11,90,33,128,3,13,47,30,30,5
S01006795,335,6,41,72,23,130,63,180,2,9,10,13,92,54,155,4,32,62,10,38,9
S01006796,280,1,18,63,39,118,41,155,0,5,13,20,79,38,125,1,13,50,19,39,3
S01006797,347,3,31,60,41,134,78,202,2,13,17,19,89,62,145,1,18,43,22,45,16
S01006798,354,7,30,66,33,129,89,194,0,6,16,6,88,78,160,7,24,50,27,41,11
S01006799,445,6,38,95,52,187,67,233,2,5,11,20,136,59,212,4,33,84,32,51,8
S01006800,434,3,54,78,38,170,91,254,1,15,17,16,125,80,180,2,39,61,22,45,11
S01006801,476,3,39,80,61,203,90,257,1,8,12,27,132,77,219,2,31,68,34,71,13
S01006802,350,5,24,69,35,147,70,196,0,6,10,18,105,57,154,5,18,59,17,42,13
S01006803,342,3,23,58,58,153,47,174,0,3,8,21,98,44,168,3,20,50,37,55,3
S01006804,408,3,22,65,79,186,53,225,1,7,10,30,137,40,183,2,15,55,49,49,13
S01006805,617,6,51,114,75,235,136,311,3,12,10,27,151,108,306,3,39,104,48,84,28
S01006806,580,5,31,85,95,256,108,320,1,9,11,34,182,83,260,4,22,74,61,74,25
S01006807,343,6,13,63,58,129,74,190,1,3,16,19,87,64,153,5,10,47,39,42,10
S01006808,326,9,25,56,41,119,76,183,2,3,11,21,80,66,143,7,22,45,20,39,10
S01006809,374,5,25,79,31,156,78,210,2,5,10,10,118,65,164,3,20,69,21,38,13
S01006810,441,4,32,85,53,191,76,252,1,10,23,17,141,60,189,3,22,62,36,50,16
S01006811,581,4,50,95,81,229,122,311,2,13,15,26,156,99,270,2,37,80,55,73,23
S01006812,441,4,27,67,53,198,92,259,1,5,11,22,145,75,182,3,22,56,31,53,17
S01006813,417,1,33,71,51,177,84,241,1,6,7,20,131,76,176,0,27,64,31,46,8
S01006814,417,4,28,81,49,184,71,225,1,10,11,18,124,61,192,3,18,70,31,60,10
S01006815,290,6,17,57,46,125,39,153,2,2,9,16,91,33,137,4,15,48,30,34,6
S01006816,372,2,24,71,39,165,71,199,0,4,15,17,109,54,173,2,20,56,22,56,17
S01006817,365,3,21,65,40,141,95,208,1,4,10,13,107,73,157,2,17,55,27,34,22
S01006818,414,4,23,63,55,195,74,225,0,6,8,19,128,64,189,4,17,55,36,67,10
S01006819,492,11,43,94,60,191,93,265,4,11,14,28,130,78,227,7,32,80,32,61,15
S01006820,257,1,25,32,31,129,39,131,0,3,7,13,79,29,126,1,22,25,18,50,10
S01006821,358,8,31,60,35,152,72,198,2,9,13,16,102,56,160,6,22,47,19,50,16
S01006822,451,6,33,92,53,167,100,250,1,6,14,19,119,91,201,5,27,78,34,48,9
S01006823,369,6,21,68,51,155,68,209,1,5,10,18,116,59,160,5,16,58,33,39,9
S01006824,414,1,15,99,75,171,53,216,0,3,14,31,121,47,198,1,12,85,44,50,6
S01006825,475,8,45,79,64,219,60,249,5,9,13,24,145,53,226,3,36,66,40,74,7
S01006826,492,6,42,109,67,196,72,271,1,16,22,26,140,66,221,5,26,87,41,56,6
S01006827,459,3,34,85,74,187,76,238,0,8,16,31,123,60,221,3,26,69,43,64,16
S01006828,504,3,29,77,68,245,82,279,1,6,16,23,164,69,225,2,23,61,45,81,13
S01006829,238,1,17,43,35,104,38,125,0,3,5,14,73,30,113,1,14,38,21,31,8
S01006830,403,5,44,76,67,163,48,201,0,11,13,25,109,43,202,5,33,63,42,54,5
S01006831,267,4,27,42,60,99,35,146,2,9,6,24,73,32,121,2,18,36,36,26,3
S01006832,526,5,42,108,70,214,87,286,2,15,26,29,142,72,240,3,27,82,41,72,15
S01006833,219,7,21,46,19,97,29,120,0,7,11,6,71,25,99,7,14,35,13,26,4
S01006834,305,2,30,56,42,135,40,166,1,7,7,18,95,38,139,1,23,49,24,40,2
S01006835,403,4,25,60,64,181,69,225,1,7,17,28,114,58,178,3,18,43,36,67,11
S01006836,295,4,18,61,34,121,57,163,2,3,7,16,84,51,132,2,15,54,18,37,6
S01006837,312,5,23,74,44,119,47,169,1,6,14,19,87,42,143,4,17,60,25,32,5
S01006838,370,1,32,66,50,174,47,200,1,6,8,21,119,45,170,0,26,58,29,55,2
S01006839,588,4,46,120,103,244,71,303,0,9,26,35,177,56,285,4,37,94,68,67,15
S01006840,559,13,56,111,80,207,92,288,2,13,18,28,147,80,271,11,43,93,52,60,12
S01006841,556,10,39,113,90,238,66,290,1,11,28,36,157,57,266,9,28,85,54,81,9
S01006842,497,4,37,101,57,233,65,269,2,13,16,21,159,58,228,2,24,85,36,74,7
S01006843,514,7,39,85,79,241,63,271,1,9,14,33,159,55,243,6,30,71,46,82,8
S01006844,454,6,29,64,80,211,64,250,3,10,9,33,142,53,204,3,19,55,47,69,11
S01006845,605,4,57,121,94,244,85,312,1,21,15,36,162,77,293,3,36,106,58,82,8
S01006846,345,4,22,67,48,161,43,190,2,6,15,22,109,36,155,2,16,52,26,52,7
S01006847,413,2,40,71,58,185,57,210,1,10,11,17,120,51,203,1,30,60,41,65,6
S01006848,486,7,28,90,47,191,123,295,0,7,27,20,140,101,191,7,21,63,27,51,22
S01006849,583,2,21,99,75,317,69,299,0,1,9,26,202,61,284,2,20,90,49,115,8
S01006850,602,1,29,129,114,258,71,293,0,6,21,36,165,65,309,1,23,108,78,93,6
S01006851,424,3,35,91,63,174,58,218,1,12,13,32,111,49,206,2,23,78,31,63,9
S01006852,339,5,23,66,41,138,66,178,0,6,13,18,83,58,161,5,17,53,23,55,8
S01006853,473,8,36,80,42,184,123,267,0,7,21,20,118,101,206,8,29,59,22,66,22
S01006854,434,4,26,93,49,193,69,234,2,6,19,19,127,61,200,2,20,74,30,66,8
S01006855,427,5,31,75,42,160,114,239,2,4,11,16,106,100,188,3,27,64,26,54,14
S01006856,373,6,26,61,36,164,80,197,1,5,8,10,107,66,176,5,21,53,26,57,14
S01006857,580,14,51,96,76,220,123,311,4,10,14,34,147,102,269,10,41,82,42,73,21
S01006858,354,5,22,62,43,140,82,192,3,1,7,17,97,67,162,2,21,55,26,43,15
S01006859,569,12,68,87,67,247,88,321,6,17,16,29,176,77,248,6,51,71,38,71,11
S01006860,291,5,26,55,44,130,31,147,2,6,12,20,79,28,144,3,20,43,24,51,3
S01006861,319,4,28,52,25,160,50,190,1,6,10,12,118,43,129,3,22,42,13,42,7
S01006862,365,7,30,85,41,150,52,192,1,6,16,20,102,47,173,6,24,69,21,48,5
S01006863,346,6,22,43,43,175,57,192,3,3,4,13,122,47,154,3,19,39,30,53,10
S01006864,230,0,18,35,34,105,38,129,0,3,3,16,72,35,101,0,15,32,18,33,3
S01006865,502,5,44,71,69,205,108,289,1,13,15,33,136,91,213,4,31,56,36,69,17
S01006866,255,6,33,65,30,87,34,143,1,9,16,18,68,31,112,5,24,49,12,19,3
S01006867,330,11,24,83,40,117,55,184,0,5,19,21,92,47,146,11,19,64,19,25,8
S01006868,443,5,36,86,61,188,67,252,1,6,18,27,144,56,191,4,30,68,34,44,11
S01006869,262,3,26,56,36,94,47,150,1,7,17,17,69,39,112,2,19,39,19,25,8
S01006870,243,3,36,55,16,99,34,134,2,8,16,7,71,30,109,1,28,39,9,28,4
S01006871,338,2,26,76,43,140,51,185,0,4,12,20,105,44,153,2,22,64,23,35,7
S01006872,373,4,39,71,45,142,72,208,0,10,12,19,105,62,165,4,29,59,26,37,10
S01006873,402,10,38,83,33,162,76,222,4,4,17,13,116,68,180,6,34,66,20,46,8
S01006874,336,5,28,60,33,133,77,187,2,4,11,13,98,59,149,3,24,49,20,35,18
S01006875,319,11,28,53,43,126,58,174,2,6,12,18,84,52,145,9,22,41,25,42,6
S01006876,538,6,43,101,65,213,110,294,1,12,18,27,141,95,244,5,31,83,38,72,15
S01006877,532,6,41,79,69,200,137,288,3,7,10,24,132,112,244,3,34,69,45,68,25
S01006878,380,7,23,62,40,139,109,216,1,1,16,15,99,84,164,6,22,46,25,40,25
S01006879,426,5,38,72,35,175,101,244,2,12,18,12,110,90,182,3,26,54,23,65,11
S01006880,353,4,17,81,29,163,59,189,1,4,9,10,116,49,164,3,13,72,19,47,10
S01006881,327,8,28,55,29,107,100,180,1,5,6,6,74,88,147,7,23,49,23,33,12
S01006882,179,2,10,40,22,78,27,91,1,1,1,8,55,25,88,1,9,39,14,23,2
S01006883,240,1,17,45,37,97,43,135,1,5,6,23,67,33,105,0,12,39,14,30,10
S01006884,458,6,42,90,61,180,79,256,2,12,18,23,131,70,202,4,30,72,38,49,9
S01006885,271,4,18,60,30,106,53,147,0,4,14,13,69,47,124,4,14,46,17,37,6
S01006886,406,4,23,88,60,150,81,214,1,3,19,23,99,69,192,3,20,69,37,51,12
S01006887,315,5,27,60,28,123,72,175,1,5,7,11,91,60,140,4,22,53,17,32,12
S01006888,437,3,40,78,56,174,86,236,0,4,16,27,118,71,201,3,36,62,29,56,15
S01006889,411,3,26,94,59,172,57,220,1,6,17,28,119,49,191,2,20,77,31,53,8
S01006890,359,3,28,69,46,147,66,200,1,6,10,22,102,59,159,2,22,59,24,45,7
S01006891,518,4,46,100,59,224,85,286,2,9,19,26,158,72,232,2,37,81,33,66,13
S01006892,329,3,20,61,50,152,43,172,0,4,15,15,98,40,157,3,16,46,35,54,3
S01006893,272,1,19,64,39,111,38,135,1,5,8,15,71,35,137,0,14,56,24,40,3
S01006894,477,3,34,96,80,213,51,261,1,11,18,30,157,44,216,2,23,78,50,56,7
S01006895,310,2,13,49,43,155,48,179,0,2,15,15,107,40,131,2,11,34,28,48,8
S01006896,447,1,24,97,77,210,38,236,1,8,15,26,153,33,211,0,16,82,51,57,5
S01006897,428,4,31,79,65,193,56,243,0,9,11,22,148,53,185,4,22,68,43,45,3
S01006898,430,2,33,83,70,191,51,228,0,10,14,29,132,43,202,2,23,69,41,59,8
S01006899,385,3,30,77,64,158,53,204,1,8,12,28,108,47,181,2,22,65,36,50,6
S01006900,373,0,26,68,62,168,49,200,0,2,10,22,123,43,173,0,24,58,40,45,6
S01006901,345,4,30,55,71,141,44,181,3,8,4,31,97,38,164,1,22,51,40,44,6
S01006902,371,1,36,75,58,137,64,203,0,9,15,24,96,59,168,1,27,60,34,41,5
S01006903,425,3,38,78,63,184,59,218,1,12,17,21,121,46,207,2,26,61,42,63,13
S01006904,361,5,28,64,58,151,55,188,1,6,7,22,103,49,173,4,22,57,36,48,6
S01006905,438,4,31,76,63,195,69,233,0,8,13,22,125,65,205,4,23,63,41,70,4
S01006906,385,7,25,82,66,164,41,196,2,4,15,28,111,36,189,5,21,67,38,53,5
S01006907,375,2,22,54,57,184,56,190,0,2,11,25,105,47,185,2,20,43,32,79,9
S01006908,446,2,29,71,68,208,68,240,0,6,17,19,140,58,206,2,23,54,49,68,10
S01006909,443,3,27,83,40,216,74,251,1,7,10,17,151,65,192,2,20,73,23,65,9
S01006910,526,6,38,91,53,219,119,289,1,7,19,26,144,92,237,5,31,72,27,75,27
S01006911,388,4,31,55,48,202,48,202,0,7,5,18,132,40,186,4,24,50,30,70,8
S01006912,273,0,22,38,35,107,71,151,0,3,7,9,72,60,122,0,19,31,26,35,11
S01006913,321,3,26,53,45,135,59,180,1,5,2,21,99,52,141,2,21,51,24,36,7
S01006914,452,6,44,90,50,168,94,256,1,13,24,23,115,80,196,5,31,66,27,53,14
S01006915,474,4,34,88,69,185,94,272,3,5,20,27,135,82,202,1,29,68,42,50,12
S01006916,297,5,20,54,40,127,51,158,2,2,4,14,92,44,139,3,18,50,26,35,7
S01006917,552,4,37,109,54,248,100,294,0,2,7,19,174,92,258,4,35,102,35,74,8
S01006918,259,2,19,53,23,118,44,135,0,4,6,9,79,37,124,2,15,47,14,39,7
S01006919,259,1,29,47,36,103,43,145,0,7,11,14,75,38,114,1,22,36,22,28,5
S01006920,263,3,12,47,50,108,43,138,2,4,6,18,72,36,125,1,8,41,32,36,7
S01006921,466,4,34,101,63,203,61,245,1,7,14,28,140,55,221,3,27,87,35,63,6
S01006922,269,2,20,56,30,109,52,153,0,3,10,14,79,47,116,2,17,46,16,30,5
S01006923,395,8,42,67,38,155,85,211,0,10,16,13,99,73,184,8,32,51,25,56,12
S01006924,338,3,29,51,46,128,81,194,0,9,15,16,93,61,144,3,20,36,30,35,20
S01006925,276,2,19,57,41,122,35,149,1,5,11,17,83,32,127,1,14,46,24,39,3
S01006926,426,5,31,79,59,200,52,231,1,8,11,27,135,49,195,4,23,68,32,65,3
S01006927,614,4,26,79,92,316,97,328,0,4,12,35,196,81,286,4,22,67,57,120,16
S01006928,623,3,40,122,73,259,126,337,0,8,17,33,167,112,286,3,32,105,40,92,14
S01006929,467,6,53,80,52,198,78,264,2,15,14,19,142,72,203,4,38,66,33,56,6
S01006930,529,6,52,91,58,241,81,283,0,14,14,17,169,69,246,6,38,77,41,72,12
S01006931,219,4,18,38,28,89,42,118,0,5,6,9,61,37,101,4,13,32,19,28,5
S01006932,339,4,31,67,32,149,56,175,1,7,10,10,99,48,164,3,24,57,22,50,8
S01006933,388,10,36,75,63,166,38,200,3,10,13,32,111,31,188,7,26,62,31,55,7
S01006934,313,4,14,47,42,137,69,178,3,2,8,17,85,63,135,1,12,39,25,52,6
S01006935,392,4,29,77,55,171,56,200,2,5,7,26,109,51,192,2,24,70,29,62,5
S01006936,339,0,22,75,54,146,42,175,0,6,14,25,97,33,164,0,16,61,29,49,9
S01006937,441,4,31,73,68,210,55,220,0,8,15,30,117,50,221,4,23,58,38,93,5
S01006938,300,0,23,69,49,126,33,151,0,10,8,22,81,30,149,0,13,61,27,45,3
S01006939,365,4,25,78,41,168,49,199,2,8,11,15,119,44,166,2,17,67,26,49,5
S01006940,551,9,52,94,89,251,56,296,2,18,22,42,166,46,255,7,34,72,47,85,10
S01006941,336,3,21,66,47,149,50,173,0,4,9,20,95,45,163,3,17,57,27,54,5
S01006942,606,3,53,127,84,243,96,317,0,9,15,32,175,86,289,3,44,112,52,68,10
S01006943,360,4,30,53,45,178,50,197,2,7,2,15,125,46,163,2,23,51,30,53,4
S01006944,537,6,21,89,93,249,79,280,1,4,8,35,162,70,257,5,17,81,58,87,9
S01006945,297,5,18,47,38,143,46,162,1,5,8,13,93,42,135,4,13,39,25,50,4
S01006946,490,4,30,72,73,228,83,261,2,7,13,26,140,73,229,2,23,59,47,88,10
S01006947,529,2,32,106,89,221,79,277,0,7,13,35,150,72,252,2,25,93,54,71,7
S01006948,481,4,30,83,53,235,76,257,0,5,19,21,149,63,224,4,25,64,32,86,13
S01006949,378,7,26,77,43,161,64,204,1,6,15,17,111,54,174,6,20,62,26,50,10
S01006950,330,1,15,53,52,151,58,168,0,0,5,15,99,49,162,1,15,48,37,52,9
S01006951,292,3,15,56,52,134,32,151,1,5,8,22,86,29,141,2,10,48,30,48,3
S01006952,473,4,36,91,60,184,98,274,2,5,26,21,133,87,199,2,31,65,39,51,11
S01006953,481,4,42,89,54,210,82,266,1,6,18,25,146,70,215,3,36,71,29,64,12
S01006954,491,1,31,112,59,211,77,263,0,8,15,25,147,68,228,1,23,97,34,64,9
S01006955,351,1,20,54,69,157,50,184,0,6,9,27,98,44,167,1,14,45,42,59,6
S01006956,653,4,35,128,99,288,99,348,1,12,20,38,188,89,305,3,23,108,61,100,10
S01006957,619,7,42,114,90,252,114,340,2,9,19,35,177,98,279,5,33,95,55,75,16
S01006958,444,7,27,84,69,182,75,244,4,8,13,24,135,60,200,3,19,71,45,47,15
S01006959,320,4,25,62,42,130,57,172,1,8,13,15,91,44,148,3,17,49,27,39,13
S01006960,556,5,45,109,75,223,99,298,0,10,11,24,163,90,258,5,35,98,51,60,9
S01006961,564,4,36,89,90,249,96,293,1,6,9,36,163,78,271,3,30,80,54,86,18
S01006962,482,5,35,72,70,230,70,264,1,5,13,28,159,58,218,4,30,59,42,71,12
S01006963,378,3,19,81,49,158,68,206,1,6,11,15,113,60,172,2,13,70,34,45,8
S01006964,484,3,28,72,84,218,79,275,0,10,12,32,160,61,209,3,18,60,52,58,18
S01006965,261,3,21,50,38,105,44,148,1,8,8,20,78,33,113,2,13,42,18,27,11
S01006966,324,5,31,75,59,130,24,149,1,9,12,19,88,20,175,4,22,63,40,42,4
S01006967,385,5,35,77,51,170,47,205,2,9,11,23,118,42,180,3,26,66,28,52,5
S01006968,308,3,25,69,44,128,39,160,1,8,12,14,90,35,148,2,17,57,30,38,4
S01006969,506,6,30,80,94,235,61,281,1,6,15,42,165,52,225,5,24,65,52,70,9
S01006970,413,7,23,81,58,164,80,219,0,3,10,26,108,72,194,7,20,71,32,56,8
S01006971,256,2,27,51,26,118,32,133,1,6,7,11,78,30,123,1,21,44,15,40,2
S01006972,309,3,24,67,35,114,66,173,2,5,11,17,79,59,136,1,19,56,18,35,7
S01006973,305,3,30,50,37,130,55,173,0,5,18,16,91,43,132,3,25,32,21,39,12
S01006974,594,9,35,122,81,245,102,321,1,10,18,35,171,86,273,8,25,104,46,74,16
S01006975,584,5,39,116,68,225,131,324,0,9,25,27,153,110,260,5,30,91,41,72,21
S01006976,276,4,18,51,24,126,53,156,0,4,14,9,87,42,120,4,14,37,15,39,11
S01006977,484,4,37,85,52,197,109,266,0,8,10,19,136,93,218,4,29,75,33,61,16
S01006978,471,6,30,64,77,199,95,272,2,5,11,36,138,80,199,4,25,53,41,61,15
S01006979,439,5,21,95,62,182,74,240,0,3,20,24,129,64,199,5,18,75,38,53,10
S01006980,483,8,33,78,78,194,92,267,2,6,12,33,142,72,216,6,27,66,45,52,20
S01006981,487,8,35,79,57,195,113,266,1,4,9,20,133,99,221,7,31,70,37,62,14
S01006982,509,2,41,90,63,233,80,268,0,8,8,21,164,67,241,2,33,82,42,69,13
S01006983,426,6,38,66,62,173,81,238,3,7,10,27,125,66,188,3,31,56,35,48,15
S01006984,425,1,27,75,48,190,84,239,0,5,19,19,132,64,186,1,22,56,29,58,20
S01006985,555,1,31,133,70,219,101,309,0,7,25,26,164,87,246,1,24,108,44,55,14
S01006986,364,4,26,59,53,175,47,196,0,2,7,21,123,43,168,4,24,52,32,52,4
S01006987,333,6,14,64,57,151,41,180,2,6,9,21,107,35,153,4,8,55,36,44,6
S01006988,345,3,22,65,45,148,62,181,1,4,11,11,97,57,164,2,18,54,34,51,5
S01006989,588,4,41,114,74,233,122,327,1,7,24,25,161,109,261,3,34,90,49,72,13
S01006990,519,3,30,73,74,235,104,276,0,3,8,21,160,84,243,3,27,65,53,75,20
S01006991,206,3,15,37,32,72,47,111,1,3,8,13,47,39,95,2,12,29,19,25,8
S01006992,356,5,22,55,47,151,76,208,1,3,11,18,112,63,148,4,19,44,29,39,13
S01006993,313,5,18,54,37,120,79,177,1,1,7,18,86,64,136,4,17,47,19,34,15
S01006994,349,2,30,59,32,150,76,204,1,7,13,13,102,68,145,1,23,46,19,48,8
S01006995,504,10,30,85,71,202,106,281,2,8,11,31,141,88,223,8,22,74,40,61,18
S01006996,427,2,31,88,44,183,79,229,0,5,6,14,136,68,198,2,26,82,30,47,11
S01006997,466,9,35,94,55,182,91,249,3,3,15,25,131,72,217,6,32,79,30,51,19
S01006998,643,5,45,115,68,287,123,347,1,8,15,23,189,111,296,4,37,100,45,98,12
S01006999,508,7,47,84,52,194,124,291,2,7,13,18,139,112,217,5,40,71,34,55,12
S01007000,505,5,44,90,52,220,94,274,1,7,10,17,154,85,231,4,37,80,35,66,9
S01007001,465,4,35,79,65,198,84,234,2,6,8,25,123,70,231,2,29,71,40,75,14
S01007002,302,6,13,62,38,117,66,160,0,4,12,8,83,53,142,6,9,50,30,34,13
S01007003,301,3,35,49,29,105,80,177,1,9,7,13,71,76,124,2,26,42,16,34,4
S01007004,411,4,34,63,56,153,101,228,2,5,11,20,100,90,183,2,29,52,36,53,11
S01007005,517,9,33,93,67,195,120,294,1,7,17,29,134,106,223,8,26,76,38,61,14
S01007006,453,4,41,84,53,173,98,263,0,5,19,25,129,85,190,4,36,65,28,44,13
S01007007,448,7,35,76,67,170,93,261,5,7,20,29,123,77,187,2,28,56,38,47,16
S01007008,506,6,38,99,76,212,75,262,2,8,13,21,154,64,244,4,30,86,55,58,11
S01007009,517,10,40,95,88,212,72,263,3,6,13,36,146,59,254,7,34,82,52,66,13
S01007010,355,2,19,70,65,147,52,179,1,4,10,21,102,41,176,1,15,60,44,45,11
S01007011,405,0,29,83,72,165,56,215,0,7,15,31,112,50,190,0,22,68,41,53,6
S01007012,302,2,21,83,46,118,32,147,0,5,12,19,84,27,155,2,16,71,27,34,5
S01007013,316,4,18,65,26,113,90,183,0,2,8,11,85,77,133,4,16,57,15,28,13
S01007014,578,7,45,104,66,212,144,327,3,9,17,19,155,124,251,4,36,87,47,57,20
S01007015,355,4,20,71,47,120,93,196,2,3,10,14,85,82,159,2,17,61,33,35,11
S01007016,350,7,27,51,39,131,95,209,4,3,12,12,99,79,141,3,24,39,27,32,16
S01007017,494,6,28,98,70,203,89,266,2,9,12,25,142,76,228,4,19,86,45,61,13
S01007018,478,5,52,83,62,180,96,253,0,5,8,25,130,85,225,5,47,75,37,50,11
S01007019,332,2,23,58,48,154,47,186,1,3,11,20,110,41,146,1,20,47,28,44,6
S01007020,385,4,26,47,52,165,91,211,2,4,1,16,113,75,174,2,22,46,36,52,16
S01007021,438,5,26,92,57,192,66,228,1,5,7,19,135,61,210,4,21,85,38,57,5
S01007022,217,4,19,59,26,74,35,111,1,6,5,10,56,33,106,3,13,54,16,18,2
S01007023,231,2,24,46,24,78,57,126,0,4,10,9,54,49,105,2,20,36,15,24,8
S01007024,519,4,47,109,53,177,129,275,1,6,19,20,117,112,244,3,41,90,33,60,17
S01007025,401,5,34,86,70,126,80,209,0,7,14,21,100,67,192,5,27,72,49,26,13
S01007026,386,8,32,67,53,128,98,216,3,5,11,20,97,80,170,5,27,56,33,31,18
S01007027,499,6,39,103,67,156,128,271,1,6,19,25,114,106,228,5,33,84,42,42,22
S01007028,386,8,40,80,45,120,93,218,3,8,21,21,85,80,168,5,32,59,24,35,13
S01007029,291,7,20,50,38,90,86,166,1,3,9,15,67,71,125,6,17,41,23,23,15
S01007030,395,6,37,88,42,149,73,220,2,4,20,16,113,65,175,4,33,68,26,36,8
S01007031,295,1,29,56,32,106,71,170,1,6,9,15,76,63,125,0,23,47,17,30,8
S01007032,437,3,31,79,67,166,91,244,3,10,15,27,115,74,193,0,21,64,40,51,17
S01007033,356,3,29,86,58,131,49,190,0,6,8,32,101,43,166,3,23,78,26,30,6
S01007034,302,3,27,77,49,105,41,163,2,7,22,25,72,35,139,1,20,55,24,33,6
S01007035,347,3,31,93,56,131,33,168,0,6,18,28,89,27,179,3,25,75,28,42,6
S01007036,433,4,34,82,72,150,91,232,1,11,12,26,104,78,201,3,23,70,46,46,13
S01007037,504,8,57,113,65,160,101,251,3,10,13,26,109,90,253,5,47,100,39,51,11
S01007038,392,8,25,66,74,150,69,219,2,6,21,25,108,57,173,6,19,45,49,42,12
S01007039,402,3,28,84,58,150,79,215,0,4,12,21,105,73,187,3,24,72,37,45,6
S01007040,299,4,18,71,56,105,45,151,1,3,10,23,75,39,148,3,15,61,33,30,6
S01007041,370,4,21,82,63,110,90,210,1,4,14,28,82,81,160,3,17,68,35,28,9
S01007042,344,5,28,66,40,127,78,196,1,4,7,19,96,69,148,4,24,59,21,31,9
S01007043,580,6,46,87,65,229,147,333,1,9,15,20,164,124,247,5,37,72,45,65,23
S01007044,310,6,31,63,39,76,95,171,1,8,13,11,50,88,139,5,23,50,28,26,7
S01007045,425,5,43,79,49,140,109,231,3,8,20,21,88,91,194,2,35,59,28,52,18
S01007046,322,2,23,58,47,124,68,183,2,3,14,16,88,60,139,0,20,44,31,36,8
S01007047,359,4,20,65,56,120,94,200,0,0,7,28,85,80,159,4,20,58,28,35,14
S01007048,505,1,28,96,59,180,141,305,0,8,19,25,134,119,200,1,20,77,34,46,22
S01007049,462,6,28,103,60,193,72,250,3,2,16,26,141,62,212,3,26,87,34,52,10
S01007050,318,1,28,55,39,122,73,178,0,6,11,11,89,61,140,1,22,44,28,33,12
S01007051,422,1,30,89,52,181,69,225,0,2,12,21,131,59,197,1,28,77,31,50,10
S01007052,303,4,24,56,41,128,50,170,0,5,9,18,92,46,133,4,19,47,23,36,4
S01007053,263,6,22,44,28,103,60,150,0,5,12,9,71,53,113,6,17,32,19,32,7
S01007054,475,7,44,93,60,182,89,259,2,5,16,27,135,74,216,5,39,77,33,47,15
S01007055,307,5,25,54,34,110,79,177,2,1,14,16,69,75,130,3,24,40,18,41,4
S01007056,352,7,26,51,46,142,80,206,1,5,12,20,100,68,146,6,21,39,26,42,12
S01007057,237,4,16,40,44,94,39,127,3,3,8,15,65,33,110,1,13,32,29,29,6
S01007058,257,2,19,53,33,111,39,136,1,2,10,9,82,32,121,1,17,43,24,29,7
S01007059,485,2,32,90,67,195,99,266,1,8,5,22,146,84,219,1,24,85,45,49,15
S01007060,280,3,20,80,29,104,44,137,0,6,8,9,72,42,143,3,14,72,20,32,2
S01007061,554,4,41,85,80,213,131,304,1,7,9,38,134,115,250,3,34,76,42,79,16
S01007062,405,5,31,78,56,128,107,228,1,5,20,28,88,86,177,4,26,58,28,40,21
S01007063,349,5,27,72,49,134,62,183,0,2,9,20,99,53,166,5,25,63,29,35,9
S01007064,379,3,39,58,46,147,86,205,1,2,13,15,107,67,174,2,37,45,31,40,19
S01007065,319,2,20,66,41,116,74,176,0,3,12,19,76,66,143,2,17,54,22,40,8
S01007066,370,3,31,72,48,126,90,219,0,12,18,22,91,76,151,3,19,54,26,35,14
S01007067,319,4,25,41,56,128,65,188,0,3,7,29,92,57,131,4,22,34,27,36,8
S01007068,359,4,20,65,45,157,68,194,1,4,9,17,103,60,165,3,16,56,28,54,8
S01007069,411,6,20,81,53,189,62,236,0,3,20,21,137,55,175,6,17,61,32,52,7
S01007070,264,3,19,38,40,108,56,142,2,3,6,16,63,52,122,1,16,32,24,45,4
S01007071,481,6,44,63,86,205,77,261,1,10,3,39,138,70,220,5,34,60,47,67,7
S01007072,381,5,19,81,45,149,82,205,1,3,10,20,97,74,176,4,16,71,25,52,8
S01007073,500,10,38,100,70,197,85,288,5,7,19,33,144,80,212,5,31,81,37,53,5
S01007074,362,2,28,87,49,147,49,185,2,2,8,22,105,46,177,0,26,79,27,42,3
S01007075,377,4,24,80,51,161,57,192,0,6,8,26,105,47,185,4,18,72,25,56,10
S01007076,414,3,37,98,52,152,72,224,0,5,19,22,114,64,190,3,32,79,30,38,8
S01007077,357,4,19,92,53,137,52,183,1,2,11,21,98,50,174,3,17,81,32,39,2
S01007078,394,6,34,98,48,149,59,205,2,10,11,17,110,55,189,4,24,87,31,39,4
S01007079,449,4,24,84,58,201,78,257,1,6,18,22,140,70,192,3,18,66,36,61,8
S01007080,349,0,24,76,52,149,48,182,0,3,7,19,108,45,167,0,21,69,33,41,3
S01007081,464,4,20,85,54,221,80,255,0,2,9,22,155,67,209,4,18,76,32,66,13
S01007082,275,2,22,53,29,124,45,137,1,3,6,10,79,38,138,1,19,47,19,45,7
S01007083,393,2,19,85,58,170,59,225,0,6,24,28,111,56,168,2,13,61,30,59,3
S01007084,290,1,23,62,44,109,51,152,0,8,13,19,69,43,138,1,15,49,25,40,8
S01007085,444,0,36,72,47,201,88,248,0,6,15,24,131,72,196,0,30,57,23,70,16
S01007086,570,6,27,119,60,270,88,308,3,4,28,29,170,74,262,3,23,91,31,100,14
S01007087,447,3,30,83,49,202,80,245,1,7,19,16,137,65,202,2,23,64,33,65,15
S01007088,228,2,11,46,26,97,46,121,1,4,10,9,60,37,107,1,7,36,17,37,9
S01007089,274,4,18,50,31,108,63,156,0,2,5,11,83,55,118,4,16,45,20,25,8
S01007090,332,2,14,56,42,144,74,189,0,0,5,21,96,67,143,2,14,51,21,48,7
S01007091,416,5,41,90,38,180,62,211,1,4,12,18,121,55,205,4,37,78,20,59,7
S01007092,289,4,27,67,39,106,46,138,0,5,2,14,72,45,151,4,22,65,25,34,1
S01007093,537,8,42,99,57,207,124,293,2,6,10,23,141,111,244,6,36,89,34,66,13
S01007094,484,7,45,114,54,162,102,267,3,5,20,21,122,96,217,4,40,94,33,40,6
S01007095,291,2,17,58,30,103,81,164,1,4,9,15,72,63,127,1,13,49,15,31,18
S01007096,464,2,33,85,47,203,94,258,0,2,7,16,149,84,206,2,31,78,31,54,10
S01007097,281,4,23,45,40,89,80,157,1,7,4,11,61,73,124,3,16,41,29,28,7
S01007098,447,3,35,75,56,168,110,246,1,3,14,18,112,98,201,2,32,61,38,56,12
S01007099,487,4,35,94,57,186,111,276,1,4,14,20,138,99,211,3,31,80,37,48,12
S01007100,389,3,13,80,49,150,94,223,1,3,7,20,111,81,166,2,10,73,29,39,13
S01007101,393,5,26,79,60,147,76,211,0,4,10,26,105,66,182,5,22,69,34,42,10
S01007102,367,6,33,53,49,145,81,202,2,4,6,18,102,70,165,4,29,47,31,43,11
S01007103,418,6,34,93,56,135,94,233,1,6,8,24,109,85,185,5,28,85,32,26,9
S01007104,240,2,25,39,27,93,54,134,0,3,6,14,66,45,106,2,22,33,13,27,9
S01007105,246,2,37,48,21,85,53,134,0,7,7,7,63,50,112,2,30,41,14,22,3
S01007106,333,3,29,62,47,113,79,186,2,7,11,17,80,69,147,1,22,51,30,33,10
S01007107,358,5,41,54,41,119,98,204,1,6,12,11,89,85,154,4,35,42,30,30,13
S01007108,301,3,13,59,26,106,94,168,1,3,6,8,67,83,133,2,10,53,18,39,11
S01007109,376,2,22,95,54,145,58,208,1,6,12,23,112,54,168,1,16,83,31,33,4
S01007110,369,2,33,78,52,134,70,196,0,4,11,18,98,65,173,2,29,67,34,36,5
S01007111,254,3,18,55,32,92,54,143,2,4,9,12,66,50,111,1,14,46,20,26,4
S01007112,284,3,30,58,35,104,54,163,2,8,13,13,78,49,121,1,22,45,22,26,5
S01007113,257,3,13,51,27,93,70,149,2,1,13,13,58,62,108,1,12,38,14,35,8
S01007114,454,4,42,97,53,166,92,249,1,8,7,20,127,86,205,3,34,90,33,39,6
S01007115,316,5,33,59,44,96,79,178,1,6,10,14,75,72,138,4,27,49,30,21,7
S01007116,533,5,64,101,53,169,141,299,2,8,12,16,127,134,234,3,56,89,37,42,7
S01007117,246,4,20,54,30,77,61,137,0,4,10,10,59,54,109,4,16,44,20,18,7
S01007118,334,1,28,74,48,140,43,167,0,4,6,16,105,36,167,1,24,68,32,35,7
S01007119,394,4,29,93,55,147,66,210,2,7,11,25,108,57,184,2,22,82,30,39,9
S01007120,539,3,31,95,63,267,80,290,1,6,11,25,177,70,249,2,25,84,38,90,10
S01007121,210,3,12,36,22,103,34,121,2,4,8,7,71,29,89,1,8,28,15,32,5
S01007122,299,1,18,59,35,120,66,159,0,3,7,13,77,59,140,1,15,52,22,43,7
S01007123,310,1,23,74,33,120,59,177,0,4,15,21,84,53,133,1,19,59,12,36,6
S01007124,473,5,32,86,65,210,75,261,2,6,7,27,153,66,212,3,26,79,38,57,9
S01007125,382,3,30,89,36,171,53,211,0,5,20,17,122,47,171,3,25,69,19,49,6
S01007126,407,2,30,59,39,216,61,207,0,5,7,11,130,54,200,2,25,52,28,86,7
S01007127,541,4,21,66,47,339,64,299,2,4,13,24,205,51,242,2,17,53,23,134,13
S01007128,355,5,37,76,39,149,49,187,1,7,8,19,111,41,168,4,30,68,20,38,8
S01007129,503,6,33,93,89,187,95,258,0,9,12,43,123,71,245,6,24,81,46,64,24
S01007130,312,2,14,71,85,108,32,156,0,7,14,42,68,25,156,2,7,57,43,40,7
S01007131,401,2,26,79,114,141,39,199,1,11,16,52,91,28,202,1,15,63,62,50,11
S01007132,362,2,30,84,83,119,44,178,0,11,18,36,75,38,184,2,19,66,47,44,6
S01007133,371,3,25,78,67,124,74,188,0,11,20,24,77,56,183,3,14,58,43,47,18
S01007134,391,3,17,82,68,142,79,202,0,9,11,30,86,66,189,3,8,71,38,56,13
S01007135,281,1,23,49,43,100,65,148,0,5,17,17,60,49,133,1,18,32,26,40,16
S01007136,280,4,18,49,45,97,67,142,2,5,6,20,56,53,138,2,13,43,25,41,14
S01007137,418,1,19,87,79,155,77,228,0,7,13,33,107,68,190,1,12,74,46,48,9
S01007138,320,1,20,66,67,110,56,165,0,3,17,27,79,39,155,1,17,49,40,31,17
S01007139,384,2,14,81,75,160,52,198,1,5,7,31,112,42,186,1,9,74,44,48,10
S01007140,496,7,29,117,85,173,85,265,1,9,33,34,117,71,231,6,20,84,51,56,14
S01007141,357,6,23,74,57,140,57,193,1,9,9,24,106,44,164,5,14,65,33,34,13
S01007142,305,6,26,59,61,110,43,156,3,7,13,25,69,39,149,3,19,46,36,41,4
S01007143,368,2,20,77,76,142,51,188,0,5,7,38,95,43,180,2,15,70,38,47,8
S01007144,372,2,24,77,61,138,70,196,0,7,17,30,89,53,176,2,17,60,31,49,17
S01007145,392,3,16,100,101,131,41,200,0,5,24,48,88,35,192,3,11,76,53,43,6
S01007146,329,3,22,82,76,114,32,169,2,7,16,42,78,24,160,1,15,66,34,36,8
S01007147,348,0,17,85,91,114,41,175,0,5,24,39,78,29,173,0,12,61,52,36,12
S01007148,272,1,18,67,62,94,30,135,0,5,13,27,67,23,137,1,13,54,35,27,7
S01007149,257,5,26,51,73,77,25,131,2,10,16,36,46,21,126,3,16,35,37,31,4
S01007150,280,0,36,57,63,86,38,158,0,15,17,33,62,31,122,0,21,40,30,24,7
S01007151,442,5,39,84,112,146,56,226,1,14,16,50,100,45,216,4,25,68,62,46,11
S01007152,266,4,16,51,73,84,38,132,2,6,9,33,55,27,134,2,10,42,40,29,11
S01007153,293,1,19,60,77,102,34,148,1,7,7,29,73,31,145,0,12,53,48,29,3
S01007154,328,0,19,66,72,124,47,160,0,8,13,27,78,34,168,0,11,53,45,46,13
S01007155,289,2,18,70,68,89,42,151,1,5,19,31,60,35,138,1,13,51,37,29,7
S01007156,358,6,22,68,94,129,39,192,2,6,15,40,96,33,166,4,16,53,54,33,6
S01007157,338,2,12,69,84,140,31,168,1,4,12,26,100,25,170,1,8,57,58,40,6
S01007158,503,5,19,113,115,181,70,268,1,8,30,47,126,56,235,4,11,83,68,55,14
S01007159,396,2,14,92,90,154,44,197,0,2,20,40,98,37,199,2,12,72,50,56,7
S01007160,356,1,17,99,83,127,29,174,0,7,21,39,85,22,182,1,10,78,44,42,7
S01007161,322,1,15,62,78,129,37,156,1,2,18,33,77,25,166,0,13,44,45,52,12
S01007162,237,0,9,56,57,90,25,115,0,2,9,21,65,18,122,0,7,47,36,25,7
S01007163,388,1,18,87,112,128,42,181,1,2,22,40,83,33,207,0,16,65,72,45,9
S01007164,260,6,19,57,54,95,29,119,2,4,9,14,67,23,141,4,15,48,40,28,6
S01007165,384,1,28,88,71,132,64,204,0,8,22,35,89,50,180,1,20,66,36,43,14
S01007166,303,2,17,68,67,110,39,161,1,5,16,27,81,31,142,1,12,52,40,29,8
S01007167,399,4,36,83,79,150,47,200,2,8,22,34,99,35,199,2,28,61,45,51,12
S01007168,500,5,45,112,105,178,55,260,2,18,25,46,127,42,240,3,27,87,59,51,13
S01007169,367,1,31,87,89,113,46,186,1,12,21,38,78,36,181,0,19,66,51,35,10
S01007170,352,2,28,77,67,111,67,188,0,7,20,22,79,60,164,2,21,57,45,32,7
S01007171,504,7,22,84,67,217,107,309,1,5,16,39,156,92,195,6,17,68,28,61,15
S01007172,362,5,23,57,51,157,69,202,3,2,9,16,110,62,160,2,21,48,35,47,7
S01007173,488,7,21,104,101,193,62,251,3,7,15,38,131,57,237,4,14,89,63,62,5
S01007174,423,9,30,92,68,158,66,224,1,9,13,33,113,55,199,8,21,79,35,45,11
S01007175,268,1,19,59,50,108,31,141,1,3,10,20,80,27,127,0,16,49,30,28,4
S01007176,319,1,22,80,55,136,25,176,1,4,17,24,109,21,143,0,18,63,31,27,4
S01007177,252,4,18,59,60,88,23,127,3,5,15,24,59,21,125,1,13,44,36,29,2
S01007178,453,6,31,96,87,187,46,226,3,7,23,39,115,39,227,3,24,73,48,72,7
S01007179,488,6,35,127,76,180,64,250,4,7,32,33,121,53,238,2,28,95,43,59,11
S01007180,309,1,26,75,68,102,37,155,0,5,16,27,73,34,154,1,21,59,41,29,3
S01007181,349,7,26,81,74,113,48,184,4,7,17,30,81,45,165,3,19,64,44,32,3
S01007182,501,4,25,99,104,202,67,250,0,3,18,36,132,61,251,4,22,81,68,70,6
S01007183,488,8,28,95,105,201,51,252,1,7,19,39,143,43,236,7,21,76,66,58,8
S01007184,485,5,20,87,115,214,44,236,1,4,14,49,129,39,249,4,16,73,66,85,5
S01007185,337,0,25,88,70,112,42,169,0,8,21,25,75,40,168,0,17,67,45,37,2
S01007186,256,3,21,66,32,103,31,128,2,7,15,15,67,22,128,1,14,51,17,36,9
S01007187,367,2,20,82,69,151,43,193,1,5,21,26,101,39,174,1,15,61,43,50,4
S01007188,321,4,20,59,60,138,40,171,0,5,13,28,93,32,150,4,15,46,32,45,8
S01007189,300,2,16,65,70,111,36,155,1,4,11,30,78,31,145,1,12,54,40,33,5
S01007190,346,5,27,79,83,115,37,184,0,10,14,45,82,33,162,5,17,65,38,33,4
S01007191,301,5,20,78,53,116,29,154,2,2,17,20,87,26,147,3,18,61,33,29,3
S01007192,269,0,19,81,53,98,18,133,0,7,14,23,74,15,136,0,12,67,30,24,3
S01007193,337,4,17,73,68,140,35,179,0,2,12,27,107,31,158,4,15,61,41,33,4
S01007194,223,4,13,72,32,79,23,107,2,2,13,14,56,20,116,2,11,59,18,23,3
S01007195,220,5,11,52,43,87,22,108,1,2,8,21,56,20,112,4,9,44,22,31,2
S01007196,315,2,24,65,53,142,29,163,1,6,11,21,97,27,152,1,18,54,32,45,2
S01007197,241,2,15,76,44,89,15,119,2,0,17,18,70,12,122,0,15,59,26,19,3
S01007198,211,0,11,60,50,66,24,105,0,4,11,22,46,22,106,0,7,49,28,20,2
S01007199,297,2,19,90,56,97,33,142,2,2,19,21,70,28,155,0,17,71,35,27,5
S01007200,440,1,16,109,112,170,32,224,1,2,13,52,125,31,216,0,14,96,60,45,1
S01007201,321,4,10,72,67,128,40,176,1,3,15,35,86,36,145,3,7,57,32,42,4
S01007202,333,2,20,69,81,127,34,181,1,3,16,40,93,28,152,1,17,53,41,34,6
S01007203,318,4,26,77,60,120,31,159,2,4,13,25,89,26,159,2,22,64,35,31,5
S01007204,511,4,47,105,74,202,79,265,1,8,20,35,139,62,246,3,39,85,39,63,17
S01007205,332,5,20,71,35,137,64,176,1,3,8,15,93,56,156,4,17,63,20,44,8
S01007206,179,2,10,39,27,79,22,98,2,0,8,11,57,20,81,0,10,31,16,22,2
S01007207,451,6,37,108,73,164,63,238,2,14,23,28,120,51,213,4,23,85,45,44,12
S01007208,438,6,19,89,91,175,58,236,1,4,25,39,117,50,202,5,15,64,52,58,8
S01007209,359,6,24,68,67,133,61,198,2,8,21,27,87,53,161,4,16,47,40,46,8
S01007210,372,4,15,97,73,146,37,198,1,5,30,24,107,31,174,3,10,67,49,39,6
S01007211,411,5,31,96,76,148,55,218,1,14,20,31,104,48,193,4,17,76,45,44,7
S01007212,275,4,14,64,48,113,32,150,2,7,14,20,77,30,125,2,7,50,28,36,2
S01007213,393,1,32,93,57,157,53,208,0,9,20,24,109,46,185,1,23,73,33,48,7
S01007214,321,2,19,54,69,134,43,159,1,4,13,23,83,35,162,1,15,41,46,51,8
S01007215,371,7,20,81,59,150,54,192,2,3,15,22,103,47,179,5,17,66,37,47,7
S01007216,349,1,23,81,55,138,51,187,0,5,18,24,98,42,162,1,18,63,31,40,9
S01007217,437,4,26,114,77,174,42,221,1,6,23,33,121,37,216,3,20,91,44,53,5
S01007218,429,8,36,89,62,172,62,244,4,12,23,24,127,54,185,4,24,66,38,45,8
S01007219,379,4,23,86,68,151,47,196,2,8,10,24,112,40,183,2,15,76,44,39,7
S01007220,337,5,35,77,62,127,31,179,1,8,14,34,95,27,158,4,27,63,28,32,4
S01007221,303,5,20,62,41,119,56,165,1,3,7,12,91,51,138,4,17,55,29,28,5
S01007222,389,2,30,76,81,155,45,213,0,3,14,34,122,40,176,2,27,62,47,33,5
S01007223,267,4,28,51,30,96,58,152,2,6,12,10,71,51,115,2,22,39,20,25,7
S01007224,274,4,21,64,38,106,41,143,3,5,9,17,76,33,131,1,16,55,21,30,8
S01007225,473,13,20,101,61,184,94,258,3,3,16,27,131,78,215,10,17,85,34,53,16
S01007226,424,7,37,75,54,166,85,237,3,8,19,24,110,73,187,4,29,56,30,56,12
S01007227,452,6,33,94,71,195,53,231,0,5,15,30,132,49,221,6,28,79,41,63,4
S01007228,324,5,17,66,44,117,75,182,1,6,15,16,75,69,142,4,11,51,28,42,6
S01007229,601,5,35,111,74,245,131,342,2,10,23,26,175,106,259,3,25,88,48,70,25
S01007230,314,3,12,62,56,148,33,166,0,0,11,29,98,28,148,3,12,51,27,50,5
S01007231,272,1,11,62,35,127,36,149,0,1,15,16,85,32,123,1,10,47,19,42,4
S01007232,300,2,11,79,64,122,22,152,1,6,13,27,87,18,148,1,5,66,37,35,4
S01007233,387,6,21,73,55,178,54,208,0,5,14,22,120,47,179,6,16,59,33,58,7
S01007234,270,3,16,67,34,117,33,136,1,7,6,10,83,29,134,2,9,61,24,34,4
S01007235,360,3,20,78,63,147,49,193,1,3,18,31,101,39,167,2,17,60,32,46,10
S01007236,312,1,13,64,53,131,50,163,1,2,8,21,88,43,149,0,11,56,32,43,7
S01007237,358,4,19,70,73,131,61,189,0,6,7,25,98,53,169,4,13,63,48,33,8
S01007238,459,4,33,85,90,189,58,236,0,11,14,33,132,46,223,4,22,71,57,57,12
S01007239,358,4,25,48,65,152,64,199,1,7,6,25,107,53,159,3,18,42,40,45,11
S01007240,291,0,19,51,44,112,65,163,0,3,15,14,75,56,128,0,16,36,30,37,9
S01007241,343,4,30,53,66,120,70,188,1,6,13,32,82,54,155,3,24,40,34,38,16
S01007242,466,9,37,92,101,172,55,233,3,10,24,35,117,44,233,6,27,68,66,55,11
S01007243,290,3,20,50,67,111,39,159,1,7,11,36,72,32,131,2,13,39,31,39,7
S01007244,352,6,25,65,65,128,63,189,1,8,16,21,91,52,163,5,17,49,44,37,11
S01007245,349,4,24,61,71,127,62,191,2,5,9,26,92,57,158,2,19,52,45,35,5
S01007246,304,2,9,51,61,119,62,172,2,0,10,21,86,53,132,0,9,41,40,33,9
S01007247,337,2,17,70,59,140,49,169,1,6,13,24,83,42,168,1,11,57,35,57,7
S01007248,354,3,26,81,62,123,59,192,1,9,17,24,92,49,162,2,17,64,38,31,10
S01007249,177,2,12,40,35,71,17,92,1,3,7,13,52,16,85,1,9,33,22,19,1
S01007250,456,3,22,86,80,201,64,235,0,4,12,35,128,56,221,3,18,74,45,73,8
S01007251,232,3,19,43,46,95,26,113,1,8,4,20,60,20,119,2,11,39,26,35,6
S01007252,399,1,31,85,64,162,56,223,1,6,23,30,117,46,176,0,25,62,34,45,10
S01007253,380,4,22,91,69,151,43,197,1,7,20,33,100,36,183,3,15,71,36,51,7
S01007254,343,6,21,73,85,129,29,172,1,2,21,35,87,26,171,5,19,52,50,42,3
S01007255,338,2,20,81,82,128,25,175,1,4,14,40,96,20,163,1,16,67,42,32,5
S01007256,391,2,25,68,85,171,40,203,1,4,15,33,115,35,188,1,21,53,52,56,5
S01007257,281,0,18,59,54,117,33,155,0,3,15,21,88,28,126,0,15,44,33,29,5
S01007258,381,8,32,75,75,142,49,200,0,9,21,34,97,39,181,8,23,54,41,45,10
S01007259,379,4,35,77,76,147,40,194,1,9,15,30,103,36,185,3,26,62,46,44,4
S01007260,409,4,30,91,96,142,46,208,1,4,17,42,104,40,201,3,26,74,54,38,6
S01007261,374,3,32,64,71,158,46,199,1,7,12,23,115,41,175,2,25,52,48,43,5
S01007262,343,4,21,77,88,123,30,171,0,5,6,36,97,27,172,4,16,71,52,26,3
S01007263,369,8,21,82,85,137,36,193,2,8,15,40,94,34,176,6,13,67,45,43,2
S01007264,350,4,22,67,79,141,37,194,1,11,6,36,107,33,156,3,11,61,43,34,4
S01007265,519,5,30,109,116,210,49,266,3,7,17,47,154,38,253,2,23,92,69,56,11
S01007266,367,2,16,83,63,158,45,196,0,5,12,23,117,39,171,2,11,71,40,41,6
S01007267,290,4,19,50,45,107,65,170,0,6,11,20,77,56,120,4,13,39,25,30,9
S01007268,312,4,15,64,40,126,63,170,0,5,11,16,85,53,142,4,10,53,24,41,10
S01007269,241,3,15,45,42,99,37,126,1,6,6,10,71,32,115,2,9,39,32,28,5
S01007270,264,3,13,41,52,84,71,141,1,1,6,17,55,61,123,2,12,35,35,29,10
S01007271,487,1,24,90,102,202,68,263,0,5,20,36,144,58,224,1,19,70,66,58,10
S01007272,360,5,15,73,81,148,38,183,3,0,10,34,102,34,177,2,15,63,47,46,4
S01007273,319,1,18,60,63,135,42,169,0,4,13,23,98,31,150,1,14,47,40,37,11
S01007274,390,5,24,69,80,163,49,207,2,7,15,31,111,41,183,3,17,54,49,52,8
S01007275,248,5,11,54,51,100,27,129,1,3,10,21,72,22,119,4,8,44,30,28,5
S01007276,387,4,27,77,82,152,45,206,0,5,19,25,116,41,181,4,22,58,57,36,4
S01007277,358,6,24,77,72,136,43,179,3,5,17,34,89,31,179,3,19,60,38,47,12
S01007278,262,1,17,63,39,95,47,136,0,3,8,19,66,40,126,1,14,55,20,29,7
S01007279,304,1,17,67,29,102,88,165,0,4,21,8,66,66,139,1,13,46,21,36,22
S01007280,281,3,18,62,34,96,68,161,1,5,18,14,65,58,120,2,13,44,20,31,10
S01007281,501,4,31,100,86,179,101,280,1,7,26,36,123,87,221,3,24,74,50,56,14
S01007282,295,4,18,51,38,103,81,164,3,1,9,12,71,68,131,1,17,42,26,32,13
S01007283,389,10,30,60,50,158,81,208,0,7,13,23,102,63,181,10,23,47,27,56,18
S01007284,406,7,30,98,71,112,88,199,1,7,22,40,65,64,207,6,23,76,31,47,24
S01007285,432,3,28,87,54,162,98,227,1,5,19,24,106,72,205,2,23,68,30,56,26
S01007286,490,3,28,91,84,179,105,257,1,5,15,35,124,77,233,2,23,76,49,55,28
S01007287,343,1,22,60,26,127,107,165,1,2,27,10,60,65,178,0,20,33,16,67,42
S01007288,302,6,17,60,30,105,84,160,2,2,12,15,71,58,142,4,15,48,15,34,26
S01007289,447,5,26,86,88,174,68,221,0,6,12,41,109,53,226,5,20,74,47,65,15
S01007290,359,3,22,90,62,128,54,176,1,6,19,27,87,36,183,2,16,71,35,41,18
S01007291,313,2,20,70,78,100,43,153,0,6,11,36,73,27,160,2,14,59,42,27,16
S01007292,423,6,24,100,81,167,45,224,1,5,18,36,125,39,199,5,19,82,45,42,6
S01007293,406,4,20,129,62,149,42,197,0,8,23,23,111,32,209,4,12,106,39,38,10
S01007294,477,5,34,105,91,170,72,243,4,8,12,42,123,54,234,1,26,93,49,47,18
S01007295,227,2,10,54,51,83,27,123,1,3,14,23,57,25,104,1,7,40,28,26,2
S01007296,319,2,12,49,57,140,59,178,0,3,15,31,84,45,141,2,9,34,26,56,14
S01007297,542,5,25,100,86,222,104,294,1,3,31,30,155,74,248,4,22,69,56,67,30
S01007298,279,2,21,74,64,78,40,143,1,8,18,27,54,35,136,1,13,56,37,24,5
S01007299,483,3,32,109,76,199,64,255,2,11,23,31,141,47,228,1,21,86,45,58,17
S01007300,250,2,11,76,28,85,48,138,1,4,19,17,60,37,112,1,7,57,11,25,11
S01007301,386,4,29,83,61,133,76,198,2,6,23,25,83,59,188,2,23,60,36,50,17
S01007302,318,2,32,77,57,108,42,163,2,15,17,26,68,35,155,0,17,60,31,40,7
S01007303,457,6,38,79,63,172,99,244,1,13,19,23,105,83,213,5,25,60,40,67,16
S01007304,326,3,27,74,36,107,79,172,1,5,20,13,72,61,154,2,22,54,23,35,18
S01007305,393,7,33,87,55,135,76,206,2,8,16,25,87,68,187,5,25,71,30,48,8
S01007306,367,7,17,90,68,127,58,185,2,6,13,34,84,46,182,5,11,77,34,43,12
S01007307,424,2,29,90,63,155,85,229,1,7,25,24,106,66,195,1,22,65,39,49,19
S01007308,412,7,23,63,59,181,79,218,3,7,20,19,112,57,194,4,16,43,40,69,22
S01007309,344,1,19,63,40,135,86,191,0,9,13,20,83,66,153,1,10,50,20,52,20
S01007310,349,4,33,71,53,117,71,188,2,10,14,21,86,55,161,2,23,57,32,31,16
S01007311,447,3,29,80,55,197,83,239,1,6,18,18,131,65,208,2,23,62,37,66,18
S01007312,344,3,26,73,65,117,60,176,1,3,25,26,73,48,168,2,23,48,39,44,12
S01007313,509,8,40,110,75,189,87,274,0,13,28,30,138,65,235,8,27,82,45,51,22
S01007314,371,3,11,85,64,148,60,194,1,3,17,30,101,42,177,2,8,68,34,47,18
S01007315,503,3,16,92,155,189,48,266,1,6,20,72,125,42,237,2,10,72,83,64,6
S01007316,392,3,22,58,125,139,45,191,1,4,9,46,99,32,201,2,18,49,79,40,13
S01007317,354,3,16,73,89,132,41,179,0,5,16,35,91,32,175,3,11,57,54,41,9
S01007318,295,2,15,60,71,117,30,143,1,2,9,26,83,22,152,1,13,51,45,34,8
S01007319,373,3,20,72,87,132,59,205,2,4,20,38,95,46,168,1,16,52,49,37,13
S01007320,373,9,27,73,58,125,81,198,6,5,20,21,81,65,175,3,22,53,37,44,16
S01007321,310,6,25,56,41,92,90,166,0,4,13,12,65,72,144,6,21,43,29,27,18
S01007322,363,3,17,64,73,126,80,203,0,6,18,19,85,75,160,3,11,46,54,41,5
S01007323,255,4,17,39,38,88,69,134,1,1,7,11,58,56,121,3,16,32,27,30,13
S01007324,168,7,17,40,14,56,34,81,1,4,10,7,33,26,87,6,13,30,7,23,8
S01007325,389,2,26,82,47,135,97,200,0,3,15,19,88,75,189,2,23,67,28,47,22
S01007326,385,3,18,73,73,124,94,209,1,2,8,29,93,76,176,2,16,65,44,31,18
S01007327,367,2,12,61,79,148,65,191,0,0,11,32,100,48,176,2,12,50,47,48,17
S01007328,417,2,24,95,75,170,51,216,1,5,24,34,115,37,201,1,19,71,41,55,14
S01007329,340,10,24,75,38,100,93,176,3,6,15,13,68,71,164,7,18,60,25,32,22
S01007330,339,8,24,78,44,94,91,176,1,2,16,18,64,75,163,7,22,62,26,30,16
S01007331,511,6,29,91,102,157,126,277,2,0,19,34,115,107,234,4,29,72,68,42,19
S01007332,239,6,19,44,23,70,77,131,1,4,10,10,41,65,108,5,15,34,13,29,12
S01007333,363,4,24,74,87,107,67,186,1,5,15,36,73,56,177,3,19,59,51,34,11
S01007334,275,4,15,83,50,102,21,143,2,2,20,19,82,18,132,2,13,63,31,20,3
S01007335,340,5,20,83,84,120,28,166,1,4,13,37,87,24,174,4,16,70,47,33,4
S01007336,227,2,12,49,47,84,33,142,1,6,18,21,66,30,85,1,6,31,26,18,3
S01007337,260,2,10,75,43,91,39,125,1,3,13,16,63,29,135,1,7,62,27,28,10
S01007338,362,5,24,93,89,108,43,185,2,3,16,43,83,38,177,3,21,77,46,25,5
S01007339,278,3,21,60,64,85,45,140,0,4,12,24,62,38,138,3,17,48,40,23,7
S01007340,183,3,13,40,40,64,23,95,0,3,17,21,37,17,88,3,10,23,19,27,6
S01007341,272,3,17,54,64,99,35,150,0,8,11,33,71,27,122,3,9,43,31,28,8
S01007342,369,2,31,104,51,118,63,191,0,9,34,25,72,51,178,2,22,70,26,46,12
S01007343,319,4,15,64,45,99,92,173,1,2,17,15,62,76,146,3,13,47,30,37,16
S01007344,184,3,9,38,43,63,28,95,2,3,10,23,39,18,89,1,6,28,20,24,10
S01007345,225,3,16,73,48,66,19,108,0,3,15,25,49,16,117,3,13,58,23,17,3
S01007346,215,0,10,55,38,91,21,113,0,5,17,17,58,16,102,0,5,38,21,33,5
S01007347,228,3,12,62,46,84,21,111,1,2,18,21,57,12,117,2,10,44,25,27,9
S01007348,244,1,24,70,50,90,9,127,0,9,16,23,71,8,117,1,15,54,27,19,1
S01007349,182,1,15,45,37,60,24,91,0,2,8,19,44,18,91,1,13,37,18,16,6
S01007350,243,4,15,63,51,82,28,130,1,8,25,23,51,22,113,3,7,38,28,31,6
S01007351,264,2,14,60,32,103,53,145,0,1,17,13,75,39,119,2,13,43,19,28,14
S01007352,243,2,13,42,22,102,62,149,1,5,14,11,68,50,94,1,8,28,11,34,12
S01007353,264,6,15,59,44,89,51,139,2,3,16,15,64,39,125,4,12,43,29,25,12
S01007354,313,3,14,77,64,111,44,166,1,6,18,27,77,37,147,2,8,59,37,34,7
S01007355,431,5,23,78,76,161,88,245,1,9,27,32,108,68,186,4,14,51,44,53,20
S01007356,289,5,24,70,54,97,39,151,2,11,22,22,64,30,138,3,13,48,32,33,9
S01007357,369,2,26,84,48,137,72,185,1,7,22,14,90,51,184,1,19,62,34,47,21
S01007358,506,2,19,105,80,218,82,286,1,5,22,43,152,63,220,1,14,83,37,66,19
S01007359,329,5,21,80,73,129,21,168,1,3,14,39,93,18,161,4,18,66,34,36,3
S01007360,220,1,19,43,37,85,35,114,0,4,10,17,55,28,106,1,15,33,20,30,7
S01007361,435,5,34,84,90,154,68,222,1,15,19,38,97,52,213,4,19,65,52,57,16
S01007362,326,3,23,64,82,117,37,167,0,8,13,43,77,26,159,3,15,51,39,40,11
S01007363,253,2,10,62,58,91,30,128,0,2,15,24,60,27,125,2,8,47,34,31,3
S01007364,343,1,23,90,73,129,27,154,0,3,15,27,88,21,189,1,20,75,46,41,6
S01007365,202,1,16,48,42,71,24,97,1,1,7,18,52,18,105,0,15,41,24,19,6
S01007366,149,1,10,42,27,54,15,78,1,3,12,11,36,15,71,0,7,30,16,18,0
S01007367,250,1,12,70,52,91,24,124,1,1,18,18,68,18,126,0,11,52,34,23,6
S01007368,200,4,20,45,36,81,14,93,2,7,10,10,52,12,107,2,13,35,26,29,2
S01007369,360,0,33,77,79,134,37,190,0,7,17,39,95,32,170,0,26,60,40,39,5
S01007370,378,1,22,90,88,130,47,191,0,7,24,35,84,41,187,1,15,66,53,46,6
S01007371,335,5,22,80,74,110,44,161,2,3,19,31,70,36,174,3,19,61,43,40,8
S01007372,365,2,25,87,59,131,61,196,1,9,23,34,82,47,169,1,16,64,25,49,14
S01007373,259,4,13,62,48,88,44,148,0,3,15,24,65,41,111,4,10,47,24,23,3
S01007374,269,3,12,54,49,115,36,140,1,4,15,21,74,25,129,2,8,39,28,41,11
S01007375,204,3,10,37,31,88,35,112,1,5,10,16,50,30,92,2,5,27,15,38,5
S01007376,360,0,21,83,74,144,38,172,0,7,15,33,90,27,188,0,14,68,41,54,11
S01007377,339,3,22,68,76,121,49,185,1,6,25,32,87,34,154,2,16,43,44,34,15
S01007378,1164,4,19,60,182,696,203,1002,1,10,20,154,624,193,162,3,9,40,28,72,10
S01007379,208,2,10,39,55,75,27,110,1,1,5,27,53,23,98,1,9,34,28,22,4
S01007380,290,1,15,54,67,126,27,154,0,3,14,24,92,21,136,1,12,40,43,34,6
S01007381,197,5,14,36,32,78,32,106,0,3,7,15,52,29,91,5,11,29,17,26,3
S01007382,325,2,26,61,60,127,49,175,0,4,14,33,85,39,150,2,22,47,27,42,10
S01007383,346,1,22,60,78,127,58,191,0,5,13,38,83,52,155,1,17,47,40,44,6
S01007384,384,7,15,91,84,129,58,200,0,6,18,31,93,52,184,7,9,73,53,36,6
S01007385,362,4,23,67,77,133,58,188,2,11,12,29,84,50,174,2,12,55,48,49,8
S01007386,354,5,33,77,56,111,72,185,3,9,16,22,79,56,169,2,24,61,34,32,16
S01007387,365,8,22,74,57,130,74,203,4,6,20,30,85,58,162,4,16,54,27,45,16
S01007388,342,3,29,66,74,135,35,171,1,9,11,33,90,27,171,2,20,55,41,45,8
S01007389,258,2,7,53,43,122,31,155,0,3,9,18,95,30,103,2,4,44,25,27,1
S01007390,258,4,14,75,35,90,40,130,3,1,17,9,67,33,128,1,13,58,26,23,7
S01007391,282,5,21,53,54,115,34,153,0,5,13,26,83,26,129,5,16,40,28,32,8
S01007392,203,1,8,38,46,83,27,112,0,3,7,21,55,26,91,1,5,31,25,28,1
S01007393,247,5,19,48,47,75,53,129,3,2,11,19,51,43,118,2,17,37,28,24,10
S01007394,242,3,18,53,46,85,37,127,2,6,13,16,59,31,115,1,12,40,30,26,6
S01007395,388,3,16,60,91,170,48,223,1,8,16,47,114,37,165,2,8,44,44,56,11
S01007396,377,2,22,78,91,140,44,192,1,9,24,34,87,37,185,1,13,54,57,53,7
S01007397,435,6,29,90,98,146,66,242,1,9,21,52,110,49,193,5,20,69,46,36,17
S01007398,287,0,19,85,56,110,17,126,0,3,11,23,73,16,161,0,16,74,33,37,1
S01007399,249,2,8,81,61,80,17,126,0,3,23,26,59,15,123,2,5,58,35,21,2
S01007400,330,4,28,71,73,109,45,162,0,8,17,30,71,36,168,4,20,54,43,38,9
S01007401,349,0,34,61,81,124,49,181,0,9,13,36,87,36,168,0,25,48,45,37,13
S01007402,310,5,22,65,71,118,29,159,2,3,15,33,83,23,151,3,19,50,38,35,6
S01007403,408,6,29,82,57,164,70,233,2,1,10,29,127,64,175,4,28,72,28,37,6
S01007404,223,2,10,37,23,90,61,129,0,3,12,11,58,45,94,2,7,25,12,32,16
S01007405,356,2,19,61,52,147,75,186,1,6,10,22,84,63,170,1,13,51,30,63,12
S01007406,293,2,18,64,62,109,38,150,1,3,15,24,77,30,143,1,15,49,38,32,8
S01007407,340,2,24,62,70,136,46,181,0,5,9,36,92,39,159,2,19,53,34,44,7
S01007408,281,3,13,68,63,113,21,137,1,3,13,26,74,20,144,2,10,55,37,39,1
S01007409,373,2,19,72,86,164,30,198,0,7,13,34,117,27,175,2,12,59,52,47,3
S01007410,258,1,16,58,60,107,16,138,0,4,14,24,81,15,120,1,12,44,36,26,1
S01007411,346,3,13,74,83,139,34,172,1,1,15,33,94,28,174,2,12,59,50,45,6
S01007412,206,1,4,36,60,81,24,113,0,4,8,31,50,20,93,1,0,28,29,31,4
S01007413,528,2,25,86,139,204,72,264,1,5,9,60,138,51,264,1,20,77,79,66,21
S01007414,398,5,19,81,81,154,58,207,3,1,15,31,111,46,191,2,18,66,50,43,12
S01007415,367,5,5,86,89,155,27,185,1,0,12,34,115,23,182,4,5,74,55,40,4
S01007416,197,0,6,59,32,85,15,97,0,1,13,12,57,14,100,0,5,46,20,28,1
S01007417,549,1,23,88,128,241,68,284,0,10,15,54,152,53,265,1,13,73,74,89,15
S01007418,297,1,12,77,56,129,22,147,0,1,15,22,90,19,150,1,11,62,34,39,3
S01007419,360,3,13,91,81,147,25,190,2,3,24,38,102,21,170,1,10,67,43,45,4
S01007420,563,5,44,104,118,225,67,359,3,25,44,60,170,57,204,2,19,60,58,55,10
S01007421,351,1,12,67,89,141,41,185,0,1,11,41,95,37,166,1,11,56,48,46,4
S01007422,278,3,9,60,61,112,33,141,0,3,9,25,79,25,137,3,6,51,36,33,8
S01007423,409,1,14,73,99,174,48,213,1,6,9,41,120,36,196,0,8,64,58,54,12
S01007424,405,5,16,93,107,141,43,209,4,3,20,55,91,36,196,1,13,73,52,50,7
S01007425,421,6,17,107,91,162,38,219,3,9,19,42,115,31,202,3,8,88,49,47,7
S01007426,289,3,17,58,78,109,24,150,1,3,10,35,81,20,139,2,14,48,43,28,4
S01007427,265,2,16,61,64,97,25,125,0,8,8,29,60,20,140,2,8,53,35,37,5
S01007428,415,3,21,94,108,164,25,216,2,7,23,44,118,22,199,1,14,71,64,46,3
S01007429,383,3,16,78,95,146,45,194,0,7,17,40,95,35,189,3,9,61,55,51,10
S01007430,220,4,19,44,52,75,26,111,2,8,12,22,46,21,109,2,11,32,30,29,5
S01007431,300,3,18,61,87,107,24,147,0,4,13,41,69,20,153,3,14,48,46,38,4
S01007432,390,7,22,75,81,155,50,202,0,3,17,31,112,39,188,7,19,58,50,43,11
S01007433,365,4,22,73,74,131,61,194,1,6,13,34,88,52,171,3,16,60,40,43,9
S01007434,221,1,15,52,48,88,17,121,0,3,15,22,65,16,100,1,12,37,26,23,1
S01007435,341,2,13,69,71,156,30,170,0,3,19,31,97,20,171,2,10,50,40,59,10
S01007436,298,3,19,73,50,131,22,145,2,4,18,14,93,14,153,1,15,55,36,38,8
S01007437,201,2,19,40,54,68,18,113,1,8,8,30,51,15,88,1,11,32,24,17,3
S01007438,304,4,9,51,73,136,31,174,1,3,11,29,101,29,130,3,6,40,44,35,2
S01007439,325,3,17,59,85,131,30,178,1,4,11,33,101,28,147,2,13,48,52,30,2
S01007440,306,5,12,66,70,129,24,161,2,2,19,25,92,21,145,3,10,47,45,37,3
S01007441,290,3,14,54,71,122,26,142,0,4,7,24,86,21,148,3,10,47,47,36,5
S01007442,249,3,13,48,57,87,41,130,0,3,10,23,63,31,119,3,10,38,34,24,10
S01007443,350,2,27,68,64,125,64,185,2,4,10,28,87,54,165,0,23,58,36,38,10
S01007444,408,8,23,82,62,147,86,213,1,7,13,25,99,68,195,7,16,69,37,48,18
S01007445,287,6,13,65,59,100,44,149,1,4,10,27,70,37,138,5,9,55,32,30,7
S01007446,249,4,14,52,43,76,60,123,3,2,10,18,46,44,126,1,12,42,25,30,16
S01007447,236,4,19,51,31,87,44,133,0,7,10,17,63,36,103,4,12,41,14,24,8
S01007448,422,4,25,80,84,162,67,230,0,6,16,39,112,57,192,4,19,64,45,50,10
S01007449,440,4,19,103,97,178,39,222,1,5,17,49,122,28,218,3,14,86,48,56,11
S01007450,300,3,18,81,62,107,29,155,2,5,18,31,77,22,145,1,13,63,31,30,7
S01007451,304,3,18,68,56,133,26,147,1,5,6,27,87,21,157,2,13,62,29,46,5
S01007452,215,0,10,42,43,83,37,112,0,1,7,17,57,30,103,0,9,35,26,26,7
S01007453,345,3,10,54,86,136,56,179,1,3,8,32,92,43,166,2,7,46,54,44,13
S01007454,251,2,14,50,56,100,29,128,0,4,9,21,72,22,123,2,10,41,35,28,7
S01007455,365,3,21,74,75,158,34,186,0,5,12,33,104,32,179,3,16,62,42,54,2
S01007456,367,4,20,90,92,131,30,171,2,1,19,36,87,26,196,2,19,71,56,44,4
S01007457,479,1,17,87,129,200,45,246,0,4,13,54,139,36,233,1,13,74,75,61,9
S01007458,278,0,16,60,79,113,10,139,0,5,11,38,76,9,139,0,11,49,41,37,1
S01007459,292,3,12,64,64,120,29,146,1,4,14,21,82,24,146,2,8,50,43,38,5
S01007460,325,0,18,62,84,137,24,170,0,5,16,33,95,21,155,0,13,46,51,42,3
S01007461,253,1,15,67,47,100,23,120,0,3,17,17,62,21,133,1,12,50,30,38,2
S01007462,431,2,16,71,107,195,40,217,1,2,17,40,123,34,214,1,14,54,67,72,6
S01007463,324,2,15,90,76,117,24,168,1,2,21,40,85,19,156,1,13,69,36,32,5
S01007464,242,2,14,48,57,100,21,130,0,0,13,22,76,19,112,2,14,35,35,24,2
S01007465,233,2,9,69,42,96,15,122,0,1,14,22,71,14,111,2,8,55,20,25,1
S01007466,403,4,22,93,100,147,37,201,0,10,15,39,107,30,202,4,12,78,61,40,7
S01007467,429,3,23,92,107,164,40,218,0,6,23,47,114,28,211,3,17,69,60,50,12
S01007468,410,3,17,77,110,153,50,219,0,6,21,49,107,36,191,3,11,56,61,46,14
S01007469,278,3,9,67,70,110,19,140,0,1,13,27,82,17,138,3,8,54,43,28,2
S01007470,271,1,13,61,62,103,31,143,1,2,12,31,74,23,128,0,11,49,31,29,8
S01007471,250,1,16,57,67,89,20,128,1,5,11,31,63,17,122,0,11,46,36,26,3
S01007472,223,3,7,55,51,87,20,114,0,2,11,25,58,18,109,3,5,44,26,29,2
S01007473,207,2,10,45,53,85,12,101,1,3,9,16,61,11,106,1,7,36,37,24,1
S01007474,296,1,20,70,78,101,26,146,0,3,11,38,72,22,150,1,17,59,40,29,4
S01007475,313,3,15,62,89,113,31,152,0,5,6,37,78,26,161,3,10,56,52,35,5
S01007476,292,1,22,57,74,107,31,143,0,4,9,26,79,25,149,1,18,48,48,28,6
S01007477,273,2,10,44,75,112,30,140,0,2,8,30,79,21,133,2,8,36,45,33,9
S01007478,444,1,22,72,132,169,48,229,0,8,16,66,104,35,215,1,14,56,66,65,13
S01007479,307,3,9,58,77,133,27,153,2,1,5,33,94,18,154,1,8,53,44,39,9
S01007480,453,3,15,84,122,189,40,235,1,1,13,48,140,32,218,2,14,71,74,49,8
S01007481,345,2,22,84,66,120,51,180,0,5,20,24,87,44,165,2,17,64,42,33,7
S01007482,183,2,11,48,28,66,28,93,2,2,12,7,47,23,90,0,9,36,21,19,5
S01007483,368,0,23,103,61,129,52,191,0,5,19,28,92,47,177,0,18,84,33,37,5
S01007484,228,5,9,55,42,87,30,127,2,1,12,20,65,27,101,3,8,43,22,22,3
S01007485,167,1,17,58,27,53,11,74,0,2,11,9,43,9,93,1,15,47,18,10,2
S01007486,142,1,14,61,19,33,14,63,0,4,10,9,27,13,79,1,10,51,10,6,1
S01007487,382,3,19,97,64,160,39,202,1,3,23,28,117,30,180,2,16,74,36,43,9
S01007488,488,5,20,116,91,183,73,250,3,6,21,34,130,56,238,2,14,95,57,53,17
S01007489,393,7,38,101,68,137,42,192,2,6,13,26,109,36,201,5,32,88,42,28,6
S01007490,360,2,24,113,50,136,35,186,0,5,28,20,103,30,174,2,19,85,30,33,5
S01007491,510,2,31,143,102,174,58,243,0,7,28,40,122,46,267,2,24,115,62,52,12
S01007492,330,1,22,93,60,118,36,160,0,6,14,26,84,30,170,1,16,79,34,34,6
S01007493,396,1,25,107,75,148,40,199,0,5,16,37,110,31,197,1,20,91,38,38,9
S01007494,240,7,11,49,29,68,76,130,3,3,9,9,43,63,110,4,8,40,20,25,13
S01007495,433,4,35,99,62,128,105,232,1,7,13,24,95,92,201,3,28,86,38,33,13
S01007496,448,7,25,120,68,140,88,239,1,7,26,32,98,75,209,6,18,94,36,42,13
S01007497,259,3,14,61,44,85,52,151,2,3,16,19,67,44,108,1,11,45,25,18,8
S01007498,362,4,18,87,69,123,61,198,1,8,19,33,86,51,164,3,10,68,36,37,10
S01007499,410,6,23,92,59,137,93,226,2,1,23,28,98,74,184,4,22,69,31,39,19
S01007500,238,2,17,50,34,73,62,129,0,2,12,14,48,53,109,2,15,38,20,25,9
S01007501,265,2,22,61,38,56,86,138,1,8,13,12,36,68,127,1,14,48,26,20,18
S01007502,248,5,18,61,32,80,52,140,4,5,15,9,61,46,108,1,13,46,23,19,6
S01007503,439,4,33,92,75,131,104,233,1,1,18,28,99,86,206,3,32,74,47,32,18
S01007504,326,8,25,75,33,106,79,175,3,4,17,15,77,59,151,5,21,58,18,29,20
S01007505,208,4,16,36,29,69,54,113,3,4,9,8,45,44,95,1,12,27,21,24,10
S01007506,225,2,8,48,31,60,76,124,1,0,10,13,43,57,101,1,8,38,18,17,19
S01007507,399,1,25,98,59,152,64,211,0,5,17,23,113,53,188,1,20,81,36,39,11
S01007508,332,5,28,75,46,102,76,181,1,4,24,17,74,61,151,4,24,51,29,28,15
S01007509,289,8,21,69,29,85,77,152,4,8,17,10,51,62,137,4,13,52,19,34,15
S01007510,389,6,36,111,48,118,70,216,1,6,36,21,90,62,173,5,30,75,27,28,8
S01007511,303,7,17,86,37,100,56,163,2,3,26,13,73,46,140,5,14,60,24,27,10
S01007512,229,3,22,54,28,63,59,124,1,2,11,15,47,48,105,2,20,43,13,16,11
S01007513,449,5,32,116,79,166,51,227,0,9,23,37,116,42,222,5,23,93,42,50,9
S01007514,256,2,14,59,33,100,48,140,0,4,15,18,63,40,116,2,10,44,15,37,8
S01007515,237,3,13,56,38,87,40,122,0,2,12,16,62,30,115,3,11,44,22,25,10
S01007516,270,3,21,67,47,109,23,136,2,3,9,16,85,21,134,1,18,58,31,24,2
S01007517,174,4,12,39,25,73,21,91,2,3,10,10,52,14,83,2,9,29,15,21,7
S01007518,362,6,14,92,79,138,33,195,3,6,18,32,111,25,167,3,8,74,47,27,8
S01007519,196,0,11,41,22,70,52,107,0,2,11,13,44,37,89,0,9,30,9,26,15
S01007520,399,2,27,86,64,125,95,231,1,8,18,26,93,85,168,1,19,68,38,32,10
S01007521,220,5,20,38,33,65,59,116,2,0,6,14,47,47,104,3,20,32,19,18,12
S01007522,402,5,24,109,70,146,48,203,1,9,22,34,101,36,199,4,15,87,36,45,12
S01007523,254,6,20,59,36,73,60,134,2,7,15,18,43,49,120,4,13,44,18,30,11
S01007524,470,5,23,106,77,154,105,242,1,7,17,32,102,83,228,4,16,89,45,52,22
S01007525,234,0,12,58,42,87,35,127,0,3,15,18,64,27,107,0,9,43,24,23,8
S01007526,285,4,26,68,48,96,43,145,1,4,22,17,66,35,140,3,22,46,31,30,8
S01007527,365,4,30,100,66,130,35,199,2,10,25,26,107,29,166,2,20,75,40,23,6
S01007528,363,7,18,101,67,123,47,190,3,6,22,32,88,39,173,4,12,79,35,35,8
S01007529,274,3,18,68,40,100,45,139,2,6,13,14,68,36,135,1,12,55,26,32,9
S01007530,262,3,21,59,38,83,58,145,0,6,13,17,60,49,117,3,15,46,21,23,9
S01007531,327,3,21,73,49,103,78,170,1,2,16,18,72,61,157,2,19,57,31,31,17
S01007532,284,0,17,69,39,87,72,151,0,4,11,17,60,59,133,0,13,58,22,27,13
S01007533,275,4,11,65,41,87,67,143,1,2,12,15,59,54,132,3,9,53,26,28,13
S01007534,412,3,28,104,73,139,65,214,2,13,12,36,101,50,198,1,15,92,37,38,15
S01007535,449,6,30,133,76,148,56,210,1,2,26,31,106,44,239,5,28,107,45,42,12
S01007536,450,4,21,117,84,174,50,233,2,4,22,36,126,43,217,2,17,95,48,48,7
S01007537,440,4,28,97,78,177,56,210,2,5,18,25,116,44,230,2,23,79,53,61,12
S01007538,448,6,36,104,64,130,108,228,1,12,19,22,79,95,220,5,24,85,42,51,13
S01007539,278,6,17,61,64,104,26,142,5,6,10,29,71,21,136,1,11,51,35,33,5
S01007540,357,9,19,93,75,119,42,177,1,2,21,27,95,31,180,8,17,72,48,24,11
S01007541,329,3,23,79,55,130,39,180,1,7,11,28,100,33,149,2,16,68,27,30,6
S01007542,405,5,28,96,60,168,48,199,2,3,13,18,122,41,206,3,25,83,42,46,7
S01007543,516,5,42,146,66,210,47,253,1,7,28,15,161,41,263,4,35,118,51,49,6
S01007544,410,4,28,89,51,121,117,217,0,4,25,24,78,86,193,4,24,64,27,43,31
S01007545,382,5,42,78,54,123,80,194,1,10,16,18,84,65,188,4,32,62,36,39,15
S01007546,284,5,16,71,42,87,63,145,2,7,10,16,54,56,139,3,9,61,26,33,7
S01007547,302,0,15,60,47,97,83,171,0,3,21,20,60,67,131,0,12,39,27,37,16
S01007548,333,6,23,87,60,101,56,170,2,3,19,23,77,46,163,4,20,68,37,24,10
S01007549,247,0,16,68,45,67,51,119,0,6,12,14,48,39,128,0,10,56,31,19,12
S01007550,361,6,35,85,47,112,76,198,3,7,24,22,86,56,163,3,28,61,25,26,20
S01007551,433,9,33,95,60,137,99,224,2,9,28,23,87,75,209,7,24,67,37,50,24
S01007552,384,4,26,84,70,134,66,195,2,5,7,31,92,58,189,2,21,77,39,42,8
S01007553,316,5,14,78,71,112,36,164,1,1,10,32,87,33,152,4,13,68,39,25,3
S01007554,133,0,5,25,35,46,22,74,0,1,5,13,34,21,59,0,4,20,22,12,1
S01007555,237,3,16,37,35,95,51,138,0,3,6,16,69,44,99,3,13,31,19,26,7
S01007556,201,6,14,43,36,67,35,98,2,1,3,16,43,33,103,4,13,40,20,24,2
S01007557,457,8,42,103,77,163,64,230,3,1,13,36,116,61,227,5,41,90,41,47,3
S01007558,189,2,14,38,32,56,47,104,1,5,8,14,36,40,85,1,9,30,18,20,7
S01007559,382,3,32,82,52,123,90,205,0,7,18,24,83,73,177,3,25,64,28,40,17
S01007560,410,6,22,118,59,138,67,220,2,9,29,27,100,53,190,4,13,89,32,38,14
S01007561,279,1,24,77,48,101,28,139,0,7,18,16,74,24,140,1,17,59,32,27,4
S01007562,394,3,31,94,77,117,72,204,1,7,19,33,82,62,190,2,24,75,44,35,10
S01007563,392,9,31,105,65,129,53,200,1,10,28,26,86,49,192,8,21,77,39,43,4
S01007564,379,9,38,98,55,87,92,200,3,15,27,19,63,73,179,6,23,71,36,24,19
S01007565,446,4,23,104,75,167,73,229,0,7,25,28,111,58,217,4,16,79,47,56,15
S01007566,349,3,15,77,59,112,83,192,0,6,10,30,77,69,157,3,9,67,29,35,14
S01007567,318,2,24,80,54,91,67,172,1,7,19,25,61,59,146,1,17,61,29,30,8
S01007568,342,4,25,73,61,121,58,181,1,8,17,28,86,41,161,3,17,56,33,35,17
S01007569,395,2,25,86,62,139,81,223,1,8,21,28,98,67,172,1,17,65,34,41,14
S01007570,340,3,17,75,71,123,51,170,1,3,17,34,76,39,170,2,14,58,37,47,12
S01007571,287,5,23,66,36,99,58,157,3,5,11,14,71,53,130,2,18,55,22,28,5
S01007572,421,5,22,109,81,159,45,215,0,3,23,34,118,37,206,5,19,86,47,41,8
S01007573,534,3,15,112,104,243,57,267,1,3,9,43,166,45,267,2,12,103,61,77,12
S01007574,465,5,37,132,93,166,32,221,0,6,31,40,116,28,244,5,31,101,53,50,4
S01007575,336,3,31,86,78,118,20,169,0,6,22,38,86,17,167,3,25,64,40,32,3
S01007576,228,1,16,80,46,71,14,113,0,4,25,17,53,14,115,1,12,55,29,18,0
S01007577,251,0,21,69,45,100,16,117,0,4,11,23,68,11,134,0,17,58,22,32,5
S01007578,278,0,19,79,57,104,19,148,0,4,13,29,86,16,130,0,15,66,28,18,3
S01007579,281,2,22,81,56,104,16,120,2,4,15,16,70,13,161,0,18,66,40,34,3
S01007580,334,2,28,88,60,127,29,173,0,9,25,28,83,28,161,2,19,63,32,44,1
S01007581,218,1,11,71,34,83,18,111,0,5,13,12,65,16,107,1,6,58,22,18,2
S01007582,300,1,18,80,78,104,19,150,0,3,16,37,76,18,150,1,15,64,41,28,1
S01007583,416,2,28,130,96,132,28,185,0,6,25,42,89,23,231,2,22,105,54,43,5
S01007584,292,3,28,78,43,109,31,156,1,6,22,21,79,27,136,2,22,56,22,30,4
S01007585,409,4,28,93,86,165,33,209,1,3,27,38,111,29,200,3,25,66,48,54,4
S01007586,373,1,26,122,73,132,19,181,0,7,21,30,109,14,192,1,19,101,43,23,5
S01007587,324,3,18,72,71,115,45,165,0,4,16,33,73,39,159,3,14,56,38,42,6
S01007588,399,11,32,88,66,147,55,200,5,9,16,31,101,38,199,6,23,72,35,46,17
S01007589,422,6,21,92,95,166,42,225,4,6,21,51,111,32,197,2,15,71,44,55,10
S01007590,284,3,14,56,68,108,35,137,2,3,14,27,64,27,147,1,11,42,41,44,8
S01007591,318,4,20,70,67,138,19,168,0,2,18,31,98,19,150,4,18,52,36,40,0
S01007592,328,3,23,93,55,122,32,163,2,8,16,23,88,26,165,1,15,77,32,34,6
S01007593,497,7,32,127,93,186,52,238,0,8,28,39,123,40,259,7,24,99,54,63,12
S01007594,434,5,35,97,87,155,55,216,1,8,25,35,103,44,218,4,27,72,52,52,11
S01007595,561,6,33,110,98,222,92,292,2,6,30,33,151,70,269,4,27,80,65,71,22
S01007596,239,1,14,62,18,86,58,124,1,4,16,6,56,41,115,0,10,46,12,30,17
S01007597,327,2,17,71,64,112,61,181,1,8,11,34,71,56,146,1,9,60,30,41,5
S01007598,332,2,22,81,62,114,51,153,0,2,18,22,67,44,179,2,20,63,40,47,7
S01007599,429,3,28,128,79,158,33,220,2,10,31,40,106,31,209,1,18,97,39,52,2
S01007600,517,6,25,100,94,206,86,261,2,6,16,43,126,68,256,4,19,84,51,80,18
S01007601,401,2,14,98,97,144,46,201,0,3,18,42,98,40,200,2,11,80,55,46,6
S01007602,367,3,17,100,83,129,35,182,1,6,15,43,90,27,185,2,11,85,40,39,8
S01007603,484,6,32,111,103,192,40,246,3,8,21,46,132,36,238,3,24,90,57,60,4
S01007604,456,5,24,110,114,164,39,227,2,6,26,51,107,35,229,3,18,84,63,57,4
S01007605,457,1,31,102,107,177,39,230,0,13,18,43,123,33,227,1,18,84,64,54,6
S01007606,309,5,16,68,70,121,29,163,2,4,13,33,93,18,146,3,12,55,37,28,11
S01007607,388,4,20,88,93,145,38,195,3,5,19,45,94,29,193,1,15,69,48,51,9
S01007608,406,7,24,89,97,150,39,205,5,9,20,41,98,32,201,2,15,69,56,52,7
S01007609,424,5,26,121,101,135,36,200,0,11,25,37,97,30,224,5,15,96,64,38,6
S01007610,217,2,14,55,44,83,19,101,0,4,9,18,54,16,116,2,10,46,26,29,3
S01007611,386,3,24,87,85,163,24,199,0,9,22,42,110,16,187,3,15,65,43,53,8
S01007612,530,4,37,129,120,183,57,290,0,14,34,62,132,48,240,4,23,95,58,51,9
S01007613,392,5,24,77,83,151,52,209,2,1,25,38,100,43,183,3,23,52,45,51,9
S01007614,423,5,34,100,85,143,56,214,2,4,24,52,90,42,209,3,30,76,33,53,14
S01007615,530,4,30,123,124,185,64,254,1,6,25,45,130,47,276,3,24,98,79,55,17
S01007616,367,5,14,86,90,135,37,168,0,3,19,32,88,26,199,5,11,67,58,47,11
S01007617,249,4,15,77,44,82,27,120,0,3,15,17,61,24,129,4,12,62,27,21,3
S01007618,263,2,19,80,47,93,22,131,0,2,16,23,71,19,132,2,17,64,24,22,3
S01007619,297,0,15,95,57,103,27,146,0,1,18,28,76,23,151,0,14,77,29,27,4
S01007620,314,3,11,70,82,112,36,153,1,1,14,29,81,27,161,2,10,56,53,31,9
S01007621,328,2,18,79,64,140,25,165,1,5,13,20,104,22,163,1,13,66,44,36,3
S01007622,275,3,10,78,46,103,35,145,1,3,14,20,74,33,130,2,7,64,26,29,2
S01007623,319,4,20,70,71,117,37,158,0,5,11,29,82,31,161,4,15,59,42,35,6
S01007624,394,1,26,100,78,156,33,208,1,11,16,33,118,29,186,0,15,84,45,38,4
S01007625,278,1,16,56,44,126,35,137,0,4,8,12,87,26,141,1,12,48,32,39,9
S01007626,397,2,18,87,74,173,43,200,1,1,9,33,118,38,197,1,17,78,41,55,5
S01007627,295,1,16,62,50,119,47,155,0,6,12,22,78,37,140,1,10,50,28,41,10
S01007628,330,1,20,73,67,127,42,166,0,7,17,28,81,33,164,1,13,56,39,46,9
S01007629,359,1,21,80,73,128,56,192,0,4,16,33,89,50,167,1,17,64,40,39,6
S01007630,463,6,25,98,82,158,94,245,1,2,21,29,108,84,218,5,23,77,53,50,10
S01007631,311,4,22,77,48,103,57,170,2,3,24,22,72,47,141,2,19,53,26,31,10
S01007632,462,6,24,99,80,195,58,233,3,5,9,25,140,51,229,3,19,90,55,55,7
S01007633,454,3,27,108,81,182,53,240,2,10,18,36,131,43,214,1,17,90,45,51,10
S01007634,290,3,19,63,48,110,47,164,0,5,14,22,80,43,126,3,14,49,26,30,4
S01007635,268,3,25,55,40,101,44,140,0,5,6,21,70,38,128,3,20,49,19,31,6
S01007636,360,1,20,75,61,137,66,188,0,4,22,21,92,49,172,1,16,53,40,45,17
S01007637,404,0,28,84,87,146,59,209,0,4,10,35,107,53,195,0,24,74,52,39,6
S01007638,361,2,22,77,62,157,41,190,2,2,15,26,113,32,171,0,20,62,36,44,9
S01007639,512,4,34,117,103,197,57,258,0,5,19,37,146,51,254,4,29,98,66,51,6
S01007640,362,3,23,65,51,128,92,203,0,4,20,24,80,75,159,3,19,45,27,48,17
S01007641,404,3,28,110,63,130,70,214,0,12,20,28,95,59,190,3,16,90,35,35,11
S01007642,361,7,25,76,56,108,89,198,5,8,14,25,77,69,163,2,17,62,31,31,20
S01007643,430,5,34,101,66,150,74,210,1,7,24,27,94,57,220,4,27,77,39,56,17
S01007644,344,5,22,102,43,113,59,176,1,4,23,17,81,50,168,4,18,79,26,32,9
S01007645,270,3,19,53,49,86,60,151,2,9,9,19,64,48,119,1,10,44,30,22,12
S01007646,295,6,21,47,39,101,81,165,2,6,11,14,70,62,130,4,15,36,25,31,19
S01007647,335,4,20,63,53,148,47,171,0,5,10,24,94,38,164,4,15,53,29,54,9
S01007648,436,9,24,91,74,196,42,226,4,2,23,27,136,34,210,5,22,68,47,60,8
S01007649,379,4,25,82,55,162,51,206,1,2,14,34,111,44,173,3,23,68,21,51,7
S01007650,486,9,46,89,55,184,103,263,2,8,22,18,126,87,223,7,38,67,37,58,16
S01007651,307,3,15,65,34,112,78,161,1,6,9,11,67,67,146,2,9,56,23,45,11
S01007652,251,2,12,58,36,89,54,124,1,3,10,11,54,45,127,1,9,48,25,35,9
S01007653,465,2,34,102,72,170,85,235,0,10,17,29,109,70,230,2,24,85,43,61,15
S01007654,502,8,29,118,67,199,81,267,3,3,19,26,145,71,235,5,26,99,41,54,10
S01007655,396,2,28,78,48,116,124,224,0,5,15,22,84,98,172,2,23,63,26,32,26
S01007656,409,3,27,79,62,154,84,226,1,3,17,31,108,66,183,2,24,62,31,46,18
S01007657,238,1,12,51,36,78,60,122,0,1,8,14,48,51,116,1,11,43,22,30,9
S01007658,245,1,10,59,35,96,44,120,1,0,13,16,57,33,125,0,10,46,19,39,11
S01007659,359,2,21,90,54,123,69,191,0,2,15,25,91,58,168,2,19,75,29,32,11
S01007660,393,0,26,94,76,162,35,203,0,2,22,37,111,31,190,0,24,72,39,51,4
S01007661,327,3,24,83,64,110,43,168,1,8,22,26,81,30,159,2,16,61,38,29,13
S01007662,382,5,22,89,73,153,40,187,3,2,18,31,99,34,195,2,20,71,42,54,6
S01007663,396,2,30,98,82,139,45,208,0,6,19,42,103,38,188,2,24,79,40,36,7
S01007664,267,1,21,67,45,110,23,127,0,5,12,22,70,18,140,1,16,55,23,40,5
S01007665,317,1,15,77,63,129,32,162,1,5,15,24,90,27,155,0,10,62,39,39,5
S01007666,243,2,10,55,64,88,24,121,0,4,8,26,62,21,122,2,6,47,38,26,3
S01007667,377,4,23,81,74,151,44,198,1,7,9,37,106,38,179,3,16,72,37,45,6
S01007668,469,1,43,99,86,200,40,229,0,7,19,35,133,35,240,1,36,80,51,67,5
S01007669,259,6,14,60,44,110,25,124,2,2,8,21,66,25,135,4,12,52,23,44,0
S01007670,302,4,18,71,53,135,21,154,3,4,13,23,95,16,148,1,14,58,30,40,5
S01007671,390,3,20,73,76,139,79,208,0,4,19,27,95,63,182,3,16,54,49,44,16
S01007672,381,4,28,86,75,138,50,195,1,5,13,37,99,40,186,3,23,73,38,39,10
S01007673,395,1,26,84,68,165,51,209,0,4,15,30,117,43,186,1,22,69,38,48,8
S01007674,358,3,23,73,71,155,33,185,1,6,8,27,115,28,173,2,17,65,44,40,5
S01007675,308,0,18,69,53,116,52,163,0,2,17,20,82,42,145,0,16,52,33,34,10
S01007676,384,3,19,89,44,128,101,204,1,2,15,16,83,87,180,2,17,74,28,45,14
S01007677,251,4,20,50,34,106,37,128,2,5,4,17,70,30,123,2,15,46,17,36,7
S01007678,345,1,24,76,70,127,47,175,0,3,13,33,86,40,170,1,21,63,37,41,7
S01007679,313,4,13,79,48,142,27,157,2,3,14,25,89,24,156,2,10,65,23,53,3
S01007680,501,6,48,104,89,193,61,254,1,11,17,45,132,48,247,5,37,87,44,61,13
S01007681,218,1,11,39,33,97,37,117,1,3,6,15,62,30,101,0,8,33,18,35,7
S01007682,451,5,32,82,103,172,57,234,2,10,31,51,96,44,217,3,22,51,52,76,13
S01007683,329,4,19,64,67,139,36,162,2,9,17,33,74,27,167,2,10,47,34,65,9
S01007684,352,5,31,83,75,113,45,171,1,3,16,46,71,34,181,4,28,67,29,42,11
S01007685,370,4,39,73,66,131,57,172,2,6,26,29,70,39,198,2,33,47,37,61,18
S01007686,331,4,30,52,76,110,59,165,3,15,14,33,63,37,166,1,15,38,43,47,22
S01007687,426,6,44,85,76,154,61,216,4,18,28,36,88,42,210,2,26,57,40,66,19
S01007688,498,10,44,116,100,181,47,271,4,15,54,44,116,38,227,6,29,62,56,65,9
S01007689,292,4,45,48,56,116,23,136,0,13,20,27,60,16,156,4,32,28,29,56,7
S01007690,362,11,76,81,54,99,41,164,3,25,26,21,57,32,198,8,51,55,33,42,9
S01007691,740,44,256,163,88,146,43,331,20,99,65,43,79,25,409,24,157,98,45,67,18
S01007692,377,10,82,84,62,105,34,173,3,36,30,22,64,18,204,7,46,54,40,41,16
S01007693,293,13,78,87,46,58,11,131,5,20,36,23,37,10,162,8,58,51,23,21,1
S01007694,433,14,76,126,71,123,23,196,6,24,51,31,71,13,237,8,52,75,40,52,10
S01007695,404,6,35,69,96,166,32,203,2,8,21,49,105,18,201,4,27,48,47,61,14
S01007696,271,7,52,64,43,82,23,140,3,17,26,27,48,19,131,4,35,38,16,34,4
S01007697,421,3,40,80,96,163,39,215,0,16,29,47,98,25,206,3,24,51,49,65,14
S01007698,529,7,65,130,105,191,31,254,3,22,48,57,106,18,275,4,43,82,48,85,13
S01007699,372,2,52,84,84,122,28,185,0,22,29,41,73,20,187,2,30,55,43,49,8
S01007700,513,8,32,85,120,206,62,273,4,11,25,57,127,49,240,4,21,60,63,79,13
S01007701,194,7,25,53,36,67,6,98,1,8,22,16,45,6,96,6,17,31,20,22,0
S01007702,360,10,87,79,53,111,20,175,3,39,30,24,63,16,185,7,48,49,29,48,4
S01007703,368,3,25,73,106,136,25,192,1,13,21,52,87,18,176,2,12,52,54,49,7
S01007704,307,8,34,91,81,78,15,158,1,12,25,52,56,12,149,7,22,66,29,22,3
S01007705,292,12,67,73,48,76,16,165,5,32,34,29,54,11,127,7,35,39,19,22,5
S01007706,328,18,91,92,41,78,8,151,8,28,36,22,50,7,177,10,63,56,19,28,1
S01007707,470,5,36,52,70,228,79,265,2,22,29,27,129,56,205,3,14,23,43,99,23
S01007708,320,4,22,70,94,116,14,167,1,8,26,46,75,11,153,3,14,44,48,41,3
S01007709,238,1,20,43,75,78,21,123,0,6,13,39,49,16,115,1,14,30,36,29,5
S01007710,385,9,53,86,85,113,39,213,3,25,31,53,64,37,172,6,28,55,32,49,2
S01007711,451,8,75,134,96,118,20,208,0,19,49,51,75,14,243,8,56,85,45,43,6
S01007712,319,4,42,59,69,120,25,166,3,13,25,34,72,19,153,1,29,34,35,48,6
S01007713,213,1,20,54,53,65,20,112,0,6,21,22,43,20,101,1,14,33,31,22,0
S01007714,342,4,20,78,93,127,20,175,3,5,23,41,85,18,167,1,15,55,52,42,2
S01007715,206,6,16,57,48,65,14,100,4,6,14,20,44,12,106,2,10,43,28,21,2
S01007716,385,4,31,95,81,149,25,214,1,10,40,46,98,19,171,3,21,55,35,51,6
S01007717,383,5,22,99,101,129,27,207,2,6,37,46,99,17,176,3,16,62,55,30,10
S01007718,284,0,15,66,72,110,21,159,0,7,27,39,72,14,125,0,8,39,33,38,7
S01007719,427,1,22,83,124,164,33,208,0,8,21,54,105,20,219,1,14,62,70,59,13
S01007720,263,2,17,54,81,94,15,125,1,4,13,35,61,11,138,1,13,41,46,33,4
S01007721,346,1,15,81,106,125,18,172,0,5,30,48,72,17,174,1,10,51,58,53,1
S01007722,332,3,17,74,108,113,17,166,2,6,27,42,76,13,166,1,11,47,66,37,4
S01007723,344,3,17,79,83,143,19,180,2,7,18,41,97,15,164,1,10,61,42,46,4
S01007724,291,5,17,89,60,103,17,165,2,8,38,32,71,14,126,3,9,51,28,32,3
S01007725,345,2,19,71,84,142,27,175,0,7,19,43,86,20,170,2,12,52,41,56,7
S01007726,352,8,22,98,58,134,32,181,5,9,39,28,79,21,171,3,13,59,30,55,11
S01007727,412,3,35,107,99,143,25,198,1,10,41,41,86,19,214,2,25,66,58,57,6
S01007728,349,3,29,83,80,124,30,181,1,9,38,31,77,25,168,2,20,45,49,47,5
S01007729,391,3,29,82,96,151,30,202,0,9,32,38,99,24,189,3,20,50,58,52,6
S01007730,443,5,23,83,131,169,32,228,0,10,20,72,108,18,215,5,13,63,59,61,14
S01007731,431,3,23,101,98,176,30,214,3,8,34,42,105,22,217,0,15,67,56,71,8
S01007732,340,5,34,55,82,133,31,183,1,14,22,44,77,25,157,4,20,33,38,56,6
S01007733,447,3,24,87,132,152,49,232,0,10,29,58,101,34,215,3,14,58,74,51,15
S01007734,407,2,30,71,90,159,55,219,1,12,24,39,102,41,188,1,18,47,51,57,14
S01007735,423,5,33,101,92,142,50,222,2,14,25,50,95,36,201,3,19,76,42,47,14
S01007736,396,1,24,99,95,135,42,193,0,6,30,41,89,27,203,1,18,69,54,46,15
S01007737,477,6,24,118,125,162,42,241,3,10,33,62,102,31,236,3,14,85,63,60,11
S01007738,305,1,15,69,71,122,27,149,0,7,17,32,73,20,156,1,8,52,39,49,7
S01007739,211,2,7,45,69,74,14,104,0,1,10,32,50,11,107,2,6,35,37,24,3
S01007740,257,1,10,60,78,81,27,132,0,7,13,38,53,21,125,1,3,47,40,28,6
S01007741,271,2,14,72,80,90,13,129,0,7,16,31,66,9,142,2,7,56,49,24,4
S01007742,269,2,18,62,61,99,27,135,0,5,12,28,66,24,134,2,13,50,33,33,3
S01007743,405,5,19,98,105,151,27,208,3,5,19,45,111,25,197,2,14,79,60,40,2
S01007744,264,0,15,71,66,98,14,115,0,2,9,30,62,12,149,0,13,62,36,36,2
S01007745,312,0,10,92,79,110,21,156,0,1,25,29,84,17,156,0,9,67,50,26,4
S01007746,395,2,23,118,93,130,29,193,0,9,26,44,90,24,202,2,14,92,49,40,5
S01007747,208,1,5,62,56,69,15,99,0,1,14,24,45,15,109,1,4,48,32,24,0
S01007748,259,1,20,81,65,85,7,119,1,6,15,31,61,5,140,0,14,66,34,24,2
S01007749,337,3,23,97,91,102,21,167,1,6,20,46,73,21,170,2,17,77,45,29,0
S01007750,348,5,18,71,85,134,35,174,2,9,19,34,82,28,174,3,9,52,51,52,7
S01007751,277,5,21,49,59,96,47,149,1,11,11,26,62,38,128,4,10,38,33,34,9
S01007752,266,5,20,58,45,97,41,134,2,6,12,18,63,33,132,3,14,46,27,34,8
S01007753,224,3,11,56,61,89,4,110,2,1,8,30,67,2,114,1,10,48,31,22,2
S01007754,305,0,11,102,62,116,14,145,0,5,16,31,81,12,160,0,6,86,31,35,2
S01007755,286,0,11,85,62,114,14,140,0,1,20,27,81,11,146,0,10,65,35,33,3
S01007756,227,2,7,87,53,68,10,101,1,3,15,31,41,10,126,1,4,72,22,27,0
S01007757,347,3,21,72,89,126,36,175,2,8,19,40,79,27,172,1,13,53,49,47,9
S01007758,358,10,16,72,63,134,63,181,3,6,18,28,79,47,177,7,10,54,35,55,16
S01007759,451,6,28,87,114,172,44,212,4,8,20,51,94,35,239,2,20,67,63,78,9
S01007760,249,4,12,51,56,88,38,126,1,3,9,27,55,31,123,3,9,42,29,33,7
S01007761,443,4,25,91,97,163,63,234,2,8,22,51,102,49,209,2,17,69,46,61,14
S01007762,369,3,15,68,91,159,33,174,1,3,14,42,89,25,195,2,12,54,49,70,8
S01007763,178,1,10,39,50,57,21,99,1,3,10,28,39,18,79,0,7,29,22,18,3
S01007764,412,5,32,88,97,148,42,202,2,14,18,38,104,26,210,3,18,70,59,44,16
S01007765,294,2,18,66,84,94,30,152,1,5,17,45,64,20,142,1,13,49,39,30,10
S01007766,410,5,31,94,111,136,33,210,3,14,21,59,92,21,200,2,17,73,52,44,12
S01007767,432,5,35,93,94,163,42,214,2,15,24,37,103,33,218,3,20,69,57,60,9
S01007768,292,3,14,55,68,119,33,148,2,1,20,31,70,24,144,1,13,35,37,49,9
S01007769,315,6,29,59,69,110,42,159,4,6,18,24,76,31,156,2,23,41,45,34,11
S01007770,341,5,29,70,77,112,48,166,2,7,18,38,67,34,175,3,22,52,39,45,14
S01007771,208,3,26,40,38,77,24,101,0,8,8,16,50,19,107,3,18,32,22,27,5
S01007772,412,6,27,88,109,145,37,204,0,10,23,52,89,30,208,6,17,65,57,56,7
S01007773,380,4,26,77,104,140,29,188,2,12,12,38,101,23,192,2,14,65,66,39,6
S01007774,562,3,22,106,141,226,64,278,2,5,17,61,143,50,284,1,17,89,80,83,14
S01007775,457,4,16,101,100,176,60,228,0,4,11,40,127,46,229,4,12,90,60,49,14
S01007776,392,1,27,83,69,153,59,210,0,7,15,32,107,49,182,1,20,68,37,46,10
S01007777,554,5,33,122,120,203,71,288,4,6,17,52,148,61,266,1,27,105,68,55,10
S01007778,262,0,16,43,44,112,47,140,0,5,8,20,66,41,122,0,11,35,24,46,6
S01007779,404,3,11,87,116,154,33,210,2,6,21,51,104,26,194,1,5,66,65,50,7
S01007780,472,4,15,75,142,197,39,248,1,5,14,62,132,34,224,3,10,61,80,65,5
S01007781,536,2,20,107,152,217,38,261,0,3,16,58,153,31,275,2,17,91,94,64,7
S01007782,190,0,12,43,40,89,6,110,0,4,12,23,66,5,80,0,8,31,17,23,1
S01007783,219,2,5,78,58,62,14,105,0,2,24,24,43,12,114,2,3,54,34,19,2
S01007784,369,3,14,87,105,135,25,182,2,4,20,42,92,22,187,1,10,67,63,43,3
S01007785,197,3,14,59,41,72,8,77,0,2,13,14,42,6,120,3,12,46,27,30,2
S01007786,316,0,18,108,83,88,19,150,0,8,27,37,64,14,166,0,10,81,46,24,5
S01007787,277,2,17,85,60,96,17,127,0,3,17,29,63,15,150,2,14,68,31,33,2
S01007788,198,1,14,74,49,52,8,88,0,2,16,25,38,7,110,1,12,58,24,14,1
S01007789,239,5,14,79,53,76,12,120,4,4,22,31,48,11,119,1,10,57,22,28,1
S01007790,291,1,19,95,69,99,8,131,1,3,18,36,66,7,160,0,16,77,33,33,1
S01007791,289,2,16,52,74,110,35,146,0,4,13,35,67,27,143,2,12,39,39,43,8
S01007792,367,3,21,91,106,127,19,173,1,5,14,43,95,15,194,2,16,77,63,32,4
S01007793,307,2,19,99,78,96,13,136,1,2,20,31,72,10,171,1,17,79,47,24,3
S01007794,237,1,11,73,61,82,9,111,0,3,9,31,59,9,126,1,8,64,30,23,0
S01007795,269,0,14,89,64,87,15,121,0,4,13,31,60,13,148,0,10,76,33,27,2
S01007796,298,4,25,87,63,102,17,140,1,14,8,28,74,15,158,3,11,79,35,28,2
S01007797,188,1,14,73,35,59,6,84,0,4,19,12,45,4,104,1,10,54,23,14,2
S01007798,380,2,17,95,84,148,34,195,1,5,29,34,96,30,185,1,12,66,50,52,4
S01007799,342,2,17,74,79,132,38,170,0,3,10,36,89,32,172,2,14,64,43,43,6
S01007800,326,4,24,101,91,89,17,154,0,8,21,51,60,14,172,4,16,80,40,29,3
S01007801,282,3,34,82,54,94,15,143,2,18,22,34,54,13,139,1,16,60,20,40,2
S01007802,335,3,14,70,87,138,23,165,1,4,17,32,92,19,170,2,10,53,55,46,4
S01007803,325,2,20,102,74,107,20,151,0,6,26,34,71,14,174,2,14,76,40,36,6
S01007804,208,0,17,63,54,62,12,89,0,4,10,23,44,8,119,0,13,53,31,18,4
S01007805,201,1,9,63,47,71,10,86,0,3,11,23,41,8,115,1,6,52,24,30,2
S01007806,281,2,11,73,62,113,20,145,1,3,15,24,85,17,136,1,8,58,38,28,3
S01007807,369,0,20,68,89,151,41,177,0,6,9,36,95,31,192,0,14,59,53,56,10
S01007808,379,2,17,103,90,148,19,178,0,2,33,37,92,14,201,2,15,70,53,56,5
S01007809,467,2,23,105,145,162,30,234,2,7,26,70,107,22,233,0,16,79,75,55,8
S01007810,302,1,16,85,90,94,16,161,0,4,22,51,69,15,141,1,12,63,39,25,1
S01007811,360,2,24,97,99,128,10,167,1,11,17,45,86,7,193,1,13,80,54,42,3
S01007812,291,1,18,95,60,95,22,139,0,5,24,29,65,16,152,1,13,71,31,30,6
S01007813,285,2,25,75,74,99,10,136,0,9,15,38,66,8,149,2,16,60,36,33,2
S01007814,258,0,16,69,64,91,18,130,0,1,13,38,63,15,128,0,15,56,26,28,3
S01007815,474,6,28,91,143,164,42,228,1,9,22,62,103,31,246,5,19,69,81,61,11
S01007816,359,1,10,93,107,127,21,181,0,4,20,52,86,19,178,1,6,73,55,41,2
S01007817,197,4,16,53,43,73,8,95,2,4,19,16,47,7,102,2,12,34,27,26,1
S01007818,395,0,21,77,108,168,21,190,0,5,16,45,107,17,205,0,16,61,63,61,4
S01007819,395,5,19,89,101,160,21,204,3,6,21,52,104,18,191,2,13,68,49,56,3
S01007820,420,4,23,106,104,162,21,207,1,7,26,41,113,19,213,3,16,80,63,49,2
S01007821,281,4,15,62,82,101,17,136,3,4,16,33,67,13,145,1,11,46,49,34,4
S01007822,344,4,16,69,94,136,25,172,1,6,14,38,94,19,172,3,10,55,56,42,6
S01007823,377,1,22,85,100,135,34,194,0,8,17,48,96,25,183,1,14,68,52,39,9
S01007824,353,3,22,86,100,108,34,173,1,6,22,43,72,29,180,2,16,64,57,36,5
S01007825,481,3,33,91,144,163,47,243,1,12,25,60,110,35,238,2,21,66,84,53,12
S01007826,203,2,10,56,71,56,8,98,1,5,14,32,39,7,105,1,5,42,39,17,1
S01007827,332,3,11,66,103,124,25,151,1,2,17,45,69,17,181,2,9,49,58,55,8
S01007828,414,1,25,79,119,160,30,194,0,8,23,49,90,24,220,1,17,56,70,70,6
S01007829,221,3,14,48,53,95,8,110,2,2,14,23,62,7,111,1,12,34,30,33,1
S01007830,364,2,20,89,95,144,14,194,0,3,28,47,105,11,170,2,17,61,48,39,3
S01007831,300,4,15,72,85,107,17,136,2,4,18,38,61,13,164,2,11,54,47,46,4
S01007832,258,3,11,63,58,99,24,129,0,4,20,26,60,19,129,3,7,43,32,39,5
S01007833,230,2,19,45,67,81,16,119,1,3,8,33,59,15,111,1,16,37,34,22,1
S01007834,320,1,14,60,81,133,31,151,0,2,13,33,77,26,169,1,12,47,48,56,5
S01007835,321,3,19,70,80,122,27,155,1,7,13,41,73,20,166,2,12,57,39,49,7
S01007836,230,3,6,45,75,86,15,116,2,4,13,32,55,10,114,1,2,32,43,31,5
S01007837,370,2,20,82,100,136,30,187,2,6,19,45,95,20,183,0,14,63,55,41,10
S01007838,382,2,21,74,101,148,36,188,1,8,17,40,89,33,194,1,13,57,61,59,3
S01007839,252,0,14,47,52,96,43,124,0,5,7,19,62,31,128,0,9,40,33,34,12
S01007840,344,3,16,77,107,126,15,180,3,4,25,53,85,10,164,0,12,52,54,41,5
S01007841,316,7,15,87,84,107,16,144,2,0,16,38,75,13,172,5,15,71,46,32,3
S01007842,293,2,17,91,74,96,13,135,1,4,18,36,64,12,158,1,13,73,38,32,1
S01007843,295,2,12,67,95,108,11,138,0,4,19,41,67,7,157,2,8,48,54,41,4
S01007844,415,2,21,97,121,148,26,196,1,10,21,54,90,20,219,1,11,76,67,58,6
S01007845,330,1,16,100,99,100,14,148,1,2,23,53,57,12,182,0,14,77,46,43,2
S01007846,292,2,11,76,81,108,14,145,0,3,18,37,73,14,147,2,8,58,44,35,0
S01007847,383,0,20,98,112,135,18,185,0,6,20,61,82,16,198,0,14,78,51,53,2
S01007848,290,2,23,71,96,82,16,135,0,9,9,46,56,15,155,2,14,62,50,26,1
S01007849,375,2,23,113,100,113,24,170,0,7,25,51,66,21,205,2,16,88,49,47,3
S01007850,296,1,17,72,91,102,13,148,1,4,14,45,71,13,148,0,13,58,46,31,0
S01007851,351,2,14,85,95,125,30,186,0,11,19,45,82,29,165,2,3,66,50,43,1
S01007852,250,2,11,77,47,95,18,117,1,4,10,20,65,17,133,1,7,67,27,30,1
S01007853,188,2,13,45,55,59,14,92,0,6,15,25,34,12,96,2,7,30,30,25,2
S01007854,371,6,14,90,110,129,22,176,2,6,23,50,76,19,195,4,8,67,60,53,3
S01007855,212,2,13,58,46,82,11,100,1,4,13,21,55,6,112,1,9,45,25,27,5
S01007856,390,4,14,103,101,133,35,187,1,5,23,46,85,27,203,3,9,80,55,48,8
S01007857,190,2,11,68,41,59,9,83,0,3,13,23,38,6,107,2,8,55,18,21,3
S01007858,400,5,18,141,98,118,20,180,1,7,37,48,72,15,220,4,11,104,50,46,5
S01007859,180,0,5,58,42,69,6,91,0,2,9,29,45,6,89,0,3,49,13,24,0
S01007860,289,1,14,68,83,99,24,143,1,3,16,39,68,16,146,0,11,52,44,31,8
S01007861,274,3,10,77,73,100,11,139,1,4,21,35,67,11,135,2,6,56,38,33,0
S01007862,301,1,17,89,71,107,16,146,0,5,20,33,73,15,155,1,12,69,38,34,1
S01007863,304,0,12,84,88,104,16,155,0,5,21,43,74,12,149,0,7,63,45,30,4
S01007864,390,1,22,95,113,143,16,185,1,9,16,46,99,14,205,0,13,79,67,44,2
S01007865,397,0,19,81,95,153,49,196,0,4,13,43,96,40,201,0,15,68,52,57,9
S01007866,376,1,17,65,117,145,31,194,0,3,13,55,97,26,182,1,14,52,62,48,5
S01007867,239,3,13,27,69,93,34,119,3,5,3,27,51,30,120,0,8,24,42,42,4
S01007868,473,7,31,108,114,174,39,240,3,15,25,53,119,25,233,4,16,83,61,55,14
S01007869,490,7,20,84,115,191,73,244,1,8,18,48,117,52,246,6,12,66,67,74,21
S01007870,274,0,21,49,53,88,63,145,0,6,7,25,57,50,129,0,15,42,28,31,13
S01007871,209,1,14,64,45,62,23,111,0,6,13,26,46,20,98,1,8,51,19,16,3
S01007872,222,3,13,77,52,58,19,94,1,1,15,20,38,19,128,2,12,62,32,20,0
S01007873,307,2,15,91,78,89,32,159,0,4,30,30,67,28,148,2,11,61,48,22,4
S01007874,293,2,16,74,73,94,34,147,0,3,15,37,64,28,146,2,13,59,36,30,6
S01007875,257,0,15,73,64,86,19,122,0,6,19,21,59,17,135,0,9,54,43,27,2
S01007876,468,5,28,106,111,176,42,229,2,8,20,49,118,32,239,3,20,86,62,58,10
S01007877,326,1,19,86,68,114,38,179,1,4,26,33,82,33,147,0,15,60,35,32,5
S01007878,249,1,14,65,48,86,35,108,0,5,12,15,46,30,141,1,9,53,33,40,5
S01007879,273,4,17,76,63,83,30,132,1,2,19,20,61,29,141,3,15,57,43,22,1
S01007880,197,3,12,40,35,56,51,106,0,2,10,13,43,38,91,3,10,30,22,13,13
S01007881,216,2,12,41,42,73,46,123,2,1,8,16,55,41,93,0,11,33,26,18,5
S01007882,421,4,24,65,78,137,113,222,1,2,16,27,80,96,199,3,22,49,51,57,17
S01007883,537,4,27,80,141,209,76,269,1,6,17,45,138,62,268,3,21,63,96,71,14
S01007884,301,1,11,71,64,131,23,150,1,2,10,23,92,22,151,0,9,61,41,39,1
S01007885,268,3,6,61,55,118,25,145,1,1,13,22,87,21,123,2,5,48,33,31,4
S01007886,394,3,13,83,106,159,30,206,2,5,14,52,109,24,188,1,8,69,54,50,6
S01007887,307,3,17,59,58,105,65,167,1,2,17,23,70,54,140,2,15,42,35,35,11
S01007888,418,1,28,123,89,144,33,205,0,5,34,38,100,28,213,1,23,89,51,44,5
S01007889,218,3,16,56,46,78,19,103,0,1,13,20,53,16,115,3,15,43,26,25,3
S01007890,346,0,23,87,60,142,34,163,0,3,11,24,97,28,183,0,20,76,36,45,6
S01007891,418,2,19,93,88,163,53,206,1,1,14,33,112,45,212,1,18,79,55,51,8
S01007892,378,4,19,101,73,138,43,199,1,6,25,40,91,36,179,3,13,76,33,47,7
S01007893,487,7,31,97,95,196,61,251,1,10,16,34,141,49,236,6,21,81,61,55,12
S01007894,450,4,30,100,100,183,33,238,0,5,22,45,140,26,212,4,25,78,55,43,7
S01007895,240,2,15,44,51,99,29,121,1,5,6,21,65,23,119,1,10,38,30,34,6
S01007896,331,3,14,81,64,136,33,172,3,4,17,24,94,30,159,0,10,64,40,42,3
S01007897,230,2,12,33,42,76,65,129,0,3,6,18,45,57,101,2,9,27,24,31,8
S01007898,233,1,13,52,40,77,50,127,1,2,16,18,46,44,106,0,11,36,22,31,6
S01007899,199,0,5,33,32,61,68,111,0,1,2,9,43,56,88,0,4,31,23,18,12
S01007900,214,1,5,53,44,92,19,114,0,1,15,14,67,17,100,1,4,38,30,25,2
S01007901,291,3,21,72,66,96,33,149,2,4,12,32,68,31,142,1,17,60,34,28,2
S01007902,323,4,7,76,63,114,59,166,2,2,12,28,69,53,157,2,5,64,35,45,6
S01007903,228,3,7,52,36,84,46,122,1,2,6,18,50,45,106,2,5,46,18,34,1
S01007904,398,4,15,70,62,144,103,222,2,3,11,22,101,83,176,2,12,59,40,43,20
S01007905,232,2,8,62,52,69,39,122,2,1,13,25,44,37,110,0,7,49,27,25,2
S01007906,261,2,9,59,69,86,36,124,0,4,13,27,47,33,137,2,5,46,42,39,3
S01007907,218,2,8,47,48,65,48,113,0,2,9,21,40,41,105,2,6,38,27,25,7
S01007908,380,4,14,78,86,131,67,204,1,3,12,39,86,63,176,3,11,66,47,45,4
S01007909,241,1,9,54,50,89,38,133,0,1,9,22,67,34,108,1,8,45,28,22,4
S01007910,351,3,16,97,65,128,42,170,1,5,13,25,92,34,181,2,11,84,40,36,8
S01007911,355,8,11,77,86,123,50,182,3,2,11,37,85,44,173,5,9,66,49,38,6
S01007912,348,2,19,85,89,106,47,170,1,5,15,39,70,40,178,1,14,70,50,36,7
S01007913,237,1,10,67,52,83,24,126,0,3,17,22,62,22,111,1,7,50,30,21,2
S01007914,239,2,13,53,56,89,26,122,0,2,13,25,59,23,117,2,11,40,31,30,3
S01007915,374,2,21,101,82,131,37,189,1,5,27,33,91,32,185,1,16,74,49,40,5
S01007916,302,2,10,79,84,98,29,150,0,4,14,31,74,27,152,2,6,65,53,24,2
S01007917,369,4,28,72,65,144,56,188,1,5,13,23,95,51,181,3,23,59,42,49,5
S01007918,413,9,17,88,97,149,53,213,1,5,22,40,99,46,200,8,12,66,57,50,7
S01007919,383,3,17,62,96,149,56,209,2,9,12,39,102,45,174,1,8,50,57,47,11
S01007920,314,2,10,64,87,120,31,168,0,4,14,38,86,26,146,2,6,50,49,34,5
S01007921,358,1,24,89,72,138,34,177,0,9,17,24,100,27,181,1,15,72,48,38,7
S01007922,332,1,17,94,70,118,32,165,0,1,26,25,84,29,167,1,16,68,45,34,3
S01007923,495,3,28,112,102,196,54,251,1,6,31,43,127,43,244,2,22,81,59,69,11
S01007924,379,2,17,102,78,148,32,190,0,2,28,29,100,31,189,2,15,74,49,48,1
S01007925,253,5,13,33,23,90,89,145,1,2,7,7,60,68,108,4,11,26,16,30,21
S01007926,267,3,12,52,34,105,61,143,1,6,13,14,60,49,124,2,6,39,20,45,12
S01007927,358,4,27,62,51,127,87,189,2,7,16,22,74,68,169,2,20,46,29,53,19
S01007928,473,3,34,96,89,171,80,237,0,7,23,38,109,60,236,3,27,73,51,62,20
S01007929,417,6,28,67,49,156,111,227,1,8,17,18,95,88,190,5,20,50,31,61,23
S01007930,344,6,28,62,38,125,85,181,4,11,12,6,81,67,163,2,17,50,32,44,18
S01007931,509,5,31,104,114,183,72,254,1,5,26,43,124,55,255,4,26,78,71,59,17
S01007932,385,4,24,63,97,141,56,200,2,7,15,41,89,46,185,2,17,48,56,52,10
S01007933,397,3,18,92,80,147,57,199,0,2,19,33,100,45,198,3,16,73,47,47,12
S01007934,320,1,21,71,72,126,29,161,0,7,10,36,86,22,159,1,14,61,36,40,7
S01007935,368,1,11,54,86,174,42,194,0,6,12,34,108,34,174,1,5,42,52,66,8
S01007936,545,5,20,109,126,204,81,290,1,7,18,55,145,64,255,4,13,91,71,59,17
S01007937,567,5,23,113,120,245,61,280,4,3,23,49,156,45,287,1,20,90,71,89,16
S01007938,334,0,16,92,84,107,35,159,0,7,22,37,66,27,175,0,9,70,47,41,8
S01007939,348,1,16,83,74,145,29,175,0,2,18,28,98,29,173,1,14,65,46,47,0
S01007940,457,2,21,91,78,198,67,247,1,6,13,41,130,56,210,1,15,78,37,68,11
S01007941,348,2,20,78,62,150,36,179,0,4,17,33,98,27,169,2,16,61,29,52,9
S01007942,236,1,19,53,37,102,24,125,1,4,4,15,82,19,111,0,15,49,22,20,5
S01007943,281,7,19,49,60,121,25,144,4,3,8,27,80,22,137,3,16,41,33,41,3
S01007944,410,2,23,82,70,185,48,220,0,7,10,33,126,44,190,2,16,72,37,59,4
S01007945,342,4,26,59,59,144,50,183,0,7,17,24,94,41,159,4,19,42,35,50,9
S01007946,343,5,16,72,68,137,45,179,0,4,18,28,90,39,164,5,12,54,40,47,6
S01007947,331,2,21,74,75,124,35,174,0,5,21,33,84,31,157,2,16,53,42,40,4
S01007948,223,2,12,52,44,92,21,118,1,1,20,18,60,18,105,1,11,32,26,32,3
S01007949,366,2,15,83,89,139,38,173,1,4,10,28,97,33,193,1,11,73,61,42,5
S01007950,452,5,25,80,92,186,64,234,2,6,13,41,119,53,218,3,19,67,51,67,11
S01007951,363,5,14,78,73,150,43,183,4,4,13,29,98,35,180,1,10,65,44,52,8
S01007952,252,4,12,53,52,104,27,117,1,3,12,18,64,19,135,3,9,41,34,40,8
S01007953,434,2,17,105,90,182,38,219,0,6,13,35,129,36,215,2,11,92,55,53,2
S01007954,280,0,18,71,56,117,18,142,0,3,19,18,86,16,138,0,15,52,38,31,2
S01007955,370,3,15,109,73,145,25,184,2,0,21,32,108,21,186,1,15,88,41,37,4
S01007956,319,2,24,87,56,121,29,140,0,6,7,20,85,22,179,2,18,80,36,36,7
S01007957,397,2,22,98,85,157,33,195,0,4,18,38,109,26,202,2,18,80,47,48,7
S01007958,341,2,14,73,77,140,35,164,1,3,11,25,98,26,177,1,11,62,52,42,9
S01007959,391,1,22,90,78,165,35,199,0,4,18,34,116,27,192,1,18,72,44,49,8
S01007960,329,4,18,78,55,152,22,156,0,0,17,18,104,17,173,4,18,61,37,48,5
S01007961,447,4,33,76,76,140,118,274,1,15,27,36,90,105,173,3,18,49,40,50,13
S01007962,245,3,12,62,48,95,25,125,0,2,13,22,66,22,120,3,10,49,26,29,3
S01007963,249,0,21,78,39,92,19,130,0,8,20,19,65,18,119,0,13,58,20,27,1
S01007964,299,4,18,89,63,108,17,149,1,2,27,33,71,15,150,3,16,62,30,37,2
S01007965,237,2,19,63,46,91,16,120,1,7,16,22,64,10,117,1,12,47,24,27,6
S01007966,328,0,14,109,65,121,19,151,0,3,21,27,85,15,177,0,11,88,38,36,4
S01007967,237,0,19,83,40,84,11,106,0,4,22,19,53,8,131,0,15,61,21,31,3
S01007968,373,6,22,84,90,149,22,194,2,3,13,51,108,17,179,4,19,71,39,41,5
S01007969,363,3,21,79,94,143,23,183,1,6,16,43,101,16,180,2,15,63,51,42,7
S01007970,397,1,21,90,84,176,25,198,0,7,17,34,118,22,199,1,14,73,50,58,3
S01007971,385,2,18,97,101,141,26,195,1,5,24,51,94,20,190,1,13,73,50,47,6
S01007972,397,3,21,100,88,173,12,195,2,2,19,38,124,10,202,1,19,81,50,49,2
S01007973,469,2,31,102,105,202,27,240,1,9,24,43,140,23,229,1,22,78,62,62,4
S01007974,332,3,27,72,60,136,34,155,0,8,15,17,85,30,177,3,19,57,43,51,4
S01007975,279,3,20,69,60,109,18,145,1,7,20,24,77,16,134,2,13,49,36,32,2
S01007976,301,1,12,58,69,131,30,155,0,5,15,31,80,24,146,1,7,43,38,51,6
S01007977,374,3,22,68,70,175,36,186,1,5,15,32,106,27,188,2,17,53,38,69,9
S01007978,308,1,11,48,74,148,26,171,0,3,13,32,101,22,137,1,8,35,42,47,4
S01007979,439,3,27,69,105,175,60,240,2,14,18,46,114,46,199,1,13,51,59,61,14
S01007980,339,7,22,65,62,152,31,173,2,7,15,26,98,25,166,5,15,50,36,54,6
S01007981,252,1,13,59,54,100,25,128,0,4,14,21,66,23,124,1,9,45,33,34,2
S01007982,249,2,24,51,57,95,20,116,0,4,6,29,62,15,133,2,20,45,28,33,5
S01007983,281,5,20,89,52,91,24,140,2,3,21,30,67,17,141,3,17,68,22,24,7
S01007984,357,3,26,84,78,125,41,171,0,4,19,35,81,32,186,3,22,65,43,44,9
S01007985,352,4,24,73,68,157,26,180,0,9,7,34,113,17,172,4,15,66,34,44,9
S01007986,255,0,16,58,54,107,20,127,0,5,14,22,69,17,128,0,11,44,32,38,3
S01007987,387,5,16,92,86,157,31,195,2,4,17,42,107,23,192,3,12,75,44,50,8
S01007988,334,1,14,94,83,123,19,170,0,2,22,42,90,14,164,1,12,72,41,33,5
S01007989,324,6,25,80,62,125,26,155,0,2,19,27,86,21,169,6,23,61,35,39,5
S01007990,449,7,25,110,96,177,34,216,3,5,16,39,127,26,233,4,20,94,57,50,8
S01007991,567,1,37,117,141,206,65,297,1,15,17,71,142,51,270,0,22,100,70,64,14
S01007992,384,5,26,73,76,165,39,201,2,3,17,35,111,33,183,3,23,56,41,54,6
S01007993,474,1,21,104,112,189,47,233,0,6,19,55,120,33,241,1,15,85,57,69,14
S01007994,486,6,24,90,82,224,60,245,2,6,16,29,140,52,241,4,18,74,53,84,8
S01007995,517,6,35,120,110,188,58,259,4,7,23,46,136,43,258,2,28,97,64,52,15
S01007996,240,2,18,44,53,78,45,125,0,10,8,23,53,31,115,2,8,36,30,25,14
S01007997,337,5,19,62,80,131,40,171,0,6,21,34,81,29,166,5,13,41,46,50,11
S01007998,263,5,18,41,58,101,40,140,2,6,7,25,68,32,123,3,12,34,33,33,8
S01007999,318,1,21,78,68,133,17,157,0,6,16,34,89,12,161,1,15,62,34,44,5
S01008000,349,3,20,90,72,138,26,156,3,5,14,24,89,21,193,0,15,76,48,49,5
S01008001,286,4,16,88,49,111,18,143,0,4,20,25,77,17,143,4,12,68,24,34,1
S01008002,283,5,10,91,42,113,22,149,0,6,26,19,80,18,134,5,4,65,23,33,4
S01008003,284,1,13,53,72,120,25,145,0,4,9,33,78,21,139,1,9,44,39,42,4
S01008004,329,0,10,73,86,128,32,160,0,3,12,37,82,26,169,0,7,61,49,46,6
S01008005,297,0,13,60,69,123,32,135,0,1,8,20,79,27,162,0,12,52,49,44,5
S01008006,173,0,8,45,35,76,9,88,0,2,11,19,49,7,85,0,6,34,16,27,2
S01008007,168,2,9,45,32,72,8,86,1,1,16,13,47,8,82,1,8,29,19,25,0
S01008008,252,2,16,66,42,102,24,121,0,4,15,15,68,19,131,2,12,51,27,34,5
S01008009,302,3,19,75,64,112,29,142,0,6,17,28,72,19,160,3,13,58,36,40,10
S01008010,392,3,15,74,84,170,46,205,3,3,24,39,98,38,187,0,12,50,45,72,8
S01008011,248,0,14,42,60,109,23,131,0,2,12,33,66,18,117,0,12,30,27,43,5
S01008012,416,1,14,71,96,184,50,209,0,4,19,44,106,36,207,1,10,52,52,78,14
S01008013,315,1,19,61,72,136,26,164,1,5,13,43,80,22,151,0,14,48,29,56,4
S01008014,321,2,13,66,80,127,33,162,0,4,17,39,79,23,159,2,9,49,41,48,10
S01008015,348,1,15,68,82,165,17,163,0,3,19,33,94,14,185,1,12,49,49,71,3
S01008016,353,2,15,74,83,150,29,177,0,4,18,38,92,25,176,2,11,56,45,58,4
S01008017,407,8,36,78,99,145,41,212,3,12,15,53,95,34,195,5,24,63,46,50,7
S01008018,308,2,17,65,75,119,30,164,0,8,17,33,83,23,144,2,9,48,42,36,7
S01008019,367,2,19,82,61,141,62,203,2,6,19,29,98,49,164,0,13,63,32,43,13
S01008020,351,4,25,57,86,145,34,179,2,7,12,40,88,30,172,2,18,45,46,57,4
S01008021,276,3,21,63,58,103,28,136,1,6,17,25,67,20,140,2,15,46,33,36,8
S01008022,371,2,33,74,92,147,23,190,0,14,16,44,97,19,181,2,19,58,48,50,4
S01008023,402,5,33,81,79,152,52,208,1,11,11,35,108,42,194,4,22,70,44,44,10
S01008024,415,4,27,77,78,165,64,196,1,2,6,32,110,45,219,3,25,71,46,55,19
S01008025,393,0,32,84,99,144,34,200,0,7,14,48,101,30,193,0,25,70,51,43,4
S01008026,484,1,34,112,105,188,44,259,0,7,19,50,145,38,225,1,27,93,55,43,6
S01008027,263,1,15,62,65,103,17,127,0,2,7,28,77,13,136,1,13,55,37,26,4
S01008028,315,0,14,67,80,126,28,165,0,3,6,37,97,22,150,0,11,61,43,29,6
S01008029,436,3,31,84,76,169,73,231,0,16,16,36,105,58,205,3,15,68,40,64,15
S01008030,518,2,27,100,130,198,61,249,0,5,20,54,125,45,269,2,22,80,76,73,16
S01008031,403,4,28,91,85,160,35,194,1,6,18,40,107,22,209,3,22,73,45,53,13
S01008032,441,2,33,94,100,178,34,218,1,8,20,47,113,29,223,1,25,74,53,65,5
S01008033,453,8,44,90,77,145,89,241,3,12,20,33,100,73,212,5,32,70,44,45,16
S01008034,444,12,44,83,94,150,61,220,4,12,16,39,102,47,224,8,32,67,55,48,14
S01008035,312,3,18,71,96,101,23,151,2,6,14,42,71,16,161,1,12,57,54,30,7
S01008036,336,7,32,70,64,130,33,178,2,11,16,33,92,24,158,5,21,54,31,38,9
S01008037,478,6,27,126,119,171,29,234,3,11,25,59,113,23,244,3,16,101,60,58,6
S01008038,370,2,29,91,100,120,28,178,0,10,20,45,82,21,192,2,19,71,55,38,7
S01008039,424,3,33,106,107,130,45,214,2,12,25,43,95,37,210,1,21,81,64,35,8
S01008040,356,4,28,87,77,115,45,189,1,8,18,41,83,38,167,3,20,69,36,32,7
S01008041,304,4,16,73,63,108,40,148,0,5,23,29,61,30,156,4,11,50,34,47,10
S01008042,254,3,27,50,35,89,50,133,1,9,10,17,56,40,121,2,18,40,18,33,10
S01008043,437,12,38,108,70,149,60,226,6,7,19,40,106,48,211,6,31,89,30,43,12
S01008044,468,2,39,103,81,181,62,240,2,9,24,40,118,47,228,0,30,79,41,63,15
S01008045,421,4,21,94,70,153,79,223,3,7,26,32,91,64,198,1,14,68,38,62,15
S01008046,311,5,26,76,66,114,24,148,1,7,28,24,74,14,163,4,19,48,42,40,10
S01008047,305,4,23,73,41,120,44,160,1,5,23,15,82,34,145,3,18,50,26,38,10
S01008048,241,2,15,53,45,91,35,130,1,5,10,25,64,25,111,1,10,43,20,27,10
S01008049,370,4,30,68,95,119,54,198,1,8,15,43,86,45,172,3,22,53,52,33,9
S01008050,261,4,22,59,43,94,39,134,2,4,15,19,63,31,127,2,18,44,24,31,8
S01008051,429,6,35,74,101,156,57,224,2,10,14,53,101,44,205,4,25,60,48,55,13
S01008052,431,4,16,75,91,176,69,229,2,8,14,51,102,52,202,2,8,61,40,74,17
S01008053,249,4,19,59,37,99,31,123,1,2,10,20,65,25,126,3,17,49,17,34,6
S01008054,341,5,30,61,55,112,78,188,2,9,18,24,69,66,153,3,21,43,31,43,12
S01008055,488,4,43,116,78,160,87,268,1,13,30,37,117,70,220,3,30,86,41,43,17
S01008056,314,8,31,62,48,108,57,172,3,12,17,22,76,42,142,5,19,45,26,32,15
S01008057,437,3,23,85,72,177,77,230,1,8,17,36,108,60,207,2,15,68,36,69,17
S01008058,488,5,40,120,64,185,74,251,3,9,31,23,126,59,237,2,31,89,41,59,15
S01008059,347,1,23,88,78,119,38,171,0,12,20,35,76,28,176,1,11,68,43,43,10
S01008060,463,3,31,94,105,177,53,231,1,7,24,47,113,39,232,2,24,70,58,64,14
S01008061,380,3,27,81,77,149,43,188,1,9,13,42,87,36,192,2,18,68,35,62,7
S01008062,428,2,25,99,106,145,51,215,1,6,17,58,91,42,213,1,19,82,48,54,9
S01008063,448,2,31,96,109,145,65,233,2,12,27,49,92,51,215,0,19,69,60,53,14
S01008064,315,4,21,85,62,119,24,156,2,6,17,35,79,17,159,2,15,68,27,40,7
S01008065,484,5,37,100,100,150,92,253,1,12,26,42,99,73,231,4,25,74,58,51,19
S01008066,423,10,29,86,59,142,97,229,6,10,26,27,89,71,194,4,19,60,32,53,26
S01008067,307,2,21,59,53,111,61,166,0,7,14,26,68,51,141,2,14,45,27,43,10
S01008068,467,6,33,92,103,163,70,238,1,12,17,55,98,55,229,5,21,75,48,65,15
S01008069,485,4,26,101,142,180,32,236,1,7,23,72,107,26,249,3,19,78,70,73,6
S01008070,476,0,29,111,150,152,34,235,0,12,26,68,99,30,241,0,17,85,82,53,4
S01008071,380,4,21,67,98,144,46,192,0,5,14,52,90,31,188,4,16,53,46,54,15
S01008072,402,5,18,58,67,173,81,214,3,4,14,32,95,66,188,2,14,44,35,78,15
S01008073,235,3,17,40,35,84,56,119,2,4,12,16,44,41,116,1,13,28,19,40,15
S01008074,497,5,46,100,108,179,59,240,3,8,20,49,113,47,257,2,38,80,59,66,12
S01008075,230,5,19,47,32,86,41,126,2,5,10,16,57,36,104,3,14,37,16,29,5
S01008076,228,6,27,30,44,74,47,114,1,6,11,18,44,34,114,5,21,19,26,30,13
S01008077,348,0,25,82,59,114,68,191,0,10,23,28,76,54,157,0,15,59,31,38,14
S01008078,373,6,30,78,75,129,55,207,4,7,25,41,86,44,166,2,23,53,34,43,11
S01008079,390,6,34,83,72,136,59,213,4,14,23,36,91,45,177,2,20,60,36,45,14
S01008080,336,5,25,62,69,132,43,178,1,11,14,32,86,34,158,4,14,48,37,46,9
S01008081,276,4,25,49,54,113,31,151,2,10,13,32,72,22,125,2,15,36,22,41,9
S01008082,407,5,27,78,95,148,54,201,2,11,18,43,91,36,206,3,16,60,52,57,18
S01008083,341,3,30,84,55,125,44,177,1,7,22,22,91,34,164,2,23,62,33,34,10
S01008084,418,6,33,83,73,161,62,211,1,12,19,31,102,46,207,5,21,64,42,59,16
S01008085,533,12,40,102,107,174,98,259,4,12,17,52,105,69,274,8,28,85,55,69,29
S01008086,577,1,39,115,129,218,75,293,1,9,25,53,146,59,284,0,30,90,76,72,16
S01008087,372,2,22,74,82,148,44,188,0,8,11,42,93,34,184,2,14,63,40,55,10
S01008088,422,2,24,96,114,140,46,213,0,10,27,56,85,35,209,2,14,69,58,55,11
S01008089,310,2,19,61,88,106,34,163,0,3,15,39,79,27,147,2,16,46,49,27,7
S01008090,379,5,29,77,116,122,30,195,0,14,15,54,86,26,184,5,15,62,62,36,4
S01008091,191,2,10,40,48,70,21,92,1,3,8,24,38,18,99,1,7,32,24,32,3
S01008092,396,4,36,86,84,135,51,214,0,16,23,40,94,41,182,4,20,63,44,41,10
S01008093,360,2,30,70,92,136,30,182,2,10,13,47,90,20,178,0,20,57,45,46,10
S01008094,316,7,27,64,69,92,57,172,3,13,20,36,56,44,144,4,14,44,33,36,13
S01008095,352,2,27,73,108,110,32,168,0,14,10,46,75,23,184,2,13,63,62,35,9
S01008096,337,2,22,72,77,128,36,171,2,9,13,33,85,29,166,0,13,59,44,43,7
S01008097,273,4,26,59,60,93,31,136,2,5,13,28,69,19,137,2,21,46,32,24,12
S01008098,379,4,27,68,107,140,33,185,0,11,15,42,93,24,194,4,16,53,65,47,9
S01008099,269,5,14,59,80,92,19,137,2,1,13,39,68,14,132,3,13,46,41,24,5
S01008100,399,2,22,66,91,149,69,212,0,6,19,43,95,49,187,2,16,47,48,54,20
S01008101,425,4,17,76,110,171,47,203,2,2,11,47,103,38,222,2,15,65,63,68,9
S01008102,380,4,18,71,83,167,37,187,1,4,18,41,97,26,193,3,14,53,42,70,11
S01008103,292,1,13,65,67,118,28,141,1,4,21,28,65,22,151,0,9,44,39,53,6
S01008104,405,4,22,95,103,152,29,193,3,8,21,39,101,21,212,1,14,74,64,51,8
S01008105,464,5,15,107,116,185,36,221,2,5,19,50,113,32,243,3,10,88,66,72,4
S01008106,314,1,11,76,89,121,16,145,0,4,13,40,77,11,169,1,7,63,49,44,5
S01008107,487,1,36,89,96,187,78,256,0,8,18,44,128,58,231,1,28,71,52,59,20
S01008108,394,2,28,89,94,143,38,191,0,13,13,39,99,27,203,2,15,76,55,44,11
S01008109,485,4,33,98,157,161,32,247,0,8,25,68,118,28,238,4,25,73,89,43,4
S01008110,484,6,22,99,138,183,36,238,2,5,19,61,122,29,246,4,17,80,77,61,7
S01008111,434,6,33,84,100,162,49,224,1,15,23,48,98,39,210,5,18,61,52,64,10
S01008112,385,4,28,93,113,116,31,189,1,14,20,55,75,24,196,3,14,73,58,41,7
S01008113,447,9,36,97,104,153,48,231,6,13,24,44,103,41,216,3,23,73,60,50,7
S01008114,337,1,21,82,84,122,27,177,1,5,25,37,85,24,160,0,16,57,47,37,3
S01008115,516,5,26,119,142,186,38,266,2,5,31,63,128,37,250,3,21,88,79,58,1
S01008116,472,5,40,91,118,160,58,235,3,14,17,53,103,45,237,2,26,74,65,57,13
S01008117,373,5,38,77,90,123,40,193,2,11,21,49,78,32,180,3,27,56,41,45,8
S01008118,386,4,21,69,97,156,39,194,2,9,17,36,100,30,192,2,12,52,61,56,9
S01008119,278,1,17,54,69,115,22,138,0,1,12,24,83,18,140,1,16,42,45,32,4
S01008120,272,0,12,62,67,100,31,140,0,4,15,32,65,24,132,0,8,47,35,35,7
S01008121,305,4,25,61,70,108,37,160,1,11,13,33,71,31,145,3,14,48,37,37,6
S01008122,346,3,33,71,63,111,65,191,0,11,17,36,75,52,155,3,22,54,27,36,13
S01008123,437,9,37,83,76,164,68,224,4,11,13,35,107,54,213,5,26,70,41,57,14
S01008124,433,2,35,104,101,149,42,222,2,11,23,50,105,31,211,0,24,81,51,44,11
S01008125,455,13,35,111,97,150,49,240,6,14,22,57,99,42,215,7,21,89,40,51,7
S01008126,459,3,42,101,108,162,43,226,0,16,19,43,113,35,233,3,26,82,65,49,8
S01008127,251,3,14,56,60,86,32,128,1,4,11,34,56,22,123,2,10,45,26,30,10
S01008128,442,9,32,108,94,162,37,228,4,15,24,45,108,32,214,5,17,84,49,54,5
S01008129,433,1,19,81,114,183,35,212,0,3,18,45,118,28,221,1,16,63,69,65,7
S01008130,468,4,23,101,131,168,41,247,3,11,27,65,107,34,221,1,12,74,66,61,7
S01008131,350,1,16,68,93,136,36,176,1,3,21,43,80,28,174,0,13,47,50,56,8
S01008132,469,7,40,85,101,187,49,242,4,8,13,46,127,44,227,3,32,72,55,60,5
S01008133,248,3,16,50,55,83,41,132,2,4,11,27,58,30,116,1,12,39,28,25,11
S01008134,325,3,13,46,93,135,35,167,2,4,9,39,87,26,158,1,9,37,54,48,9
S01008135,597,2,26,119,169,228,53,299,1,8,25,77,144,44,298,1,18,94,92,84,9
S01008136,434,1,21,82,102,194,34,217,1,8,18,44,121,25,217,0,13,64,58,73,9
S01008137,323,6,23,93,65,116,20,144,1,4,17,26,76,20,179,5,19,76,39,40,0
S01008138,329,1,17,88,67,132,24,150,0,2,16,26,87,19,179,1,15,72,41,45,5
S01008139,363,0,26,84,100,131,22,157,0,7,12,38,84,16,206,0,19,72,62,47,6
S01008140,204,1,10,53,57,66,17,104,0,3,9,26,53,13,100,1,7,44,31,13,4
S01008141,425,4,25,84,92,178,42,217,3,7,16,35,119,37,208,1,18,68,57,59,5
S01008142,445,1,24,105,112,163,40,224,0,10,18,53,109,34,221,1,14,87,59,54,6
S01008143,390,3,19,85,108,151,24,173,0,5,14,40,98,16,217,3,14,71,68,53,8
S01008144,308,4,22,67,78,107,30,164,0,5,20,39,77,23,144,4,17,47,39,30,7
S01008145,383,6,31,67,72,167,40,196,2,6,11,32,112,33,187,4,25,56,40,55,7
S01008146,210,2,12,49,36,85,26,111,0,8,11,16,54,22,99,2,4,38,20,31,4
S01008147,405,0,23,83,121,146,32,203,0,4,19,43,106,31,202,0,19,64,78,40,1
S01008148,420,3,21,92,104,159,41,214,2,9,27,38,100,38,206,1,12,65,66,59,3
S01008149,335,2,17,68,77,140,31,153,1,3,13,26,80,30,182,1,14,55,51,60,1
S01008150,407,2,22,84,86,191,22,203,0,5,14,37,132,15,204,2,17,70,49,59,7
S01008151,317,3,15,65,71,139,24,160,2,3,17,35,83,20,157,1,12,48,36,56,4
S01008152,437,4,18,89,125,171,30,198,2,4,18,46,111,17,239,2,14,71,79,60,13
S01008153,463,2,28,101,117,166,49,244,0,8,20,60,114,42,219,2,20,81,57,52,7
S01008154,377,3,27,72,76,153,46,183,1,8,14,26,97,37,194,2,19,58,50,56,9
S01008155,349,3,13,74,95,126,38,169,2,3,11,37,84,32,180,1,10,63,58,42,6
S01008156,438,4,26,95,102,167,44,211,0,7,17,43,107,37,227,4,19,78,59,60,7
S01008157,383,1,28,91,82,140,41,190,1,9,17,35,97,31,193,0,19,74,47,43,10
S01008158,462,2,25,74,114,210,37,233,1,7,13,39,140,33,229,1,18,61,75,70,4
S01008159,384,6,17,84,101,148,28,200,3,7,21,52,93,24,184,3,10,63,49,55,4
S01008160,389,3,21,80,81,173,31,190,2,9,8,29,115,27,199,1,12,72,52,58,4
S01008161,603,8,25,99,126,261,84,299,2,7,14,49,164,63,304,6,18,85,77,97,21
S01008162,520,2,27,97,97,224,73,276,0,7,22,44,154,49,244,2,20,75,53,70,24
S01008163,332,2,19,75,80,123,33,171,0,3,19,35,88,26,161,2,16,56,45,35,7
S01008164,531,13,125,130,86,154,23,227,1,33,31,46,98,18,304,12,92,99,40,56,5
S01008165,441,3,21,93,113,153,58,233,1,4,16,64,101,47,208,2,17,77,49,52,11
S01008166,257,2,13,62,71,90,19,131,0,4,9,36,67,15,126,2,9,53,35,23,4
S01008167,310,2,12,89,70,122,15,158,0,3,25,37,79,14,152,2,9,64,33,43,1
S01008168,369,1,17,95,95,142,19,180,0,3,20,38,103,16,189,1,14,75,57,39,3
S01008169,376,1,18,92,100,139,26,183,0,4,10,51,100,18,193,1,14,82,49,39,8
S01008170,326,1,19,78,74,119,35,164,0,6,11,35,80,32,162,1,13,67,39,39,3
S01008171,350,0,20,72,99,131,28,166,0,7,19,43,81,16,184,0,13,53,56,50,12
S01008172,267,3,13,67,80,93,11,121,0,3,8,40,60,10,146,3,10,59,40,33,1
S01008173,357,1,27,88,95,122,24,170,0,7,16,46,82,19,187,1,20,72,49,40,5
S01008174,305,3,15,74,94,102,17,155,1,5,16,49,73,11,150,2,10,58,45,29,6
S01008175,410,3,25,82,127,149,24,197,1,4,21,58,94,19,213,2,21,61,69,55,5
S01008176,385,4,26,92,70,129,64,197,1,5,21,32,94,44,188,3,21,71,38,35,20
S01008177,340,0,23,95,87,112,23,177,0,6,23,41,88,19,163,0,17,72,46,24,4
S01008178,307,4,26,67,77,108,25,162,1,11,11,40,76,23,145,3,15,56,37,32,2
S01008179,294,0,21,68,60,117,28,147,0,8,6,30,79,24,147,0,13,62,30,38,4
S01008180,286,4,23,58,73,108,20,136,0,8,10,32,69,17,150,4,15,48,41,39,3
S01008181,337,2,28,84,71,109,43,178,1,12,22,35,73,35,159,1,16,62,36,36,8
S01008182,525,4,24,91,164,203,39,253,4,7,30,68,118,26,272,0,17,61,96,85,13
S01008183,341,6,27,73,97,117,21,165,3,12,16,41,78,15,176,3,15,57,56,39,6
S01008184,398,2,29,69,108,166,24,196,1,10,19,55,94,17,202,1,19,50,53,72,7
S01008185,506,2,26,101,139,200,38,243,0,8,23,62,123,27,263,2,18,78,77,77,11
S01008186,326,2,12,59,84,144,25,153,1,5,16,29,88,14,173,1,7,43,55,56,11
S01008187,297,2,22,74,58,115,26,145,0,5,20,28,72,20,152,2,17,54,30,43,6
S01008188,387,1,20,104,91,147,24,181,0,1,23,40,98,19,206,1,19,81,51,49,5
S01008189,274,3,22,64,66,88,31,137,2,10,12,34,59,20,137,1,12,52,32,29,11
S01008190,402,2,29,110,99,144,18,197,1,7,27,44,101,17,205,1,22,83,55,43,1
S01008191,222,3,13,66,45,74,21,105,0,6,13,21,48,17,117,3,7,53,24,26,4
S01008192,432,6,25,92,105,164,40,212,3,4,24,51,102,28,220,3,21,68,54,62,12
S01008193,389,7,28,89,93,133,39,190,2,11,17,43,85,32,199,5,17,72,50,48,7
S01008194,296,3,15,69,71,115,23,150,0,1,16,38,76,19,146,3,14,53,33,39,4
S01008195,385,4,22,107,77,142,33,184,0,7,21,35,95,26,201,4,15,86,42,47,7
S01008196,355,0,17,105,92,123,18,168,0,3,23,42,85,15,187,0,14,82,50,38,3
S01008197,596,4,17,80,172,269,54,305,1,5,15,81,158,45,291,3,12,65,91,111,9
S01008198,318,1,17,77,78,125,20,157,0,7,15,38,80,17,161,1,10,62,40,45,3
S01008199,331,2,8,85,85,129,22,169,1,1,17,42,92,16,162,1,7,68,43,37,6
S01008200,249,1,9,69,58,95,17,113,0,2,15,19,66,11,136,1,7,54,39,29,6
S01008201,329,1,13,80,86,138,11,167,0,4,19,40,96,8,162,1,9,61,46,42,3
S01008202,269,0,15,48,74,116,16,134,0,3,7,38,76,10,135,0,12,41,36,40,6
S01008203,240,3,16,46,55,96,24,115,1,5,13,20,57,19,125,2,11,33,35,39,5
S01008204,339,0,16,74,88,117,44,185,0,3,17,40,88,37,154,0,13,57,48,29,7
S01008205,334,2,12,99,93,114,14,164,0,1,21,46,84,12,170,2,11,78,47,30,2
S01008206,292,0,12,79,67,117,17,150,0,3,17,30,85,15,142,0,9,62,37,32,2
S01008207,277,1,7,77,69,105,18,139,0,1,18,32,71,17,138,1,6,59,37,34,1
S01008208,474,2,24,73,132,212,31,228,0,6,10,59,129,24,246,2,18,63,73,83,7
S01008209,328,2,18,65,69,141,33,160,1,9,11,26,88,25,168,1,9,54,43,53,8
S01008210,456,5,23,104,108,165,51,236,0,8,20,64,104,40,220,5,15,84,44,61,11
S01008211,435,3,30,92,101,167,42,223,1,7,25,52,104,34,212,2,23,67,49,63,8
S01008212,341,3,19,80,69,127,43,173,2,6,8,38,84,35,168,1,13,72,31,43,8
S01008213,531,4,33,113,126,197,58,277,1,10,17,65,134,50,254,3,23,96,61,63,8
S01008214,289,0,20,71,68,102,28,151,0,7,14,31,76,23,138,0,13,57,37,26,5
S01008215,378,5,15,84,107,144,23,188,2,5,21,47,93,20,190,3,10,63,60,51,3
S01008216,292,5,15,64,77,107,24,147,1,4,11,32,78,21,145,4,11,53,45,29,3
S01008217,321,4,22,74,82,106,33,171,0,8,20,46,73,24,150,4,14,54,36,33,9
S01008218,645,3,44,125,153,245,75,336,1,12,16,74,173,60,309,2,32,109,79,72,15
S01008219,522,3,34,113,125,200,47,267,1,14,24,49,140,39,255,2,20,89,76,60,8
S01008220,265,2,16,67,63,99,18,131,0,5,13,30,71,12,134,2,11,54,33,28,6
S01008221,285,1,12,71,63,114,24,144,0,3,15,28,79,19,141,1,9,56,35,35,5
S01008222,240,1,17,57,57,94,14,125,0,6,13,27,67,12,115,1,11,44,30,27,2
S01008223,249,1,12,57,65,88,26,122,0,2,10,32,61,17,127,1,10,47,33,27,9
S01008224,552,5,32,120,158,198,39,285,3,7,29,77,136,33,267,2,25,91,81,62,6
S01008225,379,2,24,91,94,146,22,196,1,7,13,55,101,19,183,1,17,78,39,45,3
S01008226,321,1,23,82,83,111,21,157,1,5,19,34,81,17,164,0,18,63,49,30,4
S01008227,375,0,19,84,107,139,26,192,0,5,21,53,93,20,183,0,14,63,54,46,6
S01008228,339,4,17,73,84,130,31,174,2,5,18,41,86,22,165,2,12,55,43,44,9
S01008229,324,4,11,81,90,125,13,158,1,2,18,34,95,8,166,3,9,63,56,30,5
S01008230,488,5,20,96,113,208,46,248,0,5,19,49,141,34,240,5,15,77,64,67,12
S01008231,444,6,22,89,105,169,53,227,1,4,7,50,123,42,217,5,18,82,55,46,11
S01008232,390,1,13,75,112,156,33,194,0,1,11,49,110,23,196,1,12,64,63,46,10
S01008233,272,0,15,40,78,110,29,145,0,2,5,41,71,26,127,0,13,35,37,39,3
S01008234,173,3,6,34,35,84,11,83,0,0,3,16,56,8,90,3,6,31,19,28,3
S01008235,401,3,16,99,90,157,36,206,1,4,20,41,110,30,195,2,12,79,49,47,6
S01008236,414,7,13,90,99,164,41,211,1,2,19,52,102,35,203,6,11,71,47,62,6
S01008237,426,3,29,102,108,151,33,225,1,7,30,49,111,27,201,2,22,72,59,40,6
S01008238,342,2,20,77,92,124,27,179,0,4,13,48,94,20,163,2,16,64,44,30,7
S01008239,411,0,27,91,92,159,42,213,0,8,13,43,116,33,198,0,19,78,49,43,9
S01008240,398,2,38,71,103,144,40,204,0,10,16,45,102,31,194,2,28,55,58,42,9
S01008241,301,4,24,61,68,97,47,152,1,10,13,32,63,33,149,3,14,48,36,34,14
S01008242,383,7,26,89,71,145,45,204,1,8,25,35,97,38,179,6,18,64,36,48,7
S01008243,460,6,41,90,74,176,73,248,3,8,14,32,132,59,212,3,33,76,42,44,14
S01008244,242,8,22,56,44,83,29,109,1,5,15,16,52,20,133,7,17,41,28,31,9
S01008245,507,10,26,126,87,189,69,269,3,8,22,47,132,57,238,7,18,104,40,57,12
S01008246,524,6,36,120,98,176,88,273,1,7,29,45,119,72,251,5,29,91,53,57,16
S01008247,434,2,36,88,95,135,78,221,1,7,17,43,94,59,213,1,29,71,52,41,19
S01008248,424,6,25,96,67,149,81,228,2,5,21,29,103,68,196,4,20,75,38,46,13
S01008249,445,3,29,91,70,170,82,246,0,3,22,32,118,71,199,3,26,69,38,52,11
S01008250,533,4,36,114,77,199,103,271,3,12,27,25,123,81,262,1,24,87,52,76,22
S01008251,381,3,36,98,69,122,53,199,1,6,16,45,86,45,182,2,30,82,24,36,8
S01008252,406,5,38,97,93,132,41,218,1,9,22,48,100,38,188,4,29,75,45,32,3
S01008253,352,1,14,79,102,127,29,184,0,3,16,55,85,25,168,1,11,63,47,42,4
S01008254,441,4,25,95,124,159,34,232,1,7,18,64,114,28,209,3,18,77,60,45,6
S01008255,359,5,20,80,86,130,38,179,1,4,13,35,96,30,180,4,16,67,51,34,8
S01008256,400,8,26,95,86,149,36,209,3,8,26,40,99,33,191,5,18,69,46,50,3
S01008257,256,6,16,54,49,110,21,131,1,5,14,24,70,17,125,5,11,40,25,40,4
S01008258,477,9,24,82,126,184,52,251,4,6,12,60,128,41,226,5,18,70,66,56,11
S01008259,392,4,26,80,76,154,52,216,2,7,28,35,104,40,176,2,19,52,41,50,12
S01008260,388,5,20,81,112,143,27,195,1,7,21,48,95,23,193,4,13,60,64,48,4
S01008261,437,6,27,114,96,159,35,227,1,9,33,41,113,30,210,5,18,81,55,46,5
S01008262,333,5,25,76,43,132,52,164,1,1,12,27,81,42,169,4,24,64,16,51,10
S01008263,286,2,25,49,52,105,53,156,0,8,17,23,68,40,130,2,17,32,29,37,13
S01008264,344,4,24,84,81,110,41,173,1,3,16,39,79,35,171,3,21,68,42,31,6
S01008265,278,6,19,53,55,90,55,155,2,7,9,30,64,43,123,4,12,44,25,26,12
S01008266,282,5,28,60,47,96,46,151,2,9,18,21,67,34,131,3,19,42,26,29,12
S01008267,406,9,25,88,73,142,69,227,3,4,32,45,94,49,179,6,21,56,28,48,20
S01008268,365,5,29,78,48,130,75,209,1,9,23,23,93,60,156,4,20,55,25,37,15
S01008269,283,6,23,66,55,94,39,149,1,6,20,26,62,34,134,5,17,46,29,32,5
S01008270,296,4,20,76,52,105,39,148,1,4,19,24,67,33,148,3,16,57,28,38,6
S01008271,318,9,14,61,63,126,45,165,2,4,20,24,81,34,153,7,10,41,39,45,11
S01008272,482,5,47,109,95,155,71,249,3,13,26,45,103,59,233,2,34,83,50,52,12
S01008273,367,5,35,94,61,113,59,180,0,5,18,32,79,46,187,5,30,76,29,34,13
S01008274,304,3,22,84,60,116,19,157,0,8,11,34,89,15,147,3,14,73,26,27,4
S01008275,258,1,18,70,32,83,54,141,0,7,20,14,56,44,117,1,11,50,18,27,10
S01008276,276,5,30,66,37,92,46,150,0,8,16,22,68,36,126,5,22,50,15,24,10
S01008277,264,1,21,72,35,86,49,140,0,4,20,14,57,45,124,1,17,52,21,29,4
S01008278,371,1,25,85,72,126,62,193,0,4,14,39,88,48,178,1,21,71,33,38,14
S01008279,335,3,25,69,83,116,39,171,2,4,13,40,81,31,164,1,21,56,43,35,8
S01008280,481,4,41,100,80,173,83,258,2,7,30,34,124,61,223,2,34,70,46,49,22
S01008281,394,4,18,75,70,157,70,206,0,3,20,30,97,56,188,4,15,55,40,60,14
S01008282,365,3,28,80,49,124,81,194,1,6,15,22,85,65,171,2,22,65,27,39,16
S01008283,278,2,30,55,57,88,46,145,0,10,10,27,59,39,133,2,20,45,30,29,7
S01008284,437,4,30,106,94,158,45,226,3,4,18,50,113,38,211,1,26,88,44,45,7
S01008285,316,1,21,96,59,109,30,156,0,1,22,25,81,27,160,1,20,74,34,28,3
S01008286,354,2,18,85,70,146,33,189,0,1,15,32,112,29,165,2,17,70,38,34,4
S01008287,376,6,20,99,78,129,44,191,2,5,19,45,85,35,185,4,15,80,33,44,9
S01008288,401,5,25,103,96,128,44,213,3,8,22,55,89,36,188,2,17,81,41,39,8
S01008289,342,3,20,69,80,135,35,175,0,5,14,37,90,29,167,3,15,55,43,45,6
S01008290,418,6,21,87,98,148,58,216,1,4,24,46,95,46,202,5,17,63,52,53,12
S01008291,315,0,15,59,88,116,37,165,0,2,7,47,80,29,150,0,13,52,41,36,8
S01008292,389,3,26,117,91,123,29,188,1,7,20,50,89,21,201,2,19,97,41,34,8
S01008293,297,1,22,65,66,98,45,153,1,3,8,30,72,39,144,0,19,57,36,26,6
S01008294,463,1,34,95,111,158,64,246,1,6,10,63,113,53,217,0,28,85,48,45,11
S01008295,553,4,38,122,124,205,60,282,3,14,27,54,136,48,271,1,24,95,70,69,12
S01008296,283,7,19,64,61,106,26,155,3,6,13,28,84,21,128,4,13,51,33,22,5
S01008297,393,5,26,86,94,150,32,207,0,10,23,44,105,25,186,5,16,63,50,45,7
S01008298,384,2,17,92,96,132,45,208,1,8,24,47,93,35,176,1,9,68,49,39,10
S01008299,278,2,14,70,61,111,20,149,0,4,23,28,76,18,129,2,10,47,33,35,2
S01008300,362,1,36,77,106,117,25,168,0,11,17,42,77,21,194,1,25,60,64,40,4
S01008301,463,5,25,96,134,154,49,242,2,8,23,65,109,35,221,3,17,73,69,45,14
S01008302,368,4,34,65,64,137,64,194,2,11,15,28,86,52,174,2,23,50,36,51,12
S01008303,275,3,11,51,65,118,27,143,2,3,11,27,80,20,132,1,8,40,38,38,7
S01008304,232,1,19,37,53,94,28,128,0,14,11,21,59,23,104,1,5,26,32,35,5
S01008305,429,6,36,86,120,147,34,210,1,12,20,57,93,27,219,5,24,66,63,54,7
S01008306,351,2,30,73,88,129,29,171,1,8,8,38,91,25,180,1,22,65,50,38,4
S01008307,313,2,18,70,79,114,30,160,0,4,12,33,88,23,153,2,14,58,46,26,7
S01008308,281,1,18,53,70,103,36,148,0,9,15,27,71,26,133,1,9,38,43,32,10
S01008309,273,0,20,54,60,120,19,135,0,8,10,29,74,14,138,0,12,44,31,46,5
S01008310,444,4,23,94,119,170,34,219,3,11,17,51,107,30,225,1,12,77,68,63,4
S01008311,187,1,11,33,54,74,14,103,1,3,10,27,50,12,84,0,8,23,27,24,2
S01008312,206,1,13,40,58,77,17,106,1,2,8,30,50,15,100,0,11,32,28,27,2
S01008313,338,1,12,84,101,113,27,162,0,3,18,41,80,20,176,1,9,66,60,33,7
S01008314,270,5,12,61,77,97,18,139,1,4,19,38,62,15,131,4,8,42,39,35,3
S01008315,317,2,9,58,87,136,25,151,0,1,11,35,88,16,166,2,8,47,52,48,9
S01008316,193,2,6,52,44,76,13,89,0,1,15,19,42,12,104,2,5,37,25,34,1
S01008317,354,0,11,74,105,119,45,186,0,4,18,48,80,36,168,0,7,56,57,39,9
S01008318,486,3,26,98,101,184,74,249,1,3,23,42,125,55,237,2,23,75,59,59,19
S01008319,311,1,16,70,77,126,21,150,0,2,18,33,82,15,161,1,14,52,44,44,6
S01008320,267,3,14,63,56,106,25,141,1,2,24,28,68,18,126,2,12,39,28,38,7
S01008321,303,5,19,56,85,113,25,151,1,7,8,41,74,20,152,4,12,48,44,39,5
S01008322,473,6,30,91,120,179,47,224,2,10,22,45,113,32,249,4,20,69,75,66,15
S01008323,304,3,17,86,62,101,35,152,2,3,20,28,70,29,152,1,14,66,34,31,6
S01008324,281,2,14,61,69,111,24,145,1,6,23,28,73,14,136,1,8,38,41,38,10
S01008325,308,2,11,84,82,114,15,138,0,4,19,40,65,10,170,2,7,65,42,49,5
S01008326,395,2,24,102,88,143,36,197,1,4,26,41,91,34,198,1,20,76,47,52,2
S01008327,375,4,16,80,120,141,14,188,0,2,18,50,107,11,187,4,14,62,70,34,3
S01008328,358,6,23,75,74,141,39,179,2,7,21,34,84,31,179,4,16,54,40,57,8
S01008329,460,3,35,100,104,174,44,237,0,12,24,46,119,36,223,3,23,76,58,55,8
S01008330,457,8,32,125,97,151,44,226,1,6,37,46,100,36,231,7,26,88,51,51,8
S01008331,342,4,17,84,66,134,37,169,2,6,18,27,86,30,173,2,11,66,39,48,7
S01008332,426,9,37,93,82,144,61,216,4,12,25,41,87,47,210,5,25,68,41,57,14
S01008333,390,5,29,93,66,142,55,203,2,7,28,34,90,42,187,3,22,65,32,52,13
S01008334,324,2,27,61,59,115,60,172,0,8,19,31,72,42,152,2,19,42,28,43,18
S01008335,306,3,26,81,62,103,31,148,1,6,18,30,68,25,158,2,20,63,32,35,6
S01008336,299,4,24,84,50,99,38,150,2,8,26,20,61,33,149,2,16,58,30,38,5
S01008337,465,2,24,102,101,189,47,233,0,6,26,50,119,32,232,2,18,76,51,70,15
S01008338,449,5,33,110,69,158,74,228,1,10,16,31,107,63,221,4,23,94,38,51,11
S01008339,377,4,28,98,86,116,45,190,3,9,28,38,78,34,187,1,19,70,48,38,11
S01008340,472,7,36,103,105,165,56,228,2,14,26,40,101,45,244,5,22,77,65,64,11
S01008341,369,8,27,84,50,133,67,189,1,9,16,24,85,54,180,7,18,68,26,48,13
S01008342,409,5,23,97,88,138,58,219,2,7,30,42,93,45,190,3,16,67,46,45,13
S01008343,397,9,53,76,56,142,61,218,5,18,19,22,104,50,179,4,35,57,34,38,11
S01008344,412,5,33,97,53,134,90,231,1,15,32,24,81,78,181,4,18,65,29,53,12
S01008345,390,8,40,74,44,128,96,218,3,13,24,22,79,77,172,5,27,50,22,49,19
S01008346,447,14,45,95,57,150,86,231,7,7,16,21,114,66,216,7,38,79,36,36,20
S01008347,398,7,29,85,86,136,55,196,1,12,16,43,80,44,202,6,17,69,43,56,11
S01008348,309,6,29,61,56,107,50,161,1,12,17,24,68,39,148,5,17,44,32,39,11
S01008349,393,8,33,88,43,130,91,212,0,11,16,21,85,79,181,8,22,72,22,45,12
S01008350,242,3,22,49,38,73,57,128,1,4,18,11,50,44,114,2,18,31,27,23,13
S01008351,424,8,39,83,72,158,64,213,3,13,17,31,100,49,211,5,26,66,41,58,15
S01008352,291,0,26,62,50,95,58,168,0,12,15,22,71,48,123,0,14,47,28,24,10
S01008353,224,5,23,41,29,85,41,119,2,5,10,12,54,36,105,3,18,31,17,31,5
S01008354,337,6,26,60,45,126,74,183,0,8,12,19,88,56,154,6,18,48,26,38,18
S01008355,277,4,20,55,66,93,39,135,0,6,9,24,61,35,142,4,14,46,42,32,4
S01008356,324,4,18,75,59,134,34,158,0,2,21,30,76,29,166,4,16,54,29,58,5
S01008357,344,3,26,68,55,136,56,167,1,3,9,27,83,44,177,2,23,59,28,53,12
S01008358,302,2,19,66,61,115,39,139,0,3,11,18,78,29,163,2,16,55,43,37,10
S01008359,308,4,21,60,50,134,39,160,3,6,9,20,91,31,148,1,15,51,30,43,8
S01008360,417,9,34,96,66,155,57,205,4,10,22,32,94,43,212,5,24,74,34,61,14
S01008361,273,3,21,50,64,97,38,138,1,6,8,29,66,28,135,2,15,42,35,31,10
S01008362,497,0,31,110,119,185,52,234,0,7,17,50,120,40,263,0,24,93,69,65,12
S01008363,370,5,27,77,70,148,43,198,1,12,18,30,100,37,172,4,15,59,40,48,6
S01008364,365,10,32,81,67,124,51,179,4,14,22,25,75,39,186,6,18,59,42,49,12
S01008365,292,5,33,68,46,101,39,150,2,5,16,21,71,35,142,3,28,52,25,30,4
S01008366,365,2,29,80,102,119,33,185,0,12,19,49,82,23,180,2,17,61,53,37,10
S01008367,339,2,29,78,68,118,44,163,1,8,12,33,76,33,176,1,21,66,35,42,11
S01008368,344,2,19,69,88,138,28,169,1,6,15,39,85,23,175,1,13,54,49,53,5
S01008369,250,1,15,55,65,93,21,119,1,6,7,25,65,15,131,0,9,48,40,28,6
S01008370,348,3,34,70,83,118,40,165,2,8,18,39,68,30,183,1,26,52,44,50,10
S01008371,388,3,35,97,81,129,43,186,1,12,15,44,79,35,202,2,23,82,37,50,8
S01008372,393,3,25,93,85,141,46,206,1,11,22,40,98,34,187,2,14,71,45,43,12
S01008373,417,6,37,99,91,136,48,217,1,15,17,52,91,41,200,5,22,82,39,45,7
S01008374,361,3,37,81,73,135,32,180,1,12,16,36,90,25,181,2,25,65,37,45,7
S01008375,401,3,35,102,67,143,51,215,1,13,31,35,92,43,186,2,22,71,32,51,8
S01008376,263,3,17,59,54,95,35,142,0,6,11,30,66,29,121,3,11,48,24,29,6
S01008377,381,7,19,79,89,130,57,198,2,8,11,49,83,45,183,5,11,68,40,47,12
S01008378,477,7,35,96,118,153,68,244,4,16,25,63,82,54,233,3,19,71,55,71,14
S01008379,221,5,17,52,40,76,31,119,1,7,16,23,47,25,102,4,10,36,17,29,6
S01008380,336,4,30,79,67,111,45,176,1,11,21,30,75,38,160,3,19,58,37,36,7
S01008381,358,6,29,76,82,129,36,181,1,10,15,42,83,30,177,5,19,61,40,46,6
S01008382,296,4,22,68,64,105,33,162,0,10,10,38,78,26,134,4,12,58,26,27,7
S01008383,249,3,18,53,47,103,25,132,0,6,9,27,67,23,117,3,12,44,20,36,2
S01008384,502,5,28,116,120,184,49,253,1,7,25,59,125,36,249,4,21,91,61,59,13
S01008385,317,7,22,59,46,128,55,171,1,6,13,26,83,42,146,6,16,46,20,45,13
S01008386,422,5,18,102,111,149,37,210,4,7,27,54,89,29,212,1,11,75,57,60,8
S01008387,328,3,16,75,84,123,27,159,1,7,14,33,81,23,169,2,9,61,51,42,4
S01008388,367,2,24,74,108,128,31,183,1,10,16,53,78,25,184,1,14,58,55,50,6
S01008389,210,2,16,43,44,70,35,98,1,2,7,18,44,26,112,1,14,36,26,26,9
S01008390,314,2,28,65,74,109,36,160,0,8,19,36,69,28,154,2,20,46,38,40,8
S01008391,310,3,29,63,69,102,44,173,1,12,18,39,69,34,137,2,17,45,30,33,10
S01008392,485,7,42,97,108,160,71,240,3,17,18,46,103,53,245,4,25,79,62,57,18
S01008393,343,6,35,74,59,123,46,180,2,13,14,31,82,38,163,4,22,60,28,41,8
S01008394,405,6,26,87,70,156,60,216,2,6,21,38,100,49,189,4,20,66,32,56,11
S01008395,295,4,18,73,76,106,18,152,1,6,17,38,75,15,143,3,12,56,38,31,3
S01008396,250,2,16,49,58,98,27,127,1,5,17,24,61,19,123,1,11,32,34,37,8
S01008397,469,4,31,105,96,182,51,235,3,11,32,42,111,36,234,1,20,73,54,71,15
S01008398,263,4,17,56,48,96,42,141,1,4,13,27,67,29,122,3,13,43,21,29,13
S01008399,221,3,14,43,59,79,23,118,2,4,17,29,47,19,103,1,10,26,30,32,4
S01008400,314,6,19,79,70,105,35,161,3,6,16,39,72,25,153,3,13,63,31,33,10
S01008401,445,4,28,102,107,151,53,218,0,8,30,47,88,45,227,4,20,72,60,63,8
S01008402,490,9,36,118,68,161,98,270,3,13,34,35,102,83,220,6,23,84,33,59,15
S01008403,279,3,28,60,35,113,40,140,0,10,5,15,78,32,139,3,18,55,20,35,8
S01008404,404,5,37,80,67,158,57,219,1,10,18,39,103,48,185,4,27,62,28,55,9
S01008405,385,6,28,94,65,120,72,206,2,8,25,31,84,56,179,4,20,69,34,36,16
S01008406,367,9,27,77,60,134,60,190,3,5,19,30,85,48,177,6,22,58,30,49,12
S01008407,214,3,11,44,45,89,22,102,2,4,9,20,50,17,112,1,7,35,25,39,5
S01008408,339,1,21,84,73,123,37,168,1,9,16,33,82,27,171,0,12,68,40,41,10
S01008409,376,3,26,82,112,120,33,185,2,6,18,50,85,24,191,1,20,64,62,35,9
S01008410,238,2,18,48,49,94,27,120,0,4,14,24,58,20,118,2,14,34,25,36,7
S01008411,315,4,21,75,79,107,29,141,1,7,12,31,70,20,174,3,14,63,48,37,9
S01008412,325,2,43,67,82,80,51,166,1,17,18,40,47,43,159,1,26,49,42,33,8
S01008413,265,5,14,68,58,90,30,142,4,5,20,29,59,25,123,1,9,48,29,31,5
S01008414,219,1,24,40,49,82,23,115,0,5,10,26,55,19,104,1,19,30,23,27,4
S01008415,434,4,34,103,106,149,38,219,1,18,30,49,86,35,215,3,16,73,57,63,3
S01008416,430,3,23,97,107,159,41,215,0,10,20,52,102,31,215,3,13,77,55,57,10
S01008417,353,8,35,86,61,119,44,174,0,7,18,28,83,38,179,8,28,68,33,36,6
S01008418,375,9,14,92,99,116,45,185,5,4,20,41,80,35,190,4,10,72,58,36,10
S01008419,242,5,25,53,46,74,39,125,2,7,15,21,52,28,117,3,18,38,25,22,11
S01008420,240,3,23,53,71,68,22,116,1,5,15,31,47,17,124,2,18,38,40,21,5
S01008421,431,4,28,90,89,177,43,210,1,5,18,33,121,32,221,3,23,72,56,56,11
S01008422,269,5,16,72,40,84,52,144,1,3,18,16,63,43,125,4,13,54,24,21,9
S01008423,482,7,33,101,81,156,104,253,1,12,12,36,101,91,229,6,21,89,45,55,13
S01008424,332,6,35,77,45,126,43,177,1,12,13,23,92,36,155,5,23,64,22,34,7
S01008425,677,19,142,161,100,200,55,364,10,65,58,54,135,42,313,9,77,103,46,65,13
S01008426,253,2,11,60,70,92,18,130,1,2,14,32,68,13,123,1,9,46,38,24,5
S01008427,647,12,42,144,167,217,65,330,4,13,26,79,156,52,317,8,29,118,88,61,13
S01008428,298,1,18,63,58,130,28,149,0,2,11,20,94,22,149,1,16,52,38,36,6
S01008429,390,4,25,93,89,138,41,205,1,6,23,40,102,33,185,3,19,70,49,36,8
S01008430,302,4,23,68,55,113,39,147,0,7,11,26,77,26,155,4,16,57,29,36,13
S01008431,387,5,36,93,93,140,20,190,0,15,19,43,97,16,197,5,21,74,50,43,4
S01008432,300,4,23,81,65,101,26,162,3,11,14,38,74,22,138,1,12,67,27,27,4
S01008433,450,6,28,105,122,153,36,236,2,13,23,56,112,30,214,4,15,82,66,41,6
S01008434,415,5,30,87,119,139,35,215,1,5,19,59,99,32,200,4,25,68,60,40,3
S01008435,368,2,30,74,103,119,40,194,0,4,18,55,88,29,174,2,26,56,48,31,11
S01008436,412,5,29,85,75,150,68,205,1,10,21,38,85,50,207,4,19,64,37,65,18
S01008437,349,3,19,63,70,144,50,177,0,9,14,31,90,33,172,3,10,49,39,54,17
S01008438,245,5,18,42,55,89,36,127,1,4,12,31,52,27,118,4,14,30,24,37,9
S01008439,528,5,38,113,93,183,96,279,2,8,25,47,119,78,249,3,30,88,46,64,18
S01008440,440,7,41,83,79,160,70,231,1,18,18,41,96,57,209,6,23,65,38,64,13
S01008441,224,5,27,46,41,80,25,119,1,9,11,27,49,22,105,4,18,35,14,31,3
S01008442,385,1,18,69,75,158,64,192,0,6,17,34,88,47,193,1,12,52,41,70,17
S01008443,253,5,14,51,34,89,60,139,2,8,10,14,59,46,114,3,6,41,20,30,14
S01008444,337,5,22,67,73,109,61,194,2,6,20,35,81,50,143,3,16,47,38,28,11
S01008445,310,1,21,68,37,120,63,180,0,3,9,22,93,53,130,1,18,59,15,27,10
S01008446,400,4,29,83,78,133,73,209,0,9,19,35,93,53,191,4,20,64,43,40,20
S01008447,341,3,19,67,65,131,56,171,0,3,19,28,78,43,170,3,16,48,37,53,13
S01008448,365,8,23,85,86,119,44,198,4,9,25,44,81,35,167,4,14,60,42,38,9
S01008449,310,0,23,77,85,109,16,149,0,9,21,38,71,10,161,0,14,56,47,38,6
S01008450,224,0,15,76,50,65,18,93,0,5,21,13,40,14,131,0,10,55,37,25,4
S01008451,232,2,15,83,46,74,12,115,1,6,22,19,57,10,117,1,9,61,27,17,2
S01008452,233,0,17,64,68,65,19,108,0,5,18,39,37,9,125,0,12,46,29,28,10
S01008453,271,1,14,54,64,124,14,136,1,4,20,33,67,11,135,0,10,34,31,57,3
S01008454,354,3,24,106,78,122,21,171,1,7,35,36,76,16,183,2,17,71,42,46,5
S01008455,361,4,23,78,93,138,25,213,1,13,27,49,102,21,148,3,10,51,44,36,4
S01008456,359,3,31,106,91,114,14,217,2,16,40,59,87,13,142,1,15,66,32,27,1
S01008457,244,4,12,50,60,106,12,127,3,4,16,27,70,7,117,1,8,34,33,36,5
S01008458,465,3,29,93,135,176,29,238,1,10,23,62,117,25,227,2,19,70,73,59,4
S01008459,299,3,18,76,82,102,18,160,2,4,33,37,69,15,139,1,14,43,45,33,3
S01008460,259,8,17,78,54,86,16,138,4,6,23,29,64,12,121,4,11,55,25,22,4
S01008461,360,3,20,87,97,130,23,192,1,9,23,44,99,16,168,2,11,64,53,31,7
S01008462,189,2,9,45,56,66,11,101,1,3,16,29,44,8,88,1,6,29,27,22,3
S01008463,278,3,14,77,59,112,13,149,0,6,22,31,79,11,129,3,8,55,28,33,2
S01008464,418,2,20,87,123,159,27,206,1,7,14,56,104,24,212,1,13,73,67,55,3
S01008465,388,1,16,87,109,157,18,190,0,4,24,46,102,14,198,1,12,63,63,55,4
S01008466,351,3,17,79,89,137,26,185,1,7,16,42,97,22,166,2,10,63,47,40,4
S01008467,373,2,19,98,89,143,22,188,2,5,18,35,109,19,185,0,14,80,54,34,3
S01008468,258,4,18,59,65,89,23,133,2,5,15,31,60,20,125,2,13,44,34,29,3
S01008469,291,6,19,65,77,104,20,152,4,5,20,37,68,18,139,2,14,45,40,36,2
S01008470,282,1,15,70,72,112,12,150,1,5,26,33,75,10,132,0,10,44,39,37,2
S01008471,348,0,18,107,81,121,21,184,0,7,32,37,90,18,164,0,11,75,44,31,3
S01008472,284,4,9,59,60,131,21,148,0,5,17,24,85,17,136,4,4,42,36,46,4
S01008473,306,2,16,82,59,126,21,157,1,2,22,32,83,17,149,1,14,60,27,43,4
S01008474,329,1,14,78,78,132,26,181,0,5,27,34,93,22,148,1,9,51,44,39,4
S01008475,256,2,16,66,62,91,19,119,2,3,17,24,57,16,137,0,13,49,38,34,3
S01008476,308,1,10,63,88,128,18,149,0,4,11,34,87,13,159,1,6,52,54,41,5
S01008477,361,1,14,71,105,156,14,182,1,7,25,35,101,13,179,0,7,46,70,55,1
S01008478,318,6,9,79,80,120,24,151,5,1,19,38,71,17,167,1,8,60,42,49,7
S01008479,319,1,12,69,92,129,16,162,1,0,21,42,85,13,157,0,12,48,50,44,3
S01008480,298,2,17,54,67,142,16,151,0,6,11,35,86,13,147,2,11,43,32,56,3
S01008481,476,8,21,128,102,176,41,276,4,8,48,44,135,37,200,4,13,80,58,41,4
S01008482,255,4,15,60,73,90,13,129,3,5,21,31,58,11,126,1,10,39,42,32,2
S01008483,282,2,12,58,88,105,17,149,2,7,15,46,66,13,133,0,5,43,42,39,4
S01008484,359,2,22,84,95,137,19,182,0,3,21,42,101,15,177,2,19,63,53,36,4
S01008485,499,3,30,112,116,193,45,264,1,7,32,55,133,36,235,2,23,80,61,60,9
S01008486,386,4,22,63,113,151,33,205,2,7,22,53,101,20,181,2,15,41,60,50,13
S01008487,507,3,19,63,146,226,50,275,2,8,18,70,143,34,232,1,11,45,76,83,16
S01008488,389,3,22,63,98,168,35,201,1,6,16,46,105,27,188,2,16,47,52,63,8
S01008489,302,3,18,72,79,113,17,150,1,6,16,43,73,11,152,2,12,56,36,40,6
S01008490,543,4,24,83,155,231,46,284,2,11,28,67,147,29,259,2,13,55,88,84,17
S01008491,494,5,35,83,118,215,38,254,3,17,22,55,132,25,240,2,18,61,63,83,13
S01008492,584,7,25,91,160,259,42,289,3,11,37,61,155,22,295,4,14,54,99,104,20
S01008493,385,3,24,80,100,160,18,189,1,7,22,43,103,13,196,2,17,58,57,57,5
S01008494,375,2,13,56,121,159,24,194,2,4,24,59,92,13,181,0,9,32,62,67,11
S01008495,580,4,32,66,168,270,40,307,1,13,29,87,152,25,273,3,19,37,81,118,15
S01008496,660,7,23,84,176,319,51,364,3,9,42,89,178,43,296,4,14,42,87,141,8
S01008497,567,6,30,88,160,255,28,305,2,13,42,82,143,23,262,4,17,46,78,112,5
S01008498,507,9,36,82,131,210,39,263,4,17,29,64,120,29,244,5,19,53,67,90,10
S01008499,620,6,44,86,169,270,45,343,1,24,43,86,157,32,277,5,20,43,83,113,13
S01008500,211,0,11,44,50,88,18,118,0,4,20,28,57,9,93,0,7,24,22,31,9
S01008501,408,5,29,53,89,202,30,221,1,16,20,49,120,15,187,4,13,33,40,82,15
S01008502,440,1,34,48,111,213,33,216,1,16,16,60,112,11,224,0,18,32,51,101,22
S01008503,583,6,40,84,160,245,48,292,1,13,25,86,139,28,291,5,27,59,74,106,20
S01008504,698,6,54,102,170,304,62,334,4,23,21,86,166,34,364,2,31,81,84,138,28
S01008505,444,5,29,80,111,163,56,210,2,4,26,56,82,40,234,3,25,54,55,81,16
S01008506,423,13,26,65,89,162,68,200,6,8,15,39,88,44,223,7,18,50,50,74,24
S01008507,533,4,40,87,135,203,64,247,2,12,28,60,105,40,286,2,28,59,75,98,24
S01008508,437,3,38,78,90,165,63,223,2,9,14,48,104,46,214,1,29,64,42,61,17
S01008509,512,7,21,82,91,219,92,246,2,5,19,41,117,62,266,5,16,63,50,102,30
S01008510,457,2,29,103,112,152,59,233,1,14,29,50,95,44,224,1,15,74,62,57,15
S01008511,408,5,24,98,62,156,63,216,3,7,21,35,102,48,192,2,17,77,27,54,15
S01008512,240,4,18,56,34,90,38,128,4,4,8,20,62,30,112,0,14,48,14,28,8
S01008513,291,7,18,78,50,89,49,158,5,7,19,25,63,39,133,2,11,59,25,26,10
S01008514,395,3,24,91,62,150,65,209,1,9,20,29,99,51,186,2,15,71,33,51,14
S01008515,400,5,25,93,71,146,60,203,2,6,19,34,93,49,197,3,19,74,37,53,11
S01008516,541,2,31,75,133,236,64,285,2,9,30,68,141,35,256,0,22,45,65,95,29
S01008517,479,12,21,74,107,192,73,231,6,10,31,48,92,44,248,6,11,43,59,100,29
S01008518,459,7,28,84,76,184,80,242,3,10,18,41,116,54,217,4,18,66,35,68,26
S01008519,383,7,27,80,65,126,78,193,2,8,18,34,75,56,190,5,19,62,31,51,22
S01008520,478,3,40,88,83,180,84,255,2,10,23,36,122,62,223,1,30,65,47,58,22
S01008521,416,4,21,87,79,139,86,224,1,6,13,40,93,71,192,3,15,74,39,46,15
S01008522,246,4,21,34,39,100,48,130,1,8,8,19,61,33,116,3,13,26,20,39,15
S01008523,478,9,28,80,68,181,112,255,1,7,17,29,115,86,223,8,21,63,39,66,26
S01008524,388,4,23,99,98,151,13,199,4,11,36,41,96,11,189,0,12,63,57,55,2
S01008525,282,3,17,77,66,102,17,130,2,4,17,34,61,12,152,1,13,60,32,41,5
S01008526,421,3,27,85,93,177,36,221,0,13,32,32,115,29,200,3,14,53,61,62,7
S01008527,391,1,28,81,102,153,26,182,1,14,17,44,87,19,209,0,14,64,58,66,7
S01008528,354,3,23,91,103,109,25,172,2,7,25,53,65,20,182,1,16,66,50,44,5
S01008529,371,0,28,84,79,161,19,190,0,9,24,43,99,15,181,0,19,60,36,62,4
S01008530,311,2,20,77,81,114,17,142,2,9,20,38,60,13,169,0,11,57,43,54,4
S01008531,333,2,25,99,84,96,27,154,1,3,29,34,67,20,179,1,22,70,50,29,7
S01008532,184,2,10,48,44,68,12,91,1,3,12,19,45,11,93,1,7,36,25,23,1
S01008533,254,0,11,42,26,133,42,157,0,2,8,12,96,39,97,0,9,34,14,37,3
S01008534,386,4,32,80,89,128,53,208,1,12,22,35,95,43,178,3,20,58,54,33,10
S01008535,370,8,33,79,103,117,30,189,2,12,19,57,72,27,181,6,21,60,46,45,3
S01008536,259,1,15,60,65,91,27,131,0,5,11,34,60,21,128,1,10,49,31,31,6
S01008537,320,7,27,69,68,118,31,156,2,9,12,32,74,27,164,5,18,57,36,44,4
S01008538,231,5,20,56,31,87,32,114,3,6,13,12,57,23,117,2,14,43,19,30,9
S01008539,437,4,28,90,99,153,63,220,2,8,17,49,99,45,217,2,20,73,50,54,18
S01008540,405,8,31,85,83,145,53,205,2,9,17,39,99,39,200,6,22,68,44,46,14
S01008541,435,4,29,98,116,148,40,211,0,6,11,64,97,33,224,4,23,87,52,51,7
S01008542,475,3,43,127,111,140,51,246,1,13,24,65,100,43,229,2,30,103,46,40,8
S01008543,405,3,25,100,81,159,37,217,0,9,20,50,110,28,188,3,16,80,31,49,9
S01008544,358,6,26,75,68,121,62,185,3,10,10,34,80,48,173,3,16,65,34,41,14
S01008545,410,7,27,76,74,147,79,219,2,10,12,35,99,61,191,5,17,64,39,48,18
S01008546,388,2,27,88,71,138,62,210,0,9,23,37,92,49,178,2,18,65,34,46,13
S01008547,586,2,32,118,139,234,61,294,2,16,31,67,130,48,292,0,16,87,72,104,13
S01008548,492,1,18,92,152,186,43,237,1,3,29,59,113,32,255,0,15,63,93,73,11
S01008549,508,5,26,102,121,202,52,254,1,11,22,51,129,40,254,4,15,80,70,73,12
S01008550,427,3,23,75,96,169,61,217,2,9,17,43,103,43,210,1,14,58,53,66,18
S01008551,538,8,25,105,151,190,59,272,4,8,30,69,112,49,266,4,17,75,82,78,10
S01008552,437,2,31,97,105,155,47,226,0,11,26,49,107,33,211,2,20,71,56,48,14
S01008553,252,2,14,57,58,95,26,130,0,4,15,28,64,19,122,2,10,42,30,31,7
S01008554,380,1,17,97,86,159,20,192,1,5,28,43,102,13,188,0,12,69,43,57,7
S01008555,397,3,25,106,100,140,23,190,2,7,31,46,89,15,207,1,18,75,54,51,8
S01008556,283,3,16,68,78,104,14,135,2,5,20,29,70,9,148,1,11,48,49,34,5
S01008557,308,1,26,74,85,110,12,151,0,9,20,36,76,10,157,1,17,54,49,34,2
S01008558,363,3,17,92,97,129,25,190,2,10,23,50,84,21,173,1,7,69,47,45,4
S01008559,289,1,8,78,78,108,16,143,1,2,11,34,81,14,146,0,6,67,44,27,2
S01008560,300,2,13,83,68,113,21,151,1,5,23,29,78,15,149,1,8,60,39,35,6
S01008561,291,1,19,67,77,111,16,157,1,5,12,42,83,14,134,0,14,55,35,28,2
S01008562,208,1,14,58,43,75,17,89,0,3,13,21,41,11,119,1,11,45,22,34,6
S01008563,360,2,17,73,100,136,32,180,1,4,16,47,92,20,180,1,13,57,53,44,12
S01008564,269,0,12,34,90,113,20,131,0,4,5,37,71,14,138,0,8,29,53,42,6
S01008565,363,3,19,100,97,126,18,163,0,5,22,40,80,16,200,3,14,78,57,46,2
S01008566,450,0,26,107,121,171,25,225,0,4,26,58,117,20,225,0,22,81,63,54,5
S01008567,322,1,16,70,88,126,21,179,1,5,26,41,91,15,143,0,11,44,47,35,6
S01008568,415,0,25,101,108,146,35,205,0,6,36,48,88,27,210,0,19,65,60,58,8
S01008569,237,2,15,68,54,90,8,142,0,6,25,32,73,6,95,2,9,43,22,17,2
S01008570,356,4,22,98,86,121,25,165,1,9,26,33,75,21,191,3,13,72,53,46,4
S01008571,284,3,12,89,68,87,25,142,1,5,20,34,61,21,142,2,7,69,34,26,4
S01008572,364,0,19,87,93,146,19,187,0,4,30,38,101,14,177,0,15,57,55,45,5
S01008573,435,3,26,88,98,181,39,225,0,4,20,49,123,29,210,3,22,68,49,58,10
S01008574,430,3,30,82,118,160,37,217,0,7,28,60,100,22,213,3,23,54,58,60,15
S01008575,392,3,16,76,89,155,53,205,1,5,20,46,97,36,187,2,11,56,43,58,17
S01008576,446,7,27,107,108,158,39,211,1,7,30,45,102,26,235,6,20,77,63,56,13
S01008577,374,6,25,80,86,141,36,180,1,8,14,36,97,24,194,5,17,66,50,44,12
S01008578,354,9,30,59,70,127,59,185,3,11,18,29,81,43,169,6,19,41,41,46,16
S01008579,291,5,17,71,58,100,40,148,3,6,20,24,64,31,143,2,11,51,34,36,9
S01008580,279,4,19,55,86,94,21,145,0,6,18,43,63,15,134,4,13,37,43,31,6
S01008581,389,5,14,90,115,138,27,189,2,6,31,49,83,18,200,3,8,59,66,55,9
S01008582,457,6,37,92,100,187,35,239,3,9,25,43,133,26,218,3,28,67,57,54,9
S01008583,307,3,14,59,83,127,21,150,2,6,14,33,79,16,157,1,8,45,50,48,5
S01008584,358,1,23,74,92,134,34,187,0,9,16,47,84,31,171,1,14,58,45,50,3
S01008585,264,2,11,62,66,100,23,136,1,5,15,32,68,15,128,1,6,47,34,32,8
S01008586,328,6,22,80,83,116,21,173,0,4,27,40,83,19,155,6,18,53,43,33,2
S01008587,369,5,40,77,59,122,66,201,4,15,29,30,72,51,168,1,25,48,29,50,15
S01008588,344,5,22,81,77,125,34,176,3,12,17,44,79,21,168,2,10,64,33,46,13
S01008589,171,3,14,37,37,62,18,86,1,2,7,22,40,14,85,2,12,30,15,22,4
S01008590,308,2,16,58,71,124,37,153,2,10,14,37,63,27,155,0,6,44,34,61,10
S01008591,392,4,29,93,70,143,53,209,1,12,25,33,94,44,183,3,17,68,37,49,9
S01008592,317,9,33,67,85,99,24,162,4,13,18,34,75,18,155,5,20,49,51,24,6
S01008593,361,9,27,65,48,126,86,193,4,6,17,23,71,72,168,5,21,48,25,55,14
S01008594,490,5,36,81,81,189,98,254,2,11,19,32,121,69,236,3,25,62,49,68,29
S01008595,336,3,20,72,91,117,33,178,2,11,20,47,76,22,158,1,9,52,44,41,11
S01008596,345,9,26,58,92,135,25,171,4,10,17,43,81,16,174,5,16,41,49,54,9
S01008597,427,4,24,98,94,165,42,207,2,4,20,46,104,31,220,2,20,78,48,61,11
S01008598,343,13,44,61,73,112,40,168,6,23,24,28,63,24,175,7,21,37,45,49,16
S01008599,453,6,45,70,88,153,91,252,0,25,27,40,99,61,201,6,20,43,48,54,30
S01008600,332,6,27,65,49,127,58,177,6,11,20,21,77,42,155,0,16,45,28,50,16
S01008601,500,47,168,80,54,119,32,239,20,66,28,27,78,20,261,27,102,52,27,41,12
S01008602,295,7,49,41,66,102,30,156,3,20,21,28,62,22,139,4,29,20,38,40,8
S01008603,524,16,67,85,85,223,48,270,9,24,30,48,132,27,254,7,43,55,37,91,21
S01008604,430,8,43,75,67,168,69,228,3,12,32,27,107,47,202,5,31,43,40,61,22
S01008605,372,10,28,52,74,157,51,200,4,11,23,35,89,38,172,6,17,29,39,68,13
S01008606,380,5,37,90,64,118,66,196,1,13,18,41,73,50,184,4,24,72,23,45,16
S01008607,263,5,18,63,35,90,52,135,2,6,17,17,55,38,128,3,12,46,18,35,14
S01008608,315,2,31,61,54,125,42,159,0,13,16,23,85,22,156,2,18,45,31,40,20
S01008609,385,4,18,74,71,143,75,197,2,4,19,33,83,56,188,2,14,55,38,60,19
S01008610,338,9,40,51,46,134,58,176,2,16,16,19,84,39,162,7,24,35,27,50,19
S01008611,581,30,102,86,101,192,70,279,9,26,30,56,109,49,302,21,76,56,45,83,21
S01008612,378,15,40,72,60,144,47,202,7,16,29,39,85,26,176,8,24,43,21,59,21
S01008613,361,7,39,83,48,121,63,181,4,9,28,27,69,44,180,3,30,55,21,52,19
S01008614,293,12,46,60,44,115,16,154,5,27,22,20,71,9,139,7,19,38,24,44,7
S01008615,368,15,57,67,67,113,49,188,7,21,22,35,68,35,180,8,36,45,32,45,14
S01008616,319,14,75,53,57,91,29,147,4,22,15,33,54,19,172,10,53,38,24,37,10
S01008617,306,12,59,74,40,88,33,158,7,30,30,21,47,23,148,5,29,44,19,41,10
S01008618,295,21,60,43,56,96,19,132,11,23,10,26,49,13,163,10,37,33,30,47,6
S01008619,258,9,39,49,48,88,25,120,2,14,23,24,41,16,138,7,25,26,24,47,9
S01008620,360,21,63,46,58,128,44,168,9,14,15,27,77,26,192,12,49,31,31,51,18
S01008621,327,14,63,71,46,99,34,148,5,25,28,18,52,20,179,9,38,43,28,47,14
S01008622,252,7,30,47,39,85,44,131,3,10,16,25,49,28,121,4,20,31,14,36,16
S01008623,382,23,52,72,62,130,43,201,8,20,28,35,80,30,181,15,32,44,27,50,13
S01008624,266,4,31,48,35,95,53,144,3,10,16,18,53,44,122,1,21,32,17,42,9
S01008625,262,5,16,55,33,82,71,142,3,7,11,15,52,54,120,2,9,44,18,30,17
S01008626,482,2,35,82,94,193,76,255,0,11,23,39,121,61,227,2,24,59,55,72,15
S01008627,334,5,25,65,46,122,71,171,0,4,15,23,75,54,163,5,21,50,23,47,17
S01008628,332,2,29,53,66,128,54,161,0,7,13,30,76,35,171,2,22,40,36,52,19
S01008629,294,4,19,65,57,102,47,137,0,6,17,26,61,27,157,4,13,48,31,41,20
S01008630,291,3,20,57,71,118,22,158,2,13,25,29,77,12,133,1,7,32,42,41,10
S01008631,512,6,24,86,112,196,88,274,3,10,36,54,109,62,238,3,14,50,58,87,26
S01008632,459,4,19,82,87,196,71,225,2,8,29,35,104,47,234,2,11,53,52,92,24
S01008633,366,18,21,67,50,142,68,186,7,6,15,19,90,49,180,11,15,52,31,52,19
S01008634,353,9,37,68,56,125,58,192,5,17,14,29,84,43,161,4,20,54,27,41,15
S01008635,451,14,46,59,81,174,77,228,8,15,15,37,92,61,223,6,31,44,44,82,16
S01008636,428,8,50,72,72,159,67,206,1,16,21,29,93,46,222,7,34,51,43,66,21
S01008637,341,3,24,43,63,146,62,174,1,5,18,25,88,37,167,2,19,25,38,58,25
S01008638,363,9,31,68,76,123,56,193,3,17,23,37,76,37,170,6,14,45,39,47,19
S01008639,556,6,37,100,110,226,77,283,2,12,39,56,125,49,273,4,25,61,54,101,28
S01008640,457,8,31,75,111,180,52,232,6,15,28,44,102,37,225,2,16,47,67,78,15
S01008641,447,10,44,84,83,162,64,207,3,12,35,41,76,40,240,7,32,49,42,86,24
S01008642,555,3,56,93,108,221,74,275,2,24,33,47,119,50,280,1,32,60,61,102,24
S01008643,438,10,28,65,69,183,83,213,6,4,24,31,90,58,225,4,24,41,38,93,25
S01008644,415,2,34,62,106,173,38,203,0,13,22,48,94,26,212,2,21,40,58,79,12
S01008645,460,8,44,84,125,153,46,236,4,17,34,61,90,30,224,4,27,50,64,63,16
S01008646,525,9,33,103,114,210,56,282,7,19,40,59,117,40,243,2,14,63,55,93,16
S01008647,422,5,27,51,104,200,35,229,2,15,21,58,115,18,193,3,12,30,46,85,17
S01008648,395,3,29,54,93,181,35,191,1,12,22,32,101,23,204,2,17,32,61,80,12
S01008649,581,5,24,55,153,298,46,307,2,6,22,85,165,27,274,3,18,33,68,133,19
S01008650,514,3,32,78,125,229,47,260,1,15,30,64,120,30,254,2,17,48,61,109,17
S01008651,508,13,51,101,111,189,43,276,6,16,46,56,123,29,232,7,35,55,55,66,14
S01008652,380,3,28,66,88,160,35,204,2,13,28,43,94,24,176,1,15,38,45,66,11
S01008653,386,4,41,50,94,174,23,223,2,21,23,54,106,17,163,2,20,27,40,68,6
S01008654,590,10,41,106,147,256,30,328,2,21,54,73,157,21,262,8,20,52,74,99,9
S01008655,514,7,41,58,125,219,64,281,2,21,22,64,122,50,233,5,20,36,61,97,14
S01008656,382,5,26,62,96,162,31,228,4,9,38,55,101,21,154,1,17,24,41,61,10
S01008657,414,7,37,84,93,174,19,211,2,18,35,41,102,13,203,5,19,49,52,72,6
S01008658,560,14,61,108,134,210,33,294,8,25,47,73,117,24,266,6,36,61,61,93,9
S01008659,458,13,64,87,95,166,33,237,7,24,29,56,102,19,221,6,40,58,39,64,14
S01008660,507,15,57,96,74,190,75,302,8,24,44,55,113,58,205,7,33,52,19,77,17
S01008661,460,13,53,98,84,169,43,232,5,12,40,44,98,33,228,8,41,58,40,71,10
S01008662,341,6,82,63,48,116,26,177,2,37,24,26,72,16,164,4,45,39,22,44,10
S01008663,420,6,49,72,82,163,48,222,3,18,24,46,100,31,198,3,31,48,36,63,17
S01008664,434,6,40,75,89,175,49,228,3,11,34,51,99,30,206,3,29,41,38,76,19
S01008665,615,8,70,113,121,237,66,309,3,30,50,53,125,48,306,5,40,63,68,112,18
S01008666,435,22,71,80,65,163,34,216,7,28,30,40,94,17,219,15,43,50,25,69,17
S01008667,359,17,54,62,69,130,27,165,5,21,23,29,71,16,194,12,33,39,40,59,11
S01008668,290,11,36,38,62,115,28,146,7,19,17,27,57,19,144,4,17,21,35,58,9
S01008669,177,9,51,34,28,44,11,85,5,17,15,15,23,10,92,4,34,19,13,21,1
S01008670,296,21,79,48,43,90,15,136,8,22,19,21,52,14,160,13,57,29,22,38,1
S01008671,287,12,69,54,42,84,26,148,8,29,23,20,51,17,139,4,40,31,22,33,9
S01008672,281,10,48,42,60,95,26,147,8,15,14,35,63,12,134,2,33,28,25,32,14
S01008673,421,18,58,69,72,139,65,214,4,20,30,33,84,43,207,14,38,39,39,55,22
S01008674,389,14,66,71,70,132,36,202,5,27,28,43,75,24,187,9,39,43,27,57,12
S01008675,377,2,24,58,75,172,46,224,0,15,22,44,105,38,153,2,9,36,31,67,8
S01008676,436,10,26,57,98,190,55,218,4,7,20,49,102,36,218,6,19,37,49,88,19
S01008677,438,9,31,83,65,181,69,245,6,12,38,31,105,53,193,3,19,45,34,76,16
S01008678,390,14,104,62,68,105,37,196,7,33,28,37,64,27,194,7,71,34,31,41,10
S01008679,401,12,60,95,75,122,37,221,5,25,46,40,79,26,180,7,35,49,35,43,11
S01008680,257,7,45,40,61,80,24,140,4,19,15,35,50,17,117,3,26,25,26,30,7
S01008681,331,10,51,47,72,123,28,174,3,17,18,39,80,17,157,7,34,29,33,43,11
S01008682,371,12,37,66,86,131,39,196,4,17,29,36,84,26,175,8,20,37,50,47,13
S01008683,408,15,43,107,95,121,27,219,10,17,43,46,84,19,189,5,26,64,49,37,8
S01008684,401,9,37,96,78,133,48,216,5,18,32,42,82,37,185,4,19,64,36,51,11
S01008685,439,9,65,82,82,159,42,210,1,16,34,39,93,27,229,8,49,48,43,66,15
S01008686,438,3,29,87,104,164,51,219,0,9,23,51,104,32,219,3,20,64,53,60,19
S01008687,447,5,32,52,123,195,40,243,1,15,24,61,109,33,204,4,17,28,62,86,7
S01008688,540,3,27,83,137,232,58,286,0,10,34,66,136,40,254,3,17,49,71,96,18
S01008689,564,6,24,90,147,252,45,275,2,10,28,63,145,27,289,4,14,62,84,107,18
S01008690,673,7,29,120,159,307,51,314,2,9,49,69,150,35,359,5,20,71,90,157,16
S01008691,737,9,33,107,184,339,65,389,3,13,47,89,191,46,348,6,20,60,95,148,19
S01008692,422,4,12,72,113,195,26,207,0,4,28,48,110,17,215,4,8,44,65,85,9
S01008693,239,1,17,58,56,77,30,113,1,5,10,21,49,27,126,0,12,48,35,28,3
S01008694,674,7,34,102,180,298,53,345,2,10,32,110,161,30,329,5,24,70,70,137,23
S01008695,406,2,26,77,120,152,29,185,1,3,25,53,83,20,221,1,23,52,67,69,9
S01008696,370,2,24,73,91,144,36,187,0,9,22,46,87,23,183,2,15,51,45,57,13
S01008697,535,3,34,109,119,204,66,281,1,12,22,61,137,48,254,2,22,87,58,67,18
S01008698,259,2,28,65,42,91,31,130,1,13,17,21,52,26,129,1,15,48,21,39,5
S01008699,396,4,17,87,113,149,26,203,2,2,22,56,101,20,193,2,15,65,57,48,6
S01008700,238,8,13,44,38,99,36,121,3,5,11,8,68,26,117,5,8,33,30,31,10
S01008701,157,1,9,46,42,53,6,77,1,3,17,20,32,4,80,0,6,29,22,21,2
S01008702,318,5,23,55,72,132,31,169,2,8,18,31,84,26,149,3,15,37,41,48,5
S01008703,359,1,23,104,81,132,18,190,1,10,43,48,76,12,169,0,13,61,33,56,6
S01008704,268,7,17,60,58,107,19,129,5,4,16,29,60,15,139,2,13,44,29,47,4
S01008705,198,3,18,43,56,59,19,100,0,8,15,23,37,17,98,3,10,28,33,22,2
S01008706,210,3,16,56,65,62,8,98,1,5,11,34,40,7,112,2,11,45,31,22,1
S01008707,270,2,13,93,49,92,21,133,1,6,27,26,55,18,137,1,7,66,23,37,3
S01008708,293,2,21,92,53,107,18,159,0,8,37,24,76,14,134,2,13,55,29,31,4
S01008709,284,2,16,85,59,107,15,134,0,6,20,24,74,10,150,2,10,65,35,33,5
S01008710,186,2,13,48,53,67,3,94,1,1,15,28,46,3,92,1,12,33,25,21,0
S01008711,277,3,21,70,63,99,21,143,0,12,11,31,72,17,134,3,9,59,32,27,4
S01008712,307,5,19,88,69,101,25,163,1,8,25,32,79,18,144,4,11,63,37,22,7
S01008713,248,1,8,72,74,78,15,121,0,4,16,41,51,9,127,1,4,56,33,27,6
S01008714,225,1,13,56,51,87,17,104,1,5,13,26,49,10,121,0,8,43,25,38,7
S01008715,313,1,18,86,83,102,23,154,1,10,21,41,65,16,159,0,8,65,42,37,7
S01008716,221,2,12,54,47,92,14,111,2,4,13,18,63,11,110,0,8,41,29,29,3
S01008717,228,1,10,48,79,76,14,113,1,3,15,33,50,11,115,0,7,33,46,26,3
S01008718,273,0,19,49,71,117,17,140,0,5,10,34,78,13,133,0,14,39,37,39,4
S01008719,507,1,29,113,133,191,40,254,1,7,22,64,127,33,253,0,22,91,69,64,7
S01008720,246,3,17,54,57,91,24,124,0,6,10,27,64,17,122,3,11,44,30,27,7
S01008721,494,1,31,99,137,187,39,249,0,5,18,74,122,30,245,1,26,81,63,65,9
S01008722,445,5,31,90,97,158,64,225,1,14,17,41,105,47,220,4,17,73,56,53,17
S01008723,373,4,29,71,91,126,52,193,2,11,15,48,81,36,180,2,18,56,43,45,16
S01008724,438,3,20,108,92,158,57,216,1,4,24,40,105,42,222,2,16,84,52,53,15
S01008725,390,4,31,69,79,153,54,194,4,10,19,32,89,40,196,0,21,50,47,64,14
S01008726,304,1,22,62,69,109,41,153,0,8,13,30,74,28,151,1,14,49,39,35,13
S01008727,513,3,26,116,133,180,55,249,1,7,27,54,120,40,264,2,19,89,79,60,15
S01008728,228,2,14,57,46,87,22,111,2,3,11,23,58,14,117,0,11,46,23,29,8
S01008729,359,4,25,90,62,131,47,180,3,5,24,25,94,29,179,1,20,66,37,37,18
S01008730,453,2,20,86,123,180,42,220,1,5,20,66,97,31,233,1,15,66,57,83,11
S01008731,179,3,11,44,53,54,14,86,1,3,17,23,30,12,93,2,8,27,30,24,2
S01008732,284,2,11,57,87,108,19,149,1,3,16,49,69,11,135,1,8,41,38,39,8
S01008733,510,2,17,92,144,210,45,256,1,6,29,67,123,30,254,1,11,63,77,87,15
S01008734,272,2,15,53,79,89,34,141,1,6,16,32,59,27,131,1,9,37,47,30,7
S01008735,446,3,35,104,78,161,65,227,1,11,26,36,103,50,219,2,24,78,42,58,15
S01008736,321,6,28,72,51,133,31,169,3,6,20,28,85,27,152,3,22,52,23,48,4
S01008737,374,6,36,90,76,129,37,195,3,15,27,35,86,29,179,3,21,63,41,43,8
S01008738,333,5,26,83,69,106,44,169,2,7,16,41,70,33,164,3,19,67,28,36,11
S01008739,289,3,20,72,78,96,20,150,2,9,15,31,76,17,139,1,11,57,47,20,3
S01008740,271,1,19,70,98,68,15,133,1,4,17,58,44,9,138,0,15,53,40,24,6
S01008741,445,1,31,101,130,143,39,230,1,8,21,61,108,31,215,0,23,80,69,35,8
S01008742,217,1,10,49,62,88,7,115,0,5,16,28,61,5,102,1,5,33,34,27,2
S01008743,430,3,21,94,107,173,32,218,0,9,24,56,109,20,212,3,12,70,51,64,12
S01008744,491,1,26,100,137,189,38,248,0,10,14,70,128,26,243,1,16,86,67,61,12
S01008745,243,0,8,47,69,103,16,119,0,4,10,29,66,10,124,0,4,37,40,37,6
S01008746,483,1,26,105,135,192,24,256,0,10,38,56,132,20,227,1,16,67,79,60,4
S01008747,235,3,12,53,57,88,22,113,0,5,13,27,55,13,122,3,7,40,30,33,9
S01008748,312,1,25,75,67,113,31,157,0,6,18,34,75,24,155,1,19,57,33,38,7
S01008749,466,6,32,104,109,157,58,241,3,8,28,58,98,46,225,3,24,76,51,59,12
S01008750,323,5,22,76,78,115,27,165,1,6,18,42,74,24,158,4,16,58,36,41,3
S01008751,264,4,19,53,78,94,16,135,0,6,16,32,67,14,129,4,13,37,46,27,2
S01008752,304,1,15,73,87,112,16,149,0,6,18,41,71,13,155,1,9,55,46,41,3
S01008753,230,0,8,57,55,93,17,104,0,0,10,25,55,14,126,0,8,47,30,38,3
S01008754,355,2,17,53,96,163,24,183,1,8,13,44,96,21,172,1,9,40,52,67,3
S01008755,506,3,19,105,141,211,27,281,1,9,35,76,136,24,225,2,10,70,65,75,3
S01008756,337,3,15,72,98,130,19,168,0,9,28,45,74,12,169,3,6,44,53,56,7
S01008757,207,0,10,48,57,77,15,107,0,4,19,24,48,12,100,0,6,29,33,29,3
S01008758,341,6,21,76,82,129,27,174,3,5,20,37,85,24,167,3,16,56,45,44,3
S01008759,218,1,10,56,56,87,8,101,0,2,11,24,56,8,117,1,8,45,32,31,0
S01008760,370,3,28,109,85,125,20,169,1,9,30,38,78,13,201,2,19,79,47,47,7
S01008761,418,0,24,81,96,184,33,220,0,5,21,49,118,27,198,0,19,60,47,66,6
S01008762,319,2,13,72,92,120,20,155,1,3,17,45,72,17,164,1,10,55,47,48,3
S01008763,582,4,23,114,166,233,42,281,2,5,31,71,143,29,301,2,18,83,95,90,13
S01008764,406,12,20,66,104,160,44,205,7,6,14,48,97,33,201,5,14,52,56,63,11
S01008765,497,1,23,94,124,197,58,236,0,8,24,56,109,39,261,1,15,70,68,88,19
S01008766,524,3,35,135,111,173,67,256,1,10,33,56,107,49,268,2,25,102,55,66,18
S01008767,284,1,15,66,71,107,24,144,1,7,16,31,71,18,140,0,8,50,40,36,6
S01008768,266,1,10,50,65,121,19,144,1,4,15,31,80,13,122,0,6,35,34,41,6
S01008769,520,4,13,44,123,261,75,281,1,4,18,57,154,47,239,3,9,26,66,107,28
S01008770,567,2,22,67,127,270,79,309,1,5,21,68,157,57,258,1,17,46,59,113,22
S01008771,446,0,12,73,83,178,100,243,0,7,22,47,99,68,203,0,5,51,36,79,32
S01008772,413,1,23,63,101,172,53,224,0,4,23,51,109,37,189,1,19,40,50,63,16
S01008773,609,1,26,98,176,252,56,322,1,14,31,93,149,34,287,0,12,67,83,103,22
S01008774,521,3,23,89,122,248,36,288,1,12,32,56,161,26,233,2,11,57,66,87,10
S01008775,280,5,18,48,68,107,34,142,4,6,13,31,63,25,138,1,12,35,37,44,9
S01008776,419,2,28,75,125,154,35,203,1,12,24,60,83,23,216,1,16,51,65,71,12
S01008777,491,1,28,99,124,199,40,291,1,14,45,66,132,33,200,0,14,54,58,67,7
S01008778,786,5,26,102,185,372,96,423,2,8,40,87,215,71,363,3,18,62,98,157,25
S01008779,550,5,23,62,108,260,92,287,2,10,22,48,139,66,263,3,13,40,60,121,26
S01008780,419,1,18,55,87,209,49,218,1,8,23,45,103,38,201,0,10,32,42,106,11
S01008781,616,2,20,95,167,269,63,331,0,8,30,91,151,51,285,2,12,65,76,118,12
S01008782,509,4,18,49,116,245,77,279,1,6,21,52,149,50,230,3,12,28,64,96,27
S01008783,308,0,10,39,65,158,36,151,0,2,12,24,87,26,157,0,8,27,41,71,10
S01008784,322,1,7,53,57,170,34,163,0,3,16,29,91,24,159,1,4,37,28,79,10
S01008785,395,2,21,87,81,168,36,213,1,9,39,41,94,29,182,1,12,48,40,74,7
S01008786,625,1,18,72,163,305,66,351,0,11,29,87,183,41,274,1,7,43,76,122,25
S01008787,122,1,15,41,19,36,10,68,0,5,21,12,21,9,54,1,10,20,7,15,1
S01008788,487,2,14,61,97,242,71,251,2,7,21,47,125,49,236,0,7,40,50,117,22
S01008789,283,3,14,44,79,126,17,133,0,4,14,35,71,9,150,3,10,30,44,55,8
S01008790,363,3,28,77,66,160,29,181,0,7,31,30,89,24,182,3,21,46,36,71,5
S01008791,567,5,25,87,126,275,49,296,2,12,26,62,162,32,271,3,13,61,64,113,17
S01008792,476,2,30,88,112,192,52,243,0,6,36,53,113,35,233,2,24,52,59,79,17
S01008793,193,0,14,40,59,60,20,101,0,6,13,29,36,17,92,0,8,27,30,24,3
S01008794,428,3,22,69,116,183,35,212,1,8,21,54,102,26,216,2,14,48,62,81,9
S01008795,741,7,42,118,214,302,58,386,3,13,45,103,178,44,355,4,29,73,111,124,14
S01008796,622,2,34,121,166,249,50,319,2,14,41,74,151,37,303,0,20,80,92,98,13
S01008797,617,4,31,113,160,248,61,317,3,13,46,76,139,40,300,1,18,67,84,109,21
S01008798,461,4,17,89,117,199,35,240,1,7,29,64,120,19,221,3,10,60,53,79,16
S01008799,406,0,22,80,101,160,43,224,0,12,33,46,97,36,182,0,10,47,55,63,7
S01008800,767,8,30,111,203,346,69,412,1,13,37,110,202,49,355,7,17,74,93,144,20
S01008801,653,8,28,86,185,292,54,349,2,13,28,93,181,32,304,6,15,58,92,111,22
S01008802,608,2,28,103,177,255,43,324,1,11,45,84,154,29,284,1,17,58,93,101,14
S01008803,574,3,35,107,126,260,43,293,1,13,40,59,145,35,281,2,22,67,67,115,8
S01008804,332,7,13,46,93,131,42,187,3,5,23,46,78,32,145,4,8,23,47,53,10
S01008805,402,4,44,64,92,172,26,210,1,20,27,46,98,18,192,3,24,37,46,74,8
S01008806,713,7,39,106,162,325,74,363,2,10,41,79,176,55,350,5,29,65,83,149,19
S01008807,526,2,20,84,143,228,49,265,1,3,35,64,133,29,261,1,17,49,79,95,20
S01008808,417,5,16,71,91,179,55,212,4,4,23,45,102,34,205,1,12,48,46,77,21
S01008809,373,4,31,57,57,144,80,203,0,10,23,27,89,54,170,4,21,34,30,55,26
S01008810,484,6,31,73,116,204,54,239,2,12,23,53,108,41,245,4,19,50,63,96,13
S01008811,562,6,48,82,112,232,82,286,3,13,28,53,129,60,276,3,35,54,59,103,22
S01008812,313,2,15,53,68,139,36,160,2,7,23,35,69,24,153,0,8,30,33,70,12
S01008813,512,8,31,116,131,180,46,264,1,12,41,69,112,29,248,7,19,75,62,68,17
S01008814,516,7,43,101,117,194,54,251,2,17,32,45,123,32,265,5,26,69,72,71,22
S01008815,568,6,30,82,169,227,54,305,3,12,37,81,133,39,263,3,18,45,88,94,15
S01008816,286,1,8,27,80,141,29,157,0,2,10,45,78,22,129,1,6,17,35,63,7
S01008817,459,1,17,85,109,203,44,227,0,4,30,48,112,33,232,1,13,55,61,91,11
S01008818,495,5,15,98,135,189,53,232,2,5,24,57,110,34,263,3,10,74,78,79,19
S01008819,448,4,18,70,104,198,54,224,1,4,24,45,118,32,224,3,14,46,59,80,22
S01008820,621,1,23,105,167,275,50,331,0,9,29,79,176,38,290,1,14,76,88,99,12
S01008821,390,1,29,74,86,151,49,195,0,10,17,39,98,31,195,1,19,57,47,53,18
S01008822,371,0,18,86,75,124,68,196,0,5,26,36,74,55,175,0,13,60,39,50,13
S01008823,333,6,20,62,48,134,63,181,3,4,19,20,86,49,152,3,16,43,28,48,14
S01008824,555,4,23,107,120,227,74,264,1,10,19,53,130,51,291,3,13,88,67,97,23
S01008825,355,3,24,55,80,141,52,177,1,6,9,38,89,34,178,2,18,46,42,52,18
S01008826,396,5,20,60,85,162,64,196,2,7,16,44,83,44,200,3,13,44,41,79,20
S01008827,321,4,19,70,40,123,65,171,1,7,14,22,72,55,150,3,12,56,18,51,10
S01008828,478,2,31,86,91,191,77,231,0,10,24,42,106,49,247,2,21,62,49,85,28
S01008829,319,3,27,68,65,118,38,150,1,5,13,27,72,32,169,2,22,55,38,46,6
S01008830,347,9,15,62,66,148,47,172,1,3,12,29,93,34,175,8,12,50,37,55,13
S01008831,345,7,31,72,69,115,51,185,4,7,20,37,81,36,160,3,24,52,32,34,15
S01008832,298,5,15,30,60,124,64,173,3,4,8,34,75,49,125,2,11,22,26,49,15
S01008833,512,9,31,77,99,210,86,281,2,13,29,52,121,64,231,7,18,48,47,89,22
S01008834,578,11,28,103,125,223,88,280,3,5,30,53,119,70,298,8,23,73,72,104,18
S01008835,411,4,28,84,102,154,39,201,1,9,22,54,93,22,210,3,19,62,48,61,17
S01008836,401,3,19,67,109,166,37,205,1,5,20,56,98,25,196,2,14,47,53,68,12
S01008837,723,4,29,90,151,358,91,401,1,13,37,67,207,76,322,3,16,53,84,151,15
S01008838,675,4,38,94,146,328,65,349,2,17,25,72,187,46,326,2,21,69,74,141,19
S01008839,655,5,33,102,165,274,76,338,1,7,34,85,152,59,317,4,26,68,80,122,17
S01008840,646,7,36,103,153,290,57,327,3,10,33,79,162,40,319,4,26,70,74,128,17
S01008841,377,4,14,50,106,159,44,194,2,6,10,50,100,26,183,2,8,40,56,59,18
S01008842,600,2,24,103,142,275,54,322,1,10,52,68,154,37,278,1,14,51,74,121,17
S01008843,631,3,31,102,140,284,71,310,2,5,38,72,148,45,321,1,26,64,68,136,26
S01008844,444,4,21,53,106,207,53,221,2,6,22,58,101,32,223,2,15,31,48,106,21
S01008845,501,7,49,69,90,213,73,243,3,12,32,43,106,47,258,4,37,37,47,107,26
S01008846,482,4,41,84,89,192,72,231,0,9,34,36,108,44,251,4,32,50,53,84,28
S01008847,337,5,12,43,53,161,63,187,2,6,19,30,96,34,150,3,6,24,23,65,29
S01008848,454,7,21,65,63,206,92,259,2,6,24,29,135,63,195,5,15,41,34,71,29
S01008849,442,6,31,52,72,176,105,232,3,9,17,36,103,64,210,3,22,35,36,73,41
S01008850,424,10,23,54,60,166,111,222,3,8,21,23,94,73,202,7,15,33,37,72,38
S01008851,586,6,20,86,102,273,99,289,2,8,29,48,141,61,297,4,12,57,54,132,38
S01008852,542,13,47,70,61,190,161,302,6,15,28,30,101,122,240,7,32,42,31,89,39
S01008853,450,0,30,66,87,200,67,231,0,7,15,46,115,48,219,0,23,51,41,85,19
S01008854,541,7,31,60,92,225,126,299,1,11,30,47,127,83,242,6,20,30,45,98,43
S01008855,712,6,16,71,133,338,148,376,2,6,25,69,186,88,336,4,10,46,64,152,60
S01008856,391,5,21,56,76,178,55,197,2,5,17,26,107,40,194,3,16,39,50,71,15
S01008857,524,5,25,90,111,225,68,257,5,10,24,46,131,41,267,0,15,66,65,94,27
S01008858,353,3,21,53,64,149,63,177,1,7,22,24,77,46,176,2,14,31,40,72,17
S01008859,710,6,23,73,112,360,136,380,2,2,26,50,205,95,330,4,21,47,62,155,41
S01008860,555,5,28,69,111,272,70,261,1,8,26,48,132,46,294,4,20,43,63,140,24
S01008861,415,3,28,70,53,144,117,228,0,11,25,26,86,80,187,3,17,45,27,58,37
S01008862,631,6,25,76,114,304,106,305,2,12,29,56,152,54,326,4,13,47,58,152,52
S01008863,471,3,18,59,99,215,77,224,1,5,19,45,106,48,247,2,13,40,54,109,29
S01008864,418,3,17,41,78,178,101,216,1,6,15,41,92,61,202,2,11,26,37,86,40
S01008865,501,5,28,79,114,224,51,246,2,9,25,55,128,27,255,3,19,54,59,96,24
S01008866,552,10,15,50,103,276,98,264,2,3,9,41,146,63,288,8,12,41,62,130,35
S01008867,486,3,30,58,81,204,110,259,0,11,18,35,113,82,227,3,19,40,46,91,28
S01008868,525,8,29,69,74,237,108,297,8,11,29,28,151,70,228,0,18,40,46,86,38
S01008869,618,8,27,85,102,256,140,356,5,12,29,50,160,100,262,3,15,56,52,96,40
S01008870,485,5,27,64,65,236,88,255,1,9,19,32,132,62,230,4,18,45,33,104,26
S01008871,644,8,56,95,94,256,135,358,5,26,33,39,154,101,286,3,30,62,55,102,34
S01008872,508,7,52,76,89,197,87,266,1,29,31,46,106,53,242,6,23,45,43,91,34
S01008873,404,5,23,60,61,170,85,219,2,9,20,35,97,56,185,3,14,40,26,73,29
S01008874,512,4,22,62,102,250,72,264,2,8,19,50,140,45,248,2,14,43,52,110,27
S01008875,499,6,21,68,96,247,61,263,3,10,23,45,140,42,236,3,11,45,51,107,19
S01008876,279,2,22,68,53,101,33,137,1,4,18,30,61,23,142,1,18,50,23,40,10
S01008877,293,5,12,51,61,124,40,149,3,5,7,35,73,26,144,2,7,44,26,51,14
S01008878,421,9,23,105,100,155,29,209,2,7,31,37,108,24,212,7,16,74,63,47,5
S01008879,428,2,20,90,131,152,33,203,1,9,21,55,93,24,225,1,11,69,76,59,9
S01008880,332,2,14,66,75,134,41,166,0,2,17,36,80,31,166,2,12,49,39,54,10
S01008881,244,2,15,49,41,100,37,141,0,5,17,25,65,29,103,2,10,32,16,35,8
S01008882,492,4,33,68,68,179,140,277,1,9,20,32,108,107,215,3,24,48,36,71,33
S01008883,377,13,36,59,38,124,107,199,3,11,8,20,75,82,178,10,25,51,18,49,25
S01008884,272,9,15,54,48,91,55,145,2,5,9,24,59,46,127,7,10,45,24,32,9
S01008885,403,5,21,91,67,149,70,218,2,3,19,33,104,57,185,3,18,72,34,45,13
S01008886,417,10,27,53,81,183,63,217,7,7,13,37,114,39,200,3,20,40,44,69,24
S01008887,377,2,22,88,76,137,52,185,0,8,18,32,88,39,192,2,14,70,44,49,13
S01008888,385,0,9,54,73,187,62,182,0,4,16,34,91,37,203,0,5,38,39,96,25
S01008889,310,4,14,55,65,125,47,168,1,4,15,31,81,36,142,3,10,40,34,44,11
S01008890,343,3,19,87,84,112,38,173,1,8,16,48,73,27,170,2,11,71,36,39,11
S01008891,363,7,30,80,75,120,51,177,5,7,12,35,74,44,186,2,23,68,40,46,7
S01008892,466,7,18,95,97,185,64,233,3,6,28,43,107,46,233,4,12,67,54,78,18
S01008893,436,6,27,91,84,151,77,222,5,6,25,45,85,56,214,1,21,66,39,66,21
S01008894,399,6,45,76,57,151,64,218,4,10,20,25,104,55,181,2,35,56,32,47,9
S01008895,314,5,19,66,61,111,52,164,4,3,15,26,73,43,150,1,16,51,35,38,9
S01008896,258,0,12,39,48,99,60,139,0,2,7,23,61,46,119,0,10,32,25,38,14
S01008897,303,4,17,60,56,118,48,155,1,3,10,29,73,39,148,3,14,50,27,45,9
S01008898,389,7,27,94,64,142,55,200,2,7,21,36,95,39,189,5,20,73,28,47,16
S01008899,334,1,28,83,89,112,21,166,0,7,25,44,76,14,168,1,21,58,45,36,7
S01008900,472,2,25,105,121,198,21,229,1,11,29,53,119,16,243,1,14,76,68,79,5
S01008901,371,3,16,90,87,151,24,184,1,5,20,34,106,18,187,2,11,70,53,45,6
S01008902,470,4,31,100,126,172,37,250,2,15,32,66,112,23,220,2,16,68,60,60,14
S01008903,433,4,27,102,123,154,23,204,1,8,14,60,105,16,229,3,19,88,63,49,7
S01008904,458,1,26,121,115,164,31,236,0,8,38,57,110,23,222,1,18,83,58,54,8
S01008905,420,3,43,103,98,152,21,229,2,20,40,44,106,17,191,1,23,63,54,46,4
S01008906,333,3,21,76,94,110,29,183,0,7,30,45,77,24,150,3,14,46,49,33,5
S01008907,188,3,17,59,41,56,12,87,1,7,7,25,38,9,101,2,10,52,16,18,3
S01008908,393,3,19,94,99,149,29,194,0,5,28,43,95,23,199,3,14,66,56,54,6
S01008909,404,1,16,113,92,156,26,204,0,5,30,44,102,23,200,1,11,83,48,54,3
S01008910,251,0,12,52,60,106,21,123,0,5,12,25,67,14,128,0,7,40,35,39,7
S01008911,584,4,19,73,141,274,73,319,3,10,22,75,165,44,265,1,9,51,66,109,29
S01008912,425,3,17,98,92,172,43,219,0,5,16,48,114,36,206,3,12,82,44,58,7
S01008913,377,2,13,74,98,156,34,202,0,4,24,43,103,28,175,2,9,50,55,53,6
S01008914,439,8,29,101,115,166,20,204,1,6,22,52,108,15,235,7,23,79,63,58,5
S01008915,281,1,14,83,55,97,31,149,1,1,19,30,71,27,132,0,13,64,25,26,4
S01008916,402,5,17,111,105,129,35,199,3,4,28,48,90,26,203,2,13,83,57,39,9
S01008917,277,4,18,85,61,91,18,139,4,7,31,31,52,14,138,0,11,54,30,39,4
S01008918,203,2,12,67,49,65,8,100,1,8,18,21,45,7,103,1,4,49,28,20,1
S01008919,191,3,7,73,42,58,8,110,1,4,30,26,44,5,81,2,3,43,16,14,3
S01008920,746,6,29,99,175,335,102,403,0,5,39,77,203,79,343,6,24,60,98,132,23
S01008921,265,2,15,56,71,103,18,135,2,4,19,31,64,15,130,0,11,37,40,39,3
S01008922,331,0,14,81,92,116,28,171,0,1,23,45,81,21,160,0,13,58,47,35,7
S01008923,339,4,19,83,90,130,13,163,0,6,27,38,82,10,176,4,13,56,52,48,3
S01008924,370,1,34,116,81,118,20,169,1,13,29,33,75,18,201,0,21,87,48,43,2
S01008925,355,0,19,83,76,154,23,179,0,6,23,33,98,19,176,0,13,60,43,56,4
S01008926,337,2,11,65,87,146,26,177,0,4,16,42,93,22,160,2,7,49,45,53,4
S01008927,495,2,23,78,150,206,36,252,2,7,27,63,127,26,243,0,16,51,87,79,10
S01008928,331,4,21,74,81,121,30,174,0,7,32,44,65,26,157,4,14,42,37,56,4
S01008929,233,4,14,68,52,82,13,139,1,8,36,25,58,11,94,3,6,32,27,24,2
S01008930,307,3,27,87,85,91,14,141,0,9,32,35,54,11,166,3,18,55,50,37,3
S01008931,306,2,18,88,81,100,17,139,0,8,23,27,70,11,167,2,10,65,54,30,6
S01008932,486,4,20,101,139,178,44,240,2,3,29,66,110,30,246,2,17,72,73,68,14
S01008933,284,3,21,85,74,83,18,140,1,6,27,29,61,16,144,2,15,58,45,22,2
S01008934,358,4,21,84,102,124,23,180,2,4,29,48,80,17,178,2,17,55,54,44,6
S01008935,410,2,30,100,104,133,41,225,0,11,26,63,89,36,185,2,19,74,41,44,5
S01008936,190,4,17,42,29,63,35,98,0,7,6,13,45,27,92,4,10,36,16,18,8
S01008937,391,1,15,90,105,142,38,187,0,5,19,44,93,26,204,1,10,71,61,49,12
S01008938,329,5,18,83,80,109,34,174,1,8,7,49,82,27,155,4,10,76,31,27,7
S01008939,359,6,30,79,91,112,41,184,1,14,13,42,80,34,175,5,16,66,49,32,7
S01008940,263,6,26,48,29,95,59,143,0,7,10,20,58,48,120,6,19,38,9,37,11
S01008941,371,4,22,84,56,126,79,188,1,5,14,23,77,68,183,3,17,70,33,49,11
S01008942,365,5,20,79,84,136,41,181,2,8,9,46,84,32,184,3,12,70,38,52,9
S01008943,336,8,23,84,46,99,76,180,2,4,22,18,67,67,156,6,19,62,28,32,9
S01008944,407,3,23,89,73,133,86,214,0,8,24,39,79,64,193,3,15,65,34,54,22
S01008945,393,9,22,97,61,140,64,208,5,8,19,31,95,50,185,4,14,78,30,45,14
S01008946,378,10,23,72,70,121,82,201,3,2,23,34,71,68,177,7,21,49,36,50,14
S01008947,451,9,37,89,88,164,64,224,3,10,26,40,99,46,227,6,27,63,48,65,18
S01008948,369,6,30,67,82,138,46,190,0,11,18,44,83,34,179,6,19,49,38,55,12
S01008949,436,4,23,108,126,142,33,216,2,5,25,63,94,27,220,2,18,83,63,48,6
S01008950,433,4,30,111,107,150,31,215,2,12,26,51,99,25,218,2,18,85,56,51,6
S01008951,393,3,16,93,78,176,27,189,2,6,23,40,103,15,204,1,10,70,38,73,12
S01008952,382,4,16,98,105,140,19,191,2,7,28,53,84,17,191,2,9,70,52,56,2
S01008953,400,4,29,95,95,152,25,188,1,9,21,49,90,18,212,3,20,74,46,62,7
S01008954,353,4,20,91,86,129,23,184,3,3,28,41,90,19,169,1,17,63,45,39,4
S01008955,349,9,22,73,87,113,45,171,1,7,18,36,78,31,178,8,15,55,51,35,14
S01008956,513,1,25,98,159,196,34,253,1,12,23,71,122,24,260,0,13,75,88,74,10
S01008957,473,5,22,109,134,160,43,230,4,10,26,64,101,25,243,1,12,83,70,59,18
S01008958,334,5,15,61,98,128,27,172,2,7,11,43,86,23,162,3,8,50,55,42,4
S01008959,454,5,23,93,147,153,33,218,0,9,19,66,98,26,236,5,14,74,81,55,7
S01008960,530,3,30,91,95,218,93,284,1,10,16,45,137,75,246,2,20,75,50,81,18
S01008961,379,3,25,70,114,133,34,183,2,7,15,53,80,26,196,1,18,55,61,53,8
S01008962,336,1,15,75,77,136,32,160,0,2,21,29,88,20,176,1,13,54,48,48,12
S01008963,383,5,18,87,87,142,44,189,3,4,20,45,83,34,194,2,14,67,42,59,10
S01008964,245,1,33,55,57,73,26,131,0,15,15,36,46,19,114,1,18,40,21,27,7
S01008965,323,8,26,68,64,118,39,171,4,9,21,26,86,25,152,4,17,47,38,32,14
S01008966,291,4,16,65,84,100,22,147,1,3,14,38,72,19,144,3,13,51,46,28,3
S01008967,475,3,23,111,107,178,53,245,2,6,22,55,119,41,230,1,17,89,52,59,12
S01008968,498,8,36,123,111,179,41,252,2,7,25,62,122,34,246,6,29,98,49,57,7
S01008969,533,5,33,118,124,201,52,271,2,9,19,64,136,41,262,3,24,99,60,65,11
S01008970,548,12,35,101,112,228,60,285,4,12,19,61,148,41,263,8,23,82,51,80,19
S01008971,368,1,25,67,86,143,46,199,0,10,15,36,101,37,169,1,15,52,50,42,9
S01008972,367,5,20,73,69,135,65,191,1,6,16,31,87,50,176,4,14,57,38,48,15
S01008973,397,2,20,47,96,184,48,209,0,9,14,35,117,34,188,2,11,33,61,67,14
S01008974,359,1,25,69,83,150,31,176,0,10,14,41,91,20,183,1,15,55,42,59,11
S01008975,275,4,14,42,80,113,22,134,0,4,6,38,74,12,141,4,10,36,42,39,10
S01008976,246,3,16,47,65,84,31,128,3,2,9,28,60,26,118,0,14,38,37,24,5
S01008977,310,5,22,62,69,117,35,162,2,2,13,40,77,28,148,3,20,49,29,40,7
S01008978,312,4,23,70,94,107,14,153,1,10,10,48,73,11,159,3,13,60,46,34,3
S01008979,413,5,21,81,124,151,31,192,0,7,17,56,90,22,221,5,14,64,68,61,9
S01008980,434,4,20,92,116,168,34,223,2,11,25,53,105,27,211,2,9,67,63,63,7
S01008981,324,2,16,84,89,99,34,158,1,4,19,41,67,26,166,1,12,65,48,32,8
S01008982,422,1,31,90,127,150,23,201,0,9,24,56,92,20,221,1,22,66,71,58,3
S01008983,413,2,15,67,119,186,24,213,1,5,16,52,119,20,200,1,10,51,67,67,4
S01008984,255,1,11,67,75,85,16,121,0,4,13,36,57,11,134,1,7,54,39,28,5
S01008985,394,1,26,74,122,142,29,207,0,11,22,60,89,25,187,1,15,52,62,53,4
S01008986,392,3,24,115,97,123,30,207,0,11,25,54,91,26,185,3,13,90,43,32,4
S01008987,420,1,27,97,126,149,20,219,0,9,22,74,98,16,201,1,18,75,52,51,4
S01008988,477,4,19,97,139,175,43,243,2,6,22,72,113,28,234,2,13,75,67,62,15
S01008989,432,3,13,68,128,185,35,228,0,3,12,60,124,29,204,3,10,56,68,61,6
S01008990,513,2,11,81,160,231,28,273,2,3,15,81,150,22,240,0,8,66,79,81,6
S01008991,590,4,29,117,166,211,63,296,1,8,27,79,135,46,294,3,21,90,87,76,17
S01008992,284,0,12,62,76,116,18,155,0,4,13,43,80,15,129,0,8,49,33,36,3
S01008993,571,3,32,116,126,218,76,292,1,6,27,64,137,57,279,2,26,89,62,81,19
S01008994,377,1,19,95,89,146,27,193,0,4,23,39,106,21,184,1,15,72,50,40,6
S01008995,477,3,25,84,117,190,58,245,0,10,17,51,120,47,232,3,15,67,66,70,11
S01008996,280,5,24,52,77,102,20,140,2,5,18,33,66,16,140,3,19,34,44,36,4
S01008997,545,2,28,108,112,227,68,282,1,8,22,49,151,51,263,1,20,86,63,76,17
S01008998,265,1,18,59,52,116,19,134,0,5,15,22,78,14,131,1,13,44,30,38,5
S01008999,361,1,27,66,84,152,31,184,0,4,15,37,106,22,177,1,23,51,47,46,9
S01009000,466,4,20,88,109,184,61,237,0,4,21,47,120,45,229,4,16,67,62,64,16
S01009001,410,3,33,104,76,145,49,213,0,9,16,43,104,41,197,3,24,88,33,41,8
S01009002,423,3,23,85,68,174,70,232,2,8,17,31,124,50,191,1,15,68,37,50,20
S01009003,514,5,27,90,96,212,84,274,1,3,20,45,142,63,240,4,24,70,51,70,21
S01009004,375,2,19,69,100,143,42,185,1,5,15,43,87,34,190,1,14,54,57,56,8
S01009005,383,1,25,70,102,163,22,195,0,6,17,49,107,16,188,1,19,53,53,56,6
S01009006,332,1,19,78,87,117,30,162,0,1,15,43,79,24,170,1,18,63,44,38,6
S01009007,323,2,19,63,74,140,25,168,0,4,17,36,96,15,155,2,15,46,38,44,10
S01009008,444,3,26,84,93,173,65,230,0,4,24,43,112,47,214,3,22,60,50,61,18
S01009009,202,2,10,43,55,80,12,101,0,4,12,23,51,11,101,2,6,31,32,29,1
S01009010,614,4,46,136,126,239,63,294,0,14,20,61,155,44,320,4,32,116,65,84,19
S01009011,547,5,33,119,118,221,51,279,1,8,27,55,149,39,268,4,25,92,63,72,12
S01009012,442,2,27,100,104,175,34,234,1,6,23,56,123,25,208,1,21,77,48,52,9
S01009013,512,4,35,108,105,195,65,249,1,9,17,54,121,47,263,3,26,91,51,74,18
S01009014,305,5,12,83,48,94,63,159,0,5,18,18,66,52,146,5,7,65,30,28,11
S01009015,280,6,12,73,52,78,59,143,3,3,14,20,55,48,137,3,9,59,32,23,11
S01009016,230,3,10,48,47,82,40,125,1,2,11,18,59,34,105,2,8,37,29,23,6
S01009017,278,3,14,50,73,96,42,149,1,3,10,30,68,37,129,2,11,40,43,28,5
S01009018,389,3,21,83,103,131,48,209,1,5,25,49,89,40,180,2,16,58,54,42,8
S01009019,278,0,7,62,72,104,33,154,0,2,9,32,80,31,124,0,5,53,40,24,2
S01009020,450,7,24,95,118,155,51,235,4,4,20,62,102,43,215,3,20,75,56,53,8
S01009021,377,4,19,90,84,128,52,188,0,2,18,38,89,41,189,4,17,72,46,39,11
S01009022,444,3,22,95,99,155,70,239,2,5,14,45,116,57,205,1,17,81,54,39,13
S01009023,423,6,26,102,71,141,77,235,1,4,31,35,106,58,188,5,22,71,36,35,19
S01009024,436,7,23,89,90,150,77,244,0,5,25,32,115,67,192,7,18,64,58,35,10
S01009025,439,5,29,100,85,147,73,237,1,11,24,36,105,60,202,4,18,76,49,42,13
S01009026,425,0,20,101,96,160,48,216,0,6,23,33,112,42,209,0,14,78,63,48,6
S01009027,336,4,26,80,50,116,60,177,1,6,19,22,79,50,159,3,20,61,28,37,10
S01009028,235,3,7,53,46,81,45,128,1,1,14,20,55,37,107,2,6,39,26,26,8
S01009029,286,4,15,53,56,121,37,158,1,3,15,23,83,33,128,3,12,38,33,38,4
S01009030,356,0,19,87,66,132,52,193,0,4,23,31,95,40,163,0,15,64,35,37,12
S01009031,365,2,24,55,83,129,72,207,2,5,14,32,87,67,158,0,19,41,51,42,5
S01009032,283,5,14,59,43,120,42,152,1,1,11,19,84,36,131,4,13,48,24,36,6
S01009033,350,1,29,83,45,125,67,199,1,7,19,21,93,58,151,0,22,64,24,32,9
S01009034,312,2,16,75,78,105,36,175,0,3,13,43,84,32,137,2,13,62,35,21,4
S01009035,459,1,22,103,90,168,75,237,0,5,13,38,114,67,222,1,17,90,52,54,8
S01009036,523,4,26,118,106,188,81,270,0,6,16,43,131,74,253,4,20,102,63,57,7
S01009037,464,1,20,108,101,176,58,239,0,5,19,38,125,52,225,1,15,89,63,51,6
S01009038,548,7,36,129,124,175,77,276,1,5,26,57,122,65,272,6,31,103,67,53,12
S01009039,329,1,12,88,62,129,37,170,0,4,18,24,92,32,159,1,8,70,38,37,5
S01009040,322,1,19,74,83,113,32,148,0,3,11,32,74,28,174,1,16,63,51,39,4
S01009041,439,5,19,76,89,168,82,242,5,3,20,35,110,69,197,0,16,56,54,58,13
S01009042,425,2,24,98,100,153,48,215,0,4,21,50,106,34,210,2,20,77,50,47,14
S01009043,326,4,15,85,74,117,31,165,2,2,17,36,82,26,161,2,13,68,38,35,5
S01009044,364,2,10,88,87,132,45,177,0,1,13,36,89,38,187,2,9,75,51,43,7
S01009045,320,5,14,72,71,112,46,171,4,4,20,32,78,33,149,1,10,52,39,34,13
S01009046,439,1,25,95,89,169,60,237,0,10,11,42,119,55,202,1,15,84,47,50,5
S01009047,413,0,32,81,99,151,50,213,0,8,17,36,108,44,200,0,24,64,63,43,6
S01009048,419,2,17,98,94,152,56,221,1,5,18,43,103,51,198,1,12,80,51,49,5
S01009049,296,2,13,68,81,101,31,148,0,1,14,36,70,27,148,2,12,54,45,31,4
S01009050,397,3,18,83,80,164,49,207,1,7,17,34,108,40,190,2,11,66,46,56,9
S01009051,368,1,14,75,81,160,37,186,0,2,9,34,109,32,182,1,12,66,47,51,5
S01009052,320,2,20,62,69,134,33,167,0,4,16,29,91,27,153,2,16,46,40,43,6
S01009053,190,1,9,50,47,71,12,88,0,2,9,21,44,12,102,1,7,41,26,27,0
S01009054,270,1,8,62,55,122,22,131,0,1,10,26,76,18,139,1,7,52,29,46,4
S01009055,453,2,15,78,115,175,68,232,1,4,20,47,112,48,221,1,11,58,68,63,20
S01009056,219,2,12,47,39,95,24,113,0,4,9,14,64,22,106,2,8,38,25,31,2
S01009057,236,0,13,51,61,92,19,123,0,0,13,30,64,16,113,0,13,38,31,28,3
S01009058,357,2,11,70,91,154,29,180,0,4,16,44,91,25,177,2,7,54,47,63,4
S01009059,474,4,24,85,90,200,71,244,0,5,13,39,137,50,230,4,19,72,51,63,21
S01009060,329,3,17,49,95,122,43,172,1,6,10,43,77,35,157,2,11,39,52,45,8
S01009061,433,5,22,113,115,151,27,202,0,6,16,56,101,23,231,5,16,97,59,50,4
S01009062,271,0,16,73,62,107,13,140,0,3,9,37,81,10,131,0,13,64,25,26,3
S01009063,390,0,19,89,88,143,51,191,0,5,12,44,92,38,199,0,14,77,44,51,13
S01009064,272,2,13,51,82,103,21,139,0,3,6,34,77,19,133,2,10,45,48,26,2
S01009065,268,2,10,69,65,102,20,128,0,0,14,23,73,18,140,2,10,55,42,29,2
S01009066,323,1,18,74,76,130,24,171,0,3,16,41,91,20,152,1,15,58,35,39,4
S01009067,502,2,22,97,113,209,59,261,2,7,12,49,140,51,241,0,15,85,64,69,8
S01009068,463,0,22,92,140,170,39,235,0,9,18,58,119,31,228,0,13,74,82,51,8
S01009069,380,1,16,64,91,161,47,187,0,6,9,36,99,37,193,1,10,55,55,62,10
S01009070,354,1,19,70,97,130,37,178,0,0,13,46,88,31,176,1,19,57,51,42,6
S01009071,254,2,8,57,54,105,28,130,2,3,13,23,67,22,124,0,5,44,31,38,6
S01009072,263,4,12,52,45,111,39,137,0,1,12,22,71,31,126,4,11,40,23,40,8
S01009073,258,1,15,68,58,95,21,127,1,7,12,27,65,15,131,0,8,56,31,30,6
S01009074,329,2,18,84,72,126,27,161,1,6,11,33,88,22,168,1,12,73,39,38,5
S01009075,243,1,12,57,50,96,27,124,0,2,14,16,70,22,119,1,10,43,34,26,5
S01009076,550,1,16,113,142,225,53,285,1,2,21,64,152,45,265,0,14,92,78,73,8
S01009077,317,3,21,60,72,127,34,173,1,7,12,36,89,28,144,2,14,48,36,38,6
S01009078,460,2,27,66,117,191,57,237,0,7,6,48,128,48,223,2,20,60,69,63,9
S01009079,377,3,25,75,96,142,36,198,0,9,8,45,107,29,179,3,16,67,51,35,7
S01009080,416,5,23,97,99,156,36,214,4,2,15,56,108,29,202,1,21,82,43,48,7
S01009081,332,0,14,51,88,142,37,180,0,5,12,41,94,28,152,0,9,39,47,48,9
S01009082,464,0,23,103,105,194,39,250,0,5,24,53,132,36,214,0,18,79,52,62,3
S01009083,371,1,22,70,71,172,35,190,0,5,9,28,121,27,181,1,17,61,43,51,8
S01009084,255,1,7,46,56,101,44,136,0,1,4,24,68,39,119,1,6,42,32,33,5
S01009085,497,3,20,83,122,197,72,256,0,5,13,44,135,59,241,3,15,70,78,62,13
S01009086,349,4,14,88,69,148,26,178,2,3,19,34,99,21,171,2,11,69,35,49,5
S01009087,272,2,16,57,71,101,25,133,0,6,12,24,69,22,139,2,10,45,47,32,3
S01009088,517,8,25,101,99,214,70,276,5,6,25,43,140,57,241,3,19,76,56,74,13
S01009089,529,4,24,116,109,209,67,274,2,4,15,47,148,58,255,2,20,101,62,61,9
S01009090,532,3,18,74,111,237,89,289,2,9,11,52,144,71,243,1,9,63,59,93,18
S01009091,388,6,22,82,65,164,49,199,1,4,9,35,109,41,189,5,18,73,30,55,8
S01009092,500,6,27,102,110,204,51,243,2,7,14,51,130,39,257,4,20,88,59,74,12
S01009093,375,3,22,98,70,153,29,186,1,4,24,35,97,25,189,2,18,74,35,56,4
S01009094,295,0,22,55,72,112,34,145,0,4,5,37,73,26,150,0,18,50,35,39,8
S01009095,395,8,26,76,85,150,50,206,5,5,24,44,89,39,189,3,21,52,41,61,11
S01009096,527,2,21,100,126,206,72,265,0,7,10,47,144,57,262,2,14,90,79,62,15
S01009097,496,5,29,88,132,197,45,258,1,3,17,71,131,35,238,4,26,71,61,66,10
S01009098,245,4,23,50,48,88,32,123,2,6,15,20,55,25,122,2,17,35,28,33,7
S01009099,361,4,12,78,88,146,33,186,3,3,15,39,97,29,175,1,9,63,49,49,4
S01009100,316,2,15,72,77,123,27,168,0,4,15,38,91,20,148,2,11,57,39,32,7
S01009101,451,2,29,114,95,178,33,232,1,6,22,45,129,29,219,1,23,92,50,49,4
S01009102,341,3,21,90,71,132,24,171,1,4,20,36,90,20,170,2,17,70,35,42,4
S01009103,273,3,20,49,59,120,22,140,1,8,5,25,84,17,133,2,12,44,34,36,5
S01009104,380,2,25,90,87,144,32,185,1,3,20,40,96,25,195,1,22,70,47,48,7
S01009105,419,4,13,79,118,164,41,208,1,3,14,49,111,30,211,3,10,65,69,53,11
S01009106,276,2,12,46,70,118,28,138,1,6,6,23,77,25,138,1,6,40,47,41,3
S01009107,461,5,19,101,126,175,35,228,4,3,13,60,117,31,233,1,16,88,66,58,4
S01009108,386,3,24,81,90,155,33,199,0,8,16,40,107,28,187,3,16,65,50,48,5
S01009109,378,3,28,79,99,136,33,189,1,7,12,45,98,26,189,2,21,67,54,38,7
S01009110,289,2,14,58,75,115,25,146,1,2,9,35,79,20,143,1,12,49,40,36,5
S01009111,511,7,23,100,136,196,49,255,1,5,15,59,131,44,256,6,18,85,77,65,5
S01009112,273,5,13,58,56,108,33,146,1,6,13,22,78,26,127,4,7,45,34,30,7
S01009113,465,5,19,83,90,214,54,261,4,7,21,33,150,46,204,1,12,62,57,64,8
S01009114,448,4,15,91,110,185,43,232,2,4,14,44,132,36,216,2,11,77,66,53,7
S01009115,340,5,18,71,67,145,34,162,4,5,12,33,88,20,178,1,13,59,34,57,14
S01009116,265,1,17,55,57,107,28,132,0,3,11,24,71,23,133,1,14,44,33,36,5
S01009117,450,1,13,100,112,188,36,219,0,3,17,40,129,30,231,1,10,83,72,59,6
S01009118,376,2,25,81,87,137,44,196,0,8,14,43,95,36,180,2,17,67,44,42,8
S01009119,335,3,10,83,65,138,36,177,3,2,14,27,101,30,158,0,8,69,38,37,6
S01009120,260,3,12,56,65,101,23,136,1,1,10,33,73,18,124,2,11,46,32,28,5
S01009121,420,4,16,85,96,188,31,219,1,0,13,43,136,26,201,3,16,72,53,52,5
S01009122,460,4,19,103,87,168,79,235,2,2,17,38,117,59,225,2,17,86,49,51,20
S01009123,304,1,16,63,60,124,40,156,1,4,11,21,86,33,148,0,12,52,39,38,7
S01009124,295,3,10,70,63,123,26,138,2,0,10,22,80,24,157,1,10,60,41,43,2
S01009125,296,1,6,68,60,135,26,154,0,1,7,29,95,22,142,1,5,61,31,40,4
S01009126,228,1,14,62,50,90,11,113,1,4,18,24,58,8,115,0,10,44,26,32,3
S01009127,248,3,14,59,48,99,25,117,0,2,9,21,64,21,131,3,12,50,27,35,4
S01009128,312,1,13,68,74,131,25,166,0,5,13,36,87,25,146,1,8,55,38,44,0
S01009129,211,1,14,55,57,74,10,102,1,0,12,30,50,9,109,0,14,43,27,24,1
S01009130,317,1,21,61,71,126,37,165,1,3,9,32,90,30,152,0,18,52,39,36,7
S01009131,235,2,13,43,58,99,20,121,0,3,9,27,62,20,114,2,10,34,31,37,0
S01009132,467,2,22,97,106,192,48,252,1,6,22,49,134,40,215,1,16,75,57,58,8
S01009133,275,0,10,58,63,124,20,155,0,4,16,33,85,17,120,0,6,42,30,39,3
S01009134,474,4,15,100,129,180,46,245,1,2,22,58,122,40,229,3,13,78,71,58,6
S01009135,346,3,12,61,80,160,30,177,2,5,12,36,97,25,169,1,7,49,44,63,5
S01009136,388,2,11,75,90,162,48,194,1,4,10,37,102,40,194,1,7,65,53,60,8
S01009137,386,3,18,74,74,147,70,195,0,3,11,31,93,57,191,3,15,63,43,54,13
S01009138,487,1,14,88,111,215,58,257,0,4,20,47,140,46,230,1,10,68,64,75,12
S01009139,214,1,12,42,58,84,17,111,0,4,11,28,56,12,103,1,8,31,30,28,5
S01009140,363,5,17,65,98,143,35,198,2,7,18,53,92,26,165,3,10,47,45,51,9
S01009141,383,3,17,67,111,147,38,199,0,6,13,52,99,29,184,3,11,54,59,48,9
S01009142,296,4,7,45,70,140,30,184,2,4,16,44,92,26,112,2,3,29,26,48,4
S01009143,244,2,19,60,52,100,11,121,0,6,13,23,69,10,123,2,13,47,29,31,1
S01009144,451,5,10,58,110,216,52,237,0,3,13,39,137,45,214,5,7,45,71,79,7
S01009145,458,1,17,106,102,197,35,247,1,7,19,56,131,33,211,0,10,87,46,66,2
S01009146,447,0,18,104,92,191,42,231,0,8,29,43,117,34,216,0,10,75,49,74,8
S01009147,331,5,18,77,73,133,25,170,0,3,16,36,93,22,161,5,15,61,37,40,3
S01009148,313,5,28,70,62,133,15,158,2,4,13,34,92,13,155,3,24,57,28,41,2
S01009149,414,4,29,77,90,180,34,216,2,11,21,43,116,23,198,2,18,56,47,64,11
S01009150,93,1,6,23,20,36,7,50,0,1,6,7,29,7,43,1,5,17,13,7,0
S01009151,341,0,17,63,84,139,38,181,0,5,15,48,82,31,160,0,12,48,36,57,7
S01009152,291,1,11,33,76,130,40,176,0,2,7,44,89,34,115,1,9,26,32,41,6
S01009153,277,2,12,44,72,121,26,167,1,5,12,46,81,22,110,1,7,32,26,40,4
S01009154,460,7,23,83,91,177,79,252,4,5,23,42,118,60,208,3,18,60,49,59,19
S01009155,259,5,16,45,56,97,40,134,2,7,10,27,59,29,125,3,9,35,29,38,11
S01009156,259,4,16,55,63,93,28,138,3,3,9,34,65,24,121,1,13,46,29,28,4
S01009157,401,6,16,94,102,152,31,200,2,2,14,49,103,30,201,4,14,80,53,49,1
S01009158,265,0,10,60,70,109,16,127,0,4,10,34,68,11,138,0,6,50,36,41,5
S01009159,194,0,7,56,40,73,18,92,0,3,9,12,54,14,102,0,4,47,28,19,4
S01009160,303,1,13,68,81,118,22,155,0,3,14,41,81,16,148,1,10,54,40,37,6
S01009161,248,3,17,64,56,87,21,114,2,5,17,18,54,18,134,1,12,47,38,33,3
S01009162,335,2,8,62,88,143,32,175,2,3,10,42,93,25,160,0,5,52,46,50,7
S01009163,226,1,11,47,64,85,18,104,1,2,8,30,46,17,122,0,9,39,34,39,1
S01009164,345,1,21,66,82,142,33,183,0,6,11,42,96,28,162,1,15,55,40,46,5
S01009165,299,2,15,66,74,127,15,150,1,3,11,37,86,12,149,1,12,55,37,41,3
S01009166,341,2,25,89,89,115,21,167,0,9,26,44,71,17,174,2,16,63,45,44,4
S01009167,239,2,8,61,62,96,10,128,2,1,16,36,67,6,111,0,7,45,26,29,4
S01009168,319,5,21,68,76,118,31,177,1,4,26,43,79,24,142,4,17,42,33,39,7
S01009169,256,2,12,67,56,99,20,126,0,3,14,26,67,16,130,2,9,53,30,32,4
S01009170,323,4,18,79,77,108,37,163,1,3,20,32,76,31,160,3,15,59,45,32,6
S01009171,334,6,16,68,74,141,29,179,1,7,12,37,95,27,155,5,9,56,37,46,2
S01009172,348,8,21,52,77,141,49,187,5,9,12,36,85,40,161,3,12,40,41,56,9
S01009173,429,4,25,79,115,169,37,221,1,6,15,60,108,31,208,3,19,64,55,61,6
S01009174,291,3,13,51,70,112,42,153,1,3,8,36,72,33,138,2,10,43,34,40,9
S01009175,514,4,29,94,119,186,82,261,1,6,15,54,124,61,253,3,23,79,65,62,21
S01009176,474,3,25,100,72,205,69,244,1,7,14,36,133,53,230,2,18,86,36,72,16
S01009177,387,0,17,90,85,173,22,185,0,2,15,41,105,22,202,0,15,75,44,68,0
S01009178,330,5,16,84,90,114,21,160,0,3,23,42,75,17,170,5,13,61,48,39,4
S01009179,324,1,15,75,89,119,25,158,0,1,14,40,80,23,166,1,14,61,49,39,2
S01009180,467,3,32,127,105,158,42,248,1,10,20,55,123,39,219,2,22,107,50,35,3
S01009181,408,4,22,105,78,162,37,206,0,5,15,35,117,34,202,4,17,90,43,45,3
S01009182,536,1,26,79,146,218,66,282,0,10,13,67,144,48,254,1,16,66,79,74,18
S01009183,459,4,23,84,122,177,49,238,1,9,17,59,113,39,221,3,14,67,63,64,10
S01009184,356,5,20,77,66,137,51,184,1,4,13,32,96,38,172,4,16,64,34,41,13
S01009185,399,3,20,90,77,152,57,209,1,6,16,34,102,50,190,2,14,74,43,50,7
S01009186,388,2,16,68,92,163,47,212,1,2,13,41,117,38,176,1,14,55,51,46,9
S01009187,251,1,12,44,50,99,45,130,0,3,12,23,55,37,121,1,9,32,27,44,8
S01009188,434,5,22,91,87,162,67,217,0,8,17,41,100,51,217,5,14,74,46,62,16
S01009189,329,1,12,75,58,152,31,179,0,4,15,25,106,29,150,1,8,60,33,46,2
S01009190,478,6,17,104,108,192,51,256,2,6,19,54,136,39,222,4,11,85,54,56,12
S01009191,415,3,20,80,94,158,60,212,0,4,9,51,98,50,203,3,16,71,43,60,10
S01009192,356,4,24,83,73,140,32,193,2,9,24,38,92,28,163,2,15,59,35,48,4
S01009193,199,0,9,31,41,87,31,99,0,2,5,16,52,24,100,0,7,26,25,35,7
S01009194,422,8,29,76,98,157,54,224,3,10,12,40,111,48,198,5,19,64,58,46,6
S01009195,498,7,21,81,135,203,51,256,1,8,18,57,134,38,242,6,13,63,78,69,13
S01009196,330,4,15,72,82,133,24,168,0,5,16,30,96,21,162,4,10,56,52,37,3
S01009197,546,5,27,108,125,218,63,279,1,6,19,54,151,48,267,4,21,89,71,67,15
S01009198,388,5,30,77,93,136,47,205,1,6,10,50,101,37,183,4,24,67,43,35,10
S01009199,328,3,22,55,92,125,31,165,0,4,11,46,79,25,163,3,18,44,46,46,6
S01009200,549,6,29,114,118,220,62,286,3,5,9,64,152,53,263,3,24,105,54,68,9
S01009201,323,1,9,87,69,132,25,160,0,4,17,36,83,20,163,1,5,70,33,49,5
S01009202,282,2,16,40,72,120,32,147,1,2,3,37,79,25,135,1,14,37,35,41,7
S01009203,223,3,12,54,49,80,25,116,0,3,13,21,62,17,107,3,9,41,28,18,8
S01009204,435,5,21,97,114,159,39,213,1,5,20,47,108,32,222,4,16,77,67,51,7
S01009205,453,5,27,83,123,173,42,237,2,7,18,67,112,31,216,3,20,65,56,61,11
S01009206,492,2,25,84,139,208,34,238,0,5,8,63,134,28,254,2,20,76,76,74,6
S01009207,390,6,19,72,102,159,32,200,2,5,18,43,103,29,190,4,14,54,59,56,3
S01009208,279,2,22,52,67,112,24,132,1,6,12,22,70,21,147,1,16,40,45,42,3
S01009209,287,0,13,59,70,106,39,147,0,1,16,30,70,30,140,0,12,43,40,36,9
S01009210,299,4,17,73,62,102,41,156,3,6,16,34,65,32,143,1,11,57,28,37,9
S01009211,312,1,12,54,80,141,24,164,0,2,9,34,101,18,148,1,10,45,46,40,6
S01009212,359,2,19,83,75,149,31,184,1,4,17,30,107,25,175,1,15,66,45,42,6
S01009213,411,6,28,91,101,161,24,206,3,11,22,41,107,22,205,3,17,69,60,54,2
S01009214,519,4,28,108,127,212,40,260,0,8,12,63,145,32,259,4,20,96,64,67,8
S01009215,430,5,15,108,102,152,48,222,3,4,27,39,108,41,208,2,11,81,63,44,7
S01009216,448,4,23,95,111,183,32,232,2,11,19,56,119,25,216,2,12,76,55,64,7
S01009217,252,2,13,53,52,108,24,113,1,3,4,19,68,18,139,1,10,49,33,40,6
S01009218,375,4,27,81,78,157,28,190,0,5,14,39,109,23,185,4,22,67,39,48,5
S01009219,288,1,19,68,68,112,20,147,0,2,16,29,82,18,141,1,17,52,39,30,2
S01009220,221,2,14,54,33,100,18,103,1,3,6,11,67,15,118,1,11,48,22,33,3
S01009221,257,2,12,51,50,117,25,133,1,0,9,26,80,17,124,1,12,42,24,37,8
S01009222,235,1,11,76,50,80,17,111,0,1,12,23,62,13,124,1,10,64,27,18,4
S01009223,261,2,11,60,66,98,24,137,1,5,5,32,72,22,124,1,6,55,34,26,2
S01009224,284,1,13,75,50,119,26,140,0,4,12,19,83,22,144,1,9,63,31,36,4
S01009225,259,2,11,62,46,111,27,132,0,4,12,18,72,26,127,2,7,50,28,39,1
S01009226,401,1,20,79,81,191,29,199,0,4,9,26,134,26,202,1,16,70,55,57,3
S01009227,260,0,12,50,57,115,26,128,0,1,9,21,78,19,132,0,11,41,36,37,7
S01009228,236,1,17,46,54,93,25,136,0,4,10,31,68,23,100,1,13,36,23,25,2
S01009229,275,3,13,50,54,124,31,144,1,2,9,20,83,29,131,2,11,41,34,41,2
S01009230,347,1,9,46,92,156,43,183,0,3,7,31,101,41,164,1,6,39,61,55,2
S01009231,493,2,31,94,109,216,41,248,0,11,18,39,146,34,245,2,20,76,70,70,7
S01009232,221,2,10,47,49,91,22,113,0,3,10,21,59,20,108,2,7,37,28,32,2
S01009233,231,1,13,48,67,86,16,120,0,1,8,29,66,16,111,1,12,40,38,20,0
S01009234,394,0,21,105,64,176,28,202,0,3,22,29,124,24,192,0,18,83,35,52,4
S01009235,423,3,10,81,106,184,39,234,0,5,18,53,125,33,189,3,5,63,53,59,6
S01009236,215,3,16,47,50,81,18,104,1,2,5,23,57,16,111,2,14,42,27,24,2
S01009237,438,3,29,73,113,174,46,229,1,9,11,48,120,40,209,2,20,62,65,54,6
S01009238,308,2,22,76,66,114,28,152,2,6,16,25,79,24,156,0,16,60,41,35,4
S01009239,441,1,27,94,103,179,37,223,0,4,19,45,124,31,218,1,23,75,58,55,6
S01009240,254,3,21,63,51,100,16,132,2,4,11,22,80,13,122,1,17,52,29,20,3
S01009241,356,1,32,81,67,148,27,176,0,7,17,20,109,23,180,1,25,64,47,39,4
S01009242,369,1,30,89,71,147,31,190,1,5,19,33,103,29,179,0,25,70,38,44,2
S01009243,502,3,24,100,103,235,37,265,1,4,18,53,159,30,237,2,20,82,50,76,7
S01009244,421,1,18,81,105,165,51,225,0,4,18,42,116,45,196,1,14,63,63,49,6
S01009245,434,4,25,85,109,170,41,230,2,5,21,54,115,33,204,2,20,64,55,55,8
S01009246,384,1,13,82,75,183,30,203,1,2,15,34,126,25,181,0,11,67,41,57,5
S01009247,519,2,25,127,95,230,40,260,0,7,19,45,152,37,259,2,18,108,50,78,3
S01009248,335,1,29,82,63,132,28,158,0,9,10,27,89,23,177,1,20,72,36,43,5
S01009249,379,4,24,77,77,170,27,203,0,6,19,34,122,22,176,4,18,58,43,48,5
S01009250,305,1,12,71,66,130,25,139,0,2,8,28,79,22,166,1,10,63,38,51,3
S01009251,263,2,13,55,55,120,18,135,0,6,6,24,82,17,128,2,7,49,31,38,1
S01009252,283,2,16,68,59,111,27,140,0,3,9,31,73,24,143,2,13,59,28,38,3
S01009253,169,0,13,47,24,73,12,82,0,2,13,7,48,12,87,0,11,34,17,25,0
S01009254,315,3,16,69,61,136,30,156,1,1,9,32,89,24,159,2,15,60,29,47,6
S01009255,360,1,11,55,58,199,36,208,1,7,15,26,135,24,152,0,4,40,32,64,12
S01009256,219,2,9,29,49,100,30,117,0,0,5,26,60,26,102,2,9,24,23,40,4
S01009257,340,2,20,54,61,161,42,192,2,6,19,29,101,35,148,0,14,35,32,60,7
S01009258,322,2,15,58,57,137,53,177,0,5,12,25,92,43,145,2,10,46,32,45,10
S01009259,501,2,34,110,99,210,46,259,1,7,19,47,150,35,242,1,27,91,52,60,11
S01009260,645,3,24,131,128,314,45,329,0,3,22,70,198,36,316,3,21,109,58,116,9
S01009261,315,1,18,62,55,144,35,166,1,9,11,23,94,28,149,0,9,51,32,50,7
S01009262,230,1,4,72,31,105,17,113,0,0,14,11,74,14,117,1,4,58,20,31,3
S01009263,512,5,19,86,106,232,64,254,1,6,14,46,138,49,258,4,13,72,60,94,15
S01009264,262,1,18,52,50,97,44,132,1,4,13,17,62,35,130,0,14,39,33,35,9
S01009265,377,2,17,93,79,149,37,175,0,3,9,33,99,31,202,2,14,84,46,50,6
S01009266,363,0,17,90,75,143,38,192,0,4,13,33,112,30,171,0,13,77,42,31,8
S01009267,389,5,16,79,97,152,40,198,3,4,11,50,103,27,191,2,12,68,47,49,13
S01009268,462,3,16,98,111,174,60,237,2,2,15,52,120,46,225,1,14,83,59,54,14
S01009269,353,2,14,99,68,142,28,177,1,4,17,30,101,24,176,1,10,82,38,41,4
S01009270,239,2,12,54,71,84,16,126,0,2,13,40,57,14,113,2,10,41,31,27,2
S01009271,493,4,31,74,112,212,60,262,2,10,21,45,140,44,231,2,21,53,67,72,16
S01009272,317,1,21,94,66,115,20,162,1,6,26,31,80,18,155,0,15,68,35,35,2
S01009273,229,6,15,46,47,72,43,123,0,3,11,24,48,37,106,6,12,35,23,24,6
S01009274,277,4,10,54,58,120,31,145,1,1,8,25,85,25,132,3,9,46,33,35,6
S01009275,305,1,10,56,60,120,58,176,1,3,11,25,88,48,129,0,7,45,35,32,10
S01009276,415,3,26,93,77,161,55,215,1,6,23,34,108,43,200,2,20,70,43,53,12
S01009277,288,2,17,64,60,94,51,153,0,6,13,26,65,43,135,2,11,51,34,29,8
S01009278,300,2,11,63,74,116,34,153,2,2,8,35,81,25,147,0,9,55,39,35,9
S01009279,290,5,21,60,50,109,45,152,0,3,13,23,74,39,138,5,18,47,27,35,6
S01009280,290,4,12,71,62,119,22,153,2,1,13,33,82,22,137,2,11,58,29,37,0
S01009281,288,1,8,82,67,100,30,145,0,1,8,35,76,25,143,1,7,74,32,24,5
S01009282,353,3,30,58,77,129,56,186,1,7,17,31,88,42,167,2,23,41,46,41,14
S01009283,262,2,14,50,54,111,31,132,1,1,12,27,69,22,130,1,13,38,27,42,9
S01009284,457,4,26,96,96,179,56,224,2,6,11,46,116,43,233,2,20,85,50,63,13
S01009285,479,8,35,127,107,160,42,239,0,11,25,56,112,35,240,8,24,102,51,48,7
S01009286,388,9,18,74,105,141,41,203,5,5,15,46,96,36,185,4,13,59,59,45,5
S01009287,326,4,27,70,58,113,54,174,2,3,18,27,82,42,152,2,24,52,31,31,12
S01009288,355,3,30,76,64,121,61,186,2,11,16,28,77,52,169,1,19,60,36,44,9
S01009289,429,4,11,82,99,175,58,238,2,2,20,46,117,51,191,2,9,62,53,58,7
S01009290,283,2,21,68,60,106,26,150,1,8,18,27,75,21,133,1,13,50,33,31,5
S01009291,523,7,25,125,119,190,57,273,4,4,25,50,140,50,250,3,21,100,69,50,7
S01009292,237,1,14,60,60,80,22,118,0,5,12,25,56,20,119,1,9,48,35,24,2
S01009293,389,1,24,93,77,143,51,200,1,4,14,29,113,39,189,0,20,79,48,30,12
S01009294,258,2,20,47,51,97,41,127,0,6,9,24,55,33,131,2,14,38,27,42,8
S01009295,358,3,18,71,105,130,31,181,1,3,13,45,94,25,177,2,15,58,60,36,6
S01009296,303,5,19,58,72,113,36,161,2,3,13,31,80,32,142,3,16,45,41,33,4
S01009297,486,7,24,99,112,184,60,248,3,3,19,51,119,53,238,4,21,80,61,65,7
S01009298,442,6,30,90,99,177,40,216,2,6,22,46,107,33,226,4,24,68,53,70,7
S01009299,510,4,19,104,128,187,68,261,2,2,29,56,121,51,249,2,17,75,72,66,17
S01009300,281,2,6,45,72,138,18,138,1,0,8,36,79,14,143,1,6,37,36,59,4
S01009301,426,0,21,73,114,179,39,217,0,5,17,53,109,33,209,0,16,56,61,70,6
S01009302,370,6,17,91,92,141,23,174,4,4,15,44,89,18,196,2,13,76,48,52,5
S01009303,359,3,22,75,93,133,33,189,1,7,21,37,96,27,170,2,15,54,56,37,6
S01009304,471,0,22,113,115,175,46,240,0,2,23,57,124,34,231,0,20,90,58,51,12
S01009305,368,5,13,77,94,137,42,180,1,3,15,40,92,29,188,4,10,62,54,45,13
S01009306,570,4,23,114,130,244,55,281,2,6,22,64,148,39,289,2,17,92,66,96,16
S01009307,549,5,20,94,130,244,56,292,1,7,30,59,149,46,257,4,13,64,71,95,10
S01009308,283,5,13,42,60,135,28,152,3,5,12,29,82,21,131,2,8,30,31,53,7
S01009309,438,4,11,68,115,185,55,231,2,3,12,56,115,43,207,2,8,56,59,70,12
S01009310,466,3,22,93,103,186,59,242,0,5,18,50,121,48,224,3,17,75,53,65,11
S01009311,294,1,17,77,59,116,24,156,1,8,15,32,80,20,138,0,9,62,27,36,4
S01009312,397,1,10,65,112,171,38,201,0,7,17,50,98,29,196,1,3,48,62,73,9
S01009313,247,5,15,55,62,87,23,122,1,3,12,32,55,19,125,4,12,43,30,32,4
S01009314,333,6,17,69,81,121,39,167,2,6,13,40,74,32,166,4,11,56,41,47,7
S01009315,285,2,20,60,82,93,28,146,0,3,10,43,68,22,139,2,17,50,39,25,6
S01009316,405,6,22,80,90,167,40,213,4,3,15,46,116,29,192,2,19,65,44,51,11
S01009317,441,4,26,86,110,172,43,227,0,6,16,62,108,35,214,4,20,70,48,64,8
S01009318,341,6,21,72,83,122,37,163,0,3,8,37,84,31,178,6,18,64,46,38,6
S01009319,387,2,24,83,77,152,49,206,1,8,25,31,100,41,181,1,16,58,46,52,8
S01009320,318,0,16,71,78,126,27,159,0,2,15,37,85,20,159,0,14,56,41,41,7
S01009321,316,8,22,60,60,135,31,167,3,9,15,21,91,28,149,5,13,45,39,44,3
S01009322,384,1,27,62,91,168,35,200,0,8,9,37,117,29,184,1,19,53,54,51,6
S01009323,296,2,9,63,77,112,33,155,0,4,14,33,78,26,141,2,5,49,44,34,7
S01009324,272,0,12,63,70,113,14,133,0,3,13,27,77,13,139,0,9,50,43,36,1
S01009325,412,2,23,90,104,156,37,206,0,7,14,49,106,30,206,2,16,76,55,50,7
S01009326,306,3,21,71,84,103,24,147,0,4,8,51,64,20,159,3,17,63,33,39,4
S01009327,240,2,10,57,60,77,34,124,1,1,9,29,57,27,116,1,9,48,31,20,7
S01009328,421,6,16,58,108,186,47,223,1,4,9,54,118,37,198,5,12,49,54,68,10
S01009329,284,1,8,46,72,131,26,144,1,2,13,29,82,17,140,0,6,33,43,49,9
S01009330,252,3,15,49,52,114,19,123,1,2,9,24,73,14,129,2,13,40,28,41,5
S01009331,324,1,24,42,79,139,39,165,1,7,6,38,80,33,159,0,17,36,41,59,6
S01009332,451,5,26,91,122,139,68,230,2,7,19,64,89,49,221,3,19,72,58,50,19
S01009333,363,2,20,84,95,137,25,195,1,3,18,56,94,23,168,1,17,66,39,43,2
S01009334,238,1,12,63,57,85,20,119,0,6,15,27,55,16,119,1,6,48,30,30,4
S01009335,347,4,17,88,87,125,26,170,1,2,23,37,86,21,177,3,15,65,50,39,5
S01009336,235,2,17,57,58,79,22,125,1,5,15,31,57,16,110,1,12,42,27,22,6
S01009337,292,5,15,89,53,109,21,140,3,5,18,26,70,18,152,2,10,71,27,39,3
S01009338,271,4,20,57,77,98,15,130,0,3,14,39,64,10,141,4,17,43,38,34,5
S01009339,318,3,11,85,63,124,32,170,2,3,20,36,85,24,148,1,8,65,27,39,8
S01009340,266,1,23,73,68,90,11,123,1,7,13,34,59,9,143,0,16,60,34,31,2
S01009341,258,0,13,66,57,101,21,141,0,6,16,27,74,18,117,0,7,50,30,27,3
S01009342,349,3,15,90,90,128,23,179,1,8,22,43,89,16,170,2,7,68,47,39,7
S01009343,298,2,17,72,85,100,22,139,1,4,13,37,62,22,159,1,13,59,48,38,0
S01009344,276,1,16,64,73,108,14,132,0,2,17,30,72,11,144,1,14,47,43,36,3
S01009345,475,3,35,118,115,181,23,242,1,5,25,64,129,18,233,2,30,93,51,52,5
S01009346,402,6,7,86,89,160,54,215,1,3,10,52,104,45,187,5,4,76,37,56,9
S01009347,370,1,23,72,60,140,74,202,0,5,7,31,98,61,168,1,18,65,29,42,13
S01009348,293,2,12,65,82,101,31,155,0,2,8,43,73,29,138,2,10,57,39,28,2
S01009349,461,3,24,82,101,197,54,245,1,4,15,48,135,42,216,2,20,67,53,62,12
S01009350,349,4,15,70,83,142,35,181,0,3,11,35,101,31,168,4,12,59,48,41,4
S01009351,333,1,10,59,80,141,42,176,0,1,9,39,94,33,157,1,9,50,41,47,9
S01009352,475,3,17,80,106,206,63,247,1,3,13,57,123,50,228,2,14,67,49,83,13
S01009353,235,2,9,31,65,102,26,128,2,2,6,36,59,23,107,0,7,25,29,43,3
S01009354,514,0,22,102,121,209,60,271,0,3,14,62,145,47,243,0,19,88,59,64,13
S01009355,464,4,35,107,121,155,42,250,2,7,28,63,117,33,214,2,28,79,58,38,9
S01009356,508,4,28,103,148,187,38,268,0,10,24,78,125,31,240,4,18,79,70,62,7
S01009357,285,2,15,54,61,122,31,149,0,2,12,32,76,27,136,2,13,42,29,46,4
S01009358,378,2,27,78,73,141,57,205,0,9,14,32,103,47,173,2,18,64,41,38,10
S01009359,437,0,23,80,115,170,49,238,0,9,13,65,113,38,199,0,14,67,50,57,11
S01009360,439,4,37,78,102,166,52,222,1,10,18,43,110,40,217,3,27,60,59,56,12
S01009361,393,5,31,73,108,151,25,208,2,7,16,57,104,22,185,3,24,57,51,47,3
S01009362,543,5,29,127,155,187,40,292,2,12,28,81,138,31,251,3,17,99,74,49,9
S01009363,399,2,18,96,106,140,37,200,0,5,15,49,102,29,199,2,13,81,57,38,8
S01009364,486,3,30,98,133,177,45,251,0,5,23,65,124,34,235,3,25,75,68,53,11
S01009365,284,1,15,55,77,118,18,139,0,4,15,29,75,16,145,1,11,40,48,43,2
S01009366,335,1,14,66,74,128,52,171,0,4,15,26,89,37,164,1,10,51,48,39,15
S01009367,305,5,16,61,95,111,17,149,1,4,10,46,74,14,156,4,12,51,49,37,3
S01009368,278,0,16,70,63,116,13,150,0,4,14,34,87,11,128,0,12,56,29,29,2
S01009369,298,3,17,72,81,104,21,152,0,3,15,46,70,18,146,3,14,57,35,34,3
S01009370,415,0,23,95,109,154,34,214,0,7,17,59,101,30,201,0,16,78,50,53,4
S01009371,262,0,9,68,78,87,20,124,0,0,15,38,54,17,138,0,9,53,40,33,3
S01009372,266,3,12,65,70,101,15,130,1,3,14,40,58,14,136,2,9,51,30,43,1
S01009373,359,3,13,75,77,165,26,192,1,1,16,38,115,21,167,2,12,59,39,50,5
S01009374,393,3,16,96,102,142,34,202,1,7,21,42,103,28,191,2,9,75,60,39,6
S01009375,356,0,13,94,81,129,39,188,0,4,20,38,92,34,168,0,9,74,43,37,5
S01009376,262,1,15,60,70,96,20,139,0,4,8,36,74,17,123,1,11,52,34,22,3
S01009377,824,2,13,104,140,488,77,533,1,3,18,67,378,66,291,1,10,86,73,110,11
S01009378,502,5,21,115,131,191,39,256,1,4,20,56,143,32,246,4,17,95,75,48,7
S01009379,509,3,25,85,143,196,57,259,2,11,15,56,128,47,250,1,14,70,87,68,10
S01009380,315,2,9,64,75,132,33,168,0,1,13,34,89,31,147,2,8,51,41,43,2
S01009381,381,2,21,77,87,151,43,195,0,9,17,42,93,34,186,2,12,60,45,58,9
S01009382,367,1,18,84,83,147,34,197,1,5,27,41,98,25,170,0,13,57,42,49,9
S01009383,413,2,15,83,98,183,32,216,1,2,13,50,122,28,197,1,13,70,48,61,4
S01009384,287,2,18,59,44,118,46,156,0,5,9,19,87,36,131,2,13,50,25,31,10
S01009385,257,1,9,55,53,103,36,125,1,2,10,26,56,30,132,0,7,45,27,47,6
S01009386,298,1,18,71,72,111,25,141,0,4,10,33,74,20,157,1,14,61,39,37,5
S01009387,252,1,10,58,59,100,24,128,0,1,14,29,67,17,124,1,9,44,30,33,7
S01009388,349,2,22,81,74,143,27,183,1,6,20,36,99,21,166,1,16,61,38,44,6
S01009389,448,3,26,92,105,163,59,241,0,11,24,50,106,50,207,3,15,68,55,57,9
S01009390,428,3,26,79,95,166,59,226,2,3,8,48,116,49,202,1,23,71,47,50,10
S01009391,410,2,23,76,106,152,51,204,0,3,11,49,101,40,206,2,20,65,57,51,11
S01009392,302,5,17,67,63,113,37,166,1,4,11,35,86,29,136,4,13,56,28,27,8
S01009393,377,4,20,74,92,151,36,197,1,3,14,44,106,29,180,3,17,60,48,45,7
S01009394,472,3,18,83,100,215,53,254,3,6,12,55,135,43,218,0,12,71,45,80,10
S01009395,290,0,15,57,54,111,53,140,0,6,9,24,66,35,150,0,9,48,30,45,18
S01009396,328,0,23,67,62,130,46,190,0,5,14,37,92,42,138,0,18,53,25,38,4
S01009397,354,4,23,74,64,137,52,174,0,1,11,31,87,44,180,4,22,63,33,50,8
S01009398,371,2,12,85,101,149,22,192,1,1,15,54,101,20,179,1,11,70,47,48,2
S01009399,375,3,20,88,94,140,30,199,2,4,22,48,97,26,176,1,16,66,46,43,4
S01009400,253,1,16,60,66,96,14,133,0,4,11,34,73,11,120,1,12,49,32,23,3
S01009401,283,3,19,57,78,91,35,159,1,6,15,38,68,31,124,2,13,42,40,23,4
S01009402,418,4,30,100,82,162,40,224,0,12,24,41,116,31,194,4,18,76,41,46,9
S01009403,291,2,22,68,69,103,27,153,1,8,11,37,75,21,138,1,14,57,32,28,6
S01009404,233,1,8,48,59,100,17,115,1,2,11,25,62,14,118,0,6,37,34,38,3
S01009405,207,3,16,43,43,71,31,113,0,6,9,22,51,25,94,3,10,34,21,20,6
S01009406,449,2,20,77,131,181,38,220,0,3,14,67,108,28,229,2,17,63,64,73,10
S01009407,241,2,9,47,48,112,23,131,1,2,9,22,78,19,110,1,7,38,26,34,4
S01009408,424,4,11,78,122,157,52,228,3,3,17,59,108,38,196,1,8,61,63,49,14
S01009409,289,0,15,81,69,106,18,143,0,5,13,30,79,16,146,0,10,68,39,27,2
S01009410,408,1,22,117,93,150,25,201,0,4,24,50,105,18,207,1,18,93,43,45,7
S01009411,380,2,24,85,101,137,31,188,1,4,15,53,91,24,192,1,20,70,48,46,7
S01009412,396,3,22,97,93,151,30,212,1,5,20,49,109,28,184,2,17,77,44,42,2
S01009413,488,4,22,112,108,196,46,255,2,2,22,51,141,37,233,2,20,90,57,55,9
S01009414,299,3,11,77,69,114,25,142,1,2,9,34,76,20,157,2,9,68,35,38,5
S01009415,335,0,26,56,84,134,35,173,0,4,10,37,95,27,162,0,22,46,47,39,8
S01009416,297,1,10,76,68,109,33,156,0,5,13,32,77,29,141,1,5,63,36,32,4
S01009417,178,0,5,33,28,80,32,92,0,0,2,11,52,27,86,0,5,31,17,28,5
S01009418,508,1,21,109,108,236,33,274,0,2,23,55,168,26,234,1,19,86,53,68,7
S01009419,241,2,7,60,55,91,26,126,2,2,12,29,58,23,115,0,5,48,26,33,3
S01009420,230,0,12,65,48,93,12,115,0,5,15,22,64,9,115,0,7,50,26,29,3
S01009421,277,2,16,75,62,106,16,145,0,3,22,30,74,16,132,2,13,53,32,32,0
S01009422,366,3,18,91,81,143,30,186,3,1,22,35,97,28,180,0,17,69,46,46,2
S01009423,544,2,15,111,120,233,63,281,0,1,23,54,151,52,263,2,14,88,66,82,11
S01009424,279,5,10,50,70,108,36,143,0,2,7,29,76,29,136,5,8,43,41,32,7
S01009425,330,1,12,55,87,137,38,177,1,5,12,38,86,35,153,0,7,43,49,51,3
S01009426,310,0,15,75,76,114,30,157,0,3,19,36,74,25,153,0,12,56,40,40,5
S01009427,229,2,15,57,52,81,22,112,1,5,9,20,60,17,117,1,10,48,32,21,5
S01009428,229,3,7,58,59,79,23,112,1,1,13,25,53,19,117,2,6,45,34,26,4
S01009429,272,1,12,60,70,114,15,140,0,2,16,33,76,13,132,1,10,44,37,38,2
S01009430,296,1,17,84,66,103,25,137,1,0,15,28,71,22,159,0,17,69,38,32,3
S01009431,278,1,10,61,70,106,30,131,0,1,9,29,70,22,147,1,9,52,41,36,8
S01009432,306,1,16,90,78,100,21,146,0,3,18,35,72,18,160,1,13,72,43,28,3
S01009433,293,1,12,81,61,118,20,154,1,5,19,24,88,17,139,0,7,62,37,30,3
S01009434,208,1,6,61,38,90,12,108,1,0,13,22,64,8,100,0,6,48,16,26,4
S01009435,261,1,10,73,60,98,19,133,1,2,20,31,62,17,128,0,8,53,29,36,2
S01009436,303,1,12,64,88,120,18,157,0,5,11,38,85,18,146,1,7,53,50,35,0
S01009437,307,3,12,57,75,127,33,155,0,1,7,36,83,28,152,3,11,50,39,44,5
S01009438,339,0,14,77,76,149,23,166,0,4,14,28,100,20,173,0,10,63,48,49,3
S01009439,357,0,16,83,84,157,17,195,0,4,15,42,118,16,162,0,12,68,42,39,1
S01009440,255,1,11,72,49,99,23,123,0,1,7,24,71,20,132,1,10,65,25,28,3
S01009441,343,2,24,90,55,133,39,160,0,5,10,17,95,33,183,2,19,80,38,38,6
S01009442,290,2,13,49,71,115,40,154,0,2,8,34,77,33,136,2,11,41,37,38,7
S01009443,332,3,23,69,70,119,48,168,2,5,13,34,77,37,164,1,18,56,36,42,11
S01009444,455,3,26,104,123,162,37,244,1,10,16,60,123,34,211,2,16,88,63,39,3
S01009445,354,1,12,89,82,149,21,181,1,2,14,41,106,17,173,0,10,75,41,43,4
S01009446,322,4,10,81,74,129,24,160,2,4,11,30,93,20,162,2,6,70,44,36,4
S01009447,227,1,18,45,60,82,21,111,1,6,8,24,55,17,116,0,12,37,36,27,4
S01009448,424,2,17,97,96,170,42,216,1,6,18,40,114,37,208,1,11,79,56,56,5
S01009449,216,1,8,54,58,80,15,114,1,2,8,31,60,12,102,0,6,46,27,20,3
S01009450,235,1,7,63,41,103,20,112,0,1,12,17,66,16,123,1,6,51,24,37,4
S01009451,383,0,22,90,88,152,31,205,0,6,18,47,111,23,178,0,16,72,41,41,8
S01009452,204,0,10,40,51,87,16,115,0,1,5,28,67,14,89,0,9,35,23,20,2
S01009453,437,5,16,97,133,152,34,215,2,3,8,52,120,30,222,3,13,89,81,32,4
S01009454,420,4,31,89,85,159,52,227,3,6,22,48,112,36,193,1,25,67,37,47,16
S01009455,404,7,18,86,60,149,84,225,1,6,25,36,87,70,179,6,12,61,24,62,14
S01009456,305,2,8,53,69,133,40,161,0,2,12,27,86,34,144,2,6,41,42,47,6
S01009457,305,7,9,75,57,104,53,159,2,3,15,27,68,44,146,5,6,60,30,36,9
S01009458,294,0,15,59,60,127,33,142,0,1,13,20,86,22,152,0,14,46,40,41,11
S01009459,372,5,21,73,96,123,54,187,2,3,19,42,75,46,185,3,18,54,54,48,8
S01009460,323,3,12,91,77,120,20,160,1,0,18,42,82,17,163,2,12,73,35,38,3
S01009461,304,6,13,51,79,121,34,156,2,2,8,37,76,31,148,4,11,43,42,45,3
S01009462,304,2,22,68,78,99,35,167,0,4,19,37,76,31,137,2,18,49,41,23,4
S01009463,286,4,14,61,68,100,39,145,2,5,9,28,69,32,141,2,9,52,40,31,7
S01009464,430,5,26,93,114,143,49,232,0,11,19,64,98,40,198,5,15,74,50,45,9
S01009465,269,3,18,66,69,79,34,134,2,4,9,42,50,27,135,1,14,57,27,29,7
S01009466,272,4,20,45,61,109,33,135,3,3,8,24,74,23,137,1,17,37,37,35,10
S01009467,355,3,22,85,86,132,27,174,1,5,17,44,85,22,181,2,17,68,42,47,5
S01009468,330,2,19,86,66,126,31,172,0,3,22,35,84,28,158,2,16,64,31,42,3
S01009469,366,6,20,78,93,127,42,169,0,3,16,42,75,33,197,6,17,62,51,52,9
S01009470,214,3,10,55,49,74,23,103,0,2,12,19,51,19,111,3,8,43,30,23,4
S01009471,219,2,6,43,52,93,23,125,2,2,14,30,57,20,94,0,4,29,22,36,3
S01009472,360,4,29,69,84,142,32,191,3,9,16,43,94,26,169,1,20,53,41,48,6
S01009473,382,2,21,93,66,176,24,202,1,8,30,29,113,21,180,1,13,63,37,63,3
S01009474,381,2,25,84,72,158,40,218,1,9,24,41,110,33,163,1,16,60,31,48,7
S01009475,306,1,16,52,69,131,37,155,0,6,11,27,82,29,151,1,10,41,42,49,8
S01009476,269,3,20,56,42,97,51,142,0,7,9,18,66,42,127,3,13,47,24,31,9
S01009477,341,8,16,59,85,117,56,180,2,5,15,38,80,40,161,6,11,44,47,37,16
S01009478,464,3,19,90,100,196,56,256,2,8,39,48,118,41,208,1,11,51,52,78,15
S01009479,378,7,27,61,81,152,50,214,2,7,18,45,103,39,164,5,20,43,36,49,11
S01009480,399,4,21,67,97,160,50,206,2,5,13,50,96,40,193,2,16,54,47,64,10
S01009481,505,2,16,78,130,229,50,262,1,6,21,53,136,45,243,1,10,57,77,93,5
S01009482,332,1,12,65,77,149,28,178,0,4,18,41,95,20,154,1,8,47,36,54,8
S01009483,426,2,19,68,118,176,43,231,0,9,17,64,110,31,195,2,10,51,54,66,12
S01009484,312,1,16,61,71,139,24,155,1,2,10,31,91,20,157,0,14,51,40,48,4
S01009485,316,9,23,73,53,133,25,168,0,9,18,32,88,21,148,9,14,55,21,45,4
S01009486,279,6,16,47,72,112,26,141,3,7,8,24,74,25,138,3,9,39,48,38,1
S01009487,347,5,14,84,85,142,17,176,1,5,13,45,98,14,171,4,9,71,40,44,3
S01009488,317,6,27,77,86,105,16,162,1,7,14,45,80,15,155,5,20,63,41,25,1
S01009489,317,1,15,74,84,114,29,167,1,4,10,47,85,20,150,0,11,64,37,29,9
S01009490,323,1,13,99,61,131,18,159,0,3,13,27,101,15,164,1,10,86,34,30,3
S01009491,241,2,11,60,67,79,22,123,0,2,13,34,52,22,118,2,9,47,33,27,0
S01009492,338,4,16,79,82,131,26,179,1,3,13,38,105,19,159,3,13,66,44,26,7
S01009493,355,5,34,65,73,114,64,195,2,13,17,31,78,54,160,3,21,48,42,36,10
S01009494,527,3,24,88,138,209,65,271,3,3,22,67,122,54,256,0,21,66,71,87,11
S01009495,498,3,37,84,120,198,56,248,1,6,15,52,128,46,250,2,31,69,68,70,10
S01009496,373,3,23,88,88,150,21,183,0,3,20,40,102,18,190,3,20,68,48,48,3
S01009497,472,1,20,110,125,180,36,233,0,7,27,57,114,28,239,1,13,83,68,66,8
S01009498,309,3,15,69,87,107,28,166,1,4,15,46,77,23,143,2,11,54,41,30,5
S01009499,347,3,16,100,88,112,28,169,1,6,26,37,76,23,178,2,10,74,51,36,5
S01009500,314,0,20,84,69,117,24,162,0,4,25,31,83,19,152,0,16,59,38,34,5
S01009501,261,0,18,60,54,112,17,133,0,3,7,24,82,17,128,0,15,53,30,30,0
S01009502,382,3,25,103,75,145,31,185,1,8,25,37,86,28,197,2,17,78,38,59,3
S01009503,365,5,28,93,67,148,24,165,1,5,17,23,99,20,200,4,23,76,44,49,4
S01009504,275,1,20,76,49,104,25,136,0,3,20,19,74,20,139,1,17,56,30,30,5
S01009505,276,2,16,83,63,100,12,135,0,3,23,28,71,10,141,2,13,60,35,29,2
S01009506,294,1,10,93,65,108,17,148,1,2,19,28,84,14,146,0,8,74,37,24,3
S01009507,416,1,24,79,104,172,36,217,0,9,11,47,121,29,199,1,15,68,57,51,7
S01009508,329,1,26,109,54,128,11,153,1,6,24,19,94,9,176,0,20,85,35,34,2
S01009509,425,3,27,97,104,171,23,222,0,7,26,49,121,19,203,3,20,71,55,50,4
S01009510,333,5,11,67,108,111,31,161,1,4,13,45,73,25,172,4,7,54,63,38,6
S01009511,285,2,23,49,63,116,32,149,1,5,9,26,82,26,136,1,18,40,37,34,6
S01009512,398,1,20,96,105,148,28,210,1,9,22,48,108,22,188,0,11,74,57,40,6
S01009513,282,4,22,64,72,101,19,136,1,4,10,34,69,18,146,3,18,54,38,32,1
S01009514,404,2,24,83,122,138,35,197,2,5,13,55,92,30,207,0,19,70,67,46,5
S01009515,298,1,15,81,76,114,11,139,0,3,12,32,81,11,159,1,12,69,44,33,0
S01009516,356,2,21,90,68,139,36,167,0,4,15,24,92,32,189,2,17,75,44,47,4
S01009517,564,3,17,110,156,221,57,284,2,4,20,72,136,50,280,1,13,90,84,85,7
S01009518,568,3,16,108,133,239,69,283,0,3,18,53,154,55,285,3,13,90,80,85,14
S01009519,262,2,13,56,86,85,20,138,1,1,15,37,64,20,124,1,12,41,49,21,0
S01009520,431,4,27,92,109,157,42,225,3,8,26,48,105,35,206,1,19,66,61,52,7
S01009521,281,5,15,84,63,101,13,133,3,4,22,26,67,11,148,2,11,62,37,34,2
S01009522,416,1,22,119,80,164,30,198,0,5,29,36,103,25,218,1,17,90,44,61,5
S01009523,214,1,9,51,43,99,11,105,1,2,9,18,66,9,109,0,7,42,25,33,2
S01009524,266,0,12,50,69,109,26,137,0,2,10,30,73,22,129,0,10,40,39,36,4
S01009525,224,0,15,50,57,76,26,124,0,8,15,30,51,20,100,0,7,35,27,25,6
S01009526,402,4,14,57,81,184,62,219,2,1,13,36,118,49,183,2,13,44,45,66,13
S01009527,314,3,13,56,76,139,27,165,1,4,20,37,82,21,149,2,9,36,39,57,6
S01009528,185,0,8,36,36,87,18,92,0,2,9,14,53,14,93,0,6,27,22,34,4
S01009529,265,3,16,52,69,98,27,134,2,4,11,32,63,22,131,1,12,41,37,35,5
S01009530,298,3,17,73,54,121,30,153,1,4,15,28,81,24,145,2,13,58,26,40,6
S01009531,311,2,15,76,72,127,19,163,0,6,20,31,89,17,148,2,9,56,41,38,2
S01009532,274,3,12,60,66,119,14,138,1,2,6,30,87,12,136,2,10,54,36,32,2
S01009533,354,4,16,85,79,141,29,172,1,1,22,36,90,22,182,3,15,63,43,51,7
S01009534,286,0,12,82,65,100,27,153,0,2,29,28,70,24,133,0,10,53,37,30,3
S01009535,236,0,22,65,47,85,17,127,0,7,18,25,62,15,109,0,15,47,22,23,2
S01009536,223,1,18,56,37,94,17,109,0,6,11,19,57,16,114,1,12,45,18,37,1
S01009537,216,0,10,42,59,86,19,109,0,2,10,33,51,13,107,0,8,32,26,35,6
S01009538,327,3,9,73,74,133,35,169,1,1,19,37,92,19,158,2,8,54,37,41,16
S01009539,414,2,25,96,96,152,43,213,2,8,25,42,100,36,201,0,17,71,54,52,7
S01009540,374,3,16,87,97,139,32,200,1,4,22,52,96,25,174,2,12,65,45,43,7
S01009541,386,3,17,70,97,155,44,199,2,6,14,44,98,35,187,1,11,56,53,57,9
S01009542,298,2,11,86,65,107,27,139,0,2,15,27,71,24,159,2,9,71,38,36,3
S01009543,236,5,6,60,53,83,29,120,2,1,16,26,52,23,116,3,5,44,27,31,6
S01009544,412,3,21,86,93,169,40,210,1,5,19,32,121,32,202,2,16,67,61,48,8
S01009545,353,1,18,68,77,144,45,174,0,4,11,23,96,40,179,1,14,57,54,48,5
S01009546,512,3,21,100,122,215,51,265,1,1,13,53,155,42,247,2,20,87,69,60,9
S01009547,352,1,14,88,72,141,36,170,1,4,12,29,97,27,182,0,10,76,43,44,9
S01009548,317,1,18,67,78,124,29,156,0,6,17,34,79,20,161,1,12,50,44,45,9
S01009549,392,2,28,83,77,165,37,215,1,12,16,34,119,33,177,1,16,67,43,46,4
S01009550,254,1,14,62,55,103,19,124,1,2,14,22,68,17,130,0,12,48,33,35,2
S01009551,239,1,8,53,55,101,21,131,0,4,14,30,65,18,108,1,4,39,25,36,3
S01009552,432,4,31,95,68,181,53,224,3,8,17,35,118,43,208,1,23,78,33,63,10
S01009553,346,2,17,87,71,141,28,186,0,5,19,37,102,23,160,2,12,68,34,39,5
S01009554,294,1,13,77,60,102,41,159,1,4,21,29,67,37,135,0,9,56,31,35,4
S01009555,369,5,17,83,87,137,40,188,1,3,18,34,99,33,181,4,14,65,53,38,7
S01009556,361,1,15,81,83,159,22,178,0,6,21,32,100,19,183,1,9,60,51,59,3
S01009557,262,0,14,60,57,111,20,118,0,3,16,15,70,14,144,0,11,44,42,41,6
S01009558,252,3,12,58,50,111,18,126,1,3,12,22,74,14,126,2,9,46,28,37,4
S01009559,360,2,18,80,88,147,25,184,2,4,8,41,109,20,176,0,14,72,47,38,5
S01009560,294,1,21,61,65,125,21,142,0,7,16,25,80,14,152,1,14,45,40,45,7
S01009561,211,1,15,51,44,89,11,109,0,4,12,23,63,7,102,1,11,39,21,26,4
S01009562,332,0,14,74,91,130,23,184,0,7,18,48,93,18,148,0,7,56,43,37,5
S01009563,315,0,16,71,74,134,20,158,0,4,11,34,95,14,157,0,12,60,40,39,6
S01009564,278,3,14,56,67,119,19,135,0,3,8,27,80,17,143,3,11,48,40,39,2
S01009565,225,6,16,50,52,87,14,115,1,2,11,24,64,13,110,5,14,39,28,23,1
S01009566,529,5,26,96,142,220,40,275,0,5,23,64,148,35,254,5,21,73,78,72,5
S01009567,399,4,11,84,106,150,44,209,0,2,29,46,96,36,190,4,9,55,60,54,8
S01009568,305,4,10,72,65,129,25,155,2,1,15,26,90,21,150,2,9,57,39,39,4
S01009569,361,3,17,92,103,121,25,176,0,4,22,48,85,17,185,3,13,70,55,36,8
S01009570,237,2,12,47,65,95,16,118,0,4,12,29,62,11,119,2,8,35,36,33,5
S01009571,264,2,12,67,57,111,15,133,0,2,15,25,79,12,131,2,10,52,32,32,3
S01009572,413,2,18,94,90,171,38,218,0,6,25,38,117,32,195,2,12,69,52,54,6
S01009573,274,2,13,68,59,120,12,144,0,7,16,32,77,12,130,2,6,52,27,43,0
S01009574,441,1,39,92,96,170,43,226,0,13,20,37,123,33,215,1,26,72,59,47,10
S01009575,239,1,10,43,67,111,7,120,0,1,1,33,80,5,119,1,9,42,34,31,2
S01009576,288,1,11,51,89,106,30,155,0,5,15,43,67,25,133,1,6,36,46,39,5
S01009577,361,6,20,74,88,122,51,184,4,2,15,41,86,36,177,2,18,59,47,36,15
S01009578,374,3,11,79,101,155,25,195,0,2,17,49,103,24,179,3,9,62,52,52,1
S01009579,515,4,24,105,141,186,55,261,3,9,17,66,119,47,254,1,15,88,75,67,8
S01009580,551,0,27,128,139,200,57,296,0,12,28,64,145,47,255,0,15,100,75,55,10
S01009581,254,2,14,50,57,110,21,134,1,0,18,22,75,18,120,1,14,32,35,35,3
S01009582,254,3,19,53,51,116,12,130,1,6,10,20,82,11,124,2,13,43,31,34,1
S01009583,355,2,14,89,98,131,21,175,0,2,17,49,90,17,180,2,12,72,49,41,4
S01009584,240,4,13,40,46,100,37,137,2,3,7,23,73,29,103,2,10,33,23,27,8
S01009585,474,3,13,104,126,186,42,248,2,1,19,60,134,32,226,1,12,85,66,52,10
S01009586,262,2,13,53,66,98,30,148,1,7,9,32,73,26,114,1,6,44,34,25,4
S01009587,278,0,15,52,78,107,26,155,0,4,9,39,83,20,123,0,11,43,39,24,6
S01009588,451,3,29,104,100,171,44,237,2,6,19,52,127,31,214,1,23,85,48,44,13
S01009589,439,2,21,103,93,176,44,223,1,4,14,42,127,35,216,1,17,89,51,49,9
S01009590,365,6,19,65,98,141,36,187,3,4,12,43,97,28,178,3,15,53,55,44,8
S01009591,368,5,14,63,96,141,49,192,1,1,20,37,95,38,176,4,13,43,59,46,11
S01009592,263,2,11,49,52,113,36,143,1,3,9,24,75,31,120,1,8,40,28,38,5
S01009593,315,5,17,55,81,107,50,163,0,4,9,39,75,36,152,5,13,46,42,32,14
S01009594,374,7,13,81,98,138,37,188,0,7,15,38,96,32,186,7,6,66,60,42,5
S01009595,282,4,15,52,55,116,40,149,0,3,13,19,82,32,133,4,12,39,36,34,8
S01009596,383,1,12,95,100,153,22,191,0,2,26,41,104,18,192,1,10,69,59,49,4
S01009597,329,4,10,100,64,129,22,153,1,4,20,30,81,17,176,3,6,80,34,48,5
S01009598,254,5,15,65,55,95,19,126,4,5,8,27,64,18,128,1,10,57,28,31,1
S01009599,409,2,11,97,102,168,29,206,1,4,17,45,115,24,203,1,7,80,57,53,5
S01009600,240,3,10,65,45,99,18,116,2,2,10,22,63,17,124,1,8,55,23,36,1
S01009601,303,0,14,70,71,124,24,153,0,1,18,26,87,21,150,0,13,52,45,37,3
S01009602,448,0,28,76,116,162,66,229,0,4,14,45,111,55,219,0,24,62,71,51,11
S01009603,295,1,13,55,83,101,42,158,0,3,16,42,62,35,137,1,10,39,41,39,7
S01009604,429,4,12,108,109,167,29,228,3,3,26,55,115,26,201,1,9,82,54,52,3
S01009605,305,3,18,75,76,107,26,159,3,6,15,35,76,24,146,0,12,60,41,31,2
S01009606,319,2,18,48,79,134,38,160,1,3,5,40,84,27,159,1,15,43,39,50,11
S01009607,269,4,14,60,49,101,41,142,2,5,15,26,63,31,127,2,9,45,23,38,10
S01009608,286,1,10,50,70,129,26,143,0,0,5,27,90,21,143,1,10,45,43,39,5
S01009609,403,6,15,74,90,172,46,216,4,4,17,33,123,35,187,2,11,57,57,49,11
S01009610,464,3,28,96,122,173,42,239,1,8,16,59,121,34,225,2,20,80,63,52,8
S01009611,284,2,17,68,52,98,47,140,0,4,14,22,64,36,144,2,13,54,30,34,11
S01009612,311,5,7,65,84,128,22,162,2,1,14,37,90,18,149,3,6,51,47,38,4
S01009613,262,2,11,66,56,92,35,138,2,5,18,20,65,28,124,0,6,48,36,27,7
S01009614,264,0,16,62,65,78,43,138,0,3,13,34,51,37,126,0,13,49,31,27,6
S01009615,171,1,15,38,44,59,14,89,1,5,4,25,41,13,82,0,10,34,19,18,1
S01009616,369,2,20,79,84,146,38,190,0,1,13,45,102,29,179,2,19,66,39,44,9
S01009617,401,3,25,89,88,147,49,208,0,1,17,46,102,42,193,3,24,72,42,45,7
S01009618,320,1,14,73,68,131,33,166,0,5,11,28,95,27,154,1,9,62,40,36,6
S01009619,245,2,12,68,72,77,14,126,1,4,16,35,58,12,119,1,8,52,37,19,2
S01009620,303,2,14,77,69,121,20,154,1,5,16,29,86,17,149,1,9,61,40,35,3
S01009621,325,2,18,73,75,130,27,160,0,4,11,31,91,23,165,2,14,62,44,39,4
S01009622,268,4,15,62,68,97,22,141,2,4,18,31,69,17,127,2,11,44,37,28,5
S01009623,198,1,8,54,42,76,17,96,0,2,12,21,46,15,102,1,6,42,21,30,2
S01009624,366,2,21,95,90,135,23,178,0,3,21,46,89,19,188,2,18,74,44,46,4
S01009625,369,0,23,97,84,140,25,179,0,2,13,41,101,22,190,0,21,84,43,39,3
S01009626,190,2,7,61,40,71,9,91,0,2,16,16,51,6,99,2,5,45,24,20,3
S01009627,325,2,19,89,64,128,23,162,0,6,19,29,90,18,163,2,13,70,35,38,5
S01009628,155,3,12,39,42,53,6,81,1,5,10,20,39,6,74,2,7,29,22,14,0
S01009629,438,6,23,113,110,167,19,219,0,2,24,56,119,18,219,6,21,89,54,48,1
S01009630,291,1,10,88,56,118,18,134,0,3,14,22,80,15,157,1,7,74,34,38,3
S01009631,264,2,13,69,57,109,14,142,1,3,20,28,78,12,122,1,10,49,29,31,2
S01009632,175,5,9,51,35,62,13,86,3,1,5,19,47,11,89,2,8,46,16,15,2
S01009633,247,1,12,93,44,79,18,130,0,4,31,22,55,18,117,1,8,62,22,24,0
S01009634,160,1,8,42,41,58,10,79,0,2,9,12,47,9,81,1,6,33,29,11,1
S01009635,384,3,21,98,90,143,29,204,2,2,22,52,103,23,180,1,19,76,38,40,6
S01009636,329,4,13,76,64,143,29,170,1,3,18,26,98,24,159,3,10,58,38,45,5
S01009637,339,5,10,78,97,128,21,171,3,1,14,43,90,20,168,2,9,64,54,38,1
S01009638,230,1,14,54,56,88,17,122,1,4,10,27,64,16,108,0,10,44,29,24,1
S01009639,338,4,16,66,81,124,47,172,1,4,13,31,82,41,166,3,12,53,50,42,6
S01009640,214,2,2,57,60,80,13,105,0,1,13,23,58,10,109,2,1,44,37,22,3
S01009641,309,1,13,79,67,125,24,151,0,2,15,28,83,23,158,1,11,64,39,42,1
S01009642,464,6,21,108,121,163,45,216,1,5,21,46,107,36,248,5,16,87,75,56,9
S01009643,343,2,15,79,79,136,32,183,1,3,12,42,97,28,160,1,12,67,37,39,4
S01009644,343,7,16,91,77,125,27,178,2,6,24,36,88,22,165,5,10,67,41,37,5
S01009645,277,5,13,76,54,98,31,142,0,2,17,26,69,28,135,5,11,59,28,29,3
S01009646,244,1,9,59,46,106,23,124,1,1,15,26,63,18,120,0,8,44,20,43,5
S01009647,222,1,10,59,58,79,15,116,1,2,18,23,61,11,106,0,8,41,35,18,4
S01009648,377,5,16,86,92,142,36,186,2,2,18,37,95,32,191,3,14,68,55,47,4
S01009649,445,5,17,94,109,171,49,218,2,2,15,46,111,42,227,3,15,79,63,60,7
S01009650,345,2,20,65,71,145,42,187,2,5,16,37,92,35,158,0,15,49,34,53,7
S01009651,434,7,34,88,90,127,88,224,1,6,19,39,89,70,210,6,28,69,51,38,18
S01009652,314,8,22,74,57,109,44,169,3,8,20,28,73,37,145,5,14,54,29,36,7
S01009653,273,4,16,52,66,90,45,145,2,5,6,29,63,40,128,2,11,46,37,27,5
S01009654,246,2,21,60,59,65,39,121,0,9,13,28,42,29,125,2,12,47,31,23,10
S01009655,353,1,19,94,62,151,26,167,0,5,13,27,101,21,186,1,14,81,35,50,5
S01009656,226,1,15,55,51,84,20,112,0,5,13,21,55,18,114,1,10,42,30,29,2
S01009657,379,5,25,79,88,149,33,199,1,7,15,36,113,27,180,4,18,64,52,36,6
S01009658,344,3,9,95,72,137,28,172,2,1,15,29,101,24,172,1,8,80,43,36,4
S01009659,228,1,17,50,37,99,24,124,0,3,9,20,71,21,104,1,14,41,17,28,3
S01009660,468,2,19,108,106,188,45,233,0,4,16,48,125,40,235,2,15,92,58,63,5
S01009661,443,5,30,90,67,166,85,237,4,9,22,20,115,67,206,1,21,68,47,51,18
S01009662,371,3,17,75,69,151,56,204,1,5,16,32,100,50,167,2,12,59,37,51,6
S01009663,312,3,22,59,68,117,43,155,1,6,12,28,81,27,157,2,16,47,40,36,16
S01009664,463,13,38,88,90,165,69,239,4,11,15,32,117,60,224,9,27,73,58,48,9
S01009665,309,3,17,61,66,127,35,159,0,6,9,30,82,32,150,3,11,52,36,45,3
S01009666,362,7,20,61,74,147,53,198,4,5,11,35,104,39,164,3,15,50,39,43,14
S01009667,266,4,10,51,57,92,52,137,1,3,11,15,69,38,129,3,7,40,42,23,14
S01009668,308,8,18,51,93,100,38,157,3,5,9,38,70,32,151,5,13,42,55,30,6
S01009669,229,0,13,40,56,91,29,120,0,2,10,22,63,23,109,0,11,30,34,28,6
S01009670,395,4,24,80,94,135,58,201,2,6,13,47,91,42,194,2,18,67,47,44,16
S01009671,341,2,32,62,60,138,47,177,1,13,14,28,82,39,164,1,19,48,32,56,8
S01009672,381,2,16,98,88,139,38,202,1,3,18,40,111,29,179,1,13,80,48,28,9
S01009673,379,4,18,73,80,152,52,206,0,7,15,35,110,39,173,4,11,58,45,42,13
S01009674,429,3,28,84,79,159,76,238,2,8,27,35,101,65,191,1,20,57,44,58,11
S01009675,449,5,38,85,97,163,61,230,1,9,18,39,113,50,219,4,29,67,58,50,11
S01009676,410,7,20,92,83,143,65,215,1,5,12,35,107,55,195,6,15,80,48,36,10
S01009677,306,3,23,71,50,103,56,167,1,8,21,24,69,44,139,2,15,50,26,34,12
S01009678,294,5,16,60,55,117,41,152,2,4,11,17,83,35,142,3,12,49,38,34,6
S01009679,433,5,19,85,98,176,50,233,1,4,18,42,128,40,200,4,15,67,56,48,10
S01009680,402,5,10,100,74,164,49,215,3,4,17,33,115,43,187,2,6,83,41,49,6
S01009681,320,2,22,61,64,135,36,167,0,6,12,30,86,33,153,2,16,49,34,49,3
S01009682,304,1,18,64,61,117,43,159,0,3,13,34,78,31,145,1,15,51,27,39,12
S01009683,361,3,20,77,86,133,42,182,1,6,17,36,87,35,179,2,14,60,50,46,7
S01009684,561,7,40,98,117,205,94,301,1,4,20,51,147,78,260,6,36,78,66,58,16
S01009685,282,6,13,54,52,135,22,148,2,1,4,21,101,19,134,4,12,50,31,34,3
S01009686,526,7,38,107,116,208,50,256,1,6,21,56,130,42,270,6,32,86,60,78,8
S01009687,346,5,12,86,60,142,41,195,1,5,23,28,102,36,151,4,7,63,32,40,5
S01009688,359,2,20,87,71,155,24,177,0,4,17,32,101,23,182,2,16,70,39,54,1
S01009689,306,3,13,60,60,122,48,151,0,4,17,26,69,35,155,3,9,43,34,53,13
S01009690,354,0,16,65,83,144,46,172,0,5,16,31,86,34,182,0,11,49,52,58,12
S01009691,281,1,21,53,63,112,31,140,0,7,8,30,69,26,141,1,14,45,33,43,5
S01009692,451,9,28,93,92,174,55,235,4,4,17,38,126,46,216,5,24,76,54,48,9
S01009693,301,2,20,76,75,105,23,153,0,6,22,32,75,18,148,2,14,54,43,30,5
S01009694,428,11,33,88,97,155,44,213,3,6,19,39,109,37,215,8,27,69,58,46,7
S01009695,294,4,23,57,46,113,51,154,1,6,10,21,75,41,140,3,17,47,25,38,10
S01009696,461,2,35,94,81,183,66,229,0,8,17,33,120,51,232,2,27,77,48,63,15
S01009697,349,7,17,61,64,138,62,189,4,6,20,27,84,48,160,3,11,41,37,54,14
S01009698,307,3,20,51,54,97,82,160,1,3,15,18,64,59,147,2,17,36,36,33,23
S01009699,168,2,13,39,22,63,29,99,0,6,14,11,44,24,69,2,7,25,11,19,5
S01009700,302,7,21,57,53,122,42,153,0,4,15,24,74,36,149,7,17,42,29,48,6
S01009701,152,0,13,38,27,53,21,79,0,5,10,17,35,12,73,0,8,28,10,18,9
S01009702,316,1,26,63,36,115,75,183,0,12,22,11,72,66,133,1,14,41,25,43,9
S01009703,257,3,16,61,56,77,44,131,1,3,14,29,48,36,126,2,13,47,27,29,8
S01009704,448,5,42,101,83,131,86,231,2,13,17,37,87,75,217,3,29,84,46,44,11
S01009705,364,4,30,76,61,132,61,196,2,8,12,30,92,52,168,2,22,64,31,40,9
S01009706,286,9,23,55,52,93,54,156,4,4,16,21,71,40,130,5,19,39,31,22,14
S01009707,255,3,12,40,47,110,43,125,1,3,8,19,60,34,130,2,9,32,28,50,9
S01009708,264,2,20,59,48,85,50,140,0,4,15,24,53,44,124,2,16,44,24,32,6
S01009709,368,2,24,86,58,133,65,199,1,6,11,26,100,55,169,1,18,75,32,33,10
S01009710,282,5,24,66,36,100,51,154,0,4,16,14,71,49,128,5,20,50,22,29,2
S01009711,346,2,20,77,58,127,62,182,0,5,18,27,80,52,164,2,15,59,31,47,10
S01009712,267,5,16,64,49,90,43,145,1,3,15,28,65,33,122,4,13,49,21,25,10
S01009713,361,3,29,86,47,139,57,183,0,5,25,18,90,45,178,3,24,61,29,49,12
S01009714,384,9,22,82,70,133,68,213,4,5,27,31,87,59,171,5,17,55,39,46,9
S01009715,320,7,16,51,43,116,87,185,3,5,18,15,76,68,135,4,11,33,28,40,19
S01009716,283,6,19,61,57,99,41,148,3,5,19,26,67,28,135,3,14,42,31,32,13
S01009717,305,15,56,75,43,95,21,135,4,16,13,16,72,14,170,11,40,62,27,23,7
S01009718,319,5,28,88,63,101,34,158,3,9,20,31,71,24,161,2,19,68,32,30,10
S01009719,345,4,29,89,79,118,26,168,3,11,23,35,79,17,177,1,18,66,44,39,9
S01009720,341,10,26,82,62,127,34,177,3,7,21,31,89,26,164,7,19,61,31,38,8
S01009721,154,16,43,34,14,37,10,74,7,18,9,6,26,8,80,9,25,25,8,11,2
S01009722,269,26,72,60,20,62,29,129,13,26,24,11,33,22,140,13,46,36,9,29,7
S01009723,197,25,55,41,14,40,22,82,9,18,12,8,17,18,115,16,37,29,6,23,4
S01009724,360,13,57,84,44,124,38,181,4,30,22,20,77,28,179,9,27,62,24,47,10
S01009725,206,15,81,42,6,45,17,92,5,31,13,3,27,13,114,10,50,29,3,18,4
S01009726,220,28,63,44,15,32,38,98,11,20,14,7,24,22,122,17,43,30,8,8,16
S01009727,375,5,33,82,58,118,79,202,2,13,25,23,78,61,173,3,20,57,35,40,18
S01009728,353,4,27,70,55,139,58,188,1,8,23,24,87,45,165,3,19,47,31,52,13
S01009729,264,5,15,48,61,94,41,142,4,6,13,26,61,32,122,1,9,35,35,33,9
S01009730,256,3,23,62,50,80,38,134,1,10,18,25,53,27,122,2,13,44,25,27,11
S01009731,184,6,15,40,34,56,33,94,2,2,10,19,37,24,90,4,13,30,15,19,9
S01009732,259,21,51,45,29,69,44,126,5,14,19,8,47,33,133,16,37,26,21,22,11
S01009733,251,1,28,54,46,75,47,128,0,7,15,20,49,37,123,1,21,39,26,26,10
S01009734,441,8,32,82,76,159,84,224,4,10,19,20,107,64,217,4,22,63,56,52,20
S01009735,305,13,54,42,39,81,76,156,5,18,9,14,53,57,149,8,36,33,25,28,19
S01009736,303,43,122,50,23,41,24,125,17,42,17,12,21,16,178,26,80,33,11,20,8
S01009737,419,5,24,70,74,208,38,226,1,6,11,26,148,34,193,4,18,59,48,60,4
S01009738,248,1,13,45,56,108,25,130,1,3,14,23,69,20,118,0,10,31,33,39,5
S01009739,431,4,15,73,76,205,58,236,1,6,9,26,144,50,195,3,9,64,50,61,8
S01009740,249,3,16,49,60,89,32,125,1,0,11,25,61,27,124,2,16,38,35,28,5
S01009741,578,5,10,39,34,384,106,444,2,5,6,12,327,92,134,3,5,33,22,57,14
S01009742,249,1,9,44,52,91,52,138,1,1,10,26,56,44,111,0,8,34,26,35,8
S01009743,447,6,29,92,89,165,66,235,3,7,22,37,112,54,212,3,22,70,52,53,12
S01009744,345,4,22,71,56,130,62,174,0,4,19,24,77,50,171,4,18,52,32,53,12
S01009745,548,11,47,108,126,198,58,268,3,12,17,55,131,50,280,8,35,91,71,67,8
S01009746,291,2,23,54,51,104,57,154,2,6,20,21,62,43,137,0,17,34,30,42,14
S01009747,338,1,13,69,74,142,39,166,0,4,13,31,89,29,172,1,9,56,43,53,10
S01009748,346,3,17,86,80,117,43,170,1,9,13,36,78,33,176,2,8,73,44,39,10
S01009749,477,9,14,119,100,169,66,245,1,4,34,52,111,43,232,8,10,85,48,58,23
S01009750,330,3,16,75,74,129,33,169,2,4,22,33,87,21,161,1,12,53,41,42,12
S01009751,421,2,25,94,115,151,34,213,2,9,16,55,103,28,208,0,16,78,60,48,6
S01009752,297,2,30,55,58,109,43,147,0,12,12,26,70,27,150,2,18,43,32,39,16
S01009753,295,4,15,62,50,104,60,149,2,3,17,21,66,40,146,2,12,45,29,38,20
S01009754,372,6,18,65,86,153,44,188,4,5,12,35,98,34,184,2,13,53,51,55,10
S01009755,333,1,22,62,72,115,61,176,0,13,13,33,70,47,157,1,9,49,39,45,14
S01009756,359,4,15,71,80,135,54,172,1,2,13,31,84,41,187,3,13,58,49,51,13
S01009757,311,3,14,65,68,108,53,153,1,4,18,26,64,40,158,2,10,47,42,44,13
S01009758,332,3,18,56,97,130,28,160,1,6,11,42,77,23,172,2,12,45,55,53,5
S01009759,323,2,27,103,52,127,12,146,1,7,25,20,81,12,177,1,20,78,32,46,0
S01009760,318,9,18,95,63,110,23,150,4,8,16,33,71,18,168,5,10,79,30,39,5
S01009761,464,2,18,103,131,172,38,231,2,7,22,60,114,26,233,0,11,81,71,58,12
S01009762,350,2,19,101,84,138,6,167,1,10,22,29,103,2,183,1,9,79,55,35,4
S01009763,417,2,31,86,72,175,51,220,1,14,18,39,106,42,197,1,17,68,33,69,9
S01009764,276,1,12,80,68,100,15,122,0,3,16,32,57,14,154,1,9,64,36,43,1
S01009765,442,1,20,111,113,166,31,229,1,4,35,56,103,30,213,0,16,76,57,63,1
S01009766,338,4,22,69,95,126,22,173,1,9,18,40,88,17,165,3,13,51,55,38,5
S01009767,198,2,5,51,59,65,16,95,1,2,14,21,44,13,103,1,3,37,38,21,3
S01009768,294,2,17,83,64,106,22,140,1,3,16,32,70,18,154,1,14,67,32,36,4
S01009769,374,1,12,73,96,153,39,175,0,2,16,33,91,33,199,1,10,57,63,62,6
S01009770,353,2,17,98,75,123,38,186,0,5,33,33,83,32,167,2,12,65,42,40,6
S01009771,441,5,25,85,104,182,40,229,3,8,24,42,120,32,212,2,17,61,62,62,8
S01009772,354,4,14,68,100,141,27,172,0,8,11,43,87,23,182,4,6,57,57,54,4
S01009773,280,6,12,71,45,107,39,160,2,4,25,22,72,35,120,4,8,46,23,35,4
S01009774,264,2,22,55,61,92,32,140,1,2,21,27,63,26,124,1,20,34,34,29,6
S01009775,276,0,18,92,61,95,10,136,0,7,21,29,73,6,140,0,11,71,32,22,4
S01009776,206,2,10,77,51,60,6,80,1,1,12,17,44,5,126,1,9,65,34,16,1
S01009777,219,2,11,42,55,94,15,114,2,5,8,27,61,11,105,0,6,34,28,33,4
S01009778,248,0,18,62,63,93,12,119,0,5,13,29,62,10,129,0,13,49,34,31,2
S01009779,169,1,6,60,39,54,9,77,1,1,10,22,36,7,92,0,5,50,17,18,2
S01009780,203,3,8,85,47,51,9,87,1,3,18,22,36,7,116,2,5,67,25,15,2
S01009781,199,1,15,61,59,54,9,96,1,3,13,32,38,9,103,0,12,48,27,16,0
S01009782,262,1,10,56,66,107,22,141,0,3,18,29,73,18,121,1,7,38,37,34,4
S01009783,306,3,14,96,67,107,19,136,0,3,24,27,66,16,170,3,11,72,40,41,3
S01009784,251,1,16,78,67,77,12,114,0,6,16,34,47,11,137,1,10,62,33,30,1
S01009785,286,2,14,83,73,106,8,124,0,7,18,33,61,5,162,2,7,65,40,45,3
S01009786,317,2,18,102,81,100,14,145,1,11,21,35,66,11,172,1,7,81,46,34,3
S01009787,308,0,19,100,77,90,22,144,0,4,24,36,62,18,164,0,15,76,41,28,4
S01009788,334,2,23,80,101,102,26,164,0,7,16,48,73,20,170,2,16,64,53,29,6
S01009789,346,2,16,97,82,133,16,161,1,6,21,37,83,13,185,1,10,76,45,50,3
S01009790,285,4,9,75,74,110,13,138,2,3,16,31,77,9,147,2,6,59,43,33,4
S01009791,228,0,14,67,61,71,15,107,0,3,16,30,46,12,121,0,11,51,31,25,3
S01009792,527,7,29,90,130,217,54,279,2,9,24,69,135,40,248,5,20,66,61,82,14
S01009793,440,4,15,99,120,168,34,218,2,4,34,46,108,24,222,2,11,65,74,60,10
S01009794,338,5,6,64,96,134,33,164,3,2,12,34,90,23,174,2,4,52,62,44,10
S01009795,497,3,25,109,112,194,54,247,2,10,26,48,117,44,250,1,15,83,64,77,10
S01009796,399,4,22,84,101,140,48,208,1,9,19,45,94,40,191,3,13,65,56,46,8
S01009797,429,0,23,89,132,152,33,218,0,4,23,66,103,22,211,0,19,66,66,49,11
S01009798,421,6,26,82,97,176,34,206,4,5,13,43,112,29,215,2,21,69,54,64,5
S01009799,292,2,13,101,60,102,14,136,1,3,24,26,73,9,156,1,10,77,34,29,5
S01009800,465,3,25,134,107,160,36,211,2,6,23,44,105,31,254,1,19,111,63,55,5
S01009801,320,2,20,95,72,106,25,161,0,7,26,27,78,23,159,2,13,69,45,28,2
S01009802,450,1,21,109,117,181,21,213,0,5,24,49,119,16,237,1,16,85,68,62,5
S01009803,284,0,9,67,87,104,17,120,0,2,14,36,59,9,164,0,7,53,51,45,8
S01009804,269,2,8,50,56,121,32,132,0,3,14,22,69,24,137,2,5,36,34,52,8
S01009805,364,1,9,98,99,135,22,170,0,3,19,49,83,16,194,1,6,79,50,52,6
S01009806,356,2,17,92,91,131,23,166,0,7,27,25,87,20,190,2,10,65,66,44,3
S01009807,430,0,25,120,95,159,31,209,0,6,39,41,98,25,221,0,19,81,54,61,6
S01009808,314,1,16,94,72,117,14,154,0,5,30,31,80,8,160,1,11,64,41,37,6
S01009809,339,1,23,78,97,120,20,172,0,10,19,43,81,19,167,1,13,59,54,39,1
S01009810,293,2,13,75,85,94,24,132,1,5,24,34,50,18,161,1,8,51,51,44,6
S01009811,404,0,17,86,118,155,28,198,0,5,18,57,96,22,206,0,12,68,61,59,6
S01009812,293,0,16,54,88,113,22,152,0,3,15,40,77,17,141,0,13,39,48,36,5
S01009813,220,2,21,75,47,62,13,99,2,9,22,18,36,12,121,0,12,53,29,26,1
S01009814,360,1,20,72,107,135,25,190,0,7,27,49,87,20,170,1,13,45,58,48,5
S01009815,362,0,13,90,95,138,26,171,0,5,21,39,85,21,191,0,8,69,56,53,5
S01009816,393,1,19,87,113,152,21,184,1,4,15,50,97,17,209,0,15,72,63,55,4
S01009817,288,1,11,66,89,100,21,139,1,2,12,42,65,17,149,0,9,54,47,35,4
S01009818,407,5,30,76,95,160,41,201,3,7,21,45,96,29,206,2,23,55,50,64,12
S01009819,250,2,13,53,58,100,24,117,0,4,13,27,55,18,133,2,9,40,31,45,6
S01009820,428,2,18,85,129,165,29,217,1,6,23,52,113,22,211,1,12,62,77,52,7
S01009821,322,4,16,68,86,125,23,161,1,6,18,39,82,15,161,3,10,50,47,43,8
S01009822,208,1,4,37,68,85,13,105,0,1,8,35,53,8,103,1,3,29,33,32,5
S01009823,258,0,13,69,58,103,15,113,0,3,12,17,67,14,145,0,10,57,41,36,1
S01009824,366,3,15,71,88,159,30,181,2,3,8,39,105,24,185,1,12,63,49,54,6
S01009825,415,1,25,85,105,174,25,192,0,7,19,44,102,20,223,1,18,66,61,72,5
S01009826,215,0,13,47,55,84,16,100,0,4,8,21,55,12,115,0,9,39,34,29,4
S01009827,332,2,16,77,92,118,27,156,2,3,19,37,75,20,176,0,13,58,55,43,7
S01009828,241,1,17,57,48,101,17,108,1,10,9,18,60,10,133,0,7,48,30,41,7
S01009829,444,1,9,97,136,170,31,216,0,4,21,60,104,27,228,1,5,76,76,66,4
S01009830,362,3,14,76,99,148,22,177,1,2,15,42,98,19,185,2,12,61,57,50,3
S01009831,409,0,21,104,111,150,23,192,0,8,24,42,101,17,217,0,13,80,69,49,6
S01009832,468,3,24,108,121,187,25,220,1,5,30,59,104,21,248,2,19,78,62,83,4
S01009833,298,2,7,54,85,129,21,140,1,1,8,31,83,16,158,1,6,46,54,46,5
S01009834,395,2,13,102,111,138,29,167,0,2,15,42,82,26,228,2,11,87,69,56,3
S01009835,212,4,15,60,45,75,13,91,1,5,12,17,44,12,121,3,10,48,28,31,1
S01009836,451,1,14,93,130,186,27,231,0,3,24,65,116,23,220,1,11,69,65,70,4
S01009837,275,3,10,55,90,101,16,128,2,2,9,37,65,13,147,1,8,46,53,36,3
S01009838,319,0,17,60,94,128,20,146,0,5,10,43,72,16,173,0,12,50,51,56,4
S01009839,419,0,18,99,119,149,34,185,0,5,26,49,82,23,234,0,13,73,70,67,11
S01009840,386,0,30,94,109,131,22,184,0,10,21,52,84,17,202,0,20,73,57,47,5
S01009841,340,4,19,78,81,132,26,174,1,5,25,35,87,21,166,3,14,53,46,45,5
S01009842,257,1,23,58,51,110,14,122,1,5,18,17,69,12,135,0,18,40,34,41,2
S01009843,187,1,10,42,57,69,8,92,0,2,8,28,46,8,95,1,8,34,29,23,0
S01009844,184,0,9,35,46,73,21,106,0,2,18,21,50,15,78,0,7,17,25,23,6
S01009845,311,1,19,67,57,150,17,175,0,9,22,33,98,13,136,1,10,45,24,52,4
S01009846,362,0,19,108,72,140,23,176,0,7,29,33,91,16,186,0,12,79,39,49,7
S01009847,272,1,8,65,70,107,21,118,1,2,12,32,55,16,154,0,6,53,38,52,5
S01009848,345,1,19,93,88,127,17,160,1,6,12,42,83,16,185,0,13,81,46,44,1
S01009849,298,0,12,52,95,117,22,146,0,1,11,52,63,19,152,0,11,41,43,54,3
S01009850,393,4,19,69,101,172,28,209,2,7,20,41,118,21,184,2,12,49,60,54,7
S01009851,337,0,17,81,93,114,32,155,0,4,15,43,74,19,182,0,13,66,50,40,13
S01009852,237,0,12,46,52,104,23,116,0,5,11,21,62,17,121,0,7,35,31,42,6
S01009853,336,4,19,69,99,120,25,159,2,4,13,43,79,18,177,2,15,56,56,41,7
S01009854,386,2,23,90,89,161,21,170,0,4,19,34,95,18,216,2,19,71,55,66,3
S01009855,285,3,20,63,73,103,23,144,1,10,15,33,66,19,141,2,10,48,40,37,4
S01009856,244,3,14,60,55,92,20,111,2,2,13,21,60,13,133,1,12,47,34,32,7
S01009857,380,3,20,85,111,134,27,194,0,8,13,61,91,21,186,3,12,72,50,43,6
S01009858,341,3,15,67,102,130,24,160,0,5,14,37,85,19,181,3,10,53,65,45,5
S01009859,334,3,18,81,102,113,17,160,2,2,21,51,70,14,174,1,16,60,51,43,3
S01009860,282,1,22,74,64,99,22,129,0,5,28,27,52,17,153,1,17,46,37,47,5
S01009861,378,1,23,79,96,146,33,196,0,7,32,46,85,26,182,1,16,47,50,61,7
S01009862,452,2,19,88,139,174,30,229,0,7,31,52,113,26,223,2,12,57,87,61,4
S01009863,370,3,15,66,113,149,24,212,1,8,33,56,97,17,158,2,7,33,57,52,7
S01009864,278,3,17,48,62,124,24,164,3,5,30,28,80,18,114,0,12,18,34,44,6
S01009865,226,2,10,48,64,80,22,125,1,2,19,29,58,16,101,1,8,29,35,22,6
S01009866,460,2,19,77,123,202,37,231,0,5,17,50,126,33,229,2,14,60,73,76,4
S01009867,651,6,29,82,131,326,77,372,3,14,36,65,195,59,279,3,15,46,66,131,18
S01009868,380,1,9,66,99,171,34,220,0,1,28,48,116,27,160,1,8,38,51,55,7
S01009869,294,5,14,55,68,130,22,176,2,7,19,35,93,20,118,3,7,36,33,37,2
S01009870,268,0,23,59,53,115,18,169,0,13,26,36,80,14,99,0,10,33,17,35,4
S01009871,361,3,28,75,84,126,45,188,1,10,29,38,79,31,173,2,18,46,46,47,14
S01009872,359,2,11,66,110,133,37,211,1,4,38,56,86,26,148,1,7,28,54,47,11
S01009873,389,4,16,73,98,147,51,211,3,8,18,53,87,42,178,1,8,55,45,60,9
S01009874,440,6,27,113,88,151,55,225,2,11,30,40,99,43,215,4,16,83,48,52,12
S01009875,234,2,12,62,39,101,18,142,0,5,35,21,66,15,92,2,7,27,18,35,3
S01009876,216,1,17,80,37,68,13,110,1,10,24,17,47,11,106,0,7,56,20,21,2
S01009877,411,4,25,65,79,172,66,221,1,4,26,41,101,48,190,3,21,39,38,71,18
S01009878,258,1,25,58,52,84,38,177,0,12,40,30,63,32,81,1,13,18,22,21,6
S01009879,434,8,26,74,51,181,94,231,3,8,32,12,112,64,203,5,18,42,39,69,30
S01009880,309,2,30,62,87,82,46,183,1,11,32,45,52,42,126,1,19,30,42,30,4
S01009881,222,1,19,63,38,80,21,149,0,11,43,16,61,18,73,1,8,20,22,19,3
S01009882,691,6,43,116,146,315,65,403,5,23,69,71,188,47,288,1,20,47,75,127,18
S01009883,316,7,29,84,59,114,23,204,6,15,56,31,79,17,112,1,14,28,28,35,6
S01009884,380,2,22,82,86,145,43,226,1,11,44,50,91,29,154,1,11,38,36,54,14
S01009885,326,5,12,92,61,125,31,193,2,5,48,32,80,26,133,3,7,44,29,45,5
S01009886,291,5,16,98,55,79,38,179,3,8,55,30,53,30,112,2,8,43,25,26,8
S01009887,384,3,12,114,90,138,27,228,3,4,68,45,90,18,156,0,8,46,45,48,9
S01009888,279,2,21,76,43,108,29,181,0,11,49,24,75,22,98,2,10,27,19,33,7
S01009889,333,3,19,75,71,138,27,203,0,13,43,41,84,22,130,3,6,32,30,54,5
S01009890,207,2,20,53,48,73,11,123,2,12,22,27,50,10,84,0,8,31,21,23,1
S01009891,327,1,19,54,88,145,20,179,0,9,23,48,85,14,148,1,10,31,40,60,6
S01009892,332,5,13,60,107,130,17,179,3,3,26,50,81,16,153,2,10,34,57,49,1
S01009893,396,1,16,86,101,164,28,243,0,6,51,60,106,20,153,1,10,35,41,58,8
S01009894,302,2,24,75,64,119,18,174,1,11,28,35,82,17,128,1,13,47,29,37,1
S01009895,287,1,23,62,67,106,28,158,0,8,27,26,72,25,129,1,15,35,41,34,3
S01009896,328,2,13,91,72,122,28,184,0,4,43,33,81,23,144,2,9,48,39,41,5
S01009897,408,4,22,76,106,162,38,208,2,5,33,38,102,28,200,2,17,43,68,60,10
S01009898,195,6,12,54,40,75,8,112,2,7,23,23,50,7,83,4,5,31,17,25,1
S01009899,457,3,20,69,115,218,32,230,0,7,23,53,125,22,227,3,13,46,62,93,10
S01009900,600,3,11,79,166,277,64,266,0,3,19,69,141,34,334,3,8,60,97,136,30
S01009901,582,1,23,75,137,283,63,295,0,10,29,65,152,39,287,1,13,46,72,131,24
S01009902,337,6,17,77,67,138,32,181,4,6,27,32,92,20,156,2,11,50,35,46,12
S01009903,418,4,18,86,89,167,54,234,1,7,44,48,99,35,184,3,11,42,41,68,19
S01009904,469,1,19,57,123,218,51,231,0,4,22,65,112,28,238,1,15,35,58,106,23
S01009905,365,2,18,70,89,153,33,222,0,7,37,55,99,24,143,2,11,33,34,54,9
S01009906,370,1,18,63,86,168,34,202,0,6,34,47,97,18,168,1,12,29,39,71,16
S01009907,417,3,23,62,107,189,33,213,0,16,25,49,97,26,204,3,7,37,58,92,7
S01009908,632,8,26,124,130,266,78,340,4,12,51,68,151,54,292,4,14,73,62,115,24
S01009909,539,2,16,86,122,244,69,296,2,7,35,62,143,47,243,0,9,51,60,101,22
S01009910,347,0,18,61,95,139,34,189,0,8,27,43,88,23,158,0,10,34,52,51,11
S01009911,496,0,25,90,119,197,65,245,0,6,20,52,123,44,251,0,19,70,67,74,21
S01009912,420,9,25,73,84,130,99,227,7,9,23,42,82,64,193,2,16,50,42,48,35
S01009913,356,2,21,70,65,120,78,204,0,4,28,35,72,65,152,2,17,42,30,48,13
S01009914,487,9,30,94,86,174,94,268,6,17,32,44,98,71,219,3,13,62,42,76,23
S01009915,475,3,31,89,97,168,87,259,2,18,33,43,106,57,216,1,13,56,54,62,30
S01009916,390,0,25,85,74,137,69,225,0,9,35,32,94,55,165,0,16,50,42,43,14
S01009917,387,2,17,67,86,163,52,208,1,8,23,42,100,34,179,1,9,44,44,63,18
S01009918,354,4,21,66,98,115,50,175,2,4,21,39,73,36,179,2,17,45,59,42,14
S01009919,528,2,21,85,141,222,57,270,1,7,31,74,125,32,258,1,14,54,67,97,25
S01009920,596,3,12,64,172,272,73,291,1,4,26,78,131,51,305,2,8,38,94,141,22
S01009921,458,2,11,62,120,216,47,245,2,3,27,55,120,38,213,0,8,35,65,96,9
S01009922,705,6,25,80,170,343,81,357,1,10,27,90,184,45,348,5,15,53,80,159,36
S01009923,512,0,24,70,131,222,65,283,0,14,29,61,134,45,229,0,10,41,70,88,20
S01009924,619,3,26,84,155,286,65,317,3,9,42,73,148,42,302,0,17,42,82,138,23
S01009925,468,3,11,59,137,228,30,216,2,5,16,59,121,13,252,1,6,43,78,107,17
S01009926,430,5,11,65,109,194,46,229,2,3,26,55,113,30,201,3,8,39,54,81,16
S01009927,263,2,11,44,57,118,31,142,0,3,14,23,79,23,121,2,8,30,34,39,8
S01009928,524,2,15,69,113,244,81,263,1,3,15,45,142,57,261,1,12,54,68,102,24
S01009929,265,6,12,44,63,106,34,131,3,3,14,36,53,22,134,3,9,30,27,53,12
S01009930,559,1,28,71,148,252,59,283,0,8,31,68,136,40,276,1,20,40,80,116,19
S01009931,559,0,14,71,146,259,69,287,0,6,25,74,134,48,272,0,8,46,72,125,21
S01009932,435,2,14,60,107,192,60,220,0,5,20,45,111,39,215,2,9,40,62,81,21
S01009933,396,1,16,76,105,171,27,215,0,8,28,51,110,18,181,1,8,48,54,61,9
S01009934,508,3,24,97,144,197,43,246,1,3,30,59,127,26,262,2,21,67,85,70,17
S01009935,172,1,5,37,45,74,10,95,0,2,12,27,47,7,77,1,3,25,18,27,3
S01009936,299,0,16,50,83,116,34,174,0,7,17,49,73,28,125,0,9,33,34,43,6
S01009937,140,1,16,47,19,49,8,77,0,8,16,12,33,8,63,1,8,31,7,16,0
S01009938,315,1,18,72,70,123,31,171,0,8,22,30,83,28,144,1,10,50,40,40,3
S01009939,207,0,17,54,45,81,10,105,0,4,17,23,53,8,102,0,13,37,22,28,2
S01009940,263,2,13,77,66,95,10,124,2,3,11,32,66,10,139,0,10,66,34,29,0
S01009941,462,4,32,107,96,173,50,245,2,12,40,41,109,41,217,2,20,67,55,64,9
S01009942,368,3,18,88,97,133,29,177,1,4,16,42,91,23,191,2,14,72,55,42,6
S01009943,263,0,13,75,66,97,12,123,0,3,15,31,65,9,140,0,10,60,35,32,3
S01009944,341,3,15,79,99,125,20,168,1,6,25,42,78,16,173,2,9,54,57,47,4
S01009945,380,1,24,79,101,153,22,184,1,11,19,37,100,16,196,0,13,60,64,53,6
S01009946,339,3,18,86,80,130,22,175,2,3,31,34,89,16,164,1,15,55,46,41,6
S01009947,233,0,16,49,67,75,26,116,0,6,17,26,47,20,117,0,10,32,41,28,6
S01009948,273,0,13,72,70,103,15,132,0,7,18,30,66,11,141,0,6,54,40,37,4
S01009949,334,2,19,85,74,130,24,177,0,9,24,37,87,20,157,2,10,61,37,43,4
S01009950,365,5,24,71,63,145,57,197,3,9,20,27,91,47,168,2,15,51,36,54,10
S01009951,370,6,17,71,48,142,86,202,2,7,17,20,87,69,168,4,10,54,28,55,17
S01009952,351,1,23,67,76,140,44,180,1,7,19,35,84,34,171,0,16,48,41,56,10
S01009953,443,1,30,105,86,177,44,211,0,13,27,39,102,30,232,1,17,78,47,75,14
S01009954,292,3,23,61,73,93,39,159,1,10,23,33,63,29,133,2,13,38,40,30,10
S01009955,443,2,23,79,114,172,53,240,1,11,19,60,109,40,203,1,12,60,54,63,13
S01009956,315,3,14,73,81,109,35,155,0,5,17,35,71,27,160,3,9,56,46,38,8
S01009957,387,4,25,76,65,148,69,199,2,9,18,25,92,53,188,2,16,58,40,56,16
S01009958,521,6,18,109,131,194,63,257,2,6,23,66,120,40,264,4,12,86,65,74,23
S01009959,288,1,20,66,48,104,49,146,1,3,20,18,69,35,142,0,17,46,30,35,14
S01009960,400,4,27,63,91,167,48,205,3,11,9,47,100,35,195,1,16,54,44,67,13
S01009961,307,1,23,65,76,107,35,156,0,10,16,35,67,28,151,1,13,49,41,40,7
S01009962,573,3,18,87,174,236,55,299,2,6,32,79,139,41,274,1,12,55,95,97,14
S01009963,431,7,27,80,121,148,48,229,2,11,20,60,96,40,202,5,16,60,61,52,8
S01009964,488,2,28,93,123,189,53,258,0,7,32,65,112,42,230,2,21,61,58,77,11
S01009965,374,1,25,85,97,139,27,202,1,8,26,44,98,25,172,0,17,59,53,41,2
S01009966,404,3,31,93,98,148,31,202,0,10,16,41,107,28,202,3,21,77,57,41,3
S01009967,431,2,37,78,100,153,61,210,1,13,20,46,88,42,221,1,24,58,54,65,19
S01009968,324,1,19,63,100,109,32,171,1,7,13,53,70,27,153,0,12,50,47,39,5
S01009969,381,4,25,65,73,145,69,200,3,6,16,33,86,56,181,1,19,49,40,59,13
S01009970,296,2,16,89,71,105,13,133,0,4,15,34,71,9,163,2,12,74,37,34,4
S01009971,440,0,21,108,121,157,33,216,0,6,25,58,101,26,224,0,15,83,63,56,7
S01009972,368,5,10,73,90,138,52,187,1,2,14,41,87,42,181,4,8,59,49,51,10
S01009973,359,2,20,87,96,128,26,163,0,6,14,38,81,24,196,2,14,73,58,47,2
S01009974,193,0,12,61,48,65,7,76,0,3,3,22,43,5,117,0,9,58,26,22,2
S01009975,210,1,11,72,40,79,7,94,0,5,19,16,49,5,116,1,6,53,24,30,2
S01009976,183,0,10,47,56,58,12,82,0,0,11,22,42,7,101,0,10,36,34,16,5
S01009977,247,1,10,75,55,93,13,130,1,4,19,31,64,11,117,0,6,56,24,29,2
S01009978,362,3,17,104,69,153,16,160,0,2,17,26,101,14,202,3,15,87,43,52,2
S01009979,166,0,7,47,42,61,9,77,0,4,8,15,42,8,89,0,3,39,27,19,1
S01009980,172,0,8,59,49,50,6,80,0,6,10,24,37,3,92,0,2,49,25,13,3
S01009981,233,1,10,74,59,81,8,101,0,3,16,23,52,7,132,1,7,58,36,29,1
S01009982,429,4,17,128,98,139,43,200,1,8,33,40,85,33,229,3,9,95,58,54,10
S01009983,162,3,5,58,36,55,5,61,0,4,12,13,27,5,101,3,1,46,23,28,0
S01009984,333,1,15,77,74,150,16,162,0,4,14,26,103,15,171,1,11,63,48,47,1
S01009985,200,0,6,50,56,80,8,98,0,2,12,23,54,7,102,0,4,38,33,26,1
S01009986,152,0,9,43,42,50,8,65,0,2,10,13,33,7,87,0,7,33,29,17,1
S01009987,311,0,13,71,101,103,23,140,0,1,13,40,71,15,171,0,12,58,61,32,8
S01009988,149,2,9,43,44,46,5,63,1,2,14,16,26,4,86,1,7,29,28,20,1
S01009989,383,2,15,79,103,158,26,187,0,6,11,46,101,23,196,2,9,68,57,57,3
S01009990,364,1,13,86,103,143,18,164,1,4,16,38,90,15,200,0,9,70,65,53,3
S01009991,413,3,11,87,121,153,38,187,1,2,15,47,96,26,226,2,9,72,74,57,12
S01009992,217,2,9,63,65,70,8,90,1,2,13,29,40,5,127,1,7,50,36,30,3
S01009993,458,1,18,84,133,184,38,227,1,4,17,57,114,34,231,0,14,67,76,70,4
S01009994,356,1,18,76,111,118,32,173,0,2,14,47,80,30,183,1,16,62,64,38,2
S01009995,366,2,23,80,108,124,29,169,1,6,21,35,80,26,197,1,17,59,73,44,3
S01009996,355,1,15,92,96,128,23,160,1,3,16,46,76,18,195,0,12,76,50,52,5
S01009997,309,3,14,51,98,114,29,160,2,2,14,43,75,24,149,1,12,37,55,39,5
S01009998,266,1,20,48,72,83,42,141,1,7,9,35,61,28,125,0,13,39,37,22,14
S01009999,337,1,22,67,97,118,32,183,1,10,15,44,84,29,154,0,12,52,53,34,3
S01010000,325,1,16,59,100,136,13,163,1,4,18,41,89,10,162,0,12,41,59,47,3
S01010001,370,4,13,85,91,152,25,183,2,5,18,40,102,16,187,2,8,67,51,50,9
S01010002,399,3,20,107,106,143,20,187,2,7,34,35,91,18,212,1,13,73,71,52,2
S01010003,369,3,19,81,110,126,30,183,1,6,17,53,79,27,186,2,13,64,57,47,3
S01010004,351,1,25,73,94,115,43,172,0,5,18,45,75,29,179,1,20,55,49,40,14
S01010005,417,2,11,52,132,183,37,200,2,2,14,53,104,25,217,0,9,38,79,79,12
S01010006,515,4,17,54,162,232,46,245,1,1,17,69,127,30,270,3,16,37,93,105,16
S01010007,529,7,38,91,144,197,52,290,3,18,31,80,118,40,239,4,20,60,64,79,12
S01010008,385,0,7,51,96,189,42,184,0,1,13,45,96,29,201,0,6,38,51,93,13
S01010009,385,2,15,48,98,181,41,216,1,8,21,50,104,32,169,1,7,27,48,77,9
S01010010,539,5,29,110,132,191,72,272,1,4,32,64,113,58,267,4,25,78,68,78,14
S01010011,373,2,15,45,104,169,38,183,2,7,13,51,86,24,190,0,8,32,53,83,14
S01010012,402,7,29,85,90,151,40,185,3,5,14,33,99,31,217,4,24,71,57,52,9
S01010013,468,4,23,67,146,178,50,225,0,4,22,62,101,36,243,4,19,45,84,77,14
S01010014,567,3,24,83,156,242,59,307,0,10,26,84,147,40,260,3,14,57,72,95,19
S01010015,503,5,24,65,118,241,50,256,1,13,22,57,126,37,247,4,11,43,61,115,13
S01010016,295,2,10,75,71,121,16,152,1,2,16,31,89,13,143,1,8,59,40,32,3
S01010017,284,0,21,78,67,105,13,113,0,6,8,29,58,12,171,0,15,70,38,47,1
S01010018,388,3,11,94,114,141,25,192,0,6,19,51,98,18,196,3,5,75,63,43,7
S01010019,234,2,7,76,61,76,12,103,2,5,17,17,51,11,131,0,2,59,44,25,1
S01010020,321,2,17,80,79,121,22,151,0,7,16,28,82,18,170,2,10,64,51,39,4
S01010021,223,2,16,70,34,79,22,108,1,3,25,12,49,18,115,1,13,45,22,30,4
S01010022,347,2,12,79,87,137,30,188,1,4,26,36,96,25,159,1,8,53,51,41,5
S01010023,162,1,4,51,39,56,11,82,1,3,11,17,39,11,80,0,1,40,22,17,0
S01010024,312,6,19,77,68,120,22,157,2,9,23,30,77,16,155,4,10,54,38,43,6
S01010025,183,1,9,57,43,62,11,102,1,5,27,18,44,7,81,0,4,30,25,18,4
S01010026,412,3,17,71,105,167,49,217,1,4,15,60,103,34,195,2,13,56,45,64,15
S01010027,425,1,24,82,85,198,35,227,1,16,33,37,115,25,198,0,8,49,48,83,10
S01010028,242,0,10,57,59,91,25,114,0,5,11,26,56,16,128,0,5,46,33,35,9
S01010029,185,1,6,56,44,62,16,89,1,0,13,20,45,10,96,0,6,43,24,17,6
S01010030,454,1,20,71,102,218,42,246,1,9,26,53,129,28,208,0,11,45,49,89,14
S01010031,482,5,31,65,81,209,91,296,2,15,40,44,136,59,186,3,16,25,37,73,32
S01010032,394,8,35,61,82,172,36,258,4,26,39,48,116,25,136,4,9,22,34,56,11
S01010033,384,6,23,63,98,164,30,208,2,10,22,48,100,26,176,4,13,41,50,64,4
S01010034,367,3,25,76,83,143,37,216,1,14,30,46,97,28,151,2,11,46,37,46,9
S01010035,227,2,17,68,30,96,14,141,2,8,39,12,68,12,86,0,9,29,18,28,2
S01010036,492,8,69,125,89,173,28,305,2,29,75,58,117,24,187,6,40,50,31,56,4
S01010037,196,1,6,42,44,93,10,94,0,2,11,23,52,6,102,1,4,31,21,41,4
S01010038,397,2,25,83,98,153,36,198,0,10,18,49,96,25,199,2,15,65,49,57,11
S01010039,616,11,51,84,102,283,85,351,5,12,37,50,188,59,265,6,39,47,52,95,26
S01010040,434,1,29,64,109,168,63,246,0,18,22,59,102,45,188,1,11,42,50,66,18
S01010041,372,2,41,45,67,170,47,220,1,25,20,37,104,33,152,1,16,25,30,66,14
S01010042,627,4,41,100,119,313,50,337,3,12,38,61,190,33,290,1,29,62,58,123,17
S01010043,320,1,30,68,68,136,17,159,0,20,19,32,79,9,161,1,10,49,36,57,8
S01010044,522,2,30,100,130,222,38,257,1,13,31,52,135,25,265,1,17,69,78,87,13
S01010045,147,1,7,51,35,44,9,60,1,1,8,15,28,7,87,0,6,43,20,16,2
S01010046,301,0,18,72,62,123,26,150,0,7,23,28,72,20,151,0,11,49,34,51,6
S01010047,255,3,11,70,55,100,16,121,0,3,16,23,63,16,134,3,8,54,32,37,0
S01010048,323,1,14,67,85,139,17,156,0,5,14,41,84,12,167,1,9,53,44,55,5
S01010049,252,1,17,74,55,94,11,109,1,5,18,19,57,9,143,0,12,56,36,37,2
S01010050,302,2,14,81,66,121,18,150,2,10,12,30,84,12,152,0,4,69,36,37,6
S01010051,222,1,12,52,50,99,8,106,1,5,15,19,60,6,116,0,7,37,31,39,2
S01010052,247,0,7,55,59,107,19,146,0,2,25,29,76,14,101,0,5,30,30,31,5
S01010053,343,2,33,83,68,138,19,168,0,11,28,31,85,13,175,2,22,55,37,53,6
S01010054,148,0,7,44,35,58,4,60,0,1,10,14,31,4,88,0,6,34,21,27,0
S01010055,413,2,35,77,107,168,24,205,2,10,20,56,98,19,208,0,25,57,51,70,5
S01010056,170,2,10,41,45,67,5,78,1,4,8,17,43,5,92,1,6,33,28,24,0
S01010057,171,1,5,46,40,75,4,78,0,3,9,21,43,2,93,1,2,37,19,32,2
S01010058,313,4,12,83,73,127,14,157,1,5,24,33,82,12,156,3,7,59,40,45,2
S01010059,326,2,13,63,102,125,21,141,1,4,14,40,67,15,185,1,9,49,62,58,6
S01010060,385,0,9,79,122,150,25,198,0,4,24,52,101,17,187,0,5,55,70,49,8
S01010061,262,0,4,48,82,105,23,120,0,1,5,37,58,19,142,0,3,43,45,47,4
S01010062,272,7,9,74,67,94,21,135,3,3,15,31,64,19,137,4,6,59,36,30,2
S01010063,385,1,10,85,93,172,24,199,1,2,18,44,115,19,186,0,8,67,49,57,5
S01010064,231,0,9,50,60,102,10,104,0,3,3,22,67,9,127,0,6,47,38,35,1
S01010065,334,0,13,73,94,133,21,161,0,5,13,44,83,16,173,0,8,60,50,50,5
S01010066,246,6,12,76,57,88,7,112,0,2,19,23,62,6,134,6,10,57,34,26,1
S01010067,184,2,12,35,48,75,12,90,0,4,10,21,46,9,94,2,8,25,27,29,3
S01010068,284,1,9,63,71,110,30,165,1,4,24,33,78,25,119,0,5,39,38,32,5
S01010069,489,5,25,87,129,206,37,243,1,8,10,56,135,33,246,4,17,77,73,71,4
S01010070,416,5,30,91,99,159,32,207,2,9,21,35,112,28,209,3,21,70,64,47,4
S01010071,365,1,10,76,93,146,39,196,0,5,17,33,106,35,169,1,5,59,60,40,4
S01010072,387,1,25,84,90,162,25,196,1,4,18,38,114,21,191,0,21,66,52,48,4
S01010073,371,1,18,80,104,145,23,189,1,4,15,47,102,20,182,0,14,65,57,43,3
S01010074,360,1,25,69,88,140,37,197,1,11,18,40,100,27,163,0,14,51,48,40,10
S01010075,227,2,7,54,52,96,16,116,1,3,15,19,63,15,111,1,4,39,33,33,1
S01010076,300,1,12,56,69,140,22,153,1,3,10,30,92,17,147,0,9,46,39,48,5
S01010077,237,0,11,41,60,110,15,107,0,3,4,20,68,12,130,0,8,37,40,42,3
S01010078,343,2,20,80,87,132,22,184,0,6,21,47,91,19,159,2,14,59,40,41,3
S01010079,479,4,28,100,90,174,83,249,3,9,18,41,112,66,230,1,19,82,49,62,17
S01010080,307,1,17,62,65,128,34,168,0,5,18,31,86,28,139,1,12,44,34,42,6
S01010081,332,3,23,71,65,121,49,178,1,14,18,28,84,33,154,2,9,53,37,37,16
S01010082,431,1,16,66,105,168,75,211,0,4,14,37,99,57,220,1,12,52,68,69,18
S01010083,268,0,15,59,64,111,19,141,0,2,14,24,84,17,127,0,13,45,40,27,2
S01010084,350,4,15,79,93,133,26,172,1,5,18,40,86,22,178,3,10,61,53,47,4
S01010085,386,7,24,66,87,163,39,211,4,12,14,35,113,33,175,3,12,52,52,50,6
S01010086,339,1,14,79,84,139,22,165,1,7,13,34,92,18,174,0,7,66,50,47,4
S01010087,271,3,17,58,71,93,29,138,2,3,11,36,62,24,133,1,14,47,35,31,5
S01010088,505,2,25,85,114,197,82,257,2,9,21,46,121,58,248,0,16,64,68,76,24
S01010089,303,1,14,70,86,106,26,155,1,4,17,34,78,21,148,0,10,53,52,28,5
S01010090,584,5,38,117,156,210,58,284,3,11,26,65,137,42,300,2,27,91,91,73,16
S01010091,485,4,17,95,104,214,51,240,1,5,22,37,133,42,245,3,12,73,67,81,9
S01010092,312,1,17,74,73,128,19,151,1,4,19,27,85,15,161,0,13,55,46,43,4
S01010093,432,5,28,98,112,163,26,205,1,7,22,46,108,21,227,4,21,76,66,55,5
S01010094,340,2,24,77,83,134,20,165,1,6,11,44,86,17,175,1,18,66,39,48,3
S01010095,371,2,21,88,107,130,23,192,1,11,20,53,87,20,179,1,10,68,54,43,3
S01010096,391,2,34,83,87,152,33,186,2,8,13,32,105,26,205,0,26,70,55,47,7
S01010097,351,6,22,82,85,120,36,174,1,9,20,35,76,33,177,5,13,62,50,44,3
S01010098,368,5,22,79,109,124,29,191,3,10,21,45,89,23,177,2,12,58,64,35,6
S01010099,342,10,22,64,82,152,12,167,6,6,11,41,96,7,175,4,16,53,41,56,5
S01010100,421,4,20,87,87,184,39,210,0,5,19,31,120,35,211,4,15,68,56,64,4
S01010101,376,4,10,67,115,146,34,187,2,3,16,48,91,27,189,2,7,51,67,55,7
S01010102,559,4,30,115,135,213,62,268,0,9,22,54,135,48,291,4,21,93,81,78,14
S01010103,594,5,25,128,139,238,59,295,1,10,25,52,161,46,299,4,15,103,87,77,13
S01010104,434,8,17,83,114,172,40,223,3,6,11,53,117,33,211,5,11,72,61,55,7
S01010105,168,0,7,48,29,76,8,84,0,2,13,9,52,8,84,0,5,35,20,24,0
S01010106,150,0,10,31,29,76,4,71,0,2,7,10,48,4,79,0,8,24,19,28,0
S01010107,326,4,11,89,64,137,21,159,0,2,25,26,91,15,167,4,9,64,38,46,6
S01010108,331,0,18,69,80,139,25,157,0,6,9,28,93,21,174,0,12,60,52,46,4
S01010109,353,0,8,86,85,144,30,169,0,6,21,33,85,24,184,0,2,65,52,59,6
S01010110,264,2,17,87,58,84,16,115,1,5,17,25,56,11,149,1,12,70,33,28,5
S01010111,299,3,20,80,67,113,16,137,3,1,17,30,73,13,162,0,19,63,37,40,3
S01010112,311,2,15,108,64,112,10,138,1,5,21,25,77,9,173,1,10,87,39,35,1
S01010113,177,1,15,60,36,59,6,77,0,5,7,18,42,5,100,1,10,53,18,17,1
S01010114,225,1,8,79,50,75,12,106,1,1,20,21,52,11,119,0,7,59,29,23,1
S01010115,330,4,12,68,95,131,20,161,1,1,15,29,99,16,169,3,11,53,66,32,4
S01010116,572,5,31,98,138,264,36,280,2,10,14,54,169,31,292,3,21,84,84,95,5
S01010117,370,3,12,58,104,144,49,180,1,9,12,38,84,36,190,2,3,46,66,60,13
S01010118,171,0,9,64,28,57,13,75,0,4,15,11,37,8,96,0,5,49,17,20,5
S01010119,206,2,10,67,50,66,11,88,2,2,13,20,42,9,118,0,8,54,30,24,2
S01010120,317,1,19,89,68,123,17,149,0,8,22,29,73,17,168,1,11,67,39,50,0
S01010121,233,0,9,77,44,88,15,106,0,3,16,15,60,12,127,0,6,61,29,28,3
S01010122,119,1,4,34,25,53,2,65,1,0,9,12,42,1,54,0,4,25,13,11,1
S01010123,271,0,18,87,66,93,7,115,0,3,16,33,56,7,156,0,15,71,33,37,0
S01010124,330,0,14,65,98,142,11,151,0,4,15,31,94,7,179,0,10,50,67,48,4
S01010125,218,1,11,54,55,82,15,96,0,5,6,21,50,14,122,1,6,48,34,32,1
S01010126,359,2,15,75,95,137,35,175,1,1,7,43,95,28,184,1,14,68,52,42,7
S01010127,219,2,13,47,64,76,17,106,1,1,13,28,47,16,113,1,12,34,36,29,1
S01010128,137,0,4,50,35,46,2,56,0,2,7,16,30,1,81,0,2,43,19,16,1
S01010129,215,0,14,56,56,76,13,99,0,4,12,22,51,10,116,0,10,44,34,25,3
S01010130,134,0,3,35,41,51,4,59,0,1,4,18,33,3,75,0,2,31,23,18,1
S01010131,479,6,33,102,117,178,43,249,4,9,28,51,119,38,230,2,24,74,66,59,5
S01010132,294,1,18,81,72,103,19,134,1,8,15,29,66,15,160,0,10,66,43,37,4
S01010133,230,2,7,68,60,83,10,106,0,2,18,26,53,7,124,2,5,50,34,30,3
S01010134,376,2,21,89,102,143,19,181,1,6,20,49,89,16,195,1,15,69,53,54,3
S01010135,260,0,13,59,71,95,22,128,0,3,12,27,68,18,132,0,10,47,44,27,4
S01010136,367,0,17,82,89,151,28,185,0,4,20,42,96,23,182,0,13,62,47,55,5
S01010137,352,1,16,72,97,148,18,165,1,4,10,44,91,15,187,0,12,62,53,57,3
S01010138,254,0,14,63,59,102,16,137,0,3,15,26,80,13,117,0,11,48,33,22,3
S01010139,403,5,17,94,99,158,30,199,0,7,22,43,103,24,204,5,10,72,56,55,6
S01010140,407,2,11,61,133,172,28,204,2,1,10,53,117,21,203,0,10,51,80,55,7
S01010141,284,3,13,71,64,114,19,130,1,3,14,31,68,13,154,2,10,57,33,46,6
S01010142,257,3,7,52,68,105,22,119,0,2,8,26,66,17,138,3,5,44,42,39,5
S01010143,270,1,11,72,71,107,8,132,1,3,12,32,77,7,138,0,8,60,39,30,1
S01010144,330,1,6,72,74,155,22,169,0,0,15,40,100,14,161,1,6,57,34,55,8
S01010145,336,1,10,72,87,141,25,169,1,3,10,35,98,22,167,0,7,62,52,43,3
S01010146,304,2,14,64,75,134,15,146,1,2,11,30,90,12,158,1,12,53,45,44,3
S01010147,312,6,15,87,72,120,12,123,0,2,13,32,67,9,189,6,13,74,40,53,3
S01010148,249,1,17,69,55,87,20,110,1,3,11,19,62,14,139,0,14,58,36,25,6
S01010149,281,1,7,49,75,127,22,133,1,0,8,28,78,18,148,0,7,41,47,49,4
S01010150,200,1,13,48,44,82,12,103,1,5,11,21,57,8,97,0,8,37,23,25,4
S01010151,176,1,6,45,38,78,8,79,0,2,12,8,50,7,97,1,4,33,30,28,1
S01010152,338,2,21,62,101,127,25,163,0,7,12,35,90,19,175,2,14,50,66,37,6
S01010153,343,0,22,70,84,145,22,171,0,7,11,33,101,19,172,0,15,59,51,44,3
S01010154,284,3,9,65,84,108,15,131,0,3,10,34,71,13,153,3,6,55,50,37,2
S01010155,267,3,17,65,60,96,26,124,0,5,18,25,60,16,143,3,12,47,35,36,10
S01010156,186,0,9,51,47,66,13,98,0,4,17,24,41,12,88,0,5,34,23,25,1
S01010157,161,1,12,60,39,44,5,69,1,2,14,15,33,4,92,0,10,46,24,11,1
S01010158,343,1,14,66,93,153,16,161,1,3,16,33,98,10,182,0,11,50,60,55,6
S01010159,256,0,14,56,68,99,19,121,0,6,13,24,65,13,135,0,8,43,44,34,6
S01010160,204,2,13,49,42,87,11,111,1,4,21,22,55,8,93,1,9,28,20,32,3
S01010161,296,3,14,72,67,120,20,135,1,4,15,24,76,15,161,2,10,57,43,44,5
S01010162,218,1,13,82,49,65,8,81,0,2,12,18,42,7,137,1,11,70,31,23,1
S01010163,189,2,11,51,40,79,6,91,0,2,18,11,56,4,98,2,9,33,29,23,2
S01010164,266,1,15,57,64,104,25,122,1,3,9,20,72,17,144,0,12,48,44,32,8
S01010165,201,1,12,61,41,77,9,99,1,6,14,15,55,8,102,0,6,47,26,22,1
S01010166,272,0,16,65,70,107,14,129,0,5,12,29,69,14,143,0,11,53,41,38,0
S01010167,247,1,10,63,73,90,10,122,0,2,17,28,66,9,125,1,8,46,45,24,1
S01010168,220,2,10,49,58,82,19,94,2,2,8,18,51,13,126,0,8,41,40,31,6
S01010169,341,4,22,80,84,133,18,173,3,7,20,38,90,15,168,1,15,60,46,43,3
S01010170,217,1,15,51,49,89,12,107,0,4,9,19,64,11,110,1,11,42,30,25,1
S01010171,289,4,12,85,56,122,10,128,1,3,14,19,81,10,161,3,9,71,37,41,0
S01010172,235,2,7,40,72,105,9,116,0,1,9,36,63,7,119,2,6,31,36,42,2
S01010173,301,1,17,71,78,108,26,152,1,4,25,34,65,23,149,0,13,46,44,43,3
S01010174,326,1,20,78,58,124,45,200,0,12,25,31,91,41,126,1,8,53,27,33,4
S01010175,186,1,12,42,48,67,16,93,1,3,6,20,50,13,93,0,9,36,28,17,3
S01010176,250,0,18,57,57,104,14,128,0,7,11,28,71,11,122,0,11,46,29,33,3
S01010177,228,1,12,74,52,79,10,96,0,3,13,21,51,8,132,1,9,61,31,28,2
S01010178,317,0,35,99,55,112,16,140,0,9,23,21,72,15,177,0,26,76,34,40,1
S01010179,286,1,17,72,69,116,11,138,0,2,15,28,83,10,148,1,15,57,41,33,1
S01010180,256,2,7,61,63,109,14,119,0,1,10,28,67,13,137,2,6,51,35,42,1
S01010181,193,1,10,49,51,73,9,92,0,1,15,19,48,9,101,1,9,34,32,25,0
S01010182,385,0,26,71,103,153,32,200,0,7,20,44,101,28,185,0,19,51,59,52,4
S01010183,152,0,8,40,46,53,5,62,0,0,11,18,30,3,90,0,8,29,28,23,2
S01010184,222,1,15,65,47,86,8,94,0,5,9,18,58,4,128,1,10,56,29,28,4
S01010185,217,1,15,72,49,72,8,89,0,4,12,15,51,7,128,1,11,60,34,21,1
S01010186,343,2,16,69,87,137,32,167,1,4,13,33,88,28,176,1,12,56,54,49,4
S01010187,388,0,21,67,106,168,26,187,0,9,10,36,117,15,201,0,12,57,70,51,11
S01010188,401,3,29,54,114,162,39,206,1,9,16,54,97,29,195,2,20,38,60,65,10
S01010189,582,5,16,118,141,239,63,295,2,7,25,56,153,52,287,3,9,93,85,86,11
S01010190,449,2,30,79,106,154,78,233,0,8,13,47,100,65,216,2,22,66,59,54,13
S01010191,395,3,13,74,113,155,37,196,1,3,20,43,98,31,199,2,10,54,70,57,6
S01010192,480,5,21,90,143,175,46,249,2,9,21,70,111,36,231,3,12,69,73,64,10
S01010193,406,1,17,82,114,152,40,205,0,8,12,50,100,35,201,1,9,70,64,52,5
S01010194,243,3,13,65,66,84,12,109,2,5,12,26,53,11,134,1,8,53,40,31,1
S01010195,208,0,15,43,61,75,14,103,0,4,8,28,49,14,105,0,11,35,33,26,0
S01010196,251,1,11,61,68,100,10,119,0,2,23,25,59,10,132,1,9,38,43,41,0
S01010197,264,0,16,82,69,83,14,114,0,4,17,30,53,10,150,0,12,65,39,30,4
S01010198,341,0,19,90,96,110,26,156,0,1,21,35,77,22,185,0,18,69,61,33,4
S01010199,182,2,10,62,39,61,8,76,0,2,7,15,45,7,106,2,8,55,24,16,1
S01010200,259,3,9,54,73,102,18,123,1,2,6,31,70,13,136,2,7,48,42,32,5
S01010201,290,0,7,79,85,105,14,147,0,2,16,36,80,13,143,0,5,63,49,25,1
S01010202,201,0,10,65,34,84,8,92,0,3,19,11,52,7,109,0,7,46,23,32,1
S01010203,370,3,13,62,106,147,39,183,1,1,8,46,96,31,187,2,12,54,60,51,8
S01010204,253,5,13,79,70,76,10,97,2,5,10,24,49,7,156,3,8,69,46,27,3
S01010205,287,5,7,63,78,121,13,126,3,1,20,34,58,10,161,2,6,43,44,63,3
S01010206,43,0,3,6,7,22,5,25,0,1,1,4,14,5,18,0,2,5,3,8,0
S01010207,134,0,14,49,23,42,6,68,0,6,15,12,31,4,66,0,8,34,11,11,2
S01010208,471,1,18,75,151,195,31,236,1,9,33,58,112,23,235,0,9,42,93,83,8
S01010209,357,1,13,80,85,145,33,177,1,4,18,42,91,21,180,0,9,62,43,54,12
S01010210,349,1,20,73,108,124,23,157,0,4,15,38,80,20,192,1,16,58,70,44,3
S01010211,262,2,17,60,79,93,11,116,2,2,7,35,61,9,146,0,15,53,44,32,2
S01010212,342,4,18,96,84,123,17,167,4,6,23,39,82,13,175,0,12,73,45,41,4
S01010213,353,6,12,57,142,124,12,175,2,5,10,60,88,10,178,4,7,47,82,36,2
S01010214,440,1,33,105,103,173,25,210,0,11,21,48,116,14,230,1,22,84,55,57,11
S01010215,247,0,14,69,81,71,12,106,0,2,19,27,47,11,141,0,12,50,54,24,1
S01010216,215,0,11,62,50,82,10,108,0,6,25,17,52,8,107,0,5,37,33,30,2
S01010217,279,2,13,61,82,98,23,150,1,6,19,39,69,16,129,1,7,42,43,29,7
S01010218,452,1,22,80,129,181,39,234,0,8,29,58,114,25,218,1,14,51,71,67,14
S01010219,172,4,14,63,33,52,6,97,1,12,28,17,33,6,75,3,2,35,16,19,0
S01010220,339,3,27,35,68,157,49,200,1,16,20,30,97,36,139,2,11,15,38,60,13
S01010221,158,0,9,48,53,41,7,75,0,6,17,21,28,3,83,0,3,31,32,13,4
S01010222,234,0,10,39,60,117,8,128,0,3,10,22,85,8,106,0,7,29,38,32,0
S01010223,224,2,8,45,71,90,8,119,1,0,18,32,62,6,105,1,8,27,39,28,2
S01010224,318,2,27,97,74,106,12,146,0,9,27,35,64,11,172,2,18,70,39,42,1
S01010225,328,3,18,73,91,132,11,171,2,10,23,42,83,11,157,1,8,50,49,49,0
S01010226,239,8,17,88,48,55,23,129,1,6,39,23,42,18,110,7,11,49,25,13,5
S01010227,169,4,13,36,40,64,12,105,2,3,22,23,46,9,64,2,10,14,17,18,3
S01010228,217,2,13,50,63,79,10,92,1,2,7,26,47,9,125,1,11,43,37,32,1
S01010229,437,0,18,114,122,146,37,205,0,2,23,56,99,25,232,0,16,91,66,47,12
S01010230,324,2,33,93,76,109,11,205,0,19,50,40,85,11,119,2,14,43,36,24,0
S01010231,368,2,18,99,112,126,11,170,0,12,29,44,77,8,198,2,6,70,68,49,3
S01010232,392,5,34,115,99,121,18,194,4,13,28,43,95,11,198,1,21,87,56,26,7
S01010233,289,2,25,91,55,102,14,153,0,13,30,29,71,10,136,2,12,61,26,31,4
S01010234,515,3,22,95,118,235,42,269,0,14,34,58,134,29,246,3,8,61,60,101,13
S01010235,550,7,56,62,108,267,50,281,5,26,23,49,143,35,269,2,30,39,59,124,15
S01010236,410,0,27,78,93,177,35,211,0,8,34,42,103,24,199,0,19,44,51,74,11
S01010237,382,2,25,58,92,163,42,214,1,10,30,50,96,27,168,1,15,28,42,67,15
S01010238,474,3,46,78,120,174,53,247,0,18,27,58,109,35,227,3,28,51,62,65,18
S01010239,314,1,18,75,95,113,12,167,1,9,30,42,78,7,147,0,9,45,53,35,5
S01010240,358,3,26,57,91,151,30,161,0,6,16,43,79,17,197,3,20,41,48,72,13
S01010241,500,2,25,96,142,199,36,244,2,7,34,74,108,19,256,0,18,62,68,91,17
S01010242,368,3,18,87,86,149,25,186,2,9,32,41,83,19,182,1,9,55,45,66,6
S01010243,448,2,28,95,111,185,27,222,2,13,33,50,102,22,226,0,15,62,61,83,5
S01010244,238,4,17,58,49,93,17,122,3,5,15,22,62,15,116,1,12,43,27,31,2
S01010245,267,1,22,81,56,92,15,110,0,5,13,22,59,11,157,1,17,68,34,33,4
S01010246,304,2,17,85,67,117,16,158,1,8,26,28,82,13,146,1,9,59,39,35,3
S01010247,365,4,25,72,76,160,28,182,1,5,9,37,109,21,183,3,20,63,39,51,7
S01010248,515,11,31,90,124,206,53,253,2,9,32,59,120,31,262,9,22,58,65,86,22
S01010249,392,4,37,72,80,158,41,209,2,15,31,35,96,30,183,2,22,41,45,62,11
S01010250,476,6,50,68,109,205,38,242,3,26,26,57,103,27,234,3,24,42,52,102,11
S01010251,401,3,27,75,100,158,38,213,2,12,28,50,88,33,188,1,15,47,50,70,5
S01010252,353,1,14,57,91,147,43,186,0,2,19,43,94,28,167,1,12,38,48,53,15
S01010253,209,0,14,45,41,97,12,99,0,4,5,19,62,9,110,0,10,40,22,35,3
S01010254,471,7,39,100,112,187,26,235,2,16,23,61,111,22,236,5,23,77,51,76,4
S01010255,231,1,23,59,52,78,18,105,1,8,13,22,46,15,126,0,15,46,30,32,3
S01010256,329,4,22,83,93,113,14,149,1,4,18,42,73,11,180,3,18,65,51,40,3
S01010257,321,5,32,56,62,127,39,165,4,11,15,39,68,28,156,1,21,41,23,59,11
S01010258,464,26,118,67,60,152,41,237,12,49,30,24,95,27,227,14,69,37,36,57,14
S01010259,332,19,82,89,51,76,15,165,8,40,29,22,53,13,167,11,42,60,29,23,2
S01010260,659,32,105,111,91,225,95,371,13,50,56,43,140,69,288,19,55,55,48,85,26
S01010261,620,48,224,192,50,92,14,254,8,78,71,27,58,12,366,40,146,121,23,34,2
S01010262,259,4,44,59,43,92,17,134,0,12,23,23,65,11,125,4,32,36,20,27,6
S01010263,441,9,53,40,99,182,58,268,2,34,19,58,117,38,173,7,19,21,41,65,20
S01010264,470,5,42,62,84,211,66,249,2,17,27,40,118,45,221,3,25,35,44,93,21
S01010265,588,12,66,64,103,262,81,304,6,24,25,52,148,49,284,6,42,39,51,114,32
S01010266,251,5,30,60,52,84,20,135,0,10,33,26,49,17,116,5,20,27,26,35,3
S01010267,333,10,62,63,51,112,35,192,4,26,23,35,78,26,141,6,36,40,16,34,9
S01010268,390,9,49,72,78,143,39,196,3,18,31,32,82,30,194,6,31,41,46,61,9
S01010269,245,2,23,50,46,98,26,149,2,11,26,25,66,19,96,0,12,24,21,32,7
S01010270,381,3,37,66,95,141,39,223,2,16,31,51,88,35,158,1,21,35,44,53,4
S01010271,330,11,48,71,66,100,34,149,2,8,22,38,57,22,181,9,40,49,28,43,12
S01010272,437,4,34,63,115,174,47,276,1,10,26,81,120,38,161,3,24,37,34,54,9
S01010273,438,8,59,42,81,205,43,260,5,19,17,43,144,32,178,3,40,25,38,61,11
S01010274,355,1,26,52,61,171,44,234,1,14,31,38,120,30,121,0,12,21,23,51,14
S01010275,395,10,55,64,71,134,61,216,4,24,22,39,86,41,179,6,31,42,32,48,20
S01010276,661,3,25,57,116,348,112,413,2,12,24,70,226,79,248,1,13,33,46,122,33
S01010277,233,4,26,56,52,82,13,115,1,8,18,29,50,9,118,3,18,38,23,32,4
S01010278,273,3,17,81,59,87,26,144,1,6,26,30,58,23,129,2,11,55,29,29,3
S01010279,277,3,29,67,48,90,40,158,2,18,24,29,55,30,119,1,11,43,19,35,10
S01010280,476,10,32,87,112,184,51,276,8,15,35,65,116,37,200,2,17,52,47,68,14
S01010281,465,4,41,72,97,214,37,256,1,14,29,49,137,26,209,3,27,43,48,77,11
S01010282,496,11,33,76,103,227,46,273,7,10,32,56,137,31,223,4,23,44,47,90,15
S01010283,356,7,20,56,70,161,42,225,4,10,24,43,113,31,131,3,10,32,27,48,11
S01010284,654,13,55,87,138,286,75,312,3,15,31,69,147,47,342,10,40,56,69,139,28
S01010285,414,9,57,83,78,150,37,203,2,22,38,35,79,27,211,7,35,45,43,71,10
S01010286,495,16,78,93,89,170,49,270,6,34,49,45,105,31,225,10,44,44,44,65,18
S01010287,456,16,48,91,87,164,50,229,8,17,39,43,89,33,227,8,31,52,44,75,17
S01010288,456,6,50,75,84,179,62,245,3,21,36,42,101,42,211,3,29,39,42,78,20
S01010289,501,7,18,52,73,214,137,294,3,11,23,43,123,91,207,4,7,29,30,91,46
S01010290,280,6,35,41,53,112,33,160,5,16,20,29,66,24,120,1,19,21,24,46,9
S01010291,432,18,56,90,72,154,42,225,6,22,40,37,93,27,207,12,34,50,35,61,15
S01010292,483,7,69,69,97,192,49,242,0,20,26,56,107,33,241,7,49,43,41,85,16
S01010293,397,14,61,89,76,135,22,207,7,27,42,34,83,14,190,7,34,47,42,52,8
S01010294,302,13,57,73,49,87,23,144,2,16,32,30,50,14,158,11,41,41,19,37,9
S01010295,463,8,77,104,67,159,48,254,1,34,62,32,91,34,209,7,43,42,35,68,14
S01010296,287,8,26,86,72,72,23,155,3,12,41,39,45,15,132,5,14,45,33,27,8
S01010297,434,4,28,85,93,181,43,253,0,18,42,46,118,29,181,4,10,43,47,63,14
S01010298,376,5,44,82,75,133,37,175,3,19,28,37,69,19,201,2,25,54,38,64,18
S01010299,165,1,13,35,30,73,13,94,1,4,15,16,46,12,71,0,9,20,14,27,1
S01010300,394,8,39,92,86,138,31,212,4,17,42,47,82,20,182,4,22,50,39,56,11
S01010301,266,5,35,54,65,96,11,136,1,15,23,27,61,9,130,4,20,31,38,35,2
S01010302,171,1,10,44,40,64,12,100,1,4,22,23,40,10,71,0,6,22,17,24,2
S01010303,143,0,7,59,32,41,4,71,0,4,25,17,22,3,72,0,3,34,15,19,1
S01010304,214,1,18,42,53,86,14,113,0,9,16,21,55,12,101,1,9,26,32,31,2
S01010305,384,0,35,69,85,156,39,171,0,11,26,35,77,22,213,0,24,43,50,79,17
S01010306,412,5,20,69,108,160,50,207,0,9,27,50,91,30,205,5,11,42,58,69,20
S01010307,508,6,38,86,107,197,74,254,2,15,34,57,99,47,254,4,23,52,50,98,27
S01010308,536,7,35,87,114,230,63,269,3,12,32,49,133,40,267,4,23,55,65,97,23
S01010309,163,0,3,32,54,67,7,86,0,0,8,26,48,4,77,0,3,24,28,19,3
S01010310,267,2,15,60,67,105,18,133,2,5,19,25,69,13,134,0,10,41,42,36,5
S01010311,215,3,19,65,51,68,9,97,0,6,19,24,42,6,118,3,13,46,27,26,3
S01010312,257,1,11,85,53,95,12,131,0,5,21,25,73,7,126,1,6,64,28,22,5
S01010313,210,1,7,58,57,75,12,111,1,4,17,28,54,7,99,0,3,41,29,21,5
S01010314,438,4,37,96,103,169,29,222,3,16,30,48,101,24,216,1,21,66,55,68,5
S01010315,412,1,15,97,108,165,26,188,0,2,24,39,104,19,224,1,13,73,69,61,7
S01010316,210,1,8,55,57,76,13,88,0,4,12,20,43,9,122,1,4,43,37,33,4
S01010317,455,10,44,69,82,201,49,229,6,20,27,37,110,29,226,4,24,42,45,91,20
S01010318,432,34,137,96,47,100,18,204,20,52,32,24,61,15,228,14,85,64,23,39,3
S01010319,406,3,17,74,108,174,30,207,1,11,26,49,101,19,199,2,6,48,59,73,11
S01010320,317,2,17,58,69,138,33,164,1,7,26,37,66,27,153,1,10,32,32,72,6
S01010321,386,5,35,69,104,145,28,193,2,17,30,49,80,15,193,3,18,39,55,65,13
S01010322,646,11,42,105,120,294,74,313,5,23,36,56,145,48,333,6,19,69,64,149,26
S01010323,178,0,10,58,42,58,10,85,0,4,23,15,34,9,93,0,6,35,27,24,1
S01010324,256,4,5,70,77,79,21,125,1,2,18,33,53,18,131,3,3,52,44,26,3
S01010325,283,1,14,74,70,110,14,141,0,2,19,33,75,12,142,1,12,55,37,35,2
S01010326,262,2,18,90,54,80,18,104,0,4,16,15,58,11,158,2,14,74,39,22,7
S01010327,383,3,18,101,93,149,19,169,1,7,21,35,90,15,214,2,11,80,58,59,4
S01010328,407,1,23,83,103,162,35,198,0,1,16,49,105,27,209,1,22,67,54,57,8
S01010329,242,0,8,57,75,79,23,120,0,3,14,26,59,18,122,0,5,43,49,20,5
S01010330,203,1,8,63,51,66,14,98,1,2,14,24,46,11,105,0,6,49,27,20,3
S01010331,313,0,14,76,98,102,23,151,0,3,13,50,65,20,162,0,11,63,48,37,3
S01010332,236,1,13,59,68,89,6,99,0,6,11,28,48,6,137,1,7,48,40,41,0
S01010333,388,1,20,102,101,141,23,181,0,4,38,42,85,12,207,1,16,64,59,56,11
S01010334,412,1,11,97,131,159,13,185,0,3,12,55,104,11,227,1,8,85,76,55,2
S01010335,264,1,15,70,63,101,14,135,1,7,17,23,74,13,129,0,8,53,40,27,1
S01010336,188,2,17,58,51,48,12,73,1,0,9,19,33,11,115,1,17,49,32,15,1
S01010337,246,2,13,73,65,83,10,107,0,5,17,19,60,6,139,2,8,56,46,23,4
S01010338,223,1,14,70,53,70,15,99,0,3,15,19,50,12,124,1,11,55,34,20,3
S01010339,226,1,12,58,62,81,12,100,0,2,10,26,52,10,126,1,10,48,36,29,2
S01010340,305,7,12,87,76,110,13,144,4,3,26,28,73,10,161,3,9,61,48,37,3
S01010341,257,0,26,51,70,85,25,120,0,6,14,26,55,19,137,0,20,37,44,30,6
S01010342,384,4,18,78,122,137,25,190,3,4,10,58,94,21,194,1,14,68,64,43,4
S01010343,564,2,26,114,162,216,44,274,1,7,25,69,135,37,290,1,19,89,93,81,7
S01010344,232,0,8,62,54,92,16,115,0,2,14,21,65,13,117,0,6,48,33,27,3
S01010345,253,3,12,55,57,91,35,119,0,1,12,26,55,25,134,3,11,43,31,36,10
S01010346,559,3,21,107,161,214,53,273,1,5,22,73,128,44,286,2,16,85,88,86,9
S01010347,399,7,30,108,90,133,31,183,2,11,32,35,79,24,216,5,19,76,55,54,7
S01010348,430,1,17,115,141,138,18,198,0,5,18,62,98,15,232,1,12,97,79,40,3
S01010349,361,3,18,87,87,149,17,163,0,3,17,38,94,11,198,3,15,70,49,55,6
S01010350,312,0,12,101,78,108,13,137,0,1,20,34,72,10,175,0,11,81,44,36,3
S01010351,405,2,25,96,103,145,34,181,0,5,22,46,83,25,224,2,20,74,57,62,9
S01010352,192,1,13,47,51,68,12,87,1,0,15,21,41,9,105,0,13,32,30,27,3
S01010353,252,0,6,74,67,94,11,135,0,1,22,35,66,11,117,0,5,52,32,28,0
S01010354,289,4,18,64,64,116,23,135,0,5,9,31,68,22,154,4,13,55,33,48,1
S01010355,319,1,29,71,81,121,16,170,0,12,20,39,86,13,149,1,17,51,42,35,3
S01010356,369,3,16,74,94,154,28,179,1,3,16,41,97,21,190,2,13,58,53,57,7
S01010357,217,0,17,47,60,82,11,102,0,6,16,23,48,9,115,0,11,31,37,34,2
S01010358,282,3,12,78,55,117,17,139,1,4,22,23,75,14,143,2,8,56,32,42,3
S01010359,238,2,13,79,49,79,16,117,0,7,22,18,58,12,121,2,6,57,31,21,4
S01010360,210,1,15,52,61,69,12,106,0,6,16,30,43,11,104,1,9,36,31,26,1
S01010361,184,3,13,59,32,67,10,93,3,7,17,16,41,9,91,0,6,42,16,26,1
S01010362,261,7,13,67,62,104,8,157,5,5,33,33,75,6,104,2,8,34,29,29,2
S01010363,415,3,23,72,108,164,45,218,2,11,26,52,100,27,197,1,12,46,56,64,18
S01010364,461,4,29,107,111,160,50,245,1,12,29,55,106,42,216,3,17,78,56,54,8
S01010365,556,5,26,93,91,239,102,276,4,7,21,38,139,67,280,1,19,72,53,100,35
S01010366,578,4,38,90,135,236,75,291,2,15,33,58,131,52,287,2,23,57,77,105,23
S01010367,625,18,65,130,104,214,94,311,9,22,46,46,132,56,314,9,43,84,58,82,38
S01010368,388,2,26,52,70,145,93,196,2,9,20,26,75,64,192,0,17,32,44,70,29
S01010369,473,5,27,93,112,194,42,233,3,13,32,49,106,30,240,2,14,61,63,88,12
S01010370,433,12,26,64,62,195,74,227,4,14,28,32,106,43,206,8,12,36,30,89,31
S01010371,565,10,54,81,92,236,92,271,2,18,31,38,126,56,294,8,36,50,54,110,36
S01010372,315,5,23,63,59,119,46,155,1,4,22,27,65,36,160,4,19,41,32,54,10
S01010373,429,4,39,52,92,190,52,213,2,15,21,38,97,40,216,2,24,31,54,93,12
S01010374,523,3,46,90,89,212,83,247,1,12,35,37,117,45,276,2,34,55,52,95,38
S01010375,222,10,40,55,26,62,29,98,2,10,26,13,31,16,124,8,30,29,13,31,13
S01010376,348,12,43,53,70,131,39,190,9,20,26,39,75,21,158,3,23,27,31,56,18
S01010377,386,14,59,95,66,104,48,174,5,16,34,29,59,31,212,9,43,61,37,45,17
S01010378,297,10,59,53,42,106,27,123,2,16,17,19,55,14,174,8,43,36,23,51,13
S01010379,456,22,59,108,80,144,43,227,9,20,46,41,84,27,229,13,39,62,39,60,16
S01010380,533,11,48,77,132,195,70,238,3,14,23,57,104,37,295,8,34,54,75,91,33
S01010381,348,5,47,35,82,137,42,183,1,24,19,35,77,27,165,4,23,16,47,60,15
S01010382,500,8,53,82,116,184,57,253,1,18,41,54,105,34,247,7,35,41,62,79,23
S01010383,285,4,31,67,74,80,29,145,2,15,32,33,48,15,140,2,16,35,41,32,14
S01010384,497,5,36,58,89,224,85,244,0,15,23,40,115,51,253,5,21,35,49,109,34
S01010385,443,9,36,79,113,164,42,211,4,14,26,52,89,26,232,5,22,53,61,75,16
S01010386,409,4,33,73,98,166,35,209,3,15,28,43,96,24,200,1,18,45,55,70,11
S01010387,588,7,42,78,135,255,71,322,5,14,26,66,168,43,266,2,28,52,69,87,28
S01010388,489,4,29,109,109,202,36,237,3,9,34,42,122,27,252,1,20,75,67,80,9
S01010389,696,4,25,61,139,325,142,401,3,14,22,83,182,97,295,1,11,39,56,143,45
S01010390,721,12,30,92,194,321,72,355,2,13,34,83,176,47,366,10,17,58,111,145,25
S01010391,503,6,19,70,129,220,59,249,2,2,24,64,121,36,254,4,17,46,65,99,23
S01010392,489,5,11,45,73,243,112,298,1,5,18,38,150,86,191,4,6,27,35,93,26
S01010393,634,5,30,97,164,275,63,307,0,13,34,74,147,39,327,5,17,63,90,128,24
S01010394,309,3,16,64,71,124,31,149,0,6,22,28,68,25,160,3,10,42,43,56,6
S01010395,538,7,19,80,143,236,53,274,3,8,24,72,129,38,264,4,11,56,71,107,15
S01010396,533,7,38,88,113,215,72,266,1,6,30,53,131,45,267,6,32,58,60,84,27
S01010397,320,4,26,39,65,128,58,146,1,9,16,31,59,30,174,3,17,23,34,69,28
S01010398,648,7,45,78,138,296,84,313,1,15,20,67,151,59,335,6,30,58,71,145,25
S01010399,735,7,49,88,152,322,117,376,3,22,37,66,174,74,359,4,27,51,86,148,43
S01010400,629,8,38,99,127,241,116,313,3,8,36,63,131,72,316,5,30,63,64,110,44
S01010401,366,7,29,45,77,143,65,192,3,9,17,34,83,46,174,4,20,28,43,60,19
S01010402,627,2,35,83,93,289,125,315,1,13,31,43,145,82,312,1,22,52,50,144,43
S01010403,577,4,29,89,85,252,118,300,1,16,25,29,158,71,277,3,13,64,56,94,47
S01010404,447,2,25,72,78,178,92,236,2,12,26,27,99,70,211,0,13,46,51,79,22
S01010405,485,4,21,79,78,202,101,259,1,8,26,43,114,67,226,3,13,53,35,88,34
S01010406,495,4,48,78,92,199,74,260,0,19,30,46,124,41,235,4,29,48,46,75,33
S01010407,424,5,57,79,84,151,48,192,2,20,31,40,76,23,232,3,37,48,44,75,25
S01010408,233,4,7,45,66,80,31,123,1,3,12,29,56,22,110,3,4,33,37,24,9
S01010409,329,9,25,71,60,117,47,171,3,10,12,33,79,34,158,6,15,59,27,38,13
S01010410,302,4,13,56,73,106,50,154,1,5,11,35,65,37,148,3,8,45,38,41,13
S01010411,509,8,35,114,93,186,73,276,2,14,26,45,130,59,233,6,21,88,48,56,14
S01010412,490,4,21,58,96,221,90,267,0,7,24,49,124,63,223,4,14,34,47,97,27
S01010413,302,6,21,45,64,115,51,157,3,7,16,23,71,37,145,3,14,29,41,44,14
S01010414,512,5,27,95,111,204,70,263,3,13,33,43,121,50,249,2,14,62,68,83,20
S01010415,434,9,18,98,110,147,52,227,5,3,35,56,91,37,207,4,15,63,54,56,15
S01010416,355,7,22,60,81,137,48,187,3,6,15,42,87,34,168,4,16,45,39,50,14
S01010417,327,2,17,62,64,134,48,146,0,8,15,22,73,28,181,2,9,47,42,61,20
S01010418,657,8,33,74,126,301,115,308,4,12,25,48,150,69,349,4,21,49,78,151,46
S01010419,559,3,22,98,116,226,94,268,1,9,29,50,112,67,291,2,13,69,66,114,27
S01010420,314,3,26,64,67,105,49,166,0,7,19,24,76,40,148,3,19,45,43,29,9
S01010421,425,4,28,79,110,151,53,216,2,10,19,51,95,39,209,2,18,60,59,56,14
S01010422,509,6,37,97,109,205,55,246,3,13,27,48,115,40,263,3,24,70,61,90,15
S01010423,357,4,19,71,102,125,36,172,2,9,27,43,68,23,185,2,10,44,59,57,13
S01010424,339,2,21,88,75,135,18,168,1,9,28,38,76,16,171,1,12,60,37,59,2
S01010425,458,4,25,115,111,177,26,200,1,7,25,41,107,19,258,3,18,90,70,70,7
S01010426,345,1,17,61,83,152,31,172,1,8,20,32,87,24,173,0,9,41,51,65,7
S01010427,314,6,15,66,75,126,26,172,2,2,26,35,86,21,142,4,13,40,40,40,5
S01010428,340,2,23,66,88,129,32,173,1,12,13,37,83,27,167,1,11,53,51,46,5
S01010429,526,5,30,105,111,217,58,258,3,5,24,60,122,44,268,2,25,81,51,95,14
S01010430,327,2,20,103,65,121,16,160,1,9,35,33,69,13,167,1,11,68,32,52,3
S01010431,358,1,14,75,72,135,61,187,1,0,22,36,84,44,171,0,14,53,36,51,17
S01010432,391,2,16,72,130,148,23,194,0,6,25,58,87,18,197,2,10,47,72,61,5
S01010433,206,3,13,84,40,55,11,129,2,5,47,22,43,10,77,1,8,37,18,12,1
S01010434,235,2,9,65,47,94,18,117,0,3,29,22,52,11,118,2,6,36,25,42,7
S01010435,277,2,20,63,76,98,18,140,1,10,14,38,63,14,137,1,10,49,38,35,4
S01010436,329,0,22,80,67,130,30,160,0,7,22,36,75,20,169,0,15,58,31,55,10
S01010437,222,0,18,53,55,84,12,104,0,5,15,25,50,9,118,0,13,38,30,34,3
S01010438,327,0,14,79,82,130,22,146,0,1,21,39,69,16,181,0,13,58,43,61,6
S01010439,484,2,18,76,148,201,39,216,1,5,19,51,107,33,268,1,13,57,97,94,6
S01010440,238,1,15,50,57,100,15,105,0,0,14,18,63,10,133,1,15,36,39,37,5
S01010441,532,2,14,77,147,245,47,243,0,3,15,49,147,29,289,2,11,62,98,98,18
S01010442,392,3,17,98,118,130,26,172,2,9,23,50,69,19,220,1,8,75,68,61,7
S01010443,240,0,13,58,52,92,25,105,0,3,10,24,47,21,135,0,10,48,28,45,4
S01010444,262,2,11,74,66,91,18,122,1,3,18,27,57,16,140,1,8,56,39,34,2
S01010445,306,2,16,54,86,127,21,152,1,3,7,36,87,18,154,1,13,47,50,40,3
S01010446,403,4,23,90,106,140,40,206,4,9,15,51,90,37,197,0,14,75,55,50,3
S01010447,349,2,7,89,85,140,26,165,0,1,23,29,89,23,184,2,6,66,56,51,3
S01010448,400,3,20,97,98,149,33,199,2,5,23,44,103,22,201,1,15,74,54,46,11
S01010449,293,1,10,65,80,120,17,137,0,2,14,34,77,10,156,1,8,51,46,43,7
S01010450,318,3,9,69,80,129,28,155,0,2,17,31,81,24,163,3,7,52,49,48,4
S01010451,281,2,12,76,65,107,19,147,2,5,16,32,75,17,134,0,7,60,33,32,2
S01010452,328,1,11,75,89,124,28,163,1,5,17,35,84,21,165,0,6,58,54,40,7
S01010453,234,2,14,60,49,93,16,123,2,4,17,28,61,11,111,0,10,43,21,32,5
S01010454,328,1,17,70,93,130,17,152,0,4,6,46,82,14,176,1,13,64,47,48,3
S01010455,302,2,11,79,78,108,24,153,1,5,23,35,68,21,149,1,6,56,43,40,3
S01010456,228,1,7,47,53,102,18,107,0,3,9,22,62,11,121,1,4,38,31,40,7
S01010457,243,0,14,54,70,91,14,118,0,5,12,25,65,11,125,0,9,42,45,26,3
S01010458,252,0,11,69,67,90,15,120,0,5,15,28,60,12,132,0,6,54,39,30,3
S01010459,197,0,6,41,65,77,8,99,0,1,10,33,47,8,98,0,5,31,32,30,0
S01010460,384,1,10,55,79,161,78,199,0,5,14,24,95,61,185,1,5,41,55,66,17
S01010461,245,2,15,53,66,97,12,124,1,1,13,30,67,12,121,1,14,40,36,30,0
S01010462,187,3,22,59,37,56,10,105,1,7,27,22,39,9,82,2,15,32,15,17,1
S01010463,350,2,17,76,87,138,30,175,0,4,21,39,90,21,175,2,13,55,48,48,9
S01010464,237,3,11,46,60,100,17,114,0,4,14,26,58,12,123,3,7,32,34,42,5
S01010465,572,4,20,111,168,221,48,260,1,6,26,73,126,28,312,3,14,85,95,95,20
S01010466,531,4,25,70,135,241,56,257,2,9,16,65,125,40,274,2,16,54,70,116,16
S01010467,356,6,17,59,77,155,42,183,2,8,15,33,91,34,173,4,9,44,44,64,8
S01010468,492,6,37,100,104,181,64,235,4,9,23,42,110,47,257,2,28,77,62,71,17
S01010469,273,2,14,29,77,126,25,145,2,9,10,39,73,12,128,0,5,19,38,53,13
S01010470,332,1,18,79,84,129,21,159,0,2,21,38,80,18,173,1,16,58,46,49,3
S01010471,256,5,19,69,46,102,15,126,3,7,23,22,59,12,130,2,12,46,24,43,3
S01010472,322,2,13,36,59,163,49,152,0,3,5,29,86,29,170,2,10,31,30,77,20
S01010473,407,3,13,75,109,176,31,196,2,2,27,52,93,20,211,1,11,48,57,83,11
S01010474,432,8,34,73,106,175,36,231,6,6,30,53,111,25,201,2,28,43,53,64,11
S01010475,435,2,10,38,117,224,44,212,1,4,12,34,134,27,223,1,6,26,83,90,17
S01010476,458,0,28,60,130,202,38,216,0,6,17,52,113,28,242,0,22,43,78,89,10
S01010477,339,0,17,72,114,118,18,160,0,8,18,48,68,18,179,0,9,54,66,50,0
S01010478,416,3,18,106,92,172,25,211,1,3,37,33,115,22,205,2,15,69,59,57,3
S01010479,416,1,18,99,128,141,29,198,0,5,24,52,96,21,218,1,13,75,76,45,8
S01010480,234,1,10,50,60,97,16,123,1,2,9,26,70,15,111,0,8,41,34,27,1
S01010481,205,1,15,55,44,71,19,100,1,4,12,16,50,17,105,0,11,43,28,21,2
S01010482,323,1,18,64,90,124,26,155,0,6,17,29,82,21,168,1,12,47,61,42,5
S01010483,440,4,15,87,135,166,33,222,3,7,20,66,100,26,218,1,8,67,69,66,7
S01010484,246,0,14,49,63,100,20,115,0,5,10,27,57,16,131,0,9,39,36,43,4
S01010485,432,3,20,78,141,148,42,215,2,7,18,55,101,32,217,1,13,60,86,47,10
S01010486,495,2,31,89,153,171,49,250,1,9,19,69,111,41,245,1,22,70,84,60,8
S01010487,436,3,19,83,134,165,32,212,2,11,11,56,108,24,224,1,8,72,78,57,8
S01010488,281,1,12,85,58,106,19,136,0,3,18,31,70,14,145,1,9,67,27,36,5
S01010489,381,2,15,102,94,141,27,182,0,7,24,43,84,24,199,2,8,78,51,57,3
S01010490,224,1,11,62,59,69,22,98,0,3,12,25,44,14,126,1,8,50,34,25,8
S01010491,273,1,20,92,64,89,7,114,1,9,15,23,61,5,159,0,11,77,41,28,2
S01010492,137,0,8,46,29,46,8,59,0,2,6,13,32,6,78,0,6,40,16,14,2
S01010493,192,1,8,71,40,64,8,87,0,1,20,15,46,5,105,1,7,51,25,18,3
S01010494,268,0,7,68,72,105,16,127,0,0,14,27,73,13,141,0,7,54,45,32,3
S01010495,280,0,18,91,62,96,13,123,0,8,17,20,66,12,157,0,10,74,42,30,1
S01010496,261,2,12,78,61,95,13,109,1,2,13,20,61,12,152,1,10,65,41,34,1
S01010497,281,2,16,90,74,74,25,129,0,7,22,32,47,21,152,2,9,68,42,27,4
S01010498,274,1,12,84,63,103,11,110,0,1,14,27,60,8,164,1,11,70,36,43,3
S01010499,174,3,12,56,38,60,5,93,2,6,17,16,47,5,81,1,6,39,22,13,0
S01010500,336,3,22,115,74,109,13,146,2,4,24,34,71,11,190,1,18,91,40,38,2
S01010501,367,1,21,98,96,130,21,165,0,4,23,38,82,18,202,1,17,75,58,48,3
S01010502,394,0,17,103,108,146,20,184,0,6,27,54,80,17,210,0,11,76,54,66,3
S01010503,240,1,13,60,77,83,6,108,0,4,14,33,51,6,132,1,9,46,44,32,0
S01010504,258,8,24,76,24,58,68,135,4,5,30,11,43,42,123,4,19,46,13,15,26
S01010505,282,1,22,81,43,92,43,148,0,6,23,23,61,35,134,1,16,58,20,31,8
S01010506,442,10,19,97,56,161,99,233,2,6,23,18,114,70,209,8,13,74,38,47,29
S01010507,415,0,17,86,68,144,100,216,0,2,9,27,99,79,199,0,15,77,41,45,21
S01010508,495,7,50,97,69,165,107,262,2,10,26,38,105,81,233,5,40,71,31,60,26
S01010509,538,9,30,116,69,216,98,284,2,7,27,31,138,79,254,7,23,89,38,78,19
S01010510,383,3,28,96,65,146,45,196,1,8,22,34,96,35,187,2,20,74,31,50,10
S01010511,426,2,34,104,79,153,54,218,0,5,15,34,117,47,208,2,29,89,45,36,7
S01010512,269,1,21,76,52,91,28,136,0,4,20,23,67,22,133,1,17,56,29,24,6
S01010513,416,6,29,88,72,160,61,223,4,5,16,33,117,48,193,2,24,72,39,43,13
S01010514,360,3,27,88,70,131,41,179,1,5,12,31,95,35,181,2,22,76,39,36,6
S01010515,408,2,9,115,86,157,39,206,1,1,14,38,121,31,202,1,8,101,48,36,8
S01010516,329,3,14,56,50,123,83,174,0,3,13,24,86,48,155,3,11,43,26,37,35
S01010517,432,2,18,92,56,199,65,240,1,6,19,28,132,54,192,1,12,73,28,67,11
S01010518,368,3,21,94,51,160,39,209,1,6,23,26,118,35,159,2,15,71,25,42,4
S01010519,373,2,26,97,75,138,35,190,1,3,23,36,94,33,183,1,23,74,39,44,2
S01010520,495,13,27,109,111,185,50,255,8,5,13,50,135,44,240,5,22,96,61,50,6
S01010521,401,1,19,100,73,137,71,209,0,4,17,39,94,55,192,1,15,83,34,43,16
S01010522,303,2,10,61,59,138,33,162,1,5,11,26,95,24,141,1,5,50,33,43,9
S01010523,277,0,25,78,44,104,26,129,0,4,11,19,73,22,148,0,21,67,25,31,4
S01010524,288,3,18,55,40,117,55,152,1,4,18,19,73,37,136,2,14,37,21,44,18
S01010525,309,3,18,55,31,120,82,179,0,5,12,18,84,60,130,3,13,43,13,36,22
S01010526,413,4,18,96,61,159,75,225,4,3,27,33,102,56,188,0,15,69,28,57,19
S01010527,414,3,27,102,81,156,45,212,2,8,27,34,104,37,202,1,19,75,47,52,8
S01010528,328,9,26,61,48,136,48,189,1,7,17,24,100,40,139,8,19,44,24,36,8
S01010529,369,7,31,77,54,106,94,193,3,4,19,25,72,70,176,4,27,58,29,34,24
S01010530,354,1,28,74,34,126,91,187,0,3,20,15,83,66,167,1,25,54,19,43,25
S01010531,587,5,39,136,82,219,106,304,1,10,34,27,152,80,283,4,29,102,55,67,26
S01010532,279,4,14,58,33,97,73,154,2,5,15,9,66,57,125,2,9,43,24,31,16
S01010533,284,3,15,53,50,110,53,158,1,6,15,25,76,35,126,2,9,38,25,34,18
S01010534,448,8,34,101,84,163,58,223,5,5,22,44,102,45,225,3,29,79,40,61,13
S01010535,356,5,21,65,46,147,72,188,4,5,11,19,94,55,168,1,16,54,27,53,17
S01010536,449,0,25,110,67,192,55,226,0,9,19,29,122,47,223,0,16,91,38,70,8
S01010537,487,5,19,103,70,221,69,259,3,9,32,30,133,52,228,2,10,71,40,88,17
S01010538,442,3,17,97,62,190,73,220,0,2,20,25,117,56,222,3,15,77,37,73,17
S01010539,717,13,20,130,114,330,110,377,5,6,40,46,195,85,340,8,14,90,68,135,25
S01010540,322,4,20,60,58,124,56,164,1,5,13,24,77,44,158,3,15,47,34,47,12
S01010541,453,9,24,87,75,172,86,218,5,6,19,32,98,58,235,4,18,68,43,74,28
S01010542,456,9,35,95,72,172,73,248,4,7,20,34,119,64,208,5,28,75,38,53,9
S01010543,344,2,20,63,51,133,75,186,2,9,19,26,74,56,158,0,11,44,25,59,19
S01010544,426,3,39,94,56,184,50,219,0,5,23,18,135,38,207,3,34,71,38,49,12
S01010545,332,7,19,59,40,156,51,177,2,2,7,13,112,41,155,5,17,52,27,44,10
S01010546,372,2,16,73,59,160,62,195,1,3,16,19,106,50,177,1,13,57,40,54,12
S01010547,379,5,23,84,33,137,97,214,0,4,18,13,98,81,165,5,19,66,20,39,16
S01010548,296,5,24,70,45,94,58,157,2,5,11,23,65,51,139,3,19,59,22,29,7
S01010549,467,0,23,115,78,174,77,246,0,3,21,30,126,66,221,0,20,94,48,48,11
S01010550,280,6,22,57,64,82,49,148,1,1,12,31,57,46,132,5,21,45,33,25,3
S01010551,337,4,26,72,51,115,69,183,1,2,17,23,80,60,154,3,24,55,28,35,9
S01010552,407,4,43,68,73,135,84,225,1,13,23,31,90,67,182,3,30,45,42,45,17
S01010553,328,3,21,70,40,111,83,190,0,5,15,19,75,76,138,3,16,55,21,36,7
S01010554,378,3,15,95,68,145,52,199,1,4,30,28,91,45,179,2,11,65,40,54,7
S01010555,478,4,31,88,89,195,71,251,2,12,20,44,120,53,227,2,19,68,45,75,18
S01010556,366,4,15,82,84,136,45,183,0,4,16,33,90,40,183,4,11,66,51,46,5
S01010557,276,2,17,64,53,104,36,139,0,3,14,16,76,30,137,2,14,50,37,28,6
S01010558,312,3,18,65,61,117,48,167,2,5,14,21,86,39,145,1,13,51,40,31,9
S01010559,290,4,16,58,55,92,65,162,0,4,11,34,64,49,128,4,12,47,21,28,16
S01010560,331,1,21,70,60,127,52,159,0,4,12,26,76,41,172,1,17,58,34,51,11
S01010561,327,5,27,70,45,131,49,174,2,3,16,19,94,40,153,3,24,54,26,37,9
S01010562,391,2,18,110,76,130,55,194,0,6,21,33,87,47,197,2,12,89,43,43,8
S01010563,263,1,12,58,49,106,37,142,0,3,11,26,70,32,121,1,9,47,23,36,5
S01010564,214,1,6,54,37,88,28,124,0,1,18,19,62,24,90,1,5,36,18,26,4
S01010565,282,2,14,60,40,126,40,153,1,3,13,14,84,38,129,1,11,47,26,42,2
S01010566,586,5,36,116,106,213,110,315,2,6,19,38,156,94,271,3,30,97,68,57,16
S01010567,567,6,41,116,84,196,124,302,1,13,24,27,129,108,265,5,28,92,57,67,16
S01010568,529,7,31,114,92,197,88,277,4,3,27,41,130,72,252,3,28,87,51,67,16
S01010569,522,3,25,78,54,222,140,329,0,2,20,17,171,119,193,3,23,58,37,51,21
S01010570,515,4,24,115,117,192,63,263,1,9,28,47,128,50,252,3,15,87,70,64,13
S01010571,493,2,17,93,112,225,44,266,1,2,22,55,154,32,227,1,15,71,57,71,12
S01010572,410,2,16,92,77,181,42,207,0,6,16,34,115,36,203,2,10,76,43,66,6
S01010573,312,3,16,63,58,147,25,150,0,3,11,24,92,20,162,3,13,52,34,55,5
S01010574,313,0,19,67,52,138,37,160,0,3,12,24,87,34,153,0,16,55,28,51,3
S01010575,350,4,24,89,67,121,45,175,2,9,13,29,87,35,175,2,15,76,38,34,10
S01010576,425,9,25,88,76,165,62,212,3,6,20,28,108,47,213,6,19,68,48,57,15
S01010577,436,3,24,100,89,182,38,233,1,10,22,34,132,34,203,2,14,78,55,50,4
S01010578,335,3,24,70,65,149,24,160,1,5,9,28,97,20,175,2,19,61,37,52,4
S01010579,431,5,19,92,87,184,44,224,3,6,17,37,124,37,207,2,13,75,50,60,7
S01010580,321,1,13,34,83,152,38,176,0,1,8,37,95,35,145,1,12,26,46,57,3
S01010581,320,1,15,65,62,136,41,159,1,3,17,24,83,31,161,0,12,48,38,53,10
S01010582,255,5,14,53,37,96,50,136,1,1,9,17,70,38,119,4,13,44,20,26,12
S01010583,563,5,26,119,131,226,56,276,1,7,24,40,154,50,287,4,19,95,91,72,6
S01010584,439,8,23,85,78,186,59,214,2,6,11,31,113,51,225,6,17,74,47,73,8
S01010585,512,3,29,89,105,217,69,248,0,9,12,39,126,62,264,3,20,77,66,91,7
S01010586,430,5,29,94,85,162,55,211,1,7,18,34,104,47,219,4,22,76,51,58,8
S01010587,367,2,16,81,74,139,55,181,0,1,17,36,79,48,186,2,15,64,38,60,7
S01010588,321,3,19,69,60,119,51,170,1,5,13,28,79,44,151,2,14,56,32,40,7
S01010589,364,1,19,79,91,136,38,183,0,2,19,41,87,34,181,1,17,60,50,49,4
S01010590,465,7,26,90,75,187,80,249,3,7,23,23,128,65,216,4,19,67,52,59,15
S01010591,444,2,9,86,96,194,57,220,1,1,15,30,127,46,224,1,8,71,66,67,11
S01010592,307,2,17,54,63,132,39,150,0,2,14,22,81,31,157,2,15,40,41,51,8
S01010593,344,3,15,78,59,131,58,177,1,4,10,29,87,46,167,2,11,68,30,44,12
S01010594,393,1,20,86,69,162,55,196,0,7,17,28,100,44,197,1,13,69,41,62,11
S01010595,458,2,24,94,97,182,59,227,0,4,11,37,127,48,231,2,20,83,60,55,11
S01010596,465,3,29,82,83,177,91,250,1,5,15,32,120,77,215,2,24,67,51,57,14
S01010597,391,2,18,87,70,165,49,191,0,8,10,23,105,45,200,2,10,77,47,60,4
S01010598,600,2,26,97,137,263,75,318,0,5,14,67,165,67,282,2,21,83,70,98,8
S01010599,330,2,32,54,66,128,48,157,0,5,9,29,70,44,173,2,27,45,37,58,4
S01010600,473,3,33,87,96,183,71,259,0,11,20,43,129,56,214,3,22,67,53,54,15
S01010601,289,4,20,64,65,97,39,147,0,6,11,31,66,33,142,4,14,53,34,31,6
S01010602,318,1,12,61,75,139,30,160,1,3,20,27,85,24,158,0,9,41,48,54,6
S01010603,431,3,22,90,79,186,51,226,0,8,15,43,119,41,205,3,14,75,36,67,10
S01010604,246,1,23,53,44,90,35,132,0,11,8,18,64,31,114,1,12,45,26,26,4
S01010605,454,4,33,100,89,164,64,238,1,6,21,44,112,54,216,3,27,79,45,52,10
S01010606,390,3,28,80,78,151,50,192,2,7,14,25,101,43,198,1,21,66,53,50,7
S01010607,447,1,28,102,79,178,59,237,0,4,19,36,135,43,210,1,24,83,43,43,16
S01010608,284,4,25,62,58,110,25,143,4,5,9,28,77,20,141,0,20,53,30,33,5
S01010609,293,2,20,71,57,111,32,150,0,7,13,26,75,29,143,2,13,58,31,36,3
S01010610,328,3,22,65,64,125,49,161,1,6,23,26,66,39,167,2,16,42,38,59,10
S01010611,514,4,25,103,120,206,56,266,2,6,33,48,134,43,248,2,19,70,72,72,13
S01010612,400,3,16,101,68,170,42,203,1,1,22,27,113,39,197,2,15,79,41,57,3
S01010613,326,2,24,68,75,124,33,154,0,5,17,28,76,28,172,2,19,51,47,48,5
S01010614,260,2,17,66,50,112,13,130,0,5,17,17,80,11,130,2,12,49,33,32,2
S01010615,496,3,19,101,101,225,47,258,0,4,18,45,149,42,238,3,15,83,56,76,5
S01010616,475,2,26,111,106,185,45,241,2,8,19,49,122,41,234,0,18,92,57,63,4
S01010617,527,8,29,109,127,207,47,260,2,10,17,49,140,42,267,6,19,92,78,67,5
S01010618,479,2,33,107,109,178,50,241,1,11,16,46,124,43,238,1,22,91,63,54,7
S01010619,371,5,12,72,83,159,40,198,2,2,23,37,103,31,173,3,10,49,46,56,9
S01010620,360,2,15,67,75,162,39,199,1,10,29,41,89,29,161,1,5,38,34,73,10
S01010621,505,5,27,93,92,217,71,290,1,8,28,48,147,58,215,4,19,65,44,70,13
S01010622,313,4,10,90,72,104,33,147,1,4,18,23,72,29,166,3,6,72,49,32,4
S01010623,390,1,22,88,57,144,78,229,0,9,18,21,109,72,161,1,13,70,36,35,6
S01010624,341,5,26,56,68,143,43,178,0,7,13,36,91,31,163,5,19,43,32,52,12
S01010625,379,9,30,82,63,127,68,205,4,10,19,35,90,47,174,5,20,63,28,37,21
S01010626,389,5,27,93,66,146,52,198,1,10,21,32,90,44,191,4,17,72,34,56,8
S01010627,462,4,24,73,87,200,74,255,4,11,20,45,126,49,207,0,13,53,42,74,25
S01010628,549,2,31,96,113,234,73,290,1,12,30,55,144,48,259,1,19,66,58,90,25
S01010629,432,5,31,102,77,157,60,221,1,7,22,38,100,53,211,4,24,80,39,57,7
S01010630,298,1,14,65,70,112,36,132,0,3,12,25,63,29,166,1,11,53,45,49,7
S01010631,348,0,17,66,61,163,41,183,0,2,28,23,98,32,165,0,15,38,38,65,9
S01010632,422,3,28,88,107,156,40,216,2,12,19,51,99,33,206,1,16,69,56,57,7
S01010633,427,3,29,100,90,172,33,230,0,10,26,45,121,28,197,3,19,74,45,51,5
S01010634,321,1,24,80,58,127,31,165,0,4,18,29,88,26,156,1,20,62,29,39,5
S01010635,365,5,31,86,69,144,30,193,2,7,18,39,100,27,172,3,24,68,30,44,3
S01010636,447,6,28,80,99,157,77,237,2,13,16,39,106,61,210,4,15,64,60,51,16
S01010637,301,2,15,47,70,131,36,163,1,5,16,30,81,30,138,1,10,31,40,50,6
S01010638,362,3,23,75,72,155,34,181,2,7,15,24,112,21,181,1,16,60,48,43,13
S01010639,557,3,27,115,102,258,52,289,1,9,30,45,164,40,268,2,18,85,57,94,12
S01010640,506,3,21,92,106,218,66,262,1,7,22,56,135,41,244,2,14,70,50,83,25
S01010641,421,3,17,101,98,169,33,221,2,5,24,47,115,28,200,1,12,77,51,54,5
S01010642,394,2,24,122,81,130,35,185,0,8,31,36,81,29,209,2,16,91,45,49,6
S01010643,296,1,18,90,58,106,23,149,0,1,22,30,76,20,147,1,17,68,28,30,3
S01010644,239,1,12,76,41,90,19,119,0,4,17,21,62,15,120,1,8,59,20,28,4
S01010645,350,1,17,66,84,136,46,184,1,4,18,32,91,38,166,0,13,48,52,45,8
S01010646,369,4,24,76,84,146,35,188,0,7,17,34,100,30,181,4,17,59,50,46,5
S01010647,388,2,29,74,78,153,52,208,0,12,23,31,96,46,180,2,17,51,47,57,6
S01010648,362,2,22,69,76,150,43,184,1,4,11,34,96,38,178,1,18,58,42,54,5
S01010649,303,3,20,63,72,114,31,163,1,6,18,30,80,28,140,2,14,45,42,34,3
S01010650,248,3,23,41,47,92,42,121,0,4,8,19,57,33,127,3,19,33,28,35,9
S01010651,350,0,16,74,75,139,46,185,0,4,21,27,93,40,165,0,12,53,48,46,6
S01010652,376,1,20,77,79,149,50,188,0,4,15,29,90,50,188,1,16,62,50,59,0
S01010653,357,2,16,64,78,156,41,183,1,7,13,29,98,35,174,1,9,51,49,58,6
S01010654,408,2,20,89,80,175,42,202,0,10,20,28,107,37,206,2,10,69,52,68,5
S01010655,466,4,41,107,63,158,93,249,1,5,29,34,109,71,217,3,36,78,29,49,22
S01010656,218,4,17,46,41,77,33,119,0,3,7,19,59,31,99,4,14,39,22,18,2
S01010657,352,3,37,73,58,121,60,196,1,8,19,21,95,52,156,2,29,54,37,26,8
S01010658,375,6,20,80,78,136,55,194,2,5,22,28,91,46,181,4,15,58,50,45,9
S01010659,332,2,31,62,62,131,44,178,0,7,19,31,84,37,154,2,24,43,31,47,7
S01010660,294,1,16,68,56,107,46,161,0,6,11,31,77,36,133,1,10,57,25,30,10
S01010661,325,4,21,38,65,135,62,173,0,5,8,23,83,54,152,4,16,30,42,52,8
S01010662,398,5,25,86,70,155,57,201,2,3,24,26,98,48,197,3,22,62,44,57,9
S01010663,479,6,30,107,65,172,99,270,2,12,25,28,122,81,209,4,18,82,37,50,18
S01010664,434,5,23,99,80,147,80,220,1,8,16,39,96,60,214,4,15,83,41,51,20
S01010665,436,5,32,94,80,145,80,234,3,9,23,38,99,62,202,2,23,71,42,46,18
S01010666,447,6,25,101,80,166,69,220,2,5,22,29,111,51,227,4,20,79,51,55,18
S01010667,383,2,32,83,50,144,72,201,0,12,19,24,97,49,182,2,20,64,26,47,23
S01010668,542,5,36,95,80,183,143,302,2,13,26,39,123,99,240,3,23,69,41,60,44
S01010669,278,3,22,41,34,103,75,173,1,2,8,21,78,63,105,2,20,33,13,25,12
S01010670,354,3,22,74,71,121,63,193,2,7,20,37,83,44,161,1,15,54,34,38,19
S01010671,358,3,26,91,47,118,73,184,0,7,22,19,82,54,174,3,19,69,28,36,19
S01010672,299,3,14,63,70,90,59,161,2,5,9,36,56,53,138,1,9,54,34,34,6
S01010673,453,3,17,100,74,164,95,237,0,4,34,33,97,69,216,3,13,66,41,67,26
S01010674,485,5,24,102,72,162,120,272,2,10,21,32,105,102,213,3,14,81,40,57,18
S01010675,303,7,23,57,49,111,56,168,2,4,14,23,80,45,135,5,19,43,26,31,11
S01010676,442,8,32,95,77,139,91,233,1,11,32,41,78,70,209,7,21,63,36,61,21
S01010677,226,2,21,48,38,67,50,116,1,5,11,16,43,40,110,1,16,37,22,24,10
S01010678,309,4,19,81,43,99,63,168,0,8,18,17,73,52,141,4,11,63,26,26,11
S01010679,280,3,28,64,45,93,47,141,3,5,19,17,65,32,139,0,23,45,28,28,15
S01010680,314,3,23,79,51,108,50,162,1,7,22,22,73,37,152,2,16,57,29,35,13
S01010681,520,5,28,132,100,181,74,252,2,9,26,30,128,57,268,3,19,106,70,53,17
S01010682,500,4,45,100,85,181,85,257,0,7,20,38,127,65,243,4,38,80,47,54,20
S01010683,456,5,34,93,68,164,92,245,1,11,31,29,105,68,211,4,23,62,39,59,24
S01010684,385,1,24,83,54,117,106,207,0,7,27,25,76,72,178,1,17,56,29,41,34
S01010685,280,2,13,73,36,89,67,150,2,2,24,11,64,47,130,0,11,49,25,25,20
S01010686,344,10,22,75,54,133,50,186,2,6,21,21,99,37,158,8,16,54,33,34,13
S01010687,384,3,27,90,55,132,77,196,1,4,18,28,92,53,188,2,23,72,27,40,24
S01010688,372,7,38,63,36,126,102,209,1,13,16,15,91,73,163,6,25,47,21,35,29
S01010689,335,5,22,73,42,120,73,185,2,7,20,18,80,58,150,3,15,53,24,40,15
S01010690,334,5,18,67,52,114,78,184,1,5,16,25,76,61,150,4,13,51,27,38,17
S01010691,388,9,33,82,38,132,94,200,3,11,20,17,84,65,188,6,22,62,21,48,29
S01010692,406,5,26,97,66,139,73,210,2,4,26,35,87,56,196,3,22,71,31,52,17
S01010693,249,4,22,55,40,74,54,134,0,2,22,13,55,42,115,4,20,33,27,19,12
S01010694,239,4,20,50,22,82,61,128,1,2,13,7,60,45,111,3,18,37,15,22,16
S01010695,380,3,24,79,55,144,75,200,2,3,17,20,95,63,180,1,21,62,35,49,12
S01010696,519,4,37,95,84,209,90,284,2,11,16,42,140,73,235,2,26,79,42,69,17
S01010697,526,10,36,104,83,197,96,284,3,9,19,32,142,79,242,7,27,85,51,55,17
S01010698,350,6,28,75,54,110,77,176,1,5,17,21,72,60,174,5,23,58,33,38,17
S01010699,334,1,37,77,49,102,68,181,1,11,13,20,76,60,153,0,26,64,29,26,8
S01010700,324,4,28,72,50,113,57,171,0,5,20,17,80,49,153,4,23,52,33,33,8
S01010701,549,5,35,110,92,212,95,301,1,9,20,44,144,83,248,4,26,90,48,68,12
S01010702,511,4,28,86,84,204,105,278,0,7,20,28,133,90,233,4,21,66,56,71,15
S01010703,448,5,32,94,79,146,92,248,1,11,25,42,93,76,200,4,21,69,37,53,16
S01010704,299,1,28,53,44,133,40,162,0,7,11,14,91,39,137,1,21,42,30,42,1
S01010705,547,5,27,100,104,218,93,291,0,8,11,47,143,82,256,5,19,89,57,75,11
S01010706,315,2,21,58,51,145,38,182,2,3,10,22,111,34,133,0,18,48,29,34,4
S01010707,377,11,27,69,64,131,75,209,2,6,16,31,90,64,168,9,21,53,33,41,11
S01010708,289,1,16,69,67,101,35,151,0,3,20,28,70,30,138,1,13,49,39,31,5
S01010709,402,4,27,78,86,152,55,206,1,6,13,36,107,43,196,3,21,65,50,45,12
S01010710,341,1,25,90,67,117,41,174,0,6,19,28,84,37,167,1,19,71,39,33,4
S01010711,383,4,28,80,81,133,57,200,1,6,13,40,91,49,183,3,22,67,41,42,8
S01010712,356,1,27,88,72,131,37,186,0,8,15,32,98,33,170,1,19,73,40,33,4
S01010713,421,2,23,97,90,169,40,206,0,1,18,36,116,35,215,2,22,79,54,53,5
S01010714,310,2,24,72,64,112,36,153,1,4,14,30,75,29,157,1,20,58,34,37,7
S01010715,337,5,17,80,68,134,33,158,1,3,16,30,82,26,179,4,14,64,38,52,7
S01010716,451,3,28,84,101,189,46,236,1,9,19,41,133,33,215,2,19,65,60,56,13
S01010717,314,4,19,62,72,113,44,162,1,9,11,27,77,37,152,3,10,51,45,36,7
S01010718,498,5,35,103,96,189,70,262,0,14,16,38,136,58,236,5,21,87,58,53,12
S01010719,316,2,27,67,65,117,38,167,0,5,17,30,82,33,149,2,22,50,35,35,5
S01010720,323,10,29,83,44,110,47,167,3,8,21,21,77,37,156,7,21,62,23,33,10
S01010721,318,5,16,87,52,118,40,165,3,5,22,18,85,32,153,2,11,65,34,33,8
S01010722,406,6,18,84,75,165,58,201,2,4,20,24,99,52,205,4,14,64,51,66,6
S01010723,484,11,42,85,75,161,110,252,5,11,17,29,102,88,232,6,31,68,46,59,22
S01010724,471,5,36,103,65,181,81,249,3,7,26,29,118,66,222,2,29,77,36,63,15
S01010725,394,2,34,78,50,142,88,204,1,8,19,17,84,75,190,1,26,59,33,58,13
S01010726,432,6,28,98,69,168,63,214,3,5,13,25,120,48,218,3,23,85,44,48,15
S01010727,308,4,28,72,51,99,54,172,2,8,21,27,65,49,136,2,20,51,24,34,5
S01010728,254,4,14,51,52,81,52,122,1,0,13,17,50,41,132,3,14,38,35,31,11
S01010729,403,4,27,94,52,144,82,221,0,10,18,20,101,72,182,4,17,76,32,43,10
S01010730,454,9,26,95,87,141,96,244,2,4,21,38,98,81,210,7,22,74,49,43,15
S01010731,442,5,31,103,89,157,57,222,3,11,20,42,105,41,220,2,20,83,47,52,16
S01010732,354,3,29,91,45,142,44,166,1,5,15,14,92,39,188,2,24,76,31,50,5
S01010733,233,2,8,58,40,96,29,120,0,1,11,11,69,28,113,2,7,47,29,27,1
S01010734,383,4,26,87,70,139,57,202,1,3,16,30,99,53,181,3,23,71,40,40,4
S01010735,253,2,13,51,56,95,36,140,0,3,10,25,70,32,113,2,10,41,31,25,4
S01010736,250,1,8,51,42,96,52,142,0,1,7,20,68,46,108,1,7,44,22,28,6
S01010737,472,2,27,96,89,186,72,247,0,7,18,39,116,67,225,2,20,78,50,70,5
S01010738,263,2,23,63,36,97,42,127,1,2,6,12,67,39,136,1,21,57,24,30,3
S01010739,415,2,29,81,89,160,54,214,1,6,11,42,104,50,201,1,23,70,47,56,4
S01010740,187,1,14,49,30,67,26,96,0,3,13,9,47,24,91,1,11,36,21,20,2
S01010741,261,2,16,46,49,91,57,135,1,3,3,17,59,52,126,1,13,43,32,32,5
S01010742,334,4,22,60,47,142,59,171,0,2,7,14,91,57,163,4,20,53,33,51,2
S01010743,280,1,20,68,47,105,39,148,0,7,15,19,71,36,132,1,13,53,28,34,3
S01010744,515,2,32,114,76,191,100,269,0,5,17,26,128,93,246,2,27,97,50,63,7
S01010745,284,2,16,50,50,118,48,151,1,1,12,19,80,38,133,1,15,38,31,38,10
S01010746,512,2,32,107,76,183,112,268,0,6,22,17,129,94,244,2,26,85,59,54,18
S01010747,378,3,32,102,62,119,60,197,2,9,23,20,93,50,181,1,23,79,42,26,10
S01010748,295,8,14,63,50,98,62,158,1,3,11,18,71,54,137,7,11,52,32,27,8
S01010749,294,5,18,70,40,110,51,161,1,4,15,19,79,43,133,4,14,55,21,31,8
S01010750,280,1,19,62,37,97,64,153,1,4,16,14,65,53,127,0,15,46,23,32,11
S01010751,281,3,23,73,36,100,46,141,1,4,12,9,72,43,140,2,19,61,27,28,3
S01010752,334,1,14,80,56,125,58,162,1,1,14,20,78,48,172,0,13,66,36,47,10
S01010753,449,3,38,104,67,161,76,244,2,10,20,31,110,71,205,1,28,84,36,51,5
S01010754,290,4,10,71,45,112,48,153,1,2,16,17,77,40,137,3,8,55,28,35,8
S01010755,304,2,13,86,38,124,41,157,1,1,20,13,86,36,147,1,12,66,25,38,5
S01010756,332,1,24,73,51,118,65,181,0,7,12,23,85,54,151,1,17,61,28,33,11
S01010757,349,3,23,66,51,124,82,192,3,7,10,19,85,68,157,0,16,56,32,39,14
S01010758,296,2,23,68,55,107,41,166,0,8,21,23,80,34,130,2,15,47,32,27,7
S01010759,291,2,8,64,57,129,31,146,0,1,13,22,87,23,145,2,7,51,35,42,8
S01010760,223,1,17,43,52,69,41,115,0,5,12,23,49,26,108,1,12,31,29,20,15
S01010761,272,1,18,56,33,122,42,146,0,6,12,13,80,35,126,1,12,44,20,42,7
S01010762,271,1,12,56,35,100,67,148,0,4,11,12,67,54,123,1,8,45,23,33,13
S01010763,307,3,20,70,34,123,57,170,0,4,14,15,92,45,137,3,16,56,19,31,12
S01010764,265,1,19,62,44,81,58,145,0,4,15,20,62,44,120,1,15,47,24,19,14
S01010765,452,3,27,130,66,150,76,243,1,6,37,32,105,62,209,2,21,93,34,45,14
S01010766,314,1,18,75,66,104,50,157,0,5,14,30,66,42,157,1,13,61,36,38,8
S01010767,286,3,14,76,48,100,45,140,2,1,10,19,66,42,146,1,13,66,29,34,3
S01010768,232,2,15,61,48,71,35,117,1,3,12,15,57,29,115,1,12,49,33,14,6
S01010769,224,1,14,49,29,83,48,118,1,3,11,13,49,41,106,0,11,38,16,34,7
S01010770,428,7,20,124,60,145,72,219,4,4,25,17,107,62,209,3,16,99,43,38,10
S01010771,337,6,28,71,54,104,74,183,1,4,13,29,78,58,154,5,24,58,25,26,16
S01010772,333,5,15,81,54,106,72,176,2,3,20,25,70,56,157,3,12,61,29,36,16
S01010773,381,2,29,84,73,133,60,202,1,6,15,35,95,50,179,1,23,69,38,38,10
S01010774,314,3,25,67,60,111,48,164,3,9,15,28,72,37,150,0,16,52,32,39,11
S01010775,377,5,25,97,63,128,59,194,1,5,19,27,89,53,183,4,20,78,36,39,6
S01010776,259,1,19,58,65,84,32,135,1,5,8,26,63,32,124,0,14,50,39,21,0
S01010777,227,2,19,54,48,82,22,112,0,0,15,22,54,21,115,2,19,39,26,28,1
S01010778,193,0,9,54,50,65,15,107,0,2,18,24,49,14,86,0,7,36,26,16,1
S01010779,304,1,24,75,70,95,39,162,1,3,22,34,70,32,142,0,21,53,36,25,7
S01010780,259,3,23,52,62,84,35,127,0,7,9,26,55,30,132,3,16,43,36,29,5
S01010781,409,4,33,89,78,140,65,221,2,7,18,40,99,55,188,2,26,71,38,41,10
S01010782,245,4,14,49,40,82,56,144,3,5,9,24,56,47,101,1,9,40,16,26,9
S01010783,241,0,19,55,40,92,35,140,0,4,12,21,70,33,101,0,15,43,19,22,2
S01010784,319,1,22,90,62,109,35,153,1,3,13,28,79,29,166,0,19,77,34,30,6
S01010785,359,1,32,64,72,135,55,202,0,11,9,40,94,48,157,1,21,55,32,41,7
S01010786,347,5,30,82,74,105,51,183,2,2,13,34,85,47,164,3,28,69,40,20,4
S01010787,446,3,25,93,78,160,87,257,1,8,22,45,112,69,189,2,17,71,33,48,18
S01010788,345,3,21,78,75,96,72,180,2,2,15,24,70,67,165,1,19,63,51,26,5
S01010789,352,2,40,67,44,122,77,190,1,7,12,15,85,70,162,1,33,55,29,37,7
S01010790,336,6,34,60,56,119,61,200,1,7,11,35,93,53,136,5,27,49,21,26,8
S01010791,394,2,27,75,66,155,69,215,1,5,18,27,108,56,179,1,22,57,39,47,13
S01010792,292,7,17,64,48,121,35,174,1,6,11,24,100,32,118,6,11,53,24,21,3
S01010793,337,1,16,68,68,119,65,187,1,5,14,34,78,55,150,0,11,54,34,41,10
S01010794,283,4,19,51,37,130,42,154,1,8,7,19,83,36,129,3,11,44,18,47,6
S01010795,443,9,28,96,94,159,57,240,3,7,16,48,113,53,203,6,21,80,46,46,4
S01010796,444,3,21,79,72,171,98,243,0,3,17,31,119,73,201,3,18,62,41,52,25
S01010797,429,3,24,79,61,177,85,234,1,2,11,25,124,71,195,2,22,68,36,53,14
S01010798,325,2,21,62,52,127,61,180,0,6,6,23,92,53,145,2,15,56,29,35,8
S01010799,421,5,23,76,84,174,59,219,0,2,22,41,106,48,202,5,21,54,43,68,11
S01010800,358,0,19,87,65,163,24,188,0,4,17,33,114,20,170,0,15,70,32,49,4
S01010801,326,6,19,79,66,120,36,165,2,1,16,25,89,32,161,4,18,63,41,31,4
S01010802,293,2,19,51,66,122,33,151,0,2,9,30,85,25,142,2,17,42,36,37,8
S01010803,253,0,20,55,49,95,34,128,0,6,7,25,65,25,125,0,14,48,24,30,9
S01010804,284,3,20,54,44,106,57,151,2,1,8,23,77,40,133,1,19,46,21,29,17
S01010805,417,4,28,81,87,171,46,224,1,6,13,51,119,34,193,3,22,68,36,52,12
S01010806,393,5,25,95,81,148,39,195,2,3,21,42,102,25,198,3,22,74,39,46,14
S01010807,276,4,16,61,52,118,25,149,2,4,9,29,86,19,127,2,12,52,23,32,6
S01010808,260,0,16,48,53,122,21,134,0,2,9,24,85,14,126,0,14,39,29,37,7
S01010809,410,5,21,69,79,182,54,224,0,6,8,39,126,45,186,5,15,61,40,56,9
S01010810,198,3,6,26,37,83,43,107,1,1,4,16,47,38,91,2,5,22,21,36,5
S01010811,432,7,42,91,77,127,88,244,3,18,21,43,97,62,188,4,24,70,34,30,26
S01010812,236,4,15,46,30,81,60,130,0,1,13,11,56,49,106,4,14,33,19,25,11
S01010813,271,2,14,62,44,100,49,150,0,5,15,20,73,37,121,2,9,47,24,27,12
S01010814,319,3,27,54,43,117,75,177,0,5,18,25,77,52,142,3,22,36,18,40,23
S01010815,240,1,20,54,42,78,45,138,0,2,10,25,60,41,102,1,18,44,17,18,4
S01010816,248,4,16,62,42,76,48,132,1,2,12,20,55,42,116,3,14,50,22,21,6
S01010817,408,6,25,71,71,165,70,210,3,6,12,37,101,51,198,3,19,59,34,64,19
S01010818,459,6,29,85,71,177,91,245,1,10,15,31,111,77,214,5,19,70,40,66,14
S01010819,358,0,14,85,85,126,48,181,0,6,24,35,79,37,177,0,8,61,50,47,11
S01010820,260,1,21,46,41,100,51,130,1,4,11,16,60,38,130,0,17,35,25,40,13
S01010821,256,4,20,50,50,93,39,130,0,4,10,26,58,32,126,4,16,40,24,35,7
S01010822,350,2,13,62,59,132,82,180,0,4,10,23,81,62,170,2,9,52,36,51,20
S01010823,236,0,18,64,52,83,19,112,0,6,10,25,54,17,124,0,12,54,27,29,2
S01010824,403,2,12,80,86,170,53,207,1,1,14,44,103,44,196,1,11,66,42,67,9
S01010825,191,0,9,30,48,84,20,95,0,1,2,16,58,18,96,0,8,28,32,26,2
S01010826,350,4,19,76,68,142,41,181,1,4,21,31,93,31,169,3,15,55,37,49,10
S01010827,343,5,20,77,97,121,23,163,1,4,17,40,80,21,180,4,16,60,57,41,2
S01010828,699,8,50,136,149,250,106,351,2,9,26,74,161,79,348,6,41,110,75,89,27
S01010829,455,5,28,82,101,177,62,238,1,7,29,42,107,52,217,4,21,53,59,70,10
S01010830,296,5,30,57,67,105,32,153,1,8,9,35,71,29,143,4,22,48,32,34,3
S01010831,353,2,28,57,82,142,42,178,1,5,9,35,92,36,175,1,23,48,47,50,6
S01010832,428,4,15,98,122,167,22,210,0,6,20,62,103,19,218,4,9,78,60,64,3
S01010833,505,5,41,87,96,181,95,270,0,8,13,45,123,81,235,5,33,74,51,58,14
S01010834,441,7,28,82,108,154,62,227,3,8,15,52,100,49,214,4,20,67,56,54,13
S01010835,314,4,30,61,73,98,48,160,2,11,11,31,62,43,154,2,19,50,42,36,5
S01010836,391,6,17,65,96,155,52,200,2,9,17,43,89,40,191,4,8,48,53,66,12
S01010837,288,1,15,74,84,94,20,141,0,5,16,38,67,15,147,1,10,58,46,27,5
S01010838,417,2,24,94,112,155,30,209,0,6,17,54,107,25,208,2,18,77,58,48,5
S01010839,312,2,20,67,75,121,27,156,1,8,13,36,78,20,156,1,12,54,39,43,7
S01010840,229,3,3,36,58,101,28,120,2,1,8,21,64,24,109,1,2,28,37,37,4
S01010841,380,2,15,78,100,150,35,200,0,3,24,49,99,25,180,2,12,54,51,51,10
S01010842,321,3,10,59,90,132,27,166,1,1,10,41,94,19,155,2,9,49,49,38,8
S01010843,273,1,9,52,71,114,26,136,1,4,13,34,64,20,137,0,5,39,37,50,6
S01010844,332,2,21,70,101,101,37,170,0,9,13,48,69,31,162,2,12,57,53,32,6
S01010845,290,5,14,73,82,99,17,152,1,2,19,38,75,17,138,4,12,54,44,24,0
S01010846,380,1,23,110,92,128,26,186,0,8,20,50,87,21,194,1,15,90,42,41,5
S01010847,369,1,15,71,126,140,16,179,0,6,10,61,90,12,190,1,9,61,65,50,4
S01010848,270,2,8,73,59,110,18,139,2,1,13,28,78,17,131,0,7,60,31,32,1
S01010849,366,3,14,105,104,119,21,163,1,4,18,43,77,20,203,2,10,87,61,42,1
S01010850,296,2,15,94,78,95,12,138,0,7,20,34,68,9,158,2,8,74,44,27,3
S01010851,332,3,15,100,76,123,15,143,0,2,13,41,78,9,189,3,13,87,35,45,6
S01010852,334,2,20,81,86,125,20,163,0,4,16,44,83,16,171,2,16,65,42,42,4
S01010853,420,2,25,119,98,146,30,202,0,9,21,43,101,28,218,2,16,98,55,45,2
S01010854,379,3,21,120,79,134,22,174,1,0,22,38,94,19,205,2,21,98,41,40,3
S01010855,242,0,13,73,66,77,13,118,0,1,15,39,51,12,124,0,12,58,27,26,1
S01010856,333,2,14,84,90,128,15,170,2,4,20,43,87,14,163,0,10,64,47,41,1
S01010857,425,0,22,98,134,139,32,194,0,6,14,58,90,26,231,0,16,84,76,49,6
S01010858,303,1,15,77,86,108,16,156,0,8,16,44,76,12,147,1,7,61,42,32,4
S01010859,287,0,16,88,74,97,12,146,0,4,16,47,67,12,141,0,12,72,27,30,0
S01010860,279,5,13,77,81,88,15,124,1,2,16,39,55,11,155,4,11,61,42,33,4
S01010861,244,4,17,61,60,87,15,120,1,3,13,34,56,13,124,3,14,48,26,31,2
S01010862,176,0,12,56,48,53,7,90,0,4,17,23,40,6,86,0,8,39,25,13,1
S01010863,345,4,23,73,78,139,28,174,1,7,19,37,88,22,171,3,16,54,41,51,6
S01010864,290,3,17,69,64,104,33,149,1,9,18,25,69,27,141,2,8,51,39,35,6
S01010865,301,3,17,61,78,101,41,159,1,7,16,34,64,37,142,2,10,45,44,37,4
S01010866,267,2,20,47,52,111,35,141,0,6,9,25,72,29,126,2,14,38,27,39,6
S01010867,297,6,8,62,76,97,48,156,3,4,12,39,59,39,141,3,4,50,37,38,9
S01010868,337,3,25,70,92,115,32,162,3,9,13,40,72,25,175,0,16,57,52,43,7
S01010869,374,5,29,86,85,108,61,188,3,9,18,40,69,49,186,2,20,68,45,39,12
S01010870,381,2,26,71,100,142,40,186,0,11,17,40,88,30,195,2,15,54,60,54,10
S01010871,424,1,26,83,109,159,46,211,0,8,20,44,105,34,213,1,18,63,65,54,12
S01010872,353,3,16,70,90,135,39,174,1,4,23,43,73,30,179,2,12,47,47,62,9
S01010873,175,2,9,40,44,68,12,85,1,3,10,19,41,11,90,1,6,30,25,27,1
S01010874,403,5,24,82,93,148,51,203,0,7,12,44,100,40,200,5,17,70,49,48,11
S01010875,273,3,17,62,66,103,22,132,2,9,19,31,57,14,141,1,8,43,35,46,8
S01010876,328,1,18,82,88,117,22,144,1,4,20,31,73,15,184,0,14,62,57,44,7
S01010877,425,1,27,92,107,160,38,209,1,9,21,48,100,30,216,0,18,71,59,60,8
S01010878,424,3,27,95,115,160,24,236,0,10,22,69,112,23,188,3,17,73,46,48,1
S01010879,447,4,24,120,130,143,26,219,1,8,24,68,96,22,228,3,16,96,62,47,4
S01010880,218,2,10,66,51,79,10,100,1,0,12,23,55,9,118,1,10,54,28,24,1
S01010881,267,2,19,59,81,91,15,131,1,4,17,38,60,11,136,1,15,42,43,31,4
S01010882,298,4,19,76,80,97,22,149,0,4,18,38,71,18,149,4,15,58,42,26,4
S01010883,464,7,37,92,135,153,40,236,0,12,15,65,115,29,228,7,25,77,70,38,11
S01010884,236,3,9,63,69,74,18,116,3,2,15,31,51,14,120,0,7,48,38,23,4
S01010885,333,3,20,92,100,103,15,154,2,8,21,45,65,13,179,1,12,71,55,38,2
S01010886,209,0,7,53,55,83,11,101,0,2,13,26,51,9,108,0,5,40,29,32,2
S01010887,249,4,20,65,77,66,17,126,3,3,18,41,46,15,123,1,17,47,36,20,2
S01010888,342,3,23,69,106,127,14,164,0,8,13,52,82,9,178,3,15,56,54,45,5
S01010889,214,1,8,47,66,81,11,110,0,4,14,25,58,9,104,1,4,33,41,23,2
S01010890,227,0,15,49,55,96,12,103,0,2,14,22,58,7,124,0,13,35,33,38,5
S01010891,107,0,9,26,24,38,10,58,0,2,10,12,25,9,49,0,7,16,12,13,1
S01010892,311,1,18,77,83,117,15,151,0,6,18,41,72,14,160,1,12,59,42,45,1
S01010893,169,0,11,43,44,59,12,80,0,5,7,22,36,10,89,0,6,36,22,23,2
S01010894,289,0,5,64,87,113,20,135,0,1,7,35,74,18,154,0,4,57,52,39,2
S01010895,134,2,5,32,35,52,8,62,0,2,8,14,33,5,72,2,3,24,21,19,3
S01010896,240,3,9,70,57,85,16,115,1,1,19,27,52,15,125,2,8,51,30,33,1
S01010897,307,2,21,85,81,106,12,156,1,7,21,43,74,10,151,1,14,64,38,32,2
S01010898,244,0,15,70,59,90,10,130,0,6,19,29,67,9,114,0,9,51,30,23,1
S01010899,309,1,15,73,95,102,23,159,1,3,14,50,69,22,150,0,12,59,45,33,1
S01010900,260,1,15,76,55,94,19,118,0,7,11,23,60,17,142,1,8,65,32,34,2
S01010901,150,1,7,50,37,50,5,63,0,2,15,17,26,3,87,1,5,35,20,24,2
S01010902,409,3,23,100,118,137,28,200,2,5,24,55,91,23,209,1,18,76,63,46,5
S01010903,265,1,9,76,71,95,13,120,1,0,13,38,57,11,145,0,9,63,33,38,2
S01010904,207,2,5,60,67,62,11,100,0,1,13,36,40,10,107,2,4,47,31,22,1
S01010905,299,5,12,70,73,112,27,146,3,5,13,30,73,22,153,2,7,57,43,39,5
S01010906,443,3,18,117,123,151,31,220,1,7,24,59,107,22,223,2,11,93,64,44,9
S01010907,317,3,10,62,102,108,32,157,1,2,12,47,69,26,160,2,8,50,55,39,6
S01010908,277,4,12,62,74,97,28,143,2,3,13,41,59,25,134,2,9,49,33,38,3
S01010909,349,3,20,77,84,131,34,176,0,4,23,33,85,31,173,3,16,54,51,46,3
S01010910,179,0,8,50,42,73,6,85,0,2,7,21,50,5,94,0,6,43,21,23,1
S01010911,173,1,10,30,54,66,12,90,1,2,6,25,45,11,83,0,8,24,29,21,1
S01010912,196,1,10,48,45,75,17,92,0,3,8,21,46,14,104,1,7,40,24,29,3
S01010913,328,1,16,75,91,117,28,176,0,4,13,52,82,25,152,1,12,62,39,35,3
S01010914,376,0,17,88,105,147,19,179,0,4,28,47,83,17,197,0,13,60,58,64,2
S01010915,389,2,15,95,99,152,26,189,0,3,13,47,102,24,200,2,12,82,52,50,2
S01010916,178,0,7,39,60,63,9,93,0,3,14,26,41,9,85,0,4,25,34,22,0
S01010917,309,2,6,61,112,101,27,159,0,2,15,53,66,23,150,2,4,46,59,35,4
S01010918,277,3,16,67,69,108,14,134,2,5,7,37,72,11,143,1,11,60,32,36,3
S01010919,325,3,24,80,88,119,11,157,2,7,16,52,71,9,168,1,17,64,36,48,2
S01010920,197,2,12,54,36,72,21,90,1,3,13,16,40,17,107,1,9,41,20,32,4
S01010921,248,2,6,64,62,98,16,128,0,1,18,33,62,14,120,2,5,46,29,36,2
S01010922,301,5,21,81,75,104,15,145,2,5,15,32,77,14,156,3,16,66,43,27,1
S01010923,345,2,13,94,96,130,10,157,0,3,16,49,81,8,188,2,10,78,47,49,2
S01010924,270,4,18,59,78,92,19,141,1,4,13,41,66,16,129,3,14,46,37,26,3
S01010925,311,1,13,97,71,108,21,156,0,2,25,38,71,20,155,1,11,72,33,37,1
S01010926,313,1,22,80,93,94,23,147,0,4,16,45,60,22,166,1,18,64,48,34,1
S01010927,232,1,9,56,63,89,14,116,0,1,6,34,63,12,116,1,8,50,29,26,2
S01010928,259,2,12,73,46,105,21,131,1,5,17,22,69,17,128,1,7,56,24,36,4
S01010929,227,1,13,57,57,86,13,101,0,3,10,28,49,11,126,1,10,47,29,37,2
S01010930,520,1,37,100,84,202,96,269,1,12,19,43,126,68,251,0,25,81,41,76,28
S01010931,217,2,13,37,32,85,48,116,0,1,11,13,52,39,101,2,12,26,19,33,9
S01010932,265,4,12,70,58,97,24,130,2,4,11,28,67,18,135,2,8,59,30,30,6
S01010933,399,3,18,76,92,157,53,217,2,10,15,49,99,42,182,1,8,61,43,58,11
S01010934,549,4,45,95,109,224,72,287,1,20,22,44,149,51,262,3,25,73,65,75,21
S01010935,259,5,18,68,54,89,25,137,1,8,23,28,60,17,122,4,10,45,26,29,8
S01010936,352,2,14,65,110,136,25,171,0,2,20,44,85,20,181,2,12,45,66,51,5
S01010937,412,1,17,90,115,153,36,202,0,5,18,59,99,21,210,1,12,72,56,54,15
S01010938,327,1,23,80,68,138,17,161,1,1,21,26,97,15,166,0,22,59,42,41,2
S01010939,267,1,28,67,62,95,14,151,1,7,19,33,77,14,116,0,21,48,29,18,0
S01010940,369,3,25,81,103,127,30,185,0,8,23,43,89,22,184,3,17,58,60,38,8
S01010941,453,4,34,93,109,171,42,237,1,8,13,59,121,35,216,3,26,80,50,50,7
S01010942,336,2,24,73,84,132,21,180,1,10,21,41,88,19,156,1,14,52,43,44,2
S01010943,304,1,13,80,74,117,19,145,0,4,22,30,77,12,159,1,9,58,44,40,7
S01010944,267,1,11,72,80,89,14,131,1,2,25,36,54,13,136,0,9,47,44,35,1
S01010945,288,3,24,75,56,108,22,133,0,2,19,23,70,19,155,3,22,56,33,38,3
S01010946,407,3,20,91,113,165,15,210,0,6,22,53,115,14,197,3,14,69,60,50,1
S01010947,248,2,12,61,61,99,13,130,2,4,21,26,67,10,118,0,8,40,35,32,3
S01010948,325,2,17,77,79,129,21,169,1,4,16,35,97,16,156,1,13,61,44,32,5
S01010949,509,3,35,125,132,172,42,252,2,5,27,61,122,35,257,1,30,98,71,50,7
S01010950,380,3,19,88,92,146,32,193,0,5,17,43,99,29,187,3,14,71,49,47,3
S01010951,324,4,18,67,87,129,19,166,1,3,14,40,91,17,158,3,15,53,47,38,2
S01010952,300,2,9,72,81,105,31,160,0,5,13,40,76,26,140,2,4,59,41,29,5
S01010953,316,2,20,85,73,114,22,160,1,6,13,35,89,16,156,1,14,72,38,25,6
S01010954,393,2,18,80,62,170,61,232,1,5,23,33,125,45,161,1,13,57,29,45,16
S01010955,479,4,29,95,77,193,81,282,2,11,20,34,148,67,197,2,18,75,43,45,14
S01010956,382,6,23,71,67,135,80,201,1,8,19,30,86,57,181,5,15,52,37,49,23
S01010957,303,1,23,58,95,101,25,151,0,7,9,41,73,21,152,1,16,49,54,28,4
S01010958,231,3,14,42,73,76,23,122,0,3,14,38,48,19,109,3,11,28,35,28,4
S01010959,299,3,33,62,67,102,32,136,1,9,16,32,54,24,163,2,24,46,35,48,8
S01010960,524,5,25,116,113,209,56,267,1,5,16,49,152,44,257,4,20,100,64,57,12
S01010961,270,1,16,57,75,104,17,138,1,5,17,33,67,15,132,0,11,40,42,37,2
S01010962,262,1,9,53,63,116,20,135,0,4,10,26,82,13,127,1,5,43,37,34,7
S01010963,513,1,30,101,127,209,45,249,0,9,18,52,137,33,264,1,21,83,75,72,12
S01010964,255,2,19,65,58,98,13,129,0,7,15,28,67,12,126,2,12,50,30,31,1
S01010965,243,3,13,63,46,98,20,122,2,1,15,17,68,19,121,1,12,48,29,30,1
S01010966,333,2,19,85,91,119,17,166,2,5,17,48,80,14,167,0,14,68,43,39,3
S01010967,311,0,17,78,66,124,26,151,0,6,18,26,80,21,160,0,11,60,40,44,5
S01010968,341,3,15,71,108,128,16,170,1,6,13,50,87,13,171,2,9,58,58,41,3
S01010969,274,3,12,45,95,95,24,134,2,5,7,44,58,18,140,1,7,38,51,37,6
S01010970,477,4,25,115,96,186,51,259,1,6,35,48,127,42,218,3,19,80,48,59,9
S01010971,559,6,29,129,138,214,43,283,2,7,32,59,148,35,276,4,22,97,79,66,8
S01010972,376,4,18,96,95,140,23,196,1,6,20,48,101,20,180,3,12,76,47,39,3
S01010973,247,4,17,58,55,99,14,131,2,2,12,28,74,13,116,2,15,46,27,25,1
S01010974,342,2,14,88,88,135,15,177,2,2,21,40,101,11,165,0,12,67,48,34,4
S01010975,203,1,16,47,47,81,11,107,0,5,7,29,59,7,96,1,11,40,18,22,4
S01010976,267,0,18,62,66,99,22,134,0,5,12,29,69,19,133,0,13,50,37,30,3
S01010977,370,3,17,78,108,142,22,175,0,4,18,43,95,15,195,3,13,60,65,47,7
S01010978,335,3,21,74,90,121,26,168,0,6,18,45,75,24,167,3,15,56,45,46,2
S01010979,392,1,23,97,100,149,22,184,1,7,12,44,106,14,208,0,16,85,56,43,8
S01010980,342,1,17,93,69,138,24,158,0,5,14,33,87,19,184,1,12,79,36,51,5
S01010981,312,0,13,75,79,127,18,146,0,3,15,33,80,15,166,0,10,60,46,47,3
S01010982,566,4,24,122,105,223,88,310,1,5,25,55,150,74,256,3,19,97,50,73,14
S01010983,388,1,18,76,97,164,32,201,0,5,15,51,102,28,187,1,13,61,46,62,4
S01010984,269,2,22,60,70,76,39,140,1,5,8,34,57,35,129,1,17,52,36,19,4
S01010985,302,3,13,73,73,123,17,153,1,2,15,34,85,16,149,2,11,58,39,38,1
S01010986,304,4,23,61,73,114,29,160,2,7,13,32,80,26,144,2,16,48,41,34,3
S01010987,349,3,18,83,79,113,53,184,0,4,13,43,81,43,165,3,14,70,36,32,10
S01010988,348,2,26,74,78,121,47,173,0,6,9,36,82,40,175,2,20,65,42,39,7
S01010989,625,4,29,100,179,253,60,312,2,3,14,82,163,48,313,2,26,86,97,90,12
S01010990,378,1,19,90,95,155,18,187,1,4,19,41,105,17,191,0,15,71,54,50,1
S01010991,291,4,14,47,84,113,29,144,1,2,9,38,72,22,147,3,12,38,46,41,7
S01010992,316,6,10,50,68,136,46,167,3,2,5,34,87,36,149,3,8,45,34,49,10
S01010993,336,0,17,71,91,128,29,167,0,4,7,45,90,21,169,0,13,64,46,38,8
S01010994,536,7,30,102,109,203,85,275,1,11,18,53,130,62,261,6,19,84,56,73,23
S01010995,406,4,28,105,98,140,31,194,0,9,26,42,95,22,212,4,19,79,56,45,9
S01010996,320,5,21,64,62,125,43,165,0,3,10,34,85,33,155,5,18,54,28,40,10
S01010997,289,0,14,61,68,111,35,154,0,5,11,31,79,28,135,0,9,50,37,32,7
S01010998,289,5,14,56,58,109,47,148,1,4,15,22,70,36,141,4,10,41,36,39,11
S01010999,381,7,20,79,88,129,58,198,5,7,16,43,87,40,183,2,13,63,45,42,18
S01011000,439,6,25,87,111,149,61,234,2,6,25,51,100,50,205,4,19,62,60,49,11
S01011001,315,2,24,60,93,113,23,162,1,12,7,46,77,19,153,1,12,53,47,36,4
S01011002,331,1,19,74,88,127,22,166,0,4,14,42,86,20,165,1,15,60,46,41,2
S01011003,321,5,17,86,88,111,14,156,2,2,20,43,76,13,165,3,15,66,45,35,1
S01011004,340,1,18,73,96,115,37,166,1,4,13,45,72,31,174,0,14,60,51,43,6
S01011005,295,1,23,61,77,116,17,152,1,8,17,35,76,15,143,0,15,44,42,40,2
S01011006,554,3,24,92,142,231,62,282,0,6,21,57,151,47,272,3,18,71,85,80,15
S01011007,305,1,26,67,83,120,8,153,0,5,9,39,93,7,152,1,21,58,44,27,1
S01011008,361,6,28,67,83,153,24,188,4,5,13,38,109,19,173,2,23,54,45,44,5
S01011009,281,2,13,70,77,106,13,130,1,4,12,32,72,9,151,1,9,58,45,34,4
S01011010,264,2,14,40,75,112,21,138,0,9,13,42,58,16,126,2,5,27,33,54,5
S01011011,314,2,10,81,83,116,22,156,0,4,22,39,72,19,158,2,6,59,44,44,3
S01011012,273,3,13,80,57,108,12,132,1,3,13,30,76,9,141,2,10,67,27,32,3
S01011013,367,2,14,95,102,128,26,186,1,3,15,52,92,23,181,1,11,80,50,36,3
S01011014,458,4,23,100,127,178,26,231,0,9,18,59,123,22,227,4,14,82,68,55,4
S01011015,241,4,10,60,62,86,19,119,0,1,14,32,56,16,122,4,9,46,30,30,3
S01011016,495,4,22,88,116,200,65,257,1,4,17,58,123,54,238,3,18,71,58,77,11
S01011017,438,4,36,90,82,156,70,216,1,10,29,35,91,50,222,3,26,61,47,65,20
S01011018,423,4,23,85,95,185,31,225,1,6,17,48,130,23,198,3,17,68,47,55,8
S01011019,530,5,32,112,104,189,88,279,1,4,22,49,136,67,251,4,28,90,55,53,21
S01011020,255,4,17,38,53,113,30,136,2,3,9,21,77,24,119,2,14,29,32,36,6
S01011021,395,4,16,93,105,155,22,201,1,5,20,50,105,20,194,3,11,73,55,50,2
S01011022,269,2,13,73,68,102,11,134,0,3,17,37,68,9,135,2,10,56,31,34,2
S01011023,409,5,17,97,110,147,33,206,2,2,21,55,97,29,203,3,15,76,55,50,4
S01011024,321,1,12,90,72,124,22,152,0,5,16,30,82,19,169,1,7,74,42,42,3
S01011025,351,2,23,94,88,123,21,171,1,5,22,38,87,18,180,1,18,72,50,36,3
S01011026,265,1,9,62,61,114,18,137,1,4,13,28,75,16,128,0,5,49,33,39,2
S01011027,386,1,16,91,87,175,16,198,0,5,17,38,122,16,188,1,11,74,49,53,0
S01011028,371,1,24,92,100,137,17,185,0,5,16,42,108,14,186,1,19,76,58,29,3
S01011029,297,2,18,60,87,119,11,153,1,3,9,44,89,7,144,1,15,51,43,30,4
S01011030,552,4,18,115,147,229,39,284,4,3,18,68,158,33,268,0,15,97,79,71,6
S01011031,309,0,14,87,76,121,11,143,0,2,13,32,85,11,166,0,12,74,44,36,0
S01011032,355,3,17,93,94,127,21,180,1,5,28,41,89,16,175,2,12,65,53,38,5
S01011033,360,2,21,60,101,154,22,186,0,5,11,43,107,20,174,2,16,49,58,47,2
S01011034,299,0,20,67,70,117,25,138,0,5,19,33,61,20,161,0,15,48,37,56,5
S01011035,311,1,16,72,92,121,9,155,1,3,20,40,83,8,156,0,13,52,52,38,1
S01011036,341,1,18,75,91,133,23,177,1,3,16,49,88,20,164,0,15,59,42,45,3
S01011037,415,4,19,104,106,148,34,211,2,6,18,57,103,25,204,2,13,86,49,45,9
S01011038,348,3,19,87,105,109,25,174,0,5,14,57,77,21,174,3,14,73,48,32,4
S01011039,400,0,13,79,99,171,38,220,0,5,15,50,118,32,180,0,8,64,49,53,6
S01011040,308,4,9,73,78,129,15,153,1,3,16,35,86,12,155,3,6,57,43,43,3
S01011041,278,2,11,83,69,98,15,130,0,3,11,35,69,12,148,2,8,72,34,29,3
S01011042,430,4,20,86,124,158,38,212,0,2,16,52,114,28,218,4,18,70,72,44,10
S01011043,302,1,12,77,70,125,17,158,1,4,14,44,83,12,144,0,8,63,26,42,5
S01011044,309,5,21,67,71,122,23,147,1,10,17,30,73,16,162,4,11,50,41,49,7
S01011045,386,10,35,71,41,128,101,211,2,8,18,11,89,83,175,8,27,53,30,39,18
S01011046,458,6,27,77,54,168,126,268,1,3,20,22,118,104,190,5,24,57,32,50,22
S01011047,465,6,31,86,57,194,91,253,0,0,8,32,136,77,212,6,31,78,25,58,14
S01011048,470,6,35,104,65,173,87,244,2,10,13,23,130,66,226,4,25,91,42,43,21
S01011049,351,3,20,76,46,164,42,195,1,4,12,20,119,39,156,2,16,64,26,45,3
S01011050,411,5,32,70,52,176,76,231,2,7,11,21,124,66,180,3,25,59,31,52,10
S01011051,476,12,31,111,53,195,74,254,2,1,13,29,151,58,222,10,30,98,24,44,16
S01011052,370,2,20,87,53,157,51,188,1,3,11,25,106,42,182,1,17,76,28,51,9
S01011053,293,1,10,60,50,135,37,161,1,3,11,21,96,29,132,0,7,49,29,39,8
S01011054,279,3,14,69,34,117,42,148,2,4,16,12,78,36,131,1,10,53,22,39,6
S01011055,297,1,11,66,37,118,64,171,1,4,10,18,85,53,126,0,7,56,19,33,11
S01011056,372,4,30,71,48,118,101,209,1,6,10,17,83,92,163,3,24,61,31,35,9
S01011057,313,5,19,59,59,120,51,180,3,4,14,24,91,44,133,2,15,45,35,29,7
S01011058,348,5,20,74,47,120,82,187,0,4,16,15,83,69,161,5,16,58,32,37,13
S01011059,323,6,31,65,48,102,71,183,0,7,16,16,80,64,140,6,24,49,32,22,7
S01011060,394,2,32,93,60,144,63,215,0,8,14,21,113,59,179,2,24,79,39,31,4
S01011061,425,4,29,104,66,158,64,219,0,7,15,26,114,57,206,4,22,89,40,44,7
S01011062,486,3,39,98,76,200,70,271,1,8,15,33,150,64,215,2,31,83,43,50,6
S01011063,462,4,33,125,71,181,48,230,0,8,20,26,133,43,232,4,25,105,45,48,5
S01011064,517,2,34,98,105,199,79,279,1,6,16,42,146,68,238,1,28,82,63,53,11
S01011065,327,9,27,64,44,96,87,188,2,7,20,18,73,68,139,7,20,44,26,23,19
S01011066,231,3,15,55,26,73,59,121,0,2,11,11,47,50,110,3,13,44,15,26,9
S01011067,236,5,17,47,22,87,58,134,1,3,8,10,63,49,102,4,14,39,12,24,9
S01011068,242,3,28,46,34,65,66,129,1,3,5,13,49,58,113,2,25,41,21,16,8
S01011069,244,1,29,50,37,76,51,138,1,4,10,17,58,48,106,0,25,40,20,18,3
S01011070,310,4,27,64,50,86,79,177,0,4,12,20,62,79,133,4,23,52,30,24,0
S01011071,388,11,26,68,47,128,108,221,3,8,11,17,90,92,167,8,18,57,30,38,16
S01011072,516,5,42,112,63,168,126,271,2,7,18,14,116,114,245,3,35,94,49,52,12
S01011073,354,5,41,74,45,114,75,200,0,10,15,13,91,71,154,5,31,59,32,23,4
S01011074,320,1,28,73,35,88,95,176,0,6,8,14,59,89,144,1,22,65,21,29,6
S01011075,313,1,22,82,40,102,66,159,1,3,8,16,71,60,154,0,19,74,24,31,6
S01011076,331,5,20,69,52,95,90,183,2,6,8,20,66,81,148,3,14,61,32,29,9
S01011077,300,2,20,102,33,84,59,138,0,4,14,11,60,49,162,2,16,88,22,24,10
S01011078,532,7,45,111,59,172,138,290,3,11,13,26,112,125,242,4,34,98,33,60,13
S01011079,541,5,37,108,64,189,138,311,0,5,24,26,131,125,230,5,32,84,38,58,13
S01011080,468,6,39,94,60,147,122,256,2,7,13,23,103,108,212,4,32,81,37,44,14
S01011081,380,4,30,100,35,135,76,208,3,4,10,18,102,71,172,1,26,90,17,33,5
S01011082,212,2,13,57,22,67,51,111,1,3,5,10,47,45,101,1,10,52,12,20,6
S01011083,370,4,22,101,48,118,77,209,1,6,23,23,94,62,161,3,16,78,25,24,15
S01011084,372,6,29,76,52,136,73,203,3,12,14,19,92,63,169,3,17,62,33,44,10
S01011085,442,5,28,101,80,177,51,219,0,6,24,29,121,39,223,5,22,77,51,56,12
S01011086,311,2,20,58,48,128,55,187,1,8,12,22,97,47,124,1,12,46,26,31,8
S01011087,286,0,15,54,40,142,35,149,0,3,12,15,87,32,137,0,12,42,25,55,3
S01011088,457,4,35,84,68,179,87,235,2,6,20,23,118,66,222,2,29,64,45,61,21
S01011089,276,2,23,73,45,97,36,138,1,3,13,19,73,29,138,1,20,60,26,24,7
S01011090,369,2,34,61,49,127,96,206,0,3,10,18,95,80,163,2,31,51,31,32,16
S01011091,360,1,18,79,59,119,84,203,0,5,14,29,83,72,157,1,13,65,30,36,12
S01011092,186,1,17,56,24,64,24,90,0,6,8,11,44,21,96,1,11,48,13,20,3
S01011093,336,4,17,65,58,114,78,185,1,5,11,21,83,64,151,3,12,54,37,31,14
S01011094,275,4,21,64,36,91,59,148,1,8,13,11,69,46,127,3,13,51,25,22,13
S01011095,436,5,21,84,76,169,81,245,1,5,15,33,123,68,191,4,16,69,43,46,13
S01011096,315,2,16,52,58,129,58,166,0,3,8,21,84,50,149,2,13,44,37,45,8
S01011097,376,3,32,86,47,143,65,204,1,7,14,23,108,51,172,2,25,72,24,35,14
S01011098,402,3,18,91,65,171,54,216,1,2,11,32,124,46,186,2,16,80,33,47,8
S01011099,411,3,22,102,68,164,52,218,1,2,29,23,119,44,193,2,20,73,45,45,8
S01011100,209,4,8,44,28,93,32,115,0,4,6,9,67,29,94,4,4,38,19,26,3
S01011101,272,2,19,72,30,125,24,144,2,3,11,10,98,20,128,0,16,61,20,27,4
S01011102,301,1,13,71,46,138,32,151,0,2,19,15,91,24,150,1,11,52,31,47,8
S01011103,276,2,22,56,42,122,32,143,2,3,12,18,81,27,133,0,19,44,24,41,5
S01011104,280,3,22,53,59,98,45,144,1,5,11,26,70,31,136,2,17,42,33,28,14
S01011105,408,3,8,86,63,191,57,203,0,1,13,23,121,45,205,3,7,73,40,70,12
S01011106,451,4,17,109,42,233,46,248,2,1,9,17,180,39,203,2,16,100,25,53,7
S01011107,488,1,27,102,63,217,78,246,0,3,16,28,129,70,242,1,24,86,35,88,8
S01011108,299,1,21,84,46,119,28,154,0,2,15,25,88,24,145,1,19,69,21,31,4
S01011109,434,2,23,88,82,189,50,225,0,4,11,31,132,47,209,2,19,77,51,57,3
S01011110,369,10,22,87,71,142,37,188,3,8,12,30,106,29,181,7,14,75,41,36,8
S01011111,422,3,27,116,61,157,58,213,1,3,17,32,106,54,209,2,24,99,29,51,4
S01011112,514,3,38,100,75,216,82,258,0,4,9,27,145,73,256,3,34,91,48,71,9
S01011113,486,2,32,106,98,203,45,252,1,9,20,43,139,40,234,1,23,86,55,64,5
S01011114,403,3,29,72,63,173,63,216,0,2,15,23,120,56,187,3,27,57,40,53,7
S01011115,461,2,31,118,69,200,41,240,0,7,22,27,148,36,221,2,24,96,42,52,5
S01011116,333,1,20,75,58,136,43,179,1,5,13,26,96,38,154,0,15,62,32,40,5
S01011117,371,1,23,69,69,140,69,207,1,3,19,27,103,54,164,0,20,50,42,37,15
S01011118,413,4,22,82,55,183,67,209,1,4,12,26,118,48,204,3,18,70,29,65,19
S01011119,427,6,30,86,76,169,60,229,2,6,20,31,125,45,198,4,24,66,45,44,15
S01011120,297,5,23,54,54,100,61,156,3,8,9,21,68,47,141,2,15,45,33,32,14
S01011121,290,1,13,57,45,135,39,155,0,3,7,17,99,29,135,1,10,50,28,36,10
S01011122,337,0,11,79,58,147,42,174,0,5,14,19,98,38,163,0,6,65,39,49,4
S01011123,565,0,35,131,108,228,63,306,0,7,20,52,171,56,259,0,28,111,56,57,7
S01011124,345,0,34,73,53,138,47,175,0,3,13,18,98,43,170,0,31,60,35,40,4
S01011125,268,2,16,72,46,110,22,133,0,4,10,22,76,21,135,2,12,62,24,34,1
S01011126,250,1,22,58,29,114,26,134,0,3,9,16,83,23,116,1,19,49,13,31,3
S01011127,241,1,13,42,25,135,25,153,0,2,4,10,113,24,88,1,11,38,15,22,1
S01011128,362,3,21,83,59,152,44,191,2,6,15,24,105,39,171,1,15,68,35,47,5
S01011129,489,9,37,94,70,177,102,263,2,6,16,25,122,92,226,7,31,78,45,55,10
S01011130,273,0,12,52,50,132,27,151,0,2,8,20,99,22,122,0,10,44,30,33,5
S01011131,352,0,17,64,72,144,55,202,0,5,11,36,101,49,150,0,12,53,36,43,6
S01011132,465,8,41,80,88,153,95,262,3,7,20,39,109,84,203,5,34,60,49,44,11
S01011133,219,1,14,46,28,95,35,120,0,3,9,17,61,30,99,1,11,37,11,34,5
S01011134,400,4,21,78,67,158,72,231,2,5,23,29,110,62,169,2,16,55,38,48,10
S01011135,379,0,19,105,48,161,46,199,0,2,21,19,118,39,180,0,17,84,29,43,7
S01011136,326,5,20,67,61,112,61,172,2,3,11,33,72,51,154,3,17,56,28,40,10
S01011137,240,9,9,56,33,92,41,119,2,2,5,11,64,35,121,7,7,51,22,28,6
S01011138,335,1,18,83,48,141,44,183,1,3,15,23,103,38,152,0,15,68,25,38,6
S01011139,977,4,19,76,79,648,151,722,1,3,13,39,537,129,255,3,16,63,40,111,22
S01011140,278,3,13,62,43,121,36,144,0,1,13,17,82,31,134,3,12,49,26,39,5
S01011141,280,3,17,76,44,112,28,140,1,4,11,17,81,26,140,2,13,65,27,31,2
S01011142,435,7,16,84,71,170,87,231,3,2,13,37,111,65,204,4,14,71,34,59,22
S01011143,460,11,39,107,77,150,76,232,2,6,19,37,103,65,228,9,33,88,40,47,11
S01011144,370,4,36,81,54,126,69,200,1,11,18,27,83,60,170,3,25,63,27,43,9
S01011145,336,3,23,75,42,126,67,174,0,3,15,16,88,52,162,3,20,60,26,38,15
S01011146,345,3,21,76,61,131,53,182,0,7,8,26,93,48,163,3,14,68,35,38,5
S01011147,531,6,22,117,98,216,72,297,0,4,22,51,159,61,234,6,18,95,47,57,11
S01011148,419,4,20,69,64,154,108,240,1,6,15,24,106,88,179,3,14,54,40,48,20
S01011149,545,2,31,74,60,276,102,354,1,9,22,32,203,87,191,1,22,52,28,73,15
S01011150,247,1,6,37,47,122,34,137,0,0,5,15,90,27,110,1,6,32,32,32,7
S01011151,275,1,20,46,35,135,38,159,0,4,10,14,100,31,116,1,16,36,21,35,7
S01011152,332,5,21,77,60,126,43,172,2,6,17,26,84,37,160,3,15,60,34,42,6
S01011153,385,4,31,78,66,160,46,211,0,8,19,23,119,42,174,4,23,59,43,41,4
S01011154,248,3,11,68,43,98,25,141,0,5,23,19,74,20,107,3,6,45,24,24,5
S01011155,274,4,19,78,48,92,33,148,2,8,20,24,67,27,126,2,11,58,24,25,6
S01011156,307,1,23,56,62,127,38,156,0,2,10,19,91,34,151,1,21,46,43,36,4
S01011157,304,5,21,61,60,124,33,160,0,9,6,27,88,30,144,5,12,55,33,36,3
S01011158,228,2,18,56,47,68,37,121,1,4,13,25,48,30,107,1,14,43,22,20,7
S01011159,222,0,17,51,29,102,23,113,0,2,6,10,76,19,109,0,15,45,19,26,4
S01011160,479,3,22,116,81,209,48,255,0,4,18,31,159,43,224,3,18,98,50,50,5
S01011161,301,4,15,89,60,110,23,155,1,3,21,26,83,21,146,3,12,68,34,27,2
S01011162,200,2,14,48,25,90,21,111,0,5,13,10,66,17,89,2,9,35,15,24,4
S01011163,406,2,26,104,83,156,35,209,0,4,15,42,117,31,197,2,22,89,41,39,4
S01011164,341,3,22,92,61,118,45,171,1,5,16,21,88,40,170,2,17,76,40,30,5
S01011165,311,1,23,77,66,117,27,167,0,6,13,37,86,25,144,1,17,64,29,31,2
S01011166,235,7,19,60,34,83,32,122,5,3,8,16,61,29,113,2,16,52,18,22,3
S01011167,358,4,24,78,66,125,61,189,1,6,18,26,85,53,169,3,18,60,40,40,8
S01011168,429,3,31,91,52,156,96,243,0,6,22,18,115,82,186,3,25,69,34,41,14
S01011169,522,2,41,101,95,212,71,279,2,10,12,41,155,59,243,0,31,89,54,57,12
S01011170,432,8,28,105,73,158,60,236,3,6,32,39,105,51,196,5,22,73,34,53,9
S01011171,463,2,37,96,58,175,95,240,0,9,25,25,112,69,223,2,28,71,33,63,26
S01011172,351,7,25,81,43,127,68,184,3,9,23,13,82,54,167,4,16,58,30,45,14
S01011173,236,4,17,48,34,86,47,122,2,8,12,19,49,32,114,2,9,36,15,37,15
S01011174,186,3,11,39,24,78,31,101,1,3,12,7,58,20,85,2,8,27,17,20,11
S01011175,217,3,7,63,46,78,20,101,0,3,9,20,53,16,116,3,4,54,26,25,4
S01011176,225,1,15,41,34,91,43,116,0,8,11,12,56,29,109,1,7,30,22,35,14
S01011177,423,4,24,107,57,174,57,214,2,5,26,29,116,36,209,2,19,81,28,58,21
S01011178,218,1,9,42,45,92,29,113,1,1,6,20,61,24,105,0,8,36,25,31,5
S01011179,281,5,19,61,48,122,26,133,2,3,2,20,85,21,148,3,16,59,28,37,5
S01011180,220,0,13,58,49,79,21,105,0,4,7,19,59,16,115,0,9,51,30,20,5
S01011181,254,3,17,52,42,92,48,141,1,5,15,20,61,39,113,2,12,37,22,31,9
S01011182,219,0,15,50,37,75,42,120,0,2,11,20,53,34,99,0,13,39,17,22,8
S01011183,265,4,14,61,58,94,34,134,0,2,17,24,68,23,131,4,12,44,34,26,11
S01011184,428,1,20,96,91,163,57,217,1,8,10,38,113,47,211,0,12,86,53,50,10
S01011185,320,3,19,64,74,138,22,163,2,3,7,40,93,18,157,1,16,57,34,45,4
S01011186,387,2,27,88,87,145,38,194,0,9,14,38,104,29,193,2,18,74,49,41,9
S01011187,346,2,21,83,87,123,30,173,2,7,14,41,85,24,173,0,14,69,46,38,6
S01011188,422,0,19,115,90,171,27,227,0,5,29,43,127,23,195,0,14,86,47,44,4
S01011189,400,1,18,79,119,151,32,197,0,3,12,56,101,25,203,1,15,67,63,50,7
S01011190,264,4,17,54,51,113,25,134,0,2,7,27,77,21,130,4,15,47,24,36,4
S01011191,240,1,8,59,57,103,12,113,0,2,8,29,65,9,127,1,6,51,28,38,3
S01011192,335,0,11,74,80,151,19,170,0,2,12,38,101,17,165,0,9,62,42,50,2
S01011193,287,3,15,65,72,113,19,146,0,1,13,34,81,17,141,3,14,52,38,32,2
S01011194,275,1,22,74,57,101,20,132,0,6,21,19,70,16,143,1,16,53,38,31,4
S01011195,352,2,16,88,95,139,12,171,0,4,15,42,99,11,181,2,12,73,53,40,1
S01011196,357,0,15,89,69,158,26,177,0,1,17,33,107,19,180,0,14,72,36,51,7
S01011197,314,1,17,93,57,125,21,158,0,3,24,24,89,18,156,1,14,69,33,36,3
S01011198,264,2,12,72,45,114,19,125,0,2,14,19,76,14,139,2,10,58,26,38,5
S01011199,367,2,15,77,92,155,26,177,1,6,14,40,96,20,190,1,9,63,52,59,6
S01011200,355,4,12,70,94,146,29,188,1,3,16,42,103,23,167,3,9,54,52,43,6
S01011201,297,1,13,68,77,118,20,157,0,5,14,40,81,17,140,1,8,54,37,37,3
S01011202,377,2,22,97,108,129,19,167,0,5,15,45,87,15,210,2,17,82,63,42,4
S01011203,381,4,17,79,102,146,33,175,0,5,11,39,92,28,206,4,12,68,63,54,5
S01011204,296,2,18,63,78,104,31,143,1,4,14,35,69,20,153,1,14,49,43,35,11
S01011205,392,4,20,82,76,163,47,199,1,7,13,32,104,42,193,3,13,69,44,59,5
S01011206,397,1,18,81,103,153,41,205,1,1,12,49,107,35,192,0,17,69,54,46,6
S01011207,353,4,11,80,89,140,29,182,1,5,13,33,106,24,171,3,6,67,56,34,5
S01011208,523,5,26,114,128,206,44,261,2,3,15,57,148,36,262,3,23,99,71,58,8
S01011209,276,0,12,79,62,107,16,137,0,2,20,31,70,14,139,0,10,59,31,37,2
S01011210,368,4,24,76,70,147,47,200,1,9,21,30,102,37,168,3,15,55,40,45,10
S01011211,380,2,32,79,87,152,28,185,2,11,10,36,103,23,195,0,21,69,51,49,5
S01011212,226,0,13,66,52,77,18,107,0,3,7,24,58,15,119,0,10,59,28,19,3
S01011213,417,2,30,117,88,146,34,195,1,11,15,41,99,28,222,1,19,102,47,47,6
S01011214,312,3,18,96,67,109,19,149,0,0,27,32,75,15,163,3,18,69,35,34,4
S01011215,201,1,12,70,39,64,15,93,1,3,12,17,49,11,108,0,9,58,22,15,4
S01011216,183,3,9,52,33,72,14,86,0,2,11,16,48,9,97,3,7,41,17,24,5
S01011217,295,1,23,87,58,107,19,139,0,2,24,26,71,16,156,1,21,63,32,36,3
S01011218,214,1,11,65,51,70,16,104,0,2,15,25,48,14,110,1,9,50,26,22,2
S01011219,317,0,24,82,63,132,16,151,0,8,14,24,92,13,166,0,16,68,39,40,3
S01011220,365,1,25,83,80,148,28,181,1,5,9,38,101,27,184,0,20,74,42,47,1
S01011221,428,7,23,105,93,172,28,207,2,5,25,34,115,26,221,5,18,80,59,57,2
S01011222,275,3,16,66,74,98,18,141,1,7,11,37,68,17,134,2,9,55,37,30,1
S01011223,366,1,23,89,83,153,17,176,1,4,17,41,100,13,190,0,19,72,42,53,4
S01011224,268,1,16,65,61,105,20,144,0,6,12,33,74,19,124,1,10,53,28,31,1
S01011225,253,0,10,78,48,90,27,126,0,3,17,24,62,20,127,0,7,61,24,28,7
S01011226,411,3,22,93,92,168,33,206,1,7,12,44,114,28,205,2,15,81,48,54,5
S01011227,320,3,20,69,69,129,30,171,0,9,21,31,84,26,149,3,11,48,38,45,4
S01011228,308,4,12,69,60,130,33,161,3,2,11,35,83,27,147,1,10,58,25,47,6
S01011229,166,1,11,37,40,61,16,78,0,1,10,16,38,13,88,1,10,27,24,23,3
S01011230,261,3,16,72,56,100,14,129,0,3,19,24,74,9,132,3,13,53,32,26,5
S01011231,207,1,11,58,52,73,12,104,0,2,15,24,53,10,103,1,9,43,28,20,2
S01011232,446,3,23,92,100,178,50,233,1,6,26,48,113,39,213,2,17,66,52,65,11
S01011233,119,0,3,29,35,38,14,57,0,0,4,14,28,11,62,0,3,25,21,10,3
S01011234,364,2,22,102,84,123,31,176,0,7,23,35,83,28,188,2,15,79,49,40,3
S01011235,121,1,4,29,34,42,11,58,0,1,9,18,22,8,63,1,3,20,16,20,3
S01011236,236,0,7,63,57,89,20,117,0,3,13,27,59,15,119,0,4,50,30,30,5
S01011237,277,1,18,81,56,96,25,137,1,6,20,23,68,19,140,0,12,61,33,28,6
S01011238,216,1,10,68,53,66,18,101,0,0,15,26,46,14,115,1,10,53,27,20,4
S01011239,253,3,14,68,58,87,23,136,2,2,24,30,60,18,117,1,12,44,28,27,5
S01011240,248,0,13,51,60,103,21,118,0,4,10,25,60,19,130,0,9,41,35,43,2
S01011241,406,3,16,89,93,164,41,223,3,4,23,42,120,31,183,0,12,66,51,44,10
S01011242,298,4,19,73,74,94,34,142,1,1,14,31,72,23,156,3,18,59,43,22,11
S01011243,283,5,15,66,50,119,28,123,0,3,15,13,74,18,160,5,12,51,37,45,10
S01011244,246,1,18,57,63,80,27,118,1,5,9,21,60,22,128,0,13,48,42,20,5
S01011245,305,5,16,95,67,102,20,130,1,2,17,28,68,14,175,4,14,78,39,34,6
S01011246,415,4,22,92,100,153,44,201,3,6,20,43,97,32,214,1,16,72,57,56,12
S01011247,340,1,21,67,99,116,36,173,1,7,18,40,76,31,167,0,14,49,59,40,5
S01011248,386,4,16,109,87,133,37,179,1,3,15,43,89,28,207,3,13,94,44,44,9
S01011249,368,3,19,75,100,138,33,180,1,6,13,51,80,29,188,2,13,62,49,58,4
S01011250,422,0,27,129,93,135,38,187,0,10,26,32,84,35,235,0,17,103,61,51,3
S01011251,365,1,19,100,93,116,36,170,1,2,24,32,78,33,195,0,17,76,61,38,3
S01011252,307,0,12,95,65,108,27,142,0,7,17,32,65,21,165,0,5,78,33,43,6
S01011253,324,1,14,115,56,118,20,147,1,4,24,25,78,15,177,0,10,91,31,40,5
S01011254,527,5,32,112,129,194,55,275,1,9,14,54,153,44,252,4,23,98,75,41,11
S01011255,423,6,16,80,111,158,52,218,2,5,18,48,101,44,205,4,11,62,63,57,8
S01011256,249,1,11,56,47,103,31,122,0,0,7,14,74,27,127,1,11,49,33,29,4
S01011257,160,2,15,39,34,56,14,82,1,3,9,17,39,13,78,1,12,30,17,17,1
S01011258,267,3,17,51,68,104,24,137,2,5,11,33,67,19,130,1,12,40,35,37,5
S01011259,313,1,13,72,81,111,35,165,0,3,19,44,74,25,148,1,10,53,37,37,10
S01011260,302,2,21,68,94,95,22,150,0,1,20,48,66,15,152,2,20,48,46,29,7
S01011261,268,5,19,72,59,91,22,134,3,5,13,26,72,15,134,2,14,59,33,19,7
S01011262,205,1,9,60,41,80,14,99,0,2,10,16,60,11,106,1,7,50,25,20,3
S01011263,524,0,18,122,132,205,47,260,0,7,22,56,134,41,264,0,11,100,76,71,6
S01011264,267,5,15,78,64,81,24,127,1,6,16,26,60,18,140,4,9,62,38,21,6
S01011265,376,4,13,138,87,115,19,162,1,3,25,35,83,15,214,3,10,113,52,32,4
S01011266,378,3,17,101,86,136,35,183,2,1,14,42,93,31,195,1,16,87,44,43,4
S01011267,246,1,13,48,67,92,25,121,1,5,4,25,66,20,125,0,8,44,42,26,5
S01011268,160,2,10,34,39,63,12,89,1,3,7,22,46,10,71,1,7,27,17,17,2
S01011269,187,2,10,52,44,64,15,87,0,1,11,16,46,13,100,2,9,41,28,18,2
S01011270,284,3,13,59,73,113,23,137,1,3,14,26,74,19,147,2,10,45,47,39,4
S01011271,297,2,26,65,69,111,24,146,0,8,8,31,78,21,151,2,18,57,38,33,3
S01011272,289,4,19,56,77,111,22,140,1,4,11,32,74,18,149,3,15,45,45,37,4
S01011273,319,1,15,84,78,123,18,145,0,2,14,36,80,13,174,1,13,70,42,43,5
S01011274,351,3,17,90,87,131,23,179,2,6,13,40,97,21,172,1,11,77,47,34,2
S01011275,231,1,12,72,42,90,14,117,0,5,13,23,63,13,114,1,7,59,19,27,1
S01011276,370,4,22,101,88,128,27,196,0,5,28,46,92,25,174,4,17,73,42,36,2
S01011277,371,1,27,61,103,149,30,190,0,8,12,50,100,20,181,1,19,49,53,49,10
S01011278,307,1,8,62,78,134,24,154,0,3,11,32,89,19,153,1,5,51,46,45,5
S01011279,322,1,9,61,99,121,31,162,0,3,8,52,78,21,160,1,6,53,47,43,10
S01011280,283,1,21,55,63,107,36,151,0,6,9,29,80,27,132,1,15,46,34,27,9
S01011281,346,2,25,59,92,129,39,177,1,6,11,48,79,32,169,1,19,48,44,50,7
S01011282,495,1,21,102,114,216,41,242,0,4,13,44,152,29,253,1,17,89,70,64,12
S01011283,426,3,20,80,95,178,50,229,1,6,13,48,120,41,197,2,14,67,47,58,9
S01011284,348,5,11,66,83,141,42,177,1,4,7,33,93,39,171,4,7,59,50,48,3
S01011285,307,2,18,81,77,118,11,133,0,3,18,35,68,9,174,2,15,63,42,50,2
S01011286,289,4,17,78,60,110,20,140,2,1,18,32,72,15,149,2,16,60,28,38,5
S01011287,330,1,16,94,68,134,17,150,0,5,18,29,84,14,180,1,11,76,39,50,3
S01011288,323,3,13,101,70,114,22,144,1,2,18,30,75,18,179,2,11,83,40,39,4
S01011289,378,1,27,105,77,136,32,173,1,7,15,37,86,27,205,0,20,90,40,50,5
S01011290,443,2,31,120,96,160,34,230,0,12,31,42,118,27,213,2,19,89,54,42,7
S01011291,329,1,15,77,85,135,16,166,0,2,18,40,96,10,163,1,13,59,45,39,6
S01011292,239,1,9,62,53,93,21,121,0,0,18,22,66,15,118,1,9,44,31,27,6
S01011293,295,3,19,85,58,114,16,139,0,6,13,18,87,15,156,3,13,72,40,27,1
S01011294,275,5,10,61,60,117,22,137,1,2,19,25,71,19,138,4,8,42,35,46,3
S01011295,435,3,29,79,105,163,56,218,0,7,16,47,102,46,217,3,22,63,58,61,10
S01011296,220,1,16,51,62,71,19,95,0,3,9,22,47,14,125,1,13,42,40,24,5
S01011297,362,2,31,98,69,139,23,172,2,6,23,26,100,15,190,0,25,75,43,39,8
S01011298,230,1,26,57,49,81,16,120,1,9,14,22,62,12,110,0,17,43,27,19,4
S01011299,267,1,19,48,37,82,80,150,1,6,14,14,56,59,117,0,13,34,23,26,21
S01011300,359,3,22,85,74,154,21,181,0,4,9,41,108,19,178,3,18,76,33,46,2
S01011301,329,1,14,60,75,127,52,174,0,2,11,30,92,39,155,1,12,49,45,35,13
S01011302,293,2,15,56,67,127,26,149,0,1,14,29,82,23,144,2,14,42,38,45,3
S01011303,523,3,40,95,134,199,52,273,1,9,13,69,140,41,250,2,31,82,65,59,11
S01011304,280,2,24,59,68,103,24,148,0,7,13,37,74,17,132,2,17,46,31,29,7
S01011305,365,1,21,64,92,157,30,192,0,3,14,43,108,24,173,1,18,50,49,49,6
S01011306,201,3,9,38,37,93,21,102,1,2,5,16,60,18,99,2,7,33,21,33,3
S01011307,219,2,9,34,37,70,67,133,0,4,10,18,44,57,86,2,5,24,19,26,10
S01011308,221,1,8,48,26,80,58,118,0,2,8,14,48,46,103,1,6,40,12,32,12
S01011309,311,2,23,64,65,100,57,162,1,6,12,32,60,51,149,1,17,52,33,40,6
S01011310,297,1,19,65,86,88,38,158,0,6,19,42,63,28,139,1,13,46,44,25,10
S01011311,333,4,23,72,66,117,51,162,2,5,16,30,73,36,171,2,18,56,36,44,15
S01011312,476,6,31,89,99,158,93,256,3,11,17,45,102,78,220,3,20,72,54,56,15
S01011313,328,5,20,74,72,124,33,162,2,7,16,28,84,25,166,3,13,58,44,40,8
S01011314,515,4,35,114,109,185,68,275,0,12,26,55,130,52,240,4,23,88,54,55,16
S01011315,170,4,9,50,23,66,18,79,1,1,8,13,42,14,91,3,8,42,10,24,4
S01011316,290,4,14,81,61,101,29,131,1,2,12,22,72,22,159,3,12,69,39,29,7
S01011317,260,2,21,62,44,93,38,130,1,8,10,17,64,30,130,1,13,52,27,29,8
S01011318,355,5,18,70,68,154,40,196,2,5,16,34,110,29,159,3,13,54,34,44,11
S01011319,318,2,33,65,55,127,36,166,0,9,13,32,84,28,152,2,24,52,23,43,8
S01011320,211,2,15,44,47,81,22,109,0,6,4,23,57,19,102,2,9,40,24,24,3
S01011321,326,3,27,77,73,120,26,155,2,8,11,30,80,24,171,1,19,66,43,40,2
S01011322,296,2,30,67,67,104,26,147,1,8,14,31,77,16,149,1,22,53,36,27,10
S01011323,412,10,23,90,108,150,31,200,4,4,8,48,107,29,212,6,19,82,60,43,2
S01011324,187,3,15,52,31,61,25,98,1,7,11,18,42,19,89,2,8,41,13,19,6
S01011325,293,1,18,73,66,108,27,146,0,4,20,30,70,22,147,1,14,53,36,38,5
S01011326,272,2,11,75,54,95,35,137,1,6,26,30,50,24,135,1,5,49,24,45,11
S01011327,233,4,17,50,41,88,33,113,0,5,11,21,52,24,120,4,12,39,20,36,9
S01011328,277,3,13,67,55,85,54,140,1,0,19,28,55,37,137,2,13,48,27,30,17
S01011329,339,2,21,88,69,115,44,180,1,6,22,35,77,39,159,1,15,66,34,38,5
S01011330,311,6,21,69,69,115,31,152,1,6,11,29,82,23,159,5,15,58,40,33,8
S01011331,265,1,17,49,69,96,33,137,1,5,10,30,63,28,128,0,12,39,39,33,5
S01011332,374,3,18,77,85,134,57,191,1,5,15,38,84,48,183,2,13,62,47,50,9
S01011333,260,5,23,43,37,91,61,143,1,7,9,20,58,48,117,4,16,34,17,33,13
S01011334,384,8,24,64,69,126,93,207,3,10,14,19,87,74,177,5,14,50,50,39,19
S01011335,384,8,35,75,71,137,58,202,2,15,13,39,87,46,182,6,20,62,32,50,12
S01011336,262,2,14,70,54,97,25,136,1,4,13,22,73,23,126,1,10,57,32,24,2
S01011337,316,3,27,57,63,97,69,179,0,11,15,30,64,59,137,3,16,42,33,33,10
S01011338,295,2,12,57,62,129,33,146,0,1,6,27,87,25,149,2,11,51,35,42,8
S01011339,229,0,9,60,53,90,17,107,0,4,9,22,58,14,122,0,5,51,31,32,3
S01011340,272,2,10,67,64,104,25,133,0,3,16,23,70,21,139,2,7,51,41,34,4
S01011341,332,2,8,81,69,139,33,173,0,1,25,29,89,29,159,2,7,56,40,50,4
S01011342,333,0,11,61,83,144,34,172,0,3,11,27,102,29,161,0,8,50,56,42,5
S01011343,326,0,15,74,78,129,30,168,0,6,15,41,85,21,158,0,9,59,37,44,9
S01011344,323,2,23,77,76,119,26,162,0,2,11,32,92,25,161,2,21,66,44,27,1
S01011345,309,1,20,90,62,108,28,139,0,3,14,28,71,23,170,1,17,76,34,37,5
S01011346,291,2,9,69,78,108,25,144,0,3,14,38,71,18,147,2,6,55,40,37,7
S01011347,432,1,22,91,112,174,32,231,1,3,24,53,128,22,201,0,19,67,59,46,10
S01011348,373,1,26,63,88,161,34,181,0,8,13,35,95,30,192,1,18,50,53,66,4
S01011349,555,2,28,93,142,218,72,281,1,9,12,54,147,58,274,1,19,81,88,71,14
S01011350,318,1,17,69,72,123,36,165,0,7,16,30,84,28,153,1,10,53,42,39,8
S01011351,265,0,22,56,54,117,16,130,0,1,14,24,77,14,135,0,21,42,30,40,2
S01011352,301,2,18,61,65,123,32,145,1,6,12,31,73,22,156,1,12,49,34,50,10
S01011353,296,1,16,61,77,122,19,146,0,5,9,37,80,15,150,1,11,52,40,42,4
S01011354,339,5,9,84,65,134,42,163,2,5,11,28,85,32,176,3,4,73,37,49,10
S01011355,440,1,29,77,108,170,55,232,0,8,16,46,118,44,208,1,21,61,62,52,11
S01011356,519,4,22,83,86,195,129,279,2,4,21,41,117,94,240,2,18,62,45,78,35
S01011357,386,3,22,86,90,153,32,201,2,7,16,38,112,26,185,1,15,70,52,41,6
S01011358,333,3,17,68,94,121,30,157,1,5,11,35,83,22,176,2,12,57,59,38,8
S01011359,298,2,11,57,81,112,35,165,2,5,15,39,74,30,133,0,6,42,42,38,5
S01011360,318,2,18,74,68,132,24,160,0,6,19,29,84,22,158,2,12,55,39,48,2
S01011361,193,2,9,47,28,90,17,120,0,4,16,20,67,13,73,2,5,31,8,23,4
S01011362,322,3,11,51,84,127,46,168,3,1,15,36,77,36,154,0,10,36,48,50,10
S01011363,358,1,21,66,100,144,26,181,0,9,15,43,91,23,177,1,12,51,57,53,3
S01011364,326,0,21,67,96,120,22,161,0,5,14,38,86,18,165,0,16,53,58,34,4
S01011365,343,2,14,69,85,140,33,168,1,3,6,33,96,29,175,1,11,63,52,44,4
S01011366,189,1,5,34,50,86,13,90,0,0,4,21,56,9,99,1,5,30,29,30,4
S01011367,360,2,13,81,98,140,26,177,0,1,19,39,94,24,183,2,12,62,59,46,2
S01011368,528,1,20,97,123,225,62,270,0,2,18,53,147,50,258,1,18,79,70,78,12
S01011369,354,0,24,78,97,134,21,194,0,6,19,53,97,19,160,0,18,59,44,37,2
S01011370,466,1,10,77,132,217,29,235,0,2,16,52,140,25,231,1,8,61,80,77,4
S01011371,397,4,16,88,97,155,37,204,3,4,23,42,99,33,193,1,12,65,55,56,4
S01011372,257,1,13,56,51,116,20,151,1,4,19,28,84,15,106,0,9,37,23,32,5
S01011373,252,0,11,62,51,110,18,130,0,2,14,23,75,16,122,0,9,48,28,35,2
S01011374,392,4,16,64,115,171,22,193,3,4,9,51,105,21,199,1,12,55,64,66,1
S01011375,310,0,20,74,65,125,26,165,0,3,21,36,79,26,145,0,17,53,29,46,0
S01011376,205,1,5,53,51,81,14,104,1,1,16,19,58,9,101,0,4,37,32,23,5
S01011377,317,4,23,42,90,119,39,157,0,9,11,30,73,34,160,4,14,31,60,46,5
S01011378,354,4,27,72,89,129,33,184,4,9,26,45,76,24,170,0,18,46,44,53,9
S01011379,526,2,28,99,124,200,73,275,1,8,18,57,133,58,251,1,20,81,67,67,15
S01011380,341,3,24,64,87,132,31,173,2,6,16,38,89,22,168,1,18,48,49,43,9
S01011381,307,2,6,61,77,137,24,159,1,1,16,33,89,19,148,1,5,45,44,48,5
S01011382,270,2,13,54,57,125,19,144,2,1,18,22,84,17,126,0,12,36,35,41,2
S01011383,232,4,11,66,48,86,17,113,2,2,13,18,64,14,119,2,9,53,30,22,3
S01011384,206,0,15,63,36,80,12,98,0,2,15,15,57,9,108,0,13,48,21,23,3
S01011385,357,3,14,95,88,139,18,181,1,4,19,42,98,17,176,2,10,76,46,41,1
S01011386,206,1,14,66,45,69,11,96,1,4,17,25,39,10,110,0,10,49,20,30,1
S01011387,302,0,15,71,64,133,19,150,0,1,14,26,94,15,152,0,14,57,38,39,4
S01011388,605,1,25,114,159,249,57,313,1,12,15,65,174,46,292,0,13,99,94,75,11
S01011389,355,1,22,73,72,163,24,160,1,8,15,26,88,22,195,0,14,58,46,75,2
S01011390,328,0,21,76,72,138,21,173,0,3,17,32,104,17,155,0,18,59,40,34,4
S01011391,284,0,17,84,73,87,23,147,0,8,20,30,68,21,137,0,9,64,43,19,2
S01011392,282,3,17,75,68,100,19,140,0,3,19,29,72,17,142,3,14,56,39,28,2
S01011393,355,3,17,75,88,139,33,186,0,7,22,42,87,28,169,3,10,53,46,52,5
S01011394,320,1,24,54,84,110,47,163,1,8,7,29,80,38,157,0,16,47,55,30,9
S01011395,324,3,16,66,89,132,18,153,1,7,17,35,82,11,171,2,9,49,54,50,7
S01011396,315,1,11,62,73,140,28,153,0,5,13,30,82,23,162,1,6,49,43,58,5
S01011397,308,5,16,63,74,129,21,152,3,8,13,24,89,15,156,2,8,50,50,40,6
S01011398,280,3,18,62,71,104,22,134,1,3,19,28,67,16,146,2,15,43,43,37,6
S01011399,218,0,18,50,53,89,8,105,0,4,10,23,60,8,113,0,14,40,30,29,0
S01011400,362,2,13,57,83,175,32,178,0,3,14,30,105,26,184,2,10,43,53,70,6
S01011401,283,1,13,42,91,112,24,150,1,2,9,45,74,19,133,0,11,33,46,38,5
S01011402,357,4,17,74,88,143,31,165,2,4,15,46,76,22,192,2,13,59,42,67,9
S01011403,279,2,19,62,65,98,33,147,0,4,10,30,73,30,132,2,15,52,35,25,3
S01011404,385,3,23,71,108,150,30,187,0,9,18,52,88,20,198,3,14,53,56,62,10
S01011405,274,0,14,52,68,107,33,144,0,8,11,30,72,23,130,0,6,41,38,35,10
S01011406,302,1,13,65,89,107,27,139,0,3,16,32,69,19,163,1,10,49,57,38,8
S01011407,519,1,27,97,136,217,41,274,0,9,19,65,145,36,245,1,18,78,71,72,5
S01011408,365,3,24,88,85,147,18,179,0,6,17,40,100,16,186,3,18,71,45,47,2
S01011409,343,2,21,92,81,117,30,163,1,6,15,36,80,25,180,1,15,77,45,37,5
S01011410,299,5,12,64,72,125,21,141,1,4,7,29,82,18,158,4,8,57,43,43,3
S01011411,307,2,17,81,77,115,15,159,0,5,14,42,83,15,148,2,12,67,35,32,0
S01011412,437,3,24,79,107,184,40,226,1,7,11,49,126,32,211,2,17,68,58,58,8
S01011413,332,1,21,53,110,123,24,178,1,6,15,48,86,22,154,0,15,38,62,37,2
S01011414,351,1,16,78,83,146,27,185,1,6,21,42,93,22,166,0,10,57,41,53,5
S01011415,440,3,19,90,112,178,38,219,3,3,18,47,119,29,221,0,16,72,65,59,9
S01011416,355,2,23,61,113,124,32,176,1,6,9,51,85,24,179,1,17,52,62,39,8
S01011417,353,1,15,66,87,147,37,187,0,3,15,37,102,30,166,1,12,51,50,45,7
S01011418,229,0,13,53,53,96,14,120,0,1,9,29,67,14,109,0,12,44,24,29,0
S01011419,255,1,9,63,56,104,22,139,0,4,15,24,78,18,116,1,5,48,32,26,4
S01011420,183,0,11,41,45,77,9,93,0,3,8,21,53,8,90,0,8,33,24,24,1
S01011421,318,1,5,48,92,135,37,157,0,0,2,41,85,29,161,1,5,46,51,50,8
S01011422,268,0,8,70,59,103,28,135,0,2,15,28,67,23,133,0,6,55,31,36,5
S01011423,171,2,7,41,35,72,14,97,2,2,6,20,55,12,74,0,5,35,15,17,2
S01011424,264,0,12,61,55,124,12,137,0,3,14,29,83,8,127,0,9,47,26,41,4
S01011425,334,0,11,70,81,130,42,172,0,2,11,32,90,37,162,0,9,59,49,40,5
S01011426,539,3,10,89,122,237,78,285,0,4,21,54,144,62,254,3,6,68,68,93,16
S01011427,293,0,11,53,57,145,27,167,0,4,12,25,104,22,126,0,7,41,32,41,5
S01011428,237,2,7,44,66,98,20,135,0,4,7,31,75,18,102,2,3,37,35,23,2
S01011429,471,3,33,89,107,154,85,295,3,17,48,52,105,70,176,0,16,41,55,49,15
S01011430,479,3,16,100,107,198,55,240,1,3,18,43,130,45,239,2,13,82,64,68,10
S01011431,471,4,19,102,109,200,37,252,1,4,20,51,143,33,219,3,15,82,58,57,4
S01011432,482,2,21,92,129,210,28,247,0,4,18,54,145,26,235,2,17,74,75,65,2
S01011433,349,2,17,97,67,142,24,170,1,2,19,31,94,23,179,1,15,78,36,48,1
S01011434,272,1,6,57,71,113,24,140,0,1,14,23,82,20,132,1,5,43,48,31,4
S01011435,500,0,25,81,111,220,63,253,0,8,9,47,143,46,247,0,17,72,64,77,17
S01011436,316,2,8,64,62,155,25,159,0,1,15,24,97,22,157,2,7,49,38,58,3
S01011437,311,1,14,56,71,147,22,163,0,8,11,30,95,19,148,1,6,45,41,52,3
S01011438,209,0,11,42,36,105,15,107,0,3,5,16,72,11,102,0,8,37,20,33,4
S01011439,395,4,12,68,95,169,47,213,1,2,15,42,114,39,182,3,10,53,53,55,8
S01011440,260,2,5,47,53,135,18,137,0,1,9,22,90,15,123,2,4,38,31,45,3
S01011441,354,3,9,66,60,181,35,182,0,1,13,29,108,31,172,3,8,53,31,73,4
S01011442,280,1,8,64,50,140,17,143,0,3,12,14,99,15,137,1,5,52,36,41,2
S01011443,254,2,11,56,38,124,23,131,1,3,9,19,82,17,123,1,8,47,19,42,6
S01011444,289,0,11,61,63,131,23,151,0,1,13,28,91,18,138,0,10,48,35,40,5
S01011445,252,2,10,45,66,104,25,132,0,1,7,29,73,22,120,2,9,38,37,31,3
S01011446,254,3,10,50,48,101,42,136,1,0,12,20,68,35,118,2,10,38,28,33,7
S01011447,385,3,15,91,103,147,26,186,1,6,9,36,113,21,199,2,9,82,67,34,5
S01011448,475,1,25,102,110,192,45,255,0,10,21,62,121,41,220,1,15,81,48,71,4
S01011449,225,1,6,45,52,108,13,132,1,1,16,27,75,12,93,0,5,29,25,33,1
S01011450,315,2,21,58,61,124,49,169,1,4,14,29,82,39,146,1,17,44,32,42,10
S01011451,387,6,18,81,57,149,76,212,3,3,23,25,94,64,175,3,15,58,32,55,12
S01011452,517,3,20,97,122,204,71,284,0,10,25,54,136,59,233,3,10,72,68,68,12
S01011453,320,3,20,73,58,131,35,174,0,7,18,23,97,29,146,3,13,55,35,34,6
S01011454,343,2,16,97,70,140,18,164,0,4,24,27,94,15,179,2,12,73,43,46,3
S01011455,300,2,12,89,65,99,33,144,1,2,20,22,70,29,156,1,10,69,43,29,4
S01011456,341,0,17,77,81,143,23,169,0,3,19,33,95,19,172,0,14,58,48,48,4
S01011457,411,4,30,98,89,161,29,206,1,9,14,45,110,27,205,3,21,84,44,51,2
S01011458,658,5,33,124,167,280,49,331,2,11,30,57,190,41,327,3,22,94,110,90,8
S01011459,561,1,14,124,139,230,53,273,0,3,18,62,147,43,288,1,11,106,77,83,10
S01011460,339,6,19,77,88,121,28,168,2,5,12,38,89,22,171,4,14,65,50,32,6
S01011461,340,3,17,73,89,131,27,168,1,3,15,43,85,21,172,2,14,58,46,46,6
S01011462,464,5,19,101,107,200,32,252,2,6,22,61,134,27,212,3,13,79,46,66,5
S01011463,340,1,22,83,72,133,29,181,0,7,17,36,100,21,159,1,15,66,36,33,8
S01011464,344,1,15,45,77,159,47,190,0,6,9,37,101,37,154,1,9,36,40,58,10
S01011465,198,2,9,59,41,67,20,110,2,5,13,25,46,19,88,0,4,46,16,21,1
S01011466,238,1,14,56,56,94,17,116,1,2,12,18,68,15,122,0,12,44,38,26,2
S01011467,261,1,12,53,70,104,21,135,0,2,9,37,71,16,126,1,10,44,33,33,5
S01011468,519,5,12,84,127,239,52,275,0,5,12,56,151,51,244,5,7,72,71,88,1
S01011469,353,1,14,87,75,156,20,184,1,3,21,40,103,16,169,0,11,66,35,53,4
S01011470,499,1,21,103,140,187,47,250,0,5,23,59,128,35,249,1,16,80,81,59,12
S01011471,390,3,21,81,116,132,37,203,2,5,18,48,99,31,187,1,16,63,68,33,6
S01011472,341,3,14,50,83,168,23,182,1,5,6,45,106,19,159,2,9,44,38,62,4
S01011473,218,0,10,50,56,85,17,117,0,3,11,31,57,15,101,0,7,39,25,28,2
S01011474,282,1,10,59,69,116,27,157,0,1,15,36,84,21,125,1,9,44,33,32,6
S01011475,191,1,7,42,50,84,7,99,1,1,12,24,54,7,92,0,6,30,26,30,0
S01011476,273,5,12,54,87,88,27,130,1,5,11,35,56,22,143,4,7,43,52,32,5
S01011477,423,3,28,84,103,170,35,217,1,7,22,36,123,28,206,2,21,62,67,47,7
S01011478,565,5,33,97,140,212,78,300,3,12,16,62,142,65,265,2,21,81,78,70,13
S01011479,405,1,25,64,111,154,50,202,0,10,14,40,98,40,203,1,15,50,71,56,10
S01011480,538,6,30,93,119,216,74,283,0,13,22,55,141,52,255,6,17,71,64,75,22
S01011481,446,2,18,89,107,197,33,225,0,6,19,44,128,28,221,2,12,70,63,69,5
S01011482,368,1,13,76,103,150,25,186,0,2,18,44,101,21,182,1,11,58,59,49,4
S01011483,291,1,15,54,85,116,20,150,0,3,11,44,79,13,141,1,12,43,41,37,7
S01011484,353,2,15,83,82,145,26,177,0,4,16,40,98,19,176,2,11,67,42,47,7
S01011485,340,3,17,91,77,131,21,168,2,6,22,33,88,17,172,1,11,69,44,43,4
S01011486,181,0,10,43,33,79,16,94,0,1,11,17,49,16,87,0,9,32,16,30,0
S01011487,487,4,20,116,111,199,37,233,1,3,15,51,133,30,254,3,17,101,60,66,7
S01011488,239,2,16,73,51,81,16,123,1,6,20,26,57,13,116,1,10,53,25,24,3
S01011489,425,4,23,82,89,188,39,217,1,9,9,38,133,27,208,3,14,73,51,55,12
S01011490,477,1,9,86,117,226,38,228,0,0,16,43,138,31,249,1,9,70,74,88,7
S01011491,210,2,7,46,60,80,15,99,1,2,11,19,53,13,111,1,5,35,41,27,2
S01011492,334,0,15,69,59,161,30,189,0,4,18,27,111,29,145,0,11,51,32,50,1
S01011493,328,2,20,54,111,124,17,163,1,4,7,52,85,14,165,1,16,47,59,39,3
S01011494,338,1,18,70,94,127,28,167,1,6,16,37,83,24,171,0,12,54,57,44,4
S01011495,328,1,13,76,84,134,20,165,0,5,14,41,88,17,163,1,8,62,43,46,3
S01011496,259,4,6,79,41,109,20,134,2,2,17,22,76,15,125,2,4,62,19,33,5
S01011497,358,3,14,62,79,169,31,193,1,7,11,37,114,23,165,2,7,51,42,55,8
S01011498,421,1,21,95,100,176,28,228,1,8,16,51,125,27,193,0,13,79,49,51,1
S01011499,451,1,22,76,117,192,43,237,1,8,13,54,125,36,214,0,14,63,63,67,7
S01011500,259,0,23,55,57,100,24,133,0,4,8,26,71,24,126,0,19,47,31,29,0
S01011501,267,1,18,62,61,108,17,127,1,3,5,27,75,16,140,0,15,57,34,33,1
S01011502,353,1,18,82,93,126,33,183,0,3,16,47,88,29,170,1,15,66,46,38,4
S01011503,284,0,12,61,68,123,20,145,0,3,10,28,87,17,139,0,9,51,40,36,3
S01011504,255,1,11,56,66,93,28,141,0,1,17,38,60,25,114,1,10,39,28,33,3
S01011505,300,2,8,73,57,138,22,156,1,2,12,25,99,17,144,1,6,61,32,39,5
S01011506,220,0,11,60,55,77,17,108,0,2,11,22,61,12,112,0,9,49,33,16,5
S01011507,278,0,13,63,62,124,16,144,0,5,16,28,82,13,134,0,8,47,34,42,3
S01011508,528,5,20,95,137,217,54,278,3,8,24,57,143,43,250,2,12,71,80,74,11
S01011509,320,1,11,62,69,141,36,178,0,6,13,34,96,29,142,1,5,49,35,45,7
S01011510,431,2,19,89,105,187,29,206,0,3,23,45,112,23,225,2,16,66,60,75,6
S01011511,211,3,7,52,38,103,8,101,0,1,13,18,62,7,110,3,6,39,20,41,1
S01011512,310,1,15,66,55,152,21,150,0,4,11,21,95,19,160,1,11,55,34,57,2
S01011513,305,0,8,86,62,131,18,150,0,2,19,27,86,16,155,0,6,67,35,45,2
S01011514,396,0,24,109,62,183,18,197,0,3,16,31,132,15,199,0,21,93,31,51,3
S01011515,312,1,8,68,71,134,30,151,0,5,14,29,78,25,161,1,3,54,42,56,5
S01011516,532,4,19,89,134,237,49,279,1,6,18,57,156,41,253,3,13,71,77,81,8
S01011517,259,0,14,61,63,101,20,132,0,4,17,27,67,17,127,0,10,44,36,34,3
S01011518,242,1,10,50,39,122,20,141,1,2,14,14,94,16,101,0,8,36,25,28,4
S01011519,347,0,14,84,70,163,16,184,0,2,20,29,120,13,163,0,12,64,41,43,3
S01011520,218,1,14,65,35,91,12,103,0,1,18,13,59,12,115,1,13,47,22,32,0
S01011521,386,0,15,88,83,178,22,207,0,5,26,42,118,16,179,0,10,62,41,60,6
S01011522,403,1,18,85,80,183,36,200,1,4,20,31,116,28,203,0,14,65,49,67,8
S01011523,368,3,18,72,69,171,35,203,2,4,15,34,116,32,165,1,14,57,35,55,3
S01011524,529,3,22,106,112,245,41,272,1,6,17,41,172,35,257,2,16,89,71,73,6
S01011525,483,3,18,115,88,211,48,245,0,4,22,34,145,40,238,3,14,93,54,66,8
S01011526,489,4,27,91,117,212,38,267,0,6,12,66,152,31,222,4,21,79,51,60,7
S01011527,337,5,15,53,71,155,38,179,2,6,14,23,106,28,158,3,9,39,48,49,10
S01011528,415,2,24,94,94,169,32,207,0,4,20,45,115,23,208,2,20,74,49,54,9
S01011529,196,0,9,53,48,75,11,88,0,4,11,18,46,9,108,0,5,42,30,29,2
S01011530,435,1,17,84,104,198,31,211,1,6,14,36,128,26,224,0,11,70,68,70,5
S01011531,573,2,30,92,122,257,70,301,0,9,18,56,163,55,272,2,21,74,66,94,15
S01011532,352,5,16,65,64,151,51,183,2,5,10,22,106,38,169,3,11,55,42,45,13
S01011533,239,0,10,57,45,102,25,118,0,2,12,17,66,21,121,0,8,45,28,36,4
S01011534,336,4,10,77,61,146,38,183,1,3,22,24,101,32,153,3,7,55,37,45,6
S01011535,284,1,10,62,53,132,26,135,1,2,12,19,78,23,149,0,8,50,34,54,3
S01011536,397,0,19,77,104,159,38,206,0,8,20,55,93,30,191,0,11,57,49,66,8
S01011537,338,1,11,41,95,167,23,162,0,3,6,35,105,13,176,1,8,35,60,62,10
S01011538,367,1,22,57,95,160,32,187,0,6,9,41,102,29,180,1,16,48,54,58,3
S01011539,309,0,12,70,68,137,22,161,0,4,17,34,93,13,148,0,8,53,34,44,9
S01011540,517,2,19,117,94,240,45,251,1,7,26,24,158,35,266,1,12,91,70,82,10
S01011541,407,4,21,112,61,186,23,204,0,3,23,23,135,20,203,4,18,89,38,51,3
S01011542,413,0,14,94,71,205,29,209,0,3,14,30,137,25,204,0,11,80,41,68,4
S01011543,328,1,9,84,65,149,20,163,0,1,9,31,108,14,165,1,8,75,34,41,6
S01011544,283,0,5,65,63,136,14,150,0,2,15,22,100,11,133,0,3,50,41,36,3
S01011545,262,0,16,62,42,125,17,132,0,1,12,18,86,15,130,0,15,50,24,39,2
S01011546,437,3,29,95,85,173,52,216,2,8,15,34,118,39,221,1,21,80,51,55,13
S01011547,335,4,13,76,74,133,35,157,1,4,16,22,84,30,178,3,9,60,52,49,5
S01011548,339,2,9,72,72,151,33,161,0,4,13,23,99,22,178,2,5,59,49,52,11
S01011549,403,3,25,81,93,167,34,208,0,12,20,43,105,28,195,3,13,61,50,62,6
S01011550,381,0,25,100,100,129,27,191,0,11,24,44,93,19,190,0,14,76,56,36,8
S01011551,259,4,22,36,58,113,26,138,0,4,9,28,74,23,121,4,18,27,30,39,3
S01011552,393,2,30,86,103,145,27,177,0,8,17,45,87,20,216,2,22,69,58,58,7
S01011553,475,3,26,84,92,203,67,237,0,4,9,43,131,50,238,3,22,75,49,72,17
S01011554,388,0,16,95,72,160,45,188,0,2,14,25,111,36,200,0,14,81,47,49,9
S01011555,269,3,14,75,48,113,16,127,0,2,16,26,70,13,142,3,12,59,22,43,3
S01011556,212,1,10,48,40,99,14,102,1,2,12,12,64,11,110,0,8,36,28,35,3
S01011557,350,0,15,79,87,152,17,179,0,4,17,40,103,15,171,0,11,62,47,49,2
S01011558,273,4,9,76,65,105,14,132,3,3,14,25,74,13,141,1,6,62,40,31,1
S01011559,252,2,13,52,50,121,14,128,1,5,6,27,79,10,124,1,8,46,23,42,4
S01011560,343,4,11,73,81,153,21,178,2,6,17,28,107,18,165,2,5,56,53,46,3
S01011561,325,4,14,84,83,124,16,148,2,2,15,33,84,12,177,2,12,69,50,40,4
S01011562,263,3,16,79,49,94,22,122,0,5,14,20,67,16,141,3,11,65,29,27,6
S01011563,304,1,21,88,56,126,12,140,1,5,21,27,78,8,164,0,16,67,29,48,4
S01011564,483,3,28,99,102,208,43,236,2,6,12,39,139,38,247,1,22,87,63,69,5
S01011565,467,1,24,99,106,206,31,233,0,5,23,44,134,27,234,1,19,76,62,72,4
S01011566,384,1,17,93,98,151,24,186,1,3,14,42,107,19,198,0,14,79,56,44,5
S01011567,404,1,22,100,92,162,27,200,0,7,21,30,120,22,204,1,15,79,62,42,5
S01011568,403,4,10,96,96,153,44,203,0,2,13,44,108,36,200,4,8,83,52,45,8
S01011569,445,2,21,87,122,169,44,224,2,3,18,46,119,36,221,0,18,69,76,50,8
S01011570,308,1,12,80,72,121,22,146,1,1,15,27,81,21,162,0,11,65,45,40,1
S01011571,280,3,7,65,75,109,21,148,0,0,18,33,80,17,132,3,7,47,42,29,4
S01011572,273,0,12,50,66,115,30,143,0,3,17,27,71,25,130,0,9,33,39,44,5
S01011573,557,0,23,111,150,219,54,294,0,5,24,64,151,50,263,0,18,87,86,68,4
S01011574,402,1,13,93,118,150,27,203,0,1,17,56,105,24,199,1,12,76,62,45,3
S01011575,216,2,12,39,61,88,14,108,0,3,5,28,58,14,108,2,9,34,33,30,0
S01011576,256,2,13,74,63,89,15,141,1,7,27,31,64,11,115,1,6,47,32,25,4
S01011577,351,2,20,73,90,135,31,174,0,8,9,37,92,28,177,2,12,64,53,43,3
S01011578,380,4,21,97,98,133,27,177,1,6,13,46,86,25,203,3,15,84,52,47,2
S01011579,560,9,40,96,128,216,71,294,2,11,21,52,151,57,266,7,29,75,76,65,14
S01011580,331,1,14,82,72,127,35,164,0,5,15,34,82,28,167,1,9,67,38,45,7
S01011581,287,3,13,79,53,122,17,142,1,3,21,29,71,17,145,2,10,58,24,51,0
S01011582,614,6,32,119,138,240,79,303,4,9,29,63,138,60,311,2,23,90,75,102,19
S01011583,335,1,12,73,78,146,25,162,1,4,11,37,94,15,173,0,8,62,41,52,10
S01011584,324,2,10,74,77,151,10,176,1,3,15,41,107,9,148,1,7,59,36,44,1
S01011585,323,2,14,78,65,146,18,147,1,1,9,24,97,15,176,1,13,69,41,49,3
S01011586,257,0,6,59,59,123,10,135,0,2,18,23,85,7,122,0,4,41,36,38,3
S01011587,248,0,15,66,60,92,15,115,0,4,13,20,63,15,133,0,11,53,40,29,0
S01011588,330,1,10,79,82,132,26,171,0,4,15,34,93,25,159,1,6,64,48,39,1
S01011589,389,1,21,88,86,153,40,210,0,7,23,35,110,35,179,1,14,65,51,43,5
S01011590,296,0,10,64,85,120,17,151,0,3,5,36,91,16,145,0,7,59,49,29,1
S01011591,247,2,9,47,50,112,27,131,0,1,8,19,79,24,116,2,8,39,31,33,3
S01011592,279,1,9,70,58,129,12,123,0,1,4,20,88,10,156,1,8,66,38,41,2
S01011593,339,1,8,77,88,135,30,169,0,2,12,39,92,24,170,1,6,65,49,43,6
S01011594,212,1,11,46,51,87,16,111,0,1,10,24,61,15,101,1,10,36,27,26,1
S01011595,344,2,16,44,102,141,39,191,1,5,9,48,98,30,153,1,11,35,54,43,9
S01011596,514,2,21,96,126,223,46,254,0,5,25,57,135,32,260,2,16,71,69,88,14
S01011597,323,2,20,52,85,139,25,165,1,4,11,36,93,20,158,1,16,41,49,46,5
S01011598,265,0,12,64,52,118,19,158,0,6,18,33,85,16,107,0,6,46,19,33,3
S01011599,360,0,13,78,95,156,18,187,0,6,9,41,116,15,173,0,7,69,54,40,3
S01011600,334,0,16,51,84,156,27,173,0,4,8,41,95,25,161,0,12,43,43,61,2
S01011601,494,2,24,113,133,183,39,243,0,8,22,63,117,33,251,2,16,91,70,66,6
S01011602,263,0,3,55,52,126,27,133,0,0,13,23,77,20,130,0,3,42,29,49,7
S01011603,284,2,13,59,76,110,24,147,1,5,13,23,85,20,137,1,8,46,53,25,4
S01011604,263,2,8,81,49,115,8,138,2,2,15,21,90,8,125,0,6,66,28,25,0
S01011605,373,1,16,87,84,158,27,187,0,3,23,33,106,22,186,1,13,64,51,52,5
S01011606,602,5,26,112,127,274,58,311,1,7,23,56,172,52,291,4,19,89,71,102,6
S01011607,336,0,20,53,81,143,39,177,0,7,10,28,103,29,159,0,13,43,53,40,10
S01011608,567,5,19,103,129,245,66,291,1,5,14,54,161,56,276,4,14,89,75,84,10
S01011609,356,1,17,98,66,146,28,166,1,4,17,25,94,25,190,0,13,81,41,52,3
S01011610,340,1,21,89,79,134,16,169,1,9,20,35,93,11,171,0,12,69,44,41,5
S01011611,357,0,21,86,77,144,29,177,0,7,16,35,94,25,180,0,14,70,42,50,4
S01011612,393,3,8,63,101,163,55,197,1,1,10,37,108,40,196,2,7,53,64,55,15
S01011613,488,2,28,112,109,179,58,252,2,7,27,46,118,52,236,0,21,85,63,61,6
S01011614,238,3,11,39,53,98,34,127,0,4,10,19,65,29,111,3,7,29,34,33,5
S01011615,291,2,9,65,65,123,27,150,0,4,17,23,85,21,141,2,5,48,42,38,6
S01011616,149,1,1,28,43,57,19,79,1,1,4,19,37,17,70,0,0,24,24,20,2
S01011617,365,1,17,77,88,151,31,168,0,2,11,26,102,27,197,1,15,66,62,49,4
S01011618,259,1,11,58,55,108,26,126,1,2,9,17,73,24,133,0,9,49,38,35,2
S01011619,601,4,15,98,142,274,68,315,1,5,17,68,172,52,286,3,10,81,74,102,16
S01011620,664,4,21,97,160,298,84,345,1,4,20,66,186,68,319,3,17,77,94,112,16
S01011621,379,5,12,76,94,161,31,189,4,2,15,35,104,29,190,1,10,61,59,57,2
S01011622,363,2,12,53,81,162,53,199,1,4,14,35,102,43,164,1,8,39,46,60,10
S01011623,298,0,14,65,65,123,31,149,0,4,17,25,82,21,149,0,10,48,40,41,10
S01011624,378,0,6,78,99,155,40,186,0,0,11,42,106,27,192,0,6,67,57,49,13
S01011625,267,1,13,51,85,99,18,135,0,2,10,38,69,16,132,1,11,41,47,30,2
S01011626,484,4,28,95,97,195,65,257,1,9,19,41,139,48,227,3,19,76,56,56,17
S01011627,430,4,12,89,109,176,40,217,2,4,13,49,114,35,213,2,8,76,60,62,5
S01011628,555,7,30,106,109,254,49,288,2,9,21,46,173,37,267,5,21,85,63,81,12
S01011629,250,2,11,61,49,113,14,132,0,5,18,25,70,14,118,2,6,43,24,43,0
S01011630,275,0,15,67,57,114,22,138,0,3,13,21,81,20,137,0,12,54,36,33,2
S01011631,225,4,5,55,41,103,17,123,0,3,7,18,79,16,102,4,2,48,23,24,1
S01011632,333,0,14,76,64,160,19,159,0,2,11,23,108,15,174,0,12,65,41,52,4
S01011633,279,0,18,62,65,117,17,147,0,4,13,25,91,14,132,0,14,49,40,26,3
S01011634,212,2,9,47,37,101,16,105,1,2,7,11,70,14,107,1,7,40,26,31,2
S01011635,282,0,16,60,59,133,14,151,0,5,10,24,99,13,131,0,11,50,35,34,1
S01011636,279,1,12,67,60,123,16,143,0,5,9,33,84,12,136,1,7,58,27,39,4
S01011637,291,1,14,63,68,122,23,139,0,5,13,28,76,17,152,1,9,50,40,46,6
S01011638,223,2,7,43,44,98,29,103,1,2,7,12,57,24,120,1,5,36,32,41,5
S01011639,227,1,6,64,56,87,13,116,1,2,14,28,62,9,111,0,4,50,28,25,4
S01011640,288,1,18,59,53,133,24,154,0,4,13,21,94,22,134,1,14,46,32,39,2
S01011641,249,4,17,53,60,91,24,131,3,5,8,29,66,20,118,1,12,45,31,25,4
S01011642,402,1,13,94,72,182,40,202,0,5,16,29,118,34,200,1,8,78,43,64,6
S01011643,307,2,17,64,72,116,36,168,1,7,9,37,83,31,139,1,10,55,35,33,5
S01011644,319,5,11,61,74,140,28,166,3,2,14,25,100,22,153,2,9,47,49,40,6
S01011645,228,0,7,65,54,83,19,108,0,3,18,20,52,15,120,0,4,47,34,31,4
S01011646,352,2,17,76,82,136,39,185,1,7,17,39,96,25,167,1,10,59,43,40,14
S01011647,496,3,14,92,121,221,45,250,1,7,21,54,130,37,246,2,7,71,67,91,8
S01011648,365,1,8,60,78,174,44,190,0,2,11,34,109,34,175,1,6,49,44,65,10
S01011649,237,0,9,41,57,110,20,125,0,5,5,29,67,19,112,0,4,36,28,43,1
S01011650,331,2,11,55,87,141,35,171,0,1,12,38,90,30,160,2,10,43,49,51,5
S01011651,442,0,20,82,92,214,34,238,0,4,12,42,151,29,204,0,16,70,50,63,5
S01011652,419,3,19,84,110,166,37,218,2,6,24,50,107,29,201,1,13,60,60,59,8
S01011653,373,0,18,87,90,152,26,184,0,2,16,43,103,20,189,0,16,71,47,49,6
S01011654,401,1,18,62,94,181,45,206,0,7,19,35,111,34,195,1,11,43,59,70,11
S01011655,341,2,14,84,65,153,23,173,0,3,22,21,107,20,168,2,11,62,44,46,3
S01011656,232,0,14,62,54,92,10,117,0,4,21,18,64,10,115,0,10,41,36,28,0
S01011657,204,1,15,41,43,85,19,104,1,5,5,23,53,17,100,0,10,36,20,32,2
S01011658,297,1,8,63,66,130,29,170,1,4,10,32,94,29,127,0,4,53,34,36,0
S01011659,321,3,17,74,71,133,23,159,0,3,15,32,87,22,162,3,14,59,39,46,1
S01011660,483,4,27,102,103,214,33,249,0,7,17,46,147,32,234,4,20,85,57,67,1
S01011661,237,0,10,52,48,107,20,123,0,3,9,16,79,16,114,0,7,43,32,28,4
S01011662,367,1,16,73,86,145,46,196,0,0,10,38,108,40,171,1,16,63,48,37,6
S01011663,405,4,15,105,68,187,26,198,1,5,21,33,118,20,207,3,10,84,35,69,6
S01011664,375,4,15,75,88,172,21,197,2,4,17,36,119,19,178,2,11,58,52,53,2
S01011665,354,1,18,75,82,149,29,189,1,6,18,45,94,25,165,0,12,57,37,55,4
S01011666,313,0,20,68,65,135,25,157,0,5,13,28,88,23,156,0,15,55,37,47,2
S01011667,326,4,14,64,62,146,36,180,2,3,19,25,101,30,146,2,11,45,37,45,6
S01011668,406,1,23,106,70,177,29,210,1,6,20,35,123,25,196,0,17,86,35,54,4
S01011669,285,1,20,67,51,117,29,149,0,5,22,16,81,25,136,1,15,45,35,36,4
S01011670,239,1,9,62,43,101,23,120,1,0,11,17,72,19,119,0,9,51,26,29,4
S01011671,305,1,23,49,67,131,34,162,1,7,17,28,80,29,143,0,16,32,39,51,5
S01011672,235,1,14,46,57,88,29,117,1,4,15,24,55,18,118,0,10,31,33,33,11
S01011673,298,5,20,82,61,114,16,154,0,6,17,30,86,15,144,5,14,65,31,28,1
S01011674,496,2,13,90,136,214,41,254,2,3,13,59,146,31,242,0,10,77,77,68,10
S01011675,389,0,13,85,89,161,41,200,0,0,15,36,114,35,189,0,13,70,53,47,6
S01011676,271,1,8,71,57,114,20,138,0,1,16,27,78,16,133,1,7,55,30,36,4
S01011677,306,1,17,56,49,146,37,155,1,6,8,17,92,31,151,0,11,48,32,54,6
S01011678,168,1,8,49,35,51,24,81,1,0,13,16,32,19,87,0,8,36,19,19,5
S01011679,324,1,13,57,79,139,35,166,0,2,6,34,96,28,158,1,11,51,45,43,7
S01011680,413,1,15,87,76,191,43,235,0,1,24,28,145,37,178,1,14,63,48,46,6
S01011681,392,1,18,71,84,164,54,194,1,6,8,27,107,45,198,0,12,63,57,57,9
S01011682,223,1,5,41,40,84,52,128,0,1,10,15,57,45,95,1,4,31,25,27,7
S01011683,356,3,22,62,84,136,49,200,0,9,12,39,99,41,156,3,13,50,45,37,8
S01011684,241,3,17,44,40,97,40,134,1,5,5,17,73,33,107,2,12,39,23,24,7
S01011685,471,2,27,83,108,196,55,242,1,11,20,41,125,44,229,1,16,63,67,71,11
S01011686,472,2,20,84,100,209,57,245,1,8,17,43,132,44,227,1,12,67,57,77,13
S01011687,382,1,17,71,81,170,42,215,1,4,9,43,123,35,167,0,13,62,38,47,7
S01011688,425,0,16,82,77,186,64,232,0,4,18,34,126,50,193,0,12,64,43,60,14
S01011689,374,1,21,69,96,137,50,196,0,4,13,41,99,39,178,1,17,56,55,38,11
S01011690,523,2,18,95,129,217,62,264,1,3,21,49,137,53,259,1,15,74,80,80,9
S01011691,315,1,10,68,62,141,33,161,0,2,10,26,96,27,154,1,8,58,36,45,6
S01011692,442,0,23,93,93,182,51,237,0,2,19,37,135,44,205,0,21,74,56,47,7
S01011693,442,1,17,76,109,186,53,223,0,6,14,49,114,40,219,1,11,62,60,72,13
S01011694,300,0,11,56,81,123,29,150,0,3,12,32,78,25,150,0,8,44,49,45,4
S01011695,528,7,17,106,114,224,60,269,3,3,17,49,148,49,259,4,14,89,65,76,11
S01011696,607,4,23,107,129,269,75,315,1,6,23,59,173,53,292,3,17,84,70,96,22
S01011697,537,5,17,82,139,217,77,261,2,1,7,59,133,59,276,3,16,75,80,84,18
S01011698,303,0,13,73,59,139,19,148,0,5,11,21,97,14,155,0,8,62,38,42,5
S01011699,480,6,33,86,129,190,36,245,2,11,23,49,130,30,235,4,22,63,80,60,6
S01011700,352,2,18,78,79,140,35,177,2,4,17,25,100,29,175,0,14,61,54,40,6
S01011701,550,3,30,113,137,187,80,298,3,9,32,66,127,61,252,0,21,81,71,60,19
S01011702,340,4,22,68,88,127,31,166,2,7,19,34,83,21,174,2,15,49,54,44,10
S01011703,323,7,20,64,58,119,55,171,4,8,11,25,85,38,152,3,12,53,33,34,17
S01011704,400,3,19,71,92,160,55,202,0,7,6,37,104,48,198,3,12,65,55,56,7
S01011705,343,5,17,70,83,142,26,164,1,2,11,30,98,22,179,4,15,59,53,44,4
S01011706,462,3,26,90,102,189,52,246,2,10,25,46,123,40,216,1,16,65,56,66,12
S01011707,345,1,13,91,81,130,29,171,0,3,23,39,88,18,174,1,10,68,42,42,11
S01011708,416,1,15,107,95,164,34,190,0,3,17,41,102,27,226,1,12,90,54,62,7
S01011709,456,2,32,99,109,166,48,215,2,6,17,42,113,35,241,0,26,82,67,53,13
S01011710,263,0,11,79,61,98,14,121,0,4,11,25,68,13,142,0,7,68,36,30,1
S01011711,267,0,10,67,73,103,14,136,0,1,11,39,73,12,131,0,9,56,34,30,2
S01011712,280,1,10,58,69,111,31,128,0,1,12,21,70,24,152,1,9,46,48,41,7
S01011713,456,0,27,83,112,194,40,233,0,2,19,44,132,36,223,0,25,64,68,62,4
S01011714,331,3,12,66,84,134,32,163,1,3,9,33,91,26,168,2,9,57,51,43,6
S01011715,259,0,6,64,52,118,19,126,0,1,8,20,82,15,133,0,5,56,32,36,4
S01011716,514,3,19,92,113,236,51,260,1,7,14,45,151,42,254,2,12,78,68,85,9
S01011717,384,0,16,91,89,152,36,199,0,4,18,48,100,29,185,0,12,73,41,52,7
S01011718,473,2,8,79,127,199,58,234,1,1,5,52,130,45,239,1,7,74,75,69,13
S01011719,431,0,30,71,111,166,53,217,0,10,10,47,109,41,214,0,20,61,64,57,12
S01011720,299,1,17,51,77,117,36,156,1,7,12,31,76,29,143,0,10,39,46,41,7
S01011721,324,0,21,64,84,137,18,163,0,8,8,38,94,15,161,0,13,56,46,43,3
S01011722,289,0,16,56,71,119,27,150,0,7,5,36,78,24,139,0,9,51,35,41,3
S01011723,451,2,22,80,119,181,47,235,1,6,11,55,125,37,216,1,16,69,64,56,10
S01011724,393,3,16,74,94,159,47,189,1,7,15,46,82,38,204,2,9,59,48,77,9
S01011725,404,1,25,65,87,180,46,219,1,10,13,44,112,39,185,0,15,52,43,68,7
S01011726,328,5,12,61,83,143,24,165,2,3,8,32,99,21,163,3,9,53,51,44,3
S01011727,456,5,18,87,83,179,84,243,1,3,18,43,110,68,213,4,15,69,40,69,16
S01011728,492,1,27,106,121,200,37,249,0,10,23,52,135,29,243,1,17,83,69,65,8
S01011729,285,1,17,58,69,118,22,137,0,8,6,28,78,17,148,1,9,52,41,40,5
S01011730,459,6,15,82,130,185,41,246,1,4,30,57,125,29,213,5,11,52,73,60,12
S01011731,404,1,25,103,98,146,31,202,0,7,16,48,105,26,202,1,18,87,50,41,5
S01011732,454,0,29,77,127,169,52,228,0,8,12,58,106,44,226,0,21,65,69,63,8
S01011733,409,1,19,105,108,155,21,215,0,10,31,46,111,17,194,1,9,74,62,44,4
S01011734,380,6,21,76,110,130,37,205,5,8,18,51,94,29,175,1,13,58,59,36,8
S01011735,359,2,23,77,92,133,32,191,1,7,17,40,102,24,168,1,16,60,52,31,8
S01011736,368,5,16,90,76,159,22,178,1,5,21,33,101,17,190,4,11,69,43,58,5
S01011737,283,3,18,58,54,129,21,143,1,1,15,19,90,17,140,2,17,43,35,39,4
S01011738,476,3,15,91,112,204,51,250,1,7,22,49,130,41,226,2,8,69,63,74,10
S01011739,238,0,12,58,66,90,12,126,0,2,23,32,57,12,112,0,10,35,34,33,0
S01011740,283,0,18,72,69,114,10,140,0,3,20,33,74,10,143,0,15,52,36,40,0
S01011741,292,1,9,69,88,111,14,161,0,4,18,45,81,13,131,1,5,51,43,30,1
S01011742,347,1,20,79,84,136,27,170,0,6,15,38,91,20,177,1,14,64,46,45,7
S01011743,397,2,17,79,116,159,24,191,1,3,13,51,105,18,206,1,14,66,65,54,6
S01011744,364,2,21,66,96,151,28,185,0,7,15,37,107,19,179,2,14,51,59,44,9
S01011745,270,2,13,58,65,117,15,139,1,7,14,23,81,13,131,1,6,44,42,36,2
S01011746,230,0,8,65,52,93,12,106,0,2,12,25,57,10,124,0,6,53,27,36,2
S01011747,374,2,23,89,92,145,23,188,0,8,19,41,104,16,186,2,15,70,51,41,7
S01011748,370,4,8,98,81,158,21,182,2,2,29,33,102,14,188,2,6,69,48,56,7
S01011749,295,2,18,52,58,143,22,175,0,8,10,29,109,19,120,2,10,42,29,34,3
S01011750,369,4,12,82,96,142,33,193,3,5,23,42,95,25,176,1,7,59,54,47,8
S01011751,454,0,20,107,108,185,34,240,0,5,28,48,133,26,214,0,15,79,60,52,8
S01011752,486,2,25,93,113,217,36,238,1,5,25,46,135,26,248,1,20,68,67,82,10
S01011753,372,0,17,69,116,139,31,188,0,4,16,50,94,24,184,0,13,53,66,45,7
S01011754,330,1,18,86,89,114,22,158,0,5,15,40,81,17,172,1,13,71,49,33,5
S01011755,481,3,16,98,124,197,43,261,2,3,26,60,133,37,220,1,13,72,64,64,6
S01011756,467,5,24,98,122,189,29,224,2,5,17,45,131,24,243,3,19,81,77,58,5
S01011757,315,1,17,70,77,122,28,153,1,2,10,35,80,25,162,0,15,60,42,42,3
S01011758,313,2,20,66,72,128,25,159,0,2,16,37,82,22,154,2,18,50,35,46,3
S01011759,368,2,21,93,85,136,31,183,0,7,15,41,96,24,185,2,14,78,44,40,7
S01011760,428,2,25,75,114,176,36,220,1,7,13,52,118,29,208,1,18,62,62,58,7
S01011761,317,2,7,71,77,137,23,168,1,3,22,34,91,17,149,1,4,49,43,46,6
S01011762,294,2,9,70,62,119,32,155,1,5,15,26,84,24,139,1,4,55,36,35,8
S01011763,386,0,22,88,90,143,43,195,0,4,18,42,97,34,191,0,18,70,48,46,9
S01011764,206,0,11,48,54,79,14,103,0,2,10,25,54,12,103,0,9,38,29,25,2
S01011765,597,3,36,121,153,220,64,288,1,14,28,58,140,47,309,2,22,93,95,80,17
S01011766,282,2,11,58,64,111,36,140,1,4,7,29,71,28,142,1,7,51,35,40,8
S01011767,391,2,23,79,103,152,32,204,1,12,20,39,106,26,187,1,11,59,64,46,6
S01011768,334,1,19,81,74,139,20,157,0,4,17,28,90,18,177,1,15,64,46,49,2
S01011769,266,2,7,54,85,100,18,141,0,5,9,39,74,14,125,2,2,45,46,26,4
S01011770,357,0,16,72,106,134,29,201,0,8,22,51,97,23,156,0,8,50,55,37,6
S01011771,401,4,14,87,105,148,43,199,2,8,19,37,98,35,202,2,6,68,68,50,8
S01011772,587,7,36,116,105,214,109,315,4,14,29,42,149,77,272,3,22,87,63,65,32
S01011773,371,4,22,67,83,150,45,186,3,9,8,39,94,33,185,1,13,59,44,56,12
S01011774,492,1,26,105,99,195,66,243,1,5,19,39,130,49,249,0,21,86,60,65,17
S01011775,383,1,22,69,92,154,45,196,0,3,18,37,102,36,187,1,19,51,55,52,9
S01011776,588,5,23,110,127,246,77,305,1,5,24,51,161,63,283,4,18,86,76,85,14
S01011777,349,3,17,60,84,144,41,181,0,3,10,36,100,32,168,3,14,50,48,44,9
S01011778,363,2,19,68,82,148,44,186,0,8,15,32,96,35,177,2,11,53,50,52,9
S01011779,417,3,18,90,88,171,47,217,0,8,20,35,114,40,200,3,10,70,53,57,7
S01011780,520,0,40,108,101,207,64,286,0,9,33,56,132,56,234,0,31,75,45,75,8
S01011781,308,4,22,67,73,107,35,165,2,10,16,29,77,31,143,2,12,51,44,30,4
S01011782,382,4,33,74,96,129,46,202,3,13,20,39,90,37,180,1,20,54,57,39,9
S01011783,321,2,19,66,79,126,29,171,2,8,25,29,87,20,150,0,11,41,50,39,9
S01011784,381,4,19,73,97,154,34,177,1,4,10,37,95,30,204,3,15,63,60,59,4
S01011785,421,1,15,101,105,171,28,209,0,2,21,45,118,23,212,1,13,80,60,53,5
S01011786,230,1,17,40,42,94,36,120,0,7,6,19,59,29,110,1,10,34,23,35,7
S01011787,395,1,18,84,97,161,34,207,0,3,15,45,112,32,188,1,15,69,52,49,2
S01011788,361,3,18,64,46,139,91,200,0,7,17,19,88,69,161,3,11,47,27,51,22
S01011789,318,4,22,61,61,132,38,162,0,5,11,25,88,33,156,4,17,50,36,44,5
S01011790,446,0,26,117,87,173,43,221,0,5,23,38,117,38,225,0,21,94,49,56,5
S01011791,319,1,15,77,66,136,24,162,0,4,12,33,90,23,157,1,11,65,33,46,1
S01011792,356,5,17,53,76,165,40,195,2,5,12,40,107,29,161,3,12,41,36,58,11
S01011793,335,2,24,62,83,133,31,168,2,8,15,34,85,24,167,0,16,47,49,48,7
S01011794,380,2,11,93,84,160,30,181,1,1,18,27,108,26,199,1,10,75,57,52,4
S01011795,269,2,15,46,66,112,28,154,2,1,9,29,90,23,115,0,14,37,37,22,5
S01011796,321,1,19,65,75,138,23,156,0,5,12,27,94,18,165,1,14,53,48,44,5
S01011797,573,3,38,130,127,213,62,296,0,14,30,56,142,54,277,3,24,100,71,71,8
S01011798,241,2,12,47,52,109,19,121,0,0,9,25,72,15,120,2,12,38,27,37,4
S01011799,443,6,24,77,117,180,39,233,1,6,15,55,123,33,210,5,18,62,62,57,6
S01011800,254,1,10,55,53,115,20,141,0,3,14,23,83,18,113,1,7,41,30,32,2
S01011801,227,0,16,62,43,92,14,113,0,3,14,15,69,12,114,0,13,48,28,23,2
S01011802,288,2,9,67,61,134,15,152,1,2,10,32,95,12,136,1,7,57,29,39,3
S01011803,259,1,11,65,66,94,22,124,0,3,6,31,66,18,135,1,8,59,35,28,4
S01011804,374,3,19,85,78,124,65,191,1,5,11,29,89,56,183,2,14,74,49,35,9
S01011805,280,3,22,45,56,101,53,144,3,3,8,22,68,40,136,0,19,37,34,33,13
S01011806,377,2,31,77,72,129,66,199,1,7,15,32,91,53,178,1,24,62,40,38,13
S01011807,610,9,47,118,95,203,138,325,3,11,28,40,134,109,285,6,36,90,55,69,29
S01011808,330,3,31,87,45,110,54,174,0,8,18,20,81,47,156,3,23,69,25,29,7
S01011809,402,3,30,100,66,132,71,217,0,9,26,39,88,55,185,3,21,74,27,44,16
S01011810,496,5,32,103,100,177,79,266,3,11,24,41,129,58,230,2,21,79,59,48,21
S01011811,554,3,41,106,104,204,96,302,1,9,24,50,137,81,252,2,32,82,54,67,15
S01011812,349,2,17,89,58,122,61,187,1,7,21,27,80,51,162,1,10,68,31,42,10
S01011813,427,5,22,79,92,134,95,230,0,2,20,35,94,79,197,5,20,59,57,40,16
S01011814,403,7,34,88,72,130,72,218,0,7,21,33,97,60,185,7,27,67,39,33,12
S01011815,441,12,31,109,96,133,60,220,5,7,13,40,104,51,221,7,24,96,56,29,9
S01011816,351,3,23,82,66,115,62,185,2,7,13,34,82,47,166,1,16,69,32,33,15
S01011817,430,8,23,78,89,154,78,234,0,6,13,35,115,65,196,8,17,65,54,39,13
S01011818,607,7,42,160,137,186,75,306,1,10,32,59,144,60,301,6,32,128,78,42,15
S01011819,466,4,30,99,109,173,51,247,3,5,22,46,125,46,219,1,25,77,63,48,5
S01011820,372,9,31,88,65,137,42,192,2,7,16,26,108,33,180,7,24,72,39,29,9
S01011821,220,2,16,44,45,85,28,113,2,1,12,18,58,22,107,0,15,32,27,27,6
S01011822,404,5,27,102,91,127,52,214,2,8,38,38,90,38,190,3,19,64,53,37,14
S01011823,326,2,28,69,74,110,43,153,1,4,8,30,74,36,173,1,24,61,44,36,7
S01011824,379,4,32,89,83,134,37,202,1,6,22,37,101,35,177,3,26,67,46,33,2
S01011825,285,3,24,52,74,91,41,145,1,3,10,37,59,35,140,2,21,42,37,32,6
S01011826,371,4,28,73,92,126,48,189,0,10,18,34,91,36,182,4,18,55,58,35,12
S01011827,217,8,19,42,29,63,56,121,0,5,13,14,44,45,96,8,14,29,15,19,11
S01011828,486,8,40,118,74,146,100,267,3,10,32,39,100,83,219,5,30,86,35,46,17
S01011829,241,1,16,63,33,79,49,131,0,6,19,11,56,39,110,1,10,44,22,23,10
S01011830,287,9,18,58,30,90,82,165,3,6,15,12,62,67,122,6,12,43,18,28,15
S01011831,393,10,45,95,43,91,109,219,2,12,34,18,68,85,174,8,33,61,25,23,24
S01011832,441,10,40,92,44,140,115,243,3,6,20,22,96,96,198,7,34,72,22,44,19
S01011833,459,15,30,95,63,160,96,238,6,5,24,26,108,69,221,9,25,71,37,52,27
S01011834,254,6,13,52,37,96,50,136,1,2,9,12,69,43,118,5,11,43,25,27,7
S01011835,379,6,26,62,69,142,74,196,2,7,13,27,96,51,183,4,19,49,42,46,23
S01011836,379,3,28,68,58,148,74,204,0,6,15,30,89,64,175,3,22,53,28,59,10
S01011837,329,3,26,59,44,135,62,175,0,4,17,16,88,50,154,3,22,42,28,47,12
S01011838,413,3,29,74,65,182,60,229,0,9,16,40,119,45,184,3,20,58,25,63,15
S01011839,494,5,34,96,99,195,65,259,2,8,17,42,138,52,235,3,26,79,57,57,13
S01011840,517,2,33,107,121,186,68,258,0,7,21,54,129,47,259,2,26,86,67,57,21
S01011841,452,3,22,103,86,188,50,228,0,7,12,49,123,37,224,3,15,91,37,65,13
S01011842,446,1,35,102,94,152,62,222,0,14,15,38,105,50,224,1,21,87,56,47,12
S01011843,508,10,32,94,85,177,110,276,2,8,27,37,111,91,232,8,24,67,48,66,19
S01011844,349,11,30,76,35,117,80,183,6,7,15,15,78,62,166,5,23,61,20,39,18
S01011845,412,4,27,100,74,151,56,199,3,2,14,28,103,49,213,1,25,86,46,48,7
S01011846,457,10,27,83,79,173,85,230,2,5,20,36,103,64,227,8,22,63,43,70,21
S01011847,222,4,12,44,33,82,47,122,2,1,8,15,58,38,100,2,11,36,18,24,9
S01011848,384,3,32,87,53,137,72,195,1,7,22,22,82,61,189,2,25,65,31,55,11
S01011849,448,7,22,73,80,196,70,230,2,2,15,35,118,58,218,5,20,58,45,78,12
S01011850,361,3,20,76,39,133,90,195,0,2,20,15,90,68,166,3,18,56,24,43,22
S01011851,442,5,30,99,74,151,83,221,1,5,19,29,96,71,221,4,25,80,45,55,12
S01011852,488,4,22,102,72,205,83,259,2,3,21,27,137,69,229,2,19,81,45,68,14
S01011853,378,4,17,76,69,146,66,201,1,4,14,25,100,57,177,3,13,62,44,46,9
S01011854,377,4,34,85,50,137,67,195,2,10,23,19,97,44,182,2,24,62,31,40,23
S01011855,419,3,27,99,77,168,45,205,0,6,22,22,115,40,214,3,21,77,55,53,5
S01011856,281,5,25,71,35,100,45,149,1,11,15,15,68,39,132,4,14,56,20,32,6
S01011857,346,3,25,88,43,106,81,186,1,8,27,14,68,68,160,2,17,61,29,38,13
S01011858,335,4,37,89,43,110,52,173,2,14,19,15,84,39,162,2,23,70,28,26,13
S01011859,323,4,24,88,36,127,44,169,2,3,18,15,93,38,154,2,21,70,21,34,6
S01011860,392,3,24,70,52,150,93,223,0,6,24,23,101,69,169,3,18,46,29,49,24
S01011861,375,11,18,73,39,140,94,213,5,2,19,15,94,78,162,6,16,54,24,46,16
S01011862,404,5,22,79,63,150,85,222,3,8,14,32,108,57,182,2,14,65,31,42,28
S01011863,339,5,22,77,35,128,72,178,1,8,21,12,88,48,161,4,14,56,23,40,24
S01011864,336,4,28,78,53,113,60,174,3,10,22,19,72,48,162,1,18,56,34,41,12
S01011865,274,2,15,58,41,115,43,136,1,1,10,16,77,31,138,1,14,48,25,38,12
S01011866,381,2,30,97,48,165,39,200,1,4,22,19,121,33,181,1,26,75,29,44,6
S01011867,468,4,24,117,91,177,55,232,1,5,21,35,125,45,236,3,19,96,56,52,10
S01011868,422,3,31,100,70,157,61,213,1,5,30,32,98,47,209,2,26,70,38,59,14
S01011869,430,8,18,94,66,181,63,223,3,2,29,29,115,45,207,5,16,65,37,66,18
S01011870,315,2,14,75,53,135,36,161,0,1,16,25,89,30,154,2,13,59,28,46,6
S01011871,567,7,41,120,63,212,124,296,1,9,26,21,142,97,271,6,32,94,42,70,27
S01011872,476,3,29,107,57,166,114,254,0,5,24,20,117,88,222,3,24,83,37,49,26
S01011873,441,5,22,88,85,168,73,225,1,7,13,33,116,55,216,4,15,75,52,52,18
S01011874,368,5,20,75,89,128,51,189,0,6,19,44,77,43,179,5,14,56,45,51,8
S01011875,297,0,9,62,70,126,30,147,0,3,10,23,87,24,150,0,6,52,47,39,6
S01011876,495,5,29,114,74,170,103,261,1,10,28,35,108,79,234,4,19,86,39,62,24
S01011877,284,1,17,67,54,108,37,153,0,6,16,28,75,28,131,1,11,51,26,33,9
S01011878,517,4,35,115,77,172,114,271,1,12,32,35,108,83,246,3,23,83,42,64,31
S01011879,274,3,17,55,36,118,45,145,1,5,15,20,67,37,129,2,12,40,16,51,8
S01011880,299,3,20,64,41,119,52,167,0,6,13,15,85,48,132,3,14,51,26,34,4
S01011881,417,3,31,93,99,140,51,201,0,9,8,53,92,39,216,3,22,85,46,48,12
S01011882,449,7,36,106,111,138,51,226,1,4,17,53,109,42,223,6,32,89,58,29,9
S01011883,561,6,39,109,113,192,102,272,3,9,19,49,126,66,289,3,30,90,64,66,36
S01011884,233,3,17,47,31,82,53,127,1,2,8,13,61,42,106,2,15,39,18,21,11
S01011885,378,11,22,69,61,132,83,203,1,4,15,28,85,70,175,10,18,54,33,47,13
S01011886,437,3,41,94,72,160,67,223,2,8,13,27,116,57,214,1,33,81,45,44,10
S01011887,289,1,20,66,60,103,39,151,0,4,10,29,78,30,138,1,16,56,31,25,9
S01011888,421,6,21,136,81,142,35,197,2,3,22,33,105,32,224,4,18,114,48,37,3
S01011889,405,4,16,82,109,139,55,214,1,3,21,55,93,41,191,3,13,61,54,46,14
S01011890,376,4,24,83,89,142,34,184,2,6,13,49,87,27,192,2,18,70,40,55,7
S01011891,372,4,16,98,97,123,34,211,4,11,37,47,83,29,161,0,5,61,50,40,5
S01011892,621,3,25,113,169,250,61,315,1,13,27,78,152,44,306,2,12,86,91,98,17
S01011893,504,2,12,99,161,197,33,258,1,2,25,76,129,25,246,1,10,74,85,68,8
S01011894,349,0,19,80,80,133,37,184,0,4,31,36,80,33,165,0,15,49,44,53,4
S01011895,273,5,18,53,52,112,33,146,2,5,16,24,71,28,127,3,13,37,28,41,5
S01011896,430,3,27,87,115,148,50,217,0,9,14,58,92,44,213,3,18,73,57,56,6
S01011897,476,2,23,107,123,157,64,229,2,6,17,54,103,47,247,0,17,90,69,54,17
S01011898,358,2,25,84,68,124,55,170,1,2,14,30,76,47,188,1,23,70,38,48,8
S01011899,379,6,30,75,109,123,36,182,2,6,15,50,79,30,197,4,24,60,59,44,6
S01011900,387,6,25,92,81,131,52,203,4,10,25,43,80,41,184,2,15,67,38,51,11
S01011901,447,7,19,83,102,168,68,230,0,6,17,51,100,56,217,7,13,66,51,68,12
S01011902,516,3,42,106,121,189,55,264,0,12,25,58,125,44,252,3,30,81,63,64,11
S01011903,370,4,24,82,91,122,47,196,1,6,19,48,84,38,174,3,18,63,43,38,9
S01011904,383,3,32,77,102,102,67,188,1,8,12,46,69,52,195,2,24,65,56,33,15
S01011905,421,6,33,102,83,139,58,217,1,10,21,43,96,46,204,5,23,81,40,43,12
S01011906,228,4,11,47,69,69,28,119,1,6,13,32,43,24,109,3,5,34,37,26,4
S01011907,447,2,13,83,136,178,35,229,0,2,15,71,116,25,218,2,11,68,65,62,10
S01011908,227,2,12,44,62,81,26,116,0,2,8,32,51,23,111,2,10,36,30,30,3
S01011909,682,4,32,122,213,241,70,334,1,9,19,95,152,58,348,3,23,103,118,89,12
S01011910,404,1,22,107,97,144,33,200,0,8,20,48,96,28,204,1,14,87,49,48,5
S01011911,317,6,12,76,81,127,15,151,1,1,12,40,85,12,166,5,11,64,41,42,3
S01011912,365,4,26,74,97,140,24,178,1,4,13,49,92,19,187,3,22,61,48,48,5
S01011913,345,3,25,112,72,101,32,162,1,5,29,32,66,29,183,2,20,83,40,35,3
S01011914,377,1,26,113,82,130,25,185,0,10,26,39,88,22,192,1,16,87,43,42,3
S01011915,388,2,14,108,92,143,29,203,1,1,25,43,109,24,185,1,13,83,49,34,5
S01011916,270,1,17,61,78,93,20,125,0,0,12,33,64,16,145,1,17,49,45,29,4
S01011917,247,2,15,62,69,86,13,110,1,5,10,25,60,9,137,1,10,52,44,26,4
S01011918,317,2,16,91,74,111,23,139,0,3,11,33,77,15,178,2,13,80,41,34,8
S01011919,475,5,26,103,104,198,39,238,3,12,28,43,124,28,237,2,14,75,61,74,11
S01011920,325,4,18,82,90,111,20,157,2,1,19,43,77,15,168,2,17,63,47,34,5
S01011921,276,2,15,64,80,101,14,137,0,5,14,34,74,10,139,2,10,50,46,27,4
S01011922,382,2,22,84,105,148,21,195,1,5,20,49,104,16,187,1,17,64,56,44,5
S01011923,405,0,20,104,95,155,31,205,0,5,23,42,106,29,200,0,15,81,53,49,2
S01011924,217,1,10,57,57,77,15,111,1,3,10,24,58,15,106,0,7,47,33,19,0
S01011925,445,3,22,82,99,184,55,229,0,5,14,46,121,43,216,3,17,68,53,63,12
S01011926,326,1,19,78,80,123,25,159,1,5,15,36,82,20,167,0,14,63,44,41,5
S01011927,292,1,20,70,71,103,27,132,1,6,11,29,66,19,160,0,14,59,42,37,8
S01011928,360,0,15,85,84,146,30,179,0,2,16,37,99,25,181,0,13,69,47,47,5
S01011929,354,1,21,81,98,132,21,173,0,4,13,47,93,16,181,1,17,68,51,39,5
S01011930,318,2,17,82,80,114,23,155,1,3,16,33,85,17,163,1,14,66,47,29,6
S01011931,274,3,20,68,70,92,21,144,0,8,22,33,63,18,130,3,12,46,37,29,3
S01011932,373,3,16,56,113,161,24,186,3,6,9,59,91,18,187,0,10,47,54,70,6
S01011933,368,1,18,67,95,163,24,200,1,7,16,47,111,18,168,0,11,51,48,52,6
S01011934,533,5,32,115,123,204,54,292,1,12,39,56,138,46,241,4,20,76,67,66,8
S01011935,502,3,27,102,110,218,42,282,0,13,40,49,148,32,220,3,14,62,61,70,10
S01011936,398,4,12,89,109,138,46,200,1,2,33,52,82,30,198,3,10,56,57,56,16
S01011937,394,4,16,78,82,176,38,218,2,7,47,29,105,28,176,2,9,31,53,71,10
S01011938,385,2,20,60,86,167,50,192,0,6,14,35,97,40,193,2,14,46,51,70,10
S01011939,417,2,20,87,107,169,32,229,0,9,37,44,111,28,188,2,11,50,63,58,4
S01011940,240,2,8,34,68,114,14,137,1,0,9,34,84,9,103,1,8,25,34,30,5
S01011941,472,0,25,97,101,211,38,268,0,8,38,50,146,26,204,0,17,59,51,65,12
S01011942,470,1,26,100,115,195,33,268,0,5,48,58,131,26,202,1,21,52,57,64,7
S01011943,577,4,27,138,153,207,48,300,3,7,52,75,128,35,277,1,20,86,78,79,13
S01011944,207,3,19,43,33,71,38,108,1,5,10,16,46,30,99,2,14,33,17,25,8
S01011945,347,6,25,72,52,115,77,192,2,6,18,27,76,63,155,4,19,54,25,39,14
S01011946,323,9,22,78,62,112,40,169,2,3,16,30,81,37,154,7,19,62,32,31,3
S01011947,216,1,18,55,52,71,19,113,1,4,16,24,57,11,103,0,14,39,28,14,8
S01011948,484,5,31,100,98,172,78,245,0,7,29,42,106,61,239,5,24,71,56,66,17
S01011949,303,9,22,69,55,99,49,156,4,5,16,25,68,38,147,5,17,53,30,31,11
S01011950,307,3,19,65,87,109,24,151,0,5,16,39,71,20,156,3,14,49,48,38,4
S01011951,323,6,14,79,70,123,31,166,2,4,12,33,89,26,157,4,10,67,37,34,5
S01011952,234,3,11,48,58,79,35,121,1,5,2,30,50,33,113,2,6,46,28,29,2
S01011953,360,8,22,78,68,139,45,193,3,10,14,32,99,35,167,5,12,64,36,40,10
S01011954,228,1,10,61,58,87,11,117,0,2,14,27,63,11,111,1,8,47,31,24,0
S01011955,460,3,21,115,104,167,50,219,1,4,22,44,110,38,241,2,17,93,60,57,12
S01011956,528,4,24,123,125,179,73,273,1,6,21,66,116,63,255,3,18,102,59,63,10
S01011957,499,0,24,77,65,232,101,300,0,12,21,31,164,72,199,0,12,56,34,68,29
S01011958,545,6,34,105,83,218,99,305,1,10,27,32,152,83,240,5,24,78,51,66,16
S01011959,428,8,30,84,73,164,69,213,3,6,18,24,113,49,215,5,24,66,49,51,20
S01011960,466,3,26,97,76,185,79,242,1,7,19,30,126,59,224,2,19,78,46,59,20
S01011961,409,5,23,83,83,177,38,202,2,6,16,39,109,30,207,3,17,67,44,68,8
S01011962,366,2,23,57,80,146,58,196,1,7,15,32,92,49,170,1,16,42,48,54,9
S01011963,247,0,13,46,61,106,21,125,0,2,8,33,66,16,122,0,11,38,28,40,5
S01011964,522,5,19,92,101,236,69,271,1,7,14,42,152,55,251,4,12,78,59,84,14
S01011965,327,2,22,72,75,109,47,157,0,5,10,34,69,39,170,2,17,62,41,40,8
S01011966,390,6,23,84,75,135,67,199,3,8,11,32,93,52,191,3,15,73,43,42,15
S01011967,563,4,26,102,105,226,100,301,0,4,28,46,145,78,262,4,22,74,59,81,22
S01011968,509,4,21,99,117,223,45,251,2,10,23,53,132,31,258,2,11,76,64,91,14
S01011969,494,4,24,102,97,214,53,266,1,5,17,49,152,42,228,3,19,85,48,62,11
S01011970,489,4,26,90,127,202,40,250,1,8,8,50,148,35,239,3,18,82,77,54,5
S01011971,278,4,13,51,60,101,49,153,2,2,7,25,77,40,125,2,11,44,35,24,9
S01011972,589,11,46,105,98,213,116,318,2,10,25,45,141,95,271,9,36,80,53,72,21
S01011973,322,3,16,67,57,112,67,171,2,4,15,16,80,54,151,1,12,52,41,32,13
S01011974,411,5,25,79,68,160,74,230,3,9,13,34,110,61,181,2,16,66,34,50,13
S01011975,225,2,16,40,44,85,38,123,1,3,11,20,61,27,102,1,13,29,24,24,11
S01011976,370,9,23,58,87,144,49,189,2,6,5,35,102,39,181,7,17,53,52,42,10
S01011977,548,6,40,110,85,214,93,298,2,12,27,37,153,67,250,4,28,83,48,61,26
S01011978,280,3,19,66,61,102,29,137,0,3,14,23,73,24,143,3,16,52,38,29,5
S01011979,523,9,25,104,104,191,90,295,5,6,26,47,137,74,228,4,19,78,57,54,16
S01011980,206,2,10,29,26,86,53,116,2,2,6,9,55,42,90,0,8,23,17,31,11
S01011981,515,7,38,97,63,197,113,281,2,9,30,30,123,87,234,5,29,67,33,74,26
S01011982,515,8,33,113,75,166,120,289,2,7,30,34,116,100,226,6,26,83,41,50,20
S01011983,363,4,25,75,45,144,70,194,2,6,18,24,94,50,169,2,19,57,21,50,20
S01011984,294,4,10,74,54,123,29,151,1,4,12,20,89,25,143,3,6,62,34,34,4
S01011985,368,7,17,80,54,157,53,185,2,2,13,18,108,42,183,5,15,67,36,49,11
S01011986,277,4,17,60,55,114,27,134,2,4,5,17,87,19,143,2,13,55,38,27,8
S01011987,439,9,35,110,80,165,40,216,1,8,26,32,116,33,223,8,27,84,48,49,7
S01011988,288,4,24,54,50,112,44,157,0,9,11,23,75,39,131,4,15,43,27,37,5
S01011989,416,5,37,89,86,151,48,206,2,6,18,39,101,40,210,3,31,71,47,50,8
S01011990,312,4,19,73,52,118,46,163,1,7,15,21,81,38,149,3,12,58,31,37,8
S01011991,354,7,29,73,68,135,42,181,2,7,17,31,91,33,173,5,22,56,37,44,9
S01011992,434,6,30,85,84,166,63,226,1,12,14,29,118,52,208,5,18,71,55,48,11
S01011993,415,5,15,99,89,176,31,202,3,3,26,37,108,25,213,2,12,73,52,68,6
S01011994,255,5,24,62,37,84,43,129,2,7,18,14,57,31,126,3,17,44,23,27,12
S01011995,453,5,32,78,63,148,127,255,1,6,18,20,103,107,198,4,26,60,43,45,20
S01011996,269,2,13,69,40,111,34,139,1,4,18,15,77,24,130,1,9,51,25,34,10
S01011997,469,4,28,95,109,173,60,233,2,4,19,47,116,45,236,2,24,76,62,57,15
S01011998,246,3,13,52,37,91,50,132,3,1,9,15,61,43,114,0,12,43,22,30,7
S01011999,359,5,25,81,48,137,63,182,1,4,15,13,95,54,177,4,21,66,35,42,9
S01012000,248,4,15,41,48,103,37,128,1,3,4,24,65,31,120,3,12,37,24,38,6
S01012001,335,0,17,68,80,120,50,180,0,4,10,40,84,42,155,0,13,58,40,36,8
S01012002,249,3,15,48,58,93,32,131,2,2,10,26,67,24,118,1,13,38,32,26,8
S01012003,286,1,18,69,59,105,34,151,0,8,20,25,70,28,135,1,10,49,34,35,6
S01012004,427,3,25,99,76,167,57,219,1,8,19,30,116,45,208,2,17,80,46,51,12
S01012005,471,3,29,101,98,182,58,236,3,10,10,43,119,51,235,0,19,91,55,63,7
S01012006,399,7,30,56,45,141,120,222,2,8,13,17,88,94,177,5,22,43,28,53,26
S01012007,386,4,21,72,56,166,67,205,3,7,19,18,106,52,181,1,14,53,38,60,15
S01012008,503,4,43,102,79,177,98,251,0,10,24,38,112,67,252,4,33,78,41,65,31
S01012009,430,4,24,75,56,215,56,222,2,3,18,27,129,43,208,2,21,57,29,86,13
S01012010,609,8,31,89,81,274,126,309,2,8,21,35,155,88,300,6,23,68,46,119,38
S01012011,587,4,31,127,101,244,80,284,0,10,35,37,150,52,303,4,21,92,64,94,28
S01012012,285,2,24,45,44,115,55,146,0,9,11,18,66,42,139,2,15,34,26,49,13
S01012013,397,2,15,88,51,149,92,202,2,4,25,21,89,61,195,0,11,63,30,60,31
S01012014,433,3,29,99,71,181,50,228,1,9,23,35,119,41,205,2,20,76,36,62,9
S01012015,457,5,23,104,68,187,70,236,0,4,21,21,138,52,221,5,19,83,47,49,18
S01012016,480,6,31,93,52,199,99,261,1,7,26,20,128,79,219,5,24,67,32,71,20
S01012017,250,4,13,61,24,71,77,139,2,4,24,10,43,56,111,2,9,37,14,28,21
S01012018,455,6,34,90,53,167,105,260,3,11,28,19,115,84,195,3,23,62,34,52,21
S01012019,432,2,22,78,101,167,62,216,0,5,15,43,104,49,216,2,17,63,58,63,13
S01012020,301,2,23,69,55,112,40,155,0,10,14,23,76,32,146,2,13,55,32,36,8
S01012021,284,3,23,68,51,104,35,143,1,9,13,14,76,30,141,2,14,55,37,28,5
S01012022,343,2,15,78,89,126,33,162,0,3,13,31,89,26,181,2,12,65,58,37,7
S01012023,292,3,17,55,51,101,65,150,1,3,19,24,52,51,142,2,14,36,27,49,14
S01012024,462,5,16,81,114,178,68,226,1,6,14,41,116,48,236,4,10,67,73,62,20
S01012025,359,2,16,79,80,146,36,184,0,9,15,36,94,30,175,2,7,64,44,52,6
S01012026,356,3,18,79,65,137,54,176,1,6,15,27,84,43,180,2,12,64,38,53,11
S01012027,445,5,18,74,97,166,85,230,2,5,14,38,103,68,215,3,13,60,59,63,17
S01012028,462,6,24,97,101,157,77,242,1,11,27,49,99,55,220,5,13,70,52,58,22
S01012029,544,5,33,108,102,213,83,271,1,6,28,48,124,64,273,4,27,80,54,89,19
S01012030,375,6,24,75,65,129,76,196,1,8,17,26,79,65,179,5,16,58,39,50,11
S01012031,256,4,12,51,39,107,43,124,1,5,8,23,58,29,132,3,7,43,16,49,14
S01012032,192,2,17,35,27,67,44,99,0,6,8,11,38,36,93,2,11,27,16,29,8
S01012033,388,3,27,76,94,150,38,200,0,10,18,41,99,32,188,3,17,58,53,51,6
S01012034,383,3,16,83,68,173,40,201,1,3,16,37,108,36,182,2,13,67,31,65,4
S01012035,429,2,21,98,95,169,44,233,1,5,24,52,115,36,196,1,16,74,43,54,8
S01012036,401,0,30,78,116,131,46,207,0,12,20,50,88,37,194,0,18,58,66,43,9
S01012037,377,1,13,75,92,170,26,190,0,5,12,35,118,20,187,1,8,63,57,52,6
S01012038,285,0,15,92,62,100,16,132,0,1,20,26,69,16,153,0,14,72,36,31,0
S01012039,390,1,16,102,78,170,23,200,0,4,22,36,119,19,190,1,12,80,42,51,4
S01012040,364,0,30,59,88,152,35,198,0,13,15,36,108,26,166,0,17,44,52,44,9
S01012041,397,2,14,94,102,158,27,206,0,4,19,45,113,25,191,2,10,75,57,45,2
S01012042,417,1,25,96,91,170,34,202,0,7,15,44,108,28,215,1,18,81,47,62,6
S01012043,363,0,18,102,77,138,28,183,0,8,26,33,96,20,180,0,10,76,44,42,8
S01012044,301,1,7,74,76,128,15,144,1,2,13,30,86,12,157,0,5,61,46,42,3
S01012045,490,4,28,91,79,226,62,265,1,8,27,34,142,53,225,3,20,64,45,84,9
S01012046,244,3,10,59,52,106,14,106,2,0,12,17,65,10,138,1,10,47,35,41,4
S01012047,350,2,10,86,78,137,37,165,1,1,18,38,77,30,185,1,9,68,40,60,7
S01012048,266,0,4,62,63,120,17,135,0,2,10,34,74,15,131,0,2,52,29,46,2
S01012049,333,5,20,59,101,125,23,159,0,4,10,48,76,21,174,5,16,49,53,49,2
S01012050,541,3,27,106,134,230,41,271,0,6,18,60,153,34,270,3,21,88,74,77,7
S01012051,228,2,12,46,52,91,25,118,0,5,9,20,63,21,110,2,7,37,32,28,4
S01012052,424,0,24,84,95,191,30,224,0,7,25,47,123,22,200,0,17,59,48,68,8
S01012053,369,3,20,72,102,152,20,167,0,6,11,39,95,16,202,3,14,61,63,57,4
S01012054,328,0,24,81,70,134,19,159,0,8,21,30,84,16,169,0,16,60,40,50,3
S01012055,359,1,18,82,88,143,27,182,0,4,18,44,91,25,177,1,14,64,44,52,2
S01012056,362,0,20,77,94,128,43,182,0,9,16,44,76,37,180,0,11,61,50,52,6
S01012057,390,4,21,86,100,148,31,200,2,7,17,46,105,23,190,2,14,69,54,43,8
S01012058,361,4,25,70,79,141,42,181,3,10,18,29,84,37,180,1,15,52,50,57,5
S01012059,365,2,15,111,65,140,32,172,1,1,24,30,91,25,193,1,14,87,35,49,7
S01012060,364,4,16,76,93,147,28,187,2,5,19,41,98,22,177,2,11,57,52,49,6
S01012061,480,2,22,94,96,212,54,245,0,8,20,41,136,40,235,2,14,74,55,76,14
S01012062,486,3,30,100,121,182,50,252,1,14,24,52,118,43,234,2,16,76,69,64,7
S01012063,288,3,7,55,71,126,26,138,0,0,11,29,78,20,150,3,7,44,42,48,6
S01012064,194,0,8,64,42,67,13,87,0,0,14,19,46,8,107,0,8,50,23,21,5
S01012065,158,3,11,63,33,41,7,67,0,2,15,17,26,7,91,3,9,48,16,15,0
S01012066,360,0,17,97,81,136,29,170,0,2,26,35,83,24,190,0,15,71,46,53,5
S01012067,180,0,11,60,31,67,11,87,0,1,13,17,45,11,93,0,10,47,14,22,0
S01012068,127,3,10,45,29,32,8,51,0,2,8,13,22,6,76,3,8,37,16,10,2
S01012069,179,0,4,42,49,68,16,81,0,2,9,19,40,11,98,0,2,33,30,28,5
S01012070,250,1,16,58,57,104,14,131,0,7,23,25,67,9,119,1,9,35,32,37,5
S01012071,425,2,19,105,94,176,29,223,1,4,39,48,109,22,202,1,15,66,46,67,7
S01012072,435,4,19,102,86,184,40,229,1,4,36,38,124,26,206,3,15,66,48,60,14
S01012073,380,0,10,59,103,164,44,187,0,2,10,32,114,29,193,0,8,49,71,50,15
S01012074,415,1,22,67,105,172,48,210,1,12,16,47,94,40,205,0,10,51,58,78,8
S01012075,447,5,20,87,106,169,60,213,4,5,8,38,111,47,234,1,15,79,68,58,13
S01012076,363,1,12,71,89,162,28,182,1,5,17,38,98,23,181,0,7,54,51,64,5
S01012077,342,3,9,77,105,132,16,172,1,4,17,42,94,14,170,2,5,60,63,38,2
S01012078,473,2,30,91,125,180,45,248,0,10,25,57,118,38,225,2,20,66,68,62,7
S01012079,384,2,22,97,87,153,23,176,0,7,23,27,98,21,208,2,15,74,60,55,2
S01012080,312,1,17,94,64,118,18,143,1,6,18,28,74,16,169,0,11,76,36,44,2
S01012081,287,2,10,76,65,118,16,138,0,1,15,28,78,16,149,2,9,61,37,40,0
S01012082,242,1,4,66,70,93,8,120,1,0,17,34,60,8,122,0,4,49,36,33,0
S01012083,268,3,12,47,69,118,19,140,1,5,12,30,78,14,128,2,7,35,39,40,5
S01012084,312,2,19,64,70,130,27,156,0,4,12,31,84,25,156,2,15,52,39,46,2
S01012085,363,1,21,70,86,159,26,191,0,4,19,40,110,18,172,1,17,51,46,49,8
S01012086,386,1,10,97,87,154,37,187,1,1,16,39,99,31,199,0,9,81,48,55,6
S01012087,310,2,16,76,81,113,22,148,1,6,12,42,71,16,162,1,10,64,39,42,6
S01012088,389,2,18,79,92,166,32,193,0,7,16,38,106,26,196,2,11,63,54,60,6
S01012089,450,1,21,84,136,174,34,213,1,6,16,52,110,28,237,0,15,68,84,64,6
S01012090,444,5,26,80,107,159,67,238,4,10,19,40,113,52,206,1,16,61,67,46,15
S01012091,311,3,18,59,85,126,20,152,2,4,12,35,83,16,159,1,14,47,50,43,4
S01012092,289,4,8,65,81,108,23,148,1,2,15,36,74,20,141,3,6,50,45,34,3
S01012093,282,1,13,38,85,114,31,145,1,4,6,35,75,24,137,0,9,32,50,39,7
S01012094,396,0,19,68,88,149,72,201,0,5,13,38,91,54,195,0,14,55,50,58,18
S01012095,561,4,33,135,128,214,47,272,0,10,31,50,145,36,289,4,23,104,78,69,11
S01012096,369,1,23,107,83,130,25,171,0,6,17,36,93,19,198,1,17,90,47,37,6
S01012097,300,1,9,86,68,111,25,148,0,4,18,30,72,24,152,1,5,68,38,39,1
S01012098,286,6,12,67,60,125,16,146,2,3,14,28,87,12,140,4,9,53,32,38,4
S01012099,324,1,20,84,75,122,22,150,0,2,22,29,78,19,174,1,18,62,46,44,3
S01012100,455,3,21,133,112,168,18,207,0,7,26,46,112,16,248,3,14,107,66,56,2
S01012101,410,7,26,98,85,149,45,200,3,10,20,35,97,35,210,4,16,78,50,52,10
S01012102,269,3,14,82,59,89,22,112,1,2,15,23,51,20,157,2,12,67,36,38,2
S01012103,517,3,24,97,145,209,39,251,1,8,16,64,133,29,266,2,16,81,81,76,10
S01012104,509,5,34,88,105,187,90,270,2,6,18,48,119,77,239,3,28,70,57,68,13
S01012105,599,3,28,123,154,220,71,291,2,6,23,68,136,56,308,1,22,100,86,84,15
S01012106,618,3,27,108,166,244,70,311,1,4,16,68,163,59,307,2,23,92,98,81,11
S01012107,320,2,18,59,76,125,40,166,0,5,15,33,78,35,154,2,13,44,43,47,5
S01012108,319,1,18,63,82,122,33,153,0,4,13,40,78,18,166,1,14,50,42,44,15
S01012109,425,0,19,88,104,179,35,208,0,5,20,46,107,30,217,0,14,68,58,72,5
S01012110,310,0,13,67,76,135,19,152,0,5,17,38,80,12,158,0,8,50,38,55,7
S01012111,236,2,14,45,57,100,18,123,1,3,9,25,74,11,113,1,11,36,32,26,7
S01012112,306,1,15,61,94,115,20,147,0,5,8,39,77,18,159,1,10,53,55,38,2
S01012113,447,1,21,90,140,163,32,229,0,9,26,57,111,26,218,1,12,64,83,52,6
S01012114,425,5,26,87,97,162,48,197,1,5,20,37,97,37,228,4,21,67,60,65,11
S01012115,235,3,10,52,70,85,15,105,0,2,10,28,56,9,130,3,8,42,42,29,6
S01012116,276,2,8,59,87,101,19,135,1,4,8,34,72,16,141,1,4,51,53,29,3
S01012117,472,3,11,70,130,199,59,237,0,1,8,49,132,47,235,3,10,62,81,67,12
S01012118,380,5,17,74,92,147,45,184,2,5,14,35,97,31,196,3,12,60,57,50,14
S01012119,453,2,28,109,107,176,31,236,0,10,22,53,126,25,217,2,18,87,54,50,6
S01012120,256,1,21,59,51,112,12,124,0,8,17,21,68,10,132,1,13,42,30,44,2
S01012121,370,4,18,92,85,146,25,188,2,4,24,44,94,20,182,2,14,68,41,52,5
S01012122,370,1,26,92,94,140,17,179,1,6,15,46,96,15,191,0,20,77,48,44,2
S01012123,270,1,19,60,63,101,26,134,1,9,15,26,63,20,136,0,10,45,37,38,6
S01012124,302,1,14,59,96,115,17,145,0,5,12,42,74,12,157,1,9,47,54,41,5
S01012125,325,0,18,63,79,146,19,162,0,8,12,35,91,16,163,0,10,51,44,55,3
S01012126,471,1,17,68,113,216,56,253,1,9,7,60,138,38,218,0,8,61,53,78,18
S01012127,421,2,12,75,126,162,44,238,2,5,22,57,114,38,183,0,7,53,69,48,6
S01012128,276,1,9,43,64,137,22,152,0,4,11,32,87,18,124,1,5,32,32,50,4
S01012129,346,3,13,59,84,153,34,184,2,6,9,43,96,28,162,1,7,50,41,57,6
S01012130,433,2,14,63,125,200,29,218,0,3,18,50,125,22,215,2,11,45,75,75,7
S01012131,477,5,37,99,124,178,34,252,1,16,41,55,112,27,225,4,21,58,69,66,7
S01012132,312,2,12,72,75,124,27,149,1,5,19,33,74,17,163,1,7,53,42,50,10
S01012133,416,2,11,75,102,181,45,221,1,2,19,52,115,32,195,1,9,56,50,66,13
S01012134,559,7,32,102,144,213,61,278,4,8,29,64,123,50,281,3,24,73,80,90,11
S01012135,357,3,11,106,87,129,21,172,0,5,32,31,86,18,185,3,6,74,56,43,3
S01012136,394,3,14,96,103,162,16,198,0,4,36,38,109,11,196,3,10,60,65,53,5
S01012137,267,1,21,58,70,99,18,136,0,11,18,31,63,13,131,1,10,40,39,36,5
S01012138,451,7,21,98,116,168,41,229,1,7,32,52,102,35,222,6,14,66,64,66,6
S01012139,427,5,27,95,116,147,37,210,3,5,17,56,100,29,217,2,22,78,60,47,8
S01012140,272,2,8,55,63,111,33,134,2,4,12,23,70,23,138,0,4,43,40,41,10
S01012141,487,6,22,112,146,153,48,238,3,7,21,65,105,37,249,3,15,91,81,48,11
S01012142,438,2,25,79,113,168,51,235,1,6,21,51,114,42,203,1,19,58,62,54,9
S01012143,405,5,33,69,87,158,53,218,4,10,14,48,99,43,187,1,23,55,39,59,10
S01012144,496,4,25,101,121,192,53,265,1,12,24,51,132,45,231,3,13,77,70,60,8
S01012145,490,6,39,113,114,152,66,246,2,18,22,57,99,48,244,4,21,91,57,53,18
S01012146,393,1,22,75,108,168,19,196,0,6,19,49,105,17,197,1,16,56,59,63,2
S01012147,282,3,9,83,68,110,9,132,1,3,23,25,73,7,150,2,6,60,43,37,2
S01012148,264,1,14,75,60,93,21,114,0,6,15,23,53,17,150,1,8,60,37,40,4
S01012149,393,2,23,80,74,180,34,218,1,5,18,37,124,33,175,1,18,62,37,56,1
S01012150,290,1,9,65,60,134,21,148,0,4,15,26,85,18,142,1,5,50,34,49,3
S01012151,293,0,12,71,79,117,14,147,0,3,13,40,77,14,146,0,9,58,39,40,0
S01012152,286,2,9,79,71,98,27,152,0,3,24,35,66,24,134,2,6,55,36,32,3
S01012153,245,1,10,59,51,107,17,125,0,1,13,23,73,15,120,1,9,46,28,34,2
S01012154,336,0,12,56,90,161,17,174,0,7,17,36,99,15,162,0,5,39,54,62,2
S01012155,259,2,5,58,72,95,27,135,1,3,15,33,64,19,124,1,2,43,39,31,8
S01012156,242,1,8,49,75,89,20,118,0,4,11,33,52,18,124,1,4,38,42,37,2
S01012157,492,2,21,95,133,203,38,244,1,6,23,57,125,32,248,1,15,72,76,78,6
S01012158,614,5,20,114,149,270,56,319,3,2,35,62,168,49,295,2,18,79,87,102,7
S01012159,253,2,20,46,71,97,17,125,1,6,7,27,69,15,128,1,14,39,44,28,2
S01012160,355,1,22,71,99,134,28,161,1,6,15,39,80,20,194,0,16,56,60,54,8
S01012161,188,1,12,56,48,65,6,76,0,3,10,12,46,5,112,1,9,46,36,19,1
S01012162,409,2,16,84,99,176,32,191,0,4,20,38,102,27,218,2,12,64,61,74,5
S01012163,350,3,10,69,92,146,30,173,2,4,17,37,86,27,177,1,6,52,55,60,3
S01012164,657,4,29,113,167,289,55,327,3,13,22,59,187,43,330,1,16,91,108,102,12
S01012165,368,3,24,84,79,151,27,180,2,7,15,35,95,26,188,1,17,69,44,56,1
S01012166,313,2,13,95,70,115,18,148,0,5,21,28,77,17,165,2,8,74,42,38,1
S01012167,405,2,19,75,111,177,21,208,0,10,17,51,115,15,197,2,9,58,60,62,6
S01012168,400,2,28,67,132,142,29,206,1,9,13,69,95,19,194,1,19,54,63,47,10
S01012169,369,4,16,82,104,132,31,185,1,4,25,47,83,25,184,3,12,57,57,49,6
S01012170,419,2,26,99,105,163,24,205,1,3,20,49,110,22,214,1,23,79,56,53,2
S01012171,477,2,26,113,133,179,24,223,1,4,26,59,117,16,254,1,22,87,74,62,8
S01012172,317,2,19,68,88,124,16,150,0,2,18,34,82,14,167,2,17,50,54,42,2
S01012173,298,1,18,75,75,102,27,151,0,9,24,27,70,21,147,1,9,51,48,32,6
S01012174,539,6,39,117,115,209,53,269,2,14,28,49,140,36,270,4,25,89,66,69,17
S01012175,473,1,28,94,121,186,43,252,1,10,23,57,124,37,221,0,18,71,64,62,6
S01012176,480,5,24,98,143,175,35,245,1,6,19,63,128,28,235,4,18,79,80,47,7
S01012177,327,2,23,88,80,116,18,173,1,10,18,42,85,17,154,1,13,70,38,31,1
S01012178,291,3,21,69,67,107,24,145,0,2,13,32,77,21,146,3,19,56,35,30,3
S01012179,264,4,23,63,73,81,20,125,2,9,16,27,55,16,139,2,14,47,46,26,4
S01012180,224,4,9,51,57,89,14,104,1,4,18,20,50,11,120,3,5,33,37,39,3
S01012181,330,3,14,68,82,125,38,170,1,6,9,38,85,31,160,2,8,59,44,40,7
S01012182,655,4,25,134,157,256,79,342,1,7,32,74,160,68,313,3,18,102,83,96,11
S01012183,363,0,10,70,87,175,21,193,0,2,23,36,115,17,170,0,8,47,51,60,4
S01012184,332,2,14,40,69,159,48,176,0,3,14,26,96,37,156,2,11,26,43,63,11
S01012185,360,2,12,46,93,186,21,204,1,5,13,44,122,19,156,1,7,33,49,64,2
S01012186,274,0,14,67,56,114,23,136,0,3,11,25,78,19,138,0,11,56,31,36,4
S01012187,296,2,16,75,75,109,19,149,1,5,20,39,67,17,147,1,11,55,36,42,2
S01012188,261,3,22,41,55,116,24,122,0,3,7,19,74,19,139,3,19,34,36,42,5
S01012189,311,1,13,60,79,135,23,161,0,2,13,45,80,21,150,1,11,47,34,55,2
S01012190,322,3,17,72,68,122,40,150,0,7,8,30,71,34,172,3,10,64,38,51,6
S01012191,482,3,24,98,111,199,47,255,0,6,19,48,139,43,227,3,18,79,63,60,4
S01012192,266,2,15,60,61,100,28,136,2,5,12,26,69,22,130,0,10,48,35,31,6
S01012193,354,4,17,72,94,124,43,192,1,6,11,50,92,32,162,3,11,61,44,32,11
S01012194,325,1,31,54,68,135,36,160,1,8,10,27,83,31,165,0,23,44,41,52,5
S01012195,613,2,37,111,165,246,52,311,2,13,25,68,161,42,302,0,24,86,97,85,10
S01012196,338,0,24,67,74,125,48,163,0,8,12,35,74,34,175,0,16,55,39,51,14
S01012197,314,2,19,60,85,129,19,150,0,9,7,35,82,17,164,2,10,53,50,47,2
S01012198,436,8,21,90,127,165,25,205,2,6,13,53,108,23,231,6,15,77,74,57,2
S01012199,351,4,18,83,79,136,31,185,1,7,15,40,101,21,166,3,11,68,39,35,10
S01012200,292,2,13,81,79,95,22,135,0,5,15,36,61,18,157,2,8,66,43,34,4
S01012201,359,3,17,74,89,143,33,176,1,3,17,36,95,24,183,2,14,57,53,48,9
S01012202,297,2,11,63,72,130,19,149,2,7,11,31,83,15,148,0,4,52,41,47,4
S01012203,415,2,29,88,98,148,50,208,1,7,27,45,89,39,207,1,22,61,53,59,11
S01012204,486,4,42,80,134,190,36,254,1,15,22,61,130,25,232,3,27,58,73,60,11
S01012205,402,5,21,79,89,151,57,207,4,5,18,36,101,43,195,1,16,61,53,50,14
S01012206,502,5,29,115,133,186,34,252,0,12,16,71,124,29,250,5,17,99,62,62,5
S01012207,400,3,20,86,111,150,30,198,2,5,20,48,99,24,202,1,15,66,63,51,6
S01012208,465,4,21,111,105,187,37,255,1,10,29,46,137,32,210,3,11,82,59,50,5
S01012209,334,3,18,68,81,142,22,177,2,4,14,45,94,18,157,1,14,54,36,48,4
S01012210,318,3,18,78,72,125,22,148,2,4,14,31,77,20,170,1,14,64,41,48,2
S01012211,439,3,23,102,109,170,32,219,1,8,24,54,111,21,220,2,15,78,55,59,11
S01012212,381,5,14,77,97,154,34,201,2,6,18,47,102,26,180,3,8,59,50,52,8
S01012213,436,3,31,92,112,152,46,230,1,12,28,59,93,37,206,2,19,64,53,59,9
S01012214,329,4,16,73,64,134,38,177,1,4,14,33,93,32,152,3,12,59,31,41,6
S01012215,481,4,29,101,124,192,31,264,3,11,29,64,130,27,217,1,18,72,60,62,4
S01012216,391,5,35,82,68,158,43,198,4,10,18,33,99,34,193,1,25,64,35,59,9
S01012217,227,1,10,65,49,85,17,97,0,3,17,20,43,14,130,1,7,48,29,42,3
S01012218,175,1,9,51,39,67,8,82,0,2,10,16,47,7,93,1,7,41,23,20,1
S01012219,311,2,20,79,70,111,29,150,1,5,20,28,71,25,161,1,15,59,42,40,4
S01012220,233,2,8,47,58,103,15,119,1,1,11,26,66,14,114,1,7,36,32,37,1
S01012221,253,1,8,57,61,108,18,120,1,3,11,27,65,13,133,0,5,46,34,43,5
S01012222,343,1,6,79,81,154,22,179,1,1,14,40,103,20,164,0,5,65,41,51,2
S01012223,284,1,11,68,66,113,25,148,0,4,12,32,76,24,136,1,7,56,34,37,1
S01012224,358,2,18,75,102,135,26,177,1,7,15,43,90,21,181,1,11,60,59,45,5
S01012225,462,1,21,111,114,178,37,222,0,6,23,43,116,34,240,1,15,88,71,62,3
S01012226,352,2,19,92,90,121,28,161,1,1,24,36,76,23,191,1,18,68,54,45,5
S01012227,316,0,18,76,80,120,22,155,0,5,11,40,80,19,161,0,13,65,40,40,3
S01012228,341,1,19,87,83,121,30,168,1,5,17,39,81,25,173,0,14,70,44,40,5
S01012229,398,2,18,73,103,152,50,191,2,7,10,45,84,43,207,0,11,63,58,68,7
S01012230,494,0,32,95,105,200,62,240,0,7,15,48,121,49,254,0,25,80,57,79,13
S01012231,437,6,27,97,81,172,54,228,1,9,18,40,119,41,209,5,18,79,41,53,13
S01012232,451,5,27,88,95,171,65,230,1,6,19,35,115,54,221,4,21,69,60,56,11
S01012233,477,6,35,90,113,182,51,245,3,12,20,50,118,42,232,3,23,70,63,64,9
S01012234,580,4,38,119,111,216,92,294,0,9,28,44,134,79,286,4,29,91,67,82,13
S01012235,207,8,15,44,36,77,27,113,2,4,14,19,51,23,94,6,11,30,17,26,4
S01012236,291,3,14,63,57,120,34,134,1,4,8,21,70,30,157,2,10,55,36,50,4
S01012237,365,6,25,83,64,127,60,193,4,6,26,28,83,46,172,2,19,57,36,44,14
S01012238,279,2,16,56,57,111,37,146,0,9,16,26,66,29,133,2,7,40,31,45,8
S01012239,250,4,14,59,47,101,25,130,0,4,12,24,70,20,120,4,10,47,23,31,5
S01012240,352,2,22,72,70,146,40,180,0,10,13,32,96,29,172,2,12,59,38,50,11
S01012241,256,1,16,42,45,113,39,144,0,4,13,21,75,31,112,1,12,29,24,38,8
S01012242,379,5,33,71,69,138,63,200,4,9,14,35,86,52,179,1,24,57,34,52,11
S01012243,292,2,20,61,63,111,35,157,1,2,13,30,82,29,135,1,18,48,33,29,6
S01012244,500,10,29,102,64,201,94,260,3,10,29,27,123,68,240,7,19,73,37,78,26
S01012245,331,6,33,76,52,127,37,167,5,8,16,26,81,31,164,1,25,60,26,46,6
S01012246,392,4,35,93,43,153,64,202,1,10,16,20,103,52,190,3,25,77,23,50,12
S01012247,395,4,26,86,73,130,76,197,1,8,23,32,78,55,198,3,18,63,41,52,21
S01012248,445,5,35,90,50,147,118,238,2,10,19,24,88,95,207,3,25,71,26,59,23
S01012249,461,7,34,103,67,147,103,259,1,11,30,32,100,85,202,6,23,73,35,47,18
S01012250,380,5,23,83,44,143,82,202,1,6,15,25,90,65,178,4,17,68,19,53,17
S01012251,449,2,27,112,96,162,50,239,0,5,34,44,119,37,210,2,22,78,52,43,13
S01012252,356,4,32,90,47,152,31,168,3,6,14,17,101,27,188,1,26,76,30,51,4
S01012253,441,2,26,99,88,157,69,212,0,4,30,41,89,48,229,2,22,69,47,68,21
S01012254,433,6,34,75,101,164,53,213,1,3,12,46,112,39,220,5,31,63,55,52,14
S01012255,404,4,24,68,66,179,63,216,1,6,19,29,111,50,188,3,18,49,37,68,13
S01012256,431,4,32,107,74,167,47,230,0,7,19,33,132,39,201,4,25,88,41,35,8
S01012257,469,4,36,119,90,186,34,234,0,12,14,42,139,27,235,4,24,105,48,47,7
S01012258,318,5,29,70,56,97,61,165,1,10,11,26,68,49,153,4,19,59,30,29,12
S01012259,257,5,29,61,44,81,37,130,3,13,15,18,55,26,127,2,16,46,26,26,11
S01012260,372,4,17,87,52,146,66,204,3,5,17,25,103,51,168,1,12,70,27,43,15
S01012261,438,9,36,106,68,157,62,220,3,8,20,34,107,48,218,6,28,86,34,50,14
S01012262,431,1,28,89,71,155,87,239,0,12,23,32,101,71,192,1,16,66,39,54,16
S01012263,366,3,18,89,67,148,41,197,0,4,26,39,98,30,169,3,14,63,28,50,11
S01012264,206,1,13,51,34,77,30,110,0,3,13,15,52,27,96,1,10,38,19,25,3
S01012265,363,5,21,82,71,155,29,189,1,7,18,26,110,27,174,4,14,64,45,45,2
S01012266,489,7,30,106,95,207,44,238,1,8,26,40,133,30,251,6,22,80,55,74,14
S01012267,358,2,20,81,63,149,43,190,2,9,15,31,100,33,168,0,11,66,32,49,10
S01012268,341,2,17,78,51,115,78,180,0,4,21,19,76,60,161,2,13,57,32,39,18
S01012269,493,1,36,111,109,182,54,257,1,7,22,48,133,46,236,0,29,89,61,49,8
S01012270,372,4,27,85,70,151,35,189,1,9,18,24,108,29,183,3,18,67,46,43,6
S01012271,573,6,39,129,79,194,126,315,2,12,38,34,131,98,258,4,27,91,45,63,28
S01012272,365,1,27,84,70,131,52,194,1,7,19,35,91,41,171,0,20,65,35,40,11
S01012273,359,4,36,75,58,132,54,185,1,9,18,25,90,42,174,3,27,57,33,42,12
S01012274,513,4,39,127,124,168,51,257,1,11,30,61,116,38,256,3,28,97,63,52,13
S01012275,463,6,48,99,89,182,39,231,1,6,28,41,125,30,232,5,42,71,48,57,9
S01012276,484,6,23,96,130,180,49,248,0,6,24,58,123,37,236,6,17,72,72,57,12
S01012277,546,3,28,131,140,193,51,276,1,3,35,66,133,38,270,2,25,96,74,60,13
S01012278,333,8,23,65,73,135,29,169,0,5,17,39,84,24,164,8,18,48,34,51,5
S01012279,393,3,22,77,97,168,26,211,2,8,16,47,119,19,182,1,14,61,50,49,7
S01012280,467,4,43,110,116,172,22,242,1,10,26,61,129,15,225,3,33,84,55,43,7
S01012281,395,4,18,92,97,149,35,207,0,2,30,41,104,30,188,4,16,62,56,45,5
S01012282,454,12,58,97,86,160,41,209,1,8,22,32,109,37,245,11,50,75,54,51,4
S01012283,434,3,48,108,82,141,52,222,1,17,30,37,94,43,212,2,31,78,45,47,9
S01012284,345,2,22,77,79,132,33,177,1,4,18,40,92,22,168,1,18,59,39,40,11
S01012285,257,3,16,56,65,89,28,132,2,2,7,34,72,15,125,1,14,49,31,17,13
S01012286,459,3,33,121,114,163,25,227,1,8,23,59,118,18,232,2,25,98,55,45,7
S01012287,373,5,20,106,64,156,22,186,1,6,26,33,102,18,187,4,14,80,31,54,4
S01012288,313,2,25,81,71,113,21,170,0,4,22,36,90,18,143,2,21,59,35,23,3
S01012289,357,4,13,88,67,130,55,178,0,3,25,31,79,40,179,4,10,63,36,51,15
S01012290,251,0,19,58,66,80,28,117,0,5,10,26,53,23,134,0,14,48,40,27,5
S01012291,477,6,33,124,89,170,55,229,3,8,29,40,111,38,248,3,25,95,49,59,17
S01012292,297,3,26,71,42,105,50,148,1,9,14,16,69,39,149,2,17,57,26,36,11
S01012293,227,3,9,43,56,95,21,111,1,1,4,27,64,14,116,2,8,39,29,31,7
S01012294,455,4,28,110,126,165,22,214,0,8,23,51,111,21,241,4,20,87,75,54,1
S01012295,399,3,24,83,97,156,36,187,1,5,15,39,98,29,212,2,19,68,58,58,7
S01012296,476,4,32,97,82,194,67,241,1,11,18,35,123,53,235,3,21,79,47,71,14
S01012297,324,7,23,58,47,106,83,175,2,8,12,24,64,65,149,5,15,46,23,42,18
S01012298,416,2,21,81,84,161,67,221,0,5,14,33,114,55,195,2,16,67,51,47,12
S01012299,352,0,16,65,59,131,81,179,0,4,9,22,85,59,173,0,12,56,37,46,22
S01012300,299,4,21,70,59,111,34,160,1,6,16,25,83,29,139,3,15,54,34,28,5
S01012301,477,6,25,101,77,181,87,262,0,6,21,34,126,75,215,6,19,80,43,55,12
S01012302,291,6,12,70,34,104,65,161,2,6,22,14,67,50,130,4,6,48,20,37,15
S01012303,468,9,26,107,71,153,102,254,4,2,28,28,111,81,214,5,24,79,43,42,21
S01012304,489,7,26,111,71,193,81,278,0,6,29,25,148,70,211,7,20,82,46,45,11
S01012305,302,1,13,65,49,122,52,167,1,1,11,23,91,40,135,0,12,54,26,31,12
S01012306,243,4,18,54,42,102,23,133,1,7,10,17,79,19,110,3,11,44,25,23,4
S01012307,291,3,14,64,47,124,39,166,3,4,18,22,86,33,125,0,10,46,25,38,6
S01012308,431,1,19,94,92,195,30,226,0,1,11,47,139,28,205,1,18,83,45,56,2
S01012309,254,8,17,59,34,103,33,127,1,3,10,20,67,26,127,7,14,49,14,36,7
S01012310,450,3,25,99,54,167,102,246,1,5,25,27,110,78,204,2,20,74,27,57,24
S01012311,227,1,20,49,32,83,42,125,0,4,19,12,56,34,102,1,16,30,20,27,8
S01012312,514,3,34,102,75,183,117,292,2,4,31,35,131,89,222,1,30,71,40,52,28
S01012313,396,4,27,78,86,134,67,214,1,8,17,43,91,54,182,3,19,61,43,43,13
S01012314,378,5,22,120,56,124,51,182,3,6,18,18,94,43,196,2,16,102,38,30,8
S01012315,299,4,18,73,39,119,46,161,3,1,18,20,83,36,138,1,17,55,19,36,10
S01012316,263,2,16,63,37,124,21,142,0,3,8,18,94,19,121,2,13,55,19,30,2
S01012317,238,7,17,56,37,89,32,124,1,5,7,18,65,28,114,6,12,49,19,24,4
S01012318,378,1,26,93,70,144,44,207,0,5,18,35,108,41,171,1,21,75,35,36,3
S01012319,414,9,24,78,53,171,79,230,3,4,17,20,122,64,184,6,20,61,33,49,15
S01012320,325,5,23,68,48,145,36,178,0,3,11,23,112,29,147,5,20,57,25,33,7
S01012321,316,4,30,67,49,128,38,171,1,4,15,27,90,34,145,3,26,52,22,38,4
S01012322,479,7,43,105,59,171,94,242,1,6,27,24,109,75,237,6,37,78,35,62,19
S01012323,406,7,25,87,50,143,94,235,2,3,29,20,103,78,171,5,22,58,30,40,16
S01012324,378,9,28,94,49,130,68,205,3,7,18,24,95,58,173,6,21,76,25,35,10
S01012325,197,2,12,50,28,80,25,102,0,4,10,16,51,21,95,2,8,40,12,29,4
S01012326,231,2,18,47,26,118,20,132,1,9,12,8,86,16,99,1,9,35,18,32,4
S01012327,359,6,24,94,62,141,32,187,4,3,14,26,109,31,172,2,21,80,36,32,1
S01012328,210,2,13,46,26,86,37,120,1,7,16,9,61,26,90,1,6,30,17,25,11
S01012329,383,8,29,87,36,128,95,206,2,2,18,17,84,83,177,6,27,69,19,44,12
S01012330,268,2,23,54,48,112,29,135,0,4,6,28,70,27,133,2,19,48,20,42,2
S01012331,341,3,23,72,47,147,49,169,0,3,9,20,99,38,172,3,20,63,27,48,11
S01012332,528,11,52,98,50,209,108,283,1,12,21,20,141,88,245,10,40,77,30,68,20
S01012333,470,10,26,110,45,191,88,246,2,4,24,17,135,64,224,8,22,86,28,56,24
S01012334,369,3,19,94,59,158,36,196,1,2,21,27,113,32,173,2,17,73,32,45,4
S01012335,564,5,28,136,97,245,53,283,2,5,17,36,180,43,281,3,23,119,61,65,10
S01012336,287,1,9,74,51,125,27,142,1,2,8,26,84,21,145,0,7,66,25,41,6
S01012337,354,6,11,82,80,138,37,178,3,1,17,25,101,31,176,3,10,65,55,37,6
S01012338,321,3,22,65,58,119,54,174,0,4,16,27,80,47,147,3,18,49,31,39,7
S01012339,269,2,10,47,53,130,27,140,1,2,12,15,91,19,129,1,8,35,38,39,8
S01012340,451,6,35,109,73,175,53,220,1,3,16,32,123,45,231,5,32,93,41,52,8
S01012341,543,6,35,105,56,209,132,285,1,7,23,17,132,105,258,5,28,82,39,77,27
S01012342,444,4,29,98,80,175,58,224,2,8,22,22,122,48,220,2,21,76,58,53,10
S01012343,510,7,35,107,71,170,120,281,2,6,23,28,124,98,229,5,29,84,43,46,22
S01012344,300,2,10,69,74,119,26,147,1,1,12,25,87,21,153,1,9,57,49,32,5
S01012345,359,3,23,63,84,148,38,191,0,6,9,36,106,34,168,3,17,54,48,42,4
S01012346,409,3,24,82,62,154,84,232,1,3,14,31,111,72,177,2,21,68,31,43,12
S01012347,359,2,12,86,79,127,53,179,0,3,13,35,83,45,180,2,9,73,44,44,8
S01012348,317,4,22,72,58,120,41,150,1,5,19,21,72,32,167,3,17,53,37,48,9
S01012349,430,4,25,110,71,169,51,217,2,9,16,25,121,44,213,2,16,94,46,48,7
S01012350,332,5,28,84,46,133,36,176,1,6,17,19,106,27,156,4,22,67,27,27,9
S01012351,403,2,27,114,69,164,27,203,1,4,23,22,130,23,200,1,23,91,47,34,4
S01012352,342,4,21,81,58,137,41,181,1,6,16,25,97,36,161,3,15,65,33,40,5
S01012353,366,1,22,84,71,148,40,189,1,5,16,31,107,29,177,0,17,68,40,41,11
S01012354,335,4,24,75,37,142,53,181,0,6,20,15,99,41,154,4,18,55,22,43,12
S01012355,487,7,36,96,60,148,140,278,1,6,24,30,103,114,209,6,30,72,30,45,26
S01012356,296,3,23,62,49,111,48,144,1,5,12,16,71,39,152,2,18,50,33,40,9
S01012357,439,6,33,98,70,128,104,224,3,8,23,24,77,89,215,3,25,75,46,51,15
S01012358,389,5,15,101,49,125,94,210,1,3,27,22,78,79,179,4,12,74,27,47,15
S01012359,313,2,18,92,54,129,18,160,1,0,20,27,96,16,153,1,18,72,27,33,2
S01012360,316,3,11,100,56,130,16,159,1,2,23,28,92,13,157,2,9,77,28,38,3
S01012361,237,1,12,75,40,92,17,118,0,5,19,14,67,13,119,1,7,56,26,25,4
S01012362,308,4,24,86,56,126,12,150,1,0,23,30,86,10,158,3,24,63,26,40,2
S01012363,400,1,24,88,76,175,36,222,1,7,26,36,125,27,178,0,17,62,40,50,9
S01012364,318,2,23,72,59,142,20,165,1,6,18,21,102,17,153,1,17,54,38,40,3
S01012365,492,3,24,113,94,222,36,258,1,4,25,36,168,24,234,2,20,88,58,54,12
S01012366,433,4,22,90,81,204,32,220,2,8,28,30,131,21,213,2,14,62,51,73,11
S01012367,442,4,34,101,96,165,42,242,0,9,23,49,128,33,200,4,25,78,47,37,9
S01012368,275,5,23,69,53,103,22,139,1,6,14,23,74,21,136,4,17,55,30,29,1
S01012369,417,2,24,98,91,156,46,213,1,7,10,41,118,36,204,1,17,88,50,38,10
S01012370,445,5,25,109,78,192,36,235,0,3,19,35,144,34,210,5,22,90,43,48,2
S01012371,410,5,23,103,62,193,24,215,2,8,24,26,137,18,195,3,15,79,36,56,6
S01012372,343,2,13,75,55,169,29,186,1,5,21,17,122,20,157,1,8,54,38,47,9
S01012373,460,5,27,104,96,186,42,238,4,8,19,39,136,32,222,1,19,85,57,50,10
S01012374,466,2,20,135,93,193,23,234,1,4,29,40,141,19,232,1,16,106,53,52,4
S01012375,434,2,30,100,74,201,27,214,1,6,12,24,149,22,220,1,24,88,50,52,5
S01012376,499,8,49,96,87,168,91,243,1,13,22,39,104,64,256,7,36,74,48,64,27
S01012377,367,4,33,78,51,126,75,199,1,13,18,22,87,58,168,3,20,60,29,39,17
S01012378,295,5,26,61,35,91,77,161,1,8,13,13,62,64,134,4,18,48,22,29,13
S01012379,241,3,8,52,33,83,62,128,0,4,11,16,48,49,113,3,4,41,17,35,13
S01012380,453,0,17,113,106,189,28,223,0,5,32,39,129,18,230,0,12,81,67,60,10
S01012381,348,4,32,85,71,132,24,180,2,11,23,28,94,22,168,2,21,62,43,38,2
S01012382,503,7,34,123,107,172,60,260,2,10,32,48,123,45,243,5,24,91,59,49,15
S01012383,390,5,31,83,87,149,35,199,1,11,19,35,105,28,191,4,20,64,52,44,7
S01012384,248,3,15,51,48,103,28,134,2,5,18,20,66,23,114,1,10,33,28,37,5
S01012385,397,3,23,83,85,159,44,207,2,6,16,39,107,37,190,1,17,67,46,52,7
S01012386,432,1,35,105,84,167,40,224,0,3,28,44,118,31,208,1,32,77,40,49,9
S01012387,527,5,29,94,107,219,73,278,1,6,18,48,142,63,249,4,23,76,59,77,10
S01012388,407,6,25,84,89,143,60,215,2,7,11,44,104,47,192,4,18,73,45,39,13
S01012389,487,7,32,109,100,186,53,256,1,8,14,47,141,45,231,6,24,95,53,45,8
S01012390,445,4,37,92,98,159,55,239,1,9,12,46,122,49,206,3,28,80,52,37,6
S01012391,595,4,49,137,124,199,82,309,1,11,27,61,141,68,286,3,38,110,63,58,14
S01012392,432,8,36,93,102,136,57,224,2,18,11,37,104,52,208,6,18,82,65,32,5
S01012393,530,10,43,108,114,167,88,277,3,12,20,52,111,79,253,7,31,88,62,56,9
S01012394,342,4,17,73,78,127,43,167,2,4,18,26,82,35,175,2,13,55,52,45,8
S01012395,343,4,29,76,78,117,39,177,2,9,20,30,79,37,166,2,20,56,48,38,2
S01012396,338,2,16,55,87,129,49,181,0,5,12,37,86,41,157,2,11,43,50,43,8
S01012397,455,2,24,103,98,162,66,240,1,8,26,35,120,50,215,1,16,77,63,42,16
S01012398,540,2,27,88,148,208,67,299,0,7,21,61,154,56,241,2,20,67,87,54,11
S01012399,341,7,27,54,104,117,32,175,0,4,6,49,87,29,166,7,23,48,55,30,3
S01012400,359,1,22,69,72,143,52,199,0,2,14,33,104,46,160,1,20,55,39,39,6
S01012401,468,1,20,100,105,175,67,257,1,6,13,43,131,63,211,0,14,87,62,44,4
S01012402,278,3,17,44,71,97,46,145,0,1,3,30,75,36,133,3,16,41,41,22,10
S01012403,650,7,53,129,140,209,112,340,1,10,28,54,150,97,310,6,43,101,86,59,15
S01012404,558,8,28,108,119,195,100,300,5,10,18,45,132,90,258,3,18,90,74,63,10
S01012405,426,6,32,65,78,166,79,222,1,7,8,27,113,66,204,5,25,57,51,53,13
S01012406,338,7,19,59,64,138,51,185,0,3,8,28,100,46,153,7,16,51,36,38,5
S01012407,460,5,40,89,84,163,79,245,2,7,11,30,126,69,215,3,33,78,54,37,10
S01012408,352,6,29,72,63,120,62,187,0,4,19,20,92,52,165,6,25,53,43,28,10
S01012409,377,4,29,79,75,130,60,204,3,6,18,38,94,45,173,1,23,61,37,36,15
S01012410,629,9,47,109,120,245,99,336,1,11,13,51,178,82,293,8,36,96,69,67,17
S01012411,539,3,33,96,99,236,72,300,0,6,13,43,171,67,239,3,27,83,56,65,5
S01012412,364,11,37,77,61,111,67,189,1,5,20,31,80,52,175,10,32,57,30,31,15
S01012413,482,3,24,104,84,188,79,264,1,3,13,40,143,64,218,2,21,91,44,45,15
S01012414,344,7,27,80,71,108,51,187,3,6,16,39,83,40,157,4,21,64,32,25,11
S01012415,274,4,27,44,36,92,71,154,1,1,4,12,71,65,120,3,26,40,24,21,6
S01012416,281,6,25,56,40,89,65,156,0,5,8,17,67,59,125,6,20,48,23,22,6
S01012417,262,8,19,66,39,69,61,136,2,3,18,13,51,49,126,6,16,48,26,18,12
S01012418,373,9,17,74,40,112,121,214,3,0,18,13,78,102,159,6,17,56,27,34,19
S01012419,342,5,18,78,48,91,102,194,3,5,18,24,64,80,148,2,13,60,24,27,22
S01012420,382,2,23,95,61,157,44,199,1,9,14,26,113,36,183,1,14,81,35,44,8
S01012421,351,0,17,63,44,151,76,182,0,4,15,23,83,57,169,0,13,48,21,68,19
S01012422,405,4,22,97,51,149,82,217,1,4,23,21,99,69,188,3,18,74,30,50,13
S01012423,391,2,18,91,71,136,73,201,1,5,21,24,91,59,190,1,13,70,47,45,14
S01012424,423,5,23,133,86,132,44,200,0,4,28,36,95,37,223,5,19,105,50,37,7
S01012425,190,1,13,51,30,76,19,92,0,5,7,7,55,18,98,1,8,44,23,21,1
S01012426,168,1,12,57,28,57,13,75,0,3,12,10,39,11,93,1,9,45,18,18,2
S01012427,248,2,24,77,36,93,16,121,0,2,19,18,68,14,127,2,22,58,18,25,2
S01012428,292,1,17,87,55,99,33,142,1,2,19,24,71,25,150,0,15,68,31,28,8
S01012429,204,3,9,45,50,75,22,101,2,3,8,16,57,15,103,1,6,37,34,18,7
S01012430,249,0,18,60,55,88,28,116,0,5,13,20,56,22,133,0,13,47,35,32,6
S01012431,376,6,25,88,64,136,57,191,2,7,19,25,93,45,185,4,18,69,39,43,12
S01012432,252,3,19,58,41,101,30,123,1,7,10,17,63,25,129,2,12,48,24,38,5
S01012433,235,2,12,60,41,102,18,128,0,2,21,16,73,16,107,2,10,39,25,29,2
S01012434,309,1,18,75,54,130,31,154,0,5,16,22,88,23,155,1,13,59,32,42,8
S01012435,285,2,19,73,45,108,38,140,0,5,18,14,72,31,145,2,14,55,31,36,7
S01012436,299,3,27,70,58,111,30,154,0,6,15,30,78,25,145,3,21,55,28,33,5
S01012437,335,1,26,73,77,125,33,167,0,5,14,33,89,26,168,1,21,59,44,36,7
S01012438,310,0,17,74,59,111,49,162,0,3,15,21,79,44,148,0,14,59,38,32,5
S01012439,299,2,15,70,67,111,34,150,0,2,12,26,78,32,149,2,13,58,41,33,2
S01012440,267,3,13,61,58,100,32,140,1,3,12,28,70,26,127,2,10,49,30,30,6
S01012441,458,6,28,107,75,145,97,230,2,6,23,30,91,78,228,4,22,84,45,54,19
S01012442,484,5,28,102,70,188,91,250,3,1,25,29,120,72,234,2,27,77,41,68,19
S01012443,398,9,21,79,80,121,88,211,4,2,13,38,86,68,187,5,19,66,42,35,20
S01012444,329,1,21,67,64,125,51,173,0,6,19,26,82,40,156,1,15,48,38,43,11
S01012445,262,3,19,56,44,90,50,146,0,5,13,22,64,42,116,3,14,43,22,26,8
S01012446,232,2,8,62,53,81,26,110,1,1,13,20,55,20,122,1,7,49,33,26,6
S01012447,446,6,35,87,102,160,56,215,1,11,22,42,94,45,231,5,24,65,60,66,11
S01012448,440,3,25,81,86,174,71,223,2,7,19,31,108,56,217,1,18,62,55,66,15
S01012449,309,0,19,52,82,121,35,148,0,2,9,32,78,27,161,0,17,43,50,43,8
S01012450,426,6,26,78,83,157,76,232,1,5,19,42,103,62,194,5,21,59,41,54,14
S01012451,311,5,20,68,54,117,47,157,1,3,12,22,83,36,154,4,17,56,32,34,11
S01012452,256,3,14,62,58,94,25,120,2,3,14,27,56,18,136,1,11,48,31,38,7
S01012453,371,3,31,78,59,127,73,210,0,8,25,31,82,64,161,3,23,53,28,45,9
S01012454,269,4,11,78,55,80,41,127,0,2,16,25,53,31,142,4,9,62,30,27,10
S01012455,242,4,21,53,33,75,56,139,1,8,17,15,51,47,103,3,13,36,18,24,9
S01012456,297,6,28,59,44,110,50,159,4,12,10,25,68,40,138,2,16,49,19,42,10
S01012457,315,5,22,72,62,113,41,171,1,8,21,33,76,32,144,4,14,51,29,37,9
S01012458,332,7,29,61,54,108,73,172,4,3,17,27,64,57,160,3,26,44,27,44,16
S01012459,387,4,28,96,78,131,50,194,0,7,25,36,88,38,193,4,21,71,42,43,12
S01012460,233,0,16,51,58,82,26,112,0,3,10,25,53,21,121,0,13,41,33,29,5
S01012461,259,4,10,68,57,98,22,124,2,3,12,29,60,18,135,2,7,56,28,38,4
S01012462,314,3,16,86,87,99,23,147,2,5,21,34,65,20,167,1,11,65,53,34,3
S01012463,255,1,20,63,53,96,22,129,0,5,16,24,64,20,126,1,15,47,29,32,2
S01012464,290,4,23,80,73,92,18,141,0,4,16,41,64,16,149,4,19,64,32,28,2
S01012465,313,1,16,66,77,128,25,165,0,1,13,35,93,23,148,1,15,53,42,35,2
S01012466,332,5,26,81,75,102,43,170,0,8,26,32,68,36,162,5,18,55,43,34,7
S01012467,304,6,13,78,64,117,26,150,2,5,17,23,85,18,154,4,8,61,41,32,8
S01012468,349,2,24,79,87,130,27,182,1,5,17,49,89,21,167,1,19,62,38,41,6
S01012469,344,2,32,72,53,119,66,174,1,13,14,22,70,54,170,1,19,58,31,49,12
S01012470,407,2,12,109,119,129,36,197,1,3,21,54,88,30,210,1,9,88,65,41,6
S01012471,373,7,26,72,53,131,84,195,4,3,16,26,79,67,178,3,23,56,27,52,17
S01012472,281,6,20,57,54,108,36,137,2,9,13,16,71,26,144,4,11,44,38,37,10
S01012473,272,1,21,54,58,105,33,144,0,4,10,30,72,28,128,1,17,44,28,33,5
S01012474,295,3,16,84,69,87,36,143,0,6,24,30,56,27,152,3,10,60,39,31,9
S01012475,270,2,20,59,65,87,37,142,1,5,16,30,61,29,128,1,15,43,35,26,8
S01012476,405,5,26,101,96,143,34,185,2,5,19,38,93,28,220,3,21,82,58,50,6
S01012477,353,5,26,73,92,131,26,174,3,7,13,41,85,25,179,2,19,60,51,46,1
S01012478,409,4,25,131,76,148,25,200,2,6,37,28,107,20,209,2,19,94,48,41,5
S01012479,392,2,28,95,86,135,46,196,2,8,23,35,90,38,196,0,20,72,51,45,8
S01012480,284,3,14,46,49,139,33,174,3,5,16,24,98,28,110,0,9,30,25,41,5
S01012481,411,2,28,86,86,145,64,211,0,4,34,37,87,49,200,2,24,52,49,58,15
S01012482,310,4,22,59,51,130,44,161,1,6,22,26,76,30,149,3,16,37,25,54,14
S01012483,377,2,38,82,56,167,32,195,1,14,26,25,106,23,182,1,24,56,31,61,9
S01012484,348,3,20,77,58,127,63,181,0,6,14,30,83,48,167,3,14,63,28,44,15
S01012485,363,3,32,60,61,137,70,192,2,11,8,32,91,48,171,1,21,52,29,46,22
S01012486,195,0,14,54,29,61,37,92,0,8,10,14,33,27,103,0,6,44,15,28,10
S01012487,303,2,18,71,65,111,36,157,1,6,22,29,70,29,146,1,12,49,36,41,7
S01012488,435,2,25,93,122,160,33,220,1,7,24,58,103,27,215,1,18,69,64,57,6
S01012489,417,1,23,113,92,161,27,204,0,8,28,41,107,20,213,1,15,85,51,54,7
S01012490,416,2,23,96,84,162,49,215,0,10,29,36,99,41,201,2,13,67,48,63,8
S01012491,169,2,19,40,33,61,14,76,1,6,7,13,42,7,93,1,13,33,20,19,7
S01012492,252,4,20,62,52,87,27,137,2,12,21,26,53,23,115,2,8,41,26,34,4
S01012493,210,2,14,46,49,77,22,116,1,5,13,28,54,15,94,1,9,33,21,23,7
S01012494,410,9,46,108,83,126,38,203,5,15,17,44,91,31,207,4,31,91,39,35,7
S01012495,428,5,24,125,99,144,31,210,1,4,27,51,107,20,218,4,20,98,48,37,11
S01012496,321,4,28,104,56,106,23,151,1,8,27,30,66,19,170,3,20,77,26,40,4
S01012497,190,0,15,62,44,59,10,87,0,4,14,20,42,7,103,0,11,48,24,17,3
S01012498,275,0,22,92,49,94,18,129,0,1,25,21,68,14,146,0,21,67,28,26,4
S01012499,277,1,13,83,51,106,23,122,0,5,8,20,71,18,155,1,8,75,31,35,5
S01012500,183,0,14,58,39,62,10,82,0,3,11,17,44,7,101,0,11,47,22,18,3
S01012501,200,0,20,66,31,75,8,98,0,2,19,16,53,8,102,0,18,47,15,22,0
S01012502,258,4,22,97,34,86,15,108,2,6,23,7,57,13,150,2,16,74,27,29,2
S01012503,239,1,23,80,35,81,19,113,0,7,21,13,56,16,126,1,16,59,22,25,3
S01012504,240,1,6,78,53,91,11,114,1,1,16,27,58,11,126,0,5,62,26,33,0
S01012505,431,1,20,118,92,169,31,206,0,1,27,43,113,22,225,1,19,91,49,56,9
S01012506,214,3,18,40,43,89,21,113,2,3,11,19,60,18,101,1,15,29,24,29,3
S01012507,424,2,23,107,107,153,32,200,0,8,20,53,96,23,224,2,15,87,54,57,9
S01012508,369,4,15,79,80,152,39,183,3,6,14,31,98,31,186,1,9,65,49,54,8
S01012509,269,3,32,58,52,93,31,135,1,8,16,25,60,25,134,2,24,42,27,33,6
S01012510,454,1,20,109,113,174,37,226,1,3,22,47,121,32,228,0,17,87,66,53,5
S01012511,343,8,25,81,82,120,27,163,3,8,18,30,82,22,180,5,17,63,52,38,5
S01012512,285,2,22,70,53,111,27,142,1,6,19,18,78,20,143,1,16,51,35,33,7
S01012513,313,3,19,77,71,103,40,151,3,7,14,29,66,32,162,0,12,63,42,37,8
S01012514,590,4,32,124,146,220,64,288,2,6,22,63,144,51,302,2,26,102,83,76,13
S01012515,249,5,12,68,52,89,23,114,2,1,18,19,55,19,135,3,11,50,33,34,4
S01012516,270,5,13,74,51,101,26,127,1,2,14,25,65,20,143,4,11,60,26,36,6
S01012517,411,3,27,114,92,137,38,206,1,6,37,37,94,31,205,2,21,77,55,43,7
S01012518,268,1,17,57,52,104,37,137,0,5,15,24,65,28,131,1,12,42,28,39,9
S01012519,243,2,15,54,41,96,35,126,1,5,13,16,65,26,117,1,10,41,25,31,9
S01012520,364,4,29,83,71,141,36,193,1,11,28,32,89,32,171,3,18,55,39,52,4
S01012521,246,3,7,46,51,108,31,133,3,1,12,28,68,21,113,0,6,34,23,40,10
S01012522,400,4,35,91,71,140,59,215,1,7,21,33,101,52,185,3,28,70,38,39,7
S01012523,423,2,30,106,79,153,53,216,1,12,17,42,104,40,207,1,18,89,37,49,13
S01012524,383,2,18,81,99,139,44,201,1,5,20,49,92,34,182,1,13,61,50,47,10
S01012525,383,5,25,69,94,150,40,198,2,7,13,46,98,32,185,3,18,56,48,52,8
S01012526,350,3,29,73,79,125,41,186,1,12,19,38,86,30,164,2,17,54,41,39,11
S01012527,279,2,25,64,62,102,24,151,0,7,12,34,80,18,128,2,18,52,28,22,6
S01012528,404,2,29,109,92,140,32,195,1,8,19,38,101,28,209,1,21,90,54,39,4
S01012529,343,2,25,94,70,120,32,159,0,5,17,34,82,21,184,2,20,77,36,38,11
S01012530,385,3,32,80,101,141,28,200,1,11,20,46,100,22,185,2,21,60,55,41,6
S01012531,378,4,26,79,77,145,47,197,2,6,17,36,99,37,181,2,20,62,41,46,10
S01012532,383,4,23,87,77,142,50,197,3,7,24,32,87,44,186,1,16,63,45,55,6
S01012533,273,3,13,48,49,129,31,150,2,3,12,19,88,26,123,1,10,36,30,41,5
S01012534,266,3,20,49,53,117,24,134,1,4,11,21,79,18,132,2,16,38,32,38,6
S01012535,400,1,26,96,98,143,36,207,0,1,21,51,103,31,193,1,25,75,47,40,5
S01012536,358,2,30,98,65,125,38,175,1,11,21,27,79,36,183,1,19,77,38,46,2
S01012537,329,3,43,72,70,120,21,171,1,14,20,33,84,19,158,2,29,52,37,36,2
S01012538,466,2,22,117,89,187,49,223,1,4,25,36,119,38,243,1,18,92,53,68,11
S01012539,340,4,28,62,69,125,52,188,1,3,15,25,99,45,152,3,25,47,44,26,7
S01012540,286,2,15,74,72,103,20,145,1,3,15,32,76,18,141,1,12,59,40,27,2
S01012541,557,4,36,145,97,160,115,278,2,6,24,40,103,103,279,2,30,121,57,57,12
S01012542,390,3,25,83,71,144,64,199,0,10,20,36,87,46,191,3,15,63,35,57,18
S01012543,352,1,27,72,59,130,63,179,1,8,12,26,79,53,173,0,19,60,33,51,10
S01012544,373,4,18,96,66,126,63,179,2,3,12,30,85,47,194,2,15,84,36,41,16
S01012545,213,1,17,53,37,81,24,102,0,5,11,16,53,17,111,1,12,42,21,28,7
S01012546,375,3,22,88,65,149,48,192,0,7,18,27,102,38,183,3,15,70,38,47,10
S01012547,301,2,20,71,68,110,30,168,0,5,23,40,76,24,133,2,15,48,28,34,6
S01012548,371,1,22,68,81,140,59,195,0,4,10,43,92,46,176,1,18,58,38,48,13
S01012549,243,3,16,58,55,97,14,116,0,1,11,19,71,14,127,3,15,47,36,26,0
S01012550,377,3,32,97,85,111,49,186,1,11,27,35,74,38,191,2,21,70,50,37,11
S01012551,452,7,41,97,96,169,42,236,3,15,22,48,117,31,216,4,26,75,48,52,11
S01012552,460,8,31,98,94,166,63,242,2,8,20,45,115,52,218,6,23,78,49,51,11
S01012553,464,3,23,107,101,168,62,235,2,6,17,44,117,49,229,1,17,90,57,51,13
S01012554,234,5,20,51,59,86,13,109,2,6,11,24,57,9,125,3,14,40,35,29,4
S01012555,277,5,21,54,48,107,42,143,3,9,10,23,66,32,134,2,12,44,25,41,10
S01012556,280,3,24,53,64,101,35,138,2,7,9,29,64,27,142,1,17,44,35,37,8
S01012557,262,5,14,57,61,89,36,138,2,5,14,27,61,29,124,3,9,43,34,28,7
S01012558,277,2,18,74,51,107,25,147,2,7,21,18,78,21,130,0,11,53,33,29,4
S01012559,292,0,14,65,57,123,33,149,0,2,22,24,73,28,143,0,12,43,33,50,5
S01012560,214,2,14,49,43,86,20,96,0,3,8,11,60,14,118,2,11,41,32,26,6
S01012561,317,2,11,75,71,123,35,155,1,2,14,32,81,25,162,1,9,61,39,42,10
S01012562,336,1,13,78,78,138,28,175,0,7,20,32,90,26,161,1,6,58,46,48,2
S01012563,247,4,26,41,43,82,51,136,0,6,12,20,58,40,111,4,20,29,23,24,11
S01012564,354,2,21,96,74,113,48,181,1,5,25,37,78,35,173,1,16,71,37,35,13
S01012565,320,5,19,80,67,101,48,167,0,6,21,33,71,36,153,5,13,59,34,30,12
S01012566,349,4,18,58,71,155,43,175,2,5,17,28,89,34,174,2,13,41,43,66,9
S01012567,471,5,25,110,91,179,61,244,2,7,24,43,122,46,227,3,18,86,48,57,15
S01012568,233,5,20,35,42,78,53,121,1,10,8,17,43,42,112,4,10,27,25,35,11
S01012569,323,8,29,75,49,97,65,175,2,5,19,23,75,51,148,6,24,56,26,22,14
S01012570,240,4,15,47,32,81,61,136,1,5,6,14,56,54,104,3,10,41,18,25,7
S01012571,403,9,20,74,67,150,83,223,4,5,20,26,96,72,180,5,15,54,41,54,11
S01012572,264,1,15,48,41,94,65,152,1,2,12,20,63,54,112,0,13,36,21,31,11
S01012573,442,2,24,74,80,158,104,244,0,4,16,37,101,86,198,2,20,58,43,57,18
S01012574,449,2,32,80,68,177,90,232,1,4,17,26,105,79,217,1,28,63,42,72,11
S01012575,330,3,25,77,51,119,55,168,0,7,15,26,77,43,162,3,18,62,25,42,12
S01012576,383,4,31,62,78,145,63,195,1,5,13,31,95,50,188,3,26,49,47,50,13
S01012577,404,1,20,89,65,149,80,217,0,2,19,24,106,66,187,1,18,70,41,43,14
S01012578,411,4,33,80,66,164,64,209,2,8,17,32,102,48,202,2,25,63,34,62,16
S01012579,342,5,19,74,58,119,67,183,4,3,18,23,79,56,159,1,16,56,35,40,11
S01012580,418,1,22,76,69,165,85,228,0,4,24,30,105,65,190,1,18,52,39,60,20
S01012581,321,1,13,66,82,124,35,165,0,1,15,39,79,31,156,1,12,51,43,45,4
S01012582,494,1,32,98,86,191,86,251,0,7,14,33,129,68,243,1,25,84,53,62,18
S01012583,348,1,11,76,86,131,43,183,0,2,16,39,89,37,165,1,9,60,47,42,6
S01012584,368,2,23,75,84,130,54,177,0,7,8,34,82,46,191,2,16,67,50,48,8
S01012585,390,2,21,76,80,154,57,221,0,3,20,35,115,48,169,2,18,56,45,39,9
S01012586,458,6,17,86,67,198,84,249,1,3,15,37,126,67,209,5,14,71,30,72,17
S01012587,461,2,29,86,57,169,118,245,0,8,13,21,108,95,216,2,21,73,36,61,23
S01012588,338,1,14,56,65,144,58,179,1,3,10,26,91,48,159,0,11,46,39,53,10
S01012589,337,3,22,57,82,132,41,171,1,5,8,32,88,37,166,2,17,49,50,44,4
S01012590,342,1,16,69,70,140,46,194,0,3,16,32,102,41,148,1,13,53,38,38,5
S01012591,273,0,17,57,60,97,42,150,0,2,14,28,68,38,123,0,15,43,32,29,4
S01012592,298,0,10,61,48,134,45,165,0,3,13,21,87,41,133,0,7,48,27,47,4
S01012593,471,3,20,81,132,184,51,245,2,5,19,54,120,45,226,1,15,62,78,64,6
S01012594,212,2,10,43,48,81,28,105,1,2,6,24,52,20,107,1,8,37,24,29,8
S01012595,297,0,13,57,73,116,38,154,0,1,13,23,85,32,143,0,12,44,50,31,6
S01012596,336,2,14,90,73,128,29,171,0,3,16,40,86,26,165,2,11,74,33,42,3
S01012597,250,2,5,45,69,98,31,126,1,0,7,29,61,28,124,1,5,38,40,37,3
S01012598,388,3,20,61,109,158,37,202,0,8,17,48,103,26,186,3,12,44,61,55,11
S01012599,317,2,18,52,90,128,27,173,2,5,15,33,97,21,144,0,13,37,57,31,6
S01012600,398,2,30,80,100,145,41,206,2,8,14,43,107,32,192,0,22,66,57,38,9
S01012601,520,2,37,89,128,204,60,269,1,14,17,57,139,41,251,1,23,72,71,65,19
S01012602,244,1,12,30,55,114,32,125,1,5,7,24,62,26,119,0,7,23,31,52,6
S01012603,300,1,20,54,71,126,28,153,0,6,6,34,84,23,147,1,14,48,37,42,5
S01012604,296,0,12,70,67,120,27,154,0,2,17,29,82,24,142,0,10,53,38,38,3
S01012605,211,1,12,51,41,96,10,99,0,5,7,15,64,8,112,1,7,44,26,32,2
S01012606,485,2,18,90,96,219,60,253,0,4,17,36,144,52,232,2,14,73,60,75,8
S01012607,386,3,26,77,71,165,44,206,0,6,13,32,114,41,180,3,20,64,39,51,3
S01012608,390,4,26,77,82,161,40,192,1,7,11,29,110,34,198,3,19,66,53,51,6
S01012609,360,1,19,92,79,146,23,175,0,3,18,34,100,20,185,1,16,74,45,46,3
S01012610,385,3,24,86,80,160,32,192,1,6,21,31,106,27,193,2,18,65,49,54,5
S01012611,405,1,26,79,87,174,38,211,1,10,18,33,117,32,194,0,16,61,54,57,6
S01012612,296,1,14,64,69,120,28,163,0,5,19,37,80,22,133,1,9,45,32,40,6
S01012613,322,1,20,68,66,141,26,168,1,2,12,25,103,25,154,0,18,56,41,38,1
S01012614,494,8,28,97,123,196,42,248,2,9,23,55,121,38,246,6,19,74,68,75,4
S01012615,333,0,21,76,54,117,65,178,0,6,22,19,75,56,155,0,15,54,35,42,9
S01012616,452,7,32,90,71,172,80,243,1,10,19,29,115,69,209,6,22,71,42,57,11
S01012617,227,4,14,33,55,87,34,116,2,4,8,17,57,28,111,2,10,25,38,30,6
S01012618,292,1,13,52,62,130,34,158,0,3,11,26,92,26,134,1,10,41,36,38,8
S01012619,225,2,14,41,60,86,22,110,1,5,8,26,53,17,115,1,9,33,34,33,5
S01012620,369,2,30,80,78,130,49,191,2,7,15,38,85,44,178,0,23,65,40,45,5
S01012621,257,1,15,52,58,105,26,126,0,5,16,26,63,16,131,1,10,36,32,42,10
S01012622,345,2,21,72,90,112,48,176,1,2,9,42,79,43,169,1,19,63,48,33,5
S01012623,301,2,13,78,73,114,21,155,1,5,18,39,72,20,146,1,8,60,34,42,1
S01012624,331,1,22,58,82,136,32,170,1,3,14,35,91,26,161,0,19,44,47,45,6
S01012625,259,2,11,62,71,87,26,116,1,0,13,25,56,21,143,1,11,49,46,31,5
S01012626,249,2,20,51,56,94,26,126,1,4,9,23,70,19,123,1,16,42,33,24,7
S01012627,238,2,11,60,56,81,28,120,0,3,20,26,49,22,118,2,8,40,30,32,6
S01012628,480,11,30,74,99,196,70,255,5,6,8,41,140,55,225,6,24,66,58,56,15
S01012629,250,0,12,52,52,88,46,124,0,4,11,19,53,37,126,0,8,41,33,35,9
S01012630,354,2,18,62,85,139,48,200,1,4,22,36,100,37,154,1,14,40,49,39,11
S01012631,426,1,34,91,90,156,54,207,1,8,26,29,97,46,219,0,26,65,61,59,8
S01012632,375,0,23,66,62,142,82,208,0,7,12,29,90,70,167,0,16,54,33,52,12
S01012633,336,6,22,65,61,110,72,177,2,9,11,31,69,55,159,4,13,54,30,41,17
S01012634,299,3,19,64,68,119,26,148,1,3,11,30,81,22,151,2,16,53,38,38,4
S01012635,537,2,22,104,118,196,95,282,0,6,26,51,124,75,255,2,16,78,67,72,20
S01012636,346,4,20,83,54,110,75,178,3,4,23,14,73,61,168,1,16,60,40,37,14
S01012637,339,2,16,86,62,116,57,176,0,4,14,24,81,53,163,2,12,72,38,35,4
S01012638,373,4,15,66,77,133,78,189,0,2,12,29,81,65,184,4,13,54,48,52,13
S01012639,385,4,17,84,88,152,40,205,2,4,15,41,104,39,180,2,13,69,47,48,1
S01012640,331,1,13,84,60,111,62,178,1,1,15,24,83,54,153,0,12,69,36,28,8
S01012641,398,1,12,96,89,145,55,204,0,5,17,29,104,49,194,1,7,79,60,41,6
S01012642,294,0,11,71,60,131,21,141,0,2,13,24,83,19,153,0,9,58,36,48,2
S01012643,203,2,7,47,39,90,18,103,0,0,10,17,58,18,100,2,7,37,22,32,0
S01012644,291,1,14,71,63,112,30,139,0,3,13,29,69,25,152,1,11,58,34,43,5
S01012645,380,1,17,78,66,157,61,205,0,2,19,25,106,53,175,1,15,59,41,51,8
S01012646,497,2,23,95,117,195,65,260,1,9,22,40,133,55,237,1,14,73,77,62,10
S01012647,422,0,13,64,91,199,55,226,0,5,18,40,118,45,196,0,8,46,51,81,10
S01012648,231,0,10,52,52,91,26,116,0,3,8,20,65,20,115,0,7,44,32,26,6
S01012649,306,0,26,70,55,120,35,156,0,5,11,30,81,29,150,0,21,59,25,39,6
S01012650,303,2,10,59,73,115,44,165,0,5,11,33,82,34,138,2,5,48,40,33,10
S01012651,262,1,14,75,63,92,17,112,0,3,11,27,57,14,150,1,11,64,36,35,3
S01012652,577,5,31,123,117,230,71,313,2,9,29,51,163,59,264,3,22,94,66,67,12
S01012653,407,0,21,83,92,163,48,209,0,6,15,32,115,41,198,0,15,68,60,48,7
S01012654,404,3,19,82,93,145,62,205,1,2,20,39,93,50,199,2,17,62,54,52,12
S01012655,493,7,21,94,97,219,55,257,3,5,20,41,143,45,236,4,16,74,56,76,10
S01012656,346,0,14,76,89,142,25,164,0,1,14,36,93,20,182,0,13,62,53,49,5
S01012657,235,1,17,51,48,99,19,119,0,10,5,19,68,17,116,1,7,46,29,31,2
S01012658,485,2,28,88,122,207,38,245,1,8,17,49,139,31,240,1,20,71,73,68,7
S01012659,590,6,30,126,122,227,79,290,2,5,19,46,154,64,300,4,25,107,76,73,15
S01012660,329,3,13,61,69,155,28,162,2,3,6,28,100,23,167,1,10,55,41,55,5
S01012661,407,4,18,74,85,161,65,208,1,7,12,30,106,52,199,3,11,62,55,55,13
S01012662,312,1,12,62,83,128,26,152,0,3,14,32,81,22,160,1,9,48,51,47,4
S01012663,335,2,18,61,99,118,37,163,1,4,11,36,79,32,172,1,14,50,63,39,5
S01012664,474,4,23,104,100,202,41,252,1,9,26,46,139,31,222,3,14,78,54,63,10
S01012665,262,1,8,73,50,111,19,133,0,0,16,25,77,15,129,1,8,57,25,34,4
S01012666,253,0,8,58,73,90,24,118,0,2,10,29,58,19,135,0,6,48,44,32,5
S01012667,222,0,4,57,47,96,18,107,0,1,9,13,68,16,115,0,3,48,34,28,2
S01012668,315,2,12,75,87,114,25,155,0,3,19,27,84,22,160,2,9,56,60,30,3
S01012669,364,4,19,61,116,128,36,181,0,7,9,52,84,29,183,4,12,52,64,44,7
S01012670,342,4,19,79,80,130,30,171,1,4,11,43,88,24,171,3,15,68,37,42,6
S01012671,438,5,21,98,108,165,41,224,2,5,10,51,117,39,214,3,16,88,57,48,2
S01012672,247,2,6,61,52,102,24,128,1,1,8,21,74,23,119,1,5,53,31,28,1
S01012673,248,2,8,72,59,94,13,115,1,0,20,18,65,11,133,1,8,52,41,29,2
S01012674,190,2,11,58,40,67,12,91,1,0,11,18,51,10,99,1,11,47,22,16,2
S01012675,330,2,14,72,64,152,26,172,0,5,14,30,101,22,158,2,9,58,34,51,4
S01012676,395,3,17,92,79,164,40,202,1,2,13,33,117,36,193,2,15,79,46,47,4
S01012677,243,0,8,63,48,101,23,120,0,0,5,16,79,20,123,0,8,58,32,22,3
S01012678,416,8,25,86,94,162,41,193,1,7,10,33,106,36,223,7,18,76,61,56,5
S01012679,370,0,14,86,83,136,51,196,0,4,19,33,99,41,174,0,10,67,50,37,10
S01012680,309,4,15,60,49,137,44,159,0,2,12,27,86,32,150,4,13,48,22,51,12
S01012681,329,2,16,65,52,135,59,160,0,5,14,20,77,44,169,2,11,51,32,58,15
S01012682,337,2,18,67,70,138,42,167,1,3,15,29,85,34,170,1,15,52,41,53,8
S01012683,356,1,23,94,67,137,34,182,0,13,15,30,94,30,174,1,10,79,37,43,4
S01012684,270,0,8,59,61,113,29,134,0,1,7,24,74,28,136,0,7,52,37,39,1
S01012685,371,3,18,81,84,150,35,187,0,5,21,41,94,26,184,3,13,60,43,56,9
S01012686,497,4,23,101,92,199,78,275,2,9,26,40,138,60,222,2,14,75,52,61,18
S01012687,211,9,17,49,29,69,38,104,3,6,17,9,46,23,107,6,11,32,20,23,15
S01012688,374,1,9,62,85,175,42,201,0,6,16,33,111,35,173,1,3,46,52,64,7
S01012689,233,1,16,59,28,83,46,119,0,2,12,13,55,37,114,1,14,47,15,28,9
S01012690,261,5,18,53,66,93,26,141,1,6,12,35,63,24,120,4,12,41,31,30,2
S01012691,360,6,21,74,73,131,55,184,3,5,9,35,85,47,176,3,16,65,38,46,8
S01012692,339,2,18,66,91,134,28,167,0,2,14,37,88,26,172,2,16,52,54,46,2
S01012693,473,10,34,92,87,171,79,246,2,6,13,44,117,64,227,8,28,79,43,54,15
S01012694,228,0,15,53,56,82,22,112,0,8,3,30,57,14,116,0,7,50,26,25,8
S01012695,412,1,20,89,63,131,108,228,0,5,18,24,92,89,184,1,15,71,39,39,19
S01012696,415,7,21,85,57,146,99,231,0,6,22,25,94,84,184,7,15,63,32,52,15
S01012697,265,3,12,51,40,93,66,141,1,4,7,22,55,52,124,2,8,44,18,38,14
S01012698,397,4,19,96,61,145,72,206,1,2,23,29,91,60,191,3,17,73,32,54,12
S01012699,548,6,34,102,104,190,112,274,0,5,17,45,118,89,274,6,29,85,59,72,23
S01012700,403,3,20,88,82,142,68,207,1,8,14,36,95,53,196,2,12,74,46,47,15
S01012701,264,4,19,56,60,94,31,139,1,5,12,28,66,27,125,3,14,44,32,28,4
S01012702,315,1,13,51,68,131,51,159,0,4,8,32,82,33,156,1,9,43,36,49,18
S01012703,361,5,22,75,73,156,30,178,1,5,10,31,104,27,183,4,17,65,42,52,3
S01012704,338,0,15,81,98,125,19,166,0,5,14,37,91,19,172,0,10,67,61,34,0
S01012705,458,2,29,93,98,190,46,224,0,3,17,39,125,40,234,2,26,76,59,65,6
S01012706,308,2,12,81,67,118,28,166,1,7,20,31,83,24,142,1,5,61,36,35,4
S01012707,514,4,32,122,129,185,42,259,2,10,27,62,122,36,255,2,22,95,67,63,6
S01012708,299,2,9,64,76,123,25,148,0,2,9,36,82,19,151,2,7,55,40,41,6
S01012709,217,1,12,53,56,81,14,98,0,1,11,21,53,12,119,1,11,42,35,28,2
S01012710,336,1,21,67,90,129,28,175,0,3,10,46,92,24,161,1,18,57,44,37,4
S01012711,332,2,16,86,79,131,18,158,2,5,24,30,85,12,174,0,11,62,49,46,6
S01012712,367,3,22,75,96,131,40,191,1,7,14,51,88,30,176,2,15,61,45,43,10
S01012713,327,7,19,55,78,138,30,167,2,5,13,28,98,21,160,5,14,42,50,40,9
S01012714,267,4,22,47,66,99,29,138,0,6,11,32,67,22,129,4,16,36,34,32,7
S01012715,333,2,13,62,102,129,25,171,1,2,23,49,77,19,162,1,11,39,53,52,6
S01012716,371,4,31,65,65,142,64,198,2,5,26,30,86,49,173,2,26,39,35,56,15
S01012717,433,3,25,62,126,175,42,221,0,7,17,46,117,34,212,3,18,45,80,58,8
S01012718,469,1,22,80,111,199,56,255,1,10,22,53,129,40,214,0,12,58,58,70,16
S01012719,407,4,21,56,91,182,53,224,2,8,11,37,120,46,183,2,13,45,54,62,7
S01012720,318,2,13,43,82,143,35,170,0,3,17,40,85,25,148,2,10,26,42,58,10
S01012721,306,5,14,59,71,137,20,160,0,6,15,27,94,18,146,5,8,44,44,43,2
S01012722,275,2,11,53,80,111,18,136,1,4,8,33,75,15,139,1,7,45,47,36,3
S01012723,290,1,19,70,63,118,19,138,0,6,14,27,76,15,152,1,13,56,36,42,4
S01012724,359,2,13,70,83,161,30,192,0,2,20,38,112,20,167,2,11,50,45,49,10
S01012725,473,2,20,85,115,199,52,256,2,4,28,55,128,39,217,0,16,57,60,71,13
S01012726,249,1,5,56,71,91,25,126,0,1,11,30,62,22,123,1,4,45,41,29,3
S01012727,272,0,15,68,60,113,16,135,0,7,16,28,71,13,137,0,8,52,32,42,3
S01012728,285,2,12,83,64,99,25,140,0,5,19,24,71,21,145,2,7,64,40,28,4
S01012729,433,0,24,82,114,176,37,208,0,7,15,45,113,28,225,0,17,67,69,63,9
S01012730,256,1,6,63,62,113,11,122,1,0,12,18,82,9,134,0,6,51,44,31,2
S01012731,348,4,17,78,90,142,17,181,2,5,16,43,100,15,167,2,12,62,47,42,2
S01012732,310,0,16,76,67,128,23,148,0,4,16,30,83,15,162,0,12,60,37,45,8
S01012733,631,4,20,106,146,263,92,322,0,4,16,62,166,74,309,4,16,90,84,97,18
S01012734,343,1,13,54,72,150,53,169,0,4,5,25,96,39,174,1,9,49,47,54,14
S01012735,208,2,10,34,59,90,13,112,1,3,3,30,63,12,96,1,7,31,29,27,1
S01012736,485,1,17,93,131,196,47,253,0,6,26,58,129,34,232,1,11,67,73,67,13
S01012737,449,8,10,68,117,192,54,233,4,1,13,52,120,43,216,4,9,55,65,72,11
S01012738,296,2,7,75,61,127,24,138,2,0,13,20,83,20,158,0,7,62,41,44,4
S01012739,501,1,21,93,103,209,74,266,0,7,19,45,136,59,235,1,14,74,58,73,15
S01012740,501,2,16,85,106,199,93,253,0,4,12,41,125,71,248,2,12,73,65,74,22
S01012741,370,2,11,58,99,162,38,188,1,3,11,44,95,34,182,1,8,47,55,67,4
S01012742,387,5,27,69,103,146,37,204,2,12,17,45,101,27,183,3,15,52,58,45,10
S01012743,321,2,20,73,86,107,33,160,0,6,15,45,68,26,161,2,14,58,41,39,7
S01012744,428,1,17,74,139,153,44,218,0,10,12,58,103,35,210,1,7,62,81,50,9
S01012745,356,1,25,53,94,141,42,175,0,7,11,35,90,32,181,1,18,42,59,51,10
S01012746,450,4,18,80,109,204,35,238,3,5,17,47,140,26,212,1,13,63,62,64,9
S01012747,379,1,23,74,103,156,22,188,1,2,15,54,101,15,191,0,21,59,49,55,7
S01012748,313,1,10,95,56,127,24,153,0,2,19,24,85,23,160,1,8,76,32,42,1
S01012749,345,1,19,78,87,137,23,175,0,7,17,40,94,17,170,1,12,61,47,43,6
S01012750,338,1,30,89,67,134,17,166,1,12,13,30,95,15,172,0,18,76,37,39,2
S01012751,332,2,11,77,77,151,14,171,1,0,15,34,109,12,161,1,11,62,43,42,2
S01012752,404,2,10,88,106,167,31,205,1,5,15,54,105,25,199,1,5,73,52,62,6
S01012753,196,2,7,58,39,76,14,86,1,3,12,11,48,11,110,1,4,46,28,28,3
S01012754,243,0,16,44,67,101,15,127,0,5,12,34,64,12,116,0,11,32,33,37,3
S01012755,172,1,10,46,47,64,4,68,0,3,9,18,34,4,104,1,7,37,29,30,0
S01012756,202,0,10,33,47,95,17,106,0,2,7,22,63,12,96,0,8,26,25,32,5
S01012757,210,1,10,48,57,83,11,104,0,3,8,28,55,10,106,1,7,40,29,28,1
S01012758,265,2,14,54,71,104,20,125,1,1,8,32,68,15,140,1,13,46,39,36,5
S01012759,302,0,19,75,83,99,26,139,0,6,16,33,65,19,163,0,13,59,50,34,7
S01012760,364,0,17,92,88,143,24,177,0,4,20,38,93,22,187,0,13,72,50,50,2
S01012761,375,0,20,75,99,157,24,189,0,5,11,56,95,22,186,0,15,64,43,62,2
S01012762,353,1,23,65,104,134,26,177,0,9,11,45,90,22,176,1,14,54,59,44,4
S01012763,194,1,4,47,49,84,9,93,0,1,8,20,57,7,101,1,3,39,29,27,2
S01012764,330,2,14,67,87,130,30,169,1,6,12,36,89,25,161,1,8,55,51,41,5
S01012765,345,3,18,74,89,134,27,167,1,2,12,36,93,23,178,2,16,62,53,41,4
S01012766,430,2,19,97,91,189,32,213,1,4,19,32,128,29,217,1,15,78,59,61,3
S01012767,309,0,8,69,88,120,24,163,0,3,18,43,80,19,146,0,5,51,45,40,5
S01012768,415,0,19,92,104,161,39,209,0,7,17,49,104,32,206,0,12,75,55,57,7
S01012769,245,2,9,44,45,111,34,131,1,4,10,19,68,29,114,1,5,34,26,43,5
S01012770,393,2,10,80,125,140,36,196,2,3,17,55,91,28,197,0,7,63,70,49,8
S01012771,335,5,13,71,100,117,29,163,2,4,18,39,75,25,172,3,9,53,61,42,4
S01012772,293,1,19,86,54,107,26,144,0,6,19,20,79,20,149,1,13,67,34,28,6
S01012773,394,1,8,72,106,165,42,219,1,2,19,47,113,37,175,0,6,53,59,52,5
S01012774,459,2,19,76,119,208,35,229,1,4,12,51,129,32,230,1,15,64,68,79,3
S01012775,201,1,5,36,53,84,22,110,1,2,8,24,58,17,91,0,3,28,29,26,5
S01012776,348,1,15,93,69,147,23,180,1,4,18,35,103,19,168,0,11,75,34,44,4
S01012777,536,3,20,92,139,240,42,255,2,4,8,55,152,34,281,1,16,84,84,88,8
S01012778,335,1,10,70,103,132,19,152,0,0,13,43,81,15,183,1,10,57,60,51,4
S01012779,209,1,8,58,40,81,21,101,0,3,18,15,46,19,108,1,5,40,25,35,2
S01012780,286,1,14,72,63,117,19,132,1,4,17,25,67,18,154,0,10,55,38,50,1
S01012781,337,2,12,66,88,139,30,177,0,6,19,32,98,22,160,2,6,47,56,41,8
S01012782,247,2,15,61,57,99,13,120,1,6,13,25,62,13,127,1,9,48,32,37,0
S01012783,290,2,10,89,49,123,17,133,1,0,25,16,78,13,157,1,10,64,33,45,4
S01012784,361,1,14,56,87,175,28,184,0,3,9,39,111,22,177,1,11,47,48,64,6
S01012785,280,2,17,54,70,124,13,136,0,8,12,35,70,11,144,2,9,42,35,54,2
S01012786,257,0,5,67,55,119,11,128,0,2,25,27,65,9,129,0,3,42,28,54,2
S01012787,317,1,20,49,97,123,27,151,0,3,8,49,72,19,166,1,17,41,48,51,8
S01012788,247,2,11,48,55,103,28,134,0,3,11,21,75,24,113,2,8,37,34,28,4
S01012789,354,4,21,83,86,133,27,183,1,4,23,37,94,24,171,3,17,60,49,39,3
S01012790,356,1,12,69,89,147,38,174,0,4,12,37,91,30,182,1,8,57,52,56,8
S01012791,317,1,13,65,88,115,35,163,0,5,13,37,78,30,154,1,8,52,51,37,5
S01012792,424,3,11,89,108,175,38,200,1,4,18,36,111,30,224,2,7,71,72,64,8
S01012793,287,2,16,52,72,119,26,154,2,3,16,35,74,24,133,0,13,36,37,45,2
S01012794,337,2,7,35,74,154,65,187,1,4,12,29,91,50,150,1,3,23,45,63,15
S01012795,418,2,24,99,104,162,27,207,1,2,21,48,118,17,211,1,22,78,56,44,10
S01012796,402,2,12,85,93,182,28,211,1,4,18,43,122,23,191,1,8,67,50,60,5
S01012797,334,2,12,68,74,155,23,155,0,0,12,36,90,17,179,2,12,56,38,65,6
S01012798,340,8,15,60,69,114,74,179,2,6,14,27,70,60,161,6,9,46,42,44,14
S01012799,373,3,22,66,61,161,60,206,2,3,19,28,106,48,167,1,19,47,33,55,12
S01012800,449,7,25,82,82,157,96,236,1,7,20,36,97,75,213,6,18,62,46,60,21
S01012801,185,1,9,27,37,77,34,93,0,2,8,14,44,25,92,1,7,19,23,33,9
S01012802,314,4,28,59,40,126,57,165,0,7,12,18,82,46,149,4,21,47,22,44,11
S01012803,366,2,29,66,97,127,45,187,0,13,16,35,87,36,179,2,16,50,62,40,9
S01012804,354,1,27,83,68,152,23,173,0,10,16,30,98,19,181,1,17,67,38,54,4
S01012805,426,2,20,95,119,159,31,203,0,4,16,49,108,26,223,2,16,79,70,51,5
S01012806,349,2,21,63,63,164,36,188,1,11,13,31,109,23,161,1,10,50,32,55,13
S01012807,319,3,28,69,45,114,60,167,0,9,13,19,75,51,152,3,19,56,26,39,9
S01012808,506,4,30,85,119,192,76,258,3,8,13,57,123,54,248,1,22,72,62,69,22
S01012809,322,5,12,52,75,135,43,171,0,4,11,38,85,33,151,5,8,41,37,50,10
S01012810,374,2,15,69,94,164,30,181,1,3,12,38,105,22,193,1,12,57,56,59,8
S01012811,354,3,19,62,89,146,35,190,2,6,13,42,102,25,164,1,13,49,47,44,10
S01012812,382,2,20,74,102,144,40,186,1,5,11,47,93,29,196,1,15,63,55,51,11
S01012813,437,2,32,76,92,166,69,228,0,9,12,46,105,56,209,2,23,64,46,61,13
S01012814,487,1,20,87,123,193,63,254,1,6,14,53,135,45,233,0,14,73,70,58,18
S01012815,515,6,21,88,121,215,64,258,2,2,15,54,136,49,257,4,19,73,67,79,15
S01012816,315,2,12,61,77,136,27,162,2,1,4,44,92,19,153,0,11,57,33,44,8
S01012817,324,0,11,75,75,125,38,166,0,1,13,34,86,32,158,0,10,62,41,39,6
S01012818,446,4,13,89,108,185,47,225,2,3,13,47,121,39,221,2,10,76,61,64,8
S01012819,274,0,6,50,83,118,17,135,0,1,6,34,82,12,139,0,5,44,49,36,5
S01012820,620,5,29,110,145,262,69,311,3,12,27,55,165,49,309,2,17,83,90,97,20
S01012821,423,1,14,79,101,192,36,225,0,5,19,39,132,30,198,1,9,60,62,60,6
S01012822,169,0,9,44,40,61,15,73,0,1,7,15,38,12,96,0,8,37,25,23,3
S01012823,493,1,22,106,134,182,48,255,1,10,21,52,133,38,238,0,12,85,82,49,10
S01012824,346,1,16,63,85,155,26,160,0,3,12,41,82,22,186,1,13,51,44,73,4
S01012825,212,1,6,36,48,100,21,116,0,1,8,25,66,16,96,1,5,28,23,34,5
S01012826,222,1,16,69,48,75,13,90,0,1,9,18,50,12,132,1,15,60,30,25,1
S01012827,384,1,13,71,85,167,47,205,0,2,13,41,112,37,179,1,11,58,44,55,10
S01012828,388,3,11,55,103,175,41,202,1,3,14,39,113,32,186,2,8,41,64,62,9
S01012829,336,3,14,89,73,140,17,161,1,1,22,29,94,14,175,2,13,67,44,46,3
S01012830,301,2,15,63,85,108,28,153,1,5,11,38,74,24,148,1,10,52,47,34,4
S01012831,234,0,7,54,63,92,18,128,0,2,16,33,64,13,106,0,5,38,30,28,5
S01012832,259,2,21,56,64,95,21,119,0,7,10,27,60,15,140,2,14,46,37,35,6
S01012833,260,1,8,74,56,107,14,109,0,2,8,19,70,10,151,1,6,66,37,37,4
S01012834,284,1,12,64,72,110,25,142,1,4,12,34,70,21,142,0,8,52,38,40,4
S01012835,394,2,10,63,118,169,32,195,0,4,17,39,110,25,199,2,6,46,79,59,7
S01012836,393,1,20,70,77,158,67,194,0,4,7,28,96,59,199,1,16,63,49,62,8
S01012837,256,3,15,68,62,91,17,131,1,6,14,33,62,15,125,2,9,54,29,29,2
S01012838,301,0,14,74,65,131,17,151,0,2,19,38,79,13,150,0,12,55,27,52,4
S01012839,408,3,25,81,128,136,35,200,1,8,21,52,88,30,208,2,17,60,76,48,5
S01012840,461,1,16,92,99,192,61,243,0,4,19,45,124,51,218,1,12,73,54,68,10
S01012841,338,0,13,66,81,140,38,179,0,4,16,34,97,28,159,0,9,50,47,43,10
S01012842,300,3,15,59,75,120,28,146,1,6,11,32,73,23,154,2,9,48,43,47,5
S01012843,491,6,34,89,119,186,57,252,2,10,20,53,125,42,239,4,24,69,66,61,15
S01012844,371,2,23,65,84,152,45,198,1,6,16,41,96,38,173,1,17,49,43,56,7
S01012845,331,6,25,64,61,134,41,162,1,12,7,22,88,32,169,5,13,57,39,46,9
S01012846,359,2,17,63,102,141,34,191,2,3,23,39,95,29,168,0,14,40,63,46,5
S01012847,265,3,15,55,70,104,18,126,0,3,8,29,75,11,139,3,12,47,41,29,7
S01012848,383,1,19,86,65,171,41,205,1,3,20,24,123,34,178,0,16,66,41,48,7
S01012849,351,3,13,71,83,151,30,168,1,3,12,34,92,26,183,2,10,59,49,59,4
S01012850,305,2,17,61,73,132,20,157,0,7,12,27,95,16,148,2,10,49,46,37,4
S01012851,366,2,23,85,89,128,39,174,0,7,18,39,79,31,192,2,16,67,50,49,8
S01012852,360,2,26,73,97,140,22,179,1,10,18,44,89,17,181,1,16,55,53,51,5
S01012853,382,1,24,96,92,129,40,194,0,7,25,41,89,32,188,1,17,71,51,40,8
S01012854,489,3,23,83,143,203,34,236,0,8,19,58,124,27,253,3,15,64,85,79,7
S01012855,396,2,15,66,107,166,40,194,0,2,13,50,102,27,202,2,13,53,57,64,13
S01012856,296,0,7,49,76,136,28,162,0,2,15,29,95,21,134,0,5,34,47,41,7
S01012857,306,2,9,51,102,117,25,147,0,2,9,46,71,19,159,2,7,42,56,46,6
S01012858,335,1,10,63,96,139,26,171,0,3,12,39,94,23,164,1,7,51,57,45,3
S01012859,501,2,12,84,140,218,45,246,1,6,13,50,141,35,255,1,6,71,90,77,10
S01012860,380,3,33,77,97,133,37,179,0,16,13,43,79,28,201,3,17,64,54,54,9
S01012861,375,5,17,66,91,157,39,177,4,8,17,33,86,29,198,1,9,49,58,71,10
S01012862,241,3,13,43,66,102,14,128,1,2,15,28,72,10,113,2,11,28,38,30,4
S01012863,290,2,13,49,73,128,25,161,0,4,15,38,82,22,129,2,9,34,35,46,3
S01012864,347,0,11,69,101,144,22,163,0,1,19,42,84,17,184,0,10,50,59,60,5
S01012865,325,3,22,66,82,127,25,162,1,7,15,37,83,19,163,2,15,51,45,44,6
S01012866,367,1,15,82,95,148,26,164,1,4,18,28,91,22,203,0,11,64,67,57,4
S01012867,260,1,9,55,73,112,10,125,0,1,16,27,71,10,135,1,8,39,46,41,0
S01012868,251,1,11,53,55,118,13,133,0,8,18,25,73,9,118,1,3,35,30,45,4
S01012869,195,0,9,58,37,81,10,85,0,2,11,12,51,9,110,0,7,47,25,30,1
S01012870,444,0,23,101,111,179,30,224,0,7,28,37,131,21,220,0,16,73,74,48,9
S01012871,394,1,17,89,103,144,40,201,0,10,22,43,92,34,193,1,7,67,60,52,6
S01012872,380,0,25,79,93,155,28,197,0,11,18,39,107,22,183,0,14,61,54,48,6
S01012873,434,1,17,98,125,159,34,204,1,5,20,50,100,28,230,0,12,78,75,59,6
S01012874,327,2,17,74,77,127,30,159,1,5,17,38,75,23,168,1,12,57,39,52,7
S01012875,270,1,8,48,79,116,18,142,0,1,14,40,72,15,128,1,7,34,39,44,3
S01012876,316,4,21,73,81,115,22,142,0,6,8,32,79,17,174,4,15,65,49,36,5
S01012877,318,1,16,83,81,117,20,153,0,5,20,32,81,15,165,1,11,63,49,36,5
S01012878,522,6,42,94,120,191,69,261,2,9,17,48,127,58,261,4,33,77,72,64,11
S01012879,354,4,20,66,101,131,32,168,2,4,14,40,83,25,186,2,16,52,61,48,7
S01012880,443,6,45,82,99,159,52,231,4,17,18,54,97,41,212,2,28,64,45,62,11
S01012881,380,5,34,65,95,138,43,191,1,18,16,41,87,28,189,4,16,49,54,51,15
S01012882,252,1,15,78,51,82,25,124,1,7,19,19,54,24,128,0,8,59,32,28,1
S01012883,185,2,11,47,47,66,12,92,1,6,13,17,43,12,93,1,5,34,30,23,0
S01012884,199,3,9,42,43,85,17,101,2,2,9,19,58,11,98,1,7,33,24,27,6
S01012885,195,1,3,47,51,82,11,102,0,2,15,29,47,9,93,1,1,32,22,35,2
S01012886,390,2,27,78,89,154,40,200,0,9,17,45,97,32,190,2,18,61,44,57,8
S01012887,358,0,23,66,89,147,33,177,0,9,15,45,87,21,181,0,14,51,44,60,12
S01012888,374,4,21,77,86,131,55,188,3,10,17,41,78,39,186,1,11,60,45,53,16
S01012889,487,7,21,82,101,211,65,238,0,6,12,40,125,55,249,7,15,70,61,86,10
S01012890,278,4,13,55,55,127,24,139,0,4,9,24,80,22,139,4,9,46,31,47,2
S01012891,243,2,7,60,56,102,16,115,2,1,9,21,68,14,128,0,6,51,35,34,2
S01012892,440,3,17,101,132,159,28,209,0,3,20,54,110,22,231,3,14,81,78,49,6
S01012893,287,2,13,80,74,97,21,127,0,3,8,29,69,18,160,2,10,72,45,28,3
S01012894,418,5,20,94,63,176,60,210,1,6,15,28,110,50,208,4,14,79,35,66,10
S01012895,305,1,18,57,61,117,51,163,0,8,9,26,80,40,142,1,10,48,35,37,11
S01012896,367,1,23,79,102,129,33,194,1,4,27,47,87,28,173,0,19,52,55,42,5
S01012897,337,3,12,66,70,143,43,165,0,0,12,28,90,35,172,3,12,54,42,53,8
S01012898,333,2,16,63,69,140,43,168,1,7,13,22,90,35,165,1,9,50,47,50,8
S01012899,242,0,10,61,56,96,19,127,0,4,15,24,69,15,115,0,6,46,32,27,4
S01012900,303,1,21,58,59,111,53,166,0,5,15,24,75,47,137,1,16,43,35,36,6
S01012901,341,4,21,60,89,142,25,168,2,6,12,34,95,19,173,2,15,48,55,47,6
S01012902,380,0,17,64,106,165,28,196,0,6,15,49,103,23,184,0,11,49,57,62,5
S01012903,399,1,20,84,122,139,33,188,0,4,17,54,88,25,211,1,16,67,68,51,8
S01012904,373,2,19,83,92,148,29,186,0,2,22,39,98,25,187,2,17,61,53,50,4
S01012905,291,1,15,70,75,114,16,135,1,5,24,25,69,11,156,0,10,46,50,45,5
S01012906,496,2,21,79,119,230,45,250,1,9,16,46,142,36,246,1,12,63,73,88,9
S01012907,392,1,17,76,95,172,31,198,0,6,19,43,107,23,194,1,11,57,52,65,8
S01012908,298,1,19,68,70,122,18,145,0,6,16,30,81,12,153,1,13,52,40,41,6
S01012909,262,0,10,44,61,121,26,140,0,5,12,23,76,24,122,0,5,32,38,45,2
S01012910,364,3,12,81,92,148,28,204,1,3,22,49,103,26,160,2,9,59,43,45,2
S01012911,342,0,22,78,79,132,31,178,0,9,25,28,93,23,164,0,13,53,51,39,8
S01012912,288,0,17,58,68,124,21,138,0,7,11,29,76,15,150,0,10,47,39,48,6
S01012913,405,1,23,90,102,159,30,205,1,10,18,48,104,24,200,0,13,72,54,55,6
S01012914,417,1,15,83,96,178,44,227,0,3,19,46,122,37,190,1,12,64,50,56,7
S01012915,556,6,16,126,127,219,62,284,0,4,26,66,135,53,272,6,12,100,61,84,9
S01012916,300,1,16,61,70,124,28,162,1,6,12,36,86,21,138,0,10,49,34,38,7
S01012917,374,1,36,92,78,127,40,186,1,13,15,41,82,34,188,0,23,77,37,45,6
S01012918,259,3,17,58,56,110,15,138,1,5,14,33,74,11,121,2,12,44,23,36,4
S01012919,202,0,12,43,48,81,18,106,0,4,8,29,50,15,96,0,8,35,19,31,3
S01012920,263,4,16,49,56,105,33,137,4,8,12,26,64,23,126,0,8,37,30,41,10
S01012921,336,0,22,83,77,133,21,157,0,8,18,34,80,17,179,0,14,65,43,53,4
S01012922,499,5,34,104,118,197,41,246,0,4,12,60,139,31,253,5,30,92,58,58,10
S01012923,368,4,18,93,76,158,19,177,1,8,19,32,101,16,191,3,10,74,44,57,3
S01012924,268,4,10,62,66,108,18,146,1,1,17,34,79,14,122,3,9,45,32,29,4
S01012925,258,2,19,53,75,83,26,144,0,7,17,33,64,23,114,2,12,36,42,19,3
S01012926,387,6,15,82,113,141,30,196,3,5,19,50,94,25,191,3,10,63,63,47,5
S01012927,376,2,25,78,84,155,32,188,0,7,16,37,104,24,188,2,18,62,47,51,8
S01012928,408,6,36,92,87,144,43,215,4,11,22,40,100,38,193,2,25,70,47,44,5
S01012929,347,4,26,90,76,127,24,176,1,8,27,37,85,18,171,3,18,63,39,42,6
S01012930,376,5,20,58,97,162,34,211,2,5,28,45,102,29,165,3,15,30,52,60,5
S01012931,416,0,17,101,86,170,42,210,0,6,28,40,100,36,206,0,11,73,46,70,6
S01012932,263,3,15,62,60,94,29,134,0,4,14,28,62,26,129,3,11,48,32,32,3
S01012933,397,4,16,79,101,152,45,206,3,5,14,46,99,39,191,1,11,65,55,53,6
S01012934,295,0,15,63,72,117,28,154,0,7,20,33,73,21,141,0,8,43,39,44,7
S01012935,425,1,34,110,93,151,36,212,0,9,22,49,103,29,213,1,25,88,44,48,7
S01012936,356,2,11,81,89,146,27,181,0,3,21,36,102,19,175,2,8,60,53,44,8
S01012937,346,1,20,73,89,133,30,180,1,6,17,40,92,24,166,0,14,56,49,41,6
S01012938,319,6,28,56,74,114,41,163,2,8,9,34,76,34,156,4,20,47,40,38,7
S01012939,341,10,36,66,77,123,29,178,3,10,17,41,89,18,163,7,26,49,36,34,11
S01012940,421,2,35,81,80,165,58,215,1,9,21,32,111,41,206,1,26,60,48,54,17
S01012941,440,2,36,81,99,162,60,237,1,12,18,42,111,53,203,1,24,63,57,51,7
S01012942,346,4,16,76,85,147,18,163,1,2,12,37,96,15,183,3,14,64,48,51,3
S01012943,391,3,16,97,102,140,33,200,0,4,18,53,97,28,191,3,12,79,49,43,5
S01012944,250,7,14,52,63,88,26,123,2,3,9,25,66,18,127,5,11,43,38,22,8
S01012945,402,0,27,82,63,168,62,211,0,8,16,25,112,50,191,0,19,66,38,56,12
S01012946,501,5,25,100,106,196,69,254,0,14,21,41,122,56,247,5,11,79,65,74,13
S01012947,261,2,21,59,47,89,43,137,1,7,18,22,55,34,124,1,14,41,25,34,9
S01012948,402,5,25,108,95,139,30,179,1,4,19,42,88,25,223,4,21,89,53,51,5
S01012949,408,4,19,90,97,146,52,211,4,7,25,46,87,42,197,0,12,65,51,59,10
S01012950,517,5,33,110,112,185,72,275,3,12,16,59,123,62,242,2,21,94,53,62,10
S01012951,543,3,20,103,94,218,105,289,1,10,18,38,134,88,254,2,10,85,56,84,17
S01012952,290,4,25,45,26,92,98,177,0,8,13,12,61,83,113,4,17,32,14,31,15
S01012953,401,3,27,83,96,156,36,217,0,11,18,50,105,33,184,3,16,65,46,51,3
S01012954,285,2,19,62,70,113,19,151,0,6,15,31,83,16,134,2,13,47,39,30,3
S01012955,502,2,23,87,83,224,83,273,0,9,14,38,140,72,229,2,14,73,45,84,11
S01012956,390,4,26,101,71,152,36,199,2,8,27,27,108,27,191,2,18,74,44,44,9
S01012957,306,1,16,62,74,134,19,152,0,6,17,31,81,17,154,1,10,45,43,53,2
S01012958,294,2,18,60,59,120,35,152,0,7,14,30,75,26,142,2,11,46,29,45,9
S01012959,353,2,22,73,83,150,23,178,1,7,10,44,99,17,175,1,15,63,39,51,6
S01012960,310,1,16,79,66,111,37,149,0,3,22,24,72,28,161,1,13,57,42,39,9
S01012961,300,2,15,69,64,122,28,148,0,6,12,26,80,24,152,2,9,57,38,42,4
S01012962,375,1,27,90,85,134,38,189,0,8,16,42,91,32,186,1,19,74,43,43,6
S01012963,464,3,28,100,104,172,57,237,0,6,18,50,113,50,227,3,22,82,54,59,7
S01012964,365,2,20,76,79,132,56,188,1,5,13,39,86,44,177,1,15,63,40,46,12
S01012965,324,0,27,60,62,145,30,176,0,7,20,29,94,26,148,0,20,40,33,51,4
S01012966,395,3,22,84,97,158,31,195,0,4,25,43,97,26,200,3,18,59,54,61,5
S01012967,263,1,16,57,69,90,30,132,0,4,10,36,59,23,131,1,12,47,33,31,7
S01012968,332,2,22,72,79,129,28,171,2,4,12,36,89,28,161,0,18,60,43,40,0
S01012969,322,3,19,72,75,132,21,160,1,2,14,36,89,18,162,2,17,58,39,43,3
S01012970,309,1,15,61,69,146,17,163,1,3,14,32,99,14,146,0,12,47,37,47,3
S01012971,376,4,27,82,75,156,32,189,2,3,17,31,109,27,187,2,24,65,44,47,5
S01012972,364,1,19,95,81,142,26,187,0,8,16,36,103,24,177,1,11,79,45,39,2
S01012973,389,1,17,95,102,148,26,201,1,3,17,56,103,21,188,0,14,78,46,45,5
S01012974,403,1,25,86,95,168,28,210,1,6,18,50,110,25,193,0,19,68,45,58,3
S01012975,268,3,11,56,73,102,23,133,0,1,6,31,72,23,135,3,10,50,42,30,0
S01012976,238,3,16,49,62,77,31,123,1,4,10,26,53,29,115,2,12,39,36,24,2
S01012977,349,1,14,94,72,147,21,179,0,7,23,35,95,19,170,1,7,71,37,52,2
S01012978,372,1,24,84,96,141,26,185,0,5,13,47,98,22,187,1,19,71,49,43,4
S01012979,332,6,12,79,76,126,33,175,1,4,19,39,86,26,157,5,8,60,37,40,7
S01012980,329,2,16,71,75,139,26,162,1,4,14,34,88,21,167,1,12,57,41,51,5
S01012981,406,4,27,83,100,167,25,213,1,13,21,47,110,21,193,3,14,62,53,57,4
S01012982,421,3,19,88,106,180,25,201,2,6,13,44,117,19,220,1,13,75,62,63,6
S01012983,367,4,25,77,80,143,38,185,0,4,14,40,94,33,182,4,21,63,40,49,5
S01012984,342,1,14,65,93,146,23,171,1,4,11,39,96,20,171,0,10,54,54,50,3
S01012985,394,4,19,85,99,146,41,211,1,7,20,45,103,35,183,3,12,65,54,43,6
S01012986,369,1,13,62,104,171,18,193,0,6,13,41,117,16,176,1,7,49,63,54,2
S01012987,352,1,22,76,92,127,34,169,1,8,19,37,74,30,183,0,14,57,55,53,4
S01012988,388,1,26,80,109,143,29,199,1,7,11,58,97,25,189,0,19,69,51,46,4
S01012989,445,0,29,85,120,185,26,222,0,7,25,46,122,22,223,0,22,60,74,63,4
S01012990,279,2,13,66,69,111,18,132,0,5,14,32,67,14,147,2,8,52,37,44,4
S01012991,365,2,22,101,86,122,32,177,0,3,22,42,84,26,188,2,19,79,44,38,6
S01012992,358,2,19,78,92,146,21,177,0,6,20,49,83,19,181,2,13,58,43,63,2
S01012993,302,4,11,64,81,113,29,141,1,3,14,28,75,20,161,3,8,50,53,38,9
S01012994,417,0,23,95,98,174,27,227,0,6,21,57,121,22,190,0,17,74,41,53,5
S01012995,471,2,19,88,126,197,39,239,1,3,15,59,135,26,232,1,16,73,67,62,13
S01012996,388,3,30,85,93,153,24,191,1,9,25,40,97,19,197,2,21,60,53,56,5
S01012997,207,2,8,45,52,87,13,107,1,2,12,18,65,9,100,1,6,33,34,22,4
S01012998,561,5,31,124,117,236,48,277,3,9,22,50,151,42,284,2,22,102,67,85,6
S01012999,237,2,10,55,48,96,26,122,0,2,12,17,69,22,115,2,8,43,31,27,4
S01013000,313,1,17,63,79,128,25,158,1,4,12,30,90,21,155,0,13,51,49,38,4
S01013001,196,4,18,35,31,66,42,104,1,6,13,13,40,31,92,3,12,22,18,26,11
S01013002,252,5,16,38,31,106,56,144,0,5,12,16,66,45,108,5,11,26,15,40,11
S01013003,287,6,26,64,38,99,54,150,1,8,10,14,74,43,137,5,18,54,24,25,11
S01013004,322,4,22,66,63,110,57,162,0,3,10,24,78,47,160,4,19,56,39,32,10
S01013005,336,8,24,67,36,145,56,169,1,3,14,16,90,45,167,7,21,53,20,55,11
S01013006,307,3,26,61,39,103,75,169,1,9,14,17,68,60,138,2,17,47,22,35,15
S01013007,399,6,27,92,86,128,60,199,2,8,14,39,84,52,200,4,19,78,47,44,8
S01013008,339,2,27,75,61,115,59,177,0,6,16,34,74,47,162,2,21,59,27,41,12
S01013009,272,0,14,65,41,112,40,128,0,3,13,10,70,32,144,0,11,52,31,42,8
S01013010,312,1,23,55,35,124,74,164,0,5,8,13,82,56,148,1,18,47,22,42,18
S01013011,344,5,16,72,60,129,62,168,0,1,13,31,78,45,176,5,15,59,29,51,17
S01013012,305,3,22,66,55,113,46,143,1,3,19,21,72,27,162,2,19,47,34,41,19
S01013013,360,2,33,83,61,119,62,186,0,14,16,33,75,48,174,2,19,67,28,44,14
S01013014,336,3,17,71,58,120,67,178,0,2,20,29,72,55,158,3,15,51,29,48,12
S01013015,392,10,23,77,52,155,75,203,3,2,17,24,98,59,189,7,21,60,28,57,16
S01013016,324,6,31,56,40,97,94,170,3,1,12,16,63,75,154,3,30,44,24,34,19
S01013017,377,3,26,94,41,146,67,190,1,7,12,19,95,56,187,2,19,82,22,51,11
S01013018,468,9,47,96,58,176,82,238,2,13,18,19,116,70,230,7,34,78,39,60,12
S01013019,460,4,20,79,89,182,86,234,1,5,16,31,116,65,226,3,15,63,58,66,21
S01013020,238,2,8,59,50,92,27,115,0,2,14,15,64,20,123,2,6,45,35,28,7
S01013021,243,2,16,53,58,93,21,125,0,3,12,27,62,21,118,2,13,41,31,31,0
S01013022,210,1,12,55,41,76,25,102,0,3,8,18,52,21,108,1,9,47,23,24,4
S01013023,401,8,19,90,72,153,59,197,3,2,18,34,95,45,204,5,17,72,38,58,14
S01013024,241,5,12,44,56,91,33,124,2,7,10,25,57,23,117,3,5,34,31,34,10
S01013025,282,4,22,46,43,95,72,144,0,7,8,15,59,55,138,4,15,38,28,36,17
S01013026,506,1,15,103,112,218,57,254,0,3,14,40,152,45,252,1,12,89,72,66,12
S01013027,390,4,16,115,71,161,23,182,2,2,22,28,110,18,208,2,14,93,43,51,5
S01013028,266,3,12,50,65,99,37,154,1,5,10,33,71,34,112,2,7,40,32,28,3
S01013029,251,3,13,61,54,102,18,126,1,6,8,19,77,15,125,2,7,53,35,25,3
S01013030,273,1,12,74,54,109,23,140,1,1,9,27,80,22,133,0,11,65,27,29,1
S01013031,300,0,20,74,59,127,20,144,0,5,10,25,86,18,156,0,15,64,34,41,2
S01013032,461,6,22,80,113,181,59,241,2,3,10,44,132,50,220,4,19,70,69,49,9
S01013033,373,1,17,79,92,144,40,187,0,4,17,32,101,33,186,1,13,62,60,43,7
S01013034,335,2,25,83,82,120,23,159,1,5,11,47,78,17,176,1,20,72,35,42,6
S01013035,293,5,17,90,53,110,18,141,1,4,15,29,75,17,152,4,13,75,24,35,1
S01013036,344,3,19,96,70,141,15,166,1,9,11,30,103,12,178,2,10,85,40,38,3
S01013037,397,4,17,71,103,160,42,200,1,5,11,45,100,38,197,3,12,60,58,60,4
S01013038,460,5,15,96,115,199,30,232,3,8,11,51,135,24,228,2,7,85,64,64,6
S01013039,324,0,23,72,64,128,37,158,0,3,9,28,84,34,166,0,20,63,36,44,3
S01013040,287,1,13,63,77,101,32,150,0,4,14,39,64,29,137,1,9,49,38,37,3
S01013041,326,3,18,61,82,134,28,177,2,6,11,40,93,25,149,1,12,50,42,41,3
S01013042,448,1,28,96,96,178,49,218,1,7,16,38,118,38,230,0,21,80,58,60,11
S01013043,295,4,11,74,67,112,27,149,1,5,15,26,78,24,146,3,6,59,41,34,3
S01013044,362,3,19,86,96,128,30,186,2,7,15,41,95,26,176,1,12,71,55,33,4
S01013045,346,4,15,64,96,131,36,177,1,3,11,41,94,27,169,3,12,53,55,37,9
S01013046,234,3,9,68,47,93,14,111,2,2,9,20,65,13,123,1,7,59,27,28,1
S01013047,538,3,34,109,122,203,67,271,2,8,23,48,140,50,267,1,26,86,74,63,17
S01013048,510,4,20,78,161,194,53,266,0,6,23,78,116,43,244,4,14,55,83,78,10
S01013049,440,0,17,82,105,184,52,225,0,5,15,46,117,42,215,0,12,67,59,67,10
S01013050,328,3,19,58,105,121,22,161,0,7,12,49,74,19,167,3,12,46,56,47,3
S01013051,416,1,16,98,103,172,26,209,0,7,16,45,119,22,207,1,9,82,58,53,4
S01013052,320,1,16,75,77,130,21,150,0,3,12,27,89,19,170,1,13,63,50,41,2
S01013053,261,1,17,52,62,101,28,123,0,2,8,22,68,23,138,1,15,44,40,33,5
S01013054,332,2,19,66,78,137,30,167,0,4,13,38,86,26,165,2,15,53,40,51,4
S01013055,306,1,12,72,81,117,23,156,1,1,18,40,75,21,150,0,11,54,41,42,2
S01013056,421,2,18,106,96,161,38,202,1,7,19,39,105,31,219,1,11,87,57,56,7
S01013057,313,3,13,90,74,108,25,139,1,3,24,24,67,20,174,2,10,66,50,41,5
S01013058,338,2,12,72,83,134,35,168,0,3,12,25,100,28,170,2,9,60,58,34,7
S01013059,307,1,17,51,66,119,53,171,0,4,7,31,87,42,136,1,13,44,35,32,11
S01013060,236,5,13,55,41,71,51,130,2,3,17,18,47,43,106,3,10,38,23,24,8
S01013061,339,7,29,60,74,127,42,169,3,9,13,37,74,33,170,4,20,47,37,53,9
S01013062,374,1,24,79,57,144,69,201,0,7,19,27,93,55,173,1,17,60,30,51,14
S01013063,367,6,27,70,64,129,71,193,0,10,14,28,89,52,174,6,17,56,36,40,19
S01013064,379,3,16,82,99,149,30,194,1,4,16,45,107,21,185,2,12,66,54,42,9
S01013065,391,5,28,94,83,149,32,204,1,14,25,37,102,25,187,4,14,69,46,47,7
S01013066,365,2,20,75,80,149,39,185,1,6,18,37,96,27,180,1,14,57,43,53,12
S01013067,424,7,69,111,56,130,51,206,2,18,32,32,81,41,218,5,51,79,24,49,10
S01013068,338,5,35,91,68,113,26,161,3,13,31,28,71,15,177,2,22,60,40,42,11
S01013069,356,6,74,84,61,108,23,156,1,21,30,23,64,17,200,5,53,54,38,44,6
S01013070,264,3,51,78,42,69,21,130,1,17,28,22,49,13,134,2,34,50,20,20,8
S01013071,468,20,112,130,50,131,25,197,5,36,33,27,78,18,271,15,76,97,23,53,7
S01013072,204,1,14,54,45,71,19,99,0,2,11,15,53,18,105,1,12,43,30,18,1
S01013073,344,2,20,77,69,139,37,153,0,3,15,29,79,27,191,2,17,62,40,60,10
S01013074,248,0,24,80,36,85,23,120,0,7,15,15,66,17,128,0,17,65,21,19,6
S01013075,294,5,24,64,68,104,29,157,1,9,14,43,71,19,137,4,15,50,25,33,10
S01013076,321,11,60,78,46,88,38,168,6,27,31,23,50,31,153,5,33,47,23,38,7
S01013077,260,0,22,64,67,88,19,121,0,6,11,32,56,16,139,0,16,53,35,32,3
S01013078,221,3,12,65,46,75,20,110,0,7,11,21,53,18,111,3,5,54,25,22,2
S01013079,599,8,37,129,127,217,81,295,3,9,33,53,139,58,304,5,28,96,74,78,23
S01013080,407,10,36,80,77,157,47,215,2,19,27,30,102,35,192,8,17,53,47,55,12
S01013081,326,1,25,49,72,126,53,172,1,8,15,31,79,38,154,0,17,34,41,47,15
S01013082,434,2,21,88,113,159,51,220,0,5,23,55,98,39,214,2,16,65,58,61,12
S01013083,725,58,296,187,52,91,41,320,20,115,71,23,58,33,405,38,181,116,29,33,8
S01013084,352,7,35,71,65,122,52,191,4,13,15,33,83,43,161,3,22,56,32,39,9
S01013085,204,0,19,37,50,79,19,105,0,8,7,23,50,17,99,0,11,30,27,29,2
S01013086,444,0,49,72,72,178,73,227,0,24,17,31,103,52,217,0,25,55,41,75,21
S01013087,349,7,38,61,52,125,66,183,2,16,16,24,70,55,166,5,22,45,28,55,11
S01013088,425,7,32,79,50,160,97,238,2,12,16,24,106,78,187,5,20,63,26,54,19
S01013089,338,1,22,62,80,139,34,180,1,7,16,39,93,24,158,0,15,46,41,46,10
S01013090,426,9,56,91,71,159,40,222,5,25,36,28,102,26,204,4,31,55,43,57,14
S01013091,285,2,32,53,53,117,28,149,1,10,20,28,70,20,136,1,22,33,25,47,8
S01013092,441,4,23,91,106,163,54,220,0,7,27,42,105,39,221,4,16,64,64,58,15
S01013093,229,3,19,42,48,67,50,130,0,6,15,23,48,38,99,3,13,27,25,19,12
S01013094,274,4,21,59,55,94,41,142,2,3,14,28,61,34,132,2,18,45,27,33,7
S01013095,415,4,32,79,66,159,75,232,2,9,14,33,113,61,183,2,23,65,33,46,14
S01013096,240,1,12,61,49,88,29,115,0,3,16,20,55,21,125,1,9,45,29,33,8
S01013097,342,7,19,59,57,123,77,175,2,3,13,28,76,53,167,5,16,46,29,47,24
S01013098,323,5,29,67,41,116,65,178,3,6,3,15,92,59,145,2,23,64,26,24,6
S01013099,419,6,25,73,80,171,64,212,3,11,21,29,104,44,207,3,14,52,51,67,20
S01013100,235,6,19,44,27,81,58,133,1,7,7,15,55,48,102,5,12,37,12,26,10
S01013101,427,3,17,86,109,152,60,206,0,4,18,49,88,47,221,3,13,68,60,64,13
S01013102,255,6,24,45,59,94,27,128,2,8,10,22,66,20,127,4,16,35,37,28,7
S01013103,432,7,28,88,83,167,59,212,3,3,9,34,120,43,220,4,25,79,49,47,16
S01013104,474,6,32,95,89,179,73,244,3,7,20,37,123,54,230,3,25,75,52,56,19
S01013105,418,11,16,92,70,155,74,220,6,4,18,32,99,61,198,5,12,74,38,56,13
S01013106,406,4,23,85,74,167,53,217,2,4,17,33,116,45,189,2,19,68,41,51,8
S01013107,337,2,26,65,51,130,63,177,1,10,14,19,89,44,160,1,16,51,32,41,19
S01013108,256,2,12,53,32,111,46,131,1,4,13,12,70,31,125,1,8,40,20,41,15
S01013109,572,8,34,106,88,228,108,308,0,7,23,40,151,87,264,8,27,83,48,77,21
S01013110,299,1,21,61,41,97,78,176,0,8,14,20,68,66,123,1,13,47,21,29,12
S01013111,225,3,10,58,33,74,47,113,0,1,17,14,44,37,112,3,9,41,19,30,10
S01013112,310,2,26,68,63,99,52,162,1,2,13,32,72,42,148,1,24,55,31,27,10
S01013113,348,0,28,87,55,136,42,168,0,3,13,29,90,33,180,0,25,74,26,46,9
S01013114,417,3,32,74,54,175,79,225,0,7,15,25,113,65,192,3,25,59,29,62,14
S01013115,306,4,22,62,53,109,56,159,0,7,18,19,76,39,147,4,15,44,34,33,17
S01013116,339,4,16,77,63,113,66,175,1,5,19,28,79,43,164,3,11,58,35,34,23
S01013117,358,3,24,81,51,153,46,191,2,10,18,20,110,31,167,1,14,63,31,43,15
S01013118,313,2,22,48,42,149,50,169,2,6,23,16,90,32,144,0,16,25,26,59,18
S01013119,393,5,27,69,49,144,99,201,1,8,16,19,86,71,192,4,19,53,30,58,28
S01013120,531,6,30,113,73,179,130,280,3,6,21,31,126,93,251,3,24,92,42,53,37
S01013121,226,3,13,28,18,110,54,115,1,6,9,10,54,35,111,2,7,19,8,56,19
S01013122,218,2,13,61,50,84,8,107,0,5,13,24,57,8,111,2,8,48,26,27,0
S01013123,331,1,11,82,101,115,21,149,1,2,14,42,72,18,182,0,9,68,59,43,3
S01013124,332,2,11,70,122,106,21,155,1,1,13,63,64,13,177,1,10,57,59,42,8
S01013125,321,4,9,73,90,116,29,166,1,3,21,42,76,23,155,3,6,52,48,40,6
S01013126,264,3,14,68,69,88,22,121,2,2,13,26,57,21,143,1,12,55,43,31,1
S01013127,270,4,9,83,70,95,9,122,1,4,16,39,54,8,148,3,5,67,31,41,1
S01013128,321,0,11,57,104,129,20,144,0,6,17,39,69,13,177,0,5,40,65,60,7
S01013129,514,8,30,91,145,199,41,259,3,10,22,71,122,31,255,5,20,69,74,77,10
S01013130,269,1,14,64,71,100,19,117,0,4,14,27,59,13,152,1,10,50,44,41,6
S01013131,304,1,16,81,66,118,22,135,0,2,13,25,79,16,169,1,14,68,41,39,6
S01013132,239,1,12,65,70,83,8,107,0,2,15,34,53,3,132,1,10,50,36,30,5
S01013133,329,0,14,68,110,117,20,160,0,3,10,41,87,19,169,0,11,58,69,30,1
S01013134,382,5,28,81,94,143,31,195,3,6,21,43,96,26,187,2,22,60,51,47,5
S01013135,289,0,23,94,62,90,20,122,0,9,18,27,54,14,167,0,14,76,35,36,6
S01013136,389,4,11,104,99,158,13,215,3,2,24,56,117,13,174,1,9,80,43,41,0
S01013137,303,2,13,78,90,103,17,152,1,2,14,51,68,16,151,1,11,64,39,35,1
S01013138,250,0,13,76,58,91,12,114,0,1,18,25,58,12,136,0,12,58,33,33,0
S01013139,300,4,15,80,92,91,18,137,1,1,21,40,59,15,163,3,14,59,52,32,3
S01013140,300,2,18,74,73,120,13,137,1,4,17,33,72,10,163,1,14,57,40,48,3
S01013141,249,0,13,58,66,98,14,119,0,5,10,27,63,14,130,0,8,48,39,35,0
S01013142,256,2,9,61,62,104,18,110,0,2,10,20,64,14,146,2,7,51,42,40,4
S01013143,384,1,22,87,118,129,27,181,1,7,13,52,87,21,203,0,15,74,66,42,6
S01013144,377,5,27,85,120,122,18,188,2,6,16,62,89,13,189,3,21,69,58,33,5
S01013145,297,6,18,74,84,95,20,152,4,7,17,42,68,14,145,2,11,57,42,27,6
S01013146,190,1,5,45,54,69,16,93,0,1,13,22,43,14,97,1,4,32,32,26,2
S01013147,337,2,33,84,84,103,31,176,0,11,15,41,81,28,161,2,22,69,43,22,3
S01013148,384,0,14,66,112,160,32,179,0,4,12,50,92,21,205,0,10,54,62,68,11
S01013149,414,0,11,84,127,163,29,201,0,7,7,58,106,23,213,0,4,77,69,57,6
S01013150,377,2,29,90,93,142,21,177,1,7,16,40,92,21,200,1,22,74,53,50,0
S01013151,299,2,18,51,83,107,38,152,1,7,10,40,63,31,147,1,11,41,43,44,7
S01013152,424,4,30,91,104,159,36,214,1,9,20,42,110,32,210,3,21,71,62,49,4
S01013153,311,5,13,78,89,105,21,156,2,5,16,39,77,17,155,3,8,62,50,28,4
S01013154,428,3,22,133,97,152,21,193,1,8,29,39,100,16,235,2,14,104,58,52,5
S01013155,362,6,23,98,84,131,20,166,2,5,26,32,85,16,196,4,18,72,52,46,4
S01013156,336,3,16,105,85,112,15,159,2,9,30,38,71,9,177,1,7,75,47,41,6
S01013157,372,3,18,96,107,131,17,173,3,1,28,45,82,14,199,0,17,68,62,49,3
S01013158,293,2,12,68,78,102,31,152,0,5,13,37,75,22,141,2,7,55,41,27,9
S01013159,367,3,29,83,99,125,28,192,1,13,18,55,83,22,175,2,16,65,44,42,6
S01013160,396,4,32,95,94,143,28,191,3,8,14,43,101,22,205,1,24,81,51,42,6
S01013161,506,2,21,116,132,199,36,260,1,3,30,67,133,26,246,1,18,86,65,66,10
S01013162,339,3,14,74,119,112,17,170,2,4,19,58,75,12,169,1,10,55,61,37,5
S01013163,401,0,25,78,108,164,26,208,0,8,14,50,113,23,193,0,17,64,58,51,3
S01013164,448,3,30,98,104,167,46,243,2,10,27,55,115,34,205,1,20,71,49,52,12
S01013165,405,3,25,94,121,135,27,201,1,5,20,60,95,20,204,2,20,74,61,40,7
S01013166,246,2,14,60,58,99,13,134,2,8,16,30,67,11,112,0,6,44,28,32,2
S01013167,253,6,6,61,68,97,15,134,1,1,18,37,65,12,119,5,5,43,31,32,3
S01013168,344,2,25,86,88,125,18,172,0,6,18,47,83,18,172,2,19,68,41,42,0
S01013169,321,3,11,85,101,99,22,166,1,8,18,46,78,15,155,2,3,67,55,21,7
S01013170,199,1,12,43,50,78,15,109,1,3,11,27,53,14,90,0,9,32,23,25,1
S01013171,334,2,18,74,88,125,27,160,0,3,14,37,82,24,174,2,15,60,51,43,3
S01013172,348,1,16,83,101,130,17,157,0,2,12,44,86,13,191,1,14,71,57,44,4
S01013173,436,1,25,87,113,181,29,214,0,5,15,46,123,25,222,1,20,72,67,58,4
S01013174,458,1,26,95,109,175,52,233,0,6,20,45,121,41,225,1,20,75,64,54,11
S01013175,452,4,19,76,134,172,47,221,0,6,10,57,116,32,231,4,13,66,77,56,15
S01013176,371,0,25,60,110,141,35,183,0,5,13,46,87,32,188,0,20,47,64,54,3
S01013177,336,1,9,57,106,130,33,176,0,3,8,48,93,24,160,1,6,49,58,37,9
S01013178,380,1,20,76,101,151,31,184,1,7,15,44,94,23,196,0,13,61,57,57,8
S01013179,409,1,24,84,107,155,38,204,1,3,22,49,97,32,205,0,21,62,58,58,6
S01013180,253,1,12,61,78,81,20,125,0,6,16,35,51,17,128,1,6,45,43,30,3
S01013181,363,3,17,71,128,123,21,180,0,5,12,60,87,16,183,3,12,59,68,36,5
S01013182,310,2,24,59,94,109,22,163,1,11,9,50,77,15,147,1,13,50,44,32,7
S01013183,458,1,27,91,125,173,41,249,0,9,22,63,121,34,209,1,18,69,62,52,7
S01013184,213,0,9,62,66,66,10,101,0,3,14,31,44,9,112,0,6,48,35,22,1
S01013185,323,2,20,83,105,105,8,151,2,3,12,57,71,6,172,0,17,71,48,34,2
S01013186,293,4,19,68,92,92,18,139,2,2,9,44,66,16,154,2,17,59,48,26,2
S01013187,352,3,17,80,105,122,25,168,2,5,18,58,65,20,184,1,12,62,47,57,5
S01013188,469,5,25,96,147,169,27,235,3,6,14,74,114,24,234,2,19,82,73,55,3
S01013189,318,2,30,61,91,109,25,160,0,8,14,44,71,23,158,2,22,47,47,38,2
S01013190,378,1,28,87,109,126,27,189,0,10,22,55,83,19,189,1,18,65,54,43,8
S01013191,587,1,29,120,164,225,48,298,1,7,17,74,158,41,289,0,22,103,90,67,7
S01013192,447,2,27,89,141,151,37,219,1,11,20,68,93,26,228,1,16,69,73,58,11
S01013193,362,0,13,66,113,150,20,184,0,3,8,55,102,16,178,0,10,58,58,48,4
S01013194,328,1,25,60,91,120,31,177,1,9,16,45,81,25,151,0,16,44,46,39,6
S01013195,525,4,18,78,171,209,45,280,2,4,20,78,141,35,245,2,14,58,93,68,10
S01013196,389,1,16,66,107,156,43,210,0,2,18,59,92,39,179,1,14,48,48,64,4
S01013197,255,0,14,59,74,78,30,134,0,2,13,35,58,26,121,0,12,46,39,20,4
S01013198,340,2,20,60,100,130,28,170,1,9,12,36,88,24,170,1,11,48,64,42,4
S01013199,403,2,23,60,117,156,45,204,2,7,20,40,103,32,199,0,16,40,77,53,13
S01013200,306,0,20,69,78,112,27,151,0,8,16,36,73,18,155,0,12,53,42,39,9
S01013201,262,2,12,61,82,93,12,134,0,4,9,44,68,9,128,2,8,52,38,25,3
S01013202,205,4,15,45,67,63,11,103,1,4,12,30,47,9,102,3,11,33,37,16,2
S01013203,299,2,14,60,100,105,18,155,2,6,17,46,68,16,144,0,8,43,54,37,2
S01013204,422,4,33,62,108,180,35,209,1,8,10,44,114,32,213,3,25,52,64,66,3
S01013205,216,1,6,59,66,75,9,109,1,0,15,28,57,8,107,0,6,44,38,18,1
S01013206,255,5,11,63,60,97,19,133,1,4,18,27,69,14,122,4,7,45,33,28,5
S01013207,350,0,24,82,101,107,36,160,0,9,23,36,65,27,190,0,15,59,65,42,9
S01013208,389,3,16,94,97,148,31,193,2,6,18,44,98,25,196,1,10,76,53,50,6
S01013209,384,2,18,79,104,148,33,188,1,3,16,48,96,24,196,1,15,63,56,52,9
S01013210,317,0,24,65,98,95,35,165,0,5,16,48,69,27,152,0,19,49,50,26,8
S01013211,461,0,29,79,137,183,33,224,0,6,20,62,110,26,237,0,23,59,75,73,7
S01013212,380,3,23,68,120,136,30,201,3,11,12,55,94,26,179,0,12,56,65,42,4
S01013213,338,4,16,73,79,134,32,169,4,5,9,29,95,27,169,0,11,64,50,39,5
S01013214,273,4,11,43,85,102,28,143,1,5,9,38,68,22,130,3,6,34,47,34,6
S01013215,439,2,16,79,124,181,37,222,1,4,23,56,105,33,217,1,12,56,68,76,4
S01013216,265,1,11,70,64,103,16,132,0,4,16,26,72,14,133,1,7,54,38,31,2
S01013217,333,1,22,71,97,122,20,164,1,4,10,46,83,20,169,0,18,61,51,39,0
S01013218,239,0,10,67,60,91,11,113,0,3,17,31,53,9,126,0,7,50,29,38,2
S01013219,230,1,15,67,57,75,15,111,0,4,14,25,55,13,119,1,11,53,32,20,2
S01013220,248,0,16,66,63,81,22,129,0,5,10,38,57,19,119,0,11,56,25,24,3
S01013221,395,3,21,99,118,123,31,193,0,8,22,52,85,26,202,3,13,77,66,38,5
S01013222,216,1,8,61,50,85,11,99,0,1,11,23,58,6,117,1,7,50,27,27,5
S01013223,443,3,19,85,131,165,40,226,1,7,21,47,115,35,217,2,12,64,84,50,5
S01013224,415,2,25,80,122,154,32,204,0,6,15,49,111,23,211,2,19,65,73,43,9
S01013225,328,0,26,73,74,126,29,159,0,3,14,39,81,22,169,0,23,59,35,45,7
S01013226,287,1,11,59,82,106,28,138,0,5,9,33,67,24,149,1,6,50,49,39,4
S01013227,258,3,9,59,75,91,21,131,0,0,7,40,65,19,127,3,9,52,35,26,2
S01013228,357,1,22,69,96,150,19,186,1,8,19,41,102,15,171,0,14,50,55,48,4
S01013229,337,1,18,92,109,95,22,159,1,6,18,52,64,18,178,0,12,74,57,31,4
S01013230,282,4,16,54,86,98,24,143,1,5,7,40,73,17,139,3,11,47,46,25,7
S01013231,350,1,21,76,118,118,16,163,0,5,18,50,78,12,187,1,16,58,68,40,4
S01013232,295,1,15,59,93,110,17,151,0,4,21,45,70,11,144,1,11,38,48,40,6
S01013233,292,5,14,64,71,113,25,162,1,4,18,38,80,21,130,4,10,46,33,33,4
S01013234,235,1,17,51,58,78,30,123,1,5,11,30,52,24,112,0,12,40,28,26,6
S01013235,396,2,12,71,122,156,33,219,0,7,17,66,100,29,177,2,5,54,56,56,4
S01013236,396,2,18,101,79,149,47,202,0,5,20,41,96,40,194,2,13,81,38,53,7
S01013237,429,4,24,79,120,152,50,235,2,11,26,49,104,43,194,2,13,53,71,48,7
S01013238,258,0,18,66,74,81,19,126,0,4,10,36,61,15,132,0,14,56,38,20,4
S01013239,336,1,17,97,75,125,21,170,0,2,21,45,89,13,166,1,15,76,30,36,8
S01013240,204,1,14,60,45,71,13,101,0,7,14,25,42,13,103,1,7,46,20,29,0
S01013241,455,2,26,88,132,162,45,243,2,10,26,61,108,36,212,0,16,62,71,54,9
S01013242,299,2,21,67,43,107,59,158,1,5,14,17,74,47,141,1,16,53,26,33,12
S01013243,329,2,11,67,63,155,31,165,0,2,13,27,100,23,164,2,9,54,36,55,8
S01013244,284,0,10,60,67,126,21,147,0,2,11,35,81,18,137,0,8,49,32,45,3
S01013245,505,3,16,116,107,210,53,261,1,3,21,51,142,43,244,2,13,95,56,68,10
S01013246,240,0,12,40,47,116,25,127,0,3,7,18,79,20,113,0,9,33,29,37,5
S01013247,318,1,10,73,57,154,23,154,0,3,12,26,95,18,164,1,7,61,31,59,5
S01013248,265,1,14,64,61,110,15,129,1,4,14,29,70,11,136,0,10,50,32,40,4
S01013249,225,2,6,44,56,94,23,113,1,0,9,23,60,20,112,1,6,35,33,34,3
S01013250,471,3,25,95,78,184,86,252,0,10,22,39,116,65,219,3,15,73,39,68,21
S01013251,291,4,15,67,49,132,24,162,1,7,6,29,97,22,129,3,8,61,20,35,2
S01013252,314,1,16,67,51,145,34,170,0,8,14,28,93,27,144,1,8,53,23,52,7
S01013253,342,2,11,64,61,179,25,187,1,2,8,30,122,24,155,1,9,56,31,57,1
S01013254,263,2,8,64,49,120,20,139,1,0,11,27,85,15,124,1,8,53,22,35,5
S01013255,453,3,24,96,87,196,47,253,2,11,21,42,137,40,200,1,13,75,45,59,7
S01013256,349,2,19,64,69,138,57,177,1,4,11,37,83,41,172,1,15,53,32,55,16
S01013257,362,3,16,68,84,153,38,189,1,4,18,34,99,33,173,2,12,50,50,54,5
S01013258,391,1,30,75,80,160,45,208,0,7,19,35,115,32,183,1,23,56,45,45,13
S01013259,398,4,18,95,89,169,23,204,0,6,17,36,125,20,194,4,12,78,53,44,3
S01013260,385,4,18,70,82,182,29,187,1,4,15,34,118,15,198,3,14,55,48,64,14
S01013261,355,1,13,80,69,163,29,186,1,3,15,33,113,21,169,0,10,65,36,50,8
S01013262,289,2,7,68,49,137,26,145,2,2,18,19,83,21,144,0,5,50,30,54,5
S01013263,283,2,24,52,46,103,56,159,1,6,8,28,68,48,124,1,18,44,18,35,8
S01013264,292,6,22,72,57,106,29,152,1,7,15,26,80,23,140,5,15,57,31,26,6
S01013265,381,2,18,72,85,138,66,200,0,6,9,46,89,50,181,2,12,63,39,49,16
S01013266,333,2,11,67,77,129,47,168,0,5,17,31,76,39,165,2,6,50,46,53,8
S01013267,245,1,17,59,47,103,18,115,0,2,13,26,60,14,130,1,15,46,21,43,4
S01013268,423,4,18,101,88,177,35,214,1,5,19,39,123,27,209,3,13,82,49,54,8
S01013269,570,3,21,118,116,241,71,297,0,4,26,47,164,56,273,3,17,92,69,77,15
S01013270,468,4,22,83,97,204,58,234,1,3,9,40,133,48,234,3,19,74,57,71,10
S01013271,293,2,14,52,62,107,56,163,0,4,12,31,73,43,130,2,10,40,31,34,13
S01013272,421,6,28,68,86,174,59,224,3,5,12,40,116,48,197,3,23,56,46,58,11
S01013273,536,6,37,96,100,223,74,288,2,11,16,48,147,64,248,4,26,80,52,76,10
S01013274,449,4,13,61,116,206,49,249,3,6,14,47,144,35,200,1,7,47,69,62,14
S01013275,369,3,19,80,82,145,40,195,1,7,21,44,90,32,174,2,12,59,38,55,8
S01013276,378,4,22,61,81,182,28,203,2,9,13,40,113,26,175,2,13,48,41,69,2
S01013277,451,1,13,110,87,198,42,228,0,3,21,40,131,33,223,1,10,89,47,67,9
S01013278,352,0,21,89,80,142,20,169,0,3,18,40,91,17,183,0,18,71,40,51,3
S01013279,311,2,17,80,67,127,18,148,1,4,18,35,75,15,163,1,13,62,32,52,3
S01013280,272,1,13,62,56,111,29,144,0,2,11,31,78,22,128,1,11,51,25,33,7
S01013281,417,1,17,115,73,181,30,205,0,6,23,35,119,22,212,1,11,92,38,62,8
S01013282,384,6,20,84,97,157,20,181,1,4,14,45,103,14,203,5,16,70,52,54,6
S01013283,386,1,11,62,83,197,32,220,0,3,22,42,136,17,166,1,8,40,41,61,15
S01013284,419,2,12,76,112,175,42,208,0,0,17,55,105,31,211,2,12,59,57,70,11
S01013285,395,2,15,90,87,166,35,190,0,6,17,42,99,26,205,2,9,73,45,67,9
S01013286,408,4,22,74,107,173,28,204,1,7,22,53,104,17,204,3,15,52,54,69,11
S01013287,492,5,30,97,103,216,41,261,3,13,25,49,137,34,231,2,17,72,54,79,7
S01013288,309,0,13,59,77,120,40,157,0,3,12,32,82,28,152,0,10,47,45,38,12
S01013289,395,2,22,83,76,136,76,202,1,3,19,28,94,57,193,1,19,64,48,42,19
S01013290,491,3,22,112,138,182,34,244,0,3,28,59,125,29,247,3,19,84,79,57,5
S01013291,419,2,23,82,115,165,32,218,1,7,14,54,115,27,201,1,16,68,61,50,5
S01013292,438,1,36,84,87,181,49,229,0,11,23,44,116,35,209,1,25,61,43,65,14
S01013293,411,1,20,74,108,160,48,208,0,7,11,47,104,39,203,1,13,63,61,56,9
S01013294,418,1,30,87,109,163,28,210,0,12,15,53,107,23,208,1,18,72,56,56,5
S01013295,460,0,21,99,117,185,38,223,0,4,19,60,108,32,237,0,17,80,57,77,6
S01013296,318,2,14,75,70,134,23,158,2,2,9,23,100,22,160,0,12,66,47,34,1
S01013297,348,4,20,78,93,126,27,177,3,6,17,41,84,26,171,1,14,61,52,42,1
S01013298,323,3,23,70,68,119,40,171,0,6,16,28,86,35,152,3,17,54,40,33,5
S01013299,520,1,24,116,107,234,38,243,0,7,19,35,152,30,277,1,17,97,72,82,8
S01013300,269,0,10,48,40,129,42,149,0,4,8,21,84,32,120,0,6,40,19,45,10
S01013301,235,1,16,38,46,111,23,121,0,7,6,21,69,18,114,1,9,32,25,42,5
S01013302,333,2,16,55,69,140,51,181,0,7,13,35,86,40,152,2,9,42,34,54,11
S01013303,428,3,21,86,100,178,40,225,1,7,20,39,129,29,203,2,14,66,61,49,11
S01013304,434,2,16,102,79,205,30,233,1,5,25,34,145,23,201,1,11,77,45,60,7
S01013305,474,3,19,110,88,219,35,247,1,7,24,37,153,25,227,2,12,86,51,66,10
S01013306,377,1,17,91,71,164,33,207,0,4,20,41,111,31,170,1,13,71,30,53,2
S01013307,460,0,15,109,98,214,24,245,0,6,24,53,146,16,215,0,9,85,45,68,8
S01013308,367,1,17,112,54,162,21,169,0,3,25,17,105,19,198,1,14,87,37,57,2
S01013309,349,1,12,75,79,157,25,191,0,2,22,42,106,19,158,1,10,53,37,51,6
S01013310,317,0,7,67,77,141,25,164,0,1,10,36,94,23,153,0,6,57,41,47,2
S01013311,372,2,19,82,92,152,25,187,0,4,18,48,96,21,185,2,15,64,44,56,4
S01013312,471,1,25,82,104,226,33,259,1,4,22,58,144,30,212,0,21,60,46,82,3
S01013313,307,4,14,71,67,132,19,152,1,1,11,30,93,16,155,3,13,60,37,39,3
S01013314,307,2,14,77,57,139,18,148,0,3,14,24,92,15,159,2,11,63,33,47,3
S01013315,309,1,19,49,65,135,40,163,0,4,10,29,86,34,146,1,15,39,36,49,6
S01013316,319,1,22,57,73,128,38,161,0,3,15,32,80,31,158,1,19,42,41,48,7
S01013317,298,5,17,50,73,115,38,162,0,4,10,36,76,36,136,5,13,40,37,39,2
S01013318,356,0,23,56,95,157,25,184,0,6,8,45,103,22,172,0,17,48,50,54,3
S01013319,310,1,9,60,80,127,33,164,0,4,14,36,81,29,146,1,5,46,44,46,4
S01013320,604,1,23,108,133,284,55,309,1,6,16,60,181,45,295,0,17,92,73,103,10
S01013321,203,2,7,35,56,92,11,104,2,2,7,28,57,8,99,0,5,28,28,35,3
S01013322,388,4,30,90,103,135,26,194,3,5,26,47,93,20,194,1,25,64,56,42,6
S01013323,457,5,30,101,105,183,33,229,0,7,27,47,121,27,228,5,23,74,58,62,6
S01013324,280,0,16,68,59,119,18,150,0,5,14,30,84,17,130,0,11,54,29,35,1
S01013325,344,3,16,98,61,148,18,150,0,4,18,21,94,13,194,3,12,80,40,54,5
S01013326,240,1,13,51,53,107,15,120,0,1,17,24,66,12,120,1,12,34,29,41,3
S01013327,329,3,18,91,71,118,28,160,1,4,19,33,82,21,169,2,14,72,38,36,7
S01013328,287,3,13,77,46,128,20,149,1,4,17,22,89,16,138,2,9,60,24,39,4
S01013329,243,2,15,56,53,101,16,120,2,3,9,26,70,10,123,0,12,47,27,31,6
S01013330,664,2,30,107,168,295,62,359,0,7,25,79,194,54,305,2,23,82,89,101,8
S01013331,374,1,15,63,94,175,26,202,0,5,13,51,111,22,172,1,10,50,43,64,4
S01013332,328,2,15,90,65,139,17,163,0,3,19,29,100,12,165,2,12,71,36,39,5
S01013333,445,0,19,90,86,200,50,245,0,8,21,42,135,39,200,0,11,69,44,65,11
S01013334,350,2,23,79,72,153,21,176,0,8,12,38,103,15,174,2,15,67,34,50,6
S01013335,318,2,11,86,73,127,19,167,0,2,19,34,95,17,151,2,9,67,39,32,2
S01013336,372,4,15,77,89,157,30,183,2,4,11,35,107,24,189,2,11,66,54,50,6
S01013337,495,3,20,101,82,236,53,265,0,7,22,32,161,43,230,3,13,79,50,75,10
S01013338,298,1,23,52,64,123,35,164,0,8,7,41,81,27,134,1,15,45,23,42,8
S01013339,330,2,17,60,85,136,30,163,0,5,12,35,86,25,167,2,12,48,50,50,5
S01013340,450,5,25,76,105,192,47,227,1,7,14,50,117,38,223,4,18,62,55,75,9
S01013341,516,2,22,75,89,242,86,285,0,5,10,46,152,72,231,2,17,65,43,90,14
S01013342,294,1,11,76,59,123,24,163,1,3,16,31,90,22,131,0,8,60,28,33,2
S01013343,348,1,14,68,79,158,28,181,0,4,13,42,103,19,167,1,10,55,37,55,9
S01013344,311,0,9,71,74,139,18,164,0,1,13,39,96,15,147,0,8,58,35,43,3
S01013345,365,1,15,83,84,157,25,205,0,4,23,40,116,22,160,1,11,60,44,41,3
S01013346,471,3,26,103,106,182,51,242,1,11,23,47,117,43,229,2,15,80,59,65,8
S01013347,421,1,15,76,96,192,41,216,0,2,18,30,129,37,205,1,13,58,66,63,4
S01013348,274,0,10,53,65,111,35,140,0,2,12,31,68,27,134,0,8,41,34,43,8
S01013349,475,0,21,58,128,226,42,267,0,7,12,66,151,31,208,0,14,46,62,75,11
S01013350,355,5,12,74,82,161,21,185,0,2,18,44,104,17,170,5,10,56,38,57,4
S01013351,415,1,18,82,106,181,27,207,1,6,19,43,116,22,208,0,12,63,63,65,5
S01013352,466,3,33,91,95,208,36,236,0,10,23,36,135,32,230,3,23,68,59,73,4
S01013353,311,3,8,63,78,136,23,156,2,4,11,26,96,17,155,1,4,52,52,40,6
S01013354,400,2,15,71,93,182,37,201,0,4,12,33,122,30,199,2,11,59,60,60,7
S01013355,319,3,19,55,63,142,37,162,1,2,13,22,96,28,157,2,17,42,41,46,9
S01013356,326,2,21,75,49,144,35,161,1,4,14,22,89,31,165,1,17,61,27,55,4
S01013357,426,1,17,86,99,179,44,218,1,7,20,48,108,34,208,0,10,66,51,71,10
S01013358,397,0,16,76,96,179,30,205,0,6,15,43,115,26,192,0,10,61,53,64,4
S01013359,267,2,8,68,45,111,33,130,0,2,12,18,72,26,137,2,6,56,27,39,7
S01013360,294,2,13,65,60,131,23,147,0,7,12,24,90,14,147,2,6,53,36,41,9
S01013361,255,0,11,51,49,134,10,117,0,1,8,20,79,9,138,0,10,43,29,55,1
S01013362,199,2,7,37,39,105,9,98,0,1,4,18,68,7,101,2,6,33,21,37,2
S01013363,297,1,13,70,67,127,19,162,1,3,18,27,96,17,135,0,10,52,40,31,2
S01013364,460,1,18,79,83,227,52,251,0,3,16,46,148,38,209,1,15,63,37,79,14
S01013365,449,3,19,84,93,191,59,223,0,5,15,37,120,46,226,3,14,69,56,71,13
S01013366,507,3,30,113,118,195,48,258,2,10,22,64,120,40,249,1,20,91,54,75,8
S01013367,348,5,20,58,78,145,42,184,1,5,14,34,95,35,164,4,15,44,44,50,7
S01013368,368,2,22,73,67,167,37,192,0,7,18,29,107,31,176,2,15,55,38,60,6
S01013369,346,1,12,84,71,145,33,178,0,2,17,26,105,28,168,1,10,67,45,40,5
S01013370,231,0,13,54,56,96,12,123,0,4,6,37,66,10,108,0,9,48,19,30,2
S01013371,246,3,10,59,55,98,21,131,1,6,14,25,69,16,115,2,4,45,30,29,5
S01013372,416,2,30,112,71,172,29,206,1,7,23,34,114,27,210,1,23,89,37,58,2
S01013373,379,0,24,73,83,168,31,199,0,5,12,39,117,26,180,0,19,61,44,51,5
S01013374,332,2,14,92,62,138,24,156,1,5,6,33,92,19,176,1,9,86,29,46,5
S01013375,263,2,14,61,43,114,29,130,2,3,11,19,69,26,133,0,11,50,24,45,3
S01013376,248,1,8,65,46,116,12,132,0,1,17,25,82,7,116,1,7,48,21,34,5
S01013377,308,2,7,64,66,137,32,169,1,1,11,30,98,28,139,1,6,53,36,39,4
S01013378,461,3,29,87,101,199,42,233,0,8,18,39,136,32,228,3,21,69,62,63,10
S01013379,433,5,22,79,95,197,35,217,3,5,9,36,137,27,216,2,17,70,59,60,8
S01013380,53,0,3,7,9,19,15,32,0,0,4,2,13,13,21,0,3,3,7,6,2
S01013381,226,2,4,47,40,110,23,127,0,0,13,19,75,20,99,2,4,34,21,35,3
S01013382,304,5,16,48,55,143,37,170,2,4,12,25,97,30,134,3,12,36,30,46,7
S01013383,282,3,10,59,49,131,30,151,0,2,8,20,97,24,131,3,8,51,29,34,6
S01013384,330,1,14,63,73,155,24,166,1,0,14,33,99,19,164,0,14,49,40,56,5
S01013385,260,3,10,41,64,121,21,137,1,5,6,28,78,19,123,2,5,35,36,43,2
S01013386,464,6,21,77,114,202,44,234,0,7,12,50,135,30,230,6,14,65,64,67,14
S01013387,234,0,13,43,55,103,20,125,0,2,5,32,68,18,109,0,11,38,23,35,2
S01013388,319,2,18,63,75,130,31,164,1,4,12,27,93,27,155,1,14,51,48,37,4
S01013389,411,3,18,83,98,181,28,209,0,6,9,44,124,26,202,3,12,74,54,57,2
S01013390,228,1,9,38,46,118,16,123,0,3,8,25,77,10,105,1,6,30,21,41,6
S01013391,212,3,8,49,30,101,21,104,1,1,11,10,65,16,108,2,7,38,20,36,5
S01013392,475,5,13,74,103,223,57,243,1,0,10,44,141,47,232,4,13,64,59,82,10
S01013393,306,3,9,60,62,143,29,161,1,1,11,24,102,22,145,2,8,49,38,41,7
S01013394,278,0,11,61,57,116,33,147,0,4,11,29,76,27,131,0,7,50,28,40,6
S01013395,238,0,4,66,48,94,26,118,0,0,14,15,68,21,120,0,4,52,33,26,5
S01013396,439,2,13,60,99,210,55,228,0,2,11,43,131,41,211,2,11,49,56,79,14
S01013397,443,1,17,76,105,204,40,231,0,3,16,46,134,32,212,1,14,60,59,70,8
S01013398,350,4,12,57,78,158,41,184,1,2,5,31,110,35,166,3,10,52,47,48,6
S01013399,598,3,20,103,145,264,63,301,1,5,19,59,169,48,297,2,15,84,86,95,15
S01013400,345,1,11,61,74,166,32,186,0,3,13,30,117,23,159,1,8,48,44,49,9
S01013401,504,1,11,75,99,249,69,258,1,1,16,40,147,53,246,0,10,59,59,102,16
S01013402,668,2,21,87,164,316,78,347,2,4,12,66,211,52,321,0,17,75,98,105,26
S01013403,525,2,22,75,135,233,58,271,0,8,6,63,150,44,254,2,14,69,72,83,14
S01013404,317,4,7,53,66,130,57,156,0,0,8,27,76,45,161,4,7,45,39,54,12
S01013405,301,1,12,62,63,134,29,152,0,1,15,30,81,25,149,1,11,47,33,53,4
S01013406,267,1,11,60,50,126,19,126,0,3,14,22,74,13,141,1,8,46,28,52,6
S01013407,241,1,8,43,48,118,23,132,1,2,12,20,77,20,109,0,6,31,28,41,3
S01013408,259,2,17,56,47,116,21,131,0,7,6,23,75,20,128,2,10,50,24,41,1
S01013409,553,4,18,124,134,200,73,288,2,8,19,62,137,60,265,2,10,105,72,63,13
S01013410,275,1,10,76,50,125,13,137,0,3,18,22,83,11,138,1,7,58,28,42,2
S01013411,392,3,15,70,110,155,39,209,1,4,15,53,103,33,183,2,11,55,57,52,6
S01013412,395,1,26,72,88,172,36,198,0,13,12,31,115,27,197,1,13,60,57,57,9
S01013413,390,2,17,70,88,168,45,202,0,3,14,42,106,37,188,2,14,56,46,62,8
S01013414,376,0,9,55,94,182,36,196,0,5,11,42,111,27,180,0,4,44,52,71,9
S01013415,247,1,10,52,60,101,23,124,0,2,10,29,61,22,123,1,8,42,31,40,1
S01013416,268,1,14,46,76,110,21,142,0,4,9,37,71,21,126,1,10,37,39,39,0
S01013417,430,3,13,70,104,205,35,224,1,6,21,45,124,27,206,2,7,49,59,81,8
S01013418,313,4,16,46,86,134,27,170,0,8,5,42,95,20,143,4,8,41,44,39,7
S01013419,255,1,14,46,58,108,28,128,0,7,5,29,68,19,127,1,7,41,29,40,9
S01013420,311,1,12,43,88,136,31,154,0,2,7,44,76,25,157,1,10,36,44,60,6
S01013421,463,4,15,85,113,201,45,233,2,3,6,53,133,36,230,2,12,79,60,68,9
S01013422,367,3,30,89,82,138,25,179,2,12,16,36,93,20,188,1,18,73,46,45,5
S01013423,422,7,28,85,88,167,47,211,3,5,16,44,105,38,211,4,23,69,44,62,9
S01013424,274,1,15,61,57,111,29,141,0,8,11,22,77,23,133,1,7,50,35,34,6
S01013425,217,0,5,40,39,102,31,113,0,0,10,17,59,27,104,0,5,30,22,43,4
S01013426,363,1,20,85,85,143,29,180,0,6,17,33,98,26,183,1,14,68,52,45,3
S01013427,273,0,6,52,52,117,46,143,0,2,10,30,68,33,130,0,4,42,22,49,13
S01013428,428,4,17,82,95,193,37,235,1,2,20,51,130,31,193,3,15,62,44,63,6
S01013429,351,3,11,55,87,149,46,181,2,2,11,33,96,37,170,1,9,44,54,53,9
S01013430,370,2,14,64,81,155,54,190,1,4,11,34,95,45,180,1,10,53,47,60,9
S01013431,314,2,11,62,56,148,35,161,0,2,14,27,89,29,153,2,9,48,29,59,6
S01013432,365,0,19,66,69,145,66,181,0,3,19,19,91,49,184,0,16,47,50,54,17
S01013433,375,4,24,67,68,142,70,189,0,4,13,30,87,55,186,4,20,54,38,55,15
S01013434,297,3,14,62,43,94,81,160,3,0,12,22,61,62,137,0,14,50,21,33,19
S01013435,368,2,35,88,58,134,51,192,1,11,17,27,94,42,176,1,24,71,31,40,9
S01013436,432,2,28,110,86,160,46,210,0,6,24,31,110,39,222,2,22,86,55,50,7
S01013437,373,1,21,71,92,154,34,192,0,6,21,47,94,24,181,1,15,50,45,60,10
S01013438,260,2,14,68,47,104,25,127,0,2,17,19,71,18,133,2,12,51,28,33,7
S01013439,416,5,35,100,85,148,43,211,2,8,20,47,103,31,205,3,27,80,38,45,12
S01013440,486,4,32,112,105,178,55,254,1,10,24,51,122,46,232,3,22,88,54,56,9
S01013441,389,4,28,72,71,148,66,210,0,10,21,35,91,53,179,4,18,51,36,57,13
S01013442,438,5,26,87,106,175,39,215,1,7,13,47,122,25,223,4,19,74,59,53,14
S01013443,323,3,20,59,62,135,44,168,1,4,19,28,85,31,155,2,16,40,34,50,13
S01013444,469,2,22,88,90,213,54,228,1,4,20,39,133,31,241,1,18,68,51,80,23
S01013445,288,4,17,60,41,117,49,155,0,1,10,17,89,38,133,4,16,50,24,28,11
S01013446,330,3,22,74,72,142,17,170,0,4,12,35,106,13,160,3,18,62,37,36,4
S01013447,340,2,25,72,57,132,52,179,1,4,9,26,95,44,161,1,21,63,31,37,8
S01013448,368,1,21,72,78,155,41,194,0,4,13,45,104,28,174,1,17,59,33,51,13
S01013449,373,3,30,90,81,139,30,184,0,10,18,36,98,22,189,3,20,72,45,41,8
S01013450,347,3,28,66,81,137,32,176,1,6,15,45,87,22,171,2,22,51,36,50,10
S01013451,499,5,44,112,108,177,53,259,1,13,13,55,129,48,240,4,31,99,53,48,5
S01013452,417,7,29,75,87,157,62,221,0,7,13,43,114,44,196,7,22,62,44,43,18
S01013453,318,2,19,67,61,142,27,163,0,3,13,27,97,23,155,2,16,54,34,45,4
S01013454,410,5,24,61,74,185,61,218,2,6,10,30,121,49,192,3,18,51,44,64,12
S01013455,286,5,13,42,68,109,49,152,2,2,9,34,72,33,134,3,11,33,34,37,16
S01013456,365,0,27,50,84,174,30,182,0,8,12,30,108,24,183,0,19,38,54,66,6
S01013457,404,2,27,82,82,186,25,201,0,7,14,34,127,19,203,2,20,68,48,59,6
S01013458,380,1,21,60,93,151,54,207,1,6,14,50,89,47,173,0,15,46,43,62,7
S01013459,393,2,14,80,78,181,38,210,0,7,18,36,122,27,183,2,7,62,42,59,11
S01013460,375,0,18,80,73,175,29,185,0,4,17,30,110,24,190,0,14,63,43,65,5
S01013461,571,3,30,115,131,242,50,297,1,8,24,65,153,46,274,2,22,91,66,89,4
S01013462,515,3,29,73,128,236,46,262,1,9,12,61,137,42,253,2,20,61,67,99,4
S01013463,273,1,12,63,45,132,20,137,1,2,6,24,89,15,136,0,10,57,21,43,5
S01013464,362,8,23,55,76,164,36,179,1,6,14,35,97,26,183,7,17,41,41,67,10
S01013465,316,3,22,53,64,145,29,179,1,6,11,31,107,23,137,2,16,42,33,38,6
S01013466,174,0,20,31,18,61,44,104,0,13,10,6,41,34,70,0,7,21,12,20,10
S01013467,505,2,18,95,124,206,60,258,0,4,16,52,142,44,247,2,14,79,72,64,16
S01013468,308,6,17,61,60,133,31,152,2,4,10,31,82,23,156,4,13,51,29,51,8
S01013469,387,4,26,87,69,158,43,196,1,9,18,33,101,34,191,3,17,69,36,57,9
S01013470,342,1,18,71,59,166,27,173,0,8,11,19,116,19,169,1,10,60,40,50,8
S01013471,455,5,21,104,99,197,29,228,1,6,19,45,134,23,227,4,15,85,54,63,6
S01013472,356,1,10,79,71,150,45,189,0,3,13,34,104,35,167,1,7,66,37,46,10
S01013473,381,3,22,71,76,168,41,198,1,8,8,38,109,34,183,2,14,63,38,59,7
S01013474,349,3,8,70,86,149,33,175,0,0,10,38,102,25,174,3,8,60,48,47,8
S01013475,323,3,20,76,48,145,31,176,2,6,20,21,104,23,147,1,14,56,27,41,8
S01013476,318,2,9,68,83,131,25,158,1,3,17,29,83,25,160,1,6,51,54,48,0
S01013477,286,2,8,51,51,148,26,156,1,3,10,27,94,21,130,1,5,41,24,54,5
S01013478,459,3,21,99,86,207,43,240,0,6,18,38,141,37,219,3,15,81,48,66,6
S01013479,364,1,12,60,76,180,35,181,0,4,10,31,106,30,183,1,8,50,45,74,5
S01013480,294,1,10,59,34,164,26,151,0,1,11,14,103,22,143,1,9,48,20,61,4
S01013481,222,1,8,33,45,104,31,119,0,2,7,19,69,22,103,1,6,26,26,35,9
