,,All families in households,Couple family: Total,Couple family: Married or in a registered same-sex civil partnership: Total,Couple family: Married or in a registered same-sex civil partnership: No children or non step-family (all children belong to both members of the couple),Couple family: Married or in a registered same-sex civil partnership: Step-family,Couple family: Cohabiting couple: Total,Couple family: Cohabiting couple: No children or non step-family (all children belong to both members of the couple),Couple family: Cohabiting couple: Step-family,Lone parent family: Total,Lone parent family: Male parent,Lone parent family: Female parent
S92000003,All families in households,1495610,1204529,967350,928901,38449,237179,202835,34344,291081,37179,253902
S92000003,Families with no dependent children,881316,780081,633907,621014,12893,146174,138266,7908,101235,21197,80038
S92000003,Families with dependent children: Total,614294,424448,333443,307887,25556,91005,64569,26436,189846,15982,173864
S92000003,Families with dependent children: Youngest aged 0 to 4,235296,171356,120030,112752,7278,51326,42117,9209,63940,2685,61255
S92000003,Families with dependent children: Youngest aged 5 to 11,199808,133842,109521,100675,8846,24321,15431,8890,65966,5499,60467
S92000003,Families with dependent children: Youngest aged 12 to 18,179190,119250,103892,94460,9432,15358,7021,8337,59940,7798,52142
S01006506,All families in households,254,224,170,166,4,54,49,5,30,2,28
S01006506,Families with no dependent children,165,150,114,111,3,36,35,1,15,1,14
S01006506,Families with dependent children: Total,89,74,56,55,1,18,14,4,15,1,14
S01006506,Families with dependent children: Youngest aged 0 to 4,48,40,25,25,0,15,13,2,8,0,8
S01006506,Families with dependent children: Youngest aged 5 to 11,19,15,15,14,1,0,0,0,4,1,3
S01006506,Families with dependent children: Youngest aged 12 to 18,22,19,16,16,0,3,1,2,3,0,3
S01006507,All families in households,265,219,178,174,4,41,35,6,46,7,39
S01006507,Families with no dependent children,165,143,121,119,2,22,21,1,22,3,19
S01006507,Families with dependent children: Total,100,76,57,55,2,19,14,5,24,4,20
S01006507,Families with dependent children: Youngest aged 0 to 4,32,27,14,13,1,13,10,3,5,3,2
S01006507,Families with dependent children: Youngest aged 5 to 11,36,27,21,20,1,6,4,2,9,0,9
S01006507,Families with dependent children: Youngest aged 12 to 18,32,22,22,22,0,0,0,0,10,1,9
S01006508,All families in households,184,156,102,96,6,54,49,5,28,5,23
S01006508,Families with no dependent children,115,102,63,62,1,39,38,1,13,2,11
S01006508,Families with dependent children: Total,69,54,39,34,5,15,11,4,15,3,12
S01006508,Families with dependent children: Youngest aged 0 to 4,31,27,17,17,0,10,8,2,4,1,3
S01006508,Families with dependent children: Youngest aged 5 to 11,23,17,15,12,3,2,2,0,6,1,5
S01006508,Families with dependent children: Youngest aged 12 to 18,15,10,7,5,2,3,1,2,5,1,4
S01006509,All families in households,186,145,123,120,3,22,18,4,41,6,35
S01006509,Families with no dependent children,116,95,79,78,1,16,14,2,21,4,17
S01006509,Families with dependent children: Total,70,50,44,42,2,6,4,2,20,2,18
S01006509,Families with dependent children: Youngest aged 0 to 4,30,24,22,22,0,2,2,0,6,1,5
S01006509,Families with dependent children: Youngest aged 5 to 11,28,18,15,13,2,3,2,1,10,0,10
S01006509,Families with dependent children: Youngest aged 12 to 18,12,8,7,7,0,1,0,1,4,1,3
S01006510,All families in households,175,146,120,117,3,26,21,5,29,2,27
S01006510,Families with no dependent children,108,93,76,75,1,17,14,3,15,1,14
S01006510,Families with dependent children: Total,67,53,44,42,2,9,7,2,14,1,13
S01006510,Families with dependent children: Youngest aged 0 to 4,20,16,12,11,1,4,4,0,4,0,4
S01006510,Families with dependent children: Youngest aged 5 to 11,28,21,16,15,1,5,3,2,7,1,6
S01006510,Families with dependent children: Youngest aged 12 to 18,19,16,16,16,0,0,0,0,3,0,3
S01006511,All families in households,237,218,198,192,6,20,16,4,19,3,16
S01006511,Families with no dependent children,152,144,135,134,1,9,9,0,8,2,6
S01006511,Families with dependent children: Total,85,74,63,58,5,11,7,4,11,1,10
S01006511,Families with dependent children: Youngest aged 0 to 4,16,15,9,9,0,6,5,1,1,0,1
S01006511,Families with dependent children: Youngest aged 5 to 11,37,33,30,27,3,3,1,2,4,1,3
S01006511,Families with dependent children: Youngest aged 12 to 18,32,26,24,22,2,2,1,1,6,0,6
S01006512,All families in households,149,136,129,125,4,7,6,1,13,4,9
S01006512,Families with no dependent children,64,60,57,56,1,3,3,0,4,2,2
S01006512,Families with dependent children: Total,85,76,72,69,3,4,3,1,9,2,7
S01006512,Families with dependent children: Youngest aged 0 to 4,29,25,22,22,0,3,3,0,4,0,4
S01006512,Families with dependent children: Youngest aged 5 to 11,32,30,30,28,2,0,0,0,2,1,1
S01006512,Families with dependent children: Youngest aged 12 to 18,24,21,20,19,1,1,0,1,3,1,2
S01006513,All families in households,172,154,133,130,3,21,16,5,18,4,14
S01006513,Families with no dependent children,96,87,77,75,2,10,9,1,9,3,6
S01006513,Families with dependent children: Total,76,67,56,55,1,11,7,4,9,1,8
S01006513,Families with dependent children: Youngest aged 0 to 4,22,22,16,16,0,6,4,2,0,0,0
S01006513,Families with dependent children: Youngest aged 5 to 11,26,25,22,22,0,3,3,0,1,0,1
S01006513,Families with dependent children: Youngest aged 12 to 18,28,20,18,17,1,2,0,2,8,1,7
S01006514,All families in households,288,270,258,251,7,12,12,0,18,3,15
S01006514,Families with no dependent children,148,138,130,129,1,8,8,0,10,2,8
S01006514,Families with dependent children: Total,140,132,128,122,6,4,4,0,8,1,7
S01006514,Families with dependent children: Youngest aged 0 to 4,37,34,31,30,1,3,3,0,3,1,2
S01006514,Families with dependent children: Youngest aged 5 to 11,49,47,46,45,1,1,1,0,2,0,2
S01006514,Families with dependent children: Youngest aged 12 to 18,54,51,51,47,4,0,0,0,3,0,3
S01006515,All families in households,232,213,196,193,3,17,14,3,19,2,17
S01006515,Families with no dependent children,120,114,105,105,0,9,9,0,6,1,5
S01006515,Families with dependent children: Total,112,99,91,88,3,8,5,3,13,1,12
S01006515,Families with dependent children: Youngest aged 0 to 4,33,29,25,24,1,4,3,1,4,0,4
S01006515,Families with dependent children: Youngest aged 5 to 11,47,39,37,36,1,2,1,1,8,1,7
S01006515,Families with dependent children: Youngest aged 12 to 18,32,31,29,28,1,2,1,1,1,0,1
S01006516,All families in households,146,135,114,114,0,21,17,4,11,1,10
S01006516,Families with no dependent children,97,90,72,72,0,18,15,3,7,0,7
S01006516,Families with dependent children: Total,49,45,42,42,0,3,2,1,4,1,3
S01006516,Families with dependent children: Youngest aged 0 to 4,11,11,10,10,0,1,1,0,0,0,0
S01006516,Families with dependent children: Youngest aged 5 to 11,19,18,17,17,0,1,1,0,1,0,1
S01006516,Families with dependent children: Youngest aged 12 to 18,19,16,15,15,0,1,0,1,3,1,2
S01006517,All families in households,314,275,244,243,1,31,28,3,39,10,29
S01006517,Families with no dependent children,182,162,141,141,0,21,19,2,20,10,10
S01006517,Families with dependent children: Total,132,113,103,102,1,10,9,1,19,0,19
S01006517,Families with dependent children: Youngest aged 0 to 4,38,34,28,28,0,6,6,0,4,0,4
S01006517,Families with dependent children: Youngest aged 5 to 11,48,40,36,35,1,4,3,1,8,0,8
S01006517,Families with dependent children: Youngest aged 12 to 18,46,39,39,39,0,0,0,0,7,0,7
S01006518,All families in households,201,188,177,171,6,11,10,1,13,4,9
S01006518,Families with no dependent children,122,117,108,105,3,9,9,0,5,1,4
S01006518,Families with dependent children: Total,79,71,69,66,3,2,1,1,8,3,5
S01006518,Families with dependent children: Youngest aged 0 to 4,20,19,18,16,2,1,1,0,1,0,1
S01006518,Families with dependent children: Youngest aged 5 to 11,24,22,21,21,0,1,0,1,2,1,1
S01006518,Families with dependent children: Youngest aged 12 to 18,35,30,30,29,1,0,0,0,5,2,3
S01006519,All families in households,255,227,218,212,6,9,8,1,28,6,22
S01006519,Families with no dependent children,139,131,128,123,5,3,3,0,8,3,5
S01006519,Families with dependent children: Total,116,96,90,89,1,6,5,1,20,3,17
S01006519,Families with dependent children: Youngest aged 0 to 4,30,28,26,26,0,2,2,0,2,0,2
S01006519,Families with dependent children: Youngest aged 5 to 11,40,33,30,30,0,3,3,0,7,1,6
S01006519,Families with dependent children: Youngest aged 12 to 18,46,35,34,33,1,1,0,1,11,2,9
S01006520,All families in households,207,195,177,171,6,18,12,6,12,4,8
S01006520,Families with no dependent children,81,79,73,71,2,6,6,0,2,1,1
S01006520,Families with dependent children: Total,126,116,104,100,4,12,6,6,10,3,7
S01006520,Families with dependent children: Youngest aged 0 to 4,37,37,31,29,2,6,5,1,0,0,0
S01006520,Families with dependent children: Youngest aged 5 to 11,43,40,36,35,1,4,1,3,3,1,2
S01006520,Families with dependent children: Youngest aged 12 to 18,46,39,37,36,1,2,0,2,7,2,5
S01006521,All families in households,208,192,172,170,2,20,16,4,16,3,13
S01006521,Families with no dependent children,106,98,85,84,1,13,11,2,8,2,6
S01006521,Families with dependent children: Total,102,94,87,86,1,7,5,2,8,1,7
S01006521,Families with dependent children: Youngest aged 0 to 4,40,39,37,36,1,2,1,1,1,0,1
S01006521,Families with dependent children: Youngest aged 5 to 11,31,29,26,26,0,3,2,1,2,0,2
S01006521,Families with dependent children: Youngest aged 12 to 18,31,26,24,24,0,2,2,0,5,1,4
S01006522,All families in households,177,167,161,158,3,6,6,0,10,0,10
S01006522,Families with no dependent children,90,89,86,85,1,3,3,0,1,0,1
S01006522,Families with dependent children: Total,87,78,75,73,2,3,3,0,9,0,9
S01006522,Families with dependent children: Youngest aged 0 to 4,42,39,37,36,1,2,2,0,3,0,3
S01006522,Families with dependent children: Youngest aged 5 to 11,15,14,13,13,0,1,1,0,1,0,1
S01006522,Families with dependent children: Youngest aged 12 to 18,30,25,25,24,1,0,0,0,5,0,5
S01006523,All families in households,266,238,208,203,5,30,23,7,28,3,25
S01006523,Families with no dependent children,148,139,122,121,1,17,15,2,9,1,8
S01006523,Families with dependent children: Total,118,99,86,82,4,13,8,5,19,2,17
S01006523,Families with dependent children: Youngest aged 0 to 4,37,33,27,26,1,6,5,1,4,0,4
S01006523,Families with dependent children: Youngest aged 5 to 11,43,34,32,31,1,2,2,0,9,0,9
S01006523,Families with dependent children: Youngest aged 12 to 18,38,32,27,25,2,5,1,4,6,2,4
S01006524,All families in households,199,177,150,146,4,27,24,3,22,3,19
S01006524,Families with no dependent children,122,110,91,89,2,19,19,0,12,2,10
S01006524,Families with dependent children: Total,77,67,59,57,2,8,5,3,10,1,9
S01006524,Families with dependent children: Youngest aged 0 to 4,22,19,13,12,1,6,4,2,3,1,2
S01006524,Families with dependent children: Youngest aged 5 to 11,28,25,24,23,1,1,1,0,3,0,3
S01006524,Families with dependent children: Youngest aged 12 to 18,27,23,22,22,0,1,0,1,4,0,4
S01006525,All families in households,243,220,211,204,7,9,8,1,23,3,20
S01006525,Families with no dependent children,149,140,131,129,2,9,8,1,9,3,6
S01006525,Families with dependent children: Total,94,80,80,75,5,0,0,0,14,0,14
S01006525,Families with dependent children: Youngest aged 0 to 4,29,29,29,27,2,0,0,0,0,0,0
S01006525,Families with dependent children: Youngest aged 5 to 11,28,23,23,22,1,0,0,0,5,0,5
S01006525,Families with dependent children: Youngest aged 12 to 18,37,28,28,26,2,0,0,0,9,0,9
S01006526,All families in households,231,172,128,122,6,44,34,10,59,8,51
S01006526,Families with no dependent children,144,118,90,88,2,28,26,2,26,4,22
S01006526,Families with dependent children: Total,87,54,38,34,4,16,8,8,33,4,29
S01006526,Families with dependent children: Youngest aged 0 to 4,38,26,20,20,0,6,5,1,12,1,11
S01006526,Families with dependent children: Youngest aged 5 to 11,27,12,9,7,2,3,2,1,15,2,13
S01006526,Families with dependent children: Youngest aged 12 to 18,22,16,9,7,2,7,1,6,6,1,5
S01006527,All families in households,183,139,105,102,3,34,24,10,44,4,40
S01006527,Families with no dependent children,101,85,75,74,1,10,9,1,16,4,12
S01006527,Families with dependent children: Total,82,54,30,28,2,24,15,9,28,0,28
S01006527,Families with dependent children: Youngest aged 0 to 4,33,25,13,13,0,12,7,5,8,0,8
S01006527,Families with dependent children: Youngest aged 5 to 11,24,13,9,7,2,4,3,1,11,0,11
S01006527,Families with dependent children: Youngest aged 12 to 18,25,16,8,8,0,8,5,3,9,0,9
S01006528,All families in households,254,200,158,152,6,42,38,4,54,2,52
S01006528,Families with no dependent children,154,131,103,102,1,28,27,1,23,0,23
S01006528,Families with dependent children: Total,100,69,55,50,5,14,11,3,31,2,29
S01006528,Families with dependent children: Youngest aged 0 to 4,42,33,24,22,2,9,8,1,9,0,9
S01006528,Families with dependent children: Youngest aged 5 to 11,27,19,16,15,1,3,1,2,8,1,7
S01006528,Families with dependent children: Youngest aged 12 to 18,31,17,15,13,2,2,2,0,14,1,13
S01006529,All families in households,192,158,113,108,5,45,39,6,34,6,28
S01006529,Families with no dependent children,121,103,69,67,2,34,33,1,18,5,13
S01006529,Families with dependent children: Total,71,55,44,41,3,11,6,5,16,1,15
S01006529,Families with dependent children: Youngest aged 0 to 4,33,29,25,23,2,4,3,1,4,0,4
S01006529,Families with dependent children: Youngest aged 5 to 11,17,10,8,7,1,2,2,0,7,1,6
S01006529,Families with dependent children: Youngest aged 12 to 18,21,16,11,11,0,5,1,4,5,0,5
S01006530,All families in households,190,139,106,100,6,33,27,6,51,5,46
S01006530,Families with no dependent children,131,100,78,74,4,22,19,3,31,4,27
S01006530,Families with dependent children: Total,59,39,28,26,2,11,8,3,20,1,19
S01006530,Families with dependent children: Youngest aged 0 to 4,18,16,10,9,1,6,5,1,2,0,2
S01006530,Families with dependent children: Youngest aged 5 to 11,20,11,7,6,1,4,3,1,9,1,8
S01006530,Families with dependent children: Youngest aged 12 to 18,21,12,11,11,0,1,0,1,9,0,9
S01006531,All families in households,227,172,131,118,13,41,35,6,55,4,51
S01006531,Families with no dependent children,129,107,79,78,1,28,26,2,22,3,19
S01006531,Families with dependent children: Total,98,65,52,40,12,13,9,4,33,1,32
S01006531,Families with dependent children: Youngest aged 0 to 4,37,27,22,17,5,5,5,0,10,0,10
S01006531,Families with dependent children: Youngest aged 5 to 11,31,18,14,10,4,4,1,3,13,0,13
S01006531,Families with dependent children: Youngest aged 12 to 18,30,20,16,13,3,4,3,1,10,1,9
S01006532,All families in households,196,178,153,149,4,25,24,1,18,4,14
S01006532,Families with no dependent children,130,120,100,98,2,20,20,0,10,4,6
S01006532,Families with dependent children: Total,66,58,53,51,2,5,4,1,8,0,8
S01006532,Families with dependent children: Youngest aged 0 to 4,28,28,24,23,1,4,3,1,0,0,0
S01006532,Families with dependent children: Youngest aged 5 to 11,16,12,11,10,1,1,1,0,4,0,4
S01006532,Families with dependent children: Youngest aged 12 to 18,22,18,18,18,0,0,0,0,4,0,4
S01006533,All families in households,208,195,169,166,3,26,23,3,13,2,11
S01006533,Families with no dependent children,128,120,102,101,1,18,17,1,8,2,6
S01006533,Families with dependent children: Total,80,75,67,65,2,8,6,2,5,0,5
S01006533,Families with dependent children: Youngest aged 0 to 4,32,31,28,28,0,3,3,0,1,0,1
S01006533,Families with dependent children: Youngest aged 5 to 11,20,18,18,17,1,0,0,0,2,0,2
S01006533,Families with dependent children: Youngest aged 12 to 18,28,26,21,20,1,5,3,2,2,0,2
S01006534,All families in households,269,253,202,197,5,51,46,5,16,0,16
S01006534,Families with no dependent children,153,147,107,105,2,40,40,0,6,0,6
S01006534,Families with dependent children: Total,116,106,95,92,3,11,6,5,10,0,10
S01006534,Families with dependent children: Youngest aged 0 to 4,44,44,39,39,0,5,4,1,0,0,0
S01006534,Families with dependent children: Youngest aged 5 to 11,41,35,33,30,3,2,2,0,6,0,6
S01006534,Families with dependent children: Youngest aged 12 to 18,31,27,23,23,0,4,0,4,4,0,4
S01006535,All families in households,283,249,152,149,3,97,95,2,34,3,31
S01006535,Families with no dependent children,192,171,90,89,1,81,81,0,21,2,19
S01006535,Families with dependent children: Total,91,78,62,60,2,16,14,2,13,1,12
S01006535,Families with dependent children: Youngest aged 0 to 4,50,46,34,33,1,12,12,0,4,0,4
S01006535,Families with dependent children: Youngest aged 5 to 11,22,15,12,12,0,3,2,1,7,1,6
S01006535,Families with dependent children: Youngest aged 12 to 18,19,17,16,15,1,1,0,1,2,0,2
S01006536,All families in households,246,226,122,120,2,104,103,1,20,3,17
S01006536,Families with no dependent children,169,158,69,69,0,89,89,0,11,2,9
S01006536,Families with dependent children: Total,77,68,53,51,2,15,14,1,9,1,8
S01006536,Families with dependent children: Youngest aged 0 to 4,44,42,31,31,0,11,10,1,2,0,2
S01006536,Families with dependent children: Youngest aged 5 to 11,16,12,9,9,0,3,3,0,4,0,4
S01006536,Families with dependent children: Youngest aged 12 to 18,17,14,13,11,2,1,1,0,3,1,2
S01006537,All families in households,240,223,211,209,2,12,9,3,17,5,12
S01006537,Families with no dependent children,160,148,142,141,1,6,6,0,12,3,9
S01006537,Families with dependent children: Total,80,75,69,68,1,6,3,3,5,2,3
S01006537,Families with dependent children: Youngest aged 0 to 4,29,28,25,24,1,3,1,2,1,1,0
S01006537,Families with dependent children: Youngest aged 5 to 11,25,23,21,21,0,2,2,0,2,1,1
S01006537,Families with dependent children: Youngest aged 12 to 18,26,24,23,23,0,1,0,1,2,0,2
S01006538,All families in households,188,171,146,141,5,25,21,4,17,3,14
S01006538,Families with no dependent children,129,118,97,96,1,21,18,3,11,2,9
S01006538,Families with dependent children: Total,59,53,49,45,4,4,3,1,6,1,5
S01006538,Families with dependent children: Youngest aged 0 to 4,24,23,19,18,1,4,3,1,1,0,1
S01006538,Families with dependent children: Youngest aged 5 to 11,23,20,20,18,2,0,0,0,3,1,2
S01006538,Families with dependent children: Youngest aged 12 to 18,12,10,10,9,1,0,0,0,2,0,2
S01006539,All families in households,217,199,160,157,3,39,37,2,18,2,16
S01006539,Families with no dependent children,135,127,98,98,0,29,28,1,8,2,6
S01006539,Families with dependent children: Total,82,72,62,59,3,10,9,1,10,0,10
S01006539,Families with dependent children: Youngest aged 0 to 4,32,30,24,23,1,6,6,0,2,0,2
S01006539,Families with dependent children: Youngest aged 5 to 11,25,19,17,17,0,2,2,0,6,0,6
S01006539,Families with dependent children: Youngest aged 12 to 18,25,23,21,19,2,2,1,1,2,0,2
S01006540,All families in households,288,274,234,229,5,40,37,3,14,4,10
S01006540,Families with no dependent children,186,178,150,149,1,28,28,0,8,4,4
S01006540,Families with dependent children: Total,102,96,84,80,4,12,9,3,6,0,6
S01006540,Families with dependent children: Youngest aged 0 to 4,45,44,36,36,0,8,6,2,1,0,1
S01006540,Families with dependent children: Youngest aged 5 to 11,31,29,27,25,2,2,2,0,2,0,2
S01006540,Families with dependent children: Youngest aged 12 to 18,26,23,21,19,2,2,1,1,3,0,3
S01006541,All families in households,230,218,187,181,6,31,30,1,12,2,10
S01006541,Families with no dependent children,151,144,121,119,2,23,23,0,7,2,5
S01006541,Families with dependent children: Total,79,74,66,62,4,8,7,1,5,0,5
S01006541,Families with dependent children: Youngest aged 0 to 4,46,45,39,37,2,6,6,0,1,0,1
S01006541,Families with dependent children: Youngest aged 5 to 11,15,13,11,10,1,2,1,1,2,0,2
S01006541,Families with dependent children: Youngest aged 12 to 18,18,16,16,15,1,0,0,0,2,0,2
S01006542,All families in households,318,292,255,250,5,37,33,4,26,4,22
S01006542,Families with no dependent children,224,210,183,181,2,27,26,1,14,3,11
S01006542,Families with dependent children: Total,94,82,72,69,3,10,7,3,12,1,11
S01006542,Families with dependent children: Youngest aged 0 to 4,37,35,29,29,0,6,4,2,2,0,2
S01006542,Families with dependent children: Youngest aged 5 to 11,29,24,22,21,1,2,2,0,5,0,5
S01006542,Families with dependent children: Youngest aged 12 to 18,28,23,21,19,2,2,1,1,5,1,4
S01006543,All families in households,256,240,217,212,5,23,20,3,16,1,15
S01006543,Families with no dependent children,175,166,154,152,2,12,12,0,9,1,8
S01006543,Families with dependent children: Total,81,74,63,60,3,11,8,3,7,0,7
S01006543,Families with dependent children: Youngest aged 0 to 4,31,30,24,22,2,6,5,1,1,0,1
S01006543,Families with dependent children: Youngest aged 5 to 11,24,20,18,17,1,2,1,1,4,0,4
S01006543,Families with dependent children: Youngest aged 12 to 18,26,24,21,21,0,3,2,1,2,0,2
S01006544,All families in households,295,268,218,213,5,50,49,1,27,10,17
S01006544,Families with no dependent children,197,182,138,136,2,44,43,1,15,7,8
S01006544,Families with dependent children: Total,98,86,80,77,3,6,6,0,12,3,9
S01006544,Families with dependent children: Youngest aged 0 to 4,46,44,38,37,1,6,6,0,2,0,2
S01006544,Families with dependent children: Youngest aged 5 to 11,30,25,25,25,0,0,0,0,5,1,4
S01006544,Families with dependent children: Youngest aged 12 to 18,22,17,17,15,2,0,0,0,5,2,3
S01006545,All families in households,286,263,219,215,4,44,41,3,23,6,17
S01006545,Families with no dependent children,197,187,153,150,3,34,34,0,10,2,8
S01006545,Families with dependent children: Total,89,76,66,65,1,10,7,3,13,4,9
S01006545,Families with dependent children: Youngest aged 0 to 4,46,42,36,36,0,6,5,1,4,1,3
S01006545,Families with dependent children: Youngest aged 5 to 11,22,19,17,17,0,2,1,1,3,2,1
S01006545,Families with dependent children: Youngest aged 12 to 18,21,15,13,12,1,2,1,1,6,1,5
S01006546,All families in households,186,177,158,151,7,19,14,5,9,2,7
S01006546,Families with no dependent children,110,107,97,95,2,10,9,1,3,1,2
S01006546,Families with dependent children: Total,76,70,61,56,5,9,5,4,6,1,5
S01006546,Families with dependent children: Youngest aged 0 to 4,22,22,18,18,0,4,4,0,0,0,0
S01006546,Families with dependent children: Youngest aged 5 to 11,25,22,20,19,1,2,1,1,3,0,3
S01006546,Families with dependent children: Youngest aged 12 to 18,29,26,23,19,4,3,0,3,3,1,2
S01006547,All families in households,259,223,190,186,4,33,31,2,36,6,30
S01006547,Families with no dependent children,168,150,131,129,2,19,19,0,18,3,15
S01006547,Families with dependent children: Total,91,73,59,57,2,14,12,2,18,3,15
S01006547,Families with dependent children: Youngest aged 0 to 4,32,26,21,20,1,5,5,0,6,1,5
S01006547,Families with dependent children: Youngest aged 5 to 11,38,33,27,26,1,6,4,2,5,1,4
S01006547,Families with dependent children: Youngest aged 12 to 18,21,14,11,11,0,3,3,0,7,1,6
S01006548,All families in households,240,227,210,205,5,17,15,2,13,1,12
S01006548,Families with no dependent children,167,156,146,146,0,10,10,0,11,1,10
S01006548,Families with dependent children: Total,73,71,64,59,5,7,5,2,2,0,2
S01006548,Families with dependent children: Youngest aged 0 to 4,24,23,21,21,0,2,2,0,1,0,1
S01006548,Families with dependent children: Youngest aged 5 to 11,21,20,18,17,1,2,2,0,1,0,1
S01006548,Families with dependent children: Youngest aged 12 to 18,28,28,25,21,4,3,1,2,0,0,0
S01006549,All families in households,256,243,206,200,6,37,33,4,13,5,8
S01006549,Families with no dependent children,178,169,143,142,1,26,24,2,9,4,5
S01006549,Families with dependent children: Total,78,74,63,58,5,11,9,2,4,1,3
S01006549,Families with dependent children: Youngest aged 0 to 4,32,30,24,22,2,6,6,0,2,0,2
S01006549,Families with dependent children: Youngest aged 5 to 11,20,20,17,17,0,3,2,1,0,0,0
S01006549,Families with dependent children: Youngest aged 12 to 18,26,24,22,19,3,2,1,1,2,1,1
S01006550,All families in households,310,292,260,256,4,32,28,4,18,3,15
S01006550,Families with no dependent children,215,204,183,181,2,21,21,0,11,2,9
S01006550,Families with dependent children: Total,95,88,77,75,2,11,7,4,7,1,6
S01006550,Families with dependent children: Youngest aged 0 to 4,35,34,28,28,0,6,6,0,1,0,1
S01006550,Families with dependent children: Youngest aged 5 to 11,21,18,17,16,1,1,1,0,3,0,3
S01006550,Families with dependent children: Youngest aged 12 to 18,39,36,32,31,1,4,0,4,3,1,2
S01006551,All families in households,167,134,105,102,3,29,26,3,33,9,24
S01006551,Families with no dependent children,95,86,70,70,0,16,16,0,9,2,7
S01006551,Families with dependent children: Total,72,48,35,32,3,13,10,3,24,7,17
S01006551,Families with dependent children: Youngest aged 0 to 4,24,22,13,12,1,9,7,2,2,0,2
S01006551,Families with dependent children: Youngest aged 5 to 11,22,14,11,9,2,3,2,1,8,4,4
S01006551,Families with dependent children: Youngest aged 12 to 18,26,12,11,11,0,1,1,0,14,3,11
S01006552,All families in households,270,224,185,178,7,39,38,1,46,9,37
S01006552,Families with no dependent children,179,156,124,122,2,32,32,0,23,6,17
S01006552,Families with dependent children: Total,91,68,61,56,5,7,6,1,23,3,20
S01006552,Families with dependent children: Youngest aged 0 to 4,34,30,27,27,0,3,2,1,4,0,4
S01006552,Families with dependent children: Youngest aged 5 to 11,20,13,11,10,1,2,2,0,7,2,5
S01006552,Families with dependent children: Youngest aged 12 to 18,37,25,23,19,4,2,2,0,12,1,11
S01006553,All families in households,241,217,184,181,3,33,29,4,24,1,23
S01006553,Families with no dependent children,158,151,129,127,2,22,21,1,7,1,6
S01006553,Families with dependent children: Total,83,66,55,54,1,11,8,3,17,0,17
S01006553,Families with dependent children: Youngest aged 0 to 4,27,24,20,19,1,4,4,0,3,0,3
S01006553,Families with dependent children: Youngest aged 5 to 11,27,21,17,17,0,4,3,1,6,0,6
S01006553,Families with dependent children: Youngest aged 12 to 18,29,21,18,18,0,3,1,2,8,0,8
S01006554,All families in households,218,188,146,144,2,42,38,4,30,5,25
S01006554,Families with no dependent children,151,142,109,109,0,33,29,4,9,3,6
S01006554,Families with dependent children: Total,67,46,37,35,2,9,9,0,21,2,19
S01006554,Families with dependent children: Youngest aged 0 to 4,28,23,16,15,1,7,7,0,5,1,4
S01006554,Families with dependent children: Youngest aged 5 to 11,25,15,14,13,1,1,1,0,10,0,10
S01006554,Families with dependent children: Youngest aged 12 to 18,14,8,7,7,0,1,1,0,6,1,5
S01006555,All families in households,205,148,101,96,5,47,40,7,57,4,53
S01006555,Families with no dependent children,95,85,58,57,1,27,27,0,10,0,10
S01006555,Families with dependent children: Total,110,63,43,39,4,20,13,7,47,4,43
S01006555,Families with dependent children: Youngest aged 0 to 4,52,36,23,21,2,13,10,3,16,0,16
S01006555,Families with dependent children: Youngest aged 5 to 11,31,20,14,12,2,6,3,3,11,1,10
S01006555,Families with dependent children: Youngest aged 12 to 18,27,7,6,6,0,1,0,1,20,3,17
S01006556,All families in households,250,196,157,152,5,39,29,10,54,9,45
S01006556,Families with no dependent children,161,136,118,114,4,18,16,2,25,7,18
S01006556,Families with dependent children: Total,89,60,39,38,1,21,13,8,29,2,27
S01006556,Families with dependent children: Youngest aged 0 to 4,43,34,22,22,0,12,10,2,9,0,9
S01006556,Families with dependent children: Youngest aged 5 to 11,28,16,10,10,0,6,3,3,12,1,11
S01006556,Families with dependent children: Youngest aged 12 to 18,18,10,7,6,1,3,0,3,8,1,7
S01006557,All families in households,200,148,108,99,9,40,32,8,52,8,44
S01006557,Families with no dependent children,118,97,73,70,3,24,22,2,21,4,17
S01006557,Families with dependent children: Total,82,51,35,29,6,16,10,6,31,4,27
S01006557,Families with dependent children: Youngest aged 0 to 4,35,27,17,15,2,10,6,4,8,1,7
S01006557,Families with dependent children: Youngest aged 5 to 11,20,14,9,7,2,5,3,2,6,2,4
S01006557,Families with dependent children: Youngest aged 12 to 18,27,10,9,7,2,1,1,0,17,1,16
S01006558,All families in households,157,145,96,93,3,49,46,3,12,3,9
S01006558,Families with no dependent children,111,103,63,61,2,40,40,0,8,3,5
S01006558,Families with dependent children: Total,46,42,33,32,1,9,6,3,4,0,4
S01006558,Families with dependent children: Youngest aged 0 to 4,19,18,12,12,0,6,5,1,1,0,1
S01006558,Families with dependent children: Youngest aged 5 to 11,12,10,9,9,0,1,1,0,2,0,2
S01006558,Families with dependent children: Youngest aged 12 to 18,15,14,12,11,1,2,0,2,1,0,1
S01006559,All families in households,170,155,127,122,5,28,24,4,15,1,14
S01006559,Families with no dependent children,96,91,70,70,0,21,21,0,5,0,5
S01006559,Families with dependent children: Total,74,64,57,52,5,7,3,4,10,1,9
S01006559,Families with dependent children: Youngest aged 0 to 4,25,22,19,14,5,3,3,0,3,1,2
S01006559,Families with dependent children: Youngest aged 5 to 11,25,22,18,18,0,4,0,4,3,0,3
S01006559,Families with dependent children: Youngest aged 12 to 18,24,20,20,20,0,0,0,0,4,0,4
S01006560,All families in households,263,239,210,205,5,29,28,1,24,4,20
S01006560,Families with no dependent children,137,127,103,102,1,24,24,0,10,2,8
S01006560,Families with dependent children: Total,126,112,107,103,4,5,4,1,14,2,12
S01006560,Families with dependent children: Youngest aged 0 to 4,47,45,42,42,0,3,3,0,2,0,2
S01006560,Families with dependent children: Youngest aged 5 to 11,38,35,34,32,2,1,1,0,3,1,2
S01006560,Families with dependent children: Youngest aged 12 to 18,41,32,31,29,2,1,0,1,9,1,8
S01006561,All families in households,227,204,176,171,5,28,21,7,23,2,21
S01006561,Families with no dependent children,129,121,102,102,0,19,16,3,8,1,7
S01006561,Families with dependent children: Total,98,83,74,69,5,9,5,4,15,1,14
S01006561,Families with dependent children: Youngest aged 0 to 4,32,31,28,26,2,3,1,2,1,0,1
S01006561,Families with dependent children: Youngest aged 5 to 11,32,23,20,20,0,3,3,0,9,1,8
S01006561,Families with dependent children: Youngest aged 12 to 18,34,29,26,23,3,3,1,2,5,0,5
S01006562,All families in households,204,179,153,146,7,26,23,3,25,4,21
S01006562,Families with no dependent children,130,124,106,101,5,18,17,1,6,2,4
S01006562,Families with dependent children: Total,74,55,47,45,2,8,6,2,19,2,17
S01006562,Families with dependent children: Youngest aged 0 to 4,21,19,15,14,1,4,3,1,2,0,2
S01006562,Families with dependent children: Youngest aged 5 to 11,30,22,19,19,0,3,3,0,8,0,8
S01006562,Families with dependent children: Youngest aged 12 to 18,23,14,13,12,1,1,0,1,9,2,7
S01006563,All families in households,231,207,176,172,4,31,27,4,24,6,18
S01006563,Families with no dependent children,134,122,102,100,2,20,20,0,12,1,11
S01006563,Families with dependent children: Total,97,85,74,72,2,11,7,4,12,5,7
S01006563,Families with dependent children: Youngest aged 0 to 4,43,42,38,38,0,4,4,0,1,0,1
S01006563,Families with dependent children: Youngest aged 5 to 11,27,22,17,16,1,5,3,2,5,3,2
S01006563,Families with dependent children: Youngest aged 12 to 18,27,21,19,18,1,2,0,2,6,2,4
S01006564,All families in households,213,155,91,87,4,64,60,4,58,5,53
S01006564,Families with no dependent children,140,114,61,58,3,53,53,0,26,4,22
S01006564,Families with dependent children: Total,73,41,30,29,1,11,7,4,32,1,31
S01006564,Families with dependent children: Youngest aged 0 to 4,32,22,17,17,0,5,5,0,10,0,10
S01006564,Families with dependent children: Youngest aged 5 to 11,17,10,7,7,0,3,2,1,7,0,7
S01006564,Families with dependent children: Youngest aged 12 to 18,24,9,6,5,1,3,0,3,15,1,14
S01006565,All families in households,153,138,75,74,1,63,62,1,15,4,11
S01006565,Families with no dependent children,119,113,60,60,0,53,53,0,6,3,3
S01006565,Families with dependent children: Total,34,25,15,14,1,10,9,1,9,1,8
S01006565,Families with dependent children: Youngest aged 0 to 4,22,19,13,12,1,6,6,0,3,0,3
S01006565,Families with dependent children: Youngest aged 5 to 11,7,4,1,1,0,3,2,1,3,1,2
S01006565,Families with dependent children: Youngest aged 12 to 18,5,2,1,1,0,1,1,0,3,0,3
S01006566,All families in households,177,155,91,90,1,64,62,2,22,4,18
S01006566,Families with no dependent children,130,118,60,59,1,58,58,0,12,3,9
S01006566,Families with dependent children: Total,47,37,31,31,0,6,4,2,10,1,9
S01006566,Families with dependent children: Youngest aged 0 to 4,22,18,15,15,0,3,2,1,4,0,4
S01006566,Families with dependent children: Youngest aged 5 to 11,17,15,12,12,0,3,2,1,2,0,2
S01006566,Families with dependent children: Youngest aged 12 to 18,8,4,4,4,0,0,0,0,4,1,3
S01006567,All families in households,153,130,67,67,0,63,62,1,23,1,22
S01006567,Families with no dependent children,122,114,52,52,0,62,61,1,8,1,7
S01006567,Families with dependent children: Total,31,16,15,15,0,1,1,0,15,0,15
S01006567,Families with dependent children: Youngest aged 0 to 4,15,9,8,8,0,1,1,0,6,0,6
S01006567,Families with dependent children: Youngest aged 5 to 11,8,4,4,4,0,0,0,0,4,0,4
S01006567,Families with dependent children: Youngest aged 12 to 18,8,3,3,3,0,0,0,0,5,0,5
S01006568,All families in households,204,195,91,90,1,104,104,0,9,0,9
S01006568,Families with no dependent children,164,161,64,63,1,97,97,0,3,0,3
S01006568,Families with dependent children: Total,40,34,27,27,0,7,7,0,6,0,6
S01006568,Families with dependent children: Youngest aged 0 to 4,24,24,18,18,0,6,6,0,0,0,0
S01006568,Families with dependent children: Youngest aged 5 to 11,7,6,5,5,0,1,1,0,1,0,1
S01006568,Families with dependent children: Youngest aged 12 to 18,9,4,4,4,0,0,0,0,5,0,5
S01006569,All families in households,135,122,77,76,1,45,44,1,13,1,12
S01006569,Families with no dependent children,83,76,40,40,0,36,36,0,7,1,6
S01006569,Families with dependent children: Total,52,46,37,36,1,9,8,1,6,0,6
S01006569,Families with dependent children: Youngest aged 0 to 4,28,28,20,19,1,8,7,1,0,0,0
S01006569,Families with dependent children: Youngest aged 5 to 11,7,6,6,6,0,0,0,0,1,0,1
S01006569,Families with dependent children: Youngest aged 12 to 18,17,12,11,11,0,1,1,0,5,0,5
S01006570,All families in households,205,187,139,136,3,48,42,6,18,3,15
S01006570,Families with no dependent children,115,107,74,72,2,33,33,0,8,3,5
S01006570,Families with dependent children: Total,90,80,65,64,1,15,9,6,10,0,10
S01006570,Families with dependent children: Youngest aged 0 to 4,42,39,33,32,1,6,6,0,3,0,3
S01006570,Families with dependent children: Youngest aged 5 to 11,22,21,20,20,0,1,1,0,1,0,1
S01006570,Families with dependent children: Youngest aged 12 to 18,26,20,12,12,0,8,2,6,6,0,6
S01006571,All families in households,238,218,173,170,3,45,42,3,20,2,18
S01006571,Families with no dependent children,150,139,101,100,1,38,37,1,11,2,9
S01006571,Families with dependent children: Total,88,79,72,70,2,7,5,2,9,0,9
S01006571,Families with dependent children: Youngest aged 0 to 4,42,38,34,34,0,4,3,1,4,0,4
S01006571,Families with dependent children: Youngest aged 5 to 11,31,28,27,26,1,1,1,0,3,0,3
S01006571,Families with dependent children: Youngest aged 12 to 18,15,13,11,10,1,2,1,1,2,0,2
S01006572,All families in households,265,245,222,219,3,23,20,3,20,4,16
S01006572,Families with no dependent children,141,131,115,115,0,16,15,1,10,2,8
S01006572,Families with dependent children: Total,124,114,107,104,3,7,5,2,10,2,8
S01006572,Families with dependent children: Youngest aged 0 to 4,42,41,35,35,0,6,5,1,1,0,1
S01006572,Families with dependent children: Youngest aged 5 to 11,41,38,38,36,2,0,0,0,3,1,2
S01006572,Families with dependent children: Youngest aged 12 to 18,41,35,34,33,1,1,0,1,6,1,5
S01006573,All families in households,203,185,156,153,3,29,27,2,18,1,17
S01006573,Families with no dependent children,101,93,70,70,0,23,23,0,8,1,7
S01006573,Families with dependent children: Total,102,92,86,83,3,6,4,2,10,0,10
S01006573,Families with dependent children: Youngest aged 0 to 4,27,27,24,24,0,3,2,1,0,0,0
S01006573,Families with dependent children: Youngest aged 5 to 11,38,36,35,34,1,1,1,0,2,0,2
S01006573,Families with dependent children: Youngest aged 12 to 18,37,29,27,25,2,2,1,1,8,0,8
S01006574,All families in households,272,247,211,204,7,36,32,4,25,5,20
S01006574,Families with no dependent children,157,143,114,113,1,29,29,0,14,3,11
S01006574,Families with dependent children: Total,115,104,97,91,6,7,3,4,11,2,9
S01006574,Families with dependent children: Youngest aged 0 to 4,41,40,39,38,1,1,1,0,1,0,1
S01006574,Families with dependent children: Youngest aged 5 to 11,36,33,30,28,2,3,1,2,3,1,2
S01006574,Families with dependent children: Youngest aged 12 to 18,38,31,28,25,3,3,1,2,7,1,6
S01006575,All families in households,252,225,174,168,6,51,47,4,27,3,24
S01006575,Families with no dependent children,134,125,89,86,3,36,36,0,9,1,8
S01006575,Families with dependent children: Total,118,100,85,82,3,15,11,4,18,2,16
S01006575,Families with dependent children: Youngest aged 0 to 4,44,41,30,29,1,11,8,3,3,1,2
S01006575,Families with dependent children: Youngest aged 5 to 11,36,33,29,28,1,4,3,1,3,0,3
S01006575,Families with dependent children: Youngest aged 12 to 18,38,26,26,25,1,0,0,0,12,1,11
S01006576,All families in households,190,174,138,133,5,36,30,6,16,3,13
S01006576,Families with no dependent children,97,91,67,65,2,24,24,0,6,1,5
S01006576,Families with dependent children: Total,93,83,71,68,3,12,6,6,10,2,8
S01006576,Families with dependent children: Youngest aged 0 to 4,35,35,30,29,1,5,3,2,0,0,0
S01006576,Families with dependent children: Youngest aged 5 to 11,33,27,23,23,0,4,2,2,6,1,5
S01006576,Families with dependent children: Youngest aged 12 to 18,25,21,18,16,2,3,1,2,4,1,3
S01006577,All families in households,196,185,126,124,2,59,56,3,11,2,9
S01006577,Families with no dependent children,130,127,76,75,1,51,51,0,3,0,3
S01006577,Families with dependent children: Total,66,58,50,49,1,8,5,3,8,2,6
S01006577,Families with dependent children: Youngest aged 0 to 4,25,24,20,20,0,4,4,0,1,0,1
S01006577,Families with dependent children: Youngest aged 5 to 11,27,22,18,18,0,4,1,3,5,1,4
S01006577,Families with dependent children: Youngest aged 12 to 18,14,12,12,11,1,0,0,0,2,1,1
S01006578,All families in households,215,197,103,100,3,94,93,1,18,2,16
S01006578,Families with no dependent children,159,151,65,65,0,86,86,0,8,2,6
S01006578,Families with dependent children: Total,56,46,38,35,3,8,7,1,10,0,10
S01006578,Families with dependent children: Youngest aged 0 to 4,30,27,21,21,0,6,5,1,3,0,3
S01006578,Families with dependent children: Youngest aged 5 to 11,13,10,9,8,1,1,1,0,3,0,3
S01006578,Families with dependent children: Youngest aged 12 to 18,13,9,8,6,2,1,1,0,4,0,4
S01006579,All families in households,182,169,80,78,2,89,89,0,13,2,11
S01006579,Families with no dependent children,141,137,51,49,2,86,86,0,4,2,2
S01006579,Families with dependent children: Total,41,32,29,29,0,3,3,0,9,0,9
S01006579,Families with dependent children: Youngest aged 0 to 4,26,23,21,21,0,2,2,0,3,0,3
S01006579,Families with dependent children: Youngest aged 5 to 11,11,7,6,6,0,1,1,0,4,0,4
S01006579,Families with dependent children: Youngest aged 12 to 18,4,2,2,2,0,0,0,0,2,0,2
S01006580,All families in households,164,147,85,82,3,62,60,2,17,2,15
S01006580,Families with no dependent children,110,106,47,47,0,59,59,0,4,0,4
S01006580,Families with dependent children: Total,54,41,38,35,3,3,1,2,13,2,11
S01006580,Families with dependent children: Youngest aged 0 to 4,21,16,15,15,0,1,0,1,5,0,5
S01006580,Families with dependent children: Youngest aged 5 to 11,16,13,12,11,1,1,0,1,3,1,2
S01006580,Families with dependent children: Youngest aged 12 to 18,17,12,11,9,2,1,1,0,5,1,4
S01006581,All families in households,251,240,205,199,6,35,31,4,11,0,11
S01006581,Families with no dependent children,153,149,122,119,3,27,27,0,4,0,4
S01006581,Families with dependent children: Total,98,91,83,80,3,8,4,4,7,0,7
S01006581,Families with dependent children: Youngest aged 0 to 4,20,20,19,19,0,1,1,0,0,0,0
S01006581,Families with dependent children: Youngest aged 5 to 11,35,34,31,28,3,3,2,1,1,0,1
S01006581,Families with dependent children: Youngest aged 12 to 18,43,37,33,33,0,4,1,3,6,0,6
S01006582,All families in households,144,123,56,53,3,67,65,2,21,4,17
S01006582,Families with no dependent children,102,94,32,30,2,62,61,1,8,3,5
S01006582,Families with dependent children: Total,42,29,24,23,1,5,4,1,13,1,12
S01006582,Families with dependent children: Youngest aged 0 to 4,26,20,15,15,0,5,4,1,6,0,6
S01006582,Families with dependent children: Youngest aged 5 to 11,9,6,6,6,0,0,0,0,3,1,2
S01006582,Families with dependent children: Youngest aged 12 to 18,7,3,3,2,1,0,0,0,4,0,4
S01006583,All families in households,110,98,42,42,0,56,55,1,12,4,8
S01006583,Families with no dependent children,86,81,27,27,0,54,53,1,5,1,4
S01006583,Families with dependent children: Total,24,17,15,15,0,2,2,0,7,3,4
S01006583,Families with dependent children: Youngest aged 0 to 4,14,14,12,12,0,2,2,0,0,0,0
S01006583,Families with dependent children: Youngest aged 5 to 11,6,2,2,2,0,0,0,0,4,0,4
S01006583,Families with dependent children: Youngest aged 12 to 18,4,1,1,1,0,0,0,0,3,3,0
S01006584,All families in households,121,106,52,50,2,54,52,2,15,4,11
S01006584,Families with no dependent children,77,72,27,26,1,45,45,0,5,2,3
S01006584,Families with dependent children: Total,44,34,25,24,1,9,7,2,10,2,8
S01006584,Families with dependent children: Youngest aged 0 to 4,21,18,12,11,1,6,5,1,3,0,3
S01006584,Families with dependent children: Youngest aged 5 to 11,11,8,5,5,0,3,2,1,3,0,3
S01006584,Families with dependent children: Youngest aged 12 to 18,12,8,8,8,0,0,0,0,4,2,2
S01006585,All families in households,164,123,69,65,4,54,53,1,41,10,31
S01006585,Families with no dependent children,118,99,49,49,0,50,50,0,19,7,12
S01006585,Families with dependent children: Total,46,24,20,16,4,4,3,1,22,3,19
S01006585,Families with dependent children: Youngest aged 0 to 4,17,11,7,6,1,4,3,1,6,1,5
S01006585,Families with dependent children: Youngest aged 5 to 11,14,5,5,4,1,0,0,0,9,2,7
S01006585,Families with dependent children: Youngest aged 12 to 18,15,8,8,6,2,0,0,0,7,0,7
S01006586,All families in households,176,152,77,76,1,75,72,3,24,3,21
S01006586,Families with no dependent children,149,135,67,67,0,68,67,1,14,3,11
S01006586,Families with dependent children: Total,27,17,10,9,1,7,5,2,10,0,10
S01006586,Families with dependent children: Youngest aged 0 to 4,14,10,7,7,0,3,3,0,4,0,4
S01006586,Families with dependent children: Youngest aged 5 to 11,6,4,1,1,0,3,2,1,2,0,2
S01006586,Families with dependent children: Youngest aged 12 to 18,7,3,2,1,1,1,0,1,4,0,4
S01006587,All families in households,100,89,37,36,1,52,52,0,11,0,11
S01006587,Families with no dependent children,71,66,22,21,1,44,44,0,5,0,5
S01006587,Families with dependent children: Total,29,23,15,15,0,8,8,0,6,0,6
S01006587,Families with dependent children: Youngest aged 0 to 4,22,21,13,13,0,8,8,0,1,0,1
S01006587,Families with dependent children: Youngest aged 5 to 11,3,1,1,1,0,0,0,0,2,0,2
S01006587,Families with dependent children: Youngest aged 12 to 18,4,1,1,1,0,0,0,0,3,0,3
S01006588,All families in households,94,85,38,38,0,47,47,0,9,2,7
S01006588,Families with no dependent children,69,64,19,19,0,45,45,0,5,2,3
S01006588,Families with dependent children: Total,25,21,19,19,0,2,2,0,4,0,4
S01006588,Families with dependent children: Youngest aged 0 to 4,21,19,18,18,0,1,1,0,2,0,2
S01006588,Families with dependent children: Youngest aged 5 to 11,2,1,0,0,0,1,1,0,1,0,1
S01006588,Families with dependent children: Youngest aged 12 to 18,2,1,1,1,0,0,0,0,1,0,1
S01006589,All families in households,133,104,42,41,1,62,57,5,29,4,25
S01006589,Families with no dependent children,94,86,29,28,1,57,54,3,8,3,5
S01006589,Families with dependent children: Total,39,18,13,13,0,5,3,2,21,1,20
S01006589,Families with dependent children: Youngest aged 0 to 4,17,10,7,7,0,3,2,1,7,0,7
S01006589,Families with dependent children: Youngest aged 5 to 11,15,5,3,3,0,2,1,1,10,0,10
S01006589,Families with dependent children: Youngest aged 12 to 18,7,3,3,3,0,0,0,0,4,1,3
S01006590,All families in households,120,107,50,48,2,57,54,3,13,3,10
S01006590,Families with no dependent children,89,82,33,32,1,49,48,1,7,3,4
S01006590,Families with dependent children: Total,31,25,17,16,1,8,6,2,6,0,6
S01006590,Families with dependent children: Youngest aged 0 to 4,17,13,9,8,1,4,4,0,4,0,4
S01006590,Families with dependent children: Youngest aged 5 to 11,6,5,4,4,0,1,0,1,1,0,1
S01006590,Families with dependent children: Youngest aged 12 to 18,8,7,4,4,0,3,2,1,1,0,1
S01006591,All families in households,162,131,70,64,6,61,58,3,31,1,30
S01006591,Families with no dependent children,102,94,44,41,3,50,49,1,8,1,7
S01006591,Families with dependent children: Total,60,37,26,23,3,11,9,2,23,0,23
S01006591,Families with dependent children: Youngest aged 0 to 4,33,21,15,14,1,6,6,0,12,0,12
S01006591,Families with dependent children: Youngest aged 5 to 11,13,9,7,6,1,2,2,0,4,0,4
S01006591,Families with dependent children: Youngest aged 12 to 18,14,7,4,3,1,3,1,2,7,0,7
S01006592,All families in households,159,150,80,79,1,70,68,2,9,5,4
S01006592,Families with no dependent children,108,104,42,42,0,62,62,0,4,3,1
S01006592,Families with dependent children: Total,51,46,38,37,1,8,6,2,5,2,3
S01006592,Families with dependent children: Youngest aged 0 to 4,29,28,22,22,0,6,4,2,1,1,0
S01006592,Families with dependent children: Youngest aged 5 to 11,11,10,10,9,1,0,0,0,1,1,0
S01006592,Families with dependent children: Youngest aged 12 to 18,11,8,6,6,0,2,2,0,3,0,3
S01006593,All families in households,173,157,84,84,0,73,73,0,16,2,14
S01006593,Families with no dependent children,129,119,53,53,0,66,66,0,10,1,9
S01006593,Families with dependent children: Total,44,38,31,31,0,7,7,0,6,1,5
S01006593,Families with dependent children: Youngest aged 0 to 4,28,23,17,17,0,6,6,0,5,1,4
S01006593,Families with dependent children: Youngest aged 5 to 11,9,9,8,8,0,1,1,0,0,0,0
S01006593,Families with dependent children: Youngest aged 12 to 18,7,6,6,6,0,0,0,0,1,0,1
S01006594,All families in households,116,105,63,61,2,42,42,0,11,0,11
S01006594,Families with no dependent children,88,83,47,46,1,36,36,0,5,0,5
S01006594,Families with dependent children: Total,28,22,16,15,1,6,6,0,6,0,6
S01006594,Families with dependent children: Youngest aged 0 to 4,16,11,7,7,0,4,4,0,5,0,5
S01006594,Families with dependent children: Youngest aged 5 to 11,8,7,6,6,0,1,1,0,1,0,1
S01006594,Families with dependent children: Youngest aged 12 to 18,4,4,3,2,1,1,1,0,0,0,0
S01006595,All families in households,209,176,96,96,0,80,78,2,33,4,29
S01006595,Families with no dependent children,140,125,53,53,0,72,72,0,15,3,12
S01006595,Families with dependent children: Total,69,51,43,43,0,8,6,2,18,1,17
S01006595,Families with dependent children: Youngest aged 0 to 4,35,28,23,23,0,5,5,0,7,0,7
S01006595,Families with dependent children: Youngest aged 5 to 11,23,16,13,13,0,3,1,2,7,0,7
S01006595,Families with dependent children: Youngest aged 12 to 18,11,7,7,7,0,0,0,0,4,1,3
S01006596,All families in households,180,167,106,105,1,61,59,2,13,2,11
S01006596,Families with no dependent children,123,116,69,69,0,47,47,0,7,1,6
S01006596,Families with dependent children: Total,57,51,37,36,1,14,12,2,6,1,5
S01006596,Families with dependent children: Youngest aged 0 to 4,38,35,23,22,1,12,10,2,3,0,3
S01006596,Families with dependent children: Youngest aged 5 to 11,11,10,9,9,0,1,1,0,1,0,1
S01006596,Families with dependent children: Youngest aged 12 to 18,8,6,5,5,0,1,1,0,2,1,1
S01006597,All families in households,101,93,23,23,0,70,70,0,8,2,6
S01006597,Families with no dependent children,86,84,15,15,0,69,69,0,2,1,1
S01006597,Families with dependent children: Total,15,9,8,8,0,1,1,0,6,1,5
S01006597,Families with dependent children: Youngest aged 0 to 4,11,9,8,8,0,1,1,0,2,0,2
S01006597,Families with dependent children: Youngest aged 5 to 11,2,0,0,0,0,0,0,0,2,1,1
S01006597,Families with dependent children: Youngest aged 12 to 18,2,0,0,0,0,0,0,0,2,0,2
S01006598,All families in households,273,261,207,200,7,54,48,6,12,1,11
S01006598,Families with no dependent children,166,159,126,124,2,33,32,1,7,1,6
S01006598,Families with dependent children: Total,107,102,81,76,5,21,16,5,5,0,5
S01006598,Families with dependent children: Youngest aged 0 to 4,50,49,36,33,3,13,12,1,1,0,1
S01006598,Families with dependent children: Youngest aged 5 to 11,33,30,28,27,1,2,1,1,3,0,3
S01006598,Families with dependent children: Youngest aged 12 to 18,24,23,17,16,1,6,3,3,1,0,1
S01006599,All families in households,183,149,97,95,2,52,50,2,34,6,28
S01006599,Families with no dependent children,138,123,76,75,1,47,47,0,15,5,10
S01006599,Families with dependent children: Total,45,26,21,20,1,5,3,2,19,1,18
S01006599,Families with dependent children: Youngest aged 0 to 4,28,17,13,13,0,4,3,1,11,0,11
S01006599,Families with dependent children: Youngest aged 5 to 11,9,6,6,6,0,0,0,0,3,0,3
S01006599,Families with dependent children: Youngest aged 12 to 18,8,3,2,1,1,1,0,1,5,1,4
S01006600,All families in households,259,236,172,169,3,64,62,2,23,3,20
S01006600,Families with no dependent children,179,167,117,116,1,50,50,0,12,3,9
S01006600,Families with dependent children: Total,80,69,55,53,2,14,12,2,11,0,11
S01006600,Families with dependent children: Youngest aged 0 to 4,32,29,22,21,1,7,7,0,3,0,3
S01006600,Families with dependent children: Youngest aged 5 to 11,24,21,15,14,1,6,5,1,3,0,3
S01006600,Families with dependent children: Youngest aged 12 to 18,24,19,18,18,0,1,0,1,5,0,5
S01006601,All families in households,249,217,144,141,3,73,69,4,32,7,25
S01006601,Families with no dependent children,176,160,100,100,0,60,58,2,16,5,11
S01006601,Families with dependent children: Total,73,57,44,41,3,13,11,2,16,2,14
S01006601,Families with dependent children: Youngest aged 0 to 4,31,23,17,17,0,6,6,0,8,0,8
S01006601,Families with dependent children: Youngest aged 5 to 11,18,15,11,9,2,4,4,0,3,0,3
S01006601,Families with dependent children: Youngest aged 12 to 18,24,19,16,15,1,3,1,2,5,2,3
S01006602,All families in households,228,209,170,165,5,39,33,6,19,4,15
S01006602,Families with no dependent children,127,118,96,96,0,22,21,1,9,4,5
S01006602,Families with dependent children: Total,101,91,74,69,5,17,12,5,10,0,10
S01006602,Families with dependent children: Youngest aged 0 to 4,38,36,27,27,0,9,8,1,2,0,2
S01006602,Families with dependent children: Youngest aged 5 to 11,30,26,24,21,3,2,1,1,4,0,4
S01006602,Families with dependent children: Youngest aged 12 to 18,33,29,23,21,2,6,3,3,4,0,4
S01006603,All families in households,232,180,128,121,7,52,44,8,52,6,46
S01006603,Families with no dependent children,141,118,87,86,1,31,30,1,23,5,18
S01006603,Families with dependent children: Total,91,62,41,35,6,21,14,7,29,1,28
S01006603,Families with dependent children: Youngest aged 0 to 4,43,30,19,17,2,11,8,3,13,0,13
S01006603,Families with dependent children: Youngest aged 5 to 11,25,17,11,11,0,6,3,3,8,1,7
S01006603,Families with dependent children: Youngest aged 12 to 18,23,15,11,7,4,4,3,1,8,0,8
S01006604,All families in households,211,177,145,140,5,32,27,5,34,4,30
S01006604,Families with no dependent children,137,120,100,97,3,20,18,2,17,3,14
S01006604,Families with dependent children: Total,74,57,45,43,2,12,9,3,17,1,16
S01006604,Families with dependent children: Youngest aged 0 to 4,26,22,15,14,1,7,6,1,4,0,4
S01006604,Families with dependent children: Youngest aged 5 to 11,16,8,5,5,0,3,2,1,8,1,7
S01006604,Families with dependent children: Youngest aged 12 to 18,32,27,25,24,1,2,1,1,5,0,5
S01006605,All families in households,223,153,107,101,6,46,34,12,70,6,64
S01006605,Families with no dependent children,129,100,79,75,4,21,18,3,29,3,26
S01006605,Families with dependent children: Total,94,53,28,26,2,25,16,9,41,3,38
S01006605,Families with dependent children: Youngest aged 0 to 4,49,33,14,12,2,19,14,5,16,0,16
S01006605,Families with dependent children: Youngest aged 5 to 11,21,11,8,8,0,3,2,1,10,1,9
S01006605,Families with dependent children: Youngest aged 12 to 18,24,9,6,6,0,3,0,3,15,2,13
S01006606,All families in households,239,211,183,178,5,28,27,1,28,3,25
S01006606,Families with no dependent children,168,156,136,134,2,20,19,1,12,1,11
S01006606,Families with dependent children: Total,71,55,47,44,3,8,8,0,16,2,14
S01006606,Families with dependent children: Youngest aged 0 to 4,27,23,18,17,1,5,5,0,4,0,4
S01006606,Families with dependent children: Youngest aged 5 to 11,26,20,18,16,2,2,2,0,6,0,6
S01006606,Families with dependent children: Youngest aged 12 to 18,18,12,11,11,0,1,1,0,6,2,4
S01006607,All families in households,282,223,169,160,9,54,42,12,59,9,50
S01006607,Families with no dependent children,174,146,116,112,4,30,25,5,28,4,24
S01006607,Families with dependent children: Total,108,77,53,48,5,24,17,7,31,5,26
S01006607,Families with dependent children: Youngest aged 0 to 4,45,36,22,20,2,14,9,5,9,0,9
S01006607,Families with dependent children: Youngest aged 5 to 11,29,17,11,11,0,6,5,1,12,4,8
S01006607,Families with dependent children: Youngest aged 12 to 18,34,24,20,17,3,4,3,1,10,1,9
S01006608,All families in households,228,206,177,173,4,29,22,7,22,8,14
S01006608,Families with no dependent children,142,129,109,109,0,20,16,4,13,4,9
S01006608,Families with dependent children: Total,86,77,68,64,4,9,6,3,9,4,5
S01006608,Families with dependent children: Youngest aged 0 to 4,36,33,27,26,1,6,5,1,3,1,2
S01006608,Families with dependent children: Youngest aged 5 to 11,33,30,28,26,2,2,0,2,3,1,2
S01006608,Families with dependent children: Youngest aged 12 to 18,17,14,13,12,1,1,1,0,3,2,1
S01006609,All families in households,326,246,187,180,7,59,48,11,80,7,73
S01006609,Families with no dependent children,200,167,140,136,4,27,26,1,33,5,28
S01006609,Families with dependent children: Total,126,79,47,44,3,32,22,10,47,2,45
S01006609,Families with dependent children: Youngest aged 0 to 4,45,33,18,17,1,15,11,4,12,0,12
S01006609,Families with dependent children: Youngest aged 5 to 11,40,27,16,14,2,11,8,3,13,0,13
S01006609,Families with dependent children: Youngest aged 12 to 18,41,19,13,13,0,6,3,3,22,2,20
S01006610,All families in households,140,99,76,71,5,23,17,6,41,6,35
S01006610,Families with no dependent children,93,69,58,57,1,11,10,1,24,5,19
S01006610,Families with dependent children: Total,47,30,18,14,4,12,7,5,17,1,16
S01006610,Families with dependent children: Youngest aged 0 to 4,18,8,3,2,1,5,3,2,10,1,9
S01006610,Families with dependent children: Youngest aged 5 to 11,18,13,8,7,1,5,4,1,5,0,5
S01006610,Families with dependent children: Youngest aged 12 to 18,11,9,7,5,2,2,0,2,2,0,2
S01006611,All families in households,278,209,162,150,12,47,42,5,69,7,62
S01006611,Families with no dependent children,168,141,115,111,4,26,25,1,27,4,23
S01006611,Families with dependent children: Total,110,68,47,39,8,21,17,4,42,3,39
S01006611,Families with dependent children: Youngest aged 0 to 4,44,31,22,20,2,9,7,2,13,0,13
S01006611,Families with dependent children: Youngest aged 5 to 11,34,22,14,11,3,8,7,1,12,0,12
S01006611,Families with dependent children: Youngest aged 12 to 18,32,15,11,8,3,4,3,1,17,3,14
S01006612,All families in households,268,228,183,171,12,45,39,6,40,8,32
S01006612,Families with no dependent children,175,152,123,117,6,29,29,0,23,6,17
S01006612,Families with dependent children: Total,93,76,60,54,6,16,10,6,17,2,15
S01006612,Families with dependent children: Youngest aged 0 to 4,28,22,15,15,0,7,5,2,6,0,6
S01006612,Families with dependent children: Youngest aged 5 to 11,30,26,22,20,2,4,2,2,4,2,2
S01006612,Families with dependent children: Youngest aged 12 to 18,35,28,23,19,4,5,3,2,7,0,7
S01006613,All families in households,191,178,139,139,0,39,33,6,13,0,13
S01006613,Families with no dependent children,109,105,82,82,0,23,21,2,4,0,4
S01006613,Families with dependent children: Total,82,73,57,57,0,16,12,4,9,0,9
S01006613,Families with dependent children: Youngest aged 0 to 4,22,22,14,14,0,8,8,0,0,0,0
S01006613,Families with dependent children: Youngest aged 5 to 11,31,27,23,23,0,4,4,0,4,0,4
S01006613,Families with dependent children: Youngest aged 12 to 18,29,24,20,20,0,4,0,4,5,0,5
S01006614,All families in households,209,186,145,140,5,41,37,4,23,4,19
S01006614,Families with no dependent children,86,81,61,61,0,20,20,0,5,2,3
S01006614,Families with dependent children: Total,123,105,84,79,5,21,17,4,18,2,16
S01006614,Families with dependent children: Youngest aged 0 to 4,51,47,34,33,1,13,11,2,4,0,4
S01006614,Families with dependent children: Youngest aged 5 to 11,51,41,35,34,1,6,5,1,10,1,9
S01006614,Families with dependent children: Youngest aged 12 to 18,21,17,15,12,3,2,1,1,4,1,3
S01006615,All families in households,246,228,176,172,4,52,45,7,18,2,16
S01006615,Families with no dependent children,101,98,66,66,0,32,29,3,3,1,2
S01006615,Families with dependent children: Total,145,130,110,106,4,20,16,4,15,1,14
S01006615,Families with dependent children: Youngest aged 0 to 4,78,73,61,60,1,12,9,3,5,1,4
S01006615,Families with dependent children: Youngest aged 5 to 11,38,31,25,23,2,6,5,1,7,0,7
S01006615,Families with dependent children: Youngest aged 12 to 18,29,26,24,23,1,2,2,0,3,0,3
S01006616,All families in households,250,221,162,156,6,59,58,1,29,4,25
S01006616,Families with no dependent children,154,144,101,98,3,43,43,0,10,1,9
S01006616,Families with dependent children: Total,96,77,61,58,3,16,15,1,19,3,16
S01006616,Families with dependent children: Youngest aged 0 to 4,38,32,21,21,0,11,10,1,6,0,6
S01006616,Families with dependent children: Youngest aged 5 to 11,33,24,20,19,1,4,4,0,9,2,7
S01006616,Families with dependent children: Youngest aged 12 to 18,25,21,20,18,2,1,1,0,4,1,3
S01006617,All families in households,206,179,147,141,6,32,26,6,27,6,21
S01006617,Families with no dependent children,132,120,102,100,2,18,16,2,12,3,9
S01006617,Families with dependent children: Total,74,59,45,41,4,14,10,4,15,3,12
S01006617,Families with dependent children: Youngest aged 0 to 4,20,17,11,9,2,6,5,1,3,0,3
S01006617,Families with dependent children: Youngest aged 5 to 11,33,24,19,18,1,5,4,1,9,2,7
S01006617,Families with dependent children: Youngest aged 12 to 18,21,18,15,14,1,3,1,2,3,1,2
S01006618,All families in households,170,160,132,130,2,28,26,2,10,3,7
S01006618,Families with no dependent children,134,128,105,104,1,23,22,1,6,2,4
S01006618,Families with dependent children: Total,36,32,27,26,1,5,4,1,4,1,3
S01006618,Families with dependent children: Youngest aged 0 to 4,10,9,6,6,0,3,3,0,1,0,1
S01006618,Families with dependent children: Youngest aged 5 to 11,12,10,8,8,0,2,1,1,2,1,1
S01006618,Families with dependent children: Youngest aged 12 to 18,14,13,13,12,1,0,0,0,1,0,1
S01006619,All families in households,282,243,194,187,7,49,41,8,39,10,29
S01006619,Families with no dependent children,176,157,127,125,2,30,28,2,19,6,13
S01006619,Families with dependent children: Total,106,86,67,62,5,19,13,6,20,4,16
S01006619,Families with dependent children: Youngest aged 0 to 4,35,28,17,17,0,11,11,0,7,1,6
S01006619,Families with dependent children: Youngest aged 5 to 11,34,25,22,20,2,3,1,2,9,2,7
S01006619,Families with dependent children: Youngest aged 12 to 18,37,33,28,25,3,5,1,4,4,1,3
S01006620,All families in households,268,240,196,189,7,44,35,9,28,1,27
S01006620,Families with no dependent children,189,173,139,138,1,34,30,4,16,1,15
S01006620,Families with dependent children: Total,79,67,57,51,6,10,5,5,12,0,12
S01006620,Families with dependent children: Youngest aged 0 to 4,31,26,22,20,2,4,3,1,5,0,5
S01006620,Families with dependent children: Youngest aged 5 to 11,22,18,15,13,2,3,1,2,4,0,4
S01006620,Families with dependent children: Youngest aged 12 to 18,26,23,20,18,2,3,1,2,3,0,3
S01006621,All families in households,170,145,112,108,4,33,32,1,25,4,21
S01006621,Families with no dependent children,109,94,73,71,2,21,20,1,15,2,13
S01006621,Families with dependent children: Total,61,51,39,37,2,12,12,0,10,2,8
S01006621,Families with dependent children: Youngest aged 0 to 4,27,25,16,15,1,9,9,0,2,0,2
S01006621,Families with dependent children: Youngest aged 5 to 11,20,16,14,14,0,2,2,0,4,2,2
S01006621,Families with dependent children: Youngest aged 12 to 18,14,10,9,8,1,1,1,0,4,0,4
S01006622,All families in households,200,186,141,133,8,45,40,5,14,2,12
S01006622,Families with no dependent children,111,106,76,72,4,30,29,1,5,1,4
S01006622,Families with dependent children: Total,89,80,65,61,4,15,11,4,9,1,8
S01006622,Families with dependent children: Youngest aged 0 to 4,30,27,23,22,1,4,4,0,3,0,3
S01006622,Families with dependent children: Youngest aged 5 to 11,25,22,18,18,0,4,1,3,3,1,2
S01006622,Families with dependent children: Youngest aged 12 to 18,34,31,24,21,3,7,6,1,3,0,3
S01006623,All families in households,188,154,107,102,5,47,41,6,34,3,31
S01006623,Families with no dependent children,115,97,71,71,0,26,24,2,18,2,16
S01006623,Families with dependent children: Total,73,57,36,31,5,21,17,4,16,1,15
S01006623,Families with dependent children: Youngest aged 0 to 4,31,26,12,11,1,14,11,3,5,0,5
S01006623,Families with dependent children: Youngest aged 5 to 11,18,11,8,7,1,3,2,1,7,0,7
S01006623,Families with dependent children: Youngest aged 12 to 18,24,20,16,13,3,4,4,0,4,1,3
S01006624,All families in households,187,160,101,96,5,59,55,4,27,3,24
S01006624,Families with no dependent children,134,121,72,71,1,49,49,0,13,2,11
S01006624,Families with dependent children: Total,53,39,29,25,4,10,6,4,14,1,13
S01006624,Families with dependent children: Youngest aged 0 to 4,27,18,12,11,1,6,5,1,9,0,9
S01006624,Families with dependent children: Youngest aged 5 to 11,13,9,6,6,0,3,1,2,4,0,4
S01006624,Families with dependent children: Youngest aged 12 to 18,13,12,11,8,3,1,0,1,1,1,0
S01006625,All families in households,184,148,118,114,4,30,27,3,36,5,31
S01006625,Families with no dependent children,127,112,91,90,1,21,19,2,15,2,13
S01006625,Families with dependent children: Total,57,36,27,24,3,9,8,1,21,3,18
S01006625,Families with dependent children: Youngest aged 0 to 4,27,20,13,11,2,7,6,1,7,0,7
S01006625,Families with dependent children: Youngest aged 5 to 11,12,7,5,5,0,2,2,0,5,1,4
S01006625,Families with dependent children: Youngest aged 12 to 18,18,9,9,8,1,0,0,0,9,2,7
S01006626,All families in households,210,149,87,83,4,62,55,7,61,12,49
S01006626,Families with no dependent children,133,110,67,66,1,43,40,3,23,7,16
S01006626,Families with dependent children: Total,77,39,20,17,3,19,15,4,38,5,33
S01006626,Families with dependent children: Youngest aged 0 to 4,33,19,8,7,1,11,9,2,14,2,12
S01006626,Families with dependent children: Youngest aged 5 to 11,23,13,9,8,1,4,2,2,10,1,9
S01006626,Families with dependent children: Youngest aged 12 to 18,21,7,3,2,1,4,4,0,14,2,12
S01006627,All families in households,192,153,86,86,0,67,58,9,39,5,34
S01006627,Families with no dependent children,119,107,62,62,0,45,43,2,12,2,10
S01006627,Families with dependent children: Total,73,46,24,24,0,22,15,7,27,3,24
S01006627,Families with dependent children: Youngest aged 0 to 4,44,31,15,15,0,16,14,2,13,0,13
S01006627,Families with dependent children: Youngest aged 5 to 11,18,10,5,5,0,5,1,4,8,2,6
S01006627,Families with dependent children: Youngest aged 12 to 18,11,5,4,4,0,1,0,1,6,1,5
S01006628,All families in households,248,218,108,105,3,110,105,5,30,3,27
S01006628,Families with no dependent children,161,150,54,53,1,96,95,1,11,1,10
S01006628,Families with dependent children: Total,87,68,54,52,2,14,10,4,19,2,17
S01006628,Families with dependent children: Youngest aged 0 to 4,61,52,42,40,2,10,8,2,9,0,9
S01006628,Families with dependent children: Youngest aged 5 to 11,18,14,10,10,0,4,2,2,4,0,4
S01006628,Families with dependent children: Youngest aged 12 to 18,8,2,2,2,0,0,0,0,6,2,4
S01006629,All families in households,218,138,96,90,6,42,30,12,80,10,70
S01006629,Families with no dependent children,108,87,62,60,2,25,20,5,21,7,14
S01006629,Families with dependent children: Total,110,51,34,30,4,17,10,7,59,3,56
S01006629,Families with dependent children: Youngest aged 0 to 4,47,24,14,10,4,10,6,4,23,1,22
S01006629,Families with dependent children: Youngest aged 5 to 11,36,18,14,14,0,4,2,2,18,1,17
S01006629,Families with dependent children: Youngest aged 12 to 18,27,9,6,6,0,3,2,1,18,1,17
S01006630,All families in households,185,121,89,84,5,32,22,10,64,12,52
S01006630,Families with no dependent children,104,77,58,57,1,19,16,3,27,8,19
S01006630,Families with dependent children: Total,81,44,31,27,4,13,6,7,37,4,33
S01006630,Families with dependent children: Youngest aged 0 to 4,31,14,8,7,1,6,4,2,17,0,17
S01006630,Families with dependent children: Youngest aged 5 to 11,26,15,11,11,0,4,0,4,11,2,9
S01006630,Families with dependent children: Youngest aged 12 to 18,24,15,12,9,3,3,2,1,9,2,7
S01006631,All families in households,243,185,120,117,3,65,63,2,58,6,52
S01006631,Families with no dependent children,153,136,85,83,2,51,50,1,17,4,13
S01006631,Families with dependent children: Total,90,49,35,34,1,14,13,1,41,2,39
S01006631,Families with dependent children: Youngest aged 0 to 4,31,22,14,14,0,8,8,0,9,2,7
S01006631,Families with dependent children: Youngest aged 5 to 11,41,18,14,14,0,4,4,0,23,0,23
S01006631,Families with dependent children: Youngest aged 12 to 18,18,9,7,6,1,2,1,1,9,0,9
S01006632,All families in households,220,160,90,84,6,70,58,12,60,5,55
S01006632,Families with no dependent children,111,99,51,48,3,48,46,2,12,2,10
S01006632,Families with dependent children: Total,109,61,39,36,3,22,12,10,48,3,45
S01006632,Families with dependent children: Youngest aged 0 to 4,50,31,19,17,2,12,7,5,19,0,19
S01006632,Families with dependent children: Youngest aged 5 to 11,30,14,8,8,0,6,3,3,16,1,15
S01006632,Families with dependent children: Youngest aged 12 to 18,29,16,12,11,1,4,2,2,13,2,11
S01006633,All families in households,190,128,94,90,4,34,25,9,62,3,59
S01006633,Families with no dependent children,98,76,54,53,1,22,19,3,22,2,20
S01006633,Families with dependent children: Total,92,52,40,37,3,12,6,6,40,1,39
S01006633,Families with dependent children: Youngest aged 0 to 4,38,25,20,18,2,5,1,4,13,0,13
S01006633,Families with dependent children: Youngest aged 5 to 11,36,16,11,11,0,5,3,2,20,0,20
S01006633,Families with dependent children: Youngest aged 12 to 18,18,11,9,8,1,2,2,0,7,1,6
S01006634,All families in households,164,96,61,57,4,35,22,13,68,5,63
S01006634,Families with no dependent children,61,46,31,31,0,15,14,1,15,3,12
S01006634,Families with dependent children: Total,103,50,30,26,4,20,8,12,53,2,51
S01006634,Families with dependent children: Youngest aged 0 to 4,40,19,11,10,1,8,3,5,21,1,20
S01006634,Families with dependent children: Youngest aged 5 to 11,42,20,11,10,1,9,5,4,22,0,22
S01006634,Families with dependent children: Youngest aged 12 to 18,21,11,8,6,2,3,0,3,10,1,9
S01006635,All families in households,189,147,115,108,7,32,25,7,42,7,35
S01006635,Families with no dependent children,103,90,73,70,3,17,15,2,13,5,8
S01006635,Families with dependent children: Total,86,57,42,38,4,15,10,5,29,2,27
S01006635,Families with dependent children: Youngest aged 0 to 4,37,26,20,19,1,6,4,2,11,0,11
S01006635,Families with dependent children: Youngest aged 5 to 11,29,21,12,12,0,9,6,3,8,1,7
S01006635,Families with dependent children: Youngest aged 12 to 18,20,10,10,7,3,0,0,0,10,1,9
S01006636,All families in households,244,166,99,95,4,67,48,19,78,7,71
S01006636,Families with no dependent children,96,82,49,48,1,33,30,3,14,0,14
S01006636,Families with dependent children: Total,148,84,50,47,3,34,18,16,64,7,57
S01006636,Families with dependent children: Youngest aged 0 to 4,73,48,27,26,1,21,11,10,25,3,22
S01006636,Families with dependent children: Youngest aged 5 to 11,44,23,15,14,1,8,7,1,21,1,20
S01006636,Families with dependent children: Youngest aged 12 to 18,31,13,8,7,1,5,0,5,18,3,15
S01006637,All families in households,145,124,77,76,1,47,40,7,21,3,18
S01006637,Families with no dependent children,99,93,58,57,1,35,35,0,6,2,4
S01006637,Families with dependent children: Total,46,31,19,19,0,12,5,7,15,1,14
S01006637,Families with dependent children: Youngest aged 0 to 4,27,19,11,11,0,8,5,3,8,0,8
S01006637,Families with dependent children: Youngest aged 5 to 11,7,5,3,3,0,2,0,2,2,0,2
S01006637,Families with dependent children: Youngest aged 12 to 18,12,7,5,5,0,2,0,2,5,1,4
S01006638,All families in households,156,139,66,65,1,73,71,2,17,4,13
S01006638,Families with no dependent children,130,118,50,50,0,68,68,0,12,3,9
S01006638,Families with dependent children: Total,26,21,16,15,1,5,3,2,5,1,4
S01006638,Families with dependent children: Youngest aged 0 to 4,11,11,9,9,0,2,2,0,0,0,0
S01006638,Families with dependent children: Youngest aged 5 to 11,10,6,4,4,0,2,0,2,4,0,4
S01006638,Families with dependent children: Youngest aged 12 to 18,5,4,3,2,1,1,1,0,1,1,0
S01006639,All families in households,161,136,63,61,2,73,70,3,25,7,18
S01006639,Families with no dependent children,124,111,47,47,0,64,64,0,13,4,9
S01006639,Families with dependent children: Total,37,25,16,14,2,9,6,3,12,3,9
S01006639,Families with dependent children: Youngest aged 0 to 4,22,18,12,10,2,6,5,1,4,1,3
S01006639,Families with dependent children: Youngest aged 5 to 11,7,5,3,3,0,2,0,2,2,0,2
S01006639,Families with dependent children: Youngest aged 12 to 18,8,2,1,1,0,1,1,0,6,2,4
S01006640,All families in households,123,107,54,53,1,53,52,1,16,2,14
S01006640,Families with no dependent children,88,81,30,29,1,51,50,1,7,2,5
S01006640,Families with dependent children: Total,35,26,24,24,0,2,2,0,9,0,9
S01006640,Families with dependent children: Youngest aged 0 to 4,20,19,17,17,0,2,2,0,1,0,1
S01006640,Families with dependent children: Youngest aged 5 to 11,9,7,7,7,0,0,0,0,2,0,2
S01006640,Families with dependent children: Youngest aged 12 to 18,6,0,0,0,0,0,0,0,6,0,6
S01006641,All families in households,181,161,82,82,0,79,79,0,20,3,17
S01006641,Families with no dependent children,133,127,52,52,0,75,75,0,6,2,4
S01006641,Families with dependent children: Total,48,34,30,30,0,4,4,0,14,1,13
S01006641,Families with dependent children: Youngest aged 0 to 4,25,20,17,17,0,3,3,0,5,0,5
S01006641,Families with dependent children: Youngest aged 5 to 11,15,10,9,9,0,1,1,0,5,0,5
S01006641,Families with dependent children: Youngest aged 12 to 18,8,4,4,4,0,0,0,0,4,1,3
S01006642,All families in households,137,127,64,63,1,63,62,1,10,2,8
S01006642,Families with no dependent children,98,94,38,38,0,56,56,0,4,1,3
S01006642,Families with dependent children: Total,39,33,26,25,1,7,6,1,6,1,5
S01006642,Families with dependent children: Youngest aged 0 to 4,23,21,18,18,0,3,2,1,2,0,2
S01006642,Families with dependent children: Youngest aged 5 to 11,9,6,3,3,0,3,3,0,3,0,3
S01006642,Families with dependent children: Youngest aged 12 to 18,7,6,5,4,1,1,1,0,1,1,0
S01006643,All families in households,111,102,46,45,1,56,55,1,9,2,7
S01006643,Families with no dependent children,93,87,34,33,1,53,52,1,6,2,4
S01006643,Families with dependent children: Total,18,15,12,12,0,3,3,0,3,0,3
S01006643,Families with dependent children: Youngest aged 0 to 4,15,13,11,11,0,2,2,0,2,0,2
S01006643,Families with dependent children: Youngest aged 5 to 11,2,2,1,1,0,1,1,0,0,0,0
S01006643,Families with dependent children: Youngest aged 12 to 18,1,0,0,0,0,0,0,0,1,0,1
S01006644,All families in households,176,155,69,69,0,86,82,4,21,3,18
S01006644,Families with no dependent children,137,129,49,49,0,80,80,0,8,3,5
S01006644,Families with dependent children: Total,39,26,20,20,0,6,2,4,13,0,13
S01006644,Families with dependent children: Youngest aged 0 to 4,21,16,15,15,0,1,1,0,5,0,5
S01006644,Families with dependent children: Youngest aged 5 to 11,9,5,3,3,0,2,1,1,4,0,4
S01006644,Families with dependent children: Youngest aged 12 to 18,9,5,2,2,0,3,0,3,4,0,4
S01006645,All families in households,167,116,64,61,3,52,46,6,51,8,43
S01006645,Families with no dependent children,86,68,40,40,0,28,28,0,18,6,12
S01006645,Families with dependent children: Total,81,48,24,21,3,24,18,6,33,2,31
S01006645,Families with dependent children: Youngest aged 0 to 4,53,38,18,16,2,20,18,2,15,0,15
S01006645,Families with dependent children: Youngest aged 5 to 11,15,7,4,3,1,3,0,3,8,1,7
S01006645,Families with dependent children: Youngest aged 12 to 18,13,3,2,2,0,1,0,1,10,1,9
S01006646,All families in households,74,65,34,30,4,31,31,0,9,2,7
S01006646,Families with no dependent children,55,52,21,21,0,31,31,0,3,1,2
S01006646,Families with dependent children: Total,19,13,13,9,4,0,0,0,6,1,5
S01006646,Families with dependent children: Youngest aged 0 to 4,10,9,9,7,2,0,0,0,1,0,1
S01006646,Families with dependent children: Youngest aged 5 to 11,4,1,1,0,1,0,0,0,3,1,2
S01006646,Families with dependent children: Youngest aged 12 to 18,5,3,3,2,1,0,0,0,2,0,2
S01006647,All families in households,152,99,61,59,2,38,34,4,53,8,45
S01006647,Families with no dependent children,85,68,39,39,0,29,27,2,17,4,13
S01006647,Families with dependent children: Total,67,31,22,20,2,9,7,2,36,4,32
S01006647,Families with dependent children: Youngest aged 0 to 4,33,20,13,13,0,7,5,2,13,0,13
S01006647,Families with dependent children: Youngest aged 5 to 11,19,6,5,4,1,1,1,0,13,1,12
S01006647,Families with dependent children: Youngest aged 12 to 18,15,5,4,3,1,1,1,0,10,3,7
S01006648,All families in households,193,174,77,74,3,97,97,0,19,3,16
S01006648,Families with no dependent children,140,135,45,45,0,90,90,0,5,2,3
S01006648,Families with dependent children: Total,53,39,32,29,3,7,7,0,14,1,13
S01006648,Families with dependent children: Youngest aged 0 to 4,34,25,18,16,2,7,7,0,9,0,9
S01006648,Families with dependent children: Youngest aged 5 to 11,8,6,6,5,1,0,0,0,2,0,2
S01006648,Families with dependent children: Youngest aged 12 to 18,11,8,8,8,0,0,0,0,3,1,2
S01006649,All families in households,190,167,74,73,1,93,90,3,23,2,21
S01006649,Families with no dependent children,136,131,47,46,1,84,82,2,5,2,3
S01006649,Families with dependent children: Total,54,36,27,27,0,9,8,1,18,0,18
S01006649,Families with dependent children: Youngest aged 0 to 4,35,27,22,22,0,5,5,0,8,0,8
S01006649,Families with dependent children: Youngest aged 5 to 11,14,8,4,4,0,4,3,1,6,0,6
S01006649,Families with dependent children: Youngest aged 12 to 18,5,1,1,1,0,0,0,0,4,0,4
S01006650,All families in households,148,134,72,71,1,62,62,0,14,0,14
S01006650,Families with no dependent children,116,110,52,52,0,58,58,0,6,0,6
S01006650,Families with dependent children: Total,32,24,20,19,1,4,4,0,8,0,8
S01006650,Families with dependent children: Youngest aged 0 to 4,14,12,10,10,0,2,2,0,2,0,2
S01006650,Families with dependent children: Youngest aged 5 to 11,14,11,9,8,1,2,2,0,3,0,3
S01006650,Families with dependent children: Youngest aged 12 to 18,4,1,1,1,0,0,0,0,3,0,3
S01006651,All families in households,120,111,56,53,3,55,55,0,9,2,7
S01006651,Families with no dependent children,101,95,47,47,0,48,48,0,6,2,4
S01006651,Families with dependent children: Total,19,16,9,6,3,7,7,0,3,0,3
S01006651,Families with dependent children: Youngest aged 0 to 4,9,9,6,5,1,3,3,0,0,0,0
S01006651,Families with dependent children: Youngest aged 5 to 11,8,6,2,1,1,4,4,0,2,0,2
S01006651,Families with dependent children: Youngest aged 12 to 18,2,1,1,0,1,0,0,0,1,0,1
S01006652,All families in households,101,93,38,36,2,55,53,2,8,2,6
S01006652,Families with no dependent children,83,76,26,26,0,50,50,0,7,2,5
S01006652,Families with dependent children: Total,18,17,12,10,2,5,3,2,1,0,1
S01006652,Families with dependent children: Youngest aged 0 to 4,11,10,7,6,1,3,2,1,1,0,1
S01006652,Families with dependent children: Youngest aged 5 to 11,5,5,3,2,1,2,1,1,0,0,0
S01006652,Families with dependent children: Youngest aged 12 to 18,2,2,2,2,0,0,0,0,0,0,0
S01006653,All families in households,126,118,73,71,2,45,43,2,8,4,4
S01006653,Families with no dependent children,88,84,49,47,2,35,35,0,4,2,2
S01006653,Families with dependent children: Total,38,34,24,24,0,10,8,2,4,2,2
S01006653,Families with dependent children: Youngest aged 0 to 4,20,20,14,14,0,6,6,0,0,0,0
S01006653,Families with dependent children: Youngest aged 5 to 11,10,7,5,5,0,2,2,0,3,1,2
S01006653,Families with dependent children: Youngest aged 12 to 18,8,7,5,5,0,2,0,2,1,1,0
S01006654,All families in households,224,151,90,88,2,61,53,8,73,4,69
S01006654,Families with no dependent children,136,106,65,63,2,41,38,3,30,1,29
S01006654,Families with dependent children: Total,88,45,25,25,0,20,15,5,43,3,40
S01006654,Families with dependent children: Youngest aged 0 to 4,38,27,13,13,0,14,10,4,11,1,10
S01006654,Families with dependent children: Youngest aged 5 to 11,27,13,8,8,0,5,5,0,14,1,13
S01006654,Families with dependent children: Youngest aged 12 to 18,23,5,4,4,0,1,0,1,18,1,17
S01006655,All families in households,153,139,91,89,2,48,47,1,14,1,13
S01006655,Families with no dependent children,101,98,55,53,2,43,43,0,3,1,2
S01006655,Families with dependent children: Total,52,41,36,36,0,5,4,1,11,0,11
S01006655,Families with dependent children: Youngest aged 0 to 4,27,25,21,21,0,4,3,1,2,0,2
S01006655,Families with dependent children: Youngest aged 5 to 11,14,11,10,10,0,1,1,0,3,0,3
S01006655,Families with dependent children: Youngest aged 12 to 18,11,5,5,5,0,0,0,0,6,0,6
S01006656,All families in households,201,165,88,84,4,77,75,2,36,5,31
S01006656,Families with no dependent children,123,112,44,42,2,68,66,2,11,2,9
S01006656,Families with dependent children: Total,78,53,44,42,2,9,9,0,25,3,22
S01006656,Families with dependent children: Youngest aged 0 to 4,36,30,23,23,0,7,7,0,6,1,5
S01006656,Families with dependent children: Youngest aged 5 to 11,22,11,9,8,1,2,2,0,11,1,10
S01006656,Families with dependent children: Youngest aged 12 to 18,20,12,12,11,1,0,0,0,8,1,7
S01006657,All families in households,118,99,43,40,3,56,52,4,19,4,15
S01006657,Families with no dependent children,76,70,26,26,0,44,44,0,6,0,6
S01006657,Families with dependent children: Total,42,29,17,14,3,12,8,4,13,4,9
S01006657,Families with dependent children: Youngest aged 0 to 4,22,17,8,7,1,9,6,3,5,2,3
S01006657,Families with dependent children: Youngest aged 5 to 11,14,8,5,5,0,3,2,1,6,1,5
S01006657,Families with dependent children: Youngest aged 12 to 18,6,4,4,2,2,0,0,0,2,1,1
S01006658,All families in households,202,156,89,84,5,67,62,5,46,5,41
S01006658,Families with no dependent children,103,91,35,34,1,56,55,1,12,2,10
S01006658,Families with dependent children: Total,99,65,54,50,4,11,7,4,34,3,31
S01006658,Families with dependent children: Youngest aged 0 to 4,53,40,33,32,1,7,6,1,13,1,12
S01006658,Families with dependent children: Youngest aged 5 to 11,31,19,16,13,3,3,1,2,12,1,11
S01006658,Families with dependent children: Youngest aged 12 to 18,15,6,5,5,0,1,0,1,9,1,8
S01006659,All families in households,108,98,63,61,2,35,35,0,10,3,7
S01006659,Families with no dependent children,79,73,42,41,1,31,31,0,6,2,4
S01006659,Families with dependent children: Total,29,25,21,20,1,4,4,0,4,1,3
S01006659,Families with dependent children: Youngest aged 0 to 4,17,14,11,10,1,3,3,0,3,1,2
S01006659,Families with dependent children: Youngest aged 5 to 11,10,10,9,9,0,1,1,0,0,0,0
S01006659,Families with dependent children: Youngest aged 12 to 18,2,1,1,1,0,0,0,0,1,0,1
S01006660,All families in households,94,76,36,30,6,40,38,2,18,3,15
S01006660,Families with no dependent children,44,41,8,8,0,33,33,0,3,1,2
S01006660,Families with dependent children: Total,50,35,28,22,6,7,5,2,15,2,13
S01006660,Families with dependent children: Youngest aged 0 to 4,24,20,14,11,3,6,5,1,4,1,3
S01006660,Families with dependent children: Youngest aged 5 to 11,19,12,12,10,2,0,0,0,7,0,7
S01006660,Families with dependent children: Youngest aged 12 to 18,7,3,2,1,1,1,0,1,4,1,3
S01006661,All families in households,123,112,80,80,0,32,32,0,11,3,8
S01006661,Families with no dependent children,98,90,61,61,0,29,29,0,8,2,6
S01006661,Families with dependent children: Total,25,22,19,19,0,3,3,0,3,1,2
S01006661,Families with dependent children: Youngest aged 0 to 4,14,14,14,14,0,0,0,0,0,0,0
S01006661,Families with dependent children: Youngest aged 5 to 11,4,2,1,1,0,1,1,0,2,0,2
S01006661,Families with dependent children: Youngest aged 12 to 18,7,6,4,4,0,2,2,0,1,1,0
S01006662,All families in households,118,88,56,53,3,32,31,1,30,0,30
S01006662,Families with no dependent children,55,51,30,30,0,21,21,0,4,0,4
S01006662,Families with dependent children: Total,63,37,26,23,3,11,10,1,26,0,26
S01006662,Families with dependent children: Youngest aged 0 to 4,35,21,12,10,2,9,9,0,14,0,14
S01006662,Families with dependent children: Youngest aged 5 to 11,15,8,6,6,0,2,1,1,7,0,7
S01006662,Families with dependent children: Youngest aged 12 to 18,13,8,8,7,1,0,0,0,5,0,5
S01006663,All families in households,80,70,38,38,0,32,31,1,10,2,8
S01006663,Families with no dependent children,52,51,21,21,0,30,29,1,1,0,1
S01006663,Families with dependent children: Total,28,19,17,17,0,2,2,0,9,2,7
S01006663,Families with dependent children: Youngest aged 0 to 4,21,17,16,16,0,1,1,0,4,0,4
S01006663,Families with dependent children: Youngest aged 5 to 11,3,0,0,0,0,0,0,0,3,1,2
S01006663,Families with dependent children: Youngest aged 12 to 18,4,2,1,1,0,1,1,0,2,1,1
S01006664,All families in households,91,81,46,46,0,35,33,2,10,4,6
S01006664,Families with no dependent children,69,63,32,32,0,31,30,1,6,2,4
S01006664,Families with dependent children: Total,22,18,14,14,0,4,3,1,4,2,2
S01006664,Families with dependent children: Youngest aged 0 to 4,11,9,7,7,0,2,2,0,2,1,1
S01006664,Families with dependent children: Youngest aged 5 to 11,4,3,2,2,0,1,1,0,1,0,1
S01006664,Families with dependent children: Youngest aged 12 to 18,7,6,5,5,0,1,0,1,1,1,0
S01006665,All families in households,93,87,49,49,0,38,38,0,6,3,3
S01006665,Families with no dependent children,73,68,33,33,0,35,35,0,5,3,2
S01006665,Families with dependent children: Total,20,19,16,16,0,3,3,0,1,0,1
S01006665,Families with dependent children: Youngest aged 0 to 4,11,11,9,9,0,2,2,0,0,0,0
S01006665,Families with dependent children: Youngest aged 5 to 11,4,4,3,3,0,1,1,0,0,0,0
S01006665,Families with dependent children: Youngest aged 12 to 18,5,4,4,4,0,0,0,0,1,0,1
S01006666,All families in households,218,153,104,100,4,49,44,5,65,6,59
S01006666,Families with no dependent children,110,87,59,58,1,28,28,0,23,3,20
S01006666,Families with dependent children: Total,108,66,45,42,3,21,16,5,42,3,39
S01006666,Families with dependent children: Youngest aged 0 to 4,53,34,22,22,0,12,10,2,19,0,19
S01006666,Families with dependent children: Youngest aged 5 to 11,29,21,14,13,1,7,6,1,8,2,6
S01006666,Families with dependent children: Youngest aged 12 to 18,26,11,9,7,2,2,0,2,15,1,14
S01006667,All families in households,168,126,74,73,1,52,50,2,42,10,32
S01006667,Families with no dependent children,102,87,49,49,0,38,38,0,15,4,11
S01006667,Families with dependent children: Total,66,39,25,24,1,14,12,2,27,6,21
S01006667,Families with dependent children: Youngest aged 0 to 4,39,27,17,16,1,10,10,0,12,1,11
S01006667,Families with dependent children: Youngest aged 5 to 11,14,7,5,5,0,2,0,2,7,1,6
S01006667,Families with dependent children: Youngest aged 12 to 18,13,5,3,3,0,2,2,0,8,4,4
S01006668,All families in households,110,91,52,50,2,39,38,1,19,5,14
S01006668,Families with no dependent children,79,71,36,36,0,35,35,0,8,4,4
S01006668,Families with dependent children: Total,31,20,16,14,2,4,3,1,11,1,10
S01006668,Families with dependent children: Youngest aged 0 to 4,17,12,10,10,0,2,2,0,5,0,5
S01006668,Families with dependent children: Youngest aged 5 to 11,10,6,4,3,1,2,1,1,4,0,4
S01006668,Families with dependent children: Youngest aged 12 to 18,4,2,2,1,1,0,0,0,2,1,1
S01006669,All families in households,159,142,95,94,1,47,45,2,17,2,15
S01006669,Families with no dependent children,123,115,77,76,1,38,38,0,8,1,7
S01006669,Families with dependent children: Total,36,27,18,18,0,9,7,2,9,1,8
S01006669,Families with dependent children: Youngest aged 0 to 4,28,24,16,16,0,8,7,1,4,0,4
S01006669,Families with dependent children: Youngest aged 5 to 11,7,2,2,2,0,0,0,0,5,1,4
S01006669,Families with dependent children: Youngest aged 12 to 18,1,1,0,0,0,1,0,1,0,0,0
S01006670,All families in households,131,116,54,54,0,62,62,0,15,2,13
S01006670,Families with no dependent children,109,105,48,48,0,57,57,0,4,2,2
S01006670,Families with dependent children: Total,22,11,6,6,0,5,5,0,11,0,11
S01006670,Families with dependent children: Youngest aged 0 to 4,14,8,4,4,0,4,4,0,6,0,6
S01006670,Families with dependent children: Youngest aged 5 to 11,7,3,2,2,0,1,1,0,4,0,4
S01006670,Families with dependent children: Youngest aged 12 to 18,1,0,0,0,0,0,0,0,1,0,1
S01006671,All families in households,109,87,68,64,4,19,17,2,22,2,20
S01006671,Families with no dependent children,71,60,46,45,1,14,14,0,11,2,9
S01006671,Families with dependent children: Total,38,27,22,19,3,5,3,2,11,0,11
S01006671,Families with dependent children: Youngest aged 0 to 4,20,15,12,12,0,3,3,0,5,0,5
S01006671,Families with dependent children: Youngest aged 5 to 11,14,8,7,6,1,1,0,1,6,0,6
S01006671,Families with dependent children: Youngest aged 12 to 18,4,4,3,1,2,1,0,1,0,0,0
S01006672,All families in households,184,121,67,63,4,54,47,7,63,10,53
S01006672,Families with no dependent children,95,74,37,36,1,37,35,2,21,5,16
S01006672,Families with dependent children: Total,89,47,30,27,3,17,12,5,42,5,37
S01006672,Families with dependent children: Youngest aged 0 to 4,50,32,19,17,2,13,11,2,18,2,16
S01006672,Families with dependent children: Youngest aged 5 to 11,23,8,5,4,1,3,1,2,15,1,14
S01006672,Families with dependent children: Youngest aged 12 to 18,16,7,6,6,0,1,0,1,9,2,7
S01006673,All families in households,171,130,85,83,2,45,41,4,41,6,35
S01006673,Families with no dependent children,95,81,51,51,0,30,30,0,14,4,10
S01006673,Families with dependent children: Total,76,49,34,32,2,15,11,4,27,2,25
S01006673,Families with dependent children: Youngest aged 0 to 4,33,25,18,18,0,7,6,1,8,0,8
S01006673,Families with dependent children: Youngest aged 5 to 11,22,14,9,9,0,5,4,1,8,1,7
S01006673,Families with dependent children: Youngest aged 12 to 18,21,10,7,5,2,3,1,2,11,1,10
S01006674,All families in households,234,164,117,113,4,47,39,8,70,9,61
S01006674,Families with no dependent children,119,98,69,68,1,29,27,2,21,6,15
S01006674,Families with dependent children: Total,115,66,48,45,3,18,12,6,49,3,46
S01006674,Families with dependent children: Youngest aged 0 to 4,59,40,29,28,1,11,9,2,19,1,18
S01006674,Families with dependent children: Youngest aged 5 to 11,37,19,15,14,1,4,3,1,18,0,18
S01006674,Families with dependent children: Youngest aged 12 to 18,19,7,4,3,1,3,0,3,12,2,10
S01006675,All families in households,190,119,76,74,2,43,36,7,71,7,64
S01006675,Families with no dependent children,57,40,25,25,0,15,15,0,17,3,14
S01006675,Families with dependent children: Total,133,79,51,49,2,28,21,7,54,4,50
S01006675,Families with dependent children: Youngest aged 0 to 4,69,47,26,26,0,21,16,5,22,0,22
S01006675,Families with dependent children: Youngest aged 5 to 11,40,21,16,15,1,5,5,0,19,2,17
S01006675,Families with dependent children: Youngest aged 12 to 18,24,11,9,8,1,2,0,2,13,2,11
S01006676,All families in households,189,144,112,106,6,32,25,7,45,5,40
S01006676,Families with no dependent children,99,86,67,65,2,19,18,1,13,4,9
S01006676,Families with dependent children: Total,90,58,45,41,4,13,7,6,32,1,31
S01006676,Families with dependent children: Youngest aged 0 to 4,53,33,26,25,1,7,6,1,20,0,20
S01006676,Families with dependent children: Youngest aged 5 to 11,25,18,13,10,3,5,0,5,7,0,7
S01006676,Families with dependent children: Youngest aged 12 to 18,12,7,6,6,0,1,1,0,5,1,4
S01006677,All families in households,166,126,84,82,2,42,40,2,40,4,36
S01006677,Families with no dependent children,93,82,57,57,0,25,25,0,11,2,9
S01006677,Families with dependent children: Total,73,44,27,25,2,17,15,2,29,2,27
S01006677,Families with dependent children: Youngest aged 0 to 4,39,25,13,13,0,12,12,0,14,0,14
S01006677,Families with dependent children: Youngest aged 5 to 11,20,13,10,8,2,3,1,2,7,1,6
S01006677,Families with dependent children: Youngest aged 12 to 18,14,6,4,4,0,2,2,0,8,1,7
S01006678,All families in households,318,232,164,153,11,68,61,7,86,9,77
S01006678,Families with no dependent children,163,138,101,96,5,37,34,3,25,5,20
S01006678,Families with dependent children: Total,155,94,63,57,6,31,27,4,61,4,57
S01006678,Families with dependent children: Youngest aged 0 to 4,82,55,33,32,1,22,22,0,27,0,27
S01006678,Families with dependent children: Youngest aged 5 to 11,40,20,18,13,5,2,1,1,20,2,18
S01006678,Families with dependent children: Youngest aged 12 to 18,33,19,12,12,0,7,4,3,14,2,12
S01006679,All families in households,203,185,148,141,7,37,34,3,18,3,15
S01006679,Families with no dependent children,146,138,113,109,4,25,24,1,8,1,7
S01006679,Families with dependent children: Total,57,47,35,32,3,12,10,2,10,2,8
S01006679,Families with dependent children: Youngest aged 0 to 4,29,25,17,17,0,8,8,0,4,0,4
S01006679,Families with dependent children: Youngest aged 5 to 11,12,9,9,7,2,0,0,0,3,1,2
S01006679,Families with dependent children: Youngest aged 12 to 18,16,13,9,8,1,4,2,2,3,1,2
S01006680,All families in households,229,155,96,94,2,59,50,9,74,11,63
S01006680,Families with no dependent children,92,77,46,44,2,31,28,3,15,4,11
S01006680,Families with dependent children: Total,137,78,50,50,0,28,22,6,59,7,52
S01006680,Families with dependent children: Youngest aged 0 to 4,76,47,27,27,0,20,17,3,29,3,26
S01006680,Families with dependent children: Youngest aged 5 to 11,39,21,15,15,0,6,5,1,18,1,17
S01006680,Families with dependent children: Youngest aged 12 to 18,22,10,8,8,0,2,0,2,12,3,9
S01006681,All families in households,166,133,74,72,2,59,51,8,33,3,30
S01006681,Families with no dependent children,107,99,58,58,0,41,39,2,8,3,5
S01006681,Families with dependent children: Total,59,34,16,14,2,18,12,6,25,0,25
S01006681,Families with dependent children: Youngest aged 0 to 4,31,18,7,7,0,11,10,1,13,0,13
S01006681,Families with dependent children: Youngest aged 5 to 11,8,6,2,0,2,4,2,2,2,0,2
S01006681,Families with dependent children: Youngest aged 12 to 18,20,10,7,7,0,3,0,3,10,0,10
S01006682,All families in households,208,142,100,92,8,42,37,5,66,6,60
S01006682,Families with no dependent children,81,68,43,41,2,25,24,1,13,2,11
S01006682,Families with dependent children: Total,127,74,57,51,6,17,13,4,53,4,49
S01006682,Families with dependent children: Youngest aged 0 to 4,54,39,26,25,1,13,10,3,15,0,15
S01006682,Families with dependent children: Youngest aged 5 to 11,50,27,24,21,3,3,2,1,23,2,21
S01006682,Families with dependent children: Youngest aged 12 to 18,23,8,7,5,2,1,1,0,15,2,13
S01006683,All families in households,212,156,102,96,6,54,50,4,56,6,50
S01006683,Families with no dependent children,100,86,49,47,2,37,36,1,14,0,14
S01006683,Families with dependent children: Total,112,70,53,49,4,17,14,3,42,6,36
S01006683,Families with dependent children: Youngest aged 0 to 4,57,43,26,25,1,17,14,3,14,3,11
S01006683,Families with dependent children: Youngest aged 5 to 11,23,11,11,11,0,0,0,0,12,0,12
S01006683,Families with dependent children: Youngest aged 12 to 18,32,16,16,13,3,0,0,0,16,3,13
S01006684,All families in households,155,123,79,75,4,44,43,1,32,3,29
S01006684,Families with no dependent children,92,87,55,52,3,32,31,1,5,1,4
S01006684,Families with dependent children: Total,63,36,24,23,1,12,12,0,27,2,25
S01006684,Families with dependent children: Youngest aged 0 to 4,38,24,15,15,0,9,9,0,14,0,14
S01006684,Families with dependent children: Youngest aged 5 to 11,12,6,5,5,0,1,1,0,6,0,6
S01006684,Families with dependent children: Youngest aged 12 to 18,13,6,4,3,1,2,2,0,7,2,5
S01006685,All families in households,173,131,86,82,4,45,40,5,42,5,37
S01006685,Families with no dependent children,99,89,53,51,2,36,34,2,10,4,6
S01006685,Families with dependent children: Total,74,42,33,31,2,9,6,3,32,1,31
S01006685,Families with dependent children: Youngest aged 0 to 4,34,25,21,20,1,4,4,0,9,0,9
S01006685,Families with dependent children: Youngest aged 5 to 11,25,11,8,7,1,3,2,1,14,1,13
S01006685,Families with dependent children: Youngest aged 12 to 18,15,6,4,4,0,2,0,2,9,0,9
S01006686,All families in households,181,138,98,97,1,40,36,4,43,6,37
S01006686,Families with no dependent children,106,83,60,60,0,23,23,0,23,5,18
S01006686,Families with dependent children: Total,75,55,38,37,1,17,13,4,20,1,19
S01006686,Families with dependent children: Youngest aged 0 to 4,38,32,23,23,0,9,8,1,6,0,6
S01006686,Families with dependent children: Youngest aged 5 to 11,19,11,7,6,1,4,2,2,8,1,7
S01006686,Families with dependent children: Youngest aged 12 to 18,18,12,8,8,0,4,3,1,6,0,6
S01006687,All families in households,246,170,110,105,5,60,53,7,76,8,68
S01006687,Families with no dependent children,152,119,82,77,5,37,35,2,33,4,29
S01006687,Families with dependent children: Total,94,51,28,28,0,23,18,5,43,4,39
S01006687,Families with dependent children: Youngest aged 0 to 4,48,32,19,19,0,13,10,3,16,1,15
S01006687,Families with dependent children: Youngest aged 5 to 11,23,12,6,6,0,6,5,1,11,2,9
S01006687,Families with dependent children: Youngest aged 12 to 18,23,7,3,3,0,4,3,1,16,1,15
S01006688,All families in households,271,231,191,186,5,40,33,7,40,6,34
S01006688,Families with no dependent children,198,176,151,150,1,25,24,1,22,4,18
S01006688,Families with dependent children: Total,73,55,40,36,4,15,9,6,18,2,16
S01006688,Families with dependent children: Youngest aged 0 to 4,33,29,16,16,0,13,9,4,4,0,4
S01006688,Families with dependent children: Youngest aged 5 to 11,21,17,15,13,2,2,0,2,4,0,4
S01006688,Families with dependent children: Youngest aged 12 to 18,19,9,9,7,2,0,0,0,10,2,8
S01006689,All families in households,185,176,126,119,7,50,47,3,9,2,7
S01006689,Families with no dependent children,121,117,77,75,2,40,39,1,4,1,3
S01006689,Families with dependent children: Total,64,59,49,44,5,10,8,2,5,1,4
S01006689,Families with dependent children: Youngest aged 0 to 4,31,30,25,25,0,5,5,0,1,1,0
S01006689,Families with dependent children: Youngest aged 5 to 11,14,14,11,9,2,3,2,1,0,0,0
S01006689,Families with dependent children: Youngest aged 12 to 18,19,15,13,10,3,2,1,1,4,0,4
S01006690,All families in households,148,113,79,77,2,34,32,2,35,7,28
S01006690,Families with no dependent children,98,81,54,53,1,27,26,1,17,4,13
S01006690,Families with dependent children: Total,50,32,25,24,1,7,6,1,18,3,15
S01006690,Families with dependent children: Youngest aged 0 to 4,24,21,17,16,1,4,4,0,3,0,3
S01006690,Families with dependent children: Youngest aged 5 to 11,15,6,4,4,0,2,2,0,9,1,8
S01006690,Families with dependent children: Youngest aged 12 to 18,11,5,4,4,0,1,0,1,6,2,4
S01006691,All families in households,142,129,89,89,0,40,39,1,13,3,10
S01006691,Families with no dependent children,95,88,58,58,0,30,30,0,7,2,5
S01006691,Families with dependent children: Total,47,41,31,31,0,10,9,1,6,1,5
S01006691,Families with dependent children: Youngest aged 0 to 4,27,27,20,20,0,7,7,0,0,0,0
S01006691,Families with dependent children: Youngest aged 5 to 11,12,8,6,6,0,2,2,0,4,1,3
S01006691,Families with dependent children: Youngest aged 12 to 18,8,6,5,5,0,1,0,1,2,0,2
S01006692,All families in households,197,174,140,138,2,34,32,2,23,8,15
S01006692,Families with no dependent children,148,133,107,106,1,26,26,0,15,7,8
S01006692,Families with dependent children: Total,49,41,33,32,1,8,6,2,8,1,7
S01006692,Families with dependent children: Youngest aged 0 to 4,27,24,23,23,0,1,1,0,3,0,3
S01006692,Families with dependent children: Youngest aged 5 to 11,9,8,5,4,1,3,3,0,1,0,1
S01006692,Families with dependent children: Youngest aged 12 to 18,13,9,5,5,0,4,2,2,4,1,3
S01006693,All families in households,267,206,132,127,5,74,69,5,61,4,57
S01006693,Families with no dependent children,141,121,70,69,1,51,51,0,20,4,16
S01006693,Families with dependent children: Total,126,85,62,58,4,23,18,5,41,0,41
S01006693,Families with dependent children: Youngest aged 0 to 4,67,52,35,34,1,17,15,2,15,0,15
S01006693,Families with dependent children: Youngest aged 5 to 11,38,22,17,15,2,5,3,2,16,0,16
S01006693,Families with dependent children: Youngest aged 12 to 18,21,11,10,9,1,1,0,1,10,0,10
S01006694,All families in households,249,185,152,146,6,33,31,2,64,7,57
S01006694,Families with no dependent children,157,140,125,124,1,15,15,0,17,5,12
S01006694,Families with dependent children: Total,92,45,27,22,5,18,16,2,47,2,45
S01006694,Families with dependent children: Youngest aged 0 to 4,50,31,15,11,4,16,15,1,19,0,19
S01006694,Families with dependent children: Youngest aged 5 to 11,27,9,7,7,0,2,1,1,18,0,18
S01006694,Families with dependent children: Youngest aged 12 to 18,15,5,5,4,1,0,0,0,10,2,8
S01006695,All families in households,214,180,145,142,3,35,29,6,34,6,28
S01006695,Families with no dependent children,144,126,108,108,0,18,18,0,18,4,14
S01006695,Families with dependent children: Total,70,54,37,34,3,17,11,6,16,2,14
S01006695,Families with dependent children: Youngest aged 0 to 4,26,21,11,11,0,10,5,5,5,0,5
S01006695,Families with dependent children: Youngest aged 5 to 11,27,22,16,14,2,6,6,0,5,1,4
S01006695,Families with dependent children: Youngest aged 12 to 18,17,11,10,9,1,1,0,1,6,1,5
S01006696,All families in households,227,158,122,112,10,36,29,7,69,11,58
S01006696,Families with no dependent children,127,102,83,78,5,19,18,1,25,5,20
S01006696,Families with dependent children: Total,100,56,39,34,5,17,11,6,44,6,38
S01006696,Families with dependent children: Youngest aged 0 to 4,37,24,19,18,1,5,4,1,13,1,12
S01006696,Families with dependent children: Youngest aged 5 to 11,33,18,12,9,3,6,4,2,15,2,13
S01006696,Families with dependent children: Youngest aged 12 to 18,30,14,8,7,1,6,3,3,16,3,13
S01006697,All families in households,271,197,166,158,8,31,26,5,74,7,67
S01006697,Families with no dependent children,152,124,108,104,4,16,13,3,28,3,25
S01006697,Families with dependent children: Total,119,73,58,54,4,15,13,2,46,4,42
S01006697,Families with dependent children: Youngest aged 0 to 4,42,29,19,19,0,10,10,0,13,0,13
S01006697,Families with dependent children: Youngest aged 5 to 11,41,24,22,20,2,2,1,1,17,2,15
S01006697,Families with dependent children: Youngest aged 12 to 18,36,20,17,15,2,3,2,1,16,2,14
S01006698,All families in households,160,125,73,72,1,52,48,4,35,3,32
S01006698,Families with no dependent children,97,86,50,50,0,36,35,1,11,2,9
S01006698,Families with dependent children: Total,63,39,23,22,1,16,13,3,24,1,23
S01006698,Families with dependent children: Youngest aged 0 to 4,31,22,11,10,1,11,10,1,9,0,9
S01006698,Families with dependent children: Youngest aged 5 to 11,25,13,9,9,0,4,3,1,12,1,11
S01006698,Families with dependent children: Youngest aged 12 to 18,7,4,3,3,0,1,0,1,3,0,3
S01006699,All families in households,141,112,92,89,3,20,17,3,29,4,25
S01006699,Families with no dependent children,96,82,66,64,2,16,14,2,14,3,11
S01006699,Families with dependent children: Total,45,30,26,25,1,4,3,1,15,1,14
S01006699,Families with dependent children: Youngest aged 0 to 4,18,16,12,11,1,4,3,1,2,0,2
S01006699,Families with dependent children: Youngest aged 5 to 11,19,10,10,10,0,0,0,0,9,1,8
S01006699,Families with dependent children: Youngest aged 12 to 18,8,4,4,4,0,0,0,0,4,0,4
S01006700,All families in households,227,191,159,156,3,32,28,4,36,4,32
S01006700,Families with no dependent children,171,149,121,121,0,28,26,2,22,3,19
S01006700,Families with dependent children: Total,56,42,38,35,3,4,2,2,14,1,13
S01006700,Families with dependent children: Youngest aged 0 to 4,23,20,20,20,0,0,0,0,3,0,3
S01006700,Families with dependent children: Youngest aged 5 to 11,21,12,10,9,1,2,2,0,9,1,8
S01006700,Families with dependent children: Youngest aged 12 to 18,12,10,8,6,2,2,0,2,2,0,2
S01006701,All families in households,217,144,104,97,7,40,29,11,73,10,63
S01006701,Families with no dependent children,100,87,70,68,2,17,16,1,13,4,9
S01006701,Families with dependent children: Total,117,57,34,29,5,23,13,10,60,6,54
S01006701,Families with dependent children: Youngest aged 0 to 4,42,20,10,10,0,10,6,4,22,1,21
S01006701,Families with dependent children: Youngest aged 5 to 11,44,21,14,10,4,7,6,1,23,1,22
S01006701,Families with dependent children: Youngest aged 12 to 18,31,16,10,9,1,6,1,5,15,4,11
S01006702,All families in households,238,198,155,147,8,43,38,5,40,4,36
S01006702,Families with no dependent children,159,137,114,109,5,23,21,2,22,4,18
S01006702,Families with dependent children: Total,79,61,41,38,3,20,17,3,18,0,18
S01006702,Families with dependent children: Youngest aged 0 to 4,35,29,18,17,1,11,10,1,6,0,6
S01006702,Families with dependent children: Youngest aged 5 to 11,23,16,9,8,1,7,5,2,7,0,7
S01006702,Families with dependent children: Youngest aged 12 to 18,21,16,14,13,1,2,2,0,5,0,5
S01006703,All families in households,192,141,105,100,5,36,30,6,51,9,42
S01006703,Families with no dependent children,92,78,59,57,2,19,16,3,14,4,10
S01006703,Families with dependent children: Total,100,63,46,43,3,17,14,3,37,5,32
S01006703,Families with dependent children: Youngest aged 0 to 4,39,22,17,17,0,5,5,0,17,0,17
S01006703,Families with dependent children: Youngest aged 5 to 11,43,33,22,20,2,11,9,2,10,2,8
S01006703,Families with dependent children: Youngest aged 12 to 18,18,8,7,6,1,1,0,1,10,3,7
S01006704,All families in households,170,113,81,73,8,32,26,6,57,6,51
S01006704,Families with no dependent children,85,66,50,49,1,16,15,1,19,2,17
S01006704,Families with dependent children: Total,85,47,31,24,7,16,11,5,38,4,34
S01006704,Families with dependent children: Youngest aged 0 to 4,41,21,15,12,3,6,4,2,20,1,19
S01006704,Families with dependent children: Youngest aged 5 to 11,30,19,11,7,4,8,6,2,11,2,9
S01006704,Families with dependent children: Youngest aged 12 to 18,14,7,5,5,0,2,1,1,7,1,6
S01006705,All families in households,215,164,125,121,4,39,33,6,51,3,48
S01006705,Families with no dependent children,138,121,98,97,1,23,20,3,17,2,15
S01006705,Families with dependent children: Total,77,43,27,24,3,16,13,3,34,1,33
S01006705,Families with dependent children: Youngest aged 0 to 4,28,20,10,10,0,10,7,3,8,0,8
S01006705,Families with dependent children: Youngest aged 5 to 11,24,13,9,7,2,4,4,0,11,1,10
S01006705,Families with dependent children: Youngest aged 12 to 18,25,10,8,7,1,2,2,0,15,0,15
S01006706,All families in households,186,139,107,102,5,32,24,8,47,3,44
S01006706,Families with no dependent children,97,81,67,64,3,14,12,2,16,1,15
S01006706,Families with dependent children: Total,89,58,40,38,2,18,12,6,31,2,29
S01006706,Families with dependent children: Youngest aged 0 to 4,41,26,14,13,1,12,9,3,15,1,14
S01006706,Families with dependent children: Youngest aged 5 to 11,26,18,13,12,1,5,3,2,8,1,7
S01006706,Families with dependent children: Youngest aged 12 to 18,22,14,13,13,0,1,0,1,8,0,8
S01006707,All families in households,209,143,100,94,6,43,31,12,66,5,61
S01006707,Families with no dependent children,108,85,59,57,2,26,22,4,23,3,20
S01006707,Families with dependent children: Total,101,58,41,37,4,17,9,8,43,2,41
S01006707,Families with dependent children: Youngest aged 0 to 4,39,23,15,15,0,8,5,3,16,0,16
S01006707,Families with dependent children: Youngest aged 5 to 11,35,21,14,13,1,7,4,3,14,1,13
S01006707,Families with dependent children: Youngest aged 12 to 18,27,14,12,9,3,2,0,2,13,1,12
S01006708,All families in households,236,197,168,164,4,29,23,6,39,2,37
S01006708,Families with no dependent children,153,133,115,114,1,18,16,2,20,1,19
S01006708,Families with dependent children: Total,83,64,53,50,3,11,7,4,19,1,18
S01006708,Families with dependent children: Youngest aged 0 to 4,29,23,21,20,1,2,2,0,6,1,5
S01006708,Families with dependent children: Youngest aged 5 to 11,33,22,16,15,1,6,3,3,11,0,11
S01006708,Families with dependent children: Youngest aged 12 to 18,21,19,16,15,1,3,2,1,2,0,2
S01006709,All families in households,266,191,157,145,12,34,26,8,75,8,67
S01006709,Families with no dependent children,135,112,100,97,3,12,10,2,23,4,19
S01006709,Families with dependent children: Total,131,79,57,48,9,22,16,6,52,4,48
S01006709,Families with dependent children: Youngest aged 0 to 4,71,42,26,21,5,16,14,2,29,1,28
S01006709,Families with dependent children: Youngest aged 5 to 11,30,21,16,14,2,5,1,4,9,1,8
S01006709,Families with dependent children: Youngest aged 12 to 18,30,16,15,13,2,1,1,0,14,2,12
S01006710,All families in households,268,229,190,183,7,39,34,5,39,3,36
S01006710,Families with no dependent children,197,178,155,149,6,23,23,0,19,3,16
S01006710,Families with dependent children: Total,71,51,35,34,1,16,11,5,20,0,20
S01006710,Families with dependent children: Youngest aged 0 to 4,23,21,16,16,0,5,5,0,2,0,2
S01006710,Families with dependent children: Youngest aged 5 to 11,24,15,11,11,0,4,3,1,9,0,9
S01006710,Families with dependent children: Youngest aged 12 to 18,24,15,8,7,1,7,3,4,9,0,9
S01006711,All families in households,255,205,156,151,5,49,44,5,50,8,42
S01006711,Families with no dependent children,176,151,117,114,3,34,34,0,25,7,18
S01006711,Families with dependent children: Total,79,54,39,37,2,15,10,5,25,1,24
S01006711,Families with dependent children: Youngest aged 0 to 4,29,19,11,10,1,8,6,2,10,0,10
S01006711,Families with dependent children: Youngest aged 5 to 11,33,25,18,18,0,7,4,3,8,0,8
S01006711,Families with dependent children: Youngest aged 12 to 18,17,10,10,9,1,0,0,0,7,1,6
S01006712,All families in households,170,137,122,120,2,15,13,2,33,4,29
S01006712,Families with no dependent children,117,98,91,90,1,7,7,0,19,2,17
S01006712,Families with dependent children: Total,53,39,31,30,1,8,6,2,14,2,12
S01006712,Families with dependent children: Youngest aged 0 to 4,22,21,15,15,0,6,5,1,1,1,0
S01006712,Families with dependent children: Youngest aged 5 to 11,15,10,9,8,1,1,1,0,5,0,5
S01006712,Families with dependent children: Youngest aged 12 to 18,16,8,7,7,0,1,0,1,8,1,7
S01006713,All families in households,282,224,176,164,12,48,42,6,58,5,53
S01006713,Families with no dependent children,173,153,124,118,6,29,27,2,20,4,16
S01006713,Families with dependent children: Total,109,71,52,46,6,19,15,4,38,1,37
S01006713,Families with dependent children: Youngest aged 0 to 4,35,25,18,15,3,7,5,2,10,0,10
S01006713,Families with dependent children: Youngest aged 5 to 11,44,26,21,21,0,5,4,1,18,1,17
S01006713,Families with dependent children: Youngest aged 12 to 18,30,20,13,10,3,7,6,1,10,0,10
S01006714,All families in households,194,164,133,127,6,31,21,10,30,7,23
S01006714,Families with no dependent children,132,114,98,96,2,16,14,2,18,5,13
S01006714,Families with dependent children: Total,62,50,35,31,4,15,7,8,12,2,10
S01006714,Families with dependent children: Youngest aged 0 to 4,30,25,17,15,2,8,4,4,5,2,3
S01006714,Families with dependent children: Youngest aged 5 to 11,23,18,15,14,1,3,3,0,5,0,5
S01006714,Families with dependent children: Youngest aged 12 to 18,9,7,3,2,1,4,0,4,2,0,2
S01006715,All families in households,176,119,87,76,11,32,23,9,57,8,49
S01006715,Families with no dependent children,74,62,49,48,1,13,11,2,12,4,8
S01006715,Families with dependent children: Total,102,57,38,28,10,19,12,7,45,4,41
S01006715,Families with dependent children: Youngest aged 0 to 4,34,21,11,10,1,10,5,5,13,2,11
S01006715,Families with dependent children: Youngest aged 5 to 11,45,23,18,11,7,5,3,2,22,2,20
S01006715,Families with dependent children: Youngest aged 12 to 18,23,13,9,7,2,4,4,0,10,0,10
S01006716,All families in households,184,133,109,95,14,24,20,4,51,8,43
S01006716,Families with no dependent children,106,87,73,67,6,14,12,2,19,6,13
S01006716,Families with dependent children: Total,78,46,36,28,8,10,8,2,32,2,30
S01006716,Families with dependent children: Youngest aged 0 to 4,24,13,11,9,2,2,2,0,11,0,11
S01006716,Families with dependent children: Youngest aged 5 to 11,28,18,13,9,4,5,3,2,10,1,9
S01006716,Families with dependent children: Youngest aged 12 to 18,26,15,12,10,2,3,3,0,11,1,10
S01006717,All families in households,293,228,179,171,8,49,42,7,65,4,61
S01006717,Families with no dependent children,188,158,133,130,3,25,23,2,30,3,27
S01006717,Families with dependent children: Total,105,70,46,41,5,24,19,5,35,1,34
S01006717,Families with dependent children: Youngest aged 0 to 4,49,40,24,22,2,16,15,1,9,0,9
S01006717,Families with dependent children: Youngest aged 5 to 11,31,17,12,10,2,5,2,3,14,1,13
S01006717,Families with dependent children: Youngest aged 12 to 18,25,13,10,9,1,3,2,1,12,0,12
S01006718,All families in households,187,143,120,115,5,23,16,7,44,8,36
S01006718,Families with no dependent children,122,99,88,86,2,11,8,3,23,6,17
S01006718,Families with dependent children: Total,65,44,32,29,3,12,8,4,21,2,19
S01006718,Families with dependent children: Youngest aged 0 to 4,18,15,9,8,1,6,4,2,3,0,3
S01006718,Families with dependent children: Youngest aged 5 to 11,22,16,11,10,1,5,3,2,6,0,6
S01006718,Families with dependent children: Youngest aged 12 to 18,25,13,12,11,1,1,1,0,12,2,10
S01006719,All families in households,278,217,168,156,12,49,42,7,61,8,53
S01006719,Families with no dependent children,153,130,107,102,5,23,22,1,23,4,19
S01006719,Families with dependent children: Total,125,87,61,54,7,26,20,6,38,4,34
S01006719,Families with dependent children: Youngest aged 0 to 4,49,37,27,25,2,10,9,1,12,0,12
S01006719,Families with dependent children: Youngest aged 5 to 11,45,30,15,12,3,15,10,5,15,3,12
S01006719,Families with dependent children: Youngest aged 12 to 18,31,20,19,17,2,1,1,0,11,1,10
S01006720,All families in households,183,142,118,111,7,24,21,3,41,6,35
S01006720,Families with no dependent children,116,94,79,78,1,15,14,1,22,6,16
S01006720,Families with dependent children: Total,67,48,39,33,6,9,7,2,19,0,19
S01006720,Families with dependent children: Youngest aged 0 to 4,28,23,16,14,2,7,6,1,5,0,5
S01006720,Families with dependent children: Youngest aged 5 to 11,19,13,11,8,3,2,1,1,6,0,6
S01006720,Families with dependent children: Youngest aged 12 to 18,20,12,12,11,1,0,0,0,8,0,8
S01006721,All families in households,266,203,164,154,10,39,30,9,63,11,52
S01006721,Families with no dependent children,158,134,112,109,3,22,18,4,24,7,17
S01006721,Families with dependent children: Total,108,69,52,45,7,17,12,5,39,4,35
S01006721,Families with dependent children: Youngest aged 0 to 4,45,33,25,23,2,8,4,4,12,0,12
S01006721,Families with dependent children: Youngest aged 5 to 11,37,22,13,10,3,9,8,1,15,0,15
S01006721,Families with dependent children: Youngest aged 12 to 18,26,14,14,12,2,0,0,0,12,4,8
S01006722,All families in households,233,167,137,129,8,30,27,3,66,10,56
S01006722,Families with no dependent children,125,97,85,82,3,12,11,1,28,5,23
S01006722,Families with dependent children: Total,108,70,52,47,5,18,16,2,38,5,33
S01006722,Families with dependent children: Youngest aged 0 to 4,37,27,15,14,1,12,11,1,10,0,10
S01006722,Families with dependent children: Youngest aged 5 to 11,40,22,19,17,2,3,2,1,18,0,18
S01006722,Families with dependent children: Youngest aged 12 to 18,31,21,18,16,2,3,3,0,10,5,5
S01006723,All families in households,195,149,126,118,8,23,19,4,46,8,38
S01006723,Families with no dependent children,116,99,88,84,4,11,11,0,17,6,11
S01006723,Families with dependent children: Total,79,50,38,34,4,12,8,4,29,2,27
S01006723,Families with dependent children: Youngest aged 0 to 4,32,26,19,18,1,7,4,3,6,0,6
S01006723,Families with dependent children: Youngest aged 5 to 11,19,11,9,9,0,2,2,0,8,0,8
S01006723,Families with dependent children: Youngest aged 12 to 18,28,13,10,7,3,3,2,1,15,2,13
S01006724,All families in households,278,172,118,102,16,54,39,15,106,13,93
S01006724,Families with no dependent children,90,70,52,48,4,18,15,3,20,8,12
S01006724,Families with dependent children: Total,188,102,66,54,12,36,24,12,86,5,81
S01006724,Families with dependent children: Youngest aged 0 to 4,76,48,24,22,2,24,18,6,28,1,27
S01006724,Families with dependent children: Youngest aged 5 to 11,68,33,22,17,5,11,6,5,35,2,33
S01006724,Families with dependent children: Youngest aged 12 to 18,44,21,20,15,5,1,0,1,23,2,21
S01006725,All families in households,196,159,121,110,11,38,31,7,37,3,34
S01006725,Families with no dependent children,108,100,81,76,5,19,17,2,8,0,8
S01006725,Families with dependent children: Total,88,59,40,34,6,19,14,5,29,3,26
S01006725,Families with dependent children: Youngest aged 0 to 4,41,28,15,13,2,13,12,1,13,1,12
S01006725,Families with dependent children: Youngest aged 5 to 11,26,15,12,9,3,3,2,1,11,0,11
S01006725,Families with dependent children: Youngest aged 12 to 18,21,16,13,12,1,3,0,3,5,2,3
S01006726,All families in households,382,226,149,133,16,77,56,21,156,26,130
S01006726,Families with no dependent children,138,101,68,62,6,33,32,1,37,10,27
S01006726,Families with dependent children: Total,244,125,81,71,10,44,24,20,119,16,103
S01006726,Families with dependent children: Youngest aged 0 to 4,95,47,22,21,1,25,14,11,48,2,46
S01006726,Families with dependent children: Youngest aged 5 to 11,94,43,29,24,5,14,9,5,51,8,43
S01006726,Families with dependent children: Youngest aged 12 to 18,55,35,30,26,4,5,1,4,20,6,14
S01006727,All families in households,251,173,117,107,10,56,47,9,78,4,74
S01006727,Families with no dependent children,95,76,52,51,1,24,23,1,19,1,18
S01006727,Families with dependent children: Total,156,97,65,56,9,32,24,8,59,3,56
S01006727,Families with dependent children: Youngest aged 0 to 4,68,48,27,24,3,21,18,3,20,0,20
S01006727,Families with dependent children: Youngest aged 5 to 11,53,28,19,16,3,9,5,4,25,2,23
S01006727,Families with dependent children: Youngest aged 12 to 18,35,21,19,16,3,2,1,1,14,1,13
S01006728,All families in households,226,156,115,107,8,41,36,5,70,4,66
S01006728,Families with no dependent children,108,86,65,62,3,21,20,1,22,2,20
S01006728,Families with dependent children: Total,118,70,50,45,5,20,16,4,48,2,46
S01006728,Families with dependent children: Youngest aged 0 to 4,48,31,22,20,2,9,8,1,17,2,15
S01006728,Families with dependent children: Youngest aged 5 to 11,38,21,16,13,3,5,3,2,17,0,17
S01006728,Families with dependent children: Youngest aged 12 to 18,32,18,12,12,0,6,5,1,14,0,14
S01006729,All families in households,235,150,119,109,10,31,24,7,85,7,78
S01006729,Families with no dependent children,113,89,74,69,5,15,14,1,24,4,20
S01006729,Families with dependent children: Total,122,61,45,40,5,16,10,6,61,3,58
S01006729,Families with dependent children: Youngest aged 0 to 4,50,25,13,13,0,12,7,5,25,0,25
S01006729,Families with dependent children: Youngest aged 5 to 11,42,21,18,16,2,3,3,0,21,1,20
S01006729,Families with dependent children: Youngest aged 12 to 18,30,15,14,11,3,1,0,1,15,2,13
S01006730,All families in households,226,191,151,142,9,40,30,10,35,2,33
S01006730,Families with no dependent children,139,127,104,103,1,23,21,2,12,2,10
S01006730,Families with dependent children: Total,87,64,47,39,8,17,9,8,23,0,23
S01006730,Families with dependent children: Youngest aged 0 to 4,28,22,16,14,2,6,5,1,6,0,6
S01006730,Families with dependent children: Youngest aged 5 to 11,27,18,12,8,4,6,4,2,9,0,9
S01006730,Families with dependent children: Youngest aged 12 to 18,32,24,19,17,2,5,0,5,8,0,8
S01006731,All families in households,171,130,97,88,9,33,30,3,41,5,36
S01006731,Families with no dependent children,108,89,70,69,1,19,19,0,19,4,15
S01006731,Families with dependent children: Total,63,41,27,19,8,14,11,3,22,1,21
S01006731,Families with dependent children: Youngest aged 0 to 4,20,13,6,4,2,7,6,1,7,0,7
S01006731,Families with dependent children: Youngest aged 5 to 11,25,16,12,8,4,4,3,1,9,1,8
S01006731,Families with dependent children: Youngest aged 12 to 18,18,12,9,7,2,3,2,1,6,0,6
S01006732,All families in households,288,259,209,205,4,50,43,7,29,6,23
S01006732,Families with no dependent children,162,150,115,112,3,35,34,1,12,5,7
S01006732,Families with dependent children: Total,126,109,94,93,1,15,9,6,17,1,16
S01006732,Families with dependent children: Youngest aged 0 to 4,50,43,34,33,1,9,7,2,7,1,6
S01006732,Families with dependent children: Youngest aged 5 to 11,49,44,41,41,0,3,0,3,5,0,5
S01006732,Families with dependent children: Youngest aged 12 to 18,27,22,19,19,0,3,2,1,5,0,5
S01006733,All families in households,275,253,236,225,11,17,13,4,22,2,20
S01006733,Families with no dependent children,111,104,94,93,1,10,8,2,7,0,7
S01006733,Families with dependent children: Total,164,149,142,132,10,7,5,2,15,2,13
S01006733,Families with dependent children: Youngest aged 0 to 4,60,57,53,50,3,4,4,0,3,0,3
S01006733,Families with dependent children: Youngest aged 5 to 11,64,58,55,52,3,3,1,2,6,0,6
S01006733,Families with dependent children: Youngest aged 12 to 18,40,34,34,30,4,0,0,0,6,2,4
S01006734,All families in households,276,259,218,210,8,41,33,8,17,3,14
S01006734,Families with no dependent children,126,116,90,87,3,26,25,1,10,2,8
S01006734,Families with dependent children: Total,150,143,128,123,5,15,8,7,7,1,6
S01006734,Families with dependent children: Youngest aged 0 to 4,66,65,57,55,2,8,6,2,1,0,1
S01006734,Families with dependent children: Youngest aged 5 to 11,42,39,35,35,0,4,2,2,3,0,3
S01006734,Families with dependent children: Youngest aged 12 to 18,42,39,36,33,3,3,0,3,3,1,2
S01006735,All families in households,201,194,179,178,1,15,14,1,7,1,6
S01006735,Families with no dependent children,129,127,118,118,0,9,9,0,2,0,2
S01006735,Families with dependent children: Total,72,67,61,60,1,6,5,1,5,1,4
S01006735,Families with dependent children: Youngest aged 0 to 4,23,23,20,19,1,3,3,0,0,0,0
S01006735,Families with dependent children: Youngest aged 5 to 11,20,19,17,17,0,2,2,0,1,0,1
S01006735,Families with dependent children: Youngest aged 12 to 18,29,25,24,24,0,1,0,1,4,1,3
S01006736,All families in households,344,304,234,230,4,70,59,11,40,3,37
S01006736,Families with no dependent children,138,125,88,87,1,37,36,1,13,2,11
S01006736,Families with dependent children: Total,206,179,146,143,3,33,23,10,27,1,26
S01006736,Families with dependent children: Youngest aged 0 to 4,112,102,82,81,1,20,18,2,10,0,10
S01006736,Families with dependent children: Youngest aged 5 to 11,65,56,46,44,2,10,5,5,9,0,9
S01006736,Families with dependent children: Youngest aged 12 to 18,29,21,18,18,0,3,0,3,8,1,7
S01006737,All families in households,213,193,166,161,5,27,26,1,20,7,13
S01006737,Families with no dependent children,139,127,110,110,0,17,17,0,12,4,8
S01006737,Families with dependent children: Total,74,66,56,51,5,10,9,1,8,3,5
S01006737,Families with dependent children: Youngest aged 0 to 4,26,22,19,19,0,3,2,1,4,3,1
S01006737,Families with dependent children: Youngest aged 5 to 11,31,28,22,18,4,6,6,0,3,0,3
S01006737,Families with dependent children: Youngest aged 12 to 18,17,16,15,14,1,1,1,0,1,0,1
S01006738,All families in households,224,177,94,90,4,83,79,4,47,9,38
S01006738,Families with no dependent children,142,125,61,60,1,64,64,0,17,7,10
S01006738,Families with dependent children: Total,82,52,33,30,3,19,15,4,30,2,28
S01006738,Families with dependent children: Youngest aged 0 to 4,41,30,20,20,0,10,9,1,11,1,10
S01006738,Families with dependent children: Youngest aged 5 to 11,26,18,10,8,2,8,5,3,8,0,8
S01006738,Families with dependent children: Youngest aged 12 to 18,15,4,3,2,1,1,1,0,11,1,10
S01006739,All families in households,184,160,105,102,3,55,52,3,24,2,22
S01006739,Families with no dependent children,125,116,75,75,0,41,39,2,9,1,8
S01006739,Families with dependent children: Total,59,44,30,27,3,14,13,1,15,1,14
S01006739,Families with dependent children: Youngest aged 0 to 4,33,28,18,17,1,10,10,0,5,0,5
S01006739,Families with dependent children: Youngest aged 5 to 11,16,9,6,6,0,3,2,1,7,1,6
S01006739,Families with dependent children: Youngest aged 12 to 18,10,7,6,4,2,1,1,0,3,0,3
S01006740,All families in households,231,185,144,139,5,41,37,4,46,3,43
S01006740,Families with no dependent children,161,144,114,111,3,30,27,3,17,2,15
S01006740,Families with dependent children: Total,70,41,30,28,2,11,10,1,29,1,28
S01006740,Families with dependent children: Youngest aged 0 to 4,30,19,11,10,1,8,8,0,11,0,11
S01006740,Families with dependent children: Youngest aged 5 to 11,19,13,11,10,1,2,2,0,6,1,5
S01006740,Families with dependent children: Youngest aged 12 to 18,21,9,8,8,0,1,0,1,12,0,12
S01006741,All families in households,207,183,150,144,6,33,29,4,24,2,22
S01006741,Families with no dependent children,152,135,115,114,1,20,19,1,17,2,15
S01006741,Families with dependent children: Total,55,48,35,30,5,13,10,3,7,0,7
S01006741,Families with dependent children: Youngest aged 0 to 4,25,24,17,15,2,7,7,0,1,0,1
S01006741,Families with dependent children: Youngest aged 5 to 11,12,9,8,7,1,1,1,0,3,0,3
S01006741,Families with dependent children: Youngest aged 12 to 18,18,15,10,8,2,5,2,3,3,0,3
S01006742,All families in households,140,117,91,88,3,26,26,0,23,2,21
S01006742,Families with no dependent children,88,77,59,57,2,18,18,0,11,1,10
S01006742,Families with dependent children: Total,52,40,32,31,1,8,8,0,12,1,11
S01006742,Families with dependent children: Youngest aged 0 to 4,23,18,12,12,0,6,6,0,5,1,4
S01006742,Families with dependent children: Youngest aged 5 to 11,19,15,14,13,1,1,1,0,4,0,4
S01006742,Families with dependent children: Youngest aged 12 to 18,10,7,6,6,0,1,1,0,3,0,3
S01006743,All families in households,162,141,98,92,6,43,40,3,21,2,19
S01006743,Families with no dependent children,121,111,77,74,3,34,34,0,10,1,9
S01006743,Families with dependent children: Total,41,30,21,18,3,9,6,3,11,1,10
S01006743,Families with dependent children: Youngest aged 0 to 4,12,9,3,3,0,6,6,0,3,0,3
S01006743,Families with dependent children: Youngest aged 5 to 11,15,10,8,5,3,2,0,2,5,0,5
S01006743,Families with dependent children: Youngest aged 12 to 18,14,11,10,10,0,1,0,1,3,1,2
S01006744,All families in households,183,154,106,101,5,48,41,7,29,3,26
S01006744,Families with no dependent children,128,114,78,77,1,36,31,5,14,3,11
S01006744,Families with dependent children: Total,55,40,28,24,4,12,10,2,15,0,15
S01006744,Families with dependent children: Youngest aged 0 to 4,25,21,13,12,1,8,8,0,4,0,4
S01006744,Families with dependent children: Youngest aged 5 to 11,15,9,7,5,2,2,1,1,6,0,6
S01006744,Families with dependent children: Youngest aged 12 to 18,15,10,8,7,1,2,1,1,5,0,5
S01006745,All families in households,248,186,132,126,6,54,44,10,62,5,57
S01006745,Families with no dependent children,171,138,100,96,4,38,32,6,33,5,28
S01006745,Families with dependent children: Total,77,48,32,30,2,16,12,4,29,0,29
S01006745,Families with dependent children: Youngest aged 0 to 4,34,23,14,14,0,9,8,1,11,0,11
S01006745,Families with dependent children: Youngest aged 5 to 11,20,13,9,8,1,4,2,2,7,0,7
S01006745,Families with dependent children: Youngest aged 12 to 18,23,12,9,8,1,3,2,1,11,0,11
S01006746,All families in households,254,197,157,150,7,40,31,9,57,5,52
S01006746,Families with no dependent children,152,124,110,108,2,14,12,2,28,3,25
S01006746,Families with dependent children: Total,102,73,47,42,5,26,19,7,29,2,27
S01006746,Families with dependent children: Youngest aged 0 to 4,38,32,16,14,2,16,14,2,6,0,6
S01006746,Families with dependent children: Youngest aged 5 to 11,40,23,16,14,2,7,4,3,17,1,16
S01006746,Families with dependent children: Youngest aged 12 to 18,24,18,15,14,1,3,1,2,6,1,5
S01006747,All families in households,283,260,236,229,7,24,21,3,23,5,18
S01006747,Families with no dependent children,216,205,190,187,3,15,15,0,11,4,7
S01006747,Families with dependent children: Total,67,55,46,42,4,9,6,3,12,1,11
S01006747,Families with dependent children: Youngest aged 0 to 4,24,20,16,16,0,4,3,1,4,0,4
S01006747,Families with dependent children: Youngest aged 5 to 11,22,18,15,14,1,3,1,2,4,0,4
S01006747,Families with dependent children: Youngest aged 12 to 18,21,17,15,12,3,2,2,0,4,1,3
S01006748,All families in households,284,267,234,229,5,33,27,6,17,0,17
S01006748,Families with no dependent children,196,188,170,167,3,18,18,0,8,0,8
S01006748,Families with dependent children: Total,88,79,64,62,2,15,9,6,9,0,9
S01006748,Families with dependent children: Youngest aged 0 to 4,32,27,17,17,0,10,6,4,5,0,5
S01006748,Families with dependent children: Youngest aged 5 to 11,39,36,31,29,2,5,3,2,3,0,3
S01006748,Families with dependent children: Youngest aged 12 to 18,17,16,16,16,0,0,0,0,1,0,1
S01006749,All families in households,273,242,197,189,8,45,39,6,31,5,26
S01006749,Families with no dependent children,173,158,133,130,3,25,23,2,15,2,13
S01006749,Families with dependent children: Total,100,84,64,59,5,20,16,4,16,3,13
S01006749,Families with dependent children: Youngest aged 0 to 4,31,28,18,17,1,10,8,2,3,0,3
S01006749,Families with dependent children: Youngest aged 5 to 11,34,26,22,22,0,4,4,0,8,2,6
S01006749,Families with dependent children: Youngest aged 12 to 18,35,30,24,20,4,6,4,2,5,1,4
S01006750,All families in households,199,170,142,138,4,28,25,3,29,3,26
S01006750,Families with no dependent children,141,125,107,106,1,18,16,2,16,2,14
S01006750,Families with dependent children: Total,58,45,35,32,3,10,9,1,13,1,12
S01006750,Families with dependent children: Youngest aged 0 to 4,28,24,16,15,1,8,8,0,4,1,3
S01006750,Families with dependent children: Youngest aged 5 to 11,15,12,10,10,0,2,1,1,3,0,3
S01006750,Families with dependent children: Youngest aged 12 to 18,15,9,9,7,2,0,0,0,6,0,6
S01006751,All families in households,152,128,108,103,5,20,15,5,24,1,23
S01006751,Families with no dependent children,102,89,76,74,2,13,10,3,13,1,12
S01006751,Families with dependent children: Total,50,39,32,29,3,7,5,2,11,0,11
S01006751,Families with dependent children: Youngest aged 0 to 4,18,15,11,10,1,4,3,1,3,0,3
S01006751,Families with dependent children: Youngest aged 5 to 11,17,15,12,10,2,3,2,1,2,0,2
S01006751,Families with dependent children: Youngest aged 12 to 18,15,9,9,9,0,0,0,0,6,0,6
S01006752,All families in households,214,172,149,142,7,23,18,5,42,5,37
S01006752,Families with no dependent children,139,125,114,111,3,11,10,1,14,2,12
S01006752,Families with dependent children: Total,75,47,35,31,4,12,8,4,28,3,25
S01006752,Families with dependent children: Youngest aged 0 to 4,33,29,23,22,1,6,6,0,4,0,4
S01006752,Families with dependent children: Youngest aged 5 to 11,18,8,5,4,1,3,1,2,10,1,9
S01006752,Families with dependent children: Youngest aged 12 to 18,24,10,7,5,2,3,1,2,14,2,12
S01006753,All families in households,290,257,217,213,4,40,33,7,33,2,31
S01006753,Families with no dependent children,200,182,158,156,2,24,22,2,18,1,17
S01006753,Families with dependent children: Total,90,75,59,57,2,16,11,5,15,1,14
S01006753,Families with dependent children: Youngest aged 0 to 4,39,35,25,24,1,10,7,3,4,0,4
S01006753,Families with dependent children: Youngest aged 5 to 11,28,22,20,19,1,2,0,2,6,0,6
S01006753,Families with dependent children: Youngest aged 12 to 18,23,18,14,14,0,4,4,0,5,1,4
S01006754,All families in households,307,282,248,239,9,34,32,2,25,5,20
S01006754,Families with no dependent children,233,220,191,187,4,29,29,0,13,3,10
S01006754,Families with dependent children: Total,74,62,57,52,5,5,3,2,12,2,10
S01006754,Families with dependent children: Youngest aged 0 to 4,22,21,19,16,3,2,2,0,1,0,1
S01006754,Families with dependent children: Youngest aged 5 to 11,20,13,12,11,1,1,0,1,7,0,7
S01006754,Families with dependent children: Youngest aged 12 to 18,32,28,26,25,1,2,1,1,4,2,2
S01006755,All families in households,213,193,152,143,9,41,37,4,20,2,18
S01006755,Families with no dependent children,102,94,68,66,2,26,25,1,8,2,6
S01006755,Families with dependent children: Total,111,99,84,77,7,15,12,3,12,0,12
S01006755,Families with dependent children: Youngest aged 0 to 4,47,42,34,31,3,8,7,1,5,0,5
S01006755,Families with dependent children: Youngest aged 5 to 11,39,35,28,25,3,7,5,2,4,0,4
S01006755,Families with dependent children: Youngest aged 12 to 18,25,22,22,21,1,0,0,0,3,0,3
S01006756,All families in households,181,168,116,114,2,52,49,3,13,1,12
S01006756,Families with no dependent children,91,91,51,51,0,40,40,0,0,0,0
S01006756,Families with dependent children: Total,90,77,65,63,2,12,9,3,13,1,12
S01006756,Families with dependent children: Youngest aged 0 to 4,46,40,33,33,0,7,7,0,6,1,5
S01006756,Families with dependent children: Youngest aged 5 to 11,23,20,17,16,1,3,2,1,3,0,3
S01006756,Families with dependent children: Youngest aged 12 to 18,21,17,15,14,1,2,0,2,4,0,4
S01006757,All families in households,231,208,164,160,4,44,41,3,23,2,21
S01006757,Families with no dependent children,152,143,110,108,2,33,33,0,9,2,7
S01006757,Families with dependent children: Total,79,65,54,52,2,11,8,3,14,0,14
S01006757,Families with dependent children: Youngest aged 0 to 4,29,28,20,19,1,8,7,1,1,0,1
S01006757,Families with dependent children: Youngest aged 5 to 11,17,13,10,9,1,3,1,2,4,0,4
S01006757,Families with dependent children: Youngest aged 12 to 18,33,24,24,24,0,0,0,0,9,0,9
S01006758,All families in households,219,203,174,171,3,29,27,2,16,5,11
S01006758,Families with no dependent children,150,142,122,121,1,20,20,0,8,4,4
S01006758,Families with dependent children: Total,69,61,52,50,2,9,7,2,8,1,7
S01006758,Families with dependent children: Youngest aged 0 to 4,22,19,16,16,0,3,3,0,3,0,3
S01006758,Families with dependent children: Youngest aged 5 to 11,22,19,14,13,1,5,3,2,3,0,3
S01006758,Families with dependent children: Youngest aged 12 to 18,25,23,22,21,1,1,1,0,2,1,1
S01006759,All families in households,192,172,149,143,6,23,21,2,20,3,17
S01006759,Families with no dependent children,122,114,101,99,2,13,13,0,8,3,5
S01006759,Families with dependent children: Total,70,58,48,44,4,10,8,2,12,0,12
S01006759,Families with dependent children: Youngest aged 0 to 4,22,19,15,14,1,4,3,1,3,0,3
S01006759,Families with dependent children: Youngest aged 5 to 11,26,23,18,18,0,5,4,1,3,0,3
S01006759,Families with dependent children: Youngest aged 12 to 18,22,16,15,12,3,1,1,0,6,0,6
S01006760,All families in households,156,142,108,107,1,34,33,1,14,0,14
S01006760,Families with no dependent children,97,96,72,71,1,24,24,0,1,0,1
S01006760,Families with dependent children: Total,59,46,36,36,0,10,9,1,13,0,13
S01006760,Families with dependent children: Youngest aged 0 to 4,26,23,17,17,0,6,6,0,3,0,3
S01006760,Families with dependent children: Youngest aged 5 to 11,13,9,8,8,0,1,1,0,4,0,4
S01006760,Families with dependent children: Youngest aged 12 to 18,20,14,11,11,0,3,2,1,6,0,6
S01006761,All families in households,235,220,184,181,3,36,30,6,15,4,11
S01006761,Families with no dependent children,175,170,139,137,2,31,27,4,5,1,4
S01006761,Families with dependent children: Total,60,50,45,44,1,5,3,2,10,3,7
S01006761,Families with dependent children: Youngest aged 0 to 4,18,16,13,13,0,3,2,1,2,0,2
S01006761,Families with dependent children: Youngest aged 5 to 11,15,12,12,11,1,0,0,0,3,0,3
S01006761,Families with dependent children: Youngest aged 12 to 18,27,22,20,20,0,2,1,1,5,3,2
S01006762,All families in households,246,235,207,202,5,28,26,2,11,1,10
S01006762,Families with no dependent children,183,179,158,156,2,21,21,0,4,0,4
S01006762,Families with dependent children: Total,63,56,49,46,3,7,5,2,7,1,6
S01006762,Families with dependent children: Youngest aged 0 to 4,20,20,17,16,1,3,3,0,0,0,0
S01006762,Families with dependent children: Youngest aged 5 to 11,24,21,17,15,2,4,2,2,3,0,3
S01006762,Families with dependent children: Youngest aged 12 to 18,19,15,15,15,0,0,0,0,4,1,3
S01006763,All families in households,261,233,180,166,14,53,46,7,28,4,24
S01006763,Families with no dependent children,116,108,74,68,6,34,32,2,8,3,5
S01006763,Families with dependent children: Total,145,125,106,98,8,19,14,5,20,1,19
S01006763,Families with dependent children: Youngest aged 0 to 4,61,55,44,44,0,11,10,1,6,0,6
S01006763,Families with dependent children: Youngest aged 5 to 11,45,36,31,28,3,5,2,3,9,1,8
S01006763,Families with dependent children: Youngest aged 12 to 18,39,34,31,26,5,3,2,1,5,0,5
S01006764,All families in households,243,218,169,160,9,49,43,6,25,2,23
S01006764,Families with no dependent children,144,134,100,95,5,34,32,2,10,1,9
S01006764,Families with dependent children: Total,99,84,69,65,4,15,11,4,15,1,14
S01006764,Families with dependent children: Youngest aged 0 to 4,41,36,25,24,1,11,9,2,5,0,5
S01006764,Families with dependent children: Youngest aged 5 to 11,25,21,19,19,0,2,1,1,4,1,3
S01006764,Families with dependent children: Youngest aged 12 to 18,33,27,25,22,3,2,1,1,6,0,6
S01006765,All families in households,177,158,123,119,4,35,31,4,19,4,15
S01006765,Families with no dependent children,117,109,80,79,1,29,28,1,8,1,7
S01006765,Families with dependent children: Total,60,49,43,40,3,6,3,3,11,3,8
S01006765,Families with dependent children: Youngest aged 0 to 4,22,19,17,17,0,2,1,1,3,1,2
S01006765,Families with dependent children: Youngest aged 5 to 11,20,14,13,10,3,1,1,0,6,1,5
S01006765,Families with dependent children: Youngest aged 12 to 18,18,16,13,13,0,3,1,2,2,1,1
S01006766,All families in households,186,172,139,134,5,33,30,3,14,2,12
S01006766,Families with no dependent children,120,113,84,83,1,29,28,1,7,2,5
S01006766,Families with dependent children: Total,66,59,55,51,4,4,2,2,7,0,7
S01006766,Families with dependent children: Youngest aged 0 to 4,16,13,12,12,0,1,1,0,3,0,3
S01006766,Families with dependent children: Youngest aged 5 to 11,28,26,24,23,1,2,1,1,2,0,2
S01006766,Families with dependent children: Youngest aged 12 to 18,22,20,19,16,3,1,0,1,2,0,2
S01006767,All families in households,218,189,166,162,4,23,23,0,29,5,24
S01006767,Families with no dependent children,137,122,103,101,2,19,19,0,15,5,10
S01006767,Families with dependent children: Total,81,67,63,61,2,4,4,0,14,0,14
S01006767,Families with dependent children: Youngest aged 0 to 4,29,26,24,24,0,2,2,0,3,0,3
S01006767,Families with dependent children: Youngest aged 5 to 11,22,18,16,15,1,2,2,0,4,0,4
S01006767,Families with dependent children: Youngest aged 12 to 18,30,23,23,22,1,0,0,0,7,0,7
S01006768,All families in households,200,190,170,163,7,20,17,3,10,1,9
S01006768,Families with no dependent children,117,111,100,96,4,11,10,1,6,1,5
S01006768,Families with dependent children: Total,83,79,70,67,3,9,7,2,4,0,4
S01006768,Families with dependent children: Youngest aged 0 to 4,19,18,14,13,1,4,4,0,1,0,1
S01006768,Families with dependent children: Youngest aged 5 to 11,19,18,18,17,1,0,0,0,1,0,1
S01006768,Families with dependent children: Youngest aged 12 to 18,45,43,38,37,1,5,3,2,2,0,2
S01006769,All families in households,301,261,228,215,13,33,29,4,40,7,33
S01006769,Families with no dependent children,180,160,140,134,6,20,19,1,20,5,15
S01006769,Families with dependent children: Total,121,101,88,81,7,13,10,3,20,2,18
S01006769,Families with dependent children: Youngest aged 0 to 4,40,37,30,26,4,7,6,1,3,0,3
S01006769,Families with dependent children: Youngest aged 5 to 11,39,30,26,26,0,4,3,1,9,1,8
S01006769,Families with dependent children: Youngest aged 12 to 18,42,34,32,29,3,2,1,1,8,1,7
S01006770,All families in households,232,214,188,184,4,26,24,2,18,6,12
S01006770,Families with no dependent children,170,159,141,140,1,18,16,2,11,5,6
S01006770,Families with dependent children: Total,62,55,47,44,3,8,8,0,7,1,6
S01006770,Families with dependent children: Youngest aged 0 to 4,24,23,17,15,2,6,6,0,1,0,1
S01006770,Families with dependent children: Youngest aged 5 to 11,18,16,14,13,1,2,2,0,2,0,2
S01006770,Families with dependent children: Youngest aged 12 to 18,20,16,16,16,0,0,0,0,4,1,3
S01006771,All families in households,140,128,117,111,6,11,9,2,12,2,10
S01006771,Families with no dependent children,74,67,63,62,1,4,4,0,7,2,5
S01006771,Families with dependent children: Total,66,61,54,49,5,7,5,2,5,0,5
S01006771,Families with dependent children: Youngest aged 0 to 4,21,20,17,15,2,3,3,0,1,0,1
S01006771,Families with dependent children: Youngest aged 5 to 11,15,13,12,12,0,1,1,0,2,0,2
S01006771,Families with dependent children: Youngest aged 12 to 18,30,28,25,22,3,3,1,2,2,0,2
S01006772,All families in households,265,246,207,201,6,39,34,5,19,6,13
S01006772,Families with no dependent children,187,178,150,148,2,28,28,0,9,2,7
S01006772,Families with dependent children: Total,78,68,57,53,4,11,6,5,10,4,6
S01006772,Families with dependent children: Youngest aged 0 to 4,23,23,17,17,0,6,5,1,0,0,0
S01006772,Families with dependent children: Youngest aged 5 to 11,31,25,21,18,3,4,1,3,6,2,4
S01006772,Families with dependent children: Youngest aged 12 to 18,24,20,19,18,1,1,0,1,4,2,2
S01006773,All families in households,212,190,173,164,9,17,14,3,22,3,19
S01006773,Families with no dependent children,122,111,101,98,3,10,10,0,11,2,9
S01006773,Families with dependent children: Total,90,79,72,66,6,7,4,3,11,1,10
S01006773,Families with dependent children: Youngest aged 0 to 4,27,26,20,20,0,6,3,3,1,0,1
S01006773,Families with dependent children: Youngest aged 5 to 11,27,25,25,23,2,0,0,0,2,0,2
S01006773,Families with dependent children: Youngest aged 12 to 18,36,28,27,23,4,1,1,0,8,1,7
S01006774,All families in households,212,193,184,174,10,9,7,2,19,6,13
S01006774,Families with no dependent children,133,125,119,113,6,6,6,0,8,3,5
S01006774,Families with dependent children: Total,79,68,65,61,4,3,1,2,11,3,8
S01006774,Families with dependent children: Youngest aged 0 to 4,25,21,18,16,2,3,1,2,4,2,2
S01006774,Families with dependent children: Youngest aged 5 to 11,35,31,31,29,2,0,0,0,4,0,4
S01006774,Families with dependent children: Youngest aged 12 to 18,19,16,16,16,0,0,0,0,3,1,2
S01006775,All families in households,177,145,106,100,6,39,33,6,32,6,26
S01006775,Families with no dependent children,119,109,81,78,3,28,26,2,10,3,7
S01006775,Families with dependent children: Total,58,36,25,22,3,11,7,4,22,3,19
S01006775,Families with dependent children: Youngest aged 0 to 4,20,13,9,9,0,4,4,0,7,0,7
S01006775,Families with dependent children: Youngest aged 5 to 11,12,10,7,5,2,3,2,1,2,0,2
S01006775,Families with dependent children: Youngest aged 12 to 18,26,13,9,8,1,4,1,3,13,3,10
S01006776,All families in households,141,115,98,96,2,17,13,4,26,6,20
S01006776,Families with no dependent children,104,91,81,79,2,10,10,0,13,5,8
S01006776,Families with dependent children: Total,37,24,17,17,0,7,3,4,13,1,12
S01006776,Families with dependent children: Youngest aged 0 to 4,14,10,8,8,0,2,2,0,4,0,4
S01006776,Families with dependent children: Youngest aged 5 to 11,11,9,6,6,0,3,1,2,2,0,2
S01006776,Families with dependent children: Youngest aged 12 to 18,12,5,3,3,0,2,0,2,7,1,6
S01006777,All families in households,227,209,193,190,3,16,13,3,18,4,14
S01006777,Families with no dependent children,157,149,143,142,1,6,6,0,8,3,5
S01006777,Families with dependent children: Total,70,60,50,48,2,10,7,3,10,1,9
S01006777,Families with dependent children: Youngest aged 0 to 4,24,21,15,14,1,6,5,1,3,0,3
S01006777,Families with dependent children: Youngest aged 5 to 11,22,20,18,18,0,2,1,1,2,0,2
S01006777,Families with dependent children: Youngest aged 12 to 18,24,19,17,16,1,2,1,1,5,1,4
S01006778,All families in households,213,189,168,164,4,21,15,6,24,4,20
S01006778,Families with no dependent children,155,141,125,124,1,16,13,3,14,3,11
S01006778,Families with dependent children: Total,58,48,43,40,3,5,2,3,10,1,9
S01006778,Families with dependent children: Youngest aged 0 to 4,13,11,11,11,0,0,0,0,2,0,2
S01006778,Families with dependent children: Youngest aged 5 to 11,21,18,15,14,1,3,1,2,3,0,3
S01006778,Families with dependent children: Youngest aged 12 to 18,24,19,17,15,2,2,1,1,5,1,4
S01006779,All families in households,175,121,97,95,2,24,19,5,54,7,47
S01006779,Families with no dependent children,107,82,70,68,2,12,8,4,25,5,20
S01006779,Families with dependent children: Total,68,39,27,27,0,12,11,1,29,2,27
S01006779,Families with dependent children: Youngest aged 0 to 4,24,18,12,12,0,6,6,0,6,1,5
S01006779,Families with dependent children: Youngest aged 5 to 11,16,8,5,5,0,3,2,1,8,0,8
S01006779,Families with dependent children: Youngest aged 12 to 18,28,13,10,10,0,3,3,0,15,1,14
S01006780,All families in households,180,150,121,118,3,29,24,5,30,3,27
S01006780,Families with no dependent children,126,106,89,88,1,17,16,1,20,3,17
S01006780,Families with dependent children: Total,54,44,32,30,2,12,8,4,10,0,10
S01006780,Families with dependent children: Youngest aged 0 to 4,17,16,11,11,0,5,4,1,1,0,1
S01006780,Families with dependent children: Youngest aged 5 to 11,19,14,12,11,1,2,1,1,5,0,5
S01006780,Families with dependent children: Youngest aged 12 to 18,18,14,9,8,1,5,3,2,4,0,4
S01006781,All families in households,226,200,174,169,5,26,17,9,26,2,24
S01006781,Families with no dependent children,157,146,130,130,0,16,12,4,11,2,9
S01006781,Families with dependent children: Total,69,54,44,39,5,10,5,5,15,0,15
S01006781,Families with dependent children: Youngest aged 0 to 4,19,15,9,7,2,6,2,4,4,0,4
S01006781,Families with dependent children: Youngest aged 5 to 11,16,14,10,8,2,4,3,1,2,0,2
S01006781,Families with dependent children: Youngest aged 12 to 18,34,25,25,24,1,0,0,0,9,0,9
S01006782,All families in households,213,194,157,145,12,37,32,5,19,1,18
S01006782,Families with no dependent children,128,122,92,85,7,30,28,2,6,1,5
S01006782,Families with dependent children: Total,85,72,65,60,5,7,4,3,13,0,13
S01006782,Families with dependent children: Youngest aged 0 to 4,30,27,25,23,2,2,2,0,3,0,3
S01006782,Families with dependent children: Youngest aged 5 to 11,25,22,19,17,2,3,2,1,3,0,3
S01006782,Families with dependent children: Youngest aged 12 to 18,30,23,21,20,1,2,0,2,7,0,7
S01006783,All families in households,234,199,172,170,2,27,25,2,35,8,27
S01006783,Families with no dependent children,172,153,139,138,1,14,14,0,19,7,12
S01006783,Families with dependent children: Total,62,46,33,32,1,13,11,2,16,1,15
S01006783,Families with dependent children: Youngest aged 0 to 4,21,14,8,8,0,6,6,0,7,0,7
S01006783,Families with dependent children: Youngest aged 5 to 11,23,19,13,12,1,6,4,2,4,0,4
S01006783,Families with dependent children: Youngest aged 12 to 18,18,13,12,12,0,1,1,0,5,1,4
S01006784,All families in households,175,167,132,131,1,35,31,4,8,1,7
S01006784,Families with no dependent children,128,121,93,92,1,28,26,2,7,1,6
S01006784,Families with dependent children: Total,47,46,39,39,0,7,5,2,1,0,1
S01006784,Families with dependent children: Youngest aged 0 to 4,25,24,19,19,0,5,5,0,1,0,1
S01006784,Families with dependent children: Youngest aged 5 to 11,8,8,6,6,0,2,0,2,0,0,0
S01006784,Families with dependent children: Youngest aged 12 to 18,14,14,14,14,0,0,0,0,0,0,0
S01006785,All families in households,191,181,158,153,5,23,19,4,10,0,10
S01006785,Families with no dependent children,106,106,93,90,3,13,13,0,0,0,0
S01006785,Families with dependent children: Total,85,75,65,63,2,10,6,4,10,0,10
S01006785,Families with dependent children: Youngest aged 0 to 4,35,34,25,23,2,9,6,3,1,0,1
S01006785,Families with dependent children: Youngest aged 5 to 11,21,17,16,16,0,1,0,1,4,0,4
S01006785,Families with dependent children: Youngest aged 12 to 18,29,24,24,24,0,0,0,0,5,0,5
S01006786,All families in households,249,236,201,195,6,35,30,5,13,3,10
S01006786,Families with no dependent children,142,137,113,111,2,24,21,3,5,2,3
S01006786,Families with dependent children: Total,107,99,88,84,4,11,9,2,8,1,7
S01006786,Families with dependent children: Youngest aged 0 to 4,37,34,26,25,1,8,7,1,3,1,2
S01006786,Families with dependent children: Youngest aged 5 to 11,39,37,35,34,1,2,2,0,2,0,2
S01006786,Families with dependent children: Youngest aged 12 to 18,31,28,27,25,2,1,0,1,3,0,3
S01006787,All families in households,219,199,173,166,7,26,22,4,20,4,16
S01006787,Families with no dependent children,158,149,132,129,3,17,14,3,9,2,7
S01006787,Families with dependent children: Total,61,50,41,37,4,9,8,1,11,2,9
S01006787,Families with dependent children: Youngest aged 0 to 4,21,19,15,13,2,4,4,0,2,0,2
S01006787,Families with dependent children: Youngest aged 5 to 11,18,14,11,10,1,3,2,1,4,1,3
S01006787,Families with dependent children: Youngest aged 12 to 18,22,17,15,14,1,2,2,0,5,1,4
S01006788,All families in households,223,207,167,158,9,40,36,4,16,4,12
S01006788,Families with no dependent children,116,112,83,79,4,29,28,1,4,2,2
S01006788,Families with dependent children: Total,107,95,84,79,5,11,8,3,12,2,10
S01006788,Families with dependent children: Youngest aged 0 to 4,42,40,33,33,0,7,6,1,2,0,2
S01006788,Families with dependent children: Youngest aged 5 to 11,37,34,30,27,3,4,2,2,3,1,2
S01006788,Families with dependent children: Youngest aged 12 to 18,28,21,21,19,2,0,0,0,7,1,6
S01006789,All families in households,187,162,129,127,2,33,27,6,25,7,18
S01006789,Families with no dependent children,135,125,106,106,0,19,18,1,10,4,6
S01006789,Families with dependent children: Total,52,37,23,21,2,14,9,5,15,3,12
S01006789,Families with dependent children: Youngest aged 0 to 4,12,9,4,3,1,5,5,0,3,1,2
S01006789,Families with dependent children: Youngest aged 5 to 11,25,18,13,13,0,5,3,2,7,1,6
S01006789,Families with dependent children: Youngest aged 12 to 18,15,10,6,5,1,4,1,3,5,1,4
S01006790,All families in households,267,228,196,192,4,32,29,3,39,1,38
S01006790,Families with no dependent children,180,171,148,146,2,23,22,1,9,0,9
S01006790,Families with dependent children: Total,87,57,48,46,2,9,7,2,30,1,29
S01006790,Families with dependent children: Youngest aged 0 to 4,33,21,16,15,1,5,5,0,12,0,12
S01006790,Families with dependent children: Youngest aged 5 to 11,27,20,19,18,1,1,1,0,7,0,7
S01006790,Families with dependent children: Youngest aged 12 to 18,27,16,13,13,0,3,1,2,11,1,10
S01006791,All families in households,161,143,113,111,2,30,24,6,18,2,16
S01006791,Families with no dependent children,111,103,84,83,1,19,19,0,8,1,7
S01006791,Families with dependent children: Total,50,40,29,28,1,11,5,6,10,1,9
S01006791,Families with dependent children: Youngest aged 0 to 4,22,18,12,11,1,6,3,3,4,0,4
S01006791,Families with dependent children: Youngest aged 5 to 11,13,11,6,6,0,5,2,3,2,0,2
S01006791,Families with dependent children: Youngest aged 12 to 18,15,11,11,11,0,0,0,0,4,1,3
S01006792,All families in households,160,150,122,117,5,28,25,3,10,1,9
S01006792,Families with no dependent children,115,112,93,92,1,19,18,1,3,0,3
S01006792,Families with dependent children: Total,45,38,29,25,4,9,7,2,7,1,6
S01006792,Families with dependent children: Youngest aged 0 to 4,21,15,9,8,1,6,5,1,6,0,6
S01006792,Families with dependent children: Youngest aged 5 to 11,12,12,9,7,2,3,2,1,0,0,0
S01006792,Families with dependent children: Youngest aged 12 to 18,12,11,11,10,1,0,0,0,1,1,0
S01006793,All families in households,156,143,122,118,4,21,20,1,13,1,12
S01006793,Families with no dependent children,113,107,91,90,1,16,16,0,6,1,5
S01006793,Families with dependent children: Total,43,36,31,28,3,5,4,1,7,0,7
S01006793,Families with dependent children: Youngest aged 0 to 4,16,14,11,9,2,3,3,0,2,0,2
S01006793,Families with dependent children: Youngest aged 5 to 11,19,16,14,13,1,2,1,1,3,0,3
S01006793,Families with dependent children: Youngest aged 12 to 18,8,6,6,6,0,0,0,0,2,0,2
S01006794,All families in households,181,150,130,128,2,20,17,3,31,8,23
S01006794,Families with no dependent children,136,121,103,102,1,18,16,2,15,5,10
S01006794,Families with dependent children: Total,45,29,27,26,1,2,1,1,16,3,13
S01006794,Families with dependent children: Youngest aged 0 to 4,9,7,6,5,1,1,1,0,2,1,1
S01006794,Families with dependent children: Youngest aged 5 to 11,17,12,11,11,0,1,0,1,5,0,5
S01006794,Families with dependent children: Youngest aged 12 to 18,19,10,10,10,0,0,0,0,9,2,7
S01006795,All families in households,226,206,178,174,4,28,24,4,20,0,20
S01006795,Families with no dependent children,132,127,112,112,0,15,14,1,5,0,5
S01006795,Families with dependent children: Total,94,79,66,62,4,13,10,3,15,0,15
S01006795,Families with dependent children: Youngest aged 0 to 4,42,37,26,24,2,11,9,2,5,0,5
S01006795,Families with dependent children: Youngest aged 5 to 11,21,18,18,17,1,0,0,0,3,0,3
S01006795,Families with dependent children: Youngest aged 12 to 18,31,24,22,21,1,2,1,1,7,0,7
S01006796,All families in households,186,168,124,118,6,44,41,3,18,1,17
S01006796,Families with no dependent children,98,97,71,69,2,26,26,0,1,0,1
S01006796,Families with dependent children: Total,88,71,53,49,4,18,15,3,17,1,16
S01006796,Families with dependent children: Youngest aged 0 to 4,44,41,29,28,1,12,10,2,3,0,3
S01006796,Families with dependent children: Youngest aged 5 to 11,25,15,12,10,2,3,3,0,10,1,9
S01006796,Families with dependent children: Youngest aged 12 to 18,19,15,12,11,1,3,2,1,4,0,4
S01006797,All families in households,191,179,145,138,7,34,30,4,12,5,7
S01006797,Families with no dependent children,118,114,89,87,2,25,24,1,4,0,4
S01006797,Families with dependent children: Total,73,65,56,51,5,9,6,3,8,5,3
S01006797,Families with dependent children: Youngest aged 0 to 4,20,18,13,12,1,5,5,0,2,1,1
S01006797,Families with dependent children: Youngest aged 5 to 11,29,27,25,23,2,2,0,2,2,0,2
S01006797,Families with dependent children: Youngest aged 12 to 18,24,20,18,16,2,2,1,1,4,4,0
S01006798,All families in households,192,186,158,153,5,28,22,6,6,0,6
S01006798,Families with no dependent children,118,115,99,97,2,16,15,1,3,0,3
S01006798,Families with dependent children: Total,74,71,59,56,3,12,7,5,3,0,3
S01006798,Families with dependent children: Youngest aged 0 to 4,28,28,22,19,3,6,4,2,0,0,0
S01006798,Families with dependent children: Youngest aged 5 to 11,26,25,22,22,0,3,2,1,1,0,1
S01006798,Families with dependent children: Youngest aged 12 to 18,20,18,15,15,0,3,1,2,2,0,2
S01006799,All families in households,253,222,177,171,6,45,39,6,31,4,27
S01006799,Families with no dependent children,148,137,115,112,3,22,21,1,11,1,10
S01006799,Families with dependent children: Total,105,85,62,59,3,23,18,5,20,3,17
S01006799,Families with dependent children: Youngest aged 0 to 4,41,37,23,21,2,14,12,2,4,1,3
S01006799,Families with dependent children: Youngest aged 5 to 11,30,25,22,21,1,3,2,1,5,1,4
S01006799,Families with dependent children: Youngest aged 12 to 18,34,23,17,17,0,6,4,2,11,1,10
S01006800,All families in households,263,247,229,220,9,18,16,2,16,2,14
S01006800,Families with no dependent children,157,150,137,135,2,13,13,0,7,2,5
S01006800,Families with dependent children: Total,106,97,92,85,7,5,3,2,9,0,9
S01006800,Families with dependent children: Youngest aged 0 to 4,27,26,24,24,0,2,2,0,1,0,1
S01006800,Families with dependent children: Youngest aged 5 to 11,36,35,35,32,3,0,0,0,1,0,1
S01006800,Families with dependent children: Youngest aged 12 to 18,43,36,33,29,4,3,1,2,7,0,7
S01006801,All families in households,299,280,230,221,9,50,44,6,19,5,14
S01006801,Families with no dependent children,201,194,156,154,2,38,37,1,7,3,4
S01006801,Families with dependent children: Total,98,86,74,67,7,12,7,5,12,2,10
S01006801,Families with dependent children: Youngest aged 0 to 4,33,32,25,25,0,7,7,0,1,0,1
S01006801,Families with dependent children: Youngest aged 5 to 11,38,33,31,27,4,2,0,2,5,1,4
S01006801,Families with dependent children: Youngest aged 12 to 18,27,21,18,15,3,3,0,3,6,1,5
S01006802,All families in households,203,177,139,133,6,38,36,2,26,5,21
S01006802,Families with no dependent children,123,110,86,85,1,24,24,0,13,3,10
S01006802,Families with dependent children: Total,80,67,53,48,5,14,12,2,13,2,11
S01006802,Families with dependent children: Youngest aged 0 to 4,34,32,24,22,2,8,8,0,2,1,1
S01006802,Families with dependent children: Youngest aged 5 to 11,22,17,14,13,1,3,1,2,5,1,4
S01006802,Families with dependent children: Youngest aged 12 to 18,24,18,15,13,2,3,3,0,6,0,6
S01006803,All families in households,209,178,144,141,3,34,25,9,31,3,28
S01006803,Families with no dependent children,137,124,104,104,0,20,18,2,13,1,12
S01006803,Families with dependent children: Total,72,54,40,37,3,14,7,7,18,2,16
S01006803,Families with dependent children: Youngest aged 0 to 4,28,23,15,13,2,8,5,3,5,0,5
S01006803,Families with dependent children: Youngest aged 5 to 11,23,16,13,12,1,3,2,1,7,1,6
S01006803,Families with dependent children: Youngest aged 12 to 18,21,15,12,12,0,3,0,3,6,1,5
S01006804,All families in households,239,218,181,167,14,37,29,8,21,5,16
S01006804,Families with no dependent children,134,124,105,103,2,19,19,0,10,5,5
S01006804,Families with dependent children: Total,105,94,76,64,12,18,10,8,11,0,11
S01006804,Families with dependent children: Youngest aged 0 to 4,52,49,42,37,5,7,6,1,3,0,3
S01006804,Families with dependent children: Youngest aged 5 to 11,41,35,25,20,5,10,4,6,6,0,6
S01006804,Families with dependent children: Youngest aged 12 to 18,12,10,9,7,2,1,0,1,2,0,2
S01006805,All families in households,321,279,229,213,16,50,41,9,42,3,39
S01006805,Families with no dependent children,173,164,134,132,2,30,30,0,9,1,8
S01006805,Families with dependent children: Total,148,115,95,81,14,20,11,9,33,2,31
S01006805,Families with dependent children: Youngest aged 0 to 4,44,35,26,22,4,9,5,4,9,0,9
S01006805,Families with dependent children: Youngest aged 5 to 11,52,38,31,27,4,7,4,3,14,1,13
S01006805,Families with dependent children: Youngest aged 12 to 18,52,42,38,32,6,4,2,2,10,1,9
S01006806,All families in households,325,301,255,241,14,46,39,7,24,3,21
S01006806,Families with no dependent children,210,202,174,169,5,28,24,4,8,2,6
S01006806,Families with dependent children: Total,115,99,81,72,9,18,15,3,16,1,15
S01006806,Families with dependent children: Youngest aged 0 to 4,43,36,30,29,1,6,5,1,7,0,7
S01006806,Families with dependent children: Youngest aged 5 to 11,36,32,27,24,3,5,4,1,4,1,3
S01006806,Families with dependent children: Youngest aged 12 to 18,36,31,24,19,5,7,6,1,5,0,5
S01006807,All families in households,204,183,148,142,6,35,27,8,21,5,16
S01006807,Families with no dependent children,125,121,99,99,0,22,21,1,4,1,3
S01006807,Families with dependent children: Total,79,62,49,43,6,13,6,7,17,4,13
S01006807,Families with dependent children: Youngest aged 0 to 4,29,24,19,17,2,5,3,2,5,0,5
S01006807,Families with dependent children: Youngest aged 5 to 11,30,24,19,16,3,5,1,4,6,1,5
S01006807,Families with dependent children: Youngest aged 12 to 18,20,14,11,10,1,3,2,1,6,3,3
S01006808,All families in households,200,185,166,159,7,19,17,2,15,2,13
S01006808,Families with no dependent children,125,121,109,108,1,12,12,0,4,2,2
S01006808,Families with dependent children: Total,75,64,57,51,6,7,5,2,11,0,11
S01006808,Families with dependent children: Youngest aged 0 to 4,24,21,17,15,2,4,2,2,3,0,3
S01006808,Families with dependent children: Youngest aged 5 to 11,25,19,19,16,3,0,0,0,6,0,6
S01006808,Families with dependent children: Youngest aged 12 to 18,26,24,21,20,1,3,3,0,2,0,2
S01006809,All families in households,246,210,177,170,7,33,24,9,36,4,32
S01006809,Families with no dependent children,152,138,124,123,1,14,14,0,14,3,11
S01006809,Families with dependent children: Total,94,72,53,47,6,19,10,9,22,1,21
S01006809,Families with dependent children: Youngest aged 0 to 4,23,17,11,11,0,6,6,0,6,0,6
S01006809,Families with dependent children: Youngest aged 5 to 11,44,35,27,26,1,8,3,5,9,1,8
S01006809,Families with dependent children: Youngest aged 12 to 18,27,20,15,10,5,5,1,4,7,0,7
S01006810,All families in households,257,231,192,183,9,39,27,12,26,7,19
S01006810,Families with no dependent children,155,146,126,123,3,20,18,2,9,4,5
S01006810,Families with dependent children: Total,102,85,66,60,6,19,9,10,17,3,14
S01006810,Families with dependent children: Youngest aged 0 to 4,33,31,22,20,2,9,8,1,2,0,2
S01006810,Families with dependent children: Youngest aged 5 to 11,40,31,23,20,3,8,1,7,9,2,7
S01006810,Families with dependent children: Youngest aged 12 to 18,29,23,21,20,1,2,0,2,6,1,5
S01006811,All families in households,339,315,255,239,16,60,50,10,24,4,20
S01006811,Families with no dependent children,183,178,143,139,4,35,32,3,5,1,4
S01006811,Families with dependent children: Total,156,137,112,100,12,25,18,7,19,3,16
S01006811,Families with dependent children: Youngest aged 0 to 4,58,53,41,37,4,12,10,2,5,0,5
S01006811,Families with dependent children: Youngest aged 5 to 11,56,47,40,35,5,7,6,1,9,2,7
S01006811,Families with dependent children: Youngest aged 12 to 18,42,37,31,28,3,6,2,4,5,1,4
S01006812,All families in households,239,213,171,161,10,42,38,4,26,6,20
S01006812,Families with no dependent children,137,129,104,102,2,25,25,0,8,3,5
S01006812,Families with dependent children: Total,102,84,67,59,8,17,13,4,18,3,15
S01006812,Families with dependent children: Youngest aged 0 to 4,46,41,29,25,4,12,11,1,5,0,5
S01006812,Families with dependent children: Youngest aged 5 to 11,26,20,18,17,1,2,2,0,6,0,6
S01006812,Families with dependent children: Youngest aged 12 to 18,30,23,20,17,3,3,0,3,7,3,4
S01006813,All families in households,232,201,157,144,13,44,38,6,31,9,22
S01006813,Families with no dependent children,128,116,89,88,1,27,26,1,12,4,8
S01006813,Families with dependent children: Total,104,85,68,56,12,17,12,5,19,5,14
S01006813,Families with dependent children: Youngest aged 0 to 4,44,40,30,25,5,10,10,0,4,0,4
S01006813,Families with dependent children: Youngest aged 5 to 11,27,23,20,16,4,3,1,2,4,1,3
S01006813,Families with dependent children: Youngest aged 12 to 18,33,22,18,15,3,4,1,3,11,4,7
S01006814,All families in households,243,225,198,189,9,27,24,3,18,4,14
S01006814,Families with no dependent children,137,132,111,110,1,21,20,1,5,2,3
S01006814,Families with dependent children: Total,106,93,87,79,8,6,4,2,13,2,11
S01006814,Families with dependent children: Youngest aged 0 to 4,37,34,30,29,1,4,3,1,3,0,3
S01006814,Families with dependent children: Youngest aged 5 to 11,31,28,27,24,3,1,1,0,3,0,3
S01006814,Families with dependent children: Youngest aged 12 to 18,38,31,30,26,4,1,0,1,7,2,5
S01006815,All families in households,171,132,102,97,5,30,28,2,39,6,33
S01006815,Families with no dependent children,111,95,77,76,1,18,17,1,16,4,12
S01006815,Families with dependent children: Total,60,37,25,21,4,12,11,1,23,2,21
S01006815,Families with dependent children: Youngest aged 0 to 4,25,18,12,11,1,6,6,0,7,1,6
S01006815,Families with dependent children: Youngest aged 5 to 11,25,12,7,5,2,5,5,0,13,0,13
S01006815,Families with dependent children: Youngest aged 12 to 18,10,7,6,5,1,1,0,1,3,1,2
S01006816,All families in households,213,196,164,159,5,32,27,5,17,2,15
S01006816,Families with no dependent children,120,114,99,97,2,15,13,2,6,2,4
S01006816,Families with dependent children: Total,93,82,65,62,3,17,14,3,11,0,11
S01006816,Families with dependent children: Youngest aged 0 to 4,40,38,24,23,1,14,14,0,2,0,2
S01006816,Families with dependent children: Youngest aged 5 to 11,28,21,21,21,0,0,0,0,7,0,7
S01006816,Families with dependent children: Youngest aged 12 to 18,25,23,20,18,2,3,0,3,2,0,2
S01006817,All families in households,196,172,127,117,10,45,40,5,24,4,20
S01006817,Families with no dependent children,111,103,75,72,3,28,27,1,8,2,6
S01006817,Families with dependent children: Total,85,69,52,45,7,17,13,4,16,2,14
S01006817,Families with dependent children: Youngest aged 0 to 4,39,39,28,23,5,11,11,0,0,0,0
S01006817,Families with dependent children: Youngest aged 5 to 11,28,20,18,16,2,2,1,1,8,1,7
S01006817,Families with dependent children: Youngest aged 12 to 18,18,10,6,6,0,4,1,3,8,1,7
S01006818,All families in households,226,207,185,178,7,22,20,2,19,0,19
S01006818,Families with no dependent children,143,129,116,110,6,13,13,0,14,0,14
S01006818,Families with dependent children: Total,83,78,69,68,1,9,7,2,5,0,5
S01006818,Families with dependent children: Youngest aged 0 to 4,26,24,20,19,1,4,4,0,2,0,2
S01006818,Families with dependent children: Youngest aged 5 to 11,32,32,29,29,0,3,2,1,0,0,0
S01006818,Families with dependent children: Youngest aged 12 to 18,25,22,20,20,0,2,1,1,3,0,3
S01006819,All families in households,253,231,209,200,9,22,20,2,22,4,18
S01006819,Families with no dependent children,134,124,108,106,2,16,16,0,10,4,6
S01006819,Families with dependent children: Total,119,107,101,94,7,6,4,2,12,0,12
S01006819,Families with dependent children: Youngest aged 0 to 4,38,36,33,30,3,3,2,1,2,0,2
S01006819,Families with dependent children: Youngest aged 5 to 11,44,40,39,39,0,1,1,0,4,0,4
S01006819,Families with dependent children: Youngest aged 12 to 18,37,31,29,25,4,2,1,1,6,0,6
S01006820,All families in households,146,141,115,112,3,26,21,5,5,1,4
S01006820,Families with no dependent children,99,98,81,80,1,17,16,1,1,1,0
S01006820,Families with dependent children: Total,47,43,34,32,2,9,5,4,4,0,4
S01006820,Families with dependent children: Youngest aged 0 to 4,19,16,12,11,1,4,4,0,3,0,3
S01006820,Families with dependent children: Youngest aged 5 to 11,11,11,8,8,0,3,1,2,0,0,0
S01006820,Families with dependent children: Youngest aged 12 to 18,17,16,14,13,1,2,0,2,1,0,1
S01006821,All families in households,183,168,143,140,3,25,23,2,15,3,12
S01006821,Families with no dependent children,113,107,88,86,2,19,19,0,6,2,4
S01006821,Families with dependent children: Total,70,61,55,54,1,6,4,2,9,1,8
S01006821,Families with dependent children: Youngest aged 0 to 4,24,23,19,19,0,4,3,1,1,0,1
S01006821,Families with dependent children: Youngest aged 5 to 11,21,16,14,13,1,2,1,1,5,1,4
S01006821,Families with dependent children: Youngest aged 12 to 18,25,22,22,22,0,0,0,0,3,0,3
S01006822,All families in households,235,215,184,172,12,31,28,3,20,6,14
S01006822,Families with no dependent children,142,131,110,110,0,21,19,2,11,5,6
S01006822,Families with dependent children: Total,93,84,74,62,12,10,9,1,9,1,8
S01006822,Families with dependent children: Youngest aged 0 to 4,29,28,24,20,4,4,4,0,1,0,1
S01006822,Families with dependent children: Youngest aged 5 to 11,30,24,20,16,4,4,3,1,6,1,5
S01006822,Families with dependent children: Youngest aged 12 to 18,34,32,30,26,4,2,2,0,2,0,2
S01006823,All families in households,198,182,156,150,6,26,22,4,16,2,14
S01006823,Families with no dependent children,124,118,101,100,1,17,16,1,6,1,5
S01006823,Families with dependent children: Total,74,64,55,50,5,9,6,3,10,1,9
S01006823,Families with dependent children: Youngest aged 0 to 4,18,18,14,14,0,4,2,2,0,0,0
S01006823,Families with dependent children: Youngest aged 5 to 11,36,30,26,23,3,4,3,1,6,0,6
S01006823,Families with dependent children: Youngest aged 12 to 18,20,16,15,13,2,1,1,0,4,1,3
S01006824,All families in households,235,164,111,104,7,53,35,18,71,8,63
S01006824,Families with no dependent children,120,96,72,71,1,24,20,4,24,5,19
S01006824,Families with dependent children: Total,115,68,39,33,6,29,15,14,47,3,44
S01006824,Families with dependent children: Youngest aged 0 to 4,48,38,21,16,5,17,11,6,10,0,10
S01006824,Families with dependent children: Youngest aged 5 to 11,31,13,7,7,0,6,3,3,18,0,18
S01006824,Families with dependent children: Youngest aged 12 to 18,36,17,11,10,1,6,1,5,19,3,16
S01006825,All families in households,259,223,191,187,4,32,24,8,36,6,30
S01006825,Families with no dependent children,163,146,127,125,2,19,16,3,17,3,14
S01006825,Families with dependent children: Total,96,77,64,62,2,13,8,5,19,3,16
S01006825,Families with dependent children: Youngest aged 0 to 4,37,33,23,21,2,10,8,2,4,0,4
S01006825,Families with dependent children: Youngest aged 5 to 11,29,24,21,21,0,3,0,3,5,0,5
S01006825,Families with dependent children: Youngest aged 12 to 18,30,20,20,20,0,0,0,0,10,3,7
S01006826,All families in households,269,254,232,226,6,22,14,8,15,2,13
S01006826,Families with no dependent children,157,150,143,142,1,7,6,1,7,1,6
S01006826,Families with dependent children: Total,112,104,89,84,5,15,8,7,8,1,7
S01006826,Families with dependent children: Youngest aged 0 to 4,29,28,25,24,1,3,2,1,1,0,1
S01006826,Families with dependent children: Youngest aged 5 to 11,41,36,28,27,1,8,4,4,5,0,5
S01006826,Families with dependent children: Youngest aged 12 to 18,42,40,36,33,3,4,2,2,2,1,1
S01006827,All families in households,277,219,154,146,8,65,56,9,58,4,54
S01006827,Families with no dependent children,168,147,109,106,3,38,37,1,21,3,18
S01006827,Families with dependent children: Total,109,72,45,40,5,27,19,8,37,1,36
S01006827,Families with dependent children: Youngest aged 0 to 4,38,29,14,12,2,15,14,1,9,0,9
S01006827,Families with dependent children: Youngest aged 5 to 11,34,20,14,14,0,6,2,4,14,1,13
S01006827,Families with dependent children: Youngest aged 12 to 18,37,23,17,14,3,6,3,3,14,0,14
S01006828,All families in households,253,225,167,162,5,58,51,7,28,3,25
S01006828,Families with no dependent children,165,155,116,113,3,39,39,0,10,1,9
S01006828,Families with dependent children: Total,88,70,51,49,2,19,12,7,18,2,16
S01006828,Families with dependent children: Youngest aged 0 to 4,35,29,20,19,1,9,7,2,6,1,5
S01006828,Families with dependent children: Youngest aged 5 to 11,22,20,14,13,1,6,2,4,2,0,2
S01006828,Families with dependent children: Youngest aged 12 to 18,31,21,17,17,0,4,3,1,10,1,9
S01006829,All families in households,125,120,102,92,10,18,12,6,5,1,4
S01006829,Families with no dependent children,44,43,34,33,1,9,8,1,1,0,1
S01006829,Families with dependent children: Total,81,77,68,59,9,9,4,5,4,1,3
S01006829,Families with dependent children: Youngest aged 0 to 4,40,39,35,32,3,4,2,2,1,0,1
S01006829,Families with dependent children: Youngest aged 5 to 11,26,23,19,16,3,4,2,2,3,1,2
S01006829,Families with dependent children: Youngest aged 12 to 18,15,15,14,11,3,1,0,1,0,0,0
S01006830,All families in households,221,191,163,154,9,28,23,5,30,5,25
S01006830,Families with no dependent children,141,126,111,107,4,15,14,1,15,4,11
S01006830,Families with dependent children: Total,80,65,52,47,5,13,9,4,15,1,14
S01006830,Families with dependent children: Youngest aged 0 to 4,22,19,13,13,0,6,6,0,3,0,3
S01006830,Families with dependent children: Youngest aged 5 to 11,19,15,11,9,2,4,3,1,4,0,4
S01006830,Families with dependent children: Youngest aged 12 to 18,39,31,28,25,3,3,0,3,8,1,7
S01006831,All families in households,173,164,156,152,4,8,6,2,9,1,8
S01006831,Families with no dependent children,117,114,111,111,0,3,3,0,3,0,3
S01006831,Families with dependent children: Total,56,50,45,41,4,5,3,2,6,1,5
S01006831,Families with dependent children: Youngest aged 0 to 4,13,13,11,10,1,2,1,1,0,0,0
S01006831,Families with dependent children: Youngest aged 5 to 11,17,14,13,11,2,1,1,0,3,1,2
S01006831,Families with dependent children: Youngest aged 12 to 18,26,23,21,20,1,2,1,1,3,0,3
S01006832,All families in households,313,277,241,234,7,36,32,4,36,7,29
S01006832,Families with no dependent children,191,172,146,146,0,26,25,1,19,7,12
S01006832,Families with dependent children: Total,122,105,95,88,7,10,7,3,17,0,17
S01006832,Families with dependent children: Youngest aged 0 to 4,39,35,31,30,1,4,3,1,4,0,4
S01006832,Families with dependent children: Youngest aged 5 to 11,40,36,32,30,2,4,2,2,4,0,4
S01006832,Families with dependent children: Youngest aged 12 to 18,43,34,32,28,4,2,2,0,9,0,9
S01006833,All families in households,140,129,119,116,3,10,6,4,11,1,10
S01006833,Families with no dependent children,84,80,74,73,1,6,6,0,4,1,3
S01006833,Families with dependent children: Total,56,49,45,43,2,4,0,4,7,0,7
S01006833,Families with dependent children: Youngest aged 0 to 4,16,15,14,13,1,1,0,1,1,0,1
S01006833,Families with dependent children: Youngest aged 5 to 11,22,20,19,18,1,1,0,1,2,0,2
S01006833,Families with dependent children: Youngest aged 12 to 18,18,14,12,12,0,2,0,2,4,0,4
S01006834,All families in households,146,131,108,96,12,23,16,7,15,4,11
S01006834,Families with no dependent children,40,34,26,24,2,8,7,1,6,2,4
S01006834,Families with dependent children: Total,106,97,82,72,10,15,9,6,9,2,7
S01006834,Families with dependent children: Youngest aged 0 to 4,28,28,24,24,0,4,4,0,0,0,0
S01006834,Families with dependent children: Youngest aged 5 to 11,40,35,31,25,6,4,3,1,5,1,4
S01006834,Families with dependent children: Youngest aged 12 to 18,38,34,27,23,4,7,2,5,4,1,3
S01006835,All families in households,216,187,140,138,2,47,42,5,29,8,21
S01006835,Families with no dependent children,138,128,95,93,2,33,33,0,10,4,6
S01006835,Families with dependent children: Total,78,59,45,45,0,14,9,5,19,4,15
S01006835,Families with dependent children: Youngest aged 0 to 4,32,29,18,18,0,11,9,2,3,0,3
S01006835,Families with dependent children: Youngest aged 5 to 11,13,10,10,10,0,0,0,0,3,0,3
S01006835,Families with dependent children: Youngest aged 12 to 18,33,20,17,17,0,3,0,3,13,4,9
S01006836,All families in households,142,128,102,98,4,26,21,5,14,0,14
S01006836,Families with no dependent children,48,47,33,31,2,14,14,0,1,0,1
S01006836,Families with dependent children: Total,94,81,69,67,2,12,7,5,13,0,13
S01006836,Families with dependent children: Youngest aged 0 to 4,38,37,28,26,2,9,7,2,1,0,1
S01006836,Families with dependent children: Youngest aged 5 to 11,42,31,29,29,0,2,0,2,11,0,11
S01006836,Families with dependent children: Youngest aged 12 to 18,14,13,12,12,0,1,0,1,1,0,1
S01006837,All families in households,183,159,136,130,6,23,17,6,24,1,23
S01006837,Families with no dependent children,93,86,78,77,1,8,5,3,7,1,6
S01006837,Families with dependent children: Total,90,73,58,53,5,15,12,3,17,0,17
S01006837,Families with dependent children: Youngest aged 0 to 4,36,32,23,23,0,9,8,1,4,0,4
S01006837,Families with dependent children: Youngest aged 5 to 11,24,19,15,12,3,4,3,1,5,0,5
S01006837,Families with dependent children: Youngest aged 12 to 18,30,22,20,18,2,2,1,1,8,0,8
S01006838,All families in households,192,176,156,148,8,20,14,6,16,4,12
S01006838,Families with no dependent children,95,88,75,71,4,13,9,4,7,3,4
S01006838,Families with dependent children: Total,97,88,81,77,4,7,5,2,9,1,8
S01006838,Families with dependent children: Youngest aged 0 to 4,28,27,23,23,0,4,3,1,1,0,1
S01006838,Families with dependent children: Youngest aged 5 to 11,35,29,27,26,1,2,1,1,6,0,6
S01006838,Families with dependent children: Youngest aged 12 to 18,34,32,31,28,3,1,1,0,2,1,1
S01006839,All families in households,331,283,234,228,6,49,39,10,48,8,40
S01006839,Families with no dependent children,213,194,162,160,2,32,28,4,19,3,16
S01006839,Families with dependent children: Total,118,89,72,68,4,17,11,6,29,5,24
S01006839,Families with dependent children: Youngest aged 0 to 4,39,37,29,26,3,8,7,1,2,0,2
S01006839,Families with dependent children: Youngest aged 5 to 11,45,34,31,30,1,3,1,2,11,1,10
S01006839,Families with dependent children: Youngest aged 12 to 18,34,18,12,12,0,6,3,3,16,4,12
S01006840,All families in households,321,299,274,265,9,25,21,4,22,5,17
S01006840,Families with no dependent children,177,170,157,154,3,13,13,0,7,0,7
S01006840,Families with dependent children: Total,144,129,117,111,6,12,8,4,15,5,10
S01006840,Families with dependent children: Youngest aged 0 to 4,43,43,38,38,0,5,4,1,0,0,0
S01006840,Families with dependent children: Youngest aged 5 to 11,64,56,51,45,6,5,2,3,8,2,6
S01006840,Families with dependent children: Youngest aged 12 to 18,37,30,28,28,0,2,2,0,7,3,4
S01006841,All families in households,285,251,206,199,7,45,39,6,34,3,31
S01006841,Families with no dependent children,154,145,110,106,4,35,33,2,9,1,8
S01006841,Families with dependent children: Total,131,106,96,93,3,10,6,4,25,2,23
S01006841,Families with dependent children: Youngest aged 0 to 4,46,42,37,36,1,5,4,1,4,0,4
S01006841,Families with dependent children: Youngest aged 5 to 11,40,32,28,27,1,4,1,3,8,0,8
S01006841,Families with dependent children: Youngest aged 12 to 18,45,32,31,30,1,1,1,0,13,2,11
S01006842,All families in households,263,238,212,201,11,26,19,7,25,5,20
S01006842,Families with no dependent children,164,152,137,129,8,15,13,2,12,2,10
S01006842,Families with dependent children: Total,99,86,75,72,3,11,6,5,13,3,10
S01006842,Families with dependent children: Youngest aged 0 to 4,30,26,22,22,0,4,3,1,4,1,3
S01006842,Families with dependent children: Youngest aged 5 to 11,28,24,23,22,1,1,1,0,4,1,3
S01006842,Families with dependent children: Youngest aged 12 to 18,41,36,30,28,2,6,2,4,5,1,4
S01006843,All families in households,261,240,203,197,6,37,33,4,21,4,17
S01006843,Families with no dependent children,144,138,121,119,2,17,16,1,6,2,4
S01006843,Families with dependent children: Total,117,102,82,78,4,20,17,3,15,2,13
S01006843,Families with dependent children: Youngest aged 0 to 4,40,37,25,24,1,12,10,2,3,0,3
S01006843,Families with dependent children: Youngest aged 5 to 11,38,32,28,26,2,4,4,0,6,0,6
S01006843,Families with dependent children: Youngest aged 12 to 18,39,33,29,28,1,4,3,1,6,2,4
S01006844,All families in households,188,172,131,127,4,41,38,3,16,3,13
S01006844,Families with no dependent children,117,108,83,83,0,25,25,0,9,2,7
S01006844,Families with dependent children: Total,71,64,48,44,4,16,13,3,7,1,6
S01006844,Families with dependent children: Youngest aged 0 to 4,22,22,13,13,0,9,9,0,0,0,0
S01006844,Families with dependent children: Youngest aged 5 to 11,17,17,15,13,2,2,2,0,0,0,0
S01006844,Families with dependent children: Youngest aged 12 to 18,32,25,20,18,2,5,2,3,7,1,6
S01006845,All families in households,291,257,202,196,6,55,41,14,34,3,31
S01006845,Families with no dependent children,164,150,120,118,2,30,26,4,14,3,11
S01006845,Families with dependent children: Total,127,107,82,78,4,25,15,10,20,0,20
S01006845,Families with dependent children: Youngest aged 0 to 4,31,29,21,19,2,8,6,2,2,0,2
S01006845,Families with dependent children: Youngest aged 5 to 11,40,35,25,24,1,10,6,4,5,0,5
S01006845,Families with dependent children: Youngest aged 12 to 18,56,43,36,35,1,7,3,4,13,0,13
S01006846,All families in households,175,160,130,124,6,30,23,7,15,5,10
S01006846,Families with no dependent children,116,108,87,85,2,21,19,2,8,4,4
S01006846,Families with dependent children: Total,59,52,43,39,4,9,4,5,7,1,6
S01006846,Families with dependent children: Youngest aged 0 to 4,15,15,8,8,0,7,4,3,0,0,0
S01006846,Families with dependent children: Youngest aged 5 to 11,20,14,13,13,0,1,0,1,6,0,6
S01006846,Families with dependent children: Youngest aged 12 to 18,24,23,22,18,4,1,0,1,1,1,0
S01006847,All families in households,207,189,164,161,3,25,21,4,18,5,13
S01006847,Families with no dependent children,107,102,89,89,0,13,11,2,5,3,2
S01006847,Families with dependent children: Total,100,87,75,72,3,12,10,2,13,2,11
S01006847,Families with dependent children: Youngest aged 0 to 4,31,31,25,25,0,6,6,0,0,0,0
S01006847,Families with dependent children: Youngest aged 5 to 11,26,20,17,17,0,3,3,0,6,1,5
S01006847,Families with dependent children: Youngest aged 12 to 18,43,36,33,30,3,3,1,2,7,1,6
S01006848,All families in households,282,265,227,220,7,38,30,8,17,2,15
S01006848,Families with no dependent children,165,157,133,130,3,24,23,1,8,1,7
S01006848,Families with dependent children: Total,117,108,94,90,4,14,7,7,9,1,8
S01006848,Families with dependent children: Youngest aged 0 to 4,31,30,23,23,0,7,5,2,1,0,1
S01006848,Families with dependent children: Youngest aged 5 to 11,53,50,44,40,4,6,2,4,3,0,3
S01006848,Families with dependent children: Youngest aged 12 to 18,33,28,27,27,0,1,0,1,5,1,4
S01006849,All families in households,314,268,174,164,10,94,80,14,46,6,40
S01006849,Families with no dependent children,129,124,74,73,1,50,48,2,5,2,3
S01006849,Families with dependent children: Total,185,144,100,91,9,44,32,12,41,4,37
S01006849,Families with dependent children: Youngest aged 0 to 4,104,91,54,52,2,37,30,7,13,1,12
S01006849,Families with dependent children: Youngest aged 5 to 11,49,32,27,24,3,5,2,3,17,0,17
S01006849,Families with dependent children: Youngest aged 12 to 18,32,21,19,15,4,2,0,2,11,3,8
S01006850,All families in households,298,240,183,174,9,57,40,17,58,4,54
S01006850,Families with no dependent children,166,148,114,111,3,34,28,6,18,2,16
S01006850,Families with dependent children: Total,132,92,69,63,6,23,12,11,40,2,38
S01006850,Families with dependent children: Youngest aged 0 to 4,55,45,34,33,1,11,8,3,10,0,10
S01006850,Families with dependent children: Youngest aged 5 to 11,40,25,19,17,2,6,4,2,15,0,15
S01006850,Families with dependent children: Youngest aged 12 to 18,37,22,16,13,3,6,0,6,15,2,13
S01006851,All families in households,236,196,159,151,8,37,29,8,40,2,38
S01006851,Families with no dependent children,127,114,96,92,4,18,18,0,13,1,12
S01006851,Families with dependent children: Total,109,82,63,59,4,19,11,8,27,1,26
S01006851,Families with dependent children: Youngest aged 0 to 4,26,21,13,10,3,8,4,4,5,0,5
S01006851,Families with dependent children: Youngest aged 5 to 11,46,33,23,23,0,10,6,4,13,0,13
S01006851,Families with dependent children: Youngest aged 12 to 18,37,28,27,26,1,1,1,0,9,1,8
S01006852,All families in households,187,172,146,142,4,26,24,2,15,5,10
S01006852,Families with no dependent children,118,107,93,91,2,14,14,0,11,5,6
S01006852,Families with dependent children: Total,69,65,53,51,2,12,10,2,4,0,4
S01006852,Families with dependent children: Youngest aged 0 to 4,25,24,17,15,2,7,6,1,1,0,1
S01006852,Families with dependent children: Youngest aged 5 to 11,19,18,15,15,0,3,3,0,1,0,1
S01006852,Families with dependent children: Youngest aged 12 to 18,25,23,21,21,0,2,1,1,2,0,2
S01006853,All families in households,247,230,199,190,9,31,27,4,17,4,13
S01006853,Families with no dependent children,133,122,104,103,1,18,18,0,11,2,9
S01006853,Families with dependent children: Total,114,108,95,87,8,13,9,4,6,2,4
S01006853,Families with dependent children: Youngest aged 0 to 4,27,26,21,16,5,5,5,0,1,1,0
S01006853,Families with dependent children: Youngest aged 5 to 11,48,45,42,39,3,3,2,1,3,1,2
S01006853,Families with dependent children: Youngest aged 12 to 18,39,37,32,32,0,5,2,3,2,0,2
S01006854,All families in households,280,250,223,214,9,27,20,7,30,4,26
S01006854,Families with no dependent children,177,166,149,146,3,17,14,3,11,3,8
S01006854,Families with dependent children: Total,103,84,74,68,6,10,6,4,19,1,18
S01006854,Families with dependent children: Youngest aged 0 to 4,41,35,31,30,1,4,4,0,6,0,6
S01006854,Families with dependent children: Youngest aged 5 to 11,28,23,21,20,1,2,1,1,5,1,4
S01006854,Families with dependent children: Youngest aged 12 to 18,34,26,22,18,4,4,1,3,8,0,8
S01006855,All families in households,249,232,203,200,3,29,25,4,17,7,10
S01006855,Families with no dependent children,153,143,125,124,1,18,18,0,10,5,5
S01006855,Families with dependent children: Total,96,89,78,76,2,11,7,4,7,2,5
S01006855,Families with dependent children: Youngest aged 0 to 4,31,29,23,23,0,6,5,1,2,0,2
S01006855,Families with dependent children: Youngest aged 5 to 11,34,34,31,29,2,3,2,1,0,0,0
S01006855,Families with dependent children: Youngest aged 12 to 18,31,26,24,24,0,2,0,2,5,2,3
S01006856,All families in households,216,194,166,164,2,28,25,3,22,5,17
S01006856,Families with no dependent children,124,114,97,97,0,17,17,0,10,4,6
S01006856,Families with dependent children: Total,92,80,69,67,2,11,8,3,12,1,11
S01006856,Families with dependent children: Youngest aged 0 to 4,32,31,27,25,2,4,3,1,1,0,1
S01006856,Families with dependent children: Youngest aged 5 to 11,33,28,24,24,0,4,4,0,5,0,5
S01006856,Families with dependent children: Youngest aged 12 to 18,27,21,18,18,0,3,1,2,6,1,5
S01006857,All families in households,300,285,247,241,6,38,33,5,15,2,13
S01006857,Families with no dependent children,193,182,162,161,1,20,19,1,11,2,9
S01006857,Families with dependent children: Total,107,103,85,80,5,18,14,4,4,0,4
S01006857,Families with dependent children: Youngest aged 0 to 4,36,34,25,25,0,9,8,1,2,0,2
S01006857,Families with dependent children: Youngest aged 5 to 11,43,43,37,34,3,6,5,1,0,0,0
S01006857,Families with dependent children: Youngest aged 12 to 18,28,26,23,21,2,3,1,2,2,0,2
S01006858,All families in households,204,193,171,166,5,22,18,4,11,3,8
S01006858,Families with no dependent children,133,127,114,111,3,13,12,1,6,3,3
S01006858,Families with dependent children: Total,71,66,57,55,2,9,6,3,5,0,5
S01006858,Families with dependent children: Youngest aged 0 to 4,22,21,18,17,1,3,1,2,1,0,1
S01006858,Families with dependent children: Youngest aged 5 to 11,31,28,23,22,1,5,4,1,3,0,3
S01006858,Families with dependent children: Youngest aged 12 to 18,18,17,16,16,0,1,1,0,1,0,1
S01006859,All families in households,323,300,271,264,7,29,26,3,23,4,19
S01006859,Families with no dependent children,185,176,155,152,3,21,21,0,9,2,7
S01006859,Families with dependent children: Total,138,124,116,112,4,8,5,3,14,2,12
S01006859,Families with dependent children: Youngest aged 0 to 4,41,37,32,30,2,5,3,2,4,0,4
S01006859,Families with dependent children: Youngest aged 5 to 11,44,44,43,42,1,1,1,0,0,0,0
S01006859,Families with dependent children: Youngest aged 12 to 18,53,43,41,40,1,2,1,1,10,2,8
S01006860,All families in households,159,129,109,101,8,20,19,1,30,4,26
S01006860,Families with no dependent children,104,91,77,75,2,14,14,0,13,2,11
S01006860,Families with dependent children: Total,55,38,32,26,6,6,5,1,17,2,15
S01006860,Families with dependent children: Youngest aged 0 to 4,13,12,8,6,2,4,4,0,1,0,1
S01006860,Families with dependent children: Youngest aged 5 to 11,23,15,13,10,3,2,1,1,8,1,7
S01006860,Families with dependent children: Youngest aged 12 to 18,19,11,11,10,1,0,0,0,8,1,7
S01006861,All families in households,173,165,145,138,7,20,16,4,8,4,4
S01006861,Families with no dependent children,51,48,39,37,2,9,9,0,3,2,1
S01006861,Families with dependent children: Total,122,117,106,101,5,11,7,4,5,2,3
S01006861,Families with dependent children: Youngest aged 0 to 4,57,57,49,47,2,8,6,2,0,0,0
S01006861,Families with dependent children: Youngest aged 5 to 11,40,37,34,31,3,3,1,2,3,1,2
S01006861,Families with dependent children: Youngest aged 12 to 18,25,23,23,23,0,0,0,0,2,1,1
S01006862,All families in households,213,190,163,155,8,27,22,5,23,6,17
S01006862,Families with no dependent children,139,129,114,111,3,15,15,0,10,4,6
S01006862,Families with dependent children: Total,74,61,49,44,5,12,7,5,13,2,11
S01006862,Families with dependent children: Youngest aged 0 to 4,29,29,22,20,2,7,6,1,0,0,0
S01006862,Families with dependent children: Youngest aged 5 to 11,24,18,13,12,1,5,1,4,6,1,5
S01006862,Families with dependent children: Youngest aged 12 to 18,21,14,14,12,2,0,0,0,7,1,6
S01006863,All families in households,206,171,140,134,6,31,23,8,35,6,29
S01006863,Families with no dependent children,120,101,82,82,0,19,18,1,19,5,14
S01006863,Families with dependent children: Total,86,70,58,52,6,12,5,7,16,1,15
S01006863,Families with dependent children: Youngest aged 0 to 4,37,34,25,23,2,9,5,4,3,0,3
S01006863,Families with dependent children: Youngest aged 5 to 11,27,18,18,15,3,0,0,0,9,0,9
S01006863,Families with dependent children: Youngest aged 12 to 18,22,18,15,14,1,3,0,3,4,1,3
S01006864,All families in households,130,99,66,62,4,33,26,7,31,3,28
S01006864,Families with no dependent children,55,47,27,26,1,20,19,1,8,1,7
S01006864,Families with dependent children: Total,75,52,39,36,3,13,7,6,23,2,21
S01006864,Families with dependent children: Youngest aged 0 to 4,35,30,21,20,1,9,7,2,5,1,4
S01006864,Families with dependent children: Youngest aged 5 to 11,22,14,12,11,1,2,0,2,8,0,8
S01006864,Families with dependent children: Youngest aged 12 to 18,18,8,6,5,1,2,0,2,10,1,9
S01006865,All families in households,275,256,202,197,5,54,46,8,19,4,15
S01006865,Families with no dependent children,182,175,138,136,2,37,37,0,7,3,4
S01006865,Families with dependent children: Total,93,81,64,61,3,17,9,8,12,1,11
S01006865,Families with dependent children: Youngest aged 0 to 4,33,29,23,22,1,6,4,2,4,1,3
S01006865,Families with dependent children: Youngest aged 5 to 11,31,28,23,23,0,5,4,1,3,0,3
S01006865,Families with dependent children: Youngest aged 12 to 18,29,24,18,16,2,6,1,5,5,0,5
S01006866,All families in households,174,167,151,145,6,16,14,2,7,0,7
S01006866,Families with no dependent children,115,114,103,100,3,11,10,1,1,0,1
S01006866,Families with dependent children: Total,59,53,48,45,3,5,4,1,6,0,6
S01006866,Families with dependent children: Youngest aged 0 to 4,13,11,8,8,0,3,2,1,2,0,2
S01006866,Families with dependent children: Youngest aged 5 to 11,22,20,19,19,0,1,1,0,2,0,2
S01006866,Families with dependent children: Youngest aged 12 to 18,24,22,21,18,3,1,1,0,2,0,2
S01006867,All families in households,231,211,202,196,6,9,7,2,20,4,16
S01006867,Families with no dependent children,153,146,141,140,1,5,5,0,7,3,4
S01006867,Families with dependent children: Total,78,65,61,56,5,4,2,2,13,1,12
S01006867,Families with dependent children: Youngest aged 0 to 4,25,25,24,22,2,1,1,0,0,0,0
S01006867,Families with dependent children: Youngest aged 5 to 11,21,19,17,15,2,2,1,1,2,1,1
S01006867,Families with dependent children: Youngest aged 12 to 18,32,21,20,19,1,1,0,1,11,0,11
S01006868,All families in households,272,230,197,189,8,33,30,3,42,7,35
S01006868,Families with no dependent children,161,144,119,116,3,25,25,0,17,2,15
S01006868,Families with dependent children: Total,111,86,78,73,5,8,5,3,25,5,20
S01006868,Families with dependent children: Youngest aged 0 to 4,38,33,28,27,1,5,4,1,5,0,5
S01006868,Families with dependent children: Youngest aged 5 to 11,39,28,27,26,1,1,1,0,11,0,11
S01006868,Families with dependent children: Youngest aged 12 to 18,34,25,23,20,3,2,0,2,9,5,4
S01006869,All families in households,149,132,113,109,4,19,17,2,17,2,15
S01006869,Families with no dependent children,94,86,75,75,0,11,11,0,8,1,7
S01006869,Families with dependent children: Total,55,46,38,34,4,8,6,2,9,1,8
S01006869,Families with dependent children: Youngest aged 0 to 4,22,19,16,15,1,3,2,1,3,1,2
S01006869,Families with dependent children: Youngest aged 5 to 11,22,18,15,12,3,3,3,0,4,0,4
S01006869,Families with dependent children: Youngest aged 12 to 18,11,9,7,7,0,2,1,1,2,0,2
S01006870,All families in households,144,133,120,115,5,13,9,4,11,1,10
S01006870,Families with no dependent children,83,81,75,73,2,6,6,0,2,0,2
S01006870,Families with dependent children: Total,61,52,45,42,3,7,3,4,9,1,8
S01006870,Families with dependent children: Youngest aged 0 to 4,13,11,10,10,0,1,1,0,2,0,2
S01006870,Families with dependent children: Youngest aged 5 to 11,28,24,22,19,3,2,1,1,4,0,4
S01006870,Families with dependent children: Youngest aged 12 to 18,20,17,13,13,0,4,1,3,3,1,2
S01006871,All families in households,209,191,169,164,5,22,16,6,18,3,15
S01006871,Families with no dependent children,109,106,94,92,2,12,8,4,3,1,2
S01006871,Families with dependent children: Total,100,85,75,72,3,10,8,2,15,2,13
S01006871,Families with dependent children: Youngest aged 0 to 4,34,29,23,21,2,6,5,1,5,0,5
S01006871,Families with dependent children: Youngest aged 5 to 11,39,36,34,34,0,2,1,1,3,2,1
S01006871,Families with dependent children: Youngest aged 12 to 18,27,20,18,17,1,2,2,0,7,0,7
S01006872,All families in households,219,208,184,179,5,24,21,3,11,4,7
S01006872,Families with no dependent children,120,115,101,101,0,14,14,0,5,1,4
S01006872,Families with dependent children: Total,99,93,83,78,5,10,7,3,6,3,3
S01006872,Families with dependent children: Youngest aged 0 to 4,32,32,27,26,1,5,5,0,0,0,0
S01006872,Families with dependent children: Youngest aged 5 to 11,40,36,32,30,2,4,2,2,4,3,1
S01006872,Families with dependent children: Youngest aged 12 to 18,27,25,24,22,2,1,0,1,2,0,2
S01006873,All families in households,291,269,244,241,3,25,22,3,22,3,19
S01006873,Families with no dependent children,180,174,158,156,2,16,14,2,6,0,6
S01006873,Families with dependent children: Total,111,95,86,85,1,9,8,1,16,3,13
S01006873,Families with dependent children: Youngest aged 0 to 4,38,37,30,30,0,7,6,1,1,0,1
S01006873,Families with dependent children: Youngest aged 5 to 11,36,31,29,28,1,2,2,0,5,1,4
S01006873,Families with dependent children: Youngest aged 12 to 18,37,27,27,27,0,0,0,0,10,2,8
S01006874,All families in households,178,162,136,132,4,26,24,2,16,3,13
S01006874,Families with no dependent children,104,96,79,79,0,17,17,0,8,2,6
S01006874,Families with dependent children: Total,74,66,57,53,4,9,7,2,8,1,7
S01006874,Families with dependent children: Youngest aged 0 to 4,16,16,13,12,1,3,2,1,0,0,0
S01006874,Families with dependent children: Youngest aged 5 to 11,26,22,19,18,1,3,3,0,4,0,4
S01006874,Families with dependent children: Youngest aged 12 to 18,32,28,25,23,2,3,2,1,4,1,3
S01006875,All families in households,204,174,137,133,4,37,32,5,30,2,28
S01006875,Families with no dependent children,124,117,92,91,1,25,24,1,7,1,6
S01006875,Families with dependent children: Total,80,57,45,42,3,12,8,4,23,1,22
S01006875,Families with dependent children: Youngest aged 0 to 4,31,25,18,18,0,7,6,1,6,0,6
S01006875,Families with dependent children: Youngest aged 5 to 11,27,20,16,15,1,4,2,2,7,0,7
S01006875,Families with dependent children: Youngest aged 12 to 18,22,12,11,9,2,1,0,1,10,1,9
S01006876,All families in households,309,269,225,222,3,44,37,7,40,11,29
S01006876,Families with no dependent children,191,171,148,147,1,23,21,2,20,9,11
S01006876,Families with dependent children: Total,118,98,77,75,2,21,16,5,20,2,18
S01006876,Families with dependent children: Youngest aged 0 to 4,45,41,30,30,0,11,9,2,4,0,4
S01006876,Families with dependent children: Youngest aged 5 to 11,33,25,20,18,2,5,4,1,8,1,7
S01006876,Families with dependent children: Youngest aged 12 to 18,40,32,27,27,0,5,3,2,8,1,7
S01006877,All families in households,294,272,221,214,7,51,46,5,22,5,17
S01006877,Families with no dependent children,184,174,138,136,2,36,36,0,10,4,6
S01006877,Families with dependent children: Total,110,98,83,78,5,15,10,5,12,1,11
S01006877,Families with dependent children: Youngest aged 0 to 4,35,31,22,21,1,9,7,2,4,0,4
S01006877,Families with dependent children: Youngest aged 5 to 11,38,38,36,34,2,2,2,0,0,0,0
S01006877,Families with dependent children: Youngest aged 12 to 18,37,29,25,23,2,4,1,3,8,1,7
S01006878,All families in households,214,194,159,151,8,35,32,3,20,4,16
S01006878,Families with no dependent children,145,135,110,109,1,25,25,0,10,2,8
S01006878,Families with dependent children: Total,69,59,49,42,7,10,7,3,10,2,8
S01006878,Families with dependent children: Youngest aged 0 to 4,20,17,15,11,4,2,2,0,3,1,2
S01006878,Families with dependent children: Youngest aged 5 to 11,28,25,20,18,2,5,4,1,3,0,3
S01006878,Families with dependent children: Youngest aged 12 to 18,21,17,14,13,1,3,1,2,4,1,3
S01006879,All families in households,226,209,174,169,5,35,29,6,17,4,13
S01006879,Families with no dependent children,143,138,116,115,1,22,21,1,5,1,4
S01006879,Families with dependent children: Total,83,71,58,54,4,13,8,5,12,3,9
S01006879,Families with dependent children: Youngest aged 0 to 4,24,20,14,14,0,6,6,0,4,0,4
S01006879,Families with dependent children: Youngest aged 5 to 11,27,26,24,24,0,2,0,2,1,0,1
S01006879,Families with dependent children: Youngest aged 12 to 18,32,25,20,16,4,5,2,3,7,3,4
S01006880,All families in households,196,183,157,155,2,26,23,3,13,2,11
S01006880,Families with no dependent children,108,103,85,84,1,18,17,1,5,1,4
S01006880,Families with dependent children: Total,88,80,72,71,1,8,6,2,8,1,7
S01006880,Families with dependent children: Youngest aged 0 to 4,43,40,36,36,0,4,3,1,3,0,3
S01006880,Families with dependent children: Youngest aged 5 to 11,26,23,21,20,1,2,2,0,3,0,3
S01006880,Families with dependent children: Youngest aged 12 to 18,19,17,15,15,0,2,1,1,2,1,1
S01006881,All families in households,195,179,156,152,4,23,20,3,16,2,14
S01006881,Families with no dependent children,125,115,99,99,0,16,15,1,10,2,8
S01006881,Families with dependent children: Total,70,64,57,53,4,7,5,2,6,0,6
S01006881,Families with dependent children: Youngest aged 0 to 4,25,25,21,21,0,4,4,0,0,0,0
S01006881,Families with dependent children: Youngest aged 5 to 11,22,19,18,16,2,1,1,0,3,0,3
S01006881,Families with dependent children: Youngest aged 12 to 18,23,20,18,16,2,2,0,2,3,0,3
S01006882,All families in households,107,89,74,74,0,15,11,4,18,1,17
S01006882,Families with no dependent children,69,62,54,54,0,8,6,2,7,1,6
S01006882,Families with dependent children: Total,38,27,20,20,0,7,5,2,11,0,11
S01006882,Families with dependent children: Youngest aged 0 to 4,11,10,6,6,0,4,4,0,1,0,1
S01006882,Families with dependent children: Youngest aged 5 to 11,14,8,6,6,0,2,1,1,6,0,6
S01006882,Families with dependent children: Youngest aged 12 to 18,13,9,8,8,0,1,0,1,4,0,4
S01006883,All families in households,130,115,99,98,1,16,15,1,15,3,12
S01006883,Families with no dependent children,83,77,67,67,0,10,10,0,6,2,4
S01006883,Families with dependent children: Total,47,38,32,31,1,6,5,1,9,1,8
S01006883,Families with dependent children: Youngest aged 0 to 4,19,16,11,11,0,5,4,1,3,0,3
S01006883,Families with dependent children: Youngest aged 5 to 11,12,12,11,11,0,1,1,0,0,0,0
S01006883,Families with dependent children: Youngest aged 12 to 18,16,10,10,9,1,0,0,0,6,1,5
S01006884,All families in households,265,227,194,188,6,33,29,4,38,8,30
S01006884,Families with no dependent children,153,137,120,118,2,17,15,2,16,4,12
S01006884,Families with dependent children: Total,112,90,74,70,4,16,14,2,22,4,18
S01006884,Families with dependent children: Youngest aged 0 to 4,40,37,27,26,1,10,10,0,3,1,2
S01006884,Families with dependent children: Youngest aged 5 to 11,31,24,21,21,0,3,2,1,7,1,6
S01006884,Families with dependent children: Youngest aged 12 to 18,41,29,26,23,3,3,2,1,12,2,10
S01006885,All families in households,171,158,142,136,6,16,15,1,13,3,10
S01006885,Families with no dependent children,117,113,101,98,3,12,12,0,4,0,4
S01006885,Families with dependent children: Total,54,45,41,38,3,4,3,1,9,3,6
S01006885,Families with dependent children: Youngest aged 0 to 4,13,13,13,12,1,0,0,0,0,0,0
S01006885,Families with dependent children: Youngest aged 5 to 11,17,14,11,10,1,3,2,1,3,0,3
S01006885,Families with dependent children: Youngest aged 12 to 18,24,18,17,16,1,1,1,0,6,3,3
S01006886,All families in households,239,220,191,187,4,29,24,5,19,5,14
S01006886,Families with no dependent children,161,158,140,139,1,18,16,2,3,1,2
S01006886,Families with dependent children: Total,78,62,51,48,3,11,8,3,16,4,12
S01006886,Families with dependent children: Youngest aged 0 to 4,22,22,18,15,3,4,3,1,0,0,0
S01006886,Families with dependent children: Youngest aged 5 to 11,26,21,17,17,0,4,4,0,5,1,4
S01006886,Families with dependent children: Youngest aged 12 to 18,30,19,16,16,0,3,1,2,11,3,8
S01006887,All families in households,185,168,141,138,3,27,24,3,17,1,16
S01006887,Families with no dependent children,99,94,77,75,2,17,17,0,5,0,5
S01006887,Families with dependent children: Total,86,74,64,63,1,10,7,3,12,1,11
S01006887,Families with dependent children: Youngest aged 0 to 4,31,27,21,20,1,6,5,1,4,0,4
S01006887,Families with dependent children: Youngest aged 5 to 11,32,29,25,25,0,4,2,2,3,0,3
S01006887,Families with dependent children: Youngest aged 12 to 18,23,18,18,18,0,0,0,0,5,1,4
S01006888,All families in households,247,225,189,182,7,36,28,8,22,3,19
S01006888,Families with no dependent children,140,134,111,109,2,23,19,4,6,1,5
S01006888,Families with dependent children: Total,107,91,78,73,5,13,9,4,16,2,14
S01006888,Families with dependent children: Youngest aged 0 to 4,35,32,23,22,1,9,7,2,3,0,3
S01006888,Families with dependent children: Youngest aged 5 to 11,47,40,37,36,1,3,1,2,7,0,7
S01006888,Families with dependent children: Youngest aged 12 to 18,25,19,18,15,3,1,1,0,6,2,4
S01006889,All families in households,248,207,162,157,5,45,28,17,41,5,36
S01006889,Families with no dependent children,152,135,115,111,4,20,18,2,17,4,13
S01006889,Families with dependent children: Total,96,72,47,46,1,25,10,15,24,1,23
S01006889,Families with dependent children: Youngest aged 0 to 4,39,30,16,16,0,14,8,6,9,0,9
S01006889,Families with dependent children: Youngest aged 5 to 11,33,26,17,16,1,9,2,7,7,0,7
S01006889,Families with dependent children: Youngest aged 12 to 18,24,16,14,14,0,2,0,2,8,1,7
S01006890,All families in households,205,190,163,151,12,27,24,3,15,2,13
S01006890,Families with no dependent children,116,110,91,86,5,19,19,0,6,1,5
S01006890,Families with dependent children: Total,89,80,72,65,7,8,5,3,9,1,8
S01006890,Families with dependent children: Youngest aged 0 to 4,27,25,20,17,3,5,4,1,2,0,2
S01006890,Families with dependent children: Youngest aged 5 to 11,39,36,34,33,1,2,0,2,3,0,3
S01006890,Families with dependent children: Youngest aged 12 to 18,23,19,18,15,3,1,1,0,4,1,3
S01006891,All families in households,275,243,198,192,6,45,32,13,32,6,26
S01006891,Families with no dependent children,165,151,128,124,4,23,20,3,14,4,10
S01006891,Families with dependent children: Total,110,92,70,68,2,22,12,10,18,2,16
S01006891,Families with dependent children: Youngest aged 0 to 4,35,33,21,21,0,12,8,4,2,0,2
S01006891,Families with dependent children: Youngest aged 5 to 11,43,34,27,25,2,7,3,4,9,2,7
S01006891,Families with dependent children: Youngest aged 12 to 18,32,25,22,22,0,3,1,2,7,0,7
S01006892,All families in households,180,149,111,104,7,38,34,4,31,1,30
S01006892,Families with no dependent children,105,94,73,70,3,21,19,2,11,1,10
S01006892,Families with dependent children: Total,75,55,38,34,4,17,15,2,20,0,20
S01006892,Families with dependent children: Youngest aged 0 to 4,38,31,21,19,2,10,9,1,7,0,7
S01006892,Families with dependent children: Youngest aged 5 to 11,20,15,11,9,2,4,4,0,5,0,5
S01006892,Families with dependent children: Youngest aged 12 to 18,17,9,6,6,0,3,2,1,8,0,8
S01006893,All families in households,168,140,126,119,7,14,7,7,28,3,25
S01006893,Families with no dependent children,92,86,84,82,2,2,1,1,6,3,3
S01006893,Families with dependent children: Total,76,54,42,37,5,12,6,6,22,0,22
S01006893,Families with dependent children: Youngest aged 0 to 4,19,15,11,9,2,4,2,2,4,0,4
S01006893,Families with dependent children: Youngest aged 5 to 11,32,18,14,13,1,4,2,2,14,0,14
S01006893,Families with dependent children: Youngest aged 12 to 18,25,21,17,15,2,4,2,2,4,0,4
S01006894,All families in households,287,259,225,223,2,34,31,3,28,3,25
S01006894,Families with no dependent children,202,186,166,165,1,20,19,1,16,2,14
S01006894,Families with dependent children: Total,85,73,59,58,1,14,12,2,12,1,11
S01006894,Families with dependent children: Youngest aged 0 to 4,21,17,11,11,0,6,6,0,4,0,4
S01006894,Families with dependent children: Youngest aged 5 to 11,32,28,24,23,1,4,2,2,4,0,4
S01006894,Families with dependent children: Youngest aged 12 to 18,32,28,24,24,0,4,4,0,4,1,3
S01006895,All families in households,152,119,81,80,1,38,33,5,33,6,27
S01006895,Families with no dependent children,104,84,57,57,0,27,27,0,20,6,14
S01006895,Families with dependent children: Total,48,35,24,23,1,11,6,5,13,0,13
S01006895,Families with dependent children: Youngest aged 0 to 4,25,20,14,14,0,6,3,3,5,0,5
S01006895,Families with dependent children: Youngest aged 5 to 11,13,11,7,6,1,4,3,1,2,0,2
S01006895,Families with dependent children: Youngest aged 12 to 18,10,4,3,3,0,1,0,1,6,0,6
S01006896,All families in households,254,219,177,173,4,42,36,6,35,5,30
S01006896,Families with no dependent children,182,166,136,134,2,30,29,1,16,2,14
S01006896,Families with dependent children: Total,72,53,41,39,2,12,7,5,19,3,16
S01006896,Families with dependent children: Youngest aged 0 to 4,27,22,12,12,0,10,6,4,5,0,5
S01006896,Families with dependent children: Youngest aged 5 to 11,21,14,12,12,0,2,1,1,7,1,6
S01006896,Families with dependent children: Youngest aged 12 to 18,24,17,17,15,2,0,0,0,7,2,5
S01006897,All families in households,223,207,163,154,9,44,38,6,16,4,12
S01006897,Families with no dependent children,145,140,112,109,3,28,28,0,5,1,4
S01006897,Families with dependent children: Total,78,67,51,45,6,16,10,6,11,3,8
S01006897,Families with dependent children: Youngest aged 0 to 4,32,31,22,19,3,9,9,0,1,0,1
S01006897,Families with dependent children: Youngest aged 5 to 11,22,18,13,13,0,5,1,4,4,0,4
S01006897,Families with dependent children: Youngest aged 12 to 18,24,18,16,13,3,2,0,2,6,3,3
S01006898,All families in households,226,197,156,153,3,41,32,9,29,3,26
S01006898,Families with no dependent children,136,128,103,103,0,25,23,2,8,1,7
S01006898,Families with dependent children: Total,90,69,53,50,3,16,9,7,21,2,19
S01006898,Families with dependent children: Youngest aged 0 to 4,32,27,21,20,1,6,6,0,5,1,4
S01006898,Families with dependent children: Youngest aged 5 to 11,34,23,17,16,1,6,2,4,11,1,10
S01006898,Families with dependent children: Youngest aged 12 to 18,24,19,15,14,1,4,1,3,5,0,5
S01006899,All families in households,190,175,140,139,1,35,30,5,15,3,12
S01006899,Families with no dependent children,103,98,76,76,0,22,19,3,5,2,3
S01006899,Families with dependent children: Total,87,77,64,63,1,13,11,2,10,1,9
S01006899,Families with dependent children: Youngest aged 0 to 4,32,30,22,22,0,8,8,0,2,0,2
S01006899,Families with dependent children: Youngest aged 5 to 11,27,22,18,18,0,4,3,1,5,0,5
S01006899,Families with dependent children: Youngest aged 12 to 18,28,25,24,23,1,1,0,1,3,1,2
S01006900,All families in households,188,172,135,130,5,37,32,5,16,4,12
S01006900,Families with no dependent children,124,115,94,90,4,21,19,2,9,3,6
S01006900,Families with dependent children: Total,64,57,41,40,1,16,13,3,7,1,6
S01006900,Families with dependent children: Youngest aged 0 to 4,24,23,11,11,0,12,11,1,1,0,1
S01006900,Families with dependent children: Youngest aged 5 to 11,21,17,15,15,0,2,2,0,4,0,4
S01006900,Families with dependent children: Youngest aged 12 to 18,19,17,15,14,1,2,0,2,2,1,1
S01006901,All families in households,179,148,110,106,4,38,25,13,31,3,28
S01006901,Families with no dependent children,117,107,87,85,2,20,16,4,10,2,8
S01006901,Families with dependent children: Total,62,41,23,21,2,18,9,9,21,1,20
S01006901,Families with dependent children: Youngest aged 0 to 4,18,10,3,3,0,7,5,2,8,1,7
S01006901,Families with dependent children: Youngest aged 5 to 11,18,14,9,8,1,5,3,2,4,0,4
S01006901,Families with dependent children: Youngest aged 12 to 18,26,17,11,10,1,6,1,5,9,0,9
S01006902,All families in households,195,165,141,136,5,24,18,6,30,2,28
S01006902,Families with no dependent children,99,91,79,76,3,12,12,0,8,0,8
S01006902,Families with dependent children: Total,96,74,62,60,2,12,6,6,22,2,20
S01006902,Families with dependent children: Youngest aged 0 to 4,37,29,24,22,2,5,5,0,8,1,7
S01006902,Families with dependent children: Youngest aged 5 to 11,30,22,18,18,0,4,1,3,8,1,7
S01006902,Families with dependent children: Youngest aged 12 to 18,29,23,20,20,0,3,0,3,6,0,6
S01006903,All families in households,235,195,143,137,6,52,43,9,40,5,35
S01006903,Families with no dependent children,136,122,96,94,2,26,26,0,14,4,10
S01006903,Families with dependent children: Total,99,73,47,43,4,26,17,9,26,1,25
S01006903,Families with dependent children: Youngest aged 0 to 4,42,33,17,17,0,16,14,2,9,0,9
S01006903,Families with dependent children: Youngest aged 5 to 11,32,21,17,16,1,4,2,2,11,1,10
S01006903,Families with dependent children: Youngest aged 12 to 18,25,19,13,10,3,6,1,5,6,0,6
S01006904,All families in households,204,162,120,117,3,42,34,8,42,5,37
S01006904,Families with no dependent children,112,96,74,73,1,22,22,0,16,5,11
S01006904,Families with dependent children: Total,92,66,46,44,2,20,12,8,26,0,26
S01006904,Families with dependent children: Youngest aged 0 to 4,31,25,15,14,1,10,8,2,6,0,6
S01006904,Families with dependent children: Youngest aged 5 to 11,34,22,14,13,1,8,2,6,12,0,12
S01006904,Families with dependent children: Youngest aged 12 to 18,27,19,17,17,0,2,2,0,8,0,8
S01006905,All families in households,276,245,207,202,5,38,31,7,31,4,27
S01006905,Families with no dependent children,195,177,159,158,1,18,18,0,18,2,16
S01006905,Families with dependent children: Total,81,68,48,44,4,20,13,7,13,2,11
S01006905,Families with dependent children: Youngest aged 0 to 4,33,31,19,19,0,12,10,2,2,0,2
S01006905,Families with dependent children: Youngest aged 5 to 11,22,15,12,8,4,3,1,2,7,1,6
S01006905,Families with dependent children: Youngest aged 12 to 18,26,22,17,17,0,5,2,3,4,1,3
S01006906,All families in households,244,199,166,158,8,33,30,3,45,8,37
S01006906,Families with no dependent children,172,151,130,127,3,21,20,1,21,6,15
S01006906,Families with dependent children: Total,72,48,36,31,5,12,10,2,24,2,22
S01006906,Families with dependent children: Youngest aged 0 to 4,35,22,14,12,2,8,8,0,13,0,13
S01006906,Families with dependent children: Youngest aged 5 to 11,21,13,11,10,1,2,1,1,8,1,7
S01006906,Families with dependent children: Youngest aged 12 to 18,16,13,11,9,2,2,1,1,3,1,2
S01006907,All families in households,181,159,105,102,3,54,49,5,22,3,19
S01006907,Families with no dependent children,133,124,79,77,2,45,43,2,9,2,7
S01006907,Families with dependent children: Total,48,35,26,25,1,9,6,3,13,1,12
S01006907,Families with dependent children: Youngest aged 0 to 4,21,16,13,12,1,3,3,0,5,0,5
S01006907,Families with dependent children: Youngest aged 5 to 11,16,10,5,5,0,5,3,2,6,0,6
S01006907,Families with dependent children: Youngest aged 12 to 18,11,9,8,8,0,1,0,1,2,1,1
S01006908,All families in households,219,179,123,121,2,56,46,10,40,5,35
S01006908,Families with no dependent children,155,140,99,97,2,41,36,5,15,3,12
S01006908,Families with dependent children: Total,64,39,24,24,0,15,10,5,25,2,23
S01006908,Families with dependent children: Youngest aged 0 to 4,26,18,8,8,0,10,7,3,8,0,8
S01006908,Families with dependent children: Youngest aged 5 to 11,20,11,8,8,0,3,3,0,9,1,8
S01006908,Families with dependent children: Youngest aged 12 to 18,18,10,8,8,0,2,0,2,8,1,7
S01006909,All families in households,251,234,194,184,10,40,34,6,17,4,13
S01006909,Families with no dependent children,132,127,103,99,4,24,21,3,5,1,4
S01006909,Families with dependent children: Total,119,107,91,85,6,16,13,3,12,3,9
S01006909,Families with dependent children: Youngest aged 0 to 4,57,54,43,41,2,11,11,0,3,1,2
S01006909,Families with dependent children: Youngest aged 5 to 11,40,34,30,28,2,4,2,2,6,0,6
S01006909,Families with dependent children: Youngest aged 12 to 18,22,19,18,16,2,1,0,1,3,2,1
S01006910,All families in households,271,250,203,195,8,47,43,4,21,4,17
S01006910,Families with no dependent children,167,157,123,118,5,34,31,3,10,2,8
S01006910,Families with dependent children: Total,104,93,80,77,3,13,12,1,11,2,9
S01006910,Families with dependent children: Youngest aged 0 to 4,47,45,35,33,2,10,10,0,2,0,2
S01006910,Families with dependent children: Youngest aged 5 to 11,28,23,20,19,1,3,2,1,5,1,4
S01006910,Families with dependent children: Youngest aged 12 to 18,29,25,25,25,0,0,0,0,4,1,3
S01006911,All families in households,208,178,121,115,6,57,48,9,30,4,26
S01006911,Families with no dependent children,74,71,43,42,1,28,27,1,3,0,3
S01006911,Families with dependent children: Total,134,107,78,73,5,29,21,8,27,4,23
S01006911,Families with dependent children: Youngest aged 0 to 4,86,78,55,54,1,23,20,3,8,1,7
S01006911,Families with dependent children: Youngest aged 5 to 11,24,15,12,11,1,3,1,2,9,2,7
S01006911,Families with dependent children: Youngest aged 12 to 18,24,14,11,8,3,3,0,3,10,1,9
S01006912,All families in households,138,131,112,107,5,19,17,2,7,2,5
S01006912,Families with no dependent children,94,92,78,77,1,14,14,0,2,1,1
S01006912,Families with dependent children: Total,44,39,34,30,4,5,3,2,5,1,4
S01006912,Families with dependent children: Youngest aged 0 to 4,10,9,7,7,0,2,2,0,1,0,1
S01006912,Families with dependent children: Youngest aged 5 to 11,11,11,10,8,2,1,0,1,0,0,0
S01006912,Families with dependent children: Youngest aged 12 to 18,23,19,17,15,2,2,1,1,4,1,3
S01006913,All families in households,155,145,114,107,7,31,23,8,10,0,10
S01006913,Families with no dependent children,63,62,46,42,4,16,14,2,1,0,1
S01006913,Families with dependent children: Total,92,83,68,65,3,15,9,6,9,0,9
S01006913,Families with dependent children: Youngest aged 0 to 4,48,45,35,34,1,10,8,2,3,0,3
S01006913,Families with dependent children: Youngest aged 5 to 11,28,24,22,22,0,2,0,2,4,0,4
S01006913,Families with dependent children: Youngest aged 12 to 18,16,14,11,9,2,3,1,2,2,0,2
S01006914,All families in households,230,217,192,187,5,25,21,4,13,7,6
S01006914,Families with no dependent children,130,122,108,106,2,14,13,1,8,4,4
S01006914,Families with dependent children: Total,100,95,84,81,3,11,8,3,5,3,2
S01006914,Families with dependent children: Youngest aged 0 to 4,30,30,23,22,1,7,5,2,0,0,0
S01006914,Families with dependent children: Youngest aged 5 to 11,32,30,29,29,0,1,1,0,2,1,1
S01006914,Families with dependent children: Youngest aged 12 to 18,38,35,32,30,2,3,2,1,3,2,1
S01006915,All families in households,260,241,208,206,2,33,27,6,19,6,13
S01006915,Families with no dependent children,154,144,124,124,0,20,19,1,10,3,7
S01006915,Families with dependent children: Total,106,97,84,82,2,13,8,5,9,3,6
S01006915,Families with dependent children: Youngest aged 0 to 4,42,39,28,27,1,11,7,4,3,2,1
S01006915,Families with dependent children: Youngest aged 5 to 11,32,29,28,27,1,1,0,1,3,0,3
S01006915,Families with dependent children: Youngest aged 12 to 18,32,29,28,28,0,1,1,0,3,1,2
S01006916,All families in households,168,134,105,100,5,29,25,4,34,2,32
S01006916,Families with no dependent children,62,58,46,43,3,12,11,1,4,1,3
S01006916,Families with dependent children: Total,106,76,59,57,2,17,14,3,30,1,29
S01006916,Families with dependent children: Youngest aged 0 to 4,61,52,37,36,1,15,13,2,9,0,9
S01006916,Families with dependent children: Youngest aged 5 to 11,28,16,14,14,0,2,1,1,12,1,11
S01006916,Families with dependent children: Youngest aged 12 to 18,17,8,8,7,1,0,0,0,9,0,9
S01006917,All families in households,293,265,216,206,10,49,38,11,28,3,25
S01006917,Families with no dependent children,81,79,53,51,2,26,24,2,2,1,1
S01006917,Families with dependent children: Total,212,186,163,155,8,23,14,9,26,2,24
S01006917,Families with dependent children: Youngest aged 0 to 4,130,121,107,103,4,14,10,4,9,0,9
S01006917,Families with dependent children: Youngest aged 5 to 11,57,52,46,42,4,6,3,3,5,1,4
S01006917,Families with dependent children: Youngest aged 12 to 18,25,13,10,10,0,3,1,2,12,1,11
S01006918,All families in households,156,145,117,111,6,28,22,6,11,0,11
S01006918,Families with no dependent children,81,79,62,62,0,17,16,1,2,0,2
S01006918,Families with dependent children: Total,75,66,55,49,6,11,6,5,9,0,9
S01006918,Families with dependent children: Youngest aged 0 to 4,38,34,27,25,2,7,5,2,4,0,4
S01006918,Families with dependent children: Youngest aged 5 to 11,19,17,14,13,1,3,1,2,2,0,2
S01006918,Families with dependent children: Youngest aged 12 to 18,18,15,14,11,3,1,0,1,3,0,3
S01006919,All families in households,164,152,133,133,0,19,16,3,12,3,9
S01006919,Families with no dependent children,119,113,102,102,0,11,11,0,6,2,4
S01006919,Families with dependent children: Total,45,39,31,31,0,8,5,3,6,1,5
S01006919,Families with dependent children: Youngest aged 0 to 4,18,18,12,12,0,6,5,1,0,0,0
S01006919,Families with dependent children: Youngest aged 5 to 11,14,10,9,9,0,1,0,1,4,0,4
S01006919,Families with dependent children: Youngest aged 12 to 18,13,11,10,10,0,1,0,1,2,1,1
S01006920,All families in households,150,127,103,103,0,24,20,4,23,3,20
S01006920,Families with no dependent children,90,82,67,67,0,15,14,1,8,2,6
S01006920,Families with dependent children: Total,60,45,36,36,0,9,6,3,15,1,14
S01006920,Families with dependent children: Youngest aged 0 to 4,33,28,20,20,0,8,6,2,5,0,5
S01006920,Families with dependent children: Youngest aged 5 to 11,18,12,12,12,0,0,0,0,6,0,6
S01006920,Families with dependent children: Youngest aged 12 to 18,9,5,4,4,0,1,0,1,4,1,3
S01006921,All families in households,251,232,206,194,12,26,20,6,19,2,17
S01006921,Families with no dependent children,88,86,74,73,1,12,10,2,2,0,2
S01006921,Families with dependent children: Total,163,146,132,121,11,14,10,4,17,2,15
S01006921,Families with dependent children: Youngest aged 0 to 4,86,80,74,72,2,6,5,1,6,1,5
S01006921,Families with dependent children: Youngest aged 5 to 11,54,50,43,37,6,7,5,2,4,0,4
S01006921,Families with dependent children: Youngest aged 12 to 18,23,16,15,12,3,1,0,1,7,1,6
S01006922,All families in households,158,149,122,120,2,27,24,3,9,1,8
S01006922,Families with no dependent children,104,100,83,83,0,17,17,0,4,1,3
S01006922,Families with dependent children: Total,54,49,39,37,2,10,7,3,5,0,5
S01006922,Families with dependent children: Youngest aged 0 to 4,17,16,11,9,2,5,4,1,1,0,1
S01006922,Families with dependent children: Youngest aged 5 to 11,25,22,18,18,0,4,3,1,3,0,3
S01006922,Families with dependent children: Youngest aged 12 to 18,12,11,10,10,0,1,0,1,1,0,1
S01006923,All families in households,246,233,210,206,4,23,22,1,13,0,13
S01006923,Families with no dependent children,166,160,142,139,3,18,17,1,6,0,6
S01006923,Families with dependent children: Total,80,73,68,67,1,5,5,0,7,0,7
S01006923,Families with dependent children: Youngest aged 0 to 4,22,20,18,18,0,2,2,0,2,0,2
S01006923,Families with dependent children: Youngest aged 5 to 11,35,32,29,29,0,3,3,0,3,0,3
S01006923,Families with dependent children: Youngest aged 12 to 18,23,21,21,20,1,0,0,0,2,0,2
S01006924,All families in households,168,159,136,131,5,23,22,1,9,3,6
S01006924,Families with no dependent children,95,92,75,73,2,17,17,0,3,2,1
S01006924,Families with dependent children: Total,73,67,61,58,3,6,5,1,6,1,5
S01006924,Families with dependent children: Youngest aged 0 to 4,24,24,21,20,1,3,3,0,0,0,0
S01006924,Families with dependent children: Youngest aged 5 to 11,27,25,22,21,1,3,2,1,2,0,2
S01006924,Families with dependent children: Youngest aged 12 to 18,22,18,18,17,1,0,0,0,4,1,3
S01006925,All families in households,158,146,124,122,2,22,18,4,12,1,11
S01006925,Families with no dependent children,106,101,88,87,1,13,12,1,5,1,4
S01006925,Families with dependent children: Total,52,45,36,35,1,9,6,3,7,0,7
S01006925,Families with dependent children: Youngest aged 0 to 4,15,13,6,6,0,7,5,2,2,0,2
S01006925,Families with dependent children: Youngest aged 5 to 11,17,15,13,13,0,2,1,1,2,0,2
S01006925,Families with dependent children: Youngest aged 12 to 18,20,17,17,16,1,0,0,0,3,0,3
S01006926,All families in households,235,217,185,181,4,32,26,6,18,4,14
S01006926,Families with no dependent children,124,118,94,93,1,24,21,3,6,2,4
S01006926,Families with dependent children: Total,111,99,91,88,3,8,5,3,12,2,10
S01006926,Families with dependent children: Youngest aged 0 to 4,58,55,51,50,1,4,3,1,3,1,2
S01006926,Families with dependent children: Youngest aged 5 to 11,41,34,31,30,1,3,2,1,7,1,6
S01006926,Families with dependent children: Youngest aged 12 to 18,12,10,9,8,1,1,0,1,2,0,2
S01006927,All families in households,331,306,228,217,11,78,72,6,25,2,23
S01006927,Families with no dependent children,140,132,89,89,0,43,39,4,8,2,6
S01006927,Families with dependent children: Total,191,174,139,128,11,35,33,2,17,0,17
S01006927,Families with dependent children: Youngest aged 0 to 4,130,124,95,90,5,29,27,2,6,0,6
S01006927,Families with dependent children: Youngest aged 5 to 11,49,40,35,31,4,5,5,0,9,0,9
S01006927,Families with dependent children: Youngest aged 12 to 18,12,10,9,7,2,1,1,0,2,0,2
S01006928,All families in households,317,270,223,215,8,47,41,6,47,6,41
S01006928,Families with no dependent children,176,162,135,132,3,27,25,2,14,4,10
S01006928,Families with dependent children: Total,141,108,88,83,5,20,16,4,33,2,31
S01006928,Families with dependent children: Youngest aged 0 to 4,45,41,34,32,2,7,6,1,4,0,4
S01006928,Families with dependent children: Youngest aged 5 to 11,54,40,32,30,2,8,7,1,14,0,14
S01006928,Families with dependent children: Youngest aged 12 to 18,42,27,22,21,1,5,3,2,15,2,13
S01006929,All families in households,258,234,216,211,5,18,18,0,24,8,16
S01006929,Families with no dependent children,146,136,125,124,1,11,11,0,10,3,7
S01006929,Families with dependent children: Total,112,98,91,87,4,7,7,0,14,5,9
S01006929,Families with dependent children: Youngest aged 0 to 4,23,22,16,15,1,6,6,0,1,0,1
S01006929,Families with dependent children: Youngest aged 5 to 11,53,48,47,46,1,1,1,0,5,0,5
S01006929,Families with dependent children: Youngest aged 12 to 18,36,28,28,26,2,0,0,0,8,5,3
S01006930,All families in households,289,274,245,244,1,29,24,5,15,3,12
S01006930,Families with no dependent children,185,180,162,162,0,18,18,0,5,1,4
S01006930,Families with dependent children: Total,104,94,83,82,1,11,6,5,10,2,8
S01006930,Families with dependent children: Youngest aged 0 to 4,29,28,24,24,0,4,4,0,1,0,1
S01006930,Families with dependent children: Youngest aged 5 to 11,27,25,23,22,1,2,0,2,2,1,1
S01006930,Families with dependent children: Youngest aged 12 to 18,48,41,36,36,0,5,2,3,7,1,6
S01006931,All families in households,122,109,90,87,3,19,18,1,13,3,10
S01006931,Families with no dependent children,73,67,54,54,0,13,12,1,6,2,4
S01006931,Families with dependent children: Total,49,42,36,33,3,6,6,0,7,1,6
S01006931,Families with dependent children: Youngest aged 0 to 4,13,12,10,9,1,2,2,0,1,0,1
S01006931,Families with dependent children: Youngest aged 5 to 11,14,13,11,11,0,2,2,0,1,0,1
S01006931,Families with dependent children: Youngest aged 12 to 18,22,17,15,13,2,2,2,0,5,1,4
S01006932,All families in households,181,154,125,114,11,29,23,6,27,2,25
S01006932,Families with no dependent children,57,53,41,39,2,12,12,0,4,1,3
S01006932,Families with dependent children: Total,124,101,84,75,9,17,11,6,23,1,22
S01006932,Families with dependent children: Youngest aged 0 to 4,41,31,23,21,2,8,6,2,10,0,10
S01006932,Families with dependent children: Youngest aged 5 to 11,48,40,33,30,3,7,3,4,8,0,8
S01006932,Families with dependent children: Youngest aged 12 to 18,35,30,28,24,4,2,2,0,5,1,4
S01006933,All families in households,183,170,155,152,3,15,12,3,13,3,10
S01006933,Families with no dependent children,100,97,87,87,0,10,9,1,3,0,3
S01006933,Families with dependent children: Total,83,73,68,65,3,5,3,2,10,3,7
S01006933,Families with dependent children: Youngest aged 0 to 4,22,22,19,19,0,3,3,0,0,0,0
S01006933,Families with dependent children: Youngest aged 5 to 11,26,23,22,19,3,1,0,1,3,1,2
S01006933,Families with dependent children: Youngest aged 12 to 18,35,28,27,27,0,1,0,1,7,2,5
S01006934,All families in households,177,161,137,130,7,24,21,3,16,3,13
S01006934,Families with no dependent children,109,100,85,83,2,15,15,0,9,2,7
S01006934,Families with dependent children: Total,68,61,52,47,5,9,6,3,7,1,6
S01006934,Families with dependent children: Youngest aged 0 to 4,20,19,16,15,1,3,2,1,1,0,1
S01006934,Families with dependent children: Youngest aged 5 to 11,22,19,15,13,2,4,3,1,3,1,2
S01006934,Families with dependent children: Youngest aged 12 to 18,26,23,21,19,2,2,1,1,3,0,3
S01006935,All families in households,221,205,189,184,5,16,13,3,16,0,16
S01006935,Families with no dependent children,157,146,133,131,2,13,12,1,11,0,11
S01006935,Families with dependent children: Total,64,59,56,53,3,3,1,2,5,0,5
S01006935,Families with dependent children: Youngest aged 0 to 4,23,20,18,16,2,2,0,2,3,0,3
S01006935,Families with dependent children: Youngest aged 5 to 11,21,21,21,20,1,0,0,0,0,0,0
S01006935,Families with dependent children: Youngest aged 12 to 18,20,18,17,17,0,1,1,0,2,0,2
S01006936,All families in households,196,169,148,146,2,21,18,3,27,2,25
S01006936,Families with no dependent children,121,111,97,97,0,14,13,1,10,2,8
S01006936,Families with dependent children: Total,75,58,51,49,2,7,5,2,17,0,17
S01006936,Families with dependent children: Youngest aged 0 to 4,28,25,21,20,1,4,4,0,3,0,3
S01006936,Families with dependent children: Youngest aged 5 to 11,22,18,17,16,1,1,0,1,4,0,4
S01006936,Families with dependent children: Youngest aged 12 to 18,25,15,13,13,0,2,1,1,10,0,10
S01006937,All families in households,225,195,165,158,7,30,25,5,30,6,24
S01006937,Families with no dependent children,142,130,109,106,3,21,21,0,12,3,9
S01006937,Families with dependent children: Total,83,65,56,52,4,9,4,5,18,3,15
S01006937,Families with dependent children: Youngest aged 0 to 4,24,22,16,16,0,6,4,2,2,0,2
S01006937,Families with dependent children: Youngest aged 5 to 11,28,20,19,17,2,1,0,1,8,2,6
S01006937,Families with dependent children: Youngest aged 12 to 18,31,23,21,19,2,2,0,2,8,1,7
S01006938,All families in households,163,148,122,121,1,26,24,2,15,1,14
S01006938,Families with no dependent children,107,102,80,80,0,22,21,1,5,1,4
S01006938,Families with dependent children: Total,56,46,42,41,1,4,3,1,10,0,10
S01006938,Families with dependent children: Youngest aged 0 to 4,31,28,26,26,0,2,1,1,3,0,3
S01006938,Families with dependent children: Youngest aged 5 to 11,15,12,10,9,1,2,2,0,3,0,3
S01006938,Families with dependent children: Youngest aged 12 to 18,10,6,6,6,0,0,0,0,4,0,4
S01006939,All families in households,198,185,165,162,3,20,13,7,13,2,11
S01006939,Families with no dependent children,124,117,106,106,0,11,11,0,7,2,5
S01006939,Families with dependent children: Total,74,68,59,56,3,9,2,7,6,0,6
S01006939,Families with dependent children: Youngest aged 0 to 4,24,24,22,21,1,2,1,1,0,0,0
S01006939,Families with dependent children: Youngest aged 5 to 11,18,16,14,14,0,2,1,1,2,0,2
S01006939,Families with dependent children: Youngest aged 12 to 18,32,28,23,21,2,5,0,5,4,0,4
S01006940,All families in households,293,258,224,217,7,34,27,7,35,10,25
S01006940,Families with no dependent children,185,170,152,149,3,18,18,0,15,5,10
S01006940,Families with dependent children: Total,108,88,72,68,4,16,9,7,20,5,15
S01006940,Families with dependent children: Youngest aged 0 to 4,28,27,17,16,1,10,8,2,1,0,1
S01006940,Families with dependent children: Youngest aged 5 to 11,34,30,28,27,1,2,1,1,4,1,3
S01006940,Families with dependent children: Youngest aged 12 to 18,46,31,27,25,2,4,0,4,15,4,11
S01006941,All families in households,188,166,133,128,5,33,31,2,22,3,19
S01006941,Families with no dependent children,92,86,66,65,1,20,20,0,6,1,5
S01006941,Families with dependent children: Total,96,80,67,63,4,13,11,2,16,2,14
S01006941,Families with dependent children: Youngest aged 0 to 4,32,28,19,18,1,9,9,0,4,1,3
S01006941,Families with dependent children: Youngest aged 5 to 11,28,24,22,22,0,2,2,0,4,0,4
S01006941,Families with dependent children: Youngest aged 12 to 18,36,28,26,23,3,2,0,2,8,1,7
S01006942,All families in households,324,303,271,263,8,32,23,9,21,4,17
S01006942,Families with no dependent children,159,149,133,132,1,16,13,3,10,2,8
S01006942,Families with dependent children: Total,165,154,138,131,7,16,10,6,11,2,9
S01006942,Families with dependent children: Youngest aged 0 to 4,57,55,49,47,2,6,5,1,2,0,2
S01006942,Families with dependent children: Youngest aged 5 to 11,56,50,44,42,2,6,4,2,6,1,5
S01006942,Families with dependent children: Youngest aged 12 to 18,52,49,45,42,3,4,1,3,3,1,2
S01006943,All families in households,192,184,162,155,7,22,15,7,8,0,8
S01006943,Families with no dependent children,50,49,40,38,2,9,7,2,1,0,1
S01006943,Families with dependent children: Total,142,135,122,117,5,13,8,5,7,0,7
S01006943,Families with dependent children: Youngest aged 0 to 4,67,67,63,61,2,4,4,0,0,0,0
S01006943,Families with dependent children: Youngest aged 5 to 11,50,48,42,41,1,6,3,3,2,0,2
S01006943,Families with dependent children: Youngest aged 12 to 18,25,20,17,15,2,3,1,2,5,0,5
S01006944,All families in households,270,232,153,143,10,79,65,14,38,5,33
S01006944,Families with no dependent children,103,94,45,42,3,49,45,4,9,3,6
S01006944,Families with dependent children: Total,167,138,108,101,7,30,20,10,29,2,27
S01006944,Families with dependent children: Youngest aged 0 to 4,84,78,61,59,2,17,14,3,6,0,6
S01006944,Families with dependent children: Youngest aged 5 to 11,49,38,30,26,4,8,5,3,11,0,11
S01006944,Families with dependent children: Youngest aged 12 to 18,34,22,17,16,1,5,1,4,12,2,10
S01006945,All families in households,167,156,141,139,2,15,13,2,11,1,10
S01006945,Families with no dependent children,112,107,93,92,1,14,12,2,5,1,4
S01006945,Families with dependent children: Total,55,49,48,47,1,1,1,0,6,0,6
S01006945,Families with dependent children: Youngest aged 0 to 4,24,21,20,20,0,1,1,0,3,0,3
S01006945,Families with dependent children: Youngest aged 5 to 11,14,14,14,13,1,0,0,0,0,0,0
S01006945,Families with dependent children: Youngest aged 12 to 18,17,14,14,14,0,0,0,0,3,0,3
S01006946,All families in households,252,231,178,166,12,53,43,10,21,2,19
S01006946,Families with no dependent children,153,141,111,108,3,30,30,0,12,2,10
S01006946,Families with dependent children: Total,99,90,67,58,9,23,13,10,9,0,9
S01006946,Families with dependent children: Youngest aged 0 to 4,37,35,20,19,1,15,12,3,2,0,2
S01006946,Families with dependent children: Youngest aged 5 to 11,30,29,24,20,4,5,1,4,1,0,1
S01006946,Families with dependent children: Youngest aged 12 to 18,32,26,23,19,4,3,0,3,6,0,6
S01006947,All families in households,257,227,190,181,9,37,34,3,30,2,28
S01006947,Families with no dependent children,103,96,73,71,2,23,23,0,7,1,6
S01006947,Families with dependent children: Total,154,131,117,110,7,14,11,3,23,1,22
S01006947,Families with dependent children: Youngest aged 0 to 4,60,54,42,41,1,12,11,1,6,1,5
S01006947,Families with dependent children: Youngest aged 5 to 11,60,52,51,48,3,1,0,1,8,0,8
S01006947,Families with dependent children: Youngest aged 12 to 18,34,25,24,21,3,1,0,1,9,0,9
S01006948,All families in households,279,256,216,208,8,40,33,7,23,4,19
S01006948,Families with no dependent children,187,176,154,149,5,22,21,1,11,3,8
S01006948,Families with dependent children: Total,92,80,62,59,3,18,12,6,12,1,11
S01006948,Families with dependent children: Youngest aged 0 to 4,39,36,26,25,1,10,8,2,3,1,2
S01006948,Families with dependent children: Youngest aged 5 to 11,24,22,18,17,1,4,1,3,2,0,2
S01006948,Families with dependent children: Youngest aged 12 to 18,29,22,18,17,1,4,3,1,7,0,7
S01006949,All families in households,209,199,172,165,7,27,21,6,10,1,9
S01006949,Families with no dependent children,112,111,95,95,0,16,15,1,1,0,1
S01006949,Families with dependent children: Total,97,88,77,70,7,11,6,5,9,1,8
S01006949,Families with dependent children: Youngest aged 0 to 4,38,36,31,29,2,5,3,2,2,0,2
S01006949,Families with dependent children: Youngest aged 5 to 11,31,28,26,24,2,2,1,1,3,0,3
S01006949,Families with dependent children: Youngest aged 12 to 18,28,24,20,17,3,4,2,2,4,1,3
S01006950,All families in households,173,159,96,93,3,63,54,9,14,1,13
S01006950,Families with no dependent children,65,61,35,35,0,26,26,0,4,1,3
S01006950,Families with dependent children: Total,108,98,61,58,3,37,28,9,10,0,10
S01006950,Families with dependent children: Youngest aged 0 to 4,72,70,48,47,1,22,18,4,2,0,2
S01006950,Families with dependent children: Youngest aged 5 to 11,28,21,11,9,2,10,7,3,7,0,7
S01006950,Families with dependent children: Youngest aged 12 to 18,8,7,2,2,0,5,3,2,1,0,1
S01006951,All families in households,144,129,110,108,2,19,17,2,15,3,12
S01006951,Families with no dependent children,92,83,69,68,1,14,13,1,9,3,6
S01006951,Families with dependent children: Total,52,46,41,40,1,5,4,1,6,0,6
S01006951,Families with dependent children: Youngest aged 0 to 4,16,14,11,11,0,3,3,0,2,0,2
S01006951,Families with dependent children: Youngest aged 5 to 11,19,17,15,14,1,2,1,1,2,0,2
S01006951,Families with dependent children: Youngest aged 12 to 18,17,15,15,15,0,0,0,0,2,0,2
S01006952,All families in households,255,236,204,193,11,32,25,7,19,8,11
S01006952,Families with no dependent children,177,166,145,143,2,21,18,3,11,5,6
S01006952,Families with dependent children: Total,78,70,59,50,9,11,7,4,8,3,5
S01006952,Families with dependent children: Youngest aged 0 to 4,28,26,20,17,3,6,5,1,2,1,1
S01006952,Families with dependent children: Youngest aged 5 to 11,32,28,24,20,4,4,2,2,4,1,3
S01006952,Families with dependent children: Youngest aged 12 to 18,18,16,15,13,2,1,0,1,2,1,1
S01006953,All families in households,248,233,197,190,7,36,33,3,15,3,12
S01006953,Families with no dependent children,142,138,113,111,2,25,25,0,4,1,3
S01006953,Families with dependent children: Total,106,95,84,79,5,11,8,3,11,2,9
S01006953,Families with dependent children: Youngest aged 0 to 4,48,47,42,41,1,5,5,0,1,0,1
S01006953,Families with dependent children: Youngest aged 5 to 11,34,27,23,21,2,4,1,3,7,1,6
S01006953,Families with dependent children: Youngest aged 12 to 18,24,21,19,17,2,2,2,0,3,1,2
S01006954,All families in households,272,255,214,208,6,41,35,6,17,4,13
S01006954,Families with no dependent children,164,156,130,126,4,26,24,2,8,2,6
S01006954,Families with dependent children: Total,108,99,84,82,2,15,11,4,9,2,7
S01006954,Families with dependent children: Youngest aged 0 to 4,46,42,32,31,1,10,9,1,4,1,3
S01006954,Families with dependent children: Youngest aged 5 to 11,37,34,30,30,0,4,2,2,3,1,2
S01006954,Families with dependent children: Youngest aged 12 to 18,25,23,22,21,1,1,0,1,2,0,2
S01006955,All families in households,181,154,114,109,5,40,34,6,27,0,27
S01006955,Families with no dependent children,97,89,66,65,1,23,23,0,8,0,8
S01006955,Families with dependent children: Total,84,65,48,44,4,17,11,6,19,0,19
S01006955,Families with dependent children: Youngest aged 0 to 4,45,39,28,26,2,11,9,2,6,0,6
S01006955,Families with dependent children: Youngest aged 5 to 11,22,14,12,10,2,2,1,1,8,0,8
S01006955,Families with dependent children: Youngest aged 12 to 18,17,12,8,8,0,4,1,3,5,0,5
S01006956,All families in households,343,305,243,231,12,62,52,10,38,7,31
S01006956,Families with no dependent children,161,144,115,112,3,29,29,0,17,6,11
S01006956,Families with dependent children: Total,182,161,128,119,9,33,23,10,21,1,20
S01006956,Families with dependent children: Youngest aged 0 to 4,89,85,68,65,3,17,14,3,4,0,4
S01006956,Families with dependent children: Youngest aged 5 to 11,53,41,32,30,2,9,6,3,12,1,11
S01006956,Families with dependent children: Youngest aged 12 to 18,40,35,28,24,4,7,3,4,5,0,5
S01006957,All families in households,325,304,252,243,9,52,44,8,21,5,16
S01006957,Families with no dependent children,171,165,132,127,5,33,31,2,6,3,3
S01006957,Families with dependent children: Total,154,139,120,116,4,19,13,6,15,2,13
S01006957,Families with dependent children: Youngest aged 0 to 4,64,59,47,46,1,12,9,3,5,0,5
S01006957,Families with dependent children: Youngest aged 5 to 11,47,42,38,36,2,4,3,1,5,1,4
S01006957,Families with dependent children: Youngest aged 12 to 18,43,38,35,34,1,3,1,2,5,1,4
S01006958,All families in households,287,271,240,237,3,31,27,4,16,3,13
S01006958,Families with no dependent children,219,209,184,184,0,25,23,2,10,2,8
S01006958,Families with dependent children: Total,68,62,56,53,3,6,4,2,6,1,5
S01006958,Families with dependent children: Youngest aged 0 to 4,13,12,9,9,0,3,3,0,1,0,1
S01006958,Families with dependent children: Youngest aged 5 to 11,28,25,25,22,3,0,0,0,3,0,3
S01006958,Families with dependent children: Youngest aged 12 to 18,27,25,22,22,0,3,1,2,2,1,1
S01006959,All families in households,194,154,124,115,9,30,28,2,40,9,31
S01006959,Families with no dependent children,122,102,81,79,2,21,19,2,20,7,13
S01006959,Families with dependent children: Total,72,52,43,36,7,9,9,0,20,2,18
S01006959,Families with dependent children: Youngest aged 0 to 4,35,25,16,15,1,9,9,0,10,0,10
S01006959,Families with dependent children: Youngest aged 5 to 11,14,10,10,7,3,0,0,0,4,1,3
S01006959,Families with dependent children: Youngest aged 12 to 18,23,17,17,14,3,0,0,0,6,1,5
S01006960,All families in households,285,254,224,212,12,30,24,6,31,3,28
S01006960,Families with no dependent children,92,82,70,66,4,12,11,1,10,2,8
S01006960,Families with dependent children: Total,193,172,154,146,8,18,13,5,21,1,20
S01006960,Families with dependent children: Youngest aged 0 to 4,85,83,72,71,1,11,10,1,2,0,2
S01006960,Families with dependent children: Youngest aged 5 to 11,58,49,43,40,3,6,3,3,9,1,8
S01006960,Families with dependent children: Youngest aged 12 to 18,50,40,39,35,4,1,0,1,10,0,10
S01006961,All families in households,296,278,224,214,10,54,38,16,18,2,16
S01006961,Families with no dependent children,100,96,65,63,2,31,28,3,4,1,3
S01006961,Families with dependent children: Total,196,182,159,151,8,23,10,13,14,1,13
S01006961,Families with dependent children: Youngest aged 0 to 4,102,96,85,83,2,11,9,2,6,0,6
S01006961,Families with dependent children: Youngest aged 5 to 11,58,55,47,44,3,8,1,7,3,1,2
S01006961,Families with dependent children: Youngest aged 12 to 18,36,31,27,24,3,4,0,4,5,0,5
S01006962,All families in households,289,277,230,225,5,47,40,7,12,2,10
S01006962,Families with no dependent children,222,217,181,177,4,36,34,2,5,2,3
S01006962,Families with dependent children: Total,67,60,49,48,1,11,6,5,7,0,7
S01006962,Families with dependent children: Youngest aged 0 to 4,24,23,15,15,0,8,5,3,1,0,1
S01006962,Families with dependent children: Youngest aged 5 to 11,18,17,14,14,0,3,1,2,1,0,1
S01006962,Families with dependent children: Youngest aged 12 to 18,25,20,20,19,1,0,0,0,5,0,5
S01006963,All families in households,212,188,171,166,5,17,14,3,24,3,21
S01006963,Families with no dependent children,140,130,122,121,1,8,8,0,10,0,10
S01006963,Families with dependent children: Total,72,58,49,45,4,9,6,3,14,3,11
S01006963,Families with dependent children: Youngest aged 0 to 4,18,15,9,8,1,6,5,1,3,0,3
S01006963,Families with dependent children: Youngest aged 5 to 11,16,12,10,9,1,2,1,1,4,1,3
S01006963,Families with dependent children: Youngest aged 12 to 18,38,31,30,28,2,1,0,1,7,2,5
S01006964,All families in households,221,194,146,139,7,48,43,5,27,7,20
S01006964,Families with no dependent children,137,127,90,89,1,37,36,1,10,3,7
S01006964,Families with dependent children: Total,84,67,56,50,6,11,7,4,17,4,13
S01006964,Families with dependent children: Youngest aged 0 to 4,31,28,20,20,0,8,7,1,3,0,3
S01006964,Families with dependent children: Youngest aged 5 to 11,20,16,14,11,3,2,0,2,4,1,3
S01006964,Families with dependent children: Youngest aged 12 to 18,33,23,22,19,3,1,0,1,10,3,7
S01006965,All families in households,153,137,125,120,5,12,10,2,16,5,11
S01006965,Families with no dependent children,103,96,92,89,3,4,4,0,7,3,4
S01006965,Families with dependent children: Total,50,41,33,31,2,8,6,2,9,2,7
S01006965,Families with dependent children: Youngest aged 0 to 4,14,11,6,6,0,5,5,0,3,2,1
S01006965,Families with dependent children: Youngest aged 5 to 11,14,10,10,9,1,0,0,0,4,0,4
S01006965,Families with dependent children: Youngest aged 12 to 18,22,20,17,16,1,3,1,2,2,0,2
S01006966,All families in households,183,137,106,102,4,31,28,3,46,2,44
S01006966,Families with no dependent children,106,91,69,66,3,22,22,0,15,2,13
S01006966,Families with dependent children: Total,77,46,37,36,1,9,6,3,31,0,31
S01006966,Families with dependent children: Youngest aged 0 to 4,20,18,13,12,1,5,4,1,2,0,2
S01006966,Families with dependent children: Youngest aged 5 to 11,24,14,10,10,0,4,2,2,10,0,10
S01006966,Families with dependent children: Youngest aged 12 to 18,33,14,14,14,0,0,0,0,19,0,19
S01006967,All families in households,199,181,155,150,5,26,19,7,18,5,13
S01006967,Families with no dependent children,117,109,96,95,1,13,12,1,8,3,5
S01006967,Families with dependent children: Total,82,72,59,55,4,13,7,6,10,2,8
S01006967,Families with dependent children: Youngest aged 0 to 4,25,23,18,15,3,5,5,0,2,0,2
S01006967,Families with dependent children: Youngest aged 5 to 11,23,22,17,16,1,5,1,4,1,0,1
S01006967,Families with dependent children: Youngest aged 12 to 18,34,27,24,24,0,3,1,2,7,2,5
S01006968,All families in households,165,149,125,119,6,24,15,9,16,1,15
S01006968,Families with no dependent children,107,104,93,91,2,11,9,2,3,0,3
S01006968,Families with dependent children: Total,58,45,32,28,4,13,6,7,13,1,12
S01006968,Families with dependent children: Youngest aged 0 to 4,24,21,12,11,1,9,5,4,3,0,3
S01006968,Families with dependent children: Youngest aged 5 to 11,14,9,8,6,2,1,0,1,5,1,4
S01006968,Families with dependent children: Youngest aged 12 to 18,20,15,12,11,1,3,1,2,5,0,5
S01006969,All families in households,269,249,213,209,4,36,32,4,20,2,18
S01006969,Families with no dependent children,186,178,154,152,2,24,23,1,8,1,7
S01006969,Families with dependent children: Total,83,71,59,57,2,12,9,3,12,1,11
S01006969,Families with dependent children: Youngest aged 0 to 4,34,29,20,20,0,9,8,1,5,0,5
S01006969,Families with dependent children: Youngest aged 5 to 11,21,18,17,15,2,1,1,0,3,1,2
S01006969,Families with dependent children: Youngest aged 12 to 18,28,24,22,22,0,2,0,2,4,0,4
S01006970,All families in households,227,213,186,177,9,27,20,7,14,0,14
S01006970,Families with no dependent children,132,129,114,109,5,15,14,1,3,0,3
S01006970,Families with dependent children: Total,95,84,72,68,4,12,6,6,11,0,11
S01006970,Families with dependent children: Youngest aged 0 to 4,32,28,21,20,1,7,3,4,4,0,4
S01006970,Families with dependent children: Youngest aged 5 to 11,28,26,23,21,2,3,2,1,2,0,2
S01006970,Families with dependent children: Youngest aged 12 to 18,35,30,28,27,1,2,1,1,5,0,5
S01006971,All families in households,153,122,96,90,6,26,18,8,31,4,27
S01006971,Families with no dependent children,105,86,74,69,5,12,9,3,19,2,17
S01006971,Families with dependent children: Total,48,36,22,21,1,14,9,5,12,2,10
S01006971,Families with dependent children: Youngest aged 0 to 4,16,15,7,7,0,8,7,1,1,0,1
S01006971,Families with dependent children: Youngest aged 5 to 11,16,9,6,6,0,3,2,1,7,1,6
S01006971,Families with dependent children: Youngest aged 12 to 18,16,12,9,8,1,3,0,3,4,1,3
S01006972,All families in households,157,146,123,119,4,23,19,4,11,3,8
S01006972,Families with no dependent children,93,87,68,67,1,19,17,2,6,2,4
S01006972,Families with dependent children: Total,64,59,55,52,3,4,2,2,5,1,4
S01006972,Families with dependent children: Youngest aged 0 to 4,22,20,18,18,0,2,1,1,2,0,2
S01006972,Families with dependent children: Youngest aged 5 to 11,22,20,19,17,2,1,1,0,2,0,2
S01006972,Families with dependent children: Youngest aged 12 to 18,20,19,18,17,1,1,0,1,1,1,0
S01006973,All families in households,176,160,141,137,4,19,15,4,16,5,11
S01006973,Families with no dependent children,124,118,107,105,2,11,9,2,6,4,2
S01006973,Families with dependent children: Total,52,42,34,32,2,8,6,2,10,1,9
S01006973,Families with dependent children: Youngest aged 0 to 4,20,19,14,13,1,5,4,1,1,0,1
S01006973,Families with dependent children: Youngest aged 5 to 11,17,14,12,12,0,2,1,1,3,0,3
S01006973,Families with dependent children: Youngest aged 12 to 18,15,9,8,7,1,1,1,0,6,1,5
S01006974,All families in households,323,291,253,244,9,38,32,6,32,4,28
S01006974,Families with no dependent children,178,166,141,139,2,25,25,0,12,3,9
S01006974,Families with dependent children: Total,145,125,112,105,7,13,7,6,20,1,19
S01006974,Families with dependent children: Youngest aged 0 to 4,50,47,43,39,4,4,2,2,3,0,3
S01006974,Families with dependent children: Youngest aged 5 to 11,50,42,35,34,1,7,5,2,8,0,8
S01006974,Families with dependent children: Youngest aged 12 to 18,45,36,34,32,2,2,0,2,9,1,8
S01006975,All families in households,301,285,225,220,5,60,53,7,16,3,13
S01006975,Families with no dependent children,195,187,145,145,0,42,41,1,8,3,5
S01006975,Families with dependent children: Total,106,98,80,75,5,18,12,6,8,0,8
S01006975,Families with dependent children: Youngest aged 0 to 4,35,33,25,23,2,8,6,2,2,0,2
S01006975,Families with dependent children: Youngest aged 5 to 11,35,32,28,26,2,4,4,0,3,0,3
S01006975,Families with dependent children: Youngest aged 12 to 18,36,33,27,26,1,6,2,4,3,0,3
S01006976,All families in households,152,140,121,119,2,19,15,4,12,7,5
S01006976,Families with no dependent children,106,102,88,87,1,14,13,1,4,4,0
S01006976,Families with dependent children: Total,46,38,33,32,1,5,2,3,8,3,5
S01006976,Families with dependent children: Youngest aged 0 to 4,14,13,11,11,0,2,2,0,1,1,0
S01006976,Families with dependent children: Youngest aged 5 to 11,18,13,10,10,0,3,0,3,5,2,3
S01006976,Families with dependent children: Youngest aged 12 to 18,14,12,12,11,1,0,0,0,2,0,2
S01006977,All families in households,257,232,196,185,11,36,35,1,25,7,18
S01006977,Families with no dependent children,157,148,120,117,3,28,27,1,9,3,6
S01006977,Families with dependent children: Total,100,84,76,68,8,8,8,0,16,4,12
S01006977,Families with dependent children: Youngest aged 0 to 4,35,33,29,27,2,4,4,0,2,1,1
S01006977,Families with dependent children: Youngest aged 5 to 11,44,37,33,29,4,4,4,0,7,2,5
S01006977,Families with dependent children: Youngest aged 12 to 18,21,14,14,12,2,0,0,0,7,1,6
S01006978,All families in households,269,246,206,202,4,40,32,8,23,5,18
S01006978,Families with no dependent children,175,165,141,140,1,24,22,2,10,1,9
S01006978,Families with dependent children: Total,94,81,65,62,3,16,10,6,13,4,9
S01006978,Families with dependent children: Youngest aged 0 to 4,32,28,15,15,0,13,10,3,4,2,2
S01006978,Families with dependent children: Youngest aged 5 to 11,30,26,24,23,1,2,0,2,4,0,4
S01006978,Families with dependent children: Youngest aged 12 to 18,32,27,26,24,2,1,0,1,5,2,3
S01006979,All families in households,265,238,195,188,7,43,35,8,27,3,24
S01006979,Families with no dependent children,168,163,135,134,1,28,25,3,5,1,4
S01006979,Families with dependent children: Total,97,75,60,54,6,15,10,5,22,2,20
S01006979,Families with dependent children: Youngest aged 0 to 4,37,30,21,21,0,9,7,2,7,0,7
S01006979,Families with dependent children: Youngest aged 5 to 11,30,21,18,15,3,3,2,1,9,0,9
S01006979,Families with dependent children: Youngest aged 12 to 18,30,24,21,18,3,3,1,2,6,2,4
S01006980,All families in households,273,248,218,212,6,30,27,3,25,5,20
S01006980,Families with no dependent children,173,160,140,140,0,20,20,0,13,4,9
S01006980,Families with dependent children: Total,100,88,78,72,6,10,7,3,12,1,11
S01006980,Families with dependent children: Youngest aged 0 to 4,33,31,26,26,0,5,5,0,2,0,2
S01006980,Families with dependent children: Youngest aged 5 to 11,34,30,27,26,1,3,0,3,4,1,3
S01006980,Families with dependent children: Youngest aged 12 to 18,33,27,25,20,5,2,2,0,6,0,6
S01006981,All families in households,253,235,188,179,9,47,39,8,18,2,16
S01006981,Families with no dependent children,151,144,115,112,3,29,27,2,7,1,6
S01006981,Families with dependent children: Total,102,91,73,67,6,18,12,6,11,1,10
S01006981,Families with dependent children: Youngest aged 0 to 4,37,37,27,26,1,10,8,2,0,0,0
S01006981,Families with dependent children: Youngest aged 5 to 11,31,25,21,19,2,4,4,0,6,0,6
S01006981,Families with dependent children: Youngest aged 12 to 18,34,29,25,22,3,4,0,4,5,1,4
S01006982,All families in households,278,238,187,177,10,51,43,8,40,6,34
S01006982,Families with no dependent children,137,124,95,94,1,29,26,3,13,4,9
S01006982,Families with dependent children: Total,141,114,92,83,9,22,17,5,27,2,25
S01006982,Families with dependent children: Youngest aged 0 to 4,66,59,44,42,2,15,13,2,7,0,7
S01006982,Families with dependent children: Youngest aged 5 to 11,45,33,26,24,2,7,4,3,12,1,11
S01006982,Families with dependent children: Youngest aged 12 to 18,30,22,22,17,5,0,0,0,8,1,7
S01006983,All families in households,230,205,167,163,4,38,33,5,25,7,18
S01006983,Families with no dependent children,129,122,98,98,0,24,22,2,7,4,3
S01006983,Families with dependent children: Total,101,83,69,65,4,14,11,3,18,3,15
S01006983,Families with dependent children: Youngest aged 0 to 4,39,37,28,28,0,9,7,2,2,0,2
S01006983,Families with dependent children: Youngest aged 5 to 11,33,23,22,19,3,1,1,0,10,0,10
S01006983,Families with dependent children: Youngest aged 12 to 18,29,23,19,18,1,4,3,1,6,3,3
S01006984,All families in households,218,198,164,160,4,34,28,6,20,4,16
S01006984,Families with no dependent children,127,121,98,96,2,23,21,2,6,4,2
S01006984,Families with dependent children: Total,91,77,66,64,2,11,7,4,14,0,14
S01006984,Families with dependent children: Youngest aged 0 to 4,33,31,25,24,1,6,6,0,2,0,2
S01006984,Families with dependent children: Youngest aged 5 to 11,28,20,16,16,0,4,1,3,8,0,8
S01006984,Families with dependent children: Youngest aged 12 to 18,30,26,25,24,1,1,0,1,4,0,4
S01006985,All families in households,311,283,237,227,10,46,35,11,28,4,24
S01006985,Families with no dependent children,196,186,154,149,5,32,28,4,10,2,8
S01006985,Families with dependent children: Total,115,97,83,78,5,14,7,7,18,2,16
S01006985,Families with dependent children: Youngest aged 0 to 4,38,34,26,25,1,8,5,3,4,0,4
S01006985,Families with dependent children: Youngest aged 5 to 11,32,26,25,24,1,1,0,1,6,0,6
S01006985,Families with dependent children: Youngest aged 12 to 18,45,37,32,29,3,5,2,3,8,2,6
S01006986,All families in households,196,173,134,128,6,39,31,8,23,3,20
S01006986,Families with no dependent children,90,85,70,69,1,15,13,2,5,2,3
S01006986,Families with dependent children: Total,106,88,64,59,5,24,18,6,18,1,17
S01006986,Families with dependent children: Youngest aged 0 to 4,53,46,31,30,1,15,12,3,7,0,7
S01006986,Families with dependent children: Youngest aged 5 to 11,28,23,18,15,3,5,3,2,5,1,4
S01006986,Families with dependent children: Youngest aged 12 to 18,25,19,15,14,1,4,3,1,6,0,6
S01006987,All families in households,199,177,151,147,4,26,21,5,22,2,20
S01006987,Families with no dependent children,128,120,105,103,2,15,13,2,8,0,8
S01006987,Families with dependent children: Total,71,57,46,44,2,11,8,3,14,2,12
S01006987,Families with dependent children: Youngest aged 0 to 4,29,25,17,16,1,8,6,2,4,0,4
S01006987,Families with dependent children: Youngest aged 5 to 11,22,16,14,14,0,2,1,1,6,1,5
S01006987,Families with dependent children: Youngest aged 12 to 18,20,16,15,14,1,1,1,0,4,1,3
S01006988,All families in households,188,165,131,122,9,34,28,6,23,3,20
S01006988,Families with no dependent children,86,82,67,67,0,15,13,2,4,0,4
S01006988,Families with dependent children: Total,102,83,64,55,9,19,15,4,19,3,16
S01006988,Families with dependent children: Youngest aged 0 to 4,37,34,25,24,1,9,6,3,3,0,3
S01006988,Families with dependent children: Youngest aged 5 to 11,43,33,23,20,3,10,9,1,10,1,9
S01006988,Families with dependent children: Youngest aged 12 to 18,22,16,16,11,5,0,0,0,6,2,4
S01006989,All families in households,316,291,265,260,5,26,22,4,25,5,20
S01006989,Families with no dependent children,180,166,147,144,3,19,18,1,14,0,14
S01006989,Families with dependent children: Total,136,125,118,116,2,7,4,3,11,5,6
S01006989,Families with dependent children: Youngest aged 0 to 4,54,51,46,46,0,5,3,2,3,0,3
S01006989,Families with dependent children: Youngest aged 5 to 11,45,43,42,41,1,1,1,0,2,2,0
S01006989,Families with dependent children: Youngest aged 12 to 18,37,31,30,29,1,1,0,1,6,3,3
S01006990,All families in households,275,257,214,196,18,43,38,5,18,0,18
S01006990,Families with no dependent children,124,121,93,93,0,28,27,1,3,0,3
S01006990,Families with dependent children: Total,151,136,121,103,18,15,11,4,15,0,15
S01006990,Families with dependent children: Youngest aged 0 to 4,66,60,49,45,4,11,9,2,6,0,6
S01006990,Families with dependent children: Youngest aged 5 to 11,49,42,39,32,7,3,2,1,7,0,7
S01006990,Families with dependent children: Youngest aged 12 to 18,36,34,33,26,7,1,0,1,2,0,2
S01006991,All families in households,128,107,86,84,2,21,18,3,21,2,19
S01006991,Families with no dependent children,83,75,62,61,1,13,11,2,8,2,6
S01006991,Families with dependent children: Total,45,32,24,23,1,8,7,1,13,0,13
S01006991,Families with dependent children: Youngest aged 0 to 4,14,13,8,7,1,5,5,0,1,0,1
S01006991,Families with dependent children: Youngest aged 5 to 11,19,11,8,8,0,3,2,1,8,0,8
S01006991,Families with dependent children: Youngest aged 12 to 18,12,8,8,8,0,0,0,0,4,0,4
S01006992,All families in households,198,188,167,162,5,21,17,4,10,6,4
S01006992,Families with no dependent children,123,117,106,104,2,11,10,1,6,5,1
S01006992,Families with dependent children: Total,75,71,61,58,3,10,7,3,4,1,3
S01006992,Families with dependent children: Youngest aged 0 to 4,29,28,22,22,0,6,5,1,1,0,1
S01006992,Families with dependent children: Youngest aged 5 to 11,21,21,17,15,2,4,2,2,0,0,0
S01006992,Families with dependent children: Youngest aged 12 to 18,25,22,22,21,1,0,0,0,3,1,2
S01006993,All families in households,170,156,137,132,5,19,17,2,14,1,13
S01006993,Families with no dependent children,108,103,94,91,3,9,9,0,5,0,5
S01006993,Families with dependent children: Total,62,53,43,41,2,10,8,2,9,1,8
S01006993,Families with dependent children: Youngest aged 0 to 4,13,11,7,7,0,4,3,1,2,1,1
S01006993,Families with dependent children: Youngest aged 5 to 11,26,22,18,17,1,4,3,1,4,0,4
S01006993,Families with dependent children: Youngest aged 12 to 18,23,20,18,17,1,2,2,0,3,0,3
S01006994,All families in households,180,164,140,135,5,24,24,0,16,6,10
S01006994,Families with no dependent children,121,115,98,95,3,17,17,0,6,5,1
S01006994,Families with dependent children: Total,59,49,42,40,2,7,7,0,10,1,9
S01006994,Families with dependent children: Youngest aged 0 to 4,16,14,11,10,1,3,3,0,2,0,2
S01006994,Families with dependent children: Youngest aged 5 to 11,22,18,17,17,0,1,1,0,4,0,4
S01006994,Families with dependent children: Youngest aged 12 to 18,21,17,14,13,1,3,3,0,4,1,3
S01006995,All families in households,275,251,197,188,9,54,48,6,24,5,19
S01006995,Families with no dependent children,159,153,123,120,3,30,29,1,6,5,1
S01006995,Families with dependent children: Total,116,98,74,68,6,24,19,5,18,0,18
S01006995,Families with dependent children: Youngest aged 0 to 4,46,41,28,26,2,13,11,2,5,0,5
S01006995,Families with dependent children: Youngest aged 5 to 11,39,32,25,24,1,7,6,1,7,0,7
S01006995,Families with dependent children: Youngest aged 12 to 18,31,25,21,18,3,4,2,2,6,0,6
S01006996,All families in households,237,213,169,162,7,44,37,7,24,3,21
S01006996,Families with no dependent children,119,112,86,84,2,26,25,1,7,3,4
S01006996,Families with dependent children: Total,118,101,83,78,5,18,12,6,17,0,17
S01006996,Families with dependent children: Youngest aged 0 to 4,55,48,36,35,1,12,8,4,7,0,7
S01006996,Families with dependent children: Youngest aged 5 to 11,29,23,20,17,3,3,3,0,6,0,6
S01006996,Families with dependent children: Youngest aged 12 to 18,34,30,27,26,1,3,1,2,4,0,4
S01006997,All families in households,238,222,191,185,6,31,22,9,16,3,13
S01006997,Families with no dependent children,123,114,97,95,2,17,17,0,9,2,7
S01006997,Families with dependent children: Total,115,108,94,90,4,14,5,9,7,1,6
S01006997,Families with dependent children: Youngest aged 0 to 4,43,42,36,36,0,6,2,4,1,0,1
S01006997,Families with dependent children: Youngest aged 5 to 11,39,39,33,32,1,6,3,3,0,0,0
S01006997,Families with dependent children: Youngest aged 12 to 18,33,27,25,22,3,2,0,2,6,1,5
S01006998,All families in households,353,327,262,252,10,65,59,6,26,6,20
S01006998,Families with no dependent children,217,209,168,167,1,41,40,1,8,5,3
S01006998,Families with dependent children: Total,136,118,94,85,9,24,19,5,18,1,17
S01006998,Families with dependent children: Youngest aged 0 to 4,54,50,38,35,3,12,12,0,4,0,4
S01006998,Families with dependent children: Youngest aged 5 to 11,44,37,31,26,5,6,3,3,7,0,7
S01006998,Families with dependent children: Youngest aged 12 to 18,38,31,25,24,1,6,4,2,7,1,6
S01006999,All families in households,271,253,216,209,7,37,35,2,18,6,12
S01006999,Families with no dependent children,180,174,154,151,3,20,19,1,6,2,4
S01006999,Families with dependent children: Total,91,79,62,58,4,17,16,1,12,4,8
S01006999,Families with dependent children: Youngest aged 0 to 4,39,38,23,23,0,15,15,0,1,1,0
S01006999,Families with dependent children: Youngest aged 5 to 11,23,20,19,18,1,1,0,1,3,0,3
S01006999,Families with dependent children: Youngest aged 12 to 18,29,21,20,17,3,1,1,0,8,3,5
S01007000,All families in households,286,258,210,202,8,48,42,6,28,10,18
S01007000,Families with no dependent children,179,168,134,131,3,34,33,1,11,8,3
S01007000,Families with dependent children: Total,107,90,76,71,5,14,9,5,17,2,15
S01007000,Families with dependent children: Youngest aged 0 to 4,42,36,30,29,1,6,5,1,6,1,5
S01007000,Families with dependent children: Youngest aged 5 to 11,33,28,22,18,4,6,3,3,5,1,4
S01007000,Families with dependent children: Youngest aged 12 to 18,32,26,24,24,0,2,1,1,6,0,6
S01007001,All families in households,285,246,205,200,5,41,37,4,39,6,33
S01007001,Families with no dependent children,171,156,131,130,1,25,24,1,15,4,11
S01007001,Families with dependent children: Total,114,90,74,70,4,16,13,3,24,2,22
S01007001,Families with dependent children: Youngest aged 0 to 4,44,38,26,26,0,12,11,1,6,0,6
S01007001,Families with dependent children: Youngest aged 5 to 11,33,22,20,20,0,2,2,0,11,2,9
S01007001,Families with dependent children: Youngest aged 12 to 18,37,30,28,24,4,2,0,2,7,0,7
S01007002,All families in households,179,161,120,110,10,41,32,9,18,4,14
S01007002,Families with no dependent children,93,87,63,61,2,24,20,4,6,2,4
S01007002,Families with dependent children: Total,86,74,57,49,8,17,12,5,12,2,10
S01007002,Families with dependent children: Youngest aged 0 to 4,44,37,27,24,3,10,9,1,7,0,7
S01007002,Families with dependent children: Youngest aged 5 to 11,29,26,20,17,3,6,3,3,3,2,1
S01007002,Families with dependent children: Youngest aged 12 to 18,13,11,10,8,2,1,0,1,2,0,2
S01007003,All families in households,168,152,130,125,5,22,22,0,16,4,12
S01007003,Families with no dependent children,105,97,82,81,1,15,15,0,8,1,7
S01007003,Families with dependent children: Total,63,55,48,44,4,7,7,0,8,3,5
S01007003,Families with dependent children: Youngest aged 0 to 4,23,21,16,15,1,5,5,0,2,0,2
S01007003,Families with dependent children: Youngest aged 5 to 11,22,18,17,16,1,1,1,0,4,2,2
S01007003,Families with dependent children: Youngest aged 12 to 18,18,16,15,13,2,1,1,0,2,1,1
S01007004,All families in households,220,206,176,170,6,30,27,3,14,1,13
S01007004,Families with no dependent children,140,138,121,119,2,17,16,1,2,1,1
S01007004,Families with dependent children: Total,80,68,55,51,4,13,11,2,12,0,12
S01007004,Families with dependent children: Youngest aged 0 to 4,29,26,17,15,2,9,8,1,3,0,3
S01007004,Families with dependent children: Youngest aged 5 to 11,24,18,15,15,0,3,2,1,6,0,6
S01007004,Families with dependent children: Youngest aged 12 to 18,27,24,23,21,2,1,1,0,3,0,3
S01007005,All families in households,291,274,240,230,10,34,26,8,17,5,12
S01007005,Families with no dependent children,189,186,174,169,5,12,11,1,3,2,1
S01007005,Families with dependent children: Total,102,88,66,61,5,22,15,7,14,3,11
S01007005,Families with dependent children: Youngest aged 0 to 4,35,31,21,21,0,10,7,3,4,0,4
S01007005,Families with dependent children: Youngest aged 5 to 11,34,29,21,16,5,8,7,1,5,0,5
S01007005,Families with dependent children: Youngest aged 12 to 18,33,28,24,24,0,4,1,3,5,3,2
S01007006,All families in households,276,254,213,207,6,41,32,9,22,4,18
S01007006,Families with no dependent children,174,166,145,141,4,21,21,0,8,2,6
S01007006,Families with dependent children: Total,102,88,68,66,2,20,11,9,14,2,12
S01007006,Families with dependent children: Youngest aged 0 to 4,35,33,25,25,0,8,7,1,2,0,2
S01007006,Families with dependent children: Youngest aged 5 to 11,47,40,32,30,2,8,2,6,7,0,7
S01007006,Families with dependent children: Youngest aged 12 to 18,20,15,11,11,0,4,2,2,5,2,3
S01007007,All families in households,254,239,207,198,9,32,27,5,15,5,10
S01007007,Families with no dependent children,157,149,128,123,5,21,20,1,8,4,4
S01007007,Families with dependent children: Total,97,90,79,75,4,11,7,4,7,1,6
S01007007,Families with dependent children: Youngest aged 0 to 4,33,30,26,23,3,4,3,1,3,0,3
S01007007,Families with dependent children: Youngest aged 5 to 11,35,32,27,27,0,5,3,2,3,1,2
S01007007,Families with dependent children: Youngest aged 12 to 18,29,28,26,25,1,2,1,1,1,0,1
S01007008,All families in households,280,236,188,183,5,48,36,12,44,3,41
S01007008,Families with no dependent children,155,138,116,114,2,22,18,4,17,2,15
S01007008,Families with dependent children: Total,125,98,72,69,3,26,18,8,27,1,26
S01007008,Families with dependent children: Youngest aged 0 to 4,40,31,19,19,0,12,11,1,9,0,9
S01007008,Families with dependent children: Youngest aged 5 to 11,36,30,25,23,2,5,3,2,6,0,6
S01007008,Families with dependent children: Youngest aged 12 to 18,49,37,28,27,1,9,4,5,12,1,11
S01007009,All families in households,283,251,197,193,4,54,42,12,32,3,29
S01007009,Families with no dependent children,195,176,144,144,0,32,29,3,19,2,17
S01007009,Families with dependent children: Total,88,75,53,49,4,22,13,9,13,1,12
S01007009,Families with dependent children: Youngest aged 0 to 4,40,36,20,18,2,16,11,5,4,0,4
S01007009,Families with dependent children: Youngest aged 5 to 11,21,17,14,13,1,3,0,3,4,0,4
S01007009,Families with dependent children: Youngest aged 12 to 18,27,22,19,18,1,3,2,1,5,1,4
S01007010,All families in households,230,215,181,178,3,34,29,5,15,3,12
S01007010,Families with no dependent children,162,157,137,135,2,20,19,1,5,2,3
S01007010,Families with dependent children: Total,68,58,44,43,1,14,10,4,10,1,9
S01007010,Families with dependent children: Youngest aged 0 to 4,20,17,7,7,0,10,8,2,3,1,2
S01007010,Families with dependent children: Youngest aged 5 to 11,27,23,21,21,0,2,1,1,4,0,4
S01007010,Families with dependent children: Youngest aged 12 to 18,21,18,16,15,1,2,1,1,3,0,3
S01007011,All families in households,221,183,128,126,2,55,48,7,38,6,32
S01007011,Families with no dependent children,138,128,96,96,0,32,32,0,10,3,7
S01007011,Families with dependent children: Total,83,55,32,30,2,23,16,7,28,3,25
S01007011,Families with dependent children: Youngest aged 0 to 4,35,27,13,13,0,14,10,4,8,1,7
S01007011,Families with dependent children: Youngest aged 5 to 11,31,18,13,12,1,5,2,3,13,2,11
S01007011,Families with dependent children: Youngest aged 12 to 18,17,10,6,5,1,4,4,0,7,0,7
S01007012,All families in households,221,159,121,115,6,38,32,6,62,4,58
S01007012,Families with no dependent children,126,108,90,88,2,18,18,0,18,1,17
S01007012,Families with dependent children: Total,95,51,31,27,4,20,14,6,44,3,41
S01007012,Families with dependent children: Youngest aged 0 to 4,37,23,12,10,2,11,9,2,14,1,13
S01007012,Families with dependent children: Youngest aged 5 to 11,31,13,8,7,1,5,4,1,18,0,18
S01007012,Families with dependent children: Youngest aged 12 to 18,27,15,11,10,1,4,1,3,12,2,10
S01007013,All families in households,179,170,148,142,6,22,19,3,9,2,7
S01007013,Families with no dependent children,113,109,96,94,2,13,11,2,4,1,3
S01007013,Families with dependent children: Total,66,61,52,48,4,9,8,1,5,1,4
S01007013,Families with dependent children: Youngest aged 0 to 4,20,20,14,12,2,6,6,0,0,0,0
S01007013,Families with dependent children: Youngest aged 5 to 11,22,21,19,19,0,2,2,0,1,1,0
S01007013,Families with dependent children: Youngest aged 12 to 18,24,20,19,17,2,1,0,1,4,0,4
S01007014,All families in households,308,292,242,229,13,50,45,5,16,3,13
S01007014,Families with no dependent children,172,166,138,137,1,28,28,0,6,3,3
S01007014,Families with dependent children: Total,136,126,104,92,12,22,17,5,10,0,10
S01007014,Families with dependent children: Youngest aged 0 to 4,64,59,45,38,7,14,13,1,5,0,5
S01007014,Families with dependent children: Youngest aged 5 to 11,37,34,30,28,2,4,2,2,3,0,3
S01007014,Families with dependent children: Youngest aged 12 to 18,35,33,29,26,3,4,2,2,2,0,2
S01007015,All families in households,191,177,155,149,6,22,16,6,14,2,12
S01007015,Families with no dependent children,120,112,101,100,1,11,10,1,8,1,7
S01007015,Families with dependent children: Total,71,65,54,49,5,11,6,5,6,1,5
S01007015,Families with dependent children: Youngest aged 0 to 4,26,26,18,16,2,8,6,2,0,0,0
S01007015,Families with dependent children: Youngest aged 5 to 11,27,23,21,20,1,2,0,2,4,0,4
S01007015,Families with dependent children: Youngest aged 12 to 18,18,16,15,13,2,1,0,1,2,1,1
S01007016,All families in households,187,179,153,146,7,26,23,3,8,1,7
S01007016,Families with no dependent children,110,108,92,90,2,16,16,0,2,1,1
S01007016,Families with dependent children: Total,77,71,61,56,5,10,7,3,6,0,6
S01007016,Families with dependent children: Youngest aged 0 to 4,22,20,15,15,0,5,3,2,2,0,2
S01007016,Families with dependent children: Youngest aged 5 to 11,19,17,16,15,1,1,1,0,2,0,2
S01007016,Families with dependent children: Youngest aged 12 to 18,36,34,30,26,4,4,3,1,2,0,2
S01007017,All families in households,282,236,190,183,7,46,38,8,46,5,41
S01007017,Families with no dependent children,183,160,133,132,1,27,25,2,23,5,18
S01007017,Families with dependent children: Total,99,76,57,51,6,19,13,6,23,0,23
S01007017,Families with dependent children: Youngest aged 0 to 4,48,39,26,24,2,13,12,1,9,0,9
S01007017,Families with dependent children: Youngest aged 5 to 11,27,18,15,14,1,3,1,2,9,0,9
S01007017,Families with dependent children: Youngest aged 12 to 18,24,19,16,13,3,3,0,3,5,0,5
S01007018,All families in households,317,285,257,250,7,28,27,1,32,8,24
S01007018,Families with no dependent children,194,184,167,165,2,17,17,0,10,6,4
S01007018,Families with dependent children: Total,123,101,90,85,5,11,10,1,22,2,20
S01007018,Families with dependent children: Youngest aged 0 to 4,42,33,25,23,2,8,8,0,9,0,9
S01007018,Families with dependent children: Youngest aged 5 to 11,49,42,40,38,2,2,2,0,7,1,6
S01007018,Families with dependent children: Youngest aged 12 to 18,32,26,25,24,1,1,0,1,6,1,5
S01007019,All families in households,196,173,142,138,4,31,27,4,23,4,19
S01007019,Families with no dependent children,137,124,106,103,3,18,18,0,13,3,10
S01007019,Families with dependent children: Total,59,49,36,35,1,13,9,4,10,1,9
S01007019,Families with dependent children: Youngest aged 0 to 4,23,20,13,13,0,7,6,1,3,0,3
S01007019,Families with dependent children: Youngest aged 5 to 11,18,13,10,10,0,3,2,1,5,0,5
S01007019,Families with dependent children: Youngest aged 12 to 18,18,16,13,12,1,3,1,2,2,1,1
S01007020,All families in households,206,182,147,143,4,35,29,6,24,2,22
S01007020,Families with no dependent children,136,123,101,100,1,22,21,1,13,2,11
S01007020,Families with dependent children: Total,70,59,46,43,3,13,8,5,11,0,11
S01007020,Families with dependent children: Youngest aged 0 to 4,28,25,18,17,1,7,7,0,3,0,3
S01007020,Families with dependent children: Youngest aged 5 to 11,21,17,15,14,1,2,1,1,4,0,4
S01007020,Families with dependent children: Youngest aged 12 to 18,21,17,13,12,1,4,0,4,4,0,4
S01007021,All families in households,265,220,185,173,12,35,33,2,45,2,43
S01007021,Families with no dependent children,176,149,126,123,3,23,23,0,27,2,25
S01007021,Families with dependent children: Total,89,71,59,50,9,12,10,2,18,0,18
S01007021,Families with dependent children: Youngest aged 0 to 4,31,27,21,18,3,6,6,0,4,0,4
S01007021,Families with dependent children: Youngest aged 5 to 11,41,32,27,23,4,5,3,2,9,0,9
S01007021,Families with dependent children: Youngest aged 12 to 18,17,12,11,9,2,1,1,0,5,0,5
S01007022,All families in households,152,133,104,101,3,29,22,7,19,2,17
S01007022,Families with no dependent children,84,79,67,66,1,12,11,1,5,1,4
S01007022,Families with dependent children: Total,68,54,37,35,2,17,11,6,14,1,13
S01007022,Families with dependent children: Youngest aged 0 to 4,26,23,16,15,1,7,7,0,3,0,3
S01007022,Families with dependent children: Youngest aged 5 to 11,24,20,14,13,1,6,4,2,4,0,4
S01007022,Families with dependent children: Youngest aged 12 to 18,18,11,7,7,0,4,0,4,7,1,6
S01007023,All families in households,154,138,117,110,7,21,18,3,16,1,15
S01007023,Families with no dependent children,100,91,79,77,2,12,12,0,9,1,8
S01007023,Families with dependent children: Total,54,47,38,33,5,9,6,3,7,0,7
S01007023,Families with dependent children: Youngest aged 0 to 4,24,21,15,13,2,6,5,1,3,0,3
S01007023,Families with dependent children: Youngest aged 5 to 11,15,13,11,10,1,2,1,1,2,0,2
S01007023,Families with dependent children: Youngest aged 12 to 18,15,13,12,10,2,1,0,1,2,0,2
S01007024,All families in households,330,298,263,254,9,35,31,4,32,10,22
S01007024,Families with no dependent children,228,210,189,187,2,21,20,1,18,9,9
S01007024,Families with dependent children: Total,102,88,74,67,7,14,11,3,14,1,13
S01007024,Families with dependent children: Youngest aged 0 to 4,32,30,21,19,2,9,7,2,2,0,2
S01007024,Families with dependent children: Youngest aged 5 to 11,34,32,27,25,2,5,4,1,2,0,2
S01007024,Families with dependent children: Youngest aged 12 to 18,36,26,26,23,3,0,0,0,10,1,9
S01007025,All families in households,248,205,157,148,9,48,34,14,43,10,33
S01007025,Families with no dependent children,156,133,111,110,1,22,20,2,23,8,15
S01007025,Families with dependent children: Total,92,72,46,38,8,26,14,12,20,2,18
S01007025,Families with dependent children: Youngest aged 0 to 4,43,36,17,14,3,19,11,8,7,1,6
S01007025,Families with dependent children: Youngest aged 5 to 11,31,22,17,13,4,5,3,2,9,0,9
S01007025,Families with dependent children: Youngest aged 12 to 18,18,14,12,11,1,2,0,2,4,1,3
S01007026,All families in households,252,224,187,175,12,37,23,14,28,4,24
S01007026,Families with no dependent children,169,156,139,135,4,17,15,2,13,2,11
S01007026,Families with dependent children: Total,83,68,48,40,8,20,8,12,15,2,13
S01007026,Families with dependent children: Youngest aged 0 to 4,26,23,11,11,0,12,6,6,3,0,3
S01007026,Families with dependent children: Youngest aged 5 to 11,29,23,18,17,1,5,2,3,6,2,4
S01007026,Families with dependent children: Youngest aged 12 to 18,28,22,19,12,7,3,0,3,6,0,6
S01007027,All families in households,323,282,242,232,10,40,30,10,41,4,37
S01007027,Families with no dependent children,201,187,165,164,1,22,19,3,14,1,13
S01007027,Families with dependent children: Total,122,95,77,68,9,18,11,7,27,3,24
S01007027,Families with dependent children: Youngest aged 0 to 4,51,46,37,30,7,9,9,0,5,1,4
S01007027,Families with dependent children: Youngest aged 5 to 11,31,22,15,14,1,7,2,5,9,0,9
S01007027,Families with dependent children: Youngest aged 12 to 18,40,27,25,24,1,2,0,2,13,2,11
S01007028,All families in households,224,204,189,184,5,15,14,1,20,5,15
S01007028,Families with no dependent children,150,144,132,131,1,12,12,0,6,2,4
S01007028,Families with dependent children: Total,74,60,57,53,4,3,2,1,14,3,11
S01007028,Families with dependent children: Youngest aged 0 to 4,20,19,18,18,0,1,1,0,1,0,1
S01007028,Families with dependent children: Youngest aged 5 to 11,29,22,20,18,2,2,1,1,7,0,7
S01007028,Families with dependent children: Youngest aged 12 to 18,25,19,19,17,2,0,0,0,6,3,3
S01007029,All families in households,182,166,140,137,3,26,23,3,16,8,8
S01007029,Families with no dependent children,123,116,99,98,1,17,17,0,7,4,3
S01007029,Families with dependent children: Total,59,50,41,39,2,9,6,3,9,4,5
S01007029,Families with dependent children: Youngest aged 0 to 4,24,22,17,16,1,5,4,1,2,0,2
S01007029,Families with dependent children: Youngest aged 5 to 11,16,12,10,10,0,2,2,0,4,1,3
S01007029,Families with dependent children: Youngest aged 12 to 18,19,16,14,13,1,2,0,2,3,3,0
S01007030,All families in households,252,228,183,179,4,45,39,6,24,3,21
S01007030,Families with no dependent children,154,143,123,121,2,20,18,2,11,3,8
S01007030,Families with dependent children: Total,98,85,60,58,2,25,21,4,13,0,13
S01007030,Families with dependent children: Youngest aged 0 to 4,49,41,23,22,1,18,18,0,8,0,8
S01007030,Families with dependent children: Youngest aged 5 to 11,19,17,14,14,0,3,1,2,2,0,2
S01007030,Families with dependent children: Youngest aged 12 to 18,30,27,23,22,1,4,2,2,3,0,3
S01007031,All families in households,184,162,124,117,7,38,27,11,22,4,18
S01007031,Families with no dependent children,110,100,81,81,0,19,19,0,10,3,7
S01007031,Families with dependent children: Total,74,62,43,36,7,19,8,11,12,1,11
S01007031,Families with dependent children: Youngest aged 0 to 4,26,21,13,12,1,8,5,3,5,0,5
S01007031,Families with dependent children: Youngest aged 5 to 11,24,21,13,10,3,8,0,8,3,0,3
S01007031,Families with dependent children: Youngest aged 12 to 18,24,20,17,14,3,3,3,0,4,1,3
S01007032,All families in households,242,218,168,157,11,50,40,10,24,0,24
S01007032,Families with no dependent children,139,133,106,105,1,27,25,2,6,0,6
S01007032,Families with dependent children: Total,103,85,62,52,10,23,15,8,18,0,18
S01007032,Families with dependent children: Youngest aged 0 to 4,31,27,17,13,4,10,10,0,4,0,4
S01007032,Families with dependent children: Youngest aged 5 to 11,43,35,28,26,2,7,2,5,8,0,8
S01007032,Families with dependent children: Youngest aged 12 to 18,29,23,17,13,4,6,3,3,6,0,6
S01007033,All families in households,224,181,143,136,7,38,30,8,43,3,40
S01007033,Families with no dependent children,135,115,95,92,3,20,17,3,20,3,17
S01007033,Families with dependent children: Total,89,66,48,44,4,18,13,5,23,0,23
S01007033,Families with dependent children: Youngest aged 0 to 4,35,26,13,13,0,13,11,2,9,0,9
S01007033,Families with dependent children: Youngest aged 5 to 11,26,20,17,15,2,3,1,2,6,0,6
S01007033,Families with dependent children: Youngest aged 12 to 18,28,20,18,16,2,2,1,1,8,0,8
S01007034,All families in households,171,142,110,103,7,32,23,9,29,3,26
S01007034,Families with no dependent children,95,88,72,71,1,16,14,2,7,1,6
S01007034,Families with dependent children: Total,76,54,38,32,6,16,9,7,22,2,20
S01007034,Families with dependent children: Youngest aged 0 to 4,26,15,8,6,2,7,6,1,11,0,11
S01007034,Families with dependent children: Youngest aged 5 to 11,25,22,17,16,1,5,1,4,3,0,3
S01007034,Families with dependent children: Youngest aged 12 to 18,25,17,13,10,3,4,2,2,8,2,6
S01007035,All families in households,224,178,148,138,10,30,20,10,46,2,44
S01007035,Families with no dependent children,120,110,99,98,1,11,8,3,10,0,10
S01007035,Families with dependent children: Total,104,68,49,40,9,19,12,7,36,2,34
S01007035,Families with dependent children: Youngest aged 0 to 4,41,27,16,14,2,11,9,2,14,0,14
S01007035,Families with dependent children: Youngest aged 5 to 11,38,24,20,18,2,4,2,2,14,1,13
S01007035,Families with dependent children: Youngest aged 12 to 18,25,17,13,8,5,4,1,3,8,1,7
S01007036,All families in households,277,250,219,213,6,31,27,4,27,3,24
S01007036,Families with no dependent children,172,161,142,140,2,19,19,0,11,3,8
S01007036,Families with dependent children: Total,105,89,77,73,4,12,8,4,16,0,16
S01007036,Families with dependent children: Youngest aged 0 to 4,36,33,24,22,2,9,7,2,3,0,3
S01007036,Families with dependent children: Youngest aged 5 to 11,38,36,35,35,0,1,0,1,2,0,2
S01007036,Families with dependent children: Youngest aged 12 to 18,31,20,18,16,2,2,1,1,11,0,11
S01007037,All families in households,303,249,201,190,11,48,37,11,54,3,51
S01007037,Families with no dependent children,179,153,131,129,2,22,20,2,26,3,23
S01007037,Families with dependent children: Total,124,96,70,61,9,26,17,9,28,0,28
S01007037,Families with dependent children: Youngest aged 0 to 4,46,36,20,16,4,16,11,5,10,0,10
S01007037,Families with dependent children: Youngest aged 5 to 11,43,33,27,25,2,6,4,2,10,0,10
S01007037,Families with dependent children: Youngest aged 12 to 18,35,27,23,20,3,4,2,2,8,0,8
S01007038,All families in households,203,179,133,126,7,46,44,2,24,4,20
S01007038,Families with no dependent children,119,106,77,75,2,29,29,0,13,1,12
S01007038,Families with dependent children: Total,84,73,56,51,5,17,15,2,11,3,8
S01007038,Families with dependent children: Youngest aged 0 to 4,36,31,19,17,2,12,12,0,5,1,4
S01007038,Families with dependent children: Youngest aged 5 to 11,30,27,23,21,2,4,3,1,3,1,2
S01007038,Families with dependent children: Youngest aged 12 to 18,18,15,14,13,1,1,0,1,3,1,2
S01007039,All families in households,256,221,183,171,12,38,33,5,35,5,30
S01007039,Families with no dependent children,146,133,114,112,2,19,19,0,13,4,9
S01007039,Families with dependent children: Total,110,88,69,59,10,19,14,5,22,1,21
S01007039,Families with dependent children: Youngest aged 0 to 4,50,40,28,27,1,12,8,4,10,1,9
S01007039,Families with dependent children: Youngest aged 5 to 11,34,28,22,16,6,6,5,1,6,0,6
S01007039,Families with dependent children: Youngest aged 12 to 18,26,20,19,16,3,1,1,0,6,0,6
S01007040,All families in households,195,156,123,119,4,33,28,5,39,7,32
S01007040,Families with no dependent children,121,107,90,89,1,17,17,0,14,3,11
S01007040,Families with dependent children: Total,74,49,33,30,3,16,11,5,25,4,21
S01007040,Families with dependent children: Youngest aged 0 to 4,26,19,6,6,0,13,9,4,7,0,7
S01007040,Families with dependent children: Youngest aged 5 to 11,23,13,11,11,0,2,2,0,10,2,8
S01007040,Families with dependent children: Youngest aged 12 to 18,25,17,16,13,3,1,0,1,8,2,6
S01007041,All families in households,205,174,141,133,8,33,25,8,31,6,25
S01007041,Families with no dependent children,134,118,98,97,1,20,20,0,16,6,10
S01007041,Families with dependent children: Total,71,56,43,36,7,13,5,8,15,0,15
S01007041,Families with dependent children: Youngest aged 0 to 4,20,16,8,6,2,8,3,5,4,0,4
S01007041,Families with dependent children: Youngest aged 5 to 11,21,13,12,10,2,1,1,0,8,0,8
S01007041,Families with dependent children: Youngest aged 12 to 18,30,27,23,20,3,4,1,3,3,0,3
S01007042,All families in households,219,196,160,155,5,36,28,8,23,5,18
S01007042,Families with no dependent children,132,123,109,108,1,14,14,0,9,4,5
S01007042,Families with dependent children: Total,87,73,51,47,4,22,14,8,14,1,13
S01007042,Families with dependent children: Youngest aged 0 to 4,34,30,17,17,0,13,10,3,4,0,4
S01007042,Families with dependent children: Youngest aged 5 to 11,26,21,19,17,2,2,2,0,5,0,5
S01007042,Families with dependent children: Youngest aged 12 to 18,27,22,15,13,2,7,2,5,5,1,4
S01007043,All families in households,310,287,247,235,12,40,26,14,23,7,16
S01007043,Families with no dependent children,207,192,167,163,4,25,22,3,15,5,10
S01007043,Families with dependent children: Total,103,95,80,72,8,15,4,11,8,2,6
S01007043,Families with dependent children: Youngest aged 0 to 4,39,36,28,25,3,8,3,5,3,1,2
S01007043,Families with dependent children: Youngest aged 5 to 11,36,34,30,26,4,4,0,4,2,0,2
S01007043,Families with dependent children: Youngest aged 12 to 18,28,25,22,21,1,3,1,2,3,1,2
S01007044,All families in households,209,187,168,163,5,19,18,1,22,5,17
S01007044,Families with no dependent children,153,141,127,127,0,14,14,0,12,2,10
S01007044,Families with dependent children: Total,56,46,41,36,5,5,4,1,10,3,7
S01007044,Families with dependent children: Youngest aged 0 to 4,16,14,11,10,1,3,3,0,2,1,1
S01007044,Families with dependent children: Youngest aged 5 to 11,24,21,20,16,4,1,0,1,3,1,2
S01007044,Families with dependent children: Youngest aged 12 to 18,16,11,10,10,0,1,1,0,5,1,4
S01007045,All families in households,260,238,209,202,7,29,26,3,22,2,20
S01007045,Families with no dependent children,188,175,151,150,1,24,21,3,13,0,13
S01007045,Families with dependent children: Total,72,63,58,52,6,5,5,0,9,2,7
S01007045,Families with dependent children: Youngest aged 0 to 4,25,25,23,22,1,2,2,0,0,0,0
S01007045,Families with dependent children: Youngest aged 5 to 11,18,17,16,14,2,1,1,0,1,0,1
S01007045,Families with dependent children: Youngest aged 12 to 18,29,21,19,16,3,2,2,0,8,2,6
S01007046,All families in households,178,157,133,124,9,24,17,7,21,5,16
S01007046,Families with no dependent children,125,113,100,95,5,13,10,3,12,5,7
S01007046,Families with dependent children: Total,53,44,33,29,4,11,7,4,9,0,9
S01007046,Families with dependent children: Youngest aged 0 to 4,15,14,9,9,0,5,5,0,1,0,1
S01007046,Families with dependent children: Youngest aged 5 to 11,21,16,14,12,2,2,1,1,5,0,5
S01007046,Families with dependent children: Youngest aged 12 to 18,17,14,10,8,2,4,1,3,3,0,3
S01007047,All families in households,214,201,178,171,7,23,20,3,13,3,10
S01007047,Families with no dependent children,148,141,126,126,0,15,13,2,7,3,4
S01007047,Families with dependent children: Total,66,60,52,45,7,8,7,1,6,0,6
S01007047,Families with dependent children: Youngest aged 0 to 4,26,23,19,17,2,4,4,0,3,0,3
S01007047,Families with dependent children: Youngest aged 5 to 11,24,23,20,16,4,3,2,1,1,0,1
S01007047,Families with dependent children: Youngest aged 12 to 18,16,14,13,12,1,1,1,0,2,0,2
S01007048,All families in households,278,257,220,210,10,37,26,11,21,6,15
S01007048,Families with no dependent children,191,178,158,155,3,20,17,3,13,6,7
S01007048,Families with dependent children: Total,87,79,62,55,7,17,9,8,8,0,8
S01007048,Families with dependent children: Youngest aged 0 to 4,33,32,22,21,1,10,7,3,1,0,1
S01007048,Families with dependent children: Youngest aged 5 to 11,25,22,20,17,3,2,1,1,3,0,3
S01007048,Families with dependent children: Youngest aged 12 to 18,29,25,20,17,3,5,1,4,4,0,4
S01007049,All families in households,285,242,191,183,8,51,44,7,43,8,35
S01007049,Families with no dependent children,175,159,136,134,2,23,19,4,16,4,12
S01007049,Families with dependent children: Total,110,83,55,49,6,28,25,3,27,4,23
S01007049,Families with dependent children: Youngest aged 0 to 4,52,40,18,17,1,22,19,3,12,1,11
S01007049,Families with dependent children: Youngest aged 5 to 11,35,26,22,20,2,4,4,0,9,1,8
S01007049,Families with dependent children: Youngest aged 12 to 18,23,17,15,12,3,2,2,0,6,2,4
S01007050,All families in households,192,169,135,128,7,34,30,4,23,7,16
S01007050,Families with no dependent children,119,110,91,90,1,19,18,1,9,2,7
S01007050,Families with dependent children: Total,73,59,44,38,6,15,12,3,14,5,9
S01007050,Families with dependent children: Youngest aged 0 to 4,28,25,17,15,2,8,7,1,3,0,3
S01007050,Families with dependent children: Youngest aged 5 to 11,22,17,13,12,1,4,4,0,5,2,3
S01007050,Families with dependent children: Youngest aged 12 to 18,23,17,14,11,3,3,1,2,6,3,3
S01007051,All families in households,232,207,158,154,4,49,45,4,25,3,22
S01007051,Families with no dependent children,136,126,97,96,1,29,27,2,10,3,7
S01007051,Families with dependent children: Total,96,81,61,58,3,20,18,2,15,0,15
S01007051,Families with dependent children: Youngest aged 0 to 4,33,32,16,14,2,16,16,0,1,0,1
S01007051,Families with dependent children: Youngest aged 5 to 11,39,31,29,28,1,2,2,0,8,0,8
S01007051,Families with dependent children: Youngest aged 12 to 18,24,18,16,16,0,2,0,2,6,0,6
S01007052,All families in households,180,163,136,130,6,27,26,1,17,2,15
S01007052,Families with no dependent children,114,106,87,84,3,19,19,0,8,2,6
S01007052,Families with dependent children: Total,66,57,49,46,3,8,7,1,9,0,9
S01007052,Families with dependent children: Youngest aged 0 to 4,24,21,17,15,2,4,4,0,3,0,3
S01007052,Families with dependent children: Youngest aged 5 to 11,23,21,18,17,1,3,2,1,2,0,2
S01007052,Families with dependent children: Youngest aged 12 to 18,19,15,14,14,0,1,1,0,4,0,4
S01007053,All families in households,156,141,125,122,3,16,11,5,15,5,10
S01007053,Families with no dependent children,100,91,81,80,1,10,9,1,9,3,6
S01007053,Families with dependent children: Total,56,50,44,42,2,6,2,4,6,2,4
S01007053,Families with dependent children: Youngest aged 0 to 4,12,11,10,10,0,1,0,1,1,1,0
S01007053,Families with dependent children: Youngest aged 5 to 11,24,22,20,19,1,2,1,1,2,0,2
S01007053,Families with dependent children: Youngest aged 12 to 18,20,17,14,13,1,3,1,2,3,1,2
S01007054,All families in households,285,250,206,197,9,44,39,5,35,3,32
S01007054,Families with no dependent children,173,161,142,139,3,19,18,1,12,2,10
S01007054,Families with dependent children: Total,112,89,64,58,6,25,21,4,23,1,22
S01007054,Families with dependent children: Youngest aged 0 to 4,38,34,17,13,4,17,15,2,4,0,4
S01007054,Families with dependent children: Youngest aged 5 to 11,46,35,27,26,1,8,6,2,11,1,10
S01007054,Families with dependent children: Youngest aged 12 to 18,28,20,20,19,1,0,0,0,8,0,8
S01007055,All families in households,153,144,124,121,3,20,16,4,9,2,7
S01007055,Families with no dependent children,91,86,74,74,0,12,12,0,5,1,4
S01007055,Families with dependent children: Total,62,58,50,47,3,8,4,4,4,1,3
S01007055,Families with dependent children: Youngest aged 0 to 4,20,19,16,16,0,3,2,1,1,0,1
S01007055,Families with dependent children: Youngest aged 5 to 11,19,19,15,14,1,4,1,3,0,0,0
S01007055,Families with dependent children: Youngest aged 12 to 18,23,20,19,17,2,1,1,0,3,1,2
S01007056,All families in households,193,173,150,144,6,23,17,6,20,1,19
S01007056,Families with no dependent children,123,111,94,89,5,17,14,3,12,1,11
S01007056,Families with dependent children: Total,70,62,56,55,1,6,3,3,8,0,8
S01007056,Families with dependent children: Youngest aged 0 to 4,19,17,14,14,0,3,2,1,2,0,2
S01007056,Families with dependent children: Youngest aged 5 to 11,30,26,23,23,0,3,1,2,4,0,4
S01007056,Families with dependent children: Youngest aged 12 to 18,21,19,19,18,1,0,0,0,2,0,2
S01007057,All families in households,171,153,134,133,1,19,18,1,18,4,14
S01007057,Families with no dependent children,127,114,105,105,0,9,9,0,13,3,10
S01007057,Families with dependent children: Total,44,39,29,28,1,10,9,1,5,1,4
S01007057,Families with dependent children: Youngest aged 0 to 4,20,20,12,11,1,8,8,0,0,0,0
S01007057,Families with dependent children: Youngest aged 5 to 11,8,6,6,6,0,0,0,0,2,1,1
S01007057,Families with dependent children: Youngest aged 12 to 18,16,13,11,11,0,2,1,1,3,0,3
S01007058,All families in households,172,154,128,121,7,26,20,6,18,1,17
S01007058,Families with no dependent children,119,112,99,96,3,13,13,0,7,1,6
S01007058,Families with dependent children: Total,53,42,29,25,4,13,7,6,11,0,11
S01007058,Families with dependent children: Youngest aged 0 to 4,20,19,12,11,1,7,5,2,1,0,1
S01007058,Families with dependent children: Youngest aged 5 to 11,15,11,7,6,1,4,1,3,4,0,4
S01007058,Families with dependent children: Youngest aged 12 to 18,18,12,10,8,2,2,1,1,6,0,6
S01007059,All families in households,314,267,219,212,7,48,42,6,47,4,43
S01007059,Families with no dependent children,182,170,143,141,2,27,26,1,12,2,10
S01007059,Families with dependent children: Total,132,97,76,71,5,21,16,5,35,2,33
S01007059,Families with dependent children: Youngest aged 0 to 4,48,40,26,24,2,14,12,2,8,0,8
S01007059,Families with dependent children: Youngest aged 5 to 11,38,26,23,21,2,3,3,0,12,0,12
S01007059,Families with dependent children: Youngest aged 12 to 18,46,31,27,26,1,4,1,3,15,2,13
S01007060,All families in households,192,142,105,99,6,37,33,4,50,3,47
S01007060,Families with no dependent children,111,98,82,79,3,16,14,2,13,3,10
S01007060,Families with dependent children: Total,81,44,23,20,3,21,19,2,37,0,37
S01007060,Families with dependent children: Youngest aged 0 to 4,33,21,7,6,1,14,13,1,12,0,12
S01007060,Families with dependent children: Youngest aged 5 to 11,22,10,5,3,2,5,5,0,12,0,12
S01007060,Families with dependent children: Youngest aged 12 to 18,26,13,11,11,0,2,1,1,13,0,13
S01007061,All families in households,297,276,229,219,10,47,42,5,21,5,16
S01007061,Families with no dependent children,184,179,145,140,5,34,33,1,5,1,4
S01007061,Families with dependent children: Total,113,97,84,79,5,13,9,4,16,4,12
S01007061,Families with dependent children: Youngest aged 0 to 4,43,39,34,32,2,5,4,1,4,1,3
S01007061,Families with dependent children: Youngest aged 5 to 11,35,32,28,27,1,4,3,1,3,0,3
S01007061,Families with dependent children: Youngest aged 12 to 18,35,26,22,20,2,4,2,2,9,3,6
S01007062,All families in households,223,209,180,176,4,29,27,2,14,4,10
S01007062,Families with no dependent children,150,145,122,120,2,23,22,1,5,2,3
S01007062,Families with dependent children: Total,73,64,58,56,2,6,5,1,9,2,7
S01007062,Families with dependent children: Youngest aged 0 to 4,24,22,18,18,0,4,3,1,2,1,1
S01007062,Families with dependent children: Youngest aged 5 to 11,17,15,14,12,2,1,1,0,2,0,2
S01007062,Families with dependent children: Youngest aged 12 to 18,32,27,26,26,0,1,1,0,5,1,4
S01007063,All families in households,207,187,163,158,5,24,23,1,20,4,16
S01007063,Families with no dependent children,135,127,111,110,1,16,16,0,8,2,6
S01007063,Families with dependent children: Total,72,60,52,48,4,8,7,1,12,2,10
S01007063,Families with dependent children: Youngest aged 0 to 4,24,20,16,14,2,4,4,0,4,1,3
S01007063,Families with dependent children: Youngest aged 5 to 11,28,24,21,19,2,3,3,0,4,0,4
S01007063,Families with dependent children: Youngest aged 12 to 18,20,16,15,15,0,1,0,1,4,1,3
S01007064,All families in households,209,191,162,155,7,29,28,1,18,3,15
S01007064,Families with no dependent children,139,131,111,107,4,20,20,0,8,1,7
S01007064,Families with dependent children: Total,70,60,51,48,3,9,8,1,10,2,8
S01007064,Families with dependent children: Youngest aged 0 to 4,27,24,18,16,2,6,5,1,3,0,3
S01007064,Families with dependent children: Youngest aged 5 to 11,16,12,9,9,0,3,3,0,4,1,3
S01007064,Families with dependent children: Youngest aged 12 to 18,27,24,24,23,1,0,0,0,3,1,2
S01007065,All families in households,187,166,136,134,2,30,25,5,21,3,18
S01007065,Families with no dependent children,116,112,90,90,0,22,21,1,4,0,4
S01007065,Families with dependent children: Total,71,54,46,44,2,8,4,4,17,3,14
S01007065,Families with dependent children: Youngest aged 0 to 4,25,20,18,17,1,2,1,1,5,0,5
S01007065,Families with dependent children: Youngest aged 5 to 11,23,17,13,13,0,4,2,2,6,0,6
S01007065,Families with dependent children: Youngest aged 12 to 18,23,17,15,14,1,2,1,1,6,3,3
S01007066,All families in households,200,185,163,158,5,22,17,5,15,5,10
S01007066,Families with no dependent children,126,121,111,109,2,10,9,1,5,2,3
S01007066,Families with dependent children: Total,74,64,52,49,3,12,8,4,10,3,7
S01007066,Families with dependent children: Youngest aged 0 to 4,26,23,15,13,2,8,6,2,3,1,2
S01007066,Families with dependent children: Youngest aged 5 to 11,20,20,18,18,0,2,2,0,0,0,0
S01007066,Families with dependent children: Youngest aged 12 to 18,28,21,19,18,1,2,0,2,7,2,5
S01007067,All families in households,180,161,127,122,5,34,28,6,19,9,10
S01007067,Families with no dependent children,132,120,97,94,3,23,23,0,12,7,5
S01007067,Families with dependent children: Total,48,41,30,28,2,11,5,6,7,2,5
S01007067,Families with dependent children: Youngest aged 0 to 4,15,13,7,7,0,6,5,1,2,1,1
S01007067,Families with dependent children: Youngest aged 5 to 11,16,15,14,13,1,1,0,1,1,0,1
S01007067,Families with dependent children: Youngest aged 12 to 18,17,13,9,8,1,4,0,4,4,1,3
S01007068,All families in households,229,188,153,146,7,35,32,3,41,6,35
S01007068,Families with no dependent children,153,138,112,111,1,26,25,1,15,3,12
S01007068,Families with dependent children: Total,76,50,41,35,6,9,7,2,26,3,23
S01007068,Families with dependent children: Youngest aged 0 to 4,30,22,16,16,0,6,5,1,8,0,8
S01007068,Families with dependent children: Youngest aged 5 to 11,27,19,17,12,5,2,1,1,8,1,7
S01007068,Families with dependent children: Youngest aged 12 to 18,19,9,8,7,1,1,1,0,10,2,8
S01007069,All families in households,254,213,170,161,9,43,31,12,41,4,37
S01007069,Families with no dependent children,135,127,106,101,5,21,21,0,8,2,6
S01007069,Families with dependent children: Total,119,86,64,60,4,22,10,12,33,2,31
S01007069,Families with dependent children: Youngest aged 0 to 4,55,41,27,27,0,14,9,5,14,0,14
S01007069,Families with dependent children: Youngest aged 5 to 11,35,22,17,15,2,5,1,4,13,1,12
S01007069,Families with dependent children: Youngest aged 12 to 18,29,23,20,18,2,3,0,3,6,1,5
S01007070,All families in households,142,125,104,94,10,21,19,2,17,3,14
S01007070,Families with no dependent children,94,86,71,68,3,15,15,0,8,2,6
S01007070,Families with dependent children: Total,48,39,33,26,7,6,4,2,9,1,8
S01007070,Families with dependent children: Youngest aged 0 to 4,22,16,13,10,3,3,3,0,6,1,5
S01007070,Families with dependent children: Youngest aged 5 to 11,15,14,12,8,4,2,1,1,1,0,1
S01007070,Families with dependent children: Youngest aged 12 to 18,11,9,8,8,0,1,0,1,2,0,2
S01007071,All families in households,250,222,197,185,12,25,21,4,28,7,21
S01007071,Families with no dependent children,152,139,125,119,6,14,14,0,13,5,8
S01007071,Families with dependent children: Total,98,83,72,66,6,11,7,4,15,2,13
S01007071,Families with dependent children: Youngest aged 0 to 4,32,26,21,20,1,5,4,1,6,0,6
S01007071,Families with dependent children: Youngest aged 5 to 11,36,29,25,23,2,4,3,1,7,1,6
S01007071,Families with dependent children: Youngest aged 12 to 18,30,28,26,23,3,2,0,2,2,1,1
S01007072,All families in households,202,183,162,160,2,21,16,5,19,3,16
S01007072,Families with no dependent children,117,109,93,93,0,16,14,2,8,2,6
S01007072,Families with dependent children: Total,85,74,69,67,2,5,2,3,11,1,10
S01007072,Families with dependent children: Youngest aged 0 to 4,21,19,17,16,1,2,0,2,2,0,2
S01007072,Families with dependent children: Youngest aged 5 to 11,33,28,27,26,1,1,0,1,5,0,5
S01007072,Families with dependent children: Youngest aged 12 to 18,31,27,25,25,0,2,2,0,4,1,3
S01007073,All families in households,280,251,224,216,8,27,21,6,29,5,24
S01007073,Families with no dependent children,174,164,148,145,3,16,12,4,10,1,9
S01007073,Families with dependent children: Total,106,87,76,71,5,11,9,2,19,4,15
S01007073,Families with dependent children: Youngest aged 0 to 4,34,32,28,28,0,4,4,0,2,0,2
S01007073,Families with dependent children: Youngest aged 5 to 11,37,32,26,22,4,6,4,2,5,2,3
S01007073,Families with dependent children: Youngest aged 12 to 18,35,23,22,21,1,1,1,0,12,2,10
S01007074,All families in households,215,168,141,135,6,27,20,7,47,2,45
S01007074,Families with no dependent children,140,122,107,106,1,15,14,1,18,1,17
S01007074,Families with dependent children: Total,75,46,34,29,5,12,6,6,29,1,28
S01007074,Families with dependent children: Youngest aged 0 to 4,29,19,12,10,2,7,3,4,10,0,10
S01007074,Families with dependent children: Youngest aged 5 to 11,24,12,9,9,0,3,2,1,12,1,11
S01007074,Families with dependent children: Youngest aged 12 to 18,22,15,13,10,3,2,1,1,7,0,7
S01007075,All families in households,216,168,137,128,9,31,27,4,48,8,40
S01007075,Families with no dependent children,118,103,92,89,3,11,9,2,15,3,12
S01007075,Families with dependent children: Total,98,65,45,39,6,20,18,2,33,5,28
S01007075,Families with dependent children: Youngest aged 0 to 4,44,27,13,11,2,14,12,2,17,4,13
S01007075,Families with dependent children: Youngest aged 5 to 11,24,16,14,13,1,2,2,0,8,1,7
S01007075,Families with dependent children: Youngest aged 12 to 18,30,22,18,15,3,4,4,0,8,0,8
S01007076,All families in households,233,198,166,152,14,32,18,14,35,7,28
S01007076,Families with no dependent children,139,121,108,102,6,13,9,4,18,4,14
S01007076,Families with dependent children: Total,94,77,58,50,8,19,9,10,17,3,14
S01007076,Families with dependent children: Youngest aged 0 to 4,45,36,23,19,4,13,7,6,9,1,8
S01007076,Families with dependent children: Youngest aged 5 to 11,23,22,18,16,2,4,1,3,1,0,1
S01007076,Families with dependent children: Youngest aged 12 to 18,26,19,17,15,2,2,1,1,7,2,5
S01007077,All families in households,231,197,168,163,5,29,21,8,34,3,31
S01007077,Families with no dependent children,174,157,139,137,2,18,16,2,17,2,15
S01007077,Families with dependent children: Total,57,40,29,26,3,11,5,6,17,1,16
S01007077,Families with dependent children: Youngest aged 0 to 4,21,16,11,11,0,5,4,1,5,1,4
S01007077,Families with dependent children: Youngest aged 5 to 11,16,9,7,5,2,2,0,2,7,0,7
S01007077,Families with dependent children: Youngest aged 12 to 18,20,15,11,10,1,4,1,3,5,0,5
S01007078,All families in households,255,210,168,161,7,42,34,8,45,4,41
S01007078,Families with no dependent children,164,146,124,124,0,22,21,1,18,4,14
S01007078,Families with dependent children: Total,91,64,44,37,7,20,13,7,27,0,27
S01007078,Families with dependent children: Youngest aged 0 to 4,38,31,16,15,1,15,12,3,7,0,7
S01007078,Families with dependent children: Youngest aged 5 to 11,23,16,13,10,3,3,1,2,7,0,7
S01007078,Families with dependent children: Youngest aged 12 to 18,30,17,15,12,3,2,0,2,13,0,13
S01007079,All families in households,263,229,173,163,10,56,47,9,34,7,27
S01007079,Families with no dependent children,174,159,123,121,2,36,35,1,15,5,10
S01007079,Families with dependent children: Total,89,70,50,42,8,20,12,8,19,2,17
S01007079,Families with dependent children: Youngest aged 0 to 4,35,28,17,14,3,11,7,4,7,0,7
S01007079,Families with dependent children: Youngest aged 5 to 11,29,26,18,16,2,8,4,4,3,0,3
S01007079,Families with dependent children: Youngest aged 12 to 18,25,16,15,12,3,1,1,0,9,2,7
S01007080,All families in households,239,186,152,147,5,34,30,4,53,6,47
S01007080,Families with no dependent children,147,129,107,104,3,22,21,1,18,5,13
S01007080,Families with dependent children: Total,92,57,45,43,2,12,9,3,35,1,34
S01007080,Families with dependent children: Youngest aged 0 to 4,39,25,17,16,1,8,7,1,14,0,14
S01007080,Families with dependent children: Youngest aged 5 to 11,23,13,12,12,0,1,0,1,10,0,10
S01007080,Families with dependent children: Youngest aged 12 to 18,30,19,16,15,1,3,2,1,11,1,10
S01007081,All families in households,281,212,143,131,12,69,56,13,69,12,57
S01007081,Families with no dependent children,144,113,86,83,3,27,24,3,31,9,22
S01007081,Families with dependent children: Total,137,99,57,48,9,42,32,10,38,3,35
S01007081,Families with dependent children: Youngest aged 0 to 4,64,50,24,20,4,26,21,5,14,0,14
S01007081,Families with dependent children: Youngest aged 5 to 11,43,26,16,15,1,10,8,2,17,1,16
S01007081,Families with dependent children: Youngest aged 12 to 18,30,23,17,13,4,6,3,3,7,2,5
S01007082,All families in households,151,108,81,73,8,27,22,5,43,6,37
S01007082,Families with no dependent children,79,64,53,50,3,11,11,0,15,2,13
S01007082,Families with dependent children: Total,72,44,28,23,5,16,11,5,28,4,24
S01007082,Families with dependent children: Youngest aged 0 to 4,27,20,10,9,1,10,8,2,7,0,7
S01007082,Families with dependent children: Youngest aged 5 to 11,24,13,9,6,3,4,2,2,11,3,8
S01007082,Families with dependent children: Youngest aged 12 to 18,21,11,9,8,1,2,1,1,10,1,9
S01007083,All families in households,253,197,130,121,9,67,57,10,56,9,47
S01007083,Families with no dependent children,138,122,94,91,3,28,27,1,16,4,12
S01007083,Families with dependent children: Total,115,75,36,30,6,39,30,9,40,5,35
S01007083,Families with dependent children: Youngest aged 0 to 4,62,42,18,18,0,24,20,4,20,3,17
S01007083,Families with dependent children: Youngest aged 5 to 11,29,20,7,6,1,13,9,4,9,1,8
S01007083,Families with dependent children: Youngest aged 12 to 18,24,13,11,6,5,2,1,1,11,1,10
S01007084,All families in households,162,144,129,126,3,15,14,1,18,4,14
S01007084,Families with no dependent children,112,107,98,95,3,9,8,1,5,1,4
S01007084,Families with dependent children: Total,50,37,31,31,0,6,6,0,13,3,10
S01007084,Families with dependent children: Youngest aged 0 to 4,19,14,10,10,0,4,4,0,5,0,5
S01007084,Families with dependent children: Youngest aged 5 to 11,13,10,9,9,0,1,1,0,3,1,2
S01007084,Families with dependent children: Youngest aged 12 to 18,18,13,12,12,0,1,1,0,5,2,3
S01007085,All families in households,213,184,134,124,10,50,42,8,29,6,23
S01007085,Families with no dependent children,124,111,79,76,3,32,30,2,13,5,8
S01007085,Families with dependent children: Total,89,73,55,48,7,18,12,6,16,1,15
S01007085,Families with dependent children: Youngest aged 0 to 4,44,37,24,21,3,13,7,6,7,0,7
S01007085,Families with dependent children: Youngest aged 5 to 11,22,18,15,13,2,3,3,0,4,0,4
S01007085,Families with dependent children: Youngest aged 12 to 18,23,18,16,14,2,2,2,0,5,1,4
S01007086,All families in households,279,209,114,106,8,95,83,12,70,8,62
S01007086,Families with no dependent children,130,119,63,61,2,56,54,2,11,2,9
S01007086,Families with dependent children: Total,149,90,51,45,6,39,29,10,59,6,53
S01007086,Families with dependent children: Youngest aged 0 to 4,82,55,25,22,3,30,23,7,27,1,26
S01007086,Families with dependent children: Youngest aged 5 to 11,39,24,16,16,0,8,6,2,15,3,12
S01007086,Families with dependent children: Youngest aged 12 to 18,28,11,10,7,3,1,0,1,17,2,15
S01007087,All families in households,227,176,116,109,7,60,55,5,51,6,45
S01007087,Families with no dependent children,123,108,74,72,2,34,32,2,15,1,14
S01007087,Families with dependent children: Total,104,68,42,37,5,26,23,3,36,5,31
S01007087,Families with dependent children: Youngest aged 0 to 4,48,38,18,16,2,20,20,0,10,1,9
S01007087,Families with dependent children: Youngest aged 5 to 11,38,20,15,13,2,5,2,3,18,2,16
S01007087,Families with dependent children: Youngest aged 12 to 18,18,10,9,8,1,1,1,0,8,2,6
S01007088,All families in households,158,107,69,66,3,38,32,6,51,5,46
S01007088,Families with no dependent children,85,67,42,42,0,25,23,2,18,2,16
S01007088,Families with dependent children: Total,73,40,27,24,3,13,9,4,33,3,30
S01007088,Families with dependent children: Youngest aged 0 to 4,33,21,11,9,2,10,7,3,12,1,11
S01007088,Families with dependent children: Youngest aged 5 to 11,22,11,10,9,1,1,1,0,11,0,11
S01007088,Families with dependent children: Youngest aged 12 to 18,18,8,6,6,0,2,1,1,10,2,8
S01007089,All families in households,162,156,145,141,4,11,8,3,6,2,4
S01007089,Families with no dependent children,103,99,94,92,2,5,5,0,4,1,3
S01007089,Families with dependent children: Total,59,57,51,49,2,6,3,3,2,1,1
S01007089,Families with dependent children: Youngest aged 0 to 4,22,22,17,16,1,5,3,2,0,0,0
S01007089,Families with dependent children: Youngest aged 5 to 11,26,24,23,22,1,1,0,1,2,1,1
S01007089,Families with dependent children: Youngest aged 12 to 18,11,11,11,11,0,0,0,0,0,0,0
S01007090,All families in households,163,147,107,105,2,40,32,8,16,1,15
S01007090,Families with no dependent children,105,102,78,78,0,24,22,2,3,0,3
S01007090,Families with dependent children: Total,58,45,29,27,2,16,10,6,13,1,12
S01007090,Families with dependent children: Youngest aged 0 to 4,25,21,8,8,0,13,9,4,4,0,4
S01007090,Families with dependent children: Youngest aged 5 to 11,15,11,9,9,0,2,1,1,4,0,4
S01007090,Families with dependent children: Youngest aged 12 to 18,18,13,12,10,2,1,0,1,5,1,4
S01007091,All families in households,241,187,130,114,16,57,38,19,54,3,51
S01007091,Families with no dependent children,81,72,50,46,4,22,19,3,9,0,9
S01007091,Families with dependent children: Total,160,115,80,68,12,35,19,16,45,3,42
S01007091,Families with dependent children: Youngest aged 0 to 4,59,46,28,25,3,18,13,5,13,1,12
S01007091,Families with dependent children: Youngest aged 5 to 11,64,51,37,33,4,14,6,8,13,1,12
S01007091,Families with dependent children: Youngest aged 12 to 18,37,18,15,10,5,3,0,3,19,1,18
S01007092,All families in households,189,155,127,123,4,28,21,7,34,4,30
S01007092,Families with no dependent children,132,115,100,98,2,15,12,3,17,1,16
S01007092,Families with dependent children: Total,57,40,27,25,2,13,9,4,17,3,14
S01007092,Families with dependent children: Youngest aged 0 to 4,27,22,12,11,1,10,8,2,5,0,5
S01007092,Families with dependent children: Youngest aged 5 to 11,15,5,4,4,0,1,0,1,10,3,7
S01007092,Families with dependent children: Youngest aged 12 to 18,15,13,11,10,1,2,1,1,2,0,2
S01007093,All families in households,302,281,260,256,4,21,19,2,21,5,16
S01007093,Families with no dependent children,206,197,183,183,0,14,13,1,9,4,5
S01007093,Families with dependent children: Total,96,84,77,73,4,7,6,1,12,1,11
S01007093,Families with dependent children: Youngest aged 0 to 4,18,17,14,12,2,3,2,1,1,0,1
S01007093,Families with dependent children: Youngest aged 5 to 11,36,32,29,29,0,3,3,0,4,0,4
S01007093,Families with dependent children: Youngest aged 12 to 18,42,35,34,32,2,1,1,0,7,1,6
S01007094,All families in households,289,266,237,226,11,29,21,8,23,3,20
S01007094,Families with no dependent children,200,189,173,170,3,16,13,3,11,3,8
S01007094,Families with dependent children: Total,89,77,64,56,8,13,8,5,12,0,12
S01007094,Families with dependent children: Youngest aged 0 to 4,35,33,26,24,2,7,6,1,2,0,2
S01007094,Families with dependent children: Youngest aged 5 to 11,24,19,16,13,3,3,2,1,5,0,5
S01007094,Families with dependent children: Youngest aged 12 to 18,30,25,22,19,3,3,0,3,5,0,5
S01007095,All families in households,168,153,135,126,9,18,15,3,15,1,14
S01007095,Families with no dependent children,105,98,86,81,5,12,11,1,7,1,6
S01007095,Families with dependent children: Total,63,55,49,45,4,6,4,2,8,0,8
S01007095,Families with dependent children: Youngest aged 0 to 4,19,18,15,15,0,3,1,2,1,0,1
S01007095,Families with dependent children: Youngest aged 5 to 11,22,18,16,14,2,2,2,0,4,0,4
S01007095,Families with dependent children: Youngest aged 12 to 18,22,19,18,16,2,1,1,0,3,0,3
S01007096,All families in households,254,240,194,187,7,46,37,9,14,5,9
S01007096,Families with no dependent children,137,135,113,110,3,22,21,1,2,1,1
S01007096,Families with dependent children: Total,117,105,81,77,4,24,16,8,12,4,8
S01007096,Families with dependent children: Youngest aged 0 to 4,54,53,37,36,1,16,13,3,1,1,0
S01007096,Families with dependent children: Youngest aged 5 to 11,34,27,22,20,2,5,1,4,7,3,4
S01007096,Families with dependent children: Youngest aged 12 to 18,29,25,22,21,1,3,2,1,4,0,4
S01007097,All families in households,156,146,123,118,5,23,17,6,10,3,7
S01007097,Families with no dependent children,98,94,82,80,2,12,11,1,4,2,2
S01007097,Families with dependent children: Total,58,52,41,38,3,11,6,5,6,1,5
S01007097,Families with dependent children: Youngest aged 0 to 4,25,21,15,14,1,6,3,3,4,1,3
S01007097,Families with dependent children: Youngest aged 5 to 11,14,12,10,10,0,2,2,0,2,0,2
S01007097,Families with dependent children: Youngest aged 12 to 18,19,19,16,14,2,3,1,2,0,0,0
S01007098,All families in households,249,234,211,198,13,23,19,4,15,4,11
S01007098,Families with no dependent children,136,130,116,113,3,14,14,0,6,1,5
S01007098,Families with dependent children: Total,113,104,95,85,10,9,5,4,9,3,6
S01007098,Families with dependent children: Youngest aged 0 to 4,55,52,48,47,1,4,3,1,3,0,3
S01007098,Families with dependent children: Youngest aged 5 to 11,29,25,24,21,3,1,1,0,4,2,2
S01007098,Families with dependent children: Youngest aged 12 to 18,29,27,23,17,6,4,1,3,2,1,1
S01007099,All families in households,260,239,215,202,13,24,19,5,21,5,16
S01007099,Families with no dependent children,138,131,118,115,3,13,13,0,7,1,6
S01007099,Families with dependent children: Total,122,108,97,87,10,11,6,5,14,4,10
S01007099,Families with dependent children: Youngest aged 0 to 4,47,45,39,36,3,6,5,1,2,0,2
S01007099,Families with dependent children: Youngest aged 5 to 11,39,31,28,26,2,3,1,2,8,3,5
S01007099,Families with dependent children: Youngest aged 12 to 18,36,32,30,25,5,2,0,2,4,1,3
S01007100,All families in households,229,198,174,161,13,24,16,8,31,6,25
S01007100,Families with no dependent children,143,130,116,113,3,14,14,0,13,4,9
S01007100,Families with dependent children: Total,86,68,58,48,10,10,2,8,18,2,16
S01007100,Families with dependent children: Youngest aged 0 to 4,26,22,19,19,0,3,1,2,4,0,4
S01007100,Families with dependent children: Youngest aged 5 to 11,17,16,14,13,1,2,0,2,1,0,1
S01007100,Families with dependent children: Youngest aged 12 to 18,43,30,25,16,9,5,1,4,13,2,11
S01007101,All families in households,248,206,173,156,17,33,21,12,42,4,38
S01007101,Families with no dependent children,146,133,116,107,9,17,14,3,13,3,10
S01007101,Families with dependent children: Total,102,73,57,49,8,16,7,9,29,1,28
S01007101,Families with dependent children: Youngest aged 0 to 4,43,35,22,20,2,13,6,7,8,0,8
S01007101,Families with dependent children: Youngest aged 5 to 11,31,22,19,15,4,3,1,2,9,0,9
S01007101,Families with dependent children: Youngest aged 12 to 18,28,16,16,14,2,0,0,0,12,1,11
S01007102,All families in households,214,199,175,162,13,24,16,8,15,3,12
S01007102,Families with no dependent children,143,136,119,113,6,17,13,4,7,1,6
S01007102,Families with dependent children: Total,71,63,56,49,7,7,3,4,8,2,6
S01007102,Families with dependent children: Youngest aged 0 to 4,21,19,14,13,1,5,2,3,2,1,1
S01007102,Families with dependent children: Youngest aged 5 to 11,28,26,24,22,2,2,1,1,2,0,2
S01007102,Families with dependent children: Youngest aged 12 to 18,22,18,18,14,4,0,0,0,4,1,3
S01007103,All families in households,241,208,184,177,7,24,15,9,33,4,29
S01007103,Families with no dependent children,134,120,108,106,2,12,8,4,14,3,11
S01007103,Families with dependent children: Total,107,88,76,71,5,12,7,5,19,1,18
S01007103,Families with dependent children: Youngest aged 0 to 4,35,31,24,21,3,7,6,1,4,0,4
S01007103,Families with dependent children: Youngest aged 5 to 11,36,27,26,25,1,1,0,1,9,0,9
S01007103,Families with dependent children: Youngest aged 12 to 18,36,30,26,25,1,4,1,3,6,1,5
S01007104,All families in households,155,145,130,126,4,15,14,1,10,2,8
S01007104,Families with no dependent children,95,91,77,77,0,14,14,0,4,1,3
S01007104,Families with dependent children: Total,60,54,53,49,4,1,0,1,6,1,5
S01007104,Families with dependent children: Youngest aged 0 to 4,21,19,19,17,2,0,0,0,2,0,2
S01007104,Families with dependent children: Youngest aged 5 to 11,18,16,16,16,0,0,0,0,2,1,1
S01007104,Families with dependent children: Youngest aged 12 to 18,21,19,18,16,2,1,0,1,2,0,2
S01007105,All families in households,158,134,120,115,5,14,10,4,24,0,24
S01007105,Families with no dependent children,93,80,74,73,1,6,6,0,13,0,13
S01007105,Families with dependent children: Total,65,54,46,42,4,8,4,4,11,0,11
S01007105,Families with dependent children: Youngest aged 0 to 4,23,19,17,17,0,2,2,0,4,0,4
S01007105,Families with dependent children: Youngest aged 5 to 11,22,19,14,12,2,5,2,3,3,0,3
S01007105,Families with dependent children: Youngest aged 12 to 18,20,16,15,13,2,1,0,1,4,0,4
S01007106,All families in households,219,184,165,160,5,19,13,6,35,4,31
S01007106,Families with no dependent children,144,131,119,117,2,12,11,1,13,2,11
S01007106,Families with dependent children: Total,75,53,46,43,3,7,2,5,22,2,20
S01007106,Families with dependent children: Youngest aged 0 to 4,16,12,10,10,0,2,1,1,4,0,4
S01007106,Families with dependent children: Youngest aged 5 to 11,35,24,20,18,2,4,1,3,11,1,10
S01007106,Families with dependent children: Youngest aged 12 to 18,24,17,16,15,1,1,0,1,7,1,6
S01007107,All families in households,217,201,178,174,4,23,18,5,16,4,12
S01007107,Families with no dependent children,136,130,117,116,1,13,13,0,6,2,4
S01007107,Families with dependent children: Total,81,71,61,58,3,10,5,5,10,2,8
S01007107,Families with dependent children: Youngest aged 0 to 4,23,21,14,13,1,7,3,4,2,0,2
S01007107,Families with dependent children: Youngest aged 5 to 11,30,25,23,23,0,2,2,0,5,1,4
S01007107,Families with dependent children: Youngest aged 12 to 18,28,25,24,22,2,1,0,1,3,1,2
S01007108,All families in households,176,164,144,139,5,20,18,2,12,3,9
S01007108,Families with no dependent children,116,109,96,94,2,13,13,0,7,2,5
S01007108,Families with dependent children: Total,60,55,48,45,3,7,5,2,5,1,4
S01007108,Families with dependent children: Youngest aged 0 to 4,26,26,22,20,2,4,3,1,0,0,0
S01007108,Families with dependent children: Youngest aged 5 to 11,18,16,14,14,0,2,1,1,2,1,1
S01007108,Families with dependent children: Youngest aged 12 to 18,16,13,12,11,1,1,1,0,3,0,3
S01007109,All families in households,248,203,164,159,5,39,38,1,45,5,40
S01007109,Families with no dependent children,150,132,110,108,2,22,22,0,18,3,15
S01007109,Families with dependent children: Total,98,71,54,51,3,17,16,1,27,2,25
S01007109,Families with dependent children: Youngest aged 0 to 4,38,30,19,16,3,11,11,0,8,1,7
S01007109,Families with dependent children: Youngest aged 5 to 11,38,25,21,21,0,4,3,1,13,1,12
S01007109,Families with dependent children: Youngest aged 12 to 18,22,16,14,14,0,2,2,0,6,0,6
S01007110,All families in households,231,194,154,152,2,40,32,8,37,7,30
S01007110,Families with no dependent children,112,101,83,83,0,18,18,0,11,4,7
S01007110,Families with dependent children: Total,119,93,71,69,2,22,14,8,26,3,23
S01007110,Families with dependent children: Youngest aged 0 to 4,50,41,28,28,0,13,9,4,9,0,9
S01007110,Families with dependent children: Youngest aged 5 to 11,39,28,21,20,1,7,5,2,11,1,10
S01007110,Families with dependent children: Youngest aged 12 to 18,30,24,22,21,1,2,0,2,6,2,4
S01007111,All families in households,163,148,130,123,7,18,15,3,15,1,14
S01007111,Families with no dependent children,99,96,81,80,1,15,14,1,3,0,3
S01007111,Families with dependent children: Total,64,52,49,43,6,3,1,2,12,1,11
S01007111,Families with dependent children: Youngest aged 0 to 4,19,15,15,13,2,0,0,0,4,1,3
S01007111,Families with dependent children: Youngest aged 5 to 11,23,18,16,14,2,2,1,1,5,0,5
S01007111,Families with dependent children: Youngest aged 12 to 18,22,19,18,16,2,1,0,1,3,0,3
S01007112,All families in households,174,166,154,152,2,12,8,4,8,2,6
S01007112,Families with no dependent children,129,125,118,117,1,7,6,1,4,1,3
S01007112,Families with dependent children: Total,45,41,36,35,1,5,2,3,4,1,3
S01007112,Families with dependent children: Youngest aged 0 to 4,17,16,12,12,0,4,2,2,1,0,1
S01007112,Families with dependent children: Youngest aged 5 to 11,7,7,7,6,1,0,0,0,0,0,0
S01007112,Families with dependent children: Youngest aged 12 to 18,21,18,17,17,0,1,0,1,3,1,2
S01007113,All families in households,151,141,127,119,8,14,12,2,10,2,8
S01007113,Families with no dependent children,106,100,90,88,2,10,9,1,6,1,5
S01007113,Families with dependent children: Total,45,41,37,31,6,4,3,1,4,1,3
S01007113,Families with dependent children: Youngest aged 0 to 4,16,15,12,10,2,3,3,0,1,0,1
S01007113,Families with dependent children: Youngest aged 5 to 11,14,13,12,9,3,1,0,1,1,0,1
S01007113,Families with dependent children: Youngest aged 12 to 18,15,13,13,12,1,0,0,0,2,1,1
S01007114,All families in households,276,243,212,206,6,31,22,9,33,3,30
S01007114,Families with no dependent children,168,157,139,137,2,18,16,2,11,2,9
S01007114,Families with dependent children: Total,108,86,73,69,4,13,6,7,22,1,21
S01007114,Families with dependent children: Youngest aged 0 to 4,42,34,28,25,3,6,3,3,8,0,8
S01007114,Families with dependent children: Youngest aged 5 to 11,26,21,18,18,0,3,3,0,5,0,5
S01007114,Families with dependent children: Youngest aged 12 to 18,40,31,27,26,1,4,0,4,9,1,8
S01007115,All families in households,192,177,157,151,6,20,17,3,15,3,12
S01007115,Families with no dependent children,113,105,97,94,3,8,8,0,8,2,6
S01007115,Families with dependent children: Total,79,72,60,57,3,12,9,3,7,1,6
S01007115,Families with dependent children: Youngest aged 0 to 4,18,17,11,10,1,6,6,0,1,0,1
S01007115,Families with dependent children: Youngest aged 5 to 11,27,25,22,20,2,3,2,1,2,1,1
S01007115,Families with dependent children: Youngest aged 12 to 18,34,30,27,27,0,3,1,2,4,0,4
S01007116,All families in households,288,280,257,248,9,23,15,8,8,2,6
S01007116,Families with no dependent children,113,110,99,97,2,11,9,2,3,2,1
S01007116,Families with dependent children: Total,175,170,158,151,7,12,6,6,5,0,5
S01007116,Families with dependent children: Youngest aged 0 to 4,57,57,51,49,2,6,3,3,0,0,0
S01007116,Families with dependent children: Youngest aged 5 to 11,68,66,61,56,5,5,2,3,2,0,2
S01007116,Families with dependent children: Youngest aged 12 to 18,50,47,46,46,0,1,1,0,3,0,3
S01007117,All families in households,155,145,137,135,2,8,6,2,10,3,7
S01007117,Families with no dependent children,110,109,104,104,0,5,5,0,1,0,1
S01007117,Families with dependent children: Total,45,36,33,31,2,3,1,2,9,3,6
S01007117,Families with dependent children: Youngest aged 0 to 4,13,11,10,10,0,1,0,1,2,0,2
S01007117,Families with dependent children: Youngest aged 5 to 11,16,13,11,10,1,2,1,1,3,2,1
S01007117,Families with dependent children: Youngest aged 12 to 18,16,12,12,11,1,0,0,0,4,1,3
S01007118,All families in households,205,141,97,87,10,44,35,9,64,3,61
S01007118,Families with no dependent children,96,76,60,58,2,16,16,0,20,3,17
S01007118,Families with dependent children: Total,109,65,37,29,8,28,19,9,44,0,44
S01007118,Families with dependent children: Youngest aged 0 to 4,50,36,16,14,2,20,17,3,14,0,14
S01007118,Families with dependent children: Youngest aged 5 to 11,36,22,14,8,6,8,2,6,14,0,14
S01007118,Families with dependent children: Youngest aged 12 to 18,23,7,7,7,0,0,0,0,16,0,16
S01007119,All families in households,246,190,153,144,9,37,30,7,56,8,48
S01007119,Families with no dependent children,147,121,110,105,5,11,10,1,26,6,20
S01007119,Families with dependent children: Total,99,69,43,39,4,26,20,6,30,2,28
S01007119,Families with dependent children: Youngest aged 0 to 4,44,35,18,16,2,17,15,2,9,1,8
S01007119,Families with dependent children: Youngest aged 5 to 11,31,23,14,13,1,9,5,4,8,0,8
S01007119,Families with dependent children: Youngest aged 12 to 18,24,11,11,10,1,0,0,0,13,1,12
S01007120,All families in households,330,259,194,180,14,65,56,9,71,8,63
S01007120,Families with no dependent children,195,169,134,125,9,35,32,3,26,6,20
S01007120,Families with dependent children: Total,135,90,60,55,5,30,24,6,45,2,43
S01007120,Families with dependent children: Youngest aged 0 to 4,65,50,27,26,1,23,19,4,15,0,15
S01007120,Families with dependent children: Youngest aged 5 to 11,32,15,12,10,2,3,2,1,17,0,17
S01007120,Families with dependent children: Youngest aged 12 to 18,38,25,21,19,2,4,3,1,13,2,11
S01007121,All families in households,108,94,78,73,5,16,13,3,14,3,11
S01007121,Families with no dependent children,68,60,48,48,0,12,11,1,8,2,6
S01007121,Families with dependent children: Total,40,34,30,25,5,4,2,2,6,1,5
S01007121,Families with dependent children: Youngest aged 0 to 4,17,14,13,10,3,1,1,0,3,0,3
S01007121,Families with dependent children: Youngest aged 5 to 11,12,11,8,7,1,3,1,2,1,1,0
S01007121,Families with dependent children: Youngest aged 12 to 18,11,9,9,8,1,0,0,0,2,0,2
S01007122,All families in households,161,137,117,112,5,20,14,6,24,3,21
S01007122,Families with no dependent children,97,89,77,77,0,12,11,1,8,3,5
S01007122,Families with dependent children: Total,64,48,40,35,5,8,3,5,16,0,16
S01007122,Families with dependent children: Youngest aged 0 to 4,19,14,10,7,3,4,2,2,5,0,5
S01007122,Families with dependent children: Youngest aged 5 to 11,24,21,17,16,1,4,1,3,3,0,3
S01007122,Families with dependent children: Youngest aged 12 to 18,21,13,13,12,1,0,0,0,8,0,8
S01007123,All families in households,188,161,127,124,3,34,29,5,27,4,23
S01007123,Families with no dependent children,114,100,85,85,0,15,15,0,14,3,11
S01007123,Families with dependent children: Total,74,61,42,39,3,19,14,5,13,1,12
S01007123,Families with dependent children: Youngest aged 0 to 4,31,26,11,10,1,15,11,4,5,1,4
S01007123,Families with dependent children: Youngest aged 5 to 11,25,21,19,17,2,2,1,1,4,0,4
S01007123,Families with dependent children: Youngest aged 12 to 18,18,14,12,12,0,2,2,0,4,0,4
S01007124,All families in households,286,242,191,188,3,51,42,9,44,7,37
S01007124,Families with no dependent children,170,150,126,125,1,24,21,3,20,6,14
S01007124,Families with dependent children: Total,116,92,65,63,2,27,21,6,24,1,23
S01007124,Families with dependent children: Youngest aged 0 to 4,43,35,21,20,1,14,11,3,8,0,8
S01007124,Families with dependent children: Youngest aged 5 to 11,44,39,30,29,1,9,7,2,5,0,5
S01007124,Families with dependent children: Youngest aged 12 to 18,29,18,14,14,0,4,3,1,11,1,10
S01007125,All families in households,242,193,160,148,12,33,23,10,49,5,44
S01007125,Families with no dependent children,121,108,96,94,2,12,10,2,13,3,10
S01007125,Families with dependent children: Total,121,85,64,54,10,21,13,8,36,2,34
S01007125,Families with dependent children: Youngest aged 0 to 4,53,35,21,19,2,14,11,3,18,0,18
S01007125,Families with dependent children: Youngest aged 5 to 11,34,27,23,16,7,4,1,3,7,1,6
S01007125,Families with dependent children: Youngest aged 12 to 18,34,23,20,19,1,3,1,2,11,1,10
S01007126,All families in households,247,177,131,116,15,46,39,7,70,10,60
S01007126,Families with no dependent children,111,81,64,64,0,17,16,1,30,6,24
S01007126,Families with dependent children: Total,136,96,67,52,15,29,23,6,40,4,36
S01007126,Families with dependent children: Youngest aged 0 to 4,75,57,34,31,3,23,19,4,18,2,16
S01007126,Families with dependent children: Youngest aged 5 to 11,32,22,18,11,7,4,3,1,10,2,8
S01007126,Families with dependent children: Youngest aged 12 to 18,29,17,15,10,5,2,1,1,12,0,12
S01007127,All families in households,256,203,130,120,10,73,63,10,53,6,47
S01007127,Families with no dependent children,136,119,81,78,3,38,38,0,17,3,14
S01007127,Families with dependent children: Total,120,84,49,42,7,35,25,10,36,3,33
S01007127,Families with dependent children: Youngest aged 0 to 4,50,43,18,17,1,25,20,5,7,0,7
S01007127,Families with dependent children: Youngest aged 5 to 11,41,26,21,16,5,5,3,2,15,1,14
S01007127,Families with dependent children: Youngest aged 12 to 18,29,15,10,9,1,5,2,3,14,2,12
S01007128,All families in households,236,192,152,141,11,40,34,6,44,5,39
S01007128,Families with no dependent children,139,127,105,103,2,22,21,1,12,4,8
S01007128,Families with dependent children: Total,97,65,47,38,9,18,13,5,32,1,31
S01007128,Families with dependent children: Youngest aged 0 to 4,49,37,21,19,2,16,12,4,12,0,12
S01007128,Families with dependent children: Youngest aged 5 to 11,25,14,13,7,6,1,0,1,11,0,11
S01007128,Families with dependent children: Youngest aged 12 to 18,23,14,13,12,1,1,1,0,9,1,8
S01007129,All families in households,306,282,241,236,5,41,34,7,24,5,19
S01007129,Families with no dependent children,172,168,140,138,2,28,26,2,4,0,4
S01007129,Families with dependent children: Total,134,114,101,98,3,13,8,5,20,5,15
S01007129,Families with dependent children: Youngest aged 0 to 4,39,37,34,34,0,3,2,1,2,0,2
S01007129,Families with dependent children: Youngest aged 5 to 11,59,52,43,42,1,9,6,3,7,0,7
S01007129,Families with dependent children: Youngest aged 12 to 18,36,25,24,22,2,1,0,1,11,5,6
S01007130,All families in households,187,166,141,134,7,25,24,1,21,4,17
S01007130,Families with no dependent children,125,115,99,97,2,16,15,1,10,3,7
S01007130,Families with dependent children: Total,62,51,42,37,5,9,9,0,11,1,10
S01007130,Families with dependent children: Youngest aged 0 to 4,27,20,15,15,0,5,5,0,7,0,7
S01007130,Families with dependent children: Youngest aged 5 to 11,15,14,12,12,0,2,2,0,1,0,1
S01007130,Families with dependent children: Youngest aged 12 to 18,20,17,15,10,5,2,2,0,3,1,2
S01007131,All families in households,244,222,197,191,6,25,21,4,22,2,20
S01007131,Families with no dependent children,159,154,134,133,1,20,17,3,5,1,4
S01007131,Families with dependent children: Total,85,68,63,58,5,5,4,1,17,1,16
S01007131,Families with dependent children: Youngest aged 0 to 4,23,19,17,16,1,2,2,0,4,0,4
S01007131,Families with dependent children: Youngest aged 5 to 11,27,22,20,18,2,2,2,0,5,1,4
S01007131,Families with dependent children: Youngest aged 12 to 18,35,27,26,24,2,1,0,1,8,0,8
S01007132,All families in households,227,206,185,181,4,21,20,1,21,4,17
S01007132,Families with no dependent children,146,140,125,124,1,15,14,1,6,0,6
S01007132,Families with dependent children: Total,81,66,60,57,3,6,6,0,15,4,11
S01007132,Families with dependent children: Youngest aged 0 to 4,15,12,7,6,1,5,5,0,3,0,3
S01007132,Families with dependent children: Youngest aged 5 to 11,32,27,26,25,1,1,1,0,5,2,3
S01007132,Families with dependent children: Youngest aged 12 to 18,34,27,27,26,1,0,0,0,7,2,5
S01007133,All families in households,206,192,167,163,4,25,19,6,14,3,11
S01007133,Families with no dependent children,122,118,107,105,2,11,11,0,4,1,3
S01007133,Families with dependent children: Total,84,74,60,58,2,14,8,6,10,2,8
S01007133,Families with dependent children: Youngest aged 0 to 4,21,19,13,12,1,6,4,2,2,1,1
S01007133,Families with dependent children: Youngest aged 5 to 11,34,28,23,23,0,5,2,3,6,0,6
S01007133,Families with dependent children: Youngest aged 12 to 18,29,27,24,23,1,3,2,1,2,1,1
S01007134,All families in households,233,209,172,166,6,37,29,8,24,7,17
S01007134,Families with no dependent children,147,135,115,113,2,20,19,1,12,5,7
S01007134,Families with dependent children: Total,86,74,57,53,4,17,10,7,12,2,10
S01007134,Families with dependent children: Youngest aged 0 to 4,30,29,22,21,1,7,4,3,1,0,1
S01007134,Families with dependent children: Youngest aged 5 to 11,23,17,13,13,0,4,3,1,6,2,4
S01007134,Families with dependent children: Youngest aged 12 to 18,33,28,22,19,3,6,3,3,5,0,5
S01007135,All families in households,168,154,127,123,4,27,23,4,14,3,11
S01007135,Families with no dependent children,97,94,80,79,1,14,13,1,3,0,3
S01007135,Families with dependent children: Total,71,60,47,44,3,13,10,3,11,3,8
S01007135,Families with dependent children: Youngest aged 0 to 4,21,19,15,15,0,4,4,0,2,0,2
S01007135,Families with dependent children: Youngest aged 5 to 11,26,23,16,14,2,7,5,2,3,2,1
S01007135,Families with dependent children: Youngest aged 12 to 18,24,18,16,15,1,2,1,1,6,1,5
S01007136,All families in households,169,156,146,141,5,10,8,2,13,0,13
S01007136,Families with no dependent children,93,90,84,82,2,6,6,0,3,0,3
S01007136,Families with dependent children: Total,76,66,62,59,3,4,2,2,10,0,10
S01007136,Families with dependent children: Youngest aged 0 to 4,24,20,19,18,1,1,1,0,4,0,4
S01007136,Families with dependent children: Youngest aged 5 to 11,31,26,25,23,2,1,0,1,5,0,5
S01007136,Families with dependent children: Youngest aged 12 to 18,21,20,18,18,0,2,1,1,1,0,1
S01007137,All families in households,223,208,182,169,13,26,17,9,15,3,12
S01007137,Families with no dependent children,83,81,69,64,5,12,8,4,2,1,1
S01007137,Families with dependent children: Total,140,127,113,105,8,14,9,5,13,2,11
S01007137,Families with dependent children: Youngest aged 0 to 4,59,58,51,48,3,7,5,2,1,0,1
S01007137,Families with dependent children: Youngest aged 5 to 11,49,44,39,37,2,5,3,2,5,0,5
S01007137,Families with dependent children: Youngest aged 12 to 18,32,25,23,20,3,2,1,1,7,2,5
S01007138,All families in households,188,174,151,147,4,23,20,3,14,2,12
S01007138,Families with no dependent children,110,107,93,91,2,14,14,0,3,1,2
S01007138,Families with dependent children: Total,78,67,58,56,2,9,6,3,11,1,10
S01007138,Families with dependent children: Youngest aged 0 to 4,31,28,22,22,0,6,5,1,3,1,2
S01007138,Families with dependent children: Youngest aged 5 to 11,18,14,13,12,1,1,1,0,4,0,4
S01007138,Families with dependent children: Youngest aged 12 to 18,29,25,23,22,1,2,0,2,4,0,4
S01007139,All families in households,255,231,200,195,5,31,26,5,24,0,24
S01007139,Families with no dependent children,154,148,128,128,0,20,18,2,6,0,6
S01007139,Families with dependent children: Total,101,83,72,67,5,11,8,3,18,0,18
S01007139,Families with dependent children: Youngest aged 0 to 4,22,19,16,15,1,3,3,0,3,0,3
S01007139,Families with dependent children: Youngest aged 5 to 11,47,40,35,33,2,5,4,1,7,0,7
S01007139,Families with dependent children: Youngest aged 12 to 18,32,24,21,19,2,3,1,2,8,0,8
S01007140,All families in households,320,287,252,239,13,35,27,8,33,5,28
S01007140,Families with no dependent children,197,187,167,163,4,20,19,1,10,3,7
S01007140,Families with dependent children: Total,123,100,85,76,9,15,8,7,23,2,21
S01007140,Families with dependent children: Youngest aged 0 to 4,39,34,24,21,3,10,6,4,5,1,4
S01007140,Families with dependent children: Youngest aged 5 to 11,46,37,34,30,4,3,2,1,9,1,8
S01007140,Families with dependent children: Youngest aged 12 to 18,38,29,27,25,2,2,0,2,9,0,9
S01007141,All families in households,214,194,173,168,5,21,17,4,20,4,16
S01007141,Families with no dependent children,125,114,101,100,1,13,12,1,11,1,10
S01007141,Families with dependent children: Total,89,80,72,68,4,8,5,3,9,3,6
S01007141,Families with dependent children: Youngest aged 0 to 4,32,31,28,26,2,3,3,0,1,0,1
S01007141,Families with dependent children: Youngest aged 5 to 11,27,22,21,20,1,1,0,1,5,2,3
S01007141,Families with dependent children: Youngest aged 12 to 18,30,27,23,22,1,4,2,2,3,1,2
S01007142,All families in households,149,141,130,121,9,11,3,8,8,1,7
S01007142,Families with no dependent children,28,28,27,25,2,1,1,0,0,0,0
S01007142,Families with dependent children: Total,121,113,103,96,7,10,2,8,8,1,7
S01007142,Families with dependent children: Youngest aged 0 to 4,42,39,34,34,0,5,0,5,3,1,2
S01007142,Families with dependent children: Youngest aged 5 to 11,47,45,41,38,3,4,2,2,2,0,2
S01007142,Families with dependent children: Youngest aged 12 to 18,32,29,28,24,4,1,0,1,3,0,3
S01007143,All families in households,197,182,160,142,18,22,19,3,15,2,13
S01007143,Families with no dependent children,54,49,40,36,4,9,9,0,5,2,3
S01007143,Families with dependent children: Total,143,133,120,106,14,13,10,3,10,0,10
S01007143,Families with dependent children: Youngest aged 0 to 4,70,68,59,53,6,9,8,1,2,0,2
S01007143,Families with dependent children: Youngest aged 5 to 11,52,46,42,37,5,4,2,2,6,0,6
S01007143,Families with dependent children: Youngest aged 12 to 18,21,19,19,16,3,0,0,0,2,0,2
S01007144,All families in households,179,164,132,128,4,32,29,3,15,0,15
S01007144,Families with no dependent children,124,118,93,92,1,25,23,2,6,0,6
S01007144,Families with dependent children: Total,55,46,39,36,3,7,6,1,9,0,9
S01007144,Families with dependent children: Youngest aged 0 to 4,13,13,10,10,0,3,3,0,0,0,0
S01007144,Families with dependent children: Youngest aged 5 to 11,23,19,16,14,2,3,2,1,4,0,4
S01007144,Families with dependent children: Youngest aged 12 to 18,19,14,13,12,1,1,1,0,5,0,5
S01007145,All families in households,286,257,230,220,10,27,20,7,29,1,28
S01007145,Families with no dependent children,207,196,176,172,4,20,16,4,11,1,10
S01007145,Families with dependent children: Total,79,61,54,48,6,7,4,3,18,0,18
S01007145,Families with dependent children: Youngest aged 0 to 4,31,27,21,18,3,6,4,2,4,0,4
S01007145,Families with dependent children: Youngest aged 5 to 11,28,21,20,18,2,1,0,1,7,0,7
S01007145,Families with dependent children: Youngest aged 12 to 18,20,13,13,12,1,0,0,0,7,0,7
S01007146,All families in households,231,192,170,166,4,22,15,7,39,5,34
S01007146,Families with no dependent children,137,124,114,112,2,10,8,2,13,3,10
S01007146,Families with dependent children: Total,94,68,56,54,2,12,7,5,26,2,24
S01007146,Families with dependent children: Youngest aged 0 to 4,38,30,23,21,2,7,5,2,8,0,8
S01007146,Families with dependent children: Youngest aged 5 to 11,32,23,19,19,0,4,2,2,9,1,8
S01007146,Families with dependent children: Youngest aged 12 to 18,24,15,14,14,0,1,0,1,9,1,8
S01007147,All families in households,237,208,190,188,2,18,13,5,29,6,23
S01007147,Families with no dependent children,168,153,140,140,0,13,11,2,15,4,11
S01007147,Families with dependent children: Total,69,55,50,48,2,5,2,3,14,2,12
S01007147,Families with dependent children: Youngest aged 0 to 4,22,21,20,19,1,1,1,0,1,0,1
S01007147,Families with dependent children: Youngest aged 5 to 11,24,17,15,14,1,2,1,1,7,1,6
S01007147,Families with dependent children: Youngest aged 12 to 18,23,17,15,15,0,2,0,2,6,1,5
S01007148,All families in households,175,157,145,140,5,12,6,6,18,5,13
S01007148,Families with no dependent children,108,102,99,97,2,3,2,1,6,2,4
S01007148,Families with dependent children: Total,67,55,46,43,3,9,4,5,12,3,9
S01007148,Families with dependent children: Youngest aged 0 to 4,14,12,8,7,1,4,3,1,2,0,2
S01007148,Families with dependent children: Youngest aged 5 to 11,26,23,19,19,0,4,1,3,3,0,3
S01007148,Families with dependent children: Youngest aged 12 to 18,27,20,19,17,2,1,0,1,7,3,4
S01007149,All families in households,183,171,162,153,9,9,8,1,12,0,12
S01007149,Families with no dependent children,137,133,125,122,3,8,7,1,4,0,4
S01007149,Families with dependent children: Total,46,38,37,31,6,1,1,0,8,0,8
S01007149,Families with dependent children: Youngest aged 0 to 4,14,11,11,10,1,0,0,0,3,0,3
S01007149,Families with dependent children: Youngest aged 5 to 11,17,17,16,15,1,1,1,0,0,0,0
S01007149,Families with dependent children: Youngest aged 12 to 18,15,10,10,6,4,0,0,0,5,0,5
S01007150,All families in households,229,214,198,197,1,16,16,0,15,7,8
S01007150,Families with no dependent children,186,177,166,165,1,11,11,0,9,6,3
S01007150,Families with dependent children: Total,43,37,32,32,0,5,5,0,6,1,5
S01007150,Families with dependent children: Youngest aged 0 to 4,11,9,7,7,0,2,2,0,2,0,2
S01007150,Families with dependent children: Youngest aged 5 to 11,11,9,8,8,0,1,1,0,2,0,2
S01007150,Families with dependent children: Youngest aged 12 to 18,21,19,17,17,0,2,2,0,2,1,1
S01007151,All families in households,261,240,215,206,9,25,22,3,21,2,19
S01007151,Families with no dependent children,144,141,128,126,2,13,12,1,3,1,2
S01007151,Families with dependent children: Total,117,99,87,80,7,12,10,2,18,1,17
S01007151,Families with dependent children: Youngest aged 0 to 4,26,21,13,13,0,8,8,0,5,1,4
S01007151,Families with dependent children: Youngest aged 5 to 11,45,40,38,34,4,2,1,1,5,0,5
S01007151,Families with dependent children: Youngest aged 12 to 18,46,38,36,33,3,2,1,1,8,0,8
S01007152,All families in households,167,151,132,126,6,19,12,7,16,1,15
S01007152,Families with no dependent children,104,95,86,85,1,9,7,2,9,1,8
S01007152,Families with dependent children: Total,63,56,46,41,5,10,5,5,7,0,7
S01007152,Families with dependent children: Youngest aged 0 to 4,16,14,9,9,0,5,2,3,2,0,2
S01007152,Families with dependent children: Youngest aged 5 to 11,25,22,17,14,3,5,3,2,3,0,3
S01007152,Families with dependent children: Youngest aged 12 to 18,22,20,20,18,2,0,0,0,2,0,2
S01007153,All families in households,202,182,161,159,2,21,15,6,20,5,15
S01007153,Families with no dependent children,128,120,111,111,0,9,9,0,8,4,4
S01007153,Families with dependent children: Total,74,62,50,48,2,12,6,6,12,1,11
S01007153,Families with dependent children: Youngest aged 0 to 4,24,21,16,16,0,5,4,1,3,0,3
S01007153,Families with dependent children: Youngest aged 5 to 11,27,21,18,18,0,3,1,2,6,0,6
S01007153,Families with dependent children: Youngest aged 12 to 18,23,20,16,14,2,4,1,3,3,1,2
S01007154,All families in households,201,172,136,133,3,36,32,4,29,3,26
S01007154,Families with no dependent children,145,133,108,108,0,25,25,0,12,2,10
S01007154,Families with dependent children: Total,56,39,28,25,3,11,7,4,17,1,16
S01007154,Families with dependent children: Youngest aged 0 to 4,17,14,9,8,1,5,4,1,3,0,3
S01007154,Families with dependent children: Youngest aged 5 to 11,21,13,11,10,1,2,1,1,8,1,7
S01007154,Families with dependent children: Youngest aged 12 to 18,18,12,8,7,1,4,2,2,6,0,6
S01007155,All families in households,194,173,148,139,9,25,20,5,21,4,17
S01007155,Families with no dependent children,128,119,103,101,2,16,15,1,9,4,5
S01007155,Families with dependent children: Total,66,54,45,38,7,9,5,4,12,0,12
S01007155,Families with dependent children: Youngest aged 0 to 4,22,20,16,12,4,4,3,1,2,0,2
S01007155,Families with dependent children: Youngest aged 5 to 11,23,19,17,16,1,2,1,1,4,0,4
S01007155,Families with dependent children: Youngest aged 12 to 18,21,15,12,10,2,3,1,2,6,0,6
S01007156,All families in households,237,203,172,156,16,31,27,4,34,1,33
S01007156,Families with no dependent children,160,152,137,129,8,15,13,2,8,1,7
S01007156,Families with dependent children: Total,77,51,35,27,8,16,14,2,26,0,26
S01007156,Families with dependent children: Youngest aged 0 to 4,23,16,9,8,1,7,6,1,7,0,7
S01007156,Families with dependent children: Youngest aged 5 to 11,32,17,13,9,4,4,3,1,15,0,15
S01007156,Families with dependent children: Youngest aged 12 to 18,22,18,13,10,3,5,5,0,4,0,4
S01007157,All families in households,196,146,125,120,5,21,16,5,50,4,46
S01007157,Families with no dependent children,101,88,75,74,1,13,13,0,13,4,9
S01007157,Families with dependent children: Total,95,58,50,46,4,8,3,5,37,0,37
S01007157,Families with dependent children: Youngest aged 0 to 4,32,23,20,20,0,3,3,0,9,0,9
S01007157,Families with dependent children: Youngest aged 5 to 11,38,20,19,16,3,1,0,1,18,0,18
S01007157,Families with dependent children: Youngest aged 12 to 18,25,15,11,10,1,4,0,4,10,0,10
S01007158,All families in households,288,257,214,204,10,43,35,8,31,4,27
S01007158,Families with no dependent children,161,151,125,118,7,26,24,2,10,2,8
S01007158,Families with dependent children: Total,127,106,89,86,3,17,11,6,21,2,19
S01007158,Families with dependent children: Youngest aged 0 to 4,62,57,45,43,2,12,9,3,5,0,5
S01007158,Families with dependent children: Youngest aged 5 to 11,35,28,24,24,0,4,1,3,7,0,7
S01007158,Families with dependent children: Youngest aged 12 to 18,30,21,20,19,1,1,1,0,9,2,7
S01007159,All families in households,262,185,132,120,12,53,42,11,77,16,61
S01007159,Families with no dependent children,147,127,91,90,1,36,33,3,20,7,13
S01007159,Families with dependent children: Total,115,58,41,30,11,17,9,8,57,9,48
S01007159,Families with dependent children: Youngest aged 0 to 4,34,23,16,13,3,7,4,3,11,1,10
S01007159,Families with dependent children: Youngest aged 5 to 11,51,19,12,7,5,7,4,3,32,5,27
S01007159,Families with dependent children: Youngest aged 12 to 18,30,16,13,10,3,3,1,2,14,3,11
S01007160,All families in households,258,190,142,130,12,48,41,7,68,4,64
S01007160,Families with no dependent children,151,134,106,102,4,28,25,3,17,3,14
S01007160,Families with dependent children: Total,107,56,36,28,8,20,16,4,51,1,50
S01007160,Families with dependent children: Youngest aged 0 to 4,37,28,14,10,4,14,12,2,9,0,9
S01007160,Families with dependent children: Youngest aged 5 to 11,33,14,10,7,3,4,3,1,19,0,19
S01007160,Families with dependent children: Youngest aged 12 to 18,37,14,12,11,1,2,1,1,23,1,22
S01007161,All families in households,215,171,140,132,8,31,20,11,44,6,38
S01007161,Families with no dependent children,132,121,105,99,6,16,13,3,11,3,8
S01007161,Families with dependent children: Total,83,50,35,33,2,15,7,8,33,3,30
S01007161,Families with dependent children: Youngest aged 0 to 4,31,21,12,11,1,9,4,5,10,0,10
S01007161,Families with dependent children: Youngest aged 5 to 11,30,16,11,10,1,5,2,3,14,2,12
S01007161,Families with dependent children: Youngest aged 12 to 18,22,13,12,12,0,1,1,0,9,1,8
S01007162,All families in households,148,111,71,65,6,40,31,9,37,5,32
S01007162,Families with no dependent children,79,74,52,49,3,22,20,2,5,3,2
S01007162,Families with dependent children: Total,69,37,19,16,3,18,11,7,32,2,30
S01007162,Families with dependent children: Youngest aged 0 to 4,34,21,9,7,2,12,9,3,13,0,13
S01007162,Families with dependent children: Youngest aged 5 to 11,22,13,8,7,1,5,2,3,9,1,8
S01007162,Families with dependent children: Youngest aged 12 to 18,13,3,2,2,0,1,0,1,10,1,9
S01007163,All families in households,283,238,203,199,4,35,28,7,45,3,42
S01007163,Families with no dependent children,200,181,160,159,1,21,20,1,19,2,17
S01007163,Families with dependent children: Total,83,57,43,40,3,14,8,6,26,1,25
S01007163,Families with dependent children: Youngest aged 0 to 4,30,18,14,13,1,4,4,0,12,1,11
S01007163,Families with dependent children: Youngest aged 5 to 11,38,28,21,19,2,7,4,3,10,0,10
S01007163,Families with dependent children: Youngest aged 12 to 18,15,11,8,8,0,3,0,3,4,0,4
S01007164,All families in households,181,154,134,129,5,20,19,1,27,7,20
S01007164,Families with no dependent children,125,111,98,96,2,13,12,1,14,6,8
S01007164,Families with dependent children: Total,56,43,36,33,3,7,7,0,13,1,12
S01007164,Families with dependent children: Youngest aged 0 to 4,21,16,10,10,0,6,6,0,5,0,5
S01007164,Families with dependent children: Youngest aged 5 to 11,18,13,12,11,1,1,1,0,5,1,4
S01007164,Families with dependent children: Youngest aged 12 to 18,17,14,14,12,2,0,0,0,3,0,3
S01007165,All families in households,247,228,196,192,4,32,24,8,19,3,16
S01007165,Families with no dependent children,155,151,132,130,2,19,16,3,4,2,2
S01007165,Families with dependent children: Total,92,77,64,62,2,13,8,5,15,1,14
S01007165,Families with dependent children: Youngest aged 0 to 4,22,19,13,13,0,6,6,0,3,0,3
S01007165,Families with dependent children: Youngest aged 5 to 11,36,27,26,25,1,1,0,1,9,1,8
S01007165,Families with dependent children: Youngest aged 12 to 18,34,31,25,24,1,6,2,4,3,0,3
S01007166,All families in households,203,176,157,154,3,19,12,7,27,6,21
S01007166,Families with no dependent children,119,112,105,104,1,7,7,0,7,2,5
S01007166,Families with dependent children: Total,84,64,52,50,2,12,5,7,20,4,16
S01007166,Families with dependent children: Youngest aged 0 to 4,30,24,18,17,1,6,4,2,6,0,6
S01007166,Families with dependent children: Youngest aged 5 to 11,30,21,16,15,1,5,1,4,9,3,6
S01007166,Families with dependent children: Youngest aged 12 to 18,24,19,18,18,0,1,0,1,5,1,4
S01007167,All families in households,264,239,220,215,5,19,13,6,25,5,20
S01007167,Families with no dependent children,186,177,168,166,2,9,8,1,9,2,7
S01007167,Families with dependent children: Total,78,62,52,49,3,10,5,5,16,3,13
S01007167,Families with dependent children: Youngest aged 0 to 4,18,17,13,12,1,4,3,1,1,0,1
S01007167,Families with dependent children: Youngest aged 5 to 11,31,20,17,17,0,3,1,2,11,3,8
S01007167,Families with dependent children: Youngest aged 12 to 18,29,25,22,20,2,3,1,2,4,0,4
S01007168,All families in households,315,286,272,261,11,14,7,7,29,3,26
S01007168,Families with no dependent children,222,209,205,201,4,4,3,1,13,3,10
S01007168,Families with dependent children: Total,93,77,67,60,7,10,4,6,16,0,16
S01007168,Families with dependent children: Youngest aged 0 to 4,27,24,21,19,2,3,2,1,3,0,3
S01007168,Families with dependent children: Youngest aged 5 to 11,27,22,20,18,2,2,0,2,5,0,5
S01007168,Families with dependent children: Youngest aged 12 to 18,39,31,26,23,3,5,2,3,8,0,8
S01007169,All families in households,224,196,176,168,8,20,14,6,28,4,24
S01007169,Families with no dependent children,138,127,116,115,1,11,9,2,11,3,8
S01007169,Families with dependent children: Total,86,69,60,53,7,9,5,4,17,1,16
S01007169,Families with dependent children: Youngest aged 0 to 4,27,21,16,16,0,5,3,2,6,0,6
S01007169,Families with dependent children: Youngest aged 5 to 11,28,22,20,15,5,2,1,1,6,0,6
S01007169,Families with dependent children: Youngest aged 12 to 18,31,26,24,22,2,2,1,1,5,1,4
S01007170,All families in households,204,188,162,155,7,26,21,5,16,5,11
S01007170,Families with no dependent children,137,133,119,116,3,14,13,1,4,2,2
S01007170,Families with dependent children: Total,67,55,43,39,4,12,8,4,12,3,9
S01007170,Families with dependent children: Youngest aged 0 to 4,25,23,16,15,1,7,6,1,2,1,1
S01007170,Families with dependent children: Youngest aged 5 to 11,22,17,13,11,2,4,1,3,5,0,5
S01007170,Families with dependent children: Youngest aged 12 to 18,20,15,14,13,1,1,1,0,5,2,3
S01007171,All families in households,250,226,178,173,5,48,40,8,24,4,20
S01007171,Families with no dependent children,178,166,131,127,4,35,33,2,12,3,9
S01007171,Families with dependent children: Total,72,60,47,46,1,13,7,6,12,1,11
S01007171,Families with dependent children: Youngest aged 0 to 4,24,20,14,14,0,6,5,1,4,0,4
S01007171,Families with dependent children: Youngest aged 5 to 11,25,21,17,17,0,4,2,2,4,1,3
S01007171,Families with dependent children: Youngest aged 12 to 18,23,19,16,15,1,3,0,3,4,0,4
S01007172,All families in households,269,251,217,215,2,34,28,6,18,1,17
S01007172,Families with no dependent children,194,190,168,166,2,22,20,2,4,1,3
S01007172,Families with dependent children: Total,75,61,49,49,0,12,8,4,14,0,14
S01007172,Families with dependent children: Youngest aged 0 to 4,22,20,14,14,0,6,5,1,2,0,2
S01007172,Families with dependent children: Youngest aged 5 to 11,28,20,18,18,0,2,1,1,8,0,8
S01007172,Families with dependent children: Youngest aged 12 to 18,25,21,17,17,0,4,2,2,4,0,4
S01007173,All families in households,276,241,206,193,13,35,27,8,35,3,32
S01007173,Families with no dependent children,139,129,113,107,6,16,15,1,10,2,8
S01007173,Families with dependent children: Total,137,112,93,86,7,19,12,7,25,1,24
S01007173,Families with dependent children: Youngest aged 0 to 4,46,37,30,29,1,7,5,2,9,0,9
S01007173,Families with dependent children: Youngest aged 5 to 11,47,39,31,29,2,8,4,4,8,1,7
S01007173,Families with dependent children: Youngest aged 12 to 18,44,36,32,28,4,4,3,1,8,0,8
S01007174,All families in households,244,206,166,154,12,40,33,7,38,3,35
S01007174,Families with no dependent children,102,97,79,76,3,18,18,0,5,2,3
S01007174,Families with dependent children: Total,142,109,87,78,9,22,15,7,33,1,32
S01007174,Families with dependent children: Youngest aged 0 to 4,36,22,13,11,2,9,6,3,14,0,14
S01007174,Families with dependent children: Youngest aged 5 to 11,60,46,37,33,4,9,6,3,14,1,13
S01007174,Families with dependent children: Youngest aged 12 to 18,46,41,37,34,3,4,3,1,5,0,5
S01007175,All families in households,216,195,164,152,12,31,24,7,21,5,16
S01007175,Families with no dependent children,142,135,119,114,5,16,15,1,7,2,5
S01007175,Families with dependent children: Total,74,60,45,38,7,15,9,6,14,3,11
S01007175,Families with dependent children: Youngest aged 0 to 4,23,19,13,12,1,6,5,1,4,0,4
S01007175,Families with dependent children: Youngest aged 5 to 11,33,24,19,15,4,5,3,2,9,2,7
S01007175,Families with dependent children: Youngest aged 12 to 18,18,17,13,11,2,4,1,3,1,1,0
S01007176,All families in households,223,190,158,147,11,32,23,9,33,7,26
S01007176,Families with no dependent children,123,112,101,98,3,11,9,2,11,5,6
S01007176,Families with dependent children: Total,100,78,57,49,8,21,14,7,22,2,20
S01007176,Families with dependent children: Youngest aged 0 to 4,51,42,27,24,3,15,11,4,9,0,9
S01007176,Families with dependent children: Youngest aged 5 to 11,24,17,13,11,2,4,2,2,7,1,6
S01007176,Families with dependent children: Youngest aged 12 to 18,25,19,17,14,3,2,1,1,6,1,5
S01007177,All families in households,192,141,104,100,4,37,27,10,51,9,42
S01007177,Families with no dependent children,103,89,70,70,0,19,17,2,14,4,10
S01007177,Families with dependent children: Total,89,52,34,30,4,18,10,8,37,5,32
S01007177,Families with dependent children: Youngest aged 0 to 4,36,24,16,15,1,8,5,3,12,0,12
S01007177,Families with dependent children: Youngest aged 5 to 11,31,17,8,7,1,9,5,4,14,4,10
S01007177,Families with dependent children: Youngest aged 12 to 18,22,11,10,8,2,1,0,1,11,1,10
S01007178,All families in households,303,208,152,142,10,56,42,14,95,12,83
S01007178,Families with no dependent children,161,138,107,104,3,31,28,3,23,4,19
S01007178,Families with dependent children: Total,142,70,45,38,7,25,14,11,72,8,64
S01007178,Families with dependent children: Youngest aged 0 to 4,52,31,19,15,4,12,6,6,21,0,21
S01007178,Families with dependent children: Youngest aged 5 to 11,50,19,10,7,3,9,6,3,31,2,29
S01007178,Families with dependent children: Youngest aged 12 to 18,40,20,16,16,0,4,2,2,20,6,14
S01007179,All families in households,307,285,259,250,9,26,21,5,22,3,19
S01007179,Families with no dependent children,222,214,200,196,4,14,14,0,8,0,8
S01007179,Families with dependent children: Total,85,71,59,54,5,12,7,5,14,3,11
S01007179,Families with dependent children: Youngest aged 0 to 4,24,21,16,15,1,5,4,1,3,0,3
S01007179,Families with dependent children: Youngest aged 5 to 11,24,22,17,16,1,5,3,2,2,0,2
S01007179,Families with dependent children: Youngest aged 12 to 18,37,28,26,23,3,2,0,2,9,3,6
S01007180,All families in households,240,219,197,188,9,22,18,4,21,1,20
S01007180,Families with no dependent children,166,157,142,139,3,15,14,1,9,0,9
S01007180,Families with dependent children: Total,74,62,55,49,6,7,4,3,12,1,11
S01007180,Families with dependent children: Youngest aged 0 to 4,20,16,12,9,3,4,3,1,4,0,4
S01007180,Families with dependent children: Youngest aged 5 to 11,32,27,25,25,0,2,1,1,5,0,5
S01007180,Families with dependent children: Youngest aged 12 to 18,22,19,18,15,3,1,0,1,3,1,2
S01007181,All families in households,234,211,185,179,6,26,23,3,23,2,21
S01007181,Families with no dependent children,153,148,130,128,2,18,17,1,5,0,5
S01007181,Families with dependent children: Total,81,63,55,51,4,8,6,2,18,2,16
S01007181,Families with dependent children: Youngest aged 0 to 4,18,15,13,13,0,2,2,0,3,0,3
S01007181,Families with dependent children: Youngest aged 5 to 11,30,25,21,18,3,4,3,1,5,0,5
S01007181,Families with dependent children: Youngest aged 12 to 18,33,23,21,20,1,2,1,1,10,2,8
S01007182,All families in households,296,247,196,192,4,51,38,13,49,5,44
S01007182,Families with no dependent children,189,171,139,137,2,32,26,6,18,5,13
S01007182,Families with dependent children: Total,107,76,57,55,2,19,12,7,31,0,31
S01007182,Families with dependent children: Youngest aged 0 to 4,38,29,17,17,0,12,9,3,9,0,9
S01007182,Families with dependent children: Youngest aged 5 to 11,34,20,16,15,1,4,3,1,14,0,14
S01007182,Families with dependent children: Youngest aged 12 to 18,35,27,24,23,1,3,0,3,8,0,8
S01007183,All families in households,316,272,198,188,10,74,60,14,44,8,36
S01007183,Families with no dependent children,211,193,148,146,2,45,42,3,18,4,14
S01007183,Families with dependent children: Total,105,79,50,42,8,29,18,11,26,4,22
S01007183,Families with dependent children: Youngest aged 0 to 4,41,30,17,17,0,13,11,2,11,0,11
S01007183,Families with dependent children: Youngest aged 5 to 11,32,25,13,12,1,12,7,5,7,2,5
S01007183,Families with dependent children: Youngest aged 12 to 18,32,24,20,13,7,4,0,4,8,2,6
S01007184,All families in households,267,211,129,120,9,82,68,14,56,5,51
S01007184,Families with no dependent children,172,151,93,89,4,58,56,2,21,1,20
S01007184,Families with dependent children: Total,95,60,36,31,5,24,12,12,35,4,31
S01007184,Families with dependent children: Youngest aged 0 to 4,32,23,10,7,3,13,8,5,9,0,9
S01007184,Families with dependent children: Youngest aged 5 to 11,29,12,4,3,1,8,3,5,17,3,14
S01007184,Families with dependent children: Youngest aged 12 to 18,34,25,22,21,1,3,1,2,9,1,8
S01007185,All families in households,225,147,98,86,12,49,40,9,78,6,72
S01007185,Families with no dependent children,108,90,66,62,4,24,24,0,18,4,14
S01007185,Families with dependent children: Total,117,57,32,24,8,25,16,9,60,2,58
S01007185,Families with dependent children: Youngest aged 0 to 4,56,29,11,9,2,18,12,6,27,1,26
S01007185,Families with dependent children: Youngest aged 5 to 11,32,15,11,7,4,4,3,1,17,0,17
S01007185,Families with dependent children: Youngest aged 12 to 18,29,13,10,8,2,3,1,2,16,1,15
S01007186,All families in households,150,107,54,51,3,53,45,8,43,3,40
S01007186,Families with no dependent children,77,62,36,36,0,26,25,1,15,2,13
S01007186,Families with dependent children: Total,73,45,18,15,3,27,20,7,28,1,27
S01007186,Families with dependent children: Youngest aged 0 to 4,31,22,2,2,0,20,15,5,9,0,9
S01007186,Families with dependent children: Youngest aged 5 to 11,19,9,5,4,1,4,2,2,10,1,9
S01007186,Families with dependent children: Youngest aged 12 to 18,23,14,11,9,2,3,3,0,9,0,9
S01007187,All families in households,186,144,102,94,8,42,38,4,42,4,38
S01007187,Families with no dependent children,116,104,75,69,6,29,27,2,12,3,9
S01007187,Families with dependent children: Total,70,40,27,25,2,13,11,2,30,1,29
S01007187,Families with dependent children: Youngest aged 0 to 4,29,17,7,7,0,10,8,2,12,0,12
S01007187,Families with dependent children: Youngest aged 5 to 11,21,15,12,11,1,3,3,0,6,0,6
S01007187,Families with dependent children: Youngest aged 12 to 18,20,8,8,7,1,0,0,0,12,1,11
S01007188,All families in households,159,131,89,80,9,42,35,7,28,4,24
S01007188,Families with no dependent children,99,92,68,62,6,24,23,1,7,1,6
S01007188,Families with dependent children: Total,60,39,21,18,3,18,12,6,21,3,18
S01007188,Families with dependent children: Youngest aged 0 to 4,23,17,10,9,1,7,5,2,6,0,6
S01007188,Families with dependent children: Youngest aged 5 to 11,20,12,6,6,0,6,6,0,8,0,8
S01007188,Families with dependent children: Youngest aged 12 to 18,17,10,5,3,2,5,1,4,7,3,4
S01007189,All families in households,179,159,124,117,7,35,30,5,20,2,18
S01007189,Families with no dependent children,115,114,91,89,2,23,22,1,1,0,1
S01007189,Families with dependent children: Total,64,45,33,28,5,12,8,4,19,2,17
S01007189,Families with dependent children: Youngest aged 0 to 4,30,20,13,12,1,7,5,2,10,0,10
S01007189,Families with dependent children: Youngest aged 5 to 11,21,15,11,9,2,4,2,2,6,1,5
S01007189,Families with dependent children: Youngest aged 12 to 18,13,10,9,7,2,1,1,0,3,1,2
S01007190,All families in households,267,235,209,193,16,26,22,4,32,5,27
S01007190,Families with no dependent children,193,177,160,154,6,17,16,1,16,4,12
S01007190,Families with dependent children: Total,74,58,49,39,10,9,6,3,16,1,15
S01007190,Families with dependent children: Youngest aged 0 to 4,26,22,19,15,4,3,3,0,4,0,4
S01007190,Families with dependent children: Youngest aged 5 to 11,21,17,15,12,3,2,1,1,4,1,3
S01007190,Families with dependent children: Youngest aged 12 to 18,27,19,15,12,3,4,2,2,8,0,8
S01007191,All families in households,187,153,111,106,5,42,36,6,34,4,30
S01007191,Families with no dependent children,119,110,85,81,4,25,22,3,9,3,6
S01007191,Families with dependent children: Total,68,43,26,25,1,17,14,3,25,1,24
S01007191,Families with dependent children: Youngest aged 0 to 4,30,20,10,10,0,10,8,2,10,0,10
S01007191,Families with dependent children: Youngest aged 5 to 11,24,16,11,11,0,5,4,1,8,1,7
S01007191,Families with dependent children: Youngest aged 12 to 18,14,7,5,4,1,2,2,0,7,0,7
S01007192,All families in households,184,132,96,90,6,36,29,7,52,5,47
S01007192,Families with no dependent children,108,89,73,73,0,16,15,1,19,4,15
S01007192,Families with dependent children: Total,76,43,23,17,6,20,14,6,33,1,32
S01007192,Families with dependent children: Youngest aged 0 to 4,34,23,6,6,0,17,12,5,11,0,11
S01007192,Families with dependent children: Youngest aged 5 to 11,20,10,8,6,2,2,2,0,10,0,10
S01007192,Families with dependent children: Youngest aged 12 to 18,22,10,9,5,4,1,0,1,12,1,11
S01007193,All families in households,226,170,137,124,13,33,24,9,56,5,51
S01007193,Families with no dependent children,125,99,86,82,4,13,11,2,26,3,23
S01007193,Families with dependent children: Total,101,71,51,42,9,20,13,7,30,2,28
S01007193,Families with dependent children: Youngest aged 0 to 4,30,27,16,13,3,11,7,4,3,0,3
S01007193,Families with dependent children: Youngest aged 5 to 11,36,21,15,11,4,6,5,1,15,1,14
S01007193,Families with dependent children: Youngest aged 12 to 18,35,23,20,18,2,3,1,2,12,1,11
S01007194,All families in households,181,111,78,71,7,33,29,4,70,10,60
S01007194,Families with no dependent children,80,65,49,49,0,16,16,0,15,5,10
S01007194,Families with dependent children: Total,101,46,29,22,7,17,13,4,55,5,50
S01007194,Families with dependent children: Youngest aged 0 to 4,42,20,8,6,2,12,11,1,22,1,21
S01007194,Families with dependent children: Youngest aged 5 to 11,38,16,14,10,4,2,0,2,22,0,22
S01007194,Families with dependent children: Youngest aged 12 to 18,21,10,7,6,1,3,2,1,11,4,7
S01007195,All families in households,173,129,97,95,2,32,18,14,44,4,40
S01007195,Families with no dependent children,83,77,70,69,1,7,5,2,6,1,5
S01007195,Families with dependent children: Total,90,52,27,26,1,25,13,12,38,3,35
S01007195,Families with dependent children: Youngest aged 0 to 4,36,23,11,10,1,12,9,3,13,0,13
S01007195,Families with dependent children: Youngest aged 5 to 11,31,19,10,10,0,9,3,6,12,2,10
S01007195,Families with dependent children: Youngest aged 12 to 18,23,10,6,6,0,4,1,3,13,1,12
S01007196,All families in households,229,159,103,90,13,56,37,19,70,6,64
S01007196,Families with no dependent children,96,74,49,47,2,25,24,1,22,3,19
S01007196,Families with dependent children: Total,133,85,54,43,11,31,13,18,48,3,45
S01007196,Families with dependent children: Youngest aged 0 to 4,59,40,24,17,7,16,7,9,19,0,19
S01007196,Families with dependent children: Youngest aged 5 to 11,44,24,15,14,1,9,4,5,20,1,19
S01007196,Families with dependent children: Youngest aged 12 to 18,30,21,15,12,3,6,2,4,9,2,7
S01007197,All families in households,179,101,58,51,7,43,32,11,78,5,73
S01007197,Families with no dependent children,66,47,30,29,1,17,16,1,19,3,16
S01007197,Families with dependent children: Total,113,54,28,22,6,26,16,10,59,2,57
S01007197,Families with dependent children: Youngest aged 0 to 4,46,31,13,10,3,18,13,5,15,0,15
S01007197,Families with dependent children: Youngest aged 5 to 11,36,16,10,8,2,6,3,3,20,2,18
S01007197,Families with dependent children: Youngest aged 12 to 18,31,7,5,4,1,2,0,2,24,0,24
S01007198,All families in households,161,109,78,74,4,31,26,5,52,10,42
S01007198,Families with no dependent children,81,67,55,54,1,12,11,1,14,3,11
S01007198,Families with dependent children: Total,80,42,23,20,3,19,15,4,38,7,31
S01007198,Families with dependent children: Youngest aged 0 to 4,36,23,9,9,0,14,12,2,13,1,12
S01007198,Families with dependent children: Youngest aged 5 to 11,28,12,10,8,2,2,2,0,16,3,13
S01007198,Families with dependent children: Youngest aged 12 to 18,16,7,4,3,1,3,1,2,9,3,6
S01007199,All families in households,227,147,103,93,10,44,32,12,80,15,65
S01007199,Families with no dependent children,116,85,64,61,3,21,20,1,31,9,22
S01007199,Families with dependent children: Total,111,62,39,32,7,23,12,11,49,6,43
S01007199,Families with dependent children: Youngest aged 0 to 4,44,30,15,12,3,15,10,5,14,0,14
S01007199,Families with dependent children: Youngest aged 5 to 11,32,17,15,13,2,2,1,1,15,3,12
S01007199,Families with dependent children: Youngest aged 12 to 18,35,15,9,7,2,6,1,5,20,3,17
S01007200,All families in households,261,204,158,151,7,46,33,13,57,7,50
S01007200,Families with no dependent children,161,137,107,104,3,30,22,8,24,3,21
S01007200,Families with dependent children: Total,100,67,51,47,4,16,11,5,33,4,29
S01007200,Families with dependent children: Youngest aged 0 to 4,38,29,21,19,2,8,8,0,9,1,8
S01007200,Families with dependent children: Youngest aged 5 to 11,33,20,14,13,1,6,2,4,13,0,13
S01007200,Families with dependent children: Youngest aged 12 to 18,29,18,16,15,1,2,1,1,11,3,8
S01007201,All families in households,239,200,154,150,4,46,39,7,39,6,33
S01007201,Families with no dependent children,154,140,115,114,1,25,23,2,14,2,12
S01007201,Families with dependent children: Total,85,60,39,36,3,21,16,5,25,4,21
S01007201,Families with dependent children: Youngest aged 0 to 4,24,23,12,11,1,11,9,2,1,0,1
S01007201,Families with dependent children: Youngest aged 5 to 11,38,23,13,12,1,10,7,3,15,3,12
S01007201,Families with dependent children: Youngest aged 12 to 18,23,14,14,13,1,0,0,0,9,1,8
S01007202,All families in households,231,186,144,136,8,42,34,8,45,6,39
S01007202,Families with no dependent children,148,134,116,112,4,18,16,2,14,1,13
S01007202,Families with dependent children: Total,83,52,28,24,4,24,18,6,31,5,26
S01007202,Families with dependent children: Youngest aged 0 to 4,40,29,8,6,2,21,16,5,11,1,10
S01007202,Families with dependent children: Youngest aged 5 to 11,24,10,8,7,1,2,1,1,14,2,12
S01007202,Families with dependent children: Youngest aged 12 to 18,19,13,12,11,1,1,1,0,6,2,4
S01007203,All families in households,202,174,150,138,12,24,16,8,28,5,23
S01007203,Families with no dependent children,123,113,103,98,5,10,7,3,10,3,7
S01007203,Families with dependent children: Total,79,61,47,40,7,14,9,5,18,2,16
S01007203,Families with dependent children: Youngest aged 0 to 4,26,24,17,15,2,7,4,3,2,0,2
S01007203,Families with dependent children: Youngest aged 5 to 11,28,19,13,12,1,6,5,1,9,2,7
S01007203,Families with dependent children: Youngest aged 12 to 18,25,18,17,13,4,1,0,1,7,0,7
S01007204,All families in households,306,271,222,208,14,49,39,10,35,2,33
S01007204,Families with no dependent children,208,196,166,162,4,30,28,2,12,2,10
S01007204,Families with dependent children: Total,98,75,56,46,10,19,11,8,23,0,23
S01007204,Families with dependent children: Youngest aged 0 to 4,39,32,20,17,3,12,8,4,7,0,7
S01007204,Families with dependent children: Youngest aged 5 to 11,32,19,15,13,2,4,2,2,13,0,13
S01007204,Families with dependent children: Youngest aged 12 to 18,27,24,21,16,5,3,1,2,3,0,3
S01007205,All families in households,225,200,170,164,6,30,25,5,25,4,21
S01007205,Families with no dependent children,159,147,123,122,1,24,22,2,12,3,9
S01007205,Families with dependent children: Total,66,53,47,42,5,6,3,3,13,1,12
S01007205,Families with dependent children: Youngest aged 0 to 4,21,18,15,14,1,3,2,1,3,0,3
S01007205,Families with dependent children: Youngest aged 5 to 11,12,9,8,7,1,1,1,0,3,0,3
S01007205,Families with dependent children: Youngest aged 12 to 18,33,26,24,21,3,2,0,2,7,1,6
S01007206,All families in households,103,86,61,59,2,25,23,2,17,3,14
S01007206,Families with no dependent children,61,52,37,37,0,15,15,0,9,2,7
S01007206,Families with dependent children: Total,42,34,24,22,2,10,8,2,8,1,7
S01007206,Families with dependent children: Youngest aged 0 to 4,17,13,8,7,1,5,5,0,4,0,4
S01007206,Families with dependent children: Youngest aged 5 to 11,13,9,6,5,1,3,2,1,4,1,3
S01007206,Families with dependent children: Youngest aged 12 to 18,12,12,10,10,0,2,1,1,0,0,0
S01007207,All families in households,282,240,196,189,7,44,37,7,42,8,34
S01007207,Families with no dependent children,185,173,146,141,5,27,26,1,12,3,9
S01007207,Families with dependent children: Total,97,67,50,48,2,17,11,6,30,5,25
S01007207,Families with dependent children: Youngest aged 0 to 4,32,25,18,18,0,7,5,2,7,3,4
S01007207,Families with dependent children: Youngest aged 5 to 11,40,27,20,19,1,7,5,2,13,0,13
S01007207,Families with dependent children: Youngest aged 12 to 18,25,15,12,11,1,3,1,2,10,2,8
S01007208,All families in households,253,170,116,105,11,54,47,7,83,9,74
S01007208,Families with no dependent children,134,111,76,71,5,35,34,1,23,6,17
S01007208,Families with dependent children: Total,119,59,40,34,6,19,13,6,60,3,57
S01007208,Families with dependent children: Youngest aged 0 to 4,47,32,21,19,2,11,9,2,15,0,15
S01007208,Families with dependent children: Youngest aged 5 to 11,46,19,15,11,4,4,3,1,27,3,24
S01007208,Families with dependent children: Youngest aged 12 to 18,26,8,4,4,0,4,1,3,18,0,18
S01007209,All families in households,188,143,94,88,6,49,46,3,45,10,35
S01007209,Families with no dependent children,118,105,66,63,3,39,38,1,13,5,8
S01007209,Families with dependent children: Total,70,38,28,25,3,10,8,2,32,5,27
S01007209,Families with dependent children: Youngest aged 0 to 4,22,14,9,9,0,5,4,1,8,2,6
S01007209,Families with dependent children: Youngest aged 5 to 11,25,13,9,9,0,4,3,1,12,1,11
S01007209,Families with dependent children: Youngest aged 12 to 18,23,11,10,7,3,1,1,0,12,2,10
S01007210,All families in households,200,155,90,80,10,65,50,15,45,6,39
S01007210,Families with no dependent children,109,93,57,55,2,36,32,4,16,1,15
S01007210,Families with dependent children: Total,91,62,33,25,8,29,18,11,29,5,24
S01007210,Families with dependent children: Youngest aged 0 to 4,46,32,12,8,4,20,13,7,14,2,12
S01007210,Families with dependent children: Youngest aged 5 to 11,27,18,12,10,2,6,4,2,9,3,6
S01007210,Families with dependent children: Youngest aged 12 to 18,18,12,9,7,2,3,1,2,6,0,6
S01007211,All families in households,257,189,143,134,9,46,35,11,68,11,57
S01007211,Families with no dependent children,152,127,102,100,2,25,20,5,25,8,17
S01007211,Families with dependent children: Total,105,62,41,34,7,21,15,6,43,3,40
S01007211,Families with dependent children: Youngest aged 0 to 4,37,27,19,17,2,8,6,2,10,0,10
S01007211,Families with dependent children: Youngest aged 5 to 11,32,16,10,8,2,6,5,1,16,3,13
S01007211,Families with dependent children: Youngest aged 12 to 18,36,19,12,9,3,7,4,3,17,0,17
S01007212,All families in households,163,143,112,108,4,31,27,4,20,2,18
S01007212,Families with no dependent children,107,100,77,76,1,23,22,1,7,2,5
S01007212,Families with dependent children: Total,56,43,35,32,3,8,5,3,13,0,13
S01007212,Families with dependent children: Youngest aged 0 to 4,28,20,16,14,2,4,2,2,8,0,8
S01007212,Families with dependent children: Youngest aged 5 to 11,16,13,10,9,1,3,2,1,3,0,3
S01007212,Families with dependent children: Youngest aged 12 to 18,12,10,9,9,0,1,1,0,2,0,2
S01007213,All families in households,257,223,171,159,12,52,43,9,34,3,31
S01007213,Families with no dependent children,174,160,127,122,5,33,32,1,14,2,12
S01007213,Families with dependent children: Total,83,63,44,37,7,19,11,8,20,1,19
S01007213,Families with dependent children: Youngest aged 0 to 4,34,27,15,14,1,12,9,3,7,1,6
S01007213,Families with dependent children: Youngest aged 5 to 11,22,19,17,15,2,2,0,2,3,0,3
S01007213,Families with dependent children: Youngest aged 12 to 18,27,17,12,8,4,5,2,3,10,0,10
S01007214,All families in households,187,135,98,96,2,37,34,3,52,8,44
S01007214,Families with no dependent children,126,96,74,73,1,22,22,0,30,5,25
S01007214,Families with dependent children: Total,61,39,24,23,1,15,12,3,22,3,19
S01007214,Families with dependent children: Youngest aged 0 to 4,30,25,14,14,0,11,10,1,5,0,5
S01007214,Families with dependent children: Youngest aged 5 to 11,18,8,7,6,1,1,1,0,10,1,9
S01007214,Families with dependent children: Youngest aged 12 to 18,13,6,3,3,0,3,1,2,7,2,5
S01007215,All families in households,211,172,134,124,10,38,33,5,39,3,36
S01007215,Families with no dependent children,126,113,88,83,5,25,23,2,13,2,11
S01007215,Families with dependent children: Total,85,59,46,41,5,13,10,3,26,1,25
S01007215,Families with dependent children: Youngest aged 0 to 4,38,28,16,14,2,12,10,2,10,0,10
S01007215,Families with dependent children: Youngest aged 5 to 11,22,13,13,13,0,0,0,0,9,0,9
S01007215,Families with dependent children: Youngest aged 12 to 18,25,18,17,14,3,1,0,1,7,1,6
S01007216,All families in households,212,186,151,143,8,35,27,8,26,4,22
S01007216,Families with no dependent children,140,130,113,110,3,17,15,2,10,3,7
S01007216,Families with dependent children: Total,72,56,38,33,5,18,12,6,16,1,15
S01007216,Families with dependent children: Youngest aged 0 to 4,20,17,10,10,0,7,4,3,3,0,3
S01007216,Families with dependent children: Youngest aged 5 to 11,26,21,12,9,3,9,8,1,5,0,5
S01007216,Families with dependent children: Youngest aged 12 to 18,26,18,16,14,2,2,0,2,8,1,7
S01007217,All families in households,274,206,153,144,9,53,38,15,68,8,60
S01007217,Families with no dependent children,157,135,108,105,3,27,22,5,22,5,17
S01007217,Families with dependent children: Total,117,71,45,39,6,26,16,10,46,3,43
S01007217,Families with dependent children: Youngest aged 0 to 4,39,27,15,14,1,12,11,1,12,2,10
S01007217,Families with dependent children: Youngest aged 5 to 11,31,17,10,8,2,7,4,3,14,1,13
S01007217,Families with dependent children: Youngest aged 12 to 18,47,27,20,17,3,7,1,6,20,0,20
S01007218,All families in households,294,270,243,234,9,27,21,6,24,8,16
S01007218,Families with no dependent children,195,183,170,168,2,13,12,1,12,5,7
S01007218,Families with dependent children: Total,99,87,73,66,7,14,9,5,12,3,9
S01007218,Families with dependent children: Youngest aged 0 to 4,30,24,20,19,1,4,3,1,6,1,5
S01007218,Families with dependent children: Youngest aged 5 to 11,31,31,26,23,3,5,4,1,0,0,0
S01007218,Families with dependent children: Youngest aged 12 to 18,38,32,27,24,3,5,2,3,6,2,4
S01007219,All families in households,243,198,156,147,9,42,30,12,45,8,37
S01007219,Families with no dependent children,146,131,112,109,3,19,17,2,15,3,12
S01007219,Families with dependent children: Total,97,67,44,38,6,23,13,10,30,5,25
S01007219,Families with dependent children: Youngest aged 0 to 4,32,20,11,11,0,9,6,3,12,1,11
S01007219,Families with dependent children: Youngest aged 5 to 11,28,19,13,11,2,6,4,2,9,1,8
S01007219,Families with dependent children: Youngest aged 12 to 18,37,28,20,16,4,8,3,5,9,3,6
S01007220,All families in households,185,156,129,118,11,27,18,9,29,3,26
S01007220,Families with no dependent children,97,86,77,77,0,9,9,0,11,2,9
S01007220,Families with dependent children: Total,88,70,52,41,11,18,9,9,18,1,17
S01007220,Families with dependent children: Youngest aged 0 to 4,33,30,21,18,3,9,5,4,3,0,3
S01007220,Families with dependent children: Youngest aged 5 to 11,30,25,18,14,4,7,4,3,5,0,5
S01007220,Families with dependent children: Youngest aged 12 to 18,25,15,13,9,4,2,0,2,10,1,9
S01007221,All families in households,217,199,167,158,9,32,29,3,18,2,16
S01007221,Families with no dependent children,119,114,97,96,1,17,17,0,5,1,4
S01007221,Families with dependent children: Total,98,85,70,62,8,15,12,3,13,1,12
S01007221,Families with dependent children: Youngest aged 0 to 4,45,43,35,33,2,8,8,0,2,0,2
S01007221,Families with dependent children: Youngest aged 5 to 11,34,26,20,18,2,6,4,2,8,0,8
S01007221,Families with dependent children: Youngest aged 12 to 18,19,16,15,11,4,1,0,1,3,1,2
S01007222,All families in households,266,222,183,170,13,39,31,8,44,5,39
S01007222,Families with no dependent children,152,142,124,120,4,18,14,4,10,1,9
S01007222,Families with dependent children: Total,114,80,59,50,9,21,17,4,34,4,30
S01007222,Families with dependent children: Youngest aged 0 to 4,38,30,19,16,3,11,10,1,8,1,7
S01007222,Families with dependent children: Youngest aged 5 to 11,43,27,23,20,3,4,4,0,16,1,15
S01007222,Families with dependent children: Youngest aged 12 to 18,33,23,17,14,3,6,3,3,10,2,8
S01007223,All families in households,158,148,131,125,6,17,16,1,10,3,7
S01007223,Families with no dependent children,83,79,72,71,1,7,6,1,4,2,2
S01007223,Families with dependent children: Total,75,69,59,54,5,10,10,0,6,1,5
S01007223,Families with dependent children: Youngest aged 0 to 4,22,22,16,15,1,6,6,0,0,0,0
S01007223,Families with dependent children: Youngest aged 5 to 11,35,32,28,24,4,4,4,0,3,1,2
S01007223,Families with dependent children: Youngest aged 12 to 18,18,15,15,15,0,0,0,0,3,0,3
S01007224,All families in households,194,165,142,138,4,23,16,7,29,3,26
S01007224,Families with no dependent children,113,103,93,90,3,10,8,2,10,1,9
S01007224,Families with dependent children: Total,81,62,49,48,1,13,8,5,19,2,17
S01007224,Families with dependent children: Youngest aged 0 to 4,28,22,18,18,0,4,3,1,6,0,6
S01007224,Families with dependent children: Youngest aged 5 to 11,41,29,23,22,1,6,4,2,12,2,10
S01007224,Families with dependent children: Youngest aged 12 to 18,12,11,8,8,0,3,1,2,1,0,1
S01007225,All families in households,279,251,212,206,6,39,34,5,28,3,25
S01007225,Families with no dependent children,180,167,143,140,3,24,22,2,13,1,12
S01007225,Families with dependent children: Total,99,84,69,66,3,15,12,3,15,2,13
S01007225,Families with dependent children: Youngest aged 0 to 4,38,34,25,23,2,9,8,1,4,0,4
S01007225,Families with dependent children: Youngest aged 5 to 11,31,25,21,21,0,4,3,1,6,0,6
S01007225,Families with dependent children: Youngest aged 12 to 18,30,25,23,22,1,2,1,1,5,2,3
S01007226,All families in households,248,225,185,176,9,40,38,2,23,2,21
S01007226,Families with no dependent children,160,147,124,121,3,23,23,0,13,1,12
S01007226,Families with dependent children: Total,88,78,61,55,6,17,15,2,10,1,9
S01007226,Families with dependent children: Youngest aged 0 to 4,28,26,15,14,1,11,9,2,2,0,2
S01007226,Families with dependent children: Youngest aged 5 to 11,25,20,18,17,1,2,2,0,5,1,4
S01007226,Families with dependent children: Youngest aged 12 to 18,35,32,28,24,4,4,4,0,3,0,3
S01007227,All families in households,286,252,210,200,10,42,33,9,34,9,25
S01007227,Families with no dependent children,175,163,138,134,4,25,23,2,12,6,6
S01007227,Families with dependent children: Total,111,89,72,66,6,17,10,7,22,3,19
S01007227,Families with dependent children: Youngest aged 0 to 4,34,31,23,22,1,8,7,1,3,0,3
S01007227,Families with dependent children: Youngest aged 5 to 11,40,30,27,26,1,3,1,2,10,1,9
S01007227,Families with dependent children: Youngest aged 12 to 18,37,28,22,18,4,6,2,4,9,2,7
S01007228,All families in households,198,182,145,139,6,37,28,9,16,2,14
S01007228,Families with no dependent children,112,106,86,86,0,20,19,1,6,0,6
S01007228,Families with dependent children: Total,86,76,59,53,6,17,9,8,10,2,8
S01007228,Families with dependent children: Youngest aged 0 to 4,13,11,4,4,0,7,5,2,2,0,2
S01007228,Families with dependent children: Youngest aged 5 to 11,41,36,29,26,3,7,3,4,5,2,3
S01007228,Families with dependent children: Youngest aged 12 to 18,32,29,26,23,3,3,1,2,3,0,3
S01007229,All families in households,356,331,280,271,9,51,43,8,25,7,18
S01007229,Families with no dependent children,238,225,191,189,2,34,30,4,13,5,8
S01007229,Families with dependent children: Total,118,106,89,82,7,17,13,4,12,2,10
S01007229,Families with dependent children: Youngest aged 0 to 4,39,38,29,25,4,9,9,0,1,0,1
S01007229,Families with dependent children: Youngest aged 5 to 11,34,30,24,23,1,6,4,2,4,0,4
S01007229,Families with dependent children: Youngest aged 12 to 18,45,38,36,34,2,2,0,2,7,2,5
S01007230,All families in households,199,149,106,98,8,43,33,10,50,3,47
S01007230,Families with no dependent children,90,74,55,54,1,19,16,3,16,1,15
S01007230,Families with dependent children: Total,109,75,51,44,7,24,17,7,34,2,32
S01007230,Families with dependent children: Youngest aged 0 to 4,50,39,21,19,2,18,15,3,11,0,11
S01007230,Families with dependent children: Youngest aged 5 to 11,33,22,17,14,3,5,2,3,11,1,10
S01007230,Families with dependent children: Youngest aged 12 to 18,26,14,13,11,2,1,0,1,12,1,11
S01007231,All families in households,184,133,91,86,5,42,28,14,51,4,47
S01007231,Families with no dependent children,97,84,62,62,0,22,19,3,13,3,10
S01007231,Families with dependent children: Total,87,49,29,24,5,20,9,11,38,1,37
S01007231,Families with dependent children: Youngest aged 0 to 4,37,24,9,8,1,15,8,7,13,0,13
S01007231,Families with dependent children: Youngest aged 5 to 11,29,16,14,11,3,2,0,2,13,1,12
S01007231,Families with dependent children: Youngest aged 12 to 18,21,9,6,5,1,3,1,2,12,0,12
S01007232,All families in households,199,148,99,94,5,49,40,9,51,4,47
S01007232,Families with no dependent children,114,101,74,71,3,27,26,1,13,2,11
S01007232,Families with dependent children: Total,85,47,25,23,2,22,14,8,38,2,36
S01007232,Families with dependent children: Youngest aged 0 to 4,36,21,8,8,0,13,9,4,15,0,15
S01007232,Families with dependent children: Youngest aged 5 to 11,22,14,6,6,0,8,5,3,8,0,8
S01007232,Families with dependent children: Youngest aged 12 to 18,27,12,11,9,2,1,0,1,15,2,13
S01007233,All families in households,245,202,155,151,4,47,36,11,43,9,34
S01007233,Families with no dependent children,157,140,116,116,0,24,19,5,17,6,11
S01007233,Families with dependent children: Total,88,62,39,35,4,23,17,6,26,3,23
S01007233,Families with dependent children: Youngest aged 0 to 4,38,30,17,16,1,13,12,1,8,0,8
S01007233,Families with dependent children: Youngest aged 5 to 11,30,20,12,11,1,8,5,3,10,2,8
S01007233,Families with dependent children: Youngest aged 12 to 18,20,12,10,8,2,2,0,2,8,1,7
S01007234,All families in households,169,140,113,103,10,27,20,7,29,4,25
S01007234,Families with no dependent children,96,84,73,72,1,11,10,1,12,2,10
S01007234,Families with dependent children: Total,73,56,40,31,9,16,10,6,17,2,15
S01007234,Families with dependent children: Youngest aged 0 to 4,21,17,10,7,3,7,6,1,4,0,4
S01007234,Families with dependent children: Youngest aged 5 to 11,24,20,14,9,5,6,3,3,4,0,4
S01007234,Families with dependent children: Youngest aged 12 to 18,28,19,16,15,1,3,1,2,9,2,7
S01007235,All families in households,223,179,123,120,3,56,49,7,44,6,38
S01007235,Families with no dependent children,145,130,95,94,1,35,34,1,15,3,12
S01007235,Families with dependent children: Total,78,49,28,26,2,21,15,6,29,3,26
S01007235,Families with dependent children: Youngest aged 0 to 4,41,27,14,13,1,13,12,1,14,1,13
S01007235,Families with dependent children: Youngest aged 5 to 11,15,11,5,4,1,6,3,3,4,0,4
S01007235,Families with dependent children: Youngest aged 12 to 18,22,11,9,9,0,2,0,2,11,2,9
S01007236,All families in households,190,150,104,100,4,46,36,10,40,7,33
S01007236,Families with no dependent children,121,99,71,69,2,28,27,1,22,6,16
S01007236,Families with dependent children: Total,69,51,33,31,2,18,9,9,18,1,17
S01007236,Families with dependent children: Youngest aged 0 to 4,28,22,11,11,0,11,9,2,6,0,6
S01007236,Families with dependent children: Youngest aged 5 to 11,15,13,10,10,0,3,0,3,2,1,1
S01007236,Families with dependent children: Youngest aged 12 to 18,26,16,12,10,2,4,0,4,10,0,10
S01007237,All families in households,218,193,157,150,7,36,26,10,25,3,22
S01007237,Families with no dependent children,140,131,112,108,4,19,17,2,9,1,8
S01007237,Families with dependent children: Total,78,62,45,42,3,17,9,8,16,2,14
S01007237,Families with dependent children: Youngest aged 0 to 4,16,15,7,6,1,8,6,2,1,0,1
S01007237,Families with dependent children: Youngest aged 5 to 11,33,28,23,22,1,5,2,3,5,2,3
S01007237,Families with dependent children: Youngest aged 12 to 18,29,19,15,14,1,4,1,3,10,0,10
S01007238,All families in households,291,252,207,199,8,45,37,8,39,5,34
S01007238,Families with no dependent children,194,173,144,141,3,29,28,1,21,5,16
S01007238,Families with dependent children: Total,97,79,63,58,5,16,9,7,18,0,18
S01007238,Families with dependent children: Youngest aged 0 to 4,34,30,21,19,2,9,7,2,4,0,4
S01007238,Families with dependent children: Youngest aged 5 to 11,25,17,14,14,0,3,2,1,8,0,8
S01007238,Families with dependent children: Youngest aged 12 to 18,38,32,28,25,3,4,0,4,6,0,6
S01007239,All families in households,262,232,203,196,7,29,21,8,30,6,24
S01007239,Families with no dependent children,192,176,159,158,1,17,15,2,16,4,12
S01007239,Families with dependent children: Total,70,56,44,38,6,12,6,6,14,2,12
S01007239,Families with dependent children: Youngest aged 0 to 4,23,20,12,11,1,8,6,2,3,0,3
S01007239,Families with dependent children: Youngest aged 5 to 11,21,18,15,12,3,3,0,3,3,0,3
S01007239,Families with dependent children: Youngest aged 12 to 18,26,18,17,15,2,1,0,1,8,2,6
S01007240,All families in households,183,169,128,123,5,41,34,7,14,1,13
S01007240,Families with no dependent children,136,127,97,96,1,30,28,2,9,1,8
S01007240,Families with dependent children: Total,47,42,31,27,4,11,6,5,5,0,5
S01007240,Families with dependent children: Youngest aged 0 to 4,14,13,8,7,1,5,4,1,1,0,1
S01007240,Families with dependent children: Youngest aged 5 to 11,19,17,15,13,2,2,0,2,2,0,2
S01007240,Families with dependent children: Youngest aged 12 to 18,14,12,8,7,1,4,2,2,2,0,2
S01007241,All families in households,194,179,155,147,8,24,17,7,15,3,12
S01007241,Families with no dependent children,124,116,101,96,5,15,15,0,8,2,6
S01007241,Families with dependent children: Total,70,63,54,51,3,9,2,7,7,1,6
S01007241,Families with dependent children: Youngest aged 0 to 4,18,17,14,13,1,3,1,2,1,0,1
S01007241,Families with dependent children: Youngest aged 5 to 11,18,18,17,17,0,1,0,1,0,0,0
S01007241,Families with dependent children: Youngest aged 12 to 18,34,28,23,21,2,5,1,4,6,1,5
S01007242,All families in households,323,278,238,234,4,40,35,5,45,0,45
S01007242,Families with no dependent children,216,197,177,177,0,20,20,0,19,0,19
S01007242,Families with dependent children: Total,107,81,61,57,4,20,15,5,26,0,26
S01007242,Families with dependent children: Youngest aged 0 to 4,38,29,20,17,3,9,8,1,9,0,9
S01007242,Families with dependent children: Youngest aged 5 to 11,40,32,25,24,1,7,4,3,8,0,8
S01007242,Families with dependent children: Youngest aged 12 to 18,29,20,16,16,0,4,3,1,9,0,9
S01007243,All families in households,188,171,147,142,5,24,19,5,17,3,14
S01007243,Families with no dependent children,124,112,100,98,2,12,12,0,12,2,10
S01007243,Families with dependent children: Total,64,59,47,44,3,12,7,5,5,1,4
S01007243,Families with dependent children: Youngest aged 0 to 4,21,21,15,15,0,6,4,2,0,0,0
S01007243,Families with dependent children: Youngest aged 5 to 11,20,17,14,13,1,3,2,1,3,1,2
S01007243,Families with dependent children: Youngest aged 12 to 18,23,21,18,16,2,3,1,2,2,0,2
S01007244,All families in households,240,225,200,197,3,25,24,1,15,1,14
S01007244,Families with no dependent children,175,166,148,147,1,18,18,0,9,1,8
S01007244,Families with dependent children: Total,65,59,52,50,2,7,6,1,6,0,6
S01007244,Families with dependent children: Youngest aged 0 to 4,21,18,13,13,0,5,4,1,3,0,3
S01007244,Families with dependent children: Youngest aged 5 to 11,20,19,18,17,1,1,1,0,1,0,1
S01007244,Families with dependent children: Youngest aged 12 to 18,24,22,21,20,1,1,1,0,2,0,2
S01007245,All families in households,212,187,153,150,3,34,30,4,25,3,22
S01007245,Families with no dependent children,152,139,113,111,2,26,24,2,13,3,10
S01007245,Families with dependent children: Total,60,48,40,39,1,8,6,2,12,0,12
S01007245,Families with dependent children: Youngest aged 0 to 4,24,23,18,18,0,5,4,1,1,0,1
S01007245,Families with dependent children: Youngest aged 5 to 11,16,10,9,9,0,1,1,0,6,0,6
S01007245,Families with dependent children: Youngest aged 12 to 18,20,15,13,12,1,2,1,1,5,0,5
S01007246,All families in households,192,181,150,145,5,31,23,8,11,1,10
S01007246,Families with no dependent children,135,130,111,110,1,19,18,1,5,1,4
S01007246,Families with dependent children: Total,57,51,39,35,4,12,5,7,6,0,6
S01007246,Families with dependent children: Youngest aged 0 to 4,23,22,16,15,1,6,3,3,1,0,1
S01007246,Families with dependent children: Youngest aged 5 to 11,17,15,12,11,1,3,2,1,2,0,2
S01007246,Families with dependent children: Youngest aged 12 to 18,17,14,11,9,2,3,0,3,3,0,3
S01007247,All families in households,208,188,163,156,7,25,23,2,20,2,18
S01007247,Families with no dependent children,140,132,116,115,1,16,15,1,8,1,7
S01007247,Families with dependent children: Total,68,56,47,41,6,9,8,1,12,1,11
S01007247,Families with dependent children: Youngest aged 0 to 4,24,21,15,13,2,6,6,0,3,0,3
S01007247,Families with dependent children: Youngest aged 5 to 11,28,23,21,20,1,2,1,1,5,0,5
S01007247,Families with dependent children: Youngest aged 12 to 18,16,12,11,8,3,1,1,0,4,1,3
S01007248,All families in households,252,233,214,213,1,19,16,3,19,5,14
S01007248,Families with no dependent children,170,159,151,151,0,8,8,0,11,4,7
S01007248,Families with dependent children: Total,82,74,63,62,1,11,8,3,8,1,7
S01007248,Families with dependent children: Youngest aged 0 to 4,27,26,21,21,0,5,5,0,1,0,1
S01007248,Families with dependent children: Youngest aged 5 to 11,20,18,15,14,1,3,2,1,2,0,2
S01007248,Families with dependent children: Youngest aged 12 to 18,35,30,27,27,0,3,1,2,5,1,4
S01007249,All families in households,123,107,95,93,2,12,9,3,16,1,15
S01007249,Families with no dependent children,82,77,70,70,0,7,7,0,5,1,4
S01007249,Families with dependent children: Total,41,30,25,23,2,5,2,3,11,0,11
S01007249,Families with dependent children: Youngest aged 0 to 4,15,10,7,6,1,3,2,1,5,0,5
S01007249,Families with dependent children: Youngest aged 5 to 11,16,10,9,9,0,1,0,1,6,0,6
S01007249,Families with dependent children: Youngest aged 12 to 18,10,10,9,8,1,1,0,1,0,0,0
S01007250,All families in households,227,192,139,132,7,53,49,4,35,6,29
S01007250,Families with no dependent children,151,135,94,93,1,41,40,1,16,5,11
S01007250,Families with dependent children: Total,76,57,45,39,6,12,9,3,19,1,18
S01007250,Families with dependent children: Youngest aged 0 to 4,30,25,15,13,2,10,8,2,5,0,5
S01007250,Families with dependent children: Youngest aged 5 to 11,20,18,16,15,1,2,1,1,2,0,2
S01007250,Families with dependent children: Youngest aged 12 to 18,26,14,14,11,3,0,0,0,12,1,11
S01007251,All families in households,148,127,97,92,5,30,22,8,21,3,18
S01007251,Families with no dependent children,89,83,65,65,0,18,14,4,6,2,4
S01007251,Families with dependent children: Total,59,44,32,27,5,12,8,4,15,1,14
S01007251,Families with dependent children: Youngest aged 0 to 4,18,14,11,9,2,3,3,0,4,0,4
S01007251,Families with dependent children: Youngest aged 5 to 11,22,17,10,10,0,7,5,2,5,1,4
S01007251,Families with dependent children: Youngest aged 12 to 18,19,13,11,8,3,2,0,2,6,0,6
S01007252,All families in households,248,197,155,147,8,42,30,12,51,7,44
S01007252,Families with no dependent children,139,124,107,105,2,17,15,2,15,2,13
S01007252,Families with dependent children: Total,109,73,48,42,6,25,15,10,36,5,31
S01007252,Families with dependent children: Youngest aged 0 to 4,41,29,12,11,1,17,13,4,12,0,12
S01007252,Families with dependent children: Youngest aged 5 to 11,36,23,19,16,3,4,1,3,13,2,11
S01007252,Families with dependent children: Youngest aged 12 to 18,32,21,17,15,2,4,1,3,11,3,8
S01007253,All families in households,267,244,218,214,4,26,22,4,23,2,21
S01007253,Families with no dependent children,186,176,159,158,1,17,17,0,10,1,9
S01007253,Families with dependent children: Total,81,68,59,56,3,9,5,4,13,1,12
S01007253,Families with dependent children: Youngest aged 0 to 4,25,21,17,17,0,4,4,0,4,0,4
S01007253,Families with dependent children: Youngest aged 5 to 11,23,19,18,16,2,1,1,0,4,0,4
S01007253,Families with dependent children: Youngest aged 12 to 18,33,28,24,23,1,4,0,4,5,1,4
S01007254,All families in households,219,171,127,121,6,44,34,10,48,9,39
S01007254,Families with no dependent children,126,107,84,82,2,23,21,2,19,7,12
S01007254,Families with dependent children: Total,93,64,43,39,4,21,13,8,29,2,27
S01007254,Families with dependent children: Youngest aged 0 to 4,46,30,17,15,2,13,9,4,16,0,16
S01007254,Families with dependent children: Youngest aged 5 to 11,27,19,13,11,2,6,4,2,8,2,6
S01007254,Families with dependent children: Youngest aged 12 to 18,20,15,13,13,0,2,0,2,5,0,5
S01007255,All families in households,234,166,115,110,5,51,41,10,68,7,61
S01007255,Families with no dependent children,121,106,81,79,2,25,22,3,15,4,11
S01007255,Families with dependent children: Total,113,60,34,31,3,26,19,7,53,3,50
S01007255,Families with dependent children: Youngest aged 0 to 4,45,31,13,11,2,18,14,4,14,1,13
S01007255,Families with dependent children: Youngest aged 5 to 11,45,20,14,13,1,6,5,1,25,2,23
S01007255,Families with dependent children: Youngest aged 12 to 18,23,9,7,7,0,2,0,2,14,0,14
S01007256,All families in households,213,168,116,108,8,52,50,2,45,7,38
S01007256,Families with no dependent children,120,109,76,73,3,33,33,0,11,1,10
S01007256,Families with dependent children: Total,93,59,40,35,5,19,17,2,34,6,28
S01007256,Families with dependent children: Youngest aged 0 to 4,43,30,17,16,1,13,12,1,13,0,13
S01007256,Families with dependent children: Youngest aged 5 to 11,32,19,17,13,4,2,1,1,13,2,11
S01007256,Families with dependent children: Youngest aged 12 to 18,18,10,6,6,0,4,4,0,8,4,4
S01007257,All families in households,166,120,83,75,8,37,30,7,46,4,42
S01007257,Families with no dependent children,83,77,60,58,2,17,15,2,6,0,6
S01007257,Families with dependent children: Total,83,43,23,17,6,20,15,5,40,4,36
S01007257,Families with dependent children: Youngest aged 0 to 4,37,28,14,12,2,14,11,3,9,1,8
S01007257,Families with dependent children: Youngest aged 5 to 11,23,7,5,2,3,2,2,0,16,1,15
S01007257,Families with dependent children: Youngest aged 12 to 18,23,8,4,3,1,4,2,2,15,2,13
S01007258,All families in households,236,197,166,158,8,31,27,4,39,9,30
S01007258,Families with no dependent children,138,126,112,110,2,14,14,0,12,4,8
S01007258,Families with dependent children: Total,98,71,54,48,6,17,13,4,27,5,22
S01007258,Families with dependent children: Youngest aged 0 to 4,44,35,25,23,2,10,9,1,9,0,9
S01007258,Families with dependent children: Youngest aged 5 to 11,27,15,11,10,1,4,3,1,12,3,9
S01007258,Families with dependent children: Youngest aged 12 to 18,27,21,18,15,3,3,1,2,6,2,4
S01007259,All families in households,229,177,120,111,9,57,40,17,52,4,48
S01007259,Families with no dependent children,130,107,81,78,3,26,25,1,23,3,20
S01007259,Families with dependent children: Total,99,70,39,33,6,31,15,16,29,1,28
S01007259,Families with dependent children: Youngest aged 0 to 4,33,26,11,10,1,15,12,3,7,0,7
S01007259,Families with dependent children: Youngest aged 5 to 11,25,18,9,7,2,9,2,7,7,0,7
S01007259,Families with dependent children: Youngest aged 12 to 18,41,26,19,16,3,7,1,6,15,1,14
S01007260,All families in households,267,186,134,127,7,52,47,5,81,8,73
S01007260,Families with no dependent children,139,122,94,93,1,28,28,0,17,7,10
S01007260,Families with dependent children: Total,128,64,40,34,6,24,19,5,64,1,63
S01007260,Families with dependent children: Youngest aged 0 to 4,50,28,15,15,0,13,11,2,22,1,21
S01007260,Families with dependent children: Youngest aged 5 to 11,42,16,11,8,3,5,5,0,26,0,26
S01007260,Families with dependent children: Youngest aged 12 to 18,36,20,14,11,3,6,3,3,16,0,16
S01007261,All families in households,247,229,204,189,15,25,21,4,18,2,16
S01007261,Families with no dependent children,171,164,151,145,6,13,11,2,7,1,6
S01007261,Families with dependent children: Total,76,65,53,44,9,12,10,2,11,1,10
S01007261,Families with dependent children: Youngest aged 0 to 4,18,16,10,9,1,6,6,0,2,0,2
S01007261,Families with dependent children: Youngest aged 5 to 11,26,21,18,17,1,3,3,0,5,0,5
S01007261,Families with dependent children: Youngest aged 12 to 18,32,28,25,18,7,3,1,2,4,1,3
S01007262,All families in households,215,176,140,133,7,36,25,11,39,5,34
S01007262,Families with no dependent children,132,116,99,96,3,17,14,3,16,2,14
S01007262,Families with dependent children: Total,83,60,41,37,4,19,11,8,23,3,20
S01007262,Families with dependent children: Youngest aged 0 to 4,30,24,18,17,1,6,4,2,6,1,5
S01007262,Families with dependent children: Youngest aged 5 to 11,27,17,10,8,2,7,6,1,10,1,9
S01007262,Families with dependent children: Youngest aged 12 to 18,26,19,13,12,1,6,1,5,7,1,6
S01007263,All families in households,248,206,165,159,6,41,31,10,42,2,40
S01007263,Families with no dependent children,168,152,130,127,3,22,22,0,16,0,16
S01007263,Families with dependent children: Total,80,54,35,32,3,19,9,10,26,2,24
S01007263,Families with dependent children: Youngest aged 0 to 4,31,22,11,10,1,11,8,3,9,0,9
S01007263,Families with dependent children: Youngest aged 5 to 11,29,17,13,12,1,4,0,4,12,1,11
S01007263,Families with dependent children: Youngest aged 12 to 18,20,15,11,10,1,4,1,3,5,1,4
S01007264,All families in households,226,205,180,173,7,25,18,7,21,1,20
S01007264,Families with no dependent children,155,146,132,131,1,14,13,1,9,1,8
S01007264,Families with dependent children: Total,71,59,48,42,6,11,5,6,12,0,12
S01007264,Families with dependent children: Youngest aged 0 to 4,24,20,15,12,3,5,2,3,4,0,4
S01007264,Families with dependent children: Youngest aged 5 to 11,19,17,13,11,2,4,1,3,2,0,2
S01007264,Families with dependent children: Youngest aged 12 to 18,28,22,20,19,1,2,2,0,6,0,6
S01007265,All families in households,302,241,193,177,16,48,39,9,61,6,55
S01007265,Families with no dependent children,173,150,123,118,5,27,27,0,23,4,19
S01007265,Families with dependent children: Total,129,91,70,59,11,21,12,9,38,2,36
S01007265,Families with dependent children: Youngest aged 0 to 4,51,40,28,27,1,12,9,3,11,0,11
S01007265,Families with dependent children: Youngest aged 5 to 11,39,28,26,19,7,2,1,1,11,1,10
S01007265,Families with dependent children: Youngest aged 12 to 18,39,23,16,13,3,7,2,5,16,1,15
S01007266,All families in households,203,171,139,136,3,32,24,8,32,3,29
S01007266,Families with no dependent children,136,126,109,107,2,17,15,2,10,3,7
S01007266,Families with dependent children: Total,67,45,30,29,1,15,9,6,22,0,22
S01007266,Families with dependent children: Youngest aged 0 to 4,25,19,13,13,0,6,6,0,6,0,6
S01007266,Families with dependent children: Youngest aged 5 to 11,22,13,6,6,0,7,3,4,9,0,9
S01007266,Families with dependent children: Youngest aged 12 to 18,20,13,11,10,1,2,0,2,7,0,7
S01007267,All families in households,175,161,138,134,4,23,20,3,14,3,11
S01007267,Families with no dependent children,121,114,98,96,2,16,15,1,7,1,6
S01007267,Families with dependent children: Total,54,47,40,38,2,7,5,2,7,2,5
S01007267,Families with dependent children: Youngest aged 0 to 4,21,18,14,13,1,4,4,0,3,2,1
S01007267,Families with dependent children: Youngest aged 5 to 11,19,17,15,14,1,2,1,1,2,0,2
S01007267,Families with dependent children: Youngest aged 12 to 18,14,12,11,11,0,1,0,1,2,0,2
S01007268,All families in households,194,169,143,136,7,26,22,4,25,7,18
S01007268,Families with no dependent children,125,118,101,100,1,17,15,2,7,3,4
S01007268,Families with dependent children: Total,69,51,42,36,6,9,7,2,18,4,14
S01007268,Families with dependent children: Youngest aged 0 to 4,15,12,9,6,3,3,3,0,3,0,3
S01007268,Families with dependent children: Youngest aged 5 to 11,21,15,12,9,3,3,2,1,6,1,5
S01007268,Families with dependent children: Youngest aged 12 to 18,33,24,21,21,0,3,2,1,9,3,6
S01007269,All families in households,164,150,135,132,3,15,12,3,14,1,13
S01007269,Families with no dependent children,99,93,87,87,0,6,5,1,6,0,6
S01007269,Families with dependent children: Total,65,57,48,45,3,9,7,2,8,1,7
S01007269,Families with dependent children: Youngest aged 0 to 4,19,15,13,13,0,2,2,0,4,0,4
S01007269,Families with dependent children: Youngest aged 5 to 11,16,14,10,8,2,4,3,1,2,1,1
S01007269,Families with dependent children: Youngest aged 12 to 18,30,28,25,24,1,3,2,1,2,0,2
S01007270,All families in households,140,126,99,95,4,27,22,5,14,4,10
S01007270,Families with no dependent children,96,91,73,69,4,18,16,2,5,2,3
S01007270,Families with dependent children: Total,44,35,26,26,0,9,6,3,9,2,7
S01007270,Families with dependent children: Youngest aged 0 to 4,11,9,5,5,0,4,4,0,2,1,1
S01007270,Families with dependent children: Youngest aged 5 to 11,25,22,18,18,0,4,2,2,3,0,3
S01007270,Families with dependent children: Youngest aged 12 to 18,8,4,3,3,0,1,0,1,4,1,3
S01007271,All families in households,298,259,215,206,9,44,37,7,39,10,29
S01007271,Families with no dependent children,194,180,155,151,4,25,23,2,14,7,7
S01007271,Families with dependent children: Total,104,79,60,55,5,19,14,5,25,3,22
S01007271,Families with dependent children: Youngest aged 0 to 4,39,31,20,20,0,11,10,1,8,1,7
S01007271,Families with dependent children: Youngest aged 5 to 11,34,25,20,17,3,5,3,2,9,1,8
S01007271,Families with dependent children: Youngest aged 12 to 18,31,23,20,18,2,3,1,2,8,1,7
S01007272,All families in households,237,167,123,117,6,44,38,6,70,10,60
S01007272,Families with no dependent children,106,88,74,70,4,14,14,0,18,2,16
S01007272,Families with dependent children: Total,131,79,49,47,2,30,24,6,52,8,44
S01007272,Families with dependent children: Youngest aged 0 to 4,58,39,18,17,1,21,17,4,19,2,17
S01007272,Families with dependent children: Youngest aged 5 to 11,39,21,13,13,0,8,6,2,18,4,14
S01007272,Families with dependent children: Youngest aged 12 to 18,34,19,18,17,1,1,1,0,15,2,13
S01007273,All families in households,217,175,137,131,6,38,32,6,42,9,33
S01007273,Families with no dependent children,127,110,95,92,3,15,15,0,17,5,12
S01007273,Families with dependent children: Total,90,65,42,39,3,23,17,6,25,4,21
S01007273,Families with dependent children: Youngest aged 0 to 4,32,25,14,12,2,11,11,0,7,2,5
S01007273,Families with dependent children: Youngest aged 5 to 11,34,23,17,17,0,6,3,3,11,0,11
S01007273,Families with dependent children: Youngest aged 12 to 18,24,17,11,10,1,6,3,3,7,2,5
S01007274,All families in households,200,163,124,118,6,39,35,4,37,5,32
S01007274,Families with no dependent children,121,107,78,76,2,29,28,1,14,3,11
S01007274,Families with dependent children: Total,79,56,46,42,4,10,7,3,23,2,21
S01007274,Families with dependent children: Youngest aged 0 to 4,26,21,13,13,0,8,7,1,5,0,5
S01007274,Families with dependent children: Youngest aged 5 to 11,21,16,15,14,1,1,0,1,5,0,5
S01007274,Families with dependent children: Youngest aged 12 to 18,32,19,18,15,3,1,0,1,13,2,11
S01007275,All families in households,173,160,139,134,5,21,19,2,13,1,12
S01007275,Families with no dependent children,119,115,103,103,0,12,11,1,4,1,3
S01007275,Families with dependent children: Total,54,45,36,31,5,9,8,1,9,0,9
S01007275,Families with dependent children: Youngest aged 0 to 4,13,11,8,7,1,3,3,0,2,0,2
S01007275,Families with dependent children: Youngest aged 5 to 11,24,22,17,14,3,5,5,0,2,0,2
S01007275,Families with dependent children: Youngest aged 12 to 18,17,12,11,10,1,1,0,1,5,0,5
S01007276,All families in households,264,214,177,168,9,37,25,12,50,8,42
S01007276,Families with no dependent children,156,144,122,117,5,22,19,3,12,6,6
S01007276,Families with dependent children: Total,108,70,55,51,4,15,6,9,38,2,36
S01007276,Families with dependent children: Youngest aged 0 to 4,45,32,28,26,2,4,2,2,13,1,12
S01007276,Families with dependent children: Youngest aged 5 to 11,33,23,17,15,2,6,4,2,10,0,10
S01007276,Families with dependent children: Youngest aged 12 to 18,30,15,10,10,0,5,0,5,15,1,14
S01007277,All families in households,243,217,196,192,4,21,16,5,26,2,24
S01007277,Families with no dependent children,165,156,142,141,1,14,13,1,9,1,8
S01007277,Families with dependent children: Total,78,61,54,51,3,7,3,4,17,1,16
S01007277,Families with dependent children: Youngest aged 0 to 4,19,16,12,12,0,4,3,1,3,0,3
S01007277,Families with dependent children: Youngest aged 5 to 11,25,18,16,16,0,2,0,2,7,1,6
S01007277,Families with dependent children: Youngest aged 12 to 18,34,27,26,23,3,1,0,1,7,0,7
S01007278,All families in households,173,160,144,140,4,16,11,5,13,1,12
S01007278,Families with no dependent children,104,102,94,93,1,8,7,1,2,1,1
S01007278,Families with dependent children: Total,69,58,50,47,3,8,4,4,11,0,11
S01007278,Families with dependent children: Youngest aged 0 to 4,19,18,15,15,0,3,2,1,1,0,1
S01007278,Families with dependent children: Youngest aged 5 to 11,25,21,17,15,2,4,2,2,4,0,4
S01007278,Families with dependent children: Youngest aged 12 to 18,25,19,18,17,1,1,0,1,6,0,6
S01007279,All families in households,170,150,131,126,5,19,16,3,20,5,15
S01007279,Families with no dependent children,114,108,94,94,0,14,13,1,6,2,4
S01007279,Families with dependent children: Total,56,42,37,32,5,5,3,2,14,3,11
S01007279,Families with dependent children: Youngest aged 0 to 4,14,13,9,9,0,4,2,2,1,0,1
S01007279,Families with dependent children: Youngest aged 5 to 11,21,11,11,11,0,0,0,0,10,3,7
S01007279,Families with dependent children: Youngest aged 12 to 18,21,18,17,12,5,1,1,0,3,0,3
S01007280,All families in households,171,148,119,113,6,29,22,7,23,4,19
S01007280,Families with no dependent children,108,100,84,82,2,16,16,0,8,2,6
S01007280,Families with dependent children: Total,63,48,35,31,4,13,6,7,15,2,13
S01007280,Families with dependent children: Youngest aged 0 to 4,28,21,15,12,3,6,4,2,7,0,7
S01007280,Families with dependent children: Youngest aged 5 to 11,21,19,13,12,1,6,2,4,2,0,2
S01007280,Families with dependent children: Youngest aged 12 to 18,14,8,7,7,0,1,0,1,6,2,4
S01007281,All families in households,265,242,202,185,17,40,32,8,23,5,18
S01007281,Families with no dependent children,161,152,128,123,5,24,22,2,9,1,8
S01007281,Families with dependent children: Total,104,90,74,62,12,16,10,6,14,4,10
S01007281,Families with dependent children: Youngest aged 0 to 4,31,28,23,18,5,5,5,0,3,0,3
S01007281,Families with dependent children: Youngest aged 5 to 11,41,39,33,28,5,6,3,3,2,0,2
S01007281,Families with dependent children: Youngest aged 12 to 18,32,23,18,16,2,5,2,3,9,4,5
S01007282,All families in households,163,144,114,111,3,30,25,5,19,5,14
S01007282,Families with no dependent children,99,91,74,74,0,17,16,1,8,4,4
S01007282,Families with dependent children: Total,64,53,40,37,3,13,9,4,11,1,10
S01007282,Families with dependent children: Youngest aged 0 to 4,15,13,8,7,1,5,5,0,2,0,2
S01007282,Families with dependent children: Youngest aged 5 to 11,27,23,19,19,0,4,2,2,4,0,4
S01007282,Families with dependent children: Youngest aged 12 to 18,22,17,13,11,2,4,2,2,5,1,4
S01007283,All families in households,314,291,252,246,6,39,35,4,23,1,22
S01007283,Families with no dependent children,217,209,182,182,0,27,27,0,8,1,7
S01007283,Families with dependent children: Total,97,82,70,64,6,12,8,4,15,0,15
S01007283,Families with dependent children: Youngest aged 0 to 4,29,27,18,18,0,9,8,1,2,0,2
S01007283,Families with dependent children: Youngest aged 5 to 11,37,31,29,26,3,2,0,2,6,0,6
S01007283,Families with dependent children: Youngest aged 12 to 18,31,24,23,20,3,1,0,1,7,0,7
S01007284,All families in households,247,205,164,157,7,41,40,1,42,6,36
S01007284,Families with no dependent children,157,143,115,113,2,28,28,0,14,3,11
S01007284,Families with dependent children: Total,90,62,49,44,5,13,12,1,28,3,25
S01007284,Families with dependent children: Youngest aged 0 to 4,37,30,21,20,1,9,9,0,7,0,7
S01007284,Families with dependent children: Youngest aged 5 to 11,28,13,12,11,1,1,0,1,15,2,13
S01007284,Families with dependent children: Youngest aged 12 to 18,25,19,16,13,3,3,3,0,6,1,5
S01007285,All families in households,265,235,199,195,4,36,31,5,30,7,23
S01007285,Families with no dependent children,173,158,138,138,0,20,20,0,15,3,12
S01007285,Families with dependent children: Total,92,77,61,57,4,16,11,5,15,4,11
S01007285,Families with dependent children: Youngest aged 0 to 4,30,27,20,20,0,7,6,1,3,1,2
S01007285,Families with dependent children: Youngest aged 5 to 11,32,28,23,21,2,5,3,2,4,2,2
S01007285,Families with dependent children: Youngest aged 12 to 18,30,22,18,16,2,4,2,2,8,1,7
S01007286,All families in households,282,226,171,168,3,55,53,2,56,6,50
S01007286,Families with no dependent children,171,151,115,115,0,36,36,0,20,6,14
S01007286,Families with dependent children: Total,111,75,56,53,3,19,17,2,36,0,36
S01007286,Families with dependent children: Youngest aged 0 to 4,42,33,18,18,0,15,14,1,9,0,9
S01007286,Families with dependent children: Youngest aged 5 to 11,38,22,19,18,1,3,2,1,16,0,16
S01007286,Families with dependent children: Youngest aged 12 to 18,31,20,19,17,2,1,1,0,11,0,11
S01007287,All families in households,158,146,115,110,5,31,29,2,12,0,12
S01007287,Families with no dependent children,106,103,84,82,2,19,19,0,3,0,3
S01007287,Families with dependent children: Total,52,43,31,28,3,12,10,2,9,0,9
S01007287,Families with dependent children: Youngest aged 0 to 4,32,29,20,18,2,9,8,1,3,0,3
S01007287,Families with dependent children: Youngest aged 5 to 11,12,9,6,6,0,3,2,1,3,0,3
S01007287,Families with dependent children: Youngest aged 12 to 18,8,5,5,4,1,0,0,0,3,0,3
S01007288,All families in households,175,164,139,139,0,25,23,2,11,1,10
S01007288,Families with no dependent children,134,128,111,111,0,17,16,1,6,1,5
S01007288,Families with dependent children: Total,41,36,28,28,0,8,7,1,5,0,5
S01007288,Families with dependent children: Youngest aged 0 to 4,10,10,6,6,0,4,4,0,0,0,0
S01007288,Families with dependent children: Youngest aged 5 to 11,21,17,13,13,0,4,3,1,4,0,4
S01007288,Families with dependent children: Youngest aged 12 to 18,10,9,9,9,0,0,0,0,1,0,1
S01007289,All families in households,249,229,199,193,6,30,25,5,20,8,12
S01007289,Families with no dependent children,162,152,134,134,0,18,15,3,10,5,5
S01007289,Families with dependent children: Total,87,77,65,59,6,12,10,2,10,3,7
S01007289,Families with dependent children: Youngest aged 0 to 4,22,19,16,15,1,3,3,0,3,1,2
S01007289,Families with dependent children: Youngest aged 5 to 11,33,31,25,22,3,6,5,1,2,1,1
S01007289,Families with dependent children: Youngest aged 12 to 18,32,27,24,22,2,3,2,1,5,1,4
S01007290,All families in households,222,159,101,89,12,58,45,13,63,5,58
S01007290,Families with no dependent children,53,46,29,28,1,17,17,0,7,2,5
S01007290,Families with dependent children: Total,169,113,72,61,11,41,28,13,56,3,53
S01007290,Families with dependent children: Youngest aged 0 to 4,76,62,33,25,8,29,23,6,14,1,13
S01007290,Families with dependent children: Youngest aged 5 to 11,57,32,22,20,2,10,5,5,25,2,23
S01007290,Families with dependent children: Youngest aged 12 to 18,36,19,17,16,1,2,0,2,17,0,17
S01007291,All families in households,179,139,109,105,4,30,28,2,40,3,37
S01007291,Families with no dependent children,112,100,77,74,3,23,21,2,12,1,11
S01007291,Families with dependent children: Total,67,39,32,31,1,7,7,0,28,2,26
S01007291,Families with dependent children: Youngest aged 0 to 4,26,16,10,10,0,6,6,0,10,0,10
S01007291,Families with dependent children: Youngest aged 5 to 11,20,10,9,9,0,1,1,0,10,0,10
S01007291,Families with dependent children: Youngest aged 12 to 18,21,13,13,12,1,0,0,0,8,2,6
S01007292,All families in households,232,210,179,176,3,31,24,7,22,2,20
S01007292,Families with no dependent children,137,127,114,113,1,13,11,2,10,1,9
S01007292,Families with dependent children: Total,95,83,65,63,2,18,13,5,12,1,11
S01007292,Families with dependent children: Youngest aged 0 to 4,27,27,12,11,1,15,11,4,0,0,0
S01007292,Families with dependent children: Youngest aged 5 to 11,31,27,24,24,0,3,2,1,4,0,4
S01007292,Families with dependent children: Youngest aged 12 to 18,37,29,29,28,1,0,0,0,8,1,7
S01007293,All families in households,234,141,97,86,11,44,36,8,93,18,75
S01007293,Families with no dependent children,104,77,60,55,5,17,16,1,27,10,17
S01007293,Families with dependent children: Total,130,64,37,31,6,27,20,7,66,8,58
S01007293,Families with dependent children: Youngest aged 0 to 4,45,27,11,9,2,16,14,2,18,2,16
S01007293,Families with dependent children: Youngest aged 5 to 11,49,19,11,11,0,8,4,4,30,6,24
S01007293,Families with dependent children: Youngest aged 12 to 18,36,18,15,11,4,3,2,1,18,0,18
S01007294,All families in households,252,205,172,164,8,33,29,4,47,5,42
S01007294,Families with no dependent children,157,141,123,120,3,18,17,1,16,2,14
S01007294,Families with dependent children: Total,95,64,49,44,5,15,12,3,31,3,28
S01007294,Families with dependent children: Youngest aged 0 to 4,36,25,20,19,1,5,2,3,11,0,11
S01007294,Families with dependent children: Youngest aged 5 to 11,34,25,17,15,2,8,8,0,9,2,7
S01007294,Families with dependent children: Youngest aged 12 to 18,25,14,12,10,2,2,2,0,11,1,10
S01007295,All families in households,119,68,38,37,1,30,28,2,51,3,48
S01007295,Families with no dependent children,59,43,26,25,1,17,16,1,16,2,14
S01007295,Families with dependent children: Total,60,25,12,12,0,13,12,1,35,1,34
S01007295,Families with dependent children: Youngest aged 0 to 4,25,16,9,9,0,7,7,0,9,0,9
S01007295,Families with dependent children: Youngest aged 5 to 11,20,5,1,1,0,4,4,0,15,1,14
S01007295,Families with dependent children: Youngest aged 12 to 18,15,4,2,2,0,2,1,1,11,0,11
S01007296,All families in households,116,88,48,46,2,40,36,4,28,6,22
S01007296,Families with no dependent children,82,71,38,38,0,33,32,1,11,2,9
S01007296,Families with dependent children: Total,34,17,10,8,2,7,4,3,17,4,13
S01007296,Families with dependent children: Youngest aged 0 to 4,11,6,3,3,0,3,2,1,5,0,5
S01007296,Families with dependent children: Youngest aged 5 to 11,9,6,3,1,2,3,2,1,3,0,3
S01007296,Families with dependent children: Youngest aged 12 to 18,14,5,4,4,0,1,0,1,9,4,5
S01007297,All families in households,230,197,156,154,2,41,39,2,33,6,27
S01007297,Families with no dependent children,143,133,102,102,0,31,31,0,10,2,8
S01007297,Families with dependent children: Total,87,64,54,52,2,10,8,2,23,4,19
S01007297,Families with dependent children: Youngest aged 0 to 4,39,29,23,22,1,6,5,1,10,2,8
S01007297,Families with dependent children: Youngest aged 5 to 11,21,17,15,14,1,2,1,1,4,1,3
S01007297,Families with dependent children: Youngest aged 12 to 18,27,18,16,16,0,2,2,0,9,1,8
S01007298,All families in households,156,120,92,88,4,28,23,5,36,10,26
S01007298,Families with no dependent children,90,72,58,56,2,14,14,0,18,3,15
S01007298,Families with dependent children: Total,66,48,34,32,2,14,9,5,18,7,11
S01007298,Families with dependent children: Youngest aged 0 to 4,25,23,16,16,0,7,5,2,2,1,1
S01007298,Families with dependent children: Youngest aged 5 to 11,18,11,7,6,1,4,2,2,7,3,4
S01007298,Families with dependent children: Youngest aged 12 to 18,23,14,11,10,1,3,2,1,9,3,6
S01007299,All families in households,220,175,121,113,8,54,52,2,45,4,41
S01007299,Families with no dependent children,126,112,81,77,4,31,31,0,14,2,12
S01007299,Families with dependent children: Total,94,63,40,36,4,23,21,2,31,2,29
S01007299,Families with dependent children: Youngest aged 0 to 4,41,31,13,13,0,18,16,2,10,0,10
S01007299,Families with dependent children: Youngest aged 5 to 11,18,11,7,6,1,4,4,0,7,0,7
S01007299,Families with dependent children: Youngest aged 12 to 18,35,21,20,17,3,1,1,0,14,2,12
S01007300,All families in households,128,94,72,70,2,22,16,6,34,3,31
S01007300,Families with no dependent children,72,61,52,52,0,9,8,1,11,1,10
S01007300,Families with dependent children: Total,56,33,20,18,2,13,8,5,23,2,21
S01007300,Families with dependent children: Youngest aged 0 to 4,23,12,5,5,0,7,5,2,11,0,11
S01007300,Families with dependent children: Youngest aged 5 to 11,20,11,9,8,1,2,1,1,9,1,8
S01007300,Families with dependent children: Youngest aged 12 to 18,13,10,6,5,1,4,2,2,3,1,2
S01007301,All families in households,234,218,187,182,5,31,27,4,16,5,11
S01007301,Families with no dependent children,158,146,125,125,0,21,20,1,12,3,9
S01007301,Families with dependent children: Total,76,72,62,57,5,10,7,3,4,2,2
S01007301,Families with dependent children: Youngest aged 0 to 4,26,26,20,20,0,6,5,1,0,0,0
S01007301,Families with dependent children: Youngest aged 5 to 11,24,24,23,21,2,1,1,0,0,0,0
S01007301,Families with dependent children: Youngest aged 12 to 18,26,22,19,16,3,3,1,2,4,2,2
S01007302,All families in households,179,152,125,117,8,27,24,3,27,6,21
S01007302,Families with no dependent children,116,102,84,79,5,18,17,1,14,2,12
S01007302,Families with dependent children: Total,63,50,41,38,3,9,7,2,13,4,9
S01007302,Families with dependent children: Youngest aged 0 to 4,21,16,10,10,0,6,6,0,5,0,5
S01007302,Families with dependent children: Youngest aged 5 to 11,20,18,17,15,2,1,1,0,2,0,2
S01007302,Families with dependent children: Youngest aged 12 to 18,22,16,14,13,1,2,0,2,6,4,2
S01007303,All families in households,264,243,207,202,5,36,32,4,21,4,17
S01007303,Families with no dependent children,171,162,134,133,1,28,27,1,9,2,7
S01007303,Families with dependent children: Total,93,81,73,69,4,8,5,3,12,2,10
S01007303,Families with dependent children: Youngest aged 0 to 4,28,24,22,22,0,2,1,1,4,0,4
S01007303,Families with dependent children: Youngest aged 5 to 11,34,32,26,24,2,6,4,2,2,0,2
S01007303,Families with dependent children: Youngest aged 12 to 18,31,25,25,23,2,0,0,0,6,2,4
S01007304,All families in households,222,196,170,164,6,26,19,7,26,2,24
S01007304,Families with no dependent children,157,147,130,128,2,17,14,3,10,2,8
S01007304,Families with dependent children: Total,65,49,40,36,4,9,5,4,16,0,16
S01007304,Families with dependent children: Youngest aged 0 to 4,23,22,20,17,3,2,1,1,1,0,1
S01007304,Families with dependent children: Youngest aged 5 to 11,19,10,6,5,1,4,3,1,9,0,9
S01007304,Families with dependent children: Youngest aged 12 to 18,23,17,14,14,0,3,1,2,6,0,6
S01007305,All families in households,235,216,187,179,8,29,26,3,19,6,13
S01007305,Families with no dependent children,150,142,126,124,2,16,16,0,8,4,4
S01007305,Families with dependent children: Total,85,74,61,55,6,13,10,3,11,2,9
S01007305,Families with dependent children: Youngest aged 0 to 4,33,29,22,20,2,7,7,0,4,0,4
S01007305,Families with dependent children: Youngest aged 5 to 11,24,20,16,13,3,4,1,3,4,1,3
S01007305,Families with dependent children: Youngest aged 12 to 18,28,25,23,22,1,2,2,0,3,1,2
S01007306,All families in households,229,198,166,162,4,32,29,3,31,3,28
S01007306,Families with no dependent children,134,126,105,103,2,21,20,1,8,0,8
S01007306,Families with dependent children: Total,95,72,61,59,2,11,9,2,23,3,20
S01007306,Families with dependent children: Youngest aged 0 to 4,32,26,19,18,1,7,6,1,6,0,6
S01007306,Families with dependent children: Youngest aged 5 to 11,39,30,26,25,1,4,3,1,9,2,7
S01007306,Families with dependent children: Youngest aged 12 to 18,24,16,16,16,0,0,0,0,8,1,7
S01007307,All families in households,241,221,189,183,6,32,29,3,20,8,12
S01007307,Families with no dependent children,166,156,135,131,4,21,20,1,10,5,5
S01007307,Families with dependent children: Total,75,65,54,52,2,11,9,2,10,3,7
S01007307,Families with dependent children: Youngest aged 0 to 4,22,19,16,15,1,3,3,0,3,1,2
S01007307,Families with dependent children: Youngest aged 5 to 11,26,23,17,17,0,6,4,2,3,2,1
S01007307,Families with dependent children: Youngest aged 12 to 18,27,23,21,20,1,2,2,0,4,0,4
S01007308,All families in households,230,199,168,162,6,31,28,3,31,4,27
S01007308,Families with no dependent children,157,142,121,121,0,21,21,0,15,2,13
S01007308,Families with dependent children: Total,73,57,47,41,6,10,7,3,16,2,14
S01007308,Families with dependent children: Youngest aged 0 to 4,22,17,13,9,4,4,4,0,5,0,5
S01007308,Families with dependent children: Youngest aged 5 to 11,26,22,18,18,0,4,2,2,4,2,2
S01007308,Families with dependent children: Youngest aged 12 to 18,25,18,16,14,2,2,1,1,7,0,7
S01007309,All families in households,192,169,145,140,5,24,21,3,23,2,21
S01007309,Families with no dependent children,132,129,111,110,1,18,18,0,3,2,1
S01007309,Families with dependent children: Total,60,40,34,30,4,6,3,3,20,0,20
S01007309,Families with dependent children: Youngest aged 0 to 4,21,16,11,10,1,5,2,3,5,0,5
S01007309,Families with dependent children: Youngest aged 5 to 11,18,13,13,11,2,0,0,0,5,0,5
S01007309,Families with dependent children: Youngest aged 12 to 18,21,11,10,9,1,1,1,0,10,0,10
S01007310,All families in households,247,232,196,191,5,36,33,3,15,1,14
S01007310,Families with no dependent children,171,167,142,142,0,25,25,0,4,1,3
S01007310,Families with dependent children: Total,76,65,54,49,5,11,8,3,11,0,11
S01007310,Families with dependent children: Youngest aged 0 to 4,20,19,11,10,1,8,6,2,1,0,1
S01007310,Families with dependent children: Youngest aged 5 to 11,30,27,25,22,3,2,1,1,3,0,3
S01007310,Families with dependent children: Youngest aged 12 to 18,26,19,18,17,1,1,1,0,7,0,7
S01007311,All families in households,210,182,145,142,3,37,35,2,28,7,21
S01007311,Families with no dependent children,136,124,101,101,0,23,23,0,12,5,7
S01007311,Families with dependent children: Total,74,58,44,41,3,14,12,2,16,2,14
S01007311,Families with dependent children: Youngest aged 0 to 4,26,22,13,13,0,9,8,1,4,1,3
S01007311,Families with dependent children: Youngest aged 5 to 11,29,22,17,17,0,5,4,1,7,1,6
S01007311,Families with dependent children: Youngest aged 12 to 18,19,14,14,11,3,0,0,0,5,0,5
S01007312,All families in households,247,216,187,182,5,29,22,7,31,8,23
S01007312,Families with no dependent children,171,158,140,140,0,18,18,0,13,5,8
S01007312,Families with dependent children: Total,76,58,47,42,5,11,4,7,18,3,15
S01007312,Families with dependent children: Youngest aged 0 to 4,26,20,15,14,1,5,3,2,6,0,6
S01007312,Families with dependent children: Youngest aged 5 to 11,31,22,17,15,2,5,1,4,9,3,6
S01007312,Families with dependent children: Youngest aged 12 to 18,19,16,15,13,2,1,0,1,3,0,3
S01007313,All families in households,308,284,241,235,6,43,41,2,24,8,16
S01007313,Families with no dependent children,220,210,180,177,3,30,30,0,10,3,7
S01007313,Families with dependent children: Total,88,74,61,58,3,13,11,2,14,5,9
S01007313,Families with dependent children: Youngest aged 0 to 4,22,17,14,13,1,3,2,1,5,1,4
S01007313,Families with dependent children: Youngest aged 5 to 11,33,31,27,25,2,4,4,0,2,0,2
S01007313,Families with dependent children: Youngest aged 12 to 18,33,26,20,20,0,6,5,1,7,4,3
S01007314,All families in households,197,175,137,136,1,38,34,4,22,13,9
S01007314,Families with no dependent children,126,117,90,89,1,27,27,0,9,7,2
S01007314,Families with dependent children: Total,71,58,47,47,0,11,7,4,13,6,7
S01007314,Families with dependent children: Youngest aged 0 to 4,25,22,16,16,0,6,6,0,3,0,3
S01007314,Families with dependent children: Youngest aged 5 to 11,24,20,19,19,0,1,1,0,4,3,1
S01007314,Families with dependent children: Youngest aged 12 to 18,22,16,12,12,0,4,0,4,6,3,3
S01007315,All families in households,287,245,185,178,7,60,54,6,42,8,34
S01007315,Families with no dependent children,178,158,122,121,1,36,35,1,20,6,14
S01007315,Families with dependent children: Total,109,87,63,57,6,24,19,5,22,2,20
S01007315,Families with dependent children: Youngest aged 0 to 4,40,32,19,18,1,13,12,1,8,1,7
S01007315,Families with dependent children: Youngest aged 5 to 11,29,26,20,18,2,6,4,2,3,0,3
S01007315,Families with dependent children: Youngest aged 12 to 18,40,29,24,21,3,5,3,2,11,1,10
S01007316,All families in households,240,185,138,132,6,47,41,6,55,5,50
S01007316,Families with no dependent children,153,130,98,97,1,32,31,1,23,0,23
S01007316,Families with dependent children: Total,87,55,40,35,5,15,10,5,32,5,27
S01007316,Families with dependent children: Youngest aged 0 to 4,27,20,11,8,3,9,6,3,7,0,7
S01007316,Families with dependent children: Youngest aged 5 to 11,25,16,10,10,0,6,4,2,9,1,8
S01007316,Families with dependent children: Youngest aged 12 to 18,35,19,19,17,2,0,0,0,16,4,12
S01007317,All families in households,180,153,118,113,5,35,24,11,27,4,23
S01007317,Families with no dependent children,87,80,62,61,1,18,16,2,7,2,5
S01007317,Families with dependent children: Total,93,73,56,52,4,17,8,9,20,2,18
S01007317,Families with dependent children: Youngest aged 0 to 4,31,27,20,19,1,7,3,4,4,0,4
S01007317,Families with dependent children: Youngest aged 5 to 11,26,18,14,13,1,4,2,2,8,1,7
S01007317,Families with dependent children: Youngest aged 12 to 18,36,28,22,20,2,6,3,3,8,1,7
S01007318,All families in households,183,150,119,115,4,31,24,7,33,3,30
S01007318,Families with no dependent children,102,90,78,77,1,12,12,0,12,3,9
S01007318,Families with dependent children: Total,81,60,41,38,3,19,12,7,21,0,21
S01007318,Families with dependent children: Youngest aged 0 to 4,24,20,12,12,0,8,6,2,4,0,4
S01007318,Families with dependent children: Youngest aged 5 to 11,32,22,16,15,1,6,4,2,10,0,10
S01007318,Families with dependent children: Youngest aged 12 to 18,25,18,13,11,2,5,2,3,7,0,7
S01007319,All families in households,200,175,144,141,3,31,26,5,25,3,22
S01007319,Families with no dependent children,122,113,97,97,0,16,15,1,9,1,8
S01007319,Families with dependent children: Total,78,62,47,44,3,15,11,4,16,2,14
S01007319,Families with dependent children: Youngest aged 0 to 4,26,22,11,11,0,11,10,1,4,0,4
S01007319,Families with dependent children: Youngest aged 5 to 11,21,20,18,17,1,2,1,1,1,0,1
S01007319,Families with dependent children: Youngest aged 12 to 18,31,20,18,16,2,2,0,2,11,2,9
S01007320,All families in households,227,202,176,170,6,26,21,5,25,8,17
S01007320,Families with no dependent children,150,138,122,121,1,16,15,1,12,5,7
S01007320,Families with dependent children: Total,77,64,54,49,5,10,6,4,13,3,10
S01007320,Families with dependent children: Youngest aged 0 to 4,17,14,9,9,0,5,2,3,3,0,3
S01007320,Families with dependent children: Youngest aged 5 to 11,22,21,19,18,1,2,1,1,1,0,1
S01007320,Families with dependent children: Youngest aged 12 to 18,38,29,26,22,4,3,3,0,9,3,6
S01007321,All families in households,198,180,159,156,3,21,20,1,18,4,14
S01007321,Families with no dependent children,152,142,126,125,1,16,16,0,10,3,7
S01007321,Families with dependent children: Total,46,38,33,31,2,5,4,1,8,1,7
S01007321,Families with dependent children: Youngest aged 0 to 4,14,13,12,12,0,1,1,0,1,0,1
S01007321,Families with dependent children: Youngest aged 5 to 11,14,10,7,7,0,3,3,0,4,1,3
S01007321,Families with dependent children: Youngest aged 12 to 18,18,15,14,12,2,1,0,1,3,0,3
S01007322,All families in households,209,173,130,123,7,43,33,10,36,6,30
S01007322,Families with no dependent children,136,116,90,89,1,26,22,4,20,5,15
S01007322,Families with dependent children: Total,73,57,40,34,6,17,11,6,16,1,15
S01007322,Families with dependent children: Youngest aged 0 to 4,23,20,8,5,3,12,9,3,3,0,3
S01007322,Families with dependent children: Youngest aged 5 to 11,26,20,17,17,0,3,2,1,6,1,5
S01007322,Families with dependent children: Youngest aged 12 to 18,24,17,15,12,3,2,0,2,7,0,7
S01007323,All families in households,137,112,92,89,3,20,17,3,25,6,19
S01007323,Families with no dependent children,94,83,72,72,0,11,10,1,11,4,7
S01007323,Families with dependent children: Total,43,29,20,17,3,9,7,2,14,2,12
S01007323,Families with dependent children: Youngest aged 0 to 4,11,11,6,5,1,5,4,1,0,0,0
S01007323,Families with dependent children: Youngest aged 5 to 11,14,9,6,6,0,3,2,1,5,0,5
S01007323,Families with dependent children: Youngest aged 12 to 18,18,9,8,6,2,1,1,0,9,2,7
S01007324,All families in households,92,88,73,72,1,15,15,0,4,1,3
S01007324,Families with no dependent children,69,68,57,57,0,11,11,0,1,0,1
S01007324,Families with dependent children: Total,23,20,16,15,1,4,4,0,3,1,2
S01007324,Families with dependent children: Youngest aged 0 to 4,8,8,6,6,0,2,2,0,0,0,0
S01007324,Families with dependent children: Youngest aged 5 to 11,7,6,4,4,0,2,2,0,1,0,1
S01007324,Families with dependent children: Youngest aged 12 to 18,8,6,6,5,1,0,0,0,2,1,1
S01007325,All families in households,244,207,170,163,7,37,29,8,37,4,33
S01007325,Families with no dependent children,155,141,119,117,2,22,21,1,14,2,12
S01007325,Families with dependent children: Total,89,66,51,46,5,15,8,7,23,2,21
S01007325,Families with dependent children: Youngest aged 0 to 4,33,28,20,17,3,8,5,3,5,0,5
S01007325,Families with dependent children: Youngest aged 5 to 11,42,30,25,24,1,5,2,3,12,2,10
S01007325,Families with dependent children: Youngest aged 12 to 18,14,8,6,5,1,2,1,1,6,0,6
S01007326,All families in households,246,226,187,182,5,39,30,9,20,4,16
S01007326,Families with no dependent children,176,168,146,145,1,22,20,2,8,3,5
S01007326,Families with dependent children: Total,70,58,41,37,4,17,10,7,12,1,11
S01007326,Families with dependent children: Youngest aged 0 to 4,13,12,7,6,1,5,4,1,1,0,1
S01007326,Families with dependent children: Youngest aged 5 to 11,29,22,14,14,0,8,4,4,7,0,7
S01007326,Families with dependent children: Youngest aged 12 to 18,28,24,20,17,3,4,2,2,4,1,3
S01007327,All families in households,234,178,134,130,4,44,40,4,56,7,49
S01007327,Families with no dependent children,151,127,102,100,2,25,25,0,24,5,19
S01007327,Families with dependent children: Total,83,51,32,30,2,19,15,4,32,2,30
S01007327,Families with dependent children: Youngest aged 0 to 4,26,21,11,10,1,10,8,2,5,0,5
S01007327,Families with dependent children: Youngest aged 5 to 11,31,21,13,12,1,8,7,1,10,0,10
S01007327,Families with dependent children: Youngest aged 12 to 18,26,9,8,8,0,1,0,1,17,2,15
S01007328,All families in households,243,193,151,144,7,42,34,8,50,8,42
S01007328,Families with no dependent children,157,135,106,105,1,29,26,3,22,5,17
S01007328,Families with dependent children: Total,86,58,45,39,6,13,8,5,28,3,25
S01007328,Families with dependent children: Youngest aged 0 to 4,26,22,16,15,1,6,5,1,4,0,4
S01007328,Families with dependent children: Youngest aged 5 to 11,23,15,12,10,2,3,1,2,8,0,8
S01007328,Families with dependent children: Youngest aged 12 to 18,37,21,17,14,3,4,2,2,16,3,13
S01007329,All families in households,207,175,151,146,5,24,21,3,32,7,25
S01007329,Families with no dependent children,126,111,98,97,1,13,13,0,15,5,10
S01007329,Families with dependent children: Total,81,64,53,49,4,11,8,3,17,2,15
S01007329,Families with dependent children: Youngest aged 0 to 4,23,21,15,14,1,6,4,2,2,0,2
S01007329,Families with dependent children: Youngest aged 5 to 11,33,23,21,18,3,2,2,0,10,0,10
S01007329,Families with dependent children: Youngest aged 12 to 18,25,20,17,17,0,3,2,1,5,2,3
S01007330,All families in households,255,230,199,194,5,31,26,5,25,7,18
S01007330,Families with no dependent children,200,189,164,164,0,25,24,1,11,5,6
S01007330,Families with dependent children: Total,55,41,35,30,5,6,2,4,14,2,12
S01007330,Families with dependent children: Youngest aged 0 to 4,15,12,9,9,0,3,1,2,3,0,3
S01007330,Families with dependent children: Youngest aged 5 to 11,23,15,14,12,2,1,0,1,8,0,8
S01007330,Families with dependent children: Youngest aged 12 to 18,17,14,12,9,3,2,1,1,3,2,1
S01007331,All families in households,309,270,218,204,14,52,41,11,39,3,36
S01007331,Families with no dependent children,203,181,155,153,2,26,24,2,22,2,20
S01007331,Families with dependent children: Total,106,89,63,51,12,26,17,9,17,1,16
S01007331,Families with dependent children: Youngest aged 0 to 4,31,29,17,13,4,12,10,2,2,0,2
S01007331,Families with dependent children: Youngest aged 5 to 11,39,34,28,27,1,6,4,2,5,0,5
S01007331,Families with dependent children: Youngest aged 12 to 18,36,26,18,11,7,8,3,5,10,1,9
S01007332,All families in households,157,137,124,121,3,13,10,3,20,5,15
S01007332,Families with no dependent children,101,90,82,82,0,8,7,1,11,2,9
S01007332,Families with dependent children: Total,56,47,42,39,3,5,3,2,9,3,6
S01007332,Families with dependent children: Youngest aged 0 to 4,7,5,4,2,2,1,1,0,2,0,2
S01007332,Families with dependent children: Youngest aged 5 to 11,22,20,16,16,0,4,2,2,2,1,1
S01007332,Families with dependent children: Youngest aged 12 to 18,27,22,22,21,1,0,0,0,5,2,3
S01007333,All families in households,245,209,176,174,2,33,28,5,36,4,32
S01007333,Families with no dependent children,158,147,130,129,1,17,15,2,11,0,11
S01007333,Families with dependent children: Total,87,62,46,45,1,16,13,3,25,4,21
S01007333,Families with dependent children: Youngest aged 0 to 4,28,23,13,13,0,10,9,1,5,0,5
S01007333,Families with dependent children: Youngest aged 5 to 11,27,21,17,16,1,4,3,1,6,0,6
S01007333,Families with dependent children: Youngest aged 12 to 18,32,18,16,16,0,2,1,1,14,4,10
S01007334,All families in households,188,127,94,88,6,33,24,9,61,7,54
S01007334,Families with no dependent children,98,83,63,61,2,20,20,0,15,3,12
S01007334,Families with dependent children: Total,90,44,31,27,4,13,4,9,46,4,42
S01007334,Families with dependent children: Youngest aged 0 to 4,43,21,14,11,3,7,2,5,22,1,21
S01007334,Families with dependent children: Youngest aged 5 to 11,24,15,11,10,1,4,0,4,9,1,8
S01007334,Families with dependent children: Youngest aged 12 to 18,23,8,6,6,0,2,2,0,15,2,13
S01007335,All families in households,228,172,141,131,10,31,28,3,56,4,52
S01007335,Families with no dependent children,131,113,107,102,5,6,6,0,18,3,15
S01007335,Families with dependent children: Total,97,59,34,29,5,25,22,3,38,1,37
S01007335,Families with dependent children: Youngest aged 0 to 4,47,30,13,12,1,17,17,0,17,0,17
S01007335,Families with dependent children: Youngest aged 5 to 11,26,11,8,6,2,3,2,1,15,1,14
S01007335,Families with dependent children: Youngest aged 12 to 18,24,18,13,11,2,5,3,2,6,0,6
S01007336,All families in households,111,81,57,57,0,24,20,4,30,5,25
S01007336,Families with no dependent children,61,53,39,39,0,14,14,0,8,1,7
S01007336,Families with dependent children: Total,50,28,18,18,0,10,6,4,22,4,18
S01007336,Families with dependent children: Youngest aged 0 to 4,23,12,7,7,0,5,4,1,11,2,9
S01007336,Families with dependent children: Youngest aged 5 to 11,14,8,5,5,0,3,1,2,6,1,5
S01007336,Families with dependent children: Youngest aged 12 to 18,13,8,6,6,0,2,1,1,5,1,4
S01007337,All families in households,155,127,100,93,7,27,24,3,28,1,27
S01007337,Families with no dependent children,99,93,76,74,2,17,17,0,6,1,5
S01007337,Families with dependent children: Total,56,34,24,19,5,10,7,3,22,0,22
S01007337,Families with dependent children: Youngest aged 0 to 4,25,14,9,7,2,5,5,0,11,0,11
S01007337,Families with dependent children: Youngest aged 5 to 11,16,13,10,8,2,3,1,2,3,0,3
S01007337,Families with dependent children: Youngest aged 12 to 18,15,7,5,4,1,2,1,1,8,0,8
S01007338,All families in households,230,186,158,152,6,28,20,8,44,7,37
S01007338,Families with no dependent children,133,112,101,100,1,11,10,1,21,4,17
S01007338,Families with dependent children: Total,97,74,57,52,5,17,10,7,23,3,20
S01007338,Families with dependent children: Youngest aged 0 to 4,32,28,14,14,0,14,9,5,4,0,4
S01007338,Families with dependent children: Youngest aged 5 to 11,35,26,24,21,3,2,0,2,9,0,9
S01007338,Families with dependent children: Youngest aged 12 to 18,30,20,19,17,2,1,1,0,10,3,7
S01007339,All families in households,174,161,139,137,2,22,17,5,13,0,13
S01007339,Families with no dependent children,113,107,95,95,0,12,11,1,6,0,6
S01007339,Families with dependent children: Total,61,54,44,42,2,10,6,4,7,0,7
S01007339,Families with dependent children: Youngest aged 0 to 4,22,21,19,19,0,2,2,0,1,0,1
S01007339,Families with dependent children: Youngest aged 5 to 11,16,14,10,9,1,4,1,3,2,0,2
S01007339,Families with dependent children: Youngest aged 12 to 18,23,19,15,14,1,4,3,1,4,0,4
S01007340,All families in households,119,102,85,81,4,17,14,3,17,2,15
S01007340,Families with no dependent children,77,70,64,64,0,6,6,0,7,1,6
S01007340,Families with dependent children: Total,42,32,21,17,4,11,8,3,10,1,9
S01007340,Families with dependent children: Youngest aged 0 to 4,17,12,6,5,1,6,5,1,5,0,5
S01007340,Families with dependent children: Youngest aged 5 to 11,13,11,9,7,2,2,1,1,2,0,2
S01007340,Families with dependent children: Youngest aged 12 to 18,12,9,6,5,1,3,2,1,3,1,2
S01007341,All families in households,216,192,175,169,6,17,15,2,24,5,19
S01007341,Families with no dependent children,148,142,131,128,3,11,10,1,6,3,3
S01007341,Families with dependent children: Total,68,50,44,41,3,6,5,1,18,2,16
S01007341,Families with dependent children: Youngest aged 0 to 4,18,16,13,12,1,3,3,0,2,0,2
S01007341,Families with dependent children: Youngest aged 5 to 11,27,22,20,19,1,2,2,0,5,0,5
S01007341,Families with dependent children: Youngest aged 12 to 18,23,12,11,10,1,1,0,1,11,2,9
S01007342,All families in households,254,241,213,204,9,28,26,2,13,4,9
S01007342,Families with no dependent children,179,174,156,152,4,18,18,0,5,2,3
S01007342,Families with dependent children: Total,75,67,57,52,5,10,8,2,8,2,6
S01007342,Families with dependent children: Youngest aged 0 to 4,18,17,12,11,1,5,4,1,1,0,1
S01007342,Families with dependent children: Youngest aged 5 to 11,18,16,13,11,2,3,3,0,2,0,2
S01007342,Families with dependent children: Youngest aged 12 to 18,39,34,32,30,2,2,1,1,5,2,3
S01007343,All families in households,208,189,171,169,2,18,13,5,19,9,10
S01007343,Families with no dependent children,155,142,130,130,0,12,9,3,13,8,5
S01007343,Families with dependent children: Total,53,47,41,39,2,6,4,2,6,1,5
S01007343,Families with dependent children: Youngest aged 0 to 4,17,16,12,12,0,4,3,1,1,0,1
S01007343,Families with dependent children: Youngest aged 5 to 11,20,18,17,15,2,1,0,1,2,1,1
S01007343,Families with dependent children: Youngest aged 12 to 18,16,13,12,12,0,1,1,0,3,0,3
S01007344,All families in households,122,101,88,87,1,13,11,2,21,3,18
S01007344,Families with no dependent children,85,75,65,65,0,10,9,1,10,2,8
S01007344,Families with dependent children: Total,37,26,23,22,1,3,2,1,11,1,10
S01007344,Families with dependent children: Youngest aged 0 to 4,8,7,4,4,0,3,2,1,1,0,1
S01007344,Families with dependent children: Youngest aged 5 to 11,11,8,8,8,0,0,0,0,3,0,3
S01007344,Families with dependent children: Youngest aged 12 to 18,18,11,11,10,1,0,0,0,7,1,6
S01007345,All families in households,145,96,55,50,5,41,33,8,49,3,46
S01007345,Families with no dependent children,56,48,27,25,2,21,20,1,8,2,6
S01007345,Families with dependent children: Total,89,48,28,25,3,20,13,7,41,1,40
S01007345,Families with dependent children: Youngest aged 0 to 4,45,25,13,12,1,12,8,4,20,0,20
S01007345,Families with dependent children: Youngest aged 5 to 11,23,12,8,6,2,4,3,1,11,0,11
S01007345,Families with dependent children: Youngest aged 12 to 18,21,11,7,7,0,4,2,2,10,1,9
S01007346,All families in households,122,85,59,59,0,26,21,5,37,7,30
S01007346,Families with no dependent children,81,66,48,48,0,18,17,1,15,4,11
S01007346,Families with dependent children: Total,41,19,11,11,0,8,4,4,22,3,19
S01007346,Families with dependent children: Youngest aged 0 to 4,16,10,4,4,0,6,4,2,6,1,5
S01007346,Families with dependent children: Youngest aged 5 to 11,10,3,3,3,0,0,0,0,7,2,5
S01007346,Families with dependent children: Youngest aged 12 to 18,15,6,4,4,0,2,0,2,9,0,9
S01007347,All families in households,157,120,99,93,6,21,16,5,37,4,33
S01007347,Families with no dependent children,105,90,78,78,0,12,11,1,15,2,13
S01007347,Families with dependent children: Total,52,30,21,15,6,9,5,4,22,2,20
S01007347,Families with dependent children: Youngest aged 0 to 4,13,10,7,5,2,3,2,1,3,0,3
S01007347,Families with dependent children: Youngest aged 5 to 11,14,8,5,5,0,3,1,2,6,1,5
S01007347,Families with dependent children: Youngest aged 12 to 18,25,12,9,5,4,3,2,1,13,1,12
S01007348,All families in households,162,116,97,93,4,19,13,6,46,7,39
S01007348,Families with no dependent children,82,70,63,62,1,7,5,2,12,3,9
S01007348,Families with dependent children: Total,80,46,34,31,3,12,8,4,34,4,30
S01007348,Families with dependent children: Youngest aged 0 to 4,26,15,10,9,1,5,5,0,11,0,11
S01007348,Families with dependent children: Youngest aged 5 to 11,29,17,12,10,2,5,3,2,12,2,10
S01007348,Families with dependent children: Youngest aged 12 to 18,25,14,12,12,0,2,0,2,11,2,9
S01007349,All families in households,148,101,85,81,4,16,11,5,47,2,45
S01007349,Families with no dependent children,84,69,61,60,1,8,7,1,15,1,14
S01007349,Families with dependent children: Total,64,32,24,21,3,8,4,4,32,1,31
S01007349,Families with dependent children: Youngest aged 0 to 4,27,8,5,5,0,3,3,0,19,1,18
S01007349,Families with dependent children: Youngest aged 5 to 11,27,17,13,11,2,4,1,3,10,0,10
S01007349,Families with dependent children: Youngest aged 12 to 18,10,7,6,5,1,1,0,1,3,0,3
S01007350,All families in households,130,109,90,88,2,19,19,0,21,4,17
S01007350,Families with no dependent children,91,88,73,71,2,15,15,0,3,1,2
S01007350,Families with dependent children: Total,39,21,17,17,0,4,4,0,18,3,15
S01007350,Families with dependent children: Youngest aged 0 to 4,11,10,8,8,0,2,2,0,1,0,1
S01007350,Families with dependent children: Youngest aged 5 to 11,16,7,5,5,0,2,2,0,9,2,7
S01007350,Families with dependent children: Youngest aged 12 to 18,12,4,4,4,0,0,0,0,8,1,7
S01007351,All families in households,196,183,157,153,4,26,24,2,13,0,13
S01007351,Families with no dependent children,156,151,132,131,1,19,19,0,5,0,5
S01007351,Families with dependent children: Total,40,32,25,22,3,7,5,2,8,0,8
S01007351,Families with dependent children: Youngest aged 0 to 4,12,9,5,4,1,4,3,1,3,0,3
S01007351,Families with dependent children: Youngest aged 5 to 11,17,15,12,12,0,3,2,1,2,0,2
S01007351,Families with dependent children: Youngest aged 12 to 18,11,8,8,6,2,0,0,0,3,0,3
S01007352,All families in households,166,160,130,129,1,30,30,0,6,3,3
S01007352,Families with no dependent children,131,127,101,101,0,26,26,0,4,2,2
S01007352,Families with dependent children: Total,35,33,29,28,1,4,4,0,2,1,1
S01007352,Families with dependent children: Youngest aged 0 to 4,12,12,10,9,1,2,2,0,0,0,0
S01007352,Families with dependent children: Youngest aged 5 to 11,16,15,13,13,0,2,2,0,1,0,1
S01007352,Families with dependent children: Youngest aged 12 to 18,7,6,6,6,0,0,0,0,1,1,0
S01007353,All families in households,212,186,159,148,11,27,21,6,26,4,22
S01007353,Families with no dependent children,155,146,129,126,3,17,16,1,9,4,5
S01007353,Families with dependent children: Total,57,40,30,22,8,10,5,5,17,0,17
S01007353,Families with dependent children: Youngest aged 0 to 4,19,15,8,6,2,7,4,3,4,0,4
S01007353,Families with dependent children: Youngest aged 5 to 11,20,15,12,9,3,3,1,2,5,0,5
S01007353,Families with dependent children: Youngest aged 12 to 18,18,10,10,7,3,0,0,0,8,0,8
S01007354,All families in households,258,239,197,192,5,42,39,3,19,4,15
S01007354,Families with no dependent children,199,190,159,155,4,31,31,0,9,2,7
S01007354,Families with dependent children: Total,59,49,38,37,1,11,8,3,10,2,8
S01007354,Families with dependent children: Youngest aged 0 to 4,20,19,13,13,0,6,4,2,1,0,1
S01007354,Families with dependent children: Youngest aged 5 to 11,14,12,9,9,0,3,3,0,2,0,2
S01007354,Families with dependent children: Youngest aged 12 to 18,25,18,16,15,1,2,1,1,7,2,5
S01007355,All families in households,291,274,243,235,8,31,25,6,17,6,11
S01007355,Families with no dependent children,232,226,203,199,4,23,21,2,6,5,1
S01007355,Families with dependent children: Total,59,48,40,36,4,8,4,4,11,1,10
S01007355,Families with dependent children: Youngest aged 0 to 4,20,15,13,12,1,2,1,1,5,0,5
S01007355,Families with dependent children: Youngest aged 5 to 11,15,15,11,10,1,4,3,1,0,0,0
S01007355,Families with dependent children: Youngest aged 12 to 18,24,18,16,14,2,2,0,2,6,1,5
S01007356,All families in households,234,203,178,169,9,25,22,3,31,3,28
S01007356,Families with no dependent children,172,161,146,144,2,15,14,1,11,2,9
S01007356,Families with dependent children: Total,62,42,32,25,7,10,8,2,20,1,19
S01007356,Families with dependent children: Youngest aged 0 to 4,24,19,12,9,3,7,6,1,5,0,5
S01007356,Families with dependent children: Youngest aged 5 to 11,14,11,9,9,0,2,1,1,3,0,3
S01007356,Families with dependent children: Youngest aged 12 to 18,24,12,11,7,4,1,1,0,12,1,11
S01007357,All families in households,236,212,182,175,7,30,30,0,24,4,20
S01007357,Families with no dependent children,160,151,128,126,2,23,23,0,9,3,6
S01007357,Families with dependent children: Total,76,61,54,49,5,7,7,0,15,1,14
S01007357,Families with dependent children: Youngest aged 0 to 4,21,16,14,12,2,2,2,0,5,0,5
S01007357,Families with dependent children: Youngest aged 5 to 11,30,22,17,17,0,5,5,0,8,1,7
S01007357,Families with dependent children: Youngest aged 12 to 18,25,23,23,20,3,0,0,0,2,0,2
S01007358,All families in households,258,231,186,183,3,45,38,7,27,2,25
S01007358,Families with no dependent children,170,159,130,130,0,29,26,3,11,2,9
S01007358,Families with dependent children: Total,88,72,56,53,3,16,12,4,16,0,16
S01007358,Families with dependent children: Youngest aged 0 to 4,34,32,24,23,1,8,6,2,2,0,2
S01007358,Families with dependent children: Youngest aged 5 to 11,39,27,20,18,2,7,5,2,12,0,12
S01007358,Families with dependent children: Youngest aged 12 to 18,15,13,12,12,0,1,1,0,2,0,2
S01007359,All families in households,253,195,156,148,8,39,34,5,58,4,54
S01007359,Families with no dependent children,152,135,116,113,3,19,19,0,17,3,14
S01007359,Families with dependent children: Total,101,60,40,35,5,20,15,5,41,1,40
S01007359,Families with dependent children: Youngest aged 0 to 4,32,19,9,7,2,10,9,1,13,0,13
S01007359,Families with dependent children: Youngest aged 5 to 11,37,23,16,14,2,7,4,3,14,1,13
S01007359,Families with dependent children: Youngest aged 12 to 18,32,18,15,14,1,3,2,1,14,0,14
S01007360,All families in households,173,155,136,133,3,19,18,1,18,2,16
S01007360,Families with no dependent children,137,128,113,112,1,15,14,1,9,0,9
S01007360,Families with dependent children: Total,36,27,23,21,2,4,4,0,9,2,7
S01007360,Families with dependent children: Youngest aged 0 to 4,8,4,3,3,0,1,1,0,4,0,4
S01007360,Families with dependent children: Youngest aged 5 to 11,10,10,8,7,1,2,2,0,0,0,0
S01007360,Families with dependent children: Youngest aged 12 to 18,18,13,12,11,1,1,1,0,5,2,3
S01007361,All families in households,288,250,213,209,4,37,34,3,38,7,31
S01007361,Families with no dependent children,209,188,163,162,1,25,25,0,21,5,16
S01007361,Families with dependent children: Total,79,62,50,47,3,12,9,3,17,2,15
S01007361,Families with dependent children: Youngest aged 0 to 4,22,16,9,7,2,7,7,0,6,1,5
S01007361,Families with dependent children: Youngest aged 5 to 11,29,23,19,19,0,4,2,2,6,1,5
S01007361,Families with dependent children: Youngest aged 12 to 18,28,23,22,21,1,1,0,1,5,0,5
S01007362,All families in households,216,185,158,154,4,27,19,8,31,2,29
S01007362,Families with no dependent children,140,128,116,114,2,12,10,2,12,0,12
S01007362,Families with dependent children: Total,76,57,42,40,2,15,9,6,19,2,17
S01007362,Families with dependent children: Youngest aged 0 to 4,27,19,10,10,0,9,6,3,8,0,8
S01007362,Families with dependent children: Youngest aged 5 to 11,22,17,15,14,1,2,1,1,5,0,5
S01007362,Families with dependent children: Youngest aged 12 to 18,27,21,17,16,1,4,2,2,6,2,4
S01007363,All families in households,203,180,162,158,4,18,13,5,23,5,18
S01007363,Families with no dependent children,150,143,131,129,2,12,11,1,7,1,6
S01007363,Families with dependent children: Total,53,37,31,29,2,6,2,4,16,4,12
S01007363,Families with dependent children: Youngest aged 0 to 4,13,12,10,8,2,2,0,2,1,0,1
S01007363,Families with dependent children: Youngest aged 5 to 11,17,11,10,10,0,1,1,0,6,0,6
S01007363,Families with dependent children: Youngest aged 12 to 18,23,14,11,11,0,3,1,2,9,4,5
S01007364,All families in households,251,148,111,96,15,37,27,10,103,10,93
S01007364,Families with no dependent children,112,83,66,62,4,17,15,2,29,7,22
S01007364,Families with dependent children: Total,139,65,45,34,11,20,12,8,74,3,71
S01007364,Families with dependent children: Youngest aged 0 to 4,55,31,17,14,3,14,11,3,24,1,23
S01007364,Families with dependent children: Youngest aged 5 to 11,36,15,10,7,3,5,1,4,21,1,20
S01007364,Families with dependent children: Youngest aged 12 to 18,48,19,18,13,5,1,0,1,29,1,28
S01007365,All families in households,137,110,88,84,4,22,17,5,27,2,25
S01007365,Families with no dependent children,81,76,61,60,1,15,12,3,5,1,4
S01007365,Families with dependent children: Total,56,34,27,24,3,7,5,2,22,1,21
S01007365,Families with dependent children: Youngest aged 0 to 4,22,12,7,7,0,5,3,2,10,0,10
S01007365,Families with dependent children: Youngest aged 5 to 11,22,14,12,10,2,2,2,0,8,0,8
S01007365,Families with dependent children: Youngest aged 12 to 18,12,8,8,7,1,0,0,0,4,1,3
S01007366,All families in households,106,76,70,65,5,6,5,1,30,2,28
S01007366,Families with no dependent children,54,49,45,45,0,4,4,0,5,1,4
S01007366,Families with dependent children: Total,52,27,25,20,5,2,1,1,25,1,24
S01007366,Families with dependent children: Youngest aged 0 to 4,22,10,9,7,2,1,1,0,12,0,12
S01007366,Families with dependent children: Youngest aged 5 to 11,18,10,9,7,2,1,0,1,8,1,7
S01007366,Families with dependent children: Youngest aged 12 to 18,12,7,7,6,1,0,0,0,5,0,5
S01007367,All families in households,150,117,95,90,5,22,20,2,33,5,28
S01007367,Families with no dependent children,96,83,67,65,2,16,16,0,13,4,9
S01007367,Families with dependent children: Total,54,34,28,25,3,6,4,2,20,1,19
S01007367,Families with dependent children: Youngest aged 0 to 4,26,15,9,9,0,6,4,2,11,0,11
S01007367,Families with dependent children: Youngest aged 5 to 11,15,10,10,9,1,0,0,0,5,0,5
S01007367,Families with dependent children: Youngest aged 12 to 18,13,9,9,7,2,0,0,0,4,1,3
S01007368,All families in households,139,88,70,63,7,18,14,4,51,2,49
S01007368,Families with no dependent children,61,48,39,37,2,9,8,1,13,0,13
S01007368,Families with dependent children: Total,78,40,31,26,5,9,6,3,38,2,36
S01007368,Families with dependent children: Youngest aged 0 to 4,33,15,9,9,0,6,4,2,18,0,18
S01007368,Families with dependent children: Youngest aged 5 to 11,26,15,13,10,3,2,1,1,11,2,9
S01007368,Families with dependent children: Youngest aged 12 to 18,19,10,9,7,2,1,1,0,9,0,9
S01007369,All families in households,217,171,142,135,7,29,25,4,46,6,40
S01007369,Families with no dependent children,123,109,97,95,2,12,11,1,14,3,11
S01007369,Families with dependent children: Total,94,62,45,40,5,17,14,3,32,3,29
S01007369,Families with dependent children: Youngest aged 0 to 4,51,36,23,21,2,13,12,1,15,2,13
S01007369,Families with dependent children: Youngest aged 5 to 11,27,16,15,12,3,1,0,1,11,1,10
S01007369,Families with dependent children: Youngest aged 12 to 18,16,10,7,7,0,3,2,1,6,0,6
S01007370,All families in households,195,146,94,88,6,52,43,9,49,8,41
S01007370,Families with no dependent children,118,99,68,66,2,31,28,3,19,4,15
S01007370,Families with dependent children: Total,77,47,26,22,4,21,15,6,30,4,26
S01007370,Families with dependent children: Youngest aged 0 to 4,32,21,5,4,1,16,13,3,11,2,9
S01007370,Families with dependent children: Youngest aged 5 to 11,21,12,10,8,2,2,2,0,9,1,8
S01007370,Families with dependent children: Youngest aged 12 to 18,24,14,11,10,1,3,0,3,10,1,9
S01007371,All families in households,200,158,128,122,6,30,22,8,42,10,32
S01007371,Families with no dependent children,104,95,79,76,3,16,16,0,9,3,6
S01007371,Families with dependent children: Total,96,63,49,46,3,14,6,8,33,7,26
S01007371,Families with dependent children: Youngest aged 0 to 4,23,16,12,12,0,4,2,2,7,0,7
S01007371,Families with dependent children: Youngest aged 5 to 11,38,25,20,18,2,5,3,2,13,2,11
S01007371,Families with dependent children: Youngest aged 12 to 18,35,22,17,16,1,5,1,4,13,5,8
S01007372,All families in households,247,215,192,182,10,23,18,5,32,6,26
S01007372,Families with no dependent children,158,148,136,133,3,12,12,0,10,3,7
S01007372,Families with dependent children: Total,89,67,56,49,7,11,6,5,22,3,19
S01007372,Families with dependent children: Youngest aged 0 to 4,25,19,15,14,1,4,2,2,6,1,5
S01007372,Families with dependent children: Youngest aged 5 to 11,39,28,23,20,3,5,3,2,11,0,11
S01007372,Families with dependent children: Youngest aged 12 to 18,25,20,18,15,3,2,1,1,5,2,3
S01007373,All families in households,191,180,160,159,1,20,17,3,11,1,10
S01007373,Families with no dependent children,143,137,126,125,1,11,11,0,6,1,5
S01007373,Families with dependent children: Total,48,43,34,34,0,9,6,3,5,0,5
S01007373,Families with dependent children: Youngest aged 0 to 4,8,8,5,5,0,3,3,0,0,0,0
S01007373,Families with dependent children: Youngest aged 5 to 11,22,20,15,15,0,5,3,2,2,0,2
S01007373,Families with dependent children: Youngest aged 12 to 18,18,15,14,14,0,1,0,1,3,0,3
S01007374,All families in households,166,149,125,115,10,24,19,5,17,1,16
S01007374,Families with no dependent children,107,100,84,82,2,16,15,1,7,1,6
S01007374,Families with dependent children: Total,59,49,41,33,8,8,4,4,10,0,10
S01007374,Families with dependent children: Youngest aged 0 to 4,27,19,17,13,4,2,1,1,8,0,8
S01007374,Families with dependent children: Youngest aged 5 to 11,19,18,15,12,3,3,2,1,1,0,1
S01007374,Families with dependent children: Youngest aged 12 to 18,13,12,9,8,1,3,1,2,1,0,1
S01007375,All families in households,153,131,113,110,3,18,15,3,22,7,15
S01007375,Families with no dependent children,115,105,92,92,0,13,12,1,10,5,5
S01007375,Families with dependent children: Total,38,26,21,18,3,5,3,2,12,2,10
S01007375,Families with dependent children: Youngest aged 0 to 4,11,10,8,7,1,2,2,0,1,0,1
S01007375,Families with dependent children: Youngest aged 5 to 11,10,6,5,5,0,1,1,0,4,2,2
S01007375,Families with dependent children: Youngest aged 12 to 18,17,10,8,6,2,2,0,2,7,0,7
S01007376,All families in households,260,191,147,138,9,44,35,9,69,5,64
S01007376,Families with no dependent children,141,123,101,100,1,22,21,1,18,2,16
S01007376,Families with dependent children: Total,119,68,46,38,8,22,14,8,51,3,48
S01007376,Families with dependent children: Youngest aged 0 to 4,43,26,12,9,3,14,11,3,17,0,17
S01007376,Families with dependent children: Youngest aged 5 to 11,39,20,16,13,3,4,2,2,19,0,19
S01007376,Families with dependent children: Youngest aged 12 to 18,37,22,18,16,2,4,1,3,15,3,12
S01007377,All families in households,226,202,175,167,8,27,23,4,24,5,19
S01007377,Families with no dependent children,149,146,127,126,1,19,17,2,3,1,2
S01007377,Families with dependent children: Total,77,56,48,41,7,8,6,2,21,4,17
S01007377,Families with dependent children: Youngest aged 0 to 4,21,15,13,12,1,2,1,1,6,0,6
S01007377,Families with dependent children: Youngest aged 5 to 11,29,19,18,16,2,1,1,0,10,2,8
S01007377,Families with dependent children: Youngest aged 12 to 18,27,22,17,13,4,5,4,1,5,2,3
S01007378,All families in households,176,160,138,129,9,22,19,3,16,1,15
S01007378,Families with no dependent children,116,109,93,88,5,16,15,1,7,0,7
S01007378,Families with dependent children: Total,60,51,45,41,4,6,4,2,9,1,8
S01007378,Families with dependent children: Youngest aged 0 to 4,20,18,15,14,1,3,2,1,2,0,2
S01007378,Families with dependent children: Youngest aged 5 to 11,25,24,21,20,1,3,2,1,1,0,1
S01007378,Families with dependent children: Youngest aged 12 to 18,15,9,9,7,2,0,0,0,6,1,5
S01007379,All families in households,142,115,96,90,6,19,16,3,27,5,22
S01007379,Families with no dependent children,84,73,66,64,2,7,7,0,11,5,6
S01007379,Families with dependent children: Total,58,42,30,26,4,12,9,3,16,0,16
S01007379,Families with dependent children: Youngest aged 0 to 4,30,23,15,13,2,8,5,3,7,0,7
S01007379,Families with dependent children: Youngest aged 5 to 11,15,8,6,5,1,2,2,0,7,0,7
S01007379,Families with dependent children: Youngest aged 12 to 18,13,11,9,8,1,2,2,0,2,0,2
S01007380,All families in households,173,140,109,98,11,31,20,11,33,3,30
S01007380,Families with no dependent children,89,76,62,59,3,14,13,1,13,1,12
S01007380,Families with dependent children: Total,84,64,47,39,8,17,7,10,20,2,18
S01007380,Families with dependent children: Youngest aged 0 to 4,34,29,19,15,4,10,7,3,5,1,4
S01007380,Families with dependent children: Youngest aged 5 to 11,24,18,14,13,1,4,0,4,6,1,5
S01007380,Families with dependent children: Youngest aged 12 to 18,26,17,14,11,3,3,0,3,9,0,9
S01007381,All families in households,149,139,132,128,4,7,4,3,10,0,10
S01007381,Families with no dependent children,100,98,94,94,0,4,3,1,2,0,2
S01007381,Families with dependent children: Total,49,41,38,34,4,3,1,2,8,0,8
S01007381,Families with dependent children: Youngest aged 0 to 4,13,10,9,9,0,1,0,1,3,0,3
S01007381,Families with dependent children: Youngest aged 5 to 11,20,18,16,14,2,2,1,1,2,0,2
S01007381,Families with dependent children: Youngest aged 12 to 18,16,13,13,11,2,0,0,0,3,0,3
S01007382,All families in households,193,170,147,142,5,23,17,6,23,1,22
S01007382,Families with no dependent children,111,105,96,95,1,9,8,1,6,0,6
S01007382,Families with dependent children: Total,82,65,51,47,4,14,9,5,17,1,16
S01007382,Families with dependent children: Youngest aged 0 to 4,14,13,10,10,0,3,1,2,1,0,1
S01007382,Families with dependent children: Youngest aged 5 to 11,39,28,21,18,3,7,6,1,11,1,10
S01007382,Families with dependent children: Youngest aged 12 to 18,29,24,20,19,1,4,2,2,5,0,5
S01007383,All families in households,243,219,182,177,5,37,30,7,24,3,21
S01007383,Families with no dependent children,172,163,140,138,2,23,21,2,9,1,8
S01007383,Families with dependent children: Total,71,56,42,39,3,14,9,5,15,2,13
S01007383,Families with dependent children: Youngest aged 0 to 4,23,17,9,9,0,8,7,1,6,0,6
S01007383,Families with dependent children: Youngest aged 5 to 11,25,22,16,14,2,6,2,4,3,1,2
S01007383,Families with dependent children: Youngest aged 12 to 18,23,17,17,16,1,0,0,0,6,1,5
S01007384,All families in households,241,200,177,168,9,23,19,4,41,4,37
S01007384,Families with no dependent children,122,115,104,104,0,11,10,1,7,0,7
S01007384,Families with dependent children: Total,119,85,73,64,9,12,9,3,34,4,30
S01007384,Families with dependent children: Youngest aged 0 to 4,46,40,34,30,4,6,5,1,6,0,6
S01007384,Families with dependent children: Youngest aged 5 to 11,39,26,23,21,2,3,3,0,13,0,13
S01007384,Families with dependent children: Youngest aged 12 to 18,34,19,16,13,3,3,1,2,15,4,11
S01007385,All families in households,266,228,194,187,7,34,26,8,38,5,33
S01007385,Families with no dependent children,187,167,148,144,4,19,18,1,20,2,18
S01007385,Families with dependent children: Total,79,61,46,43,3,15,8,7,18,3,15
S01007385,Families with dependent children: Youngest aged 0 to 4,20,17,10,9,1,7,5,2,3,0,3
S01007385,Families with dependent children: Youngest aged 5 to 11,26,20,16,15,1,4,2,2,6,1,5
S01007385,Families with dependent children: Youngest aged 12 to 18,33,24,20,19,1,4,1,3,9,2,7
S01007386,All families in households,266,247,230,221,9,17,12,5,19,1,18
S01007386,Families with no dependent children,178,170,161,160,1,9,7,2,8,1,7
S01007386,Families with dependent children: Total,88,77,69,61,8,8,5,3,11,0,11
S01007386,Families with dependent children: Youngest aged 0 to 4,18,14,12,12,0,2,2,0,4,0,4
S01007386,Families with dependent children: Youngest aged 5 to 11,38,37,32,27,5,5,2,3,1,0,1
S01007386,Families with dependent children: Youngest aged 12 to 18,32,26,25,22,3,1,1,0,6,0,6
S01007387,All families in households,257,244,231,227,4,13,12,1,13,2,11
S01007387,Families with no dependent children,172,166,161,160,1,5,5,0,6,1,5
S01007387,Families with dependent children: Total,85,78,70,67,3,8,7,1,7,1,6
S01007387,Families with dependent children: Youngest aged 0 to 4,15,14,10,10,0,4,4,0,1,0,1
S01007387,Families with dependent children: Youngest aged 5 to 11,40,37,35,34,1,2,1,1,3,0,3
S01007387,Families with dependent children: Youngest aged 12 to 18,30,27,25,23,2,2,2,0,3,1,2
S01007388,All families in households,220,201,191,184,7,10,10,0,19,3,16
S01007388,Families with no dependent children,145,141,134,132,2,7,7,0,4,2,2
S01007388,Families with dependent children: Total,75,60,57,52,5,3,3,0,15,1,14
S01007388,Families with dependent children: Youngest aged 0 to 4,19,17,15,15,0,2,2,0,2,0,2
S01007388,Families with dependent children: Youngest aged 5 to 11,26,16,16,12,4,0,0,0,10,1,9
S01007388,Families with dependent children: Youngest aged 12 to 18,30,27,26,25,1,1,1,0,3,0,3
S01007389,All families in households,172,130,114,104,10,16,10,6,42,7,35
S01007389,Families with no dependent children,55,49,44,44,0,5,4,1,6,1,5
S01007389,Families with dependent children: Total,117,81,70,60,10,11,6,5,36,6,30
S01007389,Families with dependent children: Youngest aged 0 to 4,59,47,42,40,2,5,3,2,12,0,12
S01007389,Families with dependent children: Youngest aged 5 to 11,29,17,14,12,2,3,1,2,12,2,10
S01007389,Families with dependent children: Youngest aged 12 to 18,29,17,14,8,6,3,2,1,12,4,8
S01007390,All families in households,168,116,97,87,10,19,13,6,52,2,50
S01007390,Families with no dependent children,38,34,28,28,0,6,5,1,4,1,3
S01007390,Families with dependent children: Total,130,82,69,59,10,13,8,5,48,1,47
S01007390,Families with dependent children: Youngest aged 0 to 4,58,46,39,34,5,7,6,1,12,0,12
S01007390,Families with dependent children: Youngest aged 5 to 11,45,27,24,20,4,3,2,1,18,1,17
S01007390,Families with dependent children: Youngest aged 12 to 18,27,9,6,5,1,3,0,3,18,0,18
S01007391,All families in households,185,175,165,162,3,10,9,1,10,2,8
S01007391,Families with no dependent children,127,123,117,115,2,6,6,0,4,1,3
S01007391,Families with dependent children: Total,58,52,48,47,1,4,3,1,6,1,5
S01007391,Families with dependent children: Youngest aged 0 to 4,15,15,12,12,0,3,3,0,0,0,0
S01007391,Families with dependent children: Youngest aged 5 to 11,21,18,18,18,0,0,0,0,3,0,3
S01007391,Families with dependent children: Youngest aged 12 to 18,22,19,18,17,1,1,0,1,3,1,2
S01007392,All families in households,146,139,130,125,5,9,7,2,7,1,6
S01007392,Families with no dependent children,109,105,98,95,3,7,7,0,4,1,3
S01007392,Families with dependent children: Total,37,34,32,30,2,2,0,2,3,0,3
S01007392,Families with dependent children: Youngest aged 0 to 4,5,5,5,5,0,0,0,0,0,0,0
S01007392,Families with dependent children: Youngest aged 5 to 11,14,13,13,13,0,0,0,0,1,0,1
S01007392,Families with dependent children: Youngest aged 12 to 18,18,16,14,12,2,2,0,2,2,0,2
S01007393,All families in households,187,173,162,159,3,11,9,2,14,1,13
S01007393,Families with no dependent children,119,115,108,108,0,7,7,0,4,0,4
S01007393,Families with dependent children: Total,68,58,54,51,3,4,2,2,10,1,9
S01007393,Families with dependent children: Youngest aged 0 to 4,22,20,18,18,0,2,1,1,2,0,2
S01007393,Families with dependent children: Youngest aged 5 to 11,24,20,19,19,0,1,1,0,4,1,3
S01007393,Families with dependent children: Youngest aged 12 to 18,22,18,17,14,3,1,0,1,4,0,4
S01007394,All families in households,169,143,135,131,4,8,7,1,26,5,21
S01007394,Families with no dependent children,112,97,91,89,2,6,6,0,15,4,11
S01007394,Families with dependent children: Total,57,46,44,42,2,2,1,1,11,1,10
S01007394,Families with dependent children: Youngest aged 0 to 4,12,9,9,9,0,0,0,0,3,0,3
S01007394,Families with dependent children: Youngest aged 5 to 11,22,16,16,14,2,0,0,0,6,1,5
S01007394,Families with dependent children: Youngest aged 12 to 18,23,21,19,19,0,2,1,1,2,0,2
S01007395,All families in households,182,142,88,85,3,54,47,7,40,5,35
S01007395,Families with no dependent children,125,109,73,72,1,36,35,1,16,4,12
S01007395,Families with dependent children: Total,57,33,15,13,2,18,12,6,24,1,23
S01007395,Families with dependent children: Youngest aged 0 to 4,29,16,5,5,0,11,9,2,13,0,13
S01007395,Families with dependent children: Youngest aged 5 to 11,14,9,5,4,1,4,3,1,5,0,5
S01007395,Families with dependent children: Youngest aged 12 to 18,14,8,5,4,1,3,0,3,6,1,5
S01007396,All families in households,204,149,102,96,6,47,46,1,55,2,53
S01007396,Families with no dependent children,127,111,76,74,2,35,35,0,16,2,14
S01007396,Families with dependent children: Total,77,38,26,22,4,12,11,1,39,0,39
S01007396,Families with dependent children: Youngest aged 0 to 4,29,18,8,8,0,10,9,1,11,0,11
S01007396,Families with dependent children: Youngest aged 5 to 11,30,10,9,7,2,1,1,0,20,0,20
S01007396,Families with dependent children: Youngest aged 12 to 18,18,10,9,7,2,1,1,0,8,0,8
S01007397,All families in households,274,244,217,208,9,27,21,6,30,3,27
S01007397,Families with no dependent children,174,165,147,143,4,18,17,1,9,1,8
S01007397,Families with dependent children: Total,100,79,70,65,5,9,4,5,21,2,19
S01007397,Families with dependent children: Youngest aged 0 to 4,28,25,23,22,1,2,2,0,3,1,2
S01007397,Families with dependent children: Youngest aged 5 to 11,31,25,21,20,1,4,2,2,6,0,6
S01007397,Families with dependent children: Youngest aged 12 to 18,41,29,26,23,3,3,0,3,12,1,11
S01007398,All families in households,206,121,90,88,2,31,24,7,85,6,79
S01007398,Families with no dependent children,104,71,55,55,0,16,16,0,33,5,28
S01007398,Families with dependent children: Total,102,50,35,33,2,15,8,7,52,1,51
S01007398,Families with dependent children: Youngest aged 0 to 4,44,22,14,13,1,8,5,3,22,1,21
S01007398,Families with dependent children: Youngest aged 5 to 11,32,15,12,11,1,3,1,2,17,0,17
S01007398,Families with dependent children: Youngest aged 12 to 18,26,13,9,9,0,4,2,2,13,0,13
S01007399,All families in households,175,107,68,66,2,39,26,13,68,7,61
S01007399,Families with no dependent children,86,65,49,48,1,16,13,3,21,4,17
S01007399,Families with dependent children: Total,89,42,19,18,1,23,13,10,47,3,44
S01007399,Families with dependent children: Youngest aged 0 to 4,38,23,7,6,1,16,11,5,15,0,15
S01007399,Families with dependent children: Youngest aged 5 to 11,28,10,5,5,0,5,2,3,18,0,18
S01007399,Families with dependent children: Youngest aged 12 to 18,23,9,7,7,0,2,0,2,14,3,11
S01007400,All families in households,189,164,144,137,7,20,16,4,25,4,21
S01007400,Families with no dependent children,126,114,99,98,1,15,12,3,12,1,11
S01007400,Families with dependent children: Total,63,50,45,39,6,5,4,1,13,3,10
S01007400,Families with dependent children: Youngest aged 0 to 4,15,14,10,8,2,4,3,1,1,0,1
S01007400,Families with dependent children: Youngest aged 5 to 11,25,21,20,18,2,1,1,0,4,0,4
S01007400,Families with dependent children: Youngest aged 12 to 18,23,15,15,13,2,0,0,0,8,3,5
S01007401,All families in households,209,178,156,148,8,22,18,4,31,6,25
S01007401,Families with no dependent children,133,125,113,109,4,12,11,1,8,4,4
S01007401,Families with dependent children: Total,76,53,43,39,4,10,7,3,23,2,21
S01007401,Families with dependent children: Youngest aged 0 to 4,23,17,13,11,2,4,4,0,6,0,6
S01007401,Families with dependent children: Youngest aged 5 to 11,25,17,15,14,1,2,2,0,8,1,7
S01007401,Families with dependent children: Youngest aged 12 to 18,28,19,15,14,1,4,1,3,9,1,8
S01007402,All families in households,187,167,153,145,8,14,10,4,20,2,18
S01007402,Families with no dependent children,116,108,100,97,3,8,7,1,8,1,7
S01007402,Families with dependent children: Total,71,59,53,48,5,6,3,3,12,1,11
S01007402,Families with dependent children: Youngest aged 0 to 4,22,18,18,16,2,0,0,0,4,0,4
S01007402,Families with dependent children: Youngest aged 5 to 11,20,18,15,13,2,3,2,1,2,0,2
S01007402,Families with dependent children: Youngest aged 12 to 18,29,23,20,19,1,3,1,2,6,1,5
S01007403,All families in households,236,217,200,185,15,17,9,8,19,3,16
S01007403,Families with no dependent children,72,69,63,62,1,6,6,0,3,1,2
S01007403,Families with dependent children: Total,164,148,137,123,14,11,3,8,16,2,14
S01007403,Families with dependent children: Youngest aged 0 to 4,84,75,68,65,3,7,3,4,9,2,7
S01007403,Families with dependent children: Youngest aged 5 to 11,45,41,37,28,9,4,0,4,4,0,4
S01007403,Families with dependent children: Youngest aged 12 to 18,35,32,32,30,2,0,0,0,3,0,3
S01007404,All families in households,134,121,97,91,6,24,21,3,13,5,8
S01007404,Families with no dependent children,97,88,67,66,1,21,19,2,9,3,6
S01007404,Families with dependent children: Total,37,33,30,25,5,3,2,1,4,2,2
S01007404,Families with dependent children: Youngest aged 0 to 4,16,16,14,12,2,2,2,0,0,0,0
S01007404,Families with dependent children: Youngest aged 5 to 11,12,10,9,6,3,1,0,1,2,1,1
S01007404,Families with dependent children: Youngest aged 12 to 18,9,7,7,7,0,0,0,0,2,1,1
S01007405,All families in households,207,192,166,162,4,26,20,6,15,0,15
S01007405,Families with no dependent children,134,124,104,104,0,20,18,2,10,0,10
S01007405,Families with dependent children: Total,73,68,62,58,4,6,2,4,5,0,5
S01007405,Families with dependent children: Youngest aged 0 to 4,26,24,21,21,0,3,2,1,2,0,2
S01007405,Families with dependent children: Youngest aged 5 to 11,23,21,19,17,2,2,0,2,2,0,2
S01007405,Families with dependent children: Youngest aged 12 to 18,24,23,22,20,2,1,0,1,1,0,1
S01007406,All families in households,194,182,168,161,7,14,12,2,12,1,11
S01007406,Families with no dependent children,130,125,117,112,5,8,7,1,5,1,4
S01007406,Families with dependent children: Total,64,57,51,49,2,6,5,1,7,0,7
S01007406,Families with dependent children: Youngest aged 0 to 4,22,21,18,16,2,3,3,0,1,0,1
S01007406,Families with dependent children: Youngest aged 5 to 11,27,23,20,20,0,3,2,1,4,0,4
S01007406,Families with dependent children: Youngest aged 12 to 18,15,13,13,13,0,0,0,0,2,0,2
S01007407,All families in households,227,203,178,173,5,25,19,6,24,1,23
S01007407,Families with no dependent children,144,133,120,119,1,13,13,0,11,0,11
S01007407,Families with dependent children: Total,83,70,58,54,4,12,6,6,13,1,12
S01007407,Families with dependent children: Youngest aged 0 to 4,22,19,14,14,0,5,3,2,3,0,3
S01007407,Families with dependent children: Youngest aged 5 to 11,29,27,24,20,4,3,1,2,2,0,2
S01007407,Families with dependent children: Youngest aged 12 to 18,32,24,20,20,0,4,2,2,8,1,7
S01007408,All families in households,184,143,115,110,5,28,23,5,41,7,34
S01007408,Families with no dependent children,104,88,74,72,2,14,12,2,16,4,12
S01007408,Families with dependent children: Total,80,55,41,38,3,14,11,3,25,3,22
S01007408,Families with dependent children: Youngest aged 0 to 4,27,20,13,13,0,7,6,1,7,0,7
S01007408,Families with dependent children: Youngest aged 5 to 11,29,18,13,10,3,5,3,2,11,3,8
S01007408,Families with dependent children: Youngest aged 12 to 18,24,17,15,15,0,2,2,0,7,0,7
S01007409,All families in households,197,168,152,144,8,16,15,1,29,4,25
S01007409,Families with no dependent children,125,117,110,106,4,7,7,0,8,1,7
S01007409,Families with dependent children: Total,72,51,42,38,4,9,8,1,21,3,18
S01007409,Families with dependent children: Youngest aged 0 to 4,31,24,17,14,3,7,6,1,7,0,7
S01007409,Families with dependent children: Youngest aged 5 to 11,18,11,11,11,0,0,0,0,7,1,6
S01007409,Families with dependent children: Youngest aged 12 to 18,23,16,14,13,1,2,2,0,7,2,5
S01007410,All families in households,208,140,109,99,10,31,22,9,68,8,60
S01007410,Families with no dependent children,109,89,73,71,2,16,14,2,20,5,15
S01007410,Families with dependent children: Total,99,51,36,28,8,15,8,7,48,3,45
S01007410,Families with dependent children: Youngest aged 0 to 4,39,17,9,6,3,8,6,2,22,1,21
S01007410,Families with dependent children: Youngest aged 5 to 11,33,18,14,10,4,4,1,3,15,0,15
S01007410,Families with dependent children: Youngest aged 12 to 18,27,16,13,12,1,3,1,2,11,2,9
S01007411,All families in households,254,179,116,109,7,63,52,11,75,9,66
S01007411,Families with no dependent children,122,108,72,71,1,36,34,2,14,2,12
S01007411,Families with dependent children: Total,132,71,44,38,6,27,18,9,61,7,54
S01007411,Families with dependent children: Youngest aged 0 to 4,69,40,23,21,2,17,12,5,29,2,27
S01007411,Families with dependent children: Youngest aged 5 to 11,37,17,10,9,1,7,4,3,20,2,18
S01007411,Families with dependent children: Youngest aged 12 to 18,26,14,11,8,3,3,2,1,12,3,9
S01007412,All families in households,139,113,95,94,1,18,14,4,26,4,22
S01007412,Families with no dependent children,89,77,67,66,1,10,8,2,12,4,8
S01007412,Families with dependent children: Total,50,36,28,28,0,8,6,2,14,0,14
S01007412,Families with dependent children: Youngest aged 0 to 4,15,9,5,5,0,4,3,1,6,0,6
S01007412,Families with dependent children: Youngest aged 5 to 11,23,17,14,14,0,3,3,0,6,0,6
S01007412,Families with dependent children: Youngest aged 12 to 18,12,10,9,9,0,1,0,1,2,0,2
S01007413,All families in households,290,246,205,198,7,41,34,7,44,6,38
S01007413,Families with no dependent children,162,143,118,117,1,25,24,1,19,3,16
S01007413,Families with dependent children: Total,128,103,87,81,6,16,10,6,25,3,22
S01007413,Families with dependent children: Youngest aged 0 to 4,44,37,29,28,1,8,6,2,7,0,7
S01007413,Families with dependent children: Youngest aged 5 to 11,44,39,33,30,3,6,2,4,5,0,5
S01007413,Families with dependent children: Youngest aged 12 to 18,40,27,25,23,2,2,2,0,13,3,10
S01007414,All families in households,214,197,171,162,9,26,21,5,17,4,13
S01007414,Families with no dependent children,102,94,87,84,3,7,7,0,8,3,5
S01007414,Families with dependent children: Total,112,103,84,78,6,19,14,5,9,1,8
S01007414,Families with dependent children: Youngest aged 0 to 4,44,41,34,32,2,7,6,1,3,0,3
S01007414,Families with dependent children: Youngest aged 5 to 11,41,39,33,31,2,6,5,1,2,0,2
S01007414,Families with dependent children: Youngest aged 12 to 18,27,23,17,15,2,6,3,3,4,1,3
S01007415,All families in households,268,196,157,148,9,39,32,7,72,11,61
S01007415,Families with no dependent children,150,128,112,107,5,16,15,1,22,3,19
S01007415,Families with dependent children: Total,118,68,45,41,4,23,17,6,50,8,42
S01007415,Families with dependent children: Youngest aged 0 to 4,36,25,14,13,1,11,11,0,11,0,11
S01007415,Families with dependent children: Youngest aged 5 to 11,46,26,18,18,0,8,4,4,20,2,18
S01007415,Families with dependent children: Youngest aged 12 to 18,36,17,13,10,3,4,2,2,19,6,13
S01007416,All families in households,186,119,79,75,4,40,30,10,67,12,55
S01007416,Families with no dependent children,75,62,50,50,0,12,10,2,13,3,10
S01007416,Families with dependent children: Total,111,57,29,25,4,28,20,8,54,9,45
S01007416,Families with dependent children: Youngest aged 0 to 4,52,28,13,12,1,15,10,5,24,0,24
S01007416,Families with dependent children: Youngest aged 5 to 11,26,16,7,6,1,9,7,2,10,1,9
S01007416,Families with dependent children: Youngest aged 12 to 18,33,13,9,7,2,4,3,1,20,8,12
S01007417,All families in households,325,294,251,240,11,43,36,7,31,3,28
S01007417,Families with no dependent children,196,191,161,159,2,30,26,4,5,0,5
S01007417,Families with dependent children: Total,129,103,90,81,9,13,10,3,26,3,23
S01007417,Families with dependent children: Youngest aged 0 to 4,57,45,37,37,0,8,7,1,12,1,11
S01007417,Families with dependent children: Youngest aged 5 to 11,42,32,29,24,5,3,2,1,10,1,9
S01007417,Families with dependent children: Youngest aged 12 to 18,30,26,24,20,4,2,1,1,4,1,3
S01007418,All families in households,208,139,110,105,5,29,24,5,69,9,60
S01007418,Families with no dependent children,123,98,81,79,2,17,15,2,25,5,20
S01007418,Families with dependent children: Total,85,41,29,26,3,12,9,3,44,4,40
S01007418,Families with dependent children: Youngest aged 0 to 4,23,13,9,8,1,4,2,2,10,0,10
S01007418,Families with dependent children: Youngest aged 5 to 11,29,9,5,4,1,4,4,0,20,2,18
S01007418,Families with dependent children: Youngest aged 12 to 18,33,19,15,14,1,4,3,1,14,2,12
S01007419,All families in households,258,174,118,108,10,56,47,9,84,9,75
S01007419,Families with no dependent children,128,102,70,66,4,32,29,3,26,4,22
S01007419,Families with dependent children: Total,130,72,48,42,6,24,18,6,58,5,53
S01007419,Families with dependent children: Youngest aged 0 to 4,47,30,13,12,1,17,15,2,17,1,16
S01007419,Families with dependent children: Youngest aged 5 to 11,46,20,18,15,3,2,1,1,26,4,22
S01007419,Families with dependent children: Youngest aged 12 to 18,37,22,17,15,2,5,2,3,15,0,15
S01007420,All families in households,254,235,194,183,11,41,35,6,19,5,14
S01007420,Families with no dependent children,142,133,110,109,1,23,20,3,9,2,7
S01007420,Families with dependent children: Total,112,102,84,74,10,18,15,3,10,3,7
S01007420,Families with dependent children: Youngest aged 0 to 4,54,52,36,36,0,16,14,2,2,0,2
S01007420,Families with dependent children: Youngest aged 5 to 11,25,22,21,17,4,1,0,1,3,1,2
S01007420,Families with dependent children: Youngest aged 12 to 18,33,28,27,21,6,1,1,0,5,2,3
S01007421,All families in households,209,179,142,138,4,37,33,4,30,5,25
S01007421,Families with no dependent children,110,98,77,77,0,21,20,1,12,4,8
S01007421,Families with dependent children: Total,99,81,65,61,4,16,13,3,18,1,17
S01007421,Families with dependent children: Youngest aged 0 to 4,42,35,23,21,2,12,9,3,7,0,7
S01007421,Families with dependent children: Youngest aged 5 to 11,33,29,25,24,1,4,4,0,4,1,3
S01007421,Families with dependent children: Youngest aged 12 to 18,24,17,17,16,1,0,0,0,7,0,7
S01007422,All families in households,173,140,107,105,2,33,27,6,33,6,27
S01007422,Families with no dependent children,104,91,73,73,0,18,17,1,13,3,10
S01007422,Families with dependent children: Total,69,49,34,32,2,15,10,5,20,3,17
S01007422,Families with dependent children: Youngest aged 0 to 4,37,29,20,20,0,9,7,2,8,1,7
S01007422,Families with dependent children: Youngest aged 5 to 11,17,10,4,4,0,6,3,3,7,1,6
S01007422,Families with dependent children: Youngest aged 12 to 18,15,10,10,8,2,0,0,0,5,1,4
S01007423,All families in households,237,205,158,155,3,47,35,12,32,6,26
S01007423,Families with no dependent children,133,118,95,93,2,23,17,6,15,6,9
S01007423,Families with dependent children: Total,104,87,63,62,1,24,18,6,17,0,17
S01007423,Families with dependent children: Youngest aged 0 to 4,59,52,36,36,0,16,15,1,7,0,7
S01007423,Families with dependent children: Youngest aged 5 to 11,30,26,20,19,1,6,1,5,4,0,4
S01007423,Families with dependent children: Youngest aged 12 to 18,15,9,7,7,0,2,2,0,6,0,6
S01007424,All families in households,264,242,216,208,8,26,20,6,22,0,22
S01007424,Families with no dependent children,187,176,159,158,1,17,16,1,11,0,11
S01007424,Families with dependent children: Total,77,66,57,50,7,9,4,5,11,0,11
S01007424,Families with dependent children: Youngest aged 0 to 4,26,24,21,21,0,3,2,1,2,0,2
S01007424,Families with dependent children: Youngest aged 5 to 11,24,19,16,10,6,3,2,1,5,0,5
S01007424,Families with dependent children: Youngest aged 12 to 18,27,23,20,19,1,3,0,3,4,0,4
S01007425,All families in households,285,244,217,210,7,27,25,2,41,5,36
S01007425,Families with no dependent children,179,167,152,150,2,15,14,1,12,2,10
S01007425,Families with dependent children: Total,106,77,65,60,5,12,11,1,29,3,26
S01007425,Families with dependent children: Youngest aged 0 to 4,39,28,21,18,3,7,7,0,11,2,9
S01007425,Families with dependent children: Youngest aged 5 to 11,33,26,22,21,1,4,3,1,7,1,6
S01007425,Families with dependent children: Youngest aged 12 to 18,34,23,22,21,1,1,1,0,11,0,11
S01007426,All families in households,174,132,103,101,2,29,28,1,42,3,39
S01007426,Families with no dependent children,96,86,69,68,1,17,17,0,10,2,8
S01007426,Families with dependent children: Total,78,46,34,33,1,12,11,1,32,1,31
S01007426,Families with dependent children: Youngest aged 0 to 4,32,23,15,15,0,8,7,1,9,1,8
S01007426,Families with dependent children: Youngest aged 5 to 11,31,15,12,11,1,3,3,0,16,0,16
S01007426,Families with dependent children: Youngest aged 12 to 18,15,8,7,7,0,1,1,0,7,0,7
S01007427,All families in households,211,167,129,125,4,38,33,5,44,2,42
S01007427,Families with no dependent children,143,126,106,104,2,20,18,2,17,0,17
S01007427,Families with dependent children: Total,68,41,23,21,2,18,15,3,27,2,25
S01007427,Families with dependent children: Youngest aged 0 to 4,23,21,10,10,0,11,11,0,2,0,2
S01007427,Families with dependent children: Youngest aged 5 to 11,25,11,5,4,1,6,4,2,14,0,14
S01007427,Families with dependent children: Youngest aged 12 to 18,20,9,8,7,1,1,0,1,11,2,9
S01007428,All families in households,248,196,152,145,7,44,39,5,52,6,46
S01007428,Families with no dependent children,153,138,106,104,2,32,31,1,15,4,11
S01007428,Families with dependent children: Total,95,58,46,41,5,12,8,4,37,2,35
S01007428,Families with dependent children: Youngest aged 0 to 4,35,21,13,11,2,8,6,2,14,1,13
S01007428,Families with dependent children: Youngest aged 5 to 11,37,21,18,17,1,3,1,2,16,0,16
S01007428,Families with dependent children: Youngest aged 12 to 18,23,16,15,13,2,1,1,0,7,1,6
S01007429,All families in households,207,165,133,127,6,32,24,8,42,3,39
S01007429,Families with no dependent children,128,110,89,85,4,21,18,3,18,3,15
S01007429,Families with dependent children: Total,79,55,44,42,2,11,6,5,24,0,24
S01007429,Families with dependent children: Youngest aged 0 to 4,29,23,14,14,0,9,6,3,6,0,6
S01007429,Families with dependent children: Youngest aged 5 to 11,23,14,14,13,1,0,0,0,9,0,9
S01007429,Families with dependent children: Youngest aged 12 to 18,27,18,16,15,1,2,0,2,9,0,9
S01007430,All families in households,132,118,103,102,1,15,11,4,14,3,11
S01007430,Families with no dependent children,96,92,82,81,1,10,10,0,4,1,3
S01007430,Families with dependent children: Total,36,26,21,21,0,5,1,4,10,2,8
S01007430,Families with dependent children: Youngest aged 0 to 4,8,6,5,5,0,1,0,1,2,0,2
S01007430,Families with dependent children: Youngest aged 5 to 11,9,5,4,4,0,1,0,1,4,0,4
S01007430,Families with dependent children: Youngest aged 12 to 18,19,15,12,12,0,3,1,2,4,2,2
S01007431,All families in households,170,154,146,141,5,8,4,4,16,2,14
S01007431,Families with no dependent children,109,99,95,94,1,4,4,0,10,1,9
S01007431,Families with dependent children: Total,61,55,51,47,4,4,0,4,6,1,5
S01007431,Families with dependent children: Youngest aged 0 to 4,13,12,11,11,0,1,0,1,1,0,1
S01007431,Families with dependent children: Youngest aged 5 to 11,22,22,22,21,1,0,0,0,0,0,0
S01007431,Families with dependent children: Youngest aged 12 to 18,26,21,18,15,3,3,0,3,5,1,4
S01007432,All families in households,253,217,183,174,9,34,28,6,36,4,32
S01007432,Families with no dependent children,172,156,138,131,7,18,17,1,16,3,13
S01007432,Families with dependent children: Total,81,61,45,43,2,16,11,5,20,1,19
S01007432,Families with dependent children: Youngest aged 0 to 4,28,23,14,13,1,9,9,0,5,0,5
S01007432,Families with dependent children: Youngest aged 5 to 11,27,21,16,15,1,5,2,3,6,0,6
S01007432,Families with dependent children: Youngest aged 12 to 18,26,17,15,15,0,2,0,2,9,1,8
S01007433,All families in households,246,215,193,186,7,22,19,3,31,4,27
S01007433,Families with no dependent children,160,149,139,138,1,10,10,0,11,1,10
S01007433,Families with dependent children: Total,86,66,54,48,6,12,9,3,20,3,17
S01007433,Families with dependent children: Youngest aged 0 to 4,19,17,10,10,0,7,6,1,2,0,2
S01007433,Families with dependent children: Youngest aged 5 to 11,37,26,22,19,3,4,3,1,11,0,11
S01007433,Families with dependent children: Youngest aged 12 to 18,30,23,22,19,3,1,0,1,7,3,4
S01007434,All families in households,151,96,66,63,3,30,26,4,55,7,48
S01007434,Families with no dependent children,83,65,48,48,0,17,16,1,18,6,12
S01007434,Families with dependent children: Total,68,31,18,15,3,13,10,3,37,1,36
S01007434,Families with dependent children: Youngest aged 0 to 4,29,14,5,5,0,9,8,1,15,0,15
S01007434,Families with dependent children: Youngest aged 5 to 11,20,10,6,5,1,4,2,2,10,0,10
S01007434,Families with dependent children: Youngest aged 12 to 18,19,7,7,5,2,0,0,0,12,1,11
S01007435,All families in households,188,155,120,113,7,35,32,3,33,4,29
S01007435,Families with no dependent children,114,100,83,79,4,17,16,1,14,3,11
S01007435,Families with dependent children: Total,74,55,37,34,3,18,16,2,19,1,18
S01007435,Families with dependent children: Youngest aged 0 to 4,24,23,14,12,2,9,8,1,1,0,1
S01007435,Families with dependent children: Youngest aged 5 to 11,27,18,16,16,0,2,1,1,9,0,9
S01007435,Families with dependent children: Youngest aged 12 to 18,23,14,7,6,1,7,7,0,9,1,8
S01007436,All families in households,183,119,78,70,8,41,32,9,64,5,59
S01007436,Families with no dependent children,99,83,61,58,3,22,20,2,16,0,16
S01007436,Families with dependent children: Total,84,36,17,12,5,19,12,7,48,5,43
S01007436,Families with dependent children: Youngest aged 0 to 4,31,17,8,6,2,9,9,0,14,0,14
S01007436,Families with dependent children: Youngest aged 5 to 11,34,10,5,2,3,5,2,3,24,5,19
S01007436,Families with dependent children: Youngest aged 12 to 18,19,9,4,4,0,5,1,4,10,0,10
S01007437,All families in households,128,88,65,60,5,23,22,1,40,6,34
S01007437,Families with no dependent children,76,65,49,46,3,16,16,0,11,4,7
S01007437,Families with dependent children: Total,52,23,16,14,2,7,6,1,29,2,27
S01007437,Families with dependent children: Youngest aged 0 to 4,24,12,7,7,0,5,5,0,12,1,11
S01007437,Families with dependent children: Youngest aged 5 to 11,11,4,3,2,1,1,1,0,7,0,7
S01007437,Families with dependent children: Youngest aged 12 to 18,17,7,6,5,1,1,0,1,10,1,9
S01007438,All families in households,197,165,133,126,7,32,25,7,32,4,28
S01007438,Families with no dependent children,130,122,105,101,4,17,17,0,8,3,5
S01007438,Families with dependent children: Total,67,43,28,25,3,15,8,7,24,1,23
S01007438,Families with dependent children: Youngest aged 0 to 4,31,16,11,11,0,5,3,2,15,0,15
S01007438,Families with dependent children: Youngest aged 5 to 11,22,18,10,9,1,8,5,3,4,0,4
S01007438,Families with dependent children: Youngest aged 12 to 18,14,9,7,5,2,2,0,2,5,1,4
S01007439,All families in households,207,181,156,146,10,25,20,5,26,5,21
S01007439,Families with no dependent children,135,125,109,106,3,16,14,2,10,2,8
S01007439,Families with dependent children: Total,72,56,47,40,7,9,6,3,16,3,13
S01007439,Families with dependent children: Youngest aged 0 to 4,22,19,14,14,0,5,3,2,3,0,3
S01007439,Families with dependent children: Youngest aged 5 to 11,18,14,11,9,2,3,2,1,4,1,3
S01007439,Families with dependent children: Youngest aged 12 to 18,32,23,22,17,5,1,1,0,9,2,7
S01007440,All families in households,193,158,130,125,5,28,22,6,35,8,27
S01007440,Families with no dependent children,113,99,87,85,2,12,11,1,14,7,7
S01007440,Families with dependent children: Total,80,59,43,40,3,16,11,5,21,1,20
S01007440,Families with dependent children: Youngest aged 0 to 4,22,17,13,11,2,4,4,0,5,0,5
S01007440,Families with dependent children: Youngest aged 5 to 11,26,20,11,10,1,9,5,4,6,0,6
S01007440,Families with dependent children: Youngest aged 12 to 18,32,22,19,19,0,3,2,1,10,1,9
S01007441,All families in households,192,178,160,154,6,18,14,4,14,3,11
S01007441,Families with no dependent children,123,118,107,104,3,11,10,1,5,2,3
S01007441,Families with dependent children: Total,69,60,53,50,3,7,4,3,9,1,8
S01007441,Families with dependent children: Youngest aged 0 to 4,15,15,14,13,1,1,1,0,0,0,0
S01007441,Families with dependent children: Youngest aged 5 to 11,27,25,20,19,1,5,2,3,2,0,2
S01007441,Families with dependent children: Youngest aged 12 to 18,27,20,19,18,1,1,1,0,7,1,6
S01007442,All families in households,163,155,140,138,2,15,13,2,8,3,5
S01007442,Families with no dependent children,122,121,108,107,1,13,12,1,1,0,1
S01007442,Families with dependent children: Total,41,34,32,31,1,2,1,1,7,3,4
S01007442,Families with dependent children: Youngest aged 0 to 4,9,9,9,8,1,0,0,0,0,0,0
S01007442,Families with dependent children: Youngest aged 5 to 11,14,11,10,10,0,1,0,1,3,1,2
S01007442,Families with dependent children: Youngest aged 12 to 18,18,14,13,13,0,1,1,0,4,2,2
S01007443,All families in households,267,240,213,206,7,27,20,7,27,6,21
S01007443,Families with no dependent children,169,154,140,137,3,14,13,1,15,5,10
S01007443,Families with dependent children: Total,98,86,73,69,4,13,7,6,12,1,11
S01007443,Families with dependent children: Youngest aged 0 to 4,31,29,22,22,0,7,6,1,2,0,2
S01007443,Families with dependent children: Youngest aged 5 to 11,27,23,20,19,1,3,1,2,4,0,4
S01007443,Families with dependent children: Youngest aged 12 to 18,40,34,31,28,3,3,0,3,6,1,5
S01007444,All families in households,280,249,230,224,6,19,17,2,31,3,28
S01007444,Families with no dependent children,165,156,140,140,0,16,16,0,9,1,8
S01007444,Families with dependent children: Total,115,93,90,84,6,3,1,2,22,2,20
S01007444,Families with dependent children: Youngest aged 0 to 4,28,24,22,20,2,2,1,1,4,0,4
S01007444,Families with dependent children: Youngest aged 5 to 11,41,34,34,31,3,0,0,0,7,1,6
S01007444,Families with dependent children: Youngest aged 12 to 18,46,35,34,33,1,1,0,1,11,1,10
S01007445,All families in households,199,181,171,167,4,10,8,2,18,8,10
S01007445,Families with no dependent children,123,119,113,112,1,6,6,0,4,2,2
S01007445,Families with dependent children: Total,76,62,58,55,3,4,2,2,14,6,8
S01007445,Families with dependent children: Youngest aged 0 to 4,23,20,17,17,0,3,2,1,3,1,2
S01007445,Families with dependent children: Youngest aged 5 to 11,27,24,24,22,2,0,0,0,3,1,2
S01007445,Families with dependent children: Youngest aged 12 to 18,26,18,17,16,1,1,0,1,8,4,4
S01007446,All families in households,172,150,138,131,7,12,9,3,22,2,20
S01007446,Families with no dependent children,99,88,80,79,1,8,8,0,11,1,10
S01007446,Families with dependent children: Total,73,62,58,52,6,4,1,3,11,1,10
S01007446,Families with dependent children: Youngest aged 0 to 4,15,13,12,11,1,1,1,0,2,0,2
S01007446,Families with dependent children: Youngest aged 5 to 11,29,26,25,21,4,1,0,1,3,1,2
S01007446,Families with dependent children: Youngest aged 12 to 18,29,23,21,20,1,2,0,2,6,0,6
S01007447,All families in households,160,150,144,144,0,6,5,1,10,3,7
S01007447,Families with no dependent children,108,104,100,100,0,4,4,0,4,2,2
S01007447,Families with dependent children: Total,52,46,44,44,0,2,1,1,6,1,5
S01007447,Families with dependent children: Youngest aged 0 to 4,7,7,6,6,0,1,1,0,0,0,0
S01007447,Families with dependent children: Youngest aged 5 to 11,27,23,22,22,0,1,0,1,4,1,3
S01007447,Families with dependent children: Youngest aged 12 to 18,18,16,16,16,0,0,0,0,2,0,2
S01007448,All families in households,282,260,225,219,6,35,29,6,22,5,17
S01007448,Families with no dependent children,198,188,169,164,5,19,16,3,10,3,7
S01007448,Families with dependent children: Total,84,72,56,55,1,16,13,3,12,2,10
S01007448,Families with dependent children: Youngest aged 0 to 4,23,19,10,10,0,9,9,0,4,0,4
S01007448,Families with dependent children: Youngest aged 5 to 11,35,30,26,26,0,4,3,1,5,1,4
S01007448,Families with dependent children: Youngest aged 12 to 18,26,23,20,19,1,3,1,2,3,1,2
S01007449,All families in households,311,245,195,185,10,50,44,6,66,7,59
S01007449,Families with no dependent children,196,171,140,139,1,31,30,1,25,6,19
S01007449,Families with dependent children: Total,115,74,55,46,9,19,14,5,41,1,40
S01007449,Families with dependent children: Youngest aged 0 to 4,50,32,23,19,4,9,9,0,18,0,18
S01007449,Families with dependent children: Youngest aged 5 to 11,32,17,14,13,1,3,2,1,15,1,14
S01007449,Families with dependent children: Youngest aged 12 to 18,33,25,18,14,4,7,3,4,8,0,8
S01007450,All families in households,221,157,108,104,4,49,39,10,64,11,53
S01007450,Families with no dependent children,121,98,74,71,3,24,20,4,23,8,15
S01007450,Families with dependent children: Total,100,59,34,33,1,25,19,6,41,3,38
S01007450,Families with dependent children: Youngest aged 0 to 4,37,23,6,6,0,17,14,3,14,0,14
S01007450,Families with dependent children: Youngest aged 5 to 11,40,25,17,17,0,8,5,3,15,0,15
S01007450,Families with dependent children: Youngest aged 12 to 18,23,11,11,10,1,0,0,0,12,3,9
S01007451,All families in households,197,169,141,138,3,28,25,3,28,4,24
S01007451,Families with no dependent children,131,118,101,100,1,17,17,0,13,4,9
S01007451,Families with dependent children: Total,66,51,40,38,2,11,8,3,15,0,15
S01007451,Families with dependent children: Youngest aged 0 to 4,19,14,10,9,1,4,4,0,5,0,5
S01007451,Families with dependent children: Youngest aged 5 to 11,27,21,15,14,1,6,4,2,6,0,6
S01007451,Families with dependent children: Youngest aged 12 to 18,20,16,15,15,0,1,0,1,4,0,4
S01007452,All families in households,152,120,98,93,5,22,17,5,32,3,29
S01007452,Families with no dependent children,86,77,65,63,2,12,9,3,9,1,8
S01007452,Families with dependent children: Total,66,43,33,30,3,10,8,2,23,2,21
S01007452,Families with dependent children: Youngest aged 0 to 4,19,13,7,6,1,6,6,0,6,0,6
S01007452,Families with dependent children: Youngest aged 5 to 11,25,15,12,12,0,3,2,1,10,1,9
S01007452,Families with dependent children: Youngest aged 12 to 18,22,15,14,12,2,1,0,1,7,1,6
S01007453,All families in households,190,179,137,123,14,42,30,12,11,0,11
S01007453,Families with no dependent children,86,84,60,57,3,24,22,2,2,0,2
S01007453,Families with dependent children: Total,104,95,77,66,11,18,8,10,9,0,9
S01007453,Families with dependent children: Youngest aged 0 to 4,53,52,41,37,4,11,7,4,1,0,1
S01007453,Families with dependent children: Youngest aged 5 to 11,32,27,22,17,5,5,1,4,5,0,5
S01007453,Families with dependent children: Youngest aged 12 to 18,19,16,14,12,2,2,0,2,3,0,3
S01007454,All families in households,162,131,107,100,7,24,16,8,31,5,26
S01007454,Families with no dependent children,102,86,75,71,4,11,11,0,16,5,11
S01007454,Families with dependent children: Total,60,45,32,29,3,13,5,8,15,0,15
S01007454,Families with dependent children: Youngest aged 0 to 4,16,13,7,6,1,6,1,5,3,0,3
S01007454,Families with dependent children: Youngest aged 5 to 11,20,14,11,11,0,3,2,1,6,0,6
S01007454,Families with dependent children: Youngest aged 12 to 18,24,18,14,12,2,4,2,2,6,0,6
S01007455,All families in households,259,189,133,122,11,56,46,10,70,15,55
S01007455,Families with no dependent children,140,118,92,88,4,26,24,2,22,8,14
S01007455,Families with dependent children: Total,119,71,41,34,7,30,22,8,48,7,41
S01007455,Families with dependent children: Youngest aged 0 to 4,48,28,14,11,3,14,11,3,20,1,19
S01007455,Families with dependent children: Youngest aged 5 to 11,36,20,10,8,2,10,9,1,16,4,12
S01007455,Families with dependent children: Youngest aged 12 to 18,35,23,17,15,2,6,2,4,12,2,10
S01007456,All families in households,255,163,111,101,10,52,43,9,92,13,79
S01007456,Families with no dependent children,109,86,61,59,2,25,24,1,23,5,18
S01007456,Families with dependent children: Total,146,77,50,42,8,27,19,8,69,8,61
S01007456,Families with dependent children: Youngest aged 0 to 4,75,45,24,20,4,21,16,5,30,2,28
S01007456,Families with dependent children: Youngest aged 5 to 11,35,14,11,11,0,3,1,2,21,3,18
S01007456,Families with dependent children: Youngest aged 12 to 18,36,18,15,11,4,3,2,1,18,3,15
S01007457,All families in households,302,252,206,199,7,46,31,15,50,5,45
S01007457,Families with no dependent children,161,148,125,120,5,23,17,6,13,2,11
S01007457,Families with dependent children: Total,141,104,81,79,2,23,14,9,37,3,34
S01007457,Families with dependent children: Youngest aged 0 to 4,54,40,28,27,1,12,9,3,14,1,13
S01007457,Families with dependent children: Youngest aged 5 to 11,55,42,34,33,1,8,4,4,13,0,13
S01007457,Families with dependent children: Youngest aged 12 to 18,32,22,19,19,0,3,1,2,10,2,8
S01007458,All families in households,172,154,133,129,4,21,18,3,18,3,15
S01007458,Families with no dependent children,110,102,92,91,1,10,9,1,8,1,7
S01007458,Families with dependent children: Total,62,52,41,38,3,11,9,2,10,2,8
S01007458,Families with dependent children: Youngest aged 0 to 4,15,13,7,7,0,6,5,1,2,0,2
S01007458,Families with dependent children: Youngest aged 5 to 11,23,19,14,12,2,5,4,1,4,0,4
S01007458,Families with dependent children: Youngest aged 12 to 18,24,20,20,19,1,0,0,0,4,2,2
S01007459,All families in households,202,179,152,148,4,27,22,5,23,6,17
S01007459,Families with no dependent children,141,128,116,115,1,12,8,4,13,5,8
S01007459,Families with dependent children: Total,61,51,36,33,3,15,14,1,10,1,9
S01007459,Families with dependent children: Youngest aged 0 to 4,21,17,6,6,0,11,11,0,4,0,4
S01007459,Families with dependent children: Youngest aged 5 to 11,20,19,15,14,1,4,3,1,1,0,1
S01007459,Families with dependent children: Youngest aged 12 to 18,20,15,15,13,2,0,0,0,5,1,4
S01007460,All families in households,225,181,148,142,6,33,26,7,44,7,37
S01007460,Families with no dependent children,157,138,116,112,4,22,20,2,19,7,12
S01007460,Families with dependent children: Total,68,43,32,30,2,11,6,5,25,0,25
S01007460,Families with dependent children: Youngest aged 0 to 4,29,19,14,14,0,5,3,2,10,0,10
S01007460,Families with dependent children: Youngest aged 5 to 11,17,10,8,8,0,2,1,1,7,0,7
S01007460,Families with dependent children: Youngest aged 12 to 18,22,14,10,8,2,4,2,2,8,0,8
S01007461,All families in households,193,122,81,76,5,41,39,2,71,10,61
S01007461,Families with no dependent children,104,86,54,53,1,32,32,0,18,3,15
S01007461,Families with dependent children: Total,89,36,27,23,4,9,7,2,53,7,46
S01007461,Families with dependent children: Youngest aged 0 to 4,36,18,14,12,2,4,3,1,18,1,17
S01007461,Families with dependent children: Youngest aged 5 to 11,22,6,4,3,1,2,2,0,16,3,13
S01007461,Families with dependent children: Youngest aged 12 to 18,31,12,9,8,1,3,2,1,19,3,16
S01007462,All families in households,229,181,129,127,2,52,46,6,48,5,43
S01007462,Families with no dependent children,144,129,91,90,1,38,36,2,15,2,13
S01007462,Families with dependent children: Total,85,52,38,37,1,14,10,4,33,3,30
S01007462,Families with dependent children: Youngest aged 0 to 4,29,17,12,11,1,5,4,1,12,1,11
S01007462,Families with dependent children: Youngest aged 5 to 11,25,15,11,11,0,4,3,1,10,0,10
S01007462,Families with dependent children: Youngest aged 12 to 18,31,20,15,15,0,5,3,2,11,2,9
S01007463,All families in households,280,162,119,107,12,43,35,8,118,11,107
S01007463,Families with no dependent children,132,92,71,69,2,21,16,5,40,6,34
S01007463,Families with dependent children: Total,148,70,48,38,10,22,19,3,78,5,73
S01007463,Families with dependent children: Youngest aged 0 to 4,50,29,14,10,4,15,15,0,21,0,21
S01007463,Families with dependent children: Youngest aged 5 to 11,46,19,15,13,2,4,2,2,27,0,27
S01007463,Families with dependent children: Youngest aged 12 to 18,52,22,19,15,4,3,2,1,30,5,25
S01007464,All families in households,197,141,118,115,3,23,17,6,56,5,51
S01007464,Families with no dependent children,117,91,83,82,1,8,8,0,26,4,22
S01007464,Families with dependent children: Total,80,50,35,33,2,15,9,6,30,1,29
S01007464,Families with dependent children: Youngest aged 0 to 4,34,22,15,14,1,7,5,2,12,0,12
S01007464,Families with dependent children: Youngest aged 5 to 11,27,17,12,11,1,5,2,3,10,0,10
S01007464,Families with dependent children: Youngest aged 12 to 18,19,11,8,8,0,3,2,1,8,1,7
S01007465,All families in households,228,136,89,84,5,47,41,6,92,16,76
S01007465,Families with no dependent children,101,87,60,59,1,27,23,4,14,4,10
S01007465,Families with dependent children: Total,127,49,29,25,4,20,18,2,78,12,66
S01007465,Families with dependent children: Youngest aged 0 to 4,49,20,8,8,0,12,12,0,29,5,24
S01007465,Families with dependent children: Youngest aged 5 to 11,53,19,15,12,3,4,3,1,34,5,29
S01007465,Families with dependent children: Youngest aged 12 to 18,25,10,6,5,1,4,3,1,15,2,13
S01007466,All families in households,232,165,100,97,3,65,55,10,67,7,60
S01007466,Families with no dependent children,135,113,71,70,1,42,38,4,22,3,19
S01007466,Families with dependent children: Total,97,52,29,27,2,23,17,6,45,4,41
S01007466,Families with dependent children: Youngest aged 0 to 4,55,30,13,12,1,17,14,3,25,0,25
S01007466,Families with dependent children: Youngest aged 5 to 11,19,12,7,7,0,5,2,3,7,1,6
S01007466,Families with dependent children: Youngest aged 12 to 18,23,10,9,8,1,1,1,0,13,3,10
S01007467,All families in households,271,205,161,151,10,44,38,6,66,18,48
S01007467,Families with no dependent children,156,135,107,104,3,28,27,1,21,9,12
S01007467,Families with dependent children: Total,115,70,54,47,7,16,11,5,45,9,36
S01007467,Families with dependent children: Youngest aged 0 to 4,47,33,24,19,5,9,8,1,14,3,11
S01007467,Families with dependent children: Youngest aged 5 to 11,42,20,15,14,1,5,3,2,22,4,18
S01007467,Families with dependent children: Youngest aged 12 to 18,26,17,15,14,1,2,0,2,9,2,7
S01007468,All families in households,228,205,178,174,4,27,23,4,23,7,16
S01007468,Families with no dependent children,145,138,121,121,0,17,15,2,7,3,4
S01007468,Families with dependent children: Total,83,67,57,53,4,10,8,2,16,4,12
S01007468,Families with dependent children: Youngest aged 0 to 4,23,18,15,15,0,3,3,0,5,0,5
S01007468,Families with dependent children: Youngest aged 5 to 11,32,28,23,22,1,5,4,1,4,2,2
S01007468,Families with dependent children: Youngest aged 12 to 18,28,21,19,16,3,2,1,1,7,2,5
S01007469,All families in households,195,146,113,108,5,33,26,7,49,11,38
S01007469,Families with no dependent children,103,93,78,77,1,15,14,1,10,2,8
S01007469,Families with dependent children: Total,92,53,35,31,4,18,12,6,39,9,30
S01007469,Families with dependent children: Youngest aged 0 to 4,39,26,13,11,2,13,9,4,13,1,12
S01007469,Families with dependent children: Youngest aged 5 to 11,32,19,16,14,2,3,2,1,13,4,9
S01007469,Families with dependent children: Youngest aged 12 to 18,21,8,6,6,0,2,1,1,13,4,9
S01007470,All families in households,188,131,102,95,7,29,26,3,57,8,49
S01007470,Families with no dependent children,110,86,66,66,0,20,19,1,24,5,19
S01007470,Families with dependent children: Total,78,45,36,29,7,9,7,2,33,3,30
S01007470,Families with dependent children: Youngest aged 0 to 4,27,14,10,9,1,4,4,0,13,1,12
S01007470,Families with dependent children: Youngest aged 5 to 11,27,18,14,11,3,4,2,2,9,1,8
S01007470,Families with dependent children: Youngest aged 12 to 18,24,13,12,9,3,1,1,0,11,1,10
S01007471,All families in households,148,121,98,92,6,23,21,2,27,4,23
S01007471,Families with no dependent children,77,67,53,50,3,14,13,1,10,3,7
S01007471,Families with dependent children: Total,71,54,45,42,3,9,8,1,17,1,16
S01007471,Families with dependent children: Youngest aged 0 to 4,26,17,12,10,2,5,5,0,9,0,9
S01007471,Families with dependent children: Youngest aged 5 to 11,14,11,10,10,0,1,1,0,3,0,3
S01007471,Families with dependent children: Youngest aged 12 to 18,31,26,23,22,1,3,2,1,5,1,4
S01007472,All families in households,168,122,87,82,5,35,32,3,46,8,38
S01007472,Families with no dependent children,92,74,58,58,0,16,15,1,18,5,13
S01007472,Families with dependent children: Total,76,48,29,24,5,19,17,2,28,3,25
S01007472,Families with dependent children: Youngest aged 0 to 4,35,18,6,5,1,12,12,0,17,1,16
S01007472,Families with dependent children: Youngest aged 5 to 11,19,13,9,7,2,4,3,1,6,2,4
S01007472,Families with dependent children: Youngest aged 12 to 18,22,17,14,12,2,3,2,1,5,0,5
S01007473,All families in households,127,94,78,73,5,16,12,4,33,4,29
S01007473,Families with no dependent children,73,63,55,54,1,8,6,2,10,4,6
S01007473,Families with dependent children: Total,54,31,23,19,4,8,6,2,23,0,23
S01007473,Families with dependent children: Youngest aged 0 to 4,16,7,3,2,1,4,4,0,9,0,9
S01007473,Families with dependent children: Youngest aged 5 to 11,19,12,8,6,2,4,2,2,7,0,7
S01007473,Families with dependent children: Youngest aged 12 to 18,19,12,12,11,1,0,0,0,7,0,7
S01007474,All families in households,169,157,142,134,8,15,12,3,12,1,11
S01007474,Families with no dependent children,105,101,92,92,0,9,8,1,4,0,4
S01007474,Families with dependent children: Total,64,56,50,42,8,6,4,2,8,1,7
S01007474,Families with dependent children: Youngest aged 0 to 4,17,16,13,12,1,3,2,1,1,1,0
S01007474,Families with dependent children: Youngest aged 5 to 11,18,15,13,11,2,2,1,1,3,0,3
S01007474,Families with dependent children: Youngest aged 12 to 18,29,25,24,19,5,1,1,0,4,0,4
S01007475,All families in households,191,163,134,128,6,29,24,5,28,1,27
S01007475,Families with no dependent children,122,113,96,95,1,17,17,0,9,1,8
S01007475,Families with dependent children: Total,69,50,38,33,5,12,7,5,19,0,19
S01007475,Families with dependent children: Youngest aged 0 to 4,34,24,18,18,0,6,4,2,10,0,10
S01007475,Families with dependent children: Youngest aged 5 to 11,17,12,11,9,2,1,1,0,5,0,5
S01007475,Families with dependent children: Youngest aged 12 to 18,18,14,9,6,3,5,2,3,4,0,4
S01007476,All families in households,211,191,169,165,4,22,19,3,20,1,19
S01007476,Families with no dependent children,152,147,130,127,3,17,16,1,5,1,4
S01007476,Families with dependent children: Total,59,44,39,38,1,5,3,2,15,0,15
S01007476,Families with dependent children: Youngest aged 0 to 4,16,11,9,8,1,2,1,1,5,0,5
S01007476,Families with dependent children: Youngest aged 5 to 11,27,22,19,19,0,3,2,1,5,0,5
S01007476,Families with dependent children: Youngest aged 12 to 18,16,11,11,11,0,0,0,0,5,0,5
S01007477,All families in households,162,141,108,103,5,33,31,2,21,2,19
S01007477,Families with no dependent children,100,92,71,70,1,21,21,0,8,2,6
S01007477,Families with dependent children: Total,62,49,37,33,4,12,10,2,13,0,13
S01007477,Families with dependent children: Youngest aged 0 to 4,28,27,19,15,4,8,7,1,1,0,1
S01007477,Families with dependent children: Youngest aged 5 to 11,17,11,9,9,0,2,1,1,6,0,6
S01007477,Families with dependent children: Youngest aged 12 to 18,17,11,9,9,0,2,2,0,6,0,6
S01007478,All families in households,267,229,163,159,4,66,60,6,38,5,33
S01007478,Families with no dependent children,162,152,102,102,0,50,48,2,10,3,7
S01007478,Families with dependent children: Total,105,77,61,57,4,16,12,4,28,2,26
S01007478,Families with dependent children: Youngest aged 0 to 4,39,25,21,20,1,4,4,0,14,1,13
S01007478,Families with dependent children: Youngest aged 5 to 11,31,26,20,19,1,6,5,1,5,0,5
S01007478,Families with dependent children: Youngest aged 12 to 18,35,26,20,18,2,6,3,3,9,1,8
S01007479,All families in households,173,141,103,97,6,38,31,7,32,3,29
S01007479,Families with no dependent children,86,79,53,51,2,26,23,3,7,2,5
S01007479,Families with dependent children: Total,87,62,50,46,4,12,8,4,25,1,24
S01007479,Families with dependent children: Youngest aged 0 to 4,34,23,17,15,2,6,5,1,11,0,11
S01007479,Families with dependent children: Youngest aged 5 to 11,31,25,20,20,0,5,3,2,6,0,6
S01007479,Families with dependent children: Youngest aged 12 to 18,22,14,13,11,2,1,0,1,8,1,7
S01007480,All families in households,229,204,153,144,9,51,44,7,25,3,22
S01007480,Families with no dependent children,122,114,89,86,3,25,21,4,8,1,7
S01007480,Families with dependent children: Total,107,90,64,58,6,26,23,3,17,2,15
S01007480,Families with dependent children: Youngest aged 0 to 4,48,44,26,24,2,18,17,1,4,0,4
S01007480,Families with dependent children: Youngest aged 5 to 11,36,30,24,20,4,6,5,1,6,0,6
S01007480,Families with dependent children: Youngest aged 12 to 18,23,16,14,14,0,2,1,1,7,2,5
S01007481,All families in households,275,255,233,229,4,22,18,4,20,2,18
S01007481,Families with no dependent children,209,198,186,184,2,12,12,0,11,1,10
S01007481,Families with dependent children: Total,66,57,47,45,2,10,6,4,9,1,8
S01007481,Families with dependent children: Youngest aged 0 to 4,21,19,13,12,1,6,4,2,2,0,2
S01007481,Families with dependent children: Youngest aged 5 to 11,17,16,15,14,1,1,1,0,1,0,1
S01007481,Families with dependent children: Youngest aged 12 to 18,28,22,19,19,0,3,1,2,6,1,5
S01007482,All families in households,131,107,85,81,4,22,17,5,24,3,21
S01007482,Families with no dependent children,91,80,66,64,2,14,12,2,11,2,9
S01007482,Families with dependent children: Total,40,27,19,17,2,8,5,3,13,1,12
S01007482,Families with dependent children: Youngest aged 0 to 4,14,13,8,8,0,5,4,1,1,0,1
S01007482,Families with dependent children: Youngest aged 5 to 11,13,8,7,6,1,1,0,1,5,0,5
S01007482,Families with dependent children: Youngest aged 12 to 18,13,6,4,3,1,2,1,1,7,1,6
S01007483,All families in households,236,186,144,133,11,42,29,13,50,8,42
S01007483,Families with no dependent children,126,108,90,90,0,18,16,2,18,3,15
S01007483,Families with dependent children: Total,110,78,54,43,11,24,13,11,32,5,27
S01007483,Families with dependent children: Youngest aged 0 to 4,37,30,15,14,1,15,10,5,7,1,6
S01007483,Families with dependent children: Youngest aged 5 to 11,36,23,17,13,4,6,3,3,13,4,9
S01007483,Families with dependent children: Youngest aged 12 to 18,37,25,22,16,6,3,0,3,12,0,12
S01007484,All families in households,147,112,89,82,7,23,19,4,35,5,30
S01007484,Families with no dependent children,79,71,59,55,4,12,12,0,8,2,6
S01007484,Families with dependent children: Total,68,41,30,27,3,11,7,4,27,3,24
S01007484,Families with dependent children: Youngest aged 0 to 4,29,18,11,11,0,7,4,3,11,0,11
S01007484,Families with dependent children: Youngest aged 5 to 11,22,10,9,8,1,1,1,0,12,2,10
S01007484,Families with dependent children: Youngest aged 12 to 18,17,13,10,8,2,3,2,1,4,1,3
S01007485,All families in households,140,94,46,44,2,48,40,8,46,3,43
S01007485,Families with no dependent children,62,51,36,36,0,15,15,0,11,2,9
S01007485,Families with dependent children: Total,78,43,10,8,2,33,25,8,35,1,34
S01007485,Families with dependent children: Youngest aged 0 to 4,48,27,3,3,0,24,18,6,21,1,20
S01007485,Families with dependent children: Youngest aged 5 to 11,19,10,3,3,0,7,5,2,9,0,9
S01007485,Families with dependent children: Youngest aged 12 to 18,11,6,4,2,2,2,2,0,5,0,5
S01007486,All families in households,151,77,48,39,9,29,22,7,74,8,66
S01007486,Families with no dependent children,44,32,26,25,1,6,6,0,12,2,10
S01007486,Families with dependent children: Total,107,45,22,14,8,23,16,7,62,6,56
S01007486,Families with dependent children: Youngest aged 0 to 4,57,23,9,6,3,14,12,2,34,1,33
S01007486,Families with dependent children: Youngest aged 5 to 11,39,17,8,6,2,9,4,5,22,4,18
S01007486,Families with dependent children: Youngest aged 12 to 18,11,5,5,2,3,0,0,0,6,1,5
S01007487,All families in households,216,164,111,107,4,53,45,8,52,4,48
S01007487,Families with no dependent children,125,113,83,82,1,30,29,1,12,3,9
S01007487,Families with dependent children: Total,91,51,28,25,3,23,16,7,40,1,39
S01007487,Families with dependent children: Youngest aged 0 to 4,39,25,9,7,2,16,12,4,14,0,14
S01007487,Families with dependent children: Youngest aged 5 to 11,25,13,8,7,1,5,2,3,12,0,12
S01007487,Families with dependent children: Youngest aged 12 to 18,27,13,11,11,0,2,2,0,14,1,13
S01007488,All families in households,299,228,177,166,11,51,44,7,71,11,60
S01007488,Families with no dependent children,163,138,110,106,4,28,26,2,25,4,21
S01007488,Families with dependent children: Total,136,90,67,60,7,23,18,5,46,7,39
S01007488,Families with dependent children: Youngest aged 0 to 4,50,36,19,15,4,17,15,2,14,0,14
S01007488,Families with dependent children: Youngest aged 5 to 11,39,26,25,23,2,1,0,1,13,2,11
S01007488,Families with dependent children: Youngest aged 12 to 18,47,28,23,22,1,5,3,2,19,5,14
S01007489,All families in households,261,211,181,173,8,30,27,3,50,4,46
S01007489,Families with no dependent children,157,139,127,125,2,12,12,0,18,3,15
S01007489,Families with dependent children: Total,104,72,54,48,6,18,15,3,32,1,31
S01007489,Families with dependent children: Youngest aged 0 to 4,32,24,13,13,0,11,10,1,8,0,8
S01007489,Families with dependent children: Youngest aged 5 to 11,33,18,15,13,2,3,2,1,15,0,15
S01007489,Families with dependent children: Youngest aged 12 to 18,39,30,26,22,4,4,3,1,9,1,8
S01007490,All families in households,264,217,180,165,15,37,26,11,47,11,36
S01007490,Families with no dependent children,159,139,120,114,6,19,15,4,20,8,12
S01007490,Families with dependent children: Total,105,78,60,51,9,18,11,7,27,3,24
S01007490,Families with dependent children: Youngest aged 0 to 4,30,21,15,12,3,6,4,2,9,1,8
S01007490,Families with dependent children: Youngest aged 5 to 11,34,26,18,13,5,8,4,4,8,0,8
S01007490,Families with dependent children: Youngest aged 12 to 18,41,31,27,26,1,4,3,1,10,2,8
S01007491,All families in households,345,257,172,166,6,85,70,15,88,3,85
S01007491,Families with no dependent children,161,148,100,99,1,48,45,3,13,1,12
S01007491,Families with dependent children: Total,184,109,72,67,5,37,25,12,75,2,73
S01007491,Families with dependent children: Youngest aged 0 to 4,90,67,43,41,2,24,20,4,23,1,22
S01007491,Families with dependent children: Youngest aged 5 to 11,53,21,14,12,2,7,2,5,32,1,31
S01007491,Families with dependent children: Youngest aged 12 to 18,41,21,15,14,1,6,3,3,20,0,20
S01007492,All families in households,206,177,150,146,4,27,24,3,29,6,23
S01007492,Families with no dependent children,142,129,110,110,0,19,19,0,13,5,8
S01007492,Families with dependent children: Total,64,48,40,36,4,8,5,3,16,1,15
S01007492,Families with dependent children: Youngest aged 0 to 4,19,14,10,7,3,4,3,1,5,0,5
S01007492,Families with dependent children: Youngest aged 5 to 11,17,12,11,11,0,1,1,0,5,0,5
S01007492,Families with dependent children: Youngest aged 12 to 18,28,22,19,18,1,3,1,2,6,1,5
S01007493,All families in households,258,209,166,159,7,43,35,8,49,6,43
S01007493,Families with no dependent children,151,134,112,112,0,22,20,2,17,3,14
S01007493,Families with dependent children: Total,107,75,54,47,7,21,15,6,32,3,29
S01007493,Families with dependent children: Youngest aged 0 to 4,41,31,16,15,1,15,11,4,10,0,10
S01007493,Families with dependent children: Youngest aged 5 to 11,36,25,22,19,3,3,2,1,11,1,10
S01007493,Families with dependent children: Youngest aged 12 to 18,30,19,16,13,3,3,2,1,11,2,9
S01007494,All families in households,168,152,129,122,7,23,19,4,16,1,15
S01007494,Families with no dependent children,114,109,96,93,3,13,12,1,5,1,4
S01007494,Families with dependent children: Total,54,43,33,29,4,10,7,3,11,0,11
S01007494,Families with dependent children: Youngest aged 0 to 4,19,16,9,7,2,7,6,1,3,0,3
S01007494,Families with dependent children: Youngest aged 5 to 11,16,13,13,12,1,0,0,0,3,0,3
S01007494,Families with dependent children: Youngest aged 12 to 18,19,14,11,10,1,3,1,2,5,0,5
S01007495,All families in households,276,243,211,204,7,32,28,4,33,4,29
S01007495,Families with no dependent children,170,158,139,138,1,19,19,0,12,2,10
S01007495,Families with dependent children: Total,106,85,72,66,6,13,9,4,21,2,19
S01007495,Families with dependent children: Youngest aged 0 to 4,38,32,25,24,1,7,5,2,6,0,6
S01007495,Families with dependent children: Youngest aged 5 to 11,41,33,28,26,2,5,3,2,8,2,6
S01007495,Families with dependent children: Youngest aged 12 to 18,27,20,19,16,3,1,1,0,7,0,7
S01007496,All families in households,326,292,252,244,8,40,38,2,34,3,31
S01007496,Families with no dependent children,237,225,194,192,2,31,30,1,12,1,11
S01007496,Families with dependent children: Total,89,67,58,52,6,9,8,1,22,2,20
S01007496,Families with dependent children: Youngest aged 0 to 4,33,22,17,16,1,5,5,0,11,1,10
S01007496,Families with dependent children: Youngest aged 5 to 11,26,20,19,14,5,1,1,0,6,1,5
S01007496,Families with dependent children: Youngest aged 12 to 18,30,25,22,22,0,3,2,1,5,0,5
S01007497,All families in households,184,158,137,134,3,21,17,4,26,7,19
S01007497,Families with no dependent children,113,109,96,95,1,13,13,0,4,2,2
S01007497,Families with dependent children: Total,71,49,41,39,2,8,4,4,22,5,17
S01007497,Families with dependent children: Youngest aged 0 to 4,27,21,17,16,1,4,3,1,6,1,5
S01007497,Families with dependent children: Youngest aged 5 to 11,24,18,14,14,0,4,1,3,6,0,6
S01007497,Families with dependent children: Youngest aged 12 to 18,20,10,10,9,1,0,0,0,10,4,6
S01007498,All families in households,255,227,191,185,6,36,28,8,28,2,26
S01007498,Families with no dependent children,178,170,148,147,1,22,21,1,8,1,7
S01007498,Families with dependent children: Total,77,57,43,38,5,14,7,7,20,1,19
S01007498,Families with dependent children: Youngest aged 0 to 4,24,19,15,12,3,4,3,1,5,0,5
S01007498,Families with dependent children: Youngest aged 5 to 11,24,18,14,12,2,4,1,3,6,0,6
S01007498,Families with dependent children: Youngest aged 12 to 18,29,20,14,14,0,6,3,3,9,1,8
S01007499,All families in households,262,231,186,174,12,45,36,9,31,5,26
S01007499,Families with no dependent children,161,150,132,129,3,18,16,2,11,2,9
S01007499,Families with dependent children: Total,101,81,54,45,9,27,20,7,20,3,17
S01007499,Families with dependent children: Youngest aged 0 to 4,37,33,21,18,3,12,9,3,4,0,4
S01007499,Families with dependent children: Youngest aged 5 to 11,34,23,17,13,4,6,5,1,11,1,10
S01007499,Families with dependent children: Youngest aged 12 to 18,30,25,16,14,2,9,6,3,5,2,3
S01007500,All families in households,191,172,138,134,4,34,33,1,19,4,15
S01007500,Families with no dependent children,140,132,109,108,1,23,23,0,8,3,5
S01007500,Families with dependent children: Total,51,40,29,26,3,11,10,1,11,1,10
S01007500,Families with dependent children: Youngest aged 0 to 4,20,15,8,6,2,7,7,0,5,0,5
S01007500,Families with dependent children: Youngest aged 5 to 11,18,17,14,13,1,3,3,0,1,1,0
S01007500,Families with dependent children: Youngest aged 12 to 18,13,8,7,7,0,1,0,1,5,0,5
S01007501,All families in households,223,205,187,181,6,18,18,0,18,3,15
S01007501,Families with no dependent children,171,165,148,146,2,17,17,0,6,1,5
S01007501,Families with dependent children: Total,52,40,39,35,4,1,1,0,12,2,10
S01007501,Families with dependent children: Youngest aged 0 to 4,16,11,10,10,0,1,1,0,5,0,5
S01007501,Families with dependent children: Youngest aged 5 to 11,20,14,14,13,1,0,0,0,6,2,4
S01007501,Families with dependent children: Youngest aged 12 to 18,16,15,15,12,3,0,0,0,1,0,1
S01007502,All families in households,157,146,119,115,4,27,23,4,11,2,9
S01007502,Families with no dependent children,109,104,84,82,2,20,20,0,5,1,4
S01007502,Families with dependent children: Total,48,42,35,33,2,7,3,4,6,1,5
S01007502,Families with dependent children: Youngest aged 0 to 4,10,10,9,9,0,1,0,1,0,0,0
S01007502,Families with dependent children: Youngest aged 5 to 11,21,16,12,12,0,4,3,1,5,1,4
S01007502,Families with dependent children: Youngest aged 12 to 18,17,16,14,12,2,2,0,2,1,0,1
S01007503,All families in households,326,283,245,232,13,38,32,6,43,5,38
S01007503,Families with no dependent children,216,203,174,172,2,29,27,2,13,3,10
S01007503,Families with dependent children: Total,110,80,71,60,11,9,5,4,30,2,28
S01007503,Families with dependent children: Youngest aged 0 to 4,35,27,23,19,4,4,3,1,8,0,8
S01007503,Families with dependent children: Youngest aged 5 to 11,40,28,25,22,3,3,1,2,12,1,11
S01007503,Families with dependent children: Youngest aged 12 to 18,35,25,23,19,4,2,1,1,10,1,9
S01007504,All families in households,207,186,148,143,5,38,36,2,21,1,20
S01007504,Families with no dependent children,152,141,113,111,2,28,27,1,11,0,11
S01007504,Families with dependent children: Total,55,45,35,32,3,10,9,1,10,1,9
S01007504,Families with dependent children: Youngest aged 0 to 4,18,16,9,8,1,7,7,0,2,0,2
S01007504,Families with dependent children: Youngest aged 5 to 11,14,12,11,10,1,1,1,0,2,0,2
S01007504,Families with dependent children: Youngest aged 12 to 18,23,17,15,14,1,2,1,1,6,1,5
S01007505,All families in households,134,114,95,91,4,19,16,3,20,5,15
S01007505,Families with no dependent children,82,74,67,66,1,7,7,0,8,3,5
S01007505,Families with dependent children: Total,52,40,28,25,3,12,9,3,12,2,10
S01007505,Families with dependent children: Youngest aged 0 to 4,21,18,11,10,1,7,6,1,3,0,3
S01007505,Families with dependent children: Youngest aged 5 to 11,12,9,6,6,0,3,1,2,3,0,3
S01007505,Families with dependent children: Youngest aged 12 to 18,19,13,11,9,2,2,2,0,6,2,4
S01007506,All families in households,167,153,131,129,2,22,21,1,14,1,13
S01007506,Families with no dependent children,118,112,96,96,0,16,16,0,6,0,6
S01007506,Families with dependent children: Total,49,41,35,33,2,6,5,1,8,1,7
S01007506,Families with dependent children: Youngest aged 0 to 4,17,15,10,10,0,5,4,1,2,0,2
S01007506,Families with dependent children: Youngest aged 5 to 11,21,18,17,15,2,1,1,0,3,0,3
S01007506,Families with dependent children: Youngest aged 12 to 18,11,8,8,8,0,0,0,0,3,1,2
S01007507,All families in households,275,241,195,190,5,46,39,7,34,3,31
S01007507,Families with no dependent children,179,169,147,145,2,22,22,0,10,2,8
S01007507,Families with dependent children: Total,96,72,48,45,3,24,17,7,24,1,23
S01007507,Families with dependent children: Youngest aged 0 to 4,33,27,14,13,1,13,11,2,6,0,6
S01007507,Families with dependent children: Youngest aged 5 to 11,30,20,14,14,0,6,3,3,10,1,9
S01007507,Families with dependent children: Youngest aged 12 to 18,33,25,20,18,2,5,3,2,8,0,8
S01007508,All families in households,217,201,166,162,4,35,31,4,16,3,13
S01007508,Families with no dependent children,164,156,132,132,0,24,23,1,8,3,5
S01007508,Families with dependent children: Total,53,45,34,30,4,11,8,3,8,0,8
S01007508,Families with dependent children: Youngest aged 0 to 4,22,20,13,10,3,7,6,1,2,0,2
S01007508,Families with dependent children: Youngest aged 5 to 11,17,12,9,8,1,3,2,1,5,0,5
S01007508,Families with dependent children: Youngest aged 12 to 18,14,13,12,12,0,1,0,1,1,0,1
S01007509,All families in households,193,176,154,145,9,22,18,4,17,3,14
S01007509,Families with no dependent children,135,127,115,112,3,12,12,0,8,2,6
S01007509,Families with dependent children: Total,58,49,39,33,6,10,6,4,9,1,8
S01007509,Families with dependent children: Youngest aged 0 to 4,20,16,10,9,1,6,4,2,4,1,3
S01007509,Families with dependent children: Youngest aged 5 to 11,27,22,18,14,4,4,2,2,5,0,5
S01007509,Families with dependent children: Youngest aged 12 to 18,11,11,11,10,1,0,0,0,0,0,0
S01007510,All families in households,307,272,243,235,8,29,19,10,35,9,26
S01007510,Families with no dependent children,218,201,185,183,2,16,14,2,17,5,12
S01007510,Families with dependent children: Total,89,71,58,52,6,13,5,8,18,4,14
S01007510,Families with dependent children: Youngest aged 0 to 4,23,19,14,12,2,5,4,1,4,2,2
S01007510,Families with dependent children: Youngest aged 5 to 11,40,32,26,26,0,6,0,6,8,1,7
S01007510,Families with dependent children: Youngest aged 12 to 18,26,20,18,14,4,2,1,1,6,1,5
S01007511,All families in households,240,185,142,134,8,43,35,8,55,9,46
S01007511,Families with no dependent children,156,127,110,107,3,17,13,4,29,7,22
S01007511,Families with dependent children: Total,84,58,32,27,5,26,22,4,26,2,24
S01007511,Families with dependent children: Youngest aged 0 to 4,40,31,15,14,1,16,15,1,9,0,9
S01007511,Families with dependent children: Youngest aged 5 to 11,28,16,10,7,3,6,6,0,12,0,12
S01007511,Families with dependent children: Youngest aged 12 to 18,16,11,7,6,1,4,1,3,5,2,3
S01007512,All families in households,161,139,120,114,6,19,18,1,22,5,17
S01007512,Families with no dependent children,114,106,94,92,2,12,12,0,8,4,4
S01007512,Families with dependent children: Total,47,33,26,22,4,7,6,1,14,1,13
S01007512,Families with dependent children: Youngest aged 0 to 4,13,10,6,4,2,4,4,0,3,0,3
S01007512,Families with dependent children: Youngest aged 5 to 11,21,15,12,12,0,3,2,1,6,0,6
S01007512,Families with dependent children: Youngest aged 12 to 18,13,8,8,6,2,0,0,0,5,1,4
S01007513,All families in households,298,242,172,165,7,70,56,14,56,4,52
S01007513,Families with no dependent children,147,136,117,116,1,19,18,1,11,1,10
S01007513,Families with dependent children: Total,151,106,55,49,6,51,38,13,45,3,42
S01007513,Families with dependent children: Youngest aged 0 to 4,68,52,16,15,1,36,30,6,16,0,16
S01007513,Families with dependent children: Youngest aged 5 to 11,42,30,19,17,2,11,7,4,12,0,12
S01007513,Families with dependent children: Youngest aged 12 to 18,41,24,20,17,3,4,1,3,17,3,14
S01007514,All families in households,147,111,92,89,3,19,17,2,36,4,32
S01007514,Families with no dependent children,94,78,63,61,2,15,14,1,16,3,13
S01007514,Families with dependent children: Total,53,33,29,28,1,4,3,1,20,1,19
S01007514,Families with dependent children: Youngest aged 0 to 4,17,9,6,5,1,3,2,1,8,0,8
S01007514,Families with dependent children: Youngest aged 5 to 11,21,15,14,14,0,1,1,0,6,0,6
S01007514,Families with dependent children: Youngest aged 12 to 18,15,9,9,9,0,0,0,0,6,1,5
S01007515,All families in households,182,172,154,145,9,18,13,5,10,0,10
S01007515,Families with no dependent children,124,121,111,108,3,10,9,1,3,0,3
S01007515,Families with dependent children: Total,58,51,43,37,6,8,4,4,7,0,7
S01007515,Families with dependent children: Youngest aged 0 to 4,23,20,19,16,3,1,1,0,3,0,3
S01007515,Families with dependent children: Youngest aged 5 to 11,15,12,9,9,0,3,2,1,3,0,3
S01007515,Families with dependent children: Youngest aged 12 to 18,20,19,15,12,3,4,1,3,1,0,1
S01007516,All families in households,182,148,95,87,8,53,48,5,34,0,34
S01007516,Families with no dependent children,95,84,56,54,2,28,28,0,11,0,11
S01007516,Families with dependent children: Total,87,64,39,33,6,25,20,5,23,0,23
S01007516,Families with dependent children: Youngest aged 0 to 4,42,35,16,14,2,19,15,4,7,0,7
S01007516,Families with dependent children: Youngest aged 5 to 11,23,15,9,8,1,6,5,1,8,0,8
S01007516,Families with dependent children: Youngest aged 12 to 18,22,14,14,11,3,0,0,0,8,0,8
S01007517,All families in households,131,121,107,105,2,14,12,2,10,2,8
S01007517,Families with no dependent children,105,100,89,89,0,11,10,1,5,2,3
S01007517,Families with dependent children: Total,26,21,18,16,2,3,2,1,5,0,5
S01007517,Families with dependent children: Youngest aged 0 to 4,10,8,5,5,0,3,2,1,2,0,2
S01007517,Families with dependent children: Youngest aged 5 to 11,5,4,4,4,0,0,0,0,1,0,1
S01007517,Families with dependent children: Youngest aged 12 to 18,11,9,9,7,2,0,0,0,2,0,2
S01007518,All families in households,237,196,165,152,13,31,19,12,41,6,35
S01007518,Families with no dependent children,149,129,113,110,3,16,12,4,20,5,15
S01007518,Families with dependent children: Total,88,67,52,42,10,15,7,8,21,1,20
S01007518,Families with dependent children: Youngest aged 0 to 4,33,26,17,15,2,9,4,5,7,1,6
S01007518,Families with dependent children: Youngest aged 5 to 11,24,18,13,9,4,5,3,2,6,0,6
S01007518,Families with dependent children: Youngest aged 12 to 18,31,23,22,18,4,1,0,1,8,0,8
S01007519,All families in households,151,141,125,124,1,16,14,2,10,1,9
S01007519,Families with no dependent children,124,118,108,108,0,10,10,0,6,1,5
S01007519,Families with dependent children: Total,27,23,17,16,1,6,4,2,4,0,4
S01007519,Families with dependent children: Youngest aged 0 to 4,6,6,2,2,0,4,3,1,0,0,0
S01007519,Families with dependent children: Youngest aged 5 to 11,6,4,3,3,0,1,0,1,2,0,2
S01007519,Families with dependent children: Youngest aged 12 to 18,15,13,12,11,1,1,1,0,2,0,2
S01007520,All families in households,286,259,218,214,4,41,32,9,27,4,23
S01007520,Families with no dependent children,186,177,155,153,2,22,18,4,9,2,7
S01007520,Families with dependent children: Total,100,82,63,61,2,19,14,5,18,2,16
S01007520,Families with dependent children: Youngest aged 0 to 4,37,32,22,21,1,10,7,3,5,0,5
S01007520,Families with dependent children: Youngest aged 5 to 11,34,28,23,23,0,5,3,2,6,0,6
S01007520,Families with dependent children: Youngest aged 12 to 18,29,22,18,17,1,4,4,0,7,2,5
S01007521,All families in households,135,125,103,101,2,22,18,4,10,0,10
S01007521,Families with no dependent children,92,90,77,77,0,13,13,0,2,0,2
S01007521,Families with dependent children: Total,43,35,26,24,2,9,5,4,8,0,8
S01007521,Families with dependent children: Youngest aged 0 to 4,15,13,9,9,0,4,4,0,2,0,2
S01007521,Families with dependent children: Youngest aged 5 to 11,18,14,10,8,2,4,1,3,4,0,4
S01007521,Families with dependent children: Youngest aged 12 to 18,10,8,7,7,0,1,0,1,2,0,2
S01007522,All families in households,272,236,202,198,4,34,29,5,36,6,30
S01007522,Families with no dependent children,195,178,159,155,4,19,18,1,17,6,11
S01007522,Families with dependent children: Total,77,58,43,43,0,15,11,4,19,0,19
S01007522,Families with dependent children: Youngest aged 0 to 4,26,20,11,11,0,9,6,3,6,0,6
S01007522,Families with dependent children: Youngest aged 5 to 11,31,22,17,17,0,5,4,1,9,0,9
S01007522,Families with dependent children: Youngest aged 12 to 18,20,16,15,15,0,1,1,0,4,0,4
S01007523,All families in households,169,147,116,109,7,31,24,7,22,8,14
S01007523,Families with no dependent children,120,104,86,84,2,18,17,1,16,6,10
S01007523,Families with dependent children: Total,49,43,30,25,5,13,7,6,6,2,4
S01007523,Families with dependent children: Youngest aged 0 to 4,19,17,9,9,0,8,5,3,2,0,2
S01007523,Families with dependent children: Youngest aged 5 to 11,17,16,12,8,4,4,1,3,1,0,1
S01007523,Families with dependent children: Youngest aged 12 to 18,13,10,9,8,1,1,1,0,3,2,1
S01007524,All families in households,297,265,223,216,7,42,39,3,32,7,25
S01007524,Families with no dependent children,208,196,171,167,4,25,25,0,12,4,8
S01007524,Families with dependent children: Total,89,69,52,49,3,17,14,3,20,3,17
S01007524,Families with dependent children: Youngest aged 0 to 4,35,27,17,17,0,10,9,1,8,1,7
S01007524,Families with dependent children: Youngest aged 5 to 11,29,23,21,20,1,2,2,0,6,0,6
S01007524,Families with dependent children: Youngest aged 12 to 18,25,19,14,12,2,5,3,2,6,2,4
S01007525,All families in households,163,145,127,125,2,18,15,3,18,2,16
S01007525,Families with no dependent children,119,108,97,96,1,11,11,0,11,2,9
S01007525,Families with dependent children: Total,44,37,30,29,1,7,4,3,7,0,7
S01007525,Families with dependent children: Youngest aged 0 to 4,16,15,9,8,1,6,4,2,1,0,1
S01007525,Families with dependent children: Youngest aged 5 to 11,18,15,14,14,0,1,0,1,3,0,3
S01007525,Families with dependent children: Youngest aged 12 to 18,10,7,7,7,0,0,0,0,3,0,3
S01007526,All families in households,201,159,123,114,9,36,31,5,42,6,36
S01007526,Families with no dependent children,132,114,93,91,2,21,21,0,18,3,15
S01007526,Families with dependent children: Total,69,45,30,23,7,15,10,5,24,3,21
S01007526,Families with dependent children: Youngest aged 0 to 4,26,19,8,5,3,11,9,2,7,2,5
S01007526,Families with dependent children: Youngest aged 5 to 11,23,14,12,9,3,2,1,1,9,0,9
S01007526,Families with dependent children: Youngest aged 12 to 18,20,12,10,9,1,2,0,2,8,1,7
S01007527,All families in households,257,227,190,182,8,37,29,8,30,6,24
S01007527,Families with no dependent children,184,167,147,146,1,20,18,2,17,4,13
S01007527,Families with dependent children: Total,73,60,43,36,7,17,11,6,13,2,11
S01007527,Families with dependent children: Youngest aged 0 to 4,38,34,23,21,2,11,9,2,4,2,2
S01007527,Families with dependent children: Youngest aged 5 to 11,16,11,8,6,2,3,1,2,5,0,5
S01007527,Families with dependent children: Youngest aged 12 to 18,19,15,12,9,3,3,1,2,4,0,4
S01007528,All families in households,209,159,132,123,9,27,19,8,50,7,43
S01007528,Families with no dependent children,128,111,96,94,2,15,15,0,17,5,12
S01007528,Families with dependent children: Total,81,48,36,29,7,12,4,8,33,2,31
S01007528,Families with dependent children: Youngest aged 0 to 4,26,16,13,12,1,3,1,2,10,0,10
S01007528,Families with dependent children: Youngest aged 5 to 11,25,14,12,8,4,2,2,0,11,0,11
S01007528,Families with dependent children: Youngest aged 12 to 18,30,18,11,9,2,7,1,6,12,2,10
S01007529,All families in households,226,210,183,180,3,27,22,5,16,3,13
S01007529,Families with no dependent children,161,155,138,137,1,17,16,1,6,1,5
S01007529,Families with dependent children: Total,65,55,45,43,2,10,6,4,10,2,8
S01007529,Families with dependent children: Youngest aged 0 to 4,21,16,10,10,0,6,4,2,5,0,5
S01007529,Families with dependent children: Youngest aged 5 to 11,18,16,14,12,2,2,1,1,2,1,1
S01007529,Families with dependent children: Youngest aged 12 to 18,26,23,21,21,0,2,1,1,3,1,2
S01007530,All families in households,165,152,133,131,2,19,16,3,13,1,12
S01007530,Families with no dependent children,109,104,93,93,0,11,10,1,5,0,5
S01007530,Families with dependent children: Total,56,48,40,38,2,8,6,2,8,1,7
S01007530,Families with dependent children: Youngest aged 0 to 4,21,19,13,13,0,6,6,0,2,0,2
S01007530,Families with dependent children: Youngest aged 5 to 11,16,13,12,12,0,1,0,1,3,0,3
S01007530,Families with dependent children: Youngest aged 12 to 18,19,16,15,13,2,1,0,1,3,1,2
S01007531,All families in households,216,191,159,153,6,32,25,7,25,2,23
S01007531,Families with no dependent children,142,133,113,113,0,20,20,0,9,1,8
S01007531,Families with dependent children: Total,74,58,46,40,6,12,5,7,16,1,15
S01007531,Families with dependent children: Youngest aged 0 to 4,19,14,10,9,1,4,3,1,5,1,4
S01007531,Families with dependent children: Youngest aged 5 to 11,26,19,16,13,3,3,0,3,7,0,7
S01007531,Families with dependent children: Youngest aged 12 to 18,29,25,20,18,2,5,2,3,4,0,4
S01007532,All families in households,182,160,131,126,5,29,22,7,22,4,18
S01007532,Families with no dependent children,114,105,90,88,2,15,15,0,9,3,6
S01007532,Families with dependent children: Total,68,55,41,38,3,14,7,7,13,1,12
S01007532,Families with dependent children: Youngest aged 0 to 4,17,14,7,6,1,7,4,3,3,0,3
S01007532,Families with dependent children: Youngest aged 5 to 11,26,22,20,19,1,2,2,0,4,1,3
S01007532,Families with dependent children: Youngest aged 12 to 18,25,19,14,13,1,5,1,4,6,0,6
S01007533,All families in households,168,156,130,128,2,26,22,4,12,4,8
S01007533,Families with no dependent children,118,108,86,85,1,22,20,2,10,4,6
S01007533,Families with dependent children: Total,50,48,44,43,1,4,2,2,2,0,2
S01007533,Families with dependent children: Youngest aged 0 to 4,22,21,20,19,1,1,0,1,1,0,1
S01007533,Families with dependent children: Youngest aged 5 to 11,16,15,12,12,0,3,2,1,1,0,1
S01007533,Families with dependent children: Youngest aged 12 to 18,12,12,12,12,0,0,0,0,0,0,0
S01007534,All families in households,294,232,191,183,8,41,22,19,62,7,55
S01007534,Families with no dependent children,185,155,138,136,2,17,12,5,30,4,26
S01007534,Families with dependent children: Total,109,77,53,47,6,24,10,14,32,3,29
S01007534,Families with dependent children: Youngest aged 0 to 4,32,24,15,11,4,9,6,3,8,0,8
S01007534,Families with dependent children: Youngest aged 5 to 11,32,21,16,15,1,5,1,4,11,3,8
S01007534,Families with dependent children: Youngest aged 12 to 18,45,32,22,21,1,10,3,7,13,0,13
S01007535,All families in households,314,245,203,192,11,42,29,13,69,5,64
S01007535,Families with no dependent children,184,168,145,143,2,23,19,4,16,3,13
S01007535,Families with dependent children: Total,130,77,58,49,9,19,10,9,53,2,51
S01007535,Families with dependent children: Youngest aged 0 to 4,47,28,18,15,3,10,8,2,19,1,18
S01007535,Families with dependent children: Youngest aged 5 to 11,43,24,18,14,4,6,2,4,19,0,19
S01007535,Families with dependent children: Youngest aged 12 to 18,40,25,22,20,2,3,0,3,15,1,14
S01007536,All families in households,259,222,167,164,3,55,47,8,37,8,29
S01007536,Families with no dependent children,168,153,120,119,1,33,32,1,15,3,12
S01007536,Families with dependent children: Total,91,69,47,45,2,22,15,7,22,5,17
S01007536,Families with dependent children: Youngest aged 0 to 4,33,30,13,13,0,17,15,2,3,0,3
S01007536,Families with dependent children: Youngest aged 5 to 11,32,22,18,16,2,4,0,4,10,2,8
S01007536,Families with dependent children: Youngest aged 12 to 18,26,17,16,16,0,1,0,1,9,3,6
S01007537,All families in households,304,255,198,196,2,57,51,6,49,10,39
S01007537,Families with no dependent children,206,192,158,157,1,34,33,1,14,7,7
S01007537,Families with dependent children: Total,98,63,40,39,1,23,18,5,35,3,32
S01007537,Families with dependent children: Youngest aged 0 to 4,42,27,12,12,0,15,14,1,15,1,14
S01007537,Families with dependent children: Youngest aged 5 to 11,30,18,13,12,1,5,2,3,12,0,12
S01007537,Families with dependent children: Youngest aged 12 to 18,26,18,15,15,0,3,2,1,8,2,6
S01007538,All families in households,276,253,209,200,9,44,36,8,23,2,21
S01007538,Families with no dependent children,168,161,133,132,1,28,25,3,7,1,6
S01007538,Families with dependent children: Total,108,92,76,68,8,16,11,5,16,1,15
S01007538,Families with dependent children: Youngest aged 0 to 4,35,32,21,20,1,11,9,2,3,0,3
S01007538,Families with dependent children: Youngest aged 5 to 11,42,32,28,25,3,4,1,3,10,1,9
S01007538,Families with dependent children: Youngest aged 12 to 18,31,28,27,23,4,1,1,0,3,0,3
S01007539,All families in households,215,200,180,178,2,20,19,1,15,3,12
S01007539,Families with no dependent children,158,153,140,139,1,13,13,0,5,0,5
S01007539,Families with dependent children: Total,57,47,40,39,1,7,6,1,10,3,7
S01007539,Families with dependent children: Youngest aged 0 to 4,19,18,14,14,0,4,4,0,1,0,1
S01007539,Families with dependent children: Youngest aged 5 to 11,19,15,13,13,0,2,1,1,4,2,2
S01007539,Families with dependent children: Youngest aged 12 to 18,19,14,13,12,1,1,1,0,5,1,4
S01007540,All families in households,238,206,172,168,4,34,26,8,32,5,27
S01007540,Families with no dependent children,162,152,126,124,2,26,24,2,10,3,7
S01007540,Families with dependent children: Total,76,54,46,44,2,8,2,6,22,2,20
S01007540,Families with dependent children: Youngest aged 0 to 4,29,15,11,11,0,4,1,3,14,0,14
S01007540,Families with dependent children: Youngest aged 5 to 11,23,21,17,17,0,4,1,3,2,0,2
S01007540,Families with dependent children: Youngest aged 12 to 18,24,18,18,16,2,0,0,0,6,2,4
S01007541,All families in households,231,208,177,172,5,31,26,5,23,2,21
S01007541,Families with no dependent children,157,148,129,126,3,19,17,2,9,2,7
S01007541,Families with dependent children: Total,74,60,48,46,2,12,9,3,14,0,14
S01007541,Families with dependent children: Youngest aged 0 to 4,25,22,14,12,2,8,7,1,3,0,3
S01007541,Families with dependent children: Youngest aged 5 to 11,23,20,17,17,0,3,2,1,3,0,3
S01007541,Families with dependent children: Youngest aged 12 to 18,26,18,17,17,0,1,0,1,8,0,8
S01007542,All families in households,246,177,147,138,9,30,27,3,69,8,61
S01007542,Families with no dependent children,132,114,96,95,1,18,17,1,18,2,16
S01007542,Families with dependent children: Total,114,63,51,43,8,12,10,2,51,6,45
S01007542,Families with dependent children: Youngest aged 0 to 4,33,23,16,13,3,7,7,0,10,1,9
S01007542,Families with dependent children: Youngest aged 5 to 11,42,23,19,15,4,4,3,1,19,2,17
S01007542,Families with dependent children: Youngest aged 12 to 18,39,17,16,15,1,1,0,1,22,3,19
S01007543,All families in households,329,263,198,187,11,65,54,11,66,10,56
S01007543,Families with no dependent children,192,174,137,133,4,37,36,1,18,3,15
S01007543,Families with dependent children: Total,137,89,61,54,7,28,18,10,48,7,41
S01007543,Families with dependent children: Youngest aged 0 to 4,52,37,20,18,2,17,13,4,15,0,15
S01007543,Families with dependent children: Youngest aged 5 to 11,49,32,25,21,4,7,4,3,17,4,13
S01007543,Families with dependent children: Youngest aged 12 to 18,36,20,16,15,1,4,1,3,16,3,13
S01007544,All families in households,340,314,278,273,5,36,35,1,26,4,22
S01007544,Families with no dependent children,262,249,231,229,2,18,18,0,13,3,10
S01007544,Families with dependent children: Total,78,65,47,44,3,18,17,1,13,1,12
S01007544,Families with dependent children: Youngest aged 0 to 4,26,21,11,9,2,10,9,1,5,1,4
S01007544,Families with dependent children: Youngest aged 5 to 11,32,27,20,20,0,7,7,0,5,0,5
S01007544,Families with dependent children: Youngest aged 12 to 18,20,17,16,15,1,1,1,0,3,0,3
S01007545,All families in households,254,232,196,189,7,36,27,9,22,4,18
S01007545,Families with no dependent children,163,152,135,131,4,17,15,2,11,2,9
S01007545,Families with dependent children: Total,91,80,61,58,3,19,12,7,11,2,9
S01007545,Families with dependent children: Youngest aged 0 to 4,30,28,16,16,0,12,10,2,2,1,1
S01007545,Families with dependent children: Youngest aged 5 to 11,30,25,21,19,2,4,1,3,5,0,5
S01007545,Families with dependent children: Youngest aged 12 to 18,31,27,24,23,1,3,1,2,4,1,3
S01007546,All families in households,182,173,155,149,6,18,17,1,9,2,7
S01007546,Families with no dependent children,117,113,99,97,2,14,14,0,4,1,3
S01007546,Families with dependent children: Total,65,60,56,52,4,4,3,1,5,1,4
S01007546,Families with dependent children: Youngest aged 0 to 4,28,27,24,23,1,3,2,1,1,0,1
S01007546,Families with dependent children: Youngest aged 5 to 11,20,19,18,16,2,1,1,0,1,0,1
S01007546,Families with dependent children: Youngest aged 12 to 18,17,14,14,13,1,0,0,0,3,1,2
S01007547,All families in households,167,157,125,122,3,32,27,5,10,3,7
S01007547,Families with no dependent children,109,106,83,81,2,23,21,2,3,2,1
S01007547,Families with dependent children: Total,58,51,42,41,1,9,6,3,7,1,6
S01007547,Families with dependent children: Youngest aged 0 to 4,20,20,14,13,1,6,5,1,0,0,0
S01007547,Families with dependent children: Youngest aged 5 to 11,18,17,16,16,0,1,0,1,1,0,1
S01007547,Families with dependent children: Youngest aged 12 to 18,20,14,12,12,0,2,1,1,6,1,5
S01007548,All families in households,217,187,157,144,13,30,27,3,30,3,27
S01007548,Families with no dependent children,140,128,109,105,4,19,17,2,12,2,10
S01007548,Families with dependent children: Total,77,59,48,39,9,11,10,1,18,1,17
S01007548,Families with dependent children: Youngest aged 0 to 4,26,22,12,10,2,10,9,1,4,1,3
S01007548,Families with dependent children: Youngest aged 5 to 11,27,20,19,15,4,1,1,0,7,0,7
S01007548,Families with dependent children: Youngest aged 12 to 18,24,17,17,14,3,0,0,0,7,0,7
S01007549,All families in households,198,167,148,143,5,19,16,3,31,3,28
S01007549,Families with no dependent children,140,129,117,115,2,12,11,1,11,2,9
S01007549,Families with dependent children: Total,58,38,31,28,3,7,5,2,20,1,19
S01007549,Families with dependent children: Youngest aged 0 to 4,19,12,9,9,0,3,2,1,7,1,6
S01007549,Families with dependent children: Youngest aged 5 to 11,21,14,11,9,2,3,2,1,7,0,7
S01007549,Families with dependent children: Youngest aged 12 to 18,18,12,11,10,1,1,1,0,6,0,6
S01007550,All families in households,285,248,217,211,6,31,26,5,37,5,32
S01007550,Families with no dependent children,204,193,173,172,1,20,19,1,11,2,9
S01007550,Families with dependent children: Total,81,55,44,39,5,11,7,4,26,3,23
S01007550,Families with dependent children: Youngest aged 0 to 4,25,19,12,9,3,7,4,3,6,0,6
S01007550,Families with dependent children: Youngest aged 5 to 11,24,16,13,12,1,3,2,1,8,1,7
S01007550,Families with dependent children: Youngest aged 12 to 18,32,20,19,18,1,1,1,0,12,2,10
S01007551,All families in households,269,254,223,212,11,31,29,2,15,2,13
S01007551,Families with no dependent children,206,197,173,168,5,24,23,1,9,1,8
S01007551,Families with dependent children: Total,63,57,50,44,6,7,6,1,6,1,5
S01007551,Families with dependent children: Youngest aged 0 to 4,20,18,15,13,2,3,3,0,2,0,2
S01007551,Families with dependent children: Youngest aged 5 to 11,20,20,18,16,2,2,2,0,0,0,0
S01007551,Families with dependent children: Youngest aged 12 to 18,23,19,17,15,2,2,1,1,4,1,3
S01007552,All families in households,263,217,174,167,7,43,39,4,46,6,40
S01007552,Families with no dependent children,150,132,107,105,2,25,25,0,18,6,12
S01007552,Families with dependent children: Total,113,85,67,62,5,18,14,4,28,0,28
S01007552,Families with dependent children: Youngest aged 0 to 4,48,32,19,18,1,13,11,2,16,0,16
S01007552,Families with dependent children: Youngest aged 5 to 11,33,27,23,22,1,4,3,1,6,0,6
S01007552,Families with dependent children: Youngest aged 12 to 18,32,26,25,22,3,1,0,1,6,0,6
S01007553,All families in households,259,212,180,168,12,32,26,6,47,5,42
S01007553,Families with no dependent children,155,138,127,124,3,11,8,3,17,2,15
S01007553,Families with dependent children: Total,104,74,53,44,9,21,18,3,30,3,27
S01007553,Families with dependent children: Youngest aged 0 to 4,40,28,14,12,2,14,13,1,12,1,11
S01007553,Families with dependent children: Youngest aged 5 to 11,34,23,19,16,3,4,3,1,11,1,10
S01007553,Families with dependent children: Youngest aged 12 to 18,30,23,20,16,4,3,2,1,7,1,6
S01007554,All families in households,130,91,78,77,1,13,10,3,39,5,34
S01007554,Families with no dependent children,79,67,61,60,1,6,6,0,12,3,9
S01007554,Families with dependent children: Total,51,24,17,17,0,7,4,3,27,2,25
S01007554,Families with dependent children: Youngest aged 0 to 4,24,11,6,6,0,5,3,2,13,0,13
S01007554,Families with dependent children: Youngest aged 5 to 11,14,6,6,6,0,0,0,0,8,0,8
S01007554,Families with dependent children: Youngest aged 12 to 18,13,7,5,5,0,2,1,1,6,2,4
S01007555,All families in households,159,143,125,123,2,18,15,3,16,5,11
S01007555,Families with no dependent children,111,103,93,93,0,10,9,1,8,2,6
S01007555,Families with dependent children: Total,48,40,32,30,2,8,6,2,8,3,5
S01007555,Families with dependent children: Youngest aged 0 to 4,19,18,13,13,0,5,5,0,1,0,1
S01007555,Families with dependent children: Youngest aged 5 to 11,12,10,10,9,1,0,0,0,2,0,2
S01007555,Families with dependent children: Youngest aged 12 to 18,17,12,9,8,1,3,1,2,5,3,2
S01007556,All families in households,118,102,90,85,5,12,8,4,16,4,12
S01007556,Families with no dependent children,76,73,65,62,3,8,7,1,3,2,1
S01007556,Families with dependent children: Total,42,29,25,23,2,4,1,3,13,2,11
S01007556,Families with dependent children: Youngest aged 0 to 4,5,4,3,3,0,1,1,0,1,1,0
S01007556,Families with dependent children: Youngest aged 5 to 11,21,13,10,10,0,3,0,3,8,0,8
S01007556,Families with dependent children: Youngest aged 12 to 18,16,12,12,10,2,0,0,0,4,1,3
S01007557,All families in households,332,264,222,213,9,42,35,7,68,11,57
S01007557,Families with no dependent children,179,161,146,145,1,15,13,2,18,7,11
S01007557,Families with dependent children: Total,153,103,76,68,8,27,22,5,50,4,46
S01007557,Families with dependent children: Youngest aged 0 to 4,51,37,20,16,4,17,15,2,14,1,13
S01007557,Families with dependent children: Youngest aged 5 to 11,55,36,27,24,3,9,6,3,19,0,19
S01007557,Families with dependent children: Youngest aged 12 to 18,47,30,29,28,1,1,1,0,17,3,14
S01007558,All families in households,136,132,108,106,2,24,24,0,4,2,2
S01007558,Families with no dependent children,97,96,80,80,0,16,16,0,1,1,0
S01007558,Families with dependent children: Total,39,36,28,26,2,8,8,0,3,1,2
S01007558,Families with dependent children: Youngest aged 0 to 4,18,18,11,10,1,7,7,0,0,0,0
S01007558,Families with dependent children: Youngest aged 5 to 11,8,7,7,7,0,0,0,0,1,0,1
S01007558,Families with dependent children: Youngest aged 12 to 18,13,11,10,9,1,1,1,0,2,1,1
S01007559,All families in households,225,199,157,150,7,42,36,6,26,7,19
S01007559,Families with no dependent children,137,127,103,101,2,24,23,1,10,4,6
S01007559,Families with dependent children: Total,88,72,54,49,5,18,13,5,16,3,13
S01007559,Families with dependent children: Youngest aged 0 to 4,26,22,16,15,1,6,6,0,4,0,4
S01007559,Families with dependent children: Youngest aged 5 to 11,32,25,19,17,2,6,5,1,7,2,5
S01007559,Families with dependent children: Youngest aged 12 to 18,30,25,19,17,2,6,2,4,5,1,4
S01007560,All families in households,287,242,203,195,8,39,35,4,45,9,36
S01007560,Families with no dependent children,192,172,151,149,2,21,21,0,20,7,13
S01007560,Families with dependent children: Total,95,70,52,46,6,18,14,4,25,2,23
S01007560,Families with dependent children: Youngest aged 0 to 4,30,26,17,14,3,9,7,2,4,0,4
S01007560,Families with dependent children: Youngest aged 5 to 11,36,27,21,18,3,6,5,1,9,0,9
S01007560,Families with dependent children: Youngest aged 12 to 18,29,17,14,14,0,3,2,1,12,2,10
S01007561,All families in households,211,176,150,147,3,26,21,5,35,7,28
S01007561,Families with no dependent children,153,135,120,119,1,15,13,2,18,6,12
S01007561,Families with dependent children: Total,58,41,30,28,2,11,8,3,17,1,16
S01007561,Families with dependent children: Youngest aged 0 to 4,19,16,9,9,0,7,6,1,3,0,3
S01007561,Families with dependent children: Youngest aged 5 to 11,25,16,12,11,1,4,2,2,9,1,8
S01007561,Families with dependent children: Youngest aged 12 to 18,14,9,9,8,1,0,0,0,5,0,5
S01007562,All families in households,262,225,187,183,4,38,32,6,37,3,34
S01007562,Families with no dependent children,152,143,119,118,1,24,23,1,9,2,7
S01007562,Families with dependent children: Total,110,82,68,65,3,14,9,5,28,1,27
S01007562,Families with dependent children: Youngest aged 0 to 4,34,25,18,18,0,7,5,2,9,0,9
S01007562,Families with dependent children: Youngest aged 5 to 11,37,28,25,24,1,3,1,2,9,0,9
S01007562,Families with dependent children: Youngest aged 12 to 18,39,29,25,23,2,4,3,1,10,1,9
S01007563,All families in households,279,235,205,194,11,30,22,8,44,6,38
S01007563,Families with no dependent children,176,164,146,144,2,18,16,2,12,4,8
S01007563,Families with dependent children: Total,103,71,59,50,9,12,6,6,32,2,30
S01007563,Families with dependent children: Youngest aged 0 to 4,30,22,15,14,1,7,5,2,8,0,8
S01007563,Families with dependent children: Youngest aged 5 to 11,33,22,21,18,3,1,0,1,11,1,10
S01007563,Families with dependent children: Youngest aged 12 to 18,40,27,23,18,5,4,1,3,13,1,12
S01007564,All families in households,237,213,189,179,10,24,21,3,24,5,19
S01007564,Families with no dependent children,158,142,130,127,3,12,11,1,16,4,12
S01007564,Families with dependent children: Total,79,71,59,52,7,12,10,2,8,1,7
S01007564,Families with dependent children: Youngest aged 0 to 4,22,21,14,12,2,7,7,0,1,0,1
S01007564,Families with dependent children: Youngest aged 5 to 11,24,20,18,17,1,2,2,0,4,0,4
S01007564,Families with dependent children: Youngest aged 12 to 18,33,30,27,23,4,3,1,2,3,1,2
S01007565,All families in households,296,264,225,214,11,39,32,7,32,7,25
S01007565,Families with no dependent children,201,182,156,152,4,26,24,2,19,7,12
S01007565,Families with dependent children: Total,95,82,69,62,7,13,8,5,13,0,13
S01007565,Families with dependent children: Youngest aged 0 to 4,30,25,22,19,3,3,2,1,5,0,5
S01007565,Families with dependent children: Youngest aged 5 to 11,38,31,24,20,4,7,4,3,7,0,7
S01007565,Families with dependent children: Youngest aged 12 to 18,27,26,23,23,0,3,2,1,1,0,1
S01007566,All families in households,231,211,183,178,5,28,23,5,20,7,13
S01007566,Families with no dependent children,144,137,121,118,3,16,15,1,7,3,4
S01007566,Families with dependent children: Total,87,74,62,60,2,12,8,4,13,4,9
S01007566,Families with dependent children: Youngest aged 0 to 4,32,26,19,19,0,7,6,1,6,0,6
S01007566,Families with dependent children: Youngest aged 5 to 11,23,20,16,15,1,4,2,2,3,1,2
S01007566,Families with dependent children: Youngest aged 12 to 18,32,28,27,26,1,1,0,1,4,3,1
S01007567,All families in households,184,176,157,152,5,19,15,4,8,1,7
S01007567,Families with no dependent children,110,108,94,91,3,14,12,2,2,0,2
S01007567,Families with dependent children: Total,74,68,63,61,2,5,3,2,6,1,5
S01007567,Families with dependent children: Youngest aged 0 to 4,17,17,16,16,0,1,1,0,0,0,0
S01007567,Families with dependent children: Youngest aged 5 to 11,23,20,18,18,0,2,1,1,3,1,2
S01007567,Families with dependent children: Youngest aged 12 to 18,34,31,29,27,2,2,1,1,3,0,3
S01007568,All families in households,211,182,161,151,10,21,18,3,29,6,23
S01007568,Families with no dependent children,138,126,114,109,5,12,11,1,12,4,8
S01007568,Families with dependent children: Total,73,56,47,42,5,9,7,2,17,2,15
S01007568,Families with dependent children: Youngest aged 0 to 4,25,21,19,16,3,2,2,0,4,1,3
S01007568,Families with dependent children: Youngest aged 5 to 11,23,17,14,13,1,3,3,0,6,0,6
S01007568,Families with dependent children: Youngest aged 12 to 18,25,18,14,13,1,4,2,2,7,1,6
S01007569,All families in households,246,230,189,174,15,41,34,7,16,4,12
S01007569,Families with no dependent children,166,161,135,131,4,26,25,1,5,3,2
S01007569,Families with dependent children: Total,80,69,54,43,11,15,9,6,11,1,10
S01007569,Families with dependent children: Youngest aged 0 to 4,29,26,16,14,2,10,7,3,3,0,3
S01007569,Families with dependent children: Youngest aged 5 to 11,21,17,16,11,5,1,0,1,4,0,4
S01007569,Families with dependent children: Youngest aged 12 to 18,30,26,22,18,4,4,2,2,4,1,3
S01007570,All families in households,219,190,162,156,6,28,20,8,29,2,27
S01007570,Families with no dependent children,151,140,124,120,4,16,15,1,11,2,9
S01007570,Families with dependent children: Total,68,50,38,36,2,12,5,7,18,0,18
S01007570,Families with dependent children: Youngest aged 0 to 4,28,20,13,12,1,7,5,2,8,0,8
S01007570,Families with dependent children: Youngest aged 5 to 11,19,13,12,12,0,1,0,1,6,0,6
S01007570,Families with dependent children: Youngest aged 12 to 18,21,17,13,12,1,4,0,4,4,0,4
S01007571,All families in households,174,164,136,129,7,28,24,4,10,3,7
S01007571,Families with no dependent children,122,115,95,95,0,20,19,1,7,3,4
S01007571,Families with dependent children: Total,52,49,41,34,7,8,5,3,3,0,3
S01007571,Families with dependent children: Youngest aged 0 to 4,14,14,12,11,1,2,2,0,0,0,0
S01007571,Families with dependent children: Youngest aged 5 to 11,14,12,9,9,0,3,2,1,2,0,2
S01007571,Families with dependent children: Youngest aged 12 to 18,24,23,20,14,6,3,1,2,1,0,1
S01007572,All families in households,272,227,195,187,8,32,25,7,45,4,41
S01007572,Families with no dependent children,156,146,129,126,3,17,15,2,10,2,8
S01007572,Families with dependent children: Total,116,81,66,61,5,15,10,5,35,2,33
S01007572,Families with dependent children: Youngest aged 0 to 4,43,29,19,18,1,10,8,2,14,2,12
S01007572,Families with dependent children: Youngest aged 5 to 11,37,25,21,19,2,4,2,2,12,0,12
S01007572,Families with dependent children: Youngest aged 12 to 18,36,27,26,24,2,1,0,1,9,0,9
S01007573,All families in households,271,244,191,180,11,53,38,15,27,0,27
S01007573,Families with no dependent children,110,105,77,76,1,28,28,0,5,0,5
S01007573,Families with dependent children: Total,161,139,114,104,10,25,10,15,22,0,22
S01007573,Families with dependent children: Youngest aged 0 to 4,83,76,63,61,2,13,6,7,7,0,7
S01007573,Families with dependent children: Youngest aged 5 to 11,41,35,29,24,5,6,3,3,6,0,6
S01007573,Families with dependent children: Youngest aged 12 to 18,37,28,22,19,3,6,1,5,9,0,9
S01007574,All families in households,310,239,171,161,10,68,59,9,71,11,60
S01007574,Families with no dependent children,175,150,119,116,3,31,27,4,25,5,20
S01007574,Families with dependent children: Total,135,89,52,45,7,37,32,5,46,6,40
S01007574,Families with dependent children: Youngest aged 0 to 4,51,43,20,17,3,23,22,1,8,0,8
S01007574,Families with dependent children: Youngest aged 5 to 11,40,25,17,14,3,8,5,3,15,1,14
S01007574,Families with dependent children: Youngest aged 12 to 18,44,21,15,14,1,6,5,1,23,5,18
S01007575,All families in households,238,166,126,121,5,40,35,5,72,9,63
S01007575,Families with no dependent children,133,115,91,89,2,24,22,2,18,3,15
S01007575,Families with dependent children: Total,105,51,35,32,3,16,13,3,54,6,48
S01007575,Families with dependent children: Youngest aged 0 to 4,50,29,17,16,1,12,9,3,21,2,19
S01007575,Families with dependent children: Youngest aged 5 to 11,25,10,7,7,0,3,3,0,15,1,14
S01007575,Families with dependent children: Youngest aged 12 to 18,30,12,11,9,2,1,1,0,18,3,15
S01007576,All families in households,202,112,69,65,4,43,31,12,90,2,88
S01007576,Families with no dependent children,94,66,51,49,2,15,14,1,28,0,28
S01007576,Families with dependent children: Total,108,46,18,16,2,28,17,11,62,2,60
S01007576,Families with dependent children: Youngest aged 0 to 4,52,31,8,7,1,23,15,8,21,1,20
S01007576,Families with dependent children: Youngest aged 5 to 11,35,12,7,7,0,5,2,3,23,0,23
S01007576,Families with dependent children: Youngest aged 12 to 18,21,3,3,2,1,0,0,0,18,1,17
S01007577,All families in households,204,124,80,73,7,44,30,14,80,10,70
S01007577,Families with no dependent children,100,74,54,53,1,20,20,0,26,9,17
S01007577,Families with dependent children: Total,104,50,26,20,6,24,10,14,54,1,53
S01007577,Families with dependent children: Youngest aged 0 to 4,40,18,4,3,1,14,5,9,22,0,22
S01007577,Families with dependent children: Youngest aged 5 to 11,33,19,12,11,1,7,4,3,14,1,13
S01007577,Families with dependent children: Youngest aged 12 to 18,31,13,10,6,4,3,1,2,18,0,18
S01007578,All families in households,189,134,86,78,8,48,44,4,55,7,48
S01007578,Families with no dependent children,89,77,61,56,5,16,15,1,12,3,9
S01007578,Families with dependent children: Total,100,57,25,22,3,32,29,3,43,4,39
S01007578,Families with dependent children: Youngest aged 0 to 4,52,28,12,11,1,16,16,0,24,3,21
S01007578,Families with dependent children: Youngest aged 5 to 11,25,17,6,5,1,11,10,1,8,1,7
S01007578,Families with dependent children: Youngest aged 12 to 18,23,12,7,6,1,5,3,2,11,0,11
S01007579,All families in households,185,112,74,68,6,38,31,7,73,11,62
S01007579,Families with no dependent children,74,56,39,38,1,17,17,0,18,8,10
S01007579,Families with dependent children: Total,111,56,35,30,5,21,14,7,55,3,52
S01007579,Families with dependent children: Youngest aged 0 to 4,47,25,12,10,2,13,9,4,22,0,22
S01007579,Families with dependent children: Youngest aged 5 to 11,30,14,9,8,1,5,4,1,16,2,14
S01007579,Families with dependent children: Youngest aged 12 to 18,34,17,14,12,2,3,1,2,17,1,16
S01007580,All families in households,221,147,106,95,11,41,27,14,74,9,65
S01007580,Families with no dependent children,99,75,64,61,3,11,11,0,24,6,18
S01007580,Families with dependent children: Total,122,72,42,34,8,30,16,14,50,3,47
S01007580,Families with dependent children: Youngest aged 0 to 4,38,25,9,8,1,16,10,6,13,0,13
S01007580,Families with dependent children: Youngest aged 5 to 11,39,26,18,15,3,8,4,4,13,1,12
S01007580,Families with dependent children: Youngest aged 12 to 18,45,21,15,11,4,6,2,4,24,2,22
S01007581,All families in households,147,105,78,73,5,27,14,13,42,4,38
S01007581,Families with no dependent children,79,63,55,52,3,8,6,2,16,2,14
S01007581,Families with dependent children: Total,68,42,23,21,2,19,8,11,26,2,24
S01007581,Families with dependent children: Youngest aged 0 to 4,28,18,10,8,2,8,4,4,10,2,8
S01007581,Families with dependent children: Youngest aged 5 to 11,21,12,6,6,0,6,3,3,9,0,9
S01007581,Families with dependent children: Youngest aged 12 to 18,19,12,7,7,0,5,1,4,7,0,7
S01007582,All families in households,202,147,102,93,9,45,36,9,55,7,48
S01007582,Families with no dependent children,113,92,67,63,4,25,23,2,21,7,14
S01007582,Families with dependent children: Total,89,55,35,30,5,20,13,7,34,0,34
S01007582,Families with dependent children: Youngest aged 0 to 4,36,26,11,8,3,15,12,3,10,0,10
S01007582,Families with dependent children: Youngest aged 5 to 11,31,19,15,14,1,4,1,3,12,0,12
S01007582,Families with dependent children: Youngest aged 12 to 18,22,10,9,8,1,1,0,1,12,0,12
S01007583,All families in households,301,180,121,112,9,59,51,8,121,9,112
S01007583,Families with no dependent children,145,110,82,79,3,28,27,1,35,3,32
S01007583,Families with dependent children: Total,156,70,39,33,6,31,24,7,86,6,80
S01007583,Families with dependent children: Youngest aged 0 to 4,63,32,15,12,3,17,15,2,31,1,30
S01007583,Families with dependent children: Youngest aged 5 to 11,52,19,12,11,1,7,5,2,33,2,31
S01007583,Families with dependent children: Youngest aged 12 to 18,41,19,12,10,2,7,4,3,22,3,19
S01007584,All families in households,170,131,93,85,8,38,29,9,39,6,33
S01007584,Families with no dependent children,89,73,59,59,0,14,13,1,16,3,13
S01007584,Families with dependent children: Total,81,58,34,26,8,24,16,8,23,3,20
S01007584,Families with dependent children: Youngest aged 0 to 4,33,24,14,8,6,10,9,1,9,0,9
S01007584,Families with dependent children: Youngest aged 5 to 11,32,25,14,12,2,11,5,6,7,1,6
S01007584,Families with dependent children: Youngest aged 12 to 18,16,9,6,6,0,3,2,1,7,2,5
S01007585,All families in households,290,253,223,216,7,30,25,5,37,7,30
S01007585,Families with no dependent children,224,200,182,179,3,18,17,1,24,5,19
S01007585,Families with dependent children: Total,66,53,41,37,4,12,8,4,13,2,11
S01007585,Families with dependent children: Youngest aged 0 to 4,20,16,11,11,0,5,4,1,4,0,4
S01007585,Families with dependent children: Youngest aged 5 to 11,24,18,13,11,2,5,3,2,6,1,5
S01007585,Families with dependent children: Youngest aged 12 to 18,22,19,17,15,2,2,1,1,3,1,2
S01007586,All families in households,256,186,137,126,11,49,34,15,70,9,61
S01007586,Families with no dependent children,130,107,86,83,3,21,18,3,23,6,17
S01007586,Families with dependent children: Total,126,79,51,43,8,28,16,12,47,3,44
S01007586,Families with dependent children: Youngest aged 0 to 4,57,36,16,14,2,20,15,5,21,0,21
S01007586,Families with dependent children: Youngest aged 5 to 11,39,25,19,16,3,6,1,5,14,1,13
S01007586,Families with dependent children: Youngest aged 12 to 18,30,18,16,13,3,2,0,2,12,2,10
S01007587,All families in households,185,166,138,132,6,28,23,5,19,3,16
S01007587,Families with no dependent children,127,121,104,102,2,17,16,1,6,2,4
S01007587,Families with dependent children: Total,58,45,34,30,4,11,7,4,13,1,12
S01007587,Families with dependent children: Youngest aged 0 to 4,20,14,7,6,1,7,6,1,6,0,6
S01007587,Families with dependent children: Youngest aged 5 to 11,25,23,21,18,3,2,1,1,2,0,2
S01007587,Families with dependent children: Youngest aged 12 to 18,13,8,6,6,0,2,0,2,5,1,4
S01007588,All families in households,255,228,206,198,8,22,18,4,27,3,24
S01007588,Families with no dependent children,155,142,130,129,1,12,11,1,13,2,11
S01007588,Families with dependent children: Total,100,86,76,69,7,10,7,3,14,1,13
S01007588,Families with dependent children: Youngest aged 0 to 4,24,22,20,16,4,2,2,0,2,0,2
S01007588,Families with dependent children: Youngest aged 5 to 11,36,31,27,26,1,4,4,0,5,0,5
S01007588,Families with dependent children: Youngest aged 12 to 18,40,33,29,27,2,4,1,3,7,1,6
S01007589,All families in households,201,167,126,121,5,41,37,4,34,5,29
S01007589,Families with no dependent children,134,121,89,88,1,32,32,0,13,3,10
S01007589,Families with dependent children: Total,67,46,37,33,4,9,5,4,21,2,19
S01007589,Families with dependent children: Youngest aged 0 to 4,23,18,14,13,1,4,3,1,5,0,5
S01007589,Families with dependent children: Youngest aged 5 to 11,14,10,7,6,1,3,1,2,4,0,4
S01007589,Families with dependent children: Youngest aged 12 to 18,30,18,16,14,2,2,1,1,12,2,10
S01007590,All families in households,200,180,162,159,3,18,13,5,20,5,15
S01007590,Families with no dependent children,125,119,109,108,1,10,8,2,6,1,5
S01007590,Families with dependent children: Total,75,61,53,51,2,8,5,3,14,4,10
S01007590,Families with dependent children: Youngest aged 0 to 4,24,22,17,15,2,5,3,2,2,0,2
S01007590,Families with dependent children: Youngest aged 5 to 11,25,21,19,19,0,2,1,1,4,2,2
S01007590,Families with dependent children: Youngest aged 12 to 18,26,18,17,17,0,1,1,0,8,2,6
S01007591,All families in households,164,136,103,94,9,33,30,3,28,4,24
S01007591,Families with no dependent children,101,88,66,63,3,22,22,0,13,2,11
S01007591,Families with dependent children: Total,63,48,37,31,6,11,8,3,15,2,13
S01007591,Families with dependent children: Youngest aged 0 to 4,25,22,14,11,3,8,7,1,3,0,3
S01007591,Families with dependent children: Youngest aged 5 to 11,17,14,11,9,2,3,1,2,3,0,3
S01007591,Families with dependent children: Youngest aged 12 to 18,21,12,12,11,1,0,0,0,9,2,7
S01007592,All families in households,184,117,87,83,4,30,28,2,67,6,61
S01007592,Families with no dependent children,104,86,63,62,1,23,22,1,18,3,15
S01007592,Families with dependent children: Total,80,31,24,21,3,7,6,1,49,3,46
S01007592,Families with dependent children: Youngest aged 0 to 4,29,15,12,11,1,3,3,0,14,1,13
S01007592,Families with dependent children: Youngest aged 5 to 11,29,7,6,6,0,1,1,0,22,1,21
S01007592,Families with dependent children: Youngest aged 12 to 18,22,9,6,4,2,3,2,1,13,1,12
S01007593,All families in households,332,297,245,234,11,52,38,14,35,4,31
S01007593,Families with no dependent children,216,202,176,173,3,26,26,0,14,3,11
S01007593,Families with dependent children: Total,116,95,69,61,8,26,12,14,21,1,20
S01007593,Families with dependent children: Youngest aged 0 to 4,41,35,25,22,3,10,7,3,6,1,5
S01007593,Families with dependent children: Youngest aged 5 to 11,43,33,25,22,3,8,2,6,10,0,10
S01007593,Families with dependent children: Youngest aged 12 to 18,32,27,19,17,2,8,3,5,5,0,5
S01007594,All families in households,257,231,202,199,3,29,22,7,26,2,24
S01007594,Families with no dependent children,167,153,138,136,2,15,14,1,14,1,13
S01007594,Families with dependent children: Total,90,78,64,63,1,14,8,6,12,1,11
S01007594,Families with dependent children: Youngest aged 0 to 4,33,29,22,21,1,7,7,0,4,0,4
S01007594,Families with dependent children: Youngest aged 5 to 11,24,21,19,19,0,2,0,2,3,1,2
S01007594,Families with dependent children: Youngest aged 12 to 18,33,28,23,23,0,5,1,4,5,0,5
S01007595,All families in households,307,282,247,237,10,35,29,6,25,7,18
S01007595,Families with no dependent children,212,199,177,175,2,22,21,1,13,7,6
S01007595,Families with dependent children: Total,95,83,70,62,8,13,8,5,12,0,12
S01007595,Families with dependent children: Youngest aged 0 to 4,33,31,23,21,2,8,5,3,2,0,2
S01007595,Families with dependent children: Youngest aged 5 to 11,32,28,24,19,5,4,3,1,4,0,4
S01007595,Families with dependent children: Youngest aged 12 to 18,30,24,23,22,1,1,0,1,6,0,6
S01007596,All families in households,172,147,121,117,4,26,21,5,25,5,20
S01007596,Families with no dependent children,129,116,98,97,1,18,16,2,13,4,9
S01007596,Families with dependent children: Total,43,31,23,20,3,8,5,3,12,1,11
S01007596,Families with dependent children: Youngest aged 0 to 4,11,11,6,5,1,5,4,1,0,0,0
S01007596,Families with dependent children: Youngest aged 5 to 11,15,12,10,8,2,2,1,1,3,0,3
S01007596,Families with dependent children: Youngest aged 12 to 18,17,8,7,7,0,1,0,1,9,1,8
S01007597,All families in households,201,186,158,146,12,28,22,6,15,4,11
S01007597,Families with no dependent children,124,119,103,99,4,16,15,1,5,1,4
S01007597,Families with dependent children: Total,77,67,55,47,8,12,7,5,10,3,7
S01007597,Families with dependent children: Youngest aged 0 to 4,25,22,19,16,3,3,3,0,3,0,3
S01007597,Families with dependent children: Youngest aged 5 to 11,25,22,17,15,2,5,4,1,3,2,1
S01007597,Families with dependent children: Youngest aged 12 to 18,27,23,19,16,3,4,0,4,4,1,3
S01007598,All families in households,207,184,161,151,10,23,21,2,23,7,16
S01007598,Families with no dependent children,144,139,120,116,4,19,18,1,5,1,4
S01007598,Families with dependent children: Total,63,45,41,35,6,4,3,1,18,6,12
S01007598,Families with dependent children: Youngest aged 0 to 4,17,13,11,9,2,2,2,0,4,2,2
S01007598,Families with dependent children: Youngest aged 5 to 11,18,13,12,11,1,1,1,0,5,1,4
S01007598,Families with dependent children: Youngest aged 12 to 18,28,19,18,15,3,1,0,1,9,3,6
S01007599,All families in households,242,208,176,160,16,32,25,7,34,5,29
S01007599,Families with no dependent children,138,130,111,108,3,19,19,0,8,1,7
S01007599,Families with dependent children: Total,104,78,65,52,13,13,6,7,26,4,22
S01007599,Families with dependent children: Youngest aged 0 to 4,46,38,29,26,3,9,4,5,8,2,6
S01007599,Families with dependent children: Youngest aged 5 to 11,28,19,16,9,7,3,2,1,9,1,8
S01007599,Families with dependent children: Youngest aged 12 to 18,30,21,20,17,3,1,0,1,9,1,8
S01007600,All families in households,288,259,214,204,10,45,35,10,29,4,25
S01007600,Families with no dependent children,179,166,137,134,3,29,29,0,13,4,9
S01007600,Families with dependent children: Total,109,93,77,70,7,16,6,10,16,0,16
S01007600,Families with dependent children: Youngest aged 0 to 4,29,27,21,21,0,6,4,2,2,0,2
S01007600,Families with dependent children: Youngest aged 5 to 11,44,40,32,28,4,8,2,6,4,0,4
S01007600,Families with dependent children: Youngest aged 12 to 18,36,26,24,21,3,2,0,2,10,0,10
S01007601,All families in households,188,151,117,109,8,34,29,5,37,5,32
S01007601,Families with no dependent children,106,95,75,70,5,20,18,2,11,3,8
S01007601,Families with dependent children: Total,82,56,42,39,3,14,11,3,26,2,24
S01007601,Families with dependent children: Youngest aged 0 to 4,43,30,20,20,0,10,9,1,13,0,13
S01007601,Families with dependent children: Youngest aged 5 to 11,24,16,13,11,2,3,2,1,8,0,8
S01007601,Families with dependent children: Youngest aged 12 to 18,15,10,9,8,1,1,0,1,5,2,3
S01007602,All families in households,200,180,149,143,6,31,24,7,20,1,19
S01007602,Families with no dependent children,125,118,104,102,2,14,14,0,7,0,7
S01007602,Families with dependent children: Total,75,62,45,41,4,17,10,7,13,1,12
S01007602,Families with dependent children: Youngest aged 0 to 4,29,26,16,16,0,10,7,3,3,0,3
S01007602,Families with dependent children: Youngest aged 5 to 11,27,20,17,15,2,3,2,1,7,1,6
S01007602,Families with dependent children: Youngest aged 12 to 18,19,16,12,10,2,4,1,3,3,0,3
S01007603,All families in households,257,235,201,196,5,34,27,7,22,4,18
S01007603,Families with no dependent children,164,157,132,129,3,25,22,3,7,1,6
S01007603,Families with dependent children: Total,93,78,69,67,2,9,5,4,15,3,12
S01007603,Families with dependent children: Youngest aged 0 to 4,27,26,21,21,0,5,3,2,1,0,1
S01007603,Families with dependent children: Youngest aged 5 to 11,31,28,25,24,1,3,1,2,3,0,3
S01007603,Families with dependent children: Youngest aged 12 to 18,35,24,23,22,1,1,1,0,11,3,8
S01007604,All families in households,280,266,237,234,3,29,24,5,14,3,11
S01007604,Families with no dependent children,191,187,169,168,1,18,17,1,4,0,4
S01007604,Families with dependent children: Total,89,79,68,66,2,11,7,4,10,3,7
S01007604,Families with dependent children: Youngest aged 0 to 4,19,17,15,15,0,2,2,0,2,1,1
S01007604,Families with dependent children: Youngest aged 5 to 11,36,32,25,23,2,7,4,3,4,1,3
S01007604,Families with dependent children: Youngest aged 12 to 18,34,30,28,28,0,2,1,1,4,1,3
S01007605,All families in households,273,250,206,202,4,44,37,7,23,6,17
S01007605,Families with no dependent children,192,180,149,148,1,31,30,1,12,3,9
S01007605,Families with dependent children: Total,81,70,57,54,3,13,7,6,11,3,8
S01007605,Families with dependent children: Youngest aged 0 to 4,22,19,13,12,1,6,5,1,3,0,3
S01007605,Families with dependent children: Youngest aged 5 to 11,27,24,23,23,0,1,0,1,3,1,2
S01007605,Families with dependent children: Youngest aged 12 to 18,32,27,21,19,2,6,2,4,5,2,3
S01007606,All families in households,170,147,119,115,4,28,22,6,23,4,19
S01007606,Families with no dependent children,103,96,81,79,2,15,12,3,7,2,5
S01007606,Families with dependent children: Total,67,51,38,36,2,13,10,3,16,2,14
S01007606,Families with dependent children: Youngest aged 0 to 4,25,20,14,14,0,6,5,1,5,0,5
S01007606,Families with dependent children: Youngest aged 5 to 11,17,13,8,7,1,5,3,2,4,0,4
S01007606,Families with dependent children: Youngest aged 12 to 18,25,18,16,15,1,2,2,0,7,2,5
S01007607,All families in households,232,209,189,185,4,20,18,2,23,5,18
S01007607,Families with no dependent children,153,139,125,125,0,14,14,0,14,5,9
S01007607,Families with dependent children: Total,79,70,64,60,4,6,4,2,9,0,9
S01007607,Families with dependent children: Youngest aged 0 to 4,25,22,19,18,1,3,3,0,3,0,3
S01007607,Families with dependent children: Youngest aged 5 to 11,26,24,22,20,2,2,1,1,2,0,2
S01007607,Families with dependent children: Youngest aged 12 to 18,28,24,23,22,1,1,0,1,4,0,4
S01007608,All families in households,236,206,179,173,6,27,24,3,30,6,24
S01007608,Families with no dependent children,153,140,123,122,1,17,17,0,13,5,8
S01007608,Families with dependent children: Total,83,66,56,51,5,10,7,3,17,1,16
S01007608,Families with dependent children: Youngest aged 0 to 4,22,19,14,14,0,5,5,0,3,0,3
S01007608,Families with dependent children: Youngest aged 5 to 11,29,22,19,17,2,3,2,1,7,1,6
S01007608,Families with dependent children: Youngest aged 12 to 18,32,25,23,20,3,2,0,2,7,0,7
S01007609,All families in households,261,189,135,124,11,54,39,15,72,7,65
S01007609,Families with no dependent children,135,117,96,93,3,21,20,1,18,5,13
S01007609,Families with dependent children: Total,126,72,39,31,8,33,19,14,54,2,52
S01007609,Families with dependent children: Youngest aged 0 to 4,51,37,15,10,5,22,16,6,14,0,14
S01007609,Families with dependent children: Youngest aged 5 to 11,47,21,16,14,2,5,2,3,26,1,25
S01007609,Families with dependent children: Youngest aged 12 to 18,28,14,8,7,1,6,1,5,14,1,13
S01007610,All families in households,120,93,66,64,2,27,22,5,27,4,23
S01007610,Families with no dependent children,73,66,48,47,1,18,17,1,7,2,5
S01007610,Families with dependent children: Total,47,27,18,17,1,9,5,4,20,2,18
S01007610,Families with dependent children: Youngest aged 0 to 4,16,9,5,5,0,4,4,0,7,1,6
S01007610,Families with dependent children: Youngest aged 5 to 11,18,8,5,5,0,3,1,2,10,0,10
S01007610,Families with dependent children: Youngest aged 12 to 18,13,10,8,7,1,2,0,2,3,1,2
S01007611,All families in households,218,167,105,105,0,62,51,11,51,5,46
S01007611,Families with no dependent children,132,117,79,79,0,38,34,4,15,2,13
S01007611,Families with dependent children: Total,86,50,26,26,0,24,17,7,36,3,33
S01007611,Families with dependent children: Youngest aged 0 to 4,43,28,13,13,0,15,11,4,15,1,14
S01007611,Families with dependent children: Youngest aged 5 to 11,25,13,6,6,0,7,6,1,12,2,10
S01007611,Families with dependent children: Youngest aged 12 to 18,18,9,7,7,0,2,0,2,9,0,9
S01007612,All families in households,214,164,107,94,13,57,54,3,50,7,43
S01007612,Families with no dependent children,135,114,70,65,5,44,44,0,21,5,16
S01007612,Families with dependent children: Total,79,50,37,29,8,13,10,3,29,2,27
S01007612,Families with dependent children: Youngest aged 0 to 4,25,16,10,8,2,6,6,0,9,0,9
S01007612,Families with dependent children: Youngest aged 5 to 11,30,16,11,8,3,5,3,2,14,1,13
S01007612,Families with dependent children: Youngest aged 12 to 18,24,18,16,13,3,2,1,1,6,1,5
S01007613,All families in households,210,191,148,131,17,43,41,2,19,2,17
S01007613,Families with no dependent children,134,123,95,92,3,28,28,0,11,1,10
S01007613,Families with dependent children: Total,76,68,53,39,14,15,13,2,8,1,7
S01007613,Families with dependent children: Youngest aged 0 to 4,23,19,9,6,3,10,9,1,4,0,4
S01007613,Families with dependent children: Youngest aged 5 to 11,22,21,20,16,4,1,1,0,1,1,0
S01007613,Families with dependent children: Youngest aged 12 to 18,31,28,24,17,7,4,3,1,3,0,3
S01007614,All families in households,271,247,217,206,11,30,25,5,24,3,21
S01007614,Families with no dependent children,162,153,136,132,4,17,16,1,9,0,9
S01007614,Families with dependent children: Total,109,94,81,74,7,13,9,4,15,3,12
S01007614,Families with dependent children: Youngest aged 0 to 4,31,28,23,20,3,5,5,0,3,0,3
S01007614,Families with dependent children: Youngest aged 5 to 11,31,27,24,24,0,3,3,0,4,1,3
S01007614,Families with dependent children: Youngest aged 12 to 18,47,39,34,30,4,5,1,4,8,2,6
S01007615,All families in households,303,255,208,193,15,47,41,6,48,3,45
S01007615,Families with no dependent children,177,160,131,126,5,29,29,0,17,3,14
S01007615,Families with dependent children: Total,126,95,77,67,10,18,12,6,31,0,31
S01007615,Families with dependent children: Youngest aged 0 to 4,50,39,29,22,7,10,8,2,11,0,11
S01007615,Families with dependent children: Youngest aged 5 to 11,40,31,25,24,1,6,4,2,9,0,9
S01007615,Families with dependent children: Youngest aged 12 to 18,36,25,23,21,2,2,0,2,11,0,11
S01007616,All families in households,199,153,100,95,5,53,48,5,46,8,38
S01007616,Families with no dependent children,114,102,66,63,3,36,35,1,12,4,8
S01007616,Families with dependent children: Total,85,51,34,32,2,17,13,4,34,4,30
S01007616,Families with dependent children: Youngest aged 0 to 4,30,20,11,10,1,9,8,1,10,0,10
S01007616,Families with dependent children: Youngest aged 5 to 11,31,21,16,15,1,5,3,2,10,0,10
S01007616,Families with dependent children: Youngest aged 12 to 18,24,10,7,7,0,3,2,1,14,4,10
S01007617,All families in households,164,136,104,96,8,32,24,8,28,2,26
S01007617,Families with no dependent children,102,91,74,70,4,17,15,2,11,1,10
S01007617,Families with dependent children: Total,62,45,30,26,4,15,9,6,17,1,16
S01007617,Families with dependent children: Youngest aged 0 to 4,19,13,8,6,2,5,3,2,6,0,6
S01007617,Families with dependent children: Youngest aged 5 to 11,19,15,9,8,1,6,3,3,4,0,4
S01007617,Families with dependent children: Youngest aged 12 to 18,24,17,13,12,1,4,3,1,7,1,6
S01007618,All families in households,187,144,117,112,5,27,19,8,43,8,35
S01007618,Families with no dependent children,104,89,80,79,1,9,8,1,15,7,8
S01007618,Families with dependent children: Total,83,55,37,33,4,18,11,7,28,1,27
S01007618,Families with dependent children: Youngest aged 0 to 4,29,20,8,8,0,12,7,5,9,0,9
S01007618,Families with dependent children: Youngest aged 5 to 11,26,18,15,11,4,3,1,2,8,1,7
S01007618,Families with dependent children: Youngest aged 12 to 18,28,17,14,14,0,3,3,0,11,0,11
S01007619,All families in households,189,155,123,119,4,32,27,5,34,4,30
S01007619,Families with no dependent children,115,102,90,89,1,12,10,2,13,3,10
S01007619,Families with dependent children: Total,74,53,33,30,3,20,17,3,21,1,20
S01007619,Families with dependent children: Youngest aged 0 to 4,34,24,10,8,2,14,12,2,10,0,10
S01007619,Families with dependent children: Youngest aged 5 to 11,23,17,14,14,0,3,3,0,6,1,5
S01007619,Families with dependent children: Youngest aged 12 to 18,17,12,9,8,1,3,2,1,5,0,5
S01007620,All families in households,188,176,148,140,8,28,25,3,12,1,11
S01007620,Families with no dependent children,141,136,114,109,5,22,21,1,5,1,4
S01007620,Families with dependent children: Total,47,40,34,31,3,6,4,2,7,0,7
S01007620,Families with dependent children: Youngest aged 0 to 4,17,16,11,9,2,5,4,1,1,0,1
S01007620,Families with dependent children: Youngest aged 5 to 11,15,12,12,12,0,0,0,0,3,0,3
S01007620,Families with dependent children: Youngest aged 12 to 18,15,12,11,10,1,1,0,1,3,0,3
S01007621,All families in households,216,190,162,158,4,28,26,2,26,7,19
S01007621,Families with no dependent children,148,136,119,119,0,17,17,0,12,4,8
S01007621,Families with dependent children: Total,68,54,43,39,4,11,9,2,14,3,11
S01007621,Families with dependent children: Youngest aged 0 to 4,26,22,14,13,1,8,7,1,4,1,3
S01007621,Families with dependent children: Youngest aged 5 to 11,22,15,13,12,1,2,1,1,7,0,7
S01007621,Families with dependent children: Youngest aged 12 to 18,20,17,16,14,2,1,1,0,3,2,1
S01007622,All families in households,174,142,110,104,6,32,24,8,32,8,24
S01007622,Families with no dependent children,108,92,76,73,3,16,13,3,16,6,10
S01007622,Families with dependent children: Total,66,50,34,31,3,16,11,5,16,2,14
S01007622,Families with dependent children: Youngest aged 0 to 4,24,20,10,8,2,10,7,3,4,0,4
S01007622,Families with dependent children: Youngest aged 5 to 11,25,17,13,13,0,4,3,1,8,2,6
S01007622,Families with dependent children: Youngest aged 12 to 18,17,13,11,10,1,2,1,1,4,0,4
S01007623,All families in households,197,181,158,151,7,23,12,11,16,1,15
S01007623,Families with no dependent children,123,117,105,103,2,12,10,2,6,1,5
S01007623,Families with dependent children: Total,74,64,53,48,5,11,2,9,10,0,10
S01007623,Families with dependent children: Youngest aged 0 to 4,21,19,14,13,1,5,2,3,2,0,2
S01007623,Families with dependent children: Youngest aged 5 to 11,25,21,21,20,1,0,0,0,4,0,4
S01007623,Families with dependent children: Youngest aged 12 to 18,28,24,18,15,3,6,0,6,4,0,4
S01007624,All families in households,205,185,148,138,10,37,26,11,20,3,17
S01007624,Families with no dependent children,120,109,91,86,5,18,15,3,11,2,9
S01007624,Families with dependent children: Total,85,76,57,52,5,19,11,8,9,1,8
S01007624,Families with dependent children: Youngest aged 0 to 4,32,30,21,18,3,9,5,4,2,0,2
S01007624,Families with dependent children: Youngest aged 5 to 11,30,26,22,21,1,4,4,0,4,1,3
S01007624,Families with dependent children: Youngest aged 12 to 18,23,20,14,13,1,6,2,4,3,0,3
S01007625,All families in households,160,143,116,108,8,27,25,2,17,0,17
S01007625,Families with no dependent children,105,97,78,75,3,19,19,0,8,0,8
S01007625,Families with dependent children: Total,55,46,38,33,5,8,6,2,9,0,9
S01007625,Families with dependent children: Youngest aged 0 to 4,19,18,11,9,2,7,6,1,1,0,1
S01007625,Families with dependent children: Youngest aged 5 to 11,12,10,10,10,0,0,0,0,2,0,2
S01007625,Families with dependent children: Youngest aged 12 to 18,24,18,17,14,3,1,0,1,6,0,6
S01007626,All families in households,190,178,139,130,9,39,31,8,12,1,11
S01007626,Families with no dependent children,91,88,66,65,1,22,20,2,3,1,2
S01007626,Families with dependent children: Total,99,90,73,65,8,17,11,6,9,0,9
S01007626,Families with dependent children: Youngest aged 0 to 4,37,36,28,25,3,8,6,2,1,0,1
S01007626,Families with dependent children: Youngest aged 5 to 11,43,39,31,29,2,8,4,4,4,0,4
S01007626,Families with dependent children: Youngest aged 12 to 18,19,15,14,11,3,1,1,0,4,0,4
S01007627,All families in households,165,147,108,103,5,39,36,3,18,2,16
S01007627,Families with no dependent children,97,90,58,57,1,32,32,0,7,1,6
S01007627,Families with dependent children: Total,68,57,50,46,4,7,4,3,11,1,10
S01007627,Families with dependent children: Youngest aged 0 to 4,26,23,20,20,0,3,3,0,3,0,3
S01007627,Families with dependent children: Youngest aged 5 to 11,22,18,17,15,2,1,0,1,4,0,4
S01007627,Families with dependent children: Youngest aged 12 to 18,20,16,13,11,2,3,1,2,4,1,3
S01007628,All families in households,232,215,188,182,6,27,24,3,17,4,13
S01007628,Families with no dependent children,162,153,137,135,2,16,16,0,9,3,6
S01007628,Families with dependent children: Total,70,62,51,47,4,11,8,3,8,1,7
S01007628,Families with dependent children: Youngest aged 0 to 4,21,18,11,10,1,7,5,2,3,1,2
S01007628,Families with dependent children: Youngest aged 5 to 11,28,24,21,19,2,3,2,1,4,0,4
S01007628,Families with dependent children: Youngest aged 12 to 18,21,20,19,18,1,1,1,0,1,0,1
S01007629,All families in households,222,201,175,171,4,26,24,2,21,2,19
S01007629,Families with no dependent children,150,140,117,116,1,23,22,1,10,1,9
S01007629,Families with dependent children: Total,72,61,58,55,3,3,2,1,11,1,10
S01007629,Families with dependent children: Youngest aged 0 to 4,24,20,18,16,2,2,2,0,4,0,4
S01007629,Families with dependent children: Youngest aged 5 to 11,18,14,14,14,0,0,0,0,4,1,3
S01007629,Families with dependent children: Youngest aged 12 to 18,30,27,26,25,1,1,0,1,3,0,3
S01007630,All families in households,254,237,201,192,9,36,32,4,17,1,16
S01007630,Families with no dependent children,170,160,135,130,5,25,24,1,10,1,9
S01007630,Families with dependent children: Total,84,77,66,62,4,11,8,3,7,0,7
S01007630,Families with dependent children: Youngest aged 0 to 4,22,21,16,16,0,5,5,0,1,0,1
S01007630,Families with dependent children: Youngest aged 5 to 11,28,26,23,22,1,3,2,1,2,0,2
S01007630,Families with dependent children: Youngest aged 12 to 18,34,30,27,24,3,3,1,2,4,0,4
S01007631,All families in households,207,187,167,162,5,20,19,1,20,4,16
S01007631,Families with no dependent children,143,132,115,113,2,17,17,0,11,2,9
S01007631,Families with dependent children: Total,64,55,52,49,3,3,2,1,9,2,7
S01007631,Families with dependent children: Youngest aged 0 to 4,19,17,15,15,0,2,1,1,2,0,2
S01007631,Families with dependent children: Youngest aged 5 to 11,27,20,20,19,1,0,0,0,7,2,5
S01007631,Families with dependent children: Youngest aged 12 to 18,18,18,17,15,2,1,1,0,0,0,0
S01007632,All families in households,302,248,204,191,13,44,39,5,54,5,49
S01007632,Families with no dependent children,188,170,149,145,4,21,20,1,18,5,13
S01007632,Families with dependent children: Total,114,78,55,46,9,23,19,4,36,0,36
S01007632,Families with dependent children: Youngest aged 0 to 4,44,33,14,12,2,19,17,2,11,0,11
S01007632,Families with dependent children: Youngest aged 5 to 11,40,23,20,18,2,3,2,1,17,0,17
S01007632,Families with dependent children: Youngest aged 12 to 18,30,22,21,16,5,1,0,1,8,0,8
S01007633,All families in households,311,271,223,218,5,48,38,10,40,3,37
S01007633,Families with no dependent children,200,190,159,156,3,31,28,3,10,2,8
S01007633,Families with dependent children: Total,111,81,64,62,2,17,10,7,30,1,29
S01007633,Families with dependent children: Youngest aged 0 to 4,37,29,18,17,1,11,7,4,8,0,8
S01007633,Families with dependent children: Youngest aged 5 to 11,29,23,20,19,1,3,1,2,6,0,6
S01007633,Families with dependent children: Youngest aged 12 to 18,45,29,26,26,0,3,2,1,16,1,15
S01007634,All families in households,177,163,142,138,4,21,18,3,14,1,13
S01007634,Families with no dependent children,121,116,103,102,1,13,13,0,5,1,4
S01007634,Families with dependent children: Total,56,47,39,36,3,8,5,3,9,0,9
S01007634,Families with dependent children: Youngest aged 0 to 4,15,12,7,7,0,5,3,2,3,0,3
S01007634,Families with dependent children: Youngest aged 5 to 11,23,18,16,16,0,2,2,0,5,0,5
S01007634,Families with dependent children: Youngest aged 12 to 18,18,17,16,13,3,1,0,1,1,0,1
S01007635,All families in households,210,194,185,180,5,9,6,3,16,1,15
S01007635,Families with no dependent children,156,150,147,146,1,3,3,0,6,1,5
S01007635,Families with dependent children: Total,54,44,38,34,4,6,3,3,10,0,10
S01007635,Families with dependent children: Youngest aged 0 to 4,22,16,13,11,2,3,2,1,6,0,6
S01007635,Families with dependent children: Youngest aged 5 to 11,11,11,8,8,0,3,1,2,0,0,0
S01007635,Families with dependent children: Youngest aged 12 to 18,21,17,17,15,2,0,0,0,4,0,4
S01007636,All families in households,238,194,148,141,7,46,41,5,44,8,36
S01007636,Families with no dependent children,161,139,117,115,2,22,21,1,22,5,17
S01007636,Families with dependent children: Total,77,55,31,26,5,24,20,4,22,3,19
S01007636,Families with dependent children: Youngest aged 0 to 4,32,24,11,9,2,13,13,0,8,0,8
S01007636,Families with dependent children: Youngest aged 5 to 11,18,11,7,7,0,4,3,1,7,1,6
S01007636,Families with dependent children: Youngest aged 12 to 18,27,20,13,10,3,7,4,3,7,2,5
S01007637,All families in households,252,206,153,150,3,53,48,5,46,8,38
S01007637,Families with no dependent children,149,131,103,102,1,28,28,0,18,2,16
S01007637,Families with dependent children: Total,103,75,50,48,2,25,20,5,28,6,22
S01007637,Families with dependent children: Youngest aged 0 to 4,49,37,18,17,1,19,16,3,12,0,12
S01007637,Families with dependent children: Youngest aged 5 to 11,20,16,11,10,1,5,3,2,4,3,1
S01007637,Families with dependent children: Youngest aged 12 to 18,34,22,21,21,0,1,1,0,12,3,9
S01007638,All families in households,220,185,144,139,5,41,32,9,35,10,25
S01007638,Families with no dependent children,141,125,104,103,1,21,19,2,16,7,9
S01007638,Families with dependent children: Total,79,60,40,36,4,20,13,7,19,3,16
S01007638,Families with dependent children: Youngest aged 0 to 4,33,28,17,14,3,11,10,1,5,2,3
S01007638,Families with dependent children: Youngest aged 5 to 11,28,19,15,15,0,4,3,1,9,0,9
S01007638,Families with dependent children: Youngest aged 12 to 18,18,13,8,7,1,5,0,5,5,1,4
S01007639,All families in households,348,259,191,173,18,68,45,23,89,7,82
S01007639,Families with no dependent children,191,159,129,122,7,30,23,7,32,3,29
S01007639,Families with dependent children: Total,157,100,62,51,11,38,22,16,57,4,53
S01007639,Families with dependent children: Youngest aged 0 to 4,59,44,24,19,5,20,12,8,15,0,15
S01007639,Families with dependent children: Youngest aged 5 to 11,50,24,14,13,1,10,5,5,26,2,24
S01007639,Families with dependent children: Youngest aged 12 to 18,48,32,24,19,5,8,5,3,16,2,14
S01007640,All families in households,233,214,171,165,6,43,37,6,19,2,17
S01007640,Families with no dependent children,156,150,122,119,3,28,25,3,6,2,4
S01007640,Families with dependent children: Total,77,64,49,46,3,15,12,3,13,0,13
S01007640,Families with dependent children: Youngest aged 0 to 4,31,28,18,17,1,10,10,0,3,0,3
S01007640,Families with dependent children: Youngest aged 5 to 11,23,18,16,16,0,2,2,0,5,0,5
S01007640,Families with dependent children: Youngest aged 12 to 18,23,18,15,13,2,3,0,3,5,0,5
S01007641,All families in households,265,223,176,170,6,47,38,9,42,6,36
S01007641,Families with no dependent children,154,140,119,115,4,21,21,0,14,4,10
S01007641,Families with dependent children: Total,111,83,57,55,2,26,17,9,28,2,26
S01007641,Families with dependent children: Youngest aged 0 to 4,49,38,20,18,2,18,12,6,11,1,10
S01007641,Families with dependent children: Youngest aged 5 to 11,36,24,18,18,0,6,5,1,12,0,12
S01007641,Families with dependent children: Youngest aged 12 to 18,26,21,19,19,0,2,0,2,5,1,4
S01007642,All families in households,221,199,170,167,3,29,24,5,22,1,21
S01007642,Families with no dependent children,142,133,114,114,0,19,19,0,9,1,8
S01007642,Families with dependent children: Total,79,66,56,53,3,10,5,5,13,0,13
S01007642,Families with dependent children: Youngest aged 0 to 4,23,20,14,14,0,6,4,2,3,0,3
S01007642,Families with dependent children: Youngest aged 5 to 11,28,22,20,18,2,2,1,1,6,0,6
S01007642,Families with dependent children: Youngest aged 12 to 18,28,24,22,21,1,2,0,2,4,0,4
S01007643,All families in households,268,218,193,181,12,25,23,2,50,9,41
S01007643,Families with no dependent children,178,155,138,133,5,17,17,0,23,4,19
S01007643,Families with dependent children: Total,90,63,55,48,7,8,6,2,27,5,22
S01007643,Families with dependent children: Youngest aged 0 to 4,32,25,19,17,2,6,6,0,7,1,6
S01007643,Families with dependent children: Youngest aged 5 to 11,26,18,17,15,2,1,0,1,8,1,7
S01007643,Families with dependent children: Youngest aged 12 to 18,32,20,19,16,3,1,0,1,12,3,9
S01007644,All families in households,275,220,194,183,11,26,23,3,55,3,52
S01007644,Families with no dependent children,177,157,139,137,2,18,18,0,20,0,20
S01007644,Families with dependent children: Total,98,63,55,46,9,8,5,3,35,3,32
S01007644,Families with dependent children: Youngest aged 0 to 4,31,18,13,12,1,5,4,1,13,0,13
S01007644,Families with dependent children: Youngest aged 5 to 11,34,23,21,20,1,2,1,1,11,1,10
S01007644,Families with dependent children: Youngest aged 12 to 18,33,22,21,14,7,1,0,1,11,2,9
S01007645,All families in households,180,161,139,134,5,22,19,3,19,4,15
S01007645,Families with no dependent children,130,119,105,105,0,14,14,0,11,4,7
S01007645,Families with dependent children: Total,50,42,34,29,5,8,5,3,8,0,8
S01007645,Families with dependent children: Youngest aged 0 to 4,17,14,9,8,1,5,5,0,3,0,3
S01007645,Families with dependent children: Youngest aged 5 to 11,15,14,12,11,1,2,0,2,1,0,1
S01007645,Families with dependent children: Youngest aged 12 to 18,18,14,13,10,3,1,0,1,4,0,4
S01007646,All families in households,181,159,135,128,7,24,24,0,22,3,19
S01007646,Families with no dependent children,122,109,93,93,0,16,16,0,13,3,10
S01007646,Families with dependent children: Total,59,50,42,35,7,8,8,0,9,0,9
S01007646,Families with dependent children: Youngest aged 0 to 4,18,16,13,11,2,3,3,0,2,0,2
S01007646,Families with dependent children: Youngest aged 5 to 11,20,18,15,11,4,3,3,0,2,0,2
S01007646,Families with dependent children: Youngest aged 12 to 18,21,16,14,13,1,2,2,0,5,0,5
S01007647,All families in households,214,182,150,145,5,32,25,7,32,6,26
S01007647,Families with no dependent children,139,129,112,110,2,17,15,2,10,4,6
S01007647,Families with dependent children: Total,75,53,38,35,3,15,10,5,22,2,20
S01007647,Families with dependent children: Youngest aged 0 to 4,27,18,9,8,1,9,8,1,9,0,9
S01007647,Families with dependent children: Youngest aged 5 to 11,19,12,10,9,1,2,1,1,7,1,6
S01007647,Families with dependent children: Youngest aged 12 to 18,29,23,19,18,1,4,1,3,6,1,5
S01007648,All families in households,257,228,187,183,4,41,35,6,29,3,26
S01007648,Families with no dependent children,172,167,140,137,3,27,25,2,5,1,4
S01007648,Families with dependent children: Total,85,61,47,46,1,14,10,4,24,2,22
S01007648,Families with dependent children: Youngest aged 0 to 4,26,21,11,11,0,10,8,2,5,0,5
S01007648,Families with dependent children: Youngest aged 5 to 11,24,20,18,17,1,2,1,1,4,0,4
S01007648,Families with dependent children: Youngest aged 12 to 18,35,20,18,18,0,2,1,1,15,2,13
S01007649,All families in households,223,193,159,154,5,34,29,5,30,1,29
S01007649,Families with no dependent children,143,131,107,105,2,24,23,1,12,0,12
S01007649,Families with dependent children: Total,80,62,52,49,3,10,6,4,18,1,17
S01007649,Families with dependent children: Youngest aged 0 to 4,28,23,18,17,1,5,5,0,5,0,5
S01007649,Families with dependent children: Youngest aged 5 to 11,32,25,21,19,2,4,1,3,7,1,6
S01007649,Families with dependent children: Youngest aged 12 to 18,20,14,13,13,0,1,0,1,6,0,6
S01007650,All families in households,297,265,232,225,7,33,29,4,32,7,25
S01007650,Families with no dependent children,199,184,159,157,2,25,24,1,15,5,10
S01007650,Families with dependent children: Total,98,81,73,68,5,8,5,3,17,2,15
S01007650,Families with dependent children: Youngest aged 0 to 4,27,25,19,18,1,6,4,2,2,0,2
S01007650,Families with dependent children: Youngest aged 5 to 11,30,22,22,21,1,0,0,0,8,0,8
S01007650,Families with dependent children: Youngest aged 12 to 18,41,34,32,29,3,2,1,1,7,2,5
S01007651,All families in households,178,165,137,130,7,28,22,6,13,5,8
S01007651,Families with no dependent children,113,107,89,88,1,18,16,2,6,4,2
S01007651,Families with dependent children: Total,65,58,48,42,6,10,6,4,7,1,6
S01007651,Families with dependent children: Youngest aged 0 to 4,19,19,12,10,2,7,5,2,0,0,0
S01007651,Families with dependent children: Youngest aged 5 to 11,22,18,17,14,3,1,0,1,4,0,4
S01007651,Families with dependent children: Youngest aged 12 to 18,24,21,19,18,1,2,1,1,3,1,2
S01007652,All families in households,181,158,135,130,5,23,22,1,23,3,20
S01007652,Families with no dependent children,110,102,91,90,1,11,11,0,8,2,6
S01007652,Families with dependent children: Total,71,56,44,40,4,12,11,1,15,1,14
S01007652,Families with dependent children: Youngest aged 0 to 4,26,18,11,10,1,7,7,0,8,0,8
S01007652,Families with dependent children: Youngest aged 5 to 11,25,20,16,15,1,4,3,1,5,0,5
S01007652,Families with dependent children: Youngest aged 12 to 18,20,18,17,15,2,1,1,0,2,1,1
S01007653,All families in households,273,243,202,196,6,41,36,5,30,3,27
S01007653,Families with no dependent children,180,170,144,141,3,26,25,1,10,3,7
S01007653,Families with dependent children: Total,93,73,58,55,3,15,11,4,20,0,20
S01007653,Families with dependent children: Youngest aged 0 to 4,32,27,18,17,1,9,8,1,5,0,5
S01007653,Families with dependent children: Youngest aged 5 to 11,22,17,13,13,0,4,3,1,5,0,5
S01007653,Families with dependent children: Youngest aged 12 to 18,39,29,27,25,2,2,0,2,10,0,10
S01007654,All families in households,308,259,222,208,14,37,31,6,49,8,41
S01007654,Families with no dependent children,182,169,145,143,2,24,23,1,13,5,8
S01007654,Families with dependent children: Total,126,90,77,65,12,13,8,5,36,3,33
S01007654,Families with dependent children: Youngest aged 0 to 4,54,35,27,23,4,8,6,2,19,2,17
S01007654,Families with dependent children: Youngest aged 5 to 11,34,27,25,21,4,2,2,0,7,0,7
S01007654,Families with dependent children: Youngest aged 12 to 18,38,28,25,21,4,3,0,3,10,1,9
S01007655,All families in households,256,233,195,189,6,38,36,2,23,5,18
S01007655,Families with no dependent children,178,166,143,142,1,23,22,1,12,3,9
S01007655,Families with dependent children: Total,78,67,52,47,5,15,14,1,11,2,9
S01007655,Families with dependent children: Youngest aged 0 to 4,29,26,19,17,2,7,7,0,3,0,3
S01007655,Families with dependent children: Youngest aged 5 to 11,19,17,12,11,1,5,5,0,2,0,2
S01007655,Families with dependent children: Youngest aged 12 to 18,30,24,21,19,2,3,2,1,6,2,4
S01007656,All families in households,272,249,211,200,11,38,33,5,23,2,21
S01007656,Families with no dependent children,180,173,155,151,4,18,18,0,7,1,6
S01007656,Families with dependent children: Total,92,76,56,49,7,20,15,5,16,1,15
S01007656,Families with dependent children: Youngest aged 0 to 4,33,30,17,17,0,13,13,0,3,0,3
S01007656,Families with dependent children: Youngest aged 5 to 11,24,19,16,14,2,3,1,2,5,0,5
S01007656,Families with dependent children: Youngest aged 12 to 18,35,27,23,18,5,4,1,3,8,1,7
S01007657,All families in households,138,119,99,93,6,20,17,3,19,4,15
S01007657,Families with no dependent children,92,83,68,67,1,15,14,1,9,3,6
S01007657,Families with dependent children: Total,46,36,31,26,5,5,3,2,10,1,9
S01007657,Families with dependent children: Youngest aged 0 to 4,15,13,9,8,1,4,2,2,2,0,2
S01007657,Families with dependent children: Youngest aged 5 to 11,19,15,14,12,2,1,1,0,4,0,4
S01007657,Families with dependent children: Youngest aged 12 to 18,12,8,8,6,2,0,0,0,4,1,3
S01007658,All families in households,158,134,112,108,4,22,16,6,24,2,22
S01007658,Families with no dependent children,101,96,81,80,1,15,12,3,5,1,4
S01007658,Families with dependent children: Total,57,38,31,28,3,7,4,3,19,1,18
S01007658,Families with dependent children: Youngest aged 0 to 4,15,9,5,5,0,4,2,2,6,0,6
S01007658,Families with dependent children: Youngest aged 5 to 11,21,13,12,11,1,1,1,0,8,1,7
S01007658,Families with dependent children: Youngest aged 12 to 18,21,16,14,12,2,2,1,1,5,0,5
S01007659,All families in households,256,215,174,168,6,41,37,4,41,12,29
S01007659,Families with no dependent children,164,145,119,119,0,26,24,2,19,9,10
S01007659,Families with dependent children: Total,92,70,55,49,6,15,13,2,22,3,19
S01007659,Families with dependent children: Youngest aged 0 to 4,37,29,20,20,0,9,9,0,8,1,7
S01007659,Families with dependent children: Youngest aged 5 to 11,28,21,19,17,2,2,2,0,7,0,7
S01007659,Families with dependent children: Youngest aged 12 to 18,27,20,16,12,4,4,2,2,7,2,5
S01007660,All families in households,254,193,129,123,6,64,55,9,61,12,49
S01007660,Families with no dependent children,134,116,88,87,1,28,28,0,18,6,12
S01007660,Families with dependent children: Total,120,77,41,36,5,36,27,9,43,6,37
S01007660,Families with dependent children: Youngest aged 0 to 4,66,47,19,18,1,28,22,6,19,1,18
S01007660,Families with dependent children: Youngest aged 5 to 11,28,17,11,9,2,6,4,2,11,1,10
S01007660,Families with dependent children: Youngest aged 12 to 18,26,13,11,9,2,2,1,1,13,4,9
S01007661,All families in households,180,154,118,109,9,36,29,7,26,2,24
S01007661,Families with no dependent children,111,104,83,81,2,21,18,3,7,1,6
S01007661,Families with dependent children: Total,69,50,35,28,7,15,11,4,19,1,18
S01007661,Families with dependent children: Youngest aged 0 to 4,27,20,12,9,3,8,8,0,7,1,6
S01007661,Families with dependent children: Youngest aged 5 to 11,18,12,7,6,1,5,3,2,6,0,6
S01007661,Families with dependent children: Youngest aged 12 to 18,24,18,16,13,3,2,0,2,6,0,6
S01007662,All families in households,243,205,160,155,5,45,37,8,38,2,36
S01007662,Families with no dependent children,157,144,118,115,3,26,24,2,13,1,12
S01007662,Families with dependent children: Total,86,61,42,40,2,19,13,6,25,1,24
S01007662,Families with dependent children: Youngest aged 0 to 4,38,26,15,15,0,11,7,4,12,1,11
S01007662,Families with dependent children: Youngest aged 5 to 11,23,17,13,12,1,4,3,1,6,0,6
S01007662,Families with dependent children: Youngest aged 12 to 18,25,18,14,13,1,4,3,1,7,0,7
S01007663,All families in households,251,224,192,185,7,32,28,4,27,7,20
S01007663,Families with no dependent children,174,162,143,142,1,19,17,2,12,2,10
S01007663,Families with dependent children: Total,77,62,49,43,6,13,11,2,15,5,10
S01007663,Families with dependent children: Youngest aged 0 to 4,34,29,20,18,2,9,7,2,5,3,2
S01007663,Families with dependent children: Youngest aged 5 to 11,20,17,14,12,2,3,3,0,3,0,3
S01007663,Families with dependent children: Youngest aged 12 to 18,23,16,15,13,2,1,1,0,7,2,5
S01007664,All families in households,155,123,95,91,4,28,24,4,32,4,28
S01007664,Families with no dependent children,86,79,62,60,2,17,17,0,7,3,4
S01007664,Families with dependent children: Total,69,44,33,31,2,11,7,4,25,1,24
S01007664,Families with dependent children: Youngest aged 0 to 4,31,23,14,14,0,9,6,3,8,1,7
S01007664,Families with dependent children: Youngest aged 5 to 11,14,7,5,5,0,2,1,1,7,0,7
S01007664,Families with dependent children: Youngest aged 12 to 18,24,14,14,12,2,0,0,0,10,0,10
S01007665,All families in households,195,160,115,106,9,45,32,13,35,5,30
S01007665,Families with no dependent children,101,93,72,71,1,21,16,5,8,2,6
S01007665,Families with dependent children: Total,94,67,43,35,8,24,16,8,27,3,24
S01007665,Families with dependent children: Youngest aged 0 to 4,52,39,22,20,2,17,12,5,13,0,13
S01007665,Families with dependent children: Youngest aged 5 to 11,21,13,8,4,4,5,3,2,8,1,7
S01007665,Families with dependent children: Youngest aged 12 to 18,21,15,13,11,2,2,1,1,6,2,4
S01007666,All families in households,162,142,125,120,5,17,12,5,20,2,18
S01007666,Families with no dependent children,107,97,91,89,2,6,6,0,10,1,9
S01007666,Families with dependent children: Total,55,45,34,31,3,11,6,5,10,1,9
S01007666,Families with dependent children: Youngest aged 0 to 4,15,15,10,9,1,5,4,1,0,0,0
S01007666,Families with dependent children: Youngest aged 5 to 11,24,18,14,12,2,4,1,3,6,1,5
S01007666,Families with dependent children: Youngest aged 12 to 18,16,12,10,10,0,2,1,1,4,0,4
S01007667,All families in households,228,218,188,183,5,30,21,9,10,0,10
S01007667,Families with no dependent children,153,149,133,133,0,16,13,3,4,0,4
S01007667,Families with dependent children: Total,75,69,55,50,5,14,8,6,6,0,6
S01007667,Families with dependent children: Youngest aged 0 to 4,36,34,22,22,0,12,6,6,2,0,2
S01007667,Families with dependent children: Youngest aged 5 to 11,23,21,20,18,2,1,1,0,2,0,2
S01007667,Families with dependent children: Youngest aged 12 to 18,16,14,13,10,3,1,1,0,2,0,2
S01007668,All families in households,300,242,180,169,11,62,45,17,58,3,55
S01007668,Families with no dependent children,166,148,116,115,1,32,25,7,18,1,17
S01007668,Families with dependent children: Total,134,94,64,54,10,30,20,10,40,2,38
S01007668,Families with dependent children: Youngest aged 0 to 4,66,54,30,22,8,24,16,8,12,0,12
S01007668,Families with dependent children: Youngest aged 5 to 11,41,24,18,17,1,6,4,2,17,1,16
S01007668,Families with dependent children: Youngest aged 12 to 18,27,16,16,15,1,0,0,0,11,1,10
S01007669,All families in households,184,117,86,75,11,31,23,8,67,7,60
S01007669,Families with no dependent children,75,62,55,50,5,7,7,0,13,3,10
S01007669,Families with dependent children: Total,109,55,31,25,6,24,16,8,54,4,50
S01007669,Families with dependent children: Youngest aged 0 to 4,37,24,12,10,2,12,8,4,13,0,13
S01007669,Families with dependent children: Youngest aged 5 to 11,38,18,9,6,3,9,7,2,20,2,18
S01007669,Families with dependent children: Youngest aged 12 to 18,34,13,10,9,1,3,1,2,21,2,19
S01007670,All families in households,199,145,105,92,13,40,23,17,54,6,48
S01007670,Families with no dependent children,80,63,56,56,0,7,4,3,17,2,15
S01007670,Families with dependent children: Total,119,82,49,36,13,33,19,14,37,4,33
S01007670,Families with dependent children: Youngest aged 0 to 4,43,31,15,13,2,16,7,9,12,0,12
S01007670,Families with dependent children: Youngest aged 5 to 11,47,30,16,11,5,14,11,3,17,1,16
S01007670,Families with dependent children: Youngest aged 12 to 18,29,21,18,12,6,3,1,2,8,3,5
S01007671,All families in households,227,215,182,175,7,33,28,5,12,4,8
S01007671,Families with no dependent children,156,148,125,123,2,23,22,1,8,3,5
S01007671,Families with dependent children: Total,71,67,57,52,5,10,6,4,4,1,3
S01007671,Families with dependent children: Youngest aged 0 to 4,18,17,10,10,0,7,5,2,1,0,1
S01007671,Families with dependent children: Youngest aged 5 to 11,27,27,24,23,1,3,1,2,0,0,0
S01007671,Families with dependent children: Youngest aged 12 to 18,26,23,23,19,4,0,0,0,3,1,2
S01007672,All families in households,302,288,258,252,6,30,25,5,14,5,9
S01007672,Families with no dependent children,234,224,205,204,1,19,18,1,10,5,5
S01007672,Families with dependent children: Total,68,64,53,48,5,11,7,4,4,0,4
S01007672,Families with dependent children: Youngest aged 0 to 4,17,16,12,12,0,4,2,2,1,0,1
S01007672,Families with dependent children: Youngest aged 5 to 11,26,25,21,18,3,4,3,1,1,0,1
S01007672,Families with dependent children: Youngest aged 12 to 18,25,23,20,18,2,3,2,1,2,0,2
S01007673,All families in households,220,203,162,151,11,41,36,5,17,2,15
S01007673,Families with no dependent children,139,130,105,103,2,25,25,0,9,2,7
S01007673,Families with dependent children: Total,81,73,57,48,9,16,11,5,8,0,8
S01007673,Families with dependent children: Youngest aged 0 to 4,28,23,15,12,3,8,6,2,5,0,5
S01007673,Families with dependent children: Youngest aged 5 to 11,25,23,20,15,5,3,2,1,2,0,2
S01007673,Families with dependent children: Youngest aged 12 to 18,28,27,22,21,1,5,3,2,1,0,1
S01007674,All families in households,243,189,164,156,8,25,23,2,54,10,44
S01007674,Families with no dependent children,156,138,122,121,1,16,15,1,18,5,13
S01007674,Families with dependent children: Total,87,51,42,35,7,9,8,1,36,5,31
S01007674,Families with dependent children: Youngest aged 0 to 4,33,20,15,13,2,5,4,1,13,0,13
S01007674,Families with dependent children: Youngest aged 5 to 11,31,21,17,13,4,4,4,0,10,1,9
S01007674,Families with dependent children: Youngest aged 12 to 18,23,10,10,9,1,0,0,0,13,4,9
S01007675,All families in households,213,196,172,167,5,24,21,3,17,2,15
S01007675,Families with no dependent children,152,147,131,129,2,16,16,0,5,0,5
S01007675,Families with dependent children: Total,61,49,41,38,3,8,5,3,12,2,10
S01007675,Families with dependent children: Youngest aged 0 to 4,20,18,14,12,2,4,3,1,2,0,2
S01007675,Families with dependent children: Youngest aged 5 to 11,25,21,18,17,1,3,2,1,4,1,3
S01007675,Families with dependent children: Youngest aged 12 to 18,16,10,9,9,0,1,0,1,6,1,5
S01007676,All families in households,212,194,172,168,4,22,16,6,18,6,12
S01007676,Families with no dependent children,146,134,118,117,1,16,15,1,12,4,8
S01007676,Families with dependent children: Total,66,60,54,51,3,6,1,5,6,2,4
S01007676,Families with dependent children: Youngest aged 0 to 4,25,23,21,20,1,2,0,2,2,1,1
S01007676,Families with dependent children: Youngest aged 5 to 11,18,15,14,14,0,1,1,0,3,1,2
S01007676,Families with dependent children: Youngest aged 12 to 18,23,22,19,17,2,3,0,3,1,0,1
S01007677,All families in households,162,142,116,110,6,26,20,6,20,4,16
S01007677,Families with no dependent children,94,88,74,71,3,14,13,1,6,1,5
S01007677,Families with dependent children: Total,68,54,42,39,3,12,7,5,14,3,11
S01007677,Families with dependent children: Youngest aged 0 to 4,24,20,12,12,0,8,5,3,4,0,4
S01007677,Families with dependent children: Youngest aged 5 to 11,27,20,18,16,2,2,0,2,7,2,5
S01007677,Families with dependent children: Youngest aged 12 to 18,17,14,12,11,1,2,2,0,3,1,2
S01007678,All families in households,227,190,144,140,4,46,37,9,37,5,32
S01007678,Families with no dependent children,146,130,100,99,1,30,28,2,16,3,13
S01007678,Families with dependent children: Total,81,60,44,41,3,16,9,7,21,2,19
S01007678,Families with dependent children: Youngest aged 0 to 4,28,22,16,15,1,6,6,0,6,0,6
S01007678,Families with dependent children: Youngest aged 5 to 11,27,17,12,11,1,5,2,3,10,0,10
S01007678,Families with dependent children: Youngest aged 12 to 18,26,21,16,15,1,5,1,4,5,2,3
S01007679,All families in households,260,207,153,150,3,54,48,6,53,6,47
S01007679,Families with no dependent children,171,154,121,118,3,33,29,4,17,2,15
S01007679,Families with dependent children: Total,89,53,32,32,0,21,19,2,36,4,32
S01007679,Families with dependent children: Youngest aged 0 to 4,41,25,11,11,0,14,12,2,16,0,16
S01007679,Families with dependent children: Youngest aged 5 to 11,30,18,13,13,0,5,5,0,12,2,10
S01007679,Families with dependent children: Youngest aged 12 to 18,18,10,8,8,0,2,2,0,8,2,6
S01007680,All families in households,286,264,235,222,13,29,25,4,22,3,19
S01007680,Families with no dependent children,193,184,169,164,5,15,14,1,9,2,7
S01007680,Families with dependent children: Total,93,80,66,58,8,14,11,3,13,1,12
S01007680,Families with dependent children: Youngest aged 0 to 4,28,28,20,19,1,8,7,1,0,0,0
S01007680,Families with dependent children: Youngest aged 5 to 11,28,20,16,12,4,4,2,2,8,0,8
S01007680,Families with dependent children: Youngest aged 12 to 18,37,32,30,27,3,2,2,0,5,1,4
S01007681,All families in households,121,109,87,82,5,22,21,1,12,1,11
S01007681,Families with no dependent children,98,89,70,68,2,19,19,0,9,1,8
S01007681,Families with dependent children: Total,23,20,17,14,3,3,2,1,3,0,3
S01007681,Families with dependent children: Youngest aged 0 to 4,9,8,6,6,0,2,2,0,1,0,1
S01007681,Families with dependent children: Youngest aged 5 to 11,9,7,6,5,1,1,0,1,2,0,2
S01007681,Families with dependent children: Youngest aged 12 to 18,5,5,5,3,2,0,0,0,0,0,0
S01007682,All families in households,266,240,205,197,8,35,34,1,26,5,21
S01007682,Families with no dependent children,180,171,140,138,2,31,31,0,9,3,6
S01007682,Families with dependent children: Total,86,69,65,59,6,4,3,1,17,2,15
S01007682,Families with dependent children: Youngest aged 0 to 4,28,23,21,18,3,2,2,0,5,0,5
S01007682,Families with dependent children: Youngest aged 5 to 11,23,19,17,15,2,2,1,1,4,0,4
S01007682,Families with dependent children: Youngest aged 12 to 18,35,27,27,26,1,0,0,0,8,2,6
S01007683,All families in households,182,166,147,146,1,19,17,2,16,2,14
S01007683,Families with no dependent children,102,94,84,83,1,10,10,0,8,2,6
S01007683,Families with dependent children: Total,80,72,63,63,0,9,7,2,8,0,8
S01007683,Families with dependent children: Youngest aged 0 to 4,29,27,23,23,0,4,4,0,2,0,2
S01007683,Families with dependent children: Youngest aged 5 to 11,21,18,17,17,0,1,1,0,3,0,3
S01007683,Families with dependent children: Youngest aged 12 to 18,30,27,23,23,0,4,2,2,3,0,3
S01007684,All families in households,253,224,213,211,2,11,8,3,29,6,23
S01007684,Families with no dependent children,170,156,150,150,0,6,5,1,14,2,12
S01007684,Families with dependent children: Total,83,68,63,61,2,5,3,2,15,4,11
S01007684,Families with dependent children: Youngest aged 0 to 4,19,14,13,12,1,1,1,0,5,1,4
S01007684,Families with dependent children: Youngest aged 5 to 11,24,22,20,20,0,2,2,0,2,0,2
S01007684,Families with dependent children: Youngest aged 12 to 18,40,32,30,29,1,2,0,2,8,3,5
S01007685,All families in households,199,178,159,159,0,19,17,2,21,5,16
S01007685,Families with no dependent children,130,118,101,101,0,17,16,1,12,3,9
S01007685,Families with dependent children: Total,69,60,58,58,0,2,1,1,9,2,7
S01007685,Families with dependent children: Youngest aged 0 to 4,17,14,12,12,0,2,1,1,3,0,3
S01007685,Families with dependent children: Youngest aged 5 to 11,22,18,18,18,0,0,0,0,4,2,2
S01007685,Families with dependent children: Youngest aged 12 to 18,30,28,28,28,0,0,0,0,2,0,2
S01007686,All families in households,175,159,132,128,4,27,27,0,16,4,12
S01007686,Families with no dependent children,120,112,90,88,2,22,22,0,8,1,7
S01007686,Families with dependent children: Total,55,47,42,40,2,5,5,0,8,3,5
S01007686,Families with dependent children: Youngest aged 0 to 4,13,13,10,9,1,3,3,0,0,0,0
S01007686,Families with dependent children: Youngest aged 5 to 11,16,11,10,9,1,1,1,0,5,1,4
S01007686,Families with dependent children: Youngest aged 12 to 18,26,23,22,22,0,1,1,0,3,2,1
S01007687,All families in households,186,159,113,110,3,46,41,5,27,2,25
S01007687,Families with no dependent children,115,106,70,70,0,36,34,2,9,1,8
S01007687,Families with dependent children: Total,71,53,43,40,3,10,7,3,18,1,17
S01007687,Families with dependent children: Youngest aged 0 to 4,32,22,19,18,1,3,3,0,10,0,10
S01007687,Families with dependent children: Youngest aged 5 to 11,13,11,6,6,0,5,2,3,2,0,2
S01007687,Families with dependent children: Youngest aged 12 to 18,26,20,18,16,2,2,2,0,6,1,5
S01007688,All families in households,193,157,77,74,3,80,77,3,36,3,33
S01007688,Families with no dependent children,133,127,54,54,0,73,72,1,6,1,5
S01007688,Families with dependent children: Total,60,30,23,20,3,7,5,2,30,2,28
S01007688,Families with dependent children: Youngest aged 0 to 4,26,17,12,11,1,5,5,0,9,0,9
S01007688,Families with dependent children: Youngest aged 5 to 11,20,7,6,5,1,1,0,1,13,1,12
S01007688,Families with dependent children: Youngest aged 12 to 18,14,6,5,4,1,1,0,1,8,1,7
S01007689,All families in households,108,94,50,49,1,44,41,3,14,1,13
S01007689,Families with no dependent children,75,72,33,32,1,39,38,1,3,0,3
S01007689,Families with dependent children: Total,33,22,17,17,0,5,3,2,11,1,10
S01007689,Families with dependent children: Youngest aged 0 to 4,16,13,10,10,0,3,2,1,3,0,3
S01007689,Families with dependent children: Youngest aged 5 to 11,7,5,4,4,0,1,0,1,2,0,2
S01007689,Families with dependent children: Youngest aged 12 to 18,10,4,3,3,0,1,1,0,6,1,5
S01007690,All families in households,119,96,57,57,0,39,39,0,23,4,19
S01007690,Families with no dependent children,80,77,45,45,0,32,32,0,3,0,3
S01007690,Families with dependent children: Total,39,19,12,12,0,7,7,0,20,4,16
S01007690,Families with dependent children: Youngest aged 0 to 4,20,13,8,8,0,5,5,0,7,1,6
S01007690,Families with dependent children: Youngest aged 5 to 11,10,2,1,1,0,1,1,0,8,2,6
S01007690,Families with dependent children: Youngest aged 12 to 18,9,4,3,3,0,1,1,0,5,1,4
S01007691,All families in households,127,87,38,35,3,49,45,4,40,3,37
S01007691,Families with no dependent children,83,68,26,25,1,42,42,0,15,1,14
S01007691,Families with dependent children: Total,44,19,12,10,2,7,3,4,25,2,23
S01007691,Families with dependent children: Youngest aged 0 to 4,15,12,8,7,1,4,3,1,3,0,3
S01007691,Families with dependent children: Youngest aged 5 to 11,12,3,3,2,1,0,0,0,9,2,7
S01007691,Families with dependent children: Youngest aged 12 to 18,17,4,1,1,0,3,0,3,13,0,13
S01007692,All families in households,122,98,48,45,3,50,49,1,24,3,21
S01007692,Families with no dependent children,79,71,26,25,1,45,45,0,8,3,5
S01007692,Families with dependent children: Total,43,27,22,20,2,5,4,1,16,0,16
S01007692,Families with dependent children: Youngest aged 0 to 4,20,17,13,12,1,4,4,0,3,0,3
S01007692,Families with dependent children: Youngest aged 5 to 11,14,5,4,3,1,1,0,1,9,0,9
S01007692,Families with dependent children: Youngest aged 12 to 18,9,5,5,5,0,0,0,0,4,0,4
S01007693,All families in households,74,54,27,27,0,27,26,1,20,3,17
S01007693,Families with no dependent children,47,38,14,14,0,24,24,0,9,2,7
S01007693,Families with dependent children: Total,27,16,13,13,0,3,2,1,11,1,10
S01007693,Families with dependent children: Youngest aged 0 to 4,15,11,10,10,0,1,1,0,4,0,4
S01007693,Families with dependent children: Youngest aged 5 to 11,7,3,1,1,0,2,1,1,4,1,3
S01007693,Families with dependent children: Youngest aged 12 to 18,5,2,2,2,0,0,0,0,3,0,3
S01007694,All families in households,170,113,50,45,5,63,56,7,57,2,55
S01007694,Families with no dependent children,96,79,31,30,1,48,47,1,17,1,16
S01007694,Families with dependent children: Total,74,34,19,15,4,15,9,6,40,1,39
S01007694,Families with dependent children: Youngest aged 0 to 4,27,15,8,6,2,7,6,1,12,1,11
S01007694,Families with dependent children: Youngest aged 5 to 11,22,10,6,5,1,4,2,2,12,0,12
S01007694,Families with dependent children: Youngest aged 12 to 18,25,9,5,4,1,4,1,3,16,0,16
S01007695,All families in households,179,146,102,100,2,44,41,3,33,5,28
S01007695,Families with no dependent children,129,114,73,71,2,41,40,1,15,4,11
S01007695,Families with dependent children: Total,50,32,29,29,0,3,1,2,18,1,17
S01007695,Families with dependent children: Youngest aged 0 to 4,26,19,18,18,0,1,1,0,7,0,7
S01007695,Families with dependent children: Youngest aged 5 to 11,15,8,6,6,0,2,0,2,7,1,6
S01007695,Families with dependent children: Youngest aged 12 to 18,9,5,5,5,0,0,0,0,4,0,4
S01007696,All families in households,112,72,38,38,0,34,33,1,40,6,34
S01007696,Families with no dependent children,54,49,23,23,0,26,26,0,5,1,4
S01007696,Families with dependent children: Total,58,23,15,15,0,8,7,1,35,5,30
S01007696,Families with dependent children: Youngest aged 0 to 4,24,14,8,8,0,6,6,0,10,1,9
S01007696,Families with dependent children: Youngest aged 5 to 11,19,7,6,6,0,1,0,1,12,1,11
S01007696,Families with dependent children: Youngest aged 12 to 18,15,2,1,1,0,1,1,0,13,3,10
S01007697,All families in households,198,160,92,89,3,68,68,0,38,5,33
S01007697,Families with no dependent children,145,128,70,68,2,58,58,0,17,1,16
S01007697,Families with dependent children: Total,53,32,22,21,1,10,10,0,21,4,17
S01007697,Families with dependent children: Youngest aged 0 to 4,28,21,15,14,1,6,6,0,7,0,7
S01007697,Families with dependent children: Youngest aged 5 to 11,15,8,4,4,0,4,4,0,7,0,7
S01007697,Families with dependent children: Youngest aged 12 to 18,10,3,3,3,0,0,0,0,7,4,3
S01007698,All families in households,198,134,63,63,0,71,67,4,64,9,55
S01007698,Families with no dependent children,116,96,37,37,0,59,58,1,20,6,14
S01007698,Families with dependent children: Total,82,38,26,26,0,12,9,3,44,3,41
S01007698,Families with dependent children: Youngest aged 0 to 4,34,21,13,13,0,8,7,1,13,0,13
S01007698,Families with dependent children: Youngest aged 5 to 11,23,5,2,2,0,3,1,2,18,3,15
S01007698,Families with dependent children: Youngest aged 12 to 18,25,12,11,11,0,1,1,0,13,0,13
S01007699,All families in households,159,112,57,52,5,55,51,4,47,8,39
S01007699,Families with no dependent children,95,83,35,34,1,48,46,2,12,1,11
S01007699,Families with dependent children: Total,64,29,22,18,4,7,5,2,35,7,28
S01007699,Families with dependent children: Youngest aged 0 to 4,39,19,14,12,2,5,4,1,20,2,18
S01007699,Families with dependent children: Youngest aged 5 to 11,15,9,7,5,2,2,1,1,6,3,3
S01007699,Families with dependent children: Youngest aged 12 to 18,10,1,1,1,0,0,0,0,9,2,7
S01007700,All families in households,266,243,188,177,11,55,47,8,23,4,19
S01007700,Families with no dependent children,184,174,135,129,6,39,36,3,10,2,8
S01007700,Families with dependent children: Total,82,69,53,48,5,16,11,5,13,2,11
S01007700,Families with dependent children: Youngest aged 0 to 4,35,30,20,19,1,10,9,1,5,1,4
S01007700,Families with dependent children: Youngest aged 5 to 11,27,22,16,15,1,6,2,4,5,0,5
S01007700,Families with dependent children: Youngest aged 12 to 18,20,17,17,14,3,0,0,0,3,1,2
S01007701,All families in households,91,54,20,17,3,34,32,2,37,7,30
S01007701,Families with no dependent children,58,40,16,14,2,24,24,0,18,4,14
S01007701,Families with dependent children: Total,33,14,4,3,1,10,8,2,19,3,16
S01007701,Families with dependent children: Youngest aged 0 to 4,12,7,1,1,0,6,5,1,5,0,5
S01007701,Families with dependent children: Youngest aged 5 to 11,11,4,2,1,1,2,2,0,7,0,7
S01007701,Families with dependent children: Youngest aged 12 to 18,10,3,1,1,0,2,1,1,7,3,4
S01007702,All families in households,105,85,41,41,0,44,40,4,20,1,19
S01007702,Families with no dependent children,66,63,24,24,0,39,38,1,3,0,3
S01007702,Families with dependent children: Total,39,22,17,17,0,5,2,3,17,1,16
S01007702,Families with dependent children: Youngest aged 0 to 4,18,11,9,9,0,2,2,0,7,0,7
S01007702,Families with dependent children: Youngest aged 5 to 11,12,8,6,6,0,2,0,2,4,0,4
S01007702,Families with dependent children: Youngest aged 12 to 18,9,3,2,2,0,1,0,1,6,1,5
S01007703,All families in households,197,153,113,111,2,40,35,5,44,9,35
S01007703,Families with no dependent children,132,116,85,84,1,31,30,1,16,3,13
S01007703,Families with dependent children: Total,65,37,28,27,1,9,5,4,28,6,22
S01007703,Families with dependent children: Youngest aged 0 to 4,19,11,8,8,0,3,3,0,8,0,8
S01007703,Families with dependent children: Youngest aged 5 to 11,24,14,11,10,1,3,1,2,10,2,8
S01007703,Families with dependent children: Youngest aged 12 to 18,22,12,9,9,0,3,1,2,10,4,6
S01007704,All families in households,179,98,52,50,2,46,38,8,81,15,66
S01007704,Families with no dependent children,89,64,35,34,1,29,28,1,25,4,21
S01007704,Families with dependent children: Total,90,34,17,16,1,17,10,7,56,11,45
S01007704,Families with dependent children: Youngest aged 0 to 4,39,20,8,8,0,12,9,3,19,1,18
S01007704,Families with dependent children: Youngest aged 5 to 11,26,7,5,5,0,2,1,1,19,4,15
S01007704,Families with dependent children: Youngest aged 12 to 18,25,7,4,3,1,3,0,3,18,6,12
S01007705,All families in households,52,44,7,5,2,37,34,3,8,3,5
S01007705,Families with no dependent children,42,39,5,3,2,34,33,1,3,2,1
S01007705,Families with dependent children: Total,10,5,2,2,0,3,1,2,5,1,4
S01007705,Families with dependent children: Youngest aged 0 to 4,6,3,2,2,0,1,1,0,3,1,2
S01007705,Families with dependent children: Youngest aged 5 to 11,1,0,0,0,0,0,0,0,1,0,1
S01007705,Families with dependent children: Youngest aged 12 to 18,3,2,0,0,0,2,0,2,1,0,1
S01007706,All families in households,76,64,15,12,3,49,49,0,12,0,12
S01007706,Families with no dependent children,59,57,10,10,0,47,47,0,2,0,2
S01007706,Families with dependent children: Total,17,7,5,2,3,2,2,0,10,0,10
S01007706,Families with dependent children: Youngest aged 0 to 4,9,5,3,2,1,2,2,0,4,0,4
S01007706,Families with dependent children: Youngest aged 5 to 11,5,1,1,0,1,0,0,0,4,0,4
S01007706,Families with dependent children: Youngest aged 12 to 18,3,1,1,0,1,0,0,0,2,0,2
S01007707,All families in households,169,146,68,66,2,78,73,5,23,1,22
S01007707,Families with no dependent children,107,103,40,39,1,63,63,0,4,1,3
S01007707,Families with dependent children: Total,62,43,28,27,1,15,10,5,19,0,19
S01007707,Families with dependent children: Youngest aged 0 to 4,47,36,24,24,0,12,10,2,11,0,11
S01007707,Families with dependent children: Youngest aged 5 to 11,10,6,3,2,1,3,0,3,4,0,4
S01007707,Families with dependent children: Youngest aged 12 to 18,5,1,1,1,0,0,0,0,4,0,4
S01007708,All families in households,135,94,57,54,3,37,34,3,41,3,38
S01007708,Families with no dependent children,81,71,41,41,0,30,30,0,10,3,7
S01007708,Families with dependent children: Total,54,23,16,13,3,7,4,3,31,0,31
S01007708,Families with dependent children: Youngest aged 0 to 4,19,11,5,3,2,6,4,2,8,0,8
S01007708,Families with dependent children: Youngest aged 5 to 11,22,7,6,5,1,1,0,1,15,0,15
S01007708,Families with dependent children: Youngest aged 12 to 18,13,5,5,5,0,0,0,0,8,0,8
S01007709,All families in households,112,89,40,39,1,49,46,3,23,4,19
S01007709,Families with no dependent children,78,66,26,25,1,40,39,1,12,2,10
S01007709,Families with dependent children: Total,34,23,14,14,0,9,7,2,11,2,9
S01007709,Families with dependent children: Youngest aged 0 to 4,21,17,10,10,0,7,6,1,4,1,3
S01007709,Families with dependent children: Youngest aged 5 to 11,5,2,0,0,0,2,1,1,3,0,3
S01007709,Families with dependent children: Youngest aged 12 to 18,8,4,4,4,0,0,0,0,4,1,3
S01007710,All families in households,146,101,54,48,6,47,38,9,45,2,43
S01007710,Families with no dependent children,90,76,39,39,0,37,34,3,14,1,13
S01007710,Families with dependent children: Total,56,25,15,9,6,10,4,6,31,1,30
S01007710,Families with dependent children: Youngest aged 0 to 4,30,13,7,5,2,6,4,2,17,0,17
S01007710,Families with dependent children: Youngest aged 5 to 11,16,8,4,4,0,4,0,4,8,1,7
S01007710,Families with dependent children: Youngest aged 12 to 18,10,4,4,0,4,0,0,0,6,0,6
S01007711,All families in households,167,128,77,69,8,51,47,4,39,5,34
S01007711,Families with no dependent children,114,99,55,49,6,44,43,1,15,3,12
S01007711,Families with dependent children: Total,53,29,22,20,2,7,4,3,24,2,22
S01007711,Families with dependent children: Youngest aged 0 to 4,19,16,12,12,0,4,3,1,3,0,3
S01007711,Families with dependent children: Youngest aged 5 to 11,14,6,4,4,0,2,1,1,8,0,8
S01007711,Families with dependent children: Youngest aged 12 to 18,20,7,6,4,2,1,0,1,13,2,11
S01007712,All families in households,118,93,38,37,1,55,53,2,25,5,20
S01007712,Families with no dependent children,81,73,27,27,0,46,46,0,8,2,6
S01007712,Families with dependent children: Total,37,20,11,10,1,9,7,2,17,3,14
S01007712,Families with dependent children: Youngest aged 0 to 4,17,12,8,8,0,4,3,1,5,0,5
S01007712,Families with dependent children: Youngest aged 5 to 11,15,4,1,0,1,3,3,0,11,3,8
S01007712,Families with dependent children: Youngest aged 12 to 18,5,4,2,2,0,2,1,1,1,0,1
S01007713,All families in households,112,81,57,54,3,24,23,1,31,1,30
S01007713,Families with no dependent children,67,56,38,36,2,18,18,0,11,1,10
S01007713,Families with dependent children: Total,45,25,19,18,1,6,5,1,20,0,20
S01007713,Families with dependent children: Youngest aged 0 to 4,17,10,9,9,0,1,1,0,7,0,7
S01007713,Families with dependent children: Youngest aged 5 to 11,20,13,9,8,1,4,3,1,7,0,7
S01007713,Families with dependent children: Youngest aged 12 to 18,8,2,1,1,0,1,1,0,6,0,6
S01007714,All families in households,171,134,98,94,4,36,33,3,37,4,33
S01007714,Families with no dependent children,97,84,59,58,1,25,24,1,13,4,9
S01007714,Families with dependent children: Total,74,50,39,36,3,11,9,2,24,0,24
S01007714,Families with dependent children: Youngest aged 0 to 4,24,15,12,11,1,3,3,0,9,0,9
S01007714,Families with dependent children: Youngest aged 5 to 11,21,15,11,10,1,4,4,0,6,0,6
S01007714,Families with dependent children: Youngest aged 12 to 18,29,20,16,15,1,4,2,2,9,0,9
S01007715,All families in households,130,73,50,48,2,23,21,2,57,1,56
S01007715,Families with no dependent children,64,46,33,33,0,13,12,1,18,0,18
S01007715,Families with dependent children: Total,66,27,17,15,2,10,9,1,39,1,38
S01007715,Families with dependent children: Youngest aged 0 to 4,26,14,7,7,0,7,7,0,12,0,12
S01007715,Families with dependent children: Youngest aged 5 to 11,22,9,6,5,1,3,2,1,13,0,13
S01007715,Families with dependent children: Youngest aged 12 to 18,18,4,4,3,1,0,0,0,14,1,13
S01007716,All families in households,180,135,81,80,1,54,50,4,45,6,39
S01007716,Families with no dependent children,106,91,55,55,0,36,35,1,15,3,12
S01007716,Families with dependent children: Total,74,44,26,25,1,18,15,3,30,3,27
S01007716,Families with dependent children: Youngest aged 0 to 4,41,28,17,17,0,11,10,1,13,0,13
S01007716,Families with dependent children: Youngest aged 5 to 11,16,11,5,4,1,6,4,2,5,0,5
S01007716,Families with dependent children: Youngest aged 12 to 18,17,5,4,4,0,1,1,0,12,3,9
S01007717,All families in households,234,155,82,78,4,73,66,7,79,6,73
S01007717,Families with no dependent children,118,102,53,51,2,49,48,1,16,4,12
S01007717,Families with dependent children: Total,116,53,29,27,2,24,18,6,63,2,61
S01007717,Families with dependent children: Youngest aged 0 to 4,52,27,11,10,1,16,13,3,25,1,24
S01007717,Families with dependent children: Youngest aged 5 to 11,34,13,7,7,0,6,4,2,21,0,21
S01007717,Families with dependent children: Youngest aged 12 to 18,30,13,11,10,1,2,1,1,17,1,16
S01007718,All families in households,149,111,60,59,1,51,49,2,38,2,36
S01007718,Families with no dependent children,109,92,51,50,1,41,41,0,17,1,16
S01007718,Families with dependent children: Total,40,19,9,9,0,10,8,2,21,1,20
S01007718,Families with dependent children: Youngest aged 0 to 4,21,12,3,3,0,9,8,1,9,0,9
S01007718,Families with dependent children: Youngest aged 5 to 11,14,5,4,4,0,1,0,1,9,0,9
S01007718,Families with dependent children: Youngest aged 12 to 18,5,2,2,2,0,0,0,0,3,1,2
S01007719,All families in households,212,153,84,78,6,69,67,2,59,6,53
S01007719,Families with no dependent children,138,112,68,66,2,44,44,0,26,2,24
S01007719,Families with dependent children: Total,74,41,16,12,4,25,23,2,33,4,29
S01007719,Families with dependent children: Youngest aged 0 to 4,33,27,9,8,1,18,17,1,6,2,4
S01007719,Families with dependent children: Youngest aged 5 to 11,23,10,4,4,0,6,5,1,13,1,12
S01007719,Families with dependent children: Youngest aged 12 to 18,18,4,3,0,3,1,1,0,14,1,13
S01007720,All families in households,213,156,118,112,6,38,36,2,57,5,52
S01007720,Families with no dependent children,159,129,102,99,3,27,26,1,30,5,25
S01007720,Families with dependent children: Total,54,27,16,13,3,11,10,1,27,0,27
S01007720,Families with dependent children: Youngest aged 0 to 4,17,10,3,3,0,7,7,0,7,0,7
S01007720,Families with dependent children: Youngest aged 5 to 11,16,7,5,4,1,2,1,1,9,0,9
S01007720,Families with dependent children: Youngest aged 12 to 18,21,10,8,6,2,2,2,0,11,0,11
S01007721,All families in households,188,126,80,79,1,46,42,4,62,5,57
S01007721,Families with no dependent children,120,91,59,59,0,32,29,3,29,2,27
S01007721,Families with dependent children: Total,68,35,21,20,1,14,13,1,33,3,30
S01007721,Families with dependent children: Youngest aged 0 to 4,29,19,10,9,1,9,9,0,10,0,10
S01007721,Families with dependent children: Youngest aged 5 to 11,20,9,8,8,0,1,0,1,11,2,9
S01007721,Families with dependent children: Youngest aged 12 to 18,19,7,3,3,0,4,4,0,12,1,11
S01007722,All families in households,201,121,83,78,5,38,37,1,80,10,70
S01007722,Families with no dependent children,108,88,59,55,4,29,29,0,20,2,18
S01007722,Families with dependent children: Total,93,33,24,23,1,9,8,1,60,8,52
S01007722,Families with dependent children: Youngest aged 0 to 4,38,16,11,11,0,5,5,0,22,1,21
S01007722,Families with dependent children: Youngest aged 5 to 11,29,10,7,7,0,3,2,1,19,2,17
S01007722,Families with dependent children: Youngest aged 12 to 18,26,7,6,5,1,1,1,0,19,5,14
S01007723,All families in households,217,154,100,93,7,54,47,7,63,8,55
S01007723,Families with no dependent children,131,105,69,66,3,36,35,1,26,6,20
S01007723,Families with dependent children: Total,86,49,31,27,4,18,12,6,37,2,35
S01007723,Families with dependent children: Youngest aged 0 to 4,32,22,11,11,0,11,8,3,10,0,10
S01007723,Families with dependent children: Youngest aged 5 to 11,25,14,9,7,2,5,4,1,11,2,9
S01007723,Families with dependent children: Youngest aged 12 to 18,29,13,11,9,2,2,0,2,16,0,16
S01007724,All families in households,161,86,43,42,1,43,40,3,75,20,55
S01007724,Families with no dependent children,72,56,25,24,1,31,31,0,16,3,13
S01007724,Families with dependent children: Total,89,30,18,18,0,12,9,3,59,17,42
S01007724,Families with dependent children: Youngest aged 0 to 4,41,21,11,11,0,10,7,3,20,3,17
S01007724,Families with dependent children: Youngest aged 5 to 11,31,5,3,3,0,2,2,0,26,10,16
S01007724,Families with dependent children: Youngest aged 12 to 18,17,4,4,4,0,0,0,0,13,4,9
S01007725,All families in households,159,108,56,54,2,52,45,7,51,3,48
S01007725,Families with no dependent children,103,84,42,40,2,42,40,2,19,2,17
S01007725,Families with dependent children: Total,56,24,14,14,0,10,5,5,32,1,31
S01007725,Families with dependent children: Youngest aged 0 to 4,23,12,9,9,0,3,3,0,11,0,11
S01007725,Families with dependent children: Youngest aged 5 to 11,20,10,4,4,0,6,2,4,10,0,10
S01007725,Families with dependent children: Youngest aged 12 to 18,13,2,1,1,0,1,0,1,11,1,10
S01007726,All families in households,175,126,78,73,5,48,45,3,49,7,42
S01007726,Families with no dependent children,108,94,51,50,1,43,43,0,14,3,11
S01007726,Families with dependent children: Total,67,32,27,23,4,5,2,3,35,4,31
S01007726,Families with dependent children: Youngest aged 0 to 4,26,13,12,11,1,1,0,1,13,0,13
S01007726,Families with dependent children: Youngest aged 5 to 11,23,9,6,5,1,3,2,1,14,1,13
S01007726,Families with dependent children: Youngest aged 12 to 18,18,10,9,7,2,1,0,1,8,3,5
S01007727,All families in households,209,132,73,67,6,59,57,2,77,5,72
S01007727,Families with no dependent children,110,96,48,46,2,48,48,0,14,3,11
S01007727,Families with dependent children: Total,99,36,25,21,4,11,9,2,63,2,61
S01007727,Families with dependent children: Youngest aged 0 to 4,32,14,10,9,1,4,4,0,18,0,18
S01007727,Families with dependent children: Youngest aged 5 to 11,44,15,10,9,1,5,5,0,29,1,28
S01007727,Families with dependent children: Youngest aged 12 to 18,23,7,5,3,2,2,0,2,16,1,15
S01007728,All families in households,158,117,59,56,3,58,51,7,41,10,31
S01007728,Families with no dependent children,96,85,40,40,0,45,45,0,11,5,6
S01007728,Families with dependent children: Total,62,32,19,16,3,13,6,7,30,5,25
S01007728,Families with dependent children: Youngest aged 0 to 4,29,15,7,7,0,8,5,3,14,1,13
S01007728,Families with dependent children: Youngest aged 5 to 11,20,8,5,4,1,3,0,3,12,3,9
S01007728,Families with dependent children: Youngest aged 12 to 18,13,9,7,5,2,2,1,1,4,1,3
S01007729,All families in households,182,130,65,65,0,65,59,6,52,1,51
S01007729,Families with no dependent children,105,98,43,43,0,55,54,1,7,0,7
S01007729,Families with dependent children: Total,77,32,22,22,0,10,5,5,45,1,44
S01007729,Families with dependent children: Youngest aged 0 to 4,30,14,10,10,0,4,4,0,16,1,15
S01007729,Families with dependent children: Youngest aged 5 to 11,25,10,7,7,0,3,0,3,15,0,15
S01007729,Families with dependent children: Youngest aged 12 to 18,22,8,5,5,0,3,1,2,14,0,14
S01007730,All families in households,187,136,53,52,1,83,82,1,51,6,45
S01007730,Families with no dependent children,116,105,38,37,1,67,67,0,11,4,7
S01007730,Families with dependent children: Total,71,31,15,15,0,16,15,1,40,2,38
S01007730,Families with dependent children: Youngest aged 0 to 4,44,22,9,9,0,13,13,0,22,0,22
S01007730,Families with dependent children: Youngest aged 5 to 11,20,7,5,5,0,2,2,0,13,1,12
S01007730,Families with dependent children: Youngest aged 12 to 18,7,2,1,1,0,1,0,1,5,1,4
S01007731,All families in households,178,129,74,68,6,55,49,6,49,5,44
S01007731,Families with no dependent children,99,87,46,44,2,41,40,1,12,1,11
S01007731,Families with dependent children: Total,79,42,28,24,4,14,9,5,37,4,33
S01007731,Families with dependent children: Youngest aged 0 to 4,26,21,14,12,2,7,5,2,5,0,5
S01007731,Families with dependent children: Youngest aged 5 to 11,32,17,12,10,2,5,3,2,15,1,14
S01007731,Families with dependent children: Youngest aged 12 to 18,21,4,2,2,0,2,1,1,17,3,14
S01007732,All families in households,148,109,58,55,3,51,50,1,39,6,33
S01007732,Families with no dependent children,92,81,38,36,2,43,43,0,11,2,9
S01007732,Families with dependent children: Total,56,28,20,19,1,8,7,1,28,4,24
S01007732,Families with dependent children: Youngest aged 0 to 4,35,20,13,12,1,7,6,1,15,1,14
S01007732,Families with dependent children: Youngest aged 5 to 11,14,6,5,5,0,1,1,0,8,2,6
S01007732,Families with dependent children: Youngest aged 12 to 18,7,2,2,2,0,0,0,0,5,1,4
S01007733,All families in households,247,222,177,169,8,45,40,5,25,3,22
S01007733,Families with no dependent children,142,133,108,105,3,25,25,0,9,1,8
S01007733,Families with dependent children: Total,105,89,69,64,5,20,15,5,16,2,14
S01007733,Families with dependent children: Youngest aged 0 to 4,47,39,28,27,1,11,8,3,8,1,7
S01007733,Families with dependent children: Youngest aged 5 to 11,32,28,22,18,4,6,6,0,4,1,3
S01007733,Families with dependent children: Youngest aged 12 to 18,26,22,19,19,0,3,1,2,4,0,4
S01007734,All families in households,259,230,201,192,9,29,24,5,29,5,24
S01007734,Families with no dependent children,188,174,155,150,5,19,17,2,14,3,11
S01007734,Families with dependent children: Total,71,56,46,42,4,10,7,3,15,2,13
S01007734,Families with dependent children: Youngest aged 0 to 4,18,13,9,8,1,4,4,0,5,0,5
S01007734,Families with dependent children: Youngest aged 5 to 11,19,15,12,11,1,3,3,0,4,0,4
S01007734,Families with dependent children: Youngest aged 12 to 18,34,28,25,23,2,3,0,3,6,2,4
S01007735,All families in households,265,233,196,191,5,37,34,3,32,6,26
S01007735,Families with no dependent children,181,171,140,139,1,31,29,2,10,1,9
S01007735,Families with dependent children: Total,84,62,56,52,4,6,5,1,22,5,17
S01007735,Families with dependent children: Youngest aged 0 to 4,20,18,16,14,2,2,2,0,2,0,2
S01007735,Families with dependent children: Youngest aged 5 to 11,30,19,18,18,0,1,1,0,11,3,8
S01007735,Families with dependent children: Youngest aged 12 to 18,34,25,22,20,2,3,2,1,9,2,7
S01007736,All families in households,217,193,152,145,7,41,34,7,24,2,22
S01007736,Families with no dependent children,141,134,107,104,3,27,25,2,7,2,5
S01007736,Families with dependent children: Total,76,59,45,41,4,14,9,5,17,0,17
S01007736,Families with dependent children: Youngest aged 0 to 4,25,24,18,18,0,6,5,1,1,0,1
S01007736,Families with dependent children: Youngest aged 5 to 11,22,16,12,11,1,4,1,3,6,0,6
S01007736,Families with dependent children: Youngest aged 12 to 18,29,19,15,12,3,4,3,1,10,0,10
S01007737,All families in households,297,220,175,166,9,45,39,6,77,2,75
S01007737,Families with no dependent children,180,159,124,117,7,35,33,2,21,1,20
S01007737,Families with dependent children: Total,117,61,51,49,2,10,6,4,56,1,55
S01007737,Families with dependent children: Youngest aged 0 to 4,54,34,30,29,1,4,2,2,20,0,20
S01007737,Families with dependent children: Youngest aged 5 to 11,25,13,10,10,0,3,2,1,12,0,12
S01007737,Families with dependent children: Youngest aged 12 to 18,38,14,11,10,1,3,2,1,24,1,23
S01007738,All families in households,230,191,156,151,5,35,29,6,39,4,35
S01007738,Families with no dependent children,155,140,122,121,1,18,17,1,15,3,12
S01007738,Families with dependent children: Total,75,51,34,30,4,17,12,5,24,1,23
S01007738,Families with dependent children: Youngest aged 0 to 4,28,23,14,12,2,9,6,3,5,0,5
S01007738,Families with dependent children: Youngest aged 5 to 11,19,14,10,10,0,4,4,0,5,1,4
S01007738,Families with dependent children: Youngest aged 12 to 18,28,14,10,8,2,4,2,2,14,0,14
S01007739,All families in households,164,135,102,100,2,33,30,3,29,3,26
S01007739,Families with no dependent children,121,109,83,82,1,26,25,1,12,3,9
S01007739,Families with dependent children: Total,43,26,19,18,1,7,5,2,17,0,17
S01007739,Families with dependent children: Youngest aged 0 to 4,12,9,3,3,0,6,5,1,3,0,3
S01007739,Families with dependent children: Youngest aged 5 to 11,14,7,7,7,0,0,0,0,7,0,7
S01007739,Families with dependent children: Youngest aged 12 to 18,17,10,9,8,1,1,0,1,7,0,7
S01007740,All families in households,162,129,106,98,8,23,19,4,33,4,29
S01007740,Families with no dependent children,106,92,76,74,2,16,15,1,14,3,11
S01007740,Families with dependent children: Total,56,37,30,24,6,7,4,3,19,1,18
S01007740,Families with dependent children: Youngest aged 0 to 4,19,13,10,8,2,3,3,0,6,0,6
S01007740,Families with dependent children: Youngest aged 5 to 11,19,11,10,9,1,1,1,0,8,0,8
S01007740,Families with dependent children: Youngest aged 12 to 18,18,13,10,7,3,3,0,3,5,1,4
S01007741,All families in households,187,150,121,117,4,29,22,7,37,7,30
S01007741,Families with no dependent children,120,106,91,89,2,15,11,4,14,7,7
S01007741,Families with dependent children: Total,67,44,30,28,2,14,11,3,23,0,23
S01007741,Families with dependent children: Youngest aged 0 to 4,26,20,11,11,0,9,8,1,6,0,6
S01007741,Families with dependent children: Youngest aged 5 to 11,26,17,13,11,2,4,2,2,9,0,9
S01007741,Families with dependent children: Youngest aged 12 to 18,15,7,6,6,0,1,1,0,8,0,8
S01007742,All families in households,182,129,102,100,2,27,26,1,53,3,50
S01007742,Families with no dependent children,118,95,83,83,0,12,11,1,23,2,21
S01007742,Families with dependent children: Total,64,34,19,17,2,15,15,0,30,1,29
S01007742,Families with dependent children: Youngest aged 0 to 4,29,14,8,8,0,6,6,0,15,0,15
S01007742,Families with dependent children: Youngest aged 5 to 11,12,8,4,2,2,4,4,0,4,1,3
S01007742,Families with dependent children: Youngest aged 12 to 18,23,12,7,7,0,5,5,0,11,0,11
S01007743,All families in households,249,162,117,112,5,45,33,12,87,14,73
S01007743,Families with no dependent children,128,101,80,77,3,21,17,4,27,8,19
S01007743,Families with dependent children: Total,121,61,37,35,2,24,16,8,60,6,54
S01007743,Families with dependent children: Youngest aged 0 to 4,56,30,16,15,1,14,13,1,26,0,26
S01007743,Families with dependent children: Youngest aged 5 to 11,35,13,10,10,0,3,1,2,22,2,20
S01007743,Families with dependent children: Youngest aged 12 to 18,30,18,11,10,1,7,2,5,12,4,8
S01007744,All families in households,202,112,89,85,4,23,19,4,90,3,87
S01007744,Families with no dependent children,101,79,68,66,2,11,11,0,22,1,21
S01007744,Families with dependent children: Total,101,33,21,19,2,12,8,4,68,2,66
S01007744,Families with dependent children: Youngest aged 0 to 4,41,9,5,4,1,4,4,0,32,0,32
S01007744,Families with dependent children: Youngest aged 5 to 11,35,12,6,6,0,6,4,2,23,1,22
S01007744,Families with dependent children: Youngest aged 12 to 18,25,12,10,9,1,2,0,2,13,1,12
S01007745,All families in households,170,105,68,63,5,37,30,7,65,7,58
S01007745,Families with no dependent children,94,66,46,44,2,20,18,2,28,6,22
S01007745,Families with dependent children: Total,76,39,22,19,3,17,12,5,37,1,36
S01007745,Families with dependent children: Youngest aged 0 to 4,32,12,7,6,1,5,5,0,20,0,20
S01007745,Families with dependent children: Youngest aged 5 to 11,29,18,9,8,1,9,6,3,11,0,11
S01007745,Families with dependent children: Youngest aged 12 to 18,15,9,6,5,1,3,1,2,6,1,5
S01007746,All families in households,277,190,132,128,4,58,48,10,87,10,77
S01007746,Families with no dependent children,152,129,99,97,2,30,29,1,23,6,17
S01007746,Families with dependent children: Total,125,61,33,31,2,28,19,9,64,4,60
S01007746,Families with dependent children: Youngest aged 0 to 4,52,22,9,9,0,13,10,3,30,1,29
S01007746,Families with dependent children: Youngest aged 5 to 11,45,22,11,9,2,11,8,3,23,2,21
S01007746,Families with dependent children: Youngest aged 12 to 18,28,17,13,13,0,4,1,3,11,1,10
S01007747,All families in households,161,100,76,72,4,24,20,4,61,9,52
S01007747,Families with no dependent children,85,63,51,49,2,12,12,0,22,4,18
S01007747,Families with dependent children: Total,76,37,25,23,2,12,8,4,39,5,34
S01007747,Families with dependent children: Youngest aged 0 to 4,29,17,12,11,1,5,4,1,12,0,12
S01007747,Families with dependent children: Youngest aged 5 to 11,22,4,3,2,1,1,0,1,18,2,16
S01007747,Families with dependent children: Youngest aged 12 to 18,25,16,10,10,0,6,4,2,9,3,6
S01007748,All families in households,198,101,65,62,3,36,29,7,97,11,86
S01007748,Families with no dependent children,85,61,45,42,3,16,13,3,24,4,20
S01007748,Families with dependent children: Total,113,40,20,20,0,20,16,4,73,7,66
S01007748,Families with dependent children: Youngest aged 0 to 4,50,20,8,8,0,12,10,2,30,2,28
S01007748,Families with dependent children: Youngest aged 5 to 11,39,11,6,6,0,5,4,1,28,3,25
S01007748,Families with dependent children: Youngest aged 12 to 18,24,9,6,6,0,3,2,1,15,2,13
S01007749,All families in households,229,205,185,177,8,20,16,4,24,3,21
S01007749,Families with no dependent children,150,145,133,130,3,12,10,2,5,1,4
S01007749,Families with dependent children: Total,79,60,52,47,5,8,6,2,19,2,17
S01007749,Families with dependent children: Youngest aged 0 to 4,25,19,13,13,0,6,6,0,6,0,6
S01007749,Families with dependent children: Youngest aged 5 to 11,23,19,18,16,2,1,0,1,4,1,3
S01007749,Families with dependent children: Youngest aged 12 to 18,31,22,21,18,3,1,0,1,9,1,8
S01007750,All families in households,254,229,210,207,3,19,14,5,25,3,22
S01007750,Families with no dependent children,190,182,167,166,1,15,12,3,8,1,7
S01007750,Families with dependent children: Total,64,47,43,41,2,4,2,2,17,2,15
S01007750,Families with dependent children: Youngest aged 0 to 4,23,18,16,15,1,2,2,0,5,0,5
S01007750,Families with dependent children: Youngest aged 5 to 11,17,11,11,11,0,0,0,0,6,1,5
S01007750,Families with dependent children: Youngest aged 12 to 18,24,18,16,15,1,2,0,2,6,1,5
S01007751,All families in households,222,205,191,185,6,14,12,2,17,3,14
S01007751,Families with no dependent children,162,152,141,141,0,11,10,1,10,3,7
S01007751,Families with dependent children: Total,60,53,50,44,6,3,2,1,7,0,7
S01007751,Families with dependent children: Youngest aged 0 to 4,26,20,18,16,2,2,1,1,6,0,6
S01007751,Families with dependent children: Youngest aged 5 to 11,20,20,19,18,1,1,1,0,0,0,0
S01007751,Families with dependent children: Youngest aged 12 to 18,14,13,13,10,3,0,0,0,1,0,1
S01007752,All families in households,202,181,160,152,8,21,20,1,21,2,19
S01007752,Families with no dependent children,144,132,117,115,2,15,15,0,12,2,10
S01007752,Families with dependent children: Total,58,49,43,37,6,6,5,1,9,0,9
S01007752,Families with dependent children: Youngest aged 0 to 4,21,19,16,14,2,3,3,0,2,0,2
S01007752,Families with dependent children: Youngest aged 5 to 11,19,17,15,14,1,2,2,0,2,0,2
S01007752,Families with dependent children: Youngest aged 12 to 18,18,13,12,9,3,1,0,1,5,0,5
S01007753,All families in households,167,110,71,68,3,39,31,8,57,11,46
S01007753,Families with no dependent children,83,69,49,48,1,20,17,3,14,1,13
S01007753,Families with dependent children: Total,84,41,22,20,2,19,14,5,43,10,33
S01007753,Families with dependent children: Youngest aged 0 to 4,36,16,5,4,1,11,8,3,20,3,17
S01007753,Families with dependent children: Youngest aged 5 to 11,23,11,10,9,1,1,1,0,12,3,9
S01007753,Families with dependent children: Youngest aged 12 to 18,25,14,7,7,0,7,5,2,11,4,7
S01007754,All families in households,260,157,106,101,5,51,40,11,103,16,87
S01007754,Families with no dependent children,135,99,76,74,2,23,19,4,36,7,29
S01007754,Families with dependent children: Total,125,58,30,27,3,28,21,7,67,9,58
S01007754,Families with dependent children: Youngest aged 0 to 4,55,27,11,10,1,16,14,2,28,1,27
S01007754,Families with dependent children: Youngest aged 5 to 11,27,14,6,5,1,8,4,4,13,2,11
S01007754,Families with dependent children: Youngest aged 12 to 18,43,17,13,12,1,4,3,1,26,6,20
S01007755,All families in households,261,158,115,110,5,43,34,9,103,7,96
S01007755,Families with no dependent children,127,107,87,85,2,20,18,2,20,1,19
S01007755,Families with dependent children: Total,134,51,28,25,3,23,16,7,83,6,77
S01007755,Families with dependent children: Youngest aged 0 to 4,72,27,12,10,2,15,11,4,45,3,42
S01007755,Families with dependent children: Youngest aged 5 to 11,33,11,7,6,1,4,3,1,22,2,20
S01007755,Families with dependent children: Youngest aged 12 to 18,29,13,9,9,0,4,2,2,16,1,15
S01007756,All families in households,183,109,89,79,10,20,16,4,74,5,69
S01007756,Families with no dependent children,93,75,63,61,2,12,10,2,18,2,16
S01007756,Families with dependent children: Total,90,34,26,18,8,8,6,2,56,3,53
S01007756,Families with dependent children: Youngest aged 0 to 4,40,15,10,8,2,5,5,0,25,2,23
S01007756,Families with dependent children: Youngest aged 5 to 11,28,11,10,7,3,1,1,0,17,0,17
S01007756,Families with dependent children: Youngest aged 12 to 18,22,8,6,3,3,2,0,2,14,1,13
S01007757,All families in households,272,253,225,221,4,28,18,10,19,4,15
S01007757,Families with no dependent children,185,173,161,159,2,12,11,1,12,3,9
S01007757,Families with dependent children: Total,87,80,64,62,2,16,7,9,7,1,6
S01007757,Families with dependent children: Youngest aged 0 to 4,17,15,10,10,0,5,3,2,2,0,2
S01007757,Families with dependent children: Youngest aged 5 to 11,34,32,26,24,2,6,2,4,2,0,2
S01007757,Families with dependent children: Youngest aged 12 to 18,36,33,28,28,0,5,2,3,3,1,2
S01007758,All families in households,267,243,218,213,5,25,22,3,24,9,15
S01007758,Families with no dependent children,197,184,167,164,3,17,16,1,13,6,7
S01007758,Families with dependent children: Total,70,59,51,49,2,8,6,2,11,3,8
S01007758,Families with dependent children: Youngest aged 0 to 4,13,11,8,8,0,3,3,0,2,1,1
S01007758,Families with dependent children: Youngest aged 5 to 11,31,26,23,21,2,3,2,1,5,1,4
S01007758,Families with dependent children: Youngest aged 12 to 18,26,22,20,20,0,2,1,1,4,1,3
S01007759,All families in households,234,177,114,109,5,63,59,4,57,2,55
S01007759,Families with no dependent children,163,148,96,95,1,52,51,1,15,0,15
S01007759,Families with dependent children: Total,71,29,18,14,4,11,8,3,42,2,40
S01007759,Families with dependent children: Youngest aged 0 to 4,20,8,2,2,0,6,5,1,12,0,12
S01007759,Families with dependent children: Youngest aged 5 to 11,30,13,9,9,0,4,3,1,17,0,17
S01007759,Families with dependent children: Youngest aged 12 to 18,21,8,7,3,4,1,0,1,13,2,11
S01007760,All families in households,188,167,148,145,3,19,15,4,21,5,16
S01007760,Families with no dependent children,130,122,108,108,0,14,12,2,8,1,7
S01007760,Families with dependent children: Total,58,45,40,37,3,5,3,2,13,4,9
S01007760,Families with dependent children: Youngest aged 0 to 4,21,17,14,13,1,3,1,2,4,0,4
S01007760,Families with dependent children: Youngest aged 5 to 11,19,17,15,14,1,2,2,0,2,0,2
S01007760,Families with dependent children: Youngest aged 12 to 18,18,11,11,10,1,0,0,0,7,4,3
S01007761,All families in households,270,237,205,199,6,32,29,3,33,7,26
S01007761,Families with no dependent children,183,171,149,146,3,22,21,1,12,3,9
S01007761,Families with dependent children: Total,87,66,56,53,3,10,8,2,21,4,17
S01007761,Families with dependent children: Youngest aged 0 to 4,28,26,20,19,1,6,6,0,2,0,2
S01007761,Families with dependent children: Youngest aged 5 to 11,28,19,19,17,2,0,0,0,9,3,6
S01007761,Families with dependent children: Youngest aged 12 to 18,31,21,17,17,0,4,2,2,10,1,9
S01007762,All families in households,185,150,114,107,7,36,35,1,35,4,31
S01007762,Families with no dependent children,124,115,84,80,4,31,31,0,9,2,7
S01007762,Families with dependent children: Total,61,35,30,27,3,5,4,1,26,2,24
S01007762,Families with dependent children: Youngest aged 0 to 4,19,14,10,10,0,4,3,1,5,0,5
S01007762,Families with dependent children: Youngest aged 5 to 11,18,8,7,5,2,1,1,0,10,2,8
S01007762,Families with dependent children: Youngest aged 12 to 18,24,13,13,12,1,0,0,0,11,0,11
S01007763,All families in households,136,112,90,87,3,22,16,6,24,4,20
S01007763,Families with no dependent children,93,84,76,75,1,8,7,1,9,4,5
S01007763,Families with dependent children: Total,43,28,14,12,2,14,9,5,15,0,15
S01007763,Families with dependent children: Youngest aged 0 to 4,23,13,4,4,0,9,8,1,10,0,10
S01007763,Families with dependent children: Youngest aged 5 to 11,11,10,7,5,2,3,1,2,1,0,1
S01007763,Families with dependent children: Youngest aged 12 to 18,9,5,3,3,0,2,0,2,4,0,4
S01007764,All families in households,242,204,183,176,7,21,17,4,38,5,33
S01007764,Families with no dependent children,147,132,118,114,4,14,12,2,15,4,11
S01007764,Families with dependent children: Total,95,72,65,62,3,7,5,2,23,1,22
S01007764,Families with dependent children: Youngest aged 0 to 4,21,18,17,17,0,1,1,0,3,0,3
S01007764,Families with dependent children: Youngest aged 5 to 11,34,26,21,20,1,5,3,2,8,0,8
S01007764,Families with dependent children: Youngest aged 12 to 18,40,28,27,25,2,1,1,0,12,1,11
S01007765,All families in households,222,196,179,178,1,17,13,4,26,1,25
S01007765,Families with no dependent children,146,134,126,125,1,8,8,0,12,0,12
S01007765,Families with dependent children: Total,76,62,53,53,0,9,5,4,14,1,13
S01007765,Families with dependent children: Youngest aged 0 to 4,28,25,21,21,0,4,3,1,3,0,3
S01007765,Families with dependent children: Youngest aged 5 to 11,25,19,18,18,0,1,0,1,6,0,6
S01007765,Families with dependent children: Youngest aged 12 to 18,23,18,14,14,0,4,2,2,5,1,4
S01007766,All families in households,287,261,242,236,6,19,13,6,26,4,22
S01007766,Families with no dependent children,189,181,167,166,1,14,10,4,8,3,5
S01007766,Families with dependent children: Total,98,80,75,70,5,5,3,2,18,1,17
S01007766,Families with dependent children: Youngest aged 0 to 4,30,25,24,22,2,1,1,0,5,0,5
S01007766,Families with dependent children: Youngest aged 5 to 11,31,26,23,23,0,3,2,1,5,0,5
S01007766,Families with dependent children: Youngest aged 12 to 18,37,29,28,25,3,1,0,1,8,1,7
S01007767,All families in households,284,251,228,223,5,23,20,3,33,5,28
S01007767,Families with no dependent children,199,179,161,159,2,18,17,1,20,4,16
S01007767,Families with dependent children: Total,85,72,67,64,3,5,3,2,13,1,12
S01007767,Families with dependent children: Youngest aged 0 to 4,17,14,13,13,0,1,1,0,3,0,3
S01007767,Families with dependent children: Youngest aged 5 to 11,31,28,25,24,1,3,2,1,3,0,3
S01007767,Families with dependent children: Youngest aged 12 to 18,37,30,29,27,2,1,0,1,7,1,6
S01007768,All families in households,176,148,112,104,8,36,33,3,28,1,27
S01007768,Families with no dependent children,118,106,79,78,1,27,27,0,12,1,11
S01007768,Families with dependent children: Total,58,42,33,26,7,9,6,3,16,0,16
S01007768,Families with dependent children: Youngest aged 0 to 4,18,15,10,9,1,5,4,1,3,0,3
S01007768,Families with dependent children: Youngest aged 5 to 11,19,13,10,8,2,3,2,1,6,0,6
S01007768,Families with dependent children: Youngest aged 12 to 18,21,14,13,9,4,1,0,1,7,0,7
S01007769,All families in households,230,208,191,189,2,17,16,1,22,2,20
S01007769,Families with no dependent children,166,157,149,148,1,8,8,0,9,2,7
S01007769,Families with dependent children: Total,64,51,42,41,1,9,8,1,13,0,13
S01007769,Families with dependent children: Youngest aged 0 to 4,19,17,11,11,0,6,5,1,2,0,2
S01007769,Families with dependent children: Youngest aged 5 to 11,21,12,10,10,0,2,2,0,9,0,9
S01007769,Families with dependent children: Youngest aged 12 to 18,24,22,21,20,1,1,1,0,2,0,2
S01007770,All families in households,252,209,184,181,3,25,19,6,43,3,40
S01007770,Families with no dependent children,168,152,139,138,1,13,12,1,16,1,15
S01007770,Families with dependent children: Total,84,57,45,43,2,12,7,5,27,2,25
S01007770,Families with dependent children: Youngest aged 0 to 4,27,17,11,11,0,6,4,2,10,0,10
S01007770,Families with dependent children: Youngest aged 5 to 11,28,21,18,17,1,3,1,2,7,0,7
S01007770,Families with dependent children: Youngest aged 12 to 18,29,19,16,15,1,3,2,1,10,2,8
S01007771,All families in households,180,158,149,147,2,9,7,2,22,3,19
S01007771,Families with no dependent children,126,115,110,110,0,5,5,0,11,1,10
S01007771,Families with dependent children: Total,54,43,39,37,2,4,2,2,11,2,9
S01007771,Families with dependent children: Youngest aged 0 to 4,20,17,15,15,0,2,2,0,3,0,3
S01007771,Families with dependent children: Youngest aged 5 to 11,17,15,14,13,1,1,0,1,2,0,2
S01007771,Families with dependent children: Youngest aged 12 to 18,17,11,10,9,1,1,0,1,6,2,4
S01007772,All families in households,265,198,154,151,3,44,32,12,67,11,56
S01007772,Families with no dependent children,171,142,118,116,2,24,22,2,29,6,23
S01007772,Families with dependent children: Total,94,56,36,35,1,20,10,10,38,5,33
S01007772,Families with dependent children: Youngest aged 0 to 4,41,28,18,18,0,10,8,2,13,2,11
S01007772,Families with dependent children: Youngest aged 5 to 11,32,20,13,13,0,7,1,6,12,2,10
S01007772,Families with dependent children: Youngest aged 12 to 18,21,8,5,4,1,3,1,2,13,1,12
S01007773,All families in households,256,233,215,208,7,18,16,2,23,1,22
S01007773,Families with no dependent children,182,171,158,156,2,13,11,2,11,1,10
S01007773,Families with dependent children: Total,74,62,57,52,5,5,5,0,12,0,12
S01007773,Families with dependent children: Youngest aged 0 to 4,20,17,15,13,2,2,2,0,3,0,3
S01007773,Families with dependent children: Youngest aged 5 to 11,27,20,18,18,0,2,2,0,7,0,7
S01007773,Families with dependent children: Youngest aged 12 to 18,27,25,24,21,3,1,1,0,2,0,2
S01007774,All families in households,304,265,207,189,18,58,42,16,39,5,34
S01007774,Families with no dependent children,117,112,83,79,4,29,25,4,5,1,4
S01007774,Families with dependent children: Total,187,153,124,110,14,29,17,12,34,4,30
S01007774,Families with dependent children: Youngest aged 0 to 4,76,69,55,50,5,14,12,2,7,1,6
S01007774,Families with dependent children: Youngest aged 5 to 11,71,58,49,45,4,9,3,6,13,1,12
S01007774,Families with dependent children: Youngest aged 12 to 18,40,26,20,15,5,6,2,4,14,2,12
S01007775,All families in households,251,222,188,181,7,34,29,5,29,5,24
S01007775,Families with no dependent children,129,122,98,97,1,24,24,0,7,1,6
S01007775,Families with dependent children: Total,122,100,90,84,6,10,5,5,22,4,18
S01007775,Families with dependent children: Youngest aged 0 to 4,46,39,34,32,2,5,5,0,7,1,6
S01007775,Families with dependent children: Youngest aged 5 to 11,35,28,27,24,3,1,0,1,7,2,5
S01007775,Families with dependent children: Youngest aged 12 to 18,41,33,29,28,1,4,0,4,8,1,7
S01007776,All families in households,214,188,164,162,2,24,16,8,26,5,21
S01007776,Families with no dependent children,100,94,80,80,0,14,11,3,6,2,4
S01007776,Families with dependent children: Total,114,94,84,82,2,10,5,5,20,3,17
S01007776,Families with dependent children: Youngest aged 0 to 4,34,28,24,24,0,4,3,1,6,1,5
S01007776,Families with dependent children: Youngest aged 5 to 11,34,28,26,25,1,2,0,2,6,0,6
S01007776,Families with dependent children: Youngest aged 12 to 18,46,38,34,33,1,4,2,2,8,2,6
S01007777,All families in households,281,253,204,183,21,49,39,10,28,6,22
S01007777,Families with no dependent children,86,84,58,49,9,26,20,6,2,0,2
S01007777,Families with dependent children: Total,195,169,146,134,12,23,19,4,26,6,20
S01007777,Families with dependent children: Youngest aged 0 to 4,63,59,45,44,1,14,12,2,4,2,2
S01007777,Families with dependent children: Youngest aged 5 to 11,71,64,59,52,7,5,5,0,7,0,7
S01007777,Families with dependent children: Youngest aged 12 to 18,61,46,42,38,4,4,2,2,15,4,11
S01007778,All families in households,137,132,110,103,7,22,19,3,5,1,4
S01007778,Families with no dependent children,61,58,47,46,1,11,10,1,3,1,2
S01007778,Families with dependent children: Total,76,74,63,57,6,11,9,2,2,0,2
S01007778,Families with dependent children: Youngest aged 0 to 4,41,40,35,35,0,5,5,0,1,0,1
S01007778,Families with dependent children: Youngest aged 5 to 11,19,19,15,11,4,4,4,0,0,0,0
S01007778,Families with dependent children: Youngest aged 12 to 18,16,15,13,11,2,2,0,2,1,0,1
S01007779,All families in households,234,201,167,165,2,34,30,4,33,4,29
S01007779,Families with no dependent children,163,148,128,126,2,20,19,1,15,3,12
S01007779,Families with dependent children: Total,71,53,39,39,0,14,11,3,18,1,17
S01007779,Families with dependent children: Youngest aged 0 to 4,24,16,9,9,0,7,7,0,8,0,8
S01007779,Families with dependent children: Youngest aged 5 to 11,26,19,15,15,0,4,2,2,7,1,6
S01007779,Families with dependent children: Youngest aged 12 to 18,21,18,15,15,0,3,2,1,3,0,3
S01007780,All families in households,246,217,164,158,6,53,44,9,29,1,28
S01007780,Families with no dependent children,135,130,103,100,3,27,26,1,5,1,4
S01007780,Families with dependent children: Total,111,87,61,58,3,26,18,8,24,0,24
S01007780,Families with dependent children: Youngest aged 0 to 4,37,27,15,14,1,12,10,2,10,0,10
S01007780,Families with dependent children: Youngest aged 5 to 11,32,28,19,18,1,9,6,3,4,0,4
S01007780,Families with dependent children: Youngest aged 12 to 18,42,32,27,26,1,5,2,3,10,0,10
S01007781,All families in households,293,244,181,175,6,63,53,10,49,6,43
S01007781,Families with no dependent children,168,153,117,114,3,36,33,3,15,3,12
S01007781,Families with dependent children: Total,125,91,64,61,3,27,20,7,34,3,31
S01007781,Families with dependent children: Youngest aged 0 to 4,50,37,23,23,0,14,13,1,13,2,11
S01007781,Families with dependent children: Youngest aged 5 to 11,36,26,18,17,1,8,5,3,10,1,9
S01007781,Families with dependent children: Youngest aged 12 to 18,39,28,23,21,2,5,2,3,11,0,11
S01007782,All families in households,126,87,63,57,6,24,20,4,39,6,33
S01007782,Families with no dependent children,56,49,37,35,2,12,12,0,7,2,5
S01007782,Families with dependent children: Total,70,38,26,22,4,12,8,4,32,4,28
S01007782,Families with dependent children: Youngest aged 0 to 4,36,20,12,9,3,8,8,0,16,3,13
S01007782,Families with dependent children: Youngest aged 5 to 11,18,9,6,5,1,3,0,3,9,1,8
S01007782,Families with dependent children: Youngest aged 12 to 18,16,9,8,8,0,1,0,1,7,0,7
S01007783,All families in households,247,143,113,107,6,30,20,10,104,22,82
S01007783,Families with no dependent children,146,112,101,97,4,11,10,1,34,15,19
S01007783,Families with dependent children: Total,101,31,12,10,2,19,10,9,70,7,63
S01007783,Families with dependent children: Youngest aged 0 to 4,44,13,3,3,0,10,7,3,31,0,31
S01007783,Families with dependent children: Youngest aged 5 to 11,31,12,6,4,2,6,2,4,19,6,13
S01007783,Families with dependent children: Youngest aged 12 to 18,26,6,3,3,0,3,1,2,20,1,19
S01007784,All families in households,211,157,108,101,7,49,41,8,54,9,45
S01007784,Families with no dependent children,89,77,56,53,3,21,19,2,12,6,6
S01007784,Families with dependent children: Total,122,80,52,48,4,28,22,6,42,3,39
S01007784,Families with dependent children: Youngest aged 0 to 4,38,26,12,11,1,14,13,1,12,1,11
S01007784,Families with dependent children: Youngest aged 5 to 11,51,32,20,19,1,12,8,4,19,1,18
S01007784,Families with dependent children: Youngest aged 12 to 18,33,22,20,18,2,2,1,1,11,1,10
S01007785,All families in households,176,72,48,45,3,24,18,6,104,10,94
S01007785,Families with no dependent children,64,45,37,36,1,8,6,2,19,2,17
S01007785,Families with dependent children: Total,112,27,11,9,2,16,12,4,85,8,77
S01007785,Families with dependent children: Youngest aged 0 to 4,50,11,2,1,1,9,8,1,39,2,37
S01007785,Families with dependent children: Youngest aged 5 to 11,35,6,3,2,1,3,2,1,29,4,25
S01007785,Families with dependent children: Youngest aged 12 to 18,27,10,6,6,0,4,2,2,17,2,15
S01007786,All families in households,240,160,134,125,9,26,16,10,80,9,71
S01007786,Families with no dependent children,147,116,101,99,2,15,12,3,31,7,24
S01007786,Families with dependent children: Total,93,44,33,26,7,11,4,7,49,2,47
S01007786,Families with dependent children: Youngest aged 0 to 4,36,17,11,8,3,6,3,3,19,2,17
S01007786,Families with dependent children: Youngest aged 5 to 11,30,11,10,6,4,1,0,1,19,0,19
S01007786,Families with dependent children: Youngest aged 12 to 18,27,16,12,12,0,4,1,3,11,0,11
S01007787,All families in households,212,144,115,103,12,29,25,4,68,7,61
S01007787,Families with no dependent children,119,100,83,78,5,17,15,2,19,2,17
S01007787,Families with dependent children: Total,93,44,32,25,7,12,10,2,49,5,44
S01007787,Families with dependent children: Youngest aged 0 to 4,40,16,8,6,2,8,7,1,24,3,21
S01007787,Families with dependent children: Youngest aged 5 to 11,27,11,10,9,1,1,1,0,16,1,15
S01007787,Families with dependent children: Youngest aged 12 to 18,26,17,14,10,4,3,2,1,9,1,8
S01007788,All families in households,196,90,57,51,6,33,23,10,106,8,98
S01007788,Families with no dependent children,62,39,31,31,0,8,8,0,23,2,21
S01007788,Families with dependent children: Total,134,51,26,20,6,25,15,10,83,6,77
S01007788,Families with dependent children: Youngest aged 0 to 4,61,24,9,6,3,15,9,6,37,1,36
S01007788,Families with dependent children: Youngest aged 5 to 11,45,16,10,9,1,6,3,3,29,4,25
S01007788,Families with dependent children: Youngest aged 12 to 18,28,11,7,5,2,4,3,1,17,1,16
S01007789,All families in households,178,94,72,64,8,22,7,15,84,17,67
S01007789,Families with no dependent children,69,49,43,42,1,6,4,2,20,4,16
S01007789,Families with dependent children: Total,109,45,29,22,7,16,3,13,64,13,51
S01007789,Families with dependent children: Youngest aged 0 to 4,35,19,8,8,0,11,3,8,16,0,16
S01007789,Families with dependent children: Youngest aged 5 to 11,36,13,9,7,2,4,0,4,23,7,16
S01007789,Families with dependent children: Youngest aged 12 to 18,38,13,12,7,5,1,0,1,25,6,19
S01007790,All families in households,248,105,64,53,11,41,32,9,143,10,133
S01007790,Families with no dependent children,63,44,31,29,2,13,12,1,19,4,15
S01007790,Families with dependent children: Total,185,61,33,24,9,28,20,8,124,6,118
S01007790,Families with dependent children: Youngest aged 0 to 4,56,25,9,6,3,16,12,4,31,1,30
S01007790,Families with dependent children: Youngest aged 5 to 11,86,21,12,10,2,9,6,3,65,1,64
S01007790,Families with dependent children: Youngest aged 12 to 18,43,15,12,8,4,3,2,1,28,4,24
S01007791,All families in households,148,135,101,92,9,34,28,6,13,4,9
S01007791,Families with no dependent children,78,75,61,56,5,14,13,1,3,3,0
S01007791,Families with dependent children: Total,70,60,40,36,4,20,15,5,10,1,9
S01007791,Families with dependent children: Youngest aged 0 to 4,33,30,19,17,2,11,11,0,3,0,3
S01007791,Families with dependent children: Youngest aged 5 to 11,18,16,12,11,1,4,3,1,2,1,1
S01007791,Families with dependent children: Youngest aged 12 to 18,19,14,9,8,1,5,1,4,5,0,5
S01007792,All families in households,279,199,161,154,7,38,34,4,80,10,70
S01007792,Families with no dependent children,169,144,129,127,2,15,15,0,25,4,21
S01007792,Families with dependent children: Total,110,55,32,27,5,23,19,4,55,6,49
S01007792,Families with dependent children: Youngest aged 0 to 4,40,22,4,4,0,18,15,3,18,1,17
S01007792,Families with dependent children: Youngest aged 5 to 11,39,18,15,11,4,3,2,1,21,4,17
S01007792,Families with dependent children: Youngest aged 12 to 18,31,15,13,12,1,2,2,0,16,1,15
S01007793,All families in households,258,149,107,97,10,42,35,7,109,14,95
S01007793,Families with no dependent children,104,84,68,65,3,16,15,1,20,3,17
S01007793,Families with dependent children: Total,154,65,39,32,7,26,20,6,89,11,78
S01007793,Families with dependent children: Youngest aged 0 to 4,72,38,18,17,1,20,17,3,34,1,33
S01007793,Families with dependent children: Youngest aged 5 to 11,40,11,8,6,2,3,2,1,29,4,25
S01007793,Families with dependent children: Youngest aged 12 to 18,42,16,13,9,4,3,1,2,26,6,20
S01007794,All families in households,170,118,99,96,3,19,15,4,52,5,47
S01007794,Families with no dependent children,89,72,70,69,1,2,2,0,17,3,14
S01007794,Families with dependent children: Total,81,46,29,27,2,17,13,4,35,2,33
S01007794,Families with dependent children: Youngest aged 0 to 4,32,18,7,6,1,11,10,1,14,1,13
S01007794,Families with dependent children: Youngest aged 5 to 11,17,8,7,7,0,1,0,1,9,0,9
S01007794,Families with dependent children: Youngest aged 12 to 18,32,20,15,14,1,5,3,2,12,1,11
S01007795,All families in households,193,126,98,88,10,28,22,6,67,7,60
S01007795,Families with no dependent children,104,87,73,70,3,14,12,2,17,3,14
S01007795,Families with dependent children: Total,89,39,25,18,7,14,10,4,50,4,46
S01007795,Families with dependent children: Youngest aged 0 to 4,44,20,11,9,2,9,6,3,24,1,23
S01007795,Families with dependent children: Youngest aged 5 to 11,25,15,10,6,4,5,4,1,10,3,7
S01007795,Families with dependent children: Youngest aged 12 to 18,20,4,4,3,1,0,0,0,16,0,16
S01007796,All families in households,206,136,105,98,7,31,22,9,70,6,64
S01007796,Families with no dependent children,87,75,60,57,3,15,13,2,12,2,10
S01007796,Families with dependent children: Total,119,61,45,41,4,16,9,7,58,4,54
S01007796,Families with dependent children: Youngest aged 0 to 4,60,29,19,19,0,10,7,3,31,1,30
S01007796,Families with dependent children: Youngest aged 5 to 11,35,15,12,10,2,3,0,3,20,0,20
S01007796,Families with dependent children: Youngest aged 12 to 18,24,17,14,12,2,3,2,1,7,3,4
S01007797,All families in households,153,86,68,64,4,18,9,9,67,9,58
S01007797,Families with no dependent children,73,55,49,48,1,6,4,2,18,4,14
S01007797,Families with dependent children: Total,80,31,19,16,3,12,5,7,49,5,44
S01007797,Families with dependent children: Youngest aged 0 to 4,36,11,7,6,1,4,4,0,25,0,25
S01007797,Families with dependent children: Youngest aged 5 to 11,23,10,8,6,2,2,0,2,13,3,10
S01007797,Families with dependent children: Youngest aged 12 to 18,21,10,4,4,0,6,1,5,11,2,9
S01007798,All families in households,198,164,118,107,11,46,39,7,34,6,28
S01007798,Families with no dependent children,85,76,56,50,6,20,17,3,9,3,6
S01007798,Families with dependent children: Total,113,88,62,57,5,26,22,4,25,3,22
S01007798,Families with dependent children: Youngest aged 0 to 4,49,43,29,27,2,14,13,1,6,0,6
S01007798,Families with dependent children: Youngest aged 5 to 11,37,24,19,17,2,5,5,0,13,1,12
S01007798,Families with dependent children: Youngest aged 12 to 18,27,21,14,13,1,7,4,3,6,2,4
S01007799,All families in households,179,160,121,116,5,39,28,11,19,4,15
S01007799,Families with no dependent children,57,55,38,38,0,17,15,2,2,1,1
S01007799,Families with dependent children: Total,122,105,83,78,5,22,13,9,17,3,14
S01007799,Families with dependent children: Youngest aged 0 to 4,54,48,35,32,3,13,8,5,6,1,5
S01007799,Families with dependent children: Youngest aged 5 to 11,35,31,25,24,1,6,4,2,4,1,3
S01007799,Families with dependent children: Youngest aged 12 to 18,33,26,23,22,1,3,1,2,7,1,6
S01007800,All families in households,277,151,116,110,6,35,28,7,126,15,111
S01007800,Families with no dependent children,135,106,89,86,3,17,16,1,29,7,22
S01007800,Families with dependent children: Total,142,45,27,24,3,18,12,6,97,8,89
S01007800,Families with dependent children: Youngest aged 0 to 4,49,19,11,11,0,8,7,1,30,0,30
S01007800,Families with dependent children: Youngest aged 5 to 11,61,17,9,7,2,8,4,4,44,3,41
S01007800,Families with dependent children: Youngest aged 12 to 18,32,9,7,6,1,2,1,1,23,5,18
S01007801,All families in households,226,130,87,79,8,43,35,8,96,6,90
S01007801,Families with no dependent children,123,88,63,60,3,25,24,1,35,3,32
S01007801,Families with dependent children: Total,103,42,24,19,5,18,11,7,61,3,58
S01007801,Families with dependent children: Youngest aged 0 to 4,34,18,7,5,2,11,7,4,16,0,16
S01007801,Families with dependent children: Youngest aged 5 to 11,38,10,8,6,2,2,1,1,28,2,26
S01007801,Families with dependent children: Youngest aged 12 to 18,31,14,9,8,1,5,3,2,17,1,16
S01007802,All families in households,167,140,101,94,7,39,33,6,27,2,25
S01007802,Families with no dependent children,70,63,44,40,4,19,17,2,7,1,6
S01007802,Families with dependent children: Total,97,77,57,54,3,20,16,4,20,1,19
S01007802,Families with dependent children: Youngest aged 0 to 4,39,34,25,25,0,9,8,1,5,0,5
S01007802,Families with dependent children: Youngest aged 5 to 11,36,24,17,16,1,7,5,2,12,1,11
S01007802,Families with dependent children: Youngest aged 12 to 18,22,19,15,13,2,4,3,1,3,0,3
S01007803,All families in households,279,147,102,93,9,45,36,9,132,7,125
S01007803,Families with no dependent children,120,89,66,64,2,23,22,1,31,5,26
S01007803,Families with dependent children: Total,159,58,36,29,7,22,14,8,101,2,99
S01007803,Families with dependent children: Youngest aged 0 to 4,68,24,14,9,5,10,8,2,44,0,44
S01007803,Families with dependent children: Youngest aged 5 to 11,62,16,9,7,2,7,4,3,46,1,45
S01007803,Families with dependent children: Youngest aged 12 to 18,29,18,13,13,0,5,2,3,11,1,10
S01007804,All families in households,186,84,57,54,3,27,17,10,102,9,93
S01007804,Families with no dependent children,73,51,40,39,1,11,11,0,22,5,17
S01007804,Families with dependent children: Total,113,33,17,15,2,16,6,10,80,4,76
S01007804,Families with dependent children: Youngest aged 0 to 4,35,17,7,7,0,10,5,5,18,1,17
S01007804,Families with dependent children: Youngest aged 5 to 11,43,6,3,2,1,3,0,3,37,3,34
S01007804,Families with dependent children: Youngest aged 12 to 18,35,10,7,6,1,3,1,2,25,0,25
S01007805,All families in households,158,75,51,46,5,24,19,5,83,4,79
S01007805,Families with no dependent children,64,43,32,30,2,11,11,0,21,0,21
S01007805,Families with dependent children: Total,94,32,19,16,3,13,8,5,62,4,58
S01007805,Families with dependent children: Youngest aged 0 to 4,39,20,11,9,2,9,7,2,19,0,19
S01007805,Families with dependent children: Youngest aged 5 to 11,37,8,6,6,0,2,1,1,29,2,27
S01007805,Families with dependent children: Youngest aged 12 to 18,18,4,2,1,1,2,0,2,14,2,12
S01007806,All families in households,201,143,113,107,6,30,22,8,58,7,51
S01007806,Families with no dependent children,124,100,86,81,5,14,12,2,24,6,18
S01007806,Families with dependent children: Total,77,43,27,26,1,16,10,6,34,1,33
S01007806,Families with dependent children: Youngest aged 0 to 4,41,26,14,13,1,12,8,4,15,0,15
S01007806,Families with dependent children: Youngest aged 5 to 11,15,8,6,6,0,2,1,1,7,0,7
S01007806,Families with dependent children: Youngest aged 12 to 18,21,9,7,7,0,2,1,1,12,1,11
S01007807,All families in households,215,180,142,138,4,38,29,9,35,7,28
S01007807,Families with no dependent children,111,101,80,78,2,21,20,1,10,1,9
S01007807,Families with dependent children: Total,104,79,62,60,2,17,9,8,25,6,19
S01007807,Families with dependent children: Youngest aged 0 to 4,36,31,23,22,1,8,6,2,5,1,4
S01007807,Families with dependent children: Youngest aged 5 to 11,27,17,13,13,0,4,0,4,10,3,7
S01007807,Families with dependent children: Youngest aged 12 to 18,41,31,26,25,1,5,3,2,10,2,8
S01007808,All families in households,244,178,131,118,13,47,36,11,66,6,60
S01007808,Families with no dependent children,120,102,78,75,3,24,20,4,18,2,16
S01007808,Families with dependent children: Total,124,76,53,43,10,23,16,7,48,4,44
S01007808,Families with dependent children: Youngest aged 0 to 4,40,30,20,16,4,10,7,3,10,0,10
S01007808,Families with dependent children: Youngest aged 5 to 11,49,27,20,17,3,7,7,0,22,0,22
S01007808,Families with dependent children: Youngest aged 12 to 18,35,19,13,10,3,6,2,4,16,4,12
S01007809,All families in households,302,261,229,213,16,32,23,9,41,6,35
S01007809,Families with no dependent children,201,186,166,157,9,20,16,4,15,5,10
S01007809,Families with dependent children: Total,101,75,63,56,7,12,7,5,26,1,25
S01007809,Families with dependent children: Youngest aged 0 to 4,29,21,16,13,3,5,4,1,8,0,8
S01007809,Families with dependent children: Youngest aged 5 to 11,33,26,23,19,4,3,2,1,7,0,7
S01007809,Families with dependent children: Youngest aged 12 to 18,39,28,24,24,0,4,1,3,11,1,10
S01007810,All families in households,243,170,136,130,6,34,27,7,73,6,67
S01007810,Families with no dependent children,131,108,93,92,1,15,15,0,23,4,19
S01007810,Families with dependent children: Total,112,62,43,38,5,19,12,7,50,2,48
S01007810,Families with dependent children: Youngest aged 0 to 4,44,26,17,15,2,9,6,3,18,1,17
S01007810,Families with dependent children: Youngest aged 5 to 11,32,16,11,11,0,5,5,0,16,1,15
S01007810,Families with dependent children: Youngest aged 12 to 18,36,20,15,12,3,5,1,4,16,0,16
S01007811,All families in households,257,164,120,113,7,44,34,10,93,6,87
S01007811,Families with no dependent children,127,96,79,77,2,17,14,3,31,3,28
S01007811,Families with dependent children: Total,130,68,41,36,5,27,20,7,62,3,59
S01007811,Families with dependent children: Youngest aged 0 to 4,49,26,16,13,3,10,10,0,23,1,22
S01007811,Families with dependent children: Youngest aged 5 to 11,50,24,15,13,2,9,6,3,26,2,24
S01007811,Families with dependent children: Youngest aged 12 to 18,31,18,10,10,0,8,4,4,13,0,13
S01007812,All families in households,226,135,93,78,15,42,29,13,91,12,79
S01007812,Families with no dependent children,78,58,47,42,5,11,9,2,20,5,15
S01007812,Families with dependent children: Total,148,77,46,36,10,31,20,11,71,7,64
S01007812,Families with dependent children: Youngest aged 0 to 4,61,34,15,14,1,19,14,5,27,3,24
S01007812,Families with dependent children: Youngest aged 5 to 11,52,25,17,13,4,8,4,4,27,3,24
S01007812,Families with dependent children: Youngest aged 12 to 18,35,18,14,9,5,4,2,2,17,1,16
S01007813,All families in households,241,138,106,95,11,32,26,6,103,15,88
S01007813,Families with no dependent children,123,91,73,67,6,18,17,1,32,4,28
S01007813,Families with dependent children: Total,118,47,33,28,5,14,9,5,71,11,60
S01007813,Families with dependent children: Youngest aged 0 to 4,54,23,15,12,3,8,4,4,31,3,28
S01007813,Families with dependent children: Youngest aged 5 to 11,31,14,11,10,1,3,2,1,17,2,15
S01007813,Families with dependent children: Youngest aged 12 to 18,33,10,7,6,1,3,3,0,23,6,17
S01007814,All families in households,165,137,108,102,6,29,22,7,28,4,24
S01007814,Families with no dependent children,102,91,76,76,0,15,12,3,11,3,8
S01007814,Families with dependent children: Total,63,46,32,26,6,14,10,4,17,1,16
S01007814,Families with dependent children: Youngest aged 0 to 4,19,14,7,6,1,7,5,2,5,0,5
S01007814,Families with dependent children: Youngest aged 5 to 11,22,14,11,8,3,3,2,1,8,0,8
S01007814,Families with dependent children: Youngest aged 12 to 18,22,18,14,12,2,4,3,1,4,1,3
S01007815,All families in households,271,242,212,205,7,30,24,6,29,2,27
S01007815,Families with no dependent children,182,170,148,145,3,22,19,3,12,1,11
S01007815,Families with dependent children: Total,89,72,64,60,4,8,5,3,17,1,16
S01007815,Families with dependent children: Youngest aged 0 to 4,23,20,13,12,1,7,5,2,3,0,3
S01007815,Families with dependent children: Youngest aged 5 to 11,24,19,18,16,2,1,0,1,5,0,5
S01007815,Families with dependent children: Youngest aged 12 to 18,42,33,33,32,1,0,0,0,9,1,8
S01007816,All families in households,218,184,164,154,10,20,17,3,34,8,26
S01007816,Families with no dependent children,145,135,128,119,9,7,7,0,10,5,5
S01007816,Families with dependent children: Total,73,49,36,35,1,13,10,3,24,3,21
S01007816,Families with dependent children: Youngest aged 0 to 4,25,18,13,13,0,5,4,1,7,0,7
S01007816,Families with dependent children: Youngest aged 5 to 11,31,19,14,13,1,5,5,0,12,2,10
S01007816,Families with dependent children: Youngest aged 12 to 18,17,12,9,9,0,3,1,2,5,1,4
S01007817,All families in households,148,115,92,85,7,23,17,6,33,2,31
S01007817,Families with no dependent children,105,89,76,73,3,13,11,2,16,2,14
S01007817,Families with dependent children: Total,43,26,16,12,4,10,6,4,17,0,17
S01007817,Families with dependent children: Youngest aged 0 to 4,12,6,4,2,2,2,2,0,6,0,6
S01007817,Families with dependent children: Youngest aged 5 to 11,16,12,7,6,1,5,3,2,4,0,4
S01007817,Families with dependent children: Youngest aged 12 to 18,15,8,5,4,1,3,1,2,7,0,7
S01007818,All families in households,249,208,164,157,7,44,39,5,41,6,35
S01007818,Families with no dependent children,146,139,117,114,3,22,22,0,7,1,6
S01007818,Families with dependent children: Total,103,69,47,43,4,22,17,5,34,5,29
S01007818,Families with dependent children: Youngest aged 0 to 4,41,27,16,16,0,11,11,0,14,0,14
S01007818,Families with dependent children: Youngest aged 5 to 11,30,22,15,14,1,7,4,3,8,1,7
S01007818,Families with dependent children: Youngest aged 12 to 18,32,20,16,13,3,4,2,2,12,4,8
S01007819,All families in households,255,209,164,151,13,45,35,10,46,6,40
S01007819,Families with no dependent children,174,149,121,114,7,28,26,2,25,5,20
S01007819,Families with dependent children: Total,81,60,43,37,6,17,9,8,21,1,20
S01007819,Families with dependent children: Youngest aged 0 to 4,30,22,10,10,0,12,6,6,8,0,8
S01007819,Families with dependent children: Youngest aged 5 to 11,35,26,21,17,4,5,3,2,9,1,8
S01007819,Families with dependent children: Youngest aged 12 to 18,16,12,12,10,2,0,0,0,4,0,4
S01007820,All families in households,276,218,178,169,9,40,33,7,58,7,51
S01007820,Families with no dependent children,171,150,132,128,4,18,16,2,21,3,18
S01007820,Families with dependent children: Total,105,68,46,41,5,22,17,5,37,4,33
S01007820,Families with dependent children: Youngest aged 0 to 4,32,22,9,8,1,13,11,2,10,0,10
S01007820,Families with dependent children: Youngest aged 5 to 11,33,25,18,15,3,7,6,1,8,1,7
S01007820,Families with dependent children: Youngest aged 12 to 18,40,21,19,18,1,2,0,2,19,3,16
S01007821,All families in households,176,136,110,102,8,26,24,2,40,6,34
S01007821,Families with no dependent children,113,94,83,81,2,11,11,0,19,5,14
S01007821,Families with dependent children: Total,63,42,27,21,6,15,13,2,21,1,20
S01007821,Families with dependent children: Youngest aged 0 to 4,21,17,7,4,3,10,9,1,4,0,4
S01007821,Families with dependent children: Youngest aged 5 to 11,20,14,10,10,0,4,4,0,6,0,6
S01007821,Families with dependent children: Youngest aged 12 to 18,22,11,10,7,3,1,0,1,11,1,10
S01007822,All families in households,231,201,173,171,2,28,23,5,30,2,28
S01007822,Families with no dependent children,157,148,132,132,0,16,15,1,9,2,7
S01007822,Families with dependent children: Total,74,53,41,39,2,12,8,4,21,0,21
S01007822,Families with dependent children: Youngest aged 0 to 4,15,10,7,7,0,3,3,0,5,0,5
S01007822,Families with dependent children: Youngest aged 5 to 11,28,19,17,16,1,2,2,0,9,0,9
S01007822,Families with dependent children: Youngest aged 12 to 18,31,24,17,16,1,7,3,4,7,0,7
S01007823,All families in households,212,181,153,149,4,28,22,6,31,7,24
S01007823,Families with no dependent children,145,129,112,110,2,17,16,1,16,5,11
S01007823,Families with dependent children: Total,67,52,41,39,2,11,6,5,15,2,13
S01007823,Families with dependent children: Youngest aged 0 to 4,23,20,15,15,0,5,4,1,3,0,3
S01007823,Families with dependent children: Youngest aged 5 to 11,17,14,10,9,1,4,2,2,3,0,3
S01007823,Families with dependent children: Youngest aged 12 to 18,27,18,16,15,1,2,0,2,9,2,7
S01007824,All families in households,214,177,156,144,12,21,19,2,37,3,34
S01007824,Families with no dependent children,135,124,107,101,6,17,15,2,11,1,10
S01007824,Families with dependent children: Total,79,53,49,43,6,4,4,0,26,2,24
S01007824,Families with dependent children: Youngest aged 0 to 4,23,15,13,11,2,2,2,0,8,1,7
S01007824,Families with dependent children: Youngest aged 5 to 11,21,15,14,12,2,1,1,0,6,0,6
S01007824,Families with dependent children: Youngest aged 12 to 18,35,23,22,20,2,1,1,0,12,1,11
S01007825,All families in households,300,268,227,217,10,41,37,4,32,3,29
S01007825,Families with no dependent children,201,188,162,155,7,26,25,1,13,1,12
S01007825,Families with dependent children: Total,99,80,65,62,3,15,12,3,19,2,17
S01007825,Families with dependent children: Youngest aged 0 to 4,31,26,20,18,2,6,6,0,5,0,5
S01007825,Families with dependent children: Youngest aged 5 to 11,31,25,20,19,1,5,2,3,6,0,6
S01007825,Families with dependent children: Youngest aged 12 to 18,37,29,25,25,0,4,4,0,8,2,6
S01007826,All families in households,158,92,66,57,9,26,21,5,66,6,60
S01007826,Families with no dependent children,74,54,43,41,2,11,9,2,20,3,17
S01007826,Families with dependent children: Total,84,38,23,16,7,15,12,3,46,3,43
S01007826,Families with dependent children: Youngest aged 0 to 4,35,19,7,6,1,12,11,1,16,0,16
S01007826,Families with dependent children: Youngest aged 5 to 11,23,7,7,6,1,0,0,0,16,1,15
S01007826,Families with dependent children: Youngest aged 12 to 18,26,12,9,4,5,3,1,2,14,2,12
S01007827,All families in households,165,120,87,85,2,33,28,5,45,5,40
S01007827,Families with no dependent children,97,89,62,61,1,27,25,2,8,1,7
S01007827,Families with dependent children: Total,68,31,25,24,1,6,3,3,37,4,33
S01007827,Families with dependent children: Youngest aged 0 to 4,26,13,11,11,0,2,1,1,13,0,13
S01007827,Families with dependent children: Youngest aged 5 to 11,23,11,8,7,1,3,1,2,12,4,8
S01007827,Families with dependent children: Youngest aged 12 to 18,19,7,6,6,0,1,1,0,12,0,12
S01007828,All families in households,219,163,103,100,3,60,55,5,56,5,51
S01007828,Families with no dependent children,146,128,83,80,3,45,44,1,18,4,14
S01007828,Families with dependent children: Total,73,35,20,20,0,15,11,4,38,1,37
S01007828,Families with dependent children: Youngest aged 0 to 4,34,18,7,7,0,11,10,1,16,0,16
S01007828,Families with dependent children: Youngest aged 5 to 11,20,7,6,6,0,1,0,1,13,0,13
S01007828,Families with dependent children: Youngest aged 12 to 18,19,10,7,7,0,3,1,2,9,1,8
S01007829,All families in households,153,122,102,100,2,20,17,3,31,8,23
S01007829,Families with no dependent children,120,103,87,86,1,16,14,2,17,6,11
S01007829,Families with dependent children: Total,33,19,15,14,1,4,3,1,14,2,12
S01007829,Families with dependent children: Youngest aged 0 to 4,11,8,5,5,0,3,3,0,3,0,3
S01007829,Families with dependent children: Youngest aged 5 to 11,10,5,5,5,0,0,0,0,5,0,5
S01007829,Families with dependent children: Youngest aged 12 to 18,12,6,5,4,1,1,0,1,6,2,4
S01007830,All families in households,227,162,118,112,6,44,39,5,65,9,56
S01007830,Families with no dependent children,148,124,93,90,3,31,31,0,24,4,20
S01007830,Families with dependent children: Total,79,38,25,22,3,13,8,5,41,5,36
S01007830,Families with dependent children: Youngest aged 0 to 4,38,23,14,13,1,9,6,3,15,0,15
S01007830,Families with dependent children: Youngest aged 5 to 11,24,10,7,5,2,3,2,1,14,4,10
S01007830,Families with dependent children: Youngest aged 12 to 18,17,5,4,4,0,1,0,1,12,1,11
S01007831,All families in households,214,143,107,100,7,36,26,10,71,4,67
S01007831,Families with no dependent children,118,103,82,79,3,21,19,2,15,1,14
S01007831,Families with dependent children: Total,96,40,25,21,4,15,7,8,56,3,53
S01007831,Families with dependent children: Youngest aged 0 to 4,40,24,16,14,2,8,6,2,16,0,16
S01007831,Families with dependent children: Youngest aged 5 to 11,28,4,2,2,0,2,0,2,24,0,24
S01007831,Families with dependent children: Youngest aged 12 to 18,28,12,7,5,2,5,1,4,16,3,13
S01007832,All families in households,170,119,83,79,4,36,32,4,51,10,41
S01007832,Families with no dependent children,106,91,66,65,1,25,21,4,15,4,11
S01007832,Families with dependent children: Total,64,28,17,14,3,11,11,0,36,6,30
S01007832,Families with dependent children: Youngest aged 0 to 4,25,15,8,5,3,7,7,0,10,1,9
S01007832,Families with dependent children: Youngest aged 5 to 11,21,6,3,3,0,3,3,0,15,2,13
S01007832,Families with dependent children: Youngest aged 12 to 18,18,7,6,6,0,1,1,0,11,3,8
S01007833,All families in households,214,183,160,156,4,23,18,5,31,4,27
S01007833,Families with no dependent children,169,151,140,137,3,11,10,1,18,0,18
S01007833,Families with dependent children: Total,45,32,20,19,1,12,8,4,13,4,9
S01007833,Families with dependent children: Youngest aged 0 to 4,22,15,7,7,0,8,8,0,7,2,5
S01007833,Families with dependent children: Youngest aged 5 to 11,14,11,8,7,1,3,0,3,3,0,3
S01007833,Families with dependent children: Youngest aged 12 to 18,9,6,5,5,0,1,0,1,3,2,1
S01007834,All families in households,194,111,75,71,4,36,29,7,83,8,75
S01007834,Families with no dependent children,109,81,54,52,2,27,25,2,28,6,22
S01007834,Families with dependent children: Total,85,30,21,19,2,9,4,5,55,2,53
S01007834,Families with dependent children: Youngest aged 0 to 4,33,16,11,10,1,5,3,2,17,0,17
S01007834,Families with dependent children: Youngest aged 5 to 11,34,10,7,7,0,3,1,2,24,1,23
S01007834,Families with dependent children: Youngest aged 12 to 18,18,4,3,2,1,1,0,1,14,1,13
S01007835,All families in households,204,156,122,116,6,34,28,6,48,5,43
S01007835,Families with no dependent children,123,101,80,77,3,21,21,0,22,2,20
S01007835,Families with dependent children: Total,81,55,42,39,3,13,7,6,26,3,23
S01007835,Families with dependent children: Youngest aged 0 to 4,32,18,12,10,2,6,2,4,14,1,13
S01007835,Families with dependent children: Youngest aged 5 to 11,30,21,16,16,0,5,5,0,9,1,8
S01007835,Families with dependent children: Youngest aged 12 to 18,19,16,14,13,1,2,0,2,3,1,2
S01007836,All families in households,142,123,101,97,4,22,20,2,19,4,15
S01007836,Families with no dependent children,104,94,78,76,2,16,15,1,10,2,8
S01007836,Families with dependent children: Total,38,29,23,21,2,6,5,1,9,2,7
S01007836,Families with dependent children: Youngest aged 0 to 4,12,9,6,6,0,3,3,0,3,1,2
S01007836,Families with dependent children: Youngest aged 5 to 11,12,11,8,7,1,3,2,1,1,0,1
S01007836,Families with dependent children: Youngest aged 12 to 18,14,9,9,8,1,0,0,0,5,1,4
S01007837,All families in households,259,229,208,203,5,21,19,2,30,2,28
S01007837,Families with no dependent children,196,182,169,167,2,13,12,1,14,0,14
S01007837,Families with dependent children: Total,63,47,39,36,3,8,7,1,16,2,14
S01007837,Families with dependent children: Youngest aged 0 to 4,13,9,6,5,1,3,2,1,4,0,4
S01007837,Families with dependent children: Youngest aged 5 to 11,25,20,17,17,0,3,3,0,5,1,4
S01007837,Families with dependent children: Youngest aged 12 to 18,25,18,16,14,2,2,2,0,7,1,6
S01007838,All families in households,274,235,205,202,3,30,24,6,39,1,38
S01007838,Families with no dependent children,196,180,160,159,1,20,18,2,16,0,16
S01007838,Families with dependent children: Total,78,55,45,43,2,10,6,4,23,1,22
S01007838,Families with dependent children: Youngest aged 0 to 4,23,16,11,10,1,5,3,2,7,0,7
S01007838,Families with dependent children: Youngest aged 5 to 11,22,15,12,12,0,3,2,1,7,0,7
S01007838,Families with dependent children: Youngest aged 12 to 18,33,24,22,21,1,2,1,1,9,1,8
S01007839,All families in households,148,121,99,97,2,22,20,2,27,2,25
S01007839,Families with no dependent children,107,94,78,76,2,16,14,2,13,1,12
S01007839,Families with dependent children: Total,41,27,21,21,0,6,6,0,14,1,13
S01007839,Families with dependent children: Youngest aged 0 to 4,19,13,9,9,0,4,4,0,6,0,6
S01007839,Families with dependent children: Youngest aged 5 to 11,11,7,6,6,0,1,1,0,4,0,4
S01007839,Families with dependent children: Youngest aged 12 to 18,11,7,6,6,0,1,1,0,4,1,3
S01007840,All families in households,201,136,99,95,4,37,30,7,65,7,58
S01007840,Families with no dependent children,117,95,76,73,3,19,18,1,22,4,18
S01007840,Families with dependent children: Total,84,41,23,22,1,18,12,6,43,3,40
S01007840,Families with dependent children: Youngest aged 0 to 4,40,25,10,10,0,15,11,4,15,0,15
S01007840,Families with dependent children: Youngest aged 5 to 11,22,8,6,6,0,2,1,1,14,0,14
S01007840,Families with dependent children: Youngest aged 12 to 18,22,8,7,6,1,1,0,1,14,3,11
S01007841,All families in households,210,132,99,92,7,33,32,1,78,8,70
S01007841,Families with no dependent children,110,88,70,67,3,18,18,0,22,4,18
S01007841,Families with dependent children: Total,100,44,29,25,4,15,14,1,56,4,52
S01007841,Families with dependent children: Youngest aged 0 to 4,41,22,11,8,3,11,10,1,19,0,19
S01007841,Families with dependent children: Youngest aged 5 to 11,29,11,9,8,1,2,2,0,18,2,16
S01007841,Families with dependent children: Youngest aged 12 to 18,30,11,9,9,0,2,2,0,19,2,17
S01007842,All families in households,200,101,64,61,3,37,33,4,99,6,93
S01007842,Families with no dependent children,81,66,48,46,2,18,17,1,15,3,12
S01007842,Families with dependent children: Total,119,35,16,15,1,19,16,3,84,3,81
S01007842,Families with dependent children: Youngest aged 0 to 4,62,23,10,9,1,13,13,0,39,0,39
S01007842,Families with dependent children: Youngest aged 5 to 11,33,8,3,3,0,5,2,3,25,0,25
S01007842,Families with dependent children: Youngest aged 12 to 18,24,4,3,3,0,1,1,0,20,3,17
S01007843,All families in households,190,124,82,74,8,42,38,4,66,8,58
S01007843,Families with no dependent children,95,76,52,50,2,24,23,1,19,3,16
S01007843,Families with dependent children: Total,95,48,30,24,6,18,15,3,47,5,42
S01007843,Families with dependent children: Youngest aged 0 to 4,40,23,10,9,1,13,11,2,17,0,17
S01007843,Families with dependent children: Youngest aged 5 to 11,25,11,8,6,2,3,2,1,14,2,12
S01007843,Families with dependent children: Youngest aged 12 to 18,30,14,12,9,3,2,2,0,16,3,13
S01007844,All families in households,228,140,97,92,5,43,37,6,88,8,80
S01007844,Families with no dependent children,110,86,64,64,0,22,21,1,24,4,20
S01007844,Families with dependent children: Total,118,54,33,28,5,21,16,5,64,4,60
S01007844,Families with dependent children: Youngest aged 0 to 4,43,22,10,8,2,12,10,2,21,0,21
S01007844,Families with dependent children: Youngest aged 5 to 11,50,21,15,12,3,6,4,2,29,2,27
S01007844,Families with dependent children: Youngest aged 12 to 18,25,11,8,8,0,3,2,1,14,2,12
S01007845,All families in households,247,144,102,95,7,42,34,8,103,8,95
S01007845,Families with no dependent children,108,85,67,65,2,18,16,2,23,7,16
S01007845,Families with dependent children: Total,139,59,35,30,5,24,18,6,80,1,79
S01007845,Families with dependent children: Youngest aged 0 to 4,71,31,16,15,1,15,13,2,40,1,39
S01007845,Families with dependent children: Youngest aged 5 to 11,43,17,11,10,1,6,3,3,26,0,26
S01007845,Families with dependent children: Youngest aged 12 to 18,25,11,8,5,3,3,2,1,14,0,14
S01007846,All families in households,223,149,112,107,5,37,29,8,74,11,63
S01007846,Families with no dependent children,109,89,70,68,2,19,17,2,20,2,18
S01007846,Families with dependent children: Total,114,60,42,39,3,18,12,6,54,9,45
S01007846,Families with dependent children: Youngest aged 0 to 4,46,35,25,23,2,10,9,1,11,1,10
S01007846,Families with dependent children: Youngest aged 5 to 11,36,16,11,11,0,5,1,4,20,3,17
S01007846,Families with dependent children: Youngest aged 12 to 18,32,9,6,5,1,3,2,1,23,5,18
S01007847,All families in households,269,171,123,115,8,48,39,9,98,8,90
S01007847,Families with no dependent children,142,113,91,88,3,22,19,3,29,4,25
S01007847,Families with dependent children: Total,127,58,32,27,5,26,20,6,69,4,65
S01007847,Families with dependent children: Youngest aged 0 to 4,69,34,13,11,2,21,17,4,35,1,34
S01007847,Families with dependent children: Youngest aged 5 to 11,35,13,10,9,1,3,3,0,22,3,19
S01007847,Families with dependent children: Youngest aged 12 to 18,23,11,9,7,2,2,0,2,12,0,12
S01007848,All families in households,203,114,64,60,4,50,41,9,89,15,74
S01007848,Families with no dependent children,86,68,43,43,0,25,23,2,18,5,13
S01007848,Families with dependent children: Total,117,46,21,17,4,25,18,7,71,10,61
S01007848,Families with dependent children: Youngest aged 0 to 4,47,22,9,8,1,13,11,2,25,1,24
S01007848,Families with dependent children: Youngest aged 5 to 11,39,17,5,5,0,12,7,5,22,5,17
S01007848,Families with dependent children: Youngest aged 12 to 18,31,7,7,4,3,0,0,0,24,4,20
S01007849,All families in households,285,174,123,114,9,51,41,10,111,14,97
S01007849,Families with no dependent children,127,96,76,75,1,20,20,0,31,4,27
S01007849,Families with dependent children: Total,158,78,47,39,8,31,21,10,80,10,70
S01007849,Families with dependent children: Youngest aged 0 to 4,66,38,18,15,3,20,17,3,28,3,25
S01007849,Families with dependent children: Youngest aged 5 to 11,55,21,15,13,2,6,3,3,34,2,32
S01007849,Families with dependent children: Youngest aged 12 to 18,37,19,14,11,3,5,1,4,18,5,13
S01007850,All families in households,231,145,115,107,8,30,18,12,86,12,74
S01007850,Families with no dependent children,148,106,90,87,3,16,12,4,42,9,33
S01007850,Families with dependent children: Total,83,39,25,20,5,14,6,8,44,3,41
S01007850,Families with dependent children: Youngest aged 0 to 4,29,10,5,4,1,5,2,3,19,0,19
S01007850,Families with dependent children: Youngest aged 5 to 11,22,13,8,7,1,5,2,3,9,2,7
S01007850,Families with dependent children: Youngest aged 12 to 18,32,16,12,9,3,4,2,2,16,1,15
S01007851,All families in households,271,217,179,170,9,38,35,3,54,7,47
S01007851,Families with no dependent children,185,159,135,131,4,24,23,1,26,4,22
S01007851,Families with dependent children: Total,86,58,44,39,5,14,12,2,28,3,25
S01007851,Families with dependent children: Youngest aged 0 to 4,23,17,10,10,0,7,7,0,6,0,6
S01007851,Families with dependent children: Youngest aged 5 to 11,41,27,22,17,5,5,4,1,14,3,11
S01007851,Families with dependent children: Youngest aged 12 to 18,22,14,12,12,0,2,1,1,8,0,8
S01007852,All families in households,182,106,80,76,4,26,24,2,76,8,68
S01007852,Families with no dependent children,86,63,52,51,1,11,11,0,23,6,17
S01007852,Families with dependent children: Total,96,43,28,25,3,15,13,2,53,2,51
S01007852,Families with dependent children: Youngest aged 0 to 4,38,17,10,9,1,7,7,0,21,0,21
S01007852,Families with dependent children: Youngest aged 5 to 11,28,16,11,10,1,5,3,2,12,0,12
S01007852,Families with dependent children: Youngest aged 12 to 18,30,10,7,6,1,3,3,0,20,2,18
S01007853,All families in households,153,97,65,63,2,32,29,3,56,4,52
S01007853,Families with no dependent children,87,76,56,55,1,20,18,2,11,2,9
S01007853,Families with dependent children: Total,66,21,9,8,1,12,11,1,45,2,43
S01007853,Families with dependent children: Youngest aged 0 to 4,37,10,3,3,0,7,6,1,27,1,26
S01007853,Families with dependent children: Youngest aged 5 to 11,12,4,2,1,1,2,2,0,8,1,7
S01007853,Families with dependent children: Youngest aged 12 to 18,17,7,4,4,0,3,3,0,10,0,10
S01007854,All families in households,271,154,107,102,5,47,35,12,117,13,104
S01007854,Families with no dependent children,118,96,70,66,4,26,21,5,22,3,19
S01007854,Families with dependent children: Total,153,58,37,36,1,21,14,7,95,10,85
S01007854,Families with dependent children: Youngest aged 0 to 4,60,28,16,15,1,12,12,0,32,4,28
S01007854,Families with dependent children: Youngest aged 5 to 11,49,15,9,9,0,6,2,4,34,0,34
S01007854,Families with dependent children: Youngest aged 12 to 18,44,15,12,12,0,3,0,3,29,6,23
S01007855,All families in households,110,67,39,36,3,28,24,4,43,4,39
S01007855,Families with no dependent children,57,46,30,28,2,16,14,2,11,1,10
S01007855,Families with dependent children: Total,53,21,9,8,1,12,10,2,32,3,29
S01007855,Families with dependent children: Youngest aged 0 to 4,31,11,2,2,0,9,7,2,20,1,19
S01007855,Families with dependent children: Youngest aged 5 to 11,12,4,2,2,0,2,2,0,8,2,6
S01007855,Families with dependent children: Youngest aged 12 to 18,10,6,5,4,1,1,1,0,4,0,4
S01007856,All families in households,257,186,148,139,9,38,28,10,71,6,65
S01007856,Families with no dependent children,141,121,106,104,2,15,12,3,20,2,18
S01007856,Families with dependent children: Total,116,65,42,35,7,23,16,7,51,4,47
S01007856,Families with dependent children: Youngest aged 0 to 4,42,25,14,11,3,11,9,2,17,1,16
S01007856,Families with dependent children: Youngest aged 5 to 11,41,20,14,12,2,6,3,3,21,1,20
S01007856,Families with dependent children: Youngest aged 12 to 18,33,20,14,12,2,6,4,2,13,2,11
S01007857,All families in households,139,77,51,44,7,26,17,9,62,1,61
S01007857,Families with no dependent children,60,44,32,30,2,12,10,2,16,1,15
S01007857,Families with dependent children: Total,79,33,19,14,5,14,7,7,46,0,46
S01007857,Families with dependent children: Youngest aged 0 to 4,29,13,5,4,1,8,5,3,16,0,16
S01007857,Families with dependent children: Youngest aged 5 to 11,32,14,11,8,3,3,1,2,18,0,18
S01007857,Families with dependent children: Youngest aged 12 to 18,18,6,3,2,1,3,1,2,12,0,12
S01007858,All families in households,289,199,132,122,10,67,54,13,90,6,84
S01007858,Families with no dependent children,162,134,93,90,3,41,36,5,28,3,25
S01007858,Families with dependent children: Total,127,65,39,32,7,26,18,8,62,3,59
S01007858,Families with dependent children: Youngest aged 0 to 4,44,27,15,13,2,12,9,3,17,0,17
S01007858,Families with dependent children: Youngest aged 5 to 11,43,25,13,11,2,12,8,4,18,3,15
S01007858,Families with dependent children: Youngest aged 12 to 18,40,13,11,8,3,2,1,1,27,0,27
S01007859,All families in households,134,71,48,46,2,23,17,6,63,9,54
S01007859,Families with no dependent children,56,43,30,28,2,13,11,2,13,3,10
S01007859,Families with dependent children: Total,78,28,18,18,0,10,6,4,50,6,44
S01007859,Families with dependent children: Youngest aged 0 to 4,22,13,10,10,0,3,1,2,9,3,6
S01007859,Families with dependent children: Youngest aged 5 to 11,37,11,5,5,0,6,4,2,26,3,23
S01007859,Families with dependent children: Youngest aged 12 to 18,19,4,3,3,0,1,1,0,15,0,15
S01007860,All families in households,176,127,93,84,9,34,26,8,49,6,43
S01007860,Families with no dependent children,62,50,34,34,0,16,15,1,12,0,12
S01007860,Families with dependent children: Total,114,77,59,50,9,18,11,7,37,6,31
S01007860,Families with dependent children: Youngest aged 0 to 4,42,34,28,26,2,6,5,1,8,2,6
S01007860,Families with dependent children: Youngest aged 5 to 11,42,25,19,14,5,6,3,3,17,1,16
S01007860,Families with dependent children: Youngest aged 12 to 18,30,18,12,10,2,6,3,3,12,3,9
S01007861,All families in households,206,146,118,113,5,28,20,8,60,10,50
S01007861,Families with no dependent children,125,102,92,90,2,10,7,3,23,6,17
S01007861,Families with dependent children: Total,81,44,26,23,3,18,13,5,37,4,33
S01007861,Families with dependent children: Youngest aged 0 to 4,28,15,6,6,0,9,6,3,13,0,13
S01007861,Families with dependent children: Youngest aged 5 to 11,25,13,8,7,1,5,4,1,12,3,9
S01007861,Families with dependent children: Youngest aged 12 to 18,28,16,12,10,2,4,3,1,12,1,11
S01007862,All families in households,222,148,119,113,6,29,26,3,74,9,65
S01007862,Families with no dependent children,132,110,97,96,1,13,12,1,22,2,20
S01007862,Families with dependent children: Total,90,38,22,17,5,16,14,2,52,7,45
S01007862,Families with dependent children: Youngest aged 0 to 4,44,21,11,10,1,10,9,1,23,2,21
S01007862,Families with dependent children: Youngest aged 5 to 11,17,5,4,3,1,1,1,0,12,3,9
S01007862,Families with dependent children: Youngest aged 12 to 18,29,12,7,4,3,5,4,1,17,2,15
S01007863,All families in households,265,144,88,78,10,56,45,11,121,13,108
S01007863,Families with no dependent children,106,80,62,57,5,18,16,2,26,6,20
S01007863,Families with dependent children: Total,159,64,26,21,5,38,29,9,95,7,88
S01007863,Families with dependent children: Youngest aged 0 to 4,91,35,12,11,1,23,19,4,56,0,56
S01007863,Families with dependent children: Youngest aged 5 to 11,43,19,7,3,4,12,9,3,24,3,21
S01007863,Families with dependent children: Youngest aged 12 to 18,25,10,7,7,0,3,1,2,15,4,11
S01007864,All families in households,269,200,148,144,4,52,41,11,69,3,66
S01007864,Families with no dependent children,152,138,112,110,2,26,23,3,14,1,13
S01007864,Families with dependent children: Total,117,62,36,34,2,26,18,8,55,2,53
S01007864,Families with dependent children: Youngest aged 0 to 4,64,35,16,15,1,19,16,3,29,0,29
S01007864,Families with dependent children: Youngest aged 5 to 11,39,19,13,12,1,6,1,5,20,1,19
S01007864,Families with dependent children: Youngest aged 12 to 18,14,8,7,7,0,1,1,0,6,1,5
S01007865,All families in households,210,191,155,145,10,36,27,9,19,1,18
S01007865,Families with no dependent children,73,70,56,54,2,14,14,0,3,0,3
S01007865,Families with dependent children: Total,137,121,99,91,8,22,13,9,16,1,15
S01007865,Families with dependent children: Youngest aged 0 to 4,51,48,36,35,1,12,9,3,3,0,3
S01007865,Families with dependent children: Youngest aged 5 to 11,50,44,42,37,5,2,1,1,6,0,6
S01007865,Families with dependent children: Youngest aged 12 to 18,36,29,21,19,2,8,3,5,7,1,6
S01007866,All families in households,180,167,129,122,7,38,30,8,13,2,11
S01007866,Families with no dependent children,84,82,64,62,2,18,16,2,2,0,2
S01007866,Families with dependent children: Total,96,85,65,60,5,20,14,6,11,2,9
S01007866,Families with dependent children: Youngest aged 0 to 4,37,37,29,27,2,8,6,2,0,0,0
S01007866,Families with dependent children: Youngest aged 5 to 11,32,26,21,21,0,5,4,1,6,1,5
S01007866,Families with dependent children: Youngest aged 12 to 18,27,22,15,12,3,7,4,3,5,1,4
S01007867,All families in households,148,122,98,96,2,24,19,5,26,6,20
S01007867,Families with no dependent children,78,74,62,62,0,12,12,0,4,2,2
S01007867,Families with dependent children: Total,70,48,36,34,2,12,7,5,22,4,18
S01007867,Families with dependent children: Youngest aged 0 to 4,35,26,21,20,1,5,4,1,9,2,7
S01007867,Families with dependent children: Youngest aged 5 to 11,21,12,9,8,1,3,2,1,9,1,8
S01007867,Families with dependent children: Youngest aged 12 to 18,14,10,6,6,0,4,1,3,4,1,3
S01007868,All families in households,287,259,236,227,9,23,17,6,28,7,21
S01007868,Families with no dependent children,201,190,175,171,4,15,11,4,11,4,7
S01007868,Families with dependent children: Total,86,69,61,56,5,8,6,2,17,3,14
S01007868,Families with dependent children: Youngest aged 0 to 4,16,15,12,11,1,3,3,0,1,0,1
S01007868,Families with dependent children: Youngest aged 5 to 11,27,19,17,15,2,2,2,0,8,2,6
S01007868,Families with dependent children: Youngest aged 12 to 18,43,35,32,30,2,3,1,2,8,1,7
S01007869,All families in households,274,240,204,198,6,36,29,7,34,5,29
S01007869,Families with no dependent children,151,143,119,116,3,24,21,3,8,1,7
S01007869,Families with dependent children: Total,123,97,85,82,3,12,8,4,26,4,22
S01007869,Families with dependent children: Youngest aged 0 to 4,45,35,31,31,0,4,2,2,10,0,10
S01007869,Families with dependent children: Youngest aged 5 to 11,39,31,28,27,1,3,2,1,8,1,7
S01007869,Families with dependent children: Youngest aged 12 to 18,39,31,26,24,2,5,4,1,8,3,5
S01007870,All families in households,162,148,118,111,7,30,26,4,14,6,8
S01007870,Families with no dependent children,104,96,83,82,1,13,13,0,8,5,3
S01007870,Families with dependent children: Total,58,52,35,29,6,17,13,4,6,1,5
S01007870,Families with dependent children: Youngest aged 0 to 4,17,14,6,4,2,8,7,1,3,0,3
S01007870,Families with dependent children: Youngest aged 5 to 11,20,19,12,12,0,7,5,2,1,1,0
S01007870,Families with dependent children: Youngest aged 12 to 18,21,19,17,13,4,2,1,1,2,0,2
S01007871,All families in households,191,141,107,101,6,34,27,7,50,6,44
S01007871,Families with no dependent children,106,95,77,77,0,18,17,1,11,3,8
S01007871,Families with dependent children: Total,85,46,30,24,6,16,10,6,39,3,36
S01007871,Families with dependent children: Youngest aged 0 to 4,24,14,5,4,1,9,7,2,10,1,9
S01007871,Families with dependent children: Youngest aged 5 to 11,38,18,16,13,3,2,0,2,20,1,19
S01007871,Families with dependent children: Youngest aged 12 to 18,23,14,9,7,2,5,3,2,9,1,8
S01007872,All families in households,206,127,89,85,4,38,30,8,79,6,73
S01007872,Families with no dependent children,107,84,71,71,0,13,11,2,23,2,21
S01007872,Families with dependent children: Total,99,43,18,14,4,25,19,6,56,4,52
S01007872,Families with dependent children: Youngest aged 0 to 4,41,18,3,3,0,15,13,2,23,0,23
S01007872,Families with dependent children: Youngest aged 5 to 11,31,14,9,7,2,5,3,2,17,2,15
S01007872,Families with dependent children: Youngest aged 12 to 18,27,11,6,4,2,5,3,2,16,2,14
S01007873,All families in households,190,158,121,115,6,37,23,14,32,6,26
S01007873,Families with no dependent children,120,109,88,86,2,21,13,8,11,2,9
S01007873,Families with dependent children: Total,70,49,33,29,4,16,10,6,21,4,17
S01007873,Families with dependent children: Youngest aged 0 to 4,21,13,3,3,0,10,7,3,8,0,8
S01007873,Families with dependent children: Youngest aged 5 to 11,26,17,13,11,2,4,3,1,9,2,7
S01007873,Families with dependent children: Youngest aged 12 to 18,23,19,17,15,2,2,0,2,4,2,2
S01007874,All families in households,217,169,135,126,9,34,25,9,48,2,46
S01007874,Families with no dependent children,143,121,105,101,4,16,15,1,22,1,21
S01007874,Families with dependent children: Total,74,48,30,25,5,18,10,8,26,1,25
S01007874,Families with dependent children: Youngest aged 0 to 4,16,13,5,5,0,8,7,1,3,0,3
S01007874,Families with dependent children: Youngest aged 5 to 11,29,15,11,9,2,4,1,3,14,1,13
S01007874,Families with dependent children: Youngest aged 12 to 18,29,20,14,11,3,6,2,4,9,0,9
S01007875,All families in households,165,121,94,90,4,27,27,0,44,7,37
S01007875,Families with no dependent children,103,84,69,67,2,15,15,0,19,5,14
S01007875,Families with dependent children: Total,62,37,25,23,2,12,12,0,25,2,23
S01007875,Families with dependent children: Youngest aged 0 to 4,21,18,10,8,2,8,8,0,3,0,3
S01007875,Families with dependent children: Youngest aged 5 to 11,22,9,6,6,0,3,3,0,13,0,13
S01007875,Families with dependent children: Youngest aged 12 to 18,19,10,9,9,0,1,1,0,9,2,7
S01007876,All families in households,307,250,193,184,9,57,51,6,57,11,46
S01007876,Families with no dependent children,167,150,118,118,0,32,31,1,17,5,12
S01007876,Families with dependent children: Total,140,100,75,66,9,25,20,5,40,6,34
S01007876,Families with dependent children: Youngest aged 0 to 4,70,53,36,31,5,17,14,3,17,2,15
S01007876,Families with dependent children: Youngest aged 5 to 11,48,35,29,25,4,6,5,1,13,0,13
S01007876,Families with dependent children: Youngest aged 12 to 18,22,12,10,10,0,2,1,1,10,4,6
S01007877,All families in households,230,191,152,145,7,39,32,7,39,7,32
S01007877,Families with no dependent children,145,127,108,106,2,19,15,4,18,7,11
S01007877,Families with dependent children: Total,85,64,44,39,5,20,17,3,21,0,21
S01007877,Families with dependent children: Youngest aged 0 to 4,39,28,17,15,2,11,10,1,11,0,11
S01007877,Families with dependent children: Youngest aged 5 to 11,22,16,9,7,2,7,5,2,6,0,6
S01007877,Families with dependent children: Youngest aged 12 to 18,24,20,18,17,1,2,2,0,4,0,4
S01007878,All families in households,177,124,102,97,5,22,20,2,53,4,49
S01007878,Families with no dependent children,103,87,72,72,0,15,14,1,16,0,16
S01007878,Families with dependent children: Total,74,37,30,25,5,7,6,1,37,4,33
S01007878,Families with dependent children: Youngest aged 0 to 4,29,16,9,9,0,7,6,1,13,0,13
S01007878,Families with dependent children: Youngest aged 5 to 11,21,11,11,8,3,0,0,0,10,2,8
S01007878,Families with dependent children: Youngest aged 12 to 18,24,10,10,8,2,0,0,0,14,2,12
S01007879,All families in households,232,167,134,125,9,33,32,1,65,8,57
S01007879,Families with no dependent children,117,103,86,86,0,17,17,0,14,4,10
S01007879,Families with dependent children: Total,115,64,48,39,9,16,15,1,51,4,47
S01007879,Families with dependent children: Youngest aged 0 to 4,52,34,23,19,4,11,11,0,18,0,18
S01007879,Families with dependent children: Youngest aged 5 to 11,28,13,10,8,2,3,3,0,15,0,15
S01007879,Families with dependent children: Youngest aged 12 to 18,35,17,15,12,3,2,1,1,18,4,14
S01007880,All families in households,119,107,96,91,5,11,11,0,12,2,10
S01007880,Families with no dependent children,87,82,72,71,1,10,10,0,5,2,3
S01007880,Families with dependent children: Total,32,25,24,20,4,1,1,0,7,0,7
S01007880,Families with dependent children: Youngest aged 0 to 4,9,7,6,5,1,1,1,0,2,0,2
S01007880,Families with dependent children: Youngest aged 5 to 11,8,7,7,6,1,0,0,0,1,0,1
S01007880,Families with dependent children: Youngest aged 12 to 18,15,11,11,9,2,0,0,0,4,0,4
S01007881,All families in households,163,132,104,93,11,28,24,4,31,5,26
S01007881,Families with no dependent children,96,81,68,63,5,13,12,1,15,5,10
S01007881,Families with dependent children: Total,67,51,36,30,6,15,12,3,16,0,16
S01007881,Families with dependent children: Youngest aged 0 to 4,23,17,10,10,0,7,6,1,6,0,6
S01007881,Families with dependent children: Youngest aged 5 to 11,26,20,15,14,1,5,4,1,6,0,6
S01007881,Families with dependent children: Youngest aged 12 to 18,18,14,11,6,5,3,2,1,4,0,4
S01007882,All families in households,239,222,191,182,9,31,24,7,17,3,14
S01007882,Families with no dependent children,153,144,126,122,4,18,17,1,9,2,7
S01007882,Families with dependent children: Total,86,78,65,60,5,13,7,6,8,1,7
S01007882,Families with dependent children: Youngest aged 0 to 4,21,21,17,17,0,4,4,0,0,0,0
S01007882,Families with dependent children: Youngest aged 5 to 11,30,28,22,21,1,6,2,4,2,1,1
S01007882,Families with dependent children: Youngest aged 12 to 18,35,29,26,22,4,3,1,2,6,0,6
S01007883,All families in households,332,278,214,210,4,64,51,13,54,10,44
S01007883,Families with no dependent children,207,184,154,153,1,30,30,0,23,7,16
S01007883,Families with dependent children: Total,125,94,60,57,3,34,21,13,31,3,28
S01007883,Families with dependent children: Youngest aged 0 to 4,51,36,25,23,2,11,9,2,15,0,15
S01007883,Families with dependent children: Youngest aged 5 to 11,39,33,15,15,0,18,10,8,6,0,6
S01007883,Families with dependent children: Youngest aged 12 to 18,35,25,20,19,1,5,2,3,10,3,7
S01007884,All families in households,203,164,122,116,6,42,35,7,39,6,33
S01007884,Families with no dependent children,109,100,81,81,0,19,17,2,9,3,6
S01007884,Families with dependent children: Total,94,64,41,35,6,23,18,5,30,3,27
S01007884,Families with dependent children: Youngest aged 0 to 4,41,25,13,10,3,12,9,3,16,0,16
S01007884,Families with dependent children: Youngest aged 5 to 11,22,14,8,8,0,6,4,2,8,2,6
S01007884,Families with dependent children: Youngest aged 12 to 18,31,25,20,17,3,5,5,0,6,1,5
S01007885,All families in households,218,154,116,107,9,38,30,8,64,8,56
S01007885,Families with no dependent children,129,106,84,83,1,22,19,3,23,3,20
S01007885,Families with dependent children: Total,89,48,32,24,8,16,11,5,41,5,36
S01007885,Families with dependent children: Youngest aged 0 to 4,29,17,7,4,3,10,8,2,12,1,11
S01007885,Families with dependent children: Youngest aged 5 to 11,24,12,10,8,2,2,0,2,12,0,12
S01007885,Families with dependent children: Youngest aged 12 to 18,36,19,15,12,3,4,3,1,17,4,13
S01007886,All families in households,242,210,161,157,4,49,43,6,32,4,28
S01007886,Families with no dependent children,153,142,109,107,2,33,30,3,11,3,8
S01007886,Families with dependent children: Total,89,68,52,50,2,16,13,3,21,1,20
S01007886,Families with dependent children: Youngest aged 0 to 4,26,21,13,12,1,8,8,0,5,0,5
S01007886,Families with dependent children: Youngest aged 5 to 11,24,21,16,16,0,5,4,1,3,0,3
S01007886,Families with dependent children: Youngest aged 12 to 18,39,26,23,22,1,3,1,2,13,1,12
S01007887,All families in households,168,155,139,133,6,16,11,5,13,1,12
S01007887,Families with no dependent children,108,101,91,90,1,10,8,2,7,1,6
S01007887,Families with dependent children: Total,60,54,48,43,5,6,3,3,6,0,6
S01007887,Families with dependent children: Youngest aged 0 to 4,22,18,16,15,1,2,1,1,4,0,4
S01007887,Families with dependent children: Youngest aged 5 to 11,18,18,16,14,2,2,1,1,0,0,0
S01007887,Families with dependent children: Youngest aged 12 to 18,20,18,16,14,2,2,1,1,2,0,2
S01007888,All families in households,335,239,162,154,8,77,62,15,96,12,84
S01007888,Families with no dependent children,173,147,123,120,3,24,23,1,26,4,22
S01007888,Families with dependent children: Total,162,92,39,34,5,53,39,14,70,8,62
S01007888,Families with dependent children: Youngest aged 0 to 4,65,46,9,8,1,37,28,9,19,0,19
S01007888,Families with dependent children: Youngest aged 5 to 11,54,28,19,16,3,9,5,4,26,3,23
S01007888,Families with dependent children: Youngest aged 12 to 18,43,18,11,10,1,7,6,1,25,5,20
S01007889,All families in households,166,127,103,101,2,24,19,5,39,5,34
S01007889,Families with no dependent children,104,89,78,76,2,11,11,0,15,5,10
S01007889,Families with dependent children: Total,62,38,25,25,0,13,8,5,24,0,24
S01007889,Families with dependent children: Youngest aged 0 to 4,26,13,6,6,0,7,4,3,13,0,13
S01007889,Families with dependent children: Youngest aged 5 to 11,14,10,8,8,0,2,1,1,4,0,4
S01007889,Families with dependent children: Youngest aged 12 to 18,22,15,11,11,0,4,3,1,7,0,7
S01007890,All families in households,240,201,166,163,3,35,27,8,39,4,35
S01007890,Families with no dependent children,146,134,116,114,2,18,18,0,12,1,11
S01007890,Families with dependent children: Total,94,67,50,49,1,17,9,8,27,3,24
S01007890,Families with dependent children: Youngest aged 0 to 4,21,15,8,7,1,7,4,3,6,0,6
S01007890,Families with dependent children: Youngest aged 5 to 11,48,36,28,28,0,8,3,5,12,2,10
S01007890,Families with dependent children: Youngest aged 12 to 18,25,16,14,14,0,2,2,0,9,1,8
S01007891,All families in households,266,233,191,187,4,42,34,8,33,6,27
S01007891,Families with no dependent children,161,149,129,128,1,20,19,1,12,4,8
S01007891,Families with dependent children: Total,105,84,62,59,3,22,15,7,21,2,19
S01007891,Families with dependent children: Youngest aged 0 to 4,33,26,12,12,0,14,12,2,7,0,7
S01007891,Families with dependent children: Youngest aged 5 to 11,33,29,26,24,2,3,2,1,4,1,3
S01007891,Families with dependent children: Youngest aged 12 to 18,39,29,24,23,1,5,1,4,10,1,9
S01007892,All families in households,230,209,186,183,3,23,21,2,21,2,19
S01007892,Families with no dependent children,158,153,137,136,1,16,15,1,5,1,4
S01007892,Families with dependent children: Total,72,56,49,47,2,7,6,1,16,1,15
S01007892,Families with dependent children: Youngest aged 0 to 4,30,22,18,17,1,4,4,0,8,0,8
S01007892,Families with dependent children: Youngest aged 5 to 11,20,14,13,13,0,1,1,0,6,1,5
S01007892,Families with dependent children: Youngest aged 12 to 18,22,20,18,17,1,2,1,1,2,0,2
S01007893,All families in households,326,279,246,231,15,33,29,4,47,7,40
S01007893,Families with no dependent children,203,184,165,160,5,19,18,1,19,3,16
S01007893,Families with dependent children: Total,123,95,81,71,10,14,11,3,28,4,24
S01007893,Families with dependent children: Youngest aged 0 to 4,45,34,25,22,3,9,9,0,11,0,11
S01007893,Families with dependent children: Youngest aged 5 to 11,30,23,20,17,3,3,2,1,7,1,6
S01007893,Families with dependent children: Youngest aged 12 to 18,48,38,36,32,4,2,0,2,10,3,7
S01007894,All families in households,290,231,184,175,9,47,35,12,59,8,51
S01007894,Families with no dependent children,168,149,132,128,4,17,16,1,19,3,16
S01007894,Families with dependent children: Total,122,82,52,47,5,30,19,11,40,5,35
S01007894,Families with dependent children: Youngest aged 0 to 4,36,25,8,7,1,17,12,5,11,0,11
S01007894,Families with dependent children: Youngest aged 5 to 11,33,20,15,15,0,5,3,2,13,2,11
S01007894,Families with dependent children: Youngest aged 12 to 18,53,37,29,25,4,8,4,4,16,3,13
S01007895,All families in households,164,141,124,120,4,17,14,3,23,3,20
S01007895,Families with no dependent children,107,99,89,85,4,10,9,1,8,1,7
S01007895,Families with dependent children: Total,57,42,35,35,0,7,5,2,15,2,13
S01007895,Families with dependent children: Youngest aged 0 to 4,18,14,9,9,0,5,3,2,4,0,4
S01007895,Families with dependent children: Youngest aged 5 to 11,21,15,13,13,0,2,2,0,6,1,5
S01007895,Families with dependent children: Youngest aged 12 to 18,18,13,13,13,0,0,0,0,5,1,4
S01007896,All families in households,257,181,132,124,8,49,41,8,76,11,65
S01007896,Families with no dependent children,140,115,88,86,2,27,24,3,25,7,18
S01007896,Families with dependent children: Total,117,66,44,38,6,22,17,5,51,4,47
S01007896,Families with dependent children: Youngest aged 0 to 4,49,30,14,13,1,16,15,1,19,0,19
S01007896,Families with dependent children: Youngest aged 5 to 11,34,19,17,13,4,2,0,2,15,1,14
S01007896,Families with dependent children: Youngest aged 12 to 18,34,17,13,12,1,4,2,2,17,3,14
S01007897,All families in households,132,118,105,101,4,13,10,3,14,1,13
S01007897,Families with no dependent children,81,72,63,62,1,9,9,0,9,1,8
S01007897,Families with dependent children: Total,51,46,42,39,3,4,1,3,5,0,5
S01007897,Families with dependent children: Youngest aged 0 to 4,17,16,14,14,0,2,1,1,1,0,1
S01007897,Families with dependent children: Youngest aged 5 to 11,17,14,14,14,0,0,0,0,3,0,3
S01007897,Families with dependent children: Youngest aged 12 to 18,17,16,14,11,3,2,0,2,1,0,1
S01007898,All families in households,141,128,110,104,6,18,14,4,13,5,8
S01007898,Families with no dependent children,90,83,71,70,1,12,11,1,7,4,3
S01007898,Families with dependent children: Total,51,45,39,34,5,6,3,3,6,1,5
S01007898,Families with dependent children: Youngest aged 0 to 4,16,14,11,10,1,3,2,1,2,1,1
S01007898,Families with dependent children: Youngest aged 5 to 11,16,14,12,11,1,2,1,1,2,0,2
S01007898,Families with dependent children: Youngest aged 12 to 18,19,17,16,13,3,1,0,1,2,0,2
S01007899,All families in households,107,98,92,83,9,6,5,1,9,3,6
S01007899,Families with no dependent children,75,68,65,61,4,3,3,0,7,3,4
S01007899,Families with dependent children: Total,32,30,27,22,5,3,2,1,2,0,2
S01007899,Families with dependent children: Youngest aged 0 to 4,11,10,7,7,0,3,2,1,1,0,1
S01007899,Families with dependent children: Youngest aged 5 to 11,10,9,9,6,3,0,0,0,1,0,1
S01007899,Families with dependent children: Youngest aged 12 to 18,11,11,11,9,2,0,0,0,0,0,0
S01007900,All families in households,161,123,98,94,4,25,20,5,38,3,35
S01007900,Families with no dependent children,100,89,77,73,4,12,11,1,11,2,9
S01007900,Families with dependent children: Total,61,34,21,21,0,13,9,4,27,1,26
S01007900,Families with dependent children: Youngest aged 0 to 4,19,10,2,2,0,8,7,1,9,0,9
S01007900,Families with dependent children: Youngest aged 5 to 11,20,10,8,8,0,2,1,1,10,0,10
S01007900,Families with dependent children: Youngest aged 12 to 18,22,14,11,11,0,3,1,2,8,1,7
S01007901,All families in households,209,168,128,122,6,40,29,11,41,5,36
S01007901,Families with no dependent children,119,103,91,90,1,12,11,1,16,3,13
S01007901,Families with dependent children: Total,90,65,37,32,5,28,18,10,25,2,23
S01007901,Families with dependent children: Youngest aged 0 to 4,48,37,18,18,0,19,15,4,11,0,11
S01007901,Families with dependent children: Youngest aged 5 to 11,20,15,9,6,3,6,2,4,5,0,5
S01007901,Families with dependent children: Youngest aged 12 to 18,22,13,10,8,2,3,1,2,9,2,7
S01007902,All families in households,269,204,142,132,10,62,47,15,65,9,56
S01007902,Families with no dependent children,162,139,118,114,4,21,17,4,23,8,15
S01007902,Families with dependent children: Total,107,65,24,18,6,41,30,11,42,1,41
S01007902,Families with dependent children: Youngest aged 0 to 4,45,29,9,7,2,20,18,2,16,0,16
S01007902,Families with dependent children: Youngest aged 5 to 11,36,20,6,5,1,14,10,4,16,0,16
S01007902,Families with dependent children: Youngest aged 12 to 18,26,16,9,6,3,7,2,5,10,1,9
S01007903,All families in households,193,171,134,132,2,37,26,11,22,2,20
S01007903,Families with no dependent children,133,127,107,107,0,20,17,3,6,1,5
S01007903,Families with dependent children: Total,60,44,27,25,2,17,9,8,16,1,15
S01007903,Families with dependent children: Youngest aged 0 to 4,18,14,6,5,1,8,6,2,4,0,4
S01007903,Families with dependent children: Youngest aged 5 to 11,18,14,10,10,0,4,2,2,4,1,3
S01007903,Families with dependent children: Youngest aged 12 to 18,24,16,11,10,1,5,1,4,8,0,8
S01007904,All families in households,254,230,201,196,5,29,25,4,24,4,20
S01007904,Families with no dependent children,166,158,135,133,2,23,22,1,8,1,7
S01007904,Families with dependent children: Total,88,72,66,63,3,6,3,3,16,3,13
S01007904,Families with dependent children: Youngest aged 0 to 4,27,21,18,17,1,3,2,1,6,1,5
S01007904,Families with dependent children: Youngest aged 5 to 11,30,26,25,23,2,1,0,1,4,1,3
S01007904,Families with dependent children: Youngest aged 12 to 18,31,25,23,23,0,2,1,1,6,1,5
S01007905,All families in households,212,150,113,106,7,37,29,8,62,6,56
S01007905,Families with no dependent children,105,93,80,78,2,13,12,1,12,4,8
S01007905,Families with dependent children: Total,107,57,33,28,5,24,17,7,50,2,48
S01007905,Families with dependent children: Youngest aged 0 to 4,35,25,9,7,2,16,13,3,10,0,10
S01007905,Families with dependent children: Youngest aged 5 to 11,28,10,8,6,2,2,2,0,18,0,18
S01007905,Families with dependent children: Youngest aged 12 to 18,44,22,16,15,1,6,2,4,22,2,20
S01007906,All families in households,213,155,123,122,1,32,30,2,58,6,52
S01007906,Families with no dependent children,146,122,102,101,1,20,20,0,24,5,19
S01007906,Families with dependent children: Total,67,33,21,21,0,12,10,2,34,1,33
S01007906,Families with dependent children: Youngest aged 0 to 4,28,15,6,6,0,9,7,2,13,0,13
S01007906,Families with dependent children: Youngest aged 5 to 11,22,11,8,8,0,3,3,0,11,0,11
S01007906,Families with dependent children: Youngest aged 12 to 18,17,7,7,7,0,0,0,0,10,1,9
S01007907,All families in households,163,131,119,114,5,12,8,4,32,5,27
S01007907,Families with no dependent children,118,100,89,87,2,11,7,4,18,4,14
S01007907,Families with dependent children: Total,45,31,30,27,3,1,1,0,14,1,13
S01007907,Families with dependent children: Youngest aged 0 to 4,11,5,5,5,0,0,0,0,6,0,6
S01007907,Families with dependent children: Youngest aged 5 to 11,13,12,11,10,1,1,1,0,1,0,1
S01007907,Families with dependent children: Youngest aged 12 to 18,21,14,14,12,2,0,0,0,7,1,6
S01007908,All families in households,286,239,209,205,4,30,26,4,47,13,34
S01007908,Families with no dependent children,194,170,152,151,1,18,18,0,24,11,13
S01007908,Families with dependent children: Total,92,69,57,54,3,12,8,4,23,2,21
S01007908,Families with dependent children: Youngest aged 0 to 4,33,23,16,16,0,7,5,2,10,0,10
S01007908,Families with dependent children: Youngest aged 5 to 11,26,18,16,15,1,2,1,1,8,2,6
S01007908,Families with dependent children: Youngest aged 12 to 18,33,28,25,23,2,3,2,1,5,0,5
S01007909,All families in households,163,126,93,89,4,33,22,11,37,6,31
S01007909,Families with no dependent children,75,66,54,53,1,12,9,3,9,3,6
S01007909,Families with dependent children: Total,88,60,39,36,3,21,13,8,28,3,25
S01007909,Families with dependent children: Youngest aged 0 to 4,31,21,12,11,1,9,8,1,10,1,9
S01007909,Families with dependent children: Youngest aged 5 to 11,35,21,13,11,2,8,4,4,14,2,12
S01007909,Families with dependent children: Youngest aged 12 to 18,22,18,14,14,0,4,1,3,4,0,4
S01007910,All families in households,274,169,132,126,6,37,24,13,105,9,96
S01007910,Families with no dependent children,120,89,81,79,2,8,7,1,31,5,26
S01007910,Families with dependent children: Total,154,80,51,47,4,29,17,12,74,4,70
S01007910,Families with dependent children: Youngest aged 0 to 4,56,32,13,12,1,19,13,6,24,0,24
S01007910,Families with dependent children: Youngest aged 5 to 11,50,25,18,17,1,7,3,4,25,1,24
S01007910,Families with dependent children: Youngest aged 12 to 18,48,23,20,18,2,3,1,2,25,3,22
S01007911,All families in households,231,183,152,146,6,31,26,5,48,6,42
S01007911,Families with no dependent children,127,112,95,93,2,17,17,0,15,2,13
S01007911,Families with dependent children: Total,104,71,57,53,4,14,9,5,33,4,29
S01007911,Families with dependent children: Youngest aged 0 to 4,38,26,17,17,0,9,6,3,12,0,12
S01007911,Families with dependent children: Youngest aged 5 to 11,32,22,18,16,2,4,3,1,10,0,10
S01007911,Families with dependent children: Youngest aged 12 to 18,34,23,22,20,2,1,0,1,11,4,7
S01007912,All families in households,241,207,159,152,7,48,40,8,34,4,30
S01007912,Families with no dependent children,163,144,114,111,3,30,27,3,19,4,15
S01007912,Families with dependent children: Total,78,63,45,41,4,18,13,5,15,0,15
S01007912,Families with dependent children: Youngest aged 0 to 4,33,23,11,11,0,12,10,2,10,0,10
S01007912,Families with dependent children: Youngest aged 5 to 11,14,13,12,9,3,1,1,0,1,0,1
S01007912,Families with dependent children: Youngest aged 12 to 18,31,27,22,21,1,5,2,3,4,0,4
S01007913,All families in households,185,133,93,87,6,40,34,6,52,12,40
S01007913,Families with no dependent children,109,89,75,72,3,14,13,1,20,4,16
S01007913,Families with dependent children: Total,76,44,18,15,3,26,21,5,32,8,24
S01007913,Families with dependent children: Youngest aged 0 to 4,28,19,4,3,1,15,13,2,9,1,8
S01007913,Families with dependent children: Youngest aged 5 to 11,25,12,4,4,0,8,7,1,13,3,10
S01007913,Families with dependent children: Youngest aged 12 to 18,23,13,10,8,2,3,1,2,10,4,6
S01007914,All families in households,188,133,108,103,5,25,18,7,55,11,44
S01007914,Families with no dependent children,106,80,75,74,1,5,4,1,26,8,18
S01007914,Families with dependent children: Total,82,53,33,29,4,20,14,6,29,3,26
S01007914,Families with dependent children: Youngest aged 0 to 4,32,24,10,9,1,14,13,1,8,0,8
S01007914,Families with dependent children: Youngest aged 5 to 11,18,13,10,7,3,3,0,3,5,1,4
S01007914,Families with dependent children: Youngest aged 12 to 18,32,16,13,13,0,3,1,2,16,2,14
S01007915,All families in households,259,207,144,138,6,63,50,13,52,6,46
S01007915,Families with no dependent children,145,131,109,105,4,22,19,3,14,2,12
S01007915,Families with dependent children: Total,114,76,35,33,2,41,31,10,38,4,34
S01007915,Families with dependent children: Youngest aged 0 to 4,47,37,11,10,1,26,23,3,10,0,10
S01007915,Families with dependent children: Youngest aged 5 to 11,23,15,7,6,1,8,5,3,8,0,8
S01007915,Families with dependent children: Youngest aged 12 to 18,44,24,17,17,0,7,3,4,20,4,16
S01007916,All families in households,233,195,163,158,5,32,25,7,38,4,34
S01007916,Families with no dependent children,154,142,126,125,1,16,14,2,12,0,12
S01007916,Families with dependent children: Total,79,53,37,33,4,16,11,5,26,4,22
S01007916,Families with dependent children: Youngest aged 0 to 4,27,21,12,10,2,9,7,2,6,0,6
S01007916,Families with dependent children: Youngest aged 5 to 11,19,15,13,12,1,2,1,1,4,2,2
S01007916,Families with dependent children: Youngest aged 12 to 18,33,17,12,11,1,5,3,2,16,2,14
S01007917,All families in households,263,215,171,166,5,44,35,9,48,10,38
S01007917,Families with no dependent children,180,157,138,136,2,19,18,1,23,5,18
S01007917,Families with dependent children: Total,83,58,33,30,3,25,17,8,25,5,20
S01007917,Families with dependent children: Youngest aged 0 to 4,26,14,7,7,0,7,7,0,12,0,12
S01007917,Families with dependent children: Youngest aged 5 to 11,36,30,16,14,2,14,8,6,6,3,3
S01007917,Families with dependent children: Youngest aged 12 to 18,21,14,10,9,1,4,2,2,7,2,5
S01007918,All families in households,245,202,157,149,8,45,36,9,43,9,34
S01007918,Families with no dependent children,146,130,107,103,4,23,21,2,16,4,12
S01007918,Families with dependent children: Total,99,72,50,46,4,22,15,7,27,5,22
S01007918,Families with dependent children: Youngest aged 0 to 4,32,26,10,9,1,16,13,3,6,2,4
S01007918,Families with dependent children: Youngest aged 5 to 11,29,19,18,16,2,1,0,1,10,1,9
S01007918,Families with dependent children: Youngest aged 12 to 18,38,27,22,21,1,5,2,3,11,2,9
S01007919,All families in households,243,227,208,200,8,19,16,3,16,2,14
S01007919,Families with no dependent children,152,143,133,133,0,10,10,0,9,1,8
S01007919,Families with dependent children: Total,91,84,75,67,8,9,6,3,7,1,6
S01007919,Families with dependent children: Youngest aged 0 to 4,23,21,17,15,2,4,3,1,2,0,2
S01007919,Families with dependent children: Youngest aged 5 to 11,39,37,35,32,3,2,2,0,2,0,2
S01007919,Families with dependent children: Youngest aged 12 to 18,29,26,23,20,3,3,1,2,3,1,2
S01007920,All families in households,201,176,151,143,8,25,20,5,25,3,22
S01007920,Families with no dependent children,122,111,101,101,0,10,10,0,11,2,9
S01007920,Families with dependent children: Total,79,65,50,42,8,15,10,5,14,1,13
S01007920,Families with dependent children: Youngest aged 0 to 4,34,27,19,17,2,8,6,2,7,0,7
S01007920,Families with dependent children: Youngest aged 5 to 11,25,22,17,14,3,5,3,2,3,1,2
S01007920,Families with dependent children: Youngest aged 12 to 18,20,16,14,11,3,2,1,1,4,0,4
S01007921,All families in households,271,201,140,131,9,61,49,12,70,7,63
S01007921,Families with no dependent children,153,126,101,98,3,25,23,2,27,5,22
S01007921,Families with dependent children: Total,118,75,39,33,6,36,26,10,43,2,41
S01007921,Families with dependent children: Youngest aged 0 to 4,41,28,13,10,3,15,14,1,13,0,13
S01007921,Families with dependent children: Youngest aged 5 to 11,41,25,11,8,3,14,8,6,16,1,15
S01007921,Families with dependent children: Youngest aged 12 to 18,36,22,15,15,0,7,4,3,14,1,13
S01007922,All families in households,253,172,127,121,6,45,37,8,81,10,71
S01007922,Families with no dependent children,138,109,94,92,2,15,14,1,29,6,23
S01007922,Families with dependent children: Total,115,63,33,29,4,30,23,7,52,4,48
S01007922,Families with dependent children: Youngest aged 0 to 4,26,19,5,5,0,14,11,3,7,0,7
S01007922,Families with dependent children: Youngest aged 5 to 11,46,26,14,12,2,12,8,4,20,1,19
S01007922,Families with dependent children: Youngest aged 12 to 18,43,18,14,12,2,4,4,0,25,3,22
S01007923,All families in households,300,262,221,210,11,41,35,6,38,9,29
S01007923,Families with no dependent children,192,177,153,150,3,24,23,1,15,5,10
S01007923,Families with dependent children: Total,108,85,68,60,8,17,12,5,23,4,19
S01007923,Families with dependent children: Youngest aged 0 to 4,52,42,31,29,2,11,10,1,10,0,10
S01007923,Families with dependent children: Youngest aged 5 to 11,28,19,17,15,2,2,1,1,9,3,6
S01007923,Families with dependent children: Youngest aged 12 to 18,28,24,20,16,4,4,1,3,4,1,3
S01007924,All families in households,290,208,165,150,15,43,36,7,82,10,72
S01007924,Families with no dependent children,159,133,110,105,5,23,23,0,26,5,21
S01007924,Families with dependent children: Total,131,75,55,45,10,20,13,7,56,5,51
S01007924,Families with dependent children: Youngest aged 0 to 4,50,32,23,18,5,9,8,1,18,0,18
S01007924,Families with dependent children: Youngest aged 5 to 11,50,26,19,16,3,7,3,4,24,3,21
S01007924,Families with dependent children: Youngest aged 12 to 18,31,17,13,11,2,4,2,2,14,2,12
S01007925,All families in households,149,139,122,119,3,17,15,2,10,2,8
S01007925,Families with no dependent children,100,96,84,82,2,12,12,0,4,2,2
S01007925,Families with dependent children: Total,49,43,38,37,1,5,3,2,6,0,6
S01007925,Families with dependent children: Youngest aged 0 to 4,12,11,7,7,0,4,3,1,1,0,1
S01007925,Families with dependent children: Youngest aged 5 to 11,23,18,17,16,1,1,0,1,5,0,5
S01007925,Families with dependent children: Youngest aged 12 to 18,14,14,14,14,0,0,0,0,0,0,0
S01007926,All families in households,155,147,121,115,6,26,24,2,8,1,7
S01007926,Families with no dependent children,99,97,85,82,3,12,11,1,2,0,2
S01007926,Families with dependent children: Total,56,50,36,33,3,14,13,1,6,1,5
S01007926,Families with dependent children: Youngest aged 0 to 4,22,21,10,9,1,11,10,1,1,0,1
S01007926,Families with dependent children: Youngest aged 5 to 11,14,12,9,9,0,3,3,0,2,0,2
S01007926,Families with dependent children: Youngest aged 12 to 18,20,17,17,15,2,0,0,0,3,1,2
S01007927,All families in households,186,173,154,149,5,19,13,6,13,2,11
S01007927,Families with no dependent children,119,110,101,100,1,9,8,1,9,2,7
S01007927,Families with dependent children: Total,67,63,53,49,4,10,5,5,4,0,4
S01007927,Families with dependent children: Youngest aged 0 to 4,23,22,16,16,0,6,4,2,1,0,1
S01007927,Families with dependent children: Youngest aged 5 to 11,14,13,11,9,2,2,0,2,1,0,1
S01007927,Families with dependent children: Youngest aged 12 to 18,30,28,26,24,2,2,1,1,2,0,2
S01007928,All families in households,309,268,226,220,6,42,35,7,41,6,35
S01007928,Families with no dependent children,187,174,149,148,1,25,24,1,13,3,10
S01007928,Families with dependent children: Total,122,94,77,72,5,17,11,6,28,3,25
S01007928,Families with dependent children: Youngest aged 0 to 4,42,37,28,27,1,9,8,1,5,0,5
S01007928,Families with dependent children: Youngest aged 5 to 11,41,26,20,20,0,6,3,3,15,1,14
S01007928,Families with dependent children: Youngest aged 12 to 18,39,31,29,25,4,2,0,2,8,2,6
S01007929,All families in households,225,208,182,173,9,26,20,6,17,4,13
S01007929,Families with no dependent children,133,125,114,112,2,11,10,1,8,2,6
S01007929,Families with dependent children: Total,92,83,68,61,7,15,10,5,9,2,7
S01007929,Families with dependent children: Youngest aged 0 to 4,42,36,30,28,2,6,5,1,6,1,5
S01007929,Families with dependent children: Youngest aged 5 to 11,23,22,15,13,2,7,5,2,1,0,1
S01007929,Families with dependent children: Youngest aged 12 to 18,27,25,23,20,3,2,0,2,2,1,1
S01007930,All families in households,192,180,158,155,3,22,18,4,12,2,10
S01007930,Families with no dependent children,119,113,99,98,1,14,13,1,6,0,6
S01007930,Families with dependent children: Total,73,67,59,57,2,8,5,3,6,2,4
S01007930,Families with dependent children: Youngest aged 0 to 4,30,28,22,22,0,6,4,2,2,0,2
S01007930,Families with dependent children: Youngest aged 5 to 11,18,16,16,15,1,0,0,0,2,0,2
S01007930,Families with dependent children: Youngest aged 12 to 18,25,23,21,20,1,2,1,1,2,2,0
S01007931,All families in households,353,316,265,259,6,51,44,7,37,3,34
S01007931,Families with no dependent children,211,194,166,165,1,28,28,0,17,3,14
S01007931,Families with dependent children: Total,142,122,99,94,5,23,16,7,20,0,20
S01007931,Families with dependent children: Youngest aged 0 to 4,75,67,51,50,1,16,13,3,8,0,8
S01007931,Families with dependent children: Youngest aged 5 to 11,29,23,20,19,1,3,2,1,6,0,6
S01007931,Families with dependent children: Youngest aged 12 to 18,38,32,28,25,3,4,1,3,6,0,6
S01007932,All families in households,276,253,231,226,5,22,17,5,23,2,21
S01007932,Families with no dependent children,199,188,176,173,3,12,11,1,11,1,10
S01007932,Families with dependent children: Total,77,65,55,53,2,10,6,4,12,1,11
S01007932,Families with dependent children: Youngest aged 0 to 4,22,17,14,14,0,3,2,1,5,1,4
S01007932,Families with dependent children: Youngest aged 5 to 11,26,22,18,17,1,4,4,0,4,0,4
S01007932,Families with dependent children: Youngest aged 12 to 18,29,26,23,22,1,3,0,3,3,0,3
S01007933,All families in households,257,214,177,166,11,37,25,12,43,6,37
S01007933,Families with no dependent children,119,105,90,90,0,15,13,2,14,5,9
S01007933,Families with dependent children: Total,138,109,87,76,11,22,12,10,29,1,28
S01007933,Families with dependent children: Youngest aged 0 to 4,51,40,32,31,1,8,4,4,11,0,11
S01007933,Families with dependent children: Youngest aged 5 to 11,47,36,28,24,4,8,6,2,11,0,11
S01007933,Families with dependent children: Youngest aged 12 to 18,40,33,27,21,6,6,2,4,7,1,6
S01007934,All families in households,208,169,142,139,3,27,19,8,39,2,37
S01007934,Families with no dependent children,100,87,79,79,0,8,8,0,13,1,12
S01007934,Families with dependent children: Total,108,82,63,60,3,19,11,8,26,1,25
S01007934,Families with dependent children: Youngest aged 0 to 4,39,31,18,17,1,13,9,4,8,0,8
S01007934,Families with dependent children: Youngest aged 5 to 11,37,31,26,26,0,5,2,3,6,0,6
S01007934,Families with dependent children: Youngest aged 12 to 18,32,20,19,17,2,1,0,1,12,1,11
S01007935,All families in households,214,151,110,106,4,41,36,5,63,6,57
S01007935,Families with no dependent children,123,107,76,75,1,31,29,2,16,5,11
S01007935,Families with dependent children: Total,91,44,34,31,3,10,7,3,47,1,46
S01007935,Families with dependent children: Youngest aged 0 to 4,40,19,11,10,1,8,7,1,21,0,21
S01007935,Families with dependent children: Youngest aged 5 to 11,27,14,13,12,1,1,0,1,13,1,12
S01007935,Families with dependent children: Youngest aged 12 to 18,24,11,10,9,1,1,0,1,13,0,13
S01007936,All families in households,313,290,252,242,10,38,34,4,23,5,18
S01007936,Families with no dependent children,167,159,132,126,6,27,26,1,8,3,5
S01007936,Families with dependent children: Total,146,131,120,116,4,11,8,3,15,2,13
S01007936,Families with dependent children: Youngest aged 0 to 4,46,44,37,36,1,7,6,1,2,0,2
S01007936,Families with dependent children: Youngest aged 5 to 11,56,48,45,44,1,3,2,1,8,2,6
S01007936,Families with dependent children: Youngest aged 12 to 18,44,39,38,36,2,1,0,1,5,0,5
S01007937,All families in households,336,295,252,242,10,43,35,8,41,0,41
S01007937,Families with no dependent children,204,192,169,166,3,23,22,1,12,0,12
S01007937,Families with dependent children: Total,132,103,83,76,7,20,13,7,29,0,29
S01007937,Families with dependent children: Youngest aged 0 to 4,60,50,37,36,1,13,9,4,10,0,10
S01007937,Families with dependent children: Youngest aged 5 to 11,35,24,18,15,3,6,3,3,11,0,11
S01007937,Families with dependent children: Youngest aged 12 to 18,37,29,28,25,3,1,1,0,8,0,8
S01007938,All families in households,227,169,122,118,4,47,34,13,58,5,53
S01007938,Families with no dependent children,138,117,93,92,1,24,23,1,21,3,18
S01007938,Families with dependent children: Total,89,52,29,26,3,23,11,12,37,2,35
S01007938,Families with dependent children: Youngest aged 0 to 4,32,20,9,8,1,11,9,2,12,0,12
S01007938,Families with dependent children: Youngest aged 5 to 11,29,17,10,8,2,7,1,6,12,0,12
S01007938,Families with dependent children: Youngest aged 12 to 18,28,15,10,10,0,5,1,4,13,2,11
S01007939,All families in households,273,196,141,134,7,55,43,12,77,4,73
S01007939,Families with no dependent children,157,139,107,104,3,32,30,2,18,3,15
S01007939,Families with dependent children: Total,116,57,34,30,4,23,13,10,59,1,58
S01007939,Families with dependent children: Youngest aged 0 to 4,42,24,12,12,0,12,8,4,18,0,18
S01007939,Families with dependent children: Youngest aged 5 to 11,38,16,11,7,4,5,3,2,22,0,22
S01007939,Families with dependent children: Youngest aged 12 to 18,36,17,11,11,0,6,2,4,19,1,18
S01007940,All families in households,315,265,218,211,7,47,39,8,50,7,43
S01007940,Families with no dependent children,195,178,150,147,3,28,26,2,17,4,13
S01007940,Families with dependent children: Total,120,87,68,64,4,19,13,6,33,3,30
S01007940,Families with dependent children: Youngest aged 0 to 4,41,33,25,22,3,8,7,1,8,0,8
S01007940,Families with dependent children: Youngest aged 5 to 11,43,27,20,20,0,7,3,4,16,3,13
S01007940,Families with dependent children: Youngest aged 12 to 18,36,27,23,22,1,4,3,1,9,0,9
S01007941,All families in households,216,195,178,174,4,17,13,4,21,3,18
S01007941,Families with no dependent children,148,142,133,131,2,9,8,1,6,2,4
S01007941,Families with dependent children: Total,68,53,45,43,2,8,5,3,15,1,14
S01007941,Families with dependent children: Youngest aged 0 to 4,15,10,5,5,0,5,3,2,5,0,5
S01007941,Families with dependent children: Youngest aged 5 to 11,22,19,17,16,1,2,2,0,3,1,2
S01007941,Families with dependent children: Youngest aged 12 to 18,31,24,23,22,1,1,0,1,7,0,7
S01007942,All families in households,145,117,90,87,3,27,18,9,28,1,27
S01007942,Families with no dependent children,58,56,44,44,0,12,12,0,2,0,2
S01007942,Families with dependent children: Total,87,61,46,43,3,15,6,9,26,1,25
S01007942,Families with dependent children: Youngest aged 0 to 4,50,35,25,24,1,10,5,5,15,1,14
S01007942,Families with dependent children: Youngest aged 5 to 11,29,23,18,17,1,5,1,4,6,0,6
S01007942,Families with dependent children: Youngest aged 12 to 18,8,3,3,2,1,0,0,0,5,0,5
S01007943,All families in households,214,183,152,147,5,31,26,5,31,1,30
S01007943,Families with no dependent children,151,140,123,120,3,17,16,1,11,0,11
S01007943,Families with dependent children: Total,63,43,29,27,2,14,10,4,20,1,19
S01007943,Families with dependent children: Youngest aged 0 to 4,29,20,11,9,2,9,8,1,9,0,9
S01007943,Families with dependent children: Youngest aged 5 to 11,15,11,7,7,0,4,2,2,4,0,4
S01007943,Families with dependent children: Youngest aged 12 to 18,19,12,11,11,0,1,0,1,7,1,6
S01007944,All families in households,281,230,186,183,3,44,32,12,51,8,43
S01007944,Families with no dependent children,173,157,137,136,1,20,20,0,16,4,12
S01007944,Families with dependent children: Total,108,73,49,47,2,24,12,12,35,4,31
S01007944,Families with dependent children: Youngest aged 0 to 4,36,26,14,14,0,12,6,6,10,0,10
S01007944,Families with dependent children: Youngest aged 5 to 11,42,25,17,15,2,8,4,4,17,2,15
S01007944,Families with dependent children: Youngest aged 12 to 18,30,22,18,18,0,4,2,2,8,2,6
S01007945,All families in households,237,198,157,151,6,41,38,3,39,8,31
S01007945,Families with no dependent children,148,139,112,110,2,27,26,1,9,4,5
S01007945,Families with dependent children: Total,89,59,45,41,4,14,12,2,30,4,26
S01007945,Families with dependent children: Youngest aged 0 to 4,31,23,16,15,1,7,7,0,8,0,8
S01007945,Families with dependent children: Youngest aged 5 to 11,28,20,16,14,2,4,4,0,8,3,5
S01007945,Families with dependent children: Youngest aged 12 to 18,30,16,13,12,1,3,1,2,14,1,13
S01007946,All families in households,218,165,121,117,4,44,33,11,53,12,41
S01007946,Families with no dependent children,127,114,87,86,1,27,24,3,13,4,9
S01007946,Families with dependent children: Total,91,51,34,31,3,17,9,8,40,8,32
S01007946,Families with dependent children: Youngest aged 0 to 4,31,12,8,7,1,4,4,0,19,3,16
S01007946,Families with dependent children: Youngest aged 5 to 11,25,15,11,10,1,4,2,2,10,3,7
S01007946,Families with dependent children: Youngest aged 12 to 18,35,24,15,14,1,9,3,6,11,2,9
S01007947,All families in households,216,190,170,165,5,20,16,4,26,6,20
S01007947,Families with no dependent children,127,121,116,114,2,5,4,1,6,2,4
S01007947,Families with dependent children: Total,89,69,54,51,3,15,12,3,20,4,16
S01007947,Families with dependent children: Youngest aged 0 to 4,26,20,13,12,1,7,5,2,6,0,6
S01007947,Families with dependent children: Youngest aged 5 to 11,35,26,19,19,0,7,6,1,9,2,7
S01007947,Families with dependent children: Youngest aged 12 to 18,28,23,22,20,2,1,1,0,5,2,3
S01007948,All families in households,191,139,106,104,2,33,25,8,52,9,43
S01007948,Families with no dependent children,113,97,80,80,0,17,15,2,16,6,10
S01007948,Families with dependent children: Total,78,42,26,24,2,16,10,6,36,3,33
S01007948,Families with dependent children: Youngest aged 0 to 4,33,15,4,4,0,11,8,3,18,0,18
S01007948,Families with dependent children: Youngest aged 5 to 11,30,20,15,14,1,5,2,3,10,0,10
S01007948,Families with dependent children: Youngest aged 12 to 18,15,7,7,6,1,0,0,0,8,3,5
S01007949,All families in households,247,221,185,183,2,36,31,5,26,3,23
S01007949,Families with no dependent children,172,164,137,136,1,27,26,1,8,0,8
S01007949,Families with dependent children: Total,75,57,48,47,1,9,5,4,18,3,15
S01007949,Families with dependent children: Youngest aged 0 to 4,21,17,13,13,0,4,4,0,4,0,4
S01007949,Families with dependent children: Youngest aged 5 to 11,25,18,14,14,0,4,1,3,7,1,6
S01007949,Families with dependent children: Youngest aged 12 to 18,29,22,21,20,1,1,0,1,7,2,5
S01007950,All families in households,283,248,212,203,9,36,29,7,35,4,31
S01007950,Families with no dependent children,177,168,143,142,1,25,24,1,9,1,8
S01007950,Families with dependent children: Total,106,80,69,61,8,11,5,6,26,3,23
S01007950,Families with dependent children: Youngest aged 0 to 4,22,18,16,14,2,2,2,0,4,0,4
S01007950,Families with dependent children: Youngest aged 5 to 11,47,37,32,28,4,5,1,4,10,0,10
S01007950,Families with dependent children: Youngest aged 12 to 18,37,25,21,19,2,4,2,2,12,3,9
S01007951,All families in households,228,192,145,140,5,47,39,8,36,2,34
S01007951,Families with no dependent children,135,118,96,95,1,22,21,1,17,1,16
S01007951,Families with dependent children: Total,93,74,49,45,4,25,18,7,19,1,18
S01007951,Families with dependent children: Youngest aged 0 to 4,28,22,11,9,2,11,11,0,6,0,6
S01007951,Families with dependent children: Youngest aged 5 to 11,33,26,19,18,1,7,4,3,7,0,7
S01007951,Families with dependent children: Youngest aged 12 to 18,32,26,19,18,1,7,3,4,6,1,5
S01007952,All families in households,158,120,85,83,2,35,29,6,38,6,32
S01007952,Families with no dependent children,110,93,68,68,0,25,23,2,17,4,13
S01007952,Families with dependent children: Total,48,27,17,15,2,10,6,4,21,2,19
S01007952,Families with dependent children: Youngest aged 0 to 4,20,12,6,6,0,6,5,1,8,0,8
S01007952,Families with dependent children: Youngest aged 5 to 11,11,7,5,4,1,2,1,1,4,0,4
S01007952,Families with dependent children: Youngest aged 12 to 18,17,8,6,5,1,2,0,2,9,2,7
S01007953,All families in households,281,219,174,167,7,45,35,10,62,4,58
S01007953,Families with no dependent children,149,132,108,104,4,24,24,0,17,2,15
S01007953,Families with dependent children: Total,132,87,66,63,3,21,11,10,45,2,43
S01007953,Families with dependent children: Youngest aged 0 to 4,39,29,17,16,1,12,8,4,10,0,10
S01007953,Families with dependent children: Youngest aged 5 to 11,45,28,23,22,1,5,2,3,17,0,17
S01007953,Families with dependent children: Youngest aged 12 to 18,48,30,26,25,1,4,1,3,18,2,16
S01007954,All families in households,207,139,111,104,7,28,21,7,68,6,62
S01007954,Families with no dependent children,110,91,79,78,1,12,10,2,19,3,16
S01007954,Families with dependent children: Total,97,48,32,26,6,16,11,5,49,3,46
S01007954,Families with dependent children: Youngest aged 0 to 4,33,18,7,6,1,11,7,4,15,0,15
S01007954,Families with dependent children: Youngest aged 5 to 11,31,15,11,9,2,4,3,1,16,2,14
S01007954,Families with dependent children: Youngest aged 12 to 18,33,15,14,11,3,1,1,0,18,1,17
S01007955,All families in households,251,175,119,108,11,56,41,15,76,5,71
S01007955,Families with no dependent children,120,99,79,75,4,20,18,2,21,2,19
S01007955,Families with dependent children: Total,131,76,40,33,7,36,23,13,55,3,52
S01007955,Families with dependent children: Youngest aged 0 to 4,62,40,15,11,4,25,17,8,22,2,20
S01007955,Families with dependent children: Youngest aged 5 to 11,38,19,13,11,2,6,4,2,19,0,19
S01007955,Families with dependent children: Youngest aged 12 to 18,31,17,12,11,1,5,2,3,14,1,13
S01007956,All families in households,216,155,110,102,8,45,36,9,61,8,53
S01007956,Families with no dependent children,103,88,68,66,2,20,20,0,15,5,10
S01007956,Families with dependent children: Total,113,67,42,36,6,25,16,9,46,3,43
S01007956,Families with dependent children: Youngest aged 0 to 4,45,30,18,15,3,12,9,3,15,0,15
S01007956,Families with dependent children: Youngest aged 5 to 11,38,19,9,8,1,10,6,4,19,1,18
S01007956,Families with dependent children: Youngest aged 12 to 18,30,18,15,13,2,3,1,2,12,2,10
S01007957,All families in households,278,227,178,168,10,49,41,8,51,12,39
S01007957,Families with no dependent children,181,157,130,125,5,27,26,1,24,7,17
S01007957,Families with dependent children: Total,97,70,48,43,5,22,15,7,27,5,22
S01007957,Families with dependent children: Youngest aged 0 to 4,29,24,15,13,2,9,7,2,5,1,4
S01007957,Families with dependent children: Youngest aged 5 to 11,37,24,18,16,2,6,4,2,13,2,11
S01007957,Families with dependent children: Youngest aged 12 to 18,31,22,15,14,1,7,4,3,9,2,7
S01007958,All families in households,251,172,118,111,7,54,44,10,79,7,72
S01007958,Families with no dependent children,144,117,86,84,2,31,28,3,27,3,24
S01007958,Families with dependent children: Total,107,55,32,27,5,23,16,7,52,4,48
S01007958,Families with dependent children: Youngest aged 0 to 4,50,27,8,8,0,19,14,5,23,2,21
S01007958,Families with dependent children: Youngest aged 5 to 11,36,14,11,6,5,3,1,2,22,2,20
S01007958,Families with dependent children: Youngest aged 12 to 18,21,14,13,13,0,1,1,0,7,0,7
S01007959,All families in households,244,222,189,185,4,33,31,2,22,3,19
S01007959,Families with no dependent children,186,173,143,142,1,30,28,2,13,2,11
S01007959,Families with dependent children: Total,58,49,46,43,3,3,3,0,9,1,8
S01007959,Families with dependent children: Youngest aged 0 to 4,15,14,11,10,1,3,3,0,1,0,1
S01007959,Families with dependent children: Youngest aged 5 to 11,21,18,18,17,1,0,0,0,3,1,2
S01007959,Families with dependent children: Youngest aged 12 to 18,22,17,17,16,1,0,0,0,5,0,5
S01007960,All families in households,210,154,121,107,14,33,24,9,56,8,48
S01007960,Families with no dependent children,114,92,78,76,2,14,10,4,22,5,17
S01007960,Families with dependent children: Total,96,62,43,31,12,19,14,5,34,3,31
S01007960,Families with dependent children: Youngest aged 0 to 4,29,23,14,10,4,9,8,1,6,0,6
S01007960,Families with dependent children: Youngest aged 5 to 11,32,22,15,11,4,7,5,2,10,0,10
S01007960,Families with dependent children: Youngest aged 12 to 18,35,17,14,10,4,3,1,2,18,3,15
S01007961,All families in households,234,213,184,176,8,29,27,2,21,4,17
S01007961,Families with no dependent children,170,157,136,135,1,21,21,0,13,3,10
S01007961,Families with dependent children: Total,64,56,48,41,7,8,6,2,8,1,7
S01007961,Families with dependent children: Youngest aged 0 to 4,24,21,19,15,4,2,2,0,3,1,2
S01007961,Families with dependent children: Youngest aged 5 to 11,18,17,15,14,1,2,2,0,1,0,1
S01007961,Families with dependent children: Youngest aged 12 to 18,22,18,14,12,2,4,2,2,4,0,4
S01007962,All families in households,170,122,99,96,3,23,17,6,48,0,48
S01007962,Families with no dependent children,76,66,55,54,1,11,10,1,10,0,10
S01007962,Families with dependent children: Total,94,56,44,42,2,12,7,5,38,0,38
S01007962,Families with dependent children: Youngest aged 0 to 4,33,18,14,13,1,4,2,2,15,0,15
S01007962,Families with dependent children: Youngest aged 5 to 11,40,22,15,14,1,7,4,3,18,0,18
S01007962,Families with dependent children: Youngest aged 12 to 18,21,16,15,15,0,1,1,0,5,0,5
S01007963,All families in households,271,149,89,77,12,60,43,17,122,10,112
S01007963,Families with no dependent children,108,79,58,54,4,21,15,6,29,6,23
S01007963,Families with dependent children: Total,163,70,31,23,8,39,28,11,93,4,89
S01007963,Families with dependent children: Youngest aged 0 to 4,80,32,8,7,1,24,21,3,48,0,48
S01007963,Families with dependent children: Youngest aged 5 to 11,47,25,16,11,5,9,4,5,22,0,22
S01007963,Families with dependent children: Youngest aged 12 to 18,36,13,7,5,2,6,3,3,23,4,19
S01007964,All families in households,228,165,122,116,6,43,33,10,63,3,60
S01007964,Families with no dependent children,136,113,89,86,3,24,19,5,23,3,20
S01007964,Families with dependent children: Total,92,52,33,30,3,19,14,5,40,0,40
S01007964,Families with dependent children: Youngest aged 0 to 4,38,20,7,6,1,13,9,4,18,0,18
S01007964,Families with dependent children: Youngest aged 5 to 11,26,17,13,11,2,4,4,0,9,0,9
S01007964,Families with dependent children: Youngest aged 12 to 18,28,15,13,13,0,2,1,1,13,0,13
S01007965,All families in households,165,116,91,80,11,25,20,5,49,11,38
S01007965,Families with no dependent children,97,78,66,62,4,12,12,0,19,7,12
S01007965,Families with dependent children: Total,68,38,25,18,7,13,8,5,30,4,26
S01007965,Families with dependent children: Youngest aged 0 to 4,30,19,12,10,2,7,5,2,11,0,11
S01007965,Families with dependent children: Youngest aged 5 to 11,18,7,4,3,1,3,3,0,11,0,11
S01007965,Families with dependent children: Youngest aged 12 to 18,20,12,9,5,4,3,0,3,8,4,4
S01007966,All families in households,292,167,128,108,20,39,28,11,125,5,120
S01007966,Families with no dependent children,136,107,91,83,8,16,13,3,29,1,28
S01007966,Families with dependent children: Total,156,60,37,25,12,23,15,8,96,4,92
S01007966,Families with dependent children: Youngest aged 0 to 4,62,25,14,12,2,11,9,2,37,1,36
S01007966,Families with dependent children: Youngest aged 5 to 11,52,18,12,7,5,6,4,2,34,1,33
S01007966,Families with dependent children: Youngest aged 12 to 18,42,17,11,6,5,6,2,4,25,2,23
S01007967,All families in households,193,109,85,77,8,24,19,5,84,10,74
S01007967,Families with no dependent children,85,66,53,50,3,13,11,2,19,5,14
S01007967,Families with dependent children: Total,108,43,32,27,5,11,8,3,65,5,60
S01007967,Families with dependent children: Youngest aged 0 to 4,45,15,10,7,3,5,3,2,30,1,29
S01007967,Families with dependent children: Youngest aged 5 to 11,31,14,9,9,0,5,4,1,17,1,16
S01007967,Families with dependent children: Youngest aged 12 to 18,32,14,13,11,2,1,1,0,18,3,15
S01007968,All families in households,273,216,175,168,7,41,34,7,57,3,54
S01007968,Families with no dependent children,178,156,134,130,4,22,20,2,22,3,19
S01007968,Families with dependent children: Total,95,60,41,38,3,19,14,5,35,0,35
S01007968,Families with dependent children: Youngest aged 0 to 4,35,26,16,16,0,10,6,4,9,0,9
S01007968,Families with dependent children: Youngest aged 5 to 11,32,18,11,8,3,7,6,1,14,0,14
S01007968,Families with dependent children: Youngest aged 12 to 18,28,16,14,14,0,2,2,0,12,0,12
S01007969,All families in households,238,191,145,136,9,46,39,7,47,1,46
S01007969,Families with no dependent children,144,126,104,98,6,22,20,2,18,1,17
S01007969,Families with dependent children: Total,94,65,41,38,3,24,19,5,29,0,29
S01007969,Families with dependent children: Youngest aged 0 to 4,45,34,19,18,1,15,13,2,11,0,11
S01007969,Families with dependent children: Youngest aged 5 to 11,29,17,12,10,2,5,3,2,12,0,12
S01007969,Families with dependent children: Youngest aged 12 to 18,20,14,10,10,0,4,3,1,6,0,6
S01007970,All families in households,262,195,149,147,2,46,41,5,67,8,59
S01007970,Families with no dependent children,153,131,105,104,1,26,26,0,22,5,17
S01007970,Families with dependent children: Total,109,64,44,43,1,20,15,5,45,3,42
S01007970,Families with dependent children: Youngest aged 0 to 4,42,28,17,17,0,11,10,1,14,0,14
S01007970,Families with dependent children: Youngest aged 5 to 11,38,19,14,14,0,5,4,1,19,2,17
S01007970,Families with dependent children: Youngest aged 12 to 18,29,17,13,12,1,4,1,3,12,1,11
S01007971,All families in households,267,198,154,149,5,44,37,7,69,10,59
S01007971,Families with no dependent children,171,140,117,113,4,23,20,3,31,7,24
S01007971,Families with dependent children: Total,96,58,37,36,1,21,17,4,38,3,35
S01007971,Families with dependent children: Youngest aged 0 to 4,35,27,17,17,0,10,8,2,8,0,8
S01007971,Families with dependent children: Youngest aged 5 to 11,32,17,8,8,0,9,8,1,15,1,14
S01007971,Families with dependent children: Youngest aged 12 to 18,29,14,12,11,1,2,1,1,15,2,13
S01007972,All families in households,256,198,160,152,8,38,28,10,58,8,50
S01007972,Families with no dependent children,159,134,113,111,2,21,17,4,25,8,17
S01007972,Families with dependent children: Total,97,64,47,41,6,17,11,6,33,0,33
S01007972,Families with dependent children: Youngest aged 0 to 4,29,21,13,11,2,8,6,2,8,0,8
S01007972,Families with dependent children: Youngest aged 5 to 11,35,21,15,12,3,6,4,2,14,0,14
S01007972,Families with dependent children: Youngest aged 12 to 18,33,22,19,18,1,3,1,2,11,0,11
S01007973,All families in households,274,252,231,226,5,21,20,1,22,3,19
S01007973,Families with no dependent children,202,184,170,167,3,14,13,1,18,3,15
S01007973,Families with dependent children: Total,72,68,61,59,2,7,7,0,4,0,4
S01007973,Families with dependent children: Youngest aged 0 to 4,25,24,19,19,0,5,5,0,1,0,1
S01007973,Families with dependent children: Youngest aged 5 to 11,16,16,14,14,0,2,2,0,0,0,0
S01007973,Families with dependent children: Youngest aged 12 to 18,31,28,28,26,2,0,0,0,3,0,3
S01007974,All families in households,222,152,92,89,3,60,45,15,70,7,63
S01007974,Families with no dependent children,138,105,67,66,1,38,34,4,33,5,28
S01007974,Families with dependent children: Total,84,47,25,23,2,22,11,11,37,2,35
S01007974,Families with dependent children: Youngest aged 0 to 4,32,16,8,8,0,8,5,3,16,1,15
S01007974,Families with dependent children: Youngest aged 5 to 11,28,12,5,5,0,7,3,4,16,1,15
S01007974,Families with dependent children: Youngest aged 12 to 18,24,19,12,10,2,7,3,4,5,0,5
S01007975,All families in households,188,148,114,105,9,34,27,7,40,3,37
S01007975,Families with no dependent children,118,100,81,77,4,19,17,2,18,3,15
S01007975,Families with dependent children: Total,70,48,33,28,5,15,10,5,22,0,22
S01007975,Families with dependent children: Youngest aged 0 to 4,29,20,13,13,0,7,6,1,9,0,9
S01007975,Families with dependent children: Youngest aged 5 to 11,22,14,9,5,4,5,3,2,8,0,8
S01007975,Families with dependent children: Youngest aged 12 to 18,19,14,11,10,1,3,1,2,5,0,5
S01007976,All families in households,172,129,91,88,3,38,36,2,43,10,33
S01007976,Families with no dependent children,123,106,81,78,3,25,25,0,17,7,10
S01007976,Families with dependent children: Total,49,23,10,10,0,13,11,2,26,3,23
S01007976,Families with dependent children: Youngest aged 0 to 4,26,12,5,5,0,7,7,0,14,1,13
S01007976,Families with dependent children: Youngest aged 5 to 11,12,5,1,1,0,4,4,0,7,1,6
S01007976,Families with dependent children: Youngest aged 12 to 18,11,6,4,4,0,2,0,2,5,1,4
S01007977,All families in households,202,163,121,118,3,42,40,2,39,7,32
S01007977,Families with no dependent children,126,107,76,75,1,31,31,0,19,6,13
S01007977,Families with dependent children: Total,76,56,45,43,2,11,9,2,20,1,19
S01007977,Families with dependent children: Youngest aged 0 to 4,32,28,20,19,1,8,8,0,4,0,4
S01007977,Families with dependent children: Youngest aged 5 to 11,15,9,8,8,0,1,0,1,6,0,6
S01007977,Families with dependent children: Youngest aged 12 to 18,29,19,17,16,1,2,1,1,10,1,9
S01007978,All families in households,129,98,57,56,1,41,35,6,31,7,24
S01007978,Families with no dependent children,86,71,41,40,1,30,30,0,15,2,13
S01007978,Families with dependent children: Total,43,27,16,16,0,11,5,6,16,5,11
S01007978,Families with dependent children: Youngest aged 0 to 4,18,14,7,7,0,7,4,3,4,1,3
S01007978,Families with dependent children: Youngest aged 5 to 11,10,8,5,5,0,3,1,2,2,0,2
S01007978,Families with dependent children: Youngest aged 12 to 18,15,5,4,4,0,1,0,1,10,4,6
S01007979,All families in households,255,225,183,179,4,42,36,6,30,7,23
S01007979,Families with no dependent children,167,149,116,114,2,33,31,2,18,6,12
S01007979,Families with dependent children: Total,88,76,67,65,2,9,5,4,12,1,11
S01007979,Families with dependent children: Youngest aged 0 to 4,27,25,22,22,0,3,1,2,2,0,2
S01007979,Families with dependent children: Youngest aged 5 to 11,32,26,20,19,1,6,4,2,6,1,5
S01007979,Families with dependent children: Youngest aged 12 to 18,29,25,25,24,1,0,0,0,4,0,4
S01007980,All families in households,193,158,138,134,4,20,14,6,35,10,25
S01007980,Families with no dependent children,126,108,95,94,1,13,11,2,18,8,10
S01007980,Families with dependent children: Total,67,50,43,40,3,7,3,4,17,2,15
S01007980,Families with dependent children: Youngest aged 0 to 4,22,17,14,14,0,3,2,1,5,0,5
S01007980,Families with dependent children: Youngest aged 5 to 11,23,16,13,11,2,3,1,2,7,1,6
S01007980,Families with dependent children: Youngest aged 12 to 18,22,17,16,15,1,1,0,1,5,1,4
S01007981,All families in households,182,172,157,153,4,15,11,4,10,1,9
S01007981,Families with no dependent children,143,140,131,128,3,9,9,0,3,1,2
S01007981,Families with dependent children: Total,39,32,26,25,1,6,2,4,7,0,7
S01007981,Families with dependent children: Youngest aged 0 to 4,10,7,5,5,0,2,1,1,3,0,3
S01007981,Families with dependent children: Youngest aged 5 to 11,12,11,8,7,1,3,1,2,1,0,1
S01007981,Families with dependent children: Youngest aged 12 to 18,17,14,13,13,0,1,0,1,3,0,3
S01007982,All families in households,177,154,141,134,7,13,9,4,23,0,23
S01007982,Families with no dependent children,119,110,104,101,3,6,5,1,9,0,9
S01007982,Families with dependent children: Total,58,44,37,33,4,7,4,3,14,0,14
S01007982,Families with dependent children: Youngest aged 0 to 4,17,13,8,6,2,5,4,1,4,0,4
S01007982,Families with dependent children: Youngest aged 5 to 11,17,14,12,12,0,2,0,2,3,0,3
S01007982,Families with dependent children: Youngest aged 12 to 18,24,17,17,15,2,0,0,0,7,0,7
S01007983,All families in households,227,161,126,120,6,35,25,10,66,7,59
S01007983,Families with no dependent children,130,111,98,94,4,13,12,1,19,3,16
S01007983,Families with dependent children: Total,97,50,28,26,2,22,13,9,47,4,43
S01007983,Families with dependent children: Youngest aged 0 to 4,22,18,10,10,0,8,5,3,4,1,3
S01007983,Families with dependent children: Youngest aged 5 to 11,41,17,8,7,1,9,6,3,24,0,24
S01007983,Families with dependent children: Youngest aged 12 to 18,34,15,10,9,1,5,2,3,19,3,16
S01007984,All families in households,249,207,180,174,6,27,23,4,42,5,37
S01007984,Families with no dependent children,151,135,122,121,1,13,13,0,16,4,12
S01007984,Families with dependent children: Total,98,72,58,53,5,14,10,4,26,1,25
S01007984,Families with dependent children: Youngest aged 0 to 4,37,28,21,21,0,7,6,1,9,0,9
S01007984,Families with dependent children: Youngest aged 5 to 11,32,23,20,18,2,3,2,1,9,0,9
S01007984,Families with dependent children: Youngest aged 12 to 18,29,21,17,14,3,4,2,2,8,1,7
S01007985,All families in households,268,197,154,144,10,43,29,14,71,7,64
S01007985,Families with no dependent children,147,126,111,107,4,15,13,2,21,6,15
S01007985,Families with dependent children: Total,121,71,43,37,6,28,16,12,50,1,49
S01007985,Families with dependent children: Youngest aged 0 to 4,45,27,13,10,3,14,12,2,18,1,17
S01007985,Families with dependent children: Youngest aged 5 to 11,39,21,15,13,2,6,1,5,18,0,18
S01007985,Families with dependent children: Youngest aged 12 to 18,37,23,15,14,1,8,3,5,14,0,14
S01007986,All families in households,183,149,126,122,4,23,18,5,34,4,30
S01007986,Families with no dependent children,107,91,80,78,2,11,10,1,16,2,14
S01007986,Families with dependent children: Total,76,58,46,44,2,12,8,4,18,2,16
S01007986,Families with dependent children: Youngest aged 0 to 4,26,14,7,7,0,7,6,1,12,1,11
S01007986,Families with dependent children: Youngest aged 5 to 11,23,20,19,17,2,1,1,0,3,0,3
S01007986,Families with dependent children: Youngest aged 12 to 18,27,24,20,20,0,4,1,3,3,1,2
S01007987,All families in households,239,195,168,163,5,27,22,5,44,4,40
S01007987,Families with no dependent children,145,132,112,111,1,20,16,4,13,3,10
S01007987,Families with dependent children: Total,94,63,56,52,4,7,6,1,31,1,30
S01007987,Families with dependent children: Youngest aged 0 to 4,20,17,16,15,1,1,1,0,3,0,3
S01007987,Families with dependent children: Youngest aged 5 to 11,38,23,19,18,1,4,4,0,15,0,15
S01007987,Families with dependent children: Youngest aged 12 to 18,36,23,21,19,2,2,1,1,13,1,12
S01007988,All families in households,266,195,160,149,11,35,30,5,71,7,64
S01007988,Families with no dependent children,164,139,123,118,5,16,14,2,25,5,20
S01007988,Families with dependent children: Total,102,56,37,31,6,19,16,3,46,2,44
S01007988,Families with dependent children: Youngest aged 0 to 4,45,27,16,14,2,11,11,0,18,2,16
S01007988,Families with dependent children: Youngest aged 5 to 11,33,17,11,10,1,6,4,2,16,0,16
S01007988,Families with dependent children: Youngest aged 12 to 18,24,12,10,7,3,2,1,1,12,0,12
S01007989,All families in households,228,144,111,105,6,33,28,5,84,13,71
S01007989,Families with no dependent children,106,85,76,74,2,9,8,1,21,7,14
S01007989,Families with dependent children: Total,122,59,35,31,4,24,20,4,63,6,57
S01007989,Families with dependent children: Youngest aged 0 to 4,42,22,7,7,0,15,13,2,20,2,18
S01007989,Families with dependent children: Youngest aged 5 to 11,36,14,9,5,4,5,4,1,22,2,20
S01007989,Families with dependent children: Youngest aged 12 to 18,44,23,19,19,0,4,3,1,21,2,19
S01007990,All families in households,274,204,155,143,12,49,37,12,70,6,64
S01007990,Families with no dependent children,120,103,81,78,3,22,20,2,17,2,15
S01007990,Families with dependent children: Total,154,101,74,65,9,27,17,10,53,4,49
S01007990,Families with dependent children: Youngest aged 0 to 4,51,35,21,20,1,14,11,3,16,0,16
S01007990,Families with dependent children: Youngest aged 5 to 11,62,38,27,24,3,11,6,5,24,4,20
S01007990,Families with dependent children: Youngest aged 12 to 18,41,28,26,21,5,2,0,2,13,0,13
S01007991,All families in households,299,269,230,218,12,39,28,11,30,4,26
S01007991,Families with no dependent children,141,133,112,108,4,21,19,2,8,1,7
S01007991,Families with dependent children: Total,158,136,118,110,8,18,9,9,22,3,19
S01007991,Families with dependent children: Youngest aged 0 to 4,64,57,46,45,1,11,7,4,7,1,6
S01007991,Families with dependent children: Youngest aged 5 to 11,59,51,47,45,2,4,2,2,8,0,8
S01007991,Families with dependent children: Youngest aged 12 to 18,35,28,25,20,5,3,0,3,7,2,5
S01007992,All families in households,199,182,154,145,9,28,24,4,17,2,15
S01007992,Families with no dependent children,82,81,63,60,3,18,18,0,1,1,0
S01007992,Families with dependent children: Total,117,101,91,85,6,10,6,4,16,1,15
S01007992,Families with dependent children: Youngest aged 0 to 4,44,40,33,31,2,7,4,3,4,0,4
S01007992,Families with dependent children: Youngest aged 5 to 11,38,33,32,28,4,1,1,0,5,0,5
S01007992,Families with dependent children: Youngest aged 12 to 18,35,28,26,26,0,2,1,1,7,1,6
S01007993,All families in households,283,256,222,213,9,34,31,3,27,6,21
S01007993,Families with no dependent children,198,186,163,160,3,23,23,0,12,3,9
S01007993,Families with dependent children: Total,85,70,59,53,6,11,8,3,15,3,12
S01007993,Families with dependent children: Youngest aged 0 to 4,29,26,23,22,1,3,3,0,3,0,3
S01007993,Families with dependent children: Youngest aged 5 to 11,34,26,22,19,3,4,3,1,8,2,6
S01007993,Families with dependent children: Youngest aged 12 to 18,22,18,14,12,2,4,2,2,4,1,3
S01007994,All families in households,255,240,205,197,8,35,28,7,15,2,13
S01007994,Families with no dependent children,102,95,81,81,0,14,14,0,7,2,5
S01007994,Families with dependent children: Total,153,145,124,116,8,21,14,7,8,0,8
S01007994,Families with dependent children: Youngest aged 0 to 4,72,68,56,54,2,12,9,3,4,0,4
S01007994,Families with dependent children: Youngest aged 5 to 11,58,55,48,47,1,7,5,2,3,0,3
S01007994,Families with dependent children: Youngest aged 12 to 18,23,22,20,15,5,2,0,2,1,0,1
S01007995,All families in households,275,255,235,228,7,20,17,3,20,2,18
S01007995,Families with no dependent children,140,132,120,117,3,12,12,0,8,2,6
S01007995,Families with dependent children: Total,135,123,115,111,4,8,5,3,12,0,12
S01007995,Families with dependent children: Youngest aged 0 to 4,52,51,46,44,2,5,4,1,1,0,1
S01007995,Families with dependent children: Youngest aged 5 to 11,52,45,43,42,1,2,1,1,7,0,7
S01007995,Families with dependent children: Youngest aged 12 to 18,31,27,26,25,1,1,0,1,4,0,4
S01007996,All families in households,155,139,129,125,4,10,9,1,16,0,16
S01007996,Families with no dependent children,105,101,93,93,0,8,8,0,4,0,4
S01007996,Families with dependent children: Total,50,38,36,32,4,2,1,1,12,0,12
S01007996,Families with dependent children: Youngest aged 0 to 4,15,11,11,10,1,0,0,0,4,0,4
S01007996,Families with dependent children: Youngest aged 5 to 11,19,14,12,10,2,2,1,1,5,0,5
S01007996,Families with dependent children: Youngest aged 12 to 18,16,13,13,12,1,0,0,0,3,0,3
S01007997,All families in households,208,193,178,172,6,15,14,1,15,1,14
S01007997,Families with no dependent children,150,144,133,129,4,11,11,0,6,1,5
S01007997,Families with dependent children: Total,58,49,45,43,2,4,3,1,9,0,9
S01007997,Families with dependent children: Youngest aged 0 to 4,17,15,13,13,0,2,2,0,2,0,2
S01007997,Families with dependent children: Youngest aged 5 to 11,24,20,18,17,1,2,1,1,4,0,4
S01007997,Families with dependent children: Youngest aged 12 to 18,17,14,14,13,1,0,0,0,3,0,3
S01007998,All families in households,155,141,119,117,2,22,19,3,14,2,12
S01007998,Families with no dependent children,102,98,87,87,0,11,11,0,4,1,3
S01007998,Families with dependent children: Total,53,43,32,30,2,11,8,3,10,1,9
S01007998,Families with dependent children: Youngest aged 0 to 4,21,17,10,9,1,7,5,2,4,0,4
S01007998,Families with dependent children: Youngest aged 5 to 11,15,11,9,9,0,2,1,1,4,0,4
S01007998,Families with dependent children: Youngest aged 12 to 18,17,15,13,12,1,2,2,0,2,1,1
S01007999,All families in households,188,129,94,83,11,35,26,9,59,5,54
S01007999,Families with no dependent children,102,80,61,58,3,19,15,4,22,5,17
S01007999,Families with dependent children: Total,86,49,33,25,8,16,11,5,37,0,37
S01007999,Families with dependent children: Youngest aged 0 to 4,33,19,10,9,1,9,7,2,14,0,14
S01007999,Families with dependent children: Youngest aged 5 to 11,24,15,9,5,4,6,4,2,9,0,9
S01007999,Families with dependent children: Youngest aged 12 to 18,29,15,14,11,3,1,0,1,14,0,14
S01008000,All families in households,259,170,121,112,9,49,41,8,89,8,81
S01008000,Families with no dependent children,125,95,78,73,5,17,15,2,30,6,24
S01008000,Families with dependent children: Total,134,75,43,39,4,32,26,6,59,2,57
S01008000,Families with dependent children: Youngest aged 0 to 4,51,30,15,14,1,15,13,2,21,0,21
S01008000,Families with dependent children: Youngest aged 5 to 11,48,26,14,11,3,12,11,1,22,1,21
S01008000,Families with dependent children: Youngest aged 12 to 18,35,19,14,14,0,5,2,3,16,1,15
S01008001,All families in households,253,143,103,93,10,40,33,7,110,16,94
S01008001,Families with no dependent children,116,82,61,59,2,21,20,1,34,9,25
S01008001,Families with dependent children: Total,137,61,42,34,8,19,13,6,76,7,69
S01008001,Families with dependent children: Youngest aged 0 to 4,52,18,12,11,1,6,5,1,34,0,34
S01008001,Families with dependent children: Youngest aged 5 to 11,48,21,12,10,2,9,8,1,27,3,24
S01008001,Families with dependent children: Youngest aged 12 to 18,37,22,18,13,5,4,0,4,15,4,11
S01008002,All families in households,214,132,86,80,6,46,39,7,82,12,70
S01008002,Families with no dependent children,103,76,51,50,1,25,24,1,27,6,21
S01008002,Families with dependent children: Total,111,56,35,30,5,21,15,6,55,6,49
S01008002,Families with dependent children: Youngest aged 0 to 4,41,23,10,10,0,13,10,3,18,0,18
S01008002,Families with dependent children: Youngest aged 5 to 11,41,20,15,12,3,5,3,2,21,3,18
S01008002,Families with dependent children: Youngest aged 12 to 18,29,13,10,8,2,3,2,1,16,3,13
S01008003,All families in households,175,131,91,83,8,40,33,7,44,1,43
S01008003,Families with no dependent children,87,72,51,49,2,21,19,2,15,0,15
S01008003,Families with dependent children: Total,88,59,40,34,6,19,14,5,29,1,28
S01008003,Families with dependent children: Youngest aged 0 to 4,28,18,11,10,1,7,7,0,10,0,10
S01008003,Families with dependent children: Youngest aged 5 to 11,38,26,16,12,4,10,5,5,12,1,11
S01008003,Families with dependent children: Youngest aged 12 to 18,22,15,13,12,1,2,2,0,7,0,7
S01008004,All families in households,192,151,121,113,8,30,26,4,41,1,40
S01008004,Families with no dependent children,69,60,47,45,2,13,11,2,9,0,9
S01008004,Families with dependent children: Total,123,91,74,68,6,17,15,2,32,1,31
S01008004,Families with dependent children: Youngest aged 0 to 4,66,52,46,44,2,6,6,0,14,0,14
S01008004,Families with dependent children: Youngest aged 5 to 11,34,24,16,13,3,8,7,1,10,1,9
S01008004,Families with dependent children: Youngest aged 12 to 18,23,15,12,11,1,3,2,1,8,0,8
S01008005,All families in households,190,131,73,70,3,58,44,14,59,2,57
S01008005,Families with no dependent children,71,65,38,38,0,27,26,1,6,0,6
S01008005,Families with dependent children: Total,119,66,35,32,3,31,18,13,53,2,51
S01008005,Families with dependent children: Youngest aged 0 to 4,65,38,19,18,1,19,15,4,27,1,26
S01008005,Families with dependent children: Youngest aged 5 to 11,33,19,7,6,1,12,3,9,14,0,14
S01008005,Families with dependent children: Youngest aged 12 to 18,21,9,9,8,1,0,0,0,12,1,11
S01008006,All families in households,170,100,60,57,3,40,30,10,70,2,68
S01008006,Families with no dependent children,82,60,45,44,1,15,12,3,22,2,20
S01008006,Families with dependent children: Total,88,40,15,13,2,25,18,7,48,0,48
S01008006,Families with dependent children: Youngest aged 0 to 4,39,18,4,4,0,14,14,0,21,0,21
S01008006,Families with dependent children: Youngest aged 5 to 11,26,8,3,3,0,5,2,3,18,0,18
S01008006,Families with dependent children: Youngest aged 12 to 18,23,14,8,6,2,6,2,4,9,0,9
S01008007,All families in households,118,75,41,37,4,34,26,8,43,3,40
S01008007,Families with no dependent children,51,45,25,25,0,20,17,3,6,1,5
S01008007,Families with dependent children: Total,67,30,16,12,4,14,9,5,37,2,35
S01008007,Families with dependent children: Youngest aged 0 to 4,32,13,2,2,0,11,9,2,19,0,19
S01008007,Families with dependent children: Youngest aged 5 to 11,14,5,5,3,2,0,0,0,9,0,9
S01008007,Families with dependent children: Youngest aged 12 to 18,21,12,9,7,2,3,0,3,9,2,7
S01008008,All families in households,183,115,69,62,7,46,42,4,68,2,66
S01008008,Families with no dependent children,72,51,28,26,2,23,23,0,21,1,20
S01008008,Families with dependent children: Total,111,64,41,36,5,23,19,4,47,1,46
S01008008,Families with dependent children: Youngest aged 0 to 4,55,30,17,14,3,13,12,1,25,0,25
S01008008,Families with dependent children: Youngest aged 5 to 11,35,24,17,16,1,7,4,3,11,0,11
S01008008,Families with dependent children: Youngest aged 12 to 18,21,10,7,6,1,3,3,0,11,1,10
S01008009,All families in households,215,136,75,70,5,61,48,13,79,5,74
S01008009,Families with no dependent children,93,75,48,47,1,27,24,3,18,2,16
S01008009,Families with dependent children: Total,122,61,27,23,4,34,24,10,61,3,58
S01008009,Families with dependent children: Youngest aged 0 to 4,67,39,13,11,2,26,21,5,28,3,25
S01008009,Families with dependent children: Youngest aged 5 to 11,35,15,10,9,1,5,2,3,20,0,20
S01008009,Families with dependent children: Youngest aged 12 to 18,20,7,4,3,1,3,1,2,13,0,13
S01008010,All families in households,227,185,130,124,6,55,52,3,42,4,38
S01008010,Families with no dependent children,141,126,88,87,1,38,38,0,15,3,12
S01008010,Families with dependent children: Total,86,59,42,37,5,17,14,3,27,1,26
S01008010,Families with dependent children: Youngest aged 0 to 4,39,27,16,15,1,11,11,0,12,0,12
S01008010,Families with dependent children: Youngest aged 5 to 11,27,17,12,11,1,5,2,3,10,1,9
S01008010,Families with dependent children: Youngest aged 12 to 18,20,15,14,11,3,1,1,0,5,0,5
S01008011,All families in households,138,106,63,61,2,43,40,3,32,3,29
S01008011,Families with no dependent children,104,88,56,54,2,32,31,1,16,1,15
S01008011,Families with dependent children: Total,34,18,7,7,0,11,9,2,16,2,14
S01008011,Families with dependent children: Youngest aged 0 to 4,19,12,3,3,0,9,7,2,7,2,5
S01008011,Families with dependent children: Youngest aged 5 to 11,9,5,3,3,0,2,2,0,4,0,4
S01008011,Families with dependent children: Youngest aged 12 to 18,6,1,1,1,0,0,0,0,5,0,5
S01008012,All families in households,180,143,86,84,2,57,48,9,37,4,33
S01008012,Families with no dependent children,117,104,56,55,1,48,45,3,13,1,12
S01008012,Families with dependent children: Total,63,39,30,29,1,9,3,6,24,3,21
S01008012,Families with dependent children: Youngest aged 0 to 4,26,16,11,11,0,5,2,3,10,1,9
S01008012,Families with dependent children: Youngest aged 5 to 11,14,7,6,6,0,1,1,0,7,0,7
S01008012,Families with dependent children: Youngest aged 12 to 18,23,16,13,12,1,3,0,3,7,2,5
S01008013,All families in households,142,117,85,82,3,32,30,2,25,2,23
S01008013,Families with no dependent children,87,80,54,53,1,26,25,1,7,2,5
S01008013,Families with dependent children: Total,55,37,31,29,2,6,5,1,18,0,18
S01008013,Families with dependent children: Youngest aged 0 to 4,25,17,13,13,0,4,4,0,8,0,8
S01008013,Families with dependent children: Youngest aged 5 to 11,20,12,10,8,2,2,1,1,8,0,8
S01008013,Families with dependent children: Youngest aged 12 to 18,10,8,8,8,0,0,0,0,2,0,2
S01008014,All families in households,174,159,134,130,4,25,21,4,15,3,12
S01008014,Families with no dependent children,114,107,92,90,2,15,15,0,7,2,5
S01008014,Families with dependent children: Total,60,52,42,40,2,10,6,4,8,1,7
S01008014,Families with dependent children: Youngest aged 0 to 4,22,21,16,15,1,5,5,0,1,0,1
S01008014,Families with dependent children: Youngest aged 5 to 11,17,14,9,9,0,5,1,4,3,0,3
S01008014,Families with dependent children: Youngest aged 12 to 18,21,17,17,16,1,0,0,0,4,1,3
S01008015,All families in households,207,150,95,92,3,55,48,7,57,9,48
S01008015,Families with no dependent children,122,103,71,71,0,32,32,0,19,3,16
S01008015,Families with dependent children: Total,85,47,24,21,3,23,16,7,38,6,32
S01008015,Families with dependent children: Youngest aged 0 to 4,36,22,6,5,1,16,12,4,14,3,11
S01008015,Families with dependent children: Youngest aged 5 to 11,31,17,13,13,0,4,2,2,14,1,13
S01008015,Families with dependent children: Youngest aged 12 to 18,18,8,5,3,2,3,2,1,10,2,8
S01008016,All families in households,213,171,124,121,3,47,41,6,42,8,34
S01008016,Families with no dependent children,142,128,92,91,1,36,34,2,14,5,9
S01008016,Families with dependent children: Total,71,43,32,30,2,11,7,4,28,3,25
S01008016,Families with dependent children: Youngest aged 0 to 4,25,18,12,12,0,6,4,2,7,0,7
S01008016,Families with dependent children: Youngest aged 5 to 11,27,15,11,11,0,4,3,1,12,2,10
S01008016,Families with dependent children: Youngest aged 12 to 18,19,10,9,7,2,1,0,1,9,1,8
S01008017,All families in households,283,258,237,230,7,21,16,5,25,2,23
S01008017,Families with no dependent children,194,182,167,164,3,15,14,1,12,2,10
S01008017,Families with dependent children: Total,89,76,70,66,4,6,2,4,13,0,13
S01008017,Families with dependent children: Youngest aged 0 to 4,23,21,20,19,1,1,1,0,2,0,2
S01008017,Families with dependent children: Youngest aged 5 to 11,29,27,23,23,0,4,1,3,2,0,2
S01008017,Families with dependent children: Youngest aged 12 to 18,37,28,27,24,3,1,0,1,9,0,9
S01008018,All families in households,214,191,161,158,3,30,25,5,23,4,19
S01008018,Families with no dependent children,160,148,125,124,1,23,19,4,12,3,9
S01008018,Families with dependent children: Total,54,43,36,34,2,7,6,1,11,1,10
S01008018,Families with dependent children: Youngest aged 0 to 4,18,14,8,8,0,6,6,0,4,0,4
S01008018,Families with dependent children: Youngest aged 5 to 11,15,13,12,11,1,1,0,1,2,0,2
S01008018,Families with dependent children: Youngest aged 12 to 18,21,16,16,15,1,0,0,0,5,1,4
S01008019,All families in households,205,191,166,157,9,25,20,5,14,3,11
S01008019,Families with no dependent children,118,110,99,95,4,11,11,0,8,2,6
S01008019,Families with dependent children: Total,87,81,67,62,5,14,9,5,6,1,5
S01008019,Families with dependent children: Youngest aged 0 to 4,18,14,12,12,0,2,2,0,4,1,3
S01008019,Families with dependent children: Youngest aged 5 to 11,28,27,21,18,3,6,4,2,1,0,1
S01008019,Families with dependent children: Youngest aged 12 to 18,41,40,34,32,2,6,3,3,1,0,1
S01008020,All families in households,163,139,102,96,6,37,33,4,24,2,22
S01008020,Families with no dependent children,105,95,70,69,1,25,23,2,10,0,10
S01008020,Families with dependent children: Total,58,44,32,27,5,12,10,2,14,2,12
S01008020,Families with dependent children: Youngest aged 0 to 4,20,16,7,6,1,9,8,1,4,0,4
S01008020,Families with dependent children: Youngest aged 5 to 11,20,16,15,14,1,1,1,0,4,1,3
S01008020,Families with dependent children: Youngest aged 12 to 18,18,12,10,7,3,2,1,1,6,1,5
S01008021,All families in households,185,170,156,154,2,14,13,1,15,1,14
S01008021,Families with no dependent children,127,117,109,108,1,8,8,0,10,1,9
S01008021,Families with dependent children: Total,58,53,47,46,1,6,5,1,5,0,5
S01008021,Families with dependent children: Youngest aged 0 to 4,18,16,15,15,0,1,1,0,2,0,2
S01008021,Families with dependent children: Youngest aged 5 to 11,22,20,16,15,1,4,4,0,2,0,2
S01008021,Families with dependent children: Youngest aged 12 to 18,18,17,16,16,0,1,0,1,1,0,1
S01008022,All families in households,224,208,189,185,4,19,17,2,16,3,13
S01008022,Families with no dependent children,139,132,118,115,3,14,13,1,7,2,5
S01008022,Families with dependent children: Total,85,76,71,70,1,5,4,1,9,1,8
S01008022,Families with dependent children: Youngest aged 0 to 4,26,24,20,20,0,4,3,1,2,0,2
S01008022,Families with dependent children: Youngest aged 5 to 11,33,29,28,28,0,1,1,0,4,0,4
S01008022,Families with dependent children: Youngest aged 12 to 18,26,23,23,22,1,0,0,0,3,1,2
S01008023,All families in households,218,198,178,173,5,20,13,7,20,3,17
S01008023,Families with no dependent children,92,88,78,77,1,10,7,3,4,2,2
S01008023,Families with dependent children: Total,126,110,100,96,4,10,6,4,16,1,15
S01008023,Families with dependent children: Youngest aged 0 to 4,27,25,19,19,0,6,5,1,2,0,2
S01008023,Families with dependent children: Youngest aged 5 to 11,48,43,42,40,2,1,0,1,5,1,4
S01008023,Families with dependent children: Youngest aged 12 to 18,51,42,39,37,2,3,1,2,9,0,9
S01008024,All families in households,209,193,155,147,8,38,28,10,16,2,14
S01008024,Families with no dependent children,74,71,50,48,2,21,19,2,3,1,2
S01008024,Families with dependent children: Total,135,122,105,99,6,17,9,8,13,1,12
S01008024,Families with dependent children: Youngest aged 0 to 4,74,67,56,52,4,11,7,4,7,0,7
S01008024,Families with dependent children: Youngest aged 5 to 11,40,37,33,32,1,4,2,2,3,0,3
S01008024,Families with dependent children: Youngest aged 12 to 18,21,18,16,15,1,2,0,2,3,1,2
S01008025,All families in households,227,208,179,174,5,29,22,7,19,3,16
S01008025,Families with no dependent children,153,145,123,119,4,22,18,4,8,2,6
S01008025,Families with dependent children: Total,74,63,56,55,1,7,4,3,11,1,10
S01008025,Families with dependent children: Youngest aged 0 to 4,19,17,14,14,0,3,3,0,2,0,2
S01008025,Families with dependent children: Youngest aged 5 to 11,26,21,19,19,0,2,1,1,5,0,5
S01008025,Families with dependent children: Youngest aged 12 to 18,29,25,23,22,1,2,0,2,4,1,3
S01008026,All families in households,303,243,199,192,7,44,34,10,60,6,54
S01008026,Families with no dependent children,187,162,139,138,1,23,21,2,25,6,19
S01008026,Families with dependent children: Total,116,81,60,54,6,21,13,8,35,0,35
S01008026,Families with dependent children: Youngest aged 0 to 4,49,36,24,22,2,12,8,4,13,0,13
S01008026,Families with dependent children: Youngest aged 5 to 11,34,20,15,14,1,5,5,0,14,0,14
S01008026,Families with dependent children: Youngest aged 12 to 18,33,25,21,18,3,4,0,4,8,0,8
S01008027,All families in households,165,125,109,102,7,16,14,2,40,2,38
S01008027,Families with no dependent children,102,83,73,69,4,10,10,0,19,1,18
S01008027,Families with dependent children: Total,63,42,36,33,3,6,4,2,21,1,20
S01008027,Families with dependent children: Youngest aged 0 to 4,19,11,11,9,2,0,0,0,8,0,8
S01008027,Families with dependent children: Youngest aged 5 to 11,23,15,12,12,0,3,2,1,8,0,8
S01008027,Families with dependent children: Youngest aged 12 to 18,21,16,13,12,1,3,2,1,5,1,4
S01008028,All families in households,181,162,129,126,3,33,26,7,19,1,18
S01008028,Families with no dependent children,98,90,74,71,3,16,15,1,8,0,8
S01008028,Families with dependent children: Total,83,72,55,55,0,17,11,6,11,1,10
S01008028,Families with dependent children: Youngest aged 0 to 4,31,28,20,20,0,8,6,2,3,0,3
S01008028,Families with dependent children: Youngest aged 5 to 11,30,25,18,18,0,7,4,3,5,0,5
S01008028,Families with dependent children: Youngest aged 12 to 18,22,19,17,17,0,2,1,1,3,1,2
S01008029,All families in households,252,222,195,190,5,27,24,3,30,5,25
S01008029,Families with no dependent children,179,162,144,144,0,18,18,0,17,4,13
S01008029,Families with dependent children: Total,73,60,51,46,5,9,6,3,13,1,12
S01008029,Families with dependent children: Youngest aged 0 to 4,21,17,14,14,0,3,3,0,4,0,4
S01008029,Families with dependent children: Youngest aged 5 to 11,26,24,19,14,5,5,3,2,2,0,2
S01008029,Families with dependent children: Youngest aged 12 to 18,26,19,18,18,0,1,0,1,7,1,6
S01008030,All families in households,342,301,256,251,5,45,36,9,41,7,34
S01008030,Families with no dependent children,227,207,180,177,3,27,26,1,20,5,15
S01008030,Families with dependent children: Total,115,94,76,74,2,18,10,8,21,2,19
S01008030,Families with dependent children: Youngest aged 0 to 4,36,30,24,24,0,6,4,2,6,2,4
S01008030,Families with dependent children: Youngest aged 5 to 11,39,35,27,26,1,8,5,3,4,0,4
S01008030,Families with dependent children: Youngest aged 12 to 18,40,29,25,24,1,4,1,3,11,0,11
S01008031,All families in households,253,199,157,152,5,42,33,9,54,5,49
S01008031,Families with no dependent children,146,126,102,101,1,24,22,2,20,2,18
S01008031,Families with dependent children: Total,107,73,55,51,4,18,11,7,34,3,31
S01008031,Families with dependent children: Youngest aged 0 to 4,31,21,13,13,0,8,6,2,10,0,10
S01008031,Families with dependent children: Youngest aged 5 to 11,40,30,25,22,3,5,3,2,10,1,9
S01008031,Families with dependent children: Youngest aged 12 to 18,36,22,17,16,1,5,2,3,14,2,12
S01008032,All families in households,287,229,196,190,6,33,23,10,58,5,53
S01008032,Families with no dependent children,171,153,138,135,3,15,11,4,18,2,16
S01008032,Families with dependent children: Total,116,76,58,55,3,18,12,6,40,3,37
S01008032,Families with dependent children: Youngest aged 0 to 4,37,27,19,19,0,8,6,2,10,0,10
S01008032,Families with dependent children: Youngest aged 5 to 11,39,24,19,17,2,5,3,2,15,2,13
S01008032,Families with dependent children: Youngest aged 12 to 18,40,25,20,19,1,5,3,2,15,1,14
S01008033,All families in households,230,210,197,194,3,13,9,4,20,1,19
S01008033,Families with no dependent children,105,101,93,93,0,8,8,0,4,1,3
S01008033,Families with dependent children: Total,125,109,104,101,3,5,1,4,16,0,16
S01008033,Families with dependent children: Youngest aged 0 to 4,25,24,22,22,0,2,1,1,1,0,1
S01008033,Families with dependent children: Youngest aged 5 to 11,44,39,38,37,1,1,0,1,5,0,5
S01008033,Families with dependent children: Youngest aged 12 to 18,56,46,44,42,2,2,0,2,10,0,10
S01008034,All families in households,226,205,188,179,9,17,13,4,21,1,20
S01008034,Families with no dependent children,97,89,80,78,2,9,9,0,8,1,7
S01008034,Families with dependent children: Total,129,116,108,101,7,8,4,4,13,0,13
S01008034,Families with dependent children: Youngest aged 0 to 4,42,39,37,35,2,2,2,0,3,0,3
S01008034,Families with dependent children: Youngest aged 5 to 11,42,37,32,31,1,5,2,3,5,0,5
S01008034,Families with dependent children: Youngest aged 12 to 18,45,40,39,35,4,1,0,1,5,0,5
S01008035,All families in households,191,160,141,137,4,19,15,4,31,3,28
S01008035,Families with no dependent children,118,111,102,100,2,9,9,0,7,2,5
S01008035,Families with dependent children: Total,73,49,39,37,2,10,6,4,24,1,23
S01008035,Families with dependent children: Youngest aged 0 to 4,23,16,13,13,0,3,2,1,7,1,6
S01008035,Families with dependent children: Youngest aged 5 to 11,27,20,14,13,1,6,4,2,7,0,7
S01008035,Families with dependent children: Youngest aged 12 to 18,23,13,12,11,1,1,0,1,10,0,10
S01008036,All families in households,220,199,187,185,2,12,11,1,21,4,17
S01008036,Families with no dependent children,146,137,130,129,1,7,7,0,9,3,6
S01008036,Families with dependent children: Total,74,62,57,56,1,5,4,1,12,1,11
S01008036,Families with dependent children: Youngest aged 0 to 4,19,19,17,17,0,2,2,0,0,0,0
S01008036,Families with dependent children: Youngest aged 5 to 11,24,19,17,16,1,2,1,1,5,1,4
S01008036,Families with dependent children: Youngest aged 12 to 18,31,24,23,23,0,1,1,0,7,0,7
S01008037,All families in households,298,205,169,157,12,36,27,9,93,6,87
S01008037,Families with no dependent children,176,133,115,113,2,18,18,0,43,6,37
S01008037,Families with dependent children: Total,122,72,54,44,10,18,9,9,50,0,50
S01008037,Families with dependent children: Youngest aged 0 to 4,43,29,20,19,1,9,5,4,14,0,14
S01008037,Families with dependent children: Youngest aged 5 to 11,35,19,14,11,3,5,2,3,16,0,16
S01008037,Families with dependent children: Youngest aged 12 to 18,44,24,20,14,6,4,2,2,20,0,20
S01008038,All families in households,225,153,128,116,12,25,21,4,72,7,65
S01008038,Families with no dependent children,110,86,71,68,3,15,14,1,24,6,18
S01008038,Families with dependent children: Total,115,67,57,48,9,10,7,3,48,1,47
S01008038,Families with dependent children: Youngest aged 0 to 4,41,26,23,18,5,3,3,0,15,0,15
S01008038,Families with dependent children: Youngest aged 5 to 11,36,23,18,17,1,5,3,2,13,1,12
S01008038,Families with dependent children: Youngest aged 12 to 18,38,18,16,13,3,2,1,1,20,0,20
S01008039,All families in households,261,201,170,165,5,31,29,2,60,7,53
S01008039,Families with no dependent children,130,106,90,88,2,16,15,1,24,3,21
S01008039,Families with dependent children: Total,131,95,80,77,3,15,14,1,36,4,32
S01008039,Families with dependent children: Youngest aged 0 to 4,40,33,22,20,2,11,11,0,7,0,7
S01008039,Families with dependent children: Youngest aged 5 to 11,41,27,26,26,0,1,1,0,14,2,12
S01008039,Families with dependent children: Youngest aged 12 to 18,50,35,32,31,1,3,2,1,15,2,13
S01008040,All families in households,256,213,202,197,5,11,8,3,43,5,38
S01008040,Families with no dependent children,158,137,133,130,3,4,4,0,21,5,16
S01008040,Families with dependent children: Total,98,76,69,67,2,7,4,3,22,0,22
S01008040,Families with dependent children: Youngest aged 0 to 4,31,28,25,24,1,3,3,0,3,0,3
S01008040,Families with dependent children: Youngest aged 5 to 11,31,19,18,18,0,1,1,0,12,0,12
S01008040,Families with dependent children: Youngest aged 12 to 18,36,29,26,25,1,3,0,3,7,0,7
S01008041,All families in households,193,161,135,133,2,26,25,1,32,3,29
S01008041,Families with no dependent children,121,111,99,98,1,12,12,0,10,1,9
S01008041,Families with dependent children: Total,72,50,36,35,1,14,13,1,22,2,20
S01008041,Families with dependent children: Youngest aged 0 to 4,25,20,12,12,0,8,8,0,5,1,4
S01008041,Families with dependent children: Youngest aged 5 to 11,28,18,15,14,1,3,2,1,10,1,9
S01008041,Families with dependent children: Youngest aged 12 to 18,19,12,9,9,0,3,3,0,7,0,7
S01008042,All families in households,168,148,137,131,6,11,10,1,20,3,17
S01008042,Families with no dependent children,100,92,85,83,2,7,7,0,8,1,7
S01008042,Families with dependent children: Total,68,56,52,48,4,4,3,1,12,2,10
S01008042,Families with dependent children: Youngest aged 0 to 4,17,15,13,13,0,2,1,1,2,0,2
S01008042,Families with dependent children: Youngest aged 5 to 11,28,23,22,18,4,1,1,0,5,1,4
S01008042,Families with dependent children: Youngest aged 12 to 18,23,18,17,17,0,1,1,0,5,1,4
S01008043,All families in households,308,272,246,240,6,26,21,5,36,5,31
S01008043,Families with no dependent children,182,168,158,157,1,10,10,0,14,3,11
S01008043,Families with dependent children: Total,126,104,88,83,5,16,11,5,22,2,20
S01008043,Families with dependent children: Youngest aged 0 to 4,49,37,31,29,2,6,6,0,12,0,12
S01008043,Families with dependent children: Youngest aged 5 to 11,46,42,35,32,3,7,5,2,4,1,3
S01008043,Families with dependent children: Youngest aged 12 to 18,31,25,22,22,0,3,0,3,6,1,5
S01008044,All families in households,291,263,248,245,3,15,12,3,28,2,26
S01008044,Families with no dependent children,186,176,168,167,1,8,7,1,10,2,8
S01008044,Families with dependent children: Total,105,87,80,78,2,7,5,2,18,0,18
S01008044,Families with dependent children: Youngest aged 0 to 4,31,27,23,22,1,4,4,0,4,0,4
S01008044,Families with dependent children: Youngest aged 5 to 11,37,28,26,26,0,2,1,1,9,0,9
S01008044,Families with dependent children: Youngest aged 12 to 18,37,32,31,30,1,1,0,1,5,0,5
S01008045,All families in households,275,240,222,218,4,18,16,2,35,7,28
S01008045,Families with no dependent children,177,161,150,148,2,11,11,0,16,5,11
S01008045,Families with dependent children: Total,98,79,72,70,2,7,5,2,19,2,17
S01008045,Families with dependent children: Youngest aged 0 to 4,25,22,18,17,1,4,4,0,3,0,3
S01008045,Families with dependent children: Youngest aged 5 to 11,39,26,25,24,1,1,1,0,13,1,12
S01008045,Families with dependent children: Youngest aged 12 to 18,34,31,29,29,0,2,0,2,3,1,2
S01008046,All families in households,196,144,119,115,4,25,23,2,52,7,45
S01008046,Families with no dependent children,137,111,89,87,2,22,20,2,26,7,19
S01008046,Families with dependent children: Total,59,33,30,28,2,3,3,0,26,0,26
S01008046,Families with dependent children: Youngest aged 0 to 4,29,17,15,15,0,2,2,0,12,0,12
S01008046,Families with dependent children: Youngest aged 5 to 11,15,5,4,4,0,1,1,0,10,0,10
S01008046,Families with dependent children: Youngest aged 12 to 18,15,11,11,9,2,0,0,0,4,0,4
S01008047,All families in households,199,189,178,175,3,11,9,2,10,2,8
S01008047,Families with no dependent children,124,119,111,111,0,8,7,1,5,2,3
S01008047,Families with dependent children: Total,75,70,67,64,3,3,2,1,5,0,5
S01008047,Families with dependent children: Youngest aged 0 to 4,25,25,22,22,0,3,2,1,0,0,0
S01008047,Families with dependent children: Youngest aged 5 to 11,22,20,20,20,0,0,0,0,2,0,2
S01008047,Families with dependent children: Youngest aged 12 to 18,28,25,25,22,3,0,0,0,3,0,3
S01008048,All families in households,177,165,154,147,7,11,8,3,12,1,11
S01008048,Families with no dependent children,119,111,107,106,1,4,4,0,8,1,7
S01008048,Families with dependent children: Total,58,54,47,41,6,7,4,3,4,0,4
S01008048,Families with dependent children: Youngest aged 0 to 4,13,13,9,9,0,4,2,2,0,0,0
S01008048,Families with dependent children: Youngest aged 5 to 11,25,23,21,18,3,2,1,1,2,0,2
S01008048,Families with dependent children: Youngest aged 12 to 18,20,18,17,14,3,1,1,0,2,0,2
S01008049,All families in households,268,251,233,227,6,18,17,1,17,1,16
S01008049,Families with no dependent children,169,158,146,143,3,12,12,0,11,1,10
S01008049,Families with dependent children: Total,99,93,87,84,3,6,5,1,6,0,6
S01008049,Families with dependent children: Youngest aged 0 to 4,39,38,33,32,1,5,4,1,1,0,1
S01008049,Families with dependent children: Youngest aged 5 to 11,28,26,26,24,2,0,0,0,2,0,2
S01008049,Families with dependent children: Youngest aged 12 to 18,32,29,28,28,0,1,1,0,3,0,3
S01008050,All families in households,194,178,167,161,6,11,8,3,16,3,13
S01008050,Families with no dependent children,126,119,112,109,3,7,6,1,7,3,4
S01008050,Families with dependent children: Total,68,59,55,52,3,4,2,2,9,0,9
S01008050,Families with dependent children: Youngest aged 0 to 4,18,16,15,15,0,1,0,1,2,0,2
S01008050,Families with dependent children: Youngest aged 5 to 11,29,25,23,22,1,2,2,0,4,0,4
S01008050,Families with dependent children: Youngest aged 12 to 18,21,18,17,15,2,1,0,1,3,0,3
S01008051,All families in households,265,245,220,215,5,25,19,6,20,2,18
S01008051,Families with no dependent children,138,129,114,113,1,15,12,3,9,1,8
S01008051,Families with dependent children: Total,127,116,106,102,4,10,7,3,11,1,10
S01008051,Families with dependent children: Youngest aged 0 to 4,38,37,34,33,1,3,2,1,1,0,1
S01008051,Families with dependent children: Youngest aged 5 to 11,46,40,37,37,0,3,2,1,6,0,6
S01008051,Families with dependent children: Youngest aged 12 to 18,43,39,35,32,3,4,3,1,4,1,3
S01008052,All families in households,264,250,228,225,3,22,19,3,14,0,14
S01008052,Families with no dependent children,159,154,141,139,2,13,13,0,5,0,5
S01008052,Families with dependent children: Total,105,96,87,86,1,9,6,3,9,0,9
S01008052,Families with dependent children: Youngest aged 0 to 4,36,36,31,31,0,5,4,1,0,0,0
S01008052,Families with dependent children: Youngest aged 5 to 11,43,36,35,35,0,1,0,1,7,0,7
S01008052,Families with dependent children: Youngest aged 12 to 18,26,24,21,20,1,3,2,1,2,0,2
S01008053,All families in households,200,169,158,158,0,11,11,0,31,2,29
S01008053,Families with no dependent children,128,109,103,103,0,6,6,0,19,2,17
S01008053,Families with dependent children: Total,72,60,55,55,0,5,5,0,12,0,12
S01008053,Families with dependent children: Youngest aged 0 to 4,26,24,21,21,0,3,3,0,2,0,2
S01008053,Families with dependent children: Youngest aged 5 to 11,26,23,22,22,0,1,1,0,3,0,3
S01008053,Families with dependent children: Youngest aged 12 to 18,20,13,12,12,0,1,1,0,7,0,7
S01008054,All families in households,216,200,184,183,1,16,13,3,16,3,13
S01008054,Families with no dependent children,138,130,121,121,0,9,8,1,8,3,5
S01008054,Families with dependent children: Total,78,70,63,62,1,7,5,2,8,0,8
S01008054,Families with dependent children: Youngest aged 0 to 4,19,18,14,13,1,4,3,1,1,0,1
S01008054,Families with dependent children: Youngest aged 5 to 11,31,28,25,25,0,3,2,1,3,0,3
S01008054,Families with dependent children: Youngest aged 12 to 18,28,24,24,24,0,0,0,0,4,0,4
S01008055,All families in households,324,305,293,287,6,12,11,1,19,1,18
S01008055,Families with no dependent children,185,175,168,167,1,7,7,0,10,1,9
S01008055,Families with dependent children: Total,139,130,125,120,5,5,4,1,9,0,9
S01008055,Families with dependent children: Youngest aged 0 to 4,57,54,53,51,2,1,1,0,3,0,3
S01008055,Families with dependent children: Youngest aged 5 to 11,36,32,31,28,3,1,0,1,4,0,4
S01008055,Families with dependent children: Youngest aged 12 to 18,46,44,41,41,0,3,3,0,2,0,2
S01008056,All families in households,212,193,191,187,4,2,1,1,19,2,17
S01008056,Families with no dependent children,122,113,112,112,0,1,1,0,9,1,8
S01008056,Families with dependent children: Total,90,80,79,75,4,1,0,1,10,1,9
S01008056,Families with dependent children: Youngest aged 0 to 4,31,29,29,28,1,0,0,0,2,0,2
S01008056,Families with dependent children: Youngest aged 5 to 11,27,25,25,24,1,0,0,0,2,1,1
S01008056,Families with dependent children: Youngest aged 12 to 18,32,26,25,23,2,1,0,1,6,0,6
S01008057,All families in households,259,246,228,224,4,18,14,4,13,5,8
S01008057,Families with no dependent children,150,145,134,133,1,11,11,0,5,3,2
S01008057,Families with dependent children: Total,109,101,94,91,3,7,3,4,8,2,6
S01008057,Families with dependent children: Youngest aged 0 to 4,27,25,22,21,1,3,2,1,2,1,1
S01008057,Families with dependent children: Youngest aged 5 to 11,49,45,43,41,2,2,1,1,4,0,4
S01008057,Families with dependent children: Youngest aged 12 to 18,33,31,29,29,0,2,0,2,2,1,1
S01008058,All families in households,272,249,235,230,5,14,11,3,23,3,20
S01008058,Families with no dependent children,159,150,143,141,2,7,7,0,9,0,9
S01008058,Families with dependent children: Total,113,99,92,89,3,7,4,3,14,3,11
S01008058,Families with dependent children: Youngest aged 0 to 4,32,30,25,23,2,5,3,2,2,1,1
S01008058,Families with dependent children: Youngest aged 5 to 11,37,34,33,33,0,1,1,0,3,0,3
S01008058,Families with dependent children: Youngest aged 12 to 18,44,35,34,33,1,1,0,1,9,2,7
S01008059,All families in households,213,192,181,177,4,11,10,1,21,1,20
S01008059,Families with no dependent children,138,131,122,121,1,9,9,0,7,1,6
S01008059,Families with dependent children: Total,75,61,59,56,3,2,1,1,14,0,14
S01008059,Families with dependent children: Youngest aged 0 to 4,25,24,23,22,1,1,1,0,1,0,1
S01008059,Families with dependent children: Youngest aged 5 to 11,18,11,11,10,1,0,0,0,7,0,7
S01008059,Families with dependent children: Youngest aged 12 to 18,32,26,25,24,1,1,0,1,6,0,6
S01008060,All families in households,278,252,236,228,8,16,12,4,26,4,22
S01008060,Families with no dependent children,160,152,142,140,2,10,10,0,8,2,6
S01008060,Families with dependent children: Total,118,100,94,88,6,6,2,4,18,2,16
S01008060,Families with dependent children: Youngest aged 0 to 4,32,27,26,24,2,1,0,1,5,1,4
S01008060,Families with dependent children: Youngest aged 5 to 11,46,37,35,33,2,2,0,2,9,1,8
S01008060,Families with dependent children: Youngest aged 12 to 18,40,36,33,31,2,3,2,1,4,0,4
S01008061,All families in households,194,167,148,144,4,19,14,5,27,0,27
S01008061,Families with no dependent children,77,69,57,57,0,12,10,2,8,0,8
S01008061,Families with dependent children: Total,117,98,91,87,4,7,4,3,19,0,19
S01008061,Families with dependent children: Youngest aged 0 to 4,34,30,26,25,1,4,3,1,4,0,4
S01008061,Families with dependent children: Youngest aged 5 to 11,47,38,37,35,2,1,1,0,9,0,9
S01008061,Families with dependent children: Youngest aged 12 to 18,36,30,28,27,1,2,0,2,6,0,6
S01008062,All families in households,269,234,221,218,3,13,13,0,35,5,30
S01008062,Families with no dependent children,164,154,148,148,0,6,6,0,10,2,8
S01008062,Families with dependent children: Total,105,80,73,70,3,7,7,0,25,3,22
S01008062,Families with dependent children: Youngest aged 0 to 4,37,32,26,25,1,6,6,0,5,0,5
S01008062,Families with dependent children: Youngest aged 5 to 11,36,30,29,27,2,1,1,0,6,0,6
S01008062,Families with dependent children: Youngest aged 12 to 18,32,18,18,18,0,0,0,0,14,3,11
S01008063,All families in households,286,247,231,222,9,16,14,2,39,7,32
S01008063,Families with no dependent children,163,147,138,135,3,9,9,0,16,6,10
S01008063,Families with dependent children: Total,123,100,93,87,6,7,5,2,23,1,22
S01008063,Families with dependent children: Youngest aged 0 to 4,33,29,25,24,1,4,4,0,4,0,4
S01008063,Families with dependent children: Youngest aged 5 to 11,51,43,42,38,4,1,0,1,8,1,7
S01008063,Families with dependent children: Youngest aged 12 to 18,39,28,26,25,1,2,1,1,11,0,11
S01008064,All families in households,200,131,101,95,6,30,21,9,69,6,63
S01008064,Families with no dependent children,109,79,64,60,4,15,13,2,30,4,26
S01008064,Families with dependent children: Total,91,52,37,35,2,15,8,7,39,2,37
S01008064,Families with dependent children: Youngest aged 0 to 4,27,22,16,16,0,6,5,1,5,0,5
S01008064,Families with dependent children: Youngest aged 5 to 11,35,17,13,12,1,4,1,3,18,2,16
S01008064,Families with dependent children: Youngest aged 12 to 18,29,13,8,7,1,5,2,3,16,0,16
S01008065,All families in households,296,273,253,248,5,20,19,1,23,2,21
S01008065,Families with no dependent children,159,146,134,132,2,12,12,0,13,2,11
S01008065,Families with dependent children: Total,137,127,119,116,3,8,7,1,10,0,10
S01008065,Families with dependent children: Youngest aged 0 to 4,37,36,33,33,0,3,3,0,1,0,1
S01008065,Families with dependent children: Youngest aged 5 to 11,45,41,40,37,3,1,1,0,4,0,4
S01008065,Families with dependent children: Youngest aged 12 to 18,55,50,46,46,0,4,3,1,5,0,5
S01008066,All families in households,288,257,242,242,0,15,12,3,31,8,23
S01008066,Families with no dependent children,161,144,137,137,0,7,7,0,17,5,12
S01008066,Families with dependent children: Total,127,113,105,105,0,8,5,3,14,3,11
S01008066,Families with dependent children: Youngest aged 0 to 4,31,27,22,22,0,5,4,1,4,1,3
S01008066,Families with dependent children: Youngest aged 5 to 11,49,45,44,44,0,1,0,1,4,1,3
S01008066,Families with dependent children: Youngest aged 12 to 18,47,41,39,39,0,2,1,1,6,1,5
S01008067,All families in households,195,181,171,169,2,10,9,1,14,0,14
S01008067,Families with no dependent children,119,116,110,109,1,6,6,0,3,0,3
S01008067,Families with dependent children: Total,76,65,61,60,1,4,3,1,11,0,11
S01008067,Families with dependent children: Youngest aged 0 to 4,15,14,13,13,0,1,1,0,1,0,1
S01008067,Families with dependent children: Youngest aged 5 to 11,24,23,20,20,0,3,2,1,1,0,1
S01008067,Families with dependent children: Youngest aged 12 to 18,37,28,28,27,1,0,0,0,9,0,9
S01008068,All families in households,283,262,239,235,4,23,18,5,21,0,21
S01008068,Families with no dependent children,188,175,160,159,1,15,14,1,13,0,13
S01008068,Families with dependent children: Total,95,87,79,76,3,8,4,4,8,0,8
S01008068,Families with dependent children: Youngest aged 0 to 4,28,27,26,23,3,1,1,0,1,0,1
S01008068,Families with dependent children: Youngest aged 5 to 11,32,28,23,23,0,5,2,3,4,0,4
S01008068,Families with dependent children: Youngest aged 12 to 18,35,32,30,30,0,2,1,1,3,0,3
S01008069,All families in households,293,261,231,222,9,30,27,3,32,6,26
S01008069,Families with no dependent children,171,160,144,143,1,16,14,2,11,3,8
S01008069,Families with dependent children: Total,122,101,87,79,8,14,13,1,21,3,18
S01008069,Families with dependent children: Youngest aged 0 to 4,38,34,25,22,3,9,9,0,4,0,4
S01008069,Families with dependent children: Youngest aged 5 to 11,48,36,32,27,5,4,3,1,12,2,10
S01008069,Families with dependent children: Youngest aged 12 to 18,36,31,30,30,0,1,1,0,5,1,4
S01008070,All families in households,277,228,209,202,7,19,15,4,49,5,44
S01008070,Families with no dependent children,174,152,140,137,3,12,10,2,22,3,19
S01008070,Families with dependent children: Total,103,76,69,65,4,7,5,2,27,2,25
S01008070,Families with dependent children: Youngest aged 0 to 4,37,31,27,26,1,4,4,0,6,0,6
S01008070,Families with dependent children: Youngest aged 5 to 11,30,19,16,14,2,3,1,2,11,1,10
S01008070,Families with dependent children: Youngest aged 12 to 18,36,26,26,25,1,0,0,0,10,1,9
S01008071,All families in households,221,193,166,163,3,27,25,2,28,2,26
S01008071,Families with no dependent children,123,117,100,98,2,17,16,1,6,1,5
S01008071,Families with dependent children: Total,98,76,66,65,1,10,9,1,22,1,21
S01008071,Families with dependent children: Youngest aged 0 to 4,36,31,28,28,0,3,3,0,5,0,5
S01008071,Families with dependent children: Youngest aged 5 to 11,28,21,16,15,1,5,5,0,7,1,6
S01008071,Families with dependent children: Youngest aged 12 to 18,34,24,22,22,0,2,1,1,10,0,10
S01008072,All families in households,217,181,155,150,5,26,23,3,36,7,29
S01008072,Families with no dependent children,123,111,89,85,4,22,21,1,12,4,8
S01008072,Families with dependent children: Total,94,70,66,65,1,4,2,2,24,3,21
S01008072,Families with dependent children: Youngest aged 0 to 4,33,29,28,27,1,1,1,0,4,0,4
S01008072,Families with dependent children: Youngest aged 5 to 11,32,21,19,19,0,2,1,1,11,1,10
S01008072,Families with dependent children: Youngest aged 12 to 18,29,20,19,19,0,1,0,1,9,2,7
S01008073,All families in households,154,148,143,142,1,5,4,1,6,0,6
S01008073,Families with no dependent children,107,102,99,99,0,3,3,0,5,0,5
S01008073,Families with dependent children: Total,47,46,44,43,1,2,1,1,1,0,1
S01008073,Families with dependent children: Youngest aged 0 to 4,17,17,17,17,0,0,0,0,0,0,0
S01008073,Families with dependent children: Youngest aged 5 to 11,14,13,12,12,0,1,1,0,1,0,1
S01008073,Families with dependent children: Youngest aged 12 to 18,16,16,15,14,1,1,0,1,0,0,0
S01008074,All families in households,300,266,237,232,5,29,21,8,34,6,28
S01008074,Families with no dependent children,189,169,152,150,2,17,16,1,20,2,18
S01008074,Families with dependent children: Total,111,97,85,82,3,12,5,7,14,4,10
S01008074,Families with dependent children: Youngest aged 0 to 4,30,29,28,27,1,1,1,0,1,0,1
S01008074,Families with dependent children: Youngest aged 5 to 11,44,38,31,31,0,7,3,4,6,2,4
S01008074,Families with dependent children: Youngest aged 12 to 18,37,30,26,24,2,4,1,3,7,2,5
S01008075,All families in households,183,168,161,156,5,7,6,1,15,0,15
S01008075,Families with no dependent children,109,101,98,96,2,3,3,0,8,0,8
S01008075,Families with dependent children: Total,74,67,63,60,3,4,3,1,7,0,7
S01008075,Families with dependent children: Youngest aged 0 to 4,14,11,11,11,0,0,0,0,3,0,3
S01008075,Families with dependent children: Youngest aged 5 to 11,33,29,29,28,1,0,0,0,4,0,4
S01008075,Families with dependent children: Youngest aged 12 to 18,27,27,23,21,2,4,3,1,0,0,0
S01008076,All families in households,198,183,170,167,3,13,12,1,15,2,13
S01008076,Families with no dependent children,151,141,136,134,2,5,5,0,10,2,8
S01008076,Families with dependent children: Total,47,42,34,33,1,8,7,1,5,0,5
S01008076,Families with dependent children: Youngest aged 0 to 4,17,16,11,10,1,5,5,0,1,0,1
S01008076,Families with dependent children: Youngest aged 5 to 11,17,15,13,13,0,2,1,1,2,0,2
S01008076,Families with dependent children: Youngest aged 12 to 18,13,11,10,10,0,1,1,0,2,0,2
S01008077,All families in households,241,224,214,211,3,10,10,0,17,5,12
S01008077,Families with no dependent children,146,139,131,130,1,8,8,0,7,0,7
S01008077,Families with dependent children: Total,95,85,83,81,2,2,2,0,10,5,5
S01008077,Families with dependent children: Youngest aged 0 to 4,28,27,26,26,0,1,1,0,1,0,1
S01008077,Families with dependent children: Youngest aged 5 to 11,33,30,29,28,1,1,1,0,3,0,3
S01008077,Families with dependent children: Youngest aged 12 to 18,34,28,28,27,1,0,0,0,6,5,1
S01008078,All families in households,252,221,205,201,4,16,13,3,31,10,21
S01008078,Families with no dependent children,156,139,130,127,3,9,9,0,17,6,11
S01008078,Families with dependent children: Total,96,82,75,74,1,7,4,3,14,4,10
S01008078,Families with dependent children: Youngest aged 0 to 4,23,21,18,18,0,3,2,1,2,0,2
S01008078,Families with dependent children: Youngest aged 5 to 11,41,35,32,32,0,3,2,1,6,2,4
S01008078,Families with dependent children: Youngest aged 12 to 18,32,26,25,24,1,1,0,1,6,2,4
S01008079,All families in households,292,269,252,249,3,17,14,3,23,2,21
S01008079,Families with no dependent children,196,185,174,173,1,11,10,1,11,1,10
S01008079,Families with dependent children: Total,96,84,78,76,2,6,4,2,12,1,11
S01008079,Families with dependent children: Youngest aged 0 to 4,43,37,35,35,0,2,2,0,6,0,6
S01008079,Families with dependent children: Youngest aged 5 to 11,33,29,26,25,1,3,2,1,4,1,3
S01008079,Families with dependent children: Youngest aged 12 to 18,20,18,17,16,1,1,0,1,2,0,2
S01008080,All families in households,221,197,176,175,1,21,18,3,24,3,21
S01008080,Families with no dependent children,136,129,114,113,1,15,14,1,7,1,6
S01008080,Families with dependent children: Total,85,68,62,62,0,6,4,2,17,2,15
S01008080,Families with dependent children: Youngest aged 0 to 4,33,28,26,26,0,2,2,0,5,1,4
S01008080,Families with dependent children: Youngest aged 5 to 11,29,19,16,16,0,3,2,1,10,1,9
S01008080,Families with dependent children: Youngest aged 12 to 18,23,21,20,20,0,1,0,1,2,0,2
S01008081,All families in households,177,156,151,149,2,5,3,2,21,3,18
S01008081,Families with no dependent children,108,97,94,93,1,3,3,0,11,1,10
S01008081,Families with dependent children: Total,69,59,57,56,1,2,0,2,10,2,8
S01008081,Families with dependent children: Youngest aged 0 to 4,24,21,21,21,0,0,0,0,3,0,3
S01008081,Families with dependent children: Youngest aged 5 to 11,23,19,17,16,1,2,0,2,4,0,4
S01008081,Families with dependent children: Youngest aged 12 to 18,22,19,19,19,0,0,0,0,3,2,1
S01008082,All families in households,255,223,200,196,4,23,20,3,32,3,29
S01008082,Families with no dependent children,160,147,132,130,2,15,14,1,13,2,11
S01008082,Families with dependent children: Total,95,76,68,66,2,8,6,2,19,1,18
S01008082,Families with dependent children: Youngest aged 0 to 4,29,25,20,19,1,5,4,1,4,0,4
S01008082,Families with dependent children: Youngest aged 5 to 11,37,28,26,26,0,2,2,0,9,0,9
S01008082,Families with dependent children: Youngest aged 12 to 18,29,23,22,21,1,1,0,1,6,1,5
S01008083,All families in households,225,193,180,176,4,13,9,4,32,1,31
S01008083,Families with no dependent children,135,121,115,112,3,6,5,1,14,0,14
S01008083,Families with dependent children: Total,90,72,65,64,1,7,4,3,18,1,17
S01008083,Families with dependent children: Youngest aged 0 to 4,30,28,24,24,0,4,4,0,2,1,1
S01008083,Families with dependent children: Youngest aged 5 to 11,24,17,15,14,1,2,0,2,7,0,7
S01008083,Families with dependent children: Youngest aged 12 to 18,36,27,26,26,0,1,0,1,9,0,9
S01008084,All families in households,263,218,201,197,4,17,15,2,45,2,43
S01008084,Families with no dependent children,153,138,128,127,1,10,10,0,15,1,14
S01008084,Families with dependent children: Total,110,80,73,70,3,7,5,2,30,1,29
S01008084,Families with dependent children: Youngest aged 0 to 4,27,19,16,15,1,3,3,0,8,0,8
S01008084,Families with dependent children: Youngest aged 5 to 11,39,25,22,22,0,3,2,1,14,0,14
S01008084,Families with dependent children: Youngest aged 12 to 18,44,36,35,33,2,1,0,1,8,1,7
S01008085,All families in households,294,268,254,251,3,14,12,2,26,4,22
S01008085,Families with no dependent children,169,158,148,147,1,10,9,1,11,3,8
S01008085,Families with dependent children: Total,125,110,106,104,2,4,3,1,15,1,14
S01008085,Families with dependent children: Youngest aged 0 to 4,35,29,28,28,0,1,1,0,6,0,6
S01008085,Families with dependent children: Youngest aged 5 to 11,37,31,30,29,1,1,1,0,6,0,6
S01008085,Families with dependent children: Youngest aged 12 to 18,53,50,48,47,1,2,1,1,3,1,2
S01008086,All families in households,327,277,238,230,8,39,33,6,50,6,44
S01008086,Families with no dependent children,173,157,131,128,3,26,24,2,16,3,13
S01008086,Families with dependent children: Total,154,120,107,102,5,13,9,4,34,3,31
S01008086,Families with dependent children: Youngest aged 0 to 4,44,37,30,29,1,7,6,1,7,1,6
S01008086,Families with dependent children: Youngest aged 5 to 11,54,43,37,36,1,6,3,3,11,2,9
S01008086,Families with dependent children: Youngest aged 12 to 18,56,40,40,37,3,0,0,0,16,0,16
S01008087,All families in households,261,228,217,213,4,11,7,4,33,3,30
S01008087,Families with no dependent children,159,144,140,140,0,4,3,1,15,1,14
S01008087,Families with dependent children: Total,102,84,77,73,4,7,4,3,18,2,16
S01008087,Families with dependent children: Youngest aged 0 to 4,26,24,22,20,2,2,2,0,2,1,1
S01008087,Families with dependent children: Youngest aged 5 to 11,42,34,31,29,2,3,1,2,8,0,8
S01008087,Families with dependent children: Youngest aged 12 to 18,34,26,24,24,0,2,1,1,8,1,7
S01008088,All families in households,277,241,217,214,3,24,23,1,36,2,34
S01008088,Families with no dependent children,176,165,149,147,2,16,16,0,11,1,10
S01008088,Families with dependent children: Total,101,76,68,67,1,8,7,1,25,1,24
S01008088,Families with dependent children: Youngest aged 0 to 4,28,23,21,21,0,2,2,0,5,0,5
S01008088,Families with dependent children: Youngest aged 5 to 11,33,24,21,21,0,3,2,1,9,1,8
S01008088,Families with dependent children: Youngest aged 12 to 18,40,29,26,25,1,3,3,0,11,0,11
S01008089,All families in households,202,180,163,157,6,17,12,5,22,6,16
S01008089,Families with no dependent children,128,111,102,100,2,9,7,2,17,5,12
S01008089,Families with dependent children: Total,74,69,61,57,4,8,5,3,5,1,4
S01008089,Families with dependent children: Youngest aged 0 to 4,25,25,22,20,2,3,3,0,0,0,0
S01008089,Families with dependent children: Youngest aged 5 to 11,22,19,16,16,0,3,2,1,3,0,3
S01008089,Families with dependent children: Youngest aged 12 to 18,27,25,23,21,2,2,0,2,2,1,1
S01008090,All families in households,231,194,175,165,10,19,15,4,37,4,33
S01008090,Families with no dependent children,126,114,103,100,3,11,9,2,12,3,9
S01008090,Families with dependent children: Total,105,80,72,65,7,8,6,2,25,1,24
S01008090,Families with dependent children: Youngest aged 0 to 4,37,30,26,22,4,4,4,0,7,0,7
S01008090,Families with dependent children: Youngest aged 5 to 11,33,25,22,20,2,3,2,1,8,0,8
S01008090,Families with dependent children: Youngest aged 12 to 18,35,25,24,23,1,1,0,1,10,1,9
S01008091,All families in households,133,119,111,110,1,8,7,1,14,2,12
S01008091,Families with no dependent children,93,89,83,83,0,6,6,0,4,1,3
S01008091,Families with dependent children: Total,40,30,28,27,1,2,1,1,10,1,9
S01008091,Families with dependent children: Youngest aged 0 to 4,14,9,9,9,0,0,0,0,5,0,5
S01008091,Families with dependent children: Youngest aged 5 to 11,9,7,6,6,0,1,1,0,2,1,1
S01008091,Families with dependent children: Youngest aged 12 to 18,17,14,13,12,1,1,0,1,3,0,3
S01008092,All families in households,274,261,247,242,5,14,7,7,13,5,8
S01008092,Families with no dependent children,175,168,161,157,4,7,5,2,7,3,4
S01008092,Families with dependent children: Total,99,93,86,85,1,7,2,5,6,2,4
S01008092,Families with dependent children: Youngest aged 0 to 4,29,29,26,26,0,3,2,1,0,0,0
S01008092,Families with dependent children: Youngest aged 5 to 11,26,23,23,23,0,0,0,0,3,1,2
S01008092,Families with dependent children: Youngest aged 12 to 18,44,41,37,36,1,4,0,4,3,1,2
S01008093,All families in households,234,199,186,181,5,13,13,0,35,3,32
S01008093,Families with no dependent children,139,125,118,117,1,7,7,0,14,2,12
S01008093,Families with dependent children: Total,95,74,68,64,4,6,6,0,21,1,20
S01008093,Families with dependent children: Youngest aged 0 to 4,28,23,19,18,1,4,4,0,5,0,5
S01008093,Families with dependent children: Youngest aged 5 to 11,31,25,23,21,2,2,2,0,6,0,6
S01008093,Families with dependent children: Youngest aged 12 to 18,36,26,26,25,1,0,0,0,10,1,9
S01008094,All families in households,206,187,172,166,6,15,10,5,19,3,16
S01008094,Families with no dependent children,132,121,115,114,1,6,6,0,11,2,9
S01008094,Families with dependent children: Total,74,66,57,52,5,9,4,5,8,1,7
S01008094,Families with dependent children: Youngest aged 0 to 4,13,12,10,9,1,2,2,0,1,0,1
S01008094,Families with dependent children: Youngest aged 5 to 11,32,28,24,20,4,4,2,2,4,0,4
S01008094,Families with dependent children: Youngest aged 12 to 18,29,26,23,23,0,3,0,3,3,1,2
S01008095,All families in households,221,183,163,161,2,20,17,3,38,3,35
S01008095,Families with no dependent children,147,129,116,115,1,13,12,1,18,2,16
S01008095,Families with dependent children: Total,74,54,47,46,1,7,5,2,20,1,19
S01008095,Families with dependent children: Youngest aged 0 to 4,26,22,19,18,1,3,3,0,4,0,4
S01008095,Families with dependent children: Youngest aged 5 to 11,22,15,13,13,0,2,2,0,7,0,7
S01008095,Families with dependent children: Youngest aged 12 to 18,26,17,15,15,0,2,0,2,9,1,8
S01008096,All families in households,238,212,199,196,3,13,9,4,26,7,19
S01008096,Families with no dependent children,160,145,141,139,2,4,3,1,15,5,10
S01008096,Families with dependent children: Total,78,67,58,57,1,9,6,3,11,2,9
S01008096,Families with dependent children: Youngest aged 0 to 4,21,19,15,15,0,4,4,0,2,0,2
S01008096,Families with dependent children: Youngest aged 5 to 11,29,25,22,21,1,3,2,1,4,1,3
S01008096,Families with dependent children: Youngest aged 12 to 18,28,23,21,21,0,2,0,2,5,1,4
S01008097,All families in households,179,154,148,144,4,6,6,0,25,3,22
S01008097,Families with no dependent children,114,101,98,98,0,3,3,0,13,2,11
S01008097,Families with dependent children: Total,65,53,50,46,4,3,3,0,12,1,11
S01008097,Families with dependent children: Youngest aged 0 to 4,18,15,14,14,0,1,1,0,3,0,3
S01008097,Families with dependent children: Youngest aged 5 to 11,18,15,14,12,2,1,1,0,3,1,2
S01008097,Families with dependent children: Youngest aged 12 to 18,29,23,22,20,2,1,1,0,6,0,6
S01008098,All families in households,218,189,179,172,7,10,7,3,29,2,27
S01008098,Families with no dependent children,133,122,118,114,4,4,4,0,11,1,10
S01008098,Families with dependent children: Total,85,67,61,58,3,6,3,3,18,1,17
S01008098,Families with dependent children: Youngest aged 0 to 4,21,19,16,16,0,3,2,1,2,0,2
S01008098,Families with dependent children: Youngest aged 5 to 11,28,23,21,21,0,2,1,1,5,1,4
S01008098,Families with dependent children: Youngest aged 12 to 18,36,25,24,21,3,1,0,1,11,0,11
S01008099,All families in households,164,138,122,118,4,16,13,3,26,4,22
S01008099,Families with no dependent children,97,84,74,72,2,10,10,0,13,3,10
S01008099,Families with dependent children: Total,67,54,48,46,2,6,3,3,13,1,12
S01008099,Families with dependent children: Youngest aged 0 to 4,23,19,15,14,1,4,3,1,4,0,4
S01008099,Families with dependent children: Youngest aged 5 to 11,20,17,17,16,1,0,0,0,3,0,3
S01008099,Families with dependent children: Youngest aged 12 to 18,24,18,16,16,0,2,0,2,6,1,5
S01008100,All families in households,271,244,226,222,4,18,14,4,27,3,24
S01008100,Families with no dependent children,179,167,157,154,3,10,9,1,12,3,9
S01008100,Families with dependent children: Total,92,77,69,68,1,8,5,3,15,0,15
S01008100,Families with dependent children: Youngest aged 0 to 4,25,22,19,19,0,3,3,0,3,0,3
S01008100,Families with dependent children: Youngest aged 5 to 11,32,26,23,22,1,3,2,1,6,0,6
S01008100,Families with dependent children: Youngest aged 12 to 18,35,29,27,27,0,2,0,2,6,0,6
S01008101,All families in households,217,168,145,141,4,23,22,1,49,6,43
S01008101,Families with no dependent children,104,89,72,71,1,17,17,0,15,3,12
S01008101,Families with dependent children: Total,113,79,73,70,3,6,5,1,34,3,31
S01008101,Families with dependent children: Youngest aged 0 to 4,36,20,18,16,2,2,2,0,16,0,16
S01008101,Families with dependent children: Youngest aged 5 to 11,44,31,29,29,0,2,2,0,13,1,12
S01008101,Families with dependent children: Youngest aged 12 to 18,33,28,26,25,1,2,1,1,5,2,3
S01008102,All families in households,216,163,143,137,6,20,16,4,53,10,43
S01008102,Families with no dependent children,134,110,99,95,4,11,10,1,24,6,18
S01008102,Families with dependent children: Total,82,53,44,42,2,9,6,3,29,4,25
S01008102,Families with dependent children: Youngest aged 0 to 4,33,19,14,14,0,5,3,2,14,3,11
S01008102,Families with dependent children: Youngest aged 5 to 11,24,20,16,15,1,4,3,1,4,0,4
S01008102,Families with dependent children: Youngest aged 12 to 18,25,14,14,13,1,0,0,0,11,1,10
S01008103,All families in households,157,108,84,82,2,24,21,3,49,6,43
S01008103,Families with no dependent children,91,72,55,54,1,17,16,1,19,4,15
S01008103,Families with dependent children: Total,66,36,29,28,1,7,5,2,30,2,28
S01008103,Families with dependent children: Youngest aged 0 to 4,27,18,11,11,0,7,5,2,9,1,8
S01008103,Families with dependent children: Youngest aged 5 to 11,20,9,9,8,1,0,0,0,11,0,11
S01008103,Families with dependent children: Youngest aged 12 to 18,19,9,9,9,0,0,0,0,10,1,9
S01008104,All families in households,255,173,143,141,2,30,22,8,82,2,80
S01008104,Families with no dependent children,148,116,102,101,1,14,14,0,32,2,30
S01008104,Families with dependent children: Total,107,57,41,40,1,16,8,8,50,0,50
S01008104,Families with dependent children: Youngest aged 0 to 4,33,19,10,10,0,9,4,5,14,0,14
S01008104,Families with dependent children: Youngest aged 5 to 11,39,14,10,10,0,4,2,2,25,0,25
S01008104,Families with dependent children: Youngest aged 12 to 18,35,24,21,20,1,3,2,1,11,0,11
S01008105,All families in households,301,182,140,131,9,42,36,6,119,8,111
S01008105,Families with no dependent children,149,109,85,81,4,24,23,1,40,3,37
S01008105,Families with dependent children: Total,152,73,55,50,5,18,13,5,79,5,74
S01008105,Families with dependent children: Youngest aged 0 to 4,56,27,19,17,2,8,5,3,29,0,29
S01008105,Families with dependent children: Youngest aged 5 to 11,41,20,15,13,2,5,5,0,21,0,21
S01008105,Families with dependent children: Youngest aged 12 to 18,55,26,21,20,1,5,3,2,29,5,24
S01008106,All families in households,221,142,113,106,7,29,25,4,79,8,71
S01008106,Families with no dependent children,121,95,79,76,3,16,15,1,26,7,19
S01008106,Families with dependent children: Total,100,47,34,30,4,13,10,3,53,1,52
S01008106,Families with dependent children: Youngest aged 0 to 4,28,13,5,5,0,8,7,1,15,0,15
S01008106,Families with dependent children: Youngest aged 5 to 11,48,21,17,16,1,4,2,2,27,1,26
S01008106,Families with dependent children: Youngest aged 12 to 18,24,13,12,9,3,1,1,0,11,0,11
S01008107,All families in households,239,216,188,182,6,28,20,8,23,5,18
S01008107,Families with no dependent children,76,67,55,54,1,12,11,1,9,4,5
S01008107,Families with dependent children: Total,163,149,133,128,5,16,9,7,14,1,13
S01008107,Families with dependent children: Youngest aged 0 to 4,66,63,56,55,1,7,3,4,3,0,3
S01008107,Families with dependent children: Youngest aged 5 to 11,55,52,45,44,1,7,5,2,3,1,2
S01008107,Families with dependent children: Youngest aged 12 to 18,42,34,32,29,3,2,1,1,8,0,8
S01008108,All families in households,196,170,151,149,2,19,18,1,26,1,25
S01008108,Families with no dependent children,118,107,96,95,1,11,10,1,11,1,10
S01008108,Families with dependent children: Total,78,63,55,54,1,8,8,0,15,0,15
S01008108,Families with dependent children: Youngest aged 0 to 4,21,20,16,16,0,4,4,0,1,0,1
S01008108,Families with dependent children: Youngest aged 5 to 11,37,28,24,24,0,4,4,0,9,0,9
S01008108,Families with dependent children: Youngest aged 12 to 18,20,15,15,14,1,0,0,0,5,0,5
S01008109,All families in households,291,240,219,214,5,21,20,1,51,9,42
S01008109,Families with no dependent children,166,146,137,136,1,9,9,0,20,6,14
S01008109,Families with dependent children: Total,125,94,82,78,4,12,11,1,31,3,28
S01008109,Families with dependent children: Youngest aged 0 to 4,40,26,19,19,0,7,7,0,14,0,14
S01008109,Families with dependent children: Youngest aged 5 to 11,36,24,20,19,1,4,4,0,12,0,12
S01008109,Families with dependent children: Youngest aged 12 to 18,49,44,43,40,3,1,0,1,5,3,2
S01008110,All families in households,260,232,207,197,10,25,21,4,28,5,23
S01008110,Families with no dependent children,129,120,109,105,4,11,11,0,9,4,5
S01008110,Families with dependent children: Total,131,112,98,92,6,14,10,4,19,1,18
S01008110,Families with dependent children: Youngest aged 0 to 4,42,37,33,30,3,4,4,0,5,0,5
S01008110,Families with dependent children: Youngest aged 5 to 11,48,38,30,28,2,8,5,3,10,1,9
S01008110,Families with dependent children: Youngest aged 12 to 18,41,37,35,34,1,2,1,1,4,0,4
S01008111,All families in households,258,231,214,210,4,17,14,3,27,5,22
S01008111,Families with no dependent children,165,153,141,141,0,12,11,1,12,3,9
S01008111,Families with dependent children: Total,93,78,73,69,4,5,3,2,15,2,13
S01008111,Families with dependent children: Youngest aged 0 to 4,27,22,19,19,0,3,3,0,5,0,5
S01008111,Families with dependent children: Youngest aged 5 to 11,31,24,23,21,2,1,0,1,7,1,6
S01008111,Families with dependent children: Youngest aged 12 to 18,35,32,31,29,2,1,0,1,3,1,2
S01008112,All families in households,260,235,223,219,4,12,7,5,25,6,19
S01008112,Families with no dependent children,182,170,166,165,1,4,2,2,12,2,10
S01008112,Families with dependent children: Total,78,65,57,54,3,8,5,3,13,4,9
S01008112,Families with dependent children: Youngest aged 0 to 4,21,20,16,16,0,4,3,1,1,0,1
S01008112,Families with dependent children: Youngest aged 5 to 11,23,17,16,14,2,1,1,0,6,3,3
S01008112,Families with dependent children: Youngest aged 12 to 18,34,28,25,24,1,3,1,2,6,1,5
S01008113,All families in households,283,254,235,232,3,19,17,2,29,7,22
S01008113,Families with no dependent children,200,185,170,170,0,15,14,1,15,5,10
S01008113,Families with dependent children: Total,83,69,65,62,3,4,3,1,14,2,12
S01008113,Families with dependent children: Youngest aged 0 to 4,24,20,18,18,0,2,1,1,4,0,4
S01008113,Families with dependent children: Youngest aged 5 to 11,23,19,18,17,1,1,1,0,4,1,3
S01008113,Families with dependent children: Youngest aged 12 to 18,36,30,29,27,2,1,1,0,6,1,5
S01008114,All families in households,220,193,178,177,1,15,15,0,27,4,23
S01008114,Families with no dependent children,150,136,126,126,0,10,10,0,14,2,12
S01008114,Families with dependent children: Total,70,57,52,51,1,5,5,0,13,2,11
S01008114,Families with dependent children: Youngest aged 0 to 4,17,16,12,12,0,4,4,0,1,0,1
S01008114,Families with dependent children: Youngest aged 5 to 11,33,26,26,25,1,0,0,0,7,0,7
S01008114,Families with dependent children: Youngest aged 12 to 18,20,15,14,14,0,1,1,0,5,2,3
S01008115,All families in households,265,218,192,182,10,26,20,6,47,8,39
S01008115,Families with no dependent children,148,131,116,114,2,15,14,1,17,6,11
S01008115,Families with dependent children: Total,117,87,76,68,8,11,6,5,30,2,28
S01008115,Families with dependent children: Youngest aged 0 to 4,25,21,16,14,2,5,3,2,4,0,4
S01008115,Families with dependent children: Youngest aged 5 to 11,45,34,31,28,3,3,3,0,11,1,10
S01008115,Families with dependent children: Youngest aged 12 to 18,47,32,29,26,3,3,0,3,15,1,14
S01008116,All families in households,283,250,231,229,2,19,12,7,33,4,29
S01008116,Families with no dependent children,161,149,138,138,0,11,9,2,12,1,11
S01008116,Families with dependent children: Total,122,101,93,91,2,8,3,5,21,3,18
S01008116,Families with dependent children: Youngest aged 0 to 4,33,31,26,26,0,5,3,2,2,0,2
S01008116,Families with dependent children: Youngest aged 5 to 11,45,34,32,32,0,2,0,2,11,0,11
S01008116,Families with dependent children: Youngest aged 12 to 18,44,36,35,33,2,1,0,1,8,3,5
S01008117,All families in households,251,222,214,207,7,8,7,1,29,7,22
S01008117,Families with no dependent children,167,158,151,148,3,7,7,0,9,2,7
S01008117,Families with dependent children: Total,84,64,63,59,4,1,0,1,20,5,15
S01008117,Families with dependent children: Youngest aged 0 to 4,23,16,16,14,2,0,0,0,7,0,7
S01008117,Families with dependent children: Youngest aged 5 to 11,28,21,20,19,1,1,0,1,7,3,4
S01008117,Families with dependent children: Youngest aged 12 to 18,33,27,27,26,1,0,0,0,6,2,4
S01008118,All families in households,268,212,183,179,4,29,20,9,56,7,49
S01008118,Families with no dependent children,150,127,114,112,2,13,12,1,23,4,19
S01008118,Families with dependent children: Total,118,85,69,67,2,16,8,8,33,3,30
S01008118,Families with dependent children: Youngest aged 0 to 4,41,32,23,23,0,9,5,4,9,1,8
S01008118,Families with dependent children: Youngest aged 5 to 11,40,35,30,29,1,5,3,2,5,0,5
S01008118,Families with dependent children: Youngest aged 12 to 18,37,18,16,15,1,2,0,2,19,2,17
S01008119,All families in households,194,142,121,109,12,21,17,4,52,2,50
S01008119,Families with no dependent children,119,97,87,82,5,10,9,1,22,2,20
S01008119,Families with dependent children: Total,75,45,34,27,7,11,8,3,30,0,30
S01008119,Families with dependent children: Youngest aged 0 to 4,22,15,9,5,4,6,5,1,7,0,7
S01008119,Families with dependent children: Youngest aged 5 to 11,25,14,12,9,3,2,2,0,11,0,11
S01008119,Families with dependent children: Youngest aged 12 to 18,28,16,13,13,0,3,1,2,12,0,12
S01008120,All families in households,188,156,137,132,5,19,14,5,32,3,29
S01008120,Families with no dependent children,113,98,87,85,2,11,8,3,15,2,13
S01008120,Families with dependent children: Total,75,58,50,47,3,8,6,2,17,1,16
S01008120,Families with dependent children: Youngest aged 0 to 4,31,23,17,17,0,6,5,1,8,0,8
S01008120,Families with dependent children: Youngest aged 5 to 11,24,18,17,16,1,1,1,0,6,0,6
S01008120,Families with dependent children: Youngest aged 12 to 18,20,17,16,14,2,1,0,1,3,1,2
S01008121,All families in households,211,197,194,194,0,3,3,0,14,1,13
S01008121,Families with no dependent children,138,131,129,129,0,2,2,0,7,1,6
S01008121,Families with dependent children: Total,73,66,65,65,0,1,1,0,7,0,7
S01008121,Families with dependent children: Youngest aged 0 to 4,21,19,18,18,0,1,1,0,2,0,2
S01008121,Families with dependent children: Youngest aged 5 to 11,26,25,25,25,0,0,0,0,1,0,1
S01008121,Families with dependent children: Youngest aged 12 to 18,26,22,22,22,0,0,0,0,4,0,4
S01008122,All families in households,226,201,190,186,4,11,7,4,25,6,19
S01008122,Families with no dependent children,124,107,101,99,2,6,6,0,17,5,12
S01008122,Families with dependent children: Total,102,94,89,87,2,5,1,4,8,1,7
S01008122,Families with dependent children: Youngest aged 0 to 4,33,33,31,30,1,2,1,1,0,0,0
S01008122,Families with dependent children: Youngest aged 5 to 11,34,28,27,27,0,1,0,1,6,0,6
S01008122,Families with dependent children: Youngest aged 12 to 18,35,33,31,30,1,2,0,2,2,1,1
S01008123,All families in households,279,251,234,229,5,17,14,3,28,6,22
S01008123,Families with no dependent children,178,170,156,154,2,14,13,1,8,3,5
S01008123,Families with dependent children: Total,101,81,78,75,3,3,1,2,20,3,17
S01008123,Families with dependent children: Youngest aged 0 to 4,28,24,23,22,1,1,1,0,4,1,3
S01008123,Families with dependent children: Youngest aged 5 to 11,29,22,22,22,0,0,0,0,7,1,6
S01008123,Families with dependent children: Youngest aged 12 to 18,44,35,33,31,2,2,0,2,9,1,8
S01008124,All families in households,258,229,214,212,2,15,12,3,29,5,24
S01008124,Families with no dependent children,140,127,120,119,1,7,7,0,13,1,12
S01008124,Families with dependent children: Total,118,102,94,93,1,8,5,3,16,4,12
S01008124,Families with dependent children: Youngest aged 0 to 4,28,27,23,23,0,4,4,0,1,0,1
S01008124,Families with dependent children: Youngest aged 5 to 11,39,33,31,30,1,2,1,1,6,3,3
S01008124,Families with dependent children: Youngest aged 12 to 18,51,42,40,40,0,2,0,2,9,1,8
S01008125,All families in households,268,238,218,212,6,20,13,7,30,4,26
S01008125,Families with no dependent children,167,153,143,141,2,10,6,4,14,4,10
S01008125,Families with dependent children: Total,101,85,75,71,4,10,7,3,16,0,16
S01008125,Families with dependent children: Youngest aged 0 to 4,35,33,28,27,1,5,4,1,2,0,2
S01008125,Families with dependent children: Youngest aged 5 to 11,38,29,25,25,0,4,3,1,9,0,9
S01008125,Families with dependent children: Youngest aged 12 to 18,28,23,22,19,3,1,0,1,5,0,5
S01008126,All families in households,255,229,210,203,7,19,15,4,26,5,21
S01008126,Families with no dependent children,146,134,125,123,2,9,8,1,12,2,10
S01008126,Families with dependent children: Total,109,95,85,80,5,10,7,3,14,3,11
S01008126,Families with dependent children: Youngest aged 0 to 4,23,22,18,17,1,4,4,0,1,0,1
S01008126,Families with dependent children: Youngest aged 5 to 11,45,41,40,36,4,1,1,0,4,0,4
S01008126,Families with dependent children: Youngest aged 12 to 18,41,32,27,27,0,5,2,3,9,3,6
S01008127,All families in households,161,143,131,129,2,12,10,2,18,4,14
S01008127,Families with no dependent children,113,103,93,92,1,10,8,2,10,2,8
S01008127,Families with dependent children: Total,48,40,38,37,1,2,2,0,8,2,6
S01008127,Families with dependent children: Youngest aged 0 to 4,23,18,16,16,0,2,2,0,5,2,3
S01008127,Families with dependent children: Youngest aged 5 to 11,14,12,12,12,0,0,0,0,2,0,2
S01008127,Families with dependent children: Youngest aged 12 to 18,11,10,10,9,1,0,0,0,1,0,1
S01008128,All families in households,274,242,219,216,3,23,16,7,32,4,28
S01008128,Families with no dependent children,173,161,148,148,0,13,10,3,12,3,9
S01008128,Families with dependent children: Total,101,81,71,68,3,10,6,4,20,1,19
S01008128,Families with dependent children: Youngest aged 0 to 4,31,27,23,22,1,4,4,0,4,0,4
S01008128,Families with dependent children: Youngest aged 5 to 11,22,18,15,15,0,3,1,2,4,0,4
S01008128,Families with dependent children: Youngest aged 12 to 18,48,36,33,31,2,3,1,2,12,1,11
S01008129,All families in households,253,188,144,141,3,44,35,9,65,12,53
S01008129,Families with no dependent children,156,127,96,95,1,31,27,4,29,5,24
S01008129,Families with dependent children: Total,97,61,48,46,2,13,8,5,36,7,29
S01008129,Families with dependent children: Youngest aged 0 to 4,35,27,17,17,0,10,7,3,8,1,7
S01008129,Families with dependent children: Youngest aged 5 to 11,33,20,18,16,2,2,1,1,13,4,9
S01008129,Families with dependent children: Youngest aged 12 to 18,29,14,13,13,0,1,0,1,15,2,13
S01008130,All families in households,262,193,137,132,5,56,44,12,69,9,60
S01008130,Families with no dependent children,155,130,96,94,2,34,30,4,25,5,20
S01008130,Families with dependent children: Total,107,63,41,38,3,22,14,8,44,4,40
S01008130,Families with dependent children: Youngest aged 0 to 4,39,26,15,15,0,11,8,3,13,1,12
S01008130,Families with dependent children: Youngest aged 5 to 11,34,15,9,8,1,6,4,2,19,1,18
S01008130,Families with dependent children: Youngest aged 12 to 18,34,22,17,15,2,5,2,3,12,2,10
S01008131,All families in households,204,134,102,96,6,32,30,2,70,11,59
S01008131,Families with no dependent children,123,91,70,64,6,21,21,0,32,6,26
S01008131,Families with dependent children: Total,81,43,32,32,0,11,9,2,38,5,33
S01008131,Families with dependent children: Youngest aged 0 to 4,33,21,13,13,0,8,7,1,12,2,10
S01008131,Families with dependent children: Youngest aged 5 to 11,22,13,10,10,0,3,2,1,9,1,8
S01008131,Families with dependent children: Youngest aged 12 to 18,26,9,9,9,0,0,0,0,17,2,15
S01008132,All families in households,318,300,273,269,4,27,23,4,18,1,17
S01008132,Families with no dependent children,206,197,184,181,3,13,13,0,9,0,9
S01008132,Families with dependent children: Total,112,103,89,88,1,14,10,4,9,1,8
S01008132,Families with dependent children: Youngest aged 0 to 4,33,32,26,26,0,6,5,1,1,0,1
S01008132,Families with dependent children: Youngest aged 5 to 11,40,37,33,33,0,4,4,0,3,0,3
S01008132,Families with dependent children: Youngest aged 12 to 18,39,34,30,29,1,4,1,3,5,1,4
S01008133,All families in households,161,132,117,116,1,15,13,2,29,3,26
S01008133,Families with no dependent children,101,92,82,81,1,10,10,0,9,3,6
S01008133,Families with dependent children: Total,60,40,35,35,0,5,3,2,20,0,20
S01008133,Families with dependent children: Youngest aged 0 to 4,25,17,16,16,0,1,1,0,8,0,8
S01008133,Families with dependent children: Youngest aged 5 to 11,19,15,12,12,0,3,1,2,4,0,4
S01008133,Families with dependent children: Youngest aged 12 to 18,16,8,7,7,0,1,1,0,8,0,8
S01008134,All families in households,154,125,87,84,3,38,36,2,29,3,26
S01008134,Families with no dependent children,98,81,55,53,2,26,26,0,17,3,14
S01008134,Families with dependent children: Total,56,44,32,31,1,12,10,2,12,0,12
S01008134,Families with dependent children: Youngest aged 0 to 4,23,21,14,13,1,7,6,1,2,0,2
S01008134,Families with dependent children: Youngest aged 5 to 11,19,16,12,12,0,4,3,1,3,0,3
S01008134,Families with dependent children: Youngest aged 12 to 18,14,7,6,6,0,1,1,0,7,0,7
S01008135,All families in households,307,247,186,173,13,61,54,7,60,4,56
S01008135,Families with no dependent children,126,112,79,76,3,33,32,1,14,2,12
S01008135,Families with dependent children: Total,181,135,107,97,10,28,22,6,46,2,44
S01008135,Families with dependent children: Youngest aged 0 to 4,78,57,38,35,3,19,18,1,21,0,21
S01008135,Families with dependent children: Youngest aged 5 to 11,58,40,37,34,3,3,2,1,18,2,16
S01008135,Families with dependent children: Youngest aged 12 to 18,45,38,32,28,4,6,2,4,7,0,7
S01008136,All families in households,241,193,146,134,12,47,36,11,48,5,43
S01008136,Families with no dependent children,156,129,97,93,4,32,27,5,27,5,22
S01008136,Families with dependent children: Total,85,64,49,41,8,15,9,6,21,0,21
S01008136,Families with dependent children: Youngest aged 0 to 4,27,21,13,12,1,8,7,1,6,0,6
S01008136,Families with dependent children: Youngest aged 5 to 11,35,30,25,22,3,5,1,4,5,0,5
S01008136,Families with dependent children: Youngest aged 12 to 18,23,13,11,7,4,2,1,1,10,0,10
S01008137,All families in households,246,112,70,66,4,42,30,12,134,12,122
S01008137,Families with no dependent children,95,65,49,48,1,16,12,4,30,9,21
S01008137,Families with dependent children: Total,151,47,21,18,3,26,18,8,104,3,101
S01008137,Families with dependent children: Youngest aged 0 to 4,76,30,12,10,2,18,13,5,46,1,45
S01008137,Families with dependent children: Youngest aged 5 to 11,44,11,4,3,1,7,4,3,33,0,33
S01008137,Families with dependent children: Youngest aged 12 to 18,31,6,5,5,0,1,1,0,25,2,23
S01008138,All families in households,228,134,100,91,9,34,28,6,94,15,79
S01008138,Families with no dependent children,106,71,57,57,0,14,12,2,35,8,27
S01008138,Families with dependent children: Total,122,63,43,34,9,20,16,4,59,7,52
S01008138,Families with dependent children: Youngest aged 0 to 4,49,27,15,13,2,12,11,1,22,2,20
S01008138,Families with dependent children: Youngest aged 5 to 11,37,19,15,11,4,4,2,2,18,0,18
S01008138,Families with dependent children: Youngest aged 12 to 18,36,17,13,10,3,4,3,1,19,5,14
S01008139,All families in households,252,179,146,140,6,33,25,8,73,7,66
S01008139,Families with no dependent children,138,112,93,91,2,19,17,2,26,3,23
S01008139,Families with dependent children: Total,114,67,53,49,4,14,8,6,47,4,43
S01008139,Families with dependent children: Youngest aged 0 to 4,37,26,19,17,2,7,4,3,11,2,9
S01008139,Families with dependent children: Youngest aged 5 to 11,36,17,14,14,0,3,3,0,19,1,18
S01008139,Families with dependent children: Youngest aged 12 to 18,41,24,20,18,2,4,1,3,17,1,16
S01008140,All families in households,147,97,80,76,4,17,15,2,50,9,41
S01008140,Families with no dependent children,75,62,52,50,2,10,10,0,13,5,8
S01008140,Families with dependent children: Total,72,35,28,26,2,7,5,2,37,4,33
S01008140,Families with dependent children: Youngest aged 0 to 4,33,12,8,8,0,4,4,0,21,2,19
S01008140,Families with dependent children: Youngest aged 5 to 11,22,9,7,6,1,2,1,1,13,1,12
S01008140,Families with dependent children: Youngest aged 12 to 18,17,14,13,12,1,1,0,1,3,1,2
S01008141,All families in households,259,227,209,205,4,18,16,2,32,3,29
S01008141,Families with no dependent children,163,145,134,131,3,11,11,0,18,2,16
S01008141,Families with dependent children: Total,96,82,75,74,1,7,5,2,14,1,13
S01008141,Families with dependent children: Youngest aged 0 to 4,22,19,19,18,1,0,0,0,3,0,3
S01008141,Families with dependent children: Youngest aged 5 to 11,35,31,24,24,0,7,5,2,4,0,4
S01008141,Families with dependent children: Youngest aged 12 to 18,39,32,32,32,0,0,0,0,7,1,6
S01008142,All families in households,245,216,192,183,9,24,21,3,29,7,22
S01008142,Families with no dependent children,146,136,121,116,5,15,14,1,10,1,9
S01008142,Families with dependent children: Total,99,80,71,67,4,9,7,2,19,6,13
S01008142,Families with dependent children: Youngest aged 0 to 4,27,22,20,19,1,2,2,0,5,0,5
S01008142,Families with dependent children: Youngest aged 5 to 11,39,33,28,26,2,5,4,1,6,1,5
S01008142,Families with dependent children: Youngest aged 12 to 18,33,25,23,22,1,2,1,1,8,5,3
S01008143,All families in households,251,175,142,133,9,33,29,4,76,6,70
S01008143,Families with no dependent children,145,118,95,91,4,23,21,2,27,3,24
S01008143,Families with dependent children: Total,106,57,47,42,5,10,8,2,49,3,46
S01008143,Families with dependent children: Youngest aged 0 to 4,36,21,15,14,1,6,5,1,15,0,15
S01008143,Families with dependent children: Youngest aged 5 to 11,31,17,14,13,1,3,3,0,14,2,12
S01008143,Families with dependent children: Youngest aged 12 to 18,39,19,18,15,3,1,0,1,20,1,19
S01008144,All families in households,189,167,155,151,4,12,11,1,22,4,18
S01008144,Families with no dependent children,107,100,91,90,1,9,9,0,7,0,7
S01008144,Families with dependent children: Total,82,67,64,61,3,3,2,1,15,4,11
S01008144,Families with dependent children: Youngest aged 0 to 4,17,12,10,9,1,2,1,1,5,1,4
S01008144,Families with dependent children: Youngest aged 5 to 11,24,22,22,21,1,0,0,0,2,0,2
S01008144,Families with dependent children: Youngest aged 12 to 18,41,33,32,31,1,1,1,0,8,3,5
S01008145,All families in households,232,185,154,147,7,31,25,6,47,4,43
S01008145,Families with no dependent children,127,112,98,93,5,14,11,3,15,3,12
S01008145,Families with dependent children: Total,105,73,56,54,2,17,14,3,32,1,31
S01008145,Families with dependent children: Youngest aged 0 to 4,36,27,14,13,1,13,10,3,9,0,9
S01008145,Families with dependent children: Youngest aged 5 to 11,32,19,15,15,0,4,4,0,13,1,12
S01008145,Families with dependent children: Youngest aged 12 to 18,37,27,27,26,1,0,0,0,10,0,10
S01008146,All families in households,147,100,80,78,2,20,18,2,47,6,41
S01008146,Families with no dependent children,89,73,60,58,2,13,13,0,16,4,12
S01008146,Families with dependent children: Total,58,27,20,20,0,7,5,2,31,2,29
S01008146,Families with dependent children: Youngest aged 0 to 4,26,9,5,5,0,4,3,1,17,1,16
S01008146,Families with dependent children: Youngest aged 5 to 11,13,6,5,5,0,1,1,0,7,0,7
S01008146,Families with dependent children: Youngest aged 12 to 18,19,12,10,10,0,2,1,1,7,1,6
S01008147,All families in households,254,194,164,153,11,30,27,3,60,8,52
S01008147,Families with no dependent children,162,136,120,116,4,16,16,0,26,5,21
S01008147,Families with dependent children: Total,92,58,44,37,7,14,11,3,34,3,31
S01008147,Families with dependent children: Youngest aged 0 to 4,29,24,15,14,1,9,7,2,5,0,5
S01008147,Families with dependent children: Youngest aged 5 to 11,31,18,13,11,2,5,4,1,13,0,13
S01008147,Families with dependent children: Youngest aged 12 to 18,32,16,16,12,4,0,0,0,16,3,13
S01008148,All families in households,225,190,171,166,5,19,14,5,35,10,25
S01008148,Families with no dependent children,144,127,116,113,3,11,9,2,17,6,11
S01008148,Families with dependent children: Total,81,63,55,53,2,8,5,3,18,4,14
S01008148,Families with dependent children: Youngest aged 0 to 4,33,24,19,18,1,5,4,1,9,1,8
S01008148,Families with dependent children: Youngest aged 5 to 11,16,11,10,9,1,1,1,0,5,2,3
S01008148,Families with dependent children: Youngest aged 12 to 18,32,28,26,26,0,2,0,2,4,1,3
S01008149,All families in households,216,158,131,126,5,27,23,4,58,4,54
S01008149,Families with no dependent children,116,102,85,82,3,17,16,1,14,2,12
S01008149,Families with dependent children: Total,100,56,46,44,2,10,7,3,44,2,42
S01008149,Families with dependent children: Youngest aged 0 to 4,37,21,15,14,1,6,6,0,16,0,16
S01008149,Families with dependent children: Youngest aged 5 to 11,32,16,14,13,1,2,1,1,16,0,16
S01008149,Families with dependent children: Youngest aged 12 to 18,31,19,17,17,0,2,0,2,12,2,10
S01008150,All families in households,275,195,149,142,7,46,39,7,80,9,71
S01008150,Families with no dependent children,155,120,99,95,4,21,19,2,35,6,29
S01008150,Families with dependent children: Total,120,75,50,47,3,25,20,5,45,3,42
S01008150,Families with dependent children: Youngest aged 0 to 4,56,38,20,18,2,18,16,2,18,0,18
S01008150,Families with dependent children: Youngest aged 5 to 11,32,20,16,15,1,4,2,2,12,2,10
S01008150,Families with dependent children: Youngest aged 12 to 18,32,17,14,14,0,3,2,1,15,1,14
S01008151,All families in households,193,149,123,114,9,26,21,5,44,6,38
S01008151,Families with no dependent children,104,88,76,72,4,12,11,1,16,3,13
S01008151,Families with dependent children: Total,89,61,47,42,5,14,10,4,28,3,25
S01008151,Families with dependent children: Youngest aged 0 to 4,31,21,10,9,1,11,9,2,10,1,9
S01008151,Families with dependent children: Youngest aged 5 to 11,20,19,19,18,1,0,0,0,1,0,1
S01008151,Families with dependent children: Youngest aged 12 to 18,38,21,18,15,3,3,1,2,17,2,15
S01008152,All families in households,315,208,177,170,7,31,25,6,107,10,97
S01008152,Families with no dependent children,196,156,140,136,4,16,14,2,40,7,33
S01008152,Families with dependent children: Total,119,52,37,34,3,15,11,4,67,3,64
S01008152,Families with dependent children: Youngest aged 0 to 4,45,20,9,8,1,11,8,3,25,1,24
S01008152,Families with dependent children: Youngest aged 5 to 11,45,18,15,15,0,3,3,0,27,1,26
S01008152,Families with dependent children: Youngest aged 12 to 18,29,14,13,11,2,1,0,1,15,1,14
S01008153,All families in households,240,220,201,191,10,19,15,4,20,4,16
S01008153,Families with no dependent children,141,136,126,123,3,10,8,2,5,1,4
S01008153,Families with dependent children: Total,99,84,75,68,7,9,7,2,15,3,12
S01008153,Families with dependent children: Youngest aged 0 to 4,27,24,18,18,0,6,6,0,3,0,3
S01008153,Families with dependent children: Youngest aged 5 to 11,25,22,21,19,2,1,0,1,3,0,3
S01008153,Families with dependent children: Youngest aged 12 to 18,47,38,36,31,5,2,1,1,9,3,6
S01008154,All families in households,257,229,211,204,7,18,17,1,28,6,22
S01008154,Families with no dependent children,178,165,156,154,2,9,9,0,13,4,9
S01008154,Families with dependent children: Total,79,64,55,50,5,9,8,1,15,2,13
S01008154,Families with dependent children: Youngest aged 0 to 4,29,27,20,19,1,7,7,0,2,0,2
S01008154,Families with dependent children: Youngest aged 5 to 11,21,17,15,15,0,2,1,1,4,0,4
S01008154,Families with dependent children: Youngest aged 12 to 18,29,20,20,16,4,0,0,0,9,2,7
S01008155,All families in households,208,181,161,158,3,20,17,3,27,3,24
S01008155,Families with no dependent children,139,125,113,112,1,12,12,0,14,2,12
S01008155,Families with dependent children: Total,69,56,48,46,2,8,5,3,13,1,12
S01008155,Families with dependent children: Youngest aged 0 to 4,20,16,14,13,1,2,2,0,4,0,4
S01008155,Families with dependent children: Youngest aged 5 to 11,21,16,14,13,1,2,1,1,5,1,4
S01008155,Families with dependent children: Youngest aged 12 to 18,28,24,20,20,0,4,2,2,4,0,4
S01008156,All families in households,272,217,182,174,8,35,26,9,55,4,51
S01008156,Families with no dependent children,165,144,127,124,3,17,14,3,21,3,18
S01008156,Families with dependent children: Total,107,73,55,50,5,18,12,6,34,1,33
S01008156,Families with dependent children: Youngest aged 0 to 4,36,24,17,16,1,7,6,1,12,1,11
S01008156,Families with dependent children: Youngest aged 5 to 11,32,22,19,16,3,3,2,1,10,0,10
S01008156,Families with dependent children: Youngest aged 12 to 18,39,27,19,18,1,8,4,4,12,0,12
S01008157,All families in households,228,182,159,154,5,23,17,6,46,2,44
S01008157,Families with no dependent children,127,113,98,96,2,15,13,2,14,2,12
S01008157,Families with dependent children: Total,101,69,61,58,3,8,4,4,32,0,32
S01008157,Families with dependent children: Youngest aged 0 to 4,28,20,15,14,1,5,4,1,8,0,8
S01008157,Families with dependent children: Youngest aged 5 to 11,42,27,25,24,1,2,0,2,15,0,15
S01008157,Families with dependent children: Youngest aged 12 to 18,31,22,21,20,1,1,0,1,9,0,9
S01008158,All families in households,227,199,169,164,5,30,29,1,28,2,26
S01008158,Families with no dependent children,150,138,117,113,4,21,20,1,12,1,11
S01008158,Families with dependent children: Total,77,61,52,51,1,9,9,0,16,1,15
S01008158,Families with dependent children: Youngest aged 0 to 4,27,22,15,14,1,7,7,0,5,0,5
S01008158,Families with dependent children: Youngest aged 5 to 11,20,17,15,15,0,2,2,0,3,0,3
S01008158,Families with dependent children: Youngest aged 12 to 18,30,22,22,22,0,0,0,0,8,1,7
S01008159,All families in households,273,175,136,131,5,39,33,6,98,9,89
S01008159,Families with no dependent children,134,109,91,90,1,18,16,2,25,3,22
S01008159,Families with dependent children: Total,139,66,45,41,4,21,17,4,73,6,67
S01008159,Families with dependent children: Youngest aged 0 to 4,57,31,17,15,2,14,12,2,26,0,26
S01008159,Families with dependent children: Youngest aged 5 to 11,40,17,12,11,1,5,3,2,23,2,21
S01008159,Families with dependent children: Youngest aged 12 to 18,42,18,16,15,1,2,2,0,24,4,20
S01008160,All families in households,274,175,143,138,5,32,28,4,99,17,82
S01008160,Families with no dependent children,130,99,81,80,1,18,17,1,31,7,24
S01008160,Families with dependent children: Total,144,76,62,58,4,14,11,3,68,10,58
S01008160,Families with dependent children: Youngest aged 0 to 4,45,26,23,23,0,3,3,0,19,0,19
S01008160,Families with dependent children: Youngest aged 5 to 11,47,26,17,14,3,9,6,3,21,3,18
S01008160,Families with dependent children: Youngest aged 12 to 18,52,24,22,21,1,2,2,0,28,7,21
S01008161,All families in households,308,286,235,225,10,51,40,11,22,3,19
S01008161,Families with no dependent children,164,155,131,128,3,24,21,3,9,1,8
S01008161,Families with dependent children: Total,144,131,104,97,7,27,19,8,13,2,11
S01008161,Families with dependent children: Youngest aged 0 to 4,52,48,33,32,1,15,12,3,4,0,4
S01008161,Families with dependent children: Youngest aged 5 to 11,51,48,40,36,4,8,5,3,3,0,3
S01008161,Families with dependent children: Youngest aged 12 to 18,41,35,31,29,2,4,2,2,6,2,4
S01008162,All families in households,295,259,217,206,11,42,34,8,36,3,33
S01008162,Families with no dependent children,186,166,147,139,8,19,18,1,20,2,18
S01008162,Families with dependent children: Total,109,93,70,67,3,23,16,7,16,1,15
S01008162,Families with dependent children: Youngest aged 0 to 4,45,39,28,27,1,11,8,3,6,1,5
S01008162,Families with dependent children: Youngest aged 5 to 11,36,31,23,23,0,8,6,2,5,0,5
S01008162,Families with dependent children: Youngest aged 12 to 18,28,23,19,17,2,4,2,2,5,0,5
S01008163,All families in households,243,166,126,123,3,40,31,9,77,5,72
S01008163,Families with no dependent children,132,110,87,87,0,23,21,2,22,2,20
S01008163,Families with dependent children: Total,111,56,39,36,3,17,10,7,55,3,52
S01008163,Families with dependent children: Youngest aged 0 to 4,50,23,15,14,1,8,6,2,27,1,26
S01008163,Families with dependent children: Youngest aged 5 to 11,30,15,10,10,0,5,4,1,15,2,13
S01008163,Families with dependent children: Youngest aged 12 to 18,31,18,14,12,2,4,0,4,13,0,13
S01008164,All families in households,183,135,108,99,9,27,23,4,48,9,39
S01008164,Families with no dependent children,93,77,64,59,5,13,12,1,16,8,8
S01008164,Families with dependent children: Total,90,58,44,40,4,14,11,3,32,1,31
S01008164,Families with dependent children: Youngest aged 0 to 4,39,24,17,16,1,7,7,0,15,0,15
S01008164,Families with dependent children: Youngest aged 5 to 11,21,14,10,7,3,4,2,2,7,0,7
S01008164,Families with dependent children: Youngest aged 12 to 18,30,20,17,17,0,3,2,1,10,1,9
S01008165,All families in households,231,213,160,148,12,53,42,11,18,4,14
S01008165,Families with no dependent children,95,91,64,61,3,27,27,0,4,0,4
S01008165,Families with dependent children: Total,136,122,96,87,9,26,15,11,14,4,10
S01008165,Families with dependent children: Youngest aged 0 to 4,69,68,53,51,2,15,10,5,1,0,1
S01008165,Families with dependent children: Youngest aged 5 to 11,43,35,27,24,3,8,3,5,8,2,6
S01008165,Families with dependent children: Youngest aged 12 to 18,24,19,16,12,4,3,2,1,5,2,3
S01008166,All families in households,170,125,102,96,6,23,20,3,45,9,36
S01008166,Families with no dependent children,99,81,71,70,1,10,10,0,18,5,13
S01008166,Families with dependent children: Total,71,44,31,26,5,13,10,3,27,4,23
S01008166,Families with dependent children: Youngest aged 0 to 4,24,18,8,5,3,10,8,2,6,0,6
S01008166,Families with dependent children: Youngest aged 5 to 11,24,11,10,10,0,1,1,0,13,2,11
S01008166,Families with dependent children: Youngest aged 12 to 18,23,15,13,11,2,2,1,1,8,2,6
S01008167,All families in households,225,151,104,96,8,47,35,12,74,12,62
S01008167,Families with no dependent children,118,89,68,66,2,21,17,4,29,8,21
S01008167,Families with dependent children: Total,107,62,36,30,6,26,18,8,45,4,41
S01008167,Families with dependent children: Youngest aged 0 to 4,39,27,11,8,3,16,12,4,12,0,12
S01008167,Families with dependent children: Youngest aged 5 to 11,32,17,11,10,1,6,3,3,15,2,13
S01008167,Families with dependent children: Youngest aged 12 to 18,36,18,14,12,2,4,3,1,18,2,16
S01008168,All families in households,245,181,139,124,15,42,31,11,64,4,60
S01008168,Families with no dependent children,121,105,84,74,10,21,20,1,16,1,15
S01008168,Families with dependent children: Total,124,76,55,50,5,21,11,10,48,3,45
S01008168,Families with dependent children: Youngest aged 0 to 4,48,29,16,16,0,13,9,4,19,0,19
S01008168,Families with dependent children: Youngest aged 5 to 11,40,26,21,18,3,5,2,3,14,2,12
S01008168,Families with dependent children: Youngest aged 12 to 18,36,21,18,16,2,3,0,3,15,1,14
S01008169,All families in households,221,163,115,108,7,48,39,9,58,6,52
S01008169,Families with no dependent children,120,105,75,73,2,30,27,3,15,3,12
S01008169,Families with dependent children: Total,101,58,40,35,5,18,12,6,43,3,40
S01008169,Families with dependent children: Youngest aged 0 to 4,47,30,16,16,0,14,10,4,17,0,17
S01008169,Families with dependent children: Youngest aged 5 to 11,23,12,10,8,2,2,1,1,11,1,10
S01008169,Families with dependent children: Youngest aged 12 to 18,31,16,14,11,3,2,1,1,15,2,13
S01008170,All families in households,178,160,137,131,6,23,20,3,18,3,15
S01008170,Families with no dependent children,97,93,73,71,2,20,17,3,4,1,3
S01008170,Families with dependent children: Total,81,67,64,60,4,3,3,0,14,2,12
S01008170,Families with dependent children: Youngest aged 0 to 4,22,16,14,13,1,2,2,0,6,1,5
S01008170,Families with dependent children: Youngest aged 5 to 11,28,24,23,21,2,1,1,0,4,0,4
S01008170,Families with dependent children: Youngest aged 12 to 18,31,27,27,26,1,0,0,0,4,1,3
S01008171,All families in households,210,159,118,115,3,41,34,7,51,9,42
S01008171,Families with no dependent children,122,102,79,77,2,23,20,3,20,4,16
S01008171,Families with dependent children: Total,88,57,39,38,1,18,14,4,31,5,26
S01008171,Families with dependent children: Youngest aged 0 to 4,33,27,18,18,0,9,9,0,6,1,5
S01008171,Families with dependent children: Youngest aged 5 to 11,31,18,12,12,0,6,3,3,13,1,12
S01008171,Families with dependent children: Youngest aged 12 to 18,24,12,9,8,1,3,2,1,12,3,9
S01008172,All families in households,169,138,120,116,4,18,17,1,31,3,28
S01008172,Families with no dependent children,99,90,78,77,1,12,12,0,9,2,7
S01008172,Families with dependent children: Total,70,48,42,39,3,6,5,1,22,1,21
S01008172,Families with dependent children: Youngest aged 0 to 4,22,15,11,10,1,4,4,0,7,1,6
S01008172,Families with dependent children: Youngest aged 5 to 11,22,17,16,14,2,1,0,1,5,0,5
S01008172,Families with dependent children: Youngest aged 12 to 18,26,16,15,15,0,1,1,0,10,0,10
S01008173,All families in households,201,168,146,142,4,22,17,5,33,3,30
S01008173,Families with no dependent children,97,88,73,73,0,15,15,0,9,1,8
S01008173,Families with dependent children: Total,104,80,73,69,4,7,2,5,24,2,22
S01008173,Families with dependent children: Youngest aged 0 to 4,21,15,14,13,1,1,0,1,6,0,6
S01008173,Families with dependent children: Youngest aged 5 to 11,36,29,26,25,1,3,1,2,7,1,6
S01008173,Families with dependent children: Youngest aged 12 to 18,47,36,33,31,2,3,1,2,11,1,10
S01008174,All families in households,156,137,119,115,4,18,14,4,19,8,11
S01008174,Families with no dependent children,91,81,72,72,0,9,9,0,10,6,4
S01008174,Families with dependent children: Total,65,56,47,43,4,9,5,4,9,2,7
S01008174,Families with dependent children: Youngest aged 0 to 4,23,20,16,14,2,4,4,0,3,1,2
S01008174,Families with dependent children: Youngest aged 5 to 11,16,12,9,8,1,3,1,2,4,0,4
S01008174,Families with dependent children: Youngest aged 12 to 18,26,24,22,21,1,2,0,2,2,1,1
S01008175,All families in households,212,160,124,120,4,36,34,2,52,4,48
S01008175,Families with no dependent children,120,98,78,76,2,20,20,0,22,3,19
S01008175,Families with dependent children: Total,92,62,46,44,2,16,14,2,30,1,29
S01008175,Families with dependent children: Youngest aged 0 to 4,47,28,19,17,2,9,8,1,19,1,18
S01008175,Families with dependent children: Youngest aged 5 to 11,23,19,14,14,0,5,4,1,4,0,4
S01008175,Families with dependent children: Youngest aged 12 to 18,22,15,13,13,0,2,2,0,7,0,7
S01008176,All families in households,217,203,181,181,0,22,20,2,14,4,10
S01008176,Families with no dependent children,137,132,119,119,0,13,13,0,5,2,3
S01008176,Families with dependent children: Total,80,71,62,62,0,9,7,2,9,2,7
S01008176,Families with dependent children: Youngest aged 0 to 4,30,29,23,23,0,6,5,1,1,0,1
S01008176,Families with dependent children: Youngest aged 5 to 11,22,21,20,20,0,1,1,0,1,0,1
S01008176,Families with dependent children: Youngest aged 12 to 18,28,21,19,19,0,2,1,1,7,2,5
S01008177,All families in households,229,181,141,135,6,40,31,9,48,6,42
S01008177,Families with no dependent children,136,110,93,93,0,17,17,0,26,4,22
S01008177,Families with dependent children: Total,93,71,48,42,6,23,14,9,22,2,20
S01008177,Families with dependent children: Youngest aged 0 to 4,45,33,21,18,3,12,7,5,12,1,11
S01008177,Families with dependent children: Youngest aged 5 to 11,29,22,15,13,2,7,4,3,7,0,7
S01008177,Families with dependent children: Youngest aged 12 to 18,19,16,12,11,1,4,3,1,3,1,2
S01008178,All families in households,205,175,157,155,2,18,15,3,30,2,28
S01008178,Families with no dependent children,145,129,119,118,1,10,9,1,16,1,15
S01008178,Families with dependent children: Total,60,46,38,37,1,8,6,2,14,1,13
S01008178,Families with dependent children: Youngest aged 0 to 4,23,18,14,14,0,4,3,1,5,0,5
S01008178,Families with dependent children: Youngest aged 5 to 11,19,14,11,10,1,3,3,0,5,0,5
S01008178,Families with dependent children: Youngest aged 12 to 18,18,14,13,13,0,1,0,1,4,1,3
S01008179,All families in households,155,142,117,113,4,25,18,7,13,4,9
S01008179,Families with no dependent children,66,64,47,45,2,17,15,2,2,0,2
S01008179,Families with dependent children: Total,89,78,70,68,2,8,3,5,11,4,7
S01008179,Families with dependent children: Youngest aged 0 to 4,22,22,19,19,0,3,2,1,0,0,0
S01008179,Families with dependent children: Youngest aged 5 to 11,34,31,28,28,0,3,1,2,3,1,2
S01008179,Families with dependent children: Youngest aged 12 to 18,33,25,23,21,2,2,0,2,8,3,5
S01008180,All families in households,143,132,121,116,5,11,10,1,11,0,11
S01008180,Families with no dependent children,77,74,67,66,1,7,7,0,3,0,3
S01008180,Families with dependent children: Total,66,58,54,50,4,4,3,1,8,0,8
S01008180,Families with dependent children: Youngest aged 0 to 4,18,18,17,15,2,1,0,1,0,0,0
S01008180,Families with dependent children: Youngest aged 5 to 11,20,18,15,15,0,3,3,0,2,0,2
S01008180,Families with dependent children: Youngest aged 12 to 18,28,22,22,20,2,0,0,0,6,0,6
S01008181,All families in households,207,189,170,168,2,19,16,3,18,3,15
S01008181,Families with no dependent children,139,128,120,119,1,8,7,1,11,3,8
S01008181,Families with dependent children: Total,68,61,50,49,1,11,9,2,7,0,7
S01008181,Families with dependent children: Youngest aged 0 to 4,25,24,16,16,0,8,7,1,1,0,1
S01008181,Families with dependent children: Youngest aged 5 to 11,18,16,14,13,1,2,2,0,2,0,2
S01008181,Families with dependent children: Youngest aged 12 to 18,25,21,20,20,0,1,0,1,4,0,4
S01008182,All families in households,235,193,113,111,2,80,80,0,42,5,37
S01008182,Families with no dependent children,168,149,82,81,1,67,67,0,19,2,17
S01008182,Families with dependent children: Total,67,44,31,30,1,13,13,0,23,3,20
S01008182,Families with dependent children: Youngest aged 0 to 4,37,28,17,17,0,11,11,0,9,0,9
S01008182,Families with dependent children: Youngest aged 5 to 11,14,9,7,7,0,2,2,0,5,0,5
S01008182,Families with dependent children: Youngest aged 12 to 18,16,7,7,6,1,0,0,0,9,3,6
S01008183,All families in households,181,146,113,107,6,33,28,5,35,3,32
S01008183,Families with no dependent children,92,79,60,58,2,19,19,0,13,1,12
S01008183,Families with dependent children: Total,89,67,53,49,4,14,9,5,22,2,20
S01008183,Families with dependent children: Youngest aged 0 to 4,33,28,20,20,0,8,8,0,5,0,5
S01008183,Families with dependent children: Youngest aged 5 to 11,27,20,18,16,2,2,0,2,7,0,7
S01008183,Families with dependent children: Youngest aged 12 to 18,29,19,15,13,2,4,1,3,10,2,8
S01008184,All families in households,190,172,114,113,1,58,52,6,18,2,16
S01008184,Families with no dependent children,142,135,87,86,1,48,45,3,7,1,6
S01008184,Families with dependent children: Total,48,37,27,27,0,10,7,3,11,1,10
S01008184,Families with dependent children: Youngest aged 0 to 4,24,19,14,14,0,5,5,0,5,1,4
S01008184,Families with dependent children: Youngest aged 5 to 11,14,10,9,9,0,1,1,0,4,0,4
S01008184,Families with dependent children: Youngest aged 12 to 18,10,8,4,4,0,4,1,3,2,0,2
S01008185,All families in households,265,205,150,145,5,55,50,5,60,10,50
S01008185,Families with no dependent children,167,144,107,104,3,37,35,2,23,3,20
S01008185,Families with dependent children: Total,98,61,43,41,2,18,15,3,37,7,30
S01008185,Families with dependent children: Youngest aged 0 to 4,37,30,21,20,1,9,9,0,7,0,7
S01008185,Families with dependent children: Youngest aged 5 to 11,31,18,10,10,0,8,6,2,13,4,9
S01008185,Families with dependent children: Youngest aged 12 to 18,30,13,12,11,1,1,0,1,17,3,14
S01008186,All families in households,155,133,86,84,2,47,42,5,22,4,18
S01008186,Families with no dependent children,100,91,57,55,2,34,32,2,9,4,5
S01008186,Families with dependent children: Total,55,42,29,29,0,13,10,3,13,0,13
S01008186,Families with dependent children: Youngest aged 0 to 4,27,22,13,13,0,9,9,0,5,0,5
S01008186,Families with dependent children: Youngest aged 5 to 11,18,13,11,11,0,2,0,2,5,0,5
S01008186,Families with dependent children: Youngest aged 12 to 18,10,7,5,5,0,2,1,1,3,0,3
S01008187,All families in households,178,126,97,96,1,29,26,3,52,5,47
S01008187,Families with no dependent children,92,77,60,60,0,17,16,1,15,2,13
S01008187,Families with dependent children: Total,86,49,37,36,1,12,10,2,37,3,34
S01008187,Families with dependent children: Youngest aged 0 to 4,38,23,13,13,0,10,8,2,15,0,15
S01008187,Families with dependent children: Youngest aged 5 to 11,20,13,11,10,1,2,2,0,7,0,7
S01008187,Families with dependent children: Youngest aged 12 to 18,28,13,13,13,0,0,0,0,15,3,12
S01008188,All families in households,246,174,124,116,8,50,48,2,72,5,67
S01008188,Families with no dependent children,134,112,81,78,3,31,31,0,22,3,19
S01008188,Families with dependent children: Total,112,62,43,38,5,19,17,2,50,2,48
S01008188,Families with dependent children: Youngest aged 0 to 4,49,31,19,17,2,12,12,0,18,1,17
S01008188,Families with dependent children: Youngest aged 5 to 11,27,16,11,10,1,5,4,1,11,0,11
S01008188,Families with dependent children: Youngest aged 12 to 18,36,15,13,11,2,2,1,1,21,1,20
S01008189,All families in households,167,138,129,125,4,9,8,1,29,6,23
S01008189,Families with no dependent children,107,94,89,87,2,5,5,0,13,4,9
S01008189,Families with dependent children: Total,60,44,40,38,2,4,3,1,16,2,14
S01008189,Families with dependent children: Youngest aged 0 to 4,20,19,16,16,0,3,3,0,1,0,1
S01008189,Families with dependent children: Youngest aged 5 to 11,17,12,12,12,0,0,0,0,5,1,4
S01008189,Families with dependent children: Youngest aged 12 to 18,23,13,12,10,2,1,0,1,10,1,9
S01008190,All families in households,257,184,150,139,11,34,24,10,73,7,66
S01008190,Families with no dependent children,140,116,104,99,5,12,10,2,24,3,21
S01008190,Families with dependent children: Total,117,68,46,40,6,22,14,8,49,4,45
S01008190,Families with dependent children: Youngest aged 0 to 4,30,22,12,9,3,10,8,2,8,0,8
S01008190,Families with dependent children: Youngest aged 5 to 11,34,22,14,12,2,8,5,3,12,0,12
S01008190,Families with dependent children: Youngest aged 12 to 18,53,24,20,19,1,4,1,3,29,4,25
S01008191,All families in households,140,109,92,85,7,17,13,4,31,4,27
S01008191,Families with no dependent children,81,71,65,64,1,6,3,3,10,2,8
S01008191,Families with dependent children: Total,59,38,27,21,6,11,10,1,21,2,19
S01008191,Families with dependent children: Youngest aged 0 to 4,23,11,8,6,2,3,3,0,12,0,12
S01008191,Families with dependent children: Youngest aged 5 to 11,21,16,13,9,4,3,2,1,5,2,3
S01008191,Families with dependent children: Youngest aged 12 to 18,15,11,6,6,0,5,5,0,4,0,4
S01008192,All families in households,223,187,135,121,14,52,49,3,36,5,31
S01008192,Families with no dependent children,144,127,91,84,7,36,36,0,17,3,14
S01008192,Families with dependent children: Total,79,60,44,37,7,16,13,3,19,2,17
S01008192,Families with dependent children: Youngest aged 0 to 4,18,15,8,7,1,7,7,0,3,0,3
S01008192,Families with dependent children: Youngest aged 5 to 11,29,24,18,16,2,6,5,1,5,0,5
S01008192,Families with dependent children: Youngest aged 12 to 18,32,21,18,14,4,3,1,2,11,2,9
S01008193,All families in households,241,200,159,150,9,41,35,6,41,3,38
S01008193,Families with no dependent children,138,118,95,91,4,23,23,0,20,3,17
S01008193,Families with dependent children: Total,103,82,64,59,5,18,12,6,21,0,21
S01008193,Families with dependent children: Youngest aged 0 to 4,30,29,19,19,0,10,8,2,1,0,1
S01008193,Families with dependent children: Youngest aged 5 to 11,31,24,19,17,2,5,2,3,7,0,7
S01008193,Families with dependent children: Youngest aged 12 to 18,42,29,26,23,3,3,2,1,13,0,13
S01008194,All families in households,186,150,111,106,5,39,32,7,36,3,33
S01008194,Families with no dependent children,103,91,74,72,2,17,15,2,12,3,9
S01008194,Families with dependent children: Total,83,59,37,34,3,22,17,5,24,0,24
S01008194,Families with dependent children: Youngest aged 0 to 4,39,29,19,18,1,10,9,1,10,0,10
S01008194,Families with dependent children: Youngest aged 5 to 11,23,14,11,10,1,3,2,1,9,0,9
S01008194,Families with dependent children: Youngest aged 12 to 18,21,16,7,6,1,9,6,3,5,0,5
S01008195,All families in households,240,174,125,119,6,49,40,9,66,7,59
S01008195,Families with no dependent children,115,96,76,76,0,20,18,2,19,2,17
S01008195,Families with dependent children: Total,125,78,49,43,6,29,22,7,47,5,42
S01008195,Families with dependent children: Youngest aged 0 to 4,55,35,16,16,0,19,14,5,20,1,19
S01008195,Families with dependent children: Youngest aged 5 to 11,32,18,14,10,4,4,3,1,14,2,12
S01008195,Families with dependent children: Youngest aged 12 to 18,38,25,19,17,2,6,5,1,13,2,11
S01008196,All families in households,225,152,114,110,4,38,25,13,73,7,66
S01008196,Families with no dependent children,90,74,61,61,0,13,11,2,16,2,14
S01008196,Families with dependent children: Total,135,78,53,49,4,25,14,11,57,5,52
S01008196,Families with dependent children: Youngest aged 0 to 4,49,29,16,16,0,13,7,6,20,0,20
S01008196,Families with dependent children: Youngest aged 5 to 11,48,28,19,17,2,9,5,4,20,3,17
S01008196,Families with dependent children: Youngest aged 12 to 18,38,21,18,16,2,3,2,1,17,2,15
S01008197,All families in households,307,270,159,150,9,111,104,7,37,2,35
S01008197,Families with no dependent children,159,153,84,82,2,69,68,1,6,1,5
S01008197,Families with dependent children: Total,148,117,75,68,7,42,36,6,31,1,30
S01008197,Families with dependent children: Youngest aged 0 to 4,95,78,44,41,3,34,33,1,17,1,16
S01008197,Families with dependent children: Youngest aged 5 to 11,32,25,18,16,2,7,3,4,7,0,7
S01008197,Families with dependent children: Youngest aged 12 to 18,21,14,13,11,2,1,0,1,7,0,7
S01008198,All families in households,214,160,136,128,8,24,19,5,54,6,48
S01008198,Families with no dependent children,138,118,106,104,2,12,11,1,20,1,19
S01008198,Families with dependent children: Total,76,42,30,24,6,12,8,4,34,5,29
S01008198,Families with dependent children: Youngest aged 0 to 4,30,20,14,12,2,6,4,2,10,1,9
S01008198,Families with dependent children: Youngest aged 5 to 11,22,11,9,6,3,2,2,0,11,2,9
S01008198,Families with dependent children: Youngest aged 12 to 18,24,11,7,6,1,4,2,2,13,2,11
S01008199,All families in households,244,183,138,122,16,45,34,11,61,8,53
S01008199,Families with no dependent children,131,113,93,88,5,20,17,3,18,3,15
S01008199,Families with dependent children: Total,113,70,45,34,11,25,17,8,43,5,38
S01008199,Families with dependent children: Youngest aged 0 to 4,46,28,16,14,2,12,10,2,18,2,16
S01008199,Families with dependent children: Youngest aged 5 to 11,39,21,14,10,4,7,5,2,18,0,18
S01008199,Families with dependent children: Youngest aged 12 to 18,28,21,15,10,5,6,2,4,7,3,4
S01008200,All families in households,181,132,113,109,4,19,15,4,49,3,46
S01008200,Families with no dependent children,107,91,81,81,0,10,9,1,16,2,14
S01008200,Families with dependent children: Total,74,41,32,28,4,9,6,3,33,1,32
S01008200,Families with dependent children: Youngest aged 0 to 4,25,16,9,8,1,7,4,3,9,1,8
S01008200,Families with dependent children: Youngest aged 5 to 11,30,12,11,9,2,1,1,0,18,0,18
S01008200,Families with dependent children: Youngest aged 12 to 18,19,13,12,11,1,1,1,0,6,0,6
S01008201,All families in households,232,165,126,115,11,39,32,7,67,9,58
S01008201,Families with no dependent children,135,112,91,89,2,21,21,0,23,3,20
S01008201,Families with dependent children: Total,97,53,35,26,9,18,11,7,44,6,38
S01008201,Families with dependent children: Youngest aged 0 to 4,41,26,14,10,4,12,9,3,15,2,13
S01008201,Families with dependent children: Youngest aged 5 to 11,30,14,11,7,4,3,2,1,16,1,15
S01008201,Families with dependent children: Youngest aged 12 to 18,26,13,10,9,1,3,0,3,13,3,10
S01008202,All families in households,177,147,126,123,3,21,18,3,30,6,24
S01008202,Families with no dependent children,113,103,90,89,1,13,12,1,10,3,7
S01008202,Families with dependent children: Total,64,44,36,34,2,8,6,2,20,3,17
S01008202,Families with dependent children: Youngest aged 0 to 4,21,13,10,10,0,3,3,0,8,1,7
S01008202,Families with dependent children: Youngest aged 5 to 11,16,11,9,8,1,2,1,1,5,0,5
S01008202,Families with dependent children: Youngest aged 12 to 18,27,20,17,16,1,3,2,1,7,2,5
S01008203,All families in households,155,104,73,73,0,31,28,3,51,5,46
S01008203,Families with no dependent children,85,73,52,52,0,21,20,1,12,2,10
S01008203,Families with dependent children: Total,70,31,21,21,0,10,8,2,39,3,36
S01008203,Families with dependent children: Youngest aged 0 to 4,33,20,10,10,0,10,8,2,13,2,11
S01008203,Families with dependent children: Youngest aged 5 to 11,21,5,5,5,0,0,0,0,16,1,15
S01008203,Families with dependent children: Youngest aged 12 to 18,16,6,6,6,0,0,0,0,10,0,10
S01008204,All families in households,243,209,177,171,6,32,27,5,34,6,28
S01008204,Families with no dependent children,171,158,140,138,2,18,17,1,13,4,9
S01008204,Families with dependent children: Total,72,51,37,33,4,14,10,4,21,2,19
S01008204,Families with dependent children: Youngest aged 0 to 4,26,21,15,14,1,6,4,2,5,0,5
S01008204,Families with dependent children: Youngest aged 5 to 11,22,20,15,14,1,5,4,1,2,0,2
S01008204,Families with dependent children: Youngest aged 12 to 18,24,10,7,5,2,3,2,1,14,2,12
S01008205,All families in households,215,173,149,141,8,24,17,7,42,6,36
S01008205,Families with no dependent children,131,116,102,99,3,14,13,1,15,4,11
S01008205,Families with dependent children: Total,84,57,47,42,5,10,4,6,27,2,25
S01008205,Families with dependent children: Youngest aged 0 to 4,27,14,13,12,1,1,1,0,13,2,11
S01008205,Families with dependent children: Youngest aged 5 to 11,28,18,16,15,1,2,2,0,10,0,10
S01008205,Families with dependent children: Youngest aged 12 to 18,29,25,18,15,3,7,1,6,4,0,4
S01008206,All families in households,192,149,122,118,4,27,19,8,43,7,36
S01008206,Families with no dependent children,117,103,93,91,2,10,9,1,14,3,11
S01008206,Families with dependent children: Total,75,46,29,27,2,17,10,7,29,4,25
S01008206,Families with dependent children: Youngest aged 0 to 4,34,24,15,13,2,9,6,3,10,2,8
S01008206,Families with dependent children: Youngest aged 5 to 11,21,10,7,7,0,3,2,1,11,1,10
S01008206,Families with dependent children: Youngest aged 12 to 18,20,12,7,7,0,5,2,3,8,1,7
S01008207,All families in households,180,126,98,86,12,28,23,5,54,6,48
S01008207,Families with no dependent children,81,67,57,55,2,10,9,1,14,5,9
S01008207,Families with dependent children: Total,99,59,41,31,10,18,14,4,40,1,39
S01008207,Families with dependent children: Youngest aged 0 to 4,40,28,15,12,3,13,9,4,12,0,12
S01008207,Families with dependent children: Youngest aged 5 to 11,29,16,12,9,3,4,4,0,13,1,12
S01008207,Families with dependent children: Youngest aged 12 to 18,30,15,14,10,4,1,1,0,15,0,15
S01008208,All families in households,250,208,140,134,6,68,59,9,42,5,37
S01008208,Families with no dependent children,129,121,81,79,2,40,39,1,8,2,6
S01008208,Families with dependent children: Total,121,87,59,55,4,28,20,8,34,3,31
S01008208,Families with dependent children: Youngest aged 0 to 4,71,50,33,30,3,17,16,1,21,1,20
S01008208,Families with dependent children: Youngest aged 5 to 11,27,18,12,12,0,6,4,2,9,2,7
S01008208,Families with dependent children: Youngest aged 12 to 18,23,19,14,13,1,5,0,5,4,0,4
S01008209,All families in households,173,149,105,101,4,44,34,10,24,3,21
S01008209,Families with no dependent children,70,66,49,49,0,17,15,2,4,0,4
S01008209,Families with dependent children: Total,103,83,56,52,4,27,19,8,20,3,17
S01008209,Families with dependent children: Youngest aged 0 to 4,56,50,31,29,2,19,16,3,6,2,4
S01008209,Families with dependent children: Youngest aged 5 to 11,19,15,12,11,1,3,1,2,4,1,3
S01008209,Families with dependent children: Youngest aged 12 to 18,28,18,13,12,1,5,2,3,10,0,10
S01008210,All families in households,285,231,180,171,9,51,45,6,54,7,47
S01008210,Families with no dependent children,167,153,119,116,3,34,33,1,14,4,10
S01008210,Families with dependent children: Total,118,78,61,55,6,17,12,5,40,3,37
S01008210,Families with dependent children: Youngest aged 0 to 4,41,28,17,15,2,11,9,2,13,0,13
S01008210,Families with dependent children: Youngest aged 5 to 11,41,27,22,20,2,5,3,2,14,2,12
S01008210,Families with dependent children: Youngest aged 12 to 18,36,23,22,20,2,1,0,1,13,1,12
S01008211,All families in households,255,208,163,154,9,45,39,6,47,8,39
S01008211,Families with no dependent children,153,141,112,107,5,29,26,3,12,3,9
S01008211,Families with dependent children: Total,102,67,51,47,4,16,13,3,35,5,30
S01008211,Families with dependent children: Youngest aged 0 to 4,37,24,14,13,1,10,8,2,13,1,12
S01008211,Families with dependent children: Youngest aged 5 to 11,37,26,21,19,2,5,5,0,11,1,10
S01008211,Families with dependent children: Youngest aged 12 to 18,28,17,16,15,1,1,0,1,11,3,8
S01008212,All families in households,180,155,134,127,7,21,17,4,25,2,23
S01008212,Families with no dependent children,94,84,72,69,3,12,10,2,10,1,9
S01008212,Families with dependent children: Total,86,71,62,58,4,9,7,2,15,1,14
S01008212,Families with dependent children: Youngest aged 0 to 4,26,21,15,14,1,6,5,1,5,0,5
S01008212,Families with dependent children: Youngest aged 5 to 11,33,29,26,25,1,3,2,1,4,1,3
S01008212,Families with dependent children: Youngest aged 12 to 18,27,21,21,19,2,0,0,0,6,0,6
S01008213,All families in households,306,268,239,224,15,29,26,3,38,2,36
S01008213,Families with no dependent children,142,132,115,111,4,17,16,1,10,0,10
S01008213,Families with dependent children: Total,164,136,124,113,11,12,10,2,28,2,26
S01008213,Families with dependent children: Youngest aged 0 to 4,54,49,45,41,4,4,4,0,5,1,4
S01008213,Families with dependent children: Youngest aged 5 to 11,51,42,36,33,3,6,4,2,9,0,9
S01008213,Families with dependent children: Youngest aged 12 to 18,59,45,43,39,4,2,2,0,14,1,13
S01008214,All families in households,229,186,159,155,4,27,23,4,43,6,37
S01008214,Families with no dependent children,155,135,120,118,2,15,15,0,20,4,16
S01008214,Families with dependent children: Total,74,51,39,37,2,12,8,4,23,2,21
S01008214,Families with dependent children: Youngest aged 0 to 4,33,26,20,20,0,6,6,0,7,0,7
S01008214,Families with dependent children: Youngest aged 5 to 11,24,15,11,10,1,4,1,3,9,0,9
S01008214,Families with dependent children: Youngest aged 12 to 18,17,10,8,7,1,2,1,1,7,2,5
S01008215,All families in households,227,201,155,148,7,46,41,5,26,4,22
S01008215,Families with no dependent children,144,130,100,97,3,30,30,0,14,4,10
S01008215,Families with dependent children: Total,83,71,55,51,4,16,11,5,12,0,12
S01008215,Families with dependent children: Youngest aged 0 to 4,21,18,8,7,1,10,9,1,3,0,3
S01008215,Families with dependent children: Youngest aged 5 to 11,26,21,20,19,1,1,0,1,5,0,5
S01008215,Families with dependent children: Youngest aged 12 to 18,36,32,27,25,2,5,2,3,4,0,4
S01008216,All families in households,163,140,126,125,1,14,12,2,23,2,21
S01008216,Families with no dependent children,94,86,79,79,0,7,7,0,8,1,7
S01008216,Families with dependent children: Total,69,54,47,46,1,7,5,2,15,1,14
S01008216,Families with dependent children: Youngest aged 0 to 4,19,14,12,12,0,2,2,0,5,0,5
S01008216,Families with dependent children: Youngest aged 5 to 11,24,18,14,14,0,4,3,1,6,1,5
S01008216,Families with dependent children: Youngest aged 12 to 18,26,22,21,20,1,1,0,1,4,0,4
S01008217,All families in households,183,172,152,151,1,20,16,4,11,1,10
S01008217,Families with no dependent children,117,111,97,97,0,14,12,2,6,0,6
S01008217,Families with dependent children: Total,66,61,55,54,1,6,4,2,5,1,4
S01008217,Families with dependent children: Youngest aged 0 to 4,28,27,23,23,0,4,3,1,1,0,1
S01008217,Families with dependent children: Youngest aged 5 to 11,23,20,18,17,1,2,1,1,3,1,2
S01008217,Families with dependent children: Youngest aged 12 to 18,15,14,14,14,0,0,0,0,1,0,1
S01008218,All families in households,336,305,255,244,11,50,39,11,31,5,26
S01008218,Families with no dependent children,160,149,123,120,3,26,25,1,11,4,7
S01008218,Families with dependent children: Total,176,156,132,124,8,24,14,10,20,1,19
S01008218,Families with dependent children: Youngest aged 0 to 4,70,62,51,50,1,11,9,2,8,1,7
S01008218,Families with dependent children: Youngest aged 5 to 11,65,57,48,44,4,9,5,4,8,0,8
S01008218,Families with dependent children: Youngest aged 12 to 18,41,37,33,30,3,4,0,4,4,0,4
S01008219,All families in households,285,232,171,163,8,61,51,10,53,9,44
S01008219,Families with no dependent children,166,146,114,113,1,32,31,1,20,6,14
S01008219,Families with dependent children: Total,119,86,57,50,7,29,20,9,33,3,30
S01008219,Families with dependent children: Youngest aged 0 to 4,51,37,18,18,0,19,17,2,14,0,14
S01008219,Families with dependent children: Youngest aged 5 to 11,34,23,17,15,2,6,3,3,11,2,9
S01008219,Families with dependent children: Youngest aged 12 to 18,34,26,22,17,5,4,0,4,8,1,7
S01008220,All families in households,178,112,84,75,9,28,18,10,66,9,57
S01008220,Families with no dependent children,79,58,48,45,3,10,10,0,21,4,17
S01008220,Families with dependent children: Total,99,54,36,30,6,18,8,10,45,5,40
S01008220,Families with dependent children: Youngest aged 0 to 4,35,20,11,11,0,9,4,5,15,2,13
S01008220,Families with dependent children: Youngest aged 5 to 11,39,19,14,11,3,5,3,2,20,0,20
S01008220,Families with dependent children: Youngest aged 12 to 18,25,15,11,8,3,4,1,3,10,3,7
S01008221,All families in households,202,133,86,78,8,47,32,15,69,14,55
S01008221,Families with no dependent children,91,71,54,51,3,17,15,2,20,3,17
S01008221,Families with dependent children: Total,111,62,32,27,5,30,17,13,49,11,38
S01008221,Families with dependent children: Youngest aged 0 to 4,52,34,12,10,2,22,13,9,18,0,18
S01008221,Families with dependent children: Youngest aged 5 to 11,40,17,11,11,0,6,3,3,23,8,15
S01008221,Families with dependent children: Youngest aged 12 to 18,19,11,9,6,3,2,1,1,8,3,5
S01008222,All families in households,178,134,108,105,3,26,19,7,44,11,33
S01008222,Families with no dependent children,96,78,69,68,1,9,9,0,18,6,12
S01008222,Families with dependent children: Total,82,56,39,37,2,17,10,7,26,5,21
S01008222,Families with dependent children: Youngest aged 0 to 4,35,26,17,16,1,9,7,2,9,3,6
S01008222,Families with dependent children: Youngest aged 5 to 11,24,15,11,10,1,4,2,2,9,1,8
S01008222,Families with dependent children: Youngest aged 12 to 18,23,15,11,11,0,4,1,3,8,1,7
S01008223,All families in households,177,152,121,111,10,31,26,5,25,1,24
S01008223,Families with no dependent children,115,106,89,85,4,17,15,2,9,0,9
S01008223,Families with dependent children: Total,62,46,32,26,6,14,11,3,16,1,15
S01008223,Families with dependent children: Youngest aged 0 to 4,27,22,12,11,1,10,8,2,5,0,5
S01008223,Families with dependent children: Youngest aged 5 to 11,15,9,8,7,1,1,1,0,6,1,5
S01008223,Families with dependent children: Youngest aged 12 to 18,20,15,12,8,4,3,2,1,5,0,5
S01008224,All families in households,294,272,219,212,7,53,46,7,22,5,17
S01008224,Families with no dependent children,200,192,158,154,4,34,32,2,8,4,4
S01008224,Families with dependent children: Total,94,80,61,58,3,19,14,5,14,1,13
S01008224,Families with dependent children: Youngest aged 0 to 4,35,31,15,14,1,16,14,2,4,0,4
S01008224,Families with dependent children: Youngest aged 5 to 11,34,28,27,25,2,1,0,1,6,0,6
S01008224,Families with dependent children: Youngest aged 12 to 18,25,21,19,19,0,2,0,2,4,1,3
S01008225,All families in households,214,186,157,153,4,29,22,7,28,3,25
S01008225,Families with no dependent children,128,118,105,103,2,13,11,2,10,2,8
S01008225,Families with dependent children: Total,86,68,52,50,2,16,11,5,18,1,17
S01008225,Families with dependent children: Youngest aged 0 to 4,29,23,11,11,0,12,11,1,6,0,6
S01008225,Families with dependent children: Youngest aged 5 to 11,24,18,16,15,1,2,0,2,6,1,5
S01008225,Families with dependent children: Youngest aged 12 to 18,33,27,25,24,1,2,0,2,6,0,6
S01008226,All families in households,211,158,120,113,7,38,32,6,53,7,46
S01008226,Families with no dependent children,133,108,85,82,3,23,22,1,25,5,20
S01008226,Families with dependent children: Total,78,50,35,31,4,15,10,5,28,2,26
S01008226,Families with dependent children: Youngest aged 0 to 4,31,22,15,13,2,7,5,2,9,0,9
S01008226,Families with dependent children: Youngest aged 5 to 11,27,18,15,14,1,3,2,1,9,1,8
S01008226,Families with dependent children: Youngest aged 12 to 18,20,10,5,4,1,5,3,2,10,1,9
S01008227,All families in households,242,196,160,148,12,36,33,3,46,8,38
S01008227,Families with no dependent children,150,138,117,111,6,21,20,1,12,6,6
S01008227,Families with dependent children: Total,92,58,43,37,6,15,13,2,34,2,32
S01008227,Families with dependent children: Youngest aged 0 to 4,39,26,13,12,1,13,12,1,13,0,13
S01008227,Families with dependent children: Youngest aged 5 to 11,22,13,13,12,1,0,0,0,9,1,8
S01008227,Families with dependent children: Youngest aged 12 to 18,31,19,17,13,4,2,1,1,12,1,11
S01008228,All families in households,199,177,146,145,1,31,28,3,22,1,21
S01008228,Families with no dependent children,127,117,101,101,0,16,16,0,10,1,9
S01008228,Families with dependent children: Total,72,60,45,44,1,15,12,3,12,0,12
S01008228,Families with dependent children: Youngest aged 0 to 4,29,25,13,13,0,12,10,2,4,0,4
S01008228,Families with dependent children: Youngest aged 5 to 11,24,20,17,16,1,3,2,1,4,0,4
S01008228,Families with dependent children: Youngest aged 12 to 18,19,15,15,15,0,0,0,0,4,0,4
S01008229,All families in households,221,160,124,121,3,36,33,3,61,10,51
S01008229,Families with no dependent children,125,101,87,86,1,14,13,1,24,7,17
S01008229,Families with dependent children: Total,96,59,37,35,2,22,20,2,37,3,34
S01008229,Families with dependent children: Youngest aged 0 to 4,45,35,21,19,2,14,14,0,10,0,10
S01008229,Families with dependent children: Youngest aged 5 to 11,25,13,7,7,0,6,4,2,12,2,10
S01008229,Families with dependent children: Youngest aged 12 to 18,26,11,9,9,0,2,2,0,15,1,14
S01008230,All families in households,240,214,159,149,10,55,47,8,26,3,23
S01008230,Families with no dependent children,107,97,64,62,2,33,30,3,10,2,8
S01008230,Families with dependent children: Total,133,117,95,87,8,22,17,5,16,1,15
S01008230,Families with dependent children: Youngest aged 0 to 4,70,67,53,51,2,14,14,0,3,0,3
S01008230,Families with dependent children: Youngest aged 5 to 11,33,27,22,19,3,5,3,2,6,0,6
S01008230,Families with dependent children: Youngest aged 12 to 18,30,23,20,17,3,3,0,3,7,1,6
S01008231,All families in households,220,210,176,163,13,34,26,8,10,0,10
S01008231,Families with no dependent children,61,59,46,44,2,13,10,3,2,0,2
S01008231,Families with dependent children: Total,159,151,130,119,11,21,16,5,8,0,8
S01008231,Families with dependent children: Youngest aged 0 to 4,80,76,61,57,4,15,13,2,4,0,4
S01008231,Families with dependent children: Youngest aged 5 to 11,50,47,45,41,4,2,1,1,3,0,3
S01008231,Families with dependent children: Youngest aged 12 to 18,29,28,24,21,3,4,2,2,1,0,1
S01008232,All families in households,212,170,119,116,3,51,42,9,42,4,38
S01008232,Families with no dependent children,79,71,45,45,0,26,24,2,8,3,5
S01008232,Families with dependent children: Total,133,99,74,71,3,25,18,7,34,1,33
S01008232,Families with dependent children: Youngest aged 0 to 4,77,60,43,42,1,17,15,2,17,0,17
S01008232,Families with dependent children: Youngest aged 5 to 11,39,28,22,22,0,6,2,4,11,1,10
S01008232,Families with dependent children: Youngest aged 12 to 18,17,11,9,7,2,2,1,1,6,0,6
S01008233,All families in households,150,132,102,99,3,30,28,2,18,4,14
S01008233,Families with no dependent children,71,67,46,46,0,21,21,0,4,2,2
S01008233,Families with dependent children: Total,79,65,56,53,3,9,7,2,14,2,12
S01008233,Families with dependent children: Youngest aged 0 to 4,46,40,38,38,0,2,2,0,6,0,6
S01008233,Families with dependent children: Youngest aged 5 to 11,22,16,13,12,1,3,2,1,6,1,5
S01008233,Families with dependent children: Youngest aged 12 to 18,11,9,5,3,2,4,3,1,2,1,1
S01008234,All families in households,125,99,81,80,1,18,15,3,26,3,23
S01008234,Families with no dependent children,91,79,70,70,0,9,8,1,12,2,10
S01008234,Families with dependent children: Total,34,20,11,10,1,9,7,2,14,1,13
S01008234,Families with dependent children: Youngest aged 0 to 4,8,7,2,2,0,5,4,1,1,0,1
S01008234,Families with dependent children: Youngest aged 5 to 11,14,8,7,7,0,1,1,0,6,0,6
S01008234,Families with dependent children: Youngest aged 12 to 18,12,5,2,1,1,3,2,1,7,1,6
S01008235,All families in households,264,221,180,173,7,41,33,8,43,12,31
S01008235,Families with no dependent children,167,154,128,125,3,26,25,1,13,9,4
S01008235,Families with dependent children: Total,97,67,52,48,4,15,8,7,30,3,27
S01008235,Families with dependent children: Youngest aged 0 to 4,39,30,19,19,0,11,5,6,9,1,8
S01008235,Families with dependent children: Youngest aged 5 to 11,37,24,21,18,3,3,3,0,13,2,11
S01008235,Families with dependent children: Youngest aged 12 to 18,21,13,12,11,1,1,0,1,8,0,8
S01008236,All families in households,257,213,182,173,9,31,29,2,44,1,43
S01008236,Families with no dependent children,153,139,120,120,0,19,19,0,14,1,13
S01008236,Families with dependent children: Total,104,74,62,53,9,12,10,2,30,0,30
S01008236,Families with dependent children: Youngest aged 0 to 4,45,39,29,24,5,10,8,2,6,0,6
S01008236,Families with dependent children: Youngest aged 5 to 11,26,15,14,13,1,1,1,0,11,0,11
S01008236,Families with dependent children: Youngest aged 12 to 18,33,20,19,16,3,1,1,0,13,0,13
S01008237,All families in households,264,209,164,159,5,45,38,7,55,8,47
S01008237,Families with no dependent children,149,130,108,106,2,22,21,1,19,4,15
S01008237,Families with dependent children: Total,115,79,56,53,3,23,17,6,36,4,32
S01008237,Families with dependent children: Youngest aged 0 to 4,45,32,16,16,0,16,13,3,13,1,12
S01008237,Families with dependent children: Youngest aged 5 to 11,40,25,21,20,1,4,3,1,15,1,14
S01008237,Families with dependent children: Youngest aged 12 to 18,30,22,19,17,2,3,1,2,8,2,6
S01008238,All families in households,240,194,154,144,10,40,34,6,46,10,36
S01008238,Families with no dependent children,156,131,113,107,6,18,16,2,25,8,17
S01008238,Families with dependent children: Total,84,63,41,37,4,22,18,4,21,2,19
S01008238,Families with dependent children: Youngest aged 0 to 4,31,22,7,6,1,15,13,2,9,1,8
S01008238,Families with dependent children: Youngest aged 5 to 11,33,22,17,16,1,5,4,1,11,1,10
S01008238,Families with dependent children: Youngest aged 12 to 18,20,19,17,15,2,2,1,1,1,0,1
S01008239,All families in households,243,209,174,171,3,35,34,1,34,3,31
S01008239,Families with no dependent children,154,143,121,120,1,22,22,0,11,2,9
S01008239,Families with dependent children: Total,89,66,53,51,2,13,12,1,23,1,22
S01008239,Families with dependent children: Youngest aged 0 to 4,44,37,27,26,1,10,10,0,7,0,7
S01008239,Families with dependent children: Youngest aged 5 to 11,20,11,10,10,0,1,1,0,9,1,8
S01008239,Families with dependent children: Youngest aged 12 to 18,25,18,16,15,1,2,1,1,7,0,7
S01008240,All families in households,289,274,256,251,5,18,17,1,15,5,10
S01008240,Families with no dependent children,194,182,171,170,1,11,11,0,12,4,8
S01008240,Families with dependent children: Total,95,92,85,81,4,7,6,1,3,1,2
S01008240,Families with dependent children: Youngest aged 0 to 4,30,30,24,24,0,6,5,1,0,0,0
S01008240,Families with dependent children: Youngest aged 5 to 11,39,37,36,32,4,1,1,0,2,0,2
S01008240,Families with dependent children: Youngest aged 12 to 18,26,25,25,25,0,0,0,0,1,1,0
S01008241,All families in households,221,207,192,188,4,15,13,2,14,3,11
S01008241,Families with no dependent children,160,154,144,142,2,10,9,1,6,2,4
S01008241,Families with dependent children: Total,61,53,48,46,2,5,4,1,8,1,7
S01008241,Families with dependent children: Youngest aged 0 to 4,14,11,9,9,0,2,2,0,3,0,3
S01008241,Families with dependent children: Youngest aged 5 to 11,19,18,15,13,2,3,2,1,1,0,1
S01008241,Families with dependent children: Youngest aged 12 to 18,28,24,24,24,0,0,0,0,4,1,3
S01008242,All families in households,288,260,228,219,9,32,29,3,28,5,23
S01008242,Families with no dependent children,209,191,173,169,4,18,17,1,18,5,13
S01008242,Families with dependent children: Total,79,69,55,50,5,14,12,2,10,0,10
S01008242,Families with dependent children: Youngest aged 0 to 4,25,25,14,14,0,11,9,2,0,0,0
S01008242,Families with dependent children: Youngest aged 5 to 11,29,24,22,20,2,2,2,0,5,0,5
S01008242,Families with dependent children: Youngest aged 12 to 18,25,20,19,16,3,1,1,0,5,0,5
S01008243,All families in households,279,252,230,226,4,22,18,4,27,4,23
S01008243,Families with no dependent children,134,127,117,117,0,10,10,0,7,0,7
S01008243,Families with dependent children: Total,145,125,113,109,4,12,8,4,20,4,16
S01008243,Families with dependent children: Youngest aged 0 to 4,51,50,45,45,0,5,4,1,1,0,1
S01008243,Families with dependent children: Youngest aged 5 to 11,55,49,43,40,3,6,4,2,6,1,5
S01008243,Families with dependent children: Youngest aged 12 to 18,39,26,25,24,1,1,0,1,13,3,10
S01008244,All families in households,174,154,141,140,1,13,11,2,20,1,19
S01008244,Families with no dependent children,111,101,91,91,0,10,9,1,10,1,9
S01008244,Families with dependent children: Total,63,53,50,49,1,3,2,1,10,0,10
S01008244,Families with dependent children: Youngest aged 0 to 4,14,14,12,12,0,2,1,1,0,0,0
S01008244,Families with dependent children: Youngest aged 5 to 11,26,23,22,21,1,1,1,0,3,0,3
S01008244,Families with dependent children: Youngest aged 12 to 18,23,16,16,16,0,0,0,0,7,0,7
S01008245,All families in households,305,280,242,239,3,38,30,8,25,4,21
S01008245,Families with no dependent children,179,171,153,151,2,18,15,3,8,2,6
S01008245,Families with dependent children: Total,126,109,89,88,1,20,15,5,17,2,15
S01008245,Families with dependent children: Youngest aged 0 to 4,47,38,31,30,1,7,6,1,9,1,8
S01008245,Families with dependent children: Youngest aged 5 to 11,44,39,31,31,0,8,4,4,5,1,4
S01008245,Families with dependent children: Youngest aged 12 to 18,35,32,27,27,0,5,5,0,3,0,3
S01008246,All families in households,295,267,237,232,5,30,26,4,28,7,21
S01008246,Families with no dependent children,173,161,142,142,0,19,18,1,12,3,9
S01008246,Families with dependent children: Total,122,106,95,90,5,11,8,3,16,4,12
S01008246,Families with dependent children: Youngest aged 0 to 4,40,36,31,29,2,5,5,0,4,1,3
S01008246,Families with dependent children: Youngest aged 5 to 11,49,43,39,38,1,4,2,2,6,2,4
S01008246,Families with dependent children: Youngest aged 12 to 18,33,27,25,23,2,2,1,1,6,1,5
S01008247,All families in households,260,234,186,185,1,48,43,5,26,5,21
S01008247,Families with no dependent children,162,152,119,118,1,33,31,2,10,3,7
S01008247,Families with dependent children: Total,98,82,67,67,0,15,12,3,16,2,14
S01008247,Families with dependent children: Youngest aged 0 to 4,41,37,28,28,0,9,8,1,4,0,4
S01008247,Families with dependent children: Youngest aged 5 to 11,27,24,20,20,0,4,3,1,3,0,3
S01008247,Families with dependent children: Youngest aged 12 to 18,30,21,19,19,0,2,1,1,9,2,7
S01008248,All families in households,289,249,213,208,5,36,31,5,40,10,30
S01008248,Families with no dependent children,173,161,144,142,2,17,16,1,12,5,7
S01008248,Families with dependent children: Total,116,88,69,66,3,19,15,4,28,5,23
S01008248,Families with dependent children: Youngest aged 0 to 4,43,36,23,23,0,13,11,2,7,0,7
S01008248,Families with dependent children: Youngest aged 5 to 11,35,29,26,25,1,3,2,1,6,1,5
S01008248,Families with dependent children: Youngest aged 12 to 18,38,23,20,18,2,3,2,1,15,4,11
S01008249,All families in households,276,255,223,219,4,32,29,3,21,6,15
S01008249,Families with no dependent children,180,172,149,147,2,23,22,1,8,3,5
S01008249,Families with dependent children: Total,96,83,74,72,2,9,7,2,13,3,10
S01008249,Families with dependent children: Youngest aged 0 to 4,38,36,32,30,2,4,3,1,2,1,1
S01008249,Families with dependent children: Youngest aged 5 to 11,26,22,21,21,0,1,1,0,4,1,3
S01008249,Families with dependent children: Youngest aged 12 to 18,32,25,21,21,0,4,3,1,7,1,6
S01008250,All families in households,317,285,249,243,6,36,32,4,32,4,28
S01008250,Families with no dependent children,200,190,163,162,1,27,26,1,10,4,6
S01008250,Families with dependent children: Total,117,95,86,81,5,9,6,3,22,0,22
S01008250,Families with dependent children: Youngest aged 0 to 4,41,36,31,30,1,5,5,0,5,0,5
S01008250,Families with dependent children: Youngest aged 5 to 11,40,31,30,29,1,1,1,0,9,0,9
S01008250,Families with dependent children: Youngest aged 12 to 18,36,28,25,22,3,3,0,3,8,0,8
S01008251,All families in households,229,211,195,186,9,16,12,4,18,4,14
S01008251,Families with no dependent children,93,85,80,79,1,5,5,0,8,3,5
S01008251,Families with dependent children: Total,136,126,115,107,8,11,7,4,10,1,9
S01008251,Families with dependent children: Youngest aged 0 to 4,49,48,43,42,1,5,4,1,1,0,1
S01008251,Families with dependent children: Youngest aged 5 to 11,42,37,35,33,2,2,1,1,5,0,5
S01008251,Families with dependent children: Youngest aged 12 to 18,45,41,37,32,5,4,2,2,4,1,3
S01008252,All families in households,259,237,211,204,7,26,22,4,22,2,20
S01008252,Families with no dependent children,160,149,133,131,2,16,15,1,11,1,10
S01008252,Families with dependent children: Total,99,88,78,73,5,10,7,3,11,1,10
S01008252,Families with dependent children: Youngest aged 0 to 4,22,21,18,17,1,3,3,0,1,0,1
S01008252,Families with dependent children: Youngest aged 5 to 11,40,34,30,29,1,4,3,1,6,0,6
S01008252,Families with dependent children: Youngest aged 12 to 18,37,33,30,27,3,3,1,2,4,1,3
S01008253,All families in households,216,178,148,139,9,30,22,8,38,6,32
S01008253,Families with no dependent children,142,114,101,99,2,13,12,1,28,5,23
S01008253,Families with dependent children: Total,74,64,47,40,7,17,10,7,10,1,9
S01008253,Families with dependent children: Youngest aged 0 to 4,21,19,11,7,4,8,4,4,2,0,2
S01008253,Families with dependent children: Youngest aged 5 to 11,30,26,20,18,2,6,4,2,4,0,4
S01008253,Families with dependent children: Youngest aged 12 to 18,23,19,16,15,1,3,2,1,4,1,3
S01008254,All families in households,293,234,198,188,10,36,26,10,59,10,49
S01008254,Families with no dependent children,171,145,128,126,2,17,15,2,26,5,21
S01008254,Families with dependent children: Total,122,89,70,62,8,19,11,8,33,5,28
S01008254,Families with dependent children: Youngest aged 0 to 4,35,26,19,17,2,7,5,2,9,1,8
S01008254,Families with dependent children: Youngest aged 5 to 11,45,34,31,28,3,3,2,1,11,2,9
S01008254,Families with dependent children: Youngest aged 12 to 18,42,29,20,17,3,9,4,5,13,2,11
S01008255,All families in households,211,170,141,132,9,29,21,8,41,2,39
S01008255,Families with no dependent children,110,97,83,80,3,14,12,2,13,0,13
S01008255,Families with dependent children: Total,101,73,58,52,6,15,9,6,28,2,26
S01008255,Families with dependent children: Youngest aged 0 to 4,38,32,21,21,0,11,8,3,6,1,5
S01008255,Families with dependent children: Youngest aged 5 to 11,29,20,18,16,2,2,0,2,9,0,9
S01008255,Families with dependent children: Youngest aged 12 to 18,34,21,19,15,4,2,1,1,13,1,12
S01008256,All families in households,241,168,123,112,11,45,36,9,73,19,54
S01008256,Families with no dependent children,124,95,75,71,4,20,20,0,29,6,23
S01008256,Families with dependent children: Total,117,73,48,41,7,25,16,9,44,13,31
S01008256,Families with dependent children: Youngest aged 0 to 4,45,34,17,14,3,17,11,6,11,1,10
S01008256,Families with dependent children: Youngest aged 5 to 11,36,20,14,13,1,6,4,2,16,6,10
S01008256,Families with dependent children: Youngest aged 12 to 18,36,19,17,14,3,2,1,1,17,6,11
S01008257,All families in households,167,141,109,105,4,32,27,5,26,5,21
S01008257,Families with no dependent children,108,98,80,78,2,18,16,2,10,3,7
S01008257,Families with dependent children: Total,59,43,29,27,2,14,11,3,16,2,14
S01008257,Families with dependent children: Youngest aged 0 to 4,37,27,15,15,0,12,10,2,10,1,9
S01008257,Families with dependent children: Youngest aged 5 to 11,11,8,7,7,0,1,0,1,3,0,3
S01008257,Families with dependent children: Youngest aged 12 to 18,11,8,7,5,2,1,1,0,3,1,2
S01008258,All families in households,247,220,186,183,3,34,32,2,27,3,24
S01008258,Families with no dependent children,177,163,136,133,3,27,27,0,14,1,13
S01008258,Families with dependent children: Total,70,57,50,50,0,7,5,2,13,2,11
S01008258,Families with dependent children: Youngest aged 0 to 4,24,21,16,16,0,5,4,1,3,0,3
S01008258,Families with dependent children: Youngest aged 5 to 11,26,21,20,20,0,1,1,0,5,1,4
S01008258,Families with dependent children: Youngest aged 12 to 18,20,15,14,14,0,1,0,1,5,1,4
S01008259,All families in households,222,194,152,145,7,42,39,3,28,7,21
S01008259,Families with no dependent children,132,121,87,85,2,34,33,1,11,5,6
S01008259,Families with dependent children: Total,90,73,65,60,5,8,6,2,17,2,15
S01008259,Families with dependent children: Youngest aged 0 to 4,42,35,30,30,0,5,3,2,7,0,7
S01008259,Families with dependent children: Youngest aged 5 to 11,30,25,22,19,3,3,3,0,5,1,4
S01008259,Families with dependent children: Youngest aged 12 to 18,18,13,13,11,2,0,0,0,5,1,4
S01008260,All families in households,242,184,128,121,7,56,49,7,58,11,47
S01008260,Families with no dependent children,138,119,83,82,1,36,36,0,19,5,14
S01008260,Families with dependent children: Total,104,65,45,39,6,20,13,7,39,6,33
S01008260,Families with dependent children: Youngest aged 0 to 4,33,24,12,10,2,12,10,2,9,1,8
S01008260,Families with dependent children: Youngest aged 5 to 11,34,19,13,12,1,6,2,4,15,1,14
S01008260,Families with dependent children: Youngest aged 12 to 18,37,22,20,17,3,2,1,1,15,4,11
S01008261,All families in households,266,214,167,151,16,47,35,12,52,12,40
S01008261,Families with no dependent children,145,132,112,108,4,20,19,1,13,3,10
S01008261,Families with dependent children: Total,121,82,55,43,12,27,16,11,39,9,30
S01008261,Families with dependent children: Youngest aged 0 to 4,40,29,13,10,3,16,11,5,11,1,10
S01008261,Families with dependent children: Youngest aged 5 to 11,42,28,23,17,6,5,2,3,14,4,10
S01008261,Families with dependent children: Youngest aged 12 to 18,39,25,19,16,3,6,3,3,14,4,10
S01008262,All families in households,187,173,144,138,6,29,23,6,14,2,12
S01008262,Families with no dependent children,114,107,95,93,2,12,11,1,7,2,5
S01008262,Families with dependent children: Total,73,66,49,45,4,17,12,5,7,0,7
S01008262,Families with dependent children: Youngest aged 0 to 4,28,24,15,14,1,9,7,2,4,0,4
S01008262,Families with dependent children: Youngest aged 5 to 11,22,20,14,13,1,6,4,2,2,0,2
S01008262,Families with dependent children: Youngest aged 12 to 18,23,22,20,18,2,2,1,1,1,0,1
S01008263,All families in households,172,149,120,119,1,29,28,1,23,7,16
S01008263,Families with no dependent children,120,108,87,87,0,21,20,1,12,6,6
S01008263,Families with dependent children: Total,52,41,33,32,1,8,8,0,11,1,10
S01008263,Families with dependent children: Youngest aged 0 to 4,17,15,11,11,0,4,4,0,2,0,2
S01008263,Families with dependent children: Youngest aged 5 to 11,20,16,13,13,0,3,3,0,4,0,4
S01008263,Families with dependent children: Youngest aged 12 to 18,15,10,9,8,1,1,1,0,5,1,4
S01008264,All families in households,210,182,147,141,6,35,27,8,28,1,27
S01008264,Families with no dependent children,100,92,81,79,2,11,10,1,8,1,7
S01008264,Families with dependent children: Total,110,90,66,62,4,24,17,7,20,0,20
S01008264,Families with dependent children: Youngest aged 0 to 4,52,50,34,31,3,16,14,2,2,0,2
S01008264,Families with dependent children: Youngest aged 5 to 11,32,20,13,12,1,7,3,4,12,0,12
S01008264,Families with dependent children: Youngest aged 12 to 18,26,20,19,19,0,1,0,1,6,0,6
S01008265,All families in households,208,191,175,169,6,16,13,3,17,2,15
S01008265,Families with no dependent children,128,120,110,107,3,10,10,0,8,1,7
S01008265,Families with dependent children: Total,80,71,65,62,3,6,3,3,9,1,8
S01008265,Families with dependent children: Youngest aged 0 to 4,25,24,22,22,0,2,1,1,1,0,1
S01008265,Families with dependent children: Youngest aged 5 to 11,35,33,30,28,2,3,2,1,2,1,1
S01008265,Families with dependent children: Youngest aged 12 to 18,20,14,13,12,1,1,0,1,6,0,6
S01008266,All families in households,217,204,186,183,3,18,15,3,13,1,12
S01008266,Families with no dependent children,152,145,133,132,1,12,11,1,7,1,6
S01008266,Families with dependent children: Total,65,59,53,51,2,6,4,2,6,0,6
S01008266,Families with dependent children: Youngest aged 0 to 4,23,19,16,16,0,3,2,1,4,0,4
S01008266,Families with dependent children: Youngest aged 5 to 11,22,21,19,18,1,2,2,0,1,0,1
S01008266,Families with dependent children: Youngest aged 12 to 18,20,19,18,17,1,1,0,1,1,0,1
S01008267,All families in households,256,227,196,184,12,31,25,6,29,6,23
S01008267,Families with no dependent children,160,146,125,121,4,21,19,2,14,4,10
S01008267,Families with dependent children: Total,96,81,71,63,8,10,6,4,15,2,13
S01008267,Families with dependent children: Youngest aged 0 to 4,38,36,31,30,1,5,4,1,2,0,2
S01008267,Families with dependent children: Youngest aged 5 to 11,32,26,22,20,2,4,2,2,6,1,5
S01008267,Families with dependent children: Youngest aged 12 to 18,26,19,18,13,5,1,0,1,7,1,6
S01008268,All families in households,257,247,222,218,4,25,24,1,10,3,7
S01008268,Families with no dependent children,168,165,149,146,3,16,16,0,3,2,1
S01008268,Families with dependent children: Total,89,82,73,72,1,9,8,1,7,1,6
S01008268,Families with dependent children: Youngest aged 0 to 4,25,24,21,21,0,3,3,0,1,0,1
S01008268,Families with dependent children: Youngest aged 5 to 11,27,25,21,20,1,4,4,0,2,0,2
S01008268,Families with dependent children: Youngest aged 12 to 18,37,33,31,31,0,2,1,1,4,1,3
S01008269,All families in households,231,213,197,190,7,16,12,4,18,1,17
S01008269,Families with no dependent children,159,148,138,134,4,10,9,1,11,1,10
S01008269,Families with dependent children: Total,72,65,59,56,3,6,3,3,7,0,7
S01008269,Families with dependent children: Youngest aged 0 to 4,17,16,14,14,0,2,2,0,1,0,1
S01008269,Families with dependent children: Youngest aged 5 to 11,31,26,24,23,1,2,1,1,5,0,5
S01008269,Families with dependent children: Youngest aged 12 to 18,24,23,21,19,2,2,0,2,1,0,1
S01008270,All families in households,226,198,190,187,3,8,6,2,28,4,24
S01008270,Families with no dependent children,150,134,130,127,3,4,3,1,16,3,13
S01008270,Families with dependent children: Total,76,64,60,60,0,4,3,1,12,1,11
S01008270,Families with dependent children: Youngest aged 0 to 4,29,26,24,24,0,2,2,0,3,0,3
S01008270,Families with dependent children: Youngest aged 5 to 11,22,17,17,17,0,0,0,0,5,1,4
S01008270,Families with dependent children: Youngest aged 12 to 18,25,21,19,19,0,2,1,1,4,0,4
S01008271,All families in households,168,132,89,83,6,43,40,3,36,10,26
S01008271,Families with no dependent children,101,92,62,61,1,30,29,1,9,3,6
S01008271,Families with dependent children: Total,67,40,27,22,5,13,11,2,27,7,20
S01008271,Families with dependent children: Youngest aged 0 to 4,24,21,14,13,1,7,7,0,3,0,3
S01008271,Families with dependent children: Youngest aged 5 to 11,14,8,6,5,1,2,2,0,6,0,6
S01008271,Families with dependent children: Youngest aged 12 to 18,29,11,7,4,3,4,2,2,18,7,11
S01008272,All families in households,309,268,238,229,9,30,26,4,41,5,36
S01008272,Families with no dependent children,175,166,147,144,3,19,18,1,9,3,6
S01008272,Families with dependent children: Total,134,102,91,85,6,11,8,3,32,2,30
S01008272,Families with dependent children: Youngest aged 0 to 4,37,31,26,24,2,5,4,1,6,1,5
S01008272,Families with dependent children: Youngest aged 5 to 11,46,34,30,29,1,4,4,0,12,0,12
S01008272,Families with dependent children: Youngest aged 12 to 18,51,37,35,32,3,2,0,2,14,1,13
S01008273,All families in households,257,230,214,207,7,16,11,5,27,4,23
S01008273,Families with no dependent children,151,142,131,128,3,11,9,2,9,1,8
S01008273,Families with dependent children: Total,106,88,83,79,4,5,2,3,18,3,15
S01008273,Families with dependent children: Youngest aged 0 to 4,20,18,16,14,2,2,2,0,2,0,2
S01008273,Families with dependent children: Youngest aged 5 to 11,45,37,36,35,1,1,0,1,8,1,7
S01008273,Families with dependent children: Youngest aged 12 to 18,41,33,31,30,1,2,0,2,8,2,6
S01008274,All families in households,225,179,148,139,9,31,23,8,46,8,38
S01008274,Families with no dependent children,136,118,101,97,4,17,13,4,18,3,15
S01008274,Families with dependent children: Total,89,61,47,42,5,14,10,4,28,5,23
S01008274,Families with dependent children: Youngest aged 0 to 4,24,22,12,11,1,10,8,2,2,0,2
S01008274,Families with dependent children: Youngest aged 5 to 11,34,21,19,17,2,2,1,1,13,1,12
S01008274,Families with dependent children: Youngest aged 12 to 18,31,18,16,14,2,2,1,1,13,4,9
S01008275,All families in households,165,144,133,129,4,11,10,1,21,7,14
S01008275,Families with no dependent children,104,96,90,90,0,6,5,1,8,2,6
S01008275,Families with dependent children: Total,61,48,43,39,4,5,5,0,13,5,8
S01008275,Families with dependent children: Youngest aged 0 to 4,16,15,12,10,2,3,3,0,1,0,1
S01008275,Families with dependent children: Youngest aged 5 to 11,26,19,17,16,1,2,2,0,7,2,5
S01008275,Families with dependent children: Youngest aged 12 to 18,19,14,14,13,1,0,0,0,5,3,2
S01008276,All families in households,172,153,140,135,5,13,13,0,19,1,18
S01008276,Families with no dependent children,91,82,74,72,2,8,8,0,9,0,9
S01008276,Families with dependent children: Total,81,71,66,63,3,5,5,0,10,1,9
S01008276,Families with dependent children: Youngest aged 0 to 4,22,19,18,18,0,1,1,0,3,0,3
S01008276,Families with dependent children: Youngest aged 5 to 11,35,29,27,26,1,2,2,0,6,1,5
S01008276,Families with dependent children: Youngest aged 12 to 18,24,23,21,19,2,2,2,0,1,0,1
S01008277,All families in households,155,143,125,120,5,18,14,4,12,2,10
S01008277,Families with no dependent children,91,89,79,77,2,10,9,1,2,1,1
S01008277,Families with dependent children: Total,64,54,46,43,3,8,5,3,10,1,9
S01008277,Families with dependent children: Youngest aged 0 to 4,17,15,11,11,0,4,2,2,2,0,2
S01008277,Families with dependent children: Youngest aged 5 to 11,27,21,19,16,3,2,2,0,6,1,5
S01008277,Families with dependent children: Youngest aged 12 to 18,20,18,16,16,0,2,1,1,2,0,2
S01008278,All families in households,253,237,212,201,11,25,22,3,16,3,13
S01008278,Families with no dependent children,160,153,137,135,2,16,15,1,7,3,4
S01008278,Families with dependent children: Total,93,84,75,66,9,9,7,2,9,0,9
S01008278,Families with dependent children: Youngest aged 0 to 4,26,26,22,21,1,4,4,0,0,0,0
S01008278,Families with dependent children: Youngest aged 5 to 11,29,26,22,21,1,4,3,1,3,0,3
S01008278,Families with dependent children: Youngest aged 12 to 18,38,32,31,24,7,1,0,1,6,0,6
S01008279,All families in households,230,201,170,167,3,31,26,5,29,5,24
S01008279,Families with no dependent children,148,135,113,111,2,22,21,1,13,5,8
S01008279,Families with dependent children: Total,82,66,57,56,1,9,5,4,16,0,16
S01008279,Families with dependent children: Youngest aged 0 to 4,32,27,21,21,0,6,3,3,5,0,5
S01008279,Families with dependent children: Youngest aged 5 to 11,26,21,18,18,0,3,2,1,5,0,5
S01008279,Families with dependent children: Youngest aged 12 to 18,24,18,18,17,1,0,0,0,6,0,6
S01008280,All families in households,273,248,201,196,5,47,38,9,25,3,22
S01008280,Families with no dependent children,172,160,132,131,1,28,25,3,12,0,12
S01008280,Families with dependent children: Total,101,88,69,65,4,19,13,6,13,3,10
S01008280,Families with dependent children: Youngest aged 0 to 4,50,47,36,34,2,11,9,2,3,0,3
S01008280,Families with dependent children: Youngest aged 5 to 11,27,21,17,17,0,4,2,2,6,2,4
S01008280,Families with dependent children: Youngest aged 12 to 18,24,20,16,14,2,4,2,2,4,1,3
S01008281,All families in households,232,202,165,159,6,37,32,5,30,5,25
S01008281,Families with no dependent children,151,141,118,116,2,23,22,1,10,2,8
S01008281,Families with dependent children: Total,81,61,47,43,4,14,10,4,20,3,17
S01008281,Families with dependent children: Youngest aged 0 to 4,30,29,17,15,2,12,9,3,1,1,0
S01008281,Families with dependent children: Youngest aged 5 to 11,37,24,22,20,2,2,1,1,13,1,12
S01008281,Families with dependent children: Youngest aged 12 to 18,14,8,8,8,0,0,0,0,6,1,5
S01008282,All families in households,222,204,167,160,7,37,32,5,18,4,14
S01008282,Families with no dependent children,147,140,118,118,0,22,21,1,7,3,4
S01008282,Families with dependent children: Total,75,64,49,42,7,15,11,4,11,1,10
S01008282,Families with dependent children: Youngest aged 0 to 4,33,29,21,17,4,8,7,1,4,0,4
S01008282,Families with dependent children: Youngest aged 5 to 11,26,20,15,14,1,5,3,2,6,1,5
S01008282,Families with dependent children: Youngest aged 12 to 18,16,15,13,11,2,2,1,1,1,0,1
S01008283,All families in households,147,138,123,117,6,15,11,4,9,1,8
S01008283,Families with no dependent children,79,77,66,64,2,11,9,2,2,1,1
S01008283,Families with dependent children: Total,68,61,57,53,4,4,2,2,7,0,7
S01008283,Families with dependent children: Youngest aged 0 to 4,24,23,22,20,2,1,1,0,1,0,1
S01008283,Families with dependent children: Youngest aged 5 to 11,24,23,20,19,1,3,1,2,1,0,1
S01008283,Families with dependent children: Youngest aged 12 to 18,20,15,15,14,1,0,0,0,5,0,5
S01008284,All families in households,274,239,203,192,11,36,29,7,35,5,30
S01008284,Families with no dependent children,138,124,104,98,6,20,18,2,14,3,11
S01008284,Families with dependent children: Total,136,115,99,94,5,16,11,5,21,2,19
S01008284,Families with dependent children: Youngest aged 0 to 4,58,51,39,37,2,12,9,3,7,1,6
S01008284,Families with dependent children: Youngest aged 5 to 11,49,41,39,36,3,2,2,0,8,1,7
S01008284,Families with dependent children: Youngest aged 12 to 18,29,23,21,21,0,2,0,2,6,0,6
S01008285,All families in households,231,182,130,125,5,52,39,13,49,4,45
S01008285,Families with no dependent children,144,122,102,101,1,20,16,4,22,2,20
S01008285,Families with dependent children: Total,87,60,28,24,4,32,23,9,27,2,25
S01008285,Families with dependent children: Youngest aged 0 to 4,43,30,11,9,2,19,13,6,13,1,12
S01008285,Families with dependent children: Youngest aged 5 to 11,23,15,4,4,0,11,9,2,8,1,7
S01008285,Families with dependent children: Youngest aged 12 to 18,21,15,13,11,2,2,1,1,6,0,6
S01008286,All families in households,220,186,153,139,14,33,20,13,34,8,26
S01008286,Families with no dependent children,130,116,100,93,7,16,14,2,14,3,11
S01008286,Families with dependent children: Total,90,70,53,46,7,17,6,11,20,5,15
S01008286,Families with dependent children: Youngest aged 0 to 4,33,26,20,19,1,6,2,4,7,1,6
S01008286,Families with dependent children: Youngest aged 5 to 11,22,16,14,11,3,2,1,1,6,2,4
S01008286,Families with dependent children: Youngest aged 12 to 18,35,28,19,16,3,9,3,6,7,2,5
S01008287,All families in households,210,177,140,129,11,37,25,12,33,3,30
S01008287,Families with no dependent children,126,113,90,85,5,23,17,6,13,2,11
S01008287,Families with dependent children: Total,84,64,50,44,6,14,8,6,20,1,19
S01008287,Families with dependent children: Youngest aged 0 to 4,30,27,17,14,3,10,5,5,3,0,3
S01008287,Families with dependent children: Youngest aged 5 to 11,28,20,17,14,3,3,3,0,8,1,7
S01008287,Families with dependent children: Youngest aged 12 to 18,26,17,16,16,0,1,0,1,9,0,9
S01008288,All families in households,268,235,195,189,6,40,37,3,33,7,26
S01008288,Families with no dependent children,168,159,133,132,1,26,25,1,9,2,7
S01008288,Families with dependent children: Total,100,76,62,57,5,14,12,2,24,5,19
S01008288,Families with dependent children: Youngest aged 0 to 4,37,29,21,20,1,8,7,1,8,0,8
S01008288,Families with dependent children: Youngest aged 5 to 11,36,28,22,20,2,6,5,1,8,1,7
S01008288,Families with dependent children: Youngest aged 12 to 18,27,19,19,17,2,0,0,0,8,4,4
S01008289,All families in households,171,131,87,82,5,44,41,3,40,6,34
S01008289,Families with no dependent children,109,95,68,66,2,27,25,2,14,2,12
S01008289,Families with dependent children: Total,62,36,19,16,3,17,16,1,26,4,22
S01008289,Families with dependent children: Youngest aged 0 to 4,27,19,8,6,2,11,10,1,8,1,7
S01008289,Families with dependent children: Youngest aged 5 to 11,18,9,5,4,1,4,4,0,9,2,7
S01008289,Families with dependent children: Youngest aged 12 to 18,17,8,6,6,0,2,2,0,9,1,8
S01008290,All families in households,236,201,151,145,6,50,42,8,35,5,30
S01008290,Families with no dependent children,118,109,87,85,2,22,22,0,9,1,8
S01008290,Families with dependent children: Total,118,92,64,60,4,28,20,8,26,4,22
S01008290,Families with dependent children: Youngest aged 0 to 4,45,37,20,18,2,17,13,4,8,0,8
S01008290,Families with dependent children: Youngest aged 5 to 11,44,35,26,24,2,9,5,4,9,2,7
S01008290,Families with dependent children: Youngest aged 12 to 18,29,20,18,18,0,2,2,0,9,2,7
S01008291,All families in households,225,210,180,179,1,30,29,1,15,3,12
S01008291,Families with no dependent children,175,169,149,149,0,20,20,0,6,2,4
S01008291,Families with dependent children: Total,50,41,31,30,1,10,9,1,9,1,8
S01008291,Families with dependent children: Youngest aged 0 to 4,19,15,11,11,0,4,4,0,4,0,4
S01008291,Families with dependent children: Youngest aged 5 to 11,17,16,14,14,0,2,2,0,1,0,1
S01008291,Families with dependent children: Youngest aged 12 to 18,14,10,6,5,1,4,3,1,4,1,3
S01008292,All families in households,251,190,153,142,11,37,29,8,61,9,52
S01008292,Families with no dependent children,99,88,76,73,3,12,12,0,11,2,9
S01008292,Families with dependent children: Total,152,102,77,69,8,25,17,8,50,7,43
S01008292,Families with dependent children: Youngest aged 0 to 4,62,40,26,24,2,14,11,3,22,1,21
S01008292,Families with dependent children: Youngest aged 5 to 11,61,44,36,33,3,8,5,3,17,5,12
S01008292,Families with dependent children: Youngest aged 12 to 18,29,18,15,12,3,3,1,2,11,1,10
S01008293,All families in households,181,174,156,148,8,18,14,4,7,3,4
S01008293,Families with no dependent children,72,70,65,62,3,5,4,1,2,2,0
S01008293,Families with dependent children: Total,109,104,91,86,5,13,10,3,5,1,4
S01008293,Families with dependent children: Youngest aged 0 to 4,44,44,40,38,2,4,4,0,0,0,0
S01008293,Families with dependent children: Youngest aged 5 to 11,38,36,30,28,2,6,5,1,2,0,2
S01008293,Families with dependent children: Youngest aged 12 to 18,27,24,21,20,1,3,1,2,3,1,2
S01008294,All families in households,272,251,214,203,11,37,30,7,21,4,17
S01008294,Families with no dependent children,132,127,112,108,4,15,15,0,5,1,4
S01008294,Families with dependent children: Total,140,124,102,95,7,22,15,7,16,3,13
S01008294,Families with dependent children: Youngest aged 0 to 4,59,53,41,40,1,12,11,1,6,1,5
S01008294,Families with dependent children: Youngest aged 5 to 11,55,48,40,39,1,8,4,4,7,2,5
S01008294,Families with dependent children: Youngest aged 12 to 18,26,23,21,16,5,2,0,2,3,0,3
S01008295,All families in households,297,256,222,216,6,34,29,5,41,5,36
S01008295,Families with no dependent children,178,168,145,144,1,23,22,1,10,2,8
S01008295,Families with dependent children: Total,119,88,77,72,5,11,7,4,31,3,28
S01008295,Families with dependent children: Youngest aged 0 to 4,37,29,25,24,1,4,4,0,8,0,8
S01008295,Families with dependent children: Youngest aged 5 to 11,36,26,21,20,1,5,3,2,10,0,10
S01008295,Families with dependent children: Youngest aged 12 to 18,46,33,31,28,3,2,0,2,13,3,10
S01008296,All families in households,182,131,107,99,8,24,20,4,51,10,41
S01008296,Families with no dependent children,99,81,70,67,3,11,9,2,18,6,12
S01008296,Families with dependent children: Total,83,50,37,32,5,13,11,2,33,4,29
S01008296,Families with dependent children: Youngest aged 0 to 4,35,21,10,7,3,11,9,2,14,2,12
S01008296,Families with dependent children: Youngest aged 5 to 11,23,14,12,11,1,2,2,0,9,1,8
S01008296,Families with dependent children: Youngest aged 12 to 18,25,15,15,14,1,0,0,0,10,1,9
S01008297,All families in households,226,189,168,164,4,21,16,5,37,3,34
S01008297,Families with no dependent children,102,92,83,83,0,9,9,0,10,0,10
S01008297,Families with dependent children: Total,124,97,85,81,4,12,7,5,27,3,24
S01008297,Families with dependent children: Youngest aged 0 to 4,49,38,32,31,1,6,4,2,11,1,10
S01008297,Families with dependent children: Youngest aged 5 to 11,44,36,33,31,2,3,2,1,8,1,7
S01008297,Families with dependent children: Youngest aged 12 to 18,31,23,20,19,1,3,1,2,8,1,7
S01008298,All families in households,225,200,165,160,5,35,34,1,25,6,19
S01008298,Families with no dependent children,126,118,99,97,2,19,19,0,8,4,4
S01008298,Families with dependent children: Total,99,82,66,63,3,16,15,1,17,2,15
S01008298,Families with dependent children: Youngest aged 0 to 4,28,23,17,16,1,6,6,0,5,1,4
S01008298,Families with dependent children: Youngest aged 5 to 11,34,29,23,21,2,6,6,0,5,1,4
S01008298,Families with dependent children: Youngest aged 12 to 18,37,30,26,26,0,4,3,1,7,0,7
S01008299,All families in households,211,151,127,126,1,24,20,4,60,4,56
S01008299,Families with no dependent children,114,104,93,93,0,11,11,0,10,1,9
S01008299,Families with dependent children: Total,97,47,34,33,1,13,9,4,50,3,47
S01008299,Families with dependent children: Youngest aged 0 to 4,40,16,13,13,0,3,2,1,24,0,24
S01008299,Families with dependent children: Youngest aged 5 to 11,31,18,13,12,1,5,5,0,13,3,10
S01008299,Families with dependent children: Youngest aged 12 to 18,26,13,8,8,0,5,2,3,13,0,13
S01008300,All families in households,248,189,152,142,10,37,32,5,59,5,54
S01008300,Families with no dependent children,143,120,103,101,2,17,15,2,23,4,19
S01008300,Families with dependent children: Total,105,69,49,41,8,20,17,3,36,1,35
S01008300,Families with dependent children: Youngest aged 0 to 4,28,19,7,7,0,12,11,1,9,0,9
S01008300,Families with dependent children: Youngest aged 5 to 11,34,19,16,12,4,3,3,0,15,0,15
S01008300,Families with dependent children: Youngest aged 12 to 18,43,31,26,22,4,5,3,2,12,1,11
S01008301,All families in households,261,230,205,200,5,25,18,7,31,6,25
S01008301,Families with no dependent children,152,138,130,129,1,8,7,1,14,2,12
S01008301,Families with dependent children: Total,109,92,75,71,4,17,11,6,17,4,13
S01008301,Families with dependent children: Youngest aged 0 to 4,29,27,18,18,0,9,4,5,2,0,2
S01008301,Families with dependent children: Youngest aged 5 to 11,36,31,27,26,1,4,4,0,5,1,4
S01008301,Families with dependent children: Youngest aged 12 to 18,44,34,30,27,3,4,3,1,10,3,7
S01008302,All families in households,234,213,192,186,6,21,18,3,21,2,19
S01008302,Families with no dependent children,149,140,130,126,4,10,9,1,9,2,7
S01008302,Families with dependent children: Total,85,73,62,60,2,11,9,2,12,0,12
S01008302,Families with dependent children: Youngest aged 0 to 4,26,25,20,20,0,5,5,0,1,0,1
S01008302,Families with dependent children: Youngest aged 5 to 11,27,21,16,14,2,5,4,1,6,0,6
S01008302,Families with dependent children: Youngest aged 12 to 18,32,27,26,26,0,1,0,1,5,0,5
S01008303,All families in households,149,113,92,92,0,21,18,3,36,4,32
S01008303,Families with no dependent children,81,66,54,54,0,12,12,0,15,4,11
S01008303,Families with dependent children: Total,68,47,38,38,0,9,6,3,21,0,21
S01008303,Families with dependent children: Youngest aged 0 to 4,19,13,11,11,0,2,1,1,6,0,6
S01008303,Families with dependent children: Youngest aged 5 to 11,21,15,12,12,0,3,2,1,6,0,6
S01008303,Families with dependent children: Youngest aged 12 to 18,28,19,15,15,0,4,3,1,9,0,9
S01008304,All families in households,129,113,103,100,3,10,7,3,16,2,14
S01008304,Families with no dependent children,87,81,73,71,2,8,6,2,6,2,4
S01008304,Families with dependent children: Total,42,32,30,29,1,2,1,1,10,0,10
S01008304,Families with dependent children: Youngest aged 0 to 4,12,9,8,7,1,1,0,1,3,0,3
S01008304,Families with dependent children: Youngest aged 5 to 11,11,7,6,6,0,1,1,0,4,0,4
S01008304,Families with dependent children: Youngest aged 12 to 18,19,16,16,16,0,0,0,0,3,0,3
S01008305,All families in households,255,232,208,205,3,24,19,5,23,4,19
S01008305,Families with no dependent children,172,162,150,148,2,12,11,1,10,4,6
S01008305,Families with dependent children: Total,83,70,58,57,1,12,8,4,13,0,13
S01008305,Families with dependent children: Youngest aged 0 to 4,28,26,20,20,0,6,6,0,2,0,2
S01008305,Families with dependent children: Youngest aged 5 to 11,32,26,21,20,1,5,2,3,6,0,6
S01008305,Families with dependent children: Youngest aged 12 to 18,23,18,17,17,0,1,0,1,5,0,5
S01008306,All families in households,190,176,162,158,4,14,8,6,14,2,12
S01008306,Families with no dependent children,123,117,108,107,1,9,7,2,6,1,5
S01008306,Families with dependent children: Total,67,59,54,51,3,5,1,4,8,1,7
S01008306,Families with dependent children: Youngest aged 0 to 4,15,15,14,13,1,1,0,1,0,0,0
S01008306,Families with dependent children: Youngest aged 5 to 11,19,16,15,14,1,1,1,0,3,0,3
S01008306,Families with dependent children: Youngest aged 12 to 18,33,28,25,24,1,3,0,3,5,1,4
S01008307,All families in households,180,153,132,126,6,21,19,2,27,6,21
S01008307,Families with no dependent children,83,74,61,60,1,13,12,1,9,5,4
S01008307,Families with dependent children: Total,97,79,71,66,5,8,7,1,18,1,17
S01008307,Families with dependent children: Youngest aged 0 to 4,29,26,22,20,2,4,4,0,3,0,3
S01008307,Families with dependent children: Youngest aged 5 to 11,40,35,32,30,2,3,3,0,5,1,4
S01008307,Families with dependent children: Youngest aged 12 to 18,28,18,17,16,1,1,0,1,10,0,10
S01008308,All families in households,196,178,163,160,3,15,13,2,18,2,16
S01008308,Families with no dependent children,142,133,123,122,1,10,9,1,9,2,7
S01008308,Families with dependent children: Total,54,45,40,38,2,5,4,1,9,0,9
S01008308,Families with dependent children: Youngest aged 0 to 4,14,11,8,8,0,3,3,0,3,0,3
S01008308,Families with dependent children: Youngest aged 5 to 11,16,14,13,12,1,1,1,0,2,0,2
S01008308,Families with dependent children: Youngest aged 12 to 18,24,20,19,18,1,1,0,1,4,0,4
S01008309,All families in households,185,114,87,85,2,27,22,5,71,7,64
S01008309,Families with no dependent children,88,76,61,61,0,15,14,1,12,2,10
S01008309,Families with dependent children: Total,97,38,26,24,2,12,8,4,59,5,54
S01008309,Families with dependent children: Youngest aged 0 to 4,34,13,7,5,2,6,3,3,21,0,21
S01008309,Families with dependent children: Youngest aged 5 to 11,25,13,10,10,0,3,2,1,12,0,12
S01008309,Families with dependent children: Youngest aged 12 to 18,38,12,9,9,0,3,3,0,26,5,21
S01008310,All families in households,260,209,183,180,3,26,21,5,51,8,43
S01008310,Families with no dependent children,155,133,118,116,2,15,13,2,22,4,18
S01008310,Families with dependent children: Total,105,76,65,64,1,11,8,3,29,4,25
S01008310,Families with dependent children: Youngest aged 0 to 4,25,14,9,9,0,5,5,0,11,0,11
S01008310,Families with dependent children: Youngest aged 5 to 11,31,26,22,22,0,4,3,1,5,1,4
S01008310,Families with dependent children: Youngest aged 12 to 18,49,36,34,33,1,2,0,2,13,3,10
S01008311,All families in households,110,83,65,62,3,18,13,5,27,3,24
S01008311,Families with no dependent children,53,41,33,32,1,8,7,1,12,3,9
S01008311,Families with dependent children: Total,57,42,32,30,2,10,6,4,15,0,15
S01008311,Families with dependent children: Youngest aged 0 to 4,14,11,8,7,1,3,3,0,3,0,3
S01008311,Families with dependent children: Youngest aged 5 to 11,15,10,5,5,0,5,1,4,5,0,5
S01008311,Families with dependent children: Youngest aged 12 to 18,28,21,19,18,1,2,2,0,7,0,7
S01008312,All families in households,122,97,76,71,5,21,18,3,25,3,22
S01008312,Families with no dependent children,61,55,45,43,2,10,10,0,6,1,5
S01008312,Families with dependent children: Total,61,42,31,28,3,11,8,3,19,2,17
S01008312,Families with dependent children: Youngest aged 0 to 4,27,19,13,13,0,6,6,0,8,0,8
S01008312,Families with dependent children: Youngest aged 5 to 11,15,11,8,6,2,3,1,2,4,1,3
S01008312,Families with dependent children: Youngest aged 12 to 18,19,12,10,9,1,2,1,1,7,1,6
S01008313,All families in households,243,154,133,127,6,21,18,3,89,15,74
S01008313,Families with no dependent children,149,113,104,101,3,9,9,0,36,9,27
S01008313,Families with dependent children: Total,94,41,29,26,3,12,9,3,53,6,47
S01008313,Families with dependent children: Youngest aged 0 to 4,33,19,13,11,2,6,5,1,14,0,14
S01008313,Families with dependent children: Youngest aged 5 to 11,29,13,8,8,0,5,4,1,16,5,11
S01008313,Families with dependent children: Youngest aged 12 to 18,32,9,8,7,1,1,0,1,23,1,22
S01008314,All families in households,145,82,48,45,3,34,30,4,63,2,61
S01008314,Families with no dependent children,71,51,30,30,0,21,20,1,20,2,18
S01008314,Families with dependent children: Total,74,31,18,15,3,13,10,3,43,0,43
S01008314,Families with dependent children: Youngest aged 0 to 4,31,14,7,6,1,7,6,1,17,0,17
S01008314,Families with dependent children: Youngest aged 5 to 11,25,8,5,4,1,3,3,0,17,0,17
S01008314,Families with dependent children: Youngest aged 12 to 18,18,9,6,5,1,3,1,2,9,0,9
S01008315,All families in households,179,105,63,57,6,42,35,7,74,6,68
S01008315,Families with no dependent children,86,71,47,43,4,24,23,1,15,4,11
S01008315,Families with dependent children: Total,93,34,16,14,2,18,12,6,59,2,57
S01008315,Families with dependent children: Youngest aged 0 to 4,47,21,9,9,0,12,10,2,26,0,26
S01008315,Families with dependent children: Youngest aged 5 to 11,28,6,4,2,2,2,1,1,22,1,21
S01008315,Families with dependent children: Youngest aged 12 to 18,18,7,3,3,0,4,1,3,11,1,10
S01008316,All families in households,159,84,61,58,3,23,16,7,75,10,65
S01008316,Families with no dependent children,52,34,29,27,2,5,5,0,18,3,15
S01008316,Families with dependent children: Total,107,50,32,31,1,18,11,7,57,7,50
S01008316,Families with dependent children: Youngest aged 0 to 4,43,21,12,11,1,9,7,2,22,2,20
S01008316,Families with dependent children: Youngest aged 5 to 11,35,20,15,15,0,5,4,1,15,1,14
S01008316,Families with dependent children: Youngest aged 12 to 18,29,9,5,5,0,4,0,4,20,4,16
S01008317,All families in households,204,149,109,101,8,40,36,4,55,2,53
S01008317,Families with no dependent children,83,71,48,46,2,23,23,0,12,2,10
S01008317,Families with dependent children: Total,121,78,61,55,6,17,13,4,43,0,43
S01008317,Families with dependent children: Youngest aged 0 to 4,56,40,32,31,1,8,8,0,16,0,16
S01008317,Families with dependent children: Youngest aged 5 to 11,38,23,17,15,2,6,3,3,15,0,15
S01008317,Families with dependent children: Youngest aged 12 to 18,27,15,12,9,3,3,2,1,12,0,12
S01008318,All families in households,286,244,214,210,4,30,24,6,42,8,34
S01008318,Families with no dependent children,170,155,137,136,1,18,16,2,15,7,8
S01008318,Families with dependent children: Total,116,89,77,74,3,12,8,4,27,1,26
S01008318,Families with dependent children: Youngest aged 0 to 4,35,31,23,23,0,8,6,2,4,0,4
S01008318,Families with dependent children: Youngest aged 5 to 11,37,24,23,23,0,1,0,1,13,1,12
S01008318,Families with dependent children: Youngest aged 12 to 18,44,34,31,28,3,3,2,1,10,0,10
S01008319,All families in households,211,159,136,133,3,23,16,7,52,8,44
S01008319,Families with no dependent children,128,106,95,93,2,11,9,2,22,5,17
S01008319,Families with dependent children: Total,83,53,41,40,1,12,7,5,30,3,27
S01008319,Families with dependent children: Youngest aged 0 to 4,25,19,14,14,0,5,3,2,6,0,6
S01008319,Families with dependent children: Youngest aged 5 to 11,35,21,16,16,0,5,3,2,14,1,13
S01008319,Families with dependent children: Youngest aged 12 to 18,23,13,11,10,1,2,1,1,10,2,8
S01008320,All families in households,211,175,155,151,4,20,17,3,36,10,26
S01008320,Families with no dependent children,164,143,130,129,1,13,11,2,21,9,12
S01008320,Families with dependent children: Total,47,32,25,22,3,7,6,1,15,1,14
S01008320,Families with dependent children: Youngest aged 0 to 4,15,10,6,6,0,4,4,0,5,0,5
S01008320,Families with dependent children: Youngest aged 5 to 11,14,10,7,5,2,3,2,1,4,0,4
S01008320,Families with dependent children: Youngest aged 12 to 18,18,12,12,11,1,0,0,0,6,1,5
S01008321,All families in households,165,148,133,126,7,15,14,1,17,5,12
S01008321,Families with no dependent children,89,84,74,73,1,10,10,0,5,3,2
S01008321,Families with dependent children: Total,76,64,59,53,6,5,4,1,12,2,10
S01008321,Families with dependent children: Youngest aged 0 to 4,17,15,13,12,1,2,2,0,2,0,2
S01008321,Families with dependent children: Youngest aged 5 to 11,28,21,21,18,3,0,0,0,7,2,5
S01008321,Families with dependent children: Youngest aged 12 to 18,31,28,25,23,2,3,2,1,3,0,3
S01008322,All families in households,290,221,178,168,10,43,34,9,69,2,67
S01008322,Families with no dependent children,155,140,121,118,3,19,17,2,15,1,14
S01008322,Families with dependent children: Total,135,81,57,50,7,24,17,7,54,1,53
S01008322,Families with dependent children: Youngest aged 0 to 4,57,41,23,20,3,18,15,3,16,0,16
S01008322,Families with dependent children: Youngest aged 5 to 11,40,18,14,13,1,4,1,3,22,1,21
S01008322,Families with dependent children: Youngest aged 12 to 18,38,22,20,17,3,2,1,1,16,0,16
S01008323,All families in households,230,140,117,112,5,23,18,5,90,10,80
S01008323,Families with no dependent children,122,92,79,77,2,13,12,1,30,8,22
S01008323,Families with dependent children: Total,108,48,38,35,3,10,6,4,60,2,58
S01008323,Families with dependent children: Youngest aged 0 to 4,30,13,8,8,0,5,3,2,17,1,16
S01008323,Families with dependent children: Youngest aged 5 to 11,42,24,20,17,3,4,2,2,18,1,17
S01008323,Families with dependent children: Youngest aged 12 to 18,36,11,10,10,0,1,1,0,25,0,25
S01008324,All families in households,188,127,108,102,6,19,13,6,61,3,58
S01008324,Families with no dependent children,98,76,69,68,1,7,6,1,22,2,20
S01008324,Families with dependent children: Total,90,51,39,34,5,12,7,5,39,1,38
S01008324,Families with dependent children: Youngest aged 0 to 4,40,22,11,8,3,11,7,4,18,0,18
S01008324,Families with dependent children: Youngest aged 5 to 11,28,14,13,12,1,1,0,1,14,1,13
S01008324,Families with dependent children: Youngest aged 12 to 18,22,15,15,14,1,0,0,0,7,0,7
S01008325,All families in households,220,145,101,98,3,44,34,10,75,7,68
S01008325,Families with no dependent children,92,71,52,52,0,19,13,6,21,5,16
S01008325,Families with dependent children: Total,128,74,49,46,3,25,21,4,54,2,52
S01008325,Families with dependent children: Youngest aged 0 to 4,61,34,18,18,0,16,16,0,27,0,27
S01008325,Families with dependent children: Youngest aged 5 to 11,44,26,19,16,3,7,4,3,18,2,16
S01008325,Families with dependent children: Youngest aged 12 to 18,23,14,12,12,0,2,1,1,9,0,9
S01008326,All families in households,278,160,130,119,11,30,24,6,118,2,116
S01008326,Families with no dependent children,123,91,81,80,1,10,9,1,32,1,31
S01008326,Families with dependent children: Total,155,69,49,39,10,20,15,5,86,1,85
S01008326,Families with dependent children: Youngest aged 0 to 4,80,40,27,23,4,13,12,1,40,0,40
S01008326,Families with dependent children: Youngest aged 5 to 11,42,16,12,10,2,4,1,3,26,0,26
S01008326,Families with dependent children: Youngest aged 12 to 18,33,13,10,6,4,3,2,1,20,1,19
S01008327,All families in households,245,181,156,149,7,25,21,4,64,6,58
S01008327,Families with no dependent children,144,126,111,106,5,15,12,3,18,4,14
S01008327,Families with dependent children: Total,101,55,45,43,2,10,9,1,46,2,44
S01008327,Families with dependent children: Youngest aged 0 to 4,31,16,11,9,2,5,5,0,15,0,15
S01008327,Families with dependent children: Youngest aged 5 to 11,47,24,21,21,0,3,2,1,23,2,21
S01008327,Families with dependent children: Youngest aged 12 to 18,23,15,13,13,0,2,2,0,8,0,8
S01008328,All families in households,204,177,161,153,8,16,13,3,27,3,24
S01008328,Families with no dependent children,79,73,64,62,2,9,8,1,6,0,6
S01008328,Families with dependent children: Total,125,104,97,91,6,7,5,2,21,3,18
S01008328,Families with dependent children: Youngest aged 0 to 4,48,44,40,36,4,4,4,0,4,0,4
S01008328,Families with dependent children: Youngest aged 5 to 11,45,37,35,34,1,2,1,1,8,2,6
S01008328,Families with dependent children: Youngest aged 12 to 18,32,23,22,21,1,1,0,1,9,1,8
S01008329,All families in households,261,241,230,226,4,11,10,1,20,5,15
S01008329,Families with no dependent children,134,128,123,122,1,5,4,1,6,2,4
S01008329,Families with dependent children: Total,127,113,107,104,3,6,6,0,14,3,11
S01008329,Families with dependent children: Youngest aged 0 to 4,47,45,41,40,1,4,4,0,2,0,2
S01008329,Families with dependent children: Youngest aged 5 to 11,38,31,29,29,0,2,2,0,7,2,5
S01008329,Families with dependent children: Youngest aged 12 to 18,42,37,37,35,2,0,0,0,5,1,4
S01008330,All families in households,251,218,208,202,6,10,7,3,33,5,28
S01008330,Families with no dependent children,129,115,108,107,1,7,7,0,14,4,10
S01008330,Families with dependent children: Total,122,103,100,95,5,3,0,3,19,1,18
S01008330,Families with dependent children: Youngest aged 0 to 4,29,26,24,23,1,2,0,2,3,0,3
S01008330,Families with dependent children: Youngest aged 5 to 11,45,39,39,37,2,0,0,0,6,0,6
S01008330,Families with dependent children: Youngest aged 12 to 18,48,38,37,35,2,1,0,1,10,1,9
S01008331,All families in households,162,139,117,109,8,22,19,3,23,0,23
S01008331,Families with no dependent children,73,71,57,55,2,14,13,1,2,0,2
S01008331,Families with dependent children: Total,89,68,60,54,6,8,6,2,21,0,21
S01008331,Families with dependent children: Youngest aged 0 to 4,29,26,20,19,1,6,5,1,3,0,3
S01008331,Families with dependent children: Youngest aged 5 to 11,32,22,22,19,3,0,0,0,10,0,10
S01008331,Families with dependent children: Youngest aged 12 to 18,28,20,18,16,2,2,1,1,8,0,8
S01008332,All families in households,241,215,196,190,6,19,15,4,26,0,26
S01008332,Families with no dependent children,153,141,127,123,4,14,13,1,12,0,12
S01008332,Families with dependent children: Total,88,74,69,67,2,5,2,3,14,0,14
S01008332,Families with dependent children: Youngest aged 0 to 4,22,22,18,17,1,4,2,2,0,0,0
S01008332,Families with dependent children: Youngest aged 5 to 11,31,26,26,25,1,0,0,0,5,0,5
S01008332,Families with dependent children: Youngest aged 12 to 18,35,26,25,25,0,1,0,1,9,0,9
S01008333,All families in households,265,243,228,224,4,15,12,3,22,3,19
S01008333,Families with no dependent children,181,171,161,161,0,10,8,2,10,3,7
S01008333,Families with dependent children: Total,84,72,67,63,4,5,4,1,12,0,12
S01008333,Families with dependent children: Youngest aged 0 to 4,26,24,21,19,2,3,3,0,2,0,2
S01008333,Families with dependent children: Youngest aged 5 to 11,33,25,24,22,2,1,1,0,8,0,8
S01008333,Families with dependent children: Youngest aged 12 to 18,25,23,22,22,0,1,0,1,2,0,2
S01008334,All families in households,212,189,169,164,5,20,17,3,23,4,19
S01008334,Families with no dependent children,124,118,102,100,2,16,16,0,6,2,4
S01008334,Families with dependent children: Total,88,71,67,64,3,4,1,3,17,2,15
S01008334,Families with dependent children: Youngest aged 0 to 4,27,26,24,23,1,2,1,1,1,0,1
S01008334,Families with dependent children: Youngest aged 5 to 11,28,21,20,19,1,1,0,1,7,0,7
S01008334,Families with dependent children: Youngest aged 12 to 18,33,24,23,22,1,1,0,1,9,2,7
S01008335,All families in households,213,160,140,136,4,20,16,4,53,3,50
S01008335,Families with no dependent children,100,83,76,74,2,7,7,0,17,2,15
S01008335,Families with dependent children: Total,113,77,64,62,2,13,9,4,36,1,35
S01008335,Families with dependent children: Youngest aged 0 to 4,38,29,21,21,0,8,6,2,9,0,9
S01008335,Families with dependent children: Youngest aged 5 to 11,38,30,28,26,2,2,2,0,8,0,8
S01008335,Families with dependent children: Youngest aged 12 to 18,37,18,15,15,0,3,1,2,19,1,18
S01008336,All families in households,182,147,131,126,5,16,13,3,35,5,30
S01008336,Families with no dependent children,85,69,62,60,2,7,7,0,16,3,13
S01008336,Families with dependent children: Total,97,78,69,66,3,9,6,3,19,2,17
S01008336,Families with dependent children: Youngest aged 0 to 4,31,24,22,20,2,2,2,0,7,1,6
S01008336,Families with dependent children: Youngest aged 5 to 11,42,33,29,29,0,4,4,0,9,0,9
S01008336,Families with dependent children: Youngest aged 12 to 18,24,21,18,17,1,3,0,3,3,1,2
S01008337,All families in households,252,217,189,183,6,28,23,5,35,2,33
S01008337,Families with no dependent children,104,96,76,76,0,20,19,1,8,0,8
S01008337,Families with dependent children: Total,148,121,113,107,6,8,4,4,27,2,25
S01008337,Families with dependent children: Youngest aged 0 to 4,77,68,62,59,3,6,3,3,9,0,9
S01008337,Families with dependent children: Youngest aged 5 to 11,40,29,27,26,1,2,1,1,11,1,10
S01008337,Families with dependent children: Youngest aged 12 to 18,31,24,24,22,2,0,0,0,7,1,6
S01008338,All families in households,232,204,189,184,5,15,10,5,28,3,25
S01008338,Families with no dependent children,57,51,46,46,0,5,5,0,6,0,6
S01008338,Families with dependent children: Total,175,153,143,138,5,10,5,5,22,3,19
S01008338,Families with dependent children: Youngest aged 0 to 4,61,57,55,53,2,2,0,2,4,1,3
S01008338,Families with dependent children: Youngest aged 5 to 11,64,55,50,48,2,5,5,0,9,0,9
S01008338,Families with dependent children: Youngest aged 12 to 18,50,41,38,37,1,3,0,3,9,2,7
S01008339,All families in households,184,165,140,137,3,25,16,9,19,1,18
S01008339,Families with no dependent children,92,87,74,73,1,13,13,0,5,1,4
S01008339,Families with dependent children: Total,92,78,66,64,2,12,3,9,14,0,14
S01008339,Families with dependent children: Youngest aged 0 to 4,39,38,32,31,1,6,2,4,1,0,1
S01008339,Families with dependent children: Youngest aged 5 to 11,27,20,16,15,1,4,1,3,7,0,7
S01008339,Families with dependent children: Youngest aged 12 to 18,26,20,18,18,0,2,0,2,6,0,6
S01008340,All families in households,225,192,177,169,8,15,12,3,33,6,27
S01008340,Families with no dependent children,99,89,78,76,2,11,10,1,10,3,7
S01008340,Families with dependent children: Total,126,103,99,93,6,4,2,2,23,3,20
S01008340,Families with dependent children: Youngest aged 0 to 4,39,34,33,33,0,1,1,0,5,1,4
S01008340,Families with dependent children: Youngest aged 5 to 11,45,34,31,31,0,3,1,2,11,1,10
S01008340,Families with dependent children: Youngest aged 12 to 18,42,35,35,29,6,0,0,0,7,1,6
S01008341,All families in households,194,178,161,157,4,17,13,4,16,0,16
S01008341,Families with no dependent children,66,60,52,52,0,8,7,1,6,0,6
S01008341,Families with dependent children: Total,128,118,109,105,4,9,6,3,10,0,10
S01008341,Families with dependent children: Youngest aged 0 to 4,33,29,28,28,0,1,1,0,4,0,4
S01008341,Families with dependent children: Youngest aged 5 to 11,49,48,44,43,1,4,2,2,1,0,1
S01008341,Families with dependent children: Youngest aged 12 to 18,46,41,37,34,3,4,3,1,5,0,5
S01008342,All families in households,249,214,192,185,7,22,15,7,35,2,33
S01008342,Families with no dependent children,140,126,112,109,3,14,12,2,14,1,13
S01008342,Families with dependent children: Total,109,88,80,76,4,8,3,5,21,1,20
S01008342,Families with dependent children: Youngest aged 0 to 4,33,30,26,26,0,4,2,2,3,0,3
S01008342,Families with dependent children: Youngest aged 5 to 11,32,23,23,22,1,0,0,0,9,1,8
S01008342,Families with dependent children: Youngest aged 12 to 18,44,35,31,28,3,4,1,3,9,0,9
S01008343,All families in households,257,244,239,237,2,5,3,2,13,2,11
S01008343,Families with no dependent children,158,154,151,150,1,3,2,1,4,1,3
S01008343,Families with dependent children: Total,99,90,88,87,1,2,1,1,9,1,8
S01008343,Families with dependent children: Youngest aged 0 to 4,21,20,19,19,0,1,1,0,1,0,1
S01008343,Families with dependent children: Youngest aged 5 to 11,32,32,32,31,1,0,0,0,0,0,0
S01008343,Families with dependent children: Youngest aged 12 to 18,46,38,37,37,0,1,0,1,8,1,7
S01008344,All families in households,258,233,223,219,4,10,8,2,25,4,21
S01008344,Families with no dependent children,161,154,147,146,1,7,5,2,7,1,6
S01008344,Families with dependent children: Total,97,79,76,73,3,3,3,0,18,3,15
S01008344,Families with dependent children: Youngest aged 0 to 4,31,25,23,23,0,2,2,0,6,1,5
S01008344,Families with dependent children: Youngest aged 5 to 11,34,27,27,25,2,0,0,0,7,0,7
S01008344,Families with dependent children: Youngest aged 12 to 18,32,27,26,25,1,1,1,0,5,2,3
S01008345,All families in households,275,247,237,234,3,10,7,3,28,7,21
S01008345,Families with no dependent children,175,162,155,152,3,7,5,2,13,6,7
S01008345,Families with dependent children: Total,100,85,82,82,0,3,2,1,15,1,14
S01008345,Families with dependent children: Youngest aged 0 to 4,30,22,19,19,0,3,2,1,8,1,7
S01008345,Families with dependent children: Youngest aged 5 to 11,34,32,32,32,0,0,0,0,2,0,2
S01008345,Families with dependent children: Youngest aged 12 to 18,36,31,31,31,0,0,0,0,5,0,5
S01008346,All families in households,287,275,265,260,5,10,7,3,12,3,9
S01008346,Families with no dependent children,151,148,144,141,3,4,3,1,3,2,1
S01008346,Families with dependent children: Total,136,127,121,119,2,6,4,2,9,1,8
S01008346,Families with dependent children: Youngest aged 0 to 4,47,45,43,43,0,2,1,1,2,0,2
S01008346,Families with dependent children: Youngest aged 5 to 11,49,45,43,41,2,2,2,0,4,1,3
S01008346,Families with dependent children: Youngest aged 12 to 18,40,37,35,35,0,2,1,1,3,0,3
S01008347,All families in households,266,219,209,205,4,10,9,1,47,4,43
S01008347,Families with no dependent children,169,147,140,138,2,7,7,0,22,4,18
S01008347,Families with dependent children: Total,97,72,69,67,2,3,2,1,25,0,25
S01008347,Families with dependent children: Youngest aged 0 to 4,31,25,24,23,1,1,1,0,6,0,6
S01008347,Families with dependent children: Youngest aged 5 to 11,29,24,23,23,0,1,1,0,5,0,5
S01008347,Families with dependent children: Youngest aged 12 to 18,37,23,22,21,1,1,0,1,14,0,14
S01008348,All families in households,230,194,182,179,3,12,10,2,36,4,32
S01008348,Families with no dependent children,146,131,122,121,1,9,9,0,15,3,12
S01008348,Families with dependent children: Total,84,63,60,58,2,3,1,2,21,1,20
S01008348,Families with dependent children: Youngest aged 0 to 4,27,23,22,22,0,1,1,0,4,0,4
S01008348,Families with dependent children: Youngest aged 5 to 11,31,22,21,20,1,1,0,1,9,1,8
S01008348,Families with dependent children: Youngest aged 12 to 18,26,18,17,16,1,1,0,1,8,0,8
S01008349,All families in households,249,224,212,209,3,12,10,2,25,4,21
S01008349,Families with no dependent children,103,99,93,93,0,6,6,0,4,0,4
S01008349,Families with dependent children: Total,146,125,119,116,3,6,4,2,21,4,17
S01008349,Families with dependent children: Youngest aged 0 to 4,36,32,31,31,0,1,1,0,4,0,4
S01008349,Families with dependent children: Youngest aged 5 to 11,65,56,52,50,2,4,3,1,9,3,6
S01008349,Families with dependent children: Youngest aged 12 to 18,45,37,36,35,1,1,0,1,8,1,7
S01008350,All families in households,183,176,168,167,1,8,5,3,7,0,7
S01008350,Families with no dependent children,129,123,118,118,0,5,4,1,6,0,6
S01008350,Families with dependent children: Total,54,53,50,49,1,3,1,2,1,0,1
S01008350,Families with dependent children: Youngest aged 0 to 4,16,16,15,15,0,1,1,0,0,0,0
S01008350,Families with dependent children: Youngest aged 5 to 11,20,20,19,19,0,1,0,1,0,0,0
S01008350,Families with dependent children: Youngest aged 12 to 18,18,17,16,15,1,1,0,1,1,0,1
S01008351,All families in households,273,246,235,229,6,11,8,3,27,0,27
S01008351,Families with no dependent children,162,147,140,137,3,7,7,0,15,0,15
S01008351,Families with dependent children: Total,111,99,95,92,3,4,1,3,12,0,12
S01008351,Families with dependent children: Youngest aged 0 to 4,27,26,25,25,0,1,1,0,1,0,1
S01008351,Families with dependent children: Youngest aged 5 to 11,49,42,39,39,0,3,0,3,7,0,7
S01008351,Families with dependent children: Youngest aged 12 to 18,35,31,31,28,3,0,0,0,4,0,4
S01008352,All families in households,203,186,174,169,5,12,10,2,17,3,14
S01008352,Families with no dependent children,115,107,101,98,3,6,5,1,8,3,5
S01008352,Families with dependent children: Total,88,79,73,71,2,6,5,1,9,0,9
S01008352,Families with dependent children: Youngest aged 0 to 4,27,25,23,22,1,2,2,0,2,0,2
S01008352,Families with dependent children: Youngest aged 5 to 11,31,26,23,23,0,3,3,0,5,0,5
S01008352,Families with dependent children: Youngest aged 12 to 18,30,28,27,26,1,1,0,1,2,0,2
S01008353,All families in households,148,140,133,129,4,7,6,1,8,0,8
S01008353,Families with no dependent children,72,71,68,66,2,3,3,0,1,0,1
S01008353,Families with dependent children: Total,76,69,65,63,2,4,3,1,7,0,7
S01008353,Families with dependent children: Youngest aged 0 to 4,19,19,18,18,0,1,1,0,0,0,0
S01008353,Families with dependent children: Youngest aged 5 to 11,31,29,27,27,0,2,2,0,2,0,2
S01008353,Families with dependent children: Youngest aged 12 to 18,26,21,20,18,2,1,0,1,5,0,5
S01008354,All families in households,199,177,159,150,9,18,13,5,22,3,19
S01008354,Families with no dependent children,107,98,89,86,3,9,8,1,9,2,7
S01008354,Families with dependent children: Total,92,79,70,64,6,9,5,4,13,1,12
S01008354,Families with dependent children: Youngest aged 0 to 4,37,33,29,27,2,4,2,2,4,0,4
S01008354,Families with dependent children: Youngest aged 5 to 11,31,27,24,22,2,3,2,1,4,0,4
S01008354,Families with dependent children: Youngest aged 12 to 18,24,19,17,15,2,2,1,1,5,1,4
S01008355,All families in households,188,139,121,118,3,18,15,3,49,7,42
S01008355,Families with no dependent children,112,90,79,78,1,11,9,2,22,4,18
S01008355,Families with dependent children: Total,76,49,42,40,2,7,6,1,27,3,24
S01008355,Families with dependent children: Youngest aged 0 to 4,31,25,20,20,0,5,5,0,6,0,6
S01008355,Families with dependent children: Youngest aged 5 to 11,21,12,11,10,1,1,0,1,9,0,9
S01008355,Families with dependent children: Youngest aged 12 to 18,24,12,11,10,1,1,1,0,12,3,9
S01008356,All families in households,176,144,123,122,1,21,19,2,32,4,28
S01008356,Families with no dependent children,91,84,68,67,1,16,15,1,7,3,4
S01008356,Families with dependent children: Total,85,60,55,55,0,5,4,1,25,1,24
S01008356,Families with dependent children: Youngest aged 0 to 4,35,27,25,25,0,2,2,0,8,0,8
S01008356,Families with dependent children: Youngest aged 5 to 11,26,18,17,17,0,1,1,0,8,1,7
S01008356,Families with dependent children: Youngest aged 12 to 18,24,15,13,13,0,2,1,1,9,0,9
S01008357,All families in households,212,185,177,176,1,8,5,3,27,6,21
S01008357,Families with no dependent children,118,106,103,103,0,3,2,1,12,5,7
S01008357,Families with dependent children: Total,94,79,74,73,1,5,3,2,15,1,14
S01008357,Families with dependent children: Youngest aged 0 to 4,31,24,20,20,0,4,3,1,7,1,6
S01008357,Families with dependent children: Youngest aged 5 to 11,37,33,32,31,1,1,0,1,4,0,4
S01008357,Families with dependent children: Youngest aged 12 to 18,26,22,22,22,0,0,0,0,4,0,4
S01008358,All families in households,204,160,137,132,5,23,17,6,44,1,43
S01008358,Families with no dependent children,132,118,103,100,3,15,13,2,14,1,13
S01008358,Families with dependent children: Total,72,42,34,32,2,8,4,4,30,0,30
S01008358,Families with dependent children: Youngest aged 0 to 4,27,17,13,11,2,4,3,1,10,0,10
S01008358,Families with dependent children: Youngest aged 5 to 11,22,13,11,11,0,2,1,1,9,0,9
S01008358,Families with dependent children: Youngest aged 12 to 18,23,12,10,10,0,2,0,2,11,0,11
S01008359,All families in households,187,162,144,141,3,18,15,3,25,2,23
S01008359,Families with no dependent children,100,89,80,80,0,9,9,0,11,2,9
S01008359,Families with dependent children: Total,87,73,64,61,3,9,6,3,14,0,14
S01008359,Families with dependent children: Youngest aged 0 to 4,32,26,21,21,0,5,4,1,6,0,6
S01008359,Families with dependent children: Youngest aged 5 to 11,35,29,25,25,0,4,2,2,6,0,6
S01008359,Families with dependent children: Youngest aged 12 to 18,20,18,18,15,3,0,0,0,2,0,2
S01008360,All families in households,270,228,215,210,5,13,8,5,42,5,37
S01008360,Families with no dependent children,163,144,138,136,2,6,6,0,19,2,17
S01008360,Families with dependent children: Total,107,84,77,74,3,7,2,5,23,3,20
S01008360,Families with dependent children: Youngest aged 0 to 4,28,22,21,19,2,1,0,1,6,0,6
S01008360,Families with dependent children: Youngest aged 5 to 11,36,29,27,26,1,2,2,0,7,0,7
S01008360,Families with dependent children: Youngest aged 12 to 18,43,33,29,29,0,4,0,4,10,3,7
S01008361,All families in households,166,142,123,118,5,19,16,3,24,2,22
S01008361,Families with no dependent children,95,89,76,74,2,13,12,1,6,1,5
S01008361,Families with dependent children: Total,71,53,47,44,3,6,4,2,18,1,17
S01008361,Families with dependent children: Youngest aged 0 to 4,13,11,10,10,0,1,1,0,2,0,2
S01008361,Families with dependent children: Youngest aged 5 to 11,25,21,18,17,1,3,2,1,4,0,4
S01008361,Families with dependent children: Youngest aged 12 to 18,33,21,19,17,2,2,1,1,12,1,11
S01008362,All families in households,257,201,175,170,5,26,24,2,56,9,47
S01008362,Families with no dependent children,106,89,75,74,1,14,14,0,17,4,13
S01008362,Families with dependent children: Total,151,112,100,96,4,12,10,2,39,5,34
S01008362,Families with dependent children: Youngest aged 0 to 4,51,41,36,33,3,5,4,1,10,0,10
S01008362,Families with dependent children: Youngest aged 5 to 11,57,41,36,36,0,5,4,1,16,4,12
S01008362,Families with dependent children: Youngest aged 12 to 18,43,30,28,27,1,2,2,0,13,1,12
S01008363,All families in households,215,182,160,157,3,22,21,1,33,6,27
S01008363,Families with no dependent children,123,114,98,97,1,16,16,0,9,4,5
S01008363,Families with dependent children: Total,92,68,62,60,2,6,5,1,24,2,22
S01008363,Families with dependent children: Youngest aged 0 to 4,23,19,16,15,1,3,3,0,4,0,4
S01008363,Families with dependent children: Youngest aged 5 to 11,37,27,26,25,1,1,0,1,10,0,10
S01008363,Families with dependent children: Youngest aged 12 to 18,32,22,20,20,0,2,2,0,10,2,8
S01008364,All families in households,225,185,168,165,3,17,16,1,40,3,37
S01008364,Families with no dependent children,129,117,104,103,1,13,12,1,12,1,11
S01008364,Families with dependent children: Total,96,68,64,62,2,4,4,0,28,2,26
S01008364,Families with dependent children: Youngest aged 0 to 4,24,21,19,18,1,2,2,0,3,0,3
S01008364,Families with dependent children: Youngest aged 5 to 11,38,24,23,22,1,1,1,0,14,1,13
S01008364,Families with dependent children: Youngest aged 12 to 18,34,23,22,22,0,1,1,0,11,1,10
S01008365,All families in households,206,190,181,176,5,9,7,2,16,1,15
S01008365,Families with no dependent children,131,124,119,119,0,5,5,0,7,0,7
S01008365,Families with dependent children: Total,75,66,62,57,5,4,2,2,9,1,8
S01008365,Families with dependent children: Youngest aged 0 to 4,18,16,15,15,0,1,1,0,2,0,2
S01008365,Families with dependent children: Youngest aged 5 to 11,28,25,24,22,2,1,1,0,3,0,3
S01008365,Families with dependent children: Youngest aged 12 to 18,29,25,23,20,3,2,0,2,4,1,3
S01008366,All families in households,244,184,167,162,5,17,16,1,60,5,55
S01008366,Families with no dependent children,128,103,95,94,1,8,8,0,25,2,23
S01008366,Families with dependent children: Total,116,81,72,68,4,9,8,1,35,3,32
S01008366,Families with dependent children: Youngest aged 0 to 4,38,32,26,25,1,6,6,0,6,0,6
S01008366,Families with dependent children: Youngest aged 5 to 11,37,22,21,19,2,1,1,0,15,2,13
S01008366,Families with dependent children: Youngest aged 12 to 18,41,27,25,24,1,2,1,1,14,1,13
S01008367,All families in households,192,137,117,112,5,20,15,5,55,4,51
S01008367,Families with no dependent children,114,85,70,67,3,15,13,2,29,3,26
S01008367,Families with dependent children: Total,78,52,47,45,2,5,2,3,26,1,25
S01008367,Families with dependent children: Youngest aged 0 to 4,22,20,16,15,1,4,2,2,2,0,2
S01008367,Families with dependent children: Youngest aged 5 to 11,26,17,16,15,1,1,0,1,9,0,9
S01008367,Families with dependent children: Youngest aged 12 to 18,30,15,15,15,0,0,0,0,15,1,14
S01008368,All families in households,185,152,131,128,3,21,17,4,33,3,30
S01008368,Families with no dependent children,99,90,76,75,1,14,11,3,9,0,9
S01008368,Families with dependent children: Total,86,62,55,53,2,7,6,1,24,3,21
S01008368,Families with dependent children: Youngest aged 0 to 4,23,19,14,13,1,5,5,0,4,1,3
S01008368,Families with dependent children: Youngest aged 5 to 11,35,27,26,26,0,1,0,1,8,0,8
S01008368,Families with dependent children: Youngest aged 12 to 18,28,16,15,14,1,1,1,0,12,2,10
S01008369,All families in households,159,117,101,97,4,16,13,3,42,8,34
S01008369,Families with no dependent children,86,64,55,54,1,9,9,0,22,6,16
S01008369,Families with dependent children: Total,73,53,46,43,3,7,4,3,20,2,18
S01008369,Families with dependent children: Youngest aged 0 to 4,23,17,14,12,2,3,2,1,6,0,6
S01008369,Families with dependent children: Youngest aged 5 to 11,25,17,15,14,1,2,1,1,8,2,6
S01008369,Families with dependent children: Youngest aged 12 to 18,25,19,17,17,0,2,1,1,6,0,6
S01008370,All families in households,194,161,133,131,2,28,26,2,33,4,29
S01008370,Families with no dependent children,106,90,71,70,1,19,18,1,16,2,14
S01008370,Families with dependent children: Total,88,71,62,61,1,9,8,1,17,2,15
S01008370,Families with dependent children: Youngest aged 0 to 4,30,25,20,20,0,5,5,0,5,0,5
S01008370,Families with dependent children: Youngest aged 5 to 11,26,22,20,20,0,2,2,0,4,0,4
S01008370,Families with dependent children: Youngest aged 12 to 18,32,24,22,21,1,2,1,1,8,2,6
S01008371,All families in households,237,208,195,193,2,13,10,3,29,1,28
S01008371,Families with no dependent children,118,113,107,107,0,6,6,0,5,0,5
S01008371,Families with dependent children: Total,119,95,88,86,2,7,4,3,24,1,23
S01008371,Families with dependent children: Youngest aged 0 to 4,44,41,38,37,1,3,2,1,3,0,3
S01008371,Families with dependent children: Youngest aged 5 to 11,33,23,21,21,0,2,2,0,10,0,10
S01008371,Families with dependent children: Youngest aged 12 to 18,42,31,29,28,1,2,0,2,11,1,10
S01008372,All families in households,233,199,182,173,9,17,12,5,34,9,25
S01008372,Families with no dependent children,122,103,96,92,4,7,6,1,19,9,10
S01008372,Families with dependent children: Total,111,96,86,81,5,10,6,4,15,0,15
S01008372,Families with dependent children: Youngest aged 0 to 4,41,36,30,28,2,6,4,2,5,0,5
S01008372,Families with dependent children: Youngest aged 5 to 11,35,29,28,26,2,1,0,1,6,0,6
S01008372,Families with dependent children: Youngest aged 12 to 18,35,31,28,27,1,3,2,1,4,0,4
S01008373,All families in households,234,213,200,198,2,13,12,1,21,6,15
S01008373,Families with no dependent children,114,102,94,93,1,8,7,1,12,4,8
S01008373,Families with dependent children: Total,120,111,106,105,1,5,5,0,9,2,7
S01008373,Families with dependent children: Youngest aged 0 to 4,38,38,35,35,0,3,3,0,0,0,0
S01008373,Families with dependent children: Youngest aged 5 to 11,42,38,37,36,1,1,1,0,4,1,3
S01008373,Families with dependent children: Youngest aged 12 to 18,40,35,34,34,0,1,1,0,5,1,4
S01008374,All families in households,218,190,181,176,5,9,8,1,28,4,24
S01008374,Families with no dependent children,127,117,114,111,3,3,3,0,10,2,8
S01008374,Families with dependent children: Total,91,73,67,65,2,6,5,1,18,2,16
S01008374,Families with dependent children: Youngest aged 0 to 4,26,21,18,17,1,3,3,0,5,0,5
S01008374,Families with dependent children: Youngest aged 5 to 11,33,28,26,26,0,2,2,0,5,0,5
S01008374,Families with dependent children: Youngest aged 12 to 18,32,24,23,22,1,1,0,1,8,2,6
S01008375,All families in households,240,216,202,197,5,14,8,6,24,7,17
S01008375,Families with no dependent children,135,124,117,115,2,7,7,0,11,2,9
S01008375,Families with dependent children: Total,105,92,85,82,3,7,1,6,13,5,8
S01008375,Families with dependent children: Youngest aged 0 to 4,36,35,33,33,0,2,1,1,1,1,0
S01008375,Families with dependent children: Youngest aged 5 to 11,34,32,29,26,3,3,0,3,2,0,2
S01008375,Families with dependent children: Youngest aged 12 to 18,35,25,23,23,0,2,0,2,10,4,6
S01008376,All families in households,155,133,119,116,3,14,11,3,22,2,20
S01008376,Families with no dependent children,80,70,64,62,2,6,5,1,10,2,8
S01008376,Families with dependent children: Total,75,63,55,54,1,8,6,2,12,0,12
S01008376,Families with dependent children: Youngest aged 0 to 4,33,27,23,23,0,4,4,0,6,0,6
S01008376,Families with dependent children: Youngest aged 5 to 11,18,16,16,15,1,0,0,0,2,0,2
S01008376,Families with dependent children: Youngest aged 12 to 18,24,20,16,16,0,4,2,2,4,0,4
S01008377,All families in households,208,181,162,156,6,19,17,2,27,1,26
S01008377,Families with no dependent children,107,94,83,82,1,11,10,1,13,1,12
S01008377,Families with dependent children: Total,101,87,79,74,5,8,7,1,14,0,14
S01008377,Families with dependent children: Youngest aged 0 to 4,39,36,29,29,0,7,6,1,3,0,3
S01008377,Families with dependent children: Youngest aged 5 to 11,32,26,26,23,3,0,0,0,6,0,6
S01008377,Families with dependent children: Youngest aged 12 to 18,30,25,24,22,2,1,1,0,5,0,5
S01008378,All families in households,283,244,223,215,8,21,18,3,39,8,31
S01008378,Families with no dependent children,146,128,119,116,3,9,8,1,18,3,15
S01008378,Families with dependent children: Total,137,116,104,99,5,12,10,2,21,5,16
S01008378,Families with dependent children: Youngest aged 0 to 4,46,39,33,32,1,6,5,1,7,1,6
S01008378,Families with dependent children: Youngest aged 5 to 11,42,37,34,34,0,3,3,0,5,1,4
S01008378,Families with dependent children: Youngest aged 12 to 18,49,40,37,33,4,3,2,1,9,3,6
S01008379,All families in households,160,147,138,138,0,9,8,1,13,3,10
S01008379,Families with no dependent children,105,102,97,97,0,5,5,0,3,3,0
S01008379,Families with dependent children: Total,55,45,41,41,0,4,3,1,10,0,10
S01008379,Families with dependent children: Youngest aged 0 to 4,19,14,11,11,0,3,3,0,5,0,5
S01008379,Families with dependent children: Youngest aged 5 to 11,16,15,14,14,0,1,0,1,1,0,1
S01008379,Families with dependent children: Youngest aged 12 to 18,20,16,16,16,0,0,0,0,4,0,4
S01008380,All families in households,195,175,163,162,1,12,10,2,20,5,15
S01008380,Families with no dependent children,103,92,87,87,0,5,5,0,11,5,6
S01008380,Families with dependent children: Total,92,83,76,75,1,7,5,2,9,0,9
S01008380,Families with dependent children: Youngest aged 0 to 4,34,32,29,29,0,3,3,0,2,0,2
S01008380,Families with dependent children: Youngest aged 5 to 11,25,23,21,20,1,2,2,0,2,0,2
S01008380,Families with dependent children: Youngest aged 12 to 18,33,28,26,26,0,2,0,2,5,0,5
S01008381,All families in households,194,174,163,162,1,11,9,2,20,3,17
S01008381,Families with no dependent children,90,82,76,76,0,6,5,1,8,2,6
S01008381,Families with dependent children: Total,104,92,87,86,1,5,4,1,12,1,11
S01008381,Families with dependent children: Youngest aged 0 to 4,51,49,46,45,1,3,3,0,2,1,1
S01008381,Families with dependent children: Youngest aged 5 to 11,26,22,22,22,0,0,0,0,4,0,4
S01008381,Families with dependent children: Youngest aged 12 to 18,27,21,19,19,0,2,1,1,6,0,6
S01008382,All families in households,191,179,173,168,5,6,6,0,12,5,7
S01008382,Families with no dependent children,99,96,94,91,3,2,2,0,3,2,1
S01008382,Families with dependent children: Total,92,83,79,77,2,4,4,0,9,3,6
S01008382,Families with dependent children: Youngest aged 0 to 4,30,30,27,27,0,3,3,0,0,0,0
S01008382,Families with dependent children: Youngest aged 5 to 11,37,33,33,32,1,0,0,0,4,1,3
S01008382,Families with dependent children: Youngest aged 12 to 18,25,20,19,18,1,1,1,0,5,2,3
S01008383,All families in households,137,128,117,116,1,11,9,2,9,0,9
S01008383,Families with no dependent children,68,64,57,56,1,7,5,2,4,0,4
S01008383,Families with dependent children: Total,69,64,60,60,0,4,4,0,5,0,5
S01008383,Families with dependent children: Youngest aged 0 to 4,27,24,22,22,0,2,2,0,3,0,3
S01008383,Families with dependent children: Youngest aged 5 to 11,21,20,19,19,0,1,1,0,1,0,1
S01008383,Families with dependent children: Youngest aged 12 to 18,21,20,19,19,0,1,1,0,1,0,1
S01008384,All families in households,297,240,221,215,6,19,18,1,57,3,54
S01008384,Families with no dependent children,157,136,124,121,3,12,12,0,21,2,19
S01008384,Families with dependent children: Total,140,104,97,94,3,7,6,1,36,1,35
S01008384,Families with dependent children: Youngest aged 0 to 4,42,34,30,29,1,4,4,0,8,0,8
S01008384,Families with dependent children: Youngest aged 5 to 11,43,32,30,28,2,2,2,0,11,1,10
S01008384,Families with dependent children: Youngest aged 12 to 18,55,38,37,37,0,1,0,1,17,0,17
S01008385,All families in households,205,191,175,170,5,16,14,2,14,4,10
S01008385,Families with no dependent children,124,116,107,105,2,9,9,0,8,1,7
S01008385,Families with dependent children: Total,81,75,68,65,3,7,5,2,6,3,3
S01008385,Families with dependent children: Youngest aged 0 to 4,22,22,22,22,0,0,0,0,0,0,0
S01008385,Families with dependent children: Youngest aged 5 to 11,25,25,22,21,1,3,3,0,0,0,0
S01008385,Families with dependent children: Youngest aged 12 to 18,34,28,24,22,2,4,2,2,6,3,3
S01008386,All families in households,249,207,187,184,3,20,15,5,42,4,38
S01008386,Families with no dependent children,144,131,120,119,1,11,11,0,13,2,11
S01008386,Families with dependent children: Total,105,76,67,65,2,9,4,5,29,2,27
S01008386,Families with dependent children: Youngest aged 0 to 4,36,30,24,24,0,6,3,3,6,0,6
S01008386,Families with dependent children: Youngest aged 5 to 11,33,21,18,17,1,3,1,2,12,2,10
S01008386,Families with dependent children: Youngest aged 12 to 18,36,25,25,24,1,0,0,0,11,0,11
S01008387,All families in households,192,169,151,150,1,18,16,2,23,2,21
S01008387,Families with no dependent children,96,86,74,74,0,12,12,0,10,2,8
S01008387,Families with dependent children: Total,96,83,77,76,1,6,4,2,13,0,13
S01008387,Families with dependent children: Youngest aged 0 to 4,36,34,31,31,0,3,2,1,2,0,2
S01008387,Families with dependent children: Youngest aged 5 to 11,28,22,22,22,0,0,0,0,6,0,6
S01008387,Families with dependent children: Youngest aged 12 to 18,32,27,24,23,1,3,2,1,5,0,5
S01008388,All families in households,194,165,142,134,8,23,21,2,29,3,26
S01008388,Families with no dependent children,83,80,71,68,3,9,9,0,3,1,2
S01008388,Families with dependent children: Total,111,85,71,66,5,14,12,2,26,2,24
S01008388,Families with dependent children: Youngest aged 0 to 4,35,31,25,23,2,6,6,0,4,0,4
S01008388,Families with dependent children: Youngest aged 5 to 11,38,29,23,21,2,6,5,1,9,1,8
S01008388,Families with dependent children: Youngest aged 12 to 18,38,25,23,22,1,2,1,1,13,1,12
S01008389,All families in households,173,156,148,147,1,8,8,0,17,2,15
S01008389,Families with no dependent children,129,120,113,113,0,7,7,0,9,2,7
S01008389,Families with dependent children: Total,44,36,35,34,1,1,1,0,8,0,8
S01008389,Families with dependent children: Youngest aged 0 to 4,12,8,7,7,0,1,1,0,4,0,4
S01008389,Families with dependent children: Youngest aged 5 to 11,20,16,16,16,0,0,0,0,4,0,4
S01008389,Families with dependent children: Youngest aged 12 to 18,12,12,12,11,1,0,0,0,0,0,0
S01008390,All families in households,188,177,167,162,5,10,8,2,11,1,10
S01008390,Families with no dependent children,116,111,106,104,2,5,4,1,5,1,4
S01008390,Families with dependent children: Total,72,66,61,58,3,5,4,1,6,0,6
S01008390,Families with dependent children: Youngest aged 0 to 4,22,20,18,18,0,2,1,1,2,0,2
S01008390,Families with dependent children: Youngest aged 5 to 11,25,24,22,21,1,2,2,0,1,0,1
S01008390,Families with dependent children: Youngest aged 12 to 18,25,22,21,19,2,1,1,0,3,0,3
S01008391,All families in households,209,189,175,171,4,14,13,1,20,4,16
S01008391,Families with no dependent children,116,110,101,98,3,9,9,0,6,3,3
S01008391,Families with dependent children: Total,93,79,74,73,1,5,4,1,14,1,13
S01008391,Families with dependent children: Youngest aged 0 to 4,26,20,19,19,0,1,1,0,6,0,6
S01008391,Families with dependent children: Youngest aged 5 to 11,36,34,31,31,0,3,3,0,2,0,2
S01008391,Families with dependent children: Youngest aged 12 to 18,31,25,24,23,1,1,0,1,6,1,5
S01008392,All families in households,259,235,210,206,4,25,21,4,24,4,20
S01008392,Families with no dependent children,119,109,100,99,1,9,8,1,10,3,7
S01008392,Families with dependent children: Total,140,126,110,107,3,16,13,3,14,1,13
S01008392,Families with dependent children: Youngest aged 0 to 4,48,45,39,38,1,6,5,1,3,0,3
S01008392,Families with dependent children: Youngest aged 5 to 11,44,39,31,31,0,8,7,1,5,1,4
S01008392,Families with dependent children: Youngest aged 12 to 18,48,42,40,38,2,2,1,1,6,0,6
S01008393,All families in households,224,205,192,187,5,13,8,5,19,2,17
S01008393,Families with no dependent children,117,110,103,103,0,7,6,1,7,1,6
S01008393,Families with dependent children: Total,107,95,89,84,5,6,2,4,12,1,11
S01008393,Families with dependent children: Youngest aged 0 to 4,32,32,31,29,2,1,0,1,0,0,0
S01008393,Families with dependent children: Youngest aged 5 to 11,34,31,28,26,2,3,1,2,3,0,3
S01008393,Families with dependent children: Youngest aged 12 to 18,41,32,30,29,1,2,1,1,9,1,8
S01008394,All families in households,237,219,210,206,4,9,7,2,18,4,14
S01008394,Families with no dependent children,96,91,87,85,2,4,4,0,5,3,2
S01008394,Families with dependent children: Total,141,128,123,121,2,5,3,2,13,1,12
S01008394,Families with dependent children: Youngest aged 0 to 4,48,45,44,44,0,1,0,1,3,0,3
S01008394,Families with dependent children: Youngest aged 5 to 11,50,46,43,41,2,3,3,0,4,0,4
S01008394,Families with dependent children: Youngest aged 12 to 18,43,37,36,36,0,1,0,1,6,1,5
S01008395,All families in households,158,137,125,123,2,12,10,2,21,4,17
S01008395,Families with no dependent children,81,74,65,64,1,9,8,1,7,1,6
S01008395,Families with dependent children: Total,77,63,60,59,1,3,2,1,14,3,11
S01008395,Families with dependent children: Youngest aged 0 to 4,18,17,16,16,0,1,1,0,1,1,0
S01008395,Families with dependent children: Youngest aged 5 to 11,35,30,28,28,0,2,1,1,5,0,5
S01008395,Families with dependent children: Youngest aged 12 to 18,24,16,16,15,1,0,0,0,8,2,6
S01008396,All families in households,180,162,153,149,4,9,7,2,18,2,16
S01008396,Families with no dependent children,131,117,111,109,2,6,5,1,14,2,12
S01008396,Families with dependent children: Total,49,45,42,40,2,3,2,1,4,0,4
S01008396,Families with dependent children: Youngest aged 0 to 4,7,6,6,6,0,0,0,0,1,0,1
S01008396,Families with dependent children: Youngest aged 5 to 11,20,19,17,17,0,2,2,0,1,0,1
S01008396,Families with dependent children: Youngest aged 12 to 18,22,20,19,17,2,1,0,1,2,0,2
S01008397,All families in households,288,257,243,239,4,14,11,3,31,4,27
S01008397,Families with no dependent children,170,159,153,152,1,6,5,1,11,2,9
S01008397,Families with dependent children: Total,118,98,90,87,3,8,6,2,20,2,18
S01008397,Families with dependent children: Youngest aged 0 to 4,40,36,33,32,1,3,3,0,4,0,4
S01008397,Families with dependent children: Youngest aged 5 to 11,36,29,25,25,0,4,2,2,7,1,6
S01008397,Families with dependent children: Youngest aged 12 to 18,42,33,32,30,2,1,1,0,9,1,8
S01008398,All families in households,180,159,148,144,4,11,9,2,21,8,13
S01008398,Families with no dependent children,104,96,92,92,0,4,4,0,8,4,4
S01008398,Families with dependent children: Total,76,63,56,52,4,7,5,2,13,4,9
S01008398,Families with dependent children: Youngest aged 0 to 4,24,21,18,16,2,3,2,1,3,1,2
S01008398,Families with dependent children: Youngest aged 5 to 11,28,23,20,19,1,3,2,1,5,1,4
S01008398,Families with dependent children: Youngest aged 12 to 18,24,19,18,17,1,1,1,0,5,2,3
S01008399,All families in households,151,140,132,129,3,8,8,0,11,1,10
S01008399,Families with no dependent children,108,98,91,89,2,7,7,0,10,1,9
S01008399,Families with dependent children: Total,43,42,41,40,1,1,1,0,1,0,1
S01008399,Families with dependent children: Youngest aged 0 to 4,14,14,14,13,1,0,0,0,0,0,0
S01008399,Families with dependent children: Youngest aged 5 to 11,17,16,15,15,0,1,1,0,1,0,1
S01008399,Families with dependent children: Youngest aged 12 to 18,12,12,12,12,0,0,0,0,0,0,0
S01008400,All families in households,199,173,163,156,7,10,9,1,26,3,23
S01008400,Families with no dependent children,107,99,93,89,4,6,5,1,8,2,6
S01008400,Families with dependent children: Total,92,74,70,67,3,4,4,0,18,1,17
S01008400,Families with dependent children: Youngest aged 0 to 4,34,28,27,24,3,1,1,0,6,0,6
S01008400,Families with dependent children: Youngest aged 5 to 11,28,23,22,22,0,1,1,0,5,0,5
S01008400,Families with dependent children: Youngest aged 12 to 18,30,23,21,21,0,2,2,0,7,1,6
S01008401,All families in households,277,247,227,223,4,20,18,2,30,2,28
S01008401,Families with no dependent children,171,157,146,144,2,11,9,2,14,1,13
S01008401,Families with dependent children: Total,106,90,81,79,2,9,9,0,16,1,15
S01008401,Families with dependent children: Youngest aged 0 to 4,42,37,31,30,1,6,6,0,5,0,5
S01008401,Families with dependent children: Youngest aged 5 to 11,31,25,22,22,0,3,3,0,6,0,6
S01008401,Families with dependent children: Youngest aged 12 to 18,33,28,28,27,1,0,0,0,5,1,4
S01008402,All families in households,333,315,307,301,6,8,8,0,18,5,13
S01008402,Families with no dependent children,218,207,201,198,3,6,6,0,11,3,8
S01008402,Families with dependent children: Total,115,108,106,103,3,2,2,0,7,2,5
S01008402,Families with dependent children: Youngest aged 0 to 4,18,18,17,17,0,1,1,0,0,0,0
S01008402,Families with dependent children: Youngest aged 5 to 11,52,49,48,46,2,1,1,0,3,1,2
S01008402,Families with dependent children: Youngest aged 12 to 18,45,41,41,40,1,0,0,0,4,1,3
S01008403,All families in households,178,165,155,154,1,10,9,1,13,2,11
S01008403,Families with no dependent children,95,88,83,82,1,5,5,0,7,1,6
S01008403,Families with dependent children: Total,83,77,72,72,0,5,4,1,6,1,5
S01008403,Families with dependent children: Youngest aged 0 to 4,28,27,24,24,0,3,3,0,1,0,1
S01008403,Families with dependent children: Youngest aged 5 to 11,29,27,26,26,0,1,0,1,2,0,2
S01008403,Families with dependent children: Youngest aged 12 to 18,26,23,22,22,0,1,1,0,3,1,2
S01008404,All families in households,261,246,233,221,12,13,13,0,15,1,14
S01008404,Families with no dependent children,146,141,134,130,4,7,7,0,5,1,4
S01008404,Families with dependent children: Total,115,105,99,91,8,6,6,0,10,0,10
S01008404,Families with dependent children: Youngest aged 0 to 4,50,46,42,41,1,4,4,0,4,0,4
S01008404,Families with dependent children: Youngest aged 5 to 11,27,25,24,20,4,1,1,0,2,0,2
S01008404,Families with dependent children: Youngest aged 12 to 18,38,34,33,30,3,1,1,0,4,0,4
S01008405,All families in households,227,203,193,192,1,10,8,2,24,7,17
S01008405,Families with no dependent children,125,113,107,107,0,6,5,1,12,5,7
S01008405,Families with dependent children: Total,102,90,86,85,1,4,3,1,12,2,10
S01008405,Families with dependent children: Youngest aged 0 to 4,29,27,25,24,1,2,2,0,2,0,2
S01008405,Families with dependent children: Youngest aged 5 to 11,43,35,34,34,0,1,1,0,8,2,6
S01008405,Families with dependent children: Youngest aged 12 to 18,30,28,27,27,0,1,0,1,2,0,2
S01008406,All families in households,234,208,188,186,2,20,16,4,26,7,19
S01008406,Families with no dependent children,135,124,114,113,1,10,9,1,11,3,8
S01008406,Families with dependent children: Total,99,84,74,73,1,10,7,3,15,4,11
S01008406,Families with dependent children: Youngest aged 0 to 4,40,34,27,27,0,7,5,2,6,3,3
S01008406,Families with dependent children: Youngest aged 5 to 11,34,28,26,26,0,2,2,0,6,0,6
S01008406,Families with dependent children: Youngest aged 12 to 18,25,22,21,20,1,1,0,1,3,1,2
S01008407,All families in households,123,100,86,85,1,14,13,1,23,2,21
S01008407,Families with no dependent children,76,67,58,58,0,9,9,0,9,2,7
S01008407,Families with dependent children: Total,47,33,28,27,1,5,4,1,14,0,14
S01008407,Families with dependent children: Youngest aged 0 to 4,17,11,10,10,0,1,1,0,6,0,6
S01008407,Families with dependent children: Youngest aged 5 to 11,16,11,9,8,1,2,2,0,5,0,5
S01008407,Families with dependent children: Youngest aged 12 to 18,14,11,9,9,0,2,1,1,3,0,3
S01008408,All families in households,187,156,140,138,2,16,15,1,31,4,27
S01008408,Families with no dependent children,84,76,68,67,1,8,8,0,8,1,7
S01008408,Families with dependent children: Total,103,80,72,71,1,8,7,1,23,3,20
S01008408,Families with dependent children: Youngest aged 0 to 4,36,33,30,30,0,3,3,0,3,0,3
S01008408,Families with dependent children: Youngest aged 5 to 11,38,31,27,27,0,4,4,0,7,0,7
S01008408,Families with dependent children: Youngest aged 12 to 18,29,16,15,14,1,1,0,1,13,3,10
S01008409,All families in households,226,173,149,144,5,24,19,5,53,3,50
S01008409,Families with no dependent children,126,113,99,99,0,14,12,2,13,2,11
S01008409,Families with dependent children: Total,100,60,50,45,5,10,7,3,40,1,39
S01008409,Families with dependent children: Youngest aged 0 to 4,31,20,18,17,1,2,2,0,11,0,11
S01008409,Families with dependent children: Youngest aged 5 to 11,36,23,19,16,3,4,2,2,13,0,13
S01008409,Families with dependent children: Youngest aged 12 to 18,33,17,13,12,1,4,3,1,16,1,15
S01008410,All families in households,159,135,120,117,3,15,15,0,24,2,22
S01008410,Families with no dependent children,104,93,84,82,2,9,9,0,11,1,10
S01008410,Families with dependent children: Total,55,42,36,35,1,6,6,0,13,1,12
S01008410,Families with dependent children: Youngest aged 0 to 4,19,16,14,13,1,2,2,0,3,0,3
S01008410,Families with dependent children: Youngest aged 5 to 11,19,15,13,13,0,2,2,0,4,0,4
S01008410,Families with dependent children: Youngest aged 12 to 18,17,11,9,9,0,2,2,0,6,1,5
S01008411,All families in households,175,150,128,126,2,22,13,9,25,1,24
S01008411,Families with no dependent children,105,93,80,79,1,13,8,5,12,0,12
S01008411,Families with dependent children: Total,70,57,48,47,1,9,5,4,13,1,12
S01008411,Families with dependent children: Youngest aged 0 to 4,27,23,17,16,1,6,3,3,4,0,4
S01008411,Families with dependent children: Youngest aged 5 to 11,27,21,18,18,0,3,2,1,6,1,5
S01008411,Families with dependent children: Youngest aged 12 to 18,16,13,13,13,0,0,0,0,3,0,3
S01008412,All families in households,190,155,143,140,3,12,8,4,35,3,32
S01008412,Families with no dependent children,91,82,76,73,3,6,6,0,9,2,7
S01008412,Families with dependent children: Total,99,73,67,67,0,6,2,4,26,1,25
S01008412,Families with dependent children: Youngest aged 0 to 4,26,18,15,15,0,3,1,2,8,0,8
S01008412,Families with dependent children: Youngest aged 5 to 11,22,20,19,19,0,1,1,0,2,0,2
S01008412,Families with dependent children: Youngest aged 12 to 18,51,35,33,33,0,2,0,2,16,1,15
S01008413,All families in households,155,123,110,104,6,13,13,0,32,3,29
S01008413,Families with no dependent children,94,76,66,63,3,10,10,0,18,2,16
S01008413,Families with dependent children: Total,61,47,44,41,3,3,3,0,14,1,13
S01008413,Families with dependent children: Youngest aged 0 to 4,20,17,16,16,0,1,1,0,3,0,3
S01008413,Families with dependent children: Youngest aged 5 to 11,19,13,11,11,0,2,2,0,6,0,6
S01008413,Families with dependent children: Youngest aged 12 to 18,22,17,17,14,3,0,0,0,5,1,4
S01008414,All families in households,130,117,115,114,1,2,2,0,13,1,12
S01008414,Families with no dependent children,71,66,64,64,0,2,2,0,5,1,4
S01008414,Families with dependent children: Total,59,51,51,50,1,0,0,0,8,0,8
S01008414,Families with dependent children: Youngest aged 0 to 4,25,22,22,22,0,0,0,0,3,0,3
S01008414,Families with dependent children: Youngest aged 5 to 11,15,11,11,11,0,0,0,0,4,0,4
S01008414,Families with dependent children: Youngest aged 12 to 18,19,18,18,17,1,0,0,0,1,0,1
S01008415,All families in households,229,182,159,155,4,23,20,3,47,6,41
S01008415,Families with no dependent children,122,104,89,89,0,15,14,1,18,5,13
S01008415,Families with dependent children: Total,107,78,70,66,4,8,6,2,29,1,28
S01008415,Families with dependent children: Youngest aged 0 to 4,30,22,19,18,1,3,2,1,8,0,8
S01008415,Families with dependent children: Youngest aged 5 to 11,43,36,32,29,3,4,3,1,7,0,7
S01008415,Families with dependent children: Youngest aged 12 to 18,34,20,19,19,0,1,1,0,14,1,13
S01008416,All families in households,254,190,149,145,4,41,36,5,64,4,60
S01008416,Families with no dependent children,134,114,92,91,1,22,22,0,20,2,18
S01008416,Families with dependent children: Total,120,76,57,54,3,19,14,5,44,2,42
S01008416,Families with dependent children: Youngest aged 0 to 4,35,25,15,15,0,10,7,3,10,0,10
S01008416,Families with dependent children: Youngest aged 5 to 11,37,22,16,16,0,6,5,1,15,1,14
S01008416,Families with dependent children: Youngest aged 12 to 18,48,29,26,23,3,3,2,1,19,1,18
S01008417,All families in households,231,213,200,194,6,13,8,5,18,4,14
S01008417,Families with no dependent children,140,136,127,126,1,9,8,1,4,1,3
S01008417,Families with dependent children: Total,91,77,73,68,5,4,0,4,14,3,11
S01008417,Families with dependent children: Youngest aged 0 to 4,21,18,17,16,1,1,0,1,3,0,3
S01008417,Families with dependent children: Youngest aged 5 to 11,41,37,34,30,4,3,0,3,4,1,3
S01008417,Families with dependent children: Youngest aged 12 to 18,29,22,22,22,0,0,0,0,7,2,5
S01008418,All families in households,212,194,178,178,0,16,16,0,18,6,12
S01008418,Families with no dependent children,142,129,122,122,0,7,7,0,13,5,8
S01008418,Families with dependent children: Total,70,65,56,56,0,9,9,0,5,1,4
S01008418,Families with dependent children: Youngest aged 0 to 4,32,31,25,25,0,6,6,0,1,0,1
S01008418,Families with dependent children: Youngest aged 5 to 11,22,21,19,19,0,2,2,0,1,0,1
S01008418,Families with dependent children: Youngest aged 12 to 18,16,13,12,12,0,1,1,0,3,1,2
S01008419,All families in households,135,124,115,112,3,9,6,3,11,3,8
S01008419,Families with no dependent children,62,57,51,51,0,6,5,1,5,2,3
S01008419,Families with dependent children: Total,73,67,64,61,3,3,1,2,6,1,5
S01008419,Families with dependent children: Youngest aged 0 to 4,21,21,21,20,1,0,0,0,0,0,0
S01008419,Families with dependent children: Youngest aged 5 to 11,30,26,26,25,1,0,0,0,4,1,3
S01008419,Families with dependent children: Youngest aged 12 to 18,22,20,17,16,1,3,1,2,2,0,2
S01008420,All families in households,155,139,131,127,4,8,7,1,16,1,15
S01008420,Families with no dependent children,100,92,86,86,0,6,6,0,8,1,7
S01008420,Families with dependent children: Total,55,47,45,41,4,2,1,1,8,0,8
S01008420,Families with dependent children: Youngest aged 0 to 4,20,16,16,15,1,0,0,0,4,0,4
S01008420,Families with dependent children: Youngest aged 5 to 11,18,17,15,13,2,2,1,1,1,0,1
S01008420,Families with dependent children: Youngest aged 12 to 18,17,14,14,13,1,0,0,0,3,0,3
S01008421,All families in households,242,189,151,149,2,38,29,9,53,9,44
S01008421,Families with no dependent children,121,103,86,85,1,17,17,0,18,4,14
S01008421,Families with dependent children: Total,121,86,65,64,1,21,12,9,35,5,30
S01008421,Families with dependent children: Youngest aged 0 to 4,46,41,31,31,0,10,8,2,5,2,3
S01008421,Families with dependent children: Youngest aged 5 to 11,47,28,21,21,0,7,3,4,19,1,18
S01008421,Families with dependent children: Youngest aged 12 to 18,28,17,13,12,1,4,1,3,11,2,9
S01008422,All families in households,194,187,176,169,7,11,7,4,7,1,6
S01008422,Families with no dependent children,122,121,115,113,2,6,6,0,1,0,1
S01008422,Families with dependent children: Total,72,66,61,56,5,5,1,4,6,1,5
S01008422,Families with dependent children: Youngest aged 0 to 4,23,23,22,20,2,1,0,1,0,0,0
S01008422,Families with dependent children: Youngest aged 5 to 11,31,29,25,23,2,4,1,3,2,1,1
S01008422,Families with dependent children: Youngest aged 12 to 18,18,14,14,13,1,0,0,0,4,0,4
S01008423,All families in households,325,308,284,278,6,24,20,4,17,3,14
S01008423,Families with no dependent children,175,165,153,153,0,12,11,1,10,3,7
S01008423,Families with dependent children: Total,150,143,131,125,6,12,9,3,7,0,7
S01008423,Families with dependent children: Youngest aged 0 to 4,37,37,31,30,1,6,6,0,0,0,0
S01008423,Families with dependent children: Youngest aged 5 to 11,57,53,50,49,1,3,1,2,4,0,4
S01008423,Families with dependent children: Youngest aged 12 to 18,56,53,50,46,4,3,2,1,3,0,3
S01008424,All families in households,274,262,249,243,6,13,12,1,12,2,10
S01008424,Families with no dependent children,183,179,171,170,1,8,8,0,4,1,3
S01008424,Families with dependent children: Total,91,83,78,73,5,5,4,1,8,1,7
S01008424,Families with dependent children: Youngest aged 0 to 4,30,28,25,24,1,3,2,1,2,1,1
S01008424,Families with dependent children: Youngest aged 5 to 11,27,25,24,22,2,1,1,0,2,0,2
S01008424,Families with dependent children: Youngest aged 12 to 18,34,30,29,27,2,1,1,0,4,0,4
S01008425,All families in households,297,270,242,236,6,28,23,5,27,2,25
S01008425,Families with no dependent children,201,184,167,164,3,17,16,1,17,1,16
S01008425,Families with dependent children: Total,96,86,75,72,3,11,7,4,10,1,9
S01008425,Families with dependent children: Youngest aged 0 to 4,28,28,21,21,0,7,5,2,0,0,0
S01008425,Families with dependent children: Youngest aged 5 to 11,35,31,27,26,1,4,2,2,4,1,3
S01008425,Families with dependent children: Youngest aged 12 to 18,33,27,27,25,2,0,0,0,6,0,6
S01008426,All families in households,174,126,108,106,2,18,14,4,48,6,42
S01008426,Families with no dependent children,106,81,71,71,0,10,8,2,25,4,21
S01008426,Families with dependent children: Total,68,45,37,35,2,8,6,2,23,2,21
S01008426,Families with dependent children: Youngest aged 0 to 4,25,19,16,15,1,3,3,0,6,0,6
S01008426,Families with dependent children: Youngest aged 5 to 11,17,14,10,10,0,4,2,2,3,0,3
S01008426,Families with dependent children: Youngest aged 12 to 18,26,12,11,10,1,1,1,0,14,2,12
S01008427,All families in households,346,313,275,268,7,38,34,4,33,7,26
S01008427,Families with no dependent children,199,184,160,158,2,24,24,0,15,4,11
S01008427,Families with dependent children: Total,147,129,115,110,5,14,10,4,18,3,15
S01008427,Families with dependent children: Youngest aged 0 to 4,58,55,46,46,0,9,8,1,3,0,3
S01008427,Families with dependent children: Youngest aged 5 to 11,39,34,32,29,3,2,0,2,5,1,4
S01008427,Families with dependent children: Youngest aged 12 to 18,50,40,37,35,2,3,2,1,10,2,8
S01008428,All families in households,192,152,132,125,7,20,14,6,40,10,30
S01008428,Families with no dependent children,117,101,91,87,4,10,8,2,16,4,12
S01008428,Families with dependent children: Total,75,51,41,38,3,10,6,4,24,6,18
S01008428,Families with dependent children: Youngest aged 0 to 4,32,26,20,18,2,6,5,1,6,1,5
S01008428,Families with dependent children: Youngest aged 5 to 11,18,12,10,9,1,2,0,2,6,3,3
S01008428,Families with dependent children: Youngest aged 12 to 18,25,13,11,11,0,2,1,1,12,2,10
S01008429,All families in households,265,243,224,220,4,19,15,4,22,5,17
S01008429,Families with no dependent children,172,161,149,149,0,12,12,0,11,4,7
S01008429,Families with dependent children: Total,93,82,75,71,4,7,3,4,11,1,10
S01008429,Families with dependent children: Youngest aged 0 to 4,27,25,22,22,0,3,2,1,2,0,2
S01008429,Families with dependent children: Youngest aged 5 to 11,34,29,26,24,2,3,1,2,5,1,4
S01008429,Families with dependent children: Youngest aged 12 to 18,32,28,27,25,2,1,0,1,4,0,4
S01008430,All families in households,206,183,161,158,3,22,13,9,23,2,21
S01008430,Families with no dependent children,129,119,106,104,2,13,11,2,10,1,9
S01008430,Families with dependent children: Total,77,64,55,54,1,9,2,7,13,1,12
S01008430,Families with dependent children: Youngest aged 0 to 4,21,19,15,14,1,4,2,2,2,0,2
S01008430,Families with dependent children: Youngest aged 5 to 11,23,19,17,17,0,2,0,2,4,0,4
S01008430,Families with dependent children: Youngest aged 12 to 18,33,26,23,23,0,3,0,3,7,1,6
S01008431,All families in households,256,232,216,209,7,16,14,2,24,2,22
S01008431,Families with no dependent children,155,145,139,139,0,6,6,0,10,1,9
S01008431,Families with dependent children: Total,101,87,77,70,7,10,8,2,14,1,13
S01008431,Families with dependent children: Youngest aged 0 to 4,30,26,21,19,2,5,5,0,4,0,4
S01008431,Families with dependent children: Youngest aged 5 to 11,31,26,25,24,1,1,1,0,5,1,4
S01008431,Families with dependent children: Youngest aged 12 to 18,40,35,31,27,4,4,2,2,5,0,5
S01008432,All families in households,230,208,198,194,4,10,9,1,22,6,16
S01008432,Families with no dependent children,151,145,140,140,0,5,4,1,6,1,5
S01008432,Families with dependent children: Total,79,63,58,54,4,5,5,0,16,5,11
S01008432,Families with dependent children: Youngest aged 0 to 4,29,22,19,19,0,3,3,0,7,2,5
S01008432,Families with dependent children: Youngest aged 5 to 11,25,22,21,18,3,1,1,0,3,1,2
S01008432,Families with dependent children: Youngest aged 12 to 18,25,19,18,17,1,1,1,0,6,2,4
S01008433,All families in households,270,250,226,223,3,24,21,3,20,5,15
S01008433,Families with no dependent children,187,175,157,157,0,18,16,2,12,5,7
S01008433,Families with dependent children: Total,83,75,69,66,3,6,5,1,8,0,8
S01008433,Families with dependent children: Youngest aged 0 to 4,31,30,28,28,0,2,2,0,1,0,1
S01008433,Families with dependent children: Youngest aged 5 to 11,26,23,20,20,0,3,3,0,3,0,3
S01008433,Families with dependent children: Youngest aged 12 to 18,26,22,21,18,3,1,0,1,4,0,4
S01008434,All families in households,262,230,215,210,5,15,12,3,32,5,27
S01008434,Families with no dependent children,166,154,145,144,1,9,7,2,12,2,10
S01008434,Families with dependent children: Total,96,76,70,66,4,6,5,1,20,3,17
S01008434,Families with dependent children: Youngest aged 0 to 4,30,23,19,17,2,4,4,0,7,1,6
S01008434,Families with dependent children: Youngest aged 5 to 11,34,27,26,26,0,1,1,0,7,2,5
S01008434,Families with dependent children: Youngest aged 12 to 18,32,26,25,23,2,1,0,1,6,0,6
S01008435,All families in households,254,231,214,210,4,17,14,3,23,5,18
S01008435,Families with no dependent children,175,160,148,148,0,12,10,2,15,5,10
S01008435,Families with dependent children: Total,79,71,66,62,4,5,4,1,8,0,8
S01008435,Families with dependent children: Youngest aged 0 to 4,23,19,18,18,0,1,1,0,4,0,4
S01008435,Families with dependent children: Youngest aged 5 to 11,27,24,22,20,2,2,2,0,3,0,3
S01008435,Families with dependent children: Youngest aged 12 to 18,29,28,26,24,2,2,1,1,1,0,1
S01008436,All families in households,257,226,201,196,5,25,20,5,31,4,27
S01008436,Families with no dependent children,151,137,119,119,0,18,17,1,14,2,12
S01008436,Families with dependent children: Total,106,89,82,77,5,7,3,4,17,2,15
S01008436,Families with dependent children: Youngest aged 0 to 4,37,32,30,29,1,2,2,0,5,0,5
S01008436,Families with dependent children: Youngest aged 5 to 11,31,26,24,23,1,2,1,1,5,1,4
S01008436,Families with dependent children: Youngest aged 12 to 18,38,31,28,25,3,3,0,3,7,1,6
S01008437,All families in households,197,171,134,132,2,37,31,6,26,4,22
S01008437,Families with no dependent children,126,117,89,87,2,28,25,3,9,2,7
S01008437,Families with dependent children: Total,71,54,45,45,0,9,6,3,17,2,15
S01008437,Families with dependent children: Youngest aged 0 to 4,19,18,14,14,0,4,4,0,1,0,1
S01008437,Families with dependent children: Youngest aged 5 to 11,33,21,17,17,0,4,2,2,12,2,10
S01008437,Families with dependent children: Youngest aged 12 to 18,19,15,14,14,0,1,0,1,4,0,4
S01008438,All families in households,127,119,104,102,2,15,12,3,8,1,7
S01008438,Families with no dependent children,71,68,58,56,2,10,8,2,3,0,3
S01008438,Families with dependent children: Total,56,51,46,46,0,5,4,1,5,1,4
S01008438,Families with dependent children: Youngest aged 0 to 4,19,18,13,13,0,5,4,1,1,0,1
S01008438,Families with dependent children: Youngest aged 5 to 11,14,13,13,13,0,0,0,0,1,0,1
S01008438,Families with dependent children: Youngest aged 12 to 18,23,20,20,20,0,0,0,0,3,1,2
S01008439,All families in households,337,307,292,287,5,15,12,3,30,8,22
S01008439,Families with no dependent children,167,158,148,146,2,10,10,0,9,5,4
S01008439,Families with dependent children: Total,170,149,144,141,3,5,2,3,21,3,18
S01008439,Families with dependent children: Youngest aged 0 to 4,53,48,48,48,0,0,0,0,5,0,5
S01008439,Families with dependent children: Youngest aged 5 to 11,67,58,55,52,3,3,2,1,9,1,8
S01008439,Families with dependent children: Youngest aged 12 to 18,50,43,41,41,0,2,0,2,7,2,5
S01008440,All families in households,319,296,284,277,7,12,11,1,23,4,19
S01008440,Families with no dependent children,196,185,177,175,2,8,8,0,11,4,7
S01008440,Families with dependent children: Total,123,111,107,102,5,4,3,1,12,0,12
S01008440,Families with dependent children: Youngest aged 0 to 4,32,31,29,28,1,2,2,0,1,0,1
S01008440,Families with dependent children: Youngest aged 5 to 11,42,40,40,38,2,0,0,0,2,0,2
S01008440,Families with dependent children: Youngest aged 12 to 18,49,40,38,36,2,2,1,1,9,0,9
S01008441,All families in households,147,134,128,125,3,6,5,1,13,3,10
S01008441,Families with no dependent children,88,82,77,76,1,5,4,1,6,1,5
S01008441,Families with dependent children: Total,59,52,51,49,2,1,1,0,7,2,5
S01008441,Families with dependent children: Youngest aged 0 to 4,22,22,21,20,1,1,1,0,0,0,0
S01008441,Families with dependent children: Youngest aged 5 to 11,22,20,20,19,1,0,0,0,2,0,2
S01008441,Families with dependent children: Youngest aged 12 to 18,15,10,10,10,0,0,0,0,5,2,3
S01008442,All families in households,210,192,166,163,3,26,25,1,18,4,14
S01008442,Families with no dependent children,121,117,95,94,1,22,21,1,4,2,2
S01008442,Families with dependent children: Total,89,75,71,69,2,4,4,0,14,2,12
S01008442,Families with dependent children: Youngest aged 0 to 4,39,35,32,32,0,3,3,0,4,0,4
S01008442,Families with dependent children: Youngest aged 5 to 11,29,23,22,21,1,1,1,0,6,0,6
S01008442,Families with dependent children: Youngest aged 12 to 18,21,17,17,16,1,0,0,0,4,2,2
S01008443,All families in households,185,174,160,159,1,14,12,2,11,0,11
S01008443,Families with no dependent children,118,115,105,105,0,10,10,0,3,0,3
S01008443,Families with dependent children: Total,67,59,55,54,1,4,2,2,8,0,8
S01008443,Families with dependent children: Youngest aged 0 to 4,19,18,16,15,1,2,2,0,1,0,1
S01008443,Families with dependent children: Youngest aged 5 to 11,24,20,19,19,0,1,0,1,4,0,4
S01008443,Families with dependent children: Youngest aged 12 to 18,24,21,20,20,0,1,0,1,3,0,3
S01008444,All families in households,183,167,148,146,2,19,17,2,16,1,15
S01008444,Families with no dependent children,96,92,79,77,2,13,13,0,4,1,3
S01008444,Families with dependent children: Total,87,75,69,69,0,6,4,2,12,0,12
S01008444,Families with dependent children: Youngest aged 0 to 4,34,30,28,28,0,2,2,0,4,0,4
S01008444,Families with dependent children: Youngest aged 5 to 11,24,21,21,21,0,0,0,0,3,0,3
S01008444,Families with dependent children: Youngest aged 12 to 18,29,24,20,20,0,4,2,2,5,0,5
S01008445,All families in households,235,219,213,204,9,6,5,1,16,2,14
S01008445,Families with no dependent children,111,103,99,97,2,4,4,0,8,1,7
S01008445,Families with dependent children: Total,124,116,114,107,7,2,1,1,8,1,7
S01008445,Families with dependent children: Youngest aged 0 to 4,65,63,61,59,2,2,1,1,2,0,2
S01008445,Families with dependent children: Youngest aged 5 to 11,43,38,38,34,4,0,0,0,5,1,4
S01008445,Families with dependent children: Youngest aged 12 to 18,16,15,15,14,1,0,0,0,1,0,1
S01008446,All families in households,243,226,217,213,4,9,8,1,17,2,15
S01008446,Families with no dependent children,138,132,128,128,0,4,4,0,6,1,5
S01008446,Families with dependent children: Total,105,94,89,85,4,5,4,1,11,1,10
S01008446,Families with dependent children: Youngest aged 0 to 4,34,33,32,32,0,1,1,0,1,0,1
S01008446,Families with dependent children: Youngest aged 5 to 11,45,38,37,37,0,1,1,0,7,1,6
S01008446,Families with dependent children: Youngest aged 12 to 18,26,23,20,16,4,3,2,1,3,0,3
S01008447,All families in households,223,210,191,187,4,19,16,3,13,4,9
S01008447,Families with no dependent children,144,139,129,126,3,10,8,2,5,2,3
S01008447,Families with dependent children: Total,79,71,62,61,1,9,8,1,8,2,6
S01008447,Families with dependent children: Youngest aged 0 to 4,33,32,30,30,0,2,2,0,1,0,1
S01008447,Families with dependent children: Youngest aged 5 to 11,21,16,12,12,0,4,4,0,5,1,4
S01008447,Families with dependent children: Youngest aged 12 to 18,25,23,20,19,1,3,2,1,2,1,1
S01008448,All families in households,240,223,198,193,5,25,23,2,17,4,13
S01008448,Families with no dependent children,153,144,129,127,2,15,15,0,9,2,7
S01008448,Families with dependent children: Total,87,79,69,66,3,10,8,2,8,2,6
S01008448,Families with dependent children: Youngest aged 0 to 4,30,28,22,20,2,6,4,2,2,0,2
S01008448,Families with dependent children: Youngest aged 5 to 11,28,25,22,22,0,3,3,0,3,2,1
S01008448,Families with dependent children: Youngest aged 12 to 18,29,26,25,24,1,1,1,0,3,0,3
S01008449,All families in households,198,127,86,76,10,41,31,10,71,3,68
S01008449,Families with no dependent children,77,63,43,41,2,20,16,4,14,2,12
S01008449,Families with dependent children: Total,121,64,43,35,8,21,15,6,57,1,56
S01008449,Families with dependent children: Youngest aged 0 to 4,53,32,17,15,2,15,14,1,21,0,21
S01008449,Families with dependent children: Youngest aged 5 to 11,32,15,13,11,2,2,0,2,17,1,16
S01008449,Families with dependent children: Youngest aged 12 to 18,36,17,13,9,4,4,1,3,19,0,19
S01008450,All families in households,150,69,46,42,4,23,21,2,81,12,69
S01008450,Families with no dependent children,46,32,23,23,0,9,7,2,14,2,12
S01008450,Families with dependent children: Total,104,37,23,19,4,14,14,0,67,10,57
S01008450,Families with dependent children: Youngest aged 0 to 4,50,21,11,9,2,10,10,0,29,1,28
S01008450,Families with dependent children: Youngest aged 5 to 11,40,9,7,5,2,2,2,0,31,8,23
S01008450,Families with dependent children: Youngest aged 12 to 18,14,7,5,5,0,2,2,0,7,1,6
S01008451,All families in households,165,83,59,51,8,24,19,5,82,10,72
S01008451,Families with no dependent children,50,37,26,24,2,11,11,0,13,3,10
S01008451,Families with dependent children: Total,115,46,33,27,6,13,8,5,69,7,62
S01008451,Families with dependent children: Youngest aged 0 to 4,40,18,15,12,3,3,1,2,22,0,22
S01008451,Families with dependent children: Youngest aged 5 to 11,41,14,11,10,1,3,1,2,27,4,23
S01008451,Families with dependent children: Youngest aged 12 to 18,34,14,7,5,2,7,6,1,20,3,17
S01008452,All families in households,143,79,53,49,4,26,20,6,64,6,58
S01008452,Families with no dependent children,47,36,22,20,2,14,14,0,11,0,11
S01008452,Families with dependent children: Total,96,43,31,29,2,12,6,6,53,6,47
S01008452,Families with dependent children: Youngest aged 0 to 4,39,17,11,11,0,6,4,2,22,0,22
S01008452,Families with dependent children: Youngest aged 5 to 11,31,11,10,10,0,1,1,0,20,4,16
S01008452,Families with dependent children: Youngest aged 12 to 18,26,15,10,8,2,5,1,4,11,2,9
S01008453,All families in households,139,102,58,55,3,44,37,7,37,6,31
S01008453,Families with no dependent children,62,55,29,27,2,26,26,0,7,0,7
S01008453,Families with dependent children: Total,77,47,29,28,1,18,11,7,30,6,24
S01008453,Families with dependent children: Youngest aged 0 to 4,47,31,18,18,0,13,9,4,16,2,14
S01008453,Families with dependent children: Youngest aged 5 to 11,16,9,5,5,0,4,2,2,7,4,3
S01008453,Families with dependent children: Youngest aged 12 to 18,14,7,6,5,1,1,0,1,7,0,7
S01008454,All families in households,239,127,89,77,12,38,26,12,112,4,108
S01008454,Families with no dependent children,86,59,39,36,3,20,15,5,27,3,24
S01008454,Families with dependent children: Total,153,68,50,41,9,18,11,7,85,1,84
S01008454,Families with dependent children: Youngest aged 0 to 4,53,22,16,14,2,6,4,2,31,0,31
S01008454,Families with dependent children: Youngest aged 5 to 11,45,22,18,14,4,4,3,1,23,0,23
S01008454,Families with dependent children: Youngest aged 12 to 18,55,24,16,13,3,8,4,4,31,1,30
S01008455,All families in households,257,157,97,90,7,60,49,11,100,20,80
S01008455,Families with no dependent children,121,98,61,58,3,37,36,1,23,5,18
S01008455,Families with dependent children: Total,136,59,36,32,4,23,13,10,77,15,62
S01008455,Families with dependent children: Youngest aged 0 to 4,74,38,25,23,2,13,8,5,36,3,33
S01008455,Families with dependent children: Youngest aged 5 to 11,31,8,2,2,0,6,5,1,23,7,16
S01008455,Families with dependent children: Youngest aged 12 to 18,31,13,9,7,2,4,0,4,18,5,13
S01008456,All families in households,248,151,97,93,4,54,50,4,97,8,89
S01008456,Families with no dependent children,104,78,53,50,3,25,25,0,26,2,24
S01008456,Families with dependent children: Total,144,73,44,43,1,29,25,4,71,6,65
S01008456,Families with dependent children: Youngest aged 0 to 4,91,51,30,30,0,21,21,0,40,3,37
S01008456,Families with dependent children: Youngest aged 5 to 11,29,13,8,7,1,5,3,2,16,2,14
S01008456,Families with dependent children: Youngest aged 12 to 18,24,9,6,6,0,3,1,2,15,1,14
S01008457,All families in households,155,104,73,67,6,31,26,5,51,3,48
S01008457,Families with no dependent children,97,76,58,56,2,18,16,2,21,2,19
S01008457,Families with dependent children: Total,58,28,15,11,4,13,10,3,30,1,29
S01008457,Families with dependent children: Youngest aged 0 to 4,34,17,9,6,3,8,7,1,17,0,17
S01008457,Families with dependent children: Youngest aged 5 to 11,12,5,3,3,0,2,2,0,7,0,7
S01008457,Families with dependent children: Youngest aged 12 to 18,12,6,3,2,1,3,1,2,6,1,5
S01008458,All families in households,277,197,156,146,10,41,34,7,80,7,73
S01008458,Families with no dependent children,145,125,99,96,3,26,23,3,20,3,17
S01008458,Families with dependent children: Total,132,72,57,50,7,15,11,4,60,4,56
S01008458,Families with dependent children: Youngest aged 0 to 4,74,36,25,19,6,11,9,2,38,1,37
S01008458,Families with dependent children: Youngest aged 5 to 11,28,17,15,15,0,2,2,0,11,0,11
S01008458,Families with dependent children: Youngest aged 12 to 18,30,19,17,16,1,2,0,2,11,3,8
S01008459,All families in households,181,115,76,69,7,39,38,1,66,8,58
S01008459,Families with no dependent children,91,71,47,43,4,24,24,0,20,5,15
S01008459,Families with dependent children: Total,90,44,29,26,3,15,14,1,46,3,43
S01008459,Families with dependent children: Youngest aged 0 to 4,44,24,15,14,1,9,9,0,20,1,19
S01008459,Families with dependent children: Youngest aged 5 to 11,25,12,8,7,1,4,4,0,13,1,12
S01008459,Families with dependent children: Youngest aged 12 to 18,21,8,6,5,1,2,1,1,13,1,12
S01008460,All families in households,203,90,54,49,5,36,30,6,113,16,97
S01008460,Families with no dependent children,66,43,31,29,2,12,11,1,23,5,18
S01008460,Families with dependent children: Total,137,47,23,20,3,24,19,5,90,11,79
S01008460,Families with dependent children: Youngest aged 0 to 4,69,24,9,9,0,15,13,2,45,2,43
S01008460,Families with dependent children: Youngest aged 5 to 11,39,17,8,6,2,9,6,3,22,2,20
S01008460,Families with dependent children: Youngest aged 12 to 18,29,6,6,5,1,0,0,0,23,7,16
S01008461,All families in households,241,129,77,65,12,52,43,9,112,8,104
S01008461,Families with no dependent children,93,74,47,43,4,27,27,0,19,3,16
S01008461,Families with dependent children: Total,148,55,30,22,8,25,16,9,93,5,88
S01008461,Families with dependent children: Youngest aged 0 to 4,79,34,17,14,3,17,13,4,45,3,42
S01008461,Families with dependent children: Youngest aged 5 to 11,37,12,6,4,2,6,3,3,25,1,24
S01008461,Families with dependent children: Youngest aged 12 to 18,32,9,7,4,3,2,0,2,23,1,22
S01008462,All families in households,113,78,52,49,3,26,25,1,35,0,35
S01008462,Families with no dependent children,70,58,38,37,1,20,19,1,12,0,12
S01008462,Families with dependent children: Total,43,20,14,12,2,6,6,0,23,0,23
S01008462,Families with dependent children: Youngest aged 0 to 4,19,8,6,5,1,2,2,0,11,0,11
S01008462,Families with dependent children: Youngest aged 5 to 11,9,5,2,2,0,3,3,0,4,0,4
S01008462,Families with dependent children: Youngest aged 12 to 18,15,7,6,5,1,1,1,0,8,0,8
S01008463,All families in households,165,105,66,64,2,39,33,6,60,9,51
S01008463,Families with no dependent children,81,61,41,40,1,20,19,1,20,7,13
S01008463,Families with dependent children: Total,84,44,25,24,1,19,14,5,40,2,38
S01008463,Families with dependent children: Youngest aged 0 to 4,53,28,15,15,0,13,11,2,25,1,24
S01008463,Families with dependent children: Youngest aged 5 to 11,18,10,5,4,1,5,2,3,8,1,7
S01008463,Families with dependent children: Youngest aged 12 to 18,13,6,5,5,0,1,1,0,7,0,7
S01008464,All families in households,256,183,149,149,0,34,32,2,73,6,67
S01008464,Families with no dependent children,149,132,111,111,0,21,20,1,17,3,14
S01008464,Families with dependent children: Total,107,51,38,38,0,13,12,1,56,3,53
S01008464,Families with dependent children: Youngest aged 0 to 4,55,25,16,16,0,9,9,0,30,1,29
S01008464,Families with dependent children: Youngest aged 5 to 11,32,16,13,13,0,3,2,1,16,2,14
S01008464,Families with dependent children: Youngest aged 12 to 18,20,10,9,9,0,1,1,0,10,0,10
S01008465,All families in households,231,167,123,120,3,44,42,2,64,4,60
S01008465,Families with no dependent children,145,123,94,94,0,29,28,1,22,3,19
S01008465,Families with dependent children: Total,86,44,29,26,3,15,14,1,42,1,41
S01008465,Families with dependent children: Youngest aged 0 to 4,34,17,12,11,1,5,5,0,17,0,17
S01008465,Families with dependent children: Youngest aged 5 to 11,35,20,11,10,1,9,8,1,15,1,14
S01008465,Families with dependent children: Youngest aged 12 to 18,17,7,6,5,1,1,1,0,10,0,10
S01008466,All families in households,220,156,115,111,4,41,39,2,64,7,57
S01008466,Families with no dependent children,118,103,80,78,2,23,23,0,15,2,13
S01008466,Families with dependent children: Total,102,53,35,33,2,18,16,2,49,5,44
S01008466,Families with dependent children: Youngest aged 0 to 4,49,25,17,16,1,8,8,0,24,1,23
S01008466,Families with dependent children: Youngest aged 5 to 11,26,13,7,6,1,6,5,1,13,2,11
S01008466,Families with dependent children: Youngest aged 12 to 18,27,15,11,11,0,4,3,1,12,2,10
S01008467,All families in households,245,202,160,156,4,42,37,5,43,2,41
S01008467,Families with no dependent children,146,136,115,113,2,21,21,0,10,2,8
S01008467,Families with dependent children: Total,99,66,45,43,2,21,16,5,33,0,33
S01008467,Families with dependent children: Youngest aged 0 to 4,44,27,15,15,0,12,11,1,17,0,17
S01008467,Families with dependent children: Youngest aged 5 to 11,34,21,15,13,2,6,3,3,13,0,13
S01008467,Families with dependent children: Youngest aged 12 to 18,21,18,15,15,0,3,2,1,3,0,3
S01008468,All families in households,175,125,102,95,7,23,19,4,50,4,46
S01008468,Families with no dependent children,86,73,58,55,3,15,15,0,13,3,10
S01008468,Families with dependent children: Total,89,52,44,40,4,8,4,4,37,1,36
S01008468,Families with dependent children: Youngest aged 0 to 4,42,23,17,16,1,6,4,2,19,1,18
S01008468,Families with dependent children: Youngest aged 5 to 11,23,14,13,10,3,1,0,1,9,0,9
S01008468,Families with dependent children: Youngest aged 12 to 18,24,15,14,14,0,1,0,1,9,0,9
S01008469,All families in households,155,130,105,98,7,25,22,3,25,2,23
S01008469,Families with no dependent children,92,84,65,62,3,19,17,2,8,2,6
S01008469,Families with dependent children: Total,63,46,40,36,4,6,5,1,17,0,17
S01008469,Families with dependent children: Youngest aged 0 to 4,31,27,22,20,2,5,4,1,4,0,4
S01008469,Families with dependent children: Youngest aged 5 to 11,17,10,9,8,1,1,1,0,7,0,7
S01008469,Families with dependent children: Youngest aged 12 to 18,15,9,9,8,1,0,0,0,6,0,6
S01008470,All families in households,198,138,101,91,10,37,31,6,60,11,49
S01008470,Families with no dependent children,107,83,67,64,3,16,16,0,24,6,18
S01008470,Families with dependent children: Total,91,55,34,27,7,21,15,6,36,5,31
S01008470,Families with dependent children: Youngest aged 0 to 4,29,21,11,9,2,10,7,3,8,1,7
S01008470,Families with dependent children: Youngest aged 5 to 11,35,16,10,9,1,6,5,1,19,1,18
S01008470,Families with dependent children: Youngest aged 12 to 18,27,18,13,9,4,5,3,2,9,3,6
S01008471,All families in households,231,122,83,77,6,39,27,12,109,13,96
S01008471,Families with no dependent children,98,69,52,50,2,17,15,2,29,6,23
S01008471,Families with dependent children: Total,133,53,31,27,4,22,12,10,80,7,73
S01008471,Families with dependent children: Youngest aged 0 to 4,55,28,15,13,2,13,8,5,27,0,27
S01008471,Families with dependent children: Youngest aged 5 to 11,51,15,10,9,1,5,3,2,36,2,34
S01008471,Families with dependent children: Youngest aged 12 to 18,27,10,6,5,1,4,1,3,17,5,12
S01008472,All families in households,188,140,101,94,7,39,36,3,48,5,43
S01008472,Families with no dependent children,97,84,61,59,2,23,23,0,13,2,11
S01008472,Families with dependent children: Total,91,56,40,35,5,16,13,3,35,3,32
S01008472,Families with dependent children: Youngest aged 0 to 4,43,30,20,18,2,10,9,1,13,2,11
S01008472,Families with dependent children: Youngest aged 5 to 11,28,14,10,8,2,4,3,1,14,0,14
S01008472,Families with dependent children: Youngest aged 12 to 18,20,12,10,9,1,2,1,1,8,1,7
S01008473,All families in households,193,124,90,79,11,34,28,6,69,13,56
S01008473,Families with no dependent children,98,72,48,46,2,24,22,2,26,8,18
S01008473,Families with dependent children: Total,95,52,42,33,9,10,6,4,43,5,38
S01008473,Families with dependent children: Youngest aged 0 to 4,32,19,15,12,3,4,3,1,13,3,10
S01008473,Families with dependent children: Youngest aged 5 to 11,35,20,16,14,2,4,3,1,15,1,14
S01008473,Families with dependent children: Youngest aged 12 to 18,28,13,11,7,4,2,0,2,15,1,14
S01008474,All families in households,197,132,88,85,3,44,40,4,65,8,57
S01008474,Families with no dependent children,114,91,65,65,0,26,26,0,23,5,18
S01008474,Families with dependent children: Total,83,41,23,20,3,18,14,4,42,3,39
S01008474,Families with dependent children: Youngest aged 0 to 4,45,25,13,12,1,12,10,2,20,0,20
S01008474,Families with dependent children: Youngest aged 5 to 11,21,7,4,2,2,3,1,2,14,2,12
S01008474,Families with dependent children: Youngest aged 12 to 18,17,9,6,6,0,3,3,0,8,1,7
S01008475,All families in households,158,100,71,69,2,29,28,1,58,1,57
S01008475,Families with no dependent children,85,71,52,50,2,19,19,0,14,1,13
S01008475,Families with dependent children: Total,73,29,19,19,0,10,9,1,44,0,44
S01008475,Families with dependent children: Youngest aged 0 to 4,37,15,10,10,0,5,5,0,22,0,22
S01008475,Families with dependent children: Youngest aged 5 to 11,20,9,5,5,0,4,3,1,11,0,11
S01008475,Families with dependent children: Youngest aged 12 to 18,16,5,4,4,0,1,1,0,11,0,11
S01008476,All families in households,184,141,94,94,0,47,41,6,43,7,36
S01008476,Families with no dependent children,118,103,73,73,0,30,30,0,15,4,11
S01008476,Families with dependent children: Total,66,38,21,21,0,17,11,6,28,3,25
S01008476,Families with dependent children: Youngest aged 0 to 4,35,22,10,10,0,12,9,3,13,0,13
S01008476,Families with dependent children: Youngest aged 5 to 11,15,8,4,4,0,4,1,3,7,0,7
S01008476,Families with dependent children: Youngest aged 12 to 18,16,8,7,7,0,1,1,0,8,3,5
S01008477,All families in households,197,140,100,99,1,40,35,5,57,5,52
S01008477,Families with no dependent children,129,107,76,76,0,31,30,1,22,4,18
S01008477,Families with dependent children: Total,68,33,24,23,1,9,5,4,35,1,34
S01008477,Families with dependent children: Youngest aged 0 to 4,37,20,16,16,0,4,2,2,17,1,16
S01008477,Families with dependent children: Youngest aged 5 to 11,19,7,6,6,0,1,1,0,12,0,12
S01008477,Families with dependent children: Youngest aged 12 to 18,12,6,2,1,1,4,2,2,6,0,6
S01008478,All families in households,188,139,100,99,1,39,32,7,49,5,44
S01008478,Families with no dependent children,107,91,65,65,0,26,25,1,16,2,14
S01008478,Families with dependent children: Total,81,48,35,34,1,13,7,6,33,3,30
S01008478,Families with dependent children: Youngest aged 0 to 4,32,26,20,19,1,6,5,1,6,0,6
S01008478,Families with dependent children: Youngest aged 5 to 11,31,17,11,11,0,6,2,4,14,0,14
S01008478,Families with dependent children: Youngest aged 12 to 18,18,5,4,4,0,1,0,1,13,3,10
S01008479,All families in households,218,152,99,93,6,53,45,8,66,5,61
S01008479,Families with no dependent children,133,112,74,72,2,38,36,2,21,4,17
S01008479,Families with dependent children: Total,85,40,25,21,4,15,9,6,45,1,44
S01008479,Families with dependent children: Youngest aged 0 to 4,45,20,14,13,1,6,5,1,25,1,24
S01008479,Families with dependent children: Youngest aged 5 to 11,26,15,8,6,2,7,3,4,11,0,11
S01008479,Families with dependent children: Youngest aged 12 to 18,14,5,3,2,1,2,1,1,9,0,9
S01008480,All families in households,177,118,69,64,5,49,47,2,59,5,54
S01008480,Families with no dependent children,103,86,49,48,1,37,37,0,17,3,14
S01008480,Families with dependent children: Total,74,32,20,16,4,12,10,2,42,2,40
S01008480,Families with dependent children: Youngest aged 0 to 4,34,16,10,10,0,6,6,0,18,0,18
S01008480,Families with dependent children: Youngest aged 5 to 11,27,10,7,3,4,3,2,1,17,0,17
S01008480,Families with dependent children: Youngest aged 12 to 18,13,6,3,3,0,3,2,1,7,2,5
S01008481,All families in households,299,211,179,170,9,32,23,9,88,10,78
S01008481,Families with no dependent children,170,135,121,121,0,14,13,1,35,4,31
S01008481,Families with dependent children: Total,129,76,58,49,9,18,10,8,53,6,47
S01008481,Families with dependent children: Youngest aged 0 to 4,45,20,12,11,1,8,6,2,25,1,24
S01008481,Families with dependent children: Youngest aged 5 to 11,35,22,18,16,2,4,1,3,13,2,11
S01008481,Families with dependent children: Youngest aged 12 to 18,49,34,28,22,6,6,3,3,15,3,12
S01008482,All families in households,180,137,103,103,0,34,31,3,43,2,41
S01008482,Families with no dependent children,112,99,78,78,0,21,20,1,13,1,12
S01008482,Families with dependent children: Total,68,38,25,25,0,13,11,2,30,1,29
S01008482,Families with dependent children: Youngest aged 0 to 4,33,18,13,13,0,5,5,0,15,0,15
S01008482,Families with dependent children: Youngest aged 5 to 11,14,10,5,5,0,5,3,2,4,0,4
S01008482,Families with dependent children: Youngest aged 12 to 18,21,10,7,7,0,3,3,0,11,1,10
S01008483,All families in households,161,134,93,83,10,41,34,7,27,2,25
S01008483,Families with no dependent children,110,103,71,67,4,32,30,2,7,1,6
S01008483,Families with dependent children: Total,51,31,22,16,6,9,4,5,20,1,19
S01008483,Families with dependent children: Youngest aged 0 to 4,19,11,7,7,0,4,3,1,8,1,7
S01008483,Families with dependent children: Youngest aged 5 to 11,20,14,11,8,3,3,1,2,6,0,6
S01008483,Families with dependent children: Youngest aged 12 to 18,12,6,4,1,3,2,0,2,6,0,6
S01008484,All families in households,226,188,154,150,4,34,28,6,38,4,34
S01008484,Families with no dependent children,146,127,109,107,2,18,18,0,19,3,16
S01008484,Families with dependent children: Total,80,61,45,43,2,16,10,6,19,1,18
S01008484,Families with dependent children: Youngest aged 0 to 4,32,26,19,18,1,7,6,1,6,1,5
S01008484,Families with dependent children: Youngest aged 5 to 11,27,19,15,15,0,4,3,1,8,0,8
S01008484,Families with dependent children: Youngest aged 12 to 18,21,16,11,10,1,5,1,4,5,0,5
S01008485,All families in households,286,253,209,196,13,44,37,7,33,2,31
S01008485,Families with no dependent children,153,145,117,116,1,28,27,1,8,1,7
S01008485,Families with dependent children: Total,133,108,92,80,12,16,10,6,25,1,24
S01008485,Families with dependent children: Youngest aged 0 to 4,61,56,44,36,8,12,9,3,5,0,5
S01008485,Families with dependent children: Youngest aged 5 to 11,46,35,31,29,2,4,1,3,11,0,11
S01008485,Families with dependent children: Youngest aged 12 to 18,26,17,17,15,2,0,0,0,9,1,8
S01008486,All families in households,230,190,165,161,4,25,21,4,40,7,33
S01008486,Families with no dependent children,162,147,132,129,3,15,13,2,15,4,11
S01008486,Families with dependent children: Total,68,43,33,32,1,10,8,2,25,3,22
S01008486,Families with dependent children: Youngest aged 0 to 4,26,18,11,11,0,7,6,1,8,0,8
S01008486,Families with dependent children: Youngest aged 5 to 11,18,10,9,9,0,1,1,0,8,2,6
S01008486,Families with dependent children: Youngest aged 12 to 18,24,15,13,12,1,2,1,1,9,1,8
S01008487,All families in households,191,167,101,99,2,66,65,1,24,3,21
S01008487,Families with no dependent children,127,122,62,62,0,60,59,1,5,0,5
S01008487,Families with dependent children: Total,64,45,39,37,2,6,6,0,19,3,16
S01008487,Families with dependent children: Youngest aged 0 to 4,37,27,24,24,0,3,3,0,10,1,9
S01008487,Families with dependent children: Youngest aged 5 to 11,15,9,8,7,1,1,1,0,6,2,4
S01008487,Families with dependent children: Youngest aged 12 to 18,12,9,7,6,1,2,2,0,3,0,3
S01008488,All families in households,188,149,102,97,5,47,45,2,39,6,33
S01008488,Families with no dependent children,125,107,66,64,2,41,40,1,18,5,13
S01008488,Families with dependent children: Total,63,42,36,33,3,6,5,1,21,1,20
S01008488,Families with dependent children: Youngest aged 0 to 4,32,23,18,18,0,5,4,1,9,0,9
S01008488,Families with dependent children: Youngest aged 5 to 11,18,12,11,10,1,1,1,0,6,1,5
S01008488,Families with dependent children: Youngest aged 12 to 18,13,7,7,5,2,0,0,0,6,0,6
S01008489,All families in households,173,135,117,109,8,18,18,0,38,4,34
S01008489,Families with no dependent children,111,95,81,76,5,14,14,0,16,3,13
S01008489,Families with dependent children: Total,62,40,36,33,3,4,4,0,22,1,21
S01008489,Families with dependent children: Youngest aged 0 to 4,16,10,10,10,0,0,0,0,6,1,5
S01008489,Families with dependent children: Youngest aged 5 to 11,24,17,13,10,3,4,4,0,7,0,7
S01008489,Families with dependent children: Youngest aged 12 to 18,22,13,13,13,0,0,0,0,9,0,9
S01008490,All families in households,213,170,107,106,1,63,60,3,43,7,36
S01008490,Families with no dependent children,143,124,75,75,0,49,49,0,19,4,15
S01008490,Families with dependent children: Total,70,46,32,31,1,14,11,3,24,3,21
S01008490,Families with dependent children: Youngest aged 0 to 4,34,27,17,17,0,10,9,1,7,1,6
S01008490,Families with dependent children: Youngest aged 5 to 11,19,9,7,6,1,2,1,1,10,1,9
S01008490,Families with dependent children: Youngest aged 12 to 18,17,10,8,8,0,2,1,1,7,1,6
S01008491,All families in households,206,169,92,88,4,77,67,10,37,5,32
S01008491,Families with no dependent children,136,116,58,58,0,58,56,2,20,3,17
S01008491,Families with dependent children: Total,70,53,34,30,4,19,11,8,17,2,15
S01008491,Families with dependent children: Youngest aged 0 to 4,41,37,26,25,1,11,8,3,4,0,4
S01008491,Families with dependent children: Youngest aged 5 to 11,12,7,2,1,1,5,3,2,5,0,5
S01008491,Families with dependent children: Youngest aged 12 to 18,17,9,6,4,2,3,0,3,8,2,6
S01008492,All families in households,238,179,69,68,1,110,107,3,59,7,52
S01008492,Families with no dependent children,152,138,46,46,0,92,92,0,14,3,11
S01008492,Families with dependent children: Total,86,41,23,22,1,18,15,3,45,4,41
S01008492,Families with dependent children: Youngest aged 0 to 4,47,29,18,18,0,11,10,1,18,0,18
S01008492,Families with dependent children: Youngest aged 5 to 11,17,5,2,1,1,3,3,0,12,1,11
S01008492,Families with dependent children: Youngest aged 12 to 18,22,7,3,3,0,4,2,2,15,3,12
S01008493,All families in households,185,140,98,94,4,42,35,7,45,5,40
S01008493,Families with no dependent children,113,99,69,66,3,30,27,3,14,5,9
S01008493,Families with dependent children: Total,72,41,29,28,1,12,8,4,31,0,31
S01008493,Families with dependent children: Youngest aged 0 to 4,30,19,14,14,0,5,3,2,11,0,11
S01008493,Families with dependent children: Youngest aged 5 to 11,19,9,5,4,1,4,3,1,10,0,10
S01008493,Families with dependent children: Youngest aged 12 to 18,23,13,10,10,0,3,2,1,10,0,10
S01008494,All families in households,168,128,72,70,2,56,56,0,40,6,34
S01008494,Families with no dependent children,113,102,50,50,0,52,52,0,11,3,8
S01008494,Families with dependent children: Total,55,26,22,20,2,4,4,0,29,3,26
S01008494,Families with dependent children: Youngest aged 0 to 4,35,18,14,13,1,4,4,0,17,1,16
S01008494,Families with dependent children: Youngest aged 5 to 11,11,6,6,5,1,0,0,0,5,1,4
S01008494,Families with dependent children: Youngest aged 12 to 18,9,2,2,2,0,0,0,0,7,1,6
S01008495,All families in households,184,169,68,68,0,101,98,3,15,4,11
S01008495,Families with no dependent children,146,141,53,53,0,88,88,0,5,2,3
S01008495,Families with dependent children: Total,38,28,15,15,0,13,10,3,10,2,8
S01008495,Families with dependent children: Youngest aged 0 to 4,26,22,11,11,0,11,10,1,4,0,4
S01008495,Families with dependent children: Youngest aged 5 to 11,8,3,2,2,0,1,0,1,5,2,3
S01008495,Families with dependent children: Youngest aged 12 to 18,4,3,2,2,0,1,0,1,1,0,1
S01008496,All families in households,176,164,69,68,1,95,95,0,12,5,7
S01008496,Families with no dependent children,148,146,56,56,0,90,90,0,2,2,0
S01008496,Families with dependent children: Total,28,18,13,12,1,5,5,0,10,3,7
S01008496,Families with dependent children: Youngest aged 0 to 4,16,13,9,9,0,4,4,0,3,0,3
S01008496,Families with dependent children: Youngest aged 5 to 11,3,3,2,2,0,1,1,0,0,0,0
S01008496,Families with dependent children: Youngest aged 12 to 18,9,2,2,1,1,0,0,0,7,3,4
S01008497,All families in households,151,144,69,69,0,75,74,1,7,0,7
S01008497,Families with no dependent children,124,121,50,50,0,71,70,1,3,0,3
S01008497,Families with dependent children: Total,27,23,19,19,0,4,4,0,4,0,4
S01008497,Families with dependent children: Youngest aged 0 to 4,21,18,15,15,0,3,3,0,3,0,3
S01008497,Families with dependent children: Youngest aged 5 to 11,4,3,2,2,0,1,1,0,1,0,1
S01008497,Families with dependent children: Youngest aged 12 to 18,2,2,2,2,0,0,0,0,0,0,0
S01008498,All families in households,131,119,57,57,0,62,60,2,12,1,11
S01008498,Families with no dependent children,98,96,39,39,0,57,56,1,2,0,2
S01008498,Families with dependent children: Total,33,23,18,18,0,5,4,1,10,1,9
S01008498,Families with dependent children: Youngest aged 0 to 4,21,17,14,14,0,3,3,0,4,1,3
S01008498,Families with dependent children: Youngest aged 5 to 11,7,4,3,3,0,1,1,0,3,0,3
S01008498,Families with dependent children: Youngest aged 12 to 18,5,2,1,1,0,1,0,1,3,0,3
S01008499,All families in households,193,173,72,71,1,101,101,0,20,2,18
S01008499,Families with no dependent children,143,141,47,47,0,94,94,0,2,0,2
S01008499,Families with dependent children: Total,50,32,25,24,1,7,7,0,18,2,16
S01008499,Families with dependent children: Youngest aged 0 to 4,32,24,18,17,1,6,6,0,8,0,8
S01008499,Families with dependent children: Youngest aged 5 to 11,10,7,6,6,0,1,1,0,3,1,2
S01008499,Families with dependent children: Youngest aged 12 to 18,8,1,1,1,0,0,0,0,7,1,6
S01008500,All families in households,72,44,22,21,1,22,20,2,28,2,26
S01008500,Families with no dependent children,42,32,17,17,0,15,15,0,10,2,8
S01008500,Families with dependent children: Total,30,12,5,4,1,7,5,2,18,0,18
S01008500,Families with dependent children: Youngest aged 0 to 4,11,4,2,2,0,2,1,1,7,0,7
S01008500,Families with dependent children: Youngest aged 5 to 11,10,4,1,1,0,3,2,1,6,0,6
S01008500,Families with dependent children: Youngest aged 12 to 18,9,4,2,1,1,2,2,0,5,0,5
S01008501,All families in households,114,108,45,45,0,63,63,0,6,1,5
S01008501,Families with no dependent children,82,80,19,19,0,61,61,0,2,1,1
S01008501,Families with dependent children: Total,32,28,26,26,0,2,2,0,4,0,4
S01008501,Families with dependent children: Youngest aged 0 to 4,27,24,22,22,0,2,2,0,3,0,3
S01008501,Families with dependent children: Youngest aged 5 to 11,3,3,3,3,0,0,0,0,0,0,0
S01008501,Families with dependent children: Youngest aged 12 to 18,2,1,1,1,0,0,0,0,1,0,1
S01008502,All families in households,128,113,49,48,1,64,62,2,15,3,12
S01008502,Families with no dependent children,101,97,36,35,1,61,61,0,4,1,3
S01008502,Families with dependent children: Total,27,16,13,13,0,3,1,2,11,2,9
S01008502,Families with dependent children: Youngest aged 0 to 4,19,14,13,13,0,1,1,0,5,0,5
S01008502,Families with dependent children: Youngest aged 5 to 11,3,1,0,0,0,1,0,1,2,0,2
S01008502,Families with dependent children: Youngest aged 12 to 18,5,1,0,0,0,1,0,1,4,2,2
S01008503,All families in households,228,204,94,93,1,110,109,1,24,4,20
S01008503,Families with no dependent children,166,154,58,58,0,96,96,0,12,2,10
S01008503,Families with dependent children: Total,62,50,36,35,1,14,13,1,12,2,10
S01008503,Families with dependent children: Youngest aged 0 to 4,40,35,24,23,1,11,11,0,5,0,5
S01008503,Families with dependent children: Youngest aged 5 to 11,11,9,8,8,0,1,1,0,2,0,2
S01008503,Families with dependent children: Youngest aged 12 to 18,11,6,4,4,0,2,1,1,5,2,3
S01008504,All families in households,287,263,176,172,4,87,84,3,24,0,24
S01008504,Families with no dependent children,172,165,95,95,0,70,70,0,7,0,7
S01008504,Families with dependent children: Total,115,98,81,77,4,17,14,3,17,0,17
S01008504,Families with dependent children: Youngest aged 0 to 4,63,56,46,45,1,10,9,1,7,0,7
S01008504,Families with dependent children: Youngest aged 5 to 11,31,27,21,20,1,6,5,1,4,0,4
S01008504,Families with dependent children: Youngest aged 12 to 18,21,15,14,12,2,1,0,1,6,0,6
S01008505,All families in households,202,179,115,110,5,64,58,6,23,6,17
S01008505,Families with no dependent children,124,115,65,63,2,50,49,1,9,4,5
S01008505,Families with dependent children: Total,78,64,50,47,3,14,9,5,14,2,12
S01008505,Families with dependent children: Youngest aged 0 to 4,34,33,27,25,2,6,6,0,1,0,1
S01008505,Families with dependent children: Youngest aged 5 to 11,20,12,9,8,1,3,1,2,8,1,7
S01008505,Families with dependent children: Youngest aged 12 to 18,24,19,14,14,0,5,2,3,5,1,4
S01008506,All families in households,204,182,130,129,1,52,51,1,22,1,21
S01008506,Families with no dependent children,138,130,86,86,0,44,44,0,8,1,7
S01008506,Families with dependent children: Total,66,52,44,43,1,8,7,1,14,0,14
S01008506,Families with dependent children: Youngest aged 0 to 4,31,27,22,22,0,5,4,1,4,0,4
S01008506,Families with dependent children: Youngest aged 5 to 11,20,14,12,11,1,2,2,0,6,0,6
S01008506,Families with dependent children: Youngest aged 12 to 18,15,11,10,10,0,1,1,0,4,0,4
S01008507,All families in households,201,178,108,104,4,70,68,2,23,3,20
S01008507,Families with no dependent children,134,127,65,64,1,62,62,0,7,1,6
S01008507,Families with dependent children: Total,67,51,43,40,3,8,6,2,16,2,14
S01008507,Families with dependent children: Youngest aged 0 to 4,27,25,20,20,0,5,5,0,2,0,2
S01008507,Families with dependent children: Youngest aged 5 to 11,20,14,12,10,2,2,1,1,6,1,5
S01008507,Families with dependent children: Youngest aged 12 to 18,20,12,11,10,1,1,0,1,8,1,7
S01008508,All families in households,246,223,195,190,5,28,27,1,23,5,18
S01008508,Families with no dependent children,144,130,107,106,1,23,23,0,14,3,11
S01008508,Families with dependent children: Total,102,93,88,84,4,5,4,1,9,2,7
S01008508,Families with dependent children: Youngest aged 0 to 4,45,45,42,40,2,3,3,0,0,0,0
S01008508,Families with dependent children: Youngest aged 5 to 11,35,30,29,27,2,1,0,1,5,2,3
S01008508,Families with dependent children: Youngest aged 12 to 18,22,18,17,17,0,1,1,0,4,0,4
S01008509,All families in households,290,262,211,209,2,51,51,0,28,4,24
S01008509,Families with no dependent children,194,185,143,142,1,42,42,0,9,3,6
S01008509,Families with dependent children: Total,96,77,68,67,1,9,9,0,19,1,18
S01008509,Families with dependent children: Youngest aged 0 to 4,45,42,35,35,0,7,7,0,3,1,2
S01008509,Families with dependent children: Youngest aged 5 to 11,28,17,16,16,0,1,1,0,11,0,11
S01008509,Families with dependent children: Youngest aged 12 to 18,23,18,17,16,1,1,1,0,5,0,5
S01008510,All families in households,278,248,216,210,6,32,31,1,30,4,26
S01008510,Families with no dependent children,175,162,140,136,4,22,22,0,13,4,9
S01008510,Families with dependent children: Total,103,86,76,74,2,10,9,1,17,0,17
S01008510,Families with dependent children: Youngest aged 0 to 4,38,35,30,30,0,5,5,0,3,0,3
S01008510,Families with dependent children: Youngest aged 5 to 11,31,26,23,23,0,3,2,1,5,0,5
S01008510,Families with dependent children: Youngest aged 12 to 18,34,25,23,21,2,2,2,0,9,0,9
S01008511,All families in households,275,250,228,222,6,22,19,3,25,4,21
S01008511,Families with no dependent children,158,147,137,135,2,10,9,1,11,2,9
S01008511,Families with dependent children: Total,117,103,91,87,4,12,10,2,14,2,12
S01008511,Families with dependent children: Youngest aged 0 to 4,41,36,30,30,0,6,6,0,5,1,4
S01008511,Families with dependent children: Youngest aged 5 to 11,39,37,35,32,3,2,1,1,2,1,1
S01008511,Families with dependent children: Youngest aged 12 to 18,37,30,26,25,1,4,3,1,7,0,7
S01008512,All families in households,159,147,137,135,2,10,10,0,12,0,12
S01008512,Families with no dependent children,92,86,78,77,1,8,8,0,6,0,6
S01008512,Families with dependent children: Total,67,61,59,58,1,2,2,0,6,0,6
S01008512,Families with dependent children: Youngest aged 0 to 4,21,20,18,18,0,2,2,0,1,0,1
S01008512,Families with dependent children: Youngest aged 5 to 11,19,16,16,15,1,0,0,0,3,0,3
S01008512,Families with dependent children: Youngest aged 12 to 18,27,25,25,25,0,0,0,0,2,0,2
S01008513,All families in households,208,193,174,168,6,19,15,4,15,2,13
S01008513,Families with no dependent children,120,110,100,98,2,10,9,1,10,2,8
S01008513,Families with dependent children: Total,88,83,74,70,4,9,6,3,5,0,5
S01008513,Families with dependent children: Youngest aged 0 to 4,30,28,23,22,1,5,5,0,2,0,2
S01008513,Families with dependent children: Youngest aged 5 to 11,26,24,23,22,1,1,0,1,2,0,2
S01008513,Families with dependent children: Youngest aged 12 to 18,32,31,28,26,2,3,1,2,1,0,1
S01008514,All families in households,244,221,196,195,1,25,23,2,23,4,19
S01008514,Families with no dependent children,126,120,101,101,0,19,17,2,6,2,4
S01008514,Families with dependent children: Total,118,101,95,94,1,6,6,0,17,2,15
S01008514,Families with dependent children: Youngest aged 0 to 4,43,41,37,37,0,4,4,0,2,0,2
S01008514,Families with dependent children: Youngest aged 5 to 11,38,28,26,25,1,2,2,0,10,2,8
S01008514,Families with dependent children: Youngest aged 12 to 18,37,32,32,32,0,0,0,0,5,0,5
S01008515,All families in households,208,190,165,162,3,25,23,2,18,3,15
S01008515,Families with no dependent children,95,90,77,77,0,13,13,0,5,1,4
S01008515,Families with dependent children: Total,113,100,88,85,3,12,10,2,13,2,11
S01008515,Families with dependent children: Youngest aged 0 to 4,53,50,44,43,1,6,6,0,3,2,1
S01008515,Families with dependent children: Youngest aged 5 to 11,33,29,25,24,1,4,4,0,4,0,4
S01008515,Families with dependent children: Youngest aged 12 to 18,27,21,19,18,1,2,0,2,6,0,6
S01008516,All families in households,172,147,76,75,1,71,71,0,25,6,19
S01008516,Families with no dependent children,118,109,46,46,0,63,63,0,9,2,7
S01008516,Families with dependent children: Total,54,38,30,29,1,8,8,0,16,4,12
S01008516,Families with dependent children: Youngest aged 0 to 4,31,26,19,18,1,7,7,0,5,1,4
S01008516,Families with dependent children: Youngest aged 5 to 11,14,10,9,9,0,1,1,0,4,0,4
S01008516,Families with dependent children: Youngest aged 12 to 18,9,2,2,2,0,0,0,0,7,3,4
S01008517,All families in households,180,166,104,100,4,62,61,1,14,3,11
S01008517,Families with no dependent children,128,126,71,68,3,55,54,1,2,1,1
S01008517,Families with dependent children: Total,52,40,33,32,1,7,7,0,12,2,10
S01008517,Families with dependent children: Youngest aged 0 to 4,24,23,17,17,0,6,6,0,1,0,1
S01008517,Families with dependent children: Youngest aged 5 to 11,16,11,10,10,0,1,1,0,5,1,4
S01008517,Families with dependent children: Youngest aged 12 to 18,12,6,6,5,1,0,0,0,6,1,5
S01008518,All families in households,246,218,180,179,1,38,37,1,28,5,23
S01008518,Families with no dependent children,133,121,92,92,0,29,29,0,12,2,10
S01008518,Families with dependent children: Total,113,97,88,87,1,9,8,1,16,3,13
S01008518,Families with dependent children: Youngest aged 0 to 4,37,32,28,28,0,4,4,0,5,0,5
S01008518,Families with dependent children: Youngest aged 5 to 11,38,33,29,28,1,4,3,1,5,2,3
S01008518,Families with dependent children: Youngest aged 12 to 18,38,32,31,31,0,1,1,0,6,1,5
S01008519,All families in households,234,210,188,187,1,22,20,2,24,1,23
S01008519,Families with no dependent children,116,107,95,94,1,12,12,0,9,1,8
S01008519,Families with dependent children: Total,118,103,93,93,0,10,8,2,15,0,15
S01008519,Families with dependent children: Youngest aged 0 to 4,41,39,33,33,0,6,5,1,2,0,2
S01008519,Families with dependent children: Youngest aged 5 to 11,36,30,27,27,0,3,3,0,6,0,6
S01008519,Families with dependent children: Youngest aged 12 to 18,41,34,33,33,0,1,0,1,7,0,7
S01008520,All families in households,339,313,295,290,5,18,16,2,26,6,20
S01008520,Families with no dependent children,212,202,192,190,2,10,9,1,10,1,9
S01008520,Families with dependent children: Total,127,111,103,100,3,8,7,1,16,5,11
S01008520,Families with dependent children: Youngest aged 0 to 4,28,25,24,24,0,1,1,0,3,1,2
S01008520,Families with dependent children: Youngest aged 5 to 11,64,55,49,48,1,6,6,0,9,4,5
S01008520,Families with dependent children: Youngest aged 12 to 18,35,31,30,28,2,1,0,1,4,0,4
S01008521,All families in households,286,272,258,252,6,14,12,2,14,4,10
S01008521,Families with no dependent children,166,161,152,150,2,9,9,0,5,1,4
S01008521,Families with dependent children: Total,120,111,106,102,4,5,3,2,9,3,6
S01008521,Families with dependent children: Youngest aged 0 to 4,30,30,29,28,1,1,1,0,0,0,0
S01008521,Families with dependent children: Youngest aged 5 to 11,47,43,39,38,1,4,2,2,4,0,4
S01008521,Families with dependent children: Youngest aged 12 to 18,43,38,38,36,2,0,0,0,5,3,2
S01008522,All families in households,167,151,136,135,1,15,14,1,16,1,15
S01008522,Families with no dependent children,99,93,82,82,0,11,11,0,6,1,5
S01008522,Families with dependent children: Total,68,58,54,53,1,4,3,1,10,0,10
S01008522,Families with dependent children: Youngest aged 0 to 4,25,23,20,20,0,3,2,1,2,0,2
S01008522,Families with dependent children: Youngest aged 5 to 11,19,15,15,15,0,0,0,0,4,0,4
S01008522,Families with dependent children: Youngest aged 12 to 18,24,20,19,18,1,1,1,0,4,0,4
S01008523,All families in households,286,258,230,229,1,28,28,0,28,9,19
S01008523,Families with no dependent children,151,145,124,124,0,21,21,0,6,3,3
S01008523,Families with dependent children: Total,135,113,106,105,1,7,7,0,22,6,16
S01008523,Families with dependent children: Youngest aged 0 to 4,60,55,51,51,0,4,4,0,5,1,4
S01008523,Families with dependent children: Youngest aged 5 to 11,44,35,32,31,1,3,3,0,9,2,7
S01008523,Families with dependent children: Youngest aged 12 to 18,31,23,23,23,0,0,0,0,8,3,5
S01008524,All families in households,237,146,95,92,3,51,46,5,91,11,80
S01008524,Families with no dependent children,129,96,61,60,1,35,34,1,33,6,27
S01008524,Families with dependent children: Total,108,50,34,32,2,16,12,4,58,5,53
S01008524,Families with dependent children: Youngest aged 0 to 4,52,25,13,13,0,12,8,4,27,2,25
S01008524,Families with dependent children: Youngest aged 5 to 11,31,15,12,11,1,3,3,0,16,2,14
S01008524,Families with dependent children: Youngest aged 12 to 18,25,10,9,8,1,1,1,0,15,1,14
S01008525,All families in households,190,129,101,98,3,28,23,5,61,6,55
S01008525,Families with no dependent children,99,78,66,64,2,12,12,0,21,5,16
S01008525,Families with dependent children: Total,91,51,35,34,1,16,11,5,40,1,39
S01008525,Families with dependent children: Youngest aged 0 to 4,45,27,17,16,1,10,9,1,18,0,18
S01008525,Families with dependent children: Youngest aged 5 to 11,30,14,9,9,0,5,2,3,16,0,16
S01008525,Families with dependent children: Youngest aged 12 to 18,16,10,9,9,0,1,0,1,6,1,5
S01008526,All families in households,232,182,136,128,8,46,42,4,50,8,42
S01008526,Families with no dependent children,143,122,92,90,2,30,29,1,21,4,17
S01008526,Families with dependent children: Total,89,60,44,38,6,16,13,3,29,4,25
S01008526,Families with dependent children: Youngest aged 0 to 4,43,32,23,20,3,9,8,1,11,0,11
S01008526,Families with dependent children: Youngest aged 5 to 11,17,12,10,9,1,2,2,0,5,0,5
S01008526,Families with dependent children: Youngest aged 12 to 18,29,16,11,9,2,5,3,2,13,4,9
S01008527,All families in households,214,147,115,111,4,32,28,4,67,7,60
S01008527,Families with no dependent children,115,97,74,72,2,23,22,1,18,3,15
S01008527,Families with dependent children: Total,99,50,41,39,2,9,6,3,49,4,45
S01008527,Families with dependent children: Youngest aged 0 to 4,38,21,15,14,1,6,6,0,17,1,16
S01008527,Families with dependent children: Youngest aged 5 to 11,26,10,9,8,1,1,0,1,16,0,16
S01008527,Families with dependent children: Youngest aged 12 to 18,35,19,17,17,0,2,0,2,16,3,13
S01008528,All families in households,208,145,120,114,6,25,20,5,63,6,57
S01008528,Families with no dependent children,97,84,71,68,3,13,11,2,13,3,10
S01008528,Families with dependent children: Total,111,61,49,46,3,12,9,3,50,3,47
S01008528,Families with dependent children: Youngest aged 0 to 4,49,28,21,19,2,7,7,0,21,1,20
S01008528,Families with dependent children: Youngest aged 5 to 11,32,17,15,15,0,2,1,1,15,0,15
S01008528,Families with dependent children: Youngest aged 12 to 18,30,16,13,12,1,3,1,2,14,2,12
S01008529,All families in households,209,163,132,125,7,31,25,6,46,2,44
S01008529,Families with no dependent children,136,120,98,94,4,22,18,4,16,1,15
S01008529,Families with dependent children: Total,73,43,34,31,3,9,7,2,30,1,29
S01008529,Families with dependent children: Youngest aged 0 to 4,30,13,7,7,0,6,6,0,17,0,17
S01008529,Families with dependent children: Youngest aged 5 to 11,21,17,15,14,1,2,1,1,4,0,4
S01008529,Families with dependent children: Youngest aged 12 to 18,22,13,12,10,2,1,0,1,9,1,8
S01008530,All families in households,201,118,84,78,6,34,29,5,83,12,71
S01008530,Families with no dependent children,101,73,54,53,1,19,19,0,28,6,22
S01008530,Families with dependent children: Total,100,45,30,25,5,15,10,5,55,6,49
S01008530,Families with dependent children: Youngest aged 0 to 4,43,26,18,16,2,8,5,3,17,0,17
S01008530,Families with dependent children: Youngest aged 5 to 11,32,12,6,4,2,6,5,1,20,4,16
S01008530,Families with dependent children: Youngest aged 12 to 18,25,7,6,5,1,1,0,1,18,2,16
S01008531,All families in households,211,137,100,98,2,37,34,3,74,8,66
S01008531,Families with no dependent children,122,97,72,72,0,25,24,1,25,4,21
S01008531,Families with dependent children: Total,89,40,28,26,2,12,10,2,49,4,45
S01008531,Families with dependent children: Youngest aged 0 to 4,43,19,13,13,0,6,5,1,24,0,24
S01008531,Families with dependent children: Youngest aged 5 to 11,26,13,8,6,2,5,5,0,13,4,9
S01008531,Families with dependent children: Youngest aged 12 to 18,20,8,7,7,0,1,0,1,12,0,12
S01008532,All families in households,123,82,71,68,3,11,11,0,41,6,35
S01008532,Families with no dependent children,71,52,45,44,1,7,7,0,19,3,16
S01008532,Families with dependent children: Total,52,30,26,24,2,4,4,0,22,3,19
S01008532,Families with dependent children: Youngest aged 0 to 4,20,13,11,11,0,2,2,0,7,0,7
S01008532,Families with dependent children: Youngest aged 5 to 11,19,11,9,7,2,2,2,0,8,1,7
S01008532,Families with dependent children: Youngest aged 12 to 18,13,6,6,6,0,0,0,0,7,2,5
S01008533,All families in households,161,151,142,128,14,9,6,3,10,1,9
S01008533,Families with no dependent children,64,61,57,55,2,4,4,0,3,0,3
S01008533,Families with dependent children: Total,97,90,85,73,12,5,2,3,7,1,6
S01008533,Families with dependent children: Youngest aged 0 to 4,76,70,65,57,8,5,2,3,6,1,5
S01008533,Families with dependent children: Youngest aged 5 to 11,15,14,14,13,1,0,0,0,1,0,1
S01008533,Families with dependent children: Youngest aged 12 to 18,6,6,6,3,3,0,0,0,0,0,0
S01008534,All families in households,225,205,181,172,9,24,21,3,20,2,18
S01008534,Families with no dependent children,127,117,102,101,1,15,15,0,10,2,8
S01008534,Families with dependent children: Total,98,88,79,71,8,9,6,3,10,0,10
S01008534,Families with dependent children: Youngest aged 0 to 4,39,38,33,30,3,5,4,1,1,0,1
S01008534,Families with dependent children: Youngest aged 5 to 11,31,29,27,24,3,2,1,1,2,0,2
S01008534,Families with dependent children: Youngest aged 12 to 18,28,21,19,17,2,2,1,1,7,0,7
S01008535,All families in households,213,196,184,177,7,12,10,2,17,4,13
S01008535,Families with no dependent children,127,118,111,108,3,7,7,0,9,1,8
S01008535,Families with dependent children: Total,86,78,73,69,4,5,3,2,8,3,5
S01008535,Families with dependent children: Youngest aged 0 to 4,21,21,19,19,0,2,1,1,0,0,0
S01008535,Families with dependent children: Youngest aged 5 to 11,24,23,21,20,1,2,2,0,1,0,1
S01008535,Families with dependent children: Youngest aged 12 to 18,41,34,33,30,3,1,0,1,7,3,4
S01008536,All families in households,178,159,144,139,5,15,13,2,19,2,17
S01008536,Families with no dependent children,118,107,95,92,3,12,11,1,11,1,10
S01008536,Families with dependent children: Total,60,52,49,47,2,3,2,1,8,1,7
S01008536,Families with dependent children: Youngest aged 0 to 4,25,22,20,20,0,2,2,0,3,0,3
S01008536,Families with dependent children: Youngest aged 5 to 11,17,14,14,14,0,0,0,0,3,0,3
S01008536,Families with dependent children: Youngest aged 12 to 18,18,16,15,13,2,1,0,1,2,1,1
S01008537,All families in households,223,206,194,192,2,12,10,2,17,1,16
S01008537,Families with no dependent children,149,140,133,132,1,7,7,0,9,1,8
S01008537,Families with dependent children: Total,74,66,61,60,1,5,3,2,8,0,8
S01008537,Families with dependent children: Youngest aged 0 to 4,29,27,25,25,0,2,2,0,2,0,2
S01008537,Families with dependent children: Youngest aged 5 to 11,16,15,14,14,0,1,1,0,1,0,1
S01008537,Families with dependent children: Youngest aged 12 to 18,29,24,22,21,1,2,0,2,5,0,5
S01008538,All families in households,170,165,159,158,1,6,6,0,5,0,5
S01008538,Families with no dependent children,117,115,111,110,1,4,4,0,2,0,2
S01008538,Families with dependent children: Total,53,50,48,48,0,2,2,0,3,0,3
S01008538,Families with dependent children: Youngest aged 0 to 4,12,12,10,10,0,2,2,0,0,0,0
S01008538,Families with dependent children: Youngest aged 5 to 11,14,14,14,14,0,0,0,0,0,0,0
S01008538,Families with dependent children: Youngest aged 12 to 18,27,24,24,24,0,0,0,0,3,0,3
S01008539,All families in households,247,235,214,208,6,21,18,3,12,1,11
S01008539,Families with no dependent children,139,134,122,118,4,12,11,1,5,1,4
S01008539,Families with dependent children: Total,108,101,92,90,2,9,7,2,7,0,7
S01008539,Families with dependent children: Youngest aged 0 to 4,30,27,25,25,0,2,2,0,3,0,3
S01008539,Families with dependent children: Youngest aged 5 to 11,33,31,28,28,0,3,2,1,2,0,2
S01008539,Families with dependent children: Youngest aged 12 to 18,45,43,39,37,2,4,3,1,2,0,2
S01008540,All families in households,283,264,238,234,4,26,22,4,19,2,17
S01008540,Families with no dependent children,194,184,168,166,2,16,15,1,10,1,9
S01008540,Families with dependent children: Total,89,80,70,68,2,10,7,3,9,1,8
S01008540,Families with dependent children: Youngest aged 0 to 4,24,24,20,19,1,4,3,1,0,0,0
S01008540,Families with dependent children: Youngest aged 5 to 11,29,27,24,24,0,3,3,0,2,0,2
S01008540,Families with dependent children: Youngest aged 12 to 18,36,29,26,25,1,3,1,2,7,1,6
S01008541,All families in households,270,236,222,218,4,14,13,1,34,2,32
S01008541,Families with no dependent children,134,122,117,117,0,5,5,0,12,2,10
S01008541,Families with dependent children: Total,136,114,105,101,4,9,8,1,22,0,22
S01008541,Families with dependent children: Youngest aged 0 to 4,51,46,42,40,2,4,3,1,5,0,5
S01008541,Families with dependent children: Youngest aged 5 to 11,41,34,32,31,1,2,2,0,7,0,7
S01008541,Families with dependent children: Youngest aged 12 to 18,44,34,31,30,1,3,3,0,10,0,10
S01008542,All families in households,282,253,242,239,3,11,6,5,29,4,25
S01008542,Families with no dependent children,148,133,126,125,1,7,4,3,15,2,13
S01008542,Families with dependent children: Total,134,120,116,114,2,4,2,2,14,2,12
S01008542,Families with dependent children: Youngest aged 0 to 4,42,40,40,40,0,0,0,0,2,0,2
S01008542,Families with dependent children: Youngest aged 5 to 11,56,49,45,44,1,4,2,2,7,0,7
S01008542,Families with dependent children: Youngest aged 12 to 18,36,31,31,30,1,0,0,0,5,2,3
S01008543,All families in households,220,205,187,185,2,18,14,4,15,1,14
S01008543,Families with no dependent children,107,101,95,95,0,6,3,3,6,1,5
S01008543,Families with dependent children: Total,113,104,92,90,2,12,11,1,9,0,9
S01008543,Families with dependent children: Youngest aged 0 to 4,41,40,33,31,2,7,6,1,1,0,1
S01008543,Families with dependent children: Youngest aged 5 to 11,47,42,37,37,0,5,5,0,5,0,5
S01008543,Families with dependent children: Youngest aged 12 to 18,25,22,22,22,0,0,0,0,3,0,3
S01008544,All families in households,185,164,155,150,5,9,8,1,21,5,16
S01008544,Families with no dependent children,67,61,57,55,2,4,4,0,6,2,4
S01008544,Families with dependent children: Total,118,103,98,95,3,5,4,1,15,3,12
S01008544,Families with dependent children: Youngest aged 0 to 4,25,25,23,21,2,2,1,1,0,0,0
S01008544,Families with dependent children: Youngest aged 5 to 11,50,44,42,41,1,2,2,0,6,1,5
S01008544,Families with dependent children: Youngest aged 12 to 18,43,34,33,33,0,1,1,0,9,2,7
S01008545,All families in households,264,251,240,229,11,11,9,2,13,0,13
S01008545,Families with no dependent children,135,132,126,122,4,6,6,0,3,0,3
S01008545,Families with dependent children: Total,129,119,114,107,7,5,3,2,10,0,10
S01008545,Families with dependent children: Youngest aged 0 to 4,39,38,35,33,2,3,2,1,1,0,1
S01008545,Families with dependent children: Youngest aged 5 to 11,40,36,36,35,1,0,0,0,4,0,4
S01008545,Families with dependent children: Youngest aged 12 to 18,50,45,43,39,4,2,1,1,5,0,5
S01008546,All families in households,284,268,255,248,7,13,9,4,16,10,6
S01008546,Families with no dependent children,205,195,186,184,2,9,8,1,10,6,4
S01008546,Families with dependent children: Total,79,73,69,64,5,4,1,3,6,4,2
S01008546,Families with dependent children: Youngest aged 0 to 4,22,22,21,20,1,1,1,0,0,0,0
S01008546,Families with dependent children: Youngest aged 5 to 11,21,20,19,18,1,1,0,1,1,1,0
S01008546,Families with dependent children: Youngest aged 12 to 18,36,31,29,26,3,2,0,2,5,3,2
S01008547,All families in households,310,271,224,220,4,47,43,4,39,6,33
S01008547,Families with no dependent children,182,171,138,138,0,33,32,1,11,5,6
S01008547,Families with dependent children: Total,128,100,86,82,4,14,11,3,28,1,27
S01008547,Families with dependent children: Youngest aged 0 to 4,49,39,33,33,0,6,5,1,10,0,10
S01008547,Families with dependent children: Youngest aged 5 to 11,43,34,29,27,2,5,4,1,9,0,9
S01008547,Families with dependent children: Youngest aged 12 to 18,36,27,24,22,2,3,2,1,9,1,8
S01008548,All families in households,261,216,155,150,5,61,56,5,45,3,42
S01008548,Families with no dependent children,136,125,84,83,1,41,39,2,11,1,10
S01008548,Families with dependent children: Total,125,91,71,67,4,20,17,3,34,2,32
S01008548,Families with dependent children: Youngest aged 0 to 4,63,49,37,36,1,12,10,2,14,0,14
S01008548,Families with dependent children: Youngest aged 5 to 11,32,22,18,18,0,4,3,1,10,0,10
S01008548,Families with dependent children: Youngest aged 12 to 18,30,20,16,13,3,4,4,0,10,2,8
S01008549,All families in households,290,247,205,198,7,42,40,2,43,7,36
S01008549,Families with no dependent children,183,170,146,143,3,24,24,0,13,3,10
S01008549,Families with dependent children: Total,107,77,59,55,4,18,16,2,30,4,26
S01008549,Families with dependent children: Youngest aged 0 to 4,31,21,12,11,1,9,9,0,10,0,10
S01008549,Families with dependent children: Youngest aged 5 to 11,50,37,29,28,1,8,7,1,13,2,11
S01008549,Families with dependent children: Youngest aged 12 to 18,26,19,18,16,2,1,0,1,7,2,5
S01008550,All families in households,247,214,188,183,5,26,25,1,33,6,27
S01008550,Families with no dependent children,145,131,112,110,2,19,18,1,14,4,10
S01008550,Families with dependent children: Total,102,83,76,73,3,7,7,0,19,2,17
S01008550,Families with dependent children: Youngest aged 0 to 4,33,29,25,25,0,4,4,0,4,1,3
S01008550,Families with dependent children: Youngest aged 5 to 11,32,22,20,19,1,2,2,0,10,1,9
S01008550,Families with dependent children: Youngest aged 12 to 18,37,32,31,29,2,1,1,0,5,0,5
S01008551,All families in households,290,252,209,205,4,43,36,7,38,4,34
S01008551,Families with no dependent children,207,185,151,151,0,34,32,2,22,2,20
S01008551,Families with dependent children: Total,83,67,58,54,4,9,4,5,16,2,14
S01008551,Families with dependent children: Youngest aged 0 to 4,33,29,25,23,2,4,3,1,4,1,3
S01008551,Families with dependent children: Youngest aged 5 to 11,19,15,13,12,1,2,0,2,4,0,4
S01008551,Families with dependent children: Youngest aged 12 to 18,31,23,20,19,1,3,1,2,8,1,7
S01008552,All families in households,268,238,201,198,3,37,29,8,30,5,25
S01008552,Families with no dependent children,183,172,147,146,1,25,23,2,11,3,8
S01008552,Families with dependent children: Total,85,66,54,52,2,12,6,6,19,2,17
S01008552,Families with dependent children: Youngest aged 0 to 4,32,28,20,19,1,8,4,4,4,0,4
S01008552,Families with dependent children: Youngest aged 5 to 11,23,20,17,16,1,3,2,1,3,1,2
S01008552,Families with dependent children: Youngest aged 12 to 18,30,18,17,17,0,1,0,1,12,1,11
S01008553,All families in households,160,134,111,108,3,23,20,3,26,4,22
S01008553,Families with no dependent children,113,101,85,85,0,16,15,1,12,2,10
S01008553,Families with dependent children: Total,47,33,26,23,3,7,5,2,14,2,12
S01008553,Families with dependent children: Youngest aged 0 to 4,16,13,10,10,0,3,3,0,3,0,3
S01008553,Families with dependent children: Youngest aged 5 to 11,12,8,6,4,2,2,1,1,4,0,4
S01008553,Families with dependent children: Youngest aged 12 to 18,19,12,10,9,1,2,1,1,7,2,5
S01008554,All families in households,288,178,142,130,12,36,27,9,110,7,103
S01008554,Families with no dependent children,123,99,86,81,5,13,12,1,24,2,22
S01008554,Families with dependent children: Total,165,79,56,49,7,23,15,8,86,5,81
S01008554,Families with dependent children: Youngest aged 0 to 4,63,42,34,29,5,8,5,3,21,0,21
S01008554,Families with dependent children: Youngest aged 5 to 11,51,23,11,10,1,12,9,3,28,2,26
S01008554,Families with dependent children: Youngest aged 12 to 18,51,14,11,10,1,3,1,2,37,3,34
S01008555,All families in households,269,146,95,88,7,51,45,6,123,13,110
S01008555,Families with no dependent children,105,81,57,56,1,24,24,0,24,2,22
S01008555,Families with dependent children: Total,164,65,38,32,6,27,21,6,99,11,88
S01008555,Families with dependent children: Youngest aged 0 to 4,74,38,18,17,1,20,17,3,36,2,34
S01008555,Families with dependent children: Youngest aged 5 to 11,51,16,13,9,4,3,3,0,35,3,32
S01008555,Families with dependent children: Youngest aged 12 to 18,39,11,7,6,1,4,1,3,28,6,22
S01008556,All families in households,214,129,88,87,1,41,33,8,85,8,77
S01008556,Families with no dependent children,102,81,63,63,0,18,17,1,21,4,17
S01008556,Families with dependent children: Total,112,48,25,24,1,23,16,7,64,4,60
S01008556,Families with dependent children: Youngest aged 0 to 4,56,27,12,12,0,15,11,4,29,1,28
S01008556,Families with dependent children: Youngest aged 5 to 11,32,14,7,6,1,7,5,2,18,0,18
S01008556,Families with dependent children: Youngest aged 12 to 18,24,7,6,6,0,1,0,1,17,3,14
S01008557,All families in households,235,143,113,105,8,30,23,7,92,10,82
S01008557,Families with no dependent children,112,89,72,70,2,17,16,1,23,8,15
S01008557,Families with dependent children: Total,123,54,41,35,6,13,7,6,69,2,67
S01008557,Families with dependent children: Youngest aged 0 to 4,71,32,24,21,3,8,5,3,39,0,39
S01008557,Families with dependent children: Youngest aged 5 to 11,32,13,9,7,2,4,2,2,19,0,19
S01008557,Families with dependent children: Youngest aged 12 to 18,20,9,8,7,1,1,0,1,11,2,9
S01008558,All families in households,243,148,111,105,6,37,26,11,95,9,86
S01008558,Families with no dependent children,136,103,81,78,3,22,17,5,33,3,30
S01008558,Families with dependent children: Total,107,45,30,27,3,15,9,6,62,6,56
S01008558,Families with dependent children: Youngest aged 0 to 4,50,22,12,11,1,10,6,4,28,0,28
S01008558,Families with dependent children: Youngest aged 5 to 11,36,16,13,11,2,3,1,2,20,3,17
S01008558,Families with dependent children: Youngest aged 12 to 18,21,7,5,5,0,2,2,0,14,3,11
S01008559,All families in households,209,153,117,114,3,36,30,6,56,4,52
S01008559,Families with no dependent children,124,107,91,90,1,16,14,2,17,3,14
S01008559,Families with dependent children: Total,85,46,26,24,2,20,16,4,39,1,38
S01008559,Families with dependent children: Youngest aged 0 to 4,40,24,13,13,0,11,8,3,16,0,16
S01008559,Families with dependent children: Youngest aged 5 to 11,19,11,5,5,0,6,5,1,8,0,8
S01008559,Families with dependent children: Youngest aged 12 to 18,26,11,8,6,2,3,3,0,15,1,14
S01008560,All families in households,199,137,108,103,5,29,27,2,62,6,56
S01008560,Families with no dependent children,110,83,69,67,2,14,13,1,27,4,23
S01008560,Families with dependent children: Total,89,54,39,36,3,15,14,1,35,2,33
S01008560,Families with dependent children: Youngest aged 0 to 4,45,32,20,19,1,12,11,1,13,1,12
S01008560,Families with dependent children: Youngest aged 5 to 11,26,13,11,9,2,2,2,0,13,1,12
S01008560,Families with dependent children: Youngest aged 12 to 18,18,9,8,8,0,1,1,0,9,0,9
S01008561,All families in households,191,146,113,95,18,33,28,5,45,5,40
S01008561,Families with no dependent children,101,87,70,64,6,17,17,0,14,2,12
S01008561,Families with dependent children: Total,90,59,43,31,12,16,11,5,31,3,28
S01008561,Families with dependent children: Youngest aged 0 to 4,37,28,22,15,7,6,3,3,9,0,9
S01008561,Families with dependent children: Youngest aged 5 to 11,26,15,9,8,1,6,5,1,11,0,11
S01008561,Families with dependent children: Youngest aged 12 to 18,27,16,12,8,4,4,3,1,11,3,8
S01008562,All families in households,159,92,60,55,5,32,27,5,67,6,61
S01008562,Families with no dependent children,71,51,34,33,1,17,16,1,20,3,17
S01008562,Families with dependent children: Total,88,41,26,22,4,15,11,4,47,3,44
S01008562,Families with dependent children: Youngest aged 0 to 4,52,22,12,10,2,10,9,1,30,0,30
S01008562,Families with dependent children: Youngest aged 5 to 11,27,15,11,10,1,4,1,3,12,1,11
S01008562,Families with dependent children: Youngest aged 12 to 18,9,4,3,2,1,1,1,0,5,2,3
S01008563,All families in households,238,160,123,113,10,37,33,4,78,10,68
S01008563,Families with no dependent children,122,101,81,76,5,20,19,1,21,7,14
S01008563,Families with dependent children: Total,116,59,42,37,5,17,14,3,57,3,54
S01008563,Families with dependent children: Youngest aged 0 to 4,64,29,20,19,1,9,7,2,35,0,35
S01008563,Families with dependent children: Youngest aged 5 to 11,27,19,13,11,2,6,5,1,8,0,8
S01008563,Families with dependent children: Youngest aged 12 to 18,25,11,9,7,2,2,2,0,14,3,11
S01008564,All families in households,168,129,96,92,4,33,31,2,39,2,37
S01008564,Families with no dependent children,114,96,72,71,1,24,23,1,18,1,17
S01008564,Families with dependent children: Total,54,33,24,21,3,9,8,1,21,1,20
S01008564,Families with dependent children: Youngest aged 0 to 4,22,15,8,8,0,7,7,0,7,0,7
S01008564,Families with dependent children: Youngest aged 5 to 11,13,5,4,4,0,1,1,0,8,1,7
S01008564,Families with dependent children: Youngest aged 12 to 18,19,13,12,9,3,1,0,1,6,0,6
S01008565,All families in households,268,171,130,120,10,41,35,6,97,5,92
S01008565,Families with no dependent children,137,101,83,78,5,18,17,1,36,4,32
S01008565,Families with dependent children: Total,131,70,47,42,5,23,18,5,61,1,60
S01008565,Families with dependent children: Youngest aged 0 to 4,56,31,22,22,0,9,9,0,25,0,25
S01008565,Families with dependent children: Youngest aged 5 to 11,43,26,17,14,3,9,6,3,17,0,17
S01008565,Families with dependent children: Youngest aged 12 to 18,32,13,8,6,2,5,3,2,19,1,18
S01008566,All families in households,308,212,164,151,13,48,41,7,96,10,86
S01008566,Families with no dependent children,169,136,110,105,5,26,23,3,33,9,24
S01008566,Families with dependent children: Total,139,76,54,46,8,22,18,4,63,1,62
S01008566,Families with dependent children: Youngest aged 0 to 4,53,30,20,18,2,10,8,2,23,0,23
S01008566,Families with dependent children: Youngest aged 5 to 11,45,24,19,16,3,5,4,1,21,1,20
S01008566,Families with dependent children: Youngest aged 12 to 18,41,22,15,12,3,7,6,1,19,0,19
S01008567,All families in households,211,155,120,111,9,35,26,9,56,8,48
S01008567,Families with no dependent children,107,81,66,65,1,15,14,1,26,4,22
S01008567,Families with dependent children: Total,104,74,54,46,8,20,12,8,30,4,26
S01008567,Families with dependent children: Youngest aged 0 to 4,44,33,26,22,4,7,4,3,11,1,10
S01008567,Families with dependent children: Youngest aged 5 to 11,35,21,13,13,0,8,5,3,14,3,11
S01008567,Families with dependent children: Youngest aged 12 to 18,25,20,15,11,4,5,3,2,5,0,5
S01008568,All families in households,228,186,147,144,3,39,34,5,42,8,34
S01008568,Families with no dependent children,115,104,78,77,1,26,26,0,11,6,5
S01008568,Families with dependent children: Total,113,82,69,67,2,13,8,5,31,2,29
S01008568,Families with dependent children: Youngest aged 0 to 4,54,39,32,31,1,7,5,2,15,0,15
S01008568,Families with dependent children: Youngest aged 5 to 11,28,17,14,13,1,3,2,1,11,2,9
S01008568,Families with dependent children: Youngest aged 12 to 18,31,26,23,23,0,3,1,2,5,0,5
S01008569,All families in households,131,66,36,35,1,30,24,6,65,11,54
S01008569,Families with no dependent children,49,39,24,23,1,15,13,2,10,3,7
S01008569,Families with dependent children: Total,82,27,12,12,0,15,11,4,55,8,47
S01008569,Families with dependent children: Youngest aged 0 to 4,54,19,8,8,0,11,8,3,35,1,34
S01008569,Families with dependent children: Youngest aged 5 to 11,19,4,2,2,0,2,2,0,15,4,11
S01008569,Families with dependent children: Youngest aged 12 to 18,9,4,2,2,0,2,1,1,5,3,2
S01008570,All families in households,261,135,93,86,7,42,38,4,126,16,110
S01008570,Families with no dependent children,106,66,45,45,0,21,20,1,40,9,31
S01008570,Families with dependent children: Total,155,69,48,41,7,21,18,3,86,7,79
S01008570,Families with dependent children: Youngest aged 0 to 4,82,36,24,22,2,12,11,1,46,1,45
S01008570,Families with dependent children: Youngest aged 5 to 11,37,20,16,13,3,4,4,0,17,2,15
S01008570,Families with dependent children: Youngest aged 12 to 18,36,13,8,6,2,5,3,2,23,4,19
S01008571,All families in households,191,146,124,120,4,22,19,3,45,5,40
S01008571,Families with no dependent children,120,107,94,91,3,13,13,0,13,3,10
S01008571,Families with dependent children: Total,71,39,30,29,1,9,6,3,32,2,30
S01008571,Families with dependent children: Youngest aged 0 to 4,30,19,12,12,0,7,5,2,11,0,11
S01008571,Families with dependent children: Youngest aged 5 to 11,22,12,10,10,0,2,1,1,10,0,10
S01008571,Families with dependent children: Youngest aged 12 to 18,19,8,8,7,1,0,0,0,11,2,9
S01008572,All families in households,246,194,160,148,12,34,28,6,52,9,43
S01008572,Families with no dependent children,153,128,109,104,5,19,17,2,25,7,18
S01008572,Families with dependent children: Total,93,66,51,44,7,15,11,4,27,2,25
S01008572,Families with dependent children: Youngest aged 0 to 4,43,31,24,22,2,7,7,0,12,0,12
S01008572,Families with dependent children: Youngest aged 5 to 11,32,23,17,13,4,6,3,3,9,2,7
S01008572,Families with dependent children: Youngest aged 12 to 18,18,12,10,9,1,2,1,1,6,0,6
S01008573,All families in households,249,219,193,189,4,26,17,9,30,1,29
S01008573,Families with no dependent children,129,124,110,109,1,14,11,3,5,0,5
S01008573,Families with dependent children: Total,120,95,83,80,3,12,6,6,25,1,24
S01008573,Families with dependent children: Youngest aged 0 to 4,41,25,22,21,1,3,2,1,16,0,16
S01008573,Families with dependent children: Youngest aged 5 to 11,51,45,39,38,1,6,3,3,6,0,6
S01008573,Families with dependent children: Youngest aged 12 to 18,28,25,22,21,1,3,1,2,3,1,2
S01008574,All families in households,219,196,158,151,7,38,35,3,23,6,17
S01008574,Families with no dependent children,125,120,101,97,4,19,19,0,5,1,4
S01008574,Families with dependent children: Total,94,76,57,54,3,19,16,3,18,5,13
S01008574,Families with dependent children: Youngest aged 0 to 4,34,31,22,22,0,9,7,2,3,0,3
S01008574,Families with dependent children: Youngest aged 5 to 11,28,22,17,15,2,5,5,0,6,2,4
S01008574,Families with dependent children: Youngest aged 12 to 18,32,23,18,17,1,5,4,1,9,3,6
S01008575,All families in households,245,216,183,179,4,33,28,5,29,5,24
S01008575,Families with no dependent children,138,131,106,102,4,25,23,2,7,0,7
S01008575,Families with dependent children: Total,107,85,77,77,0,8,5,3,22,5,17
S01008575,Families with dependent children: Youngest aged 0 to 4,34,28,24,24,0,4,4,0,6,1,5
S01008575,Families with dependent children: Youngest aged 5 to 11,38,32,30,30,0,2,0,2,6,0,6
S01008575,Families with dependent children: Youngest aged 12 to 18,35,25,23,23,0,2,1,1,10,4,6
S01008576,All families in households,258,225,187,185,2,38,31,7,33,1,32
S01008576,Families with no dependent children,192,174,147,146,1,27,25,2,18,1,17
S01008576,Families with dependent children: Total,66,51,40,39,1,11,6,5,15,0,15
S01008576,Families with dependent children: Youngest aged 0 to 4,29,26,18,18,0,8,6,2,3,0,3
S01008576,Families with dependent children: Youngest aged 5 to 11,19,15,14,14,0,1,0,1,4,0,4
S01008576,Families with dependent children: Youngest aged 12 to 18,18,10,8,7,1,2,0,2,8,0,8
S01008577,All families in households,235,214,196,194,2,18,16,2,21,5,16
S01008577,Families with no dependent children,156,143,129,128,1,14,14,0,13,1,12
S01008577,Families with dependent children: Total,79,71,67,66,1,4,2,2,8,4,4
S01008577,Families with dependent children: Youngest aged 0 to 4,24,22,20,20,0,2,2,0,2,1,1
S01008577,Families with dependent children: Youngest aged 5 to 11,25,20,19,19,0,1,0,1,5,3,2
S01008577,Families with dependent children: Youngest aged 12 to 18,30,29,28,27,1,1,0,1,1,0,1
S01008578,All families in households,233,219,202,200,2,17,17,0,14,4,10
S01008578,Families with no dependent children,142,134,123,123,0,11,11,0,8,2,6
S01008578,Families with dependent children: Total,91,85,79,77,2,6,6,0,6,2,4
S01008578,Families with dependent children: Youngest aged 0 to 4,36,35,30,28,2,5,5,0,1,0,1
S01008578,Families with dependent children: Youngest aged 5 to 11,27,25,24,24,0,1,1,0,2,1,1
S01008578,Families with dependent children: Youngest aged 12 to 18,28,25,25,25,0,0,0,0,3,1,2
S01008579,All families in households,213,193,171,169,2,22,21,1,20,2,18
S01008579,Families with no dependent children,154,146,127,127,0,19,19,0,8,2,6
S01008579,Families with dependent children: Total,59,47,44,42,2,3,2,1,12,0,12
S01008579,Families with dependent children: Youngest aged 0 to 4,20,16,15,14,1,1,1,0,4,0,4
S01008579,Families with dependent children: Youngest aged 5 to 11,14,8,8,8,0,0,0,0,6,0,6
S01008579,Families with dependent children: Youngest aged 12 to 18,25,23,21,20,1,2,1,1,2,0,2
S01008580,All families in households,157,141,118,112,6,23,21,2,16,2,14
S01008580,Families with no dependent children,100,96,79,77,2,17,17,0,4,1,3
S01008580,Families with dependent children: Total,57,45,39,35,4,6,4,2,12,1,11
S01008580,Families with dependent children: Youngest aged 0 to 4,19,17,13,12,1,4,4,0,2,1,1
S01008580,Families with dependent children: Youngest aged 5 to 11,19,13,11,10,1,2,0,2,6,0,6
S01008580,Families with dependent children: Youngest aged 12 to 18,19,15,15,13,2,0,0,0,4,0,4
S01008581,All families in households,233,174,135,129,6,39,35,4,59,5,54
S01008581,Families with no dependent children,145,125,95,93,2,30,27,3,20,2,18
S01008581,Families with dependent children: Total,88,49,40,36,4,9,8,1,39,3,36
S01008581,Families with dependent children: Youngest aged 0 to 4,36,21,15,13,2,6,5,1,15,1,14
S01008581,Families with dependent children: Youngest aged 5 to 11,22,13,11,11,0,2,2,0,9,1,8
S01008581,Families with dependent children: Youngest aged 12 to 18,30,15,14,12,2,1,1,0,15,1,14
S01008582,All families in households,284,190,148,145,3,42,36,6,94,16,78
S01008582,Families with no dependent children,162,121,97,97,0,24,22,2,41,12,29
S01008582,Families with dependent children: Total,122,69,51,48,3,18,14,4,53,4,49
S01008582,Families with dependent children: Youngest aged 0 to 4,48,28,20,18,2,8,8,0,20,0,20
S01008582,Families with dependent children: Youngest aged 5 to 11,37,24,17,17,0,7,4,3,13,2,11
S01008582,Families with dependent children: Youngest aged 12 to 18,37,17,14,13,1,3,2,1,20,2,18
S01008583,All families in households,178,134,107,102,5,27,25,2,44,7,37
S01008583,Families with no dependent children,98,78,61,59,2,17,17,0,20,5,15
S01008583,Families with dependent children: Total,80,56,46,43,3,10,8,2,24,2,22
S01008583,Families with dependent children: Youngest aged 0 to 4,44,34,28,25,3,6,4,2,10,2,8
S01008583,Families with dependent children: Youngest aged 5 to 11,23,17,14,14,0,3,3,0,6,0,6
S01008583,Families with dependent children: Youngest aged 12 to 18,13,5,4,4,0,1,1,0,8,0,8
S01008584,All families in households,232,169,128,122,6,41,31,10,63,5,58
S01008584,Families with no dependent children,128,105,75,74,1,30,29,1,23,4,19
S01008584,Families with dependent children: Total,104,64,53,48,5,11,2,9,40,1,39
S01008584,Families with dependent children: Youngest aged 0 to 4,51,35,32,28,4,3,0,3,16,0,16
S01008584,Families with dependent children: Youngest aged 5 to 11,26,14,12,11,1,2,1,1,12,1,11
S01008584,Families with dependent children: Youngest aged 12 to 18,27,15,9,9,0,6,1,5,12,0,12
S01008585,All families in households,156,106,82,79,3,24,20,4,50,7,43
S01008585,Families with no dependent children,87,65,51,51,0,14,12,2,22,5,17
S01008585,Families with dependent children: Total,69,41,31,28,3,10,8,2,28,2,26
S01008585,Families with dependent children: Youngest aged 0 to 4,37,19,14,13,1,5,3,2,18,0,18
S01008585,Families with dependent children: Youngest aged 5 to 11,18,11,8,8,0,3,3,0,7,0,7
S01008585,Families with dependent children: Youngest aged 12 to 18,14,11,9,7,2,2,2,0,3,2,1
S01008586,All families in households,204,150,126,118,8,24,20,4,54,10,44
S01008586,Families with no dependent children,112,94,80,78,2,14,13,1,18,5,13
S01008586,Families with dependent children: Total,92,56,46,40,6,10,7,3,36,5,31
S01008586,Families with dependent children: Youngest aged 0 to 4,41,23,19,19,0,4,4,0,18,3,15
S01008586,Families with dependent children: Youngest aged 5 to 11,27,18,14,9,5,4,3,1,9,1,8
S01008586,Families with dependent children: Youngest aged 12 to 18,24,15,13,12,1,2,0,2,9,1,8
S01008587,All families in households,229,211,190,188,2,21,20,1,18,5,13
S01008587,Families with no dependent children,149,142,125,124,1,17,16,1,7,1,6
S01008587,Families with dependent children: Total,80,69,65,64,1,4,4,0,11,4,7
S01008587,Families with dependent children: Youngest aged 0 to 4,33,29,26,26,0,3,3,0,4,2,2
S01008587,Families with dependent children: Youngest aged 5 to 11,19,18,17,17,0,1,1,0,1,0,1
S01008587,Families with dependent children: Youngest aged 12 to 18,28,22,22,21,1,0,0,0,6,2,4
S01008588,All families in households,195,172,145,143,2,27,25,2,23,2,21
S01008588,Families with no dependent children,102,93,76,76,0,17,17,0,9,0,9
S01008588,Families with dependent children: Total,93,79,69,67,2,10,8,2,14,2,12
S01008588,Families with dependent children: Youngest aged 0 to 4,36,34,31,31,0,3,3,0,2,0,2
S01008588,Families with dependent children: Youngest aged 5 to 11,32,30,24,23,1,6,5,1,2,0,2
S01008588,Families with dependent children: Youngest aged 12 to 18,25,15,14,13,1,1,0,1,10,2,8
S01008589,All families in households,108,99,89,89,0,10,9,1,9,4,5
S01008589,Families with no dependent children,65,61,56,56,0,5,5,0,4,3,1
S01008589,Families with dependent children: Total,43,38,33,33,0,5,4,1,5,1,4
S01008589,Families with dependent children: Youngest aged 0 to 4,14,13,11,11,0,2,2,0,1,0,1
S01008589,Families with dependent children: Youngest aged 5 to 11,18,16,15,15,0,1,1,0,2,0,2
S01008589,Families with dependent children: Youngest aged 12 to 18,11,9,7,7,0,2,1,1,2,1,1
S01008590,All families in households,188,163,124,122,2,39,38,1,25,3,22
S01008590,Families with no dependent children,114,107,79,79,0,28,28,0,7,2,5
S01008590,Families with dependent children: Total,74,56,45,43,2,11,10,1,18,1,17
S01008590,Families with dependent children: Youngest aged 0 to 4,29,27,22,20,2,5,5,0,2,0,2
S01008590,Families with dependent children: Youngest aged 5 to 11,33,27,22,22,0,5,4,1,6,0,6
S01008590,Families with dependent children: Youngest aged 12 to 18,12,2,1,1,0,1,1,0,10,1,9
S01008591,All families in households,207,184,150,149,1,34,33,1,23,2,21
S01008591,Families with no dependent children,117,105,80,80,0,25,25,0,12,2,10
S01008591,Families with dependent children: Total,90,79,70,69,1,9,8,1,11,0,11
S01008591,Families with dependent children: Youngest aged 0 to 4,41,38,33,33,0,5,5,0,3,0,3
S01008591,Families with dependent children: Youngest aged 5 to 11,25,22,19,18,1,3,3,0,3,0,3
S01008591,Families with dependent children: Youngest aged 12 to 18,24,19,18,18,0,1,0,1,5,0,5
S01008592,All families in households,177,132,99,99,0,33,31,2,45,3,42
S01008592,Families with no dependent children,78,65,47,47,0,18,17,1,13,1,12
S01008592,Families with dependent children: Total,99,67,52,52,0,15,14,1,32,2,30
S01008592,Families with dependent children: Youngest aged 0 to 4,42,32,24,24,0,8,8,0,10,0,10
S01008592,Families with dependent children: Youngest aged 5 to 11,29,19,13,13,0,6,5,1,10,1,9
S01008592,Families with dependent children: Youngest aged 12 to 18,28,16,15,15,0,1,1,0,12,1,11
S01008593,All families in households,234,218,203,200,3,15,13,2,16,1,15
S01008593,Families with no dependent children,144,135,126,125,1,9,9,0,9,0,9
S01008593,Families with dependent children: Total,90,83,77,75,2,6,4,2,7,1,6
S01008593,Families with dependent children: Youngest aged 0 to 4,30,29,25,25,0,4,3,1,1,0,1
S01008593,Families with dependent children: Youngest aged 5 to 11,39,35,34,33,1,1,0,1,4,0,4
S01008593,Families with dependent children: Youngest aged 12 to 18,21,19,18,17,1,1,1,0,2,1,1
S01008594,All families in households,266,243,208,203,5,35,32,3,23,5,18
S01008594,Families with no dependent children,163,154,128,127,1,26,25,1,9,2,7
S01008594,Families with dependent children: Total,103,89,80,76,4,9,7,2,14,3,11
S01008594,Families with dependent children: Youngest aged 0 to 4,45,42,35,33,2,7,6,1,3,1,2
S01008594,Families with dependent children: Youngest aged 5 to 11,27,21,19,18,1,2,1,1,6,1,5
S01008594,Families with dependent children: Youngest aged 12 to 18,31,26,26,25,1,0,0,0,5,1,4
S01008595,All families in households,192,159,123,121,2,36,35,1,33,2,31
S01008595,Families with no dependent children,130,118,91,91,0,27,27,0,12,2,10
S01008595,Families with dependent children: Total,62,41,32,30,2,9,8,1,21,0,21
S01008595,Families with dependent children: Youngest aged 0 to 4,31,17,12,12,0,5,4,1,14,0,14
S01008595,Families with dependent children: Youngest aged 5 to 11,10,7,5,5,0,2,2,0,3,0,3
S01008595,Families with dependent children: Youngest aged 12 to 18,21,17,15,13,2,2,2,0,4,0,4
S01008596,All families in households,204,143,98,89,9,45,45,0,61,14,47
S01008596,Families with no dependent children,134,109,72,68,4,37,37,0,25,6,19
S01008596,Families with dependent children: Total,70,34,26,21,5,8,8,0,36,8,28
S01008596,Families with dependent children: Youngest aged 0 to 4,37,22,15,14,1,7,7,0,15,1,14
S01008596,Families with dependent children: Youngest aged 5 to 11,16,5,4,4,0,1,1,0,11,2,9
S01008596,Families with dependent children: Youngest aged 12 to 18,17,7,7,3,4,0,0,0,10,5,5
S01008597,All families in households,264,244,209,207,2,35,33,2,20,2,18
S01008597,Families with no dependent children,167,157,132,131,1,25,25,0,10,2,8
S01008597,Families with dependent children: Total,97,87,77,76,1,10,8,2,10,0,10
S01008597,Families with dependent children: Youngest aged 0 to 4,40,36,30,30,0,6,4,2,4,0,4
S01008597,Families with dependent children: Youngest aged 5 to 11,28,23,22,22,0,1,1,0,5,0,5
S01008597,Families with dependent children: Youngest aged 12 to 18,29,28,25,24,1,3,3,0,1,0,1
S01008598,All families in households,150,128,90,89,1,38,36,2,22,1,21
S01008598,Families with no dependent children,91,86,55,55,0,31,29,2,5,1,4
S01008598,Families with dependent children: Total,59,42,35,34,1,7,7,0,17,0,17
S01008598,Families with dependent children: Youngest aged 0 to 4,27,23,18,18,0,5,5,0,4,0,4
S01008598,Families with dependent children: Youngest aged 5 to 11,21,14,12,12,0,2,2,0,7,0,7
S01008598,Families with dependent children: Youngest aged 12 to 18,11,5,5,4,1,0,0,0,6,0,6
S01008599,All families in households,206,190,156,149,7,34,31,3,16,5,11
S01008599,Families with no dependent children,127,119,93,90,3,26,26,0,8,1,7
S01008599,Families with dependent children: Total,79,71,63,59,4,8,5,3,8,4,4
S01008599,Families with dependent children: Youngest aged 0 to 4,27,26,23,23,0,3,3,0,1,0,1
S01008599,Families with dependent children: Youngest aged 5 to 11,22,17,15,14,1,2,1,1,5,2,3
S01008599,Families with dependent children: Youngest aged 12 to 18,30,28,25,22,3,3,1,2,2,2,0
S01008600,All families in households,209,189,159,153,6,30,29,1,20,3,17
S01008600,Families with no dependent children,103,97,73,72,1,24,24,0,6,1,5
S01008600,Families with dependent children: Total,106,92,86,81,5,6,5,1,14,2,12
S01008600,Families with dependent children: Youngest aged 0 to 4,54,48,44,43,1,4,3,1,6,0,6
S01008600,Families with dependent children: Youngest aged 5 to 11,30,29,28,27,1,1,1,0,1,0,1
S01008600,Families with dependent children: Youngest aged 12 to 18,22,15,14,11,3,1,1,0,7,2,5
S01008601,All families in households,96,88,61,59,2,27,26,1,8,2,6
S01008601,Families with no dependent children,63,60,37,36,1,23,23,0,3,1,2
S01008601,Families with dependent children: Total,33,28,24,23,1,4,3,1,5,1,4
S01008601,Families with dependent children: Youngest aged 0 to 4,16,14,11,10,1,3,3,0,2,0,2
S01008601,Families with dependent children: Youngest aged 5 to 11,12,10,9,9,0,1,0,1,2,0,2
S01008601,Families with dependent children: Youngest aged 12 to 18,5,4,4,4,0,0,0,0,1,1,0
S01008602,All families in households,86,75,43,40,3,32,32,0,11,2,9
S01008602,Families with no dependent children,57,56,30,29,1,26,26,0,1,1,0
S01008602,Families with dependent children: Total,29,19,13,11,2,6,6,0,10,1,9
S01008602,Families with dependent children: Youngest aged 0 to 4,15,10,5,5,0,5,5,0,5,0,5
S01008602,Families with dependent children: Youngest aged 5 to 11,8,6,5,4,1,1,1,0,2,1,1
S01008602,Families with dependent children: Youngest aged 12 to 18,6,3,3,2,1,0,0,0,3,0,3
S01008603,All families in households,161,142,65,63,2,77,76,1,19,4,15
S01008603,Families with no dependent children,119,110,44,43,1,66,65,1,9,2,7
S01008603,Families with dependent children: Total,42,32,21,20,1,11,11,0,10,2,8
S01008603,Families with dependent children: Youngest aged 0 to 4,26,24,15,15,0,9,9,0,2,0,2
S01008603,Families with dependent children: Youngest aged 5 to 11,9,7,5,4,1,2,2,0,2,0,2
S01008603,Families with dependent children: Youngest aged 12 to 18,7,1,1,1,0,0,0,0,6,2,4
S01008604,All families in households,176,162,109,105,4,53,51,2,14,3,11
S01008604,Families with no dependent children,116,112,67,66,1,45,45,0,4,0,4
S01008604,Families with dependent children: Total,60,50,42,39,3,8,6,2,10,3,7
S01008604,Families with dependent children: Youngest aged 0 to 4,22,22,18,17,1,4,3,1,0,0,0
S01008604,Families with dependent children: Youngest aged 5 to 11,22,15,12,12,0,3,3,0,7,3,4
S01008604,Families with dependent children: Youngest aged 12 to 18,16,13,12,10,2,1,0,1,3,0,3
S01008605,All families in households,134,117,71,70,1,46,45,1,17,2,15
S01008605,Families with no dependent children,85,80,40,40,0,40,40,0,5,2,3
S01008605,Families with dependent children: Total,49,37,31,30,1,6,5,1,12,0,12
S01008605,Families with dependent children: Youngest aged 0 to 4,21,15,13,13,0,2,2,0,6,0,6
S01008605,Families with dependent children: Youngest aged 5 to 11,12,12,8,8,0,4,3,1,0,0,0
S01008605,Families with dependent children: Youngest aged 12 to 18,16,10,10,9,1,0,0,0,6,0,6
S01008606,All families in households,200,183,160,158,2,23,23,0,17,2,15
S01008606,Families with no dependent children,103,100,85,85,0,15,15,0,3,2,1
S01008606,Families with dependent children: Total,97,83,75,73,2,8,8,0,14,0,14
S01008606,Families with dependent children: Youngest aged 0 to 4,36,32,28,28,0,4,4,0,4,0,4
S01008606,Families with dependent children: Youngest aged 5 to 11,30,26,24,23,1,2,2,0,4,0,4
S01008606,Families with dependent children: Youngest aged 12 to 18,31,25,23,22,1,2,2,0,6,0,6
S01008607,All families in households,183,171,158,154,4,13,13,0,12,2,10
S01008607,Families with no dependent children,112,108,99,96,3,9,9,0,4,1,3
S01008607,Families with dependent children: Total,71,63,59,58,1,4,4,0,8,1,7
S01008607,Families with dependent children: Youngest aged 0 to 4,28,27,24,23,1,3,3,0,1,0,1
S01008607,Families with dependent children: Youngest aged 5 to 11,25,21,20,20,0,1,1,0,4,0,4
S01008607,Families with dependent children: Youngest aged 12 to 18,18,15,15,15,0,0,0,0,3,1,2
S01008608,All families in households,185,170,146,143,3,24,22,2,15,1,14
S01008608,Families with no dependent children,109,102,87,86,1,15,14,1,7,1,6
S01008608,Families with dependent children: Total,76,68,59,57,2,9,8,1,8,0,8
S01008608,Families with dependent children: Youngest aged 0 to 4,29,28,24,24,0,4,3,1,1,0,1
S01008608,Families with dependent children: Youngest aged 5 to 11,24,22,18,17,1,4,4,0,2,0,2
S01008608,Families with dependent children: Youngest aged 12 to 18,23,18,17,16,1,1,1,0,5,0,5
S01008609,All families in households,253,226,191,188,3,35,30,5,27,4,23
S01008609,Families with no dependent children,146,138,119,119,0,19,18,1,8,2,6
S01008609,Families with dependent children: Total,107,88,72,69,3,16,12,4,19,2,17
S01008609,Families with dependent children: Youngest aged 0 to 4,33,32,24,24,0,8,6,2,1,0,1
S01008609,Families with dependent children: Youngest aged 5 to 11,43,32,26,23,3,6,5,1,11,1,10
S01008609,Families with dependent children: Youngest aged 12 to 18,31,24,22,22,0,2,1,1,7,1,6
S01008610,All families in households,176,161,144,141,3,17,16,1,15,2,13
S01008610,Families with no dependent children,107,100,86,85,1,14,14,0,7,0,7
S01008610,Families with dependent children: Total,69,61,58,56,2,3,2,1,8,2,6
S01008610,Families with dependent children: Youngest aged 0 to 4,20,19,17,15,2,2,2,0,1,1,0
S01008610,Families with dependent children: Youngest aged 5 to 11,26,22,22,22,0,0,0,0,4,1,3
S01008610,Families with dependent children: Youngest aged 12 to 18,23,20,19,19,0,1,0,1,3,0,3
S01008611,All families in households,182,164,101,97,4,63,63,0,18,2,16
S01008611,Families with no dependent children,117,113,57,57,0,56,56,0,4,0,4
S01008611,Families with dependent children: Total,65,51,44,40,4,7,7,0,14,2,12
S01008611,Families with dependent children: Youngest aged 0 to 4,30,26,21,20,1,5,5,0,4,0,4
S01008611,Families with dependent children: Youngest aged 5 to 11,20,15,13,12,1,2,2,0,5,2,3
S01008611,Families with dependent children: Youngest aged 12 to 18,15,10,10,8,2,0,0,0,5,0,5
S01008612,All families in households,107,90,45,44,1,45,44,1,17,3,14
S01008612,Families with no dependent children,69,62,25,24,1,37,37,0,7,2,5
S01008612,Families with dependent children: Total,38,28,20,20,0,8,7,1,10,1,9
S01008612,Families with dependent children: Youngest aged 0 to 4,19,14,10,10,0,4,4,0,5,1,4
S01008612,Families with dependent children: Youngest aged 5 to 11,7,7,4,4,0,3,2,1,0,0,0
S01008612,Families with dependent children: Youngest aged 12 to 18,12,7,6,6,0,1,1,0,5,0,5
S01008613,All families in households,149,138,104,104,0,34,34,0,11,2,9
S01008613,Families with no dependent children,89,87,59,59,0,28,28,0,2,0,2
S01008613,Families with dependent children: Total,60,51,45,45,0,6,6,0,9,2,7
S01008613,Families with dependent children: Youngest aged 0 to 4,29,28,24,24,0,4,4,0,1,0,1
S01008613,Families with dependent children: Youngest aged 5 to 11,16,13,13,13,0,0,0,0,3,2,1
S01008613,Families with dependent children: Youngest aged 12 to 18,15,10,8,8,0,2,2,0,5,0,5
S01008614,All families in households,92,86,46,46,0,40,39,1,6,0,6
S01008614,Families with no dependent children,70,65,29,29,0,36,36,0,5,0,5
S01008614,Families with dependent children: Total,22,21,17,17,0,4,3,1,1,0,1
S01008614,Families with dependent children: Youngest aged 0 to 4,15,15,12,12,0,3,2,1,0,0,0
S01008614,Families with dependent children: Youngest aged 5 to 11,4,3,2,2,0,1,1,0,1,0,1
S01008614,Families with dependent children: Youngest aged 12 to 18,3,3,3,3,0,0,0,0,0,0,0
S01008615,All families in households,123,107,66,62,4,41,37,4,16,3,13
S01008615,Families with no dependent children,69,62,35,33,2,27,27,0,7,1,6
S01008615,Families with dependent children: Total,54,45,31,29,2,14,10,4,9,2,7
S01008615,Families with dependent children: Youngest aged 0 to 4,23,20,10,9,1,10,8,2,3,0,3
S01008615,Families with dependent children: Youngest aged 5 to 11,18,15,11,10,1,4,2,2,3,1,2
S01008615,Families with dependent children: Youngest aged 12 to 18,13,10,10,10,0,0,0,0,3,1,2
S01008616,All families in households,77,70,48,45,3,22,20,2,7,3,4
S01008616,Families with no dependent children,41,37,21,18,3,16,16,0,4,1,3
S01008616,Families with dependent children: Total,36,33,27,27,0,6,4,2,3,2,1
S01008616,Families with dependent children: Youngest aged 0 to 4,17,17,15,15,0,2,2,0,0,0,0
S01008616,Families with dependent children: Youngest aged 5 to 11,10,9,7,7,0,2,2,0,1,1,0
S01008616,Families with dependent children: Youngest aged 12 to 18,9,7,5,5,0,2,0,2,2,1,1
S01008617,All families in households,108,90,60,60,0,30,28,2,18,4,14
S01008617,Families with no dependent children,57,54,31,31,0,23,23,0,3,2,1
S01008617,Families with dependent children: Total,51,36,29,29,0,7,5,2,15,2,13
S01008617,Families with dependent children: Youngest aged 0 to 4,19,16,12,12,0,4,4,0,3,0,3
S01008617,Families with dependent children: Youngest aged 5 to 11,18,12,10,10,0,2,1,1,6,1,5
S01008617,Families with dependent children: Youngest aged 12 to 18,14,8,7,7,0,1,0,1,6,1,5
S01008618,All families in households,69,57,35,34,1,22,21,1,12,2,10
S01008618,Families with no dependent children,32,29,10,10,0,19,18,1,3,1,2
S01008618,Families with dependent children: Total,37,28,25,24,1,3,3,0,9,1,8
S01008618,Families with dependent children: Youngest aged 0 to 4,14,13,11,10,1,2,2,0,1,0,1
S01008618,Families with dependent children: Youngest aged 5 to 11,12,9,8,8,0,1,1,0,3,0,3
S01008618,Families with dependent children: Youngest aged 12 to 18,11,6,6,6,0,0,0,0,5,1,4
S01008619,All families in households,66,58,38,38,0,20,20,0,8,0,8
S01008619,Families with no dependent children,41,39,23,23,0,16,16,0,2,0,2
S01008619,Families with dependent children: Total,25,19,15,15,0,4,4,0,6,0,6
S01008619,Families with dependent children: Youngest aged 0 to 4,15,14,11,11,0,3,3,0,1,0,1
S01008619,Families with dependent children: Youngest aged 5 to 11,2,2,1,1,0,1,1,0,0,0,0
S01008619,Families with dependent children: Youngest aged 12 to 18,8,3,3,3,0,0,0,0,5,0,5
S01008620,All families in households,101,88,53,52,1,35,35,0,13,2,11
S01008620,Families with no dependent children,73,66,34,34,0,32,32,0,7,2,5
S01008620,Families with dependent children: Total,28,22,19,18,1,3,3,0,6,0,6
S01008620,Families with dependent children: Youngest aged 0 to 4,13,13,12,11,1,1,1,0,0,0,0
S01008620,Families with dependent children: Youngest aged 5 to 11,10,7,6,6,0,1,1,0,3,0,3
S01008620,Families with dependent children: Youngest aged 12 to 18,5,2,1,1,0,1,1,0,3,0,3
S01008621,All families in households,93,79,57,54,3,22,19,3,14,4,10
S01008621,Families with no dependent children,53,53,36,34,2,17,17,0,0,0,0
S01008621,Families with dependent children: Total,40,26,21,20,1,5,2,3,14,4,10
S01008621,Families with dependent children: Youngest aged 0 to 4,16,13,11,11,0,2,2,0,3,2,1
S01008621,Families with dependent children: Youngest aged 5 to 11,13,8,6,5,1,2,0,2,5,1,4
S01008621,Families with dependent children: Youngest aged 12 to 18,11,5,4,4,0,1,0,1,6,1,5
S01008622,All families in households,86,78,45,44,1,33,32,1,8,2,6
S01008622,Families with no dependent children,54,52,24,23,1,28,28,0,2,0,2
S01008622,Families with dependent children: Total,32,26,21,21,0,5,4,1,6,2,4
S01008622,Families with dependent children: Youngest aged 0 to 4,15,15,13,13,0,2,1,1,0,0,0
S01008622,Families with dependent children: Youngest aged 5 to 11,8,5,3,3,0,2,2,0,3,1,2
S01008622,Families with dependent children: Youngest aged 12 to 18,9,6,5,5,0,1,1,0,3,1,2
S01008623,All families in households,153,143,123,122,1,20,20,0,10,0,10
S01008623,Families with no dependent children,96,92,77,76,1,15,15,0,4,0,4
S01008623,Families with dependent children: Total,57,51,46,46,0,5,5,0,6,0,6
S01008623,Families with dependent children: Youngest aged 0 to 4,25,25,24,24,0,1,1,0,0,0,0
S01008623,Families with dependent children: Youngest aged 5 to 11,23,17,13,13,0,4,4,0,6,0,6
S01008623,Families with dependent children: Youngest aged 12 to 18,9,9,9,9,0,0,0,0,0,0,0
S01008624,All families in households,188,174,158,153,5,16,15,1,14,3,11
S01008624,Families with no dependent children,125,117,107,105,2,10,10,0,8,3,5
S01008624,Families with dependent children: Total,63,57,51,48,3,6,5,1,6,0,6
S01008624,Families with dependent children: Youngest aged 0 to 4,23,22,19,18,1,3,3,0,1,0,1
S01008624,Families with dependent children: Youngest aged 5 to 11,21,21,21,19,2,0,0,0,0,0,0
S01008624,Families with dependent children: Youngest aged 12 to 18,19,14,11,11,0,3,2,1,5,0,5
S01008625,All families in households,173,155,144,143,1,11,10,1,18,2,16
S01008625,Families with no dependent children,102,91,83,83,0,8,8,0,11,2,9
S01008625,Families with dependent children: Total,71,64,61,60,1,3,2,1,7,0,7
S01008625,Families with dependent children: Youngest aged 0 to 4,21,20,18,18,0,2,2,0,1,0,1
S01008625,Families with dependent children: Youngest aged 5 to 11,27,24,23,22,1,1,0,1,3,0,3
S01008625,Families with dependent children: Youngest aged 12 to 18,23,20,20,20,0,0,0,0,3,0,3
S01008626,All families in households,260,238,194,192,2,44,44,0,22,3,19
S01008626,Families with no dependent children,151,142,106,106,0,36,36,0,9,2,7
S01008626,Families with dependent children: Total,109,96,88,86,2,8,8,0,13,1,12
S01008626,Families with dependent children: Youngest aged 0 to 4,44,42,38,38,0,4,4,0,2,0,2
S01008626,Families with dependent children: Youngest aged 5 to 11,35,29,26,25,1,3,3,0,6,0,6
S01008626,Families with dependent children: Youngest aged 12 to 18,30,25,24,23,1,1,1,0,5,1,4
S01008627,All families in households,196,185,173,171,2,12,10,2,11,2,9
S01008627,Families with no dependent children,89,87,80,79,1,7,6,1,2,1,1
S01008627,Families with dependent children: Total,107,98,93,92,1,5,4,1,9,1,8
S01008627,Families with dependent children: Youngest aged 0 to 4,40,37,33,33,0,4,4,0,3,0,3
S01008627,Families with dependent children: Youngest aged 5 to 11,34,33,33,32,1,0,0,0,1,1,0
S01008627,Families with dependent children: Youngest aged 12 to 18,33,28,27,27,0,1,0,1,5,0,5
S01008628,All families in households,142,124,86,86,0,38,37,1,18,2,16
S01008628,Families with no dependent children,90,85,51,51,0,34,34,0,5,0,5
S01008628,Families with dependent children: Total,52,39,35,35,0,4,3,1,13,2,11
S01008628,Families with dependent children: Youngest aged 0 to 4,20,19,16,16,0,3,3,0,1,0,1
S01008628,Families with dependent children: Youngest aged 5 to 11,13,11,10,10,0,1,0,1,2,0,2
S01008628,Families with dependent children: Youngest aged 12 to 18,19,9,9,9,0,0,0,0,10,2,8
S01008629,All families in households,126,106,69,68,1,37,37,0,20,1,19
S01008629,Families with no dependent children,70,64,38,38,0,26,26,0,6,1,5
S01008629,Families with dependent children: Total,56,42,31,30,1,11,11,0,14,0,14
S01008629,Families with dependent children: Youngest aged 0 to 4,24,22,16,16,0,6,6,0,2,0,2
S01008629,Families with dependent children: Youngest aged 5 to 11,20,14,11,10,1,3,3,0,6,0,6
S01008629,Families with dependent children: Youngest aged 12 to 18,12,6,4,4,0,2,2,0,6,0,6
S01008630,All families in households,110,99,54,52,2,45,43,2,11,3,8
S01008630,Families with no dependent children,72,69,31,31,0,38,37,1,3,2,1
S01008630,Families with dependent children: Total,38,30,23,21,2,7,6,1,8,1,7
S01008630,Families with dependent children: Youngest aged 0 to 4,22,19,14,13,1,5,4,1,3,0,3
S01008630,Families with dependent children: Youngest aged 5 to 11,10,6,4,4,0,2,2,0,4,1,3
S01008630,Families with dependent children: Youngest aged 12 to 18,6,5,5,4,1,0,0,0,1,0,1
S01008631,All families in households,165,134,70,68,2,64,62,2,31,3,28
S01008631,Families with no dependent children,105,97,43,42,1,54,54,0,8,1,7
S01008631,Families with dependent children: Total,60,37,27,26,1,10,8,2,23,2,21
S01008631,Families with dependent children: Youngest aged 0 to 4,33,23,17,16,1,6,4,2,10,1,9
S01008631,Families with dependent children: Youngest aged 5 to 11,12,6,5,5,0,1,1,0,6,1,5
S01008631,Families with dependent children: Youngest aged 12 to 18,15,8,5,5,0,3,3,0,7,0,7
S01008632,All families in households,167,153,83,83,0,70,67,3,14,4,10
S01008632,Families with no dependent children,130,125,58,58,0,67,64,3,5,1,4
S01008632,Families with dependent children: Total,37,28,25,25,0,3,3,0,9,3,6
S01008632,Families with dependent children: Youngest aged 0 to 4,14,13,12,12,0,1,1,0,1,1,0
S01008632,Families with dependent children: Youngest aged 5 to 11,11,9,7,7,0,2,2,0,2,1,1
S01008632,Families with dependent children: Youngest aged 12 to 18,12,6,6,6,0,0,0,0,6,1,5
S01008633,All families in households,236,208,184,182,2,24,23,1,28,5,23
S01008633,Families with no dependent children,141,136,116,115,1,20,20,0,5,0,5
S01008633,Families with dependent children: Total,95,72,68,67,1,4,3,1,23,5,18
S01008633,Families with dependent children: Youngest aged 0 to 4,32,25,23,23,0,2,2,0,7,0,7
S01008633,Families with dependent children: Youngest aged 5 to 11,32,26,25,24,1,1,1,0,6,0,6
S01008633,Families with dependent children: Youngest aged 12 to 18,31,21,20,20,0,1,0,1,10,5,5
S01008634,All families in households,169,152,126,125,1,26,25,1,17,3,14
S01008634,Families with no dependent children,91,83,64,63,1,19,19,0,8,2,6
S01008634,Families with dependent children: Total,78,69,62,62,0,7,6,1,9,1,8
S01008634,Families with dependent children: Youngest aged 0 to 4,33,31,27,27,0,4,3,1,2,0,2
S01008634,Families with dependent children: Youngest aged 5 to 11,16,15,13,13,0,2,2,0,1,0,1
S01008634,Families with dependent children: Youngest aged 12 to 18,29,23,22,22,0,1,1,0,6,1,5
S01008635,All families in households,187,174,140,138,2,34,34,0,13,2,11
S01008635,Families with no dependent children,119,115,85,84,1,30,30,0,4,1,3
S01008635,Families with dependent children: Total,68,59,55,54,1,4,4,0,9,1,8
S01008635,Families with dependent children: Youngest aged 0 to 4,23,23,20,20,0,3,3,0,0,0,0
S01008635,Families with dependent children: Youngest aged 5 to 11,21,17,17,17,0,0,0,0,4,0,4
S01008635,Families with dependent children: Youngest aged 12 to 18,24,19,18,17,1,1,1,0,5,1,4
S01008636,All families in households,190,172,145,142,3,27,23,4,18,4,14
S01008636,Families with no dependent children,116,108,86,85,1,22,21,1,8,3,5
S01008636,Families with dependent children: Total,74,64,59,57,2,5,2,3,10,1,9
S01008636,Families with dependent children: Youngest aged 0 to 4,31,30,29,29,0,1,1,0,1,0,1
S01008636,Families with dependent children: Youngest aged 5 to 11,22,20,17,16,1,3,1,2,2,1,1
S01008636,Families with dependent children: Youngest aged 12 to 18,21,14,13,12,1,1,0,1,7,0,7
S01008637,All families in households,163,148,113,112,1,35,34,1,15,1,14
S01008637,Families with no dependent children,103,99,73,73,0,26,26,0,4,1,3
S01008637,Families with dependent children: Total,60,49,40,39,1,9,8,1,11,0,11
S01008637,Families with dependent children: Youngest aged 0 to 4,23,21,16,16,0,5,5,0,2,0,2
S01008637,Families with dependent children: Youngest aged 5 to 11,27,19,16,16,0,3,2,1,8,0,8
S01008637,Families with dependent children: Youngest aged 12 to 18,10,9,8,7,1,1,1,0,1,0,1
S01008638,All families in households,143,131,90,86,4,41,41,0,12,3,9
S01008638,Families with no dependent children,94,89,57,57,0,32,32,0,5,1,4
S01008638,Families with dependent children: Total,49,42,33,29,4,9,9,0,7,2,5
S01008638,Families with dependent children: Youngest aged 0 to 4,23,20,16,16,0,4,4,0,3,1,2
S01008638,Families with dependent children: Youngest aged 5 to 11,14,12,9,6,3,3,3,0,2,0,2
S01008638,Families with dependent children: Youngest aged 12 to 18,12,10,8,7,1,2,2,0,2,1,1
S01008639,All families in households,183,166,101,98,3,65,64,1,17,0,17
S01008639,Families with no dependent children,122,120,61,59,2,59,59,0,2,0,2
S01008639,Families with dependent children: Total,61,46,40,39,1,6,5,1,15,0,15
S01008639,Families with dependent children: Youngest aged 0 to 4,30,22,18,18,0,4,3,1,8,0,8
S01008639,Families with dependent children: Youngest aged 5 to 11,14,13,12,12,0,1,1,0,1,0,1
S01008639,Families with dependent children: Youngest aged 12 to 18,17,11,10,9,1,1,1,0,6,0,6
S01008640,All families in households,150,129,69,68,1,60,60,0,21,3,18
S01008640,Families with no dependent children,97,95,43,43,0,52,52,0,2,0,2
S01008640,Families with dependent children: Total,53,34,26,25,1,8,8,0,19,3,16
S01008640,Families with dependent children: Youngest aged 0 to 4,27,20,15,14,1,5,5,0,7,1,6
S01008640,Families with dependent children: Youngest aged 5 to 11,12,5,5,5,0,0,0,0,7,0,7
S01008640,Families with dependent children: Youngest aged 12 to 18,14,9,6,6,0,3,3,0,5,2,3
S01008641,All families in households,113,99,55,55,0,44,41,3,14,1,13
S01008641,Families with no dependent children,77,73,35,35,0,38,38,0,4,0,4
S01008641,Families with dependent children: Total,36,26,20,20,0,6,3,3,10,1,9
S01008641,Families with dependent children: Youngest aged 0 to 4,11,10,7,7,0,3,2,1,1,0,1
S01008641,Families with dependent children: Youngest aged 5 to 11,15,10,8,8,0,2,1,1,5,0,5
S01008641,Families with dependent children: Youngest aged 12 to 18,10,6,5,5,0,1,0,1,4,1,3
S01008642,All families in households,178,160,108,106,2,52,49,3,18,3,15
S01008642,Families with no dependent children,114,109,63,61,2,46,45,1,5,3,2
S01008642,Families with dependent children: Total,64,51,45,45,0,6,4,2,13,0,13
S01008642,Families with dependent children: Youngest aged 0 to 4,29,25,22,22,0,3,3,0,4,0,4
S01008642,Families with dependent children: Youngest aged 5 to 11,21,15,13,13,0,2,1,1,6,0,6
S01008642,Families with dependent children: Youngest aged 12 to 18,14,11,10,10,0,1,0,1,3,0,3
S01008643,All families in households,163,149,95,93,2,54,52,2,14,1,13
S01008643,Families with no dependent children,98,95,56,54,2,39,39,0,3,0,3
S01008643,Families with dependent children: Total,65,54,39,39,0,15,13,2,11,1,10
S01008643,Families with dependent children: Youngest aged 0 to 4,34,29,19,19,0,10,10,0,5,1,4
S01008643,Families with dependent children: Youngest aged 5 to 11,18,14,10,10,0,4,3,1,4,0,4
S01008643,Families with dependent children: Youngest aged 12 to 18,13,11,10,10,0,1,0,1,2,0,2
S01008644,All families in households,133,117,73,73,0,44,43,1,16,1,15
S01008644,Families with no dependent children,90,81,40,40,0,41,41,0,9,0,9
S01008644,Families with dependent children: Total,43,36,33,33,0,3,2,1,7,1,6
S01008644,Families with dependent children: Youngest aged 0 to 4,21,20,20,20,0,0,0,0,1,0,1
S01008644,Families with dependent children: Youngest aged 5 to 11,15,13,10,10,0,3,2,1,2,0,2
S01008644,Families with dependent children: Youngest aged 12 to 18,7,3,3,3,0,0,0,0,4,1,3
S01008645,All families in households,168,149,92,92,0,57,56,1,19,0,19
S01008645,Families with no dependent children,99,96,46,46,0,50,50,0,3,0,3
S01008645,Families with dependent children: Total,69,53,46,46,0,7,6,1,16,0,16
S01008645,Families with dependent children: Youngest aged 0 to 4,31,30,24,24,0,6,6,0,1,0,1
S01008645,Families with dependent children: Youngest aged 5 to 11,24,16,15,15,0,1,0,1,8,0,8
S01008645,Families with dependent children: Youngest aged 12 to 18,14,7,7,7,0,0,0,0,7,0,7
S01008646,All families in households,180,158,101,99,2,57,56,1,22,3,19
S01008646,Families with no dependent children,123,117,64,64,0,53,53,0,6,1,5
S01008646,Families with dependent children: Total,57,41,37,35,2,4,3,1,16,2,14
S01008646,Families with dependent children: Youngest aged 0 to 4,29,25,23,22,1,2,2,0,4,0,4
S01008646,Families with dependent children: Youngest aged 5 to 11,13,7,6,6,0,1,1,0,6,0,6
S01008646,Families with dependent children: Youngest aged 12 to 18,15,9,8,7,1,1,0,1,6,2,4
S01008647,All families in households,118,114,60,56,4,54,53,1,4,1,3
S01008647,Families with no dependent children,88,86,35,32,3,51,51,0,2,1,1
S01008647,Families with dependent children: Total,30,28,25,24,1,3,2,1,2,0,2
S01008647,Families with dependent children: Youngest aged 0 to 4,22,21,19,19,0,2,1,1,1,0,1
S01008647,Families with dependent children: Youngest aged 5 to 11,2,2,1,1,0,1,1,0,0,0,0
S01008647,Families with dependent children: Youngest aged 12 to 18,6,5,5,4,1,0,0,0,1,0,1
S01008648,All families in households,123,114,47,46,1,67,66,1,9,1,8
S01008648,Families with no dependent children,95,91,32,32,0,59,59,0,4,0,4
S01008648,Families with dependent children: Total,28,23,15,14,1,8,7,1,5,1,4
S01008648,Families with dependent children: Youngest aged 0 to 4,18,16,10,9,1,6,6,0,2,0,2
S01008648,Families with dependent children: Youngest aged 5 to 11,7,6,5,5,0,1,0,1,1,0,1
S01008648,Families with dependent children: Youngest aged 12 to 18,3,1,0,0,0,1,1,0,2,1,1
S01008649,All families in households,190,179,67,67,0,112,112,0,11,0,11
S01008649,Families with no dependent children,164,159,52,52,0,107,107,0,5,0,5
S01008649,Families with dependent children: Total,26,20,15,15,0,5,5,0,6,0,6
S01008649,Families with dependent children: Youngest aged 0 to 4,16,12,7,7,0,5,5,0,4,0,4
S01008649,Families with dependent children: Youngest aged 5 to 11,7,5,5,5,0,0,0,0,2,0,2
S01008649,Families with dependent children: Youngest aged 12 to 18,3,3,3,3,0,0,0,0,0,0,0
S01008650,All families in households,136,130,51,49,2,79,79,0,6,1,5
S01008650,Families with no dependent children,116,113,38,38,0,75,75,0,3,1,2
S01008650,Families with dependent children: Total,20,17,13,11,2,4,4,0,3,0,3
S01008650,Families with dependent children: Youngest aged 0 to 4,9,9,6,6,0,3,3,0,0,0,0
S01008650,Families with dependent children: Youngest aged 5 to 11,6,5,5,4,1,0,0,0,1,0,1
S01008650,Families with dependent children: Youngest aged 12 to 18,5,3,2,1,1,1,1,0,2,0,2
S01008651,All families in households,125,118,44,43,1,74,74,0,7,1,6
S01008651,Families with no dependent children,112,109,38,37,1,71,71,0,3,1,2
S01008651,Families with dependent children: Total,13,9,6,6,0,3,3,0,4,0,4
S01008651,Families with dependent children: Youngest aged 0 to 4,7,6,4,4,0,2,2,0,1,0,1
S01008651,Families with dependent children: Youngest aged 5 to 11,3,2,1,1,0,1,1,0,1,0,1
S01008651,Families with dependent children: Youngest aged 12 to 18,3,1,1,1,0,0,0,0,2,0,2
S01008652,All families in households,99,88,27,25,2,61,61,0,11,3,8
S01008652,Families with no dependent children,84,78,24,23,1,54,54,0,6,1,5
S01008652,Families with dependent children: Total,15,10,3,2,1,7,7,0,5,2,3
S01008652,Families with dependent children: Youngest aged 0 to 4,7,6,2,2,0,4,4,0,1,0,1
S01008652,Families with dependent children: Youngest aged 5 to 11,2,2,0,0,0,2,2,0,0,0,0
S01008652,Families with dependent children: Youngest aged 12 to 18,6,2,1,0,1,1,1,0,4,2,2
S01008653,All families in households,109,92,49,47,2,43,42,1,17,0,17
S01008653,Families with no dependent children,81,71,31,30,1,40,40,0,10,0,10
S01008653,Families with dependent children: Total,28,21,18,17,1,3,2,1,7,0,7
S01008653,Families with dependent children: Youngest aged 0 to 4,16,15,13,13,0,2,1,1,1,0,1
S01008653,Families with dependent children: Youngest aged 5 to 11,4,4,3,2,1,1,1,0,0,0,0
S01008653,Families with dependent children: Youngest aged 12 to 18,8,2,2,2,0,0,0,0,6,0,6
S01008654,All families in households,187,161,72,71,1,89,89,0,26,2,24
S01008654,Families with no dependent children,146,137,50,49,1,87,87,0,9,1,8
S01008654,Families with dependent children: Total,41,24,22,22,0,2,2,0,17,1,16
S01008654,Families with dependent children: Youngest aged 0 to 4,19,14,12,12,0,2,2,0,5,0,5
S01008654,Families with dependent children: Youngest aged 5 to 11,15,8,8,8,0,0,0,0,7,0,7
S01008654,Families with dependent children: Youngest aged 12 to 18,7,2,2,2,0,0,0,0,5,1,4
S01008655,All families in households,139,127,67,65,2,60,60,0,12,1,11
S01008655,Families with no dependent children,107,101,45,45,0,56,56,0,6,0,6
S01008655,Families with dependent children: Total,32,26,22,20,2,4,4,0,6,1,5
S01008655,Families with dependent children: Youngest aged 0 to 4,17,17,15,15,0,2,2,0,0,0,0
S01008655,Families with dependent children: Youngest aged 5 to 11,8,4,3,3,0,1,1,0,4,0,4
S01008655,Families with dependent children: Youngest aged 12 to 18,7,5,4,2,2,1,1,0,2,1,1
S01008656,All families in households,106,95,50,49,1,45,44,1,11,4,7
S01008656,Families with no dependent children,77,75,33,33,0,42,41,1,2,1,1
S01008656,Families with dependent children: Total,29,20,17,16,1,3,3,0,9,3,6
S01008656,Families with dependent children: Youngest aged 0 to 4,18,17,14,14,0,3,3,0,1,0,1
S01008656,Families with dependent children: Youngest aged 5 to 11,7,2,2,1,1,0,0,0,5,2,3
S01008656,Families with dependent children: Youngest aged 12 to 18,4,1,1,1,0,0,0,0,3,1,2
S01008657,All families in households,146,120,52,49,3,68,66,2,26,1,25
S01008657,Families with no dependent children,93,86,35,33,2,51,50,1,7,1,6
S01008657,Families with dependent children: Total,53,34,17,16,1,17,16,1,19,0,19
S01008657,Families with dependent children: Youngest aged 0 to 4,30,24,13,13,0,11,11,0,6,0,6
S01008657,Families with dependent children: Youngest aged 5 to 11,13,6,1,1,0,5,4,1,7,0,7
S01008657,Families with dependent children: Youngest aged 12 to 18,10,4,3,2,1,1,1,0,6,0,6
S01008658,All families in households,173,148,60,59,1,88,86,2,25,2,23
S01008658,Families with no dependent children,133,126,42,42,0,84,83,1,7,1,6
S01008658,Families with dependent children: Total,40,22,18,17,1,4,3,1,18,1,17
S01008658,Families with dependent children: Youngest aged 0 to 4,17,13,11,11,0,2,2,0,4,0,4
S01008658,Families with dependent children: Youngest aged 5 to 11,15,6,6,5,1,0,0,0,9,0,9
S01008658,Families with dependent children: Youngest aged 12 to 18,8,3,1,1,0,2,1,1,5,1,4
S01008659,All families in households,118,99,40,39,1,59,58,1,19,0,19
S01008659,Families with no dependent children,91,88,31,30,1,57,57,0,3,0,3
S01008659,Families with dependent children: Total,27,11,9,9,0,2,1,1,16,0,16
S01008659,Families with dependent children: Youngest aged 0 to 4,12,7,7,7,0,0,0,0,5,0,5
S01008659,Families with dependent children: Youngest aged 5 to 11,8,3,1,1,0,2,1,1,5,0,5
S01008659,Families with dependent children: Youngest aged 12 to 18,7,1,1,1,0,0,0,0,6,0,6
S01008660,All families in households,141,120,58,58,0,62,61,1,21,3,18
S01008660,Families with no dependent children,99,92,39,39,0,53,53,0,7,2,5
S01008660,Families with dependent children: Total,42,28,19,19,0,9,8,1,14,1,13
S01008660,Families with dependent children: Youngest aged 0 to 4,19,15,9,9,0,6,6,0,4,0,4
S01008660,Families with dependent children: Youngest aged 5 to 11,10,5,5,5,0,0,0,0,5,0,5
S01008660,Families with dependent children: Youngest aged 12 to 18,13,8,5,5,0,3,2,1,5,1,4
S01008661,All families in households,124,96,43,42,1,53,50,3,28,3,25
S01008661,Families with no dependent children,97,83,33,32,1,50,49,1,14,2,12
S01008661,Families with dependent children: Total,27,13,10,10,0,3,1,2,14,1,13
S01008661,Families with dependent children: Youngest aged 0 to 4,10,5,5,5,0,0,0,0,5,1,4
S01008661,Families with dependent children: Youngest aged 5 to 11,7,4,2,2,0,2,1,1,3,0,3
S01008661,Families with dependent children: Youngest aged 12 to 18,10,4,3,3,0,1,0,1,6,0,6
S01008662,All families in households,56,46,15,15,0,31,31,0,10,1,9
S01008662,Families with no dependent children,40,39,8,8,0,31,31,0,1,0,1
S01008662,Families with dependent children: Total,16,7,7,7,0,0,0,0,9,1,8
S01008662,Families with dependent children: Youngest aged 0 to 4,5,5,5,5,0,0,0,0,0,0,0
S01008662,Families with dependent children: Youngest aged 5 to 11,7,1,1,1,0,0,0,0,6,0,6
S01008662,Families with dependent children: Youngest aged 12 to 18,4,1,1,1,0,0,0,0,3,1,2
S01008663,All families in households,118,95,44,44,0,51,50,1,23,2,21
S01008663,Families with no dependent children,93,83,35,35,0,48,48,0,10,2,8
S01008663,Families with dependent children: Total,25,12,9,9,0,3,2,1,13,0,13
S01008663,Families with dependent children: Youngest aged 0 to 4,12,7,5,5,0,2,1,1,5,0,5
S01008663,Families with dependent children: Youngest aged 5 to 11,8,4,3,3,0,1,1,0,4,0,4
S01008663,Families with dependent children: Youngest aged 12 to 18,5,1,1,1,0,0,0,0,4,0,4
S01008664,All families in households,119,110,51,50,1,59,57,2,9,0,9
S01008664,Families with no dependent children,95,93,40,40,0,53,52,1,2,0,2
S01008664,Families with dependent children: Total,24,17,11,10,1,6,5,1,7,0,7
S01008664,Families with dependent children: Youngest aged 0 to 4,11,11,7,7,0,4,3,1,0,0,0
S01008664,Families with dependent children: Youngest aged 5 to 11,7,4,4,3,1,0,0,0,3,0,3
S01008664,Families with dependent children: Youngest aged 12 to 18,6,2,0,0,0,2,2,0,4,0,4
S01008665,All families in households,176,145,63,61,2,82,81,1,31,6,25
S01008665,Families with no dependent children,118,113,39,39,0,74,74,0,5,1,4
S01008665,Families with dependent children: Total,58,32,24,22,2,8,7,1,26,5,21
S01008665,Families with dependent children: Youngest aged 0 to 4,29,20,13,13,0,7,6,1,9,0,9
S01008665,Families with dependent children: Youngest aged 5 to 11,16,8,8,7,1,0,0,0,8,1,7
S01008665,Families with dependent children: Youngest aged 12 to 18,13,4,3,2,1,1,1,0,9,4,5
S01008666,All families in households,101,91,42,42,0,49,48,1,10,0,10
S01008666,Families with no dependent children,67,63,22,22,0,41,41,0,4,0,4
S01008666,Families with dependent children: Total,34,28,20,20,0,8,7,1,6,0,6
S01008666,Families with dependent children: Youngest aged 0 to 4,18,15,10,10,0,5,4,1,3,0,3
S01008666,Families with dependent children: Youngest aged 5 to 11,8,8,6,6,0,2,2,0,0,0,0
S01008666,Families with dependent children: Youngest aged 12 to 18,8,5,4,4,0,1,1,0,3,0,3
S01008667,All families in households,128,97,57,56,1,40,37,3,31,3,28
S01008667,Families with no dependent children,82,69,38,38,0,31,31,0,13,1,12
S01008667,Families with dependent children: Total,46,28,19,18,1,9,6,3,18,2,16
S01008667,Families with dependent children: Youngest aged 0 to 4,13,11,6,5,1,5,3,2,2,1,1
S01008667,Families with dependent children: Youngest aged 5 to 11,13,9,6,6,0,3,2,1,4,0,4
S01008667,Families with dependent children: Youngest aged 12 to 18,20,8,7,7,0,1,1,0,12,1,11
S01008668,All families in households,88,76,29,29,0,47,47,0,12,1,11
S01008668,Families with no dependent children,71,68,23,23,0,45,45,0,3,1,2
S01008668,Families with dependent children: Total,17,8,6,6,0,2,2,0,9,0,9
S01008668,Families with dependent children: Youngest aged 0 to 4,14,8,6,6,0,2,2,0,6,0,6
S01008668,Families with dependent children: Youngest aged 5 to 11,0,0,0,0,0,0,0,0,0,0,0
S01008668,Families with dependent children: Youngest aged 12 to 18,3,0,0,0,0,0,0,0,3,0,3
S01008669,All families in households,31,22,13,12,1,9,9,0,9,0,9
S01008669,Families with no dependent children,16,13,7,7,0,6,6,0,3,0,3
S01008669,Families with dependent children: Total,15,9,6,5,1,3,3,0,6,0,6
S01008669,Families with dependent children: Youngest aged 0 to 4,8,5,3,2,1,2,2,0,3,0,3
S01008669,Families with dependent children: Youngest aged 5 to 11,5,2,2,2,0,0,0,0,3,0,3
S01008669,Families with dependent children: Youngest aged 12 to 18,2,2,1,1,0,1,1,0,0,0,0
S01008670,All families in households,65,57,38,36,2,19,19,0,8,1,7
S01008670,Families with no dependent children,44,43,26,25,1,17,17,0,1,0,1
S01008670,Families with dependent children: Total,21,14,12,11,1,2,2,0,7,1,6
S01008670,Families with dependent children: Youngest aged 0 to 4,13,12,10,9,1,2,2,0,1,0,1
S01008670,Families with dependent children: Youngest aged 5 to 11,4,0,0,0,0,0,0,0,4,0,4
S01008670,Families with dependent children: Youngest aged 12 to 18,4,2,2,2,0,0,0,0,2,1,1
S01008671,All families in households,57,46,16,16,0,30,29,1,11,1,10
S01008671,Families with no dependent children,47,42,14,14,0,28,28,0,5,0,5
S01008671,Families with dependent children: Total,10,4,2,2,0,2,1,1,6,1,5
S01008671,Families with dependent children: Youngest aged 0 to 4,3,1,1,1,0,0,0,0,2,0,2
S01008671,Families with dependent children: Youngest aged 5 to 11,3,1,0,0,0,1,1,0,2,0,2
S01008671,Families with dependent children: Youngest aged 12 to 18,4,2,1,1,0,1,0,1,2,1,1
S01008672,All families in households,88,79,43,43,0,36,36,0,9,1,8
S01008672,Families with no dependent children,63,61,28,28,0,33,33,0,2,0,2
S01008672,Families with dependent children: Total,25,18,15,15,0,3,3,0,7,1,6
S01008672,Families with dependent children: Youngest aged 0 to 4,12,11,10,10,0,1,1,0,1,0,1
S01008672,Families with dependent children: Youngest aged 5 to 11,7,3,2,2,0,1,1,0,4,0,4
S01008672,Families with dependent children: Youngest aged 12 to 18,6,4,3,3,0,1,1,0,2,1,1
S01008673,All families in households,162,138,86,86,0,52,52,0,24,2,22
S01008673,Families with no dependent children,112,108,60,60,0,48,48,0,4,2,2
S01008673,Families with dependent children: Total,50,30,26,26,0,4,4,0,20,0,20
S01008673,Families with dependent children: Youngest aged 0 to 4,24,20,17,17,0,3,3,0,4,0,4
S01008673,Families with dependent children: Youngest aged 5 to 11,16,9,8,8,0,1,1,0,7,0,7
S01008673,Families with dependent children: Youngest aged 12 to 18,10,1,1,1,0,0,0,0,9,0,9
S01008674,All families in households,101,87,26,25,1,61,60,1,14,1,13
S01008674,Families with no dependent children,79,75,17,17,0,58,57,1,4,0,4
S01008674,Families with dependent children: Total,22,12,9,8,1,3,3,0,10,1,9
S01008674,Families with dependent children: Youngest aged 0 to 4,8,8,5,4,1,3,3,0,0,0,0
S01008674,Families with dependent children: Youngest aged 5 to 11,9,3,3,3,0,0,0,0,6,1,5
S01008674,Families with dependent children: Youngest aged 12 to 18,5,1,1,1,0,0,0,0,4,0,4
S01008675,All families in households,117,102,50,50,0,52,51,1,15,1,14
S01008675,Families with no dependent children,91,86,38,38,0,48,47,1,5,0,5
S01008675,Families with dependent children: Total,26,16,12,12,0,4,4,0,10,1,9
S01008675,Families with dependent children: Youngest aged 0 to 4,16,12,9,9,0,3,3,0,4,1,3
S01008675,Families with dependent children: Youngest aged 5 to 11,7,2,2,2,0,0,0,0,5,0,5
S01008675,Families with dependent children: Youngest aged 12 to 18,3,2,1,1,0,1,1,0,1,0,1
S01008676,All families in households,123,105,55,55,0,50,49,1,18,4,14
S01008676,Families with no dependent children,96,89,41,41,0,48,48,0,7,4,3
S01008676,Families with dependent children: Total,27,16,14,14,0,2,1,1,11,0,11
S01008676,Families with dependent children: Youngest aged 0 to 4,13,8,8,8,0,0,0,0,5,0,5
S01008676,Families with dependent children: Youngest aged 5 to 11,11,6,4,4,0,2,1,1,5,0,5
S01008676,Families with dependent children: Youngest aged 12 to 18,3,2,2,2,0,0,0,0,1,0,1
S01008677,All families in households,102,87,31,30,1,56,55,1,15,2,13
S01008677,Families with no dependent children,79,72,22,22,0,50,50,0,7,1,6
S01008677,Families with dependent children: Total,23,15,9,8,1,6,5,1,8,1,7
S01008677,Families with dependent children: Youngest aged 0 to 4,11,9,6,6,0,3,2,1,2,0,2
S01008677,Families with dependent children: Youngest aged 5 to 11,6,2,2,1,1,0,0,0,4,1,3
S01008677,Families with dependent children: Youngest aged 12 to 18,6,4,1,1,0,3,3,0,2,0,2
S01008678,All families in households,92,73,33,33,0,40,40,0,19,2,17
S01008678,Families with no dependent children,65,60,23,23,0,37,37,0,5,0,5
S01008678,Families with dependent children: Total,27,13,10,10,0,3,3,0,14,2,12
S01008678,Families with dependent children: Youngest aged 0 to 4,14,10,7,7,0,3,3,0,4,0,4
S01008678,Families with dependent children: Youngest aged 5 to 11,6,1,1,1,0,0,0,0,5,2,3
S01008678,Families with dependent children: Youngest aged 12 to 18,7,2,2,2,0,0,0,0,5,0,5
S01008679,All families in households,97,73,33,33,0,40,40,0,24,6,18
S01008679,Families with no dependent children,70,64,26,26,0,38,38,0,6,2,4
S01008679,Families with dependent children: Total,27,9,7,7,0,2,2,0,18,4,14
S01008679,Families with dependent children: Youngest aged 0 to 4,14,5,3,3,0,2,2,0,9,0,9
S01008679,Families with dependent children: Youngest aged 5 to 11,7,2,2,2,0,0,0,0,5,4,1
S01008679,Families with dependent children: Youngest aged 12 to 18,6,2,2,2,0,0,0,0,4,0,4
S01008680,All families in households,83,69,36,35,1,33,32,1,14,2,12
S01008680,Families with no dependent children,63,59,28,28,0,31,31,0,4,1,3
S01008680,Families with dependent children: Total,20,10,8,7,1,2,1,1,10,1,9
S01008680,Families with dependent children: Youngest aged 0 to 4,6,2,2,2,0,0,0,0,4,0,4
S01008680,Families with dependent children: Youngest aged 5 to 11,8,6,4,3,1,2,1,1,2,1,1
S01008680,Families with dependent children: Youngest aged 12 to 18,6,2,2,2,0,0,0,0,4,0,4
S01008681,All families in households,108,90,44,44,0,46,44,2,18,2,16
S01008681,Families with no dependent children,84,79,37,37,0,42,42,0,5,2,3
S01008681,Families with dependent children: Total,24,11,7,7,0,4,2,2,13,0,13
S01008681,Families with dependent children: Youngest aged 0 to 4,15,8,6,6,0,2,2,0,7,0,7
S01008681,Families with dependent children: Youngest aged 5 to 11,4,2,1,1,0,1,0,1,2,0,2
S01008681,Families with dependent children: Youngest aged 12 to 18,5,1,0,0,0,1,0,1,4,0,4
S01008682,All families in households,125,98,61,61,0,37,36,1,27,4,23
S01008682,Families with no dependent children,81,73,40,40,0,33,33,0,8,1,7
S01008682,Families with dependent children: Total,44,25,21,21,0,4,3,1,19,3,16
S01008682,Families with dependent children: Youngest aged 0 to 4,23,17,14,14,0,3,2,1,6,0,6
S01008682,Families with dependent children: Youngest aged 5 to 11,13,5,4,4,0,1,1,0,8,1,7
S01008682,Families with dependent children: Youngest aged 12 to 18,8,3,3,3,0,0,0,0,5,2,3
S01008683,All families in households,202,116,67,63,4,49,45,4,86,6,80
S01008683,Families with no dependent children,106,83,41,40,1,42,41,1,23,2,21
S01008683,Families with dependent children: Total,96,33,26,23,3,7,4,3,63,4,59
S01008683,Families with dependent children: Youngest aged 0 to 4,45,20,15,14,1,5,4,1,25,1,24
S01008683,Families with dependent children: Youngest aged 5 to 11,33,9,8,6,2,1,0,1,24,3,21
S01008683,Families with dependent children: Youngest aged 12 to 18,18,4,3,3,0,1,0,1,14,0,14
S01008684,All families in households,194,114,80,76,4,34,34,0,80,2,78
S01008684,Families with no dependent children,95,78,51,49,2,27,27,0,17,1,16
S01008684,Families with dependent children: Total,99,36,29,27,2,7,7,0,63,1,62
S01008684,Families with dependent children: Youngest aged 0 to 4,42,26,21,21,0,5,5,0,16,0,16
S01008684,Families with dependent children: Youngest aged 5 to 11,35,8,7,6,1,1,1,0,27,0,27
S01008684,Families with dependent children: Youngest aged 12 to 18,22,2,1,0,1,1,1,0,20,1,19
S01008685,All families in households,138,114,68,68,0,46,43,3,24,2,22
S01008685,Families with no dependent children,98,89,51,51,0,38,37,1,9,2,7
S01008685,Families with dependent children: Total,40,25,17,17,0,8,6,2,15,0,15
S01008685,Families with dependent children: Youngest aged 0 to 4,15,13,8,8,0,5,5,0,2,0,2
S01008685,Families with dependent children: Youngest aged 5 to 11,15,9,7,7,0,2,1,1,6,0,6
S01008685,Families with dependent children: Youngest aged 12 to 18,10,3,2,2,0,1,0,1,7,0,7
S01008686,All families in households,196,149,87,84,3,62,57,5,47,8,39
S01008686,Families with no dependent children,134,120,65,63,2,55,53,2,14,3,11
S01008686,Families with dependent children: Total,62,29,22,21,1,7,4,3,33,5,28
S01008686,Families with dependent children: Youngest aged 0 to 4,29,14,11,10,1,3,2,1,15,2,13
S01008686,Families with dependent children: Youngest aged 5 to 11,14,6,5,5,0,1,1,0,8,0,8
S01008686,Families with dependent children: Youngest aged 12 to 18,19,9,6,6,0,3,1,2,10,3,7
S01008687,All families in households,145,127,48,48,0,79,79,0,18,4,14
S01008687,Families with no dependent children,122,116,37,37,0,79,79,0,6,1,5
S01008687,Families with dependent children: Total,23,11,11,11,0,0,0,0,12,3,9
S01008687,Families with dependent children: Youngest aged 0 to 4,11,9,9,9,0,0,0,0,2,0,2
S01008687,Families with dependent children: Youngest aged 5 to 11,7,1,1,1,0,0,0,0,6,3,3
S01008687,Families with dependent children: Youngest aged 12 to 18,5,1,1,1,0,0,0,0,4,0,4
S01008688,All families in households,200,176,89,88,1,87,83,4,24,3,21
S01008688,Families with no dependent children,138,133,56,56,0,77,76,1,5,1,4
S01008688,Families with dependent children: Total,62,43,33,32,1,10,7,3,19,2,17
S01008688,Families with dependent children: Youngest aged 0 to 4,36,28,23,23,0,5,5,0,8,0,8
S01008688,Families with dependent children: Youngest aged 5 to 11,17,9,6,6,0,3,2,1,8,1,7
S01008688,Families with dependent children: Youngest aged 12 to 18,9,6,4,3,1,2,0,2,3,1,2
S01008689,All families in households,196,179,79,79,0,100,100,0,17,1,16
S01008689,Families with no dependent children,154,148,60,60,0,88,88,0,6,0,6
S01008689,Families with dependent children: Total,42,31,19,19,0,12,12,0,11,1,10
S01008689,Families with dependent children: Youngest aged 0 to 4,28,18,8,8,0,10,10,0,10,0,10
S01008689,Families with dependent children: Youngest aged 5 to 11,6,6,6,6,0,0,0,0,0,0,0
S01008689,Families with dependent children: Youngest aged 12 to 18,8,7,5,5,0,2,2,0,1,1,0
S01008690,All families in households,229,201,97,95,2,104,103,1,28,4,24
S01008690,Families with no dependent children,168,162,68,67,1,94,94,0,6,2,4
S01008690,Families with dependent children: Total,61,39,29,28,1,10,9,1,22,2,20
S01008690,Families with dependent children: Youngest aged 0 to 4,36,27,18,17,1,9,8,1,9,0,9
S01008690,Families with dependent children: Youngest aged 5 to 11,16,7,6,6,0,1,1,0,9,1,8
S01008690,Families with dependent children: Youngest aged 12 to 18,9,5,5,5,0,0,0,0,4,1,3
S01008691,All families in households,229,209,89,88,1,120,119,1,20,5,15
S01008691,Families with no dependent children,181,173,65,65,0,108,108,0,8,3,5
S01008691,Families with dependent children: Total,48,36,24,23,1,12,11,1,12,2,10
S01008691,Families with dependent children: Youngest aged 0 to 4,31,28,18,17,1,10,9,1,3,0,3
S01008691,Families with dependent children: Youngest aged 5 to 11,14,6,4,4,0,2,2,0,8,2,6
S01008691,Families with dependent children: Youngest aged 12 to 18,3,2,2,2,0,0,0,0,1,0,1
S01008692,All families in households,137,128,67,66,1,61,60,1,9,0,9
S01008692,Families with no dependent children,113,111,53,52,1,58,58,0,2,0,2
S01008692,Families with dependent children: Total,24,17,14,14,0,3,2,1,7,0,7
S01008692,Families with dependent children: Youngest aged 0 to 4,14,11,8,8,0,3,2,1,3,0,3
S01008692,Families with dependent children: Youngest aged 5 to 11,6,3,3,3,0,0,0,0,3,0,3
S01008692,Families with dependent children: Youngest aged 12 to 18,4,3,3,3,0,0,0,0,1,0,1
S01008693,All families in households,144,131,111,109,2,20,17,3,13,3,10
S01008693,Families with no dependent children,95,88,75,74,1,13,13,0,7,3,4
S01008693,Families with dependent children: Total,49,43,36,35,1,7,4,3,6,0,6
S01008693,Families with dependent children: Youngest aged 0 to 4,17,16,12,12,0,4,3,1,1,0,1
S01008693,Families with dependent children: Youngest aged 5 to 11,12,9,6,6,0,3,1,2,3,0,3
S01008693,Families with dependent children: Youngest aged 12 to 18,20,18,18,17,1,0,0,0,2,0,2
S01008694,All families in households,253,224,119,115,4,105,100,5,29,3,26
S01008694,Families with no dependent children,171,160,73,73,0,87,86,1,11,1,10
S01008694,Families with dependent children: Total,82,64,46,42,4,18,14,4,18,2,16
S01008694,Families with dependent children: Youngest aged 0 to 4,43,38,27,27,0,11,11,0,5,0,5
S01008694,Families with dependent children: Youngest aged 5 to 11,21,15,9,8,1,6,2,4,6,2,4
S01008694,Families with dependent children: Youngest aged 12 to 18,18,11,10,7,3,1,1,0,7,0,7
S01008695,All families in households,198,165,105,102,3,60,56,4,33,7,26
S01008695,Families with no dependent children,107,98,56,55,1,42,42,0,9,3,6
S01008695,Families with dependent children: Total,91,67,49,47,2,18,14,4,24,4,20
S01008695,Families with dependent children: Youngest aged 0 to 4,52,40,31,30,1,9,9,0,12,0,12
S01008695,Families with dependent children: Youngest aged 5 to 11,24,18,12,12,0,6,4,2,6,1,5
S01008695,Families with dependent children: Youngest aged 12 to 18,15,9,6,5,1,3,1,2,6,3,3
S01008696,All families in households,208,182,143,139,4,39,36,3,26,2,24
S01008696,Families with no dependent children,114,104,79,78,1,25,24,1,10,1,9
S01008696,Families with dependent children: Total,94,78,64,61,3,14,12,2,16,1,15
S01008696,Families with dependent children: Youngest aged 0 to 4,38,34,28,26,2,6,6,0,4,0,4
S01008696,Families with dependent children: Youngest aged 5 to 11,21,18,14,13,1,4,4,0,3,0,3
S01008696,Families with dependent children: Youngest aged 12 to 18,35,26,22,22,0,4,2,2,9,1,8
S01008697,All families in households,331,300,263,257,6,37,35,2,31,5,26
S01008697,Families with no dependent children,221,207,182,179,3,25,25,0,14,4,10
S01008697,Families with dependent children: Total,110,93,81,78,3,12,10,2,17,1,16
S01008697,Families with dependent children: Youngest aged 0 to 4,45,37,29,28,1,8,7,1,8,1,7
S01008697,Families with dependent children: Youngest aged 5 to 11,26,23,20,19,1,3,2,1,3,0,3
S01008697,Families with dependent children: Youngest aged 12 to 18,39,33,32,31,1,1,1,0,6,0,6
S01008698,All families in households,145,132,119,119,0,13,11,2,13,0,13
S01008698,Families with no dependent children,95,88,82,82,0,6,6,0,7,0,7
S01008698,Families with dependent children: Total,50,44,37,37,0,7,5,2,6,0,6
S01008698,Families with dependent children: Youngest aged 0 to 4,12,10,7,7,0,3,3,0,2,0,2
S01008698,Families with dependent children: Youngest aged 5 to 11,22,21,18,18,0,3,2,1,1,0,1
S01008698,Families with dependent children: Youngest aged 12 to 18,16,13,12,12,0,1,0,1,3,0,3
S01008699,All families in households,244,168,126,120,6,42,41,1,76,4,72
S01008699,Families with no dependent children,141,117,89,87,2,28,27,1,24,1,23
S01008699,Families with dependent children: Total,103,51,37,33,4,14,14,0,52,3,49
S01008699,Families with dependent children: Youngest aged 0 to 4,43,24,16,13,3,8,8,0,19,2,17
S01008699,Families with dependent children: Youngest aged 5 to 11,35,15,10,10,0,5,5,0,20,1,19
S01008699,Families with dependent children: Youngest aged 12 to 18,25,12,11,10,1,1,1,0,13,0,13
S01008700,All families in households,175,158,137,130,7,21,17,4,17,4,13
S01008700,Families with no dependent children,113,108,98,97,1,10,10,0,5,2,3
S01008700,Families with dependent children: Total,62,50,39,33,6,11,7,4,12,2,10
S01008700,Families with dependent children: Youngest aged 0 to 4,18,12,7,6,1,5,5,0,6,0,6
S01008700,Families with dependent children: Youngest aged 5 to 11,23,21,18,15,3,3,2,1,2,0,2
S01008700,Families with dependent children: Youngest aged 12 to 18,21,17,14,12,2,3,0,3,4,2,2
S01008701,All families in households,96,65,36,31,5,29,26,3,31,2,29
S01008701,Families with no dependent children,46,36,18,17,1,18,18,0,10,1,9
S01008701,Families with dependent children: Total,50,29,18,14,4,11,8,3,21,1,20
S01008701,Families with dependent children: Youngest aged 0 to 4,26,17,10,10,0,7,4,3,9,0,9
S01008701,Families with dependent children: Youngest aged 5 to 11,18,10,7,3,4,3,3,0,8,1,7
S01008701,Families with dependent children: Youngest aged 12 to 18,6,2,1,1,0,1,1,0,4,0,4
S01008702,All families in households,158,122,67,62,5,55,54,1,36,3,33
S01008702,Families with no dependent children,97,92,44,42,2,48,48,0,5,2,3
S01008702,Families with dependent children: Total,61,30,23,20,3,7,6,1,31,1,30
S01008702,Families with dependent children: Youngest aged 0 to 4,38,19,13,11,2,6,6,0,19,1,18
S01008702,Families with dependent children: Youngest aged 5 to 11,16,8,7,6,1,1,0,1,8,0,8
S01008702,Families with dependent children: Youngest aged 12 to 18,7,3,3,3,0,0,0,0,4,0,4
S01008703,All families in households,247,160,112,104,8,48,42,6,87,15,72
S01008703,Families with no dependent children,113,91,60,56,4,31,29,2,22,7,15
S01008703,Families with dependent children: Total,134,69,52,48,4,17,13,4,65,8,57
S01008703,Families with dependent children: Youngest aged 0 to 4,66,45,32,30,2,13,10,3,21,0,21
S01008703,Families with dependent children: Youngest aged 5 to 11,44,14,11,9,2,3,2,1,30,8,22
S01008703,Families with dependent children: Youngest aged 12 to 18,24,10,9,9,0,1,1,0,14,0,14
S01008704,All families in households,188,121,86,83,3,35,34,1,67,10,57
S01008704,Families with no dependent children,93,70,47,45,2,23,23,0,23,8,15
S01008704,Families with dependent children: Total,95,51,39,38,1,12,11,1,44,2,42
S01008704,Families with dependent children: Youngest aged 0 to 4,53,30,24,23,1,6,5,1,23,1,22
S01008704,Families with dependent children: Youngest aged 5 to 11,23,12,8,8,0,4,4,0,11,0,11
S01008704,Families with dependent children: Youngest aged 12 to 18,19,9,7,7,0,2,2,0,10,1,9
S01008705,All families in households,127,77,52,47,5,25,22,3,50,9,41
S01008705,Families with no dependent children,55,39,24,22,2,15,14,1,16,5,11
S01008705,Families with dependent children: Total,72,38,28,25,3,10,8,2,34,4,30
S01008705,Families with dependent children: Youngest aged 0 to 4,31,20,13,11,2,7,7,0,11,0,11
S01008705,Families with dependent children: Youngest aged 5 to 11,22,8,7,7,0,1,1,0,14,4,10
S01008705,Families with dependent children: Youngest aged 12 to 18,19,10,8,7,1,2,0,2,9,0,9
S01008706,All families in households,155,87,55,43,12,32,28,4,68,6,62
S01008706,Families with no dependent children,56,41,24,22,2,17,15,2,15,3,12
S01008706,Families with dependent children: Total,99,46,31,21,10,15,13,2,53,3,50
S01008706,Families with dependent children: Youngest aged 0 to 4,60,27,14,10,4,13,11,2,33,0,33
S01008706,Families with dependent children: Youngest aged 5 to 11,22,13,11,8,3,2,2,0,9,0,9
S01008706,Families with dependent children: Youngest aged 12 to 18,17,6,6,3,3,0,0,0,11,3,8
S01008707,All families in households,217,110,74,69,5,36,29,7,107,9,98
S01008707,Families with no dependent children,71,56,39,36,3,17,13,4,15,2,13
S01008707,Families with dependent children: Total,146,54,35,33,2,19,16,3,92,7,85
S01008707,Families with dependent children: Youngest aged 0 to 4,88,29,16,16,0,13,12,1,59,5,54
S01008707,Families with dependent children: Youngest aged 5 to 11,35,13,10,10,0,3,2,1,22,2,20
S01008707,Families with dependent children: Youngest aged 12 to 18,23,12,9,7,2,3,2,1,11,0,11
S01008708,All families in households,202,104,69,64,5,35,29,6,98,15,83
S01008708,Families with no dependent children,76,51,36,33,3,15,14,1,25,11,14
S01008708,Families with dependent children: Total,126,53,33,31,2,20,15,5,73,4,69
S01008708,Families with dependent children: Youngest aged 0 to 4,62,28,17,17,0,11,11,0,34,1,33
S01008708,Families with dependent children: Youngest aged 5 to 11,32,11,7,6,1,4,2,2,21,1,20
S01008708,Families with dependent children: Youngest aged 12 to 18,32,14,9,8,1,5,2,3,18,2,16
S01008709,All families in households,225,138,103,98,5,35,28,7,87,7,80
S01008709,Families with no dependent children,98,74,62,59,3,12,10,2,24,4,20
S01008709,Families with dependent children: Total,127,64,41,39,2,23,18,5,63,3,60
S01008709,Families with dependent children: Youngest aged 0 to 4,63,27,13,11,2,14,10,4,36,0,36
S01008709,Families with dependent children: Youngest aged 5 to 11,40,24,17,17,0,7,6,1,16,1,15
S01008709,Families with dependent children: Youngest aged 12 to 18,24,13,11,11,0,2,2,0,11,2,9
S01008710,All families in households,127,79,56,54,2,23,19,4,48,1,47
S01008710,Families with no dependent children,41,30,20,20,0,10,10,0,11,1,10
S01008710,Families with dependent children: Total,86,49,36,34,2,13,9,4,37,0,37
S01008710,Families with dependent children: Youngest aged 0 to 4,46,28,18,18,0,10,7,3,18,0,18
S01008710,Families with dependent children: Youngest aged 5 to 11,22,12,10,10,0,2,1,1,10,0,10
S01008710,Families with dependent children: Youngest aged 12 to 18,18,9,8,6,2,1,1,0,9,0,9
S01008711,All families in households,188,114,88,81,7,26,22,4,74,7,67
S01008711,Families with no dependent children,94,73,62,57,5,11,11,0,21,2,19
S01008711,Families with dependent children: Total,94,41,26,24,2,15,11,4,53,5,48
S01008711,Families with dependent children: Youngest aged 0 to 4,46,21,12,10,2,9,7,2,25,0,25
S01008711,Families with dependent children: Youngest aged 5 to 11,30,13,8,8,0,5,3,2,17,2,15
S01008711,Families with dependent children: Youngest aged 12 to 18,18,7,6,6,0,1,1,0,11,3,8
S01008712,All families in households,271,166,130,127,3,36,30,6,105,11,94
S01008712,Families with no dependent children,148,109,84,83,1,25,24,1,39,6,33
S01008712,Families with dependent children: Total,123,57,46,44,2,11,6,5,66,5,61
S01008712,Families with dependent children: Youngest aged 0 to 4,50,28,19,18,1,9,6,3,22,1,21
S01008712,Families with dependent children: Youngest aged 5 to 11,39,20,19,19,0,1,0,1,19,0,19
S01008712,Families with dependent children: Youngest aged 12 to 18,34,9,8,7,1,1,0,1,25,4,21
S01008713,All families in households,186,90,55,49,6,35,27,8,96,15,81
S01008713,Families with no dependent children,66,45,33,31,2,12,11,1,21,3,18
S01008713,Families with dependent children: Total,120,45,22,18,4,23,16,7,75,12,63
S01008713,Families with dependent children: Youngest aged 0 to 4,58,27,12,11,1,15,10,5,31,0,31
S01008713,Families with dependent children: Youngest aged 5 to 11,31,7,4,2,2,3,3,0,24,7,17
S01008713,Families with dependent children: Youngest aged 12 to 18,31,11,6,5,1,5,3,2,20,5,15
S01008714,All families in households,155,108,86,84,2,22,18,4,47,5,42
S01008714,Families with no dependent children,91,81,65,64,1,16,14,2,10,2,8
S01008714,Families with dependent children: Total,64,27,21,20,1,6,4,2,37,3,34
S01008714,Families with dependent children: Youngest aged 0 to 4,32,12,8,7,1,4,3,1,20,2,18
S01008714,Families with dependent children: Youngest aged 5 to 11,14,4,3,3,0,1,1,0,10,0,10
S01008714,Families with dependent children: Youngest aged 12 to 18,18,11,10,10,0,1,0,1,7,1,6
S01008715,All families in households,219,157,124,123,1,33,30,3,62,10,52
S01008715,Families with no dependent children,136,114,88,87,1,26,24,2,22,4,18
S01008715,Families with dependent children: Total,83,43,36,36,0,7,6,1,40,6,34
S01008715,Families with dependent children: Youngest aged 0 to 4,24,14,12,12,0,2,2,0,10,2,8
S01008715,Families with dependent children: Youngest aged 5 to 11,29,13,11,11,0,2,2,0,16,1,15
S01008715,Families with dependent children: Youngest aged 12 to 18,30,16,13,13,0,3,2,1,14,3,11
S01008716,All families in households,143,105,77,74,3,28,25,3,38,8,30
S01008716,Families with no dependent children,87,69,56,55,1,13,13,0,18,4,14
S01008716,Families with dependent children: Total,56,36,21,19,2,15,12,3,20,4,16
S01008716,Families with dependent children: Youngest aged 0 to 4,30,20,9,9,0,11,10,1,10,0,10
S01008716,Families with dependent children: Youngest aged 5 to 11,15,7,5,4,1,2,1,1,8,4,4
S01008716,Families with dependent children: Youngest aged 12 to 18,11,9,7,6,1,2,1,1,2,0,2
S01008717,All families in households,134,104,82,78,4,22,20,2,30,2,28
S01008717,Families with no dependent children,65,59,48,47,1,11,9,2,6,1,5
S01008717,Families with dependent children: Total,69,45,34,31,3,11,11,0,24,1,23
S01008717,Families with dependent children: Youngest aged 0 to 4,31,22,14,13,1,8,8,0,9,0,9
S01008717,Families with dependent children: Youngest aged 5 to 11,20,12,9,8,1,3,3,0,8,1,7
S01008717,Families with dependent children: Youngest aged 12 to 18,18,11,11,10,1,0,0,0,7,0,7
S01008718,All families in households,158,123,105,104,1,18,16,2,35,6,29
S01008718,Families with no dependent children,99,83,69,68,1,14,12,2,16,4,12
S01008718,Families with dependent children: Total,59,40,36,36,0,4,4,0,19,2,17
S01008718,Families with dependent children: Youngest aged 0 to 4,23,17,13,13,0,4,4,0,6,0,6
S01008718,Families with dependent children: Youngest aged 5 to 11,16,9,9,9,0,0,0,0,7,0,7
S01008718,Families with dependent children: Youngest aged 12 to 18,20,14,14,14,0,0,0,0,6,2,4
S01008719,All families in households,308,240,192,184,8,48,43,5,68,3,65
S01008719,Families with no dependent children,167,158,121,119,2,37,37,0,9,2,7
S01008719,Families with dependent children: Total,141,82,71,65,6,11,6,5,59,1,58
S01008719,Families with dependent children: Youngest aged 0 to 4,73,40,34,32,2,6,4,2,33,0,33
S01008719,Families with dependent children: Youngest aged 5 to 11,49,29,26,24,2,3,1,2,20,1,19
S01008719,Families with dependent children: Youngest aged 12 to 18,19,13,11,9,2,2,1,1,6,0,6
S01008720,All families in households,151,110,87,80,7,23,21,2,41,5,36
S01008720,Families with no dependent children,106,87,69,65,4,18,18,0,19,5,14
S01008720,Families with dependent children: Total,45,23,18,15,3,5,3,2,22,0,22
S01008720,Families with dependent children: Youngest aged 0 to 4,17,7,4,4,0,3,2,1,10,0,10
S01008720,Families with dependent children: Youngest aged 5 to 11,18,12,10,8,2,2,1,1,6,0,6
S01008720,Families with dependent children: Youngest aged 12 to 18,10,4,4,3,1,0,0,0,6,0,6
S01008721,All families in households,252,222,185,177,8,37,33,4,30,7,23
S01008721,Families with no dependent children,135,127,106,104,2,21,21,0,8,3,5
S01008721,Families with dependent children: Total,117,95,79,73,6,16,12,4,22,4,18
S01008721,Families with dependent children: Youngest aged 0 to 4,42,37,28,27,1,9,8,1,5,0,5
S01008721,Families with dependent children: Youngest aged 5 to 11,34,31,25,22,3,6,4,2,3,1,2
S01008721,Families with dependent children: Youngest aged 12 to 18,41,27,26,24,2,1,0,1,14,3,11
S01008722,All families in households,312,290,251,248,3,39,32,7,22,4,18
S01008722,Families with no dependent children,212,198,177,175,2,21,20,1,14,4,10
S01008722,Families with dependent children: Total,100,92,74,73,1,18,12,6,8,0,8
S01008722,Families with dependent children: Youngest aged 0 to 4,33,32,26,26,0,6,6,0,1,0,1
S01008722,Families with dependent children: Youngest aged 5 to 11,34,31,23,23,0,8,6,2,3,0,3
S01008722,Families with dependent children: Youngest aged 12 to 18,33,29,25,24,1,4,0,4,4,0,4
S01008723,All families in households,199,169,143,137,6,26,20,6,30,2,28
S01008723,Families with no dependent children,126,109,95,93,2,14,13,1,17,2,15
S01008723,Families with dependent children: Total,73,60,48,44,4,12,7,5,13,0,13
S01008723,Families with dependent children: Youngest aged 0 to 4,21,17,11,10,1,6,6,0,4,0,4
S01008723,Families with dependent children: Youngest aged 5 to 11,19,14,13,11,2,1,1,0,5,0,5
S01008723,Families with dependent children: Youngest aged 12 to 18,33,29,24,23,1,5,0,5,4,0,4
S01008724,All families in households,275,239,211,199,12,28,27,1,36,6,30
S01008724,Families with no dependent children,159,144,128,122,6,16,16,0,15,4,11
S01008724,Families with dependent children: Total,116,95,83,77,6,12,11,1,21,2,19
S01008724,Families with dependent children: Youngest aged 0 to 4,40,35,28,28,0,7,7,0,5,0,5
S01008724,Families with dependent children: Youngest aged 5 to 11,47,35,33,29,4,2,1,1,12,2,10
S01008724,Families with dependent children: Youngest aged 12 to 18,29,25,22,20,2,3,3,0,4,0,4
S01008725,All families in households,216,185,148,145,3,37,34,3,31,7,24
S01008725,Families with no dependent children,126,113,87,85,2,26,24,2,13,5,8
S01008725,Families with dependent children: Total,90,72,61,60,1,11,10,1,18,2,16
S01008725,Families with dependent children: Youngest aged 0 to 4,33,28,23,23,0,5,5,0,5,0,5
S01008725,Families with dependent children: Youngest aged 5 to 11,26,23,20,19,1,3,2,1,3,0,3
S01008725,Families with dependent children: Youngest aged 12 to 18,31,21,18,18,0,3,3,0,10,2,8
S01008726,All families in households,169,158,137,134,3,21,21,0,11,1,10
S01008726,Families with no dependent children,90,86,78,77,1,8,8,0,4,0,4
S01008726,Families with dependent children: Total,79,72,59,57,2,13,13,0,7,1,6
S01008726,Families with dependent children: Youngest aged 0 to 4,28,26,19,18,1,7,7,0,2,0,2
S01008726,Families with dependent children: Youngest aged 5 to 11,33,30,25,25,0,5,5,0,3,1,2
S01008726,Families with dependent children: Youngest aged 12 to 18,18,16,15,14,1,1,1,0,2,0,2
S01008727,All families in households,294,246,186,182,4,60,57,3,48,10,38
S01008727,Families with no dependent children,174,152,114,113,1,38,36,2,22,5,17
S01008727,Families with dependent children: Total,120,94,72,69,3,22,21,1,26,5,21
S01008727,Families with dependent children: Youngest aged 0 to 4,52,47,34,32,2,13,12,1,5,0,5
S01008727,Families with dependent children: Youngest aged 5 to 11,38,30,23,23,0,7,7,0,8,2,6
S01008727,Families with dependent children: Youngest aged 12 to 18,30,17,15,14,1,2,2,0,13,3,10
S01008728,All families in households,149,98,63,56,7,35,26,9,51,8,43
S01008728,Families with no dependent children,65,51,31,30,1,20,18,2,14,3,11
S01008728,Families with dependent children: Total,84,47,32,26,6,15,8,7,37,5,32
S01008728,Families with dependent children: Youngest aged 0 to 4,37,25,17,14,3,8,4,4,12,3,9
S01008728,Families with dependent children: Youngest aged 5 to 11,33,13,7,6,1,6,4,2,20,1,19
S01008728,Families with dependent children: Youngest aged 12 to 18,14,9,8,6,2,1,0,1,5,1,4
S01008729,All families in households,220,181,153,150,3,28,25,3,39,6,33
S01008729,Families with no dependent children,103,90,76,75,1,14,14,0,13,5,8
S01008729,Families with dependent children: Total,117,91,77,75,2,14,11,3,26,1,25
S01008729,Families with dependent children: Youngest aged 0 to 4,43,38,30,29,1,8,7,1,5,0,5
S01008729,Families with dependent children: Youngest aged 5 to 11,42,35,29,28,1,6,4,2,7,0,7
S01008729,Families with dependent children: Youngest aged 12 to 18,32,18,18,18,0,0,0,0,14,1,13
S01008730,All families in households,215,173,95,91,4,78,75,3,42,1,41
S01008730,Families with no dependent children,114,107,48,48,0,59,59,0,7,0,7
S01008730,Families with dependent children: Total,101,66,47,43,4,19,16,3,35,1,34
S01008730,Families with dependent children: Youngest aged 0 to 4,45,37,26,25,1,11,10,1,8,0,8
S01008730,Families with dependent children: Youngest aged 5 to 11,37,20,13,11,2,7,5,2,17,1,16
S01008730,Families with dependent children: Youngest aged 12 to 18,19,9,8,7,1,1,1,0,10,0,10
S01008731,All families in households,122,96,74,69,5,22,20,2,26,4,22
S01008731,Families with no dependent children,84,73,58,54,4,15,15,0,11,3,8
S01008731,Families with dependent children: Total,38,23,16,15,1,7,5,2,15,1,14
S01008731,Families with dependent children: Youngest aged 0 to 4,12,10,5,5,0,5,4,1,2,0,2
S01008731,Families with dependent children: Youngest aged 5 to 11,10,3,2,2,0,1,1,0,7,0,7
S01008731,Families with dependent children: Youngest aged 12 to 18,16,10,9,8,1,1,0,1,6,1,5
S01008732,All families in households,151,106,66,63,3,40,37,3,45,6,39
S01008732,Families with no dependent children,85,70,40,39,1,30,30,0,15,3,12
S01008732,Families with dependent children: Total,66,36,26,24,2,10,7,3,30,3,27
S01008732,Families with dependent children: Youngest aged 0 to 4,33,20,14,14,0,6,5,1,13,0,13
S01008732,Families with dependent children: Youngest aged 5 to 11,16,9,6,4,2,3,2,1,7,2,5
S01008732,Families with dependent children: Youngest aged 12 to 18,17,7,6,6,0,1,0,1,10,1,9
S01008733,All families in households,216,187,127,125,2,60,58,2,29,5,24
S01008733,Families with no dependent children,159,153,102,101,1,51,50,1,6,2,4
S01008733,Families with dependent children: Total,57,34,25,24,1,9,8,1,23,3,20
S01008733,Families with dependent children: Youngest aged 0 to 4,37,23,14,14,0,9,8,1,14,0,14
S01008733,Families with dependent children: Youngest aged 5 to 11,10,6,6,5,1,0,0,0,4,0,4
S01008733,Families with dependent children: Youngest aged 12 to 18,10,5,5,5,0,0,0,0,5,3,2
S01008734,All families in households,163,143,116,114,2,27,22,5,20,0,20
S01008734,Families with no dependent children,98,92,73,73,0,19,19,0,6,0,6
S01008734,Families with dependent children: Total,65,51,43,41,2,8,3,5,14,0,14
S01008734,Families with dependent children: Youngest aged 0 to 4,28,21,18,17,1,3,2,1,7,0,7
S01008734,Families with dependent children: Youngest aged 5 to 11,24,18,14,14,0,4,1,3,6,0,6
S01008734,Families with dependent children: Youngest aged 12 to 18,13,12,11,10,1,1,0,1,1,0,1
S01008735,All families in households,303,278,256,242,14,22,19,3,25,4,21
S01008735,Families with no dependent children,185,172,161,159,2,11,10,1,13,2,11
S01008735,Families with dependent children: Total,118,106,95,83,12,11,9,2,12,2,10
S01008735,Families with dependent children: Youngest aged 0 to 4,44,38,32,30,2,6,5,1,6,0,6
S01008735,Families with dependent children: Youngest aged 5 to 11,30,27,24,19,5,3,2,1,3,0,3
S01008735,Families with dependent children: Youngest aged 12 to 18,44,41,39,34,5,2,2,0,3,2,1
S01008736,All families in households,213,194,178,175,3,16,11,5,19,4,15
S01008736,Families with no dependent children,127,118,111,109,2,7,6,1,9,4,5
S01008736,Families with dependent children: Total,86,76,67,66,1,9,5,4,10,0,10
S01008736,Families with dependent children: Youngest aged 0 to 4,19,16,13,13,0,3,3,0,3,0,3
S01008736,Families with dependent children: Youngest aged 5 to 11,34,33,29,29,0,4,2,2,1,0,1
S01008736,Families with dependent children: Youngest aged 12 to 18,33,27,25,24,1,2,0,2,6,0,6
S01008737,All families in households,247,218,197,191,6,21,16,5,29,4,25
S01008737,Families with no dependent children,163,147,136,136,0,11,10,1,16,2,14
S01008737,Families with dependent children: Total,84,71,61,55,6,10,6,4,13,2,11
S01008737,Families with dependent children: Youngest aged 0 to 4,27,24,19,17,2,5,2,3,3,0,3
S01008737,Families with dependent children: Youngest aged 5 to 11,29,24,22,21,1,2,2,0,5,1,4
S01008737,Families with dependent children: Youngest aged 12 to 18,28,23,20,17,3,3,2,1,5,1,4
S01008738,All families in households,234,222,211,206,5,11,10,1,12,3,9
S01008738,Families with no dependent children,147,142,137,134,3,5,5,0,5,2,3
S01008738,Families with dependent children: Total,87,80,74,72,2,6,5,1,7,1,6
S01008738,Families with dependent children: Youngest aged 0 to 4,36,34,31,31,0,3,2,1,2,0,2
S01008738,Families with dependent children: Youngest aged 5 to 11,22,19,18,17,1,1,1,0,3,0,3
S01008738,Families with dependent children: Youngest aged 12 to 18,29,27,25,24,1,2,2,0,2,1,1
S01008739,All families in households,170,139,120,120,0,19,17,2,31,1,30
S01008739,Families with no dependent children,98,89,81,81,0,8,8,0,9,1,8
S01008739,Families with dependent children: Total,72,50,39,39,0,11,9,2,22,0,22
S01008739,Families with dependent children: Youngest aged 0 to 4,19,13,8,8,0,5,4,1,6,0,6
S01008739,Families with dependent children: Youngest aged 5 to 11,17,13,10,10,0,3,3,0,4,0,4
S01008739,Families with dependent children: Youngest aged 12 to 18,36,24,21,21,0,3,2,1,12,0,12
S01008740,All families in households,178,153,135,133,2,18,15,3,25,6,19
S01008740,Families with no dependent children,116,102,92,92,0,10,9,1,14,5,9
S01008740,Families with dependent children: Total,62,51,43,41,2,8,6,2,11,1,10
S01008740,Families with dependent children: Youngest aged 0 to 4,23,18,16,16,0,2,2,0,5,0,5
S01008740,Families with dependent children: Youngest aged 5 to 11,15,13,10,9,1,3,2,1,2,0,2
S01008740,Families with dependent children: Youngest aged 12 to 18,24,20,17,16,1,3,2,1,4,1,3
S01008741,All families in households,298,265,240,232,8,25,25,0,33,3,30
S01008741,Families with no dependent children,192,177,159,154,5,18,18,0,15,2,13
S01008741,Families with dependent children: Total,106,88,81,78,3,7,7,0,18,1,17
S01008741,Families with dependent children: Youngest aged 0 to 4,29,25,23,22,1,2,2,0,4,0,4
S01008741,Families with dependent children: Youngest aged 5 to 11,40,32,29,29,0,3,3,0,8,0,8
S01008741,Families with dependent children: Youngest aged 12 to 18,37,31,29,27,2,2,2,0,6,1,5
S01008742,All families in households,120,109,83,83,0,26,23,3,11,1,10
S01008742,Families with no dependent children,91,86,67,67,0,19,17,2,5,0,5
S01008742,Families with dependent children: Total,29,23,16,16,0,7,6,1,6,1,5
S01008742,Families with dependent children: Youngest aged 0 to 4,11,9,4,4,0,5,5,0,2,1,1
S01008742,Families with dependent children: Youngest aged 5 to 11,12,8,6,6,0,2,1,1,4,0,4
S01008742,Families with dependent children: Youngest aged 12 to 18,6,6,6,6,0,0,0,0,0,0,0
S01008743,All families in households,247,168,115,106,9,53,44,9,79,7,72
S01008743,Families with no dependent children,148,119,85,82,3,34,31,3,29,5,24
S01008743,Families with dependent children: Total,99,49,30,24,6,19,13,6,50,2,48
S01008743,Families with dependent children: Youngest aged 0 to 4,50,30,15,13,2,15,11,4,20,0,20
S01008743,Families with dependent children: Youngest aged 5 to 11,23,12,9,7,2,3,2,1,11,1,10
S01008743,Families with dependent children: Youngest aged 12 to 18,26,7,6,4,2,1,0,1,19,1,18
S01008744,All families in households,291,206,156,151,5,50,37,13,85,13,72
S01008744,Families with no dependent children,152,124,96,95,1,28,26,2,28,6,22
S01008744,Families with dependent children: Total,139,82,60,56,4,22,11,11,57,7,50
S01008744,Families with dependent children: Youngest aged 0 to 4,46,32,22,22,0,10,6,4,14,0,14
S01008744,Families with dependent children: Youngest aged 5 to 11,50,32,22,20,2,10,4,6,18,1,17
S01008744,Families with dependent children: Youngest aged 12 to 18,43,18,16,14,2,2,1,1,25,6,19
S01008745,All families in households,137,106,84,81,3,22,20,2,31,5,26
S01008745,Families with no dependent children,91,78,59,57,2,19,18,1,13,5,8
S01008745,Families with dependent children: Total,46,28,25,24,1,3,2,1,18,0,18
S01008745,Families with dependent children: Youngest aged 0 to 4,16,9,8,8,0,1,0,1,7,0,7
S01008745,Families with dependent children: Youngest aged 5 to 11,16,9,8,7,1,1,1,0,7,0,7
S01008745,Families with dependent children: Youngest aged 12 to 18,14,10,9,9,0,1,1,0,4,0,4
S01008746,All families in households,268,178,117,112,5,61,55,6,90,20,70
S01008746,Families with no dependent children,150,120,77,74,3,43,41,2,30,12,18
S01008746,Families with dependent children: Total,118,58,40,38,2,18,14,4,60,8,52
S01008746,Families with dependent children: Youngest aged 0 to 4,52,29,19,19,0,10,9,1,23,4,19
S01008746,Families with dependent children: Youngest aged 5 to 11,28,14,10,10,0,4,3,1,14,1,13
S01008746,Families with dependent children: Youngest aged 12 to 18,38,15,11,9,2,4,2,2,23,3,20
S01008747,All families in households,154,132,111,109,2,21,20,1,22,5,17
S01008747,Families with no dependent children,98,89,75,75,0,14,14,0,9,4,5
S01008747,Families with dependent children: Total,56,43,36,34,2,7,6,1,13,1,12
S01008747,Families with dependent children: Youngest aged 0 to 4,18,14,12,11,1,2,2,0,4,0,4
S01008747,Families with dependent children: Youngest aged 5 to 11,18,16,13,12,1,3,3,0,2,0,2
S01008747,Families with dependent children: Youngest aged 12 to 18,20,13,11,11,0,2,1,1,7,1,6
S01008748,All families in households,220,203,184,181,3,19,19,0,17,4,13
S01008748,Families with no dependent children,152,142,128,126,2,14,14,0,10,3,7
S01008748,Families with dependent children: Total,68,61,56,55,1,5,5,0,7,1,6
S01008748,Families with dependent children: Youngest aged 0 to 4,32,30,25,25,0,5,5,0,2,0,2
S01008748,Families with dependent children: Youngest aged 5 to 11,16,15,15,15,0,0,0,0,1,0,1
S01008748,Families with dependent children: Youngest aged 12 to 18,20,16,16,15,1,0,0,0,4,1,3
S01008749,All families in households,310,274,247,239,8,27,21,6,36,6,30
S01008749,Families with no dependent children,211,195,179,175,4,16,12,4,16,3,13
S01008749,Families with dependent children: Total,99,79,68,64,4,11,9,2,20,3,17
S01008749,Families with dependent children: Youngest aged 0 to 4,33,31,24,23,1,7,7,0,2,0,2
S01008749,Families with dependent children: Youngest aged 5 to 11,36,26,23,20,3,3,2,1,10,0,10
S01008749,Families with dependent children: Youngest aged 12 to 18,30,22,21,21,0,1,0,1,8,3,5
S01008750,All families in households,224,201,188,185,3,13,13,0,23,2,21
S01008750,Families with no dependent children,156,147,140,140,0,7,7,0,9,1,8
S01008750,Families with dependent children: Total,68,54,48,45,3,6,6,0,14,1,13
S01008750,Families with dependent children: Youngest aged 0 to 4,15,14,13,13,0,1,1,0,1,0,1
S01008750,Families with dependent children: Youngest aged 5 to 11,29,21,16,15,1,5,5,0,8,1,7
S01008750,Families with dependent children: Youngest aged 12 to 18,24,19,19,17,2,0,0,0,5,0,5
S01008751,All families in households,166,126,110,106,4,16,16,0,40,3,37
S01008751,Families with no dependent children,101,87,73,71,2,14,14,0,14,2,12
S01008751,Families with dependent children: Total,65,39,37,35,2,2,2,0,26,1,25
S01008751,Families with dependent children: Youngest aged 0 to 4,25,13,12,12,0,1,1,0,12,0,12
S01008751,Families with dependent children: Youngest aged 5 to 11,25,19,18,17,1,1,1,0,6,1,5
S01008751,Families with dependent children: Youngest aged 12 to 18,15,7,7,6,1,0,0,0,8,0,8
S01008752,All families in households,211,114,70,65,5,44,43,1,97,12,85
S01008752,Families with no dependent children,114,80,51,48,3,29,29,0,34,5,29
S01008752,Families with dependent children: Total,97,34,19,17,2,15,14,1,63,7,56
S01008752,Families with dependent children: Youngest aged 0 to 4,44,14,5,4,1,9,9,0,30,1,29
S01008752,Families with dependent children: Youngest aged 5 to 11,33,10,6,6,0,4,4,0,23,4,19
S01008752,Families with dependent children: Youngest aged 12 to 18,20,10,8,7,1,2,1,1,10,2,8
S01008753,All families in households,133,80,53,49,4,27,25,2,53,8,45
S01008753,Families with no dependent children,77,57,35,33,2,22,20,2,20,5,15
S01008753,Families with dependent children: Total,56,23,18,16,2,5,5,0,33,3,30
S01008753,Families with dependent children: Youngest aged 0 to 4,19,8,5,4,1,3,3,0,11,0,11
S01008753,Families with dependent children: Youngest aged 5 to 11,26,11,9,9,0,2,2,0,15,1,14
S01008753,Families with dependent children: Youngest aged 12 to 18,11,4,4,3,1,0,0,0,7,2,5
S01008754,All families in households,147,119,60,59,1,59,56,3,28,4,24
S01008754,Families with no dependent children,111,97,49,48,1,48,47,1,14,3,11
S01008754,Families with dependent children: Total,36,22,11,11,0,11,9,2,14,1,13
S01008754,Families with dependent children: Youngest aged 0 to 4,21,14,6,6,0,8,7,1,7,0,7
S01008754,Families with dependent children: Youngest aged 5 to 11,6,4,3,3,0,1,1,0,2,0,2
S01008754,Families with dependent children: Youngest aged 12 to 18,9,4,2,2,0,2,1,1,5,1,4
S01008755,All families in households,227,151,92,91,1,59,56,3,76,6,70
S01008755,Families with no dependent children,124,106,58,57,1,48,46,2,18,3,15
S01008755,Families with dependent children: Total,103,45,34,34,0,11,10,1,58,3,55
S01008755,Families with dependent children: Youngest aged 0 to 4,61,28,20,20,0,8,7,1,33,0,33
S01008755,Families with dependent children: Youngest aged 5 to 11,23,12,11,11,0,1,1,0,11,1,10
S01008755,Families with dependent children: Youngest aged 12 to 18,19,5,3,3,0,2,2,0,14,2,12
S01008756,All families in households,176,128,76,75,1,52,47,5,48,6,42
S01008756,Families with no dependent children,115,95,57,56,1,38,35,3,20,3,17
S01008756,Families with dependent children: Total,61,33,19,19,0,14,12,2,28,3,25
S01008756,Families with dependent children: Youngest aged 0 to 4,28,24,15,15,0,9,9,0,4,0,4
S01008756,Families with dependent children: Youngest aged 5 to 11,20,6,2,2,0,4,2,2,14,2,12
S01008756,Families with dependent children: Youngest aged 12 to 18,13,3,2,2,0,1,1,0,10,1,9
S01008757,All families in households,150,96,61,58,3,35,27,8,54,6,48
S01008757,Families with no dependent children,82,70,47,47,0,23,22,1,12,2,10
S01008757,Families with dependent children: Total,68,26,14,11,3,12,5,7,42,4,38
S01008757,Families with dependent children: Youngest aged 0 to 4,34,12,8,8,0,4,3,1,22,0,22
S01008757,Families with dependent children: Youngest aged 5 to 11,14,8,4,3,1,4,1,3,6,1,5
S01008757,Families with dependent children: Youngest aged 12 to 18,20,6,2,0,2,4,1,3,14,3,11
S01008758,All families in households,226,146,95,88,7,51,44,7,80,8,72
S01008758,Families with no dependent children,117,87,63,61,2,24,24,0,30,3,27
S01008758,Families with dependent children: Total,109,59,32,27,5,27,20,7,50,5,45
S01008758,Families with dependent children: Youngest aged 0 to 4,44,29,17,15,2,12,10,2,15,1,14
S01008758,Families with dependent children: Youngest aged 5 to 11,29,15,8,7,1,7,5,2,14,2,12
S01008758,Families with dependent children: Youngest aged 12 to 18,36,15,7,5,2,8,5,3,21,2,19
S01008759,All families in households,145,89,64,62,2,25,23,2,56,3,53
S01008759,Families with no dependent children,76,60,46,44,2,14,14,0,16,0,16
S01008759,Families with dependent children: Total,69,29,18,18,0,11,9,2,40,3,37
S01008759,Families with dependent children: Youngest aged 0 to 4,34,15,8,8,0,7,6,1,19,1,18
S01008759,Families with dependent children: Youngest aged 5 to 11,20,8,6,6,0,2,1,1,12,1,11
S01008759,Families with dependent children: Youngest aged 12 to 18,15,6,4,4,0,2,2,0,9,1,8
S01008760,All families in households,241,136,99,94,5,37,33,4,105,22,83
S01008760,Families with no dependent children,103,73,53,52,1,20,19,1,30,11,19
S01008760,Families with dependent children: Total,138,63,46,42,4,17,14,3,75,11,64
S01008760,Families with dependent children: Youngest aged 0 to 4,53,27,16,16,0,11,10,1,26,2,24
S01008760,Families with dependent children: Youngest aged 5 to 11,46,21,18,16,2,3,2,1,25,4,21
S01008760,Families with dependent children: Youngest aged 12 to 18,39,15,12,10,2,3,2,1,24,5,19
S01008761,All families in households,189,151,111,104,7,40,37,3,38,3,35
S01008761,Families with no dependent children,87,80,51,51,0,29,29,0,7,2,5
S01008761,Families with dependent children: Total,102,71,60,53,7,11,8,3,31,1,30
S01008761,Families with dependent children: Youngest aged 0 to 4,51,39,31,27,4,8,8,0,12,1,11
S01008761,Families with dependent children: Youngest aged 5 to 11,31,18,16,15,1,2,0,2,13,0,13
S01008761,Families with dependent children: Youngest aged 12 to 18,20,14,13,11,2,1,0,1,6,0,6
S01008762,All families in households,181,162,129,127,2,33,30,3,19,1,18
S01008762,Families with no dependent children,122,119,94,92,2,25,23,2,3,1,2
S01008762,Families with dependent children: Total,59,43,35,35,0,8,7,1,16,0,16
S01008762,Families with dependent children: Youngest aged 0 to 4,26,18,13,13,0,5,4,1,8,0,8
S01008762,Families with dependent children: Youngest aged 5 to 11,13,9,8,8,0,1,1,0,4,0,4
S01008762,Families with dependent children: Youngest aged 12 to 18,20,16,14,14,0,2,2,0,4,0,4
S01008763,All families in households,273,247,173,170,3,74,65,9,26,3,23
S01008763,Families with no dependent children,162,152,107,107,0,45,44,1,10,2,8
S01008763,Families with dependent children: Total,111,95,66,63,3,29,21,8,16,1,15
S01008763,Families with dependent children: Youngest aged 0 to 4,59,55,34,33,1,21,16,5,4,0,4
S01008763,Families with dependent children: Youngest aged 5 to 11,31,24,19,17,2,5,4,1,7,1,6
S01008763,Families with dependent children: Youngest aged 12 to 18,21,16,13,13,0,3,1,2,5,0,5
S01008764,All families in households,209,187,147,143,4,40,37,3,22,2,20
S01008764,Families with no dependent children,123,112,87,87,0,25,24,1,11,1,10
S01008764,Families with dependent children: Total,86,75,60,56,4,15,13,2,11,1,10
S01008764,Families with dependent children: Youngest aged 0 to 4,48,43,34,32,2,9,9,0,5,0,5
S01008764,Families with dependent children: Youngest aged 5 to 11,20,17,15,14,1,2,2,0,3,1,2
S01008764,Families with dependent children: Youngest aged 12 to 18,18,15,11,10,1,4,2,2,3,0,3
S01008765,All families in households,236,199,142,139,3,57,51,6,37,4,33
S01008765,Families with no dependent children,134,120,81,80,1,39,36,3,14,2,12
S01008765,Families with dependent children: Total,102,79,61,59,2,18,15,3,23,2,21
S01008765,Families with dependent children: Youngest aged 0 to 4,53,42,31,31,0,11,11,0,11,0,11
S01008765,Families with dependent children: Youngest aged 5 to 11,29,21,16,15,1,5,3,2,8,1,7
S01008765,Families with dependent children: Youngest aged 12 to 18,20,16,14,13,1,2,1,1,4,1,3
S01008766,All families in households,302,265,226,219,7,39,33,6,37,4,33
S01008766,Families with no dependent children,174,159,140,136,4,19,19,0,15,3,12
S01008766,Families with dependent children: Total,128,106,86,83,3,20,14,6,22,1,21
S01008766,Families with dependent children: Youngest aged 0 to 4,54,45,37,37,0,8,8,0,9,0,9
S01008766,Families with dependent children: Youngest aged 5 to 11,49,40,30,29,1,10,6,4,9,0,9
S01008766,Families with dependent children: Youngest aged 12 to 18,25,21,19,17,2,2,0,2,4,1,3
S01008767,All families in households,150,119,95,87,8,24,23,1,31,2,29
S01008767,Families with no dependent children,81,70,53,52,1,17,16,1,11,1,10
S01008767,Families with dependent children: Total,69,49,42,35,7,7,7,0,20,1,19
S01008767,Families with dependent children: Youngest aged 0 to 4,26,19,15,15,0,4,4,0,7,0,7
S01008767,Families with dependent children: Youngest aged 5 to 11,17,11,9,7,2,2,2,0,6,0,6
S01008767,Families with dependent children: Youngest aged 12 to 18,26,19,18,13,5,1,1,0,7,1,6
S01008768,All families in households,126,102,68,66,2,34,33,1,24,3,21
S01008768,Families with no dependent children,71,67,43,42,1,24,24,0,4,2,2
S01008768,Families with dependent children: Total,55,35,25,24,1,10,9,1,20,1,19
S01008768,Families with dependent children: Youngest aged 0 to 4,31,21,14,14,0,7,6,1,10,0,10
S01008768,Families with dependent children: Youngest aged 5 to 11,12,8,6,5,1,2,2,0,4,0,4
S01008768,Families with dependent children: Youngest aged 12 to 18,12,6,5,5,0,1,1,0,6,1,5
S01008769,All families in households,179,166,87,86,1,79,78,1,13,1,12
S01008769,Families with no dependent children,142,139,62,61,1,77,77,0,3,0,3
S01008769,Families with dependent children: Total,37,27,25,25,0,2,1,1,10,1,9
S01008769,Families with dependent children: Youngest aged 0 to 4,22,20,19,19,0,1,1,0,2,0,2
S01008769,Families with dependent children: Youngest aged 5 to 11,7,4,3,3,0,1,0,1,3,0,3
S01008769,Families with dependent children: Youngest aged 12 to 18,8,3,3,3,0,0,0,0,5,1,4
S01008770,All families in households,237,200,110,107,3,90,86,4,37,10,27
S01008770,Families with no dependent children,148,142,67,67,0,75,75,0,6,3,3
S01008770,Families with dependent children: Total,89,58,43,40,3,15,11,4,31,7,24
S01008770,Families with dependent children: Youngest aged 0 to 4,50,39,29,29,0,10,9,1,11,0,11
S01008770,Families with dependent children: Youngest aged 5 to 11,23,14,10,9,1,4,2,2,9,1,8
S01008770,Families with dependent children: Youngest aged 12 to 18,16,5,4,2,2,1,0,1,11,6,5
S01008771,All families in households,225,177,112,111,1,65,61,4,48,6,42
S01008771,Families with no dependent children,128,122,68,68,0,54,54,0,6,3,3
S01008771,Families with dependent children: Total,97,55,44,43,1,11,7,4,42,3,39
S01008771,Families with dependent children: Youngest aged 0 to 4,64,41,34,34,0,7,6,1,23,0,23
S01008771,Families with dependent children: Youngest aged 5 to 11,21,9,7,6,1,2,1,1,12,2,10
S01008771,Families with dependent children: Youngest aged 12 to 18,12,5,3,3,0,2,0,2,7,1,6
S01008772,All families in households,209,177,136,134,2,41,40,1,32,3,29
S01008772,Families with no dependent children,130,116,83,81,2,33,33,0,14,1,13
S01008772,Families with dependent children: Total,79,61,53,53,0,8,7,1,18,2,16
S01008772,Families with dependent children: Youngest aged 0 to 4,36,31,25,25,0,6,6,0,5,0,5
S01008772,Families with dependent children: Youngest aged 5 to 11,27,20,19,19,0,1,1,0,7,2,5
S01008772,Families with dependent children: Youngest aged 12 to 18,16,10,9,9,0,1,0,1,6,0,6
S01008773,All families in households,253,214,124,122,2,90,86,4,39,4,35
S01008773,Families with no dependent children,164,155,79,79,0,76,74,2,9,1,8
S01008773,Families with dependent children: Total,89,59,45,43,2,14,12,2,30,3,27
S01008773,Families with dependent children: Youngest aged 0 to 4,45,35,23,23,0,12,11,1,10,1,9
S01008773,Families with dependent children: Youngest aged 5 to 11,27,17,15,14,1,2,1,1,10,2,8
S01008773,Families with dependent children: Youngest aged 12 to 18,17,7,7,6,1,0,0,0,10,0,10
S01008774,All families in households,211,164,91,85,6,73,72,1,47,4,43
S01008774,Families with no dependent children,126,116,58,56,2,58,58,0,10,1,9
S01008774,Families with dependent children: Total,85,48,33,29,4,15,14,1,37,3,34
S01008774,Families with dependent children: Youngest aged 0 to 4,45,31,19,18,1,12,11,1,14,0,14
S01008774,Families with dependent children: Youngest aged 5 to 11,19,6,3,3,0,3,3,0,13,1,12
S01008774,Families with dependent children: Youngest aged 12 to 18,21,11,11,8,3,0,0,0,10,2,8
S01008775,All families in households,130,111,71,68,3,40,39,1,19,2,17
S01008775,Families with no dependent children,88,81,44,42,2,37,36,1,7,1,6
S01008775,Families with dependent children: Total,42,30,27,26,1,3,3,0,12,1,11
S01008775,Families with dependent children: Youngest aged 0 to 4,17,13,10,10,0,3,3,0,4,0,4
S01008775,Families with dependent children: Youngest aged 5 to 11,17,11,11,11,0,0,0,0,6,0,6
S01008775,Families with dependent children: Youngest aged 12 to 18,8,6,6,5,1,0,0,0,2,1,1
S01008776,All families in households,181,120,67,66,1,53,51,2,61,7,54
S01008776,Families with no dependent children,99,84,41,41,0,43,42,1,15,6,9
S01008776,Families with dependent children: Total,82,36,26,25,1,10,9,1,46,1,45
S01008776,Families with dependent children: Youngest aged 0 to 4,50,24,20,19,1,4,3,1,26,0,26
S01008776,Families with dependent children: Youngest aged 5 to 11,17,7,2,2,0,5,5,0,10,0,10
S01008776,Families with dependent children: Youngest aged 12 to 18,15,5,4,4,0,1,1,0,10,1,9
S01008777,All families in households,207,157,95,90,5,62,59,3,50,12,38
S01008777,Families with no dependent children,154,128,73,70,3,55,55,0,26,9,17
S01008777,Families with dependent children: Total,53,29,22,20,2,7,4,3,24,3,21
S01008777,Families with dependent children: Youngest aged 0 to 4,29,20,15,15,0,5,4,1,9,0,9
S01008777,Families with dependent children: Youngest aged 5 to 11,6,1,1,0,1,0,0,0,5,0,5
S01008777,Families with dependent children: Youngest aged 12 to 18,18,8,6,5,1,2,0,2,10,3,7
S01008778,All families in households,260,217,93,91,2,124,122,2,43,6,37
S01008778,Families with no dependent children,185,176,67,66,1,109,108,1,9,5,4
S01008778,Families with dependent children: Total,75,41,26,25,1,15,14,1,34,1,33
S01008778,Families with dependent children: Youngest aged 0 to 4,49,31,20,19,1,11,11,0,18,0,18
S01008778,Families with dependent children: Youngest aged 5 to 11,12,3,1,1,0,2,2,0,9,0,9
S01008778,Families with dependent children: Youngest aged 12 to 18,14,7,5,5,0,2,1,1,7,1,6
S01008779,All families in households,184,166,97,91,6,69,68,1,18,4,14
S01008779,Families with no dependent children,141,129,69,68,1,60,60,0,12,3,9
S01008779,Families with dependent children: Total,43,37,28,23,5,9,8,1,6,1,5
S01008779,Families with dependent children: Youngest aged 0 to 4,35,32,24,22,2,8,8,0,3,0,3
S01008779,Families with dependent children: Youngest aged 5 to 11,5,3,2,1,1,1,0,1,2,1,1
S01008779,Families with dependent children: Youngest aged 12 to 18,3,2,2,0,2,0,0,0,1,0,1
S01008780,All families in households,138,117,52,52,0,65,63,2,21,3,18
S01008780,Families with no dependent children,95,93,39,39,0,54,54,0,2,1,1
S01008780,Families with dependent children: Total,43,24,13,13,0,11,9,2,19,2,17
S01008780,Families with dependent children: Youngest aged 0 to 4,28,18,11,11,0,7,6,1,10,2,8
S01008780,Families with dependent children: Youngest aged 5 to 11,8,1,1,1,0,0,0,0,7,0,7
S01008780,Families with dependent children: Youngest aged 12 to 18,7,5,1,1,0,4,3,1,2,0,2
S01008781,All families in households,219,156,67,67,0,89,85,4,63,2,61
S01008781,Families with no dependent children,136,121,47,47,0,74,73,1,15,0,15
S01008781,Families with dependent children: Total,83,35,20,20,0,15,12,3,48,2,46
S01008781,Families with dependent children: Youngest aged 0 to 4,50,29,18,18,0,11,10,1,21,0,21
S01008781,Families with dependent children: Youngest aged 5 to 11,22,3,1,1,0,2,0,2,19,1,18
S01008781,Families with dependent children: Youngest aged 12 to 18,11,3,1,1,0,2,2,0,8,1,7
S01008782,All families in households,199,169,80,78,2,89,87,2,30,3,27
S01008782,Families with no dependent children,129,124,51,50,1,73,72,1,5,2,3
S01008782,Families with dependent children: Total,70,45,29,28,1,16,15,1,25,1,24
S01008782,Families with dependent children: Youngest aged 0 to 4,53,37,23,22,1,14,13,1,16,0,16
S01008782,Families with dependent children: Youngest aged 5 to 11,10,6,4,4,0,2,2,0,4,1,3
S01008782,Families with dependent children: Youngest aged 12 to 18,7,2,2,2,0,0,0,0,5,0,5
S01008783,All families in households,124,96,41,40,1,55,55,0,28,4,24
S01008783,Families with no dependent children,84,78,30,30,0,48,48,0,6,1,5
S01008783,Families with dependent children: Total,40,18,11,10,1,7,7,0,22,3,19
S01008783,Families with dependent children: Youngest aged 0 to 4,24,13,6,6,0,7,7,0,11,2,9
S01008783,Families with dependent children: Youngest aged 5 to 11,12,2,2,2,0,0,0,0,10,0,10
S01008783,Families with dependent children: Youngest aged 12 to 18,4,3,3,2,1,0,0,0,1,1,0
S01008784,All families in households,119,86,35,34,1,51,51,0,33,4,29
S01008784,Families with no dependent children,77,72,27,27,0,45,45,0,5,1,4
S01008784,Families with dependent children: Total,42,14,8,7,1,6,6,0,28,3,25
S01008784,Families with dependent children: Youngest aged 0 to 4,16,10,5,5,0,5,5,0,6,0,6
S01008784,Families with dependent children: Youngest aged 5 to 11,17,2,1,1,0,1,1,0,15,2,13
S01008784,Families with dependent children: Youngest aged 12 to 18,9,2,2,1,1,0,0,0,7,1,6
S01008785,All families in households,219,140,80,78,2,60,57,3,79,9,70
S01008785,Families with no dependent children,123,103,58,56,2,45,44,1,20,4,16
S01008785,Families with dependent children: Total,96,37,22,22,0,15,13,2,59,5,54
S01008785,Families with dependent children: Youngest aged 0 to 4,56,25,14,14,0,11,10,1,31,1,30
S01008785,Families with dependent children: Youngest aged 5 to 11,22,9,6,6,0,3,2,1,13,2,11
S01008785,Families with dependent children: Youngest aged 12 to 18,18,3,2,2,0,1,1,0,15,2,13
S01008786,All families in households,199,168,72,72,0,96,93,3,31,6,25
S01008786,Families with no dependent children,149,141,58,58,0,83,83,0,8,4,4
S01008786,Families with dependent children: Total,50,27,14,14,0,13,10,3,23,2,21
S01008786,Families with dependent children: Youngest aged 0 to 4,33,23,12,12,0,11,9,2,10,0,10
S01008786,Families with dependent children: Youngest aged 5 to 11,15,4,2,2,0,2,1,1,11,1,10
S01008786,Families with dependent children: Youngest aged 12 to 18,2,0,0,0,0,0,0,0,2,1,1
S01008787,All families in households,97,43,29,28,1,14,13,1,54,6,48
S01008787,Families with no dependent children,30,23,15,15,0,8,8,0,7,4,3
S01008787,Families with dependent children: Total,67,20,14,13,1,6,5,1,47,2,45
S01008787,Families with dependent children: Youngest aged 0 to 4,41,14,9,9,0,5,4,1,27,0,27
S01008787,Families with dependent children: Youngest aged 5 to 11,13,3,2,2,0,1,1,0,10,0,10
S01008787,Families with dependent children: Youngest aged 12 to 18,13,3,3,2,1,0,0,0,10,2,8
S01008788,All families in households,175,142,64,63,1,78,77,1,33,4,29
S01008788,Families with no dependent children,127,121,48,47,1,73,72,1,6,1,5
S01008788,Families with dependent children: Total,48,21,16,16,0,5,5,0,27,3,24
S01008788,Families with dependent children: Youngest aged 0 to 4,30,18,16,16,0,2,2,0,12,1,11
S01008788,Families with dependent children: Youngest aged 5 to 11,8,2,0,0,0,2,2,0,6,1,5
S01008788,Families with dependent children: Youngest aged 12 to 18,10,1,0,0,0,1,1,0,9,1,8
S01008789,All families in households,152,122,92,90,2,30,26,4,30,6,24
S01008789,Families with no dependent children,102,92,68,66,2,24,23,1,10,4,6
S01008789,Families with dependent children: Total,50,30,24,24,0,6,3,3,20,2,18
S01008789,Families with dependent children: Youngest aged 0 to 4,23,14,11,11,0,3,2,1,9,0,9
S01008789,Families with dependent children: Youngest aged 5 to 11,13,6,3,3,0,3,1,2,7,2,5
S01008789,Families with dependent children: Youngest aged 12 to 18,14,10,10,10,0,0,0,0,4,0,4
S01008790,All families in households,124,97,47,45,2,50,47,3,27,4,23
S01008790,Families with no dependent children,75,66,30,29,1,36,35,1,9,2,7
S01008790,Families with dependent children: Total,49,31,17,16,1,14,12,2,18,2,16
S01008790,Families with dependent children: Youngest aged 0 to 4,26,19,9,9,0,10,9,1,7,1,6
S01008790,Families with dependent children: Youngest aged 5 to 11,13,10,6,6,0,4,3,1,3,1,2
S01008790,Families with dependent children: Youngest aged 12 to 18,10,2,2,1,1,0,0,0,8,0,8
S01008791,All families in households,202,161,103,102,1,58,57,1,41,3,38
S01008791,Families with no dependent children,132,121,69,68,1,52,52,0,11,2,9
S01008791,Families with dependent children: Total,70,40,34,34,0,6,5,1,30,1,29
S01008791,Families with dependent children: Youngest aged 0 to 4,29,21,17,17,0,4,3,1,8,0,8
S01008791,Families with dependent children: Youngest aged 5 to 11,25,9,7,7,0,2,2,0,16,1,15
S01008791,Families with dependent children: Youngest aged 12 to 18,16,10,10,10,0,0,0,0,6,0,6
S01008792,All families in households,203,165,90,89,1,75,74,1,38,3,35
S01008792,Families with no dependent children,137,125,64,63,1,61,61,0,12,2,10
S01008792,Families with dependent children: Total,66,40,26,26,0,14,13,1,26,1,25
S01008792,Families with dependent children: Youngest aged 0 to 4,31,22,16,16,0,6,6,0,9,0,9
S01008792,Families with dependent children: Youngest aged 5 to 11,20,10,6,6,0,4,3,1,10,0,10
S01008792,Families with dependent children: Youngest aged 12 to 18,15,8,4,4,0,4,4,0,7,1,6
S01008793,All families in households,75,58,28,26,2,30,30,0,17,1,16
S01008793,Families with no dependent children,44,42,20,20,0,22,22,0,2,0,2
S01008793,Families with dependent children: Total,31,16,8,6,2,8,8,0,15,1,14
S01008793,Families with dependent children: Youngest aged 0 to 4,11,9,4,3,1,5,5,0,2,0,2
S01008793,Families with dependent children: Youngest aged 5 to 11,9,2,1,1,0,1,1,0,7,1,6
S01008793,Families with dependent children: Youngest aged 12 to 18,11,5,3,2,1,2,2,0,6,0,6
S01008794,All families in households,230,172,108,104,4,64,61,3,58,7,51
S01008794,Families with no dependent children,158,134,82,81,1,52,52,0,24,6,18
S01008794,Families with dependent children: Total,72,38,26,23,3,12,9,3,34,1,33
S01008794,Families with dependent children: Youngest aged 0 to 4,33,24,18,16,2,6,5,1,9,1,8
S01008794,Families with dependent children: Youngest aged 5 to 11,19,9,5,4,1,4,2,2,10,0,10
S01008794,Families with dependent children: Youngest aged 12 to 18,20,5,3,3,0,2,2,0,15,0,15
S01008795,All families in households,258,222,116,110,6,106,103,3,36,4,32
S01008795,Families with no dependent children,171,164,74,71,3,90,89,1,7,2,5
S01008795,Families with dependent children: Total,87,58,42,39,3,16,14,2,29,2,27
S01008795,Families with dependent children: Youngest aged 0 to 4,49,41,29,27,2,12,10,2,8,0,8
S01008795,Families with dependent children: Youngest aged 5 to 11,23,12,10,9,1,2,2,0,11,0,11
S01008795,Families with dependent children: Youngest aged 12 to 18,15,5,3,3,0,2,2,0,10,2,8
S01008796,All families in households,239,187,103,99,4,84,80,4,52,2,50
S01008796,Families with no dependent children,149,136,66,66,0,70,67,3,13,0,13
S01008796,Families with dependent children: Total,90,51,37,33,4,14,13,1,39,2,37
S01008796,Families with dependent children: Youngest aged 0 to 4,50,35,26,23,3,9,9,0,15,0,15
S01008796,Families with dependent children: Youngest aged 5 to 11,25,12,7,7,0,5,4,1,13,0,13
S01008796,Families with dependent children: Youngest aged 12 to 18,15,4,4,3,1,0,0,0,11,2,9
S01008797,All families in households,206,178,88,88,0,90,87,3,28,3,25
S01008797,Families with no dependent children,162,150,71,71,0,79,79,0,12,3,9
S01008797,Families with dependent children: Total,44,28,17,17,0,11,8,3,16,0,16
S01008797,Families with dependent children: Youngest aged 0 to 4,24,19,12,12,0,7,5,2,5,0,5
S01008797,Families with dependent children: Youngest aged 5 to 11,14,7,4,4,0,3,2,1,7,0,7
S01008797,Families with dependent children: Youngest aged 12 to 18,6,2,1,1,0,1,1,0,4,0,4
S01008798,All families in households,173,142,77,76,1,65,63,2,31,4,27
S01008798,Families with no dependent children,124,114,58,57,1,56,56,0,10,1,9
S01008798,Families with dependent children: Total,49,28,19,19,0,9,7,2,21,3,18
S01008798,Families with dependent children: Youngest aged 0 to 4,31,19,14,14,0,5,5,0,12,1,11
S01008798,Families with dependent children: Youngest aged 5 to 11,10,5,3,3,0,2,1,1,5,0,5
S01008798,Families with dependent children: Youngest aged 12 to 18,8,4,2,2,0,2,1,1,4,2,2
S01008799,All families in households,163,121,55,53,2,66,64,2,42,3,39
S01008799,Families with no dependent children,89,88,32,30,2,56,56,0,1,0,1
S01008799,Families with dependent children: Total,74,33,23,23,0,10,8,2,41,3,38
S01008799,Families with dependent children: Youngest aged 0 to 4,38,26,18,18,0,8,7,1,12,1,11
S01008799,Families with dependent children: Youngest aged 5 to 11,24,4,3,3,0,1,1,0,20,0,20
S01008799,Families with dependent children: Youngest aged 12 to 18,12,3,2,2,0,1,0,1,9,2,7
S01008800,All families in households,227,203,97,97,0,106,103,3,24,5,19
S01008800,Families with no dependent children,169,160,66,66,0,94,94,0,9,4,5
S01008800,Families with dependent children: Total,58,43,31,31,0,12,9,3,15,1,14
S01008800,Families with dependent children: Youngest aged 0 to 4,41,36,26,26,0,10,9,1,5,0,5
S01008800,Families with dependent children: Youngest aged 5 to 11,10,5,4,4,0,1,0,1,5,1,4
S01008800,Families with dependent children: Youngest aged 12 to 18,7,2,1,1,0,1,0,1,5,0,5
S01008801,All families in households,218,193,89,89,0,104,101,3,25,3,22
S01008801,Families with no dependent children,161,155,64,64,0,91,89,2,6,1,5
S01008801,Families with dependent children: Total,57,38,25,25,0,13,12,1,19,2,17
S01008801,Families with dependent children: Youngest aged 0 to 4,36,32,22,22,0,10,9,1,4,0,4
S01008801,Families with dependent children: Youngest aged 5 to 11,10,4,2,2,0,2,2,0,6,0,6
S01008801,Families with dependent children: Youngest aged 12 to 18,11,2,1,1,0,1,1,0,9,2,7
S01008802,All families in households,217,184,86,81,5,98,96,2,33,8,25
S01008802,Families with no dependent children,160,150,63,63,0,87,87,0,10,2,8
S01008802,Families with dependent children: Total,57,34,23,18,5,11,9,2,23,6,17
S01008802,Families with dependent children: Youngest aged 0 to 4,34,25,15,13,2,10,8,2,9,3,6
S01008802,Families with dependent children: Youngest aged 5 to 11,8,4,3,3,0,1,1,0,4,1,3
S01008802,Families with dependent children: Youngest aged 12 to 18,15,5,5,2,3,0,0,0,10,2,8
S01008803,All families in households,188,146,82,78,4,64,64,0,42,10,32
S01008803,Families with no dependent children,122,110,54,54,0,56,56,0,12,3,9
S01008803,Families with dependent children: Total,66,36,28,24,4,8,8,0,30,7,23
S01008803,Families with dependent children: Youngest aged 0 to 4,29,20,15,14,1,5,5,0,9,0,9
S01008803,Families with dependent children: Youngest aged 5 to 11,18,4,4,3,1,0,0,0,14,2,12
S01008803,Families with dependent children: Youngest aged 12 to 18,19,12,9,7,2,3,3,0,7,5,2
S01008804,All families in households,116,98,48,47,1,50,49,1,18,4,14
S01008804,Families with no dependent children,80,75,29,29,0,46,45,1,5,2,3
S01008804,Families with dependent children: Total,36,23,19,18,1,4,4,0,13,2,11
S01008804,Families with dependent children: Youngest aged 0 to 4,27,18,14,14,0,4,4,0,9,0,9
S01008804,Families with dependent children: Youngest aged 5 to 11,2,1,1,1,0,0,0,0,1,0,1
S01008804,Families with dependent children: Youngest aged 12 to 18,7,4,4,3,1,0,0,0,3,2,1
S01008805,All families in households,118,106,47,46,1,59,59,0,12,2,10
S01008805,Families with no dependent children,88,82,29,29,0,53,53,0,6,2,4
S01008805,Families with dependent children: Total,30,24,18,17,1,6,6,0,6,0,6
S01008805,Families with dependent children: Youngest aged 0 to 4,19,19,13,12,1,6,6,0,0,0,0
S01008805,Families with dependent children: Youngest aged 5 to 11,6,4,4,4,0,0,0,0,2,0,2
S01008805,Families with dependent children: Youngest aged 12 to 18,5,1,1,1,0,0,0,0,4,0,4
S01008806,All families in households,230,208,100,97,3,108,107,1,22,1,21
S01008806,Families with no dependent children,167,159,60,57,3,99,98,1,8,0,8
S01008806,Families with dependent children: Total,63,49,40,40,0,9,9,0,14,1,13
S01008806,Families with dependent children: Youngest aged 0 to 4,38,34,26,26,0,8,8,0,4,1,3
S01008806,Families with dependent children: Youngest aged 5 to 11,16,11,10,10,0,1,1,0,5,0,5
S01008806,Families with dependent children: Youngest aged 12 to 18,9,4,4,4,0,0,0,0,5,0,5
S01008807,All families in households,167,147,79,77,2,68,64,4,20,1,19
S01008807,Families with no dependent children,127,118,57,55,2,61,60,1,9,1,8
S01008807,Families with dependent children: Total,40,29,22,22,0,7,4,3,11,0,11
S01008807,Families with dependent children: Youngest aged 0 to 4,18,16,11,11,0,5,3,2,2,0,2
S01008807,Families with dependent children: Youngest aged 5 to 11,10,7,6,6,0,1,0,1,3,0,3
S01008807,Families with dependent children: Youngest aged 12 to 18,12,6,5,5,0,1,1,0,6,0,6
S01008808,All families in households,161,144,73,72,1,71,70,1,17,1,16
S01008808,Families with no dependent children,119,113,51,51,0,62,62,0,6,1,5
S01008808,Families with dependent children: Total,42,31,22,21,1,9,8,1,11,0,11
S01008808,Families with dependent children: Youngest aged 0 to 4,23,21,14,14,0,7,7,0,2,0,2
S01008808,Families with dependent children: Youngest aged 5 to 11,8,6,5,5,0,1,1,0,2,0,2
S01008808,Families with dependent children: Youngest aged 12 to 18,11,4,3,2,1,1,0,1,7,0,7
S01008809,All families in households,161,143,88,85,3,55,55,0,18,1,17
S01008809,Families with no dependent children,119,112,63,62,1,49,49,0,7,1,6
S01008809,Families with dependent children: Total,42,31,25,23,2,6,6,0,11,0,11
S01008809,Families with dependent children: Youngest aged 0 to 4,18,12,10,9,1,2,2,0,6,0,6
S01008809,Families with dependent children: Youngest aged 5 to 11,15,13,10,10,0,3,3,0,2,0,2
S01008809,Families with dependent children: Youngest aged 12 to 18,9,6,5,4,1,1,1,0,3,0,3
S01008810,All families in households,153,135,69,67,2,66,65,1,18,0,18
S01008810,Families with no dependent children,101,98,40,39,1,58,58,0,3,0,3
S01008810,Families with dependent children: Total,52,37,29,28,1,8,7,1,15,0,15
S01008810,Families with dependent children: Youngest aged 0 to 4,25,21,15,14,1,6,6,0,4,0,4
S01008810,Families with dependent children: Youngest aged 5 to 11,18,12,10,10,0,2,1,1,6,0,6
S01008810,Families with dependent children: Youngest aged 12 to 18,9,4,4,4,0,0,0,0,5,0,5
S01008811,All families in households,158,147,86,85,1,61,61,0,11,2,9
S01008811,Families with no dependent children,124,118,62,61,1,56,56,0,6,1,5
S01008811,Families with dependent children: Total,34,29,24,24,0,5,5,0,5,1,4
S01008811,Families with dependent children: Youngest aged 0 to 4,20,18,14,14,0,4,4,0,2,0,2
S01008811,Families with dependent children: Youngest aged 5 to 11,11,9,8,8,0,1,1,0,2,0,2
S01008811,Families with dependent children: Youngest aged 12 to 18,3,2,2,2,0,0,0,0,1,1,0
S01008812,All families in households,91,75,34,34,0,41,40,1,16,2,14
S01008812,Families with no dependent children,67,59,24,24,0,35,34,1,8,1,7
S01008812,Families with dependent children: Total,24,16,10,10,0,6,6,0,8,1,7
S01008812,Families with dependent children: Youngest aged 0 to 4,11,10,7,7,0,3,3,0,1,0,1
S01008812,Families with dependent children: Youngest aged 5 to 11,9,4,2,2,0,2,2,0,5,1,4
S01008812,Families with dependent children: Youngest aged 12 to 18,4,2,1,1,0,1,1,0,2,0,2
S01008813,All families in households,221,158,99,93,6,59,55,4,63,7,56
S01008813,Families with no dependent children,128,105,57,56,1,48,47,1,23,4,19
S01008813,Families with dependent children: Total,93,53,42,37,5,11,8,3,40,3,37
S01008813,Families with dependent children: Youngest aged 0 to 4,44,29,21,19,2,8,7,1,15,0,15
S01008813,Families with dependent children: Youngest aged 5 to 11,28,13,12,11,1,1,1,0,15,1,14
S01008813,Families with dependent children: Youngest aged 12 to 18,21,11,9,7,2,2,0,2,10,2,8
S01008814,All families in households,210,175,105,101,4,70,66,4,35,3,32
S01008814,Families with no dependent children,139,132,69,67,2,63,61,2,7,1,6
S01008814,Families with dependent children: Total,71,43,36,34,2,7,5,2,28,2,26
S01008814,Families with dependent children: Youngest aged 0 to 4,29,21,15,15,0,6,5,1,8,0,8
S01008814,Families with dependent children: Youngest aged 5 to 11,19,10,9,9,0,1,0,1,9,0,9
S01008814,Families with dependent children: Youngest aged 12 to 18,23,12,12,10,2,0,0,0,11,2,9
S01008815,All families in households,200,162,76,74,2,86,83,3,38,5,33
S01008815,Families with no dependent children,131,123,45,45,0,78,77,1,8,0,8
S01008815,Families with dependent children: Total,69,39,31,29,2,8,6,2,30,5,25
S01008815,Families with dependent children: Youngest aged 0 to 4,39,27,22,21,1,5,4,1,12,4,8
S01008815,Families with dependent children: Youngest aged 5 to 11,20,7,5,5,0,2,2,0,13,0,13
S01008815,Families with dependent children: Youngest aged 12 to 18,10,5,4,3,1,1,0,1,5,1,4
S01008816,All families in households,119,97,51,51,0,46,46,0,22,2,20
S01008816,Families with no dependent children,94,85,40,40,0,45,45,0,9,1,8
S01008816,Families with dependent children: Total,25,12,11,11,0,1,1,0,13,1,12
S01008816,Families with dependent children: Youngest aged 0 to 4,13,9,8,8,0,1,1,0,4,0,4
S01008816,Families with dependent children: Youngest aged 5 to 11,7,2,2,2,0,0,0,0,5,0,5
S01008816,Families with dependent children: Youngest aged 12 to 18,5,1,1,1,0,0,0,0,4,1,3
S01008817,All families in households,202,152,81,75,6,71,68,3,50,3,47
S01008817,Families with no dependent children,115,104,52,51,1,52,51,1,11,1,10
S01008817,Families with dependent children: Total,87,48,29,24,5,19,17,2,39,2,37
S01008817,Families with dependent children: Youngest aged 0 to 4,47,26,14,13,1,12,10,2,21,0,21
S01008817,Families with dependent children: Youngest aged 5 to 11,27,15,9,8,1,6,6,0,12,0,12
S01008817,Families with dependent children: Youngest aged 12 to 18,13,7,6,3,3,1,1,0,6,2,4
S01008818,All families in households,220,178,106,101,5,72,68,4,42,6,36
S01008818,Families with no dependent children,118,111,59,57,2,52,50,2,7,2,5
S01008818,Families with dependent children: Total,102,67,47,44,3,20,18,2,35,4,31
S01008818,Families with dependent children: Youngest aged 0 to 4,51,32,20,19,1,12,11,1,19,2,17
S01008818,Families with dependent children: Youngest aged 5 to 11,23,16,12,10,2,4,4,0,7,1,6
S01008818,Families with dependent children: Youngest aged 12 to 18,28,19,15,15,0,4,3,1,9,1,8
S01008819,All families in households,193,172,109,106,3,63,59,4,21,6,15
S01008819,Families with no dependent children,121,116,67,67,0,49,48,1,5,1,4
S01008819,Families with dependent children: Total,72,56,42,39,3,14,11,3,16,5,11
S01008819,Families with dependent children: Youngest aged 0 to 4,43,32,24,23,1,8,8,0,11,5,6
S01008819,Families with dependent children: Youngest aged 5 to 11,15,15,11,11,0,4,3,1,0,0,0
S01008819,Families with dependent children: Youngest aged 12 to 18,14,9,7,5,2,2,0,2,5,0,5
S01008820,All families in households,258,195,104,102,2,91,87,4,63,5,58
S01008820,Families with no dependent children,145,132,63,62,1,69,69,0,13,3,10
S01008820,Families with dependent children: Total,113,63,41,40,1,22,18,4,50,2,48
S01008820,Families with dependent children: Youngest aged 0 to 4,64,42,28,28,0,14,11,3,22,1,21
S01008820,Families with dependent children: Youngest aged 5 to 11,28,13,6,5,1,7,7,0,15,0,15
S01008820,Families with dependent children: Youngest aged 12 to 18,21,8,7,7,0,1,0,1,13,1,12
S01008821,All families in households,191,172,140,137,3,32,29,3,19,1,18
S01008821,Families with no dependent children,95,92,73,72,1,19,19,0,3,1,2
S01008821,Families with dependent children: Total,96,80,67,65,2,13,10,3,16,0,16
S01008821,Families with dependent children: Youngest aged 0 to 4,50,43,36,36,0,7,7,0,7,0,7
S01008821,Families with dependent children: Youngest aged 5 to 11,20,14,11,11,0,3,3,0,6,0,6
S01008821,Families with dependent children: Youngest aged 12 to 18,26,23,20,18,2,3,0,3,3,0,3
S01008822,All families in households,209,192,165,164,1,27,23,4,17,3,14
S01008822,Families with no dependent children,116,109,90,90,0,19,19,0,7,2,5
S01008822,Families with dependent children: Total,93,83,75,74,1,8,4,4,10,1,9
S01008822,Families with dependent children: Youngest aged 0 to 4,30,28,25,25,0,3,3,0,2,0,2
S01008822,Families with dependent children: Youngest aged 5 to 11,34,29,27,27,0,2,0,2,5,1,4
S01008822,Families with dependent children: Youngest aged 12 to 18,29,26,23,22,1,3,1,2,3,0,3
S01008823,All families in households,184,170,146,143,3,24,19,5,14,1,13
S01008823,Families with no dependent children,106,99,84,82,2,15,13,2,7,1,6
S01008823,Families with dependent children: Total,78,71,62,61,1,9,6,3,7,0,7
S01008823,Families with dependent children: Youngest aged 0 to 4,33,32,29,29,0,3,2,1,1,0,1
S01008823,Families with dependent children: Youngest aged 5 to 11,21,18,17,16,1,1,1,0,3,0,3
S01008823,Families with dependent children: Youngest aged 12 to 18,24,21,16,16,0,5,3,2,3,0,3
S01008824,All families in households,273,240,183,179,4,57,53,4,33,4,29
S01008824,Families with no dependent children,179,163,115,114,1,48,46,2,16,2,14
S01008824,Families with dependent children: Total,94,77,68,65,3,9,7,2,17,2,15
S01008824,Families with dependent children: Youngest aged 0 to 4,48,46,39,38,1,7,7,0,2,1,1
S01008824,Families with dependent children: Youngest aged 5 to 11,24,18,17,16,1,1,0,1,6,1,5
S01008824,Families with dependent children: Youngest aged 12 to 18,22,13,12,11,1,1,0,1,9,0,9
S01008825,All families in households,182,165,131,129,2,34,34,0,17,1,16
S01008825,Families with no dependent children,103,98,74,74,0,24,24,0,5,0,5
S01008825,Families with dependent children: Total,79,67,57,55,2,10,10,0,12,1,11
S01008825,Families with dependent children: Youngest aged 0 to 4,40,39,31,30,1,8,8,0,1,0,1
S01008825,Families with dependent children: Youngest aged 5 to 11,19,15,14,14,0,1,1,0,4,0,4
S01008825,Families with dependent children: Youngest aged 12 to 18,20,13,12,11,1,1,1,0,7,1,6
S01008826,All families in households,162,146,102,101,1,44,42,2,16,4,12
S01008826,Families with no dependent children,108,102,64,63,1,38,37,1,6,3,3
S01008826,Families with dependent children: Total,54,44,38,38,0,6,5,1,10,1,9
S01008826,Families with dependent children: Youngest aged 0 to 4,19,18,15,15,0,3,2,1,1,0,1
S01008826,Families with dependent children: Youngest aged 5 to 11,22,17,15,15,0,2,2,0,5,1,4
S01008826,Families with dependent children: Youngest aged 12 to 18,13,9,8,8,0,1,1,0,4,0,4
S01008827,All families in households,206,194,173,169,4,21,19,2,12,1,11
S01008827,Families with no dependent children,106,104,90,90,0,14,13,1,2,0,2
S01008827,Families with dependent children: Total,100,90,83,79,4,7,6,1,10,1,9
S01008827,Families with dependent children: Youngest aged 0 to 4,31,31,27,26,1,4,3,1,0,0,0
S01008827,Families with dependent children: Youngest aged 5 to 11,39,33,31,30,1,2,2,0,6,1,5
S01008827,Families with dependent children: Youngest aged 12 to 18,30,26,25,23,2,1,1,0,4,0,4
S01008828,All families in households,250,225,165,162,3,60,56,4,25,5,20
S01008828,Families with no dependent children,157,146,100,99,1,46,45,1,11,3,8
S01008828,Families with dependent children: Total,93,79,65,63,2,14,11,3,14,2,12
S01008828,Families with dependent children: Youngest aged 0 to 4,40,38,29,28,1,9,9,0,2,0,2
S01008828,Families with dependent children: Youngest aged 5 to 11,32,23,21,20,1,2,1,1,9,1,8
S01008828,Families with dependent children: Youngest aged 12 to 18,21,18,15,15,0,3,1,2,3,1,2
S01008829,All families in households,204,179,154,151,3,25,20,5,25,3,22
S01008829,Families with no dependent children,107,100,86,84,2,14,14,0,7,1,6
S01008829,Families with dependent children: Total,97,79,68,67,1,11,6,5,18,2,16
S01008829,Families with dependent children: Youngest aged 0 to 4,44,39,33,33,0,6,3,3,5,1,4
S01008829,Families with dependent children: Youngest aged 5 to 11,30,19,15,14,1,4,3,1,11,1,10
S01008829,Families with dependent children: Youngest aged 12 to 18,23,21,20,20,0,1,0,1,2,0,2
S01008830,All families in households,186,165,136,133,3,29,27,2,21,6,15
S01008830,Families with no dependent children,100,90,72,72,0,18,18,0,10,3,7
S01008830,Families with dependent children: Total,86,75,64,61,3,11,9,2,11,3,8
S01008830,Families with dependent children: Youngest aged 0 to 4,46,46,36,36,0,10,9,1,0,0,0
S01008830,Families with dependent children: Youngest aged 5 to 11,19,14,13,13,0,1,0,1,5,1,4
S01008830,Families with dependent children: Youngest aged 12 to 18,21,15,15,12,3,0,0,0,6,2,4
S01008831,All families in households,227,209,186,180,6,23,21,2,18,1,17
S01008831,Families with no dependent children,144,131,115,113,2,16,16,0,13,1,12
S01008831,Families with dependent children: Total,83,78,71,67,4,7,5,2,5,0,5
S01008831,Families with dependent children: Youngest aged 0 to 4,28,26,22,20,2,4,4,0,2,0,2
S01008831,Families with dependent children: Youngest aged 5 to 11,28,26,25,24,1,1,1,0,2,0,2
S01008831,Families with dependent children: Youngest aged 12 to 18,27,26,24,23,1,2,0,2,1,0,1
S01008832,All families in households,202,179,153,150,3,26,24,2,23,6,17
S01008832,Families with no dependent children,134,129,108,107,1,21,21,0,5,1,4
S01008832,Families with dependent children: Total,68,50,45,43,2,5,3,2,18,5,13
S01008832,Families with dependent children: Youngest aged 0 to 4,21,18,14,14,0,4,3,1,3,0,3
S01008832,Families with dependent children: Youngest aged 5 to 11,30,25,25,23,2,0,0,0,5,3,2
S01008832,Families with dependent children: Youngest aged 12 to 18,17,7,6,6,0,1,0,1,10,2,8
S01008833,All families in households,264,233,165,164,1,68,66,2,31,7,24
S01008833,Families with no dependent children,177,165,109,108,1,56,54,2,12,4,8
S01008833,Families with dependent children: Total,87,68,56,56,0,12,12,0,19,3,16
S01008833,Families with dependent children: Youngest aged 0 to 4,28,28,24,24,0,4,4,0,0,0,0
S01008833,Families with dependent children: Youngest aged 5 to 11,40,29,21,21,0,8,8,0,11,1,10
S01008833,Families with dependent children: Youngest aged 12 to 18,19,11,11,11,0,0,0,0,8,2,6
S01008834,All families in households,303,280,222,215,7,58,50,8,23,4,19
S01008834,Families with no dependent children,186,179,138,137,1,41,40,1,7,2,5
S01008834,Families with dependent children: Total,117,101,84,78,6,17,10,7,16,2,14
S01008834,Families with dependent children: Youngest aged 0 to 4,44,39,35,33,2,4,4,0,5,0,5
S01008834,Families with dependent children: Youngest aged 5 to 11,35,31,27,25,2,4,2,2,4,1,3
S01008834,Families with dependent children: Youngest aged 12 to 18,38,31,22,20,2,9,4,5,7,1,6
S01008835,All families in households,239,203,170,163,7,33,29,4,36,7,29
S01008835,Families with no dependent children,156,143,119,117,2,24,22,2,13,2,11
S01008835,Families with dependent children: Total,83,60,51,46,5,9,7,2,23,5,18
S01008835,Families with dependent children: Youngest aged 0 to 4,36,31,27,24,3,4,4,0,5,2,3
S01008835,Families with dependent children: Youngest aged 5 to 11,22,16,12,12,0,4,3,1,6,0,6
S01008835,Families with dependent children: Youngest aged 12 to 18,25,13,12,10,2,1,0,1,12,3,9
S01008836,All families in households,134,108,64,63,1,44,41,3,26,7,19
S01008836,Families with no dependent children,83,73,35,35,0,38,35,3,10,4,6
S01008836,Families with dependent children: Total,51,35,29,28,1,6,6,0,16,3,13
S01008836,Families with dependent children: Youngest aged 0 to 4,24,20,15,15,0,5,5,0,4,0,4
S01008836,Families with dependent children: Youngest aged 5 to 11,14,8,7,7,0,1,1,0,6,1,5
S01008836,Families with dependent children: Youngest aged 12 to 18,13,7,7,6,1,0,0,0,6,2,4
S01008837,All families in households,253,230,122,121,1,108,106,2,23,2,21
S01008837,Families with no dependent children,188,184,89,89,0,95,95,0,4,1,3
S01008837,Families with dependent children: Total,65,46,33,32,1,13,11,2,19,1,18
S01008837,Families with dependent children: Youngest aged 0 to 4,47,37,27,27,0,10,8,2,10,0,10
S01008837,Families with dependent children: Youngest aged 5 to 11,13,9,6,5,1,3,3,0,4,1,3
S01008837,Families with dependent children: Youngest aged 12 to 18,5,0,0,0,0,0,0,0,5,0,5
S01008838,All families in households,248,232,129,125,4,103,102,1,16,1,15
S01008838,Families with no dependent children,187,182,85,83,2,97,97,0,5,1,4
S01008838,Families with dependent children: Total,61,50,44,42,2,6,5,1,11,0,11
S01008838,Families with dependent children: Youngest aged 0 to 4,26,24,21,20,1,3,3,0,2,0,2
S01008838,Families with dependent children: Youngest aged 5 to 11,22,16,14,13,1,2,1,1,6,0,6
S01008838,Families with dependent children: Youngest aged 12 to 18,13,10,9,9,0,1,1,0,3,0,3
S01008839,All families in households,269,252,162,158,4,90,90,0,17,5,12
S01008839,Families with no dependent children,194,187,104,102,2,83,83,0,7,3,4
S01008839,Families with dependent children: Total,75,65,58,56,2,7,7,0,10,2,8
S01008839,Families with dependent children: Youngest aged 0 to 4,38,36,31,30,1,5,5,0,2,1,1
S01008839,Families with dependent children: Youngest aged 5 to 11,23,17,17,16,1,0,0,0,6,1,5
S01008839,Families with dependent children: Youngest aged 12 to 18,14,12,10,10,0,2,2,0,2,0,2
S01008840,All families in households,271,247,158,156,2,89,85,4,24,2,22
S01008840,Families with no dependent children,174,165,91,91,0,74,74,0,9,2,7
S01008840,Families with dependent children: Total,97,82,67,65,2,15,11,4,15,0,15
S01008840,Families with dependent children: Youngest aged 0 to 4,55,49,43,43,0,6,5,1,6,0,6
S01008840,Families with dependent children: Youngest aged 5 to 11,18,16,13,11,2,3,3,0,2,0,2
S01008840,Families with dependent children: Youngest aged 12 to 18,24,17,11,11,0,6,3,3,7,0,7
S01008841,All families in households,155,126,67,67,0,59,55,4,29,11,18
S01008841,Families with no dependent children,105,94,50,50,0,44,44,0,11,6,5
S01008841,Families with dependent children: Total,50,32,17,17,0,15,11,4,18,5,13
S01008841,Families with dependent children: Youngest aged 0 to 4,30,21,11,11,0,10,10,0,9,0,9
S01008841,Families with dependent children: Youngest aged 5 to 11,10,4,2,2,0,2,1,1,6,4,2
S01008841,Families with dependent children: Youngest aged 12 to 18,10,7,4,4,0,3,0,3,3,1,2
S01008842,All families in households,222,196,90,88,2,106,106,0,26,4,22
S01008842,Families with no dependent children,156,152,61,61,0,91,91,0,4,2,2
S01008842,Families with dependent children: Total,66,44,29,27,2,15,15,0,22,2,20
S01008842,Families with dependent children: Youngest aged 0 to 4,39,27,16,16,0,11,11,0,12,0,12
S01008842,Families with dependent children: Youngest aged 5 to 11,20,14,10,8,2,4,4,0,6,0,6
S01008842,Families with dependent children: Youngest aged 12 to 18,7,3,3,3,0,0,0,0,4,2,2
S01008843,All families in households,188,171,85,83,2,86,86,0,17,2,15
S01008843,Families with no dependent children,134,125,46,46,0,79,79,0,9,1,8
S01008843,Families with dependent children: Total,54,46,39,37,2,7,7,0,8,1,7
S01008843,Families with dependent children: Youngest aged 0 to 4,36,33,27,26,1,6,6,0,3,0,3
S01008843,Families with dependent children: Youngest aged 5 to 11,10,7,6,6,0,1,1,0,3,0,3
S01008843,Families with dependent children: Youngest aged 12 to 18,8,6,6,5,1,0,0,0,2,1,1
S01008844,All families in households,167,147,75,74,1,72,72,0,20,7,13
S01008844,Families with no dependent children,119,114,49,48,1,65,65,0,5,1,4
S01008844,Families with dependent children: Total,48,33,26,26,0,7,7,0,15,6,9
S01008844,Families with dependent children: Youngest aged 0 to 4,30,25,20,20,0,5,5,0,5,0,5
S01008844,Families with dependent children: Youngest aged 5 to 11,14,6,4,4,0,2,2,0,8,5,3
S01008844,Families with dependent children: Youngest aged 12 to 18,4,2,2,2,0,0,0,0,2,1,1
S01008845,All families in households,150,136,83,81,2,53,53,0,14,2,12
S01008845,Families with no dependent children,109,103,57,56,1,46,46,0,6,1,5
S01008845,Families with dependent children: Total,41,33,26,25,1,7,7,0,8,1,7
S01008845,Families with dependent children: Youngest aged 0 to 4,24,23,17,17,0,6,6,0,1,0,1
S01008845,Families with dependent children: Youngest aged 5 to 11,8,4,3,3,0,1,1,0,4,1,3
S01008845,Families with dependent children: Youngest aged 12 to 18,9,6,6,5,1,0,0,0,3,0,3
S01008846,All families in households,163,146,85,84,1,61,60,1,17,1,16
S01008846,Families with no dependent children,107,101,52,52,0,49,48,1,6,0,6
S01008846,Families with dependent children: Total,56,45,33,32,1,12,12,0,11,1,10
S01008846,Families with dependent children: Youngest aged 0 to 4,24,21,17,17,0,4,4,0,3,1,2
S01008846,Families with dependent children: Youngest aged 5 to 11,20,15,11,10,1,4,4,0,5,0,5
S01008846,Families with dependent children: Youngest aged 12 to 18,12,9,5,5,0,4,4,0,3,0,3
S01008847,All families in households,112,101,55,54,1,46,45,1,11,2,9
S01008847,Families with no dependent children,81,76,33,32,1,43,42,1,5,1,4
S01008847,Families with dependent children: Total,31,25,22,22,0,3,3,0,6,1,5
S01008847,Families with dependent children: Youngest aged 0 to 4,20,18,15,15,0,3,3,0,2,0,2
S01008847,Families with dependent children: Youngest aged 5 to 11,3,2,2,2,0,0,0,0,1,1,0
S01008847,Families with dependent children: Youngest aged 12 to 18,8,5,5,5,0,0,0,0,3,0,3
S01008848,All families in households,164,154,99,93,6,55,54,1,10,1,9
S01008848,Families with no dependent children,125,123,72,68,4,51,50,1,2,0,2
S01008848,Families with dependent children: Total,39,31,27,25,2,4,4,0,8,1,7
S01008848,Families with dependent children: Youngest aged 0 to 4,11,10,7,6,1,3,3,0,1,0,1
S01008848,Families with dependent children: Youngest aged 5 to 11,18,16,15,14,1,1,1,0,2,0,2
S01008848,Families with dependent children: Youngest aged 12 to 18,10,5,5,5,0,0,0,0,5,1,4
S01008849,All families in households,151,140,90,88,2,50,50,0,11,0,11
S01008849,Families with no dependent children,111,109,62,61,1,47,47,0,2,0,2
S01008849,Families with dependent children: Total,40,31,28,27,1,3,3,0,9,0,9
S01008849,Families with dependent children: Youngest aged 0 to 4,19,19,17,17,0,2,2,0,0,0,0
S01008849,Families with dependent children: Youngest aged 5 to 11,11,5,4,4,0,1,1,0,6,0,6
S01008849,Families with dependent children: Youngest aged 12 to 18,10,7,7,6,1,0,0,0,3,0,3
S01008850,All families in households,187,165,119,118,1,46,44,2,22,6,16
S01008850,Families with no dependent children,133,124,85,85,0,39,39,0,9,3,6
S01008850,Families with dependent children: Total,54,41,34,33,1,7,5,2,13,3,10
S01008850,Families with dependent children: Youngest aged 0 to 4,19,16,13,13,0,3,3,0,3,1,2
S01008850,Families with dependent children: Youngest aged 5 to 11,20,17,15,14,1,2,2,0,3,0,3
S01008850,Families with dependent children: Youngest aged 12 to 18,15,8,6,6,0,2,0,2,7,2,5
S01008851,All families in households,210,186,112,111,1,74,73,1,24,1,23
S01008851,Families with no dependent children,158,146,76,76,0,70,70,0,12,1,11
S01008851,Families with dependent children: Total,52,40,36,35,1,4,3,1,12,0,12
S01008851,Families with dependent children: Youngest aged 0 to 4,21,15,13,12,1,2,2,0,6,0,6
S01008851,Families with dependent children: Youngest aged 5 to 11,11,10,9,9,0,1,0,1,1,0,1
S01008851,Families with dependent children: Youngest aged 12 to 18,20,15,14,14,0,1,1,0,5,0,5
S01008852,All families in households,255,239,192,185,7,47,46,1,16,3,13
S01008852,Families with no dependent children,185,178,137,136,1,41,41,0,7,1,6
S01008852,Families with dependent children: Total,70,61,55,49,6,6,5,1,9,2,7
S01008852,Families with dependent children: Youngest aged 0 to 4,25,24,22,21,1,2,2,0,1,0,1
S01008852,Families with dependent children: Youngest aged 5 to 11,29,26,24,20,4,2,2,0,3,1,2
S01008852,Families with dependent children: Youngest aged 12 to 18,16,11,9,8,1,2,1,1,5,1,4
S01008853,All families in households,149,133,70,70,0,63,62,1,16,2,14
S01008853,Families with no dependent children,100,98,46,46,0,52,52,0,2,0,2
S01008853,Families with dependent children: Total,49,35,24,24,0,11,10,1,14,2,12
S01008853,Families with dependent children: Youngest aged 0 to 4,26,24,14,14,0,10,9,1,2,0,2
S01008853,Families with dependent children: Youngest aged 5 to 11,16,8,7,7,0,1,1,0,8,2,6
S01008853,Families with dependent children: Youngest aged 12 to 18,7,3,3,3,0,0,0,0,4,0,4
S01008854,All families in households,186,170,107,105,2,63,62,1,16,3,13
S01008854,Families with no dependent children,139,133,75,75,0,58,58,0,6,1,5
S01008854,Families with dependent children: Total,47,37,32,30,2,5,4,1,10,2,8
S01008854,Families with dependent children: Youngest aged 0 to 4,25,24,19,18,1,5,4,1,1,0,1
S01008854,Families with dependent children: Youngest aged 5 to 11,10,6,6,6,0,0,0,0,4,0,4
S01008854,Families with dependent children: Youngest aged 12 to 18,12,7,7,6,1,0,0,0,5,2,3
S01008855,All families in households,244,216,122,119,3,94,91,3,28,5,23
S01008855,Families with no dependent children,178,166,81,79,2,85,84,1,12,3,9
S01008855,Families with dependent children: Total,66,50,41,40,1,9,7,2,16,2,14
S01008855,Families with dependent children: Youngest aged 0 to 4,34,27,20,20,0,7,7,0,7,0,7
S01008855,Families with dependent children: Youngest aged 5 to 11,17,13,13,12,1,0,0,0,4,2,2
S01008855,Families with dependent children: Youngest aged 12 to 18,15,10,8,8,0,2,0,2,5,0,5
S01008856,All families in households,139,120,64,64,0,56,55,1,19,2,17
S01008856,Families with no dependent children,98,91,41,41,0,50,49,1,7,1,6
S01008856,Families with dependent children: Total,41,29,23,23,0,6,6,0,12,1,11
S01008856,Families with dependent children: Youngest aged 0 to 4,23,19,15,15,0,4,4,0,4,0,4
S01008856,Families with dependent children: Youngest aged 5 to 11,11,6,4,4,0,2,2,0,5,0,5
S01008856,Families with dependent children: Youngest aged 12 to 18,7,4,4,4,0,0,0,0,3,1,2
S01008857,All families in households,186,164,92,90,2,72,71,1,22,2,20
S01008857,Families with no dependent children,126,122,61,60,1,61,61,0,4,0,4
S01008857,Families with dependent children: Total,60,42,31,30,1,11,10,1,18,2,16
S01008857,Families with dependent children: Youngest aged 0 to 4,34,29,20,19,1,9,8,1,5,1,4
S01008857,Families with dependent children: Youngest aged 5 to 11,13,7,6,6,0,1,1,0,6,0,6
S01008857,Families with dependent children: Youngest aged 12 to 18,13,6,5,5,0,1,1,0,7,1,6
S01008858,All families in households,138,117,77,73,4,40,39,1,21,4,17
S01008858,Families with no dependent children,99,90,55,55,0,35,35,0,9,2,7
S01008858,Families with dependent children: Total,39,27,22,18,4,5,4,1,12,2,10
S01008858,Families with dependent children: Youngest aged 0 to 4,18,15,11,9,2,4,4,0,3,0,3
S01008858,Families with dependent children: Youngest aged 5 to 11,9,4,3,1,2,1,0,1,5,1,4
S01008858,Families with dependent children: Youngest aged 12 to 18,12,8,8,8,0,0,0,0,4,1,3
S01008859,All families in households,239,226,111,111,0,115,113,2,13,3,10
S01008859,Families with no dependent children,184,179,75,75,0,104,104,0,5,2,3
S01008859,Families with dependent children: Total,55,47,36,36,0,11,9,2,8,1,7
S01008859,Families with dependent children: Youngest aged 0 to 4,31,29,19,19,0,10,8,2,2,0,2
S01008859,Families with dependent children: Youngest aged 5 to 11,17,13,12,12,0,1,1,0,4,1,3
S01008859,Families with dependent children: Youngest aged 12 to 18,7,5,5,5,0,0,0,0,2,0,2
S01008860,All families in households,214,187,97,95,2,90,85,5,27,2,25
S01008860,Families with no dependent children,157,143,65,65,0,78,77,1,14,1,13
S01008860,Families with dependent children: Total,57,44,32,30,2,12,8,4,13,1,12
S01008860,Families with dependent children: Youngest aged 0 to 4,25,22,20,19,1,2,2,0,3,0,3
S01008860,Families with dependent children: Youngest aged 5 to 11,16,11,5,5,0,6,4,2,5,0,5
S01008860,Families with dependent children: Youngest aged 12 to 18,16,11,7,6,1,4,2,2,5,1,4
S01008861,All families in households,216,198,160,156,4,38,36,2,18,3,15
S01008861,Families with no dependent children,136,126,95,93,2,31,30,1,10,3,7
S01008861,Families with dependent children: Total,80,72,65,63,2,7,6,1,8,0,8
S01008861,Families with dependent children: Youngest aged 0 to 4,23,23,19,19,0,4,3,1,0,0,0
S01008861,Families with dependent children: Youngest aged 5 to 11,26,22,20,20,0,2,2,0,4,0,4
S01008861,Families with dependent children: Youngest aged 12 to 18,31,27,26,24,2,1,1,0,4,0,4
S01008862,All families in households,208,192,94,92,2,98,98,0,16,3,13
S01008862,Families with no dependent children,172,164,71,70,1,93,93,0,8,3,5
S01008862,Families with dependent children: Total,36,28,23,22,1,5,5,0,8,0,8
S01008862,Families with dependent children: Youngest aged 0 to 4,18,16,13,13,0,3,3,0,2,0,2
S01008862,Families with dependent children: Youngest aged 5 to 11,15,10,9,9,0,1,1,0,5,0,5
S01008862,Families with dependent children: Youngest aged 12 to 18,3,2,1,0,1,1,1,0,1,0,1
S01008863,All families in households,188,171,108,106,2,63,62,1,17,1,16
S01008863,Families with no dependent children,121,116,59,59,0,57,57,0,5,0,5
S01008863,Families with dependent children: Total,67,55,49,47,2,6,5,1,12,1,11
S01008863,Families with dependent children: Youngest aged 0 to 4,38,37,31,31,0,6,5,1,1,0,1
S01008863,Families with dependent children: Youngest aged 5 to 11,13,10,10,9,1,0,0,0,3,1,2
S01008863,Families with dependent children: Youngest aged 12 to 18,16,8,8,7,1,0,0,0,8,0,8
S01008864,All families in households,167,155,100,97,3,55,54,1,12,2,10
S01008864,Families with no dependent children,101,97,49,48,1,48,48,0,4,1,3
S01008864,Families with dependent children: Total,66,58,51,49,2,7,6,1,8,1,7
S01008864,Families with dependent children: Youngest aged 0 to 4,36,32,29,29,0,3,3,0,4,0,4
S01008864,Families with dependent children: Youngest aged 5 to 11,16,16,13,13,0,3,2,1,0,0,0
S01008864,Families with dependent children: Youngest aged 12 to 18,14,10,9,7,2,1,1,0,4,1,3
S01008865,All families in households,191,157,107,106,1,50,48,2,34,5,29
S01008865,Families with no dependent children,117,108,64,64,0,44,44,0,9,1,8
S01008865,Families with dependent children: Total,74,49,43,42,1,6,4,2,25,4,21
S01008865,Families with dependent children: Youngest aged 0 to 4,31,24,22,21,1,2,1,1,7,0,7
S01008865,Families with dependent children: Youngest aged 5 to 11,30,19,16,16,0,3,2,1,11,4,7
S01008865,Families with dependent children: Youngest aged 12 to 18,13,6,5,5,0,1,1,0,7,0,7
S01008866,All families in households,193,178,110,110,0,68,64,4,15,2,13
S01008866,Families with no dependent children,135,129,68,68,0,61,61,0,6,2,4
S01008866,Families with dependent children: Total,58,49,42,42,0,7,3,4,9,0,9
S01008866,Families with dependent children: Youngest aged 0 to 4,36,30,28,28,0,2,2,0,6,0,6
S01008866,Families with dependent children: Youngest aged 5 to 11,10,9,5,5,0,4,1,3,1,0,1
S01008866,Families with dependent children: Youngest aged 12 to 18,12,10,9,9,0,1,0,1,2,0,2
S01008867,All families in households,234,211,159,159,0,52,51,1,23,4,19
S01008867,Families with no dependent children,160,149,103,103,0,46,46,0,11,4,7
S01008867,Families with dependent children: Total,74,62,56,56,0,6,5,1,12,0,12
S01008867,Families with dependent children: Youngest aged 0 to 4,39,35,31,31,0,4,4,0,4,0,4
S01008867,Families with dependent children: Youngest aged 5 to 11,18,15,15,15,0,0,0,0,3,0,3
S01008867,Families with dependent children: Youngest aged 12 to 18,17,12,10,10,0,2,1,1,5,0,5
S01008868,All families in households,152,142,80,79,1,62,61,1,10,4,6
S01008868,Families with no dependent children,120,114,54,54,0,60,60,0,6,4,2
S01008868,Families with dependent children: Total,32,28,26,25,1,2,1,1,4,0,4
S01008868,Families with dependent children: Youngest aged 0 to 4,17,15,14,14,0,1,0,1,2,0,2
S01008868,Families with dependent children: Youngest aged 5 to 11,8,8,7,7,0,1,1,0,0,0,0
S01008868,Families with dependent children: Youngest aged 12 to 18,7,5,5,4,1,0,0,0,2,0,2
S01008869,All families in households,263,245,158,155,3,87,83,4,18,3,15
S01008869,Families with no dependent children,216,207,131,130,1,76,76,0,9,2,7
S01008869,Families with dependent children: Total,47,38,27,25,2,11,7,4,9,1,8
S01008869,Families with dependent children: Youngest aged 0 to 4,27,25,16,16,0,9,7,2,2,0,2
S01008869,Families with dependent children: Youngest aged 5 to 11,11,8,8,7,1,0,0,0,3,0,3
S01008869,Families with dependent children: Youngest aged 12 to 18,9,5,3,2,1,2,0,2,4,1,3
S01008870,All families in households,213,194,133,128,5,61,58,3,19,3,16
S01008870,Families with no dependent children,162,156,102,100,2,54,53,1,6,3,3
S01008870,Families with dependent children: Total,51,38,31,28,3,7,5,2,13,0,13
S01008870,Families with dependent children: Youngest aged 0 to 4,30,28,24,22,2,4,4,0,2,0,2
S01008870,Families with dependent children: Youngest aged 5 to 11,14,7,5,4,1,2,0,2,7,0,7
S01008870,Families with dependent children: Youngest aged 12 to 18,7,3,2,2,0,1,1,0,4,0,4
S01008871,All families in households,239,217,144,143,1,73,69,4,22,6,16
S01008871,Families with no dependent children,170,159,100,99,1,59,59,0,11,4,7
S01008871,Families with dependent children: Total,69,58,44,44,0,14,10,4,11,2,9
S01008871,Families with dependent children: Youngest aged 0 to 4,37,34,26,26,0,8,8,0,3,0,3
S01008871,Families with dependent children: Youngest aged 5 to 11,16,11,8,8,0,3,2,1,5,2,3
S01008871,Families with dependent children: Youngest aged 12 to 18,16,13,10,10,0,3,0,3,3,0,3
S01008872,All families in households,179,169,114,111,3,55,54,1,10,4,6
S01008872,Families with no dependent children,125,119,70,68,2,49,49,0,6,2,4
S01008872,Families with dependent children: Total,54,50,44,43,1,6,5,1,4,2,2
S01008872,Families with dependent children: Youngest aged 0 to 4,34,34,29,29,0,5,5,0,0,0,0
S01008872,Families with dependent children: Youngest aged 5 to 11,10,8,8,8,0,0,0,0,2,2,0
S01008872,Families with dependent children: Youngest aged 12 to 18,10,8,7,6,1,1,0,1,2,0,2
S01008873,All families in households,201,192,143,143,0,49,47,2,9,2,7
S01008873,Families with no dependent children,132,125,81,81,0,44,43,1,7,2,5
S01008873,Families with dependent children: Total,69,67,62,62,0,5,4,1,2,0,2
S01008873,Families with dependent children: Youngest aged 0 to 4,30,29,25,25,0,4,3,1,1,0,1
S01008873,Families with dependent children: Youngest aged 5 to 11,17,17,16,16,0,1,1,0,0,0,0
S01008873,Families with dependent children: Youngest aged 12 to 18,22,21,21,21,0,0,0,0,1,0,1
S01008874,All families in households,203,181,120,119,1,61,60,1,22,3,19
S01008874,Families with no dependent children,141,133,78,77,1,55,55,0,8,3,5
S01008874,Families with dependent children: Total,62,48,42,42,0,6,5,1,14,0,14
S01008874,Families with dependent children: Youngest aged 0 to 4,33,29,25,25,0,4,4,0,4,0,4
S01008874,Families with dependent children: Youngest aged 5 to 11,13,10,8,8,0,2,1,1,3,0,3
S01008874,Families with dependent children: Youngest aged 12 to 18,16,9,9,9,0,0,0,0,7,0,7
S01008875,All families in households,180,156,84,81,3,72,71,1,24,3,21
S01008875,Families with no dependent children,130,119,57,55,2,62,62,0,11,2,9
S01008875,Families with dependent children: Total,50,37,27,26,1,10,9,1,13,1,12
S01008875,Families with dependent children: Youngest aged 0 to 4,31,25,17,16,1,8,8,0,6,0,6
S01008875,Families with dependent children: Youngest aged 5 to 11,8,5,3,3,0,2,1,1,3,0,3
S01008875,Families with dependent children: Youngest aged 12 to 18,11,7,7,7,0,0,0,0,4,1,3
S01008876,All families in households,155,139,117,116,1,22,20,2,16,4,12
S01008876,Families with no dependent children,88,79,71,70,1,8,8,0,9,3,6
S01008876,Families with dependent children: Total,67,60,46,46,0,14,12,2,7,1,6
S01008876,Families with dependent children: Youngest aged 0 to 4,21,20,11,11,0,9,8,1,1,0,1
S01008876,Families with dependent children: Youngest aged 5 to 11,22,19,17,17,0,2,2,0,3,0,3
S01008876,Families with dependent children: Youngest aged 12 to 18,24,21,18,18,0,3,2,1,3,1,2
S01008877,All families in households,150,137,116,110,6,21,19,2,13,1,12
S01008877,Families with no dependent children,76,71,52,50,2,19,17,2,5,1,4
S01008877,Families with dependent children: Total,74,66,64,60,4,2,2,0,8,0,8
S01008877,Families with dependent children: Youngest aged 0 to 4,31,30,28,27,1,2,2,0,1,0,1
S01008877,Families with dependent children: Youngest aged 5 to 11,22,21,21,19,2,0,0,0,1,0,1
S01008877,Families with dependent children: Youngest aged 12 to 18,21,15,15,14,1,0,0,0,6,0,6
S01008878,All families in households,271,215,176,171,5,39,33,6,56,4,52
S01008878,Families with no dependent children,178,153,128,126,2,25,24,1,25,2,23
S01008878,Families with dependent children: Total,93,62,48,45,3,14,9,5,31,2,29
S01008878,Families with dependent children: Youngest aged 0 to 4,30,22,17,17,0,5,4,1,8,0,8
S01008878,Families with dependent children: Youngest aged 5 to 11,37,28,22,19,3,6,4,2,9,0,9
S01008878,Families with dependent children: Youngest aged 12 to 18,26,12,9,9,0,3,1,2,14,2,12
S01008879,All families in households,238,195,146,143,3,49,46,3,43,4,39
S01008879,Families with no dependent children,150,134,102,100,2,32,32,0,16,4,12
S01008879,Families with dependent children: Total,88,61,44,43,1,17,14,3,27,0,27
S01008879,Families with dependent children: Youngest aged 0 to 4,47,35,25,24,1,10,10,0,12,0,12
S01008879,Families with dependent children: Youngest aged 5 to 11,18,12,8,8,0,4,2,2,6,0,6
S01008879,Families with dependent children: Youngest aged 12 to 18,23,14,11,11,0,3,2,1,9,0,9
S01008880,All families in households,164,141,111,108,3,30,23,7,23,3,20
S01008880,Families with no dependent children,94,85,67,67,0,18,14,4,9,2,7
S01008880,Families with dependent children: Total,70,56,44,41,3,12,9,3,14,1,13
S01008880,Families with dependent children: Youngest aged 0 to 4,32,29,19,19,0,10,8,2,3,0,3
S01008880,Families with dependent children: Youngest aged 5 to 11,16,14,12,10,2,2,1,1,2,0,2
S01008880,Families with dependent children: Youngest aged 12 to 18,22,13,13,12,1,0,0,0,9,1,8
S01008881,All families in households,154,145,123,122,1,22,19,3,9,4,5
S01008881,Families with no dependent children,111,107,88,87,1,19,17,2,4,2,2
S01008881,Families with dependent children: Total,43,38,35,35,0,3,2,1,5,2,3
S01008881,Families with dependent children: Youngest aged 0 to 4,13,13,12,12,0,1,1,0,0,0,0
S01008881,Families with dependent children: Youngest aged 5 to 11,13,11,10,10,0,1,0,1,2,1,1
S01008881,Families with dependent children: Youngest aged 12 to 18,17,14,13,13,0,1,1,0,3,1,2
S01008882,All families in households,287,269,230,225,5,39,35,4,18,4,14
S01008882,Families with no dependent children,157,149,123,120,3,26,26,0,8,2,6
S01008882,Families with dependent children: Total,130,120,107,105,2,13,9,4,10,2,8
S01008882,Families with dependent children: Youngest aged 0 to 4,46,43,36,36,0,7,6,1,3,1,2
S01008882,Families with dependent children: Youngest aged 5 to 11,38,35,33,32,1,2,1,1,3,1,2
S01008882,Families with dependent children: Youngest aged 12 to 18,46,42,38,37,1,4,2,2,4,0,4
S01008883,All families in households,258,243,234,231,3,9,7,2,15,2,13
S01008883,Families with no dependent children,146,141,138,137,1,3,3,0,5,1,4
S01008883,Families with dependent children: Total,112,102,96,94,2,6,4,2,10,1,9
S01008883,Families with dependent children: Youngest aged 0 to 4,25,23,19,18,1,4,3,1,2,0,2
S01008883,Families with dependent children: Youngest aged 5 to 11,46,40,38,38,0,2,1,1,6,1,5
S01008883,Families with dependent children: Youngest aged 12 to 18,41,39,39,38,1,0,0,0,2,0,2
S01008884,All families in households,214,201,189,186,3,12,11,1,13,1,12
S01008884,Families with no dependent children,140,132,123,122,1,9,9,0,8,0,8
S01008884,Families with dependent children: Total,74,69,66,64,2,3,2,1,5,1,4
S01008884,Families with dependent children: Youngest aged 0 to 4,23,23,22,22,0,1,1,0,0,0,0
S01008884,Families with dependent children: Youngest aged 5 to 11,20,18,18,18,0,0,0,0,2,0,2
S01008884,Families with dependent children: Youngest aged 12 to 18,31,28,26,24,2,2,1,1,3,1,2
S01008885,All families in households,263,243,231,226,5,12,9,3,20,1,19
S01008885,Families with no dependent children,128,121,115,115,0,6,6,0,7,1,6
S01008885,Families with dependent children: Total,135,122,116,111,5,6,3,3,13,0,13
S01008885,Families with dependent children: Youngest aged 0 to 4,34,32,30,30,0,2,2,0,2,0,2
S01008885,Families with dependent children: Youngest aged 5 to 11,53,49,46,45,1,3,1,2,4,0,4
S01008885,Families with dependent children: Youngest aged 12 to 18,48,41,40,36,4,1,0,1,7,0,7
S01008886,All families in households,209,168,141,139,2,27,25,2,41,4,37
S01008886,Families with no dependent children,127,113,93,92,1,20,20,0,14,2,12
S01008886,Families with dependent children: Total,82,55,48,47,1,7,5,2,27,2,25
S01008886,Families with dependent children: Youngest aged 0 to 4,28,22,18,18,0,4,3,1,6,1,5
S01008886,Families with dependent children: Youngest aged 5 to 11,22,16,14,13,1,2,2,0,6,1,5
S01008886,Families with dependent children: Youngest aged 12 to 18,32,17,16,16,0,1,0,1,15,0,15
S01008887,All families in households,213,184,161,157,4,23,19,4,29,1,28
S01008887,Families with no dependent children,121,110,99,99,0,11,10,1,11,0,11
S01008887,Families with dependent children: Total,92,74,62,58,4,12,9,3,18,1,17
S01008887,Families with dependent children: Youngest aged 0 to 4,36,33,26,26,0,7,6,1,3,0,3
S01008887,Families with dependent children: Youngest aged 5 to 11,23,18,17,15,2,1,0,1,5,1,4
S01008887,Families with dependent children: Youngest aged 12 to 18,33,23,19,17,2,4,3,1,10,0,10
S01008888,All families in households,150,132,76,74,2,56,54,2,18,6,12
S01008888,Families with no dependent children,107,100,52,51,1,48,48,0,7,4,3
S01008888,Families with dependent children: Total,43,32,24,23,1,8,6,2,11,2,9
S01008888,Families with dependent children: Youngest aged 0 to 4,26,24,18,17,1,6,5,1,2,1,1
S01008888,Families with dependent children: Youngest aged 5 to 11,11,7,5,5,0,2,1,1,4,1,3
S01008888,Families with dependent children: Youngest aged 12 to 18,6,1,1,1,0,0,0,0,5,0,5
S01008889,All families in households,157,140,109,107,2,31,30,1,17,5,12
S01008889,Families with no dependent children,103,99,73,73,0,26,25,1,4,3,1
S01008889,Families with dependent children: Total,54,41,36,34,2,5,5,0,13,2,11
S01008889,Families with dependent children: Youngest aged 0 to 4,31,24,20,20,0,4,4,0,7,0,7
S01008889,Families with dependent children: Youngest aged 5 to 11,12,10,9,8,1,1,1,0,2,0,2
S01008889,Families with dependent children: Youngest aged 12 to 18,11,7,7,6,1,0,0,0,4,2,2
S01008890,All families in households,232,208,187,184,3,21,19,2,24,5,19
S01008890,Families with no dependent children,149,136,120,120,0,16,16,0,13,2,11
S01008890,Families with dependent children: Total,83,72,67,64,3,5,3,2,11,3,8
S01008890,Families with dependent children: Youngest aged 0 to 4,30,30,29,28,1,1,0,1,0,0,0
S01008890,Families with dependent children: Youngest aged 5 to 11,29,23,19,17,2,4,3,1,6,2,4
S01008890,Families with dependent children: Youngest aged 12 to 18,24,19,19,19,0,0,0,0,5,1,4
S01008891,All families in households,241,220,202,199,3,18,16,2,21,2,19
S01008891,Families with no dependent children,150,142,131,131,0,11,11,0,8,2,6
S01008891,Families with dependent children: Total,91,78,71,68,3,7,5,2,13,0,13
S01008891,Families with dependent children: Youngest aged 0 to 4,30,28,25,24,1,3,3,0,2,0,2
S01008891,Families with dependent children: Youngest aged 5 to 11,32,27,27,26,1,0,0,0,5,0,5
S01008891,Families with dependent children: Youngest aged 12 to 18,29,23,19,18,1,4,2,2,6,0,6
S01008892,All families in households,255,218,171,166,5,47,44,3,37,3,34
S01008892,Families with no dependent children,170,153,112,110,2,41,40,1,17,1,16
S01008892,Families with dependent children: Total,85,65,59,56,3,6,4,2,20,2,18
S01008892,Families with dependent children: Youngest aged 0 to 4,35,32,30,28,2,2,1,1,3,0,3
S01008892,Families with dependent children: Youngest aged 5 to 11,28,20,18,17,1,2,1,1,8,0,8
S01008892,Families with dependent children: Youngest aged 12 to 18,22,13,11,11,0,2,2,0,9,2,7
S01008893,All families in households,276,261,245,242,3,16,15,1,15,1,14
S01008893,Families with no dependent children,152,145,135,135,0,10,10,0,7,1,6
S01008893,Families with dependent children: Total,124,116,110,107,3,6,5,1,8,0,8
S01008893,Families with dependent children: Youngest aged 0 to 4,47,47,44,44,0,3,2,1,0,0,0
S01008893,Families with dependent children: Youngest aged 5 to 11,43,41,38,37,1,3,3,0,2,0,2
S01008893,Families with dependent children: Youngest aged 12 to 18,34,28,28,26,2,0,0,0,6,0,6
S01008894,All families in households,272,256,240,230,10,16,16,0,16,2,14
S01008894,Families with no dependent children,157,151,140,139,1,11,11,0,6,0,6
S01008894,Families with dependent children: Total,115,105,100,91,9,5,5,0,10,2,8
S01008894,Families with dependent children: Youngest aged 0 to 4,46,42,38,34,4,4,4,0,4,0,4
S01008894,Families with dependent children: Youngest aged 5 to 11,41,39,38,35,3,1,1,0,2,0,2
S01008894,Families with dependent children: Youngest aged 12 to 18,28,24,24,22,2,0,0,0,4,2,2
S01008895,All families in households,204,191,175,174,1,16,15,1,13,1,12
S01008895,Families with no dependent children,103,97,88,87,1,9,9,0,6,1,5
S01008895,Families with dependent children: Total,101,94,87,87,0,7,6,1,7,0,7
S01008895,Families with dependent children: Youngest aged 0 to 4,26,25,22,22,0,3,2,1,1,0,1
S01008895,Families with dependent children: Youngest aged 5 to 11,50,46,42,42,0,4,4,0,4,0,4
S01008895,Families with dependent children: Youngest aged 12 to 18,25,23,23,23,0,0,0,0,2,0,2
S01008896,All families in households,169,159,140,137,3,19,17,2,10,2,8
S01008896,Families with no dependent children,72,71,63,62,1,8,8,0,1,1,0
S01008896,Families with dependent children: Total,97,88,77,75,2,11,9,2,9,1,8
S01008896,Families with dependent children: Youngest aged 0 to 4,29,29,24,24,0,5,5,0,0,0,0
S01008896,Families with dependent children: Youngest aged 5 to 11,38,34,30,29,1,4,4,0,4,0,4
S01008896,Families with dependent children: Youngest aged 12 to 18,30,25,23,22,1,2,0,2,5,1,4
S01008897,All families in households,210,183,163,160,3,20,18,2,27,3,24
S01008897,Families with no dependent children,126,116,102,101,1,14,13,1,10,1,9
S01008897,Families with dependent children: Total,84,67,61,59,2,6,5,1,17,2,15
S01008897,Families with dependent children: Youngest aged 0 to 4,29,25,20,20,0,5,5,0,4,1,3
S01008897,Families with dependent children: Youngest aged 5 to 11,30,26,26,25,1,0,0,0,4,0,4
S01008897,Families with dependent children: Youngest aged 12 to 18,25,16,15,14,1,1,0,1,9,1,8
S01008898,All families in households,276,259,240,231,9,19,17,2,17,1,16
S01008898,Families with no dependent children,158,149,138,136,2,11,10,1,9,1,8
S01008898,Families with dependent children: Total,118,110,102,95,7,8,7,1,8,0,8
S01008898,Families with dependent children: Youngest aged 0 to 4,40,38,33,31,2,5,4,1,2,0,2
S01008898,Families with dependent children: Youngest aged 5 to 11,37,35,33,30,3,2,2,0,2,0,2
S01008898,Families with dependent children: Youngest aged 12 to 18,41,37,36,34,2,1,1,0,4,0,4
S01008899,All families in households,229,128,93,86,7,35,26,9,101,12,89
S01008899,Families with no dependent children,120,86,63,59,4,23,19,4,34,6,28
S01008899,Families with dependent children: Total,109,42,30,27,3,12,7,5,67,6,61
S01008899,Families with dependent children: Youngest aged 0 to 4,43,18,12,11,1,6,4,2,25,0,25
S01008899,Families with dependent children: Youngest aged 5 to 11,40,11,11,10,1,0,0,0,29,1,28
S01008899,Families with dependent children: Youngest aged 12 to 18,26,13,7,6,1,6,3,3,13,5,8
S01008900,All families in households,270,195,147,141,6,48,38,10,75,12,63
S01008900,Families with no dependent children,162,130,101,97,4,29,24,5,32,8,24
S01008900,Families with dependent children: Total,108,65,46,44,2,19,14,5,43,4,39
S01008900,Families with dependent children: Youngest aged 0 to 4,50,30,20,20,0,10,8,2,20,0,20
S01008900,Families with dependent children: Youngest aged 5 to 11,29,15,10,10,0,5,3,2,14,2,12
S01008900,Families with dependent children: Youngest aged 12 to 18,29,20,16,14,2,4,3,1,9,2,7
S01008901,All families in households,253,190,151,146,5,39,32,7,63,13,50
S01008901,Families with no dependent children,146,118,95,92,3,23,21,2,28,6,22
S01008901,Families with dependent children: Total,107,72,56,54,2,16,11,5,35,7,28
S01008901,Families with dependent children: Youngest aged 0 to 4,41,29,20,20,0,9,7,2,12,0,12
S01008901,Families with dependent children: Youngest aged 5 to 11,32,22,16,16,0,6,3,3,10,5,5
S01008901,Families with dependent children: Youngest aged 12 to 18,34,21,20,18,2,1,1,0,13,2,11
S01008902,All families in households,280,189,143,134,9,46,39,7,91,8,83
S01008902,Families with no dependent children,152,121,93,88,5,28,25,3,31,4,27
S01008902,Families with dependent children: Total,128,68,50,46,4,18,14,4,60,4,56
S01008902,Families with dependent children: Youngest aged 0 to 4,58,39,27,27,0,12,10,2,19,0,19
S01008902,Families with dependent children: Youngest aged 5 to 11,42,14,9,9,0,5,3,2,28,4,24
S01008902,Families with dependent children: Youngest aged 12 to 18,28,15,14,10,4,1,1,0,13,0,13
S01008903,All families in households,289,212,179,173,6,33,28,5,77,11,66
S01008903,Families with no dependent children,190,153,131,130,1,22,20,2,37,9,28
S01008903,Families with dependent children: Total,99,59,48,43,5,11,8,3,40,2,38
S01008903,Families with dependent children: Youngest aged 0 to 4,40,27,21,20,1,6,4,2,13,0,13
S01008903,Families with dependent children: Youngest aged 5 to 11,31,19,16,15,1,3,3,0,12,0,12
S01008903,Families with dependent children: Youngest aged 12 to 18,28,13,11,8,3,2,1,1,15,2,13
S01008904,All families in households,247,151,112,103,9,39,34,5,96,9,87
S01008904,Families with no dependent children,109,83,59,57,2,24,24,0,26,4,22
S01008904,Families with dependent children: Total,138,68,53,46,7,15,10,5,70,5,65
S01008904,Families with dependent children: Youngest aged 0 to 4,58,29,21,19,2,8,6,2,29,1,28
S01008904,Families with dependent children: Youngest aged 5 to 11,41,19,14,13,1,5,4,1,22,2,20
S01008904,Families with dependent children: Youngest aged 12 to 18,39,20,18,14,4,2,0,2,19,2,17
S01008905,All families in households,275,155,104,96,8,51,40,11,120,7,113
S01008905,Families with no dependent children,126,90,68,67,1,22,18,4,36,3,33
S01008905,Families with dependent children: Total,149,65,36,29,7,29,22,7,84,4,80
S01008905,Families with dependent children: Youngest aged 0 to 4,76,41,18,14,4,23,19,4,35,4,31
S01008905,Families with dependent children: Youngest aged 5 to 11,51,16,11,10,1,5,2,3,35,0,35
S01008905,Families with dependent children: Youngest aged 12 to 18,22,8,7,5,2,1,1,0,14,0,14
S01008906,All families in households,200,120,77,73,4,43,35,8,80,8,72
S01008906,Families with no dependent children,88,72,45,45,0,27,25,2,16,1,15
S01008906,Families with dependent children: Total,112,48,32,28,4,16,10,6,64,7,57
S01008906,Families with dependent children: Youngest aged 0 to 4,54,26,14,13,1,12,9,3,28,4,24
S01008906,Families with dependent children: Youngest aged 5 to 11,37,14,11,9,2,3,1,2,23,2,21
S01008906,Families with dependent children: Youngest aged 12 to 18,21,8,7,6,1,1,0,1,13,1,12
S01008907,All families in households,182,82,49,40,9,33,17,16,100,13,87
S01008907,Families with no dependent children,59,34,22,20,2,12,10,2,25,4,21
S01008907,Families with dependent children: Total,123,48,27,20,7,21,7,14,75,9,66
S01008907,Families with dependent children: Youngest aged 0 to 4,54,25,14,8,6,11,2,9,29,0,29
S01008907,Families with dependent children: Youngest aged 5 to 11,46,16,9,8,1,7,3,4,30,4,26
S01008907,Families with dependent children: Youngest aged 12 to 18,23,7,4,4,0,3,2,1,16,5,11
S01008908,All families in households,262,168,124,115,9,44,37,7,94,12,82
S01008908,Families with no dependent children,139,117,85,84,1,32,29,3,22,3,19
S01008908,Families with dependent children: Total,123,51,39,31,8,12,8,4,72,9,63
S01008908,Families with dependent children: Youngest aged 0 to 4,51,18,12,8,4,6,3,3,33,3,30
S01008908,Families with dependent children: Youngest aged 5 to 11,44,22,21,17,4,1,1,0,22,4,18
S01008908,Families with dependent children: Youngest aged 12 to 18,28,11,6,6,0,5,4,1,17,2,15
S01008909,All families in households,247,177,146,141,5,31,24,7,70,9,61
S01008909,Families with no dependent children,127,108,94,94,0,14,12,2,19,4,15
S01008909,Families with dependent children: Total,120,69,52,47,5,17,12,5,51,5,46
S01008909,Families with dependent children: Youngest aged 0 to 4,44,22,12,10,2,10,8,2,22,0,22
S01008909,Families with dependent children: Youngest aged 5 to 11,40,22,18,17,1,4,3,1,18,4,14
S01008909,Families with dependent children: Youngest aged 12 to 18,36,25,22,20,2,3,1,2,11,1,10
S01008910,All families in households,136,95,72,68,4,23,20,3,41,4,37
S01008910,Families with no dependent children,66,56,40,39,1,16,15,1,10,1,9
S01008910,Families with dependent children: Total,70,39,32,29,3,7,5,2,31,3,28
S01008910,Families with dependent children: Youngest aged 0 to 4,30,18,13,12,1,5,4,1,12,0,12
S01008910,Families with dependent children: Youngest aged 5 to 11,20,10,9,9,0,1,0,1,10,2,8
S01008910,Families with dependent children: Youngest aged 12 to 18,20,11,10,8,2,1,1,0,9,1,8
S01008911,All families in households,240,195,101,96,5,94,90,4,45,8,37
S01008911,Families with no dependent children,146,136,62,61,1,74,74,0,10,3,7
S01008911,Families with dependent children: Total,94,59,39,35,4,20,16,4,35,5,30
S01008911,Families with dependent children: Youngest aged 0 to 4,66,47,32,31,1,15,13,2,19,2,17
S01008911,Families with dependent children: Youngest aged 5 to 11,17,5,1,1,0,4,2,2,12,2,10
S01008911,Families with dependent children: Youngest aged 12 to 18,11,7,6,3,3,1,1,0,4,1,3
S01008912,All families in households,242,220,175,170,5,45,40,5,22,1,21
S01008912,Families with no dependent children,139,127,96,94,2,31,29,2,12,1,11
S01008912,Families with dependent children: Total,103,93,79,76,3,14,11,3,10,0,10
S01008912,Families with dependent children: Youngest aged 0 to 4,48,44,38,37,1,6,4,2,4,0,4
S01008912,Families with dependent children: Youngest aged 5 to 11,30,29,24,23,1,5,5,0,1,0,1
S01008912,Families with dependent children: Youngest aged 12 to 18,25,20,17,16,1,3,2,1,5,0,5
S01008913,All families in households,200,153,119,116,3,34,29,5,47,3,44
S01008913,Families with no dependent children,87,78,60,59,1,18,18,0,9,1,8
S01008913,Families with dependent children: Total,113,75,59,57,2,16,11,5,38,2,36
S01008913,Families with dependent children: Youngest aged 0 to 4,67,48,38,36,2,10,8,2,19,0,19
S01008913,Families with dependent children: Youngest aged 5 to 11,22,10,7,7,0,3,2,1,12,1,11
S01008913,Families with dependent children: Youngest aged 12 to 18,24,17,14,14,0,3,1,2,7,1,6
S01008914,All families in households,255,203,171,164,7,32,31,1,52,10,42
S01008914,Families with no dependent children,166,135,116,114,2,19,19,0,31,10,21
S01008914,Families with dependent children: Total,89,68,55,50,5,13,12,1,21,0,21
S01008914,Families with dependent children: Youngest aged 0 to 4,33,29,24,23,1,5,4,1,4,0,4
S01008914,Families with dependent children: Youngest aged 5 to 11,26,20,15,14,1,5,5,0,6,0,6
S01008914,Families with dependent children: Youngest aged 12 to 18,30,19,16,13,3,3,3,0,11,0,11
S01008915,All families in households,168,136,115,108,7,21,21,0,32,8,24
S01008915,Families with no dependent children,89,74,64,61,3,10,10,0,15,4,11
S01008915,Families with dependent children: Total,79,62,51,47,4,11,11,0,17,4,13
S01008915,Families with dependent children: Youngest aged 0 to 4,26,22,18,17,1,4,4,0,4,0,4
S01008915,Families with dependent children: Youngest aged 5 to 11,27,20,16,13,3,4,4,0,7,3,4
S01008915,Families with dependent children: Youngest aged 12 to 18,26,20,17,17,0,3,3,0,6,1,5
S01008916,All families in households,277,187,132,131,1,55,48,7,90,4,86
S01008916,Families with no dependent children,153,123,93,92,1,30,29,1,30,2,28
S01008916,Families with dependent children: Total,124,64,39,39,0,25,19,6,60,2,58
S01008916,Families with dependent children: Youngest aged 0 to 4,54,30,18,18,0,12,7,5,24,0,24
S01008916,Families with dependent children: Youngest aged 5 to 11,45,23,13,13,0,10,9,1,22,0,22
S01008916,Families with dependent children: Youngest aged 12 to 18,25,11,8,8,0,3,3,0,14,2,12
S01008917,All families in households,164,89,58,55,3,31,28,3,75,17,58
S01008917,Families with no dependent children,74,50,33,31,2,17,17,0,24,11,13
S01008917,Families with dependent children: Total,90,39,25,24,1,14,11,3,51,6,45
S01008917,Families with dependent children: Youngest aged 0 to 4,47,21,13,13,0,8,6,2,26,1,25
S01008917,Families with dependent children: Youngest aged 5 to 11,26,11,6,5,1,5,5,0,15,2,13
S01008917,Families with dependent children: Youngest aged 12 to 18,17,7,6,6,0,1,0,1,10,3,7
S01008918,All families in households,154,79,56,51,5,23,23,0,75,8,67
S01008918,Families with no dependent children,41,32,19,18,1,13,13,0,9,0,9
S01008918,Families with dependent children: Total,113,47,37,33,4,10,10,0,66,8,58
S01008918,Families with dependent children: Youngest aged 0 to 4,54,27,20,18,2,7,7,0,27,1,26
S01008918,Families with dependent children: Youngest aged 5 to 11,33,10,8,6,2,2,2,0,23,1,22
S01008918,Families with dependent children: Youngest aged 12 to 18,26,10,9,9,0,1,1,0,16,6,10
S01008919,All families in households,143,70,43,35,8,27,26,1,73,6,67
S01008919,Families with no dependent children,47,30,21,17,4,9,9,0,17,5,12
S01008919,Families with dependent children: Total,96,40,22,18,4,18,17,1,56,1,55
S01008919,Families with dependent children: Youngest aged 0 to 4,43,25,12,12,0,13,12,1,18,0,18
S01008919,Families with dependent children: Youngest aged 5 to 11,39,11,7,4,3,4,4,0,28,0,28
S01008919,Families with dependent children: Youngest aged 12 to 18,14,4,3,2,1,1,1,0,10,1,9
S01008920,All families in households,296,255,137,133,4,118,115,3,41,8,33
S01008920,Families with no dependent children,195,183,85,84,1,98,98,0,12,6,6
S01008920,Families with dependent children: Total,101,72,52,49,3,20,17,3,29,2,27
S01008920,Families with dependent children: Youngest aged 0 to 4,66,52,35,34,1,17,15,2,14,0,14
S01008920,Families with dependent children: Youngest aged 5 to 11,17,13,10,10,0,3,2,1,4,1,3
S01008920,Families with dependent children: Youngest aged 12 to 18,18,7,7,5,2,0,0,0,11,1,10
S01008921,All families in households,197,129,90,87,3,39,36,3,68,9,59
S01008921,Families with no dependent children,86,67,47,47,0,20,20,0,19,6,13
S01008921,Families with dependent children: Total,111,62,43,40,3,19,16,3,49,3,46
S01008921,Families with dependent children: Youngest aged 0 to 4,64,36,22,20,2,14,11,3,28,0,28
S01008921,Families with dependent children: Youngest aged 5 to 11,31,16,12,11,1,4,4,0,15,2,13
S01008921,Families with dependent children: Youngest aged 12 to 18,16,10,9,9,0,1,1,0,6,1,5
S01008922,All families in households,224,155,108,104,4,47,36,11,69,16,53
S01008922,Families with no dependent children,120,102,74,72,2,28,26,2,18,9,9
S01008922,Families with dependent children: Total,104,53,34,32,2,19,10,9,51,7,44
S01008922,Families with dependent children: Youngest aged 0 to 4,37,19,10,10,0,9,7,2,18,0,18
S01008922,Families with dependent children: Youngest aged 5 to 11,33,16,11,9,2,5,2,3,17,1,16
S01008922,Families with dependent children: Youngest aged 12 to 18,34,18,13,13,0,5,1,4,16,6,10
S01008923,All families in households,202,126,86,82,4,40,38,2,76,9,67
S01008923,Families with no dependent children,103,75,57,56,1,18,17,1,28,5,23
S01008923,Families with dependent children: Total,99,51,29,26,3,22,21,1,48,4,44
S01008923,Families with dependent children: Youngest aged 0 to 4,52,28,14,14,0,14,13,1,24,0,24
S01008923,Families with dependent children: Youngest aged 5 to 11,21,13,5,3,2,8,8,0,8,4,4
S01008923,Families with dependent children: Youngest aged 12 to 18,26,10,10,9,1,0,0,0,16,0,16
S01008924,All families in households,269,158,115,104,11,43,35,8,111,8,103
S01008924,Families with no dependent children,110,89,69,63,6,20,18,2,21,2,19
S01008924,Families with dependent children: Total,159,69,46,41,5,23,17,6,90,6,84
S01008924,Families with dependent children: Youngest aged 0 to 4,66,29,17,16,1,12,11,1,37,1,36
S01008924,Families with dependent children: Youngest aged 5 to 11,47,17,11,8,3,6,5,1,30,2,28
S01008924,Families with dependent children: Youngest aged 12 to 18,46,23,18,17,1,5,1,4,23,3,20
S01008925,All families in households,201,135,94,91,3,41,33,8,66,6,60
S01008925,Families with no dependent children,94,81,54,53,1,27,25,2,13,4,9
S01008925,Families with dependent children: Total,107,54,40,38,2,14,8,6,53,2,51
S01008925,Families with dependent children: Youngest aged 0 to 4,60,33,25,23,2,8,5,3,27,0,27
S01008925,Families with dependent children: Youngest aged 5 to 11,28,8,5,5,0,3,1,2,20,1,19
S01008925,Families with dependent children: Youngest aged 12 to 18,19,13,10,10,0,3,2,1,6,1,5
S01008926,All families in households,180,146,102,98,4,44,40,4,34,3,31
S01008926,Families with no dependent children,95,89,60,58,2,29,27,2,6,2,4
S01008926,Families with dependent children: Total,85,57,42,40,2,15,13,2,28,1,27
S01008926,Families with dependent children: Youngest aged 0 to 4,41,29,21,21,0,8,7,1,12,0,12
S01008926,Families with dependent children: Youngest aged 5 to 11,24,14,9,7,2,5,4,1,10,0,10
S01008926,Families with dependent children: Youngest aged 12 to 18,20,14,12,12,0,2,2,0,6,1,5
S01008927,All families in households,245,189,87,87,0,102,96,6,56,3,53
S01008927,Families with no dependent children,128,119,50,50,0,69,69,0,9,2,7
S01008927,Families with dependent children: Total,117,70,37,37,0,33,27,6,47,1,46
S01008927,Families with dependent children: Youngest aged 0 to 4,85,54,28,28,0,26,24,2,31,1,30
S01008927,Families with dependent children: Youngest aged 5 to 11,23,13,8,8,0,5,3,2,10,0,10
S01008927,Families with dependent children: Youngest aged 12 to 18,9,3,1,1,0,2,0,2,6,0,6
S01008928,All families in households,189,152,104,100,4,48,46,2,37,3,34
S01008928,Families with no dependent children,124,106,75,73,2,31,31,0,18,2,16
S01008928,Families with dependent children: Total,65,46,29,27,2,17,15,2,19,1,18
S01008928,Families with dependent children: Youngest aged 0 to 4,35,23,12,12,0,11,10,1,12,0,12
S01008928,Families with dependent children: Youngest aged 5 to 11,14,12,8,7,1,4,3,1,2,0,2
S01008928,Families with dependent children: Youngest aged 12 to 18,16,11,9,8,1,2,2,0,5,1,4
S01008929,All families in households,163,82,45,41,4,37,36,1,81,9,72
S01008929,Families with no dependent children,70,51,28,25,3,23,23,0,19,2,17
S01008929,Families with dependent children: Total,93,31,17,16,1,14,13,1,62,7,55
S01008929,Families with dependent children: Youngest aged 0 to 4,57,22,13,13,0,9,8,1,35,0,35
S01008929,Families with dependent children: Youngest aged 5 to 11,16,6,2,2,0,4,4,0,10,0,10
S01008929,Families with dependent children: Youngest aged 12 to 18,20,3,2,1,1,1,1,0,17,7,10
S01008930,All families in households,246,131,93,81,12,38,29,9,115,13,102
S01008930,Families with no dependent children,95,75,55,50,5,20,17,3,20,3,17
S01008930,Families with dependent children: Total,151,56,38,31,7,18,12,6,95,10,85
S01008930,Families with dependent children: Youngest aged 0 to 4,54,22,12,11,1,10,8,2,32,0,32
S01008930,Families with dependent children: Youngest aged 5 to 11,56,17,13,9,4,4,2,2,39,5,34
S01008930,Families with dependent children: Youngest aged 12 to 18,41,17,13,11,2,4,2,2,24,5,19
S01008931,All families in households,204,119,85,73,12,34,26,8,85,12,73
S01008931,Families with no dependent children,88,65,54,51,3,11,9,2,23,4,19
S01008931,Families with dependent children: Total,116,54,31,22,9,23,17,6,62,8,54
S01008931,Families with dependent children: Youngest aged 0 to 4,41,19,7,6,1,12,10,2,22,1,21
S01008931,Families with dependent children: Youngest aged 5 to 11,32,15,9,7,2,6,3,3,17,3,14
S01008931,Families with dependent children: Youngest aged 12 to 18,43,20,15,9,6,5,4,1,23,4,19
S01008932,All families in households,259,179,112,109,3,67,60,7,80,4,76
S01008932,Families with no dependent children,121,107,60,60,0,47,46,1,14,1,13
S01008932,Families with dependent children: Total,138,72,52,49,3,20,14,6,66,3,63
S01008932,Families with dependent children: Youngest aged 0 to 4,87,51,37,35,2,14,10,4,36,0,36
S01008932,Families with dependent children: Youngest aged 5 to 11,28,15,11,11,0,4,3,1,13,1,12
S01008932,Families with dependent children: Youngest aged 12 to 18,23,6,4,3,1,2,1,1,17,2,15
S01008933,All families in households,196,123,87,79,8,36,34,2,73,3,70
S01008933,Families with no dependent children,73,57,39,37,2,18,18,0,16,2,14
S01008933,Families with dependent children: Total,123,66,48,42,6,18,16,2,57,1,56
S01008933,Families with dependent children: Youngest aged 0 to 4,51,29,17,16,1,12,11,1,22,0,22
S01008933,Families with dependent children: Youngest aged 5 to 11,47,23,19,18,1,4,4,0,24,1,23
S01008933,Families with dependent children: Youngest aged 12 to 18,25,14,12,8,4,2,1,1,11,0,11
S01008934,All families in households,214,142,98,93,5,44,40,4,72,11,61
S01008934,Families with no dependent children,91,69,43,41,2,26,26,0,22,5,17
S01008934,Families with dependent children: Total,123,73,55,52,3,18,14,4,50,6,44
S01008934,Families with dependent children: Youngest aged 0 to 4,64,33,24,23,1,9,8,1,31,6,25
S01008934,Families with dependent children: Youngest aged 5 to 11,38,25,17,16,1,8,5,3,13,0,13
S01008934,Families with dependent children: Youngest aged 12 to 18,21,15,14,13,1,1,1,0,6,0,6
S01008935,All families in households,277,240,213,208,5,27,21,6,37,3,34
S01008935,Families with no dependent children,167,156,138,134,4,18,15,3,11,2,9
S01008935,Families with dependent children: Total,110,84,75,74,1,9,6,3,26,1,25
S01008935,Families with dependent children: Youngest aged 0 to 4,41,30,25,25,0,5,5,0,11,0,11
S01008935,Families with dependent children: Youngest aged 5 to 11,40,32,29,28,1,3,1,2,8,1,7
S01008935,Families with dependent children: Youngest aged 12 to 18,29,22,21,21,0,1,0,1,7,0,7
S01008936,All families in households,124,115,104,102,2,11,11,0,9,0,9
S01008936,Families with no dependent children,61,56,51,49,2,5,5,0,5,0,5
S01008936,Families with dependent children: Total,63,59,53,53,0,6,6,0,4,0,4
S01008936,Families with dependent children: Youngest aged 0 to 4,22,21,20,20,0,1,1,0,1,0,1
S01008936,Families with dependent children: Youngest aged 5 to 11,21,20,18,18,0,2,2,0,1,0,1
S01008936,Families with dependent children: Youngest aged 12 to 18,20,18,15,15,0,3,3,0,2,0,2
S01008937,All families in households,226,186,144,141,3,42,37,5,40,6,34
S01008937,Families with no dependent children,132,120,88,88,0,32,31,1,12,1,11
S01008937,Families with dependent children: Total,94,66,56,53,3,10,6,4,28,5,23
S01008937,Families with dependent children: Youngest aged 0 to 4,31,27,24,24,0,3,2,1,4,0,4
S01008937,Families with dependent children: Youngest aged 5 to 11,33,26,22,22,0,4,2,2,7,1,6
S01008937,Families with dependent children: Youngest aged 12 to 18,30,13,10,7,3,3,2,1,17,4,13
S01008938,All families in households,223,206,182,176,6,24,17,7,17,2,15
S01008938,Families with no dependent children,111,107,100,99,1,7,5,2,4,2,2
S01008938,Families with dependent children: Total,112,99,82,77,5,17,12,5,13,0,13
S01008938,Families with dependent children: Youngest aged 0 to 4,37,36,28,27,1,8,6,2,1,0,1
S01008938,Families with dependent children: Youngest aged 5 to 11,42,36,33,29,4,3,2,1,6,0,6
S01008938,Families with dependent children: Youngest aged 12 to 18,33,27,21,21,0,6,4,2,6,0,6
S01008939,All families in households,249,211,190,183,7,21,16,5,38,4,34
S01008939,Families with no dependent children,155,142,130,128,2,12,10,2,13,4,9
S01008939,Families with dependent children: Total,94,69,60,55,5,9,6,3,25,0,25
S01008939,Families with dependent children: Youngest aged 0 to 4,31,23,18,17,1,5,4,1,8,0,8
S01008939,Families with dependent children: Youngest aged 5 to 11,26,18,15,13,2,3,1,2,8,0,8
S01008939,Families with dependent children: Youngest aged 12 to 18,37,28,27,25,2,1,1,0,9,0,9
S01008940,All families in households,206,198,187,185,2,11,10,1,8,2,6
S01008940,Families with no dependent children,137,135,127,127,0,8,7,1,2,1,1
S01008940,Families with dependent children: Total,69,63,60,58,2,3,3,0,6,1,5
S01008940,Families with dependent children: Youngest aged 0 to 4,24,23,22,20,2,1,1,0,1,0,1
S01008940,Families with dependent children: Youngest aged 5 to 11,26,24,23,23,0,1,1,0,2,1,1
S01008940,Families with dependent children: Youngest aged 12 to 18,19,16,15,15,0,1,1,0,3,0,3
S01008941,All families in households,266,241,221,216,5,20,14,6,25,3,22
S01008941,Families with no dependent children,139,132,123,122,1,9,9,0,7,1,6
S01008941,Families with dependent children: Total,127,109,98,94,4,11,5,6,18,2,16
S01008941,Families with dependent children: Youngest aged 0 to 4,55,53,47,47,0,6,4,2,2,0,2
S01008941,Families with dependent children: Youngest aged 5 to 11,40,29,27,26,1,2,1,1,11,0,11
S01008941,Families with dependent children: Youngest aged 12 to 18,32,27,24,21,3,3,0,3,5,2,3
S01008942,All families in households,210,178,148,146,2,30,24,6,32,0,32
S01008942,Families with no dependent children,120,111,92,92,0,19,19,0,9,0,9
S01008942,Families with dependent children: Total,90,67,56,54,2,11,5,6,23,0,23
S01008942,Families with dependent children: Youngest aged 0 to 4,31,27,22,20,2,5,3,2,4,0,4
S01008942,Families with dependent children: Youngest aged 5 to 11,34,23,20,20,0,3,1,2,11,0,11
S01008942,Families with dependent children: Youngest aged 12 to 18,25,17,14,14,0,3,1,2,8,0,8
S01008943,All families in households,262,248,232,229,3,16,11,5,14,2,12
S01008943,Families with no dependent children,164,160,151,151,0,9,7,2,4,1,3
S01008943,Families with dependent children: Total,98,88,81,78,3,7,4,3,10,1,9
S01008943,Families with dependent children: Youngest aged 0 to 4,25,23,20,19,1,3,2,1,2,0,2
S01008943,Families with dependent children: Youngest aged 5 to 11,47,43,41,41,0,2,2,0,4,0,4
S01008943,Families with dependent children: Youngest aged 12 to 18,26,22,20,18,2,2,0,2,4,1,3
S01008944,All families in households,319,290,260,248,12,30,25,5,29,5,24
S01008944,Families with no dependent children,200,189,171,169,2,18,18,0,11,2,9
S01008944,Families with dependent children: Total,119,101,89,79,10,12,7,5,18,3,15
S01008944,Families with dependent children: Youngest aged 0 to 4,32,29,25,22,3,4,3,1,3,0,3
S01008944,Families with dependent children: Youngest aged 5 to 11,55,43,37,33,4,6,3,3,12,2,10
S01008944,Families with dependent children: Youngest aged 12 to 18,32,29,27,24,3,2,1,1,3,1,2
S01008945,All families in households,255,241,217,216,1,24,22,2,14,2,12
S01008945,Families with no dependent children,159,151,135,134,1,16,16,0,8,2,6
S01008945,Families with dependent children: Total,96,90,82,82,0,8,6,2,6,0,6
S01008945,Families with dependent children: Youngest aged 0 to 4,29,29,24,24,0,5,5,0,0,0,0
S01008945,Families with dependent children: Youngest aged 5 to 11,37,34,32,32,0,2,1,1,3,0,3
S01008945,Families with dependent children: Youngest aged 12 to 18,30,27,26,26,0,1,0,1,3,0,3
S01008946,All families in households,278,257,242,237,5,15,13,2,21,4,17
S01008946,Families with no dependent children,187,177,166,163,3,11,10,1,10,2,8
S01008946,Families with dependent children: Total,91,80,76,74,2,4,3,1,11,2,9
S01008946,Families with dependent children: Youngest aged 0 to 4,31,30,27,26,1,3,3,0,1,0,1
S01008946,Families with dependent children: Youngest aged 5 to 11,24,20,20,20,0,0,0,0,4,0,4
S01008946,Families with dependent children: Youngest aged 12 to 18,36,30,29,28,1,1,0,1,6,2,4
S01008947,All families in households,320,295,275,264,11,20,17,3,25,5,20
S01008947,Families with no dependent children,193,185,170,168,2,15,14,1,8,1,7
S01008947,Families with dependent children: Total,127,110,105,96,9,5,3,2,17,4,13
S01008947,Families with dependent children: Youngest aged 0 to 4,34,34,31,29,2,3,3,0,0,0,0
S01008947,Families with dependent children: Youngest aged 5 to 11,39,33,33,30,3,0,0,0,6,3,3
S01008947,Families with dependent children: Youngest aged 12 to 18,54,43,41,37,4,2,0,2,11,1,10
S01008948,All families in households,214,194,168,164,4,26,22,4,20,2,18
S01008948,Families with no dependent children,129,117,99,96,3,18,17,1,12,1,11
S01008948,Families with dependent children: Total,85,77,69,68,1,8,5,3,8,1,7
S01008948,Families with dependent children: Youngest aged 0 to 4,34,34,32,32,0,2,2,0,0,0,0
S01008948,Families with dependent children: Youngest aged 5 to 11,30,25,22,21,1,3,2,1,5,1,4
S01008948,Families with dependent children: Youngest aged 12 to 18,21,18,15,15,0,3,1,2,3,0,3
S01008949,All families in households,271,208,164,156,8,44,40,4,63,8,55
S01008949,Families with no dependent children,148,118,98,97,1,20,19,1,30,6,24
S01008949,Families with dependent children: Total,123,90,66,59,7,24,21,3,33,2,31
S01008949,Families with dependent children: Youngest aged 0 to 4,43,33,21,21,0,12,12,0,10,0,10
S01008949,Families with dependent children: Youngest aged 5 to 11,39,28,24,22,2,4,3,1,11,0,11
S01008949,Families with dependent children: Youngest aged 12 to 18,41,29,21,16,5,8,6,2,12,2,10
S01008950,All families in households,260,207,178,169,9,29,23,6,53,8,45
S01008950,Families with no dependent children,149,121,104,101,3,17,16,1,28,8,20
S01008950,Families with dependent children: Total,111,86,74,68,6,12,7,5,25,0,25
S01008950,Families with dependent children: Youngest aged 0 to 4,44,34,29,29,0,5,4,1,10,0,10
S01008950,Families with dependent children: Youngest aged 5 to 11,32,25,21,18,3,4,2,2,7,0,7
S01008950,Families with dependent children: Youngest aged 12 to 18,35,27,24,21,3,3,1,2,8,0,8
S01008951,All families in households,226,164,114,110,4,50,47,3,62,8,54
S01008951,Families with no dependent children,143,121,85,84,1,36,36,0,22,5,17
S01008951,Families with dependent children: Total,83,43,29,26,3,14,11,3,40,3,37
S01008951,Families with dependent children: Youngest aged 0 to 4,38,20,10,10,0,10,8,2,18,0,18
S01008951,Families with dependent children: Youngest aged 5 to 11,25,10,7,6,1,3,2,1,15,2,13
S01008951,Families with dependent children: Youngest aged 12 to 18,20,13,12,10,2,1,1,0,7,1,6
S01008952,All families in households,214,133,91,85,6,42,40,2,81,7,74
S01008952,Families with no dependent children,118,89,59,55,4,30,30,0,29,7,22
S01008952,Families with dependent children: Total,96,44,32,30,2,12,10,2,52,0,52
S01008952,Families with dependent children: Youngest aged 0 to 4,49,17,11,10,1,6,6,0,32,0,32
S01008952,Families with dependent children: Youngest aged 5 to 11,21,17,13,13,0,4,3,1,4,0,4
S01008952,Families with dependent children: Youngest aged 12 to 18,26,10,8,7,1,2,1,1,16,0,16
S01008953,All families in households,257,190,160,157,3,30,28,2,67,7,60
S01008953,Families with no dependent children,154,127,108,107,1,19,18,1,27,2,25
S01008953,Families with dependent children: Total,103,63,52,50,2,11,10,1,40,5,35
S01008953,Families with dependent children: Youngest aged 0 to 4,32,24,18,18,0,6,6,0,8,0,8
S01008953,Families with dependent children: Youngest aged 5 to 11,34,17,16,16,0,1,1,0,17,2,15
S01008953,Families with dependent children: Youngest aged 12 to 18,37,22,18,16,2,4,3,1,15,3,12
S01008954,All families in households,216,164,134,128,6,30,27,3,52,14,38
S01008954,Families with no dependent children,137,110,89,86,3,21,18,3,27,11,16
S01008954,Families with dependent children: Total,79,54,45,42,3,9,9,0,25,3,22
S01008954,Families with dependent children: Youngest aged 0 to 4,38,27,20,20,0,7,7,0,11,1,10
S01008954,Families with dependent children: Youngest aged 5 to 11,24,18,17,15,2,1,1,0,6,1,5
S01008954,Families with dependent children: Youngest aged 12 to 18,17,9,8,7,1,1,1,0,8,1,7
S01008955,All families in households,192,154,135,132,3,19,14,5,38,3,35
S01008955,Families with no dependent children,109,96,85,84,1,11,11,0,13,2,11
S01008955,Families with dependent children: Total,83,58,50,48,2,8,3,5,25,1,24
S01008955,Families with dependent children: Youngest aged 0 to 4,29,21,16,15,1,5,1,4,8,0,8
S01008955,Families with dependent children: Youngest aged 5 to 11,26,19,18,18,0,1,0,1,7,0,7
S01008955,Families with dependent children: Youngest aged 12 to 18,28,18,16,15,1,2,2,0,10,1,9
S01008956,All families in households,247,206,161,158,3,45,39,6,41,2,39
S01008956,Families with no dependent children,148,138,111,109,2,27,26,1,10,1,9
S01008956,Families with dependent children: Total,99,68,50,49,1,18,13,5,31,1,30
S01008956,Families with dependent children: Youngest aged 0 to 4,42,33,22,22,0,11,10,1,9,0,9
S01008956,Families with dependent children: Youngest aged 5 to 11,27,15,13,13,0,2,1,1,12,0,12
S01008956,Families with dependent children: Youngest aged 12 to 18,30,20,15,14,1,5,2,3,10,1,9
S01008957,All families in households,299,233,189,174,15,44,37,7,66,13,53
S01008957,Families with no dependent children,182,156,128,124,4,28,25,3,26,7,19
S01008957,Families with dependent children: Total,117,77,61,50,11,16,12,4,40,6,34
S01008957,Families with dependent children: Youngest aged 0 to 4,44,35,24,20,4,11,10,1,9,0,9
S01008957,Families with dependent children: Youngest aged 5 to 11,44,25,22,17,5,3,2,1,19,3,16
S01008957,Families with dependent children: Youngest aged 12 to 18,29,17,15,13,2,2,0,2,12,3,9
S01008958,All families in households,170,132,102,99,3,30,26,4,38,9,29
S01008958,Families with no dependent children,92,85,65,65,0,20,18,2,7,1,6
S01008958,Families with dependent children: Total,78,47,37,34,3,10,8,2,31,8,23
S01008958,Families with dependent children: Youngest aged 0 to 4,31,21,15,15,0,6,6,0,10,2,8
S01008958,Families with dependent children: Youngest aged 5 to 11,30,18,14,11,3,4,2,2,12,4,8
S01008958,Families with dependent children: Youngest aged 12 to 18,17,8,8,8,0,0,0,0,9,2,7
S01008959,All families in households,249,213,184,182,2,29,22,7,36,3,33
S01008959,Families with no dependent children,164,148,125,125,0,23,20,3,16,3,13
S01008959,Families with dependent children: Total,85,65,59,57,2,6,2,4,20,0,20
S01008959,Families with dependent children: Youngest aged 0 to 4,31,25,23,22,1,2,1,1,6,0,6
S01008959,Families with dependent children: Youngest aged 5 to 11,28,18,17,17,0,1,0,1,10,0,10
S01008959,Families with dependent children: Youngest aged 12 to 18,26,22,19,18,1,3,1,2,4,0,4
S01008960,All families in households,269,245,213,209,4,32,24,8,24,4,20
S01008960,Families with no dependent children,119,114,91,90,1,23,22,1,5,0,5
S01008960,Families with dependent children: Total,150,131,122,119,3,9,2,7,19,4,15
S01008960,Families with dependent children: Youngest aged 0 to 4,65,62,59,58,1,3,2,1,3,0,3
S01008960,Families with dependent children: Youngest aged 5 to 11,45,38,35,34,1,3,0,3,7,1,6
S01008960,Families with dependent children: Youngest aged 12 to 18,40,31,28,27,1,3,0,3,9,3,6
S01008961,All families in households,222,187,152,145,7,35,27,8,35,6,29
S01008961,Families with no dependent children,142,127,104,102,2,23,22,1,15,5,10
S01008961,Families with dependent children: Total,80,60,48,43,5,12,5,7,20,1,19
S01008961,Families with dependent children: Youngest aged 0 to 4,34,28,21,19,2,7,3,4,6,1,5
S01008961,Families with dependent children: Youngest aged 5 to 11,18,12,8,6,2,4,2,2,6,0,6
S01008961,Families with dependent children: Youngest aged 12 to 18,28,20,19,18,1,1,0,1,8,0,8
S01008962,All families in households,203,176,149,148,1,27,23,4,27,4,23
S01008962,Families with no dependent children,134,122,103,103,0,19,18,1,12,1,11
S01008962,Families with dependent children: Total,69,54,46,45,1,8,5,3,15,3,12
S01008962,Families with dependent children: Youngest aged 0 to 4,26,21,17,17,0,4,4,0,5,1,4
S01008962,Families with dependent children: Youngest aged 5 to 11,19,12,11,11,0,1,0,1,7,2,5
S01008962,Families with dependent children: Youngest aged 12 to 18,24,21,18,17,1,3,1,2,3,0,3
S01008963,All families in households,249,232,210,204,6,22,21,1,17,3,14
S01008963,Families with no dependent children,169,164,145,144,1,19,19,0,5,2,3
S01008963,Families with dependent children: Total,80,68,65,60,5,3,2,1,12,1,11
S01008963,Families with dependent children: Youngest aged 0 to 4,26,24,22,20,2,2,2,0,2,0,2
S01008963,Families with dependent children: Youngest aged 5 to 11,29,24,23,20,3,1,0,1,5,1,4
S01008963,Families with dependent children: Youngest aged 12 to 18,25,20,20,20,0,0,0,0,5,0,5
S01008964,All families in households,167,150,142,137,5,8,6,2,17,1,16
S01008964,Families with no dependent children,105,92,87,87,0,5,5,0,13,1,12
S01008964,Families with dependent children: Total,62,58,55,50,5,3,1,2,4,0,4
S01008964,Families with dependent children: Youngest aged 0 to 4,16,16,16,15,1,0,0,0,0,0,0
S01008964,Families with dependent children: Youngest aged 5 to 11,23,21,19,17,2,2,1,1,2,0,2
S01008964,Families with dependent children: Youngest aged 12 to 18,23,21,20,18,2,1,0,1,2,0,2
S01008965,All families in households,229,222,210,207,3,12,10,2,7,1,6
S01008965,Families with no dependent children,157,153,145,145,0,8,7,1,4,1,3
S01008965,Families with dependent children: Total,72,69,65,62,3,4,3,1,3,0,3
S01008965,Families with dependent children: Youngest aged 0 to 4,23,23,23,22,1,0,0,0,0,0,0
S01008965,Families with dependent children: Youngest aged 5 to 11,24,22,20,19,1,2,2,0,2,0,2
S01008965,Families with dependent children: Youngest aged 12 to 18,25,24,22,21,1,2,1,1,1,0,1
S01008966,All families in households,184,171,156,154,2,15,11,4,13,2,11
S01008966,Families with no dependent children,112,106,97,96,1,9,8,1,6,2,4
S01008966,Families with dependent children: Total,72,65,59,58,1,6,3,3,7,0,7
S01008966,Families with dependent children: Youngest aged 0 to 4,31,29,23,23,0,6,3,3,2,0,2
S01008966,Families with dependent children: Youngest aged 5 to 11,19,18,18,17,1,0,0,0,1,0,1
S01008966,Families with dependent children: Youngest aged 12 to 18,22,18,18,18,0,0,0,0,4,0,4
S01008967,All families in households,329,299,277,274,3,22,18,4,30,7,23
S01008967,Families with no dependent children,211,192,182,179,3,10,10,0,19,7,12
S01008967,Families with dependent children: Total,118,107,95,95,0,12,8,4,11,0,11
S01008967,Families with dependent children: Youngest aged 0 to 4,41,39,35,35,0,4,4,0,2,0,2
S01008967,Families with dependent children: Youngest aged 5 to 11,43,39,34,34,0,5,2,3,4,0,4
S01008967,Families with dependent children: Youngest aged 12 to 18,34,29,26,26,0,3,2,1,5,0,5
S01008968,All families in households,315,289,271,269,2,18,16,2,26,5,21
S01008968,Families with no dependent children,197,182,176,175,1,6,5,1,15,4,11
S01008968,Families with dependent children: Total,118,107,95,94,1,12,11,1,11,1,10
S01008968,Families with dependent children: Youngest aged 0 to 4,51,48,43,42,1,5,4,1,3,0,3
S01008968,Families with dependent children: Youngest aged 5 to 11,34,30,26,26,0,4,4,0,4,1,3
S01008968,Families with dependent children: Youngest aged 12 to 18,33,29,26,26,0,3,3,0,4,0,4
S01008969,All families in households,351,304,269,262,7,35,30,5,47,6,41
S01008969,Families with no dependent children,223,199,181,178,3,18,18,0,24,5,19
S01008969,Families with dependent children: Total,128,105,88,84,4,17,12,5,23,1,22
S01008969,Families with dependent children: Youngest aged 0 to 4,52,49,41,41,0,8,8,0,3,0,3
S01008969,Families with dependent children: Youngest aged 5 to 11,39,29,24,21,3,5,3,2,10,0,10
S01008969,Families with dependent children: Youngest aged 12 to 18,37,27,23,22,1,4,1,3,10,1,9
S01008970,All families in households,313,285,242,237,5,43,39,4,28,5,23
S01008970,Families with no dependent children,196,183,154,152,2,29,27,2,13,3,10
S01008970,Families with dependent children: Total,117,102,88,85,3,14,12,2,15,2,13
S01008970,Families with dependent children: Youngest aged 0 to 4,46,44,33,31,2,11,11,0,2,1,1
S01008970,Families with dependent children: Youngest aged 5 to 11,31,26,24,23,1,2,1,1,5,1,4
S01008970,Families with dependent children: Youngest aged 12 to 18,40,32,31,31,0,1,0,1,8,0,8
S01008971,All families in households,222,213,187,183,4,26,23,3,9,1,8
S01008971,Families with no dependent children,128,127,111,109,2,16,15,1,1,0,1
S01008971,Families with dependent children: Total,94,86,76,74,2,10,8,2,8,1,7
S01008971,Families with dependent children: Youngest aged 0 to 4,37,37,29,28,1,8,7,1,0,0,0
S01008971,Families with dependent children: Youngest aged 5 to 11,27,25,24,23,1,1,1,0,2,1,1
S01008971,Families with dependent children: Youngest aged 12 to 18,30,24,23,23,0,1,0,1,6,0,6
S01008972,All families in households,233,219,195,194,1,24,22,2,14,3,11
S01008972,Families with no dependent children,130,126,106,106,0,20,18,2,4,1,3
S01008972,Families with dependent children: Total,103,93,89,88,1,4,4,0,10,2,8
S01008972,Families with dependent children: Youngest aged 0 to 4,34,31,29,29,0,2,2,0,3,1,2
S01008972,Families with dependent children: Youngest aged 5 to 11,35,34,33,33,0,1,1,0,1,0,1
S01008972,Families with dependent children: Youngest aged 12 to 18,34,28,27,26,1,1,1,0,6,1,5
S01008973,All families in households,202,182,145,142,3,37,35,2,20,3,17
S01008973,Families with no dependent children,140,132,102,102,0,30,28,2,8,1,7
S01008973,Families with dependent children: Total,62,50,43,40,3,7,7,0,12,2,10
S01008973,Families with dependent children: Youngest aged 0 to 4,26,24,21,21,0,3,3,0,2,0,2
S01008973,Families with dependent children: Youngest aged 5 to 11,19,14,12,9,3,2,2,0,5,1,4
S01008973,Families with dependent children: Youngest aged 12 to 18,17,12,10,10,0,2,2,0,5,1,4
S01008974,All families in households,241,199,160,158,2,39,37,2,42,3,39
S01008974,Families with no dependent children,152,141,111,111,0,30,30,0,11,2,9
S01008974,Families with dependent children: Total,89,58,49,47,2,9,7,2,31,1,30
S01008974,Families with dependent children: Youngest aged 0 to 4,47,33,26,26,0,7,6,1,14,1,13
S01008974,Families with dependent children: Youngest aged 5 to 11,23,11,11,10,1,0,0,0,12,0,12
S01008974,Families with dependent children: Youngest aged 12 to 18,19,14,12,11,1,2,1,1,5,0,5
S01008975,All families in households,175,146,115,112,3,31,27,4,29,3,26
S01008975,Families with no dependent children,122,115,91,90,1,24,23,1,7,1,6
S01008975,Families with dependent children: Total,53,31,24,22,2,7,4,3,22,2,20
S01008975,Families with dependent children: Youngest aged 0 to 4,19,14,10,9,1,4,2,2,5,0,5
S01008975,Families with dependent children: Youngest aged 5 to 11,19,12,10,9,1,2,1,1,7,1,6
S01008975,Families with dependent children: Youngest aged 12 to 18,15,5,4,4,0,1,1,0,10,1,9
S01008976,All families in households,161,152,136,133,3,16,14,2,9,2,7
S01008976,Families with no dependent children,101,94,84,83,1,10,8,2,7,2,5
S01008976,Families with dependent children: Total,60,58,52,50,2,6,6,0,2,0,2
S01008976,Families with dependent children: Youngest aged 0 to 4,30,30,27,27,0,3,3,0,0,0,0
S01008976,Families with dependent children: Youngest aged 5 to 11,14,14,12,10,2,2,2,0,0,0,0
S01008976,Families with dependent children: Youngest aged 12 to 18,16,14,13,13,0,1,1,0,2,0,2
S01008977,All families in households,195,182,164,161,3,18,16,2,13,1,12
S01008977,Families with no dependent children,133,126,114,114,0,12,12,0,7,1,6
S01008977,Families with dependent children: Total,62,56,50,47,3,6,4,2,6,0,6
S01008977,Families with dependent children: Youngest aged 0 to 4,13,12,10,9,1,2,1,1,1,0,1
S01008977,Families with dependent children: Youngest aged 5 to 11,26,22,19,18,1,3,3,0,4,0,4
S01008977,Families with dependent children: Youngest aged 12 to 18,23,22,21,20,1,1,0,1,1,0,1
S01008978,All families in households,178,139,106,104,2,33,27,6,39,4,35
S01008978,Families with no dependent children,105,92,69,68,1,23,21,2,13,4,9
S01008978,Families with dependent children: Total,73,47,37,36,1,10,6,4,26,0,26
S01008978,Families with dependent children: Youngest aged 0 to 4,25,20,17,17,0,3,2,1,5,0,5
S01008978,Families with dependent children: Youngest aged 5 to 11,28,15,11,10,1,4,3,1,13,0,13
S01008978,Families with dependent children: Youngest aged 12 to 18,20,12,9,9,0,3,1,2,8,0,8
S01008979,All families in households,217,148,110,107,3,38,33,5,69,3,66
S01008979,Families with no dependent children,82,72,47,47,0,25,23,2,10,1,9
S01008979,Families with dependent children: Total,135,76,63,60,3,13,10,3,59,2,57
S01008979,Families with dependent children: Youngest aged 0 to 4,57,29,20,20,0,9,8,1,28,0,28
S01008979,Families with dependent children: Youngest aged 5 to 11,39,22,18,17,1,4,2,2,17,1,16
S01008979,Families with dependent children: Youngest aged 12 to 18,39,25,25,23,2,0,0,0,14,1,13
S01008980,All families in households,242,164,126,123,3,38,31,7,78,5,73
S01008980,Families with no dependent children,105,89,68,67,1,21,20,1,16,3,13
S01008980,Families with dependent children: Total,137,75,58,56,2,17,11,6,62,2,60
S01008980,Families with dependent children: Youngest aged 0 to 4,51,31,24,23,1,7,6,1,20,0,20
S01008980,Families with dependent children: Youngest aged 5 to 11,48,22,16,16,0,6,3,3,26,0,26
S01008980,Families with dependent children: Youngest aged 12 to 18,38,22,18,17,1,4,2,2,16,2,14
S01008981,All families in households,228,205,190,187,3,15,11,4,23,0,23
S01008981,Families with no dependent children,160,149,140,138,2,9,7,2,11,0,11
S01008981,Families with dependent children: Total,68,56,50,49,1,6,4,2,12,0,12
S01008981,Families with dependent children: Youngest aged 0 to 4,28,21,19,19,0,2,2,0,7,0,7
S01008981,Families with dependent children: Youngest aged 5 to 11,26,24,20,19,1,4,2,2,2,0,2
S01008981,Families with dependent children: Youngest aged 12 to 18,14,11,11,11,0,0,0,0,3,0,3
S01008982,All families in households,229,169,123,113,10,46,43,3,60,3,57
S01008982,Families with no dependent children,118,104,71,69,2,33,33,0,14,1,13
S01008982,Families with dependent children: Total,111,65,52,44,8,13,10,3,46,2,44
S01008982,Families with dependent children: Youngest aged 0 to 4,52,30,21,19,2,9,8,1,22,0,22
S01008982,Families with dependent children: Youngest aged 5 to 11,29,18,15,11,4,3,1,2,11,0,11
S01008982,Families with dependent children: Youngest aged 12 to 18,30,17,16,14,2,1,1,0,13,2,11
S01008983,All families in households,180,125,62,57,5,63,58,5,55,6,49
S01008983,Families with no dependent children,90,74,26,25,1,48,46,2,16,4,12
S01008983,Families with dependent children: Total,90,51,36,32,4,15,12,3,39,2,37
S01008983,Families with dependent children: Youngest aged 0 to 4,47,24,13,13,0,11,10,1,23,1,22
S01008983,Families with dependent children: Youngest aged 5 to 11,23,13,10,8,2,3,2,1,10,1,9
S01008983,Families with dependent children: Youngest aged 12 to 18,20,14,13,11,2,1,0,1,6,0,6
S01008984,All families in households,167,114,80,76,4,34,32,2,53,4,49
S01008984,Families with no dependent children,75,65,46,44,2,19,18,1,10,2,8
S01008984,Families with dependent children: Total,92,49,34,32,2,15,14,1,43,2,41
S01008984,Families with dependent children: Youngest aged 0 to 4,40,27,18,17,1,9,8,1,13,0,13
S01008984,Families with dependent children: Youngest aged 5 to 11,25,7,4,4,0,3,3,0,18,1,17
S01008984,Families with dependent children: Youngest aged 12 to 18,27,15,12,11,1,3,3,0,12,1,11
S01008985,All families in households,195,157,128,128,0,29,29,0,38,3,35
S01008985,Families with no dependent children,125,107,87,87,0,20,20,0,18,2,16
S01008985,Families with dependent children: Total,70,50,41,41,0,9,9,0,20,1,19
S01008985,Families with dependent children: Youngest aged 0 to 4,37,30,22,22,0,8,8,0,7,0,7
S01008985,Families with dependent children: Youngest aged 5 to 11,16,9,9,9,0,0,0,0,7,0,7
S01008985,Families with dependent children: Youngest aged 12 to 18,17,11,10,10,0,1,1,0,6,1,5
S01008986,All families in households,255,234,209,199,10,25,20,5,21,1,20
S01008986,Families with no dependent children,163,154,140,137,3,14,13,1,9,0,9
S01008986,Families with dependent children: Total,92,80,69,62,7,11,7,4,12,1,11
S01008986,Families with dependent children: Youngest aged 0 to 4,36,33,26,22,4,7,5,2,3,0,3
S01008986,Families with dependent children: Youngest aged 5 to 11,28,25,22,22,0,3,2,1,3,1,2
S01008986,Families with dependent children: Youngest aged 12 to 18,28,22,21,18,3,1,0,1,6,0,6
S01008987,All families in households,262,244,223,221,2,21,17,4,18,2,16
S01008987,Families with no dependent children,188,173,162,162,0,11,9,2,15,1,14
S01008987,Families with dependent children: Total,74,71,61,59,2,10,8,2,3,1,2
S01008987,Families with dependent children: Youngest aged 0 to 4,25,23,19,18,1,4,4,0,2,0,2
S01008987,Families with dependent children: Youngest aged 5 to 11,29,29,24,23,1,5,3,2,0,0,0
S01008987,Families with dependent children: Youngest aged 12 to 18,20,19,18,18,0,1,1,0,1,1,0
S01008988,All families in households,276,223,157,152,5,66,62,4,53,5,48
S01008988,Families with no dependent children,181,162,109,106,3,53,53,0,19,4,15
S01008988,Families with dependent children: Total,95,61,48,46,2,13,9,4,34,1,33
S01008988,Families with dependent children: Youngest aged 0 to 4,40,30,23,22,1,7,6,1,10,0,10
S01008988,Families with dependent children: Youngest aged 5 to 11,30,20,16,15,1,4,3,1,10,0,10
S01008988,Families with dependent children: Youngest aged 12 to 18,25,11,9,9,0,2,0,2,14,1,13
S01008989,All families in households,181,148,103,100,3,45,41,4,33,6,27
S01008989,Families with no dependent children,103,93,60,59,1,33,33,0,10,4,6
S01008989,Families with dependent children: Total,78,55,43,41,2,12,8,4,23,2,21
S01008989,Families with dependent children: Youngest aged 0 to 4,35,26,18,18,0,8,7,1,9,0,9
S01008989,Families with dependent children: Youngest aged 5 to 11,20,12,11,10,1,1,1,0,8,1,7
S01008989,Families with dependent children: Youngest aged 12 to 18,23,17,14,13,1,3,0,3,6,1,5
S01008990,All families in households,207,175,123,122,1,52,49,3,32,2,30
S01008990,Families with no dependent children,126,114,80,80,0,34,34,0,12,2,10
S01008990,Families with dependent children: Total,81,61,43,42,1,18,15,3,20,0,20
S01008990,Families with dependent children: Youngest aged 0 to 4,42,36,25,25,0,11,11,0,6,0,6
S01008990,Families with dependent children: Youngest aged 5 to 11,19,13,8,8,0,5,3,2,6,0,6
S01008990,Families with dependent children: Youngest aged 12 to 18,20,12,10,9,1,2,1,1,8,0,8
S01008991,All families in households,280,240,199,195,4,41,36,5,40,5,35
S01008991,Families with no dependent children,143,123,95,94,1,28,27,1,20,4,16
S01008991,Families with dependent children: Total,137,117,104,101,3,13,9,4,20,1,19
S01008991,Families with dependent children: Youngest aged 0 to 4,47,39,34,34,0,5,3,2,8,1,7
S01008991,Families with dependent children: Youngest aged 5 to 11,38,32,30,29,1,2,2,0,6,0,6
S01008991,Families with dependent children: Youngest aged 12 to 18,52,46,40,38,2,6,4,2,6,0,6
S01008992,All families in households,157,141,124,121,3,17,15,2,16,1,15
S01008992,Families with no dependent children,106,100,89,89,0,11,10,1,6,0,6
S01008992,Families with dependent children: Total,51,41,35,32,3,6,5,1,10,1,9
S01008992,Families with dependent children: Youngest aged 0 to 4,24,19,14,13,1,5,4,1,5,0,5
S01008992,Families with dependent children: Youngest aged 5 to 11,16,15,15,14,1,0,0,0,1,0,1
S01008992,Families with dependent children: Youngest aged 12 to 18,11,7,6,5,1,1,1,0,4,1,3
S01008993,All families in households,321,271,223,217,6,48,44,4,50,3,47
S01008993,Families with no dependent children,195,176,143,141,2,33,33,0,19,0,19
S01008993,Families with dependent children: Total,126,95,80,76,4,15,11,4,31,3,28
S01008993,Families with dependent children: Youngest aged 0 to 4,38,30,25,25,0,5,5,0,8,0,8
S01008993,Families with dependent children: Youngest aged 5 to 11,54,43,37,35,2,6,6,0,11,1,10
S01008993,Families with dependent children: Youngest aged 12 to 18,34,22,18,16,2,4,0,4,12,2,10
S01008994,All families in households,236,185,153,147,6,32,29,3,51,3,48
S01008994,Families with no dependent children,143,128,112,107,5,16,16,0,15,2,13
S01008994,Families with dependent children: Total,93,57,41,40,1,16,13,3,36,1,35
S01008994,Families with dependent children: Youngest aged 0 to 4,44,29,20,20,0,9,8,1,15,1,14
S01008994,Families with dependent children: Youngest aged 5 to 11,26,11,9,9,0,2,2,0,15,0,15
S01008994,Families with dependent children: Youngest aged 12 to 18,23,17,12,11,1,5,3,2,6,0,6
S01008995,All families in households,269,236,209,204,5,27,21,6,33,5,28
S01008995,Families with no dependent children,161,145,130,128,2,15,13,2,16,4,12
S01008995,Families with dependent children: Total,108,91,79,76,3,12,8,4,17,1,16
S01008995,Families with dependent children: Youngest aged 0 to 4,39,33,27,27,0,6,6,0,6,1,5
S01008995,Families with dependent children: Youngest aged 5 to 11,37,31,27,25,2,4,1,3,6,0,6
S01008995,Families with dependent children: Youngest aged 12 to 18,32,27,25,24,1,2,1,1,5,0,5
S01008996,All families in households,179,135,118,111,7,17,13,4,44,8,36
S01008996,Families with no dependent children,124,100,89,86,3,11,9,2,24,5,19
S01008996,Families with dependent children: Total,55,35,29,25,4,6,4,2,20,3,17
S01008996,Families with dependent children: Youngest aged 0 to 4,17,10,8,8,0,2,2,0,7,0,7
S01008996,Families with dependent children: Youngest aged 5 to 11,20,12,8,6,2,4,2,2,8,1,7
S01008996,Families with dependent children: Youngest aged 12 to 18,18,13,13,11,2,0,0,0,5,2,3
S01008997,All families in households,298,247,201,189,12,46,38,8,51,7,44
S01008997,Families with no dependent children,157,138,105,101,4,33,30,3,19,1,18
S01008997,Families with dependent children: Total,141,109,96,88,8,13,8,5,32,6,26
S01008997,Families with dependent children: Youngest aged 0 to 4,57,51,44,41,3,7,6,1,6,0,6
S01008997,Families with dependent children: Youngest aged 5 to 11,45,32,30,27,3,2,2,0,13,2,11
S01008997,Families with dependent children: Youngest aged 12 to 18,39,26,22,20,2,4,0,4,13,4,9
S01008998,All families in households,165,118,79,70,9,39,25,14,47,4,43
S01008998,Families with no dependent children,71,60,44,40,4,16,13,3,11,2,9
S01008998,Families with dependent children: Total,94,58,35,30,5,23,12,11,36,2,34
S01008998,Families with dependent children: Youngest aged 0 to 4,37,25,10,8,2,15,8,7,12,1,11
S01008998,Families with dependent children: Youngest aged 5 to 11,31,21,15,13,2,6,3,3,10,0,10
S01008998,Families with dependent children: Youngest aged 12 to 18,26,12,10,9,1,2,1,1,14,1,13
S01008999,All families in households,250,199,162,158,4,37,31,6,51,9,42
S01008999,Families with no dependent children,155,135,114,114,0,21,18,3,20,5,15
S01008999,Families with dependent children: Total,95,64,48,44,4,16,13,3,31,4,27
S01008999,Families with dependent children: Youngest aged 0 to 4,32,26,18,17,1,8,8,0,6,1,5
S01008999,Families with dependent children: Youngest aged 5 to 11,29,17,13,13,0,4,2,2,12,0,12
S01008999,Families with dependent children: Youngest aged 12 to 18,34,21,17,14,3,4,3,1,13,3,10
S01009000,All families in households,294,269,240,237,3,29,25,4,25,5,20
S01009000,Families with no dependent children,198,188,169,169,0,19,19,0,10,1,9
S01009000,Families with dependent children: Total,96,81,71,68,3,10,6,4,15,4,11
S01009000,Families with dependent children: Youngest aged 0 to 4,34,33,28,27,1,5,4,1,1,0,1
S01009000,Families with dependent children: Youngest aged 5 to 11,34,29,26,26,0,3,1,2,5,3,2
S01009000,Families with dependent children: Youngest aged 12 to 18,28,19,17,15,2,2,1,1,9,1,8
S01009001,All families in households,258,241,213,207,6,28,22,6,17,3,14
S01009001,Families with no dependent children,124,119,105,103,2,14,13,1,5,2,3
S01009001,Families with dependent children: Total,134,122,108,104,4,14,9,5,12,1,11
S01009001,Families with dependent children: Youngest aged 0 to 4,48,46,38,37,1,8,6,2,2,0,2
S01009001,Families with dependent children: Youngest aged 5 to 11,46,44,41,38,3,3,1,2,2,0,2
S01009001,Families with dependent children: Youngest aged 12 to 18,40,32,29,29,0,3,2,1,8,1,7
S01009002,All families in households,241,210,193,187,6,17,17,0,31,2,29
S01009002,Families with no dependent children,127,113,102,101,1,11,11,0,14,0,14
S01009002,Families with dependent children: Total,114,97,91,86,5,6,6,0,17,2,15
S01009002,Families with dependent children: Youngest aged 0 to 4,56,52,47,46,1,5,5,0,4,1,3
S01009002,Families with dependent children: Youngest aged 5 to 11,23,16,16,15,1,0,0,0,7,0,7
S01009002,Families with dependent children: Youngest aged 12 to 18,35,29,28,25,3,1,1,0,6,1,5
S01009003,All families in households,297,270,230,227,3,40,38,2,27,2,25
S01009003,Families with no dependent children,166,160,137,136,1,23,22,1,6,1,5
S01009003,Families with dependent children: Total,131,110,93,91,2,17,16,1,21,1,20
S01009003,Families with dependent children: Youngest aged 0 to 4,54,48,34,34,0,14,14,0,6,0,6
S01009003,Families with dependent children: Youngest aged 5 to 11,37,31,28,27,1,3,2,1,6,1,5
S01009003,Families with dependent children: Youngest aged 12 to 18,40,31,31,30,1,0,0,0,9,0,9
S01009004,All families in households,212,176,147,140,7,29,27,2,36,2,34
S01009004,Families with no dependent children,124,109,92,89,3,17,17,0,15,1,14
S01009004,Families with dependent children: Total,88,67,55,51,4,12,10,2,21,1,20
S01009004,Families with dependent children: Youngest aged 0 to 4,38,34,26,24,2,8,7,1,4,0,4
S01009004,Families with dependent children: Youngest aged 5 to 11,28,18,16,16,0,2,2,0,10,1,9
S01009004,Families with dependent children: Youngest aged 12 to 18,22,15,13,11,2,2,1,1,7,0,7
S01009005,All families in households,218,187,153,148,5,34,31,3,31,4,27
S01009005,Families with no dependent children,132,120,96,95,1,24,22,2,12,2,10
S01009005,Families with dependent children: Total,86,67,57,53,4,10,9,1,19,2,17
S01009005,Families with dependent children: Youngest aged 0 to 4,39,33,26,25,1,7,7,0,6,0,6
S01009005,Families with dependent children: Youngest aged 5 to 11,26,21,18,16,2,3,2,1,5,0,5
S01009005,Families with dependent children: Youngest aged 12 to 18,21,13,13,12,1,0,0,0,8,2,6
S01009006,All families in households,230,184,154,151,3,30,24,6,46,5,41
S01009006,Families with no dependent children,122,108,88,87,1,20,15,5,14,5,9
S01009006,Families with dependent children: Total,108,76,66,64,2,10,9,1,32,0,32
S01009006,Families with dependent children: Youngest aged 0 to 4,53,39,36,36,0,3,3,0,14,0,14
S01009006,Families with dependent children: Youngest aged 5 to 11,31,21,17,17,0,4,4,0,10,0,10
S01009006,Families with dependent children: Youngest aged 12 to 18,24,16,13,11,2,3,2,1,8,0,8
S01009007,All families in households,207,153,126,113,13,27,22,5,54,6,48
S01009007,Families with no dependent children,108,91,75,72,3,16,14,2,17,3,14
S01009007,Families with dependent children: Total,99,62,51,41,10,11,8,3,37,3,34
S01009007,Families with dependent children: Youngest aged 0 to 4,37,24,18,14,4,6,5,1,13,1,12
S01009007,Families with dependent children: Youngest aged 5 to 11,33,22,18,16,2,4,2,2,11,1,10
S01009007,Families with dependent children: Youngest aged 12 to 18,29,16,15,11,4,1,1,0,13,1,12
S01009008,All families in households,286,258,214,210,4,44,41,3,28,5,23
S01009008,Families with no dependent children,197,183,150,149,1,33,32,1,14,2,12
S01009008,Families with dependent children: Total,89,75,64,61,3,11,9,2,14,3,11
S01009008,Families with dependent children: Youngest aged 0 to 4,36,34,28,27,1,6,5,1,2,0,2
S01009008,Families with dependent children: Youngest aged 5 to 11,29,23,21,20,1,2,2,0,6,2,4
S01009008,Families with dependent children: Youngest aged 12 to 18,24,18,15,14,1,3,2,1,6,1,5
S01009009,All families in households,117,78,50,44,6,28,16,12,39,2,37
S01009009,Families with no dependent children,60,50,34,33,1,16,13,3,10,1,9
S01009009,Families with dependent children: Total,57,28,16,11,5,12,3,9,29,1,28
S01009009,Families with dependent children: Youngest aged 0 to 4,30,17,9,7,2,8,1,7,13,0,13
S01009009,Families with dependent children: Youngest aged 5 to 11,16,7,5,4,1,2,1,1,9,0,9
S01009009,Families with dependent children: Youngest aged 12 to 18,11,4,2,0,2,2,1,1,7,1,6
S01009010,All families in households,317,275,242,233,9,33,25,8,42,6,36
S01009010,Families with no dependent children,173,164,143,141,2,21,18,3,9,1,8
S01009010,Families with dependent children: Total,144,111,99,92,7,12,7,5,33,5,28
S01009010,Families with dependent children: Youngest aged 0 to 4,53,45,38,38,0,7,3,4,8,0,8
S01009010,Families with dependent children: Youngest aged 5 to 11,43,30,27,24,3,3,2,1,13,4,9
S01009010,Families with dependent children: Youngest aged 12 to 18,48,36,34,30,4,2,2,0,12,1,11
S01009011,All families in households,271,241,210,207,3,31,29,2,30,6,24
S01009011,Families with no dependent children,148,134,113,111,2,21,20,1,14,4,10
S01009011,Families with dependent children: Total,123,107,97,96,1,10,9,1,16,2,14
S01009011,Families with dependent children: Youngest aged 0 to 4,53,47,40,39,1,7,6,1,6,0,6
S01009011,Families with dependent children: Youngest aged 5 to 11,30,26,24,24,0,2,2,0,4,1,3
S01009011,Families with dependent children: Youngest aged 12 to 18,40,34,33,33,0,1,1,0,6,1,5
S01009012,All families in households,240,221,192,188,4,29,27,2,19,3,16
S01009012,Families with no dependent children,142,133,115,113,2,18,18,0,9,2,7
S01009012,Families with dependent children: Total,98,88,77,75,2,11,9,2,10,1,9
S01009012,Families with dependent children: Youngest aged 0 to 4,37,33,30,30,0,3,3,0,4,1,3
S01009012,Families with dependent children: Youngest aged 5 to 11,32,30,24,24,0,6,5,1,2,0,2
S01009012,Families with dependent children: Youngest aged 12 to 18,29,25,23,21,2,2,1,1,4,0,4
S01009013,All families in households,285,254,228,225,3,26,24,2,31,5,26
S01009013,Families with no dependent children,173,160,142,141,1,18,18,0,13,3,10
S01009013,Families with dependent children: Total,112,94,86,84,2,8,6,2,18,2,16
S01009013,Families with dependent children: Youngest aged 0 to 4,36,33,29,28,1,4,4,0,3,0,3
S01009013,Families with dependent children: Youngest aged 5 to 11,33,24,23,23,0,1,1,0,9,0,9
S01009013,Families with dependent children: Youngest aged 12 to 18,43,37,34,33,1,3,1,2,6,2,4
S01009014,All families in households,156,119,94,88,6,25,22,3,37,5,32
S01009014,Families with no dependent children,80,65,52,49,3,13,12,1,15,3,12
S01009014,Families with dependent children: Total,76,54,42,39,3,12,10,2,22,2,20
S01009014,Families with dependent children: Youngest aged 0 to 4,34,28,17,15,2,11,10,1,6,0,6
S01009014,Families with dependent children: Youngest aged 5 to 11,20,12,11,10,1,1,0,1,8,0,8
S01009014,Families with dependent children: Youngest aged 12 to 18,22,14,14,14,0,0,0,0,8,2,6
S01009015,All families in households,177,137,116,111,5,21,17,4,40,4,36
S01009015,Families with no dependent children,101,87,78,78,0,9,8,1,14,2,12
S01009015,Families with dependent children: Total,76,50,38,33,5,12,9,3,26,2,24
S01009015,Families with dependent children: Youngest aged 0 to 4,35,23,14,13,1,9,6,3,12,0,12
S01009015,Families with dependent children: Youngest aged 5 to 11,16,10,9,7,2,1,1,0,6,1,5
S01009015,Families with dependent children: Youngest aged 12 to 18,25,17,15,13,2,2,2,0,8,1,7
S01009016,All families in households,145,125,110,106,4,15,11,4,20,5,15
S01009016,Families with no dependent children,91,79,69,69,0,10,9,1,12,4,8
S01009016,Families with dependent children: Total,54,46,41,37,4,5,2,3,8,1,7
S01009016,Families with dependent children: Youngest aged 0 to 4,15,13,8,7,1,5,2,3,2,0,2
S01009016,Families with dependent children: Youngest aged 5 to 11,22,19,19,17,2,0,0,0,3,0,3
S01009016,Families with dependent children: Youngest aged 12 to 18,17,14,14,13,1,0,0,0,3,1,2
S01009017,All families in households,174,136,113,111,2,23,21,2,38,4,34
S01009017,Families with no dependent children,105,88,76,76,0,12,11,1,17,2,15
S01009017,Families with dependent children: Total,69,48,37,35,2,11,10,1,21,2,19
S01009017,Families with dependent children: Youngest aged 0 to 4,33,23,19,18,1,4,4,0,10,0,10
S01009017,Families with dependent children: Youngest aged 5 to 11,19,12,9,9,0,3,3,0,7,2,5
S01009017,Families with dependent children: Youngest aged 12 to 18,17,13,9,8,1,4,3,1,4,0,4
S01009018,All families in households,205,161,143,140,3,18,16,2,44,3,41
S01009018,Families with no dependent children,115,103,95,94,1,8,8,0,12,0,12
S01009018,Families with dependent children: Total,90,58,48,46,2,10,8,2,32,3,29
S01009018,Families with dependent children: Youngest aged 0 to 4,29,19,15,14,1,4,3,1,10,1,9
S01009018,Families with dependent children: Youngest aged 5 to 11,31,22,18,18,0,4,4,0,9,2,7
S01009018,Families with dependent children: Youngest aged 12 to 18,30,17,15,14,1,2,1,1,13,0,13
S01009019,All families in households,149,121,109,105,4,12,10,2,28,3,25
S01009019,Families with no dependent children,93,81,73,69,4,8,7,1,12,1,11
S01009019,Families with dependent children: Total,56,40,36,36,0,4,3,1,16,2,14
S01009019,Families with dependent children: Youngest aged 0 to 4,25,20,17,17,0,3,3,0,5,0,5
S01009019,Families with dependent children: Youngest aged 5 to 11,17,12,12,12,0,0,0,0,5,0,5
S01009019,Families with dependent children: Youngest aged 12 to 18,14,8,7,7,0,1,0,1,6,2,4
S01009020,All families in households,228,191,146,142,4,45,35,10,37,1,36
S01009020,Families with no dependent children,120,110,87,86,1,23,23,0,10,0,10
S01009020,Families with dependent children: Total,108,81,59,56,3,22,12,10,27,1,26
S01009020,Families with dependent children: Youngest aged 0 to 4,41,33,21,21,0,12,10,2,8,0,8
S01009020,Families with dependent children: Youngest aged 5 to 11,35,22,16,16,0,6,1,5,13,0,13
S01009020,Families with dependent children: Youngest aged 12 to 18,32,26,22,19,3,4,1,3,6,1,5
S01009021,All families in households,211,174,153,147,6,21,18,3,37,6,31
S01009021,Families with no dependent children,145,123,110,109,1,13,11,2,22,3,19
S01009021,Families with dependent children: Total,66,51,43,38,5,8,7,1,15,3,12
S01009021,Families with dependent children: Youngest aged 0 to 4,24,19,13,11,2,6,6,0,5,1,4
S01009021,Families with dependent children: Youngest aged 5 to 11,17,11,9,9,0,2,1,1,6,1,5
S01009021,Families with dependent children: Youngest aged 12 to 18,25,21,21,18,3,0,0,0,4,1,3
S01009022,All families in households,244,207,173,168,5,34,28,6,37,1,36
S01009022,Families with no dependent children,169,148,126,123,3,22,20,2,21,1,20
S01009022,Families with dependent children: Total,75,59,47,45,2,12,8,4,16,0,16
S01009022,Families with dependent children: Youngest aged 0 to 4,26,18,10,10,0,8,7,1,8,0,8
S01009022,Families with dependent children: Youngest aged 5 to 11,22,16,16,15,1,0,0,0,6,0,6
S01009022,Families with dependent children: Youngest aged 12 to 18,27,25,21,20,1,4,1,3,2,0,2
S01009023,All families in households,256,225,209,202,7,16,14,2,31,4,27
S01009023,Families with no dependent children,175,152,140,138,2,12,12,0,23,3,20
S01009023,Families with dependent children: Total,81,73,69,64,5,4,2,2,8,1,7
S01009023,Families with dependent children: Youngest aged 0 to 4,25,22,20,17,3,2,2,0,3,1,2
S01009023,Families with dependent children: Youngest aged 5 to 11,23,20,20,20,0,0,0,0,3,0,3
S01009023,Families with dependent children: Youngest aged 12 to 18,33,31,29,27,2,2,0,2,2,0,2
S01009024,All families in households,266,222,197,191,6,25,23,2,44,4,40
S01009024,Families with no dependent children,189,158,139,137,2,19,18,1,31,3,28
S01009024,Families with dependent children: Total,77,64,58,54,4,6,5,1,13,1,12
S01009024,Families with dependent children: Youngest aged 0 to 4,33,26,22,19,3,4,4,0,7,0,7
S01009024,Families with dependent children: Youngest aged 5 to 11,32,28,27,26,1,1,1,0,4,1,3
S01009024,Families with dependent children: Youngest aged 12 to 18,12,10,9,9,0,1,0,1,2,0,2
S01009025,All families in households,251,213,187,183,4,26,21,5,38,4,34
S01009025,Families with no dependent children,157,136,118,118,0,18,17,1,21,2,19
S01009025,Families with dependent children: Total,94,77,69,65,4,8,4,4,17,2,15
S01009025,Families with dependent children: Youngest aged 0 to 4,29,22,19,17,2,3,1,2,7,0,7
S01009025,Families with dependent children: Youngest aged 5 to 11,36,30,28,27,1,2,1,1,6,0,6
S01009025,Families with dependent children: Youngest aged 12 to 18,29,25,22,21,1,3,2,1,4,2,2
S01009026,All families in households,263,213,187,185,2,26,20,6,50,11,39
S01009026,Families with no dependent children,187,152,136,135,1,16,14,2,35,9,26
S01009026,Families with dependent children: Total,76,61,51,50,1,10,6,4,15,2,13
S01009026,Families with dependent children: Youngest aged 0 to 4,25,23,21,21,0,2,2,0,2,0,2
S01009026,Families with dependent children: Youngest aged 5 to 11,27,20,15,15,0,5,3,2,7,2,5
S01009026,Families with dependent children: Youngest aged 12 to 18,24,18,15,14,1,3,1,2,6,0,6
S01009027,All families in households,228,187,168,163,5,19,19,0,41,4,37
S01009027,Families with no dependent children,157,133,123,123,0,10,10,0,24,2,22
S01009027,Families with dependent children: Total,71,54,45,40,5,9,9,0,17,2,15
S01009027,Families with dependent children: Youngest aged 0 to 4,17,15,12,11,1,3,3,0,2,0,2
S01009027,Families with dependent children: Youngest aged 5 to 11,27,18,16,14,2,2,2,0,9,1,8
S01009027,Families with dependent children: Youngest aged 12 to 18,27,21,17,15,2,4,4,0,6,1,5
S01009028,All families in households,131,120,108,105,3,12,12,0,11,4,7
S01009028,Families with no dependent children,86,79,69,68,1,10,10,0,7,3,4
S01009028,Families with dependent children: Total,45,41,39,37,2,2,2,0,4,1,3
S01009028,Families with dependent children: Youngest aged 0 to 4,14,13,11,11,0,2,2,0,1,0,1
S01009028,Families with dependent children: Youngest aged 5 to 11,11,10,10,9,1,0,0,0,1,1,0
S01009028,Families with dependent children: Youngest aged 12 to 18,20,18,18,17,1,0,0,0,2,0,2
S01009029,All families in households,174,141,127,124,3,14,11,3,33,1,32
S01009029,Families with no dependent children,118,97,89,87,2,8,8,0,21,1,20
S01009029,Families with dependent children: Total,56,44,38,37,1,6,3,3,12,0,12
S01009029,Families with dependent children: Youngest aged 0 to 4,16,12,9,9,0,3,2,1,4,0,4
S01009029,Families with dependent children: Youngest aged 5 to 11,18,16,14,13,1,2,1,1,2,0,2
S01009029,Families with dependent children: Youngest aged 12 to 18,22,16,15,15,0,1,0,1,6,0,6
S01009030,All families in households,210,172,152,150,2,20,14,6,38,5,33
S01009030,Families with no dependent children,134,117,104,104,0,13,12,1,17,4,13
S01009030,Families with dependent children: Total,76,55,48,46,2,7,2,5,21,1,20
S01009030,Families with dependent children: Youngest aged 0 to 4,25,18,15,14,1,3,2,1,7,0,7
S01009030,Families with dependent children: Youngest aged 5 to 11,25,21,20,19,1,1,0,1,4,0,4
S01009030,Families with dependent children: Youngest aged 12 to 18,26,16,13,13,0,3,0,3,10,1,9
S01009031,All families in households,224,180,163,158,5,17,13,4,44,3,41
S01009031,Families with no dependent children,151,125,115,113,2,10,9,1,26,3,23
S01009031,Families with dependent children: Total,73,55,48,45,3,7,4,3,18,0,18
S01009031,Families with dependent children: Youngest aged 0 to 4,30,25,20,18,2,5,3,2,5,0,5
S01009031,Families with dependent children: Youngest aged 5 to 11,23,16,14,13,1,2,1,1,7,0,7
S01009031,Families with dependent children: Youngest aged 12 to 18,20,14,14,14,0,0,0,0,6,0,6
S01009032,All families in households,188,157,148,148,0,9,8,1,31,7,24
S01009032,Families with no dependent children,126,114,107,107,0,7,7,0,12,4,8
S01009032,Families with dependent children: Total,62,43,41,41,0,2,1,1,19,3,16
S01009032,Families with dependent children: Youngest aged 0 to 4,22,18,16,16,0,2,1,1,4,0,4
S01009032,Families with dependent children: Youngest aged 5 to 11,17,13,13,13,0,0,0,0,4,0,4
S01009032,Families with dependent children: Youngest aged 12 to 18,23,12,12,12,0,0,0,0,11,3,8
S01009033,All families in households,212,180,169,159,10,11,7,4,32,3,29
S01009033,Families with no dependent children,128,108,103,101,2,5,4,1,20,2,18
S01009033,Families with dependent children: Total,84,72,66,58,8,6,3,3,12,1,11
S01009033,Families with dependent children: Youngest aged 0 to 4,24,23,22,19,3,1,1,0,1,0,1
S01009033,Families with dependent children: Youngest aged 5 to 11,33,29,27,23,4,2,1,1,4,0,4
S01009033,Families with dependent children: Youngest aged 12 to 18,27,20,17,16,1,3,1,2,7,1,6
S01009034,All families in households,201,166,158,156,2,8,8,0,35,7,28
S01009034,Families with no dependent children,125,105,99,99,0,6,6,0,20,4,16
S01009034,Families with dependent children: Total,76,61,59,57,2,2,2,0,15,3,12
S01009034,Families with dependent children: Youngest aged 0 to 4,23,21,20,19,1,1,1,0,2,0,2
S01009034,Families with dependent children: Youngest aged 5 to 11,34,23,22,22,0,1,1,0,11,3,8
S01009034,Families with dependent children: Youngest aged 12 to 18,19,17,17,16,1,0,0,0,2,0,2
S01009035,All families in households,269,235,211,207,4,24,20,4,34,4,30
S01009035,Families with no dependent children,160,145,134,132,2,11,11,0,15,2,13
S01009035,Families with dependent children: Total,109,90,77,75,2,13,9,4,19,2,17
S01009035,Families with dependent children: Youngest aged 0 to 4,37,31,22,22,0,9,7,2,6,0,6
S01009035,Families with dependent children: Youngest aged 5 to 11,39,34,31,30,1,3,1,2,5,1,4
S01009035,Families with dependent children: Youngest aged 12 to 18,33,25,24,23,1,1,1,0,8,1,7
S01009036,All families in households,291,242,212,204,8,30,27,3,49,6,43
S01009036,Families with no dependent children,137,116,105,104,1,11,11,0,21,5,16
S01009036,Families with dependent children: Total,154,126,107,100,7,19,16,3,28,1,27
S01009036,Families with dependent children: Youngest aged 0 to 4,70,63,50,48,2,13,12,1,7,0,7
S01009036,Families with dependent children: Youngest aged 5 to 11,44,36,33,29,4,3,2,1,8,0,8
S01009036,Families with dependent children: Youngest aged 12 to 18,40,27,24,23,1,3,2,1,13,1,12
S01009037,All families in households,268,207,177,169,8,30,26,4,61,8,53
S01009037,Families with no dependent children,137,114,100,97,3,14,13,1,23,4,19
S01009037,Families with dependent children: Total,131,93,77,72,5,16,13,3,38,4,34
S01009037,Families with dependent children: Youngest aged 0 to 4,36,30,19,17,2,11,10,1,6,0,6
S01009037,Families with dependent children: Youngest aged 5 to 11,57,37,33,31,2,4,3,1,20,0,20
S01009037,Families with dependent children: Youngest aged 12 to 18,38,26,25,24,1,1,0,1,12,4,8
S01009038,All families in households,316,257,229,217,12,28,27,1,59,10,49
S01009038,Families with no dependent children,184,159,141,139,2,18,18,0,25,5,20
S01009038,Families with dependent children: Total,132,98,88,78,10,10,9,1,34,5,29
S01009038,Families with dependent children: Youngest aged 0 to 4,53,41,35,31,4,6,6,0,12,1,11
S01009038,Families with dependent children: Youngest aged 5 to 11,44,33,30,26,4,3,3,0,11,2,9
S01009038,Families with dependent children: Youngest aged 12 to 18,35,24,23,21,2,1,0,1,11,2,9
S01009039,All families in households,185,118,101,96,5,17,12,5,67,10,57
S01009039,Families with no dependent children,97,83,74,72,2,9,9,0,14,1,13
S01009039,Families with dependent children: Total,88,35,27,24,3,8,3,5,53,9,44
S01009039,Families with dependent children: Youngest aged 0 to 4,27,16,13,12,1,3,2,1,11,2,9
S01009039,Families with dependent children: Youngest aged 5 to 11,35,10,6,5,1,4,1,3,25,5,20
S01009039,Families with dependent children: Youngest aged 12 to 18,26,9,8,7,1,1,0,1,17,2,15
S01009040,All families in households,155,108,90,84,6,18,14,4,47,3,44
S01009040,Families with no dependent children,83,66,57,56,1,9,8,1,17,3,14
S01009040,Families with dependent children: Total,72,42,33,28,5,9,6,3,30,0,30
S01009040,Families with dependent children: Youngest aged 0 to 4,24,15,10,9,1,5,4,1,9,0,9
S01009040,Families with dependent children: Youngest aged 5 to 11,24,14,11,7,4,3,1,2,10,0,10
S01009040,Families with dependent children: Youngest aged 12 to 18,24,13,12,12,0,1,1,0,11,0,11
S01009041,All families in households,187,158,122,119,3,36,32,4,29,6,23
S01009041,Families with no dependent children,114,101,79,78,1,22,22,0,13,3,10
S01009041,Families with dependent children: Total,73,57,43,41,2,14,10,4,16,3,13
S01009041,Families with dependent children: Youngest aged 0 to 4,33,27,15,14,1,12,9,3,6,0,6
S01009041,Families with dependent children: Youngest aged 5 to 11,20,14,13,13,0,1,1,0,6,2,4
S01009041,Families with dependent children: Youngest aged 12 to 18,20,16,15,14,1,1,0,1,4,1,3
S01009042,All families in households,221,167,140,135,5,27,23,4,54,9,45
S01009042,Families with no dependent children,117,95,83,82,1,12,12,0,22,6,16
S01009042,Families with dependent children: Total,104,72,57,53,4,15,11,4,32,3,29
S01009042,Families with dependent children: Youngest aged 0 to 4,39,31,24,23,1,7,6,1,8,0,8
S01009042,Families with dependent children: Youngest aged 5 to 11,28,20,17,17,0,3,3,0,8,0,8
S01009042,Families with dependent children: Youngest aged 12 to 18,37,21,16,13,3,5,2,3,16,3,13
S01009043,All families in households,170,128,107,105,2,21,14,7,42,6,36
S01009043,Families with no dependent children,115,88,79,78,1,9,7,2,27,4,23
S01009043,Families with dependent children: Total,55,40,28,27,1,12,7,5,15,2,13
S01009043,Families with dependent children: Youngest aged 0 to 4,24,17,13,13,0,4,4,0,7,0,7
S01009043,Families with dependent children: Youngest aged 5 to 11,14,11,7,6,1,4,2,2,3,1,2
S01009043,Families with dependent children: Youngest aged 12 to 18,17,12,8,8,0,4,1,3,5,1,4
S01009044,All families in households,227,176,149,148,1,27,24,3,51,3,48
S01009044,Families with no dependent children,146,128,109,109,0,19,17,2,18,1,17
S01009044,Families with dependent children: Total,81,48,40,39,1,8,7,1,33,2,31
S01009044,Families with dependent children: Youngest aged 0 to 4,30,17,13,13,0,4,4,0,13,1,12
S01009044,Families with dependent children: Youngest aged 5 to 11,29,17,14,14,0,3,2,1,12,1,11
S01009044,Families with dependent children: Youngest aged 12 to 18,22,14,13,12,1,1,1,0,8,0,8
S01009045,All families in households,183,145,124,119,5,21,17,4,38,4,34
S01009045,Families with no dependent children,117,97,84,84,0,13,12,1,20,3,17
S01009045,Families with dependent children: Total,66,48,40,35,5,8,5,3,18,1,17
S01009045,Families with dependent children: Youngest aged 0 to 4,23,21,16,15,1,5,4,1,2,0,2
S01009045,Families with dependent children: Youngest aged 5 to 11,21,15,12,10,2,3,1,2,6,0,6
S01009045,Families with dependent children: Youngest aged 12 to 18,22,12,12,10,2,0,0,0,10,1,9
S01009046,All families in households,247,208,191,181,10,17,11,6,39,3,36
S01009046,Families with no dependent children,139,121,115,113,2,6,6,0,18,2,16
S01009046,Families with dependent children: Total,108,87,76,68,8,11,5,6,21,1,20
S01009046,Families with dependent children: Youngest aged 0 to 4,35,29,23,22,1,6,4,2,6,0,6
S01009046,Families with dependent children: Youngest aged 5 to 11,34,27,24,19,5,3,0,3,7,0,7
S01009046,Families with dependent children: Youngest aged 12 to 18,39,31,29,27,2,2,1,1,8,1,7
S01009047,All families in households,226,199,181,173,8,18,16,2,27,4,23
S01009047,Families with no dependent children,123,114,103,101,2,11,10,1,9,1,8
S01009047,Families with dependent children: Total,103,85,78,72,6,7,6,1,18,3,15
S01009047,Families with dependent children: Youngest aged 0 to 4,33,32,27,26,1,5,5,0,1,0,1
S01009047,Families with dependent children: Youngest aged 5 to 11,38,25,24,23,1,1,1,0,13,2,11
S01009047,Families with dependent children: Youngest aged 12 to 18,32,28,27,23,4,1,0,1,4,1,3
S01009048,All families in households,244,218,199,190,9,19,19,0,26,3,23
S01009048,Families with no dependent children,156,142,129,127,2,13,13,0,14,1,13
S01009048,Families with dependent children: Total,88,76,70,63,7,6,6,0,12,2,10
S01009048,Families with dependent children: Youngest aged 0 to 4,36,32,26,23,3,6,6,0,4,2,2
S01009048,Families with dependent children: Youngest aged 5 to 11,27,21,21,20,1,0,0,0,6,0,6
S01009048,Families with dependent children: Youngest aged 12 to 18,25,23,23,20,3,0,0,0,2,0,2
S01009049,All families in households,183,162,140,132,8,22,21,1,21,3,18
S01009049,Families with no dependent children,114,105,92,91,1,13,13,0,9,1,8
S01009049,Families with dependent children: Total,69,57,48,41,7,9,8,1,12,2,10
S01009049,Families with dependent children: Youngest aged 0 to 4,29,26,19,19,0,7,7,0,3,0,3
S01009049,Families with dependent children: Youngest aged 5 to 11,24,19,17,14,3,2,1,1,5,1,4
S01009049,Families with dependent children: Youngest aged 12 to 18,16,12,12,8,4,0,0,0,4,1,3
S01009050,All families in households,238,205,172,168,4,33,31,2,33,6,27
S01009050,Families with no dependent children,156,140,119,117,2,21,21,0,16,4,12
S01009050,Families with dependent children: Total,82,65,53,51,2,12,10,2,17,2,15
S01009050,Families with dependent children: Youngest aged 0 to 4,35,31,24,24,0,7,6,1,4,0,4
S01009050,Families with dependent children: Youngest aged 5 to 11,31,24,19,17,2,5,4,1,7,1,6
S01009050,Families with dependent children: Youngest aged 12 to 18,16,10,10,10,0,0,0,0,6,1,5
S01009051,All families in households,227,178,142,136,6,36,26,10,49,6,43
S01009051,Families with no dependent children,102,86,70,69,1,16,16,0,16,5,11
S01009051,Families with dependent children: Total,125,92,72,67,5,20,10,10,33,1,32
S01009051,Families with dependent children: Youngest aged 0 to 4,43,29,23,21,2,6,4,2,14,0,14
S01009051,Families with dependent children: Youngest aged 5 to 11,57,44,36,34,2,8,3,5,13,1,12
S01009051,Families with dependent children: Youngest aged 12 to 18,25,19,13,12,1,6,3,3,6,0,6
S01009052,All families in households,183,155,133,125,8,22,20,2,28,3,25
S01009052,Families with no dependent children,126,115,100,97,3,15,15,0,11,2,9
S01009052,Families with dependent children: Total,57,40,33,28,5,7,5,2,17,1,16
S01009052,Families with dependent children: Youngest aged 0 to 4,14,12,9,8,1,3,3,0,2,0,2
S01009052,Families with dependent children: Youngest aged 5 to 11,15,8,7,5,2,1,1,0,7,0,7
S01009052,Families with dependent children: Youngest aged 12 to 18,28,20,17,15,2,3,1,2,8,1,7
S01009053,All families in households,137,80,54,47,7,26,24,2,57,7,50
S01009053,Families with no dependent children,57,48,34,31,3,14,14,0,9,2,7
S01009053,Families with dependent children: Total,80,32,20,16,4,12,10,2,48,5,43
S01009053,Families with dependent children: Youngest aged 0 to 4,26,11,3,3,0,8,8,0,15,0,15
S01009053,Families with dependent children: Youngest aged 5 to 11,30,10,6,4,2,4,2,2,20,2,18
S01009053,Families with dependent children: Youngest aged 12 to 18,24,11,11,9,2,0,0,0,13,3,10
S01009054,All families in households,181,134,115,108,7,19,14,5,47,4,43
S01009054,Families with no dependent children,109,89,77,77,0,12,10,2,20,2,18
S01009054,Families with dependent children: Total,72,45,38,31,7,7,4,3,27,2,25
S01009054,Families with dependent children: Youngest aged 0 to 4,27,19,15,13,2,4,2,2,8,0,8
S01009054,Families with dependent children: Youngest aged 5 to 11,21,13,11,8,3,2,1,1,8,1,7
S01009054,Families with dependent children: Youngest aged 12 to 18,24,13,12,10,2,1,1,0,11,1,10
S01009055,All families in households,268,230,198,193,5,32,28,4,38,8,30
S01009055,Families with no dependent children,188,169,148,148,0,21,20,1,19,5,14
S01009055,Families with dependent children: Total,80,61,50,45,5,11,8,3,19,3,16
S01009055,Families with dependent children: Youngest aged 0 to 4,31,24,16,14,2,8,6,2,7,0,7
S01009055,Families with dependent children: Youngest aged 5 to 11,28,21,18,15,3,3,2,1,7,1,6
S01009055,Families with dependent children: Youngest aged 12 to 18,21,16,16,16,0,0,0,0,5,2,3
S01009056,All families in households,166,119,91,87,4,28,22,6,47,4,43
S01009056,Families with no dependent children,97,80,64,64,0,16,15,1,17,2,15
S01009056,Families with dependent children: Total,69,39,27,23,4,12,7,5,30,2,28
S01009056,Families with dependent children: Youngest aged 0 to 4,29,16,9,9,0,7,5,2,13,1,12
S01009056,Families with dependent children: Youngest aged 5 to 11,27,15,11,7,4,4,2,2,12,0,12
S01009056,Families with dependent children: Youngest aged 12 to 18,13,8,7,7,0,1,0,1,5,1,4
S01009057,All families in households,156,100,69,67,2,31,25,6,56,5,51
S01009057,Families with no dependent children,86,63,48,46,2,15,15,0,23,4,19
S01009057,Families with dependent children: Total,70,37,21,21,0,16,10,6,33,1,32
S01009057,Families with dependent children: Youngest aged 0 to 4,31,18,8,8,0,10,9,1,13,0,13
S01009057,Families with dependent children: Youngest aged 5 to 11,25,11,7,7,0,4,0,4,14,0,14
S01009057,Families with dependent children: Youngest aged 12 to 18,14,8,6,6,0,2,1,1,6,1,5
S01009058,All families in households,236,191,148,138,10,43,36,7,45,6,39
S01009058,Families with no dependent children,148,128,106,100,6,22,20,2,20,5,15
S01009058,Families with dependent children: Total,88,63,42,38,4,21,16,5,25,1,24
S01009058,Families with dependent children: Youngest aged 0 to 4,42,32,16,16,0,16,14,2,10,1,9
S01009058,Families with dependent children: Youngest aged 5 to 11,21,13,10,8,2,3,2,1,8,0,8
S01009058,Families with dependent children: Youngest aged 12 to 18,25,18,16,14,2,2,0,2,7,0,7
S01009059,All families in households,258,218,180,167,13,38,31,7,40,3,37
S01009059,Families with no dependent children,122,111,92,88,4,19,17,2,11,2,9
S01009059,Families with dependent children: Total,136,107,88,79,9,19,14,5,29,1,28
S01009059,Families with dependent children: Youngest aged 0 to 4,54,43,32,29,3,11,9,2,11,0,11
S01009059,Families with dependent children: Youngest aged 5 to 11,48,38,32,28,4,6,3,3,10,1,9
S01009059,Families with dependent children: Youngest aged 12 to 18,34,26,24,22,2,2,2,0,8,0,8
S01009060,All families in households,165,155,136,127,9,19,18,1,10,2,8
S01009060,Families with no dependent children,72,68,54,53,1,14,14,0,4,1,3
S01009060,Families with dependent children: Total,93,87,82,74,8,5,4,1,6,1,5
S01009060,Families with dependent children: Youngest aged 0 to 4,34,34,32,30,2,2,2,0,0,0,0
S01009060,Families with dependent children: Youngest aged 5 to 11,37,34,31,28,3,3,2,1,3,0,3
S01009060,Families with dependent children: Youngest aged 12 to 18,22,19,19,16,3,0,0,0,3,1,2
S01009061,All families in households,260,204,171,160,11,33,25,8,56,3,53
S01009061,Families with no dependent children,142,125,110,105,5,15,13,2,17,2,15
S01009061,Families with dependent children: Total,118,79,61,55,6,18,12,6,39,1,38
S01009061,Families with dependent children: Youngest aged 0 to 4,44,30,20,18,2,10,9,1,14,0,14
S01009061,Families with dependent children: Youngest aged 5 to 11,34,24,20,18,2,4,3,1,10,1,9
S01009061,Families with dependent children: Youngest aged 12 to 18,40,25,21,19,2,4,0,4,15,0,15
S01009062,All families in households,194,144,118,113,5,26,19,7,50,5,45
S01009062,Families with no dependent children,122,102,91,87,4,11,9,2,20,5,15
S01009062,Families with dependent children: Total,72,42,27,26,1,15,10,5,30,0,30
S01009062,Families with dependent children: Youngest aged 0 to 4,28,21,13,13,0,8,6,2,7,0,7
S01009062,Families with dependent children: Youngest aged 5 to 11,24,11,7,6,1,4,3,1,13,0,13
S01009062,Families with dependent children: Youngest aged 12 to 18,20,10,7,7,0,3,1,2,10,0,10
S01009063,All families in households,229,203,178,167,11,25,20,5,26,4,22
S01009063,Families with no dependent children,144,132,122,120,2,10,10,0,12,2,10
S01009063,Families with dependent children: Total,85,71,56,47,9,15,10,5,14,2,12
S01009063,Families with dependent children: Youngest aged 0 to 4,25,21,14,14,0,7,4,3,4,0,4
S01009063,Families with dependent children: Youngest aged 5 to 11,34,28,21,16,5,7,5,2,6,0,6
S01009063,Families with dependent children: Youngest aged 12 to 18,26,22,21,17,4,1,1,0,4,2,2
S01009064,All families in households,182,142,104,95,9,38,35,3,40,5,35
S01009064,Families with no dependent children,106,95,69,65,4,26,25,1,11,3,8
S01009064,Families with dependent children: Total,76,47,35,30,5,12,10,2,29,2,27
S01009064,Families with dependent children: Youngest aged 0 to 4,37,22,13,13,0,9,8,1,15,1,14
S01009064,Families with dependent children: Youngest aged 5 to 11,21,13,13,10,3,0,0,0,8,0,8
S01009064,Families with dependent children: Youngest aged 12 to 18,18,12,9,7,2,3,2,1,6,1,5
S01009065,All families in households,189,126,90,79,11,36,28,8,63,4,59
S01009065,Families with no dependent children,88,78,62,60,2,16,15,1,10,1,9
S01009065,Families with dependent children: Total,101,48,28,19,9,20,13,7,53,3,50
S01009065,Families with dependent children: Youngest aged 0 to 4,43,21,11,8,3,10,9,1,22,1,21
S01009065,Families with dependent children: Youngest aged 5 to 11,28,13,9,8,1,4,1,3,15,2,13
S01009065,Families with dependent children: Youngest aged 12 to 18,30,14,8,3,5,6,3,3,16,0,16
S01009066,All families in households,207,166,136,128,8,30,24,6,41,4,37
S01009066,Families with no dependent children,142,119,101,99,2,18,17,1,23,3,20
S01009066,Families with dependent children: Total,65,47,35,29,6,12,7,5,18,1,17
S01009066,Families with dependent children: Youngest aged 0 to 4,27,22,13,9,4,9,5,4,5,0,5
S01009066,Families with dependent children: Youngest aged 5 to 11,19,14,12,11,1,2,2,0,5,1,4
S01009066,Families with dependent children: Youngest aged 12 to 18,19,11,10,9,1,1,0,1,8,0,8
S01009067,All families in households,255,240,207,195,12,33,27,6,15,0,15
S01009067,Families with no dependent children,122,117,101,96,5,16,13,3,5,0,5
S01009067,Families with dependent children: Total,133,123,106,99,7,17,14,3,10,0,10
S01009067,Families with dependent children: Youngest aged 0 to 4,52,49,37,35,2,12,10,2,3,0,3
S01009067,Families with dependent children: Youngest aged 5 to 11,50,45,41,40,1,4,3,1,5,0,5
S01009067,Families with dependent children: Youngest aged 12 to 18,31,29,28,24,4,1,1,0,2,0,2
S01009068,All families in households,282,211,168,158,10,43,33,10,71,16,55
S01009068,Families with no dependent children,167,143,116,110,6,27,23,4,24,8,16
S01009068,Families with dependent children: Total,115,68,52,48,4,16,10,6,47,8,39
S01009068,Families with dependent children: Youngest aged 0 to 4,46,26,18,18,0,8,5,3,20,0,20
S01009068,Families with dependent children: Youngest aged 5 to 11,33,20,17,14,3,3,3,0,13,5,8
S01009068,Families with dependent children: Youngest aged 12 to 18,36,22,17,16,1,5,2,3,14,3,11
S01009069,All families in households,200,190,172,170,2,18,15,3,10,0,10
S01009069,Families with no dependent children,126,124,114,113,1,10,9,1,2,0,2
S01009069,Families with dependent children: Total,74,66,58,57,1,8,6,2,8,0,8
S01009069,Families with dependent children: Youngest aged 0 to 4,21,20,17,17,0,3,3,0,1,0,1
S01009069,Families with dependent children: Youngest aged 5 to 11,20,17,14,14,0,3,2,1,3,0,3
S01009069,Families with dependent children: Youngest aged 12 to 18,33,29,27,26,1,2,1,1,4,0,4
S01009070,All families in households,206,179,149,145,4,30,25,5,27,4,23
S01009070,Families with no dependent children,133,123,105,103,2,18,17,1,10,2,8
S01009070,Families with dependent children: Total,73,56,44,42,2,12,8,4,17,2,15
S01009070,Families with dependent children: Youngest aged 0 to 4,19,14,9,9,0,5,3,2,5,0,5
S01009070,Families with dependent children: Youngest aged 5 to 11,18,16,10,10,0,6,5,1,2,0,2
S01009070,Families with dependent children: Youngest aged 12 to 18,36,26,25,23,2,1,0,1,10,2,8
S01009071,All families in households,162,133,108,106,2,25,24,1,29,3,26
S01009071,Families with no dependent children,97,86,71,71,0,15,15,0,11,3,8
S01009071,Families with dependent children: Total,65,47,37,35,2,10,9,1,18,0,18
S01009071,Families with dependent children: Youngest aged 0 to 4,22,19,10,10,0,9,9,0,3,0,3
S01009071,Families with dependent children: Youngest aged 5 to 11,25,15,15,14,1,0,0,0,10,0,10
S01009071,Families with dependent children: Youngest aged 12 to 18,18,13,12,11,1,1,0,1,5,0,5
S01009072,All families in households,164,143,122,119,3,21,13,8,21,2,19
S01009072,Families with no dependent children,83,76,72,71,1,4,3,1,7,2,5
S01009072,Families with dependent children: Total,81,67,50,48,2,17,10,7,14,0,14
S01009072,Families with dependent children: Youngest aged 0 to 4,44,36,28,28,0,8,7,1,8,0,8
S01009072,Families with dependent children: Youngest aged 5 to 11,19,15,9,7,2,6,3,3,4,0,4
S01009072,Families with dependent children: Youngest aged 12 to 18,18,16,13,13,0,3,0,3,2,0,2
S01009073,All families in households,181,126,110,106,4,16,12,4,55,5,50
S01009073,Families with no dependent children,102,87,81,79,2,6,5,1,15,4,11
S01009073,Families with dependent children: Total,79,39,29,27,2,10,7,3,40,1,39
S01009073,Families with dependent children: Youngest aged 0 to 4,21,8,3,3,0,5,4,1,13,0,13
S01009073,Families with dependent children: Youngest aged 5 to 11,22,12,9,9,0,3,1,2,10,1,9
S01009073,Families with dependent children: Youngest aged 12 to 18,36,19,17,15,2,2,2,0,17,0,17
S01009074,All families in households,227,152,126,116,10,26,19,7,75,8,67
S01009074,Families with no dependent children,134,102,90,86,4,12,9,3,32,4,28
S01009074,Families with dependent children: Total,93,50,36,30,6,14,10,4,43,4,39
S01009074,Families with dependent children: Youngest aged 0 to 4,35,20,14,13,1,6,3,3,15,2,13
S01009074,Families with dependent children: Youngest aged 5 to 11,34,19,12,11,1,7,6,1,15,0,15
S01009074,Families with dependent children: Youngest aged 12 to 18,24,11,10,6,4,1,1,0,13,2,11
S01009075,All families in households,163,134,117,113,4,17,14,3,29,5,24
S01009075,Families with no dependent children,106,94,91,89,2,3,2,1,12,4,8
S01009075,Families with dependent children: Total,57,40,26,24,2,14,12,2,17,1,16
S01009075,Families with dependent children: Youngest aged 0 to 4,19,13,4,3,1,9,7,2,6,1,5
S01009075,Families with dependent children: Youngest aged 5 to 11,23,16,13,13,0,3,3,0,7,0,7
S01009075,Families with dependent children: Youngest aged 12 to 18,15,11,9,8,1,2,2,0,4,0,4
S01009076,All families in households,289,255,211,202,9,44,37,7,34,4,30
S01009076,Families with no dependent children,180,161,136,134,2,25,24,1,19,4,15
S01009076,Families with dependent children: Total,109,94,75,68,7,19,13,6,15,0,15
S01009076,Families with dependent children: Youngest aged 0 to 4,47,41,30,28,2,11,10,1,6,0,6
S01009076,Families with dependent children: Youngest aged 5 to 11,36,31,27,25,2,4,2,2,5,0,5
S01009076,Families with dependent children: Youngest aged 12 to 18,26,22,18,15,3,4,1,3,4,0,4
S01009077,All families in households,197,172,145,140,5,27,22,5,25,6,19
S01009077,Families with no dependent children,123,115,105,103,2,10,10,0,8,3,5
S01009077,Families with dependent children: Total,74,57,40,37,3,17,12,5,17,3,14
S01009077,Families with dependent children: Youngest aged 0 to 4,24,18,13,12,1,5,5,0,6,0,6
S01009077,Families with dependent children: Youngest aged 5 to 11,25,18,9,9,0,9,5,4,7,2,5
S01009077,Families with dependent children: Youngest aged 12 to 18,25,21,18,16,2,3,2,1,4,1,3
S01009078,All families in households,247,224,189,184,5,35,28,7,23,6,17
S01009078,Families with no dependent children,105,97,79,77,2,18,18,0,8,4,4
S01009078,Families with dependent children: Total,142,127,110,107,3,17,10,7,15,2,13
S01009078,Families with dependent children: Youngest aged 0 to 4,71,69,59,57,2,10,7,3,2,1,1
S01009078,Families with dependent children: Youngest aged 5 to 11,51,42,38,37,1,4,2,2,9,0,9
S01009078,Families with dependent children: Youngest aged 12 to 18,20,16,13,13,0,3,1,2,4,1,3
S01009079,All families in households,243,183,146,140,6,37,32,5,60,7,53
S01009079,Families with no dependent children,157,132,108,105,3,24,24,0,25,5,20
S01009079,Families with dependent children: Total,86,51,38,35,3,13,8,5,35,2,33
S01009079,Families with dependent children: Youngest aged 0 to 4,30,20,12,12,0,8,7,1,10,1,9
S01009079,Families with dependent children: Youngest aged 5 to 11,35,20,16,13,3,4,1,3,15,1,14
S01009079,Families with dependent children: Youngest aged 12 to 18,21,11,10,10,0,1,0,1,10,0,10
S01009080,All families in households,291,208,177,165,12,31,25,6,83,13,70
S01009080,Families with no dependent children,181,154,135,130,5,19,16,3,27,6,21
S01009080,Families with dependent children: Total,110,54,42,35,7,12,9,3,56,7,49
S01009080,Families with dependent children: Youngest aged 0 to 4,33,15,9,8,1,6,5,1,18,0,18
S01009080,Families with dependent children: Youngest aged 5 to 11,40,21,17,15,2,4,2,2,19,4,15
S01009080,Families with dependent children: Youngest aged 12 to 18,37,18,16,12,4,2,2,0,19,3,16
S01009081,All families in households,208,180,147,144,3,33,30,3,28,2,26
S01009081,Families with no dependent children,143,126,101,100,1,25,25,0,17,1,16
S01009081,Families with dependent children: Total,65,54,46,44,2,8,5,3,11,1,10
S01009081,Families with dependent children: Youngest aged 0 to 4,21,17,14,14,0,3,3,0,4,1,3
S01009081,Families with dependent children: Youngest aged 5 to 11,23,20,16,14,2,4,2,2,3,0,3
S01009081,Families with dependent children: Youngest aged 12 to 18,21,17,16,16,0,1,0,1,4,0,4
S01009082,All families in households,285,215,176,162,14,39,32,7,70,10,60
S01009082,Families with no dependent children,162,134,114,110,4,20,20,0,28,4,24
S01009082,Families with dependent children: Total,123,81,62,52,10,19,12,7,42,6,36
S01009082,Families with dependent children: Youngest aged 0 to 4,34,21,13,10,3,8,5,3,13,1,12
S01009082,Families with dependent children: Youngest aged 5 to 11,49,33,23,20,3,10,7,3,16,4,12
S01009082,Families with dependent children: Youngest aged 12 to 18,40,27,26,22,4,1,0,1,13,1,12
S01009083,All families in households,248,194,157,150,7,37,29,8,54,7,47
S01009083,Families with no dependent children,151,135,110,107,3,25,22,3,16,4,12
S01009083,Families with dependent children: Total,97,59,47,43,4,12,7,5,38,3,35
S01009083,Families with dependent children: Youngest aged 0 to 4,33,20,13,11,2,7,4,3,13,1,12
S01009083,Families with dependent children: Youngest aged 5 to 11,43,25,22,20,2,3,1,2,18,0,18
S01009083,Families with dependent children: Youngest aged 12 to 18,21,14,12,12,0,2,2,0,7,2,5
S01009084,All families in households,148,132,107,105,2,25,22,3,16,2,14
S01009084,Families with no dependent children,68,64,49,49,0,15,14,1,4,0,4
S01009084,Families with dependent children: Total,80,68,58,56,2,10,8,2,12,2,10
S01009084,Families with dependent children: Youngest aged 0 to 4,30,27,23,21,2,4,4,0,3,0,3
S01009084,Families with dependent children: Youngest aged 5 to 11,33,27,25,25,0,2,0,2,6,1,5
S01009084,Families with dependent children: Youngest aged 12 to 18,17,14,10,10,0,4,4,0,3,1,2
S01009085,All families in households,241,228,185,174,11,43,34,9,13,0,13
S01009085,Families with no dependent children,85,83,64,61,3,19,17,2,2,0,2
S01009085,Families with dependent children: Total,156,145,121,113,8,24,17,7,11,0,11
S01009085,Families with dependent children: Youngest aged 0 to 4,79,74,58,56,2,16,12,4,5,0,5
S01009085,Families with dependent children: Youngest aged 5 to 11,52,48,44,40,4,4,3,1,4,0,4
S01009085,Families with dependent children: Youngest aged 12 to 18,25,23,19,17,2,4,2,2,2,0,2
S01009086,All families in households,231,180,149,138,11,31,24,7,51,7,44
S01009086,Families with no dependent children,129,111,95,92,3,16,15,1,18,5,13
S01009086,Families with dependent children: Total,102,69,54,46,8,15,9,6,33,2,31
S01009086,Families with dependent children: Youngest aged 0 to 4,44,33,26,23,3,7,5,2,11,0,11
S01009086,Families with dependent children: Youngest aged 5 to 11,32,19,16,15,1,3,2,1,13,2,11
S01009086,Families with dependent children: Youngest aged 12 to 18,26,17,12,8,4,5,2,3,9,0,9
S01009087,All families in households,178,135,108,104,4,27,19,8,43,6,37
S01009087,Families with no dependent children,106,91,77,76,1,14,12,2,15,5,10
S01009087,Families with dependent children: Total,72,44,31,28,3,13,7,6,28,1,27
S01009087,Families with dependent children: Youngest aged 0 to 4,23,17,12,12,0,5,5,0,6,0,6
S01009087,Families with dependent children: Youngest aged 5 to 11,21,10,8,8,0,2,1,1,11,1,10
S01009087,Families with dependent children: Youngest aged 12 to 18,28,17,11,8,3,6,1,5,11,0,11
S01009088,All families in households,321,290,256,240,16,34,22,12,31,10,21
S01009088,Families with no dependent children,207,187,171,167,4,16,14,2,20,9,11
S01009088,Families with dependent children: Total,114,103,85,73,12,18,8,10,11,1,10
S01009088,Families with dependent children: Youngest aged 0 to 4,42,38,32,31,1,6,4,2,4,0,4
S01009088,Families with dependent children: Youngest aged 5 to 11,37,33,25,19,6,8,3,5,4,0,4
S01009088,Families with dependent children: Youngest aged 12 to 18,35,32,28,23,5,4,1,3,3,1,2
S01009089,All families in households,284,267,237,220,17,30,25,5,17,4,13
S01009089,Families with no dependent children,101,96,84,79,5,12,12,0,5,2,3
S01009089,Families with dependent children: Total,183,171,153,141,12,18,13,5,12,2,10
S01009089,Families with dependent children: Youngest aged 0 to 4,76,73,62,58,4,11,9,2,3,0,3
S01009089,Families with dependent children: Youngest aged 5 to 11,66,62,59,52,7,3,2,1,4,0,4
S01009089,Families with dependent children: Youngest aged 12 to 18,41,36,32,31,1,4,2,2,5,2,3
S01009090,All families in households,240,223,139,138,1,84,77,7,17,4,13
S01009090,Families with no dependent children,130,128,66,65,1,62,62,0,2,0,2
S01009090,Families with dependent children: Total,110,95,73,73,0,22,15,7,15,4,11
S01009090,Families with dependent children: Youngest aged 0 to 4,64,60,46,46,0,14,10,4,4,0,4
S01009090,Families with dependent children: Youngest aged 5 to 11,36,25,20,20,0,5,4,1,11,4,7
S01009090,Families with dependent children: Youngest aged 12 to 18,10,10,7,7,0,3,1,2,0,0,0
S01009091,All families in households,201,186,164,151,13,22,20,2,15,1,14
S01009091,Families with no dependent children,64,61,48,46,2,13,13,0,3,0,3
S01009091,Families with dependent children: Total,137,125,116,105,11,9,7,2,12,1,11
S01009091,Families with dependent children: Youngest aged 0 to 4,41,39,34,31,3,5,5,0,2,1,1
S01009091,Families with dependent children: Youngest aged 5 to 11,64,59,55,50,5,4,2,2,5,0,5
S01009091,Families with dependent children: Youngest aged 12 to 18,32,27,27,24,3,0,0,0,5,0,5
S01009092,All families in households,331,281,228,220,8,53,47,6,50,5,45
S01009092,Families with no dependent children,204,190,155,151,4,35,34,1,14,3,11
S01009092,Families with dependent children: Total,127,91,73,69,4,18,13,5,36,2,34
S01009092,Families with dependent children: Youngest aged 0 to 4,51,37,26,25,1,11,9,2,14,0,14
S01009092,Families with dependent children: Youngest aged 5 to 11,30,22,20,18,2,2,1,1,8,1,7
S01009092,Families with dependent children: Youngest aged 12 to 18,46,32,27,26,1,5,3,2,14,1,13
S01009093,All families in households,243,171,116,112,4,55,50,5,72,5,67
S01009093,Families with no dependent children,120,103,76,74,2,27,27,0,17,3,14
S01009093,Families with dependent children: Total,123,68,40,38,2,28,23,5,55,2,53
S01009093,Families with dependent children: Youngest aged 0 to 4,60,36,15,14,1,21,19,2,24,0,24
S01009093,Families with dependent children: Youngest aged 5 to 11,32,18,13,12,1,5,2,3,14,0,14
S01009093,Families with dependent children: Youngest aged 12 to 18,31,14,12,12,0,2,2,0,17,2,15
S01009094,All families in households,234,219,207,203,4,12,12,0,15,2,13
S01009094,Families with no dependent children,165,160,152,151,1,8,8,0,5,1,4
S01009094,Families with dependent children: Total,69,59,55,52,3,4,4,0,10,1,9
S01009094,Families with dependent children: Youngest aged 0 to 4,21,20,17,15,2,3,3,0,1,0,1
S01009094,Families with dependent children: Youngest aged 5 to 11,29,24,23,22,1,1,1,0,5,1,4
S01009094,Families with dependent children: Youngest aged 12 to 18,19,15,15,15,0,0,0,0,4,0,4
S01009095,All families in households,222,201,173,167,6,28,22,6,21,6,15
S01009095,Families with no dependent children,138,131,114,110,4,17,17,0,7,1,6
S01009095,Families with dependent children: Total,84,70,59,57,2,11,5,6,14,5,9
S01009095,Families with dependent children: Youngest aged 0 to 4,16,14,11,10,1,3,3,0,2,0,2
S01009095,Families with dependent children: Youngest aged 5 to 11,38,31,27,27,0,4,2,2,7,4,3
S01009095,Families with dependent children: Youngest aged 12 to 18,30,25,21,20,1,4,0,4,5,1,4
S01009096,All families in households,277,243,187,178,9,56,47,9,34,3,31
S01009096,Families with no dependent children,127,120,85,82,3,35,32,3,7,2,5
S01009096,Families with dependent children: Total,150,123,102,96,6,21,15,6,27,1,26
S01009096,Families with dependent children: Youngest aged 0 to 4,85,72,58,56,2,14,12,2,13,0,13
S01009096,Families with dependent children: Youngest aged 5 to 11,31,27,25,23,2,2,1,1,4,1,3
S01009096,Families with dependent children: Youngest aged 12 to 18,34,24,19,17,2,5,2,3,10,0,10
S01009097,All families in households,270,253,211,206,5,42,34,8,17,1,16
S01009097,Families with no dependent children,132,126,106,104,2,20,19,1,6,0,6
S01009097,Families with dependent children: Total,138,127,105,102,3,22,15,7,11,1,10
S01009097,Families with dependent children: Youngest aged 0 to 4,55,55,41,41,0,14,11,3,0,0,0
S01009097,Families with dependent children: Youngest aged 5 to 11,43,38,34,34,0,4,2,2,5,0,5
S01009097,Families with dependent children: Youngest aged 12 to 18,40,34,30,27,3,4,2,2,6,1,5
S01009098,All families in households,165,159,142,140,2,17,15,2,6,0,6
S01009098,Families with no dependent children,106,104,95,95,0,9,8,1,2,0,2
S01009098,Families with dependent children: Total,59,55,47,45,2,8,7,1,4,0,4
S01009098,Families with dependent children: Youngest aged 0 to 4,18,17,14,13,1,3,3,0,1,0,1
S01009098,Families with dependent children: Youngest aged 5 to 11,22,20,17,17,0,3,3,0,2,0,2
S01009098,Families with dependent children: Youngest aged 12 to 18,19,18,16,15,1,2,1,1,1,0,1
S01009099,All families in households,209,181,151,145,6,30,23,7,28,4,24
S01009099,Families with no dependent children,137,125,108,106,2,17,14,3,12,3,9
S01009099,Families with dependent children: Total,72,56,43,39,4,13,9,4,16,1,15
S01009099,Families with dependent children: Youngest aged 0 to 4,21,16,11,10,1,5,4,1,5,0,5
S01009099,Families with dependent children: Youngest aged 5 to 11,29,24,20,19,1,4,3,1,5,0,5
S01009099,Families with dependent children: Youngest aged 12 to 18,22,16,12,10,2,4,2,2,6,1,5
S01009100,All families in households,205,136,104,98,6,32,24,8,69,16,53
S01009100,Families with no dependent children,110,90,73,71,2,17,16,1,20,8,12
S01009100,Families with dependent children: Total,95,46,31,27,4,15,8,7,49,8,41
S01009100,Families with dependent children: Youngest aged 0 to 4,45,26,16,15,1,10,7,3,19,1,18
S01009100,Families with dependent children: Youngest aged 5 to 11,26,10,6,5,1,4,1,3,16,2,14
S01009100,Families with dependent children: Youngest aged 12 to 18,24,10,9,7,2,1,0,1,14,5,9
S01009101,All families in households,281,218,179,167,12,39,31,8,63,3,60
S01009101,Families with no dependent children,173,148,128,122,6,20,18,2,25,1,24
S01009101,Families with dependent children: Total,108,70,51,45,6,19,13,6,38,2,36
S01009101,Families with dependent children: Youngest aged 0 to 4,38,25,18,14,4,7,6,1,13,0,13
S01009101,Families with dependent children: Youngest aged 5 to 11,42,25,20,19,1,5,3,2,17,0,17
S01009101,Families with dependent children: Youngest aged 12 to 18,28,20,13,12,1,7,4,3,8,2,6
S01009102,All families in households,246,151,109,100,9,42,30,12,95,12,83
S01009102,Families with no dependent children,108,77,68,67,1,9,8,1,31,7,24
S01009102,Families with dependent children: Total,138,74,41,33,8,33,22,11,64,5,59
S01009102,Families with dependent children: Youngest aged 0 to 4,58,35,13,10,3,22,18,4,23,0,23
S01009102,Families with dependent children: Youngest aged 5 to 11,41,22,14,12,2,8,3,5,19,0,19
S01009102,Families with dependent children: Youngest aged 12 to 18,39,17,14,11,3,3,1,2,22,5,17
S01009103,All families in households,182,166,151,145,6,15,14,1,16,1,15
S01009103,Families with no dependent children,116,111,102,100,2,9,9,0,5,0,5
S01009103,Families with dependent children: Total,66,55,49,45,4,6,5,1,11,1,10
S01009103,Families with dependent children: Youngest aged 0 to 4,17,15,12,11,1,3,3,0,2,0,2
S01009103,Families with dependent children: Youngest aged 5 to 11,16,14,13,12,1,1,1,0,2,0,2
S01009103,Families with dependent children: Youngest aged 12 to 18,33,26,24,22,2,2,1,1,7,1,6
S01009104,All families in households,242,195,153,141,12,42,38,4,47,4,43
S01009104,Families with no dependent children,145,130,108,103,5,22,22,0,15,3,12
S01009104,Families with dependent children: Total,97,65,45,38,7,20,16,4,32,1,31
S01009104,Families with dependent children: Youngest aged 0 to 4,34,27,16,15,1,11,10,1,7,0,7
S01009104,Families with dependent children: Youngest aged 5 to 11,30,20,14,11,3,6,4,2,10,0,10
S01009104,Families with dependent children: Youngest aged 12 to 18,33,18,15,12,3,3,2,1,15,1,14
S01009105,All families in households,241,195,157,151,6,38,32,6,46,5,41
S01009105,Families with no dependent children,135,116,97,95,2,19,19,0,19,4,15
S01009105,Families with dependent children: Total,106,79,60,56,4,19,13,6,27,1,26
S01009105,Families with dependent children: Youngest aged 0 to 4,32,25,16,15,1,9,9,0,7,0,7
S01009105,Families with dependent children: Youngest aged 5 to 11,40,27,22,22,0,5,2,3,13,0,13
S01009105,Families with dependent children: Youngest aged 12 to 18,34,27,22,19,3,5,2,3,7,1,6
S01009106,All families in households,171,143,106,103,3,37,29,8,28,4,24
S01009106,Families with no dependent children,105,92,71,70,1,21,19,2,13,2,11
S01009106,Families with dependent children: Total,66,51,35,33,2,16,10,6,15,2,13
S01009106,Families with dependent children: Youngest aged 0 to 4,30,26,16,16,0,10,5,5,4,0,4
S01009106,Families with dependent children: Youngest aged 5 to 11,24,17,13,13,0,4,4,0,7,2,5
S01009106,Families with dependent children: Youngest aged 12 to 18,12,8,6,4,2,2,1,1,4,0,4
S01009107,All families in households,267,240,189,180,9,51,41,10,27,2,25
S01009107,Families with no dependent children,150,141,114,110,4,27,26,1,9,2,7
S01009107,Families with dependent children: Total,117,99,75,70,5,24,15,9,18,0,18
S01009107,Families with dependent children: Youngest aged 0 to 4,46,42,27,25,2,15,12,3,4,0,4
S01009107,Families with dependent children: Youngest aged 5 to 11,38,30,25,24,1,5,3,2,8,0,8
S01009107,Families with dependent children: Youngest aged 12 to 18,33,27,23,21,2,4,0,4,6,0,6
S01009108,All families in households,232,212,182,176,6,30,24,6,20,5,15
S01009108,Families with no dependent children,162,153,137,135,2,16,13,3,9,4,5
S01009108,Families with dependent children: Total,70,59,45,41,4,14,11,3,11,1,10
S01009108,Families with dependent children: Youngest aged 0 to 4,29,25,16,15,1,9,8,1,4,0,4
S01009108,Families with dependent children: Youngest aged 5 to 11,20,17,14,13,1,3,2,1,3,0,3
S01009108,Families with dependent children: Youngest aged 12 to 18,21,17,15,13,2,2,1,1,4,1,3
S01009109,All families in households,222,206,194,190,4,12,11,1,16,5,11
S01009109,Families with no dependent children,139,133,125,122,3,8,8,0,6,2,4
S01009109,Families with dependent children: Total,83,73,69,68,1,4,3,1,10,3,7
S01009109,Families with dependent children: Youngest aged 0 to 4,14,14,12,12,0,2,2,0,0,0,0
S01009109,Families with dependent children: Youngest aged 5 to 11,31,26,25,25,0,1,1,0,5,2,3
S01009109,Families with dependent children: Youngest aged 12 to 18,38,33,32,31,1,1,0,1,5,1,4
S01009110,All families in households,186,158,133,126,7,25,16,9,28,1,27
S01009110,Families with no dependent children,116,102,89,87,2,13,11,2,14,1,13
S01009110,Families with dependent children: Total,70,56,44,39,5,12,5,7,14,0,14
S01009110,Families with dependent children: Youngest aged 0 to 4,30,25,19,17,2,6,5,1,5,0,5
S01009110,Families with dependent children: Youngest aged 5 to 11,22,16,15,13,2,1,0,1,6,0,6
S01009110,Families with dependent children: Youngest aged 12 to 18,18,15,10,9,1,5,0,5,3,0,3
S01009111,All families in households,250,209,171,162,9,38,33,5,41,6,35
S01009111,Families with no dependent children,137,127,106,103,3,21,20,1,10,2,8
S01009111,Families with dependent children: Total,113,82,65,59,6,17,13,4,31,4,27
S01009111,Families with dependent children: Youngest aged 0 to 4,44,37,28,26,2,9,8,1,7,1,6
S01009111,Families with dependent children: Youngest aged 5 to 11,29,17,11,10,1,6,3,3,12,1,11
S01009111,Families with dependent children: Youngest aged 12 to 18,40,28,26,23,3,2,2,0,12,2,10
S01009112,All families in households,181,171,155,149,6,16,15,1,10,5,5
S01009112,Families with no dependent children,117,111,100,97,3,11,11,0,6,4,2
S01009112,Families with dependent children: Total,64,60,55,52,3,5,4,1,4,1,3
S01009112,Families with dependent children: Youngest aged 0 to 4,18,18,15,15,0,3,3,0,0,0,0
S01009112,Families with dependent children: Youngest aged 5 to 11,22,18,17,14,3,1,1,0,4,1,3
S01009112,Families with dependent children: Youngest aged 12 to 18,24,24,23,23,0,1,0,1,0,0,0
S01009113,All families in households,264,236,200,194,6,36,31,5,28,8,20
S01009113,Families with no dependent children,163,154,132,131,1,22,22,0,9,2,7
S01009113,Families with dependent children: Total,101,82,68,63,5,14,9,5,19,6,13
S01009113,Families with dependent children: Youngest aged 0 to 4,20,18,13,11,2,5,4,1,2,0,2
S01009113,Families with dependent children: Youngest aged 5 to 11,42,35,29,27,2,6,3,3,7,0,7
S01009113,Families with dependent children: Youngest aged 12 to 18,39,29,26,25,1,3,2,1,10,6,4
S01009114,All families in households,231,190,169,162,7,21,20,1,41,7,34
S01009114,Families with no dependent children,113,101,83,82,1,18,18,0,12,3,9
S01009114,Families with dependent children: Total,118,89,86,80,6,3,2,1,29,4,25
S01009114,Families with dependent children: Youngest aged 0 to 4,32,24,23,23,0,1,1,0,8,2,6
S01009114,Families with dependent children: Youngest aged 5 to 11,43,32,31,30,1,1,1,0,11,0,11
S01009114,Families with dependent children: Youngest aged 12 to 18,43,33,32,27,5,1,0,1,10,2,8
S01009115,All families in households,173,144,110,99,11,34,28,6,29,3,26
S01009115,Families with no dependent children,89,83,61,58,3,22,21,1,6,1,5
S01009115,Families with dependent children: Total,84,61,49,41,8,12,7,5,23,2,21
S01009115,Families with dependent children: Youngest aged 0 to 4,33,24,17,15,2,7,6,1,9,0,9
S01009115,Families with dependent children: Youngest aged 5 to 11,21,11,11,8,3,0,0,0,10,1,9
S01009115,Families with dependent children: Youngest aged 12 to 18,30,26,21,18,3,5,1,4,4,1,3
S01009116,All families in households,156,140,128,125,3,12,8,4,16,2,14
S01009116,Families with no dependent children,109,100,90,88,2,10,8,2,9,1,8
S01009116,Families with dependent children: Total,47,40,38,37,1,2,0,2,7,1,6
S01009116,Families with dependent children: Youngest aged 0 to 4,11,7,7,6,1,0,0,0,4,1,3
S01009116,Families with dependent children: Youngest aged 5 to 11,16,13,13,13,0,0,0,0,3,0,3
S01009116,Families with dependent children: Youngest aged 12 to 18,20,20,18,18,0,2,0,2,0,0,0
S01009117,All families in households,254,199,150,144,6,49,41,8,55,6,49
S01009117,Families with no dependent children,119,110,80,80,0,30,29,1,9,0,9
S01009117,Families with dependent children: Total,135,89,70,64,6,19,12,7,46,6,40
S01009117,Families with dependent children: Youngest aged 0 to 4,50,39,27,26,1,12,9,3,11,1,10
S01009117,Families with dependent children: Youngest aged 5 to 11,44,26,22,20,2,4,3,1,18,4,14
S01009117,Families with dependent children: Youngest aged 12 to 18,41,24,21,18,3,3,0,3,17,1,16
S01009118,All families in households,187,175,150,141,9,25,20,5,12,0,12
S01009118,Families with no dependent children,79,78,65,64,1,13,11,2,1,0,1
S01009118,Families with dependent children: Total,108,97,85,77,8,12,9,3,11,0,11
S01009118,Families with dependent children: Youngest aged 0 to 4,31,30,23,22,1,7,5,2,1,0,1
S01009118,Families with dependent children: Youngest aged 5 to 11,40,33,30,29,1,3,3,0,7,0,7
S01009118,Families with dependent children: Youngest aged 12 to 18,37,34,32,26,6,2,1,1,3,0,3
S01009119,All families in households,218,172,141,132,9,31,21,10,46,12,34
S01009119,Families with no dependent children,124,109,97,94,3,12,11,1,15,3,12
S01009119,Families with dependent children: Total,94,63,44,38,6,19,10,9,31,9,22
S01009119,Families with dependent children: Youngest aged 0 to 4,34,29,19,17,2,10,5,5,5,0,5
S01009119,Families with dependent children: Youngest aged 5 to 11,28,16,11,10,1,5,3,2,12,2,10
S01009119,Families with dependent children: Youngest aged 12 to 18,32,18,14,11,3,4,2,2,14,7,7
S01009120,All families in households,161,120,98,92,6,22,18,4,41,11,30
S01009120,Families with no dependent children,97,77,64,62,2,13,11,2,20,8,12
S01009120,Families with dependent children: Total,64,43,34,30,4,9,7,2,21,3,18
S01009120,Families with dependent children: Youngest aged 0 to 4,22,19,11,11,0,8,7,1,3,0,3
S01009120,Families with dependent children: Youngest aged 5 to 11,26,12,11,8,3,1,0,1,14,2,12
S01009120,Families with dependent children: Youngest aged 12 to 18,16,12,12,11,1,0,0,0,4,1,3
S01009121,All families in households,252,203,151,141,10,52,47,5,49,7,42
S01009121,Families with no dependent children,162,144,109,106,3,35,32,3,18,6,12
S01009121,Families with dependent children: Total,90,59,42,35,7,17,15,2,31,1,30
S01009121,Families with dependent children: Youngest aged 0 to 4,38,30,19,16,3,11,9,2,8,0,8
S01009121,Families with dependent children: Youngest aged 5 to 11,27,15,11,10,1,4,4,0,12,1,11
S01009121,Families with dependent children: Youngest aged 12 to 18,25,14,12,9,3,2,2,0,11,0,11
S01009122,All families in households,284,233,191,180,11,42,35,7,51,10,41
S01009122,Families with no dependent children,190,165,138,131,7,27,25,2,25,8,17
S01009122,Families with dependent children: Total,94,68,53,49,4,15,10,5,26,2,24
S01009122,Families with dependent children: Youngest aged 0 to 4,38,28,20,19,1,8,7,1,10,0,10
S01009122,Families with dependent children: Youngest aged 5 to 11,28,20,18,17,1,2,1,1,8,0,8
S01009122,Families with dependent children: Youngest aged 12 to 18,28,20,15,13,2,5,2,3,8,2,6
S01009123,All families in households,183,158,126,123,3,32,28,4,25,4,21
S01009123,Families with no dependent children,82,74,56,55,1,18,18,0,8,2,6
S01009123,Families with dependent children: Total,101,84,70,68,2,14,10,4,17,2,15
S01009123,Families with dependent children: Youngest aged 0 to 4,35,30,21,21,0,9,8,1,5,1,4
S01009123,Families with dependent children: Youngest aged 5 to 11,40,33,31,31,0,2,2,0,7,0,7
S01009123,Families with dependent children: Youngest aged 12 to 18,26,21,18,16,2,3,0,3,5,1,4
S01009124,All families in households,179,149,121,116,5,28,26,2,30,7,23
S01009124,Families with no dependent children,76,73,55,52,3,18,18,0,3,1,2
S01009124,Families with dependent children: Total,103,76,66,64,2,10,8,2,27,6,21
S01009124,Families with dependent children: Youngest aged 0 to 4,45,37,29,28,1,8,8,0,8,1,7
S01009124,Families with dependent children: Youngest aged 5 to 11,45,34,33,32,1,1,0,1,11,3,8
S01009124,Families with dependent children: Youngest aged 12 to 18,13,5,4,4,0,1,0,1,8,2,6
S01009125,All families in households,216,174,149,145,4,25,19,6,42,6,36
S01009125,Families with no dependent children,146,127,114,112,2,13,12,1,19,4,15
S01009125,Families with dependent children: Total,70,47,35,33,2,12,7,5,23,2,21
S01009125,Families with dependent children: Youngest aged 0 to 4,25,18,11,11,0,7,6,1,7,0,7
S01009125,Families with dependent children: Youngest aged 5 to 11,24,14,12,11,1,2,0,2,10,1,9
S01009125,Families with dependent children: Youngest aged 12 to 18,21,15,12,11,1,3,1,2,6,1,5
S01009126,All families in households,158,96,68,62,6,28,23,5,62,7,55
S01009126,Families with no dependent children,64,49,37,37,0,12,12,0,15,3,12
S01009126,Families with dependent children: Total,94,47,31,25,6,16,11,5,47,4,43
S01009126,Families with dependent children: Youngest aged 0 to 4,42,23,12,11,1,11,10,1,19,0,19
S01009126,Families with dependent children: Youngest aged 5 to 11,28,11,7,5,2,4,1,3,17,3,14
S01009126,Families with dependent children: Youngest aged 12 to 18,24,13,12,9,3,1,0,1,11,1,10
S01009127,All families in households,177,109,73,68,5,36,29,7,68,10,58
S01009127,Families with no dependent children,66,56,41,38,3,15,12,3,10,2,8
S01009127,Families with dependent children: Total,111,53,32,30,2,21,17,4,58,8,50
S01009127,Families with dependent children: Youngest aged 0 to 4,53,35,17,16,1,18,15,3,18,2,16
S01009127,Families with dependent children: Youngest aged 5 to 11,32,11,10,9,1,1,0,1,21,4,17
S01009127,Families with dependent children: Youngest aged 12 to 18,26,7,5,5,0,2,2,0,19,2,17
S01009128,All families in households,205,135,93,89,4,42,37,5,70,7,63
S01009128,Families with no dependent children,112,96,66,66,0,30,27,3,16,4,12
S01009128,Families with dependent children: Total,93,39,27,23,4,12,10,2,54,3,51
S01009128,Families with dependent children: Youngest aged 0 to 4,43,18,7,7,0,11,10,1,25,1,24
S01009128,Families with dependent children: Youngest aged 5 to 11,26,10,9,7,2,1,0,1,16,0,16
S01009128,Families with dependent children: Youngest aged 12 to 18,24,11,11,9,2,0,0,0,13,2,11
S01009129,All families in households,131,92,70,65,5,22,19,3,39,3,36
S01009129,Families with no dependent children,70,56,44,42,2,12,9,3,14,1,13
S01009129,Families with dependent children: Total,61,36,26,23,3,10,10,0,25,2,23
S01009129,Families with dependent children: Youngest aged 0 to 4,24,13,8,7,1,5,5,0,11,0,11
S01009129,Families with dependent children: Youngest aged 5 to 11,15,6,5,3,2,1,1,0,9,0,9
S01009129,Families with dependent children: Youngest aged 12 to 18,22,17,13,13,0,4,4,0,5,2,3
S01009130,All families in households,190,152,108,103,5,44,39,5,38,3,35
S01009130,Families with no dependent children,87,77,50,48,2,27,25,2,10,2,8
S01009130,Families with dependent children: Total,103,75,58,55,3,17,14,3,28,1,27
S01009130,Families with dependent children: Youngest aged 0 to 4,57,39,25,22,3,14,13,1,18,1,17
S01009130,Families with dependent children: Youngest aged 5 to 11,29,23,22,22,0,1,1,0,6,0,6
S01009130,Families with dependent children: Youngest aged 12 to 18,17,13,11,11,0,2,0,2,4,0,4
S01009131,All families in households,139,102,71,70,1,31,26,5,37,10,27
S01009131,Families with no dependent children,81,72,53,52,1,19,19,0,9,2,7
S01009131,Families with dependent children: Total,58,30,18,18,0,12,7,5,28,8,20
S01009131,Families with dependent children: Youngest aged 0 to 4,25,12,6,6,0,6,4,2,13,3,10
S01009131,Families with dependent children: Youngest aged 5 to 11,16,9,4,4,0,5,2,3,7,0,7
S01009131,Families with dependent children: Youngest aged 12 to 18,17,9,8,8,0,1,1,0,8,5,3
S01009132,All families in households,257,216,171,167,4,45,39,6,41,4,37
S01009132,Families with no dependent children,129,121,95,95,0,26,26,0,8,3,5
S01009132,Families with dependent children: Total,128,95,76,72,4,19,13,6,33,1,32
S01009132,Families with dependent children: Youngest aged 0 to 4,49,35,24,24,0,11,10,1,14,0,14
S01009132,Families with dependent children: Youngest aged 5 to 11,49,38,33,30,3,5,3,2,11,0,11
S01009132,Families with dependent children: Youngest aged 12 to 18,30,22,19,18,1,3,0,3,8,1,7
S01009133,All families in households,161,122,76,72,4,46,39,7,39,7,32
S01009133,Families with no dependent children,93,81,54,53,1,27,25,2,12,3,9
S01009133,Families with dependent children: Total,68,41,22,19,3,19,14,5,27,4,23
S01009133,Families with dependent children: Youngest aged 0 to 4,29,20,9,9,0,11,10,1,9,0,9
S01009133,Families with dependent children: Youngest aged 5 to 11,20,11,5,4,1,6,2,4,9,1,8
S01009133,Families with dependent children: Youngest aged 12 to 18,19,10,8,6,2,2,2,0,9,3,6
S01009134,All families in households,290,242,187,176,11,55,55,0,48,5,43
S01009134,Families with no dependent children,178,157,120,118,2,37,37,0,21,3,18
S01009134,Families with dependent children: Total,112,85,67,58,9,18,18,0,27,2,25
S01009134,Families with dependent children: Youngest aged 0 to 4,45,34,22,22,0,12,12,0,11,0,11
S01009134,Families with dependent children: Youngest aged 5 to 11,36,25,22,18,4,3,3,0,11,0,11
S01009134,Families with dependent children: Youngest aged 12 to 18,31,26,23,18,5,3,3,0,5,2,3
S01009135,All families in households,148,130,93,91,2,37,32,5,18,1,17
S01009135,Families with no dependent children,70,64,37,36,1,27,26,1,6,0,6
S01009135,Families with dependent children: Total,78,66,56,55,1,10,6,4,12,1,11
S01009135,Families with dependent children: Youngest aged 0 to 4,25,21,17,17,0,4,4,0,4,1,3
S01009135,Families with dependent children: Youngest aged 5 to 11,28,22,17,16,1,5,2,3,6,0,6
S01009135,Families with dependent children: Youngest aged 12 to 18,25,23,22,22,0,1,0,1,2,0,2
S01009136,All families in households,199,182,146,141,5,36,31,5,17,3,14
S01009136,Families with no dependent children,95,90,70,67,3,20,20,0,5,2,3
S01009136,Families with dependent children: Total,104,92,76,74,2,16,11,5,12,1,11
S01009136,Families with dependent children: Youngest aged 0 to 4,42,39,27,27,0,12,10,2,3,0,3
S01009136,Families with dependent children: Youngest aged 5 to 11,33,28,26,26,0,2,1,1,5,1,4
S01009136,Families with dependent children: Youngest aged 12 to 18,29,25,23,21,2,2,0,2,4,0,4
S01009137,All families in households,188,173,139,131,8,34,25,9,15,3,12
S01009137,Families with no dependent children,78,74,53,53,0,21,18,3,4,3,1
S01009137,Families with dependent children: Total,110,99,86,78,8,13,7,6,11,0,11
S01009137,Families with dependent children: Youngest aged 0 to 4,50,47,39,38,1,8,7,1,3,0,3
S01009137,Families with dependent children: Youngest aged 5 to 11,37,30,28,24,4,2,0,2,7,0,7
S01009137,Families with dependent children: Youngest aged 12 to 18,23,22,19,16,3,3,0,3,1,0,1
S01009138,All families in households,255,232,186,178,8,46,42,4,23,6,17
S01009138,Families with no dependent children,151,141,112,111,1,29,28,1,10,2,8
S01009138,Families with dependent children: Total,104,91,74,67,7,17,14,3,13,4,9
S01009138,Families with dependent children: Youngest aged 0 to 4,43,41,30,29,1,11,11,0,2,1,1
S01009138,Families with dependent children: Youngest aged 5 to 11,25,23,21,19,2,2,2,0,2,0,2
S01009138,Families with dependent children: Youngest aged 12 to 18,36,27,23,19,4,4,1,3,9,3,6
S01009139,All families in households,109,74,43,43,0,31,26,5,35,5,30
S01009139,Families with no dependent children,62,53,34,34,0,19,18,1,9,2,7
S01009139,Families with dependent children: Total,47,21,9,9,0,12,8,4,26,3,23
S01009139,Families with dependent children: Youngest aged 0 to 4,19,12,5,5,0,7,5,2,7,0,7
S01009139,Families with dependent children: Youngest aged 5 to 11,12,4,1,1,0,3,3,0,8,0,8
S01009139,Families with dependent children: Youngest aged 12 to 18,16,5,3,3,0,2,0,2,11,3,8
S01009140,All families in households,186,148,104,98,6,44,42,2,38,7,31
S01009140,Families with no dependent children,119,107,75,75,0,32,30,2,12,3,9
S01009140,Families with dependent children: Total,67,41,29,23,6,12,12,0,26,4,22
S01009140,Families with dependent children: Youngest aged 0 to 4,26,21,11,10,1,10,10,0,5,0,5
S01009140,Families with dependent children: Youngest aged 5 to 11,23,14,13,8,5,1,1,0,9,1,8
S01009140,Families with dependent children: Youngest aged 12 to 18,18,6,5,5,0,1,1,0,12,3,9
S01009141,All families in households,188,147,97,93,4,50,46,4,41,2,39
S01009141,Families with no dependent children,114,99,59,59,0,40,38,2,15,1,14
S01009141,Families with dependent children: Total,74,48,38,34,4,10,8,2,26,1,25
S01009141,Families with dependent children: Youngest aged 0 to 4,33,26,21,17,4,5,4,1,7,0,7
S01009141,Families with dependent children: Youngest aged 5 to 11,29,17,12,12,0,5,4,1,12,0,12
S01009141,Families with dependent children: Youngest aged 12 to 18,12,5,5,5,0,0,0,0,7,1,6
S01009142,All families in households,130,111,76,74,2,35,35,0,19,4,15
S01009142,Families with no dependent children,90,84,56,55,1,28,28,0,6,1,5
S01009142,Families with dependent children: Total,40,27,20,19,1,7,7,0,13,3,10
S01009142,Families with dependent children: Youngest aged 0 to 4,10,7,3,3,0,4,4,0,3,0,3
S01009142,Families with dependent children: Youngest aged 5 to 11,13,10,9,9,0,1,1,0,3,1,2
S01009142,Families with dependent children: Youngest aged 12 to 18,17,10,8,7,1,2,2,0,7,2,5
S01009143,All families in households,163,111,77,72,5,34,29,5,52,4,48
S01009143,Families with no dependent children,89,75,57,57,0,18,16,2,14,1,13
S01009143,Families with dependent children: Total,74,36,20,15,5,16,13,3,38,3,35
S01009143,Families with dependent children: Youngest aged 0 to 4,26,15,5,4,1,10,9,1,11,1,10
S01009143,Families with dependent children: Youngest aged 5 to 11,24,8,6,4,2,2,1,1,16,0,16
S01009143,Families with dependent children: Youngest aged 12 to 18,24,13,9,7,2,4,3,1,11,2,9
S01009144,All families in households,210,179,111,107,4,68,63,5,31,6,25
S01009144,Families with no dependent children,124,117,68,68,0,49,49,0,7,3,4
S01009144,Families with dependent children: Total,86,62,43,39,4,19,14,5,24,3,21
S01009144,Families with dependent children: Youngest aged 0 to 4,45,33,20,17,3,13,10,3,12,1,11
S01009144,Families with dependent children: Youngest aged 5 to 11,22,14,13,13,0,1,1,0,8,0,8
S01009144,Families with dependent children: Youngest aged 12 to 18,19,15,10,9,1,5,3,2,4,2,2
S01009145,All families in households,333,270,224,211,13,46,38,8,63,9,54
S01009145,Families with no dependent children,209,188,164,162,2,24,22,2,21,3,18
S01009145,Families with dependent children: Total,124,82,60,49,11,22,16,6,42,6,36
S01009145,Families with dependent children: Youngest aged 0 to 4,55,38,23,20,3,15,12,3,17,2,15
S01009145,Families with dependent children: Youngest aged 5 to 11,38,23,17,13,4,6,3,3,15,4,11
S01009145,Families with dependent children: Youngest aged 12 to 18,31,21,20,16,4,1,1,0,10,0,10
S01009146,All families in households,260,197,144,131,13,53,42,11,63,9,54
S01009146,Families with no dependent children,148,128,98,97,1,30,26,4,20,4,16
S01009146,Families with dependent children: Total,112,69,46,34,12,23,16,7,43,5,38
S01009146,Families with dependent children: Youngest aged 0 to 4,52,35,19,18,1,16,10,6,17,1,16
S01009146,Families with dependent children: Youngest aged 5 to 11,37,23,19,10,9,4,3,1,14,1,13
S01009146,Families with dependent children: Youngest aged 12 to 18,23,11,8,6,2,3,3,0,12,3,9
S01009147,All families in households,253,169,127,114,13,42,31,11,84,12,72
S01009147,Families with no dependent children,133,106,87,82,5,19,16,3,27,10,17
S01009147,Families with dependent children: Total,120,63,40,32,8,23,15,8,57,2,55
S01009147,Families with dependent children: Youngest aged 0 to 4,52,28,15,13,2,13,11,2,24,1,23
S01009147,Families with dependent children: Youngest aged 5 to 11,45,24,16,11,5,8,3,5,21,1,20
S01009147,Families with dependent children: Youngest aged 12 to 18,23,11,9,8,1,2,1,1,12,0,12
S01009148,All families in households,211,161,126,117,9,35,30,5,50,7,43
S01009148,Families with no dependent children,117,103,91,87,4,12,12,0,14,6,8
S01009148,Families with dependent children: Total,94,58,35,30,5,23,18,5,36,1,35
S01009148,Families with dependent children: Youngest aged 0 to 4,28,13,5,4,1,8,7,1,15,0,15
S01009148,Families with dependent children: Youngest aged 5 to 11,32,25,15,13,2,10,8,2,7,0,7
S01009148,Families with dependent children: Youngest aged 12 to 18,34,20,15,13,2,5,3,2,14,1,13
S01009149,All families in households,243,216,168,162,6,48,46,2,27,4,23
S01009149,Families with no dependent children,157,148,112,111,1,36,35,1,9,1,8
S01009149,Families with dependent children: Total,86,68,56,51,5,12,11,1,18,3,15
S01009149,Families with dependent children: Youngest aged 0 to 4,35,32,25,22,3,7,7,0,3,0,3
S01009149,Families with dependent children: Youngest aged 5 to 11,28,21,17,15,2,4,3,1,7,1,6
S01009149,Families with dependent children: Youngest aged 12 to 18,23,15,14,14,0,1,1,0,8,2,6
S01009150,All families in households,160,143,134,134,0,9,9,0,17,0,17
S01009150,Families with no dependent children,158,141,134,134,0,7,7,0,17,0,17
S01009150,Families with dependent children: Total,2,2,0,0,0,2,2,0,0,0,0
S01009150,Families with dependent children: Youngest aged 0 to 4,1,1,0,0,0,1,1,0,0,0,0
S01009150,Families with dependent children: Youngest aged 5 to 11,1,1,0,0,0,1,1,0,0,0,0
S01009150,Families with dependent children: Youngest aged 12 to 18,0,0,0,0,0,0,0,0,0,0,0
S01009151,All families in households,240,202,162,159,3,40,36,4,38,10,28
S01009151,Families with no dependent children,165,146,118,116,2,28,28,0,19,7,12
S01009151,Families with dependent children: Total,75,56,44,43,1,12,8,4,19,3,16
S01009151,Families with dependent children: Youngest aged 0 to 4,33,28,18,17,1,10,7,3,5,2,3
S01009151,Families with dependent children: Youngest aged 5 to 11,27,20,18,18,0,2,1,1,7,0,7
S01009151,Families with dependent children: Youngest aged 12 to 18,15,8,8,8,0,0,0,0,7,1,6
S01009152,All families in households,156,124,88,88,0,36,33,3,32,9,23
S01009152,Families with no dependent children,125,111,80,80,0,31,30,1,14,4,10
S01009152,Families with dependent children: Total,31,13,8,8,0,5,3,2,18,5,13
S01009152,Families with dependent children: Youngest aged 0 to 4,19,10,6,6,0,4,3,1,9,0,9
S01009152,Families with dependent children: Youngest aged 5 to 11,4,1,1,1,0,0,0,0,3,0,3
S01009152,Families with dependent children: Youngest aged 12 to 18,8,2,1,1,0,1,0,1,6,5,1
S01009153,All families in households,126,112,78,76,2,34,32,2,14,5,9
S01009153,Families with no dependent children,96,88,61,59,2,27,26,1,8,4,4
S01009153,Families with dependent children: Total,30,24,17,17,0,7,6,1,6,1,5
S01009153,Families with dependent children: Youngest aged 0 to 4,20,17,12,12,0,5,4,1,3,1,2
S01009153,Families with dependent children: Youngest aged 5 to 11,4,3,2,2,0,1,1,0,1,0,1
S01009153,Families with dependent children: Youngest aged 12 to 18,6,4,3,3,0,1,1,0,2,0,2
S01009154,All families in households,251,242,197,192,5,45,43,2,9,0,9
S01009154,Families with no dependent children,172,168,139,138,1,29,28,1,4,0,4
S01009154,Families with dependent children: Total,79,74,58,54,4,16,15,1,5,0,5
S01009154,Families with dependent children: Youngest aged 0 to 4,33,33,23,21,2,10,10,0,0,0,0
S01009154,Families with dependent children: Youngest aged 5 to 11,30,26,20,20,0,6,5,1,4,0,4
S01009154,Families with dependent children: Youngest aged 12 to 18,16,15,15,13,2,0,0,0,1,0,1
S01009155,All families in households,167,147,118,115,3,29,28,1,20,4,16
S01009155,Families with no dependent children,101,90,68,67,1,22,22,0,11,3,8
S01009155,Families with dependent children: Total,66,57,50,48,2,7,6,1,9,1,8
S01009155,Families with dependent children: Youngest aged 0 to 4,22,20,15,14,1,5,5,0,2,0,2
S01009155,Families with dependent children: Youngest aged 5 to 11,30,25,24,24,0,1,1,0,5,1,4
S01009155,Families with dependent children: Youngest aged 12 to 18,14,12,11,10,1,1,0,1,2,0,2
S01009156,All families in households,169,151,134,129,5,17,15,2,18,1,17
S01009156,Families with no dependent children,108,101,90,89,1,11,10,1,7,1,6
S01009156,Families with dependent children: Total,61,50,44,40,4,6,5,1,11,0,11
S01009156,Families with dependent children: Youngest aged 0 to 4,20,17,14,12,2,3,2,1,3,0,3
S01009156,Families with dependent children: Youngest aged 5 to 11,21,16,13,12,1,3,3,0,5,0,5
S01009156,Families with dependent children: Youngest aged 12 to 18,20,17,17,16,1,0,0,0,3,0,3
S01009157,All families in households,255,198,168,159,9,30,22,8,57,7,50
S01009157,Families with no dependent children,145,126,112,110,2,14,13,1,19,2,17
S01009157,Families with dependent children: Total,110,72,56,49,7,16,9,7,38,5,33
S01009157,Families with dependent children: Youngest aged 0 to 4,35,28,20,17,3,8,6,2,7,0,7
S01009157,Families with dependent children: Youngest aged 5 to 11,38,23,17,17,0,6,3,3,15,1,14
S01009157,Families with dependent children: Youngest aged 12 to 18,37,21,19,15,4,2,0,2,16,4,12
S01009158,All families in households,178,138,93,86,7,45,41,4,40,5,35
S01009158,Families with no dependent children,106,97,68,63,5,29,29,0,9,3,6
S01009158,Families with dependent children: Total,72,41,25,23,2,16,12,4,31,2,29
S01009158,Families with dependent children: Youngest aged 0 to 4,28,21,14,13,1,7,6,1,7,1,6
S01009158,Families with dependent children: Youngest aged 5 to 11,27,12,5,5,0,7,5,2,15,1,14
S01009158,Families with dependent children: Youngest aged 12 to 18,17,8,6,5,1,2,1,1,9,0,9
S01009159,All families in households,148,80,55,50,5,25,21,4,68,4,64
S01009159,Families with no dependent children,74,53,40,38,2,13,13,0,21,2,19
S01009159,Families with dependent children: Total,74,27,15,12,3,12,8,4,47,2,45
S01009159,Families with dependent children: Youngest aged 0 to 4,30,11,5,4,1,6,5,1,19,1,18
S01009159,Families with dependent children: Youngest aged 5 to 11,23,8,5,3,2,3,2,1,15,0,15
S01009159,Families with dependent children: Youngest aged 12 to 18,21,8,5,5,0,3,1,2,13,1,12
S01009160,All families in households,181,144,98,95,3,46,41,5,37,7,30
S01009160,Families with no dependent children,119,110,74,74,0,36,34,2,9,3,6
S01009160,Families with dependent children: Total,62,34,24,21,3,10,7,3,28,4,24
S01009160,Families with dependent children: Youngest aged 0 to 4,33,18,11,10,1,7,7,0,15,2,13
S01009160,Families with dependent children: Youngest aged 5 to 11,17,8,6,5,1,2,0,2,9,1,8
S01009160,Families with dependent children: Youngest aged 12 to 18,12,8,7,6,1,1,0,1,4,1,3
S01009161,All families in households,180,121,83,80,3,38,34,4,59,11,48
S01009161,Families with no dependent children,104,86,62,62,0,24,22,2,18,6,12
S01009161,Families with dependent children: Total,76,35,21,18,3,14,12,2,41,5,36
S01009161,Families with dependent children: Youngest aged 0 to 4,34,21,9,8,1,12,10,2,13,1,12
S01009161,Families with dependent children: Youngest aged 5 to 11,25,7,5,4,1,2,2,0,18,3,15
S01009161,Families with dependent children: Youngest aged 12 to 18,17,7,7,6,1,0,0,0,10,1,9
S01009162,All families in households,174,144,94,91,3,50,46,4,30,7,23
S01009162,Families with no dependent children,124,112,77,75,2,35,34,1,12,5,7
S01009162,Families with dependent children: Total,50,32,17,16,1,15,12,3,18,2,16
S01009162,Families with dependent children: Youngest aged 0 to 4,24,18,8,7,1,10,9,1,6,2,4
S01009162,Families with dependent children: Youngest aged 5 to 11,12,9,4,4,0,5,3,2,3,0,3
S01009162,Families with dependent children: Youngest aged 12 to 18,14,5,5,5,0,0,0,0,9,0,9
S01009163,All families in households,133,112,85,85,0,27,23,4,21,2,19
S01009163,Families with no dependent children,94,87,65,65,0,22,19,3,7,1,6
S01009163,Families with dependent children: Total,39,25,20,20,0,5,4,1,14,1,13
S01009163,Families with dependent children: Youngest aged 0 to 4,19,12,9,9,0,3,2,1,7,0,7
S01009163,Families with dependent children: Youngest aged 5 to 11,7,3,2,2,0,1,1,0,4,1,3
S01009163,Families with dependent children: Youngest aged 12 to 18,13,10,9,9,0,1,1,0,3,0,3
S01009164,All families in households,233,181,140,133,7,41,32,9,52,11,41
S01009164,Families with no dependent children,127,108,94,92,2,14,12,2,19,4,15
S01009164,Families with dependent children: Total,106,73,46,41,5,27,20,7,33,7,26
S01009164,Families with dependent children: Youngest aged 0 to 4,35,23,12,10,2,11,11,0,12,2,10
S01009164,Families with dependent children: Youngest aged 5 to 11,34,21,13,12,1,8,6,2,13,2,11
S01009164,Families with dependent children: Youngest aged 12 to 18,37,29,21,19,2,8,3,5,8,3,5
S01009165,All families in households,212,149,108,104,4,41,32,9,63,13,50
S01009165,Families with no dependent children,130,103,77,76,1,26,23,3,27,8,19
S01009165,Families with dependent children: Total,82,46,31,28,3,15,9,6,36,5,31
S01009165,Families with dependent children: Youngest aged 0 to 4,32,16,7,5,2,9,5,4,16,2,14
S01009165,Families with dependent children: Youngest aged 5 to 11,31,20,15,14,1,5,4,1,11,2,9
S01009165,Families with dependent children: Youngest aged 12 to 18,19,10,9,9,0,1,0,1,9,1,8
S01009166,All families in households,244,166,113,106,7,53,46,7,78,14,64
S01009166,Families with no dependent children,140,111,78,76,2,33,32,1,29,9,20
S01009166,Families with dependent children: Total,104,55,35,30,5,20,14,6,49,5,44
S01009166,Families with dependent children: Youngest aged 0 to 4,48,22,12,10,2,10,7,3,26,0,26
S01009166,Families with dependent children: Youngest aged 5 to 11,26,17,12,10,2,5,4,1,9,2,7
S01009166,Families with dependent children: Youngest aged 12 to 18,30,16,11,10,1,5,3,2,14,3,11
S01009167,All families in households,164,115,92,84,8,23,18,5,49,5,44
S01009167,Families with no dependent children,93,71,61,59,2,10,8,2,22,4,18
S01009167,Families with dependent children: Total,71,44,31,25,6,13,10,3,27,1,26
S01009167,Families with dependent children: Youngest aged 0 to 4,24,17,12,11,1,5,3,2,7,0,7
S01009167,Families with dependent children: Youngest aged 5 to 11,23,10,6,4,2,4,3,1,13,1,12
S01009167,Families with dependent children: Youngest aged 12 to 18,24,17,13,10,3,4,4,0,7,0,7
S01009168,All families in households,199,183,166,161,5,17,15,2,16,4,12
S01009168,Families with no dependent children,144,134,122,117,5,12,12,0,10,1,9
S01009168,Families with dependent children: Total,55,49,44,44,0,5,3,2,6,3,3
S01009168,Families with dependent children: Youngest aged 0 to 4,14,13,10,10,0,3,3,0,1,0,1
S01009168,Families with dependent children: Youngest aged 5 to 11,21,18,18,18,0,0,0,0,3,2,1
S01009168,Families with dependent children: Youngest aged 12 to 18,20,18,16,16,0,2,0,2,2,1,1
S01009169,All families in households,203,155,132,129,3,23,21,2,48,4,44
S01009169,Families with no dependent children,147,124,109,106,3,15,14,1,23,2,21
S01009169,Families with dependent children: Total,56,31,23,23,0,8,7,1,25,2,23
S01009169,Families with dependent children: Youngest aged 0 to 4,20,12,9,9,0,3,3,0,8,1,7
S01009169,Families with dependent children: Youngest aged 5 to 11,24,10,7,7,0,3,2,1,14,1,13
S01009169,Families with dependent children: Youngest aged 12 to 18,12,9,7,7,0,2,2,0,3,0,3
S01009170,All families in households,211,162,119,114,5,43,31,12,49,3,46
S01009170,Families with no dependent children,113,99,77,74,3,22,21,1,14,3,11
S01009170,Families with dependent children: Total,98,63,42,40,2,21,10,11,35,0,35
S01009170,Families with dependent children: Youngest aged 0 to 4,32,19,13,12,1,6,5,1,13,0,13
S01009170,Families with dependent children: Youngest aged 5 to 11,34,23,14,13,1,9,4,5,11,0,11
S01009170,Families with dependent children: Youngest aged 12 to 18,32,21,15,15,0,6,1,5,11,0,11
S01009171,All families in households,197,153,112,106,6,41,29,12,44,9,35
S01009171,Families with no dependent children,102,89,69,66,3,20,19,1,13,7,6
S01009171,Families with dependent children: Total,95,64,43,40,3,21,10,11,31,2,29
S01009171,Families with dependent children: Youngest aged 0 to 4,39,28,16,16,0,12,6,6,11,0,11
S01009171,Families with dependent children: Youngest aged 5 to 11,24,18,12,11,1,6,4,2,6,1,5
S01009171,Families with dependent children: Youngest aged 12 to 18,32,18,15,13,2,3,0,3,14,1,13
S01009172,All families in households,203,197,165,161,4,32,28,4,6,0,6
S01009172,Families with no dependent children,127,123,105,104,1,18,16,2,4,0,4
S01009172,Families with dependent children: Total,76,74,60,57,3,14,12,2,2,0,2
S01009172,Families with dependent children: Youngest aged 0 to 4,27,27,22,21,1,5,5,0,0,0,0
S01009172,Families with dependent children: Youngest aged 5 to 11,32,31,23,21,2,8,6,2,1,0,1
S01009172,Families with dependent children: Youngest aged 12 to 18,17,16,15,15,0,1,1,0,1,0,1
S01009173,All families in households,255,227,205,201,4,22,16,6,28,5,23
S01009173,Families with no dependent children,161,151,134,134,0,17,14,3,10,2,8
S01009173,Families with dependent children: Total,94,76,71,67,4,5,2,3,18,3,15
S01009173,Families with dependent children: Youngest aged 0 to 4,38,33,31,29,2,2,2,0,5,0,5
S01009173,Families with dependent children: Youngest aged 5 to 11,26,20,19,19,0,1,0,1,6,1,5
S01009173,Families with dependent children: Youngest aged 12 to 18,30,23,21,19,2,2,0,2,7,2,5
S01009174,All families in households,147,142,124,119,5,18,16,2,5,1,4
S01009174,Families with no dependent children,52,50,39,37,2,11,11,0,2,1,1
S01009174,Families with dependent children: Total,95,92,85,82,3,7,5,2,3,0,3
S01009174,Families with dependent children: Youngest aged 0 to 4,52,52,50,49,1,2,2,0,0,0,0
S01009174,Families with dependent children: Youngest aged 5 to 11,24,24,22,20,2,2,1,1,0,0,0
S01009174,Families with dependent children: Youngest aged 12 to 18,19,16,13,13,0,3,2,1,3,0,3
S01009175,All families in households,260,236,212,207,5,24,22,2,24,2,22
S01009175,Families with no dependent children,122,118,103,103,0,15,15,0,4,1,3
S01009175,Families with dependent children: Total,138,118,109,104,5,9,7,2,20,1,19
S01009175,Families with dependent children: Youngest aged 0 to 4,50,42,38,36,2,4,3,1,8,0,8
S01009175,Families with dependent children: Youngest aged 5 to 11,54,45,41,39,2,4,3,1,9,1,8
S01009175,Families with dependent children: Youngest aged 12 to 18,34,31,30,29,1,1,1,0,3,0,3
S01009176,All families in households,307,287,264,261,3,23,18,5,20,2,18
S01009176,Families with no dependent children,188,176,162,161,1,14,14,0,12,1,11
S01009176,Families with dependent children: Total,119,111,102,100,2,9,4,5,8,1,7
S01009176,Families with dependent children: Youngest aged 0 to 4,50,50,43,43,0,7,3,4,0,0,0
S01009176,Families with dependent children: Youngest aged 5 to 11,37,34,33,33,0,1,1,0,3,0,3
S01009176,Families with dependent children: Youngest aged 12 to 18,32,27,26,24,2,1,0,1,5,1,4
S01009177,All families in households,253,176,138,129,9,38,32,6,77,7,70
S01009177,Families with no dependent children,139,121,100,97,3,21,21,0,18,4,14
S01009177,Families with dependent children: Total,114,55,38,32,6,17,11,6,59,3,56
S01009177,Families with dependent children: Youngest aged 0 to 4,45,25,13,11,2,12,11,1,20,2,18
S01009177,Families with dependent children: Youngest aged 5 to 11,38,12,10,9,1,2,0,2,26,0,26
S01009177,Families with dependent children: Youngest aged 12 to 18,31,18,15,12,3,3,0,3,13,1,12
S01009178,All families in households,223,143,105,94,11,38,32,6,80,8,72
S01009178,Families with no dependent children,103,85,65,61,4,20,18,2,18,6,12
S01009178,Families with dependent children: Total,120,58,40,33,7,18,14,4,62,2,60
S01009178,Families with dependent children: Youngest aged 0 to 4,47,32,20,18,2,12,11,1,15,0,15
S01009178,Families with dependent children: Youngest aged 5 to 11,43,17,12,9,3,5,3,2,26,1,25
S01009178,Families with dependent children: Youngest aged 12 to 18,30,9,8,6,2,1,0,1,21,1,20
S01009179,All families in households,212,164,144,139,5,20,16,4,48,4,44
S01009179,Families with no dependent children,122,107,100,99,1,7,7,0,15,3,12
S01009179,Families with dependent children: Total,90,57,44,40,4,13,9,4,33,1,32
S01009179,Families with dependent children: Youngest aged 0 to 4,32,20,13,10,3,7,5,2,12,1,11
S01009179,Families with dependent children: Youngest aged 5 to 11,33,23,18,18,0,5,3,2,10,0,10
S01009179,Families with dependent children: Youngest aged 12 to 18,25,14,13,12,1,1,1,0,11,0,11
S01009180,All families in households,298,229,189,181,8,40,28,12,69,11,58
S01009180,Families with no dependent children,175,150,128,124,4,22,20,2,25,6,19
S01009180,Families with dependent children: Total,123,79,61,57,4,18,8,10,44,5,39
S01009180,Families with dependent children: Youngest aged 0 to 4,53,39,28,27,1,11,5,6,14,0,14
S01009180,Families with dependent children: Youngest aged 5 to 11,39,24,19,17,2,5,3,2,15,2,13
S01009180,Families with dependent children: Youngest aged 12 to 18,31,16,14,13,1,2,0,2,15,3,12
S01009181,All families in households,259,209,173,163,10,36,23,13,50,3,47
S01009181,Families with no dependent children,145,137,115,113,2,22,16,6,8,2,6
S01009181,Families with dependent children: Total,114,72,58,50,8,14,7,7,42,1,41
S01009181,Families with dependent children: Youngest aged 0 to 4,35,26,20,19,1,6,3,3,9,0,9
S01009181,Families with dependent children: Youngest aged 5 to 11,35,22,18,16,2,4,3,1,13,1,12
S01009181,Families with dependent children: Youngest aged 12 to 18,44,24,20,15,5,4,1,3,20,0,20
S01009182,All families in households,313,266,226,216,10,40,39,1,47,6,41
S01009182,Families with no dependent children,172,157,131,128,3,26,25,1,15,3,12
S01009182,Families with dependent children: Total,141,109,95,88,7,14,14,0,32,3,29
S01009182,Families with dependent children: Youngest aged 0 to 4,38,33,25,23,2,8,8,0,5,0,5
S01009182,Families with dependent children: Youngest aged 5 to 11,54,38,35,32,3,3,3,0,16,0,16
S01009182,Families with dependent children: Youngest aged 12 to 18,49,38,35,33,2,3,3,0,11,3,8
S01009183,All families in households,231,208,181,168,13,27,17,10,23,5,18
S01009183,Families with no dependent children,136,129,112,107,5,17,15,2,7,2,5
S01009183,Families with dependent children: Total,95,79,69,61,8,10,2,8,16,3,13
S01009183,Families with dependent children: Youngest aged 0 to 4,29,28,25,23,2,3,2,1,1,0,1
S01009183,Families with dependent children: Youngest aged 5 to 11,34,25,24,21,3,1,0,1,9,2,7
S01009183,Families with dependent children: Youngest aged 12 to 18,32,26,20,17,3,6,0,6,6,1,5
S01009184,All families in households,268,217,167,159,8,50,44,6,51,11,40
S01009184,Families with no dependent children,157,144,117,112,5,27,26,1,13,4,9
S01009184,Families with dependent children: Total,111,73,50,47,3,23,18,5,38,7,31
S01009184,Families with dependent children: Youngest aged 0 to 4,39,30,16,16,0,14,12,2,9,0,9
S01009184,Families with dependent children: Youngest aged 5 to 11,43,25,18,16,2,7,5,2,18,5,13
S01009184,Families with dependent children: Youngest aged 12 to 18,29,18,16,15,1,2,1,1,11,2,9
S01009185,All families in households,255,200,167,153,14,33,23,10,55,7,48
S01009185,Families with no dependent children,142,126,109,102,7,17,15,2,16,6,10
S01009185,Families with dependent children: Total,113,74,58,51,7,16,8,8,39,1,38
S01009185,Families with dependent children: Youngest aged 0 to 4,46,27,19,17,2,8,6,2,19,0,19
S01009185,Families with dependent children: Youngest aged 5 to 11,31,22,18,15,3,4,1,3,9,1,8
S01009185,Families with dependent children: Youngest aged 12 to 18,36,25,21,19,2,4,1,3,11,0,11
S01009186,All families in households,244,203,171,165,6,32,24,8,41,4,37
S01009186,Families with no dependent children,150,131,116,113,3,15,13,2,19,4,15
S01009186,Families with dependent children: Total,94,72,55,52,3,17,11,6,22,0,22
S01009186,Families with dependent children: Youngest aged 0 to 4,33,27,20,18,2,7,6,1,6,0,6
S01009186,Families with dependent children: Youngest aged 5 to 11,34,26,20,19,1,6,2,4,8,0,8
S01009186,Families with dependent children: Youngest aged 12 to 18,27,19,15,15,0,4,3,1,8,0,8
S01009187,All families in households,161,146,124,119,5,22,18,4,15,2,13
S01009187,Families with no dependent children,102,98,84,82,2,14,13,1,4,1,3
S01009187,Families with dependent children: Total,59,48,40,37,3,8,5,3,11,1,10
S01009187,Families with dependent children: Youngest aged 0 to 4,20,18,15,14,1,3,3,0,2,0,2
S01009187,Families with dependent children: Youngest aged 5 to 11,24,18,13,11,2,5,2,3,6,1,5
S01009187,Families with dependent children: Youngest aged 12 to 18,15,12,12,12,0,0,0,0,3,0,3
S01009188,All families in households,277,222,175,164,11,47,42,5,55,2,53
S01009188,Families with no dependent children,168,151,127,122,5,24,24,0,17,2,15
S01009188,Families with dependent children: Total,109,71,48,42,6,23,18,5,38,0,38
S01009188,Families with dependent children: Youngest aged 0 to 4,36,22,11,9,2,11,11,0,14,0,14
S01009188,Families with dependent children: Youngest aged 5 to 11,39,29,24,21,3,5,3,2,10,0,10
S01009188,Families with dependent children: Youngest aged 12 to 18,34,20,13,12,1,7,4,3,14,0,14
S01009189,All families in households,224,177,141,129,12,36,30,6,47,5,42
S01009189,Families with no dependent children,126,110,94,90,4,16,15,1,16,4,12
S01009189,Families with dependent children: Total,98,67,47,39,8,20,15,5,31,1,30
S01009189,Families with dependent children: Youngest aged 0 to 4,44,30,17,13,4,13,10,3,14,0,14
S01009189,Families with dependent children: Youngest aged 5 to 11,32,20,17,16,1,3,3,0,12,1,11
S01009189,Families with dependent children: Youngest aged 12 to 18,22,17,13,10,3,4,2,2,5,0,5
S01009190,All families in households,253,234,192,183,9,42,35,7,19,1,18
S01009190,Families with no dependent children,136,132,108,104,4,24,24,0,4,1,3
S01009190,Families with dependent children: Total,117,102,84,79,5,18,11,7,15,0,15
S01009190,Families with dependent children: Youngest aged 0 to 4,48,44,35,33,2,9,7,2,4,0,4
S01009190,Families with dependent children: Youngest aged 5 to 11,39,33,27,24,3,6,4,2,6,0,6
S01009190,Families with dependent children: Youngest aged 12 to 18,30,25,22,22,0,3,0,3,5,0,5
S01009191,All families in households,211,192,175,164,11,17,11,6,19,2,17
S01009191,Families with no dependent children,64,60,55,51,4,5,5,0,4,0,4
S01009191,Families with dependent children: Total,147,132,120,113,7,12,6,6,15,2,13
S01009191,Families with dependent children: Youngest aged 0 to 4,71,68,65,63,2,3,1,2,3,0,3
S01009191,Families with dependent children: Youngest aged 5 to 11,43,37,32,29,3,5,3,2,6,2,4
S01009191,Families with dependent children: Youngest aged 12 to 18,33,27,23,21,2,4,2,2,6,0,6
S01009192,All families in households,204,184,156,152,4,28,23,5,20,3,17
S01009192,Families with no dependent children,123,118,100,99,1,18,17,1,5,2,3
S01009192,Families with dependent children: Total,81,66,56,53,3,10,6,4,15,1,14
S01009192,Families with dependent children: Youngest aged 0 to 4,24,23,18,17,1,5,4,1,1,0,1
S01009192,Families with dependent children: Youngest aged 5 to 11,27,21,17,16,1,4,1,3,6,0,6
S01009192,Families with dependent children: Youngest aged 12 to 18,30,22,21,20,1,1,1,0,8,1,7
S01009193,All families in households,95,91,62,61,1,29,25,4,4,0,4
S01009193,Families with no dependent children,49,48,28,28,0,20,19,1,1,0,1
S01009193,Families with dependent children: Total,46,43,34,33,1,9,6,3,3,0,3
S01009193,Families with dependent children: Youngest aged 0 to 4,26,25,19,19,0,6,4,2,1,0,1
S01009193,Families with dependent children: Youngest aged 5 to 11,10,9,7,6,1,2,2,0,1,0,1
S01009193,Families with dependent children: Youngest aged 12 to 18,10,9,8,8,0,1,0,1,1,0,1
S01009194,All families in households,271,248,228,224,4,20,15,5,23,3,20
S01009194,Families with no dependent children,179,171,159,158,1,12,10,2,8,2,6
S01009194,Families with dependent children: Total,92,77,69,66,3,8,5,3,15,1,14
S01009194,Families with dependent children: Youngest aged 0 to 4,18,16,13,13,0,3,3,0,2,0,2
S01009194,Families with dependent children: Youngest aged 5 to 11,34,27,24,24,0,3,2,1,7,1,6
S01009194,Families with dependent children: Youngest aged 12 to 18,40,34,32,29,3,2,0,2,6,0,6
S01009195,All families in households,263,242,195,190,5,47,42,5,21,2,19
S01009195,Families with no dependent children,123,118,93,92,1,25,25,0,5,1,4
S01009195,Families with dependent children: Total,140,124,102,98,4,22,17,5,16,1,15
S01009195,Families with dependent children: Youngest aged 0 to 4,75,69,53,51,2,16,15,1,6,1,5
S01009195,Families with dependent children: Youngest aged 5 to 11,41,34,32,31,1,2,1,1,7,0,7
S01009195,Families with dependent children: Youngest aged 12 to 18,24,21,17,16,1,4,1,3,3,0,3
S01009196,All families in households,208,171,145,141,4,26,18,8,37,8,29
S01009196,Families with no dependent children,126,110,98,94,4,12,10,2,16,4,12
S01009196,Families with dependent children: Total,82,61,47,47,0,14,8,6,21,4,17
S01009196,Families with dependent children: Youngest aged 0 to 4,30,23,17,17,0,6,4,2,7,0,7
S01009196,Families with dependent children: Youngest aged 5 to 11,19,14,10,10,0,4,3,1,5,1,4
S01009196,Families with dependent children: Youngest aged 12 to 18,33,24,20,20,0,4,1,3,9,3,6
S01009197,All families in households,329,296,254,243,11,42,36,6,33,1,32
S01009197,Families with no dependent children,171,162,136,132,4,26,23,3,9,0,9
S01009197,Families with dependent children: Total,158,134,118,111,7,16,13,3,24,1,23
S01009197,Families with dependent children: Youngest aged 0 to 4,63,59,52,49,3,7,7,0,4,0,4
S01009197,Families with dependent children: Youngest aged 5 to 11,67,52,43,40,3,9,6,3,15,1,14
S01009197,Families with dependent children: Youngest aged 12 to 18,28,23,23,22,1,0,0,0,5,0,5
S01009198,All families in households,234,207,180,173,7,27,23,4,27,6,21
S01009198,Families with no dependent children,145,133,114,112,2,19,19,0,12,5,7
S01009198,Families with dependent children: Total,89,74,66,61,5,8,4,4,15,1,14
S01009198,Families with dependent children: Youngest aged 0 to 4,31,30,24,23,1,6,4,2,1,0,1
S01009198,Families with dependent children: Youngest aged 5 to 11,26,19,19,18,1,0,0,0,7,1,6
S01009198,Families with dependent children: Youngest aged 12 to 18,32,25,23,20,3,2,0,2,7,0,7
S01009199,All families in households,187,160,137,132,5,23,18,5,27,1,26
S01009199,Families with no dependent children,102,88,73,72,1,15,12,3,14,1,13
S01009199,Families with dependent children: Total,85,72,64,60,4,8,6,2,13,0,13
S01009199,Families with dependent children: Youngest aged 0 to 4,26,23,16,15,1,7,6,1,3,0,3
S01009199,Families with dependent children: Youngest aged 5 to 11,39,36,35,32,3,1,0,1,3,0,3
S01009199,Families with dependent children: Youngest aged 12 to 18,20,13,13,13,0,0,0,0,7,0,7
S01009200,All families in households,359,325,286,278,8,39,32,7,34,4,30
S01009200,Families with no dependent children,191,185,164,162,2,21,21,0,6,1,5
S01009200,Families with dependent children: Total,168,140,122,116,6,18,11,7,28,3,25
S01009200,Families with dependent children: Youngest aged 0 to 4,83,75,63,59,4,12,10,2,8,1,7
S01009200,Families with dependent children: Youngest aged 5 to 11,44,32,27,26,1,5,1,4,12,0,12
S01009200,Families with dependent children: Youngest aged 12 to 18,41,33,32,31,1,1,0,1,8,2,6
S01009201,All families in households,198,151,124,121,3,27,20,7,47,8,39
S01009201,Families with no dependent children,107,95,81,78,3,14,13,1,12,4,8
S01009201,Families with dependent children: Total,91,56,43,43,0,13,7,6,35,4,31
S01009201,Families with dependent children: Youngest aged 0 to 4,36,27,20,20,0,7,6,1,9,0,9
S01009201,Families with dependent children: Youngest aged 5 to 11,25,15,10,10,0,5,0,5,10,1,9
S01009201,Families with dependent children: Youngest aged 12 to 18,30,14,13,13,0,1,1,0,16,3,13
S01009202,All families in households,161,152,135,128,7,17,15,2,9,1,8
S01009202,Families with no dependent children,83,82,73,70,3,9,9,0,1,0,1
S01009202,Families with dependent children: Total,78,70,62,58,4,8,6,2,8,1,7
S01009202,Families with dependent children: Youngest aged 0 to 4,26,25,20,19,1,5,5,0,1,0,1
S01009202,Families with dependent children: Youngest aged 5 to 11,31,26,25,25,0,1,0,1,5,1,4
S01009202,Families with dependent children: Youngest aged 12 to 18,21,19,17,14,3,2,1,1,2,0,2
S01009203,All families in households,189,133,105,95,10,28,24,4,56,11,45
S01009203,Families with no dependent children,105,88,75,73,2,13,13,0,17,6,11
S01009203,Families with dependent children: Total,84,45,30,22,8,15,11,4,39,5,34
S01009203,Families with dependent children: Youngest aged 0 to 4,39,25,16,11,5,9,7,2,14,0,14
S01009203,Families with dependent children: Youngest aged 5 to 11,23,12,8,6,2,4,2,2,11,2,9
S01009203,Families with dependent children: Youngest aged 12 to 18,22,8,6,5,1,2,2,0,14,3,11
S01009204,All families in households,281,202,166,157,9,36,31,5,79,10,69
S01009204,Families with no dependent children,147,124,99,98,1,25,24,1,23,9,14
S01009204,Families with dependent children: Total,134,78,67,59,8,11,7,4,56,1,55
S01009204,Families with dependent children: Youngest aged 0 to 4,42,30,26,24,2,4,3,1,12,0,12
S01009204,Families with dependent children: Youngest aged 5 to 11,58,32,26,23,3,6,3,3,26,1,25
S01009204,Families with dependent children: Youngest aged 12 to 18,34,16,15,12,3,1,1,0,18,0,18
S01009205,All families in households,218,200,173,167,6,27,25,2,18,10,8
S01009205,Families with no dependent children,149,140,119,116,3,21,20,1,9,6,3
S01009205,Families with dependent children: Total,69,60,54,51,3,6,5,1,9,4,5
S01009205,Families with dependent children: Youngest aged 0 to 4,28,26,21,19,2,5,4,1,2,1,1
S01009205,Families with dependent children: Youngest aged 5 to 11,16,13,12,12,0,1,1,0,3,1,2
S01009205,Families with dependent children: Youngest aged 12 to 18,25,21,21,20,1,0,0,0,4,2,2
S01009206,All families in households,253,234,191,186,5,43,36,7,19,3,16
S01009206,Families with no dependent children,162,151,117,115,2,34,32,2,11,3,8
S01009206,Families with dependent children: Total,91,83,74,71,3,9,4,5,8,0,8
S01009206,Families with dependent children: Youngest aged 0 to 4,31,30,29,28,1,1,1,0,1,0,1
S01009206,Families with dependent children: Youngest aged 5 to 11,28,22,18,17,1,4,2,2,6,0,6
S01009206,Families with dependent children: Youngest aged 12 to 18,32,31,27,26,1,4,1,3,1,0,1
S01009207,All families in households,253,239,218,215,3,21,20,1,14,1,13
S01009207,Families with no dependent children,199,192,175,175,0,17,17,0,7,1,6
S01009207,Families with dependent children: Total,54,47,43,40,3,4,3,1,7,0,7
S01009207,Families with dependent children: Youngest aged 0 to 4,16,16,15,14,1,1,1,0,0,0,0
S01009207,Families with dependent children: Youngest aged 5 to 11,18,14,12,11,1,2,1,1,4,0,4
S01009207,Families with dependent children: Youngest aged 12 to 18,20,17,16,15,1,1,1,0,3,0,3
S01009208,All families in households,188,171,159,155,4,12,10,2,17,1,16
S01009208,Families with no dependent children,125,118,111,108,3,7,7,0,7,1,6
S01009208,Families with dependent children: Total,63,53,48,47,1,5,3,2,10,0,10
S01009208,Families with dependent children: Youngest aged 0 to 4,24,20,17,17,0,3,3,0,4,0,4
S01009208,Families with dependent children: Youngest aged 5 to 11,16,12,12,12,0,0,0,0,4,0,4
S01009208,Families with dependent children: Youngest aged 12 to 18,23,21,19,18,1,2,0,2,2,0,2
S01009209,All families in households,181,163,136,134,2,27,23,4,18,3,15
S01009209,Families with no dependent children,133,127,107,107,0,20,20,0,6,2,4
S01009209,Families with dependent children: Total,48,36,29,27,2,7,3,4,12,1,11
S01009209,Families with dependent children: Youngest aged 0 to 4,15,14,9,8,1,5,3,2,1,0,1
S01009209,Families with dependent children: Youngest aged 5 to 11,14,10,9,9,0,1,0,1,4,0,4
S01009209,Families with dependent children: Youngest aged 12 to 18,19,12,11,10,1,1,0,1,7,1,6
S01009210,All families in households,190,171,151,145,6,20,18,2,19,3,16
S01009210,Families with no dependent children,128,118,102,98,4,16,14,2,10,2,8
S01009210,Families with dependent children: Total,62,53,49,47,2,4,4,0,9,1,8
S01009210,Families with dependent children: Youngest aged 0 to 4,25,21,19,19,0,2,2,0,4,0,4
S01009210,Families with dependent children: Youngest aged 5 to 11,27,24,22,20,2,2,2,0,3,0,3
S01009210,Families with dependent children: Youngest aged 12 to 18,10,8,8,8,0,0,0,0,2,1,1
S01009211,All families in households,192,155,112,109,3,43,33,10,37,7,30
S01009211,Families with no dependent children,104,97,74,74,0,23,22,1,7,3,4
S01009211,Families with dependent children: Total,88,58,38,35,3,20,11,9,30,4,26
S01009211,Families with dependent children: Youngest aged 0 to 4,35,28,15,13,2,13,9,4,7,0,7
S01009211,Families with dependent children: Youngest aged 5 to 11,22,13,10,10,0,3,1,2,9,0,9
S01009211,Families with dependent children: Youngest aged 12 to 18,31,17,13,12,1,4,1,3,14,4,10
S01009212,All families in households,259,205,165,154,11,40,34,6,54,5,49
S01009212,Families with no dependent children,169,149,127,124,3,22,19,3,20,4,16
S01009212,Families with dependent children: Total,90,56,38,30,8,18,15,3,34,1,33
S01009212,Families with dependent children: Youngest aged 0 to 4,39,27,14,10,4,13,12,1,12,1,11
S01009212,Families with dependent children: Youngest aged 5 to 11,28,20,17,14,3,3,3,0,8,0,8
S01009212,Families with dependent children: Youngest aged 12 to 18,23,9,7,6,1,2,0,2,14,0,14
S01009213,All families in households,242,185,136,129,7,49,43,6,57,9,48
S01009213,Families with no dependent children,132,110,87,84,3,23,23,0,22,6,16
S01009213,Families with dependent children: Total,110,75,49,45,4,26,20,6,35,3,32
S01009213,Families with dependent children: Youngest aged 0 to 4,51,38,20,19,1,18,16,2,13,0,13
S01009213,Families with dependent children: Youngest aged 5 to 11,27,18,13,12,1,5,1,4,9,2,7
S01009213,Families with dependent children: Youngest aged 12 to 18,32,19,16,14,2,3,3,0,13,1,12
S01009214,All families in households,309,267,236,224,12,31,26,5,42,7,35
S01009214,Families with no dependent children,185,169,152,148,4,17,16,1,16,7,9
S01009214,Families with dependent children: Total,124,98,84,76,8,14,10,4,26,0,26
S01009214,Families with dependent children: Youngest aged 0 to 4,48,43,35,32,3,8,7,1,5,0,5
S01009214,Families with dependent children: Youngest aged 5 to 11,43,34,31,27,4,3,2,1,9,0,9
S01009214,Families with dependent children: Youngest aged 12 to 18,33,21,18,17,1,3,1,2,12,0,12
S01009215,All families in households,273,220,174,166,8,46,37,9,53,16,37
S01009215,Families with no dependent children,163,142,119,116,3,23,22,1,21,5,16
S01009215,Families with dependent children: Total,110,78,55,50,5,23,15,8,32,11,21
S01009215,Families with dependent children: Youngest aged 0 to 4,37,30,15,14,1,15,12,3,7,0,7
S01009215,Families with dependent children: Youngest aged 5 to 11,45,31,24,21,3,7,3,4,14,6,8
S01009215,Families with dependent children: Youngest aged 12 to 18,28,17,16,15,1,1,0,1,11,5,6
S01009216,All families in households,280,220,180,174,6,40,32,8,60,6,54
S01009216,Families with no dependent children,186,156,133,132,1,23,20,3,30,3,27
S01009216,Families with dependent children: Total,94,64,47,42,5,17,12,5,30,3,27
S01009216,Families with dependent children: Youngest aged 0 to 4,29,23,14,12,2,9,8,1,6,0,6
S01009216,Families with dependent children: Youngest aged 5 to 11,35,19,14,12,2,5,3,2,16,2,14
S01009216,Families with dependent children: Youngest aged 12 to 18,30,22,19,18,1,3,1,2,8,1,7
S01009217,All families in households,188,116,83,79,4,33,28,5,72,6,66
S01009217,Families with no dependent children,95,78,63,62,1,15,14,1,17,2,15
S01009217,Families with dependent children: Total,93,38,20,17,3,18,14,4,55,4,51
S01009217,Families with dependent children: Youngest aged 0 to 4,33,15,8,8,0,7,7,0,18,1,17
S01009217,Families with dependent children: Youngest aged 5 to 11,41,19,9,7,2,10,6,4,22,0,22
S01009217,Families with dependent children: Youngest aged 12 to 18,19,4,3,2,1,1,1,0,15,3,12
S01009218,All families in households,259,222,189,182,7,33,30,3,37,6,31
S01009218,Families with no dependent children,180,160,140,137,3,20,20,0,20,2,18
S01009218,Families with dependent children: Total,79,62,49,45,4,13,10,3,17,4,13
S01009218,Families with dependent children: Youngest aged 0 to 4,22,17,12,12,0,5,5,0,5,1,4
S01009218,Families with dependent children: Youngest aged 5 to 11,30,23,17,14,3,6,4,2,7,2,5
S01009218,Families with dependent children: Youngest aged 12 to 18,27,22,20,19,1,2,1,1,5,1,4
S01009219,All families in households,184,148,116,113,3,32,22,10,36,4,32
S01009219,Families with no dependent children,119,105,82,80,2,23,20,3,14,3,11
S01009219,Families with dependent children: Total,65,43,34,33,1,9,2,7,22,1,21
S01009219,Families with dependent children: Youngest aged 0 to 4,21,13,10,10,0,3,1,2,8,0,8
S01009219,Families with dependent children: Youngest aged 5 to 11,18,12,10,9,1,2,1,1,6,1,5
S01009219,Families with dependent children: Youngest aged 12 to 18,26,18,14,14,0,4,0,4,8,0,8
S01009220,All families in households,179,123,99,98,1,24,20,4,56,5,51
S01009220,Families with no dependent children,108,88,76,76,0,12,12,0,20,4,16
S01009220,Families with dependent children: Total,71,35,23,22,1,12,8,4,36,1,35
S01009220,Families with dependent children: Youngest aged 0 to 4,27,14,8,7,1,6,6,0,13,0,13
S01009220,Families with dependent children: Youngest aged 5 to 11,26,12,6,6,0,6,2,4,14,1,13
S01009220,Families with dependent children: Youngest aged 12 to 18,18,9,9,9,0,0,0,0,9,0,9
S01009221,All families in households,172,143,107,103,4,36,28,8,29,8,21
S01009221,Families with no dependent children,103,94,79,77,2,15,14,1,9,5,4
S01009221,Families with dependent children: Total,69,49,28,26,2,21,14,7,20,3,17
S01009221,Families with dependent children: Youngest aged 0 to 4,38,28,14,13,1,14,10,4,10,0,10
S01009221,Families with dependent children: Youngest aged 5 to 11,18,11,7,7,0,4,2,2,7,2,5
S01009221,Families with dependent children: Youngest aged 12 to 18,13,10,7,6,1,3,2,1,3,1,2
S01009222,All families in households,155,112,91,82,9,21,18,3,43,4,39
S01009222,Families with no dependent children,77,71,59,55,4,12,11,1,6,2,4
S01009222,Families with dependent children: Total,78,41,32,27,5,9,7,2,37,2,35
S01009222,Families with dependent children: Youngest aged 0 to 4,35,19,12,10,2,7,6,1,16,0,16
S01009222,Families with dependent children: Youngest aged 5 to 11,24,10,10,9,1,0,0,0,14,1,13
S01009222,Families with dependent children: Youngest aged 12 to 18,19,12,10,8,2,2,1,1,7,1,6
S01009223,All families in households,169,137,118,112,6,19,15,4,32,2,30
S01009223,Families with no dependent children,106,89,78,77,1,11,10,1,17,2,15
S01009223,Families with dependent children: Total,63,48,40,35,5,8,5,3,15,0,15
S01009223,Families with dependent children: Youngest aged 0 to 4,25,20,15,13,2,5,4,1,5,0,5
S01009223,Families with dependent children: Youngest aged 5 to 11,17,12,10,8,2,2,1,1,5,0,5
S01009223,Families with dependent children: Youngest aged 12 to 18,21,16,15,14,1,1,0,1,5,0,5
S01009224,All families in households,187,143,99,92,7,44,41,3,44,5,39
S01009224,Families with no dependent children,110,89,65,63,2,24,22,2,21,5,16
S01009224,Families with dependent children: Total,77,54,34,29,5,20,19,1,23,0,23
S01009224,Families with dependent children: Youngest aged 0 to 4,36,25,11,9,2,14,14,0,11,0,11
S01009224,Families with dependent children: Youngest aged 5 to 11,22,15,12,11,1,3,3,0,7,0,7
S01009224,Families with dependent children: Youngest aged 12 to 18,19,14,11,9,2,3,2,1,5,0,5
S01009225,All families in households,159,132,103,97,6,29,22,7,27,2,25
S01009225,Families with no dependent children,103,90,76,72,4,14,13,1,13,0,13
S01009225,Families with dependent children: Total,56,42,27,25,2,15,9,6,14,2,12
S01009225,Families with dependent children: Youngest aged 0 to 4,28,23,13,13,0,10,8,2,5,1,4
S01009225,Families with dependent children: Youngest aged 5 to 11,11,7,4,3,1,3,1,2,4,0,4
S01009225,Families with dependent children: Youngest aged 12 to 18,17,12,10,9,1,2,0,2,5,1,4
S01009226,All families in households,257,212,155,150,5,57,51,6,45,8,37
S01009226,Families with no dependent children,167,148,117,114,3,31,31,0,19,5,14
S01009226,Families with dependent children: Total,90,64,38,36,2,26,20,6,26,3,23
S01009226,Families with dependent children: Youngest aged 0 to 4,45,38,19,19,0,19,18,1,7,0,7
S01009226,Families with dependent children: Youngest aged 5 to 11,24,15,10,9,1,5,2,3,9,1,8
S01009226,Families with dependent children: Youngest aged 12 to 18,21,11,9,8,1,2,0,2,10,2,8
S01009227,All families in households,151,129,104,101,3,25,23,2,22,2,20
S01009227,Families with no dependent children,106,99,79,78,1,20,20,0,7,1,6
S01009227,Families with dependent children: Total,45,30,25,23,2,5,3,2,15,1,14
S01009227,Families with dependent children: Youngest aged 0 to 4,22,14,9,8,1,5,3,2,8,0,8
S01009227,Families with dependent children: Youngest aged 5 to 11,13,10,10,10,0,0,0,0,3,0,3
S01009227,Families with dependent children: Youngest aged 12 to 18,10,6,6,5,1,0,0,0,4,1,3
S01009228,All families in households,163,128,93,88,5,35,30,5,35,6,29
S01009228,Families with no dependent children,95,82,63,63,0,19,17,2,13,2,11
S01009228,Families with dependent children: Total,68,46,30,25,5,16,13,3,22,4,18
S01009228,Families with dependent children: Youngest aged 0 to 4,31,25,9,8,1,16,13,3,6,3,3
S01009228,Families with dependent children: Youngest aged 5 to 11,19,11,11,8,3,0,0,0,8,1,7
S01009228,Families with dependent children: Youngest aged 12 to 18,18,10,10,9,1,0,0,0,8,0,8
S01009229,All families in households,167,136,117,113,4,19,18,1,31,5,26
S01009229,Families with no dependent children,101,92,81,79,2,11,11,0,9,2,7
S01009229,Families with dependent children: Total,66,44,36,34,2,8,7,1,22,3,19
S01009229,Families with dependent children: Youngest aged 0 to 4,23,16,11,11,0,5,5,0,7,1,6
S01009229,Families with dependent children: Youngest aged 5 to 11,23,16,14,14,0,2,2,0,7,1,6
S01009229,Families with dependent children: Youngest aged 12 to 18,20,12,11,9,2,1,0,1,8,1,7
S01009230,All families in households,152,128,86,85,1,42,41,1,24,2,22
S01009230,Families with no dependent children,91,86,54,54,0,32,32,0,5,1,4
S01009230,Families with dependent children: Total,61,42,32,31,1,10,9,1,19,1,18
S01009230,Families with dependent children: Youngest aged 0 to 4,27,20,13,12,1,7,6,1,7,0,7
S01009230,Families with dependent children: Youngest aged 5 to 11,21,18,15,15,0,3,3,0,3,0,3
S01009230,Families with dependent children: Youngest aged 12 to 18,13,4,4,4,0,0,0,0,9,1,8
S01009231,All families in households,301,258,208,205,3,50,45,5,43,3,40
S01009231,Families with no dependent children,193,175,146,145,1,29,28,1,18,1,17
S01009231,Families with dependent children: Total,108,83,62,60,2,21,17,4,25,2,23
S01009231,Families with dependent children: Youngest aged 0 to 4,29,25,14,13,1,11,11,0,4,0,4
S01009231,Families with dependent children: Youngest aged 5 to 11,44,33,28,28,0,5,2,3,11,1,10
S01009231,Families with dependent children: Youngest aged 12 to 18,35,25,20,19,1,5,4,1,10,1,9
S01009232,All families in households,150,93,59,56,3,34,27,7,57,7,50
S01009232,Families with no dependent children,64,57,41,41,0,16,14,2,7,3,4
S01009232,Families with dependent children: Total,86,36,18,15,3,18,13,5,50,4,46
S01009232,Families with dependent children: Youngest aged 0 to 4,46,20,8,7,1,12,10,2,26,0,26
S01009232,Families with dependent children: Youngest aged 5 to 11,23,8,4,3,1,4,3,1,15,2,13
S01009232,Families with dependent children: Youngest aged 12 to 18,17,8,6,5,1,2,0,2,9,2,7
S01009233,All families in households,165,140,120,115,5,20,14,6,25,7,18
S01009233,Families with no dependent children,115,99,89,87,2,10,8,2,16,4,12
S01009233,Families with dependent children: Total,50,41,31,28,3,10,6,4,9,3,6
S01009233,Families with dependent children: Youngest aged 0 to 4,17,16,11,10,1,5,4,1,1,0,1
S01009233,Families with dependent children: Youngest aged 5 to 11,16,14,12,11,1,2,0,2,2,0,2
S01009233,Families with dependent children: Youngest aged 12 to 18,17,11,8,7,1,3,2,1,6,3,3
S01009234,All families in households,292,192,121,112,9,71,60,11,100,12,88
S01009234,Families with no dependent children,117,98,73,70,3,25,23,2,19,3,16
S01009234,Families with dependent children: Total,175,94,48,42,6,46,37,9,81,9,72
S01009234,Families with dependent children: Youngest aged 0 to 4,87,52,22,16,6,30,27,3,35,3,32
S01009234,Families with dependent children: Youngest aged 5 to 11,32,16,8,8,0,8,7,1,16,3,13
S01009234,Families with dependent children: Youngest aged 12 to 18,56,26,18,18,0,8,3,5,30,3,27
S01009235,All families in households,277,208,155,145,10,53,42,11,69,13,56
S01009235,Families with no dependent children,159,142,111,107,4,31,29,2,17,5,12
S01009235,Families with dependent children: Total,118,66,44,38,6,22,13,9,52,8,44
S01009235,Families with dependent children: Youngest aged 0 to 4,36,23,12,9,3,11,7,4,13,1,12
S01009235,Families with dependent children: Youngest aged 5 to 11,41,20,16,15,1,4,3,1,21,2,19
S01009235,Families with dependent children: Youngest aged 12 to 18,41,23,16,14,2,7,3,4,18,5,13
S01009236,All families in households,159,132,117,117,0,15,14,1,27,3,24
S01009236,Families with no dependent children,115,98,85,85,0,13,12,1,17,2,15
S01009236,Families with dependent children: Total,44,34,32,32,0,2,2,0,10,1,9
S01009236,Families with dependent children: Youngest aged 0 to 4,16,15,13,13,0,2,2,0,1,0,1
S01009236,Families with dependent children: Youngest aged 5 to 11,15,10,10,10,0,0,0,0,5,1,4
S01009236,Families with dependent children: Youngest aged 12 to 18,13,9,9,9,0,0,0,0,4,0,4
S01009237,All families in households,259,228,193,191,2,35,27,8,31,4,27
S01009237,Families with no dependent children,174,150,127,126,1,23,23,0,24,3,21
S01009237,Families with dependent children: Total,85,78,66,65,1,12,4,8,7,1,6
S01009237,Families with dependent children: Youngest aged 0 to 4,22,20,13,13,0,7,4,3,2,0,2
S01009237,Families with dependent children: Youngest aged 5 to 11,30,29,27,27,0,2,0,2,1,0,1
S01009237,Families with dependent children: Youngest aged 12 to 18,33,29,26,25,1,3,0,3,4,1,3
S01009238,All families in households,235,187,154,151,3,33,27,6,48,5,43
S01009238,Families with no dependent children,152,135,114,114,0,21,19,2,17,2,15
S01009238,Families with dependent children: Total,83,52,40,37,3,12,8,4,31,3,28
S01009238,Families with dependent children: Youngest aged 0 to 4,30,15,10,9,1,5,3,2,15,0,15
S01009238,Families with dependent children: Youngest aged 5 to 11,29,20,16,16,0,4,3,1,9,1,8
S01009238,Families with dependent children: Youngest aged 12 to 18,24,17,14,12,2,3,2,1,7,2,5
S01009239,All families in households,247,185,135,127,8,50,43,7,62,11,51
S01009239,Families with no dependent children,131,107,80,79,1,27,27,0,24,5,19
S01009239,Families with dependent children: Total,116,78,55,48,7,23,16,7,38,6,32
S01009239,Families with dependent children: Youngest aged 0 to 4,51,35,20,16,4,15,12,3,16,0,16
S01009239,Families with dependent children: Youngest aged 5 to 11,32,24,19,18,1,5,3,2,8,2,6
S01009239,Families with dependent children: Youngest aged 12 to 18,33,19,16,14,2,3,1,2,14,4,10
S01009240,All families in households,158,95,51,49,2,44,38,6,63,9,54
S01009240,Families with no dependent children,67,53,33,32,1,20,20,0,14,5,9
S01009240,Families with dependent children: Total,91,42,18,17,1,24,18,6,49,4,45
S01009240,Families with dependent children: Youngest aged 0 to 4,45,23,8,8,0,15,13,2,22,1,21
S01009240,Families with dependent children: Youngest aged 5 to 11,31,13,6,5,1,7,4,3,18,0,18
S01009240,Families with dependent children: Youngest aged 12 to 18,15,6,4,4,0,2,1,1,9,3,6
S01009241,All families in households,249,166,131,118,13,35,25,10,83,8,75
S01009241,Families with no dependent children,122,101,85,81,4,16,13,3,21,4,17
S01009241,Families with dependent children: Total,127,65,46,37,9,19,12,7,62,4,58
S01009241,Families with dependent children: Youngest aged 0 to 4,55,27,12,9,3,15,11,4,28,1,27
S01009241,Families with dependent children: Youngest aged 5 to 11,40,22,18,14,4,4,1,3,18,2,16
S01009241,Families with dependent children: Youngest aged 12 to 18,32,16,16,14,2,0,0,0,16,1,15
S01009242,All families in households,225,210,190,185,5,20,17,3,15,2,13
S01009242,Families with no dependent children,157,147,134,131,3,13,13,0,10,2,8
S01009242,Families with dependent children: Total,68,63,56,54,2,7,4,3,5,0,5
S01009242,Families with dependent children: Youngest aged 0 to 4,20,18,14,13,1,4,4,0,2,0,2
S01009242,Families with dependent children: Youngest aged 5 to 11,21,19,18,17,1,1,0,1,2,0,2
S01009242,Families with dependent children: Youngest aged 12 to 18,27,26,24,24,0,2,0,2,1,0,1
S01009243,All families in households,306,255,207,194,13,48,33,15,51,6,45
S01009243,Families with no dependent children,172,158,135,132,3,23,20,3,14,5,9
S01009243,Families with dependent children: Total,134,97,72,62,10,25,13,12,37,1,36
S01009243,Families with dependent children: Youngest aged 0 to 4,60,46,31,26,5,15,11,4,14,0,14
S01009243,Families with dependent children: Youngest aged 5 to 11,49,35,28,25,3,7,2,5,14,1,13
S01009243,Families with dependent children: Youngest aged 12 to 18,25,16,13,11,2,3,0,3,9,0,9
S01009244,All families in households,271,259,239,230,9,20,16,4,12,0,12
S01009244,Families with no dependent children,190,184,170,163,7,14,12,2,6,0,6
S01009244,Families with dependent children: Total,81,75,69,67,2,6,4,2,6,0,6
S01009244,Families with dependent children: Youngest aged 0 to 4,24,22,18,18,0,4,2,2,2,0,2
S01009244,Families with dependent children: Youngest aged 5 to 11,31,27,26,25,1,1,1,0,4,0,4
S01009244,Families with dependent children: Youngest aged 12 to 18,26,26,25,24,1,1,1,0,0,0,0
S01009245,All families in households,265,243,200,196,4,43,33,10,22,4,18
S01009245,Families with no dependent children,173,164,136,135,1,28,24,4,9,2,7
S01009245,Families with dependent children: Total,92,79,64,61,3,15,9,6,13,2,11
S01009245,Families with dependent children: Youngest aged 0 to 4,34,28,21,20,1,7,5,2,6,0,6
S01009245,Families with dependent children: Youngest aged 5 to 11,23,20,15,14,1,5,3,2,3,2,1
S01009245,Families with dependent children: Youngest aged 12 to 18,35,31,28,27,1,3,1,2,4,0,4
S01009246,All families in households,240,196,165,162,3,31,29,2,44,6,38
S01009246,Families with no dependent children,149,133,116,115,1,17,17,0,16,3,13
S01009246,Families with dependent children: Total,91,63,49,47,2,14,12,2,28,3,25
S01009246,Families with dependent children: Youngest aged 0 to 4,35,27,20,19,1,7,6,1,8,1,7
S01009246,Families with dependent children: Youngest aged 5 to 11,27,18,12,12,0,6,5,1,9,1,8
S01009246,Families with dependent children: Youngest aged 12 to 18,29,18,17,16,1,1,1,0,11,1,10
S01009247,All families in households,330,260,201,190,11,59,49,10,70,7,63
S01009247,Families with no dependent children,196,177,145,141,4,32,30,2,19,4,15
S01009247,Families with dependent children: Total,134,83,56,49,7,27,19,8,51,3,48
S01009247,Families with dependent children: Youngest aged 0 to 4,52,30,14,12,2,16,14,2,22,1,21
S01009247,Families with dependent children: Youngest aged 5 to 11,39,25,22,20,2,3,0,3,14,0,14
S01009247,Families with dependent children: Youngest aged 12 to 18,43,28,20,17,3,8,5,3,15,2,13
S01009248,All families in households,228,190,177,174,3,13,10,3,38,2,36
S01009248,Families with no dependent children,155,141,136,135,1,5,5,0,14,1,13
S01009248,Families with dependent children: Total,73,49,41,39,2,8,5,3,24,1,23
S01009248,Families with dependent children: Youngest aged 0 to 4,23,17,12,11,1,5,4,1,6,0,6
S01009248,Families with dependent children: Youngest aged 5 to 11,19,12,12,12,0,0,0,0,7,0,7
S01009248,Families with dependent children: Youngest aged 12 to 18,31,20,17,16,1,3,1,2,11,1,10
S01009249,All families in households,231,170,124,115,9,46,35,11,61,11,50
S01009249,Families with no dependent children,129,104,85,83,2,19,19,0,25,5,20
S01009249,Families with dependent children: Total,102,66,39,32,7,27,16,11,36,6,30
S01009249,Families with dependent children: Youngest aged 0 to 4,58,40,19,18,1,21,14,7,18,5,13
S01009249,Families with dependent children: Youngest aged 5 to 11,20,11,9,7,2,2,1,1,9,1,8
S01009249,Families with dependent children: Youngest aged 12 to 18,24,15,11,7,4,4,1,3,9,0,9
S01009250,All families in households,203,159,135,128,7,24,16,8,44,3,41
S01009250,Families with no dependent children,126,109,97,95,2,12,9,3,17,2,15
S01009250,Families with dependent children: Total,77,50,38,33,5,12,7,5,27,1,26
S01009250,Families with dependent children: Youngest aged 0 to 4,31,23,16,15,1,7,6,1,8,0,8
S01009250,Families with dependent children: Youngest aged 5 to 11,27,13,9,7,2,4,1,3,14,1,13
S01009250,Families with dependent children: Youngest aged 12 to 18,19,14,13,11,2,1,0,1,5,0,5
S01009251,All families in households,171,151,135,126,9,16,9,7,20,4,16
S01009251,Families with no dependent children,105,98,89,86,3,9,8,1,7,2,5
S01009251,Families with dependent children: Total,66,53,46,40,6,7,1,6,13,2,11
S01009251,Families with dependent children: Youngest aged 0 to 4,19,15,13,9,4,2,0,2,4,1,3
S01009251,Families with dependent children: Youngest aged 5 to 11,19,15,11,11,0,4,1,3,4,0,4
S01009251,Families with dependent children: Youngest aged 12 to 18,28,23,22,20,2,1,0,1,5,1,4
S01009252,All families in households,140,132,118,115,3,14,11,3,8,1,7
S01009252,Families with no dependent children,62,59,52,52,0,7,6,1,3,0,3
S01009252,Families with dependent children: Total,78,73,66,63,3,7,5,2,5,1,4
S01009252,Families with dependent children: Youngest aged 0 to 4,25,24,19,19,0,5,4,1,1,0,1
S01009252,Families with dependent children: Youngest aged 5 to 11,28,27,25,23,2,2,1,1,1,0,1
S01009252,Families with dependent children: Youngest aged 12 to 18,25,22,22,21,1,0,0,0,3,1,2
S01009253,All families in households,140,104,92,88,4,12,10,2,36,4,32
S01009253,Families with no dependent children,87,76,72,71,1,4,3,1,11,1,10
S01009253,Families with dependent children: Total,53,28,20,17,3,8,7,1,25,3,22
S01009253,Families with dependent children: Youngest aged 0 to 4,24,16,9,8,1,7,6,1,8,0,8
S01009253,Families with dependent children: Youngest aged 5 to 11,13,5,5,3,2,0,0,0,8,1,7
S01009253,Families with dependent children: Youngest aged 12 to 18,16,7,6,6,0,1,1,0,9,2,7
S01009254,All families in households,256,180,131,125,6,49,37,12,76,12,64
S01009254,Families with no dependent children,149,115,90,88,2,25,23,2,34,12,22
S01009254,Families with dependent children: Total,107,65,41,37,4,24,14,10,42,0,42
S01009254,Families with dependent children: Youngest aged 0 to 4,50,37,22,20,2,15,10,5,13,0,13
S01009254,Families with dependent children: Youngest aged 5 to 11,28,13,8,8,0,5,3,2,15,0,15
S01009254,Families with dependent children: Youngest aged 12 to 18,29,15,11,9,2,4,1,3,14,0,14
S01009255,All families in households,161,129,77,74,3,52,50,2,32,7,25
S01009255,Families with no dependent children,100,93,45,44,1,48,47,1,7,2,5
S01009255,Families with dependent children: Total,61,36,32,30,2,4,3,1,25,5,20
S01009255,Families with dependent children: Youngest aged 0 to 4,30,20,17,15,2,3,3,0,10,0,10
S01009255,Families with dependent children: Youngest aged 5 to 11,14,8,7,7,0,1,0,1,6,2,4
S01009255,Families with dependent children: Youngest aged 12 to 18,17,8,8,8,0,0,0,0,9,3,6
S01009256,All families in households,160,142,131,125,6,11,11,0,18,5,13
S01009256,Families with no dependent children,105,99,94,91,3,5,5,0,6,2,4
S01009256,Families with dependent children: Total,55,43,37,34,3,6,6,0,12,3,9
S01009256,Families with dependent children: Youngest aged 0 to 4,21,18,16,15,1,2,2,0,3,1,2
S01009256,Families with dependent children: Youngest aged 5 to 11,15,11,10,8,2,1,1,0,4,1,3
S01009256,Families with dependent children: Youngest aged 12 to 18,19,14,11,11,0,3,3,0,5,1,4
S01009257,All families in households,195,169,121,120,1,48,44,4,26,6,20
S01009257,Families with no dependent children,134,124,85,85,0,39,38,1,10,2,8
S01009257,Families with dependent children: Total,61,45,36,35,1,9,6,3,16,4,12
S01009257,Families with dependent children: Youngest aged 0 to 4,30,20,13,12,1,7,4,3,10,2,8
S01009257,Families with dependent children: Youngest aged 5 to 11,16,13,11,11,0,2,2,0,3,2,1
S01009257,Families with dependent children: Youngest aged 12 to 18,15,12,12,12,0,0,0,0,3,0,3
S01009258,All families in households,202,189,165,158,7,24,21,3,13,4,9
S01009258,Families with no dependent children,143,135,116,114,2,19,19,0,8,2,6
S01009258,Families with dependent children: Total,59,54,49,44,5,5,2,3,5,2,3
S01009258,Families with dependent children: Youngest aged 0 to 4,19,18,17,16,1,1,1,0,1,0,1
S01009258,Families with dependent children: Youngest aged 5 to 11,30,27,23,20,3,4,1,3,3,1,2
S01009258,Families with dependent children: Youngest aged 12 to 18,10,9,9,8,1,0,0,0,1,1,0
S01009259,All families in households,302,280,232,224,8,48,39,9,22,1,21
S01009259,Families with no dependent children,191,181,151,150,1,30,30,0,10,0,10
S01009259,Families with dependent children: Total,111,99,81,74,7,18,9,9,12,1,11
S01009259,Families with dependent children: Youngest aged 0 to 4,51,45,36,35,1,9,7,2,6,1,5
S01009259,Families with dependent children: Youngest aged 5 to 11,37,32,27,25,2,5,1,4,5,0,5
S01009259,Families with dependent children: Youngest aged 12 to 18,23,22,18,14,4,4,1,3,1,0,1
S01009260,All families in households,321,274,202,199,3,72,66,6,47,1,46
S01009260,Families with no dependent children,192,177,129,128,1,48,45,3,15,1,14
S01009260,Families with dependent children: Total,129,97,73,71,2,24,21,3,32,0,32
S01009260,Families with dependent children: Youngest aged 0 to 4,54,42,32,31,1,10,10,0,12,0,12
S01009260,Families with dependent children: Youngest aged 5 to 11,47,37,23,23,0,14,11,3,10,0,10
S01009260,Families with dependent children: Youngest aged 12 to 18,28,18,18,17,1,0,0,0,10,0,10
S01009261,All families in households,218,166,124,121,3,42,33,9,52,4,48
S01009261,Families with no dependent children,143,127,100,99,1,27,24,3,16,1,15
S01009261,Families with dependent children: Total,75,39,24,22,2,15,9,6,36,3,33
S01009261,Families with dependent children: Youngest aged 0 to 4,35,18,7,7,0,11,7,4,17,2,15
S01009261,Families with dependent children: Youngest aged 5 to 11,23,10,9,8,1,1,0,1,13,0,13
S01009261,Families with dependent children: Youngest aged 12 to 18,17,11,8,7,1,3,2,1,6,1,5
S01009262,All families in households,174,99,74,70,4,25,21,4,75,6,69
S01009262,Families with no dependent children,75,56,43,43,0,13,12,1,19,5,14
S01009262,Families with dependent children: Total,99,43,31,27,4,12,9,3,56,1,55
S01009262,Families with dependent children: Youngest aged 0 to 4,40,23,13,12,1,10,8,2,17,0,17
S01009262,Families with dependent children: Youngest aged 5 to 11,33,10,9,9,0,1,0,1,23,0,23
S01009262,Families with dependent children: Youngest aged 12 to 18,26,10,9,6,3,1,1,0,16,1,15
S01009263,All families in households,249,221,162,155,7,59,55,4,28,4,24
S01009263,Families with no dependent children,126,123,80,79,1,43,42,1,3,0,3
S01009263,Families with dependent children: Total,123,98,82,76,6,16,13,3,25,4,21
S01009263,Families with dependent children: Youngest aged 0 to 4,80,66,54,51,3,12,10,2,14,4,10
S01009263,Families with dependent children: Youngest aged 5 to 11,28,21,19,16,3,2,1,1,7,0,7
S01009263,Families with dependent children: Youngest aged 12 to 18,15,11,9,9,0,2,2,0,4,0,4
S01009264,All families in households,177,159,135,127,8,24,21,3,18,4,14
S01009264,Families with no dependent children,132,122,107,103,4,15,14,1,10,3,7
S01009264,Families with dependent children: Total,45,37,28,24,4,9,7,2,8,1,7
S01009264,Families with dependent children: Youngest aged 0 to 4,14,11,5,4,1,6,5,1,3,0,3
S01009264,Families with dependent children: Youngest aged 5 to 11,9,9,8,7,1,1,1,0,0,0,0
S01009264,Families with dependent children: Youngest aged 12 to 18,22,17,15,13,2,2,1,1,5,1,4
S01009265,All families in households,237,191,153,150,3,38,34,4,46,3,43
S01009265,Families with no dependent children,145,131,109,109,0,22,21,1,14,2,12
S01009265,Families with dependent children: Total,92,60,44,41,3,16,13,3,32,1,31
S01009265,Families with dependent children: Youngest aged 0 to 4,30,21,12,9,3,9,8,1,9,0,9
S01009265,Families with dependent children: Youngest aged 5 to 11,26,17,13,13,0,4,3,1,9,0,9
S01009265,Families with dependent children: Youngest aged 12 to 18,36,22,19,19,0,3,2,1,14,1,13
S01009266,All families in households,274,232,197,189,8,35,25,10,42,8,34
S01009266,Families with no dependent children,181,168,148,142,6,20,17,3,13,7,6
S01009266,Families with dependent children: Total,93,64,49,47,2,15,8,7,29,1,28
S01009266,Families with dependent children: Youngest aged 0 to 4,40,28,18,16,2,10,5,5,12,0,12
S01009266,Families with dependent children: Youngest aged 5 to 11,23,19,17,17,0,2,2,0,4,0,4
S01009266,Families with dependent children: Youngest aged 12 to 18,30,17,14,14,0,3,1,2,13,1,12
S01009267,All families in households,241,197,152,145,7,45,36,9,44,11,33
S01009267,Families with no dependent children,153,136,109,107,2,27,24,3,17,5,12
S01009267,Families with dependent children: Total,88,61,43,38,5,18,12,6,27,6,21
S01009267,Families with dependent children: Youngest aged 0 to 4,38,28,13,13,0,15,10,5,10,0,10
S01009267,Families with dependent children: Youngest aged 5 to 11,25,19,17,14,3,2,2,0,6,1,5
S01009267,Families with dependent children: Youngest aged 12 to 18,25,14,13,11,2,1,0,1,11,5,6
S01009268,All families in households,319,249,194,187,7,55,50,5,70,16,54
S01009268,Families with no dependent children,176,160,130,130,0,30,29,1,16,2,14
S01009268,Families with dependent children: Total,143,89,64,57,7,25,21,4,54,14,40
S01009268,Families with dependent children: Youngest aged 0 to 4,54,39,22,21,1,17,16,1,15,0,15
S01009268,Families with dependent children: Youngest aged 5 to 11,53,28,23,21,2,5,4,1,25,7,18
S01009268,Families with dependent children: Youngest aged 12 to 18,36,22,19,15,4,3,1,2,14,7,7
S01009269,All families in households,266,182,137,120,17,45,25,20,84,18,66
S01009269,Families with no dependent children,132,107,88,82,6,19,16,3,25,9,16
S01009269,Families with dependent children: Total,134,75,49,38,11,26,9,17,59,9,50
S01009269,Families with dependent children: Youngest aged 0 to 4,61,41,23,18,5,18,8,10,20,0,20
S01009269,Families with dependent children: Youngest aged 5 to 11,38,19,15,13,2,4,1,3,19,3,16
S01009269,Families with dependent children: Youngest aged 12 to 18,35,15,11,7,4,4,0,4,20,6,14
S01009270,All families in households,176,115,84,78,6,31,27,4,61,6,55
S01009270,Families with no dependent children,103,84,67,65,2,17,16,1,19,2,17
S01009270,Families with dependent children: Total,73,31,17,13,4,14,11,3,42,4,38
S01009270,Families with dependent children: Youngest aged 0 to 4,24,10,3,3,0,7,6,1,14,2,12
S01009270,Families with dependent children: Youngest aged 5 to 11,24,12,7,5,2,5,3,2,12,1,11
S01009270,Families with dependent children: Youngest aged 12 to 18,25,9,7,5,2,2,2,0,16,1,15
S01009271,All families in households,289,263,231,221,10,32,28,4,26,6,20
S01009271,Families with no dependent children,188,176,153,149,4,23,21,2,12,4,8
S01009271,Families with dependent children: Total,101,87,78,72,6,9,7,2,14,2,12
S01009271,Families with dependent children: Youngest aged 0 to 4,22,22,17,15,2,5,4,1,0,0,0
S01009271,Families with dependent children: Youngest aged 5 to 11,31,25,21,18,3,4,3,1,6,1,5
S01009271,Families with dependent children: Youngest aged 12 to 18,48,40,40,39,1,0,0,0,8,1,7
S01009272,All families in households,219,166,126,118,8,40,31,9,53,11,42
S01009272,Families with no dependent children,131,109,87,85,2,22,20,2,22,10,12
S01009272,Families with dependent children: Total,88,57,39,33,6,18,11,7,31,1,30
S01009272,Families with dependent children: Youngest aged 0 to 4,43,34,21,20,1,13,10,3,9,0,9
S01009272,Families with dependent children: Youngest aged 5 to 11,28,13,9,5,4,4,1,3,15,1,14
S01009272,Families with dependent children: Youngest aged 12 to 18,17,10,9,8,1,1,0,1,7,0,7
S01009273,All families in households,163,152,136,134,2,16,13,3,11,2,9
S01009273,Families with no dependent children,122,115,104,102,2,11,11,0,7,2,5
S01009273,Families with dependent children: Total,41,37,32,32,0,5,2,3,4,0,4
S01009273,Families with dependent children: Youngest aged 0 to 4,11,11,11,11,0,0,0,0,0,0,0
S01009273,Families with dependent children: Youngest aged 5 to 11,14,14,10,10,0,4,2,2,0,0,0
S01009273,Families with dependent children: Youngest aged 12 to 18,16,12,11,11,0,1,0,1,4,0,4
S01009274,All families in households,200,172,150,142,8,22,19,3,28,3,25
S01009274,Families with no dependent children,124,113,103,100,3,10,10,0,11,1,10
S01009274,Families with dependent children: Total,76,59,47,42,5,12,9,3,17,2,15
S01009274,Families with dependent children: Youngest aged 0 to 4,22,13,7,6,1,6,5,1,9,1,8
S01009274,Families with dependent children: Youngest aged 5 to 11,19,14,13,11,2,1,1,0,5,1,4
S01009274,Families with dependent children: Youngest aged 12 to 18,35,32,27,25,2,5,3,2,3,0,3
S01009275,All families in households,182,163,133,130,3,30,25,5,19,3,16
S01009275,Families with no dependent children,121,111,91,91,0,20,19,1,10,2,8
S01009275,Families with dependent children: Total,61,52,42,39,3,10,6,4,9,1,8
S01009275,Families with dependent children: Youngest aged 0 to 4,26,24,15,15,0,9,6,3,2,0,2
S01009275,Families with dependent children: Youngest aged 5 to 11,20,16,15,13,2,1,0,1,4,0,4
S01009275,Families with dependent children: Youngest aged 12 to 18,15,12,12,11,1,0,0,0,3,1,2
S01009276,All families in households,298,266,233,221,12,33,28,5,32,5,27
S01009276,Families with no dependent children,198,192,167,164,3,25,23,2,6,0,6
S01009276,Families with dependent children: Total,100,74,66,57,9,8,5,3,26,5,21
S01009276,Families with dependent children: Youngest aged 0 to 4,28,23,20,19,1,3,2,1,5,2,3
S01009276,Families with dependent children: Youngest aged 5 to 11,37,26,24,22,2,2,2,0,11,1,10
S01009276,Families with dependent children: Youngest aged 12 to 18,35,25,22,16,6,3,1,2,10,2,8
S01009277,All families in households,180,171,154,151,3,17,13,4,9,2,7
S01009277,Families with no dependent children,130,124,115,114,1,9,9,0,6,2,4
S01009277,Families with dependent children: Total,50,47,39,37,2,8,4,4,3,0,3
S01009277,Families with dependent children: Youngest aged 0 to 4,11,11,8,8,0,3,1,2,0,0,0
S01009277,Families with dependent children: Youngest aged 5 to 11,26,23,20,19,1,3,2,1,3,0,3
S01009277,Families with dependent children: Youngest aged 12 to 18,13,13,11,10,1,2,1,1,0,0,0
S01009278,All families in households,178,160,127,122,5,33,24,9,18,2,16
S01009278,Families with no dependent children,99,92,68,67,1,24,19,5,7,2,5
S01009278,Families with dependent children: Total,79,68,59,55,4,9,5,4,11,0,11
S01009278,Families with dependent children: Youngest aged 0 to 4,41,40,35,32,3,5,3,2,1,0,1
S01009278,Families with dependent children: Youngest aged 5 to 11,24,21,18,17,1,3,2,1,3,0,3
S01009278,Families with dependent children: Youngest aged 12 to 18,14,7,6,6,0,1,0,1,7,0,7
S01009279,All families in households,179,156,124,119,5,32,27,5,23,2,21
S01009279,Families with no dependent children,120,112,89,86,3,23,20,3,8,1,7
S01009279,Families with dependent children: Total,59,44,35,33,2,9,7,2,15,1,14
S01009279,Families with dependent children: Youngest aged 0 to 4,24,17,12,12,0,5,3,2,7,1,6
S01009279,Families with dependent children: Youngest aged 5 to 11,17,15,11,11,0,4,4,0,2,0,2
S01009279,Families with dependent children: Youngest aged 12 to 18,18,12,12,10,2,0,0,0,6,0,6
S01009280,All families in households,268,182,132,123,9,50,42,8,86,12,74
S01009280,Families with no dependent children,142,124,97,95,2,27,27,0,18,3,15
S01009280,Families with dependent children: Total,126,58,35,28,7,23,15,8,68,9,59
S01009280,Families with dependent children: Youngest aged 0 to 4,56,28,11,9,2,17,13,4,28,2,26
S01009280,Families with dependent children: Youngest aged 5 to 11,49,20,14,10,4,6,2,4,29,5,24
S01009280,Families with dependent children: Youngest aged 12 to 18,21,10,10,9,1,0,0,0,11,2,9
S01009281,All families in households,256,192,157,148,9,35,29,6,64,5,59
S01009281,Families with no dependent children,145,130,115,113,2,15,15,0,15,3,12
S01009281,Families with dependent children: Total,111,62,42,35,7,20,14,6,49,2,47
S01009281,Families with dependent children: Youngest aged 0 to 4,41,23,12,12,0,11,8,3,18,0,18
S01009281,Families with dependent children: Youngest aged 5 to 11,29,16,11,11,0,5,4,1,13,1,12
S01009281,Families with dependent children: Youngest aged 12 to 18,41,23,19,12,7,4,2,2,18,1,17
S01009282,All families in households,231,202,166,157,9,36,34,2,29,3,26
S01009282,Families with no dependent children,148,139,114,113,1,25,25,0,9,1,8
S01009282,Families with dependent children: Total,83,63,52,44,8,11,9,2,20,2,18
S01009282,Families with dependent children: Youngest aged 0 to 4,26,21,14,13,1,7,7,0,5,0,5
S01009282,Families with dependent children: Youngest aged 5 to 11,26,16,14,11,3,2,2,0,10,2,8
S01009282,Families with dependent children: Youngest aged 12 to 18,31,26,24,20,4,2,0,2,5,0,5
S01009283,All families in households,145,131,98,93,5,33,30,3,14,2,12
S01009283,Families with no dependent children,87,81,59,58,1,22,20,2,6,2,4
S01009283,Families with dependent children: Total,58,50,39,35,4,11,10,1,8,0,8
S01009283,Families with dependent children: Youngest aged 0 to 4,24,23,17,17,0,6,6,0,1,0,1
S01009283,Families with dependent children: Youngest aged 5 to 11,20,15,12,8,4,3,2,1,5,0,5
S01009283,Families with dependent children: Youngest aged 12 to 18,14,12,10,10,0,2,2,0,2,0,2
S01009284,All families in households,255,222,194,189,5,28,19,9,33,5,28
S01009284,Families with no dependent children,130,116,103,102,1,13,12,1,14,4,10
S01009284,Families with dependent children: Total,125,106,91,87,4,15,7,8,19,1,18
S01009284,Families with dependent children: Youngest aged 0 to 4,36,33,26,25,1,7,4,3,3,1,2
S01009284,Families with dependent children: Youngest aged 5 to 11,30,23,21,19,2,2,1,1,7,0,7
S01009284,Families with dependent children: Youngest aged 12 to 18,59,50,44,43,1,6,2,4,9,0,9
S01009285,All families in households,282,233,201,187,14,32,23,9,49,7,42
S01009285,Families with no dependent children,135,123,110,102,8,13,11,2,12,1,11
S01009285,Families with dependent children: Total,147,110,91,85,6,19,12,7,37,6,31
S01009285,Families with dependent children: Youngest aged 0 to 4,53,40,29,27,2,11,9,2,13,2,11
S01009285,Families with dependent children: Youngest aged 5 to 11,52,38,33,29,4,5,2,3,14,1,13
S01009285,Families with dependent children: Youngest aged 12 to 18,42,32,29,29,0,3,1,2,10,3,7
S01009286,All families in households,247,217,190,187,3,27,24,3,30,4,26
S01009286,Families with no dependent children,176,164,142,141,1,22,20,2,12,3,9
S01009286,Families with dependent children: Total,71,53,48,46,2,5,4,1,18,1,17
S01009286,Families with dependent children: Youngest aged 0 to 4,19,13,11,11,0,2,2,0,6,0,6
S01009286,Families with dependent children: Youngest aged 5 to 11,25,19,17,16,1,2,1,1,6,1,5
S01009286,Families with dependent children: Youngest aged 12 to 18,27,21,20,19,1,1,1,0,6,0,6
S01009287,All families in households,249,229,210,207,3,19,15,4,20,4,16
S01009287,Families with no dependent children,169,159,153,152,1,6,6,0,10,2,8
S01009287,Families with dependent children: Total,80,70,57,55,2,13,9,4,10,2,8
S01009287,Families with dependent children: Youngest aged 0 to 4,25,23,14,14,0,9,7,2,2,0,2
S01009287,Families with dependent children: Youngest aged 5 to 11,30,26,25,25,0,1,1,0,4,2,2
S01009287,Families with dependent children: Youngest aged 12 to 18,25,21,18,16,2,3,1,2,4,0,4
S01009288,All families in households,258,237,203,199,4,34,32,2,21,6,15
S01009288,Families with no dependent children,171,161,137,136,1,24,24,0,10,3,7
S01009288,Families with dependent children: Total,87,76,66,63,3,10,8,2,11,3,8
S01009288,Families with dependent children: Youngest aged 0 to 4,28,26,22,22,0,4,3,1,2,0,2
S01009288,Families with dependent children: Youngest aged 5 to 11,32,30,26,26,0,4,4,0,2,1,1
S01009288,Families with dependent children: Youngest aged 12 to 18,27,20,18,15,3,2,1,1,7,2,5
S01009289,All families in households,291,260,229,224,5,31,25,6,31,5,26
S01009289,Families with no dependent children,212,198,176,175,1,22,19,3,14,3,11
S01009289,Families with dependent children: Total,79,62,53,49,4,9,6,3,17,2,15
S01009289,Families with dependent children: Youngest aged 0 to 4,25,18,14,13,1,4,3,1,7,0,7
S01009289,Families with dependent children: Youngest aged 5 to 11,30,27,23,23,0,4,3,1,3,0,3
S01009289,Families with dependent children: Youngest aged 12 to 18,24,17,16,13,3,1,0,1,7,2,5
S01009290,All families in households,212,192,178,172,6,14,13,1,20,2,18
S01009290,Families with no dependent children,142,131,123,121,2,8,8,0,11,1,10
S01009290,Families with dependent children: Total,70,61,55,51,4,6,5,1,9,1,8
S01009290,Families with dependent children: Youngest aged 0 to 4,23,22,19,18,1,3,3,0,1,0,1
S01009290,Families with dependent children: Youngest aged 5 to 11,23,19,18,16,2,1,1,0,4,0,4
S01009290,Families with dependent children: Youngest aged 12 to 18,24,20,18,17,1,2,1,1,4,1,3
S01009291,All families in households,321,286,253,244,9,33,26,7,35,6,29
S01009291,Families with no dependent children,208,193,176,171,5,17,17,0,15,1,14
S01009291,Families with dependent children: Total,113,93,77,73,4,16,9,7,20,5,15
S01009291,Families with dependent children: Youngest aged 0 to 4,39,33,25,22,3,8,5,3,6,2,4
S01009291,Families with dependent children: Youngest aged 5 to 11,36,32,28,27,1,4,3,1,4,0,4
S01009291,Families with dependent children: Youngest aged 12 to 18,38,28,24,24,0,4,1,3,10,3,7
S01009292,All families in households,151,117,89,83,6,28,26,2,34,8,26
S01009292,Families with no dependent children,85,71,55,53,2,16,16,0,14,3,11
S01009292,Families with dependent children: Total,66,46,34,30,4,12,10,2,20,5,15
S01009292,Families with dependent children: Youngest aged 0 to 4,24,16,6,6,0,10,10,0,8,2,6
S01009292,Families with dependent children: Youngest aged 5 to 11,20,15,14,13,1,1,0,1,5,0,5
S01009292,Families with dependent children: Youngest aged 12 to 18,22,15,14,11,3,1,0,1,7,3,4
S01009293,All families in households,219,186,148,142,6,38,33,5,33,7,26
S01009293,Families with no dependent children,133,118,92,90,2,26,24,2,15,6,9
S01009293,Families with dependent children: Total,86,68,56,52,4,12,9,3,18,1,17
S01009293,Families with dependent children: Youngest aged 0 to 4,36,29,22,20,2,7,6,1,7,0,7
S01009293,Families with dependent children: Youngest aged 5 to 11,33,25,21,21,0,4,3,1,8,1,7
S01009293,Families with dependent children: Youngest aged 12 to 18,17,14,13,11,2,1,0,1,3,0,3
S01009294,All families in households,155,141,120,113,7,21,19,2,14,0,14
S01009294,Families with no dependent children,88,85,71,71,0,14,13,1,3,0,3
S01009294,Families with dependent children: Total,67,56,49,42,7,7,6,1,11,0,11
S01009294,Families with dependent children: Youngest aged 0 to 4,20,15,11,11,0,4,4,0,5,0,5
S01009294,Families with dependent children: Youngest aged 5 to 11,24,22,20,19,1,2,2,0,2,0,2
S01009294,Families with dependent children: Youngest aged 12 to 18,23,19,18,12,6,1,0,1,4,0,4
S01009295,All families in households,210,189,170,166,4,19,18,1,21,5,16
S01009295,Families with no dependent children,150,141,128,126,2,13,13,0,9,2,7
S01009295,Families with dependent children: Total,60,48,42,40,2,6,5,1,12,3,9
S01009295,Families with dependent children: Youngest aged 0 to 4,18,16,11,10,1,5,4,1,2,0,2
S01009295,Families with dependent children: Youngest aged 5 to 11,21,16,15,14,1,1,1,0,5,2,3
S01009295,Families with dependent children: Youngest aged 12 to 18,21,16,16,16,0,0,0,0,5,1,4
S01009296,All families in households,164,147,131,121,10,16,13,3,17,4,13
S01009296,Families with no dependent children,96,88,77,72,5,11,9,2,8,1,7
S01009296,Families with dependent children: Total,68,59,54,49,5,5,4,1,9,3,6
S01009296,Families with dependent children: Youngest aged 0 to 4,19,16,13,13,0,3,3,0,3,0,3
S01009296,Families with dependent children: Youngest aged 5 to 11,19,18,17,16,1,1,1,0,1,1,0
S01009296,Families with dependent children: Youngest aged 12 to 18,30,25,24,20,4,1,0,1,5,2,3
S01009297,All families in households,264,242,216,212,4,26,24,2,22,6,16
S01009297,Families with no dependent children,159,148,131,128,3,17,17,0,11,4,7
S01009297,Families with dependent children: Total,105,94,85,84,1,9,7,2,11,2,9
S01009297,Families with dependent children: Youngest aged 0 to 4,40,39,35,35,0,4,3,1,1,0,1
S01009297,Families with dependent children: Youngest aged 5 to 11,25,23,20,20,0,3,3,0,2,1,1
S01009297,Families with dependent children: Youngest aged 12 to 18,40,32,30,29,1,2,1,1,8,1,7
S01009298,All families in households,269,201,123,121,2,78,67,11,68,11,57
S01009298,Families with no dependent children,168,143,95,94,1,48,45,3,25,5,20
S01009298,Families with dependent children: Total,101,58,28,27,1,30,22,8,43,6,37
S01009298,Families with dependent children: Youngest aged 0 to 4,50,34,15,15,0,19,16,3,16,0,16
S01009298,Families with dependent children: Youngest aged 5 to 11,28,14,7,6,1,7,4,3,14,4,10
S01009298,Families with dependent children: Youngest aged 12 to 18,23,10,6,6,0,4,2,2,13,2,11
S01009299,All families in households,257,222,156,150,6,66,57,9,35,8,27
S01009299,Families with no dependent children,148,135,87,86,1,48,48,0,13,4,9
S01009299,Families with dependent children: Total,109,87,69,64,5,18,9,9,22,4,18
S01009299,Families with dependent children: Youngest aged 0 to 4,39,31,25,24,1,6,4,2,8,2,6
S01009299,Families with dependent children: Youngest aged 5 to 11,39,31,22,21,1,9,5,4,8,1,7
S01009299,Families with dependent children: Youngest aged 12 to 18,31,25,22,19,3,3,0,3,6,1,5
S01009300,All families in households,130,106,68,66,2,38,36,2,24,3,21
S01009300,Families with no dependent children,80,73,47,47,0,26,26,0,7,2,5
S01009300,Families with dependent children: Total,50,33,21,19,2,12,10,2,17,1,16
S01009300,Families with dependent children: Youngest aged 0 to 4,13,11,6,6,0,5,5,0,2,0,2
S01009300,Families with dependent children: Youngest aged 5 to 11,21,12,6,6,0,6,5,1,9,0,9
S01009300,Families with dependent children: Youngest aged 12 to 18,16,10,9,7,2,1,0,1,6,1,5
S01009301,All families in households,238,166,93,91,2,73,67,6,72,13,59
S01009301,Families with no dependent children,133,112,60,60,0,52,50,2,21,6,15
S01009301,Families with dependent children: Total,105,54,33,31,2,21,17,4,51,7,44
S01009301,Families with dependent children: Youngest aged 0 to 4,51,31,16,16,0,15,14,1,20,3,17
S01009301,Families with dependent children: Youngest aged 5 to 11,29,14,10,10,0,4,2,2,15,0,15
S01009301,Families with dependent children: Youngest aged 12 to 18,25,9,7,5,2,2,1,1,16,4,12
S01009302,All families in households,238,134,84,81,3,50,40,10,104,14,90
S01009302,Families with no dependent children,126,95,62,61,1,33,30,3,31,7,24
S01009302,Families with dependent children: Total,112,39,22,20,2,17,10,7,73,7,66
S01009302,Families with dependent children: Youngest aged 0 to 4,45,24,11,10,1,13,7,6,21,0,21
S01009302,Families with dependent children: Youngest aged 5 to 11,35,8,6,5,1,2,1,1,27,7,20
S01009302,Families with dependent children: Youngest aged 12 to 18,32,7,5,5,0,2,2,0,25,0,25
S01009303,All families in households,225,200,171,164,7,29,21,8,25,6,19
S01009303,Families with no dependent children,147,131,113,108,5,18,15,3,16,5,11
S01009303,Families with dependent children: Total,78,69,58,56,2,11,6,5,9,1,8
S01009303,Families with dependent children: Youngest aged 0 to 4,32,31,25,25,0,6,4,2,1,0,1
S01009303,Families with dependent children: Youngest aged 5 to 11,21,18,17,16,1,1,0,1,3,0,3
S01009303,Families with dependent children: Youngest aged 12 to 18,25,20,16,15,1,4,2,2,5,1,4
S01009304,All families in households,295,242,195,182,13,47,41,6,53,5,48
S01009304,Families with no dependent children,180,156,134,128,6,22,21,1,24,3,21
S01009304,Families with dependent children: Total,115,86,61,54,7,25,20,5,29,2,27
S01009304,Families with dependent children: Youngest aged 0 to 4,38,30,18,14,4,12,11,1,8,0,8
S01009304,Families with dependent children: Youngest aged 5 to 11,49,37,28,26,2,9,6,3,12,1,11
S01009304,Families with dependent children: Youngest aged 12 to 18,28,19,15,14,1,4,3,1,9,1,8
S01009305,All families in households,206,174,118,112,6,56,50,6,32,7,25
S01009305,Families with no dependent children,136,124,87,85,2,37,37,0,12,4,8
S01009305,Families with dependent children: Total,70,50,31,27,4,19,13,6,20,3,17
S01009305,Families with dependent children: Youngest aged 0 to 4,29,24,11,11,0,13,11,2,5,1,4
S01009305,Families with dependent children: Youngest aged 5 to 11,18,11,8,7,1,3,1,2,7,2,5
S01009305,Families with dependent children: Youngest aged 12 to 18,23,15,12,9,3,3,1,2,8,0,8
S01009306,All families in households,312,232,141,136,5,91,83,8,80,9,71
S01009306,Families with no dependent children,175,156,90,89,1,66,63,3,19,6,13
S01009306,Families with dependent children: Total,137,76,51,47,4,25,20,5,61,3,58
S01009306,Families with dependent children: Youngest aged 0 to 4,65,35,19,19,0,16,15,1,30,2,28
S01009306,Families with dependent children: Youngest aged 5 to 11,35,21,15,13,2,6,4,2,14,1,13
S01009306,Families with dependent children: Youngest aged 12 to 18,37,20,17,15,2,3,1,2,17,0,17
S01009307,All families in households,259,213,142,140,2,71,70,1,46,6,40
S01009307,Families with no dependent children,175,156,99,98,1,57,57,0,19,3,16
S01009307,Families with dependent children: Total,84,57,43,42,1,14,13,1,27,3,24
S01009307,Families with dependent children: Youngest aged 0 to 4,38,30,19,19,0,11,11,0,8,0,8
S01009307,Families with dependent children: Youngest aged 5 to 11,24,15,13,12,1,2,2,0,9,3,6
S01009307,Families with dependent children: Youngest aged 12 to 18,22,12,11,11,0,1,0,1,10,0,10
S01009308,All families in households,112,93,57,52,5,36,34,2,19,3,16
S01009308,Families with no dependent children,61,57,32,32,0,25,25,0,4,0,4
S01009308,Families with dependent children: Total,51,36,25,20,5,11,9,2,15,3,12
S01009308,Families with dependent children: Youngest aged 0 to 4,27,20,9,8,1,11,9,2,7,0,7
S01009308,Families with dependent children: Youngest aged 5 to 11,12,8,8,7,1,0,0,0,4,1,3
S01009308,Families with dependent children: Youngest aged 12 to 18,12,8,8,5,3,0,0,0,4,2,2
S01009309,All families in households,186,159,105,103,2,54,53,1,27,5,22
S01009309,Families with no dependent children,112,99,58,57,1,41,41,0,13,4,9
S01009309,Families with dependent children: Total,74,60,47,46,1,13,12,1,14,1,13
S01009309,Families with dependent children: Youngest aged 0 to 4,33,26,19,18,1,7,7,0,7,0,7
S01009309,Families with dependent children: Youngest aged 5 to 11,19,14,12,12,0,2,2,0,5,1,4
S01009309,Families with dependent children: Youngest aged 12 to 18,22,20,16,16,0,4,3,1,2,0,2
S01009310,All families in households,283,260,225,219,6,35,31,4,23,6,17
S01009310,Families with no dependent children,186,179,156,152,4,23,23,0,7,3,4
S01009310,Families with dependent children: Total,97,81,69,67,2,12,8,4,16,3,13
S01009310,Families with dependent children: Youngest aged 0 to 4,30,29,19,18,1,10,7,3,1,1,0
S01009310,Families with dependent children: Youngest aged 5 to 11,27,22,21,20,1,1,1,0,5,0,5
S01009310,Families with dependent children: Youngest aged 12 to 18,40,30,29,29,0,1,0,1,10,2,8
S01009311,All families in households,221,163,128,118,10,35,26,9,58,7,51
S01009311,Families with no dependent children,120,98,83,79,4,15,14,1,22,5,17
S01009311,Families with dependent children: Total,101,65,45,39,6,20,12,8,36,2,34
S01009311,Families with dependent children: Youngest aged 0 to 4,42,28,18,17,1,10,8,2,14,0,14
S01009311,Families with dependent children: Youngest aged 5 to 11,34,20,12,9,3,8,4,4,14,1,13
S01009311,Families with dependent children: Youngest aged 12 to 18,25,17,15,13,2,2,0,2,8,1,7
S01009312,All families in households,179,147,85,83,2,62,57,5,32,11,21
S01009312,Families with no dependent children,122,110,61,60,1,49,47,2,12,2,10
S01009312,Families with dependent children: Total,57,37,24,23,1,13,10,3,20,9,11
S01009312,Families with dependent children: Youngest aged 0 to 4,26,19,11,11,0,8,8,0,7,3,4
S01009312,Families with dependent children: Youngest aged 5 to 11,15,8,6,6,0,2,1,1,7,1,6
S01009312,Families with dependent children: Youngest aged 12 to 18,16,10,7,6,1,3,1,2,6,5,1
S01009313,All families in households,154,117,79,77,2,38,34,4,37,2,35
S01009313,Families with no dependent children,91,81,53,53,0,28,28,0,10,2,8
S01009313,Families with dependent children: Total,63,36,26,24,2,10,6,4,27,0,27
S01009313,Families with dependent children: Youngest aged 0 to 4,25,15,9,8,1,6,5,1,10,0,10
S01009313,Families with dependent children: Youngest aged 5 to 11,15,9,8,8,0,1,1,0,6,0,6
S01009313,Families with dependent children: Youngest aged 12 to 18,23,12,9,8,1,3,0,3,11,0,11
S01009314,All families in households,213,191,161,153,8,30,27,3,22,3,19
S01009314,Families with no dependent children,138,128,110,108,2,18,18,0,10,1,9
S01009314,Families with dependent children: Total,75,63,51,45,6,12,9,3,12,2,10
S01009314,Families with dependent children: Youngest aged 0 to 4,22,20,13,12,1,7,6,1,2,0,2
S01009314,Families with dependent children: Youngest aged 5 to 11,25,22,19,18,1,3,3,0,3,0,3
S01009314,Families with dependent children: Youngest aged 12 to 18,28,21,19,15,4,2,0,2,7,2,5
S01009315,All families in households,187,144,117,116,1,27,21,6,43,10,33
S01009315,Families with no dependent children,116,101,84,83,1,17,15,2,15,6,9
S01009315,Families with dependent children: Total,71,43,33,33,0,10,6,4,28,4,24
S01009315,Families with dependent children: Youngest aged 0 to 4,24,15,8,8,0,7,4,3,9,1,8
S01009315,Families with dependent children: Youngest aged 5 to 11,24,12,9,9,0,3,2,1,12,1,11
S01009315,Families with dependent children: Youngest aged 12 to 18,23,16,16,16,0,0,0,0,7,2,5
S01009316,All families in households,214,192,170,163,7,22,18,4,22,3,19
S01009316,Families with no dependent children,125,113,99,95,4,14,11,3,12,2,10
S01009316,Families with dependent children: Total,89,79,71,68,3,8,7,1,10,1,9
S01009316,Families with dependent children: Youngest aged 0 to 4,23,21,15,15,0,6,6,0,2,0,2
S01009316,Families with dependent children: Youngest aged 5 to 11,33,30,29,28,1,1,1,0,3,0,3
S01009316,Families with dependent children: Youngest aged 12 to 18,33,28,27,25,2,1,0,1,5,1,4
S01009317,All families in households,276,245,226,225,1,19,16,3,31,5,26
S01009317,Families with no dependent children,186,170,159,158,1,11,11,0,16,3,13
S01009317,Families with dependent children: Total,90,75,67,67,0,8,5,3,15,2,13
S01009317,Families with dependent children: Youngest aged 0 to 4,21,21,17,17,0,4,4,0,0,0,0
S01009317,Families with dependent children: Youngest aged 5 to 11,36,28,27,27,0,1,1,0,8,0,8
S01009317,Families with dependent children: Youngest aged 12 to 18,33,26,23,23,0,3,0,3,7,2,5
S01009318,All families in households,202,176,162,156,6,14,11,3,26,3,23
S01009318,Families with no dependent children,126,110,101,98,3,9,7,2,16,3,13
S01009318,Families with dependent children: Total,76,66,61,58,3,5,4,1,10,0,10
S01009318,Families with dependent children: Youngest aged 0 to 4,28,27,26,25,1,1,1,0,1,0,1
S01009318,Families with dependent children: Youngest aged 5 to 11,18,13,9,8,1,4,3,1,5,0,5
S01009318,Families with dependent children: Youngest aged 12 to 18,30,26,26,25,1,0,0,0,4,0,4
S01009319,All families in households,300,278,253,246,7,25,22,3,22,6,16
S01009319,Families with no dependent children,216,201,186,184,2,15,14,1,15,4,11
S01009319,Families with dependent children: Total,84,77,67,62,5,10,8,2,7,2,5
S01009319,Families with dependent children: Youngest aged 0 to 4,28,28,23,22,1,5,5,0,0,0,0
S01009319,Families with dependent children: Youngest aged 5 to 11,25,21,19,18,1,2,1,1,4,1,3
S01009319,Families with dependent children: Youngest aged 12 to 18,31,28,25,22,3,3,2,1,3,1,2
S01009320,All families in households,200,174,148,143,5,26,24,2,26,2,24
S01009320,Families with no dependent children,121,111,97,96,1,14,14,0,10,1,9
S01009320,Families with dependent children: Total,79,63,51,47,4,12,10,2,16,1,15
S01009320,Families with dependent children: Youngest aged 0 to 4,36,29,22,20,2,7,6,1,7,0,7
S01009320,Families with dependent children: Youngest aged 5 to 11,23,19,16,16,0,3,2,1,4,0,4
S01009320,Families with dependent children: Youngest aged 12 to 18,20,15,13,11,2,2,2,0,5,1,4
S01009321,All families in households,228,212,192,187,5,20,17,3,16,3,13
S01009321,Families with no dependent children,150,143,135,132,3,8,8,0,7,3,4
S01009321,Families with dependent children: Total,78,69,57,55,2,12,9,3,9,0,9
S01009321,Families with dependent children: Youngest aged 0 to 4,28,25,20,19,1,5,4,1,3,0,3
S01009321,Families with dependent children: Youngest aged 5 to 11,23,21,16,16,0,5,3,2,2,0,2
S01009321,Families with dependent children: Youngest aged 12 to 18,27,23,21,20,1,2,2,0,4,0,4
S01009322,All families in households,267,241,208,199,9,33,30,3,26,3,23
S01009322,Families with no dependent children,186,175,153,152,1,22,21,1,11,3,8
S01009322,Families with dependent children: Total,81,66,55,47,8,11,9,2,15,0,15
S01009322,Families with dependent children: Youngest aged 0 to 4,32,29,21,17,4,8,7,1,3,0,3
S01009322,Families with dependent children: Youngest aged 5 to 11,28,21,19,16,3,2,1,1,7,0,7
S01009322,Families with dependent children: Youngest aged 12 to 18,21,16,15,14,1,1,1,0,5,0,5
S01009323,All families in households,189,147,126,121,5,21,19,2,42,9,33
S01009323,Families with no dependent children,130,117,101,98,3,16,15,1,13,5,8
S01009323,Families with dependent children: Total,59,30,25,23,2,5,4,1,29,4,25
S01009323,Families with dependent children: Youngest aged 0 to 4,20,10,8,8,0,2,2,0,10,1,9
S01009323,Families with dependent children: Youngest aged 5 to 11,21,9,9,9,0,0,0,0,12,3,9
S01009323,Families with dependent children: Youngest aged 12 to 18,18,11,8,6,2,3,2,1,7,0,7
S01009324,All families in households,170,131,98,95,3,33,28,5,39,5,34
S01009324,Families with no dependent children,110,100,76,75,1,24,24,0,10,2,8
S01009324,Families with dependent children: Total,60,31,22,20,2,9,4,5,29,3,26
S01009324,Families with dependent children: Youngest aged 0 to 4,21,15,9,8,1,6,4,2,6,1,5
S01009324,Families with dependent children: Youngest aged 5 to 11,19,8,6,6,0,2,0,2,11,0,11
S01009324,Families with dependent children: Youngest aged 12 to 18,20,8,7,6,1,1,0,1,12,2,10
S01009325,All families in households,224,199,154,148,6,45,39,6,25,3,22
S01009325,Families with no dependent children,103,100,74,71,3,26,25,1,3,1,2
S01009325,Families with dependent children: Total,121,99,80,77,3,19,14,5,22,2,20
S01009325,Families with dependent children: Youngest aged 0 to 4,58,54,42,41,1,12,10,2,4,0,4
S01009325,Families with dependent children: Youngest aged 5 to 11,30,24,22,21,1,2,1,1,6,0,6
S01009325,Families with dependent children: Youngest aged 12 to 18,33,21,16,15,1,5,3,2,12,2,10
S01009326,All families in households,176,139,104,100,4,35,26,9,37,3,34
S01009326,Families with no dependent children,59,54,42,41,1,12,12,0,5,0,5
S01009326,Families with dependent children: Total,117,85,62,59,3,23,14,9,32,3,29
S01009326,Families with dependent children: Youngest aged 0 to 4,47,36,26,25,1,10,8,2,11,0,11
S01009326,Families with dependent children: Youngest aged 5 to 11,45,33,23,22,1,10,6,4,12,0,12
S01009326,Families with dependent children: Youngest aged 12 to 18,25,16,13,12,1,3,0,3,9,3,6
S01009327,All families in households,200,172,150,144,6,22,18,4,28,1,27
S01009327,Families with no dependent children,138,127,114,111,3,13,12,1,11,1,10
S01009327,Families with dependent children: Total,62,45,36,33,3,9,6,3,17,0,17
S01009327,Families with dependent children: Youngest aged 0 to 4,23,16,10,10,0,6,5,1,7,0,7
S01009327,Families with dependent children: Youngest aged 5 to 11,20,16,14,14,0,2,1,1,4,0,4
S01009327,Families with dependent children: Youngest aged 12 to 18,19,13,12,9,3,1,0,1,6,0,6
S01009328,All families in households,204,197,150,140,10,47,42,5,7,1,6
S01009328,Families with no dependent children,82,79,48,47,1,31,29,2,3,1,2
S01009328,Families with dependent children: Total,122,118,102,93,9,16,13,3,4,0,4
S01009328,Families with dependent children: Youngest aged 0 to 4,83,82,70,68,2,12,11,1,1,0,1
S01009328,Families with dependent children: Youngest aged 5 to 11,27,27,25,21,4,2,1,1,0,0,0
S01009328,Families with dependent children: Youngest aged 12 to 18,12,9,7,4,3,2,1,1,3,0,3
S01009329,All families in households,128,104,60,54,6,44,43,1,24,1,23
S01009329,Families with no dependent children,65,60,25,25,0,35,35,0,5,0,5
S01009329,Families with dependent children: Total,63,44,35,29,6,9,8,1,19,1,18
S01009329,Families with dependent children: Youngest aged 0 to 4,38,29,21,16,5,8,7,1,9,0,9
S01009329,Families with dependent children: Youngest aged 5 to 11,17,11,10,10,0,1,1,0,6,1,5
S01009329,Families with dependent children: Youngest aged 12 to 18,8,4,4,3,1,0,0,0,4,0,4
S01009330,All families in households,149,118,77,68,9,41,36,5,31,1,30
S01009330,Families with no dependent children,54,49,28,26,2,21,20,1,5,0,5
S01009330,Families with dependent children: Total,95,69,49,42,7,20,16,4,26,1,25
S01009330,Families with dependent children: Youngest aged 0 to 4,51,40,26,25,1,14,14,0,11,0,11
S01009330,Families with dependent children: Youngest aged 5 to 11,23,18,14,10,4,4,2,2,5,0,5
S01009330,Families with dependent children: Youngest aged 12 to 18,21,11,9,7,2,2,0,2,10,1,9
S01009331,All families in households,168,157,137,127,10,20,15,5,11,0,11
S01009331,Families with no dependent children,58,55,46,44,2,9,9,0,3,0,3
S01009331,Families with dependent children: Total,110,102,91,83,8,11,6,5,8,0,8
S01009331,Families with dependent children: Youngest aged 0 to 4,37,35,30,30,0,5,4,1,2,0,2
S01009331,Families with dependent children: Youngest aged 5 to 11,40,36,32,31,1,4,2,2,4,0,4
S01009331,Families with dependent children: Youngest aged 12 to 18,33,31,29,22,7,2,0,2,2,0,2
S01009332,All families in households,282,261,229,222,7,32,27,5,21,5,16
S01009332,Families with no dependent children,160,153,135,131,4,18,17,1,7,1,6
S01009332,Families with dependent children: Total,122,108,94,91,3,14,10,4,14,4,10
S01009332,Families with dependent children: Youngest aged 0 to 4,42,41,34,33,1,7,7,0,1,1,0
S01009332,Families with dependent children: Youngest aged 5 to 11,37,34,31,30,1,3,2,1,3,2,1
S01009332,Families with dependent children: Youngest aged 12 to 18,43,33,29,28,1,4,1,3,10,1,9
S01009333,All families in households,203,153,107,99,8,46,37,9,50,9,41
S01009333,Families with no dependent children,108,93,69,67,2,24,23,1,15,5,10
S01009333,Families with dependent children: Total,95,60,38,32,6,22,14,8,35,4,31
S01009333,Families with dependent children: Youngest aged 0 to 4,47,38,24,23,1,14,12,2,9,0,9
S01009333,Families with dependent children: Youngest aged 5 to 11,30,13,9,7,2,4,1,3,17,2,15
S01009333,Families with dependent children: Youngest aged 12 to 18,18,9,5,2,3,4,1,3,9,2,7
S01009334,All families in households,180,117,90,83,7,27,21,6,63,7,56
S01009334,Families with no dependent children,93,77,64,60,4,13,12,1,16,3,13
S01009334,Families with dependent children: Total,87,40,26,23,3,14,9,5,47,4,43
S01009334,Families with dependent children: Youngest aged 0 to 4,27,15,7,6,1,8,6,2,12,0,12
S01009334,Families with dependent children: Youngest aged 5 to 11,36,14,10,10,0,4,3,1,22,1,21
S01009334,Families with dependent children: Youngest aged 12 to 18,24,11,9,7,2,2,0,2,13,3,10
S01009335,All families in households,227,176,139,129,10,37,35,2,51,8,43
S01009335,Families with no dependent children,134,118,95,90,5,23,23,0,16,0,16
S01009335,Families with dependent children: Total,93,58,44,39,5,14,12,2,35,8,27
S01009335,Families with dependent children: Youngest aged 0 to 4,32,24,16,14,2,8,7,1,8,2,6
S01009335,Families with dependent children: Youngest aged 5 to 11,31,14,9,8,1,5,4,1,17,4,13
S01009335,Families with dependent children: Youngest aged 12 to 18,30,20,19,17,2,1,1,0,10,2,8
S01009336,All families in households,197,110,74,68,6,36,30,6,87,10,77
S01009336,Families with no dependent children,91,67,50,50,0,17,17,0,24,4,20
S01009336,Families with dependent children: Total,106,43,24,18,6,19,13,6,63,6,57
S01009336,Families with dependent children: Youngest aged 0 to 4,47,18,5,4,1,13,12,1,29,1,28
S01009336,Families with dependent children: Youngest aged 5 to 11,26,10,7,6,1,3,0,3,16,2,14
S01009336,Families with dependent children: Youngest aged 12 to 18,33,15,12,8,4,3,1,2,18,3,15
S01009337,All families in households,212,141,95,92,3,46,35,11,71,17,54
S01009337,Families with no dependent children,99,81,61,60,1,20,19,1,18,6,12
S01009337,Families with dependent children: Total,113,60,34,32,2,26,16,10,53,11,42
S01009337,Families with dependent children: Youngest aged 0 to 4,42,30,14,12,2,16,11,5,12,1,11
S01009337,Families with dependent children: Youngest aged 5 to 11,37,15,8,8,0,7,3,4,22,3,19
S01009337,Families with dependent children: Youngest aged 12 to 18,34,15,12,12,0,3,2,1,19,7,12
S01009338,All families in households,183,140,96,91,5,44,35,9,43,5,38
S01009338,Families with no dependent children,117,100,74,72,2,26,25,1,17,5,12
S01009338,Families with dependent children: Total,66,40,22,19,3,18,10,8,26,0,26
S01009338,Families with dependent children: Youngest aged 0 to 4,22,15,8,7,1,7,4,3,7,0,7
S01009338,Families with dependent children: Youngest aged 5 to 11,29,18,8,6,2,10,5,5,11,0,11
S01009338,Families with dependent children: Youngest aged 12 to 18,15,7,6,6,0,1,1,0,8,0,8
S01009339,All families in households,236,146,93,82,11,53,42,11,90,14,76
S01009339,Families with no dependent children,104,82,60,56,4,22,21,1,22,8,14
S01009339,Families with dependent children: Total,132,64,33,26,7,31,21,10,68,6,62
S01009339,Families with dependent children: Youngest aged 0 to 4,61,32,18,17,1,14,9,5,29,1,28
S01009339,Families with dependent children: Youngest aged 5 to 11,40,15,6,3,3,9,7,2,25,2,23
S01009339,Families with dependent children: Youngest aged 12 to 18,31,17,9,6,3,8,5,3,14,3,11
S01009340,All families in households,177,118,92,86,6,26,19,7,59,8,51
S01009340,Families with no dependent children,98,83,70,68,2,13,12,1,15,3,12
S01009340,Families with dependent children: Total,79,35,22,18,4,13,7,6,44,5,39
S01009340,Families with dependent children: Youngest aged 0 to 4,30,13,4,4,0,9,6,3,17,1,16
S01009340,Families with dependent children: Youngest aged 5 to 11,23,11,8,4,4,3,1,2,12,0,12
S01009340,Families with dependent children: Youngest aged 12 to 18,26,11,10,10,0,1,0,1,15,4,11
S01009341,All families in households,168,119,100,94,6,19,12,7,49,14,35
S01009341,Families with no dependent children,105,78,70,68,2,8,8,0,27,9,18
S01009341,Families with dependent children: Total,63,41,30,26,4,11,4,7,22,5,17
S01009341,Families with dependent children: Youngest aged 0 to 4,22,14,11,10,1,3,2,1,8,1,7
S01009341,Families with dependent children: Youngest aged 5 to 11,18,12,8,8,0,4,1,3,6,1,5
S01009341,Families with dependent children: Youngest aged 12 to 18,23,15,11,8,3,4,1,3,8,3,5
S01009342,All families in households,231,179,126,121,5,53,39,14,52,7,45
S01009342,Families with no dependent children,138,117,97,96,1,20,19,1,21,6,15
S01009342,Families with dependent children: Total,93,62,29,25,4,33,20,13,31,1,30
S01009342,Families with dependent children: Youngest aged 0 to 4,38,29,9,9,0,20,16,4,9,0,9
S01009342,Families with dependent children: Youngest aged 5 to 11,28,15,8,7,1,7,3,4,13,0,13
S01009342,Families with dependent children: Youngest aged 12 to 18,27,18,12,9,3,6,1,5,9,1,8
S01009343,All families in households,180,136,96,92,4,40,32,8,44,6,38
S01009343,Families with no dependent children,97,84,62,60,2,22,20,2,13,2,11
S01009343,Families with dependent children: Total,83,52,34,32,2,18,12,6,31,4,27
S01009343,Families with dependent children: Youngest aged 0 to 4,39,24,13,13,0,11,8,3,15,1,14
S01009343,Families with dependent children: Youngest aged 5 to 11,22,15,10,10,0,5,3,2,7,0,7
S01009343,Families with dependent children: Youngest aged 12 to 18,22,13,11,9,2,2,1,1,9,3,6
S01009344,All families in households,208,159,121,118,3,38,33,5,49,5,44
S01009344,Families with no dependent children,131,111,90,89,1,21,21,0,20,2,18
S01009344,Families with dependent children: Total,77,48,31,29,2,17,12,5,29,3,26
S01009344,Families with dependent children: Youngest aged 0 to 4,19,13,8,8,0,5,5,0,6,1,5
S01009344,Families with dependent children: Youngest aged 5 to 11,33,22,12,11,1,10,5,5,11,2,9
S01009344,Families with dependent children: Youngest aged 12 to 18,25,13,11,10,1,2,2,0,12,0,12
S01009345,All families in households,298,225,181,168,13,44,36,8,73,11,62
S01009345,Families with no dependent children,160,138,109,105,4,29,26,3,22,5,17
S01009345,Families with dependent children: Total,138,87,72,63,9,15,10,5,51,6,45
S01009345,Families with dependent children: Youngest aged 0 to 4,48,34,24,21,3,10,7,3,14,1,13
S01009345,Families with dependent children: Youngest aged 5 to 11,52,28,23,20,3,5,3,2,24,2,22
S01009345,Families with dependent children: Youngest aged 12 to 18,38,25,25,22,3,0,0,0,13,3,10
S01009346,All families in households,214,198,169,162,7,29,23,6,16,1,15
S01009346,Families with no dependent children,72,70,56,56,0,14,13,1,2,0,2
S01009346,Families with dependent children: Total,142,128,113,106,7,15,10,5,14,1,13
S01009346,Families with dependent children: Youngest aged 0 to 4,85,79,69,65,4,10,9,1,6,1,5
S01009346,Families with dependent children: Youngest aged 5 to 11,36,31,29,29,0,2,1,1,5,0,5
S01009346,Families with dependent children: Youngest aged 12 to 18,21,18,15,12,3,3,0,3,3,0,3
S01009347,All families in households,205,198,179,174,5,19,13,6,7,1,6
S01009347,Families with no dependent children,68,67,62,59,3,5,5,0,1,0,1
S01009347,Families with dependent children: Total,137,131,117,115,2,14,8,6,6,1,5
S01009347,Families with dependent children: Youngest aged 0 to 4,55,53,48,47,1,5,4,1,2,1,1
S01009347,Families with dependent children: Youngest aged 5 to 11,60,58,51,51,0,7,3,4,2,0,2
S01009347,Families with dependent children: Youngest aged 12 to 18,22,20,18,17,1,2,1,1,2,0,2
S01009348,All families in households,147,138,117,110,7,21,16,5,9,1,8
S01009348,Families with no dependent children,46,43,36,35,1,7,6,1,3,1,2
S01009348,Families with dependent children: Total,101,95,81,75,6,14,10,4,6,0,6
S01009348,Families with dependent children: Youngest aged 0 to 4,50,47,38,36,2,9,8,1,3,0,3
S01009348,Families with dependent children: Youngest aged 5 to 11,30,29,25,23,2,4,2,2,1,0,1
S01009348,Families with dependent children: Youngest aged 12 to 18,21,19,18,16,2,1,0,1,2,0,2
S01009349,All families in households,240,220,182,169,13,38,33,5,20,2,18
S01009349,Families with no dependent children,96,93,68,63,5,25,24,1,3,0,3
S01009349,Families with dependent children: Total,144,127,114,106,8,13,9,4,17,2,15
S01009349,Families with dependent children: Youngest aged 0 to 4,84,80,72,70,2,8,7,1,4,1,3
S01009349,Families with dependent children: Youngest aged 5 to 11,41,32,28,24,4,4,2,2,9,1,8
S01009349,Families with dependent children: Youngest aged 12 to 18,19,15,14,12,2,1,0,1,4,0,4
S01009350,All families in households,184,153,102,95,7,51,48,3,31,1,30
S01009350,Families with no dependent children,70,68,36,36,0,32,32,0,2,0,2
S01009350,Families with dependent children: Total,114,85,66,59,7,19,16,3,29,1,28
S01009350,Families with dependent children: Youngest aged 0 to 4,48,36,23,23,0,13,12,1,12,1,11
S01009350,Families with dependent children: Youngest aged 5 to 11,42,31,27,22,5,4,4,0,11,0,11
S01009350,Families with dependent children: Youngest aged 12 to 18,24,18,16,14,2,2,0,2,6,0,6
S01009351,All families in households,151,139,105,99,6,34,32,2,12,1,11
S01009351,Families with no dependent children,72,70,44,43,1,26,26,0,2,0,2
S01009351,Families with dependent children: Total,79,69,61,56,5,8,6,2,10,1,9
S01009351,Families with dependent children: Youngest aged 0 to 4,47,43,36,35,1,7,5,2,4,1,3
S01009351,Families with dependent children: Youngest aged 5 to 11,23,18,17,14,3,1,1,0,5,0,5
S01009351,Families with dependent children: Youngest aged 12 to 18,9,8,8,7,1,0,0,0,1,0,1
S01009352,All families in households,243,216,156,148,8,60,50,10,27,3,24
S01009352,Families with no dependent children,100,96,55,54,1,41,39,2,4,0,4
S01009352,Families with dependent children: Total,143,120,101,94,7,19,11,8,23,3,20
S01009352,Families with dependent children: Youngest aged 0 to 4,90,82,72,71,1,10,9,1,8,1,7
S01009352,Families with dependent children: Youngest aged 5 to 11,29,21,16,13,3,5,2,3,8,0,8
S01009352,Families with dependent children: Youngest aged 12 to 18,24,17,13,10,3,4,0,4,7,2,5
S01009353,All families in households,130,120,86,82,4,34,27,7,10,1,9
S01009353,Families with no dependent children,65,63,42,42,0,21,19,2,2,1,1
S01009353,Families with dependent children: Total,65,57,44,40,4,13,8,5,8,0,8
S01009353,Families with dependent children: Youngest aged 0 to 4,31,30,21,20,1,9,6,3,1,0,1
S01009353,Families with dependent children: Youngest aged 5 to 11,26,21,18,16,2,3,2,1,5,0,5
S01009353,Families with dependent children: Youngest aged 12 to 18,8,6,5,4,1,1,0,1,2,0,2
S01009354,All families in households,270,250,210,193,17,40,35,5,20,1,19
S01009354,Families with no dependent children,98,93,71,70,1,22,21,1,5,1,4
S01009354,Families with dependent children: Total,172,157,139,123,16,18,14,4,15,0,15
S01009354,Families with dependent children: Youngest aged 0 to 4,83,76,66,59,7,10,9,1,7,0,7
S01009354,Families with dependent children: Youngest aged 5 to 11,56,52,45,42,3,7,4,3,4,0,4
S01009354,Families with dependent children: Youngest aged 12 to 18,33,29,28,22,6,1,1,0,4,0,4
S01009355,All families in households,288,261,226,218,8,35,31,4,27,6,21
S01009355,Families with no dependent children,199,188,163,160,3,25,25,0,11,5,6
S01009355,Families with dependent children: Total,89,73,63,58,5,10,6,4,16,1,15
S01009355,Families with dependent children: Youngest aged 0 to 4,25,22,17,17,0,5,4,1,3,0,3
S01009355,Families with dependent children: Youngest aged 5 to 11,33,29,27,24,3,2,1,1,4,0,4
S01009355,Families with dependent children: Youngest aged 12 to 18,31,22,19,17,2,3,1,2,9,1,8
S01009356,All families in households,321,284,248,241,7,36,33,3,37,5,32
S01009356,Families with no dependent children,222,204,177,175,2,27,26,1,18,3,15
S01009356,Families with dependent children: Total,99,80,71,66,5,9,7,2,19,2,17
S01009356,Families with dependent children: Youngest aged 0 to 4,33,30,24,23,1,6,6,0,3,0,3
S01009356,Families with dependent children: Youngest aged 5 to 11,27,23,22,21,1,1,0,1,4,0,4
S01009356,Families with dependent children: Youngest aged 12 to 18,39,27,25,22,3,2,1,1,12,2,10
S01009357,All families in households,158,143,115,111,4,28,21,7,15,5,10
S01009357,Families with no dependent children,83,80,62,61,1,18,16,2,3,1,2
S01009357,Families with dependent children: Total,75,63,53,50,3,10,5,5,12,4,8
S01009357,Families with dependent children: Youngest aged 0 to 4,39,35,31,30,1,4,3,1,4,1,3
S01009357,Families with dependent children: Youngest aged 5 to 11,20,16,13,12,1,3,2,1,4,2,2
S01009357,Families with dependent children: Youngest aged 12 to 18,16,12,9,8,1,3,0,3,4,1,3
S01009358,All families in households,230,221,205,201,4,16,13,3,9,1,8
S01009358,Families with no dependent children,120,118,105,103,2,13,12,1,2,0,2
S01009358,Families with dependent children: Total,110,103,100,98,2,3,1,2,7,1,6
S01009358,Families with dependent children: Youngest aged 0 to 4,29,28,28,28,0,0,0,0,1,0,1
S01009358,Families with dependent children: Youngest aged 5 to 11,46,43,41,41,0,2,1,1,3,0,3
S01009358,Families with dependent children: Youngest aged 12 to 18,35,32,31,29,2,1,0,1,3,1,2
S01009359,All families in households,248,218,175,168,7,43,37,6,30,4,26
S01009359,Families with no dependent children,114,107,78,78,0,29,28,1,7,2,5
S01009359,Families with dependent children: Total,134,111,97,90,7,14,9,5,23,2,21
S01009359,Families with dependent children: Youngest aged 0 to 4,60,55,44,44,0,11,9,2,5,0,5
S01009359,Families with dependent children: Youngest aged 5 to 11,41,32,31,28,3,1,0,1,9,0,9
S01009359,Families with dependent children: Youngest aged 12 to 18,33,24,22,18,4,2,0,2,9,2,7
S01009360,All families in households,253,220,184,183,1,36,32,4,33,3,30
S01009360,Families with no dependent children,159,147,119,118,1,28,27,1,12,2,10
S01009360,Families with dependent children: Total,94,73,65,65,0,8,5,3,21,1,20
S01009360,Families with dependent children: Youngest aged 0 to 4,30,25,19,19,0,6,5,1,5,0,5
S01009360,Families with dependent children: Youngest aged 5 to 11,33,24,22,22,0,2,0,2,9,1,8
S01009360,Families with dependent children: Youngest aged 12 to 18,31,24,24,24,0,0,0,0,7,0,7
S01009361,All families in households,241,211,184,177,7,27,18,9,30,4,26
S01009361,Families with no dependent children,159,146,132,129,3,14,14,0,13,2,11
S01009361,Families with dependent children: Total,82,65,52,48,4,13,4,9,17,2,15
S01009361,Families with dependent children: Youngest aged 0 to 4,28,24,16,14,2,8,3,5,4,1,3
S01009361,Families with dependent children: Youngest aged 5 to 11,33,23,19,19,0,4,1,3,10,1,9
S01009361,Families with dependent children: Youngest aged 12 to 18,21,18,17,15,2,1,0,1,3,0,3
S01009362,All families in households,338,313,288,280,8,25,18,7,25,6,19
S01009362,Families with no dependent children,223,211,203,201,2,8,7,1,12,3,9
S01009362,Families with dependent children: Total,115,102,85,79,6,17,11,6,13,3,10
S01009362,Families with dependent children: Youngest aged 0 to 4,38,34,24,23,1,10,8,2,4,0,4
S01009362,Families with dependent children: Youngest aged 5 to 11,27,25,21,20,1,4,3,1,2,0,2
S01009362,Families with dependent children: Youngest aged 12 to 18,50,43,40,36,4,3,0,3,7,3,4
S01009363,All families in households,268,214,163,155,8,51,46,5,54,4,50
S01009363,Families with no dependent children,167,142,110,106,4,32,32,0,25,3,22
S01009363,Families with dependent children: Total,101,72,53,49,4,19,14,5,29,1,28
S01009363,Families with dependent children: Youngest aged 0 to 4,37,29,18,16,2,11,9,2,8,0,8
S01009363,Families with dependent children: Youngest aged 5 to 11,29,21,17,15,2,4,2,2,8,0,8
S01009363,Families with dependent children: Youngest aged 12 to 18,35,22,18,18,0,4,3,1,13,1,12
S01009364,All families in households,269,222,178,159,19,44,34,10,47,5,42
S01009364,Families with no dependent children,163,141,117,108,9,24,21,3,22,3,19
S01009364,Families with dependent children: Total,106,81,61,51,10,20,13,7,25,2,23
S01009364,Families with dependent children: Youngest aged 0 to 4,47,38,24,18,6,14,13,1,9,0,9
S01009364,Families with dependent children: Youngest aged 5 to 11,30,19,16,14,2,3,0,3,11,1,10
S01009364,Families with dependent children: Youngest aged 12 to 18,29,24,21,19,2,3,0,3,5,1,4
S01009365,All families in households,173,139,113,109,4,26,24,2,34,4,30
S01009365,Families with no dependent children,111,99,82,80,2,17,17,0,12,2,10
S01009365,Families with dependent children: Total,62,40,31,29,2,9,7,2,22,2,20
S01009365,Families with dependent children: Youngest aged 0 to 4,23,17,13,13,0,4,4,0,6,0,6
S01009365,Families with dependent children: Youngest aged 5 to 11,22,11,8,7,1,3,2,1,11,0,11
S01009365,Families with dependent children: Youngest aged 12 to 18,17,12,10,9,1,2,1,1,5,2,3
S01009366,All families in households,224,169,138,130,8,31,27,4,55,9,46
S01009366,Families with no dependent children,141,118,98,95,3,20,20,0,23,7,16
S01009366,Families with dependent children: Total,83,51,40,35,5,11,7,4,32,2,30
S01009366,Families with dependent children: Youngest aged 0 to 4,41,26,20,17,3,6,4,2,15,0,15
S01009366,Families with dependent children: Youngest aged 5 to 11,27,15,12,10,2,3,2,1,12,2,10
S01009366,Families with dependent children: Youngest aged 12 to 18,15,10,8,8,0,2,1,1,5,0,5
S01009367,All families in households,190,143,105,99,6,38,30,8,47,4,43
S01009367,Families with no dependent children,104,87,68,68,0,19,15,4,17,3,14
S01009367,Families with dependent children: Total,86,56,37,31,6,19,15,4,30,1,29
S01009367,Families with dependent children: Youngest aged 0 to 4,38,30,13,12,1,17,14,3,8,0,8
S01009367,Families with dependent children: Youngest aged 5 to 11,27,13,11,10,1,2,1,1,14,1,13
S01009367,Families with dependent children: Youngest aged 12 to 18,21,13,13,9,4,0,0,0,8,0,8
S01009368,All families in households,172,132,107,97,10,25,21,4,40,5,35
S01009368,Families with no dependent children,93,78,64,61,3,14,13,1,15,5,10
S01009368,Families with dependent children: Total,79,54,43,36,7,11,8,3,25,0,25
S01009368,Families with dependent children: Youngest aged 0 to 4,24,16,12,8,4,4,4,0,8,0,8
S01009368,Families with dependent children: Youngest aged 5 to 11,29,18,14,12,2,4,3,1,11,0,11
S01009368,Families with dependent children: Youngest aged 12 to 18,26,20,17,16,1,3,1,2,6,0,6
S01009369,All families in households,179,148,111,104,7,37,28,9,31,6,25
S01009369,Families with no dependent children,98,90,70,68,2,20,19,1,8,3,5
S01009369,Families with dependent children: Total,81,58,41,36,5,17,9,8,23,3,20
S01009369,Families with dependent children: Youngest aged 0 to 4,26,20,11,11,0,9,7,2,6,0,6
S01009369,Families with dependent children: Youngest aged 5 to 11,29,19,16,14,2,3,1,2,10,1,9
S01009369,Families with dependent children: Youngest aged 12 to 18,26,19,14,11,3,5,1,4,7,2,5
S01009370,All families in households,269,208,181,173,8,27,19,8,61,13,48
S01009370,Families with no dependent children,192,160,141,139,2,19,16,3,32,10,22
S01009370,Families with dependent children: Total,77,48,40,34,6,8,3,5,29,3,26
S01009370,Families with dependent children: Youngest aged 0 to 4,28,21,17,16,1,4,3,1,7,0,7
S01009370,Families with dependent children: Youngest aged 5 to 11,23,10,7,5,2,3,0,3,13,1,12
S01009370,Families with dependent children: Youngest aged 12 to 18,26,17,16,13,3,1,0,1,9,2,7
S01009371,All families in households,163,137,105,104,1,32,29,3,26,0,26
S01009371,Families with no dependent children,99,91,72,71,1,19,19,0,8,0,8
S01009371,Families with dependent children: Total,64,46,33,33,0,13,10,3,18,0,18
S01009371,Families with dependent children: Youngest aged 0 to 4,21,20,13,13,0,7,6,1,1,0,1
S01009371,Families with dependent children: Youngest aged 5 to 11,24,16,11,11,0,5,4,1,8,0,8
S01009371,Families with dependent children: Youngest aged 12 to 18,19,10,9,9,0,1,0,1,9,0,9
S01009372,All families in households,154,128,97,91,6,31,25,6,26,3,23
S01009372,Families with no dependent children,89,81,63,60,3,18,17,1,8,0,8
S01009372,Families with dependent children: Total,65,47,34,31,3,13,8,5,18,3,15
S01009372,Families with dependent children: Youngest aged 0 to 4,20,15,8,8,0,7,5,2,5,1,4
S01009372,Families with dependent children: Youngest aged 5 to 11,16,13,10,7,3,3,2,1,3,0,3
S01009372,Families with dependent children: Youngest aged 12 to 18,29,19,16,16,0,3,1,2,10,2,8
S01009373,All families in households,232,168,110,103,7,58,50,8,64,10,54
S01009373,Families with no dependent children,124,106,69,66,3,37,34,3,18,3,15
S01009373,Families with dependent children: Total,108,62,41,37,4,21,16,5,46,7,39
S01009373,Families with dependent children: Youngest aged 0 to 4,45,28,14,13,1,14,14,0,17,2,15
S01009373,Families with dependent children: Youngest aged 5 to 11,39,22,19,17,2,3,1,2,17,3,14
S01009373,Families with dependent children: Youngest aged 12 to 18,24,12,8,7,1,4,1,3,12,2,10
S01009374,All families in households,238,193,156,147,9,37,29,8,45,9,36
S01009374,Families with no dependent children,153,131,110,106,4,21,17,4,22,8,14
S01009374,Families with dependent children: Total,85,62,46,41,5,16,12,4,23,1,22
S01009374,Families with dependent children: Youngest aged 0 to 4,31,28,18,16,2,10,8,2,3,0,3
S01009374,Families with dependent children: Youngest aged 5 to 11,31,20,16,15,1,4,3,1,11,1,10
S01009374,Families with dependent children: Youngest aged 12 to 18,23,14,12,10,2,2,1,1,9,0,9
S01009375,All families in households,244,185,142,134,8,43,34,9,59,10,49
S01009375,Families with no dependent children,136,119,96,94,2,23,23,0,17,4,13
S01009375,Families with dependent children: Total,108,66,46,40,6,20,11,9,42,6,36
S01009375,Families with dependent children: Youngest aged 0 to 4,33,24,15,13,2,9,6,3,9,0,9
S01009375,Families with dependent children: Youngest aged 5 to 11,51,27,19,17,2,8,4,4,24,6,18
S01009375,Families with dependent children: Youngest aged 12 to 18,24,15,12,10,2,3,1,2,9,0,9
S01009376,All families in households,170,132,107,103,4,25,19,6,38,8,30
S01009376,Families with no dependent children,102,86,77,76,1,9,8,1,16,6,10
S01009376,Families with dependent children: Total,68,46,30,27,3,16,11,5,22,2,20
S01009376,Families with dependent children: Youngest aged 0 to 4,26,20,12,11,1,8,7,1,6,0,6
S01009376,Families with dependent children: Youngest aged 5 to 11,24,15,8,8,0,7,4,3,9,0,9
S01009376,Families with dependent children: Youngest aged 12 to 18,18,11,10,8,2,1,0,1,7,2,5
S01009377,All families in households,274,214,157,144,13,57,46,11,60,6,54
S01009377,Families with no dependent children,110,98,74,68,6,24,24,0,12,1,11
S01009377,Families with dependent children: Total,164,116,83,76,7,33,22,11,48,5,43
S01009377,Families with dependent children: Youngest aged 0 to 4,84,63,40,39,1,23,17,6,21,1,20
S01009377,Families with dependent children: Youngest aged 5 to 11,45,29,21,18,3,8,5,3,16,1,15
S01009377,Families with dependent children: Youngest aged 12 to 18,35,24,22,19,3,2,0,2,11,3,8
S01009378,All families in households,306,214,165,144,21,49,35,14,92,9,83
S01009378,Families with no dependent children,137,119,96,90,6,23,20,3,18,5,13
S01009378,Families with dependent children: Total,169,95,69,54,15,26,15,11,74,4,70
S01009378,Families with dependent children: Youngest aged 0 to 4,52,31,24,19,5,7,6,1,21,0,21
S01009378,Families with dependent children: Youngest aged 5 to 11,65,36,22,15,7,14,7,7,29,3,26
S01009378,Families with dependent children: Youngest aged 12 to 18,52,28,23,20,3,5,2,3,24,1,23
S01009379,All families in households,287,237,179,160,19,58,47,11,50,4,46
S01009379,Families with no dependent children,103,92,67,66,1,25,24,1,11,0,11
S01009379,Families with dependent children: Total,184,145,112,94,18,33,23,10,39,4,35
S01009379,Families with dependent children: Youngest aged 0 to 4,82,70,51,46,5,19,13,6,12,0,12
S01009379,Families with dependent children: Youngest aged 5 to 11,58,44,34,27,7,10,8,2,14,2,12
S01009379,Families with dependent children: Youngest aged 12 to 18,44,31,27,21,6,4,2,2,13,2,11
S01009380,All families in households,172,148,116,109,7,32,25,7,24,4,20
S01009380,Families with no dependent children,94,86,74,72,2,12,10,2,8,2,6
S01009380,Families with dependent children: Total,78,62,42,37,5,20,15,5,16,2,14
S01009380,Families with dependent children: Youngest aged 0 to 4,30,26,15,14,1,11,10,1,4,0,4
S01009380,Families with dependent children: Youngest aged 5 to 11,28,24,18,16,2,6,3,3,4,1,3
S01009380,Families with dependent children: Youngest aged 12 to 18,20,12,9,7,2,3,2,1,8,1,7
S01009381,All families in households,197,165,115,113,2,50,47,3,32,4,28
S01009381,Families with no dependent children,119,105,72,71,1,33,33,0,14,2,12
S01009381,Families with dependent children: Total,78,60,43,42,1,17,14,3,18,2,16
S01009381,Families with dependent children: Youngest aged 0 to 4,33,28,18,17,1,10,10,0,5,0,5
S01009381,Families with dependent children: Youngest aged 5 to 11,21,14,11,11,0,3,3,0,7,1,6
S01009381,Families with dependent children: Youngest aged 12 to 18,24,18,14,14,0,4,1,3,6,1,5
S01009382,All families in households,232,190,151,142,9,39,32,7,42,8,34
S01009382,Families with no dependent children,152,134,111,106,5,23,21,2,18,7,11
S01009382,Families with dependent children: Total,80,56,40,36,4,16,11,5,24,1,23
S01009382,Families with dependent children: Youngest aged 0 to 4,22,19,11,9,2,8,5,3,3,0,3
S01009382,Families with dependent children: Youngest aged 5 to 11,26,19,15,13,2,4,4,0,7,0,7
S01009382,Families with dependent children: Youngest aged 12 to 18,32,18,14,14,0,4,2,2,14,1,13
S01009383,All families in households,220,156,107,103,4,49,43,6,64,10,54
S01009383,Families with no dependent children,127,107,78,77,1,29,29,0,20,9,11
S01009383,Families with dependent children: Total,93,49,29,26,3,20,14,6,44,1,43
S01009383,Families with dependent children: Youngest aged 0 to 4,37,20,8,8,0,12,10,2,17,0,17
S01009383,Families with dependent children: Youngest aged 5 to 11,31,15,11,8,3,4,3,1,16,1,15
S01009383,Families with dependent children: Youngest aged 12 to 18,25,14,10,10,0,4,1,3,11,0,11
S01009384,All families in households,183,163,134,133,1,29,24,5,20,3,17
S01009384,Families with no dependent children,122,111,90,89,1,21,20,1,11,3,8
S01009384,Families with dependent children: Total,61,52,44,44,0,8,4,4,9,0,9
S01009384,Families with dependent children: Youngest aged 0 to 4,20,16,16,16,0,0,0,0,4,0,4
S01009384,Families with dependent children: Youngest aged 5 to 11,27,22,18,18,0,4,3,1,5,0,5
S01009384,Families with dependent children: Youngest aged 12 to 18,14,14,10,10,0,4,1,3,0,0,0
S01009385,All families in households,159,130,105,101,4,25,21,4,29,5,24
S01009385,Families with no dependent children,99,91,80,78,2,11,11,0,8,2,6
S01009385,Families with dependent children: Total,60,39,25,23,2,14,10,4,21,3,18
S01009385,Families with dependent children: Youngest aged 0 to 4,27,21,13,12,1,8,7,1,6,0,6
S01009385,Families with dependent children: Youngest aged 5 to 11,18,10,6,5,1,4,2,2,8,2,6
S01009385,Families with dependent children: Youngest aged 12 to 18,15,8,6,6,0,2,1,1,7,1,6
S01009386,All families in households,208,171,132,126,6,39,29,10,37,3,34
S01009386,Families with no dependent children,128,113,95,93,2,18,16,2,15,2,13
S01009386,Families with dependent children: Total,80,58,37,33,4,21,13,8,22,1,21
S01009386,Families with dependent children: Youngest aged 0 to 4,33,27,16,14,2,11,7,4,6,1,5
S01009386,Families with dependent children: Youngest aged 5 to 11,24,19,13,12,1,6,5,1,5,0,5
S01009386,Families with dependent children: Youngest aged 12 to 18,23,12,8,7,1,4,1,3,11,0,11
S01009387,All families in households,195,145,113,107,6,32,24,8,50,10,40
S01009387,Families with no dependent children,113,100,86,82,4,14,13,1,13,2,11
S01009387,Families with dependent children: Total,82,45,27,25,2,18,11,7,37,8,29
S01009387,Families with dependent children: Youngest aged 0 to 4,37,22,14,14,0,8,7,1,15,3,12
S01009387,Families with dependent children: Youngest aged 5 to 11,24,12,7,7,0,5,2,3,12,3,9
S01009387,Families with dependent children: Youngest aged 12 to 18,21,11,6,4,2,5,2,3,10,2,8
S01009388,All families in households,259,161,91,82,9,70,59,11,98,20,78
S01009388,Families with no dependent children,101,85,49,47,2,36,34,2,16,3,13
S01009388,Families with dependent children: Total,158,76,42,35,7,34,25,9,82,17,65
S01009388,Families with dependent children: Youngest aged 0 to 4,74,45,22,20,2,23,20,3,29,6,23
S01009388,Families with dependent children: Youngest aged 5 to 11,42,16,10,7,3,6,3,3,26,5,21
S01009388,Families with dependent children: Youngest aged 12 to 18,42,15,10,8,2,5,2,3,27,6,21
S01009389,All families in households,268,238,198,193,5,40,33,7,30,7,23
S01009389,Families with no dependent children,191,174,148,146,2,26,24,2,17,5,12
S01009389,Families with dependent children: Total,77,64,50,47,3,14,9,5,13,2,11
S01009389,Families with dependent children: Youngest aged 0 to 4,27,24,17,16,1,7,5,2,3,0,3
S01009389,Families with dependent children: Youngest aged 5 to 11,22,16,11,11,0,5,3,2,6,0,6
S01009389,Families with dependent children: Youngest aged 12 to 18,28,24,22,20,2,2,1,1,4,2,2
S01009390,All families in households,224,209,185,181,4,24,22,2,15,5,10
S01009390,Families with no dependent children,78,76,63,63,0,13,13,0,2,1,1
S01009390,Families with dependent children: Total,146,133,122,118,4,11,9,2,13,4,9
S01009390,Families with dependent children: Youngest aged 0 to 4,40,39,35,34,1,4,4,0,1,0,1
S01009390,Families with dependent children: Youngest aged 5 to 11,57,51,48,47,1,3,2,1,6,3,3
S01009390,Families with dependent children: Youngest aged 12 to 18,49,43,39,37,2,4,3,1,6,1,5
S01009391,All families in households,213,189,151,147,4,38,33,5,24,3,21
S01009391,Families with no dependent children,93,85,65,64,1,20,20,0,8,3,5
S01009391,Families with dependent children: Total,120,104,86,83,3,18,13,5,16,0,16
S01009391,Families with dependent children: Youngest aged 0 to 4,45,42,31,30,1,11,9,2,3,0,3
S01009391,Families with dependent children: Youngest aged 5 to 11,47,41,38,37,1,3,3,0,6,0,6
S01009391,Families with dependent children: Youngest aged 12 to 18,28,21,17,16,1,4,1,3,7,0,7
S01009392,All families in households,166,157,134,127,7,23,21,2,9,1,8
S01009392,Families with no dependent children,56,56,42,40,2,14,13,1,0,0,0
S01009392,Families with dependent children: Total,110,101,92,87,5,9,8,1,9,1,8
S01009392,Families with dependent children: Youngest aged 0 to 4,47,44,38,36,2,6,6,0,3,0,3
S01009392,Families with dependent children: Youngest aged 5 to 11,39,38,37,36,1,1,1,0,1,0,1
S01009392,Families with dependent children: Youngest aged 12 to 18,24,19,17,15,2,2,1,1,5,1,4
S01009393,All families in households,219,195,172,167,5,23,17,6,24,5,19
S01009393,Families with no dependent children,130,123,111,110,1,12,11,1,7,0,7
S01009393,Families with dependent children: Total,89,72,61,57,4,11,6,5,17,5,12
S01009393,Families with dependent children: Youngest aged 0 to 4,30,26,21,20,1,5,4,1,4,2,2
S01009393,Families with dependent children: Youngest aged 5 to 11,35,28,23,21,2,5,2,3,7,0,7
S01009393,Families with dependent children: Youngest aged 12 to 18,24,18,17,16,1,1,0,1,6,3,3
S01009394,All families in households,256,230,179,172,7,51,47,4,26,3,23
S01009394,Families with no dependent children,154,150,114,112,2,36,36,0,4,0,4
S01009394,Families with dependent children: Total,102,80,65,60,5,15,11,4,22,3,19
S01009394,Families with dependent children: Youngest aged 0 to 4,45,35,27,27,0,8,8,0,10,0,10
S01009394,Families with dependent children: Youngest aged 5 to 11,34,27,23,20,3,4,2,2,7,2,5
S01009394,Families with dependent children: Youngest aged 12 to 18,23,18,15,13,2,3,1,2,5,1,4
S01009395,All families in households,233,213,204,202,2,9,7,2,20,1,19
S01009395,Families with no dependent children,173,163,158,158,0,5,4,1,10,1,9
S01009395,Families with dependent children: Total,60,50,46,44,2,4,3,1,10,0,10
S01009395,Families with dependent children: Youngest aged 0 to 4,16,14,12,10,2,2,1,1,2,0,2
S01009395,Families with dependent children: Youngest aged 5 to 11,22,18,18,18,0,0,0,0,4,0,4
S01009395,Families with dependent children: Youngest aged 12 to 18,22,18,16,16,0,2,2,0,4,0,4
S01009396,All families in households,253,233,209,201,8,24,20,4,20,8,12
S01009396,Families with no dependent children,173,166,151,148,3,15,15,0,7,3,4
S01009396,Families with dependent children: Total,80,67,58,53,5,9,5,4,13,5,8
S01009396,Families with dependent children: Youngest aged 0 to 4,23,23,20,19,1,3,2,1,0,0,0
S01009396,Families with dependent children: Youngest aged 5 to 11,34,28,25,23,2,3,2,1,6,0,6
S01009396,Families with dependent children: Youngest aged 12 to 18,23,16,13,11,2,3,1,2,7,5,2
S01009397,All families in households,216,197,177,174,3,20,18,2,19,5,14
S01009397,Families with no dependent children,150,143,127,126,1,16,15,1,7,3,4
S01009397,Families with dependent children: Total,66,54,50,48,2,4,3,1,12,2,10
S01009397,Families with dependent children: Youngest aged 0 to 4,21,19,16,16,0,3,2,1,2,0,2
S01009397,Families with dependent children: Youngest aged 5 to 11,24,19,18,17,1,1,1,0,5,0,5
S01009397,Families with dependent children: Youngest aged 12 to 18,21,16,16,15,1,0,0,0,5,2,3
S01009398,All families in households,214,187,152,145,7,35,30,5,27,4,23
S01009398,Families with no dependent children,120,110,91,90,1,19,19,0,10,4,6
S01009398,Families with dependent children: Total,94,77,61,55,6,16,11,5,17,0,17
S01009398,Families with dependent children: Youngest aged 0 to 4,32,25,16,14,2,9,9,0,7,0,7
S01009398,Families with dependent children: Youngest aged 5 to 11,32,25,22,20,2,3,2,1,7,0,7
S01009398,Families with dependent children: Youngest aged 12 to 18,30,27,23,21,2,4,0,4,3,0,3
S01009399,All families in households,227,205,181,173,8,24,21,3,22,6,16
S01009399,Families with no dependent children,158,148,131,127,4,17,16,1,10,3,7
S01009399,Families with dependent children: Total,69,57,50,46,4,7,5,2,12,3,9
S01009399,Families with dependent children: Youngest aged 0 to 4,33,31,26,24,2,5,4,1,2,0,2
S01009399,Families with dependent children: Youngest aged 5 to 11,17,15,15,13,2,0,0,0,2,0,2
S01009399,Families with dependent children: Youngest aged 12 to 18,19,11,9,9,0,2,1,1,8,3,5
S01009400,All families in households,160,129,103,96,7,26,20,6,31,3,28
S01009400,Families with no dependent children,100,91,73,68,5,18,15,3,9,0,9
S01009400,Families with dependent children: Total,60,38,30,28,2,8,5,3,22,3,19
S01009400,Families with dependent children: Youngest aged 0 to 4,17,14,10,10,0,4,3,1,3,1,2
S01009400,Families with dependent children: Youngest aged 5 to 11,22,12,10,10,0,2,1,1,10,1,9
S01009400,Families with dependent children: Youngest aged 12 to 18,21,12,10,8,2,2,1,1,9,1,8
S01009401,All families in households,227,206,193,188,5,13,9,4,21,3,18
S01009401,Families with no dependent children,154,145,137,136,1,8,7,1,9,2,7
S01009401,Families with dependent children: Total,73,61,56,52,4,5,2,3,12,1,11
S01009401,Families with dependent children: Youngest aged 0 to 4,18,15,13,13,0,2,2,0,3,0,3
S01009401,Families with dependent children: Youngest aged 5 to 11,21,18,17,14,3,1,0,1,3,1,2
S01009401,Families with dependent children: Youngest aged 12 to 18,34,28,26,25,1,2,0,2,6,0,6
S01009402,All families in households,307,281,255,252,3,26,16,10,26,3,23
S01009402,Families with no dependent children,197,187,178,178,0,9,7,2,10,3,7
S01009402,Families with dependent children: Total,110,94,77,74,3,17,9,8,16,0,16
S01009402,Families with dependent children: Youngest aged 0 to 4,29,27,22,21,1,5,5,0,2,0,2
S01009402,Families with dependent children: Youngest aged 5 to 11,35,27,22,20,2,5,4,1,8,0,8
S01009402,Families with dependent children: Youngest aged 12 to 18,46,40,33,33,0,7,0,7,6,0,6
S01009403,All families in households,167,147,122,117,5,25,18,7,20,1,19
S01009403,Families with no dependent children,83,79,69,68,1,10,9,1,4,0,4
S01009403,Families with dependent children: Total,84,68,53,49,4,15,9,6,16,1,15
S01009403,Families with dependent children: Youngest aged 0 to 4,30,28,22,19,3,6,3,3,2,0,2
S01009403,Families with dependent children: Youngest aged 5 to 11,22,16,10,10,0,6,5,1,6,1,5
S01009403,Families with dependent children: Youngest aged 12 to 18,32,24,21,20,1,3,1,2,8,0,8
S01009404,All families in households,170,113,88,80,8,25,21,4,57,8,49
S01009404,Families with no dependent children,99,81,62,58,4,19,17,2,18,6,12
S01009404,Families with dependent children: Total,71,32,26,22,4,6,4,2,39,2,37
S01009404,Families with dependent children: Youngest aged 0 to 4,25,14,11,10,1,3,2,1,11,0,11
S01009404,Families with dependent children: Youngest aged 5 to 11,23,9,7,7,0,2,1,1,14,2,12
S01009404,Families with dependent children: Youngest aged 12 to 18,23,9,8,5,3,1,1,0,14,0,14
S01009405,All families in households,128,122,109,100,9,13,9,4,6,0,6
S01009405,Families with no dependent children,83,78,68,64,4,10,9,1,5,0,5
S01009405,Families with dependent children: Total,45,44,41,36,5,3,0,3,1,0,1
S01009405,Families with dependent children: Youngest aged 0 to 4,11,11,11,9,2,0,0,0,0,0,0
S01009405,Families with dependent children: Youngest aged 5 to 11,18,17,16,14,2,1,0,1,1,0,1
S01009405,Families with dependent children: Youngest aged 12 to 18,16,16,14,13,1,2,0,2,0,0,0
S01009406,All families in households,273,225,164,161,3,61,53,8,48,9,39
S01009406,Families with no dependent children,169,153,114,114,0,39,39,0,16,7,9
S01009406,Families with dependent children: Total,104,72,50,47,3,22,14,8,32,2,30
S01009406,Families with dependent children: Youngest aged 0 to 4,37,27,17,15,2,10,8,2,10,0,10
S01009406,Families with dependent children: Youngest aged 5 to 11,36,26,20,20,0,6,3,3,10,0,10
S01009406,Families with dependent children: Youngest aged 12 to 18,31,19,13,12,1,6,3,3,12,2,10
S01009407,All families in households,165,147,116,114,2,31,28,3,18,4,14
S01009407,Families with no dependent children,105,98,80,80,0,18,18,0,7,3,4
S01009407,Families with dependent children: Total,60,49,36,34,2,13,10,3,11,1,10
S01009407,Families with dependent children: Youngest aged 0 to 4,16,14,9,9,0,5,4,1,2,0,2
S01009407,Families with dependent children: Youngest aged 5 to 11,21,17,11,10,1,6,5,1,4,0,4
S01009407,Families with dependent children: Youngest aged 12 to 18,23,18,16,15,1,2,1,1,5,1,4
S01009408,All families in households,244,220,175,165,10,45,40,5,24,2,22
S01009408,Families with no dependent children,150,145,114,112,2,31,30,1,5,2,3
S01009408,Families with dependent children: Total,94,75,61,53,8,14,10,4,19,0,19
S01009408,Families with dependent children: Youngest aged 0 to 4,42,35,25,24,1,10,9,1,7,0,7
S01009408,Families with dependent children: Youngest aged 5 to 11,34,25,23,19,4,2,1,1,9,0,9
S01009408,Families with dependent children: Youngest aged 12 to 18,18,15,13,10,3,2,0,2,3,0,3
S01009409,All families in households,210,170,135,126,9,35,28,7,40,6,34
S01009409,Families with no dependent children,129,119,105,102,3,14,12,2,10,4,6
S01009409,Families with dependent children: Total,81,51,30,24,6,21,16,5,30,2,28
S01009409,Families with dependent children: Youngest aged 0 to 4,30,24,11,9,2,13,12,1,6,0,6
S01009409,Families with dependent children: Youngest aged 5 to 11,23,14,10,8,2,4,1,3,9,0,9
S01009409,Families with dependent children: Youngest aged 12 to 18,28,13,9,7,2,4,3,1,15,2,13
S01009410,All families in households,257,207,149,137,12,58,42,16,50,8,42
S01009410,Families with no dependent children,144,131,105,101,4,26,22,4,13,5,8
S01009410,Families with dependent children: Total,113,76,44,36,8,32,20,12,37,3,34
S01009410,Families with dependent children: Youngest aged 0 to 4,44,33,16,15,1,17,13,4,11,0,11
S01009410,Families with dependent children: Youngest aged 5 to 11,43,25,14,11,3,11,5,6,18,0,18
S01009410,Families with dependent children: Youngest aged 12 to 18,26,18,14,10,4,4,2,2,8,3,5
S01009411,All families in households,257,204,159,153,6,45,32,13,53,5,48
S01009411,Families with no dependent children,150,126,104,101,3,22,21,1,24,3,21
S01009411,Families with dependent children: Total,107,78,55,52,3,23,11,12,29,2,27
S01009411,Families with dependent children: Youngest aged 0 to 4,52,39,26,25,1,13,7,6,13,0,13
S01009411,Families with dependent children: Youngest aged 5 to 11,25,19,13,12,1,6,3,3,6,2,4
S01009411,Families with dependent children: Youngest aged 12 to 18,30,20,16,15,1,4,1,3,10,0,10
S01009412,All families in households,248,197,149,147,2,48,37,11,51,4,47
S01009412,Families with no dependent children,156,134,115,114,1,19,17,2,22,3,19
S01009412,Families with dependent children: Total,92,63,34,33,1,29,20,9,29,1,28
S01009412,Families with dependent children: Youngest aged 0 to 4,38,32,14,13,1,18,14,4,6,0,6
S01009412,Families with dependent children: Youngest aged 5 to 11,30,18,12,12,0,6,3,3,12,1,11
S01009412,Families with dependent children: Youngest aged 12 to 18,24,13,8,8,0,5,3,2,11,0,11
S01009413,All families in households,292,255,206,196,10,49,40,9,37,3,34
S01009413,Families with no dependent children,186,171,141,136,5,30,25,5,15,3,12
S01009413,Families with dependent children: Total,106,84,65,60,5,19,15,4,22,0,22
S01009413,Families with dependent children: Youngest aged 0 to 4,40,36,27,27,0,9,8,1,4,0,4
S01009413,Families with dependent children: Youngest aged 5 to 11,27,22,15,14,1,7,5,2,5,0,5
S01009413,Families with dependent children: Youngest aged 12 to 18,39,26,23,19,4,3,2,1,13,0,13
S01009414,All families in households,218,180,159,154,5,21,18,3,38,4,34
S01009414,Families with no dependent children,147,135,125,124,1,10,10,0,12,2,10
S01009414,Families with dependent children: Total,71,45,34,30,4,11,8,3,26,2,24
S01009414,Families with dependent children: Youngest aged 0 to 4,23,15,10,8,2,5,3,2,8,0,8
S01009414,Families with dependent children: Youngest aged 5 to 11,27,15,12,12,0,3,3,0,12,2,10
S01009414,Families with dependent children: Youngest aged 12 to 18,21,15,12,10,2,3,2,1,6,0,6
S01009415,All families in households,221,179,134,126,8,45,39,6,42,6,36
S01009415,Families with no dependent children,133,118,93,90,3,25,23,2,15,1,14
S01009415,Families with dependent children: Total,88,61,41,36,5,20,16,4,27,5,22
S01009415,Families with dependent children: Youngest aged 0 to 4,33,20,14,12,2,6,5,1,13,0,13
S01009415,Families with dependent children: Youngest aged 5 to 11,25,21,13,11,2,8,8,0,4,1,3
S01009415,Families with dependent children: Youngest aged 12 to 18,30,20,14,13,1,6,3,3,10,4,6
S01009416,All families in households,171,154,140,137,3,14,10,4,17,4,13
S01009416,Families with no dependent children,102,99,93,91,2,6,6,0,3,2,1
S01009416,Families with dependent children: Total,69,55,47,46,1,8,4,4,14,2,12
S01009416,Families with dependent children: Youngest aged 0 to 4,13,10,9,9,0,1,1,0,3,1,2
S01009416,Families with dependent children: Youngest aged 5 to 11,27,20,17,16,1,3,3,0,7,0,7
S01009416,Families with dependent children: Youngest aged 12 to 18,29,25,21,21,0,4,0,4,4,1,3
S01009417,All families in households,98,90,65,61,4,25,21,4,8,1,7
S01009417,Families with no dependent children,52,51,37,36,1,14,13,1,1,1,0
S01009417,Families with dependent children: Total,46,39,28,25,3,11,8,3,7,0,7
S01009417,Families with dependent children: Youngest aged 0 to 4,21,19,13,13,0,6,5,1,2,0,2
S01009417,Families with dependent children: Youngest aged 5 to 11,18,15,11,10,1,4,3,1,3,0,3
S01009417,Families with dependent children: Youngest aged 12 to 18,7,5,4,2,2,1,0,1,2,0,2
S01009418,All families in households,327,277,199,188,11,78,68,10,50,10,40
S01009418,Families with no dependent children,217,196,150,142,8,46,45,1,21,9,12
S01009418,Families with dependent children: Total,110,81,49,46,3,32,23,9,29,1,28
S01009418,Families with dependent children: Youngest aged 0 to 4,40,29,15,13,2,14,13,1,11,0,11
S01009418,Families with dependent children: Youngest aged 5 to 11,39,32,21,20,1,11,6,5,7,0,7
S01009418,Families with dependent children: Youngest aged 12 to 18,31,20,13,13,0,7,4,3,11,1,10
S01009419,All families in households,168,130,103,97,6,27,20,7,38,2,36
S01009419,Families with no dependent children,91,79,65,63,2,14,11,3,12,0,12
S01009419,Families with dependent children: Total,77,51,38,34,4,13,9,4,26,2,24
S01009419,Families with dependent children: Youngest aged 0 to 4,32,25,16,14,2,9,8,1,7,0,7
S01009419,Families with dependent children: Youngest aged 5 to 11,23,14,12,10,2,2,1,1,9,2,7
S01009419,Families with dependent children: Youngest aged 12 to 18,22,12,10,10,0,2,0,2,10,0,10
S01009420,All families in households,181,115,78,64,14,37,24,13,66,7,59
S01009420,Families with no dependent children,75,59,48,44,4,11,9,2,16,2,14
S01009420,Families with dependent children: Total,106,56,30,20,10,26,15,11,50,5,45
S01009420,Families with dependent children: Youngest aged 0 to 4,31,23,8,6,2,15,9,6,8,0,8
S01009420,Families with dependent children: Youngest aged 5 to 11,39,18,13,8,5,5,3,2,21,3,18
S01009420,Families with dependent children: Youngest aged 12 to 18,36,15,9,6,3,6,3,3,21,2,19
S01009421,All families in households,219,154,117,111,6,37,28,9,65,12,53
S01009421,Families with no dependent children,117,99,88,85,3,11,10,1,18,6,12
S01009421,Families with dependent children: Total,102,55,29,26,3,26,18,8,47,6,41
S01009421,Families with dependent children: Youngest aged 0 to 4,43,27,9,9,0,18,13,5,16,0,16
S01009421,Families with dependent children: Youngest aged 5 to 11,37,18,12,10,2,6,5,1,19,1,18
S01009421,Families with dependent children: Youngest aged 12 to 18,22,10,8,7,1,2,0,2,12,5,7
S01009422,All families in households,255,207,157,150,7,50,40,10,48,8,40
S01009422,Families with no dependent children,161,142,118,117,1,24,24,0,19,5,14
S01009422,Families with dependent children: Total,94,65,39,33,6,26,16,10,29,3,26
S01009422,Families with dependent children: Youngest aged 0 to 4,40,28,12,8,4,16,13,3,12,1,11
S01009422,Families with dependent children: Youngest aged 5 to 11,29,19,13,12,1,6,3,3,10,1,9
S01009422,Families with dependent children: Youngest aged 12 to 18,25,18,14,13,1,4,0,4,7,1,6
S01009423,All families in households,286,268,210,193,17,58,51,7,18,2,16
S01009423,Families with no dependent children,141,137,107,102,5,30,29,1,4,2,2
S01009423,Families with dependent children: Total,145,131,103,91,12,28,22,6,14,0,14
S01009423,Families with dependent children: Youngest aged 0 to 4,82,74,56,52,4,18,16,2,8,0,8
S01009423,Families with dependent children: Youngest aged 5 to 11,35,32,22,17,5,10,6,4,3,0,3
S01009423,Families with dependent children: Youngest aged 12 to 18,28,25,25,22,3,0,0,0,3,0,3
S01009424,All families in households,175,161,139,133,6,22,20,2,14,1,13
S01009424,Families with no dependent children,113,106,93,92,1,13,12,1,7,0,7
S01009424,Families with dependent children: Total,62,55,46,41,5,9,8,1,7,1,6
S01009424,Families with dependent children: Youngest aged 0 to 4,20,19,14,14,0,5,5,0,1,0,1
S01009424,Families with dependent children: Youngest aged 5 to 11,21,18,15,13,2,3,2,1,3,0,3
S01009424,Families with dependent children: Youngest aged 12 to 18,21,18,17,14,3,1,1,0,3,1,2
S01009425,All families in households,232,195,154,150,4,41,37,4,37,11,26
S01009425,Families with no dependent children,161,152,123,122,1,29,27,2,9,5,4
S01009425,Families with dependent children: Total,71,43,31,28,3,12,10,2,28,6,22
S01009425,Families with dependent children: Youngest aged 0 to 4,30,20,10,9,1,10,8,2,10,1,9
S01009425,Families with dependent children: Youngest aged 5 to 11,16,9,7,7,0,2,2,0,7,0,7
S01009425,Families with dependent children: Youngest aged 12 to 18,25,14,14,12,2,0,0,0,11,5,6
S01009426,All families in households,228,161,118,109,9,43,40,3,67,5,62
S01009426,Families with no dependent children,140,120,92,90,2,28,27,1,20,2,18
S01009426,Families with dependent children: Total,88,41,26,19,7,15,13,2,47,3,44
S01009426,Families with dependent children: Youngest aged 0 to 4,30,16,8,7,1,8,8,0,14,0,14
S01009426,Families with dependent children: Youngest aged 5 to 11,28,11,9,6,3,2,2,0,17,2,15
S01009426,Families with dependent children: Youngest aged 12 to 18,30,14,9,6,3,5,3,2,16,1,15
S01009427,All families in households,166,125,89,89,0,36,33,3,41,4,37
S01009427,Families with no dependent children,97,88,71,71,0,17,17,0,9,1,8
S01009427,Families with dependent children: Total,69,37,18,18,0,19,16,3,32,3,29
S01009427,Families with dependent children: Youngest aged 0 to 4,32,21,7,7,0,14,12,2,11,1,10
S01009427,Families with dependent children: Youngest aged 5 to 11,24,9,4,4,0,5,4,1,15,2,13
S01009427,Families with dependent children: Youngest aged 12 to 18,13,7,7,7,0,0,0,0,6,0,6
S01009428,All families in households,185,139,104,91,13,35,30,5,46,5,41
S01009428,Families with no dependent children,97,91,71,66,5,20,18,2,6,3,3
S01009428,Families with dependent children: Total,88,48,33,25,8,15,12,3,40,2,38
S01009428,Families with dependent children: Youngest aged 0 to 4,36,18,9,7,2,9,8,1,18,0,18
S01009428,Families with dependent children: Youngest aged 5 to 11,32,16,14,11,3,2,2,0,16,2,14
S01009428,Families with dependent children: Youngest aged 12 to 18,20,14,10,7,3,4,2,2,6,0,6
S01009429,All families in households,216,155,119,116,3,36,31,5,61,9,52
S01009429,Families with no dependent children,136,115,102,100,2,13,12,1,21,6,15
S01009429,Families with dependent children: Total,80,40,17,16,1,23,19,4,40,3,37
S01009429,Families with dependent children: Youngest aged 0 to 4,35,14,3,3,0,11,10,1,21,1,20
S01009429,Families with dependent children: Youngest aged 5 to 11,26,16,7,6,1,9,7,2,10,0,10
S01009429,Families with dependent children: Youngest aged 12 to 18,19,10,7,7,0,3,2,1,9,2,7
S01009430,All families in households,214,157,120,114,6,37,34,3,57,6,51
S01009430,Families with no dependent children,124,107,88,86,2,19,16,3,17,3,14
S01009430,Families with dependent children: Total,90,50,32,28,4,18,18,0,40,3,37
S01009430,Families with dependent children: Youngest aged 0 to 4,36,22,10,10,0,12,12,0,14,1,13
S01009430,Families with dependent children: Youngest aged 5 to 11,28,14,12,8,4,2,2,0,14,1,13
S01009430,Families with dependent children: Youngest aged 12 to 18,26,14,10,10,0,4,4,0,12,1,11
S01009431,All families in households,201,155,126,117,9,29,25,4,46,7,39
S01009431,Families with no dependent children,120,109,95,92,3,14,14,0,11,2,9
S01009431,Families with dependent children: Total,81,46,31,25,6,15,11,4,35,5,30
S01009431,Families with dependent children: Youngest aged 0 to 4,34,21,13,11,2,8,7,1,13,0,13
S01009431,Families with dependent children: Youngest aged 5 to 11,27,15,9,8,1,6,3,3,12,1,11
S01009431,Families with dependent children: Youngest aged 12 to 18,20,10,9,6,3,1,1,0,10,4,6
S01009432,All families in households,236,168,124,121,3,44,33,11,68,5,63
S01009432,Families with no dependent children,123,106,88,87,1,18,17,1,17,3,14
S01009432,Families with dependent children: Total,113,62,36,34,2,26,16,10,51,2,49
S01009432,Families with dependent children: Youngest aged 0 to 4,39,24,13,13,0,11,7,4,15,0,15
S01009432,Families with dependent children: Youngest aged 5 to 11,40,20,11,9,2,9,7,2,20,2,18
S01009432,Families with dependent children: Youngest aged 12 to 18,34,18,12,12,0,6,2,4,16,0,16
S01009433,All families in households,241,157,123,112,11,34,25,9,84,14,70
S01009433,Families with no dependent children,118,92,79,77,2,13,12,1,26,8,18
S01009433,Families with dependent children: Total,123,65,44,35,9,21,13,8,58,6,52
S01009433,Families with dependent children: Youngest aged 0 to 4,38,22,10,8,2,12,6,6,16,0,16
S01009433,Families with dependent children: Youngest aged 5 to 11,52,25,17,14,3,8,6,2,27,4,23
S01009433,Families with dependent children: Youngest aged 12 to 18,33,18,17,13,4,1,1,0,15,2,13
S01009434,All families in households,164,123,93,87,6,30,25,5,41,8,33
S01009434,Families with no dependent children,95,86,72,68,4,14,11,3,9,5,4
S01009434,Families with dependent children: Total,69,37,21,19,2,16,14,2,32,3,29
S01009434,Families with dependent children: Youngest aged 0 to 4,23,14,7,6,1,7,6,1,9,1,8
S01009434,Families with dependent children: Youngest aged 5 to 11,21,13,9,9,0,4,4,0,8,1,7
S01009434,Families with dependent children: Youngest aged 12 to 18,25,10,5,4,1,5,4,1,15,1,14
S01009435,All families in households,220,135,96,87,9,39,26,13,85,19,66
S01009435,Families with no dependent children,100,83,65,62,3,18,17,1,17,6,11
S01009435,Families with dependent children: Total,120,52,31,25,6,21,9,12,68,13,55
S01009435,Families with dependent children: Youngest aged 0 to 4,36,17,10,9,1,7,4,3,19,0,19
S01009435,Families with dependent children: Youngest aged 5 to 11,51,23,15,12,3,8,3,5,28,7,21
S01009435,Families with dependent children: Youngest aged 12 to 18,33,12,6,4,2,6,2,4,21,6,15
S01009436,All families in households,217,167,113,99,14,54,45,9,50,7,43
S01009436,Families with no dependent children,112,100,73,69,4,27,26,1,12,3,9
S01009436,Families with dependent children: Total,105,67,40,30,10,27,19,8,38,4,34
S01009436,Families with dependent children: Youngest aged 0 to 4,45,32,16,14,2,16,13,3,13,0,13
S01009436,Families with dependent children: Youngest aged 5 to 11,28,15,9,7,2,6,4,2,13,1,12
S01009436,Families with dependent children: Youngest aged 12 to 18,32,20,15,9,6,5,2,3,12,3,9
S01009437,All families in households,198,166,117,111,6,49,41,8,32,7,25
S01009437,Families with no dependent children,119,106,79,77,2,27,24,3,13,3,10
S01009437,Families with dependent children: Total,79,60,38,34,4,22,17,5,19,4,15
S01009437,Families with dependent children: Youngest aged 0 to 4,28,24,11,9,2,13,11,2,4,0,4
S01009437,Families with dependent children: Youngest aged 5 to 11,23,16,9,8,1,7,5,2,7,2,5
S01009437,Families with dependent children: Youngest aged 12 to 18,28,20,18,17,1,2,1,1,8,2,6
S01009438,All families in households,253,200,164,155,9,36,28,8,53,9,44
S01009438,Families with no dependent children,151,131,115,113,2,16,16,0,20,7,13
S01009438,Families with dependent children: Total,102,69,49,42,7,20,12,8,33,2,31
S01009438,Families with dependent children: Youngest aged 0 to 4,42,26,17,14,3,9,7,2,16,1,15
S01009438,Families with dependent children: Youngest aged 5 to 11,26,19,15,14,1,4,3,1,7,0,7
S01009438,Families with dependent children: Youngest aged 12 to 18,34,24,17,14,3,7,2,5,10,1,9
S01009439,All families in households,287,207,168,156,12,39,29,10,80,12,68
S01009439,Families with no dependent children,160,132,116,115,1,16,13,3,28,8,20
S01009439,Families with dependent children: Total,127,75,52,41,11,23,16,7,52,4,48
S01009439,Families with dependent children: Youngest aged 0 to 4,40,26,12,10,2,14,11,3,14,0,14
S01009439,Families with dependent children: Youngest aged 5 to 11,45,22,17,15,2,5,2,3,23,1,22
S01009439,Families with dependent children: Youngest aged 12 to 18,42,27,23,16,7,4,3,1,15,3,12
S01009440,All families in households,189,151,110,106,4,41,35,6,38,2,36
S01009440,Families with no dependent children,119,107,86,85,1,21,19,2,12,2,10
S01009440,Families with dependent children: Total,70,44,24,21,3,20,16,4,26,0,26
S01009440,Families with dependent children: Youngest aged 0 to 4,33,20,8,7,1,12,11,1,13,0,13
S01009440,Families with dependent children: Youngest aged 5 to 11,23,13,8,6,2,5,4,1,10,0,10
S01009440,Families with dependent children: Youngest aged 12 to 18,14,11,8,8,0,3,1,2,3,0,3
S01009441,All families in households,252,166,110,106,4,56,43,13,86,9,77
S01009441,Families with no dependent children,118,102,78,77,1,24,22,2,16,4,12
S01009441,Families with dependent children: Total,134,64,32,29,3,32,21,11,70,5,65
S01009441,Families with dependent children: Youngest aged 0 to 4,62,27,11,11,0,16,12,4,35,2,33
S01009441,Families with dependent children: Youngest aged 5 to 11,45,23,10,9,1,13,7,6,22,0,22
S01009441,Families with dependent children: Youngest aged 12 to 18,27,14,11,9,2,3,2,1,13,3,10
S01009442,All families in households,175,158,123,117,6,35,24,11,17,2,15
S01009442,Families with no dependent children,95,91,75,74,1,16,15,1,4,1,3
S01009442,Families with dependent children: Total,80,67,48,43,5,19,9,10,13,1,12
S01009442,Families with dependent children: Youngest aged 0 to 4,39,31,21,18,3,10,6,4,8,0,8
S01009442,Families with dependent children: Youngest aged 5 to 11,27,26,20,19,1,6,1,5,1,0,1
S01009442,Families with dependent children: Youngest aged 12 to 18,14,10,7,6,1,3,2,1,4,1,3
S01009443,All families in households,205,175,146,136,10,29,22,7,30,5,25
S01009443,Families with no dependent children,126,118,99,93,6,19,18,1,8,0,8
S01009443,Families with dependent children: Total,79,57,47,43,4,10,4,6,22,5,17
S01009443,Families with dependent children: Youngest aged 0 to 4,22,14,11,10,1,3,2,1,8,1,7
S01009443,Families with dependent children: Youngest aged 5 to 11,32,23,18,16,2,5,1,4,9,3,6
S01009443,Families with dependent children: Youngest aged 12 to 18,25,20,18,17,1,2,1,1,5,1,4
S01009444,All families in households,267,242,220,211,9,22,16,6,25,5,20
S01009444,Families with no dependent children,160,152,142,140,2,10,9,1,8,1,7
S01009444,Families with dependent children: Total,107,90,78,71,7,12,7,5,17,4,13
S01009444,Families with dependent children: Youngest aged 0 to 4,28,21,16,15,1,5,4,1,7,2,5
S01009444,Families with dependent children: Youngest aged 5 to 11,45,37,35,32,3,2,1,1,8,2,6
S01009444,Families with dependent children: Youngest aged 12 to 18,34,32,27,24,3,5,2,3,2,0,2
S01009445,All families in households,243,199,165,157,8,34,31,3,44,3,41
S01009445,Families with no dependent children,152,137,120,116,4,17,17,0,15,1,14
S01009445,Families with dependent children: Total,91,62,45,41,4,17,14,3,29,2,27
S01009445,Families with dependent children: Youngest aged 0 to 4,40,28,15,14,1,13,13,0,12,1,11
S01009445,Families with dependent children: Youngest aged 5 to 11,27,19,16,13,3,3,1,2,8,1,7
S01009445,Families with dependent children: Youngest aged 12 to 18,24,15,14,14,0,1,0,1,9,0,9
S01009446,All families in households,236,158,113,107,6,45,37,8,78,13,65
S01009446,Families with no dependent children,123,103,82,81,1,21,19,2,20,9,11
S01009446,Families with dependent children: Total,113,55,31,26,5,24,18,6,58,4,54
S01009446,Families with dependent children: Youngest aged 0 to 4,54,30,13,12,1,17,13,4,24,2,22
S01009446,Families with dependent children: Youngest aged 5 to 11,26,10,8,7,1,2,2,0,16,0,16
S01009446,Families with dependent children: Youngest aged 12 to 18,33,15,10,7,3,5,3,2,18,2,16
S01009447,All families in households,153,115,84,81,3,31,27,4,38,3,35
S01009447,Families with no dependent children,99,86,67,64,3,19,19,0,13,1,12
S01009447,Families with dependent children: Total,54,29,17,17,0,12,8,4,25,2,23
S01009447,Families with dependent children: Youngest aged 0 to 4,22,12,7,7,0,5,5,0,10,0,10
S01009447,Families with dependent children: Youngest aged 5 to 11,11,4,1,1,0,3,2,1,7,2,5
S01009447,Families with dependent children: Youngest aged 12 to 18,21,13,9,9,0,4,1,3,8,0,8
S01009448,All families in households,264,223,176,167,9,47,36,11,41,1,40
S01009448,Families with no dependent children,163,149,121,116,5,28,27,1,14,1,13
S01009448,Families with dependent children: Total,101,74,55,51,4,19,9,10,27,0,27
S01009448,Families with dependent children: Youngest aged 0 to 4,46,36,27,25,2,9,5,4,10,0,10
S01009448,Families with dependent children: Youngest aged 5 to 11,25,17,12,11,1,5,3,2,8,0,8
S01009448,Families with dependent children: Youngest aged 12 to 18,30,21,16,15,1,5,1,4,9,0,9
S01009449,All families in households,160,127,105,102,3,22,15,7,33,0,33
S01009449,Families with no dependent children,95,87,81,81,0,6,4,2,8,0,8
S01009449,Families with dependent children: Total,65,40,24,21,3,16,11,5,25,0,25
S01009449,Families with dependent children: Youngest aged 0 to 4,30,22,9,9,0,13,10,3,8,0,8
S01009449,Families with dependent children: Youngest aged 5 to 11,18,10,8,6,2,2,1,1,8,0,8
S01009449,Families with dependent children: Youngest aged 12 to 18,17,8,7,6,1,1,0,1,9,0,9
S01009450,All families in households,174,107,64,61,3,43,34,9,67,5,62
S01009450,Families with no dependent children,82,64,51,51,0,13,13,0,18,3,15
S01009450,Families with dependent children: Total,92,43,13,10,3,30,21,9,49,2,47
S01009450,Families with dependent children: Youngest aged 0 to 4,42,19,4,4,0,15,12,3,23,1,22
S01009450,Families with dependent children: Youngest aged 5 to 11,31,15,5,3,2,10,7,3,16,0,16
S01009450,Families with dependent children: Youngest aged 12 to 18,19,9,4,3,1,5,2,3,10,1,9
S01009451,All families in households,298,216,159,143,16,57,46,11,82,15,67
S01009451,Families with no dependent children,154,130,101,96,5,29,25,4,24,10,14
S01009451,Families with dependent children: Total,144,86,58,47,11,28,21,7,58,5,53
S01009451,Families with dependent children: Youngest aged 0 to 4,60,32,16,13,3,16,15,1,28,0,28
S01009451,Families with dependent children: Youngest aged 5 to 11,51,33,27,24,3,6,4,2,18,2,16
S01009451,Families with dependent children: Youngest aged 12 to 18,33,21,15,10,5,6,2,4,12,3,9
S01009452,All families in households,148,112,80,73,7,32,27,5,36,2,34
S01009452,Families with no dependent children,88,75,58,55,3,17,16,1,13,2,11
S01009452,Families with dependent children: Total,60,37,22,18,4,15,11,4,23,0,23
S01009452,Families with dependent children: Youngest aged 0 to 4,27,16,7,6,1,9,7,2,11,0,11
S01009452,Families with dependent children: Youngest aged 5 to 11,19,11,7,5,2,4,3,1,8,0,8
S01009452,Families with dependent children: Youngest aged 12 to 18,14,10,8,7,1,2,1,1,4,0,4
S01009453,All families in households,290,227,178,168,10,49,43,6,63,7,56
S01009453,Families with no dependent children,167,155,126,122,4,29,27,2,12,4,8
S01009453,Families with dependent children: Total,123,72,52,46,6,20,16,4,51,3,48
S01009453,Families with dependent children: Youngest aged 0 to 4,41,22,13,12,1,9,9,0,19,1,18
S01009453,Families with dependent children: Youngest aged 5 to 11,36,21,13,11,2,8,6,2,15,1,14
S01009453,Families with dependent children: Youngest aged 12 to 18,46,29,26,23,3,3,1,2,17,1,16
S01009454,All families in households,273,237,197,192,5,40,34,6,36,5,31
S01009454,Families with no dependent children,156,143,124,123,1,19,19,0,13,3,10
S01009454,Families with dependent children: Total,117,94,73,69,4,21,15,6,23,2,21
S01009454,Families with dependent children: Youngest aged 0 to 4,48,41,32,32,0,9,8,1,7,0,7
S01009454,Families with dependent children: Youngest aged 5 to 11,26,20,18,17,1,2,1,1,6,0,6
S01009454,Families with dependent children: Youngest aged 12 to 18,43,33,23,20,3,10,6,4,10,2,8
S01009455,All families in households,266,247,217,205,12,30,29,1,19,0,19
S01009455,Families with no dependent children,186,175,149,144,5,26,26,0,11,0,11
S01009455,Families with dependent children: Total,80,72,68,61,7,4,3,1,8,0,8
S01009455,Families with dependent children: Youngest aged 0 to 4,25,21,19,18,1,2,1,1,4,0,4
S01009455,Families with dependent children: Youngest aged 5 to 11,30,28,26,21,5,2,2,0,2,0,2
S01009455,Families with dependent children: Youngest aged 12 to 18,25,23,23,22,1,0,0,0,2,0,2
S01009456,All families in households,195,162,130,127,3,32,30,2,33,2,31
S01009456,Families with no dependent children,137,127,102,101,1,25,24,1,10,2,8
S01009456,Families with dependent children: Total,58,35,28,26,2,7,6,1,23,0,23
S01009456,Families with dependent children: Youngest aged 0 to 4,24,14,8,8,0,6,6,0,10,0,10
S01009456,Families with dependent children: Youngest aged 5 to 11,19,13,12,12,0,1,0,1,6,0,6
S01009456,Families with dependent children: Youngest aged 12 to 18,15,8,8,6,2,0,0,0,7,0,7
S01009457,All families in households,191,172,145,140,5,27,25,2,19,1,18
S01009457,Families with no dependent children,127,120,104,104,0,16,16,0,7,0,7
S01009457,Families with dependent children: Total,64,52,41,36,5,11,9,2,12,1,11
S01009457,Families with dependent children: Youngest aged 0 to 4,18,16,12,10,2,4,4,0,2,0,2
S01009457,Families with dependent children: Youngest aged 5 to 11,23,18,15,14,1,3,3,0,5,1,4
S01009457,Families with dependent children: Youngest aged 12 to 18,23,18,14,12,2,4,2,2,5,0,5
S01009458,All families in households,191,157,117,116,1,40,31,9,34,3,31
S01009458,Families with no dependent children,114,103,79,79,0,24,23,1,11,1,10
S01009458,Families with dependent children: Total,77,54,38,37,1,16,8,8,23,2,21
S01009458,Families with dependent children: Youngest aged 0 to 4,27,21,12,12,0,9,6,3,6,0,6
S01009458,Families with dependent children: Youngest aged 5 to 11,29,20,14,14,0,6,2,4,9,1,8
S01009458,Families with dependent children: Youngest aged 12 to 18,21,13,12,11,1,1,0,1,8,1,7
S01009459,All families in households,232,192,146,136,10,46,43,3,40,6,34
S01009459,Families with no dependent children,131,118,89,86,3,29,29,0,13,3,10
S01009459,Families with dependent children: Total,101,74,57,50,7,17,14,3,27,3,24
S01009459,Families with dependent children: Youngest aged 0 to 4,45,34,22,17,5,12,11,1,11,0,11
S01009459,Families with dependent children: Youngest aged 5 to 11,28,22,19,17,2,3,2,1,6,1,5
S01009459,Families with dependent children: Youngest aged 12 to 18,28,18,16,16,0,2,1,1,10,2,8
S01009460,All families in households,234,162,93,89,4,69,51,18,72,4,68
S01009460,Families with no dependent children,101,80,56,55,1,24,22,2,21,3,18
S01009460,Families with dependent children: Total,133,82,37,34,3,45,29,16,51,1,50
S01009460,Families with dependent children: Youngest aged 0 to 4,62,42,14,12,2,28,21,7,20,0,20
S01009460,Families with dependent children: Youngest aged 5 to 11,42,24,11,11,0,13,7,6,18,0,18
S01009460,Families with dependent children: Youngest aged 12 to 18,29,16,12,11,1,4,1,3,13,1,12
S01009461,All families in households,182,170,135,127,8,35,29,6,12,3,9
S01009461,Families with no dependent children,88,85,63,59,4,22,22,0,3,0,3
S01009461,Families with dependent children: Total,94,85,72,68,4,13,7,6,9,3,6
S01009461,Families with dependent children: Youngest aged 0 to 4,55,53,45,43,2,8,4,4,2,0,2
S01009461,Families with dependent children: Youngest aged 5 to 11,26,21,18,17,1,3,2,1,5,2,3
S01009461,Families with dependent children: Youngest aged 12 to 18,13,11,9,8,1,2,1,1,2,1,1
S01009462,All families in households,213,180,142,137,5,38,29,9,33,8,25
S01009462,Families with no dependent children,130,115,97,95,2,18,18,0,15,5,10
S01009462,Families with dependent children: Total,83,65,45,42,3,20,11,9,18,3,15
S01009462,Families with dependent children: Youngest aged 0 to 4,29,24,15,13,2,9,7,2,5,0,5
S01009462,Families with dependent children: Youngest aged 5 to 11,32,25,19,19,0,6,3,3,7,1,6
S01009462,Families with dependent children: Youngest aged 12 to 18,22,16,11,10,1,5,1,4,6,2,4
S01009463,All families in households,219,179,161,158,3,18,15,3,40,13,27
S01009463,Families with no dependent children,149,133,128,128,0,5,5,0,16,8,8
S01009463,Families with dependent children: Total,70,46,33,30,3,13,10,3,24,5,19
S01009463,Families with dependent children: Youngest aged 0 to 4,29,20,10,9,1,10,9,1,9,1,8
S01009463,Families with dependent children: Youngest aged 5 to 11,26,16,14,13,1,2,0,2,10,2,8
S01009463,Families with dependent children: Youngest aged 12 to 18,15,10,9,8,1,1,1,0,5,2,3
S01009464,All families in households,268,238,198,189,9,40,31,9,30,8,22
S01009464,Families with no dependent children,160,152,129,124,5,23,22,1,8,0,8
S01009464,Families with dependent children: Total,108,86,69,65,4,17,9,8,22,8,14
S01009464,Families with dependent children: Youngest aged 0 to 4,42,32,26,25,1,6,5,1,10,3,7
S01009464,Families with dependent children: Youngest aged 5 to 11,35,28,18,17,1,10,3,7,7,3,4
S01009464,Families with dependent children: Youngest aged 12 to 18,31,26,25,23,2,1,1,0,5,2,3
S01009465,All families in households,175,146,120,111,9,26,18,8,29,4,25
S01009465,Families with no dependent children,102,94,81,79,2,13,11,2,8,1,7
S01009465,Families with dependent children: Total,73,52,39,32,7,13,7,6,21,3,18
S01009465,Families with dependent children: Youngest aged 0 to 4,24,19,12,10,2,7,5,2,5,0,5
S01009465,Families with dependent children: Youngest aged 5 to 11,29,21,17,13,4,4,1,3,8,2,6
S01009465,Families with dependent children: Youngest aged 12 to 18,20,12,10,9,1,2,1,1,8,1,7
S01009466,All families in households,191,170,151,147,4,19,17,2,21,1,20
S01009466,Families with no dependent children,137,130,114,110,4,16,16,0,7,0,7
S01009466,Families with dependent children: Total,54,40,37,37,0,3,1,2,14,1,13
S01009466,Families with dependent children: Youngest aged 0 to 4,20,15,13,13,0,2,1,1,5,0,5
S01009466,Families with dependent children: Youngest aged 5 to 11,12,8,8,8,0,0,0,0,4,1,3
S01009466,Families with dependent children: Youngest aged 12 to 18,22,17,16,16,0,1,0,1,5,0,5
S01009467,All families in households,252,223,193,191,2,30,25,5,29,8,21
S01009467,Families with no dependent children,162,152,134,133,1,18,16,2,10,3,7
S01009467,Families with dependent children: Total,90,71,59,58,1,12,9,3,19,5,14
S01009467,Families with dependent children: Youngest aged 0 to 4,25,22,17,17,0,5,5,0,3,0,3
S01009467,Families with dependent children: Youngest aged 5 to 11,41,32,27,26,1,5,4,1,9,5,4
S01009467,Families with dependent children: Youngest aged 12 to 18,24,17,15,15,0,2,0,2,7,0,7
S01009468,All families in households,208,175,134,125,9,41,35,6,33,4,29
S01009468,Families with no dependent children,130,118,96,92,4,22,22,0,12,3,9
S01009468,Families with dependent children: Total,78,57,38,33,5,19,13,6,21,1,20
S01009468,Families with dependent children: Youngest aged 0 to 4,30,22,12,10,2,10,7,3,8,0,8
S01009468,Families with dependent children: Youngest aged 5 to 11,28,23,15,13,2,8,6,2,5,1,4
S01009468,Families with dependent children: Youngest aged 12 to 18,20,12,11,10,1,1,0,1,8,0,8
S01009469,All families in households,243,208,173,165,8,35,31,4,35,7,28
S01009469,Families with no dependent children,160,149,122,121,1,27,25,2,11,4,7
S01009469,Families with dependent children: Total,83,59,51,44,7,8,6,2,24,3,21
S01009469,Families with dependent children: Youngest aged 0 to 4,30,23,18,15,3,5,4,1,7,3,4
S01009469,Families with dependent children: Youngest aged 5 to 11,25,17,14,12,2,3,2,1,8,0,8
S01009469,Families with dependent children: Youngest aged 12 to 18,28,19,19,17,2,0,0,0,9,0,9
S01009470,All families in households,151,124,110,109,1,14,11,3,27,3,24
S01009470,Families with no dependent children,96,91,84,83,1,7,7,0,5,1,4
S01009470,Families with dependent children: Total,55,33,26,26,0,7,4,3,22,2,20
S01009470,Families with dependent children: Youngest aged 0 to 4,17,9,6,6,0,3,1,2,8,0,8
S01009470,Families with dependent children: Youngest aged 5 to 11,14,6,4,4,0,2,2,0,8,2,6
S01009470,Families with dependent children: Youngest aged 12 to 18,24,18,16,16,0,2,1,1,6,0,6
S01009471,All families in households,154,123,96,93,3,27,23,4,31,4,27
S01009471,Families with no dependent children,105,95,76,74,2,19,18,1,10,3,7
S01009471,Families with dependent children: Total,49,28,20,19,1,8,5,3,21,1,20
S01009471,Families with dependent children: Youngest aged 0 to 4,23,13,8,7,1,5,3,2,10,0,10
S01009471,Families with dependent children: Youngest aged 5 to 11,13,7,5,5,0,2,1,1,6,0,6
S01009471,Families with dependent children: Youngest aged 12 to 18,13,8,7,7,0,1,1,0,5,1,4
S01009472,All families in households,261,182,125,121,4,57,48,9,79,9,70
S01009472,Families with no dependent children,119,108,79,78,1,29,27,2,11,1,10
S01009472,Families with dependent children: Total,142,74,46,43,3,28,21,7,68,8,60
S01009472,Families with dependent children: Youngest aged 0 to 4,63,33,17,16,1,16,15,1,30,0,30
S01009472,Families with dependent children: Youngest aged 5 to 11,34,18,12,11,1,6,5,1,16,4,12
S01009472,Families with dependent children: Youngest aged 12 to 18,45,23,17,16,1,6,1,5,22,4,18
S01009473,All families in households,250,179,112,111,1,67,58,9,71,10,61
S01009473,Families with no dependent children,128,118,78,77,1,40,40,0,10,3,7
S01009473,Families with dependent children: Total,122,61,34,34,0,27,18,9,61,7,54
S01009473,Families with dependent children: Youngest aged 0 to 4,60,34,16,16,0,18,13,5,26,1,25
S01009473,Families with dependent children: Youngest aged 5 to 11,33,19,15,15,0,4,4,0,14,4,10
S01009473,Families with dependent children: Youngest aged 12 to 18,29,8,3,3,0,5,1,4,21,2,19
S01009474,All families in households,248,188,130,117,13,58,49,9,60,13,47
S01009474,Families with no dependent children,116,102,74,70,4,28,27,1,14,4,10
S01009474,Families with dependent children: Total,132,86,56,47,9,30,22,8,46,9,37
S01009474,Families with dependent children: Youngest aged 0 to 4,52,33,19,17,2,14,13,1,19,3,16
S01009474,Families with dependent children: Youngest aged 5 to 11,42,31,20,18,2,11,6,5,11,2,9
S01009474,Families with dependent children: Youngest aged 12 to 18,38,22,17,12,5,5,3,2,16,4,12
S01009475,All families in households,185,164,143,139,4,21,18,3,21,4,17
S01009475,Families with no dependent children,99,98,85,85,0,13,13,0,1,0,1
S01009475,Families with dependent children: Total,86,66,58,54,4,8,5,3,20,4,16
S01009475,Families with dependent children: Youngest aged 0 to 4,32,26,20,20,0,6,5,1,6,0,6
S01009475,Families with dependent children: Youngest aged 5 to 11,26,20,20,18,2,0,0,0,6,4,2
S01009475,Families with dependent children: Youngest aged 12 to 18,28,20,18,16,2,2,0,2,8,0,8
S01009476,All families in households,135,128,112,107,5,16,12,4,7,1,6
S01009476,Families with no dependent children,54,52,41,39,2,11,9,2,2,0,2
S01009476,Families with dependent children: Total,81,76,71,68,3,5,3,2,5,1,4
S01009476,Families with dependent children: Youngest aged 0 to 4,32,31,30,29,1,1,1,0,1,0,1
S01009476,Families with dependent children: Youngest aged 5 to 11,28,27,25,23,2,2,2,0,1,0,1
S01009476,Families with dependent children: Youngest aged 12 to 18,21,18,16,16,0,2,0,2,3,1,2
S01009477,All families in households,183,161,140,136,4,21,19,2,22,1,21
S01009477,Families with no dependent children,100,95,81,79,2,14,13,1,5,1,4
S01009477,Families with dependent children: Total,83,66,59,57,2,7,6,1,17,0,17
S01009477,Families with dependent children: Youngest aged 0 to 4,30,26,20,19,1,6,6,0,4,0,4
S01009477,Families with dependent children: Youngest aged 5 to 11,26,18,18,17,1,0,0,0,8,0,8
S01009477,Families with dependent children: Youngest aged 12 to 18,27,22,21,21,0,1,0,1,5,0,5
S01009478,All families in households,233,189,108,105,3,81,73,8,44,6,38
S01009478,Families with no dependent children,149,138,74,73,1,64,62,2,11,2,9
S01009478,Families with dependent children: Total,84,51,34,32,2,17,11,6,33,4,29
S01009478,Families with dependent children: Youngest aged 0 to 4,38,25,14,13,1,11,10,1,13,0,13
S01009478,Families with dependent children: Youngest aged 5 to 11,22,12,7,7,0,5,1,4,10,4,6
S01009478,Families with dependent children: Youngest aged 12 to 18,24,14,13,12,1,1,0,1,10,0,10
S01009479,All families in households,205,174,127,120,7,47,40,7,31,3,28
S01009479,Families with no dependent children,141,126,93,91,2,33,31,2,15,3,12
S01009479,Families with dependent children: Total,64,48,34,29,5,14,9,5,16,0,16
S01009479,Families with dependent children: Youngest aged 0 to 4,27,23,15,14,1,8,7,1,4,0,4
S01009479,Families with dependent children: Youngest aged 5 to 11,22,16,11,8,3,5,2,3,6,0,6
S01009479,Families with dependent children: Youngest aged 12 to 18,15,9,8,7,1,1,0,1,6,0,6
S01009480,All families in households,250,221,184,179,5,37,30,7,29,3,26
S01009480,Families with no dependent children,177,162,138,136,2,24,23,1,15,2,13
S01009480,Families with dependent children: Total,73,59,46,43,3,13,7,6,14,1,13
S01009480,Families with dependent children: Youngest aged 0 to 4,22,22,17,17,0,5,4,1,0,0,0
S01009480,Families with dependent children: Youngest aged 5 to 11,27,23,17,16,1,6,3,3,4,0,4
S01009480,Families with dependent children: Youngest aged 12 to 18,24,14,12,10,2,2,0,2,10,1,9
S01009481,All families in households,236,197,128,125,3,69,61,8,39,7,32
S01009481,Families with no dependent children,154,140,91,91,0,49,46,3,14,3,11
S01009481,Families with dependent children: Total,82,57,37,34,3,20,15,5,25,4,21
S01009481,Families with dependent children: Youngest aged 0 to 4,36,28,16,15,1,12,12,0,8,1,7
S01009481,Families with dependent children: Youngest aged 5 to 11,26,15,10,10,0,5,1,4,11,3,8
S01009481,Families with dependent children: Youngest aged 12 to 18,20,14,11,9,2,3,2,1,6,0,6
S01009482,All families in households,160,136,85,85,0,51,46,5,24,3,21
S01009482,Families with no dependent children,100,97,64,64,0,33,32,1,3,0,3
S01009482,Families with dependent children: Total,60,39,21,21,0,18,14,4,21,3,18
S01009482,Families with dependent children: Youngest aged 0 to 4,34,22,10,10,0,12,9,3,12,2,10
S01009482,Families with dependent children: Youngest aged 5 to 11,11,9,7,7,0,2,2,0,2,0,2
S01009482,Families with dependent children: Youngest aged 12 to 18,15,8,4,4,0,4,3,1,7,1,6
S01009483,All families in households,190,155,107,105,2,48,45,3,35,4,31
S01009483,Families with no dependent children,114,108,75,74,1,33,33,0,6,1,5
S01009483,Families with dependent children: Total,76,47,32,31,1,15,12,3,29,3,26
S01009483,Families with dependent children: Youngest aged 0 to 4,33,22,13,13,0,9,8,1,11,1,10
S01009483,Families with dependent children: Youngest aged 5 to 11,26,13,10,9,1,3,2,1,13,2,11
S01009483,Families with dependent children: Youngest aged 12 to 18,17,12,9,9,0,3,2,1,5,0,5
S01009484,All families in households,194,160,127,124,3,33,31,2,34,4,30
S01009484,Families with no dependent children,128,118,94,93,1,24,23,1,10,1,9
S01009484,Families with dependent children: Total,66,42,33,31,2,9,8,1,24,3,21
S01009484,Families with dependent children: Youngest aged 0 to 4,24,19,13,11,2,6,6,0,5,0,5
S01009484,Families with dependent children: Youngest aged 5 to 11,20,11,8,8,0,3,2,1,9,1,8
S01009484,Families with dependent children: Youngest aged 12 to 18,22,12,12,12,0,0,0,0,10,2,8
S01009485,All families in households,230,183,145,136,9,38,30,8,47,6,41
S01009485,Families with no dependent children,142,123,102,100,2,21,20,1,19,3,16
S01009485,Families with dependent children: Total,88,60,43,36,7,17,10,7,28,3,25
S01009485,Families with dependent children: Youngest aged 0 to 4,35,23,10,8,2,13,9,4,12,0,12
S01009485,Families with dependent children: Youngest aged 5 to 11,27,20,16,13,3,4,1,3,7,0,7
S01009485,Families with dependent children: Youngest aged 12 to 18,26,17,17,15,2,0,0,0,9,3,6
S01009486,All families in households,209,179,159,153,6,20,15,5,30,9,21
S01009486,Families with no dependent children,149,136,123,118,5,13,12,1,13,6,7
S01009486,Families with dependent children: Total,60,43,36,35,1,7,3,4,17,3,14
S01009486,Families with dependent children: Youngest aged 0 to 4,18,13,9,8,1,4,2,2,5,0,5
S01009486,Families with dependent children: Youngest aged 5 to 11,21,15,14,14,0,1,1,0,6,3,3
S01009486,Families with dependent children: Youngest aged 12 to 18,21,15,13,13,0,2,0,2,6,0,6
S01009487,All families in households,246,189,148,144,4,41,34,7,57,9,48
S01009487,Families with no dependent children,153,128,109,108,1,19,18,1,25,5,20
S01009487,Families with dependent children: Total,93,61,39,36,3,22,16,6,32,4,28
S01009487,Families with dependent children: Youngest aged 0 to 4,38,27,15,15,0,12,9,3,11,1,10
S01009487,Families with dependent children: Youngest aged 5 to 11,25,13,8,8,0,5,5,0,12,2,10
S01009487,Families with dependent children: Youngest aged 12 to 18,30,21,16,13,3,5,2,3,9,1,8
S01009488,All families in households,205,171,145,134,11,26,19,7,34,3,31
S01009488,Families with no dependent children,107,96,84,81,3,12,9,3,11,1,10
S01009488,Families with dependent children: Total,98,75,61,53,8,14,10,4,23,2,21
S01009488,Families with dependent children: Youngest aged 0 to 4,33,28,20,17,3,8,7,1,5,0,5
S01009488,Families with dependent children: Youngest aged 5 to 11,36,25,22,19,3,3,2,1,11,1,10
S01009488,Families with dependent children: Youngest aged 12 to 18,29,22,19,17,2,3,1,2,7,1,6
S01009489,All families in households,220,168,131,124,7,37,23,14,52,10,42
S01009489,Families with no dependent children,129,113,94,91,3,19,18,1,16,7,9
S01009489,Families with dependent children: Total,91,55,37,33,4,18,5,13,36,3,33
S01009489,Families with dependent children: Youngest aged 0 to 4,40,26,16,15,1,10,4,6,14,0,14
S01009489,Families with dependent children: Youngest aged 5 to 11,30,14,12,10,2,2,0,2,16,1,15
S01009489,Families with dependent children: Youngest aged 12 to 18,21,15,9,8,1,6,1,5,6,2,4
S01009490,All families in households,258,163,110,103,7,53,44,9,95,12,83
S01009490,Families with no dependent children,124,102,74,70,4,28,27,1,22,7,15
S01009490,Families with dependent children: Total,134,61,36,33,3,25,17,8,73,5,68
S01009490,Families with dependent children: Youngest aged 0 to 4,59,29,16,16,0,13,8,5,30,1,29
S01009490,Families with dependent children: Youngest aged 5 to 11,51,19,10,9,1,9,7,2,32,1,31
S01009490,Families with dependent children: Youngest aged 12 to 18,24,13,10,8,2,3,2,1,11,3,8
S01009491,All families in households,206,161,130,123,7,31,26,5,45,7,38
S01009491,Families with no dependent children,135,118,101,98,3,17,15,2,17,2,15
S01009491,Families with dependent children: Total,71,43,29,25,4,14,11,3,28,5,23
S01009491,Families with dependent children: Youngest aged 0 to 4,31,20,15,11,4,5,5,0,11,1,10
S01009491,Families with dependent children: Youngest aged 5 to 11,21,15,7,7,0,8,6,2,6,0,6
S01009491,Families with dependent children: Youngest aged 12 to 18,19,8,7,7,0,1,0,1,11,4,7
S01009492,All families in households,232,184,151,147,4,33,27,6,48,9,39
S01009492,Families with no dependent children,136,123,106,105,1,17,15,2,13,3,10
S01009492,Families with dependent children: Total,96,61,45,42,3,16,12,4,35,6,29
S01009492,Families with dependent children: Youngest aged 0 to 4,27,18,9,8,1,9,9,0,9,0,9
S01009492,Families with dependent children: Youngest aged 5 to 11,35,22,17,15,2,5,3,2,13,2,11
S01009492,Families with dependent children: Youngest aged 12 to 18,34,21,19,19,0,2,0,2,13,4,9
S01009493,All families in households,277,263,247,239,8,16,14,2,14,3,11
S01009493,Families with no dependent children,204,193,184,182,2,9,8,1,11,1,10
S01009493,Families with dependent children: Total,73,70,63,57,6,7,6,1,3,2,1
S01009493,Families with dependent children: Youngest aged 0 to 4,23,22,17,15,2,5,5,0,1,1,0
S01009493,Families with dependent children: Youngest aged 5 to 11,27,26,24,22,2,2,1,1,1,1,0
S01009493,Families with dependent children: Youngest aged 12 to 18,23,22,22,20,2,0,0,0,1,0,1
S01009494,All families in households,292,265,233,220,13,32,27,5,27,1,26
S01009494,Families with no dependent children,154,149,133,129,4,16,15,1,5,0,5
S01009494,Families with dependent children: Total,138,116,100,91,9,16,12,4,22,1,21
S01009494,Families with dependent children: Youngest aged 0 to 4,53,48,40,39,1,8,7,1,5,0,5
S01009494,Families with dependent children: Youngest aged 5 to 11,53,43,39,35,4,4,4,0,10,1,9
S01009494,Families with dependent children: Youngest aged 12 to 18,32,25,21,17,4,4,1,3,7,0,7
S01009495,All families in households,286,257,213,205,8,44,35,9,29,2,27
S01009495,Families with no dependent children,176,168,134,132,2,34,31,3,8,1,7
S01009495,Families with dependent children: Total,110,89,79,73,6,10,4,6,21,1,20
S01009495,Families with dependent children: Youngest aged 0 to 4,37,29,26,25,1,3,2,1,8,0,8
S01009495,Families with dependent children: Youngest aged 5 to 11,29,24,22,20,2,2,1,1,5,1,4
S01009495,Families with dependent children: Youngest aged 12 to 18,44,36,31,28,3,5,1,4,8,0,8
S01009496,All families in households,240,204,154,141,13,50,42,8,36,5,31
S01009496,Families with no dependent children,157,146,117,114,3,29,27,2,11,3,8
S01009496,Families with dependent children: Total,83,58,37,27,10,21,15,6,25,2,23
S01009496,Families with dependent children: Youngest aged 0 to 4,34,27,13,11,2,14,13,1,7,0,7
S01009496,Families with dependent children: Youngest aged 5 to 11,18,15,12,8,4,3,2,1,3,1,2
S01009496,Families with dependent children: Youngest aged 12 to 18,31,16,12,8,4,4,0,4,15,1,14
S01009497,All families in households,313,270,204,199,5,66,58,8,43,5,38
S01009497,Families with no dependent children,195,185,149,147,2,36,35,1,10,3,7
S01009497,Families with dependent children: Total,118,85,55,52,3,30,23,7,33,2,31
S01009497,Families with dependent children: Youngest aged 0 to 4,47,40,19,19,0,21,19,2,7,0,7
S01009497,Families with dependent children: Youngest aged 5 to 11,42,28,23,21,2,5,4,1,14,0,14
S01009497,Families with dependent children: Youngest aged 12 to 18,29,17,13,12,1,4,0,4,12,2,10
S01009498,All families in households,226,205,187,186,1,18,12,6,21,4,17
S01009498,Families with no dependent children,166,158,147,147,0,11,8,3,8,2,6
S01009498,Families with dependent children: Total,60,47,40,39,1,7,4,3,13,2,11
S01009498,Families with dependent children: Youngest aged 0 to 4,18,16,12,12,0,4,3,1,2,0,2
S01009498,Families with dependent children: Youngest aged 5 to 11,20,14,12,12,0,2,1,1,6,0,6
S01009498,Families with dependent children: Youngest aged 12 to 18,22,17,16,15,1,1,0,1,5,2,3
S01009499,All families in households,255,216,176,166,10,40,29,11,39,5,34
S01009499,Families with no dependent children,169,155,132,127,5,23,18,5,14,3,11
S01009499,Families with dependent children: Total,86,61,44,39,5,17,11,6,25,2,23
S01009499,Families with dependent children: Youngest aged 0 to 4,38,28,18,16,2,10,8,2,10,1,9
S01009499,Families with dependent children: Youngest aged 5 to 11,22,13,9,9,0,4,2,2,9,1,8
S01009499,Families with dependent children: Youngest aged 12 to 18,26,20,17,14,3,3,1,2,6,0,6
S01009500,All families in households,236,168,104,101,3,64,54,10,68,11,57
S01009500,Families with no dependent children,129,108,79,78,1,29,29,0,21,4,17
S01009500,Families with dependent children: Total,107,60,25,23,2,35,25,10,47,7,40
S01009500,Families with dependent children: Youngest aged 0 to 4,40,23,7,6,1,16,14,2,17,0,17
S01009500,Families with dependent children: Youngest aged 5 to 11,35,18,9,8,1,9,6,3,17,2,15
S01009500,Families with dependent children: Youngest aged 12 to 18,32,19,9,9,0,10,5,5,13,5,8
S01009501,All families in households,196,152,112,104,8,40,34,6,44,4,40
S01009501,Families with no dependent children,116,102,81,78,3,21,20,1,14,0,14
S01009501,Families with dependent children: Total,80,50,31,26,5,19,14,5,30,4,26
S01009501,Families with dependent children: Youngest aged 0 to 4,28,17,9,8,1,8,6,2,11,0,11
S01009501,Families with dependent children: Youngest aged 5 to 11,32,18,9,9,0,9,6,3,14,3,11
S01009501,Families with dependent children: Youngest aged 12 to 18,20,15,13,9,4,2,2,0,5,1,4
S01009502,All families in households,257,194,141,139,2,53,41,12,63,6,57
S01009502,Families with no dependent children,149,125,97,97,0,28,24,4,24,5,19
S01009502,Families with dependent children: Total,108,69,44,42,2,25,17,8,39,1,38
S01009502,Families with dependent children: Youngest aged 0 to 4,48,30,16,16,0,14,11,3,18,0,18
S01009502,Families with dependent children: Youngest aged 5 to 11,30,19,12,11,1,7,4,3,11,0,11
S01009502,Families with dependent children: Youngest aged 12 to 18,30,20,16,15,1,4,2,2,10,1,9
S01009503,All families in households,228,179,130,127,3,49,39,10,49,3,46
S01009503,Families with no dependent children,129,116,86,85,1,30,25,5,13,2,11
S01009503,Families with dependent children: Total,99,63,44,42,2,19,14,5,36,1,35
S01009503,Families with dependent children: Youngest aged 0 to 4,38,27,15,14,1,12,9,3,11,0,11
S01009503,Families with dependent children: Youngest aged 5 to 11,31,20,14,13,1,6,5,1,11,1,10
S01009503,Families with dependent children: Youngest aged 12 to 18,30,16,15,15,0,1,0,1,14,0,14
S01009504,All families in households,193,124,90,82,8,34,30,4,69,8,61
S01009504,Families with no dependent children,86,66,55,53,2,11,10,1,20,1,19
S01009504,Families with dependent children: Total,107,58,35,29,6,23,20,3,49,7,42
S01009504,Families with dependent children: Youngest aged 0 to 4,50,31,15,12,3,16,15,1,19,3,16
S01009504,Families with dependent children: Youngest aged 5 to 11,30,11,7,7,0,4,3,1,19,3,16
S01009504,Families with dependent children: Youngest aged 12 to 18,27,16,13,10,3,3,2,1,11,1,10
S01009505,All families in households,243,129,78,70,8,51,39,12,114,10,104
S01009505,Families with no dependent children,102,67,45,45,0,22,21,1,35,7,28
S01009505,Families with dependent children: Total,141,62,33,25,8,29,18,11,79,3,76
S01009505,Families with dependent children: Youngest aged 0 to 4,78,37,16,12,4,21,13,8,41,2,39
S01009505,Families with dependent children: Youngest aged 5 to 11,44,17,10,7,3,7,5,2,27,0,27
S01009505,Families with dependent children: Youngest aged 12 to 18,19,8,7,6,1,1,0,1,11,1,10
S01009506,All families in households,221,141,104,96,8,37,30,7,80,10,70
S01009506,Families with no dependent children,107,90,70,70,0,20,19,1,17,3,14
S01009506,Families with dependent children: Total,114,51,34,26,8,17,11,6,63,7,56
S01009506,Families with dependent children: Youngest aged 0 to 4,44,25,14,11,3,11,8,3,19,1,18
S01009506,Families with dependent children: Youngest aged 5 to 11,45,13,9,6,3,4,3,1,32,4,28
S01009506,Families with dependent children: Youngest aged 12 to 18,25,13,11,9,2,2,0,2,12,2,10
S01009507,All families in households,270,209,161,151,10,48,36,12,61,8,53
S01009507,Families with no dependent children,136,111,87,84,3,24,23,1,25,7,18
S01009507,Families with dependent children: Total,134,98,74,67,7,24,13,11,36,1,35
S01009507,Families with dependent children: Youngest aged 0 to 4,57,47,30,28,2,17,10,7,10,0,10
S01009507,Families with dependent children: Youngest aged 5 to 11,50,34,30,30,0,4,1,3,16,1,15
S01009507,Families with dependent children: Youngest aged 12 to 18,27,17,14,9,5,3,2,1,10,0,10
S01009508,All families in households,259,173,115,109,6,58,47,11,86,4,82
S01009508,Families with no dependent children,125,111,83,82,1,28,26,2,14,1,13
S01009508,Families with dependent children: Total,134,62,32,27,5,30,21,9,72,3,69
S01009508,Families with dependent children: Youngest aged 0 to 4,66,38,15,13,2,23,17,6,28,2,26
S01009508,Families with dependent children: Youngest aged 5 to 11,31,7,6,6,0,1,1,0,24,1,23
S01009508,Families with dependent children: Youngest aged 12 to 18,37,17,11,8,3,6,3,3,20,0,20
S01009509,All families in households,275,204,154,144,10,50,39,11,71,6,65
S01009509,Families with no dependent children,151,126,98,92,6,28,24,4,25,4,21
S01009509,Families with dependent children: Total,124,78,56,52,4,22,15,7,46,2,44
S01009509,Families with dependent children: Youngest aged 0 to 4,49,29,16,15,1,13,11,2,20,0,20
S01009509,Families with dependent children: Youngest aged 5 to 11,43,26,21,19,2,5,2,3,17,1,16
S01009509,Families with dependent children: Youngest aged 12 to 18,32,23,19,18,1,4,2,2,9,1,8
S01009510,All families in households,227,209,182,178,4,27,26,1,18,1,17
S01009510,Families with no dependent children,163,159,142,141,1,17,17,0,4,1,3
S01009510,Families with dependent children: Total,64,50,40,37,3,10,9,1,14,0,14
S01009510,Families with dependent children: Youngest aged 0 to 4,17,15,12,10,2,3,3,0,2,0,2
S01009510,Families with dependent children: Youngest aged 5 to 11,23,19,13,13,0,6,5,1,4,0,4
S01009510,Families with dependent children: Youngest aged 12 to 18,24,16,15,14,1,1,1,0,8,0,8
S01009511,All families in households,196,170,154,147,7,16,12,4,26,7,19
S01009511,Families with no dependent children,138,125,116,111,5,9,9,0,13,4,9
S01009511,Families with dependent children: Total,58,45,38,36,2,7,3,4,13,3,10
S01009511,Families with dependent children: Youngest aged 0 to 4,17,17,11,11,0,6,3,3,0,0,0
S01009511,Families with dependent children: Youngest aged 5 to 11,13,10,10,9,1,0,0,0,3,0,3
S01009511,Families with dependent children: Youngest aged 12 to 18,28,18,17,16,1,1,0,1,10,3,7
S01009512,All families in households,257,228,200,197,3,28,20,8,29,3,26
S01009512,Families with no dependent children,161,151,139,138,1,12,10,2,10,1,9
S01009512,Families with dependent children: Total,96,77,61,59,2,16,10,6,19,2,17
S01009512,Families with dependent children: Youngest aged 0 to 4,33,30,22,22,0,8,7,1,3,0,3
S01009512,Families with dependent children: Youngest aged 5 to 11,32,22,16,16,0,6,2,4,10,1,9
S01009512,Families with dependent children: Youngest aged 12 to 18,31,25,23,21,2,2,1,1,6,1,5
S01009513,All families in households,195,180,160,157,3,20,17,3,15,0,15
S01009513,Families with no dependent children,133,131,118,118,0,13,12,1,2,0,2
S01009513,Families with dependent children: Total,62,49,42,39,3,7,5,2,13,0,13
S01009513,Families with dependent children: Youngest aged 0 to 4,20,18,13,12,1,5,4,1,2,0,2
S01009513,Families with dependent children: Youngest aged 5 to 11,16,10,10,9,1,0,0,0,6,0,6
S01009513,Families with dependent children: Youngest aged 12 to 18,26,21,19,18,1,2,1,1,5,0,5
S01009514,All families in households,234,209,189,186,3,20,16,4,25,7,18
S01009514,Families with no dependent children,155,142,134,132,2,8,6,2,13,3,10
S01009514,Families with dependent children: Total,79,67,55,54,1,12,10,2,12,4,8
S01009514,Families with dependent children: Youngest aged 0 to 4,35,32,25,25,0,7,6,1,3,0,3
S01009514,Families with dependent children: Youngest aged 5 to 11,23,21,19,18,1,2,2,0,2,0,2
S01009514,Families with dependent children: Youngest aged 12 to 18,21,14,11,11,0,3,2,1,7,4,3
S01009515,All families in households,225,171,149,141,8,22,18,4,54,6,48
S01009515,Families with no dependent children,139,117,110,105,5,7,6,1,22,2,20
S01009515,Families with dependent children: Total,86,54,39,36,3,15,12,3,32,4,28
S01009515,Families with dependent children: Youngest aged 0 to 4,34,25,16,15,1,9,9,0,9,1,8
S01009515,Families with dependent children: Youngest aged 5 to 11,22,13,10,8,2,3,2,1,9,1,8
S01009515,Families with dependent children: Youngest aged 12 to 18,30,16,13,13,0,3,1,2,14,2,12
S01009516,All families in households,269,230,185,180,5,45,38,7,39,3,36
S01009516,Families with no dependent children,181,164,135,133,2,29,27,2,17,3,14
S01009516,Families with dependent children: Total,88,66,50,47,3,16,11,5,22,0,22
S01009516,Families with dependent children: Youngest aged 0 to 4,31,27,19,18,1,8,8,0,4,0,4
S01009516,Families with dependent children: Youngest aged 5 to 11,29,22,17,16,1,5,3,2,7,0,7
S01009516,Families with dependent children: Youngest aged 12 to 18,28,17,14,13,1,3,0,3,11,0,11
S01009517,All families in households,294,266,213,197,16,53,41,12,28,3,25
S01009517,Families with no dependent children,116,114,81,78,3,33,29,4,2,1,1
S01009517,Families with dependent children: Total,178,152,132,119,13,20,12,8,26,2,24
S01009517,Families with dependent children: Youngest aged 0 to 4,80,74,64,62,2,10,9,1,6,0,6
S01009517,Families with dependent children: Youngest aged 5 to 11,50,38,32,29,3,6,3,3,12,2,10
S01009517,Families with dependent children: Youngest aged 12 to 18,48,40,36,28,8,4,0,4,8,0,8
S01009518,All families in households,279,252,190,175,15,62,53,9,27,3,24
S01009518,Families with no dependent children,111,106,69,65,4,37,37,0,5,1,4
S01009518,Families with dependent children: Total,168,146,121,110,11,25,16,9,22,2,20
S01009518,Families with dependent children: Youngest aged 0 to 4,87,79,64,59,5,15,11,4,8,1,7
S01009518,Families with dependent children: Youngest aged 5 to 11,46,39,34,32,2,5,4,1,7,0,7
S01009518,Families with dependent children: Youngest aged 12 to 18,35,28,23,19,4,5,1,4,7,1,6
S01009519,All families in households,155,137,107,98,9,30,27,3,18,3,15
S01009519,Families with no dependent children,92,85,67,64,3,18,18,0,7,1,6
S01009519,Families with dependent children: Total,63,52,40,34,6,12,9,3,11,2,9
S01009519,Families with dependent children: Youngest aged 0 to 4,26,23,14,12,2,9,7,2,3,1,2
S01009519,Families with dependent children: Youngest aged 5 to 11,14,11,8,7,1,3,2,1,3,0,3
S01009519,Families with dependent children: Youngest aged 12 to 18,23,18,18,15,3,0,0,0,5,1,4
S01009520,All families in households,256,231,197,189,8,34,29,5,25,1,24
S01009520,Families with no dependent children,146,141,119,118,1,22,19,3,5,1,4
S01009520,Families with dependent children: Total,110,90,78,71,7,12,10,2,20,0,20
S01009520,Families with dependent children: Youngest aged 0 to 4,43,35,26,24,2,9,7,2,8,0,8
S01009520,Families with dependent children: Youngest aged 5 to 11,34,28,26,25,1,2,2,0,6,0,6
S01009520,Families with dependent children: Youngest aged 12 to 18,33,27,26,22,4,1,1,0,6,0,6
S01009521,All families in households,270,199,163,152,11,36,32,4,71,12,59
S01009521,Families with no dependent children,172,152,132,125,7,20,19,1,20,3,17
S01009521,Families with dependent children: Total,98,47,31,27,4,16,13,3,51,9,42
S01009521,Families with dependent children: Youngest aged 0 to 4,49,27,14,12,2,13,13,0,22,5,17
S01009521,Families with dependent children: Youngest aged 5 to 11,29,11,10,8,2,1,0,1,18,1,17
S01009521,Families with dependent children: Youngest aged 12 to 18,20,9,7,7,0,2,0,2,11,3,8
S01009522,All families in households,307,214,164,154,10,50,42,8,93,11,82
S01009522,Families with no dependent children,142,124,96,94,2,28,25,3,18,3,15
S01009522,Families with dependent children: Total,165,90,68,60,8,22,17,5,75,8,67
S01009522,Families with dependent children: Youngest aged 0 to 4,84,47,35,29,6,12,10,2,37,5,32
S01009522,Families with dependent children: Youngest aged 5 to 11,46,26,19,18,1,7,6,1,20,1,19
S01009522,Families with dependent children: Youngest aged 12 to 18,35,17,14,13,1,3,1,2,18,2,16
S01009523,All families in households,170,113,85,82,3,28,25,3,57,4,53
S01009523,Families with no dependent children,92,73,58,57,1,15,15,0,19,2,17
S01009523,Families with dependent children: Total,78,40,27,25,2,13,10,3,38,2,36
S01009523,Families with dependent children: Youngest aged 0 to 4,23,15,9,8,1,6,5,1,8,0,8
S01009523,Families with dependent children: Youngest aged 5 to 11,29,16,12,12,0,4,3,1,13,2,11
S01009523,Families with dependent children: Youngest aged 12 to 18,26,9,6,5,1,3,2,1,17,0,17
S01009524,All families in households,182,136,97,91,6,39,34,5,46,7,39
S01009524,Families with no dependent children,94,84,58,57,1,26,25,1,10,3,7
S01009524,Families with dependent children: Total,88,52,39,34,5,13,9,4,36,4,32
S01009524,Families with dependent children: Youngest aged 0 to 4,42,27,16,16,0,11,8,3,15,1,14
S01009524,Families with dependent children: Youngest aged 5 to 11,27,18,16,13,3,2,1,1,9,2,7
S01009524,Families with dependent children: Youngest aged 12 to 18,19,7,7,5,2,0,0,0,12,1,11
S01009525,All families in households,155,114,79,77,2,35,29,6,41,5,36
S01009525,Families with no dependent children,96,86,63,61,2,23,21,2,10,3,7
S01009525,Families with dependent children: Total,59,28,16,16,0,12,8,4,31,2,29
S01009525,Families with dependent children: Youngest aged 0 to 4,23,12,4,4,0,8,5,3,11,0,11
S01009525,Families with dependent children: Youngest aged 5 to 11,13,8,6,6,0,2,2,0,5,0,5
S01009525,Families with dependent children: Youngest aged 12 to 18,23,8,6,6,0,2,1,1,15,2,13
S01009526,All families in households,201,172,92,89,3,80,74,6,29,7,22
S01009526,Families with no dependent children,143,133,72,71,1,61,60,1,10,3,7
S01009526,Families with dependent children: Total,58,39,20,18,2,19,14,5,19,4,15
S01009526,Families with dependent children: Youngest aged 0 to 4,32,21,8,7,1,13,12,1,11,3,8
S01009526,Families with dependent children: Youngest aged 5 to 11,19,14,8,8,0,6,2,4,5,0,5
S01009526,Families with dependent children: Youngest aged 12 to 18,7,4,4,3,1,0,0,0,3,1,2
S01009527,All families in households,154,128,81,79,2,47,45,2,26,3,23
S01009527,Families with no dependent children,112,101,58,57,1,43,42,1,11,3,8
S01009527,Families with dependent children: Total,42,27,23,22,1,4,3,1,15,0,15
S01009527,Families with dependent children: Youngest aged 0 to 4,24,17,13,13,0,4,3,1,7,0,7
S01009527,Families with dependent children: Youngest aged 5 to 11,8,6,6,5,1,0,0,0,2,0,2
S01009527,Families with dependent children: Youngest aged 12 to 18,10,4,4,4,0,0,0,0,6,0,6
S01009528,All families in households,122,102,80,79,1,22,21,1,20,4,16
S01009528,Families with no dependent children,98,87,73,73,0,14,14,0,11,3,8
S01009528,Families with dependent children: Total,24,15,7,6,1,8,7,1,9,1,8
S01009528,Families with dependent children: Youngest aged 0 to 4,7,5,1,1,0,4,4,0,2,0,2
S01009528,Families with dependent children: Youngest aged 5 to 11,8,4,2,2,0,2,1,1,4,0,4
S01009528,Families with dependent children: Youngest aged 12 to 18,9,6,4,3,1,2,2,0,3,1,2
S01009529,All families in households,162,152,132,129,3,20,17,3,10,3,7
S01009529,Families with no dependent children,112,106,96,96,0,10,9,1,6,2,4
S01009529,Families with dependent children: Total,50,46,36,33,3,10,8,2,4,1,3
S01009529,Families with dependent children: Youngest aged 0 to 4,21,20,12,11,1,8,7,1,1,0,1
S01009529,Families with dependent children: Youngest aged 5 to 11,13,13,13,11,2,0,0,0,0,0,0
S01009529,Families with dependent children: Youngest aged 12 to 18,16,13,11,11,0,2,1,1,3,1,2
S01009530,All families in households,189,175,146,140,6,29,24,5,14,2,12
S01009530,Families with no dependent children,128,124,103,101,2,21,20,1,4,0,4
S01009530,Families with dependent children: Total,61,51,43,39,4,8,4,4,10,2,8
S01009530,Families with dependent children: Youngest aged 0 to 4,18,17,16,15,1,1,1,0,1,0,1
S01009530,Families with dependent children: Youngest aged 5 to 11,22,19,16,16,0,3,2,1,3,1,2
S01009530,Families with dependent children: Youngest aged 12 to 18,21,15,11,8,3,4,1,3,6,1,5
S01009531,All families in households,219,162,120,117,3,42,35,7,57,9,48
S01009531,Families with no dependent children,133,112,85,85,0,27,24,3,21,6,15
S01009531,Families with dependent children: Total,86,50,35,32,3,15,11,4,36,3,33
S01009531,Families with dependent children: Youngest aged 0 to 4,42,26,17,17,0,9,9,0,16,1,15
S01009531,Families with dependent children: Youngest aged 5 to 11,26,16,12,11,1,4,2,2,10,0,10
S01009531,Families with dependent children: Youngest aged 12 to 18,18,8,6,4,2,2,0,2,10,2,8
S01009532,All families in households,234,185,156,148,8,29,26,3,49,3,46
S01009532,Families with no dependent children,174,150,131,126,5,19,18,1,24,3,21
S01009532,Families with dependent children: Total,60,35,25,22,3,10,8,2,25,0,25
S01009532,Families with dependent children: Youngest aged 0 to 4,28,17,10,7,3,7,6,1,11,0,11
S01009532,Families with dependent children: Youngest aged 5 to 11,14,8,6,6,0,2,2,0,6,0,6
S01009532,Families with dependent children: Youngest aged 12 to 18,18,10,9,9,0,1,0,1,8,0,8
S01009533,All families in households,214,148,96,93,3,52,49,3,66,5,61
S01009533,Families with no dependent children,128,106,74,74,0,32,31,1,22,3,19
S01009533,Families with dependent children: Total,86,42,22,19,3,20,18,2,44,2,42
S01009533,Families with dependent children: Youngest aged 0 to 4,50,29,13,12,1,16,15,1,21,0,21
S01009533,Families with dependent children: Youngest aged 5 to 11,17,7,5,3,2,2,1,1,10,1,9
S01009533,Families with dependent children: Youngest aged 12 to 18,19,6,4,4,0,2,2,0,13,1,12
S01009534,All families in households,221,135,83,77,6,52,41,11,86,9,77
S01009534,Families with no dependent children,101,82,52,51,1,30,28,2,19,3,16
S01009534,Families with dependent children: Total,120,53,31,26,5,22,13,9,67,6,61
S01009534,Families with dependent children: Youngest aged 0 to 4,55,27,10,9,1,17,10,7,28,0,28
S01009534,Families with dependent children: Youngest aged 5 to 11,36,16,12,9,3,4,3,1,20,5,15
S01009534,Families with dependent children: Youngest aged 12 to 18,29,10,9,8,1,1,0,1,19,1,18
S01009535,All families in households,155,101,48,41,7,53,46,7,54,6,48
S01009535,Families with no dependent children,61,52,25,23,2,27,25,2,9,0,9
S01009535,Families with dependent children: Total,94,49,23,18,5,26,21,5,45,6,39
S01009535,Families with dependent children: Youngest aged 0 to 4,49,27,10,10,0,17,14,3,22,0,22
S01009535,Families with dependent children: Youngest aged 5 to 11,24,13,6,4,2,7,6,1,11,4,7
S01009535,Families with dependent children: Youngest aged 12 to 18,21,9,7,4,3,2,1,1,12,2,10
S01009536,All families in households,152,116,82,76,6,34,24,10,36,5,31
S01009536,Families with no dependent children,66,62,47,46,1,15,13,2,4,1,3
S01009536,Families with dependent children: Total,86,54,35,30,5,19,11,8,32,4,28
S01009536,Families with dependent children: Youngest aged 0 to 4,32,23,11,9,2,12,8,4,9,2,7
S01009536,Families with dependent children: Youngest aged 5 to 11,30,19,14,13,1,5,3,2,11,0,11
S01009536,Families with dependent children: Youngest aged 12 to 18,24,12,10,8,2,2,0,2,12,2,10
S01009537,All families in households,154,123,96,87,9,27,25,2,31,3,28
S01009537,Families with no dependent children,91,85,68,66,2,17,17,0,6,0,6
S01009537,Families with dependent children: Total,63,38,28,21,7,10,8,2,25,3,22
S01009537,Families with dependent children: Youngest aged 0 to 4,37,20,13,10,3,7,6,1,17,3,14
S01009537,Families with dependent children: Youngest aged 5 to 11,14,10,8,7,1,2,2,0,4,0,4
S01009537,Families with dependent children: Youngest aged 12 to 18,12,8,7,4,3,1,0,1,4,0,4
S01009538,All families in households,177,141,89,81,8,52,45,7,36,1,35
S01009538,Families with no dependent children,103,99,61,59,2,38,37,1,4,0,4
S01009538,Families with dependent children: Total,74,42,28,22,6,14,8,6,32,1,31
S01009538,Families with dependent children: Youngest aged 0 to 4,35,20,12,9,3,8,5,3,15,0,15
S01009538,Families with dependent children: Youngest aged 5 to 11,22,14,11,10,1,3,2,1,8,1,7
S01009538,Families with dependent children: Youngest aged 12 to 18,17,8,5,3,2,3,1,2,9,0,9
S01009539,All families in households,280,227,185,171,14,42,38,4,53,9,44
S01009539,Families with no dependent children,186,164,135,133,2,29,29,0,22,8,14
S01009539,Families with dependent children: Total,94,63,50,38,12,13,9,4,31,1,30
S01009539,Families with dependent children: Youngest aged 0 to 4,25,21,13,9,4,8,7,1,4,0,4
S01009539,Families with dependent children: Youngest aged 5 to 11,31,18,14,11,3,4,1,3,13,0,13
S01009539,Families with dependent children: Youngest aged 12 to 18,38,24,23,18,5,1,1,0,14,1,13
S01009540,All families in households,224,167,110,101,9,57,53,4,57,6,51
S01009540,Families with no dependent children,139,115,78,77,1,37,35,2,24,0,24
S01009540,Families with dependent children: Total,85,52,32,24,8,20,18,2,33,6,27
S01009540,Families with dependent children: Youngest aged 0 to 4,36,27,12,12,0,15,15,0,9,0,9
S01009540,Families with dependent children: Youngest aged 5 to 11,26,12,9,4,5,3,2,1,14,2,12
S01009540,Families with dependent children: Youngest aged 12 to 18,23,13,11,8,3,2,1,1,10,4,6
S01009541,All families in households,232,209,172,162,10,37,32,5,23,5,18
S01009541,Families with no dependent children,148,143,120,114,6,23,21,2,5,3,2
S01009541,Families with dependent children: Total,84,66,52,48,4,14,11,3,18,2,16
S01009541,Families with dependent children: Youngest aged 0 to 4,20,16,11,10,1,5,4,1,4,0,4
S01009541,Families with dependent children: Youngest aged 5 to 11,32,25,19,18,1,6,6,0,7,1,6
S01009541,Families with dependent children: Youngest aged 12 to 18,32,25,22,20,2,3,1,2,7,1,6
S01009542,All families in households,206,140,90,87,3,50,39,11,66,8,58
S01009542,Families with no dependent children,99,82,60,59,1,22,20,2,17,3,14
S01009542,Families with dependent children: Total,107,58,30,28,2,28,19,9,49,5,44
S01009542,Families with dependent children: Youngest aged 0 to 4,55,35,15,13,2,20,14,6,20,1,19
S01009542,Families with dependent children: Youngest aged 5 to 11,32,15,9,9,0,6,4,2,17,1,16
S01009542,Families with dependent children: Youngest aged 12 to 18,20,8,6,6,0,2,1,1,12,3,9
S01009543,All families in households,160,146,115,112,3,31,27,4,14,0,14
S01009543,Families with no dependent children,125,119,97,95,2,22,22,0,6,0,6
S01009543,Families with dependent children: Total,35,27,18,17,1,9,5,4,8,0,8
S01009543,Families with dependent children: Youngest aged 0 to 4,13,7,5,5,0,2,1,1,6,0,6
S01009543,Families with dependent children: Youngest aged 5 to 11,9,9,7,7,0,2,0,2,0,0,0
S01009543,Families with dependent children: Youngest aged 12 to 18,13,11,6,5,1,5,4,1,2,0,2
S01009544,All families in households,256,226,178,174,4,48,41,7,30,4,26
S01009544,Families with no dependent children,175,163,130,130,0,33,32,1,12,2,10
S01009544,Families with dependent children: Total,81,63,48,44,4,15,9,6,18,2,16
S01009544,Families with dependent children: Youngest aged 0 to 4,28,21,14,13,1,7,7,0,7,0,7
S01009544,Families with dependent children: Youngest aged 5 to 11,34,29,22,21,1,7,2,5,5,0,5
S01009544,Families with dependent children: Youngest aged 12 to 18,19,13,12,10,2,1,0,1,6,2,4
S01009545,All families in households,251,194,162,153,9,32,23,9,57,7,50
S01009545,Families with no dependent children,150,133,117,112,5,16,16,0,17,3,14
S01009545,Families with dependent children: Total,101,61,45,41,4,16,7,9,40,4,36
S01009545,Families with dependent children: Youngest aged 0 to 4,42,26,16,15,1,10,7,3,16,1,15
S01009545,Families with dependent children: Youngest aged 5 to 11,28,15,14,13,1,1,0,1,13,0,13
S01009545,Families with dependent children: Youngest aged 12 to 18,31,20,15,13,2,5,0,5,11,3,8
S01009546,All families in households,307,255,177,165,12,78,67,11,52,8,44
S01009546,Families with no dependent children,176,160,119,113,6,41,39,2,16,6,10
S01009546,Families with dependent children: Total,131,95,58,52,6,37,28,9,36,2,34
S01009546,Families with dependent children: Youngest aged 0 to 4,67,50,28,27,1,22,18,4,17,0,17
S01009546,Families with dependent children: Youngest aged 5 to 11,35,27,17,16,1,10,6,4,8,0,8
S01009546,Families with dependent children: Youngest aged 12 to 18,29,18,13,9,4,5,4,1,11,2,9
S01009547,All families in households,240,166,125,121,4,41,32,9,74,9,65
S01009547,Families with no dependent children,140,123,99,96,3,24,22,2,17,4,13
S01009547,Families with dependent children: Total,100,43,26,25,1,17,10,7,57,5,52
S01009547,Families with dependent children: Youngest aged 0 to 4,37,16,7,7,0,9,6,3,21,2,19
S01009547,Families with dependent children: Youngest aged 5 to 11,32,11,9,8,1,2,1,1,21,1,20
S01009547,Families with dependent children: Youngest aged 12 to 18,31,16,10,10,0,6,3,3,15,2,13
S01009548,All families in households,209,162,132,115,17,30,26,4,47,10,37
S01009548,Families with no dependent children,126,112,90,82,8,22,21,1,14,3,11
S01009548,Families with dependent children: Total,83,50,42,33,9,8,5,3,33,7,26
S01009548,Families with dependent children: Youngest aged 0 to 4,27,20,15,15,0,5,4,1,7,0,7
S01009548,Families with dependent children: Youngest aged 5 to 11,23,16,15,9,6,1,1,0,7,1,6
S01009548,Families with dependent children: Youngest aged 12 to 18,33,14,12,9,3,2,0,2,19,6,13
S01009549,All families in households,240,204,163,156,7,41,32,9,36,4,32
S01009549,Families with no dependent children,153,142,118,117,1,24,21,3,11,2,9
S01009549,Families with dependent children: Total,87,62,45,39,6,17,11,6,25,2,23
S01009549,Families with dependent children: Youngest aged 0 to 4,29,20,12,12,0,8,6,2,9,0,9
S01009549,Families with dependent children: Youngest aged 5 to 11,29,21,15,12,3,6,4,2,8,1,7
S01009549,Families with dependent children: Youngest aged 12 to 18,29,21,18,15,3,3,1,2,8,1,7
S01009550,All families in households,159,130,110,104,6,20,13,7,29,6,23
S01009550,Families with no dependent children,88,79,70,68,2,9,8,1,9,1,8
S01009550,Families with dependent children: Total,71,51,40,36,4,11,5,6,20,5,15
S01009550,Families with dependent children: Youngest aged 0 to 4,17,15,10,10,0,5,3,2,2,1,1
S01009550,Families with dependent children: Youngest aged 5 to 11,25,17,13,11,2,4,2,2,8,2,6
S01009550,Families with dependent children: Youngest aged 12 to 18,29,19,17,15,2,2,0,2,10,2,8
S01009551,All families in households,163,127,104,98,6,23,21,2,36,9,27
S01009551,Families with no dependent children,92,77,67,66,1,10,10,0,15,6,9
S01009551,Families with dependent children: Total,71,50,37,32,5,13,11,2,21,3,18
S01009551,Families with dependent children: Youngest aged 0 to 4,37,26,15,14,1,11,11,0,11,1,10
S01009551,Families with dependent children: Youngest aged 5 to 11,18,12,12,11,1,0,0,0,6,1,5
S01009551,Families with dependent children: Youngest aged 12 to 18,16,12,10,7,3,2,0,2,4,1,3
S01009552,All families in households,279,236,211,198,13,25,16,9,43,9,34
S01009552,Families with no dependent children,185,170,158,155,3,12,10,2,15,5,10
S01009552,Families with dependent children: Total,94,66,53,43,10,13,6,7,28,4,24
S01009552,Families with dependent children: Youngest aged 0 to 4,32,24,18,16,2,6,3,3,8,0,8
S01009552,Families with dependent children: Youngest aged 5 to 11,29,20,15,10,5,5,3,2,9,2,7
S01009552,Families with dependent children: Youngest aged 12 to 18,33,22,20,17,3,2,0,2,11,2,9
S01009553,All families in households,255,168,112,108,4,56,46,10,87,10,77
S01009553,Families with no dependent children,140,110,88,86,2,22,21,1,30,6,24
S01009553,Families with dependent children: Total,115,58,24,22,2,34,25,9,57,4,53
S01009553,Families with dependent children: Youngest aged 0 to 4,50,29,8,8,0,21,19,2,21,1,20
S01009553,Families with dependent children: Youngest aged 5 to 11,23,9,5,5,0,4,2,2,14,1,13
S01009553,Families with dependent children: Youngest aged 12 to 18,42,20,11,9,2,9,4,5,22,2,20
S01009554,All families in households,193,156,124,112,12,32,25,7,37,7,30
S01009554,Families with no dependent children,123,116,98,93,5,18,17,1,7,2,5
S01009554,Families with dependent children: Total,70,40,26,19,7,14,8,6,30,5,25
S01009554,Families with dependent children: Youngest aged 0 to 4,23,11,4,3,1,7,4,3,12,0,12
S01009554,Families with dependent children: Youngest aged 5 to 11,18,13,10,5,5,3,3,0,5,0,5
S01009554,Families with dependent children: Youngest aged 12 to 18,29,16,12,11,1,4,1,3,13,5,8
S01009555,All families in households,223,176,139,132,7,37,28,9,47,4,43
S01009555,Families with no dependent children,142,129,106,104,2,23,21,2,13,3,10
S01009555,Families with dependent children: Total,81,47,33,28,5,14,7,7,34,1,33
S01009555,Families with dependent children: Youngest aged 0 to 4,25,17,10,9,1,7,6,1,8,0,8
S01009555,Families with dependent children: Youngest aged 5 to 11,30,15,12,10,2,3,0,3,15,1,14
S01009555,Families with dependent children: Youngest aged 12 to 18,26,15,11,9,2,4,1,3,11,0,11
S01009556,All families in households,239,165,119,111,8,46,39,7,74,8,66
S01009556,Families with no dependent children,130,111,88,86,2,23,20,3,19,3,16
S01009556,Families with dependent children: Total,109,54,31,25,6,23,19,4,55,5,50
S01009556,Families with dependent children: Youngest aged 0 to 4,48,29,11,8,3,18,15,3,19,0,19
S01009556,Families with dependent children: Youngest aged 5 to 11,28,12,10,10,0,2,2,0,16,2,14
S01009556,Families with dependent children: Youngest aged 12 to 18,33,13,10,7,3,3,2,1,20,3,17
S01009557,All families in households,200,139,91,82,9,48,41,7,61,7,54
S01009557,Families with no dependent children,109,81,60,59,1,21,20,1,28,4,24
S01009557,Families with dependent children: Total,91,58,31,23,8,27,21,6,33,3,30
S01009557,Families with dependent children: Youngest aged 0 to 4,43,32,11,9,2,21,18,3,11,0,11
S01009557,Families with dependent children: Youngest aged 5 to 11,24,15,11,9,2,4,3,1,9,0,9
S01009557,Families with dependent children: Youngest aged 12 to 18,24,11,9,5,4,2,0,2,13,3,10
S01009558,All families in households,207,139,100,96,4,39,25,14,68,6,62
S01009558,Families with no dependent children,102,83,66,66,0,17,16,1,19,2,17
S01009558,Families with dependent children: Total,105,56,34,30,4,22,9,13,49,4,45
S01009558,Families with dependent children: Youngest aged 0 to 4,43,26,16,14,2,10,7,3,17,0,17
S01009558,Families with dependent children: Youngest aged 5 to 11,38,16,7,7,0,9,2,7,22,2,20
S01009558,Families with dependent children: Youngest aged 12 to 18,24,14,11,9,2,3,0,3,10,2,8
S01009559,All families in households,248,172,123,117,6,49,40,9,76,9,67
S01009559,Families with no dependent children,133,112,87,83,4,25,22,3,21,6,15
S01009559,Families with dependent children: Total,115,60,36,34,2,24,18,6,55,3,52
S01009559,Families with dependent children: Youngest aged 0 to 4,52,28,14,13,1,14,11,3,24,2,22
S01009559,Families with dependent children: Youngest aged 5 to 11,35,18,12,11,1,6,5,1,17,1,16
S01009559,Families with dependent children: Youngest aged 12 to 18,28,14,10,10,0,4,2,2,14,0,14
S01009560,All families in households,220,137,108,97,11,29,22,7,83,10,73
S01009560,Families with no dependent children,117,92,77,72,5,15,13,2,25,5,20
S01009560,Families with dependent children: Total,103,45,31,25,6,14,9,5,58,5,53
S01009560,Families with dependent children: Youngest aged 0 to 4,39,23,11,9,2,12,8,4,16,0,16
S01009560,Families with dependent children: Youngest aged 5 to 11,34,11,10,6,4,1,1,0,23,3,20
S01009560,Families with dependent children: Youngest aged 12 to 18,30,11,10,10,0,1,0,1,19,2,17
S01009561,All families in households,149,104,73,69,4,31,26,5,45,7,38
S01009561,Families with no dependent children,75,62,46,45,1,16,16,0,13,2,11
S01009561,Families with dependent children: Total,74,42,27,24,3,15,10,5,32,5,27
S01009561,Families with dependent children: Youngest aged 0 to 4,37,21,9,9,0,12,8,4,16,0,16
S01009561,Families with dependent children: Youngest aged 5 to 11,21,10,7,6,1,3,2,1,11,2,9
S01009561,Families with dependent children: Youngest aged 12 to 18,16,11,11,9,2,0,0,0,5,3,2
S01009562,All families in households,223,179,138,132,6,41,35,6,44,9,35
S01009562,Families with no dependent children,136,117,100,100,0,17,17,0,19,6,13
S01009562,Families with dependent children: Total,87,62,38,32,6,24,18,6,25,3,22
S01009562,Families with dependent children: Youngest aged 0 to 4,37,28,14,11,3,14,12,2,9,0,9
S01009562,Families with dependent children: Youngest aged 5 to 11,28,18,11,10,1,7,4,3,10,1,9
S01009562,Families with dependent children: Youngest aged 12 to 18,22,16,13,11,2,3,2,1,6,2,4
S01009563,All families in households,238,185,149,146,3,36,26,10,53,5,48
S01009563,Families with no dependent children,144,123,110,109,1,13,12,1,21,3,18
S01009563,Families with dependent children: Total,94,62,39,37,2,23,14,9,32,2,30
S01009563,Families with dependent children: Youngest aged 0 to 4,34,28,14,13,1,14,9,5,6,0,6
S01009563,Families with dependent children: Youngest aged 5 to 11,34,23,16,15,1,7,4,3,11,0,11
S01009563,Families with dependent children: Youngest aged 12 to 18,26,11,9,9,0,2,1,1,15,2,13
S01009564,All families in households,206,174,148,143,5,26,18,8,32,4,28
S01009564,Families with no dependent children,134,122,111,109,2,11,10,1,12,4,8
S01009564,Families with dependent children: Total,72,52,37,34,3,15,8,7,20,0,20
S01009564,Families with dependent children: Youngest aged 0 to 4,29,23,13,12,1,10,6,4,6,0,6
S01009564,Families with dependent children: Youngest aged 5 to 11,23,14,12,11,1,2,1,1,9,0,9
S01009564,Families with dependent children: Youngest aged 12 to 18,20,15,12,11,1,3,1,2,5,0,5
S01009565,All families in households,172,127,104,98,6,23,16,7,45,5,40
S01009565,Families with no dependent children,82,69,62,59,3,7,7,0,13,3,10
S01009565,Families with dependent children: Total,90,58,42,39,3,16,9,7,32,2,30
S01009565,Families with dependent children: Youngest aged 0 to 4,29,19,8,8,0,11,7,4,10,0,10
S01009565,Families with dependent children: Youngest aged 5 to 11,36,23,20,19,1,3,1,2,13,1,12
S01009565,Families with dependent children: Youngest aged 12 to 18,25,16,14,12,2,2,1,1,9,1,8
S01009566,All families in households,320,265,197,178,19,68,54,14,55,6,49
S01009566,Families with no dependent children,166,155,116,113,3,39,36,3,11,3,8
S01009566,Families with dependent children: Total,154,110,81,65,16,29,18,11,44,3,41
S01009566,Families with dependent children: Youngest aged 0 to 4,67,48,32,27,5,16,13,3,19,1,18
S01009566,Families with dependent children: Youngest aged 5 to 11,47,31,23,20,3,8,4,4,16,0,16
S01009566,Families with dependent children: Youngest aged 12 to 18,40,31,26,18,8,5,1,4,9,2,7
S01009567,All families in households,254,194,152,144,8,42,33,9,60,14,46
S01009567,Families with no dependent children,146,124,106,103,3,18,16,2,22,8,14
S01009567,Families with dependent children: Total,108,70,46,41,5,24,17,7,38,6,32
S01009567,Families with dependent children: Youngest aged 0 to 4,35,29,17,15,2,12,10,2,6,1,5
S01009567,Families with dependent children: Youngest aged 5 to 11,45,25,16,14,2,9,6,3,20,4,16
S01009567,Families with dependent children: Youngest aged 12 to 18,28,16,13,12,1,3,1,2,12,1,11
S01009568,All families in households,221,158,126,122,4,32,27,5,63,6,57
S01009568,Families with no dependent children,116,96,84,84,0,12,12,0,20,3,17
S01009568,Families with dependent children: Total,105,62,42,38,4,20,15,5,43,3,40
S01009568,Families with dependent children: Youngest aged 0 to 4,39,27,15,13,2,12,9,3,12,0,12
S01009568,Families with dependent children: Youngest aged 5 to 11,30,18,12,12,0,6,4,2,12,1,11
S01009568,Families with dependent children: Youngest aged 12 to 18,36,17,15,13,2,2,2,0,19,2,17
S01009569,All families in households,260,209,164,161,3,45,36,9,51,11,40
S01009569,Families with no dependent children,158,137,119,119,0,18,17,1,21,7,14
S01009569,Families with dependent children: Total,102,72,45,42,3,27,19,8,30,4,26
S01009569,Families with dependent children: Youngest aged 0 to 4,30,25,14,13,1,11,9,2,5,1,4
S01009569,Families with dependent children: Youngest aged 5 to 11,32,20,10,8,2,10,8,2,12,1,11
S01009569,Families with dependent children: Youngest aged 12 to 18,40,27,21,21,0,6,2,4,13,2,11
S01009570,All families in households,176,134,105,98,7,29,23,6,42,6,36
S01009570,Families with no dependent children,103,89,70,68,2,19,16,3,14,4,10
S01009570,Families with dependent children: Total,73,45,35,30,5,10,7,3,28,2,26
S01009570,Families with dependent children: Youngest aged 0 to 4,24,14,12,10,2,2,1,1,10,2,8
S01009570,Families with dependent children: Youngest aged 5 to 11,30,20,14,11,3,6,4,2,10,0,10
S01009570,Families with dependent children: Youngest aged 12 to 18,19,11,9,9,0,2,2,0,8,0,8
S01009571,All families in households,198,128,84,75,9,44,36,8,70,11,59
S01009571,Families with no dependent children,99,82,58,53,5,24,24,0,17,2,15
S01009571,Families with dependent children: Total,99,46,26,22,4,20,12,8,53,9,44
S01009571,Families with dependent children: Youngest aged 0 to 4,47,19,5,5,0,14,9,5,28,3,25
S01009571,Families with dependent children: Youngest aged 5 to 11,24,13,10,7,3,3,1,2,11,3,8
S01009571,Families with dependent children: Youngest aged 12 to 18,28,14,11,10,1,3,2,1,14,3,11
S01009572,All families in households,300,213,150,140,10,63,46,17,87,22,65
S01009572,Families with no dependent children,161,139,106,103,3,33,30,3,22,10,12
S01009572,Families with dependent children: Total,139,74,44,37,7,30,16,14,65,12,53
S01009572,Families with dependent children: Youngest aged 0 to 4,55,35,18,15,3,17,9,8,20,2,18
S01009572,Families with dependent children: Youngest aged 5 to 11,41,21,12,11,1,9,5,4,20,6,14
S01009572,Families with dependent children: Youngest aged 12 to 18,43,18,14,11,3,4,2,2,25,4,21
S01009573,All families in households,218,150,118,112,6,32,23,9,68,12,56
S01009573,Families with no dependent children,115,90,75,74,1,15,15,0,25,10,15
S01009573,Families with dependent children: Total,103,60,43,38,5,17,8,9,43,2,41
S01009573,Families with dependent children: Youngest aged 0 to 4,30,20,15,15,0,5,4,1,10,0,10
S01009573,Families with dependent children: Youngest aged 5 to 11,41,25,16,15,1,9,3,6,16,2,14
S01009573,Families with dependent children: Youngest aged 12 to 18,32,15,12,8,4,3,1,2,17,0,17
S01009574,All families in households,288,215,165,157,8,50,37,13,73,12,61
S01009574,Families with no dependent children,179,149,121,119,2,28,27,1,30,10,20
S01009574,Families with dependent children: Total,109,66,44,38,6,22,10,12,43,2,41
S01009574,Families with dependent children: Youngest aged 0 to 4,39,23,12,10,2,11,6,5,16,0,16
S01009574,Families with dependent children: Youngest aged 5 to 11,39,31,21,18,3,10,3,7,8,0,8
S01009574,Families with dependent children: Youngest aged 12 to 18,31,12,11,10,1,1,1,0,19,2,17
S01009575,All families in households,155,128,97,89,8,31,21,10,27,4,23
S01009575,Families with no dependent children,92,84,71,66,5,13,12,1,8,1,7
S01009575,Families with dependent children: Total,63,44,26,23,3,18,9,9,19,3,16
S01009575,Families with dependent children: Youngest aged 0 to 4,27,16,7,6,1,9,4,5,11,1,10
S01009575,Families with dependent children: Youngest aged 5 to 11,15,10,6,5,1,4,2,2,5,2,3
S01009575,Families with dependent children: Youngest aged 12 to 18,21,18,13,12,1,5,3,2,3,0,3
S01009576,All families in households,184,167,144,139,5,23,18,5,17,3,14
S01009576,Families with no dependent children,145,138,119,115,4,19,17,2,7,1,6
S01009576,Families with dependent children: Total,39,29,25,24,1,4,1,3,10,2,8
S01009576,Families with dependent children: Youngest aged 0 to 4,11,8,6,6,0,2,0,2,3,0,3
S01009576,Families with dependent children: Youngest aged 5 to 11,16,12,11,10,1,1,1,0,4,1,3
S01009576,Families with dependent children: Youngest aged 12 to 18,12,9,8,8,0,1,0,1,3,1,2
S01009577,All families in households,226,204,183,181,2,21,18,3,22,2,20
S01009577,Families with no dependent children,152,144,131,130,1,13,12,1,8,1,7
S01009577,Families with dependent children: Total,74,60,52,51,1,8,6,2,14,1,13
S01009577,Families with dependent children: Youngest aged 0 to 4,18,13,9,9,0,4,3,1,5,0,5
S01009577,Families with dependent children: Youngest aged 5 to 11,17,15,14,13,1,1,1,0,2,0,2
S01009577,Families with dependent children: Youngest aged 12 to 18,39,32,29,29,0,3,2,1,7,1,6
S01009578,All families in households,233,190,149,136,13,41,34,7,43,6,37
S01009578,Families with no dependent children,135,124,102,100,2,22,20,2,11,3,8
S01009578,Families with dependent children: Total,98,66,47,36,11,19,14,5,32,3,29
S01009578,Families with dependent children: Youngest aged 0 to 4,47,29,17,15,2,12,9,3,18,1,17
S01009578,Families with dependent children: Youngest aged 5 to 11,25,18,15,12,3,3,2,1,7,1,6
S01009578,Families with dependent children: Youngest aged 12 to 18,26,19,15,9,6,4,3,1,7,1,6
S01009579,All families in households,320,273,213,200,13,60,43,17,47,3,44
S01009579,Families with no dependent children,184,172,134,129,5,38,33,5,12,3,9
S01009579,Families with dependent children: Total,136,101,79,71,8,22,10,12,35,0,35
S01009579,Families with dependent children: Youngest aged 0 to 4,49,38,25,23,2,13,8,5,11,0,11
S01009579,Families with dependent children: Youngest aged 5 to 11,46,31,28,25,3,3,2,1,15,0,15
S01009579,Families with dependent children: Youngest aged 12 to 18,41,32,26,23,3,6,0,6,9,0,9
S01009580,All families in households,302,277,233,215,18,44,29,15,25,4,21
S01009580,Families with no dependent children,160,148,122,116,6,26,22,4,12,4,8
S01009580,Families with dependent children: Total,142,129,111,99,12,18,7,11,13,0,13
S01009580,Families with dependent children: Youngest aged 0 to 4,56,52,44,38,6,8,5,3,4,0,4
S01009580,Families with dependent children: Youngest aged 5 to 11,49,44,38,35,3,6,2,4,5,0,5
S01009580,Families with dependent children: Youngest aged 12 to 18,37,33,29,26,3,4,0,4,4,0,4
S01009581,All families in households,182,147,124,122,2,23,19,4,35,5,30
S01009581,Families with no dependent children,123,113,100,99,1,13,12,1,10,0,10
S01009581,Families with dependent children: Total,59,34,24,23,1,10,7,3,25,5,20
S01009581,Families with dependent children: Youngest aged 0 to 4,17,12,7,7,0,5,4,1,5,1,4
S01009581,Families with dependent children: Youngest aged 5 to 11,21,14,10,10,0,4,2,2,7,0,7
S01009581,Families with dependent children: Youngest aged 12 to 18,21,8,7,6,1,1,1,0,13,4,9
S01009582,All families in households,158,114,86,81,5,28,23,5,44,6,38
S01009582,Families with no dependent children,82,72,59,57,2,13,13,0,10,4,6
S01009582,Families with dependent children: Total,76,42,27,24,3,15,10,5,34,2,32
S01009582,Families with dependent children: Youngest aged 0 to 4,29,15,7,6,1,8,5,3,14,0,14
S01009582,Families with dependent children: Youngest aged 5 to 11,38,22,15,13,2,7,5,2,16,2,14
S01009582,Families with dependent children: Youngest aged 12 to 18,9,5,5,5,0,0,0,0,4,0,4
S01009583,All families in households,240,178,138,125,13,40,31,9,62,8,54
S01009583,Families with no dependent children,122,104,91,88,3,13,10,3,18,3,15
S01009583,Families with dependent children: Total,118,74,47,37,10,27,21,6,44,5,39
S01009583,Families with dependent children: Youngest aged 0 to 4,59,41,22,19,3,19,16,3,18,0,18
S01009583,Families with dependent children: Youngest aged 5 to 11,33,20,14,9,5,6,4,2,13,3,10
S01009583,Families with dependent children: Youngest aged 12 to 18,26,13,11,9,2,2,1,1,13,2,11
S01009584,All families in households,167,152,118,114,4,34,24,10,15,4,11
S01009584,Families with no dependent children,112,106,86,83,3,20,19,1,6,3,3
S01009584,Families with dependent children: Total,55,46,32,31,1,14,5,9,9,1,8
S01009584,Families with dependent children: Youngest aged 0 to 4,27,23,13,12,1,10,4,6,4,0,4
S01009584,Families with dependent children: Youngest aged 5 to 11,13,9,7,7,0,2,1,1,4,0,4
S01009584,Families with dependent children: Youngest aged 12 to 18,15,14,12,12,0,2,0,2,1,1,0
S01009585,All families in households,299,231,185,173,12,46,35,11,68,7,61
S01009585,Families with no dependent children,170,148,130,125,5,18,14,4,22,2,20
S01009585,Families with dependent children: Total,129,83,55,48,7,28,21,7,46,5,41
S01009585,Families with dependent children: Youngest aged 0 to 4,47,29,16,16,0,13,13,0,18,0,18
S01009585,Families with dependent children: Youngest aged 5 to 11,43,32,21,16,5,11,6,5,11,1,10
S01009585,Families with dependent children: Youngest aged 12 to 18,39,22,18,16,2,4,2,2,17,4,13
S01009586,All families in households,196,169,141,131,10,28,23,5,27,3,24
S01009586,Families with no dependent children,133,125,106,103,3,19,16,3,8,2,6
S01009586,Families with dependent children: Total,63,44,35,28,7,9,7,2,19,1,18
S01009586,Families with dependent children: Youngest aged 0 to 4,21,15,10,8,2,5,4,1,6,0,6
S01009586,Families with dependent children: Youngest aged 5 to 11,25,15,12,10,2,3,2,1,10,0,10
S01009586,Families with dependent children: Youngest aged 12 to 18,17,14,13,10,3,1,1,0,3,1,2
S01009587,All families in households,201,156,127,121,6,29,23,6,45,7,38
S01009587,Families with no dependent children,128,114,96,94,2,18,16,2,14,3,11
S01009587,Families with dependent children: Total,73,42,31,27,4,11,7,4,31,4,27
S01009587,Families with dependent children: Youngest aged 0 to 4,29,19,12,12,0,7,6,1,10,1,9
S01009587,Families with dependent children: Youngest aged 5 to 11,27,15,13,9,4,2,1,1,12,2,10
S01009587,Families with dependent children: Youngest aged 12 to 18,17,8,6,6,0,2,0,2,9,1,8
S01009588,All families in households,309,224,182,175,7,42,34,8,85,19,66
S01009588,Families with no dependent children,182,146,124,121,3,22,20,2,36,12,24
S01009588,Families with dependent children: Total,127,78,58,54,4,20,14,6,49,7,42
S01009588,Families with dependent children: Youngest aged 0 to 4,40,26,17,16,1,9,7,2,14,1,13
S01009588,Families with dependent children: Youngest aged 5 to 11,37,25,19,16,3,6,6,0,12,0,12
S01009588,Families with dependent children: Youngest aged 12 to 18,50,27,22,22,0,5,1,4,23,6,17
S01009589,All families in households,294,223,177,156,21,46,29,17,71,10,61
S01009589,Families with no dependent children,159,128,105,98,7,23,20,3,31,5,26
S01009589,Families with dependent children: Total,135,95,72,58,14,23,9,14,40,5,35
S01009589,Families with dependent children: Youngest aged 0 to 4,48,37,31,26,5,6,1,5,11,0,11
S01009589,Families with dependent children: Youngest aged 5 to 11,45,34,25,19,6,9,6,3,11,0,11
S01009589,Families with dependent children: Youngest aged 12 to 18,42,24,16,13,3,8,2,6,18,5,13
S01009590,All families in households,228,216,196,187,9,20,13,7,12,3,9
S01009590,Families with no dependent children,129,124,120,118,2,4,4,0,5,1,4
S01009590,Families with dependent children: Total,99,92,76,69,7,16,9,7,7,2,5
S01009590,Families with dependent children: Youngest aged 0 to 4,40,39,29,28,1,10,7,3,1,1,0
S01009590,Families with dependent children: Youngest aged 5 to 11,27,24,19,18,1,5,2,3,3,1,2
S01009590,Families with dependent children: Youngest aged 12 to 18,32,29,28,23,5,1,0,1,3,0,3
S01009591,All families in households,205,188,150,142,8,38,32,6,17,1,16
S01009591,Families with no dependent children,151,145,115,111,4,30,28,2,6,1,5
S01009591,Families with dependent children: Total,54,43,35,31,4,8,4,4,11,0,11
S01009591,Families with dependent children: Youngest aged 0 to 4,20,16,13,13,0,3,3,0,4,0,4
S01009591,Families with dependent children: Youngest aged 5 to 11,17,16,12,9,3,4,1,3,1,0,1
S01009591,Families with dependent children: Youngest aged 12 to 18,17,11,10,9,1,1,0,1,6,0,6
S01009592,All families in households,201,190,168,159,9,22,19,3,11,0,11
S01009592,Families with no dependent children,158,153,139,136,3,14,13,1,5,0,5
S01009592,Families with dependent children: Total,43,37,29,23,6,8,6,2,6,0,6
S01009592,Families with dependent children: Youngest aged 0 to 4,13,12,8,7,1,4,4,0,1,0,1
S01009592,Families with dependent children: Youngest aged 5 to 11,18,15,11,9,2,4,2,2,3,0,3
S01009592,Families with dependent children: Youngest aged 12 to 18,12,10,10,7,3,0,0,0,2,0,2
S01009593,All families in households,191,180,160,148,12,20,15,5,11,1,10
S01009593,Families with no dependent children,127,124,113,110,3,11,9,2,3,1,2
S01009593,Families with dependent children: Total,64,56,47,38,9,9,6,3,8,0,8
S01009593,Families with dependent children: Youngest aged 0 to 4,22,18,12,11,1,6,5,1,4,0,4
S01009593,Families with dependent children: Youngest aged 5 to 11,17,16,14,9,5,2,1,1,1,0,1
S01009593,Families with dependent children: Youngest aged 12 to 18,25,22,21,18,3,1,0,1,3,0,3
S01009594,All families in households,214,200,174,164,10,26,20,6,14,2,12
S01009594,Families with no dependent children,135,127,115,113,2,12,11,1,8,2,6
S01009594,Families with dependent children: Total,79,73,59,51,8,14,9,5,6,0,6
S01009594,Families with dependent children: Youngest aged 0 to 4,37,36,27,24,3,9,6,3,1,0,1
S01009594,Families with dependent children: Youngest aged 5 to 11,24,22,18,17,1,4,3,1,2,0,2
S01009594,Families with dependent children: Youngest aged 12 to 18,18,15,14,10,4,1,0,1,3,0,3
S01009595,All families in households,156,142,124,116,8,18,17,1,14,4,10
S01009595,Families with no dependent children,76,68,59,55,4,9,9,0,8,3,5
S01009595,Families with dependent children: Total,80,74,65,61,4,9,8,1,6,1,5
S01009595,Families with dependent children: Youngest aged 0 to 4,27,25,18,16,2,7,6,1,2,0,2
S01009595,Families with dependent children: Youngest aged 5 to 11,22,22,21,21,0,1,1,0,0,0,0
S01009595,Families with dependent children: Youngest aged 12 to 18,31,27,26,24,2,1,1,0,4,1,3
S01009596,All families in households,242,168,131,124,7,37,29,8,74,5,69
S01009596,Families with no dependent children,155,130,104,101,3,26,22,4,25,5,20
S01009596,Families with dependent children: Total,87,38,27,23,4,11,7,4,49,0,49
S01009596,Families with dependent children: Youngest aged 0 to 4,35,17,9,7,2,8,6,2,18,0,18
S01009596,Families with dependent children: Youngest aged 5 to 11,31,12,9,8,1,3,1,2,19,0,19
S01009596,Families with dependent children: Youngest aged 12 to 18,21,9,9,8,1,0,0,0,12,0,12
S01009597,All families in households,239,160,114,96,18,46,33,13,79,6,73
S01009597,Families with no dependent children,100,84,64,56,8,20,18,2,16,4,12
S01009597,Families with dependent children: Total,139,76,50,40,10,26,15,11,63,2,61
S01009597,Families with dependent children: Youngest aged 0 to 4,61,37,20,15,5,17,12,5,24,0,24
S01009597,Families with dependent children: Youngest aged 5 to 11,53,26,19,18,1,7,3,4,27,1,26
S01009597,Families with dependent children: Youngest aged 12 to 18,25,13,11,7,4,2,0,2,12,1,11
S01009598,All families in households,177,116,80,69,11,36,24,12,61,4,57
S01009598,Families with no dependent children,85,64,50,47,3,14,11,3,21,3,18
S01009598,Families with dependent children: Total,92,52,30,22,8,22,13,9,40,1,39
S01009598,Families with dependent children: Youngest aged 0 to 4,37,22,7,3,4,15,11,4,15,0,15
S01009598,Families with dependent children: Youngest aged 5 to 11,25,16,10,8,2,6,2,4,9,0,9
S01009598,Families with dependent children: Youngest aged 12 to 18,30,14,13,11,2,1,0,1,16,1,15
S01009599,All families in households,257,199,157,143,14,42,32,10,58,8,50
S01009599,Families with no dependent children,148,133,108,103,5,25,20,5,15,3,12
S01009599,Families with dependent children: Total,109,66,49,40,9,17,12,5,43,5,38
S01009599,Families with dependent children: Youngest aged 0 to 4,37,23,16,14,2,7,7,0,14,0,14
S01009599,Families with dependent children: Youngest aged 5 to 11,42,27,19,15,4,8,3,5,15,3,12
S01009599,Families with dependent children: Youngest aged 12 to 18,30,16,14,11,3,2,2,0,14,2,12
S01009600,All families in households,172,106,79,74,5,27,20,7,66,10,56
S01009600,Families with no dependent children,86,69,54,52,2,15,14,1,17,1,16
S01009600,Families with dependent children: Total,86,37,25,22,3,12,6,6,49,9,40
S01009600,Families with dependent children: Youngest aged 0 to 4,31,15,10,10,0,5,4,1,16,0,16
S01009600,Families with dependent children: Youngest aged 5 to 11,27,10,6,5,1,4,2,2,17,2,15
S01009600,Families with dependent children: Youngest aged 12 to 18,28,12,9,7,2,3,0,3,16,7,9
S01009601,All families in households,198,155,96,89,7,59,44,15,43,6,37
S01009601,Families with no dependent children,112,100,70,70,0,30,25,5,12,3,9
S01009601,Families with dependent children: Total,86,55,26,19,7,29,19,10,31,3,28
S01009601,Families with dependent children: Youngest aged 0 to 4,34,25,6,4,2,19,15,4,9,0,9
S01009601,Families with dependent children: Youngest aged 5 to 11,28,18,11,7,4,7,2,5,10,1,9
S01009601,Families with dependent children: Youngest aged 12 to 18,24,12,9,8,1,3,2,1,12,2,10
S01009602,All families in households,253,239,213,199,14,26,21,5,14,2,12
S01009602,Families with no dependent children,147,142,122,118,4,20,18,2,5,2,3
S01009602,Families with dependent children: Total,106,97,91,81,10,6,3,3,9,0,9
S01009602,Families with dependent children: Youngest aged 0 to 4,33,31,27,26,1,4,1,3,2,0,2
S01009602,Families with dependent children: Youngest aged 5 to 11,30,27,27,23,4,0,0,0,3,0,3
S01009602,Families with dependent children: Youngest aged 12 to 18,43,39,37,32,5,2,2,0,4,0,4
S01009603,All families in households,183,164,148,146,2,16,14,2,19,2,17
S01009603,Families with no dependent children,127,119,107,105,2,12,12,0,8,1,7
S01009603,Families with dependent children: Total,56,45,41,41,0,4,2,2,11,1,10
S01009603,Families with dependent children: Youngest aged 0 to 4,15,12,10,10,0,2,1,1,3,0,3
S01009603,Families with dependent children: Youngest aged 5 to 11,20,16,15,15,0,1,1,0,4,0,4
S01009603,Families with dependent children: Youngest aged 12 to 18,21,17,16,16,0,1,0,1,4,1,3
S01009604,All families in households,267,226,178,167,11,48,42,6,41,6,35
S01009604,Families with no dependent children,169,157,127,123,4,30,27,3,12,6,6
S01009604,Families with dependent children: Total,98,69,51,44,7,18,15,3,29,0,29
S01009604,Families with dependent children: Youngest aged 0 to 4,51,35,24,21,3,11,9,2,16,0,16
S01009604,Families with dependent children: Youngest aged 5 to 11,31,22,15,13,2,7,6,1,9,0,9
S01009604,Families with dependent children: Youngest aged 12 to 18,16,12,12,10,2,0,0,0,4,0,4
S01009605,All families in households,222,178,151,147,4,27,20,7,44,2,42
S01009605,Families with no dependent children,133,118,107,105,2,11,11,0,15,2,13
S01009605,Families with dependent children: Total,89,60,44,42,2,16,9,7,29,0,29
S01009605,Families with dependent children: Youngest aged 0 to 4,31,22,16,16,0,6,6,0,9,0,9
S01009605,Families with dependent children: Youngest aged 5 to 11,26,21,15,15,0,6,3,3,5,0,5
S01009605,Families with dependent children: Youngest aged 12 to 18,32,17,13,11,2,4,0,4,15,0,15
S01009606,All families in households,174,162,124,117,7,38,27,11,12,1,11
S01009606,Families with no dependent children,98,95,74,70,4,21,20,1,3,0,3
S01009606,Families with dependent children: Total,76,67,50,47,3,17,7,10,9,1,8
S01009606,Families with dependent children: Youngest aged 0 to 4,36,32,26,23,3,6,5,1,4,1,3
S01009606,Families with dependent children: Youngest aged 5 to 11,29,25,14,14,0,11,2,9,4,0,4
S01009606,Families with dependent children: Youngest aged 12 to 18,11,10,10,10,0,0,0,0,1,0,1
S01009607,All families in households,184,173,158,152,6,15,13,2,11,4,7
S01009607,Families with no dependent children,124,120,111,110,1,9,9,0,4,1,3
S01009607,Families with dependent children: Total,60,53,47,42,5,6,4,2,7,3,4
S01009607,Families with dependent children: Youngest aged 0 to 4,19,14,12,12,0,2,2,0,5,1,4
S01009607,Families with dependent children: Youngest aged 5 to 11,18,18,16,12,4,2,1,1,0,0,0
S01009607,Families with dependent children: Youngest aged 12 to 18,23,21,19,18,1,2,1,1,2,2,0
S01009608,All families in households,172,139,103,99,4,36,29,7,33,8,25
S01009608,Families with no dependent children,88,77,60,58,2,17,15,2,11,5,6
S01009608,Families with dependent children: Total,84,62,43,41,2,19,14,5,22,3,19
S01009608,Families with dependent children: Youngest aged 0 to 4,30,18,7,6,1,11,10,1,12,2,10
S01009608,Families with dependent children: Youngest aged 5 to 11,32,28,21,21,0,7,3,4,4,0,4
S01009608,Families with dependent children: Youngest aged 12 to 18,22,16,15,14,1,1,1,0,6,1,5
S01009609,All families in households,245,219,175,165,10,44,36,8,26,4,22
S01009609,Families with no dependent children,144,136,110,107,3,26,23,3,8,4,4
S01009609,Families with dependent children: Total,101,83,65,58,7,18,13,5,18,0,18
S01009609,Families with dependent children: Youngest aged 0 to 4,45,36,25,24,1,11,10,1,9,0,9
S01009609,Families with dependent children: Youngest aged 5 to 11,22,18,15,14,1,3,2,1,4,0,4
S01009609,Families with dependent children: Youngest aged 12 to 18,34,29,25,20,5,4,1,3,5,0,5
S01009610,All families in households,305,247,200,191,9,47,40,7,58,9,49
S01009610,Families with no dependent children,191,173,146,143,3,27,26,1,18,6,12
S01009610,Families with dependent children: Total,114,74,54,48,6,20,14,6,40,3,37
S01009610,Families with dependent children: Youngest aged 0 to 4,46,28,17,15,2,11,9,2,18,2,16
S01009610,Families with dependent children: Youngest aged 5 to 11,36,25,18,16,2,7,5,2,11,1,10
S01009610,Families with dependent children: Youngest aged 12 to 18,32,21,19,17,2,2,0,2,11,0,11
S01009611,All families in households,184,168,150,147,3,18,12,6,16,5,11
S01009611,Families with no dependent children,129,123,112,111,1,11,11,0,6,2,4
S01009611,Families with dependent children: Total,55,45,38,36,2,7,1,6,10,3,7
S01009611,Families with dependent children: Youngest aged 0 to 4,12,9,9,9,0,0,0,0,3,2,1
S01009611,Families with dependent children: Youngest aged 5 to 11,19,15,11,11,0,4,1,3,4,0,4
S01009611,Families with dependent children: Youngest aged 12 to 18,24,21,18,16,2,3,0,3,3,1,2
S01009612,All families in households,178,150,120,115,5,30,26,4,28,4,24
S01009612,Families with no dependent children,108,99,83,79,4,16,15,1,9,2,7
S01009612,Families with dependent children: Total,70,51,37,36,1,14,11,3,19,2,17
S01009612,Families with dependent children: Youngest aged 0 to 4,22,19,9,9,0,10,9,1,3,0,3
S01009612,Families with dependent children: Youngest aged 5 to 11,25,15,13,12,1,2,1,1,10,1,9
S01009612,Families with dependent children: Youngest aged 12 to 18,23,17,15,15,0,2,1,1,6,1,5
S01009613,All families in households,149,141,128,121,7,13,10,3,8,3,5
S01009613,Families with no dependent children,99,94,87,84,3,7,6,1,5,2,3
S01009613,Families with dependent children: Total,50,47,41,37,4,6,4,2,3,1,2
S01009613,Families with dependent children: Youngest aged 0 to 4,17,17,14,12,2,3,2,1,0,0,0
S01009613,Families with dependent children: Youngest aged 5 to 11,18,16,14,13,1,2,2,0,2,0,2
S01009613,Families with dependent children: Youngest aged 12 to 18,15,14,13,12,1,1,0,1,1,1,0
S01009614,All families in households,163,148,132,129,3,16,16,0,15,2,13
S01009614,Families with no dependent children,107,101,89,87,2,12,12,0,6,0,6
S01009614,Families with dependent children: Total,56,47,43,42,1,4,4,0,9,2,7
S01009614,Families with dependent children: Youngest aged 0 to 4,13,12,9,9,0,3,3,0,1,0,1
S01009614,Families with dependent children: Youngest aged 5 to 11,18,13,13,13,0,0,0,0,5,1,4
S01009614,Families with dependent children: Youngest aged 12 to 18,25,22,21,20,1,1,1,0,3,1,2
S01009615,All families in households,133,120,103,98,5,17,13,4,13,3,10
S01009615,Families with no dependent children,88,83,78,77,1,5,5,0,5,2,3
S01009615,Families with dependent children: Total,45,37,25,21,4,12,8,4,8,1,7
S01009615,Families with dependent children: Youngest aged 0 to 4,11,11,5,5,0,6,5,1,0,0,0
S01009615,Families with dependent children: Youngest aged 5 to 11,14,11,7,7,0,4,2,2,3,1,2
S01009615,Families with dependent children: Youngest aged 12 to 18,20,15,13,9,4,2,1,1,5,0,5
S01009616,All families in households,227,191,153,147,6,38,32,6,36,2,34
S01009616,Families with no dependent children,141,129,110,106,4,19,17,2,12,2,10
S01009616,Families with dependent children: Total,86,62,43,41,2,19,15,4,24,0,24
S01009616,Families with dependent children: Youngest aged 0 to 4,30,20,9,8,1,11,10,1,10,0,10
S01009616,Families with dependent children: Youngest aged 5 to 11,24,16,14,13,1,2,2,0,8,0,8
S01009616,Families with dependent children: Youngest aged 12 to 18,32,26,20,20,0,6,3,3,6,0,6
S01009617,All families in households,234,209,175,168,7,34,29,5,25,5,20
S01009617,Families with no dependent children,148,135,113,110,3,22,20,2,13,5,8
S01009617,Families with dependent children: Total,86,74,62,58,4,12,9,3,12,0,12
S01009617,Families with dependent children: Youngest aged 0 to 4,25,22,17,15,2,5,5,0,3,0,3
S01009617,Families with dependent children: Youngest aged 5 to 11,32,25,19,17,2,6,3,3,7,0,7
S01009617,Families with dependent children: Youngest aged 12 to 18,29,27,26,26,0,1,1,0,2,0,2
S01009618,All families in households,220,175,125,121,4,50,43,7,45,6,39
S01009618,Families with no dependent children,134,124,96,93,3,28,26,2,10,1,9
S01009618,Families with dependent children: Total,86,51,29,28,1,22,17,5,35,5,30
S01009618,Families with dependent children: Youngest aged 0 to 4,30,21,10,10,0,11,10,1,9,2,7
S01009618,Families with dependent children: Youngest aged 5 to 11,26,13,6,5,1,7,6,1,13,2,11
S01009618,Families with dependent children: Youngest aged 12 to 18,30,17,13,13,0,4,1,3,13,1,12
S01009619,All families in households,176,141,106,105,1,35,33,2,35,3,32
S01009619,Families with no dependent children,99,91,75,75,0,16,16,0,8,3,5
S01009619,Families with dependent children: Total,77,50,31,30,1,19,17,2,27,0,27
S01009619,Families with dependent children: Youngest aged 0 to 4,38,24,11,11,0,13,11,2,14,0,14
S01009619,Families with dependent children: Youngest aged 5 to 11,22,14,10,9,1,4,4,0,8,0,8
S01009619,Families with dependent children: Youngest aged 12 to 18,17,12,10,10,0,2,2,0,5,0,5
S01009620,All families in households,229,168,125,121,4,43,36,7,61,6,55
S01009620,Families with no dependent children,137,112,94,91,3,18,16,2,25,2,23
S01009620,Families with dependent children: Total,92,56,31,30,1,25,20,5,36,4,32
S01009620,Families with dependent children: Youngest aged 0 to 4,41,27,10,10,0,17,14,3,14,0,14
S01009620,Families with dependent children: Youngest aged 5 to 11,26,18,11,10,1,7,6,1,8,0,8
S01009620,Families with dependent children: Youngest aged 12 to 18,25,11,10,10,0,1,0,1,14,4,10
S01009621,All families in households,216,164,129,128,1,35,23,12,52,10,42
S01009621,Families with no dependent children,141,123,101,100,1,22,21,1,18,6,12
S01009621,Families with dependent children: Total,75,41,28,28,0,13,2,11,34,4,30
S01009621,Families with dependent children: Youngest aged 0 to 4,33,11,3,3,0,8,2,6,22,0,22
S01009621,Families with dependent children: Youngest aged 5 to 11,17,12,10,10,0,2,0,2,5,0,5
S01009621,Families with dependent children: Youngest aged 12 to 18,25,18,15,15,0,3,0,3,7,4,3
S01009622,All families in households,193,132,78,77,1,54,47,7,61,8,53
S01009622,Families with no dependent children,103,86,60,60,0,26,26,0,17,6,11
S01009622,Families with dependent children: Total,90,46,18,17,1,28,21,7,44,2,42
S01009622,Families with dependent children: Youngest aged 0 to 4,48,28,9,8,1,19,16,3,20,0,20
S01009622,Families with dependent children: Youngest aged 5 to 11,25,10,6,6,0,4,2,2,15,0,15
S01009622,Families with dependent children: Youngest aged 12 to 18,17,8,3,3,0,5,3,2,9,2,7
S01009623,All families in households,156,116,87,80,7,29,21,8,40,4,36
S01009623,Families with no dependent children,90,82,66,63,3,16,14,2,8,2,6
S01009623,Families with dependent children: Total,66,34,21,17,4,13,7,6,32,2,30
S01009623,Families with dependent children: Youngest aged 0 to 4,21,10,6,5,1,4,3,1,11,0,11
S01009623,Families with dependent children: Youngest aged 5 to 11,21,9,4,3,1,5,2,3,12,2,10
S01009623,Families with dependent children: Youngest aged 12 to 18,24,15,11,9,2,4,2,2,9,0,9
S01009624,All families in households,266,195,162,158,4,33,23,10,71,8,63
S01009624,Families with no dependent children,164,142,123,123,0,19,17,2,22,4,18
S01009624,Families with dependent children: Total,102,53,39,35,4,14,6,8,49,4,45
S01009624,Families with dependent children: Youngest aged 0 to 4,36,20,14,14,0,6,4,2,16,0,16
S01009624,Families with dependent children: Youngest aged 5 to 11,30,14,12,10,2,2,1,1,16,3,13
S01009624,Families with dependent children: Youngest aged 12 to 18,36,19,13,11,2,6,1,5,17,1,16
S01009625,All families in households,256,191,150,137,13,41,26,15,65,3,62
S01009625,Families with no dependent children,131,110,95,92,3,15,13,2,21,3,18
S01009625,Families with dependent children: Total,125,81,55,45,10,26,13,13,44,0,44
S01009625,Families with dependent children: Youngest aged 0 to 4,40,28,15,12,3,13,7,6,12,0,12
S01009625,Families with dependent children: Youngest aged 5 to 11,44,26,18,15,3,8,5,3,18,0,18
S01009625,Families with dependent children: Youngest aged 12 to 18,41,27,22,18,4,5,1,4,14,0,14
S01009626,All families in households,171,105,84,73,11,21,13,8,66,3,63
S01009626,Families with no dependent children,83,62,54,53,1,8,5,3,21,2,19
S01009626,Families with dependent children: Total,88,43,30,20,10,13,8,5,45,1,44
S01009626,Families with dependent children: Youngest aged 0 to 4,27,16,9,5,4,7,6,1,11,0,11
S01009626,Families with dependent children: Youngest aged 5 to 11,36,16,12,9,3,4,1,3,20,0,20
S01009626,Families with dependent children: Youngest aged 12 to 18,25,11,9,6,3,2,1,1,14,1,13
S01009627,All families in households,244,187,149,142,7,38,29,9,57,2,55
S01009627,Families with no dependent children,135,122,106,103,3,16,14,2,13,1,12
S01009627,Families with dependent children: Total,109,65,43,39,4,22,15,7,44,1,43
S01009627,Families with dependent children: Youngest aged 0 to 4,38,25,14,12,2,11,7,4,13,1,12
S01009627,Families with dependent children: Youngest aged 5 to 11,34,19,14,14,0,5,3,2,15,0,15
S01009627,Families with dependent children: Youngest aged 12 to 18,37,21,15,13,2,6,5,1,16,0,16
S01009628,All families in households,153,127,111,108,3,16,10,6,26,1,25
S01009628,Families with no dependent children,117,106,96,94,2,10,8,2,11,1,10
S01009628,Families with dependent children: Total,36,21,15,14,1,6,2,4,15,0,15
S01009628,Families with dependent children: Youngest aged 0 to 4,14,6,3,2,1,3,0,3,8,0,8
S01009628,Families with dependent children: Youngest aged 5 to 11,12,11,9,9,0,2,1,1,1,0,1
S01009628,Families with dependent children: Youngest aged 12 to 18,10,4,3,3,0,1,1,0,6,0,6
S01009629,All families in households,338,244,172,159,13,72,57,15,94,13,81
S01009629,Families with no dependent children,165,139,109,108,1,30,28,2,26,9,17
S01009629,Families with dependent children: Total,173,105,63,51,12,42,29,13,68,4,64
S01009629,Families with dependent children: Youngest aged 0 to 4,65,40,22,18,4,18,15,3,25,2,23
S01009629,Families with dependent children: Youngest aged 5 to 11,52,34,21,17,4,13,7,6,18,0,18
S01009629,Families with dependent children: Youngest aged 12 to 18,56,31,20,16,4,11,7,4,25,2,23
S01009630,All families in households,249,164,124,118,6,40,29,11,85,11,74
S01009630,Families with no dependent children,130,107,90,88,2,17,15,2,23,5,18
S01009630,Families with dependent children: Total,119,57,34,30,4,23,14,9,62,6,56
S01009630,Families with dependent children: Youngest aged 0 to 4,47,22,12,11,1,10,6,4,25,0,25
S01009630,Families with dependent children: Youngest aged 5 to 11,37,21,13,12,1,8,5,3,16,1,15
S01009630,Families with dependent children: Youngest aged 12 to 18,35,14,9,7,2,5,3,2,21,5,16
S01009631,All families in households,162,116,79,72,7,37,32,5,46,7,39
S01009631,Families with no dependent children,105,86,60,58,2,26,25,1,19,5,14
S01009631,Families with dependent children: Total,57,30,19,14,5,11,7,4,27,2,25
S01009631,Families with dependent children: Youngest aged 0 to 4,31,15,9,7,2,6,5,1,16,1,15
S01009631,Families with dependent children: Youngest aged 5 to 11,15,9,7,5,2,2,2,0,6,1,5
S01009631,Families with dependent children: Youngest aged 12 to 18,11,6,3,2,1,3,0,3,5,0,5
S01009632,All families in households,159,100,62,61,1,38,29,9,59,5,54
S01009632,Families with no dependent children,75,67,50,49,1,17,17,0,8,0,8
S01009632,Families with dependent children: Total,84,33,12,12,0,21,12,9,51,5,46
S01009632,Families with dependent children: Youngest aged 0 to 4,50,20,5,5,0,15,10,5,30,3,27
S01009632,Families with dependent children: Youngest aged 5 to 11,19,7,2,2,0,5,2,3,12,0,12
S01009632,Families with dependent children: Youngest aged 12 to 18,15,6,5,5,0,1,0,1,9,2,7
S01009633,All families in households,216,133,90,74,16,43,34,9,83,20,63
S01009633,Families with no dependent children,95,72,55,53,2,17,17,0,23,10,13
S01009633,Families with dependent children: Total,121,61,35,21,14,26,17,9,60,10,50
S01009633,Families with dependent children: Youngest aged 0 to 4,52,26,11,9,2,15,10,5,26,5,21
S01009633,Families with dependent children: Youngest aged 5 to 11,35,17,12,8,4,5,3,2,18,3,15
S01009633,Families with dependent children: Youngest aged 12 to 18,34,18,12,4,8,6,4,2,16,2,14
S01009634,All families in households,147,109,85,84,1,24,19,5,38,2,36
S01009634,Families with no dependent children,95,79,66,66,0,13,12,1,16,1,15
S01009634,Families with dependent children: Total,52,30,19,18,1,11,7,4,22,1,21
S01009634,Families with dependent children: Youngest aged 0 to 4,22,12,6,6,0,6,3,3,10,0,10
S01009634,Families with dependent children: Youngest aged 5 to 11,16,8,4,4,0,4,3,1,8,0,8
S01009634,Families with dependent children: Youngest aged 12 to 18,14,10,9,8,1,1,1,0,4,1,3
S01009635,All families in households,250,197,161,158,3,36,30,6,53,18,35
S01009635,Families with no dependent children,150,127,109,109,0,18,17,1,23,10,13
S01009635,Families with dependent children: Total,100,70,52,49,3,18,13,5,30,8,22
S01009635,Families with dependent children: Youngest aged 0 to 4,38,28,15,15,0,13,11,2,10,1,9
S01009635,Families with dependent children: Youngest aged 5 to 11,35,24,19,17,2,5,2,3,11,4,7
S01009635,Families with dependent children: Youngest aged 12 to 18,27,18,18,17,1,0,0,0,9,3,6
S01009636,All families in households,250,155,92,86,6,63,54,9,95,23,72
S01009636,Families with no dependent children,131,107,69,69,0,38,37,1,24,8,16
S01009636,Families with dependent children: Total,119,48,23,17,6,25,17,8,71,15,56
S01009636,Families with dependent children: Youngest aged 0 to 4,64,30,11,10,1,19,15,4,34,2,32
S01009636,Families with dependent children: Youngest aged 5 to 11,24,7,4,2,2,3,2,1,17,2,15
S01009636,Families with dependent children: Youngest aged 12 to 18,31,11,8,5,3,3,0,3,20,11,9
S01009637,All families in households,207,156,124,119,5,32,27,5,51,11,40
S01009637,Families with no dependent children,116,104,85,84,1,19,18,1,12,4,8
S01009637,Families with dependent children: Total,91,52,39,35,4,13,9,4,39,7,32
S01009637,Families with dependent children: Youngest aged 0 to 4,39,21,14,14,0,7,6,1,18,0,18
S01009637,Families with dependent children: Youngest aged 5 to 11,26,16,11,9,2,5,2,3,10,3,7
S01009637,Families with dependent children: Youngest aged 12 to 18,26,15,14,12,2,1,1,0,11,4,7
S01009638,All families in households,218,149,110,98,12,39,24,15,69,10,59
S01009638,Families with no dependent children,99,87,72,69,3,15,13,2,12,2,10
S01009638,Families with dependent children: Total,119,62,38,29,9,24,11,13,57,8,49
S01009638,Families with dependent children: Youngest aged 0 to 4,41,24,9,4,5,15,8,7,17,2,15
S01009638,Families with dependent children: Youngest aged 5 to 11,41,23,18,16,2,5,1,4,18,3,15
S01009638,Families with dependent children: Youngest aged 12 to 18,37,15,11,9,2,4,2,2,22,3,19
S01009639,All families in households,238,211,190,183,7,21,17,4,27,5,22
S01009639,Families with no dependent children,154,146,131,129,2,15,13,2,8,0,8
S01009639,Families with dependent children: Total,84,65,59,54,5,6,4,2,19,5,14
S01009639,Families with dependent children: Youngest aged 0 to 4,26,25,23,22,1,2,2,0,1,1,0
S01009639,Families with dependent children: Youngest aged 5 to 11,21,13,11,10,1,2,1,1,8,1,7
S01009639,Families with dependent children: Youngest aged 12 to 18,37,27,25,22,3,2,1,1,10,3,7
S01009640,All families in households,147,110,74,74,0,36,32,4,37,4,33
S01009640,Families with no dependent children,83,78,53,53,0,25,24,1,5,1,4
S01009640,Families with dependent children: Total,64,32,21,21,0,11,8,3,32,3,29
S01009640,Families with dependent children: Youngest aged 0 to 4,22,13,7,7,0,6,6,0,9,0,9
S01009640,Families with dependent children: Youngest aged 5 to 11,22,10,6,6,0,4,2,2,12,2,10
S01009640,Families with dependent children: Youngest aged 12 to 18,20,9,8,8,0,1,0,1,11,1,10
S01009641,All families in households,206,163,118,113,5,45,44,1,43,9,34
S01009641,Families with no dependent children,140,132,95,92,3,37,36,1,8,3,5
S01009641,Families with dependent children: Total,66,31,23,21,2,8,8,0,35,6,29
S01009641,Families with dependent children: Youngest aged 0 to 4,20,13,8,8,0,5,5,0,7,0,7
S01009641,Families with dependent children: Youngest aged 5 to 11,18,7,5,4,1,2,2,0,11,0,11
S01009641,Families with dependent children: Youngest aged 12 to 18,28,11,10,9,1,1,1,0,17,6,11
S01009642,All families in households,247,203,139,126,13,64,57,7,44,3,41
S01009642,Families with no dependent children,152,134,88,83,5,46,45,1,18,2,16
S01009642,Families with dependent children: Total,95,69,51,43,8,18,12,6,26,1,25
S01009642,Families with dependent children: Youngest aged 0 to 4,36,27,19,17,2,8,7,1,9,0,9
S01009642,Families with dependent children: Youngest aged 5 to 11,31,25,17,15,2,8,5,3,6,0,6
S01009642,Families with dependent children: Youngest aged 12 to 18,28,17,15,11,4,2,0,2,11,1,10
S01009643,All families in households,186,172,135,130,5,37,28,9,14,0,14
S01009643,Families with no dependent children,89,88,67,66,1,21,18,3,1,0,1
S01009643,Families with dependent children: Total,97,84,68,64,4,16,10,6,13,0,13
S01009643,Families with dependent children: Youngest aged 0 to 4,46,42,32,29,3,10,6,4,4,0,4
S01009643,Families with dependent children: Youngest aged 5 to 11,35,28,24,23,1,4,3,1,7,0,7
S01009643,Families with dependent children: Youngest aged 12 to 18,16,14,12,12,0,2,1,1,2,0,2
S01009644,All families in households,251,205,169,157,12,36,28,8,46,7,39
S01009644,Families with no dependent children,147,132,114,109,5,18,17,1,15,4,11
S01009644,Families with dependent children: Total,104,73,55,48,7,18,11,7,31,3,28
S01009644,Families with dependent children: Youngest aged 0 to 4,35,27,20,16,4,7,7,0,8,0,8
S01009644,Families with dependent children: Youngest aged 5 to 11,32,22,16,14,2,6,4,2,10,0,10
S01009644,Families with dependent children: Youngest aged 12 to 18,37,24,19,18,1,5,0,5,13,3,10
S01009645,All families in households,194,148,116,109,7,32,28,4,46,6,40
S01009645,Families with no dependent children,115,98,83,83,0,15,14,1,17,4,13
S01009645,Families with dependent children: Total,79,50,33,26,7,17,14,3,29,2,27
S01009645,Families with dependent children: Youngest aged 0 to 4,34,23,13,10,3,10,8,2,11,1,10
S01009645,Families with dependent children: Youngest aged 5 to 11,32,19,15,13,2,4,4,0,13,0,13
S01009645,Families with dependent children: Youngest aged 12 to 18,13,8,5,3,2,3,2,1,5,1,4
S01009646,All families in households,173,130,111,101,10,19,16,3,43,7,36
S01009646,Families with no dependent children,96,83,74,70,4,9,9,0,13,5,8
S01009646,Families with dependent children: Total,77,47,37,31,6,10,7,3,30,2,28
S01009646,Families with dependent children: Youngest aged 0 to 4,29,18,13,10,3,5,4,1,11,0,11
S01009646,Families with dependent children: Youngest aged 5 to 11,20,11,9,9,0,2,0,2,9,2,7
S01009646,Families with dependent children: Youngest aged 12 to 18,28,18,15,12,3,3,3,0,10,0,10
S01009647,All families in households,157,110,81,79,2,29,23,6,47,6,41
S01009647,Families with no dependent children,88,80,67,65,2,13,13,0,8,2,6
S01009647,Families with dependent children: Total,69,30,14,14,0,16,10,6,39,4,35
S01009647,Families with dependent children: Youngest aged 0 to 4,30,14,3,3,0,11,8,3,16,0,16
S01009647,Families with dependent children: Youngest aged 5 to 11,24,8,6,6,0,2,1,1,16,0,16
S01009647,Families with dependent children: Youngest aged 12 to 18,15,8,5,5,0,3,1,2,7,4,3
S01009648,All families in households,265,212,173,165,8,39,25,14,53,6,47
S01009648,Families with no dependent children,158,132,116,115,1,16,14,2,26,5,21
S01009648,Families with dependent children: Total,107,80,57,50,7,23,11,12,27,1,26
S01009648,Families with dependent children: Youngest aged 0 to 4,27,23,12,10,2,11,7,4,4,0,4
S01009648,Families with dependent children: Youngest aged 5 to 11,39,27,21,19,2,6,2,4,12,1,11
S01009648,Families with dependent children: Youngest aged 12 to 18,41,30,24,21,3,6,2,4,11,0,11
S01009649,All families in households,309,250,206,195,11,44,34,10,59,8,51
S01009649,Families with no dependent children,170,156,136,134,2,20,19,1,14,4,10
S01009649,Families with dependent children: Total,139,94,70,61,9,24,15,9,45,4,41
S01009649,Families with dependent children: Youngest aged 0 to 4,54,35,24,23,1,11,8,3,19,0,19
S01009649,Families with dependent children: Youngest aged 5 to 11,34,25,18,15,3,7,4,3,9,2,7
S01009649,Families with dependent children: Youngest aged 12 to 18,51,34,28,23,5,6,3,3,17,2,15
S01009650,All families in households,257,243,219,217,2,24,20,4,14,0,14
S01009650,Families with no dependent children,198,188,170,169,1,18,16,2,10,0,10
S01009650,Families with dependent children: Total,59,55,49,48,1,6,4,2,4,0,4
S01009650,Families with dependent children: Youngest aged 0 to 4,13,12,10,10,0,2,2,0,1,0,1
S01009650,Families with dependent children: Youngest aged 5 to 11,18,16,14,14,0,2,2,0,2,0,2
S01009650,Families with dependent children: Youngest aged 12 to 18,28,27,25,24,1,2,0,2,1,0,1
S01009651,All families in households,289,257,220,213,7,37,29,8,32,5,27
S01009651,Families with no dependent children,198,188,162,160,2,26,22,4,10,2,8
S01009651,Families with dependent children: Total,91,69,58,53,5,11,7,4,22,3,19
S01009651,Families with dependent children: Youngest aged 0 to 4,33,22,19,16,3,3,3,0,11,0,11
S01009651,Families with dependent children: Youngest aged 5 to 11,23,17,16,16,0,1,0,1,6,2,4
S01009651,Families with dependent children: Youngest aged 12 to 18,35,30,23,21,2,7,4,3,5,1,4
S01009652,All families in households,228,203,181,175,6,22,19,3,25,3,22
S01009652,Families with no dependent children,171,160,141,139,2,19,19,0,11,2,9
S01009652,Families with dependent children: Total,57,43,40,36,4,3,0,3,14,1,13
S01009652,Families with dependent children: Youngest aged 0 to 4,12,9,9,8,1,0,0,0,3,1,2
S01009652,Families with dependent children: Youngest aged 5 to 11,21,15,15,14,1,0,0,0,6,0,6
S01009652,Families with dependent children: Youngest aged 12 to 18,24,19,16,14,2,3,0,3,5,0,5
S01009653,All families in households,175,161,143,139,4,18,15,3,14,2,12
S01009653,Families with no dependent children,112,106,95,95,0,11,9,2,6,1,5
S01009653,Families with dependent children: Total,63,55,48,44,4,7,6,1,8,1,7
S01009653,Families with dependent children: Youngest aged 0 to 4,17,17,15,14,1,2,2,0,0,0,0
S01009653,Families with dependent children: Youngest aged 5 to 11,22,19,15,13,2,4,3,1,3,0,3
S01009653,Families with dependent children: Youngest aged 12 to 18,24,19,18,17,1,1,1,0,5,1,4
S01009654,All families in households,165,139,109,102,7,30,23,7,26,3,23
S01009654,Families with no dependent children,93,83,71,70,1,12,10,2,10,2,8
S01009654,Families with dependent children: Total,72,56,38,32,6,18,13,5,16,1,15
S01009654,Families with dependent children: Youngest aged 0 to 4,26,24,13,11,2,11,10,1,2,0,2
S01009654,Families with dependent children: Youngest aged 5 to 11,21,16,12,12,0,4,2,2,5,0,5
S01009654,Families with dependent children: Youngest aged 12 to 18,25,16,13,9,4,3,1,2,9,1,8
S01009655,All families in households,254,183,144,134,10,39,28,11,71,9,62
S01009655,Families with no dependent children,155,130,106,102,4,24,20,4,25,5,20
S01009655,Families with dependent children: Total,99,53,38,32,6,15,8,7,46,4,42
S01009655,Families with dependent children: Youngest aged 0 to 4,22,9,6,6,0,3,2,1,13,1,12
S01009655,Families with dependent children: Youngest aged 5 to 11,43,24,17,14,3,7,4,3,19,2,17
S01009655,Families with dependent children: Youngest aged 12 to 18,34,20,15,12,3,5,2,3,14,1,13
S01009656,All families in households,198,145,113,109,4,32,22,10,53,9,44
S01009656,Families with no dependent children,128,106,93,93,0,13,12,1,22,8,14
S01009656,Families with dependent children: Total,70,39,20,16,4,19,10,9,31,1,30
S01009656,Families with dependent children: Youngest aged 0 to 4,37,22,9,7,2,13,8,5,15,0,15
S01009656,Families with dependent children: Youngest aged 5 to 11,19,11,8,6,2,3,1,2,8,0,8
S01009656,Families with dependent children: Youngest aged 12 to 18,14,6,3,3,0,3,1,2,8,1,7
S01009657,All families in households,239,211,175,168,7,36,29,7,28,7,21
S01009657,Families with no dependent children,160,147,124,122,2,23,21,2,13,7,6
S01009657,Families with dependent children: Total,79,64,51,46,5,13,8,5,15,0,15
S01009657,Families with dependent children: Youngest aged 0 to 4,22,14,7,7,0,7,6,1,8,0,8
S01009657,Families with dependent children: Youngest aged 5 to 11,25,20,16,14,2,4,2,2,5,0,5
S01009657,Families with dependent children: Youngest aged 12 to 18,32,30,28,25,3,2,0,2,2,0,2
S01009658,All families in households,241,177,143,135,8,34,23,11,64,9,55
S01009658,Families with no dependent children,141,115,99,96,3,16,14,2,26,4,22
S01009658,Families with dependent children: Total,100,62,44,39,5,18,9,9,38,5,33
S01009658,Families with dependent children: Youngest aged 0 to 4,33,21,15,14,1,6,5,1,12,0,12
S01009658,Families with dependent children: Youngest aged 5 to 11,43,28,20,16,4,8,3,5,15,1,14
S01009658,Families with dependent children: Youngest aged 12 to 18,24,13,9,9,0,4,1,3,11,4,7
S01009659,All families in households,143,125,105,100,5,20,16,4,18,0,18
S01009659,Families with no dependent children,90,86,75,74,1,11,10,1,4,0,4
S01009659,Families with dependent children: Total,53,39,30,26,4,9,6,3,14,0,14
S01009659,Families with dependent children: Youngest aged 0 to 4,16,12,7,6,1,5,3,2,4,0,4
S01009659,Families with dependent children: Youngest aged 5 to 11,17,10,7,6,1,3,2,1,7,0,7
S01009659,Families with dependent children: Youngest aged 12 to 18,20,17,16,14,2,1,1,0,3,0,3
S01009660,All families in households,346,273,225,214,11,48,35,13,73,7,66
S01009660,Families with no dependent children,187,167,144,140,4,23,21,2,20,4,16
S01009660,Families with dependent children: Total,159,106,81,74,7,25,14,11,53,3,50
S01009660,Families with dependent children: Youngest aged 0 to 4,55,39,24,22,2,15,12,3,16,1,15
S01009660,Families with dependent children: Youngest aged 5 to 11,59,37,31,28,3,6,2,4,22,1,21
S01009660,Families with dependent children: Youngest aged 12 to 18,45,30,26,24,2,4,0,4,15,1,14
S01009661,All families in households,257,235,201,198,3,34,32,2,22,3,19
S01009661,Families with no dependent children,172,160,139,138,1,21,21,0,12,3,9
S01009661,Families with dependent children: Total,85,75,62,60,2,13,11,2,10,0,10
S01009661,Families with dependent children: Youngest aged 0 to 4,19,15,10,9,1,5,5,0,4,0,4
S01009661,Families with dependent children: Youngest aged 5 to 11,33,29,24,24,0,5,4,1,4,0,4
S01009661,Families with dependent children: Youngest aged 12 to 18,33,31,28,27,1,3,2,1,2,0,2
S01009662,All families in households,228,192,160,154,6,32,25,7,36,13,23
S01009662,Families with no dependent children,144,130,112,110,2,18,16,2,14,5,9
S01009662,Families with dependent children: Total,84,62,48,44,4,14,9,5,22,8,14
S01009662,Families with dependent children: Youngest aged 0 to 4,23,15,8,8,0,7,6,1,8,1,7
S01009662,Families with dependent children: Youngest aged 5 to 11,31,27,22,21,1,5,1,4,4,2,2
S01009662,Families with dependent children: Youngest aged 12 to 18,30,20,18,15,3,2,2,0,10,5,5
S01009663,All families in households,203,168,136,129,7,32,26,6,35,8,27
S01009663,Families with no dependent children,122,110,91,87,4,19,18,1,12,3,9
S01009663,Families with dependent children: Total,81,58,45,42,3,13,8,5,23,5,18
S01009663,Families with dependent children: Youngest aged 0 to 4,19,17,14,14,0,3,3,0,2,1,1
S01009663,Families with dependent children: Youngest aged 5 to 11,36,27,19,17,2,8,5,3,9,2,7
S01009663,Families with dependent children: Youngest aged 12 to 18,26,14,12,11,1,2,0,2,12,2,10
S01009664,All families in households,269,252,220,210,10,32,24,8,17,2,15
S01009664,Families with no dependent children,170,164,147,140,7,17,16,1,6,1,5
S01009664,Families with dependent children: Total,99,88,73,70,3,15,8,7,11,1,10
S01009664,Families with dependent children: Youngest aged 0 to 4,36,35,26,26,0,9,7,2,1,0,1
S01009664,Families with dependent children: Youngest aged 5 to 11,34,28,25,23,2,3,1,2,6,1,5
S01009664,Families with dependent children: Youngest aged 12 to 18,29,25,22,21,1,3,0,3,4,0,4
S01009665,All families in households,196,162,134,128,6,28,22,6,34,4,30
S01009665,Families with no dependent children,119,105,89,88,1,16,16,0,14,3,11
S01009665,Families with dependent children: Total,77,57,45,40,5,12,6,6,20,1,19
S01009665,Families with dependent children: Youngest aged 0 to 4,24,17,11,10,1,6,4,2,7,0,7
S01009665,Families with dependent children: Youngest aged 5 to 11,32,22,22,19,3,0,0,0,10,0,10
S01009665,Families with dependent children: Youngest aged 12 to 18,21,18,12,11,1,6,2,4,3,1,2
S01009666,All families in households,236,204,170,169,1,34,29,5,32,8,24
S01009666,Families with no dependent children,160,144,123,123,0,21,21,0,16,6,10
S01009666,Families with dependent children: Total,76,60,47,46,1,13,8,5,16,2,14
S01009666,Families with dependent children: Youngest aged 0 to 4,28,22,16,16,0,6,5,1,6,0,6
S01009666,Families with dependent children: Youngest aged 5 to 11,26,21,16,16,0,5,1,4,5,1,4
S01009666,Families with dependent children: Youngest aged 12 to 18,22,17,15,14,1,2,2,0,5,1,4
S01009667,All families in households,163,157,141,135,6,16,15,1,6,1,5
S01009667,Families with no dependent children,105,104,94,93,1,10,10,0,1,1,0
S01009667,Families with dependent children: Total,58,53,47,42,5,6,5,1,5,0,5
S01009667,Families with dependent children: Youngest aged 0 to 4,17,17,11,9,2,6,5,1,0,0,0
S01009667,Families with dependent children: Youngest aged 5 to 11,19,17,17,16,1,0,0,0,2,0,2
S01009667,Families with dependent children: Youngest aged 12 to 18,22,19,19,17,2,0,0,0,3,0,3
S01009668,All families in households,189,164,136,130,6,28,25,3,25,4,21
S01009668,Families with no dependent children,108,101,80,77,3,21,21,0,7,2,5
S01009668,Families with dependent children: Total,81,63,56,53,3,7,4,3,18,2,16
S01009668,Families with dependent children: Youngest aged 0 to 4,27,25,23,22,1,2,2,0,2,0,2
S01009668,Families with dependent children: Youngest aged 5 to 11,28,21,19,18,1,2,1,1,7,2,5
S01009668,Families with dependent children: Youngest aged 12 to 18,26,17,14,13,1,3,1,2,9,0,9
S01009669,All families in households,162,145,126,123,3,19,18,1,17,3,14
S01009669,Families with no dependent children,116,107,94,93,1,13,12,1,9,2,7
S01009669,Families with dependent children: Total,46,38,32,30,2,6,6,0,8,1,7
S01009669,Families with dependent children: Youngest aged 0 to 4,14,13,10,10,0,3,3,0,1,0,1
S01009669,Families with dependent children: Youngest aged 5 to 11,16,14,12,11,1,2,2,0,2,0,2
S01009669,Families with dependent children: Youngest aged 12 to 18,16,11,10,9,1,1,1,0,5,1,4
S01009670,All families in households,237,192,168,158,10,24,16,8,45,8,37
S01009670,Families with no dependent children,140,126,113,110,3,13,10,3,14,3,11
S01009670,Families with dependent children: Total,97,66,55,48,7,11,6,5,31,5,26
S01009670,Families with dependent children: Youngest aged 0 to 4,24,20,16,14,2,4,3,1,4,0,4
S01009670,Families with dependent children: Youngest aged 5 to 11,33,21,18,15,3,3,2,1,12,2,10
S01009670,Families with dependent children: Youngest aged 12 to 18,40,25,21,19,2,4,1,3,15,3,12
S01009671,All families in households,199,167,130,125,5,37,35,2,32,4,28
S01009671,Families with no dependent children,127,117,92,91,1,25,25,0,10,1,9
S01009671,Families with dependent children: Total,72,50,38,34,4,12,10,2,22,3,19
S01009671,Families with dependent children: Youngest aged 0 to 4,18,13,7,6,1,6,5,1,5,0,5
S01009671,Families with dependent children: Youngest aged 5 to 11,22,17,14,13,1,3,3,0,5,3,2
S01009671,Families with dependent children: Youngest aged 12 to 18,32,20,17,15,2,3,2,1,12,0,12
S01009672,All families in households,239,210,165,157,8,45,33,12,29,0,29
S01009672,Families with no dependent children,141,133,108,107,1,25,22,3,8,0,8
S01009672,Families with dependent children: Total,98,77,57,50,7,20,11,9,21,0,21
S01009672,Families with dependent children: Youngest aged 0 to 4,41,32,21,17,4,11,8,3,9,0,9
S01009672,Families with dependent children: Youngest aged 5 to 11,31,27,22,20,2,5,2,3,4,0,4
S01009672,Families with dependent children: Youngest aged 12 to 18,26,18,14,13,1,4,1,3,8,0,8
S01009673,All families in households,235,210,167,161,6,43,33,10,25,4,21
S01009673,Families with no dependent children,146,136,113,109,4,23,21,2,10,1,9
S01009673,Families with dependent children: Total,89,74,54,52,2,20,12,8,15,3,12
S01009673,Families with dependent children: Youngest aged 0 to 4,29,25,16,16,0,9,8,1,4,0,4
S01009673,Families with dependent children: Youngest aged 5 to 11,37,31,21,20,1,10,4,6,6,1,5
S01009673,Families with dependent children: Youngest aged 12 to 18,23,18,17,16,1,1,0,1,5,2,3
S01009674,All families in households,278,244,212,206,6,32,25,7,34,11,23
S01009674,Families with no dependent children,185,173,152,149,3,21,19,2,12,5,7
S01009674,Families with dependent children: Total,93,71,60,57,3,11,6,5,22,6,16
S01009674,Families with dependent children: Youngest aged 0 to 4,33,27,24,23,1,3,2,1,6,2,4
S01009674,Families with dependent children: Youngest aged 5 to 11,35,27,23,22,1,4,3,1,8,1,7
S01009674,Families with dependent children: Youngest aged 12 to 18,25,17,13,12,1,4,1,3,8,3,5
S01009675,All families in households,284,251,214,211,3,37,29,8,33,8,25
S01009675,Families with no dependent children,190,175,154,151,3,21,20,1,15,5,10
S01009675,Families with dependent children: Total,94,76,60,60,0,16,9,7,18,3,15
S01009675,Families with dependent children: Youngest aged 0 to 4,26,21,14,14,0,7,6,1,5,0,5
S01009675,Families with dependent children: Youngest aged 5 to 11,28,21,17,17,0,4,2,2,7,3,4
S01009675,Families with dependent children: Youngest aged 12 to 18,40,34,29,29,0,5,1,4,6,0,6
S01009676,All families in households,248,214,191,182,9,23,18,5,34,9,25
S01009676,Families with no dependent children,150,136,125,122,3,11,11,0,14,5,9
S01009676,Families with dependent children: Total,98,78,66,60,6,12,7,5,20,4,16
S01009676,Families with dependent children: Youngest aged 0 to 4,35,31,28,27,1,3,3,0,4,0,4
S01009676,Families with dependent children: Youngest aged 5 to 11,30,22,17,14,3,5,4,1,8,0,8
S01009676,Families with dependent children: Youngest aged 12 to 18,33,25,21,19,2,4,0,4,8,4,4
S01009677,All families in households,178,161,135,132,3,26,21,5,17,1,16
S01009677,Families with no dependent children,107,100,83,81,2,17,15,2,7,1,6
S01009677,Families with dependent children: Total,71,61,52,51,1,9,6,3,10,0,10
S01009677,Families with dependent children: Youngest aged 0 to 4,25,22,17,17,0,5,5,0,3,0,3
S01009677,Families with dependent children: Youngest aged 5 to 11,25,22,20,19,1,2,1,1,3,0,3
S01009677,Families with dependent children: Youngest aged 12 to 18,21,17,15,15,0,2,0,2,4,0,4
S01009678,All families in households,189,161,136,132,4,25,21,4,28,5,23
S01009678,Families with no dependent children,134,124,109,107,2,15,12,3,10,3,7
S01009678,Families with dependent children: Total,55,37,27,25,2,10,9,1,18,2,16
S01009678,Families with dependent children: Youngest aged 0 to 4,24,18,10,9,1,8,7,1,6,1,5
S01009678,Families with dependent children: Youngest aged 5 to 11,11,8,7,7,0,1,1,0,3,0,3
S01009678,Families with dependent children: Youngest aged 12 to 18,20,11,10,9,1,1,1,0,9,1,8
S01009679,All families in households,252,217,170,160,10,47,40,7,35,5,30
S01009679,Families with no dependent children,149,141,112,109,3,29,28,1,8,1,7
S01009679,Families with dependent children: Total,103,76,58,51,7,18,12,6,27,4,23
S01009679,Families with dependent children: Youngest aged 0 to 4,36,29,18,16,2,11,8,3,7,0,7
S01009679,Families with dependent children: Youngest aged 5 to 11,35,25,21,20,1,4,2,2,10,1,9
S01009679,Families with dependent children: Youngest aged 12 to 18,32,22,19,15,4,3,2,1,10,3,7
S01009680,All families in households,250,206,159,153,6,47,35,12,44,5,39
S01009680,Families with no dependent children,151,137,111,109,2,26,21,5,14,3,11
S01009680,Families with dependent children: Total,99,69,48,44,4,21,14,7,30,2,28
S01009680,Families with dependent children: Youngest aged 0 to 4,44,32,16,16,0,16,11,5,12,0,12
S01009680,Families with dependent children: Youngest aged 5 to 11,25,19,16,14,2,3,2,1,6,1,5
S01009680,Families with dependent children: Youngest aged 12 to 18,30,18,16,14,2,2,1,1,12,1,11
S01009681,All families in households,168,144,120,111,9,24,20,4,24,5,19
S01009681,Families with no dependent children,104,96,81,80,1,15,14,1,8,2,6
S01009681,Families with dependent children: Total,64,48,39,31,8,9,6,3,16,3,13
S01009681,Families with dependent children: Youngest aged 0 to 4,17,13,9,8,1,4,3,1,4,0,4
S01009681,Families with dependent children: Youngest aged 5 to 11,22,17,16,12,4,1,1,0,5,0,5
S01009681,Families with dependent children: Youngest aged 12 to 18,25,18,14,11,3,4,2,2,7,3,4
S01009682,All families in households,198,178,156,149,7,22,17,5,20,3,17
S01009682,Families with no dependent children,129,124,112,108,4,12,11,1,5,1,4
S01009682,Families with dependent children: Total,69,54,44,41,3,10,6,4,15,2,13
S01009682,Families with dependent children: Youngest aged 0 to 4,31,27,20,18,2,7,6,1,4,0,4
S01009682,Families with dependent children: Youngest aged 5 to 11,25,15,13,12,1,2,0,2,10,1,9
S01009682,Families with dependent children: Youngest aged 12 to 18,13,12,11,11,0,1,0,1,1,1,0
S01009683,All families in households,230,205,180,177,3,25,20,5,25,4,21
S01009683,Families with no dependent children,158,144,130,130,0,14,13,1,14,3,11
S01009683,Families with dependent children: Total,72,61,50,47,3,11,7,4,11,1,10
S01009683,Families with dependent children: Youngest aged 0 to 4,25,22,18,16,2,4,4,0,3,0,3
S01009683,Families with dependent children: Youngest aged 5 to 11,24,20,16,15,1,4,3,1,4,0,4
S01009683,Families with dependent children: Youngest aged 12 to 18,23,19,16,16,0,3,0,3,4,1,3
S01009684,All families in households,334,301,260,250,10,41,32,9,33,6,27
S01009684,Families with no dependent children,180,169,151,146,5,18,16,2,11,4,7
S01009684,Families with dependent children: Total,154,132,109,104,5,23,16,7,22,2,20
S01009684,Families with dependent children: Youngest aged 0 to 4,47,42,32,32,0,10,7,3,5,0,5
S01009684,Families with dependent children: Youngest aged 5 to 11,52,45,37,35,2,8,5,3,7,0,7
S01009684,Families with dependent children: Youngest aged 12 to 18,55,45,40,37,3,5,4,1,10,2,8
S01009685,All families in households,183,158,128,119,9,30,20,10,25,6,19
S01009685,Families with no dependent children,110,99,88,86,2,11,9,2,11,4,7
S01009685,Families with dependent children: Total,73,59,40,33,7,19,11,8,14,2,12
S01009685,Families with dependent children: Youngest aged 0 to 4,36,31,16,15,1,15,10,5,5,0,5
S01009685,Families with dependent children: Youngest aged 5 to 11,19,13,11,7,4,2,1,1,6,0,6
S01009685,Families with dependent children: Youngest aged 12 to 18,18,15,13,11,2,2,0,2,3,2,1
S01009686,All families in households,315,235,170,162,8,65,58,7,80,8,72
S01009686,Families with no dependent children,173,153,110,107,3,43,39,4,20,6,14
S01009686,Families with dependent children: Total,142,82,60,55,5,22,19,3,60,2,58
S01009686,Families with dependent children: Youngest aged 0 to 4,60,37,26,26,0,11,11,0,23,1,22
S01009686,Families with dependent children: Youngest aged 5 to 11,40,22,13,10,3,9,6,3,18,0,18
S01009686,Families with dependent children: Youngest aged 12 to 18,42,23,21,19,2,2,2,0,19,1,18
S01009687,All families in households,228,196,158,145,13,38,32,6,32,3,29
S01009687,Families with no dependent children,125,112,90,88,2,22,18,4,13,1,12
S01009687,Families with dependent children: Total,103,84,68,57,11,16,14,2,19,2,17
S01009687,Families with dependent children: Youngest aged 0 to 4,46,40,30,26,4,10,9,1,6,0,6
S01009687,Families with dependent children: Youngest aged 5 to 11,32,24,20,15,5,4,4,0,8,1,7
S01009687,Families with dependent children: Youngest aged 12 to 18,25,20,18,16,2,2,1,1,5,1,4
S01009688,All families in households,256,159,103,94,9,56,49,7,97,11,86
S01009688,Families with no dependent children,117,94,61,59,2,33,31,2,23,7,16
S01009688,Families with dependent children: Total,139,65,42,35,7,23,18,5,74,4,70
S01009688,Families with dependent children: Youngest aged 0 to 4,68,33,14,12,2,19,18,1,35,2,33
S01009688,Families with dependent children: Youngest aged 5 to 11,43,21,18,15,3,3,0,3,22,0,22
S01009688,Families with dependent children: Youngest aged 12 to 18,28,11,10,8,2,1,0,1,17,2,15
S01009689,All families in households,155,124,86,83,3,38,31,7,31,5,26
S01009689,Families with no dependent children,86,77,53,52,1,24,24,0,9,1,8
S01009689,Families with dependent children: Total,69,47,33,31,2,14,7,7,22,4,18
S01009689,Families with dependent children: Youngest aged 0 to 4,32,24,15,14,1,9,5,4,8,1,7
S01009689,Families with dependent children: Youngest aged 5 to 11,11,9,7,7,0,2,1,1,2,0,2
S01009689,Families with dependent children: Youngest aged 12 to 18,26,14,11,10,1,3,1,2,12,3,9
S01009690,All families in households,206,166,124,118,6,42,36,6,40,6,34
S01009690,Families with no dependent children,128,115,86,82,4,29,27,2,13,4,9
S01009690,Families with dependent children: Total,78,51,38,36,2,13,9,4,27,2,25
S01009690,Families with dependent children: Youngest aged 0 to 4,34,25,18,18,0,7,6,1,9,0,9
S01009690,Families with dependent children: Youngest aged 5 to 11,18,13,9,9,0,4,2,2,5,1,4
S01009690,Families with dependent children: Youngest aged 12 to 18,26,13,11,9,2,2,1,1,13,1,12
S01009691,All families in households,192,169,146,140,6,23,17,6,23,0,23
S01009691,Families with no dependent children,119,112,97,97,0,15,13,2,7,0,7
S01009691,Families with dependent children: Total,73,57,49,43,6,8,4,4,16,0,16
S01009691,Families with dependent children: Youngest aged 0 to 4,21,16,14,11,3,2,1,1,5,0,5
S01009691,Families with dependent children: Youngest aged 5 to 11,28,23,19,17,2,4,3,1,5,0,5
S01009691,Families with dependent children: Youngest aged 12 to 18,24,18,16,15,1,2,0,2,6,0,6
S01009692,All families in households,333,301,268,251,17,33,27,6,32,7,25
S01009692,Families with no dependent children,236,222,200,196,4,22,20,2,14,5,9
S01009692,Families with dependent children: Total,97,79,68,55,13,11,7,4,18,2,16
S01009692,Families with dependent children: Youngest aged 0 to 4,27,24,18,13,5,6,6,0,3,0,3
S01009692,Families with dependent children: Youngest aged 5 to 11,38,33,29,24,5,4,1,3,5,0,5
S01009692,Families with dependent children: Youngest aged 12 to 18,32,22,21,18,3,1,0,1,10,2,8
S01009693,All families in households,200,179,161,156,5,18,15,3,21,4,17
S01009693,Families with no dependent children,123,113,105,103,2,8,7,1,10,3,7
S01009693,Families with dependent children: Total,77,66,56,53,3,10,8,2,11,1,10
S01009693,Families with dependent children: Youngest aged 0 to 4,25,25,19,19,0,6,6,0,0,0,0
S01009693,Families with dependent children: Youngest aged 5 to 11,29,21,20,19,1,1,0,1,8,0,8
S01009693,Families with dependent children: Youngest aged 12 to 18,23,20,17,15,2,3,2,1,3,1,2
S01009694,All families in households,316,290,264,262,2,26,24,2,26,3,23
S01009694,Families with no dependent children,222,209,189,189,0,20,20,0,13,3,10
S01009694,Families with dependent children: Total,94,81,75,73,2,6,4,2,13,0,13
S01009694,Families with dependent children: Youngest aged 0 to 4,21,21,18,18,0,3,3,0,0,0,0
S01009694,Families with dependent children: Youngest aged 5 to 11,31,25,25,24,1,0,0,0,6,0,6
S01009694,Families with dependent children: Youngest aged 12 to 18,42,35,32,31,1,3,1,2,7,0,7
S01009695,All families in households,211,190,166,163,3,24,20,4,21,0,21
S01009695,Families with no dependent children,143,140,124,123,1,16,16,0,3,0,3
S01009695,Families with dependent children: Total,68,50,42,40,2,8,4,4,18,0,18
S01009695,Families with dependent children: Youngest aged 0 to 4,20,16,16,14,2,0,0,0,4,0,4
S01009695,Families with dependent children: Youngest aged 5 to 11,26,15,12,12,0,3,1,2,11,0,11
S01009695,Families with dependent children: Youngest aged 12 to 18,22,19,14,14,0,5,3,2,3,0,3
S01009696,All families in households,284,259,232,228,4,27,26,1,25,2,23
S01009696,Families with no dependent children,178,169,150,150,0,19,19,0,9,0,9
S01009696,Families with dependent children: Total,106,90,82,78,4,8,7,1,16,2,14
S01009696,Families with dependent children: Youngest aged 0 to 4,34,30,24,22,2,6,6,0,4,0,4
S01009696,Families with dependent children: Youngest aged 5 to 11,37,30,28,26,2,2,1,1,7,1,6
S01009696,Families with dependent children: Youngest aged 12 to 18,35,30,30,30,0,0,0,0,5,1,4
S01009697,All families in households,223,205,169,164,5,36,31,5,18,2,16
S01009697,Families with no dependent children,157,145,120,119,1,25,25,0,12,2,10
S01009697,Families with dependent children: Total,66,60,49,45,4,11,6,5,6,0,6
S01009697,Families with dependent children: Youngest aged 0 to 4,25,24,21,18,3,3,3,0,1,0,1
S01009697,Families with dependent children: Youngest aged 5 to 11,28,26,21,20,1,5,2,3,2,0,2
S01009697,Families with dependent children: Youngest aged 12 to 18,13,10,7,7,0,3,1,2,3,0,3
S01009698,All families in households,180,165,142,139,3,23,20,3,15,3,12
S01009698,Families with no dependent children,119,113,97,95,2,16,15,1,6,2,4
S01009698,Families with dependent children: Total,61,52,45,44,1,7,5,2,9,1,8
S01009698,Families with dependent children: Youngest aged 0 to 4,14,14,11,11,0,3,1,2,0,0,0
S01009698,Families with dependent children: Youngest aged 5 to 11,22,15,11,10,1,4,4,0,7,1,6
S01009698,Families with dependent children: Youngest aged 12 to 18,25,23,23,23,0,0,0,0,2,0,2
S01009699,All families in households,150,131,114,109,5,17,15,2,19,7,12
S01009699,Families with no dependent children,117,106,95,95,0,11,11,0,11,7,4
S01009699,Families with dependent children: Total,33,25,19,14,5,6,4,2,8,0,8
S01009699,Families with dependent children: Youngest aged 0 to 4,10,8,4,3,1,4,3,1,2,0,2
S01009699,Families with dependent children: Youngest aged 5 to 11,17,13,11,8,3,2,1,1,4,0,4
S01009699,Families with dependent children: Youngest aged 12 to 18,6,4,4,3,1,0,0,0,2,0,2
S01009700,All families in households,202,175,144,140,4,31,27,4,27,3,24
S01009700,Families with no dependent children,144,131,110,108,2,21,19,2,13,3,10
S01009700,Families with dependent children: Total,58,44,34,32,2,10,8,2,14,0,14
S01009700,Families with dependent children: Youngest aged 0 to 4,17,13,8,8,0,5,4,1,4,0,4
S01009700,Families with dependent children: Youngest aged 5 to 11,22,17,13,11,2,4,3,1,5,0,5
S01009700,Families with dependent children: Youngest aged 12 to 18,19,14,13,13,0,1,1,0,5,0,5
S01009701,All families in households,128,117,108,108,0,9,5,4,11,2,9
S01009701,Families with no dependent children,101,96,94,94,0,2,2,0,5,1,4
S01009701,Families with dependent children: Total,27,21,14,14,0,7,3,4,6,1,5
S01009701,Families with dependent children: Youngest aged 0 to 4,8,7,5,5,0,2,2,0,1,0,1
S01009701,Families with dependent children: Youngest aged 5 to 11,12,10,6,6,0,4,1,3,2,0,2
S01009701,Families with dependent children: Youngest aged 12 to 18,7,4,3,3,0,1,0,1,3,1,2
S01009702,All families in households,200,177,145,138,7,32,24,8,23,7,16
S01009702,Families with no dependent children,129,122,102,100,2,20,17,3,7,3,4
S01009702,Families with dependent children: Total,71,55,43,38,5,12,7,5,16,4,12
S01009702,Families with dependent children: Youngest aged 0 to 4,15,14,6,6,0,8,5,3,1,0,1
S01009702,Families with dependent children: Youngest aged 5 to 11,28,21,18,17,1,3,2,1,7,2,5
S01009702,Families with dependent children: Youngest aged 12 to 18,28,20,19,15,4,1,0,1,8,2,6
S01009703,All families in households,168,137,121,116,5,16,14,2,31,1,30
S01009703,Families with no dependent children,112,99,87,86,1,12,11,1,13,0,13
S01009703,Families with dependent children: Total,56,38,34,30,4,4,3,1,18,1,17
S01009703,Families with dependent children: Youngest aged 0 to 4,19,13,11,11,0,2,2,0,6,0,6
S01009703,Families with dependent children: Youngest aged 5 to 11,15,11,9,7,2,2,1,1,4,0,4
S01009703,Families with dependent children: Youngest aged 12 to 18,22,14,14,12,2,0,0,0,8,1,7
S01009704,All families in households,287,252,222,219,3,30,27,3,35,4,31
S01009704,Families with no dependent children,185,178,160,160,0,18,18,0,7,3,4
S01009704,Families with dependent children: Total,102,74,62,59,3,12,9,3,28,1,27
S01009704,Families with dependent children: Youngest aged 0 to 4,32,23,18,17,1,5,3,2,9,0,9
S01009704,Families with dependent children: Youngest aged 5 to 11,41,33,27,26,1,6,5,1,8,0,8
S01009704,Families with dependent children: Youngest aged 12 to 18,29,18,17,16,1,1,1,0,11,1,10
S01009705,All families in households,213,179,144,134,10,35,34,1,34,5,29
S01009705,Families with no dependent children,142,132,108,104,4,24,24,0,10,2,8
S01009705,Families with dependent children: Total,71,47,36,30,6,11,10,1,24,3,21
S01009705,Families with dependent children: Youngest aged 0 to 4,23,19,11,7,4,8,8,0,4,0,4
S01009705,Families with dependent children: Youngest aged 5 to 11,27,13,12,10,2,1,1,0,14,1,13
S01009705,Families with dependent children: Youngest aged 12 to 18,21,15,13,13,0,2,1,1,6,2,4
S01009706,All families in households,170,147,119,115,4,28,19,9,23,5,18
S01009706,Families with no dependent children,101,95,80,78,2,15,11,4,6,4,2
S01009706,Families with dependent children: Total,69,52,39,37,2,13,8,5,17,1,16
S01009706,Families with dependent children: Youngest aged 0 to 4,22,19,14,14,0,5,3,2,3,1,2
S01009706,Families with dependent children: Youngest aged 5 to 11,30,21,15,14,1,6,4,2,9,0,9
S01009706,Families with dependent children: Youngest aged 12 to 18,17,12,10,9,1,2,1,1,5,0,5
S01009707,All families in households,139,121,97,94,3,24,20,4,18,2,16
S01009707,Families with no dependent children,88,79,63,61,2,16,14,2,9,1,8
S01009707,Families with dependent children: Total,51,42,34,33,1,8,6,2,9,1,8
S01009707,Families with dependent children: Youngest aged 0 to 4,15,15,11,11,0,4,4,0,0,0,0
S01009707,Families with dependent children: Youngest aged 5 to 11,16,13,10,10,0,3,1,2,3,0,3
S01009707,Families with dependent children: Youngest aged 12 to 18,20,14,13,12,1,1,1,0,6,1,5
S01009708,All families in households,189,165,145,140,5,20,14,6,24,2,22
S01009708,Families with no dependent children,127,115,103,103,0,12,12,0,12,2,10
S01009708,Families with dependent children: Total,62,50,42,37,5,8,2,6,12,0,12
S01009708,Families with dependent children: Youngest aged 0 to 4,15,13,11,11,0,2,2,0,2,0,2
S01009708,Families with dependent children: Youngest aged 5 to 11,25,22,20,17,3,2,0,2,3,0,3
S01009708,Families with dependent children: Youngest aged 12 to 18,22,15,11,9,2,4,0,4,7,0,7
S01009709,All families in households,236,211,186,178,8,25,22,3,25,3,22
S01009709,Families with no dependent children,170,161,145,143,2,16,15,1,9,2,7
S01009709,Families with dependent children: Total,66,50,41,35,6,9,7,2,16,1,15
S01009709,Families with dependent children: Youngest aged 0 to 4,26,20,17,16,1,3,3,0,6,0,6
S01009709,Families with dependent children: Youngest aged 5 to 11,26,20,15,11,4,5,4,1,6,0,6
S01009709,Families with dependent children: Youngest aged 12 to 18,14,10,9,8,1,1,0,1,4,1,3
S01009710,All families in households,163,135,108,101,7,27,25,2,28,3,25
S01009710,Families with no dependent children,87,79,62,60,2,17,16,1,8,0,8
S01009710,Families with dependent children: Total,76,56,46,41,5,10,9,1,20,3,17
S01009710,Families with dependent children: Youngest aged 0 to 4,28,22,14,14,0,8,8,0,6,2,4
S01009710,Families with dependent children: Youngest aged 5 to 11,22,15,14,12,2,1,1,0,7,0,7
S01009710,Families with dependent children: Youngest aged 12 to 18,26,19,18,15,3,1,0,1,7,1,6
S01009711,All families in households,219,171,144,139,5,27,21,6,48,11,37
S01009711,Families with no dependent children,129,115,103,102,1,12,11,1,14,4,10
S01009711,Families with dependent children: Total,90,56,41,37,4,15,10,5,34,7,27
S01009711,Families with dependent children: Youngest aged 0 to 4,32,23,12,12,0,11,9,2,9,0,9
S01009711,Families with dependent children: Youngest aged 5 to 11,29,18,17,14,3,1,0,1,11,4,7
S01009711,Families with dependent children: Youngest aged 12 to 18,29,15,12,11,1,3,1,2,14,3,11
S01009712,All families in households,176,151,134,127,7,17,12,5,25,5,20
S01009712,Families with no dependent children,118,107,99,98,1,8,7,1,11,3,8
S01009712,Families with dependent children: Total,58,44,35,29,6,9,5,4,14,2,12
S01009712,Families with dependent children: Youngest aged 0 to 4,18,15,10,7,3,5,4,1,3,0,3
S01009712,Families with dependent children: Youngest aged 5 to 11,22,13,11,9,2,2,0,2,9,1,8
S01009712,Families with dependent children: Youngest aged 12 to 18,18,16,14,13,1,2,1,1,2,1,1
S01009713,All families in households,275,234,200,191,9,34,29,5,41,2,39
S01009713,Families with no dependent children,194,178,151,151,0,27,26,1,16,0,16
S01009713,Families with dependent children: Total,81,56,49,40,9,7,3,4,25,2,23
S01009713,Families with dependent children: Youngest aged 0 to 4,21,17,12,9,3,5,3,2,4,1,3
S01009713,Families with dependent children: Youngest aged 5 to 11,25,13,12,9,3,1,0,1,12,1,11
S01009713,Families with dependent children: Youngest aged 12 to 18,35,26,25,22,3,1,0,1,9,0,9
S01009714,All families in households,285,255,217,213,4,38,33,5,30,6,24
S01009714,Families with no dependent children,202,191,168,167,1,23,23,0,11,5,6
S01009714,Families with dependent children: Total,83,64,49,46,3,15,10,5,19,1,18
S01009714,Families with dependent children: Youngest aged 0 to 4,29,22,14,14,0,8,8,0,7,1,6
S01009714,Families with dependent children: Youngest aged 5 to 11,24,20,17,16,1,3,2,1,4,0,4
S01009714,Families with dependent children: Youngest aged 12 to 18,30,22,18,16,2,4,0,4,8,0,8
S01009715,All families in households,192,165,141,140,1,24,22,2,27,10,17
S01009715,Families with no dependent children,138,124,103,103,0,21,20,1,14,8,6
S01009715,Families with dependent children: Total,54,41,38,37,1,3,2,1,13,2,11
S01009715,Families with dependent children: Youngest aged 0 to 4,19,18,16,16,0,2,2,0,1,0,1
S01009715,Families with dependent children: Youngest aged 5 to 11,14,9,8,8,0,1,0,1,5,0,5
S01009715,Families with dependent children: Youngest aged 12 to 18,21,14,14,13,1,0,0,0,7,2,5
S01009716,All families in households,202,181,166,164,2,15,13,2,21,5,16
S01009716,Families with no dependent children,154,139,133,132,1,6,6,0,15,4,11
S01009716,Families with dependent children: Total,48,42,33,32,1,9,7,2,6,1,5
S01009716,Families with dependent children: Youngest aged 0 to 4,21,21,14,13,1,7,5,2,0,0,0
S01009716,Families with dependent children: Youngest aged 5 to 11,14,12,12,12,0,0,0,0,2,0,2
S01009716,Families with dependent children: Youngest aged 12 to 18,13,9,7,7,0,2,2,0,4,1,3
S01009717,All families in households,157,119,90,82,8,29,22,7,38,8,30
S01009717,Families with no dependent children,86,75,62,61,1,13,12,1,11,5,6
S01009717,Families with dependent children: Total,71,44,28,21,7,16,10,6,27,3,24
S01009717,Families with dependent children: Youngest aged 0 to 4,28,19,12,7,5,7,5,2,9,1,8
S01009717,Families with dependent children: Youngest aged 5 to 11,23,14,10,10,0,4,1,3,9,2,7
S01009717,Families with dependent children: Youngest aged 12 to 18,20,11,6,4,2,5,4,1,9,0,9
S01009718,All families in households,200,137,99,94,5,38,32,6,63,8,55
S01009718,Families with no dependent children,126,96,74,73,1,22,22,0,30,5,25
S01009718,Families with dependent children: Total,74,41,25,21,4,16,10,6,33,3,30
S01009718,Families with dependent children: Youngest aged 0 to 4,29,22,10,8,2,12,8,4,7,0,7
S01009718,Families with dependent children: Youngest aged 5 to 11,30,10,7,7,0,3,2,1,20,3,17
S01009718,Families with dependent children: Youngest aged 12 to 18,15,9,8,6,2,1,0,1,6,0,6
S01009719,All families in households,197,156,127,120,7,29,21,8,41,3,38
S01009719,Families with no dependent children,131,112,96,91,5,16,13,3,19,2,17
S01009719,Families with dependent children: Total,66,44,31,29,2,13,8,5,22,1,21
S01009719,Families with dependent children: Youngest aged 0 to 4,25,17,8,8,0,9,7,2,8,0,8
S01009719,Families with dependent children: Youngest aged 5 to 11,19,13,10,10,0,3,0,3,6,1,5
S01009719,Families with dependent children: Youngest aged 12 to 18,22,14,13,11,2,1,1,0,8,0,8
S01009720,All families in households,195,169,129,125,4,40,33,7,26,0,26
S01009720,Families with no dependent children,136,125,91,88,3,34,28,6,11,0,11
S01009720,Families with dependent children: Total,59,44,38,37,1,6,5,1,15,0,15
S01009720,Families with dependent children: Youngest aged 0 to 4,30,25,21,21,0,4,4,0,5,0,5
S01009720,Families with dependent children: Youngest aged 5 to 11,14,10,8,8,0,2,1,1,4,0,4
S01009720,Families with dependent children: Youngest aged 12 to 18,15,9,9,8,1,0,0,0,6,0,6
S01009721,All families in households,42,39,24,21,3,15,14,1,3,0,3
S01009721,Families with no dependent children,31,30,16,14,2,14,13,1,1,0,1
S01009721,Families with dependent children: Total,11,9,8,7,1,1,1,0,2,0,2
S01009721,Families with dependent children: Youngest aged 0 to 4,2,2,1,1,0,1,1,0,0,0,0
S01009721,Families with dependent children: Youngest aged 5 to 11,6,5,5,5,0,0,0,0,1,0,1
S01009721,Families with dependent children: Youngest aged 12 to 18,3,2,2,1,1,0,0,0,1,0,1
S01009722,All families in households,81,73,57,57,0,16,16,0,8,1,7
S01009722,Families with no dependent children,69,64,50,50,0,14,14,0,5,1,4
S01009722,Families with dependent children: Total,12,9,7,7,0,2,2,0,3,0,3
S01009722,Families with dependent children: Youngest aged 0 to 4,6,5,3,3,0,2,2,0,1,0,1
S01009722,Families with dependent children: Youngest aged 5 to 11,2,1,1,1,0,0,0,0,1,0,1
S01009722,Families with dependent children: Youngest aged 12 to 18,4,3,3,3,0,0,0,0,1,0,1
S01009723,All families in households,67,61,44,42,2,17,17,0,6,0,6
S01009723,Families with no dependent children,55,54,37,37,0,17,17,0,1,0,1
S01009723,Families with dependent children: Total,12,7,7,5,2,0,0,0,5,0,5
S01009723,Families with dependent children: Youngest aged 0 to 4,8,4,4,2,2,0,0,0,4,0,4
S01009723,Families with dependent children: Youngest aged 5 to 11,1,0,0,0,0,0,0,0,1,0,1
S01009723,Families with dependent children: Youngest aged 12 to 18,3,3,3,3,0,0,0,0,0,0,0
S01009724,All families in households,177,129,88,86,2,41,38,3,48,4,44
S01009724,Families with no dependent children,114,99,64,62,2,35,34,1,15,3,12
S01009724,Families with dependent children: Total,63,30,24,24,0,6,4,2,33,1,32
S01009724,Families with dependent children: Youngest aged 0 to 4,21,10,8,8,0,2,1,1,11,0,11
S01009724,Families with dependent children: Youngest aged 5 to 11,24,13,9,9,0,4,3,1,11,0,11
S01009724,Families with dependent children: Youngest aged 12 to 18,18,7,7,7,0,0,0,0,11,1,10
S01009725,All families in households,81,68,43,40,3,25,24,1,13,3,10
S01009725,Families with no dependent children,63,55,33,32,1,22,22,0,8,3,5
S01009725,Families with dependent children: Total,18,13,10,8,2,3,2,1,5,0,5
S01009725,Families with dependent children: Youngest aged 0 to 4,4,4,3,3,0,1,1,0,0,0,0
S01009725,Families with dependent children: Youngest aged 5 to 11,5,2,2,1,1,0,0,0,3,0,3
S01009725,Families with dependent children: Youngest aged 12 to 18,9,7,5,4,1,2,1,1,2,0,2
S01009726,All families in households,52,47,34,33,1,13,12,1,5,1,4
S01009726,Families with no dependent children,42,38,29,29,0,9,9,0,4,1,3
S01009726,Families with dependent children: Total,10,9,5,4,1,4,3,1,1,0,1
S01009726,Families with dependent children: Youngest aged 0 to 4,1,1,0,0,0,1,1,0,0,0,0
S01009726,Families with dependent children: Youngest aged 5 to 11,4,4,1,0,1,3,2,1,0,0,0
S01009726,Families with dependent children: Youngest aged 12 to 18,5,4,4,4,0,0,0,0,1,0,1
S01009727,All families in households,235,217,180,170,10,37,28,9,18,2,16
S01009727,Families with no dependent children,123,120,103,101,2,17,14,3,3,0,3
S01009727,Families with dependent children: Total,112,97,77,69,8,20,14,6,15,2,13
S01009727,Families with dependent children: Youngest aged 0 to 4,30,28,21,16,5,7,5,2,2,0,2
S01009727,Families with dependent children: Youngest aged 5 to 11,49,43,35,33,2,8,7,1,6,2,4
S01009727,Families with dependent children: Youngest aged 12 to 18,33,26,21,20,1,5,2,3,7,0,7
S01009728,All families in households,227,204,188,185,3,16,15,1,23,4,19
S01009728,Families with no dependent children,162,152,141,140,1,11,10,1,10,2,8
S01009728,Families with dependent children: Total,65,52,47,45,2,5,5,0,13,2,11
S01009728,Families with dependent children: Youngest aged 0 to 4,18,17,16,16,0,1,1,0,1,0,1
S01009728,Families with dependent children: Youngest aged 5 to 11,22,16,15,15,0,1,1,0,6,2,4
S01009728,Families with dependent children: Youngest aged 12 to 18,25,19,16,14,2,3,3,0,6,0,6
S01009729,All families in households,213,194,175,173,2,19,16,3,19,1,18
S01009729,Families with no dependent children,167,156,142,141,1,14,14,0,11,0,11
S01009729,Families with dependent children: Total,46,38,33,32,1,5,2,3,8,1,7
S01009729,Families with dependent children: Youngest aged 0 to 4,9,8,8,8,0,0,0,0,1,0,1
S01009729,Families with dependent children: Youngest aged 5 to 11,20,16,14,14,0,2,1,1,4,1,3
S01009729,Families with dependent children: Youngest aged 12 to 18,17,14,11,10,1,3,1,2,3,0,3
S01009730,All families in households,140,122,99,97,2,23,19,4,18,3,15
S01009730,Families with no dependent children,94,90,76,75,1,14,14,0,4,0,4
S01009730,Families with dependent children: Total,46,32,23,22,1,9,5,4,14,3,11
S01009730,Families with dependent children: Youngest aged 0 to 4,20,16,12,12,0,4,4,0,4,0,4
S01009730,Families with dependent children: Youngest aged 5 to 11,15,9,6,6,0,3,1,2,6,2,4
S01009730,Families with dependent children: Youngest aged 12 to 18,11,7,5,4,1,2,0,2,4,1,3
S01009731,All families in households,165,160,150,150,0,10,9,1,5,0,5
S01009731,Families with no dependent children,129,127,123,123,0,4,4,0,2,0,2
S01009731,Families with dependent children: Total,36,33,27,27,0,6,5,1,3,0,3
S01009731,Families with dependent children: Youngest aged 0 to 4,11,11,9,9,0,2,2,0,0,0,0
S01009731,Families with dependent children: Youngest aged 5 to 11,17,15,12,12,0,3,2,1,2,0,2
S01009731,Families with dependent children: Youngest aged 12 to 18,8,7,6,6,0,1,1,0,1,0,1
S01009732,All families in households,154,139,117,113,4,22,21,1,15,0,15
S01009732,Families with no dependent children,113,108,88,86,2,20,20,0,5,0,5
S01009732,Families with dependent children: Total,41,31,29,27,2,2,1,1,10,0,10
S01009732,Families with dependent children: Youngest aged 0 to 4,13,10,9,9,0,1,1,0,3,0,3
S01009732,Families with dependent children: Youngest aged 5 to 11,16,11,11,11,0,0,0,0,5,0,5
S01009732,Families with dependent children: Youngest aged 12 to 18,12,10,9,7,2,1,0,1,2,0,2
S01009733,All families in households,154,141,124,122,2,17,14,3,13,4,9
S01009733,Families with no dependent children,109,100,86,86,0,14,14,0,9,3,6
S01009733,Families with dependent children: Total,45,41,38,36,2,3,0,3,4,1,3
S01009733,Families with dependent children: Youngest aged 0 to 4,9,8,8,8,0,0,0,0,1,0,1
S01009733,Families with dependent children: Youngest aged 5 to 11,14,13,12,12,0,1,0,1,1,0,1
S01009733,Families with dependent children: Youngest aged 12 to 18,22,20,18,16,2,2,0,2,2,1,1
S01009734,All families in households,262,226,196,192,4,30,28,2,36,4,32
S01009734,Families with no dependent children,163,152,126,123,3,26,26,0,11,3,8
S01009734,Families with dependent children: Total,99,74,70,69,1,4,2,2,25,1,24
S01009734,Families with dependent children: Youngest aged 0 to 4,31,25,25,24,1,0,0,0,6,0,6
S01009734,Families with dependent children: Youngest aged 5 to 11,30,20,20,20,0,0,0,0,10,0,10
S01009734,Families with dependent children: Youngest aged 12 to 18,38,29,25,25,0,4,2,2,9,1,8
S01009735,All families in households,237,213,200,199,1,13,12,1,24,9,15
S01009735,Families with no dependent children,178,164,154,153,1,10,10,0,14,4,10
S01009735,Families with dependent children: Total,59,49,46,46,0,3,2,1,10,5,5
S01009735,Families with dependent children: Youngest aged 0 to 4,14,9,8,8,0,1,1,0,5,5,0
S01009735,Families with dependent children: Youngest aged 5 to 11,30,27,26,26,0,1,0,1,3,0,3
S01009735,Families with dependent children: Youngest aged 12 to 18,15,13,12,12,0,1,1,0,2,0,2
S01009736,All families in households,76,73,55,54,1,18,18,0,3,1,2
S01009736,Families with no dependent children,63,61,45,45,0,16,16,0,2,1,1
S01009736,Families with dependent children: Total,13,12,10,9,1,2,2,0,1,0,1
S01009736,Families with dependent children: Youngest aged 0 to 4,4,4,3,3,0,1,1,0,0,0,0
S01009736,Families with dependent children: Youngest aged 5 to 11,4,4,4,3,1,0,0,0,0,0,0
S01009736,Families with dependent children: Youngest aged 12 to 18,5,4,3,3,0,1,1,0,1,0,1
S01009737,All families in households,268,236,216,201,15,20,16,4,32,6,26
S01009737,Families with no dependent children,158,147,135,134,1,12,11,1,11,3,8
S01009737,Families with dependent children: Total,110,89,81,67,14,8,5,3,21,3,18
S01009737,Families with dependent children: Youngest aged 0 to 4,54,49,45,42,3,4,3,1,5,0,5
S01009737,Families with dependent children: Youngest aged 5 to 11,29,21,19,11,8,2,2,0,8,1,7
S01009737,Families with dependent children: Youngest aged 12 to 18,27,19,17,14,3,2,0,2,8,2,6
S01009738,All families in households,132,113,90,88,2,23,19,4,19,6,13
S01009738,Families with no dependent children,94,86,68,67,1,18,17,1,8,3,5
S01009738,Families with dependent children: Total,38,27,22,21,1,5,2,3,11,3,8
S01009738,Families with dependent children: Youngest aged 0 to 4,20,14,11,11,0,3,2,1,6,0,6
S01009738,Families with dependent children: Youngest aged 5 to 11,6,3,2,2,0,1,0,1,3,2,1
S01009738,Families with dependent children: Youngest aged 12 to 18,12,10,9,8,1,1,0,1,2,1,1
S01009739,All families in households,229,206,183,174,9,23,18,5,23,4,19
S01009739,Families with no dependent children,105,97,82,79,3,15,13,2,8,0,8
S01009739,Families with dependent children: Total,124,109,101,95,6,8,5,3,15,4,11
S01009739,Families with dependent children: Youngest aged 0 to 4,49,47,41,38,3,6,4,2,2,0,2
S01009739,Families with dependent children: Youngest aged 5 to 11,42,36,35,35,0,1,0,1,6,1,5
S01009739,Families with dependent children: Youngest aged 12 to 18,33,26,25,22,3,1,1,0,7,3,4
S01009740,All families in households,166,127,99,93,6,28,26,2,39,6,33
S01009740,Families with no dependent children,93,87,66,62,4,21,20,1,6,3,3
S01009740,Families with dependent children: Total,73,40,33,31,2,7,6,1,33,3,30
S01009740,Families with dependent children: Youngest aged 0 to 4,23,13,9,8,1,4,4,0,10,0,10
S01009740,Families with dependent children: Youngest aged 5 to 11,23,15,13,12,1,2,1,1,8,0,8
S01009740,Families with dependent children: Youngest aged 12 to 18,27,12,11,11,0,1,1,0,15,3,12
S01009741,All families in households,151,142,137,116,21,5,3,2,9,0,9
S01009741,Families with no dependent children,30,30,28,25,3,2,2,0,0,0,0
S01009741,Families with dependent children: Total,121,112,109,91,18,3,1,2,9,0,9
S01009741,Families with dependent children: Youngest aged 0 to 4,75,73,71,60,11,2,0,2,2,0,2
S01009741,Families with dependent children: Youngest aged 5 to 11,28,25,25,20,5,0,0,0,3,0,3
S01009741,Families with dependent children: Youngest aged 12 to 18,18,14,13,11,2,1,1,0,4,0,4
S01009742,All families in households,161,152,135,130,5,17,16,1,9,2,7
S01009742,Families with no dependent children,109,106,94,93,1,12,11,1,3,1,2
S01009742,Families with dependent children: Total,52,46,41,37,4,5,5,0,6,1,5
S01009742,Families with dependent children: Youngest aged 0 to 4,15,13,13,10,3,0,0,0,2,1,1
S01009742,Families with dependent children: Youngest aged 5 to 11,16,15,13,12,1,2,2,0,1,0,1
S01009742,Families with dependent children: Youngest aged 12 to 18,21,18,15,15,0,3,3,0,3,0,3
S01009743,All families in households,312,277,254,245,9,23,20,3,35,9,26
S01009743,Families with no dependent children,210,198,186,185,1,12,12,0,12,3,9
S01009743,Families with dependent children: Total,102,79,68,60,8,11,8,3,23,6,17
S01009743,Families with dependent children: Youngest aged 0 to 4,40,37,29,26,3,8,6,2,3,0,3
S01009743,Families with dependent children: Youngest aged 5 to 11,27,21,19,17,2,2,1,1,6,0,6
S01009743,Families with dependent children: Youngest aged 12 to 18,35,21,20,17,3,1,1,0,14,6,8
S01009744,All families in households,226,206,183,179,4,23,18,5,20,3,17
S01009744,Families with no dependent children,157,149,131,131,0,18,14,4,8,2,6
S01009744,Families with dependent children: Total,69,57,52,48,4,5,4,1,12,1,11
S01009744,Families with dependent children: Youngest aged 0 to 4,25,21,19,16,3,2,2,0,4,0,4
S01009744,Families with dependent children: Youngest aged 5 to 11,18,14,11,11,0,3,2,1,4,1,3
S01009744,Families with dependent children: Youngest aged 12 to 18,26,22,22,21,1,0,0,0,4,0,4
S01009745,All families in households,350,319,283,279,4,36,25,11,31,4,27
S01009745,Families with no dependent children,206,199,185,184,1,14,13,1,7,1,6
S01009745,Families with dependent children: Total,144,120,98,95,3,22,12,10,24,3,21
S01009745,Families with dependent children: Youngest aged 0 to 4,44,41,30,29,1,11,8,3,3,0,3
S01009745,Families with dependent children: Youngest aged 5 to 11,56,48,44,42,2,4,2,2,8,1,7
S01009745,Families with dependent children: Youngest aged 12 to 18,44,31,24,24,0,7,2,5,13,2,11
S01009746,All families in households,178,162,141,138,3,21,15,6,16,4,12
S01009746,Families with no dependent children,116,109,95,94,1,14,12,2,7,1,6
S01009746,Families with dependent children: Total,62,53,46,44,2,7,3,4,9,3,6
S01009746,Families with dependent children: Youngest aged 0 to 4,21,21,17,15,2,4,2,2,0,0,0
S01009746,Families with dependent children: Youngest aged 5 to 11,19,14,12,12,0,2,1,1,5,2,3
S01009746,Families with dependent children: Youngest aged 12 to 18,22,18,17,17,0,1,0,1,4,1,3
S01009747,All families in households,192,156,113,106,7,43,37,6,36,2,34
S01009747,Families with no dependent children,120,108,78,76,2,30,29,1,12,2,10
S01009747,Families with dependent children: Total,72,48,35,30,5,13,8,5,24,0,24
S01009747,Families with dependent children: Youngest aged 0 to 4,32,23,16,13,3,7,5,2,9,0,9
S01009747,Families with dependent children: Youngest aged 5 to 11,22,12,9,8,1,3,2,1,10,0,10
S01009747,Families with dependent children: Youngest aged 12 to 18,18,13,10,9,1,3,1,2,5,0,5
S01009748,All families in households,239,214,190,184,6,24,20,4,25,5,20
S01009748,Families with no dependent children,161,150,129,127,2,21,19,2,11,2,9
S01009748,Families with dependent children: Total,78,64,61,57,4,3,1,2,14,3,11
S01009748,Families with dependent children: Youngest aged 0 to 4,26,23,20,19,1,3,1,2,3,1,2
S01009748,Families with dependent children: Youngest aged 5 to 11,26,19,19,19,0,0,0,0,7,1,6
S01009748,Families with dependent children: Youngest aged 12 to 18,26,22,22,19,3,0,0,0,4,1,3
S01009749,All families in households,299,262,222,217,5,40,30,10,37,5,32
S01009749,Families with no dependent children,199,179,153,151,2,26,20,6,20,4,16
S01009749,Families with dependent children: Total,100,83,69,66,3,14,10,4,17,1,16
S01009749,Families with dependent children: Youngest aged 0 to 4,27,23,18,17,1,5,4,1,4,0,4
S01009749,Families with dependent children: Youngest aged 5 to 11,34,32,29,28,1,3,2,1,2,0,2
S01009749,Families with dependent children: Youngest aged 12 to 18,39,28,22,21,1,6,4,2,11,1,10
S01009750,All families in households,203,169,129,125,4,40,35,5,34,3,31
S01009750,Families with no dependent children,118,107,87,84,3,20,20,0,11,2,9
S01009750,Families with dependent children: Total,85,62,42,41,1,20,15,5,23,1,22
S01009750,Families with dependent children: Youngest aged 0 to 4,34,27,16,16,0,11,8,3,7,0,7
S01009750,Families with dependent children: Youngest aged 5 to 11,31,20,12,11,1,8,6,2,11,0,11
S01009750,Families with dependent children: Youngest aged 12 to 18,20,15,14,14,0,1,1,0,5,1,4
S01009751,All families in households,228,173,126,122,4,47,33,14,55,13,42
S01009751,Families with no dependent children,138,114,87,87,0,27,22,5,24,8,16
S01009751,Families with dependent children: Total,90,59,39,35,4,20,11,9,31,5,26
S01009751,Families with dependent children: Youngest aged 0 to 4,35,26,17,14,3,9,5,4,9,2,7
S01009751,Families with dependent children: Youngest aged 5 to 11,32,20,12,12,0,8,4,4,12,3,9
S01009751,Families with dependent children: Youngest aged 12 to 18,23,13,10,9,1,3,2,1,10,0,10
S01009752,All families in households,187,172,153,146,7,19,17,2,15,2,13
S01009752,Families with no dependent children,123,118,106,105,1,12,11,1,5,1,4
S01009752,Families with dependent children: Total,64,54,47,41,6,7,6,1,10,1,9
S01009752,Families with dependent children: Youngest aged 0 to 4,25,24,20,17,3,4,4,0,1,1,0
S01009752,Families with dependent children: Youngest aged 5 to 11,24,19,17,16,1,2,1,1,5,0,5
S01009752,Families with dependent children: Youngest aged 12 to 18,15,11,10,8,2,1,1,0,4,0,4
S01009753,All families in households,203,182,155,152,3,27,23,4,21,3,18
S01009753,Families with no dependent children,129,121,107,106,1,14,12,2,8,2,6
S01009753,Families with dependent children: Total,74,61,48,46,2,13,11,2,13,1,12
S01009753,Families with dependent children: Youngest aged 0 to 4,25,24,18,17,1,6,5,1,1,0,1
S01009753,Families with dependent children: Youngest aged 5 to 11,26,21,16,15,1,5,5,0,5,1,4
S01009753,Families with dependent children: Youngest aged 12 to 18,23,16,14,14,0,2,1,1,7,0,7
S01009754,All families in households,240,206,157,152,5,49,45,4,34,7,27
S01009754,Families with no dependent children,148,139,108,105,3,31,31,0,9,4,5
S01009754,Families with dependent children: Total,92,67,49,47,2,18,14,4,25,3,22
S01009754,Families with dependent children: Youngest aged 0 to 4,34,28,14,14,0,14,12,2,6,1,5
S01009754,Families with dependent children: Youngest aged 5 to 11,20,8,7,7,0,1,1,0,12,1,11
S01009754,Families with dependent children: Youngest aged 12 to 18,38,31,28,26,2,3,1,2,7,1,6
S01009755,All families in households,204,174,147,141,6,27,23,4,30,6,24
S01009755,Families with no dependent children,114,107,90,88,2,17,17,0,7,3,4
S01009755,Families with dependent children: Total,90,67,57,53,4,10,6,4,23,3,20
S01009755,Families with dependent children: Youngest aged 0 to 4,28,23,20,20,0,3,3,0,5,0,5
S01009755,Families with dependent children: Youngest aged 5 to 11,29,22,19,18,1,3,3,0,7,0,7
S01009755,Families with dependent children: Youngest aged 12 to 18,33,22,18,15,3,4,0,4,11,3,8
S01009756,All families in households,240,211,187,180,7,24,23,1,29,6,23
S01009756,Families with no dependent children,152,138,124,122,2,14,13,1,14,4,10
S01009756,Families with dependent children: Total,88,73,63,58,5,10,10,0,15,2,13
S01009756,Families with dependent children: Youngest aged 0 to 4,23,16,14,12,2,2,2,0,7,0,7
S01009756,Families with dependent children: Youngest aged 5 to 11,33,30,24,24,0,6,6,0,3,0,3
S01009756,Families with dependent children: Youngest aged 12 to 18,32,27,25,22,3,2,2,0,5,2,3
S01009757,All families in households,215,196,183,175,8,13,11,2,19,3,16
S01009757,Families with no dependent children,130,125,118,116,2,7,7,0,5,0,5
S01009757,Families with dependent children: Total,85,71,65,59,6,6,4,2,14,3,11
S01009757,Families with dependent children: Youngest aged 0 to 4,21,21,17,15,2,4,3,1,0,0,0
S01009757,Families with dependent children: Youngest aged 5 to 11,28,25,23,22,1,2,1,1,3,0,3
S01009757,Families with dependent children: Youngest aged 12 to 18,36,25,25,22,3,0,0,0,11,3,8
S01009758,All families in households,156,130,107,104,3,23,20,3,26,4,22
S01009758,Families with no dependent children,90,84,69,68,1,15,13,2,6,4,2
S01009758,Families with dependent children: Total,66,46,38,36,2,8,7,1,20,0,20
S01009758,Families with dependent children: Youngest aged 0 to 4,21,15,11,10,1,4,3,1,6,0,6
S01009758,Families with dependent children: Youngest aged 5 to 11,22,14,10,9,1,4,4,0,8,0,8
S01009758,Families with dependent children: Youngest aged 12 to 18,23,17,17,17,0,0,0,0,6,0,6
S01009759,All families in households,271,131,77,72,5,54,42,12,140,13,127
S01009759,Families with no dependent children,94,65,40,39,1,25,23,2,29,7,22
S01009759,Families with dependent children: Total,177,66,37,33,4,29,19,10,111,6,105
S01009759,Families with dependent children: Youngest aged 0 to 4,81,41,21,18,3,20,15,5,40,0,40
S01009759,Families with dependent children: Youngest aged 5 to 11,53,12,7,6,1,5,2,3,41,2,39
S01009759,Families with dependent children: Youngest aged 12 to 18,43,13,9,9,0,4,2,2,30,4,26
S01009760,All families in households,262,137,109,104,5,28,26,2,125,16,109
S01009760,Families with no dependent children,121,79,62,62,0,17,17,0,42,13,29
S01009760,Families with dependent children: Total,141,58,47,42,5,11,9,2,83,3,80
S01009760,Families with dependent children: Youngest aged 0 to 4,62,28,22,20,2,6,5,1,34,0,34
S01009760,Families with dependent children: Youngest aged 5 to 11,48,16,11,10,1,5,4,1,32,1,31
S01009760,Families with dependent children: Youngest aged 12 to 18,31,14,14,12,2,0,0,0,17,2,15
S01009761,All families in households,274,214,174,166,8,40,30,10,60,7,53
S01009761,Families with no dependent children,161,140,115,113,2,25,24,1,21,6,15
S01009761,Families with dependent children: Total,113,74,59,53,6,15,6,9,39,1,38
S01009761,Families with dependent children: Youngest aged 0 to 4,25,18,13,10,3,5,4,1,7,0,7
S01009761,Families with dependent children: Youngest aged 5 to 11,42,25,21,20,1,4,1,3,17,1,16
S01009761,Families with dependent children: Youngest aged 12 to 18,46,31,25,23,2,6,1,5,15,0,15
S01009762,All families in households,254,146,109,103,6,37,34,3,108,17,91
S01009762,Families with no dependent children,115,76,58,55,3,18,18,0,39,7,32
S01009762,Families with dependent children: Total,139,70,51,48,3,19,16,3,69,10,59
S01009762,Families with dependent children: Youngest aged 0 to 4,57,29,19,17,2,10,10,0,28,2,26
S01009762,Families with dependent children: Youngest aged 5 to 11,46,27,20,19,1,7,4,3,19,2,17
S01009762,Families with dependent children: Youngest aged 12 to 18,36,14,12,12,0,2,2,0,22,6,16
S01009763,All families in households,217,187,171,163,8,16,12,4,30,4,26
S01009763,Families with no dependent children,102,97,86,82,4,11,10,1,5,1,4
S01009763,Families with dependent children: Total,115,90,85,81,4,5,2,3,25,3,22
S01009763,Families with dependent children: Youngest aged 0 to 4,44,39,38,37,1,1,1,0,5,1,4
S01009763,Families with dependent children: Youngest aged 5 to 11,38,26,26,25,1,0,0,0,12,2,10
S01009763,Families with dependent children: Youngest aged 12 to 18,33,25,21,19,2,4,1,3,8,0,8
S01009764,All families in households,178,114,92,88,4,22,16,6,64,5,59
S01009764,Families with no dependent children,63,49,39,39,0,10,8,2,14,3,11
S01009764,Families with dependent children: Total,115,65,53,49,4,12,8,4,50,2,48
S01009764,Families with dependent children: Youngest aged 0 to 4,43,27,21,21,0,6,3,3,16,1,15
S01009764,Families with dependent children: Youngest aged 5 to 11,49,28,25,21,4,3,2,1,21,1,20
S01009764,Families with dependent children: Youngest aged 12 to 18,23,10,7,7,0,3,3,0,13,0,13
S01009765,All families in households,264,191,160,154,6,31,29,2,73,9,64
S01009765,Families with no dependent children,110,84,64,63,1,20,20,0,26,6,20
S01009765,Families with dependent children: Total,154,107,96,91,5,11,9,2,47,3,44
S01009765,Families with dependent children: Youngest aged 0 to 4,53,43,36,33,3,7,5,2,10,0,10
S01009765,Families with dependent children: Youngest aged 5 to 11,62,42,39,38,1,3,3,0,20,1,19
S01009765,Families with dependent children: Youngest aged 12 to 18,39,22,21,20,1,1,1,0,17,2,15
S01009766,All families in households,171,142,118,114,4,24,22,2,29,1,28
S01009766,Families with no dependent children,82,78,62,61,1,16,15,1,4,0,4
S01009766,Families with dependent children: Total,89,64,56,53,3,8,7,1,25,1,24
S01009766,Families with dependent children: Youngest aged 0 to 4,30,20,16,16,0,4,4,0,10,0,10
S01009766,Families with dependent children: Youngest aged 5 to 11,28,20,19,17,2,1,1,0,8,1,7
S01009766,Families with dependent children: Youngest aged 12 to 18,31,24,21,20,1,3,2,1,7,0,7
S01009767,All families in households,139,93,74,66,8,19,15,4,46,5,41
S01009767,Families with no dependent children,82,67,56,51,5,11,9,2,15,1,14
S01009767,Families with dependent children: Total,57,26,18,15,3,8,6,2,31,4,27
S01009767,Families with dependent children: Youngest aged 0 to 4,20,12,9,7,2,3,3,0,8,0,8
S01009767,Families with dependent children: Youngest aged 5 to 11,21,7,6,5,1,1,1,0,14,0,14
S01009767,Families with dependent children: Youngest aged 12 to 18,16,7,3,3,0,4,2,2,9,4,5
S01009768,All families in households,177,118,89,85,4,29,26,3,59,5,54
S01009768,Families with no dependent children,67,54,37,36,1,17,16,1,13,2,11
S01009768,Families with dependent children: Total,110,64,52,49,3,12,10,2,46,3,43
S01009768,Families with dependent children: Youngest aged 0 to 4,62,40,33,31,2,7,7,0,22,1,21
S01009768,Families with dependent children: Youngest aged 5 to 11,23,13,10,9,1,3,2,1,10,0,10
S01009768,Families with dependent children: Youngest aged 12 to 18,25,11,9,9,0,2,1,1,14,2,12
S01009769,All families in households,185,153,102,96,6,51,45,6,32,0,32
S01009769,Families with no dependent children,87,81,49,47,2,32,30,2,6,0,6
S01009769,Families with dependent children: Total,98,72,53,49,4,19,15,4,26,0,26
S01009769,Families with dependent children: Youngest aged 0 to 4,52,37,24,22,2,13,13,0,15,0,15
S01009769,Families with dependent children: Youngest aged 5 to 11,23,20,17,15,2,3,1,2,3,0,3
S01009769,Families with dependent children: Youngest aged 12 to 18,23,15,12,12,0,3,1,2,8,0,8
S01009770,All families in households,216,177,159,156,3,18,17,1,39,4,35
S01009770,Families with no dependent children,108,93,80,79,1,13,13,0,15,1,14
S01009770,Families with dependent children: Total,108,84,79,77,2,5,4,1,24,3,21
S01009770,Families with dependent children: Youngest aged 0 to 4,38,32,31,31,0,1,1,0,6,2,4
S01009770,Families with dependent children: Youngest aged 5 to 11,28,19,17,17,0,2,2,0,9,0,9
S01009770,Families with dependent children: Youngest aged 12 to 18,42,33,31,29,2,2,1,1,9,1,8
S01009771,All families in households,245,212,192,188,4,20,18,2,33,6,27
S01009771,Families with no dependent children,105,96,84,84,0,12,12,0,9,2,7
S01009771,Families with dependent children: Total,140,116,108,104,4,8,6,2,24,4,20
S01009771,Families with dependent children: Youngest aged 0 to 4,41,36,33,32,1,3,3,0,5,1,4
S01009771,Families with dependent children: Youngest aged 5 to 11,54,45,40,38,2,5,3,2,9,1,8
S01009771,Families with dependent children: Youngest aged 12 to 18,45,35,35,34,1,0,0,0,10,2,8
S01009772,All families in households,185,144,114,105,9,30,27,3,41,8,33
S01009772,Families with no dependent children,85,73,60,59,1,13,12,1,12,6,6
S01009772,Families with dependent children: Total,100,71,54,46,8,17,15,2,29,2,27
S01009772,Families with dependent children: Youngest aged 0 to 4,45,30,19,19,0,11,11,0,15,0,15
S01009772,Families with dependent children: Youngest aged 5 to 11,22,18,14,11,3,4,2,2,4,0,4
S01009772,Families with dependent children: Youngest aged 12 to 18,33,23,21,16,5,2,2,0,10,2,8
S01009773,All families in households,167,152,130,127,3,22,21,1,15,4,11
S01009773,Families with no dependent children,56,50,35,34,1,15,15,0,6,3,3
S01009773,Families with dependent children: Total,111,102,95,93,2,7,6,1,9,1,8
S01009773,Families with dependent children: Youngest aged 0 to 4,54,53,50,50,0,3,2,1,1,0,1
S01009773,Families with dependent children: Youngest aged 5 to 11,36,30,27,25,2,3,3,0,6,0,6
S01009773,Families with dependent children: Youngest aged 12 to 18,21,19,18,18,0,1,1,0,2,1,1
S01009774,All families in households,151,130,123,115,8,7,6,1,21,4,17
S01009774,Families with no dependent children,32,27,22,20,2,5,5,0,5,0,5
S01009774,Families with dependent children: Total,119,103,101,95,6,2,1,1,16,4,12
S01009774,Families with dependent children: Youngest aged 0 to 4,71,67,67,65,2,0,0,0,4,1,3
S01009774,Families with dependent children: Youngest aged 5 to 11,29,21,20,18,2,1,1,0,8,2,6
S01009774,Families with dependent children: Youngest aged 12 to 18,19,15,14,12,2,1,0,1,4,1,3
S01009775,All families in households,222,124,88,84,4,36,30,6,98,14,84
S01009775,Families with no dependent children,129,85,62,59,3,23,19,4,44,8,36
S01009775,Families with dependent children: Total,93,39,26,25,1,13,11,2,54,6,48
S01009775,Families with dependent children: Youngest aged 0 to 4,29,11,5,5,0,6,5,1,18,0,18
S01009775,Families with dependent children: Youngest aged 5 to 11,31,10,7,7,0,3,2,1,21,4,17
S01009775,Families with dependent children: Youngest aged 12 to 18,33,18,14,13,1,4,4,0,15,2,13
S01009776,All families in households,194,67,46,42,4,21,20,1,127,5,122
S01009776,Families with no dependent children,69,43,32,31,1,11,11,0,26,2,24
S01009776,Families with dependent children: Total,125,24,14,11,3,10,9,1,101,3,98
S01009776,Families with dependent children: Youngest aged 0 to 4,52,4,2,1,1,2,2,0,48,2,46
S01009776,Families with dependent children: Youngest aged 5 to 11,47,11,4,4,0,7,6,1,36,1,35
S01009776,Families with dependent children: Youngest aged 12 to 18,26,9,8,6,2,1,1,0,17,0,17
S01009777,All families in households,122,71,35,34,1,36,32,4,51,5,46
S01009777,Families with no dependent children,51,44,23,23,0,21,20,1,7,1,6
S01009777,Families with dependent children: Total,71,27,12,11,1,15,12,3,44,4,40
S01009777,Families with dependent children: Youngest aged 0 to 4,36,17,6,6,0,11,9,2,19,1,18
S01009777,Families with dependent children: Youngest aged 5 to 11,19,6,2,2,0,4,3,1,13,1,12
S01009777,Families with dependent children: Youngest aged 12 to 18,16,4,4,3,1,0,0,0,12,2,10
S01009778,All families in households,227,151,115,114,1,36,29,7,76,8,68
S01009778,Families with no dependent children,151,112,97,96,1,15,13,2,39,7,32
S01009778,Families with dependent children: Total,76,39,18,18,0,21,16,5,37,1,36
S01009778,Families with dependent children: Youngest aged 0 to 4,27,13,5,5,0,8,7,1,14,0,14
S01009778,Families with dependent children: Youngest aged 5 to 11,26,15,5,5,0,10,7,3,11,1,10
S01009778,Families with dependent children: Youngest aged 12 to 18,23,11,8,8,0,3,2,1,12,0,12
S01009779,All families in households,154,82,56,52,4,26,24,2,72,5,67
S01009779,Families with no dependent children,79,62,46,44,2,16,16,0,17,1,16
S01009779,Families with dependent children: Total,75,20,10,8,2,10,8,2,55,4,51
S01009779,Families with dependent children: Youngest aged 0 to 4,23,1,0,0,0,1,1,0,22,1,21
S01009779,Families with dependent children: Youngest aged 5 to 11,34,12,6,5,1,6,4,2,22,1,21
S01009779,Families with dependent children: Youngest aged 12 to 18,18,7,4,3,1,3,3,0,11,2,9
S01009780,All families in households,181,84,58,49,9,26,21,5,97,3,94
S01009780,Families with no dependent children,73,50,34,31,3,16,13,3,23,2,21
S01009780,Families with dependent children: Total,108,34,24,18,6,10,8,2,74,1,73
S01009780,Families with dependent children: Youngest aged 0 to 4,47,15,10,9,1,5,3,2,32,1,31
S01009780,Families with dependent children: Youngest aged 5 to 11,24,7,4,2,2,3,3,0,17,0,17
S01009780,Families with dependent children: Youngest aged 12 to 18,37,12,10,7,3,2,2,0,25,0,25
S01009781,All families in households,162,80,60,58,2,20,15,5,82,9,73
S01009781,Families with no dependent children,88,56,45,43,2,11,9,2,32,8,24
S01009781,Families with dependent children: Total,74,24,15,15,0,9,6,3,50,1,49
S01009781,Families with dependent children: Youngest aged 0 to 4,25,11,7,7,0,4,2,2,14,0,14
S01009781,Families with dependent children: Youngest aged 5 to 11,31,7,4,4,0,3,3,0,24,0,24
S01009781,Families with dependent children: Youngest aged 12 to 18,18,6,4,4,0,2,1,1,12,1,11
S01009782,All families in households,166,109,78,72,6,31,25,6,57,10,47
S01009782,Families with no dependent children,56,44,33,31,2,11,9,2,12,5,7
S01009782,Families with dependent children: Total,110,65,45,41,4,20,16,4,45,5,40
S01009782,Families with dependent children: Youngest aged 0 to 4,56,39,27,26,1,12,10,2,17,0,17
S01009782,Families with dependent children: Youngest aged 5 to 11,34,15,10,7,3,5,3,2,19,4,15
S01009782,Families with dependent children: Youngest aged 12 to 18,20,11,8,8,0,3,3,0,9,1,8
S01009783,All families in households,224,127,78,76,2,49,42,7,97,11,86
S01009783,Families with no dependent children,108,74,48,46,2,26,23,3,34,7,27
S01009783,Families with dependent children: Total,116,53,30,30,0,23,19,4,63,4,59
S01009783,Families with dependent children: Youngest aged 0 to 4,49,24,14,14,0,10,9,1,25,0,25
S01009783,Families with dependent children: Youngest aged 5 to 11,43,17,8,8,0,9,8,1,26,4,22
S01009783,Families with dependent children: Youngest aged 12 to 18,24,12,8,8,0,4,2,2,12,0,12
S01009784,All families in households,207,111,86,77,9,25,20,5,96,6,90
S01009784,Families with no dependent children,95,58,46,43,3,12,12,0,37,4,33
S01009784,Families with dependent children: Total,112,53,40,34,6,13,8,5,59,2,57
S01009784,Families with dependent children: Youngest aged 0 to 4,33,17,13,11,2,4,3,1,16,0,16
S01009784,Families with dependent children: Youngest aged 5 to 11,35,15,10,9,1,5,2,3,20,2,18
S01009784,Families with dependent children: Youngest aged 12 to 18,44,21,17,14,3,4,3,1,23,0,23
S01009785,All families in households,231,117,89,80,9,28,25,3,114,8,106
S01009785,Families with no dependent children,132,83,72,67,5,11,9,2,49,5,44
S01009785,Families with dependent children: Total,99,34,17,13,4,17,16,1,65,3,62
S01009785,Families with dependent children: Youngest aged 0 to 4,33,16,6,6,0,10,9,1,17,1,16
S01009785,Families with dependent children: Youngest aged 5 to 11,29,10,5,4,1,5,5,0,19,0,19
S01009785,Families with dependent children: Youngest aged 12 to 18,37,8,6,3,3,2,2,0,29,2,27
S01009786,All families in households,245,112,80,67,13,32,26,6,133,16,117
S01009786,Families with no dependent children,99,67,47,42,5,20,18,2,32,5,27
S01009786,Families with dependent children: Total,146,45,33,25,8,12,8,4,101,11,90
S01009786,Families with dependent children: Youngest aged 0 to 4,40,13,8,7,1,5,4,1,27,1,26
S01009786,Families with dependent children: Youngest aged 5 to 11,60,16,13,8,5,3,2,1,44,4,40
S01009786,Families with dependent children: Youngest aged 12 to 18,46,16,12,10,2,4,2,2,30,6,24
S01009787,All families in households,252,131,94,92,2,37,27,10,121,13,108
S01009787,Families with no dependent children,141,96,82,82,0,14,12,2,45,8,37
S01009787,Families with dependent children: Total,111,35,12,10,2,23,15,8,76,5,71
S01009787,Families with dependent children: Youngest aged 0 to 4,30,11,4,4,0,7,6,1,19,0,19
S01009787,Families with dependent children: Youngest aged 5 to 11,52,16,6,4,2,10,4,6,36,2,34
S01009787,Families with dependent children: Youngest aged 12 to 18,29,8,2,2,0,6,5,1,21,3,18
S01009788,All families in households,246,161,137,130,7,24,21,3,85,15,70
S01009788,Families with no dependent children,154,115,104,98,6,11,11,0,39,7,32
S01009788,Families with dependent children: Total,92,46,33,32,1,13,10,3,46,8,38
S01009788,Families with dependent children: Youngest aged 0 to 4,23,11,7,7,0,4,3,1,12,1,11
S01009788,Families with dependent children: Youngest aged 5 to 11,29,12,9,9,0,3,3,0,17,3,14
S01009788,Families with dependent children: Youngest aged 12 to 18,40,23,17,16,1,6,4,2,17,4,13
S01009789,All families in households,255,161,122,118,4,39,33,6,94,6,88
S01009789,Families with no dependent children,158,113,94,91,3,19,18,1,45,3,42
S01009789,Families with dependent children: Total,97,48,28,27,1,20,15,5,49,3,46
S01009789,Families with dependent children: Youngest aged 0 to 4,38,20,6,6,0,14,11,3,18,0,18
S01009789,Families with dependent children: Youngest aged 5 to 11,33,13,10,9,1,3,2,1,20,2,18
S01009789,Families with dependent children: Youngest aged 12 to 18,26,15,12,12,0,3,2,1,11,1,10
S01009790,All families in households,177,105,92,80,12,13,12,1,72,8,64
S01009790,Families with no dependent children,101,67,58,54,4,9,9,0,34,4,30
S01009790,Families with dependent children: Total,76,38,34,26,8,4,3,1,38,4,34
S01009790,Families with dependent children: Youngest aged 0 to 4,18,8,5,3,2,3,3,0,10,0,10
S01009790,Families with dependent children: Youngest aged 5 to 11,30,13,13,8,5,0,0,0,17,2,15
S01009790,Families with dependent children: Youngest aged 12 to 18,28,17,16,15,1,1,0,1,11,2,9
S01009791,All families in households,188,106,83,75,8,23,18,5,82,10,72
S01009791,Families with no dependent children,101,71,61,55,6,10,9,1,30,5,25
S01009791,Families with dependent children: Total,87,35,22,20,2,13,9,4,52,5,47
S01009791,Families with dependent children: Youngest aged 0 to 4,27,10,5,5,0,5,5,0,17,1,16
S01009791,Families with dependent children: Youngest aged 5 to 11,36,16,10,8,2,6,4,2,20,3,17
S01009791,Families with dependent children: Youngest aged 12 to 18,24,9,7,7,0,2,0,2,15,1,14
S01009792,All families in households,262,231,196,184,12,35,31,4,31,3,28
S01009792,Families with no dependent children,115,106,84,82,2,22,20,2,9,1,8
S01009792,Families with dependent children: Total,147,125,112,102,10,13,11,2,22,2,20
S01009792,Families with dependent children: Youngest aged 0 to 4,55,50,44,41,3,6,6,0,5,0,5
S01009792,Families with dependent children: Youngest aged 5 to 11,55,46,42,37,5,4,3,1,9,0,9
S01009792,Families with dependent children: Youngest aged 12 to 18,37,29,26,24,2,3,2,1,8,2,6
S01009793,All families in households,261,218,172,169,3,46,42,4,43,5,38
S01009793,Families with no dependent children,172,148,113,111,2,35,32,3,24,5,19
S01009793,Families with dependent children: Total,89,70,59,58,1,11,10,1,19,0,19
S01009793,Families with dependent children: Youngest aged 0 to 4,39,32,23,23,0,9,8,1,7,0,7
S01009793,Families with dependent children: Youngest aged 5 to 11,24,15,14,13,1,1,1,0,9,0,9
S01009793,Families with dependent children: Youngest aged 12 to 18,26,23,22,22,0,1,1,0,3,0,3
S01009794,All families in households,161,146,119,112,7,27,26,1,15,2,13
S01009794,Families with no dependent children,77,72,53,50,3,19,18,1,5,1,4
S01009794,Families with dependent children: Total,84,74,66,62,4,8,8,0,10,1,9
S01009794,Families with dependent children: Youngest aged 0 to 4,30,28,22,22,0,6,6,0,2,0,2
S01009794,Families with dependent children: Youngest aged 5 to 11,36,31,30,29,1,1,1,0,5,1,4
S01009794,Families with dependent children: Youngest aged 12 to 18,18,15,14,11,3,1,1,0,3,0,3
S01009795,All families in households,244,210,185,179,6,25,19,6,34,3,31
S01009795,Families with no dependent children,119,106,92,89,3,14,10,4,13,1,12
S01009795,Families with dependent children: Total,125,104,93,90,3,11,9,2,21,2,19
S01009795,Families with dependent children: Youngest aged 0 to 4,35,29,26,25,1,3,3,0,6,1,5
S01009795,Families with dependent children: Youngest aged 5 to 11,57,50,45,43,2,5,5,0,7,0,7
S01009795,Families with dependent children: Youngest aged 12 to 18,33,25,22,22,0,3,1,2,8,1,7
S01009796,All families in households,225,205,181,174,7,24,22,2,20,3,17
S01009796,Families with no dependent children,136,127,113,108,5,14,14,0,9,2,7
S01009796,Families with dependent children: Total,89,78,68,66,2,10,8,2,11,1,10
S01009796,Families with dependent children: Youngest aged 0 to 4,47,45,39,39,0,6,5,1,2,0,2
S01009796,Families with dependent children: Youngest aged 5 to 11,20,16,12,11,1,4,3,1,4,0,4
S01009796,Families with dependent children: Youngest aged 12 to 18,22,17,17,16,1,0,0,0,5,1,4
S01009797,All families in households,229,188,168,157,11,20,18,2,41,9,32
S01009797,Families with no dependent children,128,109,99,94,5,10,10,0,19,5,14
S01009797,Families with dependent children: Total,101,79,69,63,6,10,8,2,22,4,18
S01009797,Families with dependent children: Youngest aged 0 to 4,38,31,26,26,0,5,4,1,7,3,4
S01009797,Families with dependent children: Youngest aged 5 to 11,34,25,22,20,2,3,2,1,9,0,9
S01009797,Families with dependent children: Youngest aged 12 to 18,29,23,21,17,4,2,2,0,6,1,5
S01009798,All families in households,211,183,159,154,5,24,22,2,28,4,24
S01009798,Families with no dependent children,91,81,68,68,0,13,12,1,10,2,8
S01009798,Families with dependent children: Total,120,102,91,86,5,11,10,1,18,2,16
S01009798,Families with dependent children: Youngest aged 0 to 4,34,29,25,25,0,4,4,0,5,1,4
S01009798,Families with dependent children: Youngest aged 5 to 11,38,32,26,24,2,6,5,1,6,0,6
S01009798,Families with dependent children: Youngest aged 12 to 18,48,41,40,37,3,1,1,0,7,1,6
S01009799,All families in households,220,109,75,69,6,34,22,12,111,6,105
S01009799,Families with no dependent children,102,67,55,52,3,12,10,2,35,3,32
S01009799,Families with dependent children: Total,118,42,20,17,3,22,12,10,76,3,73
S01009799,Families with dependent children: Youngest aged 0 to 4,41,19,9,8,1,10,8,2,22,0,22
S01009799,Families with dependent children: Youngest aged 5 to 11,39,14,6,5,1,8,4,4,25,0,25
S01009799,Families with dependent children: Youngest aged 12 to 18,38,9,5,4,1,4,0,4,29,3,26
S01009800,All families in households,330,203,151,141,10,52,44,8,127,14,113
S01009800,Families with no dependent children,161,128,102,98,4,26,25,1,33,9,24
S01009800,Families with dependent children: Total,169,75,49,43,6,26,19,7,94,5,89
S01009800,Families with dependent children: Youngest aged 0 to 4,59,23,14,13,1,9,7,2,36,0,36
S01009800,Families with dependent children: Youngest aged 5 to 11,59,24,12,9,3,12,8,4,35,4,31
S01009800,Families with dependent children: Youngest aged 12 to 18,51,28,23,21,2,5,4,1,23,1,22
S01009801,All families in households,253,153,121,115,6,32,28,4,100,8,92
S01009801,Families with no dependent children,126,94,79,79,0,15,15,0,32,4,28
S01009801,Families with dependent children: Total,127,59,42,36,6,17,13,4,68,4,64
S01009801,Families with dependent children: Youngest aged 0 to 4,37,18,14,11,3,4,3,1,19,0,19
S01009801,Families with dependent children: Youngest aged 5 to 11,47,21,14,13,1,7,5,2,26,1,25
S01009801,Families with dependent children: Youngest aged 12 to 18,43,20,14,12,2,6,5,1,23,3,20
S01009802,All families in households,293,178,126,118,8,52,40,12,115,3,112
S01009802,Families with no dependent children,128,90,64,63,1,26,22,4,38,2,36
S01009802,Families with dependent children: Total,165,88,62,55,7,26,18,8,77,1,76
S01009802,Families with dependent children: Youngest aged 0 to 4,59,36,23,21,2,13,12,1,23,0,23
S01009802,Families with dependent children: Youngest aged 5 to 11,57,32,24,20,4,8,5,3,25,1,24
S01009802,Families with dependent children: Youngest aged 12 to 18,49,20,15,14,1,5,1,4,29,0,29
S01009803,All families in households,204,121,93,87,6,28,25,3,83,4,79
S01009803,Families with no dependent children,101,70,56,55,1,14,13,1,31,3,28
S01009803,Families with dependent children: Total,103,51,37,32,5,14,12,2,52,1,51
S01009803,Families with dependent children: Youngest aged 0 to 4,36,19,11,10,1,8,6,2,17,0,17
S01009803,Families with dependent children: Youngest aged 5 to 11,33,16,13,12,1,3,3,0,17,0,17
S01009803,Families with dependent children: Youngest aged 12 to 18,34,16,13,10,3,3,3,0,18,1,17
S01009804,All families in households,111,87,59,57,2,28,25,3,24,3,21
S01009804,Families with no dependent children,61,54,32,32,0,22,21,1,7,2,5
S01009804,Families with dependent children: Total,50,33,27,25,2,6,4,2,17,1,16
S01009804,Families with dependent children: Youngest aged 0 to 4,34,25,21,21,0,4,4,0,9,1,8
S01009804,Families with dependent children: Youngest aged 5 to 11,4,1,0,0,0,1,0,1,3,0,3
S01009804,Families with dependent children: Youngest aged 12 to 18,12,7,6,4,2,1,0,1,5,0,5
S01009805,All families in households,265,150,113,107,6,37,27,10,115,7,108
S01009805,Families with no dependent children,126,92,74,71,3,18,17,1,34,2,32
S01009805,Families with dependent children: Total,139,58,39,36,3,19,10,9,81,5,76
S01009805,Families with dependent children: Youngest aged 0 to 4,49,18,12,10,2,6,5,1,31,2,29
S01009805,Families with dependent children: Youngest aged 5 to 11,41,17,8,8,0,9,5,4,24,1,23
S01009805,Families with dependent children: Youngest aged 12 to 18,49,23,19,18,1,4,0,4,26,2,24
S01009806,All families in households,212,140,110,106,4,30,28,2,72,8,64
S01009806,Families with no dependent children,129,94,80,78,2,14,14,0,35,4,31
S01009806,Families with dependent children: Total,83,46,30,28,2,16,14,2,37,4,33
S01009806,Families with dependent children: Youngest aged 0 to 4,39,26,15,14,1,11,10,1,13,2,11
S01009806,Families with dependent children: Youngest aged 5 to 11,22,10,7,6,1,3,3,0,12,1,11
S01009806,Families with dependent children: Youngest aged 12 to 18,22,10,8,8,0,2,1,1,12,1,11
S01009807,All families in households,277,187,137,133,4,50,40,10,90,13,77
S01009807,Families with no dependent children,134,104,83,80,3,21,20,1,30,7,23
S01009807,Families with dependent children: Total,143,83,54,53,1,29,20,9,60,6,54
S01009807,Families with dependent children: Youngest aged 0 to 4,63,40,22,22,0,18,14,4,23,1,22
S01009807,Families with dependent children: Youngest aged 5 to 11,41,20,12,12,0,8,4,4,21,1,20
S01009807,Families with dependent children: Youngest aged 12 to 18,39,23,20,19,1,3,2,1,16,4,12
S01009808,All families in households,229,132,95,89,6,37,31,6,97,7,90
S01009808,Families with no dependent children,82,59,49,48,1,10,9,1,23,3,20
S01009808,Families with dependent children: Total,147,73,46,41,5,27,22,5,74,4,70
S01009808,Families with dependent children: Youngest aged 0 to 4,80,44,26,24,2,18,14,4,36,0,36
S01009808,Families with dependent children: Youngest aged 5 to 11,30,14,9,9,0,5,4,1,16,1,15
S01009808,Families with dependent children: Youngest aged 12 to 18,37,15,11,8,3,4,4,0,22,3,19
S01009809,All families in households,199,129,94,93,1,35,33,2,70,6,64
S01009809,Families with no dependent children,113,87,65,65,0,22,22,0,26,5,21
S01009809,Families with dependent children: Total,86,42,29,28,1,13,11,2,44,1,43
S01009809,Families with dependent children: Youngest aged 0 to 4,40,21,17,17,0,4,2,2,19,0,19
S01009809,Families with dependent children: Youngest aged 5 to 11,24,13,7,6,1,6,6,0,11,0,11
S01009809,Families with dependent children: Youngest aged 12 to 18,22,8,5,5,0,3,3,0,14,1,13
S01009810,All families in households,220,128,96,92,4,32,29,3,92,7,85
S01009810,Families with no dependent children,102,82,65,63,2,17,16,1,20,3,17
S01009810,Families with dependent children: Total,118,46,31,29,2,15,13,2,72,4,68
S01009810,Families with dependent children: Youngest aged 0 to 4,60,25,13,13,0,12,11,1,35,2,33
S01009810,Families with dependent children: Youngest aged 5 to 11,28,10,8,6,2,2,2,0,18,0,18
S01009810,Families with dependent children: Youngest aged 12 to 18,30,11,10,10,0,1,0,1,19,2,17
S01009811,All families in households,293,176,136,126,10,40,33,7,117,11,106
S01009811,Families with no dependent children,183,129,96,92,4,33,29,4,54,7,47
S01009811,Families with dependent children: Total,110,47,40,34,6,7,4,3,63,4,59
S01009811,Families with dependent children: Youngest aged 0 to 4,39,17,13,10,3,4,3,1,22,1,21
S01009811,Families with dependent children: Youngest aged 5 to 11,40,16,15,14,1,1,1,0,24,3,21
S01009811,Families with dependent children: Youngest aged 12 to 18,31,14,12,10,2,2,0,2,17,0,17
S01009812,All families in households,209,133,94,93,1,39,35,4,76,8,68
S01009812,Families with no dependent children,128,88,67,67,0,21,18,3,40,7,33
S01009812,Families with dependent children: Total,81,45,27,26,1,18,17,1,36,1,35
S01009812,Families with dependent children: Youngest aged 0 to 4,35,23,13,13,0,10,10,0,12,0,12
S01009812,Families with dependent children: Youngest aged 5 to 11,26,10,6,5,1,4,4,0,16,1,15
S01009812,Families with dependent children: Youngest aged 12 to 18,20,12,8,8,0,4,3,1,8,0,8
S01009813,All families in households,168,92,79,71,8,13,8,5,76,2,74
S01009813,Families with no dependent children,66,40,33,30,3,7,7,0,26,1,25
S01009813,Families with dependent children: Total,102,52,46,41,5,6,1,5,50,1,49
S01009813,Families with dependent children: Youngest aged 0 to 4,43,29,26,24,2,3,0,3,14,0,14
S01009813,Families with dependent children: Youngest aged 5 to 11,30,13,11,9,2,2,1,1,17,0,17
S01009813,Families with dependent children: Youngest aged 12 to 18,29,10,9,8,1,1,0,1,19,1,18
S01009814,All families in households,229,176,148,144,4,28,25,3,53,4,49
S01009814,Families with no dependent children,130,110,94,92,2,16,14,2,20,3,17
S01009814,Families with dependent children: Total,99,66,54,52,2,12,11,1,33,1,32
S01009814,Families with dependent children: Youngest aged 0 to 4,33,24,16,16,0,8,7,1,9,0,9
S01009814,Families with dependent children: Youngest aged 5 to 11,32,17,14,13,1,3,3,0,15,1,14
S01009814,Families with dependent children: Youngest aged 12 to 18,34,25,24,23,1,1,1,0,9,0,9
S01009815,All families in households,198,134,101,97,4,33,26,7,64,6,58
S01009815,Families with no dependent children,105,86,65,62,3,21,20,1,19,3,16
S01009815,Families with dependent children: Total,93,48,36,35,1,12,6,6,45,3,42
S01009815,Families with dependent children: Youngest aged 0 to 4,33,22,16,15,1,6,3,3,11,1,10
S01009815,Families with dependent children: Youngest aged 5 to 11,31,11,7,7,0,4,2,2,20,0,20
S01009815,Families with dependent children: Youngest aged 12 to 18,29,15,13,13,0,2,1,1,14,2,12
S01009816,All families in households,214,155,114,107,7,41,37,4,59,7,52
S01009816,Families with no dependent children,116,96,72,69,3,24,23,1,20,6,14
S01009816,Families with dependent children: Total,98,59,42,38,4,17,14,3,39,1,38
S01009816,Families with dependent children: Youngest aged 0 to 4,30,23,13,10,3,10,9,1,7,1,6
S01009816,Families with dependent children: Youngest aged 5 to 11,32,15,12,11,1,3,3,0,17,0,17
S01009816,Families with dependent children: Youngest aged 12 to 18,36,21,17,17,0,4,2,2,15,0,15
S01009817,All families in households,185,128,109,107,2,19,19,0,57,3,54
S01009817,Families with no dependent children,110,91,79,78,1,12,12,0,19,2,17
S01009817,Families with dependent children: Total,75,37,30,29,1,7,7,0,38,1,37
S01009817,Families with dependent children: Youngest aged 0 to 4,18,10,7,7,0,3,3,0,8,0,8
S01009817,Families with dependent children: Youngest aged 5 to 11,27,12,10,10,0,2,2,0,15,1,14
S01009817,Families with dependent children: Youngest aged 12 to 18,30,15,13,12,1,2,2,0,15,0,15
S01009818,All families in households,292,251,236,234,2,15,14,1,41,7,34
S01009818,Families with no dependent children,233,207,196,196,0,11,11,0,26,7,19
S01009818,Families with dependent children: Total,59,44,40,38,2,4,3,1,15,0,15
S01009818,Families with dependent children: Youngest aged 0 to 4,17,12,10,9,1,2,2,0,5,0,5
S01009818,Families with dependent children: Youngest aged 5 to 11,20,15,13,13,0,2,1,1,5,0,5
S01009818,Families with dependent children: Youngest aged 12 to 18,22,17,17,16,1,0,0,0,5,0,5
S01009819,All families in households,164,130,116,114,2,14,11,3,34,6,28
S01009819,Families with no dependent children,107,92,83,83,0,9,8,1,15,6,9
S01009819,Families with dependent children: Total,57,38,33,31,2,5,3,2,19,0,19
S01009819,Families with dependent children: Youngest aged 0 to 4,21,13,12,10,2,1,1,0,8,0,8
S01009819,Families with dependent children: Youngest aged 5 to 11,24,18,16,16,0,2,0,2,6,0,6
S01009819,Families with dependent children: Youngest aged 12 to 18,12,7,5,5,0,2,2,0,5,0,5
S01009820,All families in households,263,187,166,162,4,21,21,0,76,7,69
S01009820,Families with no dependent children,157,124,108,106,2,16,16,0,33,4,29
S01009820,Families with dependent children: Total,106,63,58,56,2,5,5,0,43,3,40
S01009820,Families with dependent children: Youngest aged 0 to 4,35,19,17,16,1,2,2,0,16,1,15
S01009820,Families with dependent children: Youngest aged 5 to 11,41,26,24,23,1,2,2,0,15,1,14
S01009820,Families with dependent children: Youngest aged 12 to 18,30,18,17,17,0,1,1,0,12,1,11
S01009821,All families in households,193,143,120,114,6,23,17,6,50,5,45
S01009821,Families with no dependent children,101,83,75,73,2,8,7,1,18,4,14
S01009821,Families with dependent children: Total,92,60,45,41,4,15,10,5,32,1,31
S01009821,Families with dependent children: Youngest aged 0 to 4,33,27,19,17,2,8,7,1,6,0,6
S01009821,Families with dependent children: Youngest aged 5 to 11,31,18,14,12,2,4,3,1,13,0,13
S01009821,Families with dependent children: Youngest aged 12 to 18,28,15,12,12,0,3,0,3,13,1,12
S01009822,All families in households,140,94,74,70,4,20,17,3,46,6,40
S01009822,Families with no dependent children,70,55,40,36,4,15,13,2,15,6,9
S01009822,Families with dependent children: Total,70,39,34,34,0,5,4,1,31,0,31
S01009822,Families with dependent children: Youngest aged 0 to 4,32,19,16,16,0,3,3,0,13,0,13
S01009822,Families with dependent children: Youngest aged 5 to 11,22,13,12,12,0,1,0,1,9,0,9
S01009822,Families with dependent children: Youngest aged 12 to 18,16,7,6,6,0,1,1,0,9,0,9
S01009823,All families in households,191,105,80,75,5,25,22,3,86,6,80
S01009823,Families with no dependent children,104,70,57,55,2,13,12,1,34,5,29
S01009823,Families with dependent children: Total,87,35,23,20,3,12,10,2,52,1,51
S01009823,Families with dependent children: Youngest aged 0 to 4,36,17,9,8,1,8,7,1,19,0,19
S01009823,Families with dependent children: Youngest aged 5 to 11,28,11,9,7,2,2,1,1,17,0,17
S01009823,Families with dependent children: Youngest aged 12 to 18,23,7,5,5,0,2,2,0,16,1,15
S01009824,All families in households,262,166,121,111,10,45,36,9,96,17,79
S01009824,Families with no dependent children,125,85,64,62,2,21,20,1,40,12,28
S01009824,Families with dependent children: Total,137,81,57,49,8,24,16,8,56,5,51
S01009824,Families with dependent children: Youngest aged 0 to 4,63,40,25,24,1,15,12,3,23,0,23
S01009824,Families with dependent children: Youngest aged 5 to 11,47,26,22,17,5,4,2,2,21,2,19
S01009824,Families with dependent children: Youngest aged 12 to 18,27,15,10,8,2,5,2,3,12,3,9
S01009825,All families in households,277,176,129,124,5,47,38,9,101,5,96
S01009825,Families with no dependent children,141,104,77,76,1,27,23,4,37,3,34
S01009825,Families with dependent children: Total,136,72,52,48,4,20,15,5,64,2,62
S01009825,Families with dependent children: Youngest aged 0 to 4,50,35,25,23,2,10,9,1,15,0,15
S01009825,Families with dependent children: Youngest aged 5 to 11,42,20,15,14,1,5,3,2,22,2,20
S01009825,Families with dependent children: Youngest aged 12 to 18,44,17,12,11,1,5,3,2,27,0,27
S01009826,All families in households,163,91,73,67,6,18,15,3,72,4,68
S01009826,Families with no dependent children,92,57,48,46,2,9,8,1,35,3,32
S01009826,Families with dependent children: Total,71,34,25,21,4,9,7,2,37,1,36
S01009826,Families with dependent children: Youngest aged 0 to 4,22,11,8,7,1,3,2,1,11,0,11
S01009826,Families with dependent children: Youngest aged 5 to 11,27,15,10,7,3,5,4,1,12,0,12
S01009826,Families with dependent children: Youngest aged 12 to 18,22,8,7,7,0,1,1,0,14,1,13
S01009827,All families in households,230,151,118,111,7,33,26,7,79,2,77
S01009827,Families with no dependent children,122,91,71,68,3,20,16,4,31,2,29
S01009827,Families with dependent children: Total,108,60,47,43,4,13,10,3,48,0,48
S01009827,Families with dependent children: Youngest aged 0 to 4,43,24,19,16,3,5,4,1,19,0,19
S01009827,Families with dependent children: Youngest aged 5 to 11,35,20,14,14,0,6,5,1,15,0,15
S01009827,Families with dependent children: Youngest aged 12 to 18,30,16,14,13,1,2,1,1,14,0,14
S01009828,All families in households,196,94,80,75,5,14,11,3,102,13,89
S01009828,Families with no dependent children,115,65,61,58,3,4,4,0,50,9,41
S01009828,Families with dependent children: Total,81,29,19,17,2,10,7,3,52,4,48
S01009828,Families with dependent children: Youngest aged 0 to 4,30,14,9,8,1,5,5,0,16,1,15
S01009828,Families with dependent children: Youngest aged 5 to 11,29,12,7,6,1,5,2,3,17,0,17
S01009828,Families with dependent children: Youngest aged 12 to 18,22,3,3,3,0,0,0,0,19,3,16
S01009829,All families in households,270,186,117,112,5,69,66,3,84,9,75
S01009829,Families with no dependent children,145,125,79,77,2,46,45,1,20,3,17
S01009829,Families with dependent children: Total,125,61,38,35,3,23,21,2,64,6,58
S01009829,Families with dependent children: Youngest aged 0 to 4,69,43,24,22,2,19,18,1,26,1,25
S01009829,Families with dependent children: Youngest aged 5 to 11,32,9,7,7,0,2,1,1,23,3,20
S01009829,Families with dependent children: Youngest aged 12 to 18,24,9,7,6,1,2,2,0,15,2,13
S01009830,All families in households,239,155,119,115,4,36,30,6,84,13,71
S01009830,Families with no dependent children,128,96,79,77,2,17,17,0,32,4,28
S01009830,Families with dependent children: Total,111,59,40,38,2,19,13,6,52,9,43
S01009830,Families with dependent children: Youngest aged 0 to 4,50,29,21,21,0,8,7,1,21,3,18
S01009830,Families with dependent children: Youngest aged 5 to 11,30,15,8,7,1,7,2,5,15,3,12
S01009830,Families with dependent children: Youngest aged 12 to 18,31,15,11,10,1,4,4,0,16,3,13
S01009831,All families in households,227,160,113,106,7,47,38,9,67,5,62
S01009831,Families with no dependent children,106,90,68,65,3,22,21,1,16,2,14
S01009831,Families with dependent children: Total,121,70,45,41,4,25,17,8,51,3,48
S01009831,Families with dependent children: Youngest aged 0 to 4,44,26,13,13,0,13,10,3,18,0,18
S01009831,Families with dependent children: Youngest aged 5 to 11,44,27,19,17,2,8,4,4,17,3,14
S01009831,Families with dependent children: Youngest aged 12 to 18,33,17,13,11,2,4,3,1,16,0,16
S01009832,All families in households,276,209,162,152,10,47,40,7,67,6,61
S01009832,Families with no dependent children,156,127,103,98,5,24,24,0,29,6,23
S01009832,Families with dependent children: Total,120,82,59,54,5,23,16,7,38,0,38
S01009832,Families with dependent children: Youngest aged 0 to 4,46,29,15,15,0,14,13,1,17,0,17
S01009832,Families with dependent children: Youngest aged 5 to 11,43,33,27,24,3,6,3,3,10,0,10
S01009832,Families with dependent children: Youngest aged 12 to 18,31,20,17,15,2,3,0,3,11,0,11
S01009833,All families in households,160,129,95,93,2,34,30,4,31,3,28
S01009833,Families with no dependent children,96,86,65,64,1,21,21,0,10,3,7
S01009833,Families with dependent children: Total,64,43,30,29,1,13,9,4,21,0,21
S01009833,Families with dependent children: Youngest aged 0 to 4,22,16,6,6,0,10,7,3,6,0,6
S01009833,Families with dependent children: Youngest aged 5 to 11,26,15,13,13,0,2,2,0,11,0,11
S01009833,Families with dependent children: Youngest aged 12 to 18,16,12,11,10,1,1,0,1,4,0,4
S01009834,All families in households,240,140,97,90,7,43,38,5,100,7,93
S01009834,Families with no dependent children,95,61,42,39,3,19,17,2,34,2,32
S01009834,Families with dependent children: Total,145,79,55,51,4,24,21,3,66,5,61
S01009834,Families with dependent children: Youngest aged 0 to 4,59,44,33,32,1,11,11,0,15,1,14
S01009834,Families with dependent children: Youngest aged 5 to 11,55,21,13,12,1,8,7,1,34,2,32
S01009834,Families with dependent children: Youngest aged 12 to 18,31,14,9,7,2,5,3,2,17,2,15
S01009835,All families in households,146,70,45,42,3,25,23,2,76,4,72
S01009835,Families with no dependent children,68,45,34,31,3,11,10,1,23,3,20
S01009835,Families with dependent children: Total,78,25,11,11,0,14,13,1,53,1,52
S01009835,Families with dependent children: Youngest aged 0 to 4,32,7,3,3,0,4,4,0,25,0,25
S01009835,Families with dependent children: Youngest aged 5 to 11,29,12,5,5,0,7,7,0,17,1,16
S01009835,Families with dependent children: Youngest aged 12 to 18,17,6,3,3,0,3,2,1,11,0,11
S01009836,All families in households,276,212,173,167,6,39,30,9,64,8,56
S01009836,Families with no dependent children,174,142,124,121,3,18,14,4,32,5,27
S01009836,Families with dependent children: Total,102,70,49,46,3,21,16,5,32,3,29
S01009836,Families with dependent children: Youngest aged 0 to 4,34,27,12,10,2,15,12,3,7,0,7
S01009836,Families with dependent children: Youngest aged 5 to 11,29,16,14,14,0,2,1,1,13,1,12
S01009836,Families with dependent children: Youngest aged 12 to 18,39,27,23,22,1,4,3,1,12,2,10
S01009837,All families in households,176,104,73,71,2,31,27,4,72,10,62
S01009837,Families with no dependent children,114,76,57,56,1,19,18,1,38,8,30
S01009837,Families with dependent children: Total,62,28,16,15,1,12,9,3,34,2,32
S01009837,Families with dependent children: Youngest aged 0 to 4,28,15,8,8,0,7,5,2,13,0,13
S01009837,Families with dependent children: Youngest aged 5 to 11,13,8,3,2,1,5,4,1,5,0,5
S01009837,Families with dependent children: Youngest aged 12 to 18,21,5,5,5,0,0,0,0,16,2,14
S01009838,All families in households,196,104,75,73,2,29,27,2,92,9,83
S01009838,Families with no dependent children,103,74,51,51,0,23,22,1,29,4,25
S01009838,Families with dependent children: Total,93,30,24,22,2,6,5,1,63,5,58
S01009838,Families with dependent children: Youngest aged 0 to 4,30,10,8,7,1,2,2,0,20,1,19
S01009838,Families with dependent children: Youngest aged 5 to 11,41,14,12,12,0,2,2,0,27,0,27
S01009838,Families with dependent children: Youngest aged 12 to 18,22,6,4,3,1,2,1,1,16,4,12
S01009839,All families in households,209,104,50,50,0,54,47,7,105,8,97
S01009839,Families with no dependent children,86,69,30,30,0,39,34,5,17,1,16
S01009839,Families with dependent children: Total,123,35,20,20,0,15,13,2,88,7,81
S01009839,Families with dependent children: Youngest aged 0 to 4,68,22,13,13,0,9,9,0,46,1,45
S01009839,Families with dependent children: Youngest aged 5 to 11,28,5,4,4,0,1,1,0,23,4,19
S01009839,Families with dependent children: Youngest aged 12 to 18,27,8,3,3,0,5,3,2,19,2,17
S01009840,All families in households,263,177,148,142,6,29,23,6,86,13,73
S01009840,Families with no dependent children,179,143,122,118,4,21,18,3,36,10,26
S01009840,Families with dependent children: Total,84,34,26,24,2,8,5,3,50,3,47
S01009840,Families with dependent children: Youngest aged 0 to 4,28,12,8,6,2,4,4,0,16,0,16
S01009840,Families with dependent children: Youngest aged 5 to 11,34,10,7,7,0,3,1,2,24,2,22
S01009840,Families with dependent children: Youngest aged 12 to 18,22,12,11,11,0,1,0,1,10,1,9
S01009841,All families in households,168,98,51,48,3,47,40,7,70,4,66
S01009841,Families with no dependent children,71,56,29,28,1,27,27,0,15,1,14
S01009841,Families with dependent children: Total,97,42,22,20,2,20,13,7,55,3,52
S01009841,Families with dependent children: Youngest aged 0 to 4,42,24,12,10,2,12,9,3,18,0,18
S01009841,Families with dependent children: Youngest aged 5 to 11,24,7,3,3,0,4,2,2,17,0,17
S01009841,Families with dependent children: Youngest aged 12 to 18,31,11,7,7,0,4,2,2,20,3,17
S01009842,All families in households,168,105,71,67,4,34,32,2,63,3,60
S01009842,Families with no dependent children,69,57,37,36,1,20,19,1,12,2,10
S01009842,Families with dependent children: Total,99,48,34,31,3,14,13,1,51,1,50
S01009842,Families with dependent children: Youngest aged 0 to 4,47,23,13,13,0,10,10,0,24,0,24
S01009842,Families with dependent children: Youngest aged 5 to 11,26,10,9,8,1,1,1,0,16,0,16
S01009842,Families with dependent children: Youngest aged 12 to 18,26,15,12,10,2,3,2,1,11,1,10
S01009843,All families in households,148,77,50,47,3,27,21,6,71,11,60
S01009843,Families with no dependent children,69,41,29,28,1,12,12,0,28,9,19
S01009843,Families with dependent children: Total,79,36,21,19,2,15,9,6,43,2,41
S01009843,Families with dependent children: Youngest aged 0 to 4,29,17,11,11,0,6,6,0,12,1,11
S01009843,Families with dependent children: Youngest aged 5 to 11,31,14,7,6,1,7,3,4,17,1,16
S01009843,Families with dependent children: Youngest aged 12 to 18,19,5,3,2,1,2,0,2,14,0,14
S01009844,All families in households,107,54,36,32,4,18,18,0,53,4,49
S01009844,Families with no dependent children,44,30,18,17,1,12,12,0,14,2,12
S01009844,Families with dependent children: Total,63,24,18,15,3,6,6,0,39,2,37
S01009844,Families with dependent children: Youngest aged 0 to 4,27,14,9,9,0,5,5,0,13,0,13
S01009844,Families with dependent children: Youngest aged 5 to 11,22,8,7,5,2,1,1,0,14,2,12
S01009844,Families with dependent children: Youngest aged 12 to 18,14,2,2,1,1,0,0,0,12,0,12
S01009845,All families in households,163,82,52,51,1,30,27,3,81,7,74
S01009845,Families with no dependent children,66,46,24,24,0,22,21,1,20,4,16
S01009845,Families with dependent children: Total,97,36,28,27,1,8,6,2,61,3,58
S01009845,Families with dependent children: Youngest aged 0 to 4,57,23,18,17,1,5,4,1,34,1,33
S01009845,Families with dependent children: Youngest aged 5 to 11,24,12,9,9,0,3,2,1,12,1,11
S01009845,Families with dependent children: Youngest aged 12 to 18,16,1,1,1,0,0,0,0,15,1,14
S01009846,All families in households,227,143,113,109,4,30,29,1,84,3,81
S01009846,Families with no dependent children,123,102,86,84,2,16,16,0,21,1,20
S01009846,Families with dependent children: Total,104,41,27,25,2,14,13,1,63,2,61
S01009846,Families with dependent children: Youngest aged 0 to 4,50,24,15,14,1,9,8,1,26,1,25
S01009846,Families with dependent children: Youngest aged 5 to 11,31,12,8,8,0,4,4,0,19,0,19
S01009846,Families with dependent children: Youngest aged 12 to 18,23,5,4,3,1,1,1,0,18,1,17
S01009847,All families in households,159,79,48,46,2,31,30,1,80,3,77
S01009847,Families with no dependent children,61,48,26,25,1,22,22,0,13,3,10
S01009847,Families with dependent children: Total,98,31,22,21,1,9,8,1,67,0,67
S01009847,Families with dependent children: Youngest aged 0 to 4,48,20,11,11,0,9,8,1,28,0,28
S01009847,Families with dependent children: Youngest aged 5 to 11,33,8,8,7,1,0,0,0,25,0,25
S01009847,Families with dependent children: Youngest aged 12 to 18,17,3,3,3,0,0,0,0,14,0,14
S01009848,All families in households,244,157,127,122,5,30,19,11,87,2,85
S01009848,Families with no dependent children,151,110,97,97,0,13,10,3,41,2,39
S01009848,Families with dependent children: Total,93,47,30,25,5,17,9,8,46,0,46
S01009848,Families with dependent children: Youngest aged 0 to 4,30,22,17,16,1,5,4,1,8,0,8
S01009848,Families with dependent children: Youngest aged 5 to 11,36,14,8,6,2,6,2,4,22,0,22
S01009848,Families with dependent children: Youngest aged 12 to 18,27,11,5,3,2,6,3,3,16,0,16
S01009849,All families in households,185,125,85,84,1,40,36,4,60,5,55
S01009849,Families with no dependent children,123,94,65,64,1,29,26,3,29,4,25
S01009849,Families with dependent children: Total,62,31,20,20,0,11,10,1,31,1,30
S01009849,Families with dependent children: Youngest aged 0 to 4,24,13,8,8,0,5,5,0,11,1,10
S01009849,Families with dependent children: Youngest aged 5 to 11,23,9,5,5,0,4,3,1,14,0,14
S01009849,Families with dependent children: Youngest aged 12 to 18,15,9,7,7,0,2,2,0,6,0,6
S01009850,All families in households,227,166,121,113,8,45,45,0,61,8,53
S01009850,Families with no dependent children,154,123,88,85,3,35,35,0,31,4,27
S01009850,Families with dependent children: Total,73,43,33,28,5,10,10,0,30,4,26
S01009850,Families with dependent children: Youngest aged 0 to 4,25,17,10,10,0,7,7,0,8,3,5
S01009850,Families with dependent children: Youngest aged 5 to 11,29,18,15,10,5,3,3,0,11,1,10
S01009850,Families with dependent children: Youngest aged 12 to 18,19,8,8,8,0,0,0,0,11,0,11
S01009851,All families in households,215,145,116,116,0,29,29,0,70,9,61
S01009851,Families with no dependent children,146,111,90,90,0,21,21,0,35,6,29
S01009851,Families with dependent children: Total,69,34,26,26,0,8,8,0,35,3,32
S01009851,Families with dependent children: Youngest aged 0 to 4,22,12,8,8,0,4,4,0,10,0,10
S01009851,Families with dependent children: Youngest aged 5 to 11,15,9,6,6,0,3,3,0,6,0,6
S01009851,Families with dependent children: Youngest aged 12 to 18,32,13,12,12,0,1,1,0,19,3,16
S01009852,All families in households,157,113,96,91,5,17,14,3,44,3,41
S01009852,Families with no dependent children,91,67,60,57,3,7,7,0,24,3,21
S01009852,Families with dependent children: Total,66,46,36,34,2,10,7,3,20,0,20
S01009852,Families with dependent children: Youngest aged 0 to 4,20,15,11,10,1,4,4,0,5,0,5
S01009852,Families with dependent children: Youngest aged 5 to 11,26,19,14,13,1,5,3,2,7,0,7
S01009852,Families with dependent children: Youngest aged 12 to 18,20,12,11,11,0,1,0,1,8,0,8
S01009853,All families in households,237,162,116,111,5,46,40,6,75,6,69
S01009853,Families with no dependent children,130,102,74,73,1,28,24,4,28,4,24
S01009853,Families with dependent children: Total,107,60,42,38,4,18,16,2,47,2,45
S01009853,Families with dependent children: Youngest aged 0 to 4,46,31,20,19,1,11,11,0,15,0,15
S01009853,Families with dependent children: Youngest aged 5 to 11,32,16,11,9,2,5,3,2,16,1,15
S01009853,Families with dependent children: Youngest aged 12 to 18,29,13,11,10,1,2,2,0,16,1,15
S01009854,All families in households,252,162,124,112,12,38,32,6,90,1,89
S01009854,Families with no dependent children,122,88,64,58,6,24,22,2,34,1,33
S01009854,Families with dependent children: Total,130,74,60,54,6,14,10,4,56,0,56
S01009854,Families with dependent children: Youngest aged 0 to 4,68,44,33,31,2,11,9,2,24,0,24
S01009854,Families with dependent children: Youngest aged 5 to 11,36,20,18,15,3,2,1,1,16,0,16
S01009854,Families with dependent children: Youngest aged 12 to 18,26,10,9,8,1,1,0,1,16,0,16
S01009855,All families in households,156,118,99,95,4,19,17,2,38,8,30
S01009855,Families with no dependent children,99,78,68,66,2,10,10,0,21,8,13
S01009855,Families with dependent children: Total,57,40,31,29,2,9,7,2,17,0,17
S01009855,Families with dependent children: Youngest aged 0 to 4,24,20,13,12,1,7,5,2,4,0,4
S01009855,Families with dependent children: Youngest aged 5 to 11,12,8,6,6,0,2,2,0,4,0,4
S01009855,Families with dependent children: Youngest aged 12 to 18,21,12,12,11,1,0,0,0,9,0,9
S01009856,All families in households,157,103,77,76,1,26,22,4,54,5,49
S01009856,Families with no dependent children,95,68,50,49,1,18,17,1,27,3,24
S01009856,Families with dependent children: Total,62,35,27,27,0,8,5,3,27,2,25
S01009856,Families with dependent children: Youngest aged 0 to 4,23,13,10,10,0,3,1,2,10,1,9
S01009856,Families with dependent children: Youngest aged 5 to 11,17,9,5,5,0,4,3,1,8,0,8
S01009856,Families with dependent children: Youngest aged 12 to 18,22,13,12,12,0,1,1,0,9,1,8
S01009857,All families in households,251,182,146,139,7,36,33,3,69,5,64
S01009857,Families with no dependent children,138,106,90,87,3,16,16,0,32,1,31
S01009857,Families with dependent children: Total,113,76,56,52,4,20,17,3,37,4,33
S01009857,Families with dependent children: Youngest aged 0 to 4,41,35,25,23,2,10,10,0,6,0,6
S01009857,Families with dependent children: Youngest aged 5 to 11,37,20,14,13,1,6,6,0,17,2,15
S01009857,Families with dependent children: Youngest aged 12 to 18,35,21,17,16,1,4,1,3,14,2,12
S01009858,All families in households,218,156,126,122,4,30,26,4,62,10,52
S01009858,Families with no dependent children,129,108,85,84,1,23,22,1,21,3,18
S01009858,Families with dependent children: Total,89,48,41,38,3,7,4,3,41,7,34
S01009858,Families with dependent children: Youngest aged 0 to 4,29,20,18,17,1,2,1,1,9,2,7
S01009858,Families with dependent children: Youngest aged 5 to 11,26,15,13,12,1,2,2,0,11,3,8
S01009858,Families with dependent children: Youngest aged 12 to 18,34,13,10,9,1,3,1,2,21,2,19
S01009859,All families in households,246,143,99,95,4,44,41,3,103,10,93
S01009859,Families with no dependent children,144,103,77,75,2,26,26,0,41,9,32
S01009859,Families with dependent children: Total,102,40,22,20,2,18,15,3,62,1,61
S01009859,Families with dependent children: Youngest aged 0 to 4,41,19,11,9,2,8,6,2,22,0,22
S01009859,Families with dependent children: Youngest aged 5 to 11,29,11,4,4,0,7,6,1,18,0,18
S01009859,Families with dependent children: Youngest aged 12 to 18,32,10,7,7,0,3,3,0,22,1,21
S01009860,All families in households,212,116,86,85,1,30,26,4,96,14,82
S01009860,Families with no dependent children,131,87,67,66,1,20,20,0,44,9,35
S01009860,Families with dependent children: Total,81,29,19,19,0,10,6,4,52,5,47
S01009860,Families with dependent children: Youngest aged 0 to 4,27,11,9,9,0,2,2,0,16,0,16
S01009860,Families with dependent children: Youngest aged 5 to 11,30,6,2,2,0,4,3,1,24,3,21
S01009860,Families with dependent children: Youngest aged 12 to 18,24,12,8,8,0,4,1,3,12,2,10
S01009861,All families in households,245,135,90,87,3,45,40,5,110,13,97
S01009861,Families with no dependent children,119,85,52,52,0,33,32,1,34,9,25
S01009861,Families with dependent children: Total,126,50,38,35,3,12,8,4,76,4,72
S01009861,Families with dependent children: Youngest aged 0 to 4,58,26,21,19,2,5,3,2,32,0,32
S01009861,Families with dependent children: Youngest aged 5 to 11,38,16,13,13,0,3,2,1,22,3,19
S01009861,Families with dependent children: Youngest aged 12 to 18,30,8,4,3,1,4,3,1,22,1,21
S01009862,All families in households,216,137,82,80,2,55,49,6,79,9,70
S01009862,Families with no dependent children,112,89,50,48,2,39,37,2,23,6,17
S01009862,Families with dependent children: Total,104,48,32,32,0,16,12,4,56,3,53
S01009862,Families with dependent children: Youngest aged 0 to 4,46,27,19,19,0,8,7,1,19,1,18
S01009862,Families with dependent children: Youngest aged 5 to 11,34,13,9,9,0,4,4,0,21,1,20
S01009862,Families with dependent children: Youngest aged 12 to 18,24,8,4,4,0,4,1,3,16,1,15
S01009863,All families in households,168,118,88,85,3,30,29,1,50,5,45
S01009863,Families with no dependent children,88,81,59,57,2,22,22,0,7,2,5
S01009863,Families with dependent children: Total,80,37,29,28,1,8,7,1,43,3,40
S01009863,Families with dependent children: Youngest aged 0 to 4,39,25,17,17,0,8,7,1,14,2,12
S01009863,Families with dependent children: Youngest aged 5 to 11,28,9,9,8,1,0,0,0,19,1,18
S01009863,Families with dependent children: Youngest aged 12 to 18,13,3,3,3,0,0,0,0,10,0,10
S01009864,All families in households,126,83,51,50,1,32,30,2,43,7,36
S01009864,Families with no dependent children,81,61,32,31,1,29,28,1,20,6,14
S01009864,Families with dependent children: Total,45,22,19,19,0,3,2,1,23,1,22
S01009864,Families with dependent children: Youngest aged 0 to 4,22,14,12,12,0,2,2,0,8,0,8
S01009864,Families with dependent children: Youngest aged 5 to 11,16,6,5,5,0,1,0,1,10,0,10
S01009864,Families with dependent children: Youngest aged 12 to 18,7,2,2,2,0,0,0,0,5,1,4
S01009865,All families in households,100,74,50,46,4,24,20,4,26,3,23
S01009865,Families with no dependent children,61,48,31,31,0,17,17,0,13,2,11
S01009865,Families with dependent children: Total,39,26,19,15,4,7,3,4,13,1,12
S01009865,Families with dependent children: Youngest aged 0 to 4,15,12,9,6,3,3,3,0,3,1,2
S01009865,Families with dependent children: Youngest aged 5 to 11,10,5,4,3,1,1,0,1,5,0,5
S01009865,Families with dependent children: Youngest aged 12 to 18,14,9,6,6,0,3,0,3,5,0,5
S01009866,All families in households,236,173,124,120,4,49,47,2,63,9,54
S01009866,Families with no dependent children,153,126,84,82,2,42,41,1,27,5,22
S01009866,Families with dependent children: Total,83,47,40,38,2,7,6,1,36,4,32
S01009866,Families with dependent children: Youngest aged 0 to 4,31,23,18,18,0,5,5,0,8,0,8
S01009866,Families with dependent children: Youngest aged 5 to 11,26,11,10,9,1,1,1,0,15,3,12
S01009866,Families with dependent children: Youngest aged 12 to 18,26,13,12,11,1,1,0,1,13,1,12
S01009867,All families in households,223,187,104,101,3,83,81,2,36,3,33
S01009867,Families with no dependent children,172,157,78,77,1,79,78,1,15,2,13
S01009867,Families with dependent children: Total,51,30,26,24,2,4,3,1,21,1,20
S01009867,Families with dependent children: Youngest aged 0 to 4,18,13,13,13,0,0,0,0,5,0,5
S01009867,Families with dependent children: Youngest aged 5 to 11,15,7,4,4,0,3,2,1,8,1,7
S01009867,Families with dependent children: Youngest aged 12 to 18,18,10,9,7,2,1,1,0,8,0,8
S01009868,All families in households,145,125,73,72,1,52,51,1,20,2,18
S01009868,Families with no dependent children,94,88,43,42,1,45,45,0,6,2,4
S01009868,Families with dependent children: Total,51,37,30,30,0,7,6,1,14,0,14
S01009868,Families with dependent children: Youngest aged 0 to 4,34,29,22,22,0,7,6,1,5,0,5
S01009868,Families with dependent children: Youngest aged 5 to 11,8,4,4,4,0,0,0,0,4,0,4
S01009868,Families with dependent children: Youngest aged 12 to 18,9,4,4,4,0,0,0,0,5,0,5
S01009869,All families in households,114,93,54,53,1,39,37,2,21,4,17
S01009869,Families with no dependent children,63,56,27,26,1,29,29,0,7,2,5
S01009869,Families with dependent children: Total,51,37,27,27,0,10,8,2,14,2,12
S01009869,Families with dependent children: Youngest aged 0 to 4,29,24,14,14,0,10,8,2,5,1,4
S01009869,Families with dependent children: Youngest aged 5 to 11,13,7,7,7,0,0,0,0,6,0,6
S01009869,Families with dependent children: Youngest aged 12 to 18,9,6,6,6,0,0,0,0,3,1,2
S01009870,All families in households,132,93,60,58,2,33,29,4,39,6,33
S01009870,Families with no dependent children,70,56,30,30,0,26,25,1,14,2,12
S01009870,Families with dependent children: Total,62,37,30,28,2,7,4,3,25,4,21
S01009870,Families with dependent children: Youngest aged 0 to 4,26,17,14,12,2,3,3,0,9,3,6
S01009870,Families with dependent children: Youngest aged 5 to 11,22,14,11,11,0,3,1,2,8,0,8
S01009870,Families with dependent children: Youngest aged 12 to 18,14,6,5,5,0,1,0,1,8,1,7
S01009871,All families in households,208,160,130,128,2,30,25,5,48,7,41
S01009871,Families with no dependent children,124,105,79,79,0,26,23,3,19,3,16
S01009871,Families with dependent children: Total,84,55,51,49,2,4,2,2,29,4,25
S01009871,Families with dependent children: Youngest aged 0 to 4,37,31,29,29,0,2,0,2,6,0,6
S01009871,Families with dependent children: Youngest aged 5 to 11,28,14,13,12,1,1,1,0,14,3,11
S01009871,Families with dependent children: Youngest aged 12 to 18,19,10,9,8,1,1,1,0,9,1,8
S01009872,All families in households,157,137,98,94,4,39,37,2,20,1,19
S01009872,Families with no dependent children,93,83,50,50,0,33,33,0,10,1,9
S01009872,Families with dependent children: Total,64,54,48,44,4,6,4,2,10,0,10
S01009872,Families with dependent children: Youngest aged 0 to 4,36,31,27,26,1,4,3,1,5,0,5
S01009872,Families with dependent children: Youngest aged 5 to 11,20,19,17,14,3,2,1,1,1,0,1
S01009872,Families with dependent children: Youngest aged 12 to 18,8,4,4,4,0,0,0,0,4,0,4
S01009873,All families in households,221,193,154,146,8,39,38,1,28,3,25
S01009873,Families with no dependent children,138,125,92,89,3,33,33,0,13,3,10
S01009873,Families with dependent children: Total,83,68,62,57,5,6,5,1,15,0,15
S01009873,Families with dependent children: Youngest aged 0 to 4,24,20,19,18,1,1,1,0,4,0,4
S01009873,Families with dependent children: Youngest aged 5 to 11,35,30,26,24,2,4,4,0,5,0,5
S01009873,Families with dependent children: Youngest aged 12 to 18,24,18,17,15,2,1,0,1,6,0,6
S01009874,All families in households,283,204,164,157,7,40,30,10,79,10,69
S01009874,Families with no dependent children,156,135,110,104,6,25,20,5,21,4,17
S01009874,Families with dependent children: Total,127,69,54,53,1,15,10,5,58,6,52
S01009874,Families with dependent children: Youngest aged 0 to 4,56,29,21,21,0,8,7,1,27,2,25
S01009874,Families with dependent children: Youngest aged 5 to 11,45,22,17,17,0,5,2,3,23,4,19
S01009874,Families with dependent children: Youngest aged 12 to 18,26,18,16,15,1,2,1,1,8,0,8
S01009875,All families in households,158,112,88,85,3,24,21,3,46,5,41
S01009875,Families with no dependent children,63,52,31,31,0,21,21,0,11,1,10
S01009875,Families with dependent children: Total,95,60,57,54,3,3,0,3,35,4,31
S01009875,Families with dependent children: Youngest aged 0 to 4,58,41,40,39,1,1,0,1,17,0,17
S01009875,Families with dependent children: Youngest aged 5 to 11,24,13,12,10,2,1,0,1,11,2,9
S01009875,Families with dependent children: Youngest aged 12 to 18,13,6,5,5,0,1,0,1,7,2,5
S01009876,All families in households,174,89,66,62,4,23,17,6,85,4,81
S01009876,Families with no dependent children,55,38,25,23,2,13,13,0,17,2,15
S01009876,Families with dependent children: Total,119,51,41,39,2,10,4,6,68,2,66
S01009876,Families with dependent children: Youngest aged 0 to 4,48,29,24,24,0,5,2,3,19,1,18
S01009876,Families with dependent children: Youngest aged 5 to 11,43,13,10,9,1,3,1,2,30,1,29
S01009876,Families with dependent children: Youngest aged 12 to 18,28,9,7,6,1,2,1,1,19,0,19
S01009877,All families in households,237,213,177,172,5,36,34,2,24,1,23
S01009877,Families with no dependent children,149,139,110,109,1,29,28,1,10,0,10
S01009877,Families with dependent children: Total,88,74,67,63,4,7,6,1,14,1,13
S01009877,Families with dependent children: Youngest aged 0 to 4,40,36,32,30,2,4,4,0,4,1,3
S01009877,Families with dependent children: Youngest aged 5 to 11,23,16,15,14,1,1,0,1,7,0,7
S01009877,Families with dependent children: Youngest aged 12 to 18,25,22,20,19,1,2,2,0,3,0,3
S01009878,All families in households,157,129,107,104,3,22,22,0,28,10,18
S01009878,Families with no dependent children,75,63,50,48,2,13,13,0,12,5,7
S01009878,Families with dependent children: Total,82,66,57,56,1,9,9,0,16,5,11
S01009878,Families with dependent children: Youngest aged 0 to 4,37,35,31,30,1,4,4,0,2,1,1
S01009878,Families with dependent children: Youngest aged 5 to 11,30,23,19,19,0,4,4,0,7,1,6
S01009878,Families with dependent children: Youngest aged 12 to 18,15,8,7,7,0,1,1,0,7,3,4
S01009879,All families in households,260,244,214,208,6,30,29,1,16,4,12
S01009879,Families with no dependent children,155,150,128,128,0,22,22,0,5,2,3
S01009879,Families with dependent children: Total,105,94,86,80,6,8,7,1,11,2,9
S01009879,Families with dependent children: Youngest aged 0 to 4,28,24,20,17,3,4,4,0,4,0,4
S01009879,Families with dependent children: Youngest aged 5 to 11,44,40,37,37,0,3,2,1,4,2,2
S01009879,Families with dependent children: Youngest aged 12 to 18,33,30,29,26,3,1,1,0,3,0,3
S01009880,All families in households,201,174,155,152,3,19,18,1,27,5,22
S01009880,Families with no dependent children,96,88,75,74,1,13,13,0,8,1,7
S01009880,Families with dependent children: Total,105,86,80,78,2,6,5,1,19,4,15
S01009880,Families with dependent children: Youngest aged 0 to 4,54,45,39,38,1,6,5,1,9,3,6
S01009880,Families with dependent children: Youngest aged 5 to 11,25,21,21,21,0,0,0,0,4,0,4
S01009880,Families with dependent children: Youngest aged 12 to 18,26,20,20,19,1,0,0,0,6,1,5
S01009881,All families in households,116,87,73,70,3,14,13,1,29,4,25
S01009881,Families with no dependent children,49,37,26,26,0,11,11,0,12,1,11
S01009881,Families with dependent children: Total,67,50,47,44,3,3,2,1,17,3,14
S01009881,Families with dependent children: Youngest aged 0 to 4,37,29,27,24,3,2,1,1,8,2,6
S01009881,Families with dependent children: Youngest aged 5 to 11,14,10,9,9,0,1,1,0,4,0,4
S01009881,Families with dependent children: Youngest aged 12 to 18,16,11,11,11,0,0,0,0,5,1,4
S01009882,All families in households,253,200,114,108,6,86,84,2,53,10,43
S01009882,Families with no dependent children,154,142,63,62,1,79,79,0,12,3,9
S01009882,Families with dependent children: Total,99,58,51,46,5,7,5,2,41,7,34
S01009882,Families with dependent children: Youngest aged 0 to 4,71,46,40,36,4,6,4,2,25,1,24
S01009882,Families with dependent children: Youngest aged 5 to 11,15,8,8,7,1,0,0,0,7,2,5
S01009882,Families with dependent children: Youngest aged 12 to 18,13,4,3,3,0,1,1,0,9,4,5
S01009883,All families in households,195,164,126,122,4,38,38,0,31,3,28
S01009883,Families with no dependent children,85,76,43,42,1,33,33,0,9,2,7
S01009883,Families with dependent children: Total,110,88,83,80,3,5,5,0,22,1,21
S01009883,Families with dependent children: Youngest aged 0 to 4,69,54,50,50,0,4,4,0,15,1,14
S01009883,Families with dependent children: Youngest aged 5 to 11,26,23,22,21,1,1,1,0,3,0,3
S01009883,Families with dependent children: Youngest aged 12 to 18,15,11,11,9,2,0,0,0,4,0,4
S01009884,All families in households,192,161,120,115,5,41,40,1,31,5,26
S01009884,Families with no dependent children,95,82,48,48,0,34,34,0,13,3,10
S01009884,Families with dependent children: Total,97,79,72,67,5,7,6,1,18,2,16
S01009884,Families with dependent children: Youngest aged 0 to 4,46,43,37,33,4,6,5,1,3,0,3
S01009884,Families with dependent children: Youngest aged 5 to 11,34,26,25,24,1,1,1,0,8,2,6
S01009884,Families with dependent children: Youngest aged 12 to 18,17,10,10,10,0,0,0,0,7,0,7
S01009885,All families in households,211,177,147,141,6,30,27,3,34,7,27
S01009885,Families with no dependent children,87,80,60,58,2,20,20,0,7,2,5
S01009885,Families with dependent children: Total,124,97,87,83,4,10,7,3,27,5,22
S01009885,Families with dependent children: Youngest aged 0 to 4,64,53,45,45,0,8,7,1,11,3,8
S01009885,Families with dependent children: Youngest aged 5 to 11,23,19,17,16,1,2,0,2,4,0,4
S01009885,Families with dependent children: Youngest aged 12 to 18,37,25,25,22,3,0,0,0,12,2,10
S01009886,All families in households,169,139,118,117,1,21,20,1,30,5,25
S01009886,Families with no dependent children,78,66,51,51,0,15,15,0,12,1,11
S01009886,Families with dependent children: Total,91,73,67,66,1,6,5,1,18,4,14
S01009886,Families with dependent children: Youngest aged 0 to 4,41,39,35,35,0,4,4,0,2,1,1
S01009886,Families with dependent children: Youngest aged 5 to 11,28,17,16,15,1,1,1,0,11,1,10
S01009886,Families with dependent children: Youngest aged 12 to 18,22,17,16,16,0,1,0,1,5,2,3
S01009887,All families in households,178,132,101,98,3,31,31,0,46,9,37
S01009887,Families with no dependent children,79,63,38,37,1,25,25,0,16,5,11
S01009887,Families with dependent children: Total,99,69,63,61,2,6,6,0,30,4,26
S01009887,Families with dependent children: Youngest aged 0 to 4,55,42,40,40,0,2,2,0,13,3,10
S01009887,Families with dependent children: Youngest aged 5 to 11,25,18,17,17,0,1,1,0,7,1,6
S01009887,Families with dependent children: Youngest aged 12 to 18,19,9,6,4,2,3,3,0,10,0,10
S01009888,All families in households,154,119,98,89,9,21,18,3,35,5,30
S01009888,Families with no dependent children,57,47,33,33,0,14,13,1,10,2,8
S01009888,Families with dependent children: Total,97,72,65,56,9,7,5,2,25,3,22
S01009888,Families with dependent children: Youngest aged 0 to 4,49,45,41,37,4,4,3,1,4,0,4
S01009888,Families with dependent children: Youngest aged 5 to 11,28,19,18,14,4,1,1,0,9,2,7
S01009888,Families with dependent children: Youngest aged 12 to 18,20,8,6,5,1,2,1,1,12,1,11
S01009889,All families in households,181,127,92,90,2,35,34,1,54,12,42
S01009889,Families with no dependent children,88,69,42,42,0,27,27,0,19,8,11
S01009889,Families with dependent children: Total,93,58,50,48,2,8,7,1,35,4,31
S01009889,Families with dependent children: Youngest aged 0 to 4,38,27,22,21,1,5,5,0,11,0,11
S01009889,Families with dependent children: Youngest aged 5 to 11,34,17,14,13,1,3,2,1,17,4,13
S01009889,Families with dependent children: Youngest aged 12 to 18,21,14,14,14,0,0,0,0,7,0,7
S01009890,All families in households,127,88,58,58,0,30,27,3,39,5,34
S01009890,Families with no dependent children,56,48,28,28,0,20,20,0,8,0,8
S01009890,Families with dependent children: Total,71,40,30,30,0,10,7,3,31,5,26
S01009890,Families with dependent children: Youngest aged 0 to 4,38,27,22,22,0,5,5,0,11,0,11
S01009890,Families with dependent children: Youngest aged 5 to 11,18,9,5,5,0,4,2,2,9,2,7
S01009890,Families with dependent children: Youngest aged 12 to 18,15,4,3,3,0,1,0,1,11,3,8
S01009891,All families in households,155,125,94,93,1,31,30,1,30,9,21
S01009891,Families with no dependent children,99,86,58,57,1,28,27,1,13,5,8
S01009891,Families with dependent children: Total,56,39,36,36,0,3,3,0,17,4,13
S01009891,Families with dependent children: Youngest aged 0 to 4,35,28,25,25,0,3,3,0,7,1,6
S01009891,Families with dependent children: Youngest aged 5 to 11,13,7,7,7,0,0,0,0,6,1,5
S01009891,Families with dependent children: Youngest aged 12 to 18,8,4,4,4,0,0,0,0,4,2,2
S01009892,All families in households,184,133,91,89,2,42,37,5,51,7,44
S01009892,Families with no dependent children,119,98,65,64,1,33,32,1,21,3,18
S01009892,Families with dependent children: Total,65,35,26,25,1,9,5,4,30,4,26
S01009892,Families with dependent children: Youngest aged 0 to 4,29,23,17,17,0,6,3,3,6,1,5
S01009892,Families with dependent children: Youngest aged 5 to 11,15,7,5,5,0,2,2,0,8,0,8
S01009892,Families with dependent children: Youngest aged 12 to 18,21,5,4,3,1,1,0,1,16,3,13
S01009893,All families in households,165,134,87,81,6,47,44,3,31,7,24
S01009893,Families with no dependent children,77,66,33,31,2,33,33,0,11,4,7
S01009893,Families with dependent children: Total,88,68,54,50,4,14,11,3,20,3,17
S01009893,Families with dependent children: Youngest aged 0 to 4,52,44,32,28,4,12,9,3,8,0,8
S01009893,Families with dependent children: Youngest aged 5 to 11,24,14,13,13,0,1,1,0,10,3,7
S01009893,Families with dependent children: Youngest aged 12 to 18,12,10,9,9,0,1,1,0,2,0,2
S01009894,All families in households,201,121,94,90,4,27,25,2,80,5,75
S01009894,Families with no dependent children,109,83,63,63,0,20,19,1,26,3,23
S01009894,Families with dependent children: Total,92,38,31,27,4,7,6,1,54,2,52
S01009894,Families with dependent children: Youngest aged 0 to 4,43,30,24,20,4,6,6,0,13,0,13
S01009894,Families with dependent children: Youngest aged 5 to 11,27,4,4,4,0,0,0,0,23,0,23
S01009894,Families with dependent children: Youngest aged 12 to 18,22,4,3,3,0,1,0,1,18,2,16
S01009895,All families in households,147,107,78,76,2,29,27,2,40,3,37
S01009895,Families with no dependent children,81,63,40,40,0,23,22,1,18,3,15
S01009895,Families with dependent children: Total,66,44,38,36,2,6,5,1,22,0,22
S01009895,Families with dependent children: Youngest aged 0 to 4,27,21,16,14,2,5,4,1,6,0,6
S01009895,Families with dependent children: Youngest aged 5 to 11,21,14,13,13,0,1,1,0,7,0,7
S01009895,Families with dependent children: Youngest aged 12 to 18,18,9,9,9,0,0,0,0,9,0,9
S01009896,All families in households,225,136,102,99,3,34,29,5,89,13,76
S01009896,Families with no dependent children,111,75,55,54,1,20,20,0,36,8,28
S01009896,Families with dependent children: Total,114,61,47,45,2,14,9,5,53,5,48
S01009896,Families with dependent children: Youngest aged 0 to 4,49,31,24,24,0,7,5,2,18,1,17
S01009896,Families with dependent children: Youngest aged 5 to 11,30,14,10,9,1,4,4,0,16,2,14
S01009896,Families with dependent children: Youngest aged 12 to 18,35,16,13,12,1,3,0,3,19,2,17
S01009897,All families in households,237,191,138,135,3,53,52,1,46,5,41
S01009897,Families with no dependent children,158,136,93,92,1,43,43,0,22,5,17
S01009897,Families with dependent children: Total,79,55,45,43,2,10,9,1,24,0,24
S01009897,Families with dependent children: Youngest aged 0 to 4,33,22,19,19,0,3,3,0,11,0,11
S01009897,Families with dependent children: Youngest aged 5 to 11,30,19,14,13,1,5,4,1,11,0,11
S01009897,Families with dependent children: Youngest aged 12 to 18,16,14,12,11,1,2,2,0,2,0,2
S01009898,All families in households,158,94,82,77,5,12,10,2,64,11,53
S01009898,Families with no dependent children,77,51,44,43,1,7,7,0,26,6,20
S01009898,Families with dependent children: Total,81,43,38,34,4,5,3,2,38,5,33
S01009898,Families with dependent children: Youngest aged 0 to 4,35,26,24,22,2,2,1,1,9,1,8
S01009898,Families with dependent children: Youngest aged 5 to 11,21,9,7,6,1,2,2,0,12,0,12
S01009898,Families with dependent children: Youngest aged 12 to 18,25,8,7,6,1,1,0,1,17,4,13
S01009899,All families in households,191,154,91,89,2,63,62,1,37,6,31
S01009899,Families with no dependent children,126,111,62,61,1,49,49,0,15,6,9
S01009899,Families with dependent children: Total,65,43,29,28,1,14,13,1,22,0,22
S01009899,Families with dependent children: Youngest aged 0 to 4,36,28,17,16,1,11,11,0,8,0,8
S01009899,Families with dependent children: Youngest aged 5 to 11,17,10,8,8,0,2,1,1,7,0,7
S01009899,Families with dependent children: Youngest aged 12 to 18,12,5,4,4,0,1,1,0,7,0,7
S01009900,All families in households,207,166,83,81,2,83,81,2,41,7,34
S01009900,Families with no dependent children,142,128,61,60,1,67,67,0,14,4,10
S01009900,Families with dependent children: Total,65,38,22,21,1,16,14,2,27,3,24
S01009900,Families with dependent children: Youngest aged 0 to 4,35,28,18,17,1,10,8,2,7,0,7
S01009900,Families with dependent children: Youngest aged 5 to 11,18,7,1,1,0,6,6,0,11,1,10
S01009900,Families with dependent children: Youngest aged 12 to 18,12,3,3,3,0,0,0,0,9,2,7
S01009901,All families in households,239,202,95,94,1,107,106,1,37,3,34
S01009901,Families with no dependent children,156,148,59,59,0,89,88,1,8,2,6
S01009901,Families with dependent children: Total,83,54,36,35,1,18,18,0,29,1,28
S01009901,Families with dependent children: Youngest aged 0 to 4,41,33,22,21,1,11,11,0,8,0,8
S01009901,Families with dependent children: Youngest aged 5 to 11,22,15,9,9,0,6,6,0,7,1,6
S01009901,Families with dependent children: Youngest aged 12 to 18,20,6,5,5,0,1,1,0,14,0,14
S01009902,All families in households,212,154,123,119,4,31,31,0,58,12,46
S01009902,Families with no dependent children,138,104,82,79,3,22,22,0,34,9,25
S01009902,Families with dependent children: Total,74,50,41,40,1,9,9,0,24,3,21
S01009902,Families with dependent children: Youngest aged 0 to 4,36,30,24,24,0,6,6,0,6,0,6
S01009902,Families with dependent children: Youngest aged 5 to 11,15,7,5,5,0,2,2,0,8,1,7
S01009902,Families with dependent children: Youngest aged 12 to 18,23,13,12,11,1,1,1,0,10,2,8
S01009903,All families in households,197,165,123,119,4,42,39,3,32,11,21
S01009903,Families with no dependent children,102,87,58,56,2,29,28,1,15,9,6
S01009903,Families with dependent children: Total,95,78,65,63,2,13,11,2,17,2,15
S01009903,Families with dependent children: Youngest aged 0 to 4,47,40,33,33,0,7,7,0,7,1,6
S01009903,Families with dependent children: Youngest aged 5 to 11,29,22,18,17,1,4,3,1,7,0,7
S01009903,Families with dependent children: Youngest aged 12 to 18,19,16,14,13,1,2,1,1,3,1,2
S01009904,All families in households,180,158,90,88,2,68,66,2,22,1,21
S01009904,Families with no dependent children,123,121,61,60,1,60,60,0,2,0,2
S01009904,Families with dependent children: Total,57,37,29,28,1,8,6,2,20,1,19
S01009904,Families with dependent children: Youngest aged 0 to 4,23,20,18,17,1,2,2,0,3,0,3
S01009904,Families with dependent children: Youngest aged 5 to 11,25,11,7,7,0,4,2,2,14,0,14
S01009904,Families with dependent children: Youngest aged 12 to 18,9,6,4,4,0,2,2,0,3,1,2
S01009905,All families in households,151,127,79,77,2,48,47,1,24,1,23
S01009905,Families with no dependent children,76,71,35,35,0,36,35,1,5,1,4
S01009905,Families with dependent children: Total,75,56,44,42,2,12,12,0,19,0,19
S01009905,Families with dependent children: Youngest aged 0 to 4,48,41,32,31,1,9,9,0,7,0,7
S01009905,Families with dependent children: Youngest aged 5 to 11,16,10,7,7,0,3,3,0,6,0,6
S01009905,Families with dependent children: Youngest aged 12 to 18,11,5,5,4,1,0,0,0,6,0,6
S01009906,All families in households,154,126,76,76,0,50,46,4,28,7,21
S01009906,Families with no dependent children,93,84,43,43,0,41,39,2,9,4,5
S01009906,Families with dependent children: Total,61,42,33,33,0,9,7,2,19,3,16
S01009906,Families with dependent children: Youngest aged 0 to 4,37,30,23,23,0,7,6,1,7,2,5
S01009906,Families with dependent children: Youngest aged 5 to 11,16,11,9,9,0,2,1,1,5,1,4
S01009906,Families with dependent children: Youngest aged 12 to 18,8,1,1,1,0,0,0,0,7,0,7
S01009907,All families in households,115,87,42,42,0,45,45,0,28,3,25
S01009907,Families with no dependent children,78,70,30,30,0,40,40,0,8,3,5
S01009907,Families with dependent children: Total,37,17,12,12,0,5,5,0,20,0,20
S01009907,Families with dependent children: Youngest aged 0 to 4,15,13,9,9,0,4,4,0,2,0,2
S01009907,Families with dependent children: Youngest aged 5 to 11,11,3,2,2,0,1,1,0,8,0,8
S01009907,Families with dependent children: Youngest aged 12 to 18,11,1,1,1,0,0,0,0,10,0,10
S01009908,All families in households,270,238,142,140,2,96,90,6,32,6,26
S01009908,Families with no dependent children,163,152,78,77,1,74,72,2,11,3,8
S01009908,Families with dependent children: Total,107,86,64,63,1,22,18,4,21,3,18
S01009908,Families with dependent children: Youngest aged 0 to 4,51,47,35,34,1,12,11,1,4,1,3
S01009908,Families with dependent children: Youngest aged 5 to 11,32,23,16,16,0,7,6,1,9,1,8
S01009908,Families with dependent children: Youngest aged 12 to 18,24,16,13,13,0,3,1,2,8,1,7
S01009909,All families in households,186,162,90,87,3,72,70,2,24,5,19
S01009909,Families with no dependent children,133,121,58,56,2,63,61,2,12,4,8
S01009909,Families with dependent children: Total,53,41,32,31,1,9,9,0,12,1,11
S01009909,Families with dependent children: Youngest aged 0 to 4,37,35,27,26,1,8,8,0,2,0,2
S01009909,Families with dependent children: Youngest aged 5 to 11,10,1,1,1,0,0,0,0,9,1,8
S01009909,Families with dependent children: Youngest aged 12 to 18,6,5,4,4,0,1,1,0,1,0,1
S01009910,All families in households,120,104,49,46,3,55,51,4,16,3,13
S01009910,Families with no dependent children,74,70,24,24,0,46,44,2,4,1,3
S01009910,Families with dependent children: Total,46,34,25,22,3,9,7,2,12,2,10
S01009910,Families with dependent children: Youngest aged 0 to 4,28,23,17,16,1,6,5,1,5,0,5
S01009910,Families with dependent children: Youngest aged 5 to 11,12,8,5,4,1,3,2,1,4,0,4
S01009910,Families with dependent children: Youngest aged 12 to 18,6,3,3,2,1,0,0,0,3,2,1
S01009911,All families in households,264,229,175,170,5,54,53,1,35,5,30
S01009911,Families with no dependent children,151,135,97,95,2,38,38,0,16,1,15
S01009911,Families with dependent children: Total,113,94,78,75,3,16,15,1,19,4,15
S01009911,Families with dependent children: Youngest aged 0 to 4,59,49,38,37,1,11,11,0,10,1,9
S01009911,Families with dependent children: Youngest aged 5 to 11,31,29,25,23,2,4,3,1,2,2,0
S01009911,Families with dependent children: Youngest aged 12 to 18,23,16,15,15,0,1,1,0,7,1,6
S01009912,All families in households,229,211,182,176,6,29,26,3,18,0,18
S01009912,Families with no dependent children,128,124,100,100,0,24,24,0,4,0,4
S01009912,Families with dependent children: Total,101,87,82,76,6,5,2,3,14,0,14
S01009912,Families with dependent children: Youngest aged 0 to 4,35,32,31,30,1,1,1,0,3,0,3
S01009912,Families with dependent children: Youngest aged 5 to 11,36,32,31,28,3,1,0,1,4,0,4
S01009912,Families with dependent children: Youngest aged 12 to 18,30,23,20,18,2,3,1,2,7,0,7
S01009913,All families in households,198,181,165,161,4,16,14,2,17,1,16
S01009913,Families with no dependent children,112,107,97,96,1,10,10,0,5,0,5
S01009913,Families with dependent children: Total,86,74,68,65,3,6,4,2,12,1,11
S01009913,Families with dependent children: Youngest aged 0 to 4,28,25,22,20,2,3,3,0,3,1,2
S01009913,Families with dependent children: Youngest aged 5 to 11,25,20,18,18,0,2,0,2,5,0,5
S01009913,Families with dependent children: Youngest aged 12 to 18,33,29,28,27,1,1,1,0,4,0,4
S01009914,All families in households,282,244,213,205,8,31,28,3,38,10,28
S01009914,Families with no dependent children,181,157,132,129,3,25,24,1,24,9,15
S01009914,Families with dependent children: Total,101,87,81,76,5,6,4,2,14,1,13
S01009914,Families with dependent children: Youngest aged 0 to 4,40,34,31,30,1,3,3,0,6,1,5
S01009914,Families with dependent children: Youngest aged 5 to 11,26,25,23,23,0,2,1,1,1,0,1
S01009914,Families with dependent children: Youngest aged 12 to 18,35,28,27,23,4,1,0,1,7,0,7
S01009915,All families in households,233,207,173,167,6,34,33,1,26,5,21
S01009915,Families with no dependent children,153,139,114,111,3,25,25,0,14,3,11
S01009915,Families with dependent children: Total,80,68,59,56,3,9,8,1,12,2,10
S01009915,Families with dependent children: Youngest aged 0 to 4,28,27,21,21,0,6,6,0,1,0,1
S01009915,Families with dependent children: Youngest aged 5 to 11,25,16,14,13,1,2,1,1,9,2,7
S01009915,Families with dependent children: Youngest aged 12 to 18,27,25,24,22,2,1,1,0,2,0,2
S01009916,All families in households,267,234,212,210,2,22,18,4,33,6,27
S01009916,Families with no dependent children,141,129,116,115,1,13,13,0,12,1,11
S01009916,Families with dependent children: Total,126,105,96,95,1,9,5,4,21,5,16
S01009916,Families with dependent children: Youngest aged 0 to 4,51,44,39,38,1,5,5,0,7,2,5
S01009916,Families with dependent children: Youngest aged 5 to 11,32,29,28,28,0,1,0,1,3,0,3
S01009916,Families with dependent children: Youngest aged 12 to 18,43,32,29,29,0,3,0,3,11,3,8
S01009917,All families in households,193,175,133,132,1,42,39,3,18,2,16
S01009917,Families with no dependent children,116,105,73,73,0,32,32,0,11,2,9
S01009917,Families with dependent children: Total,77,70,60,59,1,10,7,3,7,0,7
S01009917,Families with dependent children: Youngest aged 0 to 4,40,38,33,33,0,5,4,1,2,0,2
S01009917,Families with dependent children: Youngest aged 5 to 11,22,21,17,16,1,4,3,1,1,0,1
S01009917,Families with dependent children: Youngest aged 12 to 18,15,11,10,10,0,1,0,1,4,0,4
S01009918,All families in households,216,191,162,159,3,29,28,1,25,3,22
S01009918,Families with no dependent children,139,126,108,107,1,18,18,0,13,3,10
S01009918,Families with dependent children: Total,77,65,54,52,2,11,10,1,12,0,12
S01009918,Families with dependent children: Youngest aged 0 to 4,22,20,15,15,0,5,5,0,2,0,2
S01009918,Families with dependent children: Youngest aged 5 to 11,31,27,24,23,1,3,2,1,4,0,4
S01009918,Families with dependent children: Youngest aged 12 to 18,24,18,15,14,1,3,3,0,6,0,6
S01009919,All families in households,278,195,130,124,6,65,63,2,83,7,76
S01009919,Families with no dependent children,178,137,80,79,1,57,57,0,41,7,34
S01009919,Families with dependent children: Total,100,58,50,45,5,8,6,2,42,0,42
S01009919,Families with dependent children: Youngest aged 0 to 4,49,36,31,28,3,5,5,0,13,0,13
S01009919,Families with dependent children: Youngest aged 5 to 11,27,12,11,11,0,1,0,1,15,0,15
S01009919,Families with dependent children: Youngest aged 12 to 18,24,10,8,6,2,2,1,1,14,0,14
S01009920,All families in households,213,181,74,74,0,107,106,1,32,3,29
S01009920,Families with no dependent children,175,160,59,59,0,101,100,1,15,2,13
S01009920,Families with dependent children: Total,38,21,15,15,0,6,6,0,17,1,16
S01009920,Families with dependent children: Youngest aged 0 to 4,25,17,11,11,0,6,6,0,8,0,8
S01009920,Families with dependent children: Youngest aged 5 to 11,8,3,3,3,0,0,0,0,5,0,5
S01009920,Families with dependent children: Youngest aged 12 to 18,5,1,1,1,0,0,0,0,4,1,3
S01009921,All families in households,151,136,53,51,2,83,81,2,15,3,12
S01009921,Families with no dependent children,126,119,43,41,2,76,76,0,7,2,5
S01009921,Families with dependent children: Total,25,17,10,10,0,7,5,2,8,1,7
S01009921,Families with dependent children: Youngest aged 0 to 4,15,10,6,6,0,4,4,0,5,1,4
S01009921,Families with dependent children: Youngest aged 5 to 11,5,3,2,2,0,1,0,1,2,0,2
S01009921,Families with dependent children: Youngest aged 12 to 18,5,4,2,2,0,2,1,1,1,0,1
S01009922,All families in households,233,194,107,105,2,87,86,1,39,5,34
S01009922,Families with no dependent children,172,150,74,73,1,76,76,0,22,5,17
S01009922,Families with dependent children: Total,61,44,33,32,1,11,10,1,17,0,17
S01009922,Families with dependent children: Youngest aged 0 to 4,32,30,21,21,0,9,9,0,2,0,2
S01009922,Families with dependent children: Youngest aged 5 to 11,13,9,7,6,1,2,1,1,4,0,4
S01009922,Families with dependent children: Youngest aged 12 to 18,16,5,5,5,0,0,0,0,11,0,11
S01009923,All families in households,173,142,81,80,1,61,58,3,31,1,30
S01009923,Families with no dependent children,131,121,65,64,1,56,54,2,10,1,9
S01009923,Families with dependent children: Total,42,21,16,16,0,5,4,1,21,0,21
S01009923,Families with dependent children: Youngest aged 0 to 4,18,12,8,8,0,4,4,0,6,0,6
S01009923,Families with dependent children: Youngest aged 5 to 11,13,7,7,7,0,0,0,0,6,0,6
S01009923,Families with dependent children: Youngest aged 12 to 18,11,2,1,1,0,1,0,1,9,0,9
S01009924,All families in households,233,175,98,95,3,77,77,0,58,6,52
S01009924,Families with no dependent children,159,135,65,63,2,70,70,0,24,5,19
S01009924,Families with dependent children: Total,74,40,33,32,1,7,7,0,34,1,33
S01009924,Families with dependent children: Youngest aged 0 to 4,36,22,16,16,0,6,6,0,14,0,14
S01009924,Families with dependent children: Youngest aged 5 to 11,21,7,6,5,1,1,1,0,14,1,13
S01009924,Families with dependent children: Youngest aged 12 to 18,17,11,11,11,0,0,0,0,6,0,6
S01009925,All families in households,156,135,58,55,3,77,74,3,21,1,20
S01009925,Families with no dependent children,118,112,41,41,0,71,69,2,6,1,5
S01009925,Families with dependent children: Total,38,23,17,14,3,6,5,1,15,0,15
S01009925,Families with dependent children: Youngest aged 0 to 4,22,19,14,13,1,5,5,0,3,0,3
S01009925,Families with dependent children: Youngest aged 5 to 11,13,4,3,1,2,1,0,1,9,0,9
S01009925,Families with dependent children: Youngest aged 12 to 18,3,0,0,0,0,0,0,0,3,0,3
S01009926,All families in households,191,157,91,89,2,66,65,1,34,2,32
S01009926,Families with no dependent children,127,110,57,55,2,53,53,0,17,1,16
S01009926,Families with dependent children: Total,64,47,34,34,0,13,12,1,17,1,16
S01009926,Families with dependent children: Youngest aged 0 to 4,31,25,17,17,0,8,8,0,6,1,5
S01009926,Families with dependent children: Youngest aged 5 to 11,18,13,9,9,0,4,3,1,5,0,5
S01009926,Families with dependent children: Youngest aged 12 to 18,15,9,8,8,0,1,1,0,6,0,6
S01009927,All families in households,130,105,67,64,3,38,37,1,25,2,23
S01009927,Families with no dependent children,80,70,39,37,2,31,31,0,10,1,9
S01009927,Families with dependent children: Total,50,35,28,27,1,7,6,1,15,1,14
S01009927,Families with dependent children: Youngest aged 0 to 4,27,24,18,18,0,6,5,1,3,0,3
S01009927,Families with dependent children: Youngest aged 5 to 11,13,7,6,5,1,1,1,0,6,0,6
S01009927,Families with dependent children: Youngest aged 12 to 18,10,4,4,4,0,0,0,0,6,1,5
S01009928,All families in households,214,195,129,122,7,66,63,3,19,2,17
S01009928,Families with no dependent children,143,136,83,82,1,53,51,2,7,2,5
S01009928,Families with dependent children: Total,71,59,46,40,6,13,12,1,12,0,12
S01009928,Families with dependent children: Youngest aged 0 to 4,41,35,27,26,1,8,8,0,6,0,6
S01009928,Families with dependent children: Youngest aged 5 to 11,17,15,11,9,2,4,4,0,2,0,2
S01009928,Families with dependent children: Youngest aged 12 to 18,13,9,8,5,3,1,0,1,4,0,4
S01009929,All families in households,146,130,103,101,2,27,26,1,16,2,14
S01009929,Families with no dependent children,95,84,62,62,0,22,22,0,11,2,9
S01009929,Families with dependent children: Total,51,46,41,39,2,5,4,1,5,0,5
S01009929,Families with dependent children: Youngest aged 0 to 4,29,28,25,25,0,3,3,0,1,0,1
S01009929,Families with dependent children: Youngest aged 5 to 11,11,10,10,8,2,0,0,0,1,0,1
S01009929,Families with dependent children: Youngest aged 12 to 18,11,8,6,6,0,2,1,1,3,0,3
S01009930,All families in households,232,197,94,92,2,103,99,4,35,11,24
S01009930,Families with no dependent children,166,145,58,57,1,87,85,2,21,8,13
S01009930,Families with dependent children: Total,66,52,36,35,1,16,14,2,14,3,11
S01009930,Families with dependent children: Youngest aged 0 to 4,36,33,22,21,1,11,11,0,3,0,3
S01009930,Families with dependent children: Youngest aged 5 to 11,14,10,7,7,0,3,2,1,4,2,2
S01009930,Families with dependent children: Youngest aged 12 to 18,16,9,7,7,0,2,1,1,7,1,6
S01009931,All families in households,199,175,76,74,2,99,97,2,24,4,20
S01009931,Families with no dependent children,156,147,57,57,0,90,89,1,9,2,7
S01009931,Families with dependent children: Total,43,28,19,17,2,9,8,1,15,2,13
S01009931,Families with dependent children: Youngest aged 0 to 4,25,19,13,11,2,6,6,0,6,0,6
S01009931,Families with dependent children: Youngest aged 5 to 11,5,3,2,2,0,1,1,0,2,0,2
S01009931,Families with dependent children: Youngest aged 12 to 18,13,6,4,4,0,2,1,1,7,2,5
S01009932,All families in households,163,142,65,65,0,77,76,1,21,0,21
S01009932,Families with no dependent children,128,119,50,50,0,69,69,0,9,0,9
S01009932,Families with dependent children: Total,35,23,15,15,0,8,7,1,12,0,12
S01009932,Families with dependent children: Youngest aged 0 to 4,19,14,8,8,0,6,5,1,5,0,5
S01009932,Families with dependent children: Youngest aged 5 to 11,10,7,6,6,0,1,1,0,3,0,3
S01009932,Families with dependent children: Youngest aged 12 to 18,6,2,1,1,0,1,1,0,4,0,4
S01009933,All families in households,202,124,88,84,4,36,34,2,78,11,67
S01009933,Families with no dependent children,105,80,50,50,0,30,29,1,25,7,18
S01009933,Families with dependent children: Total,97,44,38,34,4,6,5,1,53,4,49
S01009933,Families with dependent children: Youngest aged 0 to 4,50,26,23,20,3,3,3,0,24,0,24
S01009933,Families with dependent children: Youngest aged 5 to 11,36,14,11,11,0,3,2,1,22,0,22
S01009933,Families with dependent children: Youngest aged 12 to 18,11,4,4,3,1,0,0,0,7,4,3
S01009934,All families in households,249,210,147,142,5,63,60,3,39,5,34
S01009934,Families with no dependent children,140,125,73,71,2,52,50,2,15,2,13
S01009934,Families with dependent children: Total,109,85,74,71,3,11,10,1,24,3,21
S01009934,Families with dependent children: Youngest aged 0 to 4,56,50,41,39,2,9,9,0,6,0,6
S01009934,Families with dependent children: Youngest aged 5 to 11,29,18,17,17,0,1,0,1,11,2,9
S01009934,Families with dependent children: Youngest aged 12 to 18,24,17,16,15,1,1,1,0,7,1,6
S01009935,All families in households,105,67,47,43,4,20,18,2,38,4,34
S01009935,Families with no dependent children,72,56,41,37,4,15,15,0,16,4,12
S01009935,Families with dependent children: Total,33,11,6,6,0,5,3,2,22,0,22
S01009935,Families with dependent children: Youngest aged 0 to 4,10,7,3,3,0,4,3,1,3,0,3
S01009935,Families with dependent children: Youngest aged 5 to 11,9,1,1,1,0,0,0,0,8,0,8
S01009935,Families with dependent children: Youngest aged 12 to 18,14,3,2,2,0,1,0,1,11,0,11
S01009936,All families in households,133,98,60,58,2,38,37,1,35,6,29
S01009936,Families with no dependent children,82,66,34,34,0,32,32,0,16,2,14
S01009936,Families with dependent children: Total,51,32,26,24,2,6,5,1,19,4,15
S01009936,Families with dependent children: Youngest aged 0 to 4,21,16,13,11,2,3,3,0,5,2,3
S01009936,Families with dependent children: Youngest aged 5 to 11,13,10,8,8,0,2,2,0,3,0,3
S01009936,Families with dependent children: Youngest aged 12 to 18,17,6,5,5,0,1,0,1,11,2,9
S01009937,All families in households,118,56,49,47,2,7,6,1,62,6,56
S01009937,Families with no dependent children,41,28,25,25,0,3,3,0,13,4,9
S01009937,Families with dependent children: Total,77,28,24,22,2,4,3,1,49,2,47
S01009937,Families with dependent children: Youngest aged 0 to 4,33,12,8,8,0,4,3,1,21,2,19
S01009937,Families with dependent children: Youngest aged 5 to 11,30,13,13,12,1,0,0,0,17,0,17
S01009937,Families with dependent children: Youngest aged 12 to 18,14,3,3,2,1,0,0,0,11,0,11
S01009938,All families in households,219,144,107,102,5,37,35,2,75,11,64
S01009938,Families with no dependent children,136,111,84,82,2,27,26,1,25,5,20
S01009938,Families with dependent children: Total,83,33,23,20,3,10,9,1,50,6,44
S01009938,Families with dependent children: Youngest aged 0 to 4,33,14,9,8,1,5,5,0,19,0,19
S01009938,Families with dependent children: Youngest aged 5 to 11,31,16,13,11,2,3,2,1,15,1,14
S01009938,Families with dependent children: Youngest aged 12 to 18,19,3,1,1,0,2,2,0,16,5,11
S01009939,All families in households,199,87,46,41,5,41,39,2,112,19,93
S01009939,Families with no dependent children,64,45,20,19,1,25,25,0,19,9,10
S01009939,Families with dependent children: Total,135,42,26,22,4,16,14,2,93,10,83
S01009939,Families with dependent children: Youngest aged 0 to 4,69,32,20,17,3,12,12,0,37,1,36
S01009939,Families with dependent children: Youngest aged 5 to 11,40,8,5,4,1,3,1,2,32,4,28
S01009939,Families with dependent children: Youngest aged 12 to 18,26,2,1,1,0,1,1,0,24,5,19
S01009940,All families in households,230,116,86,81,5,30,29,1,114,22,92
S01009940,Families with no dependent children,117,85,68,66,2,17,17,0,32,11,21
S01009940,Families with dependent children: Total,113,31,18,15,3,13,12,1,82,11,71
S01009940,Families with dependent children: Youngest aged 0 to 4,48,12,6,4,2,6,6,0,36,2,34
S01009940,Families with dependent children: Youngest aged 5 to 11,37,8,6,6,0,2,2,0,29,6,23
S01009940,Families with dependent children: Youngest aged 12 to 18,28,11,6,5,1,5,4,1,17,3,14
S01009941,All families in households,277,238,217,206,11,21,19,2,39,3,36
S01009941,Families with no dependent children,112,104,89,85,4,15,15,0,8,1,7
S01009941,Families with dependent children: Total,165,134,128,121,7,6,4,2,31,2,29
S01009941,Families with dependent children: Youngest aged 0 to 4,56,49,46,44,2,3,2,1,7,0,7
S01009941,Families with dependent children: Youngest aged 5 to 11,63,49,47,44,3,2,2,0,14,1,13
S01009941,Families with dependent children: Youngest aged 12 to 18,46,36,35,33,2,1,0,1,10,1,9
S01009942,All families in households,268,155,116,107,9,39,34,5,113,11,102
S01009942,Families with no dependent children,132,93,74,72,2,19,18,1,39,4,35
S01009942,Families with dependent children: Total,136,62,42,35,7,20,16,4,74,7,67
S01009942,Families with dependent children: Youngest aged 0 to 4,41,16,9,8,1,7,5,2,25,2,23
S01009942,Families with dependent children: Youngest aged 5 to 11,49,28,20,14,6,8,7,1,21,1,20
S01009942,Families with dependent children: Youngest aged 12 to 18,46,18,13,13,0,5,4,1,28,4,24
S01009943,All families in households,240,129,99,92,7,30,26,4,111,15,96
S01009943,Families with no dependent children,114,83,72,69,3,11,11,0,31,7,24
S01009943,Families with dependent children: Total,126,46,27,23,4,19,15,4,80,8,72
S01009943,Families with dependent children: Youngest aged 0 to 4,43,19,8,6,2,11,11,0,24,4,20
S01009943,Families with dependent children: Youngest aged 5 to 11,56,17,13,13,0,4,1,3,39,1,38
S01009943,Families with dependent children: Youngest aged 12 to 18,27,10,6,4,2,4,3,1,17,3,14
S01009944,All families in households,227,145,120,111,9,25,20,5,82,19,63
S01009944,Families with no dependent children,119,91,76,73,3,15,13,2,28,12,16
S01009944,Families with dependent children: Total,108,54,44,38,6,10,7,3,54,7,47
S01009944,Families with dependent children: Youngest aged 0 to 4,38,20,16,15,1,4,3,1,18,1,17
S01009944,Families with dependent children: Youngest aged 5 to 11,34,14,11,9,2,3,2,1,20,4,16
S01009944,Families with dependent children: Youngest aged 12 to 18,36,20,17,14,3,3,2,1,16,2,14
S01009945,All families in households,260,138,96,90,6,42,36,6,122,9,113
S01009945,Families with no dependent children,131,90,66,61,5,24,22,2,41,7,34
S01009945,Families with dependent children: Total,129,48,30,29,1,18,14,4,81,2,79
S01009945,Families with dependent children: Youngest aged 0 to 4,48,17,8,7,1,9,9,0,31,1,30
S01009945,Families with dependent children: Youngest aged 5 to 11,45,22,15,15,0,7,5,2,23,0,23
S01009945,Families with dependent children: Youngest aged 12 to 18,36,9,7,7,0,2,0,2,27,1,26
S01009946,All families in households,233,159,122,118,4,37,31,6,74,5,69
S01009946,Families with no dependent children,127,97,77,75,2,20,17,3,30,4,26
S01009946,Families with dependent children: Total,106,62,45,43,2,17,14,3,44,1,43
S01009946,Families with dependent children: Youngest aged 0 to 4,30,22,14,13,1,8,8,0,8,0,8
S01009946,Families with dependent children: Youngest aged 5 to 11,36,20,15,14,1,5,3,2,16,0,16
S01009946,Families with dependent children: Youngest aged 12 to 18,40,20,16,16,0,4,3,1,20,1,19
S01009947,All families in households,157,115,89,86,3,26,23,3,42,6,36
S01009947,Families with no dependent children,96,75,59,58,1,16,14,2,21,3,18
S01009947,Families with dependent children: Total,61,40,30,28,2,10,9,1,21,3,18
S01009947,Families with dependent children: Youngest aged 0 to 4,20,17,13,12,1,4,4,0,3,0,3
S01009947,Families with dependent children: Youngest aged 5 to 11,21,12,6,5,1,6,5,1,9,2,7
S01009947,Families with dependent children: Youngest aged 12 to 18,20,11,11,11,0,0,0,0,9,1,8
S01009948,All families in households,204,119,89,84,5,30,26,4,85,7,78
S01009948,Families with no dependent children,112,81,59,57,2,22,21,1,31,5,26
S01009948,Families with dependent children: Total,92,38,30,27,3,8,5,3,54,2,52
S01009948,Families with dependent children: Youngest aged 0 to 4,22,16,12,11,1,4,2,2,6,0,6
S01009948,Families with dependent children: Youngest aged 5 to 11,40,12,9,8,1,3,2,1,28,0,28
S01009948,Families with dependent children: Youngest aged 12 to 18,30,10,9,8,1,1,1,0,20,2,18
S01009949,All families in households,226,144,111,100,11,33,30,3,82,18,64
S01009949,Families with no dependent children,123,87,71,67,4,16,16,0,36,11,25
S01009949,Families with dependent children: Total,103,57,40,33,7,17,14,3,46,7,39
S01009949,Families with dependent children: Youngest aged 0 to 4,41,31,19,16,3,12,10,2,10,0,10
S01009949,Families with dependent children: Youngest aged 5 to 11,34,15,11,8,3,4,4,0,19,0,19
S01009949,Families with dependent children: Youngest aged 12 to 18,28,11,10,9,1,1,0,1,17,7,10
S01009950,All families in households,215,191,174,172,2,17,16,1,24,2,22
S01009950,Families with no dependent children,128,112,99,98,1,13,12,1,16,1,15
S01009950,Families with dependent children: Total,87,79,75,74,1,4,4,0,8,1,7
S01009950,Families with dependent children: Youngest aged 0 to 4,32,31,29,29,0,2,2,0,1,0,1
S01009950,Families with dependent children: Youngest aged 5 to 11,22,18,16,16,0,2,2,0,4,0,4
S01009950,Families with dependent children: Youngest aged 12 to 18,33,30,30,29,1,0,0,0,3,1,2
S01009951,All families in households,225,206,195,190,5,11,10,1,19,2,17
S01009951,Families with no dependent children,130,122,116,115,1,6,5,1,8,0,8
S01009951,Families with dependent children: Total,95,84,79,75,4,5,5,0,11,2,9
S01009951,Families with dependent children: Youngest aged 0 to 4,30,28,27,27,0,1,1,0,2,0,2
S01009951,Families with dependent children: Youngest aged 5 to 11,36,32,28,26,2,4,4,0,4,1,3
S01009951,Families with dependent children: Youngest aged 12 to 18,29,24,24,22,2,0,0,0,5,1,4
S01009952,All families in households,212,184,156,152,4,28,26,2,28,0,28
S01009952,Families with no dependent children,119,110,93,93,0,17,17,0,9,0,9
S01009952,Families with dependent children: Total,93,74,63,59,4,11,9,2,19,0,19
S01009952,Families with dependent children: Youngest aged 0 to 4,39,33,26,26,0,7,7,0,6,0,6
S01009952,Families with dependent children: Youngest aged 5 to 11,28,19,17,16,1,2,2,0,9,0,9
S01009952,Families with dependent children: Youngest aged 12 to 18,26,22,20,17,3,2,0,2,4,0,4
S01009953,All families in households,270,231,192,188,4,39,37,2,39,6,33
S01009953,Families with no dependent children,163,143,122,119,3,21,20,1,20,3,17
S01009953,Families with dependent children: Total,107,88,70,69,1,18,17,1,19,3,16
S01009953,Families with dependent children: Youngest aged 0 to 4,54,46,33,33,0,13,13,0,8,1,7
S01009953,Families with dependent children: Youngest aged 5 to 11,28,23,21,21,0,2,2,0,5,1,4
S01009953,Families with dependent children: Youngest aged 12 to 18,25,19,16,15,1,3,2,1,6,1,5
S01009954,All families in households,174,159,145,143,2,14,12,2,15,3,12
S01009954,Families with no dependent children,91,88,83,83,0,5,5,0,3,1,2
S01009954,Families with dependent children: Total,83,71,62,60,2,9,7,2,12,2,10
S01009954,Families with dependent children: Youngest aged 0 to 4,30,24,21,20,1,3,2,1,6,2,4
S01009954,Families with dependent children: Youngest aged 5 to 11,29,26,21,21,0,5,5,0,3,0,3
S01009954,Families with dependent children: Youngest aged 12 to 18,24,21,20,19,1,1,0,1,3,0,3
S01009955,All families in households,245,201,166,163,3,35,31,4,44,3,41
S01009955,Families with no dependent children,139,124,100,99,1,24,23,1,15,0,15
S01009955,Families with dependent children: Total,106,77,66,64,2,11,8,3,29,3,26
S01009955,Families with dependent children: Youngest aged 0 to 4,41,30,25,24,1,5,5,0,11,0,11
S01009955,Families with dependent children: Youngest aged 5 to 11,35,25,21,20,1,4,3,1,10,3,7
S01009955,Families with dependent children: Youngest aged 12 to 18,30,22,20,20,0,2,0,2,8,0,8
S01009956,All families in households,206,146,114,110,4,32,26,6,60,7,53
S01009956,Families with no dependent children,113,96,79,76,3,17,16,1,17,5,12
S01009956,Families with dependent children: Total,93,50,35,34,1,15,10,5,43,2,41
S01009956,Families with dependent children: Youngest aged 0 to 4,31,21,15,15,0,6,6,0,10,0,10
S01009956,Families with dependent children: Youngest aged 5 to 11,33,18,12,11,1,6,2,4,15,1,14
S01009956,Families with dependent children: Youngest aged 12 to 18,29,11,8,8,0,3,2,1,18,1,17
S01009957,All families in households,225,208,188,187,1,20,18,2,17,3,14
S01009957,Families with no dependent children,138,128,115,115,0,13,12,1,10,2,8
S01009957,Families with dependent children: Total,87,80,73,72,1,7,6,1,7,1,6
S01009957,Families with dependent children: Youngest aged 0 to 4,31,30,25,25,0,5,5,0,1,0,1
S01009957,Families with dependent children: Youngest aged 5 to 11,33,29,28,27,1,1,0,1,4,0,4
S01009957,Families with dependent children: Youngest aged 12 to 18,23,21,20,20,0,1,1,0,2,1,1
S01009958,All families in households,288,250,209,203,6,41,40,1,38,4,34
S01009958,Families with no dependent children,180,159,129,128,1,30,29,1,21,2,19
S01009958,Families with dependent children: Total,108,91,80,75,5,11,11,0,17,2,15
S01009958,Families with dependent children: Youngest aged 0 to 4,50,47,41,41,0,6,6,0,3,1,2
S01009958,Families with dependent children: Youngest aged 5 to 11,32,28,25,22,3,3,3,0,4,0,4
S01009958,Families with dependent children: Youngest aged 12 to 18,26,16,14,12,2,2,2,0,10,1,9
S01009959,All families in households,188,165,151,147,4,14,12,2,23,3,20
S01009959,Families with no dependent children,126,113,104,102,2,9,8,1,13,3,10
S01009959,Families with dependent children: Total,62,52,47,45,2,5,4,1,10,0,10
S01009959,Families with dependent children: Youngest aged 0 to 4,24,23,20,19,1,3,3,0,1,0,1
S01009959,Families with dependent children: Youngest aged 5 to 11,16,13,12,12,0,1,1,0,3,0,3
S01009959,Families with dependent children: Youngest aged 12 to 18,22,16,15,14,1,1,0,1,6,0,6
S01009960,All families in households,234,207,189,179,10,18,18,0,27,5,22
S01009960,Families with no dependent children,137,125,109,107,2,16,16,0,12,4,8
S01009960,Families with dependent children: Total,97,82,80,72,8,2,2,0,15,1,14
S01009960,Families with dependent children: Youngest aged 0 to 4,33,30,28,26,2,2,2,0,3,0,3
S01009960,Families with dependent children: Youngest aged 5 to 11,26,19,19,18,1,0,0,0,7,1,6
S01009960,Families with dependent children: Youngest aged 12 to 18,38,33,33,28,5,0,0,0,5,0,5
S01009961,All families in households,184,138,112,107,5,26,22,4,46,1,45
S01009961,Families with no dependent children,116,85,72,72,0,13,12,1,31,1,30
S01009961,Families with dependent children: Total,68,53,40,35,5,13,10,3,15,0,15
S01009961,Families with dependent children: Youngest aged 0 to 4,25,20,12,11,1,8,6,2,5,0,5
S01009961,Families with dependent children: Youngest aged 5 to 11,22,17,13,12,1,4,4,0,5,0,5
S01009961,Families with dependent children: Youngest aged 12 to 18,21,16,15,12,3,1,0,1,5,0,5
S01009962,All families in households,252,186,113,111,2,73,72,1,66,6,60
S01009962,Families with no dependent children,175,145,81,80,1,64,64,0,30,5,25
S01009962,Families with dependent children: Total,77,41,32,31,1,9,8,1,36,1,35
S01009962,Families with dependent children: Youngest aged 0 to 4,37,22,17,16,1,5,5,0,15,0,15
S01009962,Families with dependent children: Youngest aged 5 to 11,21,10,7,7,0,3,3,0,11,0,11
S01009962,Families with dependent children: Youngest aged 12 to 18,19,9,8,8,0,1,0,1,10,1,9
S01009963,All families in households,239,212,190,186,4,22,20,2,27,0,27
S01009963,Families with no dependent children,146,133,117,116,1,16,15,1,13,0,13
S01009963,Families with dependent children: Total,93,79,73,70,3,6,5,1,14,0,14
S01009963,Families with dependent children: Youngest aged 0 to 4,27,26,23,22,1,3,2,1,1,0,1
S01009963,Families with dependent children: Youngest aged 5 to 11,32,26,25,23,2,1,1,0,6,0,6
S01009963,Families with dependent children: Youngest aged 12 to 18,34,27,25,25,0,2,2,0,7,0,7
S01009964,All families in households,275,232,190,185,5,42,40,2,43,5,38
S01009964,Families with no dependent children,155,136,107,106,1,29,28,1,19,2,17
S01009964,Families with dependent children: Total,120,96,83,79,4,13,12,1,24,3,21
S01009964,Families with dependent children: Youngest aged 0 to 4,53,45,35,34,1,10,9,1,8,1,7
S01009964,Families with dependent children: Youngest aged 5 to 11,30,25,23,21,2,2,2,0,5,1,4
S01009964,Families with dependent children: Youngest aged 12 to 18,37,26,25,24,1,1,1,0,11,1,10
S01009965,All families in households,216,194,182,177,5,12,9,3,22,6,16
S01009965,Families with no dependent children,146,136,131,130,1,5,5,0,10,5,5
S01009965,Families with dependent children: Total,70,58,51,47,4,7,4,3,12,1,11
S01009965,Families with dependent children: Youngest aged 0 to 4,27,21,17,15,2,4,2,2,6,0,6
S01009965,Families with dependent children: Youngest aged 5 to 11,18,16,15,14,1,1,1,0,2,1,1
S01009965,Families with dependent children: Youngest aged 12 to 18,25,21,19,18,1,2,1,1,4,0,4
S01009966,All families in households,245,210,193,188,5,17,13,4,35,7,28
S01009966,Families with no dependent children,157,139,130,130,0,9,7,2,18,6,12
S01009966,Families with dependent children: Total,88,71,63,58,5,8,6,2,17,1,16
S01009966,Families with dependent children: Youngest aged 0 to 4,40,33,28,27,1,5,3,2,7,1,6
S01009966,Families with dependent children: Youngest aged 5 to 11,21,17,15,13,2,2,2,0,4,0,4
S01009966,Families with dependent children: Youngest aged 12 to 18,27,21,20,18,2,1,1,0,6,0,6
S01009967,All families in households,232,200,180,176,4,20,18,2,32,6,26
S01009967,Families with no dependent children,161,143,133,132,1,10,10,0,18,5,13
S01009967,Families with dependent children: Total,71,57,47,44,3,10,8,2,14,1,13
S01009967,Families with dependent children: Youngest aged 0 to 4,21,17,12,11,1,5,3,2,4,0,4
S01009967,Families with dependent children: Youngest aged 5 to 11,22,20,15,15,0,5,5,0,2,0,2
S01009967,Families with dependent children: Youngest aged 12 to 18,28,20,20,18,2,0,0,0,8,1,7
S01009968,All families in households,178,153,142,137,5,11,8,3,25,1,24
S01009968,Families with no dependent children,119,107,100,96,4,7,7,0,12,1,11
S01009968,Families with dependent children: Total,59,46,42,41,1,4,1,3,13,0,13
S01009968,Families with dependent children: Youngest aged 0 to 4,17,12,11,11,0,1,1,0,5,0,5
S01009968,Families with dependent children: Youngest aged 5 to 11,15,9,9,8,1,0,0,0,6,0,6
S01009968,Families with dependent children: Youngest aged 12 to 18,27,25,22,22,0,3,0,3,2,0,2
S01009969,All families in households,243,209,189,179,10,20,17,3,34,7,27
S01009969,Families with no dependent children,138,125,115,113,2,10,9,1,13,3,10
S01009969,Families with dependent children: Total,105,84,74,66,8,10,8,2,21,4,17
S01009969,Families with dependent children: Youngest aged 0 to 4,29,24,22,19,3,2,2,0,5,1,4
S01009969,Families with dependent children: Youngest aged 5 to 11,39,32,26,25,1,6,6,0,7,0,7
S01009969,Families with dependent children: Youngest aged 12 to 18,37,28,26,22,4,2,0,2,9,3,6
S01009970,All families in households,247,111,78,74,4,33,25,8,136,14,122
S01009970,Families with no dependent children,105,65,50,48,2,15,15,0,40,7,33
S01009970,Families with dependent children: Total,142,46,28,26,2,18,10,8,96,7,89
S01009970,Families with dependent children: Youngest aged 0 to 4,63,23,14,12,2,9,6,3,40,3,37
S01009970,Families with dependent children: Youngest aged 5 to 11,36,9,5,5,0,4,2,2,27,1,26
S01009970,Families with dependent children: Youngest aged 12 to 18,43,14,9,9,0,5,2,3,29,3,26
S01009971,All families in households,316,200,148,144,4,52,43,9,116,17,99
S01009971,Families with no dependent children,160,120,92,92,0,28,26,2,40,6,34
S01009971,Families with dependent children: Total,156,80,56,52,4,24,17,7,76,11,65
S01009971,Families with dependent children: Youngest aged 0 to 4,55,30,16,16,0,14,10,4,25,3,22
S01009971,Families with dependent children: Youngest aged 5 to 11,53,30,24,21,3,6,4,2,23,4,19
S01009971,Families with dependent children: Youngest aged 12 to 18,48,20,16,15,1,4,3,1,28,4,24
S01009972,All families in households,239,181,140,134,6,41,36,5,58,5,53
S01009972,Families with no dependent children,131,114,88,84,4,26,24,2,17,2,15
S01009972,Families with dependent children: Total,108,67,52,50,2,15,12,3,41,3,38
S01009972,Families with dependent children: Youngest aged 0 to 4,57,37,27,27,0,10,9,1,20,1,19
S01009972,Families with dependent children: Youngest aged 5 to 11,27,14,11,10,1,3,3,0,13,1,12
S01009972,Families with dependent children: Youngest aged 12 to 18,24,16,14,13,1,2,0,2,8,1,7
S01009973,All families in households,228,151,128,121,7,23,21,2,77,5,72
S01009973,Families with no dependent children,112,83,71,67,4,12,11,1,29,4,25
S01009973,Families with dependent children: Total,116,68,57,54,3,11,10,1,48,1,47
S01009973,Families with dependent children: Youngest aged 0 to 4,38,24,20,20,0,4,4,0,14,0,14
S01009973,Families with dependent children: Youngest aged 5 to 11,47,30,23,22,1,7,6,1,17,1,16
S01009973,Families with dependent children: Youngest aged 12 to 18,31,14,14,12,2,0,0,0,17,0,17
S01009974,All families in households,178,83,52,50,2,31,20,11,95,6,89
S01009974,Families with no dependent children,79,51,40,39,1,11,9,2,28,3,25
S01009974,Families with dependent children: Total,99,32,12,11,1,20,11,9,67,3,64
S01009974,Families with dependent children: Youngest aged 0 to 4,38,13,3,3,0,10,8,2,25,1,24
S01009974,Families with dependent children: Youngest aged 5 to 11,38,11,5,5,0,6,2,4,27,2,25
S01009974,Families with dependent children: Youngest aged 12 to 18,23,8,4,3,1,4,1,3,15,0,15
S01009975,All families in households,204,89,64,59,5,25,19,6,115,12,103
S01009975,Families with no dependent children,102,61,48,46,2,13,11,2,41,9,32
S01009975,Families with dependent children: Total,102,28,16,13,3,12,8,4,74,3,71
S01009975,Families with dependent children: Youngest aged 0 to 4,43,11,3,2,1,8,6,2,32,1,31
S01009975,Families with dependent children: Youngest aged 5 to 11,39,12,9,8,1,3,2,1,27,1,26
S01009975,Families with dependent children: Youngest aged 12 to 18,20,5,4,3,1,1,0,1,15,1,14
S01009976,All families in households,137,68,42,39,3,26,23,3,69,10,59
S01009976,Families with no dependent children,56,39,28,27,1,11,10,1,17,6,11
S01009976,Families with dependent children: Total,81,29,14,12,2,15,13,2,52,4,48
S01009976,Families with dependent children: Youngest aged 0 to 4,29,16,6,6,0,10,9,1,13,2,11
S01009976,Families with dependent children: Youngest aged 5 to 11,28,5,2,2,0,3,3,0,23,0,23
S01009976,Families with dependent children: Youngest aged 12 to 18,24,8,6,4,2,2,1,1,16,2,14
S01009977,All families in households,213,107,74,73,1,33,28,5,106,11,95
S01009977,Families with no dependent children,137,84,64,63,1,20,20,0,53,9,44
S01009977,Families with dependent children: Total,76,23,10,10,0,13,8,5,53,2,51
S01009977,Families with dependent children: Youngest aged 0 to 4,29,7,2,2,0,5,4,1,22,0,22
S01009977,Families with dependent children: Youngest aged 5 to 11,25,9,6,6,0,3,1,2,16,2,14
S01009977,Families with dependent children: Youngest aged 12 to 18,22,7,2,2,0,5,3,2,15,0,15
S01009978,All families in households,284,147,99,93,6,48,39,9,137,14,123
S01009978,Families with no dependent children,112,70,51,50,1,19,18,1,42,7,35
S01009978,Families with dependent children: Total,172,77,48,43,5,29,21,8,95,7,88
S01009978,Families with dependent children: Youngest aged 0 to 4,56,30,17,16,1,13,8,5,26,0,26
S01009978,Families with dependent children: Youngest aged 5 to 11,60,24,17,13,4,7,6,1,36,4,32
S01009978,Families with dependent children: Youngest aged 12 to 18,56,23,14,14,0,9,7,2,33,3,30
S01009979,All families in households,128,70,55,53,2,15,9,6,58,8,50
S01009979,Families with no dependent children,83,55,48,47,1,7,7,0,28,7,21
S01009979,Families with dependent children: Total,45,15,7,6,1,8,2,6,30,1,29
S01009979,Families with dependent children: Youngest aged 0 to 4,16,3,0,0,0,3,2,1,13,0,13
S01009979,Families with dependent children: Youngest aged 5 to 11,10,2,2,2,0,0,0,0,8,0,8
S01009979,Families with dependent children: Youngest aged 12 to 18,19,10,5,4,1,5,0,5,9,1,8
S01009980,All families in households,157,74,55,51,4,19,16,3,83,6,77
S01009980,Families with no dependent children,85,52,43,42,1,9,9,0,33,2,31
S01009980,Families with dependent children: Total,72,22,12,9,3,10,7,3,50,4,46
S01009980,Families with dependent children: Youngest aged 0 to 4,21,5,0,0,0,5,4,1,16,1,15
S01009980,Families with dependent children: Youngest aged 5 to 11,29,8,4,3,1,4,2,2,21,0,21
S01009980,Families with dependent children: Youngest aged 12 to 18,22,9,8,6,2,1,1,0,13,3,10
S01009981,All families in households,187,96,65,62,3,31,27,4,91,10,81
S01009981,Families with no dependent children,81,51,38,37,1,13,11,2,30,2,28
S01009981,Families with dependent children: Total,106,45,27,25,2,18,16,2,61,8,53
S01009981,Families with dependent children: Youngest aged 0 to 4,40,25,11,10,1,14,13,1,15,2,13
S01009981,Families with dependent children: Youngest aged 5 to 11,43,16,13,12,1,3,2,1,27,2,25
S01009981,Families with dependent children: Youngest aged 12 to 18,23,4,3,3,0,1,1,0,19,4,15
S01009982,All families in households,310,168,119,113,6,49,41,8,142,10,132
S01009982,Families with no dependent children,131,91,61,61,0,30,28,2,40,6,34
S01009982,Families with dependent children: Total,179,77,58,52,6,19,13,6,102,4,98
S01009982,Families with dependent children: Youngest aged 0 to 4,67,28,22,21,1,6,4,2,39,1,38
S01009982,Families with dependent children: Youngest aged 5 to 11,64,28,22,19,3,6,4,2,36,2,34
S01009982,Families with dependent children: Youngest aged 12 to 18,48,21,14,12,2,7,5,2,27,1,26
S01009983,All families in households,145,50,32,30,2,18,14,4,95,6,89
S01009983,Families with no dependent children,37,21,13,13,0,8,8,0,16,3,13
S01009983,Families with dependent children: Total,108,29,19,17,2,10,6,4,79,3,76
S01009983,Families with dependent children: Youngest aged 0 to 4,40,15,9,9,0,6,4,2,25,0,25
S01009983,Families with dependent children: Youngest aged 5 to 11,41,12,9,7,2,3,2,1,29,1,28
S01009983,Families with dependent children: Youngest aged 12 to 18,27,2,1,1,0,1,0,1,25,2,23
S01009984,All families in households,202,136,87,83,4,49,44,5,66,7,59
S01009984,Families with no dependent children,76,64,42,40,2,22,21,1,12,2,10
S01009984,Families with dependent children: Total,126,72,45,43,2,27,23,4,54,5,49
S01009984,Families with dependent children: Youngest aged 0 to 4,59,37,20,20,0,17,17,0,22,2,20
S01009984,Families with dependent children: Youngest aged 5 to 11,33,16,10,10,0,6,4,2,17,1,16
S01009984,Families with dependent children: Youngest aged 12 to 18,34,19,15,13,2,4,2,2,15,2,13
S01009985,All families in households,162,82,45,42,3,37,30,7,80,11,69
S01009985,Families with no dependent children,73,50,33,31,2,17,16,1,23,6,17
S01009985,Families with dependent children: Total,89,32,12,11,1,20,14,6,57,5,52
S01009985,Families with dependent children: Youngest aged 0 to 4,38,15,6,6,0,9,8,1,23,0,23
S01009985,Families with dependent children: Youngest aged 5 to 11,27,8,0,0,0,8,3,5,19,1,18
S01009985,Families with dependent children: Youngest aged 12 to 18,24,9,6,5,1,3,3,0,15,4,11
S01009986,All families in households,164,70,53,51,2,17,14,3,94,5,89
S01009986,Families with no dependent children,89,51,44,43,1,7,7,0,38,2,36
S01009986,Families with dependent children: Total,75,19,9,8,1,10,7,3,56,3,53
S01009986,Families with dependent children: Youngest aged 0 to 4,39,6,4,3,1,2,2,0,33,0,33
S01009986,Families with dependent children: Youngest aged 5 to 11,17,5,2,2,0,3,2,1,12,1,11
S01009986,Families with dependent children: Youngest aged 12 to 18,19,8,3,3,0,5,3,2,11,2,9
S01009987,All families in households,228,144,112,110,2,32,26,6,84,15,69
S01009987,Families with no dependent children,136,103,80,79,1,23,21,2,33,10,23
S01009987,Families with dependent children: Total,92,41,32,31,1,9,5,4,51,5,46
S01009987,Families with dependent children: Youngest aged 0 to 4,23,12,8,8,0,4,2,2,11,1,10
S01009987,Families with dependent children: Youngest aged 5 to 11,33,13,9,9,0,4,2,2,20,0,20
S01009987,Families with dependent children: Youngest aged 12 to 18,36,16,15,14,1,1,1,0,20,4,16
S01009988,All families in households,141,72,50,47,3,22,19,3,69,8,61
S01009988,Families with no dependent children,93,55,40,39,1,15,14,1,38,3,35
S01009988,Families with dependent children: Total,48,17,10,8,2,7,5,2,31,5,26
S01009988,Families with dependent children: Youngest aged 0 to 4,14,8,5,5,0,3,2,1,6,0,6
S01009988,Families with dependent children: Youngest aged 5 to 11,10,1,1,0,1,0,0,0,9,0,9
S01009988,Families with dependent children: Youngest aged 12 to 18,24,8,4,3,1,4,3,1,16,5,11
S01009989,All families in households,235,152,113,110,3,39,35,4,83,8,75
S01009989,Families with no dependent children,133,98,72,72,0,26,24,2,35,3,32
S01009989,Families with dependent children: Total,102,54,41,38,3,13,11,2,48,5,43
S01009989,Families with dependent children: Youngest aged 0 to 4,29,17,9,9,0,8,7,1,12,2,10
S01009989,Families with dependent children: Youngest aged 5 to 11,44,20,17,14,3,3,3,0,24,3,21
S01009989,Families with dependent children: Youngest aged 12 to 18,29,17,15,15,0,2,1,1,12,0,12
S01009990,All families in households,211,141,107,104,3,34,27,7,70,1,69
S01009990,Families with no dependent children,111,94,71,69,2,23,22,1,17,1,16
S01009990,Families with dependent children: Total,100,47,36,35,1,11,5,6,53,0,53
S01009990,Families with dependent children: Youngest aged 0 to 4,29,12,10,9,1,2,2,0,17,0,17
S01009990,Families with dependent children: Youngest aged 5 to 11,38,18,12,12,0,6,3,3,20,0,20
S01009990,Families with dependent children: Youngest aged 12 to 18,33,17,14,14,0,3,0,3,16,0,16
S01009991,All families in households,231,159,117,112,5,42,38,4,72,4,68
S01009991,Families with no dependent children,104,94,72,68,4,22,22,0,10,1,9
S01009991,Families with dependent children: Total,127,65,45,44,1,20,16,4,62,3,59
S01009991,Families with dependent children: Youngest aged 0 to 4,50,24,13,12,1,11,11,0,26,0,26
S01009991,Families with dependent children: Youngest aged 5 to 11,42,22,15,15,0,7,5,2,20,3,17
S01009991,Families with dependent children: Youngest aged 12 to 18,35,19,17,17,0,2,0,2,16,0,16
S01009992,All families in households,199,100,71,66,5,29,25,4,99,4,95
S01009992,Families with no dependent children,118,73,55,53,2,18,16,2,45,2,43
S01009992,Families with dependent children: Total,81,27,16,13,3,11,9,2,54,2,52
S01009992,Families with dependent children: Youngest aged 0 to 4,31,12,6,5,1,6,5,1,19,0,19
S01009992,Families with dependent children: Youngest aged 5 to 11,24,9,6,5,1,3,2,1,15,1,14
S01009992,Families with dependent children: Youngest aged 12 to 18,26,6,4,3,1,2,2,0,20,1,19
S01009993,All families in households,256,185,132,130,2,53,48,5,71,7,64
S01009993,Families with no dependent children,142,115,82,81,1,33,33,0,27,5,22
S01009993,Families with dependent children: Total,114,70,50,49,1,20,15,5,44,2,42
S01009993,Families with dependent children: Youngest aged 0 to 4,48,35,22,22,0,13,10,3,13,0,13
S01009993,Families with dependent children: Youngest aged 5 to 11,38,18,14,13,1,4,2,2,20,0,20
S01009993,Families with dependent children: Youngest aged 12 to 18,28,17,14,14,0,3,3,0,11,2,9
S01009994,All families in households,209,143,106,103,3,37,34,3,66,2,64
S01009994,Families with no dependent children,84,74,54,52,2,20,19,1,10,0,10
S01009994,Families with dependent children: Total,125,69,52,51,1,17,15,2,56,2,54
S01009994,Families with dependent children: Youngest aged 0 to 4,62,39,27,26,1,12,11,1,23,0,23
S01009994,Families with dependent children: Youngest aged 5 to 11,36,15,13,13,0,2,2,0,21,2,19
S01009994,Families with dependent children: Youngest aged 12 to 18,27,15,12,12,0,3,2,1,12,0,12
S01009995,All families in households,208,140,102,97,5,38,31,7,68,6,62
S01009995,Families with no dependent children,114,84,59,58,1,25,24,1,30,5,25
S01009995,Families with dependent children: Total,94,56,43,39,4,13,7,6,38,1,37
S01009995,Families with dependent children: Youngest aged 0 to 4,32,16,10,10,0,6,5,1,16,0,16
S01009995,Families with dependent children: Youngest aged 5 to 11,25,14,12,11,1,2,1,1,11,1,10
S01009995,Families with dependent children: Youngest aged 12 to 18,37,26,21,18,3,5,1,4,11,0,11
S01009996,All families in households,229,143,113,106,7,30,25,5,86,2,84
S01009996,Families with no dependent children,104,88,72,70,2,16,16,0,16,2,14
S01009996,Families with dependent children: Total,125,55,41,36,5,14,9,5,70,0,70
S01009996,Families with dependent children: Youngest aged 0 to 4,55,24,16,15,1,8,6,2,31,0,31
S01009996,Families with dependent children: Youngest aged 5 to 11,37,15,11,10,1,4,2,2,22,0,22
S01009996,Families with dependent children: Youngest aged 12 to 18,33,16,14,11,3,2,1,1,17,0,17
S01009997,All families in households,165,126,91,89,2,35,32,3,39,2,37
S01009997,Families with no dependent children,93,81,57,56,1,24,24,0,12,0,12
S01009997,Families with dependent children: Total,72,45,34,33,1,11,8,3,27,2,25
S01009997,Families with dependent children: Youngest aged 0 to 4,32,23,18,18,0,5,4,1,9,0,9
S01009997,Families with dependent children: Youngest aged 5 to 11,21,10,6,5,1,4,3,1,11,1,10
S01009997,Families with dependent children: Youngest aged 12 to 18,19,12,10,10,0,2,1,1,7,1,6
S01009998,All families in households,175,156,142,139,3,14,13,1,19,4,15
S01009998,Families with no dependent children,112,102,91,89,2,11,11,0,10,3,7
S01009998,Families with dependent children: Total,63,54,51,50,1,3,2,1,9,1,8
S01009998,Families with dependent children: Youngest aged 0 to 4,17,15,15,14,1,0,0,0,2,0,2
S01009998,Families with dependent children: Youngest aged 5 to 11,31,26,23,23,0,3,2,1,5,0,5
S01009998,Families with dependent children: Youngest aged 12 to 18,15,13,13,13,0,0,0,0,2,1,1
S01009999,All families in households,226,177,164,160,4,13,13,0,49,7,42
S01009999,Families with no dependent children,132,114,106,105,1,8,8,0,18,5,13
S01009999,Families with dependent children: Total,94,63,58,55,3,5,5,0,31,2,29
S01009999,Families with dependent children: Youngest aged 0 to 4,34,26,22,21,1,4,4,0,8,1,7
S01009999,Families with dependent children: Youngest aged 5 to 11,29,19,18,17,1,1,1,0,10,0,10
S01009999,Families with dependent children: Youngest aged 12 to 18,31,18,18,17,1,0,0,0,13,1,12
S01010000,All families in households,189,134,100,98,2,34,30,4,55,4,51
S01010000,Families with no dependent children,102,89,63,61,2,26,26,0,13,4,9
S01010000,Families with dependent children: Total,87,45,37,37,0,8,4,4,42,0,42
S01010000,Families with dependent children: Youngest aged 0 to 4,33,19,14,14,0,5,4,1,14,0,14
S01010000,Families with dependent children: Youngest aged 5 to 11,31,16,14,14,0,2,0,2,15,0,15
S01010000,Families with dependent children: Youngest aged 12 to 18,23,10,9,9,0,1,0,1,13,0,13
S01010001,All families in households,240,171,135,133,2,36,29,7,69,3,66
S01010001,Families with no dependent children,113,101,78,77,1,23,22,1,12,0,12
S01010001,Families with dependent children: Total,127,70,57,56,1,13,7,6,57,3,54
S01010001,Families with dependent children: Youngest aged 0 to 4,52,34,30,30,0,4,3,1,18,1,17
S01010001,Families with dependent children: Youngest aged 5 to 11,35,19,16,15,1,3,2,1,16,0,16
S01010001,Families with dependent children: Youngest aged 12 to 18,40,17,11,11,0,6,2,4,23,2,21
S01010002,All families in households,233,167,136,128,8,31,29,2,66,4,62
S01010002,Families with no dependent children,130,115,91,90,1,24,22,2,15,3,12
S01010002,Families with dependent children: Total,103,52,45,38,7,7,7,0,51,1,50
S01010002,Families with dependent children: Youngest aged 0 to 4,37,17,13,12,1,4,4,0,20,1,19
S01010002,Families with dependent children: Youngest aged 5 to 11,34,20,18,15,3,2,2,0,14,0,14
S01010002,Families with dependent children: Youngest aged 12 to 18,32,15,14,11,3,1,1,0,17,0,17
S01010003,All families in households,212,179,157,147,10,22,17,5,33,2,31
S01010003,Families with no dependent children,120,111,97,93,4,14,12,2,9,1,8
S01010003,Families with dependent children: Total,92,68,60,54,6,8,5,3,24,1,23
S01010003,Families with dependent children: Youngest aged 0 to 4,32,23,20,19,1,3,3,0,9,1,8
S01010003,Families with dependent children: Youngest aged 5 to 11,28,19,17,15,2,2,2,0,9,0,9
S01010003,Families with dependent children: Youngest aged 12 to 18,32,26,23,20,3,3,0,3,6,0,6
S01010004,All families in households,210,193,175,172,3,18,13,5,17,0,17
S01010004,Families with no dependent children,140,128,116,114,2,12,10,2,12,0,12
S01010004,Families with dependent children: Total,70,65,59,58,1,6,3,3,5,0,5
S01010004,Families with dependent children: Youngest aged 0 to 4,27,25,21,21,0,4,3,1,2,0,2
S01010004,Families with dependent children: Youngest aged 5 to 11,14,13,12,12,0,1,0,1,1,0,1
S01010004,Families with dependent children: Youngest aged 12 to 18,29,27,26,25,1,1,0,1,2,0,2
S01010005,All families in households,161,115,66,63,3,49,48,1,46,4,42
S01010005,Families with no dependent children,119,94,54,51,3,40,40,0,25,4,21
S01010005,Families with dependent children: Total,42,21,12,12,0,9,8,1,21,0,21
S01010005,Families with dependent children: Youngest aged 0 to 4,18,11,6,6,0,5,5,0,7,0,7
S01010005,Families with dependent children: Youngest aged 5 to 11,13,5,3,3,0,2,2,0,8,0,8
S01010005,Families with dependent children: Youngest aged 12 to 18,11,5,3,3,0,2,1,1,6,0,6
S01010006,All families in households,186,136,82,81,1,54,53,1,50,6,44
S01010006,Families with no dependent children,135,112,60,60,0,52,51,1,23,3,20
S01010006,Families with dependent children: Total,51,24,22,21,1,2,2,0,27,3,24
S01010006,Families with dependent children: Youngest aged 0 to 4,25,15,13,13,0,2,2,0,10,0,10
S01010006,Families with dependent children: Youngest aged 5 to 11,11,4,4,3,1,0,0,0,7,0,7
S01010006,Families with dependent children: Youngest aged 12 to 18,15,5,5,5,0,0,0,0,10,3,7
S01010007,All families in households,261,232,195,190,5,37,36,1,29,4,25
S01010007,Families with no dependent children,150,141,116,112,4,25,25,0,9,2,7
S01010007,Families with dependent children: Total,111,91,79,78,1,12,11,1,20,2,18
S01010007,Families with dependent children: Youngest aged 0 to 4,42,32,23,23,0,9,9,0,10,0,10
S01010007,Families with dependent children: Youngest aged 5 to 11,33,30,28,27,1,2,1,1,3,0,3
S01010007,Families with dependent children: Youngest aged 12 to 18,36,29,28,28,0,1,1,0,7,2,5
S01010008,All families in households,134,99,54,54,0,45,43,2,35,8,27
S01010008,Families with no dependent children,93,76,36,36,0,40,40,0,17,5,12
S01010008,Families with dependent children: Total,41,23,18,18,0,5,3,2,18,3,15
S01010008,Families with dependent children: Youngest aged 0 to 4,28,19,15,15,0,4,3,1,9,0,9
S01010008,Families with dependent children: Youngest aged 5 to 11,6,3,3,3,0,0,0,0,3,1,2
S01010008,Families with dependent children: Youngest aged 12 to 18,7,1,0,0,0,1,0,1,6,2,4
S01010009,All families in households,97,82,37,36,1,45,45,0,15,2,13
S01010009,Families with no dependent children,76,68,26,26,0,42,42,0,8,2,6
S01010009,Families with dependent children: Total,21,14,11,10,1,3,3,0,7,0,7
S01010009,Families with dependent children: Youngest aged 0 to 4,12,9,7,7,0,2,2,0,3,0,3
S01010009,Families with dependent children: Youngest aged 5 to 11,6,4,3,3,0,1,1,0,2,0,2
S01010009,Families with dependent children: Youngest aged 12 to 18,3,1,1,0,1,0,0,0,2,0,2
S01010010,All families in households,294,263,226,218,8,37,35,2,31,7,24
S01010010,Families with no dependent children,178,166,137,134,3,29,28,1,12,3,9
S01010010,Families with dependent children: Total,116,97,89,84,5,8,7,1,19,4,15
S01010010,Families with dependent children: Youngest aged 0 to 4,48,42,36,34,2,6,6,0,6,1,5
S01010010,Families with dependent children: Youngest aged 5 to 11,36,25,25,23,2,0,0,0,11,3,8
S01010010,Families with dependent children: Youngest aged 12 to 18,32,30,28,27,1,2,1,1,2,0,2
S01010011,All families in households,144,120,62,59,3,58,58,0,24,1,23
S01010011,Families with no dependent children,121,110,56,53,3,54,54,0,11,1,10
S01010011,Families with dependent children: Total,23,10,6,6,0,4,4,0,13,0,13
S01010011,Families with dependent children: Youngest aged 0 to 4,16,10,6,6,0,4,4,0,6,0,6
S01010011,Families with dependent children: Youngest aged 5 to 11,4,0,0,0,0,0,0,0,4,0,4
S01010011,Families with dependent children: Youngest aged 12 to 18,3,0,0,0,0,0,0,0,3,0,3
S01010012,All families in households,249,190,165,163,2,25,25,0,59,7,52
S01010012,Families with no dependent children,148,121,104,103,1,17,17,0,27,6,21
S01010012,Families with dependent children: Total,101,69,61,60,1,8,8,0,32,1,31
S01010012,Families with dependent children: Youngest aged 0 to 4,37,28,23,22,1,5,5,0,9,1,8
S01010012,Families with dependent children: Youngest aged 5 to 11,34,22,19,19,0,3,3,0,12,0,12
S01010012,Families with dependent children: Youngest aged 12 to 18,30,19,19,19,0,0,0,0,11,0,11
S01010013,All families in households,196,157,107,104,3,50,47,3,39,3,36
S01010013,Families with no dependent children,133,119,76,75,1,43,43,0,14,1,13
S01010013,Families with dependent children: Total,63,38,31,29,2,7,4,3,25,2,23
S01010013,Families with dependent children: Youngest aged 0 to 4,22,16,13,12,1,3,3,0,6,0,6
S01010013,Families with dependent children: Youngest aged 5 to 11,19,8,7,7,0,1,1,0,11,1,10
S01010013,Families with dependent children: Youngest aged 12 to 18,22,14,11,10,1,3,0,3,8,1,7
S01010014,All families in households,257,226,155,152,3,71,66,5,31,4,27
S01010014,Families with no dependent children,170,152,98,98,0,54,52,2,18,3,15
S01010014,Families with dependent children: Total,87,74,57,54,3,17,14,3,13,1,12
S01010014,Families with dependent children: Youngest aged 0 to 4,44,41,28,26,2,13,12,1,3,1,2
S01010014,Families with dependent children: Youngest aged 5 to 11,29,21,18,18,0,3,2,1,8,0,8
S01010014,Families with dependent children: Youngest aged 12 to 18,14,12,11,10,1,1,0,1,2,0,2
S01010015,All families in households,214,178,91,90,1,87,81,6,36,7,29
S01010015,Families with no dependent children,141,131,62,62,0,69,68,1,10,4,6
S01010015,Families with dependent children: Total,73,47,29,28,1,18,13,5,26,3,23
S01010015,Families with dependent children: Youngest aged 0 to 4,34,25,14,14,0,11,10,1,9,1,8
S01010015,Families with dependent children: Youngest aged 5 to 11,22,11,8,8,0,3,2,1,11,2,9
S01010015,Families with dependent children: Youngest aged 12 to 18,17,11,7,6,1,4,1,3,6,0,6
S01010016,All families in households,190,140,117,109,8,23,20,3,50,8,42
S01010016,Families with no dependent children,115,88,74,71,3,14,12,2,27,7,20
S01010016,Families with dependent children: Total,75,52,43,38,5,9,8,1,23,1,22
S01010016,Families with dependent children: Youngest aged 0 to 4,25,16,12,10,2,4,4,0,9,0,9
S01010016,Families with dependent children: Youngest aged 5 to 11,24,15,11,10,1,4,4,0,9,0,9
S01010016,Families with dependent children: Youngest aged 12 to 18,26,21,20,18,2,1,0,1,5,1,4
S01010017,All families in households,204,98,76,71,5,22,17,5,106,8,98
S01010017,Families with no dependent children,98,60,48,47,1,12,12,0,38,4,34
S01010017,Families with dependent children: Total,106,38,28,24,4,10,5,5,68,4,64
S01010017,Families with dependent children: Youngest aged 0 to 4,39,15,11,9,2,4,2,2,24,0,24
S01010017,Families with dependent children: Youngest aged 5 to 11,27,8,4,3,1,4,3,1,19,1,18
S01010017,Families with dependent children: Youngest aged 12 to 18,40,15,13,12,1,2,0,2,25,3,22
S01010018,All families in households,238,162,106,102,4,56,50,6,76,2,74
S01010018,Families with no dependent children,131,104,73,72,1,31,30,1,27,2,25
S01010018,Families with dependent children: Total,107,58,33,30,3,25,20,5,49,0,49
S01010018,Families with dependent children: Youngest aged 0 to 4,57,39,18,18,0,21,18,3,18,0,18
S01010018,Families with dependent children: Youngest aged 5 to 11,29,10,7,6,1,3,2,1,19,0,19
S01010018,Families with dependent children: Youngest aged 12 to 18,21,9,8,6,2,1,0,1,12,0,12
S01010019,All families in households,188,76,52,49,3,24,19,5,112,9,103
S01010019,Families with no dependent children,89,59,45,43,2,14,13,1,30,5,25
S01010019,Families with dependent children: Total,99,17,7,6,1,10,6,4,82,4,78
S01010019,Families with dependent children: Youngest aged 0 to 4,36,9,2,2,0,7,5,2,27,0,27
S01010019,Families with dependent children: Youngest aged 5 to 11,32,3,2,1,1,1,0,1,29,1,28
S01010019,Families with dependent children: Youngest aged 12 to 18,31,5,3,3,0,2,1,1,26,3,23
S01010020,All families in households,196,123,98,93,5,25,18,7,73,7,66
S01010020,Families with no dependent children,112,73,60,58,2,13,11,2,39,5,34
S01010020,Families with dependent children: Total,84,50,38,35,3,12,7,5,34,2,32
S01010020,Families with dependent children: Youngest aged 0 to 4,21,14,9,9,0,5,3,2,7,0,7
S01010020,Families with dependent children: Youngest aged 5 to 11,34,22,16,15,1,6,3,3,12,0,12
S01010020,Families with dependent children: Youngest aged 12 to 18,29,14,13,11,2,1,1,0,15,2,13
S01010021,All families in households,186,85,70,66,4,15,12,3,101,13,88
S01010021,Families with no dependent children,66,39,32,30,2,7,7,0,27,4,23
S01010021,Families with dependent children: Total,120,46,38,36,2,8,5,3,74,9,65
S01010021,Families with dependent children: Youngest aged 0 to 4,44,23,19,19,0,4,2,2,21,1,20
S01010021,Families with dependent children: Youngest aged 5 to 11,41,10,9,8,1,1,1,0,31,3,28
S01010021,Families with dependent children: Youngest aged 12 to 18,35,13,10,9,1,3,2,1,22,5,17
S01010022,All families in households,238,148,96,90,6,52,48,4,90,4,86
S01010022,Families with no dependent children,124,95,60,58,2,35,34,1,29,2,27
S01010022,Families with dependent children: Total,114,53,36,32,4,17,14,3,61,2,59
S01010022,Families with dependent children: Youngest aged 0 to 4,59,35,23,20,3,12,11,1,24,0,24
S01010022,Families with dependent children: Youngest aged 5 to 11,34,9,7,7,0,2,1,1,25,0,25
S01010022,Families with dependent children: Youngest aged 12 to 18,21,9,6,5,1,3,2,1,12,2,10
S01010023,All families in households,154,68,39,37,2,29,23,6,86,9,77
S01010023,Families with no dependent children,82,48,31,30,1,17,17,0,34,6,28
S01010023,Families with dependent children: Total,72,20,8,7,1,12,6,6,52,3,49
S01010023,Families with dependent children: Youngest aged 0 to 4,21,5,2,2,0,3,2,1,16,0,16
S01010023,Families with dependent children: Youngest aged 5 to 11,29,5,0,0,0,5,0,5,24,2,22
S01010023,Families with dependent children: Youngest aged 12 to 18,22,10,6,5,1,4,4,0,12,1,11
S01010024,All families in households,169,98,60,59,1,38,36,2,71,7,64
S01010024,Families with no dependent children,98,74,40,40,0,34,34,0,24,5,19
S01010024,Families with dependent children: Total,71,24,20,19,1,4,2,2,47,2,45
S01010024,Families with dependent children: Youngest aged 0 to 4,24,12,10,9,1,2,1,1,12,1,11
S01010024,Families with dependent children: Youngest aged 5 to 11,24,2,1,1,0,1,0,1,22,0,22
S01010024,Families with dependent children: Youngest aged 12 to 18,23,10,9,9,0,1,1,0,13,1,12
S01010025,All families in households,114,62,40,38,2,22,20,2,52,7,45
S01010025,Families with no dependent children,61,38,23,23,0,15,14,1,23,5,18
S01010025,Families with dependent children: Total,53,24,17,15,2,7,6,1,29,2,27
S01010025,Families with dependent children: Youngest aged 0 to 4,26,15,11,11,0,4,3,1,11,0,11
S01010025,Families with dependent children: Youngest aged 5 to 11,14,6,4,2,2,2,2,0,8,2,6
S01010025,Families with dependent children: Youngest aged 12 to 18,13,3,2,2,0,1,1,0,10,0,10
S01010026,All families in households,214,132,77,73,4,55,50,5,82,13,69
S01010026,Families with no dependent children,129,99,54,53,1,45,43,2,30,10,20
S01010026,Families with dependent children: Total,85,33,23,20,3,10,7,3,52,3,49
S01010026,Families with dependent children: Youngest aged 0 to 4,39,24,17,16,1,7,6,1,15,0,15
S01010026,Families with dependent children: Youngest aged 5 to 11,25,4,1,1,0,3,1,2,21,0,21
S01010026,Families with dependent children: Youngest aged 12 to 18,21,5,5,3,2,0,0,0,16,3,13
S01010027,All families in households,185,115,69,67,2,46,44,2,70,6,64
S01010027,Families with no dependent children,96,75,38,37,1,37,36,1,21,4,17
S01010027,Families with dependent children: Total,89,40,31,30,1,9,8,1,49,2,47
S01010027,Families with dependent children: Youngest aged 0 to 4,43,26,19,18,1,7,6,1,17,0,17
S01010027,Families with dependent children: Youngest aged 5 to 11,30,9,8,8,0,1,1,0,21,1,20
S01010027,Families with dependent children: Youngest aged 12 to 18,16,5,4,4,0,1,1,0,11,1,10
S01010028,All families in households,155,85,56,54,2,29,28,1,70,10,60
S01010028,Families with no dependent children,92,63,41,39,2,22,22,0,29,7,22
S01010028,Families with dependent children: Total,63,22,15,15,0,7,6,1,41,3,38
S01010028,Families with dependent children: Youngest aged 0 to 4,31,16,12,12,0,4,4,0,15,2,13
S01010028,Families with dependent children: Youngest aged 5 to 11,16,5,2,2,0,3,2,1,11,0,11
S01010028,Families with dependent children: Youngest aged 12 to 18,16,1,1,1,0,0,0,0,15,1,14
S01010029,All families in households,153,87,65,63,2,22,22,0,66,14,52
S01010029,Families with no dependent children,91,65,53,52,1,12,12,0,26,9,17
S01010029,Families with dependent children: Total,62,22,12,11,1,10,10,0,40,5,35
S01010029,Families with dependent children: Youngest aged 0 to 4,23,7,2,2,0,5,5,0,16,1,15
S01010029,Families with dependent children: Youngest aged 5 to 11,25,10,8,7,1,2,2,0,15,2,13
S01010029,Families with dependent children: Youngest aged 12 to 18,14,5,2,2,0,3,3,0,9,2,7
S01010030,All families in households,198,151,84,83,1,67,65,2,47,2,45
S01010030,Families with no dependent children,121,111,56,56,0,55,54,1,10,1,9
S01010030,Families with dependent children: Total,77,40,28,27,1,12,11,1,37,1,36
S01010030,Families with dependent children: Youngest aged 0 to 4,35,24,18,17,1,6,5,1,11,0,11
S01010030,Families with dependent children: Youngest aged 5 to 11,22,8,3,3,0,5,5,0,14,0,14
S01010030,Families with dependent children: Youngest aged 12 to 18,20,8,7,7,0,1,1,0,12,1,11
S01010031,All families in households,114,103,51,51,0,52,52,0,11,3,8
S01010031,Families with no dependent children,94,90,41,41,0,49,49,0,4,3,1
S01010031,Families with dependent children: Total,20,13,10,10,0,3,3,0,7,0,7
S01010031,Families with dependent children: Youngest aged 0 to 4,19,13,10,10,0,3,3,0,6,0,6
S01010031,Families with dependent children: Youngest aged 5 to 11,0,0,0,0,0,0,0,0,0,0,0
S01010031,Families with dependent children: Youngest aged 12 to 18,1,0,0,0,0,0,0,0,1,0,1
S01010032,All families in households,98,90,33,33,0,57,55,2,8,2,6
S01010032,Families with no dependent children,70,69,22,22,0,47,47,0,1,0,1
S01010032,Families with dependent children: Total,28,21,11,11,0,10,8,2,7,2,5
S01010032,Families with dependent children: Youngest aged 0 to 4,16,12,5,5,0,7,7,0,4,0,4
S01010032,Families with dependent children: Youngest aged 5 to 11,6,5,4,4,0,1,0,1,1,0,1
S01010032,Families with dependent children: Youngest aged 12 to 18,6,4,2,2,0,2,1,1,2,2,0
S01010033,All families in households,195,141,102,100,2,39,38,1,54,3,51
S01010033,Families with no dependent children,107,83,52,51,1,31,31,0,24,3,21
S01010033,Families with dependent children: Total,88,58,50,49,1,8,7,1,30,0,30
S01010033,Families with dependent children: Youngest aged 0 to 4,45,37,32,32,0,5,5,0,8,0,8
S01010033,Families with dependent children: Youngest aged 5 to 11,33,18,15,15,0,3,2,1,15,0,15
S01010033,Families with dependent children: Youngest aged 12 to 18,10,3,3,2,1,0,0,0,7,0,7
S01010034,All families in households,208,115,73,71,2,42,35,7,93,15,78
S01010034,Families with no dependent children,134,87,58,56,2,29,26,3,47,15,32
S01010034,Families with dependent children: Total,74,28,15,15,0,13,9,4,46,0,46
S01010034,Families with dependent children: Youngest aged 0 to 4,38,16,8,8,0,8,8,0,22,0,22
S01010034,Families with dependent children: Youngest aged 5 to 11,26,9,6,6,0,3,0,3,17,0,17
S01010034,Families with dependent children: Youngest aged 12 to 18,10,3,1,1,0,2,1,1,7,0,7
S01010035,All families in households,135,81,44,42,2,37,36,1,54,7,47
S01010035,Families with no dependent children,64,53,28,27,1,25,25,0,11,3,8
S01010035,Families with dependent children: Total,71,28,16,15,1,12,11,1,43,4,39
S01010035,Families with dependent children: Youngest aged 0 to 4,36,16,7,7,0,9,9,0,20,0,20
S01010035,Families with dependent children: Youngest aged 5 to 11,16,8,7,7,0,1,1,0,8,1,7
S01010035,Families with dependent children: Youngest aged 12 to 18,19,4,2,1,1,2,1,1,15,3,12
S01010036,All families in households,100,87,43,42,1,44,43,1,13,3,10
S01010036,Families with no dependent children,74,71,29,29,0,42,42,0,3,1,2
S01010036,Families with dependent children: Total,26,16,14,13,1,2,1,1,10,2,8
S01010036,Families with dependent children: Youngest aged 0 to 4,16,13,12,11,1,1,1,0,3,0,3
S01010036,Families with dependent children: Youngest aged 5 to 11,1,0,0,0,0,0,0,0,1,0,1
S01010036,Families with dependent children: Youngest aged 12 to 18,9,3,2,2,0,1,0,1,6,2,4
S01010037,All families in households,160,103,79,75,4,24,23,1,57,8,49
S01010037,Families with no dependent children,101,77,60,58,2,17,17,0,24,7,17
S01010037,Families with dependent children: Total,59,26,19,17,2,7,6,1,33,1,32
S01010037,Families with dependent children: Youngest aged 0 to 4,19,12,7,6,1,5,5,0,7,1,6
S01010037,Families with dependent children: Youngest aged 5 to 11,21,8,6,5,1,2,1,1,13,0,13
S01010037,Families with dependent children: Youngest aged 12 to 18,19,6,6,6,0,0,0,0,13,0,13
S01010038,All families in households,237,144,92,91,1,52,48,4,93,11,82
S01010038,Families with no dependent children,144,109,68,68,0,41,40,1,35,6,29
S01010038,Families with dependent children: Total,93,35,24,23,1,11,8,3,58,5,53
S01010038,Families with dependent children: Youngest aged 0 to 4,34,15,8,8,0,7,6,1,19,2,17
S01010038,Families with dependent children: Youngest aged 5 to 11,30,6,5,5,0,1,1,0,24,3,21
S01010038,Families with dependent children: Youngest aged 12 to 18,29,14,11,10,1,3,1,2,15,0,15
S01010039,All families in households,154,141,56,56,0,85,83,2,13,2,11
S01010039,Families with no dependent children,124,119,39,39,0,80,79,1,5,1,4
S01010039,Families with dependent children: Total,30,22,17,17,0,5,4,1,8,1,7
S01010039,Families with dependent children: Youngest aged 0 to 4,22,19,14,14,0,5,4,1,3,0,3
S01010039,Families with dependent children: Youngest aged 5 to 11,2,1,1,1,0,0,0,0,1,0,1
S01010039,Families with dependent children: Youngest aged 12 to 18,6,2,2,2,0,0,0,0,4,1,3
S01010040,All families in households,178,136,79,76,3,57,57,0,42,8,34
S01010040,Families with no dependent children,125,112,60,58,2,52,52,0,13,3,10
S01010040,Families with dependent children: Total,53,24,19,18,1,5,5,0,29,5,24
S01010040,Families with dependent children: Youngest aged 0 to 4,29,12,9,9,0,3,3,0,17,1,16
S01010040,Families with dependent children: Youngest aged 5 to 11,14,7,7,6,1,0,0,0,7,2,5
S01010040,Families with dependent children: Youngest aged 12 to 18,10,5,3,3,0,2,2,0,5,2,3
S01010041,All families in households,106,91,39,38,1,52,51,1,15,5,10
S01010041,Families with no dependent children,90,86,35,35,0,51,50,1,4,1,3
S01010041,Families with dependent children: Total,16,5,4,3,1,1,1,0,11,4,7
S01010041,Families with dependent children: Youngest aged 0 to 4,9,4,4,3,1,0,0,0,5,0,5
S01010041,Families with dependent children: Youngest aged 5 to 11,4,0,0,0,0,0,0,0,4,4,0
S01010041,Families with dependent children: Youngest aged 12 to 18,3,1,0,0,0,1,1,0,2,0,2
S01010042,All families in households,234,176,79,79,0,97,94,3,58,3,55
S01010042,Families with no dependent children,141,126,47,47,0,79,79,0,15,1,14
S01010042,Families with dependent children: Total,93,50,32,32,0,18,15,3,43,2,41
S01010042,Families with dependent children: Youngest aged 0 to 4,56,37,25,25,0,12,12,0,19,0,19
S01010042,Families with dependent children: Youngest aged 5 to 11,22,8,4,4,0,4,1,3,14,2,12
S01010042,Families with dependent children: Youngest aged 12 to 18,15,5,3,3,0,2,2,0,10,0,10
S01010043,All families in households,174,99,58,56,2,41,36,5,75,5,70
S01010043,Families with no dependent children,88,67,39,38,1,28,27,1,21,2,19
S01010043,Families with dependent children: Total,86,32,19,18,1,13,9,4,54,3,51
S01010043,Families with dependent children: Youngest aged 0 to 4,41,17,11,11,0,6,6,0,24,1,23
S01010043,Families with dependent children: Youngest aged 5 to 11,24,8,5,5,0,3,1,2,16,0,16
S01010043,Families with dependent children: Youngest aged 12 to 18,21,7,3,2,1,4,2,2,14,2,12
S01010044,All families in households,267,188,115,112,3,73,69,4,79,7,72
S01010044,Families with no dependent children,159,135,79,78,1,56,53,3,24,3,21
S01010044,Families with dependent children: Total,108,53,36,34,2,17,16,1,55,4,51
S01010044,Families with dependent children: Youngest aged 0 to 4,57,32,21,20,1,11,11,0,25,1,24
S01010044,Families with dependent children: Youngest aged 5 to 11,35,12,8,8,0,4,4,0,23,2,21
S01010044,Families with dependent children: Youngest aged 12 to 18,16,9,7,6,1,2,1,1,7,1,6
S01010045,All families in households,135,56,39,38,1,17,13,4,79,8,71
S01010045,Families with no dependent children,61,38,31,31,0,7,6,1,23,6,17
S01010045,Families with dependent children: Total,74,18,8,7,1,10,7,3,56,2,54
S01010045,Families with dependent children: Youngest aged 0 to 4,41,11,5,4,1,6,4,2,30,0,30
S01010045,Families with dependent children: Youngest aged 5 to 11,15,2,0,0,0,2,2,0,13,1,12
S01010045,Families with dependent children: Youngest aged 12 to 18,18,5,3,3,0,2,1,1,13,1,12
S01010046,All families in households,183,109,69,67,2,40,35,5,74,5,69
S01010046,Families with no dependent children,108,80,54,54,0,26,24,2,28,4,24
S01010046,Families with dependent children: Total,75,29,15,13,2,14,11,3,46,1,45
S01010046,Families with dependent children: Youngest aged 0 to 4,29,13,7,6,1,6,4,2,16,0,16
S01010046,Families with dependent children: Youngest aged 5 to 11,30,10,2,2,0,8,7,1,20,0,20
S01010046,Families with dependent children: Youngest aged 12 to 18,16,6,6,5,1,0,0,0,10,1,9
S01010047,All families in households,200,97,67,59,8,30,27,3,103,7,96
S01010047,Families with no dependent children,111,73,49,45,4,24,23,1,38,5,33
S01010047,Families with dependent children: Total,89,24,18,14,4,6,4,2,65,2,63
S01010047,Families with dependent children: Youngest aged 0 to 4,30,9,5,5,0,4,2,2,21,0,21
S01010047,Families with dependent children: Youngest aged 5 to 11,32,4,4,3,1,0,0,0,28,2,26
S01010047,Families with dependent children: Youngest aged 12 to 18,27,11,9,6,3,2,2,0,16,0,16
S01010048,All families in households,228,124,91,86,5,33,29,4,104,14,90
S01010048,Families with no dependent children,122,87,66,62,4,21,19,2,35,10,25
S01010048,Families with dependent children: Total,106,37,25,24,1,12,10,2,69,4,65
S01010048,Families with dependent children: Youngest aged 0 to 4,45,23,14,13,1,9,7,2,22,0,22
S01010048,Families with dependent children: Youngest aged 5 to 11,39,7,5,5,0,2,2,0,32,3,29
S01010048,Families with dependent children: Youngest aged 12 to 18,22,7,6,6,0,1,1,0,15,1,14
S01010049,All families in households,202,78,56,51,5,22,16,6,124,8,116
S01010049,Families with no dependent children,76,35,28,26,2,7,7,0,41,6,35
S01010049,Families with dependent children: Total,126,43,28,25,3,15,9,6,83,2,81
S01010049,Families with dependent children: Youngest aged 0 to 4,54,26,14,14,0,12,6,6,28,0,28
S01010049,Families with dependent children: Youngest aged 5 to 11,49,8,7,5,2,1,1,0,41,2,39
S01010049,Families with dependent children: Youngest aged 12 to 18,23,9,7,6,1,2,2,0,14,0,14
S01010050,All families in households,252,109,65,61,4,44,38,6,143,21,122
S01010050,Families with no dependent children,128,86,56,52,4,30,28,2,42,14,28
S01010050,Families with dependent children: Total,124,23,9,9,0,14,10,4,101,7,94
S01010050,Families with dependent children: Youngest aged 0 to 4,53,12,3,3,0,9,7,2,41,3,38
S01010050,Families with dependent children: Youngest aged 5 to 11,43,9,5,5,0,4,3,1,34,2,32
S01010050,Families with dependent children: Youngest aged 12 to 18,28,2,1,1,0,1,0,1,26,2,24
S01010051,All families in households,151,72,55,54,1,17,15,2,79,8,71
S01010051,Families with no dependent children,78,57,46,45,1,11,11,0,21,5,16
S01010051,Families with dependent children: Total,73,15,9,9,0,6,4,2,58,3,55
S01010051,Families with dependent children: Youngest aged 0 to 4,21,9,4,4,0,5,3,2,12,0,12
S01010051,Families with dependent children: Youngest aged 5 to 11,24,3,2,2,0,1,1,0,21,2,19
S01010051,Families with dependent children: Youngest aged 12 to 18,28,3,3,3,0,0,0,0,25,1,24
S01010052,All families in households,133,75,45,40,5,30,25,5,58,4,54
S01010052,Families with no dependent children,68,54,36,32,4,18,16,2,14,2,12
S01010052,Families with dependent children: Total,65,21,9,8,1,12,9,3,44,2,42
S01010052,Families with dependent children: Youngest aged 0 to 4,27,9,2,2,0,7,6,1,18,0,18
S01010052,Families with dependent children: Youngest aged 5 to 11,22,9,5,5,0,4,2,2,13,0,13
S01010052,Families with dependent children: Youngest aged 12 to 18,16,3,2,1,1,1,1,0,13,2,11
S01010053,All families in households,232,127,80,72,8,47,40,7,105,3,102
S01010053,Families with no dependent children,130,85,52,48,4,33,31,2,45,3,42
S01010053,Families with dependent children: Total,102,42,28,24,4,14,9,5,60,0,60
S01010053,Families with dependent children: Youngest aged 0 to 4,45,24,16,14,2,8,6,2,21,0,21
S01010053,Families with dependent children: Youngest aged 5 to 11,29,13,8,6,2,5,2,3,16,0,16
S01010053,Families with dependent children: Youngest aged 12 to 18,28,5,4,4,0,1,1,0,23,0,23
S01010054,All families in households,164,64,44,44,0,20,16,4,100,8,92
S01010054,Families with no dependent children,63,36,27,27,0,9,8,1,27,4,23
S01010054,Families with dependent children: Total,101,28,17,17,0,11,8,3,73,4,69
S01010054,Families with dependent children: Youngest aged 0 to 4,48,16,9,9,0,7,5,2,32,2,30
S01010054,Families with dependent children: Youngest aged 5 to 11,32,8,4,4,0,4,3,1,24,1,23
S01010054,Families with dependent children: Youngest aged 12 to 18,21,4,4,4,0,0,0,0,17,1,16
S01010055,All families in households,245,147,101,97,4,46,41,5,98,11,87
S01010055,Families with no dependent children,129,99,69,68,1,30,30,0,30,6,24
S01010055,Families with dependent children: Total,116,48,32,29,3,16,11,5,68,5,63
S01010055,Families with dependent children: Youngest aged 0 to 4,40,22,10,10,0,12,9,3,18,0,18
S01010055,Families with dependent children: Youngest aged 5 to 11,34,12,8,8,0,4,2,2,22,3,19
S01010055,Families with dependent children: Youngest aged 12 to 18,42,14,14,11,3,0,0,0,28,2,26
S01010056,All families in households,115,62,38,37,1,24,17,7,53,4,49
S01010056,Families with no dependent children,48,34,23,23,0,11,8,3,14,2,12
S01010056,Families with dependent children: Total,67,28,15,14,1,13,9,4,39,2,37
S01010056,Families with dependent children: Youngest aged 0 to 4,21,9,3,3,0,6,3,3,12,0,12
S01010056,Families with dependent children: Youngest aged 5 to 11,23,11,7,7,0,4,3,1,12,2,10
S01010056,Families with dependent children: Youngest aged 12 to 18,23,8,5,4,1,3,3,0,15,0,15
S01010057,All families in households,112,59,36,34,2,23,21,2,53,4,49
S01010057,Families with no dependent children,52,33,20,19,1,13,13,0,19,4,15
S01010057,Families with dependent children: Total,60,26,16,15,1,10,8,2,34,0,34
S01010057,Families with dependent children: Youngest aged 0 to 4,29,11,8,7,1,3,3,0,18,0,18
S01010057,Families with dependent children: Youngest aged 5 to 11,16,7,3,3,0,4,3,1,9,0,9
S01010057,Families with dependent children: Youngest aged 12 to 18,15,8,5,5,0,3,2,1,7,0,7
S01010058,All families in households,217,102,62,60,2,40,37,3,115,6,109
S01010058,Families with no dependent children,105,64,36,35,1,28,27,1,41,2,39
S01010058,Families with dependent children: Total,112,38,26,25,1,12,10,2,74,4,70
S01010058,Families with dependent children: Youngest aged 0 to 4,45,10,7,7,0,3,2,1,35,0,35
S01010058,Families with dependent children: Youngest aged 5 to 11,35,16,11,11,0,5,5,0,19,1,18
S01010058,Families with dependent children: Youngest aged 12 to 18,32,12,8,7,1,4,3,1,20,3,17
S01010059,All families in households,152,103,51,49,2,52,51,1,49,4,45
S01010059,Families with no dependent children,90,78,36,35,1,42,42,0,12,3,9
S01010059,Families with dependent children: Total,62,25,15,14,1,10,9,1,37,1,36
S01010059,Families with dependent children: Youngest aged 0 to 4,32,18,9,9,0,9,9,0,14,0,14
S01010059,Families with dependent children: Youngest aged 5 to 11,15,2,1,1,0,1,0,1,13,0,13
S01010059,Families with dependent children: Youngest aged 12 to 18,15,5,5,4,1,0,0,0,10,1,9
S01010060,All families in households,221,135,85,85,0,50,43,7,86,13,73
S01010060,Families with no dependent children,115,85,56,56,0,29,28,1,30,5,25
S01010060,Families with dependent children: Total,106,50,29,29,0,21,15,6,56,8,48
S01010060,Families with dependent children: Youngest aged 0 to 4,42,23,11,11,0,12,11,1,19,2,17
S01010060,Families with dependent children: Youngest aged 5 to 11,32,14,7,7,0,7,4,3,18,4,14
S01010060,Families with dependent children: Youngest aged 12 to 18,32,13,11,11,0,2,0,2,19,2,17
S01010061,All families in households,144,106,58,55,3,48,48,0,38,1,37
S01010061,Families with no dependent children,73,65,35,33,2,30,30,0,8,0,8
S01010061,Families with dependent children: Total,71,41,23,22,1,18,18,0,30,1,29
S01010061,Families with dependent children: Youngest aged 0 to 4,39,24,11,11,0,13,13,0,15,0,15
S01010061,Families with dependent children: Youngest aged 5 to 11,21,8,5,5,0,3,3,0,13,1,12
S01010061,Families with dependent children: Youngest aged 12 to 18,11,9,7,6,1,2,2,0,2,0,2
S01010062,All families in households,222,128,96,90,6,32,30,2,94,9,85
S01010062,Families with no dependent children,115,81,65,62,3,16,16,0,34,8,26
S01010062,Families with dependent children: Total,107,47,31,28,3,16,14,2,60,1,59
S01010062,Families with dependent children: Youngest aged 0 to 4,49,18,11,10,1,7,7,0,31,0,31
S01010062,Families with dependent children: Youngest aged 5 to 11,36,17,11,9,2,6,5,1,19,0,19
S01010062,Families with dependent children: Youngest aged 12 to 18,22,12,9,9,0,3,2,1,10,1,9
S01010063,All families in households,230,123,70,66,4,53,49,4,107,7,100
S01010063,Families with no dependent children,125,92,55,53,2,37,37,0,33,2,31
S01010063,Families with dependent children: Total,105,31,15,13,2,16,12,4,74,5,69
S01010063,Families with dependent children: Youngest aged 0 to 4,40,15,4,3,1,11,10,1,25,0,25
S01010063,Families with dependent children: Youngest aged 5 to 11,39,7,5,5,0,2,2,0,32,1,31
S01010063,Families with dependent children: Youngest aged 12 to 18,26,9,6,5,1,3,0,3,17,4,13
S01010064,All families in households,149,101,68,67,1,33,29,4,48,3,45
S01010064,Families with no dependent children,71,66,46,45,1,20,18,2,5,1,4
S01010064,Families with dependent children: Total,78,35,22,22,0,13,11,2,43,2,41
S01010064,Families with dependent children: Youngest aged 0 to 4,36,17,9,9,0,8,7,1,19,0,19
S01010064,Families with dependent children: Youngest aged 5 to 11,19,7,5,5,0,2,2,0,12,0,12
S01010064,Families with dependent children: Youngest aged 12 to 18,23,11,8,8,0,3,2,1,12,2,10
S01010065,All families in households,232,124,100,97,3,24,23,1,108,9,99
S01010065,Families with no dependent children,136,94,77,74,3,17,17,0,42,8,34
S01010065,Families with dependent children: Total,96,30,23,23,0,7,6,1,66,1,65
S01010065,Families with dependent children: Youngest aged 0 to 4,32,8,6,6,0,2,2,0,24,0,24
S01010065,Families with dependent children: Youngest aged 5 to 11,37,12,8,8,0,4,4,0,25,1,24
S01010065,Families with dependent children: Youngest aged 12 to 18,27,10,9,9,0,1,0,1,17,0,17
S01010066,All families in households,225,108,75,69,6,33,31,2,117,6,111
S01010066,Families with no dependent children,101,64,50,47,3,14,14,0,37,3,34
S01010066,Families with dependent children: Total,124,44,25,22,3,19,17,2,80,3,77
S01010066,Families with dependent children: Youngest aged 0 to 4,34,8,4,2,2,4,3,1,26,2,24
S01010066,Families with dependent children: Youngest aged 5 to 11,46,15,6,5,1,9,8,1,31,1,30
S01010066,Families with dependent children: Youngest aged 12 to 18,44,21,15,15,0,6,6,0,23,0,23
S01010067,All families in households,165,66,37,35,2,29,28,1,99,11,88
S01010067,Families with no dependent children,68,42,25,24,1,17,16,1,26,5,21
S01010067,Families with dependent children: Total,97,24,12,11,1,12,12,0,73,6,67
S01010067,Families with dependent children: Youngest aged 0 to 4,39,10,1,1,0,9,9,0,29,0,29
S01010067,Families with dependent children: Youngest aged 5 to 11,30,7,5,5,0,2,2,0,23,2,21
S01010067,Families with dependent children: Youngest aged 12 to 18,28,7,6,5,1,1,1,0,21,4,17
S01010068,All families in households,154,115,67,63,4,48,43,5,39,8,31
S01010068,Families with no dependent children,85,75,47,46,1,28,26,2,10,1,9
S01010068,Families with dependent children: Total,69,40,20,17,3,20,17,3,29,7,22
S01010068,Families with dependent children: Youngest aged 0 to 4,41,27,14,12,2,13,11,2,14,0,14
S01010068,Families with dependent children: Youngest aged 5 to 11,13,7,2,2,0,5,5,0,6,0,6
S01010068,Families with dependent children: Youngest aged 12 to 18,15,6,4,3,1,2,1,1,9,7,2
S01010069,All families in households,247,211,177,170,7,34,29,5,36,7,29
S01010069,Families with no dependent children,148,141,118,115,3,23,20,3,7,4,3
S01010069,Families with dependent children: Total,99,70,59,55,4,11,9,2,29,3,26
S01010069,Families with dependent children: Youngest aged 0 to 4,33,26,21,18,3,5,4,1,7,0,7
S01010069,Families with dependent children: Youngest aged 5 to 11,39,25,21,20,1,4,3,1,14,1,13
S01010069,Families with dependent children: Youngest aged 12 to 18,27,19,17,17,0,2,2,0,8,2,6
S01010070,All families in households,209,170,148,143,5,22,19,3,39,2,37
S01010070,Families with no dependent children,122,107,95,92,3,12,10,2,15,2,13
S01010070,Families with dependent children: Total,87,63,53,51,2,10,9,1,24,0,24
S01010070,Families with dependent children: Youngest aged 0 to 4,20,10,6,6,0,4,4,0,10,0,10
S01010070,Families with dependent children: Youngest aged 5 to 11,25,22,20,19,1,2,2,0,3,0,3
S01010070,Families with dependent children: Youngest aged 12 to 18,42,31,27,26,1,4,3,1,11,0,11
S01010071,All families in households,229,165,134,127,7,31,30,1,64,7,57
S01010071,Families with no dependent children,141,112,90,86,4,22,21,1,29,5,24
S01010071,Families with dependent children: Total,88,53,44,41,3,9,9,0,35,2,33
S01010071,Families with dependent children: Youngest aged 0 to 4,26,16,11,11,0,5,5,0,10,0,10
S01010071,Families with dependent children: Youngest aged 5 to 11,35,17,14,13,1,3,3,0,18,0,18
S01010071,Families with dependent children: Youngest aged 12 to 18,27,20,19,17,2,1,1,0,7,2,5
S01010072,All families in households,231,180,159,154,5,21,19,2,51,4,47
S01010072,Families with no dependent children,146,122,111,109,2,11,10,1,24,3,21
S01010072,Families with dependent children: Total,85,58,48,45,3,10,9,1,27,1,26
S01010072,Families with dependent children: Youngest aged 0 to 4,30,24,20,19,1,4,4,0,6,0,6
S01010072,Families with dependent children: Youngest aged 5 to 11,33,21,18,17,1,3,3,0,12,0,12
S01010072,Families with dependent children: Youngest aged 12 to 18,22,13,10,9,1,3,2,1,9,1,8
S01010073,All families in households,239,201,179,173,6,22,18,4,38,5,33
S01010073,Families with no dependent children,153,137,121,119,2,16,14,2,16,4,12
S01010073,Families with dependent children: Total,86,64,58,54,4,6,4,2,22,1,21
S01010073,Families with dependent children: Youngest aged 0 to 4,26,16,15,14,1,1,1,0,10,0,10
S01010073,Families with dependent children: Youngest aged 5 to 11,26,20,17,17,0,3,2,1,6,0,6
S01010073,Families with dependent children: Youngest aged 12 to 18,34,28,26,23,3,2,1,1,6,1,5
S01010074,All families in households,219,188,166,161,5,22,18,4,31,5,26
S01010074,Families with no dependent children,150,141,126,124,2,15,14,1,9,2,7
S01010074,Families with dependent children: Total,69,47,40,37,3,7,4,3,22,3,19
S01010074,Families with dependent children: Youngest aged 0 to 4,17,13,10,10,0,3,2,1,4,0,4
S01010074,Families with dependent children: Youngest aged 5 to 11,23,12,10,10,0,2,2,0,11,2,9
S01010074,Families with dependent children: Youngest aged 12 to 18,29,22,20,17,3,2,0,2,7,1,6
S01010075,All families in households,193,146,121,117,4,25,24,1,47,2,45
S01010075,Families with no dependent children,132,114,101,98,3,13,12,1,18,0,18
S01010075,Families with dependent children: Total,61,32,20,19,1,12,12,0,29,2,27
S01010075,Families with dependent children: Youngest aged 0 to 4,26,18,9,9,0,9,9,0,8,0,8
S01010075,Families with dependent children: Youngest aged 5 to 11,17,7,5,4,1,2,2,0,10,0,10
S01010075,Families with dependent children: Youngest aged 12 to 18,18,7,6,6,0,1,1,0,11,2,9
S01010076,All families in households,209,147,115,111,4,32,31,1,62,4,58
S01010076,Families with no dependent children,121,96,82,81,1,14,14,0,25,4,21
S01010076,Families with dependent children: Total,88,51,33,30,3,18,17,1,37,0,37
S01010076,Families with dependent children: Youngest aged 0 to 4,36,20,11,9,2,9,9,0,16,0,16
S01010076,Families with dependent children: Youngest aged 5 to 11,21,11,5,5,0,6,6,0,10,0,10
S01010076,Families with dependent children: Youngest aged 12 to 18,31,20,17,16,1,3,2,1,11,0,11
S01010077,All families in households,174,101,85,81,4,16,14,2,73,9,64
S01010077,Families with no dependent children,101,68,57,56,1,11,10,1,33,7,26
S01010077,Families with dependent children: Total,73,33,28,25,3,5,4,1,40,2,38
S01010077,Families with dependent children: Youngest aged 0 to 4,13,4,4,4,0,0,0,0,9,0,9
S01010077,Families with dependent children: Youngest aged 5 to 11,30,12,10,9,1,2,2,0,18,1,17
S01010077,Families with dependent children: Youngest aged 12 to 18,30,17,14,12,2,3,2,1,13,1,12
S01010078,All families in households,193,167,148,145,3,19,16,3,26,5,21
S01010078,Families with no dependent children,115,100,94,93,1,6,5,1,15,4,11
S01010078,Families with dependent children: Total,78,67,54,52,2,13,11,2,11,1,10
S01010078,Families with dependent children: Youngest aged 0 to 4,26,20,12,12,0,8,8,0,6,0,6
S01010078,Families with dependent children: Youngest aged 5 to 11,24,23,19,18,1,4,3,1,1,0,1
S01010078,Families with dependent children: Youngest aged 12 to 18,28,24,23,22,1,1,0,1,4,1,3
S01010079,All families in households,292,270,246,237,9,24,19,5,22,2,20
S01010079,Families with no dependent children,198,189,174,171,3,15,13,2,9,0,9
S01010079,Families with dependent children: Total,94,81,72,66,6,9,6,3,13,2,11
S01010079,Families with dependent children: Youngest aged 0 to 4,22,16,12,10,2,4,3,1,6,2,4
S01010079,Families with dependent children: Youngest aged 5 to 11,32,31,29,27,2,2,2,0,1,0,1
S01010079,Families with dependent children: Youngest aged 12 to 18,40,34,31,29,2,3,1,2,6,0,6
S01010080,All families in households,203,189,171,169,2,18,15,3,14,4,10
S01010080,Families with no dependent children,146,138,127,125,2,11,10,1,8,2,6
S01010080,Families with dependent children: Total,57,51,44,44,0,7,5,2,6,2,4
S01010080,Families with dependent children: Youngest aged 0 to 4,17,17,14,14,0,3,2,1,0,0,0
S01010080,Families with dependent children: Youngest aged 5 to 11,18,16,14,14,0,2,2,0,2,1,1
S01010080,Families with dependent children: Youngest aged 12 to 18,22,18,16,16,0,2,1,1,4,1,3
S01010081,All families in households,215,188,173,167,6,15,13,2,27,5,22
S01010081,Families with no dependent children,152,139,128,125,3,11,10,1,13,5,8
S01010081,Families with dependent children: Total,63,49,45,42,3,4,3,1,14,0,14
S01010081,Families with dependent children: Youngest aged 0 to 4,8,5,3,3,0,2,2,0,3,0,3
S01010081,Families with dependent children: Youngest aged 5 to 11,27,21,21,20,1,0,0,0,6,0,6
S01010081,Families with dependent children: Youngest aged 12 to 18,28,23,21,19,2,2,1,1,5,0,5
S01010082,All families in households,256,202,158,153,5,44,41,3,54,5,49
S01010082,Families with no dependent children,166,149,114,112,2,35,34,1,17,4,13
S01010082,Families with dependent children: Total,90,53,44,41,3,9,7,2,37,1,36
S01010082,Families with dependent children: Youngest aged 0 to 4,27,16,11,10,1,5,5,0,11,0,11
S01010082,Families with dependent children: Youngest aged 5 to 11,37,17,16,15,1,1,1,0,20,1,19
S01010082,Families with dependent children: Youngest aged 12 to 18,26,20,17,16,1,3,1,2,6,0,6
S01010083,All families in households,200,135,109,104,5,26,21,5,65,9,56
S01010083,Families with no dependent children,122,97,81,77,4,16,14,2,25,6,19
S01010083,Families with dependent children: Total,78,38,28,27,1,10,7,3,40,3,37
S01010083,Families with dependent children: Youngest aged 0 to 4,32,17,10,10,0,7,5,2,15,1,14
S01010083,Families with dependent children: Youngest aged 5 to 11,22,9,7,7,0,2,1,1,13,0,13
S01010083,Families with dependent children: Youngest aged 12 to 18,24,12,11,10,1,1,1,0,12,2,10
S01010084,All families in households,252,159,129,125,4,30,28,2,93,10,83
S01010084,Families with no dependent children,154,112,95,92,3,17,16,1,42,9,33
S01010084,Families with dependent children: Total,98,47,34,33,1,13,12,1,51,1,50
S01010084,Families with dependent children: Youngest aged 0 to 4,28,15,6,6,0,9,9,0,13,0,13
S01010084,Families with dependent children: Youngest aged 5 to 11,31,18,16,16,0,2,1,1,13,0,13
S01010084,Families with dependent children: Youngest aged 12 to 18,39,14,12,11,1,2,2,0,25,1,24
S01010085,All families in households,236,207,188,182,6,19,14,5,29,5,24
S01010085,Families with no dependent children,160,142,132,130,2,10,8,2,18,4,14
S01010085,Families with dependent children: Total,76,65,56,52,4,9,6,3,11,1,10
S01010085,Families with dependent children: Youngest aged 0 to 4,24,22,18,18,0,4,3,1,2,0,2
S01010085,Families with dependent children: Youngest aged 5 to 11,28,24,22,22,0,2,1,1,4,0,4
S01010085,Families with dependent children: Youngest aged 12 to 18,24,19,16,12,4,3,2,1,5,1,4
S01010086,All families in households,266,161,128,124,4,33,26,7,105,7,98
S01010086,Families with no dependent children,156,106,89,86,3,17,14,3,50,6,44
S01010086,Families with dependent children: Total,110,55,39,38,1,16,12,4,55,1,54
S01010086,Families with dependent children: Youngest aged 0 to 4,30,16,7,7,0,9,7,2,14,0,14
S01010086,Families with dependent children: Youngest aged 5 to 11,32,13,9,9,0,4,2,2,19,0,19
S01010086,Families with dependent children: Youngest aged 12 to 18,48,26,23,22,1,3,3,0,22,1,21
S01010087,All families in households,186,169,164,160,4,5,3,2,17,6,11
S01010087,Families with no dependent children,131,120,118,117,1,2,2,0,11,5,6
S01010087,Families with dependent children: Total,55,49,46,43,3,3,1,2,6,1,5
S01010087,Families with dependent children: Youngest aged 0 to 4,13,13,11,10,1,2,1,1,0,0,0
S01010087,Families with dependent children: Youngest aged 5 to 11,17,15,14,14,0,1,0,1,2,1,1
S01010087,Families with dependent children: Youngest aged 12 to 18,25,21,21,19,2,0,0,0,4,0,4
S01010088,All families in households,246,213,177,171,6,36,31,5,33,6,27
S01010088,Families with no dependent children,102,94,72,70,2,22,22,0,8,1,7
S01010088,Families with dependent children: Total,144,119,105,101,4,14,9,5,25,5,20
S01010088,Families with dependent children: Youngest aged 0 to 4,57,50,43,42,1,7,5,2,7,1,6
S01010088,Families with dependent children: Youngest aged 5 to 11,48,34,31,31,0,3,3,0,14,3,11
S01010088,Families with dependent children: Youngest aged 12 to 18,39,35,31,28,3,4,1,3,4,1,3
S01010089,All families in households,177,142,108,103,5,34,32,2,35,3,32
S01010089,Families with no dependent children,118,104,82,81,1,22,21,1,14,2,12
S01010089,Families with dependent children: Total,59,38,26,22,4,12,11,1,21,1,20
S01010089,Families with dependent children: Youngest aged 0 to 4,18,12,4,4,0,8,8,0,6,0,6
S01010089,Families with dependent children: Youngest aged 5 to 11,20,14,12,10,2,2,2,0,6,0,6
S01010089,Families with dependent children: Youngest aged 12 to 18,21,12,10,8,2,2,1,1,9,1,8
S01010090,All families in households,302,239,189,180,9,50,45,5,63,9,54
S01010090,Families with no dependent children,145,129,99,99,0,30,29,1,16,3,13
S01010090,Families with dependent children: Total,157,110,90,81,9,20,16,4,47,6,41
S01010090,Families with dependent children: Youngest aged 0 to 4,40,27,17,17,0,10,8,2,13,1,12
S01010090,Families with dependent children: Youngest aged 5 to 11,56,40,33,29,4,7,6,1,16,2,14
S01010090,Families with dependent children: Youngest aged 12 to 18,61,43,40,35,5,3,2,1,18,3,15
S01010091,All families in households,263,216,163,152,11,53,43,10,47,4,43
S01010091,Families with no dependent children,130,116,83,80,3,33,30,3,14,3,11
S01010091,Families with dependent children: Total,133,100,80,72,8,20,13,7,33,1,32
S01010091,Families with dependent children: Youngest aged 0 to 4,57,46,34,32,2,12,10,2,11,1,10
S01010091,Families with dependent children: Youngest aged 5 to 11,44,29,22,20,2,7,3,4,15,0,15
S01010091,Families with dependent children: Youngest aged 12 to 18,32,25,24,20,4,1,0,1,7,0,7
S01010092,All families in households,285,183,155,147,8,28,23,5,102,14,88
S01010092,Families with no dependent children,172,126,109,107,2,17,15,2,46,7,39
S01010092,Families with dependent children: Total,113,57,46,40,6,11,8,3,56,7,49
S01010092,Families with dependent children: Youngest aged 0 to 4,47,18,12,12,0,6,4,2,29,2,27
S01010092,Families with dependent children: Youngest aged 5 to 11,42,25,21,17,4,4,4,0,17,4,13
S01010092,Families with dependent children: Youngest aged 12 to 18,24,14,13,11,2,1,0,1,10,1,9
S01010093,All families in households,267,197,151,149,2,46,42,4,70,9,61
S01010093,Families with no dependent children,153,129,100,99,1,29,29,0,24,6,18
S01010093,Families with dependent children: Total,114,68,51,50,1,17,13,4,46,3,43
S01010093,Families with dependent children: Youngest aged 0 to 4,41,24,12,12,0,12,10,2,17,0,17
S01010093,Families with dependent children: Youngest aged 5 to 11,33,22,21,21,0,1,1,0,11,0,11
S01010093,Families with dependent children: Youngest aged 12 to 18,40,22,18,17,1,4,2,2,18,3,15
S01010094,All families in households,197,151,140,136,4,11,7,4,46,5,41
S01010094,Families with no dependent children,114,96,90,89,1,6,3,3,18,4,14
S01010094,Families with dependent children: Total,83,55,50,47,3,5,4,1,28,1,27
S01010094,Families with dependent children: Youngest aged 0 to 4,25,18,16,15,1,2,1,1,7,0,7
S01010094,Families with dependent children: Youngest aged 5 to 11,20,14,12,12,0,2,2,0,6,1,5
S01010094,Families with dependent children: Youngest aged 12 to 18,38,23,22,20,2,1,1,0,15,0,15
S01010095,All families in households,221,191,177,172,5,14,13,1,30,5,25
S01010095,Families with no dependent children,147,138,127,124,3,11,10,1,9,2,7
S01010095,Families with dependent children: Total,74,53,50,48,2,3,3,0,21,3,18
S01010095,Families with dependent children: Youngest aged 0 to 4,19,14,13,13,0,1,1,0,5,1,4
S01010095,Families with dependent children: Youngest aged 5 to 11,25,16,15,14,1,1,1,0,9,0,9
S01010095,Families with dependent children: Youngest aged 12 to 18,30,23,22,21,1,1,1,0,7,2,5
S01010096,All families in households,227,186,152,149,3,34,30,4,41,7,34
S01010096,Families with no dependent children,116,101,82,81,1,19,16,3,15,3,12
S01010096,Families with dependent children: Total,111,85,70,68,2,15,14,1,26,4,22
S01010096,Families with dependent children: Youngest aged 0 to 4,28,23,16,16,0,7,7,0,5,0,5
S01010096,Families with dependent children: Youngest aged 5 to 11,43,32,27,26,1,5,5,0,11,1,10
S01010096,Families with dependent children: Youngest aged 12 to 18,40,30,27,26,1,3,2,1,10,3,7
S01010097,All families in households,221,172,154,150,4,18,17,1,49,5,44
S01010097,Families with no dependent children,122,107,98,95,3,9,9,0,15,2,13
S01010097,Families with dependent children: Total,99,65,56,55,1,9,8,1,34,3,31
S01010097,Families with dependent children: Youngest aged 0 to 4,28,13,11,11,0,2,2,0,15,0,15
S01010097,Families with dependent children: Youngest aged 5 to 11,38,25,24,23,1,1,1,0,13,1,12
S01010097,Families with dependent children: Youngest aged 12 to 18,33,27,21,21,0,6,5,1,6,2,4
S01010098,All families in households,225,194,171,168,3,23,20,3,31,7,24
S01010098,Families with no dependent children,127,112,105,102,3,7,7,0,15,6,9
S01010098,Families with dependent children: Total,98,82,66,66,0,16,13,3,16,1,15
S01010098,Families with dependent children: Youngest aged 0 to 4,21,19,13,13,0,6,5,1,2,0,2
S01010098,Families with dependent children: Youngest aged 5 to 11,35,31,24,24,0,7,6,1,4,0,4
S01010098,Families with dependent children: Youngest aged 12 to 18,42,32,29,29,0,3,2,1,10,1,9
S01010099,All families in households,209,175,158,154,4,17,13,4,34,4,30
S01010099,Families with no dependent children,128,111,102,99,3,9,9,0,17,3,14
S01010099,Families with dependent children: Total,81,64,56,55,1,8,4,4,17,1,16
S01010099,Families with dependent children: Youngest aged 0 to 4,22,18,16,15,1,2,2,0,4,0,4
S01010099,Families with dependent children: Youngest aged 5 to 11,21,19,16,16,0,3,1,2,2,0,2
S01010099,Families with dependent children: Youngest aged 12 to 18,38,27,24,24,0,3,1,2,11,1,10
S01010100,All families in households,274,222,199,196,3,23,18,5,52,7,45
S01010100,Families with no dependent children,178,151,136,135,1,15,14,1,27,7,20
S01010100,Families with dependent children: Total,96,71,63,61,2,8,4,4,25,0,25
S01010100,Families with dependent children: Youngest aged 0 to 4,23,18,17,16,1,1,1,0,5,0,5
S01010100,Families with dependent children: Youngest aged 5 to 11,34,23,20,20,0,3,2,1,11,0,11
S01010100,Families with dependent children: Youngest aged 12 to 18,39,30,26,25,1,4,1,3,9,0,9
S01010101,All families in households,227,193,171,169,2,22,21,1,34,4,30
S01010101,Families with no dependent children,149,138,125,124,1,13,12,1,11,3,8
S01010101,Families with dependent children: Total,78,55,46,45,1,9,9,0,23,1,22
S01010101,Families with dependent children: Youngest aged 0 to 4,25,15,12,12,0,3,3,0,10,0,10
S01010101,Families with dependent children: Youngest aged 5 to 11,22,15,10,10,0,5,5,0,7,0,7
S01010101,Families with dependent children: Youngest aged 12 to 18,31,25,24,23,1,1,1,0,6,1,5
S01010102,All families in households,279,236,205,197,8,31,25,6,43,4,39
S01010102,Families with no dependent children,133,116,99,97,2,17,12,5,17,3,14
S01010102,Families with dependent children: Total,146,120,106,100,6,14,13,1,26,1,25
S01010102,Families with dependent children: Youngest aged 0 to 4,35,30,28,26,2,2,2,0,5,0,5
S01010102,Families with dependent children: Youngest aged 5 to 11,50,38,31,29,2,7,7,0,12,0,12
S01010102,Families with dependent children: Youngest aged 12 to 18,61,52,47,45,2,5,4,1,9,1,8
S01010103,All families in households,285,237,189,182,7,48,41,7,48,3,45
S01010103,Families with no dependent children,128,111,89,87,2,22,21,1,17,1,16
S01010103,Families with dependent children: Total,157,126,100,95,5,26,20,6,31,2,29
S01010103,Families with dependent children: Youngest aged 0 to 4,55,44,31,30,1,13,9,4,11,0,11
S01010103,Families with dependent children: Youngest aged 5 to 11,49,41,34,31,3,7,6,1,8,2,6
S01010103,Families with dependent children: Youngest aged 12 to 18,53,41,35,34,1,6,5,1,12,0,12
S01010104,All families in households,215,175,133,127,6,42,38,4,40,7,33
S01010104,Families with no dependent children,78,72,55,54,1,17,15,2,6,2,4
S01010104,Families with dependent children: Total,137,103,78,73,5,25,23,2,34,5,29
S01010104,Families with dependent children: Youngest aged 0 to 4,42,31,18,18,0,13,13,0,11,1,10
S01010104,Families with dependent children: Youngest aged 5 to 11,52,38,31,28,3,7,5,2,14,2,12
S01010104,Families with dependent children: Youngest aged 12 to 18,43,34,29,27,2,5,5,0,9,2,7
S01010105,All families in households,117,57,32,30,2,25,20,5,60,6,54
S01010105,Families with no dependent children,53,35,21,20,1,14,13,1,18,3,15
S01010105,Families with dependent children: Total,64,22,11,10,1,11,7,4,42,3,39
S01010105,Families with dependent children: Youngest aged 0 to 4,23,9,3,3,0,6,5,1,14,0,14
S01010105,Families with dependent children: Youngest aged 5 to 11,12,3,1,1,0,2,1,1,9,0,9
S01010105,Families with dependent children: Youngest aged 12 to 18,29,10,7,6,1,3,1,2,19,3,16
S01010106,All families in households,123,64,47,46,1,17,14,3,59,4,55
S01010106,Families with no dependent children,61,42,31,30,1,11,9,2,19,2,17
S01010106,Families with dependent children: Total,62,22,16,16,0,6,5,1,40,2,38
S01010106,Families with dependent children: Youngest aged 0 to 4,27,7,4,4,0,3,3,0,20,0,20
S01010106,Families with dependent children: Youngest aged 5 to 11,16,7,6,6,0,1,1,0,9,2,7
S01010106,Families with dependent children: Youngest aged 12 to 18,19,8,6,6,0,2,1,1,11,0,11
S01010107,All families in households,217,114,77,74,3,37,31,6,103,12,91
S01010107,Families with no dependent children,104,77,53,53,0,24,22,2,27,5,22
S01010107,Families with dependent children: Total,113,37,24,21,3,13,9,4,76,7,69
S01010107,Families with dependent children: Youngest aged 0 to 4,45,15,7,6,1,8,7,1,30,1,29
S01010107,Families with dependent children: Youngest aged 5 to 11,28,5,4,4,0,1,0,1,23,2,21
S01010107,Families with dependent children: Youngest aged 12 to 18,40,17,13,11,2,4,2,2,23,4,19
S01010108,All families in households,202,138,111,108,3,27,24,3,64,8,56
S01010108,Families with no dependent children,132,106,89,89,0,17,16,1,26,2,24
S01010108,Families with dependent children: Total,70,32,22,19,3,10,8,2,38,6,32
S01010108,Families with dependent children: Youngest aged 0 to 4,25,11,8,7,1,3,3,0,14,1,13
S01010108,Families with dependent children: Youngest aged 5 to 11,25,14,8,7,1,6,4,2,11,3,8
S01010108,Families with dependent children: Youngest aged 12 to 18,20,7,6,5,1,1,1,0,13,2,11
S01010109,All families in households,218,133,79,76,3,54,47,7,85,10,75
S01010109,Families with no dependent children,117,98,57,56,1,41,38,3,19,2,17
S01010109,Families with dependent children: Total,101,35,22,20,2,13,9,4,66,8,58
S01010109,Families with dependent children: Youngest aged 0 to 4,35,13,9,7,2,4,3,1,22,0,22
S01010109,Families with dependent children: Youngest aged 5 to 11,42,11,8,8,0,3,3,0,31,5,26
S01010109,Families with dependent children: Youngest aged 12 to 18,24,11,5,5,0,6,3,3,13,3,10
S01010110,All families in households,232,129,98,95,3,31,24,7,103,11,92
S01010110,Families with no dependent children,129,89,76,74,2,13,12,1,40,7,33
S01010110,Families with dependent children: Total,103,40,22,21,1,18,12,6,63,4,59
S01010110,Families with dependent children: Youngest aged 0 to 4,29,12,5,5,0,7,6,1,17,1,16
S01010110,Families with dependent children: Youngest aged 5 to 11,37,11,6,6,0,5,4,1,26,1,25
S01010110,Families with dependent children: Youngest aged 12 to 18,37,17,11,10,1,6,2,4,20,2,18
S01010111,All families in households,266,130,87,81,6,43,34,9,136,17,119
S01010111,Families with no dependent children,118,77,53,50,3,24,22,2,41,7,34
S01010111,Families with dependent children: Total,148,53,34,31,3,19,12,7,95,10,85
S01010111,Families with dependent children: Youngest aged 0 to 4,55,24,12,10,2,12,7,5,31,4,27
S01010111,Families with dependent children: Youngest aged 5 to 11,46,13,9,8,1,4,3,1,33,2,31
S01010111,Families with dependent children: Youngest aged 12 to 18,47,16,13,13,0,3,2,1,31,4,27
S01010112,All families in households,277,116,65,60,5,51,40,11,161,19,142
S01010112,Families with no dependent children,116,68,42,41,1,26,23,3,48,11,37
S01010112,Families with dependent children: Total,161,48,23,19,4,25,17,8,113,8,105
S01010112,Families with dependent children: Youngest aged 0 to 4,59,19,7,6,1,12,8,4,40,1,39
S01010112,Families with dependent children: Youngest aged 5 to 11,57,16,8,5,3,8,6,2,41,4,37
S01010112,Families with dependent children: Youngest aged 12 to 18,45,13,8,8,0,5,3,2,32,3,29
S01010113,All families in households,163,85,56,51,5,29,25,4,78,8,70
S01010113,Families with no dependent children,64,46,33,31,2,13,13,0,18,8,10
S01010113,Families with dependent children: Total,99,39,23,20,3,16,12,4,60,0,60
S01010113,Families with dependent children: Youngest aged 0 to 4,38,19,8,6,2,11,10,1,19,0,19
S01010113,Families with dependent children: Youngest aged 5 to 11,36,13,11,10,1,2,0,2,23,0,23
S01010113,Families with dependent children: Youngest aged 12 to 18,25,7,4,4,0,3,2,1,18,0,18
S01010114,All families in households,213,109,78,69,9,31,23,8,104,11,93
S01010114,Families with no dependent children,107,65,49,46,3,16,14,2,42,8,34
S01010114,Families with dependent children: Total,106,44,29,23,6,15,9,6,62,3,59
S01010114,Families with dependent children: Youngest aged 0 to 4,45,21,11,7,4,10,7,3,24,0,24
S01010114,Families with dependent children: Youngest aged 5 to 11,31,11,6,6,0,5,2,3,20,1,19
S01010114,Families with dependent children: Youngest aged 12 to 18,30,12,12,10,2,0,0,0,18,2,16
S01010115,All families in households,188,133,105,99,6,28,24,4,55,5,50
S01010115,Families with no dependent children,82,70,59,57,2,11,11,0,12,1,11
S01010115,Families with dependent children: Total,106,63,46,42,4,17,13,4,43,4,39
S01010115,Families with dependent children: Youngest aged 0 to 4,30,17,9,7,2,8,7,1,13,1,12
S01010115,Families with dependent children: Youngest aged 5 to 11,38,23,16,15,1,7,5,2,15,3,12
S01010115,Families with dependent children: Youngest aged 12 to 18,38,23,21,20,1,2,1,1,15,0,15
S01010116,All families in households,310,226,159,154,5,67,58,9,84,10,74
S01010116,Families with no dependent children,151,129,89,88,1,40,38,2,22,4,18
S01010116,Families with dependent children: Total,159,97,70,66,4,27,20,7,62,6,56
S01010116,Families with dependent children: Youngest aged 0 to 4,85,53,40,37,3,13,13,0,32,0,32
S01010116,Families with dependent children: Youngest aged 5 to 11,36,21,12,12,0,9,4,5,15,5,10
S01010116,Families with dependent children: Youngest aged 12 to 18,38,23,18,17,1,5,3,2,15,1,14
S01010117,All families in households,195,149,107,103,4,42,34,8,46,6,40
S01010117,Families with no dependent children,94,79,51,50,1,28,25,3,15,3,12
S01010117,Families with dependent children: Total,101,70,56,53,3,14,9,5,31,3,28
S01010117,Families with dependent children: Youngest aged 0 to 4,54,42,33,32,1,9,6,3,12,1,11
S01010117,Families with dependent children: Youngest aged 5 to 11,30,18,16,14,2,2,1,1,12,0,12
S01010117,Families with dependent children: Youngest aged 12 to 18,17,10,7,7,0,3,2,1,7,2,5
S01010118,All families in households,176,64,35,33,2,29,26,3,112,7,105
S01010118,Families with no dependent children,62,32,21,20,1,11,11,0,30,4,26
S01010118,Families with dependent children: Total,114,32,14,13,1,18,15,3,82,3,79
S01010118,Families with dependent children: Youngest aged 0 to 4,36,12,5,5,0,7,6,1,24,0,24
S01010118,Families with dependent children: Youngest aged 5 to 11,45,9,4,4,0,5,4,1,36,3,33
S01010118,Families with dependent children: Youngest aged 12 to 18,33,11,5,4,1,6,5,1,22,0,22
S01010119,All families in households,161,79,50,45,5,29,26,3,82,6,76
S01010119,Families with no dependent children,70,44,29,28,1,15,14,1,26,4,22
S01010119,Families with dependent children: Total,91,35,21,17,4,14,12,2,56,2,54
S01010119,Families with dependent children: Youngest aged 0 to 4,37,15,9,9,0,6,6,0,22,1,21
S01010119,Families with dependent children: Youngest aged 5 to 11,26,11,6,4,2,5,3,2,15,1,14
S01010119,Families with dependent children: Youngest aged 12 to 18,28,9,6,4,2,3,3,0,19,0,19
S01010120,All families in households,288,118,85,77,8,33,27,6,170,13,157
S01010120,Families with no dependent children,114,69,58,55,3,11,10,1,45,4,41
S01010120,Families with dependent children: Total,174,49,27,22,5,22,17,5,125,9,116
S01010120,Families with dependent children: Youngest aged 0 to 4,58,20,10,8,2,10,9,1,38,1,37
S01010120,Families with dependent children: Youngest aged 5 to 11,62,16,12,9,3,4,3,1,46,5,41
S01010120,Families with dependent children: Youngest aged 12 to 18,54,13,5,5,0,8,5,3,41,3,38
S01010121,All families in households,183,91,58,53,5,33,30,3,92,9,83
S01010121,Families with no dependent children,80,52,40,38,2,12,11,1,28,5,23
S01010121,Families with dependent children: Total,103,39,18,15,3,21,19,2,64,4,60
S01010121,Families with dependent children: Youngest aged 0 to 4,43,18,6,6,0,12,12,0,25,0,25
S01010121,Families with dependent children: Youngest aged 5 to 11,27,7,3,2,1,4,3,1,20,2,18
S01010121,Families with dependent children: Youngest aged 12 to 18,33,14,9,7,2,5,4,1,19,2,17
S01010122,All families in households,111,57,38,34,4,19,16,3,54,4,50
S01010122,Families with no dependent children,59,40,31,27,4,9,7,2,19,4,15
S01010122,Families with dependent children: Total,52,17,7,7,0,10,9,1,35,0,35
S01010122,Families with dependent children: Youngest aged 0 to 4,15,6,1,1,0,5,4,1,9,0,9
S01010122,Families with dependent children: Youngest aged 5 to 11,17,7,4,4,0,3,3,0,10,0,10
S01010122,Families with dependent children: Youngest aged 12 to 18,20,4,2,2,0,2,2,0,16,0,16
S01010123,All families in households,203,95,60,51,9,35,25,10,108,7,101
S01010123,Families with no dependent children,80,47,36,33,3,11,10,1,33,5,28
S01010123,Families with dependent children: Total,123,48,24,18,6,24,15,9,75,2,73
S01010123,Families with dependent children: Youngest aged 0 to 4,48,21,10,6,4,11,7,4,27,0,27
S01010123,Families with dependent children: Youngest aged 5 to 11,50,19,9,8,1,10,7,3,31,1,30
S01010123,Families with dependent children: Youngest aged 12 to 18,25,8,5,4,1,3,1,2,17,1,16
S01010124,All families in households,187,115,72,70,2,43,35,8,72,5,67
S01010124,Families with no dependent children,83,63,45,45,0,18,15,3,20,4,16
S01010124,Families with dependent children: Total,104,52,27,25,2,25,20,5,52,1,51
S01010124,Families with dependent children: Youngest aged 0 to 4,41,24,7,7,0,17,15,2,17,1,16
S01010124,Families with dependent children: Youngest aged 5 to 11,32,12,8,6,2,4,1,3,20,0,20
S01010124,Families with dependent children: Youngest aged 12 to 18,31,16,12,12,0,4,4,0,15,0,15
S01010125,All families in households,161,86,61,58,3,25,20,5,75,5,70
S01010125,Families with no dependent children,63,45,34,34,0,11,10,1,18,3,15
S01010125,Families with dependent children: Total,98,41,27,24,3,14,10,4,57,2,55
S01010125,Families with dependent children: Youngest aged 0 to 4,52,25,17,15,2,8,5,3,27,2,25
S01010125,Families with dependent children: Youngest aged 5 to 11,25,8,5,5,0,3,2,1,17,0,17
S01010125,Families with dependent children: Youngest aged 12 to 18,21,8,5,4,1,3,3,0,13,0,13
S01010126,All families in households,223,151,120,116,4,31,24,7,72,6,66
S01010126,Families with no dependent children,115,90,75,72,3,15,13,2,25,3,22
S01010126,Families with dependent children: Total,108,61,45,44,1,16,11,5,47,3,44
S01010126,Families with dependent children: Youngest aged 0 to 4,36,20,13,13,0,7,7,0,16,0,16
S01010126,Families with dependent children: Youngest aged 5 to 11,40,20,14,13,1,6,3,3,20,1,19
S01010126,Families with dependent children: Youngest aged 12 to 18,32,21,18,18,0,3,1,2,11,2,9
S01010127,All families in households,171,98,84,81,3,14,12,2,73,12,61
S01010127,Families with no dependent children,111,73,65,64,1,8,7,1,38,10,28
S01010127,Families with dependent children: Total,60,25,19,17,2,6,5,1,35,2,33
S01010127,Families with dependent children: Youngest aged 0 to 4,22,11,9,7,2,2,2,0,11,0,11
S01010127,Families with dependent children: Youngest aged 5 to 11,14,5,2,2,0,3,3,0,9,0,9
S01010127,Families with dependent children: Youngest aged 12 to 18,24,9,8,8,0,1,0,1,15,2,13
S01010128,All families in households,138,51,26,26,0,25,17,8,87,10,77
S01010128,Families with no dependent children,39,21,13,13,0,8,7,1,18,5,13
S01010128,Families with dependent children: Total,99,30,13,13,0,17,10,7,69,5,64
S01010128,Families with dependent children: Youngest aged 0 to 4,39,14,4,4,0,10,6,4,25,0,25
S01010128,Families with dependent children: Youngest aged 5 to 11,32,9,4,4,0,5,3,2,23,4,19
S01010128,Families with dependent children: Youngest aged 12 to 18,28,7,5,5,0,2,1,1,21,1,20
S01010129,All families in households,197,88,58,53,5,30,29,1,109,10,99
S01010129,Families with no dependent children,77,48,31,29,2,17,17,0,29,5,24
S01010129,Families with dependent children: Total,120,40,27,24,3,13,12,1,80,5,75
S01010129,Families with dependent children: Youngest aged 0 to 4,37,11,4,3,1,7,6,1,26,1,25
S01010129,Families with dependent children: Youngest aged 5 to 11,42,15,12,10,2,3,3,0,27,2,25
S01010129,Families with dependent children: Youngest aged 12 to 18,41,14,11,11,0,3,3,0,27,2,25
S01010130,All families in households,129,73,60,58,2,13,12,1,56,5,51
S01010130,Families with no dependent children,71,53,49,48,1,4,4,0,18,5,13
S01010130,Families with dependent children: Total,58,20,11,10,1,9,8,1,38,0,38
S01010130,Families with dependent children: Youngest aged 0 to 4,20,9,4,4,0,5,5,0,11,0,11
S01010130,Families with dependent children: Youngest aged 5 to 11,18,6,3,3,0,3,3,0,12,0,12
S01010130,Families with dependent children: Youngest aged 12 to 18,20,5,4,3,1,1,0,1,15,0,15
S01010131,All families in households,273,242,220,215,5,22,19,3,31,4,27
S01010131,Families with no dependent children,167,154,137,136,1,17,16,1,13,4,9
S01010131,Families with dependent children: Total,106,88,83,79,4,5,3,2,18,0,18
S01010131,Families with dependent children: Youngest aged 0 to 4,21,17,15,13,2,2,1,1,4,0,4
S01010131,Families with dependent children: Youngest aged 5 to 11,38,31,29,29,0,2,2,0,7,0,7
S01010131,Families with dependent children: Youngest aged 12 to 18,47,40,39,37,2,1,0,1,7,0,7
S01010132,All families in households,270,149,112,108,4,37,26,11,121,13,108
S01010132,Families with no dependent children,152,109,93,90,3,16,14,2,43,9,34
S01010132,Families with dependent children: Total,118,40,19,18,1,21,12,9,78,4,74
S01010132,Families with dependent children: Youngest aged 0 to 4,39,16,3,3,0,13,10,3,23,0,23
S01010132,Families with dependent children: Youngest aged 5 to 11,49,15,10,9,1,5,1,4,34,1,33
S01010132,Families with dependent children: Youngest aged 12 to 18,30,9,6,6,0,3,1,2,21,3,18
S01010133,All families in households,179,109,79,74,5,30,26,4,70,7,63
S01010133,Families with no dependent children,108,81,62,60,2,19,19,0,27,5,22
S01010133,Families with dependent children: Total,71,28,17,14,3,11,7,4,43,2,41
S01010133,Families with dependent children: Youngest aged 0 to 4,24,11,5,4,1,6,5,1,13,1,12
S01010133,Families with dependent children: Youngest aged 5 to 11,18,6,3,2,1,3,1,2,12,0,12
S01010133,Families with dependent children: Youngest aged 12 to 18,29,11,9,8,1,2,1,1,18,1,17
S01010134,All families in households,268,161,119,115,4,42,37,5,107,16,91
S01010134,Families with no dependent children,147,113,92,91,1,21,21,0,34,9,25
S01010134,Families with dependent children: Total,121,48,27,24,3,21,16,5,73,7,66
S01010134,Families with dependent children: Youngest aged 0 to 4,47,21,7,7,0,14,12,2,26,2,24
S01010134,Families with dependent children: Youngest aged 5 to 11,38,14,10,9,1,4,1,3,24,1,23
S01010134,Families with dependent children: Youngest aged 12 to 18,36,13,10,8,2,3,3,0,23,4,19
S01010135,All families in households,216,134,101,98,3,33,26,7,82,11,71
S01010135,Families with no dependent children,133,93,74,73,1,19,17,2,40,8,32
S01010135,Families with dependent children: Total,83,41,27,25,2,14,9,5,42,3,39
S01010135,Families with dependent children: Youngest aged 0 to 4,22,10,5,5,0,5,3,2,12,0,12
S01010135,Families with dependent children: Youngest aged 5 to 11,36,15,8,8,0,7,6,1,21,1,20
S01010135,Families with dependent children: Youngest aged 12 to 18,25,16,14,12,2,2,0,2,9,2,7
S01010136,All families in households,241,170,134,126,8,36,29,7,71,10,61
S01010136,Families with no dependent children,144,112,91,87,4,21,19,2,32,9,23
S01010136,Families with dependent children: Total,97,58,43,39,4,15,10,5,39,1,38
S01010136,Families with dependent children: Youngest aged 0 to 4,38,19,12,9,3,7,5,2,19,0,19
S01010136,Families with dependent children: Youngest aged 5 to 11,22,14,8,8,0,6,4,2,8,0,8
S01010136,Families with dependent children: Youngest aged 12 to 18,37,25,23,22,1,2,1,1,12,1,11
S01010137,All families in households,242,142,100,96,4,42,36,6,100,7,93
S01010137,Families with no dependent children,150,110,80,77,3,30,28,2,40,4,36
S01010137,Families with dependent children: Total,92,32,20,19,1,12,8,4,60,3,57
S01010137,Families with dependent children: Youngest aged 0 to 4,44,19,10,10,0,9,6,3,25,0,25
S01010137,Families with dependent children: Youngest aged 5 to 11,25,4,3,3,0,1,1,0,21,2,19
S01010137,Families with dependent children: Youngest aged 12 to 18,23,9,7,6,1,2,1,1,14,1,13
S01010138,All families in households,184,98,75,73,2,23,21,2,86,13,73
S01010138,Families with no dependent children,105,77,58,58,0,19,18,1,28,7,21
S01010138,Families with dependent children: Total,79,21,17,15,2,4,3,1,58,6,52
S01010138,Families with dependent children: Youngest aged 0 to 4,26,7,6,6,0,1,1,0,19,0,19
S01010138,Families with dependent children: Youngest aged 5 to 11,26,4,2,2,0,2,2,0,22,1,21
S01010138,Families with dependent children: Youngest aged 12 to 18,27,10,9,7,2,1,0,1,17,5,12
S01010139,All families in households,266,170,126,123,3,44,42,2,96,11,85
S01010139,Families with no dependent children,169,128,98,98,0,30,29,1,41,9,32
S01010139,Families with dependent children: Total,97,42,28,25,3,14,13,1,55,2,53
S01010139,Families with dependent children: Youngest aged 0 to 4,44,24,15,13,2,9,8,1,20,2,18
S01010139,Families with dependent children: Youngest aged 5 to 11,26,10,8,7,1,2,2,0,16,0,16
S01010139,Families with dependent children: Youngest aged 12 to 18,27,8,5,5,0,3,3,0,19,0,19
S01010140,All families in households,208,141,79,77,2,62,57,5,67,5,62
S01010140,Families with no dependent children,89,84,49,48,1,35,34,1,5,1,4
S01010140,Families with dependent children: Total,119,57,30,29,1,27,23,4,62,4,58
S01010140,Families with dependent children: Youngest aged 0 to 4,68,36,18,17,1,18,18,0,32,0,32
S01010140,Families with dependent children: Youngest aged 5 to 11,27,14,8,8,0,6,4,2,13,2,11
S01010140,Families with dependent children: Youngest aged 12 to 18,24,7,4,4,0,3,1,2,17,2,15
S01010141,All families in households,211,96,61,60,1,35,30,5,115,13,102
S01010141,Families with no dependent children,103,66,47,46,1,19,18,1,37,5,32
S01010141,Families with dependent children: Total,108,30,14,14,0,16,12,4,78,8,70
S01010141,Families with dependent children: Youngest aged 0 to 4,51,25,10,10,0,15,11,4,26,1,25
S01010141,Families with dependent children: Youngest aged 5 to 11,35,3,2,2,0,1,1,0,32,6,26
S01010141,Families with dependent children: Youngest aged 12 to 18,22,2,2,2,0,0,0,0,20,1,19
S01010142,All families in households,160,95,70,67,3,25,24,1,65,3,62
S01010142,Families with no dependent children,82,61,44,43,1,17,17,0,21,2,19
S01010142,Families with dependent children: Total,78,34,26,24,2,8,7,1,44,1,43
S01010142,Families with dependent children: Youngest aged 0 to 4,24,14,10,9,1,4,4,0,10,0,10
S01010142,Families with dependent children: Youngest aged 5 to 11,27,8,5,4,1,3,2,1,19,1,18
S01010142,Families with dependent children: Youngest aged 12 to 18,27,12,11,11,0,1,1,0,15,0,15
S01010143,All families in households,204,132,108,107,1,24,21,3,72,4,68
S01010143,Families with no dependent children,123,94,85,85,0,9,9,0,29,2,27
S01010143,Families with dependent children: Total,81,38,23,22,1,15,12,3,43,2,41
S01010143,Families with dependent children: Youngest aged 0 to 4,28,13,6,6,0,7,7,0,15,0,15
S01010143,Families with dependent children: Youngest aged 5 to 11,33,15,10,10,0,5,3,2,18,2,16
S01010143,Families with dependent children: Youngest aged 12 to 18,20,10,7,6,1,3,2,1,10,0,10
S01010144,All families in households,189,107,65,62,3,42,40,2,82,11,71
S01010144,Families with no dependent children,104,73,44,42,2,29,29,0,31,4,27
S01010144,Families with dependent children: Total,85,34,21,20,1,13,11,2,51,7,44
S01010144,Families with dependent children: Youngest aged 0 to 4,37,19,11,11,0,8,7,1,18,3,15
S01010144,Families with dependent children: Youngest aged 5 to 11,29,6,4,4,0,2,1,1,23,2,21
S01010144,Families with dependent children: Youngest aged 12 to 18,19,9,6,5,1,3,3,0,10,2,8
S01010145,All families in households,215,144,103,102,1,41,37,4,71,8,63
S01010145,Families with no dependent children,118,98,70,70,0,28,28,0,20,3,17
S01010145,Families with dependent children: Total,97,46,33,32,1,13,9,4,51,5,46
S01010145,Families with dependent children: Youngest aged 0 to 4,42,21,13,13,0,8,6,2,21,0,21
S01010145,Families with dependent children: Youngest aged 5 to 11,26,9,7,7,0,2,2,0,17,2,15
S01010145,Families with dependent children: Youngest aged 12 to 18,29,16,13,12,1,3,1,2,13,3,10
S01010146,All families in households,180,101,61,60,1,40,37,3,79,5,74
S01010146,Families with no dependent children,85,59,40,39,1,19,19,0,26,4,22
S01010146,Families with dependent children: Total,95,42,21,21,0,21,18,3,53,1,52
S01010146,Families with dependent children: Youngest aged 0 to 4,40,22,4,4,0,18,16,2,18,1,17
S01010146,Families with dependent children: Youngest aged 5 to 11,26,7,6,6,0,1,1,0,19,0,19
S01010146,Families with dependent children: Youngest aged 12 to 18,29,13,11,11,0,2,1,1,16,0,16
S01010147,All families in households,238,109,60,55,5,49,43,6,129,7,122
S01010147,Families with no dependent children,90,69,38,37,1,31,28,3,21,2,19
S01010147,Families with dependent children: Total,148,40,22,18,4,18,15,3,108,5,103
S01010147,Families with dependent children: Youngest aged 0 to 4,60,18,6,5,1,12,12,0,42,0,42
S01010147,Families with dependent children: Youngest aged 5 to 11,49,10,7,6,1,3,1,2,39,2,37
S01010147,Families with dependent children: Youngest aged 12 to 18,39,12,9,7,2,3,2,1,27,3,24
S01010148,All families in households,213,103,74,68,6,29,21,8,110,9,101
S01010148,Families with no dependent children,98,62,45,43,2,17,15,2,36,3,33
S01010148,Families with dependent children: Total,115,41,29,25,4,12,6,6,74,6,68
S01010148,Families with dependent children: Youngest aged 0 to 4,46,17,9,9,0,8,5,3,29,2,27
S01010148,Families with dependent children: Youngest aged 5 to 11,40,11,9,8,1,2,0,2,29,1,28
S01010148,Families with dependent children: Youngest aged 12 to 18,29,13,11,8,3,2,1,1,16,3,13
S01010149,All families in households,154,114,62,60,2,52,46,6,40,1,39
S01010149,Families with no dependent children,83,73,35,35,0,38,36,2,10,1,9
S01010149,Families with dependent children: Total,71,41,27,25,2,14,10,4,30,0,30
S01010149,Families with dependent children: Youngest aged 0 to 4,49,26,15,15,0,11,8,3,23,0,23
S01010149,Families with dependent children: Youngest aged 5 to 11,17,12,9,7,2,3,2,1,5,0,5
S01010149,Families with dependent children: Youngest aged 12 to 18,5,3,3,3,0,0,0,0,2,0,2
S01010150,All families in households,170,105,80,74,6,25,24,1,65,9,56
S01010150,Families with no dependent children,118,85,67,63,4,18,18,0,33,9,24
S01010150,Families with dependent children: Total,52,20,13,11,2,7,6,1,32,0,32
S01010150,Families with dependent children: Youngest aged 0 to 4,19,6,3,3,0,3,3,0,13,0,13
S01010150,Families with dependent children: Youngest aged 5 to 11,18,6,4,3,1,2,2,0,12,0,12
S01010150,Families with dependent children: Youngest aged 12 to 18,15,8,6,5,1,2,1,1,7,0,7
S01010151,All families in households,166,104,83,80,3,21,17,4,62,9,53
S01010151,Families with no dependent children,115,79,68,66,2,11,11,0,36,4,32
S01010151,Families with dependent children: Total,51,25,15,14,1,10,6,4,26,5,21
S01010151,Families with dependent children: Youngest aged 0 to 4,14,8,4,4,0,4,3,1,6,0,6
S01010151,Families with dependent children: Youngest aged 5 to 11,16,8,4,4,0,4,2,2,8,4,4
S01010151,Families with dependent children: Youngest aged 12 to 18,21,9,7,6,1,2,1,1,12,1,11
S01010152,All families in households,246,175,135,130,5,40,34,6,71,12,59
S01010152,Families with no dependent children,161,130,105,104,1,25,22,3,31,11,20
S01010152,Families with dependent children: Total,85,45,30,26,4,15,12,3,40,1,39
S01010152,Families with dependent children: Youngest aged 0 to 4,39,20,9,7,2,11,9,2,19,0,19
S01010152,Families with dependent children: Youngest aged 5 to 11,23,11,10,10,0,1,1,0,12,1,11
S01010152,Families with dependent children: Youngest aged 12 to 18,23,14,11,9,2,3,2,1,9,0,9
S01010153,All families in households,233,156,123,111,12,33,29,4,77,10,67
S01010153,Families with no dependent children,136,103,87,84,3,16,14,2,33,7,26
S01010153,Families with dependent children: Total,97,53,36,27,9,17,15,2,44,3,41
S01010153,Families with dependent children: Youngest aged 0 to 4,24,12,6,4,2,6,6,0,12,0,12
S01010153,Families with dependent children: Youngest aged 5 to 11,41,21,14,11,3,7,7,0,20,1,19
S01010153,Families with dependent children: Youngest aged 12 to 18,32,20,16,12,4,4,2,2,12,2,10
S01010154,All families in households,240,143,118,114,4,25,22,3,97,19,78
S01010154,Families with no dependent children,165,112,99,96,3,13,12,1,53,14,39
S01010154,Families with dependent children: Total,75,31,19,18,1,12,10,2,44,5,39
S01010154,Families with dependent children: Youngest aged 0 to 4,26,10,5,4,1,5,5,0,16,1,15
S01010154,Families with dependent children: Youngest aged 5 to 11,28,14,10,10,0,4,4,0,14,4,10
S01010154,Families with dependent children: Youngest aged 12 to 18,21,7,4,4,0,3,1,2,14,0,14
S01010155,All families in households,188,132,114,110,4,18,15,3,56,7,49
S01010155,Families with no dependent children,132,100,89,87,2,11,9,2,32,3,29
S01010155,Families with dependent children: Total,56,32,25,23,2,7,6,1,24,4,20
S01010155,Families with dependent children: Youngest aged 0 to 4,22,12,8,8,0,4,4,0,10,0,10
S01010155,Families with dependent children: Youngest aged 5 to 11,17,11,11,10,1,0,0,0,6,1,5
S01010155,Families with dependent children: Youngest aged 12 to 18,17,9,6,5,1,3,2,1,8,3,5
S01010156,All families in households,146,94,74,70,4,20,17,3,52,9,43
S01010156,Families with no dependent children,91,68,56,54,2,12,10,2,23,5,18
S01010156,Families with dependent children: Total,55,26,18,16,2,8,7,1,29,4,25
S01010156,Families with dependent children: Youngest aged 0 to 4,21,9,4,4,0,5,4,1,12,0,12
S01010156,Families with dependent children: Youngest aged 5 to 11,14,8,7,7,0,1,1,0,6,3,3
S01010156,Families with dependent children: Youngest aged 12 to 18,20,9,7,5,2,2,2,0,11,1,10
S01010157,All families in households,170,86,72,67,5,14,9,5,84,7,77
S01010157,Families with no dependent children,106,63,58,57,1,5,4,1,43,3,40
S01010157,Families with dependent children: Total,64,23,14,10,4,9,5,4,41,4,37
S01010157,Families with dependent children: Youngest aged 0 to 4,16,7,5,3,2,2,1,1,9,1,8
S01010157,Families with dependent children: Youngest aged 5 to 11,23,8,5,4,1,3,1,2,15,1,14
S01010157,Families with dependent children: Youngest aged 12 to 18,25,8,4,3,1,4,3,1,17,2,15
S01010158,All families in households,264,169,135,131,4,34,31,3,95,14,81
S01010158,Families with no dependent children,167,119,100,99,1,19,19,0,48,11,37
S01010158,Families with dependent children: Total,97,50,35,32,3,15,12,3,47,3,44
S01010158,Families with dependent children: Youngest aged 0 to 4,37,21,11,10,1,10,9,1,16,0,16
S01010158,Families with dependent children: Youngest aged 5 to 11,34,16,12,11,1,4,3,1,18,2,16
S01010158,Families with dependent children: Youngest aged 12 to 18,26,13,12,11,1,1,0,1,13,1,12
S01010159,All families in households,208,135,111,109,2,24,21,3,73,12,61
S01010159,Families with no dependent children,137,99,84,82,2,15,14,1,38,11,27
S01010159,Families with dependent children: Total,71,36,27,27,0,9,7,2,35,1,34
S01010159,Families with dependent children: Youngest aged 0 to 4,24,11,9,9,0,2,1,1,13,1,12
S01010159,Families with dependent children: Youngest aged 5 to 11,29,16,11,11,0,5,4,1,13,0,13
S01010159,Families with dependent children: Youngest aged 12 to 18,18,9,7,7,0,2,2,0,9,0,9
S01010160,All families in households,140,101,62,59,3,39,36,3,39,2,37
S01010160,Families with no dependent children,57,48,25,24,1,23,23,0,9,2,7
S01010160,Families with dependent children: Total,83,53,37,35,2,16,13,3,30,0,30
S01010160,Families with dependent children: Youngest aged 0 to 4,46,34,21,20,1,13,11,2,12,0,12
S01010160,Families with dependent children: Youngest aged 5 to 11,23,11,9,9,0,2,1,1,12,0,12
S01010160,Families with dependent children: Youngest aged 12 to 18,14,8,7,6,1,1,1,0,6,0,6
S01010161,All families in households,183,118,83,78,5,35,31,4,65,6,59
S01010161,Families with no dependent children,79,57,38,37,1,19,16,3,22,2,20
S01010161,Families with dependent children: Total,104,61,45,41,4,16,15,1,43,4,39
S01010161,Families with dependent children: Youngest aged 0 to 4,26,17,12,11,1,5,5,0,9,0,9
S01010161,Families with dependent children: Youngest aged 5 to 11,44,25,18,18,0,7,7,0,19,1,18
S01010161,Families with dependent children: Youngest aged 12 to 18,34,19,15,12,3,4,3,1,15,3,12
S01010162,All families in households,230,63,36,33,3,27,20,7,167,19,148
S01010162,Families with no dependent children,75,32,24,23,1,8,7,1,43,8,35
S01010162,Families with dependent children: Total,155,31,12,10,2,19,13,6,124,11,113
S01010162,Families with dependent children: Youngest aged 0 to 4,51,17,5,4,1,12,8,4,34,1,33
S01010162,Families with dependent children: Youngest aged 5 to 11,53,7,2,2,0,5,4,1,46,4,42
S01010162,Families with dependent children: Youngest aged 12 to 18,51,7,5,4,1,2,1,1,44,6,38
S01010163,All families in households,182,97,73,68,5,24,22,2,85,6,79
S01010163,Families with no dependent children,92,65,55,53,2,10,10,0,27,4,23
S01010163,Families with dependent children: Total,90,32,18,15,3,14,12,2,58,2,56
S01010163,Families with dependent children: Youngest aged 0 to 4,28,11,3,3,0,8,6,2,17,0,17
S01010163,Families with dependent children: Youngest aged 5 to 11,33,12,8,6,2,4,4,0,21,0,21
S01010163,Families with dependent children: Youngest aged 12 to 18,29,9,7,6,1,2,2,0,20,2,18
S01010164,All families in households,214,125,96,89,7,29,23,6,89,17,72
S01010164,Families with no dependent children,112,82,71,67,4,11,8,3,30,9,21
S01010164,Families with dependent children: Total,102,43,25,22,3,18,15,3,59,8,51
S01010164,Families with dependent children: Youngest aged 0 to 4,39,18,10,9,1,8,8,0,21,4,17
S01010164,Families with dependent children: Youngest aged 5 to 11,36,15,8,7,1,7,6,1,21,4,17
S01010164,Families with dependent children: Youngest aged 12 to 18,27,10,7,6,1,3,1,2,17,0,17
S01010165,All families in households,187,78,58,57,1,20,16,4,109,10,99
S01010165,Families with no dependent children,100,63,51,50,1,12,9,3,37,5,32
S01010165,Families with dependent children: Total,87,15,7,7,0,8,7,1,72,5,67
S01010165,Families with dependent children: Youngest aged 0 to 4,40,8,3,3,0,5,4,1,32,0,32
S01010165,Families with dependent children: Youngest aged 5 to 11,26,4,3,3,0,1,1,0,22,3,19
S01010165,Families with dependent children: Youngest aged 12 to 18,21,3,1,1,0,2,2,0,18,2,16
S01010166,All families in households,200,129,105,101,4,24,22,2,71,9,62
S01010166,Families with no dependent children,121,93,83,82,1,10,10,0,28,8,20
S01010166,Families with dependent children: Total,79,36,22,19,3,14,12,2,43,1,42
S01010166,Families with dependent children: Youngest aged 0 to 4,34,16,7,7,0,9,9,0,18,0,18
S01010166,Families with dependent children: Youngest aged 5 to 11,21,8,7,7,0,1,1,0,13,1,12
S01010166,Families with dependent children: Youngest aged 12 to 18,24,12,8,5,3,4,2,2,12,0,12
S01010167,All families in households,218,135,112,109,3,23,20,3,83,10,73
S01010167,Families with no dependent children,140,114,102,100,2,12,11,1,26,7,19
S01010167,Families with dependent children: Total,78,21,10,9,1,11,9,2,57,3,54
S01010167,Families with dependent children: Youngest aged 0 to 4,37,10,5,5,0,5,5,0,27,0,27
S01010167,Families with dependent children: Youngest aged 5 to 11,18,5,1,1,0,4,3,1,13,1,12
S01010167,Families with dependent children: Youngest aged 12 to 18,23,6,4,3,1,2,1,1,17,2,15
S01010168,All families in households,157,88,55,50,5,33,29,4,69,4,65
S01010168,Families with no dependent children,74,54,35,33,2,19,19,0,20,2,18
S01010168,Families with dependent children: Total,83,34,20,17,3,14,10,4,49,2,47
S01010168,Families with dependent children: Youngest aged 0 to 4,36,19,11,11,0,8,7,1,17,0,17
S01010168,Families with dependent children: Youngest aged 5 to 11,25,10,6,5,1,4,2,2,15,1,14
S01010168,Families with dependent children: Youngest aged 12 to 18,22,5,3,1,2,2,1,1,17,1,16
S01010169,All families in households,251,137,84,79,5,53,43,10,114,13,101
S01010169,Families with no dependent children,110,76,53,50,3,23,23,0,34,9,25
S01010169,Families with dependent children: Total,141,61,31,29,2,30,20,10,80,4,76
S01010169,Families with dependent children: Youngest aged 0 to 4,64,32,15,14,1,17,12,5,32,0,32
S01010169,Families with dependent children: Youngest aged 5 to 11,35,15,5,4,1,10,7,3,20,2,18
S01010169,Families with dependent children: Youngest aged 12 to 18,42,14,11,11,0,3,1,2,28,2,26
S01010170,All families in households,160,82,56,53,3,26,23,3,78,9,69
S01010170,Families with no dependent children,91,67,51,49,2,16,16,0,24,4,20
S01010170,Families with dependent children: Total,69,15,5,4,1,10,7,3,54,5,49
S01010170,Families with dependent children: Youngest aged 0 to 4,39,6,1,1,0,5,5,0,33,1,32
S01010170,Families with dependent children: Youngest aged 5 to 11,17,6,1,1,0,5,2,3,11,1,10
S01010170,Families with dependent children: Youngest aged 12 to 18,13,3,3,2,1,0,0,0,10,3,7
S01010171,All families in households,279,114,71,65,6,43,38,5,165,11,154
S01010171,Families with no dependent children,105,63,45,44,1,18,16,2,42,5,37
S01010171,Families with dependent children: Total,174,51,26,21,5,25,22,3,123,6,117
S01010171,Families with dependent children: Youngest aged 0 to 4,74,27,11,10,1,16,14,2,47,0,47
S01010171,Families with dependent children: Youngest aged 5 to 11,52,14,7,6,1,7,7,0,38,2,36
S01010171,Families with dependent children: Youngest aged 12 to 18,48,10,8,5,3,2,1,1,38,4,34
S01010172,All families in households,163,97,62,61,1,35,32,3,66,6,60
S01010172,Families with no dependent children,100,81,52,52,0,29,29,0,19,2,17
S01010172,Families with dependent children: Total,63,16,10,9,1,6,3,3,47,4,43
S01010172,Families with dependent children: Youngest aged 0 to 4,20,7,4,3,1,3,2,1,13,0,13
S01010172,Families with dependent children: Youngest aged 5 to 11,29,4,4,4,0,0,0,0,25,4,21
S01010172,Families with dependent children: Youngest aged 12 to 18,14,5,2,2,0,3,1,2,9,0,9
S01010173,All families in households,215,143,118,108,10,25,21,4,72,13,59
S01010173,Families with no dependent children,133,97,84,80,4,13,13,0,36,7,29
S01010173,Families with dependent children: Total,82,46,34,28,6,12,8,4,36,6,30
S01010173,Families with dependent children: Youngest aged 0 to 4,31,19,10,9,1,9,6,3,12,1,11
S01010173,Families with dependent children: Youngest aged 5 to 11,20,11,11,9,2,0,0,0,9,3,6
S01010173,Families with dependent children: Youngest aged 12 to 18,31,16,13,10,3,3,2,1,15,2,13
S01010174,All families in households,155,120,102,101,1,18,15,3,35,7,28
S01010174,Families with no dependent children,96,76,70,69,1,6,5,1,20,6,14
S01010174,Families with dependent children: Total,59,44,32,32,0,12,10,2,15,1,14
S01010174,Families with dependent children: Youngest aged 0 to 4,13,9,5,5,0,4,4,0,4,0,4
S01010174,Families with dependent children: Youngest aged 5 to 11,31,21,15,15,0,6,4,2,10,1,9
S01010174,Families with dependent children: Youngest aged 12 to 18,15,14,12,12,0,2,2,0,1,0,1
S01010175,All families in households,127,84,64,62,2,20,18,2,43,6,37
S01010175,Families with no dependent children,70,53,43,43,0,10,10,0,17,4,13
S01010175,Families with dependent children: Total,57,31,21,19,2,10,8,2,26,2,24
S01010175,Families with dependent children: Youngest aged 0 to 4,28,15,9,7,2,6,6,0,13,0,13
S01010175,Families with dependent children: Youngest aged 5 to 11,18,9,5,5,0,4,2,2,9,2,7
S01010175,Families with dependent children: Youngest aged 12 to 18,11,7,7,7,0,0,0,0,4,0,4
S01010176,All families in households,176,114,89,88,1,25,21,4,62,11,51
S01010176,Families with no dependent children,99,73,60,60,0,13,11,2,26,6,20
S01010176,Families with dependent children: Total,77,41,29,28,1,12,10,2,36,5,31
S01010176,Families with dependent children: Youngest aged 0 to 4,28,15,11,11,0,4,4,0,13,1,12
S01010176,Families with dependent children: Youngest aged 5 to 11,24,12,7,7,0,5,3,2,12,0,12
S01010176,Families with dependent children: Youngest aged 12 to 18,25,14,11,10,1,3,3,0,11,4,7
S01010177,All families in households,222,97,70,67,3,27,24,3,125,15,110
S01010177,Families with no dependent children,103,58,47,45,2,11,10,1,45,12,33
S01010177,Families with dependent children: Total,119,39,23,22,1,16,14,2,80,3,77
S01010177,Families with dependent children: Youngest aged 0 to 4,53,19,10,10,0,9,7,2,34,1,33
S01010177,Families with dependent children: Youngest aged 5 to 11,34,7,4,3,1,3,3,0,27,0,27
S01010177,Families with dependent children: Youngest aged 12 to 18,32,13,9,9,0,4,4,0,19,2,17
S01010178,All families in households,274,126,87,80,7,39,26,13,148,11,137
S01010178,Families with no dependent children,113,67,50,47,3,17,13,4,46,8,38
S01010178,Families with dependent children: Total,161,59,37,33,4,22,13,9,102,3,99
S01010178,Families with dependent children: Youngest aged 0 to 4,68,26,12,11,1,14,8,6,42,0,42
S01010178,Families with dependent children: Youngest aged 5 to 11,53,19,16,15,1,3,1,2,34,1,33
S01010178,Families with dependent children: Youngest aged 12 to 18,40,14,9,7,2,5,4,1,26,2,24
S01010179,All families in households,243,124,95,92,3,29,26,3,119,11,108
S01010179,Families with no dependent children,137,89,76,74,2,13,11,2,48,10,38
S01010179,Families with dependent children: Total,106,35,19,18,1,16,15,1,71,1,70
S01010179,Families with dependent children: Youngest aged 0 to 4,44,12,4,4,0,8,8,0,32,1,31
S01010179,Families with dependent children: Youngest aged 5 to 11,34,12,8,7,1,4,3,1,22,0,22
S01010179,Families with dependent children: Youngest aged 12 to 18,28,11,7,7,0,4,4,0,17,0,17
S01010180,All families in households,171,112,77,73,4,35,32,3,59,6,53
S01010180,Families with no dependent children,71,59,39,38,1,20,20,0,12,3,9
S01010180,Families with dependent children: Total,100,53,38,35,3,15,12,3,47,3,44
S01010180,Families with dependent children: Youngest aged 0 to 4,62,39,32,29,3,7,6,1,23,1,22
S01010180,Families with dependent children: Youngest aged 5 to 11,27,12,6,6,0,6,5,1,15,1,14
S01010180,Families with dependent children: Youngest aged 12 to 18,11,2,0,0,0,2,1,1,9,1,8
S01010181,All families in households,179,85,69,68,1,16,12,4,94,10,84
S01010181,Families with no dependent children,92,61,53,53,0,8,6,2,31,6,25
S01010181,Families with dependent children: Total,87,24,16,15,1,8,6,2,63,4,59
S01010181,Families with dependent children: Youngest aged 0 to 4,34,13,9,9,0,4,4,0,21,0,21
S01010181,Families with dependent children: Youngest aged 5 to 11,31,8,4,3,1,4,2,2,23,2,21
S01010181,Families with dependent children: Youngest aged 12 to 18,22,3,3,3,0,0,0,0,19,2,17
S01010182,All families in households,212,178,145,143,2,33,30,3,34,3,31
S01010182,Families with no dependent children,148,136,109,109,0,27,27,0,12,1,11
S01010182,Families with dependent children: Total,64,42,36,34,2,6,3,3,22,2,20
S01010182,Families with dependent children: Youngest aged 0 to 4,22,13,9,8,1,4,1,3,9,0,9
S01010182,Families with dependent children: Youngest aged 5 to 11,22,14,12,11,1,2,2,0,8,2,6
S01010182,Families with dependent children: Youngest aged 12 to 18,20,15,15,15,0,0,0,0,5,0,5
S01010183,All families in households,139,74,62,58,4,12,12,0,65,1,64
S01010183,Families with no dependent children,84,57,49,47,2,8,8,0,27,0,27
S01010183,Families with dependent children: Total,55,17,13,11,2,4,4,0,38,1,37
S01010183,Families with dependent children: Youngest aged 0 to 4,18,5,3,2,1,2,2,0,13,0,13
S01010183,Families with dependent children: Youngest aged 5 to 11,23,7,5,5,0,2,2,0,16,0,16
S01010183,Families with dependent children: Youngest aged 12 to 18,14,5,5,4,1,0,0,0,9,1,8
S01010184,All families in households,177,83,67,60,7,16,13,3,94,9,85
S01010184,Families with no dependent children,87,55,50,47,3,5,5,0,32,5,27
S01010184,Families with dependent children: Total,90,28,17,13,4,11,8,3,62,4,58
S01010184,Families with dependent children: Youngest aged 0 to 4,28,11,4,1,3,7,7,0,17,0,17
S01010184,Families with dependent children: Youngest aged 5 to 11,30,6,3,3,0,3,1,2,24,2,22
S01010184,Families with dependent children: Youngest aged 12 to 18,32,11,10,9,1,1,0,1,21,2,19
S01010185,All families in households,182,90,64,64,0,26,21,5,92,10,82
S01010185,Families with no dependent children,78,55,45,45,0,10,9,1,23,7,16
S01010185,Families with dependent children: Total,104,35,19,19,0,16,12,4,69,3,66
S01010185,Families with dependent children: Youngest aged 0 to 4,43,17,8,8,0,9,7,2,26,2,24
S01010185,Families with dependent children: Youngest aged 5 to 11,24,9,6,6,0,3,2,1,15,0,15
S01010185,Families with dependent children: Youngest aged 12 to 18,37,9,5,5,0,4,3,1,28,1,27
S01010186,All families in households,199,157,135,132,3,22,19,3,42,1,41
S01010186,Families with no dependent children,107,93,83,83,0,10,8,2,14,1,13
S01010186,Families with dependent children: Total,92,64,52,49,3,12,11,1,28,0,28
S01010186,Families with dependent children: Youngest aged 0 to 4,38,26,20,19,1,6,6,0,12,0,12
S01010186,Families with dependent children: Youngest aged 5 to 11,19,11,7,6,1,4,3,1,8,0,8
S01010186,Families with dependent children: Youngest aged 12 to 18,35,27,25,24,1,2,2,0,8,0,8
S01010187,All families in households,195,152,124,123,1,28,25,3,43,2,41
S01010187,Families with no dependent children,121,104,87,87,0,17,15,2,17,2,15
S01010187,Families with dependent children: Total,74,48,37,36,1,11,10,1,26,0,26
S01010187,Families with dependent children: Youngest aged 0 to 4,28,21,13,13,0,8,8,0,7,0,7
S01010187,Families with dependent children: Youngest aged 5 to 11,19,15,14,13,1,1,0,1,4,0,4
S01010187,Families with dependent children: Youngest aged 12 to 18,27,12,10,10,0,2,2,0,15,0,15
S01010188,All families in households,203,165,131,126,5,34,32,2,38,5,33
S01010188,Families with no dependent children,124,106,81,78,3,25,25,0,18,4,14
S01010188,Families with dependent children: Total,79,59,50,48,2,9,7,2,20,1,19
S01010188,Families with dependent children: Youngest aged 0 to 4,31,23,15,15,0,8,7,1,8,0,8
S01010188,Families with dependent children: Youngest aged 5 to 11,27,18,18,16,2,0,0,0,9,0,9
S01010188,Families with dependent children: Youngest aged 12 to 18,21,18,17,17,0,1,0,1,3,1,2
S01010189,All families in households,285,254,214,204,10,40,32,8,31,4,27
S01010189,Families with no dependent children,121,112,90,87,3,22,22,0,9,1,8
S01010189,Families with dependent children: Total,164,142,124,117,7,18,10,8,22,3,19
S01010189,Families with dependent children: Youngest aged 0 to 4,64,58,48,48,0,10,7,3,6,3,3
S01010189,Families with dependent children: Youngest aged 5 to 11,57,48,43,39,4,5,3,2,9,0,9
S01010189,Families with dependent children: Youngest aged 12 to 18,43,36,33,30,3,3,0,3,7,0,7
S01010190,All families in households,231,201,165,157,8,36,33,3,30,4,26
S01010190,Families with no dependent children,118,110,85,83,2,25,24,1,8,3,5
S01010190,Families with dependent children: Total,113,91,80,74,6,11,9,2,22,1,21
S01010190,Families with dependent children: Youngest aged 0 to 4,57,51,43,42,1,8,7,1,6,1,5
S01010190,Families with dependent children: Youngest aged 5 to 11,28,21,20,17,3,1,1,0,7,0,7
S01010190,Families with dependent children: Youngest aged 12 to 18,28,19,17,15,2,2,1,1,9,0,9
S01010191,All families in households,210,169,140,128,12,29,25,4,41,5,36
S01010191,Families with no dependent children,79,72,54,52,2,18,15,3,7,2,5
S01010191,Families with dependent children: Total,131,97,86,76,10,11,10,1,34,3,31
S01010191,Families with dependent children: Youngest aged 0 to 4,57,42,36,33,3,6,5,1,15,1,14
S01010191,Families with dependent children: Youngest aged 5 to 11,41,34,31,26,5,3,3,0,7,0,7
S01010191,Families with dependent children: Youngest aged 12 to 18,33,21,19,17,2,2,2,0,12,2,10
S01010192,All families in households,254,217,184,181,3,33,31,2,37,4,33
S01010192,Families with no dependent children,98,92,74,72,2,18,18,0,6,1,5
S01010192,Families with dependent children: Total,156,125,110,109,1,15,13,2,31,3,28
S01010192,Families with dependent children: Youngest aged 0 to 4,62,52,46,46,0,6,6,0,10,1,9
S01010192,Families with dependent children: Youngest aged 5 to 11,56,45,39,38,1,6,5,1,11,1,10
S01010192,Families with dependent children: Youngest aged 12 to 18,38,28,25,25,0,3,2,1,10,1,9
S01010193,All families in households,209,173,139,136,3,34,27,7,36,8,28
S01010193,Families with no dependent children,111,103,86,84,2,17,15,2,8,4,4
S01010193,Families with dependent children: Total,98,70,53,52,1,17,12,5,28,4,24
S01010193,Families with dependent children: Youngest aged 0 to 4,39,30,19,18,1,11,9,2,9,2,7
S01010193,Families with dependent children: Youngest aged 5 to 11,19,14,13,13,0,1,0,1,5,0,5
S01010193,Families with dependent children: Youngest aged 12 to 18,40,26,21,21,0,5,3,2,14,2,12
S01010194,All families in households,176,104,88,77,11,16,13,3,72,11,61
S01010194,Families with no dependent children,118,73,63,56,7,10,9,1,45,8,37
S01010194,Families with dependent children: Total,58,31,25,21,4,6,4,2,27,3,24
S01010194,Families with dependent children: Youngest aged 0 to 4,15,8,5,4,1,3,3,0,7,0,7
S01010194,Families with dependent children: Youngest aged 5 to 11,17,7,6,5,1,1,1,0,10,0,10
S01010194,Families with dependent children: Youngest aged 12 to 18,26,16,14,12,2,2,0,2,10,3,7
S01010195,All families in households,143,98,82,79,3,16,14,2,45,4,41
S01010195,Families with no dependent children,71,55,49,47,2,6,6,0,16,1,15
S01010195,Families with dependent children: Total,72,43,33,32,1,10,8,2,29,3,26
S01010195,Families with dependent children: Youngest aged 0 to 4,15,7,5,5,0,2,2,0,8,0,8
S01010195,Families with dependent children: Youngest aged 5 to 11,32,19,13,13,0,6,5,1,13,1,12
S01010195,Families with dependent children: Youngest aged 12 to 18,25,17,15,14,1,2,1,1,8,2,6
S01010196,All families in households,207,126,107,102,5,19,15,4,81,12,69
S01010196,Families with no dependent children,135,95,83,79,4,12,10,2,40,8,32
S01010196,Families with dependent children: Total,72,31,24,23,1,7,5,2,41,4,37
S01010196,Families with dependent children: Youngest aged 0 to 4,21,7,3,2,1,4,3,1,14,1,13
S01010196,Families with dependent children: Youngest aged 5 to 11,21,11,9,9,0,2,1,1,10,3,7
S01010196,Families with dependent children: Youngest aged 12 to 18,30,13,12,12,0,1,1,0,17,0,17
S01010197,All families in households,203,102,73,64,9,29,22,7,101,8,93
S01010197,Families with no dependent children,118,65,52,47,5,13,11,2,53,7,46
S01010197,Families with dependent children: Total,85,37,21,17,4,16,11,5,48,1,47
S01010197,Families with dependent children: Youngest aged 0 to 4,21,6,2,2,0,4,3,1,15,0,15
S01010197,Families with dependent children: Youngest aged 5 to 11,32,17,8,5,3,9,6,3,15,0,15
S01010197,Families with dependent children: Youngest aged 12 to 18,32,14,11,10,1,3,2,1,18,1,17
S01010198,All families in households,267,160,128,122,6,32,27,5,107,11,96
S01010198,Families with no dependent children,148,101,79,76,3,22,21,1,47,7,40
S01010198,Families with dependent children: Total,119,59,49,46,3,10,6,4,60,4,56
S01010198,Families with dependent children: Youngest aged 0 to 4,22,16,9,9,0,7,4,3,6,0,6
S01010198,Families with dependent children: Youngest aged 5 to 11,42,17,14,14,0,3,2,1,25,2,23
S01010198,Families with dependent children: Youngest aged 12 to 18,55,26,26,23,3,0,0,0,29,2,27
S01010199,All families in households,166,71,56,48,8,15,13,2,95,9,86
S01010199,Families with no dependent children,91,53,46,42,4,7,6,1,38,8,30
S01010199,Families with dependent children: Total,75,18,10,6,4,8,7,1,57,1,56
S01010199,Families with dependent children: Youngest aged 0 to 4,30,6,4,3,1,2,2,0,24,0,24
S01010199,Families with dependent children: Youngest aged 5 to 11,22,6,1,0,1,5,4,1,16,0,16
S01010199,Families with dependent children: Youngest aged 12 to 18,23,6,5,3,2,1,1,0,17,1,16
S01010200,All families in households,194,128,104,99,5,24,21,3,66,8,58
S01010200,Families with no dependent children,127,93,80,78,2,13,11,2,34,7,27
S01010200,Families with dependent children: Total,67,35,24,21,3,11,10,1,32,1,31
S01010200,Families with dependent children: Youngest aged 0 to 4,20,9,5,5,0,4,4,0,11,0,11
S01010200,Families with dependent children: Youngest aged 5 to 11,29,15,9,8,1,6,5,1,14,1,13
S01010200,Families with dependent children: Youngest aged 12 to 18,18,11,10,8,2,1,1,0,7,0,7
S01010201,All families in households,190,143,115,107,8,28,19,9,47,6,41
S01010201,Families with no dependent children,104,88,77,72,5,11,8,3,16,4,12
S01010201,Families with dependent children: Total,86,55,38,35,3,17,11,6,31,2,29
S01010201,Families with dependent children: Youngest aged 0 to 4,33,17,12,11,1,5,4,1,16,1,15
S01010201,Families with dependent children: Youngest aged 5 to 11,24,18,13,11,2,5,5,0,6,0,6
S01010201,Families with dependent children: Youngest aged 12 to 18,29,20,13,13,0,7,2,5,9,1,8
S01010202,All families in households,216,78,41,38,3,37,33,4,138,15,123
S01010202,Families with no dependent children,50,22,11,10,1,11,10,1,28,7,21
S01010202,Families with dependent children: Total,166,56,30,28,2,26,23,3,110,8,102
S01010202,Families with dependent children: Youngest aged 0 to 4,85,37,20,19,1,17,14,3,48,2,46
S01010202,Families with dependent children: Youngest aged 5 to 11,57,17,9,8,1,8,8,0,40,4,36
S01010202,Families with dependent children: Youngest aged 12 to 18,24,2,1,1,0,1,1,0,22,2,20
S01010203,All families in households,211,162,123,119,4,39,34,5,49,5,44
S01010203,Families with no dependent children,102,90,70,68,2,20,20,0,12,3,9
S01010203,Families with dependent children: Total,109,72,53,51,2,19,14,5,37,2,35
S01010203,Families with dependent children: Youngest aged 0 to 4,38,25,14,14,0,11,8,3,13,0,13
S01010203,Families with dependent children: Youngest aged 5 to 11,39,25,21,21,0,4,3,1,14,1,13
S01010203,Families with dependent children: Youngest aged 12 to 18,32,22,18,16,2,4,3,1,10,1,9
S01010204,All families in households,224,95,62,59,3,33,31,2,129,13,116
S01010204,Families with no dependent children,109,61,40,38,2,21,20,1,48,7,41
S01010204,Families with dependent children: Total,115,34,22,21,1,12,11,1,81,6,75
S01010204,Families with dependent children: Youngest aged 0 to 4,40,11,4,4,0,7,7,0,29,1,28
S01010204,Families with dependent children: Youngest aged 5 to 11,42,12,9,9,0,3,2,1,30,2,28
S01010204,Families with dependent children: Youngest aged 12 to 18,33,11,9,8,1,2,2,0,22,3,19
S01010205,All families in households,183,109,74,72,2,35,31,4,74,6,68
S01010205,Families with no dependent children,112,84,60,60,0,24,22,2,28,2,26
S01010205,Families with dependent children: Total,71,25,14,12,2,11,9,2,46,4,42
S01010205,Families with dependent children: Youngest aged 0 to 4,25,11,7,7,0,4,3,1,14,1,13
S01010205,Families with dependent children: Youngest aged 5 to 11,20,5,0,0,0,5,4,1,15,2,13
S01010205,Families with dependent children: Youngest aged 12 to 18,26,9,7,5,2,2,2,0,17,1,16
S01010206,All families in households,142,49,33,33,0,16,15,1,93,4,89
S01010206,Families with no dependent children,19,12,8,8,0,4,4,0,7,0,7
S01010206,Families with dependent children: Total,123,37,25,25,0,12,11,1,86,4,82
S01010206,Families with dependent children: Youngest aged 0 to 4,100,31,19,19,0,12,11,1,69,1,68
S01010206,Families with dependent children: Youngest aged 5 to 11,15,4,4,4,0,0,0,0,11,0,11
S01010206,Families with dependent children: Youngest aged 12 to 18,8,2,2,2,0,0,0,0,6,3,3
S01010207,All families in households,165,79,68,68,0,11,10,1,86,10,76
S01010207,Families with no dependent children,43,27,21,21,0,6,6,0,16,3,13
S01010207,Families with dependent children: Total,122,52,47,47,0,5,4,1,70,7,63
S01010207,Families with dependent children: Youngest aged 0 to 4,59,33,29,29,0,4,4,0,26,2,24
S01010207,Families with dependent children: Youngest aged 5 to 11,40,10,9,9,0,1,0,1,30,2,28
S01010207,Families with dependent children: Youngest aged 12 to 18,23,9,9,9,0,0,0,0,14,3,11
S01010208,All families in households,202,138,90,84,6,48,45,3,64,8,56
S01010208,Families with no dependent children,119,102,64,59,5,38,36,2,17,3,14
S01010208,Families with dependent children: Total,83,36,26,25,1,10,9,1,47,5,42
S01010208,Families with dependent children: Youngest aged 0 to 4,37,17,11,11,0,6,5,1,20,2,18
S01010208,Families with dependent children: Youngest aged 5 to 11,18,9,6,6,0,3,3,0,9,0,9
S01010208,Families with dependent children: Youngest aged 12 to 18,28,10,9,8,1,1,1,0,18,3,15
S01010209,All families in households,242,143,99,95,4,44,40,4,99,12,87
S01010209,Families with no dependent children,139,105,74,71,3,31,29,2,34,9,25
S01010209,Families with dependent children: Total,103,38,25,24,1,13,11,2,65,3,62
S01010209,Families with dependent children: Youngest aged 0 to 4,37,12,8,8,0,4,4,0,25,0,25
S01010209,Families with dependent children: Youngest aged 5 to 11,35,12,7,6,1,5,4,1,23,0,23
S01010209,Families with dependent children: Youngest aged 12 to 18,31,14,10,10,0,4,3,1,17,3,14
S01010210,All families in households,244,181,141,136,5,40,33,7,63,8,55
S01010210,Families with no dependent children,153,125,104,102,2,21,20,1,28,7,21
S01010210,Families with dependent children: Total,91,56,37,34,3,19,13,6,35,1,34
S01010210,Families with dependent children: Youngest aged 0 to 4,33,20,9,8,1,11,7,4,13,1,12
S01010210,Families with dependent children: Youngest aged 5 to 11,32,22,14,12,2,8,6,2,10,0,10
S01010210,Families with dependent children: Youngest aged 12 to 18,26,14,14,14,0,0,0,0,12,0,12
S01010211,All families in households,228,132,97,91,6,35,32,3,96,4,92
S01010211,Families with no dependent children,114,86,71,69,2,15,14,1,28,2,26
S01010211,Families with dependent children: Total,114,46,26,22,4,20,18,2,68,2,66
S01010211,Families with dependent children: Youngest aged 0 to 4,35,16,4,3,1,12,12,0,19,0,19
S01010211,Families with dependent children: Youngest aged 5 to 11,34,8,7,7,0,1,1,0,26,1,25
S01010211,Families with dependent children: Youngest aged 12 to 18,45,22,15,12,3,7,5,2,23,1,22
S01010212,All families in households,259,121,81,77,4,40,32,8,138,17,121
S01010212,Families with no dependent children,116,70,47,46,1,23,20,3,46,10,36
S01010212,Families with dependent children: Total,143,51,34,31,3,17,12,5,92,7,85
S01010212,Families with dependent children: Youngest aged 0 to 4,52,16,11,9,2,5,4,1,36,0,36
S01010212,Families with dependent children: Youngest aged 5 to 11,51,18,11,11,0,7,5,2,33,6,27
S01010212,Families with dependent children: Youngest aged 12 to 18,40,17,12,11,1,5,3,2,23,1,22
S01010213,All families in households,263,175,124,113,11,51,47,4,88,10,78
S01010213,Families with no dependent children,165,128,98,93,5,30,29,1,37,7,30
S01010213,Families with dependent children: Total,98,47,26,20,6,21,18,3,51,3,48
S01010213,Families with dependent children: Youngest aged 0 to 4,32,19,9,6,3,10,9,1,13,1,12
S01010213,Families with dependent children: Youngest aged 5 to 11,31,16,10,9,1,6,5,1,15,1,14
S01010213,Families with dependent children: Youngest aged 12 to 18,35,12,7,5,2,5,4,1,23,1,22
S01010214,All families in households,289,215,178,169,9,37,32,5,74,5,69
S01010214,Families with no dependent children,169,142,122,119,3,20,18,2,27,1,26
S01010214,Families with dependent children: Total,120,73,56,50,6,17,14,3,47,4,43
S01010214,Families with dependent children: Youngest aged 0 to 4,39,24,16,15,1,8,8,0,15,1,14
S01010214,Families with dependent children: Youngest aged 5 to 11,43,24,19,17,2,5,4,1,19,1,18
S01010214,Families with dependent children: Youngest aged 12 to 18,38,25,21,18,3,4,2,2,13,2,11
S01010215,All families in households,214,93,65,63,2,28,24,4,121,16,105
S01010215,Families with no dependent children,108,66,50,50,0,16,14,2,42,9,33
S01010215,Families with dependent children: Total,106,27,15,13,2,12,10,2,79,7,72
S01010215,Families with dependent children: Youngest aged 0 to 4,49,11,5,5,0,6,6,0,38,1,37
S01010215,Families with dependent children: Youngest aged 5 to 11,21,8,4,4,0,4,3,1,13,1,12
S01010215,Families with dependent children: Youngest aged 12 to 18,36,8,6,4,2,2,1,1,28,5,23
S01010216,All families in households,153,79,50,49,1,29,22,7,74,6,68
S01010216,Families with no dependent children,85,54,35,35,0,19,17,2,31,5,26
S01010216,Families with dependent children: Total,68,25,15,14,1,10,5,5,43,1,42
S01010216,Families with dependent children: Youngest aged 0 to 4,29,12,8,8,0,4,4,0,17,1,16
S01010216,Families with dependent children: Youngest aged 5 to 11,22,9,5,5,0,4,1,3,13,0,13
S01010216,Families with dependent children: Youngest aged 12 to 18,17,4,2,1,1,2,0,2,13,0,13
S01010217,All families in households,197,90,46,45,1,44,40,4,107,9,98
S01010217,Families with no dependent children,81,55,31,30,1,24,23,1,26,5,21
S01010217,Families with dependent children: Total,116,35,15,15,0,20,17,3,81,4,77
S01010217,Families with dependent children: Youngest aged 0 to 4,45,15,7,7,0,8,7,1,30,0,30
S01010217,Families with dependent children: Youngest aged 5 to 11,48,15,6,6,0,9,7,2,33,1,32
S01010217,Families with dependent children: Youngest aged 12 to 18,23,5,2,2,0,3,3,0,18,3,15
S01010218,All families in households,247,148,81,78,3,67,63,4,99,13,86
S01010218,Families with no dependent children,122,89,46,44,2,43,43,0,33,11,22
S01010218,Families with dependent children: Total,125,59,35,34,1,24,20,4,66,2,64
S01010218,Families with dependent children: Youngest aged 0 to 4,66,37,22,22,0,15,13,2,29,0,29
S01010218,Families with dependent children: Youngest aged 5 to 11,33,15,9,9,0,6,5,1,18,0,18
S01010218,Families with dependent children: Youngest aged 12 to 18,26,7,4,3,1,3,2,1,19,2,17
S01010219,All families in households,102,53,39,35,4,14,14,0,49,5,44
S01010219,Families with no dependent children,36,21,16,14,2,5,5,0,15,2,13
S01010219,Families with dependent children: Total,66,32,23,21,2,9,9,0,34,3,31
S01010219,Families with dependent children: Youngest aged 0 to 4,36,24,18,17,1,6,6,0,12,1,11
S01010219,Families with dependent children: Youngest aged 5 to 11,19,5,2,2,0,3,3,0,14,1,13
S01010219,Families with dependent children: Youngest aged 12 to 18,11,3,3,2,1,0,0,0,8,1,7
S01010220,All families in households,116,101,55,53,2,46,45,1,15,0,15
S01010220,Families with no dependent children,77,75,36,35,1,39,39,0,2,0,2
S01010220,Families with dependent children: Total,39,26,19,18,1,7,6,1,13,0,13
S01010220,Families with dependent children: Youngest aged 0 to 4,23,18,14,13,1,4,4,0,5,0,5
S01010220,Families with dependent children: Youngest aged 5 to 11,7,4,2,2,0,2,1,1,3,0,3
S01010220,Families with dependent children: Youngest aged 12 to 18,9,4,3,3,0,1,1,0,5,0,5
S01010221,All families in households,114,47,30,30,0,17,13,4,67,7,60
S01010221,Families with no dependent children,63,35,24,24,0,11,9,2,28,4,24
S01010221,Families with dependent children: Total,51,12,6,6,0,6,4,2,39,3,36
S01010221,Families with dependent children: Youngest aged 0 to 4,18,4,2,2,0,2,1,1,14,0,14
S01010221,Families with dependent children: Youngest aged 5 to 11,15,5,1,1,0,4,3,1,10,0,10
S01010221,Families with dependent children: Youngest aged 12 to 18,18,3,3,3,0,0,0,0,15,3,12
S01010222,All families in households,125,86,49,46,3,37,34,3,39,1,38
S01010222,Families with no dependent children,81,68,38,37,1,30,27,3,13,1,12
S01010222,Families with dependent children: Total,44,18,11,9,2,7,7,0,26,0,26
S01010222,Families with dependent children: Youngest aged 0 to 4,15,6,4,4,0,2,2,0,9,0,9
S01010222,Families with dependent children: Youngest aged 5 to 11,18,7,3,2,1,4,4,0,11,0,11
S01010222,Families with dependent children: Youngest aged 12 to 18,11,5,4,3,1,1,1,0,6,0,6
S01010223,All families in households,127,77,50,46,4,27,26,1,50,8,42
S01010223,Families with no dependent children,75,61,40,39,1,21,21,0,14,4,10
S01010223,Families with dependent children: Total,52,16,10,7,3,6,5,1,36,4,32
S01010223,Families with dependent children: Youngest aged 0 to 4,23,7,5,5,0,2,2,0,16,3,13
S01010223,Families with dependent children: Youngest aged 5 to 11,9,3,1,1,0,2,2,0,6,0,6
S01010223,Families with dependent children: Youngest aged 12 to 18,20,6,4,1,3,2,1,1,14,1,13
S01010224,All families in households,266,112,79,76,3,33,27,6,154,12,142
S01010224,Families with no dependent children,110,63,50,50,0,13,11,2,47,8,39
S01010224,Families with dependent children: Total,156,49,29,26,3,20,16,4,107,4,103
S01010224,Families with dependent children: Youngest aged 0 to 4,61,26,11,9,2,15,13,2,35,1,34
S01010224,Families with dependent children: Youngest aged 5 to 11,49,9,7,6,1,2,1,1,40,1,39
S01010224,Families with dependent children: Youngest aged 12 to 18,46,14,11,11,0,3,2,1,32,2,30
S01010225,All families in households,210,117,84,83,1,33,28,5,93,9,84
S01010225,Families with no dependent children,100,76,59,59,0,17,16,1,24,4,20
S01010225,Families with dependent children: Total,110,41,25,24,1,16,12,4,69,5,64
S01010225,Families with dependent children: Youngest aged 0 to 4,51,18,12,11,1,6,6,0,33,1,32
S01010225,Families with dependent children: Youngest aged 5 to 11,34,13,8,8,0,5,3,2,21,2,19
S01010225,Families with dependent children: Youngest aged 12 to 18,25,10,5,5,0,5,3,2,15,2,13
S01010226,All families in households,168,100,87,86,1,13,11,2,68,8,60
S01010226,Families with no dependent children,43,31,26,26,0,5,5,0,12,5,7
S01010226,Families with dependent children: Total,125,69,61,60,1,8,6,2,56,3,53
S01010226,Families with dependent children: Youngest aged 0 to 4,61,41,36,35,1,5,3,2,20,0,20
S01010226,Families with dependent children: Youngest aged 5 to 11,37,19,17,17,0,2,2,0,18,2,16
S01010226,Families with dependent children: Youngest aged 12 to 18,27,9,8,8,0,1,1,0,18,1,17
S01010227,All families in households,165,91,71,70,1,20,17,3,74,7,67
S01010227,Families with no dependent children,37,24,15,15,0,9,7,2,13,5,8
S01010227,Families with dependent children: Total,128,67,56,55,1,11,10,1,61,2,59
S01010227,Families with dependent children: Youngest aged 0 to 4,75,39,32,32,0,7,7,0,36,2,34
S01010227,Families with dependent children: Youngest aged 5 to 11,33,19,16,16,0,3,2,1,14,0,14
S01010227,Families with dependent children: Youngest aged 12 to 18,20,9,8,7,1,1,1,0,11,0,11
S01010228,All families in households,169,99,73,70,3,26,24,2,70,7,63
S01010228,Families with no dependent children,107,83,62,61,1,21,20,1,24,6,18
S01010228,Families with dependent children: Total,62,16,11,9,2,5,4,1,46,1,45
S01010228,Families with dependent children: Youngest aged 0 to 4,26,7,4,3,1,3,2,1,19,0,19
S01010228,Families with dependent children: Youngest aged 5 to 11,18,5,3,2,1,2,2,0,13,1,12
S01010228,Families with dependent children: Youngest aged 12 to 18,18,4,4,4,0,0,0,0,14,0,14
S01010229,All families in households,280,161,124,119,5,37,30,7,119,14,105
S01010229,Families with no dependent children,139,99,81,78,3,18,17,1,40,8,32
S01010229,Families with dependent children: Total,141,62,43,41,2,19,13,6,79,6,73
S01010229,Families with dependent children: Youngest aged 0 to 4,52,27,15,15,0,12,10,2,25,0,25
S01010229,Families with dependent children: Youngest aged 5 to 11,45,14,14,13,1,0,0,0,31,3,28
S01010229,Families with dependent children: Youngest aged 12 to 18,44,21,14,13,1,7,3,4,23,3,20
S01010230,All families in households,219,121,88,88,0,33,29,4,98,21,77
S01010230,Families with no dependent children,100,54,39,39,0,15,14,1,46,14,32
S01010230,Families with dependent children: Total,119,67,49,49,0,18,15,3,52,7,45
S01010230,Families with dependent children: Youngest aged 0 to 4,74,50,39,39,0,11,11,0,24,0,24
S01010230,Families with dependent children: Youngest aged 5 to 11,30,14,10,10,0,4,2,2,16,3,13
S01010230,Families with dependent children: Youngest aged 12 to 18,15,3,0,0,0,3,2,1,12,4,8
S01010231,All families in households,255,116,86,82,4,30,25,5,139,9,130
S01010231,Families with no dependent children,100,61,46,44,2,15,14,1,39,6,33
S01010231,Families with dependent children: Total,155,55,40,38,2,15,11,4,100,3,97
S01010231,Families with dependent children: Youngest aged 0 to 4,66,32,24,24,0,8,7,1,34,1,33
S01010231,Families with dependent children: Youngest aged 5 to 11,48,13,9,7,2,4,3,1,35,1,34
S01010231,Families with dependent children: Youngest aged 12 to 18,41,10,7,7,0,3,1,2,31,1,30
S01010232,All families in households,272,140,104,101,3,36,32,4,132,14,118
S01010232,Families with no dependent children,107,64,47,44,3,17,16,1,43,10,33
S01010232,Families with dependent children: Total,165,76,57,57,0,19,16,3,89,4,85
S01010232,Families with dependent children: Youngest aged 0 to 4,70,39,28,28,0,11,9,2,31,0,31
S01010232,Families with dependent children: Youngest aged 5 to 11,50,19,13,13,0,6,5,1,31,0,31
S01010232,Families with dependent children: Youngest aged 12 to 18,45,18,16,16,0,2,2,0,27,4,23
S01010233,All families in households,257,130,91,84,7,39,36,3,127,21,106
S01010233,Families with no dependent children,101,65,43,41,2,22,20,2,36,11,25
S01010233,Families with dependent children: Total,156,65,48,43,5,17,16,1,91,10,81
S01010233,Families with dependent children: Youngest aged 0 to 4,77,41,29,28,1,12,11,1,36,3,33
S01010233,Families with dependent children: Youngest aged 5 to 11,48,19,15,13,2,4,4,0,29,2,27
S01010233,Families with dependent children: Youngest aged 12 to 18,31,5,4,2,2,1,1,0,26,5,21
S01010234,All families in households,185,147,95,94,1,52,52,0,38,4,34
S01010234,Families with no dependent children,122,108,65,65,0,43,43,0,14,2,12
S01010234,Families with dependent children: Total,63,39,30,29,1,9,9,0,24,2,22
S01010234,Families with dependent children: Youngest aged 0 to 4,33,28,20,20,0,8,8,0,5,0,5
S01010234,Families with dependent children: Youngest aged 5 to 11,17,5,4,3,1,1,1,0,12,2,10
S01010234,Families with dependent children: Youngest aged 12 to 18,13,6,6,6,0,0,0,0,7,0,7
S01010235,All families in households,145,123,54,53,1,69,68,1,22,1,21
S01010235,Families with no dependent children,108,102,36,35,1,66,66,0,6,1,5
S01010235,Families with dependent children: Total,37,21,18,18,0,3,2,1,16,0,16
S01010235,Families with dependent children: Youngest aged 0 to 4,27,19,17,17,0,2,2,0,8,0,8
S01010235,Families with dependent children: Youngest aged 5 to 11,8,0,0,0,0,0,0,0,8,0,8
S01010235,Families with dependent children: Youngest aged 12 to 18,2,2,1,1,0,1,0,1,0,0,0
S01010236,All families in households,166,131,79,78,1,52,51,1,35,3,32
S01010236,Families with no dependent children,111,95,48,48,0,47,47,0,16,2,14
S01010236,Families with dependent children: Total,55,36,31,30,1,5,4,1,19,1,18
S01010236,Families with dependent children: Youngest aged 0 to 4,31,18,17,17,0,1,1,0,13,1,12
S01010236,Families with dependent children: Youngest aged 5 to 11,12,9,8,7,1,1,1,0,3,0,3
S01010236,Families with dependent children: Youngest aged 12 to 18,12,9,6,6,0,3,2,1,3,0,3
S01010237,All families in households,150,114,68,66,2,46,46,0,36,5,31
S01010237,Families with no dependent children,106,88,45,44,1,43,43,0,18,5,13
S01010237,Families with dependent children: Total,44,26,23,22,1,3,3,0,18,0,18
S01010237,Families with dependent children: Youngest aged 0 to 4,18,16,14,13,1,2,2,0,2,0,2
S01010237,Families with dependent children: Youngest aged 5 to 11,17,7,6,6,0,1,1,0,10,0,10
S01010237,Families with dependent children: Youngest aged 12 to 18,9,3,3,3,0,0,0,0,6,0,6
S01010238,All families in households,196,149,89,85,4,60,59,1,47,3,44
S01010238,Families with no dependent children,136,118,65,62,3,53,53,0,18,3,15
S01010238,Families with dependent children: Total,60,31,24,23,1,7,6,1,29,0,29
S01010238,Families with dependent children: Youngest aged 0 to 4,27,21,16,15,1,5,4,1,6,0,6
S01010238,Families with dependent children: Youngest aged 5 to 11,21,5,4,4,0,1,1,0,16,0,16
S01010238,Families with dependent children: Youngest aged 12 to 18,12,5,4,4,0,1,1,0,7,0,7
S01010239,All families in households,179,91,53,51,2,38,32,6,88,6,82
S01010239,Families with no dependent children,106,63,39,39,0,24,23,1,43,3,40
S01010239,Families with dependent children: Total,73,28,14,12,2,14,9,5,45,3,42
S01010239,Families with dependent children: Youngest aged 0 to 4,34,16,8,8,0,8,6,2,18,0,18
S01010239,Families with dependent children: Youngest aged 5 to 11,20,7,2,0,2,5,2,3,13,1,12
S01010239,Families with dependent children: Youngest aged 12 to 18,19,5,4,4,0,1,1,0,14,2,12
S01010240,All families in households,167,120,66,65,1,54,50,4,47,4,43
S01010240,Families with no dependent children,115,93,48,48,0,45,42,3,22,4,18
S01010240,Families with dependent children: Total,52,27,18,17,1,9,8,1,25,0,25
S01010240,Families with dependent children: Youngest aged 0 to 4,24,14,10,9,1,4,3,1,10,0,10
S01010240,Families with dependent children: Youngest aged 5 to 11,14,11,6,6,0,5,5,0,3,0,3
S01010240,Families with dependent children: Youngest aged 12 to 18,14,2,2,2,0,0,0,0,12,0,12
S01010241,All families in households,222,158,89,88,1,69,68,1,64,10,54
S01010241,Families with no dependent children,161,129,72,71,1,57,57,0,32,9,23
S01010241,Families with dependent children: Total,61,29,17,17,0,12,11,1,32,1,31
S01010241,Families with dependent children: Youngest aged 0 to 4,27,17,10,10,0,7,7,0,10,0,10
S01010241,Families with dependent children: Youngest aged 5 to 11,22,9,4,4,0,5,4,1,13,0,13
S01010241,Families with dependent children: Youngest aged 12 to 18,12,3,3,3,0,0,0,0,9,1,8
S01010242,All families in households,177,98,55,53,2,43,40,3,79,8,71
S01010242,Families with no dependent children,83,60,29,29,0,31,30,1,23,3,20
S01010242,Families with dependent children: Total,94,38,26,24,2,12,10,2,56,5,51
S01010242,Families with dependent children: Youngest aged 0 to 4,32,16,11,10,1,5,4,1,16,0,16
S01010242,Families with dependent children: Youngest aged 5 to 11,33,12,7,7,0,5,5,0,21,3,18
S01010242,Families with dependent children: Youngest aged 12 to 18,29,10,8,7,1,2,1,1,19,2,17
S01010243,All families in households,214,121,61,60,1,60,53,7,93,17,76
S01010243,Families with no dependent children,103,79,36,35,1,43,40,3,24,6,18
S01010243,Families with dependent children: Total,111,42,25,25,0,17,13,4,69,11,58
S01010243,Families with dependent children: Youngest aged 0 to 4,48,22,8,8,0,14,12,2,26,0,26
S01010243,Families with dependent children: Youngest aged 5 to 11,36,10,10,10,0,0,0,0,26,8,18
S01010243,Families with dependent children: Youngest aged 12 to 18,27,10,7,7,0,3,1,2,17,3,14
S01010244,All families in households,152,78,47,41,6,31,27,4,74,13,61
S01010244,Families with no dependent children,76,58,36,32,4,22,21,1,18,5,13
S01010244,Families with dependent children: Total,76,20,11,9,2,9,6,3,56,8,48
S01010244,Families with dependent children: Youngest aged 0 to 4,25,10,5,3,2,5,3,2,15,3,12
S01010244,Families with dependent children: Youngest aged 5 to 11,23,2,1,1,0,1,1,0,21,3,18
S01010244,Families with dependent children: Youngest aged 12 to 18,28,8,5,5,0,3,2,1,20,2,18
S01010245,All families in households,267,101,67,65,2,34,32,2,166,27,139
S01010245,Families with no dependent children,130,77,55,54,1,22,21,1,53,10,43
S01010245,Families with dependent children: Total,137,24,12,11,1,12,11,1,113,17,96
S01010245,Families with dependent children: Youngest aged 0 to 4,57,12,4,3,1,8,7,1,45,8,37
S01010245,Families with dependent children: Youngest aged 5 to 11,46,7,6,6,0,1,1,0,39,3,36
S01010245,Families with dependent children: Youngest aged 12 to 18,34,5,2,2,0,3,3,0,29,6,23
S01010246,All families in households,222,93,60,55,5,33,31,2,129,7,122
S01010246,Families with no dependent children,106,62,38,35,3,24,24,0,44,4,40
S01010246,Families with dependent children: Total,116,31,22,20,2,9,7,2,85,3,82
S01010246,Families with dependent children: Youngest aged 0 to 4,52,15,12,12,0,3,3,0,37,1,36
S01010246,Families with dependent children: Youngest aged 5 to 11,37,11,7,6,1,4,3,1,26,1,25
S01010246,Families with dependent children: Youngest aged 12 to 18,27,5,3,2,1,2,1,1,22,1,21
S01010247,All families in households,205,163,130,127,3,33,29,4,42,5,37
S01010247,Families with no dependent children,131,113,91,89,2,22,20,2,18,2,16
S01010247,Families with dependent children: Total,74,50,39,38,1,11,9,2,24,3,21
S01010247,Families with dependent children: Youngest aged 0 to 4,18,13,8,8,0,5,5,0,5,0,5
S01010247,Families with dependent children: Youngest aged 5 to 11,22,11,7,6,1,4,3,1,11,2,9
S01010247,Families with dependent children: Youngest aged 12 to 18,34,26,24,24,0,2,1,1,8,1,7
S01010248,All families in households,182,154,71,70,1,83,79,4,28,6,22
S01010248,Families with no dependent children,137,124,52,51,1,72,70,2,13,5,8
S01010248,Families with dependent children: Total,45,30,19,19,0,11,9,2,15,1,14
S01010248,Families with dependent children: Youngest aged 0 to 4,24,22,12,12,0,10,9,1,2,0,2
S01010248,Families with dependent children: Youngest aged 5 to 11,11,4,4,4,0,0,0,0,7,0,7
S01010248,Families with dependent children: Youngest aged 12 to 18,10,4,3,3,0,1,0,1,6,1,5
S01010249,All families in households,131,106,54,54,0,52,51,1,25,5,20
S01010249,Families with no dependent children,98,89,42,42,0,47,46,1,9,2,7
S01010249,Families with dependent children: Total,33,17,12,12,0,5,5,0,16,3,13
S01010249,Families with dependent children: Youngest aged 0 to 4,13,7,4,4,0,3,3,0,6,1,5
S01010249,Families with dependent children: Youngest aged 5 to 11,7,4,3,3,0,1,1,0,3,0,3
S01010249,Families with dependent children: Youngest aged 12 to 18,13,6,5,5,0,1,1,0,7,2,5
S01010250,All families in households,161,133,60,59,1,73,72,1,28,3,25
S01010250,Families with no dependent children,118,104,39,39,0,65,65,0,14,3,11
S01010250,Families with dependent children: Total,43,29,21,20,1,8,7,1,14,0,14
S01010250,Families with dependent children: Youngest aged 0 to 4,27,23,17,16,1,6,5,1,4,0,4
S01010250,Families with dependent children: Youngest aged 5 to 11,13,5,3,3,0,2,2,0,8,0,8
S01010250,Families with dependent children: Youngest aged 12 to 18,3,1,1,1,0,0,0,0,2,0,2
S01010251,All families in households,139,113,58,56,2,55,55,0,26,6,20
S01010251,Families with no dependent children,79,73,26,26,0,47,47,0,6,0,6
S01010251,Families with dependent children: Total,60,40,32,30,2,8,8,0,20,6,14
S01010251,Families with dependent children: Youngest aged 0 to 4,35,28,22,21,1,6,6,0,7,0,7
S01010251,Families with dependent children: Youngest aged 5 to 11,16,8,6,6,0,2,2,0,8,5,3
S01010251,Families with dependent children: Youngest aged 12 to 18,9,4,4,3,1,0,0,0,5,1,4
S01010252,All families in households,158,118,66,65,1,52,49,3,40,4,36
S01010252,Families with no dependent children,95,81,40,40,0,41,41,0,14,2,12
S01010252,Families with dependent children: Total,63,37,26,25,1,11,8,3,26,2,24
S01010252,Families with dependent children: Youngest aged 0 to 4,32,21,13,13,0,8,7,1,11,0,11
S01010252,Families with dependent children: Youngest aged 5 to 11,13,7,6,6,0,1,0,1,6,2,4
S01010252,Families with dependent children: Youngest aged 12 to 18,18,9,7,6,1,2,1,1,9,0,9
S01010253,All families in households,138,72,41,40,1,31,28,3,66,6,60
S01010253,Families with no dependent children,70,51,34,34,0,17,17,0,19,4,15
S01010253,Families with dependent children: Total,68,21,7,6,1,14,11,3,47,2,45
S01010253,Families with dependent children: Youngest aged 0 to 4,39,14,3,3,0,11,8,3,25,0,25
S01010253,Families with dependent children: Youngest aged 5 to 11,16,3,1,1,0,2,2,0,13,1,12
S01010253,Families with dependent children: Youngest aged 12 to 18,13,4,3,2,1,1,1,0,9,1,8
S01010254,All families in households,249,167,104,99,5,63,61,2,82,7,75
S01010254,Families with no dependent children,151,123,81,78,3,42,42,0,28,2,26
S01010254,Families with dependent children: Total,98,44,23,21,2,21,19,2,54,5,49
S01010254,Families with dependent children: Youngest aged 0 to 4,42,24,8,6,2,16,14,2,18,1,17
S01010254,Families with dependent children: Youngest aged 5 to 11,36,14,9,9,0,5,5,0,22,4,18
S01010254,Families with dependent children: Youngest aged 12 to 18,20,6,6,6,0,0,0,0,14,0,14
S01010255,All families in households,171,92,55,54,1,37,34,3,79,11,68
S01010255,Families with no dependent children,78,58,32,31,1,26,26,0,20,3,17
S01010255,Families with dependent children: Total,93,34,23,23,0,11,8,3,59,8,51
S01010255,Families with dependent children: Youngest aged 0 to 4,33,18,12,12,0,6,4,2,15,1,14
S01010255,Families with dependent children: Youngest aged 5 to 11,32,13,8,8,0,5,4,1,19,4,15
S01010255,Families with dependent children: Youngest aged 12 to 18,28,3,3,3,0,0,0,0,25,3,22
S01010256,All families in households,207,97,53,51,2,44,41,3,110,13,97
S01010256,Families with no dependent children,102,68,35,34,1,33,32,1,34,7,27
S01010256,Families with dependent children: Total,105,29,18,17,1,11,9,2,76,6,70
S01010256,Families with dependent children: Youngest aged 0 to 4,46,18,9,9,0,9,7,2,28,1,27
S01010256,Families with dependent children: Youngest aged 5 to 11,39,6,5,5,0,1,1,0,33,3,30
S01010256,Families with dependent children: Youngest aged 12 to 18,20,5,4,3,1,1,1,0,15,2,13
S01010257,All families in households,107,71,25,24,1,46,45,1,36,3,33
S01010257,Families with no dependent children,84,66,22,22,0,44,44,0,18,2,16
S01010257,Families with dependent children: Total,23,5,3,2,1,2,1,1,18,1,17
S01010257,Families with dependent children: Youngest aged 0 to 4,2,1,1,1,0,0,0,0,1,0,1
S01010257,Families with dependent children: Youngest aged 5 to 11,4,1,0,0,0,1,0,1,3,1,2
S01010257,Families with dependent children: Youngest aged 12 to 18,17,3,2,1,1,1,1,0,14,0,14
S01010258,All families in households,80,75,33,32,1,42,42,0,5,2,3
S01010258,Families with no dependent children,69,66,26,25,1,40,40,0,3,2,1
S01010258,Families with dependent children: Total,11,9,7,7,0,2,2,0,2,0,2
S01010258,Families with dependent children: Youngest aged 0 to 4,9,8,7,7,0,1,1,0,1,0,1
S01010258,Families with dependent children: Youngest aged 5 to 11,2,1,0,0,0,1,1,0,1,0,1
S01010258,Families with dependent children: Youngest aged 12 to 18,0,0,0,0,0,0,0,0,0,0,0
S01010259,All families in households,146,77,50,50,0,27,25,2,69,10,59
S01010259,Families with no dependent children,76,53,32,32,0,21,21,0,23,8,15
S01010259,Families with dependent children: Total,70,24,18,18,0,6,4,2,46,2,44
S01010259,Families with dependent children: Youngest aged 0 to 4,25,12,10,10,0,2,1,1,13,0,13
S01010259,Families with dependent children: Youngest aged 5 to 11,27,7,5,5,0,2,2,0,20,0,20
S01010259,Families with dependent children: Youngest aged 12 to 18,18,5,3,3,0,2,1,1,13,2,11
S01010260,All families in households,185,146,59,56,3,87,86,1,39,4,35
S01010260,Families with no dependent children,150,130,45,43,2,85,84,1,20,2,18
S01010260,Families with dependent children: Total,35,16,14,13,1,2,2,0,19,2,17
S01010260,Families with dependent children: Youngest aged 0 to 4,15,8,7,7,0,1,1,0,7,1,6
S01010260,Families with dependent children: Youngest aged 5 to 11,10,3,3,3,0,0,0,0,7,0,7
S01010260,Families with dependent children: Youngest aged 12 to 18,10,5,4,3,1,1,1,0,5,1,4
S01010261,All families in households,148,103,70,69,1,33,33,0,45,5,40
S01010261,Families with no dependent children,100,84,56,56,0,28,28,0,16,5,11
S01010261,Families with dependent children: Total,48,19,14,13,1,5,5,0,29,0,29
S01010261,Families with dependent children: Youngest aged 0 to 4,24,14,11,11,0,3,3,0,10,0,10
S01010261,Families with dependent children: Youngest aged 5 to 11,20,4,2,1,1,2,2,0,16,0,16
S01010261,Families with dependent children: Youngest aged 12 to 18,4,1,1,1,0,0,0,0,3,0,3
S01010262,All families in households,147,101,81,78,3,20,20,0,46,6,40
S01010262,Families with no dependent children,124,91,71,70,1,20,20,0,33,6,27
S01010262,Families with dependent children: Total,23,10,10,8,2,0,0,0,13,0,13
S01010262,Families with dependent children: Youngest aged 0 to 4,8,4,4,4,0,0,0,0,4,0,4
S01010262,Families with dependent children: Youngest aged 5 to 11,8,2,2,1,1,0,0,0,6,0,6
S01010262,Families with dependent children: Youngest aged 12 to 18,7,4,4,3,1,0,0,0,3,0,3
S01010263,All families in households,114,103,35,35,0,68,68,0,11,2,9
S01010263,Families with no dependent children,98,94,30,30,0,64,64,0,4,1,3
S01010263,Families with dependent children: Total,16,9,5,5,0,4,4,0,7,1,6
S01010263,Families with dependent children: Youngest aged 0 to 4,7,5,2,2,0,3,3,0,2,1,1
S01010263,Families with dependent children: Youngest aged 5 to 11,7,3,2,2,0,1,1,0,4,0,4
S01010263,Families with dependent children: Youngest aged 12 to 18,2,1,1,1,0,0,0,0,1,0,1
S01010264,All families in households,108,102,45,44,1,57,57,0,6,1,5
S01010264,Families with no dependent children,100,97,40,39,1,57,57,0,3,1,2
S01010264,Families with dependent children: Total,8,5,5,5,0,0,0,0,3,0,3
S01010264,Families with dependent children: Youngest aged 0 to 4,7,5,5,5,0,0,0,0,2,0,2
S01010264,Families with dependent children: Youngest aged 5 to 11,0,0,0,0,0,0,0,0,0,0,0
S01010264,Families with dependent children: Youngest aged 12 to 18,1,0,0,0,0,0,0,0,1,0,1
S01010265,All families in households,145,136,51,51,0,85,84,1,9,3,6
S01010265,Families with no dependent children,132,128,44,44,0,84,84,0,4,1,3
S01010265,Families with dependent children: Total,13,8,7,7,0,1,0,1,5,2,3
S01010265,Families with dependent children: Youngest aged 0 to 4,10,7,7,7,0,0,0,0,3,0,3
S01010265,Families with dependent children: Youngest aged 5 to 11,2,0,0,0,0,0,0,0,2,2,0
S01010265,Families with dependent children: Youngest aged 12 to 18,1,1,0,0,0,1,0,1,0,0,0
S01010266,All families in households,85,67,38,37,1,29,28,1,18,2,16
S01010266,Families with no dependent children,50,43,17,17,0,26,25,1,7,1,6
S01010266,Families with dependent children: Total,35,24,21,20,1,3,3,0,11,1,10
S01010266,Families with dependent children: Youngest aged 0 to 4,17,15,13,12,1,2,2,0,2,0,2
S01010266,Families with dependent children: Youngest aged 5 to 11,10,5,5,5,0,0,0,0,5,1,4
S01010266,Families with dependent children: Youngest aged 12 to 18,8,4,3,3,0,1,1,0,4,0,4
S01010267,All families in households,56,50,22,22,0,28,28,0,6,2,4
S01010267,Families with no dependent children,38,37,11,11,0,26,26,0,1,0,1
S01010267,Families with dependent children: Total,18,13,11,11,0,2,2,0,5,2,3
S01010267,Families with dependent children: Youngest aged 0 to 4,10,9,7,7,0,2,2,0,1,0,1
S01010267,Families with dependent children: Youngest aged 5 to 11,4,2,2,2,0,0,0,0,2,0,2
S01010267,Families with dependent children: Youngest aged 12 to 18,4,2,2,2,0,0,0,0,2,2,0
S01010268,All families in households,122,101,71,69,2,30,29,1,21,2,19
S01010268,Families with no dependent children,80,75,51,50,1,24,24,0,5,1,4
S01010268,Families with dependent children: Total,42,26,20,19,1,6,5,1,16,1,15
S01010268,Families with dependent children: Youngest aged 0 to 4,21,15,12,12,0,3,3,0,6,1,5
S01010268,Families with dependent children: Youngest aged 5 to 11,8,5,4,4,0,1,1,0,3,0,3
S01010268,Families with dependent children: Youngest aged 12 to 18,13,6,4,3,1,2,1,1,7,0,7
S01010269,All families in households,71,64,36,35,1,28,27,1,7,2,5
S01010269,Families with no dependent children,52,49,22,21,1,27,26,1,3,1,2
S01010269,Families with dependent children: Total,19,15,14,14,0,1,1,0,4,1,3
S01010269,Families with dependent children: Youngest aged 0 to 4,15,12,11,11,0,1,1,0,3,1,2
S01010269,Families with dependent children: Youngest aged 5 to 11,3,2,2,2,0,0,0,0,1,0,1
S01010269,Families with dependent children: Youngest aged 12 to 18,1,1,1,1,0,0,0,0,0,0,0
S01010270,All families in households,148,113,82,82,0,31,31,0,35,5,30
S01010270,Families with no dependent children,122,98,69,69,0,29,29,0,24,3,21
S01010270,Families with dependent children: Total,26,15,13,13,0,2,2,0,11,2,9
S01010270,Families with dependent children: Youngest aged 0 to 4,13,9,8,8,0,1,1,0,4,0,4
S01010270,Families with dependent children: Youngest aged 5 to 11,9,3,2,2,0,1,1,0,6,1,5
S01010270,Families with dependent children: Youngest aged 12 to 18,4,3,3,3,0,0,0,0,1,1,0
S01010271,All families in households,107,85,52,51,1,33,33,0,22,2,20
S01010271,Families with no dependent children,81,66,36,36,0,30,30,0,15,2,13
S01010271,Families with dependent children: Total,26,19,16,15,1,3,3,0,7,0,7
S01010271,Families with dependent children: Youngest aged 0 to 4,13,10,8,7,1,2,2,0,3,0,3
S01010271,Families with dependent children: Youngest aged 5 to 11,9,6,5,5,0,1,1,0,3,0,3
S01010271,Families with dependent children: Youngest aged 12 to 18,4,3,3,3,0,0,0,0,1,0,1
S01010272,All families in households,143,111,51,45,6,60,59,1,32,8,24
S01010272,Families with no dependent children,91,80,28,28,0,52,52,0,11,5,6
S01010272,Families with dependent children: Total,52,31,23,17,6,8,7,1,21,3,18
S01010272,Families with dependent children: Youngest aged 0 to 4,33,26,20,17,3,6,5,1,7,0,7
S01010272,Families with dependent children: Youngest aged 5 to 11,12,4,2,0,2,2,2,0,8,1,7
S01010272,Families with dependent children: Youngest aged 12 to 18,7,1,1,0,1,0,0,0,6,2,4
S01010273,All families in households,110,98,29,29,0,69,68,1,12,2,10
S01010273,Families with no dependent children,97,92,25,25,0,67,67,0,5,2,3
S01010273,Families with dependent children: Total,13,6,4,4,0,2,1,1,7,0,7
S01010273,Families with dependent children: Youngest aged 0 to 4,8,5,3,3,0,2,1,1,3,0,3
S01010273,Families with dependent children: Youngest aged 5 to 11,2,1,1,1,0,0,0,0,1,0,1
S01010273,Families with dependent children: Youngest aged 12 to 18,3,0,0,0,0,0,0,0,3,0,3
S01010274,All families in households,88,84,35,35,0,49,49,0,4,2,2
S01010274,Families with no dependent children,80,78,30,30,0,48,48,0,2,2,0
S01010274,Families with dependent children: Total,8,6,5,5,0,1,1,0,2,0,2
S01010274,Families with dependent children: Youngest aged 0 to 4,5,4,3,3,0,1,1,0,1,0,1
S01010274,Families with dependent children: Youngest aged 5 to 11,1,1,1,1,0,0,0,0,0,0,0
S01010274,Families with dependent children: Youngest aged 12 to 18,2,1,1,1,0,0,0,0,1,0,1
S01010275,All families in households,97,86,31,31,0,55,55,0,11,0,11
S01010275,Families with no dependent children,81,77,23,23,0,54,54,0,4,0,4
S01010275,Families with dependent children: Total,16,9,8,8,0,1,1,0,7,0,7
S01010275,Families with dependent children: Youngest aged 0 to 4,9,5,4,4,0,1,1,0,4,0,4
S01010275,Families with dependent children: Youngest aged 5 to 11,5,3,3,3,0,0,0,0,2,0,2
S01010275,Families with dependent children: Youngest aged 12 to 18,2,1,1,1,0,0,0,0,1,0,1
S01010276,All families in households,187,169,98,96,2,71,68,3,18,4,14
S01010276,Families with no dependent children,140,134,70,68,2,64,64,0,6,4,2
S01010276,Families with dependent children: Total,47,35,28,28,0,7,4,3,12,0,12
S01010276,Families with dependent children: Youngest aged 0 to 4,28,22,19,19,0,3,3,0,6,0,6
S01010276,Families with dependent children: Youngest aged 5 to 11,16,12,9,9,0,3,1,2,4,0,4
S01010276,Families with dependent children: Youngest aged 12 to 18,3,1,0,0,0,1,0,1,2,0,2
S01010277,All families in households,152,102,77,75,2,25,19,6,50,7,43
S01010277,Families with no dependent children,100,73,56,55,1,17,16,1,27,6,21
S01010277,Families with dependent children: Total,52,29,21,20,1,8,3,5,23,1,22
S01010277,Families with dependent children: Youngest aged 0 to 4,19,11,6,6,0,5,1,4,8,0,8
S01010277,Families with dependent children: Youngest aged 5 to 11,20,12,9,9,0,3,2,1,8,0,8
S01010277,Families with dependent children: Youngest aged 12 to 18,13,6,6,5,1,0,0,0,7,1,6
S01010278,All families in households,165,76,58,54,4,18,16,2,89,10,79
S01010278,Families with no dependent children,73,44,34,34,0,10,10,0,29,7,22
S01010278,Families with dependent children: Total,92,32,24,20,4,8,6,2,60,3,57
S01010278,Families with dependent children: Youngest aged 0 to 4,35,17,12,11,1,5,4,1,18,1,17
S01010278,Families with dependent children: Youngest aged 5 to 11,36,11,8,6,2,3,2,1,25,2,23
S01010278,Families with dependent children: Youngest aged 12 to 18,21,4,4,3,1,0,0,0,17,0,17
S01010279,All families in households,108,72,49,48,1,23,22,1,36,4,32
S01010279,Families with no dependent children,59,46,25,25,0,21,21,0,13,3,10
S01010279,Families with dependent children: Total,49,26,24,23,1,2,1,1,23,1,22
S01010279,Families with dependent children: Youngest aged 0 to 4,21,16,15,15,0,1,0,1,5,0,5
S01010279,Families with dependent children: Youngest aged 5 to 11,9,3,2,2,0,1,1,0,6,1,5
S01010279,Families with dependent children: Youngest aged 12 to 18,19,7,7,6,1,0,0,0,12,0,12
S01010280,All families in households,128,104,56,52,4,48,46,2,24,0,24
S01010280,Families with no dependent children,84,77,35,35,0,42,42,0,7,0,7
S01010280,Families with dependent children: Total,44,27,21,17,4,6,4,2,17,0,17
S01010280,Families with dependent children: Youngest aged 0 to 4,24,18,14,12,2,4,4,0,6,0,6
S01010280,Families with dependent children: Youngest aged 5 to 11,10,6,4,3,1,2,0,2,4,0,4
S01010280,Families with dependent children: Youngest aged 12 to 18,10,3,3,2,1,0,0,0,7,0,7
S01010281,All families in households,138,129,71,70,1,58,58,0,9,2,7
S01010281,Families with no dependent children,103,98,40,39,1,58,58,0,5,2,3
S01010281,Families with dependent children: Total,35,31,31,31,0,0,0,0,4,0,4
S01010281,Families with dependent children: Youngest aged 0 to 4,28,26,26,26,0,0,0,0,2,0,2
S01010281,Families with dependent children: Youngest aged 5 to 11,3,2,2,2,0,0,0,0,1,0,1
S01010281,Families with dependent children: Youngest aged 12 to 18,4,3,3,3,0,0,0,0,1,0,1
S01010282,All families in households,162,130,63,61,2,67,65,2,32,3,29
S01010282,Families with no dependent children,103,92,35,35,0,57,56,1,11,1,10
S01010282,Families with dependent children: Total,59,38,28,26,2,10,9,1,21,2,19
S01010282,Families with dependent children: Youngest aged 0 to 4,32,24,19,18,1,5,5,0,8,0,8
S01010282,Families with dependent children: Youngest aged 5 to 11,14,8,5,4,1,3,2,1,6,1,5
S01010282,Families with dependent children: Youngest aged 12 to 18,13,6,4,4,0,2,2,0,7,1,6
S01010283,All families in households,95,73,37,36,1,36,36,0,22,3,19
S01010283,Families with no dependent children,63,58,24,24,0,34,34,0,5,1,4
S01010283,Families with dependent children: Total,32,15,13,12,1,2,2,0,17,2,15
S01010283,Families with dependent children: Youngest aged 0 to 4,13,9,8,8,0,1,1,0,4,0,4
S01010283,Families with dependent children: Youngest aged 5 to 11,9,3,2,2,0,1,1,0,6,0,6
S01010283,Families with dependent children: Youngest aged 12 to 18,10,3,3,2,1,0,0,0,7,2,5
S01010284,All families in households,179,164,62,62,0,102,102,0,15,1,14
S01010284,Families with no dependent children,141,136,39,39,0,97,97,0,5,0,5
S01010284,Families with dependent children: Total,38,28,23,23,0,5,5,0,10,1,9
S01010284,Families with dependent children: Youngest aged 0 to 4,19,19,15,15,0,4,4,0,0,0,0
S01010284,Families with dependent children: Youngest aged 5 to 11,11,5,5,5,0,0,0,0,6,0,6
S01010284,Families with dependent children: Youngest aged 12 to 18,8,4,3,3,0,1,1,0,4,1,3
S01010285,All families in households,137,103,63,62,1,40,38,2,34,1,33
S01010285,Families with no dependent children,70,64,32,32,0,32,31,1,6,0,6
S01010285,Families with dependent children: Total,67,39,31,30,1,8,7,1,28,1,27
S01010285,Families with dependent children: Youngest aged 0 to 4,26,18,13,13,0,5,4,1,8,0,8
S01010285,Families with dependent children: Youngest aged 5 to 11,27,14,13,12,1,1,1,0,13,0,13
S01010285,Families with dependent children: Youngest aged 12 to 18,14,7,5,5,0,2,2,0,7,1,6
S01010286,All families in households,127,104,57,52,5,47,46,1,23,3,20
S01010286,Families with no dependent children,78,68,27,27,0,41,41,0,10,3,7
S01010286,Families with dependent children: Total,49,36,30,25,5,6,5,1,13,0,13
S01010286,Families with dependent children: Youngest aged 0 to 4,29,26,21,18,3,5,5,0,3,0,3
S01010286,Families with dependent children: Youngest aged 5 to 11,12,4,4,3,1,0,0,0,8,0,8
S01010286,Families with dependent children: Youngest aged 12 to 18,8,6,5,4,1,1,0,1,2,0,2
S01010287,All families in households,136,117,53,52,1,64,61,3,19,5,14
S01010287,Families with no dependent children,99,88,35,35,0,53,52,1,11,3,8
S01010287,Families with dependent children: Total,37,29,18,17,1,11,9,2,8,2,6
S01010287,Families with dependent children: Youngest aged 0 to 4,26,22,14,13,1,8,8,0,4,1,3
S01010287,Families with dependent children: Youngest aged 5 to 11,4,4,3,3,0,1,0,1,0,0,0
S01010287,Families with dependent children: Youngest aged 12 to 18,7,3,1,1,0,2,1,1,4,1,3
S01010288,All families in households,136,125,65,60,5,60,57,3,11,2,9
S01010288,Families with no dependent children,99,93,43,41,2,50,50,0,6,1,5
S01010288,Families with dependent children: Total,37,32,22,19,3,10,7,3,5,1,4
S01010288,Families with dependent children: Youngest aged 0 to 4,24,22,18,17,1,4,2,2,2,1,1
S01010288,Families with dependent children: Youngest aged 5 to 11,6,6,2,1,1,4,4,0,0,0,0
S01010288,Families with dependent children: Youngest aged 12 to 18,7,4,2,1,1,2,1,1,3,0,3
S01010289,All families in households,185,175,117,113,4,58,57,1,10,1,9
S01010289,Families with no dependent children,127,122,72,70,2,50,50,0,5,0,5
S01010289,Families with dependent children: Total,58,53,45,43,2,8,7,1,5,1,4
S01010289,Families with dependent children: Youngest aged 0 to 4,41,39,33,33,0,6,6,0,2,0,2
S01010289,Families with dependent children: Youngest aged 5 to 11,11,11,10,8,2,1,0,1,0,0,0
S01010289,Families with dependent children: Youngest aged 12 to 18,6,3,2,2,0,1,1,0,3,1,2
S01010290,All families in households,92,76,48,46,2,28,27,1,16,2,14
S01010290,Families with no dependent children,62,53,29,27,2,24,24,0,9,2,7
S01010290,Families with dependent children: Total,30,23,19,19,0,4,3,1,7,0,7
S01010290,Families with dependent children: Youngest aged 0 to 4,16,13,11,11,0,2,2,0,3,0,3
S01010290,Families with dependent children: Youngest aged 5 to 11,7,7,6,6,0,1,1,0,0,0,0
S01010290,Families with dependent children: Youngest aged 12 to 18,7,3,2,2,0,1,0,1,4,0,4
S01010291,All families in households,149,105,63,62,1,42,40,2,44,8,36
S01010291,Families with no dependent children,95,74,39,39,0,35,33,2,21,5,16
S01010291,Families with dependent children: Total,54,31,24,23,1,7,7,0,23,3,20
S01010291,Families with dependent children: Youngest aged 0 to 4,27,16,10,10,0,6,6,0,11,1,10
S01010291,Families with dependent children: Youngest aged 5 to 11,14,9,9,8,1,0,0,0,5,0,5
S01010291,Families with dependent children: Youngest aged 12 to 18,13,6,5,5,0,1,1,0,7,2,5
S01010292,All families in households,121,106,72,71,1,34,34,0,15,5,10
S01010292,Families with no dependent children,91,80,48,48,0,32,32,0,11,5,6
S01010292,Families with dependent children: Total,30,26,24,23,1,2,2,0,4,0,4
S01010292,Families with dependent children: Youngest aged 0 to 4,13,13,11,11,0,2,2,0,0,0,0
S01010292,Families with dependent children: Youngest aged 5 to 11,10,7,7,7,0,0,0,0,3,0,3
S01010292,Families with dependent children: Youngest aged 12 to 18,7,6,6,5,1,0,0,0,1,0,1
S01010293,All families in households,108,89,53,52,1,36,35,1,19,2,17
S01010293,Families with no dependent children,61,56,24,24,0,32,32,0,5,1,4
S01010293,Families with dependent children: Total,47,33,29,28,1,4,3,1,14,1,13
S01010293,Families with dependent children: Youngest aged 0 to 4,22,17,14,14,0,3,3,0,5,1,4
S01010293,Families with dependent children: Youngest aged 5 to 11,15,10,10,9,1,0,0,0,5,0,5
S01010293,Families with dependent children: Youngest aged 12 to 18,10,6,5,5,0,1,0,1,4,0,4
S01010294,All families in households,79,63,39,39,0,24,23,1,16,1,15
S01010294,Families with no dependent children,51,44,23,23,0,21,20,1,7,1,6
S01010294,Families with dependent children: Total,28,19,16,16,0,3,3,0,9,0,9
S01010294,Families with dependent children: Youngest aged 0 to 4,10,8,7,7,0,1,1,0,2,0,2
S01010294,Families with dependent children: Youngest aged 5 to 11,11,7,5,5,0,2,2,0,4,0,4
S01010294,Families with dependent children: Youngest aged 12 to 18,7,4,4,4,0,0,0,0,3,0,3
S01010295,All families in households,138,113,57,57,0,56,55,1,25,2,23
S01010295,Families with no dependent children,92,82,35,35,0,47,47,0,10,2,8
S01010295,Families with dependent children: Total,46,31,22,22,0,9,8,1,15,0,15
S01010295,Families with dependent children: Youngest aged 0 to 4,22,20,13,13,0,7,6,1,2,0,2
S01010295,Families with dependent children: Youngest aged 5 to 11,14,7,6,6,0,1,1,0,7,0,7
S01010295,Families with dependent children: Youngest aged 12 to 18,10,4,3,3,0,1,1,0,6,0,6
S01010296,All families in households,115,79,53,52,1,26,24,2,36,7,29
S01010296,Families with no dependent children,64,48,30,29,1,18,16,2,16,5,11
S01010296,Families with dependent children: Total,51,31,23,23,0,8,8,0,20,2,18
S01010296,Families with dependent children: Youngest aged 0 to 4,23,19,12,12,0,7,7,0,4,0,4
S01010296,Families with dependent children: Youngest aged 5 to 11,16,8,7,7,0,1,1,0,8,0,8
S01010296,Families with dependent children: Youngest aged 12 to 18,12,4,4,4,0,0,0,0,8,2,6
S01010297,All families in households,219,151,92,90,2,59,59,0,68,15,53
S01010297,Families with no dependent children,164,130,73,71,2,57,57,0,34,6,28
S01010297,Families with dependent children: Total,55,21,19,19,0,2,2,0,34,9,25
S01010297,Families with dependent children: Youngest aged 0 to 4,23,9,8,8,0,1,1,0,14,2,12
S01010297,Families with dependent children: Youngest aged 5 to 11,15,7,7,7,0,0,0,0,8,3,5
S01010297,Families with dependent children: Youngest aged 12 to 18,17,5,4,4,0,1,1,0,12,4,8
S01010298,All families in households,144,119,71,69,2,48,41,7,25,1,24
S01010298,Families with no dependent children,99,88,50,50,0,38,37,1,11,1,10
S01010298,Families with dependent children: Total,45,31,21,19,2,10,4,6,14,0,14
S01010298,Families with dependent children: Youngest aged 0 to 4,23,16,12,11,1,4,3,1,7,0,7
S01010298,Families with dependent children: Youngest aged 5 to 11,15,11,7,6,1,4,1,3,4,0,4
S01010298,Families with dependent children: Youngest aged 12 to 18,7,4,2,2,0,2,0,2,3,0,3
S01010299,All families in households,109,68,55,53,2,13,11,2,41,8,33
S01010299,Families with no dependent children,57,39,30,29,1,9,9,0,18,3,15
S01010299,Families with dependent children: Total,52,29,25,24,1,4,2,2,23,5,18
S01010299,Families with dependent children: Youngest aged 0 to 4,24,15,13,12,1,2,2,0,9,0,9
S01010299,Families with dependent children: Youngest aged 5 to 11,10,3,3,3,0,0,0,0,7,2,5
S01010299,Families with dependent children: Youngest aged 12 to 18,18,11,9,9,0,2,0,2,7,3,4
S01010300,All families in households,155,107,72,71,1,35,35,0,48,5,43
S01010300,Families with no dependent children,95,78,45,44,1,33,33,0,17,5,12
S01010300,Families with dependent children: Total,60,29,27,27,0,2,2,0,31,0,31
S01010300,Families with dependent children: Youngest aged 0 to 4,25,18,16,16,0,2,2,0,7,0,7
S01010300,Families with dependent children: Youngest aged 5 to 11,14,6,6,6,0,0,0,0,8,0,8
S01010300,Families with dependent children: Youngest aged 12 to 18,21,5,5,5,0,0,0,0,16,0,16
S01010301,All families in households,96,77,46,44,2,31,30,1,19,3,16
S01010301,Families with no dependent children,60,57,28,28,0,29,28,1,3,2,1
S01010301,Families with dependent children: Total,36,20,18,16,2,2,2,0,16,1,15
S01010301,Families with dependent children: Youngest aged 0 to 4,15,10,9,8,1,1,1,0,5,0,5
S01010301,Families with dependent children: Youngest aged 5 to 11,14,6,5,4,1,1,1,0,8,1,7
S01010301,Families with dependent children: Youngest aged 12 to 18,7,4,4,4,0,0,0,0,3,0,3
S01010302,All families in households,135,74,50,49,1,24,21,3,61,5,56
S01010302,Families with no dependent children,63,49,34,34,0,15,15,0,14,0,14
S01010302,Families with dependent children: Total,72,25,16,15,1,9,6,3,47,5,42
S01010302,Families with dependent children: Youngest aged 0 to 4,24,12,7,7,0,5,3,2,12,0,12
S01010302,Families with dependent children: Youngest aged 5 to 11,29,7,4,4,0,3,2,1,22,0,22
S01010302,Families with dependent children: Youngest aged 12 to 18,19,6,5,4,1,1,1,0,13,5,8
S01010303,All families in households,143,78,60,56,4,18,17,1,65,5,60
S01010303,Families with no dependent children,31,22,11,10,1,11,11,0,9,1,8
S01010303,Families with dependent children: Total,112,56,49,46,3,7,6,1,56,4,52
S01010303,Families with dependent children: Youngest aged 0 to 4,47,31,25,24,1,6,5,1,16,0,16
S01010303,Families with dependent children: Youngest aged 5 to 11,34,17,17,15,2,0,0,0,17,0,17
S01010303,Families with dependent children: Youngest aged 12 to 18,31,8,7,7,0,1,1,0,23,4,19
S01010304,All families in households,90,60,37,37,0,23,23,0,30,5,25
S01010304,Families with no dependent children,50,43,24,24,0,19,19,0,7,3,4
S01010304,Families with dependent children: Total,40,17,13,13,0,4,4,0,23,2,21
S01010304,Families with dependent children: Youngest aged 0 to 4,20,14,11,11,0,3,3,0,6,0,6
S01010304,Families with dependent children: Youngest aged 5 to 11,13,3,2,2,0,1,1,0,10,0,10
S01010304,Families with dependent children: Youngest aged 12 to 18,7,0,0,0,0,0,0,0,7,2,5
S01010305,All families in households,173,129,73,71,2,56,56,0,44,4,40
S01010305,Families with no dependent children,136,110,58,56,2,52,52,0,26,2,24
S01010305,Families with dependent children: Total,37,19,15,15,0,4,4,0,18,2,16
S01010305,Families with dependent children: Youngest aged 0 to 4,15,9,7,7,0,2,2,0,6,0,6
S01010305,Families with dependent children: Youngest aged 5 to 11,11,5,3,3,0,2,2,0,6,1,5
S01010305,Families with dependent children: Youngest aged 12 to 18,11,5,5,5,0,0,0,0,6,1,5
S01010306,All families in households,159,117,44,42,2,73,68,5,42,5,37
S01010306,Families with no dependent children,110,95,28,28,0,67,64,3,15,5,10
S01010306,Families with dependent children: Total,49,22,16,14,2,6,4,2,27,0,27
S01010306,Families with dependent children: Youngest aged 0 to 4,14,12,9,7,2,3,3,0,2,0,2
S01010306,Families with dependent children: Youngest aged 5 to 11,18,7,4,4,0,3,1,2,11,0,11
S01010306,Families with dependent children: Youngest aged 12 to 18,17,3,3,3,0,0,0,0,14,0,14
S01010307,All families in households,173,152,75,73,2,77,74,3,21,2,19
S01010307,Families with no dependent children,122,114,48,48,0,66,65,1,8,0,8
S01010307,Families with dependent children: Total,51,38,27,25,2,11,9,2,13,2,11
S01010307,Families with dependent children: Youngest aged 0 to 4,21,20,17,17,0,3,3,0,1,0,1
S01010307,Families with dependent children: Youngest aged 5 to 11,17,11,5,4,1,6,5,1,6,0,6
S01010307,Families with dependent children: Youngest aged 12 to 18,13,7,5,4,1,2,1,1,6,2,4
S01010308,All families in households,179,147,74,71,3,73,73,0,32,3,29
S01010308,Families with no dependent children,106,100,41,40,1,59,59,0,6,2,4
S01010308,Families with dependent children: Total,73,47,33,31,2,14,14,0,26,1,25
S01010308,Families with dependent children: Youngest aged 0 to 4,35,30,18,18,0,12,12,0,5,1,4
S01010308,Families with dependent children: Youngest aged 5 to 11,22,10,9,9,0,1,1,0,12,0,12
S01010308,Families with dependent children: Youngest aged 12 to 18,16,7,6,4,2,1,1,0,9,0,9
S01010309,All families in households,96,70,52,50,2,18,18,0,26,2,24
S01010309,Families with no dependent children,74,58,42,42,0,16,16,0,16,2,14
S01010309,Families with dependent children: Total,22,12,10,8,2,2,2,0,10,0,10
S01010309,Families with dependent children: Youngest aged 0 to 4,8,4,4,4,0,0,0,0,4,0,4
S01010309,Families with dependent children: Youngest aged 5 to 11,8,6,5,3,2,1,1,0,2,0,2
S01010309,Families with dependent children: Youngest aged 12 to 18,6,2,1,1,0,1,1,0,4,0,4
S01010310,All families in households,162,88,66,65,1,22,21,1,74,11,63
S01010310,Families with no dependent children,63,43,35,35,0,8,8,0,20,5,15
S01010310,Families with dependent children: Total,99,45,31,30,1,14,13,1,54,6,48
S01010310,Families with dependent children: Youngest aged 0 to 4,53,29,19,19,0,10,10,0,24,2,22
S01010310,Families with dependent children: Youngest aged 5 to 11,30,9,6,6,0,3,2,1,21,2,19
S01010310,Families with dependent children: Youngest aged 12 to 18,16,7,6,5,1,1,1,0,9,2,7
S01010311,All families in households,198,90,66,59,7,24,19,5,108,7,101
S01010311,Families with no dependent children,98,55,48,44,4,7,4,3,43,3,40
S01010311,Families with dependent children: Total,100,35,18,15,3,17,15,2,65,4,61
S01010311,Families with dependent children: Youngest aged 0 to 4,34,15,7,6,1,8,7,1,19,0,19
S01010311,Families with dependent children: Youngest aged 5 to 11,37,9,4,4,0,5,5,0,28,4,24
S01010311,Families with dependent children: Youngest aged 12 to 18,29,11,7,5,2,4,3,1,18,0,18
S01010312,All families in households,222,90,61,52,9,29,26,3,132,13,119
S01010312,Families with no dependent children,101,58,42,39,3,16,15,1,43,9,34
S01010312,Families with dependent children: Total,121,32,19,13,6,13,11,2,89,4,85
S01010312,Families with dependent children: Youngest aged 0 to 4,53,11,7,4,3,4,3,1,42,2,40
S01010312,Families with dependent children: Youngest aged 5 to 11,43,13,6,5,1,7,6,1,30,1,29
S01010312,Families with dependent children: Youngest aged 12 to 18,25,8,6,4,2,2,2,0,17,1,16
S01010313,All families in households,150,81,54,54,0,27,24,3,69,3,66
S01010313,Families with no dependent children,77,50,39,39,0,11,11,0,27,3,24
S01010313,Families with dependent children: Total,73,31,15,15,0,16,13,3,42,0,42
S01010313,Families with dependent children: Youngest aged 0 to 4,31,17,8,8,0,9,8,1,14,0,14
S01010313,Families with dependent children: Youngest aged 5 to 11,28,9,5,5,0,4,3,1,19,0,19
S01010313,Families with dependent children: Youngest aged 12 to 18,14,5,2,2,0,3,2,1,9,0,9
S01010314,All families in households,207,121,81,77,4,40,34,6,86,13,73
S01010314,Families with no dependent children,111,80,54,52,2,26,25,1,31,8,23
S01010314,Families with dependent children: Total,96,41,27,25,2,14,9,5,55,5,50
S01010314,Families with dependent children: Youngest aged 0 to 4,31,12,7,7,0,5,3,2,19,3,16
S01010314,Families with dependent children: Youngest aged 5 to 11,32,16,10,9,1,6,4,2,16,1,15
S01010314,Families with dependent children: Youngest aged 12 to 18,33,13,10,9,1,3,2,1,20,1,19
S01010315,All families in households,252,146,95,87,8,51,45,6,106,22,84
S01010315,Families with no dependent children,105,77,43,41,2,34,31,3,28,7,21
S01010315,Families with dependent children: Total,147,69,52,46,6,17,14,3,78,15,63
S01010315,Families with dependent children: Youngest aged 0 to 4,68,38,27,25,2,11,11,0,30,3,27
S01010315,Families with dependent children: Youngest aged 5 to 11,51,21,16,14,2,5,3,2,30,10,20
S01010315,Families with dependent children: Youngest aged 12 to 18,28,10,9,7,2,1,0,1,18,2,16
S01010316,All families in households,113,48,22,20,2,26,24,2,65,8,57
S01010316,Families with no dependent children,48,31,13,12,1,18,18,0,17,5,12
S01010316,Families with dependent children: Total,65,17,9,8,1,8,6,2,48,3,45
S01010316,Families with dependent children: Youngest aged 0 to 4,24,9,4,3,1,5,3,2,15,0,15
S01010316,Families with dependent children: Youngest aged 5 to 11,22,5,3,3,0,2,2,0,17,2,15
S01010316,Families with dependent children: Youngest aged 12 to 18,19,3,2,2,0,1,1,0,16,1,15
S01010317,All families in households,155,133,59,59,0,74,73,1,22,6,16
S01010317,Families with no dependent children,122,112,45,45,0,67,67,0,10,5,5
S01010317,Families with dependent children: Total,33,21,14,14,0,7,6,1,12,1,11
S01010317,Families with dependent children: Youngest aged 0 to 4,10,9,4,4,0,5,4,1,1,0,1
S01010317,Families with dependent children: Youngest aged 5 to 11,13,7,6,6,0,1,1,0,6,0,6
S01010317,Families with dependent children: Youngest aged 12 to 18,10,5,4,4,0,1,1,0,5,1,4
S01010318,All families in households,112,60,25,25,0,35,34,1,52,7,45
S01010318,Families with no dependent children,59,46,19,19,0,27,27,0,13,3,10
S01010318,Families with dependent children: Total,53,14,6,6,0,8,7,1,39,4,35
S01010318,Families with dependent children: Youngest aged 0 to 4,22,8,3,3,0,5,5,0,14,1,13
S01010318,Families with dependent children: Youngest aged 5 to 11,24,5,2,2,0,3,2,1,19,2,17
S01010318,Families with dependent children: Youngest aged 12 to 18,7,1,1,1,0,0,0,0,6,1,5
S01010319,All families in households,158,121,68,68,0,53,52,1,37,7,30
S01010319,Families with no dependent children,104,91,43,43,0,48,47,1,13,6,7
S01010319,Families with dependent children: Total,54,30,25,25,0,5,5,0,24,1,23
S01010319,Families with dependent children: Youngest aged 0 to 4,29,20,15,15,0,5,5,0,9,0,9
S01010319,Families with dependent children: Youngest aged 5 to 11,14,6,6,6,0,0,0,0,8,1,7
S01010319,Families with dependent children: Youngest aged 12 to 18,11,4,4,4,0,0,0,0,7,0,7
S01010320,All families in households,117,85,29,28,1,56,55,1,32,5,27
S01010320,Families with no dependent children,81,70,23,22,1,47,47,0,11,4,7
S01010320,Families with dependent children: Total,36,15,6,6,0,9,8,1,21,1,20
S01010320,Families with dependent children: Youngest aged 0 to 4,19,12,5,5,0,7,6,1,7,0,7
S01010320,Families with dependent children: Youngest aged 5 to 11,12,3,1,1,0,2,2,0,9,0,9
S01010320,Families with dependent children: Youngest aged 12 to 18,5,0,0,0,0,0,0,0,5,1,4
S01010321,All families in households,135,96,40,39,1,56,54,2,39,3,36
S01010321,Families with no dependent children,98,81,31,31,0,50,49,1,17,2,15
S01010321,Families with dependent children: Total,37,15,9,8,1,6,5,1,22,1,21
S01010321,Families with dependent children: Youngest aged 0 to 4,14,7,3,3,0,4,3,1,7,0,7
S01010321,Families with dependent children: Youngest aged 5 to 11,9,4,3,3,0,1,1,0,5,0,5
S01010321,Families with dependent children: Youngest aged 12 to 18,14,4,3,2,1,1,1,0,10,1,9
S01010322,All families in households,237,214,116,114,2,98,97,1,23,8,15
S01010322,Families with no dependent children,175,167,83,83,0,84,84,0,8,4,4
S01010322,Families with dependent children: Total,62,47,33,31,2,14,13,1,15,4,11
S01010322,Families with dependent children: Youngest aged 0 to 4,34,27,16,16,0,11,11,0,7,3,4
S01010322,Families with dependent children: Youngest aged 5 to 11,12,11,9,8,1,2,2,0,1,0,1
S01010322,Families with dependent children: Youngest aged 12 to 18,16,9,8,7,1,1,0,1,7,1,6
S01010323,All families in households,133,50,32,28,4,18,16,2,83,8,75
S01010323,Families with no dependent children,62,33,26,23,3,7,7,0,29,4,25
S01010323,Families with dependent children: Total,71,17,6,5,1,11,9,2,54,4,50
S01010323,Families with dependent children: Youngest aged 0 to 4,33,11,4,3,1,7,6,1,22,0,22
S01010323,Families with dependent children: Youngest aged 5 to 11,18,5,2,2,0,3,2,1,13,3,10
S01010323,Families with dependent children: Youngest aged 12 to 18,20,1,0,0,0,1,1,0,19,1,18
S01010324,All families in households,193,122,97,91,6,25,20,5,71,7,64
S01010324,Families with no dependent children,129,93,78,75,3,15,13,2,36,7,29
S01010324,Families with dependent children: Total,64,29,19,16,3,10,7,3,35,0,35
S01010324,Families with dependent children: Youngest aged 0 to 4,35,15,7,5,2,8,5,3,20,0,20
S01010324,Families with dependent children: Youngest aged 5 to 11,12,5,3,2,1,2,2,0,7,0,7
S01010324,Families with dependent children: Youngest aged 12 to 18,17,9,9,9,0,0,0,0,8,0,8
S01010325,All families in households,253,169,132,125,7,37,36,1,84,15,69
S01010325,Families with no dependent children,171,125,105,105,0,20,20,0,46,13,33
S01010325,Families with dependent children: Total,82,44,27,20,7,17,16,1,38,2,36
S01010325,Families with dependent children: Youngest aged 0 to 4,30,15,6,3,3,9,8,1,15,0,15
S01010325,Families with dependent children: Youngest aged 5 to 11,28,16,11,8,3,5,5,0,12,2,10
S01010325,Families with dependent children: Youngest aged 12 to 18,24,13,10,9,1,3,3,0,11,0,11
S01010326,All families in households,259,111,67,67,0,44,37,7,148,15,133
S01010326,Families with no dependent children,98,63,41,41,0,22,19,3,35,8,27
S01010326,Families with dependent children: Total,161,48,26,26,0,22,18,4,113,7,106
S01010326,Families with dependent children: Youngest aged 0 to 4,62,23,12,12,0,11,11,0,39,2,37
S01010326,Families with dependent children: Youngest aged 5 to 11,53,14,6,6,0,8,5,3,39,2,37
S01010326,Families with dependent children: Youngest aged 12 to 18,46,11,8,8,0,3,2,1,35,3,32
S01010327,All families in households,250,150,112,98,14,38,30,8,100,7,93
S01010327,Families with no dependent children,104,73,53,49,4,20,20,0,31,5,26
S01010327,Families with dependent children: Total,146,77,59,49,10,18,10,8,69,2,67
S01010327,Families with dependent children: Youngest aged 0 to 4,66,42,36,33,3,6,3,3,24,0,24
S01010327,Families with dependent children: Youngest aged 5 to 11,45,17,10,7,3,7,5,2,28,0,28
S01010327,Families with dependent children: Youngest aged 12 to 18,35,18,13,9,4,5,2,3,17,2,15
S01010328,All families in households,279,199,156,144,12,43,38,5,80,9,71
S01010328,Families with no dependent children,167,129,103,99,4,26,25,1,38,3,35
S01010328,Families with dependent children: Total,112,70,53,45,8,17,13,4,42,6,36
S01010328,Families with dependent children: Youngest aged 0 to 4,47,32,22,19,3,10,10,0,15,2,13
S01010328,Families with dependent children: Youngest aged 5 to 11,34,21,17,17,0,4,3,1,13,0,13
S01010328,Families with dependent children: Youngest aged 12 to 18,31,17,14,9,5,3,0,3,14,4,10
S01010329,All families in households,165,109,80,77,3,29,28,1,56,5,51
S01010329,Families with no dependent children,114,83,65,63,2,18,18,0,31,5,26
S01010329,Families with dependent children: Total,51,26,15,14,1,11,10,1,25,0,25
S01010329,Families with dependent children: Youngest aged 0 to 4,23,13,6,6,0,7,7,0,10,0,10
S01010329,Families with dependent children: Youngest aged 5 to 11,22,11,8,7,1,3,3,0,11,0,11
S01010329,Families with dependent children: Youngest aged 12 to 18,6,2,1,1,0,1,0,1,4,0,4
S01010330,All families in households,185,84,62,57,5,22,16,6,101,13,88
S01010330,Families with no dependent children,85,54,45,43,2,9,8,1,31,10,21
S01010330,Families with dependent children: Total,100,30,17,14,3,13,8,5,70,3,67
S01010330,Families with dependent children: Youngest aged 0 to 4,34,12,6,6,0,6,4,2,22,1,21
S01010330,Families with dependent children: Youngest aged 5 to 11,38,11,6,4,2,5,2,3,27,1,26
S01010330,Families with dependent children: Youngest aged 12 to 18,28,7,5,4,1,2,2,0,21,1,20
S01010331,All families in households,229,124,97,93,4,27,22,5,105,8,97
S01010331,Families with no dependent children,127,95,81,81,0,14,13,1,32,2,30
S01010331,Families with dependent children: Total,102,29,16,12,4,13,9,4,73,6,67
S01010331,Families with dependent children: Youngest aged 0 to 4,33,12,7,5,2,5,4,1,21,1,20
S01010331,Families with dependent children: Youngest aged 5 to 11,47,8,4,3,1,4,3,1,39,5,34
S01010331,Families with dependent children: Youngest aged 12 to 18,22,9,5,4,1,4,2,2,13,0,13
S01010332,All families in households,203,111,88,81,7,23,20,3,92,10,82
S01010332,Families with no dependent children,109,78,62,61,1,16,14,2,31,6,25
S01010332,Families with dependent children: Total,94,33,26,20,6,7,6,1,61,4,57
S01010332,Families with dependent children: Youngest aged 0 to 4,19,5,4,3,1,1,1,0,14,0,14
S01010332,Families with dependent children: Youngest aged 5 to 11,42,13,10,7,3,3,2,1,29,3,26
S01010332,Families with dependent children: Youngest aged 12 to 18,33,15,12,10,2,3,3,0,18,1,17
S01010333,All families in households,266,154,103,100,3,51,49,2,112,9,103
S01010333,Families with no dependent children,143,107,72,72,0,35,33,2,36,5,31
S01010333,Families with dependent children: Total,123,47,31,28,3,16,16,0,76,4,72
S01010333,Families with dependent children: Youngest aged 0 to 4,40,11,7,6,1,4,4,0,29,1,28
S01010333,Families with dependent children: Youngest aged 5 to 11,37,17,11,10,1,6,6,0,20,2,18
S01010333,Families with dependent children: Youngest aged 12 to 18,46,19,13,12,1,6,6,0,27,1,26
S01010334,All families in households,292,175,129,124,5,46,43,3,117,12,105
S01010334,Families with no dependent children,149,118,92,91,1,26,26,0,31,6,25
S01010334,Families with dependent children: Total,143,57,37,33,4,20,17,3,86,6,80
S01010334,Families with dependent children: Youngest aged 0 to 4,61,20,15,13,2,5,4,1,41,4,37
S01010334,Families with dependent children: Youngest aged 5 to 11,47,20,11,10,1,9,8,1,27,1,26
S01010334,Families with dependent children: Youngest aged 12 to 18,35,17,11,10,1,6,5,1,18,1,17
S01010335,All families in households,208,131,98,92,6,33,25,8,77,12,65
S01010335,Families with no dependent children,119,83,64,62,2,19,17,2,36,7,29
S01010335,Families with dependent children: Total,89,48,34,30,4,14,8,6,41,5,36
S01010335,Families with dependent children: Youngest aged 0 to 4,27,13,6,6,0,7,5,2,14,1,13
S01010335,Families with dependent children: Youngest aged 5 to 11,22,13,10,9,1,3,1,2,9,0,9
S01010335,Families with dependent children: Youngest aged 12 to 18,40,22,18,15,3,4,2,2,18,4,14
S01010336,All families in households,167,67,33,33,0,34,28,6,100,9,91
S01010336,Families with no dependent children,62,37,24,24,0,13,12,1,25,8,17
S01010336,Families with dependent children: Total,105,30,9,9,0,21,16,5,75,1,74
S01010336,Families with dependent children: Youngest aged 0 to 4,46,18,6,6,0,12,10,2,28,0,28
S01010336,Families with dependent children: Youngest aged 5 to 11,39,4,0,0,0,4,4,0,35,0,35
S01010336,Families with dependent children: Youngest aged 12 to 18,20,8,3,3,0,5,2,3,12,1,11
S01010337,All families in households,188,114,90,81,9,24,22,2,74,8,66
S01010337,Families with no dependent children,112,85,73,68,5,12,11,1,27,6,21
S01010337,Families with dependent children: Total,76,29,17,13,4,12,11,1,47,2,45
S01010337,Families with dependent children: Youngest aged 0 to 4,19,10,5,4,1,5,5,0,9,1,8
S01010337,Families with dependent children: Youngest aged 5 to 11,26,10,7,6,1,3,2,1,16,0,16
S01010337,Families with dependent children: Youngest aged 12 to 18,31,9,5,3,2,4,4,0,22,1,21
S01010338,All families in households,218,97,68,64,4,29,21,8,121,16,105
S01010338,Families with no dependent children,93,59,48,47,1,11,10,1,34,10,24
S01010338,Families with dependent children: Total,125,38,20,17,3,18,11,7,87,6,81
S01010338,Families with dependent children: Youngest aged 0 to 4,45,16,6,5,1,10,9,1,29,0,29
S01010338,Families with dependent children: Youngest aged 5 to 11,48,13,8,8,0,5,2,3,35,5,30
S01010338,Families with dependent children: Youngest aged 12 to 18,32,9,6,4,2,3,0,3,23,1,22
S01010339,All families in households,205,123,98,96,2,25,22,3,82,7,75
S01010339,Families with no dependent children,113,81,74,73,1,7,7,0,32,2,30
S01010339,Families with dependent children: Total,92,42,24,23,1,18,15,3,50,5,45
S01010339,Families with dependent children: Youngest aged 0 to 4,35,13,7,6,1,6,5,1,22,0,22
S01010339,Families with dependent children: Youngest aged 5 to 11,29,13,6,6,0,7,5,2,16,4,12
S01010339,Families with dependent children: Youngest aged 12 to 18,28,16,11,11,0,5,5,0,12,1,11
S01010340,All families in households,208,114,88,81,7,26,21,5,94,5,89
S01010340,Families with no dependent children,90,66,54,50,4,12,12,0,24,4,20
S01010340,Families with dependent children: Total,118,48,34,31,3,14,9,5,70,1,69
S01010340,Families with dependent children: Youngest aged 0 to 4,49,18,12,12,0,6,5,1,31,0,31
S01010340,Families with dependent children: Youngest aged 5 to 11,39,18,12,11,1,6,4,2,21,1,20
S01010340,Families with dependent children: Youngest aged 12 to 18,30,12,10,8,2,2,0,2,18,0,18
S01010341,All families in households,162,116,93,89,4,23,20,3,46,5,41
S01010341,Families with no dependent children,84,74,62,62,0,12,11,1,10,4,6
S01010341,Families with dependent children: Total,78,42,31,27,4,11,9,2,36,1,35
S01010341,Families with dependent children: Youngest aged 0 to 4,29,11,7,6,1,4,4,0,18,0,18
S01010341,Families with dependent children: Youngest aged 5 to 11,27,18,12,10,2,6,4,2,9,1,8
S01010341,Families with dependent children: Youngest aged 12 to 18,22,13,12,11,1,1,1,0,9,0,9
S01010342,All families in households,177,139,111,109,2,28,23,5,38,5,33
S01010342,Families with no dependent children,93,81,65,64,1,16,14,2,12,1,11
S01010342,Families with dependent children: Total,84,58,46,45,1,12,9,3,26,4,22
S01010342,Families with dependent children: Youngest aged 0 to 4,21,14,9,8,1,5,5,0,7,2,5
S01010342,Families with dependent children: Youngest aged 5 to 11,27,19,14,14,0,5,4,1,8,1,7
S01010342,Families with dependent children: Youngest aged 12 to 18,36,25,23,23,0,2,0,2,11,1,10
S01010343,All families in households,278,226,181,177,4,45,41,4,52,7,45
S01010343,Families with no dependent children,143,126,100,99,1,26,25,1,17,3,14
S01010343,Families with dependent children: Total,135,100,81,78,3,19,16,3,35,4,31
S01010343,Families with dependent children: Youngest aged 0 to 4,46,36,21,21,0,15,13,2,10,1,9
S01010343,Families with dependent children: Youngest aged 5 to 11,44,31,30,29,1,1,1,0,13,1,12
S01010343,Families with dependent children: Youngest aged 12 to 18,45,33,30,28,2,3,2,1,12,2,10
S01010344,All families in households,170,80,50,50,0,30,28,2,90,11,79
S01010344,Families with no dependent children,83,55,41,41,0,14,13,1,28,6,22
S01010344,Families with dependent children: Total,87,25,9,9,0,16,15,1,62,5,57
S01010344,Families with dependent children: Youngest aged 0 to 4,36,14,3,3,0,11,10,1,22,1,21
S01010344,Families with dependent children: Youngest aged 5 to 11,23,5,1,1,0,4,4,0,18,0,18
S01010344,Families with dependent children: Youngest aged 12 to 18,28,6,5,5,0,1,1,0,22,4,18
S01010345,All families in households,132,108,91,85,6,17,10,7,24,6,18
S01010345,Families with no dependent children,46,39,29,28,1,10,10,0,7,2,5
S01010345,Families with dependent children: Total,86,69,62,57,5,7,0,7,17,4,13
S01010345,Families with dependent children: Youngest aged 0 to 4,31,26,23,22,1,3,0,3,5,0,5
S01010345,Families with dependent children: Youngest aged 5 to 11,32,26,24,24,0,2,0,2,6,1,5
S01010345,Families with dependent children: Youngest aged 12 to 18,23,17,15,11,4,2,0,2,6,3,3
S01010346,All families in households,287,242,194,183,11,48,42,6,45,4,41
S01010346,Families with no dependent children,160,148,120,119,1,28,27,1,12,1,11
S01010346,Families with dependent children: Total,127,94,74,64,10,20,15,5,33,3,30
S01010346,Families with dependent children: Youngest aged 0 to 4,32,28,20,20,0,8,6,2,4,0,4
S01010346,Families with dependent children: Youngest aged 5 to 11,51,39,32,24,8,7,5,2,12,1,11
S01010346,Families with dependent children: Youngest aged 12 to 18,44,27,22,20,2,5,4,1,17,2,15
S01010347,All families in households,266,135,91,86,5,44,38,6,131,4,127
S01010347,Families with no dependent children,124,89,66,62,4,23,21,2,35,0,35
S01010347,Families with dependent children: Total,142,46,25,24,1,21,17,4,96,4,92
S01010347,Families with dependent children: Youngest aged 0 to 4,59,27,13,13,0,14,13,1,32,0,32
S01010347,Families with dependent children: Youngest aged 5 to 11,51,14,9,8,1,5,3,2,37,3,34
S01010347,Families with dependent children: Youngest aged 12 to 18,32,5,3,3,0,2,1,1,27,1,26
S01010348,All families in households,300,196,150,148,2,46,45,1,104,12,92
S01010348,Families with no dependent children,179,140,117,117,0,23,23,0,39,7,32
S01010348,Families with dependent children: Total,121,56,33,31,2,23,22,1,65,5,60
S01010348,Families with dependent children: Youngest aged 0 to 4,57,22,11,11,0,11,11,0,35,2,33
S01010348,Families with dependent children: Youngest aged 5 to 11,34,19,10,10,0,9,8,1,15,1,14
S01010348,Families with dependent children: Youngest aged 12 to 18,30,15,12,10,2,3,3,0,15,2,13
S01010349,All families in households,244,163,125,119,6,38,31,7,81,11,70
S01010349,Families with no dependent children,142,113,94,91,3,19,18,1,29,10,19
S01010349,Families with dependent children: Total,102,50,31,28,3,19,13,6,52,1,51
S01010349,Families with dependent children: Youngest aged 0 to 4,41,21,11,9,2,10,8,2,20,0,20
S01010349,Families with dependent children: Youngest aged 5 to 11,26,13,7,6,1,6,2,4,13,0,13
S01010349,Families with dependent children: Youngest aged 12 to 18,35,16,13,13,0,3,3,0,19,1,18
S01010350,All families in households,260,121,89,83,6,32,28,4,139,14,125
S01010350,Families with no dependent children,109,77,60,57,3,17,16,1,32,9,23
S01010350,Families with dependent children: Total,151,44,29,26,3,15,12,3,107,5,102
S01010350,Families with dependent children: Youngest aged 0 to 4,55,14,9,7,2,5,3,2,41,0,41
S01010350,Families with dependent children: Youngest aged 5 to 11,57,14,8,8,0,6,6,0,43,3,40
S01010350,Families with dependent children: Youngest aged 12 to 18,39,16,12,11,1,4,3,1,23,2,21
S01010351,All families in households,236,138,85,80,5,53,45,8,98,7,91
S01010351,Families with no dependent children,110,86,49,48,1,37,34,3,24,3,21
S01010351,Families with dependent children: Total,126,52,36,32,4,16,11,5,74,4,70
S01010351,Families with dependent children: Youngest aged 0 to 4,48,23,15,15,0,8,8,0,25,2,23
S01010351,Families with dependent children: Youngest aged 5 to 11,42,17,11,10,1,6,2,4,25,0,25
S01010351,Families with dependent children: Youngest aged 12 to 18,36,12,10,7,3,2,1,1,24,2,22
S01010352,All families in households,141,89,60,57,3,29,25,4,52,5,47
S01010352,Families with no dependent children,99,73,52,50,2,21,19,2,26,3,23
S01010352,Families with dependent children: Total,42,16,8,7,1,8,6,2,26,2,24
S01010352,Families with dependent children: Youngest aged 0 to 4,18,6,3,3,0,3,2,1,12,0,12
S01010352,Families with dependent children: Youngest aged 5 to 11,7,5,1,0,1,4,3,1,2,1,1
S01010352,Families with dependent children: Youngest aged 12 to 18,17,5,4,4,0,1,1,0,12,1,11
S01010353,All families in households,235,113,69,67,2,44,41,3,122,14,108
S01010353,Families with no dependent children,85,66,40,39,1,26,24,2,19,5,14
S01010353,Families with dependent children: Total,150,47,29,28,1,18,17,1,103,9,94
S01010353,Families with dependent children: Youngest aged 0 to 4,70,28,16,16,0,12,12,0,42,1,41
S01010353,Families with dependent children: Youngest aged 5 to 11,39,7,3,3,0,4,3,1,32,7,25
S01010353,Families with dependent children: Youngest aged 12 to 18,41,12,10,9,1,2,2,0,29,1,28
S01010354,All families in households,202,108,70,68,2,38,36,2,94,9,85
S01010354,Families with no dependent children,109,66,40,40,0,26,26,0,43,7,36
S01010354,Families with dependent children: Total,93,42,30,28,2,12,10,2,51,2,49
S01010354,Families with dependent children: Youngest aged 0 to 4,36,19,12,12,0,7,7,0,17,1,16
S01010354,Families with dependent children: Youngest aged 5 to 11,28,13,10,9,1,3,2,1,15,1,14
S01010354,Families with dependent children: Youngest aged 12 to 18,29,10,8,7,1,2,1,1,19,0,19
S01010355,All families in households,182,102,69,67,2,33,30,3,80,14,66
S01010355,Families with no dependent children,103,74,53,52,1,21,20,1,29,7,22
S01010355,Families with dependent children: Total,79,28,16,15,1,12,10,2,51,7,44
S01010355,Families with dependent children: Youngest aged 0 to 4,32,13,6,5,1,7,6,1,19,1,18
S01010355,Families with dependent children: Youngest aged 5 to 11,27,9,6,6,0,3,2,1,18,2,16
S01010355,Families with dependent children: Youngest aged 12 to 18,20,6,4,4,0,2,2,0,14,4,10
S01010356,All families in households,183,125,80,80,0,45,40,5,58,4,54
S01010356,Families with no dependent children,98,74,45,45,0,29,29,0,24,3,21
S01010356,Families with dependent children: Total,85,51,35,35,0,16,11,5,34,1,33
S01010356,Families with dependent children: Youngest aged 0 to 4,40,31,19,19,0,12,10,2,9,0,9
S01010356,Families with dependent children: Youngest aged 5 to 11,26,13,10,10,0,3,0,3,13,1,12
S01010356,Families with dependent children: Youngest aged 12 to 18,19,7,6,6,0,1,1,0,12,0,12
S01010357,All families in households,141,79,56,55,1,23,20,3,62,15,47
S01010357,Families with no dependent children,81,55,39,39,0,16,14,2,26,7,19
S01010357,Families with dependent children: Total,60,24,17,16,1,7,6,1,36,8,28
S01010357,Families with dependent children: Youngest aged 0 to 4,26,13,9,9,0,4,4,0,13,1,12
S01010357,Families with dependent children: Youngest aged 5 to 11,20,9,6,5,1,3,2,1,11,2,9
S01010357,Families with dependent children: Youngest aged 12 to 18,14,2,2,2,0,0,0,0,12,5,7
S01010358,All families in households,177,96,59,56,3,37,33,4,81,13,68
S01010358,Families with no dependent children,86,64,42,40,2,22,20,2,22,5,17
S01010358,Families with dependent children: Total,91,32,17,16,1,15,13,2,59,8,51
S01010358,Families with dependent children: Youngest aged 0 to 4,34,17,6,5,1,11,10,1,17,1,16
S01010358,Families with dependent children: Youngest aged 5 to 11,34,7,4,4,0,3,2,1,27,4,23
S01010358,Families with dependent children: Youngest aged 12 to 18,23,8,7,7,0,1,1,0,15,3,12
S01010359,All families in households,226,79,56,51,5,23,21,2,147,21,126
S01010359,Families with no dependent children,94,55,42,39,3,13,12,1,39,14,25
S01010359,Families with dependent children: Total,132,24,14,12,2,10,9,1,108,7,101
S01010359,Families with dependent children: Youngest aged 0 to 4,56,10,3,3,0,7,7,0,46,1,45
S01010359,Families with dependent children: Youngest aged 5 to 11,30,7,6,5,1,1,0,1,23,4,19
S01010359,Families with dependent children: Youngest aged 12 to 18,46,7,5,4,1,2,2,0,39,2,37
S01010360,All families in households,135,77,50,45,5,27,22,5,58,8,50
S01010360,Families with no dependent children,58,44,29,27,2,15,15,0,14,1,13
S01010360,Families with dependent children: Total,77,33,21,18,3,12,7,5,44,7,37
S01010360,Families with dependent children: Youngest aged 0 to 4,30,13,7,6,1,6,5,1,17,1,16
S01010360,Families with dependent children: Youngest aged 5 to 11,19,9,6,6,0,3,2,1,10,1,9
S01010360,Families with dependent children: Youngest aged 12 to 18,28,11,8,6,2,3,0,3,17,5,12
S01010361,All families in households,128,53,30,26,4,23,23,0,75,13,62
S01010361,Families with no dependent children,54,36,19,18,1,17,17,0,18,2,16
S01010361,Families with dependent children: Total,74,17,11,8,3,6,6,0,57,11,46
S01010361,Families with dependent children: Youngest aged 0 to 4,26,9,6,4,2,3,3,0,17,2,15
S01010361,Families with dependent children: Youngest aged 5 to 11,26,2,2,2,0,0,0,0,24,4,20
S01010361,Families with dependent children: Youngest aged 12 to 18,22,6,3,2,1,3,3,0,16,5,11
S01010362,All families in households,96,72,49,46,3,23,21,2,24,3,21
S01010362,Families with no dependent children,62,54,36,34,2,18,18,0,8,2,6
S01010362,Families with dependent children: Total,34,18,13,12,1,5,3,2,16,1,15
S01010362,Families with dependent children: Youngest aged 0 to 4,12,4,4,4,0,0,0,0,8,0,8
S01010362,Families with dependent children: Youngest aged 5 to 11,15,10,6,6,0,4,3,1,5,1,4
S01010362,Families with dependent children: Youngest aged 12 to 18,7,4,3,2,1,1,0,1,3,0,3
S01010363,All families in households,189,149,107,103,4,42,39,3,40,4,36
S01010363,Families with no dependent children,113,100,69,67,2,31,30,1,13,2,11
S01010363,Families with dependent children: Total,76,49,38,36,2,11,9,2,27,2,25
S01010363,Families with dependent children: Youngest aged 0 to 4,33,24,17,16,1,7,6,1,9,0,9
S01010363,Families with dependent children: Youngest aged 5 to 11,20,9,7,7,0,2,1,1,11,2,9
S01010363,Families with dependent children: Youngest aged 12 to 18,23,16,14,13,1,2,2,0,7,0,7
S01010364,All families in households,275,247,208,205,3,39,35,4,28,3,25
S01010364,Families with no dependent children,165,151,127,125,2,24,21,3,14,0,14
S01010364,Families with dependent children: Total,110,96,81,80,1,15,14,1,14,3,11
S01010364,Families with dependent children: Youngest aged 0 to 4,43,40,32,32,0,8,7,1,3,0,3
S01010364,Families with dependent children: Youngest aged 5 to 11,31,28,22,22,0,6,6,0,3,0,3
S01010364,Families with dependent children: Youngest aged 12 to 18,36,28,27,26,1,1,1,0,8,3,5
S01010365,All families in households,263,234,184,178,6,50,45,5,29,5,24
S01010365,Families with no dependent children,164,150,115,113,2,35,33,2,14,4,10
S01010365,Families with dependent children: Total,99,84,69,65,4,15,12,3,15,1,14
S01010365,Families with dependent children: Youngest aged 0 to 4,36,34,26,26,0,8,7,1,2,0,2
S01010365,Families with dependent children: Youngest aged 5 to 11,28,23,19,17,2,4,3,1,5,0,5
S01010365,Families with dependent children: Youngest aged 12 to 18,35,27,24,22,2,3,2,1,8,1,7
S01010366,All families in households,273,240,180,178,2,60,58,2,33,5,28
S01010366,Families with no dependent children,181,164,117,116,1,47,47,0,17,3,14
S01010366,Families with dependent children: Total,92,76,63,62,1,13,11,2,16,2,14
S01010366,Families with dependent children: Youngest aged 0 to 4,36,32,25,24,1,7,7,0,4,0,4
S01010366,Families with dependent children: Youngest aged 5 to 11,18,15,14,14,0,1,1,0,3,2,1
S01010366,Families with dependent children: Youngest aged 12 to 18,38,29,24,24,0,5,3,2,9,0,9
S01010367,All families in households,279,241,186,180,6,55,54,1,38,2,36
S01010367,Families with no dependent children,174,157,114,112,2,43,42,1,17,0,17
S01010367,Families with dependent children: Total,105,84,72,68,4,12,12,0,21,2,19
S01010367,Families with dependent children: Youngest aged 0 to 4,46,44,35,33,2,9,9,0,2,1,1
S01010367,Families with dependent children: Youngest aged 5 to 11,28,21,19,18,1,2,2,0,7,0,7
S01010367,Families with dependent children: Youngest aged 12 to 18,31,19,18,17,1,1,1,0,12,1,11
S01010368,All families in households,186,161,123,121,2,38,36,2,25,4,21
S01010368,Families with no dependent children,125,117,85,84,1,32,31,1,8,4,4
S01010368,Families with dependent children: Total,61,44,38,37,1,6,5,1,17,0,17
S01010368,Families with dependent children: Youngest aged 0 to 4,24,21,18,18,0,3,3,0,3,0,3
S01010368,Families with dependent children: Youngest aged 5 to 11,16,10,9,9,0,1,1,0,6,0,6
S01010368,Families with dependent children: Youngest aged 12 to 18,21,13,11,10,1,2,1,1,8,0,8
S01010369,All families in households,172,143,85,85,0,58,57,1,29,0,29
S01010369,Families with no dependent children,106,101,51,51,0,50,50,0,5,0,5
S01010369,Families with dependent children: Total,66,42,34,34,0,8,7,1,24,0,24
S01010369,Families with dependent children: Youngest aged 0 to 4,36,25,21,21,0,4,4,0,11,0,11
S01010369,Families with dependent children: Youngest aged 5 to 11,18,12,8,8,0,4,3,1,6,0,6
S01010369,Families with dependent children: Youngest aged 12 to 18,12,5,5,5,0,0,0,0,7,0,7
S01010370,All families in households,176,156,91,90,1,65,63,2,20,5,15
S01010370,Families with no dependent children,111,105,52,51,1,53,53,0,6,1,5
S01010370,Families with dependent children: Total,65,51,39,39,0,12,10,2,14,4,10
S01010370,Families with dependent children: Youngest aged 0 to 4,23,21,16,16,0,5,5,0,2,0,2
S01010370,Families with dependent children: Youngest aged 5 to 11,18,13,12,12,0,1,1,0,5,2,3
S01010370,Families with dependent children: Youngest aged 12 to 18,24,17,11,11,0,6,4,2,7,2,5
S01010371,All families in households,211,188,119,116,3,69,67,2,23,2,21
S01010371,Families with no dependent children,144,130,66,64,2,64,63,1,14,1,13
S01010371,Families with dependent children: Total,67,58,53,52,1,5,4,1,9,1,8
S01010371,Families with dependent children: Youngest aged 0 to 4,36,35,32,31,1,3,3,0,1,0,1
S01010371,Families with dependent children: Youngest aged 5 to 11,15,13,11,11,0,2,1,1,2,1,1
S01010371,Families with dependent children: Youngest aged 12 to 18,16,10,10,10,0,0,0,0,6,0,6
S01010372,All families in households,130,111,74,74,0,37,36,1,19,3,16
S01010372,Families with no dependent children,80,72,43,43,0,29,29,0,8,2,6
S01010372,Families with dependent children: Total,50,39,31,31,0,8,7,1,11,1,10
S01010372,Families with dependent children: Youngest aged 0 to 4,26,22,18,18,0,4,4,0,4,1,3
S01010372,Families with dependent children: Youngest aged 5 to 11,14,11,8,8,0,3,2,1,3,0,3
S01010372,Families with dependent children: Youngest aged 12 to 18,10,6,5,5,0,1,1,0,4,0,4
S01010373,All families in households,149,136,83,82,1,53,51,2,13,2,11
S01010373,Families with no dependent children,101,98,51,51,0,47,45,2,3,1,2
S01010373,Families with dependent children: Total,48,38,32,31,1,6,6,0,10,1,9
S01010373,Families with dependent children: Youngest aged 0 to 4,28,25,21,20,1,4,4,0,3,0,3
S01010373,Families with dependent children: Youngest aged 5 to 11,12,7,5,5,0,2,2,0,5,1,4
S01010373,Families with dependent children: Youngest aged 12 to 18,8,6,6,6,0,0,0,0,2,0,2
S01010374,All families in households,209,184,117,115,2,67,63,4,25,7,18
S01010374,Families with no dependent children,126,118,64,64,0,54,53,1,8,3,5
S01010374,Families with dependent children: Total,83,66,53,51,2,13,10,3,17,4,13
S01010374,Families with dependent children: Youngest aged 0 to 4,37,36,29,28,1,7,5,2,1,0,1
S01010374,Families with dependent children: Youngest aged 5 to 11,32,24,18,17,1,6,5,1,8,2,6
S01010374,Families with dependent children: Youngest aged 12 to 18,14,6,6,6,0,0,0,0,8,2,6
S01010375,All families in households,52,42,20,19,1,22,22,0,10,0,10
S01010375,Families with no dependent children,37,31,13,13,0,18,18,0,6,0,6
S01010375,Families with dependent children: Total,15,11,7,6,1,4,4,0,4,0,4
S01010375,Families with dependent children: Youngest aged 0 to 4,8,7,4,3,1,3,3,0,1,0,1
S01010375,Families with dependent children: Youngest aged 5 to 11,5,3,3,3,0,0,0,0,2,0,2
S01010375,Families with dependent children: Youngest aged 12 to 18,2,1,0,0,0,1,1,0,1,0,1
S01010376,All families in households,106,96,51,50,1,45,42,3,10,1,9
S01010376,Families with no dependent children,76,70,28,28,0,42,41,1,6,0,6
S01010376,Families with dependent children: Total,30,26,23,22,1,3,1,2,4,1,3
S01010376,Families with dependent children: Youngest aged 0 to 4,14,13,10,10,0,3,1,2,1,0,1
S01010376,Families with dependent children: Youngest aged 5 to 11,7,5,5,5,0,0,0,0,2,1,1
S01010376,Families with dependent children: Youngest aged 12 to 18,9,8,8,7,1,0,0,0,1,0,1
S01010377,All families in households,120,98,57,56,1,41,40,1,22,0,22
S01010377,Families with no dependent children,68,62,28,27,1,34,34,0,6,0,6
S01010377,Families with dependent children: Total,52,36,29,29,0,7,6,1,16,0,16
S01010377,Families with dependent children: Youngest aged 0 to 4,31,22,17,17,0,5,4,1,9,0,9
S01010377,Families with dependent children: Youngest aged 5 to 11,9,6,6,6,0,0,0,0,3,0,3
S01010377,Families with dependent children: Youngest aged 12 to 18,12,8,6,6,0,2,2,0,4,0,4
S01010378,All families in households,77,63,34,33,1,29,28,1,14,0,14
S01010378,Families with no dependent children,50,44,17,16,1,27,26,1,6,0,6
S01010378,Families with dependent children: Total,27,19,17,17,0,2,2,0,8,0,8
S01010378,Families with dependent children: Youngest aged 0 to 4,9,6,5,5,0,1,1,0,3,0,3
S01010378,Families with dependent children: Youngest aged 5 to 11,11,9,8,8,0,1,1,0,2,0,2
S01010378,Families with dependent children: Youngest aged 12 to 18,7,4,4,4,0,0,0,0,3,0,3
S01010379,All families in households,134,111,63,60,3,48,43,5,23,6,17
S01010379,Families with no dependent children,99,85,44,43,1,41,39,2,14,3,11
S01010379,Families with dependent children: Total,35,26,19,17,2,7,4,3,9,3,6
S01010379,Families with dependent children: Youngest aged 0 to 4,11,7,4,4,0,3,2,1,4,2,2
S01010379,Families with dependent children: Youngest aged 5 to 11,12,11,10,9,1,1,0,1,1,0,1
S01010379,Families with dependent children: Youngest aged 12 to 18,12,8,5,4,1,3,2,1,4,1,3
S01010380,All families in households,211,180,105,103,2,75,74,1,31,6,25
S01010380,Families with no dependent children,153,134,73,72,1,61,61,0,19,4,15
S01010380,Families with dependent children: Total,58,46,32,31,1,14,13,1,12,2,10
S01010380,Families with dependent children: Youngest aged 0 to 4,31,27,18,17,1,9,9,0,4,1,3
S01010380,Families with dependent children: Youngest aged 5 to 11,15,10,8,8,0,2,2,0,5,0,5
S01010380,Families with dependent children: Youngest aged 12 to 18,12,9,6,6,0,3,2,1,3,1,2
S01010381,All families in households,103,86,27,26,1,59,59,0,17,3,14
S01010381,Families with no dependent children,79,73,17,17,0,56,56,0,6,0,6
S01010381,Families with dependent children: Total,24,13,10,9,1,3,3,0,11,3,8
S01010381,Families with dependent children: Youngest aged 0 to 4,11,10,7,7,0,3,3,0,1,0,1
S01010381,Families with dependent children: Youngest aged 5 to 11,4,2,2,2,0,0,0,0,2,0,2
S01010381,Families with dependent children: Youngest aged 12 to 18,9,1,1,0,1,0,0,0,8,3,5
S01010382,All families in households,161,137,67,63,4,70,68,2,24,0,24
S01010382,Families with no dependent children,121,117,53,52,1,64,63,1,4,0,4
S01010382,Families with dependent children: Total,40,20,14,11,3,6,5,1,20,0,20
S01010382,Families with dependent children: Youngest aged 0 to 4,14,8,6,6,0,2,2,0,6,0,6
S01010382,Families with dependent children: Youngest aged 5 to 11,14,6,3,1,2,3,2,1,8,0,8
S01010382,Families with dependent children: Youngest aged 12 to 18,12,6,5,4,1,1,1,0,6,0,6
S01010383,All families in households,121,81,42,39,3,39,38,1,40,4,36
S01010383,Families with no dependent children,78,63,29,28,1,34,34,0,15,3,12
S01010383,Families with dependent children: Total,43,18,13,11,2,5,4,1,25,1,24
S01010383,Families with dependent children: Youngest aged 0 to 4,16,10,5,5,0,5,4,1,6,0,6
S01010383,Families with dependent children: Youngest aged 5 to 11,12,4,4,4,0,0,0,0,8,1,7
S01010383,Families with dependent children: Youngest aged 12 to 18,15,4,4,2,2,0,0,0,11,0,11
S01010384,All families in households,159,139,64,63,1,75,73,2,20,3,17
S01010384,Families with no dependent children,121,111,43,43,0,68,67,1,10,2,8
S01010384,Families with dependent children: Total,38,28,21,20,1,7,6,1,10,1,9
S01010384,Families with dependent children: Youngest aged 0 to 4,24,20,15,15,0,5,5,0,4,0,4
S01010384,Families with dependent children: Youngest aged 5 to 11,5,2,2,2,0,0,0,0,3,0,3
S01010384,Families with dependent children: Youngest aged 12 to 18,9,6,4,3,1,2,1,1,3,1,2
S01010385,All families in households,185,143,59,58,1,84,82,2,42,4,38
S01010385,Families with no dependent children,138,120,44,44,0,76,75,1,18,3,15
S01010385,Families with dependent children: Total,47,23,15,14,1,8,7,1,24,1,23
S01010385,Families with dependent children: Youngest aged 0 to 4,17,14,9,9,0,5,5,0,3,0,3
S01010385,Families with dependent children: Youngest aged 5 to 11,17,5,3,2,1,2,1,1,12,1,11
S01010385,Families with dependent children: Youngest aged 12 to 18,13,4,3,3,0,1,1,0,9,0,9
S01010386,All families in households,170,118,62,59,3,56,51,5,52,2,50
S01010386,Families with no dependent children,106,93,47,45,2,46,44,2,13,1,12
S01010386,Families with dependent children: Total,64,25,15,14,1,10,7,3,39,1,38
S01010386,Families with dependent children: Youngest aged 0 to 4,24,9,5,5,0,4,4,0,15,0,15
S01010386,Families with dependent children: Youngest aged 5 to 11,19,7,6,6,0,1,1,0,12,1,11
S01010386,Families with dependent children: Youngest aged 12 to 18,21,9,4,3,1,5,2,3,12,0,12
S01010387,All families in households,196,155,74,73,1,81,76,5,41,4,37
S01010387,Families with no dependent children,138,121,49,49,0,72,72,0,17,2,15
S01010387,Families with dependent children: Total,58,34,25,24,1,9,4,5,24,2,22
S01010387,Families with dependent children: Youngest aged 0 to 4,28,22,15,15,0,7,4,3,6,0,6
S01010387,Families with dependent children: Youngest aged 5 to 11,16,6,5,4,1,1,0,1,10,0,10
S01010387,Families with dependent children: Youngest aged 12 to 18,14,6,5,5,0,1,0,1,8,2,6
S01010388,All families in households,246,157,93,91,2,64,61,3,89,14,75
S01010388,Families with no dependent children,169,129,74,74,0,55,54,1,40,9,31
S01010388,Families with dependent children: Total,77,28,19,17,2,9,7,2,49,5,44
S01010388,Families with dependent children: Youngest aged 0 to 4,27,12,8,8,0,4,4,0,15,0,15
S01010388,Families with dependent children: Youngest aged 5 to 11,28,6,3,2,1,3,3,0,22,2,20
S01010388,Families with dependent children: Youngest aged 12 to 18,22,10,8,7,1,2,0,2,12,3,9
S01010389,All families in households,210,182,76,76,0,106,101,5,28,4,24
S01010389,Families with no dependent children,168,160,64,64,0,96,94,2,8,2,6
S01010389,Families with dependent children: Total,42,22,12,12,0,10,7,3,20,2,18
S01010389,Families with dependent children: Youngest aged 0 to 4,26,17,10,10,0,7,4,3,9,0,9
S01010389,Families with dependent children: Youngest aged 5 to 11,7,2,2,2,0,0,0,0,5,2,3
S01010389,Families with dependent children: Youngest aged 12 to 18,9,3,0,0,0,3,3,0,6,0,6
S01010390,All families in households,227,187,67,67,0,120,118,2,40,7,33
S01010390,Families with no dependent children,170,154,48,48,0,106,106,0,16,3,13
S01010390,Families with dependent children: Total,57,33,19,19,0,14,12,2,24,4,20
S01010390,Families with dependent children: Youngest aged 0 to 4,24,19,9,9,0,10,10,0,5,1,4
S01010390,Families with dependent children: Youngest aged 5 to 11,15,8,5,5,0,3,1,2,7,1,6
S01010390,Families with dependent children: Youngest aged 12 to 18,18,6,5,5,0,1,1,0,12,2,10
S01010391,All families in households,170,126,53,53,0,73,73,0,44,6,38
S01010391,Families with no dependent children,127,113,42,42,0,71,71,0,14,4,10
S01010391,Families with dependent children: Total,43,13,11,11,0,2,2,0,30,2,28
S01010391,Families with dependent children: Youngest aged 0 to 4,22,8,6,6,0,2,2,0,14,1,13
S01010391,Families with dependent children: Youngest aged 5 to 11,10,2,2,2,0,0,0,0,8,0,8
S01010391,Families with dependent children: Youngest aged 12 to 18,11,3,3,3,0,0,0,0,8,1,7
S01010392,All families in households,171,152,84,82,2,68,68,0,19,3,16
S01010392,Families with no dependent children,118,111,49,48,1,62,62,0,7,0,7
S01010392,Families with dependent children: Total,53,41,35,34,1,6,6,0,12,3,9
S01010392,Families with dependent children: Youngest aged 0 to 4,34,32,26,26,0,6,6,0,2,1,1
S01010392,Families with dependent children: Youngest aged 5 to 11,11,6,6,6,0,0,0,0,5,0,5
S01010392,Families with dependent children: Youngest aged 12 to 18,8,3,3,2,1,0,0,0,5,2,3
S01010393,All families in households,210,184,81,81,0,103,101,2,26,1,25
S01010393,Families with no dependent children,175,159,66,66,0,93,93,0,16,1,15
S01010393,Families with dependent children: Total,35,25,15,15,0,10,8,2,10,0,10
S01010393,Families with dependent children: Youngest aged 0 to 4,17,14,8,8,0,6,5,1,3,0,3
S01010393,Families with dependent children: Youngest aged 5 to 11,8,4,2,2,0,2,2,0,4,0,4
S01010393,Families with dependent children: Youngest aged 12 to 18,10,7,5,5,0,2,1,1,3,0,3
S01010394,All families in households,162,99,60,59,1,39,39,0,63,6,57
S01010394,Families with no dependent children,98,73,40,40,0,33,33,0,25,5,20
S01010394,Families with dependent children: Total,64,26,20,19,1,6,6,0,38,1,37
S01010394,Families with dependent children: Youngest aged 0 to 4,21,6,3,3,0,3,3,0,15,0,15
S01010394,Families with dependent children: Youngest aged 5 to 11,25,13,10,10,0,3,3,0,12,1,11
S01010394,Families with dependent children: Youngest aged 12 to 18,18,7,7,6,1,0,0,0,11,0,11
S01010395,All families in households,204,158,93,90,3,65,62,3,46,6,40
S01010395,Families with no dependent children,139,119,64,64,0,55,55,0,20,5,15
S01010395,Families with dependent children: Total,65,39,29,26,3,10,7,3,26,1,25
S01010395,Families with dependent children: Youngest aged 0 to 4,30,26,19,18,1,7,6,1,4,0,4
S01010395,Families with dependent children: Youngest aged 5 to 11,23,9,9,7,2,0,0,0,14,1,13
S01010395,Families with dependent children: Youngest aged 12 to 18,12,4,1,1,0,3,1,2,8,0,8
S01010396,All families in households,242,187,105,102,3,82,79,3,55,3,52
S01010396,Families with no dependent children,175,145,77,76,1,68,67,1,30,2,28
S01010396,Families with dependent children: Total,67,42,28,26,2,14,12,2,25,1,24
S01010396,Families with dependent children: Youngest aged 0 to 4,31,26,14,13,1,12,10,2,5,0,5
S01010396,Families with dependent children: Youngest aged 5 to 11,15,12,10,10,0,2,2,0,3,0,3
S01010396,Families with dependent children: Youngest aged 12 to 18,21,4,4,3,1,0,0,0,17,1,16
S01010397,All families in households,105,96,53,53,0,43,42,1,9,2,7
S01010397,Families with no dependent children,72,65,34,34,0,31,31,0,7,1,6
S01010397,Families with dependent children: Total,33,31,19,19,0,12,11,1,2,1,1
S01010397,Families with dependent children: Youngest aged 0 to 4,20,20,11,11,0,9,9,0,0,0,0
S01010397,Families with dependent children: Youngest aged 5 to 11,8,7,5,5,0,2,1,1,1,1,0
S01010397,Families with dependent children: Youngest aged 12 to 18,5,4,3,3,0,1,1,0,1,0,1
S01010398,All families in households,259,224,123,121,2,101,96,5,35,4,31
S01010398,Families with no dependent children,188,175,85,83,2,90,88,2,13,1,12
S01010398,Families with dependent children: Total,71,49,38,38,0,11,8,3,22,3,19
S01010398,Families with dependent children: Youngest aged 0 to 4,32,27,19,19,0,8,7,1,5,0,5
S01010398,Families with dependent children: Youngest aged 5 to 11,22,12,10,10,0,2,1,1,10,0,10
S01010398,Families with dependent children: Youngest aged 12 to 18,17,10,9,9,0,1,0,1,7,3,4
S01010399,All families in households,245,234,119,116,3,115,112,3,11,1,10
S01010399,Families with no dependent children,191,187,88,87,1,99,98,1,4,0,4
S01010399,Families with dependent children: Total,54,47,31,29,2,16,14,2,7,1,6
S01010399,Families with dependent children: Youngest aged 0 to 4,38,36,26,26,0,10,10,0,2,0,2
S01010399,Families with dependent children: Youngest aged 5 to 11,9,6,2,1,1,4,3,1,3,0,3
S01010399,Families with dependent children: Youngest aged 12 to 18,7,5,3,2,1,2,1,1,2,1,1
S01010400,All families in households,269,232,157,154,3,75,72,3,37,4,33
S01010400,Families with no dependent children,164,155,97,95,2,58,57,1,9,2,7
S01010400,Families with dependent children: Total,105,77,60,59,1,17,15,2,28,2,26
S01010400,Families with dependent children: Youngest aged 0 to 4,36,30,23,22,1,7,7,0,6,0,6
S01010400,Families with dependent children: Youngest aged 5 to 11,32,22,17,17,0,5,5,0,10,0,10
S01010400,Families with dependent children: Youngest aged 12 to 18,37,25,20,20,0,5,3,2,12,2,10
S01010401,All families in households,145,127,84,84,0,43,42,1,18,4,14
S01010401,Families with no dependent children,109,103,65,65,0,38,38,0,6,2,4
S01010401,Families with dependent children: Total,36,24,19,19,0,5,4,1,12,2,10
S01010401,Families with dependent children: Youngest aged 0 to 4,12,11,6,6,0,5,4,1,1,0,1
S01010401,Families with dependent children: Youngest aged 5 to 11,11,8,8,8,0,0,0,0,3,2,1
S01010401,Families with dependent children: Youngest aged 12 to 18,13,5,5,5,0,0,0,0,8,0,8
S01010402,All families in households,269,253,166,165,1,87,81,6,16,3,13
S01010402,Families with no dependent children,194,181,107,107,0,74,73,1,13,2,11
S01010402,Families with dependent children: Total,75,72,59,58,1,13,8,5,3,1,2
S01010402,Families with dependent children: Youngest aged 0 to 4,34,33,26,26,0,7,5,2,1,0,1
S01010402,Families with dependent children: Youngest aged 5 to 11,23,22,18,18,0,4,2,2,1,1,0
S01010402,Families with dependent children: Youngest aged 12 to 18,18,17,15,14,1,2,1,1,1,0,1
S01010403,All families in households,261,235,173,171,2,62,57,5,26,3,23
S01010403,Families with no dependent children,179,168,117,117,0,51,49,2,11,1,10
S01010403,Families with dependent children: Total,82,67,56,54,2,11,8,3,15,2,13
S01010403,Families with dependent children: Youngest aged 0 to 4,40,38,31,31,0,7,6,1,2,0,2
S01010403,Families with dependent children: Youngest aged 5 to 11,16,11,10,9,1,1,1,0,5,2,3
S01010403,Families with dependent children: Youngest aged 12 to 18,26,18,15,14,1,3,1,2,8,0,8
S01010404,All families in households,198,184,133,127,6,51,49,2,14,1,13
S01010404,Families with no dependent children,135,128,86,85,1,42,42,0,7,1,6
S01010404,Families with dependent children: Total,63,56,47,42,5,9,7,2,7,0,7
S01010404,Families with dependent children: Youngest aged 0 to 4,29,28,23,22,1,5,3,2,1,0,1
S01010404,Families with dependent children: Youngest aged 5 to 11,17,16,13,10,3,3,3,0,1,0,1
S01010404,Families with dependent children: Youngest aged 12 to 18,17,12,11,10,1,1,1,0,5,0,5
S01010405,All families in households,209,189,134,133,1,55,53,2,20,4,16
S01010405,Families with no dependent children,140,133,88,88,0,45,45,0,7,2,5
S01010405,Families with dependent children: Total,69,56,46,45,1,10,8,2,13,2,11
S01010405,Families with dependent children: Youngest aged 0 to 4,33,30,26,25,1,4,3,1,3,0,3
S01010405,Families with dependent children: Youngest aged 5 to 11,19,13,8,8,0,5,4,1,6,2,4
S01010405,Families with dependent children: Youngest aged 12 to 18,17,13,12,12,0,1,1,0,4,0,4
S01010406,All families in households,167,156,86,86,0,70,70,0,11,2,9
S01010406,Families with no dependent children,114,111,48,48,0,63,63,0,3,1,2
S01010406,Families with dependent children: Total,53,45,38,38,0,7,7,0,8,1,7
S01010406,Families with dependent children: Youngest aged 0 to 4,28,25,22,22,0,3,3,0,3,0,3
S01010406,Families with dependent children: Youngest aged 5 to 11,11,9,7,7,0,2,2,0,2,1,1
S01010406,Families with dependent children: Youngest aged 12 to 18,14,11,9,9,0,2,2,0,3,0,3
S01010407,All families in households,127,104,59,57,2,45,45,0,23,2,21
S01010407,Families with no dependent children,90,80,38,36,2,42,42,0,10,2,8
S01010407,Families with dependent children: Total,37,24,21,21,0,3,3,0,13,0,13
S01010407,Families with dependent children: Youngest aged 0 to 4,12,9,8,8,0,1,1,0,3,0,3
S01010407,Families with dependent children: Youngest aged 5 to 11,15,8,6,6,0,2,2,0,7,0,7
S01010407,Families with dependent children: Youngest aged 12 to 18,10,7,7,7,0,0,0,0,3,0,3
S01010408,All families in households,135,108,92,88,4,16,15,1,27,4,23
S01010408,Families with no dependent children,59,50,40,39,1,10,10,0,9,2,7
S01010408,Families with dependent children: Total,76,58,52,49,3,6,5,1,18,2,16
S01010408,Families with dependent children: Youngest aged 0 to 4,30,27,24,22,2,3,3,0,3,1,2
S01010408,Families with dependent children: Youngest aged 5 to 11,23,16,14,13,1,2,1,1,7,0,7
S01010408,Families with dependent children: Youngest aged 12 to 18,23,15,14,14,0,1,1,0,8,1,7
S01010409,All families in households,203,176,163,159,4,13,12,1,27,6,21
S01010409,Families with no dependent children,103,90,82,80,2,8,8,0,13,4,9
S01010409,Families with dependent children: Total,100,86,81,79,2,5,4,1,14,2,12
S01010409,Families with dependent children: Youngest aged 0 to 4,34,32,29,28,1,3,3,0,2,0,2
S01010409,Families with dependent children: Youngest aged 5 to 11,35,29,27,26,1,2,1,1,6,1,5
S01010409,Families with dependent children: Youngest aged 12 to 18,31,25,25,25,0,0,0,0,6,1,5
S01010410,All families in households,161,142,127,124,3,15,12,3,19,3,16
S01010410,Families with no dependent children,81,75,67,67,0,8,6,2,6,1,5
S01010410,Families with dependent children: Total,80,67,60,57,3,7,6,1,13,2,11
S01010410,Families with dependent children: Youngest aged 0 to 4,30,26,22,21,1,4,4,0,4,2,2
S01010410,Families with dependent children: Youngest aged 5 to 11,29,25,23,21,2,2,1,1,4,0,4
S01010410,Families with dependent children: Youngest aged 12 to 18,21,16,15,15,0,1,1,0,5,0,5
S01010411,All families in households,306,275,261,258,3,14,13,1,31,4,27
S01010411,Families with no dependent children,135,118,115,115,0,3,2,1,17,3,14
S01010411,Families with dependent children: Total,171,157,146,143,3,11,11,0,14,1,13
S01010411,Families with dependent children: Youngest aged 0 to 4,58,54,46,45,1,8,8,0,4,1,3
S01010411,Families with dependent children: Youngest aged 5 to 11,68,65,64,64,0,1,1,0,3,0,3
S01010411,Families with dependent children: Youngest aged 12 to 18,45,38,36,34,2,2,2,0,7,0,7
S01010412,All families in households,173,158,102,100,2,56,55,1,15,0,15
S01010412,Families with no dependent children,118,112,64,64,0,48,48,0,6,0,6
S01010412,Families with dependent children: Total,55,46,38,36,2,8,7,1,9,0,9
S01010412,Families with dependent children: Youngest aged 0 to 4,18,18,14,12,2,4,4,0,0,0,0
S01010412,Families with dependent children: Youngest aged 5 to 11,25,20,17,17,0,3,2,1,5,0,5
S01010412,Families with dependent children: Youngest aged 12 to 18,12,8,7,7,0,1,1,0,4,0,4
S01010413,All families in households,202,181,166,162,4,15,14,1,21,8,13
S01010413,Families with no dependent children,136,123,113,112,1,10,10,0,13,8,5
S01010413,Families with dependent children: Total,66,58,53,50,3,5,4,1,8,0,8
S01010413,Families with dependent children: Youngest aged 0 to 4,35,31,27,27,0,4,4,0,4,0,4
S01010413,Families with dependent children: Youngest aged 5 to 11,14,13,12,10,2,1,0,1,1,0,1
S01010413,Families with dependent children: Youngest aged 12 to 18,17,14,14,13,1,0,0,0,3,0,3
S01010414,All families in households,283,240,198,195,3,42,35,7,43,5,38
S01010414,Families with no dependent children,148,133,105,104,1,28,25,3,15,3,12
S01010414,Families with dependent children: Total,135,107,93,91,2,14,10,4,28,2,26
S01010414,Families with dependent children: Youngest aged 0 to 4,51,43,36,36,0,7,7,0,8,0,8
S01010414,Families with dependent children: Youngest aged 5 to 11,38,30,26,25,1,4,3,1,8,2,6
S01010414,Families with dependent children: Youngest aged 12 to 18,46,34,31,30,1,3,0,3,12,0,12
S01010415,All families in households,246,189,134,127,7,55,54,1,57,8,49
S01010415,Families with no dependent children,150,131,92,87,5,39,39,0,19,5,14
S01010415,Families with dependent children: Total,96,58,42,40,2,16,15,1,38,3,35
S01010415,Families with dependent children: Youngest aged 0 to 4,28,21,13,13,0,8,7,1,7,0,7
S01010415,Families with dependent children: Youngest aged 5 to 11,33,22,15,13,2,7,7,0,11,1,10
S01010415,Families with dependent children: Youngest aged 12 to 18,35,15,14,14,0,1,1,0,20,2,18
S01010416,All families in households,201,182,154,148,6,28,26,2,19,4,15
S01010416,Families with no dependent children,130,120,101,99,2,19,17,2,10,2,8
S01010416,Families with dependent children: Total,71,62,53,49,4,9,9,0,9,2,7
S01010416,Families with dependent children: Youngest aged 0 to 4,35,31,26,25,1,5,5,0,4,2,2
S01010416,Families with dependent children: Youngest aged 5 to 11,22,19,15,13,2,4,4,0,3,0,3
S01010416,Families with dependent children: Youngest aged 12 to 18,14,12,12,11,1,0,0,0,2,0,2
S01010417,All families in households,150,132,98,96,2,34,32,2,18,3,15
S01010417,Families with no dependent children,90,85,57,55,2,28,27,1,5,2,3
S01010417,Families with dependent children: Total,60,47,41,41,0,6,5,1,13,1,12
S01010417,Families with dependent children: Youngest aged 0 to 4,20,17,14,14,0,3,3,0,3,0,3
S01010417,Families with dependent children: Youngest aged 5 to 11,27,20,18,18,0,2,1,1,7,0,7
S01010417,Families with dependent children: Youngest aged 12 to 18,13,10,9,9,0,1,1,0,3,1,2
S01010418,All families in households,283,249,153,149,4,96,91,5,34,4,30
S01010418,Families with no dependent children,177,165,85,83,2,80,78,2,12,3,9
S01010418,Families with dependent children: Total,106,84,68,66,2,16,13,3,22,1,21
S01010418,Families with dependent children: Youngest aged 0 to 4,45,39,28,28,0,11,11,0,6,0,6
S01010418,Families with dependent children: Youngest aged 5 to 11,32,25,22,21,1,3,1,2,7,0,7
S01010418,Families with dependent children: Youngest aged 12 to 18,29,20,18,17,1,2,1,1,9,1,8
S01010419,All families in households,254,230,173,167,6,57,55,2,24,3,21
S01010419,Families with no dependent children,152,144,98,95,3,46,46,0,8,2,6
S01010419,Families with dependent children: Total,102,86,75,72,3,11,9,2,16,1,15
S01010419,Families with dependent children: Youngest aged 0 to 4,47,40,34,34,0,6,5,1,7,0,7
S01010419,Families with dependent children: Youngest aged 5 to 11,30,25,22,22,0,3,3,0,5,1,4
S01010419,Families with dependent children: Youngest aged 12 to 18,25,21,19,16,3,2,1,1,4,0,4
S01010420,All families in households,187,158,140,135,5,18,15,3,29,1,28
S01010420,Families with no dependent children,102,87,84,83,1,3,3,0,15,1,14
S01010420,Families with dependent children: Total,85,71,56,52,4,15,12,3,14,0,14
S01010420,Families with dependent children: Youngest aged 0 to 4,28,24,15,15,0,9,7,2,4,0,4
S01010420,Families with dependent children: Youngest aged 5 to 11,30,26,21,18,3,5,5,0,4,0,4
S01010420,Families with dependent children: Youngest aged 12 to 18,27,21,20,19,1,1,0,1,6,0,6
S01010421,All families in households,243,222,198,196,2,24,20,4,21,2,19
S01010421,Families with no dependent children,123,112,97,96,1,15,13,2,11,1,10
S01010421,Families with dependent children: Total,120,110,101,100,1,9,7,2,10,1,9
S01010421,Families with dependent children: Youngest aged 0 to 4,43,41,36,35,1,5,4,1,2,1,1
S01010421,Families with dependent children: Youngest aged 5 to 11,44,40,38,38,0,2,1,1,4,0,4
S01010421,Families with dependent children: Youngest aged 12 to 18,33,29,27,27,0,2,2,0,4,0,4
S01010422,All families in households,301,252,214,208,6,38,29,9,49,10,39
S01010422,Families with no dependent children,157,136,113,111,2,23,18,5,21,6,15
S01010422,Families with dependent children: Total,144,116,101,97,4,15,11,4,28,4,24
S01010422,Families with dependent children: Youngest aged 0 to 4,49,43,36,35,1,7,5,2,6,0,6
S01010422,Families with dependent children: Youngest aged 5 to 11,40,31,25,23,2,6,5,1,9,3,6
S01010422,Families with dependent children: Youngest aged 12 to 18,55,42,40,39,1,2,1,1,13,1,12
S01010423,All families in households,193,101,56,54,2,45,41,4,92,5,87
S01010423,Families with no dependent children,93,65,31,31,0,34,34,0,28,5,23
S01010423,Families with dependent children: Total,100,36,25,23,2,11,7,4,64,0,64
S01010423,Families with dependent children: Youngest aged 0 to 4,43,15,10,9,1,5,3,2,28,0,28
S01010423,Families with dependent children: Youngest aged 5 to 11,38,14,13,12,1,1,1,0,24,0,24
S01010423,Families with dependent children: Youngest aged 12 to 18,19,7,2,2,0,5,3,2,12,0,12
S01010424,All families in households,199,115,70,68,2,45,43,2,84,10,74
S01010424,Families with no dependent children,103,82,46,44,2,36,35,1,21,4,17
S01010424,Families with dependent children: Total,96,33,24,24,0,9,8,1,63,6,57
S01010424,Families with dependent children: Youngest aged 0 to 4,36,17,12,12,0,5,5,0,19,0,19
S01010424,Families with dependent children: Youngest aged 5 to 11,27,7,5,5,0,2,2,0,20,3,17
S01010424,Families with dependent children: Youngest aged 12 to 18,33,9,7,7,0,2,1,1,24,3,21
S01010425,All families in households,248,140,90,85,5,50,48,2,108,10,98
S01010425,Families with no dependent children,121,92,57,56,1,35,34,1,29,5,24
S01010425,Families with dependent children: Total,127,48,33,29,4,15,14,1,79,5,74
S01010425,Families with dependent children: Youngest aged 0 to 4,48,19,13,12,1,6,6,0,29,0,29
S01010425,Families with dependent children: Youngest aged 5 to 11,43,13,10,8,2,3,3,0,30,4,26
S01010425,Families with dependent children: Youngest aged 12 to 18,36,16,10,9,1,6,5,1,20,1,19
S01010426,All families in households,180,127,70,70,0,57,56,1,53,9,44
S01010426,Families with no dependent children,106,87,46,46,0,41,41,0,19,6,13
S01010426,Families with dependent children: Total,74,40,24,24,0,16,15,1,34,3,31
S01010426,Families with dependent children: Youngest aged 0 to 4,39,29,15,15,0,14,13,1,10,0,10
S01010426,Families with dependent children: Youngest aged 5 to 11,22,6,4,4,0,2,2,0,16,1,15
S01010426,Families with dependent children: Youngest aged 12 to 18,13,5,5,5,0,0,0,0,8,2,6
S01010427,All families in households,253,165,113,107,6,52,41,11,88,12,76
S01010427,Families with no dependent children,107,78,53,50,3,25,22,3,29,5,24
S01010427,Families with dependent children: Total,146,87,60,57,3,27,19,8,59,7,52
S01010427,Families with dependent children: Youngest aged 0 to 4,67,50,31,30,1,19,16,3,17,0,17
S01010427,Families with dependent children: Youngest aged 5 to 11,46,22,15,15,0,7,3,4,24,5,19
S01010427,Families with dependent children: Youngest aged 12 to 18,33,15,14,12,2,1,0,1,18,2,16
S01010428,All families in households,203,165,146,143,3,19,17,2,38,3,35
S01010428,Families with no dependent children,105,92,78,76,2,14,13,1,13,2,11
S01010428,Families with dependent children: Total,98,73,68,67,1,5,4,1,25,1,24
S01010428,Families with dependent children: Youngest aged 0 to 4,30,23,22,22,0,1,1,0,7,1,6
S01010428,Families with dependent children: Youngest aged 5 to 11,42,32,30,30,0,2,1,1,10,0,10
S01010428,Families with dependent children: Youngest aged 12 to 18,26,18,16,15,1,2,2,0,8,0,8
S01010429,All families in households,295,260,210,205,5,50,47,3,35,6,29
S01010429,Families with no dependent children,158,143,113,110,3,30,30,0,15,5,10
S01010429,Families with dependent children: Total,137,117,97,95,2,20,17,3,20,1,19
S01010429,Families with dependent children: Youngest aged 0 to 4,69,64,53,52,1,11,11,0,5,0,5
S01010429,Families with dependent children: Youngest aged 5 to 11,41,30,23,23,0,7,6,1,11,1,10
S01010429,Families with dependent children: Youngest aged 12 to 18,27,23,21,20,1,2,0,2,4,0,4
S01010430,All families in households,208,122,85,79,6,37,30,7,86,8,78
S01010430,Families with no dependent children,97,73,50,47,3,23,23,0,24,5,19
S01010430,Families with dependent children: Total,111,49,35,32,3,14,7,7,62,3,59
S01010430,Families with dependent children: Youngest aged 0 to 4,47,24,20,17,3,4,4,0,23,1,22
S01010430,Families with dependent children: Youngest aged 5 to 11,39,18,11,11,0,7,2,5,21,0,21
S01010430,Families with dependent children: Youngest aged 12 to 18,25,7,4,4,0,3,1,2,18,2,16
S01010431,All families in households,206,182,164,159,5,18,17,1,24,7,17
S01010431,Families with no dependent children,101,93,85,84,1,8,8,0,8,5,3
S01010431,Families with dependent children: Total,105,89,79,75,4,10,9,1,16,2,14
S01010431,Families with dependent children: Youngest aged 0 to 4,40,37,35,34,1,2,2,0,3,0,3
S01010431,Families with dependent children: Youngest aged 5 to 11,29,24,20,18,2,4,4,0,5,1,4
S01010431,Families with dependent children: Youngest aged 12 to 18,36,28,24,23,1,4,3,1,8,1,7
S01010432,All families in households,214,124,80,77,3,44,39,5,90,11,79
S01010432,Families with no dependent children,104,78,48,48,0,30,29,1,26,6,20
S01010432,Families with dependent children: Total,110,46,32,29,3,14,10,4,64,5,59
S01010432,Families with dependent children: Youngest aged 0 to 4,36,16,9,9,0,7,7,0,20,0,20
S01010432,Families with dependent children: Youngest aged 5 to 11,44,18,12,11,1,6,2,4,26,3,23
S01010432,Families with dependent children: Youngest aged 12 to 18,30,12,11,9,2,1,1,0,18,2,16
S01010433,All families in households,177,104,67,64,3,37,29,8,73,4,69
S01010433,Families with no dependent children,51,34,21,20,1,13,13,0,17,3,14
S01010433,Families with dependent children: Total,126,70,46,44,2,24,16,8,56,1,55
S01010433,Families with dependent children: Youngest aged 0 to 4,71,44,27,27,0,17,14,3,27,1,26
S01010433,Families with dependent children: Youngest aged 5 to 11,35,22,15,13,2,7,2,5,13,0,13
S01010433,Families with dependent children: Youngest aged 12 to 18,20,4,4,4,0,0,0,0,16,0,16
S01010434,All families in households,155,74,45,41,4,29,27,2,81,10,71
S01010434,Families with no dependent children,62,40,23,22,1,17,17,0,22,7,15
S01010434,Families with dependent children: Total,93,34,22,19,3,12,10,2,59,3,56
S01010434,Families with dependent children: Youngest aged 0 to 4,42,21,12,10,2,9,7,2,21,0,21
S01010434,Families with dependent children: Youngest aged 5 to 11,28,8,6,5,1,2,2,0,20,0,20
S01010434,Families with dependent children: Youngest aged 12 to 18,23,5,4,4,0,1,1,0,18,3,15
S01010435,All families in households,185,125,101,95,6,24,19,5,60,12,48
S01010435,Families with no dependent children,115,87,75,73,2,12,9,3,28,7,21
S01010435,Families with dependent children: Total,70,38,26,22,4,12,10,2,32,5,27
S01010435,Families with dependent children: Youngest aged 0 to 4,28,13,7,4,3,6,6,0,15,2,13
S01010435,Families with dependent children: Youngest aged 5 to 11,21,11,7,6,1,4,4,0,10,1,9
S01010435,Families with dependent children: Youngest aged 12 to 18,21,14,12,12,0,2,0,2,7,2,5
S01010436,All families in households,178,112,63,57,6,49,48,1,66,5,61
S01010436,Families with no dependent children,94,71,37,36,1,34,33,1,23,1,22
S01010436,Families with dependent children: Total,84,41,26,21,5,15,15,0,43,4,39
S01010436,Families with dependent children: Youngest aged 0 to 4,40,20,8,8,0,12,12,0,20,1,19
S01010436,Families with dependent children: Youngest aged 5 to 11,30,16,13,9,4,3,3,0,14,3,11
S01010436,Families with dependent children: Youngest aged 12 to 18,14,5,5,4,1,0,0,0,9,0,9
S01010437,All families in households,155,102,86,83,3,16,15,1,53,2,51
S01010437,Families with no dependent children,87,68,54,54,0,14,13,1,19,2,17
S01010437,Families with dependent children: Total,68,34,32,29,3,2,2,0,34,0,34
S01010437,Families with dependent children: Youngest aged 0 to 4,18,12,11,11,0,1,1,0,6,0,6
S01010437,Families with dependent children: Youngest aged 5 to 11,22,13,12,10,2,1,1,0,9,0,9
S01010437,Families with dependent children: Youngest aged 12 to 18,28,9,9,8,1,0,0,0,19,0,19
S01010438,All families in households,224,127,94,89,5,33,25,8,97,6,91
S01010438,Families with no dependent children,74,55,38,37,1,17,16,1,19,1,18
S01010438,Families with dependent children: Total,150,72,56,52,4,16,9,7,78,5,73
S01010438,Families with dependent children: Youngest aged 0 to 4,68,39,26,23,3,13,8,5,29,0,29
S01010438,Families with dependent children: Youngest aged 5 to 11,57,21,18,18,0,3,1,2,36,4,32
S01010438,Families with dependent children: Youngest aged 12 to 18,25,12,12,11,1,0,0,0,13,1,12
S01010439,All families in households,252,143,68,64,4,75,69,6,109,7,102
S01010439,Families with no dependent children,128,95,43,43,0,52,50,2,33,5,28
S01010439,Families with dependent children: Total,124,48,25,21,4,23,19,4,76,2,74
S01010439,Families with dependent children: Youngest aged 0 to 4,68,32,12,10,2,20,16,4,36,2,34
S01010439,Families with dependent children: Youngest aged 5 to 11,20,7,6,6,0,1,1,0,13,0,13
S01010439,Families with dependent children: Youngest aged 12 to 18,36,9,7,5,2,2,2,0,27,0,27
S01010440,All families in households,177,113,82,81,1,31,29,2,64,7,57
S01010440,Families with no dependent children,93,77,55,55,0,22,22,0,16,4,12
S01010440,Families with dependent children: Total,84,36,27,26,1,9,7,2,48,3,45
S01010440,Families with dependent children: Youngest aged 0 to 4,39,16,11,11,0,5,4,1,23,0,23
S01010440,Families with dependent children: Youngest aged 5 to 11,19,6,4,4,0,2,2,0,13,1,12
S01010440,Families with dependent children: Youngest aged 12 to 18,26,14,12,11,1,2,1,1,12,2,10
S01010441,All families in households,199,143,68,66,2,75,73,2,56,3,53
S01010441,Families with no dependent children,126,110,44,42,2,66,65,1,16,1,15
S01010441,Families with dependent children: Total,73,33,24,24,0,9,8,1,40,2,38
S01010441,Families with dependent children: Youngest aged 0 to 4,45,22,14,14,0,8,7,1,23,1,22
S01010441,Families with dependent children: Youngest aged 5 to 11,15,3,3,3,0,0,0,0,12,0,12
S01010441,Families with dependent children: Youngest aged 12 to 18,13,8,7,7,0,1,1,0,5,1,4
S01010442,All families in households,189,106,64,60,4,42,39,3,83,11,72
S01010442,Families with no dependent children,93,71,40,38,2,31,30,1,22,8,14
S01010442,Families with dependent children: Total,96,35,24,22,2,11,9,2,61,3,58
S01010442,Families with dependent children: Youngest aged 0 to 4,43,16,6,6,0,10,9,1,27,2,25
S01010442,Families with dependent children: Youngest aged 5 to 11,32,13,12,11,1,1,0,1,19,1,18
S01010442,Families with dependent children: Youngest aged 12 to 18,21,6,6,5,1,0,0,0,15,0,15
S01010443,All families in households,161,110,89,87,2,21,20,1,51,1,50
S01010443,Families with no dependent children,94,74,64,64,0,10,10,0,20,1,19
S01010443,Families with dependent children: Total,67,36,25,23,2,11,10,1,31,0,31
S01010443,Families with dependent children: Youngest aged 0 to 4,18,8,4,3,1,4,4,0,10,0,10
S01010443,Families with dependent children: Youngest aged 5 to 11,35,21,14,14,0,7,6,1,14,0,14
S01010443,Families with dependent children: Youngest aged 12 to 18,14,7,7,6,1,0,0,0,7,0,7
S01010444,All families in households,199,128,107,101,6,21,16,5,71,14,57
S01010444,Families with no dependent children,119,85,75,73,2,10,8,2,34,11,23
S01010444,Families with dependent children: Total,80,43,32,28,4,11,8,3,37,3,34
S01010444,Families with dependent children: Youngest aged 0 to 4,33,16,12,11,1,4,3,1,17,2,15
S01010444,Families with dependent children: Youngest aged 5 to 11,26,13,10,8,2,3,3,0,13,0,13
S01010444,Families with dependent children: Youngest aged 12 to 18,21,14,10,9,1,4,2,2,7,1,6
S01010445,All families in households,223,145,121,111,10,24,21,3,78,5,73
S01010445,Families with no dependent children,122,92,80,73,7,12,11,1,30,4,26
S01010445,Families with dependent children: Total,101,53,41,38,3,12,10,2,48,1,47
S01010445,Families with dependent children: Youngest aged 0 to 4,42,24,15,13,2,9,7,2,18,0,18
S01010445,Families with dependent children: Youngest aged 5 to 11,36,18,16,16,0,2,2,0,18,0,18
S01010445,Families with dependent children: Youngest aged 12 to 18,23,11,10,9,1,1,1,0,12,1,11
S01010446,All families in households,247,195,173,166,7,22,18,4,52,8,44
S01010446,Families with no dependent children,146,120,108,104,4,12,11,1,26,6,20
S01010446,Families with dependent children: Total,101,75,65,62,3,10,7,3,26,2,24
S01010446,Families with dependent children: Youngest aged 0 to 4,28,18,14,14,0,4,3,1,10,1,9
S01010446,Families with dependent children: Youngest aged 5 to 11,31,24,21,19,2,3,2,1,7,1,6
S01010446,Families with dependent children: Youngest aged 12 to 18,42,33,30,29,1,3,2,1,9,0,9
S01010447,All families in households,261,150,116,112,4,34,28,6,111,14,97
S01010447,Families with no dependent children,115,82,65,65,0,17,16,1,33,6,27
S01010447,Families with dependent children: Total,146,68,51,47,4,17,12,5,78,8,70
S01010447,Families with dependent children: Youngest aged 0 to 4,47,26,19,18,1,7,6,1,21,1,20
S01010447,Families with dependent children: Youngest aged 5 to 11,49,19,15,13,2,4,3,1,30,4,26
S01010447,Families with dependent children: Youngest aged 12 to 18,50,23,17,16,1,6,3,3,27,3,24
S01010448,All families in households,235,189,154,147,7,35,30,5,46,6,40
S01010448,Families with no dependent children,137,116,92,87,5,24,22,2,21,4,17
S01010448,Families with dependent children: Total,98,73,62,60,2,11,8,3,25,2,23
S01010448,Families with dependent children: Youngest aged 0 to 4,34,27,19,19,0,8,6,2,7,1,6
S01010448,Families with dependent children: Youngest aged 5 to 11,27,20,18,18,0,2,1,1,7,1,6
S01010448,Families with dependent children: Youngest aged 12 to 18,37,26,25,23,2,1,1,0,11,0,11
S01010449,All families in households,225,156,132,123,9,24,22,2,69,14,55
S01010449,Families with no dependent children,136,105,92,87,5,13,12,1,31,9,22
S01010449,Families with dependent children: Total,89,51,40,36,4,11,10,1,38,5,33
S01010449,Families with dependent children: Youngest aged 0 to 4,45,27,20,19,1,7,6,1,18,3,15
S01010449,Families with dependent children: Youngest aged 5 to 11,18,8,7,6,1,1,1,0,10,2,8
S01010449,Families with dependent children: Youngest aged 12 to 18,26,16,13,11,2,3,3,0,10,0,10
S01010450,All families in households,221,141,117,113,4,24,23,1,80,11,69
S01010450,Families with no dependent children,151,106,92,89,3,14,14,0,45,8,37
S01010450,Families with dependent children: Total,70,35,25,24,1,10,9,1,35,3,32
S01010450,Families with dependent children: Youngest aged 0 to 4,31,22,13,12,1,9,8,1,9,0,9
S01010450,Families with dependent children: Youngest aged 5 to 11,16,7,7,7,0,0,0,0,9,1,8
S01010450,Families with dependent children: Youngest aged 12 to 18,23,6,5,5,0,1,1,0,17,2,15
S01010451,All families in households,207,134,106,99,7,28,25,3,73,6,67
S01010451,Families with no dependent children,99,76,60,57,3,16,14,2,23,5,18
S01010451,Families with dependent children: Total,108,58,46,42,4,12,11,1,50,1,49
S01010451,Families with dependent children: Youngest aged 0 to 4,50,28,17,15,2,11,11,0,22,1,21
S01010451,Families with dependent children: Youngest aged 5 to 11,33,18,17,15,2,1,0,1,15,0,15
S01010451,Families with dependent children: Youngest aged 12 to 18,25,12,12,12,0,0,0,0,13,0,13
S01010452,All families in households,230,154,129,123,6,25,21,4,76,8,68
S01010452,Families with no dependent children,147,106,95,93,2,11,10,1,41,4,37
S01010452,Families with dependent children: Total,83,48,34,30,4,14,11,3,35,4,31
S01010452,Families with dependent children: Youngest aged 0 to 4,31,20,13,12,1,7,7,0,11,0,11
S01010452,Families with dependent children: Youngest aged 5 to 11,28,16,12,10,2,4,4,0,12,2,10
S01010452,Families with dependent children: Youngest aged 12 to 18,24,12,9,8,1,3,0,3,12,2,10
S01010453,All families in households,163,96,59,57,2,37,35,2,67,7,60
S01010453,Families with no dependent children,72,58,33,32,1,25,25,0,14,4,10
S01010453,Families with dependent children: Total,91,38,26,25,1,12,10,2,53,3,50
S01010453,Families with dependent children: Youngest aged 0 to 4,45,21,14,14,0,7,7,0,24,0,24
S01010453,Families with dependent children: Youngest aged 5 to 11,35,12,8,8,0,4,3,1,23,1,22
S01010453,Families with dependent children: Youngest aged 12 to 18,11,5,4,3,1,1,0,1,6,2,4
S01010454,All families in households,222,161,126,122,4,35,28,7,61,4,57
S01010454,Families with no dependent children,138,112,88,88,0,24,20,4,26,3,23
S01010454,Families with dependent children: Total,84,49,38,34,4,11,8,3,35,1,34
S01010454,Families with dependent children: Youngest aged 0 to 4,28,17,12,12,0,5,4,1,11,0,11
S01010454,Families with dependent children: Youngest aged 5 to 11,32,16,13,12,1,3,3,0,16,0,16
S01010454,Families with dependent children: Youngest aged 12 to 18,24,16,13,10,3,3,1,2,8,1,7
S01010455,All families in households,238,126,90,88,2,36,34,2,112,17,95
S01010455,Families with no dependent children,142,95,70,69,1,25,24,1,47,11,36
S01010455,Families with dependent children: Total,96,31,20,19,1,11,10,1,65,6,59
S01010455,Families with dependent children: Youngest aged 0 to 4,40,15,7,7,0,8,8,0,25,1,24
S01010455,Families with dependent children: Youngest aged 5 to 11,30,10,8,7,1,2,1,1,20,0,20
S01010455,Families with dependent children: Youngest aged 12 to 18,26,6,5,5,0,1,1,0,20,5,15
S01010456,All families in households,152,110,90,85,5,20,20,0,42,3,39
S01010456,Families with no dependent children,96,78,61,59,2,17,17,0,18,2,16
S01010456,Families with dependent children: Total,56,32,29,26,3,3,3,0,24,1,23
S01010456,Families with dependent children: Youngest aged 0 to 4,20,12,11,11,0,1,1,0,8,0,8
S01010456,Families with dependent children: Youngest aged 5 to 11,14,10,9,7,2,1,1,0,4,0,4
S01010456,Families with dependent children: Youngest aged 12 to 18,22,10,9,8,1,1,1,0,12,1,11
S01010457,All families in households,157,113,82,80,2,31,25,6,44,4,40
S01010457,Families with no dependent children,82,62,47,47,0,15,13,2,20,4,16
S01010457,Families with dependent children: Total,75,51,35,33,2,16,12,4,24,0,24
S01010457,Families with dependent children: Youngest aged 0 to 4,29,23,13,13,0,10,8,2,6,0,6
S01010457,Families with dependent children: Youngest aged 5 to 11,25,16,13,13,0,3,3,0,9,0,9
S01010457,Families with dependent children: Youngest aged 12 to 18,21,12,9,7,2,3,1,2,9,0,9
S01010458,All families in households,210,131,108,104,4,23,21,2,79,11,68
S01010458,Families with no dependent children,125,93,81,80,1,12,12,0,32,5,27
S01010458,Families with dependent children: Total,85,38,27,24,3,11,9,2,47,6,41
S01010458,Families with dependent children: Youngest aged 0 to 4,44,23,15,14,1,8,6,2,21,4,17
S01010458,Families with dependent children: Youngest aged 5 to 11,21,7,5,4,1,2,2,0,14,1,13
S01010458,Families with dependent children: Youngest aged 12 to 18,20,8,7,6,1,1,1,0,12,1,11
S01010459,All families in households,154,96,79,76,3,17,16,1,58,8,50
S01010459,Families with no dependent children,101,66,55,53,2,11,11,0,35,5,30
S01010459,Families with dependent children: Total,53,30,24,23,1,6,5,1,23,3,20
S01010459,Families with dependent children: Youngest aged 0 to 4,19,13,10,9,1,3,3,0,6,0,6
S01010459,Families with dependent children: Youngest aged 5 to 11,16,7,5,5,0,2,2,0,9,2,7
S01010459,Families with dependent children: Youngest aged 12 to 18,18,10,9,9,0,1,0,1,8,1,7
S01010460,All families in households,193,162,130,123,7,32,32,0,31,7,24
S01010460,Families with no dependent children,100,85,59,58,1,26,26,0,15,5,10
S01010460,Families with dependent children: Total,93,77,71,65,6,6,6,0,16,2,14
S01010460,Families with dependent children: Youngest aged 0 to 4,36,31,27,25,2,4,4,0,5,0,5
S01010460,Families with dependent children: Youngest aged 5 to 11,40,34,32,30,2,2,2,0,6,1,5
S01010460,Families with dependent children: Youngest aged 12 to 18,17,12,12,10,2,0,0,0,5,1,4
S01010461,All families in households,203,129,92,88,4,37,31,6,74,20,54
S01010461,Families with no dependent children,116,85,64,62,2,21,19,2,31,7,24
S01010461,Families with dependent children: Total,87,44,28,26,2,16,12,4,43,13,30
S01010461,Families with dependent children: Youngest aged 0 to 4,35,21,14,13,1,7,5,2,14,3,11
S01010461,Families with dependent children: Youngest aged 5 to 11,29,11,5,5,0,6,5,1,18,5,13
S01010461,Families with dependent children: Youngest aged 12 to 18,23,12,9,8,1,3,2,1,11,5,6
S01010462,All families in households,189,78,50,44,6,28,25,3,111,13,98
S01010462,Families with no dependent children,44,25,15,14,1,10,9,1,19,3,16
S01010462,Families with dependent children: Total,145,53,35,30,5,18,16,2,92,10,82
S01010462,Families with dependent children: Youngest aged 0 to 4,74,36,23,21,2,13,11,2,38,3,35
S01010462,Families with dependent children: Youngest aged 5 to 11,40,11,8,7,1,3,3,0,29,2,27
S01010462,Families with dependent children: Youngest aged 12 to 18,31,6,4,2,2,2,2,0,25,5,20
S01010463,All families in households,206,158,137,130,7,21,17,4,48,11,37
S01010463,Families with no dependent children,110,91,80,77,3,11,10,1,19,3,16
S01010463,Families with dependent children: Total,96,67,57,53,4,10,7,3,29,8,21
S01010463,Families with dependent children: Youngest aged 0 to 4,35,28,21,19,2,7,4,3,7,0,7
S01010463,Families with dependent children: Youngest aged 5 to 11,22,17,16,16,0,1,1,0,5,1,4
S01010463,Families with dependent children: Youngest aged 12 to 18,39,22,20,18,2,2,2,0,17,7,10
S01010464,All families in households,149,110,91,86,5,19,18,1,39,6,33
S01010464,Families with no dependent children,96,74,59,56,3,15,14,1,22,5,17
S01010464,Families with dependent children: Total,53,36,32,30,2,4,4,0,17,1,16
S01010464,Families with dependent children: Youngest aged 0 to 4,19,14,12,12,0,2,2,0,5,0,5
S01010464,Families with dependent children: Youngest aged 5 to 11,17,10,8,6,2,2,2,0,7,0,7
S01010464,Families with dependent children: Youngest aged 12 to 18,17,12,12,12,0,0,0,0,5,1,4
S01010465,All families in households,272,225,164,162,2,61,57,4,47,1,46
S01010465,Families with no dependent children,157,142,96,95,1,46,43,3,15,1,14
S01010465,Families with dependent children: Total,115,83,68,67,1,15,14,1,32,0,32
S01010465,Families with dependent children: Youngest aged 0 to 4,46,39,30,30,0,9,9,0,7,0,7
S01010465,Families with dependent children: Youngest aged 5 to 11,36,27,22,22,0,5,4,1,9,0,9
S01010465,Families with dependent children: Youngest aged 12 to 18,33,17,16,15,1,1,1,0,16,0,16
S01010466,All families in households,218,193,127,123,4,66,62,4,25,2,23
S01010466,Families with no dependent children,143,131,74,73,1,57,54,3,12,1,11
S01010466,Families with dependent children: Total,75,62,53,50,3,9,8,1,13,1,12
S01010466,Families with dependent children: Youngest aged 0 to 4,32,29,25,25,0,4,4,0,3,0,3
S01010466,Families with dependent children: Youngest aged 5 to 11,18,16,14,12,2,2,2,0,2,0,2
S01010466,Families with dependent children: Youngest aged 12 to 18,25,17,14,13,1,3,2,1,8,1,7
S01010467,All families in households,211,176,144,140,4,32,30,2,35,3,32
S01010467,Families with no dependent children,150,132,108,106,2,24,23,1,18,2,16
S01010467,Families with dependent children: Total,61,44,36,34,2,8,7,1,17,1,16
S01010467,Families with dependent children: Youngest aged 0 to 4,25,21,17,17,0,4,4,0,4,0,4
S01010467,Families with dependent children: Youngest aged 5 to 11,21,13,11,10,1,2,2,0,8,0,8
S01010467,Families with dependent children: Youngest aged 12 to 18,15,10,8,7,1,2,1,1,5,1,4
S01010468,All families in households,236,190,149,144,5,41,40,1,46,5,41
S01010468,Families with no dependent children,125,108,78,78,0,30,30,0,17,5,12
S01010468,Families with dependent children: Total,111,82,71,66,5,11,10,1,29,0,29
S01010468,Families with dependent children: Youngest aged 0 to 4,44,37,29,28,1,8,8,0,7,0,7
S01010468,Families with dependent children: Youngest aged 5 to 11,36,27,24,22,2,3,2,1,9,0,9
S01010468,Families with dependent children: Youngest aged 12 to 18,31,18,18,16,2,0,0,0,13,0,13
S01010469,All families in households,92,65,42,42,0,23,22,1,27,7,20
S01010469,Families with no dependent children,59,48,31,31,0,17,17,0,11,4,7
S01010469,Families with dependent children: Total,33,17,11,11,0,6,5,1,16,3,13
S01010469,Families with dependent children: Youngest aged 0 to 4,11,7,3,3,0,4,3,1,4,0,4
S01010469,Families with dependent children: Youngest aged 5 to 11,9,5,4,4,0,1,1,0,4,1,3
S01010469,Families with dependent children: Youngest aged 12 to 18,13,5,4,4,0,1,1,0,8,2,6
S01010470,All families in households,208,136,105,100,5,31,27,4,72,10,62
S01010470,Families with no dependent children,131,95,71,68,3,24,22,2,36,6,30
S01010470,Families with dependent children: Total,77,41,34,32,2,7,5,2,36,4,32
S01010470,Families with dependent children: Youngest aged 0 to 4,30,20,14,14,0,6,5,1,10,1,9
S01010470,Families with dependent children: Youngest aged 5 to 11,22,11,11,11,0,0,0,0,11,2,9
S01010470,Families with dependent children: Youngest aged 12 to 18,25,10,9,7,2,1,0,1,15,1,14
S01010471,All families in households,180,122,92,86,6,30,25,5,58,4,54
S01010471,Families with no dependent children,97,78,61,58,3,17,15,2,19,2,17
S01010471,Families with dependent children: Total,83,44,31,28,3,13,10,3,39,2,37
S01010471,Families with dependent children: Youngest aged 0 to 4,29,21,15,14,1,6,6,0,8,0,8
S01010471,Families with dependent children: Youngest aged 5 to 11,26,13,9,8,1,4,3,1,13,1,12
S01010471,Families with dependent children: Youngest aged 12 to 18,28,10,7,6,1,3,1,2,18,1,17
S01010472,All families in households,136,104,58,57,1,46,45,1,32,3,29
S01010472,Families with no dependent children,92,81,41,41,0,40,39,1,11,3,8
S01010472,Families with dependent children: Total,44,23,17,16,1,6,6,0,21,0,21
S01010472,Families with dependent children: Youngest aged 0 to 4,30,21,15,14,1,6,6,0,9,0,9
S01010472,Families with dependent children: Youngest aged 5 to 11,5,1,1,1,0,0,0,0,4,0,4
S01010472,Families with dependent children: Youngest aged 12 to 18,9,1,1,1,0,0,0,0,8,0,8
S01010473,All families in households,184,141,96,95,1,45,43,2,43,8,35
S01010473,Families with no dependent children,123,105,68,67,1,37,36,1,18,4,14
S01010473,Families with dependent children: Total,61,36,28,28,0,8,7,1,25,4,21
S01010473,Families with dependent children: Youngest aged 0 to 4,30,20,13,13,0,7,6,1,10,0,10
S01010473,Families with dependent children: Youngest aged 5 to 11,18,11,10,10,0,1,1,0,7,1,6
S01010473,Families with dependent children: Youngest aged 12 to 18,13,5,5,5,0,0,0,0,8,3,5
S01010474,All families in households,161,108,65,62,3,43,43,0,53,3,50
S01010474,Families with no dependent children,88,62,29,28,1,33,33,0,26,3,23
S01010474,Families with dependent children: Total,73,46,36,34,2,10,10,0,27,0,27
S01010474,Families with dependent children: Youngest aged 0 to 4,44,32,26,25,1,6,6,0,12,0,12
S01010474,Families with dependent children: Youngest aged 5 to 11,16,8,6,5,1,2,2,0,8,0,8
S01010474,Families with dependent children: Youngest aged 12 to 18,13,6,4,4,0,2,2,0,7,0,7
S01010475,All families in households,177,152,92,91,1,60,58,2,25,4,21
S01010475,Families with no dependent children,121,111,55,55,0,56,55,1,10,2,8
S01010475,Families with dependent children: Total,56,41,37,36,1,4,3,1,15,2,13
S01010475,Families with dependent children: Youngest aged 0 to 4,36,32,29,29,0,3,3,0,4,0,4
S01010475,Families with dependent children: Youngest aged 5 to 11,14,8,7,6,1,1,0,1,6,0,6
S01010475,Families with dependent children: Youngest aged 12 to 18,6,1,1,1,0,0,0,0,5,2,3
S01010476,All families in households,258,185,141,135,6,44,41,3,73,6,67
S01010476,Families with no dependent children,165,126,92,91,1,34,33,1,39,4,35
S01010476,Families with dependent children: Total,93,59,49,44,5,10,8,2,34,2,32
S01010476,Families with dependent children: Youngest aged 0 to 4,38,30,25,24,1,5,4,1,8,0,8
S01010476,Families with dependent children: Youngest aged 5 to 11,23,12,9,9,0,3,3,0,11,1,10
S01010476,Families with dependent children: Youngest aged 12 to 18,32,17,15,11,4,2,1,1,15,1,14
S01010477,All families in households,207,147,113,109,4,34,30,4,60,7,53
S01010477,Families with no dependent children,134,104,81,79,2,23,23,0,30,4,26
S01010477,Families with dependent children: Total,73,43,32,30,2,11,7,4,30,3,27
S01010477,Families with dependent children: Youngest aged 0 to 4,28,18,11,11,0,7,5,2,10,0,10
S01010477,Families with dependent children: Youngest aged 5 to 11,22,12,11,11,0,1,1,0,10,2,8
S01010477,Families with dependent children: Youngest aged 12 to 18,23,13,10,8,2,3,1,2,10,1,9
S01010478,All families in households,221,151,93,91,2,58,57,1,70,11,59
S01010478,Families with no dependent children,127,106,65,65,0,41,40,1,21,7,14
S01010478,Families with dependent children: Total,94,45,28,26,2,17,17,0,49,4,45
S01010478,Families with dependent children: Youngest aged 0 to 4,44,19,9,9,0,10,10,0,25,2,23
S01010478,Families with dependent children: Youngest aged 5 to 11,27,13,7,7,0,6,6,0,14,1,13
S01010478,Families with dependent children: Youngest aged 12 to 18,23,13,12,10,2,1,1,0,10,1,9
S01010479,All families in households,286,201,149,140,9,52,45,7,85,5,80
S01010479,Families with no dependent children,155,129,98,92,6,31,29,2,26,2,24
S01010479,Families with dependent children: Total,131,72,51,48,3,21,16,5,59,3,56
S01010479,Families with dependent children: Youngest aged 0 to 4,50,31,18,17,1,13,11,2,19,0,19
S01010479,Families with dependent children: Youngest aged 5 to 11,38,19,14,14,0,5,2,3,19,2,17
S01010479,Families with dependent children: Youngest aged 12 to 18,43,22,19,17,2,3,3,0,21,1,20
S01010480,All families in households,176,127,108,104,4,19,17,2,49,6,43
S01010480,Families with no dependent children,102,75,64,63,1,11,10,1,27,5,22
S01010480,Families with dependent children: Total,74,52,44,41,3,8,7,1,22,1,21
S01010480,Families with dependent children: Youngest aged 0 to 4,18,15,10,10,0,5,4,1,3,0,3
S01010480,Families with dependent children: Youngest aged 5 to 11,28,19,18,17,1,1,1,0,9,0,9
S01010480,Families with dependent children: Youngest aged 12 to 18,28,18,16,14,2,2,2,0,10,1,9
S01010481,All families in households,179,89,65,60,5,24,19,5,90,4,86
S01010481,Families with no dependent children,69,50,41,39,2,9,9,0,19,2,17
S01010481,Families with dependent children: Total,110,39,24,21,3,15,10,5,71,2,69
S01010481,Families with dependent children: Youngest aged 0 to 4,46,18,13,12,1,5,4,1,28,0,28
S01010481,Families with dependent children: Youngest aged 5 to 11,32,15,8,7,1,7,3,4,17,0,17
S01010481,Families with dependent children: Youngest aged 12 to 18,32,6,3,2,1,3,3,0,26,2,24
S01010482,All families in households,224,153,122,113,9,31,28,3,71,8,63
S01010482,Families with no dependent children,123,88,72,70,2,16,14,2,35,5,30
S01010482,Families with dependent children: Total,101,65,50,43,7,15,14,1,36,3,33
S01010482,Families with dependent children: Youngest aged 0 to 4,30,24,17,15,2,7,7,0,6,0,6
S01010482,Families with dependent children: Youngest aged 5 to 11,34,20,14,13,1,6,6,0,14,3,11
S01010482,Families with dependent children: Youngest aged 12 to 18,37,21,19,15,4,2,1,1,16,0,16
S01010483,All families in households,288,206,150,142,8,56,47,9,82,10,72
S01010483,Families with no dependent children,166,129,96,93,3,33,32,1,37,7,30
S01010483,Families with dependent children: Total,122,77,54,49,5,23,15,8,45,3,42
S01010483,Families with dependent children: Youngest aged 0 to 4,44,28,21,20,1,7,4,3,16,0,16
S01010483,Families with dependent children: Youngest aged 5 to 11,37,26,18,18,0,8,6,2,11,1,10
S01010483,Families with dependent children: Youngest aged 12 to 18,41,23,15,11,4,8,5,3,18,2,16
S01010484,All families in households,166,98,76,72,4,22,15,7,68,6,62
S01010484,Families with no dependent children,102,67,54,51,3,13,11,2,35,6,29
S01010484,Families with dependent children: Total,64,31,22,21,1,9,4,5,33,0,33
S01010484,Families with dependent children: Youngest aged 0 to 4,27,16,13,12,1,3,2,1,11,0,11
S01010484,Families with dependent children: Youngest aged 5 to 11,16,6,4,4,0,2,1,1,10,0,10
S01010484,Families with dependent children: Youngest aged 12 to 18,21,9,5,5,0,4,1,3,12,0,12
S01010485,All families in households,285,213,178,165,13,35,29,6,72,7,65
S01010485,Families with no dependent children,160,135,115,111,4,20,18,2,25,2,23
S01010485,Families with dependent children: Total,125,78,63,54,9,15,11,4,47,5,42
S01010485,Families with dependent children: Youngest aged 0 to 4,40,23,18,13,5,5,4,1,17,0,17
S01010485,Families with dependent children: Youngest aged 5 to 11,46,29,23,21,2,6,5,1,17,2,15
S01010485,Families with dependent children: Youngest aged 12 to 18,39,26,22,20,2,4,2,2,13,3,10
S01010486,All families in households,287,255,220,212,8,35,31,4,32,4,28
S01010486,Families with no dependent children,179,164,146,145,1,18,17,1,15,2,13
S01010486,Families with dependent children: Total,108,91,74,67,7,17,14,3,17,2,15
S01010486,Families with dependent children: Youngest aged 0 to 4,32,26,21,17,4,5,5,0,6,1,5
S01010486,Families with dependent children: Youngest aged 5 to 11,39,38,29,27,2,9,7,2,1,0,1
S01010486,Families with dependent children: Youngest aged 12 to 18,37,27,24,23,1,3,2,1,10,1,9
S01010487,All families in households,281,205,169,164,5,36,33,3,76,12,64
S01010487,Families with no dependent children,160,125,104,104,0,21,19,2,35,6,29
S01010487,Families with dependent children: Total,121,80,65,60,5,15,14,1,41,6,35
S01010487,Families with dependent children: Youngest aged 0 to 4,46,33,27,25,2,6,6,0,13,1,12
S01010487,Families with dependent children: Youngest aged 5 to 11,38,22,16,15,1,6,5,1,16,3,13
S01010487,Families with dependent children: Youngest aged 12 to 18,37,25,22,20,2,3,3,0,12,2,10
S01010488,All families in households,243,112,67,60,7,45,37,8,131,20,111
S01010488,Families with no dependent children,89,62,45,42,3,17,16,1,27,6,21
S01010488,Families with dependent children: Total,154,50,22,18,4,28,21,7,104,14,90
S01010488,Families with dependent children: Youngest aged 0 to 4,64,27,10,7,3,17,15,2,37,3,34
S01010488,Families with dependent children: Youngest aged 5 to 11,48,12,5,4,1,7,4,3,36,3,33
S01010488,Families with dependent children: Youngest aged 12 to 18,42,11,7,7,0,4,2,2,31,8,23
S01010489,All families in households,253,153,100,94,6,53,41,12,100,15,85
S01010489,Families with no dependent children,134,99,74,72,2,25,23,2,35,8,27
S01010489,Families with dependent children: Total,119,54,26,22,4,28,18,10,65,7,58
S01010489,Families with dependent children: Youngest aged 0 to 4,51,27,13,10,3,14,10,4,24,0,24
S01010489,Families with dependent children: Youngest aged 5 to 11,34,12,5,4,1,7,6,1,22,2,20
S01010489,Families with dependent children: Youngest aged 12 to 18,34,15,8,8,0,7,2,5,19,5,14
S01010490,All families in households,207,86,55,48,7,31,25,6,121,8,113
S01010490,Families with no dependent children,63,37,29,27,2,8,8,0,26,5,21
S01010490,Families with dependent children: Total,144,49,26,21,5,23,17,6,95,3,92
S01010490,Families with dependent children: Youngest aged 0 to 4,86,27,12,7,5,15,13,2,59,0,59
S01010490,Families with dependent children: Youngest aged 5 to 11,31,11,5,5,0,6,3,3,20,0,20
S01010490,Families with dependent children: Youngest aged 12 to 18,27,11,9,9,0,2,1,1,16,3,13
S01010491,All families in households,261,107,65,57,8,42,34,8,154,13,141
S01010491,Families with no dependent children,79,47,37,32,5,10,10,0,32,4,28
S01010491,Families with dependent children: Total,182,60,28,25,3,32,24,8,122,9,113
S01010491,Families with dependent children: Youngest aged 0 to 4,87,29,12,11,1,17,12,5,58,1,57
S01010491,Families with dependent children: Youngest aged 5 to 11,59,20,10,9,1,10,8,2,39,6,33
S01010491,Families with dependent children: Youngest aged 12 to 18,36,11,6,5,1,5,4,1,25,2,23
S01010492,All families in households,152,59,42,37,5,17,14,3,93,8,85
S01010492,Families with no dependent children,56,32,26,25,1,6,6,0,24,7,17
S01010492,Families with dependent children: Total,96,27,16,12,4,11,8,3,69,1,68
S01010492,Families with dependent children: Youngest aged 0 to 4,41,9,5,3,2,4,3,1,32,1,31
S01010492,Families with dependent children: Youngest aged 5 to 11,30,8,5,4,1,3,2,1,22,0,22
S01010492,Families with dependent children: Youngest aged 12 to 18,25,10,6,5,1,4,3,1,15,0,15
S01010493,All families in households,200,82,45,40,5,37,28,9,118,12,106
S01010493,Families with no dependent children,62,38,28,26,2,10,9,1,24,7,17
S01010493,Families with dependent children: Total,138,44,17,14,3,27,19,8,94,5,89
S01010493,Families with dependent children: Youngest aged 0 to 4,50,24,7,6,1,17,12,5,26,0,26
S01010493,Families with dependent children: Youngest aged 5 to 11,46,12,4,4,0,8,6,2,34,0,34
S01010493,Families with dependent children: Youngest aged 12 to 18,42,8,6,4,2,2,1,1,34,5,29
S01010494,All families in households,184,110,87,82,5,23,21,2,74,11,63
S01010494,Families with no dependent children,77,55,43,42,1,12,10,2,22,3,19
S01010494,Families with dependent children: Total,107,55,44,40,4,11,11,0,52,8,44
S01010494,Families with dependent children: Youngest aged 0 to 4,42,21,13,12,1,8,8,0,21,0,21
S01010494,Families with dependent children: Youngest aged 5 to 11,40,18,16,15,1,2,2,0,22,4,18
S01010494,Families with dependent children: Youngest aged 12 to 18,25,16,15,13,2,1,1,0,9,4,5
S01010495,All families in households,234,90,57,53,4,33,29,4,144,16,128
S01010495,Families with no dependent children,82,50,35,32,3,15,15,0,32,7,25
S01010495,Families with dependent children: Total,152,40,22,21,1,18,14,4,112,9,103
S01010495,Families with dependent children: Youngest aged 0 to 4,69,18,8,8,0,10,9,1,51,2,49
S01010495,Families with dependent children: Youngest aged 5 to 11,49,14,9,9,0,5,3,2,35,2,33
S01010495,Families with dependent children: Youngest aged 12 to 18,34,8,5,4,1,3,2,1,26,5,21
S01010496,All families in households,225,100,65,59,6,35,30,5,125,6,119
S01010496,Families with no dependent children,93,58,40,38,2,18,17,1,35,2,33
S01010496,Families with dependent children: Total,132,42,25,21,4,17,13,4,90,4,86
S01010496,Families with dependent children: Youngest aged 0 to 4,56,21,9,9,0,12,8,4,35,3,32
S01010496,Families with dependent children: Youngest aged 5 to 11,41,7,5,5,0,2,2,0,34,0,34
S01010496,Families with dependent children: Youngest aged 12 to 18,35,14,11,7,4,3,3,0,21,1,20
S01010497,All families in households,206,122,80,76,4,42,34,8,84,9,75
S01010497,Families with no dependent children,81,61,43,40,3,18,15,3,20,5,15
S01010497,Families with dependent children: Total,125,61,37,36,1,24,19,5,64,4,60
S01010497,Families with dependent children: Youngest aged 0 to 4,46,27,17,17,0,10,8,2,19,2,17
S01010497,Families with dependent children: Youngest aged 5 to 11,42,20,11,10,1,9,7,2,22,2,20
S01010497,Families with dependent children: Youngest aged 12 to 18,37,14,9,9,0,5,4,1,23,0,23
S01010498,All families in households,244,116,74,70,4,42,32,10,128,14,114
S01010498,Families with no dependent children,116,73,49,49,0,24,20,4,43,9,34
S01010498,Families with dependent children: Total,128,43,25,21,4,18,12,6,85,5,80
S01010498,Families with dependent children: Youngest aged 0 to 4,44,18,11,9,2,7,4,3,26,1,25
S01010498,Families with dependent children: Youngest aged 5 to 11,43,13,6,4,2,7,5,2,30,3,27
S01010498,Families with dependent children: Youngest aged 12 to 18,41,12,8,8,0,4,3,1,29,1,28
S01010499,All families in households,181,81,52,45,7,29,25,4,100,8,92
S01010499,Families with no dependent children,65,43,32,30,2,11,10,1,22,1,21
S01010499,Families with dependent children: Total,116,38,20,15,5,18,15,3,78,7,71
S01010499,Families with dependent children: Youngest aged 0 to 4,57,26,12,8,4,14,13,1,31,1,30
S01010499,Families with dependent children: Youngest aged 5 to 11,26,6,5,4,1,1,1,0,20,2,18
S01010499,Families with dependent children: Youngest aged 12 to 18,33,6,3,3,0,3,1,2,27,4,23
S01010500,All families in households,313,149,103,85,18,46,38,8,164,18,146
S01010500,Families with no dependent children,114,62,48,45,3,14,13,1,52,12,40
S01010500,Families with dependent children: Total,199,87,55,40,15,32,25,7,112,6,106
S01010500,Families with dependent children: Youngest aged 0 to 4,74,35,20,13,7,15,10,5,39,1,38
S01010500,Families with dependent children: Youngest aged 5 to 11,77,33,19,14,5,14,13,1,44,4,40
S01010500,Families with dependent children: Youngest aged 12 to 18,48,19,16,13,3,3,2,1,29,1,28
S01010501,All families in households,251,155,109,103,6,46,38,8,96,9,87
S01010501,Families with no dependent children,121,89,71,67,4,18,16,2,32,7,25
S01010501,Families with dependent children: Total,130,66,38,36,2,28,22,6,64,2,62
S01010501,Families with dependent children: Youngest aged 0 to 4,53,27,15,14,1,12,10,2,26,0,26
S01010501,Families with dependent children: Youngest aged 5 to 11,43,23,12,11,1,11,10,1,20,2,18
S01010501,Families with dependent children: Youngest aged 12 to 18,34,16,11,11,0,5,2,3,18,0,18
S01010502,All families in households,236,150,108,100,8,42,36,6,86,5,81
S01010502,Families with no dependent children,102,78,60,58,2,18,15,3,24,2,22
S01010502,Families with dependent children: Total,134,72,48,42,6,24,21,3,62,3,59
S01010502,Families with dependent children: Youngest aged 0 to 4,50,28,20,18,2,8,7,1,22,3,19
S01010502,Families with dependent children: Youngest aged 5 to 11,48,20,12,10,2,8,8,0,28,0,28
S01010502,Families with dependent children: Youngest aged 12 to 18,36,24,16,14,2,8,6,2,12,0,12
S01010503,All families in households,191,92,63,60,3,29,22,7,99,4,95
S01010503,Families with no dependent children,108,65,50,50,0,15,12,3,43,1,42
S01010503,Families with dependent children: Total,83,27,13,10,3,14,10,4,56,3,53
S01010503,Families with dependent children: Youngest aged 0 to 4,35,12,3,3,0,9,7,2,23,0,23
S01010503,Families with dependent children: Youngest aged 5 to 11,22,4,3,2,1,1,0,1,18,0,18
S01010503,Families with dependent children: Youngest aged 12 to 18,26,11,7,5,2,4,3,1,15,3,12
S01010504,All families in households,160,142,114,111,3,28,27,1,18,6,12
S01010504,Families with no dependent children,104,96,76,75,1,20,20,0,8,4,4
S01010504,Families with dependent children: Total,56,46,38,36,2,8,7,1,10,2,8
S01010504,Families with dependent children: Youngest aged 0 to 4,22,20,14,12,2,6,6,0,2,0,2
S01010504,Families with dependent children: Youngest aged 5 to 11,25,18,16,16,0,2,1,1,7,2,5
S01010504,Families with dependent children: Youngest aged 12 to 18,9,8,8,8,0,0,0,0,1,0,1
S01010505,All families in households,172,144,111,109,2,33,31,2,28,2,26
S01010505,Families with no dependent children,111,100,81,80,1,19,18,1,11,0,11
S01010505,Families with dependent children: Total,61,44,30,29,1,14,13,1,17,2,15
S01010505,Families with dependent children: Youngest aged 0 to 4,26,22,13,12,1,9,9,0,4,0,4
S01010505,Families with dependent children: Youngest aged 5 to 11,22,13,11,11,0,2,2,0,9,1,8
S01010505,Families with dependent children: Youngest aged 12 to 18,13,9,6,6,0,3,2,1,4,1,3
S01010506,All families in households,247,208,178,170,8,30,27,3,39,7,32
S01010506,Families with no dependent children,153,139,118,116,2,21,19,2,14,2,12
S01010506,Families with dependent children: Total,94,69,60,54,6,9,8,1,25,5,20
S01010506,Families with dependent children: Youngest aged 0 to 4,30,24,21,19,2,3,3,0,6,0,6
S01010506,Families with dependent children: Youngest aged 5 to 11,37,28,24,21,3,4,4,0,9,0,9
S01010506,Families with dependent children: Youngest aged 12 to 18,27,17,15,14,1,2,1,1,10,5,5
S01010507,All families in households,220,180,146,141,5,34,29,5,40,2,38
S01010507,Families with no dependent children,124,108,88,88,0,20,19,1,16,1,15
S01010507,Families with dependent children: Total,96,72,58,53,5,14,10,4,24,1,23
S01010507,Families with dependent children: Youngest aged 0 to 4,34,26,18,16,2,8,8,0,8,0,8
S01010507,Families with dependent children: Youngest aged 5 to 11,31,22,19,17,2,3,1,2,9,0,9
S01010507,Families with dependent children: Youngest aged 12 to 18,31,24,21,20,1,3,1,2,7,1,6
S01010508,All families in households,287,250,199,194,5,51,46,5,37,12,25
S01010508,Families with no dependent children,183,166,134,134,0,32,30,2,17,6,11
S01010508,Families with dependent children: Total,104,84,65,60,5,19,16,3,20,6,14
S01010508,Families with dependent children: Youngest aged 0 to 4,33,32,18,18,0,14,13,1,1,0,1
S01010508,Families with dependent children: Youngest aged 5 to 11,36,29,26,23,3,3,3,0,7,1,6
S01010508,Families with dependent children: Youngest aged 12 to 18,35,23,21,19,2,2,0,2,12,5,7
S01010509,All families in households,288,266,217,212,5,49,40,9,22,2,20
S01010509,Families with no dependent children,190,182,153,152,1,29,24,5,8,0,8
S01010509,Families with dependent children: Total,98,84,64,60,4,20,16,4,14,2,12
S01010509,Families with dependent children: Youngest aged 0 to 4,30,29,17,17,0,12,9,3,1,0,1
S01010509,Families with dependent children: Youngest aged 5 to 11,33,29,23,21,2,6,6,0,4,0,4
S01010509,Families with dependent children: Youngest aged 12 to 18,35,26,24,22,2,2,1,1,9,2,7
S01010510,All families in households,231,205,176,171,5,29,23,6,26,4,22
S01010510,Families with no dependent children,158,141,125,121,4,16,15,1,17,4,13
S01010510,Families with dependent children: Total,73,64,51,50,1,13,8,5,9,0,9
S01010510,Families with dependent children: Youngest aged 0 to 4,26,23,16,15,1,7,4,3,3,0,3
S01010510,Families with dependent children: Youngest aged 5 to 11,22,19,16,16,0,3,3,0,3,0,3
S01010510,Families with dependent children: Youngest aged 12 to 18,25,22,19,19,0,3,1,2,3,0,3
S01010511,All families in households,249,177,136,128,8,41,27,14,72,9,63
S01010511,Families with no dependent children,121,101,85,84,1,16,15,1,20,4,16
S01010511,Families with dependent children: Total,128,76,51,44,7,25,12,13,52,5,47
S01010511,Families with dependent children: Youngest aged 0 to 4,57,37,21,21,0,16,8,8,20,0,20
S01010511,Families with dependent children: Youngest aged 5 to 11,29,20,13,9,4,7,4,3,9,0,9
S01010511,Families with dependent children: Youngest aged 12 to 18,42,19,17,14,3,2,0,2,23,5,18
S01010512,All families in households,172,140,112,108,4,28,23,5,32,6,26
S01010512,Families with no dependent children,102,89,75,73,2,14,13,1,13,4,9
S01010512,Families with dependent children: Total,70,51,37,35,2,14,10,4,19,2,17
S01010512,Families with dependent children: Youngest aged 0 to 4,22,19,12,10,2,7,5,2,3,1,2
S01010512,Families with dependent children: Youngest aged 5 to 11,26,20,14,14,0,6,4,2,6,0,6
S01010512,Families with dependent children: Youngest aged 12 to 18,22,12,11,11,0,1,1,0,10,1,9
S01010513,All families in households,238,213,179,170,9,34,29,5,25,4,21
S01010513,Families with no dependent children,152,137,117,114,3,20,19,1,15,3,12
S01010513,Families with dependent children: Total,86,76,62,56,6,14,10,4,10,1,9
S01010513,Families with dependent children: Youngest aged 0 to 4,31,29,21,19,2,8,7,1,2,0,2
S01010513,Families with dependent children: Youngest aged 5 to 11,37,31,25,22,3,6,3,3,6,1,5
S01010513,Families with dependent children: Youngest aged 12 to 18,18,16,16,15,1,0,0,0,2,0,2
S01010514,All families in households,210,164,130,124,6,34,30,4,46,3,43
S01010514,Families with no dependent children,117,101,78,77,1,23,21,2,16,1,15
S01010514,Families with dependent children: Total,93,63,52,47,5,11,9,2,30,2,28
S01010514,Families with dependent children: Youngest aged 0 to 4,37,28,20,19,1,8,6,2,9,0,9
S01010514,Families with dependent children: Youngest aged 5 to 11,27,15,12,11,1,3,3,0,12,1,11
S01010514,Families with dependent children: Youngest aged 12 to 18,29,20,20,17,3,0,0,0,9,1,8
S01010515,All families in households,248,194,152,147,5,42,31,11,54,9,45
S01010515,Families with no dependent children,146,126,100,98,2,26,24,2,20,6,14
S01010515,Families with dependent children: Total,102,68,52,49,3,16,7,9,34,3,31
S01010515,Families with dependent children: Youngest aged 0 to 4,39,30,20,19,1,10,6,4,9,0,9
S01010515,Families with dependent children: Youngest aged 5 to 11,31,20,17,16,1,3,1,2,11,0,11
S01010515,Families with dependent children: Youngest aged 12 to 18,32,18,15,14,1,3,0,3,14,3,11
S01010516,All families in households,169,142,117,113,4,25,24,1,27,6,21
S01010516,Families with no dependent children,107,103,87,86,1,16,16,0,4,3,1
S01010516,Families with dependent children: Total,62,39,30,27,3,9,8,1,23,3,20
S01010516,Families with dependent children: Youngest aged 0 to 4,29,18,10,9,1,8,8,0,11,1,10
S01010516,Families with dependent children: Youngest aged 5 to 11,19,10,10,9,1,0,0,0,9,2,7
S01010516,Families with dependent children: Youngest aged 12 to 18,14,11,10,9,1,1,0,1,3,0,3
S01010517,All families in households,244,182,136,131,5,46,35,11,62,13,49
S01010517,Families with no dependent children,128,108,88,86,2,20,20,0,20,7,13
S01010517,Families with dependent children: Total,116,74,48,45,3,26,15,11,42,6,36
S01010517,Families with dependent children: Youngest aged 0 to 4,58,35,20,19,1,15,13,2,23,4,19
S01010517,Families with dependent children: Youngest aged 5 to 11,31,19,12,12,0,7,1,6,12,1,11
S01010517,Families with dependent children: Youngest aged 12 to 18,27,20,16,14,2,4,1,3,7,1,6
S01010518,All families in households,189,155,115,111,4,40,38,2,34,5,29
S01010518,Families with no dependent children,114,103,81,78,3,22,22,0,11,1,10
S01010518,Families with dependent children: Total,75,52,34,33,1,18,16,2,23,4,19
S01010518,Families with dependent children: Youngest aged 0 to 4,33,24,12,12,0,12,11,1,9,1,8
S01010518,Families with dependent children: Youngest aged 5 to 11,23,16,11,10,1,5,5,0,7,0,7
S01010518,Families with dependent children: Youngest aged 12 to 18,19,12,11,11,0,1,0,1,7,3,4
S01010519,All families in households,220,171,139,130,9,32,20,12,49,4,45
S01010519,Families with no dependent children,118,104,89,86,3,15,14,1,14,4,10
S01010519,Families with dependent children: Total,102,67,50,44,6,17,6,11,35,0,35
S01010519,Families with dependent children: Youngest aged 0 to 4,37,27,16,13,3,11,5,6,10,0,10
S01010519,Families with dependent children: Youngest aged 5 to 11,34,21,17,14,3,4,0,4,13,0,13
S01010519,Families with dependent children: Youngest aged 12 to 18,31,19,17,17,0,2,1,1,12,0,12
S01010520,All families in households,280,233,173,169,4,60,52,8,47,10,37
S01010520,Families with no dependent children,159,136,107,105,2,29,28,1,23,7,16
S01010520,Families with dependent children: Total,121,97,66,64,2,31,24,7,24,3,21
S01010520,Families with dependent children: Youngest aged 0 to 4,38,33,20,20,0,13,11,2,5,0,5
S01010520,Families with dependent children: Youngest aged 5 to 11,48,38,26,25,1,12,11,1,10,0,10
S01010520,Families with dependent children: Youngest aged 12 to 18,35,26,20,19,1,6,2,4,9,3,6
S01010521,All families in households,221,169,126,119,7,43,37,6,52,4,48
S01010521,Families with no dependent children,116,100,78,76,2,22,22,0,16,4,12
S01010521,Families with dependent children: Total,105,69,48,43,5,21,15,6,36,0,36
S01010521,Families with dependent children: Youngest aged 0 to 4,54,37,22,20,2,15,12,3,17,0,17
S01010521,Families with dependent children: Youngest aged 5 to 11,30,17,15,14,1,2,1,1,13,0,13
S01010521,Families with dependent children: Youngest aged 12 to 18,21,15,11,9,2,4,2,2,6,0,6
S01010522,All families in households,144,121,90,82,8,31,26,5,23,1,22
S01010522,Families with no dependent children,72,65,50,49,1,15,15,0,7,1,6
S01010522,Families with dependent children: Total,72,56,40,33,7,16,11,5,16,0,16
S01010522,Families with dependent children: Youngest aged 0 to 4,35,27,15,15,0,12,10,2,8,0,8
S01010522,Families with dependent children: Youngest aged 5 to 11,19,12,11,8,3,1,1,0,7,0,7
S01010522,Families with dependent children: Youngest aged 12 to 18,18,17,14,10,4,3,0,3,1,0,1
S01010523,All families in households,191,128,84,79,5,44,36,8,63,6,57
S01010523,Families with no dependent children,69,56,43,43,0,13,13,0,13,3,10
S01010523,Families with dependent children: Total,122,72,41,36,5,31,23,8,50,3,47
S01010523,Families with dependent children: Youngest aged 0 to 4,56,37,14,13,1,23,18,5,19,0,19
S01010523,Families with dependent children: Youngest aged 5 to 11,39,22,17,15,2,5,5,0,17,0,17
S01010523,Families with dependent children: Youngest aged 12 to 18,27,13,10,8,2,3,0,3,14,3,11
S01010524,All families in households,168,159,136,132,4,23,21,2,9,1,8
S01010524,Families with no dependent children,131,126,107,106,1,19,18,1,5,1,4
S01010524,Families with dependent children: Total,37,33,29,26,3,4,3,1,4,0,4
S01010524,Families with dependent children: Youngest aged 0 to 4,14,12,9,9,0,3,3,0,2,0,2
S01010524,Families with dependent children: Youngest aged 5 to 11,10,10,10,10,0,0,0,0,0,0,0
S01010524,Families with dependent children: Youngest aged 12 to 18,13,11,10,7,3,1,0,1,2,0,2
S01010525,All families in households,188,177,155,154,1,22,20,2,11,4,7
S01010525,Families with no dependent children,121,117,103,103,0,14,12,2,4,2,2
S01010525,Families with dependent children: Total,67,60,52,51,1,8,8,0,7,2,5
S01010525,Families with dependent children: Youngest aged 0 to 4,21,19,14,14,0,5,5,0,2,1,1
S01010525,Families with dependent children: Youngest aged 5 to 11,21,17,15,15,0,2,2,0,4,1,3
S01010525,Families with dependent children: Youngest aged 12 to 18,25,24,23,22,1,1,1,0,1,0,1
S01010526,All families in households,225,195,151,147,4,44,39,5,30,2,28
S01010526,Families with no dependent children,139,124,100,99,1,24,23,1,15,1,14
S01010526,Families with dependent children: Total,86,71,51,48,3,20,16,4,15,1,14
S01010526,Families with dependent children: Youngest aged 0 to 4,39,34,21,19,2,13,11,2,5,0,5
S01010526,Families with dependent children: Youngest aged 5 to 11,28,24,19,18,1,5,5,0,4,0,4
S01010526,Families with dependent children: Youngest aged 12 to 18,19,13,11,11,0,2,0,2,6,1,5
S01010527,All families in households,258,195,145,142,3,50,42,8,63,8,55
S01010527,Families with no dependent children,159,135,104,104,0,31,29,2,24,3,21
S01010527,Families with dependent children: Total,99,60,41,38,3,19,13,6,39,5,34
S01010527,Families with dependent children: Youngest aged 0 to 4,37,25,14,13,1,11,8,3,12,0,12
S01010527,Families with dependent children: Youngest aged 5 to 11,36,18,15,14,1,3,3,0,18,3,15
S01010527,Families with dependent children: Youngest aged 12 to 18,26,17,12,11,1,5,2,3,9,2,7
S01010528,All families in households,176,159,141,134,7,18,15,3,17,2,15
S01010528,Families with no dependent children,112,101,91,88,3,10,10,0,11,1,10
S01010528,Families with dependent children: Total,64,58,50,46,4,8,5,3,6,1,5
S01010528,Families with dependent children: Youngest aged 0 to 4,25,23,19,17,2,4,3,1,2,1,1
S01010528,Families with dependent children: Youngest aged 5 to 11,29,29,25,23,2,4,2,2,0,0,0
S01010528,Families with dependent children: Youngest aged 12 to 18,10,6,6,6,0,0,0,0,4,0,4
S01010529,All families in households,217,191,163,156,7,28,22,6,26,3,23
S01010529,Families with no dependent children,141,128,111,110,1,17,16,1,13,3,10
S01010529,Families with dependent children: Total,76,63,52,46,6,11,6,5,13,0,13
S01010529,Families with dependent children: Youngest aged 0 to 4,28,23,19,17,2,4,3,1,5,0,5
S01010529,Families with dependent children: Youngest aged 5 to 11,24,20,16,13,3,4,2,2,4,0,4
S01010529,Families with dependent children: Youngest aged 12 to 18,24,20,17,16,1,3,1,2,4,0,4
S01010530,All families in households,206,187,155,152,3,32,25,7,19,5,14
S01010530,Families with no dependent children,140,131,113,113,0,18,18,0,9,0,9
S01010530,Families with dependent children: Total,66,56,42,39,3,14,7,7,10,5,5
S01010530,Families with dependent children: Youngest aged 0 to 4,29,28,22,21,1,6,5,1,1,1,0
S01010530,Families with dependent children: Youngest aged 5 to 11,22,17,14,13,1,3,1,2,5,3,2
S01010530,Families with dependent children: Youngest aged 12 to 18,15,11,6,5,1,5,1,4,4,1,3
S01010531,All families in households,324,290,241,233,8,49,39,10,34,5,29
S01010531,Families with no dependent children,222,202,168,165,3,34,30,4,20,3,17
S01010531,Families with dependent children: Total,102,88,73,68,5,15,9,6,14,2,12
S01010531,Families with dependent children: Youngest aged 0 to 4,30,28,20,19,1,8,6,2,2,0,2
S01010531,Families with dependent children: Youngest aged 5 to 11,40,35,30,27,3,5,3,2,5,0,5
S01010531,Families with dependent children: Youngest aged 12 to 18,32,25,23,22,1,2,0,2,7,2,5
S01010532,All families in households,170,158,131,128,3,27,22,5,12,1,11
S01010532,Families with no dependent children,116,110,93,93,0,17,16,1,6,1,5
S01010532,Families with dependent children: Total,54,48,38,35,3,10,6,4,6,0,6
S01010532,Families with dependent children: Youngest aged 0 to 4,17,14,9,8,1,5,4,1,3,0,3
S01010532,Families with dependent children: Youngest aged 5 to 11,20,18,14,12,2,4,2,2,2,0,2
S01010532,Families with dependent children: Youngest aged 12 to 18,17,16,15,15,0,1,0,1,1,0,1
S01010533,All families in households,162,147,124,121,3,23,20,3,15,2,13
S01010533,Families with no dependent children,117,110,91,88,3,19,17,2,7,2,5
S01010533,Families with dependent children: Total,45,37,33,33,0,4,3,1,8,0,8
S01010533,Families with dependent children: Youngest aged 0 to 4,6,6,5,5,0,1,0,1,0,0,0
S01010533,Families with dependent children: Youngest aged 5 to 11,23,21,18,18,0,3,3,0,2,0,2
S01010533,Families with dependent children: Youngest aged 12 to 18,16,10,10,10,0,0,0,0,6,0,6
S01010534,All families in households,266,219,178,173,5,41,32,9,47,9,38
S01010534,Families with no dependent children,147,133,113,113,0,20,19,1,14,4,10
S01010534,Families with dependent children: Total,119,86,65,60,5,21,13,8,33,5,28
S01010534,Families with dependent children: Youngest aged 0 to 4,32,27,16,15,1,11,9,2,5,0,5
S01010534,Families with dependent children: Youngest aged 5 to 11,44,28,23,21,2,5,2,3,16,2,14
S01010534,Families with dependent children: Youngest aged 12 to 18,43,31,26,24,2,5,2,3,12,3,9
S01010535,All families in households,216,186,159,157,2,27,27,0,30,10,20
S01010535,Families with no dependent children,128,120,101,101,0,19,19,0,8,2,6
S01010535,Families with dependent children: Total,88,66,58,56,2,8,8,0,22,8,14
S01010535,Families with dependent children: Youngest aged 0 to 4,28,21,15,15,0,6,6,0,7,0,7
S01010535,Families with dependent children: Youngest aged 5 to 11,33,24,23,21,2,1,1,0,9,4,5
S01010535,Families with dependent children: Youngest aged 12 to 18,27,21,20,20,0,1,1,0,6,4,2
S01010536,All families in households,238,198,141,132,9,57,44,13,40,6,34
S01010536,Families with no dependent children,136,119,92,90,2,27,25,2,17,1,16
S01010536,Families with dependent children: Total,102,79,49,42,7,30,19,11,23,5,18
S01010536,Families with dependent children: Youngest aged 0 to 4,45,38,25,22,3,13,8,5,7,1,6
S01010536,Families with dependent children: Youngest aged 5 to 11,32,20,12,10,2,8,5,3,12,2,10
S01010536,Families with dependent children: Youngest aged 12 to 18,25,21,12,10,2,9,6,3,4,2,2
S01010537,All families in households,190,151,107,104,3,44,37,7,39,6,33
S01010537,Families with no dependent children,117,103,70,70,0,33,31,2,14,4,10
S01010537,Families with dependent children: Total,73,48,37,34,3,11,6,5,25,2,23
S01010537,Families with dependent children: Youngest aged 0 to 4,18,15,9,8,1,6,4,2,3,0,3
S01010537,Families with dependent children: Youngest aged 5 to 11,23,18,13,12,1,5,2,3,5,0,5
S01010537,Families with dependent children: Youngest aged 12 to 18,32,15,15,14,1,0,0,0,17,2,15
S01010538,All families in households,247,188,133,127,6,55,43,12,59,5,54
S01010538,Families with no dependent children,102,95,69,69,0,26,25,1,7,2,5
S01010538,Families with dependent children: Total,145,93,64,58,6,29,18,11,52,3,49
S01010538,Families with dependent children: Youngest aged 0 to 4,69,45,30,26,4,15,12,3,24,1,23
S01010538,Families with dependent children: Youngest aged 5 to 11,52,35,22,21,1,13,6,7,17,1,16
S01010538,Families with dependent children: Youngest aged 12 to 18,24,13,12,11,1,1,0,1,11,1,10
S01010539,All families in households,300,265,178,176,2,87,81,6,35,5,30
S01010539,Families with no dependent children,201,192,125,125,0,67,67,0,9,2,7
S01010539,Families with dependent children: Total,99,73,53,51,2,20,14,6,26,3,23
S01010539,Families with dependent children: Youngest aged 0 to 4,47,41,25,24,1,16,14,2,6,0,6
S01010539,Families with dependent children: Youngest aged 5 to 11,28,21,20,19,1,1,0,1,7,0,7
S01010539,Families with dependent children: Youngest aged 12 to 18,24,11,8,8,0,3,0,3,13,3,10
S01010540,All families in households,196,172,136,135,1,36,31,5,24,2,22
S01010540,Families with no dependent children,131,127,106,105,1,21,20,1,4,1,3
S01010540,Families with dependent children: Total,65,45,30,30,0,15,11,4,20,1,19
S01010540,Families with dependent children: Youngest aged 0 to 4,19,14,6,6,0,8,7,1,5,0,5
S01010540,Families with dependent children: Youngest aged 5 to 11,20,10,8,8,0,2,2,0,10,0,10
S01010540,Families with dependent children: Youngest aged 12 to 18,26,21,16,16,0,5,2,3,5,1,4
S01010541,All families in households,271,237,197,187,10,40,38,2,34,4,30
S01010541,Families with no dependent children,182,169,142,137,5,27,27,0,13,2,11
S01010541,Families with dependent children: Total,89,68,55,50,5,13,11,2,21,2,19
S01010541,Families with dependent children: Youngest aged 0 to 4,33,25,16,13,3,9,7,2,8,1,7
S01010541,Families with dependent children: Youngest aged 5 to 11,30,23,20,18,2,3,3,0,7,0,7
S01010541,Families with dependent children: Youngest aged 12 to 18,26,20,19,19,0,1,1,0,6,1,5
S01010542,All families in households,275,240,206,204,2,34,31,3,35,5,30
S01010542,Families with no dependent children,185,169,150,148,2,19,19,0,16,3,13
S01010542,Families with dependent children: Total,90,71,56,56,0,15,12,3,19,2,17
S01010542,Families with dependent children: Youngest aged 0 to 4,26,24,14,14,0,10,9,1,2,0,2
S01010542,Families with dependent children: Youngest aged 5 to 11,39,29,25,25,0,4,3,1,10,0,10
S01010542,Families with dependent children: Youngest aged 12 to 18,25,18,17,17,0,1,0,1,7,2,5
S01010543,All families in households,191,175,147,139,8,28,24,4,16,3,13
S01010543,Families with no dependent children,132,124,106,103,3,18,17,1,8,3,5
S01010543,Families with dependent children: Total,59,51,41,36,5,10,7,3,8,0,8
S01010543,Families with dependent children: Youngest aged 0 to 4,24,21,11,10,1,10,7,3,3,0,3
S01010543,Families with dependent children: Youngest aged 5 to 11,18,14,14,13,1,0,0,0,4,0,4
S01010543,Families with dependent children: Youngest aged 12 to 18,17,16,16,13,3,0,0,0,1,0,1
S01010544,All families in households,259,212,174,164,10,38,27,11,47,11,36
S01010544,Families with no dependent children,150,133,119,116,3,14,11,3,17,4,13
S01010544,Families with dependent children: Total,109,79,55,48,7,24,16,8,30,7,23
S01010544,Families with dependent children: Youngest aged 0 to 4,46,42,21,16,5,21,15,6,4,0,4
S01010544,Families with dependent children: Youngest aged 5 to 11,34,15,13,12,1,2,1,1,19,7,12
S01010544,Families with dependent children: Youngest aged 12 to 18,29,22,21,20,1,1,0,1,7,0,7
S01010545,All families in households,205,174,139,135,4,35,27,8,31,7,24
S01010545,Families with no dependent children,121,112,94,93,1,18,16,2,9,1,8
S01010545,Families with dependent children: Total,84,62,45,42,3,17,11,6,22,6,16
S01010545,Families with dependent children: Youngest aged 0 to 4,33,27,17,16,1,10,9,1,6,5,1
S01010545,Families with dependent children: Youngest aged 5 to 11,30,21,18,16,2,3,0,3,9,0,9
S01010545,Families with dependent children: Youngest aged 12 to 18,21,14,10,10,0,4,2,2,7,1,6
S01010546,All families in households,221,190,145,141,4,45,41,4,31,1,30
S01010546,Families with no dependent children,148,138,105,102,3,33,32,1,10,1,9
S01010546,Families with dependent children: Total,73,52,40,39,1,12,9,3,21,0,21
S01010546,Families with dependent children: Youngest aged 0 to 4,30,20,13,13,0,7,7,0,10,0,10
S01010546,Families with dependent children: Youngest aged 5 to 11,20,15,13,13,0,2,2,0,5,0,5
S01010546,Families with dependent children: Youngest aged 12 to 18,23,17,14,13,1,3,0,3,6,0,6
S01010547,All families in households,234,213,169,163,6,44,38,6,21,5,16
S01010547,Families with no dependent children,151,144,114,112,2,30,29,1,7,3,4
S01010547,Families with dependent children: Total,83,69,55,51,4,14,9,5,14,2,12
S01010547,Families with dependent children: Youngest aged 0 to 4,24,22,16,15,1,6,5,1,2,0,2
S01010547,Families with dependent children: Youngest aged 5 to 11,32,25,21,19,2,4,3,1,7,1,6
S01010547,Families with dependent children: Youngest aged 12 to 18,27,22,18,17,1,4,1,3,5,1,4
S01010548,All families in households,226,207,174,172,2,33,26,7,19,7,12
S01010548,Families with no dependent children,165,154,135,133,2,19,19,0,11,5,6
S01010548,Families with dependent children: Total,61,53,39,39,0,14,7,7,8,2,6
S01010548,Families with dependent children: Youngest aged 0 to 4,24,24,16,16,0,8,5,3,0,0,0
S01010548,Families with dependent children: Youngest aged 5 to 11,17,14,11,11,0,3,2,1,3,0,3
S01010548,Families with dependent children: Youngest aged 12 to 18,20,15,12,12,0,3,0,3,5,2,3
S01010549,All families in households,297,273,233,219,14,40,34,6,24,1,23
S01010549,Families with no dependent children,158,154,126,126,0,28,27,1,4,1,3
S01010549,Families with dependent children: Total,139,119,107,93,14,12,7,5,20,0,20
S01010549,Families with dependent children: Youngest aged 0 to 4,60,54,47,40,7,7,6,1,6,0,6
S01010549,Families with dependent children: Youngest aged 5 to 11,49,44,41,37,4,3,1,2,5,0,5
S01010549,Families with dependent children: Youngest aged 12 to 18,30,21,19,16,3,2,0,2,9,0,9
S01010550,All families in households,159,133,111,107,4,22,20,2,26,3,23
S01010550,Families with no dependent children,93,81,69,68,1,12,12,0,12,3,9
S01010550,Families with dependent children: Total,66,52,42,39,3,10,8,2,14,0,14
S01010550,Families with dependent children: Youngest aged 0 to 4,22,22,15,15,0,7,6,1,0,0,0
S01010550,Families with dependent children: Youngest aged 5 to 11,21,11,10,10,0,1,0,1,10,0,10
S01010550,Families with dependent children: Youngest aged 12 to 18,23,19,17,14,3,2,2,0,4,0,4
S01010551,All families in households,214,181,160,154,6,21,15,6,33,3,30
S01010551,Families with no dependent children,114,109,95,92,3,14,12,2,5,1,4
S01010551,Families with dependent children: Total,100,72,65,62,3,7,3,4,28,2,26
S01010551,Families with dependent children: Youngest aged 0 to 4,37,31,29,29,0,2,1,1,6,1,5
S01010551,Families with dependent children: Youngest aged 5 to 11,41,28,25,23,2,3,2,1,13,1,12
S01010551,Families with dependent children: Youngest aged 12 to 18,22,13,11,10,1,2,0,2,9,0,9
S01010552,All families in households,247,210,184,172,12,26,23,3,37,10,27
S01010552,Families with no dependent children,151,137,116,114,2,21,20,1,14,5,9
S01010552,Families with dependent children: Total,96,73,68,58,10,5,3,2,23,5,18
S01010552,Families with dependent children: Youngest aged 0 to 4,25,20,20,17,3,0,0,0,5,1,4
S01010552,Families with dependent children: Youngest aged 5 to 11,35,28,25,21,4,3,2,1,7,2,5
S01010552,Families with dependent children: Youngest aged 12 to 18,36,25,23,20,3,2,1,1,11,2,9
S01010553,All families in households,208,184,152,150,2,32,27,5,24,6,18
S01010553,Families with no dependent children,140,129,105,105,0,24,21,3,11,4,7
S01010553,Families with dependent children: Total,68,55,47,45,2,8,6,2,13,2,11
S01010553,Families with dependent children: Youngest aged 0 to 4,16,15,12,12,0,3,2,1,1,0,1
S01010553,Families with dependent children: Youngest aged 5 to 11,30,23,21,20,1,2,1,1,7,0,7
S01010553,Families with dependent children: Youngest aged 12 to 18,22,17,14,13,1,3,3,0,5,2,3
S01010554,All families in households,214,166,118,112,6,48,43,5,48,9,39
S01010554,Families with no dependent children,122,109,80,79,1,29,28,1,13,4,9
S01010554,Families with dependent children: Total,92,57,38,33,5,19,15,4,35,5,30
S01010554,Families with dependent children: Youngest aged 0 to 4,39,18,7,5,2,11,11,0,21,1,20
S01010554,Families with dependent children: Youngest aged 5 to 11,29,23,18,17,1,5,3,2,6,0,6
S01010554,Families with dependent children: Youngest aged 12 to 18,24,16,13,11,2,3,1,2,8,4,4
S01010555,All families in households,265,205,139,135,4,66,61,5,60,8,52
S01010555,Families with no dependent children,154,138,87,87,0,51,50,1,16,3,13
S01010555,Families with dependent children: Total,111,67,52,48,4,15,11,4,44,5,39
S01010555,Families with dependent children: Youngest aged 0 to 4,51,29,19,19,0,10,8,2,22,2,20
S01010555,Families with dependent children: Youngest aged 5 to 11,30,17,16,15,1,1,0,1,13,0,13
S01010555,Families with dependent children: Youngest aged 12 to 18,30,21,17,14,3,4,3,1,9,3,6
S01010556,All families in households,252,179,132,122,10,47,32,15,73,11,62
S01010556,Families with no dependent children,125,102,84,80,4,18,17,1,23,3,20
S01010556,Families with dependent children: Total,127,77,48,42,6,29,15,14,50,8,42
S01010556,Families with dependent children: Youngest aged 0 to 4,48,32,17,14,3,15,9,6,16,3,13
S01010556,Families with dependent children: Youngest aged 5 to 11,41,25,18,16,2,7,4,3,16,2,14
S01010556,Families with dependent children: Youngest aged 12 to 18,38,20,13,12,1,7,2,5,18,3,15
S01010557,All families in households,194,145,120,112,8,25,19,6,49,5,44
S01010557,Families with no dependent children,109,93,82,78,4,11,9,2,16,2,14
S01010557,Families with dependent children: Total,85,52,38,34,4,14,10,4,33,3,30
S01010557,Families with dependent children: Youngest aged 0 to 4,31,18,12,11,1,6,4,2,13,1,12
S01010557,Families with dependent children: Youngest aged 5 to 11,18,12,9,8,1,3,3,0,6,0,6
S01010557,Families with dependent children: Youngest aged 12 to 18,36,22,17,15,2,5,3,2,14,2,12
S01010558,All families in households,242,209,174,168,6,35,29,6,33,5,28
S01010558,Families with no dependent children,159,151,126,125,1,25,22,3,8,2,6
S01010558,Families with dependent children: Total,83,58,48,43,5,10,7,3,25,3,22
S01010558,Families with dependent children: Youngest aged 0 to 4,31,19,13,11,2,6,5,1,12,2,10
S01010558,Families with dependent children: Youngest aged 5 to 11,26,20,17,14,3,3,2,1,6,0,6
S01010558,Families with dependent children: Youngest aged 12 to 18,26,19,18,18,0,1,0,1,7,1,6
S01010559,All families in households,222,202,186,181,5,16,14,2,20,8,12
S01010559,Families with no dependent children,154,146,137,137,0,9,9,0,8,4,4
S01010559,Families with dependent children: Total,68,56,49,44,5,7,5,2,12,4,8
S01010559,Families with dependent children: Youngest aged 0 to 4,28,24,19,17,2,5,4,1,4,0,4
S01010559,Families with dependent children: Youngest aged 5 to 11,20,15,15,15,0,0,0,0,5,4,1
S01010559,Families with dependent children: Youngest aged 12 to 18,20,17,15,12,3,2,1,1,3,0,3
S01010560,All families in households,215,187,164,158,6,23,18,5,28,2,26
S01010560,Families with no dependent children,154,140,124,120,4,16,15,1,14,1,13
S01010560,Families with dependent children: Total,61,47,40,38,2,7,3,4,14,1,13
S01010560,Families with dependent children: Youngest aged 0 to 4,11,9,8,7,1,1,1,0,2,0,2
S01010560,Families with dependent children: Youngest aged 5 to 11,25,22,19,19,0,3,1,2,3,0,3
S01010560,Families with dependent children: Youngest aged 12 to 18,25,16,13,12,1,3,1,2,9,1,8
S01010561,All families in households,225,204,175,172,3,29,24,5,21,4,17
S01010561,Families with no dependent children,144,135,119,118,1,16,16,0,9,1,8
S01010561,Families with dependent children: Total,81,69,56,54,2,13,8,5,12,3,9
S01010561,Families with dependent children: Youngest aged 0 to 4,22,18,11,11,0,7,6,1,4,1,3
S01010561,Families with dependent children: Youngest aged 5 to 11,29,24,20,18,2,4,2,2,5,1,4
S01010561,Families with dependent children: Youngest aged 12 to 18,30,27,25,25,0,2,0,2,3,1,2
S01010562,All families in households,230,201,177,170,7,24,20,4,29,3,26
S01010562,Families with no dependent children,154,140,125,120,5,15,14,1,14,3,11
S01010562,Families with dependent children: Total,76,61,52,50,2,9,6,3,15,0,15
S01010562,Families with dependent children: Youngest aged 0 to 4,24,18,14,13,1,4,3,1,6,0,6
S01010562,Families with dependent children: Youngest aged 5 to 11,21,19,16,16,0,3,3,0,2,0,2
S01010562,Families with dependent children: Youngest aged 12 to 18,31,24,22,21,1,2,0,2,7,0,7
S01010563,All families in households,145,116,84,80,4,32,22,10,29,7,22
S01010563,Families with no dependent children,86,75,61,60,1,14,13,1,11,4,7
S01010563,Families with dependent children: Total,59,41,23,20,3,18,9,9,18,3,15
S01010563,Families with dependent children: Youngest aged 0 to 4,17,13,6,5,1,7,5,2,4,0,4
S01010563,Families with dependent children: Youngest aged 5 to 11,27,17,8,8,0,9,3,6,10,0,10
S01010563,Families with dependent children: Youngest aged 12 to 18,15,11,9,7,2,2,1,1,4,3,1
S01010564,All families in households,139,101,82,78,4,19,15,4,38,7,31
S01010564,Families with no dependent children,101,80,71,69,2,9,9,0,21,7,14
S01010564,Families with dependent children: Total,38,21,11,9,2,10,6,4,17,0,17
S01010564,Families with dependent children: Youngest aged 0 to 4,20,12,5,4,1,7,4,3,8,0,8
S01010564,Families with dependent children: Youngest aged 5 to 11,9,4,2,2,0,2,1,1,5,0,5
S01010564,Families with dependent children: Youngest aged 12 to 18,9,5,4,3,1,1,1,0,4,0,4
S01010565,All families in households,195,162,135,127,8,27,19,8,33,5,28
S01010565,Families with no dependent children,122,99,88,85,3,11,10,1,23,3,20
S01010565,Families with dependent children: Total,73,63,47,42,5,16,9,7,10,2,8
S01010565,Families with dependent children: Youngest aged 0 to 4,23,23,14,14,0,9,5,4,0,0,0
S01010565,Families with dependent children: Youngest aged 5 to 11,25,20,17,14,3,3,3,0,5,1,4
S01010565,Families with dependent children: Youngest aged 12 to 18,25,20,16,14,2,4,1,3,5,1,4
S01010566,All families in households,330,297,247,240,7,50,43,7,33,9,24
S01010566,Families with no dependent children,199,189,154,153,1,35,32,3,10,5,5
S01010566,Families with dependent children: Total,131,108,93,87,6,15,11,4,23,4,19
S01010566,Families with dependent children: Youngest aged 0 to 4,49,43,36,34,2,7,6,1,6,0,6
S01010566,Families with dependent children: Youngest aged 5 to 11,46,36,29,27,2,7,5,2,10,3,7
S01010566,Families with dependent children: Youngest aged 12 to 18,36,29,28,26,2,1,0,1,7,1,6
S01010567,All families in households,302,280,249,242,7,31,25,6,22,6,16
S01010567,Families with no dependent children,182,172,152,148,4,20,20,0,10,4,6
S01010567,Families with dependent children: Total,120,108,97,94,3,11,5,6,12,2,10
S01010567,Families with dependent children: Youngest aged 0 to 4,35,32,29,29,0,3,1,2,3,0,3
S01010567,Families with dependent children: Youngest aged 5 to 11,44,40,33,32,1,7,4,3,4,1,3
S01010567,Families with dependent children: Youngest aged 12 to 18,41,36,35,33,2,1,0,1,5,1,4
S01010568,All families in households,316,266,212,204,8,54,47,7,50,11,39
S01010568,Families with no dependent children,181,166,137,134,3,29,28,1,15,4,11
S01010568,Families with dependent children: Total,135,100,75,70,5,25,19,6,35,7,28
S01010568,Families with dependent children: Youngest aged 0 to 4,54,45,29,27,2,16,14,2,9,1,8
S01010568,Families with dependent children: Youngest aged 5 to 11,40,27,22,21,1,5,4,1,13,5,8
S01010568,Families with dependent children: Youngest aged 12 to 18,41,28,24,22,2,4,1,3,13,1,12
S01010569,All families in households,228,205,167,156,11,38,29,9,23,4,19
S01010569,Families with no dependent children,148,139,111,107,4,28,23,5,9,2,7
S01010569,Families with dependent children: Total,80,66,56,49,7,10,6,4,14,2,12
S01010569,Families with dependent children: Youngest aged 0 to 4,32,27,23,21,2,4,3,1,5,0,5
S01010569,Families with dependent children: Youngest aged 5 to 11,28,24,19,17,2,5,2,3,4,1,3
S01010569,Families with dependent children: Youngest aged 12 to 18,20,15,14,11,3,1,1,0,5,1,4
S01010570,All families in households,325,235,178,167,11,57,47,10,90,9,81
S01010570,Families with no dependent children,180,148,120,115,5,28,27,1,32,6,26
S01010570,Families with dependent children: Total,145,87,58,52,6,29,20,9,58,3,55
S01010570,Families with dependent children: Youngest aged 0 to 4,51,30,17,16,1,13,11,2,21,0,21
S01010570,Families with dependent children: Youngest aged 5 to 11,49,25,18,17,1,7,6,1,24,1,23
S01010570,Families with dependent children: Youngest aged 12 to 18,45,32,23,19,4,9,3,6,13,2,11
S01010571,All families in households,218,183,128,121,7,55,51,4,35,7,28
S01010571,Families with no dependent children,138,124,82,81,1,42,41,1,14,4,10
S01010571,Families with dependent children: Total,80,59,46,40,6,13,10,3,21,3,18
S01010571,Families with dependent children: Youngest aged 0 to 4,32,24,15,13,2,9,8,1,8,1,7
S01010571,Families with dependent children: Youngest aged 5 to 11,28,23,19,16,3,4,2,2,5,0,5
S01010571,Families with dependent children: Youngest aged 12 to 18,20,12,12,11,1,0,0,0,8,2,6
S01010572,All families in households,219,157,98,94,4,59,47,12,62,6,56
S01010572,Families with no dependent children,115,94,62,62,0,32,28,4,21,3,18
S01010572,Families with dependent children: Total,104,63,36,32,4,27,19,8,41,3,38
S01010572,Families with dependent children: Youngest aged 0 to 4,52,37,18,17,1,19,16,3,15,2,13
S01010572,Families with dependent children: Youngest aged 5 to 11,36,21,14,11,3,7,3,4,15,1,14
S01010572,Families with dependent children: Youngest aged 12 to 18,16,5,4,4,0,1,0,1,11,0,11
S01010573,All families in households,162,124,98,86,12,26,22,4,38,4,34
S01010573,Families with no dependent children,90,71,59,53,6,12,11,1,19,2,17
S01010573,Families with dependent children: Total,72,53,39,33,6,14,11,3,19,2,17
S01010573,Families with dependent children: Youngest aged 0 to 4,34,28,19,17,2,9,7,2,6,1,5
S01010573,Families with dependent children: Youngest aged 5 to 11,18,12,8,6,2,4,4,0,6,1,5
S01010573,Families with dependent children: Youngest aged 12 to 18,20,13,12,10,2,1,0,1,7,0,7
S01010574,All families in households,188,172,150,146,4,22,17,5,16,2,14
S01010574,Families with no dependent children,97,91,79,77,2,12,11,1,6,1,5
S01010574,Families with dependent children: Total,91,81,71,69,2,10,6,4,10,1,9
S01010574,Families with dependent children: Youngest aged 0 to 4,41,37,31,31,0,6,5,1,4,1,3
S01010574,Families with dependent children: Youngest aged 5 to 11,21,21,20,18,2,1,0,1,0,0,0
S01010574,Families with dependent children: Youngest aged 12 to 18,29,23,20,20,0,3,1,2,6,0,6
S01010575,All families in households,230,207,191,186,5,16,15,1,23,5,18
S01010575,Families with no dependent children,155,142,131,130,1,11,11,0,13,4,9
S01010575,Families with dependent children: Total,75,65,60,56,4,5,4,1,10,1,9
S01010575,Families with dependent children: Youngest aged 0 to 4,17,14,11,11,0,3,2,1,3,0,3
S01010575,Families with dependent children: Youngest aged 5 to 11,26,22,21,20,1,1,1,0,4,0,4
S01010575,Families with dependent children: Youngest aged 12 to 18,32,29,28,25,3,1,1,0,3,1,2
S01010576,All families in households,265,241,213,202,11,28,25,3,24,5,19
S01010576,Families with no dependent children,173,162,147,144,3,15,15,0,11,4,7
S01010576,Families with dependent children: Total,92,79,66,58,8,13,10,3,13,1,12
S01010576,Families with dependent children: Youngest aged 0 to 4,28,21,13,11,2,8,6,2,7,0,7
S01010576,Families with dependent children: Youngest aged 5 to 11,37,34,32,30,2,2,2,0,3,0,3
S01010576,Families with dependent children: Youngest aged 12 to 18,27,24,21,17,4,3,2,1,3,1,2
S01010577,All families in households,262,172,128,120,8,44,32,12,90,11,79
S01010577,Families with no dependent children,139,107,84,82,2,23,22,1,32,7,25
S01010577,Families with dependent children: Total,123,65,44,38,6,21,10,11,58,4,54
S01010577,Families with dependent children: Youngest aged 0 to 4,50,28,15,13,2,13,6,7,22,1,21
S01010577,Families with dependent children: Youngest aged 5 to 11,36,21,13,12,1,8,4,4,15,1,14
S01010577,Families with dependent children: Youngest aged 12 to 18,37,16,16,13,3,0,0,0,21,2,19
S01010578,All families in households,167,133,107,95,12,26,15,11,34,1,33
S01010578,Families with no dependent children,93,79,67,66,1,12,10,2,14,1,13
S01010578,Families with dependent children: Total,74,54,40,29,11,14,5,9,20,0,20
S01010578,Families with dependent children: Youngest aged 0 to 4,20,15,9,5,4,6,3,3,5,0,5
S01010578,Families with dependent children: Youngest aged 5 to 11,29,18,14,13,1,4,1,3,11,0,11
S01010578,Families with dependent children: Youngest aged 12 to 18,25,21,17,11,6,4,1,3,4,0,4
S01010579,All families in households,224,201,166,164,2,35,31,4,23,1,22
S01010579,Families with no dependent children,139,130,111,110,1,19,18,1,9,1,8
S01010579,Families with dependent children: Total,85,71,55,54,1,16,13,3,14,0,14
S01010579,Families with dependent children: Youngest aged 0 to 4,38,35,21,21,0,14,13,1,3,0,3
S01010579,Families with dependent children: Youngest aged 5 to 11,15,13,13,12,1,0,0,0,2,0,2
S01010579,Families with dependent children: Youngest aged 12 to 18,32,23,21,21,0,2,0,2,9,0,9
S01010580,All families in households,148,126,82,79,3,44,44,0,22,3,19
S01010580,Families with no dependent children,107,100,61,61,0,39,39,0,7,2,5
S01010580,Families with dependent children: Total,41,26,21,18,3,5,5,0,15,1,14
S01010580,Families with dependent children: Youngest aged 0 to 4,26,16,11,10,1,5,5,0,10,0,10
S01010580,Families with dependent children: Youngest aged 5 to 11,7,6,6,4,2,0,0,0,1,0,1
S01010580,Families with dependent children: Youngest aged 12 to 18,8,4,4,4,0,0,0,0,4,1,3
S01010581,All families in households,152,129,105,100,5,24,23,1,23,1,22
S01010581,Families with no dependent children,83,75,59,58,1,16,16,0,8,1,7
S01010581,Families with dependent children: Total,69,54,46,42,4,8,7,1,15,0,15
S01010581,Families with dependent children: Youngest aged 0 to 4,29,23,16,16,0,7,7,0,6,0,6
S01010581,Families with dependent children: Youngest aged 5 to 11,28,21,21,19,2,0,0,0,7,0,7
S01010581,Families with dependent children: Youngest aged 12 to 18,12,10,9,7,2,1,0,1,2,0,2
S01010582,All families in households,138,128,101,96,5,27,25,2,10,2,8
S01010582,Families with no dependent children,80,77,61,59,2,16,16,0,3,1,2
S01010582,Families with dependent children: Total,58,51,40,37,3,11,9,2,7,1,6
S01010582,Families with dependent children: Youngest aged 0 to 4,19,19,14,13,1,5,5,0,0,0,0
S01010582,Families with dependent children: Youngest aged 5 to 11,22,16,12,11,1,4,4,0,6,0,6
S01010582,Families with dependent children: Youngest aged 12 to 18,17,16,14,13,1,2,0,2,1,1,0
S01010583,All families in households,305,276,229,218,11,47,38,9,29,5,24
S01010583,Families with no dependent children,177,173,142,140,2,31,29,2,4,4,0
S01010583,Families with dependent children: Total,128,103,87,78,9,16,9,7,25,1,24
S01010583,Families with dependent children: Youngest aged 0 to 4,45,37,27,27,0,10,7,3,8,1,7
S01010583,Families with dependent children: Youngest aged 5 to 11,40,34,32,27,5,2,1,1,6,0,6
S01010583,Families with dependent children: Youngest aged 12 to 18,43,32,28,24,4,4,1,3,11,0,11
S01010584,All families in households,251,203,155,143,12,48,44,4,48,2,46
S01010584,Families with no dependent children,103,93,70,69,1,23,23,0,10,2,8
S01010584,Families with dependent children: Total,148,110,85,74,11,25,21,4,38,0,38
S01010584,Families with dependent children: Youngest aged 0 to 4,74,60,41,35,6,19,18,1,14,0,14
S01010584,Families with dependent children: Youngest aged 5 to 11,44,27,24,22,2,3,1,2,17,0,17
S01010584,Families with dependent children: Youngest aged 12 to 18,30,23,20,17,3,3,2,1,7,0,7
S01010585,All families in households,260,218,145,139,6,73,62,11,42,2,40
S01010585,Families with no dependent children,98,92,51,51,0,41,38,3,6,1,5
S01010585,Families with dependent children: Total,162,126,94,88,6,32,24,8,36,1,35
S01010585,Families with dependent children: Youngest aged 0 to 4,84,75,52,50,2,23,21,2,9,1,8
S01010585,Families with dependent children: Youngest aged 5 to 11,49,33,26,24,2,7,3,4,16,0,16
S01010585,Families with dependent children: Youngest aged 12 to 18,29,18,16,14,2,2,0,2,11,0,11
S01010586,All families in households,250,230,195,185,10,35,26,9,20,2,18
S01010586,Families with no dependent children,144,136,116,111,5,20,16,4,8,1,7
S01010586,Families with dependent children: Total,106,94,79,74,5,15,10,5,12,1,11
S01010586,Families with dependent children: Youngest aged 0 to 4,35,34,24,24,0,10,8,2,1,0,1
S01010586,Families with dependent children: Youngest aged 5 to 11,33,28,26,23,3,2,1,1,5,0,5
S01010586,Families with dependent children: Youngest aged 12 to 18,38,32,29,27,2,3,1,2,6,1,5
S01010587,All families in households,223,208,177,175,2,31,27,4,15,0,15
S01010587,Families with no dependent children,148,143,124,122,2,19,18,1,5,0,5
S01010587,Families with dependent children: Total,75,65,53,53,0,12,9,3,10,0,10
S01010587,Families with dependent children: Youngest aged 0 to 4,24,22,16,16,0,6,5,1,2,0,2
S01010587,Families with dependent children: Youngest aged 5 to 11,23,17,14,14,0,3,3,0,6,0,6
S01010587,Families with dependent children: Youngest aged 12 to 18,28,26,23,23,0,3,1,2,2,0,2
S01010588,All families in households,194,171,141,136,5,30,27,3,23,2,21
S01010588,Families with no dependent children,109,102,86,84,2,16,16,0,7,1,6
S01010588,Families with dependent children: Total,85,69,55,52,3,14,11,3,16,1,15
S01010588,Families with dependent children: Youngest aged 0 to 4,30,28,20,19,1,8,8,0,2,0,2
S01010588,Families with dependent children: Youngest aged 5 to 11,35,24,19,18,1,5,3,2,11,1,10
S01010588,Families with dependent children: Youngest aged 12 to 18,20,17,16,15,1,1,0,1,3,0,3
S01010589,All families in households,182,136,95,91,4,41,36,5,46,3,43
S01010589,Families with no dependent children,105,87,57,57,0,30,29,1,18,1,17
S01010589,Families with dependent children: Total,77,49,38,34,4,11,7,4,28,2,26
S01010589,Families with dependent children: Youngest aged 0 to 4,34,21,15,13,2,6,4,2,13,1,12
S01010589,Families with dependent children: Youngest aged 5 to 11,23,17,14,12,2,3,3,0,6,0,6
S01010589,Families with dependent children: Youngest aged 12 to 18,20,11,9,9,0,2,0,2,9,1,8
S01010590,All families in households,260,244,225,214,11,19,12,7,16,4,12
S01010590,Families with no dependent children,113,109,99,96,3,10,8,2,4,1,3
S01010590,Families with dependent children: Total,147,135,126,118,8,9,4,5,12,3,9
S01010590,Families with dependent children: Youngest aged 0 to 4,65,60,58,55,3,2,1,1,5,1,4
S01010590,Families with dependent children: Youngest aged 5 to 11,50,49,44,41,3,5,2,3,1,0,1
S01010590,Families with dependent children: Youngest aged 12 to 18,32,26,24,22,2,2,1,1,6,2,4
S01010591,All families in households,236,193,135,131,4,58,55,3,43,3,40
S01010591,Families with no dependent children,97,96,58,58,0,38,38,0,1,0,1
S01010591,Families with dependent children: Total,139,97,77,73,4,20,17,3,42,3,39
S01010591,Families with dependent children: Youngest aged 0 to 4,88,68,53,50,3,15,14,1,20,1,19
S01010591,Families with dependent children: Youngest aged 5 to 11,33,18,14,13,1,4,3,1,15,1,14
S01010591,Families with dependent children: Youngest aged 12 to 18,18,11,10,10,0,1,0,1,7,1,6
S01010592,All families in households,151,121,84,82,2,37,35,2,30,5,25
S01010592,Families with no dependent children,95,91,63,62,1,28,28,0,4,1,3
S01010592,Families with dependent children: Total,56,30,21,20,1,9,7,2,26,4,22
S01010592,Families with dependent children: Youngest aged 0 to 4,28,17,10,10,0,7,6,1,11,0,11
S01010592,Families with dependent children: Youngest aged 5 to 11,16,5,4,3,1,1,1,0,11,2,9
S01010592,Families with dependent children: Youngest aged 12 to 18,12,8,7,7,0,1,0,1,4,2,2
S01010593,All families in households,198,182,160,155,5,22,17,5,16,1,15
S01010593,Families with no dependent children,112,107,96,96,0,11,9,2,5,0,5
S01010593,Families with dependent children: Total,86,75,64,59,5,11,8,3,11,1,10
S01010593,Families with dependent children: Youngest aged 0 to 4,30,28,22,22,0,6,5,1,2,0,2
S01010593,Families with dependent children: Youngest aged 5 to 11,32,26,24,21,3,2,2,0,6,0,6
S01010593,Families with dependent children: Youngest aged 12 to 18,24,21,18,16,2,3,1,2,3,1,2
S01010594,All families in households,193,162,111,106,5,51,45,6,31,3,28
S01010594,Families with no dependent children,89,83,50,48,2,33,33,0,6,0,6
S01010594,Families with dependent children: Total,104,79,61,58,3,18,12,6,25,3,22
S01010594,Families with dependent children: Youngest aged 0 to 4,49,39,27,27,0,12,9,3,10,0,10
S01010594,Families with dependent children: Youngest aged 5 to 11,33,24,20,20,0,4,1,3,9,2,7
S01010594,Families with dependent children: Youngest aged 12 to 18,22,16,14,11,3,2,2,0,6,1,5
S01010595,All families in households,242,186,134,123,11,52,44,8,56,9,47
S01010595,Families with no dependent children,78,65,46,45,1,19,18,1,13,1,12
S01010595,Families with dependent children: Total,164,121,88,78,10,33,26,7,43,8,35
S01010595,Families with dependent children: Youngest aged 0 to 4,80,66,42,39,3,24,21,3,14,0,14
S01010595,Families with dependent children: Youngest aged 5 to 11,59,40,33,29,4,7,5,2,19,6,13
S01010595,Families with dependent children: Youngest aged 12 to 18,25,15,13,10,3,2,0,2,10,2,8
S01010596,All families in households,255,235,183,181,2,52,45,7,20,2,18
S01010596,Families with no dependent children,138,136,105,105,0,31,30,1,2,0,2
S01010596,Families with dependent children: Total,117,99,78,76,2,21,15,6,18,2,16
S01010596,Families with dependent children: Youngest aged 0 to 4,55,47,35,35,0,12,11,1,8,1,7
S01010596,Families with dependent children: Youngest aged 5 to 11,36,31,24,23,1,7,4,3,5,0,5
S01010596,Families with dependent children: Youngest aged 12 to 18,26,21,19,18,1,2,0,2,5,1,4
S01010597,All families in households,200,155,95,86,9,60,49,11,45,5,40
S01010597,Families with no dependent children,85,80,42,39,3,38,37,1,5,3,2
S01010597,Families with dependent children: Total,115,75,53,47,6,22,12,10,40,2,38
S01010597,Families with dependent children: Youngest aged 0 to 4,63,46,33,31,2,13,11,2,17,0,17
S01010597,Families with dependent children: Youngest aged 5 to 11,32,17,10,9,1,7,1,6,15,1,14
S01010597,Families with dependent children: Youngest aged 12 to 18,20,12,10,7,3,2,0,2,8,1,7
S01010598,All families in households,300,246,177,164,13,69,63,6,54,3,51
S01010598,Families with no dependent children,112,106,71,67,4,35,34,1,6,0,6
S01010598,Families with dependent children: Total,188,140,106,97,9,34,29,5,48,3,45
S01010598,Families with dependent children: Youngest aged 0 to 4,110,92,66,63,3,26,24,2,18,1,17
S01010598,Families with dependent children: Youngest aged 5 to 11,43,28,23,19,4,5,4,1,15,0,15
S01010598,Families with dependent children: Youngest aged 12 to 18,35,20,17,15,2,3,1,2,15,2,13
S01010599,All families in households,188,170,145,138,7,25,23,2,18,1,17
S01010599,Families with no dependent children,102,99,80,79,1,19,19,0,3,0,3
S01010599,Families with dependent children: Total,86,71,65,59,6,6,4,2,15,1,14
S01010599,Families with dependent children: Youngest aged 0 to 4,39,29,24,23,1,5,3,2,10,0,10
S01010599,Families with dependent children: Youngest aged 5 to 11,25,24,23,21,2,1,1,0,1,0,1
S01010599,Families with dependent children: Youngest aged 12 to 18,22,18,18,15,3,0,0,0,4,1,3
S01010600,All families in households,278,259,225,218,7,34,30,4,19,3,16
S01010600,Families with no dependent children,204,194,172,166,6,22,22,0,10,1,9
S01010600,Families with dependent children: Total,74,65,53,52,1,12,8,4,9,2,7
S01010600,Families with dependent children: Youngest aged 0 to 4,18,15,8,8,0,7,6,1,3,0,3
S01010600,Families with dependent children: Youngest aged 5 to 11,27,25,22,21,1,3,2,1,2,0,2
S01010600,Families with dependent children: Youngest aged 12 to 18,29,25,23,23,0,2,0,2,4,2,2
S01010601,All families in households,216,197,176,172,4,21,19,2,19,3,16
S01010601,Families with no dependent children,143,135,123,123,0,12,12,0,8,2,6
S01010601,Families with dependent children: Total,73,62,53,49,4,9,7,2,11,1,10
S01010601,Families with dependent children: Youngest aged 0 to 4,19,15,11,10,1,4,4,0,4,1,3
S01010601,Families with dependent children: Youngest aged 5 to 11,26,24,23,21,2,1,1,0,2,0,2
S01010601,Families with dependent children: Youngest aged 12 to 18,28,23,19,18,1,4,2,2,5,0,5
S01010602,All families in households,143,130,98,94,4,32,31,1,13,2,11
S01010602,Families with no dependent children,92,87,59,58,1,28,27,1,5,2,3
S01010602,Families with dependent children: Total,51,43,39,36,3,4,4,0,8,0,8
S01010602,Families with dependent children: Youngest aged 0 to 4,15,14,12,12,0,2,2,0,1,0,1
S01010602,Families with dependent children: Youngest aged 5 to 11,20,15,13,10,3,2,2,0,5,0,5
S01010602,Families with dependent children: Youngest aged 12 to 18,16,14,14,14,0,0,0,0,2,0,2
S01010603,All families in households,246,225,187,180,7,38,35,3,21,4,17
S01010603,Families with no dependent children,174,162,134,129,5,28,28,0,12,2,10
S01010603,Families with dependent children: Total,72,63,53,51,2,10,7,3,9,2,7
S01010603,Families with dependent children: Youngest aged 0 to 4,23,21,16,16,0,5,5,0,2,0,2
S01010603,Families with dependent children: Youngest aged 5 to 11,33,28,24,23,1,4,2,2,5,1,4
S01010603,Families with dependent children: Youngest aged 12 to 18,16,14,13,12,1,1,0,1,2,1,1
S01010604,All families in households,152,137,123,114,9,14,13,1,15,2,13
S01010604,Families with no dependent children,84,81,72,71,1,9,9,0,3,1,2
S01010604,Families with dependent children: Total,68,56,51,43,8,5,4,1,12,1,11
S01010604,Families with dependent children: Youngest aged 0 to 4,17,16,13,12,1,3,3,0,1,1,0
S01010604,Families with dependent children: Youngest aged 5 to 11,22,16,14,11,3,2,1,1,6,0,6
S01010604,Families with dependent children: Youngest aged 12 to 18,29,24,24,20,4,0,0,0,5,0,5
S01010605,All families in households,281,249,224,220,4,25,22,3,32,9,23
S01010605,Families with no dependent children,190,169,155,155,0,14,14,0,21,7,14
S01010605,Families with dependent children: Total,91,80,69,65,4,11,8,3,11,2,9
S01010605,Families with dependent children: Youngest aged 0 to 4,32,28,20,19,1,8,7,1,4,1,3
S01010605,Families with dependent children: Youngest aged 5 to 11,27,25,23,21,2,2,1,1,2,0,2
S01010605,Families with dependent children: Youngest aged 12 to 18,32,27,26,25,1,1,0,1,5,1,4
S01010606,All families in households,249,188,136,128,8,52,43,9,61,0,61
S01010606,Families with no dependent children,142,125,91,90,1,34,31,3,17,0,17
S01010606,Families with dependent children: Total,107,63,45,38,7,18,12,6,44,0,44
S01010606,Families with dependent children: Youngest aged 0 to 4,39,29,16,15,1,13,10,3,10,0,10
S01010606,Families with dependent children: Youngest aged 5 to 11,44,20,17,12,5,3,2,1,24,0,24
S01010606,Families with dependent children: Youngest aged 12 to 18,24,14,12,11,1,2,0,2,10,0,10
S01010607,All families in households,253,229,193,182,11,36,31,5,24,5,19
S01010607,Families with no dependent children,158,143,123,119,4,20,20,0,15,5,10
S01010607,Families with dependent children: Total,95,86,70,63,7,16,11,5,9,0,9
S01010607,Families with dependent children: Youngest aged 0 to 4,32,30,23,22,1,7,7,0,2,0,2
S01010607,Families with dependent children: Youngest aged 5 to 11,28,25,19,17,2,6,4,2,3,0,3
S01010607,Families with dependent children: Youngest aged 12 to 18,35,31,28,24,4,3,0,3,4,0,4
S01010608,All families in households,187,95,68,61,7,27,18,9,92,16,76
S01010608,Families with no dependent children,74,51,44,43,1,7,6,1,23,5,18
S01010608,Families with dependent children: Total,113,44,24,18,6,20,12,8,69,11,58
S01010608,Families with dependent children: Youngest aged 0 to 4,54,24,12,8,4,12,8,4,30,4,26
S01010608,Families with dependent children: Youngest aged 5 to 11,38,14,8,7,1,6,4,2,24,1,23
S01010608,Families with dependent children: Youngest aged 12 to 18,21,6,4,3,1,2,0,2,15,6,9
S01010609,All families in households,169,114,76,70,6,38,34,4,55,7,48
S01010609,Families with no dependent children,84,68,48,47,1,20,19,1,16,5,11
S01010609,Families with dependent children: Total,85,46,28,23,5,18,15,3,39,2,37
S01010609,Families with dependent children: Youngest aged 0 to 4,37,22,13,11,2,9,8,1,15,0,15
S01010609,Families with dependent children: Youngest aged 5 to 11,24,11,8,6,2,3,2,1,13,0,13
S01010609,Families with dependent children: Youngest aged 12 to 18,24,13,7,6,1,6,5,1,11,2,9
S01010610,All families in households,200,176,148,145,3,28,24,4,24,6,18
S01010610,Families with no dependent children,151,135,116,114,2,19,17,2,16,6,10
S01010610,Families with dependent children: Total,49,41,32,31,1,9,7,2,8,0,8
S01010610,Families with dependent children: Youngest aged 0 to 4,16,14,10,10,0,4,3,1,2,0,2
S01010610,Families with dependent children: Youngest aged 5 to 11,20,15,11,10,1,4,3,1,5,0,5
S01010610,Families with dependent children: Youngest aged 12 to 18,13,12,11,11,0,1,1,0,1,0,1
S01010611,All families in households,253,186,138,134,4,48,43,5,67,9,58
S01010611,Families with no dependent children,150,123,91,91,0,32,29,3,27,5,22
S01010611,Families with dependent children: Total,103,63,47,43,4,16,14,2,40,4,36
S01010611,Families with dependent children: Youngest aged 0 to 4,41,34,25,24,1,9,8,1,7,0,7
S01010611,Families with dependent children: Youngest aged 5 to 11,36,17,14,11,3,3,3,0,19,2,17
S01010611,Families with dependent children: Youngest aged 12 to 18,26,12,8,8,0,4,3,1,14,2,12
S01010612,All families in households,241,203,169,162,7,34,27,7,38,3,35
S01010612,Families with no dependent children,144,133,120,119,1,13,13,0,11,1,10
S01010612,Families with dependent children: Total,97,70,49,43,6,21,14,7,27,2,25
S01010612,Families with dependent children: Youngest aged 0 to 4,45,32,23,19,4,9,9,0,13,2,11
S01010612,Families with dependent children: Youngest aged 5 to 11,30,23,14,12,2,9,5,4,7,0,7
S01010612,Families with dependent children: Youngest aged 12 to 18,22,15,12,12,0,3,0,3,7,0,7
S01010613,All families in households,192,155,128,122,6,27,21,6,37,3,34
S01010613,Families with no dependent children,124,110,92,91,1,18,16,2,14,0,14
S01010613,Families with dependent children: Total,68,45,36,31,5,9,5,4,23,3,20
S01010613,Families with dependent children: Youngest aged 0 to 4,26,18,14,12,2,4,4,0,8,1,7
S01010613,Families with dependent children: Youngest aged 5 to 11,19,13,11,9,2,2,1,1,6,1,5
S01010613,Families with dependent children: Youngest aged 12 to 18,23,14,11,10,1,3,0,3,9,1,8
S01010614,All families in households,144,103,74,70,4,29,24,5,41,3,38
S01010614,Families with no dependent children,75,66,50,47,3,16,15,1,9,2,7
S01010614,Families with dependent children: Total,69,37,24,23,1,13,9,4,32,1,31
S01010614,Families with dependent children: Youngest aged 0 to 4,27,21,13,12,1,8,6,2,6,0,6
S01010614,Families with dependent children: Youngest aged 5 to 11,28,9,6,6,0,3,3,0,19,1,18
S01010614,Families with dependent children: Youngest aged 12 to 18,14,7,5,5,0,2,0,2,7,0,7
S01010615,All families in households,231,184,128,121,7,56,52,4,47,10,37
S01010615,Families with no dependent children,109,97,62,62,0,35,34,1,12,4,8
S01010615,Families with dependent children: Total,122,87,66,59,7,21,18,3,35,6,29
S01010615,Families with dependent children: Youngest aged 0 to 4,55,45,32,29,3,13,13,0,10,1,9
S01010615,Families with dependent children: Youngest aged 5 to 11,47,28,21,18,3,7,4,3,19,4,15
S01010615,Families with dependent children: Youngest aged 12 to 18,20,14,13,12,1,1,1,0,6,1,5
S01010616,All families in households,261,229,191,183,8,38,31,7,32,2,30
S01010616,Families with no dependent children,159,146,123,122,1,23,20,3,13,1,12
S01010616,Families with dependent children: Total,102,83,68,61,7,15,11,4,19,1,18
S01010616,Families with dependent children: Youngest aged 0 to 4,24,22,17,16,1,5,5,0,2,0,2
S01010616,Families with dependent children: Youngest aged 5 to 11,32,26,22,20,2,4,2,2,6,0,6
S01010616,Families with dependent children: Youngest aged 12 to 18,46,35,29,25,4,6,4,2,11,1,10
S01010617,All families in households,285,244,207,196,11,37,31,6,41,4,37
S01010617,Families with no dependent children,175,160,137,134,3,23,20,3,15,2,13
S01010617,Families with dependent children: Total,110,84,70,62,8,14,11,3,26,2,24
S01010617,Families with dependent children: Youngest aged 0 to 4,36,30,19,17,2,11,10,1,6,1,5
S01010617,Families with dependent children: Youngest aged 5 to 11,47,37,35,32,3,2,0,2,10,1,9
S01010617,Families with dependent children: Youngest aged 12 to 18,27,17,16,13,3,1,1,0,10,0,10
S01010618,All families in households,242,210,175,167,8,35,30,5,32,2,30
S01010618,Families with no dependent children,153,141,119,114,5,22,21,1,12,1,11
S01010618,Families with dependent children: Total,89,69,56,53,3,13,9,4,20,1,19
S01010618,Families with dependent children: Youngest aged 0 to 4,33,29,24,22,2,5,5,0,4,0,4
S01010618,Families with dependent children: Youngest aged 5 to 11,28,21,14,13,1,7,3,4,7,0,7
S01010618,Families with dependent children: Youngest aged 12 to 18,28,19,18,18,0,1,1,0,9,1,8
S01010619,All families in households,161,116,51,49,2,65,61,4,45,7,38
S01010619,Families with no dependent children,91,82,33,32,1,49,48,1,9,3,6
S01010619,Families with dependent children: Total,70,34,18,17,1,16,13,3,36,4,32
S01010619,Families with dependent children: Youngest aged 0 to 4,29,19,9,8,1,10,10,0,10,0,10
S01010619,Families with dependent children: Youngest aged 5 to 11,19,7,3,3,0,4,3,1,12,0,12
S01010619,Families with dependent children: Youngest aged 12 to 18,22,8,6,6,0,2,0,2,14,4,10
S01010620,All families in households,124,96,29,29,0,67,62,5,28,2,26
S01010620,Families with no dependent children,69,64,19,19,0,45,44,1,5,1,4
S01010620,Families with dependent children: Total,55,32,10,10,0,22,18,4,23,1,22
S01010620,Families with dependent children: Youngest aged 0 to 4,32,22,6,6,0,16,13,3,10,0,10
S01010620,Families with dependent children: Youngest aged 5 to 11,9,5,1,1,0,4,4,0,4,1,3
S01010620,Families with dependent children: Youngest aged 12 to 18,14,5,3,3,0,2,1,1,9,0,9
S01010621,All families in households,242,220,164,158,6,56,53,3,22,2,20
S01010621,Families with no dependent children,147,142,106,105,1,36,36,0,5,2,3
S01010621,Families with dependent children: Total,95,78,58,53,5,20,17,3,17,0,17
S01010621,Families with dependent children: Youngest aged 0 to 4,35,27,13,13,0,14,14,0,8,0,8
S01010621,Families with dependent children: Youngest aged 5 to 11,33,32,27,25,2,5,2,3,1,0,1
S01010621,Families with dependent children: Youngest aged 12 to 18,27,19,18,15,3,1,1,0,8,0,8
S01010622,All families in households,178,107,73,71,2,34,33,1,71,6,65
S01010622,Families with no dependent children,88,72,49,48,1,23,22,1,16,2,14
S01010622,Families with dependent children: Total,90,35,24,23,1,11,11,0,55,4,51
S01010622,Families with dependent children: Youngest aged 0 to 4,38,16,9,8,1,7,7,0,22,1,21
S01010622,Families with dependent children: Youngest aged 5 to 11,32,11,9,9,0,2,2,0,21,0,21
S01010622,Families with dependent children: Youngest aged 12 to 18,20,8,6,6,0,2,2,0,12,3,9
S01010623,All families in households,244,209,194,176,18,15,10,5,35,1,34
S01010623,Families with no dependent children,69,64,60,59,1,4,4,0,5,0,5
S01010623,Families with dependent children: Total,175,145,134,117,17,11,6,5,30,1,29
S01010623,Families with dependent children: Youngest aged 0 to 4,104,89,84,74,10,5,4,1,15,0,15
S01010623,Families with dependent children: Youngest aged 5 to 11,51,37,35,30,5,2,1,1,14,1,13
S01010623,Families with dependent children: Youngest aged 12 to 18,20,19,15,13,2,4,1,3,1,0,1
S01010624,All families in households,164,123,103,96,7,20,13,7,41,8,33
S01010624,Families with no dependent children,88,76,66,64,2,10,9,1,12,3,9
S01010624,Families with dependent children: Total,76,47,37,32,5,10,4,6,29,5,24
S01010624,Families with dependent children: Youngest aged 0 to 4,27,23,19,18,1,4,3,1,4,0,4
S01010624,Families with dependent children: Youngest aged 5 to 11,22,12,9,6,3,3,0,3,10,4,6
S01010624,Families with dependent children: Youngest aged 12 to 18,27,12,9,8,1,3,1,2,15,1,14
S01010625,All families in households,251,223,204,202,2,19,17,2,28,4,24
S01010625,Families with no dependent children,184,166,151,150,1,15,13,2,18,2,16
S01010625,Families with dependent children: Total,67,57,53,52,1,4,4,0,10,2,8
S01010625,Families with dependent children: Youngest aged 0 to 4,21,20,17,17,0,3,3,0,1,1,0
S01010625,Families with dependent children: Youngest aged 5 to 11,20,15,15,15,0,0,0,0,5,1,4
S01010625,Families with dependent children: Youngest aged 12 to 18,26,22,21,20,1,1,1,0,4,0,4
S01010626,All families in households,258,233,212,204,8,21,19,2,25,4,21
S01010626,Families with no dependent children,186,170,154,150,4,16,16,0,16,2,14
S01010626,Families with dependent children: Total,72,63,58,54,4,5,3,2,9,2,7
S01010626,Families with dependent children: Youngest aged 0 to 4,19,19,16,16,0,3,3,0,0,0,0
S01010626,Families with dependent children: Youngest aged 5 to 11,24,22,21,19,2,1,0,1,2,1,1
S01010626,Families with dependent children: Youngest aged 12 to 18,29,22,21,19,2,1,0,1,7,1,6
S01010627,All families in households,193,158,114,109,5,44,39,5,35,7,28
S01010627,Families with no dependent children,119,107,76,75,1,31,31,0,12,3,9
S01010627,Families with dependent children: Total,74,51,38,34,4,13,8,5,23,4,19
S01010627,Families with dependent children: Youngest aged 0 to 4,35,25,17,16,1,8,7,1,10,1,9
S01010627,Families with dependent children: Youngest aged 5 to 11,24,15,12,10,2,3,1,2,9,1,8
S01010627,Families with dependent children: Youngest aged 12 to 18,15,11,9,8,1,2,0,2,4,2,2
S01010628,All families in households,228,182,128,125,3,54,48,6,46,5,41
S01010628,Families with no dependent children,141,119,80,78,2,39,38,1,22,2,20
S01010628,Families with dependent children: Total,87,63,48,47,1,15,10,5,24,3,21
S01010628,Families with dependent children: Youngest aged 0 to 4,31,23,12,12,0,11,8,3,8,0,8
S01010628,Families with dependent children: Youngest aged 5 to 11,26,18,16,16,0,2,1,1,8,2,6
S01010628,Families with dependent children: Youngest aged 12 to 18,30,22,20,19,1,2,1,1,8,1,7
S01010629,All families in households,242,195,161,157,4,34,28,6,47,7,40
S01010629,Families with no dependent children,146,129,108,106,2,21,19,2,17,5,12
S01010629,Families with dependent children: Total,96,66,53,51,2,13,9,4,30,2,28
S01010629,Families with dependent children: Youngest aged 0 to 4,26,21,13,12,1,8,6,2,5,0,5
S01010629,Families with dependent children: Youngest aged 5 to 11,43,30,27,26,1,3,2,1,13,1,12
S01010629,Families with dependent children: Youngest aged 12 to 18,27,15,13,13,0,2,1,1,12,1,11
S01010630,All families in households,162,114,85,81,4,29,27,2,48,5,43
S01010630,Families with no dependent children,87,70,54,53,1,16,16,0,17,4,13
S01010630,Families with dependent children: Total,75,44,31,28,3,13,11,2,31,1,30
S01010630,Families with dependent children: Youngest aged 0 to 4,35,19,8,8,0,11,11,0,16,0,16
S01010630,Families with dependent children: Youngest aged 5 to 11,17,13,11,9,2,2,0,2,4,0,4
S01010630,Families with dependent children: Youngest aged 12 to 18,23,12,12,11,1,0,0,0,11,1,10
S01010631,All families in households,155,122,65,60,5,57,50,7,33,3,30
S01010631,Families with no dependent children,108,96,52,50,2,44,40,4,12,1,11
S01010631,Families with dependent children: Total,47,26,13,10,3,13,10,3,21,2,19
S01010631,Families with dependent children: Youngest aged 0 to 4,22,16,6,5,1,10,9,1,6,0,6
S01010631,Families with dependent children: Youngest aged 5 to 11,14,7,4,2,2,3,1,2,7,1,6
S01010631,Families with dependent children: Youngest aged 12 to 18,11,3,3,3,0,0,0,0,8,1,7
S01010632,All families in households,270,192,138,127,11,54,47,7,78,12,66
S01010632,Families with no dependent children,161,128,97,91,6,31,30,1,33,8,25
S01010632,Families with dependent children: Total,109,64,41,36,5,23,17,6,45,4,41
S01010632,Families with dependent children: Youngest aged 0 to 4,46,31,15,14,1,16,12,4,15,1,14
S01010632,Families with dependent children: Youngest aged 5 to 11,38,17,14,11,3,3,2,1,21,2,19
S01010632,Families with dependent children: Youngest aged 12 to 18,25,16,12,11,1,4,3,1,9,1,8
S01010633,All families in households,271,184,130,121,9,54,41,13,87,13,74
S01010633,Families with no dependent children,135,105,83,81,2,22,21,1,30,8,22
S01010633,Families with dependent children: Total,136,79,47,40,7,32,20,12,57,5,52
S01010633,Families with dependent children: Youngest aged 0 to 4,58,39,19,14,5,20,15,5,19,1,18
S01010633,Families with dependent children: Youngest aged 5 to 11,46,23,16,15,1,7,4,3,23,4,19
S01010633,Families with dependent children: Youngest aged 12 to 18,32,17,12,11,1,5,1,4,15,0,15
S01010634,All families in households,193,135,103,96,7,32,27,5,58,8,50
S01010634,Families with no dependent children,109,76,65,64,1,11,10,1,33,7,26
S01010634,Families with dependent children: Total,84,59,38,32,6,21,17,4,25,1,24
S01010634,Families with dependent children: Youngest aged 0 to 4,40,32,19,17,2,13,11,2,8,0,8
S01010634,Families with dependent children: Youngest aged 5 to 11,19,11,7,7,0,4,4,0,8,0,8
S01010634,Families with dependent children: Youngest aged 12 to 18,25,16,12,8,4,4,2,2,9,1,8
S01010635,All families in households,210,155,117,106,11,38,30,8,55,11,44
S01010635,Families with no dependent children,110,94,73,68,5,21,18,3,16,4,12
S01010635,Families with dependent children: Total,100,61,44,38,6,17,12,5,39,7,32
S01010635,Families with dependent children: Youngest aged 0 to 4,38,26,15,12,3,11,7,4,12,0,12
S01010635,Families with dependent children: Youngest aged 5 to 11,29,18,15,13,2,3,3,0,11,4,7
S01010635,Families with dependent children: Youngest aged 12 to 18,33,17,14,13,1,3,2,1,16,3,13
S01010636,All families in households,238,198,150,144,6,48,44,4,40,14,26
S01010636,Families with no dependent children,152,133,99,97,2,34,34,0,19,8,11
S01010636,Families with dependent children: Total,86,65,51,47,4,14,10,4,21,6,15
S01010636,Families with dependent children: Youngest aged 0 to 4,30,25,18,17,1,7,6,1,5,0,5
S01010636,Families with dependent children: Youngest aged 5 to 11,30,20,15,13,2,5,2,3,10,4,6
S01010636,Families with dependent children: Youngest aged 12 to 18,26,20,18,17,1,2,2,0,6,2,4
S01010637,All families in households,105,86,51,49,2,35,34,1,19,3,16
S01010637,Families with no dependent children,83,69,39,37,2,30,30,0,14,3,11
S01010637,Families with dependent children: Total,22,17,12,12,0,5,4,1,5,0,5
S01010637,Families with dependent children: Youngest aged 0 to 4,12,9,6,6,0,3,3,0,3,0,3
S01010637,Families with dependent children: Youngest aged 5 to 11,6,5,4,4,0,1,1,0,1,0,1
S01010637,Families with dependent children: Youngest aged 12 to 18,4,3,2,2,0,1,0,1,1,0,1
S01010638,All families in households,217,168,128,125,3,40,35,5,49,5,44
S01010638,Families with no dependent children,143,122,97,96,1,25,24,1,21,5,16
S01010638,Families with dependent children: Total,74,46,31,29,2,15,11,4,28,0,28
S01010638,Families with dependent children: Youngest aged 0 to 4,24,20,13,13,0,7,5,2,4,0,4
S01010638,Families with dependent children: Youngest aged 5 to 11,23,12,9,8,1,3,2,1,11,0,11
S01010638,Families with dependent children: Youngest aged 12 to 18,27,14,9,8,1,5,4,1,13,0,13
S01010639,All families in households,319,221,131,121,10,90,77,13,98,9,89
S01010639,Families with no dependent children,178,153,102,96,6,51,49,2,25,3,22
S01010639,Families with dependent children: Total,141,68,29,25,4,39,28,11,73,6,67
S01010639,Families with dependent children: Youngest aged 0 to 4,57,30,11,11,0,19,18,1,27,0,27
S01010639,Families with dependent children: Youngest aged 5 to 11,53,25,9,7,2,16,8,8,28,2,26
S01010639,Families with dependent children: Youngest aged 12 to 18,31,13,9,7,2,4,2,2,18,4,14
S01010640,All families in households,202,157,96,94,2,61,58,3,45,8,37
S01010640,Families with no dependent children,136,122,70,69,1,52,51,1,14,4,10
S01010640,Families with dependent children: Total,66,35,26,25,1,9,7,2,31,4,27
S01010640,Families with dependent children: Youngest aged 0 to 4,26,12,8,7,1,4,4,0,14,1,13
S01010640,Families with dependent children: Youngest aged 5 to 11,22,13,11,11,0,2,2,0,9,1,8
S01010640,Families with dependent children: Youngest aged 12 to 18,18,10,7,7,0,3,1,2,8,2,6
S01010641,All families in households,249,167,83,75,8,84,68,16,82,6,76
S01010641,Families with no dependent children,109,89,43,40,3,46,44,2,20,4,16
S01010641,Families with dependent children: Total,140,78,40,35,5,38,24,14,62,2,60
S01010641,Families with dependent children: Youngest aged 0 to 4,75,48,26,25,1,22,14,8,27,0,27
S01010641,Families with dependent children: Youngest aged 5 to 11,42,16,6,4,2,10,7,3,26,0,26
S01010641,Families with dependent children: Youngest aged 12 to 18,23,14,8,6,2,6,3,3,9,2,7
S01010642,All families in households,281,158,108,101,7,50,38,12,123,15,108
S01010642,Families with no dependent children,116,88,71,68,3,17,14,3,28,10,18
S01010642,Families with dependent children: Total,165,70,37,33,4,33,24,9,95,5,90
S01010642,Families with dependent children: Youngest aged 0 to 4,62,33,16,15,1,17,14,3,29,0,29
S01010642,Families with dependent children: Youngest aged 5 to 11,63,20,13,11,2,7,4,3,43,3,40
S01010642,Families with dependent children: Youngest aged 12 to 18,40,17,8,7,1,9,6,3,23,2,21
S01010643,All families in households,207,124,72,63,9,52,41,11,83,8,75
S01010643,Families with no dependent children,70,55,35,35,0,20,18,2,15,4,11
S01010643,Families with dependent children: Total,137,69,37,28,9,32,23,9,68,4,64
S01010643,Families with dependent children: Youngest aged 0 to 4,61,34,13,11,2,21,16,5,27,1,26
S01010643,Families with dependent children: Youngest aged 5 to 11,51,22,14,9,5,8,5,3,29,2,27
S01010643,Families with dependent children: Youngest aged 12 to 18,25,13,10,8,2,3,2,1,12,1,11
S01010644,All families in households,161,92,58,54,4,34,24,10,69,4,65
S01010644,Families with no dependent children,62,49,38,36,2,11,11,0,13,1,12
S01010644,Families with dependent children: Total,99,43,20,18,2,23,13,10,56,3,53
S01010644,Families with dependent children: Youngest aged 0 to 4,52,26,9,9,0,17,13,4,26,1,25
S01010644,Families with dependent children: Youngest aged 5 to 11,31,11,8,7,1,3,0,3,20,2,18
S01010644,Families with dependent children: Youngest aged 12 to 18,16,6,3,2,1,3,0,3,10,0,10
S01010645,All families in households,152,144,104,100,4,40,36,4,8,1,7
S01010645,Families with no dependent children,101,99,73,71,2,26,26,0,2,0,2
S01010645,Families with dependent children: Total,51,45,31,29,2,14,10,4,6,1,5
S01010645,Families with dependent children: Youngest aged 0 to 4,14,14,7,7,0,7,7,0,0,0,0
S01010645,Families with dependent children: Youngest aged 5 to 11,11,10,6,6,0,4,3,1,1,0,1
S01010645,Families with dependent children: Youngest aged 12 to 18,26,21,18,16,2,3,0,3,5,1,4
S01010646,All families in households,211,187,164,162,2,23,18,5,24,4,20
S01010646,Families with no dependent children,146,136,118,117,1,18,17,1,10,3,7
S01010646,Families with dependent children: Total,65,51,46,45,1,5,1,4,14,1,13
S01010646,Families with dependent children: Youngest aged 0 to 4,21,17,12,12,0,5,1,4,4,0,4
S01010646,Families with dependent children: Youngest aged 5 to 11,18,13,13,13,0,0,0,0,5,0,5
S01010646,Families with dependent children: Youngest aged 12 to 18,26,21,21,20,1,0,0,0,5,1,4
S01010647,All families in households,182,158,127,125,2,31,28,3,24,5,19
S01010647,Families with no dependent children,128,115,92,91,1,23,22,1,13,2,11
S01010647,Families with dependent children: Total,54,43,35,34,1,8,6,2,11,3,8
S01010647,Families with dependent children: Youngest aged 0 to 4,19,15,10,9,1,5,4,1,4,1,3
S01010647,Families with dependent children: Youngest aged 5 to 11,11,11,9,9,0,2,1,1,0,0,0
S01010647,Families with dependent children: Youngest aged 12 to 18,24,17,16,16,0,1,1,0,7,2,5
S01010648,All families in households,192,160,129,121,8,31,31,0,32,6,26
S01010648,Families with no dependent children,127,115,90,87,3,25,25,0,12,4,8
S01010648,Families with dependent children: Total,65,45,39,34,5,6,6,0,20,2,18
S01010648,Families with dependent children: Youngest aged 0 to 4,18,14,10,10,0,4,4,0,4,0,4
S01010648,Families with dependent children: Youngest aged 5 to 11,22,14,12,8,4,2,2,0,8,0,8
S01010648,Families with dependent children: Youngest aged 12 to 18,25,17,17,16,1,0,0,0,8,2,6
S01010649,All families in households,168,150,112,110,2,38,34,4,18,2,16
S01010649,Families with no dependent children,116,107,83,83,0,24,24,0,9,2,7
S01010649,Families with dependent children: Total,52,43,29,27,2,14,10,4,9,0,9
S01010649,Families with dependent children: Youngest aged 0 to 4,26,22,13,13,0,9,7,2,4,0,4
S01010649,Families with dependent children: Youngest aged 5 to 11,12,9,5,4,1,4,2,2,3,0,3
S01010649,Families with dependent children: Youngest aged 12 to 18,14,12,11,10,1,1,1,0,2,0,2
S01010650,All families in households,130,111,83,79,4,28,26,2,19,1,18
S01010650,Families with no dependent children,72,65,48,47,1,17,17,0,7,1,6
S01010650,Families with dependent children: Total,58,46,35,32,3,11,9,2,12,0,12
S01010650,Families with dependent children: Youngest aged 0 to 4,21,20,14,12,2,6,5,1,1,0,1
S01010650,Families with dependent children: Youngest aged 5 to 11,23,15,11,11,0,4,4,0,8,0,8
S01010650,Families with dependent children: Youngest aged 12 to 18,14,11,10,9,1,1,0,1,3,0,3
S01010651,All families in households,194,150,120,115,5,30,26,4,44,6,38
S01010651,Families with no dependent children,126,100,81,79,2,19,18,1,26,5,21
S01010651,Families with dependent children: Total,68,50,39,36,3,11,8,3,18,1,17
S01010651,Families with dependent children: Youngest aged 0 to 4,26,21,13,13,0,8,7,1,5,0,5
S01010651,Families with dependent children: Youngest aged 5 to 11,22,15,13,11,2,2,1,1,7,0,7
S01010651,Families with dependent children: Youngest aged 12 to 18,20,14,13,12,1,1,0,1,6,1,5
S01010652,All families in households,227,186,147,140,7,39,34,5,41,6,35
S01010652,Families with no dependent children,132,119,97,96,1,22,20,2,13,1,12
S01010652,Families with dependent children: Total,95,67,50,44,6,17,14,3,28,5,23
S01010652,Families with dependent children: Youngest aged 0 to 4,33,26,19,16,3,7,7,0,7,2,5
S01010652,Families with dependent children: Youngest aged 5 to 11,30,18,13,11,2,5,3,2,12,1,11
S01010652,Families with dependent children: Youngest aged 12 to 18,32,23,18,17,1,5,4,1,9,2,7
S01010653,All families in households,175,157,114,112,2,43,40,3,18,6,12
S01010653,Families with no dependent children,127,123,90,89,1,33,33,0,4,3,1
S01010653,Families with dependent children: Total,48,34,24,23,1,10,7,3,14,3,11
S01010653,Families with dependent children: Youngest aged 0 to 4,13,11,7,7,0,4,3,1,2,0,2
S01010653,Families with dependent children: Youngest aged 5 to 11,12,10,7,7,0,3,3,0,2,0,2
S01010653,Families with dependent children: Youngest aged 12 to 18,23,13,10,9,1,3,1,2,10,3,7
S01010654,All families in households,210,156,120,114,6,36,31,5,54,8,46
S01010654,Families with no dependent children,122,102,79,76,3,23,21,2,20,3,17
S01010654,Families with dependent children: Total,88,54,41,38,3,13,10,3,34,5,29
S01010654,Families with dependent children: Youngest aged 0 to 4,38,26,16,14,2,10,7,3,12,2,10
S01010654,Families with dependent children: Youngest aged 5 to 11,25,14,12,11,1,2,2,0,11,1,10
S01010654,Families with dependent children: Youngest aged 12 to 18,25,14,13,13,0,1,1,0,11,2,9
S01010655,All families in households,271,248,207,203,4,41,32,9,23,10,13
S01010655,Families with no dependent children,166,158,133,133,0,25,22,3,8,4,4
S01010655,Families with dependent children: Total,105,90,74,70,4,16,10,6,15,6,9
S01010655,Families with dependent children: Youngest aged 0 to 4,38,36,29,26,3,7,7,0,2,0,2
S01010655,Families with dependent children: Youngest aged 5 to 11,41,33,27,27,0,6,3,3,8,4,4
S01010655,Families with dependent children: Youngest aged 12 to 18,26,21,18,17,1,3,0,3,5,2,3
S01010656,All families in households,151,118,100,97,3,18,14,4,33,7,26
S01010656,Families with no dependent children,79,70,59,58,1,11,11,0,9,1,8
S01010656,Families with dependent children: Total,72,48,41,39,2,7,3,4,24,6,18
S01010656,Families with dependent children: Youngest aged 0 to 4,30,19,16,16,0,3,2,1,11,3,8
S01010656,Families with dependent children: Youngest aged 5 to 11,26,20,18,17,1,2,1,1,6,0,6
S01010656,Families with dependent children: Youngest aged 12 to 18,16,9,7,6,1,2,0,2,7,3,4
S01010657,All families in households,211,196,171,169,2,25,23,2,15,2,13
S01010657,Families with no dependent children,145,139,121,119,2,18,17,1,6,0,6
S01010657,Families with dependent children: Total,66,57,50,50,0,7,6,1,9,2,7
S01010657,Families with dependent children: Youngest aged 0 to 4,20,17,15,15,0,2,2,0,3,1,2
S01010657,Families with dependent children: Youngest aged 5 to 11,27,22,19,19,0,3,3,0,5,1,4
S01010657,Families with dependent children: Youngest aged 12 to 18,19,18,16,16,0,2,1,1,1,0,1
S01010658,All families in households,228,202,174,171,3,28,23,5,26,12,14
S01010658,Families with no dependent children,150,140,124,123,1,16,15,1,10,8,2
S01010658,Families with dependent children: Total,78,62,50,48,2,12,8,4,16,4,12
S01010658,Families with dependent children: Youngest aged 0 to 4,28,23,16,16,0,7,5,2,5,1,4
S01010658,Families with dependent children: Youngest aged 5 to 11,23,18,17,16,1,1,1,0,5,1,4
S01010658,Families with dependent children: Youngest aged 12 to 18,27,21,17,16,1,4,2,2,6,2,4
S01010659,All families in households,210,187,162,161,1,25,22,3,23,5,18
S01010659,Families with no dependent children,148,136,118,118,0,18,18,0,12,1,11
S01010659,Families with dependent children: Total,62,51,44,43,1,7,4,3,11,4,7
S01010659,Families with dependent children: Youngest aged 0 to 4,18,16,13,13,0,3,3,0,2,0,2
S01010659,Families with dependent children: Youngest aged 5 to 11,25,20,18,17,1,2,1,1,5,4,1
S01010659,Families with dependent children: Youngest aged 12 to 18,19,15,13,13,0,2,0,2,4,0,4
S01010660,All families in households,177,140,113,109,4,27,20,7,37,6,31
S01010660,Families with no dependent children,105,87,75,74,1,12,12,0,18,6,12
S01010660,Families with dependent children: Total,72,53,38,35,3,15,8,7,19,0,19
S01010660,Families with dependent children: Youngest aged 0 to 4,29,22,14,13,1,8,6,2,7,0,7
S01010660,Families with dependent children: Youngest aged 5 to 11,22,18,13,11,2,5,2,3,4,0,4
S01010660,Families with dependent children: Youngest aged 12 to 18,21,13,11,11,0,2,0,2,8,0,8
S01010661,All families in households,164,138,93,90,3,45,38,7,26,4,22
S01010661,Families with no dependent children,121,111,81,80,1,30,29,1,10,4,6
S01010661,Families with dependent children: Total,43,27,12,10,2,15,9,6,16,0,16
S01010661,Families with dependent children: Youngest aged 0 to 4,16,11,6,4,2,5,5,0,5,0,5
S01010661,Families with dependent children: Youngest aged 5 to 11,16,11,4,4,0,7,3,4,5,0,5
S01010661,Families with dependent children: Youngest aged 12 to 18,11,5,2,2,0,3,1,2,6,0,6
S01010662,All families in households,234,201,175,169,6,26,18,8,33,3,30
S01010662,Families with no dependent children,141,130,118,115,3,12,11,1,11,1,10
S01010662,Families with dependent children: Total,93,71,57,54,3,14,7,7,22,2,20
S01010662,Families with dependent children: Youngest aged 0 to 4,30,24,19,16,3,5,3,2,6,1,5
S01010662,Families with dependent children: Youngest aged 5 to 11,28,22,16,16,0,6,1,5,6,0,6
S01010662,Families with dependent children: Youngest aged 12 to 18,35,25,22,22,0,3,3,0,10,1,9
S01010663,All families in households,302,276,252,244,8,24,20,4,26,5,21
S01010663,Families with no dependent children,203,189,173,170,3,16,15,1,14,2,12
S01010663,Families with dependent children: Total,99,87,79,74,5,8,5,3,12,3,9
S01010663,Families with dependent children: Youngest aged 0 to 4,35,33,30,28,2,3,3,0,2,0,2
S01010663,Families with dependent children: Youngest aged 5 to 11,35,29,25,24,1,4,2,2,6,3,3
S01010663,Families with dependent children: Youngest aged 12 to 18,29,25,24,22,2,1,0,1,4,0,4
S01010664,All families in households,259,237,195,190,5,42,34,8,22,4,18
S01010664,Families with no dependent children,168,158,129,129,0,29,27,2,10,4,6
S01010664,Families with dependent children: Total,91,79,66,61,5,13,7,6,12,0,12
S01010664,Families with dependent children: Youngest aged 0 to 4,29,27,21,20,1,6,5,1,2,0,2
S01010664,Families with dependent children: Youngest aged 5 to 11,30,25,19,19,0,6,1,5,5,0,5
S01010664,Families with dependent children: Youngest aged 12 to 18,32,27,26,22,4,1,1,0,5,0,5
S01010665,All families in households,288,246,201,193,8,45,41,4,42,7,35
S01010665,Families with no dependent children,186,174,141,139,2,33,32,1,12,3,9
S01010665,Families with dependent children: Total,102,72,60,54,6,12,9,3,30,4,26
S01010665,Families with dependent children: Youngest aged 0 to 4,33,24,17,15,2,7,5,2,9,0,9
S01010665,Families with dependent children: Youngest aged 5 to 11,39,27,25,21,4,2,2,0,12,1,11
S01010665,Families with dependent children: Youngest aged 12 to 18,30,21,18,18,0,3,2,1,9,3,6
S01010666,All families in households,279,243,195,186,9,48,39,9,36,3,33
S01010666,Families with no dependent children,153,142,123,121,2,19,19,0,11,0,11
S01010666,Families with dependent children: Total,126,101,72,65,7,29,20,9,25,3,22
S01010666,Families with dependent children: Youngest aged 0 to 4,34,29,14,13,1,15,13,2,5,1,4
S01010666,Families with dependent children: Youngest aged 5 to 11,45,40,30,28,2,10,7,3,5,0,5
S01010666,Families with dependent children: Youngest aged 12 to 18,47,32,28,24,4,4,0,4,15,2,13
S01010667,All families in households,212,197,166,159,7,31,21,10,15,2,13
S01010667,Families with no dependent children,124,117,98,96,2,19,17,2,7,1,6
S01010667,Families with dependent children: Total,88,80,68,63,5,12,4,8,8,1,7
S01010667,Families with dependent children: Youngest aged 0 to 4,25,23,17,14,3,6,2,4,2,0,2
S01010667,Families with dependent children: Youngest aged 5 to 11,33,30,26,24,2,4,1,3,3,0,3
S01010667,Families with dependent children: Youngest aged 12 to 18,30,27,25,25,0,2,1,1,3,1,2
S01010668,All families in households,338,312,248,242,6,64,52,12,26,4,22
S01010668,Families with no dependent children,238,225,185,184,1,40,35,5,13,2,11
S01010668,Families with dependent children: Total,100,87,63,58,5,24,17,7,13,2,11
S01010668,Families with dependent children: Youngest aged 0 to 4,34,30,18,16,2,12,11,1,4,0,4
S01010668,Families with dependent children: Youngest aged 5 to 11,31,28,19,17,2,9,5,4,3,0,3
S01010668,Families with dependent children: Youngest aged 12 to 18,35,29,26,25,1,3,1,2,6,2,4
S01010669,All families in households,171,156,127,120,7,29,25,4,15,4,11
S01010669,Families with no dependent children,114,107,89,85,4,18,16,2,7,2,5
S01010669,Families with dependent children: Total,57,49,38,35,3,11,9,2,8,2,6
S01010669,Families with dependent children: Youngest aged 0 to 4,15,13,6,5,1,7,6,1,2,1,1
S01010669,Families with dependent children: Youngest aged 5 to 11,25,22,19,17,2,3,2,1,3,0,3
S01010669,Families with dependent children: Youngest aged 12 to 18,17,14,13,13,0,1,1,0,3,1,2
S01010670,All families in households,213,184,154,147,7,30,29,1,29,7,22
S01010670,Families with no dependent children,135,123,102,101,1,21,21,0,12,2,10
S01010670,Families with dependent children: Total,78,61,52,46,6,9,8,1,17,5,12
S01010670,Families with dependent children: Youngest aged 0 to 4,16,15,13,11,2,2,2,0,1,0,1
S01010670,Families with dependent children: Youngest aged 5 to 11,32,25,18,16,2,7,6,1,7,1,6
S01010670,Families with dependent children: Youngest aged 12 to 18,30,21,21,19,2,0,0,0,9,4,5
S01010671,All families in households,223,184,158,152,6,26,22,4,39,3,36
S01010671,Families with no dependent children,143,128,112,112,0,16,15,1,15,2,13
S01010671,Families with dependent children: Total,80,56,46,40,6,10,7,3,24,1,23
S01010671,Families with dependent children: Youngest aged 0 to 4,28,16,13,12,1,3,2,1,12,0,12
S01010671,Families with dependent children: Youngest aged 5 to 11,25,19,14,13,1,5,4,1,6,0,6
S01010671,Families with dependent children: Youngest aged 12 to 18,27,21,19,15,4,2,1,1,6,1,5
S01010672,All families in households,188,129,105,102,3,24,22,2,59,11,48
S01010672,Families with no dependent children,105,88,73,72,1,15,15,0,17,2,15
S01010672,Families with dependent children: Total,83,41,32,30,2,9,7,2,42,9,33
S01010672,Families with dependent children: Youngest aged 0 to 4,20,11,8,7,1,3,2,1,9,1,8
S01010672,Families with dependent children: Youngest aged 5 to 11,30,21,15,15,0,6,5,1,9,3,6
S01010672,Families with dependent children: Youngest aged 12 to 18,33,9,9,8,1,0,0,0,24,5,19
S01010673,All families in households,263,227,170,164,6,57,51,6,36,12,24
S01010673,Families with no dependent children,179,166,125,122,3,41,40,1,13,5,8
S01010673,Families with dependent children: Total,84,61,45,42,3,16,11,5,23,7,16
S01010673,Families with dependent children: Youngest aged 0 to 4,27,22,16,14,2,6,5,1,5,0,5
S01010673,Families with dependent children: Youngest aged 5 to 11,33,23,16,15,1,7,4,3,10,3,7
S01010673,Families with dependent children: Youngest aged 12 to 18,24,16,13,13,0,3,2,1,8,4,4
S01010674,All families in households,277,238,198,192,6,40,29,11,39,5,34
S01010674,Families with no dependent children,165,153,136,134,2,17,16,1,12,5,7
S01010674,Families with dependent children: Total,112,85,62,58,4,23,13,10,27,0,27
S01010674,Families with dependent children: Youngest aged 0 to 4,42,35,22,21,1,13,11,2,7,0,7
S01010674,Families with dependent children: Youngest aged 5 to 11,44,29,24,21,3,5,2,3,15,0,15
S01010674,Families with dependent children: Youngest aged 12 to 18,26,21,16,16,0,5,0,5,5,0,5
S01010675,All families in households,205,185,154,147,7,31,27,4,20,3,17
S01010675,Families with no dependent children,143,133,116,114,2,17,16,1,10,2,8
S01010675,Families with dependent children: Total,62,52,38,33,5,14,11,3,10,1,9
S01010675,Families with dependent children: Youngest aged 0 to 4,23,19,12,10,2,7,5,2,4,0,4
S01010675,Families with dependent children: Youngest aged 5 to 11,21,18,13,12,1,5,5,0,3,0,3
S01010675,Families with dependent children: Youngest aged 12 to 18,18,15,13,11,2,2,1,1,3,1,2
S01010676,All families in households,260,228,196,189,7,32,31,1,32,10,22
S01010676,Families with no dependent children,181,164,142,140,2,22,21,1,17,6,11
S01010676,Families with dependent children: Total,79,64,54,49,5,10,10,0,15,4,11
S01010676,Families with dependent children: Youngest aged 0 to 4,34,30,22,20,2,8,8,0,4,1,3
S01010676,Families with dependent children: Youngest aged 5 to 11,30,24,22,20,2,2,2,0,6,0,6
S01010676,Families with dependent children: Youngest aged 12 to 18,15,10,10,9,1,0,0,0,5,3,2
S01010677,All families in households,161,139,128,125,3,11,8,3,22,6,16
S01010677,Families with no dependent children,111,104,98,97,1,6,4,2,7,4,3
S01010677,Families with dependent children: Total,50,35,30,28,2,5,4,1,15,2,13
S01010677,Families with dependent children: Youngest aged 0 to 4,14,10,9,9,0,1,1,0,4,0,4
S01010677,Families with dependent children: Youngest aged 5 to 11,11,7,5,4,1,2,2,0,4,1,3
S01010677,Families with dependent children: Youngest aged 12 to 18,25,18,16,15,1,2,1,1,7,1,6
S01010678,All families in households,186,161,147,146,1,14,13,1,25,5,20
S01010678,Families with no dependent children,127,109,98,98,0,11,11,0,18,5,13
S01010678,Families with dependent children: Total,59,52,49,48,1,3,2,1,7,0,7
S01010678,Families with dependent children: Youngest aged 0 to 4,13,13,11,11,0,2,1,1,0,0,0
S01010678,Families with dependent children: Youngest aged 5 to 11,24,22,22,21,1,0,0,0,2,0,2
S01010678,Families with dependent children: Youngest aged 12 to 18,22,17,16,16,0,1,1,0,5,0,5
S01010679,All families in households,160,133,111,108,3,22,20,2,27,0,27
S01010679,Families with no dependent children,111,100,83,82,1,17,17,0,11,0,11
S01010679,Families with dependent children: Total,49,33,28,26,2,5,3,2,16,0,16
S01010679,Families with dependent children: Youngest aged 0 to 4,17,14,12,12,0,2,1,1,3,0,3
S01010679,Families with dependent children: Youngest aged 5 to 11,14,10,8,8,0,2,1,1,4,0,4
S01010679,Families with dependent children: Youngest aged 12 to 18,18,9,8,6,2,1,1,0,9,0,9
S01010680,All families in households,176,136,110,107,3,26,23,3,40,5,35
S01010680,Families with no dependent children,112,99,79,78,1,20,19,1,13,3,10
S01010680,Families with dependent children: Total,64,37,31,29,2,6,4,2,27,2,25
S01010680,Families with dependent children: Youngest aged 0 to 4,22,14,10,10,0,4,3,1,8,0,8
S01010680,Families with dependent children: Youngest aged 5 to 11,20,8,7,7,0,1,1,0,12,1,11
S01010680,Families with dependent children: Youngest aged 12 to 18,22,15,14,12,2,1,0,1,7,1,6
S01010681,All families in households,290,226,163,153,10,63,50,13,64,4,60
S01010681,Families with no dependent children,128,111,78,78,0,33,30,3,17,2,15
S01010681,Families with dependent children: Total,162,115,85,75,10,30,20,10,47,2,45
S01010681,Families with dependent children: Youngest aged 0 to 4,68,53,38,33,5,15,13,2,15,0,15
S01010681,Families with dependent children: Youngest aged 5 to 11,51,29,25,23,2,4,4,0,22,1,21
S01010681,Families with dependent children: Youngest aged 12 to 18,43,33,22,19,3,11,3,8,10,1,9
S01010682,All families in households,297,270,242,235,7,28,25,3,27,1,26
S01010682,Families with no dependent children,190,179,162,158,4,17,16,1,11,1,10
S01010682,Families with dependent children: Total,107,91,80,77,3,11,9,2,16,0,16
S01010682,Families with dependent children: Youngest aged 0 to 4,42,39,33,33,0,6,6,0,3,0,3
S01010682,Families with dependent children: Youngest aged 5 to 11,41,32,28,27,1,4,3,1,9,0,9
S01010682,Families with dependent children: Youngest aged 12 to 18,24,20,19,17,2,1,0,1,4,0,4
S01010683,All families in households,295,271,228,224,4,43,42,1,24,5,19
S01010683,Families with no dependent children,206,189,159,159,0,30,30,0,17,3,14
S01010683,Families with dependent children: Total,89,82,69,65,4,13,12,1,7,2,5
S01010683,Families with dependent children: Youngest aged 0 to 4,41,40,30,29,1,10,9,1,1,0,1
S01010683,Families with dependent children: Youngest aged 5 to 11,22,21,20,18,2,1,1,0,1,0,1
S01010683,Families with dependent children: Youngest aged 12 to 18,26,21,19,18,1,2,2,0,5,2,3
S01010684,All families in households,249,225,200,194,6,25,21,4,24,8,16
S01010684,Families with no dependent children,185,176,157,155,2,19,17,2,9,1,8
S01010684,Families with dependent children: Total,64,49,43,39,4,6,4,2,15,7,8
S01010684,Families with dependent children: Youngest aged 0 to 4,11,10,6,6,0,4,4,0,1,0,1
S01010684,Families with dependent children: Youngest aged 5 to 11,34,25,23,20,3,2,0,2,9,5,4
S01010684,Families with dependent children: Youngest aged 12 to 18,19,14,14,13,1,0,0,0,5,2,3
S01010685,All families in households,195,178,146,140,6,32,26,6,17,6,11
S01010685,Families with no dependent children,144,139,120,118,2,19,17,2,5,2,3
S01010685,Families with dependent children: Total,51,39,26,22,4,13,9,4,12,4,8
S01010685,Families with dependent children: Youngest aged 0 to 4,18,14,10,9,1,4,2,2,4,0,4
S01010685,Families with dependent children: Youngest aged 5 to 11,13,12,7,5,2,5,4,1,1,0,1
S01010685,Families with dependent children: Youngest aged 12 to 18,20,13,9,8,1,4,3,1,7,4,3
S01010686,All families in households,213,184,158,155,3,26,25,1,29,5,24
S01010686,Families with no dependent children,137,124,105,104,1,19,19,0,13,2,11
S01010686,Families with dependent children: Total,76,60,53,51,2,7,6,1,16,3,13
S01010686,Families with dependent children: Youngest aged 0 to 4,15,14,9,9,0,5,4,1,1,0,1
S01010686,Families with dependent children: Youngest aged 5 to 11,35,26,25,24,1,1,1,0,9,0,9
S01010686,Families with dependent children: Youngest aged 12 to 18,26,20,19,18,1,1,1,0,6,3,3
S01010687,All families in households,239,217,184,178,6,33,30,3,22,5,17
S01010687,Families with no dependent children,154,148,130,127,3,18,18,0,6,3,3
S01010687,Families with dependent children: Total,85,69,54,51,3,15,12,3,16,2,14
S01010687,Families with dependent children: Youngest aged 0 to 4,32,27,19,19,0,8,7,1,5,0,5
S01010687,Families with dependent children: Youngest aged 5 to 11,33,27,22,20,2,5,4,1,6,1,5
S01010687,Families with dependent children: Youngest aged 12 to 18,20,15,13,12,1,2,1,1,5,1,4
S01010688,All families in households,207,180,142,141,1,38,33,5,27,6,21
S01010688,Families with no dependent children,145,127,101,101,0,26,26,0,18,6,12
S01010688,Families with dependent children: Total,62,53,41,40,1,12,7,5,9,0,9
S01010688,Families with dependent children: Youngest aged 0 to 4,21,19,15,14,1,4,3,1,2,0,2
S01010688,Families with dependent children: Youngest aged 5 to 11,20,17,14,14,0,3,2,1,3,0,3
S01010688,Families with dependent children: Youngest aged 12 to 18,21,17,12,12,0,5,2,3,4,0,4
S01010689,All families in households,245,225,191,190,1,34,29,5,20,3,17
S01010689,Families with no dependent children,193,183,163,163,0,20,20,0,10,0,10
S01010689,Families with dependent children: Total,52,42,28,27,1,14,9,5,10,3,7
S01010689,Families with dependent children: Youngest aged 0 to 4,20,20,12,12,0,8,6,2,0,0,0
S01010689,Families with dependent children: Youngest aged 5 to 11,14,9,7,7,0,2,1,1,5,2,3
S01010689,Families with dependent children: Youngest aged 12 to 18,18,13,9,8,1,4,2,2,5,1,4
S01010690,All families in households,178,149,112,107,5,37,31,6,29,5,24
S01010690,Families with no dependent children,101,91,70,69,1,21,20,1,10,5,5
S01010690,Families with dependent children: Total,77,58,42,38,4,16,11,5,19,0,19
S01010690,Families with dependent children: Youngest aged 0 to 4,25,21,10,9,1,11,8,3,4,0,4
S01010690,Families with dependent children: Youngest aged 5 to 11,27,19,15,13,2,4,3,1,8,0,8
S01010690,Families with dependent children: Youngest aged 12 to 18,25,18,17,16,1,1,0,1,7,0,7
S01010691,All families in households,238,213,175,172,3,38,32,6,25,10,15
S01010691,Families with no dependent children,162,151,129,129,0,22,21,1,11,3,8
S01010691,Families with dependent children: Total,76,62,46,43,3,16,11,5,14,7,7
S01010691,Families with dependent children: Youngest aged 0 to 4,22,20,12,12,0,8,6,2,2,0,2
S01010691,Families with dependent children: Youngest aged 5 to 11,28,24,18,17,1,6,4,2,4,0,4
S01010691,Families with dependent children: Youngest aged 12 to 18,26,18,16,14,2,2,1,1,8,7,1
S01010692,All families in households,209,173,134,128,6,39,32,7,36,4,32
S01010692,Families with no dependent children,109,98,81,79,2,17,16,1,11,0,11
S01010692,Families with dependent children: Total,100,75,53,49,4,22,16,6,25,4,21
S01010692,Families with dependent children: Youngest aged 0 to 4,39,33,18,17,1,15,13,2,6,1,5
S01010692,Families with dependent children: Youngest aged 5 to 11,29,22,19,17,2,3,2,1,7,0,7
S01010692,Families with dependent children: Youngest aged 12 to 18,32,20,16,15,1,4,1,3,12,3,9
S01010693,All families in households,145,135,122,116,6,13,12,1,10,2,8
S01010693,Families with no dependent children,100,96,88,86,2,8,8,0,4,2,2
S01010693,Families with dependent children: Total,45,39,34,30,4,5,4,1,6,0,6
S01010693,Families with dependent children: Youngest aged 0 to 4,8,8,7,5,2,1,1,0,0,0,0
S01010693,Families with dependent children: Youngest aged 5 to 11,20,18,16,16,0,2,2,0,2,0,2
S01010693,Families with dependent children: Youngest aged 12 to 18,17,13,11,9,2,2,1,1,4,0,4
S01010694,All families in households,176,159,141,136,5,18,17,1,17,7,10
S01010694,Families with no dependent children,131,123,108,107,1,15,14,1,8,4,4
S01010694,Families with dependent children: Total,45,36,33,29,4,3,3,0,9,3,6
S01010694,Families with dependent children: Youngest aged 0 to 4,8,8,7,5,2,1,1,0,0,0,0
S01010694,Families with dependent children: Youngest aged 5 to 11,17,13,12,11,1,1,1,0,4,2,2
S01010694,Families with dependent children: Youngest aged 12 to 18,20,15,14,13,1,1,1,0,5,1,4
S01010695,All families in households,220,201,171,169,2,30,25,5,19,3,16
S01010695,Families with no dependent children,152,147,126,125,1,21,18,3,5,2,3
S01010695,Families with dependent children: Total,68,54,45,44,1,9,7,2,14,1,13
S01010695,Families with dependent children: Youngest aged 0 to 4,26,18,12,11,1,6,6,0,8,0,8
S01010695,Families with dependent children: Youngest aged 5 to 11,18,14,12,12,0,2,1,1,4,1,3
S01010695,Families with dependent children: Youngest aged 12 to 18,24,22,21,21,0,1,0,1,2,0,2
S01010696,All families in households,288,254,200,193,7,54,41,13,34,4,30
S01010696,Families with no dependent children,173,164,128,124,4,36,32,4,9,1,8
S01010696,Families with dependent children: Total,115,90,72,69,3,18,9,9,25,3,22
S01010696,Families with dependent children: Youngest aged 0 to 4,39,31,21,21,0,10,5,5,8,0,8
S01010696,Families with dependent children: Youngest aged 5 to 11,45,32,27,26,1,5,2,3,13,2,11
S01010696,Families with dependent children: Youngest aged 12 to 18,31,27,24,22,2,3,2,1,4,1,3
S01010697,All families in households,327,295,250,241,9,45,37,8,32,4,28
S01010697,Families with no dependent children,198,187,168,164,4,19,18,1,11,0,11
S01010697,Families with dependent children: Total,129,108,82,77,5,26,19,7,21,4,17
S01010697,Families with dependent children: Youngest aged 0 to 4,43,39,23,22,1,16,13,3,4,0,4
S01010697,Families with dependent children: Youngest aged 5 to 11,42,36,29,29,0,7,5,2,6,0,6
S01010697,Families with dependent children: Youngest aged 12 to 18,44,33,30,26,4,3,1,2,11,4,7
S01010698,All families in households,230,185,149,143,6,36,30,6,45,9,36
S01010698,Families with no dependent children,142,132,111,108,3,21,19,2,10,2,8
S01010698,Families with dependent children: Total,88,53,38,35,3,15,11,4,35,7,28
S01010698,Families with dependent children: Youngest aged 0 to 4,23,13,9,8,1,4,3,1,10,0,10
S01010698,Families with dependent children: Youngest aged 5 to 11,42,24,18,16,2,6,4,2,18,6,12
S01010698,Families with dependent children: Youngest aged 12 to 18,23,16,11,11,0,5,4,1,7,1,6
S01010699,All families in households,184,168,136,127,9,32,26,6,16,5,11
S01010699,Families with no dependent children,115,107,91,89,2,16,15,1,8,3,5
S01010699,Families with dependent children: Total,69,61,45,38,7,16,11,5,8,2,6
S01010699,Families with dependent children: Youngest aged 0 to 4,25,24,13,11,2,11,8,3,1,0,1
S01010699,Families with dependent children: Youngest aged 5 to 11,27,24,19,16,3,5,3,2,3,1,2
S01010699,Families with dependent children: Youngest aged 12 to 18,17,13,13,11,2,0,0,0,4,1,3
S01010700,All families in households,189,171,151,148,3,20,16,4,18,8,10
S01010700,Families with no dependent children,119,110,98,97,1,12,12,0,9,5,4
S01010700,Families with dependent children: Total,70,61,53,51,2,8,4,4,9,3,6
S01010700,Families with dependent children: Youngest aged 0 to 4,28,25,21,21,0,4,2,2,3,1,2
S01010700,Families with dependent children: Youngest aged 5 to 11,21,17,15,15,0,2,1,1,4,2,2
S01010700,Families with dependent children: Youngest aged 12 to 18,21,19,17,15,2,2,1,1,2,0,2
S01010701,All families in households,318,270,206,199,7,64,53,11,48,4,44
S01010701,Families with no dependent children,181,165,130,127,3,35,33,2,16,2,14
S01010701,Families with dependent children: Total,137,105,76,72,4,29,20,9,32,2,30
S01010701,Families with dependent children: Youngest aged 0 to 4,53,43,23,22,1,20,17,3,10,1,9
S01010701,Families with dependent children: Youngest aged 5 to 11,42,34,27,27,0,7,2,5,8,1,7
S01010701,Families with dependent children: Youngest aged 12 to 18,42,28,26,23,3,2,1,1,14,0,14
S01010702,All families in households,317,297,251,247,4,46,44,2,20,6,14
S01010702,Families with no dependent children,234,222,192,190,2,30,30,0,12,5,7
S01010702,Families with dependent children: Total,83,75,59,57,2,16,14,2,8,1,7
S01010702,Families with dependent children: Youngest aged 0 to 4,26,26,18,17,1,8,7,1,0,0,0
S01010702,Families with dependent children: Youngest aged 5 to 11,25,18,14,14,0,4,4,0,7,1,6
S01010702,Families with dependent children: Youngest aged 12 to 18,32,31,27,26,1,4,3,1,1,0,1
S01010703,All families in households,271,245,211,208,3,34,27,7,26,5,21
S01010703,Families with no dependent children,187,172,150,149,1,22,20,2,15,4,11
S01010703,Families with dependent children: Total,84,73,61,59,2,12,7,5,11,1,10
S01010703,Families with dependent children: Youngest aged 0 to 4,21,18,13,12,1,5,4,1,3,1,2
S01010703,Families with dependent children: Youngest aged 5 to 11,35,28,25,24,1,3,1,2,7,0,7
S01010703,Families with dependent children: Youngest aged 12 to 18,28,27,23,23,0,4,2,2,1,0,1
S01010704,All families in households,192,161,137,130,7,24,19,5,31,8,23
S01010704,Families with no dependent children,115,109,96,95,1,13,13,0,6,2,4
S01010704,Families with dependent children: Total,77,52,41,35,6,11,6,5,25,6,19
S01010704,Families with dependent children: Youngest aged 0 to 4,24,17,14,11,3,3,2,1,7,3,4
S01010704,Families with dependent children: Youngest aged 5 to 11,33,24,19,17,2,5,4,1,9,2,7
S01010704,Families with dependent children: Youngest aged 12 to 18,20,11,8,7,1,3,0,3,9,1,8
S01010705,All families in households,346,295,234,224,10,61,51,10,51,8,43
S01010705,Families with no dependent children,198,180,146,144,2,34,32,2,18,6,12
S01010705,Families with dependent children: Total,148,115,88,80,8,27,19,8,33,2,31
S01010705,Families with dependent children: Youngest aged 0 to 4,63,52,36,34,2,16,13,3,11,0,11
S01010705,Families with dependent children: Youngest aged 5 to 11,45,32,24,21,3,8,5,3,13,0,13
S01010705,Families with dependent children: Youngest aged 12 to 18,40,31,28,25,3,3,1,2,9,2,7
S01010706,All families in households,206,162,129,121,8,33,28,5,44,7,37
S01010706,Families with no dependent children,113,102,85,81,4,17,17,0,11,4,7
S01010706,Families with dependent children: Total,93,60,44,40,4,16,11,5,33,3,30
S01010706,Families with dependent children: Youngest aged 0 to 4,50,32,20,18,2,12,10,2,18,1,17
S01010706,Families with dependent children: Youngest aged 5 to 11,21,9,7,7,0,2,1,1,12,2,10
S01010706,Families with dependent children: Youngest aged 12 to 18,22,19,17,15,2,2,0,2,3,0,3
S01010707,All families in households,214,204,176,174,2,28,25,3,10,1,9
S01010707,Families with no dependent children,153,147,124,123,1,23,20,3,6,0,6
S01010707,Families with dependent children: Total,61,57,52,51,1,5,5,0,4,1,3
S01010707,Families with dependent children: Youngest aged 0 to 4,20,18,15,14,1,3,3,0,2,0,2
S01010707,Families with dependent children: Youngest aged 5 to 11,14,14,14,14,0,0,0,0,0,0,0
S01010707,Families with dependent children: Youngest aged 12 to 18,27,25,23,23,0,2,2,0,2,1,1
S01010708,All families in households,164,130,102,99,3,28,24,4,34,6,28
S01010708,Families with no dependent children,106,88,72,71,1,16,16,0,18,2,16
S01010708,Families with dependent children: Total,58,42,30,28,2,12,8,4,16,4,12
S01010708,Families with dependent children: Youngest aged 0 to 4,19,14,11,11,0,3,3,0,5,0,5
S01010708,Families with dependent children: Youngest aged 5 to 11,23,15,8,6,2,7,3,4,8,3,5
S01010708,Families with dependent children: Youngest aged 12 to 18,16,13,11,11,0,2,2,0,3,1,2
S01010709,All families in households,227,196,157,149,8,39,35,4,31,1,30
S01010709,Families with no dependent children,128,118,91,91,0,27,26,1,10,0,10
S01010709,Families with dependent children: Total,99,78,66,58,8,12,9,3,21,1,20
S01010709,Families with dependent children: Youngest aged 0 to 4,35,32,25,22,3,7,6,1,3,0,3
S01010709,Families with dependent children: Youngest aged 5 to 11,33,24,21,19,2,3,3,0,9,0,9
S01010709,Families with dependent children: Youngest aged 12 to 18,31,22,20,17,3,2,0,2,9,1,8
S01010710,All families in households,232,171,133,128,5,38,29,9,61,4,57
S01010710,Families with no dependent children,140,115,98,98,0,17,15,2,25,3,22
S01010710,Families with dependent children: Total,92,56,35,30,5,21,14,7,36,1,35
S01010710,Families with dependent children: Youngest aged 0 to 4,42,32,16,15,1,16,12,4,10,0,10
S01010710,Families with dependent children: Youngest aged 5 to 11,20,5,2,2,0,3,2,1,15,0,15
S01010710,Families with dependent children: Youngest aged 12 to 18,30,19,17,13,4,2,0,2,11,1,10
S01010711,All families in households,238,219,201,192,9,18,14,4,19,1,18
S01010711,Families with no dependent children,147,140,128,125,3,12,11,1,7,0,7
S01010711,Families with dependent children: Total,91,79,73,67,6,6,3,3,12,1,11
S01010711,Families with dependent children: Youngest aged 0 to 4,32,27,24,23,1,3,2,1,5,0,5
S01010711,Families with dependent children: Youngest aged 5 to 11,38,35,33,29,4,2,1,1,3,1,2
S01010711,Families with dependent children: Youngest aged 12 to 18,21,17,16,15,1,1,0,1,4,0,4
S01010712,All families in households,210,166,127,119,8,39,32,7,44,4,40
S01010712,Families with no dependent children,108,94,73,72,1,21,17,4,14,3,11
S01010712,Families with dependent children: Total,102,72,54,47,7,18,15,3,30,1,29
S01010712,Families with dependent children: Youngest aged 0 to 4,25,21,14,11,3,7,5,2,4,0,4
S01010712,Families with dependent children: Youngest aged 5 to 11,43,28,19,16,3,9,8,1,15,1,14
S01010712,Families with dependent children: Youngest aged 12 to 18,34,23,21,20,1,2,2,0,11,0,11
S01010713,All families in households,244,195,137,129,8,58,47,11,49,4,45
S01010713,Families with no dependent children,143,123,93,91,2,30,29,1,20,0,20
S01010713,Families with dependent children: Total,101,72,44,38,6,28,18,10,29,4,25
S01010713,Families with dependent children: Youngest aged 0 to 4,42,32,19,16,3,13,8,5,10,1,9
S01010713,Families with dependent children: Youngest aged 5 to 11,35,26,14,12,2,12,8,4,9,2,7
S01010713,Families with dependent children: Youngest aged 12 to 18,24,14,11,10,1,3,2,1,10,1,9
S01010714,All families in households,201,140,96,92,4,44,38,6,61,3,58
S01010714,Families with no dependent children,115,94,67,67,0,27,25,2,21,3,18
S01010714,Families with dependent children: Total,86,46,29,25,4,17,13,4,40,0,40
S01010714,Families with dependent children: Youngest aged 0 to 4,38,17,8,7,1,9,9,0,21,0,21
S01010714,Families with dependent children: Youngest aged 5 to 11,30,21,14,13,1,7,4,3,9,0,9
S01010714,Families with dependent children: Youngest aged 12 to 18,18,8,7,5,2,1,0,1,10,0,10
S01010715,All families in households,209,161,126,120,6,35,32,3,48,8,40
S01010715,Families with no dependent children,138,115,96,95,1,19,18,1,23,6,17
S01010715,Families with dependent children: Total,71,46,30,25,5,16,14,2,25,2,23
S01010715,Families with dependent children: Youngest aged 0 to 4,28,15,11,10,1,4,3,1,13,0,13
S01010715,Families with dependent children: Youngest aged 5 to 11,27,19,11,9,2,8,8,0,8,0,8
S01010715,Families with dependent children: Youngest aged 12 to 18,16,12,8,6,2,4,3,1,4,2,2
S01010716,All families in households,223,181,116,110,6,65,57,8,42,4,38
S01010716,Families with no dependent children,142,127,83,79,4,44,41,3,15,1,14
S01010716,Families with dependent children: Total,81,54,33,31,2,21,16,5,27,3,24
S01010716,Families with dependent children: Youngest aged 0 to 4,39,31,14,13,1,17,13,4,8,0,8
S01010716,Families with dependent children: Youngest aged 5 to 11,20,13,11,10,1,2,1,1,7,0,7
S01010716,Families with dependent children: Youngest aged 12 to 18,22,10,8,8,0,2,2,0,12,3,9
S01010717,All families in households,203,180,157,154,3,23,18,5,23,7,16
S01010717,Families with no dependent children,145,128,112,111,1,16,13,3,17,4,13
S01010717,Families with dependent children: Total,58,52,45,43,2,7,5,2,6,3,3
S01010717,Families with dependent children: Youngest aged 0 to 4,12,9,7,7,0,2,2,0,3,2,1
S01010717,Families with dependent children: Youngest aged 5 to 11,20,18,14,12,2,4,2,2,2,1,1
S01010717,Families with dependent children: Youngest aged 12 to 18,26,25,24,24,0,1,1,0,1,0,1
S01010718,All families in households,288,247,208,196,12,39,35,4,41,6,35
S01010718,Families with no dependent children,171,155,133,129,4,22,21,1,16,4,12
S01010718,Families with dependent children: Total,117,92,75,67,8,17,14,3,25,2,23
S01010718,Families with dependent children: Youngest aged 0 to 4,49,39,28,24,4,11,10,1,10,0,10
S01010718,Families with dependent children: Youngest aged 5 to 11,40,29,24,22,2,5,4,1,11,2,9
S01010718,Families with dependent children: Youngest aged 12 to 18,28,24,23,21,2,1,0,1,4,0,4
S01010719,All families in households,186,163,134,127,7,29,21,8,23,2,21
S01010719,Families with no dependent children,111,101,89,86,3,12,11,1,10,1,9
S01010719,Families with dependent children: Total,75,62,45,41,4,17,10,7,13,1,12
S01010719,Families with dependent children: Youngest aged 0 to 4,24,18,9,9,0,9,6,3,6,0,6
S01010719,Families with dependent children: Youngest aged 5 to 11,26,23,18,15,3,5,3,2,3,0,3
S01010719,Families with dependent children: Youngest aged 12 to 18,25,21,18,17,1,3,1,2,4,1,3
S01010720,All families in households,219,192,173,167,6,19,18,1,27,4,23
S01010720,Families with no dependent children,148,137,126,123,3,11,11,0,11,4,7
S01010720,Families with dependent children: Total,71,55,47,44,3,8,7,1,16,0,16
S01010720,Families with dependent children: Youngest aged 0 to 4,20,20,17,16,1,3,3,0,0,0,0
S01010720,Families with dependent children: Youngest aged 5 to 11,19,15,12,11,1,3,3,0,4,0,4
S01010720,Families with dependent children: Youngest aged 12 to 18,32,20,18,17,1,2,1,1,12,0,12
S01010721,All families in households,201,184,151,146,5,33,31,2,17,6,11
S01010721,Families with no dependent children,143,134,111,108,3,23,22,1,9,4,5
S01010721,Families with dependent children: Total,58,50,40,38,2,10,9,1,8,2,6
S01010721,Families with dependent children: Youngest aged 0 to 4,18,17,13,13,0,4,4,0,1,0,1
S01010721,Families with dependent children: Youngest aged 5 to 11,17,14,11,10,1,3,3,0,3,0,3
S01010721,Families with dependent children: Youngest aged 12 to 18,23,19,16,15,1,3,2,1,4,2,2
S01010722,All families in households,257,209,170,167,3,39,29,10,48,4,44
S01010722,Families with no dependent children,148,137,113,112,1,24,22,2,11,0,11
S01010722,Families with dependent children: Total,109,72,57,55,2,15,7,8,37,4,33
S01010722,Families with dependent children: Youngest aged 0 to 4,32,22,17,17,0,5,4,1,10,1,9
S01010722,Families with dependent children: Youngest aged 5 to 11,45,34,26,24,2,8,2,6,11,0,11
S01010722,Families with dependent children: Youngest aged 12 to 18,32,16,14,14,0,2,1,1,16,3,13
S01010723,All families in households,269,251,217,212,5,34,27,7,18,5,13
S01010723,Families with no dependent children,155,150,130,128,2,20,19,1,5,3,2
S01010723,Families with dependent children: Total,114,101,87,84,3,14,8,6,13,2,11
S01010723,Families with dependent children: Youngest aged 0 to 4,27,25,21,19,2,4,2,2,2,0,2
S01010723,Families with dependent children: Youngest aged 5 to 11,37,37,32,32,0,5,2,3,0,0,0
S01010723,Families with dependent children: Youngest aged 12 to 18,50,39,34,33,1,5,4,1,11,2,9
S01010724,All families in households,281,244,208,200,8,36,29,7,37,2,35
S01010724,Families with no dependent children,173,154,132,130,2,22,19,3,19,2,17
S01010724,Families with dependent children: Total,108,90,76,70,6,14,10,4,18,0,18
S01010724,Families with dependent children: Youngest aged 0 to 4,34,30,24,22,2,6,6,0,4,0,4
S01010724,Families with dependent children: Youngest aged 5 to 11,43,35,32,30,2,3,2,1,8,0,8
S01010724,Families with dependent children: Youngest aged 12 to 18,31,25,20,18,2,5,2,3,6,0,6
S01010725,All families in households,221,206,182,173,9,24,21,3,15,1,14
S01010725,Families with no dependent children,159,153,137,130,7,16,16,0,6,1,5
S01010725,Families with dependent children: Total,62,53,45,43,2,8,5,3,9,0,9
S01010725,Families with dependent children: Youngest aged 0 to 4,16,15,10,10,0,5,4,1,1,0,1
S01010725,Families with dependent children: Youngest aged 5 to 11,22,19,18,18,0,1,0,1,3,0,3
S01010725,Families with dependent children: Youngest aged 12 to 18,24,19,17,15,2,2,1,1,5,0,5
S01010726,All families in households,297,258,219,217,2,39,32,7,39,3,36
S01010726,Families with no dependent children,209,190,165,163,2,25,25,0,19,2,17
S01010726,Families with dependent children: Total,88,68,54,54,0,14,7,7,20,1,19
S01010726,Families with dependent children: Youngest aged 0 to 4,26,22,17,17,0,5,4,1,4,0,4
S01010726,Families with dependent children: Youngest aged 5 to 11,32,24,19,19,0,5,1,4,8,0,8
S01010726,Families with dependent children: Youngest aged 12 to 18,30,22,18,18,0,4,2,2,8,1,7
S01010727,All families in households,206,193,169,163,6,24,23,1,13,2,11
S01010727,Families with no dependent children,131,123,107,106,1,16,16,0,8,2,6
S01010727,Families with dependent children: Total,75,70,62,57,5,8,7,1,5,0,5
S01010727,Families with dependent children: Youngest aged 0 to 4,23,22,18,18,0,4,4,0,1,0,1
S01010727,Families with dependent children: Youngest aged 5 to 11,27,25,23,19,4,2,2,0,2,0,2
S01010727,Families with dependent children: Youngest aged 12 to 18,25,23,21,20,1,2,1,1,2,0,2
S01010728,All families in households,170,157,143,137,6,14,11,3,13,3,10
S01010728,Families with no dependent children,103,96,87,87,0,9,9,0,7,0,7
S01010728,Families with dependent children: Total,67,61,56,50,6,5,2,3,6,3,3
S01010728,Families with dependent children: Youngest aged 0 to 4,11,11,9,9,0,2,2,0,0,0,0
S01010728,Families with dependent children: Youngest aged 5 to 11,28,25,24,21,3,1,0,1,3,1,2
S01010728,Families with dependent children: Youngest aged 12 to 18,28,25,23,20,3,2,0,2,3,2,1
S01010729,All families in households,224,210,182,174,8,28,23,5,14,3,11
S01010729,Families with no dependent children,141,135,119,117,2,16,15,1,6,2,4
S01010729,Families with dependent children: Total,83,75,63,57,6,12,8,4,8,1,7
S01010729,Families with dependent children: Youngest aged 0 to 4,23,21,17,17,0,4,3,1,2,0,2
S01010729,Families with dependent children: Youngest aged 5 to 11,34,32,27,23,4,5,3,2,2,1,1
S01010729,Families with dependent children: Youngest aged 12 to 18,26,22,19,17,2,3,2,1,4,0,4
S01010730,All families in households,268,239,212,208,4,27,19,8,29,10,19
S01010730,Families with no dependent children,167,157,146,143,3,11,9,2,10,2,8
S01010730,Families with dependent children: Total,101,82,66,65,1,16,10,6,19,8,11
S01010730,Families with dependent children: Youngest aged 0 to 4,33,30,22,22,0,8,7,1,3,0,3
S01010730,Families with dependent children: Youngest aged 5 to 11,32,24,20,20,0,4,2,2,8,4,4
S01010730,Families with dependent children: Youngest aged 12 to 18,36,28,24,23,1,4,1,3,8,4,4
S01010731,All families in households,263,224,184,177,7,40,35,5,39,2,37
S01010731,Families with no dependent children,158,147,119,118,1,28,26,2,11,2,9
S01010731,Families with dependent children: Total,105,77,65,59,6,12,9,3,28,0,28
S01010731,Families with dependent children: Youngest aged 0 to 4,33,24,18,14,4,6,5,1,9,0,9
S01010731,Families with dependent children: Youngest aged 5 to 11,36,26,22,21,1,4,2,2,10,0,10
S01010731,Families with dependent children: Youngest aged 12 to 18,36,27,25,24,1,2,2,0,9,0,9
S01010732,All families in households,249,178,142,135,7,36,27,9,71,4,67
S01010732,Families with no dependent children,142,121,108,104,4,13,10,3,21,4,17
S01010732,Families with dependent children: Total,107,57,34,31,3,23,17,6,50,0,50
S01010732,Families with dependent children: Youngest aged 0 to 4,42,29,18,17,1,11,10,1,13,0,13
S01010732,Families with dependent children: Youngest aged 5 to 11,37,17,11,9,2,6,3,3,20,0,20
S01010732,Families with dependent children: Youngest aged 12 to 18,28,11,5,5,0,6,4,2,17,0,17
S01010733,All families in households,165,111,77,66,11,34,28,6,54,5,49
S01010733,Families with no dependent children,72,60,45,41,4,15,14,1,12,3,9
S01010733,Families with dependent children: Total,93,51,32,25,7,19,14,5,42,2,40
S01010733,Families with dependent children: Youngest aged 0 to 4,35,23,12,10,2,11,7,4,12,0,12
S01010733,Families with dependent children: Youngest aged 5 to 11,37,16,10,8,2,6,5,1,21,2,19
S01010733,Families with dependent children: Youngest aged 12 to 18,21,12,10,7,3,2,2,0,9,0,9
S01010734,All families in households,250,181,128,117,11,53,44,9,69,6,63
S01010734,Families with no dependent children,112,100,73,68,5,27,26,1,12,5,7
S01010734,Families with dependent children: Total,138,81,55,49,6,26,18,8,57,1,56
S01010734,Families with dependent children: Youngest aged 0 to 4,52,25,17,14,3,8,7,1,27,0,27
S01010734,Families with dependent children: Youngest aged 5 to 11,53,35,22,19,3,13,8,5,18,1,17
S01010734,Families with dependent children: Youngest aged 12 to 18,33,21,16,16,0,5,3,2,12,0,12
S01010735,All families in households,192,133,90,84,6,43,33,10,59,4,55
S01010735,Families with no dependent children,70,56,45,43,2,11,11,0,14,3,11
S01010735,Families with dependent children: Total,122,77,45,41,4,32,22,10,45,1,44
S01010735,Families with dependent children: Youngest aged 0 to 4,56,38,20,18,2,18,16,2,18,0,18
S01010735,Families with dependent children: Youngest aged 5 to 11,38,26,17,16,1,9,4,5,12,0,12
S01010735,Families with dependent children: Youngest aged 12 to 18,28,13,8,7,1,5,2,3,15,1,14
S01010736,All families in households,167,152,125,118,7,27,24,3,15,3,12
S01010736,Families with no dependent children,110,102,84,83,1,18,18,0,8,2,6
S01010736,Families with dependent children: Total,57,50,41,35,6,9,6,3,7,1,6
S01010736,Families with dependent children: Youngest aged 0 to 4,19,18,12,11,1,6,6,0,1,0,1
S01010736,Families with dependent children: Youngest aged 5 to 11,22,19,17,15,2,2,0,2,3,1,2
S01010736,Families with dependent children: Youngest aged 12 to 18,16,13,12,9,3,1,0,1,3,0,3
S01010737,All families in households,313,254,204,190,14,50,44,6,59,12,47
S01010737,Families with no dependent children,198,180,142,140,2,38,36,2,18,4,14
S01010737,Families with dependent children: Total,115,74,62,50,12,12,8,4,41,8,33
S01010737,Families with dependent children: Youngest aged 0 to 4,43,28,20,19,1,8,6,2,15,0,15
S01010737,Families with dependent children: Youngest aged 5 to 11,32,23,21,15,6,2,1,1,9,1,8
S01010737,Families with dependent children: Youngest aged 12 to 18,40,23,21,16,5,2,1,1,17,7,10
S01010738,All families in households,177,137,112,108,4,25,20,5,40,7,33
S01010738,Families with no dependent children,120,97,87,86,1,10,9,1,23,6,17
S01010738,Families with dependent children: Total,57,40,25,22,3,15,11,4,17,1,16
S01010738,Families with dependent children: Youngest aged 0 to 4,23,17,10,9,1,7,6,1,6,0,6
S01010738,Families with dependent children: Youngest aged 5 to 11,23,16,10,9,1,6,5,1,7,1,6
S01010738,Families with dependent children: Youngest aged 12 to 18,11,7,5,4,1,2,0,2,4,0,4
S01010739,All families in households,261,212,149,142,7,63,56,7,49,3,46
S01010739,Families with no dependent children,151,137,99,97,2,38,36,2,14,2,12
S01010739,Families with dependent children: Total,110,75,50,45,5,25,20,5,35,1,34
S01010739,Families with dependent children: Youngest aged 0 to 4,49,36,18,15,3,18,14,4,13,0,13
S01010739,Families with dependent children: Youngest aged 5 to 11,38,26,21,20,1,5,4,1,12,0,12
S01010739,Families with dependent children: Youngest aged 12 to 18,23,13,11,10,1,2,2,0,10,1,9
S01010740,All families in households,120,76,53,51,2,23,19,4,44,1,43
S01010740,Families with no dependent children,56,46,39,38,1,7,7,0,10,1,9
S01010740,Families with dependent children: Total,64,30,14,13,1,16,12,4,34,0,34
S01010740,Families with dependent children: Youngest aged 0 to 4,30,12,5,4,1,7,6,1,18,0,18
S01010740,Families with dependent children: Youngest aged 5 to 11,21,12,4,4,0,8,5,3,9,0,9
S01010740,Families with dependent children: Youngest aged 12 to 18,13,6,5,5,0,1,1,0,7,0,7
S01010741,All families in households,184,155,125,119,6,30,25,5,29,2,27
S01010741,Families with no dependent children,116,103,87,83,4,16,15,1,13,2,11
S01010741,Families with dependent children: Total,68,52,38,36,2,14,10,4,16,0,16
S01010741,Families with dependent children: Youngest aged 0 to 4,27,19,9,9,0,10,7,3,8,0,8
S01010741,Families with dependent children: Youngest aged 5 to 11,17,11,8,7,1,3,2,1,6,0,6
S01010741,Families with dependent children: Youngest aged 12 to 18,24,22,21,20,1,1,1,0,2,0,2
S01010742,All families in households,216,175,129,124,5,46,38,8,41,4,37
S01010742,Families with no dependent children,114,101,84,82,2,17,17,0,13,1,12
S01010742,Families with dependent children: Total,102,74,45,42,3,29,21,8,28,3,25
S01010742,Families with dependent children: Youngest aged 0 to 4,47,37,17,16,1,20,16,4,10,0,10
S01010742,Families with dependent children: Youngest aged 5 to 11,31,22,17,15,2,5,3,2,9,1,8
S01010742,Families with dependent children: Youngest aged 12 to 18,24,15,11,11,0,4,2,2,9,2,7
S01010743,All families in households,203,146,108,100,8,38,26,12,57,2,55
S01010743,Families with no dependent children,88,74,61,59,2,13,13,0,14,1,13
S01010743,Families with dependent children: Total,115,72,47,41,6,25,13,12,43,1,42
S01010743,Families with dependent children: Youngest aged 0 to 4,49,36,19,16,3,17,11,6,13,0,13
S01010743,Families with dependent children: Youngest aged 5 to 11,29,12,9,7,2,3,1,2,17,0,17
S01010743,Families with dependent children: Youngest aged 12 to 18,37,24,19,18,1,5,1,4,13,1,12
S01010744,All families in households,327,270,216,209,7,54,42,12,57,14,43
S01010744,Families with no dependent children,199,183,154,154,0,29,26,3,16,8,8
S01010744,Families with dependent children: Total,128,87,62,55,7,25,16,9,41,6,35
S01010744,Families with dependent children: Youngest aged 0 to 4,51,37,21,19,2,16,12,4,14,1,13
S01010744,Families with dependent children: Youngest aged 5 to 11,35,23,19,17,2,4,2,2,12,0,12
S01010744,Families with dependent children: Youngest aged 12 to 18,42,27,22,19,3,5,2,3,15,5,10
S01010745,All families in households,167,137,106,102,4,31,22,9,30,3,27
S01010745,Families with no dependent children,109,97,82,80,2,15,12,3,12,1,11
S01010745,Families with dependent children: Total,58,40,24,22,2,16,10,6,18,2,16
S01010745,Families with dependent children: Youngest aged 0 to 4,26,18,8,8,0,10,7,3,8,1,7
S01010745,Families with dependent children: Youngest aged 5 to 11,18,13,8,6,2,5,3,2,5,0,5
S01010745,Families with dependent children: Youngest aged 12 to 18,14,9,8,8,0,1,0,1,5,1,4
S01010746,All families in households,311,275,212,200,12,63,52,11,36,5,31
S01010746,Families with no dependent children,198,184,147,145,2,37,34,3,14,4,10
S01010746,Families with dependent children: Total,113,91,65,55,10,26,18,8,22,1,21
S01010746,Families with dependent children: Youngest aged 0 to 4,38,32,16,14,2,16,13,3,6,0,6
S01010746,Families with dependent children: Youngest aged 5 to 11,38,28,22,17,5,6,4,2,10,0,10
S01010746,Families with dependent children: Youngest aged 12 to 18,37,31,27,24,3,4,1,3,6,1,5
S01010747,All families in households,247,186,157,145,12,29,21,8,61,6,55
S01010747,Families with no dependent children,145,124,106,102,4,18,16,2,21,2,19
S01010747,Families with dependent children: Total,102,62,51,43,8,11,5,6,40,4,36
S01010747,Families with dependent children: Youngest aged 0 to 4,38,26,17,12,5,9,5,4,12,0,12
S01010747,Families with dependent children: Youngest aged 5 to 11,31,17,15,15,0,2,0,2,14,0,14
S01010747,Families with dependent children: Youngest aged 12 to 18,33,19,19,16,3,0,0,0,14,4,10
S01010748,All families in households,202,180,152,148,4,28,24,4,22,4,18
S01010748,Families with no dependent children,134,129,109,109,0,20,20,0,5,2,3
S01010748,Families with dependent children: Total,68,51,43,39,4,8,4,4,17,2,15
S01010748,Families with dependent children: Youngest aged 0 to 4,25,18,15,14,1,3,3,0,7,0,7
S01010748,Families with dependent children: Youngest aged 5 to 11,22,16,12,9,3,4,1,3,6,2,4
S01010748,Families with dependent children: Youngest aged 12 to 18,21,17,16,16,0,1,0,1,4,0,4
S01010749,All families in households,195,171,149,145,4,22,19,3,24,4,20
S01010749,Families with no dependent children,123,115,101,101,0,14,14,0,8,3,5
S01010749,Families with dependent children: Total,72,56,48,44,4,8,5,3,16,1,15
S01010749,Families with dependent children: Youngest aged 0 to 4,25,18,14,13,1,4,3,1,7,0,7
S01010749,Families with dependent children: Youngest aged 5 to 11,24,21,21,21,0,0,0,0,3,0,3
S01010749,Families with dependent children: Youngest aged 12 to 18,23,17,13,10,3,4,2,2,6,1,5
S01010750,All families in households,214,199,167,165,2,32,30,2,15,4,11
S01010750,Families with no dependent children,167,160,136,135,1,24,24,0,7,2,5
S01010750,Families with dependent children: Total,47,39,31,30,1,8,6,2,8,2,6
S01010750,Families with dependent children: Youngest aged 0 to 4,21,19,14,14,0,5,4,1,2,0,2
S01010750,Families with dependent children: Youngest aged 5 to 11,17,13,12,11,1,1,0,1,4,2,2
S01010750,Families with dependent children: Youngest aged 12 to 18,9,7,5,5,0,2,2,0,2,0,2
S01010751,All families in households,213,158,118,112,6,40,33,7,55,9,46
S01010751,Families with no dependent children,111,92,75,75,0,17,16,1,19,3,16
S01010751,Families with dependent children: Total,102,66,43,37,6,23,17,6,36,6,30
S01010751,Families with dependent children: Youngest aged 0 to 4,39,26,12,10,2,14,13,1,13,2,11
S01010751,Families with dependent children: Youngest aged 5 to 11,38,24,16,14,2,8,4,4,14,0,14
S01010751,Families with dependent children: Youngest aged 12 to 18,25,16,15,13,2,1,0,1,9,4,5
S01010752,All families in households,215,162,121,116,5,41,32,9,53,5,48
S01010752,Families with no dependent children,108,95,74,73,1,21,19,2,13,4,9
S01010752,Families with dependent children: Total,107,67,47,43,4,20,13,7,40,1,39
S01010752,Families with dependent children: Youngest aged 0 to 4,53,36,22,21,1,14,9,5,17,0,17
S01010752,Families with dependent children: Youngest aged 5 to 11,27,14,11,8,3,3,2,1,13,1,12
S01010752,Families with dependent children: Youngest aged 12 to 18,27,17,14,14,0,3,2,1,10,0,10
S01010753,All families in households,307,238,183,174,9,55,43,12,69,5,64
S01010753,Families with no dependent children,151,130,105,104,1,25,21,4,21,3,18
S01010753,Families with dependent children: Total,156,108,78,70,8,30,22,8,48,2,46
S01010753,Families with dependent children: Youngest aged 0 to 4,62,43,26,21,5,17,13,4,19,0,19
S01010753,Families with dependent children: Youngest aged 5 to 11,45,31,26,25,1,5,3,2,14,2,12
S01010753,Families with dependent children: Youngest aged 12 to 18,49,34,26,24,2,8,6,2,15,0,15
S01010754,All families in households,185,149,120,117,3,29,27,2,36,3,33
S01010754,Families with no dependent children,115,107,90,88,2,17,16,1,8,1,7
S01010754,Families with dependent children: Total,70,42,30,29,1,12,11,1,28,2,26
S01010754,Families with dependent children: Youngest aged 0 to 4,33,22,14,13,1,8,8,0,11,0,11
S01010754,Families with dependent children: Youngest aged 5 to 11,24,14,11,11,0,3,2,1,10,0,10
S01010754,Families with dependent children: Youngest aged 12 to 18,13,6,5,5,0,1,1,0,7,2,5
S01010755,All families in households,184,153,118,114,4,35,25,10,31,5,26
S01010755,Families with no dependent children,120,106,89,87,2,17,14,3,14,3,11
S01010755,Families with dependent children: Total,64,47,29,27,2,18,11,7,17,2,15
S01010755,Families with dependent children: Youngest aged 0 to 4,31,24,12,10,2,12,9,3,7,2,5
S01010755,Families with dependent children: Youngest aged 5 to 11,16,11,7,7,0,4,1,3,5,0,5
S01010755,Families with dependent children: Youngest aged 12 to 18,17,12,10,10,0,2,1,1,5,0,5
S01010756,All families in households,198,185,163,153,10,22,14,8,13,1,12
S01010756,Families with no dependent children,125,120,112,107,5,8,7,1,5,1,4
S01010756,Families with dependent children: Total,73,65,51,46,5,14,7,7,8,0,8
S01010756,Families with dependent children: Youngest aged 0 to 4,26,26,19,18,1,7,4,3,0,0,0
S01010756,Families with dependent children: Youngest aged 5 to 11,27,21,15,13,2,6,3,3,6,0,6
S01010756,Families with dependent children: Youngest aged 12 to 18,20,18,17,15,2,1,0,1,2,0,2
S01010757,All families in households,242,216,186,181,5,30,27,3,26,6,20
S01010757,Families with no dependent children,189,174,150,147,3,24,21,3,15,3,12
S01010757,Families with dependent children: Total,53,42,36,34,2,6,6,0,11,3,8
S01010757,Families with dependent children: Youngest aged 0 to 4,20,17,12,12,0,5,5,0,3,0,3
S01010757,Families with dependent children: Youngest aged 5 to 11,13,8,8,7,1,0,0,0,5,1,4
S01010757,Families with dependent children: Youngest aged 12 to 18,20,17,16,15,1,1,1,0,3,2,1
S01010758,All families in households,210,180,156,150,6,24,17,7,30,8,22
S01010758,Families with no dependent children,145,131,118,116,2,13,12,1,14,4,10
S01010758,Families with dependent children: Total,65,49,38,34,4,11,5,6,16,4,12
S01010758,Families with dependent children: Youngest aged 0 to 4,15,12,8,8,0,4,3,1,3,0,3
S01010758,Families with dependent children: Youngest aged 5 to 11,22,15,13,11,2,2,1,1,7,3,4
S01010758,Families with dependent children: Youngest aged 12 to 18,28,22,17,15,2,5,1,4,6,1,5
S01010759,All families in households,164,131,107,99,8,24,21,3,33,2,31
S01010759,Families with no dependent children,98,88,74,73,1,14,13,1,10,1,9
S01010759,Families with dependent children: Total,66,43,33,26,7,10,8,2,23,1,22
S01010759,Families with dependent children: Youngest aged 0 to 4,24,17,11,9,2,6,4,2,7,0,7
S01010759,Families with dependent children: Youngest aged 5 to 11,27,16,14,11,3,2,2,0,11,0,11
S01010759,Families with dependent children: Youngest aged 12 to 18,15,10,8,6,2,2,2,0,5,1,4
S01010760,All families in households,168,150,127,121,6,23,21,2,18,1,17
S01010760,Families with no dependent children,125,116,100,99,1,16,16,0,9,1,8
S01010760,Families with dependent children: Total,43,34,27,22,5,7,5,2,9,0,9
S01010760,Families with dependent children: Youngest aged 0 to 4,20,16,10,9,1,6,5,1,4,0,4
S01010760,Families with dependent children: Youngest aged 5 to 11,14,12,12,9,3,0,0,0,2,0,2
S01010760,Families with dependent children: Youngest aged 12 to 18,9,6,5,4,1,1,0,1,3,0,3
S01010761,All families in households,159,142,116,111,5,26,21,5,17,4,13
S01010761,Families with no dependent children,109,97,81,80,1,16,15,1,12,3,9
S01010761,Families with dependent children: Total,50,45,35,31,4,10,6,4,5,1,4
S01010761,Families with dependent children: Youngest aged 0 to 4,14,14,9,9,0,5,4,1,0,0,0
S01010761,Families with dependent children: Youngest aged 5 to 11,22,17,14,12,2,3,1,2,5,1,4
S01010761,Families with dependent children: Youngest aged 12 to 18,14,14,12,10,2,2,1,1,0,0,0
S01010762,All families in households,189,167,130,124,6,37,31,6,22,4,18
S01010762,Families with no dependent children,125,114,89,88,1,25,24,1,11,2,9
S01010762,Families with dependent children: Total,64,53,41,36,5,12,7,5,11,2,9
S01010762,Families with dependent children: Youngest aged 0 to 4,20,17,9,7,2,8,6,2,3,0,3
S01010762,Families with dependent children: Youngest aged 5 to 11,20,15,12,12,0,3,1,2,5,1,4
S01010762,Families with dependent children: Youngest aged 12 to 18,24,21,20,17,3,1,0,1,3,1,2
S01010763,All families in households,197,159,129,125,4,30,27,3,38,7,31
S01010763,Families with no dependent children,114,100,87,85,2,13,13,0,14,2,12
S01010763,Families with dependent children: Total,83,59,42,40,2,17,14,3,24,5,19
S01010763,Families with dependent children: Youngest aged 0 to 4,30,20,10,9,1,10,8,2,10,3,7
S01010763,Families with dependent children: Youngest aged 5 to 11,30,20,16,15,1,4,4,0,10,2,8
S01010763,Families with dependent children: Youngest aged 12 to 18,23,19,16,16,0,3,2,1,4,0,4
S01010764,All families in households,176,159,139,136,3,20,19,1,17,4,13
S01010764,Families with no dependent children,128,120,106,106,0,14,14,0,8,2,6
S01010764,Families with dependent children: Total,48,39,33,30,3,6,5,1,9,2,7
S01010764,Families with dependent children: Youngest aged 0 to 4,14,12,8,8,0,4,3,1,2,0,2
S01010764,Families with dependent children: Youngest aged 5 to 11,19,15,15,13,2,0,0,0,4,0,4
S01010764,Families with dependent children: Youngest aged 12 to 18,15,12,10,9,1,2,2,0,3,2,1
S01010765,All families in households,311,272,225,218,7,47,39,8,39,3,36
S01010765,Families with no dependent children,213,198,173,172,1,25,25,0,15,2,13
S01010765,Families with dependent children: Total,98,74,52,46,6,22,14,8,24,1,23
S01010765,Families with dependent children: Youngest aged 0 to 4,32,25,11,7,4,14,11,3,7,0,7
S01010765,Families with dependent children: Youngest aged 5 to 11,23,19,15,14,1,4,2,2,4,0,4
S01010765,Families with dependent children: Youngest aged 12 to 18,43,30,26,25,1,4,1,3,13,1,12
S01010766,All families in households,233,192,154,148,6,38,31,7,41,9,32
S01010766,Families with no dependent children,151,136,113,111,2,23,20,3,15,4,11
S01010766,Families with dependent children: Total,82,56,41,37,4,15,11,4,26,5,21
S01010766,Families with dependent children: Youngest aged 0 to 4,28,20,13,11,2,7,6,1,8,0,8
S01010766,Families with dependent children: Youngest aged 5 to 11,30,21,15,13,2,6,3,3,9,2,7
S01010766,Families with dependent children: Youngest aged 12 to 18,24,15,13,13,0,2,2,0,9,3,6
S01010767,All families in households,214,165,132,126,6,33,27,6,49,5,44
S01010767,Families with no dependent children,132,115,97,94,3,18,16,2,17,4,13
S01010767,Families with dependent children: Total,82,50,35,32,3,15,11,4,32,1,31
S01010767,Families with dependent children: Youngest aged 0 to 4,33,24,15,14,1,9,8,1,9,0,9
S01010767,Families with dependent children: Youngest aged 5 to 11,25,13,8,7,1,5,3,2,12,0,12
S01010767,Families with dependent children: Youngest aged 12 to 18,24,13,12,11,1,1,0,1,11,1,10
S01010768,All families in households,172,141,116,113,3,25,20,5,31,1,30
S01010768,Families with no dependent children,109,102,87,86,1,15,12,3,7,1,6
S01010768,Families with dependent children: Total,63,39,29,27,2,10,8,2,24,0,24
S01010768,Families with dependent children: Youngest aged 0 to 4,29,17,12,11,1,5,5,0,12,0,12
S01010768,Families with dependent children: Youngest aged 5 to 11,13,10,7,6,1,3,2,1,3,0,3
S01010768,Families with dependent children: Youngest aged 12 to 18,21,12,10,10,0,2,1,1,9,0,9
S01010769,All families in households,157,148,132,128,4,16,15,1,9,1,8
S01010769,Families with no dependent children,115,111,100,99,1,11,10,1,4,0,4
S01010769,Families with dependent children: Total,42,37,32,29,3,5,5,0,5,1,4
S01010769,Families with dependent children: Youngest aged 0 to 4,13,12,8,8,0,4,4,0,1,0,1
S01010769,Families with dependent children: Youngest aged 5 to 11,12,11,10,8,2,1,1,0,1,0,1
S01010769,Families with dependent children: Youngest aged 12 to 18,17,14,14,13,1,0,0,0,3,1,2
S01010770,All families in households,259,226,184,177,7,42,34,8,33,1,32
S01010770,Families with no dependent children,161,145,121,121,0,24,23,1,16,1,15
S01010770,Families with dependent children: Total,98,81,63,56,7,18,11,7,17,0,17
S01010770,Families with dependent children: Youngest aged 0 to 4,40,35,22,21,1,13,9,4,5,0,5
S01010770,Families with dependent children: Youngest aged 5 to 11,31,26,23,19,4,3,2,1,5,0,5
S01010770,Families with dependent children: Youngest aged 12 to 18,27,20,18,16,2,2,0,2,7,0,7
S01010771,All families in households,253,213,181,171,10,32,29,3,40,6,34
S01010771,Families with no dependent children,178,158,139,134,5,19,19,0,20,4,16
S01010771,Families with dependent children: Total,75,55,42,37,5,13,10,3,20,2,18
S01010771,Families with dependent children: Youngest aged 0 to 4,24,18,9,8,1,9,7,2,6,2,4
S01010771,Families with dependent children: Youngest aged 5 to 11,27,19,18,17,1,1,0,1,8,0,8
S01010771,Families with dependent children: Youngest aged 12 to 18,24,18,15,12,3,3,3,0,6,0,6
S01010772,All families in households,239,209,178,175,3,31,30,1,30,3,27
S01010772,Families with no dependent children,189,174,150,149,1,24,24,0,15,3,12
S01010772,Families with dependent children: Total,50,35,28,26,2,7,6,1,15,0,15
S01010772,Families with dependent children: Youngest aged 0 to 4,10,8,7,7,0,1,0,1,2,0,2
S01010772,Families with dependent children: Youngest aged 5 to 11,21,11,8,8,0,3,3,0,10,0,10
S01010772,Families with dependent children: Youngest aged 12 to 18,19,16,13,11,2,3,3,0,3,0,3
S01010773,All families in households,247,217,183,173,10,34,30,4,30,5,25
S01010773,Families with no dependent children,168,156,137,134,3,19,19,0,12,3,9
S01010773,Families with dependent children: Total,79,61,46,39,7,15,11,4,18,2,16
S01010773,Families with dependent children: Youngest aged 0 to 4,38,31,20,16,4,11,9,2,7,0,7
S01010773,Families with dependent children: Youngest aged 5 to 11,22,15,11,10,1,4,2,2,7,2,5
S01010773,Families with dependent children: Youngest aged 12 to 18,19,15,15,13,2,0,0,0,4,0,4
S01010774,All families in households,212,170,134,128,6,36,32,4,42,5,37
S01010774,Families with no dependent children,138,117,100,96,4,17,14,3,21,4,17
S01010774,Families with dependent children: Total,74,53,34,32,2,19,18,1,21,1,20
S01010774,Families with dependent children: Youngest aged 0 to 4,23,18,6,6,0,12,12,0,5,0,5
S01010774,Families with dependent children: Youngest aged 5 to 11,34,20,14,13,1,6,6,0,14,1,13
S01010774,Families with dependent children: Youngest aged 12 to 18,17,15,14,13,1,1,0,1,2,0,2
S01010775,All families in households,208,191,149,147,2,42,35,7,17,6,11
S01010775,Families with no dependent children,133,124,101,100,1,23,20,3,9,4,5
S01010775,Families with dependent children: Total,75,67,48,47,1,19,15,4,8,2,6
S01010775,Families with dependent children: Youngest aged 0 to 4,26,25,17,17,0,8,7,1,1,0,1
S01010775,Families with dependent children: Youngest aged 5 to 11,32,26,18,18,0,8,6,2,6,2,4
S01010775,Families with dependent children: Youngest aged 12 to 18,17,16,13,12,1,3,2,1,1,0,1
S01010776,All families in households,150,123,101,100,1,22,15,7,27,3,24
S01010776,Families with no dependent children,92,82,75,74,1,7,6,1,10,2,8
S01010776,Families with dependent children: Total,58,41,26,26,0,15,9,6,17,1,16
S01010776,Families with dependent children: Youngest aged 0 to 4,29,26,16,16,0,10,7,3,3,0,3
S01010776,Families with dependent children: Youngest aged 5 to 11,16,7,5,5,0,2,2,0,9,0,9
S01010776,Families with dependent children: Youngest aged 12 to 18,13,8,5,5,0,3,0,3,5,1,4
S01010777,All families in households,126,102,74,72,2,28,26,2,24,6,18
S01010777,Families with no dependent children,78,66,51,50,1,15,14,1,12,3,9
S01010777,Families with dependent children: Total,48,36,23,22,1,13,12,1,12,3,9
S01010777,Families with dependent children: Youngest aged 0 to 4,22,16,8,7,1,8,7,1,6,2,4
S01010777,Families with dependent children: Youngest aged 5 to 11,10,8,6,6,0,2,2,0,2,0,2
S01010777,Families with dependent children: Youngest aged 12 to 18,16,12,9,9,0,3,3,0,4,1,3
S01010778,All families in households,138,82,54,52,2,28,22,6,56,4,52
S01010778,Families with no dependent children,59,47,36,35,1,11,10,1,12,2,10
S01010778,Families with dependent children: Total,79,35,18,17,1,17,12,5,44,2,42
S01010778,Families with dependent children: Youngest aged 0 to 4,31,14,7,7,0,7,7,0,17,1,16
S01010778,Families with dependent children: Youngest aged 5 to 11,24,12,4,3,1,8,5,3,12,0,12
S01010778,Families with dependent children: Youngest aged 12 to 18,24,9,7,7,0,2,0,2,15,1,14
S01010779,All families in households,212,160,125,116,9,35,28,7,52,7,45
S01010779,Families with no dependent children,123,111,88,87,1,23,22,1,12,2,10
S01010779,Families with dependent children: Total,89,49,37,29,8,12,6,6,40,5,35
S01010779,Families with dependent children: Youngest aged 0 to 4,36,19,11,8,3,8,4,4,17,3,14
S01010779,Families with dependent children: Youngest aged 5 to 11,25,13,10,7,3,3,2,1,12,0,12
S01010779,Families with dependent children: Youngest aged 12 to 18,28,17,16,14,2,1,0,1,11,2,9
S01010780,All families in households,167,137,112,109,3,25,23,2,30,3,27
S01010780,Families with no dependent children,110,97,84,82,2,13,13,0,13,3,10
S01010780,Families with dependent children: Total,57,40,28,27,1,12,10,2,17,0,17
S01010780,Families with dependent children: Youngest aged 0 to 4,19,13,7,7,0,6,5,1,6,0,6
S01010780,Families with dependent children: Youngest aged 5 to 11,19,13,9,9,0,4,3,1,6,0,6
S01010780,Families with dependent children: Youngest aged 12 to 18,19,14,12,11,1,2,2,0,5,0,5
S01010781,All families in households,232,198,159,153,6,39,31,8,34,3,31
S01010781,Families with no dependent children,144,129,101,99,2,28,25,3,15,2,13
S01010781,Families with dependent children: Total,88,69,58,54,4,11,6,5,19,1,18
S01010781,Families with dependent children: Youngest aged 0 to 4,41,35,27,25,2,8,6,2,6,1,5
S01010781,Families with dependent children: Youngest aged 5 to 11,21,17,15,13,2,2,0,2,4,0,4
S01010781,Families with dependent children: Youngest aged 12 to 18,26,17,16,16,0,1,0,1,9,0,9
S01010782,All families in households,159,134,102,97,5,32,25,7,25,5,20
S01010782,Families with no dependent children,91,84,66,65,1,18,17,1,7,1,6
S01010782,Families with dependent children: Total,68,50,36,32,4,14,8,6,18,4,14
S01010782,Families with dependent children: Youngest aged 0 to 4,29,23,15,13,2,8,4,4,6,1,5
S01010782,Families with dependent children: Youngest aged 5 to 11,20,12,10,8,2,2,1,1,8,2,6
S01010782,Families with dependent children: Youngest aged 12 to 18,19,15,11,11,0,4,3,1,4,1,3
S01010783,All families in households,151,117,87,85,2,30,24,6,34,5,29
S01010783,Families with no dependent children,94,80,62,61,1,18,15,3,14,4,10
S01010783,Families with dependent children: Total,57,37,25,24,1,12,9,3,20,1,19
S01010783,Families with dependent children: Youngest aged 0 to 4,28,19,7,7,0,12,9,3,9,0,9
S01010783,Families with dependent children: Youngest aged 5 to 11,17,10,10,10,0,0,0,0,7,0,7
S01010783,Families with dependent children: Youngest aged 12 to 18,12,8,8,7,1,0,0,0,4,1,3
S01010784,All families in households,224,145,99,95,4,46,36,10,79,11,68
S01010784,Families with no dependent children,111,86,67,67,0,19,18,1,25,8,17
S01010784,Families with dependent children: Total,113,59,32,28,4,27,18,9,54,3,51
S01010784,Families with dependent children: Youngest aged 0 to 4,46,21,11,10,1,10,8,2,25,0,25
S01010784,Families with dependent children: Youngest aged 5 to 11,43,22,11,10,1,11,8,3,21,2,19
S01010784,Families with dependent children: Youngest aged 12 to 18,24,16,10,8,2,6,2,4,8,1,7
S01010785,All families in households,217,193,166,159,7,27,24,3,24,0,24
S01010785,Families with no dependent children,145,133,116,113,3,17,17,0,12,0,12
S01010785,Families with dependent children: Total,72,60,50,46,4,10,7,3,12,0,12
S01010785,Families with dependent children: Youngest aged 0 to 4,26,24,17,17,0,7,5,2,2,0,2
S01010785,Families with dependent children: Youngest aged 5 to 11,25,20,18,16,2,2,2,0,5,0,5
S01010785,Families with dependent children: Youngest aged 12 to 18,21,16,15,13,2,1,0,1,5,0,5
S01010786,All families in households,185,165,140,134,6,25,20,5,20,3,17
S01010786,Families with no dependent children,87,83,72,72,0,11,10,1,4,3,1
S01010786,Families with dependent children: Total,98,82,68,62,6,14,10,4,16,0,16
S01010786,Families with dependent children: Youngest aged 0 to 4,32,28,22,21,1,6,5,1,4,0,4
S01010786,Families with dependent children: Youngest aged 5 to 11,38,33,27,23,4,6,4,2,5,0,5
S01010786,Families with dependent children: Youngest aged 12 to 18,28,21,19,18,1,2,1,1,7,0,7
S01010787,All families in households,277,253,217,212,5,36,30,6,24,6,18
S01010787,Families with no dependent children,175,159,143,142,1,16,15,1,16,6,10
S01010787,Families with dependent children: Total,102,94,74,70,4,20,15,5,8,0,8
S01010787,Families with dependent children: Youngest aged 0 to 4,45,42,30,29,1,12,11,1,3,0,3
S01010787,Families with dependent children: Youngest aged 5 to 11,33,29,25,23,2,4,2,2,4,0,4
S01010787,Families with dependent children: Youngest aged 12 to 18,24,23,19,18,1,4,2,2,1,0,1
S01010788,All families in households,192,165,131,130,1,34,28,6,27,2,25
S01010788,Families with no dependent children,121,110,92,92,0,18,17,1,11,1,10
S01010788,Families with dependent children: Total,71,55,39,38,1,16,11,5,16,1,15
S01010788,Families with dependent children: Youngest aged 0 to 4,27,23,11,11,0,12,10,2,4,1,3
S01010788,Families with dependent children: Youngest aged 5 to 11,24,18,14,13,1,4,1,3,6,0,6
S01010788,Families with dependent children: Youngest aged 12 to 18,20,14,14,14,0,0,0,0,6,0,6
S01010789,All families in households,219,194,161,157,4,33,32,1,25,7,18
S01010789,Families with no dependent children,134,123,106,104,2,17,16,1,11,4,7
S01010789,Families with dependent children: Total,85,71,55,53,2,16,16,0,14,3,11
S01010789,Families with dependent children: Youngest aged 0 to 4,31,28,16,16,0,12,12,0,3,1,2
S01010789,Families with dependent children: Youngest aged 5 to 11,25,21,19,18,1,2,2,0,4,0,4
S01010789,Families with dependent children: Youngest aged 12 to 18,29,22,20,19,1,2,2,0,7,2,5
S01010790,All families in households,209,187,167,163,4,20,15,5,22,6,16
S01010790,Families with no dependent children,143,128,116,115,1,12,10,2,15,4,11
S01010790,Families with dependent children: Total,66,59,51,48,3,8,5,3,7,2,5
S01010790,Families with dependent children: Youngest aged 0 to 4,19,17,12,11,1,5,4,1,2,0,2
S01010790,Families with dependent children: Youngest aged 5 to 11,25,22,20,19,1,2,0,2,3,0,3
S01010790,Families with dependent children: Youngest aged 12 to 18,22,20,19,18,1,1,1,0,2,2,0
S01010791,All families in households,271,252,215,213,2,37,32,5,19,6,13
S01010791,Families with no dependent children,189,178,160,159,1,18,18,0,11,3,8
S01010791,Families with dependent children: Total,82,74,55,54,1,19,14,5,8,3,5
S01010791,Families with dependent children: Youngest aged 0 to 4,31,31,17,17,0,14,10,4,0,0,0
S01010791,Families with dependent children: Youngest aged 5 to 11,25,21,17,16,1,4,3,1,4,1,3
S01010791,Families with dependent children: Youngest aged 12 to 18,26,22,21,21,0,1,1,0,4,2,2
S01010792,All families in households,176,138,107,101,6,31,24,7,38,4,34
S01010792,Families with no dependent children,94,85,69,67,2,16,14,2,9,3,6
S01010792,Families with dependent children: Total,82,53,38,34,4,15,10,5,29,1,28
S01010792,Families with dependent children: Youngest aged 0 to 4,31,18,8,6,2,10,6,4,13,0,13
S01010792,Families with dependent children: Youngest aged 5 to 11,26,21,19,18,1,2,2,0,5,0,5
S01010792,Families with dependent children: Youngest aged 12 to 18,25,14,11,10,1,3,2,1,11,1,10
S01010793,All families in households,214,184,156,149,7,28,23,5,30,11,19
S01010793,Families with no dependent children,137,124,108,106,2,16,16,0,13,7,6
S01010793,Families with dependent children: Total,77,60,48,43,5,12,7,5,17,4,13
S01010793,Families with dependent children: Youngest aged 0 to 4,23,20,17,15,2,3,3,0,3,0,3
S01010793,Families with dependent children: Youngest aged 5 to 11,30,22,14,14,0,8,4,4,8,1,7
S01010793,Families with dependent children: Youngest aged 12 to 18,24,18,17,14,3,1,0,1,6,3,3
S01010794,All families in households,171,146,119,114,5,27,27,0,25,3,22
S01010794,Families with no dependent children,101,95,74,73,1,21,21,0,6,3,3
S01010794,Families with dependent children: Total,70,51,45,41,4,6,6,0,19,0,19
S01010794,Families with dependent children: Youngest aged 0 to 4,25,17,13,12,1,4,4,0,8,0,8
S01010794,Families with dependent children: Youngest aged 5 to 11,28,22,21,18,3,1,1,0,6,0,6
S01010794,Families with dependent children: Youngest aged 12 to 18,17,12,11,11,0,1,1,0,5,0,5
S01010795,All families in households,306,272,225,221,4,47,38,9,34,4,30
S01010795,Families with no dependent children,200,189,160,158,2,29,27,2,11,1,10
S01010795,Families with dependent children: Total,106,83,65,63,2,18,11,7,23,3,20
S01010795,Families with dependent children: Youngest aged 0 to 4,40,29,17,17,0,12,10,2,11,1,10
S01010795,Families with dependent children: Youngest aged 5 to 11,26,23,21,19,2,2,0,2,3,0,3
S01010795,Families with dependent children: Youngest aged 12 to 18,40,31,27,27,0,4,1,3,9,2,7
S01010796,All families in households,259,244,193,188,5,51,42,9,15,3,12
S01010796,Families with no dependent children,166,155,122,120,2,33,31,2,11,3,8
S01010796,Families with dependent children: Total,93,89,71,68,3,18,11,7,4,0,4
S01010796,Families with dependent children: Youngest aged 0 to 4,32,32,21,20,1,11,7,4,0,0,0
S01010796,Families with dependent children: Youngest aged 5 to 11,29,28,24,23,1,4,3,1,1,0,1
S01010796,Families with dependent children: Youngest aged 12 to 18,32,29,26,25,1,3,1,2,3,0,3
S01010797,All families in households,248,227,196,185,11,31,29,2,21,3,18
S01010797,Families with no dependent children,161,148,126,125,1,22,21,1,13,3,10
S01010797,Families with dependent children: Total,87,79,70,60,10,9,8,1,8,0,8
S01010797,Families with dependent children: Youngest aged 0 to 4,41,35,29,28,1,6,6,0,6,0,6
S01010797,Families with dependent children: Youngest aged 5 to 11,21,19,16,12,4,3,2,1,2,0,2
S01010797,Families with dependent children: Youngest aged 12 to 18,25,25,25,20,5,0,0,0,0,0,0
S01010798,All families in households,209,189,168,166,2,21,17,4,20,5,15
S01010798,Families with no dependent children,130,121,110,109,1,11,10,1,9,2,7
S01010798,Families with dependent children: Total,79,68,58,57,1,10,7,3,11,3,8
S01010798,Families with dependent children: Youngest aged 0 to 4,20,15,11,11,0,4,3,1,5,1,4
S01010798,Families with dependent children: Youngest aged 5 to 11,32,29,25,25,0,4,3,1,3,1,2
S01010798,Families with dependent children: Youngest aged 12 to 18,27,24,22,21,1,2,1,1,3,1,2
S01010799,All families in households,242,199,146,143,3,53,48,5,43,6,37
S01010799,Families with no dependent children,175,153,113,113,0,40,39,1,22,4,18
S01010799,Families with dependent children: Total,67,46,33,30,3,13,9,4,21,2,19
S01010799,Families with dependent children: Youngest aged 0 to 4,19,15,9,9,0,6,4,2,4,0,4
S01010799,Families with dependent children: Youngest aged 5 to 11,27,17,13,11,2,4,3,1,10,2,8
S01010799,Families with dependent children: Youngest aged 12 to 18,21,14,11,10,1,3,2,1,7,0,7
S01010800,All families in households,218,174,128,122,6,46,36,10,44,5,39
S01010800,Families with no dependent children,138,117,90,88,2,27,24,3,21,5,16
S01010800,Families with dependent children: Total,80,57,38,34,4,19,12,7,23,0,23
S01010800,Families with dependent children: Youngest aged 0 to 4,39,30,18,15,3,12,9,3,9,0,9
S01010800,Families with dependent children: Youngest aged 5 to 11,18,11,8,8,0,3,2,1,7,0,7
S01010800,Families with dependent children: Youngest aged 12 to 18,23,16,12,11,1,4,1,3,7,0,7
S01010801,All families in households,214,178,145,140,5,33,27,6,36,5,31
S01010801,Families with no dependent children,137,125,109,108,1,16,16,0,12,5,7
S01010801,Families with dependent children: Total,77,53,36,32,4,17,11,6,24,0,24
S01010801,Families with dependent children: Youngest aged 0 to 4,24,18,11,10,1,7,7,0,6,0,6
S01010801,Families with dependent children: Youngest aged 5 to 11,33,24,16,14,2,8,3,5,9,0,9
S01010801,Families with dependent children: Youngest aged 12 to 18,20,11,9,8,1,2,1,1,9,0,9
S01010802,All families in households,170,145,104,100,4,41,34,7,25,4,21
S01010802,Families with no dependent children,113,101,76,74,2,25,22,3,12,3,9
S01010802,Families with dependent children: Total,57,44,28,26,2,16,12,4,13,1,12
S01010802,Families with dependent children: Youngest aged 0 to 4,25,22,10,10,0,12,10,2,3,0,3
S01010802,Families with dependent children: Youngest aged 5 to 11,14,11,9,9,0,2,1,1,3,1,2
S01010802,Families with dependent children: Youngest aged 12 to 18,18,11,9,7,2,2,1,1,7,0,7
S01010803,All families in households,166,113,91,83,8,22,18,4,53,5,48
S01010803,Families with no dependent children,86,71,57,55,2,14,14,0,15,2,13
S01010803,Families with dependent children: Total,80,42,34,28,6,8,4,4,38,3,35
S01010803,Families with dependent children: Youngest aged 0 to 4,33,22,16,14,2,6,4,2,11,0,11
S01010803,Families with dependent children: Youngest aged 5 to 11,18,7,7,6,1,0,0,0,11,1,10
S01010803,Families with dependent children: Youngest aged 12 to 18,29,13,11,8,3,2,0,2,16,2,14
S01010804,All families in households,169,148,133,124,9,15,11,4,21,5,16
S01010804,Families with no dependent children,103,95,89,88,1,6,5,1,8,4,4
S01010804,Families with dependent children: Total,66,53,44,36,8,9,6,3,13,1,12
S01010804,Families with dependent children: Youngest aged 0 to 4,15,14,10,8,2,4,4,0,1,0,1
S01010804,Families with dependent children: Youngest aged 5 to 11,22,18,15,14,1,3,2,1,4,0,4
S01010804,Families with dependent children: Youngest aged 12 to 18,29,21,19,14,5,2,0,2,8,1,7
S01010805,All families in households,259,213,178,169,9,35,30,5,46,8,38
S01010805,Families with no dependent children,163,150,131,128,3,19,19,0,13,4,9
S01010805,Families with dependent children: Total,96,63,47,41,6,16,11,5,33,4,29
S01010805,Families with dependent children: Youngest aged 0 to 4,25,21,12,10,2,9,7,2,4,0,4
S01010805,Families with dependent children: Youngest aged 5 to 11,33,18,12,10,2,6,3,3,15,1,14
S01010805,Families with dependent children: Youngest aged 12 to 18,38,24,23,21,2,1,1,0,14,3,11
S01010806,All families in households,253,180,127,118,9,53,46,7,73,11,62
S01010806,Families with no dependent children,145,123,94,91,3,29,29,0,22,2,20
S01010806,Families with dependent children: Total,108,57,33,27,6,24,17,7,51,9,42
S01010806,Families with dependent children: Youngest aged 0 to 4,36,22,8,8,0,14,10,4,14,0,14
S01010806,Families with dependent children: Youngest aged 5 to 11,43,23,15,12,3,8,6,2,20,3,17
S01010806,Families with dependent children: Youngest aged 12 to 18,29,12,10,7,3,2,1,1,17,6,11
S01010807,All families in households,176,145,119,110,9,26,21,5,31,4,27
S01010807,Families with no dependent children,99,91,81,81,0,10,9,1,8,3,5
S01010807,Families with dependent children: Total,77,54,38,29,9,16,12,4,23,1,22
S01010807,Families with dependent children: Youngest aged 0 to 4,35,29,18,11,7,11,9,2,6,0,6
S01010807,Families with dependent children: Youngest aged 5 to 11,21,11,9,8,1,2,2,0,10,1,9
S01010807,Families with dependent children: Youngest aged 12 to 18,21,14,11,10,1,3,1,2,7,0,7
S01010808,All families in households,171,143,120,118,2,23,20,3,28,1,27
S01010808,Families with no dependent children,88,83,73,72,1,10,10,0,5,1,4
S01010808,Families with dependent children: Total,83,60,47,46,1,13,10,3,23,0,23
S01010808,Families with dependent children: Youngest aged 0 to 4,21,19,9,9,0,10,8,2,2,0,2
S01010808,Families with dependent children: Youngest aged 5 to 11,38,20,19,19,0,1,1,0,18,0,18
S01010808,Families with dependent children: Youngest aged 12 to 18,24,21,19,18,1,2,1,1,3,0,3
S01010809,All families in households,233,210,166,160,6,44,37,7,23,7,16
S01010809,Families with no dependent children,156,145,120,120,0,25,22,3,11,5,6
S01010809,Families with dependent children: Total,77,65,46,40,6,19,15,4,12,2,10
S01010809,Families with dependent children: Youngest aged 0 to 4,31,25,12,12,0,13,12,1,6,0,6
S01010809,Families with dependent children: Youngest aged 5 to 11,22,19,14,13,1,5,3,2,3,0,3
S01010809,Families with dependent children: Youngest aged 12 to 18,24,21,20,15,5,1,0,1,3,2,1
S01010810,All families in households,138,118,98,96,2,20,16,4,20,2,18
S01010810,Families with no dependent children,92,84,73,71,2,11,11,0,8,0,8
S01010810,Families with dependent children: Total,46,34,25,25,0,9,5,4,12,2,10
S01010810,Families with dependent children: Youngest aged 0 to 4,11,10,7,7,0,3,3,0,1,0,1
S01010810,Families with dependent children: Youngest aged 5 to 11,19,15,10,10,0,5,2,3,4,0,4
S01010810,Families with dependent children: Youngest aged 12 to 18,16,9,8,8,0,1,0,1,7,2,5
S01010811,All families in households,259,230,191,182,9,39,36,3,29,4,25
S01010811,Families with no dependent children,181,162,135,132,3,27,26,1,19,2,17
S01010811,Families with dependent children: Total,78,68,56,50,6,12,10,2,10,2,8
S01010811,Families with dependent children: Youngest aged 0 to 4,23,21,13,12,1,8,8,0,2,0,2
S01010811,Families with dependent children: Youngest aged 5 to 11,27,24,21,18,3,3,2,1,3,0,3
S01010811,Families with dependent children: Youngest aged 12 to 18,28,23,22,20,2,1,0,1,5,2,3
S01010812,All families in households,135,123,101,92,9,22,20,2,12,1,11
S01010812,Families with no dependent children,92,86,70,66,4,16,16,0,6,1,5
S01010812,Families with dependent children: Total,43,37,31,26,5,6,4,2,6,0,6
S01010812,Families with dependent children: Youngest aged 0 to 4,16,13,11,10,1,2,1,1,3,0,3
S01010812,Families with dependent children: Youngest aged 5 to 11,16,16,12,9,3,4,3,1,0,0,0
S01010812,Families with dependent children: Youngest aged 12 to 18,11,8,8,7,1,0,0,0,3,0,3
S01010813,All families in households,160,134,110,104,6,24,23,1,26,9,17
S01010813,Families with no dependent children,107,98,82,81,1,16,16,0,9,5,4
S01010813,Families with dependent children: Total,53,36,28,23,5,8,7,1,17,4,13
S01010813,Families with dependent children: Youngest aged 0 to 4,19,14,9,6,3,5,4,1,5,0,5
S01010813,Families with dependent children: Youngest aged 5 to 11,14,12,9,8,1,3,3,0,2,0,2
S01010813,Families with dependent children: Youngest aged 12 to 18,20,10,10,9,1,0,0,0,10,4,6
S01010814,All families in households,173,151,135,132,3,16,15,1,22,1,21
S01010814,Families with no dependent children,113,105,93,93,0,12,12,0,8,1,7
S01010814,Families with dependent children: Total,60,46,42,39,3,4,3,1,14,0,14
S01010814,Families with dependent children: Youngest aged 0 to 4,15,14,12,12,0,2,1,1,1,0,1
S01010814,Families with dependent children: Youngest aged 5 to 11,24,15,15,13,2,0,0,0,9,0,9
S01010814,Families with dependent children: Youngest aged 12 to 18,21,17,15,14,1,2,2,0,4,0,4
S01010815,All families in households,132,116,96,90,6,20,15,5,16,3,13
S01010815,Families with no dependent children,85,77,68,67,1,9,9,0,8,2,6
S01010815,Families with dependent children: Total,47,39,28,23,5,11,6,5,8,1,7
S01010815,Families with dependent children: Youngest aged 0 to 4,13,11,5,3,2,6,2,4,2,0,2
S01010815,Families with dependent children: Youngest aged 5 to 11,19,16,14,11,3,2,1,1,3,0,3
S01010815,Families with dependent children: Youngest aged 12 to 18,15,12,9,9,0,3,3,0,3,1,2
S01010816,All families in households,183,157,148,145,3,9,8,1,26,4,22
S01010816,Families with no dependent children,110,98,92,92,0,6,6,0,12,2,10
S01010816,Families with dependent children: Total,73,59,56,53,3,3,2,1,14,2,12
S01010816,Families with dependent children: Youngest aged 0 to 4,20,16,14,12,2,2,2,0,4,0,4
S01010816,Families with dependent children: Youngest aged 5 to 11,28,24,23,23,0,1,0,1,4,0,4
S01010816,Families with dependent children: Youngest aged 12 to 18,25,19,19,18,1,0,0,0,6,2,4
S01010817,All families in households,274,247,230,225,5,17,12,5,27,7,20
S01010817,Families with no dependent children,153,146,140,138,2,6,5,1,7,1,6
S01010817,Families with dependent children: Total,121,101,90,87,3,11,7,4,20,6,14
S01010817,Families with dependent children: Youngest aged 0 to 4,37,34,31,30,1,3,3,0,3,0,3
S01010817,Families with dependent children: Youngest aged 5 to 11,43,33,29,27,2,4,3,1,10,4,6
S01010817,Families with dependent children: Youngest aged 12 to 18,41,34,30,30,0,4,1,3,7,2,5
S01010818,All families in households,287,250,228,224,4,22,18,4,37,4,33
S01010818,Families with no dependent children,162,152,139,139,0,13,12,1,10,1,9
S01010818,Families with dependent children: Total,125,98,89,85,4,9,6,3,27,3,24
S01010818,Families with dependent children: Youngest aged 0 to 4,35,26,23,23,0,3,3,0,9,0,9
S01010818,Families with dependent children: Youngest aged 5 to 11,51,43,38,36,2,5,2,3,8,0,8
S01010818,Families with dependent children: Youngest aged 12 to 18,39,29,28,26,2,1,1,0,10,3,7
S01010819,All families in households,253,212,182,180,2,30,26,4,41,6,35
S01010819,Families with no dependent children,172,153,129,128,1,24,24,0,19,5,14
S01010819,Families with dependent children: Total,81,59,53,52,1,6,2,4,22,1,21
S01010819,Families with dependent children: Youngest aged 0 to 4,32,26,24,24,0,2,2,0,6,0,6
S01010819,Families with dependent children: Youngest aged 5 to 11,25,17,15,15,0,2,0,2,8,0,8
S01010819,Families with dependent children: Youngest aged 12 to 18,24,16,14,13,1,2,0,2,8,1,7
S01010820,All families in households,162,144,131,128,3,13,11,2,18,2,16
S01010820,Families with no dependent children,97,92,86,84,2,6,5,1,5,1,4
S01010820,Families with dependent children: Total,65,52,45,44,1,7,6,1,13,1,12
S01010820,Families with dependent children: Youngest aged 0 to 4,27,24,20,19,1,4,4,0,3,0,3
S01010820,Families with dependent children: Youngest aged 5 to 11,17,14,11,11,0,3,2,1,3,0,3
S01010820,Families with dependent children: Youngest aged 12 to 18,21,14,14,14,0,0,0,0,7,1,6
S01010821,All families in households,193,185,180,173,7,5,3,2,8,2,6
S01010821,Families with no dependent children,132,128,125,121,4,3,2,1,4,1,3
S01010821,Families with dependent children: Total,61,57,55,52,3,2,1,1,4,1,3
S01010821,Families with dependent children: Youngest aged 0 to 4,23,23,23,22,1,0,0,0,0,0,0
S01010821,Families with dependent children: Youngest aged 5 to 11,16,15,15,14,1,0,0,0,1,0,1
S01010821,Families with dependent children: Youngest aged 12 to 18,22,19,17,16,1,2,1,1,3,1,2
S01010822,All families in households,198,178,167,160,7,11,11,0,20,4,16
S01010822,Families with no dependent children,114,109,98,95,3,11,11,0,5,1,4
S01010822,Families with dependent children: Total,84,69,69,65,4,0,0,0,15,3,12
S01010822,Families with dependent children: Youngest aged 0 to 4,29,27,27,26,1,0,0,0,2,0,2
S01010822,Families with dependent children: Youngest aged 5 to 11,34,30,30,28,2,0,0,0,4,0,4
S01010822,Families with dependent children: Youngest aged 12 to 18,21,12,12,11,1,0,0,0,9,3,6
S01010823,All families in households,132,109,81,75,6,28,21,7,23,2,21
S01010823,Families with no dependent children,51,47,38,38,0,9,9,0,4,1,3
S01010823,Families with dependent children: Total,81,62,43,37,6,19,12,7,19,1,18
S01010823,Families with dependent children: Youngest aged 0 to 4,39,31,18,16,2,13,9,4,8,0,8
S01010823,Families with dependent children: Youngest aged 5 to 11,23,15,11,11,0,4,2,2,8,1,7
S01010823,Families with dependent children: Youngest aged 12 to 18,19,16,14,10,4,2,1,1,3,0,3
S01010824,All families in households,218,196,172,163,9,24,16,8,22,4,18
S01010824,Families with no dependent children,77,71,60,58,2,11,9,2,6,1,5
S01010824,Families with dependent children: Total,141,125,112,105,7,13,7,6,16,3,13
S01010824,Families with dependent children: Youngest aged 0 to 4,38,35,33,32,1,2,1,1,3,0,3
S01010824,Families with dependent children: Youngest aged 5 to 11,66,59,52,49,3,7,3,4,7,2,5
S01010824,Families with dependent children: Youngest aged 12 to 18,37,31,27,24,3,4,3,1,6,1,5
S01010825,All families in households,110,100,91,84,7,9,8,1,10,1,9
S01010825,Families with no dependent children,46,43,40,38,2,3,3,0,3,1,2
S01010825,Families with dependent children: Total,64,57,51,46,5,6,5,1,7,0,7
S01010825,Families with dependent children: Youngest aged 0 to 4,33,32,28,23,5,4,3,1,1,0,1
S01010825,Families with dependent children: Youngest aged 5 to 11,20,16,15,15,0,1,1,0,4,0,4
S01010825,Families with dependent children: Youngest aged 12 to 18,11,9,8,8,0,1,1,0,2,0,2
S01010826,All families in households,231,198,181,172,9,17,13,4,33,4,29
S01010826,Families with no dependent children,137,132,121,119,2,11,10,1,5,2,3
S01010826,Families with dependent children: Total,94,66,60,53,7,6,3,3,28,2,26
S01010826,Families with dependent children: Youngest aged 0 to 4,30,16,14,13,1,2,1,1,14,1,13
S01010826,Families with dependent children: Youngest aged 5 to 11,31,23,21,20,1,2,1,1,8,0,8
S01010826,Families with dependent children: Youngest aged 12 to 18,33,27,25,20,5,2,1,1,6,1,5
S01010827,All families in households,191,174,156,150,6,18,14,4,17,1,16
S01010827,Families with no dependent children,113,105,97,93,4,8,6,2,8,1,7
S01010827,Families with dependent children: Total,78,69,59,57,2,10,8,2,9,0,9
S01010827,Families with dependent children: Youngest aged 0 to 4,24,23,18,18,0,5,5,0,1,0,1
S01010827,Families with dependent children: Youngest aged 5 to 11,26,20,16,16,0,4,3,1,6,0,6
S01010827,Families with dependent children: Youngest aged 12 to 18,28,26,25,23,2,1,0,1,2,0,2
S01010828,All families in households,363,339,305,290,15,34,28,6,24,0,24
S01010828,Families with no dependent children,167,159,142,136,6,17,15,2,8,0,8
S01010828,Families with dependent children: Total,196,180,163,154,9,17,13,4,16,0,16
S01010828,Families with dependent children: Youngest aged 0 to 4,47,41,34,30,4,7,7,0,6,0,6
S01010828,Families with dependent children: Youngest aged 5 to 11,76,74,66,65,1,8,6,2,2,0,2
S01010828,Families with dependent children: Youngest aged 12 to 18,73,65,63,59,4,2,0,2,8,0,8
S01010829,All families in households,259,241,206,200,6,35,32,3,18,1,17
S01010829,Families with no dependent children,192,184,157,153,4,27,26,1,8,1,7
S01010829,Families with dependent children: Total,67,57,49,47,2,8,6,2,10,0,10
S01010829,Families with dependent children: Youngest aged 0 to 4,28,23,20,20,0,3,3,0,5,0,5
S01010829,Families with dependent children: Youngest aged 5 to 11,20,19,16,15,1,3,2,1,1,0,1
S01010829,Families with dependent children: Youngest aged 12 to 18,19,15,13,12,1,2,1,1,4,0,4
S01010830,All families in households,167,139,119,114,5,20,18,2,28,6,22
S01010830,Families with no dependent children,108,94,81,79,2,13,13,0,14,4,10
S01010830,Families with dependent children: Total,59,45,38,35,3,7,5,2,14,2,12
S01010830,Families with dependent children: Youngest aged 0 to 4,16,12,8,8,0,4,4,0,4,0,4
S01010830,Families with dependent children: Youngest aged 5 to 11,18,13,12,11,1,1,1,0,5,1,4
S01010830,Families with dependent children: Youngest aged 12 to 18,25,20,18,16,2,2,0,2,5,1,4
S01010831,All families in households,172,159,148,142,6,11,10,1,13,3,10
S01010831,Families with no dependent children,58,54,50,46,4,4,4,0,4,3,1
S01010831,Families with dependent children: Total,114,105,98,96,2,7,6,1,9,0,9
S01010831,Families with dependent children: Youngest aged 0 to 4,28,27,27,26,1,0,0,0,1,0,1
S01010831,Families with dependent children: Youngest aged 5 to 11,49,43,38,37,1,5,5,0,6,0,6
S01010831,Families with dependent children: Youngest aged 12 to 18,37,35,33,33,0,2,1,1,2,0,2
S01010832,All families in households,215,186,150,144,6,36,31,5,29,3,26
S01010832,Families with no dependent children,115,101,87,85,2,14,12,2,14,2,12
S01010832,Families with dependent children: Total,100,85,63,59,4,22,19,3,15,1,14
S01010832,Families with dependent children: Youngest aged 0 to 4,34,27,15,15,0,12,11,1,7,0,7
S01010832,Families with dependent children: Youngest aged 5 to 11,26,22,18,17,1,4,4,0,4,1,3
S01010832,Families with dependent children: Youngest aged 12 to 18,40,36,30,27,3,6,4,2,4,0,4
S01010833,All families in households,269,260,233,227,6,27,22,5,9,2,7
S01010833,Families with no dependent children,153,148,135,133,2,13,13,0,5,1,4
S01010833,Families with dependent children: Total,116,112,98,94,4,14,9,5,4,1,3
S01010833,Families with dependent children: Youngest aged 0 to 4,36,33,26,25,1,7,7,0,3,1,2
S01010833,Families with dependent children: Youngest aged 5 to 11,33,33,31,29,2,2,1,1,0,0,0
S01010833,Families with dependent children: Youngest aged 12 to 18,47,46,41,40,1,5,1,4,1,0,1
S01010834,All families in households,292,272,251,250,1,21,19,2,20,5,15
S01010834,Families with no dependent children,202,191,176,176,0,15,15,0,11,5,6
S01010834,Families with dependent children: Total,90,81,75,74,1,6,4,2,9,0,9
S01010834,Families with dependent children: Youngest aged 0 to 4,27,25,22,22,0,3,2,1,2,0,2
S01010834,Families with dependent children: Youngest aged 5 to 11,26,24,22,21,1,2,2,0,2,0,2
S01010834,Families with dependent children: Youngest aged 12 to 18,37,32,31,31,0,1,0,1,5,0,5
S01010835,All families in households,212,195,184,180,4,11,7,4,17,4,13
S01010835,Families with no dependent children,155,144,138,136,2,6,4,2,11,4,7
S01010835,Families with dependent children: Total,57,51,46,44,2,5,3,2,6,0,6
S01010835,Families with dependent children: Youngest aged 0 to 4,10,8,6,6,0,2,1,1,2,0,2
S01010835,Families with dependent children: Youngest aged 5 to 11,16,15,12,10,2,3,2,1,1,0,1
S01010835,Families with dependent children: Youngest aged 12 to 18,31,28,28,28,0,0,0,0,3,0,3
S01010836,All families in households,225,188,158,149,9,30,26,4,37,4,33
S01010836,Families with no dependent children,151,136,115,112,3,21,20,1,15,2,13
S01010836,Families with dependent children: Total,74,52,43,37,6,9,6,3,22,2,20
S01010836,Families with dependent children: Youngest aged 0 to 4,20,17,14,12,2,3,2,1,3,0,3
S01010836,Families with dependent children: Youngest aged 5 to 11,24,16,12,11,1,4,3,1,8,0,8
S01010836,Families with dependent children: Youngest aged 12 to 18,30,19,17,14,3,2,1,1,11,2,9
S01010837,All families in households,210,158,145,140,5,13,11,2,52,7,45
S01010837,Families with no dependent children,135,112,105,102,3,7,6,1,23,4,19
S01010837,Families with dependent children: Total,75,46,40,38,2,6,5,1,29,3,26
S01010837,Families with dependent children: Youngest aged 0 to 4,18,12,8,8,0,4,3,1,6,0,6
S01010837,Families with dependent children: Youngest aged 5 to 11,31,16,15,14,1,1,1,0,15,3,12
S01010837,Families with dependent children: Youngest aged 12 to 18,26,18,17,16,1,1,1,0,8,0,8
S01010838,All families in households,236,188,153,144,9,35,27,8,48,7,41
S01010838,Families with no dependent children,120,100,80,77,3,20,17,3,20,2,18
S01010838,Families with dependent children: Total,116,88,73,67,6,15,10,5,28,5,23
S01010838,Families with dependent children: Youngest aged 0 to 4,35,30,23,22,1,7,5,2,5,1,4
S01010838,Families with dependent children: Youngest aged 5 to 11,40,26,22,20,2,4,3,1,14,1,13
S01010838,Families with dependent children: Youngest aged 12 to 18,41,32,28,25,3,4,2,2,9,3,6
S01010839,All families in households,207,157,136,129,7,21,19,2,50,6,44
S01010839,Families with no dependent children,115,92,80,78,2,12,12,0,23,5,18
S01010839,Families with dependent children: Total,92,65,56,51,5,9,7,2,27,1,26
S01010839,Families with dependent children: Youngest aged 0 to 4,27,21,17,17,0,4,2,2,6,0,6
S01010839,Families with dependent children: Youngest aged 5 to 11,36,23,21,19,2,2,2,0,13,0,13
S01010839,Families with dependent children: Youngest aged 12 to 18,29,21,18,15,3,3,3,0,8,1,7
S01010840,All families in households,127,96,73,67,6,23,21,2,31,2,29
S01010840,Families with no dependent children,90,76,55,51,4,21,19,2,14,0,14
S01010840,Families with dependent children: Total,37,20,18,16,2,2,2,0,17,2,15
S01010840,Families with dependent children: Youngest aged 0 to 4,19,10,8,8,0,2,2,0,9,0,9
S01010840,Families with dependent children: Youngest aged 5 to 11,8,4,4,3,1,0,0,0,4,1,3
S01010840,Families with dependent children: Youngest aged 12 to 18,10,6,6,5,1,0,0,0,4,1,3
S01010841,All families in households,222,175,136,131,5,39,35,4,47,10,37
S01010841,Families with no dependent children,144,124,96,93,3,28,25,3,20,9,11
S01010841,Families with dependent children: Total,78,51,40,38,2,11,10,1,27,1,26
S01010841,Families with dependent children: Youngest aged 0 to 4,37,27,20,19,1,7,7,0,10,0,10
S01010841,Families with dependent children: Youngest aged 5 to 11,19,12,9,9,0,3,2,1,7,0,7
S01010841,Families with dependent children: Youngest aged 12 to 18,22,12,11,10,1,1,1,0,10,1,9
S01010842,All families in households,193,130,96,91,5,34,28,6,63,12,51
S01010842,Families with no dependent children,126,106,75,72,3,31,27,4,20,6,14
S01010842,Families with dependent children: Total,67,24,21,19,2,3,1,2,43,6,37
S01010842,Families with dependent children: Youngest aged 0 to 4,34,13,12,11,1,1,1,0,21,4,17
S01010842,Families with dependent children: Youngest aged 5 to 11,16,5,4,3,1,1,0,1,11,2,9
S01010842,Families with dependent children: Youngest aged 12 to 18,17,6,5,5,0,1,0,1,11,0,11
S01010843,All families in households,150,118,91,86,5,27,24,3,32,3,29
S01010843,Families with no dependent children,106,96,77,74,3,19,17,2,10,2,8
S01010843,Families with dependent children: Total,44,22,14,12,2,8,7,1,22,1,21
S01010843,Families with dependent children: Youngest aged 0 to 4,16,11,5,5,0,6,5,1,5,0,5
S01010843,Families with dependent children: Youngest aged 5 to 11,14,7,6,5,1,1,1,0,7,0,7
S01010843,Families with dependent children: Youngest aged 12 to 18,14,4,3,2,1,1,1,0,10,1,9
S01010844,All families in households,208,185,168,167,1,17,12,5,23,5,18
S01010844,Families with no dependent children,135,121,113,112,1,8,8,0,14,5,9
S01010844,Families with dependent children: Total,73,64,55,55,0,9,4,5,9,0,9
S01010844,Families with dependent children: Youngest aged 0 to 4,20,18,14,14,0,4,3,1,2,0,2
S01010844,Families with dependent children: Youngest aged 5 to 11,27,22,20,20,0,2,1,1,5,0,5
S01010844,Families with dependent children: Youngest aged 12 to 18,26,24,21,21,0,3,0,3,2,0,2
S01010845,All families in households,197,167,155,150,5,12,11,1,30,2,28
S01010845,Families with no dependent children,129,112,105,102,3,7,7,0,17,1,16
S01010845,Families with dependent children: Total,68,55,50,48,2,5,4,1,13,1,12
S01010845,Families with dependent children: Youngest aged 0 to 4,24,19,16,15,1,3,3,0,5,0,5
S01010845,Families with dependent children: Youngest aged 5 to 11,20,15,15,14,1,0,0,0,5,1,4
S01010845,Families with dependent children: Youngest aged 12 to 18,24,21,19,19,0,2,1,1,3,0,3
S01010846,All families in households,226,140,113,102,11,27,22,5,86,6,80
S01010846,Families with no dependent children,123,86,72,67,5,14,14,0,37,2,35
S01010846,Families with dependent children: Total,103,54,41,35,6,13,8,5,49,4,45
S01010846,Families with dependent children: Youngest aged 0 to 4,34,22,15,11,4,7,6,1,12,2,10
S01010846,Families with dependent children: Youngest aged 5 to 11,37,17,12,11,1,5,2,3,20,1,19
S01010846,Families with dependent children: Youngest aged 12 to 18,32,15,14,13,1,1,0,1,17,1,16
S01010847,All families in households,197,170,149,144,5,21,18,3,27,3,24
S01010847,Families with no dependent children,107,102,88,85,3,14,13,1,5,0,5
S01010847,Families with dependent children: Total,90,68,61,59,2,7,5,2,22,3,19
S01010847,Families with dependent children: Youngest aged 0 to 4,30,19,16,16,0,3,2,1,11,0,11
S01010847,Families with dependent children: Youngest aged 5 to 11,35,29,27,25,2,2,2,0,6,3,3
S01010847,Families with dependent children: Youngest aged 12 to 18,25,20,18,18,0,2,1,1,5,0,5
S01010848,All families in households,191,103,85,77,8,18,13,5,88,8,80
S01010848,Families with no dependent children,93,57,45,42,3,12,10,2,36,6,30
S01010848,Families with dependent children: Total,98,46,40,35,5,6,3,3,52,2,50
S01010848,Families with dependent children: Youngest aged 0 to 4,31,12,11,10,1,1,1,0,19,1,18
S01010848,Families with dependent children: Youngest aged 5 to 11,30,16,12,10,2,4,2,2,14,0,14
S01010848,Families with dependent children: Youngest aged 12 to 18,37,18,17,15,2,1,0,1,19,1,18
S01010849,All families in households,263,156,127,124,3,29,22,7,107,13,94
S01010849,Families with no dependent children,125,91,82,82,0,9,7,2,34,9,25
S01010849,Families with dependent children: Total,138,65,45,42,3,20,15,5,73,4,69
S01010849,Families with dependent children: Youngest aged 0 to 4,48,19,10,9,1,9,6,3,29,2,27
S01010849,Families with dependent children: Youngest aged 5 to 11,39,22,15,14,1,7,5,2,17,1,16
S01010849,Families with dependent children: Youngest aged 12 to 18,51,24,20,19,1,4,4,0,27,1,26
S01010850,All families in households,227,134,108,104,4,26,23,3,93,8,85
S01010850,Families with no dependent children,111,84,75,72,3,9,9,0,27,6,21
S01010850,Families with dependent children: Total,116,50,33,32,1,17,14,3,66,2,64
S01010850,Families with dependent children: Youngest aged 0 to 4,34,12,5,5,0,7,6,1,22,0,22
S01010850,Families with dependent children: Youngest aged 5 to 11,42,17,9,9,0,8,7,1,25,1,24
S01010850,Families with dependent children: Youngest aged 12 to 18,40,21,19,18,1,2,1,1,19,1,18
S01010851,All families in households,243,143,101,91,10,42,36,6,100,8,92
S01010851,Families with no dependent children,108,88,67,64,3,21,18,3,20,4,16
S01010851,Families with dependent children: Total,135,55,34,27,7,21,18,3,80,4,76
S01010851,Families with dependent children: Youngest aged 0 to 4,56,19,10,8,2,9,9,0,37,0,37
S01010851,Families with dependent children: Youngest aged 5 to 11,48,23,16,13,3,7,6,1,25,3,22
S01010851,Families with dependent children: Youngest aged 12 to 18,31,13,8,6,2,5,3,2,18,1,17
S01010852,All families in households,223,164,139,136,3,25,21,4,59,9,50
S01010852,Families with no dependent children,150,116,102,100,2,14,12,2,34,7,27
S01010852,Families with dependent children: Total,73,48,37,36,1,11,9,2,25,2,23
S01010852,Families with dependent children: Youngest aged 0 to 4,20,13,7,7,0,6,5,1,7,1,6
S01010852,Families with dependent children: Youngest aged 5 to 11,27,20,15,15,0,5,4,1,7,0,7
S01010852,Families with dependent children: Youngest aged 12 to 18,26,15,15,14,1,0,0,0,11,1,10
S01010853,All families in households,281,203,169,159,10,34,27,7,78,9,69
S01010853,Families with no dependent children,169,138,121,114,7,17,15,2,31,8,23
S01010853,Families with dependent children: Total,112,65,48,45,3,17,12,5,47,1,46
S01010853,Families with dependent children: Youngest aged 0 to 4,42,20,12,12,0,8,6,2,22,0,22
S01010853,Families with dependent children: Youngest aged 5 to 11,33,22,18,17,1,4,3,1,11,1,10
S01010853,Families with dependent children: Youngest aged 12 to 18,37,23,18,16,2,5,3,2,14,0,14
S01010854,All families in households,272,163,120,110,10,43,32,11,109,10,99
S01010854,Families with no dependent children,118,91,75,68,7,16,13,3,27,6,21
S01010854,Families with dependent children: Total,154,72,45,42,3,27,19,8,82,4,78
S01010854,Families with dependent children: Youngest aged 0 to 4,61,29,17,16,1,12,12,0,32,1,31
S01010854,Families with dependent children: Youngest aged 5 to 11,52,25,16,15,1,9,6,3,27,1,26
S01010854,Families with dependent children: Youngest aged 12 to 18,41,18,12,11,1,6,1,5,23,2,21
S01010855,All families in households,168,115,94,92,2,21,16,5,53,8,45
S01010855,Families with no dependent children,98,74,61,60,1,13,10,3,24,7,17
S01010855,Families with dependent children: Total,70,41,33,32,1,8,6,2,29,1,28
S01010855,Families with dependent children: Youngest aged 0 to 4,21,13,10,10,0,3,2,1,8,0,8
S01010855,Families with dependent children: Youngest aged 5 to 11,33,18,14,13,1,4,3,1,15,1,14
S01010855,Families with dependent children: Youngest aged 12 to 18,16,10,9,9,0,1,1,0,6,0,6
S01010856,All families in households,237,157,130,126,4,27,22,5,80,14,66
S01010856,Families with no dependent children,129,102,88,85,3,14,13,1,27,7,20
S01010856,Families with dependent children: Total,108,55,42,41,1,13,9,4,53,7,46
S01010856,Families with dependent children: Youngest aged 0 to 4,49,22,15,14,1,7,7,0,27,3,24
S01010856,Families with dependent children: Youngest aged 5 to 11,35,17,12,12,0,5,1,4,18,4,14
S01010856,Families with dependent children: Youngest aged 12 to 18,24,16,15,15,0,1,1,0,8,0,8
S01010857,All families in households,257,181,155,148,7,26,24,2,76,0,76
S01010857,Families with no dependent children,104,85,74,69,5,11,11,0,19,0,19
S01010857,Families with dependent children: Total,153,96,81,79,2,15,13,2,57,0,57
S01010857,Families with dependent children: Youngest aged 0 to 4,44,26,22,22,0,4,4,0,18,0,18
S01010857,Families with dependent children: Youngest aged 5 to 11,57,36,31,29,2,5,4,1,21,0,21
S01010857,Families with dependent children: Youngest aged 12 to 18,52,34,28,28,0,6,5,1,18,0,18
S01010858,All families in households,208,139,112,105,7,27,24,3,69,9,60
S01010858,Families with no dependent children,121,94,78,72,6,16,16,0,27,6,21
S01010858,Families with dependent children: Total,87,45,34,33,1,11,8,3,42,3,39
S01010858,Families with dependent children: Youngest aged 0 to 4,34,13,8,8,0,5,5,0,21,0,21
S01010858,Families with dependent children: Youngest aged 5 to 11,31,17,13,13,0,4,3,1,14,2,12
S01010858,Families with dependent children: Youngest aged 12 to 18,22,15,13,12,1,2,0,2,7,1,6
S01010859,All families in households,203,128,114,107,7,14,10,4,75,6,69
S01010859,Families with no dependent children,107,82,78,75,3,4,3,1,25,4,21
S01010859,Families with dependent children: Total,96,46,36,32,4,10,7,3,50,2,48
S01010859,Families with dependent children: Youngest aged 0 to 4,32,13,9,8,1,4,3,1,19,0,19
S01010859,Families with dependent children: Youngest aged 5 to 11,36,17,13,12,1,4,3,1,19,2,17
S01010859,Families with dependent children: Youngest aged 12 to 18,28,16,14,12,2,2,1,1,12,0,12
S01010860,All families in households,188,136,118,114,4,18,16,2,52,4,48
S01010860,Families with no dependent children,118,101,89,89,0,12,10,2,17,2,15
S01010860,Families with dependent children: Total,70,35,29,25,4,6,6,0,35,2,33
S01010860,Families with dependent children: Youngest aged 0 to 4,22,6,4,4,0,2,2,0,16,0,16
S01010860,Families with dependent children: Youngest aged 5 to 11,20,12,11,10,1,1,1,0,8,0,8
S01010860,Families with dependent children: Youngest aged 12 to 18,28,17,14,11,3,3,3,0,11,2,9
S01010861,All families in households,170,104,85,80,5,19,13,6,66,6,60
S01010861,Families with no dependent children,87,72,65,62,3,7,3,4,15,3,12
S01010861,Families with dependent children: Total,83,32,20,18,2,12,10,2,51,3,48
S01010861,Families with dependent children: Youngest aged 0 to 4,41,18,8,7,1,10,9,1,23,1,22
S01010861,Families with dependent children: Youngest aged 5 to 11,24,8,7,6,1,1,1,0,16,2,14
S01010861,Families with dependent children: Youngest aged 12 to 18,18,6,5,5,0,1,0,1,12,0,12
S01010862,All families in households,134,57,46,42,4,11,8,3,77,8,69
S01010862,Families with no dependent children,61,34,29,28,1,5,4,1,27,6,21
S01010862,Families with dependent children: Total,73,23,17,14,3,6,4,2,50,2,48
S01010862,Families with dependent children: Youngest aged 0 to 4,29,9,5,3,2,4,2,2,20,0,20
S01010862,Families with dependent children: Youngest aged 5 to 11,24,3,3,3,0,0,0,0,21,1,20
S01010862,Families with dependent children: Youngest aged 12 to 18,20,11,9,8,1,2,2,0,9,1,8
S01010863,All families in households,223,188,169,161,8,19,11,8,35,4,31
S01010863,Families with no dependent children,144,124,115,112,3,9,8,1,20,3,17
S01010863,Families with dependent children: Total,79,64,54,49,5,10,3,7,15,1,14
S01010863,Families with dependent children: Youngest aged 0 to 4,28,24,19,19,0,5,2,3,4,0,4
S01010863,Families with dependent children: Youngest aged 5 to 11,26,22,19,16,3,3,1,2,4,0,4
S01010863,Families with dependent children: Youngest aged 12 to 18,25,18,16,14,2,2,0,2,7,1,6
S01010864,All families in households,176,158,151,148,3,7,6,1,18,1,17
S01010864,Families with no dependent children,118,112,107,106,1,5,5,0,6,1,5
S01010864,Families with dependent children: Total,58,46,44,42,2,2,1,1,12,0,12
S01010864,Families with dependent children: Youngest aged 0 to 4,16,11,11,11,0,0,0,0,5,0,5
S01010864,Families with dependent children: Youngest aged 5 to 11,21,17,16,15,1,1,0,1,4,0,4
S01010864,Families with dependent children: Youngest aged 12 to 18,21,18,17,16,1,1,1,0,3,0,3
S01010865,All families in households,217,199,183,180,3,16,12,4,18,0,18
S01010865,Families with no dependent children,170,161,149,149,0,12,10,2,9,0,9
S01010865,Families with dependent children: Total,47,38,34,31,3,4,2,2,9,0,9
S01010865,Families with dependent children: Youngest aged 0 to 4,19,14,11,10,1,3,2,1,5,0,5
S01010865,Families with dependent children: Youngest aged 5 to 11,11,9,8,7,1,1,0,1,2,0,2
S01010865,Families with dependent children: Youngest aged 12 to 18,17,15,15,14,1,0,0,0,2,0,2
S01010866,All families in households,192,173,160,156,4,13,9,4,19,3,16
S01010866,Families with no dependent children,133,126,119,118,1,7,6,1,7,2,5
S01010866,Families with dependent children: Total,59,47,41,38,3,6,3,3,12,1,11
S01010866,Families with dependent children: Youngest aged 0 to 4,17,14,11,10,1,3,2,1,3,0,3
S01010866,Families with dependent children: Youngest aged 5 to 11,22,18,16,16,0,2,1,1,4,0,4
S01010866,Families with dependent children: Youngest aged 12 to 18,20,15,14,12,2,1,0,1,5,1,4
S01010867,All families in households,184,166,149,140,9,17,17,0,18,2,16
S01010867,Families with no dependent children,116,108,96,93,3,12,12,0,8,1,7
S01010867,Families with dependent children: Total,68,58,53,47,6,5,5,0,10,1,9
S01010867,Families with dependent children: Youngest aged 0 to 4,22,21,17,14,3,4,4,0,1,0,1
S01010867,Families with dependent children: Youngest aged 5 to 11,23,19,18,16,2,1,1,0,4,0,4
S01010867,Families with dependent children: Youngest aged 12 to 18,23,18,18,17,1,0,0,0,5,1,4
S01010868,All families in households,213,188,161,157,4,27,24,3,25,1,24
S01010868,Families with no dependent children,146,136,116,114,2,20,19,1,10,0,10
S01010868,Families with dependent children: Total,67,52,45,43,2,7,5,2,15,1,14
S01010868,Families with dependent children: Youngest aged 0 to 4,27,20,17,17,0,3,3,0,7,0,7
S01010868,Families with dependent children: Youngest aged 5 to 11,19,14,13,12,1,1,1,0,5,0,5
S01010868,Families with dependent children: Youngest aged 12 to 18,21,18,15,14,1,3,1,2,3,1,2
S01010869,All families in households,216,193,176,172,4,17,8,9,23,5,18
S01010869,Families with no dependent children,132,121,111,109,2,10,6,4,11,4,7
S01010869,Families with dependent children: Total,84,72,65,63,2,7,2,5,12,1,11
S01010869,Families with dependent children: Youngest aged 0 to 4,22,17,14,14,0,3,2,1,5,0,5
S01010869,Families with dependent children: Youngest aged 5 to 11,25,25,24,23,1,1,0,1,0,0,0
S01010869,Families with dependent children: Youngest aged 12 to 18,37,30,27,26,1,3,0,3,7,1,6
S01010870,All families in households,209,157,127,124,3,30,25,5,52,8,44
S01010870,Families with no dependent children,130,106,83,82,1,23,20,3,24,6,18
S01010870,Families with dependent children: Total,79,51,44,42,2,7,5,2,28,2,26
S01010870,Families with dependent children: Youngest aged 0 to 4,34,25,21,20,1,4,4,0,9,0,9
S01010870,Families with dependent children: Youngest aged 5 to 11,26,18,15,14,1,3,1,2,8,1,7
S01010870,Families with dependent children: Youngest aged 12 to 18,19,8,8,8,0,0,0,0,11,1,10
S01010871,All families in households,215,176,149,144,5,27,21,6,39,1,38
S01010871,Families with no dependent children,120,104,90,89,1,14,14,0,16,0,16
S01010871,Families with dependent children: Total,95,72,59,55,4,13,7,6,23,1,22
S01010871,Families with dependent children: Youngest aged 0 to 4,43,28,21,20,1,7,6,1,15,0,15
S01010871,Families with dependent children: Youngest aged 5 to 11,22,18,14,13,1,4,1,3,4,0,4
S01010871,Families with dependent children: Youngest aged 12 to 18,30,26,24,22,2,2,0,2,4,1,3
S01010872,All families in households,184,136,107,105,2,29,25,4,48,1,47
S01010872,Families with no dependent children,118,100,81,81,0,19,19,0,18,0,18
S01010872,Families with dependent children: Total,66,36,26,24,2,10,6,4,30,1,29
S01010872,Families with dependent children: Youngest aged 0 to 4,31,14,9,9,0,5,4,1,17,0,17
S01010872,Families with dependent children: Youngest aged 5 to 11,14,9,6,5,1,3,2,1,5,1,4
S01010872,Families with dependent children: Youngest aged 12 to 18,21,13,11,10,1,2,0,2,8,0,8
S01010873,All families in households,106,63,43,39,4,20,20,0,43,5,38
S01010873,Families with no dependent children,66,53,37,35,2,16,16,0,13,1,12
S01010873,Families with dependent children: Total,40,10,6,4,2,4,4,0,30,4,26
S01010873,Families with dependent children: Youngest aged 0 to 4,13,4,2,2,0,2,2,0,9,0,9
S01010873,Families with dependent children: Youngest aged 5 to 11,16,0,0,0,0,0,0,0,16,2,14
S01010873,Families with dependent children: Youngest aged 12 to 18,11,6,4,2,2,2,2,0,5,2,3
S01010874,All families in households,209,170,145,137,8,25,18,7,39,6,33
S01010874,Families with no dependent children,118,105,88,83,5,17,13,4,13,4,9
S01010874,Families with dependent children: Total,91,65,57,54,3,8,5,3,26,2,24
S01010874,Families with dependent children: Youngest aged 0 to 4,32,22,16,15,1,6,3,3,10,0,10
S01010874,Families with dependent children: Youngest aged 5 to 11,28,21,20,19,1,1,1,0,7,0,7
S01010874,Families with dependent children: Youngest aged 12 to 18,31,22,21,20,1,1,1,0,9,2,7
S01010875,All families in households,142,103,78,72,6,25,21,4,39,5,34
S01010875,Families with no dependent children,72,64,49,48,1,15,15,0,8,3,5
S01010875,Families with dependent children: Total,70,39,29,24,5,10,6,4,31,2,29
S01010875,Families with dependent children: Youngest aged 0 to 4,28,16,10,8,2,6,5,1,12,0,12
S01010875,Families with dependent children: Youngest aged 5 to 11,27,17,14,14,0,3,1,2,10,0,10
S01010875,Families with dependent children: Youngest aged 12 to 18,15,6,5,2,3,1,0,1,9,2,7
S01010876,All families in households,203,118,75,71,4,43,36,7,85,9,76
S01010876,Families with no dependent children,108,78,50,48,2,28,25,3,30,6,24
S01010876,Families with dependent children: Total,95,40,25,23,2,15,11,4,55,3,52
S01010876,Families with dependent children: Youngest aged 0 to 4,47,23,12,10,2,11,10,1,24,0,24
S01010876,Families with dependent children: Youngest aged 5 to 11,25,9,6,6,0,3,1,2,16,0,16
S01010876,Families with dependent children: Youngest aged 12 to 18,23,8,7,7,0,1,0,1,15,3,12
S01010877,All families in households,270,188,153,152,1,35,28,7,82,6,76
S01010877,Families with no dependent children,154,126,106,105,1,20,19,1,28,4,24
S01010877,Families with dependent children: Total,116,62,47,47,0,15,9,6,54,2,52
S01010877,Families with dependent children: Youngest aged 0 to 4,45,22,16,16,0,6,6,0,23,0,23
S01010877,Families with dependent children: Youngest aged 5 to 11,32,17,13,13,0,4,2,2,15,0,15
S01010877,Families with dependent children: Youngest aged 12 to 18,39,23,18,18,0,5,1,4,16,2,14
S01010878,All families in households,279,207,177,172,5,30,26,4,72,10,62
S01010878,Families with no dependent children,188,150,135,134,1,15,12,3,38,6,32
S01010878,Families with dependent children: Total,91,57,42,38,4,15,14,1,34,4,30
S01010878,Families with dependent children: Youngest aged 0 to 4,33,18,9,7,2,9,9,0,15,0,15
S01010878,Families with dependent children: Youngest aged 5 to 11,27,17,14,13,1,3,2,1,10,2,8
S01010878,Families with dependent children: Youngest aged 12 to 18,31,22,19,18,1,3,3,0,9,2,7
S01010879,All families in households,247,200,162,153,9,38,36,2,47,3,44
S01010879,Families with no dependent children,151,134,109,105,4,25,25,0,17,2,15
S01010879,Families with dependent children: Total,96,66,53,48,5,13,11,2,30,1,29
S01010879,Families with dependent children: Youngest aged 0 to 4,27,14,9,8,1,5,4,1,13,0,13
S01010879,Families with dependent children: Youngest aged 5 to 11,38,25,19,18,1,6,6,0,13,0,13
S01010879,Families with dependent children: Youngest aged 12 to 18,31,27,25,22,3,2,1,1,4,1,3
S01010880,All families in households,152,91,72,72,0,19,17,2,61,3,58
S01010880,Families with no dependent children,76,59,51,51,0,8,8,0,17,1,16
S01010880,Families with dependent children: Total,76,32,21,21,0,11,9,2,44,2,42
S01010880,Families with dependent children: Youngest aged 0 to 4,26,15,10,10,0,5,5,0,11,0,11
S01010880,Families with dependent children: Youngest aged 5 to 11,34,10,4,4,0,6,4,2,24,1,23
S01010880,Families with dependent children: Youngest aged 12 to 18,16,7,7,7,0,0,0,0,9,1,8
S01010881,All families in households,184,142,125,122,3,17,16,1,42,5,37
S01010881,Families with no dependent children,127,100,86,85,1,14,13,1,27,5,22
S01010881,Families with dependent children: Total,57,42,39,37,2,3,3,0,15,0,15
S01010881,Families with dependent children: Youngest aged 0 to 4,16,8,6,6,0,2,2,0,8,0,8
S01010881,Families with dependent children: Youngest aged 5 to 11,18,14,14,14,0,0,0,0,4,0,4
S01010881,Families with dependent children: Youngest aged 12 to 18,23,20,19,17,2,1,1,0,3,0,3
S01010882,All families in households,159,129,118,117,1,11,6,5,30,2,28
S01010882,Families with no dependent children,88,75,72,72,0,3,2,1,13,2,11
S01010882,Families with dependent children: Total,71,54,46,45,1,8,4,4,17,0,17
S01010882,Families with dependent children: Youngest aged 0 to 4,8,5,3,3,0,2,2,0,3,0,3
S01010882,Families with dependent children: Youngest aged 5 to 11,24,17,16,16,0,1,0,1,7,0,7
S01010882,Families with dependent children: Youngest aged 12 to 18,39,32,27,26,1,5,2,3,7,0,7
S01010883,All families in households,236,194,175,172,3,19,12,7,42,8,34
S01010883,Families with no dependent children,123,99,88,88,0,11,7,4,24,7,17
S01010883,Families with dependent children: Total,113,95,87,84,3,8,5,3,18,1,17
S01010883,Families with dependent children: Youngest aged 0 to 4,20,15,12,12,0,3,3,0,5,0,5
S01010883,Families with dependent children: Youngest aged 5 to 11,39,33,31,29,2,2,1,1,6,0,6
S01010883,Families with dependent children: Youngest aged 12 to 18,54,47,44,43,1,3,1,2,7,1,6
S01010884,All families in households,179,101,86,78,8,15,12,3,78,5,73
S01010884,Families with no dependent children,91,72,62,58,4,10,10,0,19,3,16
S01010884,Families with dependent children: Total,88,29,24,20,4,5,2,3,59,2,57
S01010884,Families with dependent children: Youngest aged 0 to 4,48,12,9,8,1,3,2,1,36,0,36
S01010884,Families with dependent children: Youngest aged 5 to 11,19,7,6,4,2,1,0,1,12,1,11
S01010884,Families with dependent children: Youngest aged 12 to 18,21,10,9,8,1,1,0,1,11,1,10
S01010885,All families in households,231,129,88,84,4,41,34,7,102,4,98
S01010885,Families with no dependent children,105,84,62,60,2,22,21,1,21,2,19
S01010885,Families with dependent children: Total,126,45,26,24,2,19,13,6,81,2,79
S01010885,Families with dependent children: Youngest aged 0 to 4,58,24,12,12,0,12,9,3,34,0,34
S01010885,Families with dependent children: Youngest aged 5 to 11,40,14,8,6,2,6,4,2,26,0,26
S01010885,Families with dependent children: Youngest aged 12 to 18,28,7,6,6,0,1,0,1,21,2,19
S01010886,All families in households,117,80,53,52,1,27,24,3,37,2,35
S01010886,Families with no dependent children,72,53,34,33,1,19,17,2,19,2,17
S01010886,Families with dependent children: Total,45,27,19,19,0,8,7,1,18,0,18
S01010886,Families with dependent children: Youngest aged 0 to 4,14,7,5,5,0,2,2,0,7,0,7
S01010886,Families with dependent children: Youngest aged 5 to 11,15,7,2,2,0,5,4,1,8,0,8
S01010886,Families with dependent children: Youngest aged 12 to 18,16,13,12,12,0,1,1,0,3,0,3
S01010887,All families in households,202,122,97,94,3,25,19,6,80,7,73
S01010887,Families with no dependent children,112,80,69,68,1,11,9,2,32,6,26
S01010887,Families with dependent children: Total,90,42,28,26,2,14,10,4,48,1,47
S01010887,Families with dependent children: Youngest aged 0 to 4,28,9,5,4,1,4,4,0,19,0,19
S01010887,Families with dependent children: Youngest aged 5 to 11,31,20,12,12,0,8,5,3,11,0,11
S01010887,Families with dependent children: Youngest aged 12 to 18,31,13,11,10,1,2,1,1,18,1,17
S01010888,All families in households,216,152,109,106,3,43,41,2,64,7,57
S01010888,Families with no dependent children,149,123,88,88,0,35,34,1,26,4,22
S01010888,Families with dependent children: Total,67,29,21,18,3,8,7,1,38,3,35
S01010888,Families with dependent children: Youngest aged 0 to 4,25,15,9,7,2,6,6,0,10,1,9
S01010888,Families with dependent children: Youngest aged 5 to 11,17,7,6,6,0,1,0,1,10,0,10
S01010888,Families with dependent children: Youngest aged 12 to 18,25,7,6,5,1,1,1,0,18,2,16
S01010889,All families in households,120,81,53,51,2,28,26,2,39,5,34
S01010889,Families with no dependent children,80,67,47,46,1,20,18,2,13,4,9
S01010889,Families with dependent children: Total,40,14,6,5,1,8,8,0,26,1,25
S01010889,Families with dependent children: Youngest aged 0 to 4,21,10,4,4,0,6,6,0,11,0,11
S01010889,Families with dependent children: Youngest aged 5 to 11,12,3,2,1,1,1,1,0,9,1,8
S01010889,Families with dependent children: Youngest aged 12 to 18,7,1,0,0,0,1,1,0,6,0,6
S01010890,All families in households,176,110,78,76,2,32,29,3,66,8,58
S01010890,Families with no dependent children,133,92,69,69,0,23,21,2,41,8,33
S01010890,Families with dependent children: Total,43,18,9,7,2,9,8,1,25,0,25
S01010890,Families with dependent children: Youngest aged 0 to 4,21,9,3,2,1,6,5,1,12,0,12
S01010890,Families with dependent children: Youngest aged 5 to 11,13,5,3,3,0,2,2,0,8,0,8
S01010890,Families with dependent children: Youngest aged 12 to 18,9,4,3,2,1,1,1,0,5,0,5
S01010891,All families in households,72,46,37,37,0,9,8,1,26,2,24
S01010891,Families with no dependent children,46,40,34,34,0,6,6,0,6,1,5
S01010891,Families with dependent children: Total,26,6,3,3,0,3,2,1,20,1,19
S01010891,Families with dependent children: Youngest aged 0 to 4,7,0,0,0,0,0,0,0,7,0,7
S01010891,Families with dependent children: Youngest aged 5 to 11,10,2,2,2,0,0,0,0,8,1,7
S01010891,Families with dependent children: Youngest aged 12 to 18,9,4,1,1,0,3,2,1,5,0,5
S01010892,All families in households,191,131,95,92,3,36,33,3,60,7,53
S01010892,Families with no dependent children,125,102,76,74,2,26,24,2,23,4,19
S01010892,Families with dependent children: Total,66,29,19,18,1,10,9,1,37,3,34
S01010892,Families with dependent children: Youngest aged 0 to 4,30,16,8,7,1,8,8,0,14,1,13
S01010892,Families with dependent children: Youngest aged 5 to 11,16,5,4,4,0,1,1,0,11,0,11
S01010892,Families with dependent children: Youngest aged 12 to 18,20,8,7,7,0,1,0,1,12,2,10
S01010893,All families in households,112,71,52,50,2,19,17,2,41,6,35
S01010893,Families with no dependent children,76,55,40,40,0,15,14,1,21,4,17
S01010893,Families with dependent children: Total,36,16,12,10,2,4,3,1,20,2,18
S01010893,Families with dependent children: Youngest aged 0 to 4,12,5,4,4,0,1,1,0,7,0,7
S01010893,Families with dependent children: Youngest aged 5 to 11,13,7,4,3,1,3,2,1,6,0,6
S01010893,Families with dependent children: Youngest aged 12 to 18,11,4,4,3,1,0,0,0,7,2,5
S01010894,All families in households,167,117,71,67,4,46,41,5,50,2,48
S01010894,Families with no dependent children,86,73,46,46,0,27,27,0,13,2,11
S01010894,Families with dependent children: Total,81,44,25,21,4,19,14,5,37,0,37
S01010894,Families with dependent children: Youngest aged 0 to 4,48,32,18,16,2,14,12,2,16,0,16
S01010894,Families with dependent children: Youngest aged 5 to 11,21,9,6,5,1,3,2,1,12,0,12
S01010894,Families with dependent children: Youngest aged 12 to 18,12,3,1,0,1,2,0,2,9,0,9
S01010895,All families in households,94,57,41,41,0,16,14,2,37,4,33
S01010895,Families with no dependent children,54,45,33,33,0,12,12,0,9,3,6
S01010895,Families with dependent children: Total,40,12,8,8,0,4,2,2,28,1,27
S01010895,Families with dependent children: Youngest aged 0 to 4,14,5,3,3,0,2,2,0,9,0,9
S01010895,Families with dependent children: Youngest aged 5 to 11,18,4,2,2,0,2,0,2,14,1,13
S01010895,Families with dependent children: Youngest aged 12 to 18,8,3,3,3,0,0,0,0,5,0,5
S01010896,All families in households,191,114,94,90,4,20,17,3,77,6,71
S01010896,Families with no dependent children,115,88,71,70,1,17,15,2,27,4,23
S01010896,Families with dependent children: Total,76,26,23,20,3,3,2,1,50,2,48
S01010896,Families with dependent children: Youngest aged 0 to 4,22,6,5,4,1,1,1,0,16,0,16
S01010896,Families with dependent children: Youngest aged 5 to 11,23,6,5,3,2,1,0,1,17,0,17
S01010896,Families with dependent children: Youngest aged 12 to 18,31,14,13,13,0,1,1,0,17,2,15
S01010897,All families in households,245,136,99,98,1,37,28,9,109,14,95
S01010897,Families with no dependent children,130,95,76,76,0,19,15,4,35,12,23
S01010897,Families with dependent children: Total,115,41,23,22,1,18,13,5,74,2,72
S01010897,Families with dependent children: Youngest aged 0 to 4,38,15,8,8,0,7,4,3,23,0,23
S01010897,Families with dependent children: Youngest aged 5 to 11,36,11,4,3,1,7,7,0,25,1,24
S01010897,Families with dependent children: Youngest aged 12 to 18,41,15,11,11,0,4,2,2,26,1,25
S01010898,All families in households,174,106,87,82,5,19,15,4,68,9,59
S01010898,Families with no dependent children,106,73,60,59,1,13,11,2,33,8,25
S01010898,Families with dependent children: Total,68,33,27,23,4,6,4,2,35,1,34
S01010898,Families with dependent children: Youngest aged 0 to 4,18,6,2,2,0,4,4,0,12,0,12
S01010898,Families with dependent children: Youngest aged 5 to 11,28,13,12,9,3,1,0,1,15,1,14
S01010898,Families with dependent children: Youngest aged 12 to 18,22,14,13,12,1,1,0,1,8,0,8
S01010899,All families in households,174,142,117,109,8,25,20,5,32,3,29
S01010899,Families with no dependent children,94,85,73,69,4,12,11,1,9,3,6
S01010899,Families with dependent children: Total,80,57,44,40,4,13,9,4,23,0,23
S01010899,Families with dependent children: Youngest aged 0 to 4,31,19,14,13,1,5,5,0,12,0,12
S01010899,Families with dependent children: Youngest aged 5 to 11,22,17,14,13,1,3,1,2,5,0,5
S01010899,Families with dependent children: Youngest aged 12 to 18,27,21,16,14,2,5,3,2,6,0,6
S01010900,All families in households,212,114,83,78,5,31,27,4,98,6,92
S01010900,Families with no dependent children,90,73,60,56,4,13,13,0,17,2,15
S01010900,Families with dependent children: Total,122,41,23,22,1,18,14,4,81,4,77
S01010900,Families with dependent children: Youngest aged 0 to 4,56,19,9,9,0,10,9,1,37,0,37
S01010900,Families with dependent children: Youngest aged 5 to 11,42,13,7,7,0,6,5,1,29,3,26
S01010900,Families with dependent children: Youngest aged 12 to 18,24,9,7,6,1,2,0,2,15,1,14
S01010901,All families in households,139,70,55,51,4,15,8,7,69,7,62
S01010901,Families with no dependent children,69,47,41,39,2,6,4,2,22,4,18
S01010901,Families with dependent children: Total,70,23,14,12,2,9,4,5,47,3,44
S01010901,Families with dependent children: Youngest aged 0 to 4,24,7,3,3,0,4,2,2,17,0,17
S01010901,Families with dependent children: Youngest aged 5 to 11,23,6,4,3,1,2,1,1,17,2,15
S01010901,Families with dependent children: Youngest aged 12 to 18,23,10,7,6,1,3,1,2,13,1,12
S01010902,All families in households,274,209,170,166,4,39,35,4,65,12,53
S01010902,Families with no dependent children,172,147,122,119,3,25,22,3,25,7,18
S01010902,Families with dependent children: Total,102,62,48,47,1,14,13,1,40,5,35
S01010902,Families with dependent children: Youngest aged 0 to 4,33,20,13,12,1,7,7,0,13,1,12
S01010902,Families with dependent children: Youngest aged 5 to 11,40,23,18,18,0,5,5,0,17,2,15
S01010902,Families with dependent children: Youngest aged 12 to 18,29,19,17,17,0,2,1,1,10,2,8
S01010903,All families in households,226,127,107,105,2,20,16,4,99,12,87
S01010903,Families with no dependent children,127,94,86,85,1,8,6,2,33,8,25
S01010903,Families with dependent children: Total,99,33,21,20,1,12,10,2,66,4,62
S01010903,Families with dependent children: Youngest aged 0 to 4,36,12,5,5,0,7,7,0,24,0,24
S01010903,Families with dependent children: Youngest aged 5 to 11,33,7,6,5,1,1,1,0,26,3,23
S01010903,Families with dependent children: Youngest aged 12 to 18,30,14,10,10,0,4,2,2,16,1,15
S01010904,All families in households,147,91,67,64,3,24,21,3,56,7,49
S01010904,Families with no dependent children,78,58,40,40,0,18,17,1,20,4,16
S01010904,Families with dependent children: Total,69,33,27,24,3,6,4,2,36,3,33
S01010904,Families with dependent children: Youngest aged 0 to 4,20,8,6,5,1,2,2,0,12,1,11
S01010904,Families with dependent children: Youngest aged 5 to 11,30,13,11,11,0,2,2,0,17,0,17
S01010904,Families with dependent children: Youngest aged 12 to 18,19,12,10,8,2,2,0,2,7,2,5
S01010905,All families in households,188,119,81,76,5,38,35,3,69,4,65
S01010905,Families with no dependent children,90,75,46,45,1,29,28,1,15,3,12
S01010905,Families with dependent children: Total,98,44,35,31,4,9,7,2,54,1,53
S01010905,Families with dependent children: Youngest aged 0 to 4,41,17,13,12,1,4,4,0,24,1,23
S01010905,Families with dependent children: Youngest aged 5 to 11,30,15,11,8,3,4,3,1,15,0,15
S01010905,Families with dependent children: Youngest aged 12 to 18,27,12,11,11,0,1,0,1,15,0,15
S01010906,All families in households,291,189,145,135,10,44,34,10,102,9,93
S01010906,Families with no dependent children,133,105,81,79,2,24,19,5,28,3,25
S01010906,Families with dependent children: Total,158,84,64,56,8,20,15,5,74,6,68
S01010906,Families with dependent children: Youngest aged 0 to 4,65,30,20,19,1,10,7,3,35,1,34
S01010906,Families with dependent children: Youngest aged 5 to 11,53,28,21,20,1,7,5,2,25,3,22
S01010906,Families with dependent children: Youngest aged 12 to 18,40,26,23,17,6,3,3,0,14,2,12
S01010907,All families in households,165,146,107,104,3,39,37,2,19,1,18
S01010907,Families with no dependent children,82,76,55,53,2,21,21,0,6,0,6
S01010907,Families with dependent children: Total,83,70,52,51,1,18,16,2,13,1,12
S01010907,Families with dependent children: Youngest aged 0 to 4,48,43,27,27,0,16,15,1,5,0,5
S01010907,Families with dependent children: Youngest aged 5 to 11,22,18,17,17,0,1,0,1,4,1,3
S01010907,Families with dependent children: Youngest aged 12 to 18,13,9,8,7,1,1,1,0,4,0,4
S01010908,All families in households,175,138,112,108,4,26,20,6,37,2,35
S01010908,Families with no dependent children,110,99,83,81,2,16,15,1,11,0,11
S01010908,Families with dependent children: Total,65,39,29,27,2,10,5,5,26,2,24
S01010908,Families with dependent children: Youngest aged 0 to 4,23,14,11,10,1,3,3,0,9,0,9
S01010908,Families with dependent children: Youngest aged 5 to 11,23,14,10,10,0,4,1,3,9,0,9
S01010908,Families with dependent children: Youngest aged 12 to 18,19,11,8,7,1,3,1,2,8,2,6
S01010909,All families in households,193,173,157,152,5,16,12,4,20,4,16
S01010909,Families with no dependent children,123,114,104,104,0,10,9,1,9,3,6
S01010909,Families with dependent children: Total,70,59,53,48,5,6,3,3,11,1,10
S01010909,Families with dependent children: Youngest aged 0 to 4,20,15,11,9,2,4,3,1,5,0,5
S01010909,Families with dependent children: Youngest aged 5 to 11,25,22,21,20,1,1,0,1,3,1,2
S01010909,Families with dependent children: Youngest aged 12 to 18,25,22,21,19,2,1,0,1,3,0,3
S01010910,All families in households,116,71,39,37,2,32,27,5,45,2,43
S01010910,Families with no dependent children,53,45,31,31,0,14,12,2,8,2,6
S01010910,Families with dependent children: Total,63,26,8,6,2,18,15,3,37,0,37
S01010910,Families with dependent children: Youngest aged 0 to 4,31,14,2,2,0,12,11,1,17,0,17
S01010910,Families with dependent children: Youngest aged 5 to 11,22,7,1,0,1,6,4,2,15,0,15
S01010910,Families with dependent children: Youngest aged 12 to 18,10,5,5,4,1,0,0,0,5,0,5
S01010911,All families in households,115,74,58,57,1,16,15,1,41,5,36
S01010911,Families with no dependent children,79,64,49,49,0,15,14,1,15,5,10
S01010911,Families with dependent children: Total,36,10,9,8,1,1,1,0,26,0,26
S01010911,Families with dependent children: Youngest aged 0 to 4,19,3,2,2,0,1,1,0,16,0,16
S01010911,Families with dependent children: Youngest aged 5 to 11,8,2,2,2,0,0,0,0,6,0,6
S01010911,Families with dependent children: Youngest aged 12 to 18,9,5,5,4,1,0,0,0,4,0,4
S01010912,All families in households,169,111,93,91,2,18,11,7,58,3,55
S01010912,Families with no dependent children,105,84,74,74,0,10,8,2,21,3,18
S01010912,Families with dependent children: Total,64,27,19,17,2,8,3,5,37,0,37
S01010912,Families with dependent children: Youngest aged 0 to 4,27,11,6,6,0,5,3,2,16,0,16
S01010912,Families with dependent children: Youngest aged 5 to 11,20,7,5,5,0,2,0,2,13,0,13
S01010912,Families with dependent children: Youngest aged 12 to 18,17,9,8,6,2,1,0,1,8,0,8
S01010913,All families in households,178,146,130,127,3,16,16,0,32,4,28
S01010913,Families with no dependent children,104,92,82,81,1,10,10,0,12,1,11
S01010913,Families with dependent children: Total,74,54,48,46,2,6,6,0,20,3,17
S01010913,Families with dependent children: Youngest aged 0 to 4,26,18,13,13,0,5,5,0,8,0,8
S01010913,Families with dependent children: Youngest aged 5 to 11,24,18,18,18,0,0,0,0,6,1,5
S01010913,Families with dependent children: Youngest aged 12 to 18,24,18,17,15,2,1,1,0,6,2,4
S01010914,All families in households,203,154,127,120,7,27,24,3,49,5,44
S01010914,Families with no dependent children,118,97,80,79,1,17,17,0,21,3,18
S01010914,Families with dependent children: Total,85,57,47,41,6,10,7,3,28,2,26
S01010914,Families with dependent children: Youngest aged 0 to 4,31,23,16,15,1,7,6,1,8,0,8
S01010914,Families with dependent children: Youngest aged 5 to 11,25,15,14,12,2,1,1,0,10,1,9
S01010914,Families with dependent children: Youngest aged 12 to 18,29,19,17,14,3,2,0,2,10,1,9
S01010915,All families in households,224,172,152,147,5,20,13,7,52,6,46
S01010915,Families with no dependent children,122,102,97,96,1,5,4,1,20,5,15
S01010915,Families with dependent children: Total,102,70,55,51,4,15,9,6,32,1,31
S01010915,Families with dependent children: Youngest aged 0 to 4,35,24,18,17,1,6,4,2,11,0,11
S01010915,Families with dependent children: Youngest aged 5 to 11,36,24,19,18,1,5,4,1,12,1,11
S01010915,Families with dependent children: Youngest aged 12 to 18,31,22,18,16,2,4,1,3,9,0,9
S01010916,All families in households,133,76,60,58,2,16,12,4,57,4,53
S01010916,Families with no dependent children,70,54,42,42,0,12,10,2,16,4,12
S01010916,Families with dependent children: Total,63,22,18,16,2,4,2,2,41,0,41
S01010916,Families with dependent children: Youngest aged 0 to 4,33,6,5,4,1,1,1,0,27,0,27
S01010916,Families with dependent children: Youngest aged 5 to 11,19,10,9,9,0,1,0,1,9,0,9
S01010916,Families with dependent children: Youngest aged 12 to 18,11,6,4,3,1,2,1,1,5,0,5
S01010917,All families in households,193,143,118,112,6,25,22,3,50,9,41
S01010917,Families with no dependent children,123,106,87,83,4,19,18,1,17,5,12
S01010917,Families with dependent children: Total,70,37,31,29,2,6,4,2,33,4,29
S01010917,Families with dependent children: Youngest aged 0 to 4,27,13,9,8,1,4,4,0,14,0,14
S01010917,Families with dependent children: Youngest aged 5 to 11,25,11,10,9,1,1,0,1,14,2,12
S01010917,Families with dependent children: Youngest aged 12 to 18,18,13,12,12,0,1,0,1,5,2,3
S01010918,All families in households,210,159,133,130,3,26,21,5,51,5,46
S01010918,Families with no dependent children,128,112,99,97,2,13,12,1,16,3,13
S01010918,Families with dependent children: Total,82,47,34,33,1,13,9,4,35,2,33
S01010918,Families with dependent children: Youngest aged 0 to 4,30,18,8,8,0,10,8,2,12,0,12
S01010918,Families with dependent children: Youngest aged 5 to 11,26,15,13,13,0,2,1,1,11,1,10
S01010918,Families with dependent children: Youngest aged 12 to 18,26,14,13,12,1,1,0,1,12,1,11
S01010919,All families in households,234,165,141,133,8,24,23,1,69,8,61
S01010919,Families with no dependent children,133,106,96,94,2,10,10,0,27,5,22
S01010919,Families with dependent children: Total,101,59,45,39,6,14,13,1,42,3,39
S01010919,Families with dependent children: Youngest aged 0 to 4,30,18,12,11,1,6,5,1,12,0,12
S01010919,Families with dependent children: Youngest aged 5 to 11,32,18,16,14,2,2,2,0,14,1,13
S01010919,Families with dependent children: Youngest aged 12 to 18,39,23,17,14,3,6,6,0,16,2,14
S01010920,All families in households,166,85,69,62,7,16,13,3,81,5,76
S01010920,Families with no dependent children,74,58,51,48,3,7,7,0,16,3,13
S01010920,Families with dependent children: Total,92,27,18,14,4,9,6,3,65,2,63
S01010920,Families with dependent children: Youngest aged 0 to 4,30,5,4,4,0,1,0,1,25,0,25
S01010920,Families with dependent children: Youngest aged 5 to 11,35,13,7,5,2,6,4,2,22,2,20
S01010920,Families with dependent children: Youngest aged 12 to 18,27,9,7,5,2,2,2,0,18,0,18
S01010921,All families in households,188,127,103,99,4,24,20,4,61,11,50
S01010921,Families with no dependent children,112,83,73,72,1,10,9,1,29,9,20
S01010921,Families with dependent children: Total,76,44,30,27,3,14,11,3,32,2,30
S01010921,Families with dependent children: Youngest aged 0 to 4,26,14,8,7,1,6,4,2,12,1,11
S01010921,Families with dependent children: Youngest aged 5 to 11,24,14,9,9,0,5,5,0,10,0,10
S01010921,Families with dependent children: Youngest aged 12 to 18,26,16,13,11,2,3,2,1,10,1,9
S01010922,All families in households,241,151,133,129,4,18,12,6,90,12,78
S01010922,Families with no dependent children,132,103,94,93,1,9,9,0,29,8,21
S01010922,Families with dependent children: Total,109,48,39,36,3,9,3,6,61,4,57
S01010922,Families with dependent children: Youngest aged 0 to 4,38,12,6,6,0,6,3,3,26,0,26
S01010922,Families with dependent children: Youngest aged 5 to 11,26,15,15,13,2,0,0,0,11,4,7
S01010922,Families with dependent children: Youngest aged 12 to 18,45,21,18,17,1,3,0,3,24,0,24
S01010923,All families in households,251,187,153,150,3,34,27,7,64,8,56
S01010923,Families with no dependent children,153,129,115,114,1,14,14,0,24,5,19
S01010923,Families with dependent children: Total,98,58,38,36,2,20,13,7,40,3,37
S01010923,Families with dependent children: Youngest aged 0 to 4,35,27,13,12,1,14,10,4,8,0,8
S01010923,Families with dependent children: Youngest aged 5 to 11,32,15,13,12,1,2,1,1,17,0,17
S01010923,Families with dependent children: Youngest aged 12 to 18,31,16,12,12,0,4,2,2,15,3,12
S01010924,All families in households,178,125,105,98,7,20,14,6,53,4,49
S01010924,Families with no dependent children,112,86,76,73,3,10,6,4,26,3,23
S01010924,Families with dependent children: Total,66,39,29,25,4,10,8,2,27,1,26
S01010924,Families with dependent children: Youngest aged 0 to 4,13,6,4,3,1,2,2,0,7,0,7
S01010924,Families with dependent children: Youngest aged 5 to 11,27,14,9,6,3,5,4,1,13,1,12
S01010924,Families with dependent children: Youngest aged 12 to 18,26,19,16,16,0,3,2,1,7,0,7
S01010925,All families in households,257,152,118,112,6,34,27,7,105,14,91
S01010925,Families with no dependent children,131,98,84,82,2,14,12,2,33,10,23
S01010925,Families with dependent children: Total,126,54,34,30,4,20,15,5,72,4,68
S01010925,Families with dependent children: Youngest aged 0 to 4,50,22,8,8,0,14,11,3,28,0,28
S01010925,Families with dependent children: Youngest aged 5 to 11,35,17,14,11,3,3,2,1,18,1,17
S01010925,Families with dependent children: Youngest aged 12 to 18,41,15,12,11,1,3,2,1,26,3,23
S01010926,All families in households,233,161,145,137,8,16,15,1,72,7,65
S01010926,Families with no dependent children,141,118,109,104,5,9,9,0,23,3,20
S01010926,Families with dependent children: Total,92,43,36,33,3,7,6,1,49,4,45
S01010926,Families with dependent children: Youngest aged 0 to 4,35,13,9,9,0,4,4,0,22,1,21
S01010926,Families with dependent children: Youngest aged 5 to 11,29,12,12,11,1,0,0,0,17,0,17
S01010926,Families with dependent children: Youngest aged 12 to 18,28,18,15,13,2,3,2,1,10,3,7
S01010927,All families in households,183,119,104,100,4,15,12,3,64,4,60
S01010927,Families with no dependent children,104,81,75,74,1,6,5,1,23,4,19
S01010927,Families with dependent children: Total,79,38,29,26,3,9,7,2,41,0,41
S01010927,Families with dependent children: Youngest aged 0 to 4,29,14,9,8,1,5,4,1,15,0,15
S01010927,Families with dependent children: Youngest aged 5 to 11,33,16,14,13,1,2,1,1,17,0,17
S01010927,Families with dependent children: Youngest aged 12 to 18,17,8,6,5,1,2,2,0,9,0,9
S01010928,All families in households,211,137,118,107,11,19,16,3,74,4,70
S01010928,Families with no dependent children,99,87,82,80,2,5,4,1,12,2,10
S01010928,Families with dependent children: Total,112,50,36,27,9,14,12,2,62,2,60
S01010928,Families with dependent children: Youngest aged 0 to 4,51,23,15,14,1,8,8,0,28,0,28
S01010928,Families with dependent children: Youngest aged 5 to 11,32,15,10,5,5,5,3,2,17,0,17
S01010928,Families with dependent children: Youngest aged 12 to 18,29,12,11,8,3,1,1,0,17,2,15
S01010929,All families in households,190,109,91,84,7,18,10,8,81,6,75
S01010929,Families with no dependent children,97,72,66,61,5,6,5,1,25,2,23
S01010929,Families with dependent children: Total,93,37,25,23,2,12,5,7,56,4,52
S01010929,Families with dependent children: Youngest aged 0 to 4,26,13,8,8,0,5,3,2,13,0,13
S01010929,Families with dependent children: Youngest aged 5 to 11,36,8,4,4,0,4,2,2,28,1,27
S01010929,Families with dependent children: Youngest aged 12 to 18,31,16,13,11,2,3,0,3,15,3,12
S01010930,All families in households,288,268,221,216,5,47,45,2,20,4,16
S01010930,Families with no dependent children,173,163,131,130,1,32,32,0,10,3,7
S01010930,Families with dependent children: Total,115,105,90,86,4,15,13,2,10,1,9
S01010930,Families with dependent children: Youngest aged 0 to 4,59,58,49,49,0,9,9,0,1,0,1
S01010930,Families with dependent children: Youngest aged 5 to 11,21,16,12,11,1,4,3,1,5,0,5
S01010930,Families with dependent children: Youngest aged 12 to 18,35,31,29,26,3,2,1,1,4,1,3
S01010931,All families in households,138,117,100,98,2,17,17,0,21,1,20
S01010931,Families with no dependent children,96,86,75,74,1,11,11,0,10,0,10
S01010931,Families with dependent children: Total,42,31,25,24,1,6,6,0,11,1,10
S01010931,Families with dependent children: Youngest aged 0 to 4,15,12,11,11,0,1,1,0,3,0,3
S01010931,Families with dependent children: Youngest aged 5 to 11,13,10,7,7,0,3,3,0,3,0,3
S01010931,Families with dependent children: Youngest aged 12 to 18,14,9,7,6,1,2,2,0,5,1,4
S01010932,All families in households,167,128,99,92,7,29,27,2,39,3,36
S01010932,Families with no dependent children,105,84,69,67,2,15,14,1,21,2,19
S01010932,Families with dependent children: Total,62,44,30,25,5,14,13,1,18,1,17
S01010932,Families with dependent children: Youngest aged 0 to 4,26,20,11,8,3,9,9,0,6,0,6
S01010932,Families with dependent children: Youngest aged 5 to 11,26,19,14,13,1,5,4,1,7,0,7
S01010932,Families with dependent children: Youngest aged 12 to 18,10,5,5,4,1,0,0,0,5,1,4
S01010933,All families in households,232,218,186,179,7,32,29,3,14,3,11
S01010933,Families with no dependent children,116,113,96,94,2,17,17,0,3,1,2
S01010933,Families with dependent children: Total,116,105,90,85,5,15,12,3,11,2,9
S01010933,Families with dependent children: Youngest aged 0 to 4,63,62,51,49,2,11,9,2,1,0,1
S01010933,Families with dependent children: Youngest aged 5 to 11,32,28,26,25,1,2,2,0,4,0,4
S01010933,Families with dependent children: Youngest aged 12 to 18,21,15,13,11,2,2,1,1,6,2,4
S01010934,All families in households,316,297,245,239,6,52,43,9,19,2,17
S01010934,Families with no dependent children,194,186,158,155,3,28,26,2,8,1,7
S01010934,Families with dependent children: Total,122,111,87,84,3,24,17,7,11,1,10
S01010934,Families with dependent children: Youngest aged 0 to 4,50,45,30,30,0,15,12,3,5,0,5
S01010934,Families with dependent children: Youngest aged 5 to 11,42,38,32,30,2,6,5,1,4,1,3
S01010934,Families with dependent children: Youngest aged 12 to 18,30,28,25,24,1,3,0,3,2,0,2
S01010935,All families in households,199,179,157,154,3,22,18,4,20,3,17
S01010935,Families with no dependent children,145,137,120,120,0,17,16,1,8,3,5
S01010935,Families with dependent children: Total,54,42,37,34,3,5,2,3,12,0,12
S01010935,Families with dependent children: Youngest aged 0 to 4,19,13,11,11,0,2,1,1,6,0,6
S01010935,Families with dependent children: Youngest aged 5 to 11,21,18,16,14,2,2,1,1,3,0,3
S01010935,Families with dependent children: Youngest aged 12 to 18,14,11,10,9,1,1,0,1,3,0,3
S01010936,All families in households,171,151,108,101,7,43,38,5,20,3,17
S01010936,Families with no dependent children,131,121,84,79,5,37,34,3,10,2,8
S01010936,Families with dependent children: Total,40,30,24,22,2,6,4,2,10,1,9
S01010936,Families with dependent children: Youngest aged 0 to 4,16,11,8,7,1,3,2,1,5,0,5
S01010936,Families with dependent children: Youngest aged 5 to 11,13,11,10,10,0,1,1,0,2,0,2
S01010936,Families with dependent children: Youngest aged 12 to 18,11,8,6,5,1,2,1,1,3,1,2
S01010937,All families in households,231,200,170,165,5,30,28,2,31,5,26
S01010937,Families with no dependent children,160,146,131,129,2,15,15,0,14,3,11
S01010937,Families with dependent children: Total,71,54,39,36,3,15,13,2,17,2,15
S01010937,Families with dependent children: Youngest aged 0 to 4,25,23,13,10,3,10,10,0,2,0,2
S01010937,Families with dependent children: Youngest aged 5 to 11,23,14,12,12,0,2,1,1,9,2,7
S01010937,Families with dependent children: Youngest aged 12 to 18,23,17,14,14,0,3,2,1,6,0,6
S01010938,All families in households,236,146,109,100,9,37,32,5,90,13,77
S01010938,Families with no dependent children,124,96,77,74,3,19,18,1,28,7,21
S01010938,Families with dependent children: Total,112,50,32,26,6,18,14,4,62,6,56
S01010938,Families with dependent children: Youngest aged 0 to 4,39,21,9,7,2,12,11,1,18,1,17
S01010938,Families with dependent children: Youngest aged 5 to 11,44,18,15,14,1,3,2,1,26,4,22
S01010938,Families with dependent children: Youngest aged 12 to 18,29,11,8,5,3,3,1,2,18,1,17
S01010939,All families in households,164,142,113,111,2,29,22,7,22,2,20
S01010939,Families with no dependent children,103,89,76,75,1,13,11,2,14,2,12
S01010939,Families with dependent children: Total,61,53,37,36,1,16,11,5,8,0,8
S01010939,Families with dependent children: Youngest aged 0 to 4,20,19,12,12,0,7,6,1,1,0,1
S01010939,Families with dependent children: Youngest aged 5 to 11,20,16,9,8,1,7,5,2,4,0,4
S01010939,Families with dependent children: Youngest aged 12 to 18,21,18,16,16,0,2,0,2,3,0,3
S01010940,All families in households,229,214,202,197,5,12,9,3,15,7,8
S01010940,Families with no dependent children,160,153,146,145,1,7,6,1,7,4,3
S01010940,Families with dependent children: Total,69,61,56,52,4,5,3,2,8,3,5
S01010940,Families with dependent children: Youngest aged 0 to 4,14,13,11,9,2,2,1,1,1,0,1
S01010940,Families with dependent children: Youngest aged 5 to 11,19,18,16,15,1,2,2,0,1,0,1
S01010940,Families with dependent children: Youngest aged 12 to 18,36,30,29,28,1,1,0,1,6,3,3
S01010941,All families in households,278,257,244,236,8,13,8,5,21,7,14
S01010941,Families with no dependent children,174,165,157,152,5,8,6,2,9,4,5
S01010941,Families with dependent children: Total,104,92,87,84,3,5,2,3,12,3,9
S01010941,Families with dependent children: Youngest aged 0 to 4,26,24,22,21,1,2,2,0,2,0,2
S01010941,Families with dependent children: Youngest aged 5 to 11,36,30,27,26,1,3,0,3,6,3,3
S01010941,Families with dependent children: Youngest aged 12 to 18,42,38,38,37,1,0,0,0,4,0,4
S01010942,All families in households,218,206,192,188,4,14,8,6,12,2,10
S01010942,Families with no dependent children,151,144,138,136,2,6,5,1,7,2,5
S01010942,Families with dependent children: Total,67,62,54,52,2,8,3,5,5,0,5
S01010942,Families with dependent children: Youngest aged 0 to 4,24,22,19,19,0,3,2,1,2,0,2
S01010942,Families with dependent children: Youngest aged 5 to 11,13,10,8,8,0,2,1,1,3,0,3
S01010942,Families with dependent children: Youngest aged 12 to 18,30,30,27,25,2,3,0,3,0,0,0
S01010943,All families in households,196,136,106,98,8,30,23,7,60,4,56
S01010943,Families with no dependent children,114,88,74,71,3,14,12,2,26,2,24
S01010943,Families with dependent children: Total,82,48,32,27,5,16,11,5,34,2,32
S01010943,Families with dependent children: Youngest aged 0 to 4,36,25,13,10,3,12,11,1,11,0,11
S01010943,Families with dependent children: Youngest aged 5 to 11,22,14,11,10,1,3,0,3,8,0,8
S01010943,Families with dependent children: Youngest aged 12 to 18,24,9,8,7,1,1,0,1,15,2,13
S01010944,All families in households,170,115,79,73,6,36,33,3,55,6,49
S01010944,Families with no dependent children,96,82,61,60,1,21,21,0,14,3,11
S01010944,Families with dependent children: Total,74,33,18,13,5,15,12,3,41,3,38
S01010944,Families with dependent children: Youngest aged 0 to 4,33,18,7,6,1,11,10,1,15,0,15
S01010944,Families with dependent children: Youngest aged 5 to 11,19,8,6,3,3,2,2,0,11,1,10
S01010944,Families with dependent children: Youngest aged 12 to 18,22,7,5,4,1,2,0,2,15,2,13
S01010945,All families in households,169,132,110,102,8,22,19,3,37,6,31
S01010945,Families with no dependent children,110,92,78,77,1,14,13,1,18,4,14
S01010945,Families with dependent children: Total,59,40,32,25,7,8,6,2,19,2,17
S01010945,Families with dependent children: Youngest aged 0 to 4,21,16,11,8,3,5,4,1,5,0,5
S01010945,Families with dependent children: Youngest aged 5 to 11,19,10,8,6,2,2,2,0,9,1,8
S01010945,Families with dependent children: Youngest aged 12 to 18,19,14,13,11,2,1,0,1,5,1,4
S01010946,All families in households,244,190,149,138,11,41,31,10,54,6,48
S01010946,Families with no dependent children,148,122,107,100,7,15,12,3,26,3,23
S01010946,Families with dependent children: Total,96,68,42,38,4,26,19,7,28,3,25
S01010946,Families with dependent children: Youngest aged 0 to 4,37,28,14,13,1,14,12,2,9,2,7
S01010946,Families with dependent children: Youngest aged 5 to 11,27,18,13,13,0,5,1,4,9,0,9
S01010946,Families with dependent children: Youngest aged 12 to 18,32,22,15,12,3,7,6,1,10,1,9
S01010947,All families in households,168,120,94,87,7,26,21,5,48,6,42
S01010947,Families with no dependent children,107,88,68,65,3,20,17,3,19,2,17
S01010947,Families with dependent children: Total,61,32,26,22,4,6,4,2,29,4,25
S01010947,Families with dependent children: Youngest aged 0 to 4,23,11,8,6,2,3,3,0,12,1,11
S01010947,Families with dependent children: Youngest aged 5 to 11,20,8,8,7,1,0,0,0,12,3,9
S01010947,Families with dependent children: Youngest aged 12 to 18,18,13,10,9,1,3,1,2,5,0,5
S01010948,All families in households,212,172,150,143,7,22,17,5,40,3,37
S01010948,Families with no dependent children,129,118,108,102,6,10,9,1,11,0,11
S01010948,Families with dependent children: Total,83,54,42,41,1,12,8,4,29,3,26
S01010948,Families with dependent children: Youngest aged 0 to 4,26,19,13,13,0,6,5,1,7,0,7
S01010948,Families with dependent children: Youngest aged 5 to 11,28,21,17,17,0,4,3,1,7,0,7
S01010948,Families with dependent children: Youngest aged 12 to 18,29,14,12,11,1,2,0,2,15,3,12
S01010949,All families in households,301,270,246,237,9,24,19,5,31,2,29
S01010949,Families with no dependent children,184,171,154,152,2,17,15,2,13,2,11
S01010949,Families with dependent children: Total,117,99,92,85,7,7,4,3,18,0,18
S01010949,Families with dependent children: Youngest aged 0 to 4,28,25,21,20,1,4,4,0,3,0,3
S01010949,Families with dependent children: Youngest aged 5 to 11,44,41,41,39,2,0,0,0,3,0,3
S01010949,Families with dependent children: Youngest aged 12 to 18,45,33,30,26,4,3,0,3,12,0,12
S01010950,All families in households,266,210,177,173,4,33,24,9,56,5,51
S01010950,Families with no dependent children,167,149,131,128,3,18,15,3,18,2,16
S01010950,Families with dependent children: Total,99,61,46,45,1,15,9,6,38,3,35
S01010950,Families with dependent children: Youngest aged 0 to 4,28,18,11,11,0,7,5,2,10,0,10
S01010950,Families with dependent children: Youngest aged 5 to 11,42,27,22,22,0,5,2,3,15,1,14
S01010950,Families with dependent children: Youngest aged 12 to 18,29,16,13,12,1,3,2,1,13,2,11
S01010951,All families in households,199,157,126,123,3,31,29,2,42,3,39
S01010951,Families with no dependent children,113,103,92,89,3,11,11,0,10,2,8
S01010951,Families with dependent children: Total,86,54,34,34,0,20,18,2,32,1,31
S01010951,Families with dependent children: Youngest aged 0 to 4,34,23,11,11,0,12,12,0,11,0,11
S01010951,Families with dependent children: Youngest aged 5 to 11,27,19,15,15,0,4,4,0,8,1,7
S01010951,Families with dependent children: Youngest aged 12 to 18,25,12,8,8,0,4,2,2,13,0,13
S01010952,All families in households,171,142,117,112,5,25,19,6,29,7,22
S01010952,Families with no dependent children,86,79,67,67,0,12,10,2,7,4,3
S01010952,Families with dependent children: Total,85,63,50,45,5,13,9,4,22,3,19
S01010952,Families with dependent children: Youngest aged 0 to 4,26,22,12,8,4,10,8,2,4,0,4
S01010952,Families with dependent children: Youngest aged 5 to 11,32,20,18,18,0,2,1,1,12,2,10
S01010952,Families with dependent children: Youngest aged 12 to 18,27,21,20,19,1,1,0,1,6,1,5
S01010953,All families in households,176,135,110,105,5,25,19,6,41,3,38
S01010953,Families with no dependent children,105,87,74,72,2,13,11,2,18,3,15
S01010953,Families with dependent children: Total,71,48,36,33,3,12,8,4,23,0,23
S01010953,Families with dependent children: Youngest aged 0 to 4,30,21,12,11,1,9,7,2,9,0,9
S01010953,Families with dependent children: Youngest aged 5 to 11,16,11,10,10,0,1,1,0,5,0,5
S01010953,Families with dependent children: Youngest aged 12 to 18,25,16,14,12,2,2,0,2,9,0,9
S01010954,All families in households,166,148,132,126,6,16,13,3,18,4,14
S01010954,Families with no dependent children,111,102,92,89,3,10,10,0,9,2,7
S01010954,Families with dependent children: Total,55,46,40,37,3,6,3,3,9,2,7
S01010954,Families with dependent children: Youngest aged 0 to 4,15,14,11,11,0,3,2,1,1,0,1
S01010954,Families with dependent children: Youngest aged 5 to 11,21,16,14,12,2,2,1,1,5,2,3
S01010954,Families with dependent children: Youngest aged 12 to 18,19,16,15,14,1,1,0,1,3,0,3
S01010955,All families in households,302,273,246,231,15,27,17,10,29,4,25
S01010955,Families with no dependent children,135,125,112,107,5,13,11,2,10,1,9
S01010955,Families with dependent children: Total,167,148,134,124,10,14,6,8,19,3,16
S01010955,Families with dependent children: Youngest aged 0 to 4,81,75,68,60,8,7,5,2,6,2,4
S01010955,Families with dependent children: Youngest aged 5 to 11,49,40,33,32,1,7,1,6,9,1,8
S01010955,Families with dependent children: Youngest aged 12 to 18,37,33,33,32,1,0,0,0,4,0,4
S01010956,All families in households,213,189,149,141,8,40,31,9,24,3,21
S01010956,Families with no dependent children,138,129,101,101,0,28,25,3,9,2,7
S01010956,Families with dependent children: Total,75,60,48,40,8,12,6,6,15,1,14
S01010956,Families with dependent children: Youngest aged 0 to 4,22,17,14,14,0,3,2,1,5,0,5
S01010956,Families with dependent children: Youngest aged 5 to 11,29,23,20,13,7,3,3,0,6,1,5
S01010956,Families with dependent children: Youngest aged 12 to 18,24,20,14,13,1,6,1,5,4,0,4
S01010957,All families in households,186,169,154,151,3,15,12,3,17,1,16
S01010957,Families with no dependent children,123,115,107,105,2,8,6,2,8,1,7
S01010957,Families with dependent children: Total,63,54,47,46,1,7,6,1,9,0,9
S01010957,Families with dependent children: Youngest aged 0 to 4,20,18,15,14,1,3,3,0,2,0,2
S01010957,Families with dependent children: Youngest aged 5 to 11,20,19,17,17,0,2,1,1,1,0,1
S01010957,Families with dependent children: Youngest aged 12 to 18,23,17,15,15,0,2,2,0,6,0,6
S01010958,All families in households,157,136,123,119,4,13,10,3,21,2,19
S01010958,Families with no dependent children,120,110,103,101,2,7,7,0,10,1,9
S01010958,Families with dependent children: Total,37,26,20,18,2,6,3,3,11,1,10
S01010958,Families with dependent children: Youngest aged 0 to 4,14,11,7,6,1,4,3,1,3,0,3
S01010958,Families with dependent children: Youngest aged 5 to 11,10,7,7,6,1,0,0,0,3,0,3
S01010958,Families with dependent children: Youngest aged 12 to 18,13,8,6,6,0,2,0,2,5,1,4
S01010959,All families in households,169,133,98,94,4,35,30,5,36,4,32
S01010959,Families with no dependent children,94,84,62,61,1,22,22,0,10,1,9
S01010959,Families with dependent children: Total,75,49,36,33,3,13,8,5,26,3,23
S01010959,Families with dependent children: Youngest aged 0 to 4,23,20,14,14,0,6,5,1,3,0,3
S01010959,Families with dependent children: Youngest aged 5 to 11,31,15,9,9,0,6,2,4,16,2,14
S01010959,Families with dependent children: Youngest aged 12 to 18,21,14,13,10,3,1,1,0,7,1,6
S01010960,All families in households,321,267,208,200,8,59,51,8,54,5,49
S01010960,Families with no dependent children,188,167,129,124,5,38,34,4,21,2,19
S01010960,Families with dependent children: Total,133,100,79,76,3,21,17,4,33,3,30
S01010960,Families with dependent children: Youngest aged 0 to 4,41,35,28,28,0,7,6,1,6,1,5
S01010960,Families with dependent children: Youngest aged 5 to 11,54,38,26,24,2,12,11,1,16,0,16
S01010960,Families with dependent children: Youngest aged 12 to 18,38,27,25,24,1,2,0,2,11,2,9
S01010961,All families in households,172,130,104,98,6,26,17,9,42,5,37
S01010961,Families with no dependent children,110,93,79,77,2,14,10,4,17,4,13
S01010961,Families with dependent children: Total,62,37,25,21,4,12,7,5,25,1,24
S01010961,Families with dependent children: Youngest aged 0 to 4,29,17,11,10,1,6,4,2,12,1,11
S01010961,Families with dependent children: Youngest aged 5 to 11,15,10,7,7,0,3,2,1,5,0,5
S01010961,Families with dependent children: Youngest aged 12 to 18,18,10,7,4,3,3,1,2,8,0,8
S01010962,All families in households,153,140,110,106,4,30,29,1,13,3,10
S01010962,Families with no dependent children,132,122,100,97,3,22,22,0,10,2,8
S01010962,Families with dependent children: Total,21,18,10,9,1,8,7,1,3,1,2
S01010962,Families with dependent children: Youngest aged 0 to 4,5,3,3,3,0,0,0,0,2,0,2
S01010962,Families with dependent children: Youngest aged 5 to 11,6,6,2,2,0,4,4,0,0,0,0
S01010962,Families with dependent children: Youngest aged 12 to 18,10,9,5,4,1,4,3,1,1,1,0
S01010963,All families in households,282,233,188,181,7,45,35,10,49,10,39
S01010963,Families with no dependent children,156,133,107,103,4,26,24,2,23,8,15
S01010963,Families with dependent children: Total,126,100,81,78,3,19,11,8,26,2,24
S01010963,Families with dependent children: Youngest aged 0 to 4,37,32,27,25,2,5,4,1,5,0,5
S01010963,Families with dependent children: Youngest aged 5 to 11,48,35,25,25,0,10,5,5,13,0,13
S01010963,Families with dependent children: Youngest aged 12 to 18,41,33,29,28,1,4,2,2,8,2,6
S01010964,All families in households,170,157,135,130,5,22,14,8,13,2,11
S01010964,Families with no dependent children,121,117,108,105,3,9,5,4,4,2,2
S01010964,Families with dependent children: Total,49,40,27,25,2,13,9,4,9,0,9
S01010964,Families with dependent children: Youngest aged 0 to 4,18,17,8,8,0,9,6,3,1,0,1
S01010964,Families with dependent children: Youngest aged 5 to 11,18,15,13,11,2,2,2,0,3,0,3
S01010964,Families with dependent children: Youngest aged 12 to 18,13,8,6,6,0,2,1,1,5,0,5
S01010965,All families in households,153,99,64,58,6,35,28,7,54,10,44
S01010965,Families with no dependent children,90,74,52,50,2,22,21,1,16,5,11
S01010965,Families with dependent children: Total,63,25,12,8,4,13,7,6,38,5,33
S01010965,Families with dependent children: Youngest aged 0 to 4,24,10,2,0,2,8,5,3,14,2,12
S01010965,Families with dependent children: Youngest aged 5 to 11,20,7,6,4,2,1,1,0,13,0,13
S01010965,Families with dependent children: Youngest aged 12 to 18,19,8,4,4,0,4,1,3,11,3,8
S01010966,All families in households,223,185,148,142,6,37,30,7,38,9,29
S01010966,Families with no dependent children,141,124,99,95,4,25,22,3,17,8,9
S01010966,Families with dependent children: Total,82,61,49,47,2,12,8,4,21,1,20
S01010966,Families with dependent children: Youngest aged 0 to 4,27,19,14,14,0,5,4,1,8,0,8
S01010966,Families with dependent children: Youngest aged 5 to 11,29,21,16,16,0,5,2,3,8,1,7
S01010966,Families with dependent children: Youngest aged 12 to 18,26,21,19,17,2,2,2,0,5,0,5
S01010967,All families in households,207,137,99,98,1,38,28,10,70,11,59
S01010967,Families with no dependent children,108,85,63,63,0,22,20,2,23,6,17
S01010967,Families with dependent children: Total,99,52,36,35,1,16,8,8,47,5,42
S01010967,Families with dependent children: Youngest aged 0 to 4,46,30,21,21,0,9,6,3,16,2,14
S01010967,Families with dependent children: Youngest aged 5 to 11,35,15,10,9,1,5,1,4,20,1,19
S01010967,Families with dependent children: Youngest aged 12 to 18,18,7,5,5,0,2,1,1,11,2,9
S01010968,All families in households,230,189,163,158,5,26,24,2,41,7,34
S01010968,Families with no dependent children,155,137,123,120,3,14,14,0,18,5,13
S01010968,Families with dependent children: Total,75,52,40,38,2,12,10,2,23,2,21
S01010968,Families with dependent children: Youngest aged 0 to 4,23,19,11,11,0,8,8,0,4,0,4
S01010968,Families with dependent children: Youngest aged 5 to 11,30,22,19,17,2,3,2,1,8,1,7
S01010968,Families with dependent children: Youngest aged 12 to 18,22,11,10,10,0,1,0,1,11,1,10
S01010969,All families in households,171,151,137,130,7,14,13,1,20,3,17
S01010969,Families with no dependent children,128,122,112,111,1,10,10,0,6,2,4
S01010969,Families with dependent children: Total,43,29,25,19,6,4,3,1,14,1,13
S01010969,Families with dependent children: Youngest aged 0 to 4,11,5,5,4,1,0,0,0,6,0,6
S01010969,Families with dependent children: Youngest aged 5 to 11,21,16,12,9,3,4,3,1,5,0,5
S01010969,Families with dependent children: Youngest aged 12 to 18,11,8,8,6,2,0,0,0,3,1,2
S01010970,All families in households,280,238,193,187,6,45,41,4,42,7,35
S01010970,Families with no dependent children,175,162,135,133,2,27,26,1,13,3,10
S01010970,Families with dependent children: Total,105,76,58,54,4,18,15,3,29,4,25
S01010970,Families with dependent children: Youngest aged 0 to 4,31,23,13,11,2,10,10,0,8,1,7
S01010970,Families with dependent children: Youngest aged 5 to 11,45,32,25,24,1,7,5,2,13,1,12
S01010970,Families with dependent children: Youngest aged 12 to 18,29,21,20,19,1,1,0,1,8,2,6
S01010971,All families in households,344,278,240,229,11,38,32,6,66,4,62
S01010971,Families with no dependent children,195,184,161,160,1,23,21,2,11,2,9
S01010971,Families with dependent children: Total,149,94,79,69,10,15,11,4,55,2,53
S01010971,Families with dependent children: Youngest aged 0 to 4,57,35,25,24,1,10,9,1,22,1,21
S01010971,Families with dependent children: Youngest aged 5 to 11,48,28,25,20,5,3,1,2,20,1,19
S01010971,Families with dependent children: Youngest aged 12 to 18,44,31,29,25,4,2,1,1,13,0,13
S01010972,All families in households,261,184,128,118,10,56,45,11,77,7,70
S01010972,Families with no dependent children,127,105,83,81,2,22,19,3,22,1,21
S01010972,Families with dependent children: Total,134,79,45,37,8,34,26,8,55,6,49
S01010972,Families with dependent children: Youngest aged 0 to 4,38,22,9,7,2,13,12,1,16,0,16
S01010972,Families with dependent children: Youngest aged 5 to 11,58,40,22,18,4,18,12,6,18,2,16
S01010972,Families with dependent children: Youngest aged 12 to 18,38,17,14,12,2,3,2,1,21,4,17
S01010973,All families in households,155,136,115,109,6,21,16,5,19,2,17
S01010973,Families with no dependent children,109,103,89,87,2,14,13,1,6,1,5
S01010973,Families with dependent children: Total,46,33,26,22,4,7,3,4,13,1,12
S01010973,Families with dependent children: Youngest aged 0 to 4,10,6,5,3,2,1,0,1,4,0,4
S01010973,Families with dependent children: Youngest aged 5 to 11,23,16,13,13,0,3,2,1,7,1,6
S01010973,Families with dependent children: Youngest aged 12 to 18,13,11,8,6,2,3,1,2,2,0,2
S01010974,All families in households,206,171,152,147,5,19,17,2,35,2,33
S01010974,Families with no dependent children,136,121,111,109,2,10,10,0,15,1,14
S01010974,Families with dependent children: Total,70,50,41,38,3,9,7,2,20,1,19
S01010974,Families with dependent children: Youngest aged 0 to 4,28,20,14,14,0,6,6,0,8,0,8
S01010974,Families with dependent children: Youngest aged 5 to 11,21,13,12,11,1,1,1,0,8,1,7
S01010974,Families with dependent children: Youngest aged 12 to 18,21,17,15,13,2,2,0,2,4,0,4
S01010975,All families in households,144,108,84,75,9,24,14,10,36,6,30
S01010975,Families with no dependent children,79,63,56,55,1,7,7,0,16,6,10
S01010975,Families with dependent children: Total,65,45,28,20,8,17,7,10,20,0,20
S01010975,Families with dependent children: Youngest aged 0 to 4,22,17,8,5,3,9,5,4,5,0,5
S01010975,Families with dependent children: Youngest aged 5 to 11,24,15,10,6,4,5,1,4,9,0,9
S01010975,Families with dependent children: Youngest aged 12 to 18,19,13,10,9,1,3,1,2,6,0,6
S01010976,All families in households,155,124,99,94,5,25,21,4,31,6,25
S01010976,Families with no dependent children,95,79,62,61,1,17,15,2,16,6,10
S01010976,Families with dependent children: Total,60,45,37,33,4,8,6,2,15,0,15
S01010976,Families with dependent children: Youngest aged 0 to 4,21,17,10,10,0,7,6,1,4,0,4
S01010976,Families with dependent children: Youngest aged 5 to 11,13,7,7,6,1,0,0,0,6,0,6
S01010976,Families with dependent children: Youngest aged 12 to 18,26,21,20,17,3,1,0,1,5,0,5
S01010977,All families in households,222,183,148,135,13,35,32,3,39,2,37
S01010977,Families with no dependent children,134,119,94,90,4,25,25,0,15,1,14
S01010977,Families with dependent children: Total,88,64,54,45,9,10,7,3,24,1,23
S01010977,Families with dependent children: Youngest aged 0 to 4,26,16,12,8,4,4,4,0,10,0,10
S01010977,Families with dependent children: Youngest aged 5 to 11,34,23,19,17,2,4,2,2,11,1,10
S01010977,Families with dependent children: Youngest aged 12 to 18,28,25,23,20,3,2,1,1,3,0,3
S01010978,All families in households,201,136,96,93,3,40,31,9,65,10,55
S01010978,Families with no dependent children,108,92,73,72,1,19,17,2,16,7,9
S01010978,Families with dependent children: Total,93,44,23,21,2,21,14,7,49,3,46
S01010978,Families with dependent children: Youngest aged 0 to 4,35,18,8,7,1,10,8,2,17,0,17
S01010978,Families with dependent children: Youngest aged 5 to 11,34,16,8,7,1,8,5,3,18,2,16
S01010978,Families with dependent children: Youngest aged 12 to 18,24,10,7,7,0,3,1,2,14,1,13
S01010979,All families in households,236,184,143,127,16,41,35,6,52,5,47
S01010979,Families with no dependent children,122,103,86,83,3,17,14,3,19,2,17
S01010979,Families with dependent children: Total,114,81,57,44,13,24,21,3,33,3,30
S01010979,Families with dependent children: Youngest aged 0 to 4,39,33,21,16,5,12,12,0,6,0,6
S01010979,Families with dependent children: Youngest aged 5 to 11,42,27,21,17,4,6,4,2,15,1,14
S01010979,Families with dependent children: Youngest aged 12 to 18,33,21,15,11,4,6,5,1,12,2,10
S01010980,All families in households,209,158,123,119,4,35,32,3,51,4,47
S01010980,Families with no dependent children,126,105,82,80,2,23,23,0,21,2,19
S01010980,Families with dependent children: Total,83,53,41,39,2,12,9,3,30,2,28
S01010980,Families with dependent children: Youngest aged 0 to 4,26,19,13,13,0,6,5,1,7,0,7
S01010980,Families with dependent children: Youngest aged 5 to 11,35,19,14,13,1,5,4,1,16,1,15
S01010980,Families with dependent children: Youngest aged 12 to 18,22,15,14,13,1,1,0,1,7,1,6
S01010981,All families in households,224,176,146,143,3,30,22,8,48,6,42
S01010981,Families with no dependent children,140,118,104,102,2,14,12,2,22,6,16
S01010981,Families with dependent children: Total,84,58,42,41,1,16,10,6,26,0,26
S01010981,Families with dependent children: Youngest aged 0 to 4,37,28,16,16,0,12,9,3,9,0,9
S01010981,Families with dependent children: Youngest aged 5 to 11,23,13,10,10,0,3,1,2,10,0,10
S01010981,Families with dependent children: Youngest aged 12 to 18,24,17,16,15,1,1,0,1,7,0,7
S01010982,All families in households,330,306,269,265,4,37,31,6,24,4,20
S01010982,Families with no dependent children,230,216,193,193,0,23,21,2,14,2,12
S01010982,Families with dependent children: Total,100,90,76,72,4,14,10,4,10,2,8
S01010982,Families with dependent children: Youngest aged 0 to 4,43,38,27,25,2,11,9,2,5,0,5
S01010982,Families with dependent children: Youngest aged 5 to 11,30,27,25,25,0,2,1,1,3,2,1
S01010982,Families with dependent children: Youngest aged 12 to 18,27,25,24,22,2,1,0,1,2,0,2
S01010983,All families in households,245,206,177,173,4,29,25,4,39,5,34
S01010983,Families with no dependent children,151,142,120,117,3,22,18,4,9,3,6
S01010983,Families with dependent children: Total,94,64,57,56,1,7,7,0,30,2,28
S01010983,Families with dependent children: Youngest aged 0 to 4,28,18,13,13,0,5,5,0,10,2,8
S01010983,Families with dependent children: Youngest aged 5 to 11,30,20,19,19,0,1,1,0,10,0,10
S01010983,Families with dependent children: Youngest aged 12 to 18,36,26,25,24,1,1,1,0,10,0,10
S01010984,All families in households,221,200,184,179,5,16,14,2,21,4,17
S01010984,Families with no dependent children,153,146,141,141,0,5,5,0,7,2,5
S01010984,Families with dependent children: Total,68,54,43,38,5,11,9,2,14,2,12
S01010984,Families with dependent children: Youngest aged 0 to 4,24,18,12,11,1,6,5,1,6,0,6
S01010984,Families with dependent children: Youngest aged 5 to 11,26,21,17,15,2,4,4,0,5,1,4
S01010984,Families with dependent children: Youngest aged 12 to 18,18,15,14,12,2,1,0,1,3,1,2
S01010985,All families in households,184,135,116,106,10,19,15,4,49,6,43
S01010985,Families with no dependent children,100,80,70,67,3,10,9,1,20,4,16
S01010985,Families with dependent children: Total,84,55,46,39,7,9,6,3,29,2,27
S01010985,Families with dependent children: Youngest aged 0 to 4,30,22,18,18,0,4,3,1,8,1,7
S01010985,Families with dependent children: Youngest aged 5 to 11,28,18,14,12,2,4,3,1,10,0,10
S01010985,Families with dependent children: Youngest aged 12 to 18,26,15,14,9,5,1,0,1,11,1,10
S01010986,All families in households,158,151,134,121,13,17,17,0,7,1,6
S01010986,Families with no dependent children,66,62,50,46,4,12,12,0,4,0,4
S01010986,Families with dependent children: Total,92,89,84,75,9,5,5,0,3,1,2
S01010986,Families with dependent children: Youngest aged 0 to 4,41,41,39,35,4,2,2,0,0,0,0
S01010986,Families with dependent children: Youngest aged 5 to 11,28,26,24,22,2,2,2,0,2,1,1
S01010986,Families with dependent children: Youngest aged 12 to 18,23,22,21,18,3,1,1,0,1,0,1
S01010987,All families in households,192,179,154,150,4,25,18,7,13,3,10
S01010987,Families with no dependent children,66,63,49,46,3,14,13,1,3,1,2
S01010987,Families with dependent children: Total,126,116,105,104,1,11,5,6,10,2,8
S01010987,Families with dependent children: Youngest aged 0 to 4,38,36,32,32,0,4,3,1,2,0,2
S01010987,Families with dependent children: Youngest aged 5 to 11,54,48,46,45,1,2,1,1,6,1,5
S01010987,Families with dependent children: Youngest aged 12 to 18,34,32,27,27,0,5,1,4,2,1,1
S01010988,All families in households,189,169,148,142,6,21,12,9,20,2,18
S01010988,Families with no dependent children,72,68,61,58,3,7,6,1,4,0,4
S01010988,Families with dependent children: Total,117,101,87,84,3,14,6,8,16,2,14
S01010988,Families with dependent children: Youngest aged 0 to 4,37,36,31,31,0,5,1,4,1,1,0
S01010988,Families with dependent children: Youngest aged 5 to 11,48,41,34,32,2,7,4,3,7,1,6
S01010988,Families with dependent children: Youngest aged 12 to 18,32,24,22,21,1,2,1,1,8,0,8
S01010989,All families in households,297,276,155,144,11,121,111,10,21,2,19
S01010989,Families with no dependent children,146,139,63,58,5,76,74,2,7,2,5
S01010989,Families with dependent children: Total,151,137,92,86,6,45,37,8,14,0,14
S01010989,Families with dependent children: Youngest aged 0 to 4,101,93,62,60,2,31,27,4,8,0,8
S01010989,Families with dependent children: Youngest aged 5 to 11,35,30,21,17,4,9,8,1,5,0,5
S01010989,Families with dependent children: Youngest aged 12 to 18,15,14,9,9,0,5,2,3,1,0,1
S01010990,All families in households,245,200,169,163,6,31,24,7,45,2,43
S01010990,Families with no dependent children,146,128,116,114,2,12,12,0,18,1,17
S01010990,Families with dependent children: Total,99,72,53,49,4,19,12,7,27,1,26
S01010990,Families with dependent children: Youngest aged 0 to 4,29,24,15,14,1,9,6,3,5,1,4
S01010990,Families with dependent children: Youngest aged 5 to 11,38,29,21,20,1,8,5,3,9,0,9
S01010990,Families with dependent children: Youngest aged 12 to 18,32,19,17,15,2,2,1,1,13,0,13
S01010991,All families in households,173,150,130,124,6,20,18,2,23,3,20
S01010991,Families with no dependent children,109,99,86,85,1,13,13,0,10,3,7
S01010991,Families with dependent children: Total,64,51,44,39,5,7,5,2,13,0,13
S01010991,Families with dependent children: Youngest aged 0 to 4,16,14,10,10,0,4,2,2,2,0,2
S01010991,Families with dependent children: Youngest aged 5 to 11,28,21,18,15,3,3,3,0,7,0,7
S01010991,Families with dependent children: Youngest aged 12 to 18,20,16,16,14,2,0,0,0,4,0,4
S01010992,All families in households,171,161,130,125,5,31,26,5,10,2,8
S01010992,Families with no dependent children,62,60,43,43,0,17,17,0,2,0,2
S01010992,Families with dependent children: Total,109,101,87,82,5,14,9,5,8,2,6
S01010992,Families with dependent children: Youngest aged 0 to 4,48,46,39,37,2,7,6,1,2,0,2
S01010992,Families with dependent children: Youngest aged 5 to 11,46,41,35,33,2,6,3,3,5,2,3
S01010992,Families with dependent children: Youngest aged 12 to 18,15,14,13,12,1,1,0,1,1,0,1
S01010993,All families in households,205,179,151,146,5,28,22,6,26,1,25
S01010993,Families with no dependent children,120,110,92,92,0,18,15,3,10,1,9
S01010993,Families with dependent children: Total,85,69,59,54,5,10,7,3,16,0,16
S01010993,Families with dependent children: Youngest aged 0 to 4,22,20,17,16,1,3,3,0,2,0,2
S01010993,Families with dependent children: Youngest aged 5 to 11,35,24,22,20,2,2,1,1,11,0,11
S01010993,Families with dependent children: Youngest aged 12 to 18,28,25,20,18,2,5,3,2,3,0,3
S01010994,All families in households,321,295,252,242,10,43,37,6,26,1,25
S01010994,Families with no dependent children,188,179,155,153,2,24,22,2,9,1,8
S01010994,Families with dependent children: Total,133,116,97,89,8,19,15,4,17,0,17
S01010994,Families with dependent children: Youngest aged 0 to 4,51,48,37,35,2,11,10,1,3,0,3
S01010994,Families with dependent children: Youngest aged 5 to 11,42,33,30,28,2,3,3,0,9,0,9
S01010994,Families with dependent children: Youngest aged 12 to 18,40,35,30,26,4,5,2,3,5,0,5
S01010995,All families in households,240,222,200,195,5,22,19,3,18,3,15
S01010995,Families with no dependent children,165,158,145,144,1,13,12,1,7,1,6
S01010995,Families with dependent children: Total,75,64,55,51,4,9,7,2,11,2,9
S01010995,Families with dependent children: Youngest aged 0 to 4,25,23,17,15,2,6,5,1,2,0,2
S01010995,Families with dependent children: Youngest aged 5 to 11,25,21,18,17,1,3,2,1,4,0,4
S01010995,Families with dependent children: Youngest aged 12 to 18,25,20,20,19,1,0,0,0,5,2,3
S01010996,All families in households,175,167,139,136,3,28,25,3,8,0,8
S01010996,Families with no dependent children,105,100,83,82,1,17,17,0,5,0,5
S01010996,Families with dependent children: Total,70,67,56,54,2,11,8,3,3,0,3
S01010996,Families with dependent children: Youngest aged 0 to 4,29,28,22,21,1,6,4,2,1,0,1
S01010996,Families with dependent children: Youngest aged 5 to 11,18,18,15,15,0,3,3,0,0,0,0
S01010996,Families with dependent children: Youngest aged 12 to 18,23,21,19,18,1,2,1,1,2,0,2
S01010997,All families in households,214,201,190,185,5,11,8,3,13,2,11
S01010997,Families with no dependent children,163,153,146,143,3,7,6,1,10,2,8
S01010997,Families with dependent children: Total,51,48,44,42,2,4,2,2,3,0,3
S01010997,Families with dependent children: Youngest aged 0 to 4,15,14,14,13,1,0,0,0,1,0,1
S01010997,Families with dependent children: Youngest aged 5 to 11,16,15,12,12,0,3,2,1,1,0,1
S01010997,Families with dependent children: Youngest aged 12 to 18,20,19,18,17,1,1,0,1,1,0,1
S01010998,All families in households,183,167,151,149,2,16,13,3,16,3,13
S01010998,Families with no dependent children,112,104,90,90,0,14,12,2,8,2,6
S01010998,Families with dependent children: Total,71,63,61,59,2,2,1,1,8,1,7
S01010998,Families with dependent children: Youngest aged 0 to 4,18,18,17,17,0,1,0,1,0,0,0
S01010998,Families with dependent children: Youngest aged 5 to 11,31,29,28,27,1,1,1,0,2,0,2
S01010998,Families with dependent children: Youngest aged 12 to 18,22,16,16,15,1,0,0,0,6,1,5
S01010999,All families in households,267,252,222,217,5,30,28,2,15,2,13
S01010999,Families with no dependent children,180,173,154,152,2,19,19,0,7,2,5
S01010999,Families with dependent children: Total,87,79,68,65,3,11,9,2,8,0,8
S01010999,Families with dependent children: Youngest aged 0 to 4,42,37,30,28,2,7,7,0,5,0,5
S01010999,Families with dependent children: Youngest aged 5 to 11,25,23,21,20,1,2,2,0,2,0,2
S01010999,Families with dependent children: Youngest aged 12 to 18,20,19,17,17,0,2,0,2,1,0,1
S01011000,All families in households,256,216,177,168,9,39,31,8,40,9,31
S01011000,Families with no dependent children,153,142,118,113,5,24,22,2,11,5,6
S01011000,Families with dependent children: Total,103,74,59,55,4,15,9,6,29,4,25
S01011000,Families with dependent children: Youngest aged 0 to 4,35,26,22,21,1,4,3,1,9,0,9
S01011000,Families with dependent children: Youngest aged 5 to 11,36,26,21,19,2,5,3,2,10,1,9
S01011000,Families with dependent children: Youngest aged 12 to 18,32,22,16,15,1,6,3,3,10,3,7
S01011001,All families in households,193,160,136,129,7,24,14,10,33,5,28
S01011001,Families with no dependent children,116,104,94,90,4,10,8,2,12,2,10
S01011001,Families with dependent children: Total,77,56,42,39,3,14,6,8,21,3,18
S01011001,Families with dependent children: Youngest aged 0 to 4,32,25,17,16,1,8,4,4,7,1,6
S01011001,Families with dependent children: Youngest aged 5 to 11,21,14,11,10,1,3,2,1,7,0,7
S01011001,Families with dependent children: Youngest aged 12 to 18,24,17,14,13,1,3,0,3,7,2,5
S01011002,All families in households,212,163,131,119,12,32,25,7,49,8,41
S01011002,Families with no dependent children,135,116,97,93,4,19,17,2,19,4,15
S01011002,Families with dependent children: Total,77,47,34,26,8,13,8,5,30,4,26
S01011002,Families with dependent children: Youngest aged 0 to 4,25,17,10,8,2,7,3,4,8,1,7
S01011002,Families with dependent children: Youngest aged 5 to 11,27,12,9,8,1,3,3,0,15,2,13
S01011002,Families with dependent children: Youngest aged 12 to 18,25,18,15,10,5,3,2,1,7,1,6
S01011003,All families in households,197,156,126,118,8,30,21,9,41,6,35
S01011003,Families with no dependent children,107,92,78,75,3,14,13,1,15,2,13
S01011003,Families with dependent children: Total,90,64,48,43,5,16,8,8,26,4,22
S01011003,Families with dependent children: Youngest aged 0 to 4,34,23,13,12,1,10,6,4,11,0,11
S01011003,Families with dependent children: Youngest aged 5 to 11,29,19,14,11,3,5,2,3,10,3,7
S01011003,Families with dependent children: Youngest aged 12 to 18,27,22,21,20,1,1,0,1,5,1,4
S01011004,All families in households,202,171,137,127,10,34,28,6,31,1,30
S01011004,Families with no dependent children,107,102,82,78,4,20,18,2,5,0,5
S01011004,Families with dependent children: Total,95,69,55,49,6,14,10,4,26,1,25
S01011004,Families with dependent children: Youngest aged 0 to 4,34,30,20,17,3,10,9,1,4,0,4
S01011004,Families with dependent children: Youngest aged 5 to 11,30,21,17,17,0,4,1,3,9,0,9
S01011004,Families with dependent children: Youngest aged 12 to 18,31,18,18,15,3,0,0,0,13,1,12
S01011005,All families in households,198,152,112,111,1,40,27,13,46,9,37
S01011005,Families with no dependent children,124,107,87,86,1,20,20,0,17,3,14
S01011005,Families with dependent children: Total,74,45,25,25,0,20,7,13,29,6,23
S01011005,Families with dependent children: Youngest aged 0 to 4,28,23,8,8,0,15,6,9,5,1,4
S01011005,Families with dependent children: Youngest aged 5 to 11,22,13,9,9,0,4,1,3,9,0,9
S01011005,Families with dependent children: Youngest aged 12 to 18,24,9,8,8,0,1,0,1,15,5,10
S01011006,All families in households,323,269,192,182,10,77,68,9,54,8,46
S01011006,Families with no dependent children,202,177,126,122,4,51,48,3,25,6,19
S01011006,Families with dependent children: Total,121,92,66,60,6,26,20,6,29,2,27
S01011006,Families with dependent children: Youngest aged 0 to 4,55,47,28,24,4,19,16,3,8,0,8
S01011006,Families with dependent children: Youngest aged 5 to 11,40,27,22,20,2,5,3,2,13,2,11
S01011006,Families with dependent children: Youngest aged 12 to 18,26,18,16,16,0,2,1,1,8,0,8
S01011007,All families in households,213,151,119,114,5,32,24,8,62,5,57
S01011007,Families with no dependent children,119,95,79,77,2,16,15,1,24,5,19
S01011007,Families with dependent children: Total,94,56,40,37,3,16,9,7,38,0,38
S01011007,Families with dependent children: Youngest aged 0 to 4,24,18,12,11,1,6,3,3,6,0,6
S01011007,Families with dependent children: Youngest aged 5 to 11,36,15,8,7,1,7,4,3,21,0,21
S01011007,Families with dependent children: Youngest aged 12 to 18,34,23,20,19,1,3,2,1,11,0,11
S01011008,All families in households,243,202,172,166,6,30,26,4,41,5,36
S01011008,Families with no dependent children,164,148,134,131,3,14,13,1,16,4,12
S01011008,Families with dependent children: Total,79,54,38,35,3,16,13,3,25,1,24
S01011008,Families with dependent children: Youngest aged 0 to 4,26,22,14,14,0,8,6,2,4,0,4
S01011008,Families with dependent children: Youngest aged 5 to 11,27,17,11,10,1,6,6,0,10,0,10
S01011008,Families with dependent children: Youngest aged 12 to 18,26,15,13,11,2,2,1,1,11,1,10
S01011009,All families in households,159,116,93,87,6,23,20,3,43,4,39
S01011009,Families with no dependent children,98,76,63,60,3,13,12,1,22,4,18
S01011009,Families with dependent children: Total,61,40,30,27,3,10,8,2,21,0,21
S01011009,Families with dependent children: Youngest aged 0 to 4,19,14,8,8,0,6,5,1,5,0,5
S01011009,Families with dependent children: Youngest aged 5 to 11,29,20,17,14,3,3,3,0,9,0,9
S01011009,Families with dependent children: Youngest aged 12 to 18,13,6,5,5,0,1,0,1,7,0,7
S01011010,All families in households,133,98,56,54,2,42,37,5,35,8,27
S01011010,Families with no dependent children,86,72,41,40,1,31,31,0,14,6,8
S01011010,Families with dependent children: Total,47,26,15,14,1,11,6,5,21,2,19
S01011010,Families with dependent children: Youngest aged 0 to 4,19,16,7,7,0,9,5,4,3,0,3
S01011010,Families with dependent children: Youngest aged 5 to 11,12,3,3,3,0,0,0,0,9,1,8
S01011010,Families with dependent children: Youngest aged 12 to 18,16,7,5,4,1,2,1,1,9,1,8
S01011011,All families in households,196,136,83,77,6,53,48,5,60,7,53
S01011011,Families with no dependent children,118,104,63,58,5,41,39,2,14,1,13
S01011011,Families with dependent children: Total,78,32,20,19,1,12,9,3,46,6,40
S01011011,Families with dependent children: Youngest aged 0 to 4,33,17,6,6,0,11,9,2,16,1,15
S01011011,Families with dependent children: Youngest aged 5 to 11,26,8,8,7,1,0,0,0,18,1,17
S01011011,Families with dependent children: Youngest aged 12 to 18,19,7,6,6,0,1,0,1,12,4,8
S01011012,All families in households,213,124,86,78,8,38,26,12,89,13,76
S01011012,Families with no dependent children,98,69,51,50,1,18,17,1,29,7,22
S01011012,Families with dependent children: Total,115,55,35,28,7,20,9,11,60,6,54
S01011012,Families with dependent children: Youngest aged 0 to 4,50,29,15,12,3,14,7,7,21,0,21
S01011012,Families with dependent children: Youngest aged 5 to 11,40,14,10,7,3,4,1,3,26,3,23
S01011012,Families with dependent children: Youngest aged 12 to 18,25,12,10,9,1,2,1,1,13,3,10
S01011013,All families in households,247,197,165,155,10,32,27,5,50,7,43
S01011013,Families with no dependent children,153,130,113,108,5,17,16,1,23,4,19
S01011013,Families with dependent children: Total,94,67,52,47,5,15,11,4,27,3,24
S01011013,Families with dependent children: Youngest aged 0 to 4,34,26,18,15,3,8,7,1,8,0,8
S01011013,Families with dependent children: Youngest aged 5 to 11,37,25,21,19,2,4,3,1,12,2,10
S01011013,Families with dependent children: Youngest aged 12 to 18,23,16,13,13,0,3,1,2,7,1,6
S01011014,All families in households,253,208,179,176,3,29,26,3,45,5,40
S01011014,Families with no dependent children,153,142,123,123,0,19,18,1,11,1,10
S01011014,Families with dependent children: Total,100,66,56,53,3,10,8,2,34,4,30
S01011014,Families with dependent children: Youngest aged 0 to 4,29,16,9,8,1,7,7,0,13,1,12
S01011014,Families with dependent children: Youngest aged 5 to 11,30,20,19,19,0,1,0,1,10,1,9
S01011014,Families with dependent children: Youngest aged 12 to 18,41,30,28,26,2,2,1,1,11,2,9
S01011015,All families in households,136,116,103,101,2,13,8,5,20,3,17
S01011015,Families with no dependent children,92,88,81,80,1,7,4,3,4,2,2
S01011015,Families with dependent children: Total,44,28,22,21,1,6,4,2,16,1,15
S01011015,Families with dependent children: Youngest aged 0 to 4,16,10,6,5,1,4,4,0,6,0,6
S01011015,Families with dependent children: Youngest aged 5 to 11,19,13,12,12,0,1,0,1,6,1,5
S01011015,Families with dependent children: Youngest aged 12 to 18,9,5,4,4,0,1,0,1,4,0,4
S01011016,All families in households,259,231,170,159,11,61,52,9,28,1,27
S01011016,Families with no dependent children,114,104,61,57,4,43,40,3,10,0,10
S01011016,Families with dependent children: Total,145,127,109,102,7,18,12,6,18,1,17
S01011016,Families with dependent children: Youngest aged 0 to 4,76,70,58,53,5,12,12,0,6,1,5
S01011016,Families with dependent children: Youngest aged 5 to 11,40,37,33,33,0,4,0,4,3,0,3
S01011016,Families with dependent children: Youngest aged 12 to 18,29,20,18,16,2,2,0,2,9,0,9
S01011017,All families in households,279,256,225,216,9,31,29,2,23,3,20
S01011017,Families with no dependent children,182,176,153,152,1,23,23,0,6,1,5
S01011017,Families with dependent children: Total,97,80,72,64,8,8,6,2,17,2,15
S01011017,Families with dependent children: Youngest aged 0 to 4,28,27,23,23,0,4,3,1,1,0,1
S01011017,Families with dependent children: Youngest aged 5 to 11,39,28,26,21,5,2,1,1,11,1,10
S01011017,Families with dependent children: Youngest aged 12 to 18,30,25,23,20,3,2,2,0,5,1,4
S01011018,All families in households,249,214,178,175,3,36,31,5,35,11,24
S01011018,Families with no dependent children,152,132,117,116,1,15,15,0,20,9,11
S01011018,Families with dependent children: Total,97,82,61,59,2,21,16,5,15,2,13
S01011018,Families with dependent children: Youngest aged 0 to 4,41,37,24,23,1,13,10,3,4,0,4
S01011018,Families with dependent children: Youngest aged 5 to 11,25,23,18,18,0,5,4,1,2,1,1
S01011018,Families with dependent children: Youngest aged 12 to 18,31,22,19,18,1,3,2,1,9,1,8
S01011019,All families in households,321,280,224,219,5,56,46,10,41,5,36
S01011019,Families with no dependent children,183,170,140,138,2,30,28,2,13,1,12
S01011019,Families with dependent children: Total,138,110,84,81,3,26,18,8,28,4,24
S01011019,Families with dependent children: Youngest aged 0 to 4,57,45,32,32,0,13,10,3,12,0,12
S01011019,Families with dependent children: Youngest aged 5 to 11,51,43,35,33,2,8,6,2,8,2,6
S01011019,Families with dependent children: Youngest aged 12 to 18,30,22,17,16,1,5,2,3,8,2,6
S01011020,All families in households,154,136,117,115,2,19,17,2,18,5,13
S01011020,Families with no dependent children,97,88,76,75,1,12,12,0,9,2,7
S01011020,Families with dependent children: Total,57,48,41,40,1,7,5,2,9,3,6
S01011020,Families with dependent children: Youngest aged 0 to 4,28,26,24,24,0,2,2,0,2,1,1
S01011020,Families with dependent children: Youngest aged 5 to 11,17,13,11,11,0,2,1,1,4,1,3
S01011020,Families with dependent children: Youngest aged 12 to 18,12,9,6,5,1,3,2,1,3,1,2
S01011021,All families in households,246,195,160,151,9,35,31,4,51,7,44
S01011021,Families with no dependent children,151,133,109,106,3,24,22,2,18,5,13
S01011021,Families with dependent children: Total,95,62,51,45,6,11,9,2,33,2,31
S01011021,Families with dependent children: Youngest aged 0 to 4,29,22,17,15,2,5,4,1,7,0,7
S01011021,Families with dependent children: Youngest aged 5 to 11,37,18,15,13,2,3,2,1,19,2,17
S01011021,Families with dependent children: Youngest aged 12 to 18,29,22,19,17,2,3,3,0,7,0,7
S01011022,All families in households,178,125,85,80,5,40,28,12,53,3,50
S01011022,Families with no dependent children,95,80,57,55,2,23,21,2,15,0,15
S01011022,Families with dependent children: Total,83,45,28,25,3,17,7,10,38,3,35
S01011022,Families with dependent children: Youngest aged 0 to 4,26,17,8,8,0,9,3,6,9,0,9
S01011022,Families with dependent children: Youngest aged 5 to 11,35,16,11,8,3,5,3,2,19,1,18
S01011022,Families with dependent children: Youngest aged 12 to 18,22,12,9,9,0,3,1,2,10,2,8
S01011023,All families in households,245,200,159,152,7,41,29,12,45,7,38
S01011023,Families with no dependent children,142,127,104,102,2,23,19,4,15,6,9
S01011023,Families with dependent children: Total,103,73,55,50,5,18,10,8,30,1,29
S01011023,Families with dependent children: Youngest aged 0 to 4,45,32,21,19,2,11,8,3,13,0,13
S01011023,Families with dependent children: Youngest aged 5 to 11,21,16,14,13,1,2,1,1,5,0,5
S01011023,Families with dependent children: Youngest aged 12 to 18,37,25,20,18,2,5,1,4,12,1,11
S01011024,All families in households,239,149,108,96,12,41,30,11,90,7,83
S01011024,Families with no dependent children,111,82,64,61,3,18,15,3,29,5,24
S01011024,Families with dependent children: Total,128,67,44,35,9,23,15,8,61,2,59
S01011024,Families with dependent children: Youngest aged 0 to 4,50,33,18,16,2,15,11,4,17,0,17
S01011024,Families with dependent children: Youngest aged 5 to 11,43,18,12,9,3,6,3,3,25,2,23
S01011024,Families with dependent children: Youngest aged 12 to 18,35,16,14,10,4,2,1,1,19,0,19
S01011025,All families in households,210,150,106,99,7,44,27,17,60,10,50
S01011025,Families with no dependent children,117,95,72,71,1,23,17,6,22,5,17
S01011025,Families with dependent children: Total,93,55,34,28,6,21,10,11,38,5,33
S01011025,Families with dependent children: Youngest aged 0 to 4,35,22,11,10,1,11,8,3,13,0,13
S01011025,Families with dependent children: Youngest aged 5 to 11,22,13,7,5,2,6,1,5,9,2,7
S01011025,Families with dependent children: Youngest aged 12 to 18,36,20,16,13,3,4,1,3,16,3,13
S01011026,All families in households,172,141,103,95,8,38,29,9,31,5,26
S01011026,Families with no dependent children,104,94,74,70,4,20,16,4,10,1,9
S01011026,Families with dependent children: Total,68,47,29,25,4,18,13,5,21,4,17
S01011026,Families with dependent children: Youngest aged 0 to 4,25,18,6,5,1,12,11,1,7,0,7
S01011026,Families with dependent children: Youngest aged 5 to 11,21,14,11,10,1,3,0,3,7,0,7
S01011026,Families with dependent children: Youngest aged 12 to 18,22,15,12,10,2,3,2,1,7,4,3
S01011027,All families in households,272,174,124,114,10,50,37,13,98,17,81
S01011027,Families with no dependent children,119,95,75,74,1,20,19,1,24,8,16
S01011027,Families with dependent children: Total,153,79,49,40,9,30,18,12,74,9,65
S01011027,Families with dependent children: Youngest aged 0 to 4,64,35,18,15,3,17,12,5,29,1,28
S01011027,Families with dependent children: Youngest aged 5 to 11,50,26,18,16,2,8,5,3,24,1,23
S01011027,Families with dependent children: Youngest aged 12 to 18,39,18,13,9,4,5,1,4,21,7,14
S01011028,All families in households,291,184,120,110,10,64,50,14,107,14,93
S01011028,Families with no dependent children,130,98,75,74,1,23,20,3,32,9,23
S01011028,Families with dependent children: Total,161,86,45,36,9,41,30,11,75,5,70
S01011028,Families with dependent children: Youngest aged 0 to 4,85,47,19,16,3,28,24,4,38,1,37
S01011028,Families with dependent children: Youngest aged 5 to 11,39,19,9,6,3,10,5,5,20,2,18
S01011028,Families with dependent children: Youngest aged 12 to 18,37,20,17,14,3,3,1,2,17,2,15
S01011029,All families in households,184,148,111,109,2,37,26,11,36,6,30
S01011029,Families with no dependent children,107,94,74,73,1,20,17,3,13,3,10
S01011029,Families with dependent children: Total,77,54,37,36,1,17,9,8,23,3,20
S01011029,Families with dependent children: Youngest aged 0 to 4,26,19,11,11,0,8,7,1,7,0,7
S01011029,Families with dependent children: Youngest aged 5 to 11,28,21,13,13,0,8,2,6,7,1,6
S01011029,Families with dependent children: Youngest aged 12 to 18,23,14,13,12,1,1,0,1,9,2,7
S01011030,All families in households,307,268,222,209,13,46,35,11,39,8,31
S01011030,Families with no dependent children,181,166,145,139,6,21,19,2,15,6,9
S01011030,Families with dependent children: Total,126,102,77,70,7,25,16,9,24,2,22
S01011030,Families with dependent children: Youngest aged 0 to 4,38,33,22,22,0,11,11,0,5,0,5
S01011030,Families with dependent children: Youngest aged 5 to 11,49,42,30,26,4,12,5,7,7,1,6
S01011030,Families with dependent children: Youngest aged 12 to 18,39,27,25,22,3,2,0,2,12,1,11
S01011031,All families in households,223,165,128,121,7,37,31,6,58,12,46
S01011031,Families with no dependent children,123,106,89,87,2,17,16,1,17,5,12
S01011031,Families with dependent children: Total,100,59,39,34,5,20,15,5,41,7,34
S01011031,Families with dependent children: Youngest aged 0 to 4,41,25,12,10,2,13,12,1,16,2,14
S01011031,Families with dependent children: Youngest aged 5 to 11,35,21,16,15,1,5,3,2,14,2,12
S01011031,Families with dependent children: Youngest aged 12 to 18,24,13,11,9,2,2,0,2,11,3,8
S01011032,All families in households,235,161,135,124,11,26,19,7,74,11,63
S01011032,Families with no dependent children,141,113,105,102,3,8,6,2,28,9,19
S01011032,Families with dependent children: Total,94,48,30,22,8,18,13,5,46,2,44
S01011032,Families with dependent children: Youngest aged 0 to 4,40,21,13,8,5,8,7,1,19,0,19
S01011032,Families with dependent children: Youngest aged 5 to 11,23,12,4,3,1,8,5,3,11,0,11
S01011032,Families with dependent children: Youngest aged 12 to 18,31,15,13,11,2,2,1,1,16,2,14
S01011033,All families in households,194,170,130,125,5,40,33,7,24,1,23
S01011033,Families with no dependent children,119,106,85,84,1,21,17,4,13,1,12
S01011033,Families with dependent children: Total,75,64,45,41,4,19,16,3,11,0,11
S01011033,Families with dependent children: Youngest aged 0 to 4,30,27,16,16,0,11,11,0,3,0,3
S01011033,Families with dependent children: Youngest aged 5 to 11,27,23,19,17,2,4,2,2,4,0,4
S01011033,Families with dependent children: Youngest aged 12 to 18,18,14,10,8,2,4,3,1,4,0,4
S01011034,All families in households,189,158,124,119,5,34,30,4,31,4,27
S01011034,Families with no dependent children,121,104,84,84,0,20,17,3,17,3,14
S01011034,Families with dependent children: Total,68,54,40,35,5,14,13,1,14,1,13
S01011034,Families with dependent children: Youngest aged 0 to 4,32,27,16,16,0,11,11,0,5,0,5
S01011034,Families with dependent children: Youngest aged 5 to 11,16,13,11,8,3,2,1,1,3,0,3
S01011034,Families with dependent children: Youngest aged 12 to 18,20,14,13,11,2,1,1,0,6,1,5
S01011035,All families in households,207,154,116,112,4,38,32,6,53,5,48
S01011035,Families with no dependent children,111,89,69,68,1,20,19,1,22,4,18
S01011035,Families with dependent children: Total,96,65,47,44,3,18,13,5,31,1,30
S01011035,Families with dependent children: Youngest aged 0 to 4,39,27,15,13,2,12,11,1,12,0,12
S01011035,Families with dependent children: Youngest aged 5 to 11,30,19,16,16,0,3,1,2,11,0,11
S01011035,Families with dependent children: Youngest aged 12 to 18,27,19,16,15,1,3,1,2,8,1,7
S01011036,All families in households,201,172,138,131,7,34,32,2,29,2,27
S01011036,Families with no dependent children,115,105,82,80,2,23,23,0,10,1,9
S01011036,Families with dependent children: Total,86,67,56,51,5,11,9,2,19,1,18
S01011036,Families with dependent children: Youngest aged 0 to 4,31,28,23,21,2,5,4,1,3,0,3
S01011036,Families with dependent children: Youngest aged 5 to 11,25,17,14,11,3,3,3,0,8,1,7
S01011036,Families with dependent children: Youngest aged 12 to 18,30,22,19,19,0,3,2,1,8,0,8
S01011037,All families in households,279,208,139,125,14,69,56,13,71,9,62
S01011037,Families with no dependent children,129,108,76,72,4,32,30,2,21,6,15
S01011037,Families with dependent children: Total,150,100,63,53,10,37,26,11,50,3,47
S01011037,Families with dependent children: Youngest aged 0 to 4,71,42,20,16,4,22,17,5,29,3,26
S01011037,Families with dependent children: Youngest aged 5 to 11,47,35,24,20,4,11,7,4,12,0,12
S01011037,Families with dependent children: Youngest aged 12 to 18,32,23,19,17,2,4,2,2,9,0,9
S01011038,All families in households,244,173,123,111,12,50,33,17,71,9,62
S01011038,Families with no dependent children,123,98,78,74,4,20,18,2,25,3,22
S01011038,Families with dependent children: Total,121,75,45,37,8,30,15,15,46,6,40
S01011038,Families with dependent children: Youngest aged 0 to 4,44,32,15,12,3,17,9,8,12,2,10
S01011038,Families with dependent children: Youngest aged 5 to 11,51,29,19,15,4,10,5,5,22,1,21
S01011038,Families with dependent children: Youngest aged 12 to 18,26,14,11,10,1,3,1,2,12,3,9
S01011039,All families in households,221,192,142,139,3,50,40,10,29,1,28
S01011039,Families with no dependent children,138,124,96,96,0,28,27,1,14,0,14
S01011039,Families with dependent children: Total,83,68,46,43,3,22,13,9,15,1,14
S01011039,Families with dependent children: Youngest aged 0 to 4,35,34,20,20,0,14,13,1,1,0,1
S01011039,Families with dependent children: Youngest aged 5 to 11,18,15,11,9,2,4,0,4,3,0,3
S01011039,Families with dependent children: Youngest aged 12 to 18,30,19,15,14,1,4,0,4,11,1,10
S01011040,All families in households,218,156,119,115,4,37,30,7,62,8,54
S01011040,Families with no dependent children,107,91,75,74,1,16,15,1,16,3,13
S01011040,Families with dependent children: Total,111,65,44,41,3,21,15,6,46,5,41
S01011040,Families with dependent children: Youngest aged 0 to 4,41,24,11,10,1,13,10,3,17,0,17
S01011040,Families with dependent children: Youngest aged 5 to 11,40,23,17,16,1,6,4,2,17,2,15
S01011040,Families with dependent children: Youngest aged 12 to 18,30,18,16,15,1,2,1,1,12,3,9
S01011041,All families in households,229,151,117,110,7,34,26,8,78,6,72
S01011041,Families with no dependent children,104,87,70,65,5,17,15,2,17,2,15
S01011041,Families with dependent children: Total,125,64,47,45,2,17,11,6,61,4,57
S01011041,Families with dependent children: Youngest aged 0 to 4,60,33,20,19,1,13,8,5,27,2,25
S01011041,Families with dependent children: Youngest aged 5 to 11,39,20,19,18,1,1,1,0,19,0,19
S01011041,Families with dependent children: Youngest aged 12 to 18,26,11,8,8,0,3,2,1,15,2,13
S01011042,All families in households,256,228,172,167,5,56,51,5,28,3,25
S01011042,Families with no dependent children,143,138,106,104,2,32,31,1,5,2,3
S01011042,Families with dependent children: Total,113,90,66,63,3,24,20,4,23,1,22
S01011042,Families with dependent children: Youngest aged 0 to 4,47,36,27,26,1,9,9,0,11,0,11
S01011042,Families with dependent children: Youngest aged 5 to 11,37,32,24,23,1,8,5,3,5,0,5
S01011042,Families with dependent children: Youngest aged 12 to 18,29,22,15,14,1,7,6,1,7,1,6
S01011043,All families in households,214,163,138,133,5,25,20,5,51,8,43
S01011043,Families with no dependent children,118,102,89,88,1,13,13,0,16,8,8
S01011043,Families with dependent children: Total,96,61,49,45,4,12,7,5,35,0,35
S01011043,Families with dependent children: Youngest aged 0 to 4,31,18,11,11,0,7,5,2,13,0,13
S01011043,Families with dependent children: Youngest aged 5 to 11,42,26,21,21,0,5,2,3,16,0,16
S01011043,Families with dependent children: Youngest aged 12 to 18,23,17,17,13,4,0,0,0,6,0,6
S01011044,All families in households,206,146,112,109,3,34,28,6,60,6,54
S01011044,Families with no dependent children,112,93,76,76,0,17,15,2,19,1,18
S01011044,Families with dependent children: Total,94,53,36,33,3,17,13,4,41,5,36
S01011044,Families with dependent children: Youngest aged 0 to 4,40,17,10,9,1,7,6,1,23,1,22
S01011044,Families with dependent children: Youngest aged 5 to 11,22,13,9,8,1,4,3,1,9,2,7
S01011044,Families with dependent children: Youngest aged 12 to 18,32,23,17,16,1,6,4,2,9,2,7
S01011045,All families in households,253,207,166,158,8,41,34,7,46,6,40
S01011045,Families with no dependent children,143,130,108,107,1,22,22,0,13,3,10
S01011045,Families with dependent children: Total,110,77,58,51,7,19,12,7,33,3,30
S01011045,Families with dependent children: Youngest aged 0 to 4,37,29,18,15,3,11,9,2,8,0,8
S01011045,Families with dependent children: Youngest aged 5 to 11,40,26,20,17,3,6,2,4,14,2,12
S01011045,Families with dependent children: Youngest aged 12 to 18,33,22,20,19,1,2,1,1,11,1,10
S01011046,All families in households,270,244,220,212,8,24,21,3,26,16,10
S01011046,Families with no dependent children,178,169,152,148,4,17,15,2,9,7,2
S01011046,Families with dependent children: Total,92,75,68,64,4,7,6,1,17,9,8
S01011046,Families with dependent children: Youngest aged 0 to 4,31,25,22,22,0,3,2,1,6,2,4
S01011046,Families with dependent children: Youngest aged 5 to 11,29,25,23,20,3,2,2,0,4,1,3
S01011046,Families with dependent children: Youngest aged 12 to 18,32,25,23,22,1,2,2,0,7,6,1
S01011047,All families in households,316,291,251,239,12,40,33,7,25,6,19
S01011047,Families with no dependent children,201,191,173,171,2,18,18,0,10,4,6
S01011047,Families with dependent children: Total,115,100,78,68,10,22,15,7,15,2,13
S01011047,Families with dependent children: Youngest aged 0 to 4,45,41,28,24,4,13,11,2,4,0,4
S01011047,Families with dependent children: Youngest aged 5 to 11,34,31,23,21,2,8,3,5,3,1,2
S01011047,Families with dependent children: Youngest aged 12 to 18,36,28,27,23,4,1,1,0,8,1,7
S01011048,All families in households,284,248,204,195,9,44,33,11,36,8,28
S01011048,Families with no dependent children,171,159,136,136,0,23,21,2,12,4,8
S01011048,Families with dependent children: Total,113,89,68,59,9,21,12,9,24,4,20
S01011048,Families with dependent children: Youngest aged 0 to 4,36,29,20,14,6,9,9,0,7,0,7
S01011048,Families with dependent children: Youngest aged 5 to 11,39,30,23,22,1,7,1,6,9,2,7
S01011048,Families with dependent children: Youngest aged 12 to 18,38,30,25,23,2,5,2,3,8,2,6
S01011049,All families in households,219,184,167,164,3,17,17,0,35,5,30
S01011049,Families with no dependent children,148,135,125,125,0,10,10,0,13,5,8
S01011049,Families with dependent children: Total,71,49,42,39,3,7,7,0,22,0,22
S01011049,Families with dependent children: Youngest aged 0 to 4,23,15,9,9,0,6,6,0,8,0,8
S01011049,Families with dependent children: Youngest aged 5 to 11,32,21,20,18,2,1,1,0,11,0,11
S01011049,Families with dependent children: Youngest aged 12 to 18,16,13,13,12,1,0,0,0,3,0,3
S01011050,All families in households,250,225,192,180,12,33,31,2,25,6,19
S01011050,Families with no dependent children,157,147,126,122,4,21,19,2,10,4,6
S01011050,Families with dependent children: Total,93,78,66,58,8,12,12,0,15,2,13
S01011050,Families with dependent children: Youngest aged 0 to 4,28,26,17,15,2,9,9,0,2,0,2
S01011050,Families with dependent children: Youngest aged 5 to 11,33,26,24,22,2,2,2,0,7,1,6
S01011050,Families with dependent children: Youngest aged 12 to 18,32,26,25,21,4,1,1,0,6,1,5
S01011051,All families in households,276,247,206,201,5,41,35,6,29,6,23
S01011051,Families with no dependent children,179,161,133,131,2,28,28,0,18,5,13
S01011051,Families with dependent children: Total,97,86,73,70,3,13,7,6,11,1,10
S01011051,Families with dependent children: Youngest aged 0 to 4,26,24,19,18,1,5,4,1,2,0,2
S01011051,Families with dependent children: Youngest aged 5 to 11,38,34,30,28,2,4,2,2,4,0,4
S01011051,Families with dependent children: Youngest aged 12 to 18,33,28,24,24,0,4,1,3,5,1,4
S01011052,All families in households,247,219,187,179,8,32,27,5,28,3,25
S01011052,Families with no dependent children,156,147,126,124,2,21,21,0,9,1,8
S01011052,Families with dependent children: Total,91,72,61,55,6,11,6,5,19,2,17
S01011052,Families with dependent children: Youngest aged 0 to 4,30,25,20,19,1,5,4,1,5,0,5
S01011052,Families with dependent children: Youngest aged 5 to 11,28,23,20,17,3,3,0,3,5,0,5
S01011052,Families with dependent children: Youngest aged 12 to 18,33,24,21,19,2,3,2,1,9,2,7
S01011053,All families in households,204,157,123,117,6,34,24,10,47,6,41
S01011053,Families with no dependent children,128,111,90,89,1,21,20,1,17,4,13
S01011053,Families with dependent children: Total,76,46,33,28,5,13,4,9,30,2,28
S01011053,Families with dependent children: Youngest aged 0 to 4,31,22,14,13,1,8,3,5,9,0,9
S01011053,Families with dependent children: Youngest aged 5 to 11,24,15,12,9,3,3,1,2,9,1,8
S01011053,Families with dependent children: Youngest aged 12 to 18,21,9,7,6,1,2,0,2,12,1,11
S01011054,All families in households,172,148,121,118,3,27,25,2,24,4,20
S01011054,Families with no dependent children,112,104,92,91,1,12,12,0,8,1,7
S01011054,Families with dependent children: Total,60,44,29,27,2,15,13,2,16,3,13
S01011054,Families with dependent children: Youngest aged 0 to 4,25,21,13,13,0,8,7,1,4,0,4
S01011054,Families with dependent children: Youngest aged 5 to 11,20,15,12,11,1,3,3,0,5,2,3
S01011054,Families with dependent children: Youngest aged 12 to 18,15,8,4,3,1,4,3,1,7,1,6
S01011055,All families in households,169,153,124,117,7,29,18,11,16,1,15
S01011055,Families with no dependent children,98,92,79,78,1,13,12,1,6,1,5
S01011055,Families with dependent children: Total,71,61,45,39,6,16,6,10,10,0,10
S01011055,Families with dependent children: Youngest aged 0 to 4,16,15,8,7,1,7,3,4,1,0,1
S01011055,Families with dependent children: Youngest aged 5 to 11,31,24,21,18,3,3,1,2,7,0,7
S01011055,Families with dependent children: Youngest aged 12 to 18,24,22,16,14,2,6,2,4,2,0,2
S01011056,All families in households,218,200,162,153,9,38,33,5,18,6,12
S01011056,Families with no dependent children,139,131,107,106,1,24,23,1,8,4,4
S01011056,Families with dependent children: Total,79,69,55,47,8,14,10,4,10,2,8
S01011056,Families with dependent children: Youngest aged 0 to 4,31,29,23,21,2,6,5,1,2,1,1
S01011056,Families with dependent children: Youngest aged 5 to 11,27,22,16,10,6,6,4,2,5,0,5
S01011056,Families with dependent children: Youngest aged 12 to 18,21,18,16,16,0,2,1,1,3,1,2
S01011057,All families in households,175,151,117,110,7,34,29,5,24,5,19
S01011057,Families with no dependent children,117,105,87,87,0,18,16,2,12,4,8
S01011057,Families with dependent children: Total,58,46,30,23,7,16,13,3,12,1,11
S01011057,Families with dependent children: Youngest aged 0 to 4,22,21,14,8,6,7,7,0,1,0,1
S01011057,Families with dependent children: Youngest aged 5 to 11,22,16,11,10,1,5,4,1,6,0,6
S01011057,Families with dependent children: Youngest aged 12 to 18,14,9,5,5,0,4,2,2,5,1,4
S01011058,All families in households,202,184,160,155,5,24,19,5,18,3,15
S01011058,Families with no dependent children,126,119,105,103,2,14,14,0,7,2,5
S01011058,Families with dependent children: Total,76,65,55,52,3,10,5,5,11,1,10
S01011058,Families with dependent children: Youngest aged 0 to 4,21,19,16,15,1,3,3,0,2,0,2
S01011058,Families with dependent children: Youngest aged 5 to 11,29,26,22,20,2,4,2,2,3,0,3
S01011058,Families with dependent children: Youngest aged 12 to 18,26,20,17,17,0,3,0,3,6,1,5
S01011059,All families in households,194,182,151,141,10,31,26,5,12,5,7
S01011059,Families with no dependent children,124,118,100,98,2,18,16,2,6,3,3
S01011059,Families with dependent children: Total,70,64,51,43,8,13,10,3,6,2,4
S01011059,Families with dependent children: Youngest aged 0 to 4,26,25,18,16,2,7,6,1,1,0,1
S01011059,Families with dependent children: Youngest aged 5 to 11,18,17,12,11,1,5,3,2,1,0,1
S01011059,Families with dependent children: Youngest aged 12 to 18,26,22,21,16,5,1,1,0,4,2,2
S01011060,All families in households,244,217,185,179,6,32,23,9,27,6,21
S01011060,Families with no dependent children,162,148,129,127,2,19,17,2,14,6,8
S01011060,Families with dependent children: Total,82,69,56,52,4,13,6,7,13,0,13
S01011060,Families with dependent children: Youngest aged 0 to 4,28,24,18,16,2,6,3,3,4,0,4
S01011060,Families with dependent children: Youngest aged 5 to 11,29,23,19,18,1,4,3,1,6,0,6
S01011060,Families with dependent children: Youngest aged 12 to 18,25,22,19,18,1,3,0,3,3,0,3
S01011061,All families in households,254,195,136,125,11,59,53,6,59,6,53
S01011061,Families with no dependent children,155,130,95,93,2,35,35,0,25,5,20
S01011061,Families with dependent children: Total,99,65,41,32,9,24,18,6,34,1,33
S01011061,Families with dependent children: Youngest aged 0 to 4,38,25,9,7,2,16,14,2,13,0,13
S01011061,Families with dependent children: Youngest aged 5 to 11,34,25,19,13,6,6,3,3,9,0,9
S01011061,Families with dependent children: Youngest aged 12 to 18,27,15,13,12,1,2,1,1,12,1,11
S01011062,All families in households,248,216,180,172,8,36,27,9,32,4,28
S01011062,Families with no dependent children,157,140,120,117,3,20,18,2,17,3,14
S01011062,Families with dependent children: Total,91,76,60,55,5,16,9,7,15,1,14
S01011062,Families with dependent children: Youngest aged 0 to 4,25,23,14,12,2,9,6,3,2,0,2
S01011062,Families with dependent children: Youngest aged 5 to 11,35,31,25,24,1,6,3,3,4,0,4
S01011062,Families with dependent children: Youngest aged 12 to 18,31,22,21,19,2,1,0,1,9,1,8
S01011063,All families in households,310,240,191,179,12,49,39,10,70,10,60
S01011063,Families with no dependent children,185,159,134,129,5,25,25,0,26,6,20
S01011063,Families with dependent children: Total,125,81,57,50,7,24,14,10,44,4,40
S01011063,Families with dependent children: Youngest aged 0 to 4,49,37,23,21,2,14,11,3,12,1,11
S01011063,Families with dependent children: Youngest aged 5 to 11,37,23,17,14,3,6,3,3,14,3,11
S01011063,Families with dependent children: Youngest aged 12 to 18,39,21,17,15,2,4,0,4,18,0,18
S01011064,All families in households,303,271,228,220,8,43,34,9,32,5,27
S01011064,Families with no dependent children,207,192,169,164,5,23,20,3,15,2,13
S01011064,Families with dependent children: Total,96,79,59,56,3,20,14,6,17,3,14
S01011064,Families with dependent children: Youngest aged 0 to 4,43,36,22,20,2,14,12,2,7,1,6
S01011064,Families with dependent children: Youngest aged 5 to 11,30,24,19,19,0,5,2,3,6,0,6
S01011064,Families with dependent children: Youngest aged 12 to 18,23,19,18,17,1,1,0,1,4,2,2
S01011065,All families in households,219,189,158,145,13,31,21,10,30,6,24
S01011065,Families with no dependent children,143,132,112,109,3,20,15,5,11,4,7
S01011065,Families with dependent children: Total,76,57,46,36,10,11,6,5,19,2,17
S01011065,Families with dependent children: Youngest aged 0 to 4,24,17,10,9,1,7,5,2,7,0,7
S01011065,Families with dependent children: Youngest aged 5 to 11,28,21,20,14,6,1,0,1,7,1,6
S01011065,Families with dependent children: Youngest aged 12 to 18,24,19,16,13,3,3,1,2,5,1,4
S01011066,All families in households,158,134,110,109,1,24,20,4,24,6,18
S01011066,Families with no dependent children,108,99,89,89,0,10,10,0,9,4,5
S01011066,Families with dependent children: Total,50,35,21,20,1,14,10,4,15,2,13
S01011066,Families with dependent children: Youngest aged 0 to 4,21,15,5,4,1,10,8,2,6,1,5
S01011066,Families with dependent children: Youngest aged 5 to 11,16,13,11,11,0,2,1,1,3,0,3
S01011066,Families with dependent children: Youngest aged 12 to 18,13,7,5,5,0,2,1,1,6,1,5
S01011067,All families in households,161,140,117,112,5,23,21,2,21,3,18
S01011067,Families with no dependent children,97,90,81,81,0,9,8,1,7,2,5
S01011067,Families with dependent children: Total,64,50,36,31,5,14,13,1,14,1,13
S01011067,Families with dependent children: Youngest aged 0 to 4,28,23,13,12,1,10,9,1,5,0,5
S01011067,Families with dependent children: Youngest aged 5 to 11,17,13,11,11,0,2,2,0,4,0,4
S01011067,Families with dependent children: Youngest aged 12 to 18,19,14,12,8,4,2,2,0,5,1,4
S01011068,All families in households,158,133,111,103,8,22,15,7,25,3,22
S01011068,Families with no dependent children,93,88,74,74,0,14,13,1,5,1,4
S01011068,Families with dependent children: Total,65,45,37,29,8,8,2,6,20,2,18
S01011068,Families with dependent children: Youngest aged 0 to 4,21,14,10,8,2,4,2,2,7,1,6
S01011068,Families with dependent children: Youngest aged 5 to 11,27,19,16,13,3,3,0,3,8,0,8
S01011068,Families with dependent children: Youngest aged 12 to 18,17,12,11,8,3,1,0,1,5,1,4
S01011069,All families in households,165,135,116,111,5,19,15,4,30,2,28
S01011069,Families with no dependent children,103,92,81,79,2,11,11,0,11,1,10
S01011069,Families with dependent children: Total,62,43,35,32,3,8,4,4,19,1,18
S01011069,Families with dependent children: Youngest aged 0 to 4,16,11,8,8,0,3,2,1,5,0,5
S01011069,Families with dependent children: Youngest aged 5 to 11,27,20,16,15,1,4,2,2,7,1,6
S01011069,Families with dependent children: Youngest aged 12 to 18,19,12,11,9,2,1,0,1,7,0,7
S01011070,All families in households,185,171,154,149,5,17,15,2,14,0,14
S01011070,Families with no dependent children,114,111,102,100,2,9,9,0,3,0,3
S01011070,Families with dependent children: Total,71,60,52,49,3,8,6,2,11,0,11
S01011070,Families with dependent children: Youngest aged 0 to 4,23,22,18,17,1,4,4,0,1,0,1
S01011070,Families with dependent children: Youngest aged 5 to 11,32,24,21,20,1,3,2,1,8,0,8
S01011070,Families with dependent children: Youngest aged 12 to 18,16,14,13,12,1,1,0,1,2,0,2
S01011071,All families in households,258,232,216,208,8,16,12,4,26,3,23
S01011071,Families with no dependent children,189,175,167,166,1,8,6,2,14,3,11
S01011071,Families with dependent children: Total,69,57,49,42,7,8,6,2,12,0,12
S01011071,Families with dependent children: Youngest aged 0 to 4,26,22,16,13,3,6,5,1,4,0,4
S01011071,Families with dependent children: Youngest aged 5 to 11,21,15,15,15,0,0,0,0,6,0,6
S01011071,Families with dependent children: Youngest aged 12 to 18,22,20,18,14,4,2,1,1,2,0,2
S01011072,All families in households,321,276,226,219,7,50,39,11,45,8,37
S01011072,Families with no dependent children,195,180,149,146,3,31,29,2,15,8,7
S01011072,Families with dependent children: Total,126,96,77,73,4,19,10,9,30,0,30
S01011072,Families with dependent children: Youngest aged 0 to 4,54,42,29,29,0,13,8,5,12,0,12
S01011072,Families with dependent children: Youngest aged 5 to 11,42,31,28,25,3,3,1,2,11,0,11
S01011072,Families with dependent children: Youngest aged 12 to 18,30,23,20,19,1,3,1,2,7,0,7
S01011073,All families in households,210,187,166,162,4,21,15,6,23,5,18
S01011073,Families with no dependent children,133,120,108,107,1,12,11,1,13,5,8
S01011073,Families with dependent children: Total,77,67,58,55,3,9,4,5,10,0,10
S01011073,Families with dependent children: Youngest aged 0 to 4,24,19,15,14,1,4,2,2,5,0,5
S01011073,Families with dependent children: Youngest aged 5 to 11,18,16,15,14,1,1,1,0,2,0,2
S01011073,Families with dependent children: Youngest aged 12 to 18,35,32,28,27,1,4,1,3,3,0,3
S01011074,All families in households,186,160,130,121,9,30,25,5,26,1,25
S01011074,Families with no dependent children,121,108,92,87,5,16,14,2,13,1,12
S01011074,Families with dependent children: Total,65,52,38,34,4,14,11,3,13,0,13
S01011074,Families with dependent children: Youngest aged 0 to 4,27,23,14,12,2,9,8,1,4,0,4
S01011074,Families with dependent children: Youngest aged 5 to 11,21,16,12,11,1,4,3,1,5,0,5
S01011074,Families with dependent children: Youngest aged 12 to 18,17,13,12,11,1,1,0,1,4,0,4
S01011075,All families in households,221,163,126,119,7,37,30,7,58,6,52
S01011075,Families with no dependent children,123,101,85,80,5,16,15,1,22,3,19
S01011075,Families with dependent children: Total,98,62,41,39,2,21,15,6,36,3,33
S01011075,Families with dependent children: Youngest aged 0 to 4,37,27,16,16,0,11,9,2,10,0,10
S01011075,Families with dependent children: Youngest aged 5 to 11,37,22,14,14,0,8,6,2,15,3,12
S01011075,Families with dependent children: Youngest aged 12 to 18,24,13,11,9,2,2,0,2,11,0,11
S01011076,All families in households,203,170,137,132,5,33,27,6,33,4,29
S01011076,Families with no dependent children,118,109,90,89,1,19,19,0,9,2,7
S01011076,Families with dependent children: Total,85,61,47,43,4,14,8,6,24,2,22
S01011076,Families with dependent children: Youngest aged 0 to 4,40,29,20,20,0,9,7,2,11,0,11
S01011076,Families with dependent children: Youngest aged 5 to 11,22,17,14,11,3,3,1,2,5,1,4
S01011076,Families with dependent children: Youngest aged 12 to 18,23,15,13,12,1,2,0,2,8,1,7
S01011077,All families in households,226,155,117,104,13,38,23,15,71,6,65
S01011077,Families with no dependent children,115,96,83,81,2,13,13,0,19,2,17
S01011077,Families with dependent children: Total,111,59,34,23,11,25,10,15,52,4,48
S01011077,Families with dependent children: Youngest aged 0 to 4,57,31,17,10,7,14,8,6,26,2,24
S01011077,Families with dependent children: Youngest aged 5 to 11,33,15,8,7,1,7,1,6,18,2,16
S01011077,Families with dependent children: Youngest aged 12 to 18,21,13,9,6,3,4,1,3,8,0,8
S01011078,All families in households,342,301,270,259,11,31,24,7,41,12,29
S01011078,Families with no dependent children,211,191,174,173,1,17,16,1,20,8,12
S01011078,Families with dependent children: Total,131,110,96,86,10,14,8,6,21,4,17
S01011078,Families with dependent children: Youngest aged 0 to 4,43,38,30,26,4,8,6,2,5,1,4
S01011078,Families with dependent children: Youngest aged 5 to 11,47,35,30,26,4,5,1,4,12,2,10
S01011078,Families with dependent children: Youngest aged 12 to 18,41,37,36,34,2,1,1,0,4,1,3
S01011079,All families in households,302,266,223,214,9,43,38,5,36,10,26
S01011079,Families with no dependent children,194,172,141,139,2,31,30,1,22,8,14
S01011079,Families with dependent children: Total,108,94,82,75,7,12,8,4,14,2,12
S01011079,Families with dependent children: Youngest aged 0 to 4,43,41,32,31,1,9,7,2,2,0,2
S01011079,Families with dependent children: Youngest aged 5 to 11,38,33,31,27,4,2,1,1,5,1,4
S01011079,Families with dependent children: Youngest aged 12 to 18,27,20,19,17,2,1,0,1,7,1,6
S01011080,All families in households,287,248,202,193,9,46,39,7,39,9,30
S01011080,Families with no dependent children,191,174,144,140,4,30,29,1,17,7,10
S01011080,Families with dependent children: Total,96,74,58,53,5,16,10,6,22,2,20
S01011080,Families with dependent children: Youngest aged 0 to 4,37,25,17,16,1,8,7,1,12,0,12
S01011080,Families with dependent children: Youngest aged 5 to 11,27,22,16,14,2,6,2,4,5,1,4
S01011080,Families with dependent children: Youngest aged 12 to 18,32,27,25,23,2,2,1,1,5,1,4
S01011081,All families in households,246,196,152,144,8,44,32,12,50,5,45
S01011081,Families with no dependent children,139,124,102,101,1,22,19,3,15,2,13
S01011081,Families with dependent children: Total,107,72,50,43,7,22,13,9,35,3,32
S01011081,Families with dependent children: Youngest aged 0 to 4,35,26,15,12,3,11,8,3,9,0,9
S01011081,Families with dependent children: Youngest aged 5 to 11,34,25,19,17,2,6,3,3,9,0,9
S01011081,Families with dependent children: Youngest aged 12 to 18,38,21,16,14,2,5,2,3,17,3,14
S01011082,All families in households,121,102,82,81,1,20,13,7,19,4,15
S01011082,Families with no dependent children,84,74,66,65,1,8,8,0,10,4,6
S01011082,Families with dependent children: Total,37,28,16,16,0,12,5,7,9,0,9
S01011082,Families with dependent children: Youngest aged 0 to 4,17,11,7,7,0,4,4,0,6,0,6
S01011082,Families with dependent children: Youngest aged 5 to 11,12,10,5,5,0,5,0,5,2,0,2
S01011082,Families with dependent children: Youngest aged 12 to 18,8,7,4,4,0,3,1,2,1,0,1
S01011083,All families in households,244,206,171,165,6,35,32,3,38,7,31
S01011083,Families with no dependent children,165,152,129,125,4,23,23,0,13,5,8
S01011083,Families with dependent children: Total,79,54,42,40,2,12,9,3,25,2,23
S01011083,Families with dependent children: Youngest aged 0 to 4,28,20,14,14,0,6,4,2,8,1,7
S01011083,Families with dependent children: Youngest aged 5 to 11,28,19,15,13,2,4,3,1,9,0,9
S01011083,Families with dependent children: Youngest aged 12 to 18,23,15,13,13,0,2,2,0,8,1,7
S01011084,All families in households,246,222,197,187,10,25,21,4,24,7,17
S01011084,Families with no dependent children,172,162,146,142,4,16,15,1,10,4,6
S01011084,Families with dependent children: Total,74,60,51,45,6,9,6,3,14,3,11
S01011084,Families with dependent children: Youngest aged 0 to 4,15,14,9,9,0,5,4,1,1,0,1
S01011084,Families with dependent children: Youngest aged 5 to 11,35,27,25,21,4,2,2,0,8,2,6
S01011084,Families with dependent children: Youngest aged 12 to 18,24,19,17,15,2,2,0,2,5,1,4
S01011085,All families in households,297,264,233,226,7,31,22,9,33,5,28
S01011085,Families with no dependent children,206,194,176,175,1,18,18,0,12,4,8
S01011085,Families with dependent children: Total,91,70,57,51,6,13,4,9,21,1,20
S01011085,Families with dependent children: Youngest aged 0 to 4,22,20,16,15,1,4,3,1,2,0,2
S01011085,Families with dependent children: Youngest aged 5 to 11,35,28,21,19,2,7,1,6,7,0,7
S01011085,Families with dependent children: Youngest aged 12 to 18,34,22,20,17,3,2,0,2,12,1,11
S01011086,All families in households,200,190,167,163,4,23,15,8,10,4,6
S01011086,Families with no dependent children,138,133,122,122,0,11,10,1,5,1,4
S01011086,Families with dependent children: Total,62,57,45,41,4,12,5,7,5,3,2
S01011086,Families with dependent children: Youngest aged 0 to 4,11,11,8,6,2,3,2,1,0,0,0
S01011086,Families with dependent children: Youngest aged 5 to 11,26,25,20,20,0,5,2,3,1,1,0
S01011086,Families with dependent children: Youngest aged 12 to 18,25,21,17,15,2,4,1,3,4,2,2
S01011087,All families in households,187,151,125,118,7,26,22,4,36,6,30
S01011087,Families with no dependent children,118,102,90,88,2,12,11,1,16,4,12
S01011087,Families with dependent children: Total,69,49,35,30,5,14,11,3,20,2,18
S01011087,Families with dependent children: Youngest aged 0 to 4,28,21,12,9,3,9,8,1,7,0,7
S01011087,Families with dependent children: Youngest aged 5 to 11,23,16,14,13,1,2,2,0,7,2,5
S01011087,Families with dependent children: Youngest aged 12 to 18,18,12,9,8,1,3,1,2,6,0,6
S01011088,All families in households,279,231,194,181,13,37,32,5,48,8,40
S01011088,Families with no dependent children,163,148,126,121,5,22,22,0,15,4,11
S01011088,Families with dependent children: Total,116,83,68,60,8,15,10,5,33,4,29
S01011088,Families with dependent children: Youngest aged 0 to 4,35,35,23,19,4,12,8,4,0,0,0
S01011088,Families with dependent children: Youngest aged 5 to 11,43,23,22,21,1,1,1,0,20,2,18
S01011088,Families with dependent children: Youngest aged 12 to 18,38,25,23,20,3,2,1,1,13,2,11
S01011089,All families in households,200,166,138,135,3,28,17,11,34,7,27
S01011089,Families with no dependent children,128,118,107,106,1,11,10,1,10,1,9
S01011089,Families with dependent children: Total,72,48,31,29,2,17,7,10,24,6,18
S01011089,Families with dependent children: Youngest aged 0 to 4,28,18,9,9,0,9,5,4,10,1,9
S01011089,Families with dependent children: Youngest aged 5 to 11,22,12,6,4,2,6,2,4,10,3,7
S01011089,Families with dependent children: Youngest aged 12 to 18,22,18,16,16,0,2,0,2,4,2,2
S01011090,All families in households,238,218,190,184,6,28,26,2,20,3,17
S01011090,Families with no dependent children,165,155,134,132,2,21,20,1,10,2,8
S01011090,Families with dependent children: Total,73,63,56,52,4,7,6,1,10,1,9
S01011090,Families with dependent children: Youngest aged 0 to 4,21,19,16,16,0,3,3,0,2,0,2
S01011090,Families with dependent children: Youngest aged 5 to 11,30,27,24,23,1,3,2,1,3,0,3
S01011090,Families with dependent children: Youngest aged 12 to 18,22,17,16,13,3,1,1,0,5,1,4
S01011091,All families in households,211,194,170,162,8,24,20,4,17,9,8
S01011091,Families with no dependent children,154,146,130,124,6,16,16,0,8,4,4
S01011091,Families with dependent children: Total,57,48,40,38,2,8,4,4,9,5,4
S01011091,Families with dependent children: Youngest aged 0 to 4,15,15,12,12,0,3,3,0,0,0,0
S01011091,Families with dependent children: Youngest aged 5 to 11,21,20,18,16,2,2,1,1,1,0,1
S01011091,Families with dependent children: Youngest aged 12 to 18,21,13,10,10,0,3,0,3,8,5,3
S01011092,All families in households,130,86,55,50,5,31,22,9,44,4,40
S01011092,Families with no dependent children,40,34,24,24,0,10,10,0,6,1,5
S01011092,Families with dependent children: Total,90,52,31,26,5,21,12,9,38,3,35
S01011092,Families with dependent children: Youngest aged 0 to 4,36,25,11,9,2,14,10,4,11,1,10
S01011092,Families with dependent children: Youngest aged 5 to 11,34,20,15,13,2,5,2,3,14,2,12
S01011092,Families with dependent children: Youngest aged 12 to 18,20,7,5,4,1,2,0,2,13,0,13
S01011093,All families in households,206,194,168,168,0,26,21,5,12,3,9
S01011093,Families with no dependent children,132,129,113,113,0,16,16,0,3,1,2
S01011093,Families with dependent children: Total,74,65,55,55,0,10,5,5,9,2,7
S01011093,Families with dependent children: Youngest aged 0 to 4,22,18,13,13,0,5,5,0,4,0,4
S01011093,Families with dependent children: Youngest aged 5 to 11,24,22,19,19,0,3,0,3,2,0,2
S01011093,Families with dependent children: Youngest aged 12 to 18,28,25,23,23,0,2,0,2,3,2,1
S01011094,All families in households,157,144,122,120,2,22,16,6,13,2,11
S01011094,Families with no dependent children,93,89,71,71,0,18,14,4,4,2,2
S01011094,Families with dependent children: Total,64,55,51,49,2,4,2,2,9,0,9
S01011094,Families with dependent children: Youngest aged 0 to 4,14,14,13,12,1,1,1,0,0,0,0
S01011094,Families with dependent children: Youngest aged 5 to 11,24,21,19,19,0,2,1,1,3,0,3
S01011094,Families with dependent children: Youngest aged 12 to 18,26,20,19,18,1,1,0,1,6,0,6
S01011095,All families in households,259,234,204,200,4,30,26,4,25,4,21
S01011095,Families with no dependent children,168,157,137,135,2,20,19,1,11,1,10
S01011095,Families with dependent children: Total,91,77,67,65,2,10,7,3,14,3,11
S01011095,Families with dependent children: Youngest aged 0 to 4,20,18,16,16,0,2,2,0,2,0,2
S01011095,Families with dependent children: Youngest aged 5 to 11,32,23,20,19,1,3,2,1,9,3,6
S01011095,Families with dependent children: Youngest aged 12 to 18,39,36,31,30,1,5,3,2,3,0,3
S01011096,All families in households,170,144,112,102,10,32,26,6,26,7,19
S01011096,Families with no dependent children,92,84,59,58,1,25,22,3,8,2,6
S01011096,Families with dependent children: Total,78,60,53,44,9,7,4,3,18,5,13
S01011096,Families with dependent children: Youngest aged 0 to 4,23,21,17,13,4,4,2,2,2,0,2
S01011096,Families with dependent children: Youngest aged 5 to 11,23,17,16,14,2,1,1,0,6,2,4
S01011096,Families with dependent children: Youngest aged 12 to 18,32,22,20,17,3,2,1,1,10,3,7
S01011097,All families in households,226,205,173,168,5,32,24,8,21,2,19
S01011097,Families with no dependent children,131,127,109,108,1,18,17,1,4,1,3
S01011097,Families with dependent children: Total,95,78,64,60,4,14,7,7,17,1,16
S01011097,Families with dependent children: Youngest aged 0 to 4,30,23,14,12,2,9,6,3,7,0,7
S01011097,Families with dependent children: Youngest aged 5 to 11,34,29,25,25,0,4,0,4,5,0,5
S01011097,Families with dependent children: Youngest aged 12 to 18,31,26,25,23,2,1,1,0,5,1,4
S01011098,All families in households,234,219,163,156,7,56,43,13,15,2,13
S01011098,Families with no dependent children,160,151,113,111,2,38,34,4,9,1,8
S01011098,Families with dependent children: Total,74,68,50,45,5,18,9,9,6,1,5
S01011098,Families with dependent children: Youngest aged 0 to 4,36,34,22,21,1,12,7,5,2,0,2
S01011098,Families with dependent children: Youngest aged 5 to 11,16,15,14,13,1,1,0,1,1,0,1
S01011098,Families with dependent children: Youngest aged 12 to 18,22,19,14,11,3,5,2,3,3,1,2
S01011099,All families in households,245,177,130,119,11,47,32,15,68,8,60
S01011099,Families with no dependent children,133,113,91,90,1,22,20,2,20,6,14
S01011099,Families with dependent children: Total,112,64,39,29,10,25,12,13,48,2,46
S01011099,Families with dependent children: Youngest aged 0 to 4,44,30,14,11,3,16,9,7,14,0,14
S01011099,Families with dependent children: Youngest aged 5 to 11,39,19,13,11,2,6,2,4,20,1,19
S01011099,Families with dependent children: Youngest aged 12 to 18,29,15,12,7,5,3,1,2,14,1,13
S01011100,All families in households,138,120,102,100,2,18,14,4,18,2,16
S01011100,Families with no dependent children,95,85,76,76,0,9,9,0,10,1,9
S01011100,Families with dependent children: Total,43,35,26,24,2,9,5,4,8,1,7
S01011100,Families with dependent children: Youngest aged 0 to 4,15,13,8,6,2,5,4,1,2,0,2
S01011100,Families with dependent children: Youngest aged 5 to 11,13,10,7,7,0,3,1,2,3,0,3
S01011100,Families with dependent children: Youngest aged 12 to 18,15,12,11,11,0,1,0,1,3,1,2
S01011101,All families in households,179,130,97,82,15,33,22,11,49,8,41
S01011101,Families with no dependent children,99,81,67,64,3,14,14,0,18,5,13
S01011101,Families with dependent children: Total,80,49,30,18,12,19,8,11,31,3,28
S01011101,Families with dependent children: Youngest aged 0 to 4,38,23,12,9,3,11,5,6,15,0,15
S01011101,Families with dependent children: Youngest aged 5 to 11,23,14,10,7,3,4,2,2,9,2,7
S01011101,Families with dependent children: Youngest aged 12 to 18,19,12,8,2,6,4,1,3,7,1,6
S01011102,All families in households,199,132,72,68,4,60,50,10,67,9,58
S01011102,Families with no dependent children,119,95,51,48,3,44,40,4,24,6,18
S01011102,Families with dependent children: Total,80,37,21,20,1,16,10,6,43,3,40
S01011102,Families with dependent children: Youngest aged 0 to 4,37,20,7,7,0,13,8,5,17,0,17
S01011102,Families with dependent children: Youngest aged 5 to 11,24,8,7,7,0,1,1,0,16,2,14
S01011102,Families with dependent children: Youngest aged 12 to 18,19,9,7,6,1,2,1,1,10,1,9
S01011103,All families in households,143,114,70,67,3,44,37,7,29,1,28
S01011103,Families with no dependent children,85,77,45,45,0,32,32,0,8,1,7
S01011103,Families with dependent children: Total,58,37,25,22,3,12,5,7,21,0,21
S01011103,Families with dependent children: Youngest aged 0 to 4,24,17,10,9,1,7,5,2,7,0,7
S01011103,Families with dependent children: Youngest aged 5 to 11,15,8,6,6,0,2,0,2,7,0,7
S01011103,Families with dependent children: Youngest aged 12 to 18,19,12,9,7,2,3,0,3,7,0,7
S01011104,All families in households,161,140,113,108,5,27,24,3,21,3,18
S01011104,Families with no dependent children,115,104,83,83,0,21,20,1,11,2,9
S01011104,Families with dependent children: Total,46,36,30,25,5,6,4,2,10,1,9
S01011104,Families with dependent children: Youngest aged 0 to 4,18,16,13,11,2,3,3,0,2,0,2
S01011104,Families with dependent children: Youngest aged 5 to 11,15,11,11,9,2,0,0,0,4,0,4
S01011104,Families with dependent children: Youngest aged 12 to 18,13,9,6,5,1,3,1,2,4,1,3
S01011105,All families in households,244,198,134,129,5,64,55,9,46,5,41
S01011105,Families with no dependent children,153,141,96,96,0,45,42,3,12,5,7
S01011105,Families with dependent children: Total,91,57,38,33,5,19,13,6,34,0,34
S01011105,Families with dependent children: Youngest aged 0 to 4,51,39,26,23,3,13,11,2,12,0,12
S01011105,Families with dependent children: Youngest aged 5 to 11,20,5,3,2,1,2,1,1,15,0,15
S01011105,Families with dependent children: Youngest aged 12 to 18,20,13,9,8,1,4,1,3,7,0,7
S01011106,All families in households,305,237,185,172,13,52,43,9,68,6,62
S01011106,Families with no dependent children,84,78,63,63,0,15,14,1,6,1,5
S01011106,Families with dependent children: Total,221,159,122,109,13,37,29,8,62,5,57
S01011106,Families with dependent children: Youngest aged 0 to 4,136,105,76,69,7,29,24,5,31,2,29
S01011106,Families with dependent children: Youngest aged 5 to 11,56,38,31,26,5,7,4,3,18,3,15
S01011106,Families with dependent children: Youngest aged 12 to 18,29,16,15,14,1,1,1,0,13,0,13
S01011107,All families in households,267,215,139,122,17,76,57,19,52,3,49
S01011107,Families with no dependent children,89,83,46,44,2,37,36,1,6,1,5
S01011107,Families with dependent children: Total,178,132,93,78,15,39,21,18,46,2,44
S01011107,Families with dependent children: Youngest aged 0 to 4,95,76,51,42,9,25,14,11,19,0,19
S01011107,Families with dependent children: Youngest aged 5 to 11,49,34,25,22,3,9,6,3,15,1,14
S01011107,Families with dependent children: Youngest aged 12 to 18,34,22,17,14,3,5,1,4,12,1,11
S01011108,All families in households,159,125,101,97,4,24,18,6,34,3,31
S01011108,Families with no dependent children,95,77,62,60,2,15,13,2,18,2,16
S01011108,Families with dependent children: Total,64,48,39,37,2,9,5,4,16,1,15
S01011108,Families with dependent children: Youngest aged 0 to 4,16,14,11,10,1,3,1,2,2,0,2
S01011108,Families with dependent children: Youngest aged 5 to 11,24,17,15,15,0,2,2,0,7,0,7
S01011108,Families with dependent children: Youngest aged 12 to 18,24,17,13,12,1,4,2,2,7,1,6
S01011109,All families in households,256,227,178,171,7,49,38,11,29,5,24
S01011109,Families with no dependent children,179,168,137,135,2,31,28,3,11,4,7
S01011109,Families with dependent children: Total,77,59,41,36,5,18,10,8,18,1,17
S01011109,Families with dependent children: Youngest aged 0 to 4,34,29,18,16,2,11,8,3,5,0,5
S01011109,Families with dependent children: Youngest aged 5 to 11,23,15,10,10,0,5,2,3,8,1,7
S01011109,Families with dependent children: Youngest aged 12 to 18,20,15,13,10,3,2,0,2,5,0,5
S01011110,All families in households,200,165,128,124,4,37,29,8,35,5,30
S01011110,Families with no dependent children,111,98,81,79,2,17,17,0,13,2,11
S01011110,Families with dependent children: Total,89,67,47,45,2,20,12,8,22,3,19
S01011110,Families with dependent children: Youngest aged 0 to 4,44,33,19,18,1,14,9,5,11,2,9
S01011110,Families with dependent children: Youngest aged 5 to 11,26,21,18,17,1,3,0,3,5,0,5
S01011110,Families with dependent children: Youngest aged 12 to 18,19,13,10,10,0,3,3,0,6,1,5
S01011111,All families in households,254,177,128,123,5,49,40,9,77,7,70
S01011111,Families with no dependent children,130,106,80,78,2,26,23,3,24,2,22
S01011111,Families with dependent children: Total,124,71,48,45,3,23,17,6,53,5,48
S01011111,Families with dependent children: Youngest aged 0 to 4,47,31,17,16,1,14,11,3,16,0,16
S01011111,Families with dependent children: Youngest aged 5 to 11,44,24,18,16,2,6,4,2,20,2,18
S01011111,Families with dependent children: Youngest aged 12 to 18,33,16,13,13,0,3,2,1,17,3,14
S01011112,All families in households,271,227,168,157,11,59,49,10,44,5,39
S01011112,Families with no dependent children,124,110,70,65,5,40,36,4,14,1,13
S01011112,Families with dependent children: Total,147,117,98,92,6,19,13,6,30,4,26
S01011112,Families with dependent children: Youngest aged 0 to 4,73,64,53,52,1,11,10,1,9,2,7
S01011112,Families with dependent children: Youngest aged 5 to 11,52,38,31,29,2,7,3,4,14,0,14
S01011112,Families with dependent children: Youngest aged 12 to 18,22,15,14,11,3,1,0,1,7,2,5
S01011113,All families in households,287,242,214,211,3,28,21,7,45,8,37
S01011113,Families with no dependent children,212,190,169,168,1,21,19,2,22,5,17
S01011113,Families with dependent children: Total,75,52,45,43,2,7,2,5,23,3,20
S01011113,Families with dependent children: Youngest aged 0 to 4,24,17,15,15,0,2,1,1,7,0,7
S01011113,Families with dependent children: Youngest aged 5 to 11,29,20,18,17,1,2,0,2,9,1,8
S01011113,Families with dependent children: Youngest aged 12 to 18,22,15,12,11,1,3,1,2,7,2,5
S01011114,All families in households,232,209,186,177,9,23,18,5,23,3,20
S01011114,Families with no dependent children,161,152,139,139,0,13,12,1,9,1,8
S01011114,Families with dependent children: Total,71,57,47,38,9,10,6,4,14,2,12
S01011114,Families with dependent children: Youngest aged 0 to 4,24,19,14,12,2,5,5,0,5,0,5
S01011114,Families with dependent children: Youngest aged 5 to 11,21,19,16,13,3,3,1,2,2,0,2
S01011114,Families with dependent children: Youngest aged 12 to 18,26,19,17,13,4,2,0,2,7,2,5
S01011115,All families in households,264,214,157,142,15,57,40,17,50,7,43
S01011115,Families with no dependent children,157,141,111,105,6,30,27,3,16,3,13
S01011115,Families with dependent children: Total,107,73,46,37,9,27,13,14,34,4,30
S01011115,Families with dependent children: Youngest aged 0 to 4,42,31,17,17,0,14,8,6,11,1,10
S01011115,Families with dependent children: Youngest aged 5 to 11,32,22,15,8,7,7,3,4,10,2,8
S01011115,Families with dependent children: Youngest aged 12 to 18,33,20,14,12,2,6,2,4,13,1,12
S01011116,All families in households,218,188,150,141,9,38,29,9,30,4,26
S01011116,Families with no dependent children,134,125,100,97,3,25,22,3,9,4,5
S01011116,Families with dependent children: Total,84,63,50,44,6,13,7,6,21,0,21
S01011116,Families with dependent children: Youngest aged 0 to 4,26,21,14,13,1,7,4,3,5,0,5
S01011116,Families with dependent children: Youngest aged 5 to 11,23,17,14,12,2,3,2,1,6,0,6
S01011116,Families with dependent children: Youngest aged 12 to 18,35,25,22,19,3,3,1,2,10,0,10
S01011117,All families in households,211,191,157,152,5,34,31,3,20,4,16
S01011117,Families with no dependent children,143,134,108,104,4,26,26,0,9,3,6
S01011117,Families with dependent children: Total,68,57,49,48,1,8,5,3,11,1,10
S01011117,Families with dependent children: Youngest aged 0 to 4,26,23,18,18,0,5,4,1,3,0,3
S01011117,Families with dependent children: Youngest aged 5 to 11,22,20,17,17,0,3,1,2,2,1,1
S01011117,Families with dependent children: Youngest aged 12 to 18,20,14,14,13,1,0,0,0,6,0,6
S01011118,All families in households,246,224,187,182,5,37,33,4,22,0,22
S01011118,Families with no dependent children,141,135,112,111,1,23,22,1,6,0,6
S01011118,Families with dependent children: Total,105,89,75,71,4,14,11,3,16,0,16
S01011118,Families with dependent children: Youngest aged 0 to 4,39,31,23,23,0,8,7,1,8,0,8
S01011118,Families with dependent children: Youngest aged 5 to 11,33,27,24,23,1,3,2,1,6,0,6
S01011118,Families with dependent children: Youngest aged 12 to 18,33,31,28,25,3,3,2,1,2,0,2
S01011119,All families in households,291,263,228,221,7,35,29,6,28,0,28
S01011119,Families with no dependent children,197,183,161,159,2,22,22,0,14,0,14
S01011119,Families with dependent children: Total,94,80,67,62,5,13,7,6,14,0,14
S01011119,Families with dependent children: Youngest aged 0 to 4,25,22,16,15,1,6,4,2,3,0,3
S01011119,Families with dependent children: Youngest aged 5 to 11,41,35,31,29,2,4,3,1,6,0,6
S01011119,Families with dependent children: Youngest aged 12 to 18,28,23,20,18,2,3,0,3,5,0,5
S01011120,All families in households,236,232,219,216,3,13,12,1,4,2,2
S01011120,Families with no dependent children,184,182,172,169,3,10,10,0,2,1,1
S01011120,Families with dependent children: Total,52,50,47,47,0,3,2,1,2,1,1
S01011120,Families with dependent children: Youngest aged 0 to 4,12,12,11,11,0,1,1,0,0,0,0
S01011120,Families with dependent children: Youngest aged 5 to 11,16,14,14,14,0,0,0,0,2,1,1
S01011120,Families with dependent children: Youngest aged 12 to 18,24,24,22,22,0,2,1,1,0,0,0
S01011121,All families in households,119,103,59,58,1,44,44,0,16,3,13
S01011121,Families with no dependent children,88,80,40,40,0,40,40,0,8,3,5
S01011121,Families with dependent children: Total,31,23,19,18,1,4,4,0,8,0,8
S01011121,Families with dependent children: Youngest aged 0 to 4,9,8,5,5,0,3,3,0,1,0,1
S01011121,Families with dependent children: Youngest aged 5 to 11,10,9,8,8,0,1,1,0,1,0,1
S01011121,Families with dependent children: Youngest aged 12 to 18,12,6,6,5,1,0,0,0,6,0,6
S01011122,All families in households,194,161,113,106,7,48,40,8,33,4,29
S01011122,Families with no dependent children,119,107,76,73,3,31,29,2,12,3,9
S01011122,Families with dependent children: Total,75,54,37,33,4,17,11,6,21,1,20
S01011122,Families with dependent children: Youngest aged 0 to 4,21,15,7,7,0,8,7,1,6,1,5
S01011122,Families with dependent children: Youngest aged 5 to 11,28,23,18,15,3,5,3,2,5,0,5
S01011122,Families with dependent children: Youngest aged 12 to 18,26,16,12,11,1,4,1,3,10,0,10
S01011123,All families in households,334,265,209,202,7,56,46,10,69,11,58
S01011123,Families with no dependent children,201,166,133,130,3,33,32,1,35,10,25
S01011123,Families with dependent children: Total,133,99,76,72,4,23,14,9,34,1,33
S01011123,Families with dependent children: Youngest aged 0 to 4,56,43,30,30,0,13,8,5,13,0,13
S01011123,Families with dependent children: Youngest aged 5 to 11,45,29,20,17,3,9,5,4,16,1,15
S01011123,Families with dependent children: Youngest aged 12 to 18,32,27,26,25,1,1,1,0,5,0,5
S01011124,All families in households,199,155,115,111,4,40,32,8,44,9,35
S01011124,Families with no dependent children,96,80,61,61,0,19,18,1,16,7,9
S01011124,Families with dependent children: Total,103,75,54,50,4,21,14,7,28,2,26
S01011124,Families with dependent children: Youngest aged 0 to 4,46,39,24,24,0,15,12,3,7,0,7
S01011124,Families with dependent children: Youngest aged 5 to 11,29,19,16,14,2,3,1,2,10,0,10
S01011124,Families with dependent children: Youngest aged 12 to 18,28,17,14,12,2,3,1,2,11,2,9
S01011125,All families in households,147,92,60,54,6,32,24,8,55,8,47
S01011125,Families with no dependent children,74,59,39,36,3,20,17,3,15,2,13
S01011125,Families with dependent children: Total,73,33,21,18,3,12,7,5,40,6,34
S01011125,Families with dependent children: Youngest aged 0 to 4,25,14,9,9,0,5,2,3,11,0,11
S01011125,Families with dependent children: Youngest aged 5 to 11,21,6,4,4,0,2,2,0,15,3,12
S01011125,Families with dependent children: Youngest aged 12 to 18,27,13,8,5,3,5,3,2,14,3,11
S01011126,All families in households,151,135,114,104,10,21,14,7,16,3,13
S01011126,Families with no dependent children,78,70,61,60,1,9,8,1,8,2,6
S01011126,Families with dependent children: Total,73,65,53,44,9,12,6,6,8,1,7
S01011126,Families with dependent children: Youngest aged 0 to 4,38,35,27,22,5,8,5,3,3,0,3
S01011126,Families with dependent children: Youngest aged 5 to 11,23,19,16,13,3,3,1,2,4,1,3
S01011126,Families with dependent children: Youngest aged 12 to 18,12,11,10,9,1,1,0,1,1,0,1
S01011127,All families in households,153,147,142,129,13,5,4,1,6,1,5
S01011127,Families with no dependent children,38,37,36,36,0,1,1,0,1,1,0
S01011127,Families with dependent children: Total,115,110,106,93,13,4,3,1,5,0,5
S01011127,Families with dependent children: Youngest aged 0 to 4,73,70,68,60,8,2,1,1,3,0,3
S01011127,Families with dependent children: Youngest aged 5 to 11,28,26,25,22,3,1,1,0,2,0,2
S01011127,Families with dependent children: Youngest aged 12 to 18,14,14,13,11,2,1,1,0,0,0,0
S01011128,All families in households,206,182,142,135,7,40,33,7,24,3,21
S01011128,Families with no dependent children,122,113,86,83,3,27,25,2,9,2,7
S01011128,Families with dependent children: Total,84,69,56,52,4,13,8,5,15,1,14
S01011128,Families with dependent children: Youngest aged 0 to 4,31,26,18,18,0,8,6,2,5,0,5
S01011128,Families with dependent children: Youngest aged 5 to 11,23,19,15,13,2,4,1,3,4,1,3
S01011128,Families with dependent children: Youngest aged 12 to 18,30,24,23,21,2,1,1,0,6,0,6
S01011129,All families in households,302,288,268,264,4,20,17,3,14,3,11
S01011129,Families with no dependent children,143,134,117,116,1,17,15,2,9,2,7
S01011129,Families with dependent children: Total,159,154,151,148,3,3,2,1,5,1,4
S01011129,Families with dependent children: Youngest aged 0 to 4,76,75,73,71,2,2,2,0,1,0,1
S01011129,Families with dependent children: Youngest aged 5 to 11,43,41,41,41,0,0,0,0,2,0,2
S01011129,Families with dependent children: Youngest aged 12 to 18,40,38,37,36,1,1,0,1,2,1,1
S01011130,All families in households,181,153,116,113,3,37,33,4,28,4,24
S01011130,Families with no dependent children,118,104,77,77,0,27,27,0,14,1,13
S01011130,Families with dependent children: Total,63,49,39,36,3,10,6,4,14,3,11
S01011130,Families with dependent children: Youngest aged 0 to 4,23,19,12,12,0,7,5,2,4,1,3
S01011130,Families with dependent children: Youngest aged 5 to 11,23,18,16,14,2,2,0,2,5,1,4
S01011130,Families with dependent children: Youngest aged 12 to 18,17,12,11,10,1,1,1,0,5,1,4
S01011131,All families in households,183,166,135,130,5,31,26,5,17,3,14
S01011131,Families with no dependent children,131,125,98,95,3,27,25,2,6,2,4
S01011131,Families with dependent children: Total,52,41,37,35,2,4,1,3,11,1,10
S01011131,Families with dependent children: Youngest aged 0 to 4,21,16,14,13,1,2,1,1,5,0,5
S01011131,Families with dependent children: Youngest aged 5 to 11,20,16,15,14,1,1,0,1,4,0,4
S01011131,Families with dependent children: Youngest aged 12 to 18,11,9,8,8,0,1,0,1,2,1,1
S01011132,All families in households,270,248,208,196,12,40,36,4,22,5,17
S01011132,Families with no dependent children,173,162,130,126,4,32,30,2,11,3,8
S01011132,Families with dependent children: Total,97,86,78,70,8,8,6,2,11,2,9
S01011132,Families with dependent children: Youngest aged 0 to 4,40,35,30,27,3,5,5,0,5,1,4
S01011132,Families with dependent children: Youngest aged 5 to 11,29,25,23,20,3,2,1,1,4,0,4
S01011132,Families with dependent children: Youngest aged 12 to 18,28,26,25,23,2,1,0,1,2,1,1
S01011133,All families in households,131,111,100,95,5,11,6,5,20,6,14
S01011133,Families with no dependent children,89,78,72,70,2,6,4,2,11,4,7
S01011133,Families with dependent children: Total,42,33,28,25,3,5,2,3,9,2,7
S01011133,Families with dependent children: Youngest aged 0 to 4,19,17,14,13,1,3,1,2,2,0,2
S01011133,Families with dependent children: Youngest aged 5 to 11,15,11,10,8,2,1,1,0,4,2,2
S01011133,Families with dependent children: Youngest aged 12 to 18,8,5,4,4,0,1,0,1,3,0,3
S01011134,All families in households,217,187,148,141,7,39,34,5,30,4,26
S01011134,Families with no dependent children,153,139,110,105,5,29,27,2,14,2,12
S01011134,Families with dependent children: Total,64,48,38,36,2,10,7,3,16,2,14
S01011134,Families with dependent children: Youngest aged 0 to 4,24,18,12,12,0,6,6,0,6,1,5
S01011134,Families with dependent children: Youngest aged 5 to 11,22,19,18,16,2,1,0,1,3,0,3
S01011134,Families with dependent children: Youngest aged 12 to 18,18,11,8,8,0,3,1,2,7,1,6
S01011135,All families in households,237,183,138,127,11,45,39,6,54,11,43
S01011135,Families with no dependent children,148,126,101,97,4,25,23,2,22,7,15
S01011135,Families with dependent children: Total,89,57,37,30,7,20,16,4,32,4,28
S01011135,Families with dependent children: Youngest aged 0 to 4,36,23,8,8,0,15,14,1,13,0,13
S01011135,Families with dependent children: Youngest aged 5 to 11,25,14,11,9,2,3,2,1,11,2,9
S01011135,Families with dependent children: Youngest aged 12 to 18,28,20,18,13,5,2,0,2,8,2,6
S01011136,All families in households,205,173,143,138,5,30,29,1,32,3,29
S01011136,Families with no dependent children,140,122,102,101,1,20,20,0,18,3,15
S01011136,Families with dependent children: Total,65,51,41,37,4,10,9,1,14,0,14
S01011136,Families with dependent children: Youngest aged 0 to 4,28,23,17,15,2,6,6,0,5,0,5
S01011136,Families with dependent children: Youngest aged 5 to 11,15,10,8,7,1,2,1,1,5,0,5
S01011136,Families with dependent children: Youngest aged 12 to 18,22,18,16,15,1,2,2,0,4,0,4
S01011137,All families in households,151,112,87,80,7,25,21,4,39,3,36
S01011137,Families with no dependent children,75,68,55,52,3,13,13,0,7,3,4
S01011137,Families with dependent children: Total,76,44,32,28,4,12,8,4,32,0,32
S01011137,Families with dependent children: Youngest aged 0 to 4,30,22,14,11,3,8,6,2,8,0,8
S01011137,Families with dependent children: Youngest aged 5 to 11,28,13,10,10,0,3,1,2,15,0,15
S01011137,Families with dependent children: Youngest aged 12 to 18,18,9,8,7,1,1,1,0,9,0,9
S01011138,All families in households,193,144,118,107,11,26,20,6,49,11,38
S01011138,Families with no dependent children,95,76,59,57,2,17,15,2,19,6,13
S01011138,Families with dependent children: Total,98,68,59,50,9,9,5,4,30,5,25
S01011138,Families with dependent children: Youngest aged 0 to 4,43,34,29,24,5,5,3,2,9,1,8
S01011138,Families with dependent children: Youngest aged 5 to 11,31,23,20,18,2,3,2,1,8,0,8
S01011138,Families with dependent children: Youngest aged 12 to 18,24,11,10,8,2,1,0,1,13,4,9
S01011139,All families in households,225,205,177,162,15,28,26,2,20,4,16
S01011139,Families with no dependent children,90,84,65,65,0,19,18,1,6,1,5
S01011139,Families with dependent children: Total,135,121,112,97,15,9,8,1,14,3,11
S01011139,Families with dependent children: Youngest aged 0 to 4,72,68,63,56,7,5,5,0,4,1,3
S01011139,Families with dependent children: Youngest aged 5 to 11,36,30,27,22,5,3,2,1,6,0,6
S01011139,Families with dependent children: Youngest aged 12 to 18,27,23,22,19,3,1,1,0,4,2,2
S01011140,All families in households,156,127,95,90,5,32,27,5,29,3,26
S01011140,Families with no dependent children,80,67,47,45,2,20,19,1,13,3,10
S01011140,Families with dependent children: Total,76,60,48,45,3,12,8,4,16,0,16
S01011140,Families with dependent children: Youngest aged 0 to 4,26,22,16,16,0,6,5,1,4,0,4
S01011140,Families with dependent children: Youngest aged 5 to 11,25,19,14,13,1,5,3,2,6,0,6
S01011140,Families with dependent children: Youngest aged 12 to 18,25,19,18,16,2,1,0,1,6,0,6
S01011141,All families in households,168,129,102,98,4,27,18,9,39,5,34
S01011141,Families with no dependent children,93,82,68,67,1,14,12,2,11,1,10
S01011141,Families with dependent children: Total,75,47,34,31,3,13,6,7,28,4,24
S01011141,Families with dependent children: Youngest aged 0 to 4,33,24,15,13,2,9,5,4,9,0,9
S01011141,Families with dependent children: Youngest aged 5 to 11,21,11,8,7,1,3,1,2,10,2,8
S01011141,Families with dependent children: Youngest aged 12 to 18,21,12,11,11,0,1,0,1,9,2,7
S01011142,All families in households,272,248,216,211,5,32,29,3,24,8,16
S01011142,Families with no dependent children,168,155,133,131,2,22,20,2,13,4,9
S01011142,Families with dependent children: Total,104,93,83,80,3,10,9,1,11,4,7
S01011142,Families with dependent children: Youngest aged 0 to 4,28,24,18,16,2,6,5,1,4,2,2
S01011142,Families with dependent children: Youngest aged 5 to 11,38,36,32,31,1,4,4,0,2,0,2
S01011142,Families with dependent children: Youngest aged 12 to 18,38,33,33,33,0,0,0,0,5,2,3
S01011143,All families in households,304,267,239,228,11,28,23,5,37,3,34
S01011143,Families with no dependent children,180,168,150,146,4,18,17,1,12,1,11
S01011143,Families with dependent children: Total,124,99,89,82,7,10,6,4,25,2,23
S01011143,Families with dependent children: Youngest aged 0 to 4,29,22,18,17,1,4,4,0,7,0,7
S01011143,Families with dependent children: Youngest aged 5 to 11,46,38,37,35,2,1,0,1,8,0,8
S01011143,Families with dependent children: Youngest aged 12 to 18,49,39,34,30,4,5,2,3,10,2,8
S01011144,All families in households,231,203,176,164,12,27,26,1,28,3,25
S01011144,Families with no dependent children,133,122,103,101,2,19,19,0,11,2,9
S01011144,Families with dependent children: Total,98,81,73,63,10,8,7,1,17,1,16
S01011144,Families with dependent children: Youngest aged 0 to 4,33,29,23,23,0,6,5,1,4,0,4
S01011144,Families with dependent children: Youngest aged 5 to 11,29,24,23,17,6,1,1,0,5,0,5
S01011144,Families with dependent children: Youngest aged 12 to 18,36,28,27,23,4,1,1,0,8,1,7
S01011145,All families in households,210,195,168,163,5,27,21,6,15,1,14
S01011145,Families with no dependent children,141,135,119,118,1,16,16,0,6,0,6
S01011145,Families with dependent children: Total,69,60,49,45,4,11,5,6,9,1,8
S01011145,Families with dependent children: Youngest aged 0 to 4,15,14,11,11,0,3,3,0,1,0,1
S01011145,Families with dependent children: Youngest aged 5 to 11,37,30,26,23,3,4,0,4,7,1,6
S01011145,Families with dependent children: Youngest aged 12 to 18,17,16,12,11,1,4,2,2,1,0,1
S01011146,All families in households,243,195,162,158,4,33,28,5,48,7,41
S01011146,Families with no dependent children,138,120,107,107,0,13,12,1,18,4,14
S01011146,Families with dependent children: Total,105,75,55,51,4,20,16,4,30,3,27
S01011146,Families with dependent children: Youngest aged 0 to 4,50,43,27,25,2,16,14,2,7,0,7
S01011146,Families with dependent children: Youngest aged 5 to 11,29,16,13,13,0,3,1,2,13,0,13
S01011146,Families with dependent children: Youngest aged 12 to 18,26,16,15,13,2,1,1,0,10,3,7
S01011147,All families in households,294,248,202,194,8,46,40,6,46,9,37
S01011147,Families with no dependent children,189,166,135,134,1,31,29,2,23,6,17
S01011147,Families with dependent children: Total,105,82,67,60,7,15,11,4,23,3,20
S01011147,Families with dependent children: Youngest aged 0 to 4,31,26,21,19,2,5,5,0,5,2,3
S01011147,Families with dependent children: Youngest aged 5 to 11,43,36,27,24,3,9,5,4,7,0,7
S01011147,Families with dependent children: Youngest aged 12 to 18,31,20,19,17,2,1,1,0,11,1,10
S01011148,All families in households,240,207,169,165,4,38,32,6,33,6,27
S01011148,Families with no dependent children,158,148,123,121,2,25,22,3,10,2,8
S01011148,Families with dependent children: Total,82,59,46,44,2,13,10,3,23,4,19
S01011148,Families with dependent children: Youngest aged 0 to 4,32,27,19,19,0,8,8,0,5,0,5
S01011148,Families with dependent children: Youngest aged 5 to 11,21,13,13,12,1,0,0,0,8,1,7
S01011148,Families with dependent children: Youngest aged 12 to 18,29,19,14,13,1,5,2,3,10,3,7
S01011149,All families in households,183,161,139,130,9,22,19,3,22,2,20
S01011149,Families with no dependent children,81,70,57,57,0,13,13,0,11,1,10
S01011149,Families with dependent children: Total,102,91,82,73,9,9,6,3,11,1,10
S01011149,Families with dependent children: Youngest aged 0 to 4,54,48,46,41,5,2,2,0,6,0,6
S01011149,Families with dependent children: Youngest aged 5 to 11,25,23,21,18,3,2,2,0,2,0,2
S01011149,Families with dependent children: Youngest aged 12 to 18,23,20,15,14,1,5,2,3,3,1,2
S01011150,All families in households,140,118,85,78,7,33,29,4,22,2,20
S01011150,Families with no dependent children,51,47,26,26,0,21,21,0,4,2,2
S01011150,Families with dependent children: Total,89,71,59,52,7,12,8,4,18,0,18
S01011150,Families with dependent children: Youngest aged 0 to 4,44,39,30,30,0,9,6,3,5,0,5
S01011150,Families with dependent children: Youngest aged 5 to 11,31,24,22,18,4,2,1,1,7,0,7
S01011150,Families with dependent children: Youngest aged 12 to 18,14,8,7,4,3,1,1,0,6,0,6
S01011151,All families in households,168,152,135,128,7,17,14,3,16,3,13
S01011151,Families with no dependent children,72,70,56,56,0,14,14,0,2,0,2
S01011151,Families with dependent children: Total,96,82,79,72,7,3,0,3,14,3,11
S01011151,Families with dependent children: Youngest aged 0 to 4,42,39,37,35,2,2,0,2,3,0,3
S01011151,Families with dependent children: Youngest aged 5 to 11,33,29,28,27,1,1,0,1,4,1,3
S01011151,Families with dependent children: Youngest aged 12 to 18,21,14,14,10,4,0,0,0,7,2,5
S01011152,All families in households,202,174,154,148,6,20,17,3,28,3,25
S01011152,Families with no dependent children,137,125,112,110,2,13,13,0,12,2,10
S01011152,Families with dependent children: Total,65,49,42,38,4,7,4,3,16,1,15
S01011152,Families with dependent children: Youngest aged 0 to 4,24,21,17,13,4,4,3,1,3,0,3
S01011152,Families with dependent children: Youngest aged 5 to 11,22,14,12,12,0,2,1,1,8,0,8
S01011152,Families with dependent children: Youngest aged 12 to 18,19,14,13,13,0,1,0,1,5,1,4
S01011153,All families in households,216,192,157,152,5,35,33,2,24,4,20
S01011153,Families with no dependent children,141,132,110,108,2,22,22,0,9,1,8
S01011153,Families with dependent children: Total,75,60,47,44,3,13,11,2,15,3,12
S01011153,Families with dependent children: Youngest aged 0 to 4,25,21,15,13,2,6,6,0,4,2,2
S01011153,Families with dependent children: Youngest aged 5 to 11,24,20,17,16,1,3,1,2,4,0,4
S01011153,Families with dependent children: Youngest aged 12 to 18,26,19,15,15,0,4,4,0,7,1,6
S01011154,All families in households,131,101,78,75,3,23,19,4,30,9,21
S01011154,Families with no dependent children,88,82,63,63,0,19,17,2,6,2,4
S01011154,Families with dependent children: Total,43,19,15,12,3,4,2,2,24,7,17
S01011154,Families with dependent children: Youngest aged 0 to 4,14,9,5,5,0,4,2,2,5,1,4
S01011154,Families with dependent children: Youngest aged 5 to 11,19,6,6,3,3,0,0,0,13,5,8
S01011154,Families with dependent children: Youngest aged 12 to 18,10,4,4,4,0,0,0,0,6,1,5
S01011155,All families in households,170,138,112,109,3,26,21,5,32,4,28
S01011155,Families with no dependent children,109,92,77,77,0,15,15,0,17,4,13
S01011155,Families with dependent children: Total,61,46,35,32,3,11,6,5,15,0,15
S01011155,Families with dependent children: Youngest aged 0 to 4,23,17,11,10,1,6,4,2,6,0,6
S01011155,Families with dependent children: Youngest aged 5 to 11,22,17,12,10,2,5,2,3,5,0,5
S01011155,Families with dependent children: Youngest aged 12 to 18,16,12,12,12,0,0,0,0,4,0,4
S01011156,All families in households,185,166,147,140,7,19,12,7,19,5,14
S01011156,Families with no dependent children,123,113,104,104,0,9,9,0,10,5,5
S01011156,Families with dependent children: Total,62,53,43,36,7,10,3,7,9,0,9
S01011156,Families with dependent children: Youngest aged 0 to 4,18,15,10,10,0,5,2,3,3,0,3
S01011156,Families with dependent children: Youngest aged 5 to 11,17,14,13,9,4,1,1,0,3,0,3
S01011156,Families with dependent children: Youngest aged 12 to 18,27,24,20,17,3,4,0,4,3,0,3
S01011157,All families in households,188,176,153,149,4,23,22,1,12,1,11
S01011157,Families with no dependent children,140,137,118,115,3,19,19,0,3,1,2
S01011157,Families with dependent children: Total,48,39,35,34,1,4,3,1,9,0,9
S01011157,Families with dependent children: Youngest aged 0 to 4,13,13,12,12,0,1,1,0,0,0,0
S01011157,Families with dependent children: Youngest aged 5 to 11,17,13,11,11,0,2,2,0,4,0,4
S01011157,Families with dependent children: Youngest aged 12 to 18,18,13,12,11,1,1,0,1,5,0,5
S01011158,All families in households,172,155,147,147,0,8,7,1,17,7,10
S01011158,Families with no dependent children,139,133,127,127,0,6,6,0,6,2,4
S01011158,Families with dependent children: Total,33,22,20,20,0,2,1,1,11,5,6
S01011158,Families with dependent children: Youngest aged 0 to 4,10,9,8,8,0,1,1,0,1,0,1
S01011158,Families with dependent children: Youngest aged 5 to 11,15,10,9,9,0,1,0,1,5,0,5
S01011158,Families with dependent children: Youngest aged 12 to 18,8,3,3,3,0,0,0,0,5,5,0
S01011159,All families in households,152,129,95,94,1,34,29,5,23,2,21
S01011159,Families with no dependent children,105,97,76,76,0,21,20,1,8,2,6
S01011159,Families with dependent children: Total,47,32,19,18,1,13,9,4,15,0,15
S01011159,Families with dependent children: Youngest aged 0 to 4,24,18,9,9,0,9,6,3,6,0,6
S01011159,Families with dependent children: Youngest aged 5 to 11,14,8,6,5,1,2,2,0,6,0,6
S01011159,Families with dependent children: Youngest aged 12 to 18,9,6,4,4,0,2,1,1,3,0,3
S01011160,All families in households,279,234,173,160,13,61,55,6,45,4,41
S01011160,Families with no dependent children,165,153,114,110,4,39,37,2,12,3,9
S01011160,Families with dependent children: Total,114,81,59,50,9,22,18,4,33,1,32
S01011160,Families with dependent children: Youngest aged 0 to 4,43,33,20,15,5,13,13,0,10,0,10
S01011160,Families with dependent children: Youngest aged 5 to 11,33,21,17,15,2,4,2,2,12,1,11
S01011160,Families with dependent children: Youngest aged 12 to 18,38,27,22,20,2,5,3,2,11,0,11
S01011161,All families in households,196,149,118,114,4,31,21,10,47,5,42
S01011161,Families with no dependent children,109,92,80,79,1,12,12,0,17,3,14
S01011161,Families with dependent children: Total,87,57,38,35,3,19,9,10,30,2,28
S01011161,Families with dependent children: Youngest aged 0 to 4,33,24,16,15,1,8,8,0,9,0,9
S01011161,Families with dependent children: Youngest aged 5 to 11,34,22,14,13,1,8,1,7,12,2,10
S01011161,Families with dependent children: Youngest aged 12 to 18,20,11,8,7,1,3,0,3,9,0,9
S01011162,All families in households,145,105,83,76,7,22,14,8,40,2,38
S01011162,Families with no dependent children,76,67,52,51,1,15,12,3,9,0,9
S01011162,Families with dependent children: Total,69,38,31,25,6,7,2,5,31,2,29
S01011162,Families with dependent children: Youngest aged 0 to 4,27,14,9,9,0,5,1,4,13,1,12
S01011162,Families with dependent children: Youngest aged 5 to 11,21,13,12,8,4,1,1,0,8,1,7
S01011162,Families with dependent children: Youngest aged 12 to 18,21,11,10,8,2,1,0,1,10,0,10
S01011163,All families in households,233,173,143,135,8,30,23,7,60,15,45
S01011163,Families with no dependent children,139,119,104,102,2,15,15,0,20,6,14
S01011163,Families with dependent children: Total,94,54,39,33,6,15,8,7,40,9,31
S01011163,Families with dependent children: Youngest aged 0 to 4,22,13,9,9,0,4,3,1,9,0,9
S01011163,Families with dependent children: Youngest aged 5 to 11,36,19,12,10,2,7,3,4,17,5,12
S01011163,Families with dependent children: Youngest aged 12 to 18,36,22,18,14,4,4,2,2,14,4,10
S01011164,All families in households,210,175,144,134,10,31,26,5,35,2,33
S01011164,Families with no dependent children,101,96,81,79,2,15,14,1,5,0,5
S01011164,Families with dependent children: Total,109,79,63,55,8,16,12,4,30,2,28
S01011164,Families with dependent children: Youngest aged 0 to 4,32,22,14,11,3,8,7,1,10,1,9
S01011164,Families with dependent children: Youngest aged 5 to 11,40,30,26,24,2,4,4,0,10,0,10
S01011164,Families with dependent children: Youngest aged 12 to 18,37,27,23,20,3,4,1,3,10,1,9
S01011165,All families in households,225,164,121,119,2,43,38,5,61,8,53
S01011165,Families with no dependent children,133,109,90,89,1,19,18,1,24,7,17
S01011165,Families with dependent children: Total,92,55,31,30,1,24,20,4,37,1,36
S01011165,Families with dependent children: Youngest aged 0 to 4,51,34,14,14,0,20,18,2,17,0,17
S01011165,Families with dependent children: Youngest aged 5 to 11,23,10,8,8,0,2,1,1,13,1,12
S01011165,Families with dependent children: Youngest aged 12 to 18,18,11,9,8,1,2,1,1,7,0,7
S01011166,All families in households,170,153,138,135,3,15,14,1,17,3,14
S01011166,Families with no dependent children,113,107,96,94,2,11,10,1,6,1,5
S01011166,Families with dependent children: Total,57,46,42,41,1,4,4,0,11,2,9
S01011166,Families with dependent children: Youngest aged 0 to 4,15,12,10,10,0,2,2,0,3,0,3
S01011166,Families with dependent children: Youngest aged 5 to 11,17,13,12,11,1,1,1,0,4,1,3
S01011166,Families with dependent children: Youngest aged 12 to 18,25,21,20,20,0,1,1,0,4,1,3
S01011167,All families in households,218,212,189,187,2,23,19,4,6,0,6
S01011167,Families with no dependent children,162,158,141,141,0,17,17,0,4,0,4
S01011167,Families with dependent children: Total,56,54,48,46,2,6,2,4,2,0,2
S01011167,Families with dependent children: Youngest aged 0 to 4,14,14,13,12,1,1,0,1,0,0,0
S01011167,Families with dependent children: Youngest aged 5 to 11,18,17,15,14,1,2,2,0,1,0,1
S01011167,Families with dependent children: Youngest aged 12 to 18,24,23,20,20,0,3,0,3,1,0,1
S01011168,All families in households,261,238,209,199,10,29,24,5,23,9,14
S01011168,Families with no dependent children,173,160,140,137,3,20,19,1,13,7,6
S01011168,Families with dependent children: Total,88,78,69,62,7,9,5,4,10,2,8
S01011168,Families with dependent children: Youngest aged 0 to 4,35,34,28,26,2,6,3,3,1,0,1
S01011168,Families with dependent children: Youngest aged 5 to 11,33,28,26,21,5,2,1,1,5,2,3
S01011168,Families with dependent children: Youngest aged 12 to 18,20,16,15,15,0,1,1,0,4,0,4
S01011169,All families in households,282,253,198,189,9,55,47,8,29,2,27
S01011169,Families with no dependent children,120,114,80,78,2,34,34,0,6,0,6
S01011169,Families with dependent children: Total,162,139,118,111,7,21,13,8,23,2,21
S01011169,Families with dependent children: Youngest aged 0 to 4,49,47,36,34,2,11,7,4,2,0,2
S01011169,Families with dependent children: Youngest aged 5 to 11,55,45,39,36,3,6,3,3,10,0,10
S01011169,Families with dependent children: Youngest aged 12 to 18,58,47,43,41,2,4,3,1,11,2,9
S01011170,All families in households,276,249,207,202,5,42,37,5,27,4,23
S01011170,Families with no dependent children,180,169,141,139,2,28,27,1,11,2,9
S01011170,Families with dependent children: Total,96,80,66,63,3,14,10,4,16,2,14
S01011170,Families with dependent children: Youngest aged 0 to 4,26,24,18,18,0,6,5,1,2,0,2
S01011170,Families with dependent children: Youngest aged 5 to 11,33,27,23,22,1,4,2,2,6,0,6
S01011170,Families with dependent children: Youngest aged 12 to 18,37,29,25,23,2,4,3,1,8,2,6
S01011171,All families in households,273,248,216,211,5,32,25,7,25,4,21
S01011171,Families with no dependent children,201,188,166,164,2,22,19,3,13,3,10
S01011171,Families with dependent children: Total,72,60,50,47,3,10,6,4,12,1,11
S01011171,Families with dependent children: Youngest aged 0 to 4,22,17,15,14,1,2,1,1,5,0,5
S01011171,Families with dependent children: Youngest aged 5 to 11,22,17,14,14,0,3,2,1,5,0,5
S01011171,Families with dependent children: Youngest aged 12 to 18,28,26,21,19,2,5,3,2,2,1,1
S01011172,All families in households,219,192,165,160,5,27,23,4,27,4,23
S01011172,Families with no dependent children,158,139,121,119,2,18,18,0,19,3,16
S01011172,Families with dependent children: Total,61,53,44,41,3,9,5,4,8,1,7
S01011172,Families with dependent children: Youngest aged 0 to 4,22,21,17,14,3,4,3,1,1,0,1
S01011172,Families with dependent children: Youngest aged 5 to 11,21,17,13,13,0,4,2,2,4,0,4
S01011172,Families with dependent children: Youngest aged 12 to 18,18,15,14,14,0,1,0,1,3,1,2
S01011173,All families in households,162,149,127,123,4,22,18,4,13,1,12
S01011173,Families with no dependent children,106,100,89,89,0,11,11,0,6,1,5
S01011173,Families with dependent children: Total,56,49,38,34,4,11,7,4,7,0,7
S01011173,Families with dependent children: Youngest aged 0 to 4,15,14,10,10,0,4,2,2,1,0,1
S01011173,Families with dependent children: Youngest aged 5 to 11,20,17,13,10,3,4,3,1,3,0,3
S01011173,Families with dependent children: Youngest aged 12 to 18,21,18,15,14,1,3,2,1,3,0,3
S01011174,All families in households,131,114,91,90,1,23,21,2,17,2,15
S01011174,Families with no dependent children,100,95,78,77,1,17,16,1,5,2,3
S01011174,Families with dependent children: Total,31,19,13,13,0,6,5,1,12,0,12
S01011174,Families with dependent children: Youngest aged 0 to 4,8,7,5,5,0,2,2,0,1,0,1
S01011174,Families with dependent children: Youngest aged 5 to 11,8,4,1,1,0,3,2,1,4,0,4
S01011174,Families with dependent children: Youngest aged 12 to 18,15,8,7,7,0,1,1,0,7,0,7
S01011175,All families in households,143,120,102,94,8,18,13,5,23,2,21
S01011175,Families with no dependent children,90,83,73,69,4,10,8,2,7,0,7
S01011175,Families with dependent children: Total,53,37,29,25,4,8,5,3,16,2,14
S01011175,Families with dependent children: Youngest aged 0 to 4,15,11,8,8,0,3,3,0,4,0,4
S01011175,Families with dependent children: Youngest aged 5 to 11,17,12,10,6,4,2,0,2,5,1,4
S01011175,Families with dependent children: Youngest aged 12 to 18,21,14,11,11,0,3,2,1,7,1,6
S01011176,All families in households,166,153,131,128,3,22,21,1,13,3,10
S01011176,Families with no dependent children,131,126,109,108,1,17,17,0,5,2,3
S01011176,Families with dependent children: Total,35,27,22,20,2,5,4,1,8,1,7
S01011176,Families with dependent children: Youngest aged 0 to 4,6,5,3,2,1,2,2,0,1,0,1
S01011176,Families with dependent children: Youngest aged 5 to 11,12,10,9,8,1,1,1,0,2,0,2
S01011176,Families with dependent children: Youngest aged 12 to 18,17,12,10,10,0,2,1,1,5,1,4
S01011177,All families in households,248,209,171,168,3,38,29,9,39,3,36
S01011177,Families with no dependent children,173,155,134,134,0,21,18,3,18,2,16
S01011177,Families with dependent children: Total,75,54,37,34,3,17,11,6,21,1,20
S01011177,Families with dependent children: Youngest aged 0 to 4,17,13,8,7,1,5,4,1,4,0,4
S01011177,Families with dependent children: Youngest aged 5 to 11,37,25,20,19,1,5,4,1,12,0,12
S01011177,Families with dependent children: Youngest aged 12 to 18,21,16,9,8,1,7,3,4,5,1,4
S01011178,All families in households,162,129,99,93,6,30,24,6,33,7,26
S01011178,Families with no dependent children,83,69,55,54,1,14,13,1,14,7,7
S01011178,Families with dependent children: Total,79,60,44,39,5,16,11,5,19,0,19
S01011178,Families with dependent children: Youngest aged 0 to 4,36,28,21,18,3,7,6,1,8,0,8
S01011178,Families with dependent children: Youngest aged 5 to 11,23,17,12,10,2,5,3,2,6,0,6
S01011178,Families with dependent children: Youngest aged 12 to 18,20,15,11,11,0,4,2,2,5,0,5
S01011179,All families in households,181,138,119,115,4,19,15,4,43,3,40
S01011179,Families with no dependent children,114,94,83,81,2,11,9,2,20,3,17
S01011179,Families with dependent children: Total,67,44,36,34,2,8,6,2,23,0,23
S01011179,Families with dependent children: Youngest aged 0 to 4,26,13,8,7,1,5,5,0,13,0,13
S01011179,Families with dependent children: Youngest aged 5 to 11,16,11,9,9,0,2,1,1,5,0,5
S01011179,Families with dependent children: Youngest aged 12 to 18,25,20,19,18,1,1,0,1,5,0,5
S01011180,All families in households,196,143,105,100,5,38,33,5,53,7,46
S01011180,Families with no dependent children,108,92,72,71,1,20,18,2,16,4,12
S01011180,Families with dependent children: Total,88,51,33,29,4,18,15,3,37,3,34
S01011180,Families with dependent children: Youngest aged 0 to 4,34,23,11,9,2,12,11,1,11,0,11
S01011180,Families with dependent children: Youngest aged 5 to 11,26,13,8,7,1,5,3,2,13,1,12
S01011180,Families with dependent children: Youngest aged 12 to 18,28,15,14,13,1,1,1,0,13,2,11
S01011181,All families in households,151,141,130,127,3,11,11,0,10,2,8
S01011181,Families with no dependent children,111,105,96,94,2,9,9,0,6,2,4
S01011181,Families with dependent children: Total,40,36,34,33,1,2,2,0,4,0,4
S01011181,Families with dependent children: Youngest aged 0 to 4,8,7,6,6,0,1,1,0,1,0,1
S01011181,Families with dependent children: Youngest aged 5 to 11,16,14,14,14,0,0,0,0,2,0,2
S01011181,Families with dependent children: Youngest aged 12 to 18,16,15,14,13,1,1,1,0,1,0,1
S01011182,All families in households,140,134,124,124,0,10,8,2,6,0,6
S01011182,Families with no dependent children,107,104,97,97,0,7,6,1,3,0,3
S01011182,Families with dependent children: Total,33,30,27,27,0,3,2,1,3,0,3
S01011182,Families with dependent children: Youngest aged 0 to 4,10,9,8,8,0,1,1,0,1,0,1
S01011182,Families with dependent children: Youngest aged 5 to 11,10,8,8,8,0,0,0,0,2,0,2
S01011182,Families with dependent children: Youngest aged 12 to 18,13,13,11,11,0,2,1,1,0,0,0
S01011183,All families in households,177,148,136,129,7,12,10,2,29,4,25
S01011183,Families with no dependent children,111,100,92,89,3,8,8,0,11,3,8
S01011183,Families with dependent children: Total,66,48,44,40,4,4,2,2,18,1,17
S01011183,Families with dependent children: Youngest aged 0 to 4,25,18,16,16,0,2,2,0,7,0,7
S01011183,Families with dependent children: Youngest aged 5 to 11,21,17,15,12,3,2,0,2,4,1,3
S01011183,Families with dependent children: Youngest aged 12 to 18,20,13,13,12,1,0,0,0,7,0,7
S01011184,All families in households,266,243,223,217,6,20,17,3,23,4,19
S01011184,Families with no dependent children,149,137,124,123,1,13,13,0,12,3,9
S01011184,Families with dependent children: Total,117,106,99,94,5,7,4,3,11,1,10
S01011184,Families with dependent children: Youngest aged 0 to 4,30,27,22,22,0,5,4,1,3,0,3
S01011184,Families with dependent children: Youngest aged 5 to 11,49,47,47,43,4,0,0,0,2,0,2
S01011184,Families with dependent children: Youngest aged 12 to 18,38,32,30,29,1,2,0,2,6,1,5
S01011185,All families in households,221,194,172,168,4,22,16,6,27,4,23
S01011185,Families with no dependent children,162,148,134,131,3,14,13,1,14,4,10
S01011185,Families with dependent children: Total,59,46,38,37,1,8,3,5,13,0,13
S01011185,Families with dependent children: Youngest aged 0 to 4,19,15,12,12,0,3,1,2,4,0,4
S01011185,Families with dependent children: Youngest aged 5 to 11,21,16,13,13,0,3,2,1,5,0,5
S01011185,Families with dependent children: Youngest aged 12 to 18,19,15,13,12,1,2,0,2,4,0,4
S01011186,All families in households,278,224,188,181,7,36,30,6,54,5,49
S01011186,Families with no dependent children,184,167,147,142,5,20,16,4,17,3,14
S01011186,Families with dependent children: Total,94,57,41,39,2,16,14,2,37,2,35
S01011186,Families with dependent children: Youngest aged 0 to 4,33,17,10,10,0,7,7,0,16,0,16
S01011186,Families with dependent children: Youngest aged 5 to 11,24,13,10,8,2,3,3,0,11,1,10
S01011186,Families with dependent children: Youngest aged 12 to 18,37,27,21,21,0,6,4,2,10,1,9
S01011187,All families in households,222,208,185,177,8,23,17,6,14,1,13
S01011187,Families with no dependent children,166,161,149,143,6,12,11,1,5,1,4
S01011187,Families with dependent children: Total,56,47,36,34,2,11,6,5,9,0,9
S01011187,Families with dependent children: Youngest aged 0 to 4,14,14,8,8,0,6,4,2,0,0,0
S01011187,Families with dependent children: Youngest aged 5 to 11,12,11,8,8,0,3,1,2,1,0,1
S01011187,Families with dependent children: Youngest aged 12 to 18,30,22,20,18,2,2,1,1,8,0,8
S01011188,All families in households,278,219,171,163,8,48,38,10,59,5,54
S01011188,Families with no dependent children,159,141,115,112,3,26,24,2,18,3,15
S01011188,Families with dependent children: Total,119,78,56,51,5,22,14,8,41,2,39
S01011188,Families with dependent children: Youngest aged 0 to 4,42,30,17,16,1,13,11,2,12,0,12
S01011188,Families with dependent children: Youngest aged 5 to 11,34,19,14,12,2,5,2,3,15,0,15
S01011188,Families with dependent children: Youngest aged 12 to 18,43,29,25,23,2,4,1,3,14,2,12
S01011189,All families in households,244,193,153,147,6,40,34,6,51,8,43
S01011189,Families with no dependent children,154,137,107,105,2,30,27,3,17,2,15
S01011189,Families with dependent children: Total,90,56,46,42,4,10,7,3,34,6,28
S01011189,Families with dependent children: Youngest aged 0 to 4,39,30,23,23,0,7,7,0,9,0,9
S01011189,Families with dependent children: Youngest aged 5 to 11,24,11,9,7,2,2,0,2,13,3,10
S01011189,Families with dependent children: Youngest aged 12 to 18,27,15,14,12,2,1,0,1,12,3,9
S01011190,All families in households,187,141,100,94,6,41,32,9,46,8,38
S01011190,Families with no dependent children,112,94,70,67,3,24,21,3,18,7,11
S01011190,Families with dependent children: Total,75,47,30,27,3,17,11,6,28,1,27
S01011190,Families with dependent children: Youngest aged 0 to 4,32,19,9,6,3,10,7,3,13,1,12
S01011190,Families with dependent children: Youngest aged 5 to 11,24,17,12,12,0,5,4,1,7,0,7
S01011190,Families with dependent children: Youngest aged 12 to 18,19,11,9,9,0,2,0,2,8,0,8
S01011191,All families in households,171,127,103,94,9,24,20,4,44,6,38
S01011191,Families with no dependent children,96,85,75,73,2,10,10,0,11,0,11
S01011191,Families with dependent children: Total,75,42,28,21,7,14,10,4,33,6,27
S01011191,Families with dependent children: Youngest aged 0 to 4,39,23,14,10,4,9,7,2,16,2,14
S01011191,Families with dependent children: Youngest aged 5 to 11,16,11,8,5,3,3,2,1,5,0,5
S01011191,Families with dependent children: Youngest aged 12 to 18,20,8,6,6,0,2,1,1,12,4,8
S01011192,All families in households,220,168,132,120,12,36,30,6,52,7,45
S01011192,Families with no dependent children,117,104,86,81,5,18,15,3,13,5,8
S01011192,Families with dependent children: Total,103,64,46,39,7,18,15,3,39,2,37
S01011192,Families with dependent children: Youngest aged 0 to 4,34,23,16,14,2,7,6,1,11,0,11
S01011192,Families with dependent children: Youngest aged 5 to 11,34,22,12,12,0,10,8,2,12,0,12
S01011192,Families with dependent children: Youngest aged 12 to 18,35,19,18,13,5,1,1,0,16,2,14
S01011193,All families in households,206,145,107,102,5,38,25,13,61,6,55
S01011193,Families with no dependent children,96,77,63,62,1,14,12,2,19,2,17
S01011193,Families with dependent children: Total,110,68,44,40,4,24,13,11,42,4,38
S01011193,Families with dependent children: Youngest aged 0 to 4,44,30,17,17,0,13,7,6,14,1,13
S01011193,Families with dependent children: Youngest aged 5 to 11,38,20,13,11,2,7,3,4,18,3,15
S01011193,Families with dependent children: Youngest aged 12 to 18,28,18,14,12,2,4,3,1,10,0,10
S01011194,All families in households,224,143,106,101,5,37,26,11,81,5,76
S01011194,Families with no dependent children,100,83,68,66,2,15,13,2,17,3,14
S01011194,Families with dependent children: Total,124,60,38,35,3,22,13,9,64,2,62
S01011194,Families with dependent children: Youngest aged 0 to 4,48,24,11,11,0,13,12,1,24,0,24
S01011194,Families with dependent children: Youngest aged 5 to 11,38,20,14,14,0,6,1,5,18,0,18
S01011194,Families with dependent children: Youngest aged 12 to 18,38,16,13,10,3,3,0,3,22,2,20
S01011195,All families in households,237,167,129,120,9,38,31,7,70,6,64
S01011195,Families with no dependent children,119,103,85,82,3,18,16,2,16,4,12
S01011195,Families with dependent children: Total,118,64,44,38,6,20,15,5,54,2,52
S01011195,Families with dependent children: Youngest aged 0 to 4,47,26,16,14,2,10,9,1,21,0,21
S01011195,Families with dependent children: Youngest aged 5 to 11,40,27,19,15,4,8,4,4,13,0,13
S01011195,Families with dependent children: Youngest aged 12 to 18,31,11,9,9,0,2,2,0,20,2,18
S01011196,All families in households,262,186,141,136,5,45,35,10,76,5,71
S01011196,Families with no dependent children,138,120,101,99,2,19,18,1,18,3,15
S01011196,Families with dependent children: Total,124,66,40,37,3,26,17,9,58,2,56
S01011196,Families with dependent children: Youngest aged 0 to 4,60,34,15,13,2,19,12,7,26,2,24
S01011196,Families with dependent children: Youngest aged 5 to 11,33,18,12,12,0,6,5,1,15,0,15
S01011196,Families with dependent children: Youngest aged 12 to 18,31,14,13,12,1,1,0,1,17,0,17
S01011197,All families in households,258,180,137,128,9,43,32,11,78,11,67
S01011197,Families with no dependent children,134,111,95,94,1,16,13,3,23,3,20
S01011197,Families with dependent children: Total,124,69,42,34,8,27,19,8,55,8,47
S01011197,Families with dependent children: Youngest aged 0 to 4,62,35,16,11,5,19,15,4,27,3,24
S01011197,Families with dependent children: Youngest aged 5 to 11,40,23,18,16,2,5,2,3,17,5,12
S01011197,Families with dependent children: Youngest aged 12 to 18,22,11,8,7,1,3,2,1,11,0,11
S01011198,All families in households,182,133,107,97,10,26,18,8,49,3,46
S01011198,Families with no dependent children,94,84,71,67,4,13,10,3,10,2,8
S01011198,Families with dependent children: Total,88,49,36,30,6,13,8,5,39,1,38
S01011198,Families with dependent children: Youngest aged 0 to 4,33,21,15,13,2,6,5,1,12,0,12
S01011198,Families with dependent children: Youngest aged 5 to 11,25,10,8,7,1,2,0,2,15,0,15
S01011198,Families with dependent children: Youngest aged 12 to 18,30,18,13,10,3,5,3,2,12,1,11
S01011199,All families in households,237,184,135,126,9,49,38,11,53,1,52
S01011199,Families with no dependent children,134,117,93,89,4,24,24,0,17,0,17
S01011199,Families with dependent children: Total,103,67,42,37,5,25,14,11,36,1,35
S01011199,Families with dependent children: Youngest aged 0 to 4,44,28,17,16,1,11,7,4,16,0,16
S01011199,Families with dependent children: Youngest aged 5 to 11,22,11,5,5,0,6,4,2,11,0,11
S01011199,Families with dependent children: Youngest aged 12 to 18,37,28,20,16,4,8,3,5,9,1,8
S01011200,All families in households,226,185,143,139,4,42,35,7,41,6,35
S01011200,Families with no dependent children,137,131,108,107,1,23,22,1,6,1,5
S01011200,Families with dependent children: Total,89,54,35,32,3,19,13,6,35,5,30
S01011200,Families with dependent children: Youngest aged 0 to 4,28,20,10,10,0,10,9,1,8,0,8
S01011200,Families with dependent children: Youngest aged 5 to 11,32,20,12,12,0,8,4,4,12,2,10
S01011200,Families with dependent children: Youngest aged 12 to 18,29,14,13,10,3,1,0,1,15,3,12
S01011201,All families in households,178,150,131,127,4,19,15,4,28,4,24
S01011201,Families with no dependent children,116,101,91,90,1,10,9,1,15,4,11
S01011201,Families with dependent children: Total,62,49,40,37,3,9,6,3,13,0,13
S01011201,Families with dependent children: Youngest aged 0 to 4,22,19,14,13,1,5,5,0,3,0,3
S01011201,Families with dependent children: Youngest aged 5 to 11,17,9,6,6,0,3,1,2,8,0,8
S01011201,Families with dependent children: Youngest aged 12 to 18,23,21,20,18,2,1,0,1,2,0,2
S01011202,All families in households,262,195,146,142,4,49,40,9,67,5,62
S01011202,Families with no dependent children,147,134,105,103,2,29,27,2,13,2,11
S01011202,Families with dependent children: Total,115,61,41,39,2,20,13,7,54,3,51
S01011202,Families with dependent children: Youngest aged 0 to 4,46,26,12,12,0,14,12,2,20,1,19
S01011202,Families with dependent children: Youngest aged 5 to 11,39,21,16,15,1,5,1,4,18,1,17
S01011202,Families with dependent children: Youngest aged 12 to 18,30,14,13,12,1,1,0,1,16,1,15
S01011203,All families in households,238,195,157,149,8,38,32,6,43,3,40
S01011203,Families with no dependent children,126,118,101,101,0,17,17,0,8,1,7
S01011203,Families with dependent children: Total,112,77,56,48,8,21,15,6,35,2,33
S01011203,Families with dependent children: Youngest aged 0 to 4,42,33,23,19,4,10,9,1,9,0,9
S01011203,Families with dependent children: Youngest aged 5 to 11,28,15,9,8,1,6,4,2,13,0,13
S01011203,Families with dependent children: Youngest aged 12 to 18,42,29,24,21,3,5,2,3,13,2,11
S01011204,All families in households,177,157,142,137,5,15,11,4,20,5,15
S01011204,Families with no dependent children,116,106,100,99,1,6,6,0,10,4,6
S01011204,Families with dependent children: Total,61,51,42,38,4,9,5,4,10,1,9
S01011204,Families with dependent children: Youngest aged 0 to 4,10,7,5,4,1,2,2,0,3,0,3
S01011204,Families with dependent children: Youngest aged 5 to 11,24,19,15,14,1,4,2,2,5,1,4
S01011204,Families with dependent children: Youngest aged 12 to 18,27,25,22,20,2,3,1,2,2,0,2
S01011205,All families in households,216,181,156,149,7,25,19,6,35,5,30
S01011205,Families with no dependent children,63,59,50,50,0,9,6,3,4,0,4
S01011205,Families with dependent children: Total,153,122,106,99,7,16,13,3,31,5,26
S01011205,Families with dependent children: Youngest aged 0 to 4,71,59,48,47,1,11,11,0,12,0,12
S01011205,Families with dependent children: Youngest aged 5 to 11,44,35,33,30,3,2,1,1,9,2,7
S01011205,Families with dependent children: Youngest aged 12 to 18,38,28,25,22,3,3,1,2,10,3,7
S01011206,All families in households,225,188,157,149,8,31,23,8,37,5,32
S01011206,Families with no dependent children,108,101,87,85,2,14,11,3,7,2,5
S01011206,Families with dependent children: Total,117,87,70,64,6,17,12,5,30,3,27
S01011206,Families with dependent children: Youngest aged 0 to 4,42,35,27,24,3,8,6,2,7,0,7
S01011206,Families with dependent children: Youngest aged 5 to 11,32,23,19,18,1,4,2,2,9,0,9
S01011206,Families with dependent children: Youngest aged 12 to 18,43,29,24,22,2,5,4,1,14,3,11
S01011207,All families in households,217,184,158,151,7,26,22,4,33,4,29
S01011207,Families with no dependent children,122,106,94,92,2,12,10,2,16,3,13
S01011207,Families with dependent children: Total,95,78,64,59,5,14,12,2,17,1,16
S01011207,Families with dependent children: Youngest aged 0 to 4,24,21,13,13,0,8,7,1,3,0,3
S01011207,Families with dependent children: Youngest aged 5 to 11,45,34,32,29,3,2,2,0,11,1,10
S01011207,Families with dependent children: Youngest aged 12 to 18,26,23,19,17,2,4,3,1,3,0,3
S01011208,All families in households,275,241,210,198,12,31,30,1,34,5,29
S01011208,Families with no dependent children,146,135,121,117,4,14,14,0,11,2,9
S01011208,Families with dependent children: Total,129,106,89,81,8,17,16,1,23,3,20
S01011208,Families with dependent children: Youngest aged 0 to 4,38,30,20,17,3,10,10,0,8,0,8
S01011208,Families with dependent children: Youngest aged 5 to 11,41,37,33,29,4,4,3,1,4,1,3
S01011208,Families with dependent children: Youngest aged 12 to 18,50,39,36,35,1,3,3,0,11,2,9
S01011209,All families in households,195,144,107,101,6,37,33,4,51,4,47
S01011209,Families with no dependent children,112,93,75,74,1,18,17,1,19,3,16
S01011209,Families with dependent children: Total,83,51,32,27,5,19,16,3,32,1,31
S01011209,Families with dependent children: Youngest aged 0 to 4,31,22,14,13,1,8,7,1,9,0,9
S01011209,Families with dependent children: Youngest aged 5 to 11,26,15,10,9,1,5,4,1,11,0,11
S01011209,Families with dependent children: Youngest aged 12 to 18,26,14,8,5,3,6,5,1,12,1,11
S01011210,All families in households,222,202,186,177,9,16,9,7,20,5,15
S01011210,Families with no dependent children,123,116,110,106,4,6,5,1,7,2,5
S01011210,Families with dependent children: Total,99,86,76,71,5,10,4,6,13,3,10
S01011210,Families with dependent children: Youngest aged 0 to 4,16,14,13,13,0,1,1,0,2,0,2
S01011210,Families with dependent children: Youngest aged 5 to 11,43,38,33,31,2,5,3,2,5,2,3
S01011210,Families with dependent children: Youngest aged 12 to 18,40,34,30,27,3,4,0,4,6,1,5
S01011211,All families in households,217,183,159,148,11,24,21,3,34,4,30
S01011211,Families with no dependent children,108,97,85,81,4,12,11,1,11,3,8
S01011211,Families with dependent children: Total,109,86,74,67,7,12,10,2,23,1,22
S01011211,Families with dependent children: Youngest aged 0 to 4,27,20,14,14,0,6,6,0,7,0,7
S01011211,Families with dependent children: Youngest aged 5 to 11,46,35,33,28,5,2,1,1,11,1,10
S01011211,Families with dependent children: Youngest aged 12 to 18,36,31,27,25,2,4,3,1,5,0,5
S01011212,All families in households,179,124,106,99,7,18,17,1,55,1,54
S01011212,Families with no dependent children,93,82,77,75,2,5,5,0,11,1,10
S01011212,Families with dependent children: Total,86,42,29,24,5,13,12,1,44,0,44
S01011212,Families with dependent children: Youngest aged 0 to 4,27,11,3,2,1,8,7,1,16,0,16
S01011212,Families with dependent children: Youngest aged 5 to 11,25,15,11,7,4,4,4,0,10,0,10
S01011212,Families with dependent children: Youngest aged 12 to 18,34,16,15,15,0,1,1,0,18,0,18
S01011213,All families in households,327,220,171,157,14,49,39,10,107,14,93
S01011213,Families with no dependent children,168,142,120,117,3,22,18,4,26,4,22
S01011213,Families with dependent children: Total,159,78,51,40,11,27,21,6,81,10,71
S01011213,Families with dependent children: Youngest aged 0 to 4,66,30,15,12,3,15,14,1,36,3,33
S01011213,Families with dependent children: Youngest aged 5 to 11,52,22,14,10,4,8,7,1,30,4,26
S01011213,Families with dependent children: Youngest aged 12 to 18,41,26,22,18,4,4,0,4,15,3,12
S01011214,All families in households,266,179,137,133,4,42,36,6,87,9,78
S01011214,Families with no dependent children,133,109,92,92,0,17,17,0,24,5,19
S01011214,Families with dependent children: Total,133,70,45,41,4,25,19,6,63,4,59
S01011214,Families with dependent children: Youngest aged 0 to 4,55,32,15,12,3,17,15,2,23,0,23
S01011214,Families with dependent children: Youngest aged 5 to 11,44,21,18,17,1,3,1,2,23,2,21
S01011214,Families with dependent children: Youngest aged 12 to 18,34,17,12,12,0,5,3,2,17,2,15
S01011215,All families in households,166,117,90,78,12,27,22,5,49,7,42
S01011215,Families with no dependent children,76,64,55,53,2,9,9,0,12,1,11
S01011215,Families with dependent children: Total,90,53,35,25,10,18,13,5,37,6,31
S01011215,Families with dependent children: Youngest aged 0 to 4,33,16,9,8,1,7,7,0,17,4,13
S01011215,Families with dependent children: Youngest aged 5 to 11,42,28,19,12,7,9,6,3,14,2,12
S01011215,Families with dependent children: Youngest aged 12 to 18,15,9,7,5,2,2,0,2,6,0,6
S01011216,All families in households,129,79,48,46,2,31,26,5,50,6,44
S01011216,Families with no dependent children,56,37,30,30,0,7,6,1,19,2,17
S01011216,Families with dependent children: Total,73,42,18,16,2,24,20,4,31,4,27
S01011216,Families with dependent children: Youngest aged 0 to 4,35,23,5,5,0,18,17,1,12,1,11
S01011216,Families with dependent children: Youngest aged 5 to 11,19,12,7,7,0,5,2,3,7,0,7
S01011216,Families with dependent children: Youngest aged 12 to 18,19,7,6,4,2,1,1,0,12,3,9
S01011217,All families in households,227,136,104,100,4,32,27,5,91,13,78
S01011217,Families with no dependent children,112,83,63,61,2,20,18,2,29,9,20
S01011217,Families with dependent children: Total,115,53,41,39,2,12,9,3,62,4,58
S01011217,Families with dependent children: Youngest aged 0 to 4,42,15,10,9,1,5,5,0,27,1,26
S01011217,Families with dependent children: Youngest aged 5 to 11,30,13,8,8,0,5,4,1,17,0,17
S01011217,Families with dependent children: Youngest aged 12 to 18,43,25,23,22,1,2,0,2,18,3,15
S01011218,All families in households,196,113,79,66,13,34,24,10,83,11,72
S01011218,Families with no dependent children,73,57,50,47,3,7,7,0,16,3,13
S01011218,Families with dependent children: Total,123,56,29,19,10,27,17,10,67,8,59
S01011218,Families with dependent children: Youngest aged 0 to 4,51,23,10,7,3,13,9,4,28,1,27
S01011218,Families with dependent children: Youngest aged 5 to 11,41,19,8,7,1,11,6,5,22,1,21
S01011218,Families with dependent children: Youngest aged 12 to 18,31,14,11,5,6,3,2,1,17,6,11
S01011219,All families in households,239,169,130,119,11,39,33,6,70,6,64
S01011219,Families with no dependent children,131,108,88,84,4,20,17,3,23,6,17
S01011219,Families with dependent children: Total,108,61,42,35,7,19,16,3,47,0,47
S01011219,Families with dependent children: Youngest aged 0 to 4,30,17,9,8,1,8,8,0,13,0,13
S01011219,Families with dependent children: Youngest aged 5 to 11,39,19,14,10,4,5,4,1,20,0,20
S01011219,Families with dependent children: Youngest aged 12 to 18,39,25,19,17,2,6,4,2,14,0,14
S01011220,All families in households,266,186,144,138,6,42,32,10,80,10,70
S01011220,Families with no dependent children,153,124,103,101,2,21,16,5,29,5,24
S01011220,Families with dependent children: Total,113,62,41,37,4,21,16,5,51,5,46
S01011220,Families with dependent children: Youngest aged 0 to 4,46,28,14,13,1,14,10,4,18,3,15
S01011220,Families with dependent children: Youngest aged 5 to 11,30,17,12,11,1,5,5,0,13,0,13
S01011220,Families with dependent children: Youngest aged 12 to 18,37,17,15,13,2,2,1,1,20,2,18
S01011221,All families in households,271,190,150,145,5,40,34,6,81,9,72
S01011221,Families with no dependent children,130,108,87,87,0,21,19,2,22,7,15
S01011221,Families with dependent children: Total,141,82,63,58,5,19,15,4,59,2,57
S01011221,Families with dependent children: Youngest aged 0 to 4,52,26,17,17,0,9,7,2,26,1,25
S01011221,Families with dependent children: Youngest aged 5 to 11,42,25,19,17,2,6,4,2,17,0,17
S01011221,Families with dependent children: Youngest aged 12 to 18,47,31,27,24,3,4,4,0,16,1,15
S01011222,All families in households,203,153,133,125,8,20,15,5,50,7,43
S01011222,Families with no dependent children,123,101,93,88,5,8,7,1,22,4,18
S01011222,Families with dependent children: Total,80,52,40,37,3,12,8,4,28,3,25
S01011222,Families with dependent children: Youngest aged 0 to 4,23,13,7,7,0,6,4,2,10,1,9
S01011222,Families with dependent children: Youngest aged 5 to 11,33,24,18,15,3,6,4,2,9,1,8
S01011222,Families with dependent children: Youngest aged 12 to 18,24,15,15,15,0,0,0,0,9,1,8
S01011223,All families in households,254,199,156,146,10,43,37,6,55,9,46
S01011223,Families with no dependent children,152,140,111,108,3,29,27,2,12,2,10
S01011223,Families with dependent children: Total,102,59,45,38,7,14,10,4,43,7,36
S01011223,Families with dependent children: Youngest aged 0 to 4,35,21,14,13,1,7,6,1,14,1,13
S01011223,Families with dependent children: Youngest aged 5 to 11,35,19,14,11,3,5,4,1,16,2,14
S01011223,Families with dependent children: Youngest aged 12 to 18,32,19,17,14,3,2,0,2,13,4,9
S01011224,All families in households,189,142,120,113,7,22,18,4,47,8,39
S01011224,Families with no dependent children,120,104,92,88,4,12,11,1,16,5,11
S01011224,Families with dependent children: Total,69,38,28,25,3,10,7,3,31,3,28
S01011224,Families with dependent children: Youngest aged 0 to 4,23,14,9,8,1,5,5,0,9,1,8
S01011224,Families with dependent children: Youngest aged 5 to 11,20,11,10,8,2,1,1,0,9,1,8
S01011224,Families with dependent children: Youngest aged 12 to 18,26,13,9,9,0,4,1,3,13,1,12
S01011225,All families in households,204,136,95,91,4,41,32,9,68,11,57
S01011225,Families with no dependent children,120,98,71,69,2,27,24,3,22,5,17
S01011225,Families with dependent children: Total,84,38,24,22,2,14,8,6,46,6,40
S01011225,Families with dependent children: Youngest aged 0 to 4,28,14,7,7,0,7,4,3,14,0,14
S01011225,Families with dependent children: Youngest aged 5 to 11,26,12,7,6,1,5,4,1,14,0,14
S01011225,Families with dependent children: Youngest aged 12 to 18,30,12,10,9,1,2,0,2,18,6,12
S01011226,All families in households,308,265,246,239,7,19,18,1,43,6,37
S01011226,Families with no dependent children,204,190,180,178,2,10,10,0,14,3,11
S01011226,Families with dependent children: Total,104,75,66,61,5,9,8,1,29,3,26
S01011226,Families with dependent children: Youngest aged 0 to 4,36,25,21,20,1,4,4,0,11,0,11
S01011226,Families with dependent children: Youngest aged 5 to 11,35,25,21,18,3,4,4,0,10,2,8
S01011226,Families with dependent children: Youngest aged 12 to 18,33,25,24,23,1,1,0,1,8,1,7
S01011227,All families in households,181,130,102,99,3,28,26,2,51,5,46
S01011227,Families with no dependent children,114,98,79,78,1,19,19,0,16,2,14
S01011227,Families with dependent children: Total,67,32,23,21,2,9,7,2,35,3,32
S01011227,Families with dependent children: Youngest aged 0 to 4,20,9,6,6,0,3,3,0,11,0,11
S01011227,Families with dependent children: Youngest aged 5 to 11,25,11,7,6,1,4,3,1,14,2,12
S01011227,Families with dependent children: Youngest aged 12 to 18,22,12,10,9,1,2,1,1,10,1,9
S01011228,All families in households,198,145,109,105,4,36,33,3,53,5,48
S01011228,Families with no dependent children,120,104,76,75,1,28,28,0,16,1,15
S01011228,Families with dependent children: Total,78,41,33,30,3,8,5,3,37,4,33
S01011228,Families with dependent children: Youngest aged 0 to 4,25,13,10,10,0,3,2,1,12,0,12
S01011228,Families with dependent children: Youngest aged 5 to 11,29,12,10,9,1,2,2,0,17,2,15
S01011228,Families with dependent children: Youngest aged 12 to 18,24,16,13,11,2,3,1,2,8,2,6
S01011229,All families in households,145,86,62,59,3,24,23,1,59,9,50
S01011229,Families with no dependent children,78,61,49,48,1,12,12,0,17,3,14
S01011229,Families with dependent children: Total,67,25,13,11,2,12,11,1,42,6,36
S01011229,Families with dependent children: Youngest aged 0 to 4,33,10,3,3,0,7,7,0,23,1,22
S01011229,Families with dependent children: Youngest aged 5 to 11,17,7,3,2,1,4,3,1,10,4,6
S01011229,Families with dependent children: Youngest aged 12 to 18,17,8,7,6,1,1,1,0,9,1,8
S01011230,All families in households,209,114,69,63,6,45,42,3,95,7,88
S01011230,Families with no dependent children,109,76,50,48,2,26,25,1,33,5,28
S01011230,Families with dependent children: Total,100,38,19,15,4,19,17,2,62,2,60
S01011230,Families with dependent children: Youngest aged 0 to 4,52,18,7,4,3,11,9,2,34,1,33
S01011230,Families with dependent children: Youngest aged 5 to 11,28,9,5,4,1,4,4,0,19,1,18
S01011230,Families with dependent children: Youngest aged 12 to 18,20,11,7,7,0,4,4,0,9,0,9
S01011231,All families in households,184,124,94,89,5,30,26,4,60,2,58
S01011231,Families with no dependent children,109,83,65,63,2,18,17,1,26,2,24
S01011231,Families with dependent children: Total,75,41,29,26,3,12,9,3,34,0,34
S01011231,Families with dependent children: Youngest aged 0 to 4,26,15,10,10,0,5,4,1,11,0,11
S01011231,Families with dependent children: Youngest aged 5 to 11,28,15,13,10,3,2,2,0,13,0,13
S01011231,Families with dependent children: Youngest aged 12 to 18,21,11,6,6,0,5,3,2,10,0,10
S01011232,All families in households,231,193,128,128,0,65,63,2,38,5,33
S01011232,Families with no dependent children,155,145,96,96,0,49,49,0,10,1,9
S01011232,Families with dependent children: Total,76,48,32,32,0,16,14,2,28,4,24
S01011232,Families with dependent children: Youngest aged 0 to 4,28,19,7,7,0,12,11,1,9,0,9
S01011232,Families with dependent children: Youngest aged 5 to 11,19,9,7,7,0,2,2,0,10,1,9
S01011232,Families with dependent children: Youngest aged 12 to 18,29,20,18,18,0,2,1,1,9,3,6
S01011233,All families in households,109,83,76,74,2,7,5,2,26,3,23
S01011233,Families with no dependent children,60,55,50,50,0,5,4,1,5,1,4
S01011233,Families with dependent children: Total,49,28,26,24,2,2,1,1,21,2,19
S01011233,Families with dependent children: Youngest aged 0 to 4,16,9,8,8,0,1,1,0,7,0,7
S01011233,Families with dependent children: Youngest aged 5 to 11,14,7,6,6,0,1,0,1,7,1,6
S01011233,Families with dependent children: Youngest aged 12 to 18,19,12,12,10,2,0,0,0,7,1,6
S01011234,All families in households,291,182,130,121,9,52,43,9,109,14,95
S01011234,Families with no dependent children,123,102,83,77,6,19,18,1,21,5,16
S01011234,Families with dependent children: Total,168,80,47,44,3,33,25,8,88,9,79
S01011234,Families with dependent children: Youngest aged 0 to 4,66,35,21,20,1,14,9,5,31,3,28
S01011234,Families with dependent children: Youngest aged 5 to 11,46,20,8,8,0,12,10,2,26,1,25
S01011234,Families with dependent children: Youngest aged 12 to 18,56,25,18,16,2,7,6,1,31,5,26
S01011235,All families in households,104,65,48,46,2,17,17,0,39,4,35
S01011235,Families with no dependent children,53,45,33,33,0,12,12,0,8,2,6
S01011235,Families with dependent children: Total,51,20,15,13,2,5,5,0,31,2,29
S01011235,Families with dependent children: Youngest aged 0 to 4,20,6,2,1,1,4,4,0,14,1,13
S01011235,Families with dependent children: Youngest aged 5 to 11,13,5,4,4,0,1,1,0,8,0,8
S01011235,Families with dependent children: Youngest aged 12 to 18,18,9,9,8,1,0,0,0,9,1,8
S01011236,All families in households,154,111,89,82,7,22,20,2,43,5,38
S01011236,Families with no dependent children,96,80,66,65,1,14,13,1,16,4,12
S01011236,Families with dependent children: Total,58,31,23,17,6,8,7,1,27,1,26
S01011236,Families with dependent children: Youngest aged 0 to 4,15,10,6,4,2,4,4,0,5,0,5
S01011236,Families with dependent children: Youngest aged 5 to 11,27,11,9,7,2,2,1,1,16,0,16
S01011236,Families with dependent children: Youngest aged 12 to 18,16,10,8,6,2,2,2,0,6,1,5
S01011237,All families in households,228,138,100,94,6,38,26,12,90,11,79
S01011237,Families with no dependent children,110,78,63,62,1,15,13,2,32,7,25
S01011237,Families with dependent children: Total,118,60,37,32,5,23,13,10,58,4,54
S01011237,Families with dependent children: Youngest aged 0 to 4,31,19,8,7,1,11,6,5,12,0,12
S01011237,Families with dependent children: Youngest aged 5 to 11,39,20,13,12,1,7,5,2,19,1,18
S01011237,Families with dependent children: Youngest aged 12 to 18,48,21,16,13,3,5,2,3,27,3,24
S01011238,All families in households,168,96,63,59,4,33,27,6,72,7,65
S01011238,Families with no dependent children,73,53,42,42,0,11,10,1,20,5,15
S01011238,Families with dependent children: Total,95,43,21,17,4,22,17,5,52,2,50
S01011238,Families with dependent children: Youngest aged 0 to 4,37,22,7,5,2,15,14,1,15,0,15
S01011238,Families with dependent children: Youngest aged 5 to 11,29,15,12,10,2,3,2,1,14,2,12
S01011238,Families with dependent children: Youngest aged 12 to 18,29,6,2,2,0,4,1,3,23,0,23
S01011239,All families in households,155,119,82,80,2,37,33,4,36,5,31
S01011239,Families with no dependent children,95,81,60,59,1,21,21,0,14,1,13
S01011239,Families with dependent children: Total,60,38,22,21,1,16,12,4,22,4,18
S01011239,Families with dependent children: Youngest aged 0 to 4,27,20,6,6,0,14,10,4,7,0,7
S01011239,Families with dependent children: Youngest aged 5 to 11,17,6,5,4,1,1,1,0,11,2,9
S01011239,Families with dependent children: Youngest aged 12 to 18,16,12,11,11,0,1,1,0,4,2,2
S01011240,All families in households,129,100,65,64,1,35,31,4,29,6,23
S01011240,Families with no dependent children,85,75,53,53,0,22,21,1,10,5,5
S01011240,Families with dependent children: Total,44,25,12,11,1,13,10,3,19,1,18
S01011240,Families with dependent children: Youngest aged 0 to 4,18,13,5,4,1,8,7,1,5,1,4
S01011240,Families with dependent children: Youngest aged 5 to 11,14,5,2,2,0,3,2,1,9,0,9
S01011240,Families with dependent children: Youngest aged 12 to 18,12,7,5,5,0,2,1,1,5,0,5
S01011241,All families in households,253,202,178,170,8,24,20,4,51,7,44
S01011241,Families with no dependent children,169,150,132,128,4,18,17,1,19,4,15
S01011241,Families with dependent children: Total,84,52,46,42,4,6,3,3,32,3,29
S01011241,Families with dependent children: Youngest aged 0 to 4,29,19,14,13,1,5,3,2,10,0,10
S01011241,Families with dependent children: Youngest aged 5 to 11,29,16,15,13,2,1,0,1,13,0,13
S01011241,Families with dependent children: Youngest aged 12 to 18,26,17,17,16,1,0,0,0,9,3,6
S01011242,All families in households,209,166,140,132,8,26,23,3,43,1,42
S01011242,Families with no dependent children,132,116,101,95,6,15,15,0,16,1,15
S01011242,Families with dependent children: Total,77,50,39,37,2,11,8,3,27,0,27
S01011242,Families with dependent children: Youngest aged 0 to 4,27,19,11,10,1,8,6,2,8,0,8
S01011242,Families with dependent children: Youngest aged 5 to 11,22,12,11,10,1,1,1,0,10,0,10
S01011242,Families with dependent children: Youngest aged 12 to 18,28,19,17,17,0,2,1,1,9,0,9
S01011243,All families in households,204,121,81,76,5,40,36,4,83,16,67
S01011243,Families with no dependent children,112,96,66,65,1,30,30,0,16,6,10
S01011243,Families with dependent children: Total,92,25,15,11,4,10,6,4,67,10,57
S01011243,Families with dependent children: Youngest aged 0 to 4,36,9,4,4,0,5,4,1,27,1,26
S01011243,Families with dependent children: Youngest aged 5 to 11,36,11,7,4,3,4,2,2,25,4,21
S01011243,Families with dependent children: Youngest aged 12 to 18,20,5,4,3,1,1,0,1,15,5,10
S01011244,All families in households,154,100,64,61,3,36,33,3,54,8,46
S01011244,Families with no dependent children,88,70,50,50,0,20,19,1,18,5,13
S01011244,Families with dependent children: Total,66,30,14,11,3,16,14,2,36,3,33
S01011244,Families with dependent children: Youngest aged 0 to 4,27,16,3,3,0,13,12,1,11,0,11
S01011244,Families with dependent children: Youngest aged 5 to 11,28,10,8,6,2,2,1,1,18,1,17
S01011244,Families with dependent children: Youngest aged 12 to 18,11,4,3,2,1,1,1,0,7,2,5
S01011245,All families in households,241,162,130,125,5,32,24,8,79,9,70
S01011245,Families with no dependent children,147,120,106,104,2,14,12,2,27,6,21
S01011245,Families with dependent children: Total,94,42,24,21,3,18,12,6,52,3,49
S01011245,Families with dependent children: Youngest aged 0 to 4,37,19,8,7,1,11,9,2,18,0,18
S01011245,Families with dependent children: Youngest aged 5 to 11,28,9,6,5,1,3,2,1,19,1,18
S01011245,Families with dependent children: Youngest aged 12 to 18,29,14,10,9,1,4,1,3,15,2,13
S01011246,All families in households,263,222,182,180,2,40,35,5,41,4,37
S01011246,Families with no dependent children,185,167,145,144,1,22,21,1,18,0,18
S01011246,Families with dependent children: Total,78,55,37,36,1,18,14,4,23,4,19
S01011246,Families with dependent children: Youngest aged 0 to 4,33,28,16,16,0,12,11,1,5,1,4
S01011246,Families with dependent children: Youngest aged 5 to 11,22,17,13,12,1,4,3,1,5,0,5
S01011246,Families with dependent children: Youngest aged 12 to 18,23,10,8,8,0,2,0,2,13,3,10
S01011247,All families in households,264,231,210,203,7,21,18,3,33,6,27
S01011247,Families with no dependent children,197,176,163,157,6,13,11,2,21,5,16
S01011247,Families with dependent children: Total,67,55,47,46,1,8,7,1,12,1,11
S01011247,Families with dependent children: Youngest aged 0 to 4,19,17,11,11,0,6,5,1,2,0,2
S01011247,Families with dependent children: Youngest aged 5 to 11,23,18,17,16,1,1,1,0,5,1,4
S01011247,Families with dependent children: Youngest aged 12 to 18,25,20,19,19,0,1,1,0,5,0,5
S01011248,All families in households,231,195,170,157,13,25,22,3,36,5,31
S01011248,Families with no dependent children,150,133,124,121,3,9,8,1,17,3,14
S01011248,Families with dependent children: Total,81,62,46,36,10,16,14,2,19,2,17
S01011248,Families with dependent children: Youngest aged 0 to 4,31,25,17,14,3,8,8,0,6,1,5
S01011248,Families with dependent children: Youngest aged 5 to 11,23,18,13,11,2,5,4,1,5,0,5
S01011248,Families with dependent children: Youngest aged 12 to 18,27,19,16,11,5,3,2,1,8,1,7
S01011249,All families in households,221,200,181,171,10,19,14,5,21,2,19
S01011249,Families with no dependent children,136,127,118,115,3,9,7,2,9,0,9
S01011249,Families with dependent children: Total,85,73,63,56,7,10,7,3,12,2,10
S01011249,Families with dependent children: Youngest aged 0 to 4,22,18,11,9,2,7,5,2,4,0,4
S01011249,Families with dependent children: Youngest aged 5 to 11,30,27,24,23,1,3,2,1,3,1,2
S01011249,Families with dependent children: Youngest aged 12 to 18,33,28,28,24,4,0,0,0,5,1,4
S01011250,All families in households,325,189,121,111,10,68,56,12,136,12,124
S01011250,Families with no dependent children,137,101,76,72,4,25,25,0,36,4,32
S01011250,Families with dependent children: Total,188,88,45,39,6,43,31,12,100,8,92
S01011250,Families with dependent children: Youngest aged 0 to 4,75,36,12,12,0,24,18,6,39,3,36
S01011250,Families with dependent children: Youngest aged 5 to 11,65,32,17,14,3,15,9,6,33,3,30
S01011250,Families with dependent children: Youngest aged 12 to 18,48,20,16,13,3,4,4,0,28,2,26
S01011251,All families in households,272,180,145,132,13,35,31,4,92,8,84
S01011251,Families with no dependent children,144,116,95,93,2,21,21,0,28,5,23
S01011251,Families with dependent children: Total,128,64,50,39,11,14,10,4,64,3,61
S01011251,Families with dependent children: Youngest aged 0 to 4,45,24,17,16,1,7,6,1,21,0,21
S01011251,Families with dependent children: Youngest aged 5 to 11,42,19,14,8,6,5,2,3,23,0,23
S01011251,Families with dependent children: Youngest aged 12 to 18,41,21,19,15,4,2,2,0,20,3,17
S01011252,All families in households,254,147,105,100,5,42,35,7,107,11,96
S01011252,Families with no dependent children,110,83,70,70,0,13,12,1,27,3,24
S01011252,Families with dependent children: Total,144,64,35,30,5,29,23,6,80,8,72
S01011252,Families with dependent children: Youngest aged 0 to 4,57,31,13,12,1,18,15,3,26,0,26
S01011252,Families with dependent children: Youngest aged 5 to 11,42,11,6,4,2,5,4,1,31,4,27
S01011252,Families with dependent children: Youngest aged 12 to 18,45,22,16,14,2,6,4,2,23,4,19
S01011253,All families in households,230,144,111,98,13,33,23,10,86,9,77
S01011253,Families with no dependent children,108,78,67,62,5,11,11,0,30,7,23
S01011253,Families with dependent children: Total,122,66,44,36,8,22,12,10,56,2,54
S01011253,Families with dependent children: Youngest aged 0 to 4,42,24,13,13,0,11,9,2,18,0,18
S01011253,Families with dependent children: Youngest aged 5 to 11,36,18,14,10,4,4,1,3,18,0,18
S01011253,Families with dependent children: Youngest aged 12 to 18,44,24,17,13,4,7,2,5,20,2,18
S01011254,All families in households,309,276,246,234,12,30,24,6,33,7,26
S01011254,Families with no dependent children,185,175,154,149,5,21,19,2,10,3,7
S01011254,Families with dependent children: Total,124,101,92,85,7,9,5,4,23,4,19
S01011254,Families with dependent children: Youngest aged 0 to 4,38,30,26,25,1,4,3,1,8,1,7
S01011254,Families with dependent children: Youngest aged 5 to 11,31,24,24,24,0,0,0,0,7,2,5
S01011254,Families with dependent children: Youngest aged 12 to 18,55,47,42,36,6,5,2,3,8,1,7
S01011255,All families in households,233,217,195,184,11,22,16,6,16,1,15
S01011255,Families with no dependent children,99,94,81,78,3,13,11,2,5,1,4
S01011255,Families with dependent children: Total,134,123,114,106,8,9,5,4,11,0,11
S01011255,Families with dependent children: Youngest aged 0 to 4,55,49,44,43,1,5,4,1,6,0,6
S01011255,Families with dependent children: Youngest aged 5 to 11,45,44,42,40,2,2,1,1,1,0,1
S01011255,Families with dependent children: Youngest aged 12 to 18,34,30,28,23,5,2,0,2,4,0,4
S01011256,All families in households,145,126,103,94,9,23,20,3,19,3,16
S01011256,Families with no dependent children,48,44,32,30,2,12,12,0,4,2,2
S01011256,Families with dependent children: Total,97,82,71,64,7,11,8,3,15,1,14
S01011256,Families with dependent children: Youngest aged 0 to 4,35,32,30,26,4,2,2,0,3,0,3
S01011256,Families with dependent children: Youngest aged 5 to 11,48,36,29,28,1,7,5,2,12,1,11
S01011256,Families with dependent children: Youngest aged 12 to 18,14,14,12,10,2,2,1,1,0,0,0
S01011257,All families in households,135,128,120,117,3,8,7,1,7,1,6
S01011257,Families with no dependent children,108,102,99,98,1,3,2,1,6,1,5
S01011257,Families with dependent children: Total,27,26,21,19,2,5,5,0,1,0,1
S01011257,Families with dependent children: Youngest aged 0 to 4,8,8,5,3,2,3,3,0,0,0,0
S01011257,Families with dependent children: Youngest aged 5 to 11,10,9,7,7,0,2,2,0,1,0,1
S01011257,Families with dependent children: Youngest aged 12 to 18,9,9,9,9,0,0,0,0,0,0,0
S01011258,All families in households,180,145,135,132,3,10,7,3,35,5,30
S01011258,Families with no dependent children,104,92,87,86,1,5,4,1,12,2,10
S01011258,Families with dependent children: Total,76,53,48,46,2,5,3,2,23,3,20
S01011258,Families with dependent children: Youngest aged 0 to 4,16,13,11,11,0,2,2,0,3,0,3
S01011258,Families with dependent children: Youngest aged 5 to 11,22,13,12,10,2,1,1,0,9,0,9
S01011258,Families with dependent children: Youngest aged 12 to 18,38,27,25,25,0,2,0,2,11,3,8
S01011259,All families in households,220,176,140,136,4,36,29,7,44,5,39
S01011259,Families with no dependent children,148,130,110,108,2,20,18,2,18,3,15
S01011259,Families with dependent children: Total,72,46,30,28,2,16,11,5,26,2,24
S01011259,Families with dependent children: Youngest aged 0 to 4,24,16,7,7,0,9,9,0,8,0,8
S01011259,Families with dependent children: Youngest aged 5 to 11,29,18,13,13,0,5,2,3,11,0,11
S01011259,Families with dependent children: Youngest aged 12 to 18,19,12,10,8,2,2,0,2,7,2,5
S01011260,All families in households,221,192,174,166,8,18,12,6,29,6,23
S01011260,Families with no dependent children,146,133,122,119,3,11,8,3,13,5,8
S01011260,Families with dependent children: Total,75,59,52,47,5,7,4,3,16,1,15
S01011260,Families with dependent children: Youngest aged 0 to 4,18,16,13,10,3,3,3,0,2,1,1
S01011260,Families with dependent children: Youngest aged 5 to 11,26,19,15,15,0,4,1,3,7,0,7
S01011260,Families with dependent children: Youngest aged 12 to 18,31,24,24,22,2,0,0,0,7,0,7
S01011261,All families in households,233,136,102,91,11,34,26,8,97,14,83
S01011261,Families with no dependent children,126,89,70,66,4,19,16,3,37,10,27
S01011261,Families with dependent children: Total,107,47,32,25,7,15,10,5,60,4,56
S01011261,Families with dependent children: Youngest aged 0 to 4,44,21,13,10,3,8,5,3,23,1,22
S01011261,Families with dependent children: Youngest aged 5 to 11,30,11,7,5,2,4,2,2,19,0,19
S01011261,Families with dependent children: Youngest aged 12 to 18,33,15,12,10,2,3,3,0,18,3,15
S01011262,All families in households,147,99,78,77,1,21,15,6,48,1,47
S01011262,Families with no dependent children,88,67,56,56,0,11,9,2,21,1,20
S01011262,Families with dependent children: Total,59,32,22,21,1,10,6,4,27,0,27
S01011262,Families with dependent children: Youngest aged 0 to 4,21,14,8,7,1,6,5,1,7,0,7
S01011262,Families with dependent children: Youngest aged 5 to 11,19,8,5,5,0,3,1,2,11,0,11
S01011262,Families with dependent children: Youngest aged 12 to 18,19,10,9,9,0,1,0,1,9,0,9
S01011263,All families in households,323,243,184,168,16,59,46,13,80,6,74
S01011263,Families with no dependent children,144,123,99,99,0,24,22,2,21,3,18
S01011263,Families with dependent children: Total,179,120,85,69,16,35,24,11,59,3,56
S01011263,Families with dependent children: Youngest aged 0 to 4,77,59,37,32,5,22,18,4,18,1,17
S01011263,Families with dependent children: Youngest aged 5 to 11,54,28,23,18,5,5,4,1,26,1,25
S01011263,Families with dependent children: Youngest aged 12 to 18,48,33,25,19,6,8,2,6,15,1,14
S01011264,All families in households,198,134,107,96,11,27,22,5,64,4,60
S01011264,Families with no dependent children,99,78,68,65,3,10,9,1,21,2,19
S01011264,Families with dependent children: Total,99,56,39,31,8,17,13,4,43,2,41
S01011264,Families with dependent children: Youngest aged 0 to 4,47,25,13,11,2,12,9,3,22,0,22
S01011264,Families with dependent children: Youngest aged 5 to 11,37,23,18,12,6,5,4,1,14,0,14
S01011264,Families with dependent children: Youngest aged 12 to 18,15,8,8,8,0,0,0,0,7,2,5
S01011265,All families in households,316,172,117,102,15,55,48,7,144,13,131
S01011265,Families with no dependent children,122,89,68,61,7,21,20,1,33,6,27
S01011265,Families with dependent children: Total,194,83,49,41,8,34,28,6,111,7,104
S01011265,Families with dependent children: Youngest aged 0 to 4,80,40,15,13,2,25,23,2,40,1,39
S01011265,Families with dependent children: Youngest aged 5 to 11,61,22,18,16,2,4,2,2,39,4,35
S01011265,Families with dependent children: Youngest aged 12 to 18,53,21,16,12,4,5,3,2,32,2,30
S01011266,All families in households,277,213,181,169,12,32,27,5,64,9,55
S01011266,Families with no dependent children,173,149,130,125,5,19,16,3,24,8,16
S01011266,Families with dependent children: Total,104,64,51,44,7,13,11,2,40,1,39
S01011266,Families with dependent children: Youngest aged 0 to 4,36,22,17,14,3,5,5,0,14,0,14
S01011266,Families with dependent children: Youngest aged 5 to 11,40,25,19,16,3,6,5,1,15,0,15
S01011266,Families with dependent children: Youngest aged 12 to 18,28,17,15,14,1,2,1,1,11,1,10
S01011267,All families in households,184,153,140,135,5,13,10,3,31,4,27
S01011267,Families with no dependent children,125,111,105,104,1,6,6,0,14,3,11
S01011267,Families with dependent children: Total,59,42,35,31,4,7,4,3,17,1,16
S01011267,Families with dependent children: Youngest aged 0 to 4,18,14,10,8,2,4,4,0,4,0,4
S01011267,Families with dependent children: Youngest aged 5 to 11,24,15,14,13,1,1,0,1,9,0,9
S01011267,Families with dependent children: Youngest aged 12 to 18,17,13,11,10,1,2,0,2,4,1,3
S01011268,All families in households,114,100,90,87,3,10,10,0,14,3,11
S01011268,Families with no dependent children,83,77,69,68,1,8,8,0,6,1,5
S01011268,Families with dependent children: Total,31,23,21,19,2,2,2,0,8,2,6
S01011268,Families with dependent children: Youngest aged 0 to 4,9,7,5,3,2,2,2,0,2,0,2
S01011268,Families with dependent children: Youngest aged 5 to 11,13,10,10,10,0,0,0,0,3,1,2
S01011268,Families with dependent children: Youngest aged 12 to 18,9,6,6,6,0,0,0,0,3,1,2
S01011269,All families in households,145,111,91,86,5,20,15,5,34,0,34
S01011269,Families with no dependent children,93,82,72,70,2,10,9,1,11,0,11
S01011269,Families with dependent children: Total,52,29,19,16,3,10,6,4,23,0,23
S01011269,Families with dependent children: Youngest aged 0 to 4,22,11,7,6,1,4,3,1,11,0,11
S01011269,Families with dependent children: Youngest aged 5 to 11,17,9,6,6,0,3,3,0,8,0,8
S01011269,Families with dependent children: Youngest aged 12 to 18,13,9,6,4,2,3,0,3,4,0,4
S01011270,All families in households,189,133,88,81,7,45,38,7,56,7,49
S01011270,Families with no dependent children,105,93,68,65,3,25,24,1,12,3,9
S01011270,Families with dependent children: Total,84,40,20,16,4,20,14,6,44,4,40
S01011270,Families with dependent children: Youngest aged 0 to 4,31,16,5,4,1,11,10,1,15,0,15
S01011270,Families with dependent children: Youngest aged 5 to 11,24,13,6,5,1,7,3,4,11,1,10
S01011270,Families with dependent children: Youngest aged 12 to 18,29,11,9,7,2,2,1,1,18,3,15
S01011271,All families in households,233,183,155,150,5,28,22,6,50,4,46
S01011271,Families with no dependent children,160,135,120,119,1,15,13,2,25,4,21
S01011271,Families with dependent children: Total,73,48,35,31,4,13,9,4,25,0,25
S01011271,Families with dependent children: Youngest aged 0 to 4,27,17,9,9,0,8,6,2,10,0,10
S01011271,Families with dependent children: Youngest aged 5 to 11,24,16,12,11,1,4,2,2,8,0,8
S01011271,Families with dependent children: Youngest aged 12 to 18,22,15,14,11,3,1,1,0,7,0,7
S01011272,All families in households,207,137,99,92,7,38,34,4,70,11,59
S01011272,Families with no dependent children,123,102,75,73,2,27,26,1,21,3,18
S01011272,Families with dependent children: Total,84,35,24,19,5,11,8,3,49,8,41
S01011272,Families with dependent children: Youngest aged 0 to 4,31,11,5,4,1,6,6,0,20,3,17
S01011272,Families with dependent children: Youngest aged 5 to 11,28,12,8,6,2,4,1,3,16,1,15
S01011272,Families with dependent children: Youngest aged 12 to 18,25,12,11,9,2,1,1,0,13,4,9
S01011273,All families in households,268,162,127,112,15,35,25,10,106,9,97
S01011273,Families with no dependent children,112,90,77,76,1,13,12,1,22,6,16
S01011273,Families with dependent children: Total,156,72,50,36,14,22,13,9,84,3,81
S01011273,Families with dependent children: Youngest aged 0 to 4,52,29,18,14,4,11,8,3,23,1,22
S01011273,Families with dependent children: Youngest aged 5 to 11,53,20,14,11,3,6,3,3,33,1,32
S01011273,Families with dependent children: Youngest aged 12 to 18,51,23,18,11,7,5,2,3,28,1,27
S01011274,All families in households,254,162,108,102,6,54,40,14,92,10,82
S01011274,Families with no dependent children,111,88,64,63,1,24,21,3,23,4,19
S01011274,Families with dependent children: Total,143,74,44,39,5,30,19,11,69,6,63
S01011274,Families with dependent children: Youngest aged 0 to 4,71,38,20,16,4,18,13,5,33,0,33
S01011274,Families with dependent children: Youngest aged 5 to 11,35,13,8,8,0,5,2,3,22,4,18
S01011274,Families with dependent children: Youngest aged 12 to 18,37,23,16,15,1,7,4,3,14,2,12
S01011275,All families in households,212,133,90,84,6,43,32,11,79,4,75
S01011275,Families with no dependent children,98,79,62,61,1,17,15,2,19,1,18
S01011275,Families with dependent children: Total,114,54,28,23,5,26,17,9,60,3,57
S01011275,Families with dependent children: Youngest aged 0 to 4,46,22,8,8,0,14,11,3,24,1,23
S01011275,Families with dependent children: Youngest aged 5 to 11,43,21,12,10,2,9,5,4,22,1,21
S01011275,Families with dependent children: Youngest aged 12 to 18,25,11,8,5,3,3,1,2,14,1,13
S01011276,All families in households,292,205,169,159,10,36,28,8,87,10,77
S01011276,Families with no dependent children,155,127,115,111,4,12,10,2,28,6,22
S01011276,Families with dependent children: Total,137,78,54,48,6,24,18,6,59,4,55
S01011276,Families with dependent children: Youngest aged 0 to 4,48,29,13,11,2,16,13,3,19,3,16
S01011276,Families with dependent children: Youngest aged 5 to 11,50,25,19,18,1,6,3,3,25,1,24
S01011276,Families with dependent children: Youngest aged 12 to 18,39,24,22,19,3,2,2,0,15,0,15
S01011277,All families in households,215,190,162,156,6,28,26,2,25,1,24
S01011277,Families with no dependent children,149,140,124,120,4,16,16,0,9,0,9
S01011277,Families with dependent children: Total,66,50,38,36,2,12,10,2,16,1,15
S01011277,Families with dependent children: Youngest aged 0 to 4,20,16,10,9,1,6,6,0,4,1,3
S01011277,Families with dependent children: Youngest aged 5 to 11,23,19,15,14,1,4,4,0,4,0,4
S01011277,Families with dependent children: Youngest aged 12 to 18,23,15,13,13,0,2,0,2,8,0,8
S01011278,All families in households,157,138,115,110,5,23,19,4,19,3,16
S01011278,Families with no dependent children,100,96,81,81,0,15,14,1,4,3,1
S01011278,Families with dependent children: Total,57,42,34,29,5,8,5,3,15,0,15
S01011278,Families with dependent children: Youngest aged 0 to 4,19,14,12,11,1,2,2,0,5,0,5
S01011278,Families with dependent children: Youngest aged 5 to 11,26,18,13,10,3,5,3,2,8,0,8
S01011278,Families with dependent children: Youngest aged 12 to 18,12,10,9,8,1,1,0,1,2,0,2
S01011279,All families in households,213,178,149,146,3,29,24,5,35,6,29
S01011279,Families with no dependent children,146,133,113,112,1,20,17,3,13,5,8
S01011279,Families with dependent children: Total,67,45,36,34,2,9,7,2,22,1,21
S01011279,Families with dependent children: Youngest aged 0 to 4,29,17,11,11,0,6,6,0,12,1,11
S01011279,Families with dependent children: Youngest aged 5 to 11,18,12,10,9,1,2,0,2,6,0,6
S01011279,Families with dependent children: Youngest aged 12 to 18,20,16,15,14,1,1,1,0,4,0,4
S01011280,All families in households,202,188,176,171,5,12,7,5,14,4,10
S01011280,Families with no dependent children,146,141,137,136,1,4,4,0,5,2,3
S01011280,Families with dependent children: Total,56,47,39,35,4,8,3,5,9,2,7
S01011280,Families with dependent children: Youngest aged 0 to 4,10,10,8,8,0,2,2,0,0,0,0
S01011280,Families with dependent children: Youngest aged 5 to 11,19,15,14,12,2,1,0,1,4,0,4
S01011280,Families with dependent children: Youngest aged 12 to 18,27,22,17,15,2,5,1,4,5,2,3
S01011281,All families in households,196,172,157,145,12,15,13,2,24,2,22
S01011281,Families with no dependent children,102,95,88,86,2,7,7,0,7,1,6
S01011281,Families with dependent children: Total,94,77,69,59,10,8,6,2,17,1,16
S01011281,Families with dependent children: Youngest aged 0 to 4,29,22,18,13,5,4,3,1,7,0,7
S01011281,Families with dependent children: Youngest aged 5 to 11,24,17,14,14,0,3,3,0,7,1,6
S01011281,Families with dependent children: Youngest aged 12 to 18,41,38,37,32,5,1,0,1,3,0,3
S01011282,All families in households,276,248,217,205,12,31,25,6,28,4,24
S01011282,Families with no dependent children,130,123,106,103,3,17,15,2,7,1,6
S01011282,Families with dependent children: Total,146,125,111,102,9,14,10,4,21,3,18
S01011282,Families with dependent children: Youngest aged 0 to 4,48,41,37,36,1,4,4,0,7,0,7
S01011282,Families with dependent children: Youngest aged 5 to 11,57,51,41,39,2,10,6,4,6,0,6
S01011282,Families with dependent children: Youngest aged 12 to 18,41,33,33,27,6,0,0,0,8,3,5
S01011283,All families in households,226,214,183,172,11,31,26,5,12,0,12
S01011283,Families with no dependent children,100,97,83,80,3,14,14,0,3,0,3
S01011283,Families with dependent children: Total,126,117,100,92,8,17,12,5,9,0,9
S01011283,Families with dependent children: Youngest aged 0 to 4,48,47,36,33,3,11,9,2,1,0,1
S01011283,Families with dependent children: Youngest aged 5 to 11,37,33,30,28,2,3,2,1,4,0,4
S01011283,Families with dependent children: Youngest aged 12 to 18,41,37,34,31,3,3,1,2,4,0,4
S01011284,All families in households,179,167,153,148,5,14,12,2,12,1,11
S01011284,Families with no dependent children,63,61,52,51,1,9,8,1,2,0,2
S01011284,Families with dependent children: Total,116,106,101,97,4,5,4,1,10,1,9
S01011284,Families with dependent children: Youngest aged 0 to 4,47,46,42,40,2,4,4,0,1,0,1
S01011284,Families with dependent children: Youngest aged 5 to 11,49,41,40,39,1,1,0,1,8,1,7
S01011284,Families with dependent children: Youngest aged 12 to 18,20,19,19,18,1,0,0,0,1,0,1
S01011285,All families in households,216,143,101,92,9,42,34,8,73,6,67
S01011285,Families with no dependent children,111,87,67,66,1,20,20,0,24,4,20
S01011285,Families with dependent children: Total,105,56,34,26,8,22,14,8,49,2,47
S01011285,Families with dependent children: Youngest aged 0 to 4,43,22,8,8,0,14,10,4,21,0,21
S01011285,Families with dependent children: Youngest aged 5 to 11,44,25,17,12,5,8,4,4,19,0,19
S01011285,Families with dependent children: Youngest aged 12 to 18,18,9,9,6,3,0,0,0,9,2,7
S01011286,All families in households,205,134,106,94,12,28,22,6,71,12,59
S01011286,Families with no dependent children,96,79,63,60,3,16,13,3,17,5,12
S01011286,Families with dependent children: Total,109,55,43,34,9,12,9,3,54,7,47
S01011286,Families with dependent children: Youngest aged 0 to 4,42,22,15,10,5,7,6,1,20,0,20
S01011286,Families with dependent children: Youngest aged 5 to 11,41,22,19,18,1,3,3,0,19,1,18
S01011286,Families with dependent children: Youngest aged 12 to 18,26,11,9,6,3,2,0,2,15,6,9
S01011287,All families in households,246,157,129,123,6,28,18,10,89,9,80
S01011287,Families with no dependent children,121,97,87,85,2,10,8,2,24,4,20
S01011287,Families with dependent children: Total,125,60,42,38,4,18,10,8,65,5,60
S01011287,Families with dependent children: Youngest aged 0 to 4,46,22,15,12,3,7,5,2,24,1,23
S01011287,Families with dependent children: Youngest aged 5 to 11,34,20,13,12,1,7,5,2,14,1,13
S01011287,Families with dependent children: Youngest aged 12 to 18,45,18,14,14,0,4,0,4,27,3,24
S01011288,All families in households,233,158,127,116,11,31,22,9,75,2,73
S01011288,Families with no dependent children,120,102,90,87,3,12,10,2,18,1,17
S01011288,Families with dependent children: Total,113,56,37,29,8,19,12,7,57,1,56
S01011288,Families with dependent children: Youngest aged 0 to 4,46,25,14,11,3,11,8,3,21,0,21
S01011288,Families with dependent children: Youngest aged 5 to 11,32,16,12,8,4,4,2,2,16,0,16
S01011288,Families with dependent children: Youngest aged 12 to 18,35,15,11,10,1,4,2,2,20,1,19
S01011289,All families in households,271,193,162,156,6,31,22,9,78,6,72
S01011289,Families with no dependent children,139,117,108,107,1,9,9,0,22,3,19
S01011289,Families with dependent children: Total,132,76,54,49,5,22,13,9,56,3,53
S01011289,Families with dependent children: Youngest aged 0 to 4,59,36,23,20,3,13,10,3,23,2,21
S01011289,Families with dependent children: Youngest aged 5 to 11,29,14,10,10,0,4,1,3,15,0,15
S01011289,Families with dependent children: Youngest aged 12 to 18,44,26,21,19,2,5,2,3,18,1,17
S01011290,All families in households,310,227,174,161,13,53,47,6,83,9,74
S01011290,Families with no dependent children,190,164,134,128,6,30,28,2,26,2,24
S01011290,Families with dependent children: Total,120,63,40,33,7,23,19,4,57,7,50
S01011290,Families with dependent children: Youngest aged 0 to 4,52,25,12,11,1,13,11,2,27,3,24
S01011290,Families with dependent children: Youngest aged 5 to 11,36,21,13,11,2,8,6,2,15,4,11
S01011290,Families with dependent children: Youngest aged 12 to 18,32,17,15,11,4,2,2,0,15,0,15
S01011291,All families in households,241,178,130,124,6,48,37,11,63,11,52
S01011291,Families with no dependent children,138,120,100,99,1,20,20,0,18,6,12
S01011291,Families with dependent children: Total,103,58,30,25,5,28,17,11,45,5,40
S01011291,Families with dependent children: Youngest aged 0 to 4,43,22,8,6,2,14,12,2,21,0,21
S01011291,Families with dependent children: Youngest aged 5 to 11,33,19,8,6,2,11,4,7,14,3,11
S01011291,Families with dependent children: Youngest aged 12 to 18,27,17,14,13,1,3,1,2,10,2,8
S01011292,All families in households,192,122,88,83,5,34,25,9,70,7,63
S01011292,Families with no dependent children,106,83,65,64,1,18,16,2,23,7,16
S01011292,Families with dependent children: Total,86,39,23,19,4,16,9,7,47,0,47
S01011292,Families with dependent children: Youngest aged 0 to 4,32,15,8,8,0,7,4,3,17,0,17
S01011292,Families with dependent children: Youngest aged 5 to 11,26,13,8,6,2,5,3,2,13,0,13
S01011292,Families with dependent children: Youngest aged 12 to 18,28,11,7,5,2,4,2,2,17,0,17
S01011293,All families in households,216,157,121,111,10,36,29,7,59,3,56
S01011293,Families with no dependent children,109,101,83,80,3,18,17,1,8,0,8
S01011293,Families with dependent children: Total,107,56,38,31,7,18,12,6,51,3,48
S01011293,Families with dependent children: Youngest aged 0 to 4,34,20,10,7,3,10,8,2,14,2,12
S01011293,Families with dependent children: Youngest aged 5 to 11,36,19,15,13,2,4,2,2,17,0,17
S01011293,Families with dependent children: Youngest aged 12 to 18,37,17,13,11,2,4,2,2,20,1,19
S01011294,All families in households,212,154,125,123,2,29,27,2,58,3,55
S01011294,Families with no dependent children,134,119,101,100,1,18,18,0,15,1,14
S01011294,Families with dependent children: Total,78,35,24,23,1,11,9,2,43,2,41
S01011294,Families with dependent children: Youngest aged 0 to 4,40,17,11,11,0,6,6,0,23,1,22
S01011294,Families with dependent children: Youngest aged 5 to 11,19,8,6,6,0,2,2,0,11,0,11
S01011294,Families with dependent children: Youngest aged 12 to 18,19,10,7,6,1,3,1,2,9,1,8
S01011295,All families in households,304,264,228,218,10,36,29,7,40,6,34
S01011295,Families with no dependent children,201,185,164,163,1,21,19,2,16,6,10
S01011295,Families with dependent children: Total,103,79,64,55,9,15,10,5,24,0,24
S01011295,Families with dependent children: Youngest aged 0 to 4,42,33,24,22,2,9,9,0,9,0,9
S01011295,Families with dependent children: Youngest aged 5 to 11,29,19,16,11,5,3,1,2,10,0,10
S01011295,Families with dependent children: Youngest aged 12 to 18,32,27,24,22,2,3,0,3,5,0,5
S01011296,All families in households,166,137,117,114,3,20,16,4,29,4,25
S01011296,Families with no dependent children,112,102,88,86,2,14,12,2,10,2,8
S01011296,Families with dependent children: Total,54,35,29,28,1,6,4,2,19,2,17
S01011296,Families with dependent children: Youngest aged 0 to 4,17,13,9,9,0,4,4,0,4,0,4
S01011296,Families with dependent children: Youngest aged 5 to 11,16,8,8,8,0,0,0,0,8,1,7
S01011296,Families with dependent children: Youngest aged 12 to 18,21,14,12,11,1,2,0,2,7,1,6
S01011297,All families in households,248,170,125,108,17,45,35,10,78,4,74
S01011297,Families with no dependent children,121,102,80,74,6,22,16,6,19,0,19
S01011297,Families with dependent children: Total,127,68,45,34,11,23,19,4,59,4,55
S01011297,Families with dependent children: Youngest aged 0 to 4,42,31,14,10,4,17,15,2,11,1,10
S01011297,Families with dependent children: Youngest aged 5 to 11,36,15,12,11,1,3,2,1,21,1,20
S01011297,Families with dependent children: Youngest aged 12 to 18,49,22,19,13,6,3,2,1,27,2,25
S01011298,All families in households,187,121,96,85,11,25,17,8,66,3,63
S01011298,Families with no dependent children,85,63,54,52,2,9,7,2,22,2,20
S01011298,Families with dependent children: Total,102,58,42,33,9,16,10,6,44,1,43
S01011298,Families with dependent children: Youngest aged 0 to 4,38,21,13,8,5,8,5,3,17,0,17
S01011298,Families with dependent children: Youngest aged 5 to 11,31,17,14,13,1,3,2,1,14,1,13
S01011298,Families with dependent children: Youngest aged 12 to 18,33,20,15,12,3,5,3,2,13,0,13
S01011299,All families in households,152,138,124,118,6,14,11,3,14,1,13
S01011299,Families with no dependent children,105,93,85,82,3,8,7,1,12,1,11
S01011299,Families with dependent children: Total,47,45,39,36,3,6,4,2,2,0,2
S01011299,Families with dependent children: Youngest aged 0 to 4,21,20,16,16,0,4,3,1,1,0,1
S01011299,Families with dependent children: Youngest aged 5 to 11,10,10,8,7,1,2,1,1,0,0,0
S01011299,Families with dependent children: Youngest aged 12 to 18,16,15,15,13,2,0,0,0,1,0,1
S01011300,All families in households,281,201,156,151,5,45,32,13,80,7,73
S01011300,Families with no dependent children,158,134,115,113,2,19,17,2,24,2,22
S01011300,Families with dependent children: Total,123,67,41,38,3,26,15,11,56,5,51
S01011300,Families with dependent children: Youngest aged 0 to 4,44,21,10,9,1,11,8,3,23,0,23
S01011300,Families with dependent children: Youngest aged 5 to 11,43,22,15,14,1,7,6,1,21,2,19
S01011300,Families with dependent children: Youngest aged 12 to 18,36,24,16,15,1,8,1,7,12,3,9
S01011301,All families in households,222,195,173,165,8,22,20,2,27,8,19
S01011301,Families with no dependent children,151,139,123,118,5,16,16,0,12,5,7
S01011301,Families with dependent children: Total,71,56,50,47,3,6,4,2,15,3,12
S01011301,Families with dependent children: Youngest aged 0 to 4,20,17,12,12,0,5,3,2,3,0,3
S01011301,Families with dependent children: Youngest aged 5 to 11,27,21,21,20,1,0,0,0,6,0,6
S01011301,Families with dependent children: Youngest aged 12 to 18,24,18,17,15,2,1,1,0,6,3,3
S01011302,All families in households,212,159,124,119,5,35,31,4,53,6,47
S01011302,Families with no dependent children,140,113,94,94,0,19,18,1,27,3,24
S01011302,Families with dependent children: Total,72,46,30,25,5,16,13,3,26,3,23
S01011302,Families with dependent children: Youngest aged 0 to 4,24,17,6,5,1,11,9,2,7,0,7
S01011302,Families with dependent children: Youngest aged 5 to 11,30,16,13,12,1,3,3,0,14,0,14
S01011302,Families with dependent children: Youngest aged 12 to 18,18,13,11,8,3,2,1,1,5,3,2
S01011303,All families in households,310,278,246,234,12,32,27,5,32,6,26
S01011303,Families with no dependent children,187,174,155,153,2,19,18,1,13,4,9
S01011303,Families with dependent children: Total,123,104,91,81,10,13,9,4,19,2,17
S01011303,Families with dependent children: Youngest aged 0 to 4,34,31,24,19,5,7,7,0,3,0,3
S01011303,Families with dependent children: Youngest aged 5 to 11,50,40,37,33,4,3,1,2,10,1,9
S01011303,Families with dependent children: Youngest aged 12 to 18,39,33,30,29,1,3,1,2,6,1,5
S01011304,All families in households,208,131,101,95,6,30,26,4,77,17,60
S01011304,Families with no dependent children,108,85,70,67,3,15,13,2,23,6,17
S01011304,Families with dependent children: Total,100,46,31,28,3,15,13,2,54,11,43
S01011304,Families with dependent children: Youngest aged 0 to 4,37,20,11,10,1,9,9,0,17,1,16
S01011304,Families with dependent children: Youngest aged 5 to 11,35,15,9,7,2,6,4,2,20,3,17
S01011304,Families with dependent children: Youngest aged 12 to 18,28,11,11,11,0,0,0,0,17,7,10
S01011305,All families in households,256,183,148,140,8,35,29,6,73,13,60
S01011305,Families with no dependent children,131,105,82,81,1,23,21,2,26,5,21
S01011305,Families with dependent children: Total,125,78,66,59,7,12,8,4,47,8,39
S01011305,Families with dependent children: Youngest aged 0 to 4,47,32,26,24,2,6,5,1,15,3,12
S01011305,Families with dependent children: Youngest aged 5 to 11,43,26,22,22,0,4,2,2,17,4,13
S01011305,Families with dependent children: Youngest aged 12 to 18,35,20,18,13,5,2,1,1,15,1,14
S01011306,All families in households,193,136,109,107,2,27,24,3,57,3,54
S01011306,Families with no dependent children,114,101,88,88,0,13,12,1,13,0,13
S01011306,Families with dependent children: Total,79,35,21,19,2,14,12,2,44,3,41
S01011306,Families with dependent children: Youngest aged 0 to 4,30,15,6,5,1,9,8,1,15,0,15
S01011306,Families with dependent children: Youngest aged 5 to 11,24,7,5,5,0,2,2,0,17,0,17
S01011306,Families with dependent children: Youngest aged 12 to 18,25,13,10,9,1,3,2,1,12,3,9
S01011307,All families in households,144,133,119,116,3,14,12,2,11,4,7
S01011307,Families with no dependent children,92,88,79,79,0,9,9,0,4,3,1
S01011307,Families with dependent children: Total,52,45,40,37,3,5,3,2,7,1,6
S01011307,Families with dependent children: Youngest aged 0 to 4,19,16,14,14,0,2,2,0,3,0,3
S01011307,Families with dependent children: Youngest aged 5 to 11,17,15,14,12,2,1,1,0,2,0,2
S01011307,Families with dependent children: Youngest aged 12 to 18,16,14,12,11,1,2,0,2,2,1,1
S01011308,All families in households,137,125,113,104,9,12,11,1,12,6,6
S01011308,Families with no dependent children,93,86,77,74,3,9,9,0,7,4,3
S01011308,Families with dependent children: Total,44,39,36,30,6,3,2,1,5,2,3
S01011308,Families with dependent children: Youngest aged 0 to 4,7,6,4,3,1,2,1,1,1,0,1
S01011308,Families with dependent children: Youngest aged 5 to 11,17,15,14,12,2,1,1,0,2,1,1
S01011308,Families with dependent children: Youngest aged 12 to 18,20,18,18,15,3,0,0,0,2,1,1
S01011309,All families in households,230,215,199,194,5,16,13,3,15,1,14
S01011309,Families with no dependent children,165,161,156,155,1,5,5,0,4,0,4
S01011309,Families with dependent children: Total,65,54,43,39,4,11,8,3,11,1,10
S01011309,Families with dependent children: Youngest aged 0 to 4,13,12,9,9,0,3,3,0,1,0,1
S01011309,Families with dependent children: Youngest aged 5 to 11,32,28,22,18,4,6,3,3,4,0,4
S01011309,Families with dependent children: Youngest aged 12 to 18,20,14,12,12,0,2,2,0,6,1,5
S01011310,All families in households,210,171,140,134,6,31,25,6,39,7,32
S01011310,Families with no dependent children,136,123,105,104,1,18,17,1,13,5,8
S01011310,Families with dependent children: Total,74,48,35,30,5,13,8,5,26,2,24
S01011310,Families with dependent children: Youngest aged 0 to 4,20,18,10,9,1,8,5,3,2,0,2
S01011310,Families with dependent children: Youngest aged 5 to 11,32,20,18,15,3,2,2,0,12,2,10
S01011310,Families with dependent children: Youngest aged 12 to 18,22,10,7,6,1,3,1,2,12,0,12
S01011311,All families in households,225,210,191,188,3,19,18,1,15,4,11
S01011311,Families with no dependent children,170,163,150,149,1,13,13,0,7,3,4
S01011311,Families with dependent children: Total,55,47,41,39,2,6,5,1,8,1,7
S01011311,Families with dependent children: Youngest aged 0 to 4,24,22,19,18,1,3,3,0,2,0,2
S01011311,Families with dependent children: Youngest aged 5 to 11,14,10,8,8,0,2,2,0,4,1,3
S01011311,Families with dependent children: Youngest aged 12 to 18,17,15,14,13,1,1,0,1,2,0,2
S01011312,All families in households,369,348,324,321,3,24,18,6,21,5,16
S01011312,Families with no dependent children,268,258,246,246,0,12,12,0,10,3,7
S01011312,Families with dependent children: Total,101,90,78,75,3,12,6,6,11,2,9
S01011312,Families with dependent children: Youngest aged 0 to 4,32,30,27,27,0,3,2,1,2,0,2
S01011312,Families with dependent children: Youngest aged 5 to 11,37,33,27,25,2,6,2,4,4,1,3
S01011312,Families with dependent children: Youngest aged 12 to 18,32,27,24,23,1,3,2,1,5,1,4
S01011313,All families in households,201,171,145,140,5,26,21,5,30,5,25
S01011313,Families with no dependent children,121,111,101,101,0,10,9,1,10,3,7
S01011313,Families with dependent children: Total,80,60,44,39,5,16,12,4,20,2,18
S01011313,Families with dependent children: Youngest aged 0 to 4,21,19,10,10,0,9,8,1,2,0,2
S01011313,Families with dependent children: Youngest aged 5 to 11,33,26,20,18,2,6,3,3,7,0,7
S01011313,Families with dependent children: Youngest aged 12 to 18,26,15,14,11,3,1,1,0,11,2,9
S01011314,All families in households,325,281,246,230,16,35,32,3,44,9,35
S01011314,Families with no dependent children,186,173,153,147,6,20,20,0,13,3,10
S01011314,Families with dependent children: Total,139,108,93,83,10,15,12,3,31,6,25
S01011314,Families with dependent children: Youngest aged 0 to 4,51,42,30,30,0,12,11,1,9,0,9
S01011314,Families with dependent children: Youngest aged 5 to 11,42,37,35,30,5,2,1,1,5,0,5
S01011314,Families with dependent children: Youngest aged 12 to 18,46,29,28,23,5,1,0,1,17,6,11
S01011315,All families in households,129,99,71,61,10,28,23,5,30,5,25
S01011315,Families with no dependent children,72,58,45,44,1,13,13,0,14,3,11
S01011315,Families with dependent children: Total,57,41,26,17,9,15,10,5,16,2,14
S01011315,Families with dependent children: Youngest aged 0 to 4,27,21,10,8,2,11,7,4,6,0,6
S01011315,Families with dependent children: Youngest aged 5 to 11,17,12,9,6,3,3,3,0,5,1,4
S01011315,Families with dependent children: Youngest aged 12 to 18,13,8,7,3,4,1,0,1,5,1,4
S01011316,All families in households,230,156,134,129,5,22,19,3,74,9,65
S01011316,Families with no dependent children,118,101,94,93,1,7,7,0,17,4,13
S01011316,Families with dependent children: Total,112,55,40,36,4,15,12,3,57,5,52
S01011316,Families with dependent children: Youngest aged 0 to 4,48,31,22,20,2,9,8,1,17,1,16
S01011316,Families with dependent children: Youngest aged 5 to 11,30,12,8,6,2,4,3,1,18,1,17
S01011316,Families with dependent children: Youngest aged 12 to 18,34,12,10,10,0,2,1,1,22,3,19
S01011317,All families in households,227,215,201,193,8,14,12,2,12,0,12
S01011317,Families with no dependent children,168,165,158,153,5,7,7,0,3,0,3
S01011317,Families with dependent children: Total,59,50,43,40,3,7,5,2,9,0,9
S01011317,Families with dependent children: Youngest aged 0 to 4,12,10,9,7,2,1,1,0,2,0,2
S01011317,Families with dependent children: Youngest aged 5 to 11,28,26,21,21,0,5,4,1,2,0,2
S01011317,Families with dependent children: Youngest aged 12 to 18,19,14,13,12,1,1,0,1,5,0,5
S01011318,All families in households,263,232,201,199,2,31,24,7,31,1,30
S01011318,Families with no dependent children,199,186,167,166,1,19,17,2,13,1,12
S01011318,Families with dependent children: Total,64,46,34,33,1,12,7,5,18,0,18
S01011318,Families with dependent children: Youngest aged 0 to 4,21,14,10,10,0,4,2,2,7,0,7
S01011318,Families with dependent children: Youngest aged 5 to 11,19,16,12,11,1,4,2,2,3,0,3
S01011318,Families with dependent children: Youngest aged 12 to 18,24,16,12,12,0,4,3,1,8,0,8
S01011319,All families in households,262,248,231,227,4,17,9,8,14,3,11
S01011319,Families with no dependent children,187,180,169,165,4,11,8,3,7,2,5
S01011319,Families with dependent children: Total,75,68,62,62,0,6,1,5,7,1,6
S01011319,Families with dependent children: Youngest aged 0 to 4,15,13,12,12,0,1,0,1,2,0,2
S01011319,Families with dependent children: Youngest aged 5 to 11,28,26,23,23,0,3,1,2,2,0,2
S01011319,Families with dependent children: Youngest aged 12 to 18,32,29,27,27,0,2,0,2,3,1,2
S01011320,All families in households,128,109,94,89,5,15,13,2,19,1,18
S01011320,Families with no dependent children,83,71,62,61,1,9,9,0,12,1,11
S01011320,Families with dependent children: Total,45,38,32,28,4,6,4,2,7,0,7
S01011320,Families with dependent children: Youngest aged 0 to 4,12,11,8,7,1,3,3,0,1,0,1
S01011320,Families with dependent children: Youngest aged 5 to 11,9,8,7,6,1,1,0,1,1,0,1
S01011320,Families with dependent children: Youngest aged 12 to 18,24,19,17,15,2,2,1,1,5,0,5
S01011321,All families in households,184,153,127,120,7,26,22,4,31,1,30
S01011321,Families with no dependent children,104,96,80,78,2,16,15,1,8,0,8
S01011321,Families with dependent children: Total,80,57,47,42,5,10,7,3,23,1,22
S01011321,Families with dependent children: Youngest aged 0 to 4,23,18,13,11,2,5,4,1,5,0,5
S01011321,Families with dependent children: Youngest aged 5 to 11,30,20,16,14,2,4,2,2,10,0,10
S01011321,Families with dependent children: Youngest aged 12 to 18,27,19,18,17,1,1,1,0,8,1,7
S01011322,All families in households,185,152,135,128,7,17,16,1,33,3,30
S01011322,Families with no dependent children,93,78,69,67,2,9,8,1,15,2,13
S01011322,Families with dependent children: Total,92,74,66,61,5,8,8,0,18,1,17
S01011322,Families with dependent children: Youngest aged 0 to 4,36,27,21,21,0,6,6,0,9,0,9
S01011322,Families with dependent children: Youngest aged 5 to 11,27,24,23,20,3,1,1,0,3,0,3
S01011322,Families with dependent children: Youngest aged 12 to 18,29,23,22,20,2,1,1,0,6,1,5
S01011323,All families in households,277,197,159,147,12,38,29,9,80,12,68
S01011323,Families with no dependent children,134,102,84,81,3,18,14,4,32,7,25
S01011323,Families with dependent children: Total,143,95,75,66,9,20,15,5,48,5,43
S01011323,Families with dependent children: Youngest aged 0 to 4,56,41,30,25,5,11,10,1,15,0,15
S01011323,Families with dependent children: Youngest aged 5 to 11,51,29,25,24,1,4,2,2,22,2,20
S01011323,Families with dependent children: Youngest aged 12 to 18,36,25,20,17,3,5,3,2,11,3,8
S01011324,All families in households,127,105,82,74,8,23,21,2,22,2,20
S01011324,Families with no dependent children,81,71,53,51,2,18,18,0,10,1,9
S01011324,Families with dependent children: Total,46,34,29,23,6,5,3,2,12,1,11
S01011324,Families with dependent children: Youngest aged 0 to 4,19,15,11,9,2,4,2,2,4,1,3
S01011324,Families with dependent children: Youngest aged 5 to 11,13,10,10,8,2,0,0,0,3,0,3
S01011324,Families with dependent children: Youngest aged 12 to 18,14,9,8,6,2,1,1,0,5,0,5
S01011325,All families in households,173,115,76,74,2,39,30,9,58,5,53
S01011325,Families with no dependent children,106,87,63,62,1,24,22,2,19,1,18
S01011325,Families with dependent children: Total,67,28,13,12,1,15,8,7,39,4,35
S01011325,Families with dependent children: Youngest aged 0 to 4,19,14,7,6,1,7,5,2,5,1,4
S01011325,Families with dependent children: Youngest aged 5 to 11,25,8,3,3,0,5,2,3,17,0,17
S01011325,Families with dependent children: Youngest aged 12 to 18,23,6,3,3,0,3,1,2,17,3,14
S01011326,All families in households,165,113,82,81,1,31,28,3,52,9,43
S01011326,Families with no dependent children,112,92,73,73,0,19,19,0,20,5,15
S01011326,Families with dependent children: Total,53,21,9,8,1,12,9,3,32,4,28
S01011326,Families with dependent children: Youngest aged 0 to 4,28,14,3,3,0,11,9,2,14,0,14
S01011326,Families with dependent children: Youngest aged 5 to 11,11,3,3,2,1,0,0,0,8,1,7
S01011326,Families with dependent children: Youngest aged 12 to 18,14,4,3,3,0,1,0,1,10,3,7
S01011327,All families in households,183,156,130,129,1,26,22,4,27,5,22
S01011327,Families with no dependent children,147,133,112,112,0,21,20,1,14,4,10
S01011327,Families with dependent children: Total,36,23,18,17,1,5,2,3,13,1,12
S01011327,Families with dependent children: Youngest aged 0 to 4,11,8,6,6,0,2,2,0,3,0,3
S01011327,Families with dependent children: Youngest aged 5 to 11,13,7,7,6,1,0,0,0,6,1,5
S01011327,Families with dependent children: Youngest aged 12 to 18,12,8,5,5,0,3,0,3,4,0,4
S01011328,All families in households,202,179,152,148,4,27,24,3,23,2,21
S01011328,Families with no dependent children,136,131,119,119,0,12,12,0,5,2,3
S01011328,Families with dependent children: Total,66,48,33,29,4,15,12,3,18,0,18
S01011328,Families with dependent children: Youngest aged 0 to 4,21,17,7,7,0,10,8,2,4,0,4
S01011328,Families with dependent children: Youngest aged 5 to 11,26,19,17,15,2,2,2,0,7,0,7
S01011328,Families with dependent children: Youngest aged 12 to 18,19,12,9,7,2,3,2,1,7,0,7
S01011329,All families in households,259,207,191,190,1,16,14,2,52,7,45
S01011329,Families with no dependent children,178,162,150,150,0,12,11,1,16,2,14
S01011329,Families with dependent children: Total,81,45,41,40,1,4,3,1,36,5,31
S01011329,Families with dependent children: Youngest aged 0 to 4,28,16,14,13,1,2,2,0,12,0,12
S01011329,Families with dependent children: Youngest aged 5 to 11,27,13,11,11,0,2,1,1,14,3,11
S01011329,Families with dependent children: Youngest aged 12 to 18,26,16,16,16,0,0,0,0,10,2,8
S01011330,All families in households,233,209,187,177,10,22,20,2,24,5,19
S01011330,Families with no dependent children,148,136,127,125,2,9,9,0,12,3,9
S01011330,Families with dependent children: Total,85,73,60,52,8,13,11,2,12,2,10
S01011330,Families with dependent children: Youngest aged 0 to 4,27,26,19,17,2,7,6,1,1,0,1
S01011330,Families with dependent children: Youngest aged 5 to 11,33,27,22,19,3,5,4,1,6,1,5
S01011330,Families with dependent children: Youngest aged 12 to 18,25,20,19,16,3,1,1,0,5,1,4
S01011331,All families in households,246,231,213,208,5,18,14,4,15,2,13
S01011331,Families with no dependent children,175,168,157,156,1,11,9,2,7,1,6
S01011331,Families with dependent children: Total,71,63,56,52,4,7,5,2,8,1,7
S01011331,Families with dependent children: Youngest aged 0 to 4,30,30,26,26,0,4,4,0,0,0,0
S01011331,Families with dependent children: Youngest aged 5 to 11,20,15,13,11,2,2,1,1,5,0,5
S01011331,Families with dependent children: Youngest aged 12 to 18,21,18,17,15,2,1,0,1,3,1,2
S01011332,All families in households,303,281,252,245,7,29,25,4,22,7,15
S01011332,Families with no dependent children,226,218,193,191,2,25,23,2,8,1,7
S01011332,Families with dependent children: Total,77,63,59,54,5,4,2,2,14,6,8
S01011332,Families with dependent children: Youngest aged 0 to 4,21,20,18,18,0,2,2,0,1,0,1
S01011332,Families with dependent children: Youngest aged 5 to 11,29,21,19,15,4,2,0,2,8,2,6
S01011332,Families with dependent children: Youngest aged 12 to 18,27,22,22,21,1,0,0,0,5,4,1
S01011333,All families in households,224,217,206,204,2,11,9,2,7,2,5
S01011333,Families with no dependent children,185,181,173,173,0,8,7,1,4,1,3
S01011333,Families with dependent children: Total,39,36,33,31,2,3,2,1,3,1,2
S01011333,Families with dependent children: Youngest aged 0 to 4,7,7,5,5,0,2,2,0,0,0,0
S01011333,Families with dependent children: Youngest aged 5 to 11,11,11,10,8,2,1,0,1,0,0,0
S01011333,Families with dependent children: Youngest aged 12 to 18,21,18,18,18,0,0,0,0,3,1,2
S01011334,All families in households,223,200,167,159,8,33,28,5,23,3,20
S01011334,Families with no dependent children,152,141,118,116,2,23,21,2,11,2,9
S01011334,Families with dependent children: Total,71,59,49,43,6,10,7,3,12,1,11
S01011334,Families with dependent children: Youngest aged 0 to 4,29,25,17,13,4,8,6,2,4,0,4
S01011334,Families with dependent children: Youngest aged 5 to 11,26,24,22,21,1,2,1,1,2,0,2
S01011334,Families with dependent children: Youngest aged 12 to 18,16,10,10,9,1,0,0,0,6,1,5
S01011335,All families in households,313,289,265,261,4,24,21,3,24,3,21
S01011335,Families with no dependent children,231,221,200,198,2,21,19,2,10,2,8
S01011335,Families with dependent children: Total,82,68,65,63,2,3,2,1,14,1,13
S01011335,Families with dependent children: Youngest aged 0 to 4,22,21,18,18,0,3,2,1,1,0,1
S01011335,Families with dependent children: Youngest aged 5 to 11,27,21,21,21,0,0,0,0,6,0,6
S01011335,Families with dependent children: Youngest aged 12 to 18,33,26,26,24,2,0,0,0,7,1,6
S01011336,All families in households,181,138,102,94,8,36,26,10,43,6,37
S01011336,Families with no dependent children,91,75,62,61,1,13,12,1,16,5,11
S01011336,Families with dependent children: Total,90,63,40,33,7,23,14,9,27,1,26
S01011336,Families with dependent children: Youngest aged 0 to 4,37,31,20,18,2,11,6,5,6,0,6
S01011336,Families with dependent children: Youngest aged 5 to 11,26,12,7,6,1,5,4,1,14,0,14
S01011336,Families with dependent children: Youngest aged 12 to 18,27,20,13,9,4,7,4,3,7,1,6
S01011337,All families in households,235,223,201,196,5,22,20,2,12,5,7
S01011337,Families with no dependent children,178,172,154,152,2,18,17,1,6,3,3
S01011337,Families with dependent children: Total,57,51,47,44,3,4,3,1,6,2,4
S01011337,Families with dependent children: Youngest aged 0 to 4,11,10,9,9,0,1,1,0,1,0,1
S01011337,Families with dependent children: Youngest aged 5 to 11,22,21,18,17,1,3,2,1,1,0,1
S01011337,Families with dependent children: Youngest aged 12 to 18,24,20,20,18,2,0,0,0,4,2,2
S01011338,All families in households,210,163,128,124,4,35,27,8,47,7,40
S01011338,Families with no dependent children,110,103,87,86,1,16,15,1,7,1,6
S01011338,Families with dependent children: Total,100,60,41,38,3,19,12,7,40,6,34
S01011338,Families with dependent children: Youngest aged 0 to 4,33,25,16,14,2,9,6,3,8,0,8
S01011338,Families with dependent children: Youngest aged 5 to 11,42,20,14,13,1,6,3,3,22,4,18
S01011338,Families with dependent children: Youngest aged 12 to 18,25,15,11,11,0,4,3,1,10,2,8
S01011339,All families in households,164,112,87,79,8,25,17,8,52,2,50
S01011339,Families with no dependent children,81,68,57,54,3,11,9,2,13,2,11
S01011339,Families with dependent children: Total,83,44,30,25,5,14,8,6,39,0,39
S01011339,Families with dependent children: Youngest aged 0 to 4,24,14,8,7,1,6,3,3,10,0,10
S01011339,Families with dependent children: Youngest aged 5 to 11,26,14,8,7,1,6,4,2,12,0,12
S01011339,Families with dependent children: Youngest aged 12 to 18,33,16,14,11,3,2,1,1,17,0,17
S01011340,All families in households,198,138,110,101,9,28,20,8,60,5,55
S01011340,Families with no dependent children,113,87,78,75,3,9,8,1,26,5,21
S01011340,Families with dependent children: Total,85,51,32,26,6,19,12,7,34,0,34
S01011340,Families with dependent children: Youngest aged 0 to 4,34,21,12,10,2,9,7,2,13,0,13
S01011340,Families with dependent children: Youngest aged 5 to 11,24,12,6,6,0,6,3,3,12,0,12
S01011340,Families with dependent children: Youngest aged 12 to 18,27,18,14,10,4,4,2,2,9,0,9
S01011341,All families in households,198,147,109,100,9,38,34,4,51,5,46
S01011341,Families with no dependent children,101,87,68,65,3,19,18,1,14,4,10
S01011341,Families with dependent children: Total,97,60,41,35,6,19,16,3,37,1,36
S01011341,Families with dependent children: Youngest aged 0 to 4,41,25,12,10,2,13,13,0,16,0,16
S01011341,Families with dependent children: Youngest aged 5 to 11,30,16,12,9,3,4,3,1,14,1,13
S01011341,Families with dependent children: Youngest aged 12 to 18,26,19,17,16,1,2,0,2,7,0,7
S01011342,All families in households,205,177,147,136,11,30,27,3,28,4,24
S01011342,Families with no dependent children,126,119,99,96,3,20,20,0,7,1,6
S01011342,Families with dependent children: Total,79,58,48,40,8,10,7,3,21,3,18
S01011342,Families with dependent children: Youngest aged 0 to 4,33,23,17,13,4,6,5,1,10,0,10
S01011342,Families with dependent children: Youngest aged 5 to 11,25,16,14,13,1,2,1,1,9,2,7
S01011342,Families with dependent children: Youngest aged 12 to 18,21,19,17,14,3,2,1,1,2,1,1
S01011343,All families in households,222,162,115,106,9,47,44,3,60,7,53
S01011343,Families with no dependent children,133,112,87,84,3,25,22,3,21,5,16
S01011343,Families with dependent children: Total,89,50,28,22,6,22,22,0,39,2,37
S01011343,Families with dependent children: Youngest aged 0 to 4,34,21,8,6,2,13,13,0,13,0,13
S01011343,Families with dependent children: Youngest aged 5 to 11,26,16,9,7,2,7,7,0,10,1,9
S01011343,Families with dependent children: Youngest aged 12 to 18,29,13,11,9,2,2,2,0,16,1,15
S01011344,All families in households,276,179,140,132,8,39,31,8,97,19,78
S01011344,Families with no dependent children,148,118,101,99,2,17,16,1,30,6,24
S01011344,Families with dependent children: Total,128,61,39,33,6,22,15,7,67,13,54
S01011344,Families with dependent children: Youngest aged 0 to 4,45,19,11,11,0,8,7,1,26,2,24
S01011344,Families with dependent children: Youngest aged 5 to 11,51,28,18,14,4,10,7,3,23,2,21
S01011344,Families with dependent children: Youngest aged 12 to 18,32,14,10,8,2,4,1,3,18,9,9
S01011345,All families in households,234,129,88,81,7,41,31,10,105,7,98
S01011345,Families with no dependent children,104,75,60,60,0,15,12,3,29,4,25
S01011345,Families with dependent children: Total,130,54,28,21,7,26,19,7,76,3,73
S01011345,Families with dependent children: Youngest aged 0 to 4,53,25,9,7,2,16,12,4,28,0,28
S01011345,Families with dependent children: Youngest aged 5 to 11,40,14,11,9,2,3,2,1,26,1,25
S01011345,Families with dependent children: Youngest aged 12 to 18,37,15,8,5,3,7,5,2,22,2,20
S01011346,All families in households,215,160,131,127,4,29,27,2,55,5,50
S01011346,Families with no dependent children,132,112,95,92,3,17,17,0,20,5,15
S01011346,Families with dependent children: Total,83,48,36,35,1,12,10,2,35,0,35
S01011346,Families with dependent children: Youngest aged 0 to 4,29,20,14,14,0,6,5,1,9,0,9
S01011346,Families with dependent children: Youngest aged 5 to 11,36,17,13,13,0,4,4,0,19,0,19
S01011346,Families with dependent children: Youngest aged 12 to 18,18,11,9,8,1,2,1,1,7,0,7
S01011347,All families in households,283,230,188,183,5,42,35,7,53,14,39
S01011347,Families with no dependent children,174,155,130,130,0,25,25,0,19,11,8
S01011347,Families with dependent children: Total,109,75,58,53,5,17,10,7,34,3,31
S01011347,Families with dependent children: Youngest aged 0 to 4,30,20,14,11,3,6,6,0,10,0,10
S01011347,Families with dependent children: Youngest aged 5 to 11,45,34,26,25,1,8,2,6,11,1,10
S01011347,Families with dependent children: Youngest aged 12 to 18,34,21,18,17,1,3,2,1,13,2,11
S01011348,All families in households,268,204,153,141,12,51,43,8,64,3,61
S01011348,Families with no dependent children,145,127,102,95,7,25,24,1,18,3,15
S01011348,Families with dependent children: Total,123,77,51,46,5,26,19,7,46,0,46
S01011348,Families with dependent children: Youngest aged 0 to 4,51,35,21,17,4,14,11,3,16,0,16
S01011348,Families with dependent children: Youngest aged 5 to 11,37,23,12,12,0,11,8,3,14,0,14
S01011348,Families with dependent children: Youngest aged 12 to 18,35,19,18,17,1,1,0,1,16,0,16
S01011349,All families in households,275,248,205,199,6,43,37,6,27,6,21
S01011349,Families with no dependent children,142,130,106,105,1,24,22,2,12,5,7
S01011349,Families with dependent children: Total,133,118,99,94,5,19,15,4,15,1,14
S01011349,Families with dependent children: Youngest aged 0 to 4,40,36,24,23,1,12,10,2,4,0,4
S01011349,Families with dependent children: Youngest aged 5 to 11,48,40,35,33,2,5,4,1,8,1,7
S01011349,Families with dependent children: Youngest aged 12 to 18,45,42,40,38,2,2,1,1,3,0,3
S01011350,All families in households,212,193,174,171,3,19,17,2,19,2,17
S01011350,Families with no dependent children,140,129,123,122,1,6,5,1,11,1,10
S01011350,Families with dependent children: Total,72,64,51,49,2,13,12,1,8,1,7
S01011350,Families with dependent children: Youngest aged 0 to 4,26,22,14,13,1,8,8,0,4,0,4
S01011350,Families with dependent children: Youngest aged 5 to 11,24,21,16,15,1,5,4,1,3,1,2
S01011350,Families with dependent children: Youngest aged 12 to 18,22,21,21,21,0,0,0,0,1,0,1
S01011351,All families in households,197,139,111,103,8,28,23,5,58,9,49
S01011351,Families with no dependent children,109,86,76,74,2,10,10,0,23,4,19
S01011351,Families with dependent children: Total,88,53,35,29,6,18,13,5,35,5,30
S01011351,Families with dependent children: Youngest aged 0 to 4,35,21,13,10,3,8,7,1,14,2,12
S01011351,Families with dependent children: Youngest aged 5 to 11,31,18,9,7,2,9,6,3,13,2,11
S01011351,Families with dependent children: Youngest aged 12 to 18,22,14,13,12,1,1,0,1,8,1,7
S01011352,All families in households,177,139,98,93,5,41,38,3,38,4,34
S01011352,Families with no dependent children,110,95,70,67,3,25,25,0,15,3,12
S01011352,Families with dependent children: Total,67,44,28,26,2,16,13,3,23,1,22
S01011352,Families with dependent children: Youngest aged 0 to 4,31,25,16,15,1,9,8,1,6,0,6
S01011352,Families with dependent children: Youngest aged 5 to 11,21,12,7,7,0,5,4,1,9,0,9
S01011352,Families with dependent children: Youngest aged 12 to 18,15,7,5,4,1,2,1,1,8,1,7
S01011353,All families in households,187,154,123,115,8,31,24,7,33,1,32
S01011353,Families with no dependent children,120,108,95,91,4,13,11,2,12,0,12
S01011353,Families with dependent children: Total,67,46,28,24,4,18,13,5,21,1,20
S01011353,Families with dependent children: Youngest aged 0 to 4,22,13,5,4,1,8,8,0,9,0,9
S01011353,Families with dependent children: Youngest aged 5 to 11,21,14,10,8,2,4,3,1,7,0,7
S01011353,Families with dependent children: Youngest aged 12 to 18,24,19,13,12,1,6,2,4,5,1,4
S01011354,All families in households,234,183,154,148,6,29,21,8,51,7,44
S01011354,Families with no dependent children,146,130,113,110,3,17,15,2,16,3,13
S01011354,Families with dependent children: Total,88,53,41,38,3,12,6,6,35,4,31
S01011354,Families with dependent children: Youngest aged 0 to 4,26,16,9,8,1,7,5,2,10,0,10
S01011354,Families with dependent children: Youngest aged 5 to 11,30,17,14,12,2,3,0,3,13,1,12
S01011354,Families with dependent children: Youngest aged 12 to 18,32,20,18,18,0,2,1,1,12,3,9
S01011355,All families in households,277,230,194,185,9,36,29,7,47,6,41
S01011355,Families with no dependent children,178,153,137,134,3,16,14,2,25,3,22
S01011355,Families with dependent children: Total,99,77,57,51,6,20,15,5,22,3,19
S01011355,Families with dependent children: Youngest aged 0 to 4,29,23,13,10,3,10,9,1,6,1,5
S01011355,Families with dependent children: Youngest aged 5 to 11,31,24,17,17,0,7,4,3,7,0,7
S01011355,Families with dependent children: Youngest aged 12 to 18,39,30,27,24,3,3,2,1,9,2,7
S01011356,All families in households,304,269,229,223,6,40,33,7,35,9,26
S01011356,Families with no dependent children,196,178,154,151,3,24,22,2,18,8,10
S01011356,Families with dependent children: Total,108,91,75,72,3,16,11,5,17,1,16
S01011356,Families with dependent children: Youngest aged 0 to 4,42,34,27,27,0,7,7,0,8,0,8
S01011356,Families with dependent children: Youngest aged 5 to 11,36,31,24,24,0,7,4,3,5,0,5
S01011356,Families with dependent children: Youngest aged 12 to 18,30,26,24,21,3,2,0,2,4,1,3
S01011357,All families in households,263,228,200,196,4,28,21,7,35,4,31
S01011357,Families with no dependent children,164,151,137,136,1,14,14,0,13,2,11
S01011357,Families with dependent children: Total,99,77,63,60,3,14,7,7,22,2,20
S01011357,Families with dependent children: Youngest aged 0 to 4,24,19,10,10,0,9,3,6,5,0,5
S01011357,Families with dependent children: Youngest aged 5 to 11,37,26,22,20,2,4,3,1,11,1,10
S01011357,Families with dependent children: Youngest aged 12 to 18,38,32,31,30,1,1,1,0,6,1,5
S01011358,All families in households,170,145,127,121,6,18,17,1,25,1,24
S01011358,Families with no dependent children,79,72,62,61,1,10,10,0,7,1,6
S01011358,Families with dependent children: Total,91,73,65,60,5,8,7,1,18,0,18
S01011358,Families with dependent children: Youngest aged 0 to 4,21,19,13,12,1,6,6,0,2,0,2
S01011358,Families with dependent children: Youngest aged 5 to 11,27,24,23,22,1,1,1,0,3,0,3
S01011358,Families with dependent children: Youngest aged 12 to 18,43,30,29,26,3,1,0,1,13,0,13
S01011359,All families in households,226,191,162,156,6,29,26,3,35,5,30
S01011359,Families with no dependent children,164,145,125,121,4,20,19,1,19,4,15
S01011359,Families with dependent children: Total,62,46,37,35,2,9,7,2,16,1,15
S01011359,Families with dependent children: Youngest aged 0 to 4,20,15,11,10,1,4,4,0,5,0,5
S01011359,Families with dependent children: Youngest aged 5 to 11,24,16,12,12,0,4,3,1,8,0,8
S01011359,Families with dependent children: Youngest aged 12 to 18,18,15,14,13,1,1,0,1,3,1,2
S01011360,All families in households,215,141,93,84,9,48,36,12,74,6,68
S01011360,Families with no dependent children,92,77,55,53,2,22,21,1,15,3,12
S01011360,Families with dependent children: Total,123,64,38,31,7,26,15,11,59,3,56
S01011360,Families with dependent children: Youngest aged 0 to 4,54,38,23,20,3,15,9,6,16,0,16
S01011360,Families with dependent children: Youngest aged 5 to 11,42,19,9,8,1,10,6,4,23,1,22
S01011360,Families with dependent children: Youngest aged 12 to 18,27,7,6,3,3,1,0,1,20,2,18
S01011361,All families in households,119,77,45,42,3,32,30,2,42,5,37
S01011361,Families with no dependent children,65,51,29,27,2,22,21,1,14,4,10
S01011361,Families with dependent children: Total,54,26,16,15,1,10,9,1,28,1,27
S01011361,Families with dependent children: Youngest aged 0 to 4,32,18,10,9,1,8,8,0,14,0,14
S01011361,Families with dependent children: Youngest aged 5 to 11,11,3,2,2,0,1,1,0,8,1,7
S01011361,Families with dependent children: Youngest aged 12 to 18,11,5,4,4,0,1,0,1,6,0,6
S01011362,All families in households,176,161,133,123,10,28,25,3,15,4,11
S01011362,Families with no dependent children,87,80,65,62,3,15,15,0,7,3,4
S01011362,Families with dependent children: Total,89,81,68,61,7,13,10,3,8,1,7
S01011362,Families with dependent children: Youngest aged 0 to 4,46,42,35,31,4,7,6,1,4,1,3
S01011362,Families with dependent children: Youngest aged 5 to 11,23,22,19,18,1,3,3,0,1,0,1
S01011362,Families with dependent children: Youngest aged 12 to 18,20,17,14,12,2,3,1,2,3,0,3
S01011363,All families in households,242,202,163,159,4,39,37,2,40,5,35
S01011363,Families with no dependent children,151,140,118,117,1,22,21,1,11,2,9
S01011363,Families with dependent children: Total,91,62,45,42,3,17,16,1,29,3,26
S01011363,Families with dependent children: Youngest aged 0 to 4,36,27,16,16,0,11,11,0,9,0,9
S01011363,Families with dependent children: Youngest aged 5 to 11,29,18,14,12,2,4,4,0,11,1,10
S01011363,Families with dependent children: Youngest aged 12 to 18,26,17,15,14,1,2,1,1,9,2,7
S01011364,All families in households,204,175,144,137,7,31,23,8,29,2,27
S01011364,Families with no dependent children,118,107,91,87,4,16,14,2,11,1,10
S01011364,Families with dependent children: Total,86,68,53,50,3,15,9,6,18,1,17
S01011364,Families with dependent children: Youngest aged 0 to 4,39,34,25,23,2,9,6,3,5,0,5
S01011364,Families with dependent children: Youngest aged 5 to 11,25,18,15,15,0,3,1,2,7,0,7
S01011364,Families with dependent children: Youngest aged 12 to 18,22,16,13,12,1,3,2,1,6,1,5
S01011365,All families in households,192,166,139,130,9,27,25,2,26,2,24
S01011365,Families with no dependent children,75,67,53,51,2,14,14,0,8,1,7
S01011365,Families with dependent children: Total,117,99,86,79,7,13,11,2,18,1,17
S01011365,Families with dependent children: Youngest aged 0 to 4,44,39,33,30,3,6,6,0,5,0,5
S01011365,Families with dependent children: Youngest aged 5 to 11,47,38,35,34,1,3,3,0,9,0,9
S01011365,Families with dependent children: Youngest aged 12 to 18,26,22,18,15,3,4,2,2,4,1,3
S01011366,All families in households,133,110,87,82,5,23,20,3,23,6,17
S01011366,Families with no dependent children,96,84,70,69,1,14,13,1,12,6,6
S01011366,Families with dependent children: Total,37,26,17,13,4,9,7,2,11,0,11
S01011366,Families with dependent children: Youngest aged 0 to 4,20,16,8,7,1,8,7,1,4,0,4
S01011366,Families with dependent children: Youngest aged 5 to 11,9,5,4,3,1,1,0,1,4,0,4
S01011366,Families with dependent children: Youngest aged 12 to 18,8,5,5,3,2,0,0,0,3,0,3
S01011367,All families in households,248,182,137,131,6,45,36,9,66,7,59
S01011367,Families with no dependent children,143,119,97,95,2,22,21,1,24,4,20
S01011367,Families with dependent children: Total,105,63,40,36,4,23,15,8,42,3,39
S01011367,Families with dependent children: Youngest aged 0 to 4,42,26,11,10,1,15,13,2,16,0,16
S01011367,Families with dependent children: Youngest aged 5 to 11,34,19,13,11,2,6,1,5,15,1,14
S01011367,Families with dependent children: Youngest aged 12 to 18,29,18,16,15,1,2,1,1,11,2,9
S01011368,All families in households,256,232,179,165,14,53,45,8,24,1,23
S01011368,Families with no dependent children,106,99,73,66,7,26,25,1,7,0,7
S01011368,Families with dependent children: Total,150,133,106,99,7,27,20,7,17,1,16
S01011368,Families with dependent children: Youngest aged 0 to 4,94,83,66,63,3,17,16,1,11,0,11
S01011368,Families with dependent children: Youngest aged 5 to 11,25,24,20,19,1,4,3,1,1,0,1
S01011368,Families with dependent children: Youngest aged 12 to 18,31,26,20,17,3,6,1,5,5,1,4
S01011369,All families in households,223,173,138,133,5,35,30,5,50,3,47
S01011369,Families with no dependent children,119,101,82,81,1,19,19,0,18,3,15
S01011369,Families with dependent children: Total,104,72,56,52,4,16,11,5,32,0,32
S01011369,Families with dependent children: Youngest aged 0 to 4,36,24,15,14,1,9,6,3,12,0,12
S01011369,Families with dependent children: Youngest aged 5 to 11,27,15,14,14,0,1,1,0,12,0,12
S01011369,Families with dependent children: Youngest aged 12 to 18,41,33,27,24,3,6,4,2,8,0,8
S01011370,All families in households,254,220,153,149,4,67,56,11,34,6,28
S01011370,Families with no dependent children,130,113,77,76,1,36,36,0,17,3,14
S01011370,Families with dependent children: Total,124,107,76,73,3,31,20,11,17,3,14
S01011370,Families with dependent children: Youngest aged 0 to 4,83,72,52,50,2,20,17,3,11,2,9
S01011370,Families with dependent children: Youngest aged 5 to 11,18,14,13,13,0,1,0,1,4,0,4
S01011370,Families with dependent children: Youngest aged 12 to 18,23,21,11,10,1,10,3,7,2,1,1
S01011371,All families in households,242,163,104,98,6,59,51,8,79,9,70
S01011371,Families with no dependent children,125,100,66,66,0,34,34,0,25,3,22
S01011371,Families with dependent children: Total,117,63,38,32,6,25,17,8,54,6,48
S01011371,Families with dependent children: Youngest aged 0 to 4,56,29,15,12,3,14,12,2,27,2,25
S01011371,Families with dependent children: Youngest aged 5 to 11,30,18,13,12,1,5,4,1,12,1,11
S01011371,Families with dependent children: Youngest aged 12 to 18,31,16,10,8,2,6,1,5,15,3,12
S01011372,All families in households,161,104,61,55,6,43,41,2,57,9,48
S01011372,Families with no dependent children,89,67,43,42,1,24,24,0,22,6,16
S01011372,Families with dependent children: Total,72,37,18,13,5,19,17,2,35,3,32
S01011372,Families with dependent children: Youngest aged 0 to 4,37,19,7,6,1,12,11,1,18,1,17
S01011372,Families with dependent children: Youngest aged 5 to 11,20,10,5,4,1,5,4,1,10,1,9
S01011372,Families with dependent children: Youngest aged 12 to 18,15,8,6,3,3,2,2,0,7,1,6
S01011373,All families in households,179,119,85,77,8,34,28,6,60,9,51
S01011373,Families with no dependent children,96,77,55,51,4,22,21,1,19,2,17
S01011373,Families with dependent children: Total,83,42,30,26,4,12,7,5,41,7,34
S01011373,Families with dependent children: Youngest aged 0 to 4,33,16,8,8,0,8,6,2,17,4,13
S01011373,Families with dependent children: Youngest aged 5 to 11,32,16,13,10,3,3,1,2,16,1,15
S01011373,Families with dependent children: Youngest aged 12 to 18,18,10,9,8,1,1,0,1,8,2,6
S01011374,All families in households,212,171,131,125,6,40,35,5,41,6,35
S01011374,Families with no dependent children,95,79,58,57,1,21,20,1,16,4,12
S01011374,Families with dependent children: Total,117,92,73,68,5,19,15,4,25,2,23
S01011374,Families with dependent children: Youngest aged 0 to 4,40,33,25,24,1,8,7,1,7,1,6
S01011374,Families with dependent children: Youngest aged 5 to 11,44,35,27,24,3,8,8,0,9,1,8
S01011374,Families with dependent children: Youngest aged 12 to 18,33,24,21,20,1,3,0,3,9,0,9
S01011375,All families in households,182,136,114,112,2,22,18,4,46,9,37
S01011375,Families with no dependent children,108,82,70,69,1,12,10,2,26,7,19
S01011375,Families with dependent children: Total,74,54,44,43,1,10,8,2,20,2,18
S01011375,Families with dependent children: Youngest aged 0 to 4,30,25,16,15,1,9,8,1,5,0,5
S01011375,Families with dependent children: Youngest aged 5 to 11,22,16,15,15,0,1,0,1,6,0,6
S01011375,Families with dependent children: Youngest aged 12 to 18,22,13,13,13,0,0,0,0,9,2,7
S01011376,All families in households,111,79,53,52,1,26,26,0,32,9,23
S01011376,Families with no dependent children,73,63,45,44,1,18,18,0,10,5,5
S01011376,Families with dependent children: Total,38,16,8,8,0,8,8,0,22,4,18
S01011376,Families with dependent children: Youngest aged 0 to 4,21,11,4,4,0,7,7,0,10,0,10
S01011376,Families with dependent children: Youngest aged 5 to 11,10,3,2,2,0,1,1,0,7,3,4
S01011376,Families with dependent children: Youngest aged 12 to 18,7,2,2,2,0,0,0,0,5,1,4
S01011377,All families in households,181,162,143,140,3,19,18,1,19,0,19
S01011377,Families with no dependent children,119,110,95,94,1,15,15,0,9,0,9
S01011377,Families with dependent children: Total,62,52,48,46,2,4,3,1,10,0,10
S01011377,Families with dependent children: Youngest aged 0 to 4,23,21,20,20,0,1,1,0,2,0,2
S01011377,Families with dependent children: Youngest aged 5 to 11,21,17,15,15,0,2,1,1,4,0,4
S01011377,Families with dependent children: Youngest aged 12 to 18,18,14,13,11,2,1,1,0,4,0,4
S01011378,All families in households,249,216,195,191,4,21,15,6,33,7,26
S01011378,Families with no dependent children,170,154,144,143,1,10,8,2,16,6,10
S01011378,Families with dependent children: Total,79,62,51,48,3,11,7,4,17,1,16
S01011378,Families with dependent children: Youngest aged 0 to 4,28,21,15,13,2,6,4,2,7,0,7
S01011378,Families with dependent children: Youngest aged 5 to 11,31,27,24,23,1,3,2,1,4,0,4
S01011378,Families with dependent children: Youngest aged 12 to 18,20,14,12,12,0,2,1,1,6,1,5
S01011379,All families in households,275,250,225,218,7,25,20,5,25,5,20
S01011379,Families with no dependent children,159,149,131,129,2,18,15,3,10,4,6
S01011379,Families with dependent children: Total,116,101,94,89,5,7,5,2,15,1,14
S01011379,Families with dependent children: Youngest aged 0 to 4,35,34,30,29,1,4,4,0,1,0,1
S01011379,Families with dependent children: Youngest aged 5 to 11,42,35,34,32,2,1,1,0,7,1,6
S01011379,Families with dependent children: Youngest aged 12 to 18,39,32,30,28,2,2,0,2,7,0,7
S01011380,All families in households,180,141,106,100,6,35,28,7,39,6,33
S01011380,Families with no dependent children,112,91,72,70,2,19,19,0,21,5,16
S01011380,Families with dependent children: Total,68,50,34,30,4,16,9,7,18,1,17
S01011380,Families with dependent children: Youngest aged 0 to 4,21,17,10,9,1,7,4,3,4,0,4
S01011380,Families with dependent children: Youngest aged 5 to 11,18,13,9,8,1,4,3,1,5,0,5
S01011380,Families with dependent children: Youngest aged 12 to 18,29,20,15,13,2,5,2,3,9,1,8
S01011381,All families in households,180,153,132,126,6,21,18,3,27,4,23
S01011381,Families with no dependent children,116,104,88,87,1,16,16,0,12,2,10
S01011381,Families with dependent children: Total,64,49,44,39,5,5,2,3,15,2,13
S01011381,Families with dependent children: Youngest aged 0 to 4,20,17,17,17,0,0,0,0,3,0,3
S01011381,Families with dependent children: Youngest aged 5 to 11,25,17,14,11,3,3,0,3,8,0,8
S01011381,Families with dependent children: Youngest aged 12 to 18,19,15,13,11,2,2,2,0,4,2,2
S01011382,All families in households,143,95,55,53,2,40,40,0,48,8,40
S01011382,Families with no dependent children,67,56,31,30,1,25,25,0,11,4,7
S01011382,Families with dependent children: Total,76,39,24,23,1,15,15,0,37,4,33
S01011382,Families with dependent children: Youngest aged 0 to 4,40,24,12,11,1,12,12,0,16,1,15
S01011382,Families with dependent children: Youngest aged 5 to 11,13,7,4,4,0,3,3,0,6,0,6
S01011382,Families with dependent children: Youngest aged 12 to 18,23,8,8,8,0,0,0,0,15,3,12
S01011383,All families in households,174,99,71,70,1,28,26,2,75,5,70
S01011383,Families with no dependent children,91,63,52,51,1,11,11,0,28,5,23
S01011383,Families with dependent children: Total,83,36,19,19,0,17,15,2,47,0,47
S01011383,Families with dependent children: Youngest aged 0 to 4,45,18,8,8,0,10,10,0,27,0,27
S01011383,Families with dependent children: Youngest aged 5 to 11,19,10,6,6,0,4,3,1,9,0,9
S01011383,Families with dependent children: Youngest aged 12 to 18,19,8,5,5,0,3,2,1,11,0,11
S01011384,All families in households,203,106,63,59,4,43,33,10,97,13,84
S01011384,Families with no dependent children,85,61,43,42,1,18,17,1,24,8,16
S01011384,Families with dependent children: Total,118,45,20,17,3,25,16,9,73,5,68
S01011384,Families with dependent children: Youngest aged 0 to 4,57,30,12,10,2,18,12,6,27,0,27
S01011384,Families with dependent children: Youngest aged 5 to 11,38,10,4,3,1,6,3,3,28,1,27
S01011384,Families with dependent children: Youngest aged 12 to 18,23,5,4,4,0,1,1,0,18,4,14
S01011385,All families in households,270,159,129,120,9,30,25,5,111,12,99
S01011385,Families with no dependent children,153,111,96,91,5,15,14,1,42,9,33
S01011385,Families with dependent children: Total,117,48,33,29,4,15,11,4,69,3,66
S01011385,Families with dependent children: Youngest aged 0 to 4,44,22,13,12,1,9,8,1,22,0,22
S01011385,Families with dependent children: Youngest aged 5 to 11,41,14,10,9,1,4,2,2,27,0,27
S01011385,Families with dependent children: Youngest aged 12 to 18,32,12,10,8,2,2,1,1,20,3,17
S01011386,All families in households,174,92,67,64,3,25,17,8,82,10,72
S01011386,Families with no dependent children,75,52,45,44,1,7,6,1,23,7,16
S01011386,Families with dependent children: Total,99,40,22,20,2,18,11,7,59,3,56
S01011386,Families with dependent children: Youngest aged 0 to 4,42,19,6,5,1,13,9,4,23,0,23
S01011386,Families with dependent children: Youngest aged 5 to 11,25,9,7,7,0,2,2,0,16,0,16
S01011386,Families with dependent children: Youngest aged 12 to 18,32,12,9,8,1,3,0,3,20,3,17
S01011387,All families in households,210,136,105,95,10,31,23,8,74,11,63
S01011387,Families with no dependent children,106,84,70,69,1,14,13,1,22,4,18
S01011387,Families with dependent children: Total,104,52,35,26,9,17,10,7,52,7,45
S01011387,Families with dependent children: Youngest aged 0 to 4,43,24,12,10,2,12,6,6,19,0,19
S01011387,Families with dependent children: Youngest aged 5 to 11,43,20,16,12,4,4,3,1,23,3,20
S01011387,Families with dependent children: Youngest aged 12 to 18,18,8,7,4,3,1,1,0,10,4,6
S01011388,All families in households,325,285,227,224,3,58,50,8,40,5,35
S01011388,Families with no dependent children,141,136,98,98,0,38,35,3,5,1,4
S01011388,Families with dependent children: Total,184,149,129,126,3,20,15,5,35,4,31
S01011388,Families with dependent children: Youngest aged 0 to 4,81,67,55,53,2,12,11,1,14,0,14
S01011388,Families with dependent children: Youngest aged 5 to 11,58,45,38,37,1,7,4,3,13,2,11
S01011388,Families with dependent children: Youngest aged 12 to 18,45,37,36,36,0,1,0,1,8,2,6
S01011389,All families in households,199,145,96,90,6,49,46,3,54,10,44
S01011389,Families with no dependent children,127,108,71,69,2,37,36,1,19,5,14
S01011389,Families with dependent children: Total,72,37,25,21,4,12,10,2,35,5,30
S01011389,Families with dependent children: Youngest aged 0 to 4,36,21,11,9,2,10,9,1,15,0,15
S01011389,Families with dependent children: Youngest aged 5 to 11,15,5,5,5,0,0,0,0,10,2,8
S01011389,Families with dependent children: Youngest aged 12 to 18,21,11,9,7,2,2,1,1,10,3,7
S01011390,All families in households,241,175,136,132,4,39,30,9,66,7,59
S01011390,Families with no dependent children,144,116,99,98,1,17,14,3,28,5,23
S01011390,Families with dependent children: Total,97,59,37,34,3,22,16,6,38,2,36
S01011390,Families with dependent children: Youngest aged 0 to 4,34,18,7,6,1,11,9,2,16,1,15
S01011390,Families with dependent children: Youngest aged 5 to 11,37,24,15,14,1,9,6,3,13,0,13
S01011390,Families with dependent children: Youngest aged 12 to 18,26,17,15,14,1,2,1,1,9,1,8
S01011391,All families in households,203,138,105,99,6,33,26,7,65,9,56
S01011391,Families with no dependent children,107,88,74,71,3,14,12,2,19,4,15
S01011391,Families with dependent children: Total,96,50,31,28,3,19,14,5,46,5,41
S01011391,Families with dependent children: Youngest aged 0 to 4,39,20,10,10,0,10,8,2,19,1,18
S01011391,Families with dependent children: Youngest aged 5 to 11,31,15,8,6,2,7,5,2,16,1,15
S01011391,Families with dependent children: Youngest aged 12 to 18,26,15,13,12,1,2,1,1,11,3,8
S01011392,All families in households,203,144,109,103,6,35,30,5,59,8,51
S01011392,Families with no dependent children,109,89,73,70,3,16,16,0,20,4,16
S01011392,Families with dependent children: Total,94,55,36,33,3,19,14,5,39,4,35
S01011392,Families with dependent children: Youngest aged 0 to 4,34,22,13,12,1,9,7,2,12,2,10
S01011392,Families with dependent children: Youngest aged 5 to 11,36,18,11,10,1,7,5,2,18,1,17
S01011392,Families with dependent children: Youngest aged 12 to 18,24,15,12,11,1,3,2,1,9,1,8
S01011393,All families in households,239,186,157,151,6,29,25,4,53,9,44
S01011393,Families with no dependent children,152,126,108,107,1,18,18,0,26,7,19
S01011393,Families with dependent children: Total,87,60,49,44,5,11,7,4,27,2,25
S01011393,Families with dependent children: Youngest aged 0 to 4,30,22,17,15,2,5,5,0,8,1,7
S01011393,Families with dependent children: Youngest aged 5 to 11,28,16,13,11,2,3,1,2,12,0,12
S01011393,Families with dependent children: Youngest aged 12 to 18,29,22,19,18,1,3,1,2,7,1,6
S01011394,All families in households,160,141,125,117,8,16,13,3,19,3,16
S01011394,Families with no dependent children,47,41,35,32,3,6,5,1,6,1,5
S01011394,Families with dependent children: Total,113,100,90,85,5,10,8,2,13,2,11
S01011394,Families with dependent children: Youngest aged 0 to 4,43,39,36,36,0,3,3,0,4,0,4
S01011394,Families with dependent children: Youngest aged 5 to 11,46,39,32,29,3,7,5,2,7,2,5
S01011394,Families with dependent children: Youngest aged 12 to 18,24,22,22,20,2,0,0,0,2,0,2
S01011395,All families in households,208,142,99,96,3,43,40,3,66,13,53
S01011395,Families with no dependent children,141,117,81,80,1,36,33,3,24,11,13
S01011395,Families with dependent children: Total,67,25,18,16,2,7,7,0,42,2,40
S01011395,Families with dependent children: Youngest aged 0 to 4,21,9,4,3,1,5,5,0,12,0,12
S01011395,Families with dependent children: Youngest aged 5 to 11,24,10,8,8,0,2,2,0,14,2,12
S01011395,Families with dependent children: Youngest aged 12 to 18,22,6,6,5,1,0,0,0,16,0,16
S01011396,All families in households,190,135,108,103,5,27,22,5,55,8,47
S01011396,Families with no dependent children,115,97,78,75,3,19,16,3,18,6,12
S01011396,Families with dependent children: Total,75,38,30,28,2,8,6,2,37,2,35
S01011396,Families with dependent children: Youngest aged 0 to 4,36,18,13,13,0,5,4,1,18,0,18
S01011396,Families with dependent children: Youngest aged 5 to 11,17,8,6,5,1,2,1,1,9,1,8
S01011396,Families with dependent children: Youngest aged 12 to 18,22,12,11,10,1,1,1,0,10,1,9
S01011397,All families in households,196,134,104,97,7,30,25,5,62,10,52
S01011397,Families with no dependent children,100,78,63,60,3,15,14,1,22,7,15
S01011397,Families with dependent children: Total,96,56,41,37,4,15,11,4,40,3,37
S01011397,Families with dependent children: Youngest aged 0 to 4,39,21,10,10,0,11,10,1,18,0,18
S01011397,Families with dependent children: Youngest aged 5 to 11,35,21,18,15,3,3,0,3,14,3,11
S01011397,Families with dependent children: Youngest aged 12 to 18,22,14,13,12,1,1,1,0,8,0,8
S01011398,All families in households,205,139,108,105,3,31,30,1,66,5,61
S01011398,Families with no dependent children,106,85,71,70,1,14,14,0,21,2,19
S01011398,Families with dependent children: Total,99,54,37,35,2,17,16,1,45,3,42
S01011398,Families with dependent children: Youngest aged 0 to 4,39,23,14,14,0,9,8,1,16,0,16
S01011398,Families with dependent children: Youngest aged 5 to 11,38,20,15,13,2,5,5,0,18,2,16
S01011398,Families with dependent children: Youngest aged 12 to 18,22,11,8,8,0,3,3,0,11,1,10
S01011399,All families in households,165,108,75,73,2,33,27,6,57,6,51
S01011399,Families with no dependent children,101,76,60,59,1,16,15,1,25,3,22
S01011399,Families with dependent children: Total,64,32,15,14,1,17,12,5,32,3,29
S01011399,Families with dependent children: Youngest aged 0 to 4,24,16,3,2,1,13,10,3,8,0,8
S01011399,Families with dependent children: Youngest aged 5 to 11,21,8,6,6,0,2,2,0,13,0,13
S01011399,Families with dependent children: Youngest aged 12 to 18,19,8,6,6,0,2,0,2,11,3,8
S01011400,All families in households,188,147,113,110,3,34,34,0,41,6,35
S01011400,Families with no dependent children,121,107,80,80,0,27,27,0,14,4,10
S01011400,Families with dependent children: Total,67,40,33,30,3,7,7,0,27,2,25
S01011400,Families with dependent children: Youngest aged 0 to 4,26,13,9,8,1,4,4,0,13,1,12
S01011400,Families with dependent children: Youngest aged 5 to 11,25,15,12,12,0,3,3,0,10,0,10
S01011400,Families with dependent children: Youngest aged 12 to 18,16,12,12,10,2,0,0,0,4,1,3
S01011401,All families in households,186,153,122,121,1,31,26,5,33,7,26
S01011401,Families with no dependent children,117,107,84,84,0,23,21,2,10,3,7
S01011401,Families with dependent children: Total,69,46,38,37,1,8,5,3,23,4,19
S01011401,Families with dependent children: Youngest aged 0 to 4,17,13,11,11,0,2,2,0,4,1,3
S01011401,Families with dependent children: Youngest aged 5 to 11,24,18,14,14,0,4,2,2,6,1,5
S01011401,Families with dependent children: Youngest aged 12 to 18,28,15,13,12,1,2,1,1,13,2,11
S01011402,All families in households,282,215,182,181,1,33,27,6,67,10,57
S01011402,Families with no dependent children,205,165,143,143,0,22,20,2,40,9,31
S01011402,Families with dependent children: Total,77,50,39,38,1,11,7,4,27,1,26
S01011402,Families with dependent children: Youngest aged 0 to 4,25,20,14,14,0,6,5,1,5,0,5
S01011402,Families with dependent children: Youngest aged 5 to 11,31,18,16,15,1,2,2,0,13,0,13
S01011402,Families with dependent children: Youngest aged 12 to 18,21,12,9,9,0,3,0,3,9,1,8
S01011403,All families in households,152,121,105,101,4,16,15,1,31,2,29
S01011403,Families with no dependent children,76,65,58,56,2,7,7,0,11,1,10
S01011403,Families with dependent children: Total,76,56,47,45,2,9,8,1,20,1,19
S01011403,Families with dependent children: Youngest aged 0 to 4,23,16,11,10,1,5,5,0,7,1,6
S01011403,Families with dependent children: Youngest aged 5 to 11,23,15,15,14,1,0,0,0,8,0,8
S01011403,Families with dependent children: Youngest aged 12 to 18,30,25,21,21,0,4,3,1,5,0,5
S01011404,All families in households,252,188,155,151,4,33,28,5,64,6,58
S01011404,Families with no dependent children,154,125,109,107,2,16,15,1,29,4,25
S01011404,Families with dependent children: Total,98,63,46,44,2,17,13,4,35,2,33
S01011404,Families with dependent children: Youngest aged 0 to 4,38,23,12,11,1,11,9,2,15,0,15
S01011404,Families with dependent children: Youngest aged 5 to 11,24,15,13,12,1,2,2,0,9,1,8
S01011404,Families with dependent children: Youngest aged 12 to 18,36,25,21,21,0,4,2,2,11,1,10
S01011405,All families in households,186,150,128,123,5,22,18,4,36,5,31
S01011405,Families with no dependent children,111,99,87,85,2,12,10,2,12,4,8
S01011405,Families with dependent children: Total,75,51,41,38,3,10,8,2,24,1,23
S01011405,Families with dependent children: Youngest aged 0 to 4,37,21,14,13,1,7,5,2,16,0,16
S01011405,Families with dependent children: Youngest aged 5 to 11,21,18,15,13,2,3,3,0,3,0,3
S01011405,Families with dependent children: Youngest aged 12 to 18,17,12,12,12,0,0,0,0,5,1,4
S01011406,All families in households,200,154,124,122,2,30,24,6,46,8,38
S01011406,Families with no dependent children,132,108,93,92,1,15,13,2,24,6,18
S01011406,Families with dependent children: Total,68,46,31,30,1,15,11,4,22,2,20
S01011406,Families with dependent children: Youngest aged 0 to 4,22,17,9,8,1,8,7,1,5,0,5
S01011406,Families with dependent children: Youngest aged 5 to 11,24,15,10,10,0,5,2,3,9,2,7
S01011406,Families with dependent children: Youngest aged 12 to 18,22,14,12,12,0,2,2,0,8,0,8
S01011407,All families in households,333,277,227,217,10,50,41,9,56,6,50
S01011407,Families with no dependent children,211,189,158,155,3,31,30,1,22,4,18
S01011407,Families with dependent children: Total,122,88,69,62,7,19,11,8,34,2,32
S01011407,Families with dependent children: Youngest aged 0 to 4,46,35,23,20,3,12,8,4,11,1,10
S01011407,Families with dependent children: Youngest aged 5 to 11,46,33,29,26,3,4,1,3,13,1,12
S01011407,Families with dependent children: Youngest aged 12 to 18,30,20,17,16,1,3,2,1,10,0,10
S01011408,All families in households,246,177,150,143,7,27,22,5,69,7,62
S01011408,Families with no dependent children,144,116,106,102,4,10,9,1,28,5,23
S01011408,Families with dependent children: Total,102,61,44,41,3,17,13,4,41,2,39
S01011408,Families with dependent children: Youngest aged 0 to 4,32,24,14,13,1,10,8,2,8,0,8
S01011408,Families with dependent children: Youngest aged 5 to 11,35,18,14,12,2,4,3,1,17,0,17
S01011408,Families with dependent children: Youngest aged 12 to 18,35,19,16,16,0,3,2,1,16,2,14
S01011409,All families in households,245,158,111,105,6,47,36,11,87,6,81
S01011409,Families with no dependent children,103,84,63,61,2,21,19,2,19,3,16
S01011409,Families with dependent children: Total,142,74,48,44,4,26,17,9,68,3,65
S01011409,Families with dependent children: Youngest aged 0 to 4,61,34,20,20,0,14,10,4,27,0,27
S01011409,Families with dependent children: Youngest aged 5 to 11,41,19,13,11,2,6,3,3,22,0,22
S01011409,Families with dependent children: Youngest aged 12 to 18,40,21,15,13,2,6,4,2,19,3,16
S01011410,All families in households,188,144,104,101,3,40,30,10,44,2,42
S01011410,Families with no dependent children,125,105,83,82,1,22,22,0,20,1,19
S01011410,Families with dependent children: Total,63,39,21,19,2,18,8,10,24,1,23
S01011410,Families with dependent children: Youngest aged 0 to 4,28,16,7,7,0,9,6,3,12,0,12
S01011410,Families with dependent children: Youngest aged 5 to 11,18,11,7,6,1,4,2,2,7,0,7
S01011410,Families with dependent children: Youngest aged 12 to 18,17,12,7,6,1,5,0,5,5,1,4
S01011411,All families in households,196,153,122,112,10,31,24,7,43,10,33
S01011411,Families with no dependent children,118,95,79,73,6,16,13,3,23,7,16
S01011411,Families with dependent children: Total,78,58,43,39,4,15,11,4,20,3,17
S01011411,Families with dependent children: Youngest aged 0 to 4,38,31,22,21,1,9,7,2,7,1,6
S01011411,Families with dependent children: Youngest aged 5 to 11,20,11,8,6,2,3,2,1,9,2,7
S01011411,Families with dependent children: Youngest aged 12 to 18,20,16,13,12,1,3,2,1,4,0,4
S01011412,All families in households,276,250,227,224,3,23,20,3,26,8,18
S01011412,Families with no dependent children,197,181,165,163,2,16,15,1,16,5,11
S01011412,Families with dependent children: Total,79,69,62,61,1,7,5,2,10,3,7
S01011412,Families with dependent children: Youngest aged 0 to 4,21,19,14,13,1,5,4,1,2,0,2
S01011412,Families with dependent children: Youngest aged 5 to 11,30,26,25,25,0,1,1,0,4,2,2
S01011412,Families with dependent children: Youngest aged 12 to 18,28,24,23,23,0,1,0,1,4,1,3
S01011413,All families in households,174,155,125,123,2,30,28,2,19,1,18
S01011413,Families with no dependent children,90,85,66,65,1,19,19,0,5,1,4
S01011413,Families with dependent children: Total,84,70,59,58,1,11,9,2,14,0,14
S01011413,Families with dependent children: Youngest aged 0 to 4,28,24,19,19,0,5,5,0,4,0,4
S01011413,Families with dependent children: Youngest aged 5 to 11,26,23,20,20,0,3,2,1,3,0,3
S01011413,Families with dependent children: Youngest aged 12 to 18,30,23,20,19,1,3,2,1,7,0,7
S01011414,All families in households,242,176,141,135,6,35,26,9,66,4,62
S01011414,Families with no dependent children,137,115,97,92,5,18,14,4,22,0,22
S01011414,Families with dependent children: Total,105,61,44,43,1,17,12,5,44,4,40
S01011414,Families with dependent children: Youngest aged 0 to 4,47,29,17,16,1,12,10,2,18,0,18
S01011414,Families with dependent children: Youngest aged 5 to 11,30,15,10,10,0,5,2,3,15,1,14
S01011414,Families with dependent children: Youngest aged 12 to 18,28,17,17,17,0,0,0,0,11,3,8
S01011415,All families in households,247,203,165,158,7,38,34,4,44,10,34
S01011415,Families with no dependent children,153,129,105,104,1,24,23,1,24,4,20
S01011415,Families with dependent children: Total,94,74,60,54,6,14,11,3,20,6,14
S01011415,Families with dependent children: Youngest aged 0 to 4,33,28,20,18,2,8,6,2,5,1,4
S01011415,Families with dependent children: Youngest aged 5 to 11,29,23,21,20,1,2,2,0,6,3,3
S01011415,Families with dependent children: Youngest aged 12 to 18,32,23,19,16,3,4,3,1,9,2,7
S01011416,All families in households,204,186,174,171,3,12,11,1,18,2,16
S01011416,Families with no dependent children,130,123,118,117,1,5,5,0,7,1,6
S01011416,Families with dependent children: Total,74,63,56,54,2,7,6,1,11,1,10
S01011416,Families with dependent children: Youngest aged 0 to 4,20,18,12,12,0,6,5,1,2,0,2
S01011416,Families with dependent children: Youngest aged 5 to 11,26,22,21,20,1,1,1,0,4,0,4
S01011416,Families with dependent children: Youngest aged 12 to 18,28,23,23,22,1,0,0,0,5,1,4
S01011417,All families in households,245,197,161,152,9,36,31,5,48,3,45
S01011417,Families with no dependent children,160,136,121,116,5,15,12,3,24,2,22
S01011417,Families with dependent children: Total,85,61,40,36,4,21,19,2,24,1,23
S01011417,Families with dependent children: Youngest aged 0 to 4,36,26,11,11,0,15,14,1,10,0,10
S01011417,Families with dependent children: Youngest aged 5 to 11,29,21,15,13,2,6,5,1,8,1,7
S01011417,Families with dependent children: Youngest aged 12 to 18,20,14,14,12,2,0,0,0,6,0,6
S01011418,All families in households,169,118,87,82,5,31,27,4,51,4,47
S01011418,Families with no dependent children,103,79,64,61,3,15,13,2,24,4,20
S01011418,Families with dependent children: Total,66,39,23,21,2,16,14,2,27,0,27
S01011418,Families with dependent children: Youngest aged 0 to 4,28,17,4,4,0,13,12,1,11,0,11
S01011418,Families with dependent children: Youngest aged 5 to 11,20,11,9,9,0,2,1,1,9,0,9
S01011418,Families with dependent children: Youngest aged 12 to 18,18,11,10,8,2,1,1,0,7,0,7
S01011419,All families in households,171,129,107,100,7,22,16,6,42,3,39
S01011419,Families with no dependent children,106,92,79,73,6,13,11,2,14,2,12
S01011419,Families with dependent children: Total,65,37,28,27,1,9,5,4,28,1,27
S01011419,Families with dependent children: Youngest aged 0 to 4,21,10,4,4,0,6,4,2,11,0,11
S01011419,Families with dependent children: Youngest aged 5 to 11,18,11,10,9,1,1,0,1,7,0,7
S01011419,Families with dependent children: Youngest aged 12 to 18,26,16,14,14,0,2,1,1,10,1,9
S01011420,All families in households,131,82,60,55,5,22,19,3,49,8,41
S01011420,Families with no dependent children,77,57,45,45,0,12,12,0,20,7,13
S01011420,Families with dependent children: Total,54,25,15,10,5,10,7,3,29,1,28
S01011420,Families with dependent children: Youngest aged 0 to 4,21,10,5,2,3,5,5,0,11,0,11
S01011420,Families with dependent children: Youngest aged 5 to 11,17,9,5,3,2,4,2,2,8,0,8
S01011420,Families with dependent children: Youngest aged 12 to 18,16,6,5,5,0,1,0,1,10,1,9
S01011421,All families in households,185,155,100,95,5,55,52,3,30,3,27
S01011421,Families with no dependent children,75,73,45,44,1,28,28,0,2,0,2
S01011421,Families with dependent children: Total,110,82,55,51,4,27,24,3,28,3,25
S01011421,Families with dependent children: Youngest aged 0 to 4,69,54,30,28,2,24,22,2,15,0,15
S01011421,Families with dependent children: Youngest aged 5 to 11,28,16,14,13,1,2,1,1,12,3,9
S01011421,Families with dependent children: Youngest aged 12 to 18,13,12,11,10,1,1,1,0,1,0,1
S01011422,All families in households,215,147,122,112,10,25,19,6,68,11,57
S01011422,Families with no dependent children,128,94,82,80,2,12,11,1,34,6,28
S01011422,Families with dependent children: Total,87,53,40,32,8,13,8,5,34,5,29
S01011422,Families with dependent children: Youngest aged 0 to 4,30,15,10,8,2,5,4,1,15,1,14
S01011422,Families with dependent children: Youngest aged 5 to 11,34,23,20,18,2,3,3,0,11,2,9
S01011422,Families with dependent children: Youngest aged 12 to 18,23,15,10,6,4,5,1,4,8,2,6
S01011423,All families in households,158,112,78,72,6,34,28,6,46,5,41
S01011423,Families with no dependent children,67,52,45,44,1,7,7,0,15,5,10
S01011423,Families with dependent children: Total,91,60,33,28,5,27,21,6,31,0,31
S01011423,Families with dependent children: Youngest aged 0 to 4,46,33,14,12,2,19,14,5,13,0,13
S01011423,Families with dependent children: Youngest aged 5 to 11,30,17,10,9,1,7,6,1,13,0,13
S01011423,Families with dependent children: Youngest aged 12 to 18,15,10,9,7,2,1,1,0,5,0,5
S01011424,All families in households,166,136,113,105,8,23,22,1,30,5,25
S01011424,Families with no dependent children,104,86,78,73,5,8,8,0,18,4,14
S01011424,Families with dependent children: Total,62,50,35,32,3,15,14,1,12,1,11
S01011424,Families with dependent children: Youngest aged 0 to 4,28,22,16,13,3,6,5,1,6,0,6
S01011424,Families with dependent children: Youngest aged 5 to 11,23,19,12,12,0,7,7,0,4,1,3
S01011424,Families with dependent children: Youngest aged 12 to 18,11,9,7,7,0,2,2,0,2,0,2
S01011425,All families in households,264,192,163,157,6,29,22,7,72,11,61
S01011425,Families with no dependent children,142,114,108,107,1,6,5,1,28,8,20
S01011425,Families with dependent children: Total,122,78,55,50,5,23,17,6,44,3,41
S01011425,Families with dependent children: Youngest aged 0 to 4,53,35,22,19,3,13,10,3,18,0,18
S01011425,Families with dependent children: Youngest aged 5 to 11,35,22,15,14,1,7,4,3,13,1,12
S01011425,Families with dependent children: Youngest aged 12 to 18,34,21,18,17,1,3,3,0,13,2,11
S01011426,All families in households,307,275,221,213,8,54,47,7,32,7,25
S01011426,Families with no dependent children,143,130,102,101,1,28,27,1,13,3,10
S01011426,Families with dependent children: Total,164,145,119,112,7,26,20,6,19,4,15
S01011426,Families with dependent children: Youngest aged 0 to 4,79,72,56,52,4,16,13,3,7,2,5
S01011426,Families with dependent children: Youngest aged 5 to 11,49,42,34,33,1,8,7,1,7,1,6
S01011426,Families with dependent children: Youngest aged 12 to 18,36,31,29,27,2,2,0,2,5,1,4
S01011427,All families in households,197,161,122,114,8,39,33,6,36,6,30
S01011427,Families with no dependent children,114,105,84,79,5,21,20,1,9,2,7
S01011427,Families with dependent children: Total,83,56,38,35,3,18,13,5,27,4,23
S01011427,Families with dependent children: Youngest aged 0 to 4,30,20,8,8,0,12,7,5,10,0,10
S01011427,Families with dependent children: Youngest aged 5 to 11,23,16,14,12,2,2,2,0,7,1,6
S01011427,Families with dependent children: Youngest aged 12 to 18,30,20,16,15,1,4,4,0,10,3,7
S01011428,All families in households,160,130,107,103,4,23,20,3,30,9,21
S01011428,Families with no dependent children,108,99,85,83,2,14,13,1,9,4,5
S01011428,Families with dependent children: Total,52,31,22,20,2,9,7,2,21,5,16
S01011428,Families with dependent children: Youngest aged 0 to 4,24,13,7,7,0,6,5,1,11,4,7
S01011428,Families with dependent children: Youngest aged 5 to 11,10,6,6,6,0,0,0,0,4,0,4
S01011428,Families with dependent children: Youngest aged 12 to 18,18,12,9,7,2,3,2,1,6,1,5
S01011429,All families in households,186,167,148,146,2,19,16,3,19,6,13
S01011429,Families with no dependent children,102,92,79,79,0,13,13,0,10,5,5
S01011429,Families with dependent children: Total,84,75,69,67,2,6,3,3,9,1,8
S01011429,Families with dependent children: Youngest aged 0 to 4,26,24,22,21,1,2,2,0,2,0,2
S01011429,Families with dependent children: Youngest aged 5 to 11,23,20,20,20,0,0,0,0,3,0,3
S01011429,Families with dependent children: Youngest aged 12 to 18,35,31,27,26,1,4,1,3,4,1,3
S01011430,All families in households,281,245,183,179,4,62,60,2,36,2,34
S01011430,Families with no dependent children,173,158,121,120,1,37,36,1,15,1,14
S01011430,Families with dependent children: Total,108,87,62,59,3,25,24,1,21,1,20
S01011430,Families with dependent children: Youngest aged 0 to 4,52,44,25,24,1,19,18,1,8,1,7
S01011430,Families with dependent children: Youngest aged 5 to 11,36,29,23,22,1,6,6,0,7,0,7
S01011430,Families with dependent children: Youngest aged 12 to 18,20,14,14,13,1,0,0,0,6,0,6
S01011431,All families in households,308,232,180,170,10,52,40,12,76,15,61
S01011431,Families with no dependent children,193,158,134,129,5,24,22,2,35,10,25
S01011431,Families with dependent children: Total,115,74,46,41,5,28,18,10,41,5,36
S01011431,Families with dependent children: Youngest aged 0 to 4,37,24,11,9,2,13,11,2,13,2,11
S01011431,Families with dependent children: Youngest aged 5 to 11,42,24,13,11,2,11,6,5,18,3,15
S01011431,Families with dependent children: Youngest aged 12 to 18,36,26,22,21,1,4,1,3,10,0,10
S01011432,All families in households,313,252,213,207,6,39,34,5,61,12,49
S01011432,Families with no dependent children,206,176,157,155,2,19,18,1,30,8,22
S01011432,Families with dependent children: Total,107,76,56,52,4,20,16,4,31,4,27
S01011432,Families with dependent children: Youngest aged 0 to 4,39,29,16,15,1,13,11,2,10,1,9
S01011432,Families with dependent children: Youngest aged 5 to 11,32,23,20,18,2,3,2,1,9,0,9
S01011432,Families with dependent children: Youngest aged 12 to 18,36,24,20,19,1,4,3,1,12,3,9
S01011433,All families in households,265,151,100,88,12,51,45,6,114,17,97
S01011433,Families with no dependent children,104,77,57,54,3,20,19,1,27,6,21
S01011433,Families with dependent children: Total,161,74,43,34,9,31,26,5,87,11,76
S01011433,Families with dependent children: Youngest aged 0 to 4,65,25,6,5,1,19,18,1,40,3,37
S01011433,Families with dependent children: Youngest aged 5 to 11,51,26,18,16,2,8,5,3,25,4,21
S01011433,Families with dependent children: Youngest aged 12 to 18,45,23,19,13,6,4,3,1,22,4,18
S01011434,All families in households,175,139,118,116,2,21,15,6,36,4,32
S01011434,Families with no dependent children,119,101,87,86,1,14,14,0,18,3,15
S01011434,Families with dependent children: Total,56,38,31,30,1,7,1,6,18,1,17
S01011434,Families with dependent children: Youngest aged 0 to 4,15,12,10,10,0,2,0,2,3,1,2
S01011434,Families with dependent children: Youngest aged 5 to 11,24,15,12,11,1,3,0,3,9,0,9
S01011434,Families with dependent children: Youngest aged 12 to 18,17,11,9,9,0,2,1,1,6,0,6
S01011435,All families in households,288,247,205,200,5,42,38,4,41,9,32
S01011435,Families with no dependent children,177,158,126,122,4,32,30,2,19,6,13
S01011435,Families with dependent children: Total,111,89,79,78,1,10,8,2,22,3,19
S01011435,Families with dependent children: Youngest aged 0 to 4,43,35,29,29,0,6,6,0,8,0,8
S01011435,Families with dependent children: Youngest aged 5 to 11,44,34,33,33,0,1,1,0,10,3,7
S01011435,Families with dependent children: Youngest aged 12 to 18,24,20,17,16,1,3,1,2,4,0,4
S01011436,All families in households,205,146,103,98,5,43,39,4,59,6,53
S01011436,Families with no dependent children,120,100,71,68,3,29,29,0,20,5,15
S01011436,Families with dependent children: Total,85,46,32,30,2,14,10,4,39,1,38
S01011436,Families with dependent children: Youngest aged 0 to 4,38,21,14,13,1,7,5,2,17,1,16
S01011436,Families with dependent children: Youngest aged 5 to 11,24,11,7,6,1,4,2,2,13,0,13
S01011436,Families with dependent children: Youngest aged 12 to 18,23,14,11,11,0,3,3,0,9,0,9
S01011437,All families in households,223,154,117,111,6,37,36,1,69,9,60
S01011437,Families with no dependent children,137,113,89,87,2,24,24,0,24,5,19
S01011437,Families with dependent children: Total,86,41,28,24,4,13,12,1,45,4,41
S01011437,Families with dependent children: Youngest aged 0 to 4,34,14,7,6,1,7,7,0,20,0,20
S01011437,Families with dependent children: Youngest aged 5 to 11,26,12,9,9,0,3,2,1,14,2,12
S01011437,Families with dependent children: Youngest aged 12 to 18,26,15,12,9,3,3,3,0,11,2,9
S01011438,All families in households,162,98,59,53,6,39,32,7,64,11,53
S01011438,Families with no dependent children,79,56,39,37,2,17,16,1,23,10,13
S01011438,Families with dependent children: Total,83,42,20,16,4,22,16,6,41,1,40
S01011438,Families with dependent children: Youngest aged 0 to 4,37,19,6,6,0,13,10,3,18,0,18
S01011438,Families with dependent children: Youngest aged 5 to 11,23,10,4,3,1,6,4,2,13,0,13
S01011438,Families with dependent children: Youngest aged 12 to 18,23,13,10,7,3,3,2,1,10,1,9
S01011439,All families in households,275,213,170,160,10,43,37,6,62,12,50
S01011439,Families with no dependent children,171,143,123,120,3,20,18,2,28,10,18
S01011439,Families with dependent children: Total,104,70,47,40,7,23,19,4,34,2,32
S01011439,Families with dependent children: Youngest aged 0 to 4,43,32,19,18,1,13,12,1,11,1,10
S01011439,Families with dependent children: Youngest aged 5 to 11,31,20,13,10,3,7,5,2,11,1,10
S01011439,Families with dependent children: Youngest aged 12 to 18,30,18,15,12,3,3,2,1,12,0,12
S01011440,All families in households,187,145,105,101,4,40,34,6,42,4,38
S01011440,Families with no dependent children,119,105,81,77,4,24,21,3,14,3,11
S01011440,Families with dependent children: Total,68,40,24,24,0,16,13,3,28,1,27
S01011440,Families with dependent children: Youngest aged 0 to 4,39,25,13,13,0,12,12,0,14,1,13
S01011440,Families with dependent children: Youngest aged 5 to 11,14,7,5,5,0,2,0,2,7,0,7
S01011440,Families with dependent children: Youngest aged 12 to 18,15,8,6,6,0,2,1,1,7,0,7
S01011441,All families in households,237,177,140,133,7,37,28,9,60,11,49
S01011441,Families with no dependent children,145,126,103,102,1,23,20,3,19,4,15
S01011441,Families with dependent children: Total,92,51,37,31,6,14,8,6,41,7,34
S01011441,Families with dependent children: Youngest aged 0 to 4,34,22,14,14,0,8,6,2,12,1,11
S01011441,Families with dependent children: Youngest aged 5 to 11,32,15,11,10,1,4,2,2,17,3,14
S01011441,Families with dependent children: Youngest aged 12 to 18,26,14,12,7,5,2,0,2,12,3,9
S01011442,All families in households,193,142,116,109,7,26,21,5,51,4,47
S01011442,Families with no dependent children,106,87,76,75,1,11,8,3,19,2,17
S01011442,Families with dependent children: Total,87,55,40,34,6,15,13,2,32,2,30
S01011442,Families with dependent children: Youngest aged 0 to 4,36,24,13,9,4,11,11,0,12,0,12
S01011442,Families with dependent children: Youngest aged 5 to 11,24,12,9,7,2,3,2,1,12,1,11
S01011442,Families with dependent children: Youngest aged 12 to 18,27,19,18,18,0,1,0,1,8,1,7
S01011443,All families in households,181,135,109,103,6,26,22,4,46,4,42
S01011443,Families with no dependent children,106,89,77,76,1,12,11,1,17,2,15
S01011443,Families with dependent children: Total,75,46,32,27,5,14,11,3,29,2,27
S01011443,Families with dependent children: Youngest aged 0 to 4,20,15,9,9,0,6,5,1,5,0,5
S01011443,Families with dependent children: Youngest aged 5 to 11,23,13,10,8,2,3,2,1,10,0,10
S01011443,Families with dependent children: Youngest aged 12 to 18,32,18,13,10,3,5,4,1,14,2,12
S01011444,All families in households,225,158,122,118,4,36,28,8,67,12,55
S01011444,Families with no dependent children,127,102,85,81,4,17,14,3,25,9,16
S01011444,Families with dependent children: Total,98,56,37,37,0,19,14,5,42,3,39
S01011444,Families with dependent children: Youngest aged 0 to 4,41,23,10,10,0,13,10,3,18,0,18
S01011444,Families with dependent children: Youngest aged 5 to 11,22,13,11,11,0,2,2,0,9,1,8
S01011444,Families with dependent children: Youngest aged 12 to 18,35,20,16,16,0,4,2,2,15,2,13
S01011445,All families in households,157,125,88,84,4,37,31,6,32,3,29
S01011445,Families with no dependent children,85,76,57,54,3,19,18,1,9,1,8
S01011445,Families with dependent children: Total,72,49,31,30,1,18,13,5,23,2,21
S01011445,Families with dependent children: Youngest aged 0 to 4,37,25,15,14,1,10,9,1,12,0,12
S01011445,Families with dependent children: Youngest aged 5 to 11,18,14,7,7,0,7,4,3,4,0,4
S01011445,Families with dependent children: Youngest aged 12 to 18,17,10,9,9,0,1,0,1,7,2,5
S01011446,All families in households,145,117,98,93,5,19,15,4,28,5,23
S01011446,Families with no dependent children,85,76,63,62,1,13,11,2,9,4,5
S01011446,Families with dependent children: Total,60,41,35,31,4,6,4,2,19,1,18
S01011446,Families with dependent children: Youngest aged 0 to 4,21,15,10,9,1,5,3,2,6,0,6
S01011446,Families with dependent children: Youngest aged 5 to 11,17,9,8,7,1,1,1,0,8,0,8
S01011446,Families with dependent children: Youngest aged 12 to 18,22,17,17,15,2,0,0,0,5,1,4
S01011447,All families in households,271,180,147,137,10,33,27,6,91,7,84
S01011447,Families with no dependent children,119,95,82,78,4,13,11,2,24,7,17
S01011447,Families with dependent children: Total,152,85,65,59,6,20,16,4,67,0,67
S01011447,Families with dependent children: Youngest aged 0 to 4,57,26,18,14,4,8,6,2,31,0,31
S01011447,Families with dependent children: Youngest aged 5 to 11,54,33,27,26,1,6,6,0,21,0,21
S01011447,Families with dependent children: Youngest aged 12 to 18,41,26,20,19,1,6,4,2,15,0,15
S01011448,All families in households,267,220,188,180,8,32,28,4,47,5,42
S01011448,Families with no dependent children,172,151,127,123,4,24,24,0,21,5,16
S01011448,Families with dependent children: Total,95,69,61,57,4,8,4,4,26,0,26
S01011448,Families with dependent children: Youngest aged 0 to 4,31,18,15,14,1,3,2,1,13,0,13
S01011448,Families with dependent children: Youngest aged 5 to 11,29,23,22,21,1,1,1,0,6,0,6
S01011448,Families with dependent children: Youngest aged 12 to 18,35,28,24,22,2,4,1,3,7,0,7
S01011449,All families in households,138,96,75,74,1,21,19,2,42,7,35
S01011449,Families with no dependent children,84,62,48,48,0,14,13,1,22,5,17
S01011449,Families with dependent children: Total,54,34,27,26,1,7,6,1,20,2,18
S01011449,Families with dependent children: Youngest aged 0 to 4,25,18,14,14,0,4,3,1,7,0,7
S01011449,Families with dependent children: Youngest aged 5 to 11,18,12,9,8,1,3,3,0,6,1,5
S01011449,Families with dependent children: Youngest aged 12 to 18,11,4,4,4,0,0,0,0,7,1,6
S01011450,All families in households,191,154,141,133,8,13,9,4,37,3,34
S01011450,Families with no dependent children,90,76,71,68,3,5,5,0,14,1,13
S01011450,Families with dependent children: Total,101,78,70,65,5,8,4,4,23,2,21
S01011450,Families with dependent children: Youngest aged 0 to 4,40,31,26,25,1,5,2,3,9,0,9
S01011450,Families with dependent children: Youngest aged 5 to 11,41,35,32,30,2,3,2,1,6,1,5
S01011450,Families with dependent children: Youngest aged 12 to 18,20,12,12,10,2,0,0,0,8,1,7
S01011451,All families in households,195,171,150,144,6,21,14,7,24,5,19
S01011451,Families with no dependent children,77,70,64,62,2,6,5,1,7,0,7
S01011451,Families with dependent children: Total,118,101,86,82,4,15,9,6,17,5,12
S01011451,Families with dependent children: Youngest aged 0 to 4,33,29,24,24,0,5,4,1,4,0,4
S01011451,Families with dependent children: Youngest aged 5 to 11,47,37,30,30,0,7,4,3,10,4,6
S01011451,Families with dependent children: Youngest aged 12 to 18,38,35,32,28,4,3,1,2,3,1,2
S01011452,All families in households,271,218,182,174,8,36,32,4,53,9,44
S01011452,Families with no dependent children,156,139,118,112,6,21,20,1,17,2,15
S01011452,Families with dependent children: Total,115,79,64,62,2,15,12,3,36,7,29
S01011452,Families with dependent children: Youngest aged 0 to 4,46,32,24,24,0,8,7,1,14,4,10
S01011452,Families with dependent children: Youngest aged 5 to 11,34,23,19,17,2,4,3,1,11,1,10
S01011452,Families with dependent children: Youngest aged 12 to 18,35,24,21,21,0,3,2,1,11,2,9
S01011453,All families in households,204,163,130,122,8,33,27,6,41,7,34
S01011453,Families with no dependent children,118,101,85,85,0,16,15,1,17,4,13
S01011453,Families with dependent children: Total,86,62,45,37,8,17,12,5,24,3,21
S01011453,Families with dependent children: Youngest aged 0 to 4,35,25,14,13,1,11,8,3,10,0,10
S01011453,Families with dependent children: Youngest aged 5 to 11,24,16,14,12,2,2,2,0,8,1,7
S01011453,Families with dependent children: Youngest aged 12 to 18,27,21,17,12,5,4,2,2,6,2,4
S01011454,All families in households,234,161,131,126,5,30,24,6,73,10,63
S01011454,Families with no dependent children,123,102,85,84,1,17,16,1,21,6,15
S01011454,Families with dependent children: Total,111,59,46,42,4,13,8,5,52,4,48
S01011454,Families with dependent children: Youngest aged 0 to 4,37,20,16,15,1,4,4,0,17,0,17
S01011454,Families with dependent children: Youngest aged 5 to 11,40,20,15,14,1,5,3,2,20,2,18
S01011454,Families with dependent children: Youngest aged 12 to 18,34,19,15,13,2,4,1,3,15,2,13
S01011455,All families in households,224,152,120,114,6,32,25,7,72,14,58
S01011455,Families with no dependent children,134,99,88,85,3,11,9,2,35,11,24
S01011455,Families with dependent children: Total,90,53,32,29,3,21,16,5,37,3,34
S01011455,Families with dependent children: Youngest aged 0 to 4,32,14,6,5,1,8,8,0,18,1,17
S01011455,Families with dependent children: Youngest aged 5 to 11,27,19,10,10,0,9,7,2,8,2,6
S01011455,Families with dependent children: Youngest aged 12 to 18,31,20,16,14,2,4,1,3,11,0,11
S01011456,All families in households,236,166,142,134,8,24,21,3,70,7,63
S01011456,Families with no dependent children,151,119,103,97,6,16,15,1,32,7,25
S01011456,Families with dependent children: Total,85,47,39,37,2,8,6,2,38,0,38
S01011456,Families with dependent children: Youngest aged 0 to 4,33,21,14,14,0,7,5,2,12,0,12
S01011456,Families with dependent children: Youngest aged 5 to 11,26,12,11,9,2,1,1,0,14,0,14
S01011456,Families with dependent children: Youngest aged 12 to 18,26,14,14,14,0,0,0,0,12,0,12
S01011457,All families in households,279,177,128,123,5,49,40,9,102,20,82
S01011457,Families with no dependent children,150,113,91,91,0,22,20,2,37,13,24
S01011457,Families with dependent children: Total,129,64,37,32,5,27,20,7,65,7,58
S01011457,Families with dependent children: Youngest aged 0 to 4,46,27,8,7,1,19,14,5,19,1,18
S01011457,Families with dependent children: Youngest aged 5 to 11,44,15,9,6,3,6,5,1,29,4,25
S01011457,Families with dependent children: Youngest aged 12 to 18,39,22,20,19,1,2,1,1,17,2,15
S01011458,All families in households,325,276,234,225,9,42,33,9,49,8,41
S01011458,Families with no dependent children,153,137,115,113,2,22,20,2,16,6,10
S01011458,Families with dependent children: Total,172,139,119,112,7,20,13,7,33,2,31
S01011458,Families with dependent children: Youngest aged 0 to 4,55,47,38,37,1,9,6,3,8,0,8
S01011458,Families with dependent children: Youngest aged 5 to 11,56,40,35,32,3,5,4,1,16,1,15
S01011458,Families with dependent children: Youngest aged 12 to 18,61,52,46,43,3,6,3,3,9,1,8
S01011459,All families in households,315,239,173,168,5,66,55,11,76,9,67
S01011459,Families with no dependent children,146,118,78,77,1,40,37,3,28,5,23
S01011459,Families with dependent children: Total,169,121,95,91,4,26,18,8,48,4,44
S01011459,Families with dependent children: Youngest aged 0 to 4,93,71,57,55,2,14,13,1,22,0,22
S01011459,Families with dependent children: Youngest aged 5 to 11,53,35,28,26,2,7,3,4,18,4,14
S01011459,Families with dependent children: Youngest aged 12 to 18,23,15,10,10,0,5,2,3,8,0,8
S01011460,All families in households,214,156,127,121,6,29,23,6,58,4,54
S01011460,Families with no dependent children,93,74,63,63,0,11,11,0,19,1,18
S01011460,Families with dependent children: Total,121,82,64,58,6,18,12,6,39,3,36
S01011460,Families with dependent children: Youngest aged 0 to 4,38,30,18,16,2,12,8,4,8,2,6
S01011460,Families with dependent children: Youngest aged 5 to 11,55,34,29,28,1,5,4,1,21,1,20
S01011460,Families with dependent children: Youngest aged 12 to 18,28,18,17,14,3,1,0,1,10,0,10
S01011461,All families in households,190,119,91,84,7,28,22,6,71,6,65
S01011461,Families with no dependent children,83,68,53,49,4,15,12,3,15,3,12
S01011461,Families with dependent children: Total,107,51,38,35,3,13,10,3,56,3,53
S01011461,Families with dependent children: Youngest aged 0 to 4,39,18,12,11,1,6,5,1,21,0,21
S01011461,Families with dependent children: Youngest aged 5 to 11,30,16,12,12,0,4,4,0,14,3,11
S01011461,Families with dependent children: Youngest aged 12 to 18,38,17,14,12,2,3,1,2,21,0,21
S01011462,All families in households,245,212,175,169,6,37,33,4,33,2,31
S01011462,Families with no dependent children,145,130,109,106,3,21,21,0,15,1,14
S01011462,Families with dependent children: Total,100,82,66,63,3,16,12,4,18,1,17
S01011462,Families with dependent children: Youngest aged 0 to 4,30,26,16,16,0,10,8,2,4,0,4
S01011462,Families with dependent children: Youngest aged 5 to 11,32,25,21,19,2,4,3,1,7,1,6
S01011462,Families with dependent children: Youngest aged 12 to 18,38,31,29,28,1,2,1,1,7,0,7
S01011463,All families in households,213,170,134,130,4,36,33,3,43,6,37
S01011463,Families with no dependent children,121,109,84,82,2,25,25,0,12,3,9
S01011463,Families with dependent children: Total,92,61,50,48,2,11,8,3,31,3,28
S01011463,Families with dependent children: Youngest aged 0 to 4,34,24,20,18,2,4,4,0,10,0,10
S01011463,Families with dependent children: Youngest aged 5 to 11,38,24,17,17,0,7,4,3,14,2,12
S01011463,Families with dependent children: Youngest aged 12 to 18,20,13,13,13,0,0,0,0,7,1,6
S01011464,All families in households,161,145,102,94,8,43,36,7,16,2,14
S01011464,Families with no dependent children,64,61,38,36,2,23,23,0,3,1,2
S01011464,Families with dependent children: Total,97,84,64,58,6,20,13,7,13,1,12
S01011464,Families with dependent children: Youngest aged 0 to 4,47,43,35,34,1,8,8,0,4,0,4
S01011464,Families with dependent children: Youngest aged 5 to 11,26,25,20,18,2,5,3,2,1,0,1
S01011464,Families with dependent children: Youngest aged 12 to 18,24,16,9,6,3,7,2,5,8,1,7
S01011465,All families in households,150,83,60,56,4,23,16,7,67,9,58
S01011465,Families with no dependent children,66,45,36,34,2,9,8,1,21,5,16
S01011465,Families with dependent children: Total,84,38,24,22,2,14,8,6,46,4,42
S01011465,Families with dependent children: Youngest aged 0 to 4,28,10,7,7,0,3,3,0,18,1,17
S01011465,Families with dependent children: Youngest aged 5 to 11,34,15,10,9,1,5,3,2,19,3,16
S01011465,Families with dependent children: Youngest aged 12 to 18,22,13,7,6,1,6,2,4,9,0,9
S01011466,All families in households,160,111,82,81,1,29,24,5,49,9,40
S01011466,Families with no dependent children,89,74,58,57,1,16,16,0,15,5,10
S01011466,Families with dependent children: Total,71,37,24,24,0,13,8,5,34,4,30
S01011466,Families with dependent children: Youngest aged 0 to 4,34,20,13,13,0,7,5,2,14,0,14
S01011466,Families with dependent children: Youngest aged 5 to 11,24,10,7,7,0,3,2,1,14,2,12
S01011466,Families with dependent children: Youngest aged 12 to 18,13,7,4,4,0,3,1,2,6,2,4
S01011467,All families in households,151,107,90,87,3,17,11,6,44,8,36
S01011467,Families with no dependent children,72,56,46,45,1,10,8,2,16,5,11
S01011467,Families with dependent children: Total,79,51,44,42,2,7,3,4,28,3,25
S01011467,Families with dependent children: Youngest aged 0 to 4,30,21,16,16,0,5,3,2,9,0,9
S01011467,Families with dependent children: Youngest aged 5 to 11,27,17,16,15,1,1,0,1,10,2,8
S01011467,Families with dependent children: Youngest aged 12 to 18,22,13,12,11,1,1,0,1,9,1,8
S01011468,All families in households,260,233,187,179,8,46,40,6,27,3,24
S01011468,Families with no dependent children,82,77,54,53,1,23,21,2,5,1,4
S01011468,Families with dependent children: Total,178,156,133,126,7,23,19,4,22,2,20
S01011468,Families with dependent children: Youngest aged 0 to 4,101,89,75,73,2,14,13,1,12,0,12
S01011468,Families with dependent children: Youngest aged 5 to 11,52,45,37,36,1,8,6,2,7,2,5
S01011468,Families with dependent children: Youngest aged 12 to 18,25,22,21,17,4,1,0,1,3,0,3
S01011469,All families in households,228,151,118,113,5,33,27,6,77,11,66
S01011469,Families with no dependent children,100,76,66,62,4,10,8,2,24,8,16
S01011469,Families with dependent children: Total,128,75,52,51,1,23,19,4,53,3,50
S01011469,Families with dependent children: Youngest aged 0 to 4,60,32,18,18,0,14,12,2,28,2,26
S01011469,Families with dependent children: Youngest aged 5 to 11,39,25,18,17,1,7,5,2,14,1,13
S01011469,Families with dependent children: Youngest aged 12 to 18,29,18,16,16,0,2,2,0,11,0,11
S01011470,All families in households,318,252,209,200,9,43,38,5,66,8,58
S01011470,Families with no dependent children,204,171,149,141,8,22,22,0,33,7,26
S01011470,Families with dependent children: Total,114,81,60,59,1,21,16,5,33,1,32
S01011470,Families with dependent children: Youngest aged 0 to 4,53,42,28,27,1,14,11,3,11,0,11
S01011470,Families with dependent children: Youngest aged 5 to 11,29,16,12,12,0,4,4,0,13,0,13
S01011470,Families with dependent children: Youngest aged 12 to 18,32,23,20,20,0,3,1,2,9,1,8
S01011471,All families in households,254,197,175,170,5,22,19,3,57,14,43
S01011471,Families with no dependent children,176,147,134,134,0,13,13,0,29,11,18
S01011471,Families with dependent children: Total,78,50,41,36,5,9,6,3,28,3,25
S01011471,Families with dependent children: Youngest aged 0 to 4,23,15,13,13,0,2,1,1,8,0,8
S01011471,Families with dependent children: Youngest aged 5 to 11,25,18,13,9,4,5,4,1,7,0,7
S01011471,Families with dependent children: Youngest aged 12 to 18,30,17,15,14,1,2,1,1,13,3,10
S01011472,All families in households,217,151,111,107,4,40,35,5,66,10,56
S01011472,Families with no dependent children,131,110,85,85,0,25,25,0,21,5,16
S01011472,Families with dependent children: Total,86,41,26,22,4,15,10,5,45,5,40
S01011472,Families with dependent children: Youngest aged 0 to 4,33,12,6,6,0,6,6,0,21,3,18
S01011472,Families with dependent children: Youngest aged 5 to 11,29,16,13,11,2,3,2,1,13,0,13
S01011472,Families with dependent children: Youngest aged 12 to 18,24,13,7,5,2,6,2,4,11,2,9
S01011473,All families in households,153,109,93,91,2,16,14,2,44,5,39
S01011473,Families with no dependent children,110,89,80,78,2,9,9,0,21,3,18
S01011473,Families with dependent children: Total,43,20,13,13,0,7,5,2,23,2,21
S01011473,Families with dependent children: Youngest aged 0 to 4,20,10,5,5,0,5,4,1,10,0,10
S01011473,Families with dependent children: Youngest aged 5 to 11,8,6,5,5,0,1,1,0,2,0,2
S01011473,Families with dependent children: Youngest aged 12 to 18,15,4,3,3,0,1,0,1,11,2,9
S01011474,All families in households,198,132,102,97,5,30,26,4,66,8,58
S01011474,Families with no dependent children,121,98,78,77,1,20,19,1,23,6,17
S01011474,Families with dependent children: Total,77,34,24,20,4,10,7,3,43,2,41
S01011474,Families with dependent children: Youngest aged 0 to 4,32,11,7,7,0,4,3,1,21,1,20
S01011474,Families with dependent children: Youngest aged 5 to 11,31,17,12,9,3,5,4,1,14,1,13
S01011474,Families with dependent children: Youngest aged 12 to 18,14,6,5,4,1,1,0,1,8,0,8
S01011475,All families in households,136,87,70,68,2,17,13,4,49,4,45
S01011475,Families with no dependent children,77,66,58,58,0,8,8,0,11,4,7
S01011475,Families with dependent children: Total,59,21,12,10,2,9,5,4,38,0,38
S01011475,Families with dependent children: Youngest aged 0 to 4,23,12,6,5,1,6,4,2,11,0,11
S01011475,Families with dependent children: Youngest aged 5 to 11,20,4,3,2,1,1,0,1,16,0,16
S01011475,Families with dependent children: Youngest aged 12 to 18,16,5,3,3,0,2,1,1,11,0,11
S01011476,All families in households,152,136,123,119,4,13,11,2,16,1,15
S01011476,Families with no dependent children,94,88,82,80,2,6,6,0,6,0,6
S01011476,Families with dependent children: Total,58,48,41,39,2,7,5,2,10,1,9
S01011476,Families with dependent children: Youngest aged 0 to 4,16,15,11,11,0,4,4,0,1,0,1
S01011476,Families with dependent children: Youngest aged 5 to 11,15,13,12,11,1,1,0,1,2,0,2
S01011476,Families with dependent children: Youngest aged 12 to 18,27,20,18,17,1,2,1,1,7,1,6
S01011477,All families in households,283,254,238,233,5,16,14,2,29,5,24
S01011477,Families with no dependent children,190,181,170,169,1,11,10,1,9,1,8
S01011477,Families with dependent children: Total,93,73,68,64,4,5,4,1,20,4,16
S01011477,Families with dependent children: Youngest aged 0 to 4,22,21,20,19,1,1,0,1,1,0,1
S01011477,Families with dependent children: Youngest aged 5 to 11,46,37,33,31,2,4,4,0,9,0,9
S01011477,Families with dependent children: Youngest aged 12 to 18,25,15,15,14,1,0,0,0,10,4,6
S01011478,All families in households,310,280,251,243,8,29,23,6,30,10,20
S01011478,Families with no dependent children,171,155,140,138,2,15,15,0,16,6,10
S01011478,Families with dependent children: Total,139,125,111,105,6,14,8,6,14,4,10
S01011478,Families with dependent children: Youngest aged 0 to 4,39,34,26,25,1,8,7,1,5,1,4
S01011478,Families with dependent children: Youngest aged 5 to 11,54,49,48,47,1,1,0,1,5,1,4
S01011478,Families with dependent children: Youngest aged 12 to 18,46,42,37,33,4,5,1,4,4,2,2
S01011479,All families in households,254,220,175,172,3,45,42,3,34,6,28
S01011479,Families with no dependent children,182,163,133,133,0,30,29,1,19,5,14
S01011479,Families with dependent children: Total,72,57,42,39,3,15,13,2,15,1,14
S01011479,Families with dependent children: Youngest aged 0 to 4,29,23,11,11,0,12,12,0,6,0,6
S01011479,Families with dependent children: Youngest aged 5 to 11,20,15,14,11,3,1,0,1,5,1,4
S01011479,Families with dependent children: Youngest aged 12 to 18,23,19,17,17,0,2,1,1,4,0,4
S01011480,All families in households,297,268,230,227,3,38,33,5,29,2,27
S01011480,Families with no dependent children,180,172,148,148,0,24,23,1,8,1,7
S01011480,Families with dependent children: Total,117,96,82,79,3,14,10,4,21,1,20
S01011480,Families with dependent children: Youngest aged 0 to 4,44,36,29,28,1,7,6,1,8,0,8
S01011480,Families with dependent children: Youngest aged 5 to 11,43,34,31,30,1,3,1,2,9,1,8
S01011480,Families with dependent children: Youngest aged 12 to 18,30,26,22,21,1,4,3,1,4,0,4
S01011481,All families in households,247,207,167,160,7,40,36,4,40,6,34
S01011481,Families with no dependent children,119,105,79,77,2,26,26,0,14,6,8
S01011481,Families with dependent children: Total,128,102,88,83,5,14,10,4,26,0,26
S01011481,Families with dependent children: Youngest aged 0 to 4,58,51,44,44,0,7,7,0,7,0,7
S01011481,Families with dependent children: Youngest aged 5 to 11,40,31,26,23,3,5,3,2,9,0,9
S01011481,Families with dependent children: Youngest aged 12 to 18,30,20,18,16,2,2,0,2,10,0,10
S01011482,All families in households,261,189,158,150,8,31,22,9,72,9,63
S01011482,Families with no dependent children,151,125,111,108,3,14,11,3,26,5,21
S01011482,Families with dependent children: Total,110,64,47,42,5,17,11,6,46,4,42
S01011482,Families with dependent children: Youngest aged 0 to 4,38,24,16,13,3,8,6,2,14,1,13
S01011482,Families with dependent children: Youngest aged 5 to 11,41,22,15,15,0,7,5,2,19,0,19
S01011482,Families with dependent children: Youngest aged 12 to 18,31,18,16,14,2,2,0,2,13,3,10
S01011483,All families in households,168,140,119,117,2,21,18,3,28,3,25
S01011483,Families with no dependent children,107,91,77,76,1,14,14,0,16,3,13
S01011483,Families with dependent children: Total,61,49,42,41,1,7,4,3,12,0,12
S01011483,Families with dependent children: Youngest aged 0 to 4,18,14,12,12,0,2,2,0,4,0,4
S01011483,Families with dependent children: Youngest aged 5 to 11,25,19,17,16,1,2,2,0,6,0,6
S01011483,Families with dependent children: Youngest aged 12 to 18,18,16,13,13,0,3,0,3,2,0,2
S01011484,All families in households,253,173,134,129,5,39,25,14,80,9,71
S01011484,Families with no dependent children,146,114,93,93,0,21,15,6,32,4,28
S01011484,Families with dependent children: Total,107,59,41,36,5,18,10,8,48,5,43
S01011484,Families with dependent children: Youngest aged 0 to 4,35,26,16,14,2,10,7,3,9,2,7
S01011484,Families with dependent children: Youngest aged 5 to 11,42,17,13,11,2,4,1,3,25,2,23
S01011484,Families with dependent children: Youngest aged 12 to 18,30,16,12,11,1,4,2,2,14,1,13
S01011485,All families in households,283,171,136,126,10,35,29,6,112,10,102
S01011485,Families with no dependent children,148,103,88,83,5,15,13,2,45,7,38
S01011485,Families with dependent children: Total,135,68,48,43,5,20,16,4,67,3,64
S01011485,Families with dependent children: Youngest aged 0 to 4,50,21,9,8,1,12,10,2,29,2,27
S01011485,Families with dependent children: Youngest aged 5 to 11,43,22,20,16,4,2,2,0,21,1,20
S01011485,Families with dependent children: Youngest aged 12 to 18,42,25,19,19,0,6,4,2,17,0,17
S01011486,All families in households,159,99,78,74,4,21,18,3,60,6,54
S01011486,Families with no dependent children,77,64,57,57,0,7,7,0,13,4,9
S01011486,Families with dependent children: Total,82,35,21,17,4,14,11,3,47,2,45
S01011486,Families with dependent children: Youngest aged 0 to 4,22,11,6,5,1,5,5,0,11,0,11
S01011486,Families with dependent children: Youngest aged 5 to 11,34,14,11,8,3,3,1,2,20,2,18
S01011486,Families with dependent children: Youngest aged 12 to 18,26,10,4,4,0,6,5,1,16,0,16
S01011487,All families in households,321,195,143,130,13,52,43,9,126,14,112
S01011487,Families with no dependent children,150,110,79,77,2,31,29,2,40,9,31
S01011487,Families with dependent children: Total,171,85,64,53,11,21,14,7,86,5,81
S01011487,Families with dependent children: Youngest aged 0 to 4,59,29,22,19,3,7,6,1,30,0,30
S01011487,Families with dependent children: Youngest aged 5 to 11,66,32,20,17,3,12,7,5,34,1,33
S01011487,Families with dependent children: Youngest aged 12 to 18,46,24,22,17,5,2,1,1,22,4,18
S01011488,All families in households,224,132,105,100,5,27,22,5,92,19,73
S01011488,Families with no dependent children,117,81,70,67,3,11,10,1,36,10,26
S01011488,Families with dependent children: Total,107,51,35,33,2,16,12,4,56,9,47
S01011488,Families with dependent children: Youngest aged 0 to 4,38,19,12,11,1,7,7,0,19,1,18
S01011488,Families with dependent children: Youngest aged 5 to 11,48,21,14,13,1,7,5,2,27,4,23
S01011488,Families with dependent children: Youngest aged 12 to 18,21,11,9,9,0,2,0,2,10,4,6
S01011489,All families in households,212,171,144,133,11,27,24,3,41,4,37
S01011489,Families with no dependent children,70,63,50,48,2,13,12,1,7,3,4
S01011489,Families with dependent children: Total,142,108,94,85,9,14,12,2,34,1,33
S01011489,Families with dependent children: Youngest aged 0 to 4,54,44,39,38,1,5,4,1,10,0,10
S01011489,Families with dependent children: Youngest aged 5 to 11,46,33,29,26,3,4,4,0,13,0,13
S01011489,Families with dependent children: Youngest aged 12 to 18,42,31,26,21,5,5,4,1,11,1,10
S01011490,All families in households,293,219,160,152,8,59,56,3,74,11,63
S01011490,Families with no dependent children,174,143,104,101,3,39,37,2,31,5,26
S01011490,Families with dependent children: Total,119,76,56,51,5,20,19,1,43,6,37
S01011490,Families with dependent children: Youngest aged 0 to 4,56,39,27,23,4,12,12,0,17,1,16
S01011490,Families with dependent children: Youngest aged 5 to 11,38,21,16,16,0,5,5,0,17,3,14
S01011490,Families with dependent children: Youngest aged 12 to 18,25,16,13,12,1,3,2,1,9,2,7
S01011491,All families in households,136,87,65,63,2,22,19,3,49,5,44
S01011491,Families with no dependent children,77,61,45,44,1,16,15,1,16,4,12
S01011491,Families with dependent children: Total,59,26,20,19,1,6,4,2,33,1,32
S01011491,Families with dependent children: Youngest aged 0 to 4,31,13,11,11,0,2,1,1,18,0,18
S01011491,Families with dependent children: Youngest aged 5 to 11,12,6,4,4,0,2,1,1,6,1,5
S01011491,Families with dependent children: Youngest aged 12 to 18,16,7,5,4,1,2,2,0,9,0,9
S01011492,All families in households,194,126,64,64,0,62,59,3,68,11,57
S01011492,Families with no dependent children,101,83,33,33,0,50,48,2,18,7,11
S01011492,Families with dependent children: Total,93,43,31,31,0,12,11,1,50,4,46
S01011492,Families with dependent children: Youngest aged 0 to 4,47,27,18,18,0,9,8,1,20,2,18
S01011492,Families with dependent children: Youngest aged 5 to 11,32,10,7,7,0,3,3,0,22,1,21
S01011492,Families with dependent children: Youngest aged 12 to 18,14,6,6,6,0,0,0,0,8,1,7
S01011493,All families in households,157,146,131,126,5,15,12,3,11,1,10
S01011493,Families with no dependent children,57,56,48,48,0,8,8,0,1,0,1
S01011493,Families with dependent children: Total,100,90,83,78,5,7,4,3,10,1,9
S01011493,Families with dependent children: Youngest aged 0 to 4,30,29,26,26,0,3,3,0,1,0,1
S01011493,Families with dependent children: Youngest aged 5 to 11,38,34,33,29,4,1,0,1,4,0,4
S01011493,Families with dependent children: Youngest aged 12 to 18,32,27,24,23,1,3,1,2,5,1,4
S01011494,All families in households,226,184,145,139,6,39,32,7,42,5,37
S01011494,Families with no dependent children,144,123,103,101,2,20,20,0,21,5,16
S01011494,Families with dependent children: Total,82,61,42,38,4,19,12,7,21,0,21
S01011494,Families with dependent children: Youngest aged 0 to 4,27,23,14,12,2,9,7,2,4,0,4
S01011494,Families with dependent children: Youngest aged 5 to 11,32,20,13,12,1,7,5,2,12,0,12
S01011494,Families with dependent children: Youngest aged 12 to 18,23,18,15,14,1,3,0,3,5,0,5
S01011495,All families in households,236,152,125,117,8,27,15,12,84,15,69
S01011495,Families with no dependent children,139,108,95,91,4,13,10,3,31,12,19
S01011495,Families with dependent children: Total,97,44,30,26,4,14,5,9,53,3,50
S01011495,Families with dependent children: Youngest aged 0 to 4,38,21,15,13,2,6,4,2,17,0,17
S01011495,Families with dependent children: Youngest aged 5 to 11,31,14,9,9,0,5,1,4,17,0,17
S01011495,Families with dependent children: Youngest aged 12 to 18,28,9,6,4,2,3,0,3,19,3,16
S01011496,All families in households,190,99,66,64,2,33,29,4,91,11,80
S01011496,Families with no dependent children,83,57,35,35,0,22,20,2,26,5,21
S01011496,Families with dependent children: Total,107,42,31,29,2,11,9,2,65,6,59
S01011496,Families with dependent children: Youngest aged 0 to 4,53,22,16,14,2,6,5,1,31,2,29
S01011496,Families with dependent children: Youngest aged 5 to 11,32,13,10,10,0,3,3,0,19,3,16
S01011496,Families with dependent children: Youngest aged 12 to 18,22,7,5,5,0,2,1,1,15,1,14
S01011497,All families in households,181,155,117,111,6,38,34,4,26,3,23
S01011497,Families with no dependent children,98,91,67,67,0,24,23,1,7,2,5
S01011497,Families with dependent children: Total,83,64,50,44,6,14,11,3,19,1,18
S01011497,Families with dependent children: Youngest aged 0 to 4,35,25,14,12,2,11,9,2,10,0,10
S01011497,Families with dependent children: Youngest aged 5 to 11,23,16,14,12,2,2,1,1,7,0,7
S01011497,Families with dependent children: Youngest aged 12 to 18,25,23,22,20,2,1,1,0,2,1,1
S01011498,All families in households,201,174,145,138,7,29,26,3,27,5,22
S01011498,Families with no dependent children,97,89,74,72,2,15,15,0,8,3,5
S01011498,Families with dependent children: Total,104,85,71,66,5,14,11,3,19,2,17
S01011498,Families with dependent children: Youngest aged 0 to 4,23,17,11,10,1,6,6,0,6,0,6
S01011498,Families with dependent children: Youngest aged 5 to 11,42,37,30,27,3,7,5,2,5,0,5
S01011498,Families with dependent children: Youngest aged 12 to 18,39,31,30,29,1,1,0,1,8,2,6
S01011499,All families in households,223,184,146,142,4,38,30,8,39,5,34
S01011499,Families with no dependent children,126,112,96,94,2,16,16,0,14,4,10
S01011499,Families with dependent children: Total,97,72,50,48,2,22,14,8,25,1,24
S01011499,Families with dependent children: Youngest aged 0 to 4,38,30,16,15,1,14,10,4,8,0,8
S01011499,Families with dependent children: Youngest aged 5 to 11,27,18,12,12,0,6,3,3,9,1,8
S01011499,Families with dependent children: Youngest aged 12 to 18,32,24,22,21,1,2,1,1,8,0,8
S01011500,All families in households,152,126,110,108,2,16,15,1,26,6,20
S01011500,Families with no dependent children,87,77,69,69,0,8,8,0,10,3,7
S01011500,Families with dependent children: Total,65,49,41,39,2,8,7,1,16,3,13
S01011500,Families with dependent children: Youngest aged 0 to 4,28,19,13,12,1,6,5,1,9,2,7
S01011500,Families with dependent children: Youngest aged 5 to 11,13,8,6,6,0,2,2,0,5,0,5
S01011500,Families with dependent children: Youngest aged 12 to 18,24,22,22,21,1,0,0,0,2,1,1
S01011501,All families in households,199,116,89,88,1,27,23,4,83,10,73
S01011501,Families with no dependent children,108,82,68,67,1,14,13,1,26,7,19
S01011501,Families with dependent children: Total,91,34,21,21,0,13,10,3,57,3,54
S01011501,Families with dependent children: Youngest aged 0 to 4,40,15,7,7,0,8,7,1,25,1,24
S01011501,Families with dependent children: Youngest aged 5 to 11,30,8,6,6,0,2,1,1,22,1,21
S01011501,Families with dependent children: Youngest aged 12 to 18,21,11,8,8,0,3,2,1,10,1,9
S01011502,All families in households,244,192,139,134,5,53,37,16,52,6,46
S01011502,Families with no dependent children,147,126,106,102,4,20,16,4,21,5,16
S01011502,Families with dependent children: Total,97,66,33,32,1,33,21,12,31,1,30
S01011502,Families with dependent children: Youngest aged 0 to 4,39,34,16,15,1,18,14,4,5,0,5
S01011502,Families with dependent children: Youngest aged 5 to 11,43,19,8,8,0,11,5,6,24,0,24
S01011502,Families with dependent children: Youngest aged 12 to 18,15,13,9,9,0,4,2,2,2,1,1
S01011503,All families in households,190,139,118,114,4,21,18,3,51,2,49
S01011503,Families with no dependent children,112,91,82,81,1,9,9,0,21,1,20
S01011503,Families with dependent children: Total,78,48,36,33,3,12,9,3,30,1,29
S01011503,Families with dependent children: Youngest aged 0 to 4,30,23,14,13,1,9,7,2,7,1,6
S01011503,Families with dependent children: Youngest aged 5 to 11,32,15,13,12,1,2,1,1,17,0,17
S01011503,Families with dependent children: Youngest aged 12 to 18,16,10,9,8,1,1,1,0,6,0,6
S01011504,All families in households,166,128,108,105,3,20,14,6,38,7,31
S01011504,Families with no dependent children,101,79,68,68,0,11,8,3,22,6,16
S01011504,Families with dependent children: Total,65,49,40,37,3,9,6,3,16,1,15
S01011504,Families with dependent children: Youngest aged 0 to 4,14,10,9,8,1,1,1,0,4,0,4
S01011504,Families with dependent children: Youngest aged 5 to 11,33,25,19,19,0,6,4,2,8,0,8
S01011504,Families with dependent children: Youngest aged 12 to 18,18,14,12,10,2,2,1,1,4,1,3
S01011505,All families in households,202,128,88,85,3,40,32,8,74,14,60
S01011505,Families with no dependent children,96,69,48,47,1,21,19,2,27,10,17
S01011505,Families with dependent children: Total,106,59,40,38,2,19,13,6,47,4,43
S01011505,Families with dependent children: Youngest aged 0 to 4,43,24,11,10,1,13,11,2,19,0,19
S01011505,Families with dependent children: Youngest aged 5 to 11,39,21,17,17,0,4,1,3,18,3,15
S01011505,Families with dependent children: Youngest aged 12 to 18,24,14,12,11,1,2,1,1,10,1,9
S01011506,All families in households,159,124,105,104,1,19,14,5,35,6,29
S01011506,Families with no dependent children,111,88,79,78,1,9,8,1,23,6,17
S01011506,Families with dependent children: Total,48,36,26,26,0,10,6,4,12,0,12
S01011506,Families with dependent children: Youngest aged 0 to 4,17,13,8,8,0,5,2,3,4,0,4
S01011506,Families with dependent children: Youngest aged 5 to 11,20,14,10,10,0,4,3,1,6,0,6
S01011506,Families with dependent children: Youngest aged 12 to 18,11,9,8,8,0,1,1,0,2,0,2
S01011507,All families in households,181,125,99,95,4,26,23,3,56,9,47
S01011507,Families with no dependent children,116,87,69,67,2,18,17,1,29,6,23
S01011507,Families with dependent children: Total,65,38,30,28,2,8,6,2,27,3,24
S01011507,Families with dependent children: Youngest aged 0 to 4,26,15,10,8,2,5,4,1,11,1,10
S01011507,Families with dependent children: Youngest aged 5 to 11,19,10,9,9,0,1,0,1,9,0,9
S01011507,Families with dependent children: Youngest aged 12 to 18,20,13,11,11,0,2,2,0,7,2,5
S01011508,All families in households,262,212,157,154,3,55,50,5,50,7,43
S01011508,Families with no dependent children,137,120,83,82,1,37,36,1,17,4,13
S01011508,Families with dependent children: Total,125,92,74,72,2,18,14,4,33,3,30
S01011508,Families with dependent children: Youngest aged 0 to 4,57,35,24,24,0,11,10,1,22,1,21
S01011508,Families with dependent children: Youngest aged 5 to 11,45,39,34,32,2,5,3,2,6,1,5
S01011508,Families with dependent children: Youngest aged 12 to 18,23,18,16,16,0,2,1,1,5,1,4
S01011509,All families in households,184,137,113,108,5,24,18,6,47,4,43
S01011509,Families with no dependent children,115,98,84,80,4,14,11,3,17,2,15
S01011509,Families with dependent children: Total,69,39,29,28,1,10,7,3,30,2,28
S01011509,Families with dependent children: Youngest aged 0 to 4,25,12,6,6,0,6,5,1,13,0,13
S01011509,Families with dependent children: Youngest aged 5 to 11,23,12,9,9,0,3,2,1,11,0,11
S01011509,Families with dependent children: Youngest aged 12 to 18,21,15,14,13,1,1,0,1,6,2,4
S01011510,All families in households,315,201,163,151,12,38,33,5,114,9,105
S01011510,Families with no dependent children,139,112,98,95,3,14,14,0,27,6,21
S01011510,Families with dependent children: Total,176,89,65,56,9,24,19,5,87,3,84
S01011510,Families with dependent children: Youngest aged 0 to 4,66,35,21,21,0,14,11,3,31,0,31
S01011510,Families with dependent children: Youngest aged 5 to 11,63,33,25,20,5,8,6,2,30,2,28
S01011510,Families with dependent children: Youngest aged 12 to 18,47,21,19,15,4,2,2,0,26,1,25
S01011511,All families in households,156,108,72,68,4,36,33,3,48,7,41
S01011511,Families with no dependent children,91,68,54,52,2,14,12,2,23,4,19
S01011511,Families with dependent children: Total,65,40,18,16,2,22,21,1,25,3,22
S01011511,Families with dependent children: Youngest aged 0 to 4,25,15,5,4,1,10,10,0,10,1,9
S01011511,Families with dependent children: Youngest aged 5 to 11,30,17,7,7,0,10,10,0,13,1,12
S01011511,Families with dependent children: Youngest aged 12 to 18,10,8,6,5,1,2,1,1,2,1,1
S01011512,All families in households,266,142,98,95,3,44,39,5,124,11,113
S01011512,Families with no dependent children,96,80,62,62,0,18,18,0,16,6,10
S01011512,Families with dependent children: Total,170,62,36,33,3,26,21,5,108,5,103
S01011512,Families with dependent children: Youngest aged 0 to 4,88,35,18,17,1,17,16,1,53,2,51
S01011512,Families with dependent children: Youngest aged 5 to 11,56,16,8,8,0,8,5,3,40,2,38
S01011512,Families with dependent children: Youngest aged 12 to 18,26,11,10,8,2,1,0,1,15,1,14
S01011513,All families in households,214,129,102,96,6,27,21,6,85,7,78
S01011513,Families with no dependent children,104,78,66,65,1,12,11,1,26,3,23
S01011513,Families with dependent children: Total,110,51,36,31,5,15,10,5,59,4,55
S01011513,Families with dependent children: Youngest aged 0 to 4,39,17,7,7,0,10,8,2,22,1,21
S01011513,Families with dependent children: Youngest aged 5 to 11,36,13,11,9,2,2,1,1,23,2,21
S01011513,Families with dependent children: Youngest aged 12 to 18,35,21,18,15,3,3,1,2,14,1,13
S01011514,All families in households,267,177,142,128,14,35,26,9,90,10,80
S01011514,Families with no dependent children,133,99,91,88,3,8,8,0,34,5,29
S01011514,Families with dependent children: Total,134,78,51,40,11,27,18,9,56,5,51
S01011514,Families with dependent children: Youngest aged 0 to 4,51,28,15,12,3,13,10,3,23,2,21
S01011514,Families with dependent children: Youngest aged 5 to 11,38,20,13,11,2,7,4,3,18,1,17
S01011514,Families with dependent children: Youngest aged 12 to 18,45,30,23,17,6,7,4,3,15,2,13
S01011515,All families in households,145,122,85,80,5,37,31,6,23,2,21
S01011515,Families with no dependent children,90,79,55,53,2,24,22,2,11,2,9
S01011515,Families with dependent children: Total,55,43,30,27,3,13,9,4,12,0,12
S01011515,Families with dependent children: Youngest aged 0 to 4,14,12,7,7,0,5,5,0,2,0,2
S01011515,Families with dependent children: Youngest aged 5 to 11,27,19,14,12,2,5,3,2,8,0,8
S01011515,Families with dependent children: Youngest aged 12 to 18,14,12,9,8,1,3,1,2,2,0,2
S01011516,All families in households,270,249,201,194,7,48,38,10,21,5,16
S01011516,Families with no dependent children,145,136,113,109,4,23,21,2,9,2,7
S01011516,Families with dependent children: Total,125,113,88,85,3,25,17,8,12,3,9
S01011516,Families with dependent children: Youngest aged 0 to 4,39,36,26,25,1,10,9,1,3,0,3
S01011516,Families with dependent children: Youngest aged 5 to 11,49,42,33,32,1,9,7,2,7,1,6
S01011516,Families with dependent children: Youngest aged 12 to 18,37,35,29,28,1,6,1,5,2,2,0
S01011517,All families in households,171,131,109,104,5,22,18,4,40,8,32
S01011517,Families with no dependent children,104,80,72,69,3,8,7,1,24,6,18
S01011517,Families with dependent children: Total,67,51,37,35,2,14,11,3,16,2,14
S01011517,Families with dependent children: Youngest aged 0 to 4,25,19,12,11,1,7,6,1,6,1,5
S01011517,Families with dependent children: Youngest aged 5 to 11,21,18,13,13,0,5,3,2,3,0,3
S01011517,Families with dependent children: Youngest aged 12 to 18,21,14,12,11,1,2,2,0,7,1,6
S01011518,All families in households,185,131,107,105,2,24,16,8,54,12,42
S01011518,Families with no dependent children,119,91,82,81,1,9,9,0,28,7,21
S01011518,Families with dependent children: Total,66,40,25,24,1,15,7,8,26,5,21
S01011518,Families with dependent children: Youngest aged 0 to 4,24,12,5,5,0,7,5,2,12,1,11
S01011518,Families with dependent children: Youngest aged 5 to 11,19,14,11,11,0,3,0,3,5,0,5
S01011518,Families with dependent children: Youngest aged 12 to 18,23,14,9,8,1,5,2,3,9,4,5
S01011519,All families in households,226,178,141,135,6,37,32,5,48,2,46
S01011519,Families with no dependent children,141,117,103,99,4,14,12,2,24,1,23
S01011519,Families with dependent children: Total,85,61,38,36,2,23,20,3,24,1,23
S01011519,Families with dependent children: Youngest aged 0 to 4,31,21,13,13,0,8,7,1,10,0,10
S01011519,Families with dependent children: Youngest aged 5 to 11,25,21,12,12,0,9,9,0,4,0,4
S01011519,Families with dependent children: Youngest aged 12 to 18,29,19,13,11,2,6,4,2,10,1,9
S01011520,All families in households,170,104,61,57,4,43,31,12,66,12,54
S01011520,Families with no dependent children,94,68,46,44,2,22,19,3,26,5,21
S01011520,Families with dependent children: Total,76,36,15,13,2,21,12,9,40,7,33
S01011520,Families with dependent children: Youngest aged 0 to 4,31,17,6,6,0,11,6,5,14,1,13
S01011520,Families with dependent children: Youngest aged 5 to 11,27,13,9,7,2,4,3,1,14,1,13
S01011520,Families with dependent children: Youngest aged 12 to 18,18,6,0,0,0,6,3,3,12,5,7
S01011521,All families in households,263,173,118,116,2,55,44,11,90,11,79
S01011521,Families with no dependent children,128,100,73,72,1,27,24,3,28,8,20
S01011521,Families with dependent children: Total,135,73,45,44,1,28,20,8,62,3,59
S01011521,Families with dependent children: Youngest aged 0 to 4,66,42,21,20,1,21,17,4,24,0,24
S01011521,Families with dependent children: Youngest aged 5 to 11,37,17,13,13,0,4,1,3,20,0,20
S01011521,Families with dependent children: Youngest aged 12 to 18,32,14,11,11,0,3,2,1,18,3,15
S01011522,All families in households,235,161,126,117,9,35,32,3,74,9,65
S01011522,Families with no dependent children,131,99,73,70,3,26,26,0,32,6,26
S01011522,Families with dependent children: Total,104,62,53,47,6,9,6,3,42,3,39
S01011522,Families with dependent children: Youngest aged 0 to 4,36,23,18,18,0,5,4,1,13,1,12
S01011522,Families with dependent children: Youngest aged 5 to 11,42,22,22,18,4,0,0,0,20,1,19
S01011522,Families with dependent children: Youngest aged 12 to 18,26,17,13,11,2,4,2,2,9,1,8
S01011523,All families in households,211,155,106,103,3,49,39,10,56,8,48
S01011523,Families with no dependent children,124,104,74,73,1,30,26,4,20,6,14
S01011523,Families with dependent children: Total,87,51,32,30,2,19,13,6,36,2,34
S01011523,Families with dependent children: Youngest aged 0 to 4,28,15,5,5,0,10,9,1,13,0,13
S01011523,Families with dependent children: Youngest aged 5 to 11,29,18,13,12,1,5,3,2,11,0,11
S01011523,Families with dependent children: Youngest aged 12 to 18,30,18,14,13,1,4,1,3,12,2,10
S01011524,All families in households,267,232,191,186,5,41,37,4,35,5,30
S01011524,Families with no dependent children,169,158,130,128,2,28,25,3,11,3,8
S01011524,Families with dependent children: Total,98,74,61,58,3,13,12,1,24,2,22
S01011524,Families with dependent children: Youngest aged 0 to 4,26,19,15,14,1,4,4,0,7,1,6
S01011524,Families with dependent children: Youngest aged 5 to 11,33,27,22,22,0,5,4,1,6,0,6
S01011524,Families with dependent children: Youngest aged 12 to 18,39,28,24,22,2,4,4,0,11,1,10
S01011525,All families in households,265,227,197,191,6,30,25,5,38,6,32
S01011525,Families with no dependent children,140,128,114,113,1,14,13,1,12,5,7
S01011525,Families with dependent children: Total,125,99,83,78,5,16,12,4,26,1,25
S01011525,Families with dependent children: Youngest aged 0 to 4,43,35,28,28,0,7,7,0,8,0,8
S01011525,Families with dependent children: Youngest aged 5 to 11,51,37,31,27,4,6,5,1,14,1,13
S01011525,Families with dependent children: Youngest aged 12 to 18,31,27,24,23,1,3,0,3,4,0,4
S01011526,All families in households,301,229,201,187,14,28,23,5,72,10,62
S01011526,Families with no dependent children,169,140,126,121,5,14,13,1,29,8,21
S01011526,Families with dependent children: Total,132,89,75,66,9,14,10,4,43,2,41
S01011526,Families with dependent children: Youngest aged 0 to 4,48,34,25,21,4,9,7,2,14,0,14
S01011526,Families with dependent children: Youngest aged 5 to 11,50,34,31,27,4,3,2,1,16,0,16
S01011526,Families with dependent children: Youngest aged 12 to 18,34,21,19,18,1,2,1,1,13,2,11
S01011527,All families in households,233,197,183,180,3,14,10,4,36,6,30
S01011527,Families with no dependent children,161,143,132,131,1,11,8,3,18,5,13
S01011527,Families with dependent children: Total,72,54,51,49,2,3,2,1,18,1,17
S01011527,Families with dependent children: Youngest aged 0 to 4,19,15,14,13,1,1,1,0,4,0,4
S01011527,Families with dependent children: Youngest aged 5 to 11,25,17,17,16,1,0,0,0,8,0,8
S01011527,Families with dependent children: Youngest aged 12 to 18,28,22,20,20,0,2,1,1,6,1,5
S01011528,All families in households,290,206,164,157,7,42,34,8,84,8,76
S01011528,Families with no dependent children,178,146,121,117,4,25,23,2,32,5,27
S01011528,Families with dependent children: Total,112,60,43,40,3,17,11,6,52,3,49
S01011528,Families with dependent children: Youngest aged 0 to 4,46,25,17,16,1,8,6,2,21,0,21
S01011528,Families with dependent children: Youngest aged 5 to 11,33,17,10,10,0,7,3,4,16,1,15
S01011528,Families with dependent children: Youngest aged 12 to 18,33,18,16,14,2,2,2,0,15,2,13
S01011529,All families in households,151,84,56,54,2,28,23,5,67,8,59
S01011529,Families with no dependent children,76,57,44,43,1,13,12,1,19,4,15
S01011529,Families with dependent children: Total,75,27,12,11,1,15,11,4,48,4,44
S01011529,Families with dependent children: Youngest aged 0 to 4,30,13,2,1,1,11,9,2,17,2,15
S01011529,Families with dependent children: Youngest aged 5 to 11,34,12,8,8,0,4,2,2,22,1,21
S01011529,Families with dependent children: Youngest aged 12 to 18,11,2,2,2,0,0,0,0,9,1,8
S01011530,All families in households,270,196,147,144,3,49,38,11,74,13,61
S01011530,Families with no dependent children,171,139,111,110,1,28,23,5,32,9,23
S01011530,Families with dependent children: Total,99,57,36,34,2,21,15,6,42,4,38
S01011530,Families with dependent children: Youngest aged 0 to 4,39,25,9,9,0,16,12,4,14,1,13
S01011530,Families with dependent children: Youngest aged 5 to 11,37,20,17,15,2,3,3,0,17,0,17
S01011530,Families with dependent children: Youngest aged 12 to 18,23,12,10,10,0,2,0,2,11,3,8
S01011531,All families in households,337,277,224,214,10,53,49,4,60,7,53
S01011531,Families with no dependent children,197,168,136,133,3,32,31,1,29,5,24
S01011531,Families with dependent children: Total,140,109,88,81,7,21,18,3,31,2,29
S01011531,Families with dependent children: Youngest aged 0 to 4,66,54,41,40,1,13,12,1,12,0,12
S01011531,Families with dependent children: Youngest aged 5 to 11,35,26,24,21,3,2,2,0,9,0,9
S01011531,Families with dependent children: Youngest aged 12 to 18,39,29,23,20,3,6,4,2,10,2,8
S01011532,All families in households,191,161,131,130,1,30,26,4,30,4,26
S01011532,Families with no dependent children,74,69,56,56,0,13,13,0,5,1,4
S01011532,Families with dependent children: Total,117,92,75,74,1,17,13,4,25,3,22
S01011532,Families with dependent children: Youngest aged 0 to 4,42,36,26,26,0,10,9,1,6,0,6
S01011532,Families with dependent children: Youngest aged 5 to 11,41,32,27,27,0,5,4,1,9,1,8
S01011532,Families with dependent children: Youngest aged 12 to 18,34,24,22,21,1,2,0,2,10,2,8
S01011533,All families in households,171,104,74,70,4,30,23,7,67,12,55
S01011533,Families with no dependent children,97,68,48,45,3,20,18,2,29,8,21
S01011533,Families with dependent children: Total,74,36,26,25,1,10,5,5,38,4,34
S01011533,Families with dependent children: Youngest aged 0 to 4,30,18,10,9,1,8,5,3,12,0,12
S01011533,Families with dependent children: Youngest aged 5 to 11,24,10,9,9,0,1,0,1,14,2,12
S01011533,Families with dependent children: Youngest aged 12 to 18,20,8,7,7,0,1,0,1,12,2,10
S01011534,All families in households,223,159,130,126,4,29,25,4,64,6,58
S01011534,Families with no dependent children,115,92,75,75,0,17,16,1,23,3,20
S01011534,Families with dependent children: Total,108,67,55,51,4,12,9,3,41,3,38
S01011534,Families with dependent children: Youngest aged 0 to 4,40,26,19,16,3,7,6,1,14,0,14
S01011534,Families with dependent children: Youngest aged 5 to 11,46,29,25,24,1,4,3,1,17,2,15
S01011534,Families with dependent children: Youngest aged 12 to 18,22,12,11,11,0,1,0,1,10,1,9
S01011535,All families in households,234,125,87,86,1,38,29,9,109,8,101
S01011535,Families with no dependent children,117,83,69,69,0,14,13,1,34,5,29
S01011535,Families with dependent children: Total,117,42,18,17,1,24,16,8,75,3,72
S01011535,Families with dependent children: Youngest aged 0 to 4,60,25,9,9,0,16,11,5,35,2,33
S01011535,Families with dependent children: Youngest aged 5 to 11,31,12,7,6,1,5,3,2,19,1,18
S01011535,Families with dependent children: Youngest aged 12 to 18,26,5,2,2,0,3,2,1,21,0,21
S01011536,All families in households,207,181,161,149,12,20,18,2,26,5,21
S01011536,Families with no dependent children,136,121,108,99,9,13,11,2,15,4,11
S01011536,Families with dependent children: Total,71,60,53,50,3,7,7,0,11,1,10
S01011536,Families with dependent children: Youngest aged 0 to 4,24,20,17,16,1,3,3,0,4,0,4
S01011536,Families with dependent children: Youngest aged 5 to 11,22,18,15,14,1,3,3,0,4,0,4
S01011536,Families with dependent children: Youngest aged 12 to 18,25,22,21,20,1,1,1,0,3,1,2
S01011537,All families in households,163,133,97,92,5,36,34,2,30,2,28
S01011537,Families with no dependent children,96,82,56,55,1,26,25,1,14,0,14
S01011537,Families with dependent children: Total,67,51,41,37,4,10,9,1,16,2,14
S01011537,Families with dependent children: Youngest aged 0 to 4,27,22,15,15,0,7,7,0,5,0,5
S01011537,Families with dependent children: Youngest aged 5 to 11,18,15,13,12,1,2,2,0,3,0,3
S01011537,Families with dependent children: Youngest aged 12 to 18,22,14,13,10,3,1,0,1,8,2,6
S01011538,All families in households,205,185,160,155,5,25,24,1,20,2,18
S01011538,Families with no dependent children,127,117,99,98,1,18,18,0,10,0,10
S01011538,Families with dependent children: Total,78,68,61,57,4,7,6,1,10,2,8
S01011538,Families with dependent children: Youngest aged 0 to 4,28,28,24,23,1,4,3,1,0,0,0
S01011538,Families with dependent children: Youngest aged 5 to 11,17,13,12,11,1,1,1,0,4,0,4
S01011538,Families with dependent children: Youngest aged 12 to 18,33,27,25,23,2,2,2,0,6,2,4
S01011539,All families in households,213,146,112,105,7,34,29,5,67,12,55
S01011539,Families with no dependent children,133,101,79,73,6,22,19,3,32,7,25
S01011539,Families with dependent children: Total,80,45,33,32,1,12,10,2,35,5,30
S01011539,Families with dependent children: Youngest aged 0 to 4,32,20,15,14,1,5,5,0,12,1,11
S01011539,Families with dependent children: Youngest aged 5 to 11,25,15,11,11,0,4,3,1,10,3,7
S01011539,Families with dependent children: Youngest aged 12 to 18,23,10,7,7,0,3,2,1,13,1,12
S01011540,All families in households,329,236,196,184,12,40,33,7,93,16,77
S01011540,Families with no dependent children,197,154,130,128,2,24,22,2,43,11,32
S01011540,Families with dependent children: Total,132,82,66,56,10,16,11,5,50,5,45
S01011540,Families with dependent children: Youngest aged 0 to 4,44,33,26,20,6,7,6,1,11,0,11
S01011540,Families with dependent children: Youngest aged 5 to 11,44,28,24,23,1,4,3,1,16,1,15
S01011540,Families with dependent children: Youngest aged 12 to 18,44,21,16,13,3,5,2,3,23,4,19
S01011541,All families in households,285,179,121,111,10,58,43,15,106,12,94
S01011541,Families with no dependent children,128,98,73,71,2,25,20,5,30,7,23
S01011541,Families with dependent children: Total,157,81,48,40,8,33,23,10,76,5,71
S01011541,Families with dependent children: Youngest aged 0 to 4,48,27,9,7,2,18,16,2,21,0,21
S01011541,Families with dependent children: Youngest aged 5 to 11,58,28,19,15,4,9,4,5,30,1,29
S01011541,Families with dependent children: Youngest aged 12 to 18,51,26,20,18,2,6,3,3,25,4,21
S01011542,All families in households,289,204,166,160,6,38,30,8,85,8,77
S01011542,Families with no dependent children,163,132,113,110,3,19,16,3,31,3,28
S01011542,Families with dependent children: Total,126,72,53,50,3,19,14,5,54,5,49
S01011542,Families with dependent children: Youngest aged 0 to 4,48,28,19,17,2,9,6,3,20,1,19
S01011542,Families with dependent children: Youngest aged 5 to 11,40,21,16,16,0,5,5,0,19,1,18
S01011542,Families with dependent children: Youngest aged 12 to 18,38,23,18,17,1,5,3,2,15,3,12
S01011543,All families in households,236,151,104,100,4,47,34,13,85,6,79
S01011543,Families with no dependent children,107,82,64,62,2,18,14,4,25,3,22
S01011543,Families with dependent children: Total,129,69,40,38,2,29,20,9,60,3,57
S01011543,Families with dependent children: Youngest aged 0 to 4,59,27,12,12,0,15,12,3,32,0,32
S01011543,Families with dependent children: Youngest aged 5 to 11,34,15,11,11,0,4,4,0,19,0,19
S01011543,Families with dependent children: Youngest aged 12 to 18,36,27,17,15,2,10,4,6,9,3,6
S01011544,All families in households,197,144,127,118,9,17,12,5,53,4,49
S01011544,Families with no dependent children,108,93,87,85,2,6,4,2,15,4,11
S01011544,Families with dependent children: Total,89,51,40,33,7,11,8,3,38,0,38
S01011544,Families with dependent children: Youngest aged 0 to 4,32,16,10,10,0,6,5,1,16,0,16
S01011544,Families with dependent children: Youngest aged 5 to 11,23,15,12,9,3,3,2,1,8,0,8
S01011544,Families with dependent children: Youngest aged 12 to 18,34,20,18,14,4,2,1,1,14,0,14
S01011545,All families in households,174,120,95,88,7,25,22,3,54,5,49
S01011545,Families with no dependent children,111,82,67,62,5,15,14,1,29,5,24
S01011545,Families with dependent children: Total,63,38,28,26,2,10,8,2,25,0,25
S01011545,Families with dependent children: Youngest aged 0 to 4,22,10,4,4,0,6,5,1,12,0,12
S01011545,Families with dependent children: Youngest aged 5 to 11,22,17,15,14,1,2,1,1,5,0,5
S01011545,Families with dependent children: Youngest aged 12 to 18,19,11,9,8,1,2,2,0,8,0,8
S01011546,All families in households,214,185,171,165,6,14,11,3,29,2,27
S01011546,Families with no dependent children,77,72,66,63,3,6,6,0,5,1,4
S01011546,Families with dependent children: Total,137,113,105,102,3,8,5,3,24,1,23
S01011546,Families with dependent children: Youngest aged 0 to 4,36,31,28,27,1,3,3,0,5,0,5
S01011546,Families with dependent children: Youngest aged 5 to 11,56,43,41,39,2,2,1,1,13,0,13
S01011546,Families with dependent children: Youngest aged 12 to 18,45,39,36,36,0,3,1,2,6,1,5
S01011547,All families in households,176,147,117,109,8,30,28,2,29,2,27
S01011547,Families with no dependent children,64,59,40,36,4,19,18,1,5,1,4
S01011547,Families with dependent children: Total,112,88,77,73,4,11,10,1,24,1,23
S01011547,Families with dependent children: Youngest aged 0 to 4,44,35,25,24,1,10,10,0,9,0,9
S01011547,Families with dependent children: Youngest aged 5 to 11,47,35,34,32,2,1,0,1,12,1,11
S01011547,Families with dependent children: Youngest aged 12 to 18,21,18,18,17,1,0,0,0,3,0,3
S01011548,All families in households,222,174,147,141,6,27,21,6,48,4,44
S01011548,Families with no dependent children,135,111,96,93,3,15,14,1,24,3,21
S01011548,Families with dependent children: Total,87,63,51,48,3,12,7,5,24,1,23
S01011548,Families with dependent children: Youngest aged 0 to 4,31,23,16,16,0,7,7,0,8,0,8
S01011548,Families with dependent children: Youngest aged 5 to 11,26,19,17,16,1,2,0,2,7,0,7
S01011548,Families with dependent children: Youngest aged 12 to 18,30,21,18,16,2,3,0,3,9,1,8
S01011549,All families in households,259,230,210,207,3,20,17,3,29,4,25
S01011549,Families with no dependent children,168,158,148,146,2,10,9,1,10,2,8
S01011549,Families with dependent children: Total,91,72,62,61,1,10,8,2,19,2,17
S01011549,Families with dependent children: Youngest aged 0 to 4,33,28,21,20,1,7,6,1,5,1,4
S01011549,Families with dependent children: Youngest aged 5 to 11,23,16,13,13,0,3,2,1,7,0,7
S01011549,Families with dependent children: Youngest aged 12 to 18,35,28,28,28,0,0,0,0,7,1,6
S01011550,All families in households,237,210,198,195,3,12,11,1,27,0,27
S01011550,Families with no dependent children,164,148,138,136,2,10,9,1,16,0,16
S01011550,Families with dependent children: Total,73,62,60,59,1,2,2,0,11,0,11
S01011550,Families with dependent children: Youngest aged 0 to 4,24,18,17,17,0,1,1,0,6,0,6
S01011550,Families with dependent children: Youngest aged 5 to 11,21,19,18,17,1,1,1,0,2,0,2
S01011550,Families with dependent children: Youngest aged 12 to 18,28,25,25,25,0,0,0,0,3,0,3
S01011551,All families in households,170,130,112,107,5,18,18,0,40,5,35
S01011551,Families with no dependent children,99,85,75,74,1,10,10,0,14,3,11
S01011551,Families with dependent children: Total,71,45,37,33,4,8,8,0,26,2,24
S01011551,Families with dependent children: Youngest aged 0 to 4,25,16,10,10,0,6,6,0,9,0,9
S01011551,Families with dependent children: Youngest aged 5 to 11,27,16,14,11,3,2,2,0,11,1,10
S01011551,Families with dependent children: Youngest aged 12 to 18,19,13,13,12,1,0,0,0,6,1,5
S01011552,All families in households,222,186,166,161,5,20,16,4,36,5,31
S01011552,Families with no dependent children,137,117,106,102,4,11,11,0,20,3,17
S01011552,Families with dependent children: Total,85,69,60,59,1,9,5,4,16,2,14
S01011552,Families with dependent children: Youngest aged 0 to 4,13,12,9,9,0,3,3,0,1,0,1
S01011552,Families with dependent children: Youngest aged 5 to 11,32,27,23,23,0,4,2,2,5,1,4
S01011552,Families with dependent children: Youngest aged 12 to 18,40,30,28,27,1,2,0,2,10,1,9
S01011553,All families in households,240,215,195,186,9,20,18,2,25,4,21
S01011553,Families with no dependent children,90,82,71,69,2,11,11,0,8,3,5
S01011553,Families with dependent children: Total,150,133,124,117,7,9,7,2,17,1,16
S01011553,Families with dependent children: Youngest aged 0 to 4,57,53,48,46,2,5,4,1,4,1,3
S01011553,Families with dependent children: Youngest aged 5 to 11,51,42,40,38,2,2,2,0,9,0,9
S01011553,Families with dependent children: Youngest aged 12 to 18,42,38,36,33,3,2,1,1,4,0,4
S01011554,All families in households,263,195,161,151,10,34,29,5,68,9,59
S01011554,Families with no dependent children,171,140,116,111,5,24,22,2,31,7,24
S01011554,Families with dependent children: Total,92,55,45,40,5,10,7,3,37,2,35
S01011554,Families with dependent children: Youngest aged 0 to 4,24,12,8,8,0,4,3,1,12,0,12
S01011554,Families with dependent children: Youngest aged 5 to 11,41,25,20,17,3,5,4,1,16,0,16
S01011554,Families with dependent children: Youngest aged 12 to 18,27,18,17,15,2,1,0,1,9,2,7
S01011555,All families in households,164,105,77,72,5,28,22,6,59,2,57
S01011555,Families with no dependent children,86,63,49,47,2,14,13,1,23,1,22
S01011555,Families with dependent children: Total,78,42,28,25,3,14,9,5,36,1,35
S01011555,Families with dependent children: Youngest aged 0 to 4,27,15,7,6,1,8,5,3,12,0,12
S01011555,Families with dependent children: Youngest aged 5 to 11,28,14,10,8,2,4,3,1,14,0,14
S01011555,Families with dependent children: Youngest aged 12 to 18,23,13,11,11,0,2,1,1,10,1,9
S01011556,All families in households,138,79,52,48,4,27,22,5,59,6,53
S01011556,Families with no dependent children,63,47,30,27,3,17,14,3,16,3,13
S01011556,Families with dependent children: Total,75,32,22,21,1,10,8,2,43,3,40
S01011556,Families with dependent children: Youngest aged 0 to 4,25,12,6,6,0,6,5,1,13,2,11
S01011556,Families with dependent children: Youngest aged 5 to 11,32,11,8,8,0,3,3,0,21,0,21
S01011556,Families with dependent children: Youngest aged 12 to 18,18,9,8,7,1,1,0,1,9,1,8
S01011557,All families in households,226,159,127,120,7,32,28,4,67,4,63
S01011557,Families with no dependent children,128,102,85,85,0,17,15,2,26,2,24
S01011557,Families with dependent children: Total,98,57,42,35,7,15,13,2,41,2,39
S01011557,Families with dependent children: Youngest aged 0 to 4,33,18,9,8,1,9,9,0,15,1,14
S01011557,Families with dependent children: Youngest aged 5 to 11,36,19,16,12,4,3,2,1,17,0,17
S01011557,Families with dependent children: Youngest aged 12 to 18,29,20,17,15,2,3,2,1,9,1,8
S01011558,All families in households,172,123,103,96,7,20,16,4,49,7,42
S01011558,Families with no dependent children,86,71,65,64,1,6,4,2,15,5,10
S01011558,Families with dependent children: Total,86,52,38,32,6,14,12,2,34,2,32
S01011558,Families with dependent children: Youngest aged 0 to 4,35,21,14,13,1,7,7,0,14,1,13
S01011558,Families with dependent children: Youngest aged 5 to 11,31,18,12,9,3,6,5,1,13,1,12
S01011558,Families with dependent children: Youngest aged 12 to 18,20,13,12,10,2,1,0,1,7,0,7
S01011559,All families in households,182,126,100,95,5,26,18,8,56,10,46
S01011559,Families with no dependent children,105,84,73,71,2,11,7,4,21,7,14
S01011559,Families with dependent children: Total,77,42,27,24,3,15,11,4,35,3,32
S01011559,Families with dependent children: Youngest aged 0 to 4,30,16,9,9,0,7,7,0,14,2,12
S01011559,Families with dependent children: Youngest aged 5 to 11,33,18,10,9,1,8,4,4,15,1,14
S01011559,Families with dependent children: Youngest aged 12 to 18,14,8,8,6,2,0,0,0,6,0,6
S01011560,All families in households,226,156,127,119,8,29,22,7,70,10,60
S01011560,Families with no dependent children,135,100,86,83,3,14,12,2,35,8,27
S01011560,Families with dependent children: Total,91,56,41,36,5,15,10,5,35,2,33
S01011560,Families with dependent children: Youngest aged 0 to 4,31,17,7,6,1,10,7,3,14,0,14
S01011560,Families with dependent children: Youngest aged 5 to 11,35,24,19,19,0,5,3,2,11,0,11
S01011560,Families with dependent children: Youngest aged 12 to 18,25,15,15,11,4,0,0,0,10,2,8
S01011561,All families in households,230,151,118,112,6,33,28,5,79,7,72
S01011561,Families with no dependent children,121,92,77,76,1,15,13,2,29,4,25
S01011561,Families with dependent children: Total,109,59,41,36,5,18,15,3,50,3,47
S01011561,Families with dependent children: Youngest aged 0 to 4,31,17,9,9,0,8,7,1,14,0,14
S01011561,Families with dependent children: Youngest aged 5 to 11,48,21,11,10,1,10,8,2,27,3,24
S01011561,Families with dependent children: Youngest aged 12 to 18,30,21,21,17,4,0,0,0,9,0,9
S01011562,All families in households,183,85,56,52,4,29,24,5,98,9,89
S01011562,Families with no dependent children,69,38,27,24,3,11,11,0,31,6,25
S01011562,Families with dependent children: Total,114,47,29,28,1,18,13,5,67,3,64
S01011562,Families with dependent children: Youngest aged 0 to 4,38,19,10,10,0,9,7,2,19,0,19
S01011562,Families with dependent children: Youngest aged 5 to 11,48,18,12,11,1,6,4,2,30,0,30
S01011562,Families with dependent children: Youngest aged 12 to 18,28,10,7,7,0,3,2,1,18,3,15
S01011563,All families in households,223,123,91,77,14,32,21,11,100,8,92
S01011563,Families with no dependent children,96,59,48,46,2,11,10,1,37,6,31
S01011563,Families with dependent children: Total,127,64,43,31,12,21,11,10,63,2,61
S01011563,Families with dependent children: Youngest aged 0 to 4,30,16,13,9,4,3,3,0,14,0,14
S01011563,Families with dependent children: Youngest aged 5 to 11,52,24,15,10,5,9,4,5,28,1,27
S01011563,Families with dependent children: Youngest aged 12 to 18,45,24,15,12,3,9,4,5,21,1,20
S01011564,All families in households,291,223,181,171,10,42,35,7,68,10,58
S01011564,Families with no dependent children,152,126,104,101,3,22,19,3,26,6,20
S01011564,Families with dependent children: Total,139,97,77,70,7,20,16,4,42,4,38
S01011564,Families with dependent children: Youngest aged 0 to 4,59,38,24,24,0,14,10,4,21,2,19
S01011564,Families with dependent children: Youngest aged 5 to 11,44,33,27,23,4,6,6,0,11,1,10
S01011564,Families with dependent children: Youngest aged 12 to 18,36,26,26,23,3,0,0,0,10,1,9
S01011565,All families in households,287,207,158,148,10,49,46,3,80,9,71
S01011565,Families with no dependent children,157,130,100,94,6,30,29,1,27,8,19
S01011565,Families with dependent children: Total,130,77,58,54,4,19,17,2,53,1,52
S01011565,Families with dependent children: Youngest aged 0 to 4,53,31,19,17,2,12,12,0,22,0,22
S01011565,Families with dependent children: Youngest aged 5 to 11,49,32,29,27,2,3,1,2,17,1,16
S01011565,Families with dependent children: Youngest aged 12 to 18,28,14,10,10,0,4,4,0,14,0,14
S01011566,All families in households,278,165,133,129,4,32,26,6,113,4,109
S01011566,Families with no dependent children,138,102,89,87,2,13,13,0,36,2,34
S01011566,Families with dependent children: Total,140,63,44,42,2,19,13,6,77,2,75
S01011566,Families with dependent children: Youngest aged 0 to 4,55,23,10,9,1,13,8,5,32,0,32
S01011566,Families with dependent children: Youngest aged 5 to 11,46,18,14,14,0,4,3,1,28,1,27
S01011566,Families with dependent children: Youngest aged 12 to 18,39,22,20,19,1,2,2,0,17,1,16
S01011567,All families in households,274,212,180,176,4,32,25,7,62,7,55
S01011567,Families with no dependent children,177,150,134,133,1,16,14,2,27,5,22
S01011567,Families with dependent children: Total,97,62,46,43,3,16,11,5,35,2,33
S01011567,Families with dependent children: Youngest aged 0 to 4,37,30,19,17,2,11,9,2,7,0,7
S01011567,Families with dependent children: Youngest aged 5 to 11,34,19,16,15,1,3,2,1,15,2,13
S01011567,Families with dependent children: Youngest aged 12 to 18,26,13,11,11,0,2,0,2,13,0,13
S01011568,All families in households,252,201,164,155,9,37,28,9,51,5,46
S01011568,Families with no dependent children,125,102,81,78,3,21,19,2,23,5,18
S01011568,Families with dependent children: Total,127,99,83,77,6,16,9,7,28,0,28
S01011568,Families with dependent children: Youngest aged 0 to 4,49,41,34,33,1,7,6,1,8,0,8
S01011568,Families with dependent children: Youngest aged 5 to 11,45,33,30,27,3,3,1,2,12,0,12
S01011568,Families with dependent children: Youngest aged 12 to 18,33,25,19,17,2,6,2,4,8,0,8
S01011569,All families in households,281,232,202,191,11,30,26,4,49,4,45
S01011569,Families with no dependent children,169,151,134,128,6,17,15,2,18,1,17
S01011569,Families with dependent children: Total,112,81,68,63,5,13,11,2,31,3,28
S01011569,Families with dependent children: Youngest aged 0 to 4,44,35,29,27,2,6,5,1,9,0,9
S01011569,Families with dependent children: Youngest aged 5 to 11,39,27,25,22,3,2,2,0,12,3,9
S01011569,Families with dependent children: Youngest aged 12 to 18,29,19,14,14,0,5,4,1,10,0,10
S01011570,All families in households,205,139,115,114,1,24,23,1,66,8,58
S01011570,Families with no dependent children,118,96,81,80,1,15,15,0,22,8,14
S01011570,Families with dependent children: Total,87,43,34,34,0,9,8,1,44,0,44
S01011570,Families with dependent children: Youngest aged 0 to 4,24,17,12,12,0,5,4,1,7,0,7
S01011570,Families with dependent children: Youngest aged 5 to 11,34,17,14,14,0,3,3,0,17,0,17
S01011570,Families with dependent children: Youngest aged 12 to 18,29,9,8,8,0,1,1,0,20,0,20
S01011571,All families in households,159,90,67,63,4,23,23,0,69,11,58
S01011571,Families with no dependent children,102,67,50,49,1,17,17,0,35,11,24
S01011571,Families with dependent children: Total,57,23,17,14,3,6,6,0,34,0,34
S01011571,Families with dependent children: Youngest aged 0 to 4,27,12,8,7,1,4,4,0,15,0,15
S01011571,Families with dependent children: Youngest aged 5 to 11,18,8,7,5,2,1,1,0,10,0,10
S01011571,Families with dependent children: Youngest aged 12 to 18,12,3,2,2,0,1,1,0,9,0,9
S01011572,All families in households,161,110,84,80,4,26,23,3,51,7,44
S01011572,Families with no dependent children,92,75,61,59,2,14,14,0,17,5,12
S01011572,Families with dependent children: Total,69,35,23,21,2,12,9,3,34,2,32
S01011572,Families with dependent children: Youngest aged 0 to 4,30,13,6,6,0,7,6,1,17,1,16
S01011572,Families with dependent children: Youngest aged 5 to 11,19,9,5,4,1,4,3,1,10,0,10
S01011572,Families with dependent children: Youngest aged 12 to 18,20,13,12,11,1,1,0,1,7,1,6
S01011573,All families in households,290,254,203,193,10,51,39,12,36,5,31
S01011573,Families with no dependent children,131,125,96,95,1,29,27,2,6,0,6
S01011573,Families with dependent children: Total,159,129,107,98,9,22,12,10,30,5,25
S01011573,Families with dependent children: Youngest aged 0 to 4,64,56,44,41,3,12,7,5,8,2,6
S01011573,Families with dependent children: Youngest aged 5 to 11,46,35,29,27,2,6,4,2,11,1,10
S01011573,Families with dependent children: Youngest aged 12 to 18,49,38,34,30,4,4,1,3,11,2,9
S01011574,All families in households,236,184,155,151,4,29,24,5,52,10,42
S01011574,Families with no dependent children,111,96,83,80,3,13,12,1,15,5,10
S01011574,Families with dependent children: Total,125,88,72,71,1,16,12,4,37,5,32
S01011574,Families with dependent children: Youngest aged 0 to 4,48,36,24,23,1,12,9,3,12,2,10
S01011574,Families with dependent children: Youngest aged 5 to 11,50,36,32,32,0,4,3,1,14,1,13
S01011574,Families with dependent children: Youngest aged 12 to 18,27,16,16,16,0,0,0,0,11,2,9
S01011575,All families in households,145,111,81,78,3,30,29,1,34,2,32
S01011575,Families with no dependent children,69,56,43,43,0,13,13,0,13,1,12
S01011575,Families with dependent children: Total,76,55,38,35,3,17,16,1,21,1,20
S01011575,Families with dependent children: Youngest aged 0 to 4,32,26,17,15,2,9,9,0,6,0,6
S01011575,Families with dependent children: Youngest aged 5 to 11,29,20,17,16,1,3,3,0,9,1,8
S01011575,Families with dependent children: Youngest aged 12 to 18,15,9,4,4,0,5,4,1,6,0,6
S01011576,All families in households,196,98,78,72,6,20,15,5,98,14,84
S01011576,Families with no dependent children,98,62,52,50,2,10,9,1,36,8,28
S01011576,Families with dependent children: Total,98,36,26,22,4,10,6,4,62,6,56
S01011576,Families with dependent children: Youngest aged 0 to 4,28,9,4,4,0,5,2,3,19,0,19
S01011576,Families with dependent children: Youngest aged 5 to 11,42,13,13,11,2,0,0,0,29,1,28
S01011576,Families with dependent children: Youngest aged 12 to 18,28,14,9,7,2,5,4,1,14,5,9
S01011577,All families in households,200,143,115,113,2,28,28,0,57,5,52
S01011577,Families with no dependent children,106,92,79,77,2,13,13,0,14,3,11
S01011577,Families with dependent children: Total,94,51,36,36,0,15,15,0,43,2,41
S01011577,Families with dependent children: Youngest aged 0 to 4,38,23,15,15,0,8,8,0,15,0,15
S01011577,Families with dependent children: Youngest aged 5 to 11,37,18,12,12,0,6,6,0,19,2,17
S01011577,Families with dependent children: Youngest aged 12 to 18,19,10,9,9,0,1,1,0,9,0,9
S01011578,All families in households,236,148,111,108,3,37,29,8,88,7,81
S01011578,Families with no dependent children,108,84,63,61,2,21,18,3,24,6,18
S01011578,Families with dependent children: Total,128,64,48,47,1,16,11,5,64,1,63
S01011578,Families with dependent children: Youngest aged 0 to 4,57,21,13,13,0,8,5,3,36,0,36
S01011578,Families with dependent children: Youngest aged 5 to 11,41,23,17,16,1,6,5,1,18,1,17
S01011578,Families with dependent children: Youngest aged 12 to 18,30,20,18,18,0,2,1,1,10,0,10
S01011579,All families in households,323,291,277,272,5,14,11,3,32,6,26
S01011579,Families with no dependent children,199,183,176,175,1,7,7,0,16,4,12
S01011579,Families with dependent children: Total,124,108,101,97,4,7,4,3,16,2,14
S01011579,Families with dependent children: Youngest aged 0 to 4,37,33,29,28,1,4,3,1,4,0,4
S01011579,Families with dependent children: Youngest aged 5 to 11,44,38,36,35,1,2,0,2,6,0,6
S01011579,Families with dependent children: Youngest aged 12 to 18,43,37,36,34,2,1,1,0,6,2,4
S01011580,All families in households,229,145,102,97,5,43,37,6,84,10,74
S01011580,Families with no dependent children,86,64,42,40,2,22,21,1,22,7,15
S01011580,Families with dependent children: Total,143,81,60,57,3,21,16,5,62,3,59
S01011580,Families with dependent children: Youngest aged 0 to 4,69,46,34,33,1,12,10,2,23,0,23
S01011580,Families with dependent children: Youngest aged 5 to 11,45,20,13,12,1,7,5,2,25,3,22
S01011580,Families with dependent children: Youngest aged 12 to 18,29,15,13,12,1,2,1,1,14,0,14
S01011581,All families in households,188,124,98,95,3,26,19,7,64,7,57
S01011581,Families with no dependent children,115,85,73,71,2,12,12,0,30,7,23
S01011581,Families with dependent children: Total,73,39,25,24,1,14,7,7,34,0,34
S01011581,Families with dependent children: Youngest aged 0 to 4,39,20,10,10,0,10,7,3,19,0,19
S01011581,Families with dependent children: Youngest aged 5 to 11,19,9,6,6,0,3,0,3,10,0,10
S01011581,Families with dependent children: Youngest aged 12 to 18,15,10,9,8,1,1,0,1,5,0,5
S01011582,All families in households,322,281,238,230,8,43,36,7,41,5,36
S01011582,Families with no dependent children,217,199,165,160,5,34,29,5,18,2,16
S01011582,Families with dependent children: Total,105,82,73,70,3,9,7,2,23,3,20
S01011582,Families with dependent children: Youngest aged 0 to 4,40,33,26,26,0,7,6,1,7,1,6
S01011582,Families with dependent children: Youngest aged 5 to 11,21,17,17,16,1,0,0,0,4,0,4
S01011582,Families with dependent children: Youngest aged 12 to 18,44,32,30,28,2,2,1,1,12,2,10
S01011583,All families in households,189,133,90,89,1,43,42,1,56,9,47
S01011583,Families with no dependent children,114,92,61,61,0,31,31,0,22,8,14
S01011583,Families with dependent children: Total,75,41,29,28,1,12,11,1,34,1,33
S01011583,Families with dependent children: Youngest aged 0 to 4,35,22,13,12,1,9,9,0,13,0,13
S01011583,Families with dependent children: Youngest aged 5 to 11,23,9,6,6,0,3,2,1,14,0,14
S01011583,Families with dependent children: Youngest aged 12 to 18,17,10,10,10,0,0,0,0,7,1,6
S01011584,All families in households,208,157,119,111,8,38,30,8,51,3,48
S01011584,Families with no dependent children,127,109,87,84,3,22,20,2,18,3,15
S01011584,Families with dependent children: Total,81,48,32,27,5,16,10,6,33,0,33
S01011584,Families with dependent children: Youngest aged 0 to 4,39,23,14,13,1,9,8,1,16,0,16
S01011584,Families with dependent children: Youngest aged 5 to 11,21,12,8,7,1,4,1,3,9,0,9
S01011584,Families with dependent children: Youngest aged 12 to 18,21,13,10,7,3,3,1,2,8,0,8
S01011585,All families in households,217,134,98,91,7,36,34,2,83,6,77
S01011585,Families with no dependent children,117,88,69,67,2,19,19,0,29,6,23
S01011585,Families with dependent children: Total,100,46,29,24,5,17,15,2,54,0,54
S01011585,Families with dependent children: Youngest aged 0 to 4,45,21,12,11,1,9,9,0,24,0,24
S01011585,Families with dependent children: Youngest aged 5 to 11,25,15,9,7,2,6,4,2,10,0,10
S01011585,Families with dependent children: Youngest aged 12 to 18,30,10,8,6,2,2,2,0,20,0,20
S01011586,All families in households,165,116,85,84,1,31,23,8,49,3,46
S01011586,Families with no dependent children,98,85,64,63,1,21,19,2,13,2,11
S01011586,Families with dependent children: Total,67,31,21,21,0,10,4,6,36,1,35
S01011586,Families with dependent children: Youngest aged 0 to 4,22,10,6,6,0,4,2,2,12,0,12
S01011586,Families with dependent children: Youngest aged 5 to 11,22,9,6,6,0,3,2,1,13,0,13
S01011586,Families with dependent children: Youngest aged 12 to 18,23,12,9,9,0,3,0,3,11,1,10
S01011587,All families in households,179,98,79,75,4,19,16,3,81,12,69
S01011587,Families with no dependent children,90,62,55,52,3,7,7,0,28,5,23
S01011587,Families with dependent children: Total,89,36,24,23,1,12,9,3,53,7,46
S01011587,Families with dependent children: Youngest aged 0 to 4,22,13,7,7,0,6,5,1,9,0,9
S01011587,Families with dependent children: Youngest aged 5 to 11,34,11,8,7,1,3,3,0,23,3,20
S01011587,Families with dependent children: Youngest aged 12 to 18,33,12,9,9,0,3,1,2,21,4,17
S01011588,All families in households,227,139,112,108,4,27,18,9,88,13,75
S01011588,Families with no dependent children,106,78,65,65,0,13,9,4,28,5,23
S01011588,Families with dependent children: Total,121,61,47,43,4,14,9,5,60,8,52
S01011588,Families with dependent children: Youngest aged 0 to 4,36,17,12,12,0,5,5,0,19,0,19
S01011588,Families with dependent children: Youngest aged 5 to 11,45,20,16,14,2,4,1,3,25,4,21
S01011588,Families with dependent children: Youngest aged 12 to 18,40,24,19,17,2,5,3,2,16,4,12
S01011589,All families in households,263,204,171,161,10,33,29,4,59,11,48
S01011589,Families with no dependent children,156,134,116,110,6,18,18,0,22,4,18
S01011589,Families with dependent children: Total,107,70,55,51,4,15,11,4,37,7,30
S01011589,Families with dependent children: Youngest aged 0 to 4,32,26,17,17,0,9,6,3,6,1,5
S01011589,Families with dependent children: Youngest aged 5 to 11,41,23,19,16,3,4,3,1,18,3,15
S01011589,Families with dependent children: Youngest aged 12 to 18,34,21,19,18,1,2,2,0,13,3,10
S01011590,All families in households,197,144,113,108,5,31,22,9,53,12,41
S01011590,Families with no dependent children,113,86,72,70,2,14,11,3,27,8,19
S01011590,Families with dependent children: Total,84,58,41,38,3,17,11,6,26,4,22
S01011590,Families with dependent children: Youngest aged 0 to 4,28,24,16,14,2,8,7,1,4,0,4
S01011590,Families with dependent children: Youngest aged 5 to 11,34,19,12,11,1,7,4,3,15,3,12
S01011590,Families with dependent children: Youngest aged 12 to 18,22,15,13,13,0,2,0,2,7,1,6
S01011591,All families in households,166,117,91,88,3,26,22,4,49,9,40
S01011591,Families with no dependent children,97,78,64,64,0,14,13,1,19,8,11
S01011591,Families with dependent children: Total,69,39,27,24,3,12,9,3,30,1,29
S01011591,Families with dependent children: Youngest aged 0 to 4,21,13,8,8,0,5,4,1,8,0,8
S01011591,Families with dependent children: Youngest aged 5 to 11,29,16,10,9,1,6,4,2,13,1,12
S01011591,Families with dependent children: Youngest aged 12 to 18,19,10,9,7,2,1,1,0,9,0,9
S01011592,All families in households,209,123,86,81,5,37,30,7,86,15,71
S01011592,Families with no dependent children,109,85,66,61,5,19,18,1,24,6,18
S01011592,Families with dependent children: Total,100,38,20,20,0,18,12,6,62,9,53
S01011592,Families with dependent children: Youngest aged 0 to 4,40,19,4,4,0,15,10,5,21,3,18
S01011592,Families with dependent children: Youngest aged 5 to 11,41,11,9,9,0,2,2,0,30,2,28
S01011592,Families with dependent children: Youngest aged 12 to 18,19,8,7,7,0,1,0,1,11,4,7
S01011593,All families in households,211,162,136,130,6,26,21,5,49,7,42
S01011593,Families with no dependent children,126,104,84,82,2,20,18,2,22,5,17
S01011593,Families with dependent children: Total,85,58,52,48,4,6,3,3,27,2,25
S01011593,Families with dependent children: Youngest aged 0 to 4,31,23,20,19,1,3,2,1,8,1,7
S01011593,Families with dependent children: Youngest aged 5 to 11,25,15,14,12,2,1,1,0,10,0,10
S01011593,Families with dependent children: Youngest aged 12 to 18,29,20,18,17,1,2,0,2,9,1,8
S01011594,All families in households,126,101,78,75,3,23,22,1,25,6,19
S01011594,Families with no dependent children,81,70,57,57,0,13,13,0,11,4,7
S01011594,Families with dependent children: Total,45,31,21,18,3,10,9,1,14,2,12
S01011594,Families with dependent children: Youngest aged 0 to 4,15,8,3,3,0,5,5,0,7,0,7
S01011594,Families with dependent children: Youngest aged 5 to 11,13,10,5,4,1,5,4,1,3,1,2
S01011594,Families with dependent children: Youngest aged 12 to 18,17,13,13,11,2,0,0,0,4,1,3
S01011595,All families in households,168,141,110,105,5,31,30,1,27,2,25
S01011595,Families with no dependent children,109,96,75,72,3,21,21,0,13,1,12
S01011595,Families with dependent children: Total,59,45,35,33,2,10,9,1,14,1,13
S01011595,Families with dependent children: Youngest aged 0 to 4,23,19,11,10,1,8,8,0,4,0,4
S01011595,Families with dependent children: Youngest aged 5 to 11,17,10,10,10,0,0,0,0,7,0,7
S01011595,Families with dependent children: Youngest aged 12 to 18,19,16,14,13,1,2,1,1,3,1,2
S01011596,All families in households,281,205,160,155,5,45,42,3,76,12,64
S01011596,Families with no dependent children,176,144,108,106,2,36,36,0,32,8,24
S01011596,Families with dependent children: Total,105,61,52,49,3,9,6,3,44,4,40
S01011596,Families with dependent children: Youngest aged 0 to 4,37,16,10,10,0,6,6,0,21,1,20
S01011596,Families with dependent children: Youngest aged 5 to 11,27,15,14,12,2,1,0,1,12,0,12
S01011596,Families with dependent children: Youngest aged 12 to 18,41,30,28,27,1,2,0,2,11,3,8
S01011597,All families in households,133,110,90,85,5,20,18,2,23,4,19
S01011597,Families with no dependent children,77,68,53,51,2,15,15,0,9,3,6
S01011597,Families with dependent children: Total,56,42,37,34,3,5,3,2,14,1,13
S01011597,Families with dependent children: Youngest aged 0 to 4,11,8,5,5,0,3,3,0,3,0,3
S01011597,Families with dependent children: Youngest aged 5 to 11,21,13,12,11,1,1,0,1,8,1,7
S01011597,Families with dependent children: Youngest aged 12 to 18,24,21,20,18,2,1,0,1,3,0,3
S01011598,All families in households,152,74,33,29,4,41,38,3,78,21,57
S01011598,Families with no dependent children,72,52,21,19,2,31,30,1,20,8,12
S01011598,Families with dependent children: Total,80,22,12,10,2,10,8,2,58,13,45
S01011598,Families with dependent children: Youngest aged 0 to 4,43,12,4,3,1,8,7,1,31,1,30
S01011598,Families with dependent children: Youngest aged 5 to 11,20,5,4,3,1,1,1,0,15,5,10
S01011598,Families with dependent children: Youngest aged 12 to 18,17,5,4,4,0,1,0,1,12,7,5
S01011599,All families in households,239,171,143,140,3,28,23,5,68,8,60
S01011599,Families with no dependent children,139,114,98,96,2,16,15,1,25,5,20
S01011599,Families with dependent children: Total,100,57,45,44,1,12,8,4,43,3,40
S01011599,Families with dependent children: Youngest aged 0 to 4,34,18,12,12,0,6,5,1,16,0,16
S01011599,Families with dependent children: Youngest aged 5 to 11,42,26,23,22,1,3,2,1,16,3,13
S01011599,Families with dependent children: Youngest aged 12 to 18,24,13,10,10,0,3,1,2,11,0,11
S01011600,All families in households,216,155,118,112,6,37,32,5,61,9,52
S01011600,Families with no dependent children,133,112,88,85,3,24,24,0,21,5,16
S01011600,Families with dependent children: Total,83,43,30,27,3,13,8,5,40,4,36
S01011600,Families with dependent children: Youngest aged 0 to 4,39,21,15,13,2,6,4,2,18,2,16
S01011600,Families with dependent children: Youngest aged 5 to 11,20,10,7,7,0,3,1,2,10,1,9
S01011600,Families with dependent children: Youngest aged 12 to 18,24,12,8,7,1,4,3,1,12,1,11
S01011601,All families in households,269,218,183,182,1,35,33,2,51,6,45
S01011601,Families with no dependent children,126,117,94,94,0,23,23,0,9,4,5
S01011601,Families with dependent children: Total,143,101,89,88,1,12,10,2,42,2,40
S01011601,Families with dependent children: Youngest aged 0 to 4,61,43,35,35,0,8,8,0,18,1,17
S01011601,Families with dependent children: Youngest aged 5 to 11,27,17,16,16,0,1,1,0,10,1,9
S01011601,Families with dependent children: Youngest aged 12 to 18,55,41,38,37,1,3,1,2,14,0,14
S01011602,All families in households,177,129,102,96,6,27,23,4,48,9,39
S01011602,Families with no dependent children,96,82,68,65,3,14,12,2,14,4,10
S01011602,Families with dependent children: Total,81,47,34,31,3,13,11,2,34,5,29
S01011602,Families with dependent children: Youngest aged 0 to 4,35,22,14,13,1,8,8,0,13,0,13
S01011602,Families with dependent children: Youngest aged 5 to 11,23,10,7,7,0,3,3,0,13,1,12
S01011602,Families with dependent children: Youngest aged 12 to 18,23,15,13,11,2,2,0,2,8,4,4
S01011603,All families in households,192,131,105,101,4,26,23,3,61,4,57
S01011603,Families with no dependent children,116,93,77,75,2,16,15,1,23,2,21
S01011603,Families with dependent children: Total,76,38,28,26,2,10,8,2,38,2,36
S01011603,Families with dependent children: Youngest aged 0 to 4,31,13,7,7,0,6,6,0,18,1,17
S01011603,Families with dependent children: Youngest aged 5 to 11,28,16,13,11,2,3,2,1,12,0,12
S01011603,Families with dependent children: Youngest aged 12 to 18,17,9,8,8,0,1,0,1,8,1,7
S01011604,All families in households,197,130,111,106,5,19,15,4,67,11,56
S01011604,Families with no dependent children,96,76,71,71,0,5,5,0,20,5,15
S01011604,Families with dependent children: Total,101,54,40,35,5,14,10,4,47,6,41
S01011604,Families with dependent children: Youngest aged 0 to 4,46,23,14,14,0,9,7,2,23,4,19
S01011604,Families with dependent children: Youngest aged 5 to 11,37,21,16,12,4,5,3,2,16,0,16
S01011604,Families with dependent children: Youngest aged 12 to 18,18,10,10,9,1,0,0,0,8,2,6
S01011605,All families in households,239,192,173,169,4,19,15,4,47,9,38
S01011605,Families with no dependent children,150,130,122,120,2,8,7,1,20,8,12
S01011605,Families with dependent children: Total,89,62,51,49,2,11,8,3,27,1,26
S01011605,Families with dependent children: Youngest aged 0 to 4,36,24,19,19,0,5,5,0,12,1,11
S01011605,Families with dependent children: Youngest aged 5 to 11,21,15,14,13,1,1,0,1,6,0,6
S01011605,Families with dependent children: Youngest aged 12 to 18,32,23,18,17,1,5,3,2,9,0,9
S01011606,All families in households,299,253,213,206,7,40,35,5,46,11,35
S01011606,Families with no dependent children,114,101,80,78,2,21,20,1,13,6,7
S01011606,Families with dependent children: Total,185,152,133,128,5,19,15,4,33,5,28
S01011606,Families with dependent children: Youngest aged 0 to 4,79,73,62,60,2,11,8,3,6,0,6
S01011606,Families with dependent children: Youngest aged 5 to 11,63,49,43,42,1,6,5,1,14,1,13
S01011606,Families with dependent children: Youngest aged 12 to 18,43,30,28,26,2,2,2,0,13,4,9
S01011607,All families in households,178,154,142,140,2,12,11,1,24,3,21
S01011607,Families with no dependent children,107,98,91,90,1,7,7,0,9,3,6
S01011607,Families with dependent children: Total,71,56,51,50,1,5,4,1,15,0,15
S01011607,Families with dependent children: Youngest aged 0 to 4,25,23,18,18,0,5,4,1,2,0,2
S01011607,Families with dependent children: Youngest aged 5 to 11,20,13,13,13,0,0,0,0,7,0,7
S01011607,Families with dependent children: Youngest aged 12 to 18,26,20,20,19,1,0,0,0,6,0,6
S01011608,All families in households,299,251,207,199,8,44,38,6,48,3,45
S01011608,Families with no dependent children,157,147,119,115,4,28,26,2,10,2,8
S01011608,Families with dependent children: Total,142,104,88,84,4,16,12,4,38,1,37
S01011608,Families with dependent children: Youngest aged 0 to 4,52,36,30,28,2,6,6,0,16,0,16
S01011608,Families with dependent children: Youngest aged 5 to 11,59,43,37,37,0,6,4,2,16,0,16
S01011608,Families with dependent children: Youngest aged 12 to 18,31,25,21,19,2,4,2,2,6,1,5
S01011609,All families in households,252,133,98,94,4,35,34,1,119,16,103
S01011609,Families with no dependent children,109,74,57,54,3,17,17,0,35,7,28
S01011609,Families with dependent children: Total,143,59,41,40,1,18,17,1,84,9,75
S01011609,Families with dependent children: Youngest aged 0 to 4,62,28,16,16,0,12,11,1,34,1,33
S01011609,Families with dependent children: Youngest aged 5 to 11,42,14,12,12,0,2,2,0,28,3,25
S01011609,Families with dependent children: Youngest aged 12 to 18,39,17,13,12,1,4,4,0,22,5,17
S01011610,All families in households,246,148,111,104,7,37,32,5,98,12,86
S01011610,Families with no dependent children,125,90,69,65,4,21,19,2,35,7,28
S01011610,Families with dependent children: Total,121,58,42,39,3,16,13,3,63,5,58
S01011610,Families with dependent children: Youngest aged 0 to 4,50,27,15,15,0,12,10,2,23,2,21
S01011610,Families with dependent children: Youngest aged 5 to 11,46,16,15,14,1,1,1,0,30,2,28
S01011610,Families with dependent children: Youngest aged 12 to 18,25,15,12,10,2,3,2,1,10,1,9
S01011611,All families in households,188,159,134,129,5,25,22,3,29,2,27
S01011611,Families with no dependent children,108,101,87,87,0,14,14,0,7,2,5
S01011611,Families with dependent children: Total,80,58,47,42,5,11,8,3,22,0,22
S01011611,Families with dependent children: Youngest aged 0 to 4,30,21,16,15,1,5,5,0,9,0,9
S01011611,Families with dependent children: Youngest aged 5 to 11,25,18,13,10,3,5,3,2,7,0,7
S01011611,Families with dependent children: Youngest aged 12 to 18,25,19,18,17,1,1,0,1,6,0,6
S01011612,All families in households,186,174,133,126,7,41,35,6,12,0,12
S01011612,Families with no dependent children,73,72,47,46,1,25,22,3,1,0,1
S01011612,Families with dependent children: Total,113,102,86,80,6,16,13,3,11,0,11
S01011612,Families with dependent children: Youngest aged 0 to 4,60,56,48,46,2,8,8,0,4,0,4
S01011612,Families with dependent children: Youngest aged 5 to 11,32,29,24,23,1,5,3,2,3,0,3
S01011612,Families with dependent children: Youngest aged 12 to 18,21,17,14,11,3,3,2,1,4,0,4
S01011613,All families in households,315,281,261,252,9,20,16,4,34,2,32
S01011613,Families with no dependent children,210,202,189,186,3,13,12,1,8,1,7
S01011613,Families with dependent children: Total,105,79,72,66,6,7,4,3,26,1,25
S01011613,Families with dependent children: Youngest aged 0 to 4,32,23,19,17,2,4,4,0,9,0,9
S01011613,Families with dependent children: Youngest aged 5 to 11,34,24,22,19,3,2,0,2,10,1,9
S01011613,Families with dependent children: Youngest aged 12 to 18,39,32,31,30,1,1,0,1,7,0,7
S01011614,All families in households,137,116,95,94,1,21,20,1,21,5,16
S01011614,Families with no dependent children,89,76,65,64,1,11,11,0,13,4,9
S01011614,Families with dependent children: Total,48,40,30,30,0,10,9,1,8,1,7
S01011614,Families with dependent children: Youngest aged 0 to 4,17,15,8,8,0,7,6,1,2,0,2
S01011614,Families with dependent children: Youngest aged 5 to 11,13,10,10,10,0,0,0,0,3,1,2
S01011614,Families with dependent children: Youngest aged 12 to 18,18,15,12,12,0,3,3,0,3,0,3
S01011615,All families in households,221,148,112,109,3,36,30,6,73,8,65
S01011615,Families with no dependent children,110,89,73,72,1,16,14,2,21,4,17
S01011615,Families with dependent children: Total,111,59,39,37,2,20,16,4,52,4,48
S01011615,Families with dependent children: Youngest aged 0 to 4,42,23,7,6,1,16,14,2,19,1,18
S01011615,Families with dependent children: Youngest aged 5 to 11,34,15,13,13,0,2,2,0,19,3,16
S01011615,Families with dependent children: Youngest aged 12 to 18,35,21,19,18,1,2,0,2,14,0,14
S01011616,All families in households,125,80,64,64,0,16,16,0,45,6,39
S01011616,Families with no dependent children,74,60,51,51,0,9,9,0,14,3,11
S01011616,Families with dependent children: Total,51,20,13,13,0,7,7,0,31,3,28
S01011616,Families with dependent children: Youngest aged 0 to 4,20,11,5,5,0,6,6,0,9,0,9
S01011616,Families with dependent children: Youngest aged 5 to 11,20,6,5,5,0,1,1,0,14,2,12
S01011616,Families with dependent children: Youngest aged 12 to 18,11,3,3,3,0,0,0,0,8,1,7
S01011617,All families in households,249,171,144,136,8,27,22,5,78,9,69
S01011617,Families with no dependent children,156,122,107,104,3,15,14,1,34,6,28
S01011617,Families with dependent children: Total,93,49,37,32,5,12,8,4,44,3,41
S01011617,Families with dependent children: Youngest aged 0 to 4,28,11,9,8,1,2,1,1,17,0,17
S01011617,Families with dependent children: Youngest aged 5 to 11,27,17,14,11,3,3,2,1,10,1,9
S01011617,Families with dependent children: Youngest aged 12 to 18,38,21,14,13,1,7,5,2,17,2,15
S01011618,All families in households,186,125,99,95,4,26,21,5,61,8,53
S01011618,Families with no dependent children,91,76,63,62,1,13,12,1,15,4,11
S01011618,Families with dependent children: Total,95,49,36,33,3,13,9,4,46,4,42
S01011618,Families with dependent children: Youngest aged 0 to 4,41,18,14,11,3,4,3,1,23,1,22
S01011618,Families with dependent children: Youngest aged 5 to 11,34,20,11,11,0,9,6,3,14,2,12
S01011618,Families with dependent children: Youngest aged 12 to 18,20,11,11,11,0,0,0,0,9,1,8
S01011619,All families in households,318,266,230,220,10,36,31,5,52,6,46
S01011619,Families with no dependent children,162,144,121,119,2,23,21,2,18,4,14
S01011619,Families with dependent children: Total,156,122,109,101,8,13,10,3,34,2,32
S01011619,Families with dependent children: Youngest aged 0 to 4,56,41,34,33,1,7,6,1,15,0,15
S01011619,Families with dependent children: Youngest aged 5 to 11,65,50,46,42,4,4,3,1,15,1,14
S01011619,Families with dependent children: Youngest aged 12 to 18,35,31,29,26,3,2,1,1,4,1,3
S01011620,All families in households,340,299,233,219,14,66,59,7,41,2,39
S01011620,Families with no dependent children,153,141,103,101,2,38,38,0,12,2,10
S01011620,Families with dependent children: Total,187,158,130,118,12,28,21,7,29,0,29
S01011620,Families with dependent children: Youngest aged 0 to 4,82,74,58,50,8,16,15,1,8,0,8
S01011620,Families with dependent children: Youngest aged 5 to 11,66,53,44,43,1,9,4,5,13,0,13
S01011620,Families with dependent children: Youngest aged 12 to 18,39,31,28,25,3,3,2,1,8,0,8
S01011621,All families in households,232,178,145,137,8,33,26,7,54,12,42
S01011621,Families with no dependent children,120,98,86,85,1,12,11,1,22,7,15
S01011621,Families with dependent children: Total,112,80,59,52,7,21,15,6,32,5,27
S01011621,Families with dependent children: Youngest aged 0 to 4,43,33,22,20,2,11,9,2,10,0,10
S01011621,Families with dependent children: Youngest aged 5 to 11,42,27,18,15,3,9,6,3,15,3,12
S01011621,Families with dependent children: Youngest aged 12 to 18,27,20,19,17,2,1,0,1,7,2,5
S01011622,All families in households,190,173,143,135,8,30,27,3,17,6,11
S01011622,Families with no dependent children,83,75,58,56,2,17,16,1,8,4,4
S01011622,Families with dependent children: Total,107,98,85,79,6,13,11,2,9,2,7
S01011622,Families with dependent children: Youngest aged 0 to 4,46,43,36,35,1,7,7,0,3,1,2
S01011622,Families with dependent children: Youngest aged 5 to 11,43,41,35,33,2,6,4,2,2,1,1
S01011622,Families with dependent children: Youngest aged 12 to 18,18,14,14,11,3,0,0,0,4,0,4
S01011623,All families in households,204,148,121,117,4,27,24,3,56,8,48
S01011623,Families with no dependent children,108,93,79,78,1,14,14,0,15,4,11
S01011623,Families with dependent children: Total,96,55,42,39,3,13,10,3,41,4,37
S01011623,Families with dependent children: Youngest aged 0 to 4,36,22,16,16,0,6,5,1,14,1,13
S01011623,Families with dependent children: Youngest aged 5 to 11,31,17,13,11,2,4,4,0,14,2,12
S01011623,Families with dependent children: Youngest aged 12 to 18,29,16,13,12,1,3,1,2,13,1,12
S01011624,All families in households,223,170,131,126,5,39,31,8,53,2,51
S01011624,Families with no dependent children,112,96,73,73,0,23,18,5,16,1,15
S01011624,Families with dependent children: Total,111,74,58,53,5,16,13,3,37,1,36
S01011624,Families with dependent children: Youngest aged 0 to 4,43,29,19,19,0,10,10,0,14,0,14
S01011624,Families with dependent children: Youngest aged 5 to 11,51,36,30,26,4,6,3,3,15,1,14
S01011624,Families with dependent children: Youngest aged 12 to 18,17,9,9,8,1,0,0,0,8,0,8
S01011625,All families in households,167,129,108,100,8,21,16,5,38,3,35
S01011625,Families with no dependent children,94,85,73,73,0,12,12,0,9,1,8
S01011625,Families with dependent children: Total,73,44,35,27,8,9,4,5,29,2,27
S01011625,Families with dependent children: Youngest aged 0 to 4,30,19,16,13,3,3,1,2,11,1,10
S01011625,Families with dependent children: Youngest aged 5 to 11,22,13,9,8,1,4,3,1,9,0,9
S01011625,Families with dependent children: Youngest aged 12 to 18,21,12,10,6,4,2,0,2,9,1,8
S01011626,All families in households,231,199,172,166,6,27,26,1,32,4,28
S01011626,Families with no dependent children,98,91,74,73,1,17,17,0,7,3,4
S01011626,Families with dependent children: Total,133,108,98,93,5,10,9,1,25,1,24
S01011626,Families with dependent children: Youngest aged 0 to 4,45,37,29,27,2,8,8,0,8,1,7
S01011626,Families with dependent children: Youngest aged 5 to 11,37,30,30,29,1,0,0,0,7,0,7
S01011626,Families with dependent children: Youngest aged 12 to 18,51,41,39,37,2,2,1,1,10,0,10
S01011627,All families in households,220,191,165,158,7,26,22,4,29,4,25
S01011627,Families with no dependent children,90,82,70,70,0,12,11,1,8,2,6
S01011627,Families with dependent children: Total,130,109,95,88,7,14,11,3,21,2,19
S01011627,Families with dependent children: Youngest aged 0 to 4,54,48,39,35,4,9,9,0,6,1,5
S01011627,Families with dependent children: Youngest aged 5 to 11,47,39,38,36,2,1,1,0,8,1,7
S01011627,Families with dependent children: Youngest aged 12 to 18,29,22,18,17,1,4,1,3,7,0,7
S01011628,All families in households,344,303,273,260,13,30,25,5,41,6,35
S01011628,Families with no dependent children,211,193,178,170,8,15,13,2,18,4,14
S01011628,Families with dependent children: Total,133,110,95,90,5,15,12,3,23,2,21
S01011628,Families with dependent children: Youngest aged 0 to 4,42,36,27,27,0,9,8,1,6,1,5
S01011628,Families with dependent children: Youngest aged 5 to 11,42,36,32,29,3,4,3,1,6,1,5
S01011628,Families with dependent children: Youngest aged 12 to 18,49,38,36,34,2,2,1,1,11,0,11
S01011629,All families in households,192,121,103,96,7,18,14,4,71,9,62
S01011629,Families with no dependent children,107,79,73,69,4,6,6,0,28,6,22
S01011629,Families with dependent children: Total,85,42,30,27,3,12,8,4,43,3,40
S01011629,Families with dependent children: Youngest aged 0 to 4,30,18,11,10,1,7,6,1,12,0,12
S01011629,Families with dependent children: Youngest aged 5 to 11,31,13,10,9,1,3,2,1,18,2,16
S01011629,Families with dependent children: Youngest aged 12 to 18,24,11,9,8,1,2,0,2,13,1,12
S01011630,All families in households,195,142,118,111,7,24,20,4,53,4,49
S01011630,Families with no dependent children,109,90,80,78,2,10,10,0,19,1,18
S01011630,Families with dependent children: Total,86,52,38,33,5,14,10,4,34,3,31
S01011630,Families with dependent children: Youngest aged 0 to 4,21,12,7,5,2,5,5,0,9,0,9
S01011630,Families with dependent children: Youngest aged 5 to 11,41,20,13,12,1,7,5,2,21,2,19
S01011630,Families with dependent children: Youngest aged 12 to 18,24,20,18,16,2,2,0,2,4,1,3
S01011631,All families in households,174,97,78,73,5,19,13,6,77,16,61
S01011631,Families with no dependent children,79,56,48,48,0,8,8,0,23,6,17
S01011631,Families with dependent children: Total,95,41,30,25,5,11,5,6,54,10,44
S01011631,Families with dependent children: Youngest aged 0 to 4,37,17,13,11,2,4,2,2,20,2,18
S01011631,Families with dependent children: Youngest aged 5 to 11,37,13,9,8,1,4,2,2,24,4,20
S01011631,Families with dependent children: Youngest aged 12 to 18,21,11,8,6,2,3,1,2,10,4,6
S01011632,All families in households,225,138,102,96,6,36,29,7,87,5,82
S01011632,Families with no dependent children,115,83,64,62,2,19,16,3,32,4,28
S01011632,Families with dependent children: Total,110,55,38,34,4,17,13,4,55,1,54
S01011632,Families with dependent children: Youngest aged 0 to 4,41,17,13,11,2,4,3,1,24,0,24
S01011632,Families with dependent children: Youngest aged 5 to 11,40,21,14,12,2,7,6,1,19,1,18
S01011632,Families with dependent children: Youngest aged 12 to 18,29,17,11,11,0,6,4,2,12,0,12
S01011633,All families in households,229,158,129,122,7,29,23,6,71,13,58
S01011633,Families with no dependent children,132,105,94,91,3,11,9,2,27,7,20
S01011633,Families with dependent children: Total,97,53,35,31,4,18,14,4,44,6,38
S01011633,Families with dependent children: Youngest aged 0 to 4,37,19,11,10,1,8,7,1,18,0,18
S01011633,Families with dependent children: Youngest aged 5 to 11,38,26,17,15,2,9,7,2,12,2,10
S01011633,Families with dependent children: Youngest aged 12 to 18,22,8,7,6,1,1,0,1,14,4,10
S01011634,All families in households,160,107,87,82,5,20,18,2,53,4,49
S01011634,Families with no dependent children,76,65,54,53,1,11,10,1,11,2,9
S01011634,Families with dependent children: Total,84,42,33,29,4,9,8,1,42,2,40
S01011634,Families with dependent children: Youngest aged 0 to 4,28,12,9,9,0,3,3,0,16,1,15
S01011634,Families with dependent children: Youngest aged 5 to 11,31,15,13,12,1,2,1,1,16,0,16
S01011634,Families with dependent children: Youngest aged 12 to 18,25,15,11,8,3,4,4,0,10,1,9
S01011635,All families in households,202,138,111,107,4,27,19,8,64,9,55
S01011635,Families with no dependent children,106,82,71,67,4,11,8,3,24,4,20
S01011635,Families with dependent children: Total,96,56,40,40,0,16,11,5,40,5,35
S01011635,Families with dependent children: Youngest aged 0 to 4,42,30,17,17,0,13,9,4,12,1,11
S01011635,Families with dependent children: Youngest aged 5 to 11,28,12,12,12,0,0,0,0,16,2,14
S01011635,Families with dependent children: Youngest aged 12 to 18,26,14,11,11,0,3,2,1,12,2,10
S01011636,All families in households,210,134,114,104,10,20,17,3,76,6,70
S01011636,Families with no dependent children,103,84,74,71,3,10,8,2,19,5,14
S01011636,Families with dependent children: Total,107,50,40,33,7,10,9,1,57,1,56
S01011636,Families with dependent children: Youngest aged 0 to 4,49,21,11,8,3,10,9,1,28,0,28
S01011636,Families with dependent children: Youngest aged 5 to 11,39,20,20,16,4,0,0,0,19,0,19
S01011636,Families with dependent children: Youngest aged 12 to 18,19,9,9,9,0,0,0,0,10,1,9
S01011637,All families in households,200,132,106,102,4,26,21,5,68,9,59
S01011637,Families with no dependent children,109,82,72,72,0,10,9,1,27,7,20
S01011637,Families with dependent children: Total,91,50,34,30,4,16,12,4,41,2,39
S01011637,Families with dependent children: Youngest aged 0 to 4,31,15,7,7,0,8,6,2,16,0,16
S01011637,Families with dependent children: Youngest aged 5 to 11,31,17,12,11,1,5,3,2,14,0,14
S01011637,Families with dependent children: Youngest aged 12 to 18,29,18,15,12,3,3,3,0,11,2,9
S01011638,All families in households,139,106,86,86,0,20,18,2,33,5,28
S01011638,Families with no dependent children,94,80,68,68,0,12,12,0,14,4,10
S01011638,Families with dependent children: Total,45,26,18,18,0,8,6,2,19,1,18
S01011638,Families with dependent children: Youngest aged 0 to 4,15,9,5,5,0,4,4,0,6,0,6
S01011638,Families with dependent children: Youngest aged 5 to 11,14,9,7,7,0,2,1,1,5,0,5
S01011638,Families with dependent children: Youngest aged 12 to 18,16,8,6,6,0,2,1,1,8,1,7
S01011639,All families in households,172,96,74,67,7,22,19,3,76,9,67
S01011639,Families with no dependent children,87,61,49,48,1,12,10,2,26,5,21
S01011639,Families with dependent children: Total,85,35,25,19,6,10,9,1,50,4,46
S01011639,Families with dependent children: Youngest aged 0 to 4,30,13,6,5,1,7,7,0,17,0,17
S01011639,Families with dependent children: Youngest aged 5 to 11,33,10,9,5,4,1,1,0,23,2,21
S01011639,Families with dependent children: Youngest aged 12 to 18,22,12,10,9,1,2,1,1,10,2,8
S01011640,All families in households,194,148,117,110,7,31,20,11,46,8,38
S01011640,Families with no dependent children,103,86,75,74,1,11,9,2,17,5,12
S01011640,Families with dependent children: Total,91,62,42,36,6,20,11,9,29,3,26
S01011640,Families with dependent children: Youngest aged 0 to 4,31,24,12,11,1,12,8,4,7,0,7
S01011640,Families with dependent children: Youngest aged 5 to 11,26,21,15,13,2,6,2,4,5,1,4
S01011640,Families with dependent children: Youngest aged 12 to 18,34,17,15,12,3,2,1,1,17,2,15
S01011641,All families in households,154,139,135,134,1,4,4,0,15,2,13
S01011641,Families with no dependent children,96,88,85,84,1,3,3,0,8,1,7
S01011641,Families with dependent children: Total,58,51,50,50,0,1,1,0,7,1,6
S01011641,Families with dependent children: Youngest aged 0 to 4,14,13,12,12,0,1,1,0,1,0,1
S01011641,Families with dependent children: Youngest aged 5 to 11,18,15,15,15,0,0,0,0,3,0,3
S01011641,Families with dependent children: Youngest aged 12 to 18,26,23,23,23,0,0,0,0,3,1,2
S01011642,All families in households,245,205,174,171,3,31,26,5,40,5,35
S01011642,Families with no dependent children,153,140,120,119,1,20,19,1,13,1,12
S01011642,Families with dependent children: Total,92,65,54,52,2,11,7,4,27,4,23
S01011642,Families with dependent children: Youngest aged 0 to 4,35,23,16,16,0,7,6,1,12,0,12
S01011642,Families with dependent children: Youngest aged 5 to 11,25,16,15,14,1,1,0,1,9,1,8
S01011642,Families with dependent children: Youngest aged 12 to 18,32,26,23,22,1,3,1,2,6,3,3
S01011643,All families in households,167,159,128,120,8,31,27,4,8,1,7
S01011643,Families with no dependent children,87,87,70,69,1,17,17,0,0,0,0
S01011643,Families with dependent children: Total,80,72,58,51,7,14,10,4,8,1,7
S01011643,Families with dependent children: Youngest aged 0 to 4,46,43,33,31,2,10,9,1,3,0,3
S01011643,Families with dependent children: Youngest aged 5 to 11,17,13,13,11,2,0,0,0,4,0,4
S01011643,Families with dependent children: Youngest aged 12 to 18,17,16,12,9,3,4,1,3,1,1,0
S01011644,All families in households,206,180,157,153,4,23,19,4,26,2,24
S01011644,Families with no dependent children,121,113,100,100,0,13,11,2,8,0,8
S01011644,Families with dependent children: Total,85,67,57,53,4,10,8,2,18,2,16
S01011644,Families with dependent children: Youngest aged 0 to 4,22,18,12,12,0,6,5,1,4,0,4
S01011644,Families with dependent children: Youngest aged 5 to 11,35,30,27,24,3,3,2,1,5,1,4
S01011644,Families with dependent children: Youngest aged 12 to 18,28,19,18,17,1,1,1,0,9,1,8
S01011645,All families in households,165,124,104,102,2,20,16,4,41,7,34
S01011645,Families with no dependent children,108,93,81,79,2,12,10,2,15,5,10
S01011645,Families with dependent children: Total,57,31,23,23,0,8,6,2,26,2,24
S01011645,Families with dependent children: Youngest aged 0 to 4,20,13,8,8,0,5,4,1,7,0,7
S01011645,Families with dependent children: Youngest aged 5 to 11,23,11,9,9,0,2,2,0,12,2,10
S01011645,Families with dependent children: Youngest aged 12 to 18,14,7,6,6,0,1,0,1,7,0,7
S01011646,All families in households,228,212,198,196,2,14,9,5,16,3,13
S01011646,Families with no dependent children,151,147,137,137,0,10,9,1,4,1,3
S01011646,Families with dependent children: Total,77,65,61,59,2,4,0,4,12,2,10
S01011646,Families with dependent children: Youngest aged 0 to 4,26,20,18,18,0,2,0,2,6,0,6
S01011646,Families with dependent children: Youngest aged 5 to 11,17,14,12,11,1,2,0,2,3,1,2
S01011646,Families with dependent children: Youngest aged 12 to 18,34,31,31,30,1,0,0,0,3,1,2
S01011647,All families in households,269,230,190,182,8,40,37,3,39,6,33
S01011647,Families with no dependent children,135,128,102,97,5,26,25,1,7,3,4
S01011647,Families with dependent children: Total,134,102,88,85,3,14,12,2,32,3,29
S01011647,Families with dependent children: Youngest aged 0 to 4,44,33,26,26,0,7,7,0,11,1,10
S01011647,Families with dependent children: Youngest aged 5 to 11,47,34,30,29,1,4,3,1,13,1,12
S01011647,Families with dependent children: Youngest aged 12 to 18,43,35,32,30,2,3,2,1,8,1,7
S01011648,All families in households,211,170,118,113,5,52,44,8,41,6,35
S01011648,Families with no dependent children,89,78,48,46,2,30,29,1,11,3,8
S01011648,Families with dependent children: Total,122,92,70,67,3,22,15,7,30,3,27
S01011648,Families with dependent children: Youngest aged 0 to 4,71,59,43,43,0,16,14,2,12,0,12
S01011648,Families with dependent children: Youngest aged 5 to 11,33,22,18,17,1,4,1,3,11,1,10
S01011648,Families with dependent children: Youngest aged 12 to 18,18,11,9,7,2,2,0,2,7,2,5
S01011649,All families in households,148,99,65,61,4,34,29,5,49,5,44
S01011649,Families with no dependent children,74,62,39,38,1,23,22,1,12,2,10
S01011649,Families with dependent children: Total,74,37,26,23,3,11,7,4,37,3,34
S01011649,Families with dependent children: Youngest aged 0 to 4,32,19,11,11,0,8,5,3,13,0,13
S01011649,Families with dependent children: Youngest aged 5 to 11,26,11,10,8,2,1,1,0,15,1,14
S01011649,Families with dependent children: Youngest aged 12 to 18,16,7,5,4,1,2,1,1,9,2,7
S01011650,All families in households,221,178,153,150,3,25,23,2,43,10,33
S01011650,Families with no dependent children,135,115,102,100,2,13,13,0,20,9,11
S01011650,Families with dependent children: Total,86,63,51,50,1,12,10,2,23,1,22
S01011650,Families with dependent children: Youngest aged 0 to 4,36,26,21,21,0,5,5,0,10,0,10
S01011650,Families with dependent children: Youngest aged 5 to 11,31,23,17,16,1,6,4,2,8,1,7
S01011650,Families with dependent children: Youngest aged 12 to 18,19,14,13,13,0,1,1,0,5,0,5
S01011651,All families in households,259,196,157,151,6,39,33,6,63,7,56
S01011651,Families with no dependent children,150,126,102,102,0,24,21,3,24,6,18
S01011651,Families with dependent children: Total,109,70,55,49,6,15,12,3,39,1,38
S01011651,Families with dependent children: Youngest aged 0 to 4,40,27,22,20,2,5,5,0,13,0,13
S01011651,Families with dependent children: Youngest aged 5 to 11,32,21,17,14,3,4,4,0,11,1,10
S01011651,Families with dependent children: Youngest aged 12 to 18,37,22,16,15,1,6,3,3,15,0,15
S01011652,All families in households,219,181,156,153,3,25,22,3,38,5,33
S01011652,Families with no dependent children,129,117,104,104,0,13,12,1,12,3,9
S01011652,Families with dependent children: Total,90,64,52,49,3,12,10,2,26,2,24
S01011652,Families with dependent children: Youngest aged 0 to 4,30,23,14,14,0,9,9,0,7,0,7
S01011652,Families with dependent children: Youngest aged 5 to 11,29,19,16,14,2,3,1,2,10,2,8
S01011652,Families with dependent children: Youngest aged 12 to 18,31,22,22,21,1,0,0,0,9,0,9
S01011653,All families in households,264,186,152,144,8,34,29,5,78,9,69
S01011653,Families with no dependent children,149,117,103,100,3,14,13,1,32,6,26
S01011653,Families with dependent children: Total,115,69,49,44,5,20,16,4,46,3,43
S01011653,Families with dependent children: Youngest aged 0 to 4,37,24,15,14,1,9,9,0,13,0,13
S01011653,Families with dependent children: Youngest aged 5 to 11,42,22,14,12,2,8,6,2,20,0,20
S01011653,Families with dependent children: Youngest aged 12 to 18,36,23,20,18,2,3,1,2,13,3,10
S01011654,All families in households,265,195,153,149,4,42,41,1,70,9,61
S01011654,Families with no dependent children,162,136,103,102,1,33,32,1,26,5,21
S01011654,Families with dependent children: Total,103,59,50,47,3,9,9,0,44,4,40
S01011654,Families with dependent children: Youngest aged 0 to 4,47,27,20,19,1,7,7,0,20,0,20
S01011654,Families with dependent children: Youngest aged 5 to 11,32,15,14,13,1,1,1,0,17,4,13
S01011654,Families with dependent children: Youngest aged 12 to 18,24,17,16,15,1,1,1,0,7,0,7
S01011655,All families in households,230,132,111,106,5,21,20,1,98,9,89
S01011655,Families with no dependent children,136,108,90,87,3,18,18,0,28,3,25
S01011655,Families with dependent children: Total,94,24,21,19,2,3,2,1,70,6,64
S01011655,Families with dependent children: Youngest aged 0 to 4,43,7,7,7,0,0,0,0,36,2,34
S01011655,Families with dependent children: Youngest aged 5 to 11,30,12,10,9,1,2,1,1,18,1,17
S01011655,Families with dependent children: Youngest aged 12 to 18,21,5,4,3,1,1,1,0,16,3,13
S01011656,All families in households,161,98,69,66,3,29,27,2,63,4,59
S01011656,Families with no dependent children,82,61,44,43,1,17,16,1,21,1,20
S01011656,Families with dependent children: Total,79,37,25,23,2,12,11,1,42,3,39
S01011656,Families with dependent children: Youngest aged 0 to 4,38,17,8,8,0,9,9,0,21,2,19
S01011656,Families with dependent children: Youngest aged 5 to 11,21,9,7,5,2,2,2,0,12,0,12
S01011656,Families with dependent children: Youngest aged 12 to 18,20,11,10,10,0,1,0,1,9,1,8
S01011657,All families in households,126,79,54,53,1,25,22,3,47,6,41
S01011657,Families with no dependent children,62,51,35,34,1,16,16,0,11,3,8
S01011657,Families with dependent children: Total,64,28,19,19,0,9,6,3,36,3,33
S01011657,Families with dependent children: Youngest aged 0 to 4,24,9,3,3,0,6,3,3,15,0,15
S01011657,Families with dependent children: Youngest aged 5 to 11,24,12,10,10,0,2,2,0,12,2,10
S01011657,Families with dependent children: Youngest aged 12 to 18,16,7,6,6,0,1,1,0,9,1,8
S01011658,All families in households,193,146,121,114,7,25,23,2,47,11,36
S01011658,Families with no dependent children,118,101,88,85,3,13,12,1,17,4,13
S01011658,Families with dependent children: Total,75,45,33,29,4,12,11,1,30,7,23
S01011658,Families with dependent children: Youngest aged 0 to 4,32,17,10,9,1,7,6,1,15,3,12
S01011658,Families with dependent children: Youngest aged 5 to 11,19,11,8,6,2,3,3,0,8,1,7
S01011658,Families with dependent children: Youngest aged 12 to 18,24,17,15,14,1,2,2,0,7,3,4
S01011659,All families in households,242,168,142,131,11,26,23,3,74,5,69
S01011659,Families with no dependent children,139,124,110,105,5,14,14,0,15,3,12
S01011659,Families with dependent children: Total,103,44,32,26,6,12,9,3,59,2,57
S01011659,Families with dependent children: Youngest aged 0 to 4,40,18,10,9,1,8,5,3,22,0,22
S01011659,Families with dependent children: Youngest aged 5 to 11,37,14,11,10,1,3,3,0,23,0,23
S01011659,Families with dependent children: Youngest aged 12 to 18,26,12,11,7,4,1,1,0,14,2,12
S01011660,All families in households,278,237,203,198,5,34,29,5,41,4,37
S01011660,Families with no dependent children,185,168,144,142,2,24,22,2,17,3,14
S01011660,Families with dependent children: Total,93,69,59,56,3,10,7,3,24,1,23
S01011660,Families with dependent children: Youngest aged 0 to 4,22,14,11,11,0,3,3,0,8,0,8
S01011660,Families with dependent children: Youngest aged 5 to 11,32,22,17,16,1,5,3,2,10,0,10
S01011660,Families with dependent children: Youngest aged 12 to 18,39,33,31,29,2,2,1,1,6,1,5
S01011661,All families in households,154,117,95,89,6,22,18,4,37,8,29
S01011661,Families with no dependent children,89,77,65,63,2,12,12,0,12,5,7
S01011661,Families with dependent children: Total,65,40,30,26,4,10,6,4,25,3,22
S01011661,Families with dependent children: Youngest aged 0 to 4,17,10,4,3,1,6,3,3,7,0,7
S01011661,Families with dependent children: Youngest aged 5 to 11,20,14,10,8,2,4,3,1,6,0,6
S01011661,Families with dependent children: Youngest aged 12 to 18,28,16,16,15,1,0,0,0,12,3,9
S01011662,All families in households,190,170,147,143,4,23,20,3,20,3,17
S01011662,Families with no dependent children,92,89,72,70,2,17,16,1,3,0,3
S01011662,Families with dependent children: Total,98,81,75,73,2,6,4,2,17,3,14
S01011662,Families with dependent children: Youngest aged 0 to 4,42,34,30,29,1,4,3,1,8,2,6
S01011662,Families with dependent children: Youngest aged 5 to 11,24,22,20,20,0,2,1,1,2,0,2
S01011662,Families with dependent children: Youngest aged 12 to 18,32,25,25,24,1,0,0,0,7,1,6
S01011663,All families in households,259,167,116,108,8,51,43,8,92,10,82
S01011663,Families with no dependent children,120,97,70,67,3,27,25,2,23,5,18
S01011663,Families with dependent children: Total,139,70,46,41,5,24,18,6,69,5,64
S01011663,Families with dependent children: Youngest aged 0 to 4,53,24,16,14,2,8,8,0,29,3,26
S01011663,Families with dependent children: Youngest aged 5 to 11,50,29,19,17,2,10,7,3,21,1,20
S01011663,Families with dependent children: Youngest aged 12 to 18,36,17,11,10,1,6,3,3,19,1,18
S01011664,All families in households,307,202,164,160,4,38,30,8,105,17,88
S01011664,Families with no dependent children,176,129,114,114,0,15,14,1,47,12,35
S01011664,Families with dependent children: Total,131,73,50,46,4,23,16,7,58,5,53
S01011664,Families with dependent children: Youngest aged 0 to 4,39,22,13,13,0,9,8,1,17,2,15
S01011664,Families with dependent children: Youngest aged 5 to 11,51,29,22,21,1,7,3,4,22,1,21
S01011664,Families with dependent children: Youngest aged 12 to 18,41,22,15,12,3,7,5,2,19,2,17
S01011665,All families in households,241,158,117,116,1,41,34,7,83,8,75
S01011665,Families with no dependent children,140,109,82,81,1,27,23,4,31,4,27
S01011665,Families with dependent children: Total,101,49,35,35,0,14,11,3,52,4,48
S01011665,Families with dependent children: Youngest aged 0 to 4,41,19,10,10,0,9,7,2,22,2,20
S01011665,Families with dependent children: Youngest aged 5 to 11,28,12,9,9,0,3,3,0,16,1,15
S01011665,Families with dependent children: Youngest aged 12 to 18,32,18,16,16,0,2,1,1,14,1,13
S01011666,All families in households,228,155,126,122,4,29,22,7,73,6,67
S01011666,Families with no dependent children,144,117,100,97,3,17,15,2,27,4,23
S01011666,Families with dependent children: Total,84,38,26,25,1,12,7,5,46,2,44
S01011666,Families with dependent children: Youngest aged 0 to 4,27,11,7,7,0,4,3,1,16,0,16
S01011666,Families with dependent children: Youngest aged 5 to 11,27,12,8,8,0,4,1,3,15,1,14
S01011666,Families with dependent children: Youngest aged 12 to 18,30,15,11,10,1,4,3,1,15,1,14
S01011667,All families in households,192,151,112,107,5,39,33,6,41,4,37
S01011667,Families with no dependent children,108,100,80,78,2,20,19,1,8,2,6
S01011667,Families with dependent children: Total,84,51,32,29,3,19,14,5,33,2,31
S01011667,Families with dependent children: Youngest aged 0 to 4,32,24,13,11,2,11,11,0,8,1,7
S01011667,Families with dependent children: Youngest aged 5 to 11,25,13,8,7,1,5,3,2,12,1,11
S01011667,Families with dependent children: Youngest aged 12 to 18,27,14,11,11,0,3,0,3,13,0,13
S01011668,All families in households,306,180,128,114,14,52,41,11,126,10,116
S01011668,Families with no dependent children,145,113,89,80,9,24,23,1,32,8,24
S01011668,Families with dependent children: Total,161,67,39,34,5,28,18,10,94,2,92
S01011668,Families with dependent children: Youngest aged 0 to 4,73,31,12,11,1,19,13,6,42,0,42
S01011668,Families with dependent children: Youngest aged 5 to 11,42,15,10,10,0,5,4,1,27,0,27
S01011668,Families with dependent children: Youngest aged 12 to 18,46,21,17,13,4,4,1,3,25,2,23
S01011669,All families in households,198,159,136,133,3,23,20,3,39,5,34
S01011669,Families with no dependent children,139,120,103,101,2,17,16,1,19,3,16
S01011669,Families with dependent children: Total,59,39,33,32,1,6,4,2,20,2,18
S01011669,Families with dependent children: Youngest aged 0 to 4,23,17,14,14,0,3,3,0,6,0,6
S01011669,Families with dependent children: Youngest aged 5 to 11,16,9,6,6,0,3,1,2,7,2,5
S01011669,Families with dependent children: Youngest aged 12 to 18,20,13,13,12,1,0,0,0,7,0,7
S01011670,All families in households,153,95,68,63,5,27,24,3,58,11,47
S01011670,Families with no dependent children,59,49,40,38,2,9,8,1,10,5,5
S01011670,Families with dependent children: Total,94,46,28,25,3,18,16,2,48,6,42
S01011670,Families with dependent children: Youngest aged 0 to 4,41,25,15,15,0,10,9,1,16,0,16
S01011670,Families with dependent children: Youngest aged 5 to 11,32,15,9,8,1,6,6,0,17,3,14
S01011670,Families with dependent children: Youngest aged 12 to 18,21,6,4,2,2,2,1,1,15,3,12
S01011671,All families in households,199,168,147,141,6,21,18,3,31,5,26
S01011671,Families with no dependent children,137,126,110,105,5,16,15,1,11,5,6
S01011671,Families with dependent children: Total,62,42,37,36,1,5,3,2,20,0,20
S01011671,Families with dependent children: Youngest aged 0 to 4,23,14,13,13,0,1,1,0,9,0,9
S01011671,Families with dependent children: Youngest aged 5 to 11,26,16,14,14,0,2,1,1,10,0,10
S01011671,Families with dependent children: Youngest aged 12 to 18,13,12,10,9,1,2,1,1,1,0,1
S01011672,All families in households,174,133,111,109,2,22,15,7,41,7,34
S01011672,Families with no dependent children,106,91,80,80,0,11,10,1,15,1,14
S01011672,Families with dependent children: Total,68,42,31,29,2,11,5,6,26,6,20
S01011672,Families with dependent children: Youngest aged 0 to 4,18,14,9,9,0,5,2,3,4,1,3
S01011672,Families with dependent children: Youngest aged 5 to 11,28,20,17,15,2,3,2,1,8,1,7
S01011672,Families with dependent children: Youngest aged 12 to 18,22,8,5,5,0,3,1,2,14,4,10
S01011673,All families in households,199,142,113,104,9,29,20,9,57,5,52
S01011673,Families with no dependent children,110,93,84,82,2,9,8,1,17,2,15
S01011673,Families with dependent children: Total,89,49,29,22,7,20,12,8,40,3,37
S01011673,Families with dependent children: Youngest aged 0 to 4,43,25,11,8,3,14,10,4,18,1,17
S01011673,Families with dependent children: Youngest aged 5 to 11,26,14,10,7,3,4,2,2,12,0,12
S01011673,Families with dependent children: Youngest aged 12 to 18,20,10,8,7,1,2,0,2,10,2,8
S01011674,All families in households,320,262,204,196,8,58,54,4,58,6,52
S01011674,Families with no dependent children,186,164,132,127,5,32,31,1,22,5,17
S01011674,Families with dependent children: Total,134,98,72,69,3,26,23,3,36,1,35
S01011674,Families with dependent children: Youngest aged 0 to 4,69,57,39,38,1,18,17,1,12,0,12
S01011674,Families with dependent children: Youngest aged 5 to 11,32,21,16,15,1,5,5,0,11,0,11
S01011674,Families with dependent children: Youngest aged 12 to 18,33,20,17,16,1,3,1,2,13,1,12
S01011675,All families in households,269,201,165,153,12,36,29,7,68,9,59
S01011675,Families with no dependent children,158,133,115,107,8,18,15,3,25,7,18
S01011675,Families with dependent children: Total,111,68,50,46,4,18,14,4,43,2,41
S01011675,Families with dependent children: Youngest aged 0 to 4,36,25,15,13,2,10,9,1,11,0,11
S01011675,Families with dependent children: Youngest aged 5 to 11,45,22,17,16,1,5,3,2,23,1,22
S01011675,Families with dependent children: Youngest aged 12 to 18,30,21,18,17,1,3,2,1,9,1,8
S01011676,All families in households,201,133,112,105,7,21,18,3,68,6,62
S01011676,Families with no dependent children,114,93,81,80,1,12,12,0,21,2,19
S01011676,Families with dependent children: Total,87,40,31,25,6,9,6,3,47,4,43
S01011676,Families with dependent children: Youngest aged 0 to 4,35,13,10,9,1,3,3,0,22,3,19
S01011676,Families with dependent children: Youngest aged 5 to 11,26,12,9,7,2,3,2,1,14,0,14
S01011676,Families with dependent children: Youngest aged 12 to 18,26,15,12,9,3,3,1,2,11,1,10
S01011677,All families in households,170,128,89,84,5,39,30,9,42,4,38
S01011677,Families with no dependent children,74,66,43,40,3,23,20,3,8,0,8
S01011677,Families with dependent children: Total,96,62,46,44,2,16,10,6,34,4,30
S01011677,Families with dependent children: Youngest aged 0 to 4,45,28,20,19,1,8,6,2,17,3,14
S01011677,Families with dependent children: Youngest aged 5 to 11,35,22,16,16,0,6,3,3,13,0,13
S01011677,Families with dependent children: Youngest aged 12 to 18,16,12,10,9,1,2,1,1,4,1,3
S01011678,All families in households,130,85,68,66,2,17,14,3,45,3,42
S01011678,Families with no dependent children,70,51,44,44,0,7,7,0,19,1,18
S01011678,Families with dependent children: Total,60,34,24,22,2,10,7,3,26,2,24
S01011678,Families with dependent children: Youngest aged 0 to 4,29,14,7,7,0,7,5,2,15,0,15
S01011678,Families with dependent children: Youngest aged 5 to 11,17,11,8,8,0,3,2,1,6,0,6
S01011678,Families with dependent children: Youngest aged 12 to 18,14,9,9,7,2,0,0,0,5,2,3
S01011679,All families in households,175,152,115,112,3,37,33,4,23,2,21
S01011679,Families with no dependent children,80,73,53,52,1,20,20,0,7,2,5
S01011679,Families with dependent children: Total,95,79,62,60,2,17,13,4,16,0,16
S01011679,Families with dependent children: Youngest aged 0 to 4,46,42,30,29,1,12,10,2,4,0,4
S01011679,Families with dependent children: Youngest aged 5 to 11,28,22,20,20,0,2,2,0,6,0,6
S01011679,Families with dependent children: Youngest aged 12 to 18,21,15,12,11,1,3,1,2,6,0,6
S01011680,All families in households,303,212,167,156,11,45,38,7,91,11,80
S01011680,Families with no dependent children,167,122,105,102,3,17,15,2,45,8,37
S01011680,Families with dependent children: Total,136,90,62,54,8,28,23,5,46,3,43
S01011680,Families with dependent children: Youngest aged 0 to 4,47,31,15,14,1,16,13,3,16,0,16
S01011680,Families with dependent children: Youngest aged 5 to 11,52,30,24,20,4,6,6,0,22,2,20
S01011680,Families with dependent children: Youngest aged 12 to 18,37,29,23,20,3,6,4,2,8,1,7
S01011681,All families in households,261,202,160,156,4,42,31,11,59,4,55
S01011681,Families with no dependent children,140,127,107,106,1,20,16,4,13,2,11
S01011681,Families with dependent children: Total,121,75,53,50,3,22,15,7,46,2,44
S01011681,Families with dependent children: Youngest aged 0 to 4,48,30,21,20,1,9,7,2,18,0,18
S01011681,Families with dependent children: Youngest aged 5 to 11,44,26,17,16,1,9,6,3,18,1,17
S01011681,Families with dependent children: Youngest aged 12 to 18,29,19,15,14,1,4,2,2,10,1,9
S01011682,All families in households,134,110,103,101,2,7,6,1,24,8,16
S01011682,Families with no dependent children,84,74,71,71,0,3,3,0,10,5,5
S01011682,Families with dependent children: Total,50,36,32,30,2,4,3,1,14,3,11
S01011682,Families with dependent children: Youngest aged 0 to 4,20,14,12,11,1,2,2,0,6,1,5
S01011682,Families with dependent children: Youngest aged 5 to 11,12,10,9,9,0,1,0,1,2,0,2
S01011682,Families with dependent children: Youngest aged 12 to 18,18,12,11,10,1,1,1,0,6,2,4
S01011683,All families in households,213,175,140,130,10,35,27,8,38,3,35
S01011683,Families with no dependent children,123,108,89,88,1,19,16,3,15,3,12
S01011683,Families with dependent children: Total,90,67,51,42,9,16,11,5,23,0,23
S01011683,Families with dependent children: Youngest aged 0 to 4,37,26,16,12,4,10,9,1,11,0,11
S01011683,Families with dependent children: Youngest aged 5 to 11,26,22,21,18,3,1,1,0,4,0,4
S01011683,Families with dependent children: Youngest aged 12 to 18,27,19,14,12,2,5,1,4,8,0,8
S01011684,All families in households,160,129,119,115,4,10,6,4,31,3,28
S01011684,Families with no dependent children,91,81,77,77,0,4,4,0,10,0,10
S01011684,Families with dependent children: Total,69,48,42,38,4,6,2,4,21,3,18
S01011684,Families with dependent children: Youngest aged 0 to 4,23,17,14,13,1,3,1,2,6,0,6
S01011684,Families with dependent children: Youngest aged 5 to 11,22,15,13,13,0,2,1,1,7,1,6
S01011684,Families with dependent children: Youngest aged 12 to 18,24,16,15,12,3,1,0,1,8,2,6
S01011685,All families in households,235,203,166,156,10,37,26,11,32,4,28
S01011685,Families with no dependent children,106,97,81,80,1,16,13,3,9,2,7
S01011685,Families with dependent children: Total,129,106,85,76,9,21,13,8,23,2,21
S01011685,Families with dependent children: Youngest aged 0 to 4,56,50,42,38,4,8,7,1,6,1,5
S01011685,Families with dependent children: Youngest aged 5 to 11,37,27,23,21,2,4,1,3,10,1,9
S01011685,Families with dependent children: Youngest aged 12 to 18,36,29,20,17,3,9,5,4,7,0,7
S01011686,All families in households,265,238,205,199,6,33,31,2,27,6,21
S01011686,Families with no dependent children,167,154,131,129,2,23,23,0,13,4,9
S01011686,Families with dependent children: Total,98,84,74,70,4,10,8,2,14,2,12
S01011686,Families with dependent children: Youngest aged 0 to 4,26,21,15,15,0,6,5,1,5,0,5
S01011686,Families with dependent children: Youngest aged 5 to 11,37,33,30,27,3,3,2,1,4,0,4
S01011686,Families with dependent children: Youngest aged 12 to 18,35,30,29,28,1,1,1,0,5,2,3
S01011687,All families in households,257,185,146,144,2,39,34,5,72,12,60
S01011687,Families with no dependent children,137,110,90,90,0,20,18,2,27,7,20
S01011687,Families with dependent children: Total,120,75,56,54,2,19,16,3,45,5,40
S01011687,Families with dependent children: Youngest aged 0 to 4,41,21,10,9,1,11,9,2,20,0,20
S01011687,Families with dependent children: Youngest aged 5 to 11,44,31,24,23,1,7,7,0,13,2,11
S01011687,Families with dependent children: Youngest aged 12 to 18,35,23,22,22,0,1,0,1,12,3,9
S01011688,All families in households,240,216,181,173,8,35,25,10,24,5,19
S01011688,Families with no dependent children,118,111,89,87,2,22,18,4,7,2,5
S01011688,Families with dependent children: Total,122,105,92,86,6,13,7,6,17,3,14
S01011688,Families with dependent children: Youngest aged 0 to 4,40,36,29,28,1,7,4,3,4,1,3
S01011688,Families with dependent children: Youngest aged 5 to 11,48,38,35,32,3,3,1,2,10,2,8
S01011688,Families with dependent children: Youngest aged 12 to 18,34,31,28,26,2,3,2,1,3,0,3
S01011689,All families in households,212,195,171,166,5,24,21,3,17,6,11
S01011689,Families with no dependent children,125,118,104,101,3,14,12,2,7,4,3
S01011689,Families with dependent children: Total,87,77,67,65,2,10,9,1,10,2,8
S01011689,Families with dependent children: Youngest aged 0 to 4,31,30,26,26,0,4,4,0,1,0,1
S01011689,Families with dependent children: Youngest aged 5 to 11,30,27,24,23,1,3,2,1,3,1,2
S01011689,Families with dependent children: Youngest aged 12 to 18,26,20,17,16,1,3,3,0,6,1,5
S01011690,All families in households,298,254,189,183,6,65,56,9,44,4,40
S01011690,Families with no dependent children,145,134,94,91,3,40,38,2,11,2,9
S01011690,Families with dependent children: Total,153,120,95,92,3,25,18,7,33,2,31
S01011690,Families with dependent children: Youngest aged 0 to 4,75,59,47,47,0,12,10,2,16,1,15
S01011690,Families with dependent children: Youngest aged 5 to 11,49,40,29,28,1,11,7,4,9,0,9
S01011690,Families with dependent children: Youngest aged 12 to 18,29,21,19,17,2,2,1,1,8,1,7
S01011691,All families in households,188,152,123,117,6,29,24,5,36,5,31
S01011691,Families with no dependent children,79,70,53,51,2,17,15,2,9,4,5
S01011691,Families with dependent children: Total,109,82,70,66,4,12,9,3,27,1,26
S01011691,Families with dependent children: Youngest aged 0 to 4,48,42,33,31,2,9,7,2,6,0,6
S01011691,Families with dependent children: Youngest aged 5 to 11,34,22,19,17,2,3,2,1,12,0,12
S01011691,Families with dependent children: Youngest aged 12 to 18,27,18,18,18,0,0,0,0,9,1,8
S01011692,All families in households,312,226,168,156,12,58,50,8,86,13,73
S01011692,Families with no dependent children,182,146,118,111,7,28,26,2,36,7,29
S01011692,Families with dependent children: Total,130,80,50,45,5,30,24,6,50,6,44
S01011692,Families with dependent children: Youngest aged 0 to 4,43,30,15,12,3,15,15,0,13,0,13
S01011692,Families with dependent children: Youngest aged 5 to 11,58,37,23,21,2,14,9,5,21,5,16
S01011692,Families with dependent children: Youngest aged 12 to 18,29,13,12,12,0,1,0,1,16,1,15
S01011693,All families in households,249,207,159,155,4,48,45,3,42,8,34
S01011693,Families with no dependent children,148,135,101,100,1,34,33,1,13,4,9
S01011693,Families with dependent children: Total,101,72,58,55,3,14,12,2,29,4,25
S01011693,Families with dependent children: Youngest aged 0 to 4,41,29,20,19,1,9,8,1,12,1,11
S01011693,Families with dependent children: Youngest aged 5 to 11,33,24,21,21,0,3,2,1,9,1,8
S01011693,Families with dependent children: Youngest aged 12 to 18,27,19,17,15,2,2,2,0,8,2,6
S01011694,All families in households,159,135,111,107,4,24,21,3,24,2,22
S01011694,Families with no dependent children,60,57,43,43,0,14,13,1,3,0,3
S01011694,Families with dependent children: Total,99,78,68,64,4,10,8,2,21,2,19
S01011694,Families with dependent children: Youngest aged 0 to 4,45,39,36,35,1,3,3,0,6,0,6
S01011694,Families with dependent children: Youngest aged 5 to 11,34,28,23,22,1,5,4,1,6,0,6
S01011694,Families with dependent children: Youngest aged 12 to 18,20,11,9,7,2,2,1,1,9,2,7
S01011695,All families in households,286,258,223,216,7,35,33,2,28,3,25
S01011695,Families with no dependent children,132,124,101,98,3,23,23,0,8,0,8
S01011695,Families with dependent children: Total,154,134,122,118,4,12,10,2,20,3,17
S01011695,Families with dependent children: Youngest aged 0 to 4,70,64,59,57,2,5,4,1,6,1,5
S01011695,Families with dependent children: Youngest aged 5 to 11,59,51,44,42,2,7,6,1,8,0,8
S01011695,Families with dependent children: Youngest aged 12 to 18,25,19,19,19,0,0,0,0,6,2,4
S01011696,All families in households,324,288,250,239,11,38,29,9,36,6,30
S01011696,Families with no dependent children,125,120,100,99,1,20,20,0,5,2,3
S01011696,Families with dependent children: Total,199,168,150,140,10,18,9,9,31,4,27
S01011696,Families with dependent children: Youngest aged 0 to 4,94,88,81,77,4,7,5,2,6,2,4
S01011696,Families with dependent children: Youngest aged 5 to 11,70,53,49,44,5,4,1,3,17,2,15
S01011696,Families with dependent children: Youngest aged 12 to 18,35,27,20,19,1,7,3,4,8,0,8
S01011697,All families in households,305,246,202,197,5,44,41,3,59,7,52
S01011697,Families with no dependent children,139,118,89,88,1,29,28,1,21,3,18
S01011697,Families with dependent children: Total,166,128,113,109,4,15,13,2,38,4,34
S01011697,Families with dependent children: Youngest aged 0 to 4,82,65,59,59,0,6,6,0,17,1,16
S01011697,Families with dependent children: Youngest aged 5 to 11,54,40,34,31,3,6,6,0,14,3,11
S01011697,Families with dependent children: Youngest aged 12 to 18,30,23,20,19,1,3,1,2,7,0,7
S01011698,All families in households,185,142,116,111,5,26,23,3,43,5,38
S01011698,Families with no dependent children,106,85,71,70,1,14,13,1,21,3,18
S01011698,Families with dependent children: Total,79,57,45,41,4,12,10,2,22,2,20
S01011698,Families with dependent children: Youngest aged 0 to 4,33,22,14,14,0,8,7,1,11,0,11
S01011698,Families with dependent children: Youngest aged 5 to 11,25,19,15,13,2,4,3,1,6,0,6
S01011698,Families with dependent children: Youngest aged 12 to 18,21,16,16,14,2,0,0,0,5,2,3
S01011699,All families in households,279,242,214,208,6,28,24,4,37,7,30
S01011699,Families with no dependent children,161,149,136,132,4,13,13,0,12,3,9
S01011699,Families with dependent children: Total,118,93,78,76,2,15,11,4,25,4,21
S01011699,Families with dependent children: Youngest aged 0 to 4,41,33,25,25,0,8,6,2,8,1,7
S01011699,Families with dependent children: Youngest aged 5 to 11,36,26,23,21,2,3,3,0,10,1,9
S01011699,Families with dependent children: Youngest aged 12 to 18,41,34,30,30,0,4,2,2,7,2,5
S01011700,All families in households,210,174,151,145,6,23,20,3,36,5,31
S01011700,Families with no dependent children,139,120,108,104,4,12,11,1,19,5,14
S01011700,Families with dependent children: Total,71,54,43,41,2,11,9,2,17,0,17
S01011700,Families with dependent children: Youngest aged 0 to 4,24,17,9,8,1,8,8,0,7,0,7
S01011700,Families with dependent children: Youngest aged 5 to 11,17,15,13,13,0,2,1,1,2,0,2
S01011700,Families with dependent children: Youngest aged 12 to 18,30,22,21,20,1,1,0,1,8,0,8
S01011701,All families in households,309,260,219,217,2,41,37,4,49,7,42
S01011701,Families with no dependent children,183,168,138,137,1,30,30,0,15,4,11
S01011701,Families with dependent children: Total,126,92,81,80,1,11,7,4,34,3,31
S01011701,Families with dependent children: Youngest aged 0 to 4,47,39,34,33,1,5,3,2,8,0,8
S01011701,Families with dependent children: Youngest aged 5 to 11,51,35,31,31,0,4,3,1,16,3,13
S01011701,Families with dependent children: Youngest aged 12 to 18,28,18,16,16,0,2,1,1,10,0,10
S01011702,All families in households,223,195,170,164,6,25,21,4,28,1,27
S01011702,Families with no dependent children,151,140,123,120,3,17,15,2,11,1,10
S01011702,Families with dependent children: Total,72,55,47,44,3,8,6,2,17,0,17
S01011702,Families with dependent children: Youngest aged 0 to 4,27,24,17,17,0,7,6,1,3,0,3
S01011702,Families with dependent children: Youngest aged 5 to 11,15,10,10,10,0,0,0,0,5,0,5
S01011702,Families with dependent children: Youngest aged 12 to 18,30,21,20,17,3,1,0,1,9,0,9
S01011703,All families in households,181,166,149,146,3,17,15,2,15,5,10
S01011703,Families with no dependent children,104,98,87,86,1,11,11,0,6,4,2
S01011703,Families with dependent children: Total,77,68,62,60,2,6,4,2,9,1,8
S01011703,Families with dependent children: Youngest aged 0 to 4,24,22,22,22,0,0,0,0,2,0,2
S01011703,Families with dependent children: Youngest aged 5 to 11,29,26,22,21,1,4,3,1,3,0,3
S01011703,Families with dependent children: Youngest aged 12 to 18,24,20,18,17,1,2,1,1,4,1,3
S01011704,All families in households,213,181,159,155,4,22,19,3,32,3,29
S01011704,Families with no dependent children,94,82,71,68,3,11,11,0,12,1,11
S01011704,Families with dependent children: Total,119,99,88,87,1,11,8,3,20,2,18
S01011704,Families with dependent children: Youngest aged 0 to 4,38,32,24,24,0,8,7,1,6,1,5
S01011704,Families with dependent children: Youngest aged 5 to 11,45,40,39,39,0,1,1,0,5,0,5
S01011704,Families with dependent children: Youngest aged 12 to 18,36,27,25,24,1,2,0,2,9,1,8
S01011705,All families in households,226,149,118,108,10,31,22,9,77,6,71
S01011705,Families with no dependent children,108,90,72,68,4,18,15,3,18,1,17
S01011705,Families with dependent children: Total,118,59,46,40,6,13,7,6,59,5,54
S01011705,Families with dependent children: Youngest aged 0 to 4,48,22,12,10,2,10,6,4,26,3,23
S01011705,Families with dependent children: Youngest aged 5 to 11,35,19,17,15,2,2,1,1,16,0,16
S01011705,Families with dependent children: Youngest aged 12 to 18,35,18,17,15,2,1,0,1,17,2,15
S01011706,All families in households,287,226,191,187,4,35,33,2,61,8,53
S01011706,Families with no dependent children,181,151,129,126,3,22,22,0,30,4,26
S01011706,Families with dependent children: Total,106,75,62,61,1,13,11,2,31,4,27
S01011706,Families with dependent children: Youngest aged 0 to 4,30,26,19,19,0,7,7,0,4,1,3
S01011706,Families with dependent children: Youngest aged 5 to 11,32,25,21,21,0,4,3,1,7,0,7
S01011706,Families with dependent children: Youngest aged 12 to 18,44,24,22,21,1,2,1,1,20,3,17
S01011707,All families in households,234,204,186,184,2,18,17,1,30,3,27
S01011707,Families with no dependent children,158,141,130,128,2,11,11,0,17,2,15
S01011707,Families with dependent children: Total,76,63,56,56,0,7,6,1,13,1,12
S01011707,Families with dependent children: Youngest aged 0 to 4,25,18,15,15,0,3,3,0,7,0,7
S01011707,Families with dependent children: Youngest aged 5 to 11,38,33,29,29,0,4,3,1,5,1,4
S01011707,Families with dependent children: Youngest aged 12 to 18,13,12,12,12,0,0,0,0,1,0,1
S01011708,All families in households,262,187,157,147,10,30,24,6,75,8,67
S01011708,Families with no dependent children,158,130,111,105,6,19,18,1,28,5,23
S01011708,Families with dependent children: Total,104,57,46,42,4,11,6,5,47,3,44
S01011708,Families with dependent children: Youngest aged 0 to 4,26,16,9,9,0,7,6,1,10,0,10
S01011708,Families with dependent children: Youngest aged 5 to 11,32,20,18,15,3,2,0,2,12,1,11
S01011708,Families with dependent children: Youngest aged 12 to 18,46,21,19,18,1,2,0,2,25,2,23
S01011709,All families in households,293,237,191,180,11,46,40,6,56,6,50
S01011709,Families with no dependent children,169,143,121,117,4,22,21,1,26,4,22
S01011709,Families with dependent children: Total,124,94,70,63,7,24,19,5,30,2,28
S01011709,Families with dependent children: Youngest aged 0 to 4,36,31,19,18,1,12,11,1,5,0,5
S01011709,Families with dependent children: Youngest aged 5 to 11,51,33,23,21,2,10,7,3,18,0,18
S01011709,Families with dependent children: Youngest aged 12 to 18,37,30,28,24,4,2,1,1,7,2,5
S01011710,All families in households,201,120,85,75,10,35,31,4,81,8,73
S01011710,Families with no dependent children,88,66,52,48,4,14,14,0,22,7,15
S01011710,Families with dependent children: Total,113,54,33,27,6,21,17,4,59,1,58
S01011710,Families with dependent children: Youngest aged 0 to 4,44,24,12,9,3,12,11,1,20,0,20
S01011710,Families with dependent children: Youngest aged 5 to 11,37,17,8,7,1,9,6,3,20,1,19
S01011710,Families with dependent children: Youngest aged 12 to 18,32,13,13,11,2,0,0,0,19,0,19
S01011711,All families in households,211,122,76,71,5,46,34,12,89,13,76
S01011711,Families with no dependent children,111,80,60,59,1,20,17,3,31,6,25
S01011711,Families with dependent children: Total,100,42,16,12,4,26,17,9,58,7,51
S01011711,Families with dependent children: Youngest aged 0 to 4,42,19,7,6,1,12,9,3,23,1,22
S01011711,Families with dependent children: Youngest aged 5 to 11,33,12,4,3,1,8,6,2,21,1,20
S01011711,Families with dependent children: Youngest aged 12 to 18,25,11,5,3,2,6,2,4,14,5,9
S01011712,All families in households,155,106,68,68,0,38,33,5,49,5,44
S01011712,Families with no dependent children,99,80,55,55,0,25,22,3,19,2,17
S01011712,Families with dependent children: Total,56,26,13,13,0,13,11,2,30,3,27
S01011712,Families with dependent children: Youngest aged 0 to 4,22,15,6,6,0,9,8,1,7,0,7
S01011712,Families with dependent children: Youngest aged 5 to 11,19,5,4,4,0,1,1,0,14,2,12
S01011712,Families with dependent children: Youngest aged 12 to 18,15,6,3,3,0,3,2,1,9,1,8
S01011713,All families in households,267,239,203,198,5,36,32,4,28,5,23
S01011713,Families with no dependent children,192,179,153,152,1,26,25,1,13,2,11
S01011713,Families with dependent children: Total,75,60,50,46,4,10,7,3,15,3,12
S01011713,Families with dependent children: Youngest aged 0 to 4,19,16,11,10,1,5,4,1,3,1,2
S01011713,Families with dependent children: Youngest aged 5 to 11,26,19,16,14,2,3,3,0,7,1,6
S01011713,Families with dependent children: Youngest aged 12 to 18,30,25,23,22,1,2,0,2,5,1,4
S01011714,All families in households,165,149,122,112,10,27,25,2,16,2,14
S01011714,Families with no dependent children,50,49,39,36,3,10,10,0,1,0,1
S01011714,Families with dependent children: Total,115,100,83,76,7,17,15,2,15,2,13
S01011714,Families with dependent children: Youngest aged 0 to 4,45,43,29,29,0,14,12,2,2,0,2
S01011714,Families with dependent children: Youngest aged 5 to 11,41,34,32,26,6,2,2,0,7,0,7
S01011714,Families with dependent children: Youngest aged 12 to 18,29,23,22,21,1,1,1,0,6,2,4
S01011715,All families in households,187,124,94,91,3,30,25,5,63,9,54
S01011715,Families with no dependent children,94,82,72,71,1,10,9,1,12,7,5
S01011715,Families with dependent children: Total,93,42,22,20,2,20,16,4,51,2,49
S01011715,Families with dependent children: Youngest aged 0 to 4,54,24,10,9,1,14,13,1,30,0,30
S01011715,Families with dependent children: Youngest aged 5 to 11,21,10,9,9,0,1,1,0,11,0,11
S01011715,Families with dependent children: Youngest aged 12 to 18,18,8,3,2,1,5,2,3,10,2,8
S01011716,All families in households,267,234,191,183,8,43,37,6,33,10,23
S01011716,Families with no dependent children,124,114,93,91,2,21,18,3,10,4,6
S01011716,Families with dependent children: Total,143,120,98,92,6,22,19,3,23,6,17
S01011716,Families with dependent children: Youngest aged 0 to 4,53,45,33,31,2,12,10,2,8,3,5
S01011716,Families with dependent children: Youngest aged 5 to 11,53,44,36,35,1,8,8,0,9,2,7
S01011716,Families with dependent children: Youngest aged 12 to 18,37,31,29,26,3,2,1,1,6,1,5
S01011717,All families in households,235,211,184,179,5,27,22,5,24,5,19
S01011717,Families with no dependent children,172,157,141,140,1,16,16,0,15,4,11
S01011717,Families with dependent children: Total,63,54,43,39,4,11,6,5,9,1,8
S01011717,Families with dependent children: Youngest aged 0 to 4,20,16,13,13,0,3,2,1,4,0,4
S01011717,Families with dependent children: Youngest aged 5 to 11,28,25,18,14,4,7,4,3,3,0,3
S01011717,Families with dependent children: Youngest aged 12 to 18,15,13,12,12,0,1,0,1,2,1,1
S01011718,All families in households,241,207,169,161,8,38,28,10,34,6,28
S01011718,Families with no dependent children,90,76,55,55,0,21,18,3,14,2,12
S01011718,Families with dependent children: Total,151,131,114,106,8,17,10,7,20,4,16
S01011718,Families with dependent children: Youngest aged 0 to 4,79,71,63,61,2,8,4,4,8,0,8
S01011718,Families with dependent children: Youngest aged 5 to 11,46,38,30,29,1,8,6,2,8,2,6
S01011718,Families with dependent children: Youngest aged 12 to 18,26,22,21,16,5,1,0,1,4,2,2
S01011719,All families in households,195,172,144,134,10,28,23,5,23,8,15
S01011719,Families with no dependent children,102,94,79,75,4,15,15,0,8,5,3
S01011719,Families with dependent children: Total,93,78,65,59,6,13,8,5,15,3,12
S01011719,Families with dependent children: Youngest aged 0 to 4,29,26,18,16,2,8,5,3,3,0,3
S01011719,Families with dependent children: Youngest aged 5 to 11,26,22,21,20,1,1,1,0,4,1,3
S01011719,Families with dependent children: Youngest aged 12 to 18,38,30,26,23,3,4,2,2,8,2,6
S01011720,All families in households,178,160,144,140,4,16,12,4,18,3,15
S01011720,Families with no dependent children,128,117,110,108,2,7,7,0,11,3,8
S01011720,Families with dependent children: Total,50,43,34,32,2,9,5,4,7,0,7
S01011720,Families with dependent children: Youngest aged 0 to 4,11,9,5,5,0,4,4,0,2,0,2
S01011720,Families with dependent children: Youngest aged 5 to 11,21,18,15,14,1,3,1,2,3,0,3
S01011720,Families with dependent children: Youngest aged 12 to 18,18,16,14,13,1,2,0,2,2,0,2
S01011721,All families in households,227,177,157,151,6,20,17,3,50,3,47
S01011721,Families with no dependent children,142,118,105,104,1,13,12,1,24,3,21
S01011721,Families with dependent children: Total,85,59,52,47,5,7,5,2,26,0,26
S01011721,Families with dependent children: Youngest aged 0 to 4,34,27,22,21,1,5,4,1,7,0,7
S01011721,Families with dependent children: Youngest aged 5 to 11,26,20,19,17,2,1,1,0,6,0,6
S01011721,Families with dependent children: Youngest aged 12 to 18,25,12,11,9,2,1,0,1,13,0,13
S01011722,All families in households,208,159,125,119,6,34,23,11,49,4,45
S01011722,Families with no dependent children,130,111,95,93,2,16,11,5,19,4,15
S01011722,Families with dependent children: Total,78,48,30,26,4,18,12,6,30,0,30
S01011722,Families with dependent children: Youngest aged 0 to 4,34,23,13,12,1,10,7,3,11,0,11
S01011722,Families with dependent children: Youngest aged 5 to 11,25,14,10,9,1,4,4,0,11,0,11
S01011722,Families with dependent children: Youngest aged 12 to 18,19,11,7,5,2,4,1,3,8,0,8
S01011723,All families in households,290,250,215,208,7,35,24,11,40,1,39
S01011723,Families with no dependent children,172,154,139,137,2,15,14,1,18,1,17
S01011723,Families with dependent children: Total,118,96,76,71,5,20,10,10,22,0,22
S01011723,Families with dependent children: Youngest aged 0 to 4,40,32,23,22,1,9,5,4,8,0,8
S01011723,Families with dependent children: Youngest aged 5 to 11,43,37,31,29,2,6,2,4,6,0,6
S01011723,Families with dependent children: Youngest aged 12 to 18,35,27,22,20,2,5,3,2,8,0,8
S01011724,All families in households,216,158,114,108,6,44,38,6,58,6,52
S01011724,Families with no dependent children,68,54,38,38,0,16,16,0,14,1,13
S01011724,Families with dependent children: Total,148,104,76,70,6,28,22,6,44,5,39
S01011724,Families with dependent children: Youngest aged 0 to 4,56,40,28,25,3,12,11,1,16,2,14
S01011724,Families with dependent children: Youngest aged 5 to 11,39,30,22,21,1,8,5,3,9,1,8
S01011724,Families with dependent children: Youngest aged 12 to 18,53,34,26,24,2,8,6,2,19,2,17
S01011725,All families in households,193,177,145,137,8,32,21,11,16,3,13
S01011725,Families with no dependent children,96,92,76,74,2,16,11,5,4,2,2
S01011725,Families with dependent children: Total,97,85,69,63,6,16,10,6,12,1,11
S01011725,Families with dependent children: Youngest aged 0 to 4,30,27,20,19,1,7,6,1,3,0,3
S01011725,Families with dependent children: Youngest aged 5 to 11,40,36,32,27,5,4,4,0,4,0,4
S01011725,Families with dependent children: Youngest aged 12 to 18,27,22,17,17,0,5,0,5,5,1,4
S01011726,All families in households,170,150,134,129,5,16,12,4,20,3,17
S01011726,Families with no dependent children,80,76,67,64,3,9,9,0,4,0,4
S01011726,Families with dependent children: Total,90,74,67,65,2,7,3,4,16,3,13
S01011726,Families with dependent children: Youngest aged 0 to 4,34,32,28,28,0,4,3,1,2,0,2
S01011726,Families with dependent children: Youngest aged 5 to 11,25,20,20,18,2,0,0,0,5,1,4
S01011726,Families with dependent children: Youngest aged 12 to 18,31,22,19,19,0,3,0,3,9,2,7
S01011727,All families in households,221,201,176,162,14,25,19,6,20,5,15
S01011727,Families with no dependent children,89,82,66,62,4,16,14,2,7,3,4
S01011727,Families with dependent children: Total,132,119,110,100,10,9,5,4,13,2,11
S01011727,Families with dependent children: Youngest aged 0 to 4,52,49,45,44,1,4,3,1,3,1,2
S01011727,Families with dependent children: Youngest aged 5 to 11,47,40,38,34,4,2,2,0,7,1,6
S01011727,Families with dependent children: Youngest aged 12 to 18,33,30,27,22,5,3,0,3,3,0,3
S01011728,All families in households,289,199,157,151,6,42,31,11,90,14,76
S01011728,Families with no dependent children,174,134,111,109,2,23,18,5,40,8,32
S01011728,Families with dependent children: Total,115,65,46,42,4,19,13,6,50,6,44
S01011728,Families with dependent children: Youngest aged 0 to 4,41,21,10,9,1,11,9,2,20,3,17
S01011728,Families with dependent children: Youngest aged 5 to 11,42,24,18,16,2,6,3,3,18,3,15
S01011728,Families with dependent children: Youngest aged 12 to 18,32,20,18,17,1,2,1,1,12,0,12
S01011729,All families in households,206,127,104,97,7,23,19,4,79,3,76
S01011729,Families with no dependent children,113,84,70,67,3,14,13,1,29,2,27
S01011729,Families with dependent children: Total,93,43,34,30,4,9,6,3,50,1,49
S01011729,Families with dependent children: Youngest aged 0 to 4,30,16,10,10,0,6,4,2,14,0,14
S01011729,Families with dependent children: Youngest aged 5 to 11,41,16,13,11,2,3,2,1,25,1,24
S01011729,Families with dependent children: Youngest aged 12 to 18,22,11,11,9,2,0,0,0,11,0,11
S01011730,All families in households,270,238,215,210,5,23,23,0,32,7,25
S01011730,Families with no dependent children,213,197,182,180,2,15,15,0,16,4,12
S01011730,Families with dependent children: Total,57,41,33,30,3,8,8,0,16,3,13
S01011730,Families with dependent children: Youngest aged 0 to 4,19,16,10,9,1,6,6,0,3,0,3
S01011730,Families with dependent children: Youngest aged 5 to 11,14,8,7,6,1,1,1,0,6,1,5
S01011730,Families with dependent children: Youngest aged 12 to 18,24,17,16,15,1,1,1,0,7,2,5
S01011731,All families in households,244,191,163,161,2,28,24,4,53,10,43
S01011731,Families with no dependent children,145,122,114,113,1,8,8,0,23,7,16
S01011731,Families with dependent children: Total,99,69,49,48,1,20,16,4,30,3,27
S01011731,Families with dependent children: Youngest aged 0 to 4,37,32,18,18,0,14,13,1,5,0,5
S01011731,Families with dependent children: Youngest aged 5 to 11,29,17,15,14,1,2,1,1,12,2,10
S01011731,Families with dependent children: Youngest aged 12 to 18,33,20,16,16,0,4,2,2,13,1,12
S01011732,All families in households,262,245,224,218,6,21,17,4,17,4,13
S01011732,Families with no dependent children,187,176,163,159,4,13,12,1,11,3,8
S01011732,Families with dependent children: Total,75,69,61,59,2,8,5,3,6,1,5
S01011732,Families with dependent children: Youngest aged 0 to 4,23,19,17,17,0,2,2,0,4,1,3
S01011732,Families with dependent children: Youngest aged 5 to 11,25,24,22,21,1,2,1,1,1,0,1
S01011732,Families with dependent children: Youngest aged 12 to 18,27,26,22,21,1,4,2,2,1,0,1
S01011733,All families in households,265,218,183,181,2,35,28,7,47,8,39
S01011733,Families with no dependent children,168,150,130,129,1,20,17,3,18,6,12
S01011733,Families with dependent children: Total,97,68,53,52,1,15,11,4,29,2,27
S01011733,Families with dependent children: Youngest aged 0 to 4,32,22,12,12,0,10,8,2,10,2,8
S01011733,Families with dependent children: Youngest aged 5 to 11,42,25,21,20,1,4,2,2,17,0,17
S01011733,Families with dependent children: Youngest aged 12 to 18,23,21,20,20,0,1,1,0,2,0,2
S01011734,All families in households,222,184,163,157,6,21,17,4,38,3,35
S01011734,Families with no dependent children,135,123,113,113,0,10,10,0,12,1,11
S01011734,Families with dependent children: Total,87,61,50,44,6,11,7,4,26,2,24
S01011734,Families with dependent children: Youngest aged 0 to 4,27,18,13,11,2,5,3,2,9,1,8
S01011734,Families with dependent children: Youngest aged 5 to 11,22,15,13,13,0,2,2,0,7,0,7
S01011734,Families with dependent children: Youngest aged 12 to 18,38,28,24,20,4,4,2,2,10,1,9
S01011735,All families in households,243,217,199,194,5,18,16,2,26,3,23
S01011735,Families with no dependent children,170,161,152,150,2,9,9,0,9,2,7
S01011735,Families with dependent children: Total,73,56,47,44,3,9,7,2,17,1,16
S01011735,Families with dependent children: Youngest aged 0 to 4,22,19,14,12,2,5,5,0,3,0,3
S01011735,Families with dependent children: Youngest aged 5 to 11,24,18,14,14,0,4,2,2,6,0,6
S01011735,Families with dependent children: Youngest aged 12 to 18,27,19,19,18,1,0,0,0,8,1,7
S01011736,All families in households,219,152,113,106,7,39,31,8,67,10,57
S01011736,Families with no dependent children,101,82,63,59,4,19,16,3,19,7,12
S01011736,Families with dependent children: Total,118,70,50,47,3,20,15,5,48,3,45
S01011736,Families with dependent children: Youngest aged 0 to 4,53,34,24,24,0,10,9,1,19,2,17
S01011736,Families with dependent children: Youngest aged 5 to 11,40,23,16,14,2,7,5,2,17,1,16
S01011736,Families with dependent children: Youngest aged 12 to 18,25,13,10,9,1,3,1,2,12,0,12
S01011737,All families in households,197,145,120,113,7,25,19,6,52,6,46
S01011737,Families with no dependent children,100,82,68,68,0,14,14,0,18,3,15
S01011737,Families with dependent children: Total,97,63,52,45,7,11,5,6,34,3,31
S01011737,Families with dependent children: Youngest aged 0 to 4,37,26,17,15,2,9,5,4,11,2,9
S01011737,Families with dependent children: Youngest aged 5 to 11,37,20,18,15,3,2,0,2,17,1,16
S01011737,Families with dependent children: Youngest aged 12 to 18,23,17,17,15,2,0,0,0,6,0,6
S01011738,All families in households,279,203,157,149,8,46,36,10,76,7,69
S01011738,Families with no dependent children,147,125,104,100,4,21,19,2,22,3,19
S01011738,Families with dependent children: Total,132,78,53,49,4,25,17,8,54,4,50
S01011738,Families with dependent children: Youngest aged 0 to 4,45,25,11,10,1,14,13,1,20,2,18
S01011738,Families with dependent children: Youngest aged 5 to 11,55,35,27,24,3,8,4,4,20,0,20
S01011738,Families with dependent children: Youngest aged 12 to 18,32,18,15,15,0,3,0,3,14,2,12
S01011739,All families in households,149,111,88,85,3,23,20,3,38,5,33
S01011739,Families with no dependent children,96,75,64,62,2,11,11,0,21,5,16
S01011739,Families with dependent children: Total,53,36,24,23,1,12,9,3,17,0,17
S01011739,Families with dependent children: Youngest aged 0 to 4,14,13,9,9,0,4,4,0,1,0,1
S01011739,Families with dependent children: Youngest aged 5 to 11,19,13,8,8,0,5,3,2,6,0,6
S01011739,Families with dependent children: Youngest aged 12 to 18,20,10,7,6,1,3,2,1,10,0,10
S01011740,All families in households,204,128,88,83,5,40,25,15,76,8,68
S01011740,Families with no dependent children,96,73,59,56,3,14,11,3,23,5,18
S01011740,Families with dependent children: Total,108,55,29,27,2,26,14,12,53,3,50
S01011740,Families with dependent children: Youngest aged 0 to 4,49,29,11,10,1,18,11,7,20,0,20
S01011740,Families with dependent children: Youngest aged 5 to 11,39,18,11,11,0,7,2,5,21,1,20
S01011740,Families with dependent children: Youngest aged 12 to 18,20,8,7,6,1,1,1,0,12,2,10
S01011741,All families in households,185,128,106,98,8,22,19,3,57,3,54
S01011741,Families with no dependent children,104,87,75,71,4,12,12,0,17,1,16
S01011741,Families with dependent children: Total,81,41,31,27,4,10,7,3,40,2,38
S01011741,Families with dependent children: Youngest aged 0 to 4,26,10,7,5,2,3,3,0,16,1,15
S01011741,Families with dependent children: Youngest aged 5 to 11,28,17,13,13,0,4,2,2,11,0,11
S01011741,Families with dependent children: Youngest aged 12 to 18,27,14,11,9,2,3,2,1,13,1,12
S01011742,All families in households,234,171,142,137,5,29,25,4,63,9,54
S01011742,Families with no dependent children,131,110,94,93,1,16,15,1,21,6,15
S01011742,Families with dependent children: Total,103,61,48,44,4,13,10,3,42,3,39
S01011742,Families with dependent children: Youngest aged 0 to 4,35,26,17,15,2,9,7,2,9,0,9
S01011742,Families with dependent children: Youngest aged 5 to 11,28,12,9,8,1,3,2,1,16,0,16
S01011742,Families with dependent children: Youngest aged 12 to 18,40,23,22,21,1,1,1,0,17,3,14
S01011743,All families in households,242,183,128,120,8,55,49,6,59,8,51
S01011743,Families with no dependent children,144,126,92,91,1,34,32,2,18,4,14
S01011743,Families with dependent children: Total,98,57,36,29,7,21,17,4,41,4,37
S01011743,Families with dependent children: Youngest aged 0 to 4,42,28,14,11,3,14,12,2,14,0,14
S01011743,Families with dependent children: Youngest aged 5 to 11,25,11,5,4,1,6,5,1,14,3,11
S01011743,Families with dependent children: Youngest aged 12 to 18,31,18,17,14,3,1,0,1,13,1,12
S01011744,All families in households,243,171,114,106,8,57,53,4,72,6,66
S01011744,Families with no dependent children,153,133,94,89,5,39,39,0,20,4,16
S01011744,Families with dependent children: Total,90,38,20,17,3,18,14,4,52,2,50
S01011744,Families with dependent children: Youngest aged 0 to 4,57,28,13,12,1,15,12,3,29,1,28
S01011744,Families with dependent children: Youngest aged 5 to 11,16,5,2,1,1,3,2,1,11,0,11
S01011744,Families with dependent children: Youngest aged 12 to 18,17,5,5,4,1,0,0,0,12,1,11
S01011745,All families in households,201,141,116,109,7,25,20,5,60,5,55
S01011745,Families with no dependent children,135,105,87,87,0,18,15,3,30,5,25
S01011745,Families with dependent children: Total,66,36,29,22,7,7,5,2,30,0,30
S01011745,Families with dependent children: Youngest aged 0 to 4,25,15,13,10,3,2,2,0,10,0,10
S01011745,Families with dependent children: Youngest aged 5 to 11,19,9,8,7,1,1,1,0,10,0,10
S01011745,Families with dependent children: Youngest aged 12 to 18,22,12,8,5,3,4,2,2,10,0,10
S01011746,All families in households,156,103,82,77,5,21,15,6,53,9,44
S01011746,Families with no dependent children,82,63,52,51,1,11,10,1,19,5,14
S01011746,Families with dependent children: Total,74,40,30,26,4,10,5,5,34,4,30
S01011746,Families with dependent children: Youngest aged 0 to 4,26,14,8,8,0,6,3,3,12,0,12
S01011746,Families with dependent children: Youngest aged 5 to 11,24,15,11,10,1,4,2,2,9,0,9
S01011746,Families with dependent children: Youngest aged 12 to 18,24,11,11,8,3,0,0,0,13,4,9
S01011747,All families in households,286,160,126,117,9,34,26,8,126,18,108
S01011747,Families with no dependent children,133,96,82,81,1,14,13,1,37,9,28
S01011747,Families with dependent children: Total,153,64,44,36,8,20,13,7,89,9,80
S01011747,Families with dependent children: Youngest aged 0 to 4,66,28,16,13,3,12,10,2,38,2,36
S01011747,Families with dependent children: Youngest aged 5 to 11,47,19,15,13,2,4,3,1,28,1,27
S01011747,Families with dependent children: Youngest aged 12 to 18,40,17,13,10,3,4,0,4,23,6,17
S01011748,All families in households,235,138,102,97,5,36,29,7,97,12,85
S01011748,Families with no dependent children,106,83,66,64,2,17,17,0,23,5,18
S01011748,Families with dependent children: Total,129,55,36,33,3,19,12,7,74,7,67
S01011748,Families with dependent children: Youngest aged 0 to 4,55,19,9,9,0,10,6,4,36,3,33
S01011748,Families with dependent children: Youngest aged 5 to 11,45,23,15,15,0,8,6,2,22,1,21
S01011748,Families with dependent children: Youngest aged 12 to 18,29,13,12,9,3,1,0,1,16,3,13
S01011749,All families in households,194,101,51,46,5,50,39,11,93,17,76
S01011749,Families with no dependent children,77,57,27,27,0,30,28,2,20,5,15
S01011749,Families with dependent children: Total,117,44,24,19,5,20,11,9,73,12,61
S01011749,Families with dependent children: Youngest aged 0 to 4,54,23,8,6,2,15,8,7,31,6,25
S01011749,Families with dependent children: Youngest aged 5 to 11,33,13,11,9,2,2,1,1,20,2,18
S01011749,Families with dependent children: Youngest aged 12 to 18,30,8,5,4,1,3,2,1,22,4,18
S01011750,All families in households,257,176,145,136,9,31,26,5,81,8,73
S01011750,Families with no dependent children,140,110,94,91,3,16,15,1,30,5,25
S01011750,Families with dependent children: Total,117,66,51,45,6,15,11,4,51,3,48
S01011750,Families with dependent children: Youngest aged 0 to 4,41,25,18,17,1,7,7,0,16,1,15
S01011750,Families with dependent children: Youngest aged 5 to 11,38,17,14,12,2,3,1,2,21,0,21
S01011750,Families with dependent children: Youngest aged 12 to 18,38,24,19,16,3,5,3,2,14,2,12
S01011751,All families in households,259,135,76,73,3,59,51,8,124,16,108
S01011751,Families with no dependent children,107,81,51,50,1,30,27,3,26,6,20
S01011751,Families with dependent children: Total,152,54,25,23,2,29,24,5,98,10,88
S01011751,Families with dependent children: Youngest aged 0 to 4,65,33,10,9,1,23,20,3,32,2,30
S01011751,Families with dependent children: Youngest aged 5 to 11,40,9,5,5,0,4,3,1,31,3,28
S01011751,Families with dependent children: Youngest aged 12 to 18,47,12,10,9,1,2,1,1,35,5,30
S01011752,All families in households,253,176,121,114,7,55,46,9,77,4,73
S01011752,Families with no dependent children,139,113,82,80,2,31,27,4,26,2,24
S01011752,Families with dependent children: Total,114,63,39,34,5,24,19,5,51,2,49
S01011752,Families with dependent children: Youngest aged 0 to 4,45,30,11,10,1,19,16,3,15,0,15
S01011752,Families with dependent children: Youngest aged 5 to 11,35,22,17,15,2,5,3,2,13,0,13
S01011752,Families with dependent children: Youngest aged 12 to 18,34,11,11,9,2,0,0,0,23,2,21
S01011753,All families in households,244,202,156,153,3,46,38,8,42,5,37
S01011753,Families with no dependent children,158,145,113,111,2,32,30,2,13,3,10
S01011753,Families with dependent children: Total,86,57,43,42,1,14,8,6,29,2,27
S01011753,Families with dependent children: Youngest aged 0 to 4,29,19,13,13,0,6,5,1,10,1,9
S01011753,Families with dependent children: Youngest aged 5 to 11,31,23,16,16,0,7,3,4,8,1,7
S01011753,Families with dependent children: Youngest aged 12 to 18,26,15,14,13,1,1,0,1,11,0,11
S01011754,All families in households,232,174,151,144,7,23,17,6,58,8,50
S01011754,Families with no dependent children,132,110,101,99,2,9,7,2,22,4,18
S01011754,Families with dependent children: Total,100,64,50,45,5,14,10,4,36,4,32
S01011754,Families with dependent children: Youngest aged 0 to 4,43,31,23,22,1,8,6,2,12,2,10
S01011754,Families with dependent children: Youngest aged 5 to 11,26,13,11,9,2,2,2,0,13,1,12
S01011754,Families with dependent children: Youngest aged 12 to 18,31,20,16,14,2,4,2,2,11,1,10
S01011755,All families in households,251,189,145,132,13,44,40,4,62,11,51
S01011755,Families with no dependent children,131,117,93,90,3,24,24,0,14,4,10
S01011755,Families with dependent children: Total,120,72,52,42,10,20,16,4,48,7,41
S01011755,Families with dependent children: Youngest aged 0 to 4,51,32,18,15,3,14,13,1,19,1,18
S01011755,Families with dependent children: Youngest aged 5 to 11,33,16,13,12,1,3,2,1,17,5,12
S01011755,Families with dependent children: Youngest aged 12 to 18,36,24,21,15,6,3,1,2,12,1,11
S01011756,All families in households,294,199,156,145,11,43,31,12,95,9,86
S01011756,Families with no dependent children,154,120,101,97,4,19,16,3,34,7,27
S01011756,Families with dependent children: Total,140,79,55,48,7,24,15,9,61,2,59
S01011756,Families with dependent children: Youngest aged 0 to 4,60,30,19,16,3,11,8,3,30,0,30
S01011756,Families with dependent children: Youngest aged 5 to 11,39,24,18,17,1,6,3,3,15,1,14
S01011756,Families with dependent children: Youngest aged 12 to 18,41,25,18,15,3,7,4,3,16,1,15
S01011757,All families in households,205,150,108,106,2,42,36,6,55,12,43
S01011757,Families with no dependent children,105,85,68,67,1,17,16,1,20,8,12
S01011757,Families with dependent children: Total,100,65,40,39,1,25,20,5,35,4,31
S01011757,Families with dependent children: Youngest aged 0 to 4,39,28,13,12,1,15,12,3,11,1,10
S01011757,Families with dependent children: Youngest aged 5 to 11,39,22,15,15,0,7,5,2,17,0,17
S01011757,Families with dependent children: Youngest aged 12 to 18,22,15,12,12,0,3,3,0,7,3,4
S01011758,All families in households,186,141,116,105,11,25,17,8,45,5,40
S01011758,Families with no dependent children,107,88,78,73,5,10,9,1,19,4,15
S01011758,Families with dependent children: Total,79,53,38,32,6,15,8,7,26,1,25
S01011758,Families with dependent children: Youngest aged 0 to 4,27,18,10,8,2,8,5,3,9,1,8
S01011758,Families with dependent children: Youngest aged 5 to 11,31,22,19,15,4,3,3,0,9,0,9
S01011758,Families with dependent children: Youngest aged 12 to 18,21,13,9,9,0,4,0,4,8,0,8
S01011759,All families in households,259,208,178,173,5,30,23,7,51,8,43
S01011759,Families with no dependent children,149,137,128,126,2,9,8,1,12,4,8
S01011759,Families with dependent children: Total,110,71,50,47,3,21,15,6,39,4,35
S01011759,Families with dependent children: Youngest aged 0 to 4,38,27,13,11,2,14,11,3,11,2,9
S01011759,Families with dependent children: Youngest aged 5 to 11,37,20,17,17,0,3,3,0,17,0,17
S01011759,Families with dependent children: Youngest aged 12 to 18,35,24,20,19,1,4,1,3,11,2,9
S01011760,All families in households,268,196,137,131,6,59,51,8,72,7,65
S01011760,Families with no dependent children,157,129,99,97,2,30,27,3,28,4,24
S01011760,Families with dependent children: Total,111,67,38,34,4,29,24,5,44,3,41
S01011760,Families with dependent children: Youngest aged 0 to 4,46,32,11,10,1,21,17,4,14,0,14
S01011760,Families with dependent children: Youngest aged 5 to 11,34,17,12,11,1,5,4,1,17,2,15
S01011760,Families with dependent children: Youngest aged 12 to 18,31,18,15,13,2,3,3,0,13,1,12
S01011761,All families in households,201,140,99,91,8,41,32,9,61,12,49
S01011761,Families with no dependent children,79,64,48,43,5,16,14,2,15,5,10
S01011761,Families with dependent children: Total,122,76,51,48,3,25,18,7,46,7,39
S01011761,Families with dependent children: Youngest aged 0 to 4,53,36,23,22,1,13,12,1,17,4,13
S01011761,Families with dependent children: Youngest aged 5 to 11,41,23,16,16,0,7,3,4,18,1,17
S01011761,Families with dependent children: Youngest aged 12 to 18,28,17,12,10,2,5,3,2,11,2,9
S01011762,All families in households,182,107,74,70,4,33,27,6,75,6,69
S01011762,Families with no dependent children,92,69,55,54,1,14,14,0,23,3,20
S01011762,Families with dependent children: Total,90,38,19,16,3,19,13,6,52,3,49
S01011762,Families with dependent children: Youngest aged 0 to 4,41,20,7,5,2,13,9,4,21,0,21
S01011762,Families with dependent children: Youngest aged 5 to 11,25,11,6,5,1,5,4,1,14,0,14
S01011762,Families with dependent children: Youngest aged 12 to 18,24,7,6,6,0,1,0,1,17,3,14
S01011763,All families in households,236,193,171,166,5,22,20,2,43,3,40
S01011763,Families with no dependent children,146,132,119,117,2,13,13,0,14,2,12
S01011763,Families with dependent children: Total,90,61,52,49,3,9,7,2,29,1,28
S01011763,Families with dependent children: Youngest aged 0 to 4,33,20,16,15,1,4,4,0,13,0,13
S01011763,Families with dependent children: Youngest aged 5 to 11,26,18,15,15,0,3,1,2,8,0,8
S01011763,Families with dependent children: Youngest aged 12 to 18,31,23,21,19,2,2,2,0,8,1,7
S01011764,All families in households,127,99,91,88,3,8,4,4,28,4,24
S01011764,Families with no dependent children,75,65,61,59,2,4,2,2,10,3,7
S01011764,Families with dependent children: Total,52,34,30,29,1,4,2,2,18,1,17
S01011764,Families with dependent children: Youngest aged 0 to 4,11,6,5,4,1,1,1,0,5,1,4
S01011764,Families with dependent children: Youngest aged 5 to 11,20,15,14,14,0,1,1,0,5,0,5
S01011764,Families with dependent children: Youngest aged 12 to 18,21,13,11,11,0,2,0,2,8,0,8
S01011765,All families in households,321,267,234,229,5,33,28,5,54,7,47
S01011765,Families with no dependent children,181,160,141,138,3,19,17,2,21,5,16
S01011765,Families with dependent children: Total,140,107,93,91,2,14,11,3,33,2,31
S01011765,Families with dependent children: Youngest aged 0 to 4,44,34,26,25,1,8,7,1,10,0,10
S01011765,Families with dependent children: Youngest aged 5 to 11,41,28,24,23,1,4,2,2,13,2,11
S01011765,Families with dependent children: Youngest aged 12 to 18,55,45,43,43,0,2,2,0,10,0,10
S01011766,All families in households,171,150,136,130,6,14,12,2,21,3,18
S01011766,Families with no dependent children,106,97,91,88,3,6,6,0,9,0,9
S01011766,Families with dependent children: Total,65,53,45,42,3,8,6,2,12,3,9
S01011766,Families with dependent children: Youngest aged 0 to 4,23,18,15,14,1,3,2,1,5,1,4
S01011766,Families with dependent children: Youngest aged 5 to 11,24,19,15,14,1,4,4,0,5,0,5
S01011766,Families with dependent children: Youngest aged 12 to 18,18,16,15,14,1,1,0,1,2,2,0
S01011767,All families in households,245,176,148,142,6,28,25,3,69,16,53
S01011767,Families with no dependent children,162,136,117,116,1,19,19,0,26,14,12
S01011767,Families with dependent children: Total,83,40,31,26,5,9,6,3,43,2,41
S01011767,Families with dependent children: Youngest aged 0 to 4,34,13,8,5,3,5,5,0,21,0,21
S01011767,Families with dependent children: Youngest aged 5 to 11,22,9,8,7,1,1,0,1,13,1,12
S01011767,Families with dependent children: Youngest aged 12 to 18,27,18,15,14,1,3,1,2,9,1,8
S01011768,All families in households,211,133,101,96,5,32,28,4,78,11,67
S01011768,Families with no dependent children,104,84,69,69,0,15,15,0,20,7,13
S01011768,Families with dependent children: Total,107,49,32,27,5,17,13,4,58,4,54
S01011768,Families with dependent children: Youngest aged 0 to 4,48,21,11,10,1,10,7,3,27,2,25
S01011768,Families with dependent children: Youngest aged 5 to 11,34,16,12,10,2,4,3,1,18,2,16
S01011768,Families with dependent children: Youngest aged 12 to 18,25,12,9,7,2,3,3,0,13,0,13
S01011769,All families in households,175,127,104,98,6,23,21,2,48,12,36
S01011769,Families with no dependent children,117,94,84,80,4,10,9,1,23,7,16
S01011769,Families with dependent children: Total,58,33,20,18,2,13,12,1,25,5,20
S01011769,Families with dependent children: Youngest aged 0 to 4,25,20,11,11,0,9,9,0,5,2,3
S01011769,Families with dependent children: Youngest aged 5 to 11,17,5,4,4,0,1,1,0,12,2,10
S01011769,Families with dependent children: Youngest aged 12 to 18,16,8,5,3,2,3,2,1,8,1,7
S01011770,All families in households,225,153,121,114,7,32,28,4,72,5,67
S01011770,Families with no dependent children,143,103,89,86,3,14,13,1,40,5,35
S01011770,Families with dependent children: Total,82,50,32,28,4,18,15,3,32,0,32
S01011770,Families with dependent children: Youngest aged 0 to 4,38,30,15,13,2,15,13,2,8,0,8
S01011770,Families with dependent children: Youngest aged 5 to 11,23,10,8,7,1,2,2,0,13,0,13
S01011770,Families with dependent children: Youngest aged 12 to 18,21,10,9,8,1,1,0,1,11,0,11
S01011771,All families in households,210,188,168,160,8,20,16,4,22,2,20
S01011771,Families with no dependent children,109,101,91,91,0,10,10,0,8,0,8
S01011771,Families with dependent children: Total,101,87,77,69,8,10,6,4,14,2,12
S01011771,Families with dependent children: Youngest aged 0 to 4,24,24,20,20,0,4,3,1,0,0,0
S01011771,Families with dependent children: Youngest aged 5 to 11,35,28,25,23,2,3,2,1,7,1,6
S01011771,Families with dependent children: Youngest aged 12 to 18,42,35,32,26,6,3,1,2,7,1,6
S01011772,All families in households,341,322,301,290,11,21,17,4,19,2,17
S01011772,Families with no dependent children,199,193,178,174,4,15,15,0,6,0,6
S01011772,Families with dependent children: Total,142,129,123,116,7,6,2,4,13,2,11
S01011772,Families with dependent children: Youngest aged 0 to 4,35,32,28,27,1,4,2,2,3,1,2
S01011772,Families with dependent children: Youngest aged 5 to 11,45,40,40,36,4,0,0,0,5,0,5
S01011772,Families with dependent children: Youngest aged 12 to 18,62,57,55,53,2,2,0,2,5,1,4
S01011773,All families in households,177,160,138,132,6,22,19,3,17,1,16
S01011773,Families with no dependent children,71,68,59,59,0,9,8,1,3,1,2
S01011773,Families with dependent children: Total,106,92,79,73,6,13,11,2,14,0,14
S01011773,Families with dependent children: Youngest aged 0 to 4,37,34,27,26,1,7,7,0,3,0,3
S01011773,Families with dependent children: Youngest aged 5 to 11,32,27,22,20,2,5,4,1,5,0,5
S01011773,Families with dependent children: Youngest aged 12 to 18,37,31,30,27,3,1,0,1,6,0,6
S01011774,All families in households,263,214,187,177,10,27,16,11,49,8,41
S01011774,Families with no dependent children,103,93,76,74,2,17,12,5,10,3,7
S01011774,Families with dependent children: Total,160,121,111,103,8,10,4,6,39,5,34
S01011774,Families with dependent children: Youngest aged 0 to 4,45,38,36,33,3,2,2,0,7,1,6
S01011774,Families with dependent children: Youngest aged 5 to 11,70,50,45,45,0,5,2,3,20,2,18
S01011774,Families with dependent children: Youngest aged 12 to 18,45,33,30,25,5,3,0,3,12,2,10
S01011775,All families in households,196,173,152,150,2,21,17,4,23,10,13
S01011775,Families with no dependent children,67,61,48,48,0,13,13,0,6,3,3
S01011775,Families with dependent children: Total,129,112,104,102,2,8,4,4,17,7,10
S01011775,Families with dependent children: Youngest aged 0 to 4,38,37,35,33,2,2,2,0,1,0,1
S01011775,Families with dependent children: Youngest aged 5 to 11,51,42,39,39,0,3,1,2,9,3,6
S01011775,Families with dependent children: Youngest aged 12 to 18,40,33,30,30,0,3,1,2,7,4,3
S01011776,All families in households,316,290,253,242,11,37,32,5,26,7,19
S01011776,Families with no dependent children,110,107,88,86,2,19,19,0,3,1,2
S01011776,Families with dependent children: Total,206,183,165,156,9,18,13,5,23,6,17
S01011776,Families with dependent children: Youngest aged 0 to 4,67,60,49,45,4,11,9,2,7,3,4
S01011776,Families with dependent children: Youngest aged 5 to 11,96,83,81,79,2,2,1,1,13,2,11
S01011776,Families with dependent children: Youngest aged 12 to 18,43,40,35,32,3,5,3,2,3,1,2
S01011777,All families in households,190,164,133,130,3,31,24,7,26,3,23
S01011777,Families with no dependent children,86,78,62,61,1,16,14,2,8,1,7
S01011777,Families with dependent children: Total,104,86,71,69,2,15,10,5,18,2,16
S01011777,Families with dependent children: Youngest aged 0 to 4,46,38,29,28,1,9,7,2,8,1,7
S01011777,Families with dependent children: Youngest aged 5 to 11,44,38,34,34,0,4,3,1,6,1,5
S01011777,Families with dependent children: Youngest aged 12 to 18,14,10,8,7,1,2,0,2,4,0,4
S01011778,All families in households,176,150,125,122,3,25,23,2,26,3,23
S01011778,Families with no dependent children,77,71,53,52,1,18,18,0,6,1,5
S01011778,Families with dependent children: Total,99,79,72,70,2,7,5,2,20,2,18
S01011778,Families with dependent children: Youngest aged 0 to 4,38,32,27,26,1,5,4,1,6,0,6
S01011778,Families with dependent children: Youngest aged 5 to 11,37,27,25,25,0,2,1,1,10,1,9
S01011778,Families with dependent children: Youngest aged 12 to 18,24,20,20,19,1,0,0,0,4,1,3
S01011779,All families in households,242,229,205,199,6,24,22,2,13,3,10
S01011779,Families with no dependent children,141,139,120,117,3,19,18,1,2,1,1
S01011779,Families with dependent children: Total,101,90,85,82,3,5,4,1,11,2,9
S01011779,Families with dependent children: Youngest aged 0 to 4,37,34,31,30,1,3,3,0,3,1,2
S01011779,Families with dependent children: Youngest aged 5 to 11,37,33,32,32,0,1,1,0,4,0,4
S01011779,Families with dependent children: Youngest aged 12 to 18,27,23,22,20,2,1,0,1,4,1,3
S01011780,All families in households,285,260,236,224,12,24,16,8,25,3,22
S01011780,Families with no dependent children,155,144,127,124,3,17,11,6,11,1,10
S01011780,Families with dependent children: Total,130,116,109,100,9,7,5,2,14,2,12
S01011780,Families with dependent children: Youngest aged 0 to 4,28,25,24,23,1,1,1,0,3,0,3
S01011780,Families with dependent children: Youngest aged 5 to 11,56,51,45,42,3,6,4,2,5,2,3
S01011780,Families with dependent children: Youngest aged 12 to 18,46,40,40,35,5,0,0,0,6,0,6
S01011781,All families in households,174,156,139,130,9,17,14,3,18,7,11
S01011781,Families with no dependent children,92,84,78,75,3,6,6,0,8,5,3
S01011781,Families with dependent children: Total,82,72,61,55,6,11,8,3,10,2,8
S01011781,Families with dependent children: Youngest aged 0 to 4,19,18,12,11,1,6,5,1,1,0,1
S01011781,Families with dependent children: Youngest aged 5 to 11,24,19,18,18,0,1,1,0,5,0,5
S01011781,Families with dependent children: Youngest aged 12 to 18,39,35,31,26,5,4,2,2,4,2,2
S01011782,All families in households,209,195,184,174,10,11,9,2,14,4,10
S01011782,Families with no dependent children,137,130,124,117,7,6,5,1,7,3,4
S01011782,Families with dependent children: Total,72,65,60,57,3,5,4,1,7,1,6
S01011782,Families with dependent children: Youngest aged 0 to 4,18,14,13,12,1,1,1,0,4,0,4
S01011782,Families with dependent children: Youngest aged 5 to 11,23,22,21,21,0,1,1,0,1,1,0
S01011782,Families with dependent children: Youngest aged 12 to 18,31,29,26,24,2,3,2,1,2,0,2
S01011783,All families in households,183,167,149,144,5,18,15,3,16,4,12
S01011783,Families with no dependent children,116,109,101,99,2,8,8,0,7,3,4
S01011783,Families with dependent children: Total,67,58,48,45,3,10,7,3,9,1,8
S01011783,Families with dependent children: Youngest aged 0 to 4,25,22,17,16,1,5,3,2,3,0,3
S01011783,Families with dependent children: Youngest aged 5 to 11,16,14,11,11,0,3,3,0,2,0,2
S01011783,Families with dependent children: Youngest aged 12 to 18,26,22,20,18,2,2,1,1,4,1,3
S01011784,All families in households,242,175,139,132,7,36,31,5,67,4,63
S01011784,Families with no dependent children,148,124,97,93,4,27,25,2,24,4,20
S01011784,Families with dependent children: Total,94,51,42,39,3,9,6,3,43,0,43
S01011784,Families with dependent children: Youngest aged 0 to 4,32,19,14,14,0,5,3,2,13,0,13
S01011784,Families with dependent children: Youngest aged 5 to 11,25,14,13,12,1,1,1,0,11,0,11
S01011784,Families with dependent children: Youngest aged 12 to 18,37,18,15,13,2,3,2,1,19,0,19
S01011785,All families in households,275,201,179,172,7,22,18,4,74,7,67
S01011785,Families with no dependent children,178,147,135,133,2,12,11,1,31,6,25
S01011785,Families with dependent children: Total,97,54,44,39,5,10,7,3,43,1,42
S01011785,Families with dependent children: Youngest aged 0 to 4,34,19,15,14,1,4,3,1,15,1,14
S01011785,Families with dependent children: Youngest aged 5 to 11,37,21,16,14,2,5,3,2,16,0,16
S01011785,Families with dependent children: Youngest aged 12 to 18,26,14,13,11,2,1,1,0,12,0,12
S01011786,All families in households,123,109,87,81,6,22,15,7,14,0,14
S01011786,Families with no dependent children,36,34,24,23,1,10,9,1,2,0,2
S01011786,Families with dependent children: Total,87,75,63,58,5,12,6,6,12,0,12
S01011786,Families with dependent children: Youngest aged 0 to 4,36,34,27,25,2,7,6,1,2,0,2
S01011786,Families with dependent children: Youngest aged 5 to 11,26,21,19,18,1,2,0,2,5,0,5
S01011786,Families with dependent children: Youngest aged 12 to 18,25,20,17,15,2,3,0,3,5,0,5
S01011787,All families in households,282,180,146,139,7,34,26,8,102,17,85
S01011787,Families with no dependent children,141,106,91,88,3,15,15,0,35,9,26
S01011787,Families with dependent children: Total,141,74,55,51,4,19,11,8,67,8,59
S01011787,Families with dependent children: Youngest aged 0 to 4,47,27,16,15,1,11,8,3,20,1,19
S01011787,Families with dependent children: Youngest aged 5 to 11,48,27,23,21,2,4,1,3,21,4,17
S01011787,Families with dependent children: Youngest aged 12 to 18,46,20,16,15,1,4,2,2,26,3,23
S01011788,All families in households,212,203,183,173,10,20,18,2,9,2,7
S01011788,Families with no dependent children,93,90,79,75,4,11,11,0,3,0,3
S01011788,Families with dependent children: Total,119,113,104,98,6,9,7,2,6,2,4
S01011788,Families with dependent children: Youngest aged 0 to 4,34,33,29,26,3,4,4,0,1,0,1
S01011788,Families with dependent children: Youngest aged 5 to 11,48,45,43,43,0,2,1,1,3,2,1
S01011788,Families with dependent children: Youngest aged 12 to 18,37,35,32,29,3,3,2,1,2,0,2
S01011789,All families in households,211,171,156,151,5,15,13,2,40,12,28
S01011789,Families with no dependent children,138,118,106,104,2,12,11,1,20,6,14
S01011789,Families with dependent children: Total,73,53,50,47,3,3,2,1,20,6,14
S01011789,Families with dependent children: Youngest aged 0 to 4,16,13,12,9,3,1,1,0,3,1,2
S01011789,Families with dependent children: Youngest aged 5 to 11,28,22,20,20,0,2,1,1,6,4,2
S01011789,Families with dependent children: Youngest aged 12 to 18,29,18,18,18,0,0,0,0,11,1,10
S01011790,All families in households,297,226,179,172,7,47,40,7,71,5,66
S01011790,Families with no dependent children,155,137,112,109,3,25,25,0,18,2,16
S01011790,Families with dependent children: Total,142,89,67,63,4,22,15,7,53,3,50
S01011790,Families with dependent children: Youngest aged 0 to 4,41,29,17,16,1,12,11,1,12,0,12
S01011790,Families with dependent children: Youngest aged 5 to 11,51,34,28,26,2,6,2,4,17,0,17
S01011790,Families with dependent children: Youngest aged 12 to 18,50,26,22,21,1,4,2,2,24,3,21
S01011791,All families in households,221,163,127,121,6,36,30,6,58,5,53
S01011791,Families with no dependent children,132,109,91,89,2,18,16,2,23,4,19
S01011791,Families with dependent children: Total,89,54,36,32,4,18,14,4,35,1,34
S01011791,Families with dependent children: Youngest aged 0 to 4,40,27,14,13,1,13,12,1,13,0,13
S01011791,Families with dependent children: Youngest aged 5 to 11,26,11,9,7,2,2,2,0,15,1,14
S01011791,Families with dependent children: Youngest aged 12 to 18,23,16,13,12,1,3,0,3,7,0,7
S01011792,All families in households,224,188,153,149,4,35,32,3,36,9,27
S01011792,Families with no dependent children,153,135,107,105,2,28,26,2,18,4,14
S01011792,Families with dependent children: Total,71,53,46,44,2,7,6,1,18,5,13
S01011792,Families with dependent children: Youngest aged 0 to 4,35,26,20,19,1,6,6,0,9,2,7
S01011792,Families with dependent children: Youngest aged 5 to 11,20,17,16,15,1,1,0,1,3,0,3
S01011792,Families with dependent children: Youngest aged 12 to 18,16,10,10,10,0,0,0,0,6,3,3
S01011793,All families in households,191,171,135,133,2,36,33,3,20,6,14
S01011793,Families with no dependent children,137,124,96,95,1,28,28,0,13,2,11
S01011793,Families with dependent children: Total,54,47,39,38,1,8,5,3,7,4,3
S01011793,Families with dependent children: Youngest aged 0 to 4,19,19,14,14,0,5,5,0,0,0,0
S01011793,Families with dependent children: Youngest aged 5 to 11,15,11,11,11,0,0,0,0,4,3,1
S01011793,Families with dependent children: Youngest aged 12 to 18,20,17,14,13,1,3,0,3,3,1,2
S01011794,All families in households,260,200,164,160,4,36,30,6,60,6,54
S01011794,Families with no dependent children,136,119,101,100,1,18,17,1,17,4,13
S01011794,Families with dependent children: Total,124,81,63,60,3,18,13,5,43,2,41
S01011794,Families with dependent children: Youngest aged 0 to 4,46,33,19,19,0,14,11,3,13,1,12
S01011794,Families with dependent children: Youngest aged 5 to 11,46,30,28,26,2,2,1,1,16,0,16
S01011794,Families with dependent children: Youngest aged 12 to 18,32,18,16,15,1,2,1,1,14,1,13
S01011795,All families in households,199,137,108,105,3,29,26,3,62,10,52
S01011795,Families with no dependent children,113,100,80,79,1,20,19,1,13,4,9
S01011795,Families with dependent children: Total,86,37,28,26,2,9,7,2,49,6,43
S01011795,Families with dependent children: Youngest aged 0 to 4,35,15,8,8,0,7,7,0,20,2,18
S01011795,Families with dependent children: Youngest aged 5 to 11,32,10,9,7,2,1,0,1,22,2,20
S01011795,Families with dependent children: Youngest aged 12 to 18,19,12,11,11,0,1,0,1,7,2,5
S01011796,All families in households,203,130,93,84,9,37,33,4,73,7,66
S01011796,Families with no dependent children,102,78,56,51,5,22,20,2,24,3,21
S01011796,Families with dependent children: Total,101,52,37,33,4,15,13,2,49,4,45
S01011796,Families with dependent children: Youngest aged 0 to 4,35,18,9,9,0,9,9,0,17,0,17
S01011796,Families with dependent children: Youngest aged 5 to 11,38,21,19,15,4,2,1,1,17,3,14
S01011796,Families with dependent children: Youngest aged 12 to 18,28,13,9,9,0,4,3,1,15,1,14
S01011797,All families in households,318,296,271,267,4,25,20,5,22,4,18
S01011797,Families with no dependent children,199,190,173,171,2,17,14,3,9,2,7
S01011797,Families with dependent children: Total,119,106,98,96,2,8,6,2,13,2,11
S01011797,Families with dependent children: Youngest aged 0 to 4,39,35,32,31,1,3,3,0,4,0,4
S01011797,Families with dependent children: Youngest aged 5 to 11,30,28,26,25,1,2,2,0,2,0,2
S01011797,Families with dependent children: Youngest aged 12 to 18,50,43,40,40,0,3,1,2,7,2,5
S01011798,All families in households,163,122,81,77,4,41,33,8,41,6,35
S01011798,Families with no dependent children,91,73,55,54,1,18,17,1,18,3,15
S01011798,Families with dependent children: Total,72,49,26,23,3,23,16,7,23,3,20
S01011798,Families with dependent children: Youngest aged 0 to 4,29,21,7,6,1,14,13,1,8,0,8
S01011798,Families with dependent children: Youngest aged 5 to 11,21,14,10,9,1,4,2,2,7,1,6
S01011798,Families with dependent children: Youngest aged 12 to 18,22,14,9,8,1,5,1,4,8,2,6
S01011799,All families in households,297,242,222,216,6,20,15,5,55,5,50
S01011799,Families with no dependent children,200,175,164,161,3,11,9,2,25,3,22
S01011799,Families with dependent children: Total,97,67,58,55,3,9,6,3,30,2,28
S01011799,Families with dependent children: Youngest aged 0 to 4,30,20,15,14,1,5,4,1,10,0,10
S01011799,Families with dependent children: Youngest aged 5 to 11,33,25,22,22,0,3,2,1,8,1,7
S01011799,Families with dependent children: Youngest aged 12 to 18,34,22,21,19,2,1,0,1,12,1,11
S01011800,All families in households,163,129,112,112,0,17,15,2,34,12,22
S01011800,Families with no dependent children,108,91,83,83,0,8,8,0,17,10,7
S01011800,Families with dependent children: Total,55,38,29,29,0,9,7,2,17,2,15
S01011800,Families with dependent children: Youngest aged 0 to 4,20,17,9,9,0,8,6,2,3,0,3
S01011800,Families with dependent children: Youngest aged 5 to 11,26,15,14,14,0,1,1,0,11,1,10
S01011800,Families with dependent children: Youngest aged 12 to 18,9,6,6,6,0,0,0,0,3,1,2
S01011801,All families in households,177,123,99,92,7,24,17,7,54,4,50
S01011801,Families with no dependent children,83,65,57,55,2,8,8,0,18,4,14
S01011801,Families with dependent children: Total,94,58,42,37,5,16,9,7,36,0,36
S01011801,Families with dependent children: Youngest aged 0 to 4,35,21,11,9,2,10,7,3,14,0,14
S01011801,Families with dependent children: Youngest aged 5 to 11,39,25,21,19,2,4,2,2,14,0,14
S01011801,Families with dependent children: Youngest aged 12 to 18,20,12,10,9,1,2,0,2,8,0,8
S01011802,All families in households,209,144,124,118,6,20,16,4,65,12,53
S01011802,Families with no dependent children,113,96,88,86,2,8,7,1,17,5,12
S01011802,Families with dependent children: Total,96,48,36,32,4,12,9,3,48,7,41
S01011802,Families with dependent children: Youngest aged 0 to 4,36,17,13,9,4,4,4,0,19,1,18
S01011802,Families with dependent children: Youngest aged 5 to 11,30,22,17,17,0,5,4,1,8,0,8
S01011802,Families with dependent children: Youngest aged 12 to 18,30,9,6,6,0,3,1,2,21,6,15
S01011803,All families in households,174,134,120,116,4,14,12,2,40,3,37
S01011803,Families with no dependent children,101,86,78,78,0,8,8,0,15,2,13
S01011803,Families with dependent children: Total,73,48,42,38,4,6,4,2,25,1,24
S01011803,Families with dependent children: Youngest aged 0 to 4,28,21,17,14,3,4,2,2,7,0,7
S01011803,Families with dependent children: Youngest aged 5 to 11,19,12,10,10,0,2,2,0,7,1,6
S01011803,Families with dependent children: Youngest aged 12 to 18,26,15,15,14,1,0,0,0,11,0,11
S01011804,All families in households,207,154,108,102,6,46,40,6,53,3,50
S01011804,Families with no dependent children,123,106,80,78,2,26,24,2,17,3,14
S01011804,Families with dependent children: Total,84,48,28,24,4,20,16,4,36,0,36
S01011804,Families with dependent children: Youngest aged 0 to 4,34,23,10,10,0,13,11,2,11,0,11
S01011804,Families with dependent children: Youngest aged 5 to 11,28,14,9,9,0,5,5,0,14,0,14
S01011804,Families with dependent children: Youngest aged 12 to 18,22,11,9,5,4,2,0,2,11,0,11
S01011805,All families in households,135,118,96,91,5,22,19,3,17,4,13
S01011805,Families with no dependent children,90,82,65,65,0,17,16,1,8,2,6
S01011805,Families with dependent children: Total,45,36,31,26,5,5,3,2,9,2,7
S01011805,Families with dependent children: Youngest aged 0 to 4,10,9,6,6,0,3,2,1,1,0,1
S01011805,Families with dependent children: Youngest aged 5 to 11,13,12,11,8,3,1,1,0,1,0,1
S01011805,Families with dependent children: Youngest aged 12 to 18,22,15,14,12,2,1,0,1,7,2,5
S01011806,All families in households,230,202,166,160,6,36,29,7,28,8,20
S01011806,Families with no dependent children,142,133,115,114,1,18,16,2,9,4,5
S01011806,Families with dependent children: Total,88,69,51,46,5,18,13,5,19,4,15
S01011806,Families with dependent children: Youngest aged 0 to 4,36,33,18,15,3,15,11,4,3,0,3
S01011806,Families with dependent children: Youngest aged 5 to 11,29,26,24,23,1,2,2,0,3,0,3
S01011806,Families with dependent children: Youngest aged 12 to 18,23,10,9,8,1,1,0,1,13,4,9
S01011807,All families in households,330,297,246,243,3,51,44,7,33,10,23
S01011807,Families with no dependent children,221,204,172,172,0,32,30,2,17,5,12
S01011807,Families with dependent children: Total,109,93,74,71,3,19,14,5,16,5,11
S01011807,Families with dependent children: Youngest aged 0 to 4,30,25,16,15,1,9,7,2,5,0,5
S01011807,Families with dependent children: Youngest aged 5 to 11,35,28,23,22,1,5,3,2,7,3,4
S01011807,Families with dependent children: Youngest aged 12 to 18,44,40,35,34,1,5,4,1,4,2,2
S01011808,All families in households,182,155,124,120,4,31,26,5,27,2,25
S01011808,Families with no dependent children,108,93,73,72,1,20,17,3,15,1,14
S01011808,Families with dependent children: Total,74,62,51,48,3,11,9,2,12,1,11
S01011808,Families with dependent children: Youngest aged 0 to 4,28,22,13,13,0,9,8,1,6,1,5
S01011808,Families with dependent children: Youngest aged 5 to 11,18,13,13,13,0,0,0,0,5,0,5
S01011808,Families with dependent children: Youngest aged 12 to 18,28,27,25,22,3,2,1,1,1,0,1
S01011809,All families in households,223,208,174,167,7,34,26,8,15,5,10
S01011809,Families with no dependent children,151,143,121,117,4,22,20,2,8,4,4
S01011809,Families with dependent children: Total,72,65,53,50,3,12,6,6,7,1,6
S01011809,Families with dependent children: Youngest aged 0 to 4,29,28,22,21,1,6,5,1,1,0,1
S01011809,Families with dependent children: Youngest aged 5 to 11,21,17,14,12,2,3,0,3,4,1,3
S01011809,Families with dependent children: Youngest aged 12 to 18,22,20,17,17,0,3,1,2,2,0,2
S01011810,All families in households,289,267,228,214,14,39,37,2,22,2,20
S01011810,Families with no dependent children,192,178,151,147,4,27,26,1,14,2,12
S01011810,Families with dependent children: Total,97,89,77,67,10,12,11,1,8,0,8
S01011810,Families with dependent children: Youngest aged 0 to 4,37,35,28,25,3,7,7,0,2,0,2
S01011810,Families with dependent children: Youngest aged 5 to 11,31,30,27,22,5,3,2,1,1,0,1
S01011810,Families with dependent children: Youngest aged 12 to 18,29,24,22,20,2,2,2,0,5,0,5
S01011811,All families in households,322,298,259,250,9,39,36,3,24,3,21
S01011811,Families with no dependent children,205,197,170,166,4,27,27,0,8,1,7
S01011811,Families with dependent children: Total,117,101,89,84,5,12,9,3,16,2,14
S01011811,Families with dependent children: Youngest aged 0 to 4,44,42,36,36,0,6,5,1,2,1,1
S01011811,Families with dependent children: Youngest aged 5 to 11,47,38,33,29,4,5,3,2,9,0,9
S01011811,Families with dependent children: Youngest aged 12 to 18,26,21,20,19,1,1,1,0,5,1,4
S01011812,All families in households,210,192,170,163,7,22,17,5,18,4,14
S01011812,Families with no dependent children,131,127,115,113,2,12,10,2,4,1,3
S01011812,Families with dependent children: Total,79,65,55,50,5,10,7,3,14,3,11
S01011812,Families with dependent children: Youngest aged 0 to 4,28,24,19,17,2,5,4,1,4,3,1
S01011812,Families with dependent children: Youngest aged 5 to 11,22,17,13,12,1,4,3,1,5,0,5
S01011812,Families with dependent children: Youngest aged 12 to 18,29,24,23,21,2,1,0,1,5,0,5
S01011813,All families in households,237,213,174,169,5,39,34,5,24,4,20
S01011813,Families with no dependent children,152,140,115,114,1,25,24,1,12,3,9
S01011813,Families with dependent children: Total,85,73,59,55,4,14,10,4,12,1,11
S01011813,Families with dependent children: Youngest aged 0 to 4,34,32,23,23,0,9,8,1,2,0,2
S01011813,Families with dependent children: Youngest aged 5 to 11,30,24,22,20,2,2,0,2,6,1,5
S01011813,Families with dependent children: Youngest aged 12 to 18,21,17,14,12,2,3,2,1,4,0,4
S01011814,All families in households,221,203,182,171,11,21,19,2,18,3,15
S01011814,Families with no dependent children,129,122,109,106,3,13,12,1,7,1,6
S01011814,Families with dependent children: Total,92,81,73,65,8,8,7,1,11,2,9
S01011814,Families with dependent children: Youngest aged 0 to 4,35,34,31,27,4,3,3,0,1,0,1
S01011814,Families with dependent children: Youngest aged 5 to 11,29,26,23,21,2,3,3,0,3,0,3
S01011814,Families with dependent children: Youngest aged 12 to 18,28,21,19,17,2,2,1,1,7,2,5
S01011815,All families in households,229,198,158,150,8,40,27,13,31,0,31
S01011815,Families with no dependent children,113,106,90,89,1,16,13,3,7,0,7
S01011815,Families with dependent children: Total,116,92,68,61,7,24,14,10,24,0,24
S01011815,Families with dependent children: Youngest aged 0 to 4,53,46,29,26,3,17,12,5,7,0,7
S01011815,Families with dependent children: Youngest aged 5 to 11,38,26,23,21,2,3,0,3,12,0,12
S01011815,Families with dependent children: Youngest aged 12 to 18,25,20,16,14,2,4,2,2,5,0,5
S01011816,All families in households,200,189,172,170,2,17,15,2,11,3,8
S01011816,Families with no dependent children,131,128,119,118,1,9,8,1,3,0,3
S01011816,Families with dependent children: Total,69,61,53,52,1,8,7,1,8,3,5
S01011816,Families with dependent children: Youngest aged 0 to 4,22,19,15,15,0,4,4,0,3,0,3
S01011816,Families with dependent children: Youngest aged 5 to 11,18,18,16,16,0,2,1,1,0,0,0
S01011816,Families with dependent children: Youngest aged 12 to 18,29,24,22,21,1,2,2,0,5,3,2
S01011817,All families in households,211,198,171,164,7,27,22,5,13,4,9
S01011817,Families with no dependent children,124,117,103,103,0,14,12,2,7,3,4
S01011817,Families with dependent children: Total,87,81,68,61,7,13,10,3,6,1,5
S01011817,Families with dependent children: Youngest aged 0 to 4,33,31,24,21,3,7,7,0,2,0,2
S01011817,Families with dependent children: Youngest aged 5 to 11,24,23,20,19,1,3,2,1,1,0,1
S01011817,Families with dependent children: Youngest aged 12 to 18,30,27,24,21,3,3,1,2,3,1,2
S01011818,All families in households,332,287,230,218,12,57,50,7,45,7,38
S01011818,Families with no dependent children,192,183,144,141,3,39,39,0,9,0,9
S01011818,Families with dependent children: Total,140,104,86,77,9,18,11,7,36,7,29
S01011818,Families with dependent children: Youngest aged 0 to 4,46,37,29,28,1,8,7,1,9,0,9
S01011818,Families with dependent children: Youngest aged 5 to 11,49,32,27,22,5,5,2,3,17,4,13
S01011818,Families with dependent children: Youngest aged 12 to 18,45,35,30,27,3,5,2,3,10,3,7
S01011819,All families in households,242,184,139,134,5,45,39,6,58,17,41
S01011819,Families with no dependent children,155,133,100,100,0,33,32,1,22,7,15
S01011819,Families with dependent children: Total,87,51,39,34,5,12,7,5,36,10,26
S01011819,Families with dependent children: Youngest aged 0 to 4,29,21,15,14,1,6,4,2,8,1,7
S01011819,Families with dependent children: Youngest aged 5 to 11,22,8,7,6,1,1,1,0,14,4,10
S01011819,Families with dependent children: Youngest aged 12 to 18,36,22,17,14,3,5,2,3,14,5,9
S01011820,All families in households,209,178,138,131,7,40,37,3,31,3,28
S01011820,Families with no dependent children,122,110,82,80,2,28,28,0,12,2,10
S01011820,Families with dependent children: Total,87,68,56,51,5,12,9,3,19,1,18
S01011820,Families with dependent children: Youngest aged 0 to 4,30,25,18,16,2,7,7,0,5,0,5
S01011820,Families with dependent children: Youngest aged 5 to 11,27,22,18,17,1,4,2,2,5,0,5
S01011820,Families with dependent children: Youngest aged 12 to 18,30,21,20,18,2,1,0,1,9,1,8
S01011821,All families in households,102,84,45,40,5,39,30,9,18,1,17
S01011821,Families with no dependent children,57,52,27,27,0,25,25,0,5,0,5
S01011821,Families with dependent children: Total,45,32,18,13,5,14,5,9,13,1,12
S01011821,Families with dependent children: Youngest aged 0 to 4,21,18,9,5,4,9,4,5,3,0,3
S01011821,Families with dependent children: Youngest aged 5 to 11,15,8,4,4,0,4,1,3,7,0,7
S01011821,Families with dependent children: Youngest aged 12 to 18,9,6,5,4,1,1,0,1,3,1,2
S01011822,All families in households,166,133,79,78,1,54,47,7,33,3,30
S01011822,Families with no dependent children,100,93,59,58,1,34,32,2,7,1,6
S01011822,Families with dependent children: Total,66,40,20,20,0,20,15,5,26,2,24
S01011822,Families with dependent children: Youngest aged 0 to 4,30,19,7,7,0,12,10,2,11,0,11
S01011822,Families with dependent children: Youngest aged 5 to 11,21,13,7,7,0,6,3,3,8,2,6
S01011822,Families with dependent children: Youngest aged 12 to 18,15,8,6,6,0,2,2,0,7,0,7
S01011823,All families in households,184,148,115,110,5,33,27,6,36,3,33
S01011823,Families with no dependent children,111,102,84,83,1,18,17,1,9,1,8
S01011823,Families with dependent children: Total,73,46,31,27,4,15,10,5,27,2,25
S01011823,Families with dependent children: Youngest aged 0 to 4,33,22,11,8,3,11,8,3,11,0,11
S01011823,Families with dependent children: Youngest aged 5 to 11,16,8,7,7,0,1,1,0,8,0,8
S01011823,Families with dependent children: Youngest aged 12 to 18,24,16,13,12,1,3,1,2,8,2,6
S01011824,All families in households,204,154,112,108,4,42,32,10,50,6,44
S01011824,Families with no dependent children,111,93,72,72,0,21,19,2,18,5,13
S01011824,Families with dependent children: Total,93,61,40,36,4,21,13,8,32,1,31
S01011824,Families with dependent children: Youngest aged 0 to 4,39,32,18,17,1,14,11,3,7,0,7
S01011824,Families with dependent children: Youngest aged 5 to 11,25,14,11,8,3,3,1,2,11,0,11
S01011824,Families with dependent children: Youngest aged 12 to 18,29,15,11,11,0,4,1,3,14,1,13
S01011825,All families in households,165,131,103,97,6,28,26,2,34,6,28
S01011825,Families with no dependent children,113,97,77,74,3,20,19,1,16,4,12
S01011825,Families with dependent children: Total,52,34,26,23,3,8,7,1,18,2,16
S01011825,Families with dependent children: Youngest aged 0 to 4,19,12,8,7,1,4,4,0,7,0,7
S01011825,Families with dependent children: Youngest aged 5 to 11,17,12,9,8,1,3,2,1,5,0,5
S01011825,Families with dependent children: Youngest aged 12 to 18,16,10,9,8,1,1,1,0,6,2,4
S01011826,All families in households,187,164,118,113,5,46,37,9,23,4,19
S01011826,Families with no dependent children,109,101,74,73,1,27,26,1,8,4,4
S01011826,Families with dependent children: Total,78,63,44,40,4,19,11,8,15,0,15
S01011826,Families with dependent children: Youngest aged 0 to 4,28,23,13,12,1,10,9,1,5,0,5
S01011826,Families with dependent children: Youngest aged 5 to 11,25,18,14,13,1,4,1,3,7,0,7
S01011826,Families with dependent children: Youngest aged 12 to 18,25,22,17,15,2,5,1,4,3,0,3
S01011827,All families in households,156,140,118,118,0,22,20,2,16,6,10
S01011827,Families with no dependent children,128,118,102,102,0,16,16,0,10,4,6
S01011827,Families with dependent children: Total,28,22,16,16,0,6,4,2,6,2,4
S01011827,Families with dependent children: Youngest aged 0 to 4,11,10,6,6,0,4,3,1,1,0,1
S01011827,Families with dependent children: Youngest aged 5 to 11,6,4,2,2,0,2,1,1,2,0,2
S01011827,Families with dependent children: Youngest aged 12 to 18,11,8,8,8,0,0,0,0,3,2,1
S01011828,All families in households,272,253,205,199,6,48,42,6,19,5,14
S01011828,Families with no dependent children,184,173,144,142,2,29,28,1,11,3,8
S01011828,Families with dependent children: Total,88,80,61,57,4,19,14,5,8,2,6
S01011828,Families with dependent children: Youngest aged 0 to 4,41,39,26,25,1,13,11,2,2,0,2
S01011828,Families with dependent children: Youngest aged 5 to 11,22,20,16,15,1,4,2,2,2,1,1
S01011828,Families with dependent children: Youngest aged 12 to 18,25,21,19,17,2,2,1,1,4,1,3
S01011829,All families in households,129,121,93,91,2,28,22,6,8,2,6
S01011829,Families with no dependent children,94,89,72,71,1,17,17,0,5,1,4
S01011829,Families with dependent children: Total,35,32,21,20,1,11,5,6,3,1,2
S01011829,Families with dependent children: Youngest aged 0 to 4,8,7,4,4,0,3,2,1,1,0,1
S01011829,Families with dependent children: Youngest aged 5 to 11,9,9,6,6,0,3,2,1,0,0,0
S01011829,Families with dependent children: Youngest aged 12 to 18,18,16,11,10,1,5,1,4,2,1,1
S01011830,All families in households,164,146,122,118,4,24,20,4,18,5,13
S01011830,Families with no dependent children,114,108,96,94,2,12,11,1,6,0,6
S01011830,Families with dependent children: Total,50,38,26,24,2,12,9,3,12,5,7
S01011830,Families with dependent children: Youngest aged 0 to 4,19,16,9,9,0,7,6,1,3,2,1
S01011830,Families with dependent children: Youngest aged 5 to 11,18,12,9,9,0,3,2,1,6,1,5
S01011830,Families with dependent children: Youngest aged 12 to 18,13,10,8,6,2,2,1,1,3,2,1
S01011831,All families in households,264,230,198,194,4,32,24,8,34,6,28
S01011831,Families with no dependent children,174,165,146,145,1,19,19,0,9,1,8
S01011831,Families with dependent children: Total,90,65,52,49,3,13,5,8,25,5,20
S01011831,Families with dependent children: Youngest aged 0 to 4,20,15,10,9,1,5,3,2,5,0,5
S01011831,Families with dependent children: Youngest aged 5 to 11,42,26,20,20,0,6,2,4,16,5,11
S01011831,Families with dependent children: Youngest aged 12 to 18,28,24,22,20,2,2,0,2,4,0,4
S01011832,All families in households,258,233,202,198,4,31,27,4,25,3,22
S01011832,Families with no dependent children,176,168,145,144,1,23,23,0,8,1,7
S01011832,Families with dependent children: Total,82,65,57,54,3,8,4,4,17,2,15
S01011832,Families with dependent children: Youngest aged 0 to 4,36,26,21,21,0,5,3,2,10,0,10
S01011832,Families with dependent children: Youngest aged 5 to 11,17,13,11,10,1,2,1,1,4,1,3
S01011832,Families with dependent children: Youngest aged 12 to 18,29,26,25,23,2,1,0,1,3,1,2
S01011833,All families in households,301,274,254,245,9,20,14,6,27,5,22
S01011833,Families with no dependent children,176,164,151,147,4,13,11,2,12,4,8
S01011833,Families with dependent children: Total,125,110,103,98,5,7,3,4,15,1,14
S01011833,Families with dependent children: Youngest aged 0 to 4,30,26,22,20,2,4,2,2,4,0,4
S01011833,Families with dependent children: Youngest aged 5 to 11,44,37,34,32,2,3,1,2,7,1,6
S01011833,Families with dependent children: Youngest aged 12 to 18,51,47,47,46,1,0,0,0,4,0,4
S01011834,All families in households,156,151,146,140,6,5,5,0,5,4,1
S01011834,Families with no dependent children,75,75,72,69,3,3,3,0,0,0,0
S01011834,Families with dependent children: Total,81,76,74,71,3,2,2,0,5,4,1
S01011834,Families with dependent children: Youngest aged 0 to 4,34,34,33,31,2,1,1,0,0,0,0
S01011834,Families with dependent children: Youngest aged 5 to 11,20,17,17,16,1,0,0,0,3,2,1
S01011834,Families with dependent children: Youngest aged 12 to 18,27,25,24,24,0,1,1,0,2,2,0
S01011835,All families in households,216,199,169,164,5,30,25,5,17,5,12
S01011835,Families with no dependent children,136,133,111,109,2,22,20,2,3,1,2
S01011835,Families with dependent children: Total,80,66,58,55,3,8,5,3,14,4,10
S01011835,Families with dependent children: Youngest aged 0 to 4,22,21,18,17,1,3,2,1,1,0,1
S01011835,Families with dependent children: Youngest aged 5 to 11,37,32,30,28,2,2,0,2,5,2,3
S01011835,Families with dependent children: Youngest aged 12 to 18,21,13,10,10,0,3,3,0,8,2,6
S01011836,All families in households,254,233,209,205,4,24,21,3,21,4,17
S01011836,Families with no dependent children,181,174,161,157,4,13,12,1,7,1,6
S01011836,Families with dependent children: Total,73,59,48,48,0,11,9,2,14,3,11
S01011836,Families with dependent children: Youngest aged 0 to 4,18,15,9,9,0,6,5,1,3,1,2
S01011836,Families with dependent children: Youngest aged 5 to 11,32,26,23,23,0,3,3,0,6,2,4
S01011836,Families with dependent children: Youngest aged 12 to 18,23,18,16,16,0,2,1,1,5,0,5
S01011837,All families in households,212,198,179,175,4,19,16,3,14,2,12
S01011837,Families with no dependent children,139,133,122,121,1,11,10,1,6,1,5
S01011837,Families with dependent children: Total,73,65,57,54,3,8,6,2,8,1,7
S01011837,Families with dependent children: Youngest aged 0 to 4,14,13,12,12,0,1,1,0,1,0,1
S01011837,Families with dependent children: Youngest aged 5 to 11,33,30,26,24,2,4,2,2,3,0,3
S01011837,Families with dependent children: Youngest aged 12 to 18,26,22,19,18,1,3,3,0,4,1,3
S01011838,All families in households,264,245,222,219,3,23,20,3,19,3,16
S01011838,Families with no dependent children,177,168,147,146,1,21,19,2,9,2,7
S01011838,Families with dependent children: Total,87,77,75,73,2,2,1,1,10,1,9
S01011838,Families with dependent children: Youngest aged 0 to 4,19,18,17,17,0,1,1,0,1,0,1
S01011838,Families with dependent children: Youngest aged 5 to 11,33,29,28,28,0,1,0,1,4,1,3
S01011838,Families with dependent children: Youngest aged 12 to 18,35,30,30,28,2,0,0,0,5,0,5
S01011839,All families in households,304,282,236,228,8,46,39,7,22,4,18
S01011839,Families with no dependent children,206,194,167,163,4,27,26,1,12,3,9
S01011839,Families with dependent children: Total,98,88,69,65,4,19,13,6,10,1,9
S01011839,Families with dependent children: Youngest aged 0 to 4,34,32,25,23,2,7,7,0,2,0,2
S01011839,Families with dependent children: Youngest aged 5 to 11,32,27,22,22,0,5,4,1,5,0,5
S01011839,Families with dependent children: Youngest aged 12 to 18,32,29,22,20,2,7,2,5,3,1,2
S01011840,All families in households,301,260,227,220,7,33,26,7,41,6,35
S01011840,Families with no dependent children,174,156,141,141,0,15,14,1,18,5,13
S01011840,Families with dependent children: Total,127,104,86,79,7,18,12,6,23,1,22
S01011840,Families with dependent children: Youngest aged 0 to 4,36,32,24,21,3,8,7,1,4,0,4
S01011840,Families with dependent children: Youngest aged 5 to 11,52,41,34,32,2,7,5,2,11,0,11
S01011840,Families with dependent children: Youngest aged 12 to 18,39,31,28,26,2,3,0,3,8,1,7
S01011841,All families in households,287,230,195,188,7,35,26,9,57,5,52
S01011841,Families with no dependent children,156,141,120,120,0,21,18,3,15,2,13
S01011841,Families with dependent children: Total,131,89,75,68,7,14,8,6,42,3,39
S01011841,Families with dependent children: Youngest aged 0 to 4,47,32,26,24,2,6,6,0,15,0,15
S01011841,Families with dependent children: Youngest aged 5 to 11,49,36,32,29,3,4,2,2,13,1,12
S01011841,Families with dependent children: Youngest aged 12 to 18,35,21,17,15,2,4,0,4,14,2,12
S01011842,All families in households,265,209,169,160,9,40,33,7,56,10,46
S01011842,Families with no dependent children,157,136,113,110,3,23,18,5,21,6,15
S01011842,Families with dependent children: Total,108,73,56,50,6,17,15,2,35,4,31
S01011842,Families with dependent children: Youngest aged 0 to 4,43,34,21,18,3,13,12,1,9,2,7
S01011842,Families with dependent children: Youngest aged 5 to 11,31,17,15,14,1,2,2,0,14,2,12
S01011842,Families with dependent children: Youngest aged 12 to 18,34,22,20,18,2,2,1,1,12,0,12
S01011843,All families in households,317,289,257,249,8,32,25,7,28,7,21
S01011843,Families with no dependent children,201,189,166,165,1,23,21,2,12,5,7
S01011843,Families with dependent children: Total,116,100,91,84,7,9,4,5,16,2,14
S01011843,Families with dependent children: Youngest aged 0 to 4,36,35,32,30,2,3,3,0,1,0,1
S01011843,Families with dependent children: Youngest aged 5 to 11,34,29,29,28,1,0,0,0,5,0,5
S01011843,Families with dependent children: Youngest aged 12 to 18,46,36,30,26,4,6,1,5,10,2,8
S01011844,All families in households,227,210,184,179,5,26,20,6,17,4,13
S01011844,Families with no dependent children,122,115,100,99,1,15,14,1,7,3,4
S01011844,Families with dependent children: Total,105,95,84,80,4,11,6,5,10,1,9
S01011844,Families with dependent children: Youngest aged 0 to 4,35,32,24,23,1,8,5,3,3,0,3
S01011844,Families with dependent children: Youngest aged 5 to 11,43,39,38,35,3,1,1,0,4,1,3
S01011844,Families with dependent children: Youngest aged 12 to 18,27,24,22,22,0,2,0,2,3,0,3
S01011845,All families in households,253,207,176,171,5,31,25,6,46,3,43
S01011845,Families with no dependent children,136,123,107,106,1,16,15,1,13,1,12
S01011845,Families with dependent children: Total,117,84,69,65,4,15,10,5,33,2,31
S01011845,Families with dependent children: Youngest aged 0 to 4,46,37,28,28,0,9,9,0,9,0,9
S01011845,Families with dependent children: Youngest aged 5 to 11,45,28,24,21,3,4,1,3,17,1,16
S01011845,Families with dependent children: Youngest aged 12 to 18,26,19,17,16,1,2,0,2,7,1,6
S01011846,All families in households,278,241,213,208,5,28,25,3,37,3,34
S01011846,Families with no dependent children,181,164,144,144,0,20,19,1,17,2,15
S01011846,Families with dependent children: Total,97,77,69,64,5,8,6,2,20,1,19
S01011846,Families with dependent children: Youngest aged 0 to 4,30,25,22,20,2,3,1,2,5,1,4
S01011846,Families with dependent children: Youngest aged 5 to 11,32,29,24,23,1,5,5,0,3,0,3
S01011846,Families with dependent children: Youngest aged 12 to 18,35,23,23,21,2,0,0,0,12,0,12
S01011847,All families in households,141,134,121,117,4,13,12,1,7,3,4
S01011847,Families with no dependent children,88,83,73,71,2,10,10,0,5,3,2
S01011847,Families with dependent children: Total,53,51,48,46,2,3,2,1,2,0,2
S01011847,Families with dependent children: Youngest aged 0 to 4,11,11,11,11,0,0,0,0,0,0,0
S01011847,Families with dependent children: Youngest aged 5 to 11,24,22,21,21,0,1,1,0,2,0,2
S01011847,Families with dependent children: Youngest aged 12 to 18,18,18,16,14,2,2,1,1,0,0,0
S01011848,All families in households,231,210,177,171,6,33,30,3,21,3,18
S01011848,Families with no dependent children,151,141,117,114,3,24,24,0,10,3,7
S01011848,Families with dependent children: Total,80,69,60,57,3,9,6,3,11,0,11
S01011848,Families with dependent children: Youngest aged 0 to 4,25,25,20,20,0,5,3,2,0,0,0
S01011848,Families with dependent children: Youngest aged 5 to 11,35,27,25,23,2,2,2,0,8,0,8
S01011848,Families with dependent children: Youngest aged 12 to 18,20,17,15,14,1,2,1,1,3,0,3
S01011849,All families in households,245,210,180,174,6,30,26,4,35,5,30
S01011849,Families with no dependent children,143,130,111,109,2,19,19,0,13,3,10
S01011849,Families with dependent children: Total,102,80,69,65,4,11,7,4,22,2,20
S01011849,Families with dependent children: Youngest aged 0 to 4,35,28,22,22,0,6,5,1,7,1,6
S01011849,Families with dependent children: Youngest aged 5 to 11,37,26,23,21,2,3,1,2,11,0,11
S01011849,Families with dependent children: Youngest aged 12 to 18,30,26,24,22,2,2,1,1,4,1,3
S01011850,All families in households,207,184,158,152,6,26,22,4,23,4,19
S01011850,Families with no dependent children,131,121,105,104,1,16,15,1,10,2,8
S01011850,Families with dependent children: Total,76,63,53,48,5,10,7,3,13,2,11
S01011850,Families with dependent children: Youngest aged 0 to 4,26,25,19,17,2,6,5,1,1,0,1
S01011850,Families with dependent children: Youngest aged 5 to 11,31,24,21,19,2,3,2,1,7,0,7
S01011850,Families with dependent children: Youngest aged 12 to 18,19,14,13,12,1,1,0,1,5,2,3
S01011851,All families in households,262,227,173,161,12,54,48,6,35,8,27
S01011851,Families with no dependent children,161,143,110,107,3,33,32,1,18,6,12
S01011851,Families with dependent children: Total,101,84,63,54,9,21,16,5,17,2,15
S01011851,Families with dependent children: Youngest aged 0 to 4,32,28,16,15,1,12,10,2,4,0,4
S01011851,Families with dependent children: Youngest aged 5 to 11,41,38,31,27,4,7,5,2,3,0,3
S01011851,Families with dependent children: Youngest aged 12 to 18,28,18,16,12,4,2,1,1,10,2,8
S01011852,All families in households,276,235,188,183,5,47,42,5,41,5,36
S01011852,Families with no dependent children,162,151,124,123,1,27,25,2,11,3,8
S01011852,Families with dependent children: Total,114,84,64,60,4,20,17,3,30,2,28
S01011852,Families with dependent children: Youngest aged 0 to 4,49,36,22,22,0,14,11,3,13,0,13
S01011852,Families with dependent children: Youngest aged 5 to 11,30,22,19,18,1,3,3,0,8,1,7
S01011852,Families with dependent children: Youngest aged 12 to 18,35,26,23,20,3,3,3,0,9,1,8
S01011853,All families in households,225,183,141,135,6,42,35,7,42,8,34
S01011853,Families with no dependent children,131,117,92,90,2,25,23,2,14,3,11
S01011853,Families with dependent children: Total,94,66,49,45,4,17,12,5,28,5,23
S01011853,Families with dependent children: Youngest aged 0 to 4,26,18,11,10,1,7,7,0,8,2,6
S01011853,Families with dependent children: Youngest aged 5 to 11,38,26,20,18,2,6,5,1,12,1,11
S01011853,Families with dependent children: Youngest aged 12 to 18,30,22,18,17,1,4,0,4,8,2,6
S01011854,All families in households,234,207,181,173,8,26,20,6,27,4,23
S01011854,Families with no dependent children,167,157,144,140,4,13,12,1,10,4,6
S01011854,Families with dependent children: Total,67,50,37,33,4,13,8,5,17,0,17
S01011854,Families with dependent children: Youngest aged 0 to 4,17,14,7,4,3,7,5,2,3,0,3
S01011854,Families with dependent children: Youngest aged 5 to 11,22,14,8,8,0,6,3,3,8,0,8
S01011854,Families with dependent children: Youngest aged 12 to 18,28,22,22,21,1,0,0,0,6,0,6
S01011855,All families in households,261,210,174,165,9,36,27,9,51,7,44
S01011855,Families with no dependent children,165,138,121,118,3,17,11,6,27,4,23
S01011855,Families with dependent children: Total,96,72,53,47,6,19,16,3,24,3,21
S01011855,Families with dependent children: Youngest aged 0 to 4,33,25,17,16,1,8,7,1,8,0,8
S01011855,Families with dependent children: Youngest aged 5 to 11,28,22,16,14,2,6,4,2,6,0,6
S01011855,Families with dependent children: Youngest aged 12 to 18,35,25,20,17,3,5,5,0,10,3,7
S01011856,All families in households,228,216,196,191,5,20,15,5,12,1,11
S01011856,Families with no dependent children,165,158,145,143,2,13,13,0,7,1,6
S01011856,Families with dependent children: Total,63,58,51,48,3,7,2,5,5,0,5
S01011856,Families with dependent children: Youngest aged 0 to 4,22,21,18,16,2,3,1,2,1,0,1
S01011856,Families with dependent children: Youngest aged 5 to 11,12,11,10,10,0,1,1,0,1,0,1
S01011856,Families with dependent children: Youngest aged 12 to 18,29,26,23,22,1,3,0,3,3,0,3
S01011857,All families in households,210,192,167,158,9,25,23,2,18,2,16
S01011857,Families with no dependent children,130,119,109,108,1,10,10,0,11,2,9
S01011857,Families with dependent children: Total,80,73,58,50,8,15,13,2,7,0,7
S01011857,Families with dependent children: Youngest aged 0 to 4,25,23,16,14,2,7,7,0,2,0,2
S01011857,Families with dependent children: Youngest aged 5 to 11,30,27,20,18,2,7,5,2,3,0,3
S01011857,Families with dependent children: Youngest aged 12 to 18,25,23,22,18,4,1,1,0,2,0,2
S01011858,All families in households,287,255,235,231,4,20,15,5,32,4,28
S01011858,Families with no dependent children,193,184,175,174,1,9,9,0,9,1,8
S01011858,Families with dependent children: Total,94,71,60,57,3,11,6,5,23,3,20
S01011858,Families with dependent children: Youngest aged 0 to 4,21,19,15,14,1,4,3,1,2,0,2
S01011858,Families with dependent children: Youngest aged 5 to 11,36,25,21,21,0,4,2,2,11,0,11
S01011858,Families with dependent children: Youngest aged 12 to 18,37,27,24,22,2,3,1,2,10,3,7
S01011859,All families in households,244,219,193,189,4,26,23,3,25,7,18
S01011859,Families with no dependent children,183,167,150,149,1,17,16,1,16,3,13
S01011859,Families with dependent children: Total,61,52,43,40,3,9,7,2,9,4,5
S01011859,Families with dependent children: Youngest aged 0 to 4,20,18,12,12,0,6,5,1,2,0,2
S01011859,Families with dependent children: Youngest aged 5 to 11,16,15,12,11,1,3,2,1,1,0,1
S01011859,Families with dependent children: Youngest aged 12 to 18,25,19,19,17,2,0,0,0,6,4,2
S01011860,All families in households,155,140,120,119,1,20,12,8,15,4,11
S01011860,Families with no dependent children,93,90,80,80,0,10,8,2,3,1,2
S01011860,Families with dependent children: Total,62,50,40,39,1,10,4,6,12,3,9
S01011860,Families with dependent children: Youngest aged 0 to 4,13,10,8,7,1,2,0,2,3,0,3
S01011860,Families with dependent children: Youngest aged 5 to 11,28,23,18,18,0,5,2,3,5,2,3
S01011860,Families with dependent children: Youngest aged 12 to 18,21,17,14,14,0,3,2,1,4,1,3
S01011861,All families in households,228,199,166,163,3,33,28,5,29,7,22
S01011861,Families with no dependent children,149,140,123,122,1,17,17,0,9,3,6
S01011861,Families with dependent children: Total,79,59,43,41,2,16,11,5,20,4,16
S01011861,Families with dependent children: Youngest aged 0 to 4,20,18,10,9,1,8,5,3,2,0,2
S01011861,Families with dependent children: Youngest aged 5 to 11,32,23,19,19,0,4,3,1,9,1,8
S01011861,Families with dependent children: Youngest aged 12 to 18,27,18,14,13,1,4,3,1,9,3,6
S01011862,All families in households,303,288,270,266,4,18,15,3,15,3,12
S01011862,Families with no dependent children,216,209,193,193,0,16,15,1,7,1,6
S01011862,Families with dependent children: Total,87,79,77,73,4,2,0,2,8,2,6
S01011862,Families with dependent children: Youngest aged 0 to 4,30,29,28,27,1,1,0,1,1,1,0
S01011862,Families with dependent children: Youngest aged 5 to 11,31,26,25,24,1,1,0,1,5,0,5
S01011862,Families with dependent children: Youngest aged 12 to 18,26,24,24,22,2,0,0,0,2,1,1
S01011863,All families in households,222,193,171,164,7,22,21,1,29,6,23
S01011863,Families with no dependent children,141,130,117,114,3,13,13,0,11,3,8
S01011863,Families with dependent children: Total,81,63,54,50,4,9,8,1,18,3,15
S01011863,Families with dependent children: Youngest aged 0 to 4,18,14,8,8,0,6,6,0,4,0,4
S01011863,Families with dependent children: Youngest aged 5 to 11,28,23,22,20,2,1,0,1,5,2,3
S01011863,Families with dependent children: Youngest aged 12 to 18,35,26,24,22,2,2,2,0,9,1,8
S01011864,All families in households,238,216,193,191,2,23,18,5,22,1,21
S01011864,Families with no dependent children,160,150,133,132,1,17,14,3,10,1,9
S01011864,Families with dependent children: Total,78,66,60,59,1,6,4,2,12,0,12
S01011864,Families with dependent children: Youngest aged 0 to 4,20,20,19,18,1,1,1,0,0,0,0
S01011864,Families with dependent children: Youngest aged 5 to 11,26,19,16,16,0,3,2,1,7,0,7
S01011864,Families with dependent children: Youngest aged 12 to 18,32,27,25,25,0,2,1,1,5,0,5
S01011865,All families in households,165,142,118,113,5,24,24,0,23,1,22
S01011865,Families with no dependent children,104,94,80,78,2,14,14,0,10,1,9
S01011865,Families with dependent children: Total,61,48,38,35,3,10,10,0,13,0,13
S01011865,Families with dependent children: Youngest aged 0 to 4,23,21,14,12,2,7,7,0,2,0,2
S01011865,Families with dependent children: Youngest aged 5 to 11,13,7,7,7,0,0,0,0,6,0,6
S01011865,Families with dependent children: Youngest aged 12 to 18,25,20,17,16,1,3,3,0,5,0,5
S01011866,All families in households,253,221,192,188,4,29,24,5,32,6,26
S01011866,Families with no dependent children,146,133,122,120,2,11,10,1,13,4,9
S01011866,Families with dependent children: Total,107,88,70,68,2,18,14,4,19,2,17
S01011866,Families with dependent children: Youngest aged 0 to 4,43,34,26,26,0,8,7,1,9,0,9
S01011866,Families with dependent children: Youngest aged 5 to 11,36,32,27,26,1,5,4,1,4,0,4
S01011866,Families with dependent children: Youngest aged 12 to 18,28,22,17,16,1,5,3,2,6,2,4
S01011867,All families in households,276,212,172,158,14,40,34,6,64,10,54
S01011867,Families with no dependent children,143,120,98,95,3,22,20,2,23,7,16
S01011867,Families with dependent children: Total,133,92,74,63,11,18,14,4,41,3,38
S01011867,Families with dependent children: Youngest aged 0 to 4,60,42,32,27,5,10,10,0,18,1,17
S01011867,Families with dependent children: Youngest aged 5 to 11,37,25,18,15,3,7,4,3,12,0,12
S01011867,Families with dependent children: Youngest aged 12 to 18,36,25,24,21,3,1,0,1,11,2,9
S01011868,All families in households,238,198,150,144,6,48,40,8,40,7,33
S01011868,Families with no dependent children,130,119,89,88,1,30,27,3,11,1,10
S01011868,Families with dependent children: Total,108,79,61,56,5,18,13,5,29,6,23
S01011868,Families with dependent children: Youngest aged 0 to 4,40,28,18,17,1,10,8,2,12,1,11
S01011868,Families with dependent children: Youngest aged 5 to 11,34,27,22,22,0,5,5,0,7,3,4
S01011868,Families with dependent children: Youngest aged 12 to 18,34,24,21,17,4,3,0,3,10,2,8
S01011869,All families in households,209,174,135,132,3,39,38,1,35,8,27
S01011869,Families with no dependent children,134,117,90,90,0,27,27,0,17,6,11
S01011869,Families with dependent children: Total,75,57,45,42,3,12,11,1,18,2,16
S01011869,Families with dependent children: Youngest aged 0 to 4,25,23,15,15,0,8,7,1,2,0,2
S01011869,Families with dependent children: Youngest aged 5 to 11,18,12,11,10,1,1,1,0,6,0,6
S01011869,Families with dependent children: Youngest aged 12 to 18,32,22,19,17,2,3,3,0,10,2,8
S01011870,All families in households,203,160,126,119,7,34,30,4,43,9,34
S01011870,Families with no dependent children,113,104,85,85,0,19,19,0,9,3,6
S01011870,Families with dependent children: Total,90,56,41,34,7,15,11,4,34,6,28
S01011870,Families with dependent children: Youngest aged 0 to 4,23,17,9,7,2,8,7,1,6,0,6
S01011870,Families with dependent children: Youngest aged 5 to 11,35,22,18,16,2,4,2,2,13,3,10
S01011870,Families with dependent children: Youngest aged 12 to 18,32,17,14,11,3,3,2,1,15,3,12
S01011871,All families in households,339,293,240,227,13,53,44,9,46,4,42
S01011871,Families with no dependent children,196,179,161,158,3,18,16,2,17,4,13
S01011871,Families with dependent children: Total,143,114,79,69,10,35,28,7,29,0,29
S01011871,Families with dependent children: Youngest aged 0 to 4,50,44,25,21,4,19,19,0,6,0,6
S01011871,Families with dependent children: Youngest aged 5 to 11,58,46,34,30,4,12,6,6,12,0,12
S01011871,Families with dependent children: Youngest aged 12 to 18,35,24,20,18,2,4,3,1,11,0,11
S01011872,All families in households,295,274,231,230,1,43,39,4,21,3,18
S01011872,Families with no dependent children,182,174,140,140,0,34,32,2,8,1,7
S01011872,Families with dependent children: Total,113,100,91,90,1,9,7,2,13,2,11
S01011872,Families with dependent children: Youngest aged 0 to 4,38,35,29,29,0,6,6,0,3,0,3
S01011872,Families with dependent children: Youngest aged 5 to 11,41,37,34,33,1,3,1,2,4,2,2
S01011872,Families with dependent children: Youngest aged 12 to 18,34,28,28,28,0,0,0,0,6,0,6
S01011873,All families in households,258,228,184,177,7,44,41,3,30,8,22
S01011873,Families with no dependent children,162,149,118,116,2,31,30,1,13,4,9
S01011873,Families with dependent children: Total,96,79,66,61,5,13,11,2,17,4,13
S01011873,Families with dependent children: Youngest aged 0 to 4,35,30,21,19,2,9,8,1,5,0,5
S01011873,Families with dependent children: Youngest aged 5 to 11,33,26,24,24,0,2,2,0,7,0,7
S01011873,Families with dependent children: Youngest aged 12 to 18,28,23,21,18,3,2,1,1,5,4,1
S01011874,All families in households,212,185,148,139,9,37,28,9,27,2,25
S01011874,Families with no dependent children,131,121,100,96,4,21,20,1,10,1,9
S01011874,Families with dependent children: Total,81,64,48,43,5,16,8,8,17,1,16
S01011874,Families with dependent children: Youngest aged 0 to 4,26,21,15,12,3,6,4,2,5,0,5
S01011874,Families with dependent children: Youngest aged 5 to 11,22,17,12,12,0,5,3,2,5,0,5
S01011874,Families with dependent children: Youngest aged 12 to 18,33,26,21,19,2,5,1,4,7,1,6
S01011875,All families in households,207,179,143,140,3,36,29,7,28,2,26
S01011875,Families with no dependent children,144,130,106,105,1,24,23,1,14,2,12
S01011875,Families with dependent children: Total,63,49,37,35,2,12,6,6,14,0,14
S01011875,Families with dependent children: Youngest aged 0 to 4,22,18,12,12,0,6,5,1,4,0,4
S01011875,Families with dependent children: Youngest aged 5 to 11,24,20,16,15,1,4,1,3,4,0,4
S01011875,Families with dependent children: Youngest aged 12 to 18,17,11,9,8,1,2,0,2,6,0,6
S01011876,All families in households,284,259,220,208,12,39,33,6,25,2,23
S01011876,Families with no dependent children,173,159,138,136,2,21,19,2,14,1,13
S01011876,Families with dependent children: Total,111,100,82,72,10,18,14,4,11,1,10
S01011876,Families with dependent children: Youngest aged 0 to 4,39,37,27,23,4,10,10,0,2,0,2
S01011876,Families with dependent children: Youngest aged 5 to 11,45,40,34,32,2,6,4,2,5,0,5
S01011876,Families with dependent children: Youngest aged 12 to 18,27,23,21,17,4,2,0,2,4,1,3
S01011877,All families in households,177,154,130,125,5,24,18,6,23,5,18
S01011877,Families with no dependent children,133,120,100,97,3,20,18,2,13,2,11
S01011877,Families with dependent children: Total,44,34,30,28,2,4,0,4,10,3,7
S01011877,Families with dependent children: Youngest aged 0 to 4,16,14,11,10,1,3,0,3,2,0,2
S01011877,Families with dependent children: Youngest aged 5 to 11,18,12,12,11,1,0,0,0,6,1,5
S01011877,Families with dependent children: Youngest aged 12 to 18,10,8,7,7,0,1,0,1,2,2,0
S01011878,All families in households,314,275,238,233,5,37,31,6,39,9,30
S01011878,Families with no dependent children,198,188,164,161,3,24,23,1,10,4,6
S01011878,Families with dependent children: Total,116,87,74,72,2,13,8,5,29,5,24
S01011878,Families with dependent children: Youngest aged 0 to 4,31,26,24,23,1,2,2,0,5,0,5
S01011878,Families with dependent children: Youngest aged 5 to 11,46,35,28,28,0,7,4,3,11,1,10
S01011878,Families with dependent children: Youngest aged 12 to 18,39,26,22,21,1,4,2,2,13,4,9
S01011879,All families in households,164,149,135,132,3,14,12,2,15,1,14
S01011879,Families with no dependent children,85,82,77,77,0,5,5,0,3,1,2
S01011879,Families with dependent children: Total,79,67,58,55,3,9,7,2,12,0,12
S01011879,Families with dependent children: Youngest aged 0 to 4,20,18,14,12,2,4,2,2,2,0,2
S01011879,Families with dependent children: Youngest aged 5 to 11,25,19,15,15,0,4,4,0,6,0,6
S01011879,Families with dependent children: Youngest aged 12 to 18,34,30,29,28,1,1,1,0,4,0,4
S01011880,All families in households,191,182,157,154,3,25,22,3,9,4,5
S01011880,Families with no dependent children,113,107,93,92,1,14,14,0,6,3,3
S01011880,Families with dependent children: Total,78,75,64,62,2,11,8,3,3,1,2
S01011880,Families with dependent children: Youngest aged 0 to 4,29,28,23,23,0,5,5,0,1,0,1
S01011880,Families with dependent children: Youngest aged 5 to 11,26,25,22,21,1,3,3,0,1,0,1
S01011880,Families with dependent children: Youngest aged 12 to 18,23,22,19,18,1,3,0,3,1,1,0
S01011881,All families in households,238,201,147,142,5,54,43,11,37,7,30
S01011881,Families with no dependent children,118,113,89,89,0,24,23,1,5,2,3
S01011881,Families with dependent children: Total,120,88,58,53,5,30,20,10,32,5,27
S01011881,Families with dependent children: Youngest aged 0 to 4,50,46,22,21,1,24,20,4,4,0,4
S01011881,Families with dependent children: Youngest aged 5 to 11,37,20,18,17,1,2,0,2,17,1,16
S01011881,Families with dependent children: Youngest aged 12 to 18,33,22,18,15,3,4,0,4,11,4,7
S01011882,All families in households,293,241,209,201,8,32,27,5,52,7,45
S01011882,Families with no dependent children,197,175,159,154,5,16,16,0,22,6,16
S01011882,Families with dependent children: Total,96,66,50,47,3,16,11,5,30,1,29
S01011882,Families with dependent children: Youngest aged 0 to 4,34,30,20,19,1,10,9,1,4,0,4
S01011882,Families with dependent children: Youngest aged 5 to 11,30,18,14,14,0,4,2,2,12,1,11
S01011882,Families with dependent children: Youngest aged 12 to 18,32,18,16,14,2,2,0,2,14,0,14
S01011883,All families in households,331,302,255,248,7,47,38,9,29,3,26
S01011883,Families with no dependent children,208,200,169,169,0,31,30,1,8,2,6
S01011883,Families with dependent children: Total,123,102,86,79,7,16,8,8,21,1,20
S01011883,Families with dependent children: Youngest aged 0 to 4,49,42,32,31,1,10,5,5,7,1,6
S01011883,Families with dependent children: Youngest aged 5 to 11,37,28,26,22,4,2,1,1,9,0,9
S01011883,Families with dependent children: Youngest aged 12 to 18,37,32,28,26,2,4,2,2,5,0,5
S01011884,All families in households,132,119,105,101,4,14,12,2,13,3,10
S01011884,Families with no dependent children,88,79,71,70,1,8,8,0,9,3,6
S01011884,Families with dependent children: Total,44,40,34,31,3,6,4,2,4,0,4
S01011884,Families with dependent children: Youngest aged 0 to 4,16,13,11,11,0,2,1,1,3,0,3
S01011884,Families with dependent children: Youngest aged 5 to 11,12,12,10,9,1,2,2,0,0,0,0
S01011884,Families with dependent children: Youngest aged 12 to 18,16,15,13,11,2,2,1,1,1,0,1
S01011885,All families in households,221,207,169,158,11,38,34,4,14,3,11
S01011885,Families with no dependent children,127,123,98,94,4,25,24,1,4,1,3
S01011885,Families with dependent children: Total,94,84,71,64,7,13,10,3,10,2,8
S01011885,Families with dependent children: Youngest aged 0 to 4,41,40,31,27,4,9,7,2,1,0,1
S01011885,Families with dependent children: Youngest aged 5 to 11,28,25,22,22,0,3,2,1,3,0,3
S01011885,Families with dependent children: Youngest aged 12 to 18,25,19,18,15,3,1,1,0,6,2,4
S01011886,All families in households,283,237,201,196,5,36,27,9,46,9,37
S01011886,Families with no dependent children,172,160,138,136,2,22,18,4,12,4,8
S01011886,Families with dependent children: Total,111,77,63,60,3,14,9,5,34,5,29
S01011886,Families with dependent children: Youngest aged 0 to 4,32,27,21,20,1,6,4,2,5,0,5
S01011886,Families with dependent children: Youngest aged 5 to 11,44,30,28,27,1,2,2,0,14,2,12
S01011886,Families with dependent children: Youngest aged 12 to 18,35,20,14,13,1,6,3,3,15,3,12
S01011887,All families in households,176,138,108,100,8,30,27,3,38,6,32
S01011887,Families with no dependent children,98,82,63,61,2,19,18,1,16,4,12
S01011887,Families with dependent children: Total,78,56,45,39,6,11,9,2,22,2,20
S01011887,Families with dependent children: Youngest aged 0 to 4,26,18,13,12,1,5,5,0,8,0,8
S01011887,Families with dependent children: Youngest aged 5 to 11,26,22,18,14,4,4,3,1,4,0,4
S01011887,Families with dependent children: Youngest aged 12 to 18,26,16,14,13,1,2,1,1,10,2,8
S01011888,All families in households,255,169,130,114,16,39,33,6,86,8,78
S01011888,Families with no dependent children,111,83,64,61,3,19,18,1,28,5,23
S01011888,Families with dependent children: Total,144,86,66,53,13,20,15,5,58,3,55
S01011888,Families with dependent children: Youngest aged 0 to 4,46,34,22,16,6,12,9,3,12,0,12
S01011888,Families with dependent children: Youngest aged 5 to 11,43,25,19,19,0,6,4,2,18,2,16
S01011888,Families with dependent children: Youngest aged 12 to 18,55,27,25,18,7,2,2,0,28,1,27
S01011889,All families in households,254,223,189,184,5,34,28,6,31,6,25
S01011889,Families with no dependent children,157,144,119,118,1,25,24,1,13,2,11
S01011889,Families with dependent children: Total,97,79,70,66,4,9,4,5,18,4,14
S01011889,Families with dependent children: Youngest aged 0 to 4,27,20,16,15,1,4,3,1,7,1,6
S01011889,Families with dependent children: Youngest aged 5 to 11,35,30,26,25,1,4,1,3,5,2,3
S01011889,Families with dependent children: Youngest aged 12 to 18,35,29,28,26,2,1,0,1,6,1,5
S01011890,All families in households,210,179,140,135,5,39,36,3,31,0,31
S01011890,Families with no dependent children,121,105,82,80,2,23,23,0,16,0,16
S01011890,Families with dependent children: Total,89,74,58,55,3,16,13,3,15,0,15
S01011890,Families with dependent children: Youngest aged 0 to 4,39,36,25,24,1,11,9,2,3,0,3
S01011890,Families with dependent children: Youngest aged 5 to 11,28,25,21,20,1,4,4,0,3,0,3
S01011890,Families with dependent children: Youngest aged 12 to 18,22,13,12,11,1,1,0,1,9,0,9
S01011891,All families in households,192,140,99,95,4,41,32,9,52,12,40
S01011891,Families with no dependent children,99,89,61,59,2,28,25,3,10,1,9
S01011891,Families with dependent children: Total,93,51,38,36,2,13,7,6,42,11,31
S01011891,Families with dependent children: Youngest aged 0 to 4,37,20,12,12,0,8,6,2,17,4,13
S01011891,Families with dependent children: Youngest aged 5 to 11,31,18,13,13,0,5,1,4,13,1,12
S01011891,Families with dependent children: Youngest aged 12 to 18,25,13,13,11,2,0,0,0,12,6,6
S01011892,All families in households,265,223,145,141,4,78,62,16,42,7,35
S01011892,Families with no dependent children,147,139,88,87,1,51,48,3,8,2,6
S01011892,Families with dependent children: Total,118,84,57,54,3,27,14,13,34,5,29
S01011892,Families with dependent children: Youngest aged 0 to 4,51,38,23,22,1,15,11,4,13,1,12
S01011892,Families with dependent children: Youngest aged 5 to 11,30,19,15,14,1,4,1,3,11,4,7
S01011892,Families with dependent children: Youngest aged 12 to 18,37,27,19,18,1,8,2,6,10,0,10
S01011893,All families in households,277,229,145,141,4,84,72,12,48,2,46
S01011893,Families with no dependent children,176,164,101,101,0,63,59,4,12,0,12
S01011893,Families with dependent children: Total,101,65,44,40,4,21,13,8,36,2,34
S01011893,Families with dependent children: Youngest aged 0 to 4,40,26,14,12,2,12,10,2,14,0,14
S01011893,Families with dependent children: Youngest aged 5 to 11,32,18,12,12,0,6,2,4,14,1,13
S01011893,Families with dependent children: Youngest aged 12 to 18,29,21,18,16,2,3,1,2,8,1,7
S01011894,All families in households,176,147,106,103,3,41,34,7,29,2,27
S01011894,Families with no dependent children,106,92,66,66,0,26,24,2,14,2,12
S01011894,Families with dependent children: Total,70,55,40,37,3,15,10,5,15,0,15
S01011894,Families with dependent children: Youngest aged 0 to 4,24,18,14,13,1,4,3,1,6,0,6
S01011894,Families with dependent children: Youngest aged 5 to 11,22,17,13,12,1,4,3,1,5,0,5
S01011894,Families with dependent children: Youngest aged 12 to 18,24,20,13,12,1,7,4,3,4,0,4
S01011895,All families in households,204,186,161,157,4,25,23,2,18,5,13
S01011895,Families with no dependent children,144,134,116,113,3,18,18,0,10,3,7
S01011895,Families with dependent children: Total,60,52,45,44,1,7,5,2,8,2,6
S01011895,Families with dependent children: Youngest aged 0 to 4,20,19,14,14,0,5,4,1,1,0,1
S01011895,Families with dependent children: Youngest aged 5 to 11,16,14,13,12,1,1,1,0,2,0,2
S01011895,Families with dependent children: Youngest aged 12 to 18,24,19,18,18,0,1,0,1,5,2,3
S01011896,All families in households,253,225,186,183,3,39,33,6,28,3,25
S01011896,Families with no dependent children,165,153,121,120,1,32,30,2,12,3,9
S01011896,Families with dependent children: Total,88,72,65,63,2,7,3,4,16,0,16
S01011896,Families with dependent children: Youngest aged 0 to 4,31,27,23,23,0,4,3,1,4,0,4
S01011896,Families with dependent children: Youngest aged 5 to 11,35,29,28,27,1,1,0,1,6,0,6
S01011896,Families with dependent children: Youngest aged 12 to 18,22,16,14,13,1,2,0,2,6,0,6
S01011897,All families in households,318,279,235,227,8,44,37,7,39,5,34
S01011897,Families with no dependent children,193,179,152,147,5,27,27,0,14,4,10
S01011897,Families with dependent children: Total,125,100,83,80,3,17,10,7,25,1,24
S01011897,Families with dependent children: Youngest aged 0 to 4,45,41,36,35,1,5,3,2,4,0,4
S01011897,Families with dependent children: Youngest aged 5 to 11,39,28,20,19,1,8,5,3,11,1,10
S01011897,Families with dependent children: Youngest aged 12 to 18,41,31,27,26,1,4,2,2,10,0,10
S01011898,All families in households,207,190,170,165,5,20,18,2,17,0,17
S01011898,Families with no dependent children,106,102,87,86,1,15,15,0,4,0,4
S01011898,Families with dependent children: Total,101,88,83,79,4,5,3,2,13,0,13
S01011898,Families with dependent children: Youngest aged 0 to 4,26,21,21,21,0,0,0,0,5,0,5
S01011898,Families with dependent children: Youngest aged 5 to 11,39,36,33,30,3,3,2,1,3,0,3
S01011898,Families with dependent children: Youngest aged 12 to 18,36,31,29,28,1,2,1,1,5,0,5
S01011899,All families in households,255,242,217,212,5,25,20,5,13,2,11
S01011899,Families with no dependent children,177,170,155,152,3,15,14,1,7,1,6
S01011899,Families with dependent children: Total,78,72,62,60,2,10,6,4,6,1,5
S01011899,Families with dependent children: Youngest aged 0 to 4,31,31,26,25,1,5,4,1,0,0,0
S01011899,Families with dependent children: Youngest aged 5 to 11,22,20,18,17,1,2,2,0,2,0,2
S01011899,Families with dependent children: Youngest aged 12 to 18,25,21,18,18,0,3,0,3,4,1,3
S01011900,All families in households,238,211,188,180,8,23,19,4,27,3,24
S01011900,Families with no dependent children,149,139,125,124,1,14,13,1,10,1,9
S01011900,Families with dependent children: Total,89,72,63,56,7,9,6,3,17,2,15
S01011900,Families with dependent children: Youngest aged 0 to 4,29,26,24,22,2,2,2,0,3,0,3
S01011900,Families with dependent children: Youngest aged 5 to 11,34,27,21,18,3,6,4,2,7,0,7
S01011900,Families with dependent children: Youngest aged 12 to 18,26,19,18,16,2,1,0,1,7,2,5
S01011901,All families in households,267,238,189,179,10,49,40,9,29,3,26
S01011901,Families with no dependent children,166,155,124,122,2,31,27,4,11,3,8
S01011901,Families with dependent children: Total,101,83,65,57,8,18,13,5,18,0,18
S01011901,Families with dependent children: Youngest aged 0 to 4,43,34,19,16,3,15,13,2,9,0,9
S01011901,Families with dependent children: Youngest aged 5 to 11,31,24,23,20,3,1,0,1,7,0,7
S01011901,Families with dependent children: Youngest aged 12 to 18,27,25,23,21,2,2,0,2,2,0,2
S01011902,All families in households,340,307,281,276,5,26,19,7,33,4,29
S01011902,Families with no dependent children,237,216,198,196,2,18,14,4,21,4,17
S01011902,Families with dependent children: Total,103,91,83,80,3,8,5,3,12,0,12
S01011902,Families with dependent children: Youngest aged 0 to 4,30,26,25,25,0,1,1,0,4,0,4
S01011902,Families with dependent children: Youngest aged 5 to 11,43,40,35,34,1,5,3,2,3,0,3
S01011902,Families with dependent children: Youngest aged 12 to 18,30,25,23,21,2,2,1,1,5,0,5
S01011903,All families in households,259,243,225,222,3,18,14,4,16,0,16
S01011903,Families with no dependent children,185,178,170,169,1,8,7,1,7,0,7
S01011903,Families with dependent children: Total,74,65,55,53,2,10,7,3,9,0,9
S01011903,Families with dependent children: Youngest aged 0 to 4,22,21,15,14,1,6,5,1,1,0,1
S01011903,Families with dependent children: Youngest aged 5 to 11,32,28,26,25,1,2,1,1,4,0,4
S01011903,Families with dependent children: Youngest aged 12 to 18,20,16,14,14,0,2,1,1,4,0,4
S01011904,All families in households,249,229,208,204,4,21,19,2,20,4,16
S01011904,Families with no dependent children,170,164,149,148,1,15,15,0,6,2,4
S01011904,Families with dependent children: Total,79,65,59,56,3,6,4,2,14,2,12
S01011904,Families with dependent children: Youngest aged 0 to 4,25,24,21,18,3,3,3,0,1,0,1
S01011904,Families with dependent children: Youngest aged 5 to 11,28,24,23,23,0,1,0,1,4,0,4
S01011904,Families with dependent children: Youngest aged 12 to 18,26,17,15,15,0,2,1,1,9,2,7
S01011905,All families in households,245,220,206,202,4,14,10,4,25,4,21
S01011905,Families with no dependent children,127,118,110,109,1,8,7,1,9,2,7
S01011905,Families with dependent children: Total,118,102,96,93,3,6,3,3,16,2,14
S01011905,Families with dependent children: Youngest aged 0 to 4,23,18,16,16,0,2,2,0,5,1,4
S01011905,Families with dependent children: Youngest aged 5 to 11,41,37,37,37,0,0,0,0,4,1,3
S01011905,Families with dependent children: Youngest aged 12 to 18,54,47,43,40,3,4,1,3,7,0,7
S01011906,All families in households,144,134,112,111,1,22,20,2,10,2,8
S01011906,Families with no dependent children,104,99,84,84,0,15,15,0,5,0,5
S01011906,Families with dependent children: Total,40,35,28,27,1,7,5,2,5,2,3
S01011906,Families with dependent children: Youngest aged 0 to 4,17,16,10,10,0,6,5,1,1,0,1
S01011906,Families with dependent children: Youngest aged 5 to 11,12,8,8,7,1,0,0,0,4,2,2
S01011906,Families with dependent children: Youngest aged 12 to 18,11,11,10,10,0,1,0,1,0,0,0
S01011907,All families in households,233,205,163,156,7,42,35,7,28,3,25
S01011907,Families with no dependent children,150,142,115,111,4,27,24,3,8,2,6
S01011907,Families with dependent children: Total,83,63,48,45,3,15,11,4,20,1,19
S01011907,Families with dependent children: Youngest aged 0 to 4,21,19,9,9,0,10,10,0,2,0,2
S01011907,Families with dependent children: Youngest aged 5 to 11,36,26,23,20,3,3,1,2,10,0,10
S01011907,Families with dependent children: Youngest aged 12 to 18,26,18,16,16,0,2,0,2,8,1,7
S01011908,All families in households,121,105,83,79,4,22,19,3,16,1,15
S01011908,Families with no dependent children,69,66,52,50,2,14,12,2,3,0,3
S01011908,Families with dependent children: Total,52,39,31,29,2,8,7,1,13,1,12
S01011908,Families with dependent children: Youngest aged 0 to 4,22,17,11,10,1,6,6,0,5,0,5
S01011908,Families with dependent children: Youngest aged 5 to 11,13,9,9,9,0,0,0,0,4,0,4
S01011908,Families with dependent children: Youngest aged 12 to 18,17,13,11,10,1,2,1,1,4,1,3
S01011909,All families in households,324,284,205,190,15,79,73,6,40,3,37
S01011909,Families with no dependent children,149,137,91,87,4,46,46,0,12,2,10
S01011909,Families with dependent children: Total,175,147,114,103,11,33,27,6,28,1,27
S01011909,Families with dependent children: Youngest aged 0 to 4,81,78,58,57,1,20,17,3,3,0,3
S01011909,Families with dependent children: Youngest aged 5 to 11,59,41,29,23,6,12,9,3,18,1,17
S01011909,Families with dependent children: Youngest aged 12 to 18,35,28,27,23,4,1,1,0,7,0,7
S01011910,All families in households,260,166,100,91,9,66,52,14,94,7,87
S01011910,Families with no dependent children,125,109,73,71,2,36,35,1,16,5,11
S01011910,Families with dependent children: Total,135,57,27,20,7,30,17,13,78,2,76
S01011910,Families with dependent children: Youngest aged 0 to 4,58,28,10,8,2,18,14,4,30,0,30
S01011910,Families with dependent children: Youngest aged 5 to 11,47,20,11,9,2,9,3,6,27,2,25
S01011910,Families with dependent children: Youngest aged 12 to 18,30,9,6,3,3,3,0,3,21,0,21
S01011911,All families in households,196,152,122,117,5,30,26,4,44,5,39
S01011911,Families with no dependent children,125,100,87,84,3,13,13,0,25,4,21
S01011911,Families with dependent children: Total,71,52,35,33,2,17,13,4,19,1,18
S01011911,Families with dependent children: Youngest aged 0 to 4,25,22,14,13,1,8,7,1,3,0,3
S01011911,Families with dependent children: Youngest aged 5 to 11,19,14,9,9,0,5,3,2,5,0,5
S01011911,Families with dependent children: Youngest aged 12 to 18,27,16,12,11,1,4,3,1,11,1,10
S01011912,All families in households,214,148,103,97,6,45,31,14,66,8,58
S01011912,Families with no dependent children,111,91,67,65,2,24,19,5,20,4,16
S01011912,Families with dependent children: Total,103,57,36,32,4,21,12,9,46,4,42
S01011912,Families with dependent children: Youngest aged 0 to 4,43,33,21,19,2,12,9,3,10,0,10
S01011912,Families with dependent children: Youngest aged 5 to 11,33,16,9,7,2,7,3,4,17,1,16
S01011912,Families with dependent children: Youngest aged 12 to 18,27,8,6,6,0,2,0,2,19,3,16
S01011913,All families in households,219,154,93,89,4,61,51,10,65,7,58
S01011913,Families with no dependent children,111,99,69,69,0,30,29,1,12,3,9
S01011913,Families with dependent children: Total,108,55,24,20,4,31,22,9,53,4,49
S01011913,Families with dependent children: Youngest aged 0 to 4,51,28,7,6,1,21,19,2,23,1,22
S01011913,Families with dependent children: Youngest aged 5 to 11,35,17,11,10,1,6,3,3,18,1,17
S01011913,Families with dependent children: Youngest aged 12 to 18,22,10,6,4,2,4,0,4,12,2,10
S01011914,All families in households,249,143,83,73,10,60,49,11,106,10,96
S01011914,Families with no dependent children,83,59,35,34,1,24,22,2,24,3,21
S01011914,Families with dependent children: Total,166,84,48,39,9,36,27,9,82,7,75
S01011914,Families with dependent children: Youngest aged 0 to 4,70,42,19,16,3,23,17,6,28,1,27
S01011914,Families with dependent children: Youngest aged 5 to 11,72,33,24,18,6,9,6,3,39,5,34
S01011914,Families with dependent children: Youngest aged 12 to 18,24,9,5,5,0,4,4,0,15,1,14
S01011915,All families in households,234,180,133,126,7,47,34,13,54,7,47
S01011915,Families with no dependent children,140,117,91,90,1,26,24,2,23,4,19
S01011915,Families with dependent children: Total,94,63,42,36,6,21,10,11,31,3,28
S01011915,Families with dependent children: Youngest aged 0 to 4,39,34,19,15,4,15,7,8,5,0,5
S01011915,Families with dependent children: Youngest aged 5 to 11,35,17,13,13,0,4,2,2,18,3,15
S01011915,Families with dependent children: Youngest aged 12 to 18,20,12,10,8,2,2,1,1,8,0,8
S01011916,All families in households,172,130,101,93,8,29,21,8,42,4,38
S01011916,Families with no dependent children,90,75,62,60,2,13,12,1,15,3,12
S01011916,Families with dependent children: Total,82,55,39,33,6,16,9,7,27,1,26
S01011916,Families with dependent children: Youngest aged 0 to 4,29,19,11,11,0,8,7,1,10,0,10
S01011916,Families with dependent children: Youngest aged 5 to 11,28,14,12,10,2,2,0,2,14,0,14
S01011916,Families with dependent children: Youngest aged 12 to 18,25,22,16,12,4,6,2,4,3,1,2
S01011917,All families in households,156,111,92,83,9,19,18,1,45,2,43
S01011917,Families with no dependent children,93,80,72,67,5,8,8,0,13,0,13
S01011917,Families with dependent children: Total,63,31,20,16,4,11,10,1,32,2,30
S01011917,Families with dependent children: Youngest aged 0 to 4,20,12,6,5,1,6,6,0,8,2,6
S01011917,Families with dependent children: Youngest aged 5 to 11,21,12,8,7,1,4,4,0,9,0,9
S01011917,Families with dependent children: Youngest aged 12 to 18,22,7,6,4,2,1,0,1,15,0,15
S01011918,All families in households,211,131,86,76,10,45,36,9,80,4,76
S01011918,Families with no dependent children,84,67,48,44,4,19,15,4,17,1,16
S01011918,Families with dependent children: Total,127,64,38,32,6,26,21,5,63,3,60
S01011918,Families with dependent children: Youngest aged 0 to 4,56,29,14,13,1,15,13,2,27,1,26
S01011918,Families with dependent children: Youngest aged 5 to 11,43,19,11,11,0,8,6,2,24,1,23
S01011918,Families with dependent children: Youngest aged 12 to 18,28,16,13,8,5,3,2,1,12,1,11
S01011919,All families in households,234,176,109,101,8,67,60,7,58,2,56
S01011919,Families with no dependent children,137,122,74,72,2,48,47,1,15,2,13
S01011919,Families with dependent children: Total,97,54,35,29,6,19,13,6,43,0,43
S01011919,Families with dependent children: Youngest aged 0 to 4,41,25,12,11,1,13,9,4,16,0,16
S01011919,Families with dependent children: Youngest aged 5 to 11,34,17,14,11,3,3,1,2,17,0,17
S01011919,Families with dependent children: Youngest aged 12 to 18,22,12,9,7,2,3,3,0,10,0,10
S01011920,All families in households,181,130,90,81,9,40,33,7,51,3,48
S01011920,Families with no dependent children,113,96,70,63,7,26,24,2,17,2,15
S01011920,Families with dependent children: Total,68,34,20,18,2,14,9,5,34,1,33
S01011920,Families with dependent children: Youngest aged 0 to 4,25,17,6,6,0,11,8,3,8,0,8
S01011920,Families with dependent children: Youngest aged 5 to 11,29,8,5,5,0,3,1,2,21,1,20
S01011920,Families with dependent children: Youngest aged 12 to 18,14,9,9,7,2,0,0,0,5,0,5
S01011921,All families in households,181,113,80,78,2,33,26,7,68,8,60
S01011921,Families with no dependent children,89,78,61,59,2,17,17,0,11,2,9
S01011921,Families with dependent children: Total,92,35,19,19,0,16,9,7,57,6,51
S01011921,Families with dependent children: Youngest aged 0 to 4,38,20,7,7,0,13,8,5,18,2,16
S01011921,Families with dependent children: Youngest aged 5 to 11,33,8,6,6,0,2,1,1,25,1,24
S01011921,Families with dependent children: Youngest aged 12 to 18,21,7,6,6,0,1,0,1,14,3,11
S01011922,All families in households,229,163,120,114,6,43,32,11,66,9,57
S01011922,Families with no dependent children,129,104,85,83,2,19,15,4,25,8,17
S01011922,Families with dependent children: Total,100,59,35,31,4,24,17,7,41,1,40
S01011922,Families with dependent children: Youngest aged 0 to 4,47,31,17,17,0,14,12,2,16,0,16
S01011922,Families with dependent children: Youngest aged 5 to 11,31,14,9,7,2,5,2,3,17,0,17
S01011922,Families with dependent children: Youngest aged 12 to 18,22,14,9,7,2,5,3,2,8,1,7
S01011923,All families in households,258,179,113,106,7,66,51,15,79,9,70
S01011923,Families with no dependent children,118,92,66,64,2,26,23,3,26,8,18
S01011923,Families with dependent children: Total,140,87,47,42,5,40,28,12,53,1,52
S01011923,Families with dependent children: Youngest aged 0 to 4,59,37,12,12,0,25,20,5,22,0,22
S01011923,Families with dependent children: Youngest aged 5 to 11,52,33,22,18,4,11,6,5,19,1,18
S01011923,Families with dependent children: Youngest aged 12 to 18,29,17,13,12,1,4,2,2,12,0,12
S01011924,All families in households,137,105,78,74,4,27,20,7,32,4,28
S01011924,Families with no dependent children,70,65,53,52,1,12,9,3,5,2,3
S01011924,Families with dependent children: Total,67,40,25,22,3,15,11,4,27,2,25
S01011924,Families with dependent children: Youngest aged 0 to 4,30,21,17,15,2,4,3,1,9,1,8
S01011924,Families with dependent children: Youngest aged 5 to 11,26,12,4,4,0,8,6,2,14,0,14
S01011924,Families with dependent children: Youngest aged 12 to 18,11,7,4,3,1,3,2,1,4,1,3
S01011925,All families in households,215,193,155,136,19,38,29,9,22,4,18
S01011925,Families with no dependent children,88,84,67,62,5,17,16,1,4,4,0
S01011925,Families with dependent children: Total,127,109,88,74,14,21,13,8,18,0,18
S01011925,Families with dependent children: Youngest aged 0 to 4,52,51,39,37,2,12,8,4,1,0,1
S01011925,Families with dependent children: Youngest aged 5 to 11,48,38,33,25,8,5,5,0,10,0,10
S01011925,Families with dependent children: Youngest aged 12 to 18,27,20,16,12,4,4,0,4,7,0,7
S01011926,All families in households,200,142,111,103,8,31,22,9,58,11,47
S01011926,Families with no dependent children,111,89,70,67,3,19,15,4,22,9,13
S01011926,Families with dependent children: Total,89,53,41,36,5,12,7,5,36,2,34
S01011926,Families with dependent children: Youngest aged 0 to 4,33,20,15,13,2,5,4,1,13,0,13
S01011926,Families with dependent children: Youngest aged 5 to 11,31,19,14,13,1,5,2,3,12,0,12
S01011926,Families with dependent children: Youngest aged 12 to 18,25,14,12,10,2,2,1,1,11,2,9
S01011927,All families in households,187,130,98,93,5,32,28,4,57,2,55
S01011927,Families with no dependent children,98,85,66,62,4,19,19,0,13,0,13
S01011927,Families with dependent children: Total,89,45,32,31,1,13,9,4,44,2,42
S01011927,Families with dependent children: Youngest aged 0 to 4,31,16,9,9,0,7,5,2,15,1,14
S01011927,Families with dependent children: Youngest aged 5 to 11,29,12,9,8,1,3,3,0,17,0,17
S01011927,Families with dependent children: Youngest aged 12 to 18,29,17,14,14,0,3,1,2,12,1,11
S01011928,All families in households,224,176,133,125,8,43,36,7,48,4,44
S01011928,Families with no dependent children,157,137,109,105,4,28,25,3,20,3,17
S01011928,Families with dependent children: Total,67,39,24,20,4,15,11,4,28,1,27
S01011928,Families with dependent children: Youngest aged 0 to 4,30,18,10,9,1,8,7,1,12,0,12
S01011928,Families with dependent children: Youngest aged 5 to 11,21,10,5,2,3,5,3,2,11,1,10
S01011928,Families with dependent children: Youngest aged 12 to 18,16,11,9,9,0,2,1,1,5,0,5
S01011929,All families in households,202,151,113,99,14,38,32,6,51,6,45
S01011929,Families with no dependent children,125,99,79,73,6,20,18,2,26,6,20
S01011929,Families with dependent children: Total,77,52,34,26,8,18,14,4,25,0,25
S01011929,Families with dependent children: Youngest aged 0 to 4,27,18,9,7,2,9,8,1,9,0,9
S01011929,Families with dependent children: Youngest aged 5 to 11,23,17,10,6,4,7,5,2,6,0,6
S01011929,Families with dependent children: Youngest aged 12 to 18,27,17,15,13,2,2,1,1,10,0,10
S01011930,All families in households,190,137,100,98,2,37,31,6,53,2,51
S01011930,Families with no dependent children,104,88,66,65,1,22,22,0,16,1,15
S01011930,Families with dependent children: Total,86,49,34,33,1,15,9,6,37,1,36
S01011930,Families with dependent children: Youngest aged 0 to 4,30,14,6,6,0,8,6,2,16,0,16
S01011930,Families with dependent children: Youngest aged 5 to 11,39,23,19,18,1,4,3,1,16,1,15
S01011930,Families with dependent children: Youngest aged 12 to 18,17,12,9,9,0,3,0,3,5,0,5
S01011931,All families in households,173,111,75,71,4,36,23,13,62,7,55
S01011931,Families with no dependent children,86,62,47,45,2,15,13,2,24,7,17
S01011931,Families with dependent children: Total,87,49,28,26,2,21,10,11,38,0,38
S01011931,Families with dependent children: Youngest aged 0 to 4,28,15,9,8,1,6,1,5,13,0,13
S01011931,Families with dependent children: Youngest aged 5 to 11,31,20,9,9,0,11,7,4,11,0,11
S01011931,Families with dependent children: Youngest aged 12 to 18,28,14,10,9,1,4,2,2,14,0,14
S01011932,All families in households,181,141,76,73,3,65,62,3,40,3,37
S01011932,Families with no dependent children,101,89,43,42,1,46,45,1,12,2,10
S01011932,Families with dependent children: Total,80,52,33,31,2,19,17,2,28,1,27
S01011932,Families with dependent children: Youngest aged 0 to 4,49,37,22,22,0,15,14,1,12,0,12
S01011932,Families with dependent children: Youngest aged 5 to 11,18,10,7,6,1,3,2,1,8,1,7
S01011932,Families with dependent children: Youngest aged 12 to 18,13,5,4,3,1,1,1,0,8,0,8
S01011933,All families in households,165,133,87,81,6,46,44,2,32,4,28
S01011933,Families with no dependent children,111,98,64,61,3,34,34,0,13,1,12
S01011933,Families with dependent children: Total,54,35,23,20,3,12,10,2,19,3,16
S01011933,Families with dependent children: Youngest aged 0 to 4,22,15,4,4,0,11,10,1,7,1,6
S01011933,Families with dependent children: Youngest aged 5 to 11,22,14,13,10,3,1,0,1,8,1,7
S01011933,Families with dependent children: Youngest aged 12 to 18,10,6,6,6,0,0,0,0,4,1,3
S01011934,All families in households,311,260,189,179,10,71,62,9,51,7,44
S01011934,Families with no dependent children,195,176,124,123,1,52,49,3,19,5,14
S01011934,Families with dependent children: Total,116,84,65,56,9,19,13,6,32,2,30
S01011934,Families with dependent children: Youngest aged 0 to 4,50,39,28,27,1,11,10,1,11,0,11
S01011934,Families with dependent children: Youngest aged 5 to 11,41,28,22,17,5,6,2,4,13,1,12
S01011934,Families with dependent children: Youngest aged 12 to 18,25,17,15,12,3,2,1,1,8,1,7
S01011935,All families in households,187,151,101,98,3,50,45,5,36,9,27
S01011935,Families with no dependent children,125,113,74,72,2,39,37,2,12,4,8
S01011935,Families with dependent children: Total,62,38,27,26,1,11,8,3,24,5,19
S01011935,Families with dependent children: Youngest aged 0 to 4,28,22,13,13,0,9,7,2,6,0,6
S01011935,Families with dependent children: Youngest aged 5 to 11,19,12,12,11,1,0,0,0,7,1,6
S01011935,Families with dependent children: Youngest aged 12 to 18,15,4,2,2,0,2,1,1,11,4,7
S01011936,All families in households,166,129,80,76,4,49,40,9,37,8,29
S01011936,Families with no dependent children,105,87,52,51,1,35,35,0,18,7,11
S01011936,Families with dependent children: Total,61,42,28,25,3,14,5,9,19,1,18
S01011936,Families with dependent children: Youngest aged 0 to 4,24,16,10,9,1,6,3,3,8,0,8
S01011936,Families with dependent children: Youngest aged 5 to 11,23,16,9,9,0,7,2,5,7,1,6
S01011936,Families with dependent children: Youngest aged 12 to 18,14,10,9,7,2,1,0,1,4,0,4
S01011937,All families in households,159,123,61,59,2,62,56,6,36,5,31
S01011937,Families with no dependent children,114,104,51,49,2,53,51,2,10,2,8
S01011937,Families with dependent children: Total,45,19,10,10,0,9,5,4,26,3,23
S01011937,Families with dependent children: Youngest aged 0 to 4,27,12,4,4,0,8,4,4,15,1,14
S01011937,Families with dependent children: Youngest aged 5 to 11,10,4,3,3,0,1,1,0,6,2,4
S01011937,Families with dependent children: Youngest aged 12 to 18,8,3,3,3,0,0,0,0,5,0,5
S01011938,All families in households,184,150,98,94,4,52,50,2,34,7,27
S01011938,Families with no dependent children,129,116,70,67,3,46,46,0,13,5,8
S01011938,Families with dependent children: Total,55,34,28,27,1,6,4,2,21,2,19
S01011938,Families with dependent children: Youngest aged 0 to 4,30,22,18,18,0,4,4,0,8,0,8
S01011938,Families with dependent children: Youngest aged 5 to 11,12,7,6,5,1,1,0,1,5,0,5
S01011938,Families with dependent children: Youngest aged 12 to 18,13,5,4,4,0,1,0,1,8,2,6
S01011939,All families in households,144,110,63,59,4,47,46,1,34,5,29
S01011939,Families with no dependent children,91,82,41,41,0,41,41,0,9,2,7
S01011939,Families with dependent children: Total,53,28,22,18,4,6,5,1,25,3,22
S01011939,Families with dependent children: Youngest aged 0 to 4,28,14,11,10,1,3,2,1,14,0,14
S01011939,Families with dependent children: Youngest aged 5 to 11,13,10,7,4,3,3,3,0,3,0,3
S01011939,Families with dependent children: Youngest aged 12 to 18,12,4,4,4,0,0,0,0,8,3,5
S01011940,All families in households,104,73,40,39,1,33,32,1,31,7,24
S01011940,Families with no dependent children,59,51,25,24,1,26,26,0,8,3,5
S01011940,Families with dependent children: Total,45,22,15,15,0,7,6,1,23,4,19
S01011940,Families with dependent children: Youngest aged 0 to 4,30,16,10,10,0,6,5,1,14,2,12
S01011940,Families with dependent children: Youngest aged 5 to 11,8,3,3,3,0,0,0,0,5,0,5
S01011940,Families with dependent children: Youngest aged 12 to 18,7,3,2,2,0,1,1,0,4,2,2
S01011941,All families in households,141,110,38,37,1,72,69,3,31,3,28
S01011941,Families with no dependent children,96,89,28,27,1,61,60,1,7,0,7
S01011941,Families with dependent children: Total,45,21,10,10,0,11,9,2,24,3,21
S01011941,Families with dependent children: Youngest aged 0 to 4,27,16,7,7,0,9,7,2,11,0,11
S01011941,Families with dependent children: Youngest aged 5 to 11,12,2,1,1,0,1,1,0,10,2,8
S01011941,Families with dependent children: Youngest aged 12 to 18,6,3,2,2,0,1,1,0,3,1,2
S01011942,All families in households,172,133,61,60,1,72,70,2,39,6,33
S01011942,Families with no dependent children,123,113,52,52,0,61,61,0,10,3,7
S01011942,Families with dependent children: Total,49,20,9,8,1,11,9,2,29,3,26
S01011942,Families with dependent children: Youngest aged 0 to 4,30,12,3,3,0,9,9,0,18,2,16
S01011942,Families with dependent children: Youngest aged 5 to 11,12,8,6,5,1,2,0,2,4,0,4
S01011942,Families with dependent children: Youngest aged 12 to 18,7,0,0,0,0,0,0,0,7,1,6
S01011943,All families in households,239,167,84,81,3,83,76,7,72,10,62
S01011943,Families with no dependent children,148,124,63,61,2,61,61,0,24,9,15
S01011943,Families with dependent children: Total,91,43,21,20,1,22,15,7,48,1,47
S01011943,Families with dependent children: Youngest aged 0 to 4,53,27,11,10,1,16,14,2,26,0,26
S01011943,Families with dependent children: Youngest aged 5 to 11,21,10,7,7,0,3,1,2,11,1,10
S01011943,Families with dependent children: Youngest aged 12 to 18,17,6,3,3,0,3,0,3,11,0,11
S01011944,All families in households,150,140,125,123,2,15,12,3,10,2,8
S01011944,Families with no dependent children,107,104,94,93,1,10,9,1,3,1,2
S01011944,Families with dependent children: Total,43,36,31,30,1,5,3,2,7,1,6
S01011944,Families with dependent children: Youngest aged 0 to 4,13,13,9,8,1,4,3,1,0,0,0
S01011944,Families with dependent children: Youngest aged 5 to 11,16,13,13,13,0,0,0,0,3,1,2
S01011944,Families with dependent children: Youngest aged 12 to 18,14,10,9,9,0,1,0,1,4,0,4
S01011945,All families in households,258,246,232,229,3,14,13,1,12,1,11
S01011945,Families with no dependent children,185,175,167,166,1,8,8,0,10,1,9
S01011945,Families with dependent children: Total,73,71,65,63,2,6,5,1,2,0,2
S01011945,Families with dependent children: Youngest aged 0 to 4,22,21,18,18,0,3,3,0,1,0,1
S01011945,Families with dependent children: Youngest aged 5 to 11,26,26,25,24,1,1,1,0,0,0,0
S01011945,Families with dependent children: Youngest aged 12 to 18,25,24,22,21,1,2,1,1,1,0,1
S01011946,All families in households,231,187,156,149,7,31,24,7,44,8,36
S01011946,Families with no dependent children,143,130,114,110,4,16,14,2,13,4,9
S01011946,Families with dependent children: Total,88,57,42,39,3,15,10,5,31,4,27
S01011946,Families with dependent children: Youngest aged 0 to 4,28,20,15,14,1,5,4,1,8,1,7
S01011946,Families with dependent children: Youngest aged 5 to 11,27,18,15,14,1,3,2,1,9,0,9
S01011946,Families with dependent children: Youngest aged 12 to 18,33,19,12,11,1,7,4,3,14,3,11
S01011947,All families in households,164,145,138,136,2,7,5,2,19,2,17
S01011947,Families with no dependent children,119,112,108,108,0,4,3,1,7,1,6
S01011947,Families with dependent children: Total,45,33,30,28,2,3,2,1,12,1,11
S01011947,Families with dependent children: Youngest aged 0 to 4,8,7,7,7,0,0,0,0,1,0,1
S01011947,Families with dependent children: Youngest aged 5 to 11,17,11,9,8,1,2,1,1,6,0,6
S01011947,Families with dependent children: Youngest aged 12 to 18,20,15,14,13,1,1,1,0,5,1,4
S01011948,All families in households,290,255,221,217,4,34,29,5,35,3,32
S01011948,Families with no dependent children,187,173,150,150,0,23,22,1,14,0,14
S01011948,Families with dependent children: Total,103,82,71,67,4,11,7,4,21,3,18
S01011948,Families with dependent children: Youngest aged 0 to 4,34,30,25,23,2,5,3,2,4,0,4
S01011948,Families with dependent children: Youngest aged 5 to 11,37,30,27,26,1,3,2,1,7,1,6
S01011948,Families with dependent children: Youngest aged 12 to 18,32,22,19,18,1,3,2,1,10,2,8
S01011949,All families in households,276,249,229,228,1,20,19,1,27,2,25
S01011949,Families with no dependent children,206,196,184,184,0,12,12,0,10,1,9
S01011949,Families with dependent children: Total,70,53,45,44,1,8,7,1,17,1,16
S01011949,Families with dependent children: Youngest aged 0 to 4,19,16,12,12,0,4,4,0,3,1,2
S01011949,Families with dependent children: Youngest aged 5 to 11,26,22,20,20,0,2,1,1,4,0,4
S01011949,Families with dependent children: Youngest aged 12 to 18,25,15,13,12,1,2,2,0,10,0,10
S01011950,All families in households,230,201,178,174,4,23,19,4,29,6,23
S01011950,Families with no dependent children,157,146,134,133,1,12,11,1,11,4,7
S01011950,Families with dependent children: Total,73,55,44,41,3,11,8,3,18,2,16
S01011950,Families with dependent children: Youngest aged 0 to 4,23,21,13,13,0,8,6,2,2,0,2
S01011950,Families with dependent children: Youngest aged 5 to 11,23,15,13,10,3,2,2,0,8,1,7
S01011950,Families with dependent children: Youngest aged 12 to 18,27,19,18,18,0,1,0,1,8,1,7
S01011951,All families in households,212,175,144,138,6,31,27,4,37,1,36
S01011951,Families with no dependent children,130,116,94,93,1,22,19,3,14,1,13
S01011951,Families with dependent children: Total,82,59,50,45,5,9,8,1,23,0,23
S01011951,Families with dependent children: Youngest aged 0 to 4,31,23,18,16,2,5,5,0,8,0,8
S01011951,Families with dependent children: Youngest aged 5 to 11,26,19,16,16,0,3,2,1,7,0,7
S01011951,Families with dependent children: Youngest aged 12 to 18,25,17,16,13,3,1,1,0,8,0,8
S01011952,All families in households,168,162,143,134,9,19,14,5,6,2,4
S01011952,Families with no dependent children,101,98,88,85,3,10,9,1,3,1,2
S01011952,Families with dependent children: Total,67,64,55,49,6,9,5,4,3,1,2
S01011952,Families with dependent children: Youngest aged 0 to 4,33,32,28,26,2,4,3,1,1,0,1
S01011952,Families with dependent children: Youngest aged 5 to 11,18,17,14,14,0,3,2,1,1,1,0
S01011952,Families with dependent children: Youngest aged 12 to 18,16,15,13,9,4,2,0,2,1,0,1
S01011953,All families in households,232,203,181,173,8,22,19,3,29,9,20
S01011953,Families with no dependent children,137,126,117,115,2,9,8,1,11,2,9
S01011953,Families with dependent children: Total,95,77,64,58,6,13,11,2,18,7,11
S01011953,Families with dependent children: Youngest aged 0 to 4,28,24,15,14,1,9,8,1,4,2,2
S01011953,Families with dependent children: Youngest aged 5 to 11,36,29,26,24,2,3,2,1,7,2,5
S01011953,Families with dependent children: Youngest aged 12 to 18,31,24,23,20,3,1,1,0,7,3,4
S01011954,All families in households,148,119,101,98,3,18,13,5,29,4,25
S01011954,Families with no dependent children,91,80,71,70,1,9,8,1,11,4,7
S01011954,Families with dependent children: Total,57,39,30,28,2,9,5,4,18,0,18
S01011954,Families with dependent children: Youngest aged 0 to 4,22,14,9,9,0,5,4,1,8,0,8
S01011954,Families with dependent children: Youngest aged 5 to 11,24,17,14,12,2,3,1,2,7,0,7
S01011954,Families with dependent children: Youngest aged 12 to 18,11,8,7,7,0,1,0,1,3,0,3
S01011955,All families in households,279,236,193,183,10,43,37,6,43,6,37
S01011955,Families with no dependent children,189,171,148,140,8,23,22,1,18,4,14
S01011955,Families with dependent children: Total,90,65,45,43,2,20,15,5,25,2,23
S01011955,Families with dependent children: Youngest aged 0 to 4,26,21,12,11,1,9,9,0,5,0,5
S01011955,Families with dependent children: Youngest aged 5 to 11,37,23,17,17,0,6,4,2,14,2,12
S01011955,Families with dependent children: Youngest aged 12 to 18,27,21,16,15,1,5,2,3,6,0,6
S01011956,All families in households,317,288,262,255,7,26,23,3,29,3,26
S01011956,Families with no dependent children,167,158,140,137,3,18,18,0,9,1,8
S01011956,Families with dependent children: Total,150,130,122,118,4,8,5,3,20,2,18
S01011956,Families with dependent children: Youngest aged 0 to 4,61,53,50,47,3,3,3,0,8,0,8
S01011956,Families with dependent children: Youngest aged 5 to 11,57,48,45,44,1,3,2,1,9,1,8
S01011956,Families with dependent children: Youngest aged 12 to 18,32,29,27,27,0,2,0,2,3,1,2
S01011957,All families in households,228,197,176,167,9,21,19,2,31,4,27
S01011957,Families with no dependent children,150,134,117,116,1,17,16,1,16,1,15
S01011957,Families with dependent children: Total,78,63,59,51,8,4,3,1,15,3,12
S01011957,Families with dependent children: Youngest aged 0 to 4,25,25,24,21,3,1,1,0,0,0,0
S01011957,Families with dependent children: Youngest aged 5 to 11,24,19,16,14,2,3,2,1,5,1,4
S01011957,Families with dependent children: Youngest aged 12 to 18,29,19,19,16,3,0,0,0,10,2,8
S01011958,All families in households,334,301,257,250,7,44,39,5,33,4,29
S01011958,Families with no dependent children,232,218,193,191,2,25,24,1,14,3,11
S01011958,Families with dependent children: Total,102,83,64,59,5,19,15,4,19,1,18
S01011958,Families with dependent children: Youngest aged 0 to 4,35,30,20,19,1,10,8,2,5,0,5
S01011958,Families with dependent children: Youngest aged 5 to 11,41,31,26,22,4,5,5,0,10,1,9
S01011958,Families with dependent children: Youngest aged 12 to 18,26,22,18,18,0,4,2,2,4,0,4
S01011959,All families in households,270,242,211,198,13,31,24,7,28,4,24
S01011959,Families with no dependent children,176,164,145,142,3,19,17,2,12,3,9
S01011959,Families with dependent children: Total,94,78,66,56,10,12,7,5,16,1,15
S01011959,Families with dependent children: Youngest aged 0 to 4,28,24,16,13,3,8,6,2,4,0,4
S01011959,Families with dependent children: Youngest aged 5 to 11,39,31,27,22,5,4,1,3,8,1,7
S01011959,Families with dependent children: Youngest aged 12 to 18,27,23,23,21,2,0,0,0,4,0,4
S01011960,All families in households,259,244,207,206,1,37,32,5,15,3,12
S01011960,Families with no dependent children,158,152,126,126,0,26,24,2,6,1,5
S01011960,Families with dependent children: Total,101,92,81,80,1,11,8,3,9,2,7
S01011960,Families with dependent children: Youngest aged 0 to 4,50,49,43,42,1,6,6,0,1,0,1
S01011960,Families with dependent children: Youngest aged 5 to 11,35,29,26,26,0,3,1,2,6,2,4
S01011960,Families with dependent children: Youngest aged 12 to 18,16,14,12,12,0,2,1,1,2,0,2
S01011961,All families in households,232,197,156,148,8,41,39,2,35,2,33
S01011961,Families with no dependent children,138,130,102,99,3,28,27,1,8,0,8
S01011961,Families with dependent children: Total,94,67,54,49,5,13,12,1,27,2,25
S01011961,Families with dependent children: Youngest aged 0 to 4,47,37,27,23,4,10,10,0,10,1,9
S01011961,Families with dependent children: Youngest aged 5 to 11,27,17,15,14,1,2,1,1,10,0,10
S01011961,Families with dependent children: Youngest aged 12 to 18,20,13,12,12,0,1,1,0,7,1,6
S01011962,All families in households,230,213,184,177,7,29,26,3,17,3,14
S01011962,Families with no dependent children,137,134,114,112,2,20,20,0,3,1,2
S01011962,Families with dependent children: Total,93,79,70,65,5,9,6,3,14,2,12
S01011962,Families with dependent children: Youngest aged 0 to 4,42,38,31,29,2,7,6,1,4,0,4
S01011962,Families with dependent children: Youngest aged 5 to 11,28,22,22,20,2,0,0,0,6,1,5
S01011962,Families with dependent children: Youngest aged 12 to 18,23,19,17,16,1,2,0,2,4,1,3
S01011963,All families in households,156,132,106,105,1,26,19,7,24,6,18
S01011963,Families with no dependent children,85,72,63,63,0,9,9,0,13,4,9
S01011963,Families with dependent children: Total,71,60,43,42,1,17,10,7,11,2,9
S01011963,Families with dependent children: Youngest aged 0 to 4,35,34,28,27,1,6,4,2,1,0,1
S01011963,Families with dependent children: Youngest aged 5 to 11,23,16,9,9,0,7,6,1,7,1,6
S01011963,Families with dependent children: Youngest aged 12 to 18,13,10,6,6,0,4,0,4,3,1,2
S01011964,All families in households,317,283,240,235,5,43,40,3,34,3,31
S01011964,Families with no dependent children,213,203,174,171,3,29,28,1,10,3,7
S01011964,Families with dependent children: Total,104,80,66,64,2,14,12,2,24,0,24
S01011964,Families with dependent children: Youngest aged 0 to 4,54,47,38,36,2,9,9,0,7,0,7
S01011964,Families with dependent children: Youngest aged 5 to 11,27,19,16,16,0,3,2,1,8,0,8
S01011964,Families with dependent children: Youngest aged 12 to 18,23,14,12,12,0,2,1,1,9,0,9
S01011965,All families in households,240,205,183,175,8,22,22,0,35,5,30
S01011965,Families with no dependent children,154,141,124,124,0,17,17,0,13,1,12
S01011965,Families with dependent children: Total,86,64,59,51,8,5,5,0,22,4,18
S01011965,Families with dependent children: Youngest aged 0 to 4,20,13,13,11,2,0,0,0,7,1,6
S01011965,Families with dependent children: Youngest aged 5 to 11,30,22,20,17,3,2,2,0,8,2,6
S01011965,Families with dependent children: Youngest aged 12 to 18,36,29,26,23,3,3,3,0,7,1,6
S01011966,All families in households,270,234,205,202,3,29,28,1,36,7,29
S01011966,Families with no dependent children,170,155,138,136,2,17,17,0,15,1,14
S01011966,Families with dependent children: Total,100,79,67,66,1,12,11,1,21,6,15
S01011966,Families with dependent children: Youngest aged 0 to 4,38,34,31,31,0,3,3,0,4,0,4
S01011966,Families with dependent children: Youngest aged 5 to 11,31,21,15,14,1,6,6,0,10,1,9
S01011966,Families with dependent children: Youngest aged 12 to 18,31,24,21,21,0,3,2,1,7,5,2
S01011967,All families in households,316,283,236,229,7,47,39,8,33,6,27
S01011967,Families with no dependent children,196,181,153,153,0,28,26,2,15,5,10
S01011967,Families with dependent children: Total,120,102,83,76,7,19,13,6,18,1,17
S01011967,Families with dependent children: Youngest aged 0 to 4,48,42,35,32,3,7,6,1,6,0,6
S01011967,Families with dependent children: Youngest aged 5 to 11,37,31,25,23,2,6,4,2,6,0,6
S01011967,Families with dependent children: Youngest aged 12 to 18,35,29,23,21,2,6,3,3,6,1,5
S01011968,All families in households,299,249,182,175,7,67,59,8,50,5,45
S01011968,Families with no dependent children,181,164,117,114,3,47,47,0,17,5,12
S01011968,Families with dependent children: Total,118,85,65,61,4,20,12,8,33,0,33
S01011968,Families with dependent children: Youngest aged 0 to 4,56,42,29,29,0,13,10,3,14,0,14
S01011968,Families with dependent children: Youngest aged 5 to 11,31,19,14,13,1,5,2,3,12,0,12
S01011968,Families with dependent children: Youngest aged 12 to 18,31,24,22,19,3,2,0,2,7,0,7
S01011969,All families in households,329,281,220,213,7,61,54,7,48,9,39
S01011969,Families with no dependent children,217,199,163,162,1,36,34,2,18,4,14
S01011969,Families with dependent children: Total,112,82,57,51,6,25,20,5,30,5,25
S01011969,Families with dependent children: Youngest aged 0 to 4,39,32,15,13,2,17,16,1,7,1,6
S01011969,Families with dependent children: Youngest aged 5 to 11,39,28,22,22,0,6,3,3,11,0,11
S01011969,Families with dependent children: Youngest aged 12 to 18,34,22,20,16,4,2,1,1,12,4,8
S01011970,All families in households,284,221,147,141,6,74,57,17,63,12,51
S01011970,Families with no dependent children,147,132,97,96,1,35,32,3,15,6,9
S01011970,Families with dependent children: Total,137,89,50,45,5,39,25,14,48,6,42
S01011970,Families with dependent children: Youngest aged 0 to 4,62,49,22,19,3,27,21,6,13,3,10
S01011970,Families with dependent children: Youngest aged 5 to 11,36,19,13,12,1,6,3,3,17,0,17
S01011970,Families with dependent children: Youngest aged 12 to 18,39,21,15,14,1,6,1,5,18,3,15
S01011971,All families in households,166,145,127,119,8,18,18,0,21,4,17
S01011971,Families with no dependent children,91,85,79,77,2,6,6,0,6,2,4
S01011971,Families with dependent children: Total,75,60,48,42,6,12,12,0,15,2,13
S01011971,Families with dependent children: Youngest aged 0 to 4,33,26,18,16,2,8,8,0,7,1,6
S01011971,Families with dependent children: Youngest aged 5 to 11,25,21,17,14,3,4,4,0,4,1,3
S01011971,Families with dependent children: Youngest aged 12 to 18,17,13,13,12,1,0,0,0,4,0,4
S01011972,All families in households,360,324,277,264,13,47,40,7,36,7,29
S01011972,Families with no dependent children,257,236,204,199,5,32,31,1,21,7,14
S01011972,Families with dependent children: Total,103,88,73,65,8,15,9,6,15,0,15
S01011972,Families with dependent children: Youngest aged 0 to 4,26,24,19,19,0,5,5,0,2,0,2
S01011972,Families with dependent children: Youngest aged 5 to 11,36,31,24,20,4,7,4,3,5,0,5
S01011972,Families with dependent children: Youngest aged 12 to 18,41,33,30,26,4,3,0,3,8,0,8
S01011973,All families in households,204,183,155,151,4,28,22,6,21,2,19
S01011973,Families with no dependent children,141,131,112,111,1,19,17,2,10,1,9
S01011973,Families with dependent children: Total,63,52,43,40,3,9,5,4,11,1,10
S01011973,Families with dependent children: Youngest aged 0 to 4,31,28,21,18,3,7,3,4,3,1,2
S01011973,Families with dependent children: Youngest aged 5 to 11,12,11,10,10,0,1,1,0,1,0,1
S01011973,Families with dependent children: Youngest aged 12 to 18,20,13,12,12,0,1,1,0,7,0,7
S01011974,All families in households,242,226,193,190,3,33,26,7,16,2,14
S01011974,Families with no dependent children,168,159,139,138,1,20,19,1,9,2,7
S01011974,Families with dependent children: Total,74,67,54,52,2,13,7,6,7,0,7
S01011974,Families with dependent children: Youngest aged 0 to 4,29,26,21,21,0,5,3,2,3,0,3
S01011974,Families with dependent children: Youngest aged 5 to 11,22,20,16,15,1,4,1,3,2,0,2
S01011974,Families with dependent children: Youngest aged 12 to 18,23,21,17,16,1,4,3,1,2,0,2
S01011975,All families in households,152,135,109,105,4,26,21,5,17,1,16
S01011975,Families with no dependent children,109,102,83,80,3,19,16,3,7,0,7
S01011975,Families with dependent children: Total,43,33,26,25,1,7,5,2,10,1,9
S01011975,Families with dependent children: Youngest aged 0 to 4,18,16,12,11,1,4,4,0,2,0,2
S01011975,Families with dependent children: Youngest aged 5 to 11,6,4,3,3,0,1,1,0,2,0,2
S01011975,Families with dependent children: Youngest aged 12 to 18,19,13,11,11,0,2,0,2,6,1,5
S01011976,All families in households,247,216,172,163,9,44,39,5,31,5,26
S01011976,Families with no dependent children,157,148,119,115,4,29,26,3,9,2,7
S01011976,Families with dependent children: Total,90,68,53,48,5,15,13,2,22,3,19
S01011976,Families with dependent children: Youngest aged 0 to 4,30,28,15,13,2,13,12,1,2,0,2
S01011976,Families with dependent children: Youngest aged 5 to 11,29,21,20,17,3,1,1,0,8,0,8
S01011976,Families with dependent children: Youngest aged 12 to 18,31,19,18,18,0,1,0,1,12,3,9
S01011977,All families in households,338,288,233,220,13,55,46,9,50,6,44
S01011977,Families with no dependent children,222,202,172,166,6,30,28,2,20,5,15
S01011977,Families with dependent children: Total,116,86,61,54,7,25,18,7,30,1,29
S01011977,Families with dependent children: Youngest aged 0 to 4,37,30,17,15,2,13,11,2,7,0,7
S01011977,Families with dependent children: Youngest aged 5 to 11,43,32,24,20,4,8,6,2,11,0,11
S01011977,Families with dependent children: Youngest aged 12 to 18,36,24,20,19,1,4,1,3,12,1,11
S01011978,All families in households,206,173,140,136,4,33,28,5,33,7,26
S01011978,Families with no dependent children,133,119,102,100,2,17,16,1,14,5,9
S01011978,Families with dependent children: Total,73,54,38,36,2,16,12,4,19,2,17
S01011978,Families with dependent children: Youngest aged 0 to 4,30,22,11,11,0,11,11,0,8,1,7
S01011978,Families with dependent children: Youngest aged 5 to 11,24,17,14,14,0,3,1,2,7,0,7
S01011978,Families with dependent children: Youngest aged 12 to 18,19,15,13,11,2,2,0,2,4,1,3
S01011979,All families in households,304,286,246,239,7,40,33,7,18,5,13
S01011979,Families with no dependent children,206,196,172,170,2,24,22,2,10,4,6
S01011979,Families with dependent children: Total,98,90,74,69,5,16,11,5,8,1,7
S01011979,Families with dependent children: Youngest aged 0 to 4,40,38,30,30,0,8,7,1,2,0,2
S01011979,Families with dependent children: Youngest aged 5 to 11,40,37,32,30,2,5,3,2,3,0,3
S01011979,Families with dependent children: Youngest aged 12 to 18,18,15,12,9,3,3,1,2,3,1,2
S01011980,All families in households,130,120,98,97,1,22,19,3,10,4,6
S01011980,Families with no dependent children,90,84,65,65,0,19,18,1,6,2,4
S01011980,Families with dependent children: Total,40,36,33,32,1,3,1,2,4,2,2
S01011980,Families with dependent children: Youngest aged 0 to 4,13,13,13,13,0,0,0,0,0,0,0
S01011980,Families with dependent children: Youngest aged 5 to 11,13,11,9,8,1,2,1,1,2,1,1
S01011980,Families with dependent children: Youngest aged 12 to 18,14,12,11,11,0,1,0,1,2,1,1
S01011981,All families in households,273,247,201,190,11,46,40,6,26,5,21
S01011981,Families with no dependent children,175,166,132,131,1,34,32,2,9,4,5
S01011981,Families with dependent children: Total,98,81,69,59,10,12,8,4,17,1,16
S01011981,Families with dependent children: Youngest aged 0 to 4,34,31,24,21,3,7,6,1,3,1,2
S01011981,Families with dependent children: Youngest aged 5 to 11,25,19,17,16,1,2,1,1,6,0,6
S01011981,Families with dependent children: Youngest aged 12 to 18,39,31,28,22,6,3,1,2,8,0,8
S01011982,All families in households,302,276,237,230,7,39,31,8,26,6,20
S01011982,Families with no dependent children,204,197,170,166,4,27,25,2,7,3,4
S01011982,Families with dependent children: Total,98,79,67,64,3,12,6,6,19,3,16
S01011982,Families with dependent children: Youngest aged 0 to 4,34,32,26,25,1,6,4,2,2,0,2
S01011982,Families with dependent children: Youngest aged 5 to 11,38,28,24,22,2,4,2,2,10,1,9
S01011982,Families with dependent children: Youngest aged 12 to 18,26,19,17,17,0,2,0,2,7,2,5
S01011983,All families in households,218,203,171,171,0,32,28,4,15,4,11
S01011983,Families with no dependent children,172,164,143,143,0,21,21,0,8,4,4
S01011983,Families with dependent children: Total,46,39,28,28,0,11,7,4,7,0,7
S01011983,Families with dependent children: Youngest aged 0 to 4,17,16,12,12,0,4,3,1,1,0,1
S01011983,Families with dependent children: Youngest aged 5 to 11,13,13,8,8,0,5,4,1,0,0,0
S01011983,Families with dependent children: Youngest aged 12 to 18,16,10,8,8,0,2,0,2,6,0,6
S01011984,All families in households,188,139,113,108,5,26,21,5,49,5,44
S01011984,Families with no dependent children,99,86,75,73,2,11,10,1,13,2,11
S01011984,Families with dependent children: Total,89,53,38,35,3,15,11,4,36,3,33
S01011984,Families with dependent children: Youngest aged 0 to 4,34,25,16,16,0,9,8,1,9,0,9
S01011984,Families with dependent children: Youngest aged 5 to 11,28,15,12,11,1,3,1,2,13,2,11
S01011984,Families with dependent children: Youngest aged 12 to 18,27,13,10,8,2,3,2,1,14,1,13
S01011985,All families in households,211,189,152,143,9,37,32,5,22,6,16
S01011985,Families with no dependent children,147,138,111,110,1,27,25,2,9,4,5
S01011985,Families with dependent children: Total,64,51,41,33,8,10,7,3,13,2,11
S01011985,Families with dependent children: Youngest aged 0 to 4,23,18,10,8,2,8,6,2,5,1,4
S01011985,Families with dependent children: Youngest aged 5 to 11,23,17,15,12,3,2,1,1,6,1,5
S01011985,Families with dependent children: Youngest aged 12 to 18,18,16,16,13,3,0,0,0,2,0,2
S01011986,All families in households,188,136,99,90,9,37,26,11,52,6,46
S01011986,Families with no dependent children,96,83,68,64,4,15,13,2,13,2,11
S01011986,Families with dependent children: Total,92,53,31,26,5,22,13,9,39,4,35
S01011986,Families with dependent children: Youngest aged 0 to 4,41,27,14,12,2,13,10,3,14,0,14
S01011986,Families with dependent children: Youngest aged 5 to 11,26,16,10,8,2,6,1,5,10,1,9
S01011986,Families with dependent children: Youngest aged 12 to 18,25,10,7,6,1,3,2,1,15,3,12
S01011987,All families in households,300,246,209,200,9,37,33,4,54,4,50
S01011987,Families with no dependent children,179,159,140,136,4,19,18,1,20,3,17
S01011987,Families with dependent children: Total,121,87,69,64,5,18,15,3,34,1,33
S01011987,Families with dependent children: Youngest aged 0 to 4,46,34,23,22,1,11,10,1,12,0,12
S01011987,Families with dependent children: Youngest aged 5 to 11,39,28,23,20,3,5,5,0,11,0,11
S01011987,Families with dependent children: Youngest aged 12 to 18,36,25,23,22,1,2,0,2,11,1,10
S01011988,All families in households,202,193,175,174,1,18,16,2,9,4,5
S01011988,Families with no dependent children,158,151,142,142,0,9,9,0,7,4,3
S01011988,Families with dependent children: Total,44,42,33,32,1,9,7,2,2,0,2
S01011988,Families with dependent children: Youngest aged 0 to 4,12,12,8,8,0,4,4,0,0,0,0
S01011988,Families with dependent children: Youngest aged 5 to 11,15,14,11,11,0,3,3,0,1,0,1
S01011988,Families with dependent children: Youngest aged 12 to 18,17,16,14,13,1,2,0,2,1,0,1
S01011989,All families in households,281,230,195,182,13,35,29,6,51,10,41
S01011989,Families with no dependent children,179,158,138,134,4,20,19,1,21,7,14
S01011989,Families with dependent children: Total,102,72,57,48,9,15,10,5,30,3,27
S01011989,Families with dependent children: Youngest aged 0 to 4,26,21,15,15,0,6,5,1,5,0,5
S01011989,Families with dependent children: Youngest aged 5 to 11,45,31,24,18,6,7,5,2,14,0,14
S01011989,Families with dependent children: Youngest aged 12 to 18,31,20,18,15,3,2,0,2,11,3,8
S01011990,All families in households,242,221,204,198,6,17,16,1,21,3,18
S01011990,Families with no dependent children,179,170,160,158,2,10,10,0,9,3,6
S01011990,Families with dependent children: Total,63,51,44,40,4,7,6,1,12,0,12
S01011990,Families with dependent children: Youngest aged 0 to 4,20,16,14,12,2,2,2,0,4,0,4
S01011990,Families with dependent children: Youngest aged 5 to 11,23,21,17,17,0,4,3,1,2,0,2
S01011990,Families with dependent children: Youngest aged 12 to 18,20,14,13,11,2,1,1,0,6,0,6
S01011991,All families in households,213,177,151,141,10,26,21,5,36,9,27
S01011991,Families with no dependent children,130,116,102,99,3,14,12,2,14,5,9
S01011991,Families with dependent children: Total,83,61,49,42,7,12,9,3,22,4,18
S01011991,Families with dependent children: Youngest aged 0 to 4,28,25,16,14,2,9,7,2,3,0,3
S01011991,Families with dependent children: Youngest aged 5 to 11,24,14,12,12,0,2,1,1,10,1,9
S01011991,Families with dependent children: Youngest aged 12 to 18,31,22,21,16,5,1,1,0,9,3,6
S01011992,All families in households,291,256,211,205,6,45,37,8,35,3,32
S01011992,Families with no dependent children,193,180,152,151,1,28,26,2,13,2,11
S01011992,Families with dependent children: Total,98,76,59,54,5,17,11,6,22,1,21
S01011992,Families with dependent children: Youngest aged 0 to 4,37,33,26,23,3,7,5,2,4,0,4
S01011992,Families with dependent children: Youngest aged 5 to 11,21,17,13,12,1,4,2,2,4,0,4
S01011992,Families with dependent children: Youngest aged 12 to 18,40,26,20,19,1,6,4,2,14,1,13
S01011993,All families in households,211,167,101,96,5,66,62,4,44,5,39
S01011993,Families with no dependent children,125,118,71,69,2,47,46,1,7,1,6
S01011993,Families with dependent children: Total,86,49,30,27,3,19,16,3,37,4,33
S01011993,Families with dependent children: Youngest aged 0 to 4,35,23,11,10,1,12,12,0,12,0,12
S01011993,Families with dependent children: Youngest aged 5 to 11,26,13,9,7,2,4,3,1,13,0,13
S01011993,Families with dependent children: Youngest aged 12 to 18,25,13,10,10,0,3,1,2,12,4,8
S01011994,All families in households,247,238,224,221,3,14,12,2,9,4,5
S01011994,Families with no dependent children,209,204,195,193,2,9,8,1,5,2,3
S01011994,Families with dependent children: Total,38,34,29,28,1,5,4,1,4,2,2
S01011994,Families with dependent children: Youngest aged 0 to 4,10,10,9,8,1,1,1,0,0,0,0
S01011994,Families with dependent children: Youngest aged 5 to 11,14,11,7,7,0,4,3,1,3,1,2
S01011994,Families with dependent children: Youngest aged 12 to 18,14,13,13,13,0,0,0,0,1,1,0
S01011995,All families in households,250,241,207,205,2,34,25,9,9,3,6
S01011995,Families with no dependent children,158,154,136,135,1,18,15,3,4,2,2
S01011995,Families with dependent children: Total,92,87,71,70,1,16,10,6,5,1,4
S01011995,Families with dependent children: Youngest aged 0 to 4,32,32,22,22,0,10,8,2,0,0,0
S01011995,Families with dependent children: Youngest aged 5 to 11,31,29,27,26,1,2,1,1,2,1,1
S01011995,Families with dependent children: Youngest aged 12 to 18,29,26,22,22,0,4,1,3,3,0,3
S01011996,All families in households,163,127,110,105,5,17,13,4,36,6,30
S01011996,Families with no dependent children,97,83,72,70,2,11,11,0,14,3,11
S01011996,Families with dependent children: Total,66,44,38,35,3,6,2,4,22,3,19
S01011996,Families with dependent children: Youngest aged 0 to 4,21,16,13,13,0,3,2,1,5,0,5
S01011996,Families with dependent children: Youngest aged 5 to 11,20,13,11,8,3,2,0,2,7,1,6
S01011996,Families with dependent children: Youngest aged 12 to 18,25,15,14,14,0,1,0,1,10,2,8
S01011997,All families in households,274,217,169,160,9,48,41,7,57,2,55
S01011997,Families with no dependent children,167,149,120,116,4,29,29,0,18,2,16
S01011997,Families with dependent children: Total,107,68,49,44,5,19,12,7,39,0,39
S01011997,Families with dependent children: Youngest aged 0 to 4,33,22,13,12,1,9,7,2,11,0,11
S01011997,Families with dependent children: Youngest aged 5 to 11,42,22,18,16,2,4,3,1,20,0,20
S01011997,Families with dependent children: Youngest aged 12 to 18,32,24,18,16,2,6,2,4,8,0,8
S01011998,All families in households,175,168,156,146,10,12,9,3,7,0,7
S01011998,Families with no dependent children,110,109,105,103,2,4,4,0,1,0,1
S01011998,Families with dependent children: Total,65,59,51,43,8,8,5,3,6,0,6
S01011998,Families with dependent children: Youngest aged 0 to 4,24,24,18,16,2,6,4,2,0,0,0
S01011998,Families with dependent children: Youngest aged 5 to 11,30,25,24,21,3,1,1,0,5,0,5
S01011998,Families with dependent children: Youngest aged 12 to 18,11,10,9,6,3,1,0,1,1,0,1
S01011999,All families in households,194,167,133,127,6,34,29,5,27,11,16
S01011999,Families with no dependent children,128,118,94,92,2,24,22,2,10,7,3
S01011999,Families with dependent children: Total,66,49,39,35,4,10,7,3,17,4,13
S01011999,Families with dependent children: Youngest aged 0 to 4,19,17,9,9,0,8,7,1,2,1,1
S01011999,Families with dependent children: Youngest aged 5 to 11,19,15,14,11,3,1,0,1,4,2,2
S01011999,Families with dependent children: Youngest aged 12 to 18,28,17,16,15,1,1,0,1,11,1,10
S01012000,All families in households,154,141,113,112,1,28,28,0,13,1,12
S01012000,Families with no dependent children,103,97,80,80,0,17,17,0,6,1,5
S01012000,Families with dependent children: Total,51,44,33,32,1,11,11,0,7,0,7
S01012000,Families with dependent children: Youngest aged 0 to 4,22,21,13,13,0,8,8,0,1,0,1
S01012000,Families with dependent children: Youngest aged 5 to 11,14,10,9,9,0,1,1,0,4,0,4
S01012000,Families with dependent children: Youngest aged 12 to 18,15,13,11,10,1,2,2,0,2,0,2
S01012001,All families in households,190,171,137,133,4,34,29,5,19,2,17
S01012001,Families with no dependent children,121,110,92,90,2,18,17,1,11,2,9
S01012001,Families with dependent children: Total,69,61,45,43,2,16,12,4,8,0,8
S01012001,Families with dependent children: Youngest aged 0 to 4,29,25,14,14,0,11,10,1,4,0,4
S01012001,Families with dependent children: Youngest aged 5 to 11,25,23,19,19,0,4,2,2,2,0,2
S01012001,Families with dependent children: Youngest aged 12 to 18,15,13,12,10,2,1,0,1,2,0,2
S01012002,All families in households,173,154,140,128,12,14,12,2,19,1,18
S01012002,Families with no dependent children,116,111,103,96,7,8,8,0,5,1,4
S01012002,Families with dependent children: Total,57,43,37,32,5,6,4,2,14,0,14
S01012002,Families with dependent children: Youngest aged 0 to 4,18,13,8,8,0,5,3,2,5,0,5
S01012002,Families with dependent children: Youngest aged 5 to 11,17,15,15,13,2,0,0,0,2,0,2
S01012002,Families with dependent children: Youngest aged 12 to 18,22,15,14,11,3,1,1,0,7,0,7
S01012003,All families in households,162,135,105,99,6,30,26,4,27,6,21
S01012003,Families with no dependent children,113,99,79,76,3,20,19,1,14,4,10
S01012003,Families with dependent children: Total,49,36,26,23,3,10,7,3,13,2,11
S01012003,Families with dependent children: Youngest aged 0 to 4,16,13,9,9,0,4,3,1,3,1,2
S01012003,Families with dependent children: Youngest aged 5 to 11,18,13,10,8,2,3,2,1,5,0,5
S01012003,Families with dependent children: Youngest aged 12 to 18,15,10,7,6,1,3,2,1,5,1,4
S01012004,All families in households,261,238,192,188,4,46,41,5,23,5,18
S01012004,Families with no dependent children,170,163,132,131,1,31,30,1,7,3,4
S01012004,Families with dependent children: Total,91,75,60,57,3,15,11,4,16,2,14
S01012004,Families with dependent children: Youngest aged 0 to 4,22,21,11,10,1,10,8,2,1,0,1
S01012004,Families with dependent children: Youngest aged 5 to 11,32,25,22,21,1,3,2,1,7,0,7
S01012004,Families with dependent children: Youngest aged 12 to 18,37,29,27,26,1,2,1,1,8,2,6
S01012005,All families in households,266,239,210,202,8,29,22,7,27,2,25
S01012005,Families with no dependent children,141,135,118,114,4,17,16,1,6,2,4
S01012005,Families with dependent children: Total,125,104,92,88,4,12,6,6,21,0,21
S01012005,Families with dependent children: Youngest aged 0 to 4,34,29,24,24,0,5,2,3,5,0,5
S01012005,Families with dependent children: Youngest aged 5 to 11,49,39,34,32,2,5,3,2,10,0,10
S01012005,Families with dependent children: Youngest aged 12 to 18,42,36,34,32,2,2,1,1,6,0,6
S01012006,All families in households,198,184,156,153,3,28,24,4,14,3,11
S01012006,Families with no dependent children,132,124,105,104,1,19,19,0,8,2,6
S01012006,Families with dependent children: Total,66,60,51,49,2,9,5,4,6,1,5
S01012006,Families with dependent children: Youngest aged 0 to 4,16,15,13,12,1,2,2,0,1,0,1
S01012006,Families with dependent children: Youngest aged 5 to 11,22,22,18,17,1,4,2,2,0,0,0
S01012006,Families with dependent children: Youngest aged 12 to 18,28,23,20,20,0,3,1,2,5,1,4
S01012007,All families in households,244,215,180,177,3,35,32,3,29,7,22
S01012007,Families with no dependent children,176,158,135,135,0,23,21,2,18,6,12
S01012007,Families with dependent children: Total,68,57,45,42,3,12,11,1,11,1,10
S01012007,Families with dependent children: Youngest aged 0 to 4,27,25,20,19,1,5,5,0,2,1,1
S01012007,Families with dependent children: Youngest aged 5 to 11,20,18,13,12,1,5,5,0,2,0,2
S01012007,Families with dependent children: Youngest aged 12 to 18,21,14,12,11,1,2,1,1,7,0,7
S01012008,All families in households,279,231,185,180,5,46,38,8,48,7,41
S01012008,Families with no dependent children,177,160,132,130,2,28,27,1,17,4,13
S01012008,Families with dependent children: Total,102,71,53,50,3,18,11,7,31,3,28
S01012008,Families with dependent children: Youngest aged 0 to 4,32,25,17,17,0,8,7,1,7,0,7
S01012008,Families with dependent children: Youngest aged 5 to 11,34,25,21,21,0,4,3,1,9,0,9
S01012008,Families with dependent children: Youngest aged 12 to 18,36,21,15,12,3,6,1,5,15,3,12
S01012009,All families in households,201,170,133,127,6,37,34,3,31,6,25
S01012009,Families with no dependent children,129,118,94,91,3,24,23,1,11,2,9
S01012009,Families with dependent children: Total,72,52,39,36,3,13,11,2,20,4,16
S01012009,Families with dependent children: Youngest aged 0 to 4,23,17,11,11,0,6,6,0,6,0,6
S01012009,Families with dependent children: Youngest aged 5 to 11,26,19,14,13,1,5,4,1,7,1,6
S01012009,Families with dependent children: Youngest aged 12 to 18,23,16,14,12,2,2,1,1,7,3,4
S01012010,All families in households,335,294,243,240,3,51,47,4,41,10,31
S01012010,Families with no dependent children,242,217,184,182,2,33,32,1,25,7,18
S01012010,Families with dependent children: Total,93,77,59,58,1,18,15,3,16,3,13
S01012010,Families with dependent children: Youngest aged 0 to 4,41,37,21,20,1,16,13,3,4,0,4
S01012010,Families with dependent children: Youngest aged 5 to 11,27,22,21,21,0,1,1,0,5,0,5
S01012010,Families with dependent children: Youngest aged 12 to 18,25,18,17,17,0,1,1,0,7,3,4
S01012011,All families in households,309,250,198,191,7,52,45,7,59,5,54
S01012011,Families with no dependent children,195,183,146,143,3,37,35,2,12,3,9
S01012011,Families with dependent children: Total,114,67,52,48,4,15,10,5,47,2,45
S01012011,Families with dependent children: Youngest aged 0 to 4,25,18,12,11,1,6,5,1,7,0,7
S01012011,Families with dependent children: Youngest aged 5 to 11,44,24,18,18,0,6,3,3,20,0,20
S01012011,Families with dependent children: Youngest aged 12 to 18,45,25,22,19,3,3,2,1,20,2,18
S01012012,All families in households,206,194,169,166,3,25,23,2,12,0,12
S01012012,Families with no dependent children,164,159,142,139,3,17,16,1,5,0,5
S01012012,Families with dependent children: Total,42,35,27,27,0,8,7,1,7,0,7
S01012012,Families with dependent children: Youngest aged 0 to 4,14,13,7,7,0,6,6,0,1,0,1
S01012012,Families with dependent children: Youngest aged 5 to 11,12,10,9,9,0,1,1,0,2,0,2
S01012012,Families with dependent children: Youngest aged 12 to 18,16,12,11,11,0,1,0,1,4,0,4
S01012013,All families in households,239,215,185,182,3,30,27,3,24,4,20
S01012013,Families with no dependent children,180,171,147,147,0,24,23,1,9,4,5
S01012013,Families with dependent children: Total,59,44,38,35,3,6,4,2,15,0,15
S01012013,Families with dependent children: Youngest aged 0 to 4,21,18,13,12,1,5,3,2,3,0,3
S01012013,Families with dependent children: Youngest aged 5 to 11,24,15,15,13,2,0,0,0,9,0,9
S01012013,Families with dependent children: Youngest aged 12 to 18,14,11,10,10,0,1,1,0,3,0,3
S01012014,All families in households,219,184,136,129,7,48,42,6,35,8,27
S01012014,Families with no dependent children,139,127,97,94,3,30,29,1,12,5,7
S01012014,Families with dependent children: Total,80,57,39,35,4,18,13,5,23,3,20
S01012014,Families with dependent children: Youngest aged 0 to 4,24,18,11,9,2,7,6,1,6,0,6
S01012014,Families with dependent children: Youngest aged 5 to 11,31,26,18,17,1,8,6,2,5,1,4
S01012014,Families with dependent children: Youngest aged 12 to 18,25,13,10,9,1,3,1,2,12,2,10
S01012015,All families in households,289,248,195,188,7,53,41,12,41,6,35
S01012015,Families with no dependent children,174,169,137,135,2,32,31,1,5,2,3
S01012015,Families with dependent children: Total,115,79,58,53,5,21,10,11,36,4,32
S01012015,Families with dependent children: Youngest aged 0 to 4,31,29,19,18,1,10,5,5,2,0,2
S01012015,Families with dependent children: Youngest aged 5 to 11,47,30,24,22,2,6,4,2,17,2,15
S01012015,Families with dependent children: Youngest aged 12 to 18,37,20,15,13,2,5,1,4,17,2,15
S01012016,All families in households,254,232,199,195,4,33,30,3,22,3,19
S01012016,Families with no dependent children,184,173,153,151,2,20,20,0,11,3,8
S01012016,Families with dependent children: Total,70,59,46,44,2,13,10,3,11,0,11
S01012016,Families with dependent children: Youngest aged 0 to 4,25,21,13,13,0,8,7,1,4,0,4
S01012016,Families with dependent children: Youngest aged 5 to 11,25,23,20,20,0,3,1,2,2,0,2
S01012016,Families with dependent children: Youngest aged 12 to 18,20,15,13,11,2,2,2,0,5,0,5
S01012017,All families in households,157,151,127,122,5,24,21,3,6,1,5
S01012017,Families with no dependent children,121,117,101,99,2,16,16,0,4,1,3
S01012017,Families with dependent children: Total,36,34,26,23,3,8,5,3,2,0,2
S01012017,Families with dependent children: Youngest aged 0 to 4,14,14,11,11,0,3,2,1,0,0,0
S01012017,Families with dependent children: Youngest aged 5 to 11,15,15,12,9,3,3,2,1,0,0,0
S01012017,Families with dependent children: Youngest aged 12 to 18,7,5,3,3,0,2,1,1,2,0,2
S01012018,All families in households,270,236,208,198,10,28,21,7,34,7,27
S01012018,Families with no dependent children,174,163,148,145,3,15,14,1,11,4,7
S01012018,Families with dependent children: Total,96,73,60,53,7,13,7,6,23,3,20
S01012018,Families with dependent children: Youngest aged 0 to 4,30,26,19,16,3,7,5,2,4,0,4
S01012018,Families with dependent children: Youngest aged 5 to 11,28,23,19,17,2,4,2,2,5,1,4
S01012018,Families with dependent children: Youngest aged 12 to 18,38,24,22,20,2,2,0,2,14,2,12
S01012019,All families in households,242,214,181,171,10,33,28,5,28,3,25
S01012019,Families with no dependent children,128,115,98,92,6,17,16,1,13,2,11
S01012019,Families with dependent children: Total,114,99,83,79,4,16,12,4,15,1,14
S01012019,Families with dependent children: Youngest aged 0 to 4,48,47,38,36,2,9,7,2,1,0,1
S01012019,Families with dependent children: Youngest aged 5 to 11,36,28,22,22,0,6,5,1,8,0,8
S01012019,Families with dependent children: Youngest aged 12 to 18,30,24,23,21,2,1,0,1,6,1,5
S01012020,All families in households,183,158,131,124,7,27,23,4,25,6,19
S01012020,Families with no dependent children,107,99,81,78,3,18,17,1,8,4,4
S01012020,Families with dependent children: Total,76,59,50,46,4,9,6,3,17,2,15
S01012020,Families with dependent children: Youngest aged 0 to 4,24,19,14,14,0,5,3,2,5,0,5
S01012020,Families with dependent children: Youngest aged 5 to 11,26,19,16,16,0,3,3,0,7,1,6
S01012020,Families with dependent children: Youngest aged 12 to 18,26,21,20,16,4,1,0,1,5,1,4
S01012021,All families in households,168,149,127,121,6,22,21,1,19,3,16
S01012021,Families with no dependent children,102,96,83,81,2,13,13,0,6,1,5
S01012021,Families with dependent children: Total,66,53,44,40,4,9,8,1,13,2,11
S01012021,Families with dependent children: Youngest aged 0 to 4,18,14,10,9,1,4,3,1,4,0,4
S01012021,Families with dependent children: Youngest aged 5 to 11,20,16,14,13,1,2,2,0,4,2,2
S01012021,Families with dependent children: Youngest aged 12 to 18,28,23,20,18,2,3,3,0,5,0,5
S01012022,All families in households,214,169,142,135,7,27,23,4,45,6,39
S01012022,Families with no dependent children,122,108,93,92,1,15,14,1,14,5,9
S01012022,Families with dependent children: Total,92,61,49,43,6,12,9,3,31,1,30
S01012022,Families with dependent children: Youngest aged 0 to 4,30,22,16,14,2,6,5,1,8,0,8
S01012022,Families with dependent children: Youngest aged 5 to 11,39,27,22,19,3,5,4,1,12,0,12
S01012022,Families with dependent children: Youngest aged 12 to 18,23,12,11,10,1,1,0,1,11,1,10
S01012023,All families in households,161,148,120,117,3,28,26,2,13,4,9
S01012023,Families with no dependent children,103,95,76,75,1,19,18,1,8,2,6
S01012023,Families with dependent children: Total,58,53,44,42,2,9,8,1,5,2,3
S01012023,Families with dependent children: Youngest aged 0 to 4,21,20,15,15,0,5,5,0,1,1,0
S01012023,Families with dependent children: Youngest aged 5 to 11,21,19,17,15,2,2,2,0,2,0,2
S01012023,Families with dependent children: Youngest aged 12 to 18,16,14,12,12,0,2,1,1,2,1,1
S01012024,All families in households,274,240,213,204,9,27,23,4,34,4,30
S01012024,Families with no dependent children,152,141,125,123,2,16,16,0,11,2,9
S01012024,Families with dependent children: Total,122,99,88,81,7,11,7,4,23,2,21
S01012024,Families with dependent children: Youngest aged 0 to 4,41,37,34,32,2,3,2,1,4,1,3
S01012024,Families with dependent children: Youngest aged 5 to 11,56,40,34,33,1,6,3,3,16,0,16
S01012024,Families with dependent children: Youngest aged 12 to 18,25,22,20,16,4,2,2,0,3,1,2
S01012025,All families in households,215,183,163,160,3,20,18,2,32,8,24
S01012025,Families with no dependent children,130,117,106,103,3,11,10,1,13,4,9
S01012025,Families with dependent children: Total,85,66,57,57,0,9,8,1,19,4,15
S01012025,Families with dependent children: Youngest aged 0 to 4,28,19,14,14,0,5,4,1,9,1,8
S01012025,Families with dependent children: Youngest aged 5 to 11,31,29,28,28,0,1,1,0,2,0,2
S01012025,Families with dependent children: Youngest aged 12 to 18,26,18,15,15,0,3,3,0,8,3,5
S01012026,All families in households,185,167,150,139,11,17,12,5,18,1,17
S01012026,Families with no dependent children,62,59,52,50,2,7,7,0,3,0,3
S01012026,Families with dependent children: Total,123,108,98,89,9,10,5,5,15,1,14
S01012026,Families with dependent children: Youngest aged 0 to 4,53,44,39,37,2,5,4,1,9,1,8
S01012026,Families with dependent children: Youngest aged 5 to 11,38,34,32,30,2,2,0,2,4,0,4
S01012026,Families with dependent children: Youngest aged 12 to 18,32,30,27,22,5,3,1,2,2,0,2
S01012027,All families in households,255,230,197,189,8,33,28,5,25,6,19
S01012027,Families with no dependent children,144,131,112,107,5,19,17,2,13,4,9
S01012027,Families with dependent children: Total,111,99,85,82,3,14,11,3,12,2,10
S01012027,Families with dependent children: Youngest aged 0 to 4,57,52,42,40,2,10,9,1,5,0,5
S01012027,Families with dependent children: Youngest aged 5 to 11,37,30,26,26,0,4,2,2,7,2,5
S01012027,Families with dependent children: Youngest aged 12 to 18,17,17,17,16,1,0,0,0,0,0,0
S01012028,All families in households,301,279,255,249,6,24,20,4,22,5,17
S01012028,Families with no dependent children,193,183,169,168,1,14,13,1,10,3,7
S01012028,Families with dependent children: Total,108,96,86,81,5,10,7,3,12,2,10
S01012028,Families with dependent children: Youngest aged 0 to 4,31,30,26,26,0,4,4,0,1,0,1
S01012028,Families with dependent children: Youngest aged 5 to 11,33,28,24,22,2,4,3,1,5,0,5
S01012028,Families with dependent children: Youngest aged 12 to 18,44,38,36,33,3,2,0,2,6,2,4
S01012029,All families in households,282,242,202,191,11,40,34,6,40,6,34
S01012029,Families with no dependent children,175,152,128,124,4,24,23,1,23,4,19
S01012029,Families with dependent children: Total,107,90,74,67,7,16,11,5,17,2,15
S01012029,Families with dependent children: Youngest aged 0 to 4,36,28,21,20,1,7,6,1,8,1,7
S01012029,Families with dependent children: Youngest aged 5 to 11,33,30,24,21,3,6,3,3,3,1,2
S01012029,Families with dependent children: Youngest aged 12 to 18,38,32,29,26,3,3,2,1,6,0,6
S01012030,All families in households,191,167,142,132,10,25,19,6,24,4,20
S01012030,Families with no dependent children,109,97,86,81,5,11,8,3,12,3,9
S01012030,Families with dependent children: Total,82,70,56,51,5,14,11,3,12,1,11
S01012030,Families with dependent children: Youngest aged 0 to 4,28,25,13,13,0,12,9,3,3,0,3
S01012030,Families with dependent children: Youngest aged 5 to 11,26,24,22,19,3,2,2,0,2,0,2
S01012030,Families with dependent children: Youngest aged 12 to 18,28,21,21,19,2,0,0,0,7,1,6
S01012031,All families in households,186,175,156,155,1,19,16,3,11,1,10
S01012031,Families with no dependent children,127,123,116,115,1,7,7,0,4,0,4
S01012031,Families with dependent children: Total,59,52,40,40,0,12,9,3,7,1,6
S01012031,Families with dependent children: Youngest aged 0 to 4,25,20,15,15,0,5,5,0,5,1,4
S01012031,Families with dependent children: Youngest aged 5 to 11,17,16,13,13,0,3,1,2,1,0,1
S01012031,Families with dependent children: Youngest aged 12 to 18,17,16,12,12,0,4,3,1,1,0,1
S01012032,All families in households,104,93,84,81,3,9,8,1,11,2,9
S01012032,Families with no dependent children,69,63,57,56,1,6,6,0,6,2,4
S01012032,Families with dependent children: Total,35,30,27,25,2,3,2,1,5,0,5
S01012032,Families with dependent children: Youngest aged 0 to 4,10,8,6,6,0,2,1,1,2,0,2
S01012032,Families with dependent children: Youngest aged 5 to 11,13,11,10,9,1,1,1,0,2,0,2
S01012032,Families with dependent children: Youngest aged 12 to 18,12,11,11,10,1,0,0,0,1,0,1
S01012033,All families in households,238,203,169,165,4,34,31,3,35,6,29
S01012033,Families with no dependent children,170,150,128,128,0,22,21,1,20,4,16
S01012033,Families with dependent children: Total,68,53,41,37,4,12,10,2,15,2,13
S01012033,Families with dependent children: Youngest aged 0 to 4,24,17,12,11,1,5,4,1,7,1,6
S01012033,Families with dependent children: Youngest aged 5 to 11,23,18,13,11,2,5,5,0,5,0,5
S01012033,Families with dependent children: Youngest aged 12 to 18,21,18,16,15,1,2,1,1,3,1,2
S01012034,All families in households,232,185,148,139,9,37,35,2,47,8,39
S01012034,Families with no dependent children,132,117,91,87,4,26,25,1,15,6,9
S01012034,Families with dependent children: Total,100,68,57,52,5,11,10,1,32,2,30
S01012034,Families with dependent children: Youngest aged 0 to 4,49,35,31,28,3,4,4,0,14,0,14
S01012034,Families with dependent children: Youngest aged 5 to 11,31,15,11,11,0,4,3,1,16,2,14
S01012034,Families with dependent children: Youngest aged 12 to 18,20,18,15,13,2,3,3,0,2,0,2
S01012035,All families in households,276,236,198,191,7,38,28,10,40,6,34
S01012035,Families with no dependent children,176,161,140,139,1,21,16,5,15,3,12
S01012035,Families with dependent children: Total,100,75,58,52,6,17,12,5,25,3,22
S01012035,Families with dependent children: Youngest aged 0 to 4,33,28,22,21,1,6,6,0,5,0,5
S01012035,Families with dependent children: Youngest aged 5 to 11,34,26,21,19,2,5,4,1,8,0,8
S01012035,Families with dependent children: Youngest aged 12 to 18,33,21,15,12,3,6,2,4,12,3,9
S01012036,All families in households,255,225,210,205,5,15,15,0,30,5,25
S01012036,Families with no dependent children,169,156,147,145,2,9,9,0,13,2,11
S01012036,Families with dependent children: Total,86,69,63,60,3,6,6,0,17,3,14
S01012036,Families with dependent children: Youngest aged 0 to 4,21,18,16,16,0,2,2,0,3,1,2
S01012036,Families with dependent children: Youngest aged 5 to 11,26,20,16,16,0,4,4,0,6,1,5
S01012036,Families with dependent children: Youngest aged 12 to 18,39,31,31,28,3,0,0,0,8,1,7
S01012037,All families in households,286,196,158,148,10,38,31,7,90,10,80
S01012037,Families with no dependent children,135,117,102,99,3,15,13,2,18,5,13
S01012037,Families with dependent children: Total,151,79,56,49,7,23,18,5,72,5,67
S01012037,Families with dependent children: Youngest aged 0 to 4,62,33,21,17,4,12,9,3,29,1,28
S01012037,Families with dependent children: Youngest aged 5 to 11,55,25,18,17,1,7,6,1,30,3,27
S01012037,Families with dependent children: Youngest aged 12 to 18,34,21,17,15,2,4,3,1,13,1,12
S01012038,All families in households,254,118,77,73,4,41,29,12,136,9,127
S01012038,Families with no dependent children,88,63,51,48,3,12,8,4,25,2,23
S01012038,Families with dependent children: Total,166,55,26,25,1,29,21,8,111,7,104
S01012038,Families with dependent children: Youngest aged 0 to 4,80,21,10,9,1,11,7,4,59,2,57
S01012038,Families with dependent children: Youngest aged 5 to 11,50,21,7,7,0,14,12,2,29,1,28
S01012038,Families with dependent children: Youngest aged 12 to 18,36,13,9,9,0,4,2,2,23,4,19
S01012039,All families in households,288,214,175,165,10,39,32,7,74,4,70
S01012039,Families with no dependent children,174,142,129,126,3,13,12,1,32,2,30
S01012039,Families with dependent children: Total,114,72,46,39,7,26,20,6,42,2,40
S01012039,Families with dependent children: Youngest aged 0 to 4,41,32,20,17,3,12,10,2,9,0,9
S01012039,Families with dependent children: Youngest aged 5 to 11,36,21,10,8,2,11,9,2,15,2,13
S01012039,Families with dependent children: Youngest aged 12 to 18,37,19,16,14,2,3,1,2,18,0,18
S01012040,All families in households,203,167,149,142,7,18,14,4,36,4,32
S01012040,Families with no dependent children,116,103,91,90,1,12,10,2,13,4,9
S01012040,Families with dependent children: Total,87,64,58,52,6,6,4,2,23,0,23
S01012040,Families with dependent children: Youngest aged 0 to 4,25,17,15,14,1,2,2,0,8,0,8
S01012040,Families with dependent children: Youngest aged 5 to 11,25,18,18,14,4,0,0,0,7,0,7
S01012040,Families with dependent children: Youngest aged 12 to 18,37,29,25,24,1,4,2,2,8,0,8
S01012041,All families in households,274,205,167,151,16,38,31,7,69,12,57
S01012041,Families with no dependent children,149,124,111,104,7,13,12,1,25,7,18
S01012041,Families with dependent children: Total,125,81,56,47,9,25,19,6,44,5,39
S01012041,Families with dependent children: Youngest aged 0 to 4,38,27,15,11,4,12,11,1,11,0,11
S01012041,Families with dependent children: Youngest aged 5 to 11,52,34,21,17,4,13,8,5,18,2,16
S01012041,Families with dependent children: Youngest aged 12 to 18,35,20,20,19,1,0,0,0,15,3,12
S01012042,All families in households,264,194,163,152,11,31,22,9,70,6,64
S01012042,Families with no dependent children,158,133,115,110,5,18,15,3,25,5,20
S01012042,Families with dependent children: Total,106,61,48,42,6,13,7,6,45,1,44
S01012042,Families with dependent children: Youngest aged 0 to 4,35,18,10,9,1,8,4,4,17,0,17
S01012042,Families with dependent children: Youngest aged 5 to 11,37,24,20,18,2,4,2,2,13,1,12
S01012042,Families with dependent children: Youngest aged 12 to 18,34,19,18,15,3,1,1,0,15,0,15
S01012043,All families in households,271,171,129,119,10,42,39,3,100,10,90
S01012043,Families with no dependent children,130,101,85,80,5,16,16,0,29,6,23
S01012043,Families with dependent children: Total,141,70,44,39,5,26,23,3,71,4,67
S01012043,Families with dependent children: Youngest aged 0 to 4,55,33,15,15,0,18,16,2,22,0,22
S01012043,Families with dependent children: Youngest aged 5 to 11,52,21,15,12,3,6,5,1,31,0,31
S01012043,Families with dependent children: Youngest aged 12 to 18,34,16,14,12,2,2,2,0,18,4,14
S01012044,All families in households,236,168,130,122,8,38,32,6,68,5,63
S01012044,Families with no dependent children,144,120,94,89,5,26,25,1,24,3,21
S01012044,Families with dependent children: Total,92,48,36,33,3,12,7,5,44,2,42
S01012044,Families with dependent children: Youngest aged 0 to 4,31,20,11,11,0,9,5,4,11,0,11
S01012044,Families with dependent children: Youngest aged 5 to 11,32,14,11,8,3,3,2,1,18,1,17
S01012044,Families with dependent children: Youngest aged 12 to 18,29,14,14,14,0,0,0,0,15,1,14
S01012045,All families in households,264,204,137,129,8,67,60,7,60,12,48
S01012045,Families with no dependent children,150,136,92,90,2,44,43,1,14,5,9
S01012045,Families with dependent children: Total,114,68,45,39,6,23,17,6,46,7,39
S01012045,Families with dependent children: Youngest aged 0 to 4,45,31,19,15,4,12,12,0,14,1,13
S01012045,Families with dependent children: Youngest aged 5 to 11,36,18,12,10,2,6,4,2,18,2,16
S01012045,Families with dependent children: Youngest aged 12 to 18,33,19,14,14,0,5,1,4,14,4,10
S01012046,All families in households,183,106,80,78,2,26,22,4,77,3,74
S01012046,Families with no dependent children,97,71,62,61,1,9,8,1,26,2,24
S01012046,Families with dependent children: Total,86,35,18,17,1,17,14,3,51,1,50
S01012046,Families with dependent children: Youngest aged 0 to 4,38,13,4,4,0,9,8,1,25,0,25
S01012046,Families with dependent children: Youngest aged 5 to 11,25,11,7,7,0,4,2,2,14,1,13
S01012046,Families with dependent children: Youngest aged 12 to 18,23,11,7,6,1,4,4,0,12,0,12
S01012047,All families in households,247,155,120,116,4,35,31,4,92,12,80
S01012047,Families with no dependent children,146,103,87,85,2,16,16,0,43,10,33
S01012047,Families with dependent children: Total,101,52,33,31,2,19,15,4,49,2,47
S01012047,Families with dependent children: Youngest aged 0 to 4,45,24,11,11,0,13,12,1,21,1,20
S01012047,Families with dependent children: Youngest aged 5 to 11,30,16,10,8,2,6,3,3,14,0,14
S01012047,Families with dependent children: Youngest aged 12 to 18,26,12,12,12,0,0,0,0,14,1,13
S01012048,All families in households,178,116,82,80,2,34,26,8,62,7,55
S01012048,Families with no dependent children,88,76,58,57,1,18,18,0,12,3,9
S01012048,Families with dependent children: Total,90,40,24,23,1,16,8,8,50,4,46
S01012048,Families with dependent children: Youngest aged 0 to 4,40,22,14,13,1,8,5,3,18,0,18
S01012048,Families with dependent children: Youngest aged 5 to 11,35,12,6,6,0,6,3,3,23,2,21
S01012048,Families with dependent children: Youngest aged 12 to 18,15,6,4,4,0,2,0,2,9,2,7
S01012049,All families in households,188,146,107,104,3,39,34,5,42,7,35
S01012049,Families with no dependent children,121,102,78,76,2,24,23,1,19,5,14
S01012049,Families with dependent children: Total,67,44,29,28,1,15,11,4,23,2,21
S01012049,Families with dependent children: Youngest aged 0 to 4,30,22,12,12,0,10,8,2,8,0,8
S01012049,Families with dependent children: Youngest aged 5 to 11,22,14,11,11,0,3,3,0,8,0,8
S01012049,Families with dependent children: Youngest aged 12 to 18,15,8,6,5,1,2,0,2,7,2,5
S01012050,All families in households,308,238,199,191,8,39,34,5,70,10,60
S01012050,Families with no dependent children,152,127,105,102,3,22,20,2,25,2,23
S01012050,Families with dependent children: Total,156,111,94,89,5,17,14,3,45,8,37
S01012050,Families with dependent children: Youngest aged 0 to 4,58,42,34,31,3,8,7,1,16,3,13
S01012050,Families with dependent children: Youngest aged 5 to 11,51,37,32,31,1,5,5,0,14,2,12
S01012050,Families with dependent children: Youngest aged 12 to 18,47,32,28,27,1,4,2,2,15,3,12
S01012051,All families in households,133,107,96,94,2,11,6,5,26,1,25
S01012051,Families with no dependent children,80,70,67,66,1,3,3,0,10,0,10
S01012051,Families with dependent children: Total,53,37,29,28,1,8,3,5,16,1,15
S01012051,Families with dependent children: Youngest aged 0 to 4,19,12,9,9,0,3,2,1,7,1,6
S01012051,Families with dependent children: Youngest aged 5 to 11,14,9,7,6,1,2,1,1,5,0,5
S01012051,Families with dependent children: Youngest aged 12 to 18,20,16,13,13,0,3,0,3,4,0,4
S01012052,All families in households,224,178,155,149,6,23,21,2,46,5,41
S01012052,Families with no dependent children,141,120,106,102,4,14,14,0,21,5,16
S01012052,Families with dependent children: Total,83,58,49,47,2,9,7,2,25,0,25
S01012052,Families with dependent children: Youngest aged 0 to 4,36,24,19,19,0,5,4,1,12,0,12
S01012052,Families with dependent children: Youngest aged 5 to 11,21,16,13,13,0,3,2,1,5,0,5
S01012052,Families with dependent children: Youngest aged 12 to 18,26,18,17,15,2,1,1,0,8,0,8
S01012053,All families in households,257,175,139,133,6,36,26,10,82,13,69
S01012053,Families with no dependent children,144,119,103,101,2,16,15,1,25,6,19
S01012053,Families with dependent children: Total,113,56,36,32,4,20,11,9,57,7,50
S01012053,Families with dependent children: Youngest aged 0 to 4,37,20,9,9,0,11,8,3,17,0,17
S01012053,Families with dependent children: Youngest aged 5 to 11,47,21,15,12,3,6,3,3,26,6,20
S01012053,Families with dependent children: Youngest aged 12 to 18,29,15,12,11,1,3,0,3,14,1,13
S01012054,All families in households,219,119,71,66,5,48,45,3,100,14,86
S01012054,Families with no dependent children,97,71,43,42,1,28,26,2,26,8,18
S01012054,Families with dependent children: Total,122,48,28,24,4,20,19,1,74,6,68
S01012054,Families with dependent children: Youngest aged 0 to 4,61,23,11,10,1,12,12,0,38,1,37
S01012054,Families with dependent children: Youngest aged 5 to 11,35,15,10,7,3,5,4,1,20,2,18
S01012054,Families with dependent children: Youngest aged 12 to 18,26,10,7,7,0,3,3,0,16,3,13
S01012055,All families in households,253,165,126,118,8,39,38,1,88,6,82
S01012055,Families with no dependent children,145,118,94,90,4,24,24,0,27,2,25
S01012055,Families with dependent children: Total,108,47,32,28,4,15,14,1,61,4,57
S01012055,Families with dependent children: Youngest aged 0 to 4,37,17,10,8,2,7,6,1,20,2,18
S01012055,Families with dependent children: Youngest aged 5 to 11,47,20,14,13,1,6,6,0,27,0,27
S01012055,Families with dependent children: Youngest aged 12 to 18,24,10,8,7,1,2,2,0,14,2,12
S01012056,All families in households,230,200,176,172,4,24,21,3,30,7,23
S01012056,Families with no dependent children,150,141,124,123,1,17,15,2,9,4,5
S01012056,Families with dependent children: Total,80,59,52,49,3,7,6,1,21,3,18
S01012056,Families with dependent children: Youngest aged 0 to 4,21,14,11,11,0,3,2,1,7,1,6
S01012056,Families with dependent children: Youngest aged 5 to 11,23,17,14,13,1,3,3,0,6,0,6
S01012056,Families with dependent children: Youngest aged 12 to 18,36,28,27,25,2,1,1,0,8,2,6
S01012057,All families in households,235,213,194,188,6,19,17,2,22,2,20
S01012057,Families with no dependent children,152,145,131,128,3,14,13,1,7,2,5
S01012057,Families with dependent children: Total,83,68,63,60,3,5,4,1,15,0,15
S01012057,Families with dependent children: Youngest aged 0 to 4,22,21,18,18,0,3,2,1,1,0,1
S01012057,Families with dependent children: Youngest aged 5 to 11,24,18,16,16,0,2,2,0,6,0,6
S01012057,Families with dependent children: Youngest aged 12 to 18,37,29,29,26,3,0,0,0,8,0,8
S01012058,All families in households,223,187,171,167,4,16,12,4,36,5,31
S01012058,Families with no dependent children,149,130,120,118,2,10,9,1,19,2,17
S01012058,Families with dependent children: Total,74,57,51,49,2,6,3,3,17,3,14
S01012058,Families with dependent children: Youngest aged 0 to 4,12,10,8,8,0,2,2,0,2,0,2
S01012058,Families with dependent children: Youngest aged 5 to 11,31,25,23,21,2,2,0,2,6,2,4
S01012058,Families with dependent children: Youngest aged 12 to 18,31,22,20,20,0,2,1,1,9,1,8
S01012059,All families in households,250,169,134,128,6,35,30,5,81,7,74
S01012059,Families with no dependent children,152,119,101,98,3,18,17,1,33,4,29
S01012059,Families with dependent children: Total,98,50,33,30,3,17,13,4,48,3,45
S01012059,Families with dependent children: Youngest aged 0 to 4,39,23,13,11,2,10,8,2,16,0,16
S01012059,Families with dependent children: Youngest aged 5 to 11,28,11,8,7,1,3,3,0,17,1,16
S01012059,Families with dependent children: Youngest aged 12 to 18,31,16,12,12,0,4,2,2,15,2,13
S01012060,All families in households,251,178,147,136,11,31,25,6,73,9,64
S01012060,Families with no dependent children,149,118,96,93,3,22,20,2,31,5,26
S01012060,Families with dependent children: Total,102,60,51,43,8,9,5,4,42,4,38
S01012060,Families with dependent children: Youngest aged 0 to 4,38,21,16,15,1,5,5,0,17,1,16
S01012060,Families with dependent children: Youngest aged 5 to 11,34,24,23,18,5,1,0,1,10,2,8
S01012060,Families with dependent children: Youngest aged 12 to 18,30,15,12,10,2,3,0,3,15,1,14
S01012061,All families in households,292,250,213,206,7,37,32,5,42,5,37
S01012061,Families with no dependent children,186,173,149,147,2,24,22,2,13,4,9
S01012061,Families with dependent children: Total,106,77,64,59,5,13,10,3,29,1,28
S01012061,Families with dependent children: Youngest aged 0 to 4,43,28,21,21,0,7,6,1,15,0,15
S01012061,Families with dependent children: Youngest aged 5 to 11,31,23,21,21,0,2,2,0,8,1,7
S01012061,Families with dependent children: Youngest aged 12 to 18,32,26,22,17,5,4,2,2,6,0,6
S01012062,All families in households,255,221,192,185,7,29,25,4,34,5,29
S01012062,Families with no dependent children,142,130,113,112,1,17,16,1,12,2,10
S01012062,Families with dependent children: Total,113,91,79,73,6,12,9,3,22,3,19
S01012062,Families with dependent children: Youngest aged 0 to 4,41,35,25,25,0,10,8,2,6,1,5
S01012062,Families with dependent children: Youngest aged 5 to 11,32,25,24,21,3,1,1,0,7,1,6
S01012062,Families with dependent children: Youngest aged 12 to 18,40,31,30,27,3,1,0,1,9,1,8
S01012063,All families in households,152,120,89,86,3,31,26,5,32,3,29
S01012063,Families with no dependent children,67,60,48,48,0,12,12,0,7,1,6
S01012063,Families with dependent children: Total,85,60,41,38,3,19,14,5,25,2,23
S01012063,Families with dependent children: Youngest aged 0 to 4,38,24,18,17,1,6,4,2,14,0,14
S01012063,Families with dependent children: Youngest aged 5 to 11,26,20,12,11,1,8,7,1,6,0,6
S01012063,Families with dependent children: Youngest aged 12 to 18,21,16,11,10,1,5,3,2,5,2,3
S01012064,All families in households,188,94,60,57,3,34,29,5,94,6,88
S01012064,Families with no dependent children,70,44,29,28,1,15,13,2,26,4,22
S01012064,Families with dependent children: Total,118,50,31,29,2,19,16,3,68,2,66
S01012064,Families with dependent children: Youngest aged 0 to 4,56,30,16,16,0,14,11,3,26,1,25
S01012064,Families with dependent children: Youngest aged 5 to 11,37,7,4,4,0,3,3,0,30,0,30
S01012064,Families with dependent children: Youngest aged 12 to 18,25,13,11,9,2,2,2,0,12,1,11
S01012065,All families in households,165,65,43,42,1,22,16,6,100,6,94
S01012065,Families with no dependent children,52,27,21,20,1,6,6,0,25,3,22
S01012065,Families with dependent children: Total,113,38,22,22,0,16,10,6,75,3,72
S01012065,Families with dependent children: Youngest aged 0 to 4,53,21,10,10,0,11,9,2,32,0,32
S01012065,Families with dependent children: Youngest aged 5 to 11,38,12,9,9,0,3,1,2,26,1,25
S01012065,Families with dependent children: Youngest aged 12 to 18,22,5,3,3,0,2,0,2,17,2,15
S01012066,All families in households,232,132,93,87,6,39,33,6,100,7,93
S01012066,Families with no dependent children,90,66,46,45,1,20,16,4,24,6,18
S01012066,Families with dependent children: Total,142,66,47,42,5,19,17,2,76,1,75
S01012066,Families with dependent children: Youngest aged 0 to 4,59,35,24,22,2,11,11,0,24,0,24
S01012066,Families with dependent children: Youngest aged 5 to 11,50,14,10,9,1,4,3,1,36,1,35
S01012066,Families with dependent children: Youngest aged 12 to 18,33,17,13,11,2,4,3,1,16,0,16
S01012067,All families in households,145,57,39,35,4,18,16,2,88,5,83
S01012067,Families with no dependent children,59,28,22,21,1,6,5,1,31,3,28
S01012067,Families with dependent children: Total,86,29,17,14,3,12,11,1,57,2,55
S01012067,Families with dependent children: Youngest aged 0 to 4,22,8,1,1,0,7,6,1,14,1,13
S01012067,Families with dependent children: Youngest aged 5 to 11,38,15,11,10,1,4,4,0,23,1,22
S01012067,Families with dependent children: Youngest aged 12 to 18,26,6,5,3,2,1,1,0,20,0,20
S01012068,All families in households,138,58,36,33,3,22,17,5,80,3,77
S01012068,Families with no dependent children,58,31,22,21,1,9,7,2,27,1,26
S01012068,Families with dependent children: Total,80,27,14,12,2,13,10,3,53,2,51
S01012068,Families with dependent children: Youngest aged 0 to 4,28,11,6,5,1,5,5,0,17,0,17
S01012068,Families with dependent children: Youngest aged 5 to 11,21,9,6,5,1,3,2,1,12,2,10
S01012068,Families with dependent children: Youngest aged 12 to 18,31,7,2,2,0,5,3,2,24,0,24
S01012069,All families in households,116,66,35,33,2,31,28,3,50,7,43
S01012069,Families with no dependent children,56,43,21,21,0,22,19,3,13,5,8
S01012069,Families with dependent children: Total,60,23,14,12,2,9,9,0,37,2,35
S01012069,Families with dependent children: Youngest aged 0 to 4,33,18,12,12,0,6,6,0,15,1,14
S01012069,Families with dependent children: Youngest aged 5 to 11,14,2,1,0,1,1,1,0,12,1,11
S01012069,Families with dependent children: Youngest aged 12 to 18,13,3,1,0,1,2,2,0,10,0,10
S01012070,All families in households,154,86,56,53,3,30,27,3,68,6,62
S01012070,Families with no dependent children,90,64,47,46,1,17,16,1,26,1,25
S01012070,Families with dependent children: Total,64,22,9,7,2,13,11,2,42,5,37
S01012070,Families with dependent children: Youngest aged 0 to 4,39,13,6,5,1,7,7,0,26,2,24
S01012070,Families with dependent children: Youngest aged 5 to 11,14,5,0,0,0,5,3,2,9,2,7
S01012070,Families with dependent children: Youngest aged 12 to 18,11,4,3,2,1,1,1,0,7,1,6
S01012071,All families in households,226,138,73,70,3,65,57,8,88,9,79
S01012071,Families with no dependent children,123,101,55,55,0,46,43,3,22,5,17
S01012071,Families with dependent children: Total,103,37,18,15,3,19,14,5,66,4,62
S01012071,Families with dependent children: Youngest aged 0 to 4,55,26,10,10,0,16,13,3,29,1,28
S01012071,Families with dependent children: Youngest aged 5 to 11,26,9,6,4,2,3,1,2,17,2,15
S01012071,Families with dependent children: Youngest aged 12 to 18,22,2,2,1,1,0,0,0,20,1,19
S01012072,All families in households,220,149,94,91,3,55,46,9,71,6,65
S01012072,Families with no dependent children,128,102,63,62,1,39,35,4,26,2,24
S01012072,Families with dependent children: Total,92,47,31,29,2,16,11,5,45,4,41
S01012072,Families with dependent children: Youngest aged 0 to 4,44,24,15,14,1,9,7,2,20,4,16
S01012072,Families with dependent children: Youngest aged 5 to 11,30,13,9,8,1,4,3,1,17,0,17
S01012072,Families with dependent children: Youngest aged 12 to 18,18,10,7,7,0,3,1,2,8,0,8
S01012073,All families in households,210,162,106,102,4,56,51,5,48,5,43
S01012073,Families with no dependent children,103,92,52,51,1,40,38,2,11,2,9
S01012073,Families with dependent children: Total,107,70,54,51,3,16,13,3,37,3,34
S01012073,Families with dependent children: Youngest aged 0 to 4,53,33,23,21,2,10,10,0,20,1,19
S01012073,Families with dependent children: Youngest aged 5 to 11,26,21,18,17,1,3,2,1,5,0,5
S01012073,Families with dependent children: Youngest aged 12 to 18,28,16,13,13,0,3,1,2,12,2,10
S01012074,All families in households,194,168,127,122,5,41,36,5,26,1,25
S01012074,Families with no dependent children,101,95,68,67,1,27,26,1,6,0,6
S01012074,Families with dependent children: Total,93,73,59,55,4,14,10,4,20,1,19
S01012074,Families with dependent children: Youngest aged 0 to 4,30,27,19,19,0,8,7,1,3,0,3
S01012074,Families with dependent children: Youngest aged 5 to 11,36,25,22,21,1,3,2,1,11,1,10
S01012074,Families with dependent children: Youngest aged 12 to 18,27,21,18,15,3,3,1,2,6,0,6
S01012075,All families in households,221,196,170,164,6,26,21,5,25,2,23
S01012075,Families with no dependent children,102,94,76,74,2,18,15,3,8,2,6
S01012075,Families with dependent children: Total,119,102,94,90,4,8,6,2,17,0,17
S01012075,Families with dependent children: Youngest aged 0 to 4,29,27,21,21,0,6,5,1,2,0,2
S01012075,Families with dependent children: Youngest aged 5 to 11,41,34,33,31,2,1,1,0,7,0,7
S01012075,Families with dependent children: Youngest aged 12 to 18,49,41,40,38,2,1,0,1,8,0,8
S01012076,All families in households,200,162,136,131,5,26,22,4,38,3,35
S01012076,Families with no dependent children,120,107,91,89,2,16,14,2,13,1,12
S01012076,Families with dependent children: Total,80,55,45,42,3,10,8,2,25,2,23
S01012076,Families with dependent children: Youngest aged 0 to 4,36,20,13,12,1,7,6,1,16,0,16
S01012076,Families with dependent children: Youngest aged 5 to 11,25,19,19,18,1,0,0,0,6,2,4
S01012076,Families with dependent children: Youngest aged 12 to 18,19,16,13,12,1,3,2,1,3,0,3
S01012077,All families in households,215,137,90,86,4,47,45,2,78,8,70
S01012077,Families with no dependent children,106,89,58,57,1,31,31,0,17,2,15
S01012077,Families with dependent children: Total,109,48,32,29,3,16,14,2,61,6,55
S01012077,Families with dependent children: Youngest aged 0 to 4,50,19,9,8,1,10,9,1,31,2,29
S01012077,Families with dependent children: Youngest aged 5 to 11,28,17,11,10,1,6,5,1,11,1,10
S01012077,Families with dependent children: Youngest aged 12 to 18,31,12,12,11,1,0,0,0,19,3,16
S01012078,All families in households,245,193,157,152,5,36,30,6,52,3,49
S01012078,Families with no dependent children,116,103,82,80,2,21,19,2,13,0,13
S01012078,Families with dependent children: Total,129,90,75,72,3,15,11,4,39,3,36
S01012078,Families with dependent children: Youngest aged 0 to 4,55,41,29,29,0,12,9,3,14,0,14
S01012078,Families with dependent children: Youngest aged 5 to 11,35,24,22,19,3,2,1,1,11,1,10
S01012078,Families with dependent children: Youngest aged 12 to 18,39,25,24,24,0,1,1,0,14,2,12
S01012079,All families in households,257,180,142,136,6,38,31,7,77,7,70
S01012079,Families with no dependent children,154,124,100,98,2,24,21,3,30,3,27
S01012079,Families with dependent children: Total,103,56,42,38,4,14,10,4,47,4,43
S01012079,Families with dependent children: Youngest aged 0 to 4,40,25,14,11,3,11,7,4,15,0,15
S01012079,Families with dependent children: Youngest aged 5 to 11,34,17,15,15,0,2,2,0,17,2,15
S01012079,Families with dependent children: Youngest aged 12 to 18,29,14,13,12,1,1,1,0,15,2,13
S01012080,All families in households,240,127,82,78,4,45,41,4,113,4,109
S01012080,Families with no dependent children,79,64,44,44,0,20,19,1,15,1,14
S01012080,Families with dependent children: Total,161,63,38,34,4,25,22,3,98,3,95
S01012080,Families with dependent children: Youngest aged 0 to 4,68,33,16,15,1,17,16,1,35,0,35
S01012080,Families with dependent children: Youngest aged 5 to 11,57,19,12,12,0,7,6,1,38,0,38
S01012080,Families with dependent children: Youngest aged 12 to 18,36,11,10,7,3,1,0,1,25,3,22
S01012081,All families in households,187,109,70,68,2,39,29,10,78,4,74
S01012081,Families with no dependent children,91,69,48,46,2,21,18,3,22,3,19
S01012081,Families with dependent children: Total,96,40,22,22,0,18,11,7,56,1,55
S01012081,Families with dependent children: Youngest aged 0 to 4,39,21,7,7,0,14,8,6,18,0,18
S01012081,Families with dependent children: Youngest aged 5 to 11,37,13,10,10,0,3,2,1,24,1,23
S01012081,Families with dependent children: Youngest aged 12 to 18,20,6,5,5,0,1,1,0,14,0,14
S01012082,All families in households,171,103,80,76,4,23,19,4,68,11,57
S01012082,Families with no dependent children,98,70,58,55,3,12,10,2,28,6,22
S01012082,Families with dependent children: Total,73,33,22,21,1,11,9,2,40,5,35
S01012082,Families with dependent children: Youngest aged 0 to 4,30,8,3,2,1,5,3,2,22,1,21
S01012082,Families with dependent children: Youngest aged 5 to 11,25,15,12,12,0,3,3,0,10,3,7
S01012082,Families with dependent children: Youngest aged 12 to 18,18,10,7,7,0,3,3,0,8,1,7
S01012083,All families in households,171,112,82,78,4,30,23,7,59,12,47
S01012083,Families with no dependent children,90,73,60,58,2,13,13,0,17,6,11
S01012083,Families with dependent children: Total,81,39,22,20,2,17,10,7,42,6,36
S01012083,Families with dependent children: Youngest aged 0 to 4,24,11,3,3,0,8,5,3,13,2,11
S01012083,Families with dependent children: Youngest aged 5 to 11,30,16,10,8,2,6,5,1,14,0,14
S01012083,Families with dependent children: Youngest aged 12 to 18,27,12,9,9,0,3,0,3,15,4,11
S01012084,All families in households,185,151,127,125,2,24,21,3,34,6,28
S01012084,Families with no dependent children,117,101,89,89,0,12,12,0,16,3,13
S01012084,Families with dependent children: Total,68,50,38,36,2,12,9,3,18,3,15
S01012084,Families with dependent children: Youngest aged 0 to 4,21,13,10,10,0,3,3,0,8,0,8
S01012084,Families with dependent children: Youngest aged 5 to 11,21,19,12,10,2,7,5,2,2,0,2
S01012084,Families with dependent children: Youngest aged 12 to 18,26,18,16,16,0,2,1,1,8,3,5
S01012085,All families in households,201,175,155,150,5,20,20,0,26,6,20
S01012085,Families with no dependent children,140,126,114,110,4,12,12,0,14,5,9
S01012085,Families with dependent children: Total,61,49,41,40,1,8,8,0,12,1,11
S01012085,Families with dependent children: Youngest aged 0 to 4,17,12,9,9,0,3,3,0,5,1,4
S01012085,Families with dependent children: Youngest aged 5 to 11,18,14,10,9,1,4,4,0,4,0,4
S01012085,Families with dependent children: Youngest aged 12 to 18,26,23,22,22,0,1,1,0,3,0,3
S01012086,All families in households,271,170,127,125,2,43,37,6,101,14,87
S01012086,Families with no dependent children,152,117,94,93,1,23,21,2,35,5,30
S01012086,Families with dependent children: Total,119,53,33,32,1,20,16,4,66,9,57
S01012086,Families with dependent children: Youngest aged 0 to 4,57,28,16,15,1,12,10,2,29,2,27
S01012086,Families with dependent children: Youngest aged 5 to 11,24,13,8,8,0,5,4,1,11,3,8
S01012086,Families with dependent children: Youngest aged 12 to 18,38,12,9,9,0,3,2,1,26,4,22
S01012087,All families in households,211,149,121,113,8,28,23,5,62,6,56
S01012087,Families with no dependent children,124,106,91,87,4,15,14,1,18,4,14
S01012087,Families with dependent children: Total,87,43,30,26,4,13,9,4,44,2,42
S01012087,Families with dependent children: Youngest aged 0 to 4,22,10,3,2,1,7,7,0,12,0,12
S01012087,Families with dependent children: Youngest aged 5 to 11,33,17,14,13,1,3,2,1,16,1,15
S01012087,Families with dependent children: Youngest aged 12 to 18,32,16,13,11,2,3,0,3,16,1,15
S01012088,All families in households,209,175,145,141,4,30,23,7,34,7,27
S01012088,Families with no dependent children,87,75,63,61,2,12,10,2,12,3,9
S01012088,Families with dependent children: Total,122,100,82,80,2,18,13,5,22,4,18
S01012088,Families with dependent children: Youngest aged 0 to 4,32,32,22,22,0,10,7,3,0,0,0
S01012088,Families with dependent children: Youngest aged 5 to 11,53,43,36,36,0,7,5,2,10,2,8
S01012088,Families with dependent children: Youngest aged 12 to 18,37,25,24,22,2,1,1,0,12,2,10
S01012089,All families in households,249,225,210,202,8,15,13,2,24,2,22
S01012089,Families with no dependent children,150,145,137,132,5,8,7,1,5,2,3
S01012089,Families with dependent children: Total,99,80,73,70,3,7,6,1,19,0,19
S01012089,Families with dependent children: Youngest aged 0 to 4,42,35,30,28,2,5,5,0,7,0,7
S01012089,Families with dependent children: Youngest aged 5 to 11,25,22,22,22,0,0,0,0,3,0,3
S01012089,Families with dependent children: Youngest aged 12 to 18,32,23,21,20,1,2,1,1,9,0,9
S01012090,All families in households,295,273,257,255,2,16,14,2,22,2,20
S01012090,Families with no dependent children,207,194,185,184,1,9,8,1,13,1,12
S01012090,Families with dependent children: Total,88,79,72,71,1,7,6,1,9,1,8
S01012090,Families with dependent children: Youngest aged 0 to 4,22,18,15,15,0,3,3,0,4,1,3
S01012090,Families with dependent children: Youngest aged 5 to 11,32,29,26,26,0,3,3,0,3,0,3
S01012090,Families with dependent children: Youngest aged 12 to 18,34,32,31,30,1,1,0,1,2,0,2
S01012091,All families in households,166,138,119,115,4,19,17,2,28,7,21
S01012091,Families with no dependent children,106,95,83,81,2,12,11,1,11,5,6
S01012091,Families with dependent children: Total,60,43,36,34,2,7,6,1,17,2,15
S01012091,Families with dependent children: Youngest aged 0 to 4,20,15,10,10,0,5,5,0,5,0,5
S01012091,Families with dependent children: Youngest aged 5 to 11,18,10,8,8,0,2,1,1,8,1,7
S01012091,Families with dependent children: Youngest aged 12 to 18,22,18,18,16,2,0,0,0,4,1,3
S01012092,All families in households,159,144,128,125,3,16,14,2,15,3,12
S01012092,Families with no dependent children,111,105,96,94,2,9,9,0,6,2,4
S01012092,Families with dependent children: Total,48,39,32,31,1,7,5,2,9,1,8
S01012092,Families with dependent children: Youngest aged 0 to 4,17,15,10,10,0,5,4,1,2,0,2
S01012092,Families with dependent children: Youngest aged 5 to 11,13,10,9,9,0,1,1,0,3,0,3
S01012092,Families with dependent children: Youngest aged 12 to 18,18,14,13,12,1,1,0,1,4,1,3
S01012093,All families in households,144,128,108,105,3,20,20,0,16,1,15
S01012093,Families with no dependent children,99,91,78,76,2,13,13,0,8,1,7
S01012093,Families with dependent children: Total,45,37,30,29,1,7,7,0,8,0,8
S01012093,Families with dependent children: Youngest aged 0 to 4,22,17,12,12,0,5,5,0,5,0,5
S01012093,Families with dependent children: Youngest aged 5 to 11,10,9,8,8,0,1,1,0,1,0,1
S01012093,Families with dependent children: Youngest aged 12 to 18,13,11,10,9,1,1,1,0,2,0,2
S01012094,All families in households,242,219,203,196,7,16,14,2,23,2,21
S01012094,Families with no dependent children,169,156,144,140,4,12,12,0,13,2,11
S01012094,Families with dependent children: Total,73,63,59,56,3,4,2,2,10,0,10
S01012094,Families with dependent children: Youngest aged 0 to 4,9,7,6,6,0,1,1,0,2,0,2
S01012094,Families with dependent children: Youngest aged 5 to 11,33,28,28,27,1,0,0,0,5,0,5
S01012094,Families with dependent children: Youngest aged 12 to 18,31,28,25,23,2,3,1,2,3,0,3
S01012095,All families in households,305,236,187,176,11,49,40,9,69,11,58
S01012095,Families with no dependent children,141,123,97,93,4,26,22,4,18,6,12
S01012095,Families with dependent children: Total,164,113,90,83,7,23,18,5,51,5,46
S01012095,Families with dependent children: Youngest aged 0 to 4,56,41,28,25,3,13,12,1,15,1,14
S01012095,Families with dependent children: Youngest aged 5 to 11,57,35,26,24,2,9,5,4,22,2,20
S01012095,Families with dependent children: Youngest aged 12 to 18,51,37,36,34,2,1,1,0,14,2,12
S01012096,All families in households,256,173,126,114,12,47,36,11,83,8,75
S01012096,Families with no dependent children,150,117,90,87,3,27,23,4,33,3,30
S01012096,Families with dependent children: Total,106,56,36,27,9,20,13,7,50,5,45
S01012096,Families with dependent children: Youngest aged 0 to 4,29,18,10,7,3,8,5,3,11,0,11
S01012096,Families with dependent children: Youngest aged 5 to 11,35,20,13,9,4,7,6,1,15,3,12
S01012096,Families with dependent children: Youngest aged 12 to 18,42,18,13,11,2,5,2,3,24,2,22
S01012097,All families in households,221,155,120,117,3,35,30,5,66,7,59
S01012097,Families with no dependent children,126,102,90,90,0,12,11,1,24,5,19
S01012097,Families with dependent children: Total,95,53,30,27,3,23,19,4,42,2,40
S01012097,Families with dependent children: Youngest aged 0 to 4,29,18,9,9,0,9,8,1,11,0,11
S01012097,Families with dependent children: Youngest aged 5 to 11,40,23,16,13,3,7,6,1,17,2,15
S01012097,Families with dependent children: Youngest aged 12 to 18,26,12,5,5,0,7,5,2,14,0,14
S01012098,All families in households,189,114,89,81,8,25,18,7,75,10,65
S01012098,Families with no dependent children,99,73,61,58,3,12,11,1,26,5,21
S01012098,Families with dependent children: Total,90,41,28,23,5,13,7,6,49,5,44
S01012098,Families with dependent children: Youngest aged 0 to 4,27,16,10,7,3,6,4,2,11,1,10
S01012098,Families with dependent children: Youngest aged 5 to 11,37,13,8,7,1,5,2,3,24,2,22
S01012098,Families with dependent children: Youngest aged 12 to 18,26,12,10,9,1,2,1,1,14,2,12
S01012099,All families in households,230,141,117,111,6,24,19,5,89,13,76
S01012099,Families with no dependent children,125,88,76,75,1,12,11,1,37,8,29
S01012099,Families with dependent children: Total,105,53,41,36,5,12,8,4,52,5,47
S01012099,Families with dependent children: Youngest aged 0 to 4,32,17,14,12,2,3,2,1,15,0,15
S01012099,Families with dependent children: Youngest aged 5 to 11,40,13,12,11,1,1,0,1,27,3,24
S01012099,Families with dependent children: Youngest aged 12 to 18,33,23,15,13,2,8,6,2,10,2,8
S01012100,All families in households,322,219,175,163,12,44,33,11,103,12,91
S01012100,Families with no dependent children,197,153,130,126,4,23,20,3,44,10,34
S01012100,Families with dependent children: Total,125,66,45,37,8,21,13,8,59,2,57
S01012100,Families with dependent children: Youngest aged 0 to 4,41,24,17,12,5,7,5,2,17,1,16
S01012100,Families with dependent children: Youngest aged 5 to 11,49,28,17,15,2,11,8,3,21,1,20
S01012100,Families with dependent children: Youngest aged 12 to 18,35,14,11,10,1,3,0,3,21,0,21
S01012101,All families in households,240,208,186,182,4,22,16,6,32,2,30
S01012101,Families with no dependent children,154,134,120,119,1,14,12,2,20,1,19
S01012101,Families with dependent children: Total,86,74,66,63,3,8,4,4,12,1,11
S01012101,Families with dependent children: Youngest aged 0 to 4,19,17,13,12,1,4,3,1,2,0,2
S01012101,Families with dependent children: Youngest aged 5 to 11,26,24,23,23,0,1,1,0,2,0,2
S01012101,Families with dependent children: Youngest aged 12 to 18,41,33,30,28,2,3,0,3,8,1,7
S01012102,All families in households,186,103,73,73,0,30,25,5,83,7,76
S01012102,Families with no dependent children,72,58,47,47,0,11,10,1,14,3,11
S01012102,Families with dependent children: Total,114,45,26,26,0,19,15,4,69,4,65
S01012102,Families with dependent children: Youngest aged 0 to 4,45,20,9,9,0,11,9,2,25,0,25
S01012102,Families with dependent children: Youngest aged 5 to 11,46,16,9,9,0,7,5,2,30,3,27
S01012102,Families with dependent children: Youngest aged 12 to 18,23,9,8,8,0,1,1,0,14,1,13
S01012103,All families in households,276,210,160,150,10,50,47,3,66,7,59
S01012103,Families with no dependent children,154,129,100,96,4,29,28,1,25,5,20
S01012103,Families with dependent children: Total,122,81,60,54,6,21,19,2,41,2,39
S01012103,Families with dependent children: Youngest aged 0 to 4,46,32,17,15,2,15,14,1,14,0,14
S01012103,Families with dependent children: Youngest aged 5 to 11,38,27,23,20,3,4,3,1,11,1,10
S01012103,Families with dependent children: Youngest aged 12 to 18,38,22,20,19,1,2,2,0,16,1,15
S01012104,All families in households,274,243,218,214,4,25,23,2,31,4,27
S01012104,Families with no dependent children,120,115,96,94,2,19,18,1,5,2,3
S01012104,Families with dependent children: Total,154,128,122,120,2,6,5,1,26,2,24
S01012104,Families with dependent children: Youngest aged 0 to 4,53,46,44,44,0,2,2,0,7,0,7
S01012104,Families with dependent children: Youngest aged 5 to 11,50,40,39,38,1,1,1,0,10,0,10
S01012104,Families with dependent children: Youngest aged 12 to 18,51,42,39,38,1,3,2,1,9,2,7
S01012105,All families in households,316,271,234,230,4,37,31,6,45,4,41
S01012105,Families with no dependent children,191,176,148,146,2,28,26,2,15,2,13
S01012105,Families with dependent children: Total,125,95,86,84,2,9,5,4,30,2,28
S01012105,Families with dependent children: Youngest aged 0 to 4,38,30,27,27,0,3,2,1,8,0,8
S01012105,Families with dependent children: Youngest aged 5 to 11,44,34,29,27,2,5,3,2,10,2,8
S01012105,Families with dependent children: Youngest aged 12 to 18,43,31,30,30,0,1,0,1,12,0,12
S01012106,All families in households,315,280,215,211,4,65,54,11,35,5,30
S01012106,Families with no dependent children,173,158,118,116,2,40,39,1,15,3,12
S01012106,Families with dependent children: Total,142,122,97,95,2,25,15,10,20,2,18
S01012106,Families with dependent children: Youngest aged 0 to 4,66,57,45,45,0,12,10,2,9,0,9
S01012106,Families with dependent children: Youngest aged 5 to 11,40,32,25,25,0,7,4,3,8,1,7
S01012106,Families with dependent children: Youngest aged 12 to 18,36,33,27,25,2,6,1,5,3,1,2
S01012107,All families in households,184,174,151,147,4,23,17,6,10,1,9
S01012107,Families with no dependent children,119,115,102,101,1,13,11,2,4,1,3
S01012107,Families with dependent children: Total,65,59,49,46,3,10,6,4,6,0,6
S01012107,Families with dependent children: Youngest aged 0 to 4,24,21,18,17,1,3,3,0,3,0,3
S01012107,Families with dependent children: Youngest aged 5 to 11,18,18,14,14,0,4,2,2,0,0,0
S01012107,Families with dependent children: Youngest aged 12 to 18,23,20,17,15,2,3,1,2,3,0,3
S01012108,All families in households,196,137,110,108,2,27,25,2,59,5,54
S01012108,Families with no dependent children,154,115,96,95,1,19,19,0,39,4,35
S01012108,Families with dependent children: Total,42,22,14,13,1,8,6,2,20,1,19
S01012108,Families with dependent children: Youngest aged 0 to 4,21,10,5,5,0,5,4,1,11,0,11
S01012108,Families with dependent children: Youngest aged 5 to 11,8,4,3,2,1,1,1,0,4,1,3
S01012108,Families with dependent children: Youngest aged 12 to 18,13,8,6,6,0,2,1,1,5,0,5
S01012109,All families in households,212,130,82,77,5,48,43,5,82,6,76
S01012109,Families with no dependent children,97,87,51,49,2,36,33,3,10,2,8
S01012109,Families with dependent children: Total,115,43,31,28,3,12,10,2,72,4,68
S01012109,Families with dependent children: Youngest aged 0 to 4,55,27,17,15,2,10,8,2,28,0,28
S01012109,Families with dependent children: Youngest aged 5 to 11,36,6,5,5,0,1,1,0,30,1,29
S01012109,Families with dependent children: Youngest aged 12 to 18,24,10,9,8,1,1,1,0,14,3,11
S01012110,All families in households,170,133,88,88,0,45,44,1,37,3,34
S01012110,Families with no dependent children,117,106,74,74,0,32,32,0,11,2,9
S01012110,Families with dependent children: Total,53,27,14,14,0,13,12,1,26,1,25
S01012110,Families with dependent children: Youngest aged 0 to 4,24,17,8,8,0,9,9,0,7,0,7
S01012110,Families with dependent children: Youngest aged 5 to 11,18,7,4,4,0,3,2,1,11,1,10
S01012110,Families with dependent children: Youngest aged 12 to 18,11,3,2,2,0,1,1,0,8,0,8
S01012111,All families in households,123,85,50,45,5,35,29,6,38,0,38
S01012111,Families with no dependent children,60,51,28,27,1,23,22,1,9,0,9
S01012111,Families with dependent children: Total,63,34,22,18,4,12,7,5,29,0,29
S01012111,Families with dependent children: Youngest aged 0 to 4,19,11,5,4,1,6,4,2,8,0,8
S01012111,Families with dependent children: Youngest aged 5 to 11,26,14,9,7,2,5,2,3,12,0,12
S01012111,Families with dependent children: Youngest aged 12 to 18,18,9,8,7,1,1,1,0,9,0,9
S01012112,All families in households,198,166,144,137,7,22,20,2,32,3,29
S01012112,Families with no dependent children,146,130,113,108,5,17,16,1,16,2,14
S01012112,Families with dependent children: Total,52,36,31,29,2,5,4,1,16,1,15
S01012112,Families with dependent children: Youngest aged 0 to 4,23,13,9,9,0,4,3,1,10,0,10
S01012112,Families with dependent children: Youngest aged 5 to 11,10,8,8,8,0,0,0,0,2,0,2
S01012112,Families with dependent children: Youngest aged 12 to 18,19,15,14,12,2,1,1,0,4,1,3
S01012113,All families in households,274,237,188,184,4,49,41,8,37,5,32
S01012113,Families with no dependent children,175,161,132,130,2,29,29,0,14,4,10
S01012113,Families with dependent children: Total,99,76,56,54,2,20,12,8,23,1,22
S01012113,Families with dependent children: Youngest aged 0 to 4,29,20,14,13,1,6,5,1,9,0,9
S01012113,Families with dependent children: Youngest aged 5 to 11,34,27,19,19,0,8,5,3,7,0,7
S01012113,Families with dependent children: Youngest aged 12 to 18,36,29,23,22,1,6,2,4,7,1,6
S01012114,All families in households,241,212,182,175,7,30,22,8,29,5,24
S01012114,Families with no dependent children,141,130,114,114,0,16,14,2,11,3,8
S01012114,Families with dependent children: Total,100,82,68,61,7,14,8,6,18,2,16
S01012114,Families with dependent children: Youngest aged 0 to 4,29,21,17,15,2,4,3,1,8,0,8
S01012114,Families with dependent children: Youngest aged 5 to 11,34,31,26,24,2,5,2,3,3,0,3
S01012114,Families with dependent children: Youngest aged 12 to 18,37,30,25,22,3,5,3,2,7,2,5
S01012115,All families in households,157,108,87,86,1,21,16,5,49,5,44
S01012115,Families with no dependent children,95,73,62,61,1,11,10,1,22,3,19
S01012115,Families with dependent children: Total,62,35,25,25,0,10,6,4,27,2,25
S01012115,Families with dependent children: Youngest aged 0 to 4,18,11,7,7,0,4,3,1,7,0,7
S01012115,Families with dependent children: Youngest aged 5 to 11,29,14,12,12,0,2,1,1,15,2,13
S01012115,Families with dependent children: Youngest aged 12 to 18,15,10,6,6,0,4,2,2,5,0,5
S01012116,All families in households,173,140,116,112,4,24,20,4,33,4,29
S01012116,Families with no dependent children,98,89,79,78,1,10,10,0,9,3,6
S01012116,Families with dependent children: Total,75,51,37,34,3,14,10,4,24,1,23
S01012116,Families with dependent children: Youngest aged 0 to 4,24,19,12,12,0,7,7,0,5,0,5
S01012116,Families with dependent children: Youngest aged 5 to 11,25,17,12,12,0,5,2,3,8,0,8
S01012116,Families with dependent children: Youngest aged 12 to 18,26,15,13,10,3,2,1,1,11,1,10
S01012117,All families in households,236,219,180,169,11,39,30,9,17,2,15
S01012117,Families with no dependent children,84,81,62,61,1,19,16,3,3,1,2
S01012117,Families with dependent children: Total,152,138,118,108,10,20,14,6,14,1,13
S01012117,Families with dependent children: Youngest aged 0 to 4,68,63,55,53,2,8,7,1,5,0,5
S01012117,Families with dependent children: Youngest aged 5 to 11,48,44,36,31,5,8,6,2,4,0,4
S01012117,Families with dependent children: Youngest aged 12 to 18,36,31,27,24,3,4,1,3,5,1,4
S01012118,All families in households,193,175,160,150,10,15,12,3,18,0,18
S01012118,Families with no dependent children,89,85,77,74,3,8,8,0,4,0,4
S01012118,Families with dependent children: Total,104,90,83,76,7,7,4,3,14,0,14
S01012118,Families with dependent children: Youngest aged 0 to 4,36,32,30,28,2,2,1,1,4,0,4
S01012118,Families with dependent children: Youngest aged 5 to 11,31,27,25,23,2,2,2,0,4,0,4
S01012118,Families with dependent children: Youngest aged 12 to 18,37,31,28,25,3,3,1,2,6,0,6
S01012119,All families in households,291,261,234,224,10,27,20,7,30,7,23
S01012119,Families with no dependent children,177,164,146,141,5,18,15,3,13,4,9
S01012119,Families with dependent children: Total,114,97,88,83,5,9,5,4,17,3,14
S01012119,Families with dependent children: Youngest aged 0 to 4,31,26,25,25,0,1,1,0,5,0,5
S01012119,Families with dependent children: Youngest aged 5 to 11,42,37,31,30,1,6,4,2,5,1,4
S01012119,Families with dependent children: Youngest aged 12 to 18,41,34,32,28,4,2,0,2,7,2,5
S01012120,All families in households,167,113,89,80,9,24,22,2,54,7,47
S01012120,Families with no dependent children,87,70,57,55,2,13,13,0,17,4,13
S01012120,Families with dependent children: Total,80,43,32,25,7,11,9,2,37,3,34
S01012120,Families with dependent children: Youngest aged 0 to 4,29,19,14,13,1,5,5,0,10,1,9
S01012120,Families with dependent children: Youngest aged 5 to 11,22,9,7,6,1,2,1,1,13,0,13
S01012120,Families with dependent children: Youngest aged 12 to 18,29,15,11,6,5,4,3,1,14,2,12
S01012121,All families in households,266,187,158,154,4,29,26,3,79,6,73
S01012121,Families with no dependent children,147,124,111,110,1,13,12,1,23,3,20
S01012121,Families with dependent children: Total,119,63,47,44,3,16,14,2,56,3,53
S01012121,Families with dependent children: Youngest aged 0 to 4,42,21,9,9,0,12,11,1,21,0,21
S01012121,Families with dependent children: Youngest aged 5 to 11,40,18,16,15,1,2,2,0,22,2,20
S01012121,Families with dependent children: Youngest aged 12 to 18,37,24,22,20,2,2,1,1,13,1,12
S01012122,All families in households,230,170,140,128,12,30,21,9,60,5,55
S01012122,Families with no dependent children,151,123,107,102,5,16,13,3,28,5,23
S01012122,Families with dependent children: Total,79,47,33,26,7,14,8,6,32,0,32
S01012122,Families with dependent children: Youngest aged 0 to 4,25,15,9,7,2,6,5,1,10,0,10
S01012122,Families with dependent children: Youngest aged 5 to 11,18,12,10,9,1,2,1,1,6,0,6
S01012122,Families with dependent children: Youngest aged 12 to 18,36,20,14,10,4,6,2,4,16,0,16
S01012123,All families in households,137,106,90,80,10,16,10,6,31,4,27
S01012123,Families with no dependent children,79,66,56,52,4,10,8,2,13,4,9
S01012123,Families with dependent children: Total,58,40,34,28,6,6,2,4,18,0,18
S01012123,Families with dependent children: Youngest aged 0 to 4,25,18,13,13,0,5,2,3,7,0,7
S01012123,Families with dependent children: Youngest aged 5 to 11,16,10,10,7,3,0,0,0,6,0,6
S01012123,Families with dependent children: Youngest aged 12 to 18,17,12,11,8,3,1,0,1,5,0,5
S01012124,All families in households,148,115,95,91,4,20,19,1,33,3,30
S01012124,Families with no dependent children,95,84,70,70,0,14,14,0,11,3,8
S01012124,Families with dependent children: Total,53,31,25,21,4,6,5,1,22,0,22
S01012124,Families with dependent children: Youngest aged 0 to 4,19,11,7,5,2,4,4,0,8,0,8
S01012124,Families with dependent children: Youngest aged 5 to 11,19,10,8,6,2,2,1,1,9,0,9
S01012124,Families with dependent children: Youngest aged 12 to 18,15,10,10,10,0,0,0,0,5,0,5
S01012125,All families in households,176,97,54,50,4,43,42,1,79,10,69
S01012125,Families with no dependent children,86,65,38,38,0,27,27,0,21,7,14
S01012125,Families with dependent children: Total,90,32,16,12,4,16,15,1,58,3,55
S01012125,Families with dependent children: Youngest aged 0 to 4,48,19,7,5,2,12,11,1,29,0,29
S01012125,Families with dependent children: Youngest aged 5 to 11,18,4,2,2,0,2,2,0,14,1,13
S01012125,Families with dependent children: Youngest aged 12 to 18,24,9,7,5,2,2,2,0,15,2,13
S01012126,All families in households,191,160,109,105,4,51,48,3,31,3,28
S01012126,Families with no dependent children,112,103,61,59,2,42,42,0,9,3,6
S01012126,Families with dependent children: Total,79,57,48,46,2,9,6,3,22,0,22
S01012126,Families with dependent children: Youngest aged 0 to 4,31,23,17,16,1,6,4,2,8,0,8
S01012126,Families with dependent children: Youngest aged 5 to 11,27,19,18,17,1,1,1,0,8,0,8
S01012126,Families with dependent children: Youngest aged 12 to 18,21,15,13,13,0,2,1,1,6,0,6
S01012127,All families in households,166,118,58,56,2,60,58,2,48,7,41
S01012127,Families with no dependent children,97,85,41,39,2,44,44,0,12,3,9
S01012127,Families with dependent children: Total,69,33,17,17,0,16,14,2,36,4,32
S01012127,Families with dependent children: Youngest aged 0 to 4,37,23,11,11,0,12,11,1,14,1,13
S01012127,Families with dependent children: Youngest aged 5 to 11,20,6,4,4,0,2,2,0,14,1,13
S01012127,Families with dependent children: Youngest aged 12 to 18,12,4,2,2,0,2,1,1,8,2,6
S01012128,All families in households,142,85,42,37,5,43,40,3,57,3,54
S01012128,Families with no dependent children,75,63,28,24,4,35,35,0,12,2,10
S01012128,Families with dependent children: Total,67,22,14,13,1,8,5,3,45,1,44
S01012128,Families with dependent children: Youngest aged 0 to 4,42,15,11,11,0,4,3,1,27,0,27
S01012128,Families with dependent children: Youngest aged 5 to 11,13,4,1,1,0,3,2,1,9,1,8
S01012128,Families with dependent children: Youngest aged 12 to 18,12,3,2,1,1,1,0,1,9,0,9
S01012129,All families in households,157,102,69,66,3,33,28,5,55,6,49
S01012129,Families with no dependent children,99,80,57,54,3,23,23,0,19,4,15
S01012129,Families with dependent children: Total,58,22,12,12,0,10,5,5,36,2,34
S01012129,Families with dependent children: Youngest aged 0 to 4,30,10,4,4,0,6,4,2,20,0,20
S01012129,Families with dependent children: Youngest aged 5 to 11,11,4,1,1,0,3,1,2,7,0,7
S01012129,Families with dependent children: Youngest aged 12 to 18,17,8,7,7,0,1,0,1,9,2,7
S01012130,All families in households,212,179,129,127,2,50,50,0,33,4,29
S01012130,Families with no dependent children,146,132,94,93,1,38,38,0,14,4,10
S01012130,Families with dependent children: Total,66,47,35,34,1,12,12,0,19,0,19
S01012130,Families with dependent children: Youngest aged 0 to 4,38,30,20,19,1,10,10,0,8,0,8
S01012130,Families with dependent children: Youngest aged 5 to 11,20,13,12,12,0,1,1,0,7,0,7
S01012130,Families with dependent children: Youngest aged 12 to 18,8,4,3,3,0,1,1,0,4,0,4
S01012131,All families in households,215,149,98,93,5,51,47,4,66,11,55
S01012131,Families with no dependent children,138,119,78,74,4,41,40,1,19,7,12
S01012131,Families with dependent children: Total,77,30,20,19,1,10,7,3,47,4,43
S01012131,Families with dependent children: Youngest aged 0 to 4,41,11,9,9,0,2,1,1,30,2,28
S01012131,Families with dependent children: Youngest aged 5 to 11,16,9,3,3,0,6,4,2,7,0,7
S01012131,Families with dependent children: Youngest aged 12 to 18,20,10,8,7,1,2,2,0,10,2,8
S01012132,All families in households,153,98,56,56,0,42,42,0,55,2,53
S01012132,Families with no dependent children,84,74,40,40,0,34,34,0,10,1,9
S01012132,Families with dependent children: Total,69,24,16,16,0,8,8,0,45,1,44
S01012132,Families with dependent children: Youngest aged 0 to 4,27,12,8,8,0,4,4,0,15,0,15
S01012132,Families with dependent children: Youngest aged 5 to 11,27,6,3,3,0,3,3,0,21,1,20
S01012132,Families with dependent children: Youngest aged 12 to 18,15,6,5,5,0,1,1,0,9,0,9
S01012133,All families in households,180,140,87,87,0,53,50,3,40,3,37
S01012133,Families with no dependent children,99,90,54,54,0,36,35,1,9,2,7
S01012133,Families with dependent children: Total,81,50,33,33,0,17,15,2,31,1,30
S01012133,Families with dependent children: Youngest aged 0 to 4,51,31,22,22,0,9,8,1,20,1,19
S01012133,Families with dependent children: Youngest aged 5 to 11,15,9,3,3,0,6,6,0,6,0,6
S01012133,Families with dependent children: Youngest aged 12 to 18,15,10,8,8,0,2,1,1,5,0,5
S01012134,All families in households,299,256,196,189,7,60,53,7,43,5,38
S01012134,Families with no dependent children,211,199,154,152,2,45,40,5,12,3,9
S01012134,Families with dependent children: Total,88,57,42,37,5,15,13,2,31,2,29
S01012134,Families with dependent children: Youngest aged 0 to 4,38,28,16,16,0,12,11,1,10,1,9
S01012134,Families with dependent children: Youngest aged 5 to 11,26,12,11,9,2,1,1,0,14,0,14
S01012134,Families with dependent children: Youngest aged 12 to 18,24,17,15,12,3,2,1,1,7,1,6
S01012135,All families in households,182,95,49,46,3,46,42,4,87,4,83
S01012135,Families with no dependent children,94,67,39,37,2,28,28,0,27,2,25
S01012135,Families with dependent children: Total,88,28,10,9,1,18,14,4,60,2,58
S01012135,Families with dependent children: Youngest aged 0 to 4,43,21,6,6,0,15,12,3,22,1,21
S01012135,Families with dependent children: Youngest aged 5 to 11,26,3,0,0,0,3,2,1,23,1,22
S01012135,Families with dependent children: Youngest aged 12 to 18,19,4,4,3,1,0,0,0,15,0,15
S01012136,All families in households,164,99,44,41,3,55,49,6,65,12,53
S01012136,Families with no dependent children,83,61,22,21,1,39,39,0,22,10,12
S01012136,Families with dependent children: Total,81,38,22,20,2,16,10,6,43,2,41
S01012136,Families with dependent children: Youngest aged 0 to 4,43,24,15,15,0,9,7,2,19,0,19
S01012136,Families with dependent children: Youngest aged 5 to 11,17,8,3,2,1,5,2,3,9,1,8
S01012136,Families with dependent children: Youngest aged 12 to 18,21,6,4,3,1,2,1,1,15,1,14
S01012137,All families in households,145,95,64,63,1,31,29,2,50,5,45
S01012137,Families with no dependent children,87,74,50,50,0,24,23,1,13,3,10
S01012137,Families with dependent children: Total,58,21,14,13,1,7,6,1,37,2,35
S01012137,Families with dependent children: Youngest aged 0 to 4,30,15,10,9,1,5,5,0,15,0,15
S01012137,Families with dependent children: Youngest aged 5 to 11,11,3,1,1,0,2,1,1,8,0,8
S01012137,Families with dependent children: Youngest aged 12 to 18,17,3,3,3,0,0,0,0,14,2,12
S01012138,All families in households,240,198,153,151,2,45,39,6,42,4,38
S01012138,Families with no dependent children,146,129,97,97,0,32,28,4,17,1,16
S01012138,Families with dependent children: Total,94,69,56,54,2,13,11,2,25,3,22
S01012138,Families with dependent children: Youngest aged 0 to 4,36,28,18,17,1,10,9,1,8,0,8
S01012138,Families with dependent children: Youngest aged 5 to 11,21,16,15,15,0,1,1,0,5,0,5
S01012138,Families with dependent children: Youngest aged 12 to 18,37,25,23,22,1,2,1,1,12,3,9
S01012139,All families in households,263,212,170,161,9,42,36,6,51,5,46
S01012139,Families with no dependent children,160,136,113,108,5,23,22,1,24,3,21
S01012139,Families with dependent children: Total,103,76,57,53,4,19,14,5,27,2,25
S01012139,Families with dependent children: Youngest aged 0 to 4,55,41,30,29,1,11,10,1,14,0,14
S01012139,Families with dependent children: Youngest aged 5 to 11,27,20,16,13,3,4,2,2,7,1,6
S01012139,Families with dependent children: Youngest aged 12 to 18,21,15,11,11,0,4,2,2,6,1,5
S01012140,All families in households,166,154,144,142,2,10,9,1,12,1,11
S01012140,Families with no dependent children,110,105,98,98,0,7,7,0,5,1,4
S01012140,Families with dependent children: Total,56,49,46,44,2,3,2,1,7,0,7
S01012140,Families with dependent children: Youngest aged 0 to 4,18,17,16,16,0,1,1,0,1,0,1
S01012140,Families with dependent children: Youngest aged 5 to 11,23,20,18,17,1,2,1,1,3,0,3
S01012140,Families with dependent children: Youngest aged 12 to 18,15,12,12,11,1,0,0,0,3,0,3
S01012141,All families in households,313,269,245,242,3,24,22,2,44,5,39
S01012141,Families with no dependent children,181,163,151,151,0,12,10,2,18,0,18
S01012141,Families with dependent children: Total,132,106,94,91,3,12,12,0,26,5,21
S01012141,Families with dependent children: Youngest aged 0 to 4,32,27,20,20,0,7,7,0,5,1,4
S01012141,Families with dependent children: Youngest aged 5 to 11,53,42,38,36,2,4,4,0,11,1,10
S01012141,Families with dependent children: Youngest aged 12 to 18,47,37,36,35,1,1,1,0,10,3,7
S01012142,All families in households,304,275,252,247,5,23,19,4,29,3,26
S01012142,Families with no dependent children,192,183,167,167,0,16,14,2,9,1,8
S01012142,Families with dependent children: Total,112,92,85,80,5,7,5,2,20,2,18
S01012142,Families with dependent children: Youngest aged 0 to 4,33,28,23,23,0,5,3,2,5,0,5
S01012142,Families with dependent children: Youngest aged 5 to 11,41,32,31,28,3,1,1,0,9,1,8
S01012142,Families with dependent children: Youngest aged 12 to 18,38,32,31,29,2,1,1,0,6,1,5
S01012143,All families in households,257,238,225,222,3,13,10,3,19,3,16
S01012143,Families with no dependent children,176,168,160,158,2,8,8,0,8,3,5
S01012143,Families with dependent children: Total,81,70,65,64,1,5,2,3,11,0,11
S01012143,Families with dependent children: Youngest aged 0 to 4,13,11,10,10,0,1,1,0,2,0,2
S01012143,Families with dependent children: Youngest aged 5 to 11,27,23,21,21,0,2,1,1,4,0,4
S01012143,Families with dependent children: Youngest aged 12 to 18,41,36,34,33,1,2,0,2,5,0,5
S01012144,All families in households,316,278,248,245,3,30,29,1,38,9,29
S01012144,Families with no dependent children,195,176,163,162,1,13,13,0,19,8,11
S01012144,Families with dependent children: Total,121,102,85,83,2,17,16,1,19,1,18
S01012144,Families with dependent children: Youngest aged 0 to 4,39,36,29,29,0,7,7,0,3,0,3
S01012144,Families with dependent children: Youngest aged 5 to 11,35,28,23,23,0,5,5,0,7,0,7
S01012144,Families with dependent children: Youngest aged 12 to 18,47,38,33,31,2,5,4,1,9,1,8
S01012145,All families in households,308,277,255,251,4,22,19,3,31,4,27
S01012145,Families with no dependent children,174,164,156,155,1,8,6,2,10,3,7
S01012145,Families with dependent children: Total,134,113,99,96,3,14,13,1,21,1,20
S01012145,Families with dependent children: Youngest aged 0 to 4,49,44,37,37,0,7,6,1,5,0,5
S01012145,Families with dependent children: Youngest aged 5 to 11,38,32,29,27,2,3,3,0,6,1,5
S01012145,Families with dependent children: Youngest aged 12 to 18,47,37,33,32,1,4,4,0,10,0,10
S01012146,All families in households,244,143,99,92,7,44,40,4,101,8,93
S01012146,Families with no dependent children,131,99,68,67,1,31,30,1,32,4,28
S01012146,Families with dependent children: Total,113,44,31,25,6,13,10,3,69,4,65
S01012146,Families with dependent children: Youngest aged 0 to 4,56,28,17,14,3,11,8,3,28,1,27
S01012146,Families with dependent children: Youngest aged 5 to 11,31,7,7,4,3,0,0,0,24,2,22
S01012146,Families with dependent children: Youngest aged 12 to 18,26,9,7,7,0,2,2,0,17,1,16
S01012147,All families in households,206,106,70,66,4,36,34,2,100,7,93
S01012147,Families with no dependent children,112,76,51,49,2,25,24,1,36,4,32
S01012147,Families with dependent children: Total,94,30,19,17,2,11,10,1,64,3,61
S01012147,Families with dependent children: Youngest aged 0 to 4,52,16,9,8,1,7,7,0,36,1,35
S01012147,Families with dependent children: Youngest aged 5 to 11,23,5,2,2,0,3,3,0,18,1,17
S01012147,Families with dependent children: Youngest aged 12 to 18,19,9,8,7,1,1,0,1,10,1,9
S01012148,All families in households,228,126,78,69,9,48,45,3,102,12,90
S01012148,Families with no dependent children,111,84,60,58,2,24,22,2,27,7,20
S01012148,Families with dependent children: Total,117,42,18,11,7,24,23,1,75,5,70
S01012148,Families with dependent children: Youngest aged 0 to 4,57,21,9,5,4,12,12,0,36,1,35
S01012148,Families with dependent children: Youngest aged 5 to 11,32,13,4,3,1,9,8,1,19,2,17
S01012148,Families with dependent children: Youngest aged 12 to 18,28,8,5,3,2,3,3,0,20,2,18
S01012149,All families in households,227,176,139,129,10,37,29,8,51,5,46
S01012149,Families with no dependent children,124,113,92,86,6,21,19,2,11,3,8
S01012149,Families with dependent children: Total,103,63,47,43,4,16,10,6,40,2,38
S01012149,Families with dependent children: Youngest aged 0 to 4,40,23,16,14,2,7,4,3,17,0,17
S01012149,Families with dependent children: Youngest aged 5 to 11,34,23,17,17,0,6,4,2,11,0,11
S01012149,Families with dependent children: Youngest aged 12 to 18,29,17,14,12,2,3,2,1,12,2,10
S01012150,All families in households,222,152,125,119,6,27,22,5,70,10,60
S01012150,Families with no dependent children,124,103,84,82,2,19,17,2,21,4,17
S01012150,Families with dependent children: Total,98,49,41,37,4,8,5,3,49,6,43
S01012150,Families with dependent children: Youngest aged 0 to 4,44,23,17,16,1,6,4,2,21,2,19
S01012150,Families with dependent children: Youngest aged 5 to 11,33,18,17,14,3,1,1,0,15,3,12
S01012150,Families with dependent children: Youngest aged 12 to 18,21,8,7,7,0,1,0,1,13,1,12
S01012151,All families in households,193,139,114,111,3,25,23,2,54,4,50
S01012151,Families with no dependent children,107,92,84,84,0,8,8,0,15,3,12
S01012151,Families with dependent children: Total,86,47,30,27,3,17,15,2,39,1,38
S01012151,Families with dependent children: Youngest aged 0 to 4,31,18,9,8,1,9,9,0,13,0,13
S01012151,Families with dependent children: Youngest aged 5 to 11,31,16,12,11,1,4,3,1,15,1,14
S01012151,Families with dependent children: Youngest aged 12 to 18,24,13,9,8,1,4,3,1,11,0,11
S01012152,All families in households,188,121,87,82,5,34,29,5,67,7,60
S01012152,Families with no dependent children,101,83,66,63,3,17,16,1,18,6,12
S01012152,Families with dependent children: Total,87,38,21,19,2,17,13,4,49,1,48
S01012152,Families with dependent children: Youngest aged 0 to 4,38,14,6,6,0,8,7,1,24,0,24
S01012152,Families with dependent children: Youngest aged 5 to 11,23,11,6,5,1,5,4,1,12,1,11
S01012152,Families with dependent children: Youngest aged 12 to 18,26,13,9,8,1,4,2,2,13,0,13
S01012153,All families in households,116,64,26,23,3,38,34,4,52,4,48
S01012153,Families with no dependent children,51,38,15,15,0,23,23,0,13,2,11
S01012153,Families with dependent children: Total,65,26,11,8,3,15,11,4,39,2,37
S01012153,Families with dependent children: Youngest aged 0 to 4,31,14,6,5,1,8,6,2,17,0,17
S01012153,Families with dependent children: Youngest aged 5 to 11,16,7,3,2,1,4,3,1,9,0,9
S01012153,Families with dependent children: Youngest aged 12 to 18,18,5,2,1,1,3,2,1,13,2,11
S01012154,All families in households,167,117,65,64,1,52,48,4,50,1,49
S01012154,Families with no dependent children,105,88,49,49,0,39,39,0,17,1,16
S01012154,Families with dependent children: Total,62,29,16,15,1,13,9,4,33,0,33
S01012154,Families with dependent children: Youngest aged 0 to 4,33,16,9,9,0,7,6,1,17,0,17
S01012154,Families with dependent children: Youngest aged 5 to 11,20,9,4,3,1,5,2,3,11,0,11
S01012154,Families with dependent children: Youngest aged 12 to 18,9,4,3,3,0,1,1,0,5,0,5
S01012155,All families in households,118,85,53,49,4,32,29,3,33,8,25
S01012155,Families with no dependent children,79,66,38,35,3,28,26,2,13,4,9
S01012155,Families with dependent children: Total,39,19,15,14,1,4,3,1,20,4,16
S01012155,Families with dependent children: Youngest aged 0 to 4,17,13,10,10,0,3,2,1,4,1,3
S01012155,Families with dependent children: Youngest aged 5 to 11,11,3,3,2,1,0,0,0,8,2,6
S01012155,Families with dependent children: Youngest aged 12 to 18,11,3,2,2,0,1,1,0,8,1,7
S01012156,All families in households,154,85,61,57,4,24,23,1,69,8,61
S01012156,Families with no dependent children,96,70,50,48,2,20,19,1,26,6,20
S01012156,Families with dependent children: Total,58,15,11,9,2,4,4,0,43,2,41
S01012156,Families with dependent children: Youngest aged 0 to 4,31,6,4,4,0,2,2,0,25,2,23
S01012156,Families with dependent children: Youngest aged 5 to 11,17,7,5,4,1,2,2,0,10,0,10
S01012156,Families with dependent children: Youngest aged 12 to 18,10,2,2,1,1,0,0,0,8,0,8
S01012157,All families in households,260,190,134,126,8,56,46,10,70,4,66
S01012157,Families with no dependent children,133,112,78,74,4,34,33,1,21,2,19
S01012157,Families with dependent children: Total,127,78,56,52,4,22,13,9,49,2,47
S01012157,Families with dependent children: Youngest aged 0 to 4,61,41,29,28,1,12,8,4,20,1,19
S01012157,Families with dependent children: Youngest aged 5 to 11,44,27,22,20,2,5,3,2,17,0,17
S01012157,Families with dependent children: Youngest aged 12 to 18,22,10,5,4,1,5,2,3,12,1,11
S01012158,All families in households,310,253,186,176,10,67,63,4,57,4,53
S01012158,Families with no dependent children,175,157,105,103,2,52,49,3,18,4,14
S01012158,Families with dependent children: Total,135,96,81,73,8,15,14,1,39,0,39
S01012158,Families with dependent children: Youngest aged 0 to 4,76,55,46,43,3,9,8,1,21,0,21
S01012158,Families with dependent children: Youngest aged 5 to 11,33,25,20,17,3,5,5,0,8,0,8
S01012158,Families with dependent children: Youngest aged 12 to 18,26,16,15,13,2,1,1,0,10,0,10
S01012159,All families in households,164,153,139,136,3,14,13,1,11,4,7
S01012159,Families with no dependent children,121,116,104,104,0,12,12,0,5,3,2
S01012159,Families with dependent children: Total,43,37,35,32,3,2,1,1,6,1,5
S01012159,Families with dependent children: Youngest aged 0 to 4,7,7,6,5,1,1,0,1,0,0,0
S01012159,Families with dependent children: Youngest aged 5 to 11,15,12,12,11,1,0,0,0,3,1,2
S01012159,Families with dependent children: Youngest aged 12 to 18,21,18,17,16,1,1,1,0,3,0,3
S01012160,All families in households,216,184,158,154,4,26,24,2,32,2,30
S01012160,Families with no dependent children,150,137,119,117,2,18,18,0,13,1,12
S01012160,Families with dependent children: Total,66,47,39,37,2,8,6,2,19,1,18
S01012160,Families with dependent children: Youngest aged 0 to 4,16,13,12,10,2,1,1,0,3,0,3
S01012160,Families with dependent children: Youngest aged 5 to 11,25,19,15,15,0,4,2,2,6,0,6
S01012160,Families with dependent children: Youngest aged 12 to 18,25,15,12,12,0,3,3,0,10,1,9
S01012161,All families in households,139,71,53,50,3,18,12,6,68,3,65
S01012161,Families with no dependent children,65,47,40,37,3,7,7,0,18,2,16
S01012161,Families with dependent children: Total,74,24,13,13,0,11,5,6,50,1,49
S01012161,Families with dependent children: Youngest aged 0 to 4,33,13,8,8,0,5,3,2,20,0,20
S01012161,Families with dependent children: Youngest aged 5 to 11,23,4,2,2,0,2,1,1,19,0,19
S01012161,Families with dependent children: Youngest aged 12 to 18,18,7,3,3,0,4,1,3,11,1,10
S01012162,All families in households,245,157,105,95,10,52,41,11,88,9,79
S01012162,Families with no dependent children,95,81,50,46,4,31,27,4,14,1,13
S01012162,Families with dependent children: Total,150,76,55,49,6,21,14,7,74,8,66
S01012162,Families with dependent children: Youngest aged 0 to 4,68,44,33,32,1,11,8,3,24,0,24
S01012162,Families with dependent children: Youngest aged 5 to 11,54,18,10,9,1,8,5,3,36,5,31
S01012162,Families with dependent children: Youngest aged 12 to 18,28,14,12,8,4,2,1,1,14,3,11
S01012163,All families in households,189,136,104,98,6,32,29,3,53,7,46
S01012163,Families with no dependent children,83,75,54,53,1,21,21,0,8,5,3
S01012163,Families with dependent children: Total,106,61,50,45,5,11,8,3,45,2,43
S01012163,Families with dependent children: Youngest aged 0 to 4,54,33,26,22,4,7,6,1,21,0,21
S01012163,Families with dependent children: Youngest aged 5 to 11,33,19,16,16,0,3,1,2,14,0,14
S01012163,Families with dependent children: Youngest aged 12 to 18,19,9,8,7,1,1,1,0,10,2,8
S01012164,All families in households,334,281,225,217,8,56,48,8,53,4,49
S01012164,Families with no dependent children,126,118,87,84,3,31,29,2,8,2,6
S01012164,Families with dependent children: Total,208,163,138,133,5,25,19,6,45,2,43
S01012164,Families with dependent children: Youngest aged 0 to 4,91,75,59,57,2,16,14,2,16,1,15
S01012164,Families with dependent children: Youngest aged 5 to 11,67,54,49,48,1,5,3,2,13,1,12
S01012164,Families with dependent children: Youngest aged 12 to 18,50,34,30,28,2,4,2,2,16,0,16
S01012165,All families in households,244,138,89,83,6,49,42,7,106,13,93
S01012165,Families with no dependent children,109,79,58,56,2,21,19,2,30,8,22
S01012165,Families with dependent children: Total,135,59,31,27,4,28,23,5,76,5,71
S01012165,Families with dependent children: Youngest aged 0 to 4,65,28,12,10,2,16,15,1,37,2,35
S01012165,Families with dependent children: Youngest aged 5 to 11,40,17,10,9,1,7,6,1,23,3,20
S01012165,Families with dependent children: Youngest aged 12 to 18,30,14,9,8,1,5,2,3,16,0,16
S01012166,All families in households,176,99,79,75,4,20,19,1,77,5,72
S01012166,Families with no dependent children,89,68,57,55,2,11,11,0,21,3,18
S01012166,Families with dependent children: Total,87,31,22,20,2,9,8,1,56,2,54
S01012166,Families with dependent children: Youngest aged 0 to 4,39,17,9,8,1,8,7,1,22,0,22
S01012166,Families with dependent children: Youngest aged 5 to 11,29,6,5,5,0,1,1,0,23,0,23
S01012166,Families with dependent children: Youngest aged 12 to 18,19,8,8,7,1,0,0,0,11,2,9
S01012167,All families in households,207,168,136,132,4,32,27,5,39,4,35
S01012167,Families with no dependent children,142,122,102,100,2,20,19,1,20,1,19
S01012167,Families with dependent children: Total,65,46,34,32,2,12,8,4,19,3,16
S01012167,Families with dependent children: Youngest aged 0 to 4,26,20,12,11,1,8,7,1,6,0,6
S01012167,Families with dependent children: Youngest aged 5 to 11,22,17,14,13,1,3,1,2,5,1,4
S01012167,Families with dependent children: Youngest aged 12 to 18,17,9,8,8,0,1,0,1,8,2,6
S01012168,All families in households,251,211,184,177,7,27,24,3,40,8,32
S01012168,Families with no dependent children,170,147,129,126,3,18,17,1,23,7,16
S01012168,Families with dependent children: Total,81,64,55,51,4,9,7,2,17,1,16
S01012168,Families with dependent children: Youngest aged 0 to 4,37,30,25,25,0,5,3,2,7,0,7
S01012168,Families with dependent children: Youngest aged 5 to 11,23,19,16,13,3,3,3,0,4,1,3
S01012168,Families with dependent children: Youngest aged 12 to 18,21,15,14,13,1,1,1,0,6,0,6
S01012169,All families in households,253,198,165,163,2,33,28,5,55,7,48
S01012169,Families with no dependent children,167,144,127,127,0,17,15,2,23,4,19
S01012169,Families with dependent children: Total,86,54,38,36,2,16,13,3,32,3,29
S01012169,Families with dependent children: Youngest aged 0 to 4,29,22,13,13,0,9,9,0,7,0,7
S01012169,Families with dependent children: Youngest aged 5 to 11,31,22,18,17,1,4,2,2,9,1,8
S01012169,Families with dependent children: Youngest aged 12 to 18,26,10,7,6,1,3,2,1,16,2,14
S01012170,All families in households,262,202,158,156,2,44,39,5,60,6,54
S01012170,Families with no dependent children,175,148,116,116,0,32,31,1,27,6,21
S01012170,Families with dependent children: Total,87,54,42,40,2,12,8,4,33,0,33
S01012170,Families with dependent children: Youngest aged 0 to 4,39,26,18,17,1,8,5,3,13,0,13
S01012170,Families with dependent children: Youngest aged 5 to 11,22,16,13,13,0,3,3,0,6,0,6
S01012170,Families with dependent children: Youngest aged 12 to 18,26,12,11,10,1,1,0,1,14,0,14
S01012171,All families in households,299,221,174,166,8,47,43,4,78,8,70
S01012171,Families with no dependent children,180,153,129,126,3,24,22,2,27,6,21
S01012171,Families with dependent children: Total,119,68,45,40,5,23,21,2,51,2,49
S01012171,Families with dependent children: Youngest aged 0 to 4,52,32,18,16,2,14,12,2,20,1,19
S01012171,Families with dependent children: Youngest aged 5 to 11,36,18,13,10,3,5,5,0,18,0,18
S01012171,Families with dependent children: Youngest aged 12 to 18,31,18,14,14,0,4,4,0,13,1,12
S01012172,All families in households,208,152,120,116,4,32,25,7,56,6,50
S01012172,Families with no dependent children,114,93,83,81,2,10,9,1,21,5,16
S01012172,Families with dependent children: Total,94,59,37,35,2,22,16,6,35,1,34
S01012172,Families with dependent children: Youngest aged 0 to 4,37,26,10,9,1,16,12,4,11,0,11
S01012172,Families with dependent children: Youngest aged 5 to 11,29,11,8,8,0,3,2,1,18,1,17
S01012172,Families with dependent children: Youngest aged 12 to 18,28,22,19,18,1,3,2,1,6,0,6
S01012173,All families in households,200,179,170,167,3,9,7,2,21,4,17
S01012173,Families with no dependent children,150,138,133,132,1,5,5,0,12,3,9
S01012173,Families with dependent children: Total,50,41,37,35,2,4,2,2,9,1,8
S01012173,Families with dependent children: Youngest aged 0 to 4,14,11,10,9,1,1,0,1,3,0,3
S01012173,Families with dependent children: Youngest aged 5 to 11,19,15,15,14,1,0,0,0,4,1,3
S01012173,Families with dependent children: Youngest aged 12 to 18,17,15,12,12,0,3,2,1,2,0,2
S01012174,All families in households,261,222,204,198,6,18,13,5,39,4,35
S01012174,Families with no dependent children,111,99,90,88,2,9,7,2,12,1,11
S01012174,Families with dependent children: Total,150,123,114,110,4,9,6,3,27,3,24
S01012174,Families with dependent children: Youngest aged 0 to 4,37,33,28,26,2,5,3,2,4,1,3
S01012174,Families with dependent children: Youngest aged 5 to 11,53,46,44,43,1,2,2,0,7,0,7
S01012174,Families with dependent children: Youngest aged 12 to 18,60,44,42,41,1,2,1,1,16,2,14
S01012175,All families in households,242,206,169,168,1,37,32,5,36,7,29
S01012175,Families with no dependent children,152,139,113,113,0,26,23,3,13,3,10
S01012175,Families with dependent children: Total,90,67,56,55,1,11,9,2,23,4,19
S01012175,Families with dependent children: Youngest aged 0 to 4,41,34,26,25,1,8,8,0,7,0,7
S01012175,Families with dependent children: Youngest aged 5 to 11,21,14,14,14,0,0,0,0,7,1,6
S01012175,Families with dependent children: Youngest aged 12 to 18,28,19,16,16,0,3,1,2,9,3,6
S01012176,All families in households,252,214,187,183,4,27,25,2,38,7,31
S01012176,Families with no dependent children,170,156,134,133,1,22,22,0,14,3,11
S01012176,Families with dependent children: Total,82,58,53,50,3,5,3,2,24,4,20
S01012176,Families with dependent children: Youngest aged 0 to 4,33,23,21,21,0,2,2,0,10,2,8
S01012176,Families with dependent children: Youngest aged 5 to 11,26,17,16,13,3,1,1,0,9,1,8
S01012176,Families with dependent children: Youngest aged 12 to 18,23,18,16,16,0,2,0,2,5,1,4
S01012177,All families in households,196,176,168,159,9,8,7,1,20,1,19
S01012177,Families with no dependent children,125,120,118,115,3,2,2,0,5,1,4
S01012177,Families with dependent children: Total,71,56,50,44,6,6,5,1,15,0,15
S01012177,Families with dependent children: Youngest aged 0 to 4,20,14,12,12,0,2,2,0,6,0,6
S01012177,Families with dependent children: Youngest aged 5 to 11,25,17,15,12,3,2,2,0,8,0,8
S01012177,Families with dependent children: Youngest aged 12 to 18,26,25,23,20,3,2,1,1,1,0,1
S01012178,All families in households,174,163,145,143,2,18,17,1,11,2,9
S01012178,Families with no dependent children,121,118,109,108,1,9,9,0,3,0,3
S01012178,Families with dependent children: Total,53,45,36,35,1,9,8,1,8,2,6
S01012178,Families with dependent children: Youngest aged 0 to 4,16,14,9,8,1,5,5,0,2,0,2
S01012178,Families with dependent children: Youngest aged 5 to 11,15,13,10,10,0,3,3,0,2,1,1
S01012178,Families with dependent children: Youngest aged 12 to 18,22,18,17,17,0,1,0,1,4,1,3
S01012179,All families in households,171,127,108,104,4,19,15,4,44,4,40
S01012179,Families with no dependent children,113,93,83,81,2,10,10,0,20,2,18
S01012179,Families with dependent children: Total,58,34,25,23,2,9,5,4,24,2,22
S01012179,Families with dependent children: Youngest aged 0 to 4,22,12,8,8,0,4,2,2,10,0,10
S01012179,Families with dependent children: Youngest aged 5 to 11,14,9,8,6,2,1,1,0,5,0,5
S01012179,Families with dependent children: Youngest aged 12 to 18,22,13,9,9,0,4,2,2,9,2,7
S01012180,All families in households,172,129,115,110,5,14,12,2,43,7,36
S01012180,Families with no dependent children,110,94,86,83,3,8,8,0,16,6,10
S01012180,Families with dependent children: Total,62,35,29,27,2,6,4,2,27,1,26
S01012180,Families with dependent children: Youngest aged 0 to 4,25,13,9,8,1,4,3,1,12,0,12
S01012180,Families with dependent children: Youngest aged 5 to 11,20,12,10,10,0,2,1,1,8,1,7
S01012180,Families with dependent children: Youngest aged 12 to 18,17,10,10,9,1,0,0,0,7,0,7
S01012181,All families in households,185,149,131,126,5,18,16,2,36,4,32
S01012181,Families with no dependent children,119,103,88,87,1,15,14,1,16,3,13
S01012181,Families with dependent children: Total,66,46,43,39,4,3,2,1,20,1,19
S01012181,Families with dependent children: Youngest aged 0 to 4,26,19,18,16,2,1,1,0,7,0,7
S01012181,Families with dependent children: Youngest aged 5 to 11,22,13,13,12,1,0,0,0,9,1,8
S01012181,Families with dependent children: Youngest aged 12 to 18,18,14,12,11,1,2,1,1,4,0,4
S01012182,All families in households,313,273,210,204,6,63,52,11,40,4,36
S01012182,Families with no dependent children,161,150,107,106,1,43,41,2,11,1,10
S01012182,Families with dependent children: Total,152,123,103,98,5,20,11,9,29,3,26
S01012182,Families with dependent children: Youngest aged 0 to 4,63,55,45,43,2,10,7,3,8,1,7
S01012182,Families with dependent children: Youngest aged 5 to 11,39,28,22,22,0,6,3,3,11,0,11
S01012182,Families with dependent children: Youngest aged 12 to 18,50,40,36,33,3,4,1,3,10,2,8
S01012183,All families in households,187,138,81,75,6,57,53,4,49,7,42
S01012183,Families with no dependent children,119,101,56,55,1,45,43,2,18,4,14
S01012183,Families with dependent children: Total,68,37,25,20,5,12,10,2,31,3,28
S01012183,Families with dependent children: Youngest aged 0 to 4,30,18,10,9,1,8,8,0,12,1,11
S01012183,Families with dependent children: Youngest aged 5 to 11,19,10,8,7,1,2,1,1,9,1,8
S01012183,Families with dependent children: Youngest aged 12 to 18,19,9,7,4,3,2,1,1,10,1,9
S01012184,All families in households,139,113,70,69,1,43,39,4,26,5,21
S01012184,Families with no dependent children,93,85,53,53,0,32,32,0,8,3,5
S01012184,Families with dependent children: Total,46,28,17,16,1,11,7,4,18,2,16
S01012184,Families with dependent children: Youngest aged 0 to 4,25,20,10,10,0,10,6,4,5,0,5
S01012184,Families with dependent children: Youngest aged 5 to 11,7,4,3,3,0,1,1,0,3,1,2
S01012184,Families with dependent children: Youngest aged 12 to 18,14,4,4,3,1,0,0,0,10,1,9
S01012185,All families in households,128,79,37,36,1,42,40,2,49,6,43
S01012185,Families with no dependent children,69,56,25,25,0,31,30,1,13,4,9
S01012185,Families with dependent children: Total,59,23,12,11,1,11,10,1,36,2,34
S01012185,Families with dependent children: Youngest aged 0 to 4,25,13,4,3,1,9,9,0,12,0,12
S01012185,Families with dependent children: Youngest aged 5 to 11,22,8,7,7,0,1,0,1,14,1,13
S01012185,Families with dependent children: Youngest aged 12 to 18,12,2,1,1,0,1,1,0,10,1,9
S01012186,All families in households,201,149,124,117,7,25,22,3,52,7,45
S01012186,Families with no dependent children,130,106,92,90,2,14,13,1,24,6,18
S01012186,Families with dependent children: Total,71,43,32,27,5,11,9,2,28,1,27
S01012186,Families with dependent children: Youngest aged 0 to 4,25,17,12,11,1,5,4,1,8,0,8
S01012186,Families with dependent children: Youngest aged 5 to 11,34,19,13,11,2,6,5,1,15,0,15
S01012186,Families with dependent children: Youngest aged 12 to 18,12,7,7,5,2,0,0,0,5,1,4
S01012187,All families in households,170,113,88,86,2,25,20,5,57,9,48
S01012187,Families with no dependent children,105,84,69,68,1,15,14,1,21,5,16
S01012187,Families with dependent children: Total,65,29,19,18,1,10,6,4,36,4,32
S01012187,Families with dependent children: Youngest aged 0 to 4,21,9,6,6,0,3,2,1,12,0,12
S01012187,Families with dependent children: Youngest aged 5 to 11,26,11,7,6,1,4,3,1,15,2,13
S01012187,Families with dependent children: Youngest aged 12 to 18,18,9,6,6,0,3,1,2,9,2,7
S01012188,All families in households,168,147,128,125,3,19,17,2,21,1,20
S01012188,Families with no dependent children,121,114,101,99,2,13,12,1,7,0,7
S01012188,Families with dependent children: Total,47,33,27,26,1,6,5,1,14,1,13
S01012188,Families with dependent children: Youngest aged 0 to 4,11,9,5,5,0,4,3,1,2,0,2
S01012188,Families with dependent children: Youngest aged 5 to 11,18,15,13,13,0,2,2,0,3,0,3
S01012188,Families with dependent children: Youngest aged 12 to 18,18,9,9,8,1,0,0,0,9,1,8
S01012189,All families in households,171,143,118,112,6,25,23,2,28,4,24
S01012189,Families with no dependent children,95,75,63,63,0,12,12,0,20,4,16
S01012189,Families with dependent children: Total,76,68,55,49,6,13,11,2,8,0,8
S01012189,Families with dependent children: Youngest aged 0 to 4,32,30,22,20,2,8,7,1,2,0,2
S01012189,Families with dependent children: Youngest aged 5 to 11,29,26,21,19,2,5,4,1,3,0,3
S01012189,Families with dependent children: Youngest aged 12 to 18,15,12,12,10,2,0,0,0,3,0,3
S01012190,All families in households,169,152,132,129,3,20,19,1,17,2,15
S01012190,Families with no dependent children,70,67,54,54,0,13,13,0,3,1,2
S01012190,Families with dependent children: Total,99,85,78,75,3,7,6,1,14,1,13
S01012190,Families with dependent children: Youngest aged 0 to 4,47,43,38,37,1,5,5,0,4,0,4
S01012190,Families with dependent children: Youngest aged 5 to 11,34,27,27,26,1,0,0,0,7,0,7
S01012190,Families with dependent children: Youngest aged 12 to 18,18,15,13,12,1,2,1,1,3,1,2
S01012191,All families in households,273,235,218,215,3,17,13,4,38,7,31
S01012191,Families with no dependent children,171,154,147,145,2,7,7,0,17,3,14
S01012191,Families with dependent children: Total,102,81,71,70,1,10,6,4,21,4,17
S01012191,Families with dependent children: Youngest aged 0 to 4,24,22,18,17,1,4,3,1,2,0,2
S01012191,Families with dependent children: Youngest aged 5 to 11,39,30,28,28,0,2,0,2,9,1,8
S01012191,Families with dependent children: Youngest aged 12 to 18,39,29,25,25,0,4,3,1,10,3,7
S01012192,All families in households,155,141,130,125,5,11,10,1,14,4,10
S01012192,Families with no dependent children,97,89,83,80,3,6,6,0,8,2,6
S01012192,Families with dependent children: Total,58,52,47,45,2,5,4,1,6,2,4
S01012192,Families with dependent children: Youngest aged 0 to 4,15,13,11,11,0,2,2,0,2,1,1
S01012192,Families with dependent children: Youngest aged 5 to 11,23,20,18,17,1,2,2,0,3,1,2
S01012192,Families with dependent children: Youngest aged 12 to 18,20,19,18,17,1,1,0,1,1,0,1
S01012193,All families in households,169,152,139,135,4,13,10,3,17,5,12
S01012193,Families with no dependent children,76,72,65,63,2,7,7,0,4,3,1
S01012193,Families with dependent children: Total,93,80,74,72,2,6,3,3,13,2,11
S01012193,Families with dependent children: Youngest aged 0 to 4,21,18,16,16,0,2,2,0,3,0,3
S01012193,Families with dependent children: Youngest aged 5 to 11,38,31,28,26,2,3,1,2,7,2,5
S01012193,Families with dependent children: Youngest aged 12 to 18,34,31,30,30,0,1,0,1,3,0,3
S01012194,All families in households,158,141,137,128,9,4,2,2,17,3,14
S01012194,Families with no dependent children,57,52,51,49,2,1,0,1,5,1,4
S01012194,Families with dependent children: Total,101,89,86,79,7,3,2,1,12,2,10
S01012194,Families with dependent children: Youngest aged 0 to 4,22,22,21,21,0,1,1,0,0,0,0
S01012194,Families with dependent children: Youngest aged 5 to 11,27,25,24,23,1,1,0,1,2,1,1
S01012194,Families with dependent children: Youngest aged 12 to 18,52,42,41,35,6,1,1,0,10,1,9
S01012195,All families in households,331,290,259,251,8,31,24,7,41,5,36
S01012195,Families with no dependent children,178,160,144,140,4,16,14,2,18,4,14
S01012195,Families with dependent children: Total,153,130,115,111,4,15,10,5,23,1,22
S01012195,Families with dependent children: Youngest aged 0 to 4,50,46,37,35,2,9,8,1,4,0,4
S01012195,Families with dependent children: Youngest aged 5 to 11,49,40,36,35,1,4,1,3,9,1,8
S01012195,Families with dependent children: Youngest aged 12 to 18,54,44,42,41,1,2,1,1,10,0,10
S01012196,All families in households,165,136,122,117,5,14,10,4,29,2,27
S01012196,Families with no dependent children,70,63,58,56,2,5,4,1,7,1,6
S01012196,Families with dependent children: Total,95,73,64,61,3,9,6,3,22,1,21
S01012196,Families with dependent children: Youngest aged 0 to 4,23,17,13,13,0,4,3,1,6,1,5
S01012196,Families with dependent children: Youngest aged 5 to 11,34,26,25,23,2,1,1,0,8,0,8
S01012196,Families with dependent children: Youngest aged 12 to 18,38,30,26,25,1,4,2,2,8,0,8
S01012197,All families in households,209,156,138,128,10,18,12,6,53,5,48
S01012197,Families with no dependent children,121,98,88,85,3,10,7,3,23,4,19
S01012197,Families with dependent children: Total,88,58,50,43,7,8,5,3,30,1,29
S01012197,Families with dependent children: Youngest aged 0 to 4,28,21,18,14,4,3,3,0,7,0,7
S01012197,Families with dependent children: Youngest aged 5 to 11,34,23,20,18,2,3,1,2,11,0,11
S01012197,Families with dependent children: Youngest aged 12 to 18,26,14,12,11,1,2,1,1,12,1,11
S01012198,All families in households,239,188,163,160,3,25,23,2,51,4,47
S01012198,Families with no dependent children,126,109,97,95,2,12,11,1,17,3,14
S01012198,Families with dependent children: Total,113,79,66,65,1,13,12,1,34,1,33
S01012198,Families with dependent children: Youngest aged 0 to 4,38,29,21,20,1,8,8,0,9,0,9
S01012198,Families with dependent children: Youngest aged 5 to 11,40,29,27,27,0,2,1,1,11,1,10
S01012198,Families with dependent children: Youngest aged 12 to 18,35,21,18,18,0,3,3,0,14,0,14
S01012199,All families in households,212,166,145,140,5,21,16,5,46,5,41
S01012199,Families with no dependent children,130,113,102,101,1,11,10,1,17,2,15
S01012199,Families with dependent children: Total,82,53,43,39,4,10,6,4,29,3,26
S01012199,Families with dependent children: Youngest aged 0 to 4,29,19,12,11,1,7,5,2,10,0,10
S01012199,Families with dependent children: Youngest aged 5 to 11,28,20,18,16,2,2,1,1,8,0,8
S01012199,Families with dependent children: Youngest aged 12 to 18,25,14,13,12,1,1,0,1,11,3,8
S01012200,All families in households,191,138,128,125,3,10,6,4,53,7,46
S01012200,Families with no dependent children,101,83,80,80,0,3,2,1,18,4,14
S01012200,Families with dependent children: Total,90,55,48,45,3,7,4,3,35,3,32
S01012200,Families with dependent children: Youngest aged 0 to 4,31,19,14,13,1,5,4,1,12,1,11
S01012200,Families with dependent children: Youngest aged 5 to 11,35,25,23,22,1,2,0,2,10,0,10
S01012200,Families with dependent children: Youngest aged 12 to 18,24,11,11,10,1,0,0,0,13,2,11
S01012201,All families in households,229,188,158,149,9,30,24,6,41,2,39
S01012201,Families with no dependent children,129,111,100,98,2,11,11,0,18,2,16
S01012201,Families with dependent children: Total,100,77,58,51,7,19,13,6,23,0,23
S01012201,Families with dependent children: Youngest aged 0 to 4,30,19,10,9,1,9,6,3,11,0,11
S01012201,Families with dependent children: Youngest aged 5 to 11,43,35,29,26,3,6,5,1,8,0,8
S01012201,Families with dependent children: Youngest aged 12 to 18,27,23,19,16,3,4,2,2,4,0,4
S01012202,All families in households,186,145,127,124,3,18,14,4,41,3,38
S01012202,Families with no dependent children,104,92,82,81,1,10,9,1,12,2,10
S01012202,Families with dependent children: Total,82,53,45,43,2,8,5,3,29,1,28
S01012202,Families with dependent children: Youngest aged 0 to 4,30,21,19,19,0,2,1,1,9,0,9
S01012202,Families with dependent children: Youngest aged 5 to 11,30,18,14,13,1,4,3,1,12,0,12
S01012202,Families with dependent children: Youngest aged 12 to 18,22,14,12,11,1,2,1,1,8,1,7
S01012203,All families in households,249,227,209,202,7,18,13,5,22,2,20
S01012203,Families with no dependent children,180,170,156,152,4,14,11,3,10,2,8
S01012203,Families with dependent children: Total,69,57,53,50,3,4,2,2,12,0,12
S01012203,Families with dependent children: Youngest aged 0 to 4,23,18,15,13,2,3,2,1,5,0,5
S01012203,Families with dependent children: Youngest aged 5 to 11,21,16,16,16,0,0,0,0,5,0,5
S01012203,Families with dependent children: Youngest aged 12 to 18,25,23,22,21,1,1,0,1,2,0,2
S01012204,All families in households,244,219,202,194,8,17,14,3,25,10,15
S01012204,Families with no dependent children,146,134,123,118,5,11,10,1,12,5,7
S01012204,Families with dependent children: Total,98,85,79,76,3,6,4,2,13,5,8
S01012204,Families with dependent children: Youngest aged 0 to 4,26,21,20,20,0,1,1,0,5,1,4
S01012204,Families with dependent children: Youngest aged 5 to 11,28,24,22,20,2,2,2,0,4,2,2
S01012204,Families with dependent children: Youngest aged 12 to 18,44,40,37,36,1,3,1,2,4,2,2
S01012205,All families in households,220,192,172,164,8,20,18,2,28,1,27
S01012205,Families with no dependent children,139,129,113,112,1,16,16,0,10,0,10
S01012205,Families with dependent children: Total,81,63,59,52,7,4,2,2,18,1,17
S01012205,Families with dependent children: Youngest aged 0 to 4,18,15,13,13,0,2,1,1,3,0,3
S01012205,Families with dependent children: Youngest aged 5 to 11,34,26,24,22,2,2,1,1,8,0,8
S01012205,Families with dependent children: Youngest aged 12 to 18,29,22,22,17,5,0,0,0,7,1,6
S01012206,All families in households,254,213,186,176,10,27,22,5,41,4,37
S01012206,Families with no dependent children,133,118,102,97,5,16,13,3,15,3,12
S01012206,Families with dependent children: Total,121,95,84,79,5,11,9,2,26,1,25
S01012206,Families with dependent children: Youngest aged 0 to 4,36,32,25,23,2,7,6,1,4,0,4
S01012206,Families with dependent children: Youngest aged 5 to 11,37,28,26,25,1,2,1,1,9,1,8
S01012206,Families with dependent children: Youngest aged 12 to 18,48,35,33,31,2,2,2,0,13,0,13
S01012207,All families in households,269,188,162,156,6,26,25,1,81,7,74
S01012207,Families with no dependent children,139,110,100,99,1,10,10,0,29,4,25
S01012207,Families with dependent children: Total,130,78,62,57,5,16,15,1,52,3,49
S01012207,Families with dependent children: Youngest aged 0 to 4,55,34,21,21,0,13,13,0,21,0,21
S01012207,Families with dependent children: Youngest aged 5 to 11,48,29,26,23,3,3,2,1,19,2,17
S01012207,Families with dependent children: Youngest aged 12 to 18,27,15,15,13,2,0,0,0,12,1,11
S01012208,All families in households,304,218,178,169,9,40,33,7,86,16,70
S01012208,Families with no dependent children,165,133,116,112,4,17,15,2,32,11,21
S01012208,Families with dependent children: Total,139,85,62,57,5,23,18,5,54,5,49
S01012208,Families with dependent children: Youngest aged 0 to 4,59,37,25,23,2,12,12,0,22,2,20
S01012208,Families with dependent children: Youngest aged 5 to 11,45,27,21,18,3,6,3,3,18,0,18
S01012208,Families with dependent children: Youngest aged 12 to 18,35,21,16,16,0,5,3,2,14,3,11
S01012209,All families in households,214,160,132,125,7,28,25,3,54,5,49
S01012209,Families with no dependent children,118,95,81,79,2,14,13,1,23,2,21
S01012209,Families with dependent children: Total,96,65,51,46,5,14,12,2,31,3,28
S01012209,Families with dependent children: Youngest aged 0 to 4,38,27,20,18,2,7,6,1,11,1,10
S01012209,Families with dependent children: Youngest aged 5 to 11,30,18,14,14,0,4,4,0,12,2,10
S01012209,Families with dependent children: Youngest aged 12 to 18,28,20,17,14,3,3,2,1,8,0,8
S01012210,All families in households,215,160,128,121,7,32,25,7,55,5,50
S01012210,Families with no dependent children,122,103,89,85,4,14,11,3,19,5,14
S01012210,Families with dependent children: Total,93,57,39,36,3,18,14,4,36,0,36
S01012210,Families with dependent children: Youngest aged 0 to 4,45,27,16,16,0,11,10,1,18,0,18
S01012210,Families with dependent children: Youngest aged 5 to 11,27,19,15,13,2,4,2,2,8,0,8
S01012210,Families with dependent children: Youngest aged 12 to 18,21,11,8,7,1,3,2,1,10,0,10
S01012211,All families in households,262,211,188,178,10,23,21,2,51,10,41
S01012211,Families with no dependent children,146,124,109,104,5,15,14,1,22,7,15
S01012211,Families with dependent children: Total,116,87,79,74,5,8,7,1,29,3,26
S01012211,Families with dependent children: Youngest aged 0 to 4,35,27,22,21,1,5,4,1,8,1,7
S01012211,Families with dependent children: Youngest aged 5 to 11,48,39,36,35,1,3,3,0,9,1,8
S01012211,Families with dependent children: Youngest aged 12 to 18,33,21,21,18,3,0,0,0,12,1,11
S01012212,All families in households,253,235,221,219,2,14,7,7,18,2,16
S01012212,Families with no dependent children,178,167,159,157,2,8,5,3,11,2,9
S01012212,Families with dependent children: Total,75,68,62,62,0,6,2,4,7,0,7
S01012212,Families with dependent children: Youngest aged 0 to 4,21,20,19,19,0,1,0,1,1,0,1
S01012212,Families with dependent children: Youngest aged 5 to 11,25,22,18,18,0,4,2,2,3,0,3
S01012212,Families with dependent children: Youngest aged 12 to 18,29,26,25,25,0,1,0,1,3,0,3
S01012213,All families in households,275,243,224,222,2,19,13,6,32,4,28
S01012213,Families with no dependent children,204,185,173,172,1,12,7,5,19,3,16
S01012213,Families with dependent children: Total,71,58,51,50,1,7,6,1,13,1,12
S01012213,Families with dependent children: Youngest aged 0 to 4,22,19,17,17,0,2,2,0,3,0,3
S01012213,Families with dependent children: Youngest aged 5 to 11,28,23,18,17,1,5,4,1,5,1,4
S01012213,Families with dependent children: Youngest aged 12 to 18,21,16,16,16,0,0,0,0,5,0,5
S01012214,All families in households,209,197,183,181,2,14,11,3,12,3,9
S01012214,Families with no dependent children,140,135,127,127,0,8,7,1,5,1,4
S01012214,Families with dependent children: Total,69,62,56,54,2,6,4,2,7,2,5
S01012214,Families with dependent children: Youngest aged 0 to 4,24,22,20,20,0,2,2,0,2,0,2
S01012214,Families with dependent children: Youngest aged 5 to 11,28,25,21,21,0,4,2,2,3,1,2
S01012214,Families with dependent children: Youngest aged 12 to 18,17,15,15,13,2,0,0,0,2,1,1
S01012215,All families in households,267,239,227,226,1,12,8,4,28,6,22
S01012215,Families with no dependent children,168,156,147,146,1,9,7,2,12,3,9
S01012215,Families with dependent children: Total,99,83,80,80,0,3,1,2,16,3,13
S01012215,Families with dependent children: Youngest aged 0 to 4,25,25,25,25,0,0,0,0,0,0,0
S01012215,Families with dependent children: Youngest aged 5 to 11,30,23,20,20,0,3,1,2,7,2,5
S01012215,Families with dependent children: Youngest aged 12 to 18,44,35,35,35,0,0,0,0,9,1,8
S01012216,All families in households,213,199,187,181,6,12,10,2,14,2,12
S01012216,Families with no dependent children,129,121,111,108,3,10,8,2,8,1,7
S01012216,Families with dependent children: Total,84,78,76,73,3,2,2,0,6,1,5
S01012216,Families with dependent children: Youngest aged 0 to 4,24,21,21,20,1,0,0,0,3,0,3
S01012216,Families with dependent children: Youngest aged 5 to 11,28,26,24,23,1,2,2,0,2,0,2
S01012216,Families with dependent children: Youngest aged 12 to 18,32,31,31,30,1,0,0,0,1,1,0
S01012217,All families in households,155,92,57,53,4,35,25,10,63,8,55
S01012217,Families with no dependent children,73,59,40,39,1,19,15,4,14,5,9
S01012217,Families with dependent children: Total,82,33,17,14,3,16,10,6,49,3,46
S01012217,Families with dependent children: Youngest aged 0 to 4,34,19,10,8,2,9,7,2,15,1,14
S01012217,Families with dependent children: Youngest aged 5 to 11,28,10,4,4,0,6,2,4,18,0,18
S01012217,Families with dependent children: Youngest aged 12 to 18,20,4,3,2,1,1,1,0,16,2,14
S01012218,All families in households,128,68,51,48,3,17,11,6,60,8,52
S01012218,Families with no dependent children,46,34,28,28,0,6,5,1,12,3,9
S01012218,Families with dependent children: Total,82,34,23,20,3,11,6,5,48,5,43
S01012218,Families with dependent children: Youngest aged 0 to 4,33,14,7,5,2,7,5,2,19,0,19
S01012218,Families with dependent children: Youngest aged 5 to 11,27,11,9,9,0,2,1,1,16,2,14
S01012218,Families with dependent children: Youngest aged 12 to 18,22,9,7,6,1,2,0,2,13,3,10
S01012219,All families in households,246,168,136,129,7,32,25,7,78,11,67
S01012219,Families with no dependent children,158,126,107,105,2,19,18,1,32,8,24
S01012219,Families with dependent children: Total,88,42,29,24,5,13,7,6,46,3,43
S01012219,Families with dependent children: Youngest aged 0 to 4,28,16,12,10,2,4,4,0,12,1,11
S01012219,Families with dependent children: Youngest aged 5 to 11,25,11,6,5,1,5,1,4,14,1,13
S01012219,Families with dependent children: Youngest aged 12 to 18,35,15,11,9,2,4,2,2,20,1,19
S01012220,All families in households,153,97,67,65,2,30,28,2,56,10,46
S01012220,Families with no dependent children,99,78,61,61,0,17,17,0,21,6,15
S01012220,Families with dependent children: Total,54,19,6,4,2,13,11,2,35,4,31
S01012220,Families with dependent children: Youngest aged 0 to 4,25,10,1,0,1,9,9,0,15,0,15
S01012220,Families with dependent children: Youngest aged 5 to 11,23,6,3,2,1,3,2,1,17,4,13
S01012220,Families with dependent children: Youngest aged 12 to 18,6,3,2,2,0,1,0,1,3,0,3
S01012221,All families in households,176,122,98,94,4,24,18,6,54,9,45
S01012221,Families with no dependent children,109,87,78,77,1,9,9,0,22,5,17
S01012221,Families with dependent children: Total,67,35,20,17,3,15,9,6,32,4,28
S01012221,Families with dependent children: Youngest aged 0 to 4,26,14,7,6,1,7,3,4,12,1,11
S01012221,Families with dependent children: Youngest aged 5 to 11,19,10,5,4,1,5,3,2,9,0,9
S01012221,Families with dependent children: Youngest aged 12 to 18,22,11,8,7,1,3,3,0,11,3,8
S01012222,All families in households,222,175,151,148,3,24,19,5,47,8,39
S01012222,Families with no dependent children,154,130,116,116,0,14,11,3,24,8,16
S01012222,Families with dependent children: Total,68,45,35,32,3,10,8,2,23,0,23
S01012222,Families with dependent children: Youngest aged 0 to 4,27,17,10,9,1,7,5,2,10,0,10
S01012222,Families with dependent children: Youngest aged 5 to 11,22,14,13,13,0,1,1,0,8,0,8
S01012222,Families with dependent children: Youngest aged 12 to 18,19,14,12,10,2,2,2,0,5,0,5
S01012223,All families in households,197,128,98,92,6,30,23,7,69,6,63
S01012223,Families with no dependent children,106,87,74,72,2,13,11,2,19,6,13
S01012223,Families with dependent children: Total,91,41,24,20,4,17,12,5,50,0,50
S01012223,Families with dependent children: Youngest aged 0 to 4,30,15,6,4,2,9,7,2,15,0,15
S01012223,Families with dependent children: Youngest aged 5 to 11,35,13,9,8,1,4,3,1,22,0,22
S01012223,Families with dependent children: Youngest aged 12 to 18,26,13,9,8,1,4,2,2,13,0,13
S01012224,All families in households,220,154,121,109,12,33,28,5,66,7,59
S01012224,Families with no dependent children,107,89,73,70,3,16,16,0,18,2,16
S01012224,Families with dependent children: Total,113,65,48,39,9,17,12,5,48,5,43
S01012224,Families with dependent children: Youngest aged 0 to 4,37,24,13,10,3,11,8,3,13,0,13
S01012224,Families with dependent children: Youngest aged 5 to 11,40,23,18,16,2,5,4,1,17,2,15
S01012224,Families with dependent children: Youngest aged 12 to 18,36,18,17,13,4,1,0,1,18,3,15
S01012225,All families in households,286,191,139,128,11,52,33,19,95,10,85
S01012225,Families with no dependent children,132,98,83,80,3,15,11,4,34,7,27
S01012225,Families with dependent children: Total,154,93,56,48,8,37,22,15,61,3,58
S01012225,Families with dependent children: Youngest aged 0 to 4,67,41,17,15,2,24,14,10,26,1,25
S01012225,Families with dependent children: Youngest aged 5 to 11,41,24,19,15,4,5,3,2,17,0,17
S01012225,Families with dependent children: Youngest aged 12 to 18,46,28,20,18,2,8,5,3,18,2,16
S01012226,All families in households,221,169,149,141,8,20,17,3,52,6,46
S01012226,Families with no dependent children,122,102,92,88,4,10,9,1,20,5,15
S01012226,Families with dependent children: Total,99,67,57,53,4,10,8,2,32,1,31
S01012226,Families with dependent children: Youngest aged 0 to 4,24,19,17,17,0,2,1,1,5,0,5
S01012226,Families with dependent children: Youngest aged 5 to 11,45,33,26,23,3,7,7,0,12,1,11
S01012226,Families with dependent children: Youngest aged 12 to 18,30,15,14,13,1,1,0,1,15,0,15
S01012227,All families in households,204,146,128,121,7,18,12,6,58,4,54
S01012227,Families with no dependent children,114,94,87,86,1,7,5,2,20,4,16
S01012227,Families with dependent children: Total,90,52,41,35,6,11,7,4,38,0,38
S01012227,Families with dependent children: Youngest aged 0 to 4,31,15,12,12,0,3,2,1,16,0,16
S01012227,Families with dependent children: Youngest aged 5 to 11,32,19,16,14,2,3,2,1,13,0,13
S01012227,Families with dependent children: Youngest aged 12 to 18,27,18,13,9,4,5,3,2,9,0,9
S01012228,All families in households,207,167,143,139,4,24,19,5,40,5,35
S01012228,Families with no dependent children,116,98,91,91,0,7,7,0,18,3,15
S01012228,Families with dependent children: Total,91,69,52,48,4,17,12,5,22,2,20
S01012228,Families with dependent children: Youngest aged 0 to 4,27,22,16,16,0,6,6,0,5,0,5
S01012228,Families with dependent children: Youngest aged 5 to 11,33,26,17,14,3,9,5,4,7,2,5
S01012228,Families with dependent children: Youngest aged 12 to 18,31,21,19,18,1,2,1,1,10,0,10
S01012229,All families in households,210,188,161,159,2,27,24,3,22,3,19
S01012229,Families with no dependent children,136,127,109,108,1,18,17,1,9,3,6
S01012229,Families with dependent children: Total,74,61,52,51,1,9,7,2,13,0,13
S01012229,Families with dependent children: Youngest aged 0 to 4,27,25,20,19,1,5,4,1,2,0,2
S01012229,Families with dependent children: Youngest aged 5 to 11,29,21,17,17,0,4,3,1,8,0,8
S01012229,Families with dependent children: Youngest aged 12 to 18,18,15,15,15,0,0,0,0,3,0,3
S01012230,All families in households,282,248,216,213,3,32,29,3,34,1,33
S01012230,Families with no dependent children,154,143,124,124,0,19,19,0,11,0,11
S01012230,Families with dependent children: Total,128,105,92,89,3,13,10,3,23,1,22
S01012230,Families with dependent children: Youngest aged 0 to 4,38,38,32,31,1,6,6,0,0,0,0
S01012230,Families with dependent children: Youngest aged 5 to 11,54,38,35,33,2,3,3,0,16,0,16
S01012230,Families with dependent children: Youngest aged 12 to 18,36,29,25,25,0,4,1,3,7,1,6
S01012231,All families in households,246,225,213,209,4,12,9,3,21,7,14
S01012231,Families with no dependent children,124,115,109,108,1,6,5,1,9,4,5
S01012231,Families with dependent children: Total,122,110,104,101,3,6,4,2,12,3,9
S01012231,Families with dependent children: Youngest aged 0 to 4,27,25,22,22,0,3,2,1,2,2,0
S01012231,Families with dependent children: Youngest aged 5 to 11,51,44,42,40,2,2,1,1,7,1,6
S01012231,Families with dependent children: Youngest aged 12 to 18,44,41,40,39,1,1,1,0,3,0,3
S01012232,All families in households,256,230,208,205,3,22,18,4,26,5,21
S01012232,Families with no dependent children,129,114,105,105,0,9,9,0,15,3,12
S01012232,Families with dependent children: Total,127,116,103,100,3,13,9,4,11,2,9
S01012232,Families with dependent children: Youngest aged 0 to 4,38,37,33,32,1,4,3,1,1,0,1
S01012232,Families with dependent children: Youngest aged 5 to 11,51,46,41,40,1,5,5,0,5,0,5
S01012232,Families with dependent children: Youngest aged 12 to 18,38,33,29,28,1,4,1,3,5,2,3
S01012233,All families in households,304,274,256,244,12,18,16,2,30,5,25
S01012233,Families with no dependent children,183,170,159,154,5,11,11,0,13,4,9
S01012233,Families with dependent children: Total,121,104,97,90,7,7,5,2,17,1,16
S01012233,Families with dependent children: Youngest aged 0 to 4,41,37,35,34,1,2,2,0,4,1,3
S01012233,Families with dependent children: Youngest aged 5 to 11,40,34,30,26,4,4,2,2,6,0,6
S01012233,Families with dependent children: Youngest aged 12 to 18,40,33,32,30,2,1,1,0,7,0,7
S01012234,All families in households,320,287,255,249,6,32,27,5,33,4,29
S01012234,Families with no dependent children,158,150,134,133,1,16,13,3,8,2,6
S01012234,Families with dependent children: Total,162,137,121,116,5,16,14,2,25,2,23
S01012234,Families with dependent children: Youngest aged 0 to 4,53,47,40,39,1,7,7,0,6,0,6
S01012234,Families with dependent children: Youngest aged 5 to 11,59,47,39,38,1,8,7,1,12,0,12
S01012234,Families with dependent children: Youngest aged 12 to 18,50,43,42,39,3,1,0,1,7,2,5
S01012235,All families in households,152,147,143,138,5,4,2,2,5,2,3
S01012235,Families with no dependent children,118,115,113,111,2,2,2,0,3,2,1
S01012235,Families with dependent children: Total,34,32,30,27,3,2,0,2,2,0,2
S01012235,Families with dependent children: Youngest aged 0 to 4,5,4,4,4,0,0,0,0,1,0,1
S01012235,Families with dependent children: Youngest aged 5 to 11,14,14,12,11,1,2,0,2,0,0,0
S01012235,Families with dependent children: Youngest aged 12 to 18,15,14,14,12,2,0,0,0,1,0,1
S01012236,All families in households,177,143,129,125,4,14,12,2,34,1,33
S01012236,Families with no dependent children,98,81,73,72,1,8,7,1,17,1,16
S01012236,Families with dependent children: Total,79,62,56,53,3,6,5,1,17,0,17
S01012236,Families with dependent children: Youngest aged 0 to 4,21,16,13,13,0,3,3,0,5,0,5
S01012236,Families with dependent children: Youngest aged 5 to 11,23,20,19,19,0,1,1,0,3,0,3
S01012236,Families with dependent children: Youngest aged 12 to 18,35,26,24,21,3,2,1,1,9,0,9
S01012237,All families in households,241,221,206,200,6,15,12,3,20,2,18
S01012237,Families with no dependent children,131,125,117,115,2,8,7,1,6,2,4
S01012237,Families with dependent children: Total,110,96,89,85,4,7,5,2,14,0,14
S01012237,Families with dependent children: Youngest aged 0 to 4,34,33,30,30,0,3,2,1,1,0,1
S01012237,Families with dependent children: Youngest aged 5 to 11,38,32,29,29,0,3,3,0,6,0,6
S01012237,Families with dependent children: Youngest aged 12 to 18,38,31,30,26,4,1,0,1,7,0,7
S01012238,All families in households,164,130,89,87,2,41,35,6,34,6,28
S01012238,Families with no dependent children,90,74,50,50,0,24,23,1,16,2,14
S01012238,Families with dependent children: Total,74,56,39,37,2,17,12,5,18,4,14
S01012238,Families with dependent children: Youngest aged 0 to 4,28,24,14,13,1,10,9,1,4,0,4
S01012238,Families with dependent children: Youngest aged 5 to 11,22,15,11,11,0,4,2,2,7,2,5
S01012238,Families with dependent children: Youngest aged 12 to 18,24,17,14,13,1,3,1,2,7,2,5
S01012239,All families in households,165,113,80,72,8,33,28,5,52,6,46
S01012239,Families with no dependent children,87,71,54,50,4,17,17,0,16,2,14
S01012239,Families with dependent children: Total,78,42,26,22,4,16,11,5,36,4,32
S01012239,Families with dependent children: Youngest aged 0 to 4,24,15,8,7,1,7,6,1,9,1,8
S01012239,Families with dependent children: Youngest aged 5 to 11,25,15,9,8,1,6,4,2,10,1,9
S01012239,Families with dependent children: Youngest aged 12 to 18,29,12,9,7,2,3,1,2,17,2,15
S01012240,All families in households,238,198,162,157,5,36,28,8,40,8,32
S01012240,Families with no dependent children,140,125,105,103,2,20,19,1,15,7,8
S01012240,Families with dependent children: Total,98,73,57,54,3,16,9,7,25,1,24
S01012240,Families with dependent children: Youngest aged 0 to 4,33,26,17,16,1,9,7,2,7,1,6
S01012240,Families with dependent children: Youngest aged 5 to 11,30,20,17,15,2,3,1,2,10,0,10
S01012240,Families with dependent children: Youngest aged 12 to 18,35,27,23,23,0,4,1,3,8,0,8
S01012241,All families in households,180,171,157,156,1,14,14,0,9,1,8
S01012241,Families with no dependent children,110,109,99,99,0,10,10,0,1,1,0
S01012241,Families with dependent children: Total,70,62,58,57,1,4,4,0,8,0,8
S01012241,Families with dependent children: Youngest aged 0 to 4,24,22,20,20,0,2,2,0,2,0,2
S01012241,Families with dependent children: Youngest aged 5 to 11,29,25,23,22,1,2,2,0,4,0,4
S01012241,Families with dependent children: Youngest aged 12 to 18,17,15,15,15,0,0,0,0,2,0,2
S01012242,All families in households,247,225,209,204,5,16,11,5,22,2,20
S01012242,Families with no dependent children,136,128,120,119,1,8,7,1,8,1,7
S01012242,Families with dependent children: Total,111,97,89,85,4,8,4,4,14,1,13
S01012242,Families with dependent children: Youngest aged 0 to 4,26,23,19,18,1,4,3,1,3,0,3
S01012242,Families with dependent children: Youngest aged 5 to 11,44,39,37,35,2,2,1,1,5,1,4
S01012242,Families with dependent children: Youngest aged 12 to 18,41,35,33,32,1,2,0,2,6,0,6
S01012243,All families in households,184,169,148,144,4,21,17,4,15,3,12
S01012243,Families with no dependent children,94,90,81,80,1,9,9,0,4,1,3
S01012243,Families with dependent children: Total,90,79,67,64,3,12,8,4,11,2,9
S01012243,Families with dependent children: Youngest aged 0 to 4,32,27,22,22,0,5,4,1,5,1,4
S01012243,Families with dependent children: Youngest aged 5 to 11,35,33,27,25,2,6,4,2,2,0,2
S01012243,Families with dependent children: Youngest aged 12 to 18,23,19,18,17,1,1,0,1,4,1,3
S01012244,All families in households,280,269,228,219,9,41,36,5,11,2,9
S01012244,Families with no dependent children,155,152,124,119,5,28,25,3,3,2,1
S01012244,Families with dependent children: Total,125,117,104,100,4,13,11,2,8,0,8
S01012244,Families with dependent children: Youngest aged 0 to 4,45,45,41,39,2,4,3,1,0,0,0
S01012244,Families with dependent children: Youngest aged 5 to 11,44,40,33,31,2,7,7,0,4,0,4
S01012244,Families with dependent children: Youngest aged 12 to 18,36,32,30,30,0,2,1,1,4,0,4
S01012245,All families in households,217,197,175,169,6,22,18,4,20,4,16
S01012245,Families with no dependent children,126,119,109,108,1,10,10,0,7,1,6
S01012245,Families with dependent children: Total,91,78,66,61,5,12,8,4,13,3,10
S01012245,Families with dependent children: Youngest aged 0 to 4,34,31,25,23,2,6,5,1,3,1,2
S01012245,Families with dependent children: Youngest aged 5 to 11,36,30,26,25,1,4,2,2,6,1,5
S01012245,Families with dependent children: Youngest aged 12 to 18,21,17,15,13,2,2,1,1,4,1,3
S01012246,All families in households,242,212,195,189,6,17,17,0,30,6,24
S01012246,Families with no dependent children,113,106,95,95,0,11,11,0,7,1,6
S01012246,Families with dependent children: Total,129,106,100,94,6,6,6,0,23,5,18
S01012246,Families with dependent children: Youngest aged 0 to 4,47,43,39,35,4,4,4,0,4,0,4
S01012246,Families with dependent children: Youngest aged 5 to 11,49,42,40,38,2,2,2,0,7,0,7
S01012246,Families with dependent children: Youngest aged 12 to 18,33,21,21,21,0,0,0,0,12,5,7
S01012247,All families in households,229,209,174,169,5,35,32,3,20,3,17
S01012247,Families with no dependent children,142,135,107,105,2,28,28,0,7,2,5
S01012247,Families with dependent children: Total,87,74,67,64,3,7,4,3,13,1,12
S01012247,Families with dependent children: Youngest aged 0 to 4,26,24,22,22,0,2,2,0,2,0,2
S01012247,Families with dependent children: Youngest aged 5 to 11,33,28,24,23,1,4,2,2,5,1,4
S01012247,Families with dependent children: Youngest aged 12 to 18,28,22,21,19,2,1,0,1,6,0,6
S01012248,All families in households,250,230,200,196,4,30,29,1,20,1,19
S01012248,Families with no dependent children,147,142,123,123,0,19,19,0,5,1,4
S01012248,Families with dependent children: Total,103,88,77,73,4,11,10,1,15,0,15
S01012248,Families with dependent children: Youngest aged 0 to 4,28,26,23,22,1,3,3,0,2,0,2
S01012248,Families with dependent children: Youngest aged 5 to 11,45,36,31,31,0,5,4,1,9,0,9
S01012248,Families with dependent children: Youngest aged 12 to 18,30,26,23,20,3,3,3,0,4,0,4
S01012249,All families in households,268,240,213,206,7,27,22,5,28,3,25
S01012249,Families with no dependent children,152,147,133,130,3,14,13,1,5,2,3
S01012249,Families with dependent children: Total,116,93,80,76,4,13,9,4,23,1,22
S01012249,Families with dependent children: Youngest aged 0 to 4,45,39,29,28,1,10,8,2,6,0,6
S01012249,Families with dependent children: Youngest aged 5 to 11,37,27,25,25,0,2,0,2,10,0,10
S01012249,Families with dependent children: Youngest aged 12 to 18,34,27,26,23,3,1,1,0,7,1,6
S01012250,All families in households,213,201,162,161,1,39,36,3,12,3,9
S01012250,Families with no dependent children,142,137,109,109,0,28,27,1,5,2,3
S01012250,Families with dependent children: Total,71,64,53,52,1,11,9,2,7,1,6
S01012250,Families with dependent children: Youngest aged 0 to 4,22,22,15,15,0,7,6,1,0,0,0
S01012250,Families with dependent children: Youngest aged 5 to 11,30,26,23,23,0,3,2,1,4,0,4
S01012250,Families with dependent children: Youngest aged 12 to 18,19,16,15,14,1,1,1,0,3,1,2
S01012251,All families in households,273,214,169,164,5,45,40,5,59,14,45
S01012251,Families with no dependent children,153,131,104,102,2,27,26,1,22,6,16
S01012251,Families with dependent children: Total,120,83,65,62,3,18,14,4,37,8,29
S01012251,Families with dependent children: Youngest aged 0 to 4,40,30,19,17,2,11,9,2,10,1,9
S01012251,Families with dependent children: Youngest aged 5 to 11,47,31,26,26,0,5,5,0,16,5,11
S01012251,Families with dependent children: Youngest aged 12 to 18,33,22,20,19,1,2,0,2,11,2,9
S01012252,All families in households,205,163,115,110,5,48,39,9,42,6,36
S01012252,Families with no dependent children,101,84,62,61,1,22,20,2,17,4,13
S01012252,Families with dependent children: Total,104,79,53,49,4,26,19,7,25,2,23
S01012252,Families with dependent children: Youngest aged 0 to 4,39,32,20,20,0,12,11,1,7,1,6
S01012252,Families with dependent children: Youngest aged 5 to 11,38,28,19,17,2,9,6,3,10,0,10
S01012252,Families with dependent children: Youngest aged 12 to 18,27,19,14,12,2,5,2,3,8,1,7
S01012253,All families in households,218,188,146,143,3,42,36,6,30,3,27
S01012253,Families with no dependent children,161,142,109,109,0,33,32,1,19,3,16
S01012253,Families with dependent children: Total,57,46,37,34,3,9,4,5,11,0,11
S01012253,Families with dependent children: Youngest aged 0 to 4,15,12,10,10,0,2,2,0,3,0,3
S01012253,Families with dependent children: Youngest aged 5 to 11,16,15,11,9,2,4,1,3,1,0,1
S01012253,Families with dependent children: Youngest aged 12 to 18,26,19,16,15,1,3,1,2,7,0,7
S01012254,All families in households,238,213,172,169,3,41,35,6,25,5,20
S01012254,Families with no dependent children,143,131,108,108,0,23,21,2,12,2,10
S01012254,Families with dependent children: Total,95,82,64,61,3,18,14,4,13,3,10
S01012254,Families with dependent children: Youngest aged 0 to 4,37,36,26,25,1,10,10,0,1,1,0
S01012254,Families with dependent children: Youngest aged 5 to 11,34,30,23,23,0,7,4,3,4,0,4
S01012254,Families with dependent children: Youngest aged 12 to 18,24,16,15,13,2,1,0,1,8,2,6
S01012255,All families in households,246,220,180,178,2,40,39,1,26,0,26
S01012255,Families with no dependent children,174,167,134,133,1,33,33,0,7,0,7
S01012255,Families with dependent children: Total,72,53,46,45,1,7,6,1,19,0,19
S01012255,Families with dependent children: Youngest aged 0 to 4,35,27,20,19,1,7,6,1,8,0,8
S01012255,Families with dependent children: Youngest aged 5 to 11,20,16,16,16,0,0,0,0,4,0,4
S01012255,Families with dependent children: Youngest aged 12 to 18,17,10,10,10,0,0,0,0,7,0,7
S01012256,All families in households,283,241,206,196,10,35,30,5,42,12,30
S01012256,Families with no dependent children,144,128,111,109,2,17,16,1,16,6,10
S01012256,Families with dependent children: Total,139,113,95,87,8,18,14,4,26,6,20
S01012256,Families with dependent children: Youngest aged 0 to 4,55,44,33,32,1,11,11,0,11,2,9
S01012256,Families with dependent children: Youngest aged 5 to 11,43,35,31,28,3,4,2,2,8,2,6
S01012256,Families with dependent children: Youngest aged 12 to 18,41,34,31,27,4,3,1,2,7,2,5
S01012257,All families in households,290,241,214,209,5,27,20,7,49,9,40
S01012257,Families with no dependent children,179,162,151,150,1,11,10,1,17,5,12
S01012257,Families with dependent children: Total,111,79,63,59,4,16,10,6,32,4,28
S01012257,Families with dependent children: Youngest aged 0 to 4,37,31,21,21,0,10,6,4,6,0,6
S01012257,Families with dependent children: Youngest aged 5 to 11,36,28,23,21,2,5,4,1,8,1,7
S01012257,Families with dependent children: Youngest aged 12 to 18,38,20,19,17,2,1,0,1,18,3,15
S01012258,All families in households,246,226,213,208,5,13,11,2,20,2,18
S01012258,Families with no dependent children,145,139,131,129,2,8,8,0,6,1,5
S01012258,Families with dependent children: Total,101,87,82,79,3,5,3,2,14,1,13
S01012258,Families with dependent children: Youngest aged 0 to 4,31,29,25,24,1,4,3,1,2,0,2
S01012258,Families with dependent children: Youngest aged 5 to 11,37,33,32,31,1,1,0,1,4,0,4
S01012258,Families with dependent children: Youngest aged 12 to 18,33,25,25,24,1,0,0,0,8,1,7
S01012259,All families in households,195,189,178,175,3,11,8,3,6,2,4
S01012259,Families with no dependent children,138,135,128,128,0,7,7,0,3,1,2
S01012259,Families with dependent children: Total,57,54,50,47,3,4,1,3,3,1,2
S01012259,Families with dependent children: Youngest aged 0 to 4,13,13,13,12,1,0,0,0,0,0,0
S01012259,Families with dependent children: Youngest aged 5 to 11,21,21,17,15,2,4,1,3,0,0,0
S01012259,Families with dependent children: Youngest aged 12 to 18,23,20,20,20,0,0,0,0,3,1,2
S01012260,All families in households,255,222,193,183,10,29,24,5,33,4,29
S01012260,Families with no dependent children,148,131,117,112,5,14,14,0,17,1,16
S01012260,Families with dependent children: Total,107,91,76,71,5,15,10,5,16,3,13
S01012260,Families with dependent children: Youngest aged 0 to 4,38,32,24,24,0,8,4,4,6,1,5
S01012260,Families with dependent children: Youngest aged 5 to 11,38,34,28,26,2,6,5,1,4,0,4
S01012260,Families with dependent children: Youngest aged 12 to 18,31,25,24,21,3,1,1,0,6,2,4
S01012261,All families in households,268,244,216,210,6,28,21,7,24,4,20
S01012261,Families with no dependent children,123,116,103,102,1,13,11,2,7,2,5
S01012261,Families with dependent children: Total,145,128,113,108,5,15,10,5,17,2,15
S01012261,Families with dependent children: Youngest aged 0 to 4,48,45,39,39,0,6,6,0,3,0,3
S01012261,Families with dependent children: Youngest aged 5 to 11,57,50,43,41,2,7,4,3,7,1,6
S01012261,Families with dependent children: Youngest aged 12 to 18,40,33,31,28,3,2,0,2,7,1,6
S01012262,All families in households,246,232,185,180,5,47,43,4,14,3,11
S01012262,Families with no dependent children,160,155,122,122,0,33,30,3,5,1,4
S01012262,Families with dependent children: Total,86,77,63,58,5,14,13,1,9,2,7
S01012262,Families with dependent children: Youngest aged 0 to 4,29,28,26,23,3,2,2,0,1,0,1
S01012262,Families with dependent children: Youngest aged 5 to 11,38,34,25,24,1,9,8,1,4,1,3
S01012262,Families with dependent children: Youngest aged 12 to 18,19,15,12,11,1,3,3,0,4,1,3
S01012263,All families in households,194,154,111,107,4,43,38,5,40,5,35
S01012263,Families with no dependent children,113,100,78,77,1,22,22,0,13,3,10
S01012263,Families with dependent children: Total,81,54,33,30,3,21,16,5,27,2,25
S01012263,Families with dependent children: Youngest aged 0 to 4,37,25,16,15,1,9,9,0,12,1,11
S01012263,Families with dependent children: Youngest aged 5 to 11,19,12,4,3,1,8,5,3,7,1,6
S01012263,Families with dependent children: Youngest aged 12 to 18,25,17,13,12,1,4,2,2,8,0,8
S01012264,All families in households,140,121,106,102,4,15,10,5,19,3,16
S01012264,Families with no dependent children,85,79,73,72,1,6,5,1,6,2,4
S01012264,Families with dependent children: Total,55,42,33,30,3,9,5,4,13,1,12
S01012264,Families with dependent children: Youngest aged 0 to 4,21,16,12,11,1,4,4,0,5,0,5
S01012264,Families with dependent children: Youngest aged 5 to 11,21,16,13,11,2,3,0,3,5,1,4
S01012264,Families with dependent children: Youngest aged 12 to 18,13,10,8,8,0,2,1,1,3,0,3
S01012265,All families in households,240,188,158,152,6,30,20,10,52,8,44
S01012265,Families with no dependent children,141,120,113,113,0,7,6,1,21,5,16
S01012265,Families with dependent children: Total,99,68,45,39,6,23,14,9,31,3,28
S01012265,Families with dependent children: Youngest aged 0 to 4,46,32,19,16,3,13,8,5,14,2,12
S01012265,Families with dependent children: Youngest aged 5 to 11,29,21,14,12,2,7,6,1,8,0,8
S01012265,Families with dependent children: Youngest aged 12 to 18,24,15,12,11,1,3,0,3,9,1,8
S01012266,All families in households,322,286,236,227,9,50,45,5,36,6,30
S01012266,Families with no dependent children,214,202,169,167,2,33,32,1,12,2,10
S01012266,Families with dependent children: Total,108,84,67,60,7,17,13,4,24,4,20
S01012266,Families with dependent children: Youngest aged 0 to 4,50,42,29,29,0,13,11,2,8,1,7
S01012266,Families with dependent children: Youngest aged 5 to 11,25,19,17,13,4,2,1,1,6,0,6
S01012266,Families with dependent children: Youngest aged 12 to 18,33,23,21,18,3,2,1,1,10,3,7
S01012267,All families in households,220,200,167,164,3,33,29,4,20,3,17
S01012267,Families with no dependent children,147,139,116,115,1,23,22,1,8,1,7
S01012267,Families with dependent children: Total,73,61,51,49,2,10,7,3,12,2,10
S01012267,Families with dependent children: Youngest aged 0 to 4,24,21,17,17,0,4,4,0,3,0,3
S01012267,Families with dependent children: Youngest aged 5 to 11,26,24,19,18,1,5,3,2,2,0,2
S01012267,Families with dependent children: Youngest aged 12 to 18,23,16,15,14,1,1,0,1,7,2,5
S01012268,All families in households,183,172,148,141,7,24,19,5,11,3,8
S01012268,Families with no dependent children,106,102,87,85,2,15,13,2,4,1,3
S01012268,Families with dependent children: Total,77,70,61,56,5,9,6,3,7,2,5
S01012268,Families with dependent children: Youngest aged 0 to 4,20,19,16,14,2,3,3,0,1,0,1
S01012268,Families with dependent children: Youngest aged 5 to 11,30,28,25,23,2,3,1,2,2,1,1
S01012268,Families with dependent children: Youngest aged 12 to 18,27,23,20,19,1,3,2,1,4,1,3
S01012269,All families in households,297,264,224,216,8,40,37,3,33,5,28
S01012269,Families with no dependent children,190,174,154,153,1,20,18,2,16,3,13
S01012269,Families with dependent children: Total,107,90,70,63,7,20,19,1,17,2,15
S01012269,Families with dependent children: Youngest aged 0 to 4,43,35,20,19,1,15,14,1,8,1,7
S01012269,Families with dependent children: Youngest aged 5 to 11,33,30,28,25,3,2,2,0,3,0,3
S01012269,Families with dependent children: Youngest aged 12 to 18,31,25,22,19,3,3,3,0,6,1,5
S01012270,All families in households,229,180,144,135,9,36,29,7,49,12,37
S01012270,Families with no dependent children,129,114,93,90,3,21,19,2,15,5,10
S01012270,Families with dependent children: Total,100,66,51,45,6,15,10,5,34,7,27
S01012270,Families with dependent children: Youngest aged 0 to 4,30,24,18,15,3,6,5,1,6,0,6
S01012270,Families with dependent children: Youngest aged 5 to 11,38,23,19,18,1,4,3,1,15,4,11
S01012270,Families with dependent children: Youngest aged 12 to 18,32,19,14,12,2,5,2,3,13,3,10
S01012271,All families in households,319,306,247,243,4,59,49,10,13,5,8
S01012271,Families with no dependent children,194,189,154,152,2,35,34,1,5,3,2
S01012271,Families with dependent children: Total,125,117,93,91,2,24,15,9,8,2,6
S01012271,Families with dependent children: Youngest aged 0 to 4,48,46,33,32,1,13,11,2,2,0,2
S01012271,Families with dependent children: Youngest aged 5 to 11,46,42,35,35,0,7,3,4,4,0,4
S01012271,Families with dependent children: Youngest aged 12 to 18,31,29,25,24,1,4,1,3,2,2,0
S01012272,All families in households,214,190,151,145,6,39,34,5,24,4,20
S01012272,Families with no dependent children,123,118,98,95,3,20,18,2,5,2,3
S01012272,Families with dependent children: Total,91,72,53,50,3,19,16,3,19,2,17
S01012272,Families with dependent children: Youngest aged 0 to 4,25,23,11,11,0,12,10,2,2,0,2
S01012272,Families with dependent children: Youngest aged 5 to 11,35,26,21,19,2,5,4,1,9,1,8
S01012272,Families with dependent children: Youngest aged 12 to 18,31,23,21,20,1,2,2,0,8,1,7
S01012273,All families in households,234,215,195,189,6,20,16,4,19,4,15
S01012273,Families with no dependent children,162,155,140,138,2,15,13,2,7,2,5
S01012273,Families with dependent children: Total,72,60,55,51,4,5,3,2,12,2,10
S01012273,Families with dependent children: Youngest aged 0 to 4,27,25,21,21,0,4,3,1,2,0,2
S01012273,Families with dependent children: Youngest aged 5 to 11,18,17,16,13,3,1,0,1,1,1,0
S01012273,Families with dependent children: Youngest aged 12 to 18,27,18,18,17,1,0,0,0,9,1,8
S01012274,All families in households,282,240,187,182,5,53,46,7,42,9,33
S01012274,Families with no dependent children,178,158,124,122,2,34,33,1,20,7,13
S01012274,Families with dependent children: Total,104,82,63,60,3,19,13,6,22,2,20
S01012274,Families with dependent children: Youngest aged 0 to 4,45,39,28,27,1,11,9,2,6,0,6
S01012274,Families with dependent children: Youngest aged 5 to 11,30,26,21,19,2,5,2,3,4,1,3
S01012274,Families with dependent children: Youngest aged 12 to 18,29,17,14,14,0,3,2,1,12,1,11
S01012275,All families in households,185,150,89,84,5,61,58,3,35,4,31
S01012275,Families with no dependent children,119,108,64,63,1,44,44,0,11,3,8
S01012275,Families with dependent children: Total,66,42,25,21,4,17,14,3,24,1,23
S01012275,Families with dependent children: Youngest aged 0 to 4,34,23,12,12,0,11,11,0,11,0,11
S01012275,Families with dependent children: Youngest aged 5 to 11,20,14,9,7,2,5,2,3,6,0,6
S01012275,Families with dependent children: Youngest aged 12 to 18,12,5,4,2,2,1,1,0,7,1,6
S01012276,All families in households,251,220,177,172,5,43,35,8,31,6,25
S01012276,Families with no dependent children,160,150,120,119,1,30,26,4,10,6,4
S01012276,Families with dependent children: Total,91,70,57,53,4,13,9,4,21,0,21
S01012276,Families with dependent children: Youngest aged 0 to 4,41,33,23,21,2,10,8,2,8,0,8
S01012276,Families with dependent children: Youngest aged 5 to 11,24,21,20,19,1,1,1,0,3,0,3
S01012276,Families with dependent children: Youngest aged 12 to 18,26,16,14,13,1,2,0,2,10,0,10
S01012277,All families in households,301,257,180,175,5,77,53,24,44,5,39
S01012277,Families with no dependent children,165,156,115,111,4,41,40,1,9,0,9
S01012277,Families with dependent children: Total,136,101,65,64,1,36,13,23,35,5,30
S01012277,Families with dependent children: Youngest aged 0 to 4,65,58,38,38,0,20,9,11,7,0,7
S01012277,Families with dependent children: Youngest aged 5 to 11,37,24,13,12,1,11,2,9,13,1,12
S01012277,Families with dependent children: Youngest aged 12 to 18,34,19,14,14,0,5,2,3,15,4,11
S01012278,All families in households,142,126,100,97,3,26,23,3,16,1,15
S01012278,Families with no dependent children,92,86,69,68,1,17,17,0,6,1,5
S01012278,Families with dependent children: Total,50,40,31,29,2,9,6,3,10,0,10
S01012278,Families with dependent children: Youngest aged 0 to 4,19,19,11,10,1,8,6,2,0,0,0
S01012278,Families with dependent children: Youngest aged 5 to 11,12,7,7,7,0,0,0,0,5,0,5
S01012278,Families with dependent children: Youngest aged 12 to 18,19,14,13,12,1,1,0,1,5,0,5
S01012279,All families in households,206,153,106,100,6,47,40,7,53,5,48
S01012279,Families with no dependent children,110,100,74,74,0,26,25,1,10,1,9
S01012279,Families with dependent children: Total,96,53,32,26,6,21,15,6,43,4,39
S01012279,Families with dependent children: Youngest aged 0 to 4,39,21,7,6,1,14,12,2,18,1,17
S01012279,Families with dependent children: Youngest aged 5 to 11,32,17,12,10,2,5,3,2,15,2,13
S01012279,Families with dependent children: Youngest aged 12 to 18,25,15,13,10,3,2,0,2,10,1,9
S01012280,All families in households,276,218,168,157,11,50,40,10,58,4,54
S01012280,Families with no dependent children,160,140,115,112,3,25,24,1,20,1,19
S01012280,Families with dependent children: Total,116,78,53,45,8,25,16,9,38,3,35
S01012280,Families with dependent children: Youngest aged 0 to 4,35,29,18,16,2,11,10,1,6,1,5
S01012280,Families with dependent children: Youngest aged 5 to 11,32,23,16,14,2,7,4,3,9,1,8
S01012280,Families with dependent children: Youngest aged 12 to 18,49,26,19,15,4,7,2,5,23,1,22
S01012281,All families in households,187,162,110,109,1,52,45,7,25,6,19
S01012281,Families with no dependent children,128,117,81,81,0,36,34,2,11,3,8
S01012281,Families with dependent children: Total,59,45,29,28,1,16,11,5,14,3,11
S01012281,Families with dependent children: Youngest aged 0 to 4,20,15,5,5,0,10,7,3,5,0,5
S01012281,Families with dependent children: Youngest aged 5 to 11,23,18,14,13,1,4,3,1,5,1,4
S01012281,Families with dependent children: Youngest aged 12 to 18,16,12,10,10,0,2,1,1,4,2,2
S01012282,All families in households,271,242,215,209,6,27,19,8,29,3,26
S01012282,Families with no dependent children,177,163,147,146,1,16,12,4,14,3,11
S01012282,Families with dependent children: Total,94,79,68,63,5,11,7,4,15,0,15
S01012282,Families with dependent children: Youngest aged 0 to 4,31,30,24,24,0,6,4,2,1,0,1
S01012282,Families with dependent children: Youngest aged 5 to 11,35,29,25,22,3,4,2,2,6,0,6
S01012282,Families with dependent children: Youngest aged 12 to 18,28,20,19,17,2,1,1,0,8,0,8
S01012283,All families in households,242,210,173,167,6,37,31,6,32,6,26
S01012283,Families with no dependent children,128,120,104,104,0,16,15,1,8,2,6
S01012283,Families with dependent children: Total,114,90,69,63,6,21,16,5,24,4,20
S01012283,Families with dependent children: Youngest aged 0 to 4,38,31,17,15,2,14,12,2,7,0,7
S01012283,Families with dependent children: Youngest aged 5 to 11,32,22,19,18,1,3,1,2,10,2,8
S01012283,Families with dependent children: Youngest aged 12 to 18,44,37,33,30,3,4,3,1,7,2,5
S01012284,All families in households,196,153,107,106,1,46,36,10,43,5,38
S01012284,Families with no dependent children,127,111,82,82,0,29,28,1,16,2,14
S01012284,Families with dependent children: Total,69,42,25,24,1,17,8,9,27,3,24
S01012284,Families with dependent children: Youngest aged 0 to 4,31,21,8,7,1,13,8,5,10,0,10
S01012284,Families with dependent children: Youngest aged 5 to 11,20,11,8,8,0,3,0,3,9,1,8
S01012284,Families with dependent children: Youngest aged 12 to 18,18,10,9,9,0,1,0,1,8,2,6
S01012285,All families in households,176,167,155,151,4,12,11,1,9,3,6
S01012285,Families with no dependent children,137,131,123,123,0,8,8,0,6,2,4
S01012285,Families with dependent children: Total,39,36,32,28,4,4,3,1,3,1,2
S01012285,Families with dependent children: Youngest aged 0 to 4,8,7,7,6,1,0,0,0,1,0,1
S01012285,Families with dependent children: Youngest aged 5 to 11,11,10,8,7,1,2,2,0,1,0,1
S01012285,Families with dependent children: Youngest aged 12 to 18,20,19,17,15,2,2,1,1,1,1,0
S01012286,All families in households,308,242,193,183,10,49,42,7,66,12,54
S01012286,Families with no dependent children,188,166,138,136,2,28,28,0,22,4,18
S01012286,Families with dependent children: Total,120,76,55,47,8,21,14,7,44,8,36
S01012286,Families with dependent children: Youngest aged 0 to 4,44,28,18,15,3,10,9,1,16,2,14
S01012286,Families with dependent children: Youngest aged 5 to 11,49,31,23,21,2,8,3,5,18,5,13
S01012286,Families with dependent children: Youngest aged 12 to 18,27,17,14,11,3,3,2,1,10,1,9
S01012287,All families in households,279,195,128,122,6,67,55,12,84,13,71
S01012287,Families with no dependent children,125,103,74,74,0,29,25,4,22,5,17
S01012287,Families with dependent children: Total,154,92,54,48,6,38,30,8,62,8,54
S01012287,Families with dependent children: Youngest aged 0 to 4,83,54,32,28,4,22,21,1,29,3,26
S01012287,Families with dependent children: Youngest aged 5 to 11,37,20,10,10,0,10,5,5,17,1,16
S01012287,Families with dependent children: Youngest aged 12 to 18,34,18,12,10,2,6,4,2,16,4,12
S01012288,All families in households,208,154,114,105,9,40,30,10,54,12,42
S01012288,Families with no dependent children,118,101,80,78,2,21,21,0,17,11,6
S01012288,Families with dependent children: Total,90,53,34,27,7,19,9,10,37,1,36
S01012288,Families with dependent children: Youngest aged 0 to 4,31,21,9,8,1,12,6,6,10,0,10
S01012288,Families with dependent children: Youngest aged 5 to 11,37,20,14,13,1,6,3,3,17,1,16
S01012288,Families with dependent children: Youngest aged 12 to 18,22,12,11,6,5,1,0,1,10,0,10
S01012289,All families in households,254,237,215,212,3,22,15,7,17,5,12
S01012289,Families with no dependent children,176,170,160,159,1,10,9,1,6,3,3
S01012289,Families with dependent children: Total,78,67,55,53,2,12,6,6,11,2,9
S01012289,Families with dependent children: Youngest aged 0 to 4,17,16,14,14,0,2,1,1,1,0,1
S01012289,Families with dependent children: Youngest aged 5 to 11,24,20,14,14,0,6,2,4,4,1,3
S01012289,Families with dependent children: Youngest aged 12 to 18,37,31,27,25,2,4,3,1,6,1,5
S01012290,All families in households,154,131,104,101,3,27,22,5,23,3,20
S01012290,Families with no dependent children,81,75,62,61,1,13,13,0,6,2,4
S01012290,Families with dependent children: Total,73,56,42,40,2,14,9,5,17,1,16
S01012290,Families with dependent children: Youngest aged 0 to 4,18,17,8,8,0,9,8,1,1,0,1
S01012290,Families with dependent children: Youngest aged 5 to 11,32,24,19,17,2,5,1,4,8,0,8
S01012290,Families with dependent children: Youngest aged 12 to 18,23,15,15,15,0,0,0,0,8,1,7
S01012291,All families in households,278,235,198,193,5,37,28,9,43,5,38
S01012291,Families with no dependent children,141,131,111,109,2,20,17,3,10,2,8
S01012291,Families with dependent children: Total,137,104,87,84,3,17,11,6,33,3,30
S01012291,Families with dependent children: Youngest aged 0 to 4,50,41,31,31,0,10,8,2,9,0,9
S01012291,Families with dependent children: Youngest aged 5 to 11,55,41,36,34,2,5,3,2,14,3,11
S01012291,Families with dependent children: Youngest aged 12 to 18,32,22,20,19,1,2,0,2,10,0,10
S01012292,All families in households,218,193,177,174,3,16,16,0,25,4,21
S01012292,Families with no dependent children,145,137,127,127,0,10,10,0,8,2,6
S01012292,Families with dependent children: Total,73,56,50,47,3,6,6,0,17,2,15
S01012292,Families with dependent children: Youngest aged 0 to 4,29,26,23,21,2,3,3,0,3,0,3
S01012292,Families with dependent children: Youngest aged 5 to 11,27,21,19,19,0,2,2,0,6,1,5
S01012292,Families with dependent children: Youngest aged 12 to 18,17,9,8,7,1,1,1,0,8,1,7
S01012293,All families in households,143,132,110,109,1,22,17,5,11,2,9
S01012293,Families with no dependent children,85,83,76,76,0,7,7,0,2,1,1
S01012293,Families with dependent children: Total,58,49,34,33,1,15,10,5,9,1,8
S01012293,Families with dependent children: Youngest aged 0 to 4,22,21,12,11,1,9,8,1,1,0,1
S01012293,Families with dependent children: Youngest aged 5 to 11,19,14,10,10,0,4,1,3,5,1,4
S01012293,Families with dependent children: Youngest aged 12 to 18,17,14,12,12,0,2,1,1,3,0,3
S01012294,All families in households,264,220,185,178,7,35,25,10,44,6,38
S01012294,Families with no dependent children,146,133,117,113,4,16,16,0,13,5,8
S01012294,Families with dependent children: Total,118,87,68,65,3,19,9,10,31,1,30
S01012294,Families with dependent children: Youngest aged 0 to 4,36,27,20,19,1,7,4,3,9,0,9
S01012294,Families with dependent children: Youngest aged 5 to 11,39,30,20,19,1,10,5,5,9,1,8
S01012294,Families with dependent children: Youngest aged 12 to 18,43,30,28,27,1,2,0,2,13,0,13
S01012295,All families in households,213,186,143,134,9,43,31,12,27,7,20
S01012295,Families with no dependent children,90,86,64,58,6,22,20,2,4,2,2
S01012295,Families with dependent children: Total,123,100,79,76,3,21,11,10,23,5,18
S01012295,Families with dependent children: Youngest aged 0 to 4,52,48,33,33,0,15,10,5,4,0,4
S01012295,Families with dependent children: Youngest aged 5 to 11,40,33,27,26,1,6,1,5,7,0,7
S01012295,Families with dependent children: Youngest aged 12 to 18,31,19,19,17,2,0,0,0,12,5,7
S01012296,All families in households,261,230,190,183,7,40,29,11,31,3,28
S01012296,Families with no dependent children,116,109,93,92,1,16,14,2,7,1,6
S01012296,Families with dependent children: Total,145,121,97,91,6,24,15,9,24,2,22
S01012296,Families with dependent children: Youngest aged 0 to 4,66,62,49,45,4,13,10,3,4,0,4
S01012296,Families with dependent children: Youngest aged 5 to 11,52,39,31,30,1,8,4,4,13,1,12
S01012296,Families with dependent children: Youngest aged 12 to 18,27,20,17,16,1,3,1,2,7,1,6
S01012297,All families in households,193,180,149,144,5,31,28,3,13,3,10
S01012297,Families with no dependent children,128,123,100,100,0,23,23,0,5,1,4
S01012297,Families with dependent children: Total,65,57,49,44,5,8,5,3,8,2,6
S01012297,Families with dependent children: Youngest aged 0 to 4,17,16,12,12,0,4,3,1,1,0,1
S01012297,Families with dependent children: Youngest aged 5 to 11,36,32,28,24,4,4,2,2,4,1,3
S01012297,Families with dependent children: Youngest aged 12 to 18,12,9,9,8,1,0,0,0,3,1,2
S01012298,All families in households,242,222,191,185,6,31,27,4,20,4,16
S01012298,Families with no dependent children,156,148,130,127,3,18,18,0,8,2,6
S01012298,Families with dependent children: Total,86,74,61,58,3,13,9,4,12,2,10
S01012298,Families with dependent children: Youngest aged 0 to 4,39,37,29,27,2,8,7,1,2,0,2
S01012298,Families with dependent children: Youngest aged 5 to 11,21,20,18,18,0,2,1,1,1,0,1
S01012298,Families with dependent children: Youngest aged 12 to 18,26,17,14,13,1,3,1,2,9,2,7
S01012299,All families in households,211,188,151,144,7,37,30,7,23,9,14
S01012299,Families with no dependent children,133,123,102,100,2,21,21,0,10,7,3
S01012299,Families with dependent children: Total,78,65,49,44,5,16,9,7,13,2,11
S01012299,Families with dependent children: Youngest aged 0 to 4,21,18,12,12,0,6,4,2,3,0,3
S01012299,Families with dependent children: Youngest aged 5 to 11,31,24,18,18,0,6,3,3,7,2,5
S01012299,Families with dependent children: Youngest aged 12 to 18,26,23,19,14,5,4,2,2,3,0,3
S01012300,All families in households,190,168,142,133,9,26,22,4,22,5,17
S01012300,Families with no dependent children,112,105,93,92,1,12,12,0,7,1,6
S01012300,Families with dependent children: Total,78,63,49,41,8,14,10,4,15,4,11
S01012300,Families with dependent children: Youngest aged 0 to 4,20,18,10,10,0,8,7,1,2,0,2
S01012300,Families with dependent children: Youngest aged 5 to 11,38,33,28,22,6,5,3,2,5,1,4
S01012300,Families with dependent children: Youngest aged 12 to 18,20,12,11,9,2,1,0,1,8,3,5
S01012301,All families in households,313,278,234,227,7,44,36,8,35,9,26
S01012301,Families with no dependent children,212,198,166,165,1,32,31,1,14,2,12
S01012301,Families with dependent children: Total,101,80,68,62,6,12,5,7,21,7,14
S01012301,Families with dependent children: Youngest aged 0 to 4,24,21,18,14,4,3,3,0,3,2,1
S01012301,Families with dependent children: Youngest aged 5 to 11,44,32,27,25,2,5,2,3,12,3,9
S01012301,Families with dependent children: Youngest aged 12 to 18,33,27,23,23,0,4,0,4,6,2,4
S01012302,All families in households,176,162,138,137,1,24,21,3,14,7,7
S01012302,Families with no dependent children,114,110,94,94,0,16,16,0,4,2,2
S01012302,Families with dependent children: Total,62,52,44,43,1,8,5,3,10,5,5
S01012302,Families with dependent children: Youngest aged 0 to 4,14,14,13,13,0,1,1,0,0,0,0
S01012302,Families with dependent children: Youngest aged 5 to 11,30,24,20,20,0,4,3,1,6,3,3
S01012302,Families with dependent children: Youngest aged 12 to 18,18,14,11,10,1,3,1,2,4,2,2
S01012303,All families in households,285,264,232,231,1,32,27,5,21,4,17
S01012303,Families with no dependent children,182,175,149,148,1,26,24,2,7,1,6
S01012303,Families with dependent children: Total,103,89,83,83,0,6,3,3,14,3,11
S01012303,Families with dependent children: Youngest aged 0 to 4,36,34,30,30,0,4,2,2,2,1,1
S01012303,Families with dependent children: Youngest aged 5 to 11,34,31,30,30,0,1,1,0,3,1,2
S01012303,Families with dependent children: Youngest aged 12 to 18,33,24,23,23,0,1,0,1,9,1,8
S01012304,All families in households,306,271,231,228,3,40,36,4,35,4,31
S01012304,Families with no dependent children,200,187,156,156,0,31,29,2,13,2,11
S01012304,Families with dependent children: Total,106,84,75,72,3,9,7,2,22,2,20
S01012304,Families with dependent children: Youngest aged 0 to 4,32,25,22,21,1,3,3,0,7,0,7
S01012304,Families with dependent children: Youngest aged 5 to 11,49,42,38,36,2,4,2,2,7,0,7
S01012304,Families with dependent children: Youngest aged 12 to 18,25,17,15,15,0,2,2,0,8,2,6
S01012305,All families in households,205,173,147,142,5,26,21,5,32,3,29
S01012305,Families with no dependent children,129,119,106,104,2,13,11,2,10,1,9
S01012305,Families with dependent children: Total,76,54,41,38,3,13,10,3,22,2,20
S01012305,Families with dependent children: Youngest aged 0 to 4,15,11,7,7,0,4,3,1,4,0,4
S01012305,Families with dependent children: Youngest aged 5 to 11,31,23,18,17,1,5,5,0,8,2,6
S01012305,Families with dependent children: Youngest aged 12 to 18,30,20,16,14,2,4,2,2,10,0,10
S01012306,All families in households,154,126,104,101,3,22,16,6,28,5,23
S01012306,Families with no dependent children,92,81,71,71,0,10,8,2,11,5,6
S01012306,Families with dependent children: Total,62,45,33,30,3,12,8,4,17,0,17
S01012306,Families with dependent children: Youngest aged 0 to 4,26,19,12,9,3,7,7,0,7,0,7
S01012306,Families with dependent children: Youngest aged 5 to 11,22,18,16,16,0,2,0,2,4,0,4
S01012306,Families with dependent children: Youngest aged 12 to 18,14,8,5,5,0,3,1,2,6,0,6
S01012307,All families in households,176,148,129,125,4,19,18,1,28,3,25
S01012307,Families with no dependent children,116,107,95,95,0,12,12,0,9,2,7
S01012307,Families with dependent children: Total,60,41,34,30,4,7,6,1,19,1,18
S01012307,Families with dependent children: Youngest aged 0 to 4,23,13,9,9,0,4,4,0,10,0,10
S01012307,Families with dependent children: Youngest aged 5 to 11,15,10,8,8,0,2,1,1,5,1,4
S01012307,Families with dependent children: Youngest aged 12 to 18,22,18,17,13,4,1,1,0,4,0,4
S01012308,All families in households,259,230,204,195,9,26,20,6,29,6,23
S01012308,Families with no dependent children,152,137,125,120,5,12,10,2,15,6,9
S01012308,Families with dependent children: Total,107,93,79,75,4,14,10,4,14,0,14
S01012308,Families with dependent children: Youngest aged 0 to 4,41,37,29,28,1,8,6,2,4,0,4
S01012308,Families with dependent children: Youngest aged 5 to 11,37,32,26,26,0,6,4,2,5,0,5
S01012308,Families with dependent children: Youngest aged 12 to 18,29,24,24,21,3,0,0,0,5,0,5
S01012309,All families in households,173,153,128,122,6,25,22,3,20,6,14
S01012309,Families with no dependent children,129,118,100,98,2,18,17,1,11,3,8
S01012309,Families with dependent children: Total,44,35,28,24,4,7,5,2,9,3,6
S01012309,Families with dependent children: Youngest aged 0 to 4,14,12,9,9,0,3,3,0,2,0,2
S01012309,Families with dependent children: Youngest aged 5 to 11,19,13,10,8,2,3,1,2,6,2,4
S01012309,Families with dependent children: Youngest aged 12 to 18,11,10,9,7,2,1,1,0,1,1,0
S01012310,All families in households,291,255,202,197,5,53,50,3,36,9,27
S01012310,Families with no dependent children,214,198,158,156,2,40,38,2,16,6,10
S01012310,Families with dependent children: Total,77,57,44,41,3,13,12,1,20,3,17
S01012310,Families with dependent children: Youngest aged 0 to 4,28,22,13,13,0,9,9,0,6,1,5
S01012310,Families with dependent children: Youngest aged 5 to 11,22,18,16,15,1,2,1,1,4,2,2
S01012310,Families with dependent children: Youngest aged 12 to 18,27,17,15,13,2,2,2,0,10,0,10
S01012311,All families in households,172,150,131,124,7,19,15,4,22,6,16
S01012311,Families with no dependent children,122,108,99,95,4,9,8,1,14,6,8
S01012311,Families with dependent children: Total,50,42,32,29,3,10,7,3,8,0,8
S01012311,Families with dependent children: Youngest aged 0 to 4,13,12,8,7,1,4,4,0,1,0,1
S01012311,Families with dependent children: Youngest aged 5 to 11,17,13,9,8,1,4,2,2,4,0,4
S01012311,Families with dependent children: Youngest aged 12 to 18,20,17,15,14,1,2,1,1,3,0,3
S01012312,All families in households,312,286,250,243,7,36,28,8,26,6,20
S01012312,Families with no dependent children,216,204,184,181,3,20,19,1,12,5,7
S01012312,Families with dependent children: Total,96,82,66,62,4,16,9,7,14,1,13
S01012312,Families with dependent children: Youngest aged 0 to 4,33,31,19,18,1,12,8,4,2,0,2
S01012312,Families with dependent children: Youngest aged 5 to 11,26,19,19,19,0,0,0,0,7,1,6
S01012312,Families with dependent children: Youngest aged 12 to 18,37,32,28,25,3,4,1,3,5,0,5
S01012313,All families in households,241,216,178,174,4,38,28,10,25,6,19
S01012313,Families with no dependent children,160,146,125,123,2,21,19,2,14,5,9
S01012313,Families with dependent children: Total,81,70,53,51,2,17,9,8,11,1,10
S01012313,Families with dependent children: Youngest aged 0 to 4,25,24,15,14,1,9,7,2,1,0,1
S01012313,Families with dependent children: Youngest aged 5 to 11,31,25,20,19,1,5,2,3,6,1,5
S01012313,Families with dependent children: Youngest aged 12 to 18,25,21,18,18,0,3,0,3,4,0,4
S01012314,All families in households,256,196,160,148,12,36,32,4,60,10,50
S01012314,Families with no dependent children,144,123,110,106,4,13,11,2,21,6,15
S01012314,Families with dependent children: Total,112,73,50,42,8,23,21,2,39,4,35
S01012314,Families with dependent children: Youngest aged 0 to 4,45,33,17,17,0,16,15,1,12,0,12
S01012314,Families with dependent children: Youngest aged 5 to 11,38,22,19,14,5,3,3,0,16,1,15
S01012314,Families with dependent children: Youngest aged 12 to 18,29,18,14,11,3,4,3,1,11,3,8
S01012315,All families in households,186,163,129,125,4,34,27,7,23,2,21
S01012315,Families with no dependent children,142,131,108,107,1,23,22,1,11,2,9
S01012315,Families with dependent children: Total,44,32,21,18,3,11,5,6,12,0,12
S01012315,Families with dependent children: Youngest aged 0 to 4,16,11,5,5,0,6,4,2,5,0,5
S01012315,Families with dependent children: Youngest aged 5 to 11,16,10,8,7,1,2,1,1,6,0,6
S01012315,Families with dependent children: Youngest aged 12 to 18,12,11,8,6,2,3,0,3,1,0,1
S01012316,All families in households,190,148,120,119,1,28,26,2,42,5,37
S01012316,Families with no dependent children,125,113,97,97,0,16,16,0,12,3,9
S01012316,Families with dependent children: Total,65,35,23,22,1,12,10,2,30,2,28
S01012316,Families with dependent children: Youngest aged 0 to 4,37,21,12,12,0,9,8,1,16,0,16
S01012316,Families with dependent children: Youngest aged 5 to 11,16,9,6,6,0,3,2,1,7,1,6
S01012316,Families with dependent children: Youngest aged 12 to 18,12,5,5,4,1,0,0,0,7,1,6
S01012317,All families in households,169,144,123,118,5,21,16,5,25,2,23
S01012317,Families with no dependent children,83,78,66,66,0,12,11,1,5,1,4
S01012317,Families with dependent children: Total,86,66,57,52,5,9,5,4,20,1,19
S01012317,Families with dependent children: Youngest aged 0 to 4,37,28,22,22,0,6,5,1,9,0,9
S01012317,Families with dependent children: Youngest aged 5 to 11,27,24,22,18,4,2,0,2,3,0,3
S01012317,Families with dependent children: Youngest aged 12 to 18,22,14,13,12,1,1,0,1,8,1,7
S01012318,All families in households,248,213,156,139,17,57,41,16,35,7,28
S01012318,Families with no dependent children,144,137,114,111,3,23,22,1,7,1,6
S01012318,Families with dependent children: Total,104,76,42,28,14,34,19,15,28,6,22
S01012318,Families with dependent children: Youngest aged 0 to 4,42,33,12,11,1,21,15,6,9,1,8
S01012318,Families with dependent children: Youngest aged 5 to 11,29,22,14,7,7,8,4,4,7,2,5
S01012318,Families with dependent children: Youngest aged 12 to 18,33,21,16,10,6,5,0,5,12,3,9
S01012319,All families in households,232,212,168,163,5,44,37,7,20,2,18
S01012319,Families with no dependent children,153,147,118,115,3,29,29,0,6,2,4
S01012319,Families with dependent children: Total,79,65,50,48,2,15,8,7,14,0,14
S01012319,Families with dependent children: Youngest aged 0 to 4,18,17,14,14,0,3,1,2,1,0,1
S01012319,Families with dependent children: Youngest aged 5 to 11,28,24,16,14,2,8,5,3,4,0,4
S01012319,Families with dependent children: Youngest aged 12 to 18,33,24,20,20,0,4,2,2,9,0,9
S01012320,All families in households,206,177,142,135,7,35,26,9,29,3,26
S01012320,Families with no dependent children,110,104,91,89,2,13,13,0,6,3,3
S01012320,Families with dependent children: Total,96,73,51,46,5,22,13,9,23,0,23
S01012320,Families with dependent children: Youngest aged 0 to 4,36,29,19,18,1,10,6,4,7,0,7
S01012320,Families with dependent children: Youngest aged 5 to 11,29,26,19,16,3,7,5,2,3,0,3
S01012320,Families with dependent children: Youngest aged 12 to 18,31,18,13,12,1,5,2,3,13,0,13
S01012321,All families in households,240,212,171,161,10,41,38,3,28,5,23
S01012321,Families with no dependent children,146,138,112,111,1,26,25,1,8,4,4
S01012321,Families with dependent children: Total,94,74,59,50,9,15,13,2,20,1,19
S01012321,Families with dependent children: Youngest aged 0 to 4,42,37,28,24,4,9,8,1,5,0,5
S01012321,Families with dependent children: Youngest aged 5 to 11,29,19,13,11,2,6,5,1,10,1,9
S01012321,Families with dependent children: Youngest aged 12 to 18,23,18,18,15,3,0,0,0,5,0,5
S01012322,All families in households,325,294,255,251,4,39,34,5,31,4,27
S01012322,Families with no dependent children,222,214,183,181,2,31,30,1,8,3,5
S01012322,Families with dependent children: Total,103,80,72,70,2,8,4,4,23,1,22
S01012322,Families with dependent children: Youngest aged 0 to 4,27,20,16,16,0,4,3,1,7,1,6
S01012322,Families with dependent children: Youngest aged 5 to 11,39,30,29,29,0,1,1,0,9,0,9
S01012322,Families with dependent children: Youngest aged 12 to 18,37,30,27,25,2,3,0,3,7,0,7
S01012323,All families in households,292,274,240,234,6,34,28,6,18,3,15
S01012323,Families with no dependent children,222,214,189,187,2,25,24,1,8,1,7
S01012323,Families with dependent children: Total,70,60,51,47,4,9,4,5,10,2,8
S01012323,Families with dependent children: Youngest aged 0 to 4,16,14,11,9,2,3,2,1,2,0,2
S01012323,Families with dependent children: Youngest aged 5 to 11,27,20,15,14,1,5,2,3,7,2,5
S01012323,Families with dependent children: Youngest aged 12 to 18,27,26,25,24,1,1,0,1,1,0,1
S01012324,All families in households,253,229,185,174,11,44,36,8,24,5,19
S01012324,Families with no dependent children,180,170,138,136,2,32,30,2,10,2,8
S01012324,Families with dependent children: Total,73,59,47,38,9,12,6,6,14,3,11
S01012324,Families with dependent children: Youngest aged 0 to 4,22,19,13,10,3,6,5,1,3,0,3
S01012324,Families with dependent children: Youngest aged 5 to 11,24,18,13,12,1,5,1,4,6,1,5
S01012324,Families with dependent children: Youngest aged 12 to 18,27,22,21,16,5,1,0,1,5,2,3
S01012325,All families in households,210,187,167,165,2,20,14,6,23,1,22
S01012325,Families with no dependent children,166,159,150,149,1,9,9,0,7,1,6
S01012325,Families with dependent children: Total,44,28,17,16,1,11,5,6,16,0,16
S01012325,Families with dependent children: Youngest aged 0 to 4,14,13,7,7,0,6,3,3,1,0,1
S01012325,Families with dependent children: Youngest aged 5 to 11,13,6,5,4,1,1,1,0,7,0,7
S01012325,Families with dependent children: Youngest aged 12 to 18,17,9,5,5,0,4,1,3,8,0,8
S01012326,All families in households,133,119,97,95,2,22,16,6,14,1,13
S01012326,Families with no dependent children,94,89,78,77,1,11,10,1,5,1,4
S01012326,Families with dependent children: Total,39,30,19,18,1,11,6,5,9,0,9
S01012326,Families with dependent children: Youngest aged 0 to 4,14,9,7,6,1,2,2,0,5,0,5
S01012326,Families with dependent children: Youngest aged 5 to 11,12,10,6,6,0,4,2,2,2,0,2
S01012326,Families with dependent children: Youngest aged 12 to 18,13,11,6,6,0,5,2,3,2,0,2
S01012327,All families in households,250,205,165,160,5,40,32,8,45,10,35
S01012327,Families with no dependent children,157,140,116,116,0,24,22,2,17,6,11
S01012327,Families with dependent children: Total,93,65,49,44,5,16,10,6,28,4,24
S01012327,Families with dependent children: Youngest aged 0 to 4,31,27,17,17,0,10,8,2,4,0,4
S01012327,Families with dependent children: Youngest aged 5 to 11,32,20,16,14,2,4,2,2,12,1,11
S01012327,Families with dependent children: Youngest aged 12 to 18,30,18,16,13,3,2,0,2,12,3,9
S01012328,All families in households,167,147,131,129,2,16,13,3,20,1,19
S01012328,Families with no dependent children,135,123,112,112,0,11,10,1,12,1,11
S01012328,Families with dependent children: Total,32,24,19,17,2,5,3,2,8,0,8
S01012328,Families with dependent children: Youngest aged 0 to 4,13,10,6,5,1,4,3,1,3,0,3
S01012328,Families with dependent children: Youngest aged 5 to 11,9,5,4,3,1,1,0,1,4,0,4
S01012328,Families with dependent children: Youngest aged 12 to 18,10,9,9,9,0,0,0,0,1,0,1
S01012329,All families in households,267,241,206,200,6,35,33,2,26,8,18
S01012329,Families with no dependent children,183,170,148,148,0,22,22,0,13,6,7
S01012329,Families with dependent children: Total,84,71,58,52,6,13,11,2,13,2,11
S01012329,Families with dependent children: Youngest aged 0 to 4,28,25,18,17,1,7,7,0,3,0,3
S01012329,Families with dependent children: Youngest aged 5 to 11,32,23,19,17,2,4,3,1,9,1,8
S01012329,Families with dependent children: Youngest aged 12 to 18,24,23,21,18,3,2,1,1,1,1,0
S01012330,All families in households,195,180,156,152,4,24,23,1,15,2,13
S01012330,Families with no dependent children,140,136,120,119,1,16,15,1,4,0,4
S01012330,Families with dependent children: Total,55,44,36,33,3,8,8,0,11,2,9
S01012330,Families with dependent children: Youngest aged 0 to 4,18,17,13,13,0,4,4,0,1,0,1
S01012330,Families with dependent children: Youngest aged 5 to 11,18,12,10,9,1,2,2,0,6,1,5
S01012330,Families with dependent children: Youngest aged 12 to 18,19,15,13,11,2,2,2,0,4,1,3
S01012331,All families in households,196,179,153,148,5,26,21,5,17,2,15
S01012331,Families with no dependent children,111,103,85,83,2,18,16,2,8,1,7
S01012331,Families with dependent children: Total,85,76,68,65,3,8,5,3,9,1,8
S01012331,Families with dependent children: Youngest aged 0 to 4,35,32,27,27,0,5,5,0,3,0,3
S01012331,Families with dependent children: Youngest aged 5 to 11,32,29,28,25,3,1,0,1,3,0,3
S01012331,Families with dependent children: Youngest aged 12 to 18,18,15,13,13,0,2,0,2,3,1,2
S01012332,All families in households,320,301,250,249,1,51,45,6,19,4,15
S01012332,Families with no dependent children,215,207,172,172,0,35,34,1,8,3,5
S01012332,Families with dependent children: Total,105,94,78,77,1,16,11,5,11,1,10
S01012332,Families with dependent children: Youngest aged 0 to 4,34,33,27,27,0,6,6,0,1,0,1
S01012332,Families with dependent children: Youngest aged 5 to 11,31,26,20,20,0,6,4,2,5,1,4
S01012332,Families with dependent children: Youngest aged 12 to 18,40,35,31,30,1,4,1,3,5,0,5
S01012333,All families in households,324,298,249,238,11,49,44,5,26,2,24
S01012333,Families with no dependent children,218,214,181,177,4,33,33,0,4,0,4
S01012333,Families with dependent children: Total,106,84,68,61,7,16,11,5,22,2,20
S01012333,Families with dependent children: Youngest aged 0 to 4,42,32,25,23,2,7,4,3,10,0,10
S01012333,Families with dependent children: Youngest aged 5 to 11,33,29,24,21,3,5,5,0,4,1,3
S01012333,Families with dependent children: Youngest aged 12 to 18,31,23,19,17,2,4,2,2,8,1,7
S01012334,All families in households,270,221,187,182,5,34,24,10,49,8,41
S01012334,Families with no dependent children,174,160,145,142,3,15,14,1,14,3,11
S01012334,Families with dependent children: Total,96,61,42,40,2,19,10,9,35,5,30
S01012334,Families with dependent children: Youngest aged 0 to 4,32,23,13,12,1,10,8,2,9,1,8
S01012334,Families with dependent children: Youngest aged 5 to 11,34,22,17,17,0,5,2,3,12,1,11
S01012334,Families with dependent children: Youngest aged 12 to 18,30,16,12,11,1,4,0,4,14,3,11
S01012335,All families in households,305,259,213,207,6,46,36,10,46,4,42
S01012335,Families with no dependent children,178,160,137,133,4,23,20,3,18,2,16
S01012335,Families with dependent children: Total,127,99,76,74,2,23,16,7,28,2,26
S01012335,Families with dependent children: Youngest aged 0 to 4,43,37,28,28,0,9,9,0,6,0,6
S01012335,Families with dependent children: Youngest aged 5 to 11,43,35,26,26,0,9,6,3,8,0,8
S01012335,Families with dependent children: Youngest aged 12 to 18,41,27,22,20,2,5,1,4,14,2,12
S01012336,All families in households,198,172,154,150,4,18,12,6,26,1,25
S01012336,Families with no dependent children,133,123,113,111,2,10,8,2,10,1,9
S01012336,Families with dependent children: Total,65,49,41,39,2,8,4,4,16,0,16
S01012336,Families with dependent children: Youngest aged 0 to 4,18,14,14,13,1,0,0,0,4,0,4
S01012336,Families with dependent children: Youngest aged 5 to 11,24,15,9,9,0,6,3,3,9,0,9
S01012336,Families with dependent children: Youngest aged 12 to 18,23,20,18,17,1,2,1,1,3,0,3
S01012337,All families in households,235,183,144,141,3,39,35,4,52,12,40
S01012337,Families with no dependent children,149,128,105,102,3,23,22,1,21,7,14
S01012337,Families with dependent children: Total,86,55,39,39,0,16,13,3,31,5,26
S01012337,Families with dependent children: Youngest aged 0 to 4,35,23,11,11,0,12,10,2,12,2,10
S01012337,Families with dependent children: Youngest aged 5 to 11,28,18,15,15,0,3,2,1,10,2,8
S01012337,Families with dependent children: Youngest aged 12 to 18,23,14,13,13,0,1,1,0,9,1,8
S01012338,All families in households,189,163,123,120,3,40,36,4,26,3,23
S01012338,Families with no dependent children,135,127,96,95,1,31,30,1,8,1,7
S01012338,Families with dependent children: Total,54,36,27,25,2,9,6,3,18,2,16
S01012338,Families with dependent children: Youngest aged 0 to 4,13,10,7,7,0,3,3,0,3,1,2
S01012338,Families with dependent children: Youngest aged 5 to 11,23,16,14,12,2,2,0,2,7,0,7
S01012338,Families with dependent children: Youngest aged 12 to 18,18,10,6,6,0,4,3,1,8,1,7
S01012339,All families in households,135,108,73,71,2,35,30,5,27,3,24
S01012339,Families with no dependent children,90,81,59,59,0,22,22,0,9,1,8
S01012339,Families with dependent children: Total,45,27,14,12,2,13,8,5,18,2,16
S01012339,Families with dependent children: Youngest aged 0 to 4,23,17,8,7,1,9,8,1,6,0,6
S01012339,Families with dependent children: Youngest aged 5 to 11,10,4,2,2,0,2,0,2,6,0,6
S01012339,Families with dependent children: Youngest aged 12 to 18,12,6,4,3,1,2,0,2,6,2,4
S01012340,All families in households,307,260,219,205,14,41,29,12,47,6,41
S01012340,Families with no dependent children,184,170,153,152,1,17,15,2,14,2,12
S01012340,Families with dependent children: Total,123,90,66,53,13,24,14,10,33,4,29
S01012340,Families with dependent children: Youngest aged 0 to 4,45,34,20,16,4,14,10,4,11,0,11
S01012340,Families with dependent children: Youngest aged 5 to 11,43,25,18,13,5,7,3,4,18,4,14
S01012340,Families with dependent children: Youngest aged 12 to 18,35,31,28,24,4,3,1,2,4,0,4
S01012341,All families in households,308,295,257,249,8,38,32,6,13,3,10
S01012341,Families with no dependent children,209,201,178,175,3,23,23,0,8,2,6
S01012341,Families with dependent children: Total,99,94,79,74,5,15,9,6,5,1,4
S01012341,Families with dependent children: Youngest aged 0 to 4,32,31,23,22,1,8,6,2,1,0,1
S01012341,Families with dependent children: Youngest aged 5 to 11,31,30,27,25,2,3,2,1,1,0,1
S01012341,Families with dependent children: Youngest aged 12 to 18,36,33,29,27,2,4,1,3,3,1,2
S01012342,All families in households,279,246,205,200,5,41,34,7,33,4,29
S01012342,Families with no dependent children,184,170,145,143,2,25,25,0,14,1,13
S01012342,Families with dependent children: Total,95,76,60,57,3,16,9,7,19,3,16
S01012342,Families with dependent children: Youngest aged 0 to 4,31,26,20,18,2,6,5,1,5,0,5
S01012342,Families with dependent children: Youngest aged 5 to 11,33,30,25,24,1,5,2,3,3,0,3
S01012342,Families with dependent children: Youngest aged 12 to 18,31,20,15,15,0,5,2,3,11,3,8
S01012343,All families in households,325,297,247,240,7,50,45,5,28,8,20
S01012343,Families with no dependent children,225,213,182,180,2,31,31,0,12,3,9
S01012343,Families with dependent children: Total,100,84,65,60,5,19,14,5,16,5,11
S01012343,Families with dependent children: Youngest aged 0 to 4,29,26,16,15,1,10,9,1,3,0,3
S01012343,Families with dependent children: Youngest aged 5 to 11,39,34,30,29,1,4,4,0,5,2,3
S01012343,Families with dependent children: Youngest aged 12 to 18,32,24,19,16,3,5,1,4,8,3,5
S01012344,All families in households,176,143,99,96,3,44,39,5,33,3,30
S01012344,Families with no dependent children,108,99,69,67,2,30,30,0,9,1,8
S01012344,Families with dependent children: Total,68,44,30,29,1,14,9,5,24,2,22
S01012344,Families with dependent children: Youngest aged 0 to 4,27,22,13,12,1,9,7,2,5,0,5
S01012344,Families with dependent children: Youngest aged 5 to 11,20,14,12,12,0,2,2,0,6,0,6
S01012344,Families with dependent children: Youngest aged 12 to 18,21,8,5,5,0,3,0,3,13,2,11
S01012345,All families in households,221,197,164,156,8,33,29,4,24,3,21
S01012345,Families with no dependent children,138,132,114,111,3,18,18,0,6,1,5
S01012345,Families with dependent children: Total,83,65,50,45,5,15,11,4,18,2,16
S01012345,Families with dependent children: Youngest aged 0 to 4,24,19,13,11,2,6,6,0,5,0,5
S01012345,Families with dependent children: Youngest aged 5 to 11,37,32,24,21,3,8,5,3,5,0,5
S01012345,Families with dependent children: Youngest aged 12 to 18,22,14,13,13,0,1,0,1,8,2,6
S01012346,All families in households,231,218,179,174,5,39,36,3,13,5,8
S01012346,Families with no dependent children,156,149,123,119,4,26,26,0,7,3,4
S01012346,Families with dependent children: Total,75,69,56,55,1,13,10,3,6,2,4
S01012346,Families with dependent children: Youngest aged 0 to 4,27,26,17,17,0,9,8,1,1,0,1
S01012346,Families with dependent children: Youngest aged 5 to 11,25,25,22,21,1,3,2,1,0,0,0
S01012346,Families with dependent children: Youngest aged 12 to 18,23,18,17,17,0,1,0,1,5,2,3
S01012347,All families in households,236,205,173,169,4,32,27,5,31,4,27
S01012347,Families with no dependent children,153,141,119,117,2,22,21,1,12,2,10
S01012347,Families with dependent children: Total,83,64,54,52,2,10,6,4,19,2,17
S01012347,Families with dependent children: Youngest aged 0 to 4,28,28,22,22,0,6,5,1,0,0,0
S01012347,Families with dependent children: Youngest aged 5 to 11,35,24,21,20,1,3,1,2,11,0,11
S01012347,Families with dependent children: Youngest aged 12 to 18,20,12,11,10,1,1,0,1,8,2,6
S01012348,All families in households,237,208,182,176,6,26,21,5,29,4,25
S01012348,Families with no dependent children,150,140,124,122,2,16,16,0,10,2,8
S01012348,Families with dependent children: Total,87,68,58,54,4,10,5,5,19,2,17
S01012348,Families with dependent children: Youngest aged 0 to 4,29,25,16,15,1,9,5,4,4,1,3
S01012348,Families with dependent children: Youngest aged 5 to 11,27,21,21,21,0,0,0,0,6,0,6
S01012348,Families with dependent children: Youngest aged 12 to 18,31,22,21,18,3,1,0,1,9,1,8
S01012349,All families in households,292,240,194,182,12,46,33,13,52,8,44
S01012349,Families with no dependent children,181,168,143,140,3,25,21,4,13,3,10
S01012349,Families with dependent children: Total,111,72,51,42,9,21,12,9,39,5,34
S01012349,Families with dependent children: Youngest aged 0 to 4,36,28,17,14,3,11,7,4,8,1,7
S01012349,Families with dependent children: Youngest aged 5 to 11,33,21,16,13,3,5,2,3,12,2,10
S01012349,Families with dependent children: Youngest aged 12 to 18,42,23,18,15,3,5,3,2,19,2,17
S01012350,All families in households,239,197,164,160,4,33,20,13,42,4,38
S01012350,Families with no dependent children,148,137,125,123,2,12,11,1,11,3,8
S01012350,Families with dependent children: Total,91,60,39,37,2,21,9,12,31,1,30
S01012350,Families with dependent children: Youngest aged 0 to 4,35,25,15,15,0,10,6,4,10,1,9
S01012350,Families with dependent children: Youngest aged 5 to 11,27,14,9,7,2,5,3,2,13,0,13
S01012350,Families with dependent children: Youngest aged 12 to 18,29,21,15,15,0,6,0,6,8,0,8
S01012351,All families in households,256,206,162,156,6,44,31,13,50,11,39
S01012351,Families with no dependent children,134,124,105,102,3,19,18,1,10,3,7
S01012351,Families with dependent children: Total,122,82,57,54,3,25,13,12,40,8,32
S01012351,Families with dependent children: Youngest aged 0 to 4,37,28,15,15,0,13,6,7,9,1,8
S01012351,Families with dependent children: Youngest aged 5 to 11,44,29,24,24,0,5,4,1,15,3,12
S01012351,Families with dependent children: Youngest aged 12 to 18,41,25,18,15,3,7,3,4,16,4,12
S01012352,All families in households,209,189,160,152,8,29,23,6,20,2,18
S01012352,Families with no dependent children,123,116,101,101,0,15,15,0,7,2,5
S01012352,Families with dependent children: Total,86,73,59,51,8,14,8,6,13,0,13
S01012352,Families with dependent children: Youngest aged 0 to 4,27,21,13,12,1,8,5,3,6,0,6
S01012352,Families with dependent children: Youngest aged 5 to 11,24,20,18,16,2,2,2,0,4,0,4
S01012352,Families with dependent children: Youngest aged 12 to 18,35,32,28,23,5,4,1,3,3,0,3
S01012353,All families in households,187,148,108,107,1,40,34,6,39,5,34
S01012353,Families with no dependent children,127,111,83,82,1,28,26,2,16,5,11
S01012353,Families with dependent children: Total,60,37,25,25,0,12,8,4,23,0,23
S01012353,Families with dependent children: Youngest aged 0 to 4,26,15,9,9,0,6,5,1,11,0,11
S01012353,Families with dependent children: Youngest aged 5 to 11,16,8,5,5,0,3,2,1,8,0,8
S01012353,Families with dependent children: Youngest aged 12 to 18,18,14,11,11,0,3,1,2,4,0,4
S01012354,All families in households,217,200,170,159,11,30,26,4,17,5,12
S01012354,Families with no dependent children,148,140,122,118,4,18,17,1,8,3,5
S01012354,Families with dependent children: Total,69,60,48,41,7,12,9,3,9,2,7
S01012354,Families with dependent children: Youngest aged 0 to 4,23,20,13,13,0,7,7,0,3,0,3
S01012354,Families with dependent children: Youngest aged 5 to 11,22,20,15,15,0,5,2,3,2,0,2
S01012354,Families with dependent children: Youngest aged 12 to 18,24,20,20,13,7,0,0,0,4,2,2
S01012355,All families in households,265,247,221,218,3,26,21,5,18,3,15
S01012355,Families with no dependent children,187,182,168,167,1,14,14,0,5,2,3
S01012355,Families with dependent children: Total,78,65,53,51,2,12,7,5,13,1,12
S01012355,Families with dependent children: Youngest aged 0 to 4,19,17,13,13,0,4,3,1,2,0,2
S01012355,Families with dependent children: Youngest aged 5 to 11,29,23,19,18,1,4,3,1,6,0,6
S01012355,Families with dependent children: Youngest aged 12 to 18,30,25,21,20,1,4,1,3,5,1,4
S01012356,All families in households,210,183,150,142,8,33,28,5,27,3,24
S01012356,Families with no dependent children,148,136,114,112,2,22,20,2,12,3,9
S01012356,Families with dependent children: Total,62,47,36,30,6,11,8,3,15,0,15
S01012356,Families with dependent children: Youngest aged 0 to 4,22,16,10,9,1,6,5,1,6,0,6
S01012356,Families with dependent children: Youngest aged 5 to 11,28,21,18,15,3,3,2,1,7,0,7
S01012356,Families with dependent children: Youngest aged 12 to 18,12,10,8,6,2,2,1,1,2,0,2
S01012357,All families in households,278,266,225,220,5,41,38,3,12,2,10
S01012357,Families with no dependent children,214,209,177,176,1,32,31,1,5,1,4
S01012357,Families with dependent children: Total,64,57,48,44,4,9,7,2,7,1,6
S01012357,Families with dependent children: Youngest aged 0 to 4,19,18,13,11,2,5,5,0,1,0,1
S01012357,Families with dependent children: Youngest aged 5 to 11,26,22,20,18,2,2,2,0,4,0,4
S01012357,Families with dependent children: Youngest aged 12 to 18,19,17,15,15,0,2,0,2,2,1,1
S01012358,All families in households,260,245,206,199,7,39,38,1,15,2,13
S01012358,Families with no dependent children,199,193,156,152,4,37,37,0,6,0,6
S01012358,Families with dependent children: Total,61,52,50,47,3,2,1,1,9,2,7
S01012358,Families with dependent children: Youngest aged 0 to 4,18,16,16,14,2,0,0,0,2,0,2
S01012358,Families with dependent children: Youngest aged 5 to 11,21,18,16,15,1,2,1,1,3,0,3
S01012358,Families with dependent children: Youngest aged 12 to 18,22,18,18,18,0,0,0,0,4,2,2
S01012359,All families in households,242,178,130,123,7,48,36,12,64,17,47
S01012359,Families with no dependent children,134,122,95,94,1,27,24,3,12,3,9
S01012359,Families with dependent children: Total,108,56,35,29,6,21,12,9,52,14,38
S01012359,Families with dependent children: Youngest aged 0 to 4,40,22,12,8,4,10,6,4,18,5,13
S01012359,Families with dependent children: Youngest aged 5 to 11,41,18,11,11,0,7,4,3,23,7,16
S01012359,Families with dependent children: Youngest aged 12 to 18,27,16,12,10,2,4,2,2,11,2,9
S01012360,All families in households,222,163,115,98,17,48,38,10,59,6,53
S01012360,Families with no dependent children,98,89,69,65,4,20,19,1,9,3,6
S01012360,Families with dependent children: Total,124,74,46,33,13,28,19,9,50,3,47
S01012360,Families with dependent children: Youngest aged 0 to 4,51,38,18,15,3,20,16,4,13,0,13
S01012360,Families with dependent children: Youngest aged 5 to 11,40,18,13,7,6,5,3,2,22,0,22
S01012360,Families with dependent children: Youngest aged 12 to 18,33,18,15,11,4,3,0,3,15,3,12
S01012361,All families in households,188,136,96,91,5,40,34,6,52,3,49
S01012361,Families with no dependent children,100,86,66,66,0,20,20,0,14,2,12
S01012361,Families with dependent children: Total,88,50,30,25,5,20,14,6,38,1,37
S01012361,Families with dependent children: Youngest aged 0 to 4,29,20,11,9,2,9,7,2,9,1,8
S01012361,Families with dependent children: Youngest aged 5 to 11,37,17,8,7,1,9,6,3,20,0,20
S01012361,Families with dependent children: Youngest aged 12 to 18,22,13,11,9,2,2,1,1,9,0,9
S01012362,All families in households,236,158,97,91,6,61,45,16,78,8,70
S01012362,Families with no dependent children,87,74,47,47,0,27,22,5,13,3,10
S01012362,Families with dependent children: Total,149,84,50,44,6,34,23,11,65,5,60
S01012362,Families with dependent children: Youngest aged 0 to 4,69,49,23,19,4,26,19,7,20,0,20
S01012362,Families with dependent children: Youngest aged 5 to 11,41,16,12,12,0,4,2,2,25,2,23
S01012362,Families with dependent children: Youngest aged 12 to 18,39,19,15,13,2,4,2,2,20,3,17
S01012363,All families in households,237,185,138,134,4,47,43,4,52,3,49
S01012363,Families with no dependent children,155,137,107,104,3,30,29,1,18,1,17
S01012363,Families with dependent children: Total,82,48,31,30,1,17,14,3,34,2,32
S01012363,Families with dependent children: Youngest aged 0 to 4,39,23,11,11,0,12,12,0,16,0,16
S01012363,Families with dependent children: Youngest aged 5 to 11,23,16,12,11,1,4,2,2,7,0,7
S01012363,Families with dependent children: Youngest aged 12 to 18,20,9,8,8,0,1,0,1,11,2,9
S01012364,All families in households,179,159,116,111,5,43,39,4,20,4,16
S01012364,Families with no dependent children,133,123,88,86,2,35,33,2,10,2,8
S01012364,Families with dependent children: Total,46,36,28,25,3,8,6,2,10,2,8
S01012364,Families with dependent children: Youngest aged 0 to 4,22,16,10,9,1,6,6,0,6,1,5
S01012364,Families with dependent children: Youngest aged 5 to 11,9,8,6,6,0,2,0,2,1,0,1
S01012364,Families with dependent children: Youngest aged 12 to 18,15,12,12,10,2,0,0,0,3,1,2
S01012365,All families in households,296,264,220,211,9,44,39,5,32,10,22
S01012365,Families with no dependent children,200,185,154,151,3,31,29,2,15,5,10
S01012365,Families with dependent children: Total,96,79,66,60,6,13,10,3,17,5,12
S01012365,Families with dependent children: Youngest aged 0 to 4,36,34,25,25,0,9,8,1,2,0,2
S01012365,Families with dependent children: Youngest aged 5 to 11,30,19,16,14,2,3,2,1,11,1,10
S01012365,Families with dependent children: Youngest aged 12 to 18,30,26,25,21,4,1,0,1,4,4,0
S01012366,All families in households,234,203,149,144,5,54,49,5,31,3,28
S01012366,Families with no dependent children,167,157,118,118,0,39,38,1,10,2,8
S01012366,Families with dependent children: Total,67,46,31,26,5,15,11,4,21,1,20
S01012366,Families with dependent children: Youngest aged 0 to 4,25,15,7,7,0,8,7,1,10,0,10
S01012366,Families with dependent children: Youngest aged 5 to 11,19,12,8,7,1,4,3,1,7,1,6
S01012366,Families with dependent children: Youngest aged 12 to 18,23,19,16,12,4,3,1,2,4,0,4
S01012367,All families in households,298,256,226,223,3,30,26,4,42,7,35
S01012367,Families with no dependent children,211,194,174,171,3,20,19,1,17,5,12
S01012367,Families with dependent children: Total,87,62,52,52,0,10,7,3,25,2,23
S01012367,Families with dependent children: Youngest aged 0 to 4,21,17,12,12,0,5,4,1,4,1,3
S01012367,Families with dependent children: Youngest aged 5 to 11,35,24,21,21,0,3,2,1,11,0,11
S01012367,Families with dependent children: Youngest aged 12 to 18,31,21,19,19,0,2,1,1,10,1,9
S01012368,All families in households,192,176,161,157,4,15,12,3,16,1,15
S01012368,Families with no dependent children,145,138,127,127,0,11,11,0,7,0,7
S01012368,Families with dependent children: Total,47,38,34,30,4,4,1,3,9,1,8
S01012368,Families with dependent children: Youngest aged 0 to 4,8,7,6,5,1,1,1,0,1,0,1
S01012368,Families with dependent children: Youngest aged 5 to 11,24,22,19,18,1,3,0,3,2,0,2
S01012368,Families with dependent children: Youngest aged 12 to 18,15,9,9,7,2,0,0,0,6,1,5
S01012369,All families in households,273,244,208,207,1,36,26,10,29,5,24
S01012369,Families with no dependent children,170,157,139,138,1,18,16,2,13,4,9
S01012369,Families with dependent children: Total,103,87,69,69,0,18,10,8,16,1,15
S01012369,Families with dependent children: Youngest aged 0 to 4,26,25,18,18,0,7,6,1,1,0,1
S01012369,Families with dependent children: Youngest aged 5 to 11,40,34,27,27,0,7,1,6,6,1,5
S01012369,Families with dependent children: Youngest aged 12 to 18,37,28,24,24,0,4,3,1,9,0,9
S01012370,All families in households,259,226,175,170,5,51,45,6,33,7,26
S01012370,Families with no dependent children,172,159,121,118,3,38,35,3,13,6,7
S01012370,Families with dependent children: Total,87,67,54,52,2,13,10,3,20,1,19
S01012370,Families with dependent children: Youngest aged 0 to 4,36,26,16,14,2,10,10,0,10,0,10
S01012370,Families with dependent children: Youngest aged 5 to 11,31,24,21,21,0,3,0,3,7,1,6
S01012370,Families with dependent children: Youngest aged 12 to 18,20,17,17,17,0,0,0,0,3,0,3
S01012371,All families in households,251,199,149,144,5,50,43,7,52,8,44
S01012371,Families with no dependent children,160,143,105,104,1,38,35,3,17,3,14
S01012371,Families with dependent children: Total,91,56,44,40,4,12,8,4,35,5,30
S01012371,Families with dependent children: Youngest aged 0 to 4,32,25,17,15,2,8,6,2,7,0,7
S01012371,Families with dependent children: Youngest aged 5 to 11,34,18,17,16,1,1,1,0,16,4,12
S01012371,Families with dependent children: Youngest aged 12 to 18,25,13,10,9,1,3,1,2,12,1,11
S01012372,All families in households,183,142,104,99,5,38,33,5,41,6,35
S01012372,Families with no dependent children,123,112,84,83,1,28,27,1,11,3,8
S01012372,Families with dependent children: Total,60,30,20,16,4,10,6,4,30,3,27
S01012372,Families with dependent children: Youngest aged 0 to 4,24,10,5,5,0,5,3,2,14,0,14
S01012372,Families with dependent children: Youngest aged 5 to 11,19,9,7,3,4,2,2,0,10,1,9
S01012372,Families with dependent children: Youngest aged 12 to 18,17,11,8,8,0,3,1,2,6,2,4
S01012373,All families in households,294,264,211,205,6,53,44,9,30,6,24
S01012373,Families with no dependent children,199,182,150,150,0,32,32,0,17,5,12
S01012373,Families with dependent children: Total,95,82,61,55,6,21,12,9,13,1,12
S01012373,Families with dependent children: Youngest aged 0 to 4,29,26,15,14,1,11,10,1,3,0,3
S01012373,Families with dependent children: Youngest aged 5 to 11,35,33,27,22,5,6,2,4,2,0,2
S01012373,Families with dependent children: Youngest aged 12 to 18,31,23,19,19,0,4,0,4,8,1,7
S01012374,All families in households,295,237,182,173,9,55,44,11,58,4,54
S01012374,Families with no dependent children,167,149,126,124,2,23,22,1,18,2,16
S01012374,Families with dependent children: Total,128,88,56,49,7,32,22,10,40,2,38
S01012374,Families with dependent children: Youngest aged 0 to 4,34,25,11,7,4,14,12,2,9,1,8
S01012374,Families with dependent children: Youngest aged 5 to 11,56,39,25,24,1,14,7,7,17,1,16
S01012374,Families with dependent children: Youngest aged 12 to 18,38,24,20,18,2,4,3,1,14,0,14
S01012375,All families in households,287,221,174,163,11,47,38,9,66,8,58
S01012375,Families with no dependent children,163,139,121,119,2,18,17,1,24,6,18
S01012375,Families with dependent children: Total,124,82,53,44,9,29,21,8,42,2,40
S01012375,Families with dependent children: Youngest aged 0 to 4,54,36,18,16,2,18,16,2,18,0,18
S01012375,Families with dependent children: Youngest aged 5 to 11,38,24,19,15,4,5,3,2,14,0,14
S01012375,Families with dependent children: Youngest aged 12 to 18,32,22,16,13,3,6,2,4,10,2,8
S01012376,All families in households,296,272,246,235,11,26,22,4,24,7,17
S01012376,Families with no dependent children,185,177,160,158,2,17,17,0,8,4,4
S01012376,Families with dependent children: Total,111,95,86,77,9,9,5,4,16,3,13
S01012376,Families with dependent children: Youngest aged 0 to 4,36,31,27,25,2,4,2,2,5,0,5
S01012376,Families with dependent children: Youngest aged 5 to 11,37,30,27,25,2,3,2,1,7,2,5
S01012376,Families with dependent children: Youngest aged 12 to 18,38,34,32,27,5,2,1,1,4,1,3
S01012377,All families in households,212,195,177,173,4,18,16,2,17,2,15
S01012377,Families with no dependent children,147,142,126,124,2,16,14,2,5,1,4
S01012377,Families with dependent children: Total,65,53,51,49,2,2,2,0,12,1,11
S01012377,Families with dependent children: Youngest aged 0 to 4,26,20,20,19,1,0,0,0,6,1,5
S01012377,Families with dependent children: Youngest aged 5 to 11,20,16,14,14,0,2,2,0,4,0,4
S01012377,Families with dependent children: Youngest aged 12 to 18,19,17,17,16,1,0,0,0,2,0,2
S01012378,All families in households,197,181,158,152,6,23,18,5,16,5,11
S01012378,Families with no dependent children,141,135,119,117,2,16,15,1,6,3,3
S01012378,Families with dependent children: Total,56,46,39,35,4,7,3,4,10,2,8
S01012378,Families with dependent children: Youngest aged 0 to 4,18,15,11,10,1,4,2,2,3,0,3
S01012378,Families with dependent children: Youngest aged 5 to 11,14,11,10,8,2,1,0,1,3,0,3
S01012378,Families with dependent children: Youngest aged 12 to 18,24,20,18,17,1,2,1,1,4,2,2
S01012379,All families in households,162,149,111,105,6,38,35,3,13,4,9
S01012379,Families with no dependent children,111,107,81,80,1,26,26,0,4,2,2
S01012379,Families with dependent children: Total,51,42,30,25,5,12,9,3,9,2,7
S01012379,Families with dependent children: Youngest aged 0 to 4,22,19,11,10,1,8,7,1,3,1,2
S01012379,Families with dependent children: Youngest aged 5 to 11,16,13,11,9,2,2,1,1,3,0,3
S01012379,Families with dependent children: Youngest aged 12 to 18,13,10,8,6,2,2,1,1,3,1,2
S01012380,All families in households,262,216,169,159,10,47,33,14,46,6,40
S01012380,Families with no dependent children,155,136,110,109,1,26,24,2,19,4,15
S01012380,Families with dependent children: Total,107,80,59,50,9,21,9,12,27,2,25
S01012380,Families with dependent children: Youngest aged 0 to 4,37,32,20,18,2,12,7,5,5,0,5
S01012380,Families with dependent children: Youngest aged 5 to 11,32,20,15,12,3,5,2,3,12,0,12
S01012380,Families with dependent children: Youngest aged 12 to 18,38,28,24,20,4,4,0,4,10,2,8
S01012381,All families in households,228,183,155,150,5,28,24,4,45,7,38
S01012381,Families with no dependent children,138,131,114,112,2,17,17,0,7,0,7
S01012381,Families with dependent children: Total,90,52,41,38,3,11,7,4,38,7,31
S01012381,Families with dependent children: Youngest aged 0 to 4,32,22,14,13,1,8,6,2,10,1,9
S01012381,Families with dependent children: Youngest aged 5 to 11,22,13,12,12,0,1,1,0,9,2,7
S01012381,Families with dependent children: Youngest aged 12 to 18,36,17,15,13,2,2,0,2,19,4,15
S01012382,All families in households,302,279,250,244,6,29,22,7,23,1,22
S01012382,Families with no dependent children,202,192,176,175,1,16,12,4,10,1,9
S01012382,Families with dependent children: Total,100,87,74,69,5,13,10,3,13,0,13
S01012382,Families with dependent children: Youngest aged 0 to 4,32,30,23,23,0,7,7,0,2,0,2
S01012382,Families with dependent children: Youngest aged 5 to 11,35,29,25,23,2,4,3,1,6,0,6
S01012382,Families with dependent children: Youngest aged 12 to 18,33,28,26,23,3,2,0,2,5,0,5
S01012383,All families in households,258,233,196,192,4,37,33,4,25,4,21
S01012383,Families with no dependent children,181,175,152,151,1,23,22,1,6,1,5
S01012383,Families with dependent children: Total,77,58,44,41,3,14,11,3,19,3,16
S01012383,Families with dependent children: Youngest aged 0 to 4,28,25,18,16,2,7,6,1,3,0,3
S01012383,Families with dependent children: Youngest aged 5 to 11,22,14,12,11,1,2,2,0,8,1,7
S01012383,Families with dependent children: Youngest aged 12 to 18,27,19,14,14,0,5,3,2,8,2,6
S01012384,All families in households,147,129,97,94,3,32,29,3,18,4,14
S01012384,Families with no dependent children,94,89,70,69,1,19,19,0,5,1,4
S01012384,Families with dependent children: Total,53,40,27,25,2,13,10,3,13,3,10
S01012384,Families with dependent children: Youngest aged 0 to 4,29,23,16,15,1,7,6,1,6,3,3
S01012384,Families with dependent children: Youngest aged 5 to 11,14,11,6,6,0,5,4,1,3,0,3
S01012384,Families with dependent children: Youngest aged 12 to 18,10,6,5,4,1,1,0,1,4,0,4
S01012385,All families in households,206,188,152,146,6,36,30,6,18,3,15
S01012385,Families with no dependent children,136,127,109,108,1,18,18,0,9,2,7
S01012385,Families with dependent children: Total,70,61,43,38,5,18,12,6,9,1,8
S01012385,Families with dependent children: Youngest aged 0 to 4,20,19,12,11,1,7,6,1,1,0,1
S01012385,Families with dependent children: Youngest aged 5 to 11,29,24,18,14,4,6,4,2,5,1,4
S01012385,Families with dependent children: Youngest aged 12 to 18,21,18,13,13,0,5,2,3,3,0,3
S01012386,All families in households,281,210,165,153,12,45,34,11,71,9,62
S01012386,Families with no dependent children,140,122,109,107,2,13,13,0,18,5,13
S01012386,Families with dependent children: Total,141,88,56,46,10,32,21,11,53,4,49
S01012386,Families with dependent children: Youngest aged 0 to 4,52,35,17,14,3,18,14,4,17,0,17
S01012386,Families with dependent children: Youngest aged 5 to 11,58,34,25,21,4,9,5,4,24,4,20
S01012386,Families with dependent children: Youngest aged 12 to 18,31,19,14,11,3,5,2,3,12,0,12
S01012387,All families in households,291,250,206,194,12,44,36,8,41,7,34
S01012387,Families with no dependent children,185,169,143,139,4,26,25,1,16,5,11
S01012387,Families with dependent children: Total,106,81,63,55,8,18,11,7,25,2,23
S01012387,Families with dependent children: Youngest aged 0 to 4,36,28,19,14,5,9,6,3,8,0,8
S01012387,Families with dependent children: Youngest aged 5 to 11,41,29,25,23,2,4,3,1,12,2,10
S01012387,Families with dependent children: Youngest aged 12 to 18,29,24,19,18,1,5,2,3,5,0,5
S01012388,All families in households,209,198,173,171,2,25,25,0,11,4,7
S01012388,Families with no dependent children,135,126,108,108,0,18,18,0,9,4,5
S01012388,Families with dependent children: Total,74,72,65,63,2,7,7,0,2,0,2
S01012388,Families with dependent children: Youngest aged 0 to 4,26,26,22,21,1,4,4,0,0,0,0
S01012388,Families with dependent children: Youngest aged 5 to 11,26,24,21,20,1,3,3,0,2,0,2
S01012388,Families with dependent children: Youngest aged 12 to 18,22,22,22,22,0,0,0,0,0,0,0
S01012389,All families in households,249,217,177,167,10,40,32,8,32,6,26
S01012389,Families with no dependent children,120,111,96,94,2,15,14,1,9,5,4
S01012389,Families with dependent children: Total,129,106,81,73,8,25,18,7,23,1,22
S01012389,Families with dependent children: Youngest aged 0 to 4,51,47,30,26,4,17,14,3,4,0,4
S01012389,Families with dependent children: Youngest aged 5 to 11,45,36,31,29,2,5,3,2,9,1,8
S01012389,Families with dependent children: Youngest aged 12 to 18,33,23,20,18,2,3,1,2,10,0,10
S01012390,All families in households,218,196,162,159,3,34,32,2,22,1,21
S01012390,Families with no dependent children,127,114,92,92,0,22,21,1,13,1,12
S01012390,Families with dependent children: Total,91,82,70,67,3,12,11,1,9,0,9
S01012390,Families with dependent children: Youngest aged 0 to 4,35,33,24,24,0,9,8,1,2,0,2
S01012390,Families with dependent children: Youngest aged 5 to 11,24,21,19,19,0,2,2,0,3,0,3
S01012390,Families with dependent children: Youngest aged 12 to 18,32,28,27,24,3,1,1,0,4,0,4
S01012391,All families in households,317,288,233,213,20,55,47,8,29,7,22
S01012391,Families with no dependent children,138,128,97,95,2,31,30,1,10,4,6
S01012391,Families with dependent children: Total,179,160,136,118,18,24,17,7,19,3,16
S01012391,Families with dependent children: Youngest aged 0 to 4,73,68,53,42,11,15,12,3,5,1,4
S01012391,Families with dependent children: Youngest aged 5 to 11,69,62,56,51,5,6,2,4,7,2,5
S01012391,Families with dependent children: Youngest aged 12 to 18,37,30,27,25,2,3,3,0,7,0,7
S01012392,All families in households,223,180,148,140,8,32,26,6,43,5,38
S01012392,Families with no dependent children,115,103,89,87,2,14,13,1,12,3,9
S01012392,Families with dependent children: Total,108,77,59,53,6,18,13,5,31,2,29
S01012392,Families with dependent children: Youngest aged 0 to 4,52,38,26,24,2,12,8,4,14,1,13
S01012392,Families with dependent children: Youngest aged 5 to 11,33,25,21,17,4,4,4,0,8,0,8
S01012392,Families with dependent children: Youngest aged 12 to 18,23,14,12,12,0,2,1,1,9,1,8
S01012393,All families in households,266,226,180,174,6,46,36,10,40,9,31
S01012393,Families with no dependent children,166,149,126,123,3,23,21,2,17,6,11
S01012393,Families with dependent children: Total,100,77,54,51,3,23,15,8,23,3,20
S01012393,Families with dependent children: Youngest aged 0 to 4,30,28,17,16,1,11,10,1,2,0,2
S01012393,Families with dependent children: Youngest aged 5 to 11,44,33,27,26,1,6,2,4,11,2,9
S01012393,Families with dependent children: Youngest aged 12 to 18,26,16,10,9,1,6,3,3,10,1,9
S01012394,All families in households,191,135,93,89,4,42,34,8,56,8,48
S01012394,Families with no dependent children,92,85,64,63,1,21,19,2,7,1,6
S01012394,Families with dependent children: Total,99,50,29,26,3,21,15,6,49,7,42
S01012394,Families with dependent children: Youngest aged 0 to 4,48,28,17,15,2,11,9,2,20,2,18
S01012394,Families with dependent children: Youngest aged 5 to 11,23,7,2,2,0,5,3,2,16,1,15
S01012394,Families with dependent children: Youngest aged 12 to 18,28,15,10,9,1,5,3,2,13,4,9
S01012395,All families in households,166,139,106,98,8,33,32,1,27,6,21
S01012395,Families with no dependent children,104,93,69,67,2,24,24,0,11,3,8
S01012395,Families with dependent children: Total,62,46,37,31,6,9,8,1,16,3,13
S01012395,Families with dependent children: Youngest aged 0 to 4,21,16,9,7,2,7,6,1,5,0,5
S01012395,Families with dependent children: Youngest aged 5 to 11,25,17,16,14,2,1,1,0,8,2,6
S01012395,Families with dependent children: Youngest aged 12 to 18,16,13,12,10,2,1,1,0,3,1,2
S01012396,All families in households,176,147,91,87,4,56,49,7,29,4,25
S01012396,Families with no dependent children,103,95,61,60,1,34,34,0,8,1,7
S01012396,Families with dependent children: Total,73,52,30,27,3,22,15,7,21,3,18
S01012396,Families with dependent children: Youngest aged 0 to 4,31,26,9,9,0,17,13,4,5,0,5
S01012396,Families with dependent children: Youngest aged 5 to 11,28,16,13,12,1,3,2,1,12,2,10
S01012396,Families with dependent children: Youngest aged 12 to 18,14,10,8,6,2,2,0,2,4,1,3
S01012397,All families in households,245,199,156,146,10,43,37,6,46,9,37
S01012397,Families with no dependent children,174,148,121,116,5,27,25,2,26,6,20
S01012397,Families with dependent children: Total,71,51,35,30,5,16,12,4,20,3,17
S01012397,Families with dependent children: Youngest aged 0 to 4,23,19,13,12,1,6,6,0,4,0,4
S01012397,Families with dependent children: Youngest aged 5 to 11,26,21,14,13,1,7,4,3,5,2,3
S01012397,Families with dependent children: Youngest aged 12 to 18,22,11,8,5,3,3,2,1,11,1,10
S01012398,All families in households,226,187,131,121,10,56,50,6,39,8,31
S01012398,Families with no dependent children,149,132,86,83,3,46,45,1,17,7,10
S01012398,Families with dependent children: Total,77,55,45,38,7,10,5,5,22,1,21
S01012398,Families with dependent children: Youngest aged 0 to 4,27,18,13,12,1,5,3,2,9,1,8
S01012398,Families with dependent children: Youngest aged 5 to 11,22,17,13,10,3,4,2,2,5,0,5
S01012398,Families with dependent children: Youngest aged 12 to 18,28,20,19,16,3,1,0,1,8,0,8
S01012399,All families in households,179,137,87,83,4,50,39,11,42,10,32
S01012399,Families with no dependent children,98,82,56,55,1,26,24,2,16,9,7
S01012399,Families with dependent children: Total,81,55,31,28,3,24,15,9,26,1,25
S01012399,Families with dependent children: Youngest aged 0 to 4,29,19,11,10,1,8,8,0,10,1,9
S01012399,Families with dependent children: Youngest aged 5 to 11,28,18,9,8,1,9,2,7,10,0,10
S01012399,Families with dependent children: Youngest aged 12 to 18,24,18,11,10,1,7,5,2,6,0,6
S01012400,All families in households,162,124,90,88,2,34,30,4,38,4,34
S01012400,Families with no dependent children,97,78,56,56,0,22,22,0,19,4,15
S01012400,Families with dependent children: Total,65,46,34,32,2,12,8,4,19,0,19
S01012400,Families with dependent children: Youngest aged 0 to 4,24,18,12,11,1,6,5,1,6,0,6
S01012400,Families with dependent children: Youngest aged 5 to 11,22,16,12,11,1,4,2,2,6,0,6
S01012400,Families with dependent children: Youngest aged 12 to 18,19,12,10,10,0,2,1,1,7,0,7
S01012401,All families in households,204,167,111,98,13,56,49,7,37,3,34
S01012401,Families with no dependent children,129,115,80,74,6,35,34,1,14,1,13
S01012401,Families with dependent children: Total,75,52,31,24,7,21,15,6,23,2,21
S01012401,Families with dependent children: Youngest aged 0 to 4,32,24,13,8,5,11,9,2,8,1,7
S01012401,Families with dependent children: Youngest aged 5 to 11,28,19,13,12,1,6,2,4,9,1,8
S01012401,Families with dependent children: Youngest aged 12 to 18,15,9,5,4,1,4,4,0,6,0,6
S01012402,All families in households,134,113,91,88,3,22,18,4,21,4,17
S01012402,Families with no dependent children,66,57,45,45,0,12,10,2,9,2,7
S01012402,Families with dependent children: Total,68,56,46,43,3,10,8,2,12,2,10
S01012402,Families with dependent children: Youngest aged 0 to 4,30,27,20,20,0,7,6,1,3,1,2
S01012402,Families with dependent children: Youngest aged 5 to 11,17,12,11,11,0,1,1,0,5,1,4
S01012402,Families with dependent children: Youngest aged 12 to 18,21,17,15,12,3,2,1,1,4,0,4
S01012403,All families in households,317,281,227,220,7,54,41,13,36,8,28
S01012403,Families with no dependent children,201,187,159,158,1,28,25,3,14,6,8
S01012403,Families with dependent children: Total,116,94,68,62,6,26,16,10,22,2,20
S01012403,Families with dependent children: Youngest aged 0 to 4,46,40,26,26,0,14,13,1,6,0,6
S01012403,Families with dependent children: Youngest aged 5 to 11,37,27,23,22,1,4,2,2,10,1,9
S01012403,Families with dependent children: Youngest aged 12 to 18,33,27,19,14,5,8,1,7,6,1,5
S01012404,All families in households,268,218,155,148,7,63,46,17,50,10,40
S01012404,Families with no dependent children,163,140,105,100,5,35,33,2,23,7,16
S01012404,Families with dependent children: Total,105,78,50,48,2,28,13,15,27,3,24
S01012404,Families with dependent children: Youngest aged 0 to 4,37,29,16,15,1,13,8,5,8,1,7
S01012404,Families with dependent children: Youngest aged 5 to 11,47,33,21,21,0,12,4,8,14,1,13
S01012404,Families with dependent children: Youngest aged 12 to 18,21,16,13,12,1,3,1,2,5,1,4
S01012405,All families in households,218,196,161,155,6,35,30,5,22,4,18
S01012405,Families with no dependent children,119,110,89,88,1,21,21,0,9,2,7
S01012405,Families with dependent children: Total,99,86,72,67,5,14,9,5,13,2,11
S01012405,Families with dependent children: Youngest aged 0 to 4,41,40,31,29,2,9,6,3,1,0,1
S01012405,Families with dependent children: Youngest aged 5 to 11,31,29,26,25,1,3,2,1,2,0,2
S01012405,Families with dependent children: Youngest aged 12 to 18,27,17,15,13,2,2,1,1,10,2,8
S01012406,All families in households,178,163,132,123,9,31,28,3,15,3,12
S01012406,Families with no dependent children,102,98,79,78,1,19,18,1,4,1,3
S01012406,Families with dependent children: Total,76,65,53,45,8,12,10,2,11,2,9
S01012406,Families with dependent children: Youngest aged 0 to 4,29,27,19,14,5,8,8,0,2,0,2
S01012406,Families with dependent children: Youngest aged 5 to 11,25,19,18,17,1,1,0,1,6,1,5
S01012406,Families with dependent children: Youngest aged 12 to 18,22,19,16,14,2,3,2,1,3,1,2
S01012407,All families in households,233,202,165,159,6,37,32,5,31,5,26
S01012407,Families with no dependent children,126,115,94,91,3,21,21,0,11,3,8
S01012407,Families with dependent children: Total,107,87,71,68,3,16,11,5,20,2,18
S01012407,Families with dependent children: Youngest aged 0 to 4,42,38,30,28,2,8,7,1,4,0,4
S01012407,Families with dependent children: Youngest aged 5 to 11,32,21,17,16,1,4,2,2,11,1,10
S01012407,Families with dependent children: Youngest aged 12 to 18,33,28,24,24,0,4,2,2,5,1,4
S01012408,All families in households,181,166,138,134,4,28,22,6,15,4,11
S01012408,Families with no dependent children,100,94,79,79,0,15,14,1,6,2,4
S01012408,Families with dependent children: Total,81,72,59,55,4,13,8,5,9,2,7
S01012408,Families with dependent children: Youngest aged 0 to 4,29,27,20,19,1,7,4,3,2,0,2
S01012408,Families with dependent children: Youngest aged 5 to 11,25,23,20,19,1,3,1,2,2,0,2
S01012408,Families with dependent children: Youngest aged 12 to 18,27,22,19,17,2,3,3,0,5,2,3
S01012409,All families in households,192,170,137,131,6,33,27,6,22,3,19
S01012409,Families with no dependent children,117,104,86,85,1,18,18,0,13,3,10
S01012409,Families with dependent children: Total,75,66,51,46,5,15,9,6,9,0,9
S01012409,Families with dependent children: Youngest aged 0 to 4,26,25,21,19,2,4,4,0,1,0,1
S01012409,Families with dependent children: Youngest aged 5 to 11,31,24,15,14,1,9,5,4,7,0,7
S01012409,Families with dependent children: Youngest aged 12 to 18,18,17,15,13,2,2,0,2,1,0,1
S01012410,All families in households,300,262,192,184,8,70,54,16,38,5,33
S01012410,Families with no dependent children,164,152,117,115,2,35,33,2,12,2,10
S01012410,Families with dependent children: Total,136,110,75,69,6,35,21,14,26,3,23
S01012410,Families with dependent children: Youngest aged 0 to 4,44,42,26,25,1,16,13,3,2,0,2
S01012410,Families with dependent children: Youngest aged 5 to 11,53,37,27,25,2,10,3,7,16,2,14
S01012410,Families with dependent children: Youngest aged 12 to 18,39,31,22,19,3,9,5,4,8,1,7
S01012411,All families in households,273,219,171,157,14,48,43,5,54,16,38
S01012411,Families with no dependent children,150,130,106,103,3,24,23,1,20,6,14
S01012411,Families with dependent children: Total,123,89,65,54,11,24,20,4,34,10,24
S01012411,Families with dependent children: Youngest aged 0 to 4,42,36,18,15,3,18,14,4,6,2,4
S01012411,Families with dependent children: Youngest aged 5 to 11,30,24,20,16,4,4,4,0,6,0,6
S01012411,Families with dependent children: Youngest aged 12 to 18,51,29,27,23,4,2,2,0,22,8,14
S01012412,All families in households,190,164,137,132,5,27,23,4,26,7,19
S01012412,Families with no dependent children,120,106,92,91,1,14,14,0,14,5,9
S01012412,Families with dependent children: Total,70,58,45,41,4,13,9,4,12,2,10
S01012412,Families with dependent children: Youngest aged 0 to 4,29,26,18,17,1,8,7,1,3,0,3
S01012412,Families with dependent children: Youngest aged 5 to 11,18,13,9,8,1,4,2,2,5,1,4
S01012412,Families with dependent children: Youngest aged 12 to 18,23,19,18,16,2,1,0,1,4,1,3
S01012413,All families in households,296,274,231,227,4,43,33,10,22,2,20
S01012413,Families with no dependent children,198,187,161,161,0,26,25,1,11,1,10
S01012413,Families with dependent children: Total,98,87,70,66,4,17,8,9,11,1,10
S01012413,Families with dependent children: Youngest aged 0 to 4,37,36,28,27,1,8,4,4,1,1,0
S01012413,Families with dependent children: Youngest aged 5 to 11,36,34,29,27,2,5,3,2,2,0,2
S01012413,Families with dependent children: Youngest aged 12 to 18,25,17,13,12,1,4,1,3,8,0,8
S01012414,All families in households,194,178,157,150,7,21,19,2,16,5,11
S01012414,Families with no dependent children,136,131,115,114,1,16,16,0,5,2,3
S01012414,Families with dependent children: Total,58,47,42,36,6,5,3,2,11,3,8
S01012414,Families with dependent children: Youngest aged 0 to 4,30,25,22,19,3,3,1,2,5,1,4
S01012414,Families with dependent children: Youngest aged 5 to 11,14,13,11,9,2,2,2,0,1,1,0
S01012414,Families with dependent children: Youngest aged 12 to 18,14,9,9,8,1,0,0,0,5,1,4
S01012415,All families in households,161,148,130,123,7,18,14,4,13,3,10
S01012415,Families with no dependent children,100,91,84,83,1,7,7,0,9,3,6
S01012415,Families with dependent children: Total,61,57,46,40,6,11,7,4,4,0,4
S01012415,Families with dependent children: Youngest aged 0 to 4,28,25,20,19,1,5,5,0,3,0,3
S01012415,Families with dependent children: Youngest aged 5 to 11,19,18,14,11,3,4,2,2,1,0,1
S01012415,Families with dependent children: Youngest aged 12 to 18,14,14,12,10,2,2,0,2,0,0,0
S01012416,All families in households,163,153,134,131,3,19,16,3,10,2,8
S01012416,Families with no dependent children,111,105,95,94,1,10,9,1,6,2,4
S01012416,Families with dependent children: Total,52,48,39,37,2,9,7,2,4,0,4
S01012416,Families with dependent children: Youngest aged 0 to 4,24,23,17,16,1,6,6,0,1,0,1
S01012416,Families with dependent children: Youngest aged 5 to 11,16,15,13,13,0,2,1,1,1,0,1
S01012416,Families with dependent children: Youngest aged 12 to 18,12,10,9,8,1,1,0,1,2,0,2
S01012417,All families in households,192,173,151,143,8,22,16,6,19,5,14
S01012417,Families with no dependent children,133,125,112,109,3,13,12,1,8,4,4
S01012417,Families with dependent children: Total,59,48,39,34,5,9,4,5,11,1,10
S01012417,Families with dependent children: Youngest aged 0 to 4,19,18,15,14,1,3,2,1,1,0,1
S01012417,Families with dependent children: Youngest aged 5 to 11,21,15,12,10,2,3,2,1,6,0,6
S01012417,Families with dependent children: Youngest aged 12 to 18,19,15,12,10,2,3,0,3,4,1,3
S01012418,All families in households,253,223,193,188,5,30,27,3,30,8,22
S01012418,Families with no dependent children,190,174,154,150,4,20,20,0,16,4,12
S01012418,Families with dependent children: Total,63,49,39,38,1,10,7,3,14,4,10
S01012418,Families with dependent children: Youngest aged 0 to 4,17,15,11,11,0,4,4,0,2,0,2
S01012418,Families with dependent children: Youngest aged 5 to 11,28,19,15,14,1,4,3,1,9,3,6
S01012418,Families with dependent children: Youngest aged 12 to 18,18,15,13,13,0,2,0,2,3,1,2
S01012419,All families in households,241,220,186,181,5,34,27,7,21,2,19
S01012419,Families with no dependent children,157,148,133,133,0,15,15,0,9,1,8
S01012419,Families with dependent children: Total,84,72,53,48,5,19,12,7,12,1,11
S01012419,Families with dependent children: Youngest aged 0 to 4,31,28,20,20,0,8,6,2,3,0,3
S01012419,Families with dependent children: Youngest aged 5 to 11,26,22,16,11,5,6,3,3,4,1,3
S01012419,Families with dependent children: Youngest aged 12 to 18,27,22,17,17,0,5,3,2,5,0,5
S01012420,All families in households,266,209,163,155,8,46,35,11,57,6,51
S01012420,Families with no dependent children,159,141,112,110,2,29,25,4,18,4,14
S01012420,Families with dependent children: Total,107,68,51,45,6,17,10,7,39,2,37
S01012420,Families with dependent children: Youngest aged 0 to 4,34,23,13,13,0,10,7,3,11,0,11
S01012420,Families with dependent children: Youngest aged 5 to 11,46,27,22,20,2,5,3,2,19,0,19
S01012420,Families with dependent children: Youngest aged 12 to 18,27,18,16,12,4,2,0,2,9,2,7
S01012421,All families in households,220,182,159,154,5,23,19,4,38,11,27
S01012421,Families with no dependent children,146,133,116,113,3,17,15,2,13,5,8
S01012421,Families with dependent children: Total,74,49,43,41,2,6,4,2,25,6,19
S01012421,Families with dependent children: Youngest aged 0 to 4,16,13,12,12,0,1,1,0,3,0,3
S01012421,Families with dependent children: Youngest aged 5 to 11,22,14,12,11,1,2,1,1,8,3,5
S01012421,Families with dependent children: Youngest aged 12 to 18,36,22,19,18,1,3,2,1,14,3,11
S01012422,All families in households,269,223,186,178,8,37,24,13,46,9,37
S01012422,Families with no dependent children,176,158,138,135,3,20,19,1,18,5,13
S01012422,Families with dependent children: Total,93,65,48,43,5,17,5,12,28,4,24
S01012422,Families with dependent children: Youngest aged 0 to 4,34,23,18,16,2,5,3,2,11,0,11
S01012422,Families with dependent children: Youngest aged 5 to 11,32,20,14,12,2,6,2,4,12,3,9
S01012422,Families with dependent children: Youngest aged 12 to 18,27,22,16,15,1,6,0,6,5,1,4
S01012423,All families in households,262,234,191,184,7,43,38,5,28,3,25
S01012423,Families with no dependent children,187,175,146,142,4,29,29,0,12,2,10
S01012423,Families with dependent children: Total,75,59,45,42,3,14,9,5,16,1,15
S01012423,Families with dependent children: Youngest aged 0 to 4,19,14,7,6,1,7,5,2,5,0,5
S01012423,Families with dependent children: Youngest aged 5 to 11,31,28,22,21,1,6,3,3,3,1,2
S01012423,Families with dependent children: Youngest aged 12 to 18,25,17,16,15,1,1,1,0,8,0,8
S01012424,All families in households,285,233,180,169,11,53,41,12,52,4,48
S01012424,Families with no dependent children,165,153,127,123,4,26,23,3,12,2,10
S01012424,Families with dependent children: Total,120,80,53,46,7,27,18,9,40,2,38
S01012424,Families with dependent children: Youngest aged 0 to 4,47,37,25,20,5,12,12,0,10,1,9
S01012424,Families with dependent children: Youngest aged 5 to 11,43,27,17,16,1,10,4,6,16,1,15
S01012424,Families with dependent children: Youngest aged 12 to 18,30,16,11,10,1,5,2,3,14,0,14
S01012425,All families in households,175,123,97,92,5,26,21,5,52,3,49
S01012425,Families with no dependent children,88,75,64,63,1,11,9,2,13,2,11
S01012425,Families with dependent children: Total,87,48,33,29,4,15,12,3,39,1,38
S01012425,Families with dependent children: Youngest aged 0 to 4,33,21,12,10,2,9,8,1,12,0,12
S01012425,Families with dependent children: Youngest aged 5 to 11,31,15,11,9,2,4,3,1,16,0,16
S01012425,Families with dependent children: Youngest aged 12 to 18,23,12,10,10,0,2,1,1,11,1,10
S01012426,All families in households,140,96,70,67,3,26,22,4,44,4,40
S01012426,Families with no dependent children,64,53,42,42,0,11,11,0,11,2,9
S01012426,Families with dependent children: Total,76,43,28,25,3,15,11,4,33,2,31
S01012426,Families with dependent children: Youngest aged 0 to 4,26,17,7,5,2,10,8,2,9,0,9
S01012426,Families with dependent children: Youngest aged 5 to 11,33,17,14,13,1,3,3,0,16,1,15
S01012426,Families with dependent children: Youngest aged 12 to 18,17,9,7,7,0,2,0,2,8,1,7
S01012427,All families in households,196,146,96,93,3,50,41,9,50,8,42
S01012427,Families with no dependent children,102,86,64,63,1,22,21,1,16,5,11
S01012427,Families with dependent children: Total,94,60,32,30,2,28,20,8,34,3,31
S01012427,Families with dependent children: Youngest aged 0 to 4,32,22,3,2,1,19,16,3,10,0,10
S01012427,Families with dependent children: Youngest aged 5 to 11,26,19,13,12,1,6,3,3,7,0,7
S01012427,Families with dependent children: Youngest aged 12 to 18,36,19,16,16,0,3,1,2,17,3,14
S01012428,All families in households,207,179,140,137,3,39,35,4,28,1,27
S01012428,Families with no dependent children,125,116,103,103,0,13,13,0,9,0,9
S01012428,Families with dependent children: Total,82,63,37,34,3,26,22,4,19,1,18
S01012428,Families with dependent children: Youngest aged 0 to 4,31,24,12,12,0,12,11,1,7,0,7
S01012428,Families with dependent children: Youngest aged 5 to 11,27,19,11,9,2,8,7,1,8,1,7
S01012428,Families with dependent children: Youngest aged 12 to 18,24,20,14,13,1,6,4,2,4,0,4
S01012429,All families in households,162,130,104,102,2,26,22,4,32,5,27
S01012429,Families with no dependent children,98,90,74,74,0,16,15,1,8,3,5
S01012429,Families with dependent children: Total,64,40,30,28,2,10,7,3,24,2,22
S01012429,Families with dependent children: Youngest aged 0 to 4,19,10,7,6,1,3,3,0,9,0,9
S01012429,Families with dependent children: Youngest aged 5 to 11,24,12,9,9,0,3,2,1,12,1,11
S01012429,Families with dependent children: Youngest aged 12 to 18,21,18,14,13,1,4,2,2,3,1,2
S01012430,All families in households,168,130,108,105,3,22,18,4,38,7,31
S01012430,Families with no dependent children,108,90,79,77,2,11,11,0,18,5,13
S01012430,Families with dependent children: Total,60,40,29,28,1,11,7,4,20,2,18
S01012430,Families with dependent children: Youngest aged 0 to 4,14,9,5,5,0,4,3,1,5,0,5
S01012430,Families with dependent children: Youngest aged 5 to 11,24,18,14,14,0,4,3,1,6,0,6
S01012430,Families with dependent children: Youngest aged 12 to 18,22,13,10,9,1,3,1,2,9,2,7
S01012431,All families in households,259,221,187,174,13,34,26,8,38,6,32
S01012431,Families with no dependent children,168,152,133,130,3,19,16,3,16,3,13
S01012431,Families with dependent children: Total,91,69,54,44,10,15,10,5,22,3,19
S01012431,Families with dependent children: Youngest aged 0 to 4,28,22,15,11,4,7,6,1,6,1,5
S01012431,Families with dependent children: Youngest aged 5 to 11,28,19,14,11,3,5,3,2,9,1,8
S01012431,Families with dependent children: Youngest aged 12 to 18,35,28,25,22,3,3,1,2,7,1,6
S01012432,All families in households,219,188,159,155,4,29,23,6,31,2,29
S01012432,Families with no dependent children,153,140,124,121,3,16,16,0,13,2,11
S01012432,Families with dependent children: Total,66,48,35,34,1,13,7,6,18,0,18
S01012432,Families with dependent children: Youngest aged 0 to 4,19,15,7,7,0,8,6,2,4,0,4
S01012432,Families with dependent children: Youngest aged 5 to 11,18,15,12,12,0,3,1,2,3,0,3
S01012432,Families with dependent children: Youngest aged 12 to 18,29,18,16,15,1,2,0,2,11,0,11
S01012433,All families in households,143,124,99,98,1,25,22,3,19,2,17
S01012433,Families with no dependent children,99,93,81,80,1,12,12,0,6,2,4
S01012433,Families with dependent children: Total,44,31,18,18,0,13,10,3,13,0,13
S01012433,Families with dependent children: Youngest aged 0 to 4,17,13,7,7,0,6,5,1,4,0,4
S01012433,Families with dependent children: Youngest aged 5 to 11,8,3,2,2,0,1,1,0,5,0,5
S01012433,Families with dependent children: Youngest aged 12 to 18,19,15,9,9,0,6,4,2,4,0,4
S01012434,All families in households,198,145,109,102,7,36,29,7,53,5,48
S01012434,Families with no dependent children,108,92,72,71,1,20,19,1,16,3,13
S01012434,Families with dependent children: Total,90,53,37,31,6,16,10,6,37,2,35
S01012434,Families with dependent children: Youngest aged 0 to 4,30,18,11,11,0,7,6,1,12,0,12
S01012434,Families with dependent children: Youngest aged 5 to 11,30,19,13,10,3,6,3,3,11,0,11
S01012434,Families with dependent children: Youngest aged 12 to 18,30,16,13,10,3,3,1,2,14,2,12
S01012435,All families in households,179,136,108,98,10,28,26,2,43,4,39
S01012435,Families with no dependent children,97,86,70,68,2,16,16,0,11,1,10
S01012435,Families with dependent children: Total,82,50,38,30,8,12,10,2,32,3,29
S01012435,Families with dependent children: Youngest aged 0 to 4,27,17,10,9,1,7,7,0,10,0,10
S01012435,Families with dependent children: Youngest aged 5 to 11,29,17,13,9,4,4,2,2,12,1,11
S01012435,Families with dependent children: Youngest aged 12 to 18,26,16,15,12,3,1,1,0,10,2,8
S01012436,All families in households,217,158,121,112,9,37,29,8,59,5,54
S01012436,Families with no dependent children,108,92,80,78,2,12,11,1,16,4,12
S01012436,Families with dependent children: Total,109,66,41,34,7,25,18,7,43,1,42
S01012436,Families with dependent children: Youngest aged 0 to 4,44,29,16,11,5,13,11,2,15,0,15
S01012436,Families with dependent children: Youngest aged 5 to 11,32,18,9,9,0,9,5,4,14,1,13
S01012436,Families with dependent children: Youngest aged 12 to 18,33,19,16,14,2,3,2,1,14,0,14
S01012437,All families in households,220,180,146,142,4,34,31,3,40,6,34
S01012437,Families with no dependent children,137,114,98,98,0,16,16,0,23,5,18
S01012437,Families with dependent children: Total,83,66,48,44,4,18,15,3,17,1,16
S01012437,Families with dependent children: Youngest aged 0 to 4,29,22,14,14,0,8,8,0,7,1,6
S01012437,Families with dependent children: Youngest aged 5 to 11,27,21,15,13,2,6,4,2,6,0,6
S01012437,Families with dependent children: Youngest aged 12 to 18,27,23,19,17,2,4,3,1,4,0,4
S01012438,All families in households,213,182,156,150,6,26,22,4,31,0,31
S01012438,Families with no dependent children,112,108,97,96,1,11,10,1,4,0,4
S01012438,Families with dependent children: Total,101,74,59,54,5,15,12,3,27,0,27
S01012438,Families with dependent children: Youngest aged 0 to 4,39,30,20,19,1,10,10,0,9,0,9
S01012438,Families with dependent children: Youngest aged 5 to 11,33,24,22,19,3,2,1,1,9,0,9
S01012438,Families with dependent children: Youngest aged 12 to 18,29,20,17,16,1,3,1,2,9,0,9
S01012439,All families in households,232,185,148,140,8,37,33,4,47,5,42
S01012439,Families with no dependent children,133,120,102,100,2,18,18,0,13,3,10
S01012439,Families with dependent children: Total,99,65,46,40,6,19,15,4,34,2,32
S01012439,Families with dependent children: Youngest aged 0 to 4,44,26,12,9,3,14,12,2,18,0,18
S01012439,Families with dependent children: Youngest aged 5 to 11,25,18,14,14,0,4,3,1,7,0,7
S01012439,Families with dependent children: Youngest aged 12 to 18,30,21,20,17,3,1,0,1,9,2,7
S01012440,All families in households,161,149,136,132,4,13,11,2,12,2,10
S01012440,Families with no dependent children,112,105,98,96,2,7,7,0,7,2,5
S01012440,Families with dependent children: Total,49,44,38,36,2,6,4,2,5,0,5
S01012440,Families with dependent children: Youngest aged 0 to 4,15,13,10,10,0,3,3,0,2,0,2
S01012440,Families with dependent children: Youngest aged 5 to 11,18,17,14,14,0,3,1,2,1,0,1
S01012440,Families with dependent children: Youngest aged 12 to 18,16,14,14,12,2,0,0,0,2,0,2
S01012441,All families in households,293,268,230,225,5,38,31,7,25,5,20
S01012441,Families with no dependent children,210,199,175,173,2,24,21,3,11,5,6
S01012441,Families with dependent children: Total,83,69,55,52,3,14,10,4,14,0,14
S01012441,Families with dependent children: Youngest aged 0 to 4,22,18,14,14,0,4,4,0,4,0,4
S01012441,Families with dependent children: Youngest aged 5 to 11,33,29,22,19,3,7,6,1,4,0,4
S01012441,Families with dependent children: Youngest aged 12 to 18,28,22,19,19,0,3,0,3,6,0,6
S01012442,All families in households,299,247,209,201,8,38,29,9,52,9,43
S01012442,Families with no dependent children,174,165,144,144,0,21,20,1,9,2,7
S01012442,Families with dependent children: Total,125,82,65,57,8,17,9,8,43,7,36
S01012442,Families with dependent children: Youngest aged 0 to 4,46,32,22,21,1,10,7,3,14,0,14
S01012442,Families with dependent children: Youngest aged 5 to 11,39,24,20,18,2,4,1,3,15,4,11
S01012442,Families with dependent children: Youngest aged 12 to 18,40,26,23,18,5,3,1,2,14,3,11
S01012443,All families in households,234,207,172,162,10,35,27,8,27,6,21
S01012443,Families with no dependent children,141,131,112,108,4,19,18,1,10,3,7
S01012443,Families with dependent children: Total,93,76,60,54,6,16,9,7,17,3,14
S01012443,Families with dependent children: Youngest aged 0 to 4,35,27,18,16,2,9,7,2,8,1,7
S01012443,Families with dependent children: Youngest aged 5 to 11,28,26,24,23,1,2,1,1,2,1,1
S01012443,Families with dependent children: Youngest aged 12 to 18,30,23,18,15,3,5,1,4,7,1,6
S01012444,All families in households,223,202,187,180,7,15,13,2,21,3,18
S01012444,Families with no dependent children,151,142,135,130,5,7,7,0,9,1,8
S01012444,Families with dependent children: Total,72,60,52,50,2,8,6,2,12,2,10
S01012444,Families with dependent children: Youngest aged 0 to 4,23,20,16,15,1,4,4,0,3,0,3
S01012444,Families with dependent children: Youngest aged 5 to 11,25,21,19,18,1,2,1,1,4,0,4
S01012444,Families with dependent children: Youngest aged 12 to 18,24,19,17,17,0,2,1,1,5,2,3
S01012445,All families in households,160,148,134,123,11,14,10,4,12,2,10
S01012445,Families with no dependent children,71,69,65,61,4,4,3,1,2,1,1
S01012445,Families with dependent children: Total,89,79,69,62,7,10,7,3,10,1,9
S01012445,Families with dependent children: Youngest aged 0 to 4,40,36,31,29,2,5,4,1,4,0,4
S01012445,Families with dependent children: Youngest aged 5 to 11,29,25,22,21,1,3,2,1,4,1,3
S01012445,Families with dependent children: Youngest aged 12 to 18,20,18,16,12,4,2,1,1,2,0,2
S01012446,All families in households,141,103,74,69,5,29,23,6,38,4,34
S01012446,Families with no dependent children,93,73,55,53,2,18,17,1,20,3,17
S01012446,Families with dependent children: Total,48,30,19,16,3,11,6,5,18,1,17
S01012446,Families with dependent children: Youngest aged 0 to 4,18,13,5,5,0,8,6,2,5,0,5
S01012446,Families with dependent children: Youngest aged 5 to 11,15,9,8,7,1,1,0,1,6,0,6
S01012446,Families with dependent children: Youngest aged 12 to 18,15,8,6,4,2,2,0,2,7,1,6
S01012447,All families in households,279,243,221,215,6,22,21,1,36,6,30
S01012447,Families with no dependent children,175,158,145,143,2,13,13,0,17,4,13
S01012447,Families with dependent children: Total,104,85,76,72,4,9,8,1,19,2,17
S01012447,Families with dependent children: Youngest aged 0 to 4,28,26,21,20,1,5,5,0,2,0,2
S01012447,Families with dependent children: Youngest aged 5 to 11,34,26,24,23,1,2,2,0,8,1,7
S01012447,Families with dependent children: Youngest aged 12 to 18,42,33,31,29,2,2,1,1,9,1,8
S01012448,All families in households,286,250,221,212,9,29,23,6,36,3,33
S01012448,Families with no dependent children,151,138,123,122,1,15,13,2,13,3,10
S01012448,Families with dependent children: Total,135,112,98,90,8,14,10,4,23,0,23
S01012448,Families with dependent children: Youngest aged 0 to 4,41,35,28,26,2,7,5,2,6,0,6
S01012448,Families with dependent children: Youngest aged 5 to 11,47,39,35,34,1,4,4,0,8,0,8
S01012448,Families with dependent children: Youngest aged 12 to 18,47,38,35,30,5,3,1,2,9,0,9
S01012449,All families in households,187,147,117,113,4,30,27,3,40,6,34
S01012449,Families with no dependent children,120,107,86,84,2,21,20,1,13,4,9
S01012449,Families with dependent children: Total,67,40,31,29,2,9,7,2,27,2,25
S01012449,Families with dependent children: Youngest aged 0 to 4,20,16,8,8,0,8,6,2,4,0,4
S01012449,Families with dependent children: Youngest aged 5 to 11,21,7,7,6,1,0,0,0,14,2,12
S01012449,Families with dependent children: Youngest aged 12 to 18,26,17,16,15,1,1,1,0,9,0,9
S01012450,All families in households,252,226,205,198,7,21,18,3,26,2,24
S01012450,Families with no dependent children,149,136,122,121,1,14,14,0,13,2,11
S01012450,Families with dependent children: Total,103,90,83,77,6,7,4,3,13,0,13
S01012450,Families with dependent children: Youngest aged 0 to 4,31,27,25,25,0,2,2,0,4,0,4
S01012450,Families with dependent children: Youngest aged 5 to 11,30,28,25,23,2,3,1,2,2,0,2
S01012450,Families with dependent children: Youngest aged 12 to 18,42,35,33,29,4,2,1,1,7,0,7
S01012451,All families in households,284,262,247,237,10,15,12,3,22,2,20
S01012451,Families with no dependent children,204,194,186,183,3,8,8,0,10,2,8
S01012451,Families with dependent children: Total,80,68,61,54,7,7,4,3,12,0,12
S01012451,Families with dependent children: Youngest aged 0 to 4,18,16,13,12,1,3,2,1,2,0,2
S01012451,Families with dependent children: Youngest aged 5 to 11,35,29,28,26,2,1,1,0,6,0,6
S01012451,Families with dependent children: Youngest aged 12 to 18,27,23,20,16,4,3,1,2,4,0,4
S01012452,All families in households,177,149,135,126,9,14,10,4,28,1,27
S01012452,Families with no dependent children,114,105,96,94,2,9,8,1,9,1,8
S01012452,Families with dependent children: Total,63,44,39,32,7,5,2,3,19,0,19
S01012452,Families with dependent children: Youngest aged 0 to 4,22,16,14,13,1,2,0,2,6,0,6
S01012452,Families with dependent children: Youngest aged 5 to 11,17,12,10,7,3,2,2,0,5,0,5
S01012452,Families with dependent children: Youngest aged 12 to 18,24,16,15,12,3,1,0,1,8,0,8
S01012453,All families in households,274,267,254,249,5,13,10,3,7,3,4
S01012453,Families with no dependent children,177,174,170,169,1,4,4,0,3,0,3
S01012453,Families with dependent children: Total,97,93,84,80,4,9,6,3,4,3,1
S01012453,Families with dependent children: Youngest aged 0 to 4,32,31,25,24,1,6,4,2,1,0,1
S01012453,Families with dependent children: Youngest aged 5 to 11,31,28,27,26,1,1,1,0,3,3,0
S01012453,Families with dependent children: Youngest aged 12 to 18,34,34,32,30,2,2,1,1,0,0,0
S01012454,All families in households,218,197,186,185,1,11,8,3,21,5,16
S01012454,Families with no dependent children,156,144,138,137,1,6,5,1,12,4,8
S01012454,Families with dependent children: Total,62,53,48,48,0,5,3,2,9,1,8
S01012454,Families with dependent children: Youngest aged 0 to 4,11,10,7,7,0,3,3,0,1,0,1
S01012454,Families with dependent children: Youngest aged 5 to 11,25,20,20,20,0,0,0,0,5,1,4
S01012454,Families with dependent children: Youngest aged 12 to 18,26,23,21,21,0,2,0,2,3,0,3
S01012455,All families in households,199,192,184,179,5,8,6,2,7,0,7
S01012455,Families with no dependent children,126,123,119,119,0,4,3,1,3,0,3
S01012455,Families with dependent children: Total,73,69,65,60,5,4,3,1,4,0,4
S01012455,Families with dependent children: Youngest aged 0 to 4,21,21,18,18,0,3,3,0,0,0,0
S01012455,Families with dependent children: Youngest aged 5 to 11,32,30,30,28,2,0,0,0,2,0,2
S01012455,Families with dependent children: Youngest aged 12 to 18,20,18,17,14,3,1,0,1,2,0,2
S01012456,All families in households,248,229,217,210,7,12,10,2,19,3,16
S01012456,Families with no dependent children,166,159,155,154,1,4,4,0,7,2,5
S01012456,Families with dependent children: Total,82,70,62,56,6,8,6,2,12,1,11
S01012456,Families with dependent children: Youngest aged 0 to 4,25,22,18,16,2,4,4,0,3,0,3
S01012456,Families with dependent children: Youngest aged 5 to 11,29,25,22,21,1,3,2,1,4,0,4
S01012456,Families with dependent children: Youngest aged 12 to 18,28,23,22,19,3,1,0,1,5,1,4
S01012457,All families in households,309,292,281,275,6,11,9,2,17,3,14
S01012457,Families with no dependent children,248,239,230,227,3,9,8,1,9,1,8
S01012457,Families with dependent children: Total,61,53,51,48,3,2,1,1,8,2,6
S01012457,Families with dependent children: Youngest aged 0 to 4,14,13,12,11,1,1,1,0,1,0,1
S01012457,Families with dependent children: Youngest aged 5 to 11,21,17,17,17,0,0,0,0,4,1,3
S01012457,Families with dependent children: Youngest aged 12 to 18,26,23,22,20,2,1,0,1,3,1,2
S01012458,All families in households,262,241,228,225,3,13,9,4,21,4,17
S01012458,Families with no dependent children,162,155,148,147,1,7,4,3,7,2,5
S01012458,Families with dependent children: Total,100,86,80,78,2,6,5,1,14,2,12
S01012458,Families with dependent children: Youngest aged 0 to 4,32,29,26,26,0,3,3,0,3,0,3
S01012458,Families with dependent children: Youngest aged 5 to 11,31,26,26,24,2,0,0,0,5,0,5
S01012458,Families with dependent children: Youngest aged 12 to 18,37,31,28,28,0,3,2,1,6,2,4
S01012459,All families in households,231,206,179,168,11,27,17,10,25,1,24
S01012459,Families with no dependent children,124,117,103,100,3,14,11,3,7,0,7
S01012459,Families with dependent children: Total,107,89,76,68,8,13,6,7,18,1,17
S01012459,Families with dependent children: Youngest aged 0 to 4,40,34,28,26,2,6,2,4,6,0,6
S01012459,Families with dependent children: Youngest aged 5 to 11,28,22,18,16,2,4,2,2,6,1,5
S01012459,Families with dependent children: Youngest aged 12 to 18,39,33,30,26,4,3,2,1,6,0,6
S01012460,All families in households,174,163,151,147,4,12,10,2,11,1,10
S01012460,Families with no dependent children,125,118,108,107,1,10,9,1,7,1,6
S01012460,Families with dependent children: Total,49,45,43,40,3,2,1,1,4,0,4
S01012460,Families with dependent children: Youngest aged 0 to 4,11,10,9,9,0,1,1,0,1,0,1
S01012460,Families with dependent children: Youngest aged 5 to 11,20,19,19,17,2,0,0,0,1,0,1
S01012460,Families with dependent children: Youngest aged 12 to 18,18,16,15,14,1,1,0,1,2,0,2
S01012461,All families in households,167,125,103,98,5,22,20,2,42,5,37
S01012461,Families with no dependent children,105,89,73,70,3,16,14,2,16,4,12
S01012461,Families with dependent children: Total,62,36,30,28,2,6,6,0,26,1,25
S01012461,Families with dependent children: Youngest aged 0 to 4,19,11,10,10,0,1,1,0,8,0,8
S01012461,Families with dependent children: Youngest aged 5 to 11,25,15,10,9,1,5,5,0,10,0,10
S01012461,Families with dependent children: Youngest aged 12 to 18,18,10,10,9,1,0,0,0,8,1,7
S01012462,All families in households,225,158,122,115,7,36,30,6,67,4,63
S01012462,Families with no dependent children,133,111,91,88,3,20,20,0,22,2,20
S01012462,Families with dependent children: Total,92,47,31,27,4,16,10,6,45,2,43
S01012462,Families with dependent children: Youngest aged 0 to 4,33,17,10,10,0,7,6,1,16,0,16
S01012462,Families with dependent children: Youngest aged 5 to 11,30,13,9,9,0,4,4,0,17,0,17
S01012462,Families with dependent children: Youngest aged 12 to 18,29,17,12,8,4,5,0,5,12,2,10
S01012463,All families in households,180,131,90,86,4,41,33,8,49,3,46
S01012463,Families with no dependent children,108,88,70,68,2,18,15,3,20,2,18
S01012463,Families with dependent children: Total,72,43,20,18,2,23,18,5,29,1,28
S01012463,Families with dependent children: Youngest aged 0 to 4,33,21,7,6,1,14,13,1,12,0,12
S01012463,Families with dependent children: Youngest aged 5 to 11,16,10,5,5,0,5,4,1,6,0,6
S01012463,Families with dependent children: Youngest aged 12 to 18,23,12,8,7,1,4,1,3,11,1,10
S01012464,All families in households,203,135,106,99,7,29,21,8,68,6,62
S01012464,Families with no dependent children,116,91,73,71,2,18,15,3,25,4,21
S01012464,Families with dependent children: Total,87,44,33,28,5,11,6,5,43,2,41
S01012464,Families with dependent children: Youngest aged 0 to 4,29,18,12,10,2,6,3,3,11,0,11
S01012464,Families with dependent children: Youngest aged 5 to 11,35,20,16,14,2,4,3,1,15,1,14
S01012464,Families with dependent children: Youngest aged 12 to 18,23,6,5,4,1,1,0,1,17,1,16
S01012465,All families in households,228,168,135,124,11,33,26,7,60,3,57
S01012465,Families with no dependent children,139,119,104,102,2,15,13,2,20,1,19
S01012465,Families with dependent children: Total,89,49,31,22,9,18,13,5,40,2,38
S01012465,Families with dependent children: Youngest aged 0 to 4,36,22,13,11,2,9,8,1,14,1,13
S01012465,Families with dependent children: Youngest aged 5 to 11,27,13,10,6,4,3,0,3,14,0,14
S01012465,Families with dependent children: Youngest aged 12 to 18,26,14,8,5,3,6,5,1,12,1,11
S01012466,All families in households,242,187,166,159,7,21,17,4,55,9,46
S01012466,Families with no dependent children,163,140,127,125,2,13,11,2,23,7,16
S01012466,Families with dependent children: Total,79,47,39,34,5,8,6,2,32,2,30
S01012466,Families with dependent children: Youngest aged 0 to 4,29,18,13,11,2,5,4,1,11,0,11
S01012466,Families with dependent children: Youngest aged 5 to 11,29,18,16,14,2,2,2,0,11,0,11
S01012466,Families with dependent children: Youngest aged 12 to 18,21,11,10,9,1,1,0,1,10,2,8
S01012467,All families in households,216,164,130,128,2,34,31,3,52,4,48
S01012467,Families with no dependent children,122,107,87,86,1,20,19,1,15,2,13
S01012467,Families with dependent children: Total,94,57,43,42,1,14,12,2,37,2,35
S01012467,Families with dependent children: Youngest aged 0 to 4,28,16,8,7,1,8,7,1,12,0,12
S01012467,Families with dependent children: Youngest aged 5 to 11,41,25,22,22,0,3,3,0,16,1,15
S01012467,Families with dependent children: Youngest aged 12 to 18,25,16,13,13,0,3,2,1,9,1,8
S01012468,All families in households,231,183,149,144,5,34,28,6,48,9,39
S01012468,Families with no dependent children,137,114,97,95,2,17,17,0,23,6,17
S01012468,Families with dependent children: Total,94,69,52,49,3,17,11,6,25,3,22
S01012468,Families with dependent children: Youngest aged 0 to 4,37,26,17,17,0,9,8,1,11,2,9
S01012468,Families with dependent children: Youngest aged 5 to 11,32,24,20,20,0,4,2,2,8,1,7
S01012468,Families with dependent children: Youngest aged 12 to 18,25,19,15,12,3,4,1,3,6,0,6
S01012469,All families in households,243,229,208,202,6,21,21,0,14,1,13
S01012469,Families with no dependent children,165,160,146,143,3,14,14,0,5,0,5
S01012469,Families with dependent children: Total,78,69,62,59,3,7,7,0,9,1,8
S01012469,Families with dependent children: Youngest aged 0 to 4,27,26,20,20,0,6,6,0,1,0,1
S01012469,Families with dependent children: Youngest aged 5 to 11,29,26,25,23,2,1,1,0,3,0,3
S01012469,Families with dependent children: Youngest aged 12 to 18,22,17,17,16,1,0,0,0,5,1,4
S01012470,All families in households,282,219,178,171,7,41,35,6,63,9,54
S01012470,Families with no dependent children,182,157,132,131,1,25,25,0,25,6,19
S01012470,Families with dependent children: Total,100,62,46,40,6,16,10,6,38,3,35
S01012470,Families with dependent children: Youngest aged 0 to 4,38,24,16,15,1,8,6,2,14,1,13
S01012470,Families with dependent children: Youngest aged 5 to 11,27,16,15,12,3,1,0,1,11,0,11
S01012470,Families with dependent children: Youngest aged 12 to 18,35,22,15,13,2,7,4,3,13,2,11
S01012471,All families in households,276,259,244,240,4,15,10,5,17,5,12
S01012471,Families with no dependent children,193,188,179,178,1,9,8,1,5,0,5
S01012471,Families with dependent children: Total,83,71,65,62,3,6,2,4,12,5,7
S01012471,Families with dependent children: Youngest aged 0 to 4,19,17,16,16,0,1,1,0,2,0,2
S01012471,Families with dependent children: Youngest aged 5 to 11,31,27,23,22,1,4,1,3,4,1,3
S01012471,Families with dependent children: Youngest aged 12 to 18,33,27,26,24,2,1,0,1,6,4,2
S01012472,All families in households,242,221,201,196,5,20,17,3,21,3,18
S01012472,Families with no dependent children,170,160,152,151,1,8,8,0,10,2,8
S01012472,Families with dependent children: Total,72,61,49,45,4,12,9,3,11,1,10
S01012472,Families with dependent children: Youngest aged 0 to 4,18,17,13,12,1,4,4,0,1,0,1
S01012472,Families with dependent children: Youngest aged 5 to 11,25,21,16,14,2,5,3,2,4,0,4
S01012472,Families with dependent children: Youngest aged 12 to 18,29,23,20,19,1,3,2,1,6,1,5
S01012473,All families in households,186,172,153,147,6,19,11,8,14,1,13
S01012473,Families with no dependent children,122,112,107,106,1,5,4,1,10,1,9
S01012473,Families with dependent children: Total,64,60,46,41,5,14,7,7,4,0,4
S01012473,Families with dependent children: Youngest aged 0 to 4,13,11,5,5,0,6,4,2,2,0,2
S01012473,Families with dependent children: Youngest aged 5 to 11,26,26,22,20,2,4,1,3,0,0,0
S01012473,Families with dependent children: Youngest aged 12 to 18,25,23,19,16,3,4,2,2,2,0,2
S01012474,All families in households,203,161,141,137,4,20,18,2,42,7,35
S01012474,Families with no dependent children,142,123,108,107,1,15,14,1,19,5,14
S01012474,Families with dependent children: Total,61,38,33,30,3,5,4,1,23,2,21
S01012474,Families with dependent children: Youngest aged 0 to 4,17,11,7,7,0,4,3,1,6,0,6
S01012474,Families with dependent children: Youngest aged 5 to 11,22,13,12,10,2,1,1,0,9,1,8
S01012474,Families with dependent children: Youngest aged 12 to 18,22,14,14,13,1,0,0,0,8,1,7
S01012475,All families in households,198,174,162,155,7,12,9,3,24,3,21
S01012475,Families with no dependent children,141,127,120,119,1,7,7,0,14,3,11
S01012475,Families with dependent children: Total,57,47,42,36,6,5,2,3,10,0,10
S01012475,Families with dependent children: Youngest aged 0 to 4,19,16,15,13,2,1,1,0,3,0,3
S01012475,Families with dependent children: Youngest aged 5 to 11,19,16,14,11,3,2,1,1,3,0,3
S01012475,Families with dependent children: Youngest aged 12 to 18,19,15,13,12,1,2,0,2,4,0,4
S01012476,All families in households,296,218,179,171,8,39,33,6,78,7,71
S01012476,Families with no dependent children,173,152,131,126,5,21,20,1,21,5,16
S01012476,Families with dependent children: Total,123,66,48,45,3,18,13,5,57,2,55
S01012476,Families with dependent children: Youngest aged 0 to 4,47,31,18,17,1,13,10,3,16,0,16
S01012476,Families with dependent children: Youngest aged 5 to 11,41,20,16,15,1,4,3,1,21,0,21
S01012476,Families with dependent children: Youngest aged 12 to 18,35,15,14,13,1,1,0,1,20,2,18
S01012477,All families in households,226,199,179,173,6,20,13,7,27,1,26
S01012477,Families with no dependent children,148,139,128,128,0,11,9,2,9,1,8
S01012477,Families with dependent children: Total,78,60,51,45,6,9,4,5,18,0,18
S01012477,Families with dependent children: Youngest aged 0 to 4,22,17,13,12,1,4,3,1,5,0,5
S01012477,Families with dependent children: Youngest aged 5 to 11,23,20,16,14,2,4,1,3,3,0,3
S01012477,Families with dependent children: Youngest aged 12 to 18,33,23,22,19,3,1,0,1,10,0,10
S01012478,All families in households,262,195,163,156,7,32,23,9,67,3,64
S01012478,Families with no dependent children,156,130,115,115,0,15,15,0,26,1,25
S01012478,Families with dependent children: Total,106,65,48,41,7,17,8,9,41,2,39
S01012478,Families with dependent children: Youngest aged 0 to 4,36,20,12,9,3,8,5,3,16,0,16
S01012478,Families with dependent children: Youngest aged 5 to 11,39,26,20,18,2,6,2,4,13,1,12
S01012478,Families with dependent children: Youngest aged 12 to 18,31,19,16,14,2,3,1,2,12,1,11
S01012479,All families in households,217,189,160,148,12,29,24,5,28,5,23
S01012479,Families with no dependent children,127,114,97,93,4,17,15,2,13,3,10
S01012479,Families with dependent children: Total,90,75,63,55,8,12,9,3,15,2,13
S01012479,Families with dependent children: Youngest aged 0 to 4,24,19,16,13,3,3,3,0,5,0,5
S01012479,Families with dependent children: Youngest aged 5 to 11,36,30,26,24,2,4,4,0,6,2,4
S01012479,Families with dependent children: Youngest aged 12 to 18,30,26,21,18,3,5,2,3,4,0,4
S01012480,All families in households,127,102,58,57,1,44,42,2,25,4,21
S01012480,Families with no dependent children,96,88,49,48,1,39,38,1,8,1,7
S01012480,Families with dependent children: Total,31,14,9,9,0,5,4,1,17,3,14
S01012480,Families with dependent children: Youngest aged 0 to 4,13,7,4,4,0,3,3,0,6,0,6
S01012480,Families with dependent children: Youngest aged 5 to 11,9,3,3,3,0,0,0,0,6,3,3
S01012480,Families with dependent children: Youngest aged 12 to 18,9,4,2,2,0,2,1,1,5,0,5
S01012481,All families in households,182,143,94,89,5,49,45,4,39,4,35
S01012481,Families with no dependent children,118,100,64,64,0,36,36,0,18,3,15
S01012481,Families with dependent children: Total,64,43,30,25,5,13,9,4,21,1,20
S01012481,Families with dependent children: Youngest aged 0 to 4,28,20,12,11,1,8,7,1,8,0,8
S01012481,Families with dependent children: Youngest aged 5 to 11,19,16,11,10,1,5,2,3,3,0,3
S01012481,Families with dependent children: Youngest aged 12 to 18,17,7,7,4,3,0,0,0,10,1,9
S01012482,All families in households,183,161,125,121,4,36,32,4,22,7,15
S01012482,Families with no dependent children,138,126,97,95,2,29,28,1,12,3,9
S01012482,Families with dependent children: Total,45,35,28,26,2,7,4,3,10,4,6
S01012482,Families with dependent children: Youngest aged 0 to 4,20,17,11,10,1,6,3,3,3,1,2
S01012482,Families with dependent children: Youngest aged 5 to 11,11,8,7,7,0,1,1,0,3,1,2
S01012482,Families with dependent children: Youngest aged 12 to 18,14,10,10,9,1,0,0,0,4,2,2
S01012483,All families in households,193,150,107,106,1,43,41,2,43,4,39
S01012483,Families with no dependent children,135,116,81,81,0,35,34,1,19,3,16
S01012483,Families with dependent children: Total,58,34,26,25,1,8,7,1,24,1,23
S01012483,Families with dependent children: Youngest aged 0 to 4,26,17,10,10,0,7,6,1,9,0,9
S01012483,Families with dependent children: Youngest aged 5 to 11,11,9,8,8,0,1,1,0,2,0,2
S01012483,Families with dependent children: Youngest aged 12 to 18,21,8,8,7,1,0,0,0,13,1,12
S01012484,All families in households,219,193,173,170,3,20,16,4,26,5,21
S01012484,Families with no dependent children,133,124,110,110,0,14,13,1,9,4,5
S01012484,Families with dependent children: Total,86,69,63,60,3,6,3,3,17,1,16
S01012484,Families with dependent children: Youngest aged 0 to 4,33,29,26,24,2,3,2,1,4,0,4
S01012484,Families with dependent children: Youngest aged 5 to 11,32,26,26,25,1,0,0,0,6,1,5
S01012484,Families with dependent children: Youngest aged 12 to 18,21,14,11,11,0,3,1,2,7,0,7
S01012485,All families in households,251,218,185,183,2,33,28,5,33,1,32
S01012485,Families with no dependent children,172,164,140,140,0,24,24,0,8,0,8
S01012485,Families with dependent children: Total,79,54,45,43,2,9,4,5,25,1,24
S01012485,Families with dependent children: Youngest aged 0 to 4,26,18,14,14,0,4,2,2,8,0,8
S01012485,Families with dependent children: Youngest aged 5 to 11,29,22,20,18,2,2,0,2,7,0,7
S01012485,Families with dependent children: Youngest aged 12 to 18,24,14,11,11,0,3,2,1,10,1,9
S01012486,All families in households,162,146,140,139,1,6,4,2,16,2,14
S01012486,Families with no dependent children,121,113,108,108,0,5,4,1,8,2,6
S01012486,Families with dependent children: Total,41,33,32,31,1,1,0,1,8,0,8
S01012486,Families with dependent children: Youngest aged 0 to 4,13,12,11,11,0,1,0,1,1,0,1
S01012486,Families with dependent children: Youngest aged 5 to 11,14,8,8,8,0,0,0,0,6,0,6
S01012486,Families with dependent children: Youngest aged 12 to 18,14,13,13,12,1,0,0,0,1,0,1
S01012487,All families in households,174,142,109,107,2,33,30,3,32,2,30
S01012487,Families with no dependent children,112,99,76,75,1,23,22,1,13,0,13
S01012487,Families with dependent children: Total,62,43,33,32,1,10,8,2,19,2,17
S01012487,Families with dependent children: Youngest aged 0 to 4,27,18,12,12,0,6,6,0,9,0,9
S01012487,Families with dependent children: Youngest aged 5 to 11,17,15,13,12,1,2,1,1,2,1,1
S01012487,Families with dependent children: Youngest aged 12 to 18,18,10,8,8,0,2,1,1,8,1,7
S01012488,All families in households,256,223,177,170,7,46,41,5,33,2,31
S01012488,Families with no dependent children,176,163,134,131,3,29,29,0,13,2,11
S01012488,Families with dependent children: Total,80,60,43,39,4,17,12,5,20,0,20
S01012488,Families with dependent children: Youngest aged 0 to 4,32,22,14,13,1,8,8,0,10,0,10
S01012488,Families with dependent children: Youngest aged 5 to 11,22,19,13,11,2,6,3,3,3,0,3
S01012488,Families with dependent children: Youngest aged 12 to 18,26,19,16,15,1,3,1,2,7,0,7
S01012489,All families in households,267,161,91,87,4,70,60,10,106,8,98
S01012489,Families with no dependent children,133,114,69,69,0,45,42,3,19,2,17
S01012489,Families with dependent children: Total,134,47,22,18,4,25,18,7,87,6,81
S01012489,Families with dependent children: Youngest aged 0 to 4,69,24,8,7,1,16,13,3,45,1,44
S01012489,Families with dependent children: Youngest aged 5 to 11,33,12,6,5,1,6,4,2,21,1,20
S01012489,Families with dependent children: Youngest aged 12 to 18,32,11,8,6,2,3,1,2,21,4,17
S01012490,All families in households,224,150,81,76,5,69,62,7,74,14,60
S01012490,Families with no dependent children,129,103,60,57,3,43,43,0,26,11,15
S01012490,Families with dependent children: Total,95,47,21,19,2,26,19,7,48,3,45
S01012490,Families with dependent children: Youngest aged 0 to 4,45,25,8,7,1,17,15,2,20,1,19
S01012490,Families with dependent children: Youngest aged 5 to 11,32,13,8,7,1,5,1,4,19,1,18
S01012490,Families with dependent children: Youngest aged 12 to 18,18,9,5,5,0,4,3,1,9,1,8
S01012491,All families in households,114,67,34,32,2,33,29,4,47,2,45
S01012491,Families with no dependent children,54,44,23,22,1,21,20,1,10,1,9
S01012491,Families with dependent children: Total,60,23,11,10,1,12,9,3,37,1,36
S01012491,Families with dependent children: Youngest aged 0 to 4,32,14,4,4,0,10,7,3,18,0,18
S01012491,Families with dependent children: Youngest aged 5 to 11,14,5,3,3,0,2,2,0,9,0,9
S01012491,Families with dependent children: Youngest aged 12 to 18,14,4,4,3,1,0,0,0,10,1,9
S01012492,All families in households,174,118,66,62,4,52,41,11,56,10,46
S01012492,Families with no dependent children,110,87,52,52,0,35,33,2,23,6,17
S01012492,Families with dependent children: Total,64,31,14,10,4,17,8,9,33,4,29
S01012492,Families with dependent children: Youngest aged 0 to 4,32,17,7,5,2,10,5,5,15,0,15
S01012492,Families with dependent children: Youngest aged 5 to 11,10,4,2,1,1,2,1,1,6,0,6
S01012492,Families with dependent children: Youngest aged 12 to 18,22,10,5,4,1,5,2,3,12,4,8
S01012493,All families in households,143,130,107,105,2,23,21,2,13,1,12
S01012493,Families with no dependent children,108,103,88,88,0,15,15,0,5,0,5
S01012493,Families with dependent children: Total,35,27,19,17,2,8,6,2,8,1,7
S01012493,Families with dependent children: Youngest aged 0 to 4,7,6,2,2,0,4,3,1,1,0,1
S01012493,Families with dependent children: Youngest aged 5 to 11,15,9,6,5,1,3,3,0,6,1,5
S01012493,Families with dependent children: Youngest aged 12 to 18,13,12,11,10,1,1,0,1,1,0,1
S01012494,All families in households,264,197,164,159,5,33,27,6,67,9,58
S01012494,Families with no dependent children,156,132,113,111,2,19,18,1,24,4,20
S01012494,Families with dependent children: Total,108,65,51,48,3,14,9,5,43,5,38
S01012494,Families with dependent children: Youngest aged 0 to 4,29,16,12,12,0,4,4,0,13,0,13
S01012494,Families with dependent children: Youngest aged 5 to 11,36,22,14,14,0,8,5,3,14,1,13
S01012494,Families with dependent children: Youngest aged 12 to 18,43,27,25,22,3,2,0,2,16,4,12
S01012495,All families in households,293,209,162,150,12,47,39,8,84,10,74
S01012495,Families with no dependent children,176,145,119,113,6,26,25,1,31,6,25
S01012495,Families with dependent children: Total,117,64,43,37,6,21,14,7,53,4,49
S01012495,Families with dependent children: Youngest aged 0 to 4,46,24,12,11,1,12,10,2,22,1,21
S01012495,Families with dependent children: Youngest aged 5 to 11,34,19,14,11,3,5,3,2,15,0,15
S01012495,Families with dependent children: Youngest aged 12 to 18,37,21,17,15,2,4,1,3,16,3,13
S01012496,All families in households,229,160,127,115,12,33,27,6,69,13,56
S01012496,Families with no dependent children,146,117,97,90,7,20,19,1,29,7,22
S01012496,Families with dependent children: Total,83,43,30,25,5,13,8,5,40,6,34
S01012496,Families with dependent children: Youngest aged 0 to 4,30,19,10,8,2,9,5,4,11,1,10
S01012496,Families with dependent children: Youngest aged 5 to 11,23,10,10,9,1,0,0,0,13,4,9
S01012496,Families with dependent children: Youngest aged 12 to 18,30,14,10,8,2,4,3,1,16,1,15
S01012497,All families in households,142,103,84,80,4,19,13,6,39,7,32
S01012497,Families with no dependent children,91,78,67,63,4,11,10,1,13,4,9
S01012497,Families with dependent children: Total,51,25,17,17,0,8,3,5,26,3,23
S01012497,Families with dependent children: Youngest aged 0 to 4,12,8,5,5,0,3,3,0,4,0,4
S01012497,Families with dependent children: Youngest aged 5 to 11,15,5,4,4,0,1,0,1,10,1,9
S01012497,Families with dependent children: Youngest aged 12 to 18,24,12,8,8,0,4,0,4,12,2,10
S01012498,All families in households,240,152,107,98,9,45,36,9,88,7,81
S01012498,Families with no dependent children,107,87,70,68,2,17,16,1,20,3,17
S01012498,Families with dependent children: Total,133,65,37,30,7,28,20,8,68,4,64
S01012498,Families with dependent children: Youngest aged 0 to 4,52,23,8,5,3,15,12,3,29,0,29
S01012498,Families with dependent children: Youngest aged 5 to 11,46,26,15,15,0,11,7,4,20,2,18
S01012498,Families with dependent children: Youngest aged 12 to 18,35,16,14,10,4,2,1,1,19,2,17
S01012499,All families in households,211,125,88,78,10,37,32,5,86,8,78
S01012499,Families with no dependent children,96,79,57,53,4,22,22,0,17,3,14
S01012499,Families with dependent children: Total,115,46,31,25,6,15,10,5,69,5,64
S01012499,Families with dependent children: Youngest aged 0 to 4,50,23,14,10,4,9,8,1,27,1,26
S01012499,Families with dependent children: Youngest aged 5 to 11,38,10,6,6,0,4,2,2,28,2,26
S01012499,Families with dependent children: Youngest aged 12 to 18,27,13,11,9,2,2,0,2,14,2,12
S01012500,All families in households,137,94,74,68,6,20,16,4,43,4,39
S01012500,Families with no dependent children,73,67,58,54,4,9,8,1,6,1,5
S01012500,Families with dependent children: Total,64,27,16,14,2,11,8,3,37,3,34
S01012500,Families with dependent children: Youngest aged 0 to 4,22,11,4,4,0,7,5,2,11,3,8
S01012500,Families with dependent children: Youngest aged 5 to 11,22,6,4,3,1,2,1,1,16,0,16
S01012500,Families with dependent children: Youngest aged 12 to 18,20,10,8,7,1,2,2,0,10,0,10
S01012501,All families in households,170,89,54,47,7,35,28,7,81,5,76
S01012501,Families with no dependent children,66,52,37,37,0,15,15,0,14,2,12
S01012501,Families with dependent children: Total,104,37,17,10,7,20,13,7,67,3,64
S01012501,Families with dependent children: Youngest aged 0 to 4,47,12,4,4,0,8,5,3,35,1,34
S01012501,Families with dependent children: Youngest aged 5 to 11,27,14,8,3,5,6,4,2,13,1,12
S01012501,Families with dependent children: Youngest aged 12 to 18,30,11,5,3,2,6,4,2,19,1,18
S01012502,All families in households,251,128,75,64,11,53,48,5,123,9,114
S01012502,Families with no dependent children,105,72,47,44,3,25,25,0,33,2,31
S01012502,Families with dependent children: Total,146,56,28,20,8,28,23,5,90,7,83
S01012502,Families with dependent children: Youngest aged 0 to 4,69,31,13,9,4,18,16,2,38,1,37
S01012502,Families with dependent children: Youngest aged 5 to 11,49,19,12,9,3,7,4,3,30,3,27
S01012502,Families with dependent children: Youngest aged 12 to 18,28,6,3,2,1,3,3,0,22,3,19
S01012503,All families in households,174,116,89,80,9,27,22,5,58,6,52
S01012503,Families with no dependent children,95,78,66,63,3,12,11,1,17,4,13
S01012503,Families with dependent children: Total,79,38,23,17,6,15,11,4,41,2,39
S01012503,Families with dependent children: Youngest aged 0 to 4,29,13,6,3,3,7,7,0,16,0,16
S01012503,Families with dependent children: Youngest aged 5 to 11,27,13,8,6,2,5,4,1,14,0,14
S01012503,Families with dependent children: Youngest aged 12 to 18,23,12,9,8,1,3,0,3,11,2,9
S01012504,All families in households,193,116,84,78,6,32,24,8,77,9,68
S01012504,Families with no dependent children,92,72,61,59,2,11,10,1,20,9,11
S01012504,Families with dependent children: Total,101,44,23,19,4,21,14,7,57,0,57
S01012504,Families with dependent children: Youngest aged 0 to 4,44,18,5,5,0,13,10,3,26,0,26
S01012504,Families with dependent children: Youngest aged 5 to 11,31,13,8,6,2,5,4,1,18,0,18
S01012504,Families with dependent children: Youngest aged 12 to 18,26,13,10,8,2,3,0,3,13,0,13
S01012505,All families in households,292,206,154,143,11,52,47,5,86,8,78
S01012505,Families with no dependent children,175,151,120,118,2,31,29,2,24,7,17
S01012505,Families with dependent children: Total,117,55,34,25,9,21,18,3,62,1,61
S01012505,Families with dependent children: Youngest aged 0 to 4,53,22,12,11,1,10,10,0,31,1,30
S01012505,Families with dependent children: Youngest aged 5 to 11,45,23,15,11,4,8,5,3,22,0,22
S01012505,Families with dependent children: Youngest aged 12 to 18,19,10,7,3,4,3,3,0,9,0,9
S01012506,All families in households,139,123,104,101,3,19,16,3,16,2,14
S01012506,Families with no dependent children,92,87,77,77,0,10,10,0,5,1,4
S01012506,Families with dependent children: Total,47,36,27,24,3,9,6,3,11,1,10
S01012506,Families with dependent children: Youngest aged 0 to 4,10,6,1,1,0,5,5,0,4,0,4
S01012506,Families with dependent children: Youngest aged 5 to 11,16,13,10,10,0,3,1,2,3,0,3
S01012506,Families with dependent children: Youngest aged 12 to 18,21,17,16,13,3,1,0,1,4,1,3
S01012507,All families in households,283,219,169,162,7,50,44,6,64,6,58
S01012507,Families with no dependent children,183,156,122,118,4,34,30,4,27,6,21
S01012507,Families with dependent children: Total,100,63,47,44,3,16,14,2,37,0,37
S01012507,Families with dependent children: Youngest aged 0 to 4,43,29,20,20,0,9,7,2,14,0,14
S01012507,Families with dependent children: Youngest aged 5 to 11,33,22,18,16,2,4,4,0,11,0,11
S01012507,Families with dependent children: Youngest aged 12 to 18,24,12,9,8,1,3,3,0,12,0,12
S01012508,All families in households,217,173,141,134,7,32,30,2,44,2,42
S01012508,Families with no dependent children,136,119,92,89,3,27,26,1,17,1,16
S01012508,Families with dependent children: Total,81,54,49,45,4,5,4,1,27,1,26
S01012508,Families with dependent children: Youngest aged 0 to 4,31,21,18,18,0,3,2,1,10,0,10
S01012508,Families with dependent children: Youngest aged 5 to 11,24,14,14,12,2,0,0,0,10,1,9
S01012508,Families with dependent children: Youngest aged 12 to 18,26,19,17,15,2,2,2,0,7,0,7
S01012509,All families in households,152,127,109,106,3,18,13,5,25,3,22
S01012509,Families with no dependent children,97,83,74,73,1,9,8,1,14,2,12
S01012509,Families with dependent children: Total,55,44,35,33,2,9,5,4,11,1,10
S01012509,Families with dependent children: Youngest aged 0 to 4,23,18,12,11,1,6,4,2,5,1,4
S01012509,Families with dependent children: Youngest aged 5 to 11,16,12,10,10,0,2,1,1,4,0,4
S01012509,Families with dependent children: Youngest aged 12 to 18,16,14,13,12,1,1,0,1,2,0,2
S01012510,All families in households,270,236,202,195,7,34,25,9,34,2,32
S01012510,Families with no dependent children,155,143,123,121,2,20,18,2,12,1,11
S01012510,Families with dependent children: Total,115,93,79,74,5,14,7,7,22,1,21
S01012510,Families with dependent children: Youngest aged 0 to 4,41,33,27,24,3,6,4,2,8,1,7
S01012510,Families with dependent children: Youngest aged 5 to 11,48,39,33,33,0,6,3,3,9,0,9
S01012510,Families with dependent children: Youngest aged 12 to 18,26,21,19,17,2,2,0,2,5,0,5
S01012511,All families in households,181,158,130,121,9,28,26,2,23,1,22
S01012511,Families with no dependent children,123,114,94,92,2,20,20,0,9,0,9
S01012511,Families with dependent children: Total,58,44,36,29,7,8,6,2,14,1,13
S01012511,Families with dependent children: Youngest aged 0 to 4,24,22,16,14,2,6,5,1,2,0,2
S01012511,Families with dependent children: Youngest aged 5 to 11,10,5,4,2,2,1,1,0,5,1,4
S01012511,Families with dependent children: Youngest aged 12 to 18,24,17,16,13,3,1,0,1,7,0,7
S01012512,All families in households,199,154,136,128,8,18,14,4,45,6,39
S01012512,Families with no dependent children,98,88,79,78,1,9,8,1,10,2,8
S01012512,Families with dependent children: Total,101,66,57,50,7,9,6,3,35,4,31
S01012512,Families with dependent children: Youngest aged 0 to 4,42,28,22,19,3,6,5,1,14,1,13
S01012512,Families with dependent children: Youngest aged 5 to 11,38,26,23,20,3,3,1,2,12,2,10
S01012512,Families with dependent children: Youngest aged 12 to 18,21,12,12,11,1,0,0,0,9,1,8
S01012513,All families in households,180,150,132,129,3,18,16,2,30,4,26
S01012513,Families with no dependent children,104,98,87,87,0,11,11,0,6,2,4
S01012513,Families with dependent children: Total,76,52,45,42,3,7,5,2,24,2,22
S01012513,Families with dependent children: Youngest aged 0 to 4,25,20,15,14,1,5,5,0,5,1,4
S01012513,Families with dependent children: Youngest aged 5 to 11,34,18,16,16,0,2,0,2,16,0,16
S01012513,Families with dependent children: Youngest aged 12 to 18,17,14,14,12,2,0,0,0,3,1,2
S01012514,All families in households,305,248,199,191,8,49,42,7,57,6,51
S01012514,Families with no dependent children,123,113,84,79,5,29,27,2,10,2,8
S01012514,Families with dependent children: Total,182,135,115,112,3,20,15,5,47,4,43
S01012514,Families with dependent children: Youngest aged 0 to 4,72,52,44,44,0,8,8,0,20,2,18
S01012514,Families with dependent children: Youngest aged 5 to 11,64,49,40,38,2,9,7,2,15,1,14
S01012514,Families with dependent children: Youngest aged 12 to 18,46,34,31,30,1,3,0,3,12,1,11
S01012515,All families in households,165,123,98,92,6,25,22,3,42,4,38
S01012515,Families with no dependent children,105,89,71,68,3,18,17,1,16,3,13
S01012515,Families with dependent children: Total,60,34,27,24,3,7,5,2,26,1,25
S01012515,Families with dependent children: Youngest aged 0 to 4,17,10,7,6,1,3,2,1,7,0,7
S01012515,Families with dependent children: Youngest aged 5 to 11,20,13,10,9,1,3,2,1,7,0,7
S01012515,Families with dependent children: Youngest aged 12 to 18,23,11,10,9,1,1,1,0,12,1,11
S01012516,All families in households,216,168,146,142,4,22,16,6,48,5,43
S01012516,Families with no dependent children,121,108,98,96,2,10,9,1,13,3,10
S01012516,Families with dependent children: Total,95,60,48,46,2,12,7,5,35,2,33
S01012516,Families with dependent children: Youngest aged 0 to 4,30,20,15,15,0,5,3,2,10,0,10
S01012516,Families with dependent children: Youngest aged 5 to 11,35,25,19,18,1,6,4,2,10,1,9
S01012516,Families with dependent children: Youngest aged 12 to 18,30,15,14,13,1,1,0,1,15,1,14
S01012517,All families in households,240,188,147,137,10,41,34,7,52,6,46
S01012517,Families with no dependent children,124,108,84,79,5,24,22,2,16,6,10
S01012517,Families with dependent children: Total,116,80,63,58,5,17,12,5,36,0,36
S01012517,Families with dependent children: Youngest aged 0 to 4,59,40,29,27,2,11,10,1,19,0,19
S01012517,Families with dependent children: Youngest aged 5 to 11,30,23,18,15,3,5,2,3,7,0,7
S01012517,Families with dependent children: Youngest aged 12 to 18,27,17,16,16,0,1,0,1,10,0,10
S01012518,All families in households,165,145,130,126,4,15,13,2,20,5,15
S01012518,Families with no dependent children,107,99,88,87,1,11,10,1,8,1,7
S01012518,Families with dependent children: Total,58,46,42,39,3,4,3,1,12,4,8
S01012518,Families with dependent children: Youngest aged 0 to 4,16,14,10,10,0,4,3,1,2,0,2
S01012518,Families with dependent children: Youngest aged 5 to 11,18,14,14,12,2,0,0,0,4,0,4
S01012518,Families with dependent children: Youngest aged 12 to 18,24,18,18,17,1,0,0,0,6,4,2
S01012519,All families in households,146,126,105,99,6,21,20,1,20,1,19
S01012519,Families with no dependent children,100,94,77,76,1,17,17,0,6,1,5
S01012519,Families with dependent children: Total,46,32,28,23,5,4,3,1,14,0,14
S01012519,Families with dependent children: Youngest aged 0 to 4,21,17,14,11,3,3,3,0,4,0,4
S01012519,Families with dependent children: Youngest aged 5 to 11,10,5,5,4,1,0,0,0,5,0,5
S01012519,Families with dependent children: Youngest aged 12 to 18,15,10,9,8,1,1,0,1,5,0,5
S01012520,All families in households,241,215,177,172,5,38,32,6,26,1,25
S01012520,Families with no dependent children,167,152,128,125,3,24,22,2,15,1,14
S01012520,Families with dependent children: Total,74,63,49,47,2,14,10,4,11,0,11
S01012520,Families with dependent children: Youngest aged 0 to 4,31,27,19,19,0,8,6,2,4,0,4
S01012520,Families with dependent children: Youngest aged 5 to 11,17,16,13,13,0,3,2,1,1,0,1
S01012520,Families with dependent children: Youngest aged 12 to 18,26,20,17,15,2,3,2,1,6,0,6
S01012521,All families in households,136,116,91,85,6,25,20,5,20,1,19
S01012521,Families with no dependent children,90,83,65,63,2,18,17,1,7,0,7
S01012521,Families with dependent children: Total,46,33,26,22,4,7,3,4,13,1,12
S01012521,Families with dependent children: Youngest aged 0 to 4,13,10,9,7,2,1,1,0,3,0,3
S01012521,Families with dependent children: Youngest aged 5 to 11,21,13,10,9,1,3,1,2,8,1,7
S01012521,Families with dependent children: Youngest aged 12 to 18,12,10,7,6,1,3,1,2,2,0,2
S01012522,All families in households,277,256,235,227,8,21,14,7,21,5,16
S01012522,Families with no dependent children,190,180,167,165,2,13,12,1,10,3,7
S01012522,Families with dependent children: Total,87,76,68,62,6,8,2,6,11,2,9
S01012522,Families with dependent children: Youngest aged 0 to 4,26,24,21,18,3,3,0,3,2,1,1
S01012522,Families with dependent children: Youngest aged 5 to 11,28,25,22,20,2,3,0,3,3,1,2
S01012522,Families with dependent children: Youngest aged 12 to 18,33,27,25,24,1,2,2,0,6,0,6
S01012523,All families in households,270,228,199,189,10,29,22,7,42,6,36
S01012523,Families with no dependent children,186,159,138,131,7,21,20,1,27,4,23
S01012523,Families with dependent children: Total,84,69,61,58,3,8,2,6,15,2,13
S01012523,Families with dependent children: Youngest aged 0 to 4,30,29,24,23,1,5,2,3,1,1,0
S01012523,Families with dependent children: Youngest aged 5 to 11,26,21,18,16,2,3,0,3,5,0,5
S01012523,Families with dependent children: Youngest aged 12 to 18,28,19,19,19,0,0,0,0,9,1,8
S01012524,All families in households,245,229,214,203,11,15,12,3,16,2,14
S01012524,Families with no dependent children,181,173,163,158,5,10,10,0,8,2,6
S01012524,Families with dependent children: Total,64,56,51,45,6,5,2,3,8,0,8
S01012524,Families with dependent children: Youngest aged 0 to 4,13,12,10,9,1,2,1,1,1,0,1
S01012524,Families with dependent children: Youngest aged 5 to 11,23,20,19,18,1,1,1,0,3,0,3
S01012524,Families with dependent children: Youngest aged 12 to 18,28,24,22,18,4,2,0,2,4,0,4
S01012525,All families in households,221,206,187,183,4,19,17,2,15,2,13
S01012525,Families with no dependent children,153,148,136,134,2,12,11,1,5,2,3
S01012525,Families with dependent children: Total,68,58,51,49,2,7,6,1,10,0,10
S01012525,Families with dependent children: Youngest aged 0 to 4,21,20,17,17,0,3,3,0,1,0,1
S01012525,Families with dependent children: Youngest aged 5 to 11,16,16,12,11,1,4,3,1,0,0,0
S01012525,Families with dependent children: Youngest aged 12 to 18,31,22,22,21,1,0,0,0,9,0,9
S01012526,All families in households,253,228,210,205,5,18,18,0,25,7,18
S01012526,Families with no dependent children,173,159,144,142,2,15,15,0,14,6,8
S01012526,Families with dependent children: Total,80,69,66,63,3,3,3,0,11,1,10
S01012526,Families with dependent children: Youngest aged 0 to 4,23,21,20,20,0,1,1,0,2,1,1
S01012526,Families with dependent children: Youngest aged 5 to 11,29,25,23,21,2,2,2,0,4,0,4
S01012526,Families with dependent children: Youngest aged 12 to 18,28,23,23,22,1,0,0,0,5,0,5
S01012527,All families in households,209,186,169,166,3,17,9,8,23,2,21
S01012527,Families with no dependent children,155,140,132,131,1,8,6,2,15,2,13
S01012527,Families with dependent children: Total,54,46,37,35,2,9,3,6,8,0,8
S01012527,Families with dependent children: Youngest aged 0 to 4,20,17,12,11,1,5,2,3,3,0,3
S01012527,Families with dependent children: Youngest aged 5 to 11,17,14,14,14,0,0,0,0,3,0,3
S01012527,Families with dependent children: Youngest aged 12 to 18,17,15,11,10,1,4,1,3,2,0,2
S01012528,All families in households,243,182,145,133,12,37,28,9,61,10,51
S01012528,Families with no dependent children,134,108,91,85,6,17,15,2,26,9,17
S01012528,Families with dependent children: Total,109,74,54,48,6,20,13,7,35,1,34
S01012528,Families with dependent children: Youngest aged 0 to 4,39,28,17,16,1,11,10,1,11,0,11
S01012528,Families with dependent children: Youngest aged 5 to 11,32,24,20,18,2,4,1,3,8,0,8
S01012528,Families with dependent children: Youngest aged 12 to 18,38,22,17,14,3,5,2,3,16,1,15
S01012529,All families in households,209,160,140,132,8,20,16,4,49,5,44
S01012529,Families with no dependent children,124,111,96,92,4,15,13,2,13,3,10
S01012529,Families with dependent children: Total,85,49,44,40,4,5,3,2,36,2,34
S01012529,Families with dependent children: Youngest aged 0 to 4,35,21,18,16,2,3,3,0,14,0,14
S01012529,Families with dependent children: Youngest aged 5 to 11,27,18,17,15,2,1,0,1,9,0,9
S01012529,Families with dependent children: Youngest aged 12 to 18,23,10,9,9,0,1,0,1,13,2,11
S01012530,All families in households,273,250,220,213,7,30,22,8,23,5,18
S01012530,Families with no dependent children,196,183,166,163,3,17,14,3,13,2,11
S01012530,Families with dependent children: Total,77,67,54,50,4,13,8,5,10,3,7
S01012530,Families with dependent children: Youngest aged 0 to 4,27,25,16,14,2,9,5,4,2,0,2
S01012530,Families with dependent children: Youngest aged 5 to 11,25,22,20,19,1,2,2,0,3,1,2
S01012530,Families with dependent children: Youngest aged 12 to 18,25,20,18,17,1,2,1,1,5,2,3
S01012531,All families in households,235,201,169,165,4,32,30,2,34,7,27
S01012531,Families with no dependent children,133,122,110,108,2,12,12,0,11,4,7
S01012531,Families with dependent children: Total,102,79,59,57,2,20,18,2,23,3,20
S01012531,Families with dependent children: Youngest aged 0 to 4,42,33,20,19,1,13,13,0,9,1,8
S01012531,Families with dependent children: Youngest aged 5 to 11,33,23,19,19,0,4,4,0,10,0,10
S01012531,Families with dependent children: Youngest aged 12 to 18,27,23,20,19,1,3,1,2,4,2,2
S01012532,All families in households,253,225,186,180,6,39,29,10,28,1,27
S01012532,Families with no dependent children,159,148,131,129,2,17,15,2,11,1,10
S01012532,Families with dependent children: Total,94,77,55,51,4,22,14,8,17,0,17
S01012532,Families with dependent children: Youngest aged 0 to 4,32,29,19,19,0,10,8,2,3,0,3
S01012532,Families with dependent children: Youngest aged 5 to 11,26,21,13,12,1,8,3,5,5,0,5
S01012532,Families with dependent children: Youngest aged 12 to 18,36,27,23,20,3,4,3,1,9,0,9
S01012533,All families in households,151,127,101,98,3,26,19,7,24,4,20
S01012533,Families with no dependent children,107,96,82,82,0,14,12,2,11,0,11
S01012533,Families with dependent children: Total,44,31,19,16,3,12,7,5,13,4,9
S01012533,Families with dependent children: Youngest aged 0 to 4,14,10,2,2,0,8,6,2,4,0,4
S01012533,Families with dependent children: Youngest aged 5 to 11,16,12,8,6,2,4,1,3,4,1,3
S01012533,Families with dependent children: Youngest aged 12 to 18,14,9,9,8,1,0,0,0,5,3,2
S01012534,All families in households,156,123,97,92,5,26,22,4,33,2,31
S01012534,Families with no dependent children,96,81,63,61,2,18,17,1,15,1,14
S01012534,Families with dependent children: Total,60,42,34,31,3,8,5,3,18,1,17
S01012534,Families with dependent children: Youngest aged 0 to 4,22,16,12,12,0,4,4,0,6,0,6
S01012534,Families with dependent children: Youngest aged 5 to 11,20,12,10,8,2,2,1,1,8,0,8
S01012534,Families with dependent children: Youngest aged 12 to 18,18,14,12,11,1,2,0,2,4,1,3
S01012535,All families in households,245,193,149,144,5,44,32,12,52,10,42
S01012535,Families with no dependent children,135,119,102,101,1,17,17,0,16,5,11
S01012535,Families with dependent children: Total,110,74,47,43,4,27,15,12,36,5,31
S01012535,Families with dependent children: Youngest aged 0 to 4,42,29,15,13,2,14,10,4,13,1,12
S01012535,Families with dependent children: Youngest aged 5 to 11,29,21,12,12,0,9,4,5,8,1,7
S01012535,Families with dependent children: Youngest aged 12 to 18,39,24,20,18,2,4,1,3,15,3,12
S01012536,All families in households,235,179,155,153,2,24,18,6,56,4,52
S01012536,Families with no dependent children,140,122,109,108,1,13,12,1,18,3,15
S01012536,Families with dependent children: Total,95,57,46,45,1,11,6,5,38,1,37
S01012536,Families with dependent children: Youngest aged 0 to 4,38,24,15,15,0,9,5,4,14,0,14
S01012536,Families with dependent children: Youngest aged 5 to 11,23,11,10,10,0,1,1,0,12,0,12
S01012536,Families with dependent children: Youngest aged 12 to 18,34,22,21,20,1,1,0,1,12,1,11
S01012537,All families in households,218,172,137,130,7,35,31,4,46,10,36
S01012537,Families with no dependent children,142,121,103,99,4,18,18,0,21,6,15
S01012537,Families with dependent children: Total,76,51,34,31,3,17,13,4,25,4,21
S01012537,Families with dependent children: Youngest aged 0 to 4,35,24,13,11,2,11,8,3,11,0,11
S01012537,Families with dependent children: Youngest aged 5 to 11,21,15,12,12,0,3,2,1,6,2,4
S01012537,Families with dependent children: Youngest aged 12 to 18,20,12,9,8,1,3,3,0,8,2,6
S01012538,All families in households,340,250,181,167,14,69,54,15,90,10,80
S01012538,Families with no dependent children,179,150,117,114,3,33,29,4,29,6,23
S01012538,Families with dependent children: Total,161,100,64,53,11,36,25,11,61,4,57
S01012538,Families with dependent children: Youngest aged 0 to 4,67,47,24,23,1,23,18,5,20,0,20
S01012538,Families with dependent children: Youngest aged 5 to 11,45,22,16,13,3,6,4,2,23,1,22
S01012538,Families with dependent children: Youngest aged 12 to 18,49,31,24,17,7,7,3,4,18,3,15
S01012539,All families in households,215,171,142,137,5,29,24,5,44,5,39
S01012539,Families with no dependent children,138,119,104,100,4,15,12,3,19,5,14
S01012539,Families with dependent children: Total,77,52,38,37,1,14,12,2,25,0,25
S01012539,Families with dependent children: Youngest aged 0 to 4,24,11,7,6,1,4,4,0,13,0,13
S01012539,Families with dependent children: Youngest aged 5 to 11,38,29,21,21,0,8,7,1,9,0,9
S01012539,Families with dependent children: Youngest aged 12 to 18,15,12,10,10,0,2,1,1,3,0,3
S01012540,All families in households,209,161,131,121,10,30,24,6,48,5,43
S01012540,Families with no dependent children,117,101,87,86,1,14,12,2,16,1,15
S01012540,Families with dependent children: Total,92,60,44,35,9,16,12,4,32,4,28
S01012540,Families with dependent children: Youngest aged 0 to 4,35,23,14,12,2,9,9,0,12,1,11
S01012540,Families with dependent children: Youngest aged 5 to 11,30,20,17,14,3,3,2,1,10,0,10
S01012540,Families with dependent children: Youngest aged 12 to 18,27,17,13,9,4,4,1,3,10,3,7
S01012541,All families in households,325,267,225,216,9,42,32,10,58,8,50
S01012541,Families with no dependent children,194,171,147,144,3,24,21,3,23,7,16
S01012541,Families with dependent children: Total,131,96,78,72,6,18,11,7,35,1,34
S01012541,Families with dependent children: Youngest aged 0 to 4,43,32,25,23,2,7,5,2,11,0,11
S01012541,Families with dependent children: Youngest aged 5 to 11,45,29,24,21,3,5,4,1,16,1,15
S01012541,Families with dependent children: Youngest aged 12 to 18,43,35,29,28,1,6,2,4,8,0,8
S01012542,All families in households,270,229,208,201,7,21,17,4,41,9,32
S01012542,Families with no dependent children,170,150,143,140,3,7,7,0,20,5,15
S01012542,Families with dependent children: Total,100,79,65,61,4,14,10,4,21,4,17
S01012542,Families with dependent children: Youngest aged 0 to 4,37,32,23,22,1,9,7,2,5,2,3
S01012542,Families with dependent children: Youngest aged 5 to 11,24,18,14,14,0,4,3,1,6,1,5
S01012542,Families with dependent children: Youngest aged 12 to 18,39,29,28,25,3,1,0,1,10,1,9
S01012543,All families in households,223,193,165,158,7,28,23,5,30,4,26
S01012543,Families with no dependent children,131,119,101,99,2,18,17,1,12,4,8
S01012543,Families with dependent children: Total,92,74,64,59,5,10,6,4,18,0,18
S01012543,Families with dependent children: Youngest aged 0 to 4,27,21,17,15,2,4,4,0,6,0,6
S01012543,Families with dependent children: Youngest aged 5 to 11,31,28,23,21,2,5,1,4,3,0,3
S01012543,Families with dependent children: Youngest aged 12 to 18,34,25,24,23,1,1,1,0,9,0,9
S01012544,All families in households,249,209,179,172,7,30,26,4,40,1,39
S01012544,Families with no dependent children,136,131,118,115,3,13,12,1,5,0,5
S01012544,Families with dependent children: Total,113,78,61,57,4,17,14,3,35,1,34
S01012544,Families with dependent children: Youngest aged 0 to 4,41,32,26,26,0,6,6,0,9,0,9
S01012544,Families with dependent children: Youngest aged 5 to 11,49,32,21,19,2,11,8,3,17,0,17
S01012544,Families with dependent children: Youngest aged 12 to 18,23,14,14,12,2,0,0,0,9,1,8
S01012545,All families in households,140,111,76,72,4,35,30,5,29,1,28
S01012545,Families with no dependent children,77,68,52,51,1,16,15,1,9,1,8
S01012545,Families with dependent children: Total,63,43,24,21,3,19,15,4,20,0,20
S01012545,Families with dependent children: Youngest aged 0 to 4,27,21,9,9,0,12,10,2,6,0,6
S01012545,Families with dependent children: Youngest aged 5 to 11,16,6,2,2,0,4,4,0,10,0,10
S01012545,Families with dependent children: Youngest aged 12 to 18,20,16,13,10,3,3,1,2,4,0,4
S01012546,All families in households,257,212,165,157,8,47,43,4,45,2,43
S01012546,Families with no dependent children,145,132,108,105,3,24,22,2,13,1,12
S01012546,Families with dependent children: Total,112,80,57,52,5,23,21,2,32,1,31
S01012546,Families with dependent children: Youngest aged 0 to 4,41,32,16,15,1,16,15,1,9,0,9
S01012546,Families with dependent children: Youngest aged 5 to 11,28,22,18,18,0,4,3,1,6,0,6
S01012546,Families with dependent children: Youngest aged 12 to 18,43,26,23,19,4,3,3,0,17,1,16
S01012547,All families in households,235,213,197,187,10,16,12,4,22,3,19
S01012547,Families with no dependent children,161,149,140,138,2,9,8,1,12,2,10
S01012547,Families with dependent children: Total,74,64,57,49,8,7,4,3,10,1,9
S01012547,Families with dependent children: Youngest aged 0 to 4,18,17,16,16,0,1,1,0,1,0,1
S01012547,Families with dependent children: Youngest aged 5 to 11,27,22,17,15,2,5,3,2,5,0,5
S01012547,Families with dependent children: Youngest aged 12 to 18,29,25,24,18,6,1,0,1,4,1,3
S01012548,All families in households,255,236,200,198,2,36,31,5,19,3,16
S01012548,Families with no dependent children,178,169,149,147,2,20,20,0,9,2,7
S01012548,Families with dependent children: Total,77,67,51,51,0,16,11,5,10,1,9
S01012548,Families with dependent children: Youngest aged 0 to 4,20,17,10,10,0,7,6,1,3,0,3
S01012548,Families with dependent children: Youngest aged 5 to 11,34,29,25,25,0,4,2,2,5,0,5
S01012548,Families with dependent children: Youngest aged 12 to 18,23,21,16,16,0,5,3,2,2,1,1
S01012549,All families in households,160,113,90,81,9,23,16,7,47,5,42
S01012549,Families with no dependent children,86,70,57,55,2,13,12,1,16,3,13
S01012549,Families with dependent children: Total,74,43,33,26,7,10,4,6,31,2,29
S01012549,Families with dependent children: Youngest aged 0 to 4,39,27,21,18,3,6,3,3,12,1,11
S01012549,Families with dependent children: Youngest aged 5 to 11,22,13,9,6,3,4,1,3,9,1,8
S01012549,Families with dependent children: Youngest aged 12 to 18,13,3,3,2,1,0,0,0,10,0,10
S01012550,All families in households,256,189,157,149,8,32,26,6,67,12,55
S01012550,Families with no dependent children,145,123,102,99,3,21,18,3,22,8,14
S01012550,Families with dependent children: Total,111,66,55,50,5,11,8,3,45,4,41
S01012550,Families with dependent children: Youngest aged 0 to 4,38,28,22,22,0,6,5,1,10,0,10
S01012550,Families with dependent children: Youngest aged 5 to 11,29,18,15,10,5,3,2,1,11,1,10
S01012550,Families with dependent children: Youngest aged 12 to 18,44,20,18,18,0,2,1,1,24,3,21
S01012551,All families in households,263,238,211,204,7,27,22,5,25,6,19
S01012551,Families with no dependent children,168,160,149,145,4,11,10,1,8,2,6
S01012551,Families with dependent children: Total,95,78,62,59,3,16,12,4,17,4,13
S01012551,Families with dependent children: Youngest aged 0 to 4,34,28,18,17,1,10,7,3,6,2,4
S01012551,Families with dependent children: Youngest aged 5 to 11,28,24,22,22,0,2,2,0,4,0,4
S01012551,Families with dependent children: Youngest aged 12 to 18,33,26,22,20,2,4,3,1,7,2,5
S01012552,All families in households,303,284,256,248,8,28,21,7,19,1,18
S01012552,Families with no dependent children,198,191,177,175,2,14,14,0,7,1,6
S01012552,Families with dependent children: Total,105,93,79,73,6,14,7,7,12,0,12
S01012552,Families with dependent children: Youngest aged 0 to 4,22,21,16,16,0,5,4,1,1,0,1
S01012552,Families with dependent children: Youngest aged 5 to 11,40,34,30,29,1,4,1,3,6,0,6
S01012552,Families with dependent children: Youngest aged 12 to 18,43,38,33,28,5,5,2,3,5,0,5
S01012553,All families in households,256,222,184,173,11,38,31,7,34,3,31
S01012553,Families with no dependent children,128,118,96,94,2,22,19,3,10,2,8
S01012553,Families with dependent children: Total,128,104,88,79,9,16,12,4,24,1,23
S01012553,Families with dependent children: Youngest aged 0 to 4,52,44,34,33,1,10,9,1,8,0,8
S01012553,Families with dependent children: Youngest aged 5 to 11,42,34,29,22,7,5,3,2,8,1,7
S01012553,Families with dependent children: Youngest aged 12 to 18,34,26,25,24,1,1,0,1,8,0,8
S01012554,All families in households,148,130,114,111,3,16,11,5,18,3,15
S01012554,Families with no dependent children,95,90,82,81,1,8,7,1,5,3,2
S01012554,Families with dependent children: Total,53,40,32,30,2,8,4,4,13,0,13
S01012554,Families with dependent children: Youngest aged 0 to 4,13,12,7,7,0,5,4,1,1,0,1
S01012554,Families with dependent children: Youngest aged 5 to 11,17,13,13,12,1,0,0,0,4,0,4
S01012554,Families with dependent children: Youngest aged 12 to 18,23,15,12,11,1,3,0,3,8,0,8
S01012555,All families in households,169,154,136,134,2,18,12,6,15,4,11
S01012555,Families with no dependent children,95,89,79,78,1,10,10,0,6,2,4
S01012555,Families with dependent children: Total,74,65,57,56,1,8,2,6,9,2,7
S01012555,Families with dependent children: Youngest aged 0 to 4,21,20,18,17,1,2,1,1,1,0,1
S01012555,Families with dependent children: Youngest aged 5 to 11,19,17,14,14,0,3,1,2,2,0,2
S01012555,Families with dependent children: Youngest aged 12 to 18,34,28,25,25,0,3,0,3,6,2,4
S01012556,All families in households,184,170,157,150,7,13,11,2,14,3,11
S01012556,Families with no dependent children,130,121,112,111,1,9,9,0,9,1,8
S01012556,Families with dependent children: Total,54,49,45,39,6,4,2,2,5,2,3
S01012556,Families with dependent children: Youngest aged 0 to 4,8,7,7,6,1,0,0,0,1,0,1
S01012556,Families with dependent children: Youngest aged 5 to 11,16,14,12,10,2,2,1,1,2,2,0
S01012556,Families with dependent children: Youngest aged 12 to 18,30,28,26,23,3,2,1,1,2,0,2
S01012557,All families in households,211,188,173,167,6,15,14,1,23,6,17
S01012557,Families with no dependent children,151,136,126,124,2,10,10,0,15,5,10
S01012557,Families with dependent children: Total,60,52,47,43,4,5,4,1,8,1,7
S01012557,Families with dependent children: Youngest aged 0 to 4,13,12,9,9,0,3,3,0,1,0,1
S01012557,Families with dependent children: Youngest aged 5 to 11,25,20,19,16,3,1,1,0,5,1,4
S01012557,Families with dependent children: Youngest aged 12 to 18,22,20,19,18,1,1,0,1,2,0,2
S01012558,All families in households,172,121,90,86,4,31,28,3,51,10,41
S01012558,Families with no dependent children,100,78,63,61,2,15,14,1,22,8,14
S01012558,Families with dependent children: Total,72,43,27,25,2,16,14,2,29,2,27
S01012558,Families with dependent children: Youngest aged 0 to 4,26,19,8,8,0,11,10,1,7,0,7
S01012558,Families with dependent children: Youngest aged 5 to 11,21,13,8,7,1,5,4,1,8,0,8
S01012558,Families with dependent children: Youngest aged 12 to 18,25,11,11,10,1,0,0,0,14,2,12
S01012559,All families in households,195,149,108,103,5,41,35,6,46,4,42
S01012559,Families with no dependent children,119,109,88,88,0,21,20,1,10,2,8
S01012559,Families with dependent children: Total,76,40,20,15,5,20,15,5,36,2,34
S01012559,Families with dependent children: Youngest aged 0 to 4,36,23,8,7,1,15,11,4,13,0,13
S01012559,Families with dependent children: Youngest aged 5 to 11,24,13,9,6,3,4,3,1,11,1,10
S01012559,Families with dependent children: Youngest aged 12 to 18,16,4,3,2,1,1,1,0,12,1,11
S01012560,All families in households,168,139,111,106,5,28,20,8,29,1,28
S01012560,Families with no dependent children,98,89,80,79,1,9,9,0,9,1,8
S01012560,Families with dependent children: Total,70,50,31,27,4,19,11,8,20,0,20
S01012560,Families with dependent children: Youngest aged 0 to 4,31,21,10,9,1,11,7,4,10,0,10
S01012560,Families with dependent children: Youngest aged 5 to 11,22,16,10,9,1,6,2,4,6,0,6
S01012560,Families with dependent children: Youngest aged 12 to 18,17,13,11,9,2,2,2,0,4,0,4
S01012561,All families in households,219,174,146,139,7,28,22,6,45,7,38
S01012561,Families with no dependent children,122,105,90,88,2,15,15,0,17,5,12
S01012561,Families with dependent children: Total,97,69,56,51,5,13,7,6,28,2,26
S01012561,Families with dependent children: Youngest aged 0 to 4,30,24,19,18,1,5,3,2,6,0,6
S01012561,Families with dependent children: Youngest aged 5 to 11,33,22,19,17,2,3,2,1,11,1,10
S01012561,Families with dependent children: Youngest aged 12 to 18,34,23,18,16,2,5,2,3,11,1,10
S01012562,All families in households,209,155,98,93,5,57,51,6,54,4,50
S01012562,Families with no dependent children,129,111,73,72,1,38,38,0,18,2,16
S01012562,Families with dependent children: Total,80,44,25,21,4,19,13,6,36,2,34
S01012562,Families with dependent children: Youngest aged 0 to 4,38,25,12,11,1,13,10,3,13,0,13
S01012562,Families with dependent children: Youngest aged 5 to 11,23,8,4,2,2,4,2,2,15,1,14
S01012562,Families with dependent children: Youngest aged 12 to 18,19,11,9,8,1,2,1,1,8,1,7
S01012563,All families in households,209,199,195,189,6,4,3,1,10,1,9
S01012563,Families with no dependent children,156,148,145,143,2,3,3,0,8,1,7
S01012563,Families with dependent children: Total,53,51,50,46,4,1,0,1,2,0,2
S01012563,Families with dependent children: Youngest aged 0 to 4,15,15,15,14,1,0,0,0,0,0,0
S01012563,Families with dependent children: Youngest aged 5 to 11,12,11,11,11,0,0,0,0,1,0,1
S01012563,Families with dependent children: Youngest aged 12 to 18,26,25,24,21,3,1,0,1,1,0,1
S01012564,All families in households,258,236,220,216,4,16,9,7,22,1,21
S01012564,Families with no dependent children,176,165,158,157,1,7,3,4,11,1,10
S01012564,Families with dependent children: Total,82,71,62,59,3,9,6,3,11,0,11
S01012564,Families with dependent children: Youngest aged 0 to 4,19,15,14,14,0,1,1,0,4,0,4
S01012564,Families with dependent children: Youngest aged 5 to 11,35,32,30,29,1,2,2,0,3,0,3
S01012564,Families with dependent children: Youngest aged 12 to 18,28,24,18,16,2,6,3,3,4,0,4
S01012565,All families in households,225,198,180,179,1,18,17,1,27,1,26
S01012565,Families with no dependent children,149,137,123,122,1,14,14,0,12,0,12
S01012565,Families with dependent children: Total,76,61,57,57,0,4,3,1,15,1,14
S01012565,Families with dependent children: Youngest aged 0 to 4,23,20,17,17,0,3,3,0,3,0,3
S01012565,Families with dependent children: Youngest aged 5 to 11,30,24,23,23,0,1,0,1,6,1,5
S01012565,Families with dependent children: Youngest aged 12 to 18,23,17,17,17,0,0,0,0,6,0,6
S01012566,All families in households,185,150,113,106,7,37,37,0,35,3,32
S01012566,Families with no dependent children,126,117,88,85,3,29,29,0,9,0,9
S01012566,Families with dependent children: Total,59,33,25,21,4,8,8,0,26,3,23
S01012566,Families with dependent children: Youngest aged 0 to 4,32,21,15,14,1,6,6,0,11,1,10
S01012566,Families with dependent children: Youngest aged 5 to 11,13,5,5,4,1,0,0,0,8,0,8
S01012566,Families with dependent children: Youngest aged 12 to 18,14,7,5,3,2,2,2,0,7,2,5
S01012567,All families in households,282,218,157,149,8,61,54,7,64,8,56
S01012567,Families with no dependent children,174,157,117,114,3,40,40,0,17,3,14
S01012567,Families with dependent children: Total,108,61,40,35,5,21,14,7,47,5,42
S01012567,Families with dependent children: Youngest aged 0 to 4,46,27,14,11,3,13,9,4,19,1,18
S01012567,Families with dependent children: Youngest aged 5 to 11,32,19,12,11,1,7,5,2,13,0,13
S01012567,Families with dependent children: Youngest aged 12 to 18,30,15,14,13,1,1,0,1,15,4,11
S01012568,All families in households,186,172,160,158,2,12,11,1,14,0,14
S01012568,Families with no dependent children,122,117,110,108,2,7,7,0,5,0,5
S01012568,Families with dependent children: Total,64,55,50,50,0,5,4,1,9,0,9
S01012568,Families with dependent children: Youngest aged 0 to 4,17,16,13,13,0,3,3,0,1,0,1
S01012568,Families with dependent children: Youngest aged 5 to 11,25,21,20,20,0,1,0,1,4,0,4
S01012568,Families with dependent children: Youngest aged 12 to 18,22,18,17,17,0,1,1,0,4,0,4
S01012569,All families in households,235,214,198,191,7,16,12,4,21,4,17
S01012569,Families with no dependent children,168,156,146,144,2,10,8,2,12,3,9
S01012569,Families with dependent children: Total,67,58,52,47,5,6,4,2,9,1,8
S01012569,Families with dependent children: Youngest aged 0 to 4,14,14,12,11,1,2,2,0,0,0,0
S01012569,Families with dependent children: Youngest aged 5 to 11,20,14,14,11,3,0,0,0,6,0,6
S01012569,Families with dependent children: Youngest aged 12 to 18,33,30,26,25,1,4,2,2,3,1,2
S01012570,All families in households,145,131,106,103,3,25,22,3,14,3,11
S01012570,Families with no dependent children,94,92,77,77,0,15,13,2,2,0,2
S01012570,Families with dependent children: Total,51,39,29,26,3,10,9,1,12,3,9
S01012570,Families with dependent children: Youngest aged 0 to 4,20,19,13,13,0,6,6,0,1,0,1
S01012570,Families with dependent children: Youngest aged 5 to 11,13,9,6,6,0,3,2,1,4,0,4
S01012570,Families with dependent children: Youngest aged 12 to 18,18,11,10,7,3,1,1,0,7,3,4
S01012571,All families in households,246,210,172,164,8,38,31,7,36,6,30
S01012571,Families with no dependent children,155,140,112,110,2,28,27,1,15,4,11
S01012571,Families with dependent children: Total,91,70,60,54,6,10,4,6,21,2,19
S01012571,Families with dependent children: Youngest aged 0 to 4,28,25,22,21,1,3,2,1,3,0,3
S01012571,Families with dependent children: Youngest aged 5 to 11,33,23,17,14,3,6,2,4,10,1,9
S01012571,Families with dependent children: Youngest aged 12 to 18,30,22,21,19,2,1,0,1,8,1,7
S01012572,All families in households,161,141,115,110,5,26,20,6,20,3,17
S01012572,Families with no dependent children,105,97,79,77,2,18,15,3,8,3,5
S01012572,Families with dependent children: Total,56,44,36,33,3,8,5,3,12,0,12
S01012572,Families with dependent children: Youngest aged 0 to 4,20,18,14,13,1,4,3,1,2,0,2
S01012572,Families with dependent children: Youngest aged 5 to 11,20,16,13,11,2,3,2,1,4,0,4
S01012572,Families with dependent children: Youngest aged 12 to 18,16,10,9,9,0,1,0,1,6,0,6
S01012573,All families in households,271,249,219,216,3,30,28,2,22,4,18
S01012573,Families with no dependent children,180,167,142,142,0,25,23,2,13,2,11
S01012573,Families with dependent children: Total,91,82,77,74,3,5,5,0,9,2,7
S01012573,Families with dependent children: Youngest aged 0 to 4,36,34,29,29,0,5,5,0,2,0,2
S01012573,Families with dependent children: Youngest aged 5 to 11,35,30,30,28,2,0,0,0,5,1,4
S01012573,Families with dependent children: Youngest aged 12 to 18,20,18,18,17,1,0,0,0,2,1,1
S01012574,All families in households,279,253,224,215,9,29,26,3,26,3,23
S01012574,Families with no dependent children,183,171,151,150,1,20,19,1,12,3,9
S01012574,Families with dependent children: Total,96,82,73,65,8,9,7,2,14,0,14
S01012574,Families with dependent children: Youngest aged 0 to 4,32,29,24,22,2,5,5,0,3,0,3
S01012574,Families with dependent children: Youngest aged 5 to 11,33,29,26,24,2,3,1,2,4,0,4
S01012574,Families with dependent children: Youngest aged 12 to 18,31,24,23,19,4,1,1,0,7,0,7
S01012575,All families in households,206,178,158,151,7,20,17,3,28,5,23
S01012575,Families with no dependent children,129,119,105,103,2,14,13,1,10,4,6
S01012575,Families with dependent children: Total,77,59,53,48,5,6,4,2,18,1,17
S01012575,Families with dependent children: Youngest aged 0 to 4,18,18,17,16,1,1,1,0,0,0,0
S01012575,Families with dependent children: Youngest aged 5 to 11,29,21,18,17,1,3,2,1,8,0,8
S01012575,Families with dependent children: Youngest aged 12 to 18,30,20,18,15,3,2,1,1,10,1,9
S01012576,All families in households,211,188,163,160,3,25,23,2,23,0,23
S01012576,Families with no dependent children,137,126,108,106,2,18,16,2,11,0,11
S01012576,Families with dependent children: Total,74,62,55,54,1,7,7,0,12,0,12
S01012576,Families with dependent children: Youngest aged 0 to 4,33,27,22,22,0,5,5,0,6,0,6
S01012576,Families with dependent children: Youngest aged 5 to 11,23,20,18,18,0,2,2,0,3,0,3
S01012576,Families with dependent children: Youngest aged 12 to 18,18,15,15,14,1,0,0,0,3,0,3
S01012577,All families in households,237,208,172,169,3,36,31,5,29,3,26
S01012577,Families with no dependent children,141,132,113,113,0,19,18,1,9,0,9
S01012577,Families with dependent children: Total,96,76,59,56,3,17,13,4,20,3,17
S01012577,Families with dependent children: Youngest aged 0 to 4,33,29,18,16,2,11,9,2,4,1,3
S01012577,Families with dependent children: Youngest aged 5 to 11,37,30,25,24,1,5,3,2,7,1,6
S01012577,Families with dependent children: Youngest aged 12 to 18,26,17,16,16,0,1,1,0,9,1,8
S01012578,All families in households,266,235,206,202,4,29,24,5,31,5,26
S01012578,Families with no dependent children,175,160,145,144,1,15,14,1,15,3,12
S01012578,Families with dependent children: Total,91,75,61,58,3,14,10,4,16,2,14
S01012578,Families with dependent children: Youngest aged 0 to 4,28,26,20,20,0,6,5,1,2,0,2
S01012578,Families with dependent children: Youngest aged 5 to 11,28,24,20,19,1,4,4,0,4,1,3
S01012578,Families with dependent children: Youngest aged 12 to 18,35,25,21,19,2,4,1,3,10,1,9
S01012579,All families in households,215,180,153,144,9,27,21,6,35,2,33
S01012579,Families with no dependent children,117,110,94,90,4,16,14,2,7,1,6
S01012579,Families with dependent children: Total,98,70,59,54,5,11,7,4,28,1,27
S01012579,Families with dependent children: Youngest aged 0 to 4,35,24,18,16,2,6,4,2,11,0,11
S01012579,Families with dependent children: Youngest aged 5 to 11,36,27,25,23,2,2,1,1,9,1,8
S01012579,Families with dependent children: Youngest aged 12 to 18,27,19,16,15,1,3,2,1,8,0,8
S01012580,All families in households,236,219,175,168,7,44,41,3,17,5,12
S01012580,Families with no dependent children,155,145,116,114,2,29,29,0,10,3,7
S01012580,Families with dependent children: Total,81,74,59,54,5,15,12,3,7,2,5
S01012580,Families with dependent children: Youngest aged 0 to 4,26,25,18,17,1,7,6,1,1,0,1
S01012580,Families with dependent children: Youngest aged 5 to 11,24,24,18,16,2,6,5,1,0,0,0
S01012580,Families with dependent children: Youngest aged 12 to 18,31,25,23,21,2,2,1,1,6,2,4
S01012581,All families in households,212,143,107,96,11,36,32,4,69,6,63
S01012581,Families with no dependent children,112,84,66,64,2,18,17,1,28,3,25
S01012581,Families with dependent children: Total,100,59,41,32,9,18,15,3,41,3,38
S01012581,Families with dependent children: Youngest aged 0 to 4,44,21,13,11,2,8,8,0,23,0,23
S01012581,Families with dependent children: Youngest aged 5 to 11,31,23,15,10,5,8,6,2,8,1,7
S01012581,Families with dependent children: Youngest aged 12 to 18,25,15,13,11,2,2,1,1,10,2,8
S01012582,All families in households,281,251,210,198,12,41,34,7,30,7,23
S01012582,Families with no dependent children,163,153,130,124,6,23,22,1,10,4,6
S01012582,Families with dependent children: Total,118,98,80,74,6,18,12,6,20,3,17
S01012582,Families with dependent children: Youngest aged 0 to 4,49,45,35,33,2,10,9,1,4,0,4
S01012582,Families with dependent children: Youngest aged 5 to 11,45,32,25,23,2,7,3,4,13,3,10
S01012582,Families with dependent children: Youngest aged 12 to 18,24,21,20,18,2,1,0,1,3,0,3
S01012583,All families in households,212,173,140,133,7,33,27,6,39,10,29
S01012583,Families with no dependent children,131,113,93,91,2,20,20,0,18,7,11
S01012583,Families with dependent children: Total,81,60,47,42,5,13,7,6,21,3,18
S01012583,Families with dependent children: Youngest aged 0 to 4,31,22,17,17,0,5,5,0,9,1,8
S01012583,Families with dependent children: Youngest aged 5 to 11,23,17,12,11,1,5,0,5,6,0,6
S01012583,Families with dependent children: Youngest aged 12 to 18,27,21,18,14,4,3,2,1,6,2,4
S01012584,All families in households,230,190,166,158,8,24,19,5,40,7,33
S01012584,Families with no dependent children,149,136,119,116,3,17,15,2,13,2,11
S01012584,Families with dependent children: Total,81,54,47,42,5,7,4,3,27,5,22
S01012584,Families with dependent children: Youngest aged 0 to 4,23,18,15,14,1,3,1,2,5,1,4
S01012584,Families with dependent children: Youngest aged 5 to 11,34,19,16,14,2,3,2,1,15,3,12
S01012584,Families with dependent children: Youngest aged 12 to 18,24,17,16,14,2,1,1,0,7,1,6
S01012585,All families in households,234,176,129,121,8,47,33,14,58,7,51
S01012585,Families with no dependent children,126,112,87,84,3,25,22,3,14,4,10
S01012585,Families with dependent children: Total,108,64,42,37,5,22,11,11,44,3,41
S01012585,Families with dependent children: Youngest aged 0 to 4,29,14,9,7,2,5,3,2,15,0,15
S01012585,Families with dependent children: Youngest aged 5 to 11,43,33,18,15,3,15,8,7,10,0,10
S01012585,Families with dependent children: Youngest aged 12 to 18,36,17,15,15,0,2,0,2,19,3,16
S01012586,All families in households,261,233,197,189,8,36,30,6,28,5,23
S01012586,Families with no dependent children,153,142,123,121,2,19,18,1,11,2,9
S01012586,Families with dependent children: Total,108,91,74,68,6,17,12,5,17,3,14
S01012586,Families with dependent children: Youngest aged 0 to 4,34,30,22,19,3,8,7,1,4,0,4
S01012586,Families with dependent children: Youngest aged 5 to 11,38,29,25,24,1,4,3,1,9,1,8
S01012586,Families with dependent children: Youngest aged 12 to 18,36,32,27,25,2,5,2,3,4,2,2
S01012587,All families in households,271,241,214,207,7,27,23,4,30,11,19
S01012587,Families with no dependent children,172,158,138,135,3,20,19,1,14,7,7
S01012587,Families with dependent children: Total,99,83,76,72,4,7,4,3,16,4,12
S01012587,Families with dependent children: Youngest aged 0 to 4,30,27,24,24,0,3,1,2,3,1,2
S01012587,Families with dependent children: Youngest aged 5 to 11,34,28,25,22,3,3,2,1,6,1,5
S01012587,Families with dependent children: Youngest aged 12 to 18,35,28,27,26,1,1,1,0,7,2,5
S01012588,All families in households,199,176,154,150,4,22,20,2,23,7,16
S01012588,Families with no dependent children,119,107,95,93,2,12,11,1,12,3,9
S01012588,Families with dependent children: Total,80,69,59,57,2,10,9,1,11,4,7
S01012588,Families with dependent children: Youngest aged 0 to 4,25,21,16,16,0,5,5,0,4,2,2
S01012588,Families with dependent children: Youngest aged 5 to 11,31,26,24,23,1,2,2,0,5,2,3
S01012588,Families with dependent children: Youngest aged 12 to 18,24,22,19,18,1,3,2,1,2,0,2
S01012589,All families in households,215,170,143,137,6,27,25,2,45,4,41
S01012589,Families with no dependent children,132,115,102,101,1,13,11,2,17,2,15
S01012589,Families with dependent children: Total,83,55,41,36,5,14,14,0,28,2,26
S01012589,Families with dependent children: Youngest aged 0 to 4,23,15,8,8,0,7,7,0,8,0,8
S01012589,Families with dependent children: Youngest aged 5 to 11,37,24,19,16,3,5,5,0,13,1,12
S01012589,Families with dependent children: Youngest aged 12 to 18,23,16,14,12,2,2,2,0,7,1,6
S01012590,All families in households,223,181,138,126,12,43,39,4,42,5,37
S01012590,Families with no dependent children,132,123,97,93,4,26,24,2,9,2,7
S01012590,Families with dependent children: Total,91,58,41,33,8,17,15,2,33,3,30
S01012590,Families with dependent children: Youngest aged 0 to 4,32,19,5,3,2,14,12,2,13,2,11
S01012590,Families with dependent children: Youngest aged 5 to 11,26,17,14,11,3,3,3,0,9,0,9
S01012590,Families with dependent children: Youngest aged 12 to 18,33,22,22,19,3,0,0,0,11,1,10
S01012591,All families in households,234,186,156,151,5,30,23,7,48,6,42
S01012591,Families with no dependent children,149,132,123,122,1,9,8,1,17,5,12
S01012591,Families with dependent children: Total,85,54,33,29,4,21,15,6,31,1,30
S01012591,Families with dependent children: Youngest aged 0 to 4,40,23,11,9,2,12,10,2,17,0,17
S01012591,Families with dependent children: Youngest aged 5 to 11,31,23,17,17,0,6,3,3,8,1,7
S01012591,Families with dependent children: Youngest aged 12 to 18,14,8,5,3,2,3,2,1,6,0,6
S01012592,All families in households,177,168,148,145,3,20,15,5,9,2,7
S01012592,Families with no dependent children,104,101,92,91,1,9,7,2,3,1,2
S01012592,Families with dependent children: Total,73,67,56,54,2,11,8,3,6,1,5
S01012592,Families with dependent children: Youngest aged 0 to 4,34,33,27,26,1,6,5,1,1,0,1
S01012592,Families with dependent children: Youngest aged 5 to 11,23,21,16,16,0,5,3,2,2,0,2
S01012592,Families with dependent children: Youngest aged 12 to 18,16,13,13,12,1,0,0,0,3,1,2
S01012593,All families in households,265,241,214,207,7,27,23,4,24,3,21
S01012593,Families with no dependent children,152,142,128,127,1,14,14,0,10,1,9
S01012593,Families with dependent children: Total,113,99,86,80,6,13,9,4,14,2,12
S01012593,Families with dependent children: Youngest aged 0 to 4,40,35,28,26,2,7,6,1,5,0,5
S01012593,Families with dependent children: Youngest aged 5 to 11,34,29,25,24,1,4,2,2,5,2,3
S01012593,Families with dependent children: Youngest aged 12 to 18,39,35,33,30,3,2,1,1,4,0,4
S01012594,All families in households,144,117,107,104,3,10,10,0,27,6,21
S01012594,Families with no dependent children,88,77,71,70,1,6,6,0,11,4,7
S01012594,Families with dependent children: Total,56,40,36,34,2,4,4,0,16,2,14
S01012594,Families with dependent children: Youngest aged 0 to 4,23,17,16,16,0,1,1,0,6,0,6
S01012594,Families with dependent children: Youngest aged 5 to 11,15,8,8,7,1,0,0,0,7,1,6
S01012594,Families with dependent children: Youngest aged 12 to 18,18,15,12,11,1,3,3,0,3,1,2
S01012595,All families in households,184,150,124,120,4,26,22,4,34,5,29
S01012595,Families with no dependent children,130,118,100,98,2,18,16,2,12,3,9
S01012595,Families with dependent children: Total,54,32,24,22,2,8,6,2,22,2,20
S01012595,Families with dependent children: Youngest aged 0 to 4,17,10,5,5,0,5,4,1,7,0,7
S01012595,Families with dependent children: Youngest aged 5 to 11,18,12,9,8,1,3,2,1,6,0,6
S01012595,Families with dependent children: Youngest aged 12 to 18,19,10,10,9,1,0,0,0,9,2,7
S01012596,All families in households,243,176,140,131,9,36,28,8,67,8,59
S01012596,Families with no dependent children,115,103,89,88,1,14,13,1,12,3,9
S01012596,Families with dependent children: Total,128,73,51,43,8,22,15,7,55,5,50
S01012596,Families with dependent children: Youngest aged 0 to 4,51,32,22,20,2,10,9,1,19,0,19
S01012596,Families with dependent children: Youngest aged 5 to 11,38,26,18,14,4,8,5,3,12,1,11
S01012596,Families with dependent children: Youngest aged 12 to 18,39,15,11,9,2,4,1,3,24,4,20
S01012597,All families in households,148,130,98,93,5,32,28,4,18,4,14
S01012597,Families with no dependent children,68,63,47,46,1,16,15,1,5,1,4
S01012597,Families with dependent children: Total,80,67,51,47,4,16,13,3,13,3,10
S01012597,Families with dependent children: Youngest aged 0 to 4,49,45,32,30,2,13,12,1,4,0,4
S01012597,Families with dependent children: Youngest aged 5 to 11,19,13,11,11,0,2,1,1,6,3,3
S01012597,Families with dependent children: Youngest aged 12 to 18,12,9,8,6,2,1,0,1,3,0,3
S01012598,All families in households,212,192,159,157,2,33,28,5,20,2,18
S01012598,Families with no dependent children,151,142,121,119,2,21,20,1,9,1,8
S01012598,Families with dependent children: Total,61,50,38,38,0,12,8,4,11,1,10
S01012598,Families with dependent children: Youngest aged 0 to 4,24,20,13,13,0,7,7,0,4,0,4
S01012598,Families with dependent children: Youngest aged 5 to 11,13,12,11,11,0,1,0,1,1,0,1
S01012598,Families with dependent children: Youngest aged 12 to 18,24,18,14,14,0,4,1,3,6,1,5
S01012599,All families in households,191,169,146,141,5,23,22,1,22,3,19
S01012599,Families with no dependent children,132,126,107,105,2,19,18,1,6,2,4
S01012599,Families with dependent children: Total,59,43,39,36,3,4,4,0,16,1,15
S01012599,Families with dependent children: Youngest aged 0 to 4,20,14,12,11,1,2,2,0,6,0,6
S01012599,Families with dependent children: Youngest aged 5 to 11,23,17,15,15,0,2,2,0,6,0,6
S01012599,Families with dependent children: Youngest aged 12 to 18,16,12,12,10,2,0,0,0,4,1,3
S01012600,All families in households,212,185,161,158,3,24,22,2,27,5,22
S01012600,Families with no dependent children,141,128,112,110,2,16,16,0,13,4,9
S01012600,Families with dependent children: Total,71,57,49,48,1,8,6,2,14,1,13
S01012600,Families with dependent children: Youngest aged 0 to 4,25,23,16,15,1,7,5,2,2,0,2
S01012600,Families with dependent children: Youngest aged 5 to 11,21,18,18,18,0,0,0,0,3,1,2
S01012600,Families with dependent children: Youngest aged 12 to 18,25,16,15,15,0,1,1,0,9,0,9
S01012601,All families in households,280,250,226,222,4,24,21,3,30,2,28
S01012601,Families with no dependent children,160,150,135,134,1,15,15,0,10,2,8
S01012601,Families with dependent children: Total,120,100,91,88,3,9,6,3,20,0,20
S01012601,Families with dependent children: Youngest aged 0 to 4,36,33,28,27,1,5,4,1,3,0,3
S01012601,Families with dependent children: Youngest aged 5 to 11,38,29,26,26,0,3,1,2,9,0,9
S01012601,Families with dependent children: Youngest aged 12 to 18,46,38,37,35,2,1,1,0,8,0,8
S01012602,All families in households,138,115,91,87,4,24,19,5,23,3,20
S01012602,Families with no dependent children,97,88,69,67,2,19,17,2,9,3,6
S01012602,Families with dependent children: Total,41,27,22,20,2,5,2,3,14,0,14
S01012602,Families with dependent children: Youngest aged 0 to 4,11,8,6,6,0,2,2,0,3,0,3
S01012602,Families with dependent children: Youngest aged 5 to 11,11,7,5,4,1,2,0,2,4,0,4
S01012602,Families with dependent children: Youngest aged 12 to 18,19,12,11,10,1,1,0,1,7,0,7
S01012603,All families in households,183,157,126,121,5,31,26,5,26,4,22
S01012603,Families with no dependent children,135,120,98,95,3,22,21,1,15,3,12
S01012603,Families with dependent children: Total,48,37,28,26,2,9,5,4,11,1,10
S01012603,Families with dependent children: Youngest aged 0 to 4,18,13,6,6,0,7,3,4,5,0,5
S01012603,Families with dependent children: Youngest aged 5 to 11,10,8,8,8,0,0,0,0,2,0,2
S01012603,Families with dependent children: Youngest aged 12 to 18,20,16,14,12,2,2,2,0,4,1,3
S01012604,All families in households,216,171,140,132,8,31,25,6,45,3,42
S01012604,Families with no dependent children,150,130,113,107,6,17,16,1,20,3,17
S01012604,Families with dependent children: Total,66,41,27,25,2,14,9,5,25,0,25
S01012604,Families with dependent children: Youngest aged 0 to 4,22,18,7,6,1,11,9,2,4,0,4
S01012604,Families with dependent children: Youngest aged 5 to 11,23,13,12,12,0,1,0,1,10,0,10
S01012604,Families with dependent children: Youngest aged 12 to 18,21,10,8,7,1,2,0,2,11,0,11
S01012605,All families in households,165,133,116,112,4,17,13,4,32,3,29
S01012605,Families with no dependent children,102,92,86,84,2,6,5,1,10,2,8
S01012605,Families with dependent children: Total,63,41,30,28,2,11,8,3,22,1,21
S01012605,Families with dependent children: Youngest aged 0 to 4,21,16,9,8,1,7,5,2,5,0,5
S01012605,Families with dependent children: Youngest aged 5 to 11,22,10,8,8,0,2,1,1,12,1,11
S01012605,Families with dependent children: Youngest aged 12 to 18,20,15,13,12,1,2,2,0,5,0,5
S01012606,All families in households,237,228,192,183,9,36,31,5,9,2,7
S01012606,Families with no dependent children,95,92,72,69,3,20,19,1,3,0,3
S01012606,Families with dependent children: Total,142,136,120,114,6,16,12,4,6,2,4
S01012606,Families with dependent children: Youngest aged 0 to 4,63,60,52,51,1,8,8,0,3,1,2
S01012606,Families with dependent children: Youngest aged 5 to 11,59,57,51,49,2,6,4,2,2,1,1
S01012606,Families with dependent children: Youngest aged 12 to 18,20,19,17,14,3,2,0,2,1,0,1
S01012607,All families in households,236,201,174,170,4,27,24,3,35,3,32
S01012607,Families with no dependent children,150,136,120,117,3,16,16,0,14,3,11
S01012607,Families with dependent children: Total,86,65,54,53,1,11,8,3,21,0,21
S01012607,Families with dependent children: Youngest aged 0 to 4,26,20,14,13,1,6,5,1,6,0,6
S01012607,Families with dependent children: Youngest aged 5 to 11,23,15,12,12,0,3,2,1,8,0,8
S01012607,Families with dependent children: Youngest aged 12 to 18,37,30,28,28,0,2,1,1,7,0,7
S01012608,All families in households,241,196,161,155,6,35,27,8,45,7,38
S01012608,Families with no dependent children,144,126,110,107,3,16,13,3,18,6,12
S01012608,Families with dependent children: Total,97,70,51,48,3,19,14,5,27,1,26
S01012608,Families with dependent children: Youngest aged 0 to 4,30,23,14,12,2,9,7,2,7,0,7
S01012608,Families with dependent children: Youngest aged 5 to 11,40,25,19,18,1,6,3,3,15,0,15
S01012608,Families with dependent children: Youngest aged 12 to 18,27,22,18,18,0,4,4,0,5,1,4
S01012609,All families in households,255,181,148,142,6,33,24,9,74,5,69
S01012609,Families with no dependent children,149,124,113,109,4,11,9,2,25,4,21
S01012609,Families with dependent children: Total,106,57,35,33,2,22,15,7,49,1,48
S01012609,Families with dependent children: Youngest aged 0 to 4,40,26,14,13,1,12,9,3,14,0,14
S01012609,Families with dependent children: Youngest aged 5 to 11,39,19,11,11,0,8,5,3,20,0,20
S01012609,Families with dependent children: Youngest aged 12 to 18,27,12,10,9,1,2,1,1,15,1,14
S01012610,All families in households,271,178,122,114,8,56,50,6,93,10,83
S01012610,Families with no dependent children,128,109,77,73,4,32,31,1,19,7,12
S01012610,Families with dependent children: Total,143,69,45,41,4,24,19,5,74,3,71
S01012610,Families with dependent children: Youngest aged 0 to 4,60,28,10,8,2,18,15,3,32,3,29
S01012610,Families with dependent children: Youngest aged 5 to 11,46,23,20,18,2,3,1,2,23,0,23
S01012610,Families with dependent children: Youngest aged 12 to 18,37,18,15,15,0,3,3,0,19,0,19
S01012611,All families in households,250,215,192,183,9,23,22,1,35,5,30
S01012611,Families with no dependent children,166,151,135,131,4,16,16,0,15,1,14
S01012611,Families with dependent children: Total,84,64,57,52,5,7,6,1,20,4,16
S01012611,Families with dependent children: Youngest aged 0 to 4,28,20,15,13,2,5,5,0,8,2,6
S01012611,Families with dependent children: Youngest aged 5 to 11,18,15,14,12,2,1,1,0,3,0,3
S01012611,Families with dependent children: Youngest aged 12 to 18,38,29,28,27,1,1,0,1,9,2,7
S01012612,All families in households,223,182,158,155,3,24,17,7,41,5,36
S01012612,Families with no dependent children,132,115,106,103,3,9,9,0,17,2,15
S01012612,Families with dependent children: Total,91,67,52,52,0,15,8,7,24,3,21
S01012612,Families with dependent children: Youngest aged 0 to 4,26,20,15,15,0,5,3,2,6,1,5
S01012612,Families with dependent children: Youngest aged 5 to 11,27,18,14,14,0,4,1,3,9,2,7
S01012612,Families with dependent children: Youngest aged 12 to 18,38,29,23,23,0,6,4,2,9,0,9
S01012613,All families in households,216,164,133,129,4,31,20,11,52,11,41
S01012613,Families with no dependent children,135,115,105,103,2,10,7,3,20,10,10
S01012613,Families with dependent children: Total,81,49,28,26,2,21,13,8,32,1,31
S01012613,Families with dependent children: Youngest aged 0 to 4,24,15,5,5,0,10,7,3,9,0,9
S01012613,Families with dependent children: Youngest aged 5 to 11,30,15,8,7,1,7,4,3,15,0,15
S01012613,Families with dependent children: Youngest aged 12 to 18,27,19,15,14,1,4,2,2,8,1,7
S01012614,All families in households,316,261,215,207,8,46,39,7,55,7,48
S01012614,Families with no dependent children,201,185,150,149,1,35,31,4,16,7,9
S01012614,Families with dependent children: Total,115,76,65,58,7,11,8,3,39,0,39
S01012614,Families with dependent children: Youngest aged 0 to 4,38,28,19,15,4,9,6,3,10,0,10
S01012614,Families with dependent children: Youngest aged 5 to 11,42,26,24,21,3,2,2,0,16,0,16
S01012614,Families with dependent children: Youngest aged 12 to 18,35,22,22,22,0,0,0,0,13,0,13
S01012615,All families in households,203,183,155,149,6,28,23,5,20,3,17
S01012615,Families with no dependent children,131,124,104,100,4,20,18,2,7,1,6
S01012615,Families with dependent children: Total,72,59,51,49,2,8,5,3,13,2,11
S01012615,Families with dependent children: Youngest aged 0 to 4,16,15,12,11,1,3,3,0,1,0,1
S01012615,Families with dependent children: Youngest aged 5 to 11,32,26,25,24,1,1,1,0,6,1,5
S01012615,Families with dependent children: Youngest aged 12 to 18,24,18,14,14,0,4,1,3,6,1,5
S01012616,All families in households,295,255,225,219,6,30,26,4,40,5,35
S01012616,Families with no dependent children,179,163,143,141,2,20,19,1,16,3,13
S01012616,Families with dependent children: Total,116,92,82,78,4,10,7,3,24,2,22
S01012616,Families with dependent children: Youngest aged 0 to 4,49,39,33,33,0,6,4,2,10,0,10
S01012616,Families with dependent children: Youngest aged 5 to 11,35,27,25,23,2,2,2,0,8,2,6
S01012616,Families with dependent children: Youngest aged 12 to 18,32,26,24,22,2,2,1,1,6,0,6
S01012617,All families in households,126,114,98,97,1,16,13,3,12,3,9
S01012617,Families with no dependent children,84,81,72,71,1,9,9,0,3,2,1
S01012617,Families with dependent children: Total,42,33,26,26,0,7,4,3,9,1,8
S01012617,Families with dependent children: Youngest aged 0 to 4,14,12,8,8,0,4,3,1,2,0,2
S01012617,Families with dependent children: Youngest aged 5 to 11,14,12,10,10,0,2,1,1,2,0,2
S01012617,Families with dependent children: Youngest aged 12 to 18,14,9,8,8,0,1,0,1,5,1,4
S01012618,All families in households,164,137,121,116,5,16,12,4,27,6,21
S01012618,Families with no dependent children,97,87,78,77,1,9,8,1,10,4,6
S01012618,Families with dependent children: Total,67,50,43,39,4,7,4,3,17,2,15
S01012618,Families with dependent children: Youngest aged 0 to 4,18,13,12,10,2,1,1,0,5,1,4
S01012618,Families with dependent children: Youngest aged 5 to 11,19,12,9,8,1,3,2,1,7,1,6
S01012618,Families with dependent children: Youngest aged 12 to 18,30,25,22,21,1,3,1,2,5,0,5
S01012619,All families in households,137,112,89,88,1,23,22,1,25,4,21
S01012619,Families with no dependent children,98,89,70,70,0,19,18,1,9,3,6
S01012619,Families with dependent children: Total,39,23,19,18,1,4,4,0,16,1,15
S01012619,Families with dependent children: Youngest aged 0 to 4,14,11,7,7,0,4,4,0,3,0,3
S01012619,Families with dependent children: Youngest aged 5 to 11,11,4,4,4,0,0,0,0,7,0,7
S01012619,Families with dependent children: Youngest aged 12 to 18,14,8,8,7,1,0,0,0,6,1,5
S01012620,All families in households,243,223,210,208,2,13,13,0,20,4,16
S01012620,Families with no dependent children,172,163,153,153,0,10,10,0,9,1,8
S01012620,Families with dependent children: Total,71,60,57,55,2,3,3,0,11,3,8
S01012620,Families with dependent children: Youngest aged 0 to 4,15,12,10,10,0,2,2,0,3,0,3
S01012620,Families with dependent children: Youngest aged 5 to 11,23,20,20,18,2,0,0,0,3,2,1
S01012620,Families with dependent children: Youngest aged 12 to 18,33,28,27,27,0,1,1,0,5,1,4
S01012621,All families in households,177,157,134,131,3,23,19,4,20,1,19
S01012621,Families with no dependent children,132,121,104,103,1,17,15,2,11,1,10
S01012621,Families with dependent children: Total,45,36,30,28,2,6,4,2,9,0,9
S01012621,Families with dependent children: Youngest aged 0 to 4,16,15,11,9,2,4,3,1,1,0,1
S01012621,Families with dependent children: Youngest aged 5 to 11,17,11,10,10,0,1,0,1,6,0,6
S01012621,Families with dependent children: Youngest aged 12 to 18,12,10,9,9,0,1,1,0,2,0,2
S01012622,All families in households,211,176,149,142,7,27,21,6,35,3,32
S01012622,Families with no dependent children,123,110,99,96,3,11,11,0,13,1,12
S01012622,Families with dependent children: Total,88,66,50,46,4,16,10,6,22,2,20
S01012622,Families with dependent children: Youngest aged 0 to 4,37,28,18,17,1,10,8,2,9,1,8
S01012622,Families with dependent children: Youngest aged 5 to 11,26,19,17,14,3,2,0,2,7,1,6
S01012622,Families with dependent children: Youngest aged 12 to 18,25,19,15,15,0,4,2,2,6,0,6
S01012623,All families in households,194,140,112,104,8,28,25,3,54,7,47
S01012623,Families with no dependent children,125,102,89,83,6,13,13,0,23,4,19
S01012623,Families with dependent children: Total,69,38,23,21,2,15,12,3,31,3,28
S01012623,Families with dependent children: Youngest aged 0 to 4,30,19,10,10,0,9,7,2,11,0,11
S01012623,Families with dependent children: Youngest aged 5 to 11,16,10,5,5,0,5,4,1,6,2,4
S01012623,Families with dependent children: Youngest aged 12 to 18,23,9,8,6,2,1,1,0,14,1,13
S01012624,All families in households,214,155,127,122,5,28,24,4,59,14,45
S01012624,Families with no dependent children,128,104,86,85,1,18,18,0,24,10,14
S01012624,Families with dependent children: Total,86,51,41,37,4,10,6,4,35,4,31
S01012624,Families with dependent children: Youngest aged 0 to 4,33,24,17,17,0,7,5,2,9,2,7
S01012624,Families with dependent children: Youngest aged 5 to 11,29,16,15,13,2,1,0,1,13,2,11
S01012624,Families with dependent children: Youngest aged 12 to 18,24,11,9,7,2,2,1,1,13,0,13
S01012625,All families in households,157,124,97,91,6,27,26,1,33,2,31
S01012625,Families with no dependent children,101,87,72,68,4,15,15,0,14,2,12
S01012625,Families with dependent children: Total,56,37,25,23,2,12,11,1,19,0,19
S01012625,Families with dependent children: Youngest aged 0 to 4,27,20,13,13,0,7,7,0,7,0,7
S01012625,Families with dependent children: Youngest aged 5 to 11,12,7,4,3,1,3,3,0,5,0,5
S01012625,Families with dependent children: Youngest aged 12 to 18,17,10,8,7,1,2,1,1,7,0,7
S01012626,All families in households,156,134,116,115,1,18,12,6,22,5,17
S01012626,Families with no dependent children,108,97,87,86,1,10,9,1,11,4,7
S01012626,Families with dependent children: Total,48,37,29,29,0,8,3,5,11,1,10
S01012626,Families with dependent children: Youngest aged 0 to 4,14,14,10,10,0,4,2,2,0,0,0
S01012626,Families with dependent children: Youngest aged 5 to 11,16,10,8,8,0,2,1,1,6,1,5
S01012626,Families with dependent children: Youngest aged 12 to 18,18,13,11,11,0,2,0,2,5,0,5
S01012627,All families in households,160,120,96,93,3,24,18,6,40,9,31
S01012627,Families with no dependent children,91,79,67,65,2,12,10,2,12,8,4
S01012627,Families with dependent children: Total,69,41,29,28,1,12,8,4,28,1,27
S01012627,Families with dependent children: Youngest aged 0 to 4,23,15,8,8,0,7,4,3,8,0,8
S01012627,Families with dependent children: Youngest aged 5 to 11,22,12,9,9,0,3,3,0,10,0,10
S01012627,Families with dependent children: Youngest aged 12 to 18,24,14,12,11,1,2,1,1,10,1,9
S01012628,All families in households,274,259,226,216,10,33,23,10,15,0,15
S01012628,Families with no dependent children,131,125,105,104,1,20,17,3,6,0,6
S01012628,Families with dependent children: Total,143,134,121,112,9,13,6,7,9,0,9
S01012628,Families with dependent children: Youngest aged 0 to 4,61,59,53,49,4,6,4,2,2,0,2
S01012628,Families with dependent children: Youngest aged 5 to 11,43,41,38,37,1,3,1,2,2,0,2
S01012628,Families with dependent children: Youngest aged 12 to 18,39,34,30,26,4,4,1,3,5,0,5
S01012629,All families in households,140,126,114,112,2,12,7,5,14,2,12
S01012629,Families with no dependent children,80,74,69,69,0,5,5,0,6,2,4
S01012629,Families with dependent children: Total,60,52,45,43,2,7,2,5,8,0,8
S01012629,Families with dependent children: Youngest aged 0 to 4,16,14,12,12,0,2,2,0,2,0,2
S01012629,Families with dependent children: Youngest aged 5 to 11,22,20,18,17,1,2,0,2,2,0,2
S01012629,Families with dependent children: Youngest aged 12 to 18,22,18,15,14,1,3,0,3,4,0,4
S01012630,All families in households,209,175,132,129,3,43,37,6,34,2,32
S01012630,Families with no dependent children,164,151,116,114,2,35,32,3,13,1,12
S01012630,Families with dependent children: Total,45,24,16,15,1,8,5,3,21,1,20
S01012630,Families with dependent children: Youngest aged 0 to 4,16,7,4,4,0,3,3,0,9,0,9
S01012630,Families with dependent children: Youngest aged 5 to 11,13,8,6,6,0,2,1,1,5,0,5
S01012630,Families with dependent children: Youngest aged 12 to 18,16,9,6,5,1,3,1,2,7,1,6
S01012631,All families in households,258,185,141,127,14,44,36,8,73,4,69
S01012631,Families with no dependent children,120,99,76,72,4,23,21,2,21,3,18
S01012631,Families with dependent children: Total,138,86,65,55,10,21,15,6,52,1,51
S01012631,Families with dependent children: Youngest aged 0 to 4,53,34,23,17,6,11,8,3,19,1,18
S01012631,Families with dependent children: Youngest aged 5 to 11,46,27,22,21,1,5,5,0,19,0,19
S01012631,Families with dependent children: Youngest aged 12 to 18,39,25,20,17,3,5,2,3,14,0,14
S01012632,All families in households,227,207,187,180,7,20,19,1,20,3,17
S01012632,Families with no dependent children,145,139,126,123,3,13,13,0,6,1,5
S01012632,Families with dependent children: Total,82,68,61,57,4,7,6,1,14,2,12
S01012632,Families with dependent children: Youngest aged 0 to 4,30,27,22,21,1,5,5,0,3,0,3
S01012632,Families with dependent children: Youngest aged 5 to 11,28,24,23,22,1,1,0,1,4,0,4
S01012632,Families with dependent children: Youngest aged 12 to 18,24,17,16,14,2,1,1,0,7,2,5
S01012633,All families in households,214,198,177,172,5,21,21,0,16,5,11
S01012633,Families with no dependent children,143,137,124,121,3,13,13,0,6,2,4
S01012633,Families with dependent children: Total,71,61,53,51,2,8,8,0,10,3,7
S01012633,Families with dependent children: Youngest aged 0 to 4,22,16,11,10,1,5,5,0,6,1,5
S01012633,Families with dependent children: Youngest aged 5 to 11,26,24,21,21,0,3,3,0,2,0,2
S01012633,Families with dependent children: Youngest aged 12 to 18,23,21,21,20,1,0,0,0,2,2,0
S01012634,All families in households,200,152,124,121,3,28,21,7,48,10,38
S01012634,Families with no dependent children,127,108,94,93,1,14,13,1,19,8,11
S01012634,Families with dependent children: Total,73,44,30,28,2,14,8,6,29,2,27
S01012634,Families with dependent children: Youngest aged 0 to 4,27,16,9,7,2,7,3,4,11,1,10
S01012634,Families with dependent children: Youngest aged 5 to 11,23,16,12,12,0,4,2,2,7,0,7
S01012634,Families with dependent children: Youngest aged 12 to 18,23,12,9,9,0,3,3,0,11,1,10
S01012635,All families in households,352,307,266,254,12,41,33,8,45,6,39
S01012635,Families with no dependent children,205,190,173,167,6,17,16,1,15,3,12
S01012635,Families with dependent children: Total,147,117,93,87,6,24,17,7,30,3,27
S01012635,Families with dependent children: Youngest aged 0 to 4,60,51,36,35,1,15,14,1,9,1,8
S01012635,Families with dependent children: Youngest aged 5 to 11,42,29,24,23,1,5,3,2,13,1,12
S01012635,Families with dependent children: Youngest aged 12 to 18,45,37,33,29,4,4,0,4,8,1,7
S01012636,All families in households,199,176,142,138,4,34,25,9,23,3,20
S01012636,Families with no dependent children,124,116,95,94,1,21,21,0,8,2,6
S01012636,Families with dependent children: Total,75,60,47,44,3,13,4,9,15,1,14
S01012636,Families with dependent children: Youngest aged 0 to 4,30,21,15,14,1,6,2,4,9,0,9
S01012636,Families with dependent children: Youngest aged 5 to 11,22,20,17,16,1,3,2,1,2,1,1
S01012636,Families with dependent children: Youngest aged 12 to 18,23,19,15,14,1,4,0,4,4,0,4
S01012637,All families in households,248,178,130,124,6,48,41,7,70,10,60
S01012637,Families with no dependent children,127,102,82,81,1,20,18,2,25,7,18
S01012637,Families with dependent children: Total,121,76,48,43,5,28,23,5,45,3,42
S01012637,Families with dependent children: Youngest aged 0 to 4,47,33,16,16,0,17,15,2,14,1,13
S01012637,Families with dependent children: Youngest aged 5 to 11,42,27,19,16,3,8,6,2,15,0,15
S01012637,Families with dependent children: Youngest aged 12 to 18,32,16,13,11,2,3,2,1,16,2,14
S01012638,All families in households,251,208,176,175,1,32,25,7,43,5,38
S01012638,Families with no dependent children,147,132,118,117,1,14,13,1,15,5,10
S01012638,Families with dependent children: Total,104,76,58,58,0,18,12,6,28,0,28
S01012638,Families with dependent children: Youngest aged 0 to 4,37,30,19,19,0,11,9,2,7,0,7
S01012638,Families with dependent children: Youngest aged 5 to 11,30,19,18,18,0,1,0,1,11,0,11
S01012638,Families with dependent children: Youngest aged 12 to 18,37,27,21,21,0,6,3,3,10,0,10
S01012639,All families in households,250,201,171,162,9,30,30,0,49,7,42
S01012639,Families with no dependent children,138,122,106,103,3,16,16,0,16,5,11
S01012639,Families with dependent children: Total,112,79,65,59,6,14,14,0,33,2,31
S01012639,Families with dependent children: Youngest aged 0 to 4,32,23,16,15,1,7,7,0,9,0,9
S01012639,Families with dependent children: Youngest aged 5 to 11,50,34,29,25,4,5,5,0,16,0,16
S01012639,Families with dependent children: Youngest aged 12 to 18,30,22,20,19,1,2,2,0,8,2,6
S01012640,All families in households,283,212,148,140,8,64,56,8,71,14,57
S01012640,Families with no dependent children,181,158,124,119,5,34,33,1,23,6,17
S01012640,Families with dependent children: Total,102,54,24,21,3,30,23,7,48,8,40
S01012640,Families with dependent children: Youngest aged 0 to 4,39,23,6,6,0,17,15,2,16,2,14
S01012640,Families with dependent children: Youngest aged 5 to 11,31,15,4,3,1,11,6,5,16,0,16
S01012640,Families with dependent children: Youngest aged 12 to 18,32,16,14,12,2,2,2,0,16,6,10
S01012641,All families in households,282,235,194,191,3,41,35,6,47,6,41
S01012641,Families with no dependent children,169,162,137,137,0,25,23,2,7,5,2
S01012641,Families with dependent children: Total,113,73,57,54,3,16,12,4,40,1,39
S01012641,Families with dependent children: Youngest aged 0 to 4,35,21,12,11,1,9,7,2,14,0,14
S01012641,Families with dependent children: Youngest aged 5 to 11,43,29,23,22,1,6,4,2,14,0,14
S01012641,Families with dependent children: Youngest aged 12 to 18,35,23,22,21,1,1,1,0,12,1,11
S01012642,All families in households,236,160,120,115,5,40,34,6,76,5,71
S01012642,Families with no dependent children,133,108,87,85,2,21,18,3,25,5,20
S01012642,Families with dependent children: Total,103,52,33,30,3,19,16,3,51,0,51
S01012642,Families with dependent children: Youngest aged 0 to 4,42,24,12,10,2,12,11,1,18,0,18
S01012642,Families with dependent children: Youngest aged 5 to 11,33,16,11,11,0,5,4,1,17,0,17
S01012642,Families with dependent children: Youngest aged 12 to 18,28,12,10,9,1,2,1,1,16,0,16
S01012643,All families in households,151,123,100,96,4,23,20,3,28,3,25
S01012643,Families with no dependent children,90,85,74,73,1,11,10,1,5,0,5
S01012643,Families with dependent children: Total,61,38,26,23,3,12,10,2,23,3,20
S01012643,Families with dependent children: Youngest aged 0 to 4,16,11,5,5,0,6,5,1,5,0,5
S01012643,Families with dependent children: Youngest aged 5 to 11,21,11,7,5,2,4,4,0,10,2,8
S01012643,Families with dependent children: Youngest aged 12 to 18,24,16,14,13,1,2,1,1,8,1,7
S01012644,All families in households,209,150,119,114,5,31,29,2,59,8,51
S01012644,Families with no dependent children,99,76,64,63,1,12,12,0,23,4,19
S01012644,Families with dependent children: Total,110,74,55,51,4,19,17,2,36,4,32
S01012644,Families with dependent children: Youngest aged 0 to 4,49,35,21,20,1,14,13,1,14,0,14
S01012644,Families with dependent children: Youngest aged 5 to 11,41,23,21,20,1,2,2,0,18,2,16
S01012644,Families with dependent children: Youngest aged 12 to 18,20,16,13,11,2,3,2,1,4,2,2
S01012645,All families in households,217,194,169,160,9,25,24,1,23,1,22
S01012645,Families with no dependent children,126,115,100,98,2,15,15,0,11,1,10
S01012645,Families with dependent children: Total,91,79,69,62,7,10,9,1,12,0,12
S01012645,Families with dependent children: Youngest aged 0 to 4,31,27,21,19,2,6,5,1,4,0,4
S01012645,Families with dependent children: Youngest aged 5 to 11,35,29,25,24,1,4,4,0,6,0,6
S01012645,Families with dependent children: Youngest aged 12 to 18,25,23,23,19,4,0,0,0,2,0,2
S01012646,All families in households,289,259,224,211,13,35,28,7,30,4,26
S01012646,Families with no dependent children,162,149,128,125,3,21,18,3,13,3,10
S01012646,Families with dependent children: Total,127,110,96,86,10,14,10,4,17,1,16
S01012646,Families with dependent children: Youngest aged 0 to 4,41,35,27,23,4,8,7,1,6,0,6
S01012646,Families with dependent children: Youngest aged 5 to 11,55,51,47,44,3,4,3,1,4,0,4
S01012646,Families with dependent children: Youngest aged 12 to 18,31,24,22,19,3,2,0,2,7,1,6
S01012647,All families in households,224,199,150,145,5,49,44,5,25,3,22
S01012647,Families with no dependent children,91,89,57,56,1,32,32,0,2,2,0
S01012647,Families with dependent children: Total,133,110,93,89,4,17,12,5,23,1,22
S01012647,Families with dependent children: Youngest aged 0 to 4,66,59,45,45,0,14,11,3,7,0,7
S01012647,Families with dependent children: Youngest aged 5 to 11,46,36,34,32,2,2,1,1,10,0,10
S01012647,Families with dependent children: Youngest aged 12 to 18,21,15,14,12,2,1,0,1,6,1,5
S01012648,All families in households,171,110,88,83,5,22,18,4,61,7,54
S01012648,Families with no dependent children,94,71,62,61,1,9,8,1,23,2,21
S01012648,Families with dependent children: Total,77,39,26,22,4,13,10,3,38,5,33
S01012648,Families with dependent children: Youngest aged 0 to 4,32,15,8,6,2,7,5,2,17,2,15
S01012648,Families with dependent children: Youngest aged 5 to 11,25,16,11,9,2,5,4,1,9,0,9
S01012648,Families with dependent children: Youngest aged 12 to 18,20,8,7,7,0,1,1,0,12,3,9
S01012649,All families in households,191,154,133,130,3,21,18,3,37,8,29
S01012649,Families with no dependent children,104,97,85,84,1,12,10,2,7,3,4
S01012649,Families with dependent children: Total,87,57,48,46,2,9,8,1,30,5,25
S01012649,Families with dependent children: Youngest aged 0 to 4,31,20,16,15,1,4,4,0,11,4,7
S01012649,Families with dependent children: Youngest aged 5 to 11,29,19,16,15,1,3,3,0,10,0,10
S01012649,Families with dependent children: Youngest aged 12 to 18,27,18,16,16,0,2,1,1,9,1,8
S01012650,All families in households,181,164,146,142,4,18,17,1,17,1,16
S01012650,Families with no dependent children,125,119,109,106,3,10,9,1,6,0,6
S01012650,Families with dependent children: Total,56,45,37,36,1,8,8,0,11,1,10
S01012650,Families with dependent children: Youngest aged 0 to 4,10,8,4,4,0,4,4,0,2,0,2
S01012650,Families with dependent children: Youngest aged 5 to 11,25,20,16,15,1,4,4,0,5,0,5
S01012650,Families with dependent children: Youngest aged 12 to 18,21,17,17,17,0,0,0,0,4,1,3
S01012651,All families in households,182,131,101,97,4,30,25,5,51,3,48
S01012651,Families with no dependent children,104,88,75,74,1,13,12,1,16,3,13
S01012651,Families with dependent children: Total,78,43,26,23,3,17,13,4,35,0,35
S01012651,Families with dependent children: Youngest aged 0 to 4,29,14,5,5,0,9,7,2,15,0,15
S01012651,Families with dependent children: Youngest aged 5 to 11,28,18,13,11,2,5,4,1,10,0,10
S01012651,Families with dependent children: Youngest aged 12 to 18,21,11,8,7,1,3,2,1,10,0,10
S01012652,All families in households,333,309,278,272,6,31,27,4,24,7,17
S01012652,Families with no dependent children,225,217,199,196,3,18,17,1,8,5,3
S01012652,Families with dependent children: Total,108,92,79,76,3,13,10,3,16,2,14
S01012652,Families with dependent children: Youngest aged 0 to 4,36,27,21,20,1,6,6,0,9,1,8
S01012652,Families with dependent children: Youngest aged 5 to 11,42,39,33,32,1,6,4,2,3,0,3
S01012652,Families with dependent children: Youngest aged 12 to 18,30,26,25,24,1,1,0,1,4,1,3
S01012653,All families in households,261,192,144,133,11,48,40,8,69,8,61
S01012653,Families with no dependent children,136,112,92,89,3,20,19,1,24,3,21
S01012653,Families with dependent children: Total,125,80,52,44,8,28,21,7,45,5,40
S01012653,Families with dependent children: Youngest aged 0 to 4,44,29,15,14,1,14,11,3,15,2,13
S01012653,Families with dependent children: Youngest aged 5 to 11,42,27,17,14,3,10,7,3,15,1,14
S01012653,Families with dependent children: Youngest aged 12 to 18,39,24,20,16,4,4,3,1,15,2,13
S01012654,All families in households,229,204,176,171,5,28,23,5,25,6,19
S01012654,Families with no dependent children,132,124,113,110,3,11,11,0,8,4,4
S01012654,Families with dependent children: Total,97,80,63,61,2,17,12,5,17,2,15
S01012654,Families with dependent children: Youngest aged 0 to 4,40,32,25,24,1,7,5,2,8,1,7
S01012654,Families with dependent children: Youngest aged 5 to 11,38,31,25,25,0,6,5,1,7,0,7
S01012654,Families with dependent children: Youngest aged 12 to 18,19,17,13,12,1,4,2,2,2,1,1
S01012655,All families in households,321,260,215,206,9,45,38,7,61,5,56
S01012655,Families with no dependent children,202,182,156,153,3,26,26,0,20,5,15
S01012655,Families with dependent children: Total,119,78,59,53,6,19,12,7,41,0,41
S01012655,Families with dependent children: Youngest aged 0 to 4,50,29,17,15,2,12,9,3,21,0,21
S01012655,Families with dependent children: Youngest aged 5 to 11,36,29,25,24,1,4,3,1,7,0,7
S01012655,Families with dependent children: Youngest aged 12 to 18,33,20,17,14,3,3,0,3,13,0,13
S01012656,All families in households,225,172,133,127,6,39,34,5,53,5,48
S01012656,Families with no dependent children,132,116,97,96,1,19,18,1,16,1,15
S01012656,Families with dependent children: Total,93,56,36,31,5,20,16,4,37,4,33
S01012656,Families with dependent children: Youngest aged 0 to 4,36,24,14,12,2,10,9,1,12,1,11
S01012656,Families with dependent children: Youngest aged 5 to 11,36,20,13,11,2,7,6,1,16,3,13
S01012656,Families with dependent children: Youngest aged 12 to 18,21,12,9,8,1,3,1,2,9,0,9
S01012657,All families in households,157,116,97,91,6,19,18,1,41,1,40
S01012657,Families with no dependent children,85,72,61,59,2,11,10,1,13,1,12
S01012657,Families with dependent children: Total,72,44,36,32,4,8,8,0,28,0,28
S01012657,Families with dependent children: Youngest aged 0 to 4,26,16,11,10,1,5,5,0,10,0,10
S01012657,Families with dependent children: Youngest aged 5 to 11,21,11,9,7,2,2,2,0,10,0,10
S01012657,Families with dependent children: Youngest aged 12 to 18,25,17,16,15,1,1,1,0,8,0,8
S01012658,All families in households,293,265,237,232,5,28,27,1,28,4,24
S01012658,Families with no dependent children,201,192,175,172,3,17,16,1,9,2,7
S01012658,Families with dependent children: Total,92,73,62,60,2,11,11,0,19,2,17
S01012658,Families with dependent children: Youngest aged 0 to 4,33,24,21,21,0,3,3,0,9,0,9
S01012658,Families with dependent children: Youngest aged 5 to 11,30,24,18,17,1,6,6,0,6,1,5
S01012658,Families with dependent children: Youngest aged 12 to 18,29,25,23,22,1,2,2,0,4,1,3
S01012659,All families in households,319,288,256,246,10,32,31,1,31,1,30
S01012659,Families with no dependent children,131,125,109,105,4,16,16,0,6,0,6
S01012659,Families with dependent children: Total,188,163,147,141,6,16,15,1,25,1,24
S01012659,Families with dependent children: Youngest aged 0 to 4,72,67,54,52,2,13,13,0,5,0,5
S01012659,Families with dependent children: Youngest aged 5 to 11,77,63,60,58,2,3,2,1,14,0,14
S01012659,Families with dependent children: Youngest aged 12 to 18,39,33,33,31,2,0,0,0,6,1,5
S01012660,All families in households,202,152,132,126,6,20,18,2,50,7,43
S01012660,Families with no dependent children,116,98,86,85,1,12,12,0,18,5,13
S01012660,Families with dependent children: Total,86,54,46,41,5,8,6,2,32,2,30
S01012660,Families with dependent children: Youngest aged 0 to 4,36,22,17,16,1,5,4,1,14,0,14
S01012660,Families with dependent children: Youngest aged 5 to 11,27,19,16,13,3,3,2,1,8,0,8
S01012660,Families with dependent children: Youngest aged 12 to 18,23,13,13,12,1,0,0,0,10,2,8
S01012661,All families in households,236,195,163,157,6,32,26,6,41,6,35
S01012661,Families with no dependent children,161,140,117,115,2,23,20,3,21,6,15
S01012661,Families with dependent children: Total,75,55,46,42,4,9,6,3,20,0,20
S01012661,Families with dependent children: Youngest aged 0 to 4,24,17,13,13,0,4,4,0,7,0,7
S01012661,Families with dependent children: Youngest aged 5 to 11,20,14,10,8,2,4,1,3,6,0,6
S01012661,Families with dependent children: Youngest aged 12 to 18,31,24,23,21,2,1,1,0,7,0,7
S01012662,All families in households,221,168,137,133,4,31,29,2,53,5,48
S01012662,Families with no dependent children,143,126,108,107,1,18,18,0,17,4,13
S01012662,Families with dependent children: Total,78,42,29,26,3,13,11,2,36,1,35
S01012662,Families with dependent children: Youngest aged 0 to 4,24,11,6,6,0,5,5,0,13,0,13
S01012662,Families with dependent children: Youngest aged 5 to 11,34,12,7,6,1,5,5,0,22,1,21
S01012662,Families with dependent children: Youngest aged 12 to 18,20,19,16,14,2,3,1,2,1,0,1
S01012663,All families in households,228,202,178,175,3,24,22,2,26,3,23
S01012663,Families with no dependent children,157,150,133,130,3,17,17,0,7,2,5
S01012663,Families with dependent children: Total,71,52,45,45,0,7,5,2,19,1,18
S01012663,Families with dependent children: Youngest aged 0 to 4,17,13,8,8,0,5,4,1,4,1,3
S01012663,Families with dependent children: Youngest aged 5 to 11,30,19,19,19,0,0,0,0,11,0,11
S01012663,Families with dependent children: Youngest aged 12 to 18,24,20,18,18,0,2,1,1,4,0,4
S01012664,All families in households,251,207,172,170,2,35,31,4,44,9,35
S01012664,Families with no dependent children,152,138,115,115,0,23,22,1,14,7,7
S01012664,Families with dependent children: Total,99,69,57,55,2,12,9,3,30,2,28
S01012664,Families with dependent children: Youngest aged 0 to 4,39,26,18,17,1,8,7,1,13,1,12
S01012664,Families with dependent children: Youngest aged 5 to 11,35,21,19,19,0,2,1,1,14,1,13
S01012664,Families with dependent children: Youngest aged 12 to 18,25,22,20,19,1,2,1,1,3,0,3
S01012665,All families in households,221,147,119,114,5,28,25,3,74,6,68
S01012665,Families with no dependent children,116,103,89,86,3,14,13,1,13,4,9
S01012665,Families with dependent children: Total,105,44,30,28,2,14,12,2,61,2,59
S01012665,Families with dependent children: Youngest aged 0 to 4,48,19,8,8,0,11,9,2,29,2,27
S01012665,Families with dependent children: Youngest aged 5 to 11,31,12,9,9,0,3,3,0,19,0,19
S01012665,Families with dependent children: Youngest aged 12 to 18,26,13,13,11,2,0,0,0,13,0,13
S01012666,All families in households,199,142,116,113,3,26,22,4,57,5,52
S01012666,Families with no dependent children,131,113,98,96,2,15,15,0,18,4,14
S01012666,Families with dependent children: Total,68,29,18,17,1,11,7,4,39,1,38
S01012666,Families with dependent children: Youngest aged 0 to 4,18,7,3,3,0,4,3,1,11,0,11
S01012666,Families with dependent children: Youngest aged 5 to 11,36,14,9,9,0,5,3,2,22,0,22
S01012666,Families with dependent children: Youngest aged 12 to 18,14,8,6,5,1,2,1,1,6,1,5
S01012667,All families in households,171,116,92,86,6,24,19,5,55,14,41
S01012667,Families with no dependent children,96,77,67,65,2,10,8,2,19,5,14
S01012667,Families with dependent children: Total,75,39,25,21,4,14,11,3,36,9,27
S01012667,Families with dependent children: Youngest aged 0 to 4,26,13,5,5,0,8,7,1,13,3,10
S01012667,Families with dependent children: Youngest aged 5 to 11,28,14,10,8,2,4,3,1,14,5,9
S01012667,Families with dependent children: Youngest aged 12 to 18,21,12,10,8,2,2,1,1,9,1,8
S01012668,All families in households,217,149,115,109,6,34,26,8,68,10,58
S01012668,Families with no dependent children,108,85,68,64,4,17,14,3,23,7,16
S01012668,Families with dependent children: Total,109,64,47,45,2,17,12,5,45,3,42
S01012668,Families with dependent children: Youngest aged 0 to 4,38,27,18,17,1,9,8,1,11,0,11
S01012668,Families with dependent children: Youngest aged 5 to 11,42,16,10,9,1,6,3,3,26,2,24
S01012668,Families with dependent children: Youngest aged 12 to 18,29,21,19,19,0,2,1,1,8,1,7
S01012669,All families in households,242,211,195,190,5,16,13,3,31,3,28
S01012669,Families with no dependent children,164,148,142,140,2,6,6,0,16,2,14
S01012669,Families with dependent children: Total,78,63,53,50,3,10,7,3,15,1,14
S01012669,Families with dependent children: Youngest aged 0 to 4,26,24,18,17,1,6,6,0,2,0,2
S01012669,Families with dependent children: Youngest aged 5 to 11,19,15,13,13,0,2,1,1,4,0,4
S01012669,Families with dependent children: Youngest aged 12 to 18,33,24,22,20,2,2,0,2,9,1,8
S01012670,All families in households,234,213,190,185,5,23,18,5,21,0,21
S01012670,Families with no dependent children,161,151,141,139,2,10,9,1,10,0,10
S01012670,Families with dependent children: Total,73,62,49,46,3,13,9,4,11,0,11
S01012670,Families with dependent children: Youngest aged 0 to 4,20,17,11,11,0,6,5,1,3,0,3
S01012670,Families with dependent children: Youngest aged 5 to 11,22,19,13,12,1,6,4,2,3,0,3
S01012670,Families with dependent children: Youngest aged 12 to 18,31,26,25,23,2,1,0,1,5,0,5
S01012671,All families in households,274,220,184,177,7,36,27,9,54,7,47
S01012671,Families with no dependent children,154,141,129,126,3,12,11,1,13,2,11
S01012671,Families with dependent children: Total,120,79,55,51,4,24,16,8,41,5,36
S01012671,Families with dependent children: Youngest aged 0 to 4,50,31,23,21,2,8,5,3,19,3,16
S01012671,Families with dependent children: Youngest aged 5 to 11,36,23,13,12,1,10,6,4,13,0,13
S01012671,Families with dependent children: Youngest aged 12 to 18,34,25,19,18,1,6,5,1,9,2,7
S01012672,All families in households,206,130,94,88,6,36,28,8,76,9,67
S01012672,Families with no dependent children,112,83,64,60,4,19,19,0,29,6,23
S01012672,Families with dependent children: Total,94,47,30,28,2,17,9,8,47,3,44
S01012672,Families with dependent children: Youngest aged 0 to 4,35,16,7,6,1,9,7,2,19,0,19
S01012672,Families with dependent children: Youngest aged 5 to 11,42,20,13,12,1,7,2,5,22,1,21
S01012672,Families with dependent children: Youngest aged 12 to 18,17,11,10,10,0,1,0,1,6,2,4
S01012673,All families in households,192,108,84,84,0,24,17,7,84,6,78
S01012673,Families with no dependent children,116,86,71,71,0,15,11,4,30,4,26
S01012673,Families with dependent children: Total,76,22,13,13,0,9,6,3,54,2,52
S01012673,Families with dependent children: Youngest aged 0 to 4,28,7,3,3,0,4,4,0,21,2,19
S01012673,Families with dependent children: Youngest aged 5 to 11,26,9,5,5,0,4,2,2,17,0,17
S01012673,Families with dependent children: Youngest aged 12 to 18,22,6,5,5,0,1,0,1,16,0,16
S01012674,All families in households,166,99,77,74,3,22,18,4,67,13,54
S01012674,Families with no dependent children,80,53,46,45,1,7,6,1,27,7,20
S01012674,Families with dependent children: Total,86,46,31,29,2,15,12,3,40,6,34
S01012674,Families with dependent children: Youngest aged 0 to 4,32,17,10,10,0,7,7,0,15,2,13
S01012674,Families with dependent children: Youngest aged 5 to 11,35,20,12,10,2,8,5,3,15,2,13
S01012674,Families with dependent children: Youngest aged 12 to 18,19,9,9,9,0,0,0,0,10,2,8
S01012675,All families in households,228,156,116,111,5,40,31,9,72,7,65
S01012675,Families with no dependent children,137,109,88,86,2,21,18,3,28,3,25
S01012675,Families with dependent children: Total,91,47,28,25,3,19,13,6,44,4,40
S01012675,Families with dependent children: Youngest aged 0 to 4,37,20,8,8,0,12,9,3,17,0,17
S01012675,Families with dependent children: Youngest aged 5 to 11,30,16,13,13,0,3,2,1,14,2,12
S01012675,Families with dependent children: Youngest aged 12 to 18,24,11,7,4,3,4,2,2,13,2,11
S01012676,All families in households,243,185,155,140,15,30,22,8,58,7,51
S01012676,Families with no dependent children,122,106,90,85,5,16,13,3,16,3,13
S01012676,Families with dependent children: Total,121,79,65,55,10,14,9,5,42,4,38
S01012676,Families with dependent children: Youngest aged 0 to 4,45,32,22,19,3,10,7,3,13,1,12
S01012676,Families with dependent children: Youngest aged 5 to 11,44,22,21,16,5,1,1,0,22,1,21
S01012676,Families with dependent children: Youngest aged 12 to 18,32,25,22,20,2,3,1,2,7,2,5
S01012677,All families in households,178,131,101,97,4,30,22,8,47,7,40
S01012677,Families with no dependent children,113,92,78,74,4,14,11,3,21,3,18
S01012677,Families with dependent children: Total,65,39,23,23,0,16,11,5,26,4,22
S01012677,Families with dependent children: Youngest aged 0 to 4,26,15,6,6,0,9,7,2,11,1,10
S01012677,Families with dependent children: Youngest aged 5 to 11,23,15,10,10,0,5,3,2,8,1,7
S01012677,Families with dependent children: Youngest aged 12 to 18,16,9,7,7,0,2,1,1,7,2,5
S01012678,All families in households,230,192,159,156,3,33,30,3,38,6,32
S01012678,Families with no dependent children,123,113,91,91,0,22,22,0,10,2,8
S01012678,Families with dependent children: Total,107,79,68,65,3,11,8,3,28,4,24
S01012678,Families with dependent children: Youngest aged 0 to 4,39,29,24,23,1,5,5,0,10,0,10
S01012678,Families with dependent children: Youngest aged 5 to 11,28,23,20,19,1,3,2,1,5,0,5
S01012678,Families with dependent children: Youngest aged 12 to 18,40,27,24,23,1,3,1,2,13,4,9
S01012679,All families in households,245,207,172,170,2,35,30,5,38,9,29
S01012679,Families with no dependent children,162,149,124,124,0,25,23,2,13,5,8
S01012679,Families with dependent children: Total,83,58,48,46,2,10,7,3,25,4,21
S01012679,Families with dependent children: Youngest aged 0 to 4,27,20,18,16,2,2,1,1,7,0,7
S01012679,Families with dependent children: Youngest aged 5 to 11,41,27,19,19,0,8,6,2,14,1,13
S01012679,Families with dependent children: Youngest aged 12 to 18,15,11,11,11,0,0,0,0,4,3,1
S01012680,All families in households,172,154,137,132,5,17,15,2,18,3,15
S01012680,Families with no dependent children,92,87,79,77,2,8,8,0,5,2,3
S01012680,Families with dependent children: Total,80,67,58,55,3,9,7,2,13,1,12
S01012680,Families with dependent children: Youngest aged 0 to 4,30,27,20,19,1,7,6,1,3,0,3
S01012680,Families with dependent children: Youngest aged 5 to 11,30,27,26,25,1,1,0,1,3,0,3
S01012680,Families with dependent children: Youngest aged 12 to 18,20,13,12,11,1,1,1,0,7,1,6
S01012681,All families in households,205,165,134,127,7,31,24,7,40,7,33
S01012681,Families with no dependent children,118,106,88,86,2,18,17,1,12,6,6
S01012681,Families with dependent children: Total,87,59,46,41,5,13,7,6,28,1,27
S01012681,Families with dependent children: Youngest aged 0 to 4,43,26,18,16,2,8,6,2,17,0,17
S01012681,Families with dependent children: Youngest aged 5 to 11,21,17,15,15,0,2,0,2,4,0,4
S01012681,Families with dependent children: Youngest aged 12 to 18,23,16,13,10,3,3,1,2,7,1,6
S01012682,All families in households,214,194,166,164,2,28,25,3,20,4,16
S01012682,Families with no dependent children,152,146,123,123,0,23,21,2,6,1,5
S01012682,Families with dependent children: Total,62,48,43,41,2,5,4,1,14,3,11
S01012682,Families with dependent children: Youngest aged 0 to 4,15,14,10,10,0,4,4,0,1,0,1
S01012682,Families with dependent children: Youngest aged 5 to 11,25,15,15,15,0,0,0,0,10,2,8
S01012682,Families with dependent children: Youngest aged 12 to 18,22,19,18,16,2,1,0,1,3,1,2
S01012683,All families in households,227,169,131,125,6,38,34,4,58,7,51
S01012683,Families with no dependent children,123,104,94,91,3,10,10,0,19,5,14
S01012683,Families with dependent children: Total,104,65,37,34,3,28,24,4,39,2,37
S01012683,Families with dependent children: Youngest aged 0 to 4,49,29,11,10,1,18,17,1,20,1,19
S01012683,Families with dependent children: Youngest aged 5 to 11,30,21,13,12,1,8,6,2,9,0,9
S01012683,Families with dependent children: Youngest aged 12 to 18,25,15,13,12,1,2,1,1,10,1,9
S01012684,All families in households,150,127,114,108,6,13,9,4,23,1,22
S01012684,Families with no dependent children,73,68,64,60,4,4,3,1,5,1,4
S01012684,Families with dependent children: Total,77,59,50,48,2,9,6,3,18,0,18
S01012684,Families with dependent children: Youngest aged 0 to 4,30,28,24,24,0,4,3,1,2,0,2
S01012684,Families with dependent children: Youngest aged 5 to 11,30,20,16,16,0,4,2,2,10,0,10
S01012684,Families with dependent children: Youngest aged 12 to 18,17,11,10,8,2,1,1,0,6,0,6
S01012685,All families in households,237,176,142,135,7,34,30,4,61,6,55
S01012685,Families with no dependent children,131,113,93,89,4,20,18,2,18,2,16
S01012685,Families with dependent children: Total,106,63,49,46,3,14,12,2,43,4,39
S01012685,Families with dependent children: Youngest aged 0 to 4,38,31,23,23,0,8,7,1,7,0,7
S01012685,Families with dependent children: Youngest aged 5 to 11,35,18,15,13,2,3,2,1,17,3,14
S01012685,Families with dependent children: Youngest aged 12 to 18,33,14,11,10,1,3,3,0,19,1,18
S01012686,All families in households,284,249,215,208,7,34,29,5,35,8,27
S01012686,Families with no dependent children,175,165,141,139,2,24,22,2,10,4,6
S01012686,Families with dependent children: Total,109,84,74,69,5,10,7,3,25,4,21
S01012686,Families with dependent children: Youngest aged 0 to 4,35,30,24,23,1,6,6,0,5,0,5
S01012686,Families with dependent children: Youngest aged 5 to 11,38,30,26,24,2,4,1,3,8,3,5
S01012686,Families with dependent children: Youngest aged 12 to 18,36,24,24,22,2,0,0,0,12,1,11
S01012687,All families in households,174,164,156,154,2,8,5,3,10,2,8
S01012687,Families with no dependent children,125,122,119,118,1,3,3,0,3,0,3
S01012687,Families with dependent children: Total,49,42,37,36,1,5,2,3,7,2,5
S01012687,Families with dependent children: Youngest aged 0 to 4,14,14,13,12,1,1,1,0,0,0,0
S01012687,Families with dependent children: Youngest aged 5 to 11,14,10,7,7,0,3,1,2,4,2,2
S01012687,Families with dependent children: Youngest aged 12 to 18,21,18,17,17,0,1,0,1,3,0,3
S01012688,All families in households,200,167,125,119,6,42,38,4,33,5,28
S01012688,Families with no dependent children,132,123,88,85,3,35,33,2,9,4,5
S01012688,Families with dependent children: Total,68,44,37,34,3,7,5,2,24,1,23
S01012688,Families with dependent children: Youngest aged 0 to 4,23,19,14,13,1,5,5,0,4,0,4
S01012688,Families with dependent children: Youngest aged 5 to 11,21,14,12,12,0,2,0,2,7,0,7
S01012688,Families with dependent children: Youngest aged 12 to 18,24,11,11,9,2,0,0,0,13,1,12
S01012689,All families in households,159,135,124,121,3,11,9,2,24,2,22
S01012689,Families with no dependent children,101,94,85,84,1,9,8,1,7,1,6
S01012689,Families with dependent children: Total,58,41,39,37,2,2,1,1,17,1,16
S01012689,Families with dependent children: Youngest aged 0 to 4,17,13,13,13,0,0,0,0,4,0,4
S01012689,Families with dependent children: Youngest aged 5 to 11,17,10,8,7,1,2,1,1,7,0,7
S01012689,Families with dependent children: Youngest aged 12 to 18,24,18,18,17,1,0,0,0,6,1,5
S01012690,All families in households,172,153,140,130,10,13,11,2,19,0,19
S01012690,Families with no dependent children,108,98,90,88,2,8,7,1,10,0,10
S01012690,Families with dependent children: Total,64,55,50,42,8,5,4,1,9,0,9
S01012690,Families with dependent children: Youngest aged 0 to 4,17,14,12,9,3,2,2,0,3,0,3
S01012690,Families with dependent children: Youngest aged 5 to 11,27,24,22,19,3,2,2,0,3,0,3
S01012690,Families with dependent children: Youngest aged 12 to 18,20,17,16,14,2,1,0,1,3,0,3
S01012691,All families in households,227,198,186,177,9,12,9,3,29,6,23
S01012691,Families with no dependent children,119,109,102,100,2,7,6,1,10,1,9
S01012691,Families with dependent children: Total,108,89,84,77,7,5,3,2,19,5,14
S01012691,Families with dependent children: Youngest aged 0 to 4,33,31,29,28,1,2,2,0,2,0,2
S01012691,Families with dependent children: Youngest aged 5 to 11,42,31,30,28,2,1,1,0,11,0,11
S01012691,Families with dependent children: Youngest aged 12 to 18,33,27,25,21,4,2,0,2,6,5,1
S01012692,All families in households,225,180,158,153,5,22,18,4,45,5,40
S01012692,Families with no dependent children,134,118,107,105,2,11,10,1,16,4,12
S01012692,Families with dependent children: Total,91,62,51,48,3,11,8,3,29,1,28
S01012692,Families with dependent children: Youngest aged 0 to 4,31,24,18,18,0,6,6,0,7,0,7
S01012692,Families with dependent children: Youngest aged 5 to 11,31,19,15,14,1,4,2,2,12,1,11
S01012692,Families with dependent children: Youngest aged 12 to 18,29,19,18,16,2,1,0,1,10,0,10
S01012693,All families in households,281,254,235,231,4,19,16,3,27,1,26
S01012693,Families with no dependent children,147,141,132,132,0,9,9,0,6,0,6
S01012693,Families with dependent children: Total,134,113,103,99,4,10,7,3,21,1,20
S01012693,Families with dependent children: Youngest aged 0 to 4,28,27,21,20,1,6,5,1,1,0,1
S01012693,Families with dependent children: Youngest aged 5 to 11,44,39,38,37,1,1,1,0,5,0,5
S01012693,Families with dependent children: Youngest aged 12 to 18,62,47,44,42,2,3,1,2,15,1,14
S01012694,All families in households,148,129,107,102,5,22,18,4,19,2,17
S01012694,Families with no dependent children,82,78,64,64,0,14,13,1,4,0,4
S01012694,Families with dependent children: Total,66,51,43,38,5,8,5,3,15,2,13
S01012694,Families with dependent children: Youngest aged 0 to 4,25,22,15,14,1,7,5,2,3,0,3
S01012694,Families with dependent children: Youngest aged 5 to 11,30,22,21,18,3,1,0,1,8,2,6
S01012694,Families with dependent children: Youngest aged 12 to 18,11,7,7,6,1,0,0,0,4,0,4
S01012695,All families in households,260,233,201,193,8,32,29,3,27,3,24
S01012695,Families with no dependent children,159,146,128,124,4,18,17,1,13,2,11
S01012695,Families with dependent children: Total,101,87,73,69,4,14,12,2,14,1,13
S01012695,Families with dependent children: Youngest aged 0 to 4,33,30,24,24,0,6,6,0,3,0,3
S01012695,Families with dependent children: Youngest aged 5 to 11,42,34,30,29,1,4,4,0,8,1,7
S01012695,Families with dependent children: Youngest aged 12 to 18,26,23,19,16,3,4,2,2,3,0,3
S01012696,All families in households,208,194,172,165,7,22,19,3,14,5,9
S01012696,Families with no dependent children,127,121,106,104,2,15,15,0,6,1,5
S01012696,Families with dependent children: Total,81,73,66,61,5,7,4,3,8,4,4
S01012696,Families with dependent children: Youngest aged 0 to 4,21,20,19,17,2,1,1,0,1,0,1
S01012696,Families with dependent children: Youngest aged 5 to 11,34,32,28,27,1,4,3,1,2,1,1
S01012696,Families with dependent children: Youngest aged 12 to 18,26,21,19,17,2,2,0,2,5,3,2
S01012697,All families in households,163,145,136,132,4,9,9,0,18,2,16
S01012697,Families with no dependent children,101,93,88,88,0,5,5,0,8,1,7
S01012697,Families with dependent children: Total,62,52,48,44,4,4,4,0,10,1,9
S01012697,Families with dependent children: Youngest aged 0 to 4,24,20,18,15,3,2,2,0,4,0,4
S01012697,Families with dependent children: Youngest aged 5 to 11,23,18,16,16,0,2,2,0,5,1,4
S01012697,Families with dependent children: Youngest aged 12 to 18,15,14,14,13,1,0,0,0,1,0,1
S01012698,All families in households,251,226,199,196,3,27,25,2,25,4,21
S01012698,Families with no dependent children,192,177,159,157,2,18,18,0,15,2,13
S01012698,Families with dependent children: Total,59,49,40,39,1,9,7,2,10,2,8
S01012698,Families with dependent children: Youngest aged 0 to 4,20,18,12,12,0,6,5,1,2,1,1
S01012698,Families with dependent children: Youngest aged 5 to 11,22,19,17,16,1,2,1,1,3,1,2
S01012698,Families with dependent children: Youngest aged 12 to 18,17,12,11,11,0,1,1,0,5,0,5
S01012699,All families in households,322,262,236,224,12,26,22,4,60,6,54
S01012699,Families with no dependent children,188,170,157,149,8,13,11,2,18,2,16
S01012699,Families with dependent children: Total,134,92,79,75,4,13,11,2,42,4,38
S01012699,Families with dependent children: Youngest aged 0 to 4,34,23,18,18,0,5,5,0,11,0,11
S01012699,Families with dependent children: Youngest aged 5 to 11,57,42,36,34,2,6,5,1,15,1,14
S01012699,Families with dependent children: Youngest aged 12 to 18,43,27,25,23,2,2,1,1,16,3,13
S01012700,All families in households,248,220,199,196,3,21,14,7,28,1,27
S01012700,Families with no dependent children,140,133,121,120,1,12,9,3,7,0,7
S01012700,Families with dependent children: Total,108,87,78,76,2,9,5,4,21,1,20
S01012700,Families with dependent children: Youngest aged 0 to 4,22,15,10,9,1,5,4,1,7,0,7
S01012700,Families with dependent children: Youngest aged 5 to 11,41,34,32,32,0,2,1,1,7,1,6
S01012700,Families with dependent children: Youngest aged 12 to 18,45,38,36,35,1,2,0,2,7,0,7
S01012701,All families in households,184,163,149,146,3,14,12,2,21,3,18
S01012701,Families with no dependent children,121,110,101,100,1,9,7,2,11,3,8
S01012701,Families with dependent children: Total,63,53,48,46,2,5,5,0,10,0,10
S01012701,Families with dependent children: Youngest aged 0 to 4,11,10,9,9,0,1,1,0,1,0,1
S01012701,Families with dependent children: Youngest aged 5 to 11,25,21,19,18,1,2,2,0,4,0,4
S01012701,Families with dependent children: Youngest aged 12 to 18,27,22,20,19,1,2,2,0,5,0,5
S01012702,All families in households,175,153,122,118,4,31,29,2,22,4,18
S01012702,Families with no dependent children,106,99,79,78,1,20,20,0,7,3,4
S01012702,Families with dependent children: Total,69,54,43,40,3,11,9,2,15,1,14
S01012702,Families with dependent children: Youngest aged 0 to 4,33,29,21,19,2,8,8,0,4,0,4
S01012702,Families with dependent children: Youngest aged 5 to 11,20,14,14,14,0,0,0,0,6,1,5
S01012702,Families with dependent children: Youngest aged 12 to 18,16,11,8,7,1,3,1,2,5,0,5
S01012703,All families in households,175,158,141,140,1,17,13,4,17,0,17
S01012703,Families with no dependent children,79,74,62,62,0,12,10,2,5,0,5
S01012703,Families with dependent children: Total,96,84,79,78,1,5,3,2,12,0,12
S01012703,Families with dependent children: Youngest aged 0 to 4,33,30,27,27,0,3,2,1,3,0,3
S01012703,Families with dependent children: Youngest aged 5 to 11,26,23,23,22,1,0,0,0,3,0,3
S01012703,Families with dependent children: Youngest aged 12 to 18,37,31,29,29,0,2,1,1,6,0,6
S01012704,All families in households,225,162,131,125,6,31,28,3,63,6,57
S01012704,Families with no dependent children,107,87,75,69,6,12,11,1,20,2,18
S01012704,Families with dependent children: Total,118,75,56,56,0,19,17,2,43,4,39
S01012704,Families with dependent children: Youngest aged 0 to 4,50,31,24,24,0,7,6,1,19,2,17
S01012704,Families with dependent children: Youngest aged 5 to 11,41,27,18,18,0,9,8,1,14,0,14
S01012704,Families with dependent children: Youngest aged 12 to 18,27,17,14,14,0,3,3,0,10,2,8
S01012705,All families in households,228,208,190,181,9,18,14,4,20,4,16
S01012705,Families with no dependent children,95,90,78,73,5,12,11,1,5,1,4
S01012705,Families with dependent children: Total,133,118,112,108,4,6,3,3,15,3,12
S01012705,Families with dependent children: Youngest aged 0 to 4,35,33,29,28,1,4,2,2,2,1,1
S01012705,Families with dependent children: Youngest aged 5 to 11,48,44,43,42,1,1,0,1,4,1,3
S01012705,Families with dependent children: Youngest aged 12 to 18,50,41,40,38,2,1,1,0,9,1,8
S01012706,All families in households,201,145,127,124,3,18,17,1,56,11,45
S01012706,Families with no dependent children,109,92,82,80,2,10,10,0,17,8,9
S01012706,Families with dependent children: Total,92,53,45,44,1,8,7,1,39,3,36
S01012706,Families with dependent children: Youngest aged 0 to 4,30,19,13,12,1,6,5,1,11,0,11
S01012706,Families with dependent children: Youngest aged 5 to 11,28,14,12,12,0,2,2,0,14,0,14
S01012706,Families with dependent children: Youngest aged 12 to 18,34,20,20,20,0,0,0,0,14,3,11
S01012707,All families in households,279,258,243,235,8,15,12,3,21,3,18
S01012707,Families with no dependent children,165,154,148,143,5,6,6,0,11,2,9
S01012707,Families with dependent children: Total,114,104,95,92,3,9,6,3,10,1,9
S01012707,Families with dependent children: Youngest aged 0 to 4,34,33,28,27,1,5,4,1,1,0,1
S01012707,Families with dependent children: Youngest aged 5 to 11,45,41,39,38,1,2,2,0,4,0,4
S01012707,Families with dependent children: Youngest aged 12 to 18,35,30,28,27,1,2,0,2,5,1,4
S01012708,All families in households,221,142,117,113,4,25,22,3,79,10,69
S01012708,Families with no dependent children,120,88,77,75,2,11,11,0,32,6,26
S01012708,Families with dependent children: Total,101,54,40,38,2,14,11,3,47,4,43
S01012708,Families with dependent children: Youngest aged 0 to 4,31,19,14,14,0,5,4,1,12,1,11
S01012708,Families with dependent children: Youngest aged 5 to 11,36,20,14,13,1,6,4,2,16,0,16
S01012708,Families with dependent children: Youngest aged 12 to 18,34,15,12,11,1,3,3,0,19,3,16
S01012709,All families in households,152,116,99,96,3,17,14,3,36,4,32
S01012709,Families with no dependent children,100,87,80,79,1,7,6,1,13,3,10
S01012709,Families with dependent children: Total,52,29,19,17,2,10,8,2,23,1,22
S01012709,Families with dependent children: Youngest aged 0 to 4,16,11,4,3,1,7,6,1,5,0,5
S01012709,Families with dependent children: Youngest aged 5 to 11,20,10,8,7,1,2,1,1,10,1,9
S01012709,Families with dependent children: Youngest aged 12 to 18,16,8,7,7,0,1,1,0,8,0,8
S01012710,All families in households,197,149,121,114,7,28,26,2,48,9,39
S01012710,Families with no dependent children,124,107,88,85,3,19,19,0,17,5,12
S01012710,Families with dependent children: Total,73,42,33,29,4,9,7,2,31,4,27
S01012710,Families with dependent children: Youngest aged 0 to 4,27,15,11,9,2,4,4,0,12,0,12
S01012710,Families with dependent children: Youngest aged 5 to 11,24,12,9,8,1,3,2,1,12,2,10
S01012710,Families with dependent children: Youngest aged 12 to 18,22,15,13,12,1,2,1,1,7,2,5
S01012711,All families in households,205,134,111,109,2,23,21,2,71,13,58
S01012711,Families with no dependent children,130,101,89,88,1,12,12,0,29,6,23
S01012711,Families with dependent children: Total,75,33,22,21,1,11,9,2,42,7,35
S01012711,Families with dependent children: Youngest aged 0 to 4,19,6,2,2,0,4,4,0,13,1,12
S01012711,Families with dependent children: Youngest aged 5 to 11,37,18,13,12,1,5,5,0,19,4,15
S01012711,Families with dependent children: Youngest aged 12 to 18,19,9,7,7,0,2,0,2,10,2,8
S01012712,All families in households,267,241,226,220,6,15,14,1,26,2,24
S01012712,Families with no dependent children,164,156,147,144,3,9,9,0,8,2,6
S01012712,Families with dependent children: Total,103,85,79,76,3,6,5,1,18,0,18
S01012712,Families with dependent children: Youngest aged 0 to 4,32,26,23,23,0,3,3,0,6,0,6
S01012712,Families with dependent children: Youngest aged 5 to 11,29,24,23,22,1,1,1,0,5,0,5
S01012712,Families with dependent children: Youngest aged 12 to 18,42,35,33,31,2,2,1,1,7,0,7
S01012713,All families in households,209,187,171,165,6,16,15,1,22,6,16
S01012713,Families with no dependent children,139,127,114,112,2,13,13,0,12,4,8
S01012713,Families with dependent children: Total,70,60,57,53,4,3,2,1,10,2,8
S01012713,Families with dependent children: Youngest aged 0 to 4,28,24,23,20,3,1,1,0,4,0,4
S01012713,Families with dependent children: Youngest aged 5 to 11,19,15,14,13,1,1,1,0,4,1,3
S01012713,Families with dependent children: Youngest aged 12 to 18,23,21,20,20,0,1,0,1,2,1,1
S01012714,All families in households,198,177,167,161,6,10,10,0,21,5,16
S01012714,Families with no dependent children,145,129,122,118,4,7,7,0,16,5,11
S01012714,Families with dependent children: Total,53,48,45,43,2,3,3,0,5,0,5
S01012714,Families with dependent children: Youngest aged 0 to 4,14,13,11,11,0,2,2,0,1,0,1
S01012714,Families with dependent children: Youngest aged 5 to 11,24,21,20,20,0,1,1,0,3,0,3
S01012714,Families with dependent children: Youngest aged 12 to 18,15,14,14,12,2,0,0,0,1,0,1
S01012715,All families in households,182,131,98,96,2,33,31,2,51,13,38
S01012715,Families with no dependent children,122,104,76,74,2,28,26,2,18,7,11
S01012715,Families with dependent children: Total,60,27,22,22,0,5,5,0,33,6,27
S01012715,Families with dependent children: Youngest aged 0 to 4,27,13,10,10,0,3,3,0,14,1,13
S01012715,Families with dependent children: Youngest aged 5 to 11,12,4,3,3,0,1,1,0,8,1,7
S01012715,Families with dependent children: Youngest aged 12 to 18,21,10,9,9,0,1,1,0,11,4,7
S01012716,All families in households,250,223,206,199,7,17,15,2,27,6,21
S01012716,Families with no dependent children,186,169,157,153,4,12,11,1,17,5,12
S01012716,Families with dependent children: Total,64,54,49,46,3,5,4,1,10,1,9
S01012716,Families with dependent children: Youngest aged 0 to 4,13,12,9,8,1,3,2,1,1,0,1
S01012716,Families with dependent children: Youngest aged 5 to 11,26,21,20,19,1,1,1,0,5,1,4
S01012716,Families with dependent children: Youngest aged 12 to 18,25,21,20,19,1,1,1,0,4,0,4
S01012717,All families in households,232,187,146,142,4,41,38,3,45,5,40
S01012717,Families with no dependent children,178,152,115,115,0,37,34,3,26,4,22
S01012717,Families with dependent children: Total,54,35,31,27,4,4,4,0,19,1,18
S01012717,Families with dependent children: Youngest aged 0 to 4,23,18,14,11,3,4,4,0,5,0,5
S01012717,Families with dependent children: Youngest aged 5 to 11,18,8,8,7,1,0,0,0,10,1,9
S01012717,Families with dependent children: Youngest aged 12 to 18,13,9,9,9,0,0,0,0,4,0,4
S01012718,All families in households,273,221,175,171,4,46,42,4,52,9,43
S01012718,Families with no dependent children,190,165,129,128,1,36,35,1,25,6,19
S01012718,Families with dependent children: Total,83,56,46,43,3,10,7,3,27,3,24
S01012718,Families with dependent children: Youngest aged 0 to 4,34,24,19,17,2,5,5,0,10,1,9
S01012718,Families with dependent children: Youngest aged 5 to 11,30,21,18,17,1,3,2,1,9,0,9
S01012718,Families with dependent children: Youngest aged 12 to 18,19,11,9,9,0,2,0,2,8,2,6
S01012719,All families in households,193,153,111,111,0,42,41,1,40,10,30
S01012719,Families with no dependent children,126,112,81,81,0,31,30,1,14,5,9
S01012719,Families with dependent children: Total,67,41,30,30,0,11,11,0,26,5,21
S01012719,Families with dependent children: Youngest aged 0 to 4,22,19,10,10,0,9,9,0,3,0,3
S01012719,Families with dependent children: Youngest aged 5 to 11,25,14,12,12,0,2,2,0,11,4,7
S01012719,Families with dependent children: Youngest aged 12 to 18,20,8,8,8,0,0,0,0,12,1,11
S01012720,All families in households,110,95,54,54,0,41,41,0,15,0,15
S01012720,Families with no dependent children,77,74,40,40,0,34,34,0,3,0,3
S01012720,Families with dependent children: Total,33,21,14,14,0,7,7,0,12,0,12
S01012720,Families with dependent children: Youngest aged 0 to 4,11,8,3,3,0,5,5,0,3,0,3
S01012720,Families with dependent children: Youngest aged 5 to 11,12,9,7,7,0,2,2,0,3,0,3
S01012720,Families with dependent children: Youngest aged 12 to 18,10,4,4,4,0,0,0,0,6,0,6
S01012721,All families in households,199,169,138,131,7,31,29,2,30,3,27
S01012721,Families with no dependent children,123,112,93,88,5,19,19,0,11,0,11
S01012721,Families with dependent children: Total,76,57,45,43,2,12,10,2,19,3,16
S01012721,Families with dependent children: Youngest aged 0 to 4,29,19,17,17,0,2,2,0,10,2,8
S01012721,Families with dependent children: Youngest aged 5 to 11,26,21,13,11,2,8,7,1,5,1,4
S01012721,Families with dependent children: Youngest aged 12 to 18,21,17,15,15,0,2,1,1,4,0,4
S01012722,All families in households,188,129,102,95,7,27,25,2,59,9,50
S01012722,Families with no dependent children,104,84,65,64,1,19,18,1,20,6,14
S01012722,Families with dependent children: Total,84,45,37,31,6,8,7,1,39,3,36
S01012722,Families with dependent children: Youngest aged 0 to 4,37,20,17,15,2,3,3,0,17,1,16
S01012722,Families with dependent children: Youngest aged 5 to 11,21,11,7,5,2,4,3,1,10,1,9
S01012722,Families with dependent children: Youngest aged 12 to 18,26,14,13,11,2,1,1,0,12,1,11
S01012723,All families in households,175,115,88,85,3,27,22,5,60,11,49
S01012723,Families with no dependent children,102,82,66,64,2,16,16,0,20,9,11
S01012723,Families with dependent children: Total,73,33,22,21,1,11,6,5,40,2,38
S01012723,Families with dependent children: Youngest aged 0 to 4,27,11,9,8,1,2,1,1,16,0,16
S01012723,Families with dependent children: Youngest aged 5 to 11,26,13,6,6,0,7,5,2,13,0,13
S01012723,Families with dependent children: Youngest aged 12 to 18,20,9,7,7,0,2,0,2,11,2,9
S01012724,All families in households,200,156,113,111,2,43,38,5,44,4,40
S01012724,Families with no dependent children,133,116,89,87,2,27,27,0,17,4,13
S01012724,Families with dependent children: Total,67,40,24,24,0,16,11,5,27,0,27
S01012724,Families with dependent children: Youngest aged 0 to 4,32,18,9,9,0,9,7,2,14,0,14
S01012724,Families with dependent children: Youngest aged 5 to 11,20,11,7,7,0,4,3,1,9,0,9
S01012724,Families with dependent children: Youngest aged 12 to 18,15,11,8,8,0,3,1,2,4,0,4
S01012725,All families in households,210,168,132,127,5,36,31,5,42,3,39
S01012725,Families with no dependent children,119,101,77,76,1,24,24,0,18,2,16
S01012725,Families with dependent children: Total,91,67,55,51,4,12,7,5,24,1,23
S01012725,Families with dependent children: Youngest aged 0 to 4,30,20,16,16,0,4,4,0,10,0,10
S01012725,Families with dependent children: Youngest aged 5 to 11,31,25,22,20,2,3,2,1,6,1,5
S01012725,Families with dependent children: Youngest aged 12 to 18,30,22,17,15,2,5,1,4,8,0,8
S01012726,All families in households,193,136,121,114,7,15,12,3,57,8,49
S01012726,Families with no dependent children,118,89,83,81,2,6,6,0,29,8,21
S01012726,Families with dependent children: Total,75,47,38,33,5,9,6,3,28,0,28
S01012726,Families with dependent children: Youngest aged 0 to 4,32,18,15,13,2,3,2,1,14,0,14
S01012726,Families with dependent children: Youngest aged 5 to 11,24,16,12,10,2,4,3,1,8,0,8
S01012726,Families with dependent children: Youngest aged 12 to 18,19,13,11,10,1,2,1,1,6,0,6
S01012727,All families in households,198,131,113,106,7,18,15,3,67,4,63
S01012727,Families with no dependent children,105,87,81,79,2,6,5,1,18,3,15
S01012727,Families with dependent children: Total,93,44,32,27,5,12,10,2,49,1,48
S01012727,Families with dependent children: Youngest aged 0 to 4,35,20,13,12,1,7,5,2,15,0,15
S01012727,Families with dependent children: Youngest aged 5 to 11,31,16,11,9,2,5,5,0,15,0,15
S01012727,Families with dependent children: Youngest aged 12 to 18,27,8,8,6,2,0,0,0,19,1,18
S01012728,All families in households,233,112,74,67,7,38,29,9,121,9,112
S01012728,Families with no dependent children,93,58,44,40,4,14,11,3,35,4,31
S01012728,Families with dependent children: Total,140,54,30,27,3,24,18,6,86,5,81
S01012728,Families with dependent children: Youngest aged 0 to 4,66,28,13,12,1,15,11,4,38,2,36
S01012728,Families with dependent children: Youngest aged 5 to 11,46,16,8,7,1,8,6,2,30,1,29
S01012728,Families with dependent children: Youngest aged 12 to 18,28,10,9,8,1,1,1,0,18,2,16
S01012729,All families in households,262,194,175,172,3,19,15,4,68,12,56
S01012729,Families with no dependent children,146,121,111,110,1,10,9,1,25,7,18
S01012729,Families with dependent children: Total,116,73,64,62,2,9,6,3,43,5,38
S01012729,Families with dependent children: Youngest aged 0 to 4,47,31,27,26,1,4,3,1,16,0,16
S01012729,Families with dependent children: Youngest aged 5 to 11,35,20,17,17,0,3,2,1,15,2,13
S01012729,Families with dependent children: Youngest aged 12 to 18,34,22,20,19,1,2,1,1,12,3,9
S01012730,All families in households,166,123,85,78,7,38,33,5,43,5,38
S01012730,Families with no dependent children,95,76,58,57,1,18,16,2,19,3,16
S01012730,Families with dependent children: Total,71,47,27,21,6,20,17,3,24,2,22
S01012730,Families with dependent children: Youngest aged 0 to 4,35,24,11,10,1,13,13,0,11,1,10
S01012730,Families with dependent children: Youngest aged 5 to 11,20,13,8,6,2,5,4,1,7,1,6
S01012730,Families with dependent children: Youngest aged 12 to 18,16,10,8,5,3,2,0,2,6,0,6
S01012731,All families in households,242,177,151,145,6,26,22,4,65,5,60
S01012731,Families with no dependent children,132,107,97,95,2,10,9,1,25,4,21
S01012731,Families with dependent children: Total,110,70,54,50,4,16,13,3,40,1,39
S01012731,Families with dependent children: Youngest aged 0 to 4,48,29,22,20,2,7,5,2,19,0,19
S01012731,Families with dependent children: Youngest aged 5 to 11,32,19,14,14,0,5,4,1,13,0,13
S01012731,Families with dependent children: Youngest aged 12 to 18,30,22,18,16,2,4,4,0,8,1,7
S01012732,All families in households,224,166,140,134,6,26,23,3,58,5,53
S01012732,Families with no dependent children,132,113,101,98,3,12,10,2,19,4,15
S01012732,Families with dependent children: Total,92,53,39,36,3,14,13,1,39,1,38
S01012732,Families with dependent children: Youngest aged 0 to 4,44,29,20,19,1,9,8,1,15,1,14
S01012732,Families with dependent children: Youngest aged 5 to 11,23,14,9,8,1,5,5,0,9,0,9
S01012732,Families with dependent children: Youngest aged 12 to 18,25,10,10,9,1,0,0,0,15,0,15
S01012733,All families in households,317,285,237,228,9,48,43,5,32,2,30
S01012733,Families with no dependent children,115,112,79,78,1,33,30,3,3,0,3
S01012733,Families with dependent children: Total,202,173,158,150,8,15,13,2,29,2,27
S01012733,Families with dependent children: Youngest aged 0 to 4,107,100,89,85,4,11,10,1,7,0,7
S01012733,Families with dependent children: Youngest aged 5 to 11,57,47,43,40,3,4,3,1,10,1,9
S01012733,Families with dependent children: Youngest aged 12 to 18,38,26,26,25,1,0,0,0,12,1,11
S01012734,All families in households,187,172,150,143,7,22,17,5,15,2,13
S01012734,Families with no dependent children,58,56,44,41,3,12,11,1,2,0,2
S01012734,Families with dependent children: Total,129,116,106,102,4,10,6,4,13,2,11
S01012734,Families with dependent children: Youngest aged 0 to 4,62,60,54,52,2,6,4,2,2,1,1
S01012734,Families with dependent children: Youngest aged 5 to 11,42,37,33,33,0,4,2,2,5,0,5
S01012734,Families with dependent children: Youngest aged 12 to 18,25,19,19,17,2,0,0,0,6,1,5
S01012735,All families in households,156,116,97,97,0,19,17,2,40,5,35
S01012735,Families with no dependent children,99,82,70,70,0,12,11,1,17,3,14
S01012735,Families with dependent children: Total,57,34,27,27,0,7,6,1,23,2,21
S01012735,Families with dependent children: Youngest aged 0 to 4,22,10,8,8,0,2,2,0,12,1,11
S01012735,Families with dependent children: Youngest aged 5 to 11,24,16,12,12,0,4,4,0,8,1,7
S01012735,Families with dependent children: Youngest aged 12 to 18,11,8,7,7,0,1,0,1,3,0,3
S01012736,All families in households,293,226,185,175,10,41,35,6,67,6,61
S01012736,Families with no dependent children,157,132,112,108,4,20,18,2,25,3,22
S01012736,Families with dependent children: Total,136,94,73,67,6,21,17,4,42,3,39
S01012736,Families with dependent children: Youngest aged 0 to 4,49,40,30,28,2,10,10,0,9,0,9
S01012736,Families with dependent children: Youngest aged 5 to 11,59,41,35,32,3,6,4,2,18,3,15
S01012736,Families with dependent children: Youngest aged 12 to 18,28,13,8,7,1,5,3,2,15,0,15
S01012737,All families in households,253,216,171,168,3,45,43,2,37,4,33
S01012737,Families with no dependent children,145,133,99,99,0,34,34,0,12,3,9
S01012737,Families with dependent children: Total,108,83,72,69,3,11,9,2,25,1,24
S01012737,Families with dependent children: Youngest aged 0 to 4,41,34,28,28,0,6,5,1,7,0,7
S01012737,Families with dependent children: Youngest aged 5 to 11,45,33,30,27,3,3,3,0,12,1,11
S01012737,Families with dependent children: Youngest aged 12 to 18,22,16,14,14,0,2,1,1,6,0,6
S01012738,All families in households,181,125,109,106,3,16,13,3,56,5,51
S01012738,Families with no dependent children,101,79,69,69,0,10,10,0,22,3,19
S01012738,Families with dependent children: Total,80,46,40,37,3,6,3,3,34,2,32
S01012738,Families with dependent children: Youngest aged 0 to 4,21,18,16,15,1,2,1,1,3,0,3
S01012738,Families with dependent children: Youngest aged 5 to 11,33,18,15,14,1,3,2,1,15,0,15
S01012738,Families with dependent children: Youngest aged 12 to 18,26,10,9,8,1,1,0,1,16,2,14
S01012739,All families in households,258,240,190,180,10,50,43,7,18,6,12
S01012739,Families with no dependent children,106,100,72,71,1,28,26,2,6,3,3
S01012739,Families with dependent children: Total,152,140,118,109,9,22,17,5,12,3,9
S01012739,Families with dependent children: Youngest aged 0 to 4,83,79,64,62,2,15,14,1,4,1,3
S01012739,Families with dependent children: Youngest aged 5 to 11,37,32,30,25,5,2,2,0,5,2,3
S01012739,Families with dependent children: Youngest aged 12 to 18,32,29,24,22,2,5,1,4,3,0,3
S01012740,All families in households,267,231,189,171,18,42,36,6,36,3,33
S01012740,Families with no dependent children,98,91,73,69,4,18,17,1,7,1,6
S01012740,Families with dependent children: Total,169,140,116,102,14,24,19,5,29,2,27
S01012740,Families with dependent children: Youngest aged 0 to 4,92,83,71,66,5,12,10,2,9,0,9
S01012740,Families with dependent children: Youngest aged 5 to 11,46,37,27,24,3,10,8,2,9,0,9
S01012740,Families with dependent children: Youngest aged 12 to 18,31,20,18,12,6,2,1,1,11,2,9
S01012741,All families in households,167,151,130,125,5,21,18,3,16,1,15
S01012741,Families with no dependent children,111,106,92,90,2,14,14,0,5,0,5
S01012741,Families with dependent children: Total,56,45,38,35,3,7,4,3,11,1,10
S01012741,Families with dependent children: Youngest aged 0 to 4,20,18,15,15,0,3,3,0,2,0,2
S01012741,Families with dependent children: Youngest aged 5 to 11,15,11,9,8,1,2,1,1,4,0,4
S01012741,Families with dependent children: Youngest aged 12 to 18,21,16,14,12,2,2,0,2,5,1,4
S01012742,All families in households,236,211,197,190,7,14,13,1,25,1,24
S01012742,Families with no dependent children,166,158,145,142,3,13,12,1,8,1,7
S01012742,Families with dependent children: Total,70,53,52,48,4,1,1,0,17,0,17
S01012742,Families with dependent children: Youngest aged 0 to 4,22,16,16,16,0,0,0,0,6,0,6
S01012742,Families with dependent children: Youngest aged 5 to 11,17,13,12,10,2,1,1,0,4,0,4
S01012742,Families with dependent children: Youngest aged 12 to 18,31,24,24,22,2,0,0,0,7,0,7
S01012743,All families in households,190,167,156,152,4,11,8,3,23,3,20
S01012743,Families with no dependent children,134,120,114,111,3,6,6,0,14,2,12
S01012743,Families with dependent children: Total,56,47,42,41,1,5,2,3,9,1,8
S01012743,Families with dependent children: Youngest aged 0 to 4,15,11,9,9,0,2,1,1,4,1,3
S01012743,Families with dependent children: Youngest aged 5 to 11,16,13,10,10,0,3,1,2,3,0,3
S01012743,Families with dependent children: Youngest aged 12 to 18,25,23,23,22,1,0,0,0,2,0,2
S01012744,All families in households,217,201,175,171,4,26,23,3,16,4,12
S01012744,Families with no dependent children,145,137,119,117,2,18,18,0,8,4,4
S01012744,Families with dependent children: Total,72,64,56,54,2,8,5,3,8,0,8
S01012744,Families with dependent children: Youngest aged 0 to 4,27,27,25,25,0,2,2,0,0,0,0
S01012744,Families with dependent children: Youngest aged 5 to 11,23,19,15,13,2,4,3,1,4,0,4
S01012744,Families with dependent children: Youngest aged 12 to 18,22,18,16,16,0,2,0,2,4,0,4
S01012745,All families in households,235,212,195,191,4,17,15,2,23,4,19
S01012745,Families with no dependent children,162,151,142,140,2,9,9,0,11,3,8
S01012745,Families with dependent children: Total,73,61,53,51,2,8,6,2,12,1,11
S01012745,Families with dependent children: Youngest aged 0 to 4,29,23,19,18,1,4,4,0,6,0,6
S01012745,Families with dependent children: Youngest aged 5 to 11,23,21,19,19,0,2,1,1,2,0,2
S01012745,Families with dependent children: Youngest aged 12 to 18,21,17,15,14,1,2,1,1,4,1,3
S01012746,All families in households,243,216,173,166,7,43,35,8,27,6,21
S01012746,Families with no dependent children,142,132,108,104,4,24,24,0,10,4,6
S01012746,Families with dependent children: Total,101,84,65,62,3,19,11,8,17,2,15
S01012746,Families with dependent children: Youngest aged 0 to 4,41,37,25,24,1,12,9,3,4,0,4
S01012746,Families with dependent children: Youngest aged 5 to 11,27,18,15,15,0,3,1,2,9,2,7
S01012746,Families with dependent children: Youngest aged 12 to 18,33,29,25,23,2,4,1,3,4,0,4
S01012747,All families in households,257,193,165,161,4,28,23,5,64,3,61
S01012747,Families with no dependent children,156,128,116,115,1,12,12,0,28,3,25
S01012747,Families with dependent children: Total,101,65,49,46,3,16,11,5,36,0,36
S01012747,Families with dependent children: Youngest aged 0 to 4,36,25,16,15,1,9,6,3,11,0,11
S01012747,Families with dependent children: Youngest aged 5 to 11,28,17,11,10,1,6,5,1,11,0,11
S01012747,Families with dependent children: Youngest aged 12 to 18,37,23,22,21,1,1,0,1,14,0,14
S01012748,All families in households,232,120,92,80,12,28,21,7,112,21,91
S01012748,Families with no dependent children,115,76,61,54,7,15,13,2,39,14,25
S01012748,Families with dependent children: Total,117,44,31,26,5,13,8,5,73,7,66
S01012748,Families with dependent children: Youngest aged 0 to 4,37,13,9,8,1,4,4,0,24,0,24
S01012748,Families with dependent children: Youngest aged 5 to 11,50,16,11,9,2,5,2,3,34,3,31
S01012748,Families with dependent children: Youngest aged 12 to 18,30,15,11,9,2,4,2,2,15,4,11
S01012749,All families in households,260,160,113,105,8,47,39,8,100,12,88
S01012749,Families with no dependent children,117,93,75,72,3,18,17,1,24,4,20
S01012749,Families with dependent children: Total,143,67,38,33,5,29,22,7,76,8,68
S01012749,Families with dependent children: Youngest aged 0 to 4,48,28,13,12,1,15,14,1,20,0,20
S01012749,Families with dependent children: Youngest aged 5 to 11,52,23,13,11,2,10,6,4,29,2,27
S01012749,Families with dependent children: Youngest aged 12 to 18,43,16,12,10,2,4,2,2,27,6,21
S01012750,All families in households,231,145,100,92,8,45,39,6,86,11,75
S01012750,Families with no dependent children,117,90,66,63,3,24,23,1,27,7,20
S01012750,Families with dependent children: Total,114,55,34,29,5,21,16,5,59,4,55
S01012750,Families with dependent children: Youngest aged 0 to 4,49,27,12,10,2,15,14,1,22,1,21
S01012750,Families with dependent children: Youngest aged 5 to 11,39,16,13,11,2,3,1,2,23,1,22
S01012750,Families with dependent children: Youngest aged 12 to 18,26,12,9,8,1,3,1,2,14,2,12
S01012751,All families in households,235,192,161,159,2,31,25,6,43,4,39
S01012751,Families with no dependent children,150,136,122,121,1,14,12,2,14,2,12
S01012751,Families with dependent children: Total,85,56,39,38,1,17,13,4,29,2,27
S01012751,Families with dependent children: Youngest aged 0 to 4,36,24,16,16,0,8,8,0,12,2,10
S01012751,Families with dependent children: Youngest aged 5 to 11,24,17,10,10,0,7,3,4,7,0,7
S01012751,Families with dependent children: Youngest aged 12 to 18,25,15,13,12,1,2,2,0,10,0,10
S01012752,All families in households,254,174,142,133,9,32,26,6,80,0,80
S01012752,Families with no dependent children,141,118,102,101,1,16,15,1,23,0,23
S01012752,Families with dependent children: Total,113,56,40,32,8,16,11,5,57,0,57
S01012752,Families with dependent children: Youngest aged 0 to 4,47,30,21,18,3,9,7,2,17,0,17
S01012752,Families with dependent children: Youngest aged 5 to 11,36,16,10,8,2,6,4,2,20,0,20
S01012752,Families with dependent children: Youngest aged 12 to 18,30,10,9,6,3,1,0,1,20,0,20
S01012753,All families in households,144,84,60,55,5,24,19,5,60,5,55
S01012753,Families with no dependent children,70,54,43,42,1,11,11,0,16,2,14
S01012753,Families with dependent children: Total,74,30,17,13,4,13,8,5,44,3,41
S01012753,Families with dependent children: Youngest aged 0 to 4,26,10,5,3,2,5,5,0,16,1,15
S01012753,Families with dependent children: Youngest aged 5 to 11,28,12,9,7,2,3,2,1,16,2,14
S01012753,Families with dependent children: Youngest aged 12 to 18,20,8,3,3,0,5,1,4,12,0,12
S01012754,All families in households,155,123,101,98,3,22,19,3,32,6,26
S01012754,Families with no dependent children,104,89,79,79,0,10,8,2,15,6,9
S01012754,Families with dependent children: Total,51,34,22,19,3,12,11,1,17,0,17
S01012754,Families with dependent children: Youngest aged 0 to 4,13,10,5,4,1,5,5,0,3,0,3
S01012754,Families with dependent children: Youngest aged 5 to 11,19,14,9,8,1,5,4,1,5,0,5
S01012754,Families with dependent children: Youngest aged 12 to 18,19,10,8,7,1,2,2,0,9,0,9
S01012755,All families in households,127,75,59,58,1,16,14,2,52,3,49
S01012755,Families with no dependent children,68,51,43,42,1,8,8,0,17,1,16
S01012755,Families with dependent children: Total,59,24,16,16,0,8,6,2,35,2,33
S01012755,Families with dependent children: Youngest aged 0 to 4,25,13,8,8,0,5,4,1,12,0,12
S01012755,Families with dependent children: Youngest aged 5 to 11,15,5,3,3,0,2,2,0,10,1,9
S01012755,Families with dependent children: Youngest aged 12 to 18,19,6,5,5,0,1,0,1,13,1,12
S01012756,All families in households,136,112,102,99,3,10,10,0,24,3,21
S01012756,Families with no dependent children,111,95,88,86,2,7,7,0,16,2,14
S01012756,Families with dependent children: Total,25,17,14,13,1,3,3,0,8,1,7
S01012756,Families with dependent children: Youngest aged 0 to 4,10,6,4,4,0,2,2,0,4,0,4
S01012756,Families with dependent children: Youngest aged 5 to 11,8,6,6,5,1,0,0,0,2,1,1
S01012756,Families with dependent children: Youngest aged 12 to 18,7,5,4,4,0,1,1,0,2,0,2
S01012757,All families in households,139,98,81,79,2,17,14,3,41,7,34
S01012757,Families with no dependent children,96,77,66,64,2,11,10,1,19,7,12
S01012757,Families with dependent children: Total,43,21,15,15,0,6,4,2,22,0,22
S01012757,Families with dependent children: Youngest aged 0 to 4,13,7,4,4,0,3,3,0,6,0,6
S01012757,Families with dependent children: Youngest aged 5 to 11,17,8,6,6,0,2,1,1,9,0,9
S01012757,Families with dependent children: Youngest aged 12 to 18,13,6,5,5,0,1,0,1,7,0,7
S01012758,All families in households,174,128,103,99,4,25,22,3,46,10,36
S01012758,Families with no dependent children,104,84,71,69,2,13,12,1,20,8,12
S01012758,Families with dependent children: Total,70,44,32,30,2,12,10,2,26,2,24
S01012758,Families with dependent children: Youngest aged 0 to 4,27,15,11,11,0,4,3,1,12,0,12
S01012758,Families with dependent children: Youngest aged 5 to 11,21,12,8,7,1,4,4,0,9,2,7
S01012758,Families with dependent children: Youngest aged 12 to 18,22,17,13,12,1,4,3,1,5,0,5
S01012759,All families in households,196,129,95,87,8,34,24,10,67,8,59
S01012759,Families with no dependent children,112,88,72,67,5,16,14,2,24,5,19
S01012759,Families with dependent children: Total,84,41,23,20,3,18,10,8,43,3,40
S01012759,Families with dependent children: Youngest aged 0 to 4,30,18,9,9,0,9,7,2,12,3,9
S01012759,Families with dependent children: Youngest aged 5 to 11,33,15,10,7,3,5,1,4,18,0,18
S01012759,Families with dependent children: Youngest aged 12 to 18,21,8,4,4,0,4,2,2,13,0,13
S01012760,All families in households,272,155,115,111,4,40,33,7,117,10,107
S01012760,Families with no dependent children,129,93,71,70,1,22,18,4,36,3,33
S01012760,Families with dependent children: Total,143,62,44,41,3,18,15,3,81,7,74
S01012760,Families with dependent children: Youngest aged 0 to 4,59,28,18,17,1,10,10,0,31,2,29
S01012760,Families with dependent children: Youngest aged 5 to 11,48,22,16,15,1,6,5,1,26,0,26
S01012760,Families with dependent children: Youngest aged 12 to 18,36,12,10,9,1,2,0,2,24,5,19
S01012761,All families in households,226,180,143,142,1,37,31,6,46,4,42
S01012761,Families with no dependent children,151,131,106,105,1,25,24,1,20,2,18
S01012761,Families with dependent children: Total,75,49,37,37,0,12,7,5,26,2,24
S01012761,Families with dependent children: Youngest aged 0 to 4,28,17,12,12,0,5,5,0,11,2,9
S01012761,Families with dependent children: Youngest aged 5 to 11,28,18,14,14,0,4,1,3,10,0,10
S01012761,Families with dependent children: Youngest aged 12 to 18,19,14,11,11,0,3,1,2,5,0,5
S01012762,All families in households,228,176,152,150,2,24,18,6,52,4,48
S01012762,Families with no dependent children,157,136,122,121,1,14,12,2,21,3,18
S01012762,Families with dependent children: Total,71,40,30,29,1,10,6,4,31,1,30
S01012762,Families with dependent children: Youngest aged 0 to 4,28,14,6,6,0,8,5,3,14,0,14
S01012762,Families with dependent children: Youngest aged 5 to 11,23,13,11,10,1,2,1,1,10,1,9
S01012762,Families with dependent children: Youngest aged 12 to 18,20,13,13,13,0,0,0,0,7,0,7
S01012763,All families in households,129,80,69,64,5,11,10,1,49,1,48
S01012763,Families with no dependent children,85,59,55,52,3,4,4,0,26,1,25
S01012763,Families with dependent children: Total,44,21,14,12,2,7,6,1,23,0,23
S01012763,Families with dependent children: Youngest aged 0 to 4,16,7,3,3,0,4,4,0,9,0,9
S01012763,Families with dependent children: Youngest aged 5 to 11,12,6,3,2,1,3,2,1,6,0,6
S01012763,Families with dependent children: Youngest aged 12 to 18,16,8,8,7,1,0,0,0,8,0,8
S01012764,All families in households,217,149,125,119,6,24,21,3,68,10,58
S01012764,Families with no dependent children,116,95,78,74,4,17,16,1,21,4,17
S01012764,Families with dependent children: Total,101,54,47,45,2,7,5,2,47,6,41
S01012764,Families with dependent children: Youngest aged 0 to 4,31,19,15,15,0,4,4,0,12,1,11
S01012764,Families with dependent children: Youngest aged 5 to 11,37,18,16,15,1,2,1,1,19,0,19
S01012764,Families with dependent children: Youngest aged 12 to 18,33,17,16,15,1,1,0,1,16,5,11
S01012765,All families in households,218,165,148,144,4,17,14,3,53,2,51
S01012765,Families with no dependent children,132,109,98,98,0,11,9,2,23,1,22
S01012765,Families with dependent children: Total,86,56,50,46,4,6,5,1,30,1,29
S01012765,Families with dependent children: Youngest aged 0 to 4,27,15,11,11,0,4,4,0,12,0,12
S01012765,Families with dependent children: Youngest aged 5 to 11,27,21,20,18,2,1,1,0,6,0,6
S01012765,Families with dependent children: Youngest aged 12 to 18,32,20,19,17,2,1,0,1,12,1,11
S01012766,All families in households,273,193,163,155,8,30,24,6,80,7,73
S01012766,Families with no dependent children,141,111,100,99,1,11,11,0,30,4,26
S01012766,Families with dependent children: Total,132,82,63,56,7,19,13,6,50,3,47
S01012766,Families with dependent children: Youngest aged 0 to 4,45,29,21,19,2,8,8,0,16,2,14
S01012766,Families with dependent children: Youngest aged 5 to 11,49,31,24,22,2,7,3,4,18,0,18
S01012766,Families with dependent children: Youngest aged 12 to 18,38,22,18,15,3,4,2,2,16,1,15
S01012767,All families in households,193,175,148,147,1,27,23,4,18,2,16
S01012767,Families with no dependent children,131,120,105,104,1,15,14,1,11,2,9
S01012767,Families with dependent children: Total,62,55,43,43,0,12,9,3,7,0,7
S01012767,Families with dependent children: Youngest aged 0 to 4,25,24,15,15,0,9,7,2,1,0,1
S01012767,Families with dependent children: Youngest aged 5 to 11,19,16,15,15,0,1,1,0,3,0,3
S01012767,Families with dependent children: Youngest aged 12 to 18,18,15,13,13,0,2,1,1,3,0,3
S01012768,All families in households,250,220,209,204,5,11,10,1,30,6,24
S01012768,Families with no dependent children,173,160,153,152,1,7,6,1,13,4,9
S01012768,Families with dependent children: Total,77,60,56,52,4,4,4,0,17,2,15
S01012768,Families with dependent children: Youngest aged 0 to 4,24,22,18,16,2,4,4,0,2,0,2
S01012768,Families with dependent children: Youngest aged 5 to 11,29,22,22,21,1,0,0,0,7,1,6
S01012768,Families with dependent children: Youngest aged 12 to 18,24,16,16,15,1,0,0,0,8,1,7
S01012769,All families in households,126,114,104,100,4,10,10,0,12,1,11
S01012769,Families with no dependent children,58,51,45,44,1,6,6,0,7,1,6
S01012769,Families with dependent children: Total,68,63,59,56,3,4,4,0,5,0,5
S01012769,Families with dependent children: Youngest aged 0 to 4,19,17,14,14,0,3,3,0,2,0,2
S01012769,Families with dependent children: Youngest aged 5 to 11,26,23,22,21,1,1,1,0,3,0,3
S01012769,Families with dependent children: Youngest aged 12 to 18,23,23,23,21,2,0,0,0,0,0,0
S01012770,All families in households,242,186,153,144,9,33,27,6,56,6,50
S01012770,Families with no dependent children,143,124,101,96,5,23,21,2,19,4,15
S01012770,Families with dependent children: Total,99,62,52,48,4,10,6,4,37,2,35
S01012770,Families with dependent children: Youngest aged 0 to 4,26,18,13,13,0,5,3,2,8,1,7
S01012770,Families with dependent children: Youngest aged 5 to 11,48,31,26,24,2,5,3,2,17,1,16
S01012770,Families with dependent children: Youngest aged 12 to 18,25,13,13,11,2,0,0,0,12,0,12
S01012771,All families in households,193,139,111,107,4,28,24,4,54,8,46
S01012771,Families with no dependent children,116,93,79,76,3,14,14,0,23,3,20
S01012771,Families with dependent children: Total,77,46,32,31,1,14,10,4,31,5,26
S01012771,Families with dependent children: Youngest aged 0 to 4,28,20,12,12,0,8,7,1,8,0,8
S01012771,Families with dependent children: Youngest aged 5 to 11,26,13,8,7,1,5,2,3,13,3,10
S01012771,Families with dependent children: Youngest aged 12 to 18,23,13,12,12,0,1,1,0,10,2,8
S01012772,All families in households,210,131,115,112,3,16,15,1,79,4,75
S01012772,Families with no dependent children,117,90,84,83,1,6,6,0,27,3,24
S01012772,Families with dependent children: Total,93,41,31,29,2,10,9,1,52,1,51
S01012772,Families with dependent children: Youngest aged 0 to 4,44,19,12,12,0,7,6,1,25,0,25
S01012772,Families with dependent children: Youngest aged 5 to 11,27,11,10,8,2,1,1,0,16,0,16
S01012772,Families with dependent children: Youngest aged 12 to 18,22,11,9,9,0,2,2,0,11,1,10
S01012773,All families in households,261,191,159,155,4,32,29,3,70,6,64
S01012773,Families with no dependent children,177,146,124,123,1,22,20,2,31,5,26
S01012773,Families with dependent children: Total,84,45,35,32,3,10,9,1,39,1,38
S01012773,Families with dependent children: Youngest aged 0 to 4,30,16,10,10,0,6,5,1,14,0,14
S01012773,Families with dependent children: Youngest aged 5 to 11,32,16,13,12,1,3,3,0,16,1,15
S01012773,Families with dependent children: Youngest aged 12 to 18,22,13,12,10,2,1,1,0,9,0,9
S01012774,All families in households,247,192,139,135,4,53,48,5,55,10,45
S01012774,Families with no dependent children,161,138,99,98,1,39,37,2,23,6,17
S01012774,Families with dependent children: Total,86,54,40,37,3,14,11,3,32,4,28
S01012774,Families with dependent children: Youngest aged 0 to 4,35,20,9,9,0,11,9,2,15,1,14
S01012774,Families with dependent children: Youngest aged 5 to 11,26,18,16,15,1,2,2,0,8,1,7
S01012774,Families with dependent children: Youngest aged 12 to 18,25,16,15,13,2,1,0,1,9,2,7
S01012775,All families in households,112,91,78,75,3,13,12,1,21,3,18
S01012775,Families with no dependent children,80,69,58,56,2,11,11,0,11,2,9
S01012775,Families with dependent children: Total,32,22,20,19,1,2,1,1,10,1,9
S01012775,Families with dependent children: Youngest aged 0 to 4,8,5,4,4,0,1,1,0,3,0,3
S01012775,Families with dependent children: Youngest aged 5 to 11,10,7,7,7,0,0,0,0,3,0,3
S01012775,Families with dependent children: Youngest aged 12 to 18,14,10,9,8,1,1,0,1,4,1,3
S01012776,All families in households,222,166,120,118,2,46,38,8,56,3,53
S01012776,Families with no dependent children,142,114,88,88,0,26,24,2,28,2,26
S01012776,Families with dependent children: Total,80,52,32,30,2,20,14,6,28,1,27
S01012776,Families with dependent children: Youngest aged 0 to 4,26,16,9,8,1,7,7,0,10,0,10
S01012776,Families with dependent children: Youngest aged 5 to 11,28,19,12,11,1,7,6,1,9,0,9
S01012776,Families with dependent children: Youngest aged 12 to 18,26,17,11,11,0,6,1,5,9,1,8
S01012777,All families in households,284,239,183,169,14,56,49,7,45,6,39
S01012777,Families with no dependent children,99,91,63,62,1,28,26,2,8,3,5
S01012777,Families with dependent children: Total,185,148,120,107,13,28,23,5,37,3,34
S01012777,Families with dependent children: Youngest aged 0 to 4,84,74,56,51,5,18,15,3,10,1,9
S01012777,Families with dependent children: Youngest aged 5 to 11,58,39,31,29,2,8,7,1,19,2,17
S01012777,Families with dependent children: Youngest aged 12 to 18,43,35,33,27,6,2,1,1,8,0,8
S01012778,All families in households,218,150,114,108,6,36,28,8,68,6,62
S01012778,Families with no dependent children,88,71,54,52,2,17,14,3,17,1,16
S01012778,Families with dependent children: Total,130,79,60,56,4,19,14,5,51,5,46
S01012778,Families with dependent children: Youngest aged 0 to 4,55,41,29,26,3,12,8,4,14,0,14
S01012778,Families with dependent children: Youngest aged 5 to 11,49,25,19,19,0,6,5,1,24,2,22
S01012778,Families with dependent children: Youngest aged 12 to 18,26,13,12,11,1,1,1,0,13,3,10
S01012779,All families in households,123,78,57,54,3,21,18,3,45,5,40
S01012779,Families with no dependent children,45,33,23,23,0,10,8,2,12,4,8
S01012779,Families with dependent children: Total,78,45,34,31,3,11,10,1,33,1,32
S01012779,Families with dependent children: Youngest aged 0 to 4,23,13,7,7,0,6,6,0,10,1,9
S01012779,Families with dependent children: Youngest aged 5 to 11,31,19,14,12,2,5,4,1,12,0,12
S01012779,Families with dependent children: Youngest aged 12 to 18,24,13,13,12,1,0,0,0,11,0,11
S01012780,All families in households,208,124,93,86,7,31,28,3,84,3,81
S01012780,Families with no dependent children,90,71,58,57,1,13,12,1,19,3,16
S01012780,Families with dependent children: Total,118,53,35,29,6,18,16,2,65,0,65
S01012780,Families with dependent children: Youngest aged 0 to 4,45,22,14,12,2,8,7,1,23,0,23
S01012780,Families with dependent children: Youngest aged 5 to 11,39,14,7,5,2,7,6,1,25,0,25
S01012780,Families with dependent children: Youngest aged 12 to 18,34,17,14,12,2,3,3,0,17,0,17
S01012781,All families in households,207,176,144,141,3,32,31,1,31,2,29
S01012781,Families with no dependent children,136,124,101,100,1,23,22,1,12,2,10
S01012781,Families with dependent children: Total,71,52,43,41,2,9,9,0,19,0,19
S01012781,Families with dependent children: Youngest aged 0 to 4,29,24,19,19,0,5,5,0,5,0,5
S01012781,Families with dependent children: Youngest aged 5 to 11,25,15,13,12,1,2,2,0,10,0,10
S01012781,Families with dependent children: Youngest aged 12 to 18,17,13,11,10,1,2,2,0,4,0,4
S01012782,All families in households,172,99,78,71,7,21,19,2,73,10,63
S01012782,Families with no dependent children,102,76,66,63,3,10,10,0,26,7,19
S01012782,Families with dependent children: Total,70,23,12,8,4,11,9,2,47,3,44
S01012782,Families with dependent children: Youngest aged 0 to 4,35,14,5,5,0,9,8,1,21,0,21
S01012782,Families with dependent children: Youngest aged 5 to 11,24,5,3,1,2,2,1,1,19,2,17
S01012782,Families with dependent children: Youngest aged 12 to 18,11,4,4,2,2,0,0,0,7,1,6
S01012783,All families in households,207,130,89,81,8,41,34,7,77,6,71
S01012783,Families with no dependent children,96,74,54,50,4,20,18,2,22,5,17
S01012783,Families with dependent children: Total,111,56,35,31,4,21,16,5,55,1,54
S01012783,Families with dependent children: Youngest aged 0 to 4,46,23,13,12,1,10,9,1,23,0,23
S01012783,Families with dependent children: Youngest aged 5 to 11,38,19,11,9,2,8,7,1,19,0,19
S01012783,Families with dependent children: Youngest aged 12 to 18,27,14,11,10,1,3,0,3,13,1,12
S01012784,All families in households,207,155,111,105,6,44,38,6,52,8,44
S01012784,Families with no dependent children,122,109,76,75,1,33,31,2,13,5,8
S01012784,Families with dependent children: Total,85,46,35,30,5,11,7,4,39,3,36
S01012784,Families with dependent children: Youngest aged 0 to 4,33,19,13,12,1,6,4,2,14,0,14
S01012784,Families with dependent children: Youngest aged 5 to 11,29,14,11,9,2,3,3,0,15,2,13
S01012784,Families with dependent children: Youngest aged 12 to 18,23,13,11,9,2,2,0,2,10,1,9
S01012785,All families in households,197,109,72,65,7,37,32,5,88,10,78
S01012785,Families with no dependent children,106,77,57,52,5,20,20,0,29,5,24
S01012785,Families with dependent children: Total,91,32,15,13,2,17,12,5,59,5,54
S01012785,Families with dependent children: Youngest aged 0 to 4,42,18,5,5,0,13,11,2,24,3,21
S01012785,Families with dependent children: Youngest aged 5 to 11,36,8,5,5,0,3,1,2,28,0,28
S01012785,Families with dependent children: Youngest aged 12 to 18,13,6,5,3,2,1,0,1,7,2,5
S01012786,All families in households,155,83,55,55,0,28,25,3,72,9,63
S01012786,Families with no dependent children,71,54,41,41,0,13,13,0,17,5,12
S01012786,Families with dependent children: Total,84,29,14,14,0,15,12,3,55,4,51
S01012786,Families with dependent children: Youngest aged 0 to 4,37,19,8,8,0,11,10,1,18,0,18
S01012786,Families with dependent children: Youngest aged 5 to 11,21,7,4,4,0,3,2,1,14,2,12
S01012786,Families with dependent children: Youngest aged 12 to 18,26,3,2,2,0,1,0,1,23,2,21
S01012787,All families in households,160,129,97,91,6,32,26,6,31,5,26
S01012787,Families with no dependent children,81,75,56,53,3,19,18,1,6,1,5
S01012787,Families with dependent children: Total,79,54,41,38,3,13,8,5,25,4,21
S01012787,Families with dependent children: Youngest aged 0 to 4,46,32,24,24,0,8,6,2,14,3,11
S01012787,Families with dependent children: Youngest aged 5 to 11,18,14,11,9,2,3,2,1,4,1,3
S01012787,Families with dependent children: Youngest aged 12 to 18,15,8,6,5,1,2,0,2,7,0,7
S01012788,All families in households,174,114,86,79,7,28,21,7,60,8,52
S01012788,Families with no dependent children,94,72,58,55,3,14,12,2,22,6,16
S01012788,Families with dependent children: Total,80,42,28,24,4,14,9,5,38,2,36
S01012788,Families with dependent children: Youngest aged 0 to 4,32,14,9,7,2,5,4,1,18,1,17
S01012788,Families with dependent children: Youngest aged 5 to 11,23,13,9,8,1,4,3,1,10,1,9
S01012788,Families with dependent children: Youngest aged 12 to 18,25,15,10,9,1,5,2,3,10,0,10
S01012789,All families in households,221,181,165,161,4,16,13,3,40,9,31
S01012789,Families with no dependent children,141,122,113,109,4,9,8,1,19,7,12
S01012789,Families with dependent children: Total,80,59,52,52,0,7,5,2,21,2,19
S01012789,Families with dependent children: Youngest aged 0 to 4,31,27,24,24,0,3,3,0,4,0,4
S01012789,Families with dependent children: Youngest aged 5 to 11,24,20,17,17,0,3,2,1,4,0,4
S01012789,Families with dependent children: Youngest aged 12 to 18,25,12,11,11,0,1,0,1,13,2,11
S01012790,All families in households,165,145,117,114,3,28,25,3,20,0,20
S01012790,Families with no dependent children,94,90,69,67,2,21,21,0,4,0,4
S01012790,Families with dependent children: Total,71,55,48,47,1,7,4,3,16,0,16
S01012790,Families with dependent children: Youngest aged 0 to 4,35,27,23,23,0,4,4,0,8,0,8
S01012790,Families with dependent children: Youngest aged 5 to 11,19,15,15,15,0,0,0,0,4,0,4
S01012790,Families with dependent children: Youngest aged 12 to 18,17,13,10,9,1,3,0,3,4,0,4
S01012791,All families in households,220,194,176,172,4,18,16,2,26,3,23
S01012791,Families with no dependent children,146,134,126,125,1,8,8,0,12,3,9
S01012791,Families with dependent children: Total,74,60,50,47,3,10,8,2,14,0,14
S01012791,Families with dependent children: Youngest aged 0 to 4,24,22,18,18,0,4,4,0,2,0,2
S01012791,Families with dependent children: Youngest aged 5 to 11,32,25,20,18,2,5,3,2,7,0,7
S01012791,Families with dependent children: Youngest aged 12 to 18,18,13,12,11,1,1,1,0,5,0,5
S01012792,All families in households,229,178,140,139,1,38,32,6,51,9,42
S01012792,Families with no dependent children,164,138,110,110,0,28,25,3,26,7,19
S01012792,Families with dependent children: Total,65,40,30,29,1,10,7,3,25,2,23
S01012792,Families with dependent children: Youngest aged 0 to 4,25,17,13,13,0,4,4,0,8,0,8
S01012792,Families with dependent children: Youngest aged 5 to 11,23,15,12,11,1,3,2,1,8,2,6
S01012792,Families with dependent children: Youngest aged 12 to 18,17,8,5,5,0,3,1,2,9,0,9
S01012793,All families in households,150,99,78,75,3,21,19,2,51,7,44
S01012793,Families with no dependent children,95,74,61,59,2,13,12,1,21,4,17
S01012793,Families with dependent children: Total,55,25,17,16,1,8,7,1,30,3,27
S01012793,Families with dependent children: Youngest aged 0 to 4,21,11,7,7,0,4,3,1,10,0,10
S01012793,Families with dependent children: Youngest aged 5 to 11,18,6,3,3,0,3,3,0,12,0,12
S01012793,Families with dependent children: Youngest aged 12 to 18,16,8,7,6,1,1,1,0,8,3,5
S01012794,All families in households,147,129,94,91,3,35,32,3,18,5,13
S01012794,Families with no dependent children,114,106,78,77,1,28,27,1,8,1,7
S01012794,Families with dependent children: Total,33,23,16,14,2,7,5,2,10,4,6
S01012794,Families with dependent children: Youngest aged 0 to 4,16,14,9,9,0,5,4,1,2,0,2
S01012794,Families with dependent children: Youngest aged 5 to 11,10,5,4,3,1,1,1,0,5,3,2
S01012794,Families with dependent children: Youngest aged 12 to 18,7,4,3,2,1,1,0,1,3,1,2
S01012795,All families in households,314,190,156,148,8,34,25,9,124,21,103
S01012795,Families with no dependent children,175,132,113,111,2,19,16,3,43,14,29
S01012795,Families with dependent children: Total,139,58,43,37,6,15,9,6,81,7,74
S01012795,Families with dependent children: Youngest aged 0 to 4,44,18,11,10,1,7,4,3,26,3,23
S01012795,Families with dependent children: Youngest aged 5 to 11,52,24,20,17,3,4,2,2,28,3,25
S01012795,Families with dependent children: Youngest aged 12 to 18,43,16,12,10,2,4,3,1,27,1,26
S01012796,All families in households,234,173,126,119,7,47,41,6,61,8,53
S01012796,Families with no dependent children,116,101,73,71,2,28,26,2,15,5,10
S01012796,Families with dependent children: Total,118,72,53,48,5,19,15,4,46,3,43
S01012796,Families with dependent children: Youngest aged 0 to 4,71,45,31,29,2,14,13,1,26,0,26
S01012796,Families with dependent children: Youngest aged 5 to 11,22,12,9,7,2,3,1,2,10,2,8
S01012796,Families with dependent children: Youngest aged 12 to 18,25,15,13,12,1,2,1,1,10,1,9
S01012797,All families in households,215,155,109,102,7,46,41,5,60,2,58
S01012797,Families with no dependent children,117,98,71,68,3,27,27,0,19,1,18
S01012797,Families with dependent children: Total,98,57,38,34,4,19,14,5,41,1,40
S01012797,Families with dependent children: Youngest aged 0 to 4,31,24,12,11,1,12,10,2,7,0,7
S01012797,Families with dependent children: Youngest aged 5 to 11,34,17,13,11,2,4,3,1,17,0,17
S01012797,Families with dependent children: Youngest aged 12 to 18,33,16,13,12,1,3,1,2,17,1,16
S01012798,All families in households,204,175,160,157,3,15,13,2,29,3,26
S01012798,Families with no dependent children,111,102,90,89,1,12,11,1,9,2,7
S01012798,Families with dependent children: Total,93,73,70,68,2,3,2,1,20,1,19
S01012798,Families with dependent children: Youngest aged 0 to 4,32,26,24,24,0,2,2,0,6,0,6
S01012798,Families with dependent children: Youngest aged 5 to 11,30,24,24,23,1,0,0,0,6,0,6
S01012798,Families with dependent children: Youngest aged 12 to 18,31,23,22,21,1,1,0,1,8,1,7
S01012799,All families in households,217,196,180,178,2,16,14,2,21,3,18
S01012799,Families with no dependent children,138,132,121,121,0,11,10,1,6,1,5
S01012799,Families with dependent children: Total,79,64,59,57,2,5,4,1,15,2,13
S01012799,Families with dependent children: Youngest aged 0 to 4,32,29,26,26,0,3,3,0,3,1,2
S01012799,Families with dependent children: Youngest aged 5 to 11,26,21,20,20,0,1,1,0,5,0,5
S01012799,Families with dependent children: Youngest aged 12 to 18,21,14,13,11,2,1,0,1,7,1,6
S01012800,All families in households,255,236,204,199,5,32,25,7,19,1,18
S01012800,Families with no dependent children,150,139,122,120,2,17,17,0,11,1,10
S01012800,Families with dependent children: Total,105,97,82,79,3,15,8,7,8,0,8
S01012800,Families with dependent children: Youngest aged 0 to 4,37,34,25,25,0,9,6,3,3,0,3
S01012800,Families with dependent children: Youngest aged 5 to 11,33,32,29,26,3,3,2,1,1,0,1
S01012800,Families with dependent children: Youngest aged 12 to 18,35,31,28,28,0,3,0,3,4,0,4
S01012801,All families in households,119,107,93,93,0,14,14,0,12,3,9
S01012801,Families with no dependent children,91,87,75,75,0,12,12,0,4,0,4
S01012801,Families with dependent children: Total,28,20,18,18,0,2,2,0,8,3,5
S01012801,Families with dependent children: Youngest aged 0 to 4,8,6,4,4,0,2,2,0,2,0,2
S01012801,Families with dependent children: Youngest aged 5 to 11,10,7,7,7,0,0,0,0,3,2,1
S01012801,Families with dependent children: Youngest aged 12 to 18,10,7,7,7,0,0,0,0,3,1,2
S01012802,All families in households,182,167,163,156,7,4,4,0,15,1,14
S01012802,Families with no dependent children,98,89,88,86,2,1,1,0,9,1,8
S01012802,Families with dependent children: Total,84,78,75,70,5,3,3,0,6,0,6
S01012802,Families with dependent children: Youngest aged 0 to 4,17,17,17,15,2,0,0,0,0,0,0
S01012802,Families with dependent children: Youngest aged 5 to 11,35,31,29,27,2,2,2,0,4,0,4
S01012802,Families with dependent children: Youngest aged 12 to 18,32,30,29,28,1,1,1,0,2,0,2
S01012803,All families in households,210,183,172,169,3,11,8,3,27,3,24
S01012803,Families with no dependent children,123,111,106,106,0,5,4,1,12,2,10
S01012803,Families with dependent children: Total,87,72,66,63,3,6,4,2,15,1,14
S01012803,Families with dependent children: Youngest aged 0 to 4,23,19,15,14,1,4,2,2,4,0,4
S01012803,Families with dependent children: Youngest aged 5 to 11,25,20,20,19,1,0,0,0,5,0,5
S01012803,Families with dependent children: Youngest aged 12 to 18,39,33,31,30,1,2,2,0,6,1,5
S01012804,All families in households,204,147,126,119,7,21,18,3,57,2,55
S01012804,Families with no dependent children,109,87,80,78,2,7,7,0,22,1,21
S01012804,Families with dependent children: Total,95,60,46,41,5,14,11,3,35,1,34
S01012804,Families with dependent children: Youngest aged 0 to 4,35,22,9,9,0,13,11,2,13,0,13
S01012804,Families with dependent children: Youngest aged 5 to 11,33,20,19,17,2,1,0,1,13,1,12
S01012804,Families with dependent children: Youngest aged 12 to 18,27,18,18,15,3,0,0,0,9,0,9
S01012805,All families in households,267,188,154,148,6,34,28,6,79,11,68
S01012805,Families with no dependent children,152,121,108,106,2,13,13,0,31,5,26
S01012805,Families with dependent children: Total,115,67,46,42,4,21,15,6,48,6,42
S01012805,Families with dependent children: Youngest aged 0 to 4,38,24,13,11,2,11,10,1,14,1,13
S01012805,Families with dependent children: Youngest aged 5 to 11,48,28,19,17,2,9,5,4,20,2,18
S01012805,Families with dependent children: Youngest aged 12 to 18,29,15,14,14,0,1,0,1,14,3,11
S01012806,All families in households,211,164,141,135,6,23,20,3,47,6,41
S01012806,Families with no dependent children,106,88,76,72,4,12,11,1,18,6,12
S01012806,Families with dependent children: Total,105,76,65,63,2,11,9,2,29,0,29
S01012806,Families with dependent children: Youngest aged 0 to 4,35,28,21,21,0,7,7,0,7,0,7
S01012806,Families with dependent children: Youngest aged 5 to 11,39,22,19,18,1,3,2,1,17,0,17
S01012806,Families with dependent children: Youngest aged 12 to 18,31,26,25,24,1,1,0,1,5,0,5
S01012807,All families in households,174,165,157,152,5,8,6,2,9,1,8
S01012807,Families with no dependent children,101,99,94,92,2,5,3,2,2,0,2
S01012807,Families with dependent children: Total,73,66,63,60,3,3,3,0,7,1,6
S01012807,Families with dependent children: Youngest aged 0 to 4,25,24,23,21,2,1,1,0,1,0,1
S01012807,Families with dependent children: Youngest aged 5 to 11,29,23,22,21,1,1,1,0,6,1,5
S01012807,Families with dependent children: Youngest aged 12 to 18,19,19,18,18,0,1,1,0,0,0,0
S01012808,All families in households,299,262,236,230,6,26,25,1,37,4,33
S01012808,Families with no dependent children,181,162,142,136,6,20,20,0,19,2,17
S01012808,Families with dependent children: Total,118,100,94,94,0,6,5,1,18,2,16
S01012808,Families with dependent children: Youngest aged 0 to 4,37,33,31,31,0,2,2,0,4,0,4
S01012808,Families with dependent children: Youngest aged 5 to 11,48,40,37,37,0,3,3,0,8,1,7
S01012808,Families with dependent children: Youngest aged 12 to 18,33,27,26,26,0,1,0,1,6,1,5
S01012809,All families in households,157,131,102,99,3,29,27,2,26,4,22
S01012809,Families with no dependent children,97,91,69,67,2,22,21,1,6,1,5
S01012809,Families with dependent children: Total,60,40,33,32,1,7,6,1,20,3,17
S01012809,Families with dependent children: Youngest aged 0 to 4,21,19,13,13,0,6,5,1,2,0,2
S01012809,Families with dependent children: Youngest aged 5 to 11,20,10,9,8,1,1,1,0,10,0,10
S01012809,Families with dependent children: Youngest aged 12 to 18,19,11,11,11,0,0,0,0,8,3,5
S01012810,All families in households,201,141,112,109,3,29,27,2,60,8,52
S01012810,Families with no dependent children,113,95,78,78,0,17,15,2,18,3,15
S01012810,Families with dependent children: Total,88,46,34,31,3,12,12,0,42,5,37
S01012810,Families with dependent children: Youngest aged 0 to 4,34,21,10,9,1,11,11,0,13,0,13
S01012810,Families with dependent children: Youngest aged 5 to 11,28,13,13,12,1,0,0,0,15,4,11
S01012810,Families with dependent children: Youngest aged 12 to 18,26,12,11,10,1,1,1,0,14,1,13
S01012811,All families in households,232,183,167,164,3,16,13,3,49,5,44
S01012811,Families with no dependent children,150,126,114,112,2,12,11,1,24,4,20
S01012811,Families with dependent children: Total,82,57,53,52,1,4,2,2,25,1,24
S01012811,Families with dependent children: Youngest aged 0 to 4,33,25,23,23,0,2,2,0,8,0,8
S01012811,Families with dependent children: Youngest aged 5 to 11,20,12,10,10,0,2,0,2,8,0,8
S01012811,Families with dependent children: Youngest aged 12 to 18,29,20,20,19,1,0,0,0,9,1,8
S01012812,All families in households,193,165,139,135,4,26,22,4,28,1,27
S01012812,Families with no dependent children,115,106,90,87,3,16,16,0,9,0,9
S01012812,Families with dependent children: Total,78,59,49,48,1,10,6,4,19,1,18
S01012812,Families with dependent children: Youngest aged 0 to 4,32,22,19,19,0,3,2,1,10,0,10
S01012812,Families with dependent children: Youngest aged 5 to 11,22,19,16,15,1,3,2,1,3,0,3
S01012812,Families with dependent children: Youngest aged 12 to 18,24,18,14,14,0,4,2,2,6,1,5
S01012813,All families in households,291,274,253,249,4,21,19,2,17,4,13
S01012813,Families with no dependent children,208,198,180,179,1,18,17,1,10,3,7
S01012813,Families with dependent children: Total,83,76,73,70,3,3,2,1,7,1,6
S01012813,Families with dependent children: Youngest aged 0 to 4,29,28,26,26,0,2,2,0,1,0,1
S01012813,Families with dependent children: Youngest aged 5 to 11,27,24,24,23,1,0,0,0,3,0,3
S01012813,Families with dependent children: Youngest aged 12 to 18,27,24,23,21,2,1,0,1,3,1,2
S01012814,All families in households,252,219,180,176,4,39,28,11,33,3,30
S01012814,Families with no dependent children,119,110,87,86,1,23,17,6,9,1,8
S01012814,Families with dependent children: Total,133,109,93,90,3,16,11,5,24,2,22
S01012814,Families with dependent children: Youngest aged 0 to 4,51,45,39,38,1,6,5,1,6,0,6
S01012814,Families with dependent children: Youngest aged 5 to 11,50,39,31,31,0,8,5,3,11,1,10
S01012814,Families with dependent children: Youngest aged 12 to 18,32,25,23,21,2,2,1,1,7,1,6
S01012815,All families in households,256,223,182,175,7,41,36,5,33,2,31
S01012815,Families with no dependent children,95,88,66,63,3,22,21,1,7,1,6
S01012815,Families with dependent children: Total,161,135,116,112,4,19,15,4,26,1,25
S01012815,Families with dependent children: Youngest aged 0 to 4,78,70,58,58,0,12,12,0,8,0,8
S01012815,Families with dependent children: Youngest aged 5 to 11,56,44,41,39,2,3,3,0,12,1,11
S01012815,Families with dependent children: Youngest aged 12 to 18,27,21,17,15,2,4,0,4,6,0,6
S01012816,All families in households,172,136,105,104,1,31,27,4,36,2,34
S01012816,Families with no dependent children,73,63,50,49,1,13,13,0,10,1,9
S01012816,Families with dependent children: Total,99,73,55,55,0,18,14,4,26,1,25
S01012816,Families with dependent children: Youngest aged 0 to 4,44,36,26,26,0,10,10,0,8,0,8
S01012816,Families with dependent children: Youngest aged 5 to 11,34,24,21,21,0,3,1,2,10,0,10
S01012816,Families with dependent children: Youngest aged 12 to 18,21,13,8,8,0,5,3,2,8,1,7
S01012817,All families in households,159,140,121,111,10,19,15,4,19,6,13
S01012817,Families with no dependent children,47,44,37,34,3,7,7,0,3,0,3
S01012817,Families with dependent children: Total,112,96,84,77,7,12,8,4,16,6,10
S01012817,Families with dependent children: Youngest aged 0 to 4,39,33,29,28,1,4,4,0,6,2,4
S01012817,Families with dependent children: Youngest aged 5 to 11,52,43,39,36,3,4,2,2,9,3,6
S01012817,Families with dependent children: Youngest aged 12 to 18,21,20,16,13,3,4,2,2,1,1,0
S01012818,All families in households,246,220,198,191,7,22,18,4,26,0,26
S01012818,Families with no dependent children,107,98,86,85,1,12,12,0,9,0,9
S01012818,Families with dependent children: Total,139,122,112,106,6,10,6,4,17,0,17
S01012818,Families with dependent children: Youngest aged 0 to 4,39,36,32,30,2,4,2,2,3,0,3
S01012818,Families with dependent children: Youngest aged 5 to 11,53,43,40,38,2,3,3,0,10,0,10
S01012818,Families with dependent children: Youngest aged 12 to 18,47,43,40,38,2,3,1,2,4,0,4
S01012819,All families in households,211,126,102,95,7,24,19,5,85,14,71
S01012819,Families with no dependent children,118,86,78,75,3,8,8,0,32,11,21
S01012819,Families with dependent children: Total,93,40,24,20,4,16,11,5,53,3,50
S01012819,Families with dependent children: Youngest aged 0 to 4,36,18,9,8,1,9,6,3,18,0,18
S01012819,Families with dependent children: Youngest aged 5 to 11,34,12,8,7,1,4,2,2,22,2,20
S01012819,Families with dependent children: Youngest aged 12 to 18,23,10,7,5,2,3,3,0,13,1,12
S01012820,All families in households,320,272,217,206,11,55,49,6,48,7,41
S01012820,Families with no dependent children,150,142,108,104,4,34,32,2,8,0,8
S01012820,Families with dependent children: Total,170,130,109,102,7,21,17,4,40,7,33
S01012820,Families with dependent children: Youngest aged 0 to 4,75,57,43,42,1,14,14,0,18,0,18
S01012820,Families with dependent children: Youngest aged 5 to 11,55,45,40,36,4,5,3,2,10,2,8
S01012820,Families with dependent children: Youngest aged 12 to 18,40,28,26,24,2,2,0,2,12,5,7
S01012821,All families in households,225,189,140,134,6,49,41,8,36,8,28
S01012821,Families with no dependent children,81,76,48,46,2,28,26,2,5,2,3
S01012821,Families with dependent children: Total,144,113,92,88,4,21,15,6,31,6,25
S01012821,Families with dependent children: Youngest aged 0 to 4,69,59,51,50,1,8,6,2,10,2,8
S01012821,Families with dependent children: Youngest aged 5 to 11,44,34,27,25,2,7,5,2,10,1,9
S01012821,Families with dependent children: Youngest aged 12 to 18,31,20,14,13,1,6,4,2,11,3,8
S01012822,All families in households,132,56,39,38,1,17,15,2,76,9,67
S01012822,Families with no dependent children,53,40,27,27,0,13,11,2,13,3,10
S01012822,Families with dependent children: Total,79,16,12,11,1,4,4,0,63,6,57
S01012822,Families with dependent children: Youngest aged 0 to 4,30,9,5,4,1,4,4,0,21,0,21
S01012822,Families with dependent children: Youngest aged 5 to 11,29,4,4,4,0,0,0,0,25,3,22
S01012822,Families with dependent children: Youngest aged 12 to 18,20,3,3,3,0,0,0,0,17,3,14
S01012823,All families in households,246,214,177,161,16,37,31,6,32,5,27
S01012823,Families with no dependent children,106,94,77,74,3,17,16,1,12,4,8
S01012823,Families with dependent children: Total,140,120,100,87,13,20,15,5,20,1,19
S01012823,Families with dependent children: Youngest aged 0 to 4,54,43,33,30,3,10,7,3,11,1,10
S01012823,Families with dependent children: Youngest aged 5 to 11,50,45,37,34,3,8,7,1,5,0,5
S01012823,Families with dependent children: Youngest aged 12 to 18,36,32,30,23,7,2,1,1,4,0,4
S01012824,All families in households,200,155,123,115,8,32,27,5,45,3,42
S01012824,Families with no dependent children,112,97,75,72,3,22,20,2,15,1,14
S01012824,Families with dependent children: Total,88,58,48,43,5,10,7,3,30,2,28
S01012824,Families with dependent children: Youngest aged 0 to 4,41,30,25,22,3,5,4,1,11,0,11
S01012824,Families with dependent children: Youngest aged 5 to 11,28,16,11,10,1,5,3,2,12,2,10
S01012824,Families with dependent children: Youngest aged 12 to 18,19,12,12,11,1,0,0,0,7,0,7
S01012825,All families in households,135,94,75,74,1,19,18,1,41,1,40
S01012825,Families with no dependent children,85,70,56,55,1,14,14,0,15,0,15
S01012825,Families with dependent children: Total,50,24,19,19,0,5,4,1,26,1,25
S01012825,Families with dependent children: Youngest aged 0 to 4,22,14,10,10,0,4,3,1,8,1,7
S01012825,Families with dependent children: Youngest aged 5 to 11,17,7,7,7,0,0,0,0,10,0,10
S01012825,Families with dependent children: Youngest aged 12 to 18,11,3,2,2,0,1,1,0,8,0,8
S01012826,All families in households,170,75,43,39,4,32,23,9,95,7,88
S01012826,Families with no dependent children,60,37,24,22,2,13,12,1,23,1,22
S01012826,Families with dependent children: Total,110,38,19,17,2,19,11,8,72,6,66
S01012826,Families with dependent children: Youngest aged 0 to 4,36,16,5,5,0,11,9,2,20,1,19
S01012826,Families with dependent children: Youngest aged 5 to 11,42,14,10,9,1,4,1,3,28,3,25
S01012826,Families with dependent children: Youngest aged 12 to 18,32,8,4,3,1,4,1,3,24,2,22
S01012827,All families in households,203,177,138,135,3,39,33,6,26,5,21
S01012827,Families with no dependent children,67,62,41,40,1,21,21,0,5,2,3
S01012827,Families with dependent children: Total,136,115,97,95,2,18,12,6,21,3,18
S01012827,Families with dependent children: Youngest aged 0 to 4,74,63,52,51,1,11,8,3,11,1,10
S01012827,Families with dependent children: Youngest aged 5 to 11,47,42,36,35,1,6,4,2,5,0,5
S01012827,Families with dependent children: Youngest aged 12 to 18,15,10,9,9,0,1,0,1,5,2,3
S01012828,All families in households,186,164,122,118,4,42,37,5,22,3,19
S01012828,Families with no dependent children,95,89,65,63,2,24,22,2,6,2,4
S01012828,Families with dependent children: Total,91,75,57,55,2,18,15,3,16,1,15
S01012828,Families with dependent children: Youngest aged 0 to 4,52,44,32,30,2,12,11,1,8,0,8
S01012828,Families with dependent children: Youngest aged 5 to 11,25,21,15,15,0,6,4,2,4,0,4
S01012828,Families with dependent children: Youngest aged 12 to 18,14,10,10,10,0,0,0,0,4,1,3
S01012829,All families in households,259,159,122,117,5,37,30,7,100,17,83
S01012829,Families with no dependent children,128,101,83,82,1,18,14,4,27,12,15
S01012829,Families with dependent children: Total,131,58,39,35,4,19,16,3,73,5,68
S01012829,Families with dependent children: Youngest aged 0 to 4,44,23,13,11,2,10,9,1,21,3,18
S01012829,Families with dependent children: Youngest aged 5 to 11,52,15,12,12,0,3,3,0,37,0,37
S01012829,Families with dependent children: Youngest aged 12 to 18,35,20,14,12,2,6,4,2,15,2,13
S01012830,All families in households,195,155,131,127,4,24,21,3,40,2,38
S01012830,Families with no dependent children,115,99,86,84,2,13,12,1,16,0,16
S01012830,Families with dependent children: Total,80,56,45,43,2,11,9,2,24,2,22
S01012830,Families with dependent children: Youngest aged 0 to 4,25,19,13,13,0,6,5,1,6,0,6
S01012830,Families with dependent children: Youngest aged 5 to 11,32,23,19,17,2,4,4,0,9,1,8
S01012830,Families with dependent children: Youngest aged 12 to 18,23,14,13,13,0,1,0,1,9,1,8
S01012831,All families in households,175,128,111,109,2,17,16,1,47,11,36
S01012831,Families with no dependent children,125,96,87,85,2,9,9,0,29,8,21
S01012831,Families with dependent children: Total,50,32,24,24,0,8,7,1,18,3,15
S01012831,Families with dependent children: Youngest aged 0 to 4,18,15,9,9,0,6,6,0,3,1,2
S01012831,Families with dependent children: Youngest aged 5 to 11,16,8,7,7,0,1,1,0,8,0,8
S01012831,Families with dependent children: Youngest aged 12 to 18,16,9,8,8,0,1,0,1,7,2,5
S01012832,All families in households,159,117,96,94,2,21,15,6,42,4,38
S01012832,Families with no dependent children,95,77,66,65,1,11,8,3,18,2,16
S01012832,Families with dependent children: Total,64,40,30,29,1,10,7,3,24,2,22
S01012832,Families with dependent children: Youngest aged 0 to 4,24,14,10,9,1,4,4,0,10,1,9
S01012832,Families with dependent children: Youngest aged 5 to 11,23,16,11,11,0,5,3,2,7,0,7
S01012832,Families with dependent children: Youngest aged 12 to 18,17,10,9,9,0,1,0,1,7,1,6
S01012833,All families in households,209,114,91,86,5,23,20,3,95,7,88
S01012833,Families with no dependent children,117,88,72,69,3,16,16,0,29,4,25
S01012833,Families with dependent children: Total,92,26,19,17,2,7,4,3,66,3,63
S01012833,Families with dependent children: Youngest aged 0 to 4,28,6,3,3,0,3,2,1,22,1,21
S01012833,Families with dependent children: Youngest aged 5 to 11,32,13,9,7,2,4,2,2,19,1,18
S01012833,Families with dependent children: Youngest aged 12 to 18,32,7,7,7,0,0,0,0,25,1,24
S01012834,All families in households,190,121,99,97,2,22,21,1,69,5,64
S01012834,Families with no dependent children,109,83,74,73,1,9,9,0,26,4,22
S01012834,Families with dependent children: Total,81,38,25,24,1,13,12,1,43,1,42
S01012834,Families with dependent children: Youngest aged 0 to 4,40,18,11,11,0,7,7,0,22,0,22
S01012834,Families with dependent children: Youngest aged 5 to 11,26,12,8,8,0,4,3,1,14,1,13
S01012834,Families with dependent children: Youngest aged 12 to 18,15,8,6,5,1,2,2,0,7,0,7
S01012835,All families in households,246,185,145,141,4,40,35,5,61,9,52
S01012835,Families with no dependent children,162,137,104,102,2,33,29,4,25,8,17
S01012835,Families with dependent children: Total,84,48,41,39,2,7,6,1,36,1,35
S01012835,Families with dependent children: Youngest aged 0 to 4,25,16,11,9,2,5,5,0,9,0,9
S01012835,Families with dependent children: Youngest aged 5 to 11,29,18,17,17,0,1,0,1,11,0,11
S01012835,Families with dependent children: Youngest aged 12 to 18,30,14,13,13,0,1,1,0,16,1,15
S01012836,All families in households,200,167,145,138,7,22,19,3,33,6,27
S01012836,Families with no dependent children,73,65,50,45,5,15,14,1,8,2,6
S01012836,Families with dependent children: Total,127,102,95,93,2,7,5,2,25,4,21
S01012836,Families with dependent children: Youngest aged 0 to 4,60,53,49,49,0,4,4,0,7,1,6
S01012836,Families with dependent children: Youngest aged 5 to 11,34,24,23,23,0,1,0,1,10,0,10
S01012836,Families with dependent children: Youngest aged 12 to 18,33,25,23,21,2,2,1,1,8,3,5
S01012837,All families in households,178,84,49,41,8,35,28,7,94,14,80
S01012837,Families with no dependent children,58,40,27,25,2,13,13,0,18,8,10
S01012837,Families with dependent children: Total,120,44,22,16,6,22,15,7,76,6,70
S01012837,Families with dependent children: Youngest aged 0 to 4,50,20,5,2,3,15,10,5,30,1,29
S01012837,Families with dependent children: Youngest aged 5 to 11,36,9,6,5,1,3,3,0,27,1,26
S01012837,Families with dependent children: Youngest aged 12 to 18,34,15,11,9,2,4,2,2,19,4,15
S01012838,All families in households,222,96,57,51,6,39,37,2,126,18,108
S01012838,Families with no dependent children,79,58,35,33,2,23,23,0,21,6,15
S01012838,Families with dependent children: Total,143,38,22,18,4,16,14,2,105,12,93
S01012838,Families with dependent children: Youngest aged 0 to 4,71,19,7,6,1,12,11,1,52,4,48
S01012838,Families with dependent children: Youngest aged 5 to 11,46,13,9,7,2,4,3,1,33,2,31
S01012838,Families with dependent children: Youngest aged 12 to 18,26,6,6,5,1,0,0,0,20,6,14
S01012839,All families in households,216,188,160,158,2,28,26,2,28,3,25
S01012839,Families with no dependent children,148,141,125,123,2,16,15,1,7,2,5
S01012839,Families with dependent children: Total,68,47,35,35,0,12,11,1,21,1,20
S01012839,Families with dependent children: Youngest aged 0 to 4,27,21,14,14,0,7,7,0,6,0,6
S01012839,Families with dependent children: Youngest aged 5 to 11,23,14,10,10,0,4,4,0,9,1,8
S01012839,Families with dependent children: Youngest aged 12 to 18,18,12,11,11,0,1,0,1,6,0,6
S01012840,All families in households,239,213,181,175,6,32,28,4,26,7,19
S01012840,Families with no dependent children,102,98,79,78,1,19,18,1,4,2,2
S01012840,Families with dependent children: Total,137,115,102,97,5,13,10,3,22,5,17
S01012840,Families with dependent children: Youngest aged 0 to 4,58,53,46,44,2,7,6,1,5,0,5
S01012840,Families with dependent children: Youngest aged 5 to 11,51,43,37,36,1,6,4,2,8,3,5
S01012840,Families with dependent children: Youngest aged 12 to 18,28,19,19,17,2,0,0,0,9,2,7
S01012841,All families in households,199,173,159,155,4,14,14,0,26,6,20
S01012841,Families with no dependent children,132,123,113,111,2,10,10,0,9,4,5
S01012841,Families with dependent children: Total,67,50,46,44,2,4,4,0,17,2,15
S01012841,Families with dependent children: Youngest aged 0 to 4,15,13,9,9,0,4,4,0,2,1,1
S01012841,Families with dependent children: Youngest aged 5 to 11,30,22,22,20,2,0,0,0,8,0,8
S01012841,Families with dependent children: Youngest aged 12 to 18,22,15,15,15,0,0,0,0,7,1,6
S01012842,All families in households,161,135,114,111,3,21,20,1,26,4,22
S01012842,Families with no dependent children,108,100,82,81,1,18,17,1,8,4,4
S01012842,Families with dependent children: Total,53,35,32,30,2,3,3,0,18,0,18
S01012842,Families with dependent children: Youngest aged 0 to 4,21,14,13,12,1,1,1,0,7,0,7
S01012842,Families with dependent children: Youngest aged 5 to 11,11,7,6,6,0,1,1,0,4,0,4
S01012842,Families with dependent children: Youngest aged 12 to 18,21,14,13,12,1,1,1,0,7,0,7
S01012843,All families in households,300,277,244,237,7,33,29,4,23,1,22
S01012843,Families with no dependent children,178,169,146,145,1,23,22,1,9,0,9
S01012843,Families with dependent children: Total,122,108,98,92,6,10,7,3,14,1,13
S01012843,Families with dependent children: Youngest aged 0 to 4,45,41,34,32,2,7,6,1,4,0,4
S01012843,Families with dependent children: Youngest aged 5 to 11,44,39,37,35,2,2,1,1,5,1,4
S01012843,Families with dependent children: Youngest aged 12 to 18,33,28,27,25,2,1,0,1,5,0,5
S01012844,All families in households,210,191,178,173,5,13,13,0,19,3,16
S01012844,Families with no dependent children,116,104,97,95,2,7,7,0,12,3,9
S01012844,Families with dependent children: Total,94,87,81,78,3,6,6,0,7,0,7
S01012844,Families with dependent children: Youngest aged 0 to 4,34,31,28,26,2,3,3,0,3,0,3
S01012844,Families with dependent children: Youngest aged 5 to 11,23,22,22,21,1,0,0,0,1,0,1
S01012844,Families with dependent children: Youngest aged 12 to 18,37,34,31,31,0,3,3,0,3,0,3
S01012845,All families in households,199,167,150,144,6,17,15,2,32,5,27
S01012845,Families with no dependent children,108,94,83,80,3,11,10,1,14,4,10
S01012845,Families with dependent children: Total,91,73,67,64,3,6,5,1,18,1,17
S01012845,Families with dependent children: Youngest aged 0 to 4,34,27,23,23,0,4,3,1,7,0,7
S01012845,Families with dependent children: Youngest aged 5 to 11,26,21,19,18,1,2,2,0,5,1,4
S01012845,Families with dependent children: Youngest aged 12 to 18,31,25,25,23,2,0,0,0,6,0,6
S01012846,All families in households,241,158,120,117,3,38,35,3,83,14,69
S01012846,Families with no dependent children,157,121,94,92,2,27,27,0,36,10,26
S01012846,Families with dependent children: Total,84,37,26,25,1,11,8,3,47,4,43
S01012846,Families with dependent children: Youngest aged 0 to 4,42,19,12,12,0,7,6,1,23,1,22
S01012846,Families with dependent children: Youngest aged 5 to 11,24,9,5,5,0,4,2,2,15,1,14
S01012846,Families with dependent children: Youngest aged 12 to 18,18,9,9,8,1,0,0,0,9,2,7
S01012847,All families in households,155,129,116,113,3,13,12,1,26,0,26
S01012847,Families with no dependent children,82,73,69,68,1,4,4,0,9,0,9
S01012847,Families with dependent children: Total,73,56,47,45,2,9,8,1,17,0,17
S01012847,Families with dependent children: Youngest aged 0 to 4,21,17,13,12,1,4,4,0,4,0,4
S01012847,Families with dependent children: Youngest aged 5 to 11,25,18,16,16,0,2,2,0,7,0,7
S01012847,Families with dependent children: Youngest aged 12 to 18,27,21,18,17,1,3,2,1,6,0,6
S01012848,All families in households,227,195,157,152,5,38,28,10,32,4,28
S01012848,Families with no dependent children,107,93,79,77,2,14,12,2,14,3,11
S01012848,Families with dependent children: Total,120,102,78,75,3,24,16,8,18,1,17
S01012848,Families with dependent children: Youngest aged 0 to 4,58,49,38,38,0,11,7,4,9,0,9
S01012848,Families with dependent children: Youngest aged 5 to 11,39,33,24,24,0,9,6,3,6,1,5
S01012848,Families with dependent children: Youngest aged 12 to 18,23,20,16,13,3,4,3,1,3,0,3
S01012849,All families in households,204,152,99,95,4,53,49,4,52,4,48
S01012849,Families with no dependent children,113,96,61,60,1,35,33,2,17,3,14
S01012849,Families with dependent children: Total,91,56,38,35,3,18,16,2,35,1,34
S01012849,Families with dependent children: Youngest aged 0 to 4,55,37,24,22,2,13,13,0,18,0,18
S01012849,Families with dependent children: Youngest aged 5 to 11,26,15,12,11,1,3,2,1,11,1,10
S01012849,Families with dependent children: Youngest aged 12 to 18,10,4,2,2,0,2,1,1,6,0,6
S01012850,All families in households,205,147,116,112,4,31,24,7,58,7,51
S01012850,Families with no dependent children,140,115,99,97,2,16,13,3,25,5,20
S01012850,Families with dependent children: Total,65,32,17,15,2,15,11,4,33,2,31
S01012850,Families with dependent children: Youngest aged 0 to 4,17,10,5,5,0,5,5,0,7,1,6
S01012850,Families with dependent children: Youngest aged 5 to 11,24,11,4,4,0,7,3,4,13,1,12
S01012850,Families with dependent children: Youngest aged 12 to 18,24,11,8,6,2,3,3,0,13,0,13
S01012851,All families in households,244,190,170,168,2,20,15,5,54,7,47
S01012851,Families with no dependent children,162,137,124,123,1,13,11,2,25,5,20
S01012851,Families with dependent children: Total,82,53,46,45,1,7,4,3,29,2,27
S01012851,Families with dependent children: Youngest aged 0 to 4,24,16,13,13,0,3,2,1,8,0,8
S01012851,Families with dependent children: Youngest aged 5 to 11,22,13,11,11,0,2,1,1,9,1,8
S01012851,Families with dependent children: Youngest aged 12 to 18,36,24,22,21,1,2,1,1,12,1,11
S01012852,All families in households,211,189,169,164,5,20,18,2,22,5,17
S01012852,Families with no dependent children,144,131,121,118,3,10,10,0,13,3,10
S01012852,Families with dependent children: Total,67,58,48,46,2,10,8,2,9,2,7
S01012852,Families with dependent children: Youngest aged 0 to 4,23,22,17,17,0,5,5,0,1,0,1
S01012852,Families with dependent children: Youngest aged 5 to 11,22,19,16,14,2,3,2,1,3,0,3
S01012852,Families with dependent children: Youngest aged 12 to 18,22,17,15,15,0,2,1,1,5,2,3
S01012853,All families in households,242,220,204,199,5,16,11,5,22,4,18
S01012853,Families with no dependent children,178,171,161,156,5,10,8,2,7,3,4
S01012853,Families with dependent children: Total,64,49,43,43,0,6,3,3,15,1,14
S01012853,Families with dependent children: Youngest aged 0 to 4,15,12,9,9,0,3,2,1,3,0,3
S01012853,Families with dependent children: Youngest aged 5 to 11,18,14,12,12,0,2,0,2,4,0,4
S01012853,Families with dependent children: Youngest aged 12 to 18,31,23,22,22,0,1,1,0,8,1,7
S01012854,All families in households,238,199,164,163,1,35,31,4,39,3,36
S01012854,Families with no dependent children,150,135,110,110,0,25,23,2,15,3,12
S01012854,Families with dependent children: Total,88,64,54,53,1,10,8,2,24,0,24
S01012854,Families with dependent children: Youngest aged 0 to 4,40,34,28,28,0,6,6,0,6,0,6
S01012854,Families with dependent children: Youngest aged 5 to 11,22,14,14,13,1,0,0,0,8,0,8
S01012854,Families with dependent children: Youngest aged 12 to 18,26,16,12,12,0,4,2,2,10,0,10
S01012855,All families in households,184,160,123,120,3,37,33,4,24,4,20
S01012855,Families with no dependent children,105,97,73,71,2,24,24,0,8,2,6
S01012855,Families with dependent children: Total,79,63,50,49,1,13,9,4,16,2,14
S01012855,Families with dependent children: Youngest aged 0 to 4,35,32,21,21,0,11,9,2,3,1,2
S01012855,Families with dependent children: Youngest aged 5 to 11,20,15,14,14,0,1,0,1,5,0,5
S01012855,Families with dependent children: Youngest aged 12 to 18,24,16,15,14,1,1,0,1,8,1,7
S01012856,All families in households,166,129,94,92,2,35,32,3,37,7,30
S01012856,Families with no dependent children,123,106,81,80,1,25,25,0,17,5,12
S01012856,Families with dependent children: Total,43,23,13,12,1,10,7,3,20,2,18
S01012856,Families with dependent children: Youngest aged 0 to 4,16,7,5,5,0,2,1,1,9,0,9
S01012856,Families with dependent children: Youngest aged 5 to 11,19,10,4,3,1,6,5,1,9,2,7
S01012856,Families with dependent children: Youngest aged 12 to 18,8,6,4,4,0,2,1,1,2,0,2
S01012857,All families in households,209,153,126,121,5,27,26,1,56,6,50
S01012857,Families with no dependent children,141,115,98,95,3,17,17,0,26,4,22
S01012857,Families with dependent children: Total,68,38,28,26,2,10,9,1,30,2,28
S01012857,Families with dependent children: Youngest aged 0 to 4,26,16,11,11,0,5,5,0,10,0,10
S01012857,Families with dependent children: Youngest aged 5 to 11,25,15,10,10,0,5,4,1,10,2,8
S01012857,Families with dependent children: Youngest aged 12 to 18,17,7,7,5,2,0,0,0,10,0,10
S01012858,All families in households,159,107,76,75,1,31,28,3,52,2,50
S01012858,Families with no dependent children,100,83,62,62,0,21,20,1,17,1,16
S01012858,Families with dependent children: Total,59,24,14,13,1,10,8,2,35,1,34
S01012858,Families with dependent children: Youngest aged 0 to 4,17,10,4,4,0,6,5,1,7,0,7
S01012858,Families with dependent children: Youngest aged 5 to 11,23,5,3,3,0,2,2,0,18,1,17
S01012858,Families with dependent children: Youngest aged 12 to 18,19,9,7,6,1,2,1,1,10,0,10
S01012859,All families in households,260,210,141,137,4,69,68,1,50,4,46
S01012859,Families with no dependent children,139,125,77,75,2,48,48,0,14,0,14
S01012859,Families with dependent children: Total,121,85,64,62,2,21,20,1,36,4,32
S01012859,Families with dependent children: Youngest aged 0 to 4,52,39,24,24,0,15,15,0,13,0,13
S01012859,Families with dependent children: Youngest aged 5 to 11,39,24,20,19,1,4,4,0,15,3,12
S01012859,Families with dependent children: Youngest aged 12 to 18,30,22,20,19,1,2,1,1,8,1,7
S01012860,All families in households,225,190,170,165,5,20,20,0,35,1,34
S01012860,Families with no dependent children,143,131,117,112,5,14,14,0,12,1,11
S01012860,Families with dependent children: Total,82,59,53,53,0,6,6,0,23,0,23
S01012860,Families with dependent children: Youngest aged 0 to 4,35,24,20,20,0,4,4,0,11,0,11
S01012860,Families with dependent children: Youngest aged 5 to 11,18,15,13,13,0,2,2,0,3,0,3
S01012860,Families with dependent children: Youngest aged 12 to 18,29,20,20,20,0,0,0,0,9,0,9
S01012861,All families in households,200,169,142,136,6,27,23,4,31,5,26
S01012861,Families with no dependent children,121,110,90,89,1,20,18,2,11,3,8
S01012861,Families with dependent children: Total,79,59,52,47,5,7,5,2,20,2,18
S01012861,Families with dependent children: Youngest aged 0 to 4,26,22,18,18,0,4,4,0,4,0,4
S01012861,Families with dependent children: Youngest aged 5 to 11,26,16,14,11,3,2,1,1,10,1,9
S01012861,Families with dependent children: Youngest aged 12 to 18,27,21,20,18,2,1,0,1,6,1,5
S01012862,All families in households,120,74,60,58,2,14,13,1,46,4,42
S01012862,Families with no dependent children,66,54,46,46,0,8,8,0,12,2,10
S01012862,Families with dependent children: Total,54,20,14,12,2,6,5,1,34,2,32
S01012862,Families with dependent children: Youngest aged 0 to 4,24,11,9,8,1,2,2,0,13,1,12
S01012862,Families with dependent children: Youngest aged 5 to 11,13,5,3,2,1,2,2,0,8,0,8
S01012862,Families with dependent children: Youngest aged 12 to 18,17,4,2,2,0,2,1,1,13,1,12
S01012863,All families in households,122,73,44,42,2,29,25,4,49,7,42
S01012863,Families with no dependent children,70,57,33,33,0,24,21,3,13,6,7
S01012863,Families with dependent children: Total,52,16,11,9,2,5,4,1,36,1,35
S01012863,Families with dependent children: Youngest aged 0 to 4,24,10,5,4,1,5,4,1,14,0,14
S01012863,Families with dependent children: Youngest aged 5 to 11,19,3,3,3,0,0,0,0,16,1,15
S01012863,Families with dependent children: Youngest aged 12 to 18,9,3,3,2,1,0,0,0,6,0,6
S01012864,All families in households,192,109,66,59,7,43,37,6,83,7,76
S01012864,Families with no dependent children,103,77,48,45,3,29,27,2,26,6,20
S01012864,Families with dependent children: Total,89,32,18,14,4,14,10,4,57,1,56
S01012864,Families with dependent children: Youngest aged 0 to 4,43,12,4,3,1,8,7,1,31,1,30
S01012864,Families with dependent children: Youngest aged 5 to 11,26,11,8,7,1,3,1,2,15,0,15
S01012864,Families with dependent children: Youngest aged 12 to 18,20,9,6,4,2,3,2,1,11,0,11
S01012865,All families in households,221,174,147,145,2,27,26,1,47,6,41
S01012865,Families with no dependent children,140,119,100,100,0,19,18,1,21,5,16
S01012865,Families with dependent children: Total,81,55,47,45,2,8,8,0,26,1,25
S01012865,Families with dependent children: Youngest aged 0 to 4,36,22,17,15,2,5,5,0,14,0,14
S01012865,Families with dependent children: Youngest aged 5 to 11,22,16,15,15,0,1,1,0,6,0,6
S01012865,Families with dependent children: Youngest aged 12 to 18,23,17,15,15,0,2,2,0,6,1,5
S01012866,All families in households,204,155,118,116,2,37,35,2,49,7,42
S01012866,Families with no dependent children,113,98,75,73,2,23,23,0,15,4,11
S01012866,Families with dependent children: Total,91,57,43,43,0,14,12,2,34,3,31
S01012866,Families with dependent children: Youngest aged 0 to 4,26,17,11,11,0,6,5,1,9,0,9
S01012866,Families with dependent children: Youngest aged 5 to 11,33,24,18,18,0,6,6,0,9,0,9
S01012866,Families with dependent children: Youngest aged 12 to 18,32,16,14,14,0,2,1,1,16,3,13
S01012867,All families in households,211,136,114,111,3,22,22,0,75,11,64
S01012867,Families with no dependent children,149,107,96,95,1,11,11,0,42,10,32
S01012867,Families with dependent children: Total,62,29,18,16,2,11,11,0,33,1,32
S01012867,Families with dependent children: Youngest aged 0 to 4,28,17,7,6,1,10,10,0,11,1,10
S01012867,Families with dependent children: Youngest aged 5 to 11,16,7,6,6,0,1,1,0,9,0,9
S01012867,Families with dependent children: Youngest aged 12 to 18,18,5,5,4,1,0,0,0,13,0,13
S01012868,All families in households,145,97,72,68,4,25,23,2,48,9,39
S01012868,Families with no dependent children,104,80,62,60,2,18,18,0,24,8,16
S01012868,Families with dependent children: Total,41,17,10,8,2,7,5,2,24,1,23
S01012868,Families with dependent children: Youngest aged 0 to 4,20,8,2,1,1,6,4,2,12,1,11
S01012868,Families with dependent children: Youngest aged 5 to 11,3,1,1,1,0,0,0,0,2,0,2
S01012868,Families with dependent children: Youngest aged 12 to 18,18,8,7,6,1,1,1,0,10,0,10
S01012869,All families in households,152,63,42,38,4,21,17,4,89,9,80
S01012869,Families with no dependent children,59,34,24,22,2,10,8,2,25,3,22
S01012869,Families with dependent children: Total,93,29,18,16,2,11,9,2,64,6,58
S01012869,Families with dependent children: Youngest aged 0 to 4,30,11,4,4,0,7,7,0,19,1,18
S01012869,Families with dependent children: Youngest aged 5 to 11,33,6,5,4,1,1,0,1,27,4,23
S01012869,Families with dependent children: Youngest aged 12 to 18,30,12,9,8,1,3,2,1,18,1,17
S01012870,All families in households,278,233,212,203,9,21,19,2,45,8,37
S01012870,Families with no dependent children,188,162,153,150,3,9,9,0,26,5,21
S01012870,Families with dependent children: Total,90,71,59,53,6,12,10,2,19,3,16
S01012870,Families with dependent children: Youngest aged 0 to 4,25,22,17,16,1,5,5,0,3,2,1
S01012870,Families with dependent children: Youngest aged 5 to 11,31,24,19,16,3,5,4,1,7,0,7
S01012870,Families with dependent children: Youngest aged 12 to 18,34,25,23,21,2,2,1,1,9,1,8
S01012871,All families in households,256,204,173,170,3,31,31,0,52,4,48
S01012871,Families with no dependent children,167,144,124,121,3,20,20,0,23,3,20
S01012871,Families with dependent children: Total,89,60,49,49,0,11,11,0,29,1,28
S01012871,Families with dependent children: Youngest aged 0 to 4,34,26,19,19,0,7,7,0,8,0,8
S01012871,Families with dependent children: Youngest aged 5 to 11,26,16,14,14,0,2,2,0,10,0,10
S01012871,Families with dependent children: Youngest aged 12 to 18,29,18,16,16,0,2,2,0,11,1,10
S01012872,All families in households,210,147,119,115,4,28,25,3,63,5,58
S01012872,Families with no dependent children,103,89,69,66,3,20,19,1,14,3,11
S01012872,Families with dependent children: Total,107,58,50,49,1,8,6,2,49,2,47
S01012872,Families with dependent children: Youngest aged 0 to 4,37,23,18,17,1,5,4,1,14,0,14
S01012872,Families with dependent children: Youngest aged 5 to 11,40,20,17,17,0,3,2,1,20,2,18
S01012872,Families with dependent children: Youngest aged 12 to 18,30,15,15,15,0,0,0,0,15,0,15
S01012873,All families in households,256,186,147,142,5,39,33,6,70,3,67
S01012873,Families with no dependent children,140,125,104,101,3,21,18,3,15,3,12
S01012873,Families with dependent children: Total,116,61,43,41,2,18,15,3,55,0,55
S01012873,Families with dependent children: Youngest aged 0 to 4,38,23,12,12,0,11,11,0,15,0,15
S01012873,Families with dependent children: Youngest aged 5 to 11,44,20,17,15,2,3,2,1,24,0,24
S01012873,Families with dependent children: Youngest aged 12 to 18,34,18,14,14,0,4,2,2,16,0,16
S01012874,All families in households,213,129,111,106,5,18,14,4,84,6,78
S01012874,Families with no dependent children,112,84,76,73,3,8,6,2,28,0,28
S01012874,Families with dependent children: Total,101,45,35,33,2,10,8,2,56,6,50
S01012874,Families with dependent children: Youngest aged 0 to 4,39,18,12,12,0,6,6,0,21,3,18
S01012874,Families with dependent children: Youngest aged 5 to 11,28,10,9,9,0,1,0,1,18,1,17
S01012874,Families with dependent children: Youngest aged 12 to 18,34,17,14,12,2,3,2,1,17,2,15
S01012875,All families in households,152,106,75,72,3,31,23,8,46,3,43
S01012875,Families with no dependent children,83,66,48,47,1,18,15,3,17,1,16
S01012875,Families with dependent children: Total,69,40,27,25,2,13,8,5,29,2,27
S01012875,Families with dependent children: Youngest aged 0 to 4,23,14,7,7,0,7,5,2,9,1,8
S01012875,Families with dependent children: Youngest aged 5 to 11,26,15,11,10,1,4,3,1,11,0,11
S01012875,Families with dependent children: Youngest aged 12 to 18,20,11,9,8,1,2,0,2,9,1,8
S01012876,All families in households,237,151,123,115,8,28,21,7,86,13,73
S01012876,Families with no dependent children,140,105,90,88,2,15,11,4,35,10,25
S01012876,Families with dependent children: Total,97,46,33,27,6,13,10,3,51,3,48
S01012876,Families with dependent children: Youngest aged 0 to 4,39,16,9,7,2,7,5,2,23,1,22
S01012876,Families with dependent children: Youngest aged 5 to 11,30,20,15,12,3,5,4,1,10,1,9
S01012876,Families with dependent children: Youngest aged 12 to 18,28,10,9,8,1,1,1,0,18,1,17
S01012877,All families in households,232,152,136,131,5,16,13,3,80,13,67
S01012877,Families with no dependent children,153,109,101,101,0,8,7,1,44,12,32
S01012877,Families with dependent children: Total,79,43,35,30,5,8,6,2,36,1,35
S01012877,Families with dependent children: Youngest aged 0 to 4,21,10,8,7,1,2,2,0,11,1,10
S01012877,Families with dependent children: Youngest aged 5 to 11,25,14,11,10,1,3,1,2,11,0,11
S01012877,Families with dependent children: Youngest aged 12 to 18,33,19,16,13,3,3,3,0,14,0,14
S01012878,All families in households,279,253,226,219,7,27,27,0,26,3,23
S01012878,Families with no dependent children,175,162,140,136,4,22,22,0,13,3,10
S01012878,Families with dependent children: Total,104,91,86,83,3,5,5,0,13,0,13
S01012878,Families with dependent children: Youngest aged 0 to 4,38,32,30,30,0,2,2,0,6,0,6
S01012878,Families with dependent children: Youngest aged 5 to 11,33,29,27,24,3,2,2,0,4,0,4
S01012878,Families with dependent children: Youngest aged 12 to 18,33,30,29,29,0,1,1,0,3,0,3
S01012879,All families in households,207,176,156,152,4,20,17,3,31,5,26
S01012879,Families with no dependent children,111,102,92,90,2,10,10,0,9,1,8
S01012879,Families with dependent children: Total,96,74,64,62,2,10,7,3,22,4,18
S01012879,Families with dependent children: Youngest aged 0 to 4,31,25,22,21,1,3,3,0,6,2,4
S01012879,Families with dependent children: Youngest aged 5 to 11,19,10,8,8,0,2,2,0,9,0,9
S01012879,Families with dependent children: Youngest aged 12 to 18,46,39,34,33,1,5,2,3,7,2,5
S01012880,All families in households,270,237,224,217,7,13,13,0,33,4,29
S01012880,Families with no dependent children,162,150,141,138,3,9,9,0,12,1,11
S01012880,Families with dependent children: Total,108,87,83,79,4,4,4,0,21,3,18
S01012880,Families with dependent children: Youngest aged 0 to 4,27,22,20,18,2,2,2,0,5,0,5
S01012880,Families with dependent children: Youngest aged 5 to 11,37,32,31,31,0,1,1,0,5,1,4
S01012880,Families with dependent children: Youngest aged 12 to 18,44,33,32,30,2,1,1,0,11,2,9
S01012881,All families in households,242,210,188,183,5,22,19,3,32,7,25
S01012881,Families with no dependent children,173,155,138,138,0,17,17,0,18,5,13
S01012881,Families with dependent children: Total,69,55,50,45,5,5,2,3,14,2,12
S01012881,Families with dependent children: Youngest aged 0 to 4,19,18,17,16,1,1,0,1,1,0,1
S01012881,Families with dependent children: Youngest aged 5 to 11,24,16,14,13,1,2,2,0,8,2,6
S01012881,Families with dependent children: Youngest aged 12 to 18,26,21,19,16,3,2,0,2,5,0,5
S01012882,All families in households,180,115,94,89,5,21,17,4,65,4,61
S01012882,Families with no dependent children,100,84,72,71,1,12,11,1,16,2,14
S01012882,Families with dependent children: Total,80,31,22,18,4,9,6,3,49,2,47
S01012882,Families with dependent children: Youngest aged 0 to 4,27,10,3,0,3,7,6,1,17,1,16
S01012882,Families with dependent children: Youngest aged 5 to 11,35,14,12,11,1,2,0,2,21,1,20
S01012882,Families with dependent children: Youngest aged 12 to 18,18,7,7,7,0,0,0,0,11,0,11
S01012883,All families in households,158,89,71,68,3,18,17,1,69,6,63
S01012883,Families with no dependent children,82,58,48,46,2,10,10,0,24,2,22
S01012883,Families with dependent children: Total,76,31,23,22,1,8,7,1,45,4,41
S01012883,Families with dependent children: Youngest aged 0 to 4,34,16,9,9,0,7,6,1,18,0,18
S01012883,Families with dependent children: Youngest aged 5 to 11,25,11,10,9,1,1,1,0,14,3,11
S01012883,Families with dependent children: Youngest aged 12 to 18,17,4,4,4,0,0,0,0,13,1,12
S01012884,All families in households,137,109,96,96,0,13,10,3,28,5,23
S01012884,Families with no dependent children,79,74,68,68,0,6,6,0,5,1,4
S01012884,Families with dependent children: Total,58,35,28,28,0,7,4,3,23,4,19
S01012884,Families with dependent children: Youngest aged 0 to 4,25,15,12,12,0,3,3,0,10,0,10
S01012884,Families with dependent children: Youngest aged 5 to 11,18,11,9,9,0,2,1,1,7,1,6
S01012884,Families with dependent children: Youngest aged 12 to 18,15,9,7,7,0,2,0,2,6,3,3
S01012885,All families in households,98,66,41,39,2,25,22,3,32,5,27
S01012885,Families with no dependent children,57,42,27,25,2,15,12,3,15,2,13
S01012885,Families with dependent children: Total,41,24,14,14,0,10,10,0,17,3,14
S01012885,Families with dependent children: Youngest aged 0 to 4,20,13,5,5,0,8,8,0,7,0,7
S01012885,Families with dependent children: Youngest aged 5 to 11,6,2,1,1,0,1,1,0,4,1,3
S01012885,Families with dependent children: Youngest aged 12 to 18,15,9,8,8,0,1,1,0,6,2,4
S01012886,All families in households,244,218,191,187,4,27,25,2,26,4,22
S01012886,Families with no dependent children,162,146,130,129,1,16,16,0,16,4,12
S01012886,Families with dependent children: Total,82,72,61,58,3,11,9,2,10,0,10
S01012886,Families with dependent children: Youngest aged 0 to 4,26,23,16,16,0,7,6,1,3,0,3
S01012886,Families with dependent children: Youngest aged 5 to 11,26,20,17,14,3,3,2,1,6,0,6
S01012886,Families with dependent children: Youngest aged 12 to 18,30,29,28,28,0,1,1,0,1,0,1
S01012887,All families in households,225,200,172,171,1,28,25,3,25,4,21
S01012887,Families with no dependent children,154,136,117,116,1,19,18,1,18,4,14
S01012887,Families with dependent children: Total,71,64,55,55,0,9,7,2,7,0,7
S01012887,Families with dependent children: Youngest aged 0 to 4,25,25,20,20,0,5,3,2,0,0,0
S01012887,Families with dependent children: Youngest aged 5 to 11,25,22,20,20,0,2,2,0,3,0,3
S01012887,Families with dependent children: Youngest aged 12 to 18,21,17,15,15,0,2,2,0,4,0,4
S01012888,All families in households,253,230,216,211,5,14,13,1,23,1,22
S01012888,Families with no dependent children,160,154,143,142,1,11,10,1,6,0,6
S01012888,Families with dependent children: Total,93,76,73,69,4,3,3,0,17,1,16
S01012888,Families with dependent children: Youngest aged 0 to 4,31,27,26,25,1,1,1,0,4,0,4
S01012888,Families with dependent children: Youngest aged 5 to 11,27,21,20,20,0,1,1,0,6,0,6
S01012888,Families with dependent children: Youngest aged 12 to 18,35,28,27,24,3,1,1,0,7,1,6
S01012889,All families in households,274,231,188,184,4,43,34,9,43,4,39
S01012889,Families with no dependent children,131,120,98,95,3,22,22,0,11,1,10
S01012889,Families with dependent children: Total,143,111,90,89,1,21,12,9,32,3,29
S01012889,Families with dependent children: Youngest aged 0 to 4,75,64,49,48,1,15,9,6,11,1,10
S01012889,Families with dependent children: Youngest aged 5 to 11,38,29,28,28,0,1,1,0,9,0,9
S01012889,Families with dependent children: Youngest aged 12 to 18,30,18,13,13,0,5,2,3,12,2,10
S01012890,All families in households,210,130,103,96,7,27,23,4,80,7,73
S01012890,Families with no dependent children,97,66,57,55,2,9,9,0,31,4,27
S01012890,Families with dependent children: Total,113,64,46,41,5,18,14,4,49,3,46
S01012890,Families with dependent children: Youngest aged 0 to 4,38,22,14,12,2,8,7,1,16,1,15
S01012890,Families with dependent children: Youngest aged 5 to 11,42,24,18,16,2,6,4,2,18,1,17
S01012890,Families with dependent children: Youngest aged 12 to 18,33,18,14,13,1,4,3,1,15,1,14
S01012891,All families in households,152,117,96,93,3,21,18,3,35,2,33
S01012891,Families with no dependent children,92,79,66,63,3,13,11,2,13,1,12
S01012891,Families with dependent children: Total,60,38,30,30,0,8,7,1,22,1,21
S01012891,Families with dependent children: Youngest aged 0 to 4,22,20,16,16,0,4,3,1,2,0,2
S01012891,Families with dependent children: Youngest aged 5 to 11,20,12,10,10,0,2,2,0,8,0,8
S01012891,Families with dependent children: Youngest aged 12 to 18,18,6,4,4,0,2,2,0,12,1,11
S01012892,All families in households,313,177,150,143,7,27,21,6,136,10,126
S01012892,Families with no dependent children,184,141,121,117,4,20,18,2,43,8,35
S01012892,Families with dependent children: Total,129,36,29,26,3,7,3,4,93,2,91
S01012892,Families with dependent children: Youngest aged 0 to 4,42,9,6,5,1,3,3,0,33,0,33
S01012892,Families with dependent children: Youngest aged 5 to 11,43,14,10,9,1,4,0,4,29,0,29
S01012892,Families with dependent children: Youngest aged 12 to 18,44,13,13,12,1,0,0,0,31,2,29
S01012893,All families in households,225,123,107,101,6,16,14,2,102,12,90
S01012893,Families with no dependent children,126,91,78,76,2,13,12,1,35,8,27
S01012893,Families with dependent children: Total,99,32,29,25,4,3,2,1,67,4,63
S01012893,Families with dependent children: Youngest aged 0 to 4,43,10,7,6,1,3,2,1,33,0,33
S01012893,Families with dependent children: Youngest aged 5 to 11,31,13,13,11,2,0,0,0,18,3,15
S01012893,Families with dependent children: Youngest aged 12 to 18,25,9,9,8,1,0,0,0,16,1,15
S01012894,All families in households,233,189,158,157,1,31,24,7,44,5,39
S01012894,Families with no dependent children,99,91,75,74,1,16,16,0,8,2,6
S01012894,Families with dependent children: Total,134,98,83,83,0,15,8,7,36,3,33
S01012894,Families with dependent children: Youngest aged 0 to 4,52,45,39,39,0,6,3,3,7,0,7
S01012894,Families with dependent children: Youngest aged 5 to 11,41,29,22,22,0,7,5,2,12,1,11
S01012894,Families with dependent children: Youngest aged 12 to 18,41,24,22,22,0,2,0,2,17,2,15
S01012895,All families in households,154,139,118,114,4,21,18,3,15,3,12
S01012895,Families with no dependent children,79,75,63,63,0,12,12,0,4,1,3
S01012895,Families with dependent children: Total,75,64,55,51,4,9,6,3,11,2,9
S01012895,Families with dependent children: Youngest aged 0 to 4,27,24,21,21,0,3,3,0,3,0,3
S01012895,Families with dependent children: Youngest aged 5 to 11,24,19,15,15,0,4,2,2,5,0,5
S01012895,Families with dependent children: Youngest aged 12 to 18,24,21,19,15,4,2,1,1,3,2,1
S01012896,All families in households,229,177,146,140,6,31,25,6,52,9,43
S01012896,Families with no dependent children,170,142,119,116,3,23,22,1,28,6,22
S01012896,Families with dependent children: Total,59,35,27,24,3,8,3,5,24,3,21
S01012896,Families with dependent children: Youngest aged 0 to 4,13,7,2,2,0,5,2,3,6,1,5
S01012896,Families with dependent children: Youngest aged 5 to 11,17,15,14,13,1,1,1,0,2,0,2
S01012896,Families with dependent children: Youngest aged 12 to 18,29,13,11,9,2,2,0,2,16,2,14
S01012897,All families in households,187,163,139,132,7,24,17,7,24,2,22
S01012897,Families with no dependent children,96,90,75,74,1,15,13,2,6,2,4
S01012897,Families with dependent children: Total,91,73,64,58,6,9,4,5,18,0,18
S01012897,Families with dependent children: Youngest aged 0 to 4,38,31,27,26,1,4,2,2,7,0,7
S01012897,Families with dependent children: Youngest aged 5 to 11,33,26,22,20,2,4,2,2,7,0,7
S01012897,Families with dependent children: Youngest aged 12 to 18,20,16,15,12,3,1,0,1,4,0,4
S01012898,All families in households,162,146,125,117,8,21,14,7,16,3,13
S01012898,Families with no dependent children,56,52,43,41,2,9,7,2,4,0,4
S01012898,Families with dependent children: Total,106,94,82,76,6,12,7,5,12,3,9
S01012898,Families with dependent children: Youngest aged 0 to 4,40,36,33,32,1,3,3,0,4,1,3
S01012898,Families with dependent children: Youngest aged 5 to 11,35,30,25,21,4,5,4,1,5,1,4
S01012898,Families with dependent children: Youngest aged 12 to 18,31,28,24,23,1,4,0,4,3,1,2
S01012899,All families in households,131,90,72,68,4,18,16,2,41,5,36
S01012899,Families with no dependent children,92,67,56,56,0,11,10,1,25,2,23
S01012899,Families with dependent children: Total,39,23,16,12,4,7,6,1,16,3,13
S01012899,Families with dependent children: Youngest aged 0 to 4,17,12,7,6,1,5,4,1,5,0,5
S01012899,Families with dependent children: Youngest aged 5 to 11,8,5,3,3,0,2,2,0,3,0,3
S01012899,Families with dependent children: Youngest aged 12 to 18,14,6,6,3,3,0,0,0,8,3,5
S01012900,All families in households,182,155,140,137,3,15,12,3,27,7,20
S01012900,Families with no dependent children,113,103,95,94,1,8,8,0,10,3,7
S01012900,Families with dependent children: Total,69,52,45,43,2,7,4,3,17,4,13
S01012900,Families with dependent children: Youngest aged 0 to 4,23,17,11,10,1,6,4,2,6,2,4
S01012900,Families with dependent children: Youngest aged 5 to 11,24,17,17,16,1,0,0,0,7,1,6
S01012900,Families with dependent children: Youngest aged 12 to 18,22,18,17,17,0,1,0,1,4,1,3
S01012901,All families in households,185,150,115,110,5,35,30,5,35,3,32
S01012901,Families with no dependent children,104,91,73,70,3,18,18,0,13,3,10
S01012901,Families with dependent children: Total,81,59,42,40,2,17,12,5,22,0,22
S01012901,Families with dependent children: Youngest aged 0 to 4,35,27,16,14,2,11,8,3,8,0,8
S01012901,Families with dependent children: Youngest aged 5 to 11,23,14,10,10,0,4,3,1,9,0,9
S01012901,Families with dependent children: Youngest aged 12 to 18,23,18,16,16,0,2,1,1,5,0,5
S01012902,All families in households,222,186,146,138,8,40,38,2,36,9,27
S01012902,Families with no dependent children,138,122,96,95,1,26,26,0,16,7,9
S01012902,Families with dependent children: Total,84,64,50,43,7,14,12,2,20,2,18
S01012902,Families with dependent children: Youngest aged 0 to 4,39,30,20,19,1,10,8,2,9,1,8
S01012902,Families with dependent children: Youngest aged 5 to 11,25,21,18,14,4,3,3,0,4,0,4
S01012902,Families with dependent children: Youngest aged 12 to 18,20,13,12,10,2,1,1,0,7,1,6
S01012903,All families in households,226,176,143,136,7,33,28,5,50,4,46
S01012903,Families with no dependent children,128,115,93,91,2,22,21,1,13,1,12
S01012903,Families with dependent children: Total,98,61,50,45,5,11,7,4,37,3,34
S01012903,Families with dependent children: Youngest aged 0 to 4,32,23,17,16,1,6,5,1,9,1,8
S01012903,Families with dependent children: Youngest aged 5 to 11,28,19,16,13,3,3,2,1,9,0,9
S01012903,Families with dependent children: Youngest aged 12 to 18,38,19,17,16,1,2,0,2,19,2,17
S01012904,All families in households,248,162,133,126,7,29,26,3,86,11,75
S01012904,Families with no dependent children,116,92,79,76,3,13,13,0,24,7,17
S01012904,Families with dependent children: Total,132,70,54,50,4,16,13,3,62,4,58
S01012904,Families with dependent children: Youngest aged 0 to 4,61,31,21,20,1,10,9,1,30,0,30
S01012904,Families with dependent children: Youngest aged 5 to 11,37,19,16,15,1,3,2,1,18,2,16
S01012904,Families with dependent children: Youngest aged 12 to 18,34,20,17,15,2,3,2,1,14,2,12
S01012905,All families in households,166,103,73,67,6,30,25,5,63,3,60
S01012905,Families with no dependent children,73,59,47,43,4,12,10,2,14,2,12
S01012905,Families with dependent children: Total,93,44,26,24,2,18,15,3,49,1,48
S01012905,Families with dependent children: Youngest aged 0 to 4,37,21,12,11,1,9,7,2,16,0,16
S01012905,Families with dependent children: Youngest aged 5 to 11,22,6,4,4,0,2,2,0,16,1,15
S01012905,Families with dependent children: Youngest aged 12 to 18,34,17,10,9,1,7,6,1,17,0,17
S01012906,All families in households,249,193,148,145,3,45,37,8,56,7,49
S01012906,Families with no dependent children,151,125,100,99,1,25,25,0,26,5,21
S01012906,Families with dependent children: Total,98,68,48,46,2,20,12,8,30,2,28
S01012906,Families with dependent children: Youngest aged 0 to 4,33,31,22,22,0,9,8,1,2,0,2
S01012906,Families with dependent children: Youngest aged 5 to 11,30,16,11,11,0,5,3,2,14,0,14
S01012906,Families with dependent children: Youngest aged 12 to 18,35,21,15,13,2,6,1,5,14,2,12
S01012907,All families in households,247,191,164,159,5,27,22,5,56,4,52
S01012907,Families with no dependent children,156,133,120,119,1,13,13,0,23,4,19
S01012907,Families with dependent children: Total,91,58,44,40,4,14,9,5,33,0,33
S01012907,Families with dependent children: Youngest aged 0 to 4,31,22,15,13,2,7,7,0,9,0,9
S01012907,Families with dependent children: Youngest aged 5 to 11,35,22,17,15,2,5,2,3,13,0,13
S01012907,Families with dependent children: Youngest aged 12 to 18,25,14,12,12,0,2,0,2,11,0,11
S01012908,All families in households,196,155,129,122,7,26,22,4,41,5,36
S01012908,Families with no dependent children,123,103,90,87,3,13,12,1,20,2,18
S01012908,Families with dependent children: Total,73,52,39,35,4,13,10,3,21,3,18
S01012908,Families with dependent children: Youngest aged 0 to 4,28,24,14,12,2,10,9,1,4,0,4
S01012908,Families with dependent children: Youngest aged 5 to 11,19,13,10,10,0,3,1,2,6,0,6
S01012908,Families with dependent children: Youngest aged 12 to 18,26,15,15,13,2,0,0,0,11,3,8
S01012909,All families in households,156,127,92,87,5,35,31,4,29,3,26
S01012909,Families with no dependent children,94,83,60,58,2,23,21,2,11,2,9
S01012909,Families with dependent children: Total,62,44,32,29,3,12,10,2,18,1,17
S01012909,Families with dependent children: Youngest aged 0 to 4,31,21,13,13,0,8,7,1,10,0,10
S01012909,Families with dependent children: Youngest aged 5 to 11,15,13,9,8,1,4,3,1,2,1,1
S01012909,Families with dependent children: Youngest aged 12 to 18,16,10,10,8,2,0,0,0,6,0,6
S01012910,All families in households,211,144,114,106,8,30,24,6,67,11,56
S01012910,Families with no dependent children,134,102,84,79,5,18,15,3,32,9,23
S01012910,Families with dependent children: Total,77,42,30,27,3,12,9,3,35,2,33
S01012910,Families with dependent children: Youngest aged 0 to 4,27,15,10,9,1,5,5,0,12,1,11
S01012910,Families with dependent children: Youngest aged 5 to 11,27,15,11,11,0,4,3,1,12,0,12
S01012910,Families with dependent children: Youngest aged 12 to 18,23,12,9,7,2,3,1,2,11,1,10
S01012911,All families in households,217,185,161,155,6,24,20,4,32,1,31
S01012911,Families with no dependent children,148,135,121,120,1,14,12,2,13,1,12
S01012911,Families with dependent children: Total,69,50,40,35,5,10,8,2,19,0,19
S01012911,Families with dependent children: Youngest aged 0 to 4,26,20,13,12,1,7,6,1,6,0,6
S01012911,Families with dependent children: Youngest aged 5 to 11,15,11,10,10,0,1,1,0,4,0,4
S01012911,Families with dependent children: Youngest aged 12 to 18,28,19,17,13,4,2,1,1,9,0,9
S01012912,All families in households,192,145,119,113,6,26,19,7,47,6,41
S01012912,Families with no dependent children,126,107,95,91,4,12,9,3,19,6,13
S01012912,Families with dependent children: Total,66,38,24,22,2,14,10,4,28,0,28
S01012912,Families with dependent children: Youngest aged 0 to 4,22,15,8,6,2,7,5,2,7,0,7
S01012912,Families with dependent children: Youngest aged 5 to 11,28,13,6,6,0,7,5,2,15,0,15
S01012912,Families with dependent children: Youngest aged 12 to 18,16,10,10,10,0,0,0,0,6,0,6
S01012913,All families in households,246,189,160,154,6,29,26,3,57,9,48
S01012913,Families with no dependent children,146,124,109,105,4,15,15,0,22,5,17
S01012913,Families with dependent children: Total,100,65,51,49,2,14,11,3,35,4,31
S01012913,Families with dependent children: Youngest aged 0 to 4,29,19,13,13,0,6,6,0,10,0,10
S01012913,Families with dependent children: Youngest aged 5 to 11,34,23,19,19,0,4,4,0,11,0,11
S01012913,Families with dependent children: Youngest aged 12 to 18,37,23,19,17,2,4,1,3,14,4,10
S01012914,All families in households,253,191,147,144,3,44,40,4,62,8,54
S01012914,Families with no dependent children,156,130,104,104,0,26,26,0,26,7,19
S01012914,Families with dependent children: Total,97,61,43,40,3,18,14,4,36,1,35
S01012914,Families with dependent children: Youngest aged 0 to 4,32,23,15,15,0,8,8,0,9,0,9
S01012914,Families with dependent children: Youngest aged 5 to 11,32,18,11,11,0,7,5,2,14,1,13
S01012914,Families with dependent children: Youngest aged 12 to 18,33,20,17,14,3,3,1,2,13,0,13
S01012915,All families in households,293,241,194,184,10,47,41,6,52,3,49
S01012915,Families with no dependent children,141,120,96,96,0,24,23,1,21,3,18
S01012915,Families with dependent children: Total,152,121,98,88,10,23,18,5,31,0,31
S01012915,Families with dependent children: Youngest aged 0 to 4,65,53,38,37,1,15,14,1,12,0,12
S01012915,Families with dependent children: Youngest aged 5 to 11,62,49,43,40,3,6,3,3,13,0,13
S01012915,Families with dependent children: Youngest aged 12 to 18,25,19,17,11,6,2,1,1,6,0,6
S01012916,All families in households,188,157,134,132,2,23,17,6,31,4,27
S01012916,Families with no dependent children,123,114,97,96,1,17,15,2,9,1,8
S01012916,Families with dependent children: Total,65,43,37,36,1,6,2,4,22,3,19
S01012916,Families with dependent children: Youngest aged 0 to 4,20,12,9,9,0,3,1,2,8,0,8
S01012916,Families with dependent children: Youngest aged 5 to 11,16,12,11,11,0,1,1,0,4,0,4
S01012916,Families with dependent children: Youngest aged 12 to 18,29,19,17,16,1,2,0,2,10,3,7
S01012917,All families in households,220,187,179,172,7,8,5,3,33,8,25
S01012917,Families with no dependent children,125,111,108,106,2,3,2,1,14,5,9
S01012917,Families with dependent children: Total,95,76,71,66,5,5,3,2,19,3,16
S01012917,Families with dependent children: Youngest aged 0 to 4,23,21,17,16,1,4,2,2,2,0,2
S01012917,Families with dependent children: Youngest aged 5 to 11,32,26,26,23,3,0,0,0,6,0,6
S01012917,Families with dependent children: Youngest aged 12 to 18,40,29,28,27,1,1,1,0,11,3,8
S01012918,All families in households,128,101,74,72,2,27,25,2,27,4,23
S01012918,Families with no dependent children,76,63,45,45,0,18,18,0,13,4,9
S01012918,Families with dependent children: Total,52,38,29,27,2,9,7,2,14,0,14
S01012918,Families with dependent children: Youngest aged 0 to 4,17,14,5,5,0,9,7,2,3,0,3
S01012918,Families with dependent children: Youngest aged 5 to 11,11,7,7,6,1,0,0,0,4,0,4
S01012918,Families with dependent children: Youngest aged 12 to 18,24,17,17,16,1,0,0,0,7,0,7
S01012919,All families in households,137,106,92,89,3,14,12,2,31,4,27
S01012919,Families with no dependent children,93,77,66,65,1,11,11,0,16,3,13
S01012919,Families with dependent children: Total,44,29,26,24,2,3,1,2,15,1,14
S01012919,Families with dependent children: Youngest aged 0 to 4,12,9,9,8,1,0,0,0,3,0,3
S01012919,Families with dependent children: Youngest aged 5 to 11,16,13,10,9,1,3,1,2,3,0,3
S01012919,Families with dependent children: Youngest aged 12 to 18,16,7,7,7,0,0,0,0,9,1,8
S01012920,All families in households,185,169,158,155,3,11,10,1,16,1,15
S01012920,Families with no dependent children,143,134,125,123,2,9,9,0,9,1,8
S01012920,Families with dependent children: Total,42,35,33,32,1,2,1,1,7,0,7
S01012920,Families with dependent children: Youngest aged 0 to 4,11,11,10,10,0,1,0,1,0,0,0
S01012920,Families with dependent children: Youngest aged 5 to 11,20,16,15,14,1,1,1,0,4,0,4
S01012920,Families with dependent children: Youngest aged 12 to 18,11,8,8,8,0,0,0,0,3,0,3
S01012921,All families in households,206,154,129,124,5,25,21,4,52,6,46
S01012921,Families with no dependent children,121,103,89,88,1,14,13,1,18,4,14
S01012921,Families with dependent children: Total,85,51,40,36,4,11,8,3,34,2,32
S01012921,Families with dependent children: Youngest aged 0 to 4,33,21,13,11,2,8,5,3,12,0,12
S01012921,Families with dependent children: Youngest aged 5 to 11,22,13,12,11,1,1,1,0,9,0,9
S01012921,Families with dependent children: Youngest aged 12 to 18,30,17,15,14,1,2,2,0,13,2,11
S01012922,All families in households,292,226,186,179,7,40,35,5,66,11,55
S01012922,Families with no dependent children,135,122,95,92,3,27,26,1,13,6,7
S01012922,Families with dependent children: Total,157,104,91,87,4,13,9,4,53,5,48
S01012922,Families with dependent children: Youngest aged 0 to 4,51,40,34,33,1,6,6,0,11,3,8
S01012922,Families with dependent children: Youngest aged 5 to 11,57,35,33,31,2,2,2,0,22,0,22
S01012922,Families with dependent children: Youngest aged 12 to 18,49,29,24,23,1,5,1,4,20,2,18
S01012923,All families in households,202,157,133,130,3,24,21,3,45,6,39
S01012923,Families with no dependent children,111,98,85,84,1,13,12,1,13,5,8
S01012923,Families with dependent children: Total,91,59,48,46,2,11,9,2,32,1,31
S01012923,Families with dependent children: Youngest aged 0 to 4,27,20,16,15,1,4,4,0,7,0,7
S01012923,Families with dependent children: Youngest aged 5 to 11,37,24,20,20,0,4,4,0,13,1,12
S01012923,Families with dependent children: Youngest aged 12 to 18,27,15,12,11,1,3,1,2,12,0,12
S01012924,All families in households,145,118,100,96,4,18,16,2,27,6,21
S01012924,Families with no dependent children,86,76,62,61,1,14,13,1,10,3,7
S01012924,Families with dependent children: Total,59,42,38,35,3,4,3,1,17,3,14
S01012924,Families with dependent children: Youngest aged 0 to 4,23,20,17,16,1,3,3,0,3,1,2
S01012924,Families with dependent children: Youngest aged 5 to 11,17,11,10,9,1,1,0,1,6,0,6
S01012924,Families with dependent children: Youngest aged 12 to 18,19,11,11,10,1,0,0,0,8,2,6
S01012925,All families in households,158,138,127,124,3,11,10,1,20,2,18
S01012925,Families with no dependent children,95,89,84,83,1,5,5,0,6,2,4
S01012925,Families with dependent children: Total,63,49,43,41,2,6,5,1,14,0,14
S01012925,Families with dependent children: Youngest aged 0 to 4,15,6,4,4,0,2,2,0,9,0,9
S01012925,Families with dependent children: Youngest aged 5 to 11,21,18,16,14,2,2,2,0,3,0,3
S01012925,Families with dependent children: Youngest aged 12 to 18,27,25,23,23,0,2,1,1,2,0,2
S01012926,All families in households,204,164,132,129,3,32,24,8,40,9,31
S01012926,Families with no dependent children,128,112,93,92,1,19,18,1,16,5,11
S01012926,Families with dependent children: Total,76,52,39,37,2,13,6,7,24,4,20
S01012926,Families with dependent children: Youngest aged 0 to 4,27,15,10,10,0,5,4,1,12,2,10
S01012926,Families with dependent children: Youngest aged 5 to 11,26,20,13,13,0,7,2,5,6,0,6
S01012926,Families with dependent children: Youngest aged 12 to 18,23,17,16,14,2,1,0,1,6,2,4
S01012927,All families in households,225,178,150,144,6,28,23,5,47,3,44
S01012927,Families with no dependent children,121,106,90,89,1,16,16,0,15,2,13
S01012927,Families with dependent children: Total,104,72,60,55,5,12,7,5,32,1,31
S01012927,Families with dependent children: Youngest aged 0 to 4,31,26,18,16,2,8,6,2,5,0,5
S01012927,Families with dependent children: Youngest aged 5 to 11,38,19,17,14,3,2,1,1,19,1,18
S01012927,Families with dependent children: Youngest aged 12 to 18,35,27,25,25,0,2,0,2,8,0,8
S01012928,All families in households,225,192,164,157,7,28,22,6,33,2,31
S01012928,Families with no dependent children,129,116,97,94,3,19,16,3,13,1,12
S01012928,Families with dependent children: Total,96,76,67,63,4,9,6,3,20,1,19
S01012928,Families with dependent children: Youngest aged 0 to 4,27,20,16,15,1,4,3,1,7,0,7
S01012928,Families with dependent children: Youngest aged 5 to 11,34,30,27,25,2,3,3,0,4,0,4
S01012928,Families with dependent children: Youngest aged 12 to 18,35,26,24,23,1,2,0,2,9,1,8
S01012929,All families in households,227,196,176,168,8,20,16,4,31,4,27
S01012929,Families with no dependent children,142,133,120,115,5,13,12,1,9,2,7
S01012929,Families with dependent children: Total,85,63,56,53,3,7,4,3,22,2,20
S01012929,Families with dependent children: Youngest aged 0 to 4,27,22,19,18,1,3,3,0,5,0,5
S01012929,Families with dependent children: Youngest aged 5 to 11,27,16,13,11,2,3,1,2,11,0,11
S01012929,Families with dependent children: Youngest aged 12 to 18,31,25,24,24,0,1,0,1,6,2,4
S01012930,All families in households,203,164,127,125,2,37,37,0,39,7,32
S01012930,Families with no dependent children,141,124,91,90,1,33,33,0,17,2,15
S01012930,Families with dependent children: Total,62,40,36,35,1,4,4,0,22,5,17
S01012930,Families with dependent children: Youngest aged 0 to 4,17,15,12,12,0,3,3,0,2,0,2
S01012930,Families with dependent children: Youngest aged 5 to 11,23,15,14,13,1,1,1,0,8,0,8
S01012930,Families with dependent children: Youngest aged 12 to 18,22,10,10,10,0,0,0,0,12,5,7
S01012931,All families in households,259,197,143,136,7,54,43,11,62,5,57
S01012931,Families with no dependent children,157,132,102,101,1,30,26,4,25,3,22
S01012931,Families with dependent children: Total,102,65,41,35,6,24,17,7,37,2,35
S01012931,Families with dependent children: Youngest aged 0 to 4,44,28,14,12,2,14,11,3,16,0,16
S01012931,Families with dependent children: Youngest aged 5 to 11,29,21,14,12,2,7,4,3,8,0,8
S01012931,Families with dependent children: Youngest aged 12 to 18,29,16,13,11,2,3,2,1,13,2,11
S01012932,All families in households,152,128,121,119,2,7,7,0,24,2,22
S01012932,Families with no dependent children,92,82,80,79,1,2,2,0,10,2,8
S01012932,Families with dependent children: Total,60,46,41,40,1,5,5,0,14,0,14
S01012932,Families with dependent children: Youngest aged 0 to 4,19,14,9,8,1,5,5,0,5,0,5
S01012932,Families with dependent children: Youngest aged 5 to 11,18,16,16,16,0,0,0,0,2,0,2
S01012932,Families with dependent children: Youngest aged 12 to 18,23,16,16,16,0,0,0,0,7,0,7
S01012933,All families in households,228,180,152,148,4,28,23,5,48,7,41
S01012933,Families with no dependent children,136,117,97,95,2,20,18,2,19,4,15
S01012933,Families with dependent children: Total,92,63,55,53,2,8,5,3,29,3,26
S01012933,Families with dependent children: Youngest aged 0 to 4,24,16,12,12,0,4,4,0,8,0,8
S01012933,Families with dependent children: Youngest aged 5 to 11,34,22,21,20,1,1,1,0,12,2,10
S01012933,Families with dependent children: Youngest aged 12 to 18,34,25,22,21,1,3,0,3,9,1,8
S01012934,All families in households,211,156,135,132,3,21,20,1,55,5,50
S01012934,Families with no dependent children,141,120,103,102,1,17,17,0,21,4,17
S01012934,Families with dependent children: Total,70,36,32,30,2,4,3,1,34,1,33
S01012934,Families with dependent children: Youngest aged 0 to 4,34,18,16,16,0,2,2,0,16,1,15
S01012934,Families with dependent children: Youngest aged 5 to 11,21,8,8,6,2,0,0,0,13,0,13
S01012934,Families with dependent children: Youngest aged 12 to 18,15,10,8,8,0,2,1,1,5,0,5
S01012935,All families in households,255,213,181,174,7,32,24,8,42,5,37
S01012935,Families with no dependent children,138,121,102,99,3,19,18,1,17,3,14
S01012935,Families with dependent children: Total,117,92,79,75,4,13,6,7,25,2,23
S01012935,Families with dependent children: Youngest aged 0 to 4,40,35,28,27,1,7,4,3,5,0,5
S01012935,Families with dependent children: Youngest aged 5 to 11,37,27,24,23,1,3,1,2,10,0,10
S01012935,Families with dependent children: Youngest aged 12 to 18,40,30,27,25,2,3,1,2,10,2,8
S01012936,All families in households,208,164,137,133,4,27,25,2,44,8,36
S01012936,Families with no dependent children,133,117,95,94,1,22,22,0,16,6,10
S01012936,Families with dependent children: Total,75,47,42,39,3,5,3,2,28,2,26
S01012936,Families with dependent children: Youngest aged 0 to 4,29,20,18,17,1,2,2,0,9,0,9
S01012936,Families with dependent children: Youngest aged 5 to 11,17,10,10,9,1,0,0,0,7,1,6
S01012936,Families with dependent children: Youngest aged 12 to 18,29,17,14,13,1,3,1,2,12,1,11
S01012937,All families in households,199,159,129,123,6,30,27,3,40,9,31
S01012937,Families with no dependent children,113,95,78,76,2,17,17,0,18,6,12
S01012937,Families with dependent children: Total,86,64,51,47,4,13,10,3,22,3,19
S01012937,Families with dependent children: Youngest aged 0 to 4,27,20,13,12,1,7,6,1,7,1,6
S01012937,Families with dependent children: Youngest aged 5 to 11,28,22,19,17,2,3,2,1,6,0,6
S01012937,Families with dependent children: Youngest aged 12 to 18,31,22,19,18,1,3,2,1,9,2,7
S01012938,All families in households,207,190,177,176,1,13,11,2,17,6,11
S01012938,Families with no dependent children,141,134,123,123,0,11,10,1,7,2,5
S01012938,Families with dependent children: Total,66,56,54,53,1,2,1,1,10,4,6
S01012938,Families with dependent children: Youngest aged 0 to 4,13,11,11,11,0,0,0,0,2,1,1
S01012938,Families with dependent children: Youngest aged 5 to 11,22,20,20,20,0,0,0,0,2,1,1
S01012938,Families with dependent children: Youngest aged 12 to 18,31,25,23,22,1,2,1,1,6,2,4
S01012939,All families in households,189,175,162,158,4,13,10,3,14,4,10
S01012939,Families with no dependent children,94,87,80,79,1,7,7,0,7,2,5
S01012939,Families with dependent children: Total,95,88,82,79,3,6,3,3,7,2,5
S01012939,Families with dependent children: Youngest aged 0 to 4,29,27,22,21,1,5,3,2,2,0,2
S01012939,Families with dependent children: Youngest aged 5 to 11,33,31,30,29,1,1,0,1,2,1,1
S01012939,Families with dependent children: Youngest aged 12 to 18,33,30,30,29,1,0,0,0,3,1,2
S01012940,All families in households,220,200,175,170,5,25,16,9,20,3,17
S01012940,Families with no dependent children,136,128,113,112,1,15,12,3,8,1,7
S01012940,Families with dependent children: Total,84,72,62,58,4,10,4,6,12,2,10
S01012940,Families with dependent children: Youngest aged 0 to 4,26,25,21,20,1,4,3,1,1,0,1
S01012940,Families with dependent children: Youngest aged 5 to 11,19,16,14,13,1,2,1,1,3,1,2
S01012940,Families with dependent children: Youngest aged 12 to 18,39,31,27,25,2,4,0,4,8,1,7
S01012941,All families in households,228,216,198,194,4,18,12,6,12,3,9
S01012941,Families with no dependent children,106,103,93,90,3,10,8,2,3,1,2
S01012941,Families with dependent children: Total,122,113,105,104,1,8,4,4,9,2,7
S01012941,Families with dependent children: Youngest aged 0 to 4,28,27,26,26,0,1,0,1,1,0,1
S01012941,Families with dependent children: Youngest aged 5 to 11,40,38,37,36,1,1,1,0,2,0,2
S01012941,Families with dependent children: Youngest aged 12 to 18,54,48,42,42,0,6,3,3,6,2,4
S01012942,All families in households,233,150,117,112,5,33,27,6,83,9,74
S01012942,Families with no dependent children,115,86,71,70,1,15,14,1,29,3,26
S01012942,Families with dependent children: Total,118,64,46,42,4,18,13,5,54,6,48
S01012942,Families with dependent children: Youngest aged 0 to 4,41,30,16,15,1,14,10,4,11,0,11
S01012942,Families with dependent children: Youngest aged 5 to 11,32,15,14,11,3,1,1,0,17,2,15
S01012942,Families with dependent children: Youngest aged 12 to 18,45,19,16,16,0,3,2,1,26,4,22
S01012943,All families in households,228,194,167,163,4,27,22,5,34,5,29
S01012943,Families with no dependent children,105,98,82,81,1,16,15,1,7,1,6
S01012943,Families with dependent children: Total,123,96,85,82,3,11,7,4,27,4,23
S01012943,Families with dependent children: Youngest aged 0 to 4,42,35,27,26,1,8,5,3,7,0,7
S01012943,Families with dependent children: Youngest aged 5 to 11,43,36,33,32,1,3,2,1,7,1,6
S01012943,Families with dependent children: Youngest aged 12 to 18,38,25,25,24,1,0,0,0,13,3,10
S01012944,All families in households,166,146,137,134,3,9,8,1,20,1,19
S01012944,Families with no dependent children,96,91,86,86,0,5,4,1,5,1,4
S01012944,Families with dependent children: Total,70,55,51,48,3,4,4,0,15,0,15
S01012944,Families with dependent children: Youngest aged 0 to 4,19,17,15,15,0,2,2,0,2,0,2
S01012944,Families with dependent children: Youngest aged 5 to 11,26,19,17,16,1,2,2,0,7,0,7
S01012944,Families with dependent children: Youngest aged 12 to 18,25,19,19,17,2,0,0,0,6,0,6
S01012945,All families in households,216,201,190,182,8,11,8,3,15,3,12
S01012945,Families with no dependent children,96,90,83,80,3,7,7,0,6,0,6
S01012945,Families with dependent children: Total,120,111,107,102,5,4,1,3,9,3,6
S01012945,Families with dependent children: Youngest aged 0 to 4,33,31,31,30,1,0,0,0,2,0,2
S01012945,Families with dependent children: Youngest aged 5 to 11,44,40,36,36,0,4,1,3,4,3,1
S01012945,Families with dependent children: Youngest aged 12 to 18,43,40,40,36,4,0,0,0,3,0,3
S01012946,All families in households,267,234,207,198,9,27,25,2,33,4,29
S01012946,Families with no dependent children,147,137,118,116,2,19,19,0,10,1,9
S01012946,Families with dependent children: Total,120,97,89,82,7,8,6,2,23,3,20
S01012946,Families with dependent children: Youngest aged 0 to 4,36,31,26,24,2,5,5,0,5,0,5
S01012946,Families with dependent children: Youngest aged 5 to 11,48,39,36,33,3,3,1,2,9,1,8
S01012946,Families with dependent children: Youngest aged 12 to 18,36,27,27,25,2,0,0,0,9,2,7
S01012947,All families in households,139,130,124,122,2,6,6,0,9,1,8
S01012947,Families with no dependent children,80,79,74,73,1,5,5,0,1,0,1
S01012947,Families with dependent children: Total,59,51,50,49,1,1,1,0,8,1,7
S01012947,Families with dependent children: Youngest aged 0 to 4,11,8,8,8,0,0,0,0,3,0,3
S01012947,Families with dependent children: Youngest aged 5 to 11,18,15,14,13,1,1,1,0,3,1,2
S01012947,Families with dependent children: Youngest aged 12 to 18,30,28,28,28,0,0,0,0,2,0,2
S01012948,All families in households,226,195,175,169,6,20,16,4,31,2,29
S01012948,Families with no dependent children,139,125,109,108,1,16,14,2,14,2,12
S01012948,Families with dependent children: Total,87,70,66,61,5,4,2,2,17,0,17
S01012948,Families with dependent children: Youngest aged 0 to 4,21,19,18,17,1,1,1,0,2,0,2
S01012948,Families with dependent children: Youngest aged 5 to 11,25,19,18,16,2,1,1,0,6,0,6
S01012948,Families with dependent children: Youngest aged 12 to 18,41,32,30,28,2,2,0,2,9,0,9
S01012949,All families in households,214,195,180,176,4,15,14,1,19,4,15
S01012949,Families with no dependent children,154,149,138,136,2,11,10,1,5,3,2
S01012949,Families with dependent children: Total,60,46,42,40,2,4,4,0,14,1,13
S01012949,Families with dependent children: Youngest aged 0 to 4,13,10,7,7,0,3,3,0,3,0,3
S01012949,Families with dependent children: Youngest aged 5 to 11,14,12,12,12,0,0,0,0,2,0,2
S01012949,Families with dependent children: Youngest aged 12 to 18,33,24,23,21,2,1,1,0,9,1,8
S01012950,All families in households,258,239,221,212,9,18,15,3,19,3,16
S01012950,Families with no dependent children,110,107,96,95,1,11,10,1,3,1,2
S01012950,Families with dependent children: Total,148,132,125,117,8,7,5,2,16,2,14
S01012950,Families with dependent children: Youngest aged 0 to 4,40,36,30,29,1,6,5,1,4,0,4
S01012950,Families with dependent children: Youngest aged 5 to 11,50,42,42,41,1,0,0,0,8,1,7
S01012950,Families with dependent children: Youngest aged 12 to 18,58,54,53,47,6,1,0,1,4,1,3
S01012951,All families in households,274,259,221,209,12,38,28,10,15,4,11
S01012951,Families with no dependent children,101,99,78,75,3,21,18,3,2,2,0
S01012951,Families with dependent children: Total,173,160,143,134,9,17,10,7,13,2,11
S01012951,Families with dependent children: Youngest aged 0 to 4,96,93,83,80,3,10,7,3,3,0,3
S01012951,Families with dependent children: Youngest aged 5 to 11,43,36,33,30,3,3,1,2,7,1,6
S01012951,Families with dependent children: Youngest aged 12 to 18,34,31,27,24,3,4,2,2,3,1,2
S01012952,All families in households,195,187,177,173,4,10,9,1,8,4,4
S01012952,Families with no dependent children,121,116,111,111,0,5,5,0,5,3,2
S01012952,Families with dependent children: Total,74,71,66,62,4,5,4,1,3,1,2
S01012952,Families with dependent children: Youngest aged 0 to 4,21,21,18,17,1,3,2,1,0,0,0
S01012952,Families with dependent children: Youngest aged 5 to 11,25,23,22,21,1,1,1,0,2,1,1
S01012952,Families with dependent children: Youngest aged 12 to 18,28,27,26,24,2,1,1,0,1,0,1
S01012953,All families in households,219,187,165,160,5,22,20,2,32,8,24
S01012953,Families with no dependent children,132,124,114,112,2,10,10,0,8,3,5
S01012953,Families with dependent children: Total,87,63,51,48,3,12,10,2,24,5,19
S01012953,Families with dependent children: Youngest aged 0 to 4,28,20,14,14,0,6,6,0,8,1,7
S01012953,Families with dependent children: Youngest aged 5 to 11,35,25,21,20,1,4,4,0,10,3,7
S01012953,Families with dependent children: Youngest aged 12 to 18,24,18,16,14,2,2,0,2,6,1,5
S01012954,All families in households,151,134,113,111,2,21,13,8,17,0,17
S01012954,Families with no dependent children,76,70,64,63,1,6,4,2,6,0,6
S01012954,Families with dependent children: Total,75,64,49,48,1,15,9,6,11,0,11
S01012954,Families with dependent children: Youngest aged 0 to 4,20,18,11,10,1,7,7,0,2,0,2
S01012954,Families with dependent children: Youngest aged 5 to 11,25,22,18,18,0,4,2,2,3,0,3
S01012954,Families with dependent children: Youngest aged 12 to 18,30,24,20,20,0,4,0,4,6,0,6
S01012955,All families in households,265,241,208,198,10,33,28,5,24,8,16
S01012955,Families with no dependent children,145,135,113,111,2,22,21,1,10,3,7
S01012955,Families with dependent children: Total,120,106,95,87,8,11,7,4,14,5,9
S01012955,Families with dependent children: Youngest aged 0 to 4,44,39,34,34,0,5,5,0,5,0,5
S01012955,Families with dependent children: Youngest aged 5 to 11,45,38,35,32,3,3,2,1,7,4,3
S01012955,Families with dependent children: Youngest aged 12 to 18,31,29,26,21,5,3,0,3,2,1,1
S01012956,All families in households,244,204,171,164,7,33,30,3,40,4,36
S01012956,Families with no dependent children,146,131,111,109,2,20,20,0,15,1,14
S01012956,Families with dependent children: Total,98,73,60,55,5,13,10,3,25,3,22
S01012956,Families with dependent children: Youngest aged 0 to 4,32,24,16,16,0,8,6,2,8,1,7
S01012956,Families with dependent children: Youngest aged 5 to 11,31,24,20,16,4,4,4,0,7,1,6
S01012956,Families with dependent children: Youngest aged 12 to 18,35,25,24,23,1,1,0,1,10,1,9
S01012957,All families in households,176,144,122,116,6,22,14,8,32,4,28
S01012957,Families with no dependent children,107,91,81,80,1,10,7,3,16,3,13
S01012957,Families with dependent children: Total,69,53,41,36,5,12,7,5,16,1,15
S01012957,Families with dependent children: Youngest aged 0 to 4,26,20,9,8,1,11,6,5,6,0,6
S01012957,Families with dependent children: Youngest aged 5 to 11,16,12,11,11,0,1,1,0,4,0,4
S01012957,Families with dependent children: Youngest aged 12 to 18,27,21,21,17,4,0,0,0,6,1,5
S01012958,All families in households,154,130,115,112,3,15,12,3,24,2,22
S01012958,Families with no dependent children,104,89,82,80,2,7,5,2,15,2,13
S01012958,Families with dependent children: Total,50,41,33,32,1,8,7,1,9,0,9
S01012958,Families with dependent children: Youngest aged 0 to 4,14,11,8,8,0,3,3,0,3,0,3
S01012958,Families with dependent children: Youngest aged 5 to 11,18,16,12,12,0,4,4,0,2,0,2
S01012958,Families with dependent children: Youngest aged 12 to 18,18,14,13,12,1,1,0,1,4,0,4
S01012959,All families in households,172,139,115,108,7,24,21,3,33,4,29
S01012959,Families with no dependent children,92,78,64,59,5,14,13,1,14,4,10
S01012959,Families with dependent children: Total,80,61,51,49,2,10,8,2,19,0,19
S01012959,Families with dependent children: Youngest aged 0 to 4,17,13,10,10,0,3,3,0,4,0,4
S01012959,Families with dependent children: Youngest aged 5 to 11,29,21,16,16,0,5,5,0,8,0,8
S01012959,Families with dependent children: Youngest aged 12 to 18,34,27,25,23,2,2,0,2,7,0,7
S01012960,All families in households,197,150,127,118,9,23,17,6,47,3,44
S01012960,Families with no dependent children,123,101,87,84,3,14,12,2,22,2,20
S01012960,Families with dependent children: Total,74,49,40,34,6,9,5,4,25,1,24
S01012960,Families with dependent children: Youngest aged 0 to 4,19,10,7,6,1,3,3,0,9,0,9
S01012960,Families with dependent children: Youngest aged 5 to 11,30,25,22,19,3,3,1,2,5,0,5
S01012960,Families with dependent children: Youngest aged 12 to 18,25,14,11,9,2,3,1,2,11,1,10
S01012961,All families in households,163,144,126,126,0,18,16,2,19,0,19
S01012961,Families with no dependent children,89,83,70,70,0,13,12,1,6,0,6
S01012961,Families with dependent children: Total,74,61,56,56,0,5,4,1,13,0,13
S01012961,Families with dependent children: Youngest aged 0 to 4,28,22,19,19,0,3,3,0,6,0,6
S01012961,Families with dependent children: Youngest aged 5 to 11,18,16,15,15,0,1,1,0,2,0,2
S01012961,Families with dependent children: Youngest aged 12 to 18,28,23,22,22,0,1,0,1,5,0,5
S01012962,All families in households,210,194,173,170,3,21,18,3,16,2,14
S01012962,Families with no dependent children,147,138,124,123,1,14,13,1,9,2,7
S01012962,Families with dependent children: Total,63,56,49,47,2,7,5,2,7,0,7
S01012962,Families with dependent children: Youngest aged 0 to 4,14,13,9,8,1,4,3,1,1,0,1
S01012962,Families with dependent children: Youngest aged 5 to 11,21,21,19,19,0,2,2,0,0,0,0
S01012962,Families with dependent children: Youngest aged 12 to 18,28,22,21,20,1,1,0,1,6,0,6
S01012963,All families in households,246,222,201,191,10,21,18,3,24,5,19
S01012963,Families with no dependent children,115,106,96,91,5,10,10,0,9,4,5
S01012963,Families with dependent children: Total,131,116,105,100,5,11,8,3,15,1,14
S01012963,Families with dependent children: Youngest aged 0 to 4,39,34,28,28,0,6,5,1,5,0,5
S01012963,Families with dependent children: Youngest aged 5 to 11,45,43,42,38,4,1,1,0,2,0,2
S01012963,Families with dependent children: Youngest aged 12 to 18,47,39,35,34,1,4,2,2,8,1,7
S01012964,All families in households,176,161,136,128,8,25,19,6,15,2,13
S01012964,Families with no dependent children,59,57,44,43,1,13,11,2,2,1,1
S01012964,Families with dependent children: Total,117,104,92,85,7,12,8,4,13,1,12
S01012964,Families with dependent children: Youngest aged 0 to 4,46,46,39,37,2,7,6,1,0,0,0
S01012964,Families with dependent children: Youngest aged 5 to 11,46,39,36,34,2,3,1,2,7,0,7
S01012964,Families with dependent children: Youngest aged 12 to 18,25,19,17,14,3,2,1,1,6,1,5
S01012965,All families in households,177,145,119,113,6,26,19,7,32,4,28
S01012965,Families with no dependent children,68,57,48,47,1,9,9,0,11,4,7
S01012965,Families with dependent children: Total,109,88,71,66,5,17,10,7,21,0,21
S01012965,Families with dependent children: Youngest aged 0 to 4,55,42,31,30,1,11,7,4,13,0,13
S01012965,Families with dependent children: Youngest aged 5 to 11,33,25,22,20,2,3,2,1,8,0,8
S01012965,Families with dependent children: Youngest aged 12 to 18,21,21,18,16,2,3,1,2,0,0,0
S01012966,All families in households,208,166,142,135,7,24,15,9,42,7,35
S01012966,Families with no dependent children,104,91,82,79,3,9,6,3,13,1,12
S01012966,Families with dependent children: Total,104,75,60,56,4,15,9,6,29,6,23
S01012966,Families with dependent children: Youngest aged 0 to 4,41,35,29,27,2,6,5,1,6,0,6
S01012966,Families with dependent children: Youngest aged 5 to 11,35,21,19,18,1,2,2,0,14,3,11
S01012966,Families with dependent children: Youngest aged 12 to 18,28,19,12,11,1,7,2,5,9,3,6
S01012967,All families in households,139,115,101,91,10,14,12,2,24,4,20
S01012967,Families with no dependent children,82,72,66,64,2,6,6,0,10,4,6
S01012967,Families with dependent children: Total,57,43,35,27,8,8,6,2,14,0,14
S01012967,Families with dependent children: Youngest aged 0 to 4,19,16,11,9,2,5,4,1,3,0,3
S01012967,Families with dependent children: Youngest aged 5 to 11,24,18,16,11,5,2,1,1,6,0,6
S01012967,Families with dependent children: Youngest aged 12 to 18,14,9,8,7,1,1,1,0,5,0,5
S01012968,All families in households,209,154,130,124,6,24,19,5,55,5,50
S01012968,Families with no dependent children,107,91,82,81,1,9,8,1,16,3,13
S01012968,Families with dependent children: Total,102,63,48,43,5,15,11,4,39,2,37
S01012968,Families with dependent children: Youngest aged 0 to 4,50,32,22,21,1,10,8,2,18,0,18
S01012968,Families with dependent children: Youngest aged 5 to 11,29,19,15,14,1,4,3,1,10,1,9
S01012968,Families with dependent children: Youngest aged 12 to 18,23,12,11,8,3,1,0,1,11,1,10
S01012969,All families in households,198,166,136,126,10,30,23,7,32,2,30
S01012969,Families with no dependent children,119,110,94,90,4,16,15,1,9,2,7
S01012969,Families with dependent children: Total,79,56,42,36,6,14,8,6,23,0,23
S01012969,Families with dependent children: Youngest aged 0 to 4,30,20,14,13,1,6,5,1,10,0,10
S01012969,Families with dependent children: Youngest aged 5 to 11,27,19,14,11,3,5,3,2,8,0,8
S01012969,Families with dependent children: Youngest aged 12 to 18,22,17,14,12,2,3,0,3,5,0,5
S01012970,All families in households,181,149,127,125,2,22,18,4,32,1,31
S01012970,Families with no dependent children,123,108,95,95,0,13,12,1,15,0,15
S01012970,Families with dependent children: Total,58,41,32,30,2,9,6,3,17,1,16
S01012970,Families with dependent children: Youngest aged 0 to 4,18,12,11,11,0,1,1,0,6,0,6
S01012970,Families with dependent children: Youngest aged 5 to 11,28,24,16,14,2,8,5,3,4,1,3
S01012970,Families with dependent children: Youngest aged 12 to 18,12,5,5,5,0,0,0,0,7,0,7
S01012971,All families in households,259,166,141,130,11,25,19,6,93,3,90
S01012971,Families with no dependent children,116,95,82,79,3,13,10,3,21,2,19
S01012971,Families with dependent children: Total,143,71,59,51,8,12,9,3,72,1,71
S01012971,Families with dependent children: Youngest aged 0 to 4,51,36,29,28,1,7,7,0,15,0,15
S01012971,Families with dependent children: Youngest aged 5 to 11,39,17,12,10,2,5,2,3,22,1,21
S01012971,Families with dependent children: Youngest aged 12 to 18,53,18,18,13,5,0,0,0,35,0,35
S01012972,All families in households,238,171,132,121,11,39,31,8,67,4,63
S01012972,Families with no dependent children,123,105,89,84,5,16,15,1,18,1,17
S01012972,Families with dependent children: Total,115,66,43,37,6,23,16,7,49,3,46
S01012972,Families with dependent children: Youngest aged 0 to 4,54,33,20,16,4,13,9,4,21,1,20
S01012972,Families with dependent children: Youngest aged 5 to 11,31,16,9,9,0,7,6,1,15,0,15
S01012972,Families with dependent children: Youngest aged 12 to 18,30,17,14,12,2,3,1,2,13,2,11
S01012973,All families in households,238,196,160,148,12,36,28,8,42,10,32
S01012973,Families with no dependent children,139,121,103,99,4,18,17,1,18,8,10
S01012973,Families with dependent children: Total,99,75,57,49,8,18,11,7,24,2,22
S01012973,Families with dependent children: Youngest aged 0 to 4,38,34,22,19,3,12,10,2,4,0,4
S01012973,Families with dependent children: Youngest aged 5 to 11,29,20,18,16,2,2,0,2,9,0,9
S01012973,Families with dependent children: Youngest aged 12 to 18,32,21,17,14,3,4,1,3,11,2,9
S01012974,All families in households,267,217,180,168,12,37,32,5,50,5,45
S01012974,Families with no dependent children,162,147,123,122,1,24,23,1,15,2,13
S01012974,Families with dependent children: Total,105,70,57,46,11,13,9,4,35,3,32
S01012974,Families with dependent children: Youngest aged 0 to 4,39,28,21,17,4,7,6,1,11,0,11
S01012974,Families with dependent children: Youngest aged 5 to 11,39,26,23,19,4,3,2,1,13,3,10
S01012974,Families with dependent children: Youngest aged 12 to 18,27,16,13,10,3,3,1,2,11,0,11
S01012975,All families in households,180,137,108,99,9,29,20,9,43,4,39
S01012975,Families with no dependent children,106,91,78,71,7,13,11,2,15,3,12
S01012975,Families with dependent children: Total,74,46,30,28,2,16,9,7,28,1,27
S01012975,Families with dependent children: Youngest aged 0 to 4,31,20,9,9,0,11,6,5,11,0,11
S01012975,Families with dependent children: Youngest aged 5 to 11,26,17,15,14,1,2,2,0,9,0,9
S01012975,Families with dependent children: Youngest aged 12 to 18,17,9,6,5,1,3,1,2,8,1,7
S01012976,All families in households,167,123,93,89,4,30,27,3,44,8,36
S01012976,Families with no dependent children,101,87,68,68,0,19,19,0,14,3,11
S01012976,Families with dependent children: Total,66,36,25,21,4,11,8,3,30,5,25
S01012976,Families with dependent children: Youngest aged 0 to 4,23,15,10,8,2,5,4,1,8,2,6
S01012976,Families with dependent children: Youngest aged 5 to 11,23,13,10,9,1,3,3,0,10,2,8
S01012976,Families with dependent children: Youngest aged 12 to 18,20,8,5,4,1,3,1,2,12,1,11
S01012977,All families in households,215,147,108,100,8,39,27,12,68,7,61
S01012977,Families with no dependent children,107,90,76,71,5,14,12,2,17,1,16
S01012977,Families with dependent children: Total,108,57,32,29,3,25,15,10,51,6,45
S01012977,Families with dependent children: Youngest aged 0 to 4,28,17,6,6,0,11,8,3,11,0,11
S01012977,Families with dependent children: Youngest aged 5 to 11,36,18,13,11,2,5,3,2,18,4,14
S01012977,Families with dependent children: Youngest aged 12 to 18,44,22,13,12,1,9,4,5,22,2,20
S01012978,All families in households,234,162,127,112,15,35,25,10,72,4,68
S01012978,Families with no dependent children,118,99,84,79,5,15,14,1,19,1,18
S01012978,Families with dependent children: Total,116,63,43,33,10,20,11,9,53,3,50
S01012978,Families with dependent children: Youngest aged 0 to 4,36,21,13,12,1,8,4,4,15,0,15
S01012978,Families with dependent children: Youngest aged 5 to 11,34,25,17,11,6,8,6,2,9,0,9
S01012978,Families with dependent children: Youngest aged 12 to 18,46,17,13,10,3,4,1,3,29,3,26
S01012979,All families in households,189,160,140,130,10,20,17,3,29,5,24
S01012979,Families with no dependent children,95,83,75,73,2,8,7,1,12,4,8
S01012979,Families with dependent children: Total,94,77,65,57,8,12,10,2,17,1,16
S01012979,Families with dependent children: Youngest aged 0 to 4,33,27,20,18,2,7,6,1,6,0,6
S01012979,Families with dependent children: Youngest aged 5 to 11,35,33,28,25,3,5,4,1,2,0,2
S01012979,Families with dependent children: Youngest aged 12 to 18,26,17,17,14,3,0,0,0,9,1,8
S01012980,All families in households,195,140,102,93,9,38,29,9,55,12,43
S01012980,Families with no dependent children,91,78,61,59,2,17,17,0,13,5,8
S01012980,Families with dependent children: Total,104,62,41,34,7,21,12,9,42,7,35
S01012980,Families with dependent children: Youngest aged 0 to 4,43,29,17,15,2,12,8,4,14,2,12
S01012980,Families with dependent children: Youngest aged 5 to 11,37,19,12,10,2,7,2,5,18,1,17
S01012980,Families with dependent children: Youngest aged 12 to 18,24,14,12,9,3,2,2,0,10,4,6
S01012981,All families in households,215,147,113,107,6,34,29,5,68,5,63
S01012981,Families with no dependent children,114,89,71,69,2,18,17,1,25,2,23
S01012981,Families with dependent children: Total,101,58,42,38,4,16,12,4,43,3,40
S01012981,Families with dependent children: Youngest aged 0 to 4,29,17,9,9,0,8,6,2,12,0,12
S01012981,Families with dependent children: Youngest aged 5 to 11,27,20,14,13,1,6,4,2,7,0,7
S01012981,Families with dependent children: Youngest aged 12 to 18,45,21,19,16,3,2,2,0,24,3,21
S01012982,All families in households,252,193,153,146,7,40,32,8,59,14,45
S01012982,Families with no dependent children,144,123,104,101,3,19,18,1,21,11,10
S01012982,Families with dependent children: Total,108,70,49,45,4,21,14,7,38,3,35
S01012982,Families with dependent children: Youngest aged 0 to 4,51,37,22,20,2,15,12,3,14,1,13
S01012982,Families with dependent children: Youngest aged 5 to 11,36,22,17,15,2,5,2,3,14,0,14
S01012982,Families with dependent children: Youngest aged 12 to 18,21,11,10,10,0,1,0,1,10,2,8
S01012983,All families in households,227,194,169,161,8,25,19,6,33,6,27
S01012983,Families with no dependent children,147,132,116,113,3,16,13,3,15,4,11
S01012983,Families with dependent children: Total,80,62,53,48,5,9,6,3,18,2,16
S01012983,Families with dependent children: Youngest aged 0 to 4,22,14,12,11,1,2,2,0,8,1,7
S01012983,Families with dependent children: Youngest aged 5 to 11,22,21,19,16,3,2,2,0,1,0,1
S01012983,Families with dependent children: Youngest aged 12 to 18,36,27,22,21,1,5,2,3,9,1,8
S01012984,All families in households,186,143,114,106,8,29,22,7,43,6,37
S01012984,Families with no dependent children,107,87,69,68,1,18,16,2,20,2,18
S01012984,Families with dependent children: Total,79,56,45,38,7,11,6,5,23,4,19
S01012984,Families with dependent children: Youngest aged 0 to 4,18,11,8,7,1,3,3,0,7,1,6
S01012984,Families with dependent children: Youngest aged 5 to 11,26,19,15,14,1,4,2,2,7,1,6
S01012984,Families with dependent children: Youngest aged 12 to 18,35,26,22,17,5,4,1,3,9,2,7
S01012985,All families in households,233,201,187,177,10,14,8,6,32,1,31
S01012985,Families with no dependent children,141,130,122,120,2,8,6,2,11,0,11
S01012985,Families with dependent children: Total,92,71,65,57,8,6,2,4,21,1,20
S01012985,Families with dependent children: Youngest aged 0 to 4,22,15,13,13,0,2,2,0,7,0,7
S01012985,Families with dependent children: Youngest aged 5 to 11,33,27,26,21,5,1,0,1,6,0,6
S01012985,Families with dependent children: Youngest aged 12 to 18,37,29,26,23,3,3,0,3,8,1,7
S01012986,All families in households,207,152,121,114,7,31,28,3,55,5,50
S01012986,Families with no dependent children,112,94,76,73,3,18,18,0,18,4,14
S01012986,Families with dependent children: Total,95,58,45,41,4,13,10,3,37,1,36
S01012986,Families with dependent children: Youngest aged 0 to 4,40,26,16,15,1,10,8,2,14,1,13
S01012986,Families with dependent children: Youngest aged 5 to 11,31,16,14,13,1,2,2,0,15,0,15
S01012986,Families with dependent children: Youngest aged 12 to 18,24,16,15,13,2,1,0,1,8,0,8
S01012987,All families in households,203,168,134,129,5,34,28,6,35,8,27
S01012987,Families with no dependent children,126,107,92,89,3,15,12,3,19,7,12
S01012987,Families with dependent children: Total,77,61,42,40,2,19,16,3,16,1,15
S01012987,Families with dependent children: Youngest aged 0 to 4,29,26,13,12,1,13,13,0,3,0,3
S01012987,Families with dependent children: Youngest aged 5 to 11,22,16,14,13,1,2,0,2,6,1,5
S01012987,Families with dependent children: Youngest aged 12 to 18,26,19,15,15,0,4,3,1,7,0,7
S01012988,All families in households,254,191,163,155,8,28,22,6,63,6,57
S01012988,Families with no dependent children,150,132,113,112,1,19,17,2,18,3,15
S01012988,Families with dependent children: Total,104,59,50,43,7,9,5,4,45,3,42
S01012988,Families with dependent children: Youngest aged 0 to 4,40,21,18,17,1,3,2,1,19,1,18
S01012988,Families with dependent children: Youngest aged 5 to 11,37,21,19,15,4,2,2,0,16,1,15
S01012988,Families with dependent children: Youngest aged 12 to 18,27,17,13,11,2,4,1,3,10,1,9
S01012989,All families in households,277,211,180,172,8,31,24,7,66,6,60
S01012989,Families with no dependent children,171,142,128,126,2,14,14,0,29,5,24
S01012989,Families with dependent children: Total,106,69,52,46,6,17,10,7,37,1,36
S01012989,Families with dependent children: Youngest aged 0 to 4,50,35,23,22,1,12,10,2,15,0,15
S01012989,Families with dependent children: Youngest aged 5 to 11,24,16,14,10,4,2,0,2,8,1,7
S01012989,Families with dependent children: Youngest aged 12 to 18,32,18,15,14,1,3,0,3,14,0,14
S01012990,All families in households,151,117,103,96,7,14,9,5,34,4,30
S01012990,Families with no dependent children,88,74,67,64,3,7,5,2,14,4,10
S01012990,Families with dependent children: Total,63,43,36,32,4,7,4,3,20,0,20
S01012990,Families with dependent children: Youngest aged 0 to 4,19,13,8,7,1,5,3,2,6,0,6
S01012990,Families with dependent children: Youngest aged 5 to 11,17,14,13,12,1,1,1,0,3,0,3
S01012990,Families with dependent children: Youngest aged 12 to 18,27,16,15,13,2,1,0,1,11,0,11
S01012991,All families in households,249,181,148,141,7,33,26,7,68,6,62
S01012991,Families with no dependent children,141,115,98,96,2,17,16,1,26,3,23
S01012991,Families with dependent children: Total,108,66,50,45,5,16,10,6,42,3,39
S01012991,Families with dependent children: Youngest aged 0 to 4,48,30,22,18,4,8,7,1,18,0,18
S01012991,Families with dependent children: Youngest aged 5 to 11,36,22,16,15,1,6,3,3,14,1,13
S01012991,Families with dependent children: Youngest aged 12 to 18,24,14,12,12,0,2,0,2,10,2,8
S01012992,All families in households,212,165,138,132,6,27,23,4,47,4,43
S01012992,Families with no dependent children,115,94,81,80,1,13,12,1,21,3,18
S01012992,Families with dependent children: Total,97,71,57,52,5,14,11,3,26,1,25
S01012992,Families with dependent children: Youngest aged 0 to 4,36,27,18,17,1,9,7,2,9,0,9
S01012992,Families with dependent children: Youngest aged 5 to 11,26,21,18,16,2,3,2,1,5,0,5
S01012992,Families with dependent children: Youngest aged 12 to 18,35,23,21,19,2,2,2,0,12,1,11
S01012993,All families in households,188,140,104,101,3,36,30,6,48,7,41
S01012993,Families with no dependent children,108,94,75,75,0,19,19,0,14,5,9
S01012993,Families with dependent children: Total,80,46,29,26,3,17,11,6,34,2,32
S01012993,Families with dependent children: Youngest aged 0 to 4,33,20,7,6,1,13,10,3,13,1,12
S01012993,Families with dependent children: Youngest aged 5 to 11,22,10,8,7,1,2,1,1,12,0,12
S01012993,Families with dependent children: Youngest aged 12 to 18,25,16,14,13,1,2,0,2,9,1,8
S01012994,All families in households,213,145,103,100,3,42,38,4,68,8,60
S01012994,Families with no dependent children,122,94,68,67,1,26,26,0,28,5,23
S01012994,Families with dependent children: Total,91,51,35,33,2,16,12,4,40,3,37
S01012994,Families with dependent children: Youngest aged 0 to 4,32,19,12,12,0,7,7,0,13,0,13
S01012994,Families with dependent children: Youngest aged 5 to 11,32,19,12,12,0,7,4,3,13,1,12
S01012994,Families with dependent children: Youngest aged 12 to 18,27,13,11,9,2,2,1,1,14,2,12
S01012995,All families in households,255,209,172,167,5,37,31,6,46,12,34
S01012995,Families with no dependent children,164,146,120,117,3,26,25,1,18,11,7
S01012995,Families with dependent children: Total,91,63,52,50,2,11,6,5,28,1,27
S01012995,Families with dependent children: Youngest aged 0 to 4,27,21,15,15,0,6,4,2,6,1,5
S01012995,Families with dependent children: Youngest aged 5 to 11,42,22,21,20,1,1,1,0,20,0,20
S01012995,Families with dependent children: Youngest aged 12 to 18,22,20,16,15,1,4,1,3,2,0,2
S01012996,All families in households,193,144,125,120,5,19,9,10,49,7,42
S01012996,Families with no dependent children,122,105,94,91,3,11,5,6,17,5,12
S01012996,Families with dependent children: Total,71,39,31,29,2,8,4,4,32,2,30
S01012996,Families with dependent children: Youngest aged 0 to 4,27,15,13,13,0,2,2,0,12,0,12
S01012996,Families with dependent children: Youngest aged 5 to 11,18,8,6,5,1,2,1,1,10,2,8
S01012996,Families with dependent children: Youngest aged 12 to 18,26,16,12,11,1,4,1,3,10,0,10
S01012997,All families in households,142,109,93,86,7,16,13,3,33,8,25
S01012997,Families with no dependent children,83,73,65,63,2,8,7,1,10,6,4
S01012997,Families with dependent children: Total,59,36,28,23,5,8,6,2,23,2,21
S01012997,Families with dependent children: Youngest aged 0 to 4,19,11,10,8,2,1,1,0,8,0,8
S01012997,Families with dependent children: Youngest aged 5 to 11,27,14,10,8,2,4,3,1,13,1,12
S01012997,Families with dependent children: Youngest aged 12 to 18,13,11,8,7,1,3,2,1,2,1,1
S01012998,All families in households,323,263,222,213,9,41,32,9,60,2,58
S01012998,Families with no dependent children,164,145,123,120,3,22,22,0,19,1,18
S01012998,Families with dependent children: Total,159,118,99,93,6,19,10,9,41,1,40
S01012998,Families with dependent children: Youngest aged 0 to 4,51,37,28,27,1,9,8,1,14,0,14
S01012998,Families with dependent children: Youngest aged 5 to 11,59,42,36,35,1,6,2,4,17,1,16
S01012998,Families with dependent children: Youngest aged 12 to 18,49,39,35,31,4,4,0,4,10,0,10
S01012999,All families in households,136,109,92,86,6,17,13,4,27,4,23
S01012999,Families with no dependent children,78,70,61,58,3,9,9,0,8,1,7
S01012999,Families with dependent children: Total,58,39,31,28,3,8,4,4,19,3,16
S01012999,Families with dependent children: Youngest aged 0 to 4,19,13,9,9,0,4,4,0,6,2,4
S01012999,Families with dependent children: Youngest aged 5 to 11,23,17,14,13,1,3,0,3,6,0,6
S01012999,Families with dependent children: Youngest aged 12 to 18,16,9,8,6,2,1,0,1,7,1,6
S01013000,All families in households,191,147,124,120,4,23,20,3,44,6,38
S01013000,Families with no dependent children,124,106,91,89,2,15,15,0,18,2,16
S01013000,Families with dependent children: Total,67,41,33,31,2,8,5,3,26,4,22
S01013000,Families with dependent children: Youngest aged 0 to 4,31,21,14,13,1,7,5,2,10,2,8
S01013000,Families with dependent children: Youngest aged 5 to 11,14,7,6,5,1,1,0,1,7,1,6
S01013000,Families with dependent children: Youngest aged 12 to 18,22,13,13,13,0,0,0,0,9,1,8
S01013001,All families in households,127,113,105,102,3,8,7,1,14,2,12
S01013001,Families with no dependent children,82,77,74,74,0,3,3,0,5,0,5
S01013001,Families with dependent children: Total,45,36,31,28,3,5,4,1,9,2,7
S01013001,Families with dependent children: Youngest aged 0 to 4,10,9,8,7,1,1,1,0,1,0,1
S01013001,Families with dependent children: Youngest aged 5 to 11,17,15,11,9,2,4,3,1,2,0,2
S01013001,Families with dependent children: Youngest aged 12 to 18,18,12,12,12,0,0,0,0,6,2,4
S01013002,All families in households,154,138,122,119,3,16,15,1,16,1,15
S01013002,Families with no dependent children,96,87,77,77,0,10,10,0,9,1,8
S01013002,Families with dependent children: Total,58,51,45,42,3,6,5,1,7,0,7
S01013002,Families with dependent children: Youngest aged 0 to 4,16,14,10,10,0,4,4,0,2,0,2
S01013002,Families with dependent children: Youngest aged 5 to 11,18,16,15,14,1,1,0,1,2,0,2
S01013002,Families with dependent children: Youngest aged 12 to 18,24,21,20,18,2,1,1,0,3,0,3
S01013003,All families in households,212,202,192,191,1,10,10,0,10,2,8
S01013003,Families with no dependent children,135,131,125,124,1,6,6,0,4,0,4
S01013003,Families with dependent children: Total,77,71,67,67,0,4,4,0,6,2,4
S01013003,Families with dependent children: Youngest aged 0 to 4,7,7,7,7,0,0,0,0,0,0,0
S01013003,Families with dependent children: Youngest aged 5 to 11,38,37,33,33,0,4,4,0,1,0,1
S01013003,Families with dependent children: Youngest aged 12 to 18,32,27,27,27,0,0,0,0,5,2,3
S01013004,All families in households,210,186,174,168,6,12,11,1,24,5,19
S01013004,Families with no dependent children,114,105,98,97,1,7,7,0,9,2,7
S01013004,Families with dependent children: Total,96,81,76,71,5,5,4,1,15,3,12
S01013004,Families with dependent children: Youngest aged 0 to 4,19,19,18,16,2,1,1,0,0,0,0
S01013004,Families with dependent children: Youngest aged 5 to 11,40,30,27,25,2,3,3,0,10,3,7
S01013004,Families with dependent children: Youngest aged 12 to 18,37,32,31,30,1,1,0,1,5,0,5
S01013005,All families in households,226,192,173,168,5,19,19,0,34,4,30
S01013005,Families with no dependent children,136,124,113,112,1,11,11,0,12,2,10
S01013005,Families with dependent children: Total,90,68,60,56,4,8,8,0,22,2,20
S01013005,Families with dependent children: Youngest aged 0 to 4,25,24,17,16,1,7,7,0,1,0,1
S01013005,Families with dependent children: Youngest aged 5 to 11,32,19,19,19,0,0,0,0,13,1,12
S01013005,Families with dependent children: Youngest aged 12 to 18,33,25,24,21,3,1,1,0,8,1,7
S01013006,All families in households,200,183,164,161,3,19,15,4,17,3,14
S01013006,Families with no dependent children,124,118,109,109,0,9,9,0,6,1,5
S01013006,Families with dependent children: Total,76,65,55,52,3,10,6,4,11,2,9
S01013006,Families with dependent children: Youngest aged 0 to 4,20,18,16,14,2,2,2,0,2,0,2
S01013006,Families with dependent children: Youngest aged 5 to 11,26,21,16,15,1,5,3,2,5,2,3
S01013006,Families with dependent children: Youngest aged 12 to 18,30,26,23,23,0,3,1,2,4,0,4
S01013007,All families in households,284,261,232,230,2,29,22,7,23,1,22
S01013007,Families with no dependent children,182,171,157,157,0,14,11,3,11,0,11
S01013007,Families with dependent children: Total,102,90,75,73,2,15,11,4,12,1,11
S01013007,Families with dependent children: Youngest aged 0 to 4,33,30,25,25,0,5,5,0,3,1,2
S01013007,Families with dependent children: Youngest aged 5 to 11,28,26,22,20,2,4,3,1,2,0,2
S01013007,Families with dependent children: Youngest aged 12 to 18,41,34,28,28,0,6,3,3,7,0,7
S01013008,All families in households,240,202,170,169,1,32,27,5,38,2,36
S01013008,Families with no dependent children,140,129,111,110,1,18,18,0,11,1,10
S01013008,Families with dependent children: Total,100,73,59,59,0,14,9,5,27,1,26
S01013008,Families with dependent children: Youngest aged 0 to 4,34,30,23,23,0,7,5,2,4,0,4
S01013008,Families with dependent children: Youngest aged 5 to 11,37,25,18,18,0,7,4,3,12,1,11
S01013008,Families with dependent children: Youngest aged 12 to 18,29,18,18,18,0,0,0,0,11,0,11
S01013009,All families in households,185,150,128,125,3,22,18,4,35,1,34
S01013009,Families with no dependent children,111,99,87,87,0,12,10,2,12,0,12
S01013009,Families with dependent children: Total,74,51,41,38,3,10,8,2,23,1,22
S01013009,Families with dependent children: Youngest aged 0 to 4,23,18,11,11,0,7,6,1,5,0,5
S01013009,Families with dependent children: Youngest aged 5 to 11,28,17,16,16,0,1,1,0,11,1,10
S01013009,Families with dependent children: Youngest aged 12 to 18,23,16,14,11,3,2,1,1,7,0,7
S01013010,All families in households,178,162,141,139,2,21,18,3,16,4,12
S01013010,Families with no dependent children,115,105,88,87,1,17,15,2,10,3,7
S01013010,Families with dependent children: Total,63,57,53,52,1,4,3,1,6,1,5
S01013010,Families with dependent children: Youngest aged 0 to 4,13,13,12,12,0,1,1,0,0,0,0
S01013010,Families with dependent children: Youngest aged 5 to 11,31,28,27,27,0,1,1,0,3,0,3
S01013010,Families with dependent children: Youngest aged 12 to 18,19,16,14,13,1,2,1,1,3,1,2
S01013011,All families in households,210,180,155,145,10,25,20,5,30,6,24
S01013011,Families with no dependent children,87,80,68,66,2,12,11,1,7,3,4
S01013011,Families with dependent children: Total,123,100,87,79,8,13,9,4,23,3,20
S01013011,Families with dependent children: Youngest aged 0 to 4,35,33,28,26,2,5,4,1,2,0,2
S01013011,Families with dependent children: Youngest aged 5 to 11,45,35,31,28,3,4,3,1,10,2,8
S01013011,Families with dependent children: Youngest aged 12 to 18,43,32,28,25,3,4,2,2,11,1,10
S01013012,All families in households,185,149,121,115,6,28,24,4,36,2,34
S01013012,Families with no dependent children,99,88,69,67,2,19,19,0,11,1,10
S01013012,Families with dependent children: Total,86,61,52,48,4,9,5,4,25,1,24
S01013012,Families with dependent children: Youngest aged 0 to 4,21,15,11,10,1,4,3,1,6,0,6
S01013012,Families with dependent children: Youngest aged 5 to 11,31,19,18,16,2,1,0,1,12,0,12
S01013012,Families with dependent children: Youngest aged 12 to 18,34,27,23,22,1,4,2,2,7,1,6
S01013013,All families in households,219,187,160,158,2,27,20,7,32,5,27
S01013013,Families with no dependent children,127,117,103,102,1,14,11,3,10,3,7
S01013013,Families with dependent children: Total,92,70,57,56,1,13,9,4,22,2,20
S01013013,Families with dependent children: Youngest aged 0 to 4,24,18,15,15,0,3,3,0,6,0,6
S01013013,Families with dependent children: Youngest aged 5 to 11,38,31,24,23,1,7,5,2,7,1,6
S01013013,Families with dependent children: Youngest aged 12 to 18,30,21,18,18,0,3,1,2,9,1,8
S01013014,All families in households,213,184,151,148,3,33,27,6,29,3,26
S01013014,Families with no dependent children,126,116,96,96,0,20,17,3,10,0,10
S01013014,Families with dependent children: Total,87,68,55,52,3,13,10,3,19,3,16
S01013014,Families with dependent children: Youngest aged 0 to 4,23,21,17,15,2,4,4,0,2,1,1
S01013014,Families with dependent children: Youngest aged 5 to 11,34,28,23,23,0,5,3,2,6,1,5
S01013014,Families with dependent children: Youngest aged 12 to 18,30,19,15,14,1,4,3,1,11,1,10
S01013015,All families in households,234,210,187,183,4,23,15,8,24,9,15
S01013015,Families with no dependent children,138,128,118,117,1,10,7,3,10,5,5
S01013015,Families with dependent children: Total,96,82,69,66,3,13,8,5,14,4,10
S01013015,Families with dependent children: Youngest aged 0 to 4,28,26,20,18,2,6,5,1,2,0,2
S01013015,Families with dependent children: Youngest aged 5 to 11,31,26,20,20,0,6,3,3,5,1,4
S01013015,Families with dependent children: Youngest aged 12 to 18,37,30,29,28,1,1,0,1,7,3,4
S01013016,All families in households,200,179,166,163,3,13,12,1,21,4,17
S01013016,Families with no dependent children,130,121,114,112,2,7,7,0,9,1,8
S01013016,Families with dependent children: Total,70,58,52,51,1,6,5,1,12,3,9
S01013016,Families with dependent children: Youngest aged 0 to 4,20,17,12,12,0,5,5,0,3,0,3
S01013016,Families with dependent children: Youngest aged 5 to 11,30,24,23,23,0,1,0,1,6,3,3
S01013016,Families with dependent children: Youngest aged 12 to 18,20,17,17,16,1,0,0,0,3,0,3
S01013017,All families in households,255,205,185,178,7,20,19,1,50,6,44
S01013017,Families with no dependent children,142,123,108,107,1,15,14,1,19,2,17
S01013017,Families with dependent children: Total,113,82,77,71,6,5,5,0,31,4,27
S01013017,Families with dependent children: Youngest aged 0 to 4,37,32,28,25,3,4,4,0,5,1,4
S01013017,Families with dependent children: Youngest aged 5 to 11,45,29,29,27,2,0,0,0,16,2,14
S01013017,Families with dependent children: Youngest aged 12 to 18,31,21,20,19,1,1,1,0,10,1,9
S01013018,All families in households,295,270,245,239,6,25,21,4,25,3,22
S01013018,Families with no dependent children,179,167,155,153,2,12,12,0,12,0,12
S01013018,Families with dependent children: Total,116,103,90,86,4,13,9,4,13,3,10
S01013018,Families with dependent children: Youngest aged 0 to 4,27,23,20,18,2,3,3,0,4,0,4
S01013018,Families with dependent children: Youngest aged 5 to 11,52,48,42,42,0,6,5,1,4,1,3
S01013018,Families with dependent children: Youngest aged 12 to 18,37,32,28,26,2,4,1,3,5,2,3
S01013019,All families in households,264,237,200,195,5,37,31,6,27,1,26
S01013019,Families with no dependent children,136,129,99,98,1,30,28,2,7,0,7
S01013019,Families with dependent children: Total,128,108,101,97,4,7,3,4,20,1,19
S01013019,Families with dependent children: Youngest aged 0 to 4,43,37,34,32,2,3,2,1,6,0,6
S01013019,Families with dependent children: Youngest aged 5 to 11,44,39,38,37,1,1,1,0,5,0,5
S01013019,Families with dependent children: Youngest aged 12 to 18,41,32,29,28,1,3,0,3,9,1,8
S01013020,All families in households,135,114,86,80,6,28,20,8,21,3,18
S01013020,Families with no dependent children,91,82,64,61,3,18,16,2,9,3,6
S01013020,Families with dependent children: Total,44,32,22,19,3,10,4,6,12,0,12
S01013020,Families with dependent children: Youngest aged 0 to 4,21,14,10,9,1,4,3,1,7,0,7
S01013020,Families with dependent children: Youngest aged 5 to 11,12,9,8,6,2,1,1,0,3,0,3
S01013020,Families with dependent children: Youngest aged 12 to 18,11,9,4,4,0,5,0,5,2,0,2
S01013021,All families in households,148,121,103,100,3,18,13,5,27,4,23
S01013021,Families with no dependent children,93,84,72,71,1,12,11,1,9,2,7
S01013021,Families with dependent children: Total,55,37,31,29,2,6,2,4,18,2,16
S01013021,Families with dependent children: Youngest aged 0 to 4,21,17,15,14,1,2,1,1,4,0,4
S01013021,Families with dependent children: Youngest aged 5 to 11,19,10,9,8,1,1,0,1,9,2,7
S01013021,Families with dependent children: Youngest aged 12 to 18,15,10,7,7,0,3,1,2,5,0,5
S01013022,All families in households,131,85,63,61,2,22,16,6,46,6,40
S01013022,Families with no dependent children,49,42,33,33,0,9,9,0,7,2,5
S01013022,Families with dependent children: Total,82,43,30,28,2,13,7,6,39,4,35
S01013022,Families with dependent children: Youngest aged 0 to 4,39,25,17,17,0,8,4,4,14,0,14
S01013022,Families with dependent children: Youngest aged 5 to 11,20,6,2,1,1,4,2,2,14,2,12
S01013022,Families with dependent children: Youngest aged 12 to 18,23,12,11,10,1,1,1,0,11,2,9
S01013023,All families in households,284,260,244,243,1,16,14,2,24,3,21
S01013023,Families with no dependent children,185,176,165,165,0,11,9,2,9,2,7
S01013023,Families with dependent children: Total,99,84,79,78,1,5,5,0,15,1,14
S01013023,Families with dependent children: Youngest aged 0 to 4,22,17,15,15,0,2,2,0,5,0,5
S01013023,Families with dependent children: Youngest aged 5 to 11,40,35,32,32,0,3,3,0,5,1,4
S01013023,Families with dependent children: Youngest aged 12 to 18,37,32,32,31,1,0,0,0,5,0,5
S01013024,All families in households,156,141,124,121,3,17,15,2,15,1,14
S01013024,Families with no dependent children,95,87,76,76,0,11,9,2,8,1,7
S01013024,Families with dependent children: Total,61,54,48,45,3,6,6,0,7,0,7
S01013024,Families with dependent children: Youngest aged 0 to 4,20,20,18,18,0,2,2,0,0,0,0
S01013024,Families with dependent children: Youngest aged 5 to 11,21,18,16,14,2,2,2,0,3,0,3
S01013024,Families with dependent children: Youngest aged 12 to 18,20,16,14,13,1,2,2,0,4,0,4
S01013025,All families in households,160,144,124,123,1,20,18,2,16,2,14
S01013025,Families with no dependent children,118,110,97,96,1,13,13,0,8,2,6
S01013025,Families with dependent children: Total,42,34,27,27,0,7,5,2,8,0,8
S01013025,Families with dependent children: Youngest aged 0 to 4,9,7,5,5,0,2,1,1,2,0,2
S01013025,Families with dependent children: Youngest aged 5 to 11,15,12,9,9,0,3,3,0,3,0,3
S01013025,Families with dependent children: Youngest aged 12 to 18,18,15,13,13,0,2,1,1,3,0,3
S01013026,All families in households,297,239,190,180,10,49,46,3,58,6,52
S01013026,Families with no dependent children,173,154,124,117,7,30,29,1,19,3,16
S01013026,Families with dependent children: Total,124,85,66,63,3,19,17,2,39,3,36
S01013026,Families with dependent children: Youngest aged 0 to 4,59,51,40,39,1,11,11,0,8,0,8
S01013026,Families with dependent children: Youngest aged 5 to 11,38,23,18,17,1,5,4,1,15,0,15
S01013026,Families with dependent children: Youngest aged 12 to 18,27,11,8,7,1,3,2,1,16,3,13
S01013027,All families in households,299,196,154,147,7,42,32,10,103,8,95
S01013027,Families with no dependent children,154,122,107,106,1,15,14,1,32,4,28
S01013027,Families with dependent children: Total,145,74,47,41,6,27,18,9,71,4,67
S01013027,Families with dependent children: Youngest aged 0 to 4,60,29,12,10,2,17,12,5,31,0,31
S01013027,Families with dependent children: Youngest aged 5 to 11,58,31,23,21,2,8,6,2,27,3,24
S01013027,Families with dependent children: Youngest aged 12 to 18,27,14,12,10,2,2,0,2,13,1,12
S01013028,All families in households,144,125,98,96,2,27,22,5,19,3,16
S01013028,Families with no dependent children,92,83,63,62,1,20,19,1,9,3,6
S01013028,Families with dependent children: Total,52,42,35,34,1,7,3,4,10,0,10
S01013028,Families with dependent children: Youngest aged 0 to 4,13,11,8,8,0,3,1,2,2,0,2
S01013028,Families with dependent children: Youngest aged 5 to 11,15,13,11,11,0,2,1,1,2,0,2
S01013028,Families with dependent children: Youngest aged 12 to 18,24,18,16,15,1,2,1,1,6,0,6
S01013029,All families in households,171,134,104,99,5,30,27,3,37,6,31
S01013029,Families with no dependent children,101,86,70,68,2,16,15,1,15,4,11
S01013029,Families with dependent children: Total,70,48,34,31,3,14,12,2,22,2,20
S01013029,Families with dependent children: Youngest aged 0 to 4,26,19,11,10,1,8,7,1,7,0,7
S01013029,Families with dependent children: Youngest aged 5 to 11,21,12,7,6,1,5,4,1,9,1,8
S01013029,Families with dependent children: Youngest aged 12 to 18,23,17,16,15,1,1,1,0,6,1,5
S01013030,All families in households,182,140,101,92,9,39,29,10,42,3,39
S01013030,Families with no dependent children,104,93,74,71,3,19,15,4,11,1,10
S01013030,Families with dependent children: Total,78,47,27,21,6,20,14,6,31,2,29
S01013030,Families with dependent children: Youngest aged 0 to 4,24,12,3,3,0,9,7,2,12,2,10
S01013030,Families with dependent children: Youngest aged 5 to 11,34,21,14,12,2,7,4,3,13,0,13
S01013030,Families with dependent children: Youngest aged 12 to 18,20,14,10,6,4,4,3,1,6,0,6
S01013031,All families in households,171,116,89,82,7,27,21,6,55,3,52
S01013031,Families with no dependent children,81,69,57,55,2,12,9,3,12,3,9
S01013031,Families with dependent children: Total,90,47,32,27,5,15,12,3,43,0,43
S01013031,Families with dependent children: Youngest aged 0 to 4,31,17,7,7,0,10,8,2,14,0,14
S01013031,Families with dependent children: Youngest aged 5 to 11,32,14,11,9,2,3,2,1,18,0,18
S01013031,Families with dependent children: Youngest aged 12 to 18,27,16,14,11,3,2,2,0,11,0,11
S01013032,All families in households,245,208,160,152,8,48,40,8,37,3,34
S01013032,Families with no dependent children,108,101,77,77,0,24,24,0,7,2,5
S01013032,Families with dependent children: Total,137,107,83,75,8,24,16,8,30,1,29
S01013032,Families with dependent children: Youngest aged 0 to 4,46,38,28,28,0,10,10,0,8,0,8
S01013032,Families with dependent children: Youngest aged 5 to 11,70,53,44,38,6,9,4,5,17,1,16
S01013032,Families with dependent children: Youngest aged 12 to 18,21,16,11,9,2,5,2,3,5,0,5
S01013033,All families in households,205,168,121,118,3,47,39,8,37,1,36
S01013033,Families with no dependent children,99,88,60,59,1,28,27,1,11,0,11
S01013033,Families with dependent children: Total,106,80,61,59,2,19,12,7,26,1,25
S01013033,Families with dependent children: Youngest aged 0 to 4,49,37,27,26,1,10,8,2,12,1,11
S01013033,Families with dependent children: Youngest aged 5 to 11,37,30,22,21,1,8,4,4,7,0,7
S01013033,Families with dependent children: Youngest aged 12 to 18,20,13,12,12,0,1,0,1,7,0,7
S01013034,All families in households,223,170,132,126,6,38,28,10,53,3,50
S01013034,Families with no dependent children,134,113,98,95,3,15,13,2,21,3,18
S01013034,Families with dependent children: Total,89,57,34,31,3,23,15,8,32,0,32
S01013034,Families with dependent children: Youngest aged 0 to 4,48,31,15,13,2,16,11,5,17,0,17
S01013034,Families with dependent children: Youngest aged 5 to 11,17,8,5,5,0,3,3,0,9,0,9
S01013034,Families with dependent children: Youngest aged 12 to 18,24,18,14,13,1,4,1,3,6,0,6
S01013035,All families in households,205,138,95,92,3,43,34,9,67,6,61
S01013035,Families with no dependent children,109,84,65,64,1,19,16,3,25,3,22
S01013035,Families with dependent children: Total,96,54,30,28,2,24,18,6,42,3,39
S01013035,Families with dependent children: Youngest aged 0 to 4,33,20,7,7,0,13,10,3,13,0,13
S01013035,Families with dependent children: Youngest aged 5 to 11,37,22,13,11,2,9,7,2,15,2,13
S01013035,Families with dependent children: Youngest aged 12 to 18,26,12,10,10,0,2,1,1,14,1,13
S01013036,All families in households,221,149,117,102,15,32,25,7,72,12,60
S01013036,Families with no dependent children,129,98,81,73,8,17,13,4,31,10,21
S01013036,Families with dependent children: Total,92,51,36,29,7,15,12,3,41,2,39
S01013036,Families with dependent children: Youngest aged 0 to 4,36,16,8,7,1,8,5,3,20,1,19
S01013036,Families with dependent children: Youngest aged 5 to 11,31,18,14,12,2,4,4,0,13,0,13
S01013036,Families with dependent children: Youngest aged 12 to 18,25,17,14,10,4,3,3,0,8,1,7
S01013037,All families in households,229,203,170,168,2,33,31,2,26,3,23
S01013037,Families with no dependent children,150,138,112,111,1,26,25,1,12,3,9
S01013037,Families with dependent children: Total,79,65,58,57,1,7,6,1,14,0,14
S01013037,Families with dependent children: Youngest aged 0 to 4,24,20,17,16,1,3,3,0,4,0,4
S01013037,Families with dependent children: Youngest aged 5 to 11,25,21,17,17,0,4,3,1,4,0,4
S01013037,Families with dependent children: Youngest aged 12 to 18,30,24,24,24,0,0,0,0,6,0,6
S01013038,All families in households,268,207,162,154,8,45,34,11,61,10,51
S01013038,Families with no dependent children,159,134,106,104,2,28,25,3,25,9,16
S01013038,Families with dependent children: Total,109,73,56,50,6,17,9,8,36,1,35
S01013038,Families with dependent children: Youngest aged 0 to 4,35,19,15,13,2,4,3,1,16,1,15
S01013038,Families with dependent children: Youngest aged 5 to 11,35,24,17,14,3,7,3,4,11,0,11
S01013038,Families with dependent children: Youngest aged 12 to 18,39,30,24,23,1,6,3,3,9,0,9
S01013039,All families in households,159,146,127,124,3,19,12,7,13,1,12
S01013039,Families with no dependent children,81,77,69,68,1,8,7,1,4,0,4
S01013039,Families with dependent children: Total,78,69,58,56,2,11,5,6,9,1,8
S01013039,Families with dependent children: Youngest aged 0 to 4,15,12,7,7,0,5,4,1,3,0,3
S01013039,Families with dependent children: Youngest aged 5 to 11,25,25,23,22,1,2,1,1,0,0,0
S01013039,Families with dependent children: Youngest aged 12 to 18,38,32,28,27,1,4,0,4,6,1,5
S01013040,All families in households,173,142,115,112,3,27,27,0,31,5,26
S01013040,Families with no dependent children,111,98,80,80,0,18,18,0,13,4,9
S01013040,Families with dependent children: Total,62,44,35,32,3,9,9,0,18,1,17
S01013040,Families with dependent children: Youngest aged 0 to 4,19,13,9,8,1,4,4,0,6,0,6
S01013040,Families with dependent children: Youngest aged 5 to 11,22,15,12,11,1,3,3,0,7,0,7
S01013040,Families with dependent children: Youngest aged 12 to 18,21,16,14,13,1,2,2,0,5,1,4
S01013041,All families in households,171,140,111,109,2,29,23,6,31,3,28
S01013041,Families with no dependent children,105,92,76,75,1,16,16,0,13,1,12
S01013041,Families with dependent children: Total,66,48,35,34,1,13,7,6,18,2,16
S01013041,Families with dependent children: Youngest aged 0 to 4,22,17,7,7,0,10,7,3,5,1,4
S01013041,Families with dependent children: Youngest aged 5 to 11,22,17,16,16,0,1,0,1,5,1,4
S01013041,Families with dependent children: Youngest aged 12 to 18,22,14,12,11,1,2,0,2,8,0,8
S01013042,All families in households,242,198,152,141,11,46,39,7,44,10,34
S01013042,Families with no dependent children,138,124,92,88,4,32,30,2,14,3,11
S01013042,Families with dependent children: Total,104,74,60,53,7,14,9,5,30,7,23
S01013042,Families with dependent children: Youngest aged 0 to 4,40,29,24,22,2,5,4,1,11,3,8
S01013042,Families with dependent children: Youngest aged 5 to 11,30,21,15,14,1,6,4,2,9,2,7
S01013042,Families with dependent children: Youngest aged 12 to 18,34,24,21,17,4,3,1,2,10,2,8
S01013043,All families in households,194,140,111,103,8,29,19,10,54,8,46
S01013043,Families with no dependent children,104,80,72,70,2,8,5,3,24,6,18
S01013043,Families with dependent children: Total,90,60,39,33,6,21,14,7,30,2,28
S01013043,Families with dependent children: Youngest aged 0 to 4,37,27,10,8,2,17,12,5,10,1,9
S01013043,Families with dependent children: Youngest aged 5 to 11,18,8,6,5,1,2,1,1,10,0,10
S01013043,Families with dependent children: Youngest aged 12 to 18,35,25,23,20,3,2,1,1,10,1,9
S01013044,All families in households,249,174,137,127,10,37,28,9,75,5,70
S01013044,Families with no dependent children,142,119,98,95,3,21,17,4,23,1,22
S01013044,Families with dependent children: Total,107,55,39,32,7,16,11,5,52,4,48
S01013044,Families with dependent children: Youngest aged 0 to 4,37,20,13,12,1,7,5,2,17,2,15
S01013044,Families with dependent children: Youngest aged 5 to 11,41,21,15,12,3,6,5,1,20,0,20
S01013044,Families with dependent children: Youngest aged 12 to 18,29,14,11,8,3,3,1,2,15,2,13
S01013045,All families in households,203,165,142,135,7,23,16,7,38,2,36
S01013045,Families with no dependent children,98,91,77,75,2,14,12,2,7,1,6
S01013045,Families with dependent children: Total,105,74,65,60,5,9,4,5,31,1,30
S01013045,Families with dependent children: Youngest aged 0 to 4,39,24,20,19,1,4,3,1,15,0,15
S01013045,Families with dependent children: Youngest aged 5 to 11,37,27,25,22,3,2,1,1,10,1,9
S01013045,Families with dependent children: Youngest aged 12 to 18,29,23,20,19,1,3,0,3,6,0,6
S01013046,All families in households,153,115,88,86,2,27,21,6,38,6,32
S01013046,Families with no dependent children,96,85,66,64,2,19,17,2,11,3,8
S01013046,Families with dependent children: Total,57,30,22,22,0,8,4,4,27,3,24
S01013046,Families with dependent children: Youngest aged 0 to 4,19,13,9,9,0,4,2,2,6,0,6
S01013046,Families with dependent children: Youngest aged 5 to 11,13,6,4,4,0,2,1,1,7,0,7
S01013046,Families with dependent children: Youngest aged 12 to 18,25,11,9,9,0,2,1,1,14,3,11
S01013047,All families in households,275,260,222,219,3,38,36,2,15,0,15
S01013047,Families with no dependent children,130,125,97,97,0,28,27,1,5,0,5
S01013047,Families with dependent children: Total,145,135,125,122,3,10,9,1,10,0,10
S01013047,Families with dependent children: Youngest aged 0 to 4,48,48,43,43,0,5,5,0,0,0,0
S01013047,Families with dependent children: Youngest aged 5 to 11,60,56,54,53,1,2,1,1,4,0,4
S01013047,Families with dependent children: Youngest aged 12 to 18,37,31,28,26,2,3,3,0,6,0,6
S01013048,All families in households,229,206,159,156,3,47,46,1,23,2,21
S01013048,Families with no dependent children,153,147,107,105,2,40,40,0,6,2,4
S01013048,Families with dependent children: Total,76,59,52,51,1,7,6,1,17,0,17
S01013048,Families with dependent children: Youngest aged 0 to 4,30,22,17,16,1,5,5,0,8,0,8
S01013048,Families with dependent children: Youngest aged 5 to 11,23,19,17,17,0,2,1,1,4,0,4
S01013048,Families with dependent children: Youngest aged 12 to 18,23,18,18,18,0,0,0,0,5,0,5
S01013049,All families in households,243,219,188,182,6,31,28,3,24,7,17
S01013049,Families with no dependent children,164,155,130,128,2,25,24,1,9,4,5
S01013049,Families with dependent children: Total,79,64,58,54,4,6,4,2,15,3,12
S01013049,Families with dependent children: Youngest aged 0 to 4,21,20,17,16,1,3,3,0,1,0,1
S01013049,Families with dependent children: Youngest aged 5 to 11,33,28,26,23,3,2,1,1,5,1,4
S01013049,Families with dependent children: Youngest aged 12 to 18,25,16,15,15,0,1,0,1,9,2,7
S01013050,All families in households,211,162,133,126,7,29,28,1,49,5,44
S01013050,Families with no dependent children,145,120,99,96,3,21,21,0,25,4,21
S01013050,Families with dependent children: Total,66,42,34,30,4,8,7,1,24,1,23
S01013050,Families with dependent children: Youngest aged 0 to 4,17,12,8,8,0,4,3,1,5,0,5
S01013050,Families with dependent children: Youngest aged 5 to 11,26,13,10,10,0,3,3,0,13,1,12
S01013050,Families with dependent children: Youngest aged 12 to 18,23,17,16,12,4,1,1,0,6,0,6
S01013051,All families in households,287,196,155,147,8,41,35,6,91,10,81
S01013051,Families with no dependent children,173,131,109,104,5,22,20,2,42,10,32
S01013051,Families with dependent children: Total,114,65,46,43,3,19,15,4,49,0,49
S01013051,Families with dependent children: Youngest aged 0 to 4,44,28,18,18,0,10,9,1,16,0,16
S01013051,Families with dependent children: Youngest aged 5 to 11,30,18,12,10,2,6,6,0,12,0,12
S01013051,Families with dependent children: Youngest aged 12 to 18,40,19,16,15,1,3,0,3,21,0,21
S01013052,All families in households,210,155,126,123,3,29,26,3,55,4,51
S01013052,Families with no dependent children,130,109,91,89,2,18,17,1,21,3,18
S01013052,Families with dependent children: Total,80,46,35,34,1,11,9,2,34,1,33
S01013052,Families with dependent children: Youngest aged 0 to 4,32,17,7,6,1,10,8,2,15,0,15
S01013052,Families with dependent children: Youngest aged 5 to 11,26,15,14,14,0,1,1,0,11,0,11
S01013052,Families with dependent children: Youngest aged 12 to 18,22,14,14,14,0,0,0,0,8,1,7
S01013053,All families in households,156,102,75,69,6,27,23,4,54,5,49
S01013053,Families with no dependent children,84,65,51,50,1,14,14,0,19,4,15
S01013053,Families with dependent children: Total,72,37,24,19,5,13,9,4,35,1,34
S01013053,Families with dependent children: Youngest aged 0 to 4,28,15,8,7,1,7,7,0,13,0,13
S01013053,Families with dependent children: Youngest aged 5 to 11,23,9,7,5,2,2,2,0,14,1,13
S01013053,Families with dependent children: Youngest aged 12 to 18,21,13,9,7,2,4,0,4,8,0,8
S01013054,All families in households,204,172,129,126,3,43,38,5,32,7,25
S01013054,Families with no dependent children,145,125,97,95,2,28,28,0,20,6,14
S01013054,Families with dependent children: Total,59,47,32,31,1,15,10,5,12,1,11
S01013054,Families with dependent children: Youngest aged 0 to 4,26,19,11,10,1,8,7,1,7,0,7
S01013054,Families with dependent children: Youngest aged 5 to 11,13,10,9,9,0,1,1,0,3,0,3
S01013054,Families with dependent children: Youngest aged 12 to 18,20,18,12,12,0,6,2,4,2,1,1
S01013055,All families in households,185,137,94,92,2,43,34,9,48,5,43
S01013055,Families with no dependent children,112,88,61,60,1,27,23,4,24,5,19
S01013055,Families with dependent children: Total,73,49,33,32,1,16,11,5,24,0,24
S01013055,Families with dependent children: Youngest aged 0 to 4,26,18,11,11,0,7,7,0,8,0,8
S01013055,Families with dependent children: Youngest aged 5 to 11,26,15,10,10,0,5,1,4,11,0,11
S01013055,Families with dependent children: Youngest aged 12 to 18,21,16,12,11,1,4,3,1,5,0,5
S01013056,All families in households,263,198,158,153,5,40,33,7,65,8,57
S01013056,Families with no dependent children,170,140,115,114,1,25,23,2,30,5,25
S01013056,Families with dependent children: Total,93,58,43,39,4,15,10,5,35,3,32
S01013056,Families with dependent children: Youngest aged 0 to 4,31,22,16,15,1,6,5,1,9,1,8
S01013056,Families with dependent children: Youngest aged 5 to 11,28,19,14,13,1,5,3,2,9,0,9
S01013056,Families with dependent children: Youngest aged 12 to 18,34,17,13,11,2,4,2,2,17,2,15
S01013057,All families in households,252,140,98,93,5,42,30,12,112,15,97
S01013057,Families with no dependent children,105,80,58,57,1,22,20,2,25,9,16
S01013057,Families with dependent children: Total,147,60,40,36,4,20,10,10,87,6,81
S01013057,Families with dependent children: Youngest aged 0 to 4,51,29,18,16,2,11,6,5,22,0,22
S01013057,Families with dependent children: Youngest aged 5 to 11,48,15,11,9,2,4,4,0,33,3,30
S01013057,Families with dependent children: Youngest aged 12 to 18,48,16,11,11,0,5,0,5,32,3,29
S01013058,All families in households,183,158,130,122,8,28,22,6,25,2,23
S01013058,Families with no dependent children,72,68,51,49,2,17,16,1,4,0,4
S01013058,Families with dependent children: Total,111,90,79,73,6,11,6,5,21,2,19
S01013058,Families with dependent children: Youngest aged 0 to 4,55,50,44,43,1,6,5,1,5,0,5
S01013058,Families with dependent children: Youngest aged 5 to 11,40,28,25,20,5,3,1,2,12,2,10
S01013058,Families with dependent children: Youngest aged 12 to 18,16,12,10,10,0,2,0,2,4,0,4
S01013059,All families in households,221,200,171,168,3,29,27,2,21,8,13
S01013059,Families with no dependent children,161,149,125,124,1,24,23,1,12,4,8
S01013059,Families with dependent children: Total,60,51,46,44,2,5,4,1,9,4,5
S01013059,Families with dependent children: Youngest aged 0 to 4,24,19,16,16,0,3,2,1,5,3,2
S01013059,Families with dependent children: Youngest aged 5 to 11,18,16,16,14,2,0,0,0,2,1,1
S01013059,Families with dependent children: Youngest aged 12 to 18,18,16,14,14,0,2,2,0,2,0,2
S01013060,All families in households,148,133,118,115,3,15,14,1,15,2,13
S01013060,Families with no dependent children,99,92,80,79,1,12,12,0,7,1,6
S01013060,Families with dependent children: Total,49,41,38,36,2,3,2,1,8,1,7
S01013060,Families with dependent children: Youngest aged 0 to 4,17,15,13,12,1,2,1,1,2,0,2
S01013060,Families with dependent children: Youngest aged 5 to 11,16,13,12,11,1,1,1,0,3,1,2
S01013060,Families with dependent children: Youngest aged 12 to 18,16,13,13,13,0,0,0,0,3,0,3
S01013061,All families in households,260,246,230,228,2,16,14,2,14,2,12
S01013061,Families with no dependent children,187,179,167,166,1,12,11,1,8,2,6
S01013061,Families with dependent children: Total,73,67,63,62,1,4,3,1,6,0,6
S01013061,Families with dependent children: Youngest aged 0 to 4,28,28,26,26,0,2,2,0,0,0,0
S01013061,Families with dependent children: Youngest aged 5 to 11,21,18,17,17,0,1,0,1,3,0,3
S01013061,Families with dependent children: Youngest aged 12 to 18,24,21,20,19,1,1,1,0,3,0,3
S01013062,All families in households,232,218,185,181,4,33,31,2,14,2,12
S01013062,Families with no dependent children,150,146,123,123,0,23,22,1,4,1,3
S01013062,Families with dependent children: Total,82,72,62,58,4,10,9,1,10,1,9
S01013062,Families with dependent children: Youngest aged 0 to 4,33,29,21,19,2,8,7,1,4,0,4
S01013062,Families with dependent children: Youngest aged 5 to 11,28,26,26,24,2,0,0,0,2,0,2
S01013062,Families with dependent children: Youngest aged 12 to 18,21,17,15,15,0,2,2,0,4,1,3
S01013063,All families in households,219,204,181,177,4,23,20,3,15,0,15
S01013063,Families with no dependent children,137,132,116,115,1,16,16,0,5,0,5
S01013063,Families with dependent children: Total,82,72,65,62,3,7,4,3,10,0,10
S01013063,Families with dependent children: Youngest aged 0 to 4,26,25,22,21,1,3,2,1,1,0,1
S01013063,Families with dependent children: Youngest aged 5 to 11,35,28,25,25,0,3,2,1,7,0,7
S01013063,Families with dependent children: Youngest aged 12 to 18,21,19,18,16,2,1,0,1,2,0,2
S01013064,All families in households,265,217,179,171,8,38,28,10,48,4,44
S01013064,Families with no dependent children,166,142,123,119,4,19,18,1,24,4,20
S01013064,Families with dependent children: Total,99,75,56,52,4,19,10,9,24,0,24
S01013064,Families with dependent children: Youngest aged 0 to 4,41,34,21,21,0,13,8,5,7,0,7
S01013064,Families with dependent children: Youngest aged 5 to 11,39,29,25,21,4,4,2,2,10,0,10
S01013064,Families with dependent children: Youngest aged 12 to 18,19,12,10,10,0,2,0,2,7,0,7
S01013065,All families in households,243,173,130,121,9,43,35,8,70,12,58
S01013065,Families with no dependent children,151,117,92,88,4,25,23,2,34,8,26
S01013065,Families with dependent children: Total,92,56,38,33,5,18,12,6,36,4,32
S01013065,Families with dependent children: Youngest aged 0 to 4,42,31,18,17,1,13,11,2,11,0,11
S01013065,Families with dependent children: Youngest aged 5 to 11,27,14,10,6,4,4,1,3,13,3,10
S01013065,Families with dependent children: Youngest aged 12 to 18,23,11,10,10,0,1,0,1,12,1,11
S01013066,All families in households,192,156,124,119,5,32,26,6,36,5,31
S01013066,Families with no dependent children,113,102,81,79,2,21,19,2,11,3,8
S01013066,Families with dependent children: Total,79,54,43,40,3,11,7,4,25,2,23
S01013066,Families with dependent children: Youngest aged 0 to 4,38,28,20,20,0,8,6,2,10,0,10
S01013066,Families with dependent children: Youngest aged 5 to 11,25,14,12,11,1,2,0,2,11,1,10
S01013066,Families with dependent children: Youngest aged 12 to 18,16,12,11,9,2,1,1,0,4,1,3
S01013067,All families in households,106,89,31,28,3,58,57,1,17,0,17
S01013067,Families with no dependent children,71,68,19,18,1,49,49,0,3,0,3
S01013067,Families with dependent children: Total,35,21,12,10,2,9,8,1,14,0,14
S01013067,Families with dependent children: Youngest aged 0 to 4,20,13,8,8,0,5,5,0,7,0,7
S01013067,Families with dependent children: Youngest aged 5 to 11,10,6,3,2,1,3,2,1,4,0,4
S01013067,Families with dependent children: Youngest aged 12 to 18,5,2,1,0,1,1,1,0,3,0,3
S01013068,All families in households,152,94,48,47,1,46,42,4,58,3,55
S01013068,Families with no dependent children,74,66,31,31,0,35,34,1,8,0,8
S01013068,Families with dependent children: Total,78,28,17,16,1,11,8,3,50,3,47
S01013068,Families with dependent children: Youngest aged 0 to 4,32,15,8,8,0,7,7,0,17,1,16
S01013068,Families with dependent children: Youngest aged 5 to 11,29,9,6,6,0,3,1,2,20,0,20
S01013068,Families with dependent children: Youngest aged 12 to 18,17,4,3,2,1,1,0,1,13,2,11
S01013069,All families in households,116,92,51,48,3,41,38,3,24,4,20
S01013069,Families with no dependent children,67,61,30,29,1,31,30,1,6,2,4
S01013069,Families with dependent children: Total,49,31,21,19,2,10,8,2,18,2,16
S01013069,Families with dependent children: Youngest aged 0 to 4,23,19,12,12,0,7,7,0,4,0,4
S01013069,Families with dependent children: Youngest aged 5 to 11,13,5,4,3,1,1,1,0,8,0,8
S01013069,Families with dependent children: Youngest aged 12 to 18,13,7,5,4,1,2,0,2,6,2,4
S01013070,All families in households,111,78,34,30,4,44,39,5,33,3,30
S01013070,Families with no dependent children,63,56,20,19,1,36,36,0,7,1,6
S01013070,Families with dependent children: Total,48,22,14,11,3,8,3,5,26,2,24
S01013070,Families with dependent children: Youngest aged 0 to 4,22,9,8,7,1,1,1,0,13,0,13
S01013070,Families with dependent children: Youngest aged 5 to 11,14,6,3,2,1,3,0,3,8,1,7
S01013070,Families with dependent children: Youngest aged 12 to 18,12,7,3,2,1,4,2,2,5,1,4
S01013071,All families in households,101,83,30,28,2,53,52,1,18,0,18
S01013071,Families with no dependent children,74,69,24,22,2,45,45,0,5,0,5
S01013071,Families with dependent children: Total,27,14,6,6,0,8,7,1,13,0,13
S01013071,Families with dependent children: Youngest aged 0 to 4,18,10,3,3,0,7,7,0,8,0,8
S01013071,Families with dependent children: Youngest aged 5 to 11,5,4,3,3,0,1,0,1,1,0,1
S01013071,Families with dependent children: Youngest aged 12 to 18,4,0,0,0,0,0,0,0,4,0,4
S01013072,All families in households,151,106,81,76,5,25,18,7,45,5,40
S01013072,Families with no dependent children,83,70,60,56,4,10,9,1,13,2,11
S01013072,Families with dependent children: Total,68,36,21,20,1,15,9,6,32,3,29
S01013072,Families with dependent children: Youngest aged 0 to 4,13,7,3,3,0,4,3,1,6,0,6
S01013072,Families with dependent children: Youngest aged 5 to 11,20,10,7,6,1,3,3,0,10,1,9
S01013072,Families with dependent children: Youngest aged 12 to 18,35,19,11,11,0,8,3,5,16,2,14
S01013073,All families in households,214,121,69,61,8,52,49,3,93,6,87
S01013073,Families with no dependent children,104,79,40,38,2,39,39,0,25,4,21
S01013073,Families with dependent children: Total,110,42,29,23,6,13,10,3,68,2,66
S01013073,Families with dependent children: Youngest aged 0 to 4,58,23,15,13,2,8,7,1,35,1,34
S01013073,Families with dependent children: Youngest aged 5 to 11,31,11,7,7,0,4,3,1,20,1,19
S01013073,Families with dependent children: Youngest aged 12 to 18,21,8,7,3,4,1,0,1,13,0,13
S01013074,All families in households,177,102,70,64,6,32,26,6,75,6,69
S01013074,Families with no dependent children,72,55,44,41,3,11,10,1,17,2,15
S01013074,Families with dependent children: Total,105,47,26,23,3,21,16,5,58,4,54
S01013074,Families with dependent children: Youngest aged 0 to 4,40,19,10,10,0,9,8,1,21,0,21
S01013074,Families with dependent children: Youngest aged 5 to 11,42,16,6,5,1,10,8,2,26,3,23
S01013074,Families with dependent children: Youngest aged 12 to 18,23,12,10,8,2,2,0,2,11,1,10
S01013075,All families in households,197,128,89,83,6,39,34,5,69,12,57
S01013075,Families with no dependent children,122,91,70,65,5,21,20,1,31,8,23
S01013075,Families with dependent children: Total,75,37,19,18,1,18,14,4,38,4,34
S01013075,Families with dependent children: Youngest aged 0 to 4,28,10,4,4,0,6,5,1,18,1,17
S01013075,Families with dependent children: Youngest aged 5 to 11,21,14,8,8,0,6,5,1,7,1,6
S01013075,Families with dependent children: Youngest aged 12 to 18,26,13,7,6,1,6,4,2,13,2,11
S01013076,All families in households,120,100,72,69,3,28,23,5,20,6,14
S01013076,Families with no dependent children,60,49,37,37,0,12,11,1,11,2,9
S01013076,Families with dependent children: Total,60,51,35,32,3,16,12,4,9,4,5
S01013076,Families with dependent children: Youngest aged 0 to 4,33,33,24,23,1,9,7,2,0,0,0
S01013076,Families with dependent children: Youngest aged 5 to 11,13,9,3,3,0,6,5,1,4,2,2
S01013076,Families with dependent children: Youngest aged 12 to 18,14,9,8,6,2,1,0,1,5,2,3
S01013077,All families in households,208,131,101,94,7,30,22,8,77,7,70
S01013077,Families with no dependent children,110,84,67,65,2,17,15,2,26,5,21
S01013077,Families with dependent children: Total,98,47,34,29,5,13,7,6,51,2,49
S01013077,Families with dependent children: Youngest aged 0 to 4,41,20,10,10,0,10,5,5,21,0,21
S01013077,Families with dependent children: Youngest aged 5 to 11,33,15,14,11,3,1,1,0,18,0,18
S01013077,Families with dependent children: Youngest aged 12 to 18,24,12,10,8,2,2,1,1,12,2,10
S01013078,All families in households,159,100,71,63,8,29,22,7,59,5,54
S01013078,Families with no dependent children,72,54,44,41,3,10,9,1,18,4,14
S01013078,Families with dependent children: Total,87,46,27,22,5,19,13,6,41,1,40
S01013078,Families with dependent children: Youngest aged 0 to 4,39,26,13,9,4,13,10,3,13,0,13
S01013078,Families with dependent children: Youngest aged 5 to 11,30,12,9,8,1,3,1,2,18,0,18
S01013078,Families with dependent children: Youngest aged 12 to 18,18,8,5,5,0,3,2,1,10,1,9
S01013079,All families in households,293,250,207,200,7,43,31,12,43,5,38
S01013079,Families with no dependent children,124,112,90,88,2,22,20,2,12,1,11
S01013079,Families with dependent children: Total,169,138,117,112,5,21,11,10,31,4,27
S01013079,Families with dependent children: Youngest aged 0 to 4,79,71,60,59,1,11,7,4,8,1,7
S01013079,Families with dependent children: Youngest aged 5 to 11,53,44,35,33,2,9,4,5,9,0,9
S01013079,Families with dependent children: Youngest aged 12 to 18,37,23,22,20,2,1,0,1,14,3,11
S01013080,All families in households,222,200,163,155,8,37,31,6,22,0,22
S01013080,Families with no dependent children,141,132,103,101,2,29,25,4,9,0,9
S01013080,Families with dependent children: Total,81,68,60,54,6,8,6,2,13,0,13
S01013080,Families with dependent children: Youngest aged 0 to 4,33,31,25,24,1,6,5,1,2,0,2
S01013080,Families with dependent children: Youngest aged 5 to 11,23,22,20,18,2,2,1,1,1,0,1
S01013080,Families with dependent children: Youngest aged 12 to 18,25,15,15,12,3,0,0,0,10,0,10
S01013081,All families in households,209,191,170,166,4,21,19,2,18,2,16
S01013081,Families with no dependent children,144,135,118,117,1,17,17,0,9,2,7
S01013081,Families with dependent children: Total,65,56,52,49,3,4,2,2,9,0,9
S01013081,Families with dependent children: Youngest aged 0 to 4,25,23,22,22,0,1,1,0,2,0,2
S01013081,Families with dependent children: Youngest aged 5 to 11,26,22,20,19,1,2,0,2,4,0,4
S01013081,Families with dependent children: Youngest aged 12 to 18,14,11,10,8,2,1,1,0,3,0,3
S01013082,All families in households,257,240,217,212,5,23,21,2,17,2,15
S01013082,Families with no dependent children,185,176,157,155,2,19,17,2,9,2,7
S01013082,Families with dependent children: Total,72,64,60,57,3,4,4,0,8,0,8
S01013082,Families with dependent children: Youngest aged 0 to 4,24,23,19,19,0,4,4,0,1,0,1
S01013082,Families with dependent children: Youngest aged 5 to 11,22,16,16,14,2,0,0,0,6,0,6
S01013082,Families with dependent children: Youngest aged 12 to 18,26,25,25,24,1,0,0,0,1,0,1
S01013083,All families in households,144,134,120,116,4,14,11,3,10,0,10
S01013083,Families with no dependent children,87,83,75,73,2,8,8,0,4,0,4
S01013083,Families with dependent children: Total,57,51,45,43,2,6,3,3,6,0,6
S01013083,Families with dependent children: Youngest aged 0 to 4,13,13,12,12,0,1,0,1,0,0,0
S01013083,Families with dependent children: Youngest aged 5 to 11,27,25,22,20,2,3,2,1,2,0,2
S01013083,Families with dependent children: Youngest aged 12 to 18,17,13,11,11,0,2,1,1,4,0,4
S01013084,All families in households,248,228,209,205,4,19,17,2,20,3,17
S01013084,Families with no dependent children,165,158,149,148,1,9,9,0,7,1,6
S01013084,Families with dependent children: Total,83,70,60,57,3,10,8,2,13,2,11
S01013084,Families with dependent children: Youngest aged 0 to 4,33,31,21,20,1,10,8,2,2,1,1
S01013084,Families with dependent children: Youngest aged 5 to 11,26,23,23,23,0,0,0,0,3,1,2
S01013084,Families with dependent children: Youngest aged 12 to 18,24,16,16,14,2,0,0,0,8,0,8
S01013085,All families in households,131,103,82,78,4,21,18,3,28,2,26
S01013085,Families with no dependent children,69,61,51,50,1,10,10,0,8,2,6
S01013085,Families with dependent children: Total,62,42,31,28,3,11,8,3,20,0,20
S01013085,Families with dependent children: Youngest aged 0 to 4,29,23,14,13,1,9,7,2,6,0,6
S01013085,Families with dependent children: Youngest aged 5 to 11,21,15,14,12,2,1,1,0,6,0,6
S01013085,Families with dependent children: Youngest aged 12 to 18,12,4,3,3,0,1,0,1,8,0,8
S01013086,All families in households,215,184,144,141,3,40,37,3,31,5,26
S01013086,Families with no dependent children,145,132,101,101,0,31,31,0,13,2,11
S01013086,Families with dependent children: Total,70,52,43,40,3,9,6,3,18,3,15
S01013086,Families with dependent children: Youngest aged 0 to 4,34,28,20,19,1,8,5,3,6,1,5
S01013086,Families with dependent children: Youngest aged 5 to 11,20,17,16,15,1,1,1,0,3,0,3
S01013086,Families with dependent children: Youngest aged 12 to 18,16,7,7,6,1,0,0,0,9,2,7
S01013087,All families in households,228,215,197,194,3,18,18,0,13,1,12
S01013087,Families with no dependent children,132,130,117,117,0,13,13,0,2,0,2
S01013087,Families with dependent children: Total,96,85,80,77,3,5,5,0,11,1,10
S01013087,Families with dependent children: Youngest aged 0 to 4,28,27,24,22,2,3,3,0,1,0,1
S01013087,Families with dependent children: Youngest aged 5 to 11,30,26,26,25,1,0,0,0,4,0,4
S01013087,Families with dependent children: Youngest aged 12 to 18,38,32,30,30,0,2,2,0,6,1,5
S01013088,All families in households,304,287,272,263,9,15,12,3,17,8,9
S01013088,Families with no dependent children,204,194,185,183,2,9,9,0,10,5,5
S01013088,Families with dependent children: Total,100,93,87,80,7,6,3,3,7,3,4
S01013088,Families with dependent children: Youngest aged 0 to 4,24,23,22,21,1,1,1,0,1,1,0
S01013088,Families with dependent children: Youngest aged 5 to 11,41,39,37,32,5,2,2,0,2,2,0
S01013088,Families with dependent children: Youngest aged 12 to 18,35,31,28,27,1,3,0,3,4,0,4
S01013089,All families in households,212,177,143,134,9,34,27,7,35,7,28
S01013089,Families with no dependent children,140,124,101,98,3,23,19,4,16,5,11
S01013089,Families with dependent children: Total,72,53,42,36,6,11,8,3,19,2,17
S01013089,Families with dependent children: Youngest aged 0 to 4,28,21,15,13,2,6,5,1,7,1,6
S01013089,Families with dependent children: Youngest aged 5 to 11,26,18,14,11,3,4,3,1,8,1,7
S01013089,Families with dependent children: Youngest aged 12 to 18,18,14,13,12,1,1,0,1,4,0,4
S01013090,All families in households,179,160,113,111,2,47,44,3,19,3,16
S01013090,Families with no dependent children,116,108,70,69,1,38,37,1,8,2,6
S01013090,Families with dependent children: Total,63,52,43,42,1,9,7,2,11,1,10
S01013090,Families with dependent children: Youngest aged 0 to 4,24,22,14,14,0,8,6,2,2,0,2
S01013090,Families with dependent children: Youngest aged 5 to 11,24,21,20,19,1,1,1,0,3,0,3
S01013090,Families with dependent children: Youngest aged 12 to 18,15,9,9,9,0,0,0,0,6,1,5
S01013091,All families in households,100,83,33,33,0,50,47,3,17,3,14
S01013091,Families with no dependent children,72,67,21,21,0,46,45,1,5,2,3
S01013091,Families with dependent children: Total,28,16,12,12,0,4,2,2,12,1,11
S01013091,Families with dependent children: Youngest aged 0 to 4,16,11,9,9,0,2,1,1,5,0,5
S01013091,Families with dependent children: Youngest aged 5 to 11,8,4,3,3,0,1,0,1,4,0,4
S01013091,Families with dependent children: Youngest aged 12 to 18,4,1,0,0,0,1,1,0,3,1,2
S01013092,All families in households,237,190,131,126,5,59,57,2,47,2,45
S01013092,Families with no dependent children,132,119,71,69,2,48,47,1,13,2,11
S01013092,Families with dependent children: Total,105,71,60,57,3,11,10,1,34,0,34
S01013092,Families with dependent children: Youngest aged 0 to 4,43,36,30,29,1,6,6,0,7,0,7
S01013092,Families with dependent children: Youngest aged 5 to 11,28,16,13,12,1,3,3,0,12,0,12
S01013092,Families with dependent children: Youngest aged 12 to 18,34,19,17,16,1,2,1,1,15,0,15
S01013093,All families in households,153,139,117,113,4,22,18,4,14,2,12
S01013093,Families with no dependent children,113,107,92,91,1,15,14,1,6,0,6
S01013093,Families with dependent children: Total,40,32,25,22,3,7,4,3,8,2,6
S01013093,Families with dependent children: Youngest aged 0 to 4,9,8,5,5,0,3,2,1,1,0,1
S01013093,Families with dependent children: Youngest aged 5 to 11,19,15,12,11,1,3,2,1,4,2,2
S01013093,Families with dependent children: Youngest aged 12 to 18,12,9,8,6,2,1,0,1,3,0,3
S01013094,All families in households,193,180,174,168,6,6,5,1,13,3,10
S01013094,Families with no dependent children,114,109,107,105,2,2,2,0,5,1,4
S01013094,Families with dependent children: Total,79,71,67,63,4,4,3,1,8,2,6
S01013094,Families with dependent children: Youngest aged 0 to 4,16,16,14,14,0,2,2,0,0,0,0
S01013094,Families with dependent children: Youngest aged 5 to 11,33,30,29,27,2,1,1,0,3,0,3
S01013094,Families with dependent children: Youngest aged 12 to 18,30,25,24,22,2,1,0,1,5,2,3
S01013095,All families in households,267,255,249,241,8,6,6,0,12,1,11
S01013095,Families with no dependent children,117,114,110,107,3,4,4,0,3,0,3
S01013095,Families with dependent children: Total,150,141,139,134,5,2,2,0,9,1,8
S01013095,Families with dependent children: Youngest aged 0 to 4,34,33,31,31,0,2,2,0,1,0,1
S01013095,Families with dependent children: Youngest aged 5 to 11,66,63,63,62,1,0,0,0,3,1,2
S01013095,Families with dependent children: Youngest aged 12 to 18,50,45,45,41,4,0,0,0,5,0,5
S01013096,All families in households,135,104,89,84,5,15,11,4,31,4,27
S01013096,Families with no dependent children,74,63,57,55,2,6,5,1,11,4,7
S01013096,Families with dependent children: Total,61,41,32,29,3,9,6,3,20,0,20
S01013096,Families with dependent children: Youngest aged 0 to 4,22,19,15,14,1,4,3,1,3,0,3
S01013096,Families with dependent children: Youngest aged 5 to 11,22,12,7,6,1,5,3,2,10,0,10
S01013096,Families with dependent children: Youngest aged 12 to 18,17,10,10,9,1,0,0,0,7,0,7
S01013097,All families in households,196,183,161,157,4,22,22,0,13,3,10
S01013097,Families with no dependent children,118,113,95,94,1,18,18,0,5,1,4
S01013097,Families with dependent children: Total,78,70,66,63,3,4,4,0,8,2,6
S01013097,Families with dependent children: Youngest aged 0 to 4,29,27,23,22,1,4,4,0,2,0,2
S01013097,Families with dependent children: Youngest aged 5 to 11,33,31,31,31,0,0,0,0,2,0,2
S01013097,Families with dependent children: Youngest aged 12 to 18,16,12,12,10,2,0,0,0,4,2,2
S01013098,All families in households,183,178,169,163,6,9,8,1,5,0,5
S01013098,Families with no dependent children,32,31,26,25,1,5,5,0,1,0,1
S01013098,Families with dependent children: Total,151,147,143,138,5,4,3,1,4,0,4
S01013098,Families with dependent children: Youngest aged 0 to 4,42,42,42,42,0,0,0,0,0,0,0
S01013098,Families with dependent children: Youngest aged 5 to 11,70,68,64,61,3,4,3,1,2,0,2
S01013098,Families with dependent children: Youngest aged 12 to 18,39,37,37,35,2,0,0,0,2,0,2
S01013099,All families in households,246,215,180,175,5,35,31,4,31,5,26
S01013099,Families with no dependent children,164,151,127,127,0,24,22,2,13,4,9
S01013099,Families with dependent children: Total,82,64,53,48,5,11,9,2,18,1,17
S01013099,Families with dependent children: Youngest aged 0 to 4,32,29,24,24,0,5,5,0,3,0,3
S01013099,Families with dependent children: Youngest aged 5 to 11,17,11,7,5,2,4,3,1,6,0,6
S01013099,Families with dependent children: Youngest aged 12 to 18,33,24,22,19,3,2,1,1,9,1,8
S01013100,All families in households,193,185,174,170,4,11,9,2,8,0,8
S01013100,Families with no dependent children,123,119,112,110,2,7,7,0,4,0,4
S01013100,Families with dependent children: Total,70,66,62,60,2,4,2,2,4,0,4
S01013100,Families with dependent children: Youngest aged 0 to 4,19,18,16,15,1,2,1,1,1,0,1
S01013100,Families with dependent children: Youngest aged 5 to 11,36,33,32,32,0,1,1,0,3,0,3
S01013100,Families with dependent children: Youngest aged 12 to 18,15,15,14,13,1,1,0,1,0,0,0
S01013101,All families in households,288,216,166,160,6,50,39,11,72,8,64
S01013101,Families with no dependent children,177,145,119,118,1,26,25,1,32,7,25
S01013101,Families with dependent children: Total,111,71,47,42,5,24,14,10,40,1,39
S01013101,Families with dependent children: Youngest aged 0 to 4,39,24,12,12,0,12,7,5,15,1,14
S01013101,Families with dependent children: Youngest aged 5 to 11,41,27,19,16,3,8,5,3,14,0,14
S01013101,Families with dependent children: Youngest aged 12 to 18,31,20,16,14,2,4,2,2,11,0,11
S01013102,All families in households,171,158,145,144,1,13,10,3,13,5,8
S01013102,Families with no dependent children,110,106,96,96,0,10,9,1,4,2,2
S01013102,Families with dependent children: Total,61,52,49,48,1,3,1,2,9,3,6
S01013102,Families with dependent children: Youngest aged 0 to 4,11,10,9,9,0,1,1,0,1,0,1
S01013102,Families with dependent children: Youngest aged 5 to 11,25,20,19,18,1,1,0,1,5,3,2
S01013102,Families with dependent children: Youngest aged 12 to 18,25,22,21,21,0,1,0,1,3,0,3
S01013103,All families in households,256,231,213,205,8,18,10,8,25,2,23
S01013103,Families with no dependent children,110,101,92,92,0,9,8,1,9,2,7
S01013103,Families with dependent children: Total,146,130,121,113,8,9,2,7,16,0,16
S01013103,Families with dependent children: Youngest aged 0 to 4,41,39,34,33,1,5,2,3,2,0,2
S01013103,Families with dependent children: Youngest aged 5 to 11,58,51,50,44,6,1,0,1,7,0,7
S01013103,Families with dependent children: Youngest aged 12 to 18,47,40,37,36,1,3,0,3,7,0,7
S01013104,All families in households,304,276,248,243,5,28,19,9,28,4,24
S01013104,Families with no dependent children,192,182,164,163,1,18,12,6,10,1,9
S01013104,Families with dependent children: Total,112,94,84,80,4,10,7,3,18,3,15
S01013104,Families with dependent children: Youngest aged 0 to 4,30,27,21,20,1,6,5,1,3,0,3
S01013104,Families with dependent children: Youngest aged 5 to 11,41,29,27,27,0,2,1,1,12,3,9
S01013104,Families with dependent children: Youngest aged 12 to 18,41,38,36,33,3,2,1,1,3,0,3
S01013105,All families in households,268,249,231,226,5,18,15,3,19,6,13
S01013105,Families with no dependent children,162,152,138,136,2,14,13,1,10,4,6
S01013105,Families with dependent children: Total,106,97,93,90,3,4,2,2,9,2,7
S01013105,Families with dependent children: Youngest aged 0 to 4,35,33,32,32,0,1,1,0,2,0,2
S01013105,Families with dependent children: Youngest aged 5 to 11,34,32,31,29,2,1,0,1,2,2,0
S01013105,Families with dependent children: Youngest aged 12 to 18,37,32,30,29,1,2,1,1,5,0,5
S01013106,All families in households,238,194,168,166,2,26,21,5,44,6,38
S01013106,Families with no dependent children,138,122,111,110,1,11,11,0,16,4,12
S01013106,Families with dependent children: Total,100,72,57,56,1,15,10,5,28,2,26
S01013106,Families with dependent children: Youngest aged 0 to 4,35,25,16,16,0,9,8,1,10,1,9
S01013106,Families with dependent children: Youngest aged 5 to 11,38,29,23,22,1,6,2,4,9,0,9
S01013106,Families with dependent children: Youngest aged 12 to 18,27,18,18,18,0,0,0,0,9,1,8
S01013107,All families in households,224,213,191,183,8,22,22,0,11,2,9
S01013107,Families with no dependent children,160,155,137,134,3,18,18,0,5,1,4
S01013107,Families with dependent children: Total,64,58,54,49,5,4,4,0,6,1,5
S01013107,Families with dependent children: Youngest aged 0 to 4,16,14,12,11,1,2,2,0,2,0,2
S01013107,Families with dependent children: Youngest aged 5 to 11,28,27,26,22,4,1,1,0,1,1,0
S01013107,Families with dependent children: Youngest aged 12 to 18,20,17,16,16,0,1,1,0,3,0,3
S01013108,All families in households,183,157,139,129,10,18,14,4,26,4,22
S01013108,Families with no dependent children,114,102,94,92,2,8,8,0,12,2,10
S01013108,Families with dependent children: Total,69,55,45,37,8,10,6,4,14,2,12
S01013108,Families with dependent children: Youngest aged 0 to 4,25,20,15,13,2,5,4,1,5,0,5
S01013108,Families with dependent children: Youngest aged 5 to 11,31,26,22,18,4,4,2,2,5,2,3
S01013108,Families with dependent children: Youngest aged 12 to 18,13,9,8,6,2,1,0,1,4,0,4
S01013109,All families in households,309,277,245,235,10,32,31,1,32,9,23
S01013109,Families with no dependent children,183,171,151,149,2,20,20,0,12,5,7
S01013109,Families with dependent children: Total,126,106,94,86,8,12,11,1,20,4,16
S01013109,Families with dependent children: Youngest aged 0 to 4,38,33,26,23,3,7,7,0,5,0,5
S01013109,Families with dependent children: Youngest aged 5 to 11,42,34,32,30,2,2,1,1,8,1,7
S01013109,Families with dependent children: Youngest aged 12 to 18,46,39,36,33,3,3,3,0,7,3,4
S01013110,All families in households,183,164,141,136,5,23,19,4,19,10,9
S01013110,Families with no dependent children,116,108,95,92,3,13,13,0,8,4,4
S01013110,Families with dependent children: Total,67,56,46,44,2,10,6,4,11,6,5
S01013110,Families with dependent children: Youngest aged 0 to 4,23,20,17,16,1,3,3,0,3,0,3
S01013110,Families with dependent children: Youngest aged 5 to 11,24,21,17,16,1,4,2,2,3,2,1
S01013110,Families with dependent children: Youngest aged 12 to 18,20,15,12,12,0,3,1,2,5,4,1
S01013111,All families in households,130,120,104,101,3,16,14,2,10,2,8
S01013111,Families with no dependent children,70,67,58,57,1,9,9,0,3,1,2
S01013111,Families with dependent children: Total,60,53,46,44,2,7,5,2,7,1,6
S01013111,Families with dependent children: Youngest aged 0 to 4,16,16,12,12,0,4,3,1,0,0,0
S01013111,Families with dependent children: Youngest aged 5 to 11,16,14,13,12,1,1,1,0,2,0,2
S01013111,Families with dependent children: Youngest aged 12 to 18,28,23,21,20,1,2,1,1,5,1,4
S01013112,All families in households,196,163,125,119,6,38,30,8,33,6,27
S01013112,Families with no dependent children,89,84,67,67,0,17,16,1,5,2,3
S01013112,Families with dependent children: Total,107,79,58,52,6,21,14,7,28,4,24
S01013112,Families with dependent children: Youngest aged 0 to 4,35,27,17,15,2,10,9,1,8,1,7
S01013112,Families with dependent children: Youngest aged 5 to 11,36,26,19,17,2,7,3,4,10,1,9
S01013112,Families with dependent children: Youngest aged 12 to 18,36,26,22,20,2,4,2,2,10,2,8
S01013113,All families in households,250,205,170,162,8,35,30,5,45,4,41
S01013113,Families with no dependent children,165,143,125,124,1,18,17,1,22,1,21
S01013113,Families with dependent children: Total,85,62,45,38,7,17,13,4,23,3,20
S01013113,Families with dependent children: Youngest aged 0 to 4,29,22,17,15,2,5,5,0,7,1,6
S01013113,Families with dependent children: Youngest aged 5 to 11,29,24,17,16,1,7,5,2,5,1,4
S01013113,Families with dependent children: Youngest aged 12 to 18,27,16,11,7,4,5,3,2,11,1,10
S01013114,All families in households,230,207,175,170,5,32,25,7,23,6,17
S01013114,Families with no dependent children,143,130,113,112,1,17,16,1,13,4,9
S01013114,Families with dependent children: Total,87,77,62,58,4,15,9,6,10,2,8
S01013114,Families with dependent children: Youngest aged 0 to 4,34,29,21,20,1,8,6,2,5,2,3
S01013114,Families with dependent children: Youngest aged 5 to 11,23,21,20,18,2,1,0,1,2,0,2
S01013114,Families with dependent children: Youngest aged 12 to 18,30,27,21,20,1,6,3,3,3,0,3
S01013115,All families in households,153,128,97,92,5,31,31,0,25,1,24
S01013115,Families with no dependent children,113,98,74,72,2,24,24,0,15,1,14
S01013115,Families with dependent children: Total,40,30,23,20,3,7,7,0,10,0,10
S01013115,Families with dependent children: Youngest aged 0 to 4,12,12,7,7,0,5,5,0,0,0,0
S01013115,Families with dependent children: Youngest aged 5 to 11,9,5,4,3,1,1,1,0,4,0,4
S01013115,Families with dependent children: Youngest aged 12 to 18,19,13,12,10,2,1,1,0,6,0,6
S01013116,All families in households,237,221,209,207,2,12,9,3,16,2,14
S01013116,Families with no dependent children,175,164,156,156,0,8,7,1,11,1,10
S01013116,Families with dependent children: Total,62,57,53,51,2,4,2,2,5,1,4
S01013116,Families with dependent children: Youngest aged 0 to 4,13,12,10,9,1,2,2,0,1,1,0
S01013116,Families with dependent children: Youngest aged 5 to 11,24,23,23,23,0,0,0,0,1,0,1
S01013116,Families with dependent children: Youngest aged 12 to 18,25,22,20,19,1,2,0,2,3,0,3
S01013117,All families in households,179,142,110,109,1,32,27,5,37,4,33
S01013117,Families with no dependent children,94,83,66,65,1,17,16,1,11,3,8
S01013117,Families with dependent children: Total,85,59,44,44,0,15,11,4,26,1,25
S01013117,Families with dependent children: Youngest aged 0 to 4,29,24,14,14,0,10,10,0,5,0,5
S01013117,Families with dependent children: Youngest aged 5 to 11,30,18,15,15,0,3,0,3,12,0,12
S01013117,Families with dependent children: Youngest aged 12 to 18,26,17,15,15,0,2,1,1,9,1,8
S01013118,All families in households,148,137,124,121,3,13,13,0,11,3,8
S01013118,Families with no dependent children,106,101,90,88,2,11,11,0,5,3,2
S01013118,Families with dependent children: Total,42,36,34,33,1,2,2,0,6,0,6
S01013118,Families with dependent children: Youngest aged 0 to 4,12,10,9,9,0,1,1,0,2,0,2
S01013118,Families with dependent children: Youngest aged 5 to 11,18,16,16,15,1,0,0,0,2,0,2
S01013118,Families with dependent children: Youngest aged 12 to 18,12,10,9,9,0,1,1,0,2,0,2
S01013119,All families in households,240,213,173,172,1,40,32,8,27,8,19
S01013119,Families with no dependent children,169,159,133,132,1,26,24,2,10,6,4
S01013119,Families with dependent children: Total,71,54,40,40,0,14,8,6,17,2,15
S01013119,Families with dependent children: Youngest aged 0 to 4,24,21,15,15,0,6,5,1,3,1,2
S01013119,Families with dependent children: Youngest aged 5 to 11,21,13,11,11,0,2,1,1,8,1,7
S01013119,Families with dependent children: Youngest aged 12 to 18,26,20,14,14,0,6,2,4,6,0,6
S01013120,All families in households,275,238,193,190,3,45,41,4,37,9,28
S01013120,Families with no dependent children,183,169,139,137,2,30,30,0,14,2,12
S01013120,Families with dependent children: Total,92,69,54,53,1,15,11,4,23,7,16
S01013120,Families with dependent children: Youngest aged 0 to 4,25,21,15,15,0,6,5,1,4,0,4
S01013120,Families with dependent children: Youngest aged 5 to 11,37,28,22,22,0,6,5,1,9,1,8
S01013120,Families with dependent children: Youngest aged 12 to 18,30,20,17,16,1,3,1,2,10,6,4
S01013121,All families in households,102,92,74,66,8,18,16,2,10,3,7
S01013121,Families with no dependent children,60,57,46,44,2,11,11,0,3,1,2
S01013121,Families with dependent children: Total,42,35,28,22,6,7,5,2,7,2,5
S01013121,Families with dependent children: Youngest aged 0 to 4,14,13,8,7,1,5,3,2,1,0,1
S01013121,Families with dependent children: Youngest aged 5 to 11,15,14,12,11,1,2,2,0,1,0,1
S01013121,Families with dependent children: Youngest aged 12 to 18,13,8,8,4,4,0,0,0,5,2,3
S01013122,All families in households,141,91,62,60,2,29,27,2,50,7,43
S01013122,Families with no dependent children,69,52,35,35,0,17,17,0,17,6,11
S01013122,Families with dependent children: Total,72,39,27,25,2,12,10,2,33,1,32
S01013122,Families with dependent children: Youngest aged 0 to 4,35,23,14,13,1,9,8,1,12,0,12
S01013122,Families with dependent children: Youngest aged 5 to 11,25,11,10,9,1,1,1,0,14,0,14
S01013122,Families with dependent children: Youngest aged 12 to 18,12,5,3,3,0,2,1,1,7,1,6
S01013123,All families in households,198,123,91,90,1,32,26,6,75,9,66
S01013123,Families with no dependent children,83,69,54,54,0,15,15,0,14,2,12
S01013123,Families with dependent children: Total,115,54,37,36,1,17,11,6,61,7,54
S01013123,Families with dependent children: Youngest aged 0 to 4,55,22,15,14,1,7,7,0,33,1,32
S01013123,Families with dependent children: Youngest aged 5 to 11,27,15,8,8,0,7,4,3,12,1,11
S01013123,Families with dependent children: Youngest aged 12 to 18,33,17,14,14,0,3,0,3,16,5,11
S01013124,All families in households,205,157,129,123,6,28,28,0,48,6,42
S01013124,Families with no dependent children,112,92,75,74,1,17,17,0,20,4,16
S01013124,Families with dependent children: Total,93,65,54,49,5,11,11,0,28,2,26
S01013124,Families with dependent children: Youngest aged 0 to 4,32,24,20,18,2,4,4,0,8,0,8
S01013124,Families with dependent children: Youngest aged 5 to 11,25,20,18,16,2,2,2,0,5,0,5
S01013124,Families with dependent children: Youngest aged 12 to 18,36,21,16,15,1,5,5,0,15,2,13
S01013125,All families in households,204,159,137,132,5,22,15,7,45,7,38
S01013125,Families with no dependent children,120,103,94,90,4,9,7,2,17,3,14
S01013125,Families with dependent children: Total,84,56,43,42,1,13,8,5,28,4,24
S01013125,Families with dependent children: Youngest aged 0 to 4,25,16,10,9,1,6,5,1,9,0,9
S01013125,Families with dependent children: Youngest aged 5 to 11,28,18,13,13,0,5,3,2,10,1,9
S01013125,Families with dependent children: Youngest aged 12 to 18,31,22,20,20,0,2,0,2,9,3,6
S01013126,All families in households,222,117,86,80,6,31,24,7,105,12,93
S01013126,Families with no dependent children,101,72,60,58,2,12,9,3,29,9,20
S01013126,Families with dependent children: Total,121,45,26,22,4,19,15,4,76,3,73
S01013126,Families with dependent children: Youngest aged 0 to 4,45,18,8,6,2,10,8,2,27,0,27
S01013126,Families with dependent children: Youngest aged 5 to 11,42,13,7,5,2,6,6,0,29,1,28
S01013126,Families with dependent children: Youngest aged 12 to 18,34,14,11,11,0,3,1,2,20,2,18
S01013127,All families in households,237,115,81,74,7,34,27,7,122,8,114
S01013127,Families with no dependent children,104,72,55,52,3,17,15,2,32,3,29
S01013127,Families with dependent children: Total,133,43,26,22,4,17,12,5,90,5,85
S01013127,Families with dependent children: Youngest aged 0 to 4,51,18,7,6,1,11,9,2,33,2,31
S01013127,Families with dependent children: Youngest aged 5 to 11,58,18,12,11,1,6,3,3,40,3,37
S01013127,Families with dependent children: Youngest aged 12 to 18,24,7,7,5,2,0,0,0,17,0,17
S01013128,All families in households,129,77,46,45,1,31,30,1,52,3,49
S01013128,Families with no dependent children,73,63,39,39,0,24,24,0,10,1,9
S01013128,Families with dependent children: Total,56,14,7,6,1,7,6,1,42,2,40
S01013128,Families with dependent children: Youngest aged 0 to 4,31,8,4,4,0,4,4,0,23,1,22
S01013128,Families with dependent children: Youngest aged 5 to 11,15,3,0,0,0,3,2,1,12,1,11
S01013128,Families with dependent children: Youngest aged 12 to 18,10,3,3,2,1,0,0,0,7,0,7
S01013129,All families in households,303,221,161,154,7,60,55,5,82,5,77
S01013129,Families with no dependent children,170,146,101,100,1,45,43,2,24,4,20
S01013129,Families with dependent children: Total,133,75,60,54,6,15,12,3,58,1,57
S01013129,Families with dependent children: Youngest aged 0 to 4,60,31,17,16,1,14,12,2,29,0,29
S01013129,Families with dependent children: Youngest aged 5 to 11,38,18,18,17,1,0,0,0,20,0,20
S01013129,Families with dependent children: Youngest aged 12 to 18,35,26,25,21,4,1,0,1,9,1,8
S01013130,All families in households,189,94,65,59,6,29,23,6,95,6,89
S01013130,Families with no dependent children,73,49,37,35,2,12,12,0,24,2,22
S01013130,Families with dependent children: Total,116,45,28,24,4,17,11,6,71,4,67
S01013130,Families with dependent children: Youngest aged 0 to 4,53,24,12,11,1,12,10,2,29,0,29
S01013130,Families with dependent children: Youngest aged 5 to 11,29,12,8,7,1,4,1,3,17,2,15
S01013130,Families with dependent children: Youngest aged 12 to 18,34,9,8,6,2,1,0,1,25,2,23
S01013131,All families in households,182,111,84,77,7,27,26,1,71,2,69
S01013131,Families with no dependent children,75,56,42,40,2,14,13,1,19,1,18
S01013131,Families with dependent children: Total,107,55,42,37,5,13,13,0,52,1,51
S01013131,Families with dependent children: Youngest aged 0 to 4,55,27,19,18,1,8,8,0,28,0,28
S01013131,Families with dependent children: Youngest aged 5 to 11,27,14,11,10,1,3,3,0,13,1,12
S01013131,Families with dependent children: Youngest aged 12 to 18,25,14,12,9,3,2,2,0,11,0,11
S01013132,All families in households,152,80,55,49,6,25,22,3,72,4,68
S01013132,Families with no dependent children,71,51,36,34,2,15,13,2,20,2,18
S01013132,Families with dependent children: Total,81,29,19,15,4,10,9,1,52,2,50
S01013132,Families with dependent children: Youngest aged 0 to 4,36,11,7,5,2,4,4,0,25,1,24
S01013132,Families with dependent children: Youngest aged 5 to 11,27,9,4,4,0,5,4,1,18,0,18
S01013132,Families with dependent children: Youngest aged 12 to 18,18,9,8,6,2,1,1,0,9,1,8
S01013133,All families in households,186,135,92,90,2,43,37,6,51,4,47
S01013133,Families with no dependent children,99,89,61,60,1,28,28,0,10,0,10
S01013133,Families with dependent children: Total,87,46,31,30,1,15,9,6,41,4,37
S01013133,Families with dependent children: Youngest aged 0 to 4,43,22,13,12,1,9,8,1,21,0,21
S01013133,Families with dependent children: Youngest aged 5 to 11,29,15,11,11,0,4,1,3,14,2,12
S01013133,Families with dependent children: Youngest aged 12 to 18,15,9,7,7,0,2,0,2,6,2,4
S01013134,All families in households,228,174,148,142,6,26,18,8,54,6,48
S01013134,Families with no dependent children,116,100,90,86,4,10,9,1,16,5,11
S01013134,Families with dependent children: Total,112,74,58,56,2,16,9,7,38,1,37
S01013134,Families with dependent children: Youngest aged 0 to 4,33,22,14,13,1,8,6,2,11,0,11
S01013134,Families with dependent children: Youngest aged 5 to 11,49,33,28,28,0,5,2,3,16,0,16
S01013134,Families with dependent children: Youngest aged 12 to 18,30,19,16,15,1,3,1,2,11,1,10
S01013135,All families in households,193,110,75,70,5,35,24,11,83,4,79
S01013135,Families with no dependent children,78,60,43,42,1,17,14,3,18,2,16
S01013135,Families with dependent children: Total,115,50,32,28,4,18,10,8,65,2,63
S01013135,Families with dependent children: Youngest aged 0 to 4,44,23,12,11,1,11,8,3,21,0,21
S01013135,Families with dependent children: Youngest aged 5 to 11,43,13,10,8,2,3,1,2,30,2,28
S01013135,Families with dependent children: Youngest aged 12 to 18,28,14,10,9,1,4,1,3,14,0,14
S01013136,All families in households,269,205,170,157,13,35,31,4,64,8,56
S01013136,Families with no dependent children,171,136,119,113,6,17,16,1,35,7,28
S01013136,Families with dependent children: Total,98,69,51,44,7,18,15,3,29,1,28
S01013136,Families with dependent children: Youngest aged 0 to 4,33,20,12,10,2,8,7,1,13,0,13
S01013136,Families with dependent children: Youngest aged 5 to 11,21,16,10,10,0,6,5,1,5,1,4
S01013136,Families with dependent children: Youngest aged 12 to 18,44,33,29,24,5,4,3,1,11,0,11
S01013137,All families in households,218,158,135,125,10,23,19,4,60,8,52
S01013137,Families with no dependent children,133,103,94,88,6,9,7,2,30,2,28
S01013137,Families with dependent children: Total,85,55,41,37,4,14,12,2,30,6,24
S01013137,Families with dependent children: Youngest aged 0 to 4,27,19,12,12,0,7,6,1,8,0,8
S01013137,Families with dependent children: Youngest aged 5 to 11,26,18,15,14,1,3,2,1,8,2,6
S01013137,Families with dependent children: Youngest aged 12 to 18,32,18,14,11,3,4,4,0,14,4,10
S01013138,All families in households,199,91,67,58,9,24,17,7,108,6,102
S01013138,Families with no dependent children,75,50,38,36,2,12,10,2,25,4,21
S01013138,Families with dependent children: Total,124,41,29,22,7,12,7,5,83,2,81
S01013138,Families with dependent children: Youngest aged 0 to 4,42,16,8,5,3,8,6,2,26,1,25
S01013138,Families with dependent children: Youngest aged 5 to 11,47,15,12,10,2,3,1,2,32,1,31
S01013138,Families with dependent children: Youngest aged 12 to 18,35,10,9,7,2,1,0,1,25,0,25
S01013139,All families in households,227,132,108,96,12,24,17,7,95,12,83
S01013139,Families with no dependent children,126,85,77,70,7,8,7,1,41,10,31
S01013139,Families with dependent children: Total,101,47,31,26,5,16,10,6,54,2,52
S01013139,Families with dependent children: Youngest aged 0 to 4,28,13,7,6,1,6,5,1,15,0,15
S01013139,Families with dependent children: Youngest aged 5 to 11,37,17,11,10,1,6,2,4,20,0,20
S01013139,Families with dependent children: Youngest aged 12 to 18,36,17,13,10,3,4,3,1,19,2,17
S01013140,All families in households,245,137,117,112,5,20,16,4,108,14,94
S01013140,Families with no dependent children,138,85,76,76,0,9,9,0,53,12,41
S01013140,Families with dependent children: Total,107,52,41,36,5,11,7,4,55,2,53
S01013140,Families with dependent children: Youngest aged 0 to 4,42,20,17,16,1,3,2,1,22,0,22
S01013140,Families with dependent children: Youngest aged 5 to 11,26,10,7,6,1,3,2,1,16,1,15
S01013140,Families with dependent children: Youngest aged 12 to 18,39,22,17,14,3,5,3,2,17,1,16
S01013141,All families in households,173,115,86,82,4,29,27,2,58,8,50
S01013141,Families with no dependent children,100,79,63,61,2,16,16,0,21,4,17
S01013141,Families with dependent children: Total,73,36,23,21,2,13,11,2,37,4,33
S01013141,Families with dependent children: Youngest aged 0 to 4,33,17,7,6,1,10,8,2,16,1,15
S01013141,Families with dependent children: Youngest aged 5 to 11,23,11,8,7,1,3,3,0,12,3,9
S01013141,Families with dependent children: Youngest aged 12 to 18,17,8,8,8,0,0,0,0,9,0,9
S01013142,All families in households,218,118,91,86,5,27,22,5,100,16,84
S01013142,Families with no dependent children,136,97,77,75,2,20,19,1,39,7,32
S01013142,Families with dependent children: Total,82,21,14,11,3,7,3,4,61,9,52
S01013142,Families with dependent children: Youngest aged 0 to 4,28,5,4,3,1,1,1,0,23,2,21
S01013142,Families with dependent children: Youngest aged 5 to 11,24,8,5,4,1,3,2,1,16,1,15
S01013142,Families with dependent children: Youngest aged 12 to 18,30,8,5,4,1,3,0,3,22,6,16
S01013143,All families in households,251,178,141,134,7,37,33,4,73,7,66
S01013143,Families with no dependent children,151,124,98,93,5,26,24,2,27,5,22
S01013143,Families with dependent children: Total,100,54,43,41,2,11,9,2,46,2,44
S01013143,Families with dependent children: Youngest aged 0 to 4,33,21,15,15,0,6,5,1,12,0,12
S01013143,Families with dependent children: Youngest aged 5 to 11,29,16,14,13,1,2,2,0,13,1,12
S01013143,Families with dependent children: Youngest aged 12 to 18,38,17,14,13,1,3,2,1,21,1,20
S01013144,All families in households,274,198,160,156,4,38,31,7,76,5,71
S01013144,Families with no dependent children,182,141,121,119,2,20,17,3,41,3,38
S01013144,Families with dependent children: Total,92,57,39,37,2,18,14,4,35,2,33
S01013144,Families with dependent children: Youngest aged 0 to 4,22,14,10,10,0,4,4,0,8,0,8
S01013144,Families with dependent children: Youngest aged 5 to 11,27,16,9,8,1,7,5,2,11,1,10
S01013144,Families with dependent children: Youngest aged 12 to 18,43,27,20,19,1,7,5,2,16,1,15
S01013145,All families in households,190,147,124,120,4,23,19,4,43,6,37
S01013145,Families with no dependent children,123,106,93,92,1,13,11,2,17,6,11
S01013145,Families with dependent children: Total,67,41,31,28,3,10,8,2,26,0,26
S01013145,Families with dependent children: Youngest aged 0 to 4,22,16,10,10,0,6,4,2,6,0,6
S01013145,Families with dependent children: Youngest aged 5 to 11,21,12,10,7,3,2,2,0,9,0,9
S01013145,Families with dependent children: Youngest aged 12 to 18,24,13,11,11,0,2,2,0,11,0,11
S01013146,All families in households,135,106,88,83,5,18,16,2,29,5,24
S01013146,Families with no dependent children,78,64,55,53,2,9,8,1,14,4,10
S01013146,Families with dependent children: Total,57,42,33,30,3,9,8,1,15,1,14
S01013146,Families with dependent children: Youngest aged 0 to 4,21,18,13,11,2,5,4,1,3,0,3
S01013146,Families with dependent children: Youngest aged 5 to 11,19,14,10,9,1,4,4,0,5,0,5
S01013146,Families with dependent children: Youngest aged 12 to 18,17,10,10,10,0,0,0,0,7,1,6
S01013147,All families in households,213,160,142,132,10,18,18,0,53,6,47
S01013147,Families with no dependent children,113,90,79,76,3,11,11,0,23,4,19
S01013147,Families with dependent children: Total,100,70,63,56,7,7,7,0,30,2,28
S01013147,Families with dependent children: Youngest aged 0 to 4,31,18,15,12,3,3,3,0,13,0,13
S01013147,Families with dependent children: Youngest aged 5 to 11,28,22,20,19,1,2,2,0,6,0,6
S01013147,Families with dependent children: Youngest aged 12 to 18,41,30,28,25,3,2,2,0,11,2,9
S01013148,All families in households,223,183,150,141,9,33,27,6,40,6,34
S01013148,Families with no dependent children,144,128,105,102,3,23,21,2,16,5,11
S01013148,Families with dependent children: Total,79,55,45,39,6,10,6,4,24,1,23
S01013148,Families with dependent children: Youngest aged 0 to 4,33,26,20,20,0,6,5,1,7,0,7
S01013148,Families with dependent children: Youngest aged 5 to 11,29,19,16,12,4,3,1,2,10,0,10
S01013148,Families with dependent children: Youngest aged 12 to 18,17,10,9,7,2,1,0,1,7,1,6
S01013149,All families in households,233,166,131,124,7,35,31,4,67,10,57
S01013149,Families with no dependent children,127,107,90,88,2,17,16,1,20,5,15
S01013149,Families with dependent children: Total,106,59,41,36,5,18,15,3,47,5,42
S01013149,Families with dependent children: Youngest aged 0 to 4,48,27,14,13,1,13,12,1,21,2,19
S01013149,Families with dependent children: Youngest aged 5 to 11,30,19,16,13,3,3,2,1,11,1,10
S01013149,Families with dependent children: Youngest aged 12 to 18,28,13,11,10,1,2,1,1,15,2,13
S01013150,All families in households,263,196,170,160,10,26,22,4,67,6,61
S01013150,Families with no dependent children,174,148,128,125,3,20,17,3,26,1,25
S01013150,Families with dependent children: Total,89,48,42,35,7,6,5,1,41,5,36
S01013150,Families with dependent children: Youngest aged 0 to 4,28,19,16,15,1,3,2,1,9,1,8
S01013150,Families with dependent children: Youngest aged 5 to 11,36,19,17,13,4,2,2,0,17,2,15
S01013150,Families with dependent children: Youngest aged 12 to 18,25,10,9,7,2,1,1,0,15,2,13
S01013151,All families in households,167,140,119,118,1,21,18,3,27,2,25
S01013151,Families with no dependent children,101,94,84,83,1,10,10,0,7,1,6
S01013151,Families with dependent children: Total,66,46,35,35,0,11,8,3,20,1,19
S01013151,Families with dependent children: Youngest aged 0 to 4,26,14,10,10,0,4,4,0,12,1,11
S01013151,Families with dependent children: Youngest aged 5 to 11,25,22,18,18,0,4,2,2,3,0,3
S01013151,Families with dependent children: Youngest aged 12 to 18,15,10,7,7,0,3,2,1,5,0,5
S01013152,All families in households,265,217,189,178,11,28,22,6,48,3,45
S01013152,Families with no dependent children,154,138,121,114,7,17,16,1,16,2,14
S01013152,Families with dependent children: Total,111,79,68,64,4,11,6,5,32,1,31
S01013152,Families with dependent children: Youngest aged 0 to 4,41,29,25,24,1,4,2,2,12,0,12
S01013152,Families with dependent children: Youngest aged 5 to 11,42,32,26,24,2,6,3,3,10,0,10
S01013152,Families with dependent children: Youngest aged 12 to 18,28,18,17,16,1,1,1,0,10,1,9
S01013153,All families in households,246,148,104,96,8,44,36,8,98,6,92
S01013153,Families with no dependent children,101,82,64,62,2,18,18,0,19,2,17
S01013153,Families with dependent children: Total,145,66,40,34,6,26,18,8,79,4,75
S01013153,Families with dependent children: Youngest aged 0 to 4,64,32,16,14,2,16,14,2,32,1,31
S01013153,Families with dependent children: Youngest aged 5 to 11,44,14,8,7,1,6,4,2,30,1,29
S01013153,Families with dependent children: Youngest aged 12 to 18,37,20,16,13,3,4,0,4,17,2,15
S01013154,All families in households,290,170,141,132,9,29,23,6,120,7,113
S01013154,Families with no dependent children,148,116,99,95,4,17,15,2,32,4,28
S01013154,Families with dependent children: Total,142,54,42,37,5,12,8,4,88,3,85
S01013154,Families with dependent children: Youngest aged 0 to 4,46,19,12,11,1,7,7,0,27,0,27
S01013154,Families with dependent children: Youngest aged 5 to 11,49,14,11,9,2,3,1,2,35,3,32
S01013154,Families with dependent children: Youngest aged 12 to 18,47,21,19,17,2,2,0,2,26,0,26
S01013155,All families in households,251,115,76,70,6,39,29,10,136,10,126
S01013155,Families with no dependent children,86,54,36,36,0,18,13,5,32,5,27
S01013155,Families with dependent children: Total,165,61,40,34,6,21,16,5,104,5,99
S01013155,Families with dependent children: Youngest aged 0 to 4,70,28,16,11,5,12,12,0,42,2,40
S01013155,Families with dependent children: Youngest aged 5 to 11,52,14,7,7,0,7,4,3,38,0,38
S01013155,Families with dependent children: Youngest aged 12 to 18,43,19,17,16,1,2,0,2,24,3,21
S01013156,All families in households,246,122,89,79,10,33,23,10,124,12,112
S01013156,Families with no dependent children,102,69,52,49,3,17,15,2,33,7,26
S01013156,Families with dependent children: Total,144,53,37,30,7,16,8,8,91,5,86
S01013156,Families with dependent children: Youngest aged 0 to 4,39,15,7,6,1,8,5,3,24,0,24
S01013156,Families with dependent children: Youngest aged 5 to 11,57,18,14,11,3,4,2,2,39,2,37
S01013156,Families with dependent children: Youngest aged 12 to 18,48,20,16,13,3,4,1,3,28,3,25
S01013157,All families in households,268,148,103,96,7,45,35,10,120,11,109
S01013157,Families with no dependent children,112,77,60,59,1,17,16,1,35,5,30
S01013157,Families with dependent children: Total,156,71,43,37,6,28,19,9,85,6,79
S01013157,Families with dependent children: Youngest aged 0 to 4,72,36,20,17,3,16,14,2,36,3,33
S01013157,Families with dependent children: Youngest aged 5 to 11,46,16,11,9,2,5,3,2,30,2,28
S01013157,Families with dependent children: Youngest aged 12 to 18,38,19,12,11,1,7,2,5,19,1,18
S01013158,All families in households,169,151,134,129,5,17,14,3,18,2,16
S01013158,Families with no dependent children,102,94,85,82,3,9,7,2,8,1,7
S01013158,Families with dependent children: Total,67,57,49,47,2,8,7,1,10,1,9
S01013158,Families with dependent children: Youngest aged 0 to 4,22,20,16,15,1,4,4,0,2,0,2
S01013158,Families with dependent children: Youngest aged 5 to 11,23,19,16,16,0,3,2,1,4,0,4
S01013158,Families with dependent children: Youngest aged 12 to 18,22,18,17,16,1,1,1,0,4,1,3
S01013159,All families in households,218,192,171,167,4,21,15,6,26,2,24
S01013159,Families with no dependent children,147,138,123,122,1,15,11,4,9,2,7
S01013159,Families with dependent children: Total,71,54,48,45,3,6,4,2,17,0,17
S01013159,Families with dependent children: Youngest aged 0 to 4,29,20,18,18,0,2,2,0,9,0,9
S01013159,Families with dependent children: Youngest aged 5 to 11,17,13,9,6,3,4,2,2,4,0,4
S01013159,Families with dependent children: Youngest aged 12 to 18,25,21,21,21,0,0,0,0,4,0,4
S01013160,All families in households,238,213,194,189,5,19,16,3,25,3,22
S01013160,Families with no dependent children,142,132,124,124,0,8,8,0,10,2,8
S01013160,Families with dependent children: Total,96,81,70,65,5,11,8,3,15,1,14
S01013160,Families with dependent children: Youngest aged 0 to 4,36,29,25,23,2,4,2,2,7,1,6
S01013160,Families with dependent children: Youngest aged 5 to 11,33,27,24,22,2,3,2,1,6,0,6
S01013160,Families with dependent children: Youngest aged 12 to 18,27,25,21,20,1,4,4,0,2,0,2
S01013161,All families in households,287,218,154,149,5,64,58,6,69,10,59
S01013161,Families with no dependent children,156,133,104,104,0,29,29,0,23,5,18
S01013161,Families with dependent children: Total,131,85,50,45,5,35,29,6,46,5,41
S01013161,Families with dependent children: Youngest aged 0 to 4,66,44,26,24,2,18,16,2,22,1,21
S01013161,Families with dependent children: Youngest aged 5 to 11,40,27,15,12,3,12,9,3,13,2,11
S01013161,Families with dependent children: Youngest aged 12 to 18,25,14,9,9,0,5,4,1,11,2,9
S01013162,All families in households,223,146,119,115,4,27,24,3,77,11,66
S01013162,Families with no dependent children,148,103,89,86,3,14,14,0,45,9,36
S01013162,Families with dependent children: Total,75,43,30,29,1,13,10,3,32,2,30
S01013162,Families with dependent children: Youngest aged 0 to 4,40,26,14,14,0,12,9,3,14,0,14
S01013162,Families with dependent children: Youngest aged 5 to 11,19,9,8,8,0,1,1,0,10,0,10
S01013162,Families with dependent children: Youngest aged 12 to 18,16,8,8,7,1,0,0,0,8,2,6
S01013163,All families in households,230,201,179,175,4,22,20,2,29,3,26
S01013163,Families with no dependent children,139,130,119,119,0,11,11,0,9,2,7
S01013163,Families with dependent children: Total,91,71,60,56,4,11,9,2,20,1,19
S01013163,Families with dependent children: Youngest aged 0 to 4,29,22,14,12,2,8,7,1,7,0,7
S01013163,Families with dependent children: Youngest aged 5 to 11,26,18,15,14,1,3,2,1,8,1,7
S01013163,Families with dependent children: Youngest aged 12 to 18,36,31,31,30,1,0,0,0,5,0,5
S01013164,All families in households,276,214,192,184,8,22,19,3,62,16,46
S01013164,Families with no dependent children,151,129,115,112,3,14,13,1,22,9,13
S01013164,Families with dependent children: Total,125,85,77,72,5,8,6,2,40,7,33
S01013164,Families with dependent children: Youngest aged 0 to 4,46,31,25,24,1,6,5,1,15,1,14
S01013164,Families with dependent children: Youngest aged 5 to 11,45,28,26,26,0,2,1,1,17,4,13
S01013164,Families with dependent children: Youngest aged 12 to 18,34,26,26,22,4,0,0,0,8,2,6
S01013165,All families in households,258,202,179,175,4,23,20,3,56,5,51
S01013165,Families with no dependent children,161,135,122,119,3,13,11,2,26,3,23
S01013165,Families with dependent children: Total,97,67,57,56,1,10,9,1,30,2,28
S01013165,Families with dependent children: Youngest aged 0 to 4,32,25,19,19,0,6,6,0,7,0,7
S01013165,Families with dependent children: Youngest aged 5 to 11,33,21,19,19,0,2,2,0,12,0,12
S01013165,Families with dependent children: Youngest aged 12 to 18,32,21,19,18,1,2,1,1,11,2,9
S01013166,All families in households,146,73,37,35,2,36,30,6,73,9,64
S01013166,Families with no dependent children,65,46,23,21,2,23,20,3,19,4,15
S01013166,Families with dependent children: Total,81,27,14,14,0,13,10,3,54,5,49
S01013166,Families with dependent children: Youngest aged 0 to 4,38,15,4,4,0,11,10,1,23,1,22
S01013166,Families with dependent children: Youngest aged 5 to 11,27,7,6,6,0,1,0,1,20,2,18
S01013166,Families with dependent children: Youngest aged 12 to 18,16,5,4,4,0,1,0,1,11,2,9
S01013167,All families in households,162,91,54,50,4,37,31,6,71,8,63
S01013167,Families with no dependent children,70,52,35,34,1,17,15,2,18,4,14
S01013167,Families with dependent children: Total,92,39,19,16,3,20,16,4,53,4,49
S01013167,Families with dependent children: Youngest aged 0 to 4,48,22,7,5,2,15,13,2,26,3,23
S01013167,Families with dependent children: Youngest aged 5 to 11,28,12,8,7,1,4,2,2,16,1,15
S01013167,Families with dependent children: Youngest aged 12 to 18,16,5,4,4,0,1,1,0,11,0,11
S01013168,All families in households,248,167,138,124,14,29,25,4,81,6,75
S01013168,Families with no dependent children,145,117,101,95,6,16,16,0,28,4,24
S01013168,Families with dependent children: Total,103,50,37,29,8,13,9,4,53,2,51
S01013168,Families with dependent children: Youngest aged 0 to 4,43,18,16,13,3,2,2,0,25,0,25
S01013168,Families with dependent children: Youngest aged 5 to 11,37,19,10,8,2,9,6,3,18,1,17
S01013168,Families with dependent children: Youngest aged 12 to 18,23,13,11,8,3,2,1,1,10,1,9
S01013169,All families in households,230,165,136,130,6,29,25,4,65,11,54
S01013169,Families with no dependent children,141,110,93,92,1,17,15,2,31,7,24
S01013169,Families with dependent children: Total,89,55,43,38,5,12,10,2,34,4,30
S01013169,Families with dependent children: Youngest aged 0 to 4,37,24,17,15,2,7,6,1,13,1,12
S01013169,Families with dependent children: Youngest aged 5 to 11,28,17,13,11,2,4,3,1,11,1,10
S01013169,Families with dependent children: Youngest aged 12 to 18,24,14,13,12,1,1,1,0,10,2,8
S01013170,All families in households,139,87,63,59,4,24,18,6,52,10,42
S01013170,Families with no dependent children,77,58,47,45,2,11,9,2,19,5,14
S01013170,Families with dependent children: Total,62,29,16,14,2,13,9,4,33,5,28
S01013170,Families with dependent children: Youngest aged 0 to 4,26,9,2,2,0,7,4,3,17,1,16
S01013170,Families with dependent children: Youngest aged 5 to 11,17,10,4,3,1,6,5,1,7,1,6
S01013170,Families with dependent children: Youngest aged 12 to 18,19,10,10,9,1,0,0,0,9,3,6
S01013171,All families in households,196,159,143,136,7,16,11,5,37,0,37
S01013171,Families with no dependent children,92,79,71,66,5,8,7,1,13,0,13
S01013171,Families with dependent children: Total,104,80,72,70,2,8,4,4,24,0,24
S01013171,Families with dependent children: Youngest aged 0 to 4,34,24,20,19,1,4,2,2,10,0,10
S01013171,Families with dependent children: Youngest aged 5 to 11,35,28,26,25,1,2,1,1,7,0,7
S01013171,Families with dependent children: Youngest aged 12 to 18,35,28,26,26,0,2,1,1,7,0,7
S01013172,All families in households,219,164,138,132,6,26,22,4,55,7,48
S01013172,Families with no dependent children,131,103,88,88,0,15,14,1,28,6,22
S01013172,Families with dependent children: Total,88,61,50,44,6,11,8,3,27,1,26
S01013172,Families with dependent children: Youngest aged 0 to 4,28,18,11,10,1,7,5,2,10,1,9
S01013172,Families with dependent children: Youngest aged 5 to 11,28,20,17,15,2,3,3,0,8,0,8
S01013172,Families with dependent children: Youngest aged 12 to 18,32,23,22,19,3,1,0,1,9,0,9
S01013173,All families in households,237,192,159,156,3,33,31,2,45,6,39
S01013173,Families with no dependent children,132,115,94,93,1,21,19,2,17,3,14
S01013173,Families with dependent children: Total,105,77,65,63,2,12,12,0,28,3,25
S01013173,Families with dependent children: Youngest aged 0 to 4,31,23,14,14,0,9,9,0,8,0,8
S01013173,Families with dependent children: Youngest aged 5 to 11,37,28,25,25,0,3,3,0,9,1,8
S01013173,Families with dependent children: Youngest aged 12 to 18,37,26,26,24,2,0,0,0,11,2,9
S01013174,All families in households,236,211,201,196,5,10,9,1,25,8,17
S01013174,Families with no dependent children,124,112,106,105,1,6,6,0,12,4,8
S01013174,Families with dependent children: Total,112,99,95,91,4,4,3,1,13,4,9
S01013174,Families with dependent children: Youngest aged 0 to 4,20,18,17,16,1,1,1,0,2,0,2
S01013174,Families with dependent children: Youngest aged 5 to 11,49,46,44,43,1,2,1,1,3,0,3
S01013174,Families with dependent children: Youngest aged 12 to 18,43,35,34,32,2,1,1,0,8,4,4
S01013175,All families in households,260,220,190,183,7,30,21,9,40,2,38
S01013175,Families with no dependent children,125,115,96,94,2,19,15,4,10,1,9
S01013175,Families with dependent children: Total,135,105,94,89,5,11,6,5,30,1,29
S01013175,Families with dependent children: Youngest aged 0 to 4,53,39,34,31,3,5,5,0,14,0,14
S01013175,Families with dependent children: Youngest aged 5 to 11,48,38,34,32,2,4,1,3,10,1,9
S01013175,Families with dependent children: Youngest aged 12 to 18,34,28,26,26,0,2,0,2,6,0,6
S01013176,All families in households,204,175,143,139,4,32,29,3,29,2,27
S01013176,Families with no dependent children,144,134,113,109,4,21,20,1,10,1,9
S01013176,Families with dependent children: Total,60,41,30,30,0,11,9,2,19,1,18
S01013176,Families with dependent children: Youngest aged 0 to 4,24,17,10,10,0,7,6,1,7,0,7
S01013176,Families with dependent children: Youngest aged 5 to 11,14,9,9,9,0,0,0,0,5,1,4
S01013176,Families with dependent children: Youngest aged 12 to 18,22,15,11,11,0,4,3,1,7,0,7
S01013177,All families in households,176,155,132,130,2,23,20,3,21,5,16
S01013177,Families with no dependent children,112,101,86,86,0,15,14,1,11,3,8
S01013177,Families with dependent children: Total,64,54,46,44,2,8,6,2,10,2,8
S01013177,Families with dependent children: Youngest aged 0 to 4,22,18,16,15,1,2,2,0,4,0,4
S01013177,Families with dependent children: Youngest aged 5 to 11,21,16,13,13,0,3,2,1,5,2,3
S01013177,Families with dependent children: Youngest aged 12 to 18,21,20,17,16,1,3,2,1,1,0,1
S01013178,All families in households,211,175,128,120,8,47,43,4,36,5,31
S01013178,Families with no dependent children,142,122,90,87,3,32,32,0,20,4,16
S01013178,Families with dependent children: Total,69,53,38,33,5,15,11,4,16,1,15
S01013178,Families with dependent children: Youngest aged 0 to 4,28,25,15,14,1,10,9,1,3,0,3
S01013178,Families with dependent children: Youngest aged 5 to 11,21,13,10,9,1,3,2,1,8,0,8
S01013178,Families with dependent children: Youngest aged 12 to 18,20,15,13,10,3,2,0,2,5,1,4
S01013179,All families in households,250,198,175,172,3,23,20,3,52,8,44
S01013179,Families with no dependent children,179,161,142,140,2,19,18,1,18,5,13
S01013179,Families with dependent children: Total,71,37,33,32,1,4,2,2,34,3,31
S01013179,Families with dependent children: Youngest aged 0 to 4,27,11,11,11,0,0,0,0,16,0,16
S01013179,Families with dependent children: Youngest aged 5 to 11,19,8,6,6,0,2,1,1,11,2,9
S01013179,Families with dependent children: Youngest aged 12 to 18,25,18,16,15,1,2,1,1,7,1,6
S01013180,All families in households,136,116,102,100,2,14,10,4,20,3,17
S01013180,Families with no dependent children,79,72,64,62,2,8,7,1,7,3,4
S01013180,Families with dependent children: Total,57,44,38,38,0,6,3,3,13,0,13
S01013180,Families with dependent children: Youngest aged 0 to 4,19,15,11,11,0,4,3,1,4,0,4
S01013180,Families with dependent children: Youngest aged 5 to 11,16,14,14,14,0,0,0,0,2,0,2
S01013180,Families with dependent children: Youngest aged 12 to 18,22,15,13,13,0,2,0,2,7,0,7
S01013181,All families in households,223,188,164,162,2,24,17,7,35,4,31
S01013181,Families with no dependent children,148,126,114,113,1,12,10,2,22,2,20
S01013181,Families with dependent children: Total,75,62,50,49,1,12,7,5,13,2,11
S01013181,Families with dependent children: Youngest aged 0 to 4,24,21,20,20,0,1,1,0,3,1,2
S01013181,Families with dependent children: Youngest aged 5 to 11,28,22,16,15,1,6,4,2,6,0,6
S01013181,Families with dependent children: Youngest aged 12 to 18,23,19,14,14,0,5,2,3,4,1,3
S01013182,All families in households,201,138,112,109,3,26,22,4,63,8,55
S01013182,Families with no dependent children,120,92,77,76,1,15,14,1,28,6,22
S01013182,Families with dependent children: Total,81,46,35,33,2,11,8,3,35,2,33
S01013182,Families with dependent children: Youngest aged 0 to 4,30,19,12,12,0,7,6,1,11,0,11
S01013182,Families with dependent children: Youngest aged 5 to 11,25,13,10,8,2,3,2,1,12,1,11
S01013182,Families with dependent children: Youngest aged 12 to 18,26,14,13,13,0,1,0,1,12,1,11
S01013183,All families in households,259,235,216,206,10,19,18,1,24,8,16
S01013183,Families with no dependent children,174,160,150,147,3,10,10,0,14,7,7
S01013183,Families with dependent children: Total,85,75,66,59,7,9,8,1,10,1,9
S01013183,Families with dependent children: Youngest aged 0 to 4,31,27,24,23,1,3,2,1,4,0,4
S01013183,Families with dependent children: Youngest aged 5 to 11,29,26,20,18,2,6,6,0,3,0,3
S01013183,Families with dependent children: Youngest aged 12 to 18,25,22,22,18,4,0,0,0,3,1,2
S01013184,All families in households,160,74,45,44,1,29,26,3,86,11,75
S01013184,Families with no dependent children,67,42,29,29,0,13,13,0,25,3,22
S01013184,Families with dependent children: Total,93,32,16,15,1,16,13,3,61,8,53
S01013184,Families with dependent children: Youngest aged 0 to 4,44,17,8,8,0,9,7,2,27,3,24
S01013184,Families with dependent children: Youngest aged 5 to 11,27,8,4,3,1,4,3,1,19,2,17
S01013184,Families with dependent children: Youngest aged 12 to 18,22,7,4,4,0,3,3,0,15,3,12
S01013185,All families in households,231,145,103,97,6,42,32,10,86,8,78
S01013185,Families with no dependent children,106,78,62,59,3,16,14,2,28,5,23
S01013185,Families with dependent children: Total,125,67,41,38,3,26,18,8,58,3,55
S01013185,Families with dependent children: Youngest aged 0 to 4,55,31,12,12,0,19,13,6,24,1,23
S01013185,Families with dependent children: Youngest aged 5 to 11,36,16,11,9,2,5,3,2,20,2,18
S01013185,Families with dependent children: Youngest aged 12 to 18,34,20,18,17,1,2,2,0,14,0,14
S01013186,All families in households,199,113,71,64,7,42,32,10,86,13,73
S01013186,Families with no dependent children,90,60,45,43,2,15,10,5,30,8,22
S01013186,Families with dependent children: Total,109,53,26,21,5,27,22,5,56,5,51
S01013186,Families with dependent children: Youngest aged 0 to 4,44,23,9,8,1,14,11,3,21,1,20
S01013186,Families with dependent children: Youngest aged 5 to 11,40,18,11,8,3,7,6,1,22,2,20
S01013186,Families with dependent children: Youngest aged 12 to 18,25,12,6,5,1,6,5,1,13,2,11
S01013187,All families in households,230,150,101,98,3,49,40,9,80,7,73
S01013187,Families with no dependent children,120,89,63,62,1,26,24,2,31,4,27
S01013187,Families with dependent children: Total,110,61,38,36,2,23,16,7,49,3,46
S01013187,Families with dependent children: Youngest aged 0 to 4,41,27,15,14,1,12,9,3,14,0,14
S01013187,Families with dependent children: Youngest aged 5 to 11,35,20,11,11,0,9,6,3,15,0,15
S01013187,Families with dependent children: Youngest aged 12 to 18,34,14,12,11,1,2,1,1,20,3,17
S01013188,All families in households,276,216,188,184,4,28,24,4,60,8,52
S01013188,Families with no dependent children,168,143,122,121,1,21,19,2,25,6,19
S01013188,Families with dependent children: Total,108,73,66,63,3,7,5,2,35,2,33
S01013188,Families with dependent children: Youngest aged 0 to 4,41,32,27,27,0,5,4,1,9,0,9
S01013188,Families with dependent children: Youngest aged 5 to 11,30,18,17,16,1,1,1,0,12,0,12
S01013188,Families with dependent children: Youngest aged 12 to 18,37,23,22,20,2,1,0,1,14,2,12
S01013189,All families in households,188,160,145,135,10,15,14,1,28,4,24
S01013189,Families with no dependent children,123,108,98,93,5,10,10,0,15,2,13
S01013189,Families with dependent children: Total,65,52,47,42,5,5,4,1,13,2,11
S01013189,Families with dependent children: Youngest aged 0 to 4,18,17,14,14,0,3,3,0,1,0,1
S01013189,Families with dependent children: Youngest aged 5 to 11,19,16,15,14,1,1,0,1,3,0,3
S01013189,Families with dependent children: Youngest aged 12 to 18,28,19,18,14,4,1,1,0,9,2,7
S01013190,All families in households,216,166,141,135,6,25,21,4,50,7,43
S01013190,Families with no dependent children,115,91,77,75,2,14,12,2,24,6,18
S01013190,Families with dependent children: Total,101,75,64,60,4,11,9,2,26,1,25
S01013190,Families with dependent children: Youngest aged 0 to 4,36,30,24,23,1,6,6,0,6,0,6
S01013190,Families with dependent children: Youngest aged 5 to 11,39,32,29,27,2,3,2,1,7,0,7
S01013190,Families with dependent children: Youngest aged 12 to 18,26,13,11,10,1,2,1,1,13,1,12
S01013191,All families in households,317,295,262,250,12,33,25,8,22,3,19
S01013191,Families with no dependent children,167,161,146,143,3,15,15,0,6,1,5
S01013191,Families with dependent children: Total,150,134,116,107,9,18,10,8,16,2,14
S01013191,Families with dependent children: Youngest aged 0 to 4,48,44,35,32,3,9,8,1,4,0,4
S01013191,Families with dependent children: Youngest aged 5 to 11,58,54,49,47,2,5,2,3,4,0,4
S01013191,Families with dependent children: Youngest aged 12 to 18,44,36,32,28,4,4,0,4,8,2,6
S01013192,All families in households,257,208,169,162,7,39,36,3,49,2,47
S01013192,Families with no dependent children,164,145,118,116,2,27,25,2,19,0,19
S01013192,Families with dependent children: Total,93,63,51,46,5,12,11,1,30,2,28
S01013192,Families with dependent children: Youngest aged 0 to 4,30,20,10,9,1,10,10,0,10,1,9
S01013192,Families with dependent children: Youngest aged 5 to 11,32,23,23,21,2,0,0,0,9,0,9
S01013192,Families with dependent children: Youngest aged 12 to 18,31,20,18,16,2,2,1,1,11,1,10
S01013193,All families in households,184,140,106,102,4,34,32,2,44,4,40
S01013193,Families with no dependent children,113,103,82,78,4,21,21,0,10,0,10
S01013193,Families with dependent children: Total,71,37,24,24,0,13,11,2,34,4,30
S01013193,Families with dependent children: Youngest aged 0 to 4,31,22,12,12,0,10,9,1,9,2,7
S01013193,Families with dependent children: Youngest aged 5 to 11,22,11,9,9,0,2,2,0,11,0,11
S01013193,Families with dependent children: Youngest aged 12 to 18,18,4,3,3,0,1,0,1,14,2,12
S01013194,All families in households,156,117,81,81,0,36,33,3,39,4,35
S01013194,Families with no dependent children,93,83,59,59,0,24,23,1,10,4,6
S01013194,Families with dependent children: Total,63,34,22,22,0,12,10,2,29,0,29
S01013194,Families with dependent children: Youngest aged 0 to 4,26,16,8,8,0,8,8,0,10,0,10
S01013194,Families with dependent children: Youngest aged 5 to 11,21,10,8,8,0,2,2,0,11,0,11
S01013194,Families with dependent children: Youngest aged 12 to 18,16,8,6,6,0,2,0,2,8,0,8
S01013195,All families in households,227,181,114,110,4,67,64,3,46,7,39
S01013195,Families with no dependent children,151,130,74,74,0,56,54,2,21,6,15
S01013195,Families with dependent children: Total,76,51,40,36,4,11,10,1,25,1,24
S01013195,Families with dependent children: Youngest aged 0 to 4,33,25,17,16,1,8,8,0,8,0,8
S01013195,Families with dependent children: Youngest aged 5 to 11,22,16,14,13,1,2,1,1,6,0,6
S01013195,Families with dependent children: Youngest aged 12 to 18,21,10,9,7,2,1,1,0,11,1,10
S01013196,All families in households,166,131,86,85,1,45,40,5,35,4,31
S01013196,Families with no dependent children,120,101,65,65,0,36,33,3,19,4,15
S01013196,Families with dependent children: Total,46,30,21,20,1,9,7,2,16,0,16
S01013196,Families with dependent children: Youngest aged 0 to 4,21,15,8,8,0,7,6,1,6,0,6
S01013196,Families with dependent children: Youngest aged 5 to 11,12,9,7,6,1,2,1,1,3,0,3
S01013196,Families with dependent children: Youngest aged 12 to 18,13,6,6,6,0,0,0,0,7,0,7
S01013197,All families in households,160,133,123,119,4,10,8,2,27,3,24
S01013197,Families with no dependent children,110,92,86,85,1,6,6,0,18,2,16
S01013197,Families with dependent children: Total,50,41,37,34,3,4,2,2,9,1,8
S01013197,Families with dependent children: Youngest aged 0 to 4,21,14,12,10,2,2,2,0,7,0,7
S01013197,Families with dependent children: Youngest aged 5 to 11,15,13,12,12,0,1,0,1,2,1,1
S01013197,Families with dependent children: Youngest aged 12 to 18,14,14,13,12,1,1,0,1,0,0,0
S01013198,All families in households,215,159,134,125,9,25,22,3,56,1,55
S01013198,Families with no dependent children,135,116,99,93,6,17,17,0,19,1,18
S01013198,Families with dependent children: Total,80,43,35,32,3,8,5,3,37,0,37
S01013198,Families with dependent children: Youngest aged 0 to 4,26,16,10,10,0,6,4,2,10,0,10
S01013198,Families with dependent children: Youngest aged 5 to 11,22,11,11,11,0,0,0,0,11,0,11
S01013198,Families with dependent children: Youngest aged 12 to 18,32,16,14,11,3,2,1,1,16,0,16
S01013199,All families in households,239,199,172,162,10,27,23,4,40,8,32
S01013199,Families with no dependent children,166,145,128,123,5,17,15,2,21,4,17
S01013199,Families with dependent children: Total,73,54,44,39,5,10,8,2,19,4,15
S01013199,Families with dependent children: Youngest aged 0 to 4,28,20,14,10,4,6,6,0,8,0,8
S01013199,Families with dependent children: Youngest aged 5 to 11,25,20,16,15,1,4,2,2,5,1,4
S01013199,Families with dependent children: Youngest aged 12 to 18,20,14,14,14,0,0,0,0,6,3,3
S01013200,All families in households,207,141,117,110,7,24,21,3,66,11,55
S01013200,Families with no dependent children,111,88,76,74,2,12,11,1,23,9,14
S01013200,Families with dependent children: Total,96,53,41,36,5,12,10,2,43,2,41
S01013200,Families with dependent children: Youngest aged 0 to 4,46,26,15,14,1,11,10,1,20,0,20
S01013200,Families with dependent children: Youngest aged 5 to 11,20,11,11,9,2,0,0,0,9,0,9
S01013200,Families with dependent children: Youngest aged 12 to 18,30,16,15,13,2,1,0,1,14,2,12
S01013201,All families in households,181,99,78,75,3,21,17,4,82,6,76
S01013201,Families with no dependent children,89,57,54,52,2,3,2,1,32,4,28
S01013201,Families with dependent children: Total,92,42,24,23,1,18,15,3,50,2,48
S01013201,Families with dependent children: Youngest aged 0 to 4,37,18,8,8,0,10,8,2,19,0,19
S01013201,Families with dependent children: Youngest aged 5 to 11,25,11,7,6,1,4,3,1,14,2,12
S01013201,Families with dependent children: Youngest aged 12 to 18,30,13,9,9,0,4,4,0,17,0,17
S01013202,All families in households,163,104,88,83,5,16,13,3,59,7,52
S01013202,Families with no dependent children,86,73,66,64,2,7,6,1,13,2,11
S01013202,Families with dependent children: Total,77,31,22,19,3,9,7,2,46,5,41
S01013202,Families with dependent children: Youngest aged 0 to 4,29,12,7,6,1,5,5,0,17,1,16
S01013202,Families with dependent children: Youngest aged 5 to 11,27,10,8,6,2,2,2,0,17,1,16
S01013202,Families with dependent children: Youngest aged 12 to 18,21,9,7,7,0,2,0,2,12,3,9
S01013203,All families in households,197,133,97,90,7,36,28,8,64,14,50
S01013203,Families with no dependent children,98,73,58,58,0,15,15,0,25,9,16
S01013203,Families with dependent children: Total,99,60,39,32,7,21,13,8,39,5,34
S01013203,Families with dependent children: Youngest aged 0 to 4,40,25,12,10,2,13,8,5,15,0,15
S01013203,Families with dependent children: Youngest aged 5 to 11,29,15,12,11,1,3,3,0,14,3,11
S01013203,Families with dependent children: Youngest aged 12 to 18,30,20,15,11,4,5,2,3,10,2,8
S01013204,All families in households,243,204,176,171,5,28,24,4,39,8,31
S01013204,Families with no dependent children,128,115,98,98,0,17,16,1,13,6,7
S01013204,Families with dependent children: Total,115,89,78,73,5,11,8,3,26,2,24
S01013204,Families with dependent children: Youngest aged 0 to 4,47,40,33,32,1,7,5,2,7,0,7
S01013204,Families with dependent children: Youngest aged 5 to 11,35,26,25,21,4,1,1,0,9,1,8
S01013204,Families with dependent children: Youngest aged 12 to 18,33,23,20,20,0,3,2,1,10,1,9
S01013205,All families in households,171,105,75,67,8,30,20,10,66,4,62
S01013205,Families with no dependent children,86,63,51,48,3,12,9,3,23,4,19
S01013205,Families with dependent children: Total,85,42,24,19,5,18,11,7,43,0,43
S01013205,Families with dependent children: Youngest aged 0 to 4,38,17,6,6,0,11,7,4,21,0,21
S01013205,Families with dependent children: Youngest aged 5 to 11,28,11,5,3,2,6,4,2,17,0,17
S01013205,Families with dependent children: Youngest aged 12 to 18,19,14,13,10,3,1,0,1,5,0,5
S01013206,All families in households,183,116,84,79,5,32,25,7,67,9,58
S01013206,Families with no dependent children,101,80,65,62,3,15,14,1,21,4,17
S01013206,Families with dependent children: Total,82,36,19,17,2,17,11,6,46,5,41
S01013206,Families with dependent children: Youngest aged 0 to 4,33,13,5,4,1,8,6,2,20,2,18
S01013206,Families with dependent children: Youngest aged 5 to 11,26,16,9,8,1,7,4,3,10,1,9
S01013206,Families with dependent children: Youngest aged 12 to 18,23,7,5,5,0,2,1,1,16,2,14
S01013207,All families in households,211,157,123,118,5,34,30,4,54,5,49
S01013207,Families with no dependent children,133,108,86,84,2,22,20,2,25,5,20
S01013207,Families with dependent children: Total,78,49,37,34,3,12,10,2,29,0,29
S01013207,Families with dependent children: Youngest aged 0 to 4,41,21,12,12,0,9,8,1,20,0,20
S01013207,Families with dependent children: Youngest aged 5 to 11,18,12,9,8,1,3,2,1,6,0,6
S01013207,Families with dependent children: Youngest aged 12 to 18,19,16,16,14,2,0,0,0,3,0,3
S01013208,All families in households,254,168,123,115,8,45,39,6,86,10,76
S01013208,Families with no dependent children,129,102,76,72,4,26,26,0,27,6,21
S01013208,Families with dependent children: Total,125,66,47,43,4,19,13,6,59,4,55
S01013208,Families with dependent children: Youngest aged 0 to 4,43,24,14,13,1,10,8,2,19,2,17
S01013208,Families with dependent children: Youngest aged 5 to 11,36,16,13,11,2,3,2,1,20,0,20
S01013208,Families with dependent children: Youngest aged 12 to 18,46,26,20,19,1,6,3,3,20,2,18
S01013209,All families in households,232,174,130,126,4,44,41,3,58,5,53
S01013209,Families with no dependent children,150,131,100,99,1,31,30,1,19,2,17
S01013209,Families with dependent children: Total,82,43,30,27,3,13,11,2,39,3,36
S01013209,Families with dependent children: Youngest aged 0 to 4,39,22,14,14,0,8,7,1,17,1,16
S01013209,Families with dependent children: Youngest aged 5 to 11,21,8,6,6,0,2,2,0,13,0,13
S01013209,Families with dependent children: Youngest aged 12 to 18,22,13,10,7,3,3,2,1,9,2,7
S01013210,All families in households,177,159,143,135,8,16,15,1,18,6,12
S01013210,Families with no dependent children,118,111,103,101,2,8,8,0,7,4,3
S01013210,Families with dependent children: Total,59,48,40,34,6,8,7,1,11,2,9
S01013210,Families with dependent children: Youngest aged 0 to 4,23,18,12,11,1,6,5,1,5,0,5
S01013210,Families with dependent children: Youngest aged 5 to 11,17,17,15,11,4,2,2,0,0,0,0
S01013210,Families with dependent children: Youngest aged 12 to 18,19,13,13,12,1,0,0,0,6,2,4
S01013211,All families in households,262,202,156,154,2,46,41,5,60,6,54
S01013211,Families with no dependent children,167,138,108,107,1,30,27,3,29,4,25
S01013211,Families with dependent children: Total,95,64,48,47,1,16,14,2,31,2,29
S01013211,Families with dependent children: Youngest aged 0 to 4,29,21,8,8,0,13,12,1,8,0,8
S01013211,Families with dependent children: Youngest aged 5 to 11,31,22,20,19,1,2,1,1,9,1,8
S01013211,Families with dependent children: Youngest aged 12 to 18,35,21,20,20,0,1,1,0,14,1,13
S01013212,All families in households,178,155,142,136,6,13,10,3,23,7,16
S01013212,Families with no dependent children,91,82,73,73,0,9,8,1,9,4,5
S01013212,Families with dependent children: Total,87,73,69,63,6,4,2,2,14,3,11
S01013212,Families with dependent children: Youngest aged 0 to 4,20,17,16,14,2,1,1,0,3,1,2
S01013212,Families with dependent children: Youngest aged 5 to 11,26,23,22,20,2,1,1,0,3,1,2
S01013212,Families with dependent children: Youngest aged 12 to 18,41,33,31,29,2,2,0,2,8,1,7
S01013213,All families in households,177,159,138,132,6,21,15,6,18,1,17
S01013213,Families with no dependent children,97,90,80,77,3,10,10,0,7,0,7
S01013213,Families with dependent children: Total,80,69,58,55,3,11,5,6,11,1,10
S01013213,Families with dependent children: Youngest aged 0 to 4,22,19,13,12,1,6,5,1,3,1,2
S01013213,Families with dependent children: Youngest aged 5 to 11,25,23,22,22,0,1,0,1,2,0,2
S01013213,Families with dependent children: Youngest aged 12 to 18,33,27,23,21,2,4,0,4,6,0,6
S01013214,All families in households,138,120,102,94,8,18,11,7,18,4,14
S01013214,Families with no dependent children,69,61,54,54,0,7,5,2,8,1,7
S01013214,Families with dependent children: Total,69,59,48,40,8,11,6,5,10,3,7
S01013214,Families with dependent children: Youngest aged 0 to 4,20,16,11,9,2,5,4,1,4,1,3
S01013214,Families with dependent children: Youngest aged 5 to 11,27,22,16,12,4,6,2,4,5,1,4
S01013214,Families with dependent children: Youngest aged 12 to 18,22,21,21,19,2,0,0,0,1,1,0
S01013215,All families in households,228,180,141,130,11,39,35,4,48,4,44
S01013215,Families with no dependent children,145,128,100,97,3,28,26,2,17,3,14
S01013215,Families with dependent children: Total,83,52,41,33,8,11,9,2,31,1,30
S01013215,Families with dependent children: Youngest aged 0 to 4,36,22,16,14,2,6,6,0,14,0,14
S01013215,Families with dependent children: Youngest aged 5 to 11,28,21,17,14,3,4,3,1,7,1,6
S01013215,Families with dependent children: Youngest aged 12 to 18,19,9,8,5,3,1,0,1,10,0,10
S01013216,All families in households,179,108,79,73,6,29,20,9,71,7,64
S01013216,Families with no dependent children,84,65,51,49,2,14,10,4,19,5,14
S01013216,Families with dependent children: Total,95,43,28,24,4,15,10,5,52,2,50
S01013216,Families with dependent children: Youngest aged 0 to 4,48,25,14,12,2,11,8,3,23,0,23
S01013216,Families with dependent children: Youngest aged 5 to 11,21,7,6,5,1,1,0,1,14,0,14
S01013216,Families with dependent children: Youngest aged 12 to 18,26,11,8,7,1,3,2,1,15,2,13
S01013217,All families in households,215,155,136,126,10,19,15,4,60,7,53
S01013217,Families with no dependent children,115,101,91,88,3,10,8,2,14,5,9
S01013217,Families with dependent children: Total,100,54,45,38,7,9,7,2,46,2,44
S01013217,Families with dependent children: Youngest aged 0 to 4,32,21,16,14,2,5,5,0,11,0,11
S01013217,Families with dependent children: Youngest aged 5 to 11,34,18,14,12,2,4,2,2,16,1,15
S01013217,Families with dependent children: Youngest aged 12 to 18,34,15,15,12,3,0,0,0,19,1,18
S01013218,All families in households,183,110,76,70,6,34,25,9,73,11,62
S01013218,Families with no dependent children,89,74,58,54,4,16,13,3,15,3,12
S01013218,Families with dependent children: Total,94,36,18,16,2,18,12,6,58,8,50
S01013218,Families with dependent children: Youngest aged 0 to 4,47,18,7,5,2,11,6,5,29,6,23
S01013218,Families with dependent children: Youngest aged 5 to 11,26,11,6,6,0,5,5,0,15,0,15
S01013218,Families with dependent children: Youngest aged 12 to 18,21,7,5,5,0,2,1,1,14,2,12
S01013219,All families in households,163,112,84,79,5,28,17,11,51,6,45
S01013219,Families with no dependent children,96,81,68,65,3,13,11,2,15,4,11
S01013219,Families with dependent children: Total,67,31,16,14,2,15,6,9,36,2,34
S01013219,Families with dependent children: Youngest aged 0 to 4,28,9,6,5,1,3,2,1,19,0,19
S01013219,Families with dependent children: Youngest aged 5 to 11,20,11,4,4,0,7,4,3,9,1,8
S01013219,Families with dependent children: Youngest aged 12 to 18,19,11,6,5,1,5,0,5,8,1,7
S01013220,All families in households,188,114,93,86,7,21,17,4,74,10,64
S01013220,Families with no dependent children,87,72,64,63,1,8,8,0,15,6,9
S01013220,Families with dependent children: Total,101,42,29,23,6,13,9,4,59,4,55
S01013220,Families with dependent children: Youngest aged 0 to 4,49,19,9,7,2,10,7,3,30,3,27
S01013220,Families with dependent children: Youngest aged 5 to 11,31,16,14,10,4,2,1,1,15,0,15
S01013220,Families with dependent children: Youngest aged 12 to 18,21,7,6,6,0,1,1,0,14,1,13
S01013221,All families in households,273,189,151,145,6,38,27,11,84,10,74
S01013221,Families with no dependent children,137,118,103,100,3,15,14,1,19,5,14
S01013221,Families with dependent children: Total,136,71,48,45,3,23,13,10,65,5,60
S01013221,Families with dependent children: Youngest aged 0 to 4,49,29,17,16,1,12,9,3,20,1,19
S01013221,Families with dependent children: Youngest aged 5 to 11,45,20,15,14,1,5,1,4,25,1,24
S01013221,Families with dependent children: Youngest aged 12 to 18,42,22,16,15,1,6,3,3,20,3,17
S01013222,All families in households,157,93,67,67,0,26,24,2,64,7,57
S01013222,Families with no dependent children,73,54,43,43,0,11,11,0,19,1,18
S01013222,Families with dependent children: Total,84,39,24,24,0,15,13,2,45,6,39
S01013222,Families with dependent children: Youngest aged 0 to 4,36,20,10,10,0,10,8,2,16,2,14
S01013222,Families with dependent children: Youngest aged 5 to 11,25,12,9,9,0,3,3,0,13,2,11
S01013222,Families with dependent children: Youngest aged 12 to 18,23,7,5,5,0,2,2,0,16,2,14
S01013223,All families in households,262,198,151,144,7,47,41,6,64,5,59
S01013223,Families with no dependent children,137,124,97,94,3,27,25,2,13,1,12
S01013223,Families with dependent children: Total,125,74,54,50,4,20,16,4,51,4,47
S01013223,Families with dependent children: Youngest aged 0 to 4,68,40,27,24,3,13,12,1,28,1,27
S01013223,Families with dependent children: Youngest aged 5 to 11,27,20,16,16,0,4,3,1,7,0,7
S01013223,Families with dependent children: Youngest aged 12 to 18,30,14,11,10,1,3,1,2,16,3,13
S01013224,All families in households,227,173,142,138,4,31,26,5,54,11,43
S01013224,Families with no dependent children,128,104,87,87,0,17,17,0,24,8,16
S01013224,Families with dependent children: Total,99,69,55,51,4,14,9,5,30,3,27
S01013224,Families with dependent children: Youngest aged 0 to 4,33,24,17,16,1,7,5,2,9,0,9
S01013224,Families with dependent children: Youngest aged 5 to 11,28,19,14,12,2,5,4,1,9,0,9
S01013224,Families with dependent children: Youngest aged 12 to 18,38,26,24,23,1,2,0,2,12,3,9
S01013225,All families in households,227,145,114,108,6,31,21,10,82,7,75
S01013225,Families with no dependent children,110,83,71,69,2,12,11,1,27,3,24
S01013225,Families with dependent children: Total,117,62,43,39,4,19,10,9,55,4,51
S01013225,Families with dependent children: Youngest aged 0 to 4,41,25,16,15,1,9,6,3,16,1,15
S01013225,Families with dependent children: Youngest aged 5 to 11,39,19,13,13,0,6,2,4,20,1,19
S01013225,Families with dependent children: Youngest aged 12 to 18,37,18,14,11,3,4,2,2,19,2,17
S01013226,All families in households,156,129,111,105,6,18,16,2,27,2,25
S01013226,Families with no dependent children,87,75,64,63,1,11,10,1,12,2,10
S01013226,Families with dependent children: Total,69,54,47,42,5,7,6,1,15,0,15
S01013226,Families with dependent children: Youngest aged 0 to 4,32,27,22,21,1,5,5,0,5,0,5
S01013226,Families with dependent children: Youngest aged 5 to 11,20,13,13,11,2,0,0,0,7,0,7
S01013226,Families with dependent children: Youngest aged 12 to 18,17,14,12,10,2,2,1,1,3,0,3
S01013227,All families in households,186,114,89,85,4,25,22,3,72,11,61
S01013227,Families with no dependent children,89,63,55,53,2,8,8,0,26,5,21
S01013227,Families with dependent children: Total,97,51,34,32,2,17,14,3,46,6,40
S01013227,Families with dependent children: Youngest aged 0 to 4,38,19,9,8,1,10,9,1,19,0,19
S01013227,Families with dependent children: Youngest aged 5 to 11,38,18,15,14,1,3,3,0,20,5,15
S01013227,Families with dependent children: Youngest aged 12 to 18,21,14,10,10,0,4,2,2,7,1,6
S01013228,All families in households,171,122,98,97,1,24,22,2,49,1,48
S01013228,Families with no dependent children,102,91,74,74,0,17,16,1,11,0,11
S01013228,Families with dependent children: Total,69,31,24,23,1,7,6,1,38,1,37
S01013228,Families with dependent children: Youngest aged 0 to 4,26,17,11,11,0,6,5,1,9,0,9
S01013228,Families with dependent children: Youngest aged 5 to 11,26,9,8,7,1,1,1,0,17,0,17
S01013228,Families with dependent children: Youngest aged 12 to 18,17,5,5,5,0,0,0,0,12,1,11
S01013229,All families in households,224,143,110,104,6,33,27,6,81,5,76
S01013229,Families with no dependent children,113,87,68,66,2,19,19,0,26,3,23
S01013229,Families with dependent children: Total,111,56,42,38,4,14,8,6,55,2,53
S01013229,Families with dependent children: Youngest aged 0 to 4,41,20,12,11,1,8,5,3,21,0,21
S01013229,Families with dependent children: Youngest aged 5 to 11,39,23,19,17,2,4,2,2,16,0,16
S01013229,Families with dependent children: Youngest aged 12 to 18,31,13,11,10,1,2,1,1,18,2,16
S01013230,All families in households,205,148,118,117,1,30,28,2,57,9,48
S01013230,Families with no dependent children,133,104,86,86,0,18,16,2,29,9,20
S01013230,Families with dependent children: Total,72,44,32,31,1,12,12,0,28,0,28
S01013230,Families with dependent children: Youngest aged 0 to 4,32,22,13,12,1,9,9,0,10,0,10
S01013230,Families with dependent children: Youngest aged 5 to 11,22,13,10,10,0,3,3,0,9,0,9
S01013230,Families with dependent children: Youngest aged 12 to 18,18,9,9,9,0,0,0,0,9,0,9
S01013231,All families in households,206,155,122,115,7,33,29,4,51,3,48
S01013231,Families with no dependent children,122,101,82,81,1,19,17,2,21,2,19
S01013231,Families with dependent children: Total,84,54,40,34,6,14,12,2,30,1,29
S01013231,Families with dependent children: Youngest aged 0 to 4,32,25,13,12,1,12,10,2,7,0,7
S01013231,Families with dependent children: Youngest aged 5 to 11,18,9,8,6,2,1,1,0,9,0,9
S01013231,Families with dependent children: Youngest aged 12 to 18,34,20,19,16,3,1,1,0,14,1,13
S01013232,All families in households,196,148,123,114,9,25,21,4,48,7,41
S01013232,Families with no dependent children,136,108,91,88,3,17,15,2,28,7,21
S01013232,Families with dependent children: Total,60,40,32,26,6,8,6,2,20,0,20
S01013232,Families with dependent children: Youngest aged 0 to 4,23,16,14,12,2,2,2,0,7,0,7
S01013232,Families with dependent children: Youngest aged 5 to 11,16,11,7,6,1,4,3,1,5,0,5
S01013232,Families with dependent children: Youngest aged 12 to 18,21,13,11,8,3,2,1,1,8,0,8
S01013233,All families in households,176,149,130,122,8,19,17,2,27,3,24
S01013233,Families with no dependent children,134,115,102,100,2,13,11,2,19,3,16
S01013233,Families with dependent children: Total,42,34,28,22,6,6,6,0,8,0,8
S01013233,Families with dependent children: Youngest aged 0 to 4,12,8,6,5,1,2,2,0,4,0,4
S01013233,Families with dependent children: Youngest aged 5 to 11,17,16,13,10,3,3,3,0,1,0,1
S01013233,Families with dependent children: Youngest aged 12 to 18,13,10,9,7,2,1,1,0,3,0,3
S01013234,All families in households,122,109,98,92,6,11,10,1,13,3,10
S01013234,Families with no dependent children,74,69,62,58,4,7,6,1,5,1,4
S01013234,Families with dependent children: Total,48,40,36,34,2,4,4,0,8,2,6
S01013234,Families with dependent children: Youngest aged 0 to 4,12,12,10,10,0,2,2,0,0,0,0
S01013234,Families with dependent children: Youngest aged 5 to 11,21,16,14,14,0,2,2,0,5,2,3
S01013234,Families with dependent children: Youngest aged 12 to 18,15,12,12,10,2,0,0,0,3,0,3
S01013235,All families in households,225,178,142,141,1,36,32,4,47,8,39
S01013235,Families with no dependent children,159,130,100,99,1,30,27,3,29,6,23
S01013235,Families with dependent children: Total,66,48,42,42,0,6,5,1,18,2,16
S01013235,Families with dependent children: Youngest aged 0 to 4,32,22,17,17,0,5,5,0,10,1,9
S01013235,Families with dependent children: Youngest aged 5 to 11,14,10,10,10,0,0,0,0,4,1,3
S01013235,Families with dependent children: Youngest aged 12 to 18,20,16,15,15,0,1,0,1,4,0,4
S01013236,All families in households,283,251,223,220,3,28,24,4,32,5,27
S01013236,Families with no dependent children,194,181,166,165,1,15,14,1,13,4,9
S01013236,Families with dependent children: Total,89,70,57,55,2,13,10,3,19,1,18
S01013236,Families with dependent children: Youngest aged 0 to 4,31,24,19,19,0,5,5,0,7,0,7
S01013236,Families with dependent children: Youngest aged 5 to 11,26,20,15,14,1,5,4,1,6,1,5
S01013236,Families with dependent children: Youngest aged 12 to 18,32,26,23,22,1,3,1,2,6,0,6
S01013237,All families in households,228,180,148,141,7,32,26,6,48,7,41
S01013237,Families with no dependent children,114,100,80,78,2,20,16,4,14,3,11
S01013237,Families with dependent children: Total,114,80,68,63,5,12,10,2,34,4,30
S01013237,Families with dependent children: Youngest aged 0 to 4,41,33,26,24,2,7,7,0,8,0,8
S01013237,Families with dependent children: Youngest aged 5 to 11,41,22,19,18,1,3,2,1,19,2,17
S01013237,Families with dependent children: Youngest aged 12 to 18,32,25,23,21,2,2,1,1,7,2,5
S01013238,All families in households,202,120,93,87,6,27,24,3,82,8,74
S01013238,Families with no dependent children,103,73,57,56,1,16,15,1,30,5,25
S01013238,Families with dependent children: Total,99,47,36,31,5,11,9,2,52,3,49
S01013238,Families with dependent children: Youngest aged 0 to 4,32,14,9,9,0,5,3,2,18,0,18
S01013238,Families with dependent children: Youngest aged 5 to 11,32,19,13,11,2,6,6,0,13,0,13
S01013238,Families with dependent children: Youngest aged 12 to 18,35,14,14,11,3,0,0,0,21,3,18
S01013239,All families in households,262,158,113,110,3,45,33,12,104,10,94
S01013239,Families with no dependent children,133,98,81,81,0,17,13,4,35,5,30
S01013239,Families with dependent children: Total,129,60,32,29,3,28,20,8,69,5,64
S01013239,Families with dependent children: Youngest aged 0 to 4,56,28,9,8,1,19,15,4,28,0,28
S01013239,Families with dependent children: Youngest aged 5 to 11,42,23,14,12,2,9,5,4,19,3,16
S01013239,Families with dependent children: Youngest aged 12 to 18,31,9,9,9,0,0,0,0,22,2,20
S01013240,All families in households,153,82,57,53,4,25,20,5,71,6,65
S01013240,Families with no dependent children,79,48,41,40,1,7,5,2,31,2,29
S01013240,Families with dependent children: Total,74,34,16,13,3,18,15,3,40,4,36
S01013240,Families with dependent children: Youngest aged 0 to 4,31,17,6,5,1,11,10,1,14,0,14
S01013240,Families with dependent children: Youngest aged 5 to 11,25,10,6,4,2,4,2,2,15,2,13
S01013240,Families with dependent children: Youngest aged 12 to 18,18,7,4,4,0,3,3,0,11,2,9
S01013241,All families in households,273,256,234,227,7,22,18,4,17,1,16
S01013241,Families with no dependent children,202,187,173,169,4,14,12,2,15,1,14
S01013241,Families with dependent children: Total,71,69,61,58,3,8,6,2,2,0,2
S01013241,Families with dependent children: Youngest aged 0 to 4,22,22,18,17,1,4,2,2,0,0,0
S01013241,Families with dependent children: Youngest aged 5 to 11,25,23,20,18,2,3,3,0,2,0,2
S01013241,Families with dependent children: Youngest aged 12 to 18,24,24,23,23,0,1,1,0,0,0,0
S01013242,All families in households,182,164,147,142,5,17,17,0,18,1,17
S01013242,Families with no dependent children,122,112,100,98,2,12,12,0,10,0,10
S01013242,Families with dependent children: Total,60,52,47,44,3,5,5,0,8,1,7
S01013242,Families with dependent children: Youngest aged 0 to 4,20,15,11,10,1,4,4,0,5,1,4
S01013242,Families with dependent children: Youngest aged 5 to 11,22,21,20,18,2,1,1,0,1,0,1
S01013242,Families with dependent children: Youngest aged 12 to 18,18,16,16,16,0,0,0,0,2,0,2
S01013243,All families in households,218,178,141,133,8,37,28,9,40,10,30
S01013243,Families with no dependent children,129,115,100,99,1,15,14,1,14,5,9
S01013243,Families with dependent children: Total,89,63,41,34,7,22,14,8,26,5,21
S01013243,Families with dependent children: Youngest aged 0 to 4,29,23,9,7,2,14,13,1,6,2,4
S01013243,Families with dependent children: Youngest aged 5 to 11,35,26,21,16,5,5,0,5,9,0,9
S01013243,Families with dependent children: Youngest aged 12 to 18,25,14,11,11,0,3,1,2,11,3,8
S01013244,All families in households,207,151,130,125,5,21,18,3,56,11,45
S01013244,Families with no dependent children,119,104,94,92,2,10,9,1,15,7,8
S01013244,Families with dependent children: Total,88,47,36,33,3,11,9,2,41,4,37
S01013244,Families with dependent children: Youngest aged 0 to 4,36,15,9,9,0,6,4,2,21,1,20
S01013244,Families with dependent children: Youngest aged 5 to 11,24,13,10,8,2,3,3,0,11,3,8
S01013244,Families with dependent children: Youngest aged 12 to 18,28,19,17,16,1,2,2,0,9,0,9
S01013245,All families in households,302,262,223,213,10,39,30,9,40,6,34
S01013245,Families with no dependent children,162,147,127,127,0,20,19,1,15,5,10
S01013245,Families with dependent children: Total,140,115,96,86,10,19,11,8,25,1,24
S01013245,Families with dependent children: Youngest aged 0 to 4,54,48,38,34,4,10,6,4,6,0,6
S01013245,Families with dependent children: Youngest aged 5 to 11,46,38,32,28,4,6,3,3,8,0,8
S01013245,Families with dependent children: Youngest aged 12 to 18,40,29,26,24,2,3,2,1,11,1,10
S01013246,All families in households,139,113,93,84,9,20,18,2,26,2,24
S01013246,Families with no dependent children,78,66,54,51,3,12,11,1,12,2,10
S01013246,Families with dependent children: Total,61,47,39,33,6,8,7,1,14,0,14
S01013246,Families with dependent children: Youngest aged 0 to 4,22,17,12,10,2,5,4,1,5,0,5
S01013246,Families with dependent children: Youngest aged 5 to 11,26,19,17,14,3,2,2,0,7,0,7
S01013246,Families with dependent children: Youngest aged 12 to 18,13,11,10,9,1,1,1,0,2,0,2
S01013247,All families in households,222,145,99,92,7,46,37,9,77,7,70
S01013247,Families with no dependent children,111,86,65,61,4,21,18,3,25,3,22
S01013247,Families with dependent children: Total,111,59,34,31,3,25,19,6,52,4,48
S01013247,Families with dependent children: Youngest aged 0 to 4,46,26,11,11,0,15,15,0,20,0,20
S01013247,Families with dependent children: Youngest aged 5 to 11,42,18,12,9,3,6,2,4,24,3,21
S01013247,Families with dependent children: Youngest aged 12 to 18,23,15,11,11,0,4,2,2,8,1,7
S01013248,All families in households,187,117,85,81,4,32,25,7,70,9,61
S01013248,Families with no dependent children,101,79,66,65,1,13,11,2,22,5,17
S01013248,Families with dependent children: Total,86,38,19,16,3,19,14,5,48,4,44
S01013248,Families with dependent children: Youngest aged 0 to 4,31,16,6,6,0,10,7,3,15,0,15
S01013248,Families with dependent children: Youngest aged 5 to 11,31,12,6,4,2,6,4,2,19,2,17
S01013248,Families with dependent children: Youngest aged 12 to 18,24,10,7,6,1,3,3,0,14,2,12
S01013249,All families in households,146,115,98,95,3,17,15,2,31,3,28
S01013249,Families with no dependent children,87,76,68,67,1,8,8,0,11,1,10
S01013249,Families with dependent children: Total,59,39,30,28,2,9,7,2,20,2,18
S01013249,Families with dependent children: Youngest aged 0 to 4,19,12,5,5,0,7,7,0,7,0,7
S01013249,Families with dependent children: Youngest aged 5 to 11,20,9,9,8,1,0,0,0,11,1,10
S01013249,Families with dependent children: Youngest aged 12 to 18,20,18,16,15,1,2,0,2,2,1,1
S01013250,All families in households,270,231,195,189,6,36,32,4,39,10,29
S01013250,Families with no dependent children,164,152,125,122,3,27,26,1,12,4,8
S01013250,Families with dependent children: Total,106,79,70,67,3,9,6,3,27,6,21
S01013250,Families with dependent children: Youngest aged 0 to 4,39,25,21,21,0,4,4,0,14,2,12
S01013250,Families with dependent children: Youngest aged 5 to 11,30,24,21,19,2,3,1,2,6,1,5
S01013250,Families with dependent children: Youngest aged 12 to 18,37,30,28,27,1,2,1,1,7,3,4
S01013251,All families in households,219,157,115,106,9,42,37,5,62,11,51
S01013251,Families with no dependent children,86,74,61,61,0,13,12,1,12,1,11
S01013251,Families with dependent children: Total,133,83,54,45,9,29,25,4,50,10,40
S01013251,Families with dependent children: Youngest aged 0 to 4,55,36,18,17,1,18,16,2,19,2,17
S01013251,Families with dependent children: Youngest aged 5 to 11,57,37,28,23,5,9,8,1,20,5,15
S01013251,Families with dependent children: Youngest aged 12 to 18,21,10,8,5,3,2,1,1,11,3,8
S01013252,All families in households,205,158,128,126,2,30,25,5,47,1,46
S01013252,Families with no dependent children,118,103,86,85,1,17,16,1,15,1,14
S01013252,Families with dependent children: Total,87,55,42,41,1,13,9,4,32,0,32
S01013252,Families with dependent children: Youngest aged 0 to 4,37,23,15,14,1,8,5,3,14,0,14
S01013252,Families with dependent children: Youngest aged 5 to 11,27,17,13,13,0,4,3,1,10,0,10
S01013252,Families with dependent children: Youngest aged 12 to 18,23,15,14,14,0,1,1,0,8,0,8
S01013253,All families in households,221,179,145,139,6,34,31,3,42,11,31
S01013253,Families with no dependent children,140,123,108,107,1,15,14,1,17,8,9
S01013253,Families with dependent children: Total,81,56,37,32,5,19,17,2,25,3,22
S01013253,Families with dependent children: Youngest aged 0 to 4,37,27,13,13,0,14,13,1,10,0,10
S01013253,Families with dependent children: Youngest aged 5 to 11,27,17,13,11,2,4,3,1,10,0,10
S01013253,Families with dependent children: Youngest aged 12 to 18,17,12,11,8,3,1,1,0,5,3,2
S01013254,All families in households,179,128,98,92,6,30,26,4,51,6,45
S01013254,Families with no dependent children,89,74,61,60,1,13,11,2,15,3,12
S01013254,Families with dependent children: Total,90,54,37,32,5,17,15,2,36,3,33
S01013254,Families with dependent children: Youngest aged 0 to 4,43,30,18,16,2,12,11,1,13,0,13
S01013254,Families with dependent children: Youngest aged 5 to 11,26,9,6,6,0,3,2,1,17,3,14
S01013254,Families with dependent children: Youngest aged 12 to 18,21,15,13,10,3,2,2,0,6,0,6
S01013255,All families in households,262,207,172,164,8,35,29,6,55,7,48
S01013255,Families with no dependent children,156,140,119,116,3,21,18,3,16,4,12
S01013255,Families with dependent children: Total,106,67,53,48,5,14,11,3,39,3,36
S01013255,Families with dependent children: Youngest aged 0 to 4,29,20,14,14,0,6,6,0,9,0,9
S01013255,Families with dependent children: Youngest aged 5 to 11,46,26,21,18,3,5,3,2,20,1,19
S01013255,Families with dependent children: Youngest aged 12 to 18,31,21,18,16,2,3,2,1,10,2,8
S01013256,All families in households,209,171,143,136,7,28,22,6,38,3,35
S01013256,Families with no dependent children,104,96,85,81,4,11,10,1,8,0,8
S01013256,Families with dependent children: Total,105,75,58,55,3,17,12,5,30,3,27
S01013256,Families with dependent children: Youngest aged 0 to 4,45,36,25,24,1,11,10,1,9,0,9
S01013256,Families with dependent children: Youngest aged 5 to 11,36,24,20,18,2,4,2,2,12,2,10
S01013256,Families with dependent children: Youngest aged 12 to 18,24,15,13,13,0,2,0,2,9,1,8
S01013257,All families in households,221,194,154,148,6,40,32,8,27,3,24
S01013257,Families with no dependent children,141,135,117,114,3,18,16,2,6,2,4
S01013257,Families with dependent children: Total,80,59,37,34,3,22,16,6,21,1,20
S01013257,Families with dependent children: Youngest aged 0 to 4,27,23,11,11,0,12,10,2,4,0,4
S01013257,Families with dependent children: Youngest aged 5 to 11,27,19,11,9,2,8,5,3,8,0,8
S01013257,Families with dependent children: Youngest aged 12 to 18,26,17,15,14,1,2,1,1,9,1,8
S01013258,All families in households,250,219,190,186,4,29,21,8,31,4,27
S01013258,Families with no dependent children,170,158,142,139,3,16,14,2,12,2,10
S01013258,Families with dependent children: Total,80,61,48,47,1,13,7,6,19,2,17
S01013258,Families with dependent children: Youngest aged 0 to 4,35,31,19,18,1,12,6,6,4,1,3
S01013258,Families with dependent children: Youngest aged 5 to 11,24,13,12,12,0,1,1,0,11,1,10
S01013258,Families with dependent children: Youngest aged 12 to 18,21,17,17,17,0,0,0,0,4,0,4
S01013259,All families in households,266,192,159,154,5,33,28,5,74,9,65
S01013259,Families with no dependent children,158,136,114,111,3,22,19,3,22,6,16
S01013259,Families with dependent children: Total,108,56,45,43,2,11,9,2,52,3,49
S01013259,Families with dependent children: Youngest aged 0 to 4,34,23,15,14,1,8,6,2,11,0,11
S01013259,Families with dependent children: Youngest aged 5 to 11,47,20,17,16,1,3,3,0,27,0,27
S01013259,Families with dependent children: Youngest aged 12 to 18,27,13,13,13,0,0,0,0,14,3,11
S01013260,All families in households,260,184,137,130,7,47,37,10,76,8,68
S01013260,Families with no dependent children,133,116,89,86,3,27,25,2,17,4,13
S01013260,Families with dependent children: Total,127,68,48,44,4,20,12,8,59,4,55
S01013260,Families with dependent children: Youngest aged 0 to 4,45,23,15,14,1,8,7,1,22,0,22
S01013260,Families with dependent children: Youngest aged 5 to 11,53,27,19,17,2,8,3,5,26,3,23
S01013260,Families with dependent children: Youngest aged 12 to 18,29,18,14,13,1,4,2,2,11,1,10
S01013261,All families in households,242,174,131,121,10,43,36,7,68,10,58
S01013261,Families with no dependent children,125,101,79,76,3,22,22,0,24,8,16
S01013261,Families with dependent children: Total,117,73,52,45,7,21,14,7,44,2,42
S01013261,Families with dependent children: Youngest aged 0 to 4,54,33,17,15,2,16,11,5,21,1,20
S01013261,Families with dependent children: Youngest aged 5 to 11,38,23,18,16,2,5,3,2,15,1,14
S01013261,Families with dependent children: Youngest aged 12 to 18,25,17,17,14,3,0,0,0,8,0,8
S01013262,All families in households,192,152,124,118,6,28,23,5,40,6,34
S01013262,Families with no dependent children,120,101,86,83,3,15,15,0,19,4,15
S01013262,Families with dependent children: Total,72,51,38,35,3,13,8,5,21,2,19
S01013262,Families with dependent children: Youngest aged 0 to 4,18,14,9,7,2,5,4,1,4,0,4
S01013262,Families with dependent children: Youngest aged 5 to 11,32,23,17,16,1,6,3,3,9,0,9
S01013262,Families with dependent children: Youngest aged 12 to 18,22,14,12,12,0,2,1,1,8,2,6
S01013263,All families in households,171,153,138,135,3,15,12,3,18,2,16
S01013263,Families with no dependent children,89,81,73,73,0,8,7,1,8,2,6
S01013263,Families with dependent children: Total,82,72,65,62,3,7,5,2,10,0,10
S01013263,Families with dependent children: Youngest aged 0 to 4,23,18,16,14,2,2,2,0,5,0,5
S01013263,Families with dependent children: Youngest aged 5 to 11,40,36,32,32,0,4,3,1,4,0,4
S01013263,Families with dependent children: Youngest aged 12 to 18,19,18,17,16,1,1,0,1,1,0,1
S01013264,All families in households,154,143,133,126,7,10,9,1,11,4,7
S01013264,Families with no dependent children,59,55,48,46,2,7,7,0,4,2,2
S01013264,Families with dependent children: Total,95,88,85,80,5,3,2,1,7,2,5
S01013264,Families with dependent children: Youngest aged 0 to 4,28,28,25,23,2,3,2,1,0,0,0
S01013264,Families with dependent children: Youngest aged 5 to 11,35,34,34,32,2,0,0,0,1,0,1
S01013264,Families with dependent children: Youngest aged 12 to 18,32,26,26,25,1,0,0,0,6,2,4
S01013265,All families in households,193,180,166,154,12,14,10,4,13,2,11
S01013265,Families with no dependent children,74,72,65,63,2,7,7,0,2,1,1
S01013265,Families with dependent children: Total,119,108,101,91,10,7,3,4,11,1,10
S01013265,Families with dependent children: Youngest aged 0 to 4,24,24,20,18,2,4,2,2,0,0,0
S01013265,Families with dependent children: Youngest aged 5 to 11,53,45,43,40,3,2,1,1,8,0,8
S01013265,Families with dependent children: Youngest aged 12 to 18,42,39,38,33,5,1,0,1,3,1,2
S01013266,All families in households,174,156,134,125,9,22,19,3,18,3,15
S01013266,Families with no dependent children,78,72,59,54,5,13,13,0,6,1,5
S01013266,Families with dependent children: Total,96,84,75,71,4,9,6,3,12,2,10
S01013266,Families with dependent children: Youngest aged 0 to 4,35,31,25,25,0,6,5,1,4,0,4
S01013266,Families with dependent children: Youngest aged 5 to 11,35,30,28,25,3,2,1,1,5,1,4
S01013266,Families with dependent children: Youngest aged 12 to 18,26,23,22,21,1,1,0,1,3,1,2
S01013267,All families in households,162,120,94,89,5,26,18,8,42,3,39
S01013267,Families with no dependent children,82,74,62,60,2,12,11,1,8,1,7
S01013267,Families with dependent children: Total,80,46,32,29,3,14,7,7,34,2,32
S01013267,Families with dependent children: Youngest aged 0 to 4,21,13,4,4,0,9,6,3,8,0,8
S01013267,Families with dependent children: Youngest aged 5 to 11,26,12,10,8,2,2,0,2,14,1,13
S01013267,Families with dependent children: Youngest aged 12 to 18,33,21,18,17,1,3,1,2,12,1,11
S01013268,All families in households,257,195,158,146,12,37,29,8,62,5,57
S01013268,Families with no dependent children,139,124,106,100,6,18,18,0,15,1,14
S01013268,Families with dependent children: Total,118,71,52,46,6,19,11,8,47,4,43
S01013268,Families with dependent children: Youngest aged 0 to 4,45,29,18,16,2,11,6,5,16,1,15
S01013268,Families with dependent children: Youngest aged 5 to 11,30,19,14,11,3,5,2,3,11,1,10
S01013268,Families with dependent children: Youngest aged 12 to 18,43,23,20,19,1,3,3,0,20,2,18
S01013269,All families in households,297,263,206,199,7,57,51,6,34,5,29
S01013269,Families with no dependent children,154,149,116,115,1,33,31,2,5,0,5
S01013269,Families with dependent children: Total,143,114,90,84,6,24,20,4,29,5,24
S01013269,Families with dependent children: Youngest aged 0 to 4,60,52,36,35,1,16,15,1,8,1,7
S01013269,Families with dependent children: Youngest aged 5 to 11,48,37,33,31,2,4,4,0,11,1,10
S01013269,Families with dependent children: Youngest aged 12 to 18,35,25,21,18,3,4,1,3,10,3,7
S01013270,All families in households,248,235,217,207,10,18,16,2,13,0,13
S01013270,Families with no dependent children,113,109,100,100,0,9,9,0,4,0,4
S01013270,Families with dependent children: Total,135,126,117,107,10,9,7,2,9,0,9
S01013270,Families with dependent children: Youngest aged 0 to 4,37,36,32,31,1,4,4,0,1,0,1
S01013270,Families with dependent children: Youngest aged 5 to 11,57,55,50,45,5,5,3,2,2,0,2
S01013270,Families with dependent children: Youngest aged 12 to 18,41,35,35,31,4,0,0,0,6,0,6
S01013271,All families in households,206,194,179,175,4,15,12,3,12,4,8
S01013271,Families with no dependent children,143,138,127,127,0,11,11,0,5,2,3
S01013271,Families with dependent children: Total,63,56,52,48,4,4,1,3,7,2,5
S01013271,Families with dependent children: Youngest aged 0 to 4,22,20,19,17,2,1,1,0,2,1,1
S01013271,Families with dependent children: Youngest aged 5 to 11,18,15,13,13,0,2,0,2,3,0,3
S01013271,Families with dependent children: Youngest aged 12 to 18,23,21,20,18,2,1,0,1,2,1,1
S01013272,All families in households,232,210,192,183,9,18,16,2,22,4,18
S01013272,Families with no dependent children,98,94,78,77,1,16,14,2,4,3,1
S01013272,Families with dependent children: Total,134,116,114,106,8,2,2,0,18,1,17
S01013272,Families with dependent children: Youngest aged 0 to 4,35,32,31,29,2,1,1,0,3,0,3
S01013272,Families with dependent children: Youngest aged 5 to 11,54,45,44,42,2,1,1,0,9,1,8
S01013272,Families with dependent children: Youngest aged 12 to 18,45,39,39,35,4,0,0,0,6,0,6
S01013273,All families in households,272,251,227,215,12,24,19,5,21,7,14
S01013273,Families with no dependent children,87,84,71,66,5,13,12,1,3,1,2
S01013273,Families with dependent children: Total,185,167,156,149,7,11,7,4,18,6,12
S01013273,Families with dependent children: Youngest aged 0 to 4,70,61,55,52,3,6,6,0,9,2,7
S01013273,Families with dependent children: Youngest aged 5 to 11,75,69,65,61,4,4,1,3,6,3,3
S01013273,Families with dependent children: Youngest aged 12 to 18,40,37,36,36,0,1,0,1,3,1,2
S01013274,All families in households,261,219,190,184,6,29,21,8,42,7,35
S01013274,Families with no dependent children,173,160,142,141,1,18,16,2,13,3,10
S01013274,Families with dependent children: Total,88,59,48,43,5,11,5,6,29,4,25
S01013274,Families with dependent children: Youngest aged 0 to 4,29,21,17,16,1,4,3,1,8,0,8
S01013274,Families with dependent children: Youngest aged 5 to 11,20,15,12,10,2,3,1,2,5,1,4
S01013274,Families with dependent children: Youngest aged 12 to 18,39,23,19,17,2,4,1,3,16,3,13
S01013275,All families in households,210,182,160,154,6,22,18,4,28,8,20
S01013275,Families with no dependent children,112,104,95,94,1,9,8,1,8,2,6
S01013275,Families with dependent children: Total,98,78,65,60,5,13,10,3,20,6,14
S01013275,Families with dependent children: Youngest aged 0 to 4,35,32,26,26,0,6,6,0,3,0,3
S01013275,Families with dependent children: Youngest aged 5 to 11,29,22,18,18,0,4,3,1,7,1,6
S01013275,Families with dependent children: Youngest aged 12 to 18,34,24,21,16,5,3,1,2,10,5,5
S01013276,All families in households,190,172,148,141,7,24,18,6,18,6,12
S01013276,Families with no dependent children,107,102,93,89,4,9,7,2,5,1,4
S01013276,Families with dependent children: Total,83,70,55,52,3,15,11,4,13,5,8
S01013276,Families with dependent children: Youngest aged 0 to 4,22,21,14,12,2,7,6,1,1,0,1
S01013276,Families with dependent children: Youngest aged 5 to 11,31,24,19,18,1,5,3,2,7,2,5
S01013276,Families with dependent children: Youngest aged 12 to 18,30,25,22,22,0,3,2,1,5,3,2
S01013277,All families in households,281,202,172,163,9,30,26,4,79,10,69
S01013277,Families with no dependent children,162,133,118,114,4,15,13,2,29,7,22
S01013277,Families with dependent children: Total,119,69,54,49,5,15,13,2,50,3,47
S01013277,Families with dependent children: Youngest aged 0 to 4,45,29,20,19,1,9,9,0,16,0,16
S01013277,Families with dependent children: Youngest aged 5 to 11,37,19,14,12,2,5,3,2,18,1,17
S01013277,Families with dependent children: Youngest aged 12 to 18,37,21,20,18,2,1,1,0,16,2,14
S01013278,All families in households,224,161,122,112,10,39,33,6,63,4,59
S01013278,Families with no dependent children,114,98,77,75,2,21,20,1,16,3,13
S01013278,Families with dependent children: Total,110,63,45,37,8,18,13,5,47,1,46
S01013278,Families with dependent children: Youngest aged 0 to 4,38,25,13,11,2,12,10,2,13,0,13
S01013278,Families with dependent children: Youngest aged 5 to 11,43,23,19,15,4,4,2,2,20,0,20
S01013278,Families with dependent children: Youngest aged 12 to 18,29,15,13,11,2,2,1,1,14,1,13
S01013279,All families in households,212,130,95,88,7,35,23,12,82,12,70
S01013279,Families with no dependent children,98,73,59,57,2,14,11,3,25,6,19
S01013279,Families with dependent children: Total,114,57,36,31,5,21,12,9,57,6,51
S01013279,Families with dependent children: Youngest aged 0 to 4,42,28,15,12,3,13,9,4,14,2,12
S01013279,Families with dependent children: Youngest aged 5 to 11,40,17,11,10,1,6,3,3,23,4,19
S01013279,Families with dependent children: Youngest aged 12 to 18,32,12,10,9,1,2,0,2,20,0,20
S01013280,All families in households,166,145,126,122,4,19,11,8,21,3,18
S01013280,Families with no dependent children,95,90,83,81,2,7,6,1,5,2,3
S01013280,Families with dependent children: Total,71,55,43,41,2,12,5,7,16,1,15
S01013280,Families with dependent children: Youngest aged 0 to 4,26,24,18,16,2,6,3,3,2,0,2
S01013280,Families with dependent children: Youngest aged 5 to 11,28,16,12,12,0,4,1,3,12,0,12
S01013280,Families with dependent children: Youngest aged 12 to 18,17,15,13,13,0,2,1,1,2,1,1
S01013281,All families in households,273,207,164,152,12,43,31,12,66,8,58
S01013281,Families with no dependent children,144,124,99,95,4,25,20,5,20,4,16
S01013281,Families with dependent children: Total,129,83,65,57,8,18,11,7,46,4,42
S01013281,Families with dependent children: Youngest aged 0 to 4,60,38,28,25,3,10,8,2,22,2,20
S01013281,Families with dependent children: Youngest aged 5 to 11,42,28,23,21,2,5,2,3,14,2,12
S01013281,Families with dependent children: Youngest aged 12 to 18,27,17,14,11,3,3,1,2,10,0,10
S01013282,All families in households,216,153,102,93,9,51,38,13,63,5,58
S01013282,Families with no dependent children,98,80,53,52,1,27,24,3,18,4,14
S01013282,Families with dependent children: Total,118,73,49,41,8,24,14,10,45,1,44
S01013282,Families with dependent children: Youngest aged 0 to 4,45,27,19,16,3,8,4,4,18,0,18
S01013282,Families with dependent children: Youngest aged 5 to 11,51,30,16,13,3,14,8,6,21,1,20
S01013282,Families with dependent children: Youngest aged 12 to 18,22,16,14,12,2,2,2,0,6,0,6
S01013283,All families in households,182,143,86,79,7,57,53,4,39,2,37
S01013283,Families with no dependent children,109,99,54,50,4,45,44,1,10,1,9
S01013283,Families with dependent children: Total,73,44,32,29,3,12,9,3,29,1,28
S01013283,Families with dependent children: Youngest aged 0 to 4,40,27,19,18,1,8,7,1,13,1,12
S01013283,Families with dependent children: Youngest aged 5 to 11,13,5,4,4,0,1,1,0,8,0,8
S01013283,Families with dependent children: Youngest aged 12 to 18,20,12,9,7,2,3,1,2,8,0,8
S01013284,All families in households,203,177,141,137,4,36,35,1,26,3,23
S01013284,Families with no dependent children,121,113,85,84,1,28,28,0,8,1,7
S01013284,Families with dependent children: Total,82,64,56,53,3,8,7,1,18,2,16
S01013284,Families with dependent children: Youngest aged 0 to 4,30,25,18,18,0,7,7,0,5,0,5
S01013284,Families with dependent children: Youngest aged 5 to 11,27,22,22,21,1,0,0,0,5,0,5
S01013284,Families with dependent children: Youngest aged 12 to 18,25,17,16,14,2,1,0,1,8,2,6
S01013285,All families in households,208,168,130,125,5,38,35,3,40,7,33
S01013285,Families with no dependent children,121,109,85,83,2,24,23,1,12,4,8
S01013285,Families with dependent children: Total,87,59,45,42,3,14,12,2,28,3,25
S01013285,Families with dependent children: Youngest aged 0 to 4,34,25,15,13,2,10,8,2,9,1,8
S01013285,Families with dependent children: Youngest aged 5 to 11,32,22,18,18,0,4,4,0,10,1,9
S01013285,Families with dependent children: Youngest aged 12 to 18,21,12,12,11,1,0,0,0,9,1,8
S01013286,All families in households,216,184,152,152,0,32,27,5,32,4,28
S01013286,Families with no dependent children,130,120,96,96,0,24,23,1,10,1,9
S01013286,Families with dependent children: Total,86,64,56,56,0,8,4,4,22,3,19
S01013286,Families with dependent children: Youngest aged 0 to 4,32,23,19,19,0,4,2,2,9,1,8
S01013286,Families with dependent children: Youngest aged 5 to 11,24,16,14,14,0,2,0,2,8,2,6
S01013286,Families with dependent children: Youngest aged 12 to 18,30,25,23,23,0,2,2,0,5,0,5
S01013287,All families in households,239,213,185,179,6,28,22,6,26,6,20
S01013287,Families with no dependent children,128,117,102,99,3,15,14,1,11,4,7
S01013287,Families with dependent children: Total,111,96,83,80,3,13,8,5,15,2,13
S01013287,Families with dependent children: Youngest aged 0 to 4,24,21,16,16,0,5,4,1,3,0,3
S01013287,Families with dependent children: Youngest aged 5 to 11,42,36,30,28,2,6,3,3,6,1,5
S01013287,Families with dependent children: Youngest aged 12 to 18,45,39,37,36,1,2,1,1,6,1,5
S01013288,All families in households,192,157,120,116,4,37,34,3,35,8,27
S01013288,Families with no dependent children,103,90,68,67,1,22,22,0,13,4,9
S01013288,Families with dependent children: Total,89,67,52,49,3,15,12,3,22,4,18
S01013288,Families with dependent children: Youngest aged 0 to 4,36,27,16,15,1,11,9,2,9,0,9
S01013288,Families with dependent children: Youngest aged 5 to 11,23,19,18,16,2,1,1,0,4,1,3
S01013288,Families with dependent children: Youngest aged 12 to 18,30,21,18,18,0,3,2,1,9,3,6
S01013289,All families in households,234,210,186,182,4,24,23,1,24,4,20
S01013289,Families with no dependent children,130,124,111,110,1,13,13,0,6,1,5
S01013289,Families with dependent children: Total,104,86,75,72,3,11,10,1,18,3,15
S01013289,Families with dependent children: Youngest aged 0 to 4,29,28,19,17,2,9,8,1,1,1,0
S01013289,Families with dependent children: Youngest aged 5 to 11,40,28,28,28,0,0,0,0,12,0,12
S01013289,Families with dependent children: Youngest aged 12 to 18,35,30,28,27,1,2,2,0,5,2,3
S01013290,All families in households,261,213,178,169,9,35,27,8,48,12,36
S01013290,Families with no dependent children,118,101,82,79,3,19,18,1,17,8,9
S01013290,Families with dependent children: Total,143,112,96,90,6,16,9,7,31,4,27
S01013290,Families with dependent children: Youngest aged 0 to 4,55,47,42,40,2,5,4,1,8,0,8
S01013290,Families with dependent children: Youngest aged 5 to 11,51,40,35,31,4,5,3,2,11,2,9
S01013290,Families with dependent children: Youngest aged 12 to 18,37,25,19,19,0,6,2,4,12,2,10
S01013291,All families in households,220,182,152,146,6,30,25,5,38,5,33
S01013291,Families with no dependent children,94,84,71,67,4,13,12,1,10,2,8
S01013291,Families with dependent children: Total,126,98,81,79,2,17,13,4,28,3,25
S01013291,Families with dependent children: Youngest aged 0 to 4,38,34,24,24,0,10,8,2,4,0,4
S01013291,Families with dependent children: Youngest aged 5 to 11,53,38,34,33,1,4,3,1,15,1,14
S01013291,Families with dependent children: Youngest aged 12 to 18,35,26,23,22,1,3,2,1,9,2,7
S01013292,All families in households,236,202,177,170,7,25,24,1,34,7,27
S01013292,Families with no dependent children,157,143,122,119,3,21,20,1,14,3,11
S01013292,Families with dependent children: Total,79,59,55,51,4,4,4,0,20,4,16
S01013292,Families with dependent children: Youngest aged 0 to 4,23,17,15,15,0,2,2,0,6,0,6
S01013292,Families with dependent children: Youngest aged 5 to 11,25,20,18,18,0,2,2,0,5,2,3
S01013292,Families with dependent children: Youngest aged 12 to 18,31,22,22,18,4,0,0,0,9,2,7
S01013293,All families in households,225,205,182,176,6,23,18,5,20,5,15
S01013293,Families with no dependent children,123,118,106,105,1,12,10,2,5,2,3
S01013293,Families with dependent children: Total,102,87,76,71,5,11,8,3,15,3,12
S01013293,Families with dependent children: Youngest aged 0 to 4,23,21,17,17,0,4,4,0,2,0,2
S01013293,Families with dependent children: Youngest aged 5 to 11,31,27,25,25,0,2,2,0,4,0,4
S01013293,Families with dependent children: Youngest aged 12 to 18,48,39,34,29,5,5,2,3,9,3,6
S01013294,All families in households,223,174,142,137,5,32,27,5,49,14,35
S01013294,Families with no dependent children,124,108,86,84,2,22,19,3,16,6,10
S01013294,Families with dependent children: Total,99,66,56,53,3,10,8,2,33,8,25
S01013294,Families with dependent children: Youngest aged 0 to 4,29,19,13,12,1,6,5,1,10,1,9
S01013294,Families with dependent children: Youngest aged 5 to 11,37,23,19,18,1,4,3,1,14,2,12
S01013294,Families with dependent children: Youngest aged 12 to 18,33,24,24,23,1,0,0,0,9,5,4
S01013295,All families in households,230,189,157,154,3,32,29,3,41,8,33
S01013295,Families with no dependent children,140,123,102,100,2,21,18,3,17,4,13
S01013295,Families with dependent children: Total,90,66,55,54,1,11,11,0,24,4,20
S01013295,Families with dependent children: Youngest aged 0 to 4,25,21,14,14,0,7,7,0,4,0,4
S01013295,Families with dependent children: Youngest aged 5 to 11,29,22,19,19,0,3,3,0,7,1,6
S01013295,Families with dependent children: Youngest aged 12 to 18,36,23,22,21,1,1,1,0,13,3,10
S01013296,All families in households,215,146,123,114,9,23,18,5,69,9,60
S01013296,Families with no dependent children,145,112,97,89,8,15,13,2,33,7,26
S01013296,Families with dependent children: Total,70,34,26,25,1,8,5,3,36,2,34
S01013296,Families with dependent children: Youngest aged 0 to 4,16,9,3,3,0,6,5,1,7,0,7
S01013296,Families with dependent children: Youngest aged 5 to 11,28,13,13,13,0,0,0,0,15,1,14
S01013296,Families with dependent children: Youngest aged 12 to 18,26,12,10,9,1,2,0,2,14,1,13
S01013297,All families in households,203,165,132,129,3,33,31,2,38,8,30
S01013297,Families with no dependent children,118,102,85,84,1,17,16,1,16,2,14
S01013297,Families with dependent children: Total,85,63,47,45,2,16,15,1,22,6,16
S01013297,Families with dependent children: Youngest aged 0 to 4,28,25,17,16,1,8,7,1,3,0,3
S01013297,Families with dependent children: Youngest aged 5 to 11,25,16,13,13,0,3,3,0,9,2,7
S01013297,Families with dependent children: Youngest aged 12 to 18,32,22,17,16,1,5,5,0,10,4,6
S01013298,All families in households,205,161,136,129,7,25,22,3,44,4,40
S01013298,Families with no dependent children,137,119,99,95,4,20,19,1,18,3,15
S01013298,Families with dependent children: Total,68,42,37,34,3,5,3,2,26,1,25
S01013298,Families with dependent children: Youngest aged 0 to 4,25,15,14,13,1,1,1,0,10,0,10
S01013298,Families with dependent children: Youngest aged 5 to 11,18,11,8,7,1,3,2,1,7,0,7
S01013298,Families with dependent children: Youngest aged 12 to 18,25,16,15,14,1,1,0,1,9,1,8
S01013299,All families in households,313,250,209,201,8,41,35,6,63,3,60
S01013299,Families with no dependent children,168,151,133,128,5,18,17,1,17,2,15
S01013299,Families with dependent children: Total,145,99,76,73,3,23,18,5,46,1,45
S01013299,Families with dependent children: Youngest aged 0 to 4,56,39,26,26,0,13,12,1,17,0,17
S01013299,Families with dependent children: Youngest aged 5 to 11,40,30,23,21,2,7,6,1,10,0,10
S01013299,Families with dependent children: Youngest aged 12 to 18,49,30,27,26,1,3,0,3,19,1,18
S01013300,All families in households,165,136,108,105,3,28,25,3,29,3,26
S01013300,Families with no dependent children,112,97,77,76,1,20,18,2,15,3,12
S01013300,Families with dependent children: Total,53,39,31,29,2,8,7,1,14,0,14
S01013300,Families with dependent children: Youngest aged 0 to 4,16,13,7,6,1,6,6,0,3,0,3
S01013300,Families with dependent children: Youngest aged 5 to 11,17,13,12,11,1,1,0,1,4,0,4
S01013300,Families with dependent children: Youngest aged 12 to 18,20,13,12,12,0,1,1,0,7,0,7
S01013301,All families in households,151,113,89,86,3,24,22,2,38,5,33
S01013301,Families with no dependent children,100,85,70,69,1,15,14,1,15,1,14
S01013301,Families with dependent children: Total,51,28,19,17,2,9,8,1,23,4,19
S01013301,Families with dependent children: Youngest aged 0 to 4,19,16,9,8,1,7,6,1,3,0,3
S01013301,Families with dependent children: Youngest aged 5 to 11,22,6,4,4,0,2,2,0,16,3,13
S01013301,Families with dependent children: Youngest aged 12 to 18,10,6,6,5,1,0,0,0,4,1,3
S01013302,All families in households,190,175,146,142,4,29,27,2,15,3,12
S01013302,Families with no dependent children,119,117,99,96,3,18,18,0,2,0,2
S01013302,Families with dependent children: Total,71,58,47,46,1,11,9,2,13,3,10
S01013302,Families with dependent children: Youngest aged 0 to 4,25,20,11,11,0,9,9,0,5,2,3
S01013302,Families with dependent children: Youngest aged 5 to 11,26,19,19,18,1,0,0,0,7,1,6
S01013302,Families with dependent children: Youngest aged 12 to 18,20,19,17,17,0,2,0,2,1,0,1
S01013303,All families in households,271,238,200,191,9,38,32,6,33,8,25
S01013303,Families with no dependent children,192,174,147,143,4,27,25,2,18,6,12
S01013303,Families with dependent children: Total,79,64,53,48,5,11,7,4,15,2,13
S01013303,Families with dependent children: Youngest aged 0 to 4,20,16,13,12,1,3,2,1,4,1,3
S01013303,Families with dependent children: Youngest aged 5 to 11,34,28,23,20,3,5,3,2,6,1,5
S01013303,Families with dependent children: Youngest aged 12 to 18,25,20,17,16,1,3,2,1,5,0,5
S01013304,All families in households,251,177,126,113,13,51,38,13,74,11,63
S01013304,Families with no dependent children,131,105,77,71,6,28,25,3,26,5,21
S01013304,Families with dependent children: Total,120,72,49,42,7,23,13,10,48,6,42
S01013304,Families with dependent children: Youngest aged 0 to 4,43,23,17,15,2,6,6,0,20,2,18
S01013304,Families with dependent children: Youngest aged 5 to 11,34,22,10,9,1,12,6,6,12,2,10
S01013304,Families with dependent children: Youngest aged 12 to 18,43,27,22,18,4,5,1,4,16,2,14
S01013305,All families in households,282,217,141,130,11,76,72,4,65,10,55
S01013305,Families with no dependent children,178,156,99,95,4,57,56,1,22,10,12
S01013305,Families with dependent children: Total,104,61,42,35,7,19,16,3,43,0,43
S01013305,Families with dependent children: Youngest aged 0 to 4,39,25,14,13,1,11,10,1,14,0,14
S01013305,Families with dependent children: Youngest aged 5 to 11,36,19,13,11,2,6,4,2,17,0,17
S01013305,Families with dependent children: Youngest aged 12 to 18,29,17,15,11,4,2,2,0,12,0,12
S01013306,All families in households,234,138,69,65,4,69,58,11,96,7,89
S01013306,Families with no dependent children,112,93,49,47,2,44,43,1,19,4,15
S01013306,Families with dependent children: Total,122,45,20,18,2,25,15,10,77,3,74
S01013306,Families with dependent children: Youngest aged 0 to 4,60,23,10,9,1,13,8,5,37,1,36
S01013306,Families with dependent children: Youngest aged 5 to 11,35,11,4,3,1,7,4,3,24,0,24
S01013306,Families with dependent children: Youngest aged 12 to 18,27,11,6,6,0,5,3,2,16,2,14
S01013307,All families in households,297,218,142,137,5,76,61,15,79,9,70
S01013307,Families with no dependent children,152,126,87,86,1,39,38,1,26,3,23
S01013307,Families with dependent children: Total,145,92,55,51,4,37,23,14,53,6,47
S01013307,Families with dependent children: Youngest aged 0 to 4,66,46,26,24,2,20,15,5,20,3,17
S01013307,Families with dependent children: Youngest aged 5 to 11,38,23,13,12,1,10,6,4,15,0,15
S01013307,Families with dependent children: Youngest aged 12 to 18,41,23,16,15,1,7,2,5,18,3,15
S01013308,All families in households,264,144,93,82,11,51,41,10,120,6,114
S01013308,Families with no dependent children,99,67,47,46,1,20,19,1,32,4,28
S01013308,Families with dependent children: Total,165,77,46,36,10,31,22,9,88,2,86
S01013308,Families with dependent children: Youngest aged 0 to 4,69,35,19,15,4,16,11,5,34,0,34
S01013308,Families with dependent children: Youngest aged 5 to 11,62,26,15,12,3,11,8,3,36,0,36
S01013308,Families with dependent children: Youngest aged 12 to 18,34,16,12,9,3,4,3,1,18,2,16
S01013309,All families in households,178,150,126,117,9,24,21,3,28,2,26
S01013309,Families with no dependent children,90,85,68,66,2,17,17,0,5,1,4
S01013309,Families with dependent children: Total,88,65,58,51,7,7,4,3,23,1,22
S01013309,Families with dependent children: Youngest aged 0 to 4,25,18,16,14,2,2,2,0,7,0,7
S01013309,Families with dependent children: Youngest aged 5 to 11,32,28,25,22,3,3,2,1,4,0,4
S01013309,Families with dependent children: Youngest aged 12 to 18,31,19,17,15,2,2,0,2,12,1,11
S01013310,All families in households,200,158,122,112,10,36,23,13,42,7,35
S01013310,Families with no dependent children,94,83,72,70,2,11,10,1,11,2,9
S01013310,Families with dependent children: Total,106,75,50,42,8,25,13,12,31,5,26
S01013310,Families with dependent children: Youngest aged 0 to 4,33,27,17,16,1,10,7,3,6,0,6
S01013310,Families with dependent children: Youngest aged 5 to 11,34,24,14,13,1,10,5,5,10,2,8
S01013310,Families with dependent children: Youngest aged 12 to 18,39,24,19,13,6,5,1,4,15,3,12
S01013311,All families in households,233,172,135,122,13,37,28,9,61,3,58
S01013311,Families with no dependent children,124,109,91,89,2,18,16,2,15,0,15
S01013311,Families with dependent children: Total,109,63,44,33,11,19,12,7,46,3,43
S01013311,Families with dependent children: Youngest aged 0 to 4,39,28,16,12,4,12,6,6,11,0,11
S01013311,Families with dependent children: Youngest aged 5 to 11,36,22,18,14,4,4,4,0,14,0,14
S01013311,Families with dependent children: Youngest aged 12 to 18,34,13,10,7,3,3,2,1,21,3,18
S01013312,All families in households,287,219,165,158,7,54,50,4,68,13,55
S01013312,Families with no dependent children,157,133,103,99,4,30,30,0,24,7,17
S01013312,Families with dependent children: Total,130,86,62,59,3,24,20,4,44,6,38
S01013312,Families with dependent children: Youngest aged 0 to 4,54,39,22,20,2,17,14,3,15,0,15
S01013312,Families with dependent children: Youngest aged 5 to 11,42,27,23,22,1,4,3,1,15,0,15
S01013312,Families with dependent children: Youngest aged 12 to 18,34,20,17,17,0,3,3,0,14,6,8
S01013313,All families in households,196,150,103,97,6,47,37,10,46,4,42
S01013313,Families with no dependent children,106,92,66,63,3,26,25,1,14,2,12
S01013313,Families with dependent children: Total,90,58,37,34,3,21,12,9,32,2,30
S01013313,Families with dependent children: Youngest aged 0 to 4,37,26,14,12,2,12,9,3,11,0,11
S01013313,Families with dependent children: Youngest aged 5 to 11,30,20,13,13,0,7,2,5,10,1,9
S01013313,Families with dependent children: Youngest aged 12 to 18,23,12,10,9,1,2,1,1,11,1,10
S01013314,All families in households,207,129,94,88,6,35,29,6,78,7,71
S01013314,Families with no dependent children,122,90,68,68,0,22,21,1,32,6,26
S01013314,Families with dependent children: Total,85,39,26,20,6,13,8,5,46,1,45
S01013314,Families with dependent children: Youngest aged 0 to 4,28,18,10,9,1,8,5,3,10,1,9
S01013314,Families with dependent children: Youngest aged 5 to 11,35,13,11,8,3,2,2,0,22,0,22
S01013314,Families with dependent children: Youngest aged 12 to 18,22,8,5,3,2,3,1,2,14,0,14
S01013315,All families in households,170,164,149,142,7,15,9,6,6,1,5
S01013315,Families with no dependent children,55,54,52,49,3,2,2,0,1,0,1
S01013315,Families with dependent children: Total,115,110,97,93,4,13,7,6,5,1,4
S01013315,Families with dependent children: Youngest aged 0 to 4,50,50,42,41,1,8,6,2,0,0,0
S01013315,Families with dependent children: Youngest aged 5 to 11,41,38,37,36,1,1,0,1,3,0,3
S01013315,Families with dependent children: Youngest aged 12 to 18,24,22,18,16,2,4,1,3,2,1,1
S01013316,All families in households,213,191,172,163,9,19,16,3,22,1,21
S01013316,Families with no dependent children,146,141,132,128,4,9,9,0,5,1,4
S01013316,Families with dependent children: Total,67,50,40,35,5,10,7,3,17,0,17
S01013316,Families with dependent children: Youngest aged 0 to 4,27,21,15,13,2,6,5,1,6,0,6
S01013316,Families with dependent children: Youngest aged 5 to 11,25,18,16,13,3,2,1,1,7,0,7
S01013316,Families with dependent children: Youngest aged 12 to 18,15,11,9,9,0,2,1,1,4,0,4
S01013317,All families in households,169,147,127,124,3,20,19,1,22,6,16
S01013317,Families with no dependent children,115,108,93,92,1,15,15,0,7,4,3
S01013317,Families with dependent children: Total,54,39,34,32,2,5,4,1,15,2,13
S01013317,Families with dependent children: Youngest aged 0 to 4,20,14,12,11,1,2,2,0,6,1,5
S01013317,Families with dependent children: Youngest aged 5 to 11,12,7,5,5,0,2,1,1,5,0,5
S01013317,Families with dependent children: Youngest aged 12 to 18,22,18,17,16,1,1,1,0,4,1,3
S01013318,All families in households,188,171,138,131,7,33,29,4,17,1,16
S01013318,Families with no dependent children,103,99,73,71,2,26,24,2,4,1,3
S01013318,Families with dependent children: Total,85,72,65,60,5,7,5,2,13,0,13
S01013318,Families with dependent children: Youngest aged 0 to 4,33,30,28,27,1,2,2,0,3,0,3
S01013318,Families with dependent children: Youngest aged 5 to 11,33,27,22,20,2,5,3,2,6,0,6
S01013318,Families with dependent children: Youngest aged 12 to 18,19,15,15,13,2,0,0,0,4,0,4
S01013319,All families in households,174,135,117,110,7,18,15,3,39,6,33
S01013319,Families with no dependent children,80,69,59,55,4,10,9,1,11,2,9
S01013319,Families with dependent children: Total,94,66,58,55,3,8,6,2,28,4,24
S01013319,Families with dependent children: Youngest aged 0 to 4,34,24,21,20,1,3,3,0,10,1,9
S01013319,Families with dependent children: Youngest aged 5 to 11,38,28,25,23,2,3,1,2,10,3,7
S01013319,Families with dependent children: Youngest aged 12 to 18,22,14,12,12,0,2,2,0,8,0,8
S01013320,All families in households,307,270,219,204,15,51,38,13,37,2,35
S01013320,Families with no dependent children,115,107,77,73,4,30,27,3,8,1,7
S01013320,Families with dependent children: Total,192,163,142,131,11,21,11,10,29,1,28
S01013320,Families with dependent children: Youngest aged 0 to 4,79,74,65,63,2,9,7,2,5,0,5
S01013320,Families with dependent children: Youngest aged 5 to 11,65,52,43,40,3,9,4,5,13,0,13
S01013320,Families with dependent children: Youngest aged 12 to 18,48,37,34,28,6,3,0,3,11,1,10
S01013321,All families in households,120,93,62,61,1,31,26,5,27,2,25
S01013321,Families with no dependent children,77,67,47,47,0,20,17,3,10,1,9
S01013321,Families with dependent children: Total,43,26,15,14,1,11,9,2,17,1,16
S01013321,Families with dependent children: Youngest aged 0 to 4,19,16,8,8,0,8,7,1,3,0,3
S01013321,Families with dependent children: Youngest aged 5 to 11,9,3,2,1,1,1,1,0,6,1,5
S01013321,Families with dependent children: Youngest aged 12 to 18,15,7,5,5,0,2,1,1,8,0,8
S01013322,All families in households,215,168,141,129,12,27,18,9,47,3,44
S01013322,Families with no dependent children,109,97,86,81,5,11,9,2,12,1,11
S01013322,Families with dependent children: Total,106,71,55,48,7,16,9,7,35,2,33
S01013322,Families with dependent children: Youngest aged 0 to 4,35,21,14,11,3,7,4,3,14,0,14
S01013322,Families with dependent children: Youngest aged 5 to 11,29,23,16,14,2,7,4,3,6,0,6
S01013322,Families with dependent children: Youngest aged 12 to 18,42,27,25,23,2,2,1,1,15,2,13
S01013323,All families in households,279,204,155,149,6,49,36,13,75,12,63
S01013323,Families with no dependent children,149,128,100,95,5,28,25,3,21,5,16
S01013323,Families with dependent children: Total,130,76,55,54,1,21,11,10,54,7,47
S01013323,Families with dependent children: Youngest aged 0 to 4,53,32,25,25,0,7,6,1,21,0,21
S01013323,Families with dependent children: Youngest aged 5 to 11,41,28,16,15,1,12,5,7,13,2,11
S01013323,Families with dependent children: Youngest aged 12 to 18,36,16,14,14,0,2,0,2,20,5,15
S01013324,All families in households,178,118,91,83,8,27,20,7,60,6,54
S01013324,Families with no dependent children,82,73,59,56,3,14,14,0,9,1,8
S01013324,Families with dependent children: Total,96,45,32,27,5,13,6,7,51,5,46
S01013324,Families with dependent children: Youngest aged 0 to 4,36,20,15,11,4,5,4,1,16,0,16
S01013324,Families with dependent children: Youngest aged 5 to 11,38,18,12,11,1,6,1,5,20,1,19
S01013324,Families with dependent children: Youngest aged 12 to 18,22,7,5,5,0,2,1,1,15,4,11
S01013325,All families in households,275,154,114,104,10,40,27,13,121,12,109
S01013325,Families with no dependent children,101,84,70,67,3,14,12,2,17,6,11
S01013325,Families with dependent children: Total,174,70,44,37,7,26,15,11,104,6,98
S01013325,Families with dependent children: Youngest aged 0 to 4,62,24,10,7,3,14,10,4,38,1,37
S01013325,Families with dependent children: Youngest aged 5 to 11,59,26,18,17,1,8,4,4,33,4,29
S01013325,Families with dependent children: Youngest aged 12 to 18,53,20,16,13,3,4,1,3,33,1,32
S01013326,All families in households,154,97,68,62,6,29,25,4,57,4,53
S01013326,Families with no dependent children,85,62,46,43,3,16,14,2,23,3,20
S01013326,Families with dependent children: Total,69,35,22,19,3,13,11,2,34,1,33
S01013326,Families with dependent children: Youngest aged 0 to 4,30,18,7,7,0,11,9,2,12,0,12
S01013326,Families with dependent children: Youngest aged 5 to 11,21,11,11,9,2,0,0,0,10,0,10
S01013326,Families with dependent children: Youngest aged 12 to 18,18,6,4,3,1,2,2,0,12,1,11
S01013327,All families in households,205,131,105,99,6,26,21,5,74,9,65
S01013327,Families with no dependent children,111,84,69,66,3,15,14,1,27,9,18
S01013327,Families with dependent children: Total,94,47,36,33,3,11,7,4,47,0,47
S01013327,Families with dependent children: Youngest aged 0 to 4,29,17,12,11,1,5,2,3,12,0,12
S01013327,Families with dependent children: Youngest aged 5 to 11,30,12,9,9,0,3,3,0,18,0,18
S01013327,Families with dependent children: Youngest aged 12 to 18,35,18,15,13,2,3,2,1,17,0,17
S01013328,All families in households,187,118,94,89,5,24,16,8,69,12,57
S01013328,Families with no dependent children,90,61,56,55,1,5,4,1,29,8,21
S01013328,Families with dependent children: Total,97,57,38,34,4,19,12,7,40,4,36
S01013328,Families with dependent children: Youngest aged 0 to 4,43,22,13,11,2,9,8,1,21,0,21
S01013328,Families with dependent children: Youngest aged 5 to 11,30,20,14,13,1,6,4,2,10,2,8
S01013328,Families with dependent children: Youngest aged 12 to 18,24,15,11,10,1,4,0,4,9,2,7
S01013329,All families in households,157,116,88,77,11,28,21,7,41,3,38
S01013329,Families with no dependent children,94,76,59,55,4,17,15,2,18,1,17
S01013329,Families with dependent children: Total,63,40,29,22,7,11,6,5,23,2,21
S01013329,Families with dependent children: Youngest aged 0 to 4,25,15,10,8,2,5,3,2,10,0,10
S01013329,Families with dependent children: Youngest aged 5 to 11,22,16,11,7,4,5,3,2,6,2,4
S01013329,Families with dependent children: Youngest aged 12 to 18,16,9,8,7,1,1,0,1,7,0,7
S01013330,All families in households,322,268,180,172,8,88,78,10,54,7,47
S01013330,Families with no dependent children,155,142,85,81,4,57,55,2,13,2,11
S01013330,Families with dependent children: Total,167,126,95,91,4,31,23,8,41,5,36
S01013330,Families with dependent children: Youngest aged 0 to 4,71,59,39,38,1,20,18,2,12,0,12
S01013330,Families with dependent children: Youngest aged 5 to 11,51,38,30,29,1,8,5,3,13,3,10
S01013330,Families with dependent children: Youngest aged 12 to 18,45,29,26,24,2,3,0,3,16,2,14
S01013331,All families in households,186,160,112,105,7,48,42,6,26,6,20
S01013331,Families with no dependent children,76,71,43,40,3,28,27,1,5,1,4
S01013331,Families with dependent children: Total,110,89,69,65,4,20,15,5,21,5,16
S01013331,Families with dependent children: Youngest aged 0 to 4,51,43,31,29,2,12,10,2,8,3,5
S01013331,Families with dependent children: Youngest aged 5 to 11,36,31,25,24,1,6,4,2,5,1,4
S01013331,Families with dependent children: Youngest aged 12 to 18,23,15,13,12,1,2,1,1,8,1,7
S01013332,All families in households,189,155,126,117,9,29,23,6,34,8,26
S01013332,Families with no dependent children,107,99,86,84,2,13,12,1,8,3,5
S01013332,Families with dependent children: Total,82,56,40,33,7,16,11,5,26,5,21
S01013332,Families with dependent children: Youngest aged 0 to 4,30,22,13,11,2,9,6,3,8,2,6
S01013332,Families with dependent children: Youngest aged 5 to 11,34,25,20,16,4,5,3,2,9,1,8
S01013332,Families with dependent children: Youngest aged 12 to 18,18,9,7,6,1,2,2,0,9,2,7
S01013333,All families in households,251,211,171,158,13,40,36,4,40,7,33
S01013333,Families with no dependent children,123,112,92,88,4,20,20,0,11,4,7
S01013333,Families with dependent children: Total,128,99,79,70,9,20,16,4,29,3,26
S01013333,Families with dependent children: Youngest aged 0 to 4,59,48,33,28,5,15,14,1,11,1,10
S01013333,Families with dependent children: Youngest aged 5 to 11,35,28,27,26,1,1,1,0,7,2,5
S01013333,Families with dependent children: Youngest aged 12 to 18,34,23,19,16,3,4,1,3,11,0,11
S01013334,All families in households,233,156,115,102,13,41,32,9,77,6,71
S01013334,Families with no dependent children,111,91,71,70,1,20,17,3,20,4,16
S01013334,Families with dependent children: Total,122,65,44,32,12,21,15,6,57,2,55
S01013334,Families with dependent children: Youngest aged 0 to 4,62,36,23,16,7,13,9,4,26,2,24
S01013334,Families with dependent children: Youngest aged 5 to 11,26,11,7,4,3,4,3,1,15,0,15
S01013334,Families with dependent children: Youngest aged 12 to 18,34,18,14,12,2,4,3,1,16,0,16
S01013335,All families in households,236,147,106,96,10,41,30,11,89,11,78
S01013335,Families with no dependent children,87,69,53,49,4,16,16,0,18,3,15
S01013335,Families with dependent children: Total,149,78,53,47,6,25,14,11,71,8,63
S01013335,Families with dependent children: Youngest aged 0 to 4,60,36,26,23,3,10,7,3,24,0,24
S01013335,Families with dependent children: Youngest aged 5 to 11,52,23,12,9,3,11,6,5,29,4,25
S01013335,Families with dependent children: Youngest aged 12 to 18,37,19,15,15,0,4,1,3,18,4,14
S01013336,All families in households,240,156,110,102,8,46,34,12,84,7,77
S01013336,Families with no dependent children,112,90,77,75,2,13,11,2,22,1,21
S01013336,Families with dependent children: Total,128,66,33,27,6,33,23,10,62,6,56
S01013336,Families with dependent children: Youngest aged 0 to 4,48,30,10,8,2,20,16,4,18,1,17
S01013336,Families with dependent children: Youngest aged 5 to 11,52,28,15,13,2,13,7,6,24,0,24
S01013336,Families with dependent children: Youngest aged 12 to 18,28,8,8,6,2,0,0,0,20,5,15
S01013337,All families in households,306,268,228,217,11,40,33,7,38,14,24
S01013337,Families with no dependent children,202,183,163,157,6,20,18,2,19,9,10
S01013337,Families with dependent children: Total,104,85,65,60,5,20,15,5,19,5,14
S01013337,Families with dependent children: Youngest aged 0 to 4,36,32,21,19,2,11,9,2,4,1,3
S01013337,Families with dependent children: Youngest aged 5 to 11,39,30,24,22,2,6,3,3,9,3,6
S01013337,Families with dependent children: Youngest aged 12 to 18,29,23,20,19,1,3,3,0,6,1,5
S01013338,All families in households,158,147,125,117,8,22,16,6,11,2,9
S01013338,Families with no dependent children,47,45,36,35,1,9,9,0,2,1,1
S01013338,Families with dependent children: Total,111,102,89,82,7,13,7,6,9,1,8
S01013338,Families with dependent children: Youngest aged 0 to 4,46,43,36,32,4,7,6,1,3,1,2
S01013338,Families with dependent children: Youngest aged 5 to 11,36,32,31,29,2,1,1,0,4,0,4
S01013338,Families with dependent children: Youngest aged 12 to 18,29,27,22,21,1,5,0,5,2,0,2
S01013339,All families in households,192,166,138,134,4,28,23,5,26,3,23
S01013339,Families with no dependent children,115,108,89,87,2,19,17,2,7,2,5
S01013339,Families with dependent children: Total,77,58,49,47,2,9,6,3,19,1,18
S01013339,Families with dependent children: Youngest aged 0 to 4,26,24,20,19,1,4,4,0,2,1,1
S01013339,Families with dependent children: Youngest aged 5 to 11,31,20,18,17,1,2,2,0,11,0,11
S01013339,Families with dependent children: Youngest aged 12 to 18,20,14,11,11,0,3,0,3,6,0,6
S01013340,All families in households,281,252,220,212,8,32,28,4,29,5,24
S01013340,Families with no dependent children,199,189,173,169,4,16,15,1,10,3,7
S01013340,Families with dependent children: Total,82,63,47,43,4,16,13,3,19,2,17
S01013340,Families with dependent children: Youngest aged 0 to 4,25,19,11,9,2,8,7,1,6,0,6
S01013340,Families with dependent children: Youngest aged 5 to 11,26,22,15,15,0,7,5,2,4,0,4
S01013340,Families with dependent children: Youngest aged 12 to 18,31,22,21,19,2,1,1,0,9,2,7
S01013341,All families in households,276,242,201,195,6,41,40,1,34,3,31
S01013341,Families with no dependent children,158,147,121,120,1,26,26,0,11,2,9
S01013341,Families with dependent children: Total,118,95,80,75,5,15,14,1,23,1,22
S01013341,Families with dependent children: Youngest aged 0 to 4,45,39,31,31,0,8,8,0,6,0,6
S01013341,Families with dependent children: Youngest aged 5 to 11,49,39,34,31,3,5,5,0,10,1,9
S01013341,Families with dependent children: Youngest aged 12 to 18,24,17,15,13,2,2,1,1,7,0,7
S01013342,All families in households,177,124,86,79,7,38,35,3,53,10,43
S01013342,Families with no dependent children,101,82,62,59,3,20,20,0,19,5,14
S01013342,Families with dependent children: Total,76,42,24,20,4,18,15,3,34,5,29
S01013342,Families with dependent children: Youngest aged 0 to 4,27,18,7,6,1,11,9,2,9,1,8
S01013342,Families with dependent children: Youngest aged 5 to 11,27,16,12,10,2,4,3,1,11,0,11
S01013342,Families with dependent children: Youngest aged 12 to 18,22,8,5,4,1,3,3,0,14,4,10
S01013343,All families in households,198,161,130,122,8,31,28,3,37,3,34
S01013343,Families with no dependent children,101,90,74,70,4,16,15,1,11,0,11
S01013343,Families with dependent children: Total,97,71,56,52,4,15,13,2,26,3,23
S01013343,Families with dependent children: Youngest aged 0 to 4,46,36,23,22,1,13,11,2,10,1,9
S01013343,Families with dependent children: Youngest aged 5 to 11,18,13,11,10,1,2,2,0,5,0,5
S01013343,Families with dependent children: Youngest aged 12 to 18,33,22,22,20,2,0,0,0,11,2,9
S01013344,All families in households,231,155,123,114,9,32,24,8,76,9,67
S01013344,Families with no dependent children,129,100,89,84,5,11,10,1,29,5,24
S01013344,Families with dependent children: Total,102,55,34,30,4,21,14,7,47,4,43
S01013344,Families with dependent children: Youngest aged 0 to 4,37,22,12,12,0,10,6,4,15,1,14
S01013344,Families with dependent children: Youngest aged 5 to 11,36,20,11,10,1,9,7,2,16,0,16
S01013344,Families with dependent children: Youngest aged 12 to 18,29,13,11,8,3,2,1,1,16,3,13
S01013345,All families in households,224,162,125,117,8,37,30,7,62,5,57
S01013345,Families with no dependent children,109,95,76,74,2,19,17,2,14,3,11
S01013345,Families with dependent children: Total,115,67,49,43,6,18,13,5,48,2,46
S01013345,Families with dependent children: Youngest aged 0 to 4,49,30,22,17,5,8,5,3,19,1,18
S01013345,Families with dependent children: Youngest aged 5 to 11,38,23,17,16,1,6,5,1,15,0,15
S01013345,Families with dependent children: Youngest aged 12 to 18,28,14,10,10,0,4,3,1,14,1,13
S01013346,All families in households,261,225,191,184,7,34,28,6,36,6,30
S01013346,Families with no dependent children,103,98,82,80,2,16,15,1,5,3,2
S01013346,Families with dependent children: Total,158,127,109,104,5,18,13,5,31,3,28
S01013346,Families with dependent children: Youngest aged 0 to 4,52,46,34,33,1,12,11,1,6,0,6
S01013346,Families with dependent children: Youngest aged 5 to 11,61,46,43,42,1,3,1,2,15,1,14
S01013346,Families with dependent children: Youngest aged 12 to 18,45,35,32,29,3,3,1,2,10,2,8
S01013347,All families in households,204,176,132,126,6,44,40,4,28,7,21
S01013347,Families with no dependent children,121,109,77,77,0,32,30,2,12,6,6
S01013347,Families with dependent children: Total,83,67,55,49,6,12,10,2,16,1,15
S01013347,Families with dependent children: Youngest aged 0 to 4,27,23,18,18,0,5,5,0,4,0,4
S01013347,Families with dependent children: Youngest aged 5 to 11,32,30,25,22,3,5,4,1,2,0,2
S01013347,Families with dependent children: Youngest aged 12 to 18,24,14,12,9,3,2,1,1,10,1,9
S01013348,All families in households,140,129,107,101,6,22,19,3,11,2,9
S01013348,Families with no dependent children,57,56,44,41,3,12,11,1,1,0,1
S01013348,Families with dependent children: Total,83,73,63,60,3,10,8,2,10,2,8
S01013348,Families with dependent children: Youngest aged 0 to 4,24,22,19,18,1,3,3,0,2,0,2
S01013348,Families with dependent children: Youngest aged 5 to 11,41,35,30,30,0,5,3,2,6,2,4
S01013348,Families with dependent children: Youngest aged 12 to 18,18,16,14,12,2,2,2,0,2,0,2
S01013349,All families in households,225,178,97,91,6,81,67,14,47,3,44
S01013349,Families with no dependent children,103,97,42,40,2,55,55,0,6,2,4
S01013349,Families with dependent children: Total,122,81,55,51,4,26,12,14,41,1,40
S01013349,Families with dependent children: Youngest aged 0 to 4,79,54,39,37,2,15,11,4,25,1,24
S01013349,Families with dependent children: Youngest aged 5 to 11,22,11,6,6,0,5,1,4,11,0,11
S01013349,Families with dependent children: Youngest aged 12 to 18,21,16,10,8,2,6,0,6,5,0,5
S01013350,All families in households,197,152,100,98,2,52,43,9,45,8,37
S01013350,Families with no dependent children,113,100,69,68,1,31,28,3,13,6,7
S01013350,Families with dependent children: Total,84,52,31,30,1,21,15,6,32,2,30
S01013350,Families with dependent children: Youngest aged 0 to 4,39,26,11,11,0,15,13,2,13,2,11
S01013350,Families with dependent children: Youngest aged 5 to 11,25,11,9,8,1,2,1,1,14,0,14
S01013350,Families with dependent children: Youngest aged 12 to 18,20,15,11,11,0,4,1,3,5,0,5
S01013351,All families in households,245,196,148,143,5,48,45,3,49,5,44
S01013351,Families with no dependent children,141,126,97,95,2,29,29,0,15,2,13
S01013351,Families with dependent children: Total,104,70,51,48,3,19,16,3,34,3,31
S01013351,Families with dependent children: Youngest aged 0 to 4,41,29,18,18,0,11,11,0,12,1,11
S01013351,Families with dependent children: Youngest aged 5 to 11,36,27,21,19,2,6,4,2,9,0,9
S01013351,Families with dependent children: Youngest aged 12 to 18,27,14,12,11,1,2,1,1,13,2,11
S01013352,All families in households,273,212,169,155,14,43,33,10,61,3,58
S01013352,Families with no dependent children,157,140,115,110,5,25,20,5,17,1,16
S01013352,Families with dependent children: Total,116,72,54,45,9,18,13,5,44,2,42
S01013352,Families with dependent children: Youngest aged 0 to 4,55,42,29,26,3,13,11,2,13,1,12
S01013352,Families with dependent children: Youngest aged 5 to 11,31,17,14,9,5,3,2,1,14,0,14
S01013352,Families with dependent children: Youngest aged 12 to 18,30,13,11,10,1,2,0,2,17,1,16
S01013353,All families in households,185,125,94,89,5,31,24,7,60,4,56
S01013353,Families with no dependent children,93,71,57,57,0,14,12,2,22,4,18
S01013353,Families with dependent children: Total,92,54,37,32,5,17,12,5,38,0,38
S01013353,Families with dependent children: Youngest aged 0 to 4,36,25,14,13,1,11,9,2,11,0,11
S01013353,Families with dependent children: Youngest aged 5 to 11,33,19,15,13,2,4,2,2,14,0,14
S01013353,Families with dependent children: Youngest aged 12 to 18,23,10,8,6,2,2,1,1,13,0,13
S01013354,All families in households,233,205,186,181,5,19,18,1,28,5,23
S01013354,Families with no dependent children,151,143,127,124,3,16,16,0,8,3,5
S01013354,Families with dependent children: Total,82,62,59,57,2,3,2,1,20,2,18
S01013354,Families with dependent children: Youngest aged 0 to 4,30,27,25,23,2,2,2,0,3,0,3
S01013354,Families with dependent children: Youngest aged 5 to 11,28,22,21,21,0,1,0,1,6,1,5
S01013354,Families with dependent children: Youngest aged 12 to 18,24,13,13,13,0,0,0,0,11,1,10
S01013355,All families in households,199,162,135,129,6,27,21,6,37,13,24
S01013355,Families with no dependent children,108,96,80,78,2,16,15,1,12,6,6
S01013355,Families with dependent children: Total,91,66,55,51,4,11,6,5,25,7,18
S01013355,Families with dependent children: Youngest aged 0 to 4,21,16,11,11,0,5,3,2,5,0,5
S01013355,Families with dependent children: Youngest aged 5 to 11,34,23,21,20,1,2,1,1,11,3,8
S01013355,Families with dependent children: Youngest aged 12 to 18,36,27,23,20,3,4,2,2,9,4,5
S01013356,All families in households,226,160,118,113,5,42,35,7,66,10,56
S01013356,Families with no dependent children,120,100,77,77,0,23,22,1,20,8,12
S01013356,Families with dependent children: Total,106,60,41,36,5,19,13,6,46,2,44
S01013356,Families with dependent children: Youngest aged 0 to 4,49,30,18,16,2,12,8,4,19,0,19
S01013356,Families with dependent children: Youngest aged 5 to 11,35,16,11,10,1,5,3,2,19,2,17
S01013356,Families with dependent children: Youngest aged 12 to 18,22,14,12,10,2,2,2,0,8,0,8
S01013357,All families in households,263,225,182,174,8,43,36,7,38,3,35
S01013357,Families with no dependent children,156,145,122,120,2,23,22,1,11,1,10
S01013357,Families with dependent children: Total,107,80,60,54,6,20,14,6,27,2,25
S01013357,Families with dependent children: Youngest aged 0 to 4,42,31,19,18,1,12,10,2,11,0,11
S01013357,Families with dependent children: Youngest aged 5 to 11,39,27,22,19,3,5,2,3,12,1,11
S01013357,Families with dependent children: Youngest aged 12 to 18,26,22,19,17,2,3,2,1,4,1,3
S01013358,All families in households,238,200,159,150,9,41,33,8,38,6,32
S01013358,Families with no dependent children,143,129,103,99,4,26,23,3,14,4,10
S01013358,Families with dependent children: Total,95,71,56,51,5,15,10,5,24,2,22
S01013358,Families with dependent children: Youngest aged 0 to 4,34,23,11,10,1,12,9,3,11,1,10
S01013358,Families with dependent children: Youngest aged 5 to 11,36,27,25,24,1,2,0,2,9,1,8
S01013358,Families with dependent children: Youngest aged 12 to 18,25,21,20,17,3,1,1,0,4,0,4
S01013359,All families in households,185,126,94,90,4,32,29,3,59,13,46
S01013359,Families with no dependent children,105,89,73,71,2,16,16,0,16,8,8
S01013359,Families with dependent children: Total,80,37,21,19,2,16,13,3,43,5,38
S01013359,Families with dependent children: Youngest aged 0 to 4,33,18,6,5,1,12,11,1,15,0,15
S01013359,Families with dependent children: Youngest aged 5 to 11,20,9,7,7,0,2,2,0,11,2,9
S01013359,Families with dependent children: Youngest aged 12 to 18,27,10,8,7,1,2,0,2,17,3,14
S01013360,All families in households,211,151,125,117,8,26,17,9,60,7,53
S01013360,Families with no dependent children,135,110,94,91,3,16,14,2,25,6,19
S01013360,Families with dependent children: Total,76,41,31,26,5,10,3,7,35,1,34
S01013360,Families with dependent children: Youngest aged 0 to 4,26,11,8,7,1,3,2,1,15,0,15
S01013360,Families with dependent children: Youngest aged 5 to 11,26,18,14,12,2,4,1,3,8,0,8
S01013360,Families with dependent children: Youngest aged 12 to 18,24,12,9,7,2,3,0,3,12,1,11
S01013361,All families in households,160,117,91,86,5,26,20,6,43,4,39
S01013361,Families with no dependent children,106,89,73,69,4,16,16,0,17,3,14
S01013361,Families with dependent children: Total,54,28,18,17,1,10,4,6,26,1,25
S01013361,Families with dependent children: Youngest aged 0 to 4,15,8,4,3,1,4,1,3,7,1,6
S01013361,Families with dependent children: Youngest aged 5 to 11,20,11,7,7,0,4,2,2,9,0,9
S01013361,Families with dependent children: Youngest aged 12 to 18,19,9,7,7,0,2,1,1,10,0,10
S01013362,All families in households,142,95,80,76,4,15,12,3,47,2,45
S01013362,Families with no dependent children,72,59,50,49,1,9,8,1,13,1,12
S01013362,Families with dependent children: Total,70,36,30,27,3,6,4,2,34,1,33
S01013362,Families with dependent children: Youngest aged 0 to 4,32,16,13,12,1,3,2,1,16,0,16
S01013362,Families with dependent children: Youngest aged 5 to 11,19,13,10,8,2,3,2,1,6,0,6
S01013362,Families with dependent children: Youngest aged 12 to 18,19,7,7,7,0,0,0,0,12,1,11
S01013363,All families in households,210,132,97,92,5,35,31,4,78,15,63
S01013363,Families with no dependent children,113,90,72,68,4,18,18,0,23,9,14
S01013363,Families with dependent children: Total,97,42,25,24,1,17,13,4,55,6,49
S01013363,Families with dependent children: Youngest aged 0 to 4,43,18,8,8,0,10,9,1,25,2,23
S01013363,Families with dependent children: Youngest aged 5 to 11,31,13,8,7,1,5,3,2,18,3,15
S01013363,Families with dependent children: Youngest aged 12 to 18,23,11,9,9,0,2,1,1,12,1,11
S01013364,All families in households,276,236,193,183,10,43,34,9,40,4,36
S01013364,Families with no dependent children,157,140,123,119,4,17,17,0,17,4,13
S01013364,Families with dependent children: Total,119,96,70,64,6,26,17,9,23,0,23
S01013364,Families with dependent children: Youngest aged 0 to 4,53,45,32,32,0,13,9,4,8,0,8
S01013364,Families with dependent children: Youngest aged 5 to 11,32,25,20,18,2,5,3,2,7,0,7
S01013364,Families with dependent children: Youngest aged 12 to 18,34,26,18,14,4,8,5,3,8,0,8
S01013365,All families in households,258,216,175,173,2,41,39,2,42,6,36
S01013365,Families with no dependent children,174,159,132,132,0,27,27,0,15,3,12
S01013365,Families with dependent children: Total,84,57,43,41,2,14,12,2,27,3,24
S01013365,Families with dependent children: Youngest aged 0 to 4,25,20,8,8,0,12,11,1,5,0,5
S01013365,Families with dependent children: Youngest aged 5 to 11,35,21,19,19,0,2,1,1,14,2,12
S01013365,Families with dependent children: Youngest aged 12 to 18,24,16,16,14,2,0,0,0,8,1,7
S01013366,All families in households,275,230,191,180,11,39,31,8,45,7,38
S01013366,Families with no dependent children,134,121,101,97,4,20,18,2,13,1,12
S01013366,Families with dependent children: Total,141,109,90,83,7,19,13,6,32,6,26
S01013366,Families with dependent children: Youngest aged 0 to 4,41,36,28,24,4,8,8,0,5,0,5
S01013366,Families with dependent children: Youngest aged 5 to 11,45,36,30,29,1,6,5,1,9,2,7
S01013366,Families with dependent children: Youngest aged 12 to 18,55,37,32,30,2,5,0,5,18,4,14
S01013367,All families in households,171,156,131,127,4,25,17,8,15,3,12
S01013367,Families with no dependent children,88,80,69,68,1,11,9,2,8,2,6
S01013367,Families with dependent children: Total,83,76,62,59,3,14,8,6,7,1,6
S01013367,Families with dependent children: Youngest aged 0 to 4,24,23,16,16,0,7,6,1,1,0,1
S01013367,Families with dependent children: Youngest aged 5 to 11,25,22,20,17,3,2,2,0,3,1,2
S01013367,Families with dependent children: Youngest aged 12 to 18,34,31,26,26,0,5,0,5,3,0,3
S01013368,All families in households,224,185,160,152,8,25,20,5,39,2,37
S01013368,Families with no dependent children,132,117,102,100,2,15,14,1,15,1,14
S01013368,Families with dependent children: Total,92,68,58,52,6,10,6,4,24,1,23
S01013368,Families with dependent children: Youngest aged 0 to 4,34,21,17,14,3,4,2,2,13,1,12
S01013368,Families with dependent children: Youngest aged 5 to 11,27,23,20,19,1,3,3,0,4,0,4
S01013368,Families with dependent children: Youngest aged 12 to 18,31,24,21,19,2,3,1,2,7,0,7
S01013369,All families in households,273,179,135,124,11,44,29,15,94,10,84
S01013369,Families with no dependent children,143,111,97,94,3,14,12,2,32,4,28
S01013369,Families with dependent children: Total,130,68,38,30,8,30,17,13,62,6,56
S01013369,Families with dependent children: Youngest aged 0 to 4,60,33,14,10,4,19,15,4,27,1,26
S01013369,Families with dependent children: Youngest aged 5 to 11,39,18,13,9,4,5,2,3,21,1,20
S01013369,Families with dependent children: Youngest aged 12 to 18,31,17,11,11,0,6,0,6,14,4,10
S01013370,All families in households,163,119,85,80,5,34,28,6,44,8,36
S01013370,Families with no dependent children,88,78,62,60,2,16,16,0,10,4,6
S01013370,Families with dependent children: Total,75,41,23,20,3,18,12,6,34,4,30
S01013370,Families with dependent children: Youngest aged 0 to 4,33,21,9,8,1,12,9,3,12,0,12
S01013370,Families with dependent children: Youngest aged 5 to 11,23,12,8,7,1,4,3,1,11,1,10
S01013370,Families with dependent children: Youngest aged 12 to 18,19,8,6,5,1,2,0,2,11,3,8
S01013371,All families in households,202,156,138,129,9,18,16,2,46,4,42
S01013371,Families with no dependent children,136,121,108,106,2,13,12,1,15,2,13
S01013371,Families with dependent children: Total,66,35,30,23,7,5,4,1,31,2,29
S01013371,Families with dependent children: Youngest aged 0 to 4,33,15,13,11,2,2,2,0,18,1,17
S01013371,Families with dependent children: Youngest aged 5 to 11,17,12,10,6,4,2,1,1,5,0,5
S01013371,Families with dependent children: Youngest aged 12 to 18,16,8,7,6,1,1,1,0,8,1,7
S01013372,All families in households,328,205,151,142,9,54,49,5,123,10,113
S01013372,Families with no dependent children,151,119,102,99,3,17,16,1,32,4,28
S01013372,Families with dependent children: Total,177,86,49,43,6,37,33,4,91,6,85
S01013372,Families with dependent children: Youngest aged 0 to 4,70,37,18,18,0,19,16,3,33,0,33
S01013372,Families with dependent children: Youngest aged 5 to 11,60,28,16,13,3,12,11,1,32,2,30
S01013372,Families with dependent children: Youngest aged 12 to 18,47,21,15,12,3,6,6,0,26,4,22
S01013373,All families in households,278,201,164,159,5,37,32,5,77,10,67
S01013373,Families with no dependent children,165,141,120,119,1,21,19,2,24,5,19
S01013373,Families with dependent children: Total,113,60,44,40,4,16,13,3,53,5,48
S01013373,Families with dependent children: Youngest aged 0 to 4,48,27,14,12,2,13,11,2,21,1,20
S01013373,Families with dependent children: Youngest aged 5 to 11,28,14,12,10,2,2,2,0,14,2,12
S01013373,Families with dependent children: Youngest aged 12 to 18,37,19,18,18,0,1,0,1,18,2,16
S01013374,All families in households,270,160,107,101,6,53,41,12,110,12,98
S01013374,Families with no dependent children,132,103,79,77,2,24,21,3,29,6,23
S01013374,Families with dependent children: Total,138,57,28,24,4,29,20,9,81,6,75
S01013374,Families with dependent children: Youngest aged 0 to 4,64,25,12,10,2,13,10,3,39,0,39
S01013374,Families with dependent children: Youngest aged 5 to 11,41,16,7,6,1,9,5,4,25,5,20
S01013374,Families with dependent children: Youngest aged 12 to 18,33,16,9,8,1,7,5,2,17,1,16
S01013375,All families in households,175,129,95,92,3,34,29,5,46,8,38
S01013375,Families with no dependent children,97,83,68,68,0,15,13,2,14,4,10
S01013375,Families with dependent children: Total,78,46,27,24,3,19,16,3,32,4,28
S01013375,Families with dependent children: Youngest aged 0 to 4,33,23,8,8,0,15,13,2,10,1,9
S01013375,Families with dependent children: Youngest aged 5 to 11,26,13,11,8,3,2,2,0,13,1,12
S01013375,Families with dependent children: Youngest aged 12 to 18,19,10,8,8,0,2,1,1,9,2,7
S01013376,All families in households,176,130,115,109,6,15,13,2,46,8,38
S01013376,Families with no dependent children,111,89,82,81,1,7,7,0,22,6,16
S01013376,Families with dependent children: Total,65,41,33,28,5,8,6,2,24,2,22
S01013376,Families with dependent children: Youngest aged 0 to 4,28,15,10,9,1,5,5,0,13,0,13
S01013376,Families with dependent children: Youngest aged 5 to 11,26,18,16,12,4,2,0,2,8,2,6
S01013376,Families with dependent children: Youngest aged 12 to 18,11,8,7,7,0,1,1,0,3,0,3
S01013377,All families in households,224,183,148,146,2,35,30,5,41,5,36
S01013377,Families with no dependent children,148,136,111,110,1,25,21,4,12,2,10
S01013377,Families with dependent children: Total,76,47,37,36,1,10,9,1,29,3,26
S01013377,Families with dependent children: Youngest aged 0 to 4,32,18,11,10,1,7,7,0,14,2,12
S01013377,Families with dependent children: Youngest aged 5 to 11,24,17,16,16,0,1,1,0,7,0,7
S01013377,Families with dependent children: Youngest aged 12 to 18,20,12,10,10,0,2,1,1,8,1,7
S01013378,All families in households,290,219,172,165,7,47,31,16,71,8,63
S01013378,Families with no dependent children,167,150,125,122,3,25,21,4,17,6,11
S01013378,Families with dependent children: Total,123,69,47,43,4,22,10,12,54,2,52
S01013378,Families with dependent children: Youngest aged 0 to 4,48,19,9,8,1,10,7,3,29,0,29
S01013378,Families with dependent children: Youngest aged 5 to 11,31,19,15,14,1,4,0,4,12,0,12
S01013378,Families with dependent children: Youngest aged 12 to 18,44,31,23,21,2,8,3,5,13,2,11
S01013379,All families in households,277,231,200,195,5,31,25,6,46,4,42
S01013379,Families with no dependent children,185,171,150,147,3,21,19,2,14,3,11
S01013379,Families with dependent children: Total,92,60,50,48,2,10,6,4,32,1,31
S01013379,Families with dependent children: Youngest aged 0 to 4,34,19,15,14,1,4,4,0,15,1,14
S01013379,Families with dependent children: Youngest aged 5 to 11,15,8,7,7,0,1,0,1,7,0,7
S01013379,Families with dependent children: Youngest aged 12 to 18,43,33,28,27,1,5,2,3,10,0,10
S01013380,All families in households,33,26,25,25,0,1,1,0,7,2,5
S01013380,Families with no dependent children,21,18,17,17,0,1,1,0,3,1,2
S01013380,Families with dependent children: Total,12,8,8,8,0,0,0,0,4,1,3
S01013380,Families with dependent children: Youngest aged 0 to 4,2,1,1,1,0,0,0,0,1,0,1
S01013380,Families with dependent children: Youngest aged 5 to 11,5,4,4,4,0,0,0,0,1,0,1
S01013380,Families with dependent children: Youngest aged 12 to 18,5,3,3,3,0,0,0,0,2,1,1
S01013381,All families in households,153,117,96,92,4,21,14,7,36,5,31
S01013381,Families with no dependent children,95,78,69,67,2,9,7,2,17,3,14
S01013381,Families with dependent children: Total,58,39,27,25,2,12,7,5,19,2,17
S01013381,Families with dependent children: Youngest aged 0 to 4,19,16,8,8,0,8,5,3,3,0,3
S01013381,Families with dependent children: Youngest aged 5 to 11,25,14,10,9,1,4,2,2,11,2,9
S01013381,Families with dependent children: Youngest aged 12 to 18,14,9,9,8,1,0,0,0,5,0,5
S01013382,All families in households,170,149,116,111,5,33,25,8,21,1,20
S01013382,Families with no dependent children,103,97,78,75,3,19,17,2,6,1,5
S01013382,Families with dependent children: Total,67,52,38,36,2,14,8,6,15,0,15
S01013382,Families with dependent children: Youngest aged 0 to 4,28,23,16,15,1,7,5,2,5,0,5
S01013382,Families with dependent children: Youngest aged 5 to 11,24,18,14,13,1,4,3,1,6,0,6
S01013382,Families with dependent children: Youngest aged 12 to 18,15,11,8,8,0,3,0,3,4,0,4
S01013383,All families in households,199,141,108,105,3,33,30,3,58,14,44
S01013383,Families with no dependent children,123,95,75,74,1,20,20,0,28,11,17
S01013383,Families with dependent children: Total,76,46,33,31,2,13,10,3,30,3,27
S01013383,Families with dependent children: Youngest aged 0 to 4,29,18,9,9,0,9,8,1,11,0,11
S01013383,Families with dependent children: Youngest aged 5 to 11,27,15,13,11,2,2,1,1,12,2,10
S01013383,Families with dependent children: Youngest aged 12 to 18,20,13,11,11,0,2,1,1,7,1,6
S01013384,All families in households,214,179,136,129,7,43,32,11,35,9,26
S01013384,Families with no dependent children,133,116,91,90,1,25,22,3,17,8,9
S01013384,Families with dependent children: Total,81,63,45,39,6,18,10,8,18,1,17
S01013384,Families with dependent children: Youngest aged 0 to 4,29,23,16,14,2,7,6,1,6,0,6
S01013384,Families with dependent children: Youngest aged 5 to 11,31,26,19,15,4,7,4,3,5,0,5
S01013384,Families with dependent children: Youngest aged 12 to 18,21,14,10,10,0,4,0,4,7,1,6
S01013385,All families in households,152,127,108,105,3,19,18,1,25,4,21
S01013385,Families with no dependent children,103,94,82,81,1,12,12,0,9,2,7
S01013385,Families with dependent children: Total,49,33,26,24,2,7,6,1,16,2,14
S01013385,Families with dependent children: Youngest aged 0 to 4,22,17,10,9,1,7,6,1,5,0,5
S01013385,Families with dependent children: Youngest aged 5 to 11,14,10,10,9,1,0,0,0,4,1,3
S01013385,Families with dependent children: Youngest aged 12 to 18,13,6,6,6,0,0,0,0,7,1,6
S01013386,All families in households,281,255,223,216,7,32,27,5,26,3,23
S01013386,Families with no dependent children,160,150,130,129,1,20,19,1,10,2,8
S01013386,Families with dependent children: Total,121,105,93,87,6,12,8,4,16,1,15
S01013386,Families with dependent children: Youngest aged 0 to 4,40,34,30,28,2,4,4,0,6,0,6
S01013386,Families with dependent children: Youngest aged 5 to 11,48,43,39,38,1,4,4,0,5,0,5
S01013386,Families with dependent children: Youngest aged 12 to 18,33,28,24,21,3,4,0,4,5,1,4
S01013387,All families in households,185,123,91,85,6,32,26,6,62,10,52
S01013387,Families with no dependent children,98,74,63,61,2,11,10,1,24,6,18
S01013387,Families with dependent children: Total,87,49,28,24,4,21,16,5,38,4,34
S01013387,Families with dependent children: Youngest aged 0 to 4,34,18,11,9,2,7,7,0,16,2,14
S01013387,Families with dependent children: Youngest aged 5 to 11,28,17,7,6,1,10,7,3,11,0,11
S01013387,Families with dependent children: Youngest aged 12 to 18,25,14,10,9,1,4,2,2,11,2,9
S01013388,All families in households,200,162,133,129,4,29,24,5,38,5,33
S01013388,Families with no dependent children,128,117,100,99,1,17,15,2,11,2,9
S01013388,Families with dependent children: Total,72,45,33,30,3,12,9,3,27,3,24
S01013388,Families with dependent children: Youngest aged 0 to 4,32,22,14,13,1,8,7,1,10,0,10
S01013388,Families with dependent children: Youngest aged 5 to 11,20,10,7,6,1,3,2,1,10,1,9
S01013388,Families with dependent children: Youngest aged 12 to 18,20,13,12,11,1,1,0,1,7,2,5
S01013389,All families in households,229,183,138,133,5,45,38,7,46,8,38
S01013389,Families with no dependent children,132,120,93,91,2,27,27,0,12,5,7
S01013389,Families with dependent children: Total,97,63,45,42,3,18,11,7,34,3,31
S01013389,Families with dependent children: Youngest aged 0 to 4,42,29,16,15,1,13,10,3,13,0,13
S01013389,Families with dependent children: Youngest aged 5 to 11,31,15,12,11,1,3,1,2,16,0,16
S01013389,Families with dependent children: Youngest aged 12 to 18,24,19,17,16,1,2,0,2,5,3,2
S01013390,All families in households,134,108,89,87,2,19,15,4,26,3,23
S01013390,Families with no dependent children,85,74,62,62,0,12,10,2,11,3,8
S01013390,Families with dependent children: Total,49,34,27,25,2,7,5,2,15,0,15
S01013390,Families with dependent children: Youngest aged 0 to 4,10,7,3,3,0,4,3,1,3,0,3
S01013390,Families with dependent children: Youngest aged 5 to 11,27,16,13,11,2,3,2,1,11,0,11
S01013390,Families with dependent children: Youngest aged 12 to 18,12,11,11,11,0,0,0,0,1,0,1
S01013391,All families in households,135,115,89,84,5,26,19,7,20,4,16
S01013391,Families with no dependent children,85,78,62,59,3,16,13,3,7,3,4
S01013391,Families with dependent children: Total,50,37,27,25,2,10,6,4,13,1,12
S01013391,Families with dependent children: Youngest aged 0 to 4,18,14,7,7,0,7,4,3,4,0,4
S01013391,Families with dependent children: Youngest aged 5 to 11,19,15,12,12,0,3,2,1,4,0,4
S01013391,Families with dependent children: Youngest aged 12 to 18,13,8,8,6,2,0,0,0,5,1,4
S01013392,All families in households,236,214,170,159,11,44,36,8,22,2,20
S01013392,Families with no dependent children,103,99,74,70,4,25,24,1,4,0,4
S01013392,Families with dependent children: Total,133,115,96,89,7,19,12,7,18,2,16
S01013392,Families with dependent children: Youngest aged 0 to 4,73,63,53,52,1,10,7,3,10,0,10
S01013392,Families with dependent children: Youngest aged 5 to 11,47,41,32,30,2,9,5,4,6,1,5
S01013392,Families with dependent children: Youngest aged 12 to 18,13,11,11,7,4,0,0,0,2,1,1
S01013393,All families in households,208,160,122,112,10,38,30,8,48,6,42
S01013393,Families with no dependent children,105,89,73,71,2,16,16,0,16,5,11
S01013393,Families with dependent children: Total,103,71,49,41,8,22,14,8,32,1,31
S01013393,Families with dependent children: Youngest aged 0 to 4,60,45,28,25,3,17,11,6,15,0,15
S01013393,Families with dependent children: Youngest aged 5 to 11,23,12,8,6,2,4,3,1,11,0,11
S01013393,Families with dependent children: Youngest aged 12 to 18,20,14,13,10,3,1,0,1,6,1,5
S01013394,All families in households,202,145,115,108,7,30,24,6,57,4,53
S01013394,Families with no dependent children,106,93,78,75,3,15,14,1,13,1,12
S01013394,Families with dependent children: Total,96,52,37,33,4,15,10,5,44,3,41
S01013394,Families with dependent children: Youngest aged 0 to 4,47,23,11,11,0,12,8,4,24,1,23
S01013394,Families with dependent children: Youngest aged 5 to 11,28,18,17,14,3,1,1,0,10,1,9
S01013394,Families with dependent children: Youngest aged 12 to 18,21,11,9,8,1,2,1,1,10,1,9
S01013395,All families in households,206,112,56,54,2,56,48,8,94,11,83
S01013395,Families with no dependent children,67,53,29,29,0,24,23,1,14,7,7
S01013395,Families with dependent children: Total,139,59,27,25,2,32,25,7,80,4,76
S01013395,Families with dependent children: Youngest aged 0 to 4,70,30,11,10,1,19,15,4,40,0,40
S01013395,Families with dependent children: Youngest aged 5 to 11,41,21,11,10,1,10,8,2,20,2,18
S01013395,Families with dependent children: Youngest aged 12 to 18,28,8,5,5,0,3,2,1,20,2,18
S01013396,All families in households,226,205,156,152,4,49,44,5,21,1,20
S01013396,Families with no dependent children,99,94,60,59,1,34,33,1,5,0,5
S01013396,Families with dependent children: Total,127,111,96,93,3,15,11,4,16,1,15
S01013396,Families with dependent children: Youngest aged 0 to 4,78,75,63,61,2,12,11,1,3,0,3
S01013396,Families with dependent children: Youngest aged 5 to 11,34,24,22,21,1,2,0,2,10,1,9
S01013396,Families with dependent children: Youngest aged 12 to 18,15,12,11,11,0,1,0,1,3,0,3
S01013397,All families in households,266,219,170,166,4,49,45,4,47,10,37
S01013397,Families with no dependent children,166,148,117,115,2,31,29,2,18,6,12
S01013397,Families with dependent children: Total,100,71,53,51,2,18,16,2,29,4,25
S01013397,Families with dependent children: Youngest aged 0 to 4,46,35,22,21,1,13,12,1,11,2,9
S01013397,Families with dependent children: Youngest aged 5 to 11,33,21,19,18,1,2,2,0,12,1,11
S01013397,Families with dependent children: Youngest aged 12 to 18,21,15,12,12,0,3,2,1,6,1,5
S01013398,All families in households,174,160,145,137,8,15,11,4,14,5,9
S01013398,Families with no dependent children,72,67,61,58,3,6,6,0,5,3,2
S01013398,Families with dependent children: Total,102,93,84,79,5,9,5,4,9,2,7
S01013398,Families with dependent children: Youngest aged 0 to 4,46,43,38,35,3,5,3,2,3,0,3
S01013398,Families with dependent children: Youngest aged 5 to 11,27,23,22,21,1,1,0,1,4,0,4
S01013398,Families with dependent children: Youngest aged 12 to 18,29,27,24,23,1,3,2,1,2,2,0
S01013399,All families in households,321,287,223,212,11,64,56,8,34,5,29
S01013399,Families with no dependent children,160,152,111,109,2,41,40,1,8,1,7
S01013399,Families with dependent children: Total,161,135,112,103,9,23,16,7,26,4,22
S01013399,Families with dependent children: Youngest aged 0 to 4,93,81,63,63,0,18,15,3,12,2,10
S01013399,Families with dependent children: Youngest aged 5 to 11,48,38,35,31,4,3,0,3,10,1,9
S01013399,Families with dependent children: Youngest aged 12 to 18,20,16,14,9,5,2,1,1,4,1,3
S01013400,All families in households,196,145,104,99,5,41,37,4,51,9,42
S01013400,Families with no dependent children,121,102,75,74,1,27,27,0,19,4,15
S01013400,Families with dependent children: Total,75,43,29,25,4,14,10,4,32,5,27
S01013400,Families with dependent children: Youngest aged 0 to 4,36,21,9,9,0,12,10,2,15,0,15
S01013400,Families with dependent children: Youngest aged 5 to 11,17,10,10,8,2,0,0,0,7,0,7
S01013400,Families with dependent children: Youngest aged 12 to 18,22,12,10,8,2,2,0,2,10,5,5
S01013401,All families in households,258,224,146,144,2,78,68,10,34,6,28
S01013401,Families with no dependent children,128,121,67,67,0,54,53,1,7,2,5
S01013401,Families with dependent children: Total,130,103,79,77,2,24,15,9,27,4,23
S01013401,Families with dependent children: Youngest aged 0 to 4,80,62,46,45,1,16,10,6,18,1,17
S01013401,Families with dependent children: Youngest aged 5 to 11,35,27,20,20,0,7,5,2,8,3,5
S01013401,Families with dependent children: Youngest aged 12 to 18,15,14,13,12,1,1,0,1,1,0,1
S01013402,All families in households,320,282,193,189,4,89,79,10,38,2,36
S01013402,Families with no dependent children,131,127,67,67,0,60,59,1,4,1,3
S01013402,Families with dependent children: Total,189,155,126,122,4,29,20,9,34,1,33
S01013402,Families with dependent children: Youngest aged 0 to 4,123,111,91,89,2,20,16,4,12,0,12
S01013402,Families with dependent children: Youngest aged 5 to 11,46,30,26,25,1,4,3,1,16,1,15
S01013402,Families with dependent children: Youngest aged 12 to 18,20,14,9,8,1,5,1,4,6,0,6
S01013403,All families in households,257,226,159,149,10,67,59,8,31,3,28
S01013403,Families with no dependent children,91,88,49,48,1,39,39,0,3,1,2
S01013403,Families with dependent children: Total,166,138,110,101,9,28,20,8,28,2,26
S01013403,Families with dependent children: Youngest aged 0 to 4,96,86,67,65,2,19,16,3,10,1,9
S01013403,Families with dependent children: Youngest aged 5 to 11,47,35,28,25,3,7,3,4,12,1,11
S01013403,Families with dependent children: Youngest aged 12 to 18,23,17,15,11,4,2,1,1,6,0,6
S01013404,All families in households,173,141,104,101,3,37,30,7,32,5,27
S01013404,Families with no dependent children,62,59,39,38,1,20,18,2,3,2,1
S01013404,Families with dependent children: Total,111,82,65,63,2,17,12,5,29,3,26
S01013404,Families with dependent children: Youngest aged 0 to 4,54,46,34,34,0,12,11,1,8,0,8
S01013404,Families with dependent children: Youngest aged 5 to 11,34,23,20,20,0,3,1,2,11,2,9
S01013404,Families with dependent children: Youngest aged 12 to 18,23,13,11,9,2,2,0,2,10,1,9
S01013405,All families in households,208,182,142,134,8,40,36,4,26,3,23
S01013405,Families with no dependent children,144,134,105,102,3,29,28,1,10,2,8
S01013405,Families with dependent children: Total,64,48,37,32,5,11,8,3,16,1,15
S01013405,Families with dependent children: Youngest aged 0 to 4,17,13,10,10,0,3,3,0,4,0,4
S01013405,Families with dependent children: Youngest aged 5 to 11,28,20,16,13,3,4,3,1,8,0,8
S01013405,Families with dependent children: Youngest aged 12 to 18,19,15,11,9,2,4,2,2,4,1,3
S01013406,All families in households,195,141,104,98,6,37,36,1,54,4,50
S01013406,Families with no dependent children,116,99,80,77,3,19,19,0,17,0,17
S01013406,Families with dependent children: Total,79,42,24,21,3,18,17,1,37,4,33
S01013406,Families with dependent children: Youngest aged 0 to 4,36,20,11,9,2,9,9,0,16,3,13
S01013406,Families with dependent children: Youngest aged 5 to 11,22,11,5,4,1,6,6,0,11,1,10
S01013406,Families with dependent children: Youngest aged 12 to 18,21,11,8,8,0,3,2,1,10,0,10
S01013407,All families in households,163,117,84,81,3,33,23,10,46,8,38
S01013407,Families with no dependent children,99,81,67,67,0,14,11,3,18,3,15
S01013407,Families with dependent children: Total,64,36,17,14,3,19,12,7,28,5,23
S01013407,Families with dependent children: Youngest aged 0 to 4,28,18,6,6,0,12,9,3,10,2,8
S01013407,Families with dependent children: Youngest aged 5 to 11,20,11,5,4,1,6,2,4,9,1,8
S01013407,Families with dependent children: Youngest aged 12 to 18,16,7,6,4,2,1,1,0,9,2,7
S01013408,All families in households,198,131,92,91,1,39,33,6,67,4,63
S01013408,Families with no dependent children,100,86,69,69,0,17,16,1,14,2,12
S01013408,Families with dependent children: Total,98,45,23,22,1,22,17,5,53,2,51
S01013408,Families with dependent children: Youngest aged 0 to 4,47,25,7,7,0,18,16,2,22,0,22
S01013408,Families with dependent children: Youngest aged 5 to 11,29,8,7,6,1,1,0,1,21,0,21
S01013408,Families with dependent children: Youngest aged 12 to 18,22,12,9,9,0,3,1,2,10,2,8
S01013409,All families in households,321,247,195,186,9,52,44,8,74,8,66
S01013409,Families with no dependent children,170,150,120,118,2,30,28,2,20,6,14
S01013409,Families with dependent children: Total,151,97,75,68,7,22,16,6,54,2,52
S01013409,Families with dependent children: Youngest aged 0 to 4,60,41,27,24,3,14,11,3,19,0,19
S01013409,Families with dependent children: Youngest aged 5 to 11,52,31,27,24,3,4,4,0,21,1,20
S01013409,Families with dependent children: Youngest aged 12 to 18,39,25,21,20,1,4,1,3,14,1,13
S01013410,All families in households,199,121,61,56,5,60,51,9,78,5,73
S01013410,Families with no dependent children,74,63,35,35,0,28,28,0,11,0,11
S01013410,Families with dependent children: Total,125,58,26,21,5,32,23,9,67,5,62
S01013410,Families with dependent children: Youngest aged 0 to 4,72,39,13,10,3,26,19,7,33,0,33
S01013410,Families with dependent children: Youngest aged 5 to 11,33,15,11,10,1,4,3,1,18,2,16
S01013410,Families with dependent children: Youngest aged 12 to 18,20,4,2,1,1,2,1,1,16,3,13
S01013411,All families in households,213,180,142,137,5,38,34,4,33,3,30
S01013411,Families with no dependent children,140,128,100,97,3,28,27,1,12,1,11
S01013411,Families with dependent children: Total,73,52,42,40,2,10,7,3,21,2,19
S01013411,Families with dependent children: Youngest aged 0 to 4,41,34,24,22,2,10,7,3,7,0,7
S01013411,Families with dependent children: Youngest aged 5 to 11,20,11,11,11,0,0,0,0,9,0,9
S01013411,Families with dependent children: Youngest aged 12 to 18,12,7,7,7,0,0,0,0,5,2,3
S01013412,All families in households,225,181,140,133,7,41,32,9,44,2,42
S01013412,Families with no dependent children,121,107,85,82,3,22,19,3,14,2,12
S01013412,Families with dependent children: Total,104,74,55,51,4,19,13,6,30,0,30
S01013412,Families with dependent children: Youngest aged 0 to 4,42,31,18,18,0,13,11,2,11,0,11
S01013412,Families with dependent children: Youngest aged 5 to 11,27,16,15,14,1,1,0,1,11,0,11
S01013412,Families with dependent children: Youngest aged 12 to 18,35,27,22,19,3,5,2,3,8,0,8
S01013413,All families in households,242,226,189,181,8,37,35,2,16,2,14
S01013413,Families with no dependent children,154,147,120,115,5,27,26,1,7,2,5
S01013413,Families with dependent children: Total,88,79,69,66,3,10,9,1,9,0,9
S01013413,Families with dependent children: Youngest aged 0 to 4,33,30,24,23,1,6,6,0,3,0,3
S01013413,Families with dependent children: Youngest aged 5 to 11,37,34,32,30,2,2,1,1,3,0,3
S01013413,Families with dependent children: Youngest aged 12 to 18,18,15,13,13,0,2,2,0,3,0,3
S01013414,All families in households,220,159,115,112,3,44,44,0,61,6,55
S01013414,Families with no dependent children,129,115,80,79,1,35,35,0,14,2,12
S01013414,Families with dependent children: Total,91,44,35,33,2,9,9,0,47,4,43
S01013414,Families with dependent children: Youngest aged 0 to 4,45,20,13,13,0,7,7,0,25,0,25
S01013414,Families with dependent children: Youngest aged 5 to 11,25,10,8,8,0,2,2,0,15,4,11
S01013414,Families with dependent children: Youngest aged 12 to 18,21,14,14,12,2,0,0,0,7,0,7
S01013415,All families in households,152,103,74,74,0,29,25,4,49,8,41
S01013415,Families with no dependent children,92,77,59,59,0,18,18,0,15,4,11
S01013415,Families with dependent children: Total,60,26,15,15,0,11,7,4,34,4,30
S01013415,Families with dependent children: Youngest aged 0 to 4,26,9,2,2,0,7,6,1,17,2,15
S01013415,Families with dependent children: Youngest aged 5 to 11,23,12,10,10,0,2,1,1,11,0,11
S01013415,Families with dependent children: Youngest aged 12 to 18,11,5,3,3,0,2,0,2,6,2,4
S01013416,All families in households,163,120,88,87,1,32,28,4,43,10,33
S01013416,Families with no dependent children,98,81,58,58,0,23,21,2,17,6,11
S01013416,Families with dependent children: Total,65,39,30,29,1,9,7,2,26,4,22
S01013416,Families with dependent children: Youngest aged 0 to 4,28,20,14,13,1,6,4,2,8,0,8
S01013416,Families with dependent children: Youngest aged 5 to 11,19,12,9,9,0,3,3,0,7,1,6
S01013416,Families with dependent children: Youngest aged 12 to 18,18,7,7,7,0,0,0,0,11,3,8
S01013417,All families in households,218,184,125,122,3,59,55,4,34,3,31
S01013417,Families with no dependent children,150,134,90,89,1,44,42,2,16,3,13
S01013417,Families with dependent children: Total,68,50,35,33,2,15,13,2,18,0,18
S01013417,Families with dependent children: Youngest aged 0 to 4,27,22,11,11,0,11,9,2,5,0,5
S01013417,Families with dependent children: Youngest aged 5 to 11,19,13,10,10,0,3,3,0,6,0,6
S01013417,Families with dependent children: Youngest aged 12 to 18,22,15,14,12,2,1,1,0,7,0,7
S01013418,All families in households,189,143,117,108,9,26,16,10,46,7,39
S01013418,Families with no dependent children,110,89,77,74,3,12,12,0,21,5,16
S01013418,Families with dependent children: Total,79,54,40,34,6,14,4,10,25,2,23
S01013418,Families with dependent children: Youngest aged 0 to 4,34,26,20,17,3,6,3,3,8,0,8
S01013418,Families with dependent children: Youngest aged 5 to 11,23,14,10,9,1,4,0,4,9,1,8
S01013418,Families with dependent children: Youngest aged 12 to 18,22,14,10,8,2,4,1,3,8,1,7
S01013419,All families in households,149,133,119,115,4,14,14,0,16,2,14
S01013419,Families with no dependent children,90,84,76,75,1,8,8,0,6,0,6
S01013419,Families with dependent children: Total,59,49,43,40,3,6,6,0,10,2,8
S01013419,Families with dependent children: Youngest aged 0 to 4,19,17,14,14,0,3,3,0,2,0,2
S01013419,Families with dependent children: Youngest aged 5 to 11,21,18,15,14,1,3,3,0,3,0,3
S01013419,Families with dependent children: Youngest aged 12 to 18,19,14,14,12,2,0,0,0,5,2,3
S01013420,All families in households,169,140,119,114,5,21,17,4,29,3,26
S01013420,Families with no dependent children,103,94,79,77,2,15,15,0,9,2,7
S01013420,Families with dependent children: Total,66,46,40,37,3,6,2,4,20,1,19
S01013420,Families with dependent children: Youngest aged 0 to 4,28,24,19,16,3,5,2,3,4,1,3
S01013420,Families with dependent children: Youngest aged 5 to 11,23,8,8,8,0,0,0,0,15,0,15
S01013420,Families with dependent children: Youngest aged 12 to 18,15,14,13,13,0,1,0,1,1,0,1
S01013421,All families in households,240,215,182,170,12,33,25,8,25,4,21
S01013421,Families with no dependent children,89,83,63,62,1,20,18,2,6,2,4
S01013421,Families with dependent children: Total,151,132,119,108,11,13,7,6,19,2,17
S01013421,Families with dependent children: Youngest aged 0 to 4,67,58,51,50,1,7,6,1,9,0,9
S01013421,Families with dependent children: Youngest aged 5 to 11,46,40,38,35,3,2,1,1,6,1,5
S01013421,Families with dependent children: Youngest aged 12 to 18,38,34,30,23,7,4,0,4,4,1,3
S01013422,All families in households,231,181,142,134,8,39,33,6,50,5,45
S01013422,Families with no dependent children,134,117,91,89,2,26,26,0,17,0,17
S01013422,Families with dependent children: Total,97,64,51,45,6,13,7,6,33,5,28
S01013422,Families with dependent children: Youngest aged 0 to 4,32,24,13,12,1,11,6,5,8,1,7
S01013422,Families with dependent children: Youngest aged 5 to 11,33,17,15,12,3,2,1,1,16,2,14
S01013422,Families with dependent children: Youngest aged 12 to 18,32,23,23,21,2,0,0,0,9,2,7
S01013423,All families in households,248,209,184,174,10,25,18,7,39,10,29
S01013423,Families with no dependent children,145,128,112,109,3,16,14,2,17,8,9
S01013423,Families with dependent children: Total,103,81,72,65,7,9,4,5,22,2,20
S01013423,Families with dependent children: Youngest aged 0 to 4,31,22,16,16,0,6,2,4,9,1,8
S01013423,Families with dependent children: Youngest aged 5 to 11,30,25,22,19,3,3,2,1,5,1,4
S01013423,Families with dependent children: Youngest aged 12 to 18,42,34,34,30,4,0,0,0,8,0,8
S01013424,All families in households,151,132,123,118,5,9,7,2,19,2,17
S01013424,Families with no dependent children,77,71,68,65,3,3,3,0,6,1,5
S01013424,Families with dependent children: Total,74,61,55,53,2,6,4,2,13,1,12
S01013424,Families with dependent children: Youngest aged 0 to 4,20,17,15,14,1,2,2,0,3,1,2
S01013424,Families with dependent children: Youngest aged 5 to 11,22,18,16,16,0,2,2,0,4,0,4
S01013424,Families with dependent children: Youngest aged 12 to 18,32,26,24,23,1,2,0,2,6,0,6
S01013425,All families in households,124,108,96,92,4,12,11,1,16,6,10
S01013425,Families with no dependent children,74,69,64,63,1,5,5,0,5,3,2
S01013425,Families with dependent children: Total,50,39,32,29,3,7,6,1,11,3,8
S01013425,Families with dependent children: Youngest aged 0 to 4,23,19,13,13,0,6,5,1,4,2,2
S01013425,Families with dependent children: Youngest aged 5 to 11,13,10,10,9,1,0,0,0,3,0,3
S01013425,Families with dependent children: Youngest aged 12 to 18,14,10,9,7,2,1,1,0,4,1,3
S01013426,All families in households,249,182,145,142,3,37,29,8,67,6,61
S01013426,Families with no dependent children,145,122,102,102,0,20,18,2,23,2,21
S01013426,Families with dependent children: Total,104,60,43,40,3,17,11,6,44,4,40
S01013426,Families with dependent children: Youngest aged 0 to 4,45,26,15,14,1,11,7,4,19,3,16
S01013426,Families with dependent children: Youngest aged 5 to 11,31,15,12,11,1,3,3,0,16,1,15
S01013426,Families with dependent children: Youngest aged 12 to 18,28,19,16,15,1,3,1,2,9,0,9
S01013427,All families in households,135,117,96,91,5,21,19,2,18,5,13
S01013427,Families with no dependent children,70,63,46,44,2,17,17,0,7,2,5
S01013427,Families with dependent children: Total,65,54,50,47,3,4,2,2,11,3,8
S01013427,Families with dependent children: Youngest aged 0 to 4,26,22,20,20,0,2,2,0,4,0,4
S01013427,Families with dependent children: Youngest aged 5 to 11,22,18,17,16,1,1,0,1,4,1,3
S01013427,Families with dependent children: Youngest aged 12 to 18,17,14,13,11,2,1,0,1,3,2,1
S01013428,All families in households,283,198,137,132,5,61,48,13,85,10,75
S01013428,Families with no dependent children,146,116,79,79,0,37,36,1,30,5,25
S01013428,Families with dependent children: Total,137,82,58,53,5,24,12,12,55,5,50
S01013428,Families with dependent children: Youngest aged 0 to 4,50,33,21,19,2,12,6,6,17,1,16
S01013428,Families with dependent children: Youngest aged 5 to 11,47,26,22,20,2,4,2,2,21,4,17
S01013428,Families with dependent children: Youngest aged 12 to 18,40,23,15,14,1,8,4,4,17,0,17
S01013429,All families in households,212,169,128,120,8,41,33,8,43,2,41
S01013429,Families with no dependent children,131,118,89,87,2,29,25,4,13,2,11
S01013429,Families with dependent children: Total,81,51,39,33,6,12,8,4,30,0,30
S01013429,Families with dependent children: Youngest aged 0 to 4,37,23,18,17,1,5,5,0,14,0,14
S01013429,Families with dependent children: Youngest aged 5 to 11,26,18,12,9,3,6,3,3,8,0,8
S01013429,Families with dependent children: Youngest aged 12 to 18,18,10,9,7,2,1,0,1,8,0,8
S01013430,All families in households,232,196,167,163,4,29,23,6,36,3,33
S01013430,Families with no dependent children,140,129,112,110,2,17,15,2,11,3,8
S01013430,Families with dependent children: Total,92,67,55,53,2,12,8,4,25,0,25
S01013430,Families with dependent children: Youngest aged 0 to 4,46,37,30,28,2,7,7,0,9,0,9
S01013430,Families with dependent children: Youngest aged 5 to 11,24,16,12,12,0,4,1,3,8,0,8
S01013430,Families with dependent children: Youngest aged 12 to 18,22,14,13,13,0,1,0,1,8,0,8
S01013431,All families in households,200,153,123,114,9,30,23,7,47,7,40
S01013431,Families with no dependent children,120,101,88,86,2,13,11,2,19,5,14
S01013431,Families with dependent children: Total,80,52,35,28,7,17,12,5,28,2,26
S01013431,Families with dependent children: Youngest aged 0 to 4,24,17,9,8,1,8,7,1,7,0,7
S01013431,Families with dependent children: Youngest aged 5 to 11,33,18,14,11,3,4,1,3,15,1,14
S01013431,Families with dependent children: Youngest aged 12 to 18,23,17,12,9,3,5,4,1,6,1,5
S01013432,All families in households,215,186,156,147,9,30,23,7,29,5,24
S01013432,Families with no dependent children,129,121,103,102,1,18,15,3,8,2,6
S01013432,Families with dependent children: Total,86,65,53,45,8,12,8,4,21,3,18
S01013432,Families with dependent children: Youngest aged 0 to 4,31,26,20,19,1,6,5,1,5,0,5
S01013432,Families with dependent children: Youngest aged 5 to 11,27,21,17,12,5,4,3,1,6,0,6
S01013432,Families with dependent children: Youngest aged 12 to 18,28,18,16,14,2,2,0,2,10,3,7
S01013433,All families in households,242,215,190,186,4,25,23,2,27,5,22
S01013433,Families with no dependent children,145,135,121,121,0,14,14,0,10,2,8
S01013433,Families with dependent children: Total,97,80,69,65,4,11,9,2,17,3,14
S01013433,Families with dependent children: Youngest aged 0 to 4,38,32,31,31,0,1,1,0,6,1,5
S01013433,Families with dependent children: Youngest aged 5 to 11,27,21,17,15,2,4,4,0,6,1,5
S01013433,Families with dependent children: Youngest aged 12 to 18,32,27,21,19,2,6,4,2,5,1,4
S01013434,All families in households,160,151,136,134,2,15,13,2,9,1,8
S01013434,Families with no dependent children,83,82,71,70,1,11,10,1,1,0,1
S01013434,Families with dependent children: Total,77,69,65,64,1,4,3,1,8,1,7
S01013434,Families with dependent children: Youngest aged 0 to 4,28,27,24,24,0,3,3,0,1,0,1
S01013434,Families with dependent children: Youngest aged 5 to 11,20,20,19,19,0,1,0,1,0,0,0
S01013434,Families with dependent children: Youngest aged 12 to 18,29,22,22,21,1,0,0,0,7,1,6
S01013435,All families in households,200,183,168,165,3,15,15,0,17,4,13
S01013435,Families with no dependent children,91,85,73,73,0,12,12,0,6,3,3
S01013435,Families with dependent children: Total,109,98,95,92,3,3,3,0,11,1,10
S01013435,Families with dependent children: Youngest aged 0 to 4,31,27,24,23,1,3,3,0,4,1,3
S01013435,Families with dependent children: Youngest aged 5 to 11,43,40,40,39,1,0,0,0,3,0,3
S01013435,Families with dependent children: Youngest aged 12 to 18,35,31,31,30,1,0,0,0,4,0,4
S01013436,All families in households,253,189,172,164,8,17,13,4,64,11,53
S01013436,Families with no dependent children,122,96,88,83,5,8,8,0,26,9,17
S01013436,Families with dependent children: Total,131,93,84,81,3,9,5,4,38,2,36
S01013436,Families with dependent children: Youngest aged 0 to 4,48,39,35,33,2,4,4,0,9,0,9
S01013436,Families with dependent children: Youngest aged 5 to 11,44,28,27,27,0,1,1,0,16,1,15
S01013436,Families with dependent children: Youngest aged 12 to 18,39,26,22,21,1,4,0,4,13,1,12
S01013437,All families in households,198,162,114,111,3,48,44,4,36,3,33
S01013437,Families with no dependent children,136,123,84,82,2,39,38,1,13,3,10
S01013437,Families with dependent children: Total,62,39,30,29,1,9,6,3,23,0,23
S01013437,Families with dependent children: Youngest aged 0 to 4,24,16,9,9,0,7,6,1,8,0,8
S01013437,Families with dependent children: Youngest aged 5 to 11,19,12,10,9,1,2,0,2,7,0,7
S01013437,Families with dependent children: Youngest aged 12 to 18,19,11,11,11,0,0,0,0,8,0,8
S01013438,All families in households,172,123,90,87,3,33,28,5,49,9,40
S01013438,Families with no dependent children,92,81,60,59,1,21,20,1,11,5,6
S01013438,Families with dependent children: Total,80,42,30,28,2,12,8,4,38,4,34
S01013438,Families with dependent children: Youngest aged 0 to 4,32,20,12,12,0,8,7,1,12,0,12
S01013438,Families with dependent children: Youngest aged 5 to 11,23,9,8,8,0,1,0,1,14,2,12
S01013438,Families with dependent children: Youngest aged 12 to 18,25,13,10,8,2,3,1,2,12,2,10
S01013439,All families in households,309,290,264,262,2,26,23,3,19,3,16
S01013439,Families with no dependent children,203,192,178,177,1,14,13,1,11,2,9
S01013439,Families with dependent children: Total,106,98,86,85,1,12,10,2,8,1,7
S01013439,Families with dependent children: Youngest aged 0 to 4,39,39,34,34,0,5,5,0,0,0,0
S01013439,Families with dependent children: Youngest aged 5 to 11,26,24,21,21,0,3,3,0,2,0,2
S01013439,Families with dependent children: Youngest aged 12 to 18,41,35,31,30,1,4,2,2,6,1,5
S01013440,All families in households,336,315,300,297,3,15,12,3,21,5,16
S01013440,Families with no dependent children,213,201,190,190,0,11,10,1,12,4,8
S01013440,Families with dependent children: Total,123,114,110,107,3,4,2,2,9,1,8
S01013440,Families with dependent children: Youngest aged 0 to 4,38,38,36,35,1,2,2,0,0,0,0
S01013440,Families with dependent children: Youngest aged 5 to 11,38,34,33,31,2,1,0,1,4,1,3
S01013440,Families with dependent children: Youngest aged 12 to 18,47,42,41,41,0,1,0,1,5,0,5
S01013441,All families in households,236,222,196,192,4,26,25,1,14,4,10
S01013441,Families with no dependent children,149,140,120,118,2,20,20,0,9,3,6
S01013441,Families with dependent children: Total,87,82,76,74,2,6,5,1,5,1,4
S01013441,Families with dependent children: Youngest aged 0 to 4,34,34,28,28,0,6,5,1,0,0,0
S01013441,Families with dependent children: Youngest aged 5 to 11,32,31,31,31,0,0,0,0,1,0,1
S01013441,Families with dependent children: Youngest aged 12 to 18,21,17,17,15,2,0,0,0,4,1,3
S01013442,All families in households,238,204,182,176,6,22,20,2,34,4,30
S01013442,Families with no dependent children,137,128,113,111,2,15,14,1,9,3,6
S01013442,Families with dependent children: Total,101,76,69,65,4,7,6,1,25,1,24
S01013442,Families with dependent children: Youngest aged 0 to 4,42,33,28,28,0,5,5,0,9,0,9
S01013442,Families with dependent children: Youngest aged 5 to 11,29,21,20,18,2,1,1,0,8,0,8
S01013442,Families with dependent children: Youngest aged 12 to 18,30,22,21,19,2,1,0,1,8,1,7
S01013443,All families in households,179,157,135,134,1,22,22,0,22,3,19
S01013443,Families with no dependent children,104,100,83,83,0,17,17,0,4,0,4
S01013443,Families with dependent children: Total,75,57,52,51,1,5,5,0,18,3,15
S01013443,Families with dependent children: Youngest aged 0 to 4,31,29,25,24,1,4,4,0,2,1,1
S01013443,Families with dependent children: Youngest aged 5 to 11,24,14,13,13,0,1,1,0,10,2,8
S01013443,Families with dependent children: Youngest aged 12 to 18,20,14,14,14,0,0,0,0,6,0,6
S01013444,All families in households,247,197,137,130,7,60,56,4,50,13,37
S01013444,Families with no dependent children,165,143,100,97,3,43,42,1,22,7,15
S01013444,Families with dependent children: Total,82,54,37,33,4,17,14,3,28,6,22
S01013444,Families with dependent children: Youngest aged 0 to 4,32,26,15,14,1,11,10,1,6,1,5
S01013444,Families with dependent children: Youngest aged 5 to 11,28,20,15,14,1,5,3,2,8,1,7
S01013444,Families with dependent children: Youngest aged 12 to 18,22,8,7,5,2,1,1,0,14,4,10
S01013445,All families in households,176,168,159,156,3,9,4,5,8,1,7
S01013445,Families with no dependent children,98,95,90,88,2,5,3,2,3,1,2
S01013445,Families with dependent children: Total,78,73,69,68,1,4,1,3,5,0,5
S01013445,Families with dependent children: Youngest aged 0 to 4,23,22,19,19,0,3,1,2,1,0,1
S01013445,Families with dependent children: Youngest aged 5 to 11,35,34,34,33,1,0,0,0,1,0,1
S01013445,Families with dependent children: Youngest aged 12 to 18,20,17,16,16,0,1,0,1,3,0,3
S01013446,All families in households,222,181,152,147,5,29,24,5,41,6,35
S01013446,Families with no dependent children,135,120,101,97,4,19,17,2,15,5,10
S01013446,Families with dependent children: Total,87,61,51,50,1,10,7,3,26,1,25
S01013446,Families with dependent children: Youngest aged 0 to 4,25,18,13,13,0,5,5,0,7,0,7
S01013446,Families with dependent children: Youngest aged 5 to 11,39,29,25,25,0,4,2,2,10,1,9
S01013446,Families with dependent children: Youngest aged 12 to 18,23,14,13,12,1,1,0,1,9,0,9
S01013447,All families in households,179,162,147,145,2,15,13,2,17,5,12
S01013447,Families with no dependent children,50,44,37,37,0,7,6,1,6,2,4
S01013447,Families with dependent children: Total,129,118,110,108,2,8,7,1,11,3,8
S01013447,Families with dependent children: Youngest aged 0 to 4,41,39,35,34,1,4,4,0,2,0,2
S01013447,Families with dependent children: Youngest aged 5 to 11,42,41,38,38,0,3,2,1,1,0,1
S01013447,Families with dependent children: Youngest aged 12 to 18,46,38,37,36,1,1,1,0,8,3,5
S01013448,All families in households,231,217,198,194,4,19,16,3,14,5,9
S01013448,Families with no dependent children,154,151,137,135,2,14,14,0,3,3,0
S01013448,Families with dependent children: Total,77,66,61,59,2,5,2,3,11,2,9
S01013448,Families with dependent children: Youngest aged 0 to 4,31,29,27,27,0,2,1,1,2,0,2
S01013448,Families with dependent children: Youngest aged 5 to 11,17,14,14,14,0,0,0,0,3,1,2
S01013448,Families with dependent children: Youngest aged 12 to 18,29,23,20,18,2,3,1,2,6,1,5
S01013449,All families in households,198,177,158,156,2,19,15,4,21,4,17
S01013449,Families with no dependent children,116,106,94,93,1,12,12,0,10,0,10
S01013449,Families with dependent children: Total,82,71,64,63,1,7,3,4,11,4,7
S01013449,Families with dependent children: Youngest aged 0 to 4,32,29,25,25,0,4,2,2,3,1,2
S01013449,Families with dependent children: Youngest aged 5 to 11,24,19,18,17,1,1,1,0,5,2,3
S01013449,Families with dependent children: Youngest aged 12 to 18,26,23,21,21,0,2,0,2,3,1,2
S01013450,All families in households,183,161,140,138,2,21,16,5,22,5,17
S01013450,Families with no dependent children,102,96,82,82,0,14,12,2,6,2,4
S01013450,Families with dependent children: Total,81,65,58,56,2,7,4,3,16,3,13
S01013450,Families with dependent children: Youngest aged 0 to 4,33,29,26,25,1,3,3,0,4,0,4
S01013450,Families with dependent children: Youngest aged 5 to 11,23,16,14,14,0,2,1,1,7,3,4
S01013450,Families with dependent children: Youngest aged 12 to 18,25,20,18,17,1,2,0,2,5,0,5
S01013451,All families in households,265,239,218,213,5,21,19,2,26,2,24
S01013451,Families with no dependent children,117,111,95,92,3,16,15,1,6,0,6
S01013451,Families with dependent children: Total,148,128,123,121,2,5,4,1,20,2,18
S01013451,Families with dependent children: Youngest aged 0 to 4,37,31,30,30,0,1,1,0,6,1,5
S01013451,Families with dependent children: Youngest aged 5 to 11,40,33,31,30,1,2,1,1,7,0,7
S01013451,Families with dependent children: Youngest aged 12 to 18,71,64,62,61,1,2,2,0,7,1,6
S01013452,All families in households,237,217,188,183,5,29,25,4,20,7,13
S01013452,Families with no dependent children,116,113,98,96,2,15,12,3,3,3,0
S01013452,Families with dependent children: Total,121,104,90,87,3,14,13,1,17,4,13
S01013452,Families with dependent children: Youngest aged 0 to 4,36,33,24,24,0,9,9,0,3,2,1
S01013452,Families with dependent children: Youngest aged 5 to 11,34,29,26,25,1,3,3,0,5,0,5
S01013452,Families with dependent children: Youngest aged 12 to 18,51,42,40,38,2,2,1,1,9,2,7
S01013453,All families in households,236,164,119,109,10,45,40,5,72,6,66
S01013453,Families with no dependent children,122,107,87,83,4,20,20,0,15,1,14
S01013453,Families with dependent children: Total,114,57,32,26,6,25,20,5,57,5,52
S01013453,Families with dependent children: Youngest aged 0 to 4,51,25,10,6,4,15,12,3,26,2,24
S01013453,Families with dependent children: Youngest aged 5 to 11,38,20,13,12,1,7,5,2,18,1,17
S01013453,Families with dependent children: Youngest aged 12 to 18,25,12,9,8,1,3,3,0,13,2,11
S01013454,All families in households,236,216,189,183,6,27,25,2,20,5,15
S01013454,Families with no dependent children,146,135,111,110,1,24,23,1,11,3,8
S01013454,Families with dependent children: Total,90,81,78,73,5,3,2,1,9,2,7
S01013454,Families with dependent children: Youngest aged 0 to 4,43,40,38,36,2,2,2,0,3,1,2
S01013454,Families with dependent children: Youngest aged 5 to 11,29,23,23,22,1,0,0,0,6,1,5
S01013454,Families with dependent children: Youngest aged 12 to 18,18,18,17,15,2,1,0,1,0,0,0
S01013455,All families in households,168,152,118,113,5,34,30,4,16,5,11
S01013455,Families with no dependent children,116,106,80,79,1,26,25,1,10,4,6
S01013455,Families with dependent children: Total,52,46,38,34,4,8,5,3,6,1,5
S01013455,Families with dependent children: Youngest aged 0 to 4,28,24,18,18,0,6,4,2,4,0,4
S01013455,Families with dependent children: Youngest aged 5 to 11,15,13,12,8,4,1,0,1,2,1,1
S01013455,Families with dependent children: Youngest aged 12 to 18,9,9,8,8,0,1,1,0,0,0,0
S01013456,All families in households,216,185,138,131,7,47,44,3,31,2,29
S01013456,Families with no dependent children,132,119,89,87,2,30,29,1,13,1,12
S01013456,Families with dependent children: Total,84,66,49,44,5,17,15,2,18,1,17
S01013456,Families with dependent children: Youngest aged 0 to 4,38,32,21,20,1,11,11,0,6,0,6
S01013456,Families with dependent children: Youngest aged 5 to 11,21,19,14,10,4,5,4,1,2,0,2
S01013456,Families with dependent children: Youngest aged 12 to 18,25,15,14,14,0,1,0,1,10,1,9
S01013457,All families in households,283,202,155,143,12,47,39,8,81,12,69
S01013457,Families with no dependent children,162,135,110,106,4,25,23,2,27,7,20
S01013457,Families with dependent children: Total,121,67,45,37,8,22,16,6,54,5,49
S01013457,Families with dependent children: Youngest aged 0 to 4,51,27,15,15,0,12,11,1,24,0,24
S01013457,Families with dependent children: Youngest aged 5 to 11,32,19,13,8,5,6,3,3,13,1,12
S01013457,Families with dependent children: Youngest aged 12 to 18,38,21,17,14,3,4,2,2,17,4,13
S01013458,All families in households,201,170,136,129,7,34,32,2,31,9,22
S01013458,Families with no dependent children,123,113,89,86,3,24,24,0,10,3,7
S01013458,Families with dependent children: Total,78,57,47,43,4,10,8,2,21,6,15
S01013458,Families with dependent children: Youngest aged 0 to 4,31,21,15,14,1,6,5,1,10,2,8
S01013458,Families with dependent children: Youngest aged 5 to 11,23,19,17,16,1,2,2,0,4,0,4
S01013458,Families with dependent children: Youngest aged 12 to 18,24,17,15,13,2,2,1,1,7,4,3
S01013459,All families in households,212,169,121,114,7,48,40,8,43,6,37
S01013459,Families with no dependent children,135,117,80,77,3,37,34,3,18,1,17
S01013459,Families with dependent children: Total,77,52,41,37,4,11,6,5,25,5,20
S01013459,Families with dependent children: Youngest aged 0 to 4,25,21,16,16,0,5,4,1,4,1,3
S01013459,Families with dependent children: Youngest aged 5 to 11,27,15,11,10,1,4,1,3,12,0,12
S01013459,Families with dependent children: Youngest aged 12 to 18,25,16,14,11,3,2,1,1,9,4,5
S01013460,All families in households,234,174,146,142,4,28,20,8,60,3,57
S01013460,Families with no dependent children,124,105,95,95,0,10,9,1,19,3,16
S01013460,Families with dependent children: Total,110,69,51,47,4,18,11,7,41,0,41
S01013460,Families with dependent children: Youngest aged 0 to 4,46,32,19,18,1,13,10,3,14,0,14
S01013460,Families with dependent children: Youngest aged 5 to 11,43,21,17,15,2,4,0,4,22,0,22
S01013460,Families with dependent children: Youngest aged 12 to 18,21,16,15,14,1,1,1,0,5,0,5
S01013461,All families in households,316,249,184,173,11,65,49,16,67,8,59
S01013461,Families with no dependent children,137,120,87,85,2,33,32,1,17,3,14
S01013461,Families with dependent children: Total,179,129,97,88,9,32,17,15,50,5,45
S01013461,Families with dependent children: Youngest aged 0 to 4,77,57,41,38,3,16,11,5,20,2,18
S01013461,Families with dependent children: Youngest aged 5 to 11,59,44,33,29,4,11,5,6,15,0,15
S01013461,Families with dependent children: Youngest aged 12 to 18,43,28,23,21,2,5,1,4,15,3,12
S01013462,All families in households,267,234,185,181,4,49,46,3,33,6,27
S01013462,Families with no dependent children,156,145,110,108,2,35,34,1,11,4,7
S01013462,Families with dependent children: Total,111,89,75,73,2,14,12,2,22,2,20
S01013462,Families with dependent children: Youngest aged 0 to 4,39,34,28,28,0,6,6,0,5,0,5
S01013462,Families with dependent children: Youngest aged 5 to 11,36,28,24,23,1,4,3,1,8,1,7
S01013462,Families with dependent children: Youngest aged 12 to 18,36,27,23,22,1,4,3,1,9,1,8
S01013463,All families in households,176,119,91,87,4,28,22,6,57,6,51
S01013463,Families with no dependent children,60,53,45,44,1,8,8,0,7,1,6
S01013463,Families with dependent children: Total,116,66,46,43,3,20,14,6,50,5,45
S01013463,Families with dependent children: Youngest aged 0 to 4,51,36,23,23,0,13,11,2,15,0,15
S01013463,Families with dependent children: Youngest aged 5 to 11,39,20,16,15,1,4,2,2,19,2,17
S01013463,Families with dependent children: Youngest aged 12 to 18,26,10,7,5,2,3,1,2,16,3,13
S01013464,All families in households,224,192,161,158,3,31,27,4,32,8,24
S01013464,Families with no dependent children,162,145,119,118,1,26,24,2,17,3,14
S01013464,Families with dependent children: Total,62,47,42,40,2,5,3,2,15,5,10
S01013464,Families with dependent children: Youngest aged 0 to 4,21,18,16,15,1,2,2,0,3,0,3
S01013464,Families with dependent children: Youngest aged 5 to 11,18,13,11,10,1,2,0,2,5,1,4
S01013464,Families with dependent children: Youngest aged 12 to 18,23,16,15,15,0,1,1,0,7,4,3
S01013465,All families in households,195,172,142,139,3,30,26,4,23,4,19
S01013465,Families with no dependent children,138,129,107,106,1,22,18,4,9,2,7
S01013465,Families with dependent children: Total,57,43,35,33,2,8,8,0,14,2,12
S01013465,Families with dependent children: Youngest aged 0 to 4,19,16,11,11,0,5,5,0,3,0,3
S01013465,Families with dependent children: Youngest aged 5 to 11,19,13,10,9,1,3,3,0,6,0,6
S01013465,Families with dependent children: Youngest aged 12 to 18,19,14,14,13,1,0,0,0,5,2,3
S01013466,All families in households,92,87,75,73,2,12,9,3,5,0,5
S01013466,Families with no dependent children,62,60,52,51,1,8,7,1,2,0,2
S01013466,Families with dependent children: Total,30,27,23,22,1,4,2,2,3,0,3
S01013466,Families with dependent children: Youngest aged 0 to 4,11,11,9,8,1,2,2,0,0,0,0
S01013466,Families with dependent children: Youngest aged 5 to 11,12,10,8,8,0,2,0,2,2,0,2
S01013466,Families with dependent children: Youngest aged 12 to 18,7,6,6,6,0,0,0,0,1,0,1
S01013467,All families in households,303,278,242,230,12,36,26,10,25,4,21
S01013467,Families with no dependent children,143,132,117,114,3,15,14,1,11,3,8
S01013467,Families with dependent children: Total,160,146,125,116,9,21,12,9,14,1,13
S01013467,Families with dependent children: Youngest aged 0 to 4,88,84,71,68,3,13,8,5,4,0,4
S01013467,Families with dependent children: Youngest aged 5 to 11,41,36,31,27,4,5,4,1,5,0,5
S01013467,Families with dependent children: Youngest aged 12 to 18,31,26,23,21,2,3,0,3,5,1,4
S01013468,All families in households,154,122,99,98,1,23,21,2,32,5,27
S01013468,Families with no dependent children,88,77,64,64,0,13,13,0,11,3,8
S01013468,Families with dependent children: Total,66,45,35,34,1,10,8,2,21,2,19
S01013468,Families with dependent children: Youngest aged 0 to 4,19,14,10,10,0,4,4,0,5,0,5
S01013468,Families with dependent children: Youngest aged 5 to 11,23,11,8,8,0,3,3,0,12,2,10
S01013468,Families with dependent children: Youngest aged 12 to 18,24,20,17,16,1,3,1,2,4,0,4
S01013469,All families in households,251,214,190,183,7,24,23,1,37,11,26
S01013469,Families with no dependent children,182,164,148,144,4,16,16,0,18,3,15
S01013469,Families with dependent children: Total,69,50,42,39,3,8,7,1,19,8,11
S01013469,Families with dependent children: Youngest aged 0 to 4,25,20,14,13,1,6,5,1,5,1,4
S01013469,Families with dependent children: Youngest aged 5 to 11,25,20,18,16,2,2,2,0,5,1,4
S01013469,Families with dependent children: Youngest aged 12 to 18,19,10,10,10,0,0,0,0,9,6,3
S01013470,All families in households,223,152,106,98,8,46,39,7,71,13,58
S01013470,Families with no dependent children,113,93,68,64,4,25,23,2,20,7,13
S01013470,Families with dependent children: Total,110,59,38,34,4,21,16,5,51,6,45
S01013470,Families with dependent children: Youngest aged 0 to 4,48,30,17,16,1,13,11,2,18,1,17
S01013470,Families with dependent children: Youngest aged 5 to 11,37,20,13,11,2,7,5,2,17,2,15
S01013470,Families with dependent children: Youngest aged 12 to 18,25,9,8,7,1,1,0,1,16,3,13
S01013471,All families in households,286,209,152,142,10,57,44,13,77,9,68
S01013471,Families with no dependent children,159,135,107,102,5,28,24,4,24,7,17
S01013471,Families with dependent children: Total,127,74,45,40,5,29,20,9,53,2,51
S01013471,Families with dependent children: Youngest aged 0 to 4,54,38,17,16,1,21,17,4,16,0,16
S01013471,Families with dependent children: Youngest aged 5 to 11,42,23,20,16,4,3,1,2,19,1,18
S01013471,Families with dependent children: Youngest aged 12 to 18,31,13,8,8,0,5,2,3,18,1,17
S01013472,All families in households,181,172,147,141,6,25,22,3,9,1,8
S01013472,Families with no dependent children,67,64,55,53,2,9,9,0,3,1,2
S01013472,Families with dependent children: Total,114,108,92,88,4,16,13,3,6,0,6
S01013472,Families with dependent children: Youngest aged 0 to 4,56,55,45,45,0,10,9,1,1,0,1
S01013472,Families with dependent children: Youngest aged 5 to 11,38,34,29,27,2,5,4,1,4,0,4
S01013472,Families with dependent children: Youngest aged 12 to 18,20,19,18,16,2,1,0,1,1,0,1
S01013473,All families in households,199,186,164,151,13,22,18,4,13,1,12
S01013473,Families with no dependent children,67,64,53,50,3,11,10,1,3,0,3
S01013473,Families with dependent children: Total,132,122,111,101,10,11,8,3,10,1,9
S01013473,Families with dependent children: Youngest aged 0 to 4,62,60,54,51,3,6,5,1,2,0,2
S01013473,Families with dependent children: Youngest aged 5 to 11,43,40,37,33,4,3,2,1,3,0,3
S01013473,Families with dependent children: Youngest aged 12 to 18,27,22,20,17,3,2,1,1,5,1,4
S01013474,All families in households,193,172,145,133,12,27,24,3,21,1,20
S01013474,Families with no dependent children,83,78,61,54,7,17,16,1,5,0,5
S01013474,Families with dependent children: Total,110,94,84,79,5,10,8,2,16,1,15
S01013474,Families with dependent children: Youngest aged 0 to 4,48,44,38,38,0,6,5,1,4,0,4
S01013474,Families with dependent children: Youngest aged 5 to 11,41,33,31,28,3,2,2,0,8,0,8
S01013474,Families with dependent children: Youngest aged 12 to 18,21,17,15,13,2,2,1,1,4,1,3
S01013475,All families in households,196,172,151,145,6,21,17,4,24,5,19
S01013475,Families with no dependent children,116,108,98,96,2,10,9,1,8,3,5
S01013475,Families with dependent children: Total,80,64,53,49,4,11,8,3,16,2,14
S01013475,Families with dependent children: Youngest aged 0 to 4,23,17,13,11,2,4,4,0,6,0,6
S01013475,Families with dependent children: Youngest aged 5 to 11,24,20,17,16,1,3,2,1,4,1,3
S01013475,Families with dependent children: Youngest aged 12 to 18,33,27,23,22,1,4,2,2,6,1,5
S01013476,All families in households,205,173,144,138,6,29,22,7,32,4,28
S01013476,Families with no dependent children,136,120,107,103,4,13,11,2,16,3,13
S01013476,Families with dependent children: Total,69,53,37,35,2,16,11,5,16,1,15
S01013476,Families with dependent children: Youngest aged 0 to 4,28,25,15,14,1,10,8,2,3,0,3
S01013476,Families with dependent children: Youngest aged 5 to 11,17,11,7,7,0,4,1,3,6,0,6
S01013476,Families with dependent children: Youngest aged 12 to 18,24,17,15,14,1,2,2,0,7,1,6
S01013477,All families in households,171,136,100,96,4,36,33,3,35,5,30
S01013477,Families with no dependent children,106,100,78,75,3,22,22,0,6,3,3
S01013477,Families with dependent children: Total,65,36,22,21,1,14,11,3,29,2,27
S01013477,Families with dependent children: Youngest aged 0 to 4,39,22,11,11,0,11,9,2,17,0,17
S01013477,Families with dependent children: Youngest aged 5 to 11,11,5,2,2,0,3,2,1,6,1,5
S01013477,Families with dependent children: Youngest aged 12 to 18,15,9,9,8,1,0,0,0,6,1,5
S01013478,All families in households,237,192,138,127,11,54,45,9,45,7,38
S01013478,Families with no dependent children,111,101,73,70,3,28,26,2,10,4,6
S01013478,Families with dependent children: Total,126,91,65,57,8,26,19,7,35,3,32
S01013478,Families with dependent children: Youngest aged 0 to 4,49,38,26,23,3,12,11,1,11,0,11
S01013478,Families with dependent children: Youngest aged 5 to 11,40,28,17,15,2,11,7,4,12,2,10
S01013478,Families with dependent children: Youngest aged 12 to 18,37,25,22,19,3,3,1,2,12,1,11
S01013479,All families in households,210,163,114,109,5,49,40,9,47,8,39
S01013479,Families with no dependent children,133,121,82,82,0,39,37,2,12,4,8
S01013479,Families with dependent children: Total,77,42,32,27,5,10,3,7,35,4,31
S01013479,Families with dependent children: Youngest aged 0 to 4,30,20,14,13,1,6,3,3,10,0,10
S01013479,Families with dependent children: Youngest aged 5 to 11,28,10,8,7,1,2,0,2,18,4,14
S01013479,Families with dependent children: Youngest aged 12 to 18,19,12,10,7,3,2,0,2,7,0,7
S01013480,All families in households,201,168,128,121,7,40,37,3,33,8,25
S01013480,Families with no dependent children,129,115,94,91,3,21,20,1,14,6,8
S01013480,Families with dependent children: Total,72,53,34,30,4,19,17,2,19,2,17
S01013480,Families with dependent children: Youngest aged 0 to 4,32,23,10,7,3,13,12,1,9,2,7
S01013480,Families with dependent children: Youngest aged 5 to 11,21,17,12,11,1,5,4,1,4,0,4
S01013480,Families with dependent children: Youngest aged 12 to 18,19,13,12,12,0,1,1,0,6,0,6
S01013481,All families in households,139,120,106,102,4,14,11,3,19,5,14
S01013481,Families with no dependent children,101,92,80,79,1,12,9,3,9,2,7
S01013481,Families with dependent children: Total,38,28,26,23,3,2,2,0,10,3,7
S01013481,Families with dependent children: Youngest aged 0 to 4,15,13,11,10,1,2,2,0,2,0,2
S01013481,Families with dependent children: Youngest aged 5 to 11,11,9,9,8,1,0,0,0,2,1,1
S01013481,Families with dependent children: Youngest aged 12 to 18,12,6,6,5,1,0,0,0,6,2,4
