,,All parents aged 16 and over with dependent children: Total,All parents aged 16 and over with dependent children: One dependent child,All parents aged 16 and over with dependent children: Two or more dependent children
S92000003,All parents aged 16 and over with dependent children,1038573,493613,544960
S92000003,Couple family: Total,848843,378410,470433
S92000003,Couple family: Both parents working,610398,284300,326098
S92000003,Couple family: One parent working,192578,73810,118768
S92000003,Couple family: No parents working,45867,20300,25567
S92000003,Lone parent family: Total,189730,115203,74527
S92000003,Lone parent family: Parent working,110722,71284,39438
S92000003,Lone parent family: Parent not working,79008,43919,35089
S01006506,All parents aged 16 and over with dependent children,163,93,70
S01006506,Couple family: Total,148,80,68
S01006506,Couple family: Both parents working,106,60,46
S01006506,Couple family: One parent working,36,18,18
S01006506,Couple family: No parents working,6,2,4
S01006506,Lone parent family: Total,15,13,2
S01006506,Lone parent family: Parent working,11,9,2
S01006506,Lone parent family: Parent not working,4,4,0
S01006507,All parents aged 16 and over with dependent children,176,86,90
S01006507,Couple family: Total,152,68,84
S01006507,Couple family: Both parents working,116,52,64
S01006507,Couple family: One parent working,34,16,18
S01006507,Couple family: No parents working,2,0,2
S01006507,Lone parent family: Total,24,18,6
S01006507,Lone parent family: Parent working,20,16,4
S01006507,Lone parent family: Parent not working,4,2,2
S01006508,All parents aged 16 and over with dependent children,123,72,51
S01006508,Couple family: Total,108,60,48
S01006508,Couple family: Both parents working,86,54,32
S01006508,Couple family: One parent working,20,6,14
S01006508,Couple family: No parents working,2,0,2
S01006508,Lone parent family: Total,15,12,3
S01006508,Lone parent family: Parent working,13,10,3
S01006508,Lone parent family: Parent not working,2,2,0
S01006509,All parents aged 16 and over with dependent children,120,61,59
S01006509,Couple family: Total,100,48,52
S01006509,Couple family: Both parents working,82,38,44
S01006509,Couple family: One parent working,16,8,8
S01006509,Couple family: No parents working,2,2,0
S01006509,Lone parent family: Total,20,13,7
S01006509,Lone parent family: Parent working,16,10,6
S01006509,Lone parent family: Parent not working,4,3,1
S01006510,All parents aged 16 and over with dependent children,120,51,69
S01006510,Couple family: Total,106,42,64
S01006510,Couple family: Both parents working,76,34,42
S01006510,Couple family: One parent working,28,6,22
S01006510,Couple family: No parents working,2,2,0
S01006510,Lone parent family: Total,14,9,5
S01006510,Lone parent family: Parent working,8,5,3
S01006510,Lone parent family: Parent not working,6,4,2
S01006511,All parents aged 16 and over with dependent children,159,57,102
S01006511,Couple family: Total,148,52,96
S01006511,Couple family: Both parents working,112,36,76
S01006511,Couple family: One parent working,36,16,20
S01006511,Couple family: No parents working,0,0,0
S01006511,Lone parent family: Total,11,5,6
S01006511,Lone parent family: Parent working,9,3,6
S01006511,Lone parent family: Parent not working,2,2,0
S01006512,All parents aged 16 and over with dependent children,161,52,109
S01006512,Couple family: Total,152,48,104
S01006512,Couple family: Both parents working,98,36,62
S01006512,Couple family: One parent working,48,10,38
S01006512,Couple family: No parents working,6,2,4
S01006512,Lone parent family: Total,9,4,5
S01006512,Lone parent family: Parent working,7,4,3
S01006512,Lone parent family: Parent not working,2,0,2
S01006513,All parents aged 16 and over with dependent children,143,45,98
S01006513,Couple family: Total,134,38,96
S01006513,Couple family: Both parents working,90,24,66
S01006513,Couple family: One parent working,44,14,30
S01006513,Couple family: No parents working,0,0,0
S01006513,Lone parent family: Total,9,7,2
S01006513,Lone parent family: Parent working,8,7,1
S01006513,Lone parent family: Parent not working,1,0,1
S01006514,All parents aged 16 and over with dependent children,272,90,182
S01006514,Couple family: Total,264,84,180
S01006514,Couple family: Both parents working,182,66,116
S01006514,Couple family: One parent working,78,14,64
S01006514,Couple family: No parents working,4,4,0
S01006514,Lone parent family: Total,8,6,2
S01006514,Lone parent family: Parent working,8,6,2
S01006514,Lone parent family: Parent not working,0,0,0
S01006515,All parents aged 16 and over with dependent children,211,79,132
S01006515,Couple family: Total,198,74,124
S01006515,Couple family: Both parents working,146,50,96
S01006515,Couple family: One parent working,48,22,26
S01006515,Couple family: No parents working,4,2,2
S01006515,Lone parent family: Total,13,5,8
S01006515,Lone parent family: Parent working,9,4,5
S01006515,Lone parent family: Parent not working,4,1,3
S01006516,All parents aged 16 and over with dependent children,94,40,54
S01006516,Couple family: Total,90,36,54
S01006516,Couple family: Both parents working,54,28,26
S01006516,Couple family: One parent working,32,8,24
S01006516,Couple family: No parents working,4,0,4
S01006516,Lone parent family: Total,4,4,0
S01006516,Lone parent family: Parent working,4,4,0
S01006516,Lone parent family: Parent not working,0,0,0
S01006517,All parents aged 16 and over with dependent children,245,84,161
S01006517,Couple family: Total,226,76,150
S01006517,Couple family: Both parents working,164,56,108
S01006517,Couple family: One parent working,62,20,42
S01006517,Couple family: No parents working,0,0,0
S01006517,Lone parent family: Total,19,8,11
S01006517,Lone parent family: Parent working,14,7,7
S01006517,Lone parent family: Parent not working,5,1,4
S01006518,All parents aged 16 and over with dependent children,150,57,93
S01006518,Couple family: Total,142,52,90
S01006518,Couple family: Both parents working,90,38,52
S01006518,Couple family: One parent working,52,14,38
S01006518,Couple family: No parents working,0,0,0
S01006518,Lone parent family: Total,8,5,3
S01006518,Lone parent family: Parent working,7,5,2
S01006518,Lone parent family: Parent not working,1,0,1
S01006519,All parents aged 16 and over with dependent children,212,67,145
S01006519,Couple family: Total,192,56,136
S01006519,Couple family: Both parents working,122,42,80
S01006519,Couple family: One parent working,70,14,56
S01006519,Couple family: No parents working,0,0,0
S01006519,Lone parent family: Total,20,11,9
S01006519,Lone parent family: Parent working,12,6,6
S01006519,Lone parent family: Parent not working,8,5,3
S01006520,All parents aged 16 and over with dependent children,242,63,179
S01006520,Couple family: Total,232,56,176
S01006520,Couple family: Both parents working,128,36,92
S01006520,Couple family: One parent working,100,20,80
S01006520,Couple family: No parents working,4,0,4
S01006520,Lone parent family: Total,10,7,3
S01006520,Lone parent family: Parent working,9,7,2
S01006520,Lone parent family: Parent not working,1,0,1
S01006521,All parents aged 16 and over with dependent children,196,87,109
S01006521,Couple family: Total,188,82,106
S01006521,Couple family: Both parents working,100,54,46
S01006521,Couple family: One parent working,88,28,60
S01006521,Couple family: No parents working,0,0,0
S01006521,Lone parent family: Total,8,5,3
S01006521,Lone parent family: Parent working,6,4,2
S01006521,Lone parent family: Parent not working,2,1,1
S01006522,All parents aged 16 and over with dependent children,165,56,109
S01006522,Couple family: Total,156,52,104
S01006522,Couple family: Both parents working,118,46,72
S01006522,Couple family: One parent working,38,6,32
S01006522,Couple family: No parents working,0,0,0
S01006522,Lone parent family: Total,9,4,5
S01006522,Lone parent family: Parent working,8,4,4
S01006522,Lone parent family: Parent not working,1,0,1
S01006523,All parents aged 16 and over with dependent children,217,100,117
S01006523,Couple family: Total,198,88,110
S01006523,Couple family: Both parents working,138,66,72
S01006523,Couple family: One parent working,60,22,38
S01006523,Couple family: No parents working,0,0,0
S01006523,Lone parent family: Total,19,12,7
S01006523,Lone parent family: Parent working,13,8,5
S01006523,Lone parent family: Parent not working,6,4,2
S01006524,All parents aged 16 and over with dependent children,144,54,90
S01006524,Couple family: Total,134,48,86
S01006524,Couple family: Both parents working,76,30,46
S01006524,Couple family: One parent working,56,18,38
S01006524,Couple family: No parents working,2,0,2
S01006524,Lone parent family: Total,10,6,4
S01006524,Lone parent family: Parent working,7,5,2
S01006524,Lone parent family: Parent not working,3,1,2
S01006525,All parents aged 16 and over with dependent children,174,75,99
S01006525,Couple family: Total,160,66,94
S01006525,Couple family: Both parents working,96,44,52
S01006525,Couple family: One parent working,64,22,42
S01006525,Couple family: No parents working,0,0,0
S01006525,Lone parent family: Total,14,9,5
S01006525,Lone parent family: Parent working,11,9,2
S01006525,Lone parent family: Parent not working,3,0,3
S01006526,All parents aged 16 and over with dependent children,141,84,57
S01006526,Couple family: Total,108,60,48
S01006526,Couple family: Both parents working,86,48,38
S01006526,Couple family: One parent working,18,8,10
S01006526,Couple family: No parents working,4,4,0
S01006526,Lone parent family: Total,33,24,9
S01006526,Lone parent family: Parent working,18,13,5
S01006526,Lone parent family: Parent not working,15,11,4
S01006527,All parents aged 16 and over with dependent children,136,63,73
S01006527,Couple family: Total,108,50,58
S01006527,Couple family: Both parents working,58,38,20
S01006527,Couple family: One parent working,40,10,30
S01006527,Couple family: No parents working,10,2,8
S01006527,Lone parent family: Total,28,13,15
S01006527,Lone parent family: Parent working,15,10,5
S01006527,Lone parent family: Parent not working,13,3,10
S01006528,All parents aged 16 and over with dependent children,169,81,88
S01006528,Couple family: Total,138,62,76
S01006528,Couple family: Both parents working,102,52,50
S01006528,Couple family: One parent working,32,6,26
S01006528,Couple family: No parents working,4,4,0
S01006528,Lone parent family: Total,31,19,12
S01006528,Lone parent family: Parent working,21,15,6
S01006528,Lone parent family: Parent not working,10,4,6
S01006529,All parents aged 16 and over with dependent children,126,66,60
S01006529,Couple family: Total,110,60,50
S01006529,Couple family: Both parents working,64,40,24
S01006529,Couple family: One parent working,32,16,16
S01006529,Couple family: No parents working,14,4,10
S01006529,Lone parent family: Total,16,6,10
S01006529,Lone parent family: Parent working,10,4,6
S01006529,Lone parent family: Parent not working,6,2,4
S01006530,All parents aged 16 and over with dependent children,98,47,51
S01006530,Couple family: Total,78,38,40
S01006530,Couple family: Both parents working,58,34,24
S01006530,Couple family: One parent working,16,4,12
S01006530,Couple family: No parents working,4,0,4
S01006530,Lone parent family: Total,20,9,11
S01006530,Lone parent family: Parent working,15,7,8
S01006530,Lone parent family: Parent not working,5,2,3
S01006531,All parents aged 16 and over with dependent children,163,74,89
S01006531,Couple family: Total,130,58,72
S01006531,Couple family: Both parents working,82,40,42
S01006531,Couple family: One parent working,42,18,24
S01006531,Couple family: No parents working,6,0,6
S01006531,Lone parent family: Total,33,16,17
S01006531,Lone parent family: Parent working,15,8,7
S01006531,Lone parent family: Parent not working,18,8,10
S01006532,All parents aged 16 and over with dependent children,124,57,67
S01006532,Couple family: Total,116,52,64
S01006532,Couple family: Both parents working,82,42,40
S01006532,Couple family: One parent working,34,10,24
S01006532,Couple family: No parents working,0,0,0
S01006532,Lone parent family: Total,8,5,3
S01006532,Lone parent family: Parent working,8,5,3
S01006532,Lone parent family: Parent not working,0,0,0
S01006533,All parents aged 16 and over with dependent children,155,70,85
S01006533,Couple family: Total,150,68,82
S01006533,Couple family: Both parents working,108,54,54
S01006533,Couple family: One parent working,42,14,28
S01006533,Couple family: No parents working,0,0,0
S01006533,Lone parent family: Total,5,2,3
S01006533,Lone parent family: Parent working,5,2,3
S01006533,Lone parent family: Parent not working,0,0,0
S01006534,All parents aged 16 and over with dependent children,222,86,136
S01006534,Couple family: Total,212,80,132
S01006534,Couple family: Both parents working,138,54,84
S01006534,Couple family: One parent working,74,26,48
S01006534,Couple family: No parents working,0,0,0
S01006534,Lone parent family: Total,10,6,4
S01006534,Lone parent family: Parent working,7,4,3
S01006534,Lone parent family: Parent not working,3,2,1
S01006535,All parents aged 16 and over with dependent children,169,93,76
S01006535,Couple family: Total,156,84,72
S01006535,Couple family: Both parents working,110,60,50
S01006535,Couple family: One parent working,34,12,22
S01006535,Couple family: No parents working,12,12,0
S01006535,Lone parent family: Total,13,9,4
S01006535,Lone parent family: Parent working,7,6,1
S01006535,Lone parent family: Parent not working,6,3,3
S01006536,All parents aged 16 and over with dependent children,145,104,41
S01006536,Couple family: Total,136,96,40
S01006536,Couple family: Both parents working,102,74,28
S01006536,Couple family: One parent working,34,22,12
S01006536,Couple family: No parents working,0,0,0
S01006536,Lone parent family: Total,9,8,1
S01006536,Lone parent family: Parent working,5,5,0
S01006536,Lone parent family: Parent not working,4,3,1
S01006537,All parents aged 16 and over with dependent children,155,74,81
S01006537,Couple family: Total,150,72,78
S01006537,Couple family: Both parents working,110,60,50
S01006537,Couple family: One parent working,38,12,26
S01006537,Couple family: No parents working,2,0,2
S01006537,Lone parent family: Total,5,2,3
S01006537,Lone parent family: Parent working,5,2,3
S01006537,Lone parent family: Parent not working,0,0,0
S01006538,All parents aged 16 and over with dependent children,112,52,60
S01006538,Couple family: Total,106,46,60
S01006538,Couple family: Both parents working,74,36,38
S01006538,Couple family: One parent working,32,10,22
S01006538,Couple family: No parents working,0,0,0
S01006538,Lone parent family: Total,6,6,0
S01006538,Lone parent family: Parent working,5,5,0
S01006538,Lone parent family: Parent not working,1,1,0
S01006539,All parents aged 16 and over with dependent children,154,64,90
S01006539,Couple family: Total,144,56,88
S01006539,Couple family: Both parents working,126,50,76
S01006539,Couple family: One parent working,16,6,10
S01006539,Couple family: No parents working,2,0,2
S01006539,Lone parent family: Total,10,8,2
S01006539,Lone parent family: Parent working,9,7,2
S01006539,Lone parent family: Parent not working,1,1,0
S01006540,All parents aged 16 and over with dependent children,198,109,89
S01006540,Couple family: Total,192,104,88
S01006540,Couple family: Both parents working,142,80,62
S01006540,Couple family: One parent working,46,22,24
S01006540,Couple family: No parents working,4,2,2
S01006540,Lone parent family: Total,6,5,1
S01006540,Lone parent family: Parent working,4,4,0
S01006540,Lone parent family: Parent not working,2,1,1
S01006541,All parents aged 16 and over with dependent children,153,64,89
S01006541,Couple family: Total,148,60,88
S01006541,Couple family: Both parents working,116,46,70
S01006541,Couple family: One parent working,32,14,18
S01006541,Couple family: No parents working,0,0,0
S01006541,Lone parent family: Total,5,4,1
S01006541,Lone parent family: Parent working,4,3,1
S01006541,Lone parent family: Parent not working,1,1,0
S01006542,All parents aged 16 and over with dependent children,176,87,89
S01006542,Couple family: Total,164,78,86
S01006542,Couple family: Both parents working,100,48,52
S01006542,Couple family: One parent working,62,30,32
S01006542,Couple family: No parents working,2,0,2
S01006542,Lone parent family: Total,12,9,3
S01006542,Lone parent family: Parent working,10,8,2
S01006542,Lone parent family: Parent not working,2,1,1
S01006543,All parents aged 16 and over with dependent children,155,78,77
S01006543,Couple family: Total,148,76,72
S01006543,Couple family: Both parents working,108,56,52
S01006543,Couple family: One parent working,38,18,20
S01006543,Couple family: No parents working,2,2,0
S01006543,Lone parent family: Total,7,2,5
S01006543,Lone parent family: Parent working,4,1,3
S01006543,Lone parent family: Parent not working,3,1,2
S01006544,All parents aged 16 and over with dependent children,184,97,87
S01006544,Couple family: Total,172,92,80
S01006544,Couple family: Both parents working,114,60,54
S01006544,Couple family: One parent working,54,30,24
S01006544,Couple family: No parents working,4,2,2
S01006544,Lone parent family: Total,12,5,7
S01006544,Lone parent family: Parent working,9,4,5
S01006544,Lone parent family: Parent not working,3,1,2
S01006545,All parents aged 16 and over with dependent children,165,77,88
S01006545,Couple family: Total,152,66,86
S01006545,Couple family: Both parents working,114,50,64
S01006545,Couple family: One parent working,34,16,18
S01006545,Couple family: No parents working,4,0,4
S01006545,Lone parent family: Total,13,11,2
S01006545,Lone parent family: Parent working,11,9,2
S01006545,Lone parent family: Parent not working,2,2,0
S01006546,All parents aged 16 and over with dependent children,146,70,76
S01006546,Couple family: Total,140,68,72
S01006546,Couple family: Both parents working,114,54,60
S01006546,Couple family: One parent working,26,14,12
S01006546,Couple family: No parents working,0,0,0
S01006546,Lone parent family: Total,6,2,4
S01006546,Lone parent family: Parent working,6,2,4
S01006546,Lone parent family: Parent not working,0,0,0
S01006547,All parents aged 16 and over with dependent children,164,84,80
S01006547,Couple family: Total,146,72,74
S01006547,Couple family: Both parents working,76,32,44
S01006547,Couple family: One parent working,66,36,30
S01006547,Couple family: No parents working,4,4,0
S01006547,Lone parent family: Total,18,12,6
S01006547,Lone parent family: Parent working,11,8,3
S01006547,Lone parent family: Parent not working,7,4,3
S01006548,All parents aged 16 and over with dependent children,144,64,80
S01006548,Couple family: Total,142,64,78
S01006548,Couple family: Both parents working,126,58,68
S01006548,Couple family: One parent working,16,6,10
S01006548,Couple family: No parents working,0,0,0
S01006548,Lone parent family: Total,2,0,2
S01006548,Lone parent family: Parent working,1,0,1
S01006548,Lone parent family: Parent not working,1,0,1
S01006549,All parents aged 16 and over with dependent children,152,79,73
S01006549,Couple family: Total,148,76,72
S01006549,Couple family: Both parents working,102,56,46
S01006549,Couple family: One parent working,46,20,26
S01006549,Couple family: No parents working,0,0,0
S01006549,Lone parent family: Total,4,3,1
S01006549,Lone parent family: Parent working,3,2,1
S01006549,Lone parent family: Parent not working,1,1,0
S01006550,All parents aged 16 and over with dependent children,183,85,98
S01006550,Couple family: Total,176,80,96
S01006550,Couple family: Both parents working,130,60,70
S01006550,Couple family: One parent working,46,20,26
S01006550,Couple family: No parents working,0,0,0
S01006550,Lone parent family: Total,7,5,2
S01006550,Lone parent family: Parent working,5,4,1
S01006550,Lone parent family: Parent not working,2,1,1
S01006551,All parents aged 16 and over with dependent children,120,53,67
S01006551,Couple family: Total,96,34,62
S01006551,Couple family: Both parents working,68,22,46
S01006551,Couple family: One parent working,24,8,16
S01006551,Couple family: No parents working,4,4,0
S01006551,Lone parent family: Total,24,19,5
S01006551,Lone parent family: Parent working,17,13,4
S01006551,Lone parent family: Parent not working,7,6,1
S01006552,All parents aged 16 and over with dependent children,159,84,75
S01006552,Couple family: Total,136,70,66
S01006552,Couple family: Both parents working,108,56,52
S01006552,Couple family: One parent working,26,12,14
S01006552,Couple family: No parents working,2,2,0
S01006552,Lone parent family: Total,23,14,9
S01006552,Lone parent family: Parent working,22,13,9
S01006552,Lone parent family: Parent not working,1,1,0
S01006553,All parents aged 16 and over with dependent children,148,70,78
S01006553,Couple family: Total,132,56,76
S01006553,Couple family: Both parents working,106,46,60
S01006553,Couple family: One parent working,26,10,16
S01006553,Couple family: No parents working,0,0,0
S01006553,Lone parent family: Total,16,14,2
S01006553,Lone parent family: Parent working,10,9,1
S01006553,Lone parent family: Parent not working,6,5,1
S01006554,All parents aged 16 and over with dependent children,113,63,50
S01006554,Couple family: Total,92,46,46
S01006554,Couple family: Both parents working,66,30,36
S01006554,Couple family: One parent working,24,14,10
S01006554,Couple family: No parents working,2,2,0
S01006554,Lone parent family: Total,21,17,4
S01006554,Lone parent family: Parent working,14,13,1
S01006554,Lone parent family: Parent not working,7,4,3
S01006555,All parents aged 16 and over with dependent children,173,88,85
S01006555,Couple family: Total,126,56,70
S01006555,Couple family: Both parents working,98,48,50
S01006555,Couple family: One parent working,26,6,20
S01006555,Couple family: No parents working,2,2,0
S01006555,Lone parent family: Total,47,32,15
S01006555,Lone parent family: Parent working,26,19,7
S01006555,Lone parent family: Parent not working,21,13,8
S01006556,All parents aged 16 and over with dependent children,149,83,66
S01006556,Couple family: Total,120,64,56
S01006556,Couple family: Both parents working,92,46,46
S01006556,Couple family: One parent working,18,8,10
S01006556,Couple family: No parents working,10,10,0
S01006556,Lone parent family: Total,29,19,10
S01006556,Lone parent family: Parent working,15,11,4
S01006556,Lone parent family: Parent not working,14,8,6
S01006557,All parents aged 16 and over with dependent children,133,63,70
S01006557,Couple family: Total,102,40,62
S01006557,Couple family: Both parents working,64,26,38
S01006557,Couple family: One parent working,32,12,20
S01006557,Couple family: No parents working,6,2,4
S01006557,Lone parent family: Total,31,23,8
S01006557,Lone parent family: Parent working,23,20,3
S01006557,Lone parent family: Parent not working,8,3,5
S01006558,All parents aged 16 and over with dependent children,88,50,38
S01006558,Couple family: Total,84,46,38
S01006558,Couple family: Both parents working,56,32,24
S01006558,Couple family: One parent working,28,14,14
S01006558,Couple family: No parents working,0,0,0
S01006558,Lone parent family: Total,4,4,0
S01006558,Lone parent family: Parent working,4,4,0
S01006558,Lone parent family: Parent not working,0,0,0
S01006559,All parents aged 16 and over with dependent children,138,68,70
S01006559,Couple family: Total,128,58,70
S01006559,Couple family: Both parents working,86,38,48
S01006559,Couple family: One parent working,40,18,22
S01006559,Couple family: No parents working,2,2,0
S01006559,Lone parent family: Total,10,10,0
S01006559,Lone parent family: Parent working,8,8,0
S01006559,Lone parent family: Parent not working,2,2,0
S01006560,All parents aged 16 and over with dependent children,238,93,145
S01006560,Couple family: Total,224,84,140
S01006560,Couple family: Both parents working,180,74,106
S01006560,Couple family: One parent working,40,10,30
S01006560,Couple family: No parents working,4,0,4
S01006560,Lone parent family: Total,14,9,5
S01006560,Lone parent family: Parent working,11,8,3
S01006560,Lone parent family: Parent not working,3,1,2
S01006561,All parents aged 16 and over with dependent children,181,72,109
S01006561,Couple family: Total,166,62,104
S01006561,Couple family: Both parents working,116,46,70
S01006561,Couple family: One parent working,48,16,32
S01006561,Couple family: No parents working,2,0,2
S01006561,Lone parent family: Total,15,10,5
S01006561,Lone parent family: Parent working,13,9,4
S01006561,Lone parent family: Parent not working,2,1,1
S01006562,All parents aged 16 and over with dependent children,129,57,72
S01006562,Couple family: Total,110,48,62
S01006562,Couple family: Both parents working,90,40,50
S01006562,Couple family: One parent working,14,8,6
S01006562,Couple family: No parents working,6,0,6
S01006562,Lone parent family: Total,19,9,10
S01006562,Lone parent family: Parent working,17,8,9
S01006562,Lone parent family: Parent not working,2,1,1
S01006563,All parents aged 16 and over with dependent children,182,77,105
S01006563,Couple family: Total,170,70,100
S01006563,Couple family: Both parents working,114,56,58
S01006563,Couple family: One parent working,52,12,40
S01006563,Couple family: No parents working,4,2,2
S01006563,Lone parent family: Total,12,7,5
S01006563,Lone parent family: Parent working,11,6,5
S01006563,Lone parent family: Parent not working,1,1,0
S01006564,All parents aged 16 and over with dependent children,114,79,35
S01006564,Couple family: Total,82,60,22
S01006564,Couple family: Both parents working,32,24,8
S01006564,Couple family: One parent working,40,30,10
S01006564,Couple family: No parents working,10,6,4
S01006564,Lone parent family: Total,32,19,13
S01006564,Lone parent family: Parent working,20,14,6
S01006564,Lone parent family: Parent not working,12,5,7
S01006565,All parents aged 16 and over with dependent children,59,53,6
S01006565,Couple family: Total,50,46,4
S01006565,Couple family: Both parents working,32,32,0
S01006565,Couple family: One parent working,18,14,4
S01006565,Couple family: No parents working,0,0,0
S01006565,Lone parent family: Total,9,7,2
S01006565,Lone parent family: Parent working,4,4,0
S01006565,Lone parent family: Parent not working,5,3,2
S01006566,All parents aged 16 and over with dependent children,84,44,40
S01006566,Couple family: Total,74,36,38
S01006566,Couple family: Both parents working,44,22,22
S01006566,Couple family: One parent working,22,12,10
S01006566,Couple family: No parents working,8,2,6
S01006566,Lone parent family: Total,10,8,2
S01006566,Lone parent family: Parent working,6,5,1
S01006566,Lone parent family: Parent not working,4,3,1
S01006567,All parents aged 16 and over with dependent children,47,25,22
S01006567,Couple family: Total,32,16,16
S01006567,Couple family: Both parents working,20,12,8
S01006567,Couple family: One parent working,10,4,6
S01006567,Couple family: No parents working,2,0,2
S01006567,Lone parent family: Total,15,9,6
S01006567,Lone parent family: Parent working,7,5,2
S01006567,Lone parent family: Parent not working,8,4,4
S01006568,All parents aged 16 and over with dependent children,74,51,23
S01006568,Couple family: Total,68,46,22
S01006568,Couple family: Both parents working,48,36,12
S01006568,Couple family: One parent working,20,10,10
S01006568,Couple family: No parents working,0,0,0
S01006568,Lone parent family: Total,6,5,1
S01006568,Lone parent family: Parent working,5,5,0
S01006568,Lone parent family: Parent not working,1,0,1
S01006569,All parents aged 16 and over with dependent children,98,50,48
S01006569,Couple family: Total,92,44,48
S01006569,Couple family: Both parents working,54,26,28
S01006569,Couple family: One parent working,36,16,20
S01006569,Couple family: No parents working,2,2,0
S01006569,Lone parent family: Total,6,6,0
S01006569,Lone parent family: Parent working,5,5,0
S01006569,Lone parent family: Parent not working,1,1,0
S01006570,All parents aged 16 and over with dependent children,170,82,88
S01006570,Couple family: Total,160,74,86
S01006570,Couple family: Both parents working,110,52,58
S01006570,Couple family: One parent working,44,18,26
S01006570,Couple family: No parents working,6,4,2
S01006570,Lone parent family: Total,10,8,2
S01006570,Lone parent family: Parent working,7,7,0
S01006570,Lone parent family: Parent not working,3,1,2
S01006571,All parents aged 16 and over with dependent children,167,74,93
S01006571,Couple family: Total,158,66,92
S01006571,Couple family: Both parents working,92,34,58
S01006571,Couple family: One parent working,60,30,30
S01006571,Couple family: No parents working,6,2,4
S01006571,Lone parent family: Total,9,8,1
S01006571,Lone parent family: Parent working,6,6,0
S01006571,Lone parent family: Parent not working,3,2,1
S01006572,All parents aged 16 and over with dependent children,238,92,146
S01006572,Couple family: Total,228,84,144
S01006572,Couple family: Both parents working,148,60,88
S01006572,Couple family: One parent working,76,20,56
S01006572,Couple family: No parents working,4,4,0
S01006572,Lone parent family: Total,10,8,2
S01006572,Lone parent family: Parent working,8,7,1
S01006572,Lone parent family: Parent not working,2,1,1
S01006573,All parents aged 16 and over with dependent children,194,74,120
S01006573,Couple family: Total,184,68,116
S01006573,Couple family: Both parents working,128,54,74
S01006573,Couple family: One parent working,54,14,40
S01006573,Couple family: No parents working,2,0,2
S01006573,Lone parent family: Total,10,6,4
S01006573,Lone parent family: Parent working,7,4,3
S01006573,Lone parent family: Parent not working,3,2,1
S01006574,All parents aged 16 and over with dependent children,219,82,137
S01006574,Couple family: Total,208,76,132
S01006574,Couple family: Both parents working,122,54,68
S01006574,Couple family: One parent working,80,22,58
S01006574,Couple family: No parents working,6,0,6
S01006574,Lone parent family: Total,11,6,5
S01006574,Lone parent family: Parent working,9,6,3
S01006574,Lone parent family: Parent not working,2,0,2
S01006575,All parents aged 16 and over with dependent children,218,93,125
S01006575,Couple family: Total,200,82,118
S01006575,Couple family: Both parents working,148,66,82
S01006575,Couple family: One parent working,52,16,36
S01006575,Couple family: No parents working,0,0,0
S01006575,Lone parent family: Total,18,11,7
S01006575,Lone parent family: Parent working,17,11,6
S01006575,Lone parent family: Parent not working,1,0,1
S01006576,All parents aged 16 and over with dependent children,176,83,93
S01006576,Couple family: Total,166,76,90
S01006576,Couple family: Both parents working,124,64,60
S01006576,Couple family: One parent working,42,12,30
S01006576,Couple family: No parents working,0,0,0
S01006576,Lone parent family: Total,10,7,3
S01006576,Lone parent family: Parent working,10,7,3
S01006576,Lone parent family: Parent not working,0,0,0
S01006577,All parents aged 16 and over with dependent children,124,64,60
S01006577,Couple family: Total,116,60,56
S01006577,Couple family: Both parents working,76,38,38
S01006577,Couple family: One parent working,36,20,16
S01006577,Couple family: No parents working,4,2,2
S01006577,Lone parent family: Total,8,4,4
S01006577,Lone parent family: Parent working,5,2,3
S01006577,Lone parent family: Parent not working,3,2,1
S01006578,All parents aged 16 and over with dependent children,102,66,36
S01006578,Couple family: Total,92,60,32
S01006578,Couple family: Both parents working,64,48,16
S01006578,Couple family: One parent working,28,12,16
S01006578,Couple family: No parents working,0,0,0
S01006578,Lone parent family: Total,10,6,4
S01006578,Lone parent family: Parent working,6,5,1
S01006578,Lone parent family: Parent not working,4,1,3
S01006579,All parents aged 16 and over with dependent children,73,51,22
S01006579,Couple family: Total,64,42,22
S01006579,Couple family: Both parents working,38,26,12
S01006579,Couple family: One parent working,20,10,10
S01006579,Couple family: No parents working,6,6,0
S01006579,Lone parent family: Total,9,9,0
S01006579,Lone parent family: Parent working,5,5,0
S01006579,Lone parent family: Parent not working,4,4,0
S01006580,All parents aged 16 and over with dependent children,95,51,44
S01006580,Couple family: Total,82,42,40
S01006580,Couple family: Both parents working,50,24,26
S01006580,Couple family: One parent working,32,18,14
S01006580,Couple family: No parents working,0,0,0
S01006580,Lone parent family: Total,13,9,4
S01006580,Lone parent family: Parent working,10,7,3
S01006580,Lone parent family: Parent not working,3,2,1
S01006581,All parents aged 16 and over with dependent children,189,77,112
S01006581,Couple family: Total,182,72,110
S01006581,Couple family: Both parents working,128,58,70
S01006581,Couple family: One parent working,54,14,40
S01006581,Couple family: No parents working,0,0,0
S01006581,Lone parent family: Total,7,5,2
S01006581,Lone parent family: Parent working,4,3,1
S01006581,Lone parent family: Parent not working,3,2,1
S01006582,All parents aged 16 and over with dependent children,71,53,18
S01006582,Couple family: Total,58,42,16
S01006582,Couple family: Both parents working,40,34,6
S01006582,Couple family: One parent working,16,6,10
S01006582,Couple family: No parents working,2,2,0
S01006582,Lone parent family: Total,13,11,2
S01006582,Lone parent family: Parent working,8,7,1
S01006582,Lone parent family: Parent not working,5,4,1
S01006583,All parents aged 16 and over with dependent children,41,26,15
S01006583,Couple family: Total,34,20,14
S01006583,Couple family: Both parents working,18,14,4
S01006583,Couple family: One parent working,16,6,10
S01006583,Couple family: No parents working,0,0,0
S01006583,Lone parent family: Total,7,6,1
S01006583,Lone parent family: Parent working,5,5,0
S01006583,Lone parent family: Parent not working,2,1,1
S01006584,All parents aged 16 and over with dependent children,78,46,32
S01006584,Couple family: Total,68,38,30
S01006584,Couple family: Both parents working,52,26,26
S01006584,Couple family: One parent working,16,12,4
S01006584,Couple family: No parents working,0,0,0
S01006584,Lone parent family: Total,10,8,2
S01006584,Lone parent family: Parent working,7,6,1
S01006584,Lone parent family: Parent not working,3,2,1
S01006585,All parents aged 16 and over with dependent children,70,38,32
S01006585,Couple family: Total,48,22,26
S01006585,Couple family: Both parents working,26,12,14
S01006585,Couple family: One parent working,20,10,10
S01006585,Couple family: No parents working,2,0,2
S01006585,Lone parent family: Total,22,16,6
S01006585,Lone parent family: Parent working,11,8,3
S01006585,Lone parent family: Parent not working,11,8,3
S01006586,All parents aged 16 and over with dependent children,44,39,5
S01006586,Couple family: Total,34,30,4
S01006586,Couple family: Both parents working,20,18,2
S01006586,Couple family: One parent working,12,12,0
S01006586,Couple family: No parents working,2,0,2
S01006586,Lone parent family: Total,10,9,1
S01006586,Lone parent family: Parent working,6,6,0
S01006586,Lone parent family: Parent not working,4,3,1
S01006587,All parents aged 16 and over with dependent children,52,42,10
S01006587,Couple family: Total,46,38,8
S01006587,Couple family: Both parents working,34,28,6
S01006587,Couple family: One parent working,12,10,2
S01006587,Couple family: No parents working,0,0,0
S01006587,Lone parent family: Total,6,4,2
S01006587,Lone parent family: Parent working,4,3,1
S01006587,Lone parent family: Parent not working,2,1,1
S01006588,All parents aged 16 and over with dependent children,46,33,13
S01006588,Couple family: Total,42,30,12
S01006588,Couple family: Both parents working,28,20,8
S01006588,Couple family: One parent working,10,8,2
S01006588,Couple family: No parents working,4,2,2
S01006588,Lone parent family: Total,4,3,1
S01006588,Lone parent family: Parent working,2,1,1
S01006588,Lone parent family: Parent not working,2,2,0
S01006589,All parents aged 16 and over with dependent children,57,38,19
S01006589,Couple family: Total,36,22,14
S01006589,Couple family: Both parents working,16,8,8
S01006589,Couple family: One parent working,14,8,6
S01006589,Couple family: No parents working,6,6,0
S01006589,Lone parent family: Total,21,16,5
S01006589,Lone parent family: Parent working,11,8,3
S01006589,Lone parent family: Parent not working,10,8,2
S01006590,All parents aged 16 and over with dependent children,56,33,23
S01006590,Couple family: Total,50,30,20
S01006590,Couple family: Both parents working,34,20,14
S01006590,Couple family: One parent working,16,10,6
S01006590,Couple family: No parents working,0,0,0
S01006590,Lone parent family: Total,6,3,3
S01006590,Lone parent family: Parent working,3,1,2
S01006590,Lone parent family: Parent not working,3,2,1
S01006591,All parents aged 16 and over with dependent children,97,67,30
S01006591,Couple family: Total,74,52,22
S01006591,Couple family: Both parents working,60,40,20
S01006591,Couple family: One parent working,14,12,2
S01006591,Couple family: No parents working,0,0,0
S01006591,Lone parent family: Total,23,15,8
S01006591,Lone parent family: Parent working,18,13,5
S01006591,Lone parent family: Parent not working,5,2,3
S01006592,All parents aged 16 and over with dependent children,97,52,45
S01006592,Couple family: Total,92,48,44
S01006592,Couple family: Both parents working,64,34,30
S01006592,Couple family: One parent working,28,14,14
S01006592,Couple family: No parents working,0,0,0
S01006592,Lone parent family: Total,5,4,1
S01006592,Lone parent family: Parent working,4,4,0
S01006592,Lone parent family: Parent not working,1,0,1
S01006593,All parents aged 16 and over with dependent children,82,51,31
S01006593,Couple family: Total,76,46,30
S01006593,Couple family: Both parents working,50,38,12
S01006593,Couple family: One parent working,22,6,16
S01006593,Couple family: No parents working,4,2,2
S01006593,Lone parent family: Total,6,5,1
S01006593,Lone parent family: Parent working,5,4,1
S01006593,Lone parent family: Parent not working,1,1,0
S01006594,All parents aged 16 and over with dependent children,50,40,10
S01006594,Couple family: Total,44,34,10
S01006594,Couple family: Both parents working,18,14,4
S01006594,Couple family: One parent working,22,16,6
S01006594,Couple family: No parents working,4,4,0
S01006594,Lone parent family: Total,6,6,0
S01006594,Lone parent family: Parent working,5,5,0
S01006594,Lone parent family: Parent not working,1,1,0
S01006595,All parents aged 16 and over with dependent children,120,83,37
S01006595,Couple family: Total,102,66,36
S01006595,Couple family: Both parents working,58,44,14
S01006595,Couple family: One parent working,34,20,14
S01006595,Couple family: No parents working,10,2,8
S01006595,Lone parent family: Total,18,17,1
S01006595,Lone parent family: Parent working,10,10,0
S01006595,Lone parent family: Parent not working,8,7,1
S01006596,All parents aged 16 and over with dependent children,108,56,52
S01006596,Couple family: Total,102,50,52
S01006596,Couple family: Both parents working,66,34,32
S01006596,Couple family: One parent working,36,16,20
S01006596,Couple family: No parents working,0,0,0
S01006596,Lone parent family: Total,6,6,0
S01006596,Lone parent family: Parent working,5,5,0
S01006596,Lone parent family: Parent not working,1,1,0
S01006597,All parents aged 16 and over with dependent children,24,15,9
S01006597,Couple family: Total,18,10,8
S01006597,Couple family: Both parents working,12,6,6
S01006597,Couple family: One parent working,6,4,2
S01006597,Couple family: No parents working,0,0,0
S01006597,Lone parent family: Total,6,5,1
S01006597,Lone parent family: Parent working,6,5,1
S01006597,Lone parent family: Parent not working,0,0,0
S01006598,All parents aged 16 and over with dependent children,209,107,102
S01006598,Couple family: Total,204,102,102
S01006598,Couple family: Both parents working,132,74,58
S01006598,Couple family: One parent working,72,28,44
S01006598,Couple family: No parents working,0,0,0
S01006598,Lone parent family: Total,5,5,0
S01006598,Lone parent family: Parent working,2,2,0
S01006598,Lone parent family: Parent not working,3,3,0
S01006599,All parents aged 16 and over with dependent children,71,50,21
S01006599,Couple family: Total,52,36,16
S01006599,Couple family: Both parents working,32,24,8
S01006599,Couple family: One parent working,18,10,8
S01006599,Couple family: No parents working,2,2,0
S01006599,Lone parent family: Total,19,14,5
S01006599,Lone parent family: Parent working,13,11,2
S01006599,Lone parent family: Parent not working,6,3,3
S01006600,All parents aged 16 and over with dependent children,149,59,90
S01006600,Couple family: Total,138,54,84
S01006600,Couple family: Both parents working,116,40,76
S01006600,Couple family: One parent working,22,14,8
S01006600,Couple family: No parents working,0,0,0
S01006600,Lone parent family: Total,11,5,6
S01006600,Lone parent family: Parent working,8,5,3
S01006600,Lone parent family: Parent not working,3,0,3
S01006601,All parents aged 16 and over with dependent children,130,65,65
S01006601,Couple family: Total,114,56,58
S01006601,Couple family: Both parents working,90,46,44
S01006601,Couple family: One parent working,18,4,14
S01006601,Couple family: No parents working,6,6,0
S01006601,Lone parent family: Total,16,9,7
S01006601,Lone parent family: Parent working,10,6,4
S01006601,Lone parent family: Parent not working,6,3,3
S01006602,All parents aged 16 and over with dependent children,192,91,101
S01006602,Couple family: Total,182,86,96
S01006602,Couple family: Both parents working,138,64,74
S01006602,Couple family: One parent working,40,20,20
S01006602,Couple family: No parents working,4,2,2
S01006602,Lone parent family: Total,10,5,5
S01006602,Lone parent family: Parent working,4,4,0
S01006602,Lone parent family: Parent not working,6,1,5
S01006603,All parents aged 16 and over with dependent children,153,78,75
S01006603,Couple family: Total,124,64,60
S01006603,Couple family: Both parents working,82,42,40
S01006603,Couple family: One parent working,42,22,20
S01006603,Couple family: No parents working,0,0,0
S01006603,Lone parent family: Total,29,14,15
S01006603,Lone parent family: Parent working,11,4,7
S01006603,Lone parent family: Parent not working,18,10,8
S01006604,All parents aged 16 and over with dependent children,131,82,49
S01006604,Couple family: Total,114,72,42
S01006604,Couple family: Both parents working,84,54,30
S01006604,Couple family: One parent working,22,12,10
S01006604,Couple family: No parents working,8,6,2
S01006604,Lone parent family: Total,17,10,7
S01006604,Lone parent family: Parent working,11,6,5
S01006604,Lone parent family: Parent not working,6,4,2
S01006605,All parents aged 16 and over with dependent children,147,80,67
S01006605,Couple family: Total,106,58,48
S01006605,Couple family: Both parents working,66,36,30
S01006605,Couple family: One parent working,32,16,16
S01006605,Couple family: No parents working,8,6,2
S01006605,Lone parent family: Total,41,22,19
S01006605,Lone parent family: Parent working,24,15,9
S01006605,Lone parent family: Parent not working,17,7,10
S01006606,All parents aged 16 and over with dependent children,126,64,62
S01006606,Couple family: Total,110,52,58
S01006606,Couple family: Both parents working,76,34,42
S01006606,Couple family: One parent working,32,16,16
S01006606,Couple family: No parents working,2,2,0
S01006606,Lone parent family: Total,16,12,4
S01006606,Lone parent family: Parent working,12,10,2
S01006606,Lone parent family: Parent not working,4,2,2
S01006607,All parents aged 16 and over with dependent children,185,98,87
S01006607,Couple family: Total,154,82,72
S01006607,Couple family: Both parents working,106,60,46
S01006607,Couple family: One parent working,46,20,26
S01006607,Couple family: No parents working,2,2,0
S01006607,Lone parent family: Total,31,16,15
S01006607,Lone parent family: Parent working,22,12,10
S01006607,Lone parent family: Parent not working,9,4,5
S01006608,All parents aged 16 and over with dependent children,163,72,91
S01006608,Couple family: Total,154,68,86
S01006608,Couple family: Both parents working,124,60,64
S01006608,Couple family: One parent working,22,6,16
S01006608,Couple family: No parents working,8,2,6
S01006608,Lone parent family: Total,9,4,5
S01006608,Lone parent family: Parent working,8,4,4
S01006608,Lone parent family: Parent not working,1,0,1
S01006609,All parents aged 16 and over with dependent children,205,122,83
S01006609,Couple family: Total,158,92,66
S01006609,Couple family: Both parents working,116,72,44
S01006609,Couple family: One parent working,38,20,18
S01006609,Couple family: No parents working,4,0,4
S01006609,Lone parent family: Total,47,30,17
S01006609,Lone parent family: Parent working,25,20,5
S01006609,Lone parent family: Parent not working,22,10,12
S01006610,All parents aged 16 and over with dependent children,77,46,31
S01006610,Couple family: Total,60,38,22
S01006610,Couple family: Both parents working,46,28,18
S01006610,Couple family: One parent working,12,8,4
S01006610,Couple family: No parents working,2,2,0
S01006610,Lone parent family: Total,17,8,9
S01006610,Lone parent family: Parent working,12,6,6
S01006610,Lone parent family: Parent not working,5,2,3
S01006611,All parents aged 16 and over with dependent children,178,94,84
S01006611,Couple family: Total,136,64,72
S01006611,Couple family: Both parents working,88,50,38
S01006611,Couple family: One parent working,42,8,34
S01006611,Couple family: No parents working,6,6,0
S01006611,Lone parent family: Total,42,30,12
S01006611,Lone parent family: Parent working,22,16,6
S01006611,Lone parent family: Parent not working,20,14,6
S01006612,All parents aged 16 and over with dependent children,169,95,74
S01006612,Couple family: Total,152,82,70
S01006612,Couple family: Both parents working,108,64,44
S01006612,Couple family: One parent working,32,16,16
S01006612,Couple family: No parents working,12,2,10
S01006612,Lone parent family: Total,17,13,4
S01006612,Lone parent family: Parent working,12,9,3
S01006612,Lone parent family: Parent not working,5,4,1
S01006613,All parents aged 16 and over with dependent children,155,77,78
S01006613,Couple family: Total,146,74,72
S01006613,Couple family: Both parents working,132,70,62
S01006613,Couple family: One parent working,14,4,10
S01006613,Couple family: No parents working,0,0,0
S01006613,Lone parent family: Total,9,3,6
S01006613,Lone parent family: Parent working,8,2,6
S01006613,Lone parent family: Parent not working,1,1,0
S01006614,All parents aged 16 and over with dependent children,228,108,120
S01006614,Couple family: Total,210,98,112
S01006614,Couple family: Both parents working,170,80,90
S01006614,Couple family: One parent working,36,16,20
S01006614,Couple family: No parents working,4,2,2
S01006614,Lone parent family: Total,18,10,8
S01006614,Lone parent family: Parent working,17,10,7
S01006614,Lone parent family: Parent not working,1,0,1
S01006615,All parents aged 16 and over with dependent children,275,111,164
S01006615,Couple family: Total,260,104,156
S01006615,Couple family: Both parents working,190,84,106
S01006615,Couple family: One parent working,70,20,50
S01006615,Couple family: No parents working,0,0,0
S01006615,Lone parent family: Total,15,7,8
S01006615,Lone parent family: Parent working,10,6,4
S01006615,Lone parent family: Parent not working,5,1,4
S01006616,All parents aged 16 and over with dependent children,173,93,80
S01006616,Couple family: Total,154,84,70
S01006616,Couple family: Both parents working,134,78,56
S01006616,Couple family: One parent working,20,6,14
S01006616,Couple family: No parents working,0,0,0
S01006616,Lone parent family: Total,19,9,10
S01006616,Lone parent family: Parent working,15,9,6
S01006616,Lone parent family: Parent not working,4,0,4
S01006617,All parents aged 16 and over with dependent children,133,68,65
S01006617,Couple family: Total,118,62,56
S01006617,Couple family: Both parents working,90,44,46
S01006617,Couple family: One parent working,28,18,10
S01006617,Couple family: No parents working,0,0,0
S01006617,Lone parent family: Total,15,6,9
S01006617,Lone parent family: Parent working,13,6,7
S01006617,Lone parent family: Parent not working,2,0,2
S01006618,All parents aged 16 and over with dependent children,68,32,36
S01006618,Couple family: Total,64,30,34
S01006618,Couple family: Both parents working,54,30,24
S01006618,Couple family: One parent working,10,0,10
S01006618,Couple family: No parents working,0,0,0
S01006618,Lone parent family: Total,4,2,2
S01006618,Lone parent family: Parent working,3,2,1
S01006618,Lone parent family: Parent not working,1,0,1
S01006619,All parents aged 16 and over with dependent children,192,109,83
S01006619,Couple family: Total,172,96,76
S01006619,Couple family: Both parents working,138,88,50
S01006619,Couple family: One parent working,30,6,24
S01006619,Couple family: No parents working,4,2,2
S01006619,Lone parent family: Total,20,13,7
S01006619,Lone parent family: Parent working,19,13,6
S01006619,Lone parent family: Parent not working,1,0,1
S01006620,All parents aged 16 and over with dependent children,146,72,74
S01006620,Couple family: Total,134,66,68
S01006620,Couple family: Both parents working,116,60,56
S01006620,Couple family: One parent working,14,4,10
S01006620,Couple family: No parents working,4,2,2
S01006620,Lone parent family: Total,12,6,6
S01006620,Lone parent family: Parent working,10,5,5
S01006620,Lone parent family: Parent not working,2,1,1
S01006621,All parents aged 16 and over with dependent children,112,56,56
S01006621,Couple family: Total,102,48,54
S01006621,Couple family: Both parents working,74,40,34
S01006621,Couple family: One parent working,26,8,18
S01006621,Couple family: No parents working,2,0,2
S01006621,Lone parent family: Total,10,8,2
S01006621,Lone parent family: Parent working,7,6,1
S01006621,Lone parent family: Parent not working,3,2,1
S01006622,All parents aged 16 and over with dependent children,169,76,93
S01006622,Couple family: Total,160,70,90
S01006622,Couple family: Both parents working,132,58,74
S01006622,Couple family: One parent working,28,12,16
S01006622,Couple family: No parents working,0,0,0
S01006622,Lone parent family: Total,9,6,3
S01006622,Lone parent family: Parent working,9,6,3
S01006622,Lone parent family: Parent not working,0,0,0
S01006623,All parents aged 16 and over with dependent children,130,85,45
S01006623,Couple family: Total,114,74,40
S01006623,Couple family: Both parents working,86,58,28
S01006623,Couple family: One parent working,24,16,8
S01006623,Couple family: No parents working,4,0,4
S01006623,Lone parent family: Total,16,11,5
S01006623,Lone parent family: Parent working,11,8,3
S01006623,Lone parent family: Parent not working,5,3,2
S01006624,All parents aged 16 and over with dependent children,92,64,28
S01006624,Couple family: Total,78,54,24
S01006624,Couple family: Both parents working,46,36,10
S01006624,Couple family: One parent working,26,16,10
S01006624,Couple family: No parents working,6,2,4
S01006624,Lone parent family: Total,14,10,4
S01006624,Lone parent family: Parent working,8,5,3
S01006624,Lone parent family: Parent not working,6,5,1
S01006625,All parents aged 16 and over with dependent children,93,51,42
S01006625,Couple family: Total,72,40,32
S01006625,Couple family: Both parents working,58,34,24
S01006625,Couple family: One parent working,14,6,8
S01006625,Couple family: No parents working,0,0,0
S01006625,Lone parent family: Total,21,11,10
S01006625,Lone parent family: Parent working,13,8,5
S01006625,Lone parent family: Parent not working,8,3,5
S01006626,All parents aged 16 and over with dependent children,116,72,44
S01006626,Couple family: Total,78,46,32
S01006626,Couple family: Both parents working,48,30,18
S01006626,Couple family: One parent working,20,10,10
S01006626,Couple family: No parents working,10,6,4
S01006626,Lone parent family: Total,38,26,12
S01006626,Lone parent family: Parent working,18,13,5
S01006626,Lone parent family: Parent not working,20,13,7
S01006627,All parents aged 16 and over with dependent children,119,88,31
S01006627,Couple family: Total,92,64,28
S01006627,Couple family: Both parents working,70,50,20
S01006627,Couple family: One parent working,16,10,6
S01006627,Couple family: No parents working,6,4,2
S01006627,Lone parent family: Total,27,24,3
S01006627,Lone parent family: Parent working,12,10,2
S01006627,Lone parent family: Parent not working,15,14,1
S01006628,All parents aged 16 and over with dependent children,155,106,49
S01006628,Couple family: Total,136,92,44
S01006628,Couple family: Both parents working,86,56,30
S01006628,Couple family: One parent working,36,28,8
S01006628,Couple family: No parents working,14,8,6
S01006628,Lone parent family: Total,19,14,5
S01006628,Lone parent family: Parent working,15,11,4
S01006628,Lone parent family: Parent not working,4,3,1
S01006629,All parents aged 16 and over with dependent children,161,94,67
S01006629,Couple family: Total,102,54,48
S01006629,Couple family: Both parents working,54,36,18
S01006629,Couple family: One parent working,40,16,24
S01006629,Couple family: No parents working,8,2,6
S01006629,Lone parent family: Total,59,40,19
S01006629,Lone parent family: Parent working,34,22,12
S01006629,Lone parent family: Parent not working,25,18,7
S01006630,All parents aged 16 and over with dependent children,125,58,67
S01006630,Couple family: Total,88,38,50
S01006630,Couple family: Both parents working,58,26,32
S01006630,Couple family: One parent working,22,10,12
S01006630,Couple family: No parents working,8,2,6
S01006630,Lone parent family: Total,37,20,17
S01006630,Lone parent family: Parent working,18,12,6
S01006630,Lone parent family: Parent not working,19,8,11
S01006631,All parents aged 16 and over with dependent children,139,74,65
S01006631,Couple family: Total,98,50,48
S01006631,Couple family: Both parents working,72,40,32
S01006631,Couple family: One parent working,16,8,8
S01006631,Couple family: No parents working,10,2,8
S01006631,Lone parent family: Total,41,24,17
S01006631,Lone parent family: Parent working,31,20,11
S01006631,Lone parent family: Parent not working,10,4,6
S01006632,All parents aged 16 and over with dependent children,170,101,69
S01006632,Couple family: Total,122,72,50
S01006632,Couple family: Both parents working,76,48,28
S01006632,Couple family: One parent working,30,18,12
S01006632,Couple family: No parents working,16,6,10
S01006632,Lone parent family: Total,48,29,19
S01006632,Lone parent family: Parent working,28,20,8
S01006632,Lone parent family: Parent not working,20,9,11
S01006633,All parents aged 16 and over with dependent children,144,53,91
S01006633,Couple family: Total,104,38,66
S01006633,Couple family: Both parents working,54,26,28
S01006633,Couple family: One parent working,34,10,24
S01006633,Couple family: No parents working,16,2,14
S01006633,Lone parent family: Total,40,15,25
S01006633,Lone parent family: Parent working,17,9,8
S01006633,Lone parent family: Parent not working,23,6,17
S01006634,All parents aged 16 and over with dependent children,153,78,75
S01006634,Couple family: Total,100,48,52
S01006634,Couple family: Both parents working,62,40,22
S01006634,Couple family: One parent working,30,4,26
S01006634,Couple family: No parents working,8,4,4
S01006634,Lone parent family: Total,53,30,23
S01006634,Lone parent family: Parent working,25,16,9
S01006634,Lone parent family: Parent not working,28,14,14
S01006635,All parents aged 16 and over with dependent children,143,71,72
S01006635,Couple family: Total,114,54,60
S01006635,Couple family: Both parents working,78,40,38
S01006635,Couple family: One parent working,32,12,20
S01006635,Couple family: No parents working,4,2,2
S01006635,Lone parent family: Total,29,17,12
S01006635,Lone parent family: Parent working,17,9,8
S01006635,Lone parent family: Parent not working,12,8,4
S01006636,All parents aged 16 and over with dependent children,232,113,119
S01006636,Couple family: Total,168,68,100
S01006636,Couple family: Both parents working,94,54,40
S01006636,Couple family: One parent working,50,8,42
S01006636,Couple family: No parents working,24,6,18
S01006636,Lone parent family: Total,64,45,19
S01006636,Lone parent family: Parent working,40,33,7
S01006636,Lone parent family: Parent not working,24,12,12
S01006637,All parents aged 16 and over with dependent children,77,57,20
S01006637,Couple family: Total,62,46,16
S01006637,Couple family: Both parents working,42,32,10
S01006637,Couple family: One parent working,18,12,6
S01006637,Couple family: No parents working,2,2,0
S01006637,Lone parent family: Total,15,11,4
S01006637,Lone parent family: Parent working,13,10,3
S01006637,Lone parent family: Parent not working,2,1,1
S01006638,All parents aged 16 and over with dependent children,47,31,16
S01006638,Couple family: Total,42,28,14
S01006638,Couple family: Both parents working,28,14,14
S01006638,Couple family: One parent working,8,8,0
S01006638,Couple family: No parents working,6,6,0
S01006638,Lone parent family: Total,5,3,2
S01006638,Lone parent family: Parent working,2,2,0
S01006638,Lone parent family: Parent not working,3,1,2
S01006639,All parents aged 16 and over with dependent children,62,43,19
S01006639,Couple family: Total,50,32,18
S01006639,Couple family: Both parents working,30,18,12
S01006639,Couple family: One parent working,16,12,4
S01006639,Couple family: No parents working,4,2,2
S01006639,Lone parent family: Total,12,11,1
S01006639,Lone parent family: Parent working,9,8,1
S01006639,Lone parent family: Parent not working,3,3,0
S01006640,All parents aged 16 and over with dependent children,61,48,13
S01006640,Couple family: Total,52,42,10
S01006640,Couple family: Both parents working,24,22,2
S01006640,Couple family: One parent working,28,20,8
S01006640,Couple family: No parents working,0,0,0
S01006640,Lone parent family: Total,9,6,3
S01006640,Lone parent family: Parent working,8,5,3
S01006640,Lone parent family: Parent not working,1,1,0
S01006641,All parents aged 16 and over with dependent children,82,47,35
S01006641,Couple family: Total,68,36,32
S01006641,Couple family: Both parents working,38,22,16
S01006641,Couple family: One parent working,24,10,14
S01006641,Couple family: No parents working,6,4,2
S01006641,Lone parent family: Total,14,11,3
S01006641,Lone parent family: Parent working,8,8,0
S01006641,Lone parent family: Parent not working,6,3,3
S01006642,All parents aged 16 and over with dependent children,72,62,10
S01006642,Couple family: Total,66,56,10
S01006642,Couple family: Both parents working,40,36,4
S01006642,Couple family: One parent working,20,14,6
S01006642,Couple family: No parents working,6,6,0
S01006642,Lone parent family: Total,6,6,0
S01006642,Lone parent family: Parent working,2,2,0
S01006642,Lone parent family: Parent not working,4,4,0
S01006643,All parents aged 16 and over with dependent children,33,29,4
S01006643,Couple family: Total,30,26,4
S01006643,Couple family: Both parents working,16,16,0
S01006643,Couple family: One parent working,10,6,4
S01006643,Couple family: No parents working,4,4,0
S01006643,Lone parent family: Total,3,3,0
S01006643,Lone parent family: Parent working,1,1,0
S01006643,Lone parent family: Parent not working,2,2,0
S01006644,All parents aged 16 and over with dependent children,65,49,16
S01006644,Couple family: Total,52,38,14
S01006644,Couple family: Both parents working,24,16,8
S01006644,Couple family: One parent working,26,20,6
S01006644,Couple family: No parents working,2,2,0
S01006644,Lone parent family: Total,13,11,2
S01006644,Lone parent family: Parent working,10,9,1
S01006644,Lone parent family: Parent not working,3,2,1
S01006645,All parents aged 16 and over with dependent children,129,86,43
S01006645,Couple family: Total,96,64,32
S01006645,Couple family: Both parents working,62,38,24
S01006645,Couple family: One parent working,30,24,6
S01006645,Couple family: No parents working,4,2,2
S01006645,Lone parent family: Total,33,22,11
S01006645,Lone parent family: Parent working,16,12,4
S01006645,Lone parent family: Parent not working,17,10,7
S01006646,All parents aged 16 and over with dependent children,32,27,5
S01006646,Couple family: Total,26,22,4
S01006646,Couple family: Both parents working,18,16,2
S01006646,Couple family: One parent working,4,4,0
S01006646,Couple family: No parents working,4,2,2
S01006646,Lone parent family: Total,6,5,1
S01006646,Lone parent family: Parent working,5,5,0
S01006646,Lone parent family: Parent not working,1,0,1
S01006647,All parents aged 16 and over with dependent children,98,60,38
S01006647,Couple family: Total,62,36,26
S01006647,Couple family: Both parents working,32,20,12
S01006647,Couple family: One parent working,22,8,14
S01006647,Couple family: No parents working,8,8,0
S01006647,Lone parent family: Total,36,24,12
S01006647,Lone parent family: Parent working,21,16,5
S01006647,Lone parent family: Parent not working,15,8,7
S01006648,All parents aged 16 and over with dependent children,92,54,38
S01006648,Couple family: Total,78,42,36
S01006648,Couple family: Both parents working,56,28,28
S01006648,Couple family: One parent working,20,12,8
S01006648,Couple family: No parents working,2,2,0
S01006648,Lone parent family: Total,14,12,2
S01006648,Lone parent family: Parent working,9,7,2
S01006648,Lone parent family: Parent not working,5,5,0
S01006649,All parents aged 16 and over with dependent children,90,66,24
S01006649,Couple family: Total,72,52,20
S01006649,Couple family: Both parents working,42,32,10
S01006649,Couple family: One parent working,24,16,8
S01006649,Couple family: No parents working,6,4,2
S01006649,Lone parent family: Total,18,14,4
S01006649,Lone parent family: Parent working,11,9,2
S01006649,Lone parent family: Parent not working,7,5,2
S01006650,All parents aged 16 and over with dependent children,56,36,20
S01006650,Couple family: Total,48,30,18
S01006650,Couple family: Both parents working,26,22,4
S01006650,Couple family: One parent working,18,4,14
S01006650,Couple family: No parents working,4,4,0
S01006650,Lone parent family: Total,8,6,2
S01006650,Lone parent family: Parent working,7,5,2
S01006650,Lone parent family: Parent not working,1,1,0
S01006651,All parents aged 16 and over with dependent children,35,28,7
S01006651,Couple family: Total,32,26,6
S01006651,Couple family: Both parents working,14,8,6
S01006651,Couple family: One parent working,12,12,0
S01006651,Couple family: No parents working,6,6,0
S01006651,Lone parent family: Total,3,2,1
S01006651,Lone parent family: Parent working,1,1,0
S01006651,Lone parent family: Parent not working,2,1,1
S01006652,All parents aged 16 and over with dependent children,35,14,21
S01006652,Couple family: Total,34,14,20
S01006652,Couple family: Both parents working,22,10,12
S01006652,Couple family: One parent working,8,4,4
S01006652,Couple family: No parents working,4,0,4
S01006652,Lone parent family: Total,1,0,1
S01006652,Lone parent family: Parent working,0,0,0
S01006652,Lone parent family: Parent not working,1,0,1
S01006653,All parents aged 16 and over with dependent children,72,43,29
S01006653,Couple family: Total,68,40,28
S01006653,Couple family: Both parents working,38,24,14
S01006653,Couple family: One parent working,28,14,14
S01006653,Couple family: No parents working,2,2,0
S01006653,Lone parent family: Total,4,3,1
S01006653,Lone parent family: Parent working,3,2,1
S01006653,Lone parent family: Parent not working,1,1,0
S01006654,All parents aged 16 and over with dependent children,133,80,53
S01006654,Couple family: Total,90,48,42
S01006654,Couple family: Both parents working,58,32,26
S01006654,Couple family: One parent working,18,6,12
S01006654,Couple family: No parents working,14,10,4
S01006654,Lone parent family: Total,43,32,11
S01006654,Lone parent family: Parent working,27,23,4
S01006654,Lone parent family: Parent not working,16,9,7
S01006655,All parents aged 16 and over with dependent children,93,55,38
S01006655,Couple family: Total,82,46,36
S01006655,Couple family: Both parents working,58,30,28
S01006655,Couple family: One parent working,18,14,4
S01006655,Couple family: No parents working,6,2,4
S01006655,Lone parent family: Total,11,9,2
S01006655,Lone parent family: Parent working,8,6,2
S01006655,Lone parent family: Parent not working,3,3,0
S01006656,All parents aged 16 and over with dependent children,131,69,62
S01006656,Couple family: Total,106,52,54
S01006656,Couple family: Both parents working,64,32,32
S01006656,Couple family: One parent working,32,18,14
S01006656,Couple family: No parents working,10,2,8
S01006656,Lone parent family: Total,25,17,8
S01006656,Lone parent family: Parent working,11,7,4
S01006656,Lone parent family: Parent not working,14,10,4
S01006657,All parents aged 16 and over with dependent children,71,53,18
S01006657,Couple family: Total,58,42,16
S01006657,Couple family: Both parents working,40,30,10
S01006657,Couple family: One parent working,16,12,4
S01006657,Couple family: No parents working,2,0,2
S01006657,Lone parent family: Total,13,11,2
S01006657,Lone parent family: Parent working,8,7,1
S01006657,Lone parent family: Parent not working,5,4,1
S01006658,All parents aged 16 and over with dependent children,164,87,77
S01006658,Couple family: Total,130,66,64
S01006658,Couple family: Both parents working,64,40,24
S01006658,Couple family: One parent working,62,26,36
S01006658,Couple family: No parents working,4,0,4
S01006658,Lone parent family: Total,34,21,13
S01006658,Lone parent family: Parent working,20,15,5
S01006658,Lone parent family: Parent not working,14,6,8
S01006659,All parents aged 16 and over with dependent children,54,36,18
S01006659,Couple family: Total,50,32,18
S01006659,Couple family: Both parents working,30,22,8
S01006659,Couple family: One parent working,18,8,10
S01006659,Couple family: No parents working,2,2,0
S01006659,Lone parent family: Total,4,4,0
S01006659,Lone parent family: Parent working,2,2,0
S01006659,Lone parent family: Parent not working,2,2,0
S01006660,All parents aged 16 and over with dependent children,84,32,52
S01006660,Couple family: Total,69,24,45
S01006660,Couple family: Both parents working,36,14,22
S01006660,Couple family: One parent working,20,10,10
S01006660,Couple family: No parents working,13,0,13
S01006660,Lone parent family: Total,15,8,7
S01006660,Lone parent family: Parent working,9,6,3
S01006660,Lone parent family: Parent not working,6,2,4
S01006661,All parents aged 16 and over with dependent children,47,29,18
S01006661,Couple family: Total,44,26,18
S01006661,Couple family: Both parents working,24,20,4
S01006661,Couple family: One parent working,16,6,10
S01006661,Couple family: No parents working,4,0,4
S01006661,Lone parent family: Total,3,3,0
S01006661,Lone parent family: Parent working,2,2,0
S01006661,Lone parent family: Parent not working,1,1,0
S01006662,All parents aged 16 and over with dependent children,100,55,45
S01006662,Couple family: Total,74,38,36
S01006662,Couple family: Both parents working,36,12,24
S01006662,Couple family: One parent working,32,20,12
S01006662,Couple family: No parents working,6,6,0
S01006662,Lone parent family: Total,26,17,9
S01006662,Lone parent family: Parent working,11,5,6
S01006662,Lone parent family: Parent not working,15,12,3
S01006663,All parents aged 16 and over with dependent children,47,23,24
S01006663,Couple family: Total,38,18,20
S01006663,Couple family: Both parents working,20,12,8
S01006663,Couple family: One parent working,10,2,8
S01006663,Couple family: No parents working,8,4,4
S01006663,Lone parent family: Total,9,5,4
S01006663,Lone parent family: Parent working,6,4,2
S01006663,Lone parent family: Parent not working,3,1,2
S01006664,All parents aged 16 and over with dependent children,40,24,16
S01006664,Couple family: Total,36,22,14
S01006664,Couple family: Both parents working,22,16,6
S01006664,Couple family: One parent working,10,6,4
S01006664,Couple family: No parents working,4,0,4
S01006664,Lone parent family: Total,4,2,2
S01006664,Lone parent family: Parent working,3,2,1
S01006664,Lone parent family: Parent not working,1,0,1
S01006665,All parents aged 16 and over with dependent children,39,19,20
S01006665,Couple family: Total,38,18,20
S01006665,Couple family: Both parents working,20,12,8
S01006665,Couple family: One parent working,12,4,8
S01006665,Couple family: No parents working,6,2,4
S01006665,Lone parent family: Total,1,1,0
S01006665,Lone parent family: Parent working,0,0,0
S01006665,Lone parent family: Parent not working,1,1,0
S01006666,All parents aged 16 and over with dependent children,174,121,53
S01006666,Couple family: Total,132,88,44
S01006666,Couple family: Both parents working,84,60,24
S01006666,Couple family: One parent working,36,22,14
S01006666,Couple family: No parents working,12,6,6
S01006666,Lone parent family: Total,42,33,9
S01006666,Lone parent family: Parent working,24,20,4
S01006666,Lone parent family: Parent not working,18,13,5
S01006667,All parents aged 16 and over with dependent children,105,71,34
S01006667,Couple family: Total,78,54,24
S01006667,Couple family: Both parents working,42,32,10
S01006667,Couple family: One parent working,30,16,14
S01006667,Couple family: No parents working,6,6,0
S01006667,Lone parent family: Total,27,17,10
S01006667,Lone parent family: Parent working,13,11,2
S01006667,Lone parent family: Parent not working,14,6,8
S01006668,All parents aged 16 and over with dependent children,51,29,22
S01006668,Couple family: Total,40,20,20
S01006668,Couple family: Both parents working,26,14,12
S01006668,Couple family: One parent working,14,6,8
S01006668,Couple family: No parents working,0,0,0
S01006668,Lone parent family: Total,11,9,2
S01006668,Lone parent family: Parent working,8,7,1
S01006668,Lone parent family: Parent not working,3,2,1
S01006669,All parents aged 16 and over with dependent children,63,41,22
S01006669,Couple family: Total,54,36,18
S01006669,Couple family: Both parents working,22,14,8
S01006669,Couple family: One parent working,20,10,10
S01006669,Couple family: No parents working,12,12,0
S01006669,Lone parent family: Total,9,5,4
S01006669,Lone parent family: Parent working,4,3,1
S01006669,Lone parent family: Parent not working,5,2,3
S01006670,All parents aged 16 and over with dependent children,33,30,3
S01006670,Couple family: Total,22,20,2
S01006670,Couple family: Both parents working,12,12,0
S01006670,Couple family: One parent working,6,4,2
S01006670,Couple family: No parents working,4,4,0
S01006670,Lone parent family: Total,11,10,1
S01006670,Lone parent family: Parent working,5,5,0
S01006670,Lone parent family: Parent not working,6,5,1
S01006671,All parents aged 16 and over with dependent children,65,30,35
S01006671,Couple family: Total,54,22,32
S01006671,Couple family: Both parents working,36,18,18
S01006671,Couple family: One parent working,10,4,6
S01006671,Couple family: No parents working,8,0,8
S01006671,Lone parent family: Total,11,8,3
S01006671,Lone parent family: Parent working,7,7,0
S01006671,Lone parent family: Parent not working,4,1,3
S01006672,All parents aged 16 and over with dependent children,136,85,51
S01006672,Couple family: Total,94,60,34
S01006672,Couple family: Both parents working,52,38,14
S01006672,Couple family: One parent working,30,12,18
S01006672,Couple family: No parents working,12,10,2
S01006672,Lone parent family: Total,42,25,17
S01006672,Lone parent family: Parent working,25,17,8
S01006672,Lone parent family: Parent not working,17,8,9
S01006673,All parents aged 16 and over with dependent children,125,82,43
S01006673,Couple family: Total,98,58,40
S01006673,Couple family: Both parents working,64,38,26
S01006673,Couple family: One parent working,24,16,8
S01006673,Couple family: No parents working,10,4,6
S01006673,Lone parent family: Total,27,24,3
S01006673,Lone parent family: Parent working,18,17,1
S01006673,Lone parent family: Parent not working,9,7,2
S01006674,All parents aged 16 and over with dependent children,181,117,64
S01006674,Couple family: Total,132,74,58
S01006674,Couple family: Both parents working,66,32,34
S01006674,Couple family: One parent working,54,38,16
S01006674,Couple family: No parents working,12,4,8
S01006674,Lone parent family: Total,49,43,6
S01006674,Lone parent family: Parent working,29,29,0
S01006674,Lone parent family: Parent not working,20,14,6
S01006675,All parents aged 16 and over with dependent children,212,118,94
S01006675,Couple family: Total,158,82,76
S01006675,Couple family: Both parents working,94,52,42
S01006675,Couple family: One parent working,56,26,30
S01006675,Couple family: No parents working,8,4,4
S01006675,Lone parent family: Total,54,36,18
S01006675,Lone parent family: Parent working,24,19,5
S01006675,Lone parent family: Parent not working,30,17,13
S01006676,All parents aged 16 and over with dependent children,148,82,66
S01006676,Couple family: Total,116,62,54
S01006676,Couple family: Both parents working,66,44,22
S01006676,Couple family: One parent working,40,16,24
S01006676,Couple family: No parents working,10,2,8
S01006676,Lone parent family: Total,32,20,12
S01006676,Lone parent family: Parent working,14,9,5
S01006676,Lone parent family: Parent not working,18,11,7
S01006677,All parents aged 16 and over with dependent children,117,77,40
S01006677,Couple family: Total,88,58,30
S01006677,Couple family: Both parents working,62,42,20
S01006677,Couple family: One parent working,18,8,10
S01006677,Couple family: No parents working,8,8,0
S01006677,Lone parent family: Total,29,19,10
S01006677,Lone parent family: Parent working,18,12,6
S01006677,Lone parent family: Parent not working,11,7,4
S01006678,All parents aged 16 and over with dependent children,249,158,91
S01006678,Couple family: Total,188,114,74
S01006678,Couple family: Both parents working,110,70,40
S01006678,Couple family: One parent working,66,38,28
S01006678,Couple family: No parents working,12,6,6
S01006678,Lone parent family: Total,61,44,17
S01006678,Lone parent family: Parent working,39,29,10
S01006678,Lone parent family: Parent not working,22,15,7
S01006679,All parents aged 16 and over with dependent children,104,68,36
S01006679,Couple family: Total,94,60,34
S01006679,Couple family: Both parents working,74,50,24
S01006679,Couple family: One parent working,20,10,10
S01006679,Couple family: No parents working,0,0,0
S01006679,Lone parent family: Total,10,8,2
S01006679,Lone parent family: Parent working,7,6,1
S01006679,Lone parent family: Parent not working,3,2,1
S01006680,All parents aged 16 and over with dependent children,215,140,75
S01006680,Couple family: Total,156,102,54
S01006680,Couple family: Both parents working,102,68,34
S01006680,Couple family: One parent working,46,30,16
S01006680,Couple family: No parents working,8,4,4
S01006680,Lone parent family: Total,59,38,21
S01006680,Lone parent family: Parent working,31,24,7
S01006680,Lone parent family: Parent not working,28,14,14
S01006681,All parents aged 16 and over with dependent children,93,61,32
S01006681,Couple family: Total,68,42,26
S01006681,Couple family: Both parents working,48,30,18
S01006681,Couple family: One parent working,18,12,6
S01006681,Couple family: No parents working,2,0,2
S01006681,Lone parent family: Total,25,19,6
S01006681,Lone parent family: Parent working,17,16,1
S01006681,Lone parent family: Parent not working,8,3,5
S01006682,All parents aged 16 and over with dependent children,200,112,88
S01006682,Couple family: Total,148,80,68
S01006682,Couple family: Both parents working,94,52,42
S01006682,Couple family: One parent working,50,24,26
S01006682,Couple family: No parents working,4,4,0
S01006682,Lone parent family: Total,52,32,20
S01006682,Lone parent family: Parent working,35,23,12
S01006682,Lone parent family: Parent not working,17,9,8
S01006683,All parents aged 16 and over with dependent children,182,93,89
S01006683,Couple family: Total,140,68,72
S01006683,Couple family: Both parents working,86,50,36
S01006683,Couple family: One parent working,42,16,26
S01006683,Couple family: No parents working,12,2,10
S01006683,Lone parent family: Total,42,25,17
S01006683,Lone parent family: Parent working,23,14,9
S01006683,Lone parent family: Parent not working,19,11,8
S01006684,All parents aged 16 and over with dependent children,99,71,28
S01006684,Couple family: Total,72,54,18
S01006684,Couple family: Both parents working,48,36,12
S01006684,Couple family: One parent working,20,18,2
S01006684,Couple family: No parents working,4,0,4
S01006684,Lone parent family: Total,27,17,10
S01006684,Lone parent family: Parent working,12,10,2
S01006684,Lone parent family: Parent not working,15,7,8
S01006685,All parents aged 16 and over with dependent children,116,63,53
S01006685,Couple family: Total,84,42,42
S01006685,Couple family: Both parents working,62,32,30
S01006685,Couple family: One parent working,22,10,12
S01006685,Couple family: No parents working,0,0,0
S01006685,Lone parent family: Total,32,21,11
S01006685,Lone parent family: Parent working,22,13,9
S01006685,Lone parent family: Parent not working,10,8,2
S01006686,All parents aged 16 and over with dependent children,130,73,57
S01006686,Couple family: Total,110,62,48
S01006686,Couple family: Both parents working,74,40,34
S01006686,Couple family: One parent working,32,20,12
S01006686,Couple family: No parents working,4,2,2
S01006686,Lone parent family: Total,20,11,9
S01006686,Lone parent family: Parent working,11,7,4
S01006686,Lone parent family: Parent not working,9,4,5
S01006687,All parents aged 16 and over with dependent children,145,102,43
S01006687,Couple family: Total,102,70,32
S01006687,Couple family: Both parents working,66,46,20
S01006687,Couple family: One parent working,32,22,10
S01006687,Couple family: No parents working,4,2,2
S01006687,Lone parent family: Total,43,32,11
S01006687,Lone parent family: Parent working,29,23,6
S01006687,Lone parent family: Parent not working,14,9,5
S01006688,All parents aged 16 and over with dependent children,128,79,49
S01006688,Couple family: Total,110,66,44
S01006688,Couple family: Both parents working,76,54,22
S01006688,Couple family: One parent working,30,10,20
S01006688,Couple family: No parents working,4,2,2
S01006688,Lone parent family: Total,18,13,5
S01006688,Lone parent family: Parent working,12,8,4
S01006688,Lone parent family: Parent not working,6,5,1
S01006689,All parents aged 16 and over with dependent children,123,78,45
S01006689,Couple family: Total,118,76,42
S01006689,Couple family: Both parents working,96,60,36
S01006689,Couple family: One parent working,20,14,6
S01006689,Couple family: No parents working,2,2,0
S01006689,Lone parent family: Total,5,2,3
S01006689,Lone parent family: Parent working,3,1,2
S01006689,Lone parent family: Parent not working,2,1,1
S01006690,All parents aged 16 and over with dependent children,82,57,25
S01006690,Couple family: Total,64,46,18
S01006690,Couple family: Both parents working,54,38,16
S01006690,Couple family: One parent working,8,8,0
S01006690,Couple family: No parents working,2,0,2
S01006690,Lone parent family: Total,18,11,7
S01006690,Lone parent family: Parent working,12,8,4
S01006690,Lone parent family: Parent not working,6,3,3
S01006691,All parents aged 16 and over with dependent children,88,55,33
S01006691,Couple family: Total,82,50,32
S01006691,Couple family: Both parents working,62,42,20
S01006691,Couple family: One parent working,16,4,12
S01006691,Couple family: No parents working,4,4,0
S01006691,Lone parent family: Total,6,5,1
S01006691,Lone parent family: Parent working,5,5,0
S01006691,Lone parent family: Parent not working,1,0,1
S01006692,All parents aged 16 and over with dependent children,90,50,40
S01006692,Couple family: Total,82,44,38
S01006692,Couple family: Both parents working,56,32,24
S01006692,Couple family: One parent working,16,4,12
S01006692,Couple family: No parents working,10,8,2
S01006692,Lone parent family: Total,8,6,2
S01006692,Lone parent family: Parent working,8,6,2
S01006692,Lone parent family: Parent not working,0,0,0
S01006693,All parents aged 16 and over with dependent children,211,126,85
S01006693,Couple family: Total,170,96,74
S01006693,Couple family: Both parents working,106,62,44
S01006693,Couple family: One parent working,50,22,28
S01006693,Couple family: No parents working,14,12,2
S01006693,Lone parent family: Total,41,30,11
S01006693,Lone parent family: Parent working,30,24,6
S01006693,Lone parent family: Parent not working,11,6,5
S01006694,All parents aged 16 and over with dependent children,137,79,58
S01006694,Couple family: Total,90,46,44
S01006694,Couple family: Both parents working,78,40,38
S01006694,Couple family: One parent working,12,6,6
S01006694,Couple family: No parents working,0,0,0
S01006694,Lone parent family: Total,47,33,14
S01006694,Lone parent family: Parent working,26,19,7
S01006694,Lone parent family: Parent not working,21,14,7
S01006695,All parents aged 16 and over with dependent children,124,58,66
S01006695,Couple family: Total,108,48,60
S01006695,Couple family: Both parents working,80,36,44
S01006695,Couple family: One parent working,22,8,14
S01006695,Couple family: No parents working,6,4,2
S01006695,Lone parent family: Total,16,10,6
S01006695,Lone parent family: Parent working,11,7,4
S01006695,Lone parent family: Parent not working,5,3,2
S01006696,All parents aged 16 and over with dependent children,156,70,86
S01006696,Couple family: Total,112,44,68
S01006696,Couple family: Both parents working,90,34,56
S01006696,Couple family: One parent working,20,10,10
S01006696,Couple family: No parents working,2,0,2
S01006696,Lone parent family: Total,44,26,18
S01006696,Lone parent family: Parent working,30,15,15
S01006696,Lone parent family: Parent not working,14,11,3
S01006697,All parents aged 16 and over with dependent children,192,124,68
S01006697,Couple family: Total,146,86,60
S01006697,Couple family: Both parents working,114,70,44
S01006697,Couple family: One parent working,30,14,16
S01006697,Couple family: No parents working,2,2,0
S01006697,Lone parent family: Total,46,38,8
S01006697,Lone parent family: Parent working,27,24,3
S01006697,Lone parent family: Parent not working,19,14,5
S01006698,All parents aged 16 and over with dependent children,102,68,34
S01006698,Couple family: Total,78,48,30
S01006698,Couple family: Both parents working,62,36,26
S01006698,Couple family: One parent working,8,4,4
S01006698,Couple family: No parents working,8,8,0
S01006698,Lone parent family: Total,24,20,4
S01006698,Lone parent family: Parent working,14,12,2
S01006698,Lone parent family: Parent not working,10,8,2
S01006699,All parents aged 16 and over with dependent children,75,37,38
S01006699,Couple family: Total,60,24,36
S01006699,Couple family: Both parents working,46,20,26
S01006699,Couple family: One parent working,14,4,10
S01006699,Couple family: No parents working,0,0,0
S01006699,Lone parent family: Total,15,13,2
S01006699,Lone parent family: Parent working,12,10,2
S01006699,Lone parent family: Parent not working,3,3,0
S01006700,All parents aged 16 and over with dependent children,98,61,37
S01006700,Couple family: Total,84,50,34
S01006700,Couple family: Both parents working,78,50,28
S01006700,Couple family: One parent working,4,0,4
S01006700,Couple family: No parents working,2,0,2
S01006700,Lone parent family: Total,14,11,3
S01006700,Lone parent family: Parent working,10,9,1
S01006700,Lone parent family: Parent not working,4,2,2
S01006701,All parents aged 16 and over with dependent children,174,83,91
S01006701,Couple family: Total,114,52,62
S01006701,Couple family: Both parents working,68,32,36
S01006701,Couple family: One parent working,40,20,20
S01006701,Couple family: No parents working,6,0,6
S01006701,Lone parent family: Total,60,31,29
S01006701,Lone parent family: Parent working,35,19,16
S01006701,Lone parent family: Parent not working,25,12,13
S01006702,All parents aged 16 and over with dependent children,140,74,66
S01006702,Couple family: Total,122,64,58
S01006702,Couple family: Both parents working,86,52,34
S01006702,Couple family: One parent working,34,12,22
S01006702,Couple family: No parents working,2,0,2
S01006702,Lone parent family: Total,18,10,8
S01006702,Lone parent family: Parent working,12,7,5
S01006702,Lone parent family: Parent not working,6,3,3
S01006703,All parents aged 16 and over with dependent children,163,71,92
S01006703,Couple family: Total,126,50,76
S01006703,Couple family: Both parents working,82,40,42
S01006703,Couple family: One parent working,36,10,26
S01006703,Couple family: No parents working,8,0,8
S01006703,Lone parent family: Total,37,21,16
S01006703,Lone parent family: Parent working,20,15,5
S01006703,Lone parent family: Parent not working,17,6,11
S01006704,All parents aged 16 and over with dependent children,132,72,60
S01006704,Couple family: Total,94,48,46
S01006704,Couple family: Both parents working,58,32,26
S01006704,Couple family: One parent working,30,14,16
S01006704,Couple family: No parents working,6,2,4
S01006704,Lone parent family: Total,38,24,14
S01006704,Lone parent family: Parent working,18,10,8
S01006704,Lone parent family: Parent not working,20,14,6
S01006705,All parents aged 16 and over with dependent children,120,52,68
S01006705,Couple family: Total,86,30,56
S01006705,Couple family: Both parents working,70,26,44
S01006705,Couple family: One parent working,14,2,12
S01006705,Couple family: No parents working,2,2,0
S01006705,Lone parent family: Total,34,22,12
S01006705,Lone parent family: Parent working,25,17,8
S01006705,Lone parent family: Parent not working,9,5,4
S01006706,All parents aged 16 and over with dependent children,147,81,66
S01006706,Couple family: Total,116,60,56
S01006706,Couple family: Both parents working,82,46,36
S01006706,Couple family: One parent working,26,10,16
S01006706,Couple family: No parents working,8,4,4
S01006706,Lone parent family: Total,31,21,10
S01006706,Lone parent family: Parent working,20,15,5
S01006706,Lone parent family: Parent not working,11,6,5
S01006707,All parents aged 16 and over with dependent children,159,86,73
S01006707,Couple family: Total,116,60,56
S01006707,Couple family: Both parents working,76,48,28
S01006707,Couple family: One parent working,28,10,18
S01006707,Couple family: No parents working,12,2,10
S01006707,Lone parent family: Total,43,26,17
S01006707,Lone parent family: Parent working,19,14,5
S01006707,Lone parent family: Parent not working,24,12,12
S01006708,All parents aged 16 and over with dependent children,147,61,86
S01006708,Couple family: Total,128,50,78
S01006708,Couple family: Both parents working,100,32,68
S01006708,Couple family: One parent working,24,16,8
S01006708,Couple family: No parents working,4,2,2
S01006708,Lone parent family: Total,19,11,8
S01006708,Lone parent family: Parent working,14,9,5
S01006708,Lone parent family: Parent not working,5,2,3
S01006709,All parents aged 16 and over with dependent children,210,115,95
S01006709,Couple family: Total,158,84,74
S01006709,Couple family: Both parents working,108,62,46
S01006709,Couple family: One parent working,42,16,26
S01006709,Couple family: No parents working,8,6,2
S01006709,Lone parent family: Total,52,31,21
S01006709,Lone parent family: Parent working,23,18,5
S01006709,Lone parent family: Parent not working,29,13,16
S01006710,All parents aged 16 and over with dependent children,122,67,55
S01006710,Couple family: Total,102,54,48
S01006710,Couple family: Both parents working,90,44,46
S01006710,Couple family: One parent working,12,10,2
S01006710,Couple family: No parents working,0,0,0
S01006710,Lone parent family: Total,20,13,7
S01006710,Lone parent family: Parent working,9,6,3
S01006710,Lone parent family: Parent not working,11,7,4
S01006711,All parents aged 16 and over with dependent children,133,62,71
S01006711,Couple family: Total,108,46,62
S01006711,Couple family: Both parents working,82,32,50
S01006711,Couple family: One parent working,24,14,10
S01006711,Couple family: No parents working,2,0,2
S01006711,Lone parent family: Total,25,16,9
S01006711,Lone parent family: Parent working,17,11,6
S01006711,Lone parent family: Parent not working,8,5,3
S01006712,All parents aged 16 and over with dependent children,92,58,34
S01006712,Couple family: Total,78,46,32
S01006712,Couple family: Both parents working,52,30,22
S01006712,Couple family: One parent working,22,12,10
S01006712,Couple family: No parents working,4,4,0
S01006712,Lone parent family: Total,14,12,2
S01006712,Lone parent family: Parent working,10,9,1
S01006712,Lone parent family: Parent not working,4,3,1
S01006713,All parents aged 16 and over with dependent children,180,100,80
S01006713,Couple family: Total,142,82,60
S01006713,Couple family: Both parents working,84,48,36
S01006713,Couple family: One parent working,42,22,20
S01006713,Couple family: No parents working,16,12,4
S01006713,Lone parent family: Total,38,18,20
S01006713,Lone parent family: Parent working,23,14,9
S01006713,Lone parent family: Parent not working,15,4,11
S01006714,All parents aged 16 and over with dependent children,112,48,64
S01006714,Couple family: Total,100,44,56
S01006714,Couple family: Both parents working,84,38,46
S01006714,Couple family: One parent working,12,4,8
S01006714,Couple family: No parents working,4,2,2
S01006714,Lone parent family: Total,12,4,8
S01006714,Lone parent family: Parent working,5,3,2
S01006714,Lone parent family: Parent not working,7,1,6
S01006715,All parents aged 16 and over with dependent children,159,62,97
S01006715,Couple family: Total,114,44,70
S01006715,Couple family: Both parents working,70,32,38
S01006715,Couple family: One parent working,34,10,24
S01006715,Couple family: No parents working,10,2,8
S01006715,Lone parent family: Total,45,18,27
S01006715,Lone parent family: Parent working,13,7,6
S01006715,Lone parent family: Parent not working,32,11,21
S01006716,All parents aged 16 and over with dependent children,124,75,49
S01006716,Couple family: Total,92,56,36
S01006716,Couple family: Both parents working,58,40,18
S01006716,Couple family: One parent working,20,10,10
S01006716,Couple family: No parents working,14,6,8
S01006716,Lone parent family: Total,32,19,13
S01006716,Lone parent family: Parent working,19,11,8
S01006716,Lone parent family: Parent not working,13,8,5
S01006717,All parents aged 16 and over with dependent children,175,97,78
S01006717,Couple family: Total,140,80,60
S01006717,Couple family: Both parents working,98,58,40
S01006717,Couple family: One parent working,32,18,14
S01006717,Couple family: No parents working,10,4,6
S01006717,Lone parent family: Total,35,17,18
S01006717,Lone parent family: Parent working,24,12,12
S01006717,Lone parent family: Parent not working,11,5,6
S01006718,All parents aged 16 and over with dependent children,109,34,75
S01006718,Couple family: Total,88,26,62
S01006718,Couple family: Both parents working,58,18,40
S01006718,Couple family: One parent working,22,6,16
S01006718,Couple family: No parents working,8,2,6
S01006718,Lone parent family: Total,21,8,13
S01006718,Lone parent family: Parent working,13,6,7
S01006718,Lone parent family: Parent not working,8,2,6
S01006719,All parents aged 16 and over with dependent children,212,95,117
S01006719,Couple family: Total,174,72,102
S01006719,Couple family: Both parents working,118,54,64
S01006719,Couple family: One parent working,46,12,34
S01006719,Couple family: No parents working,10,6,4
S01006719,Lone parent family: Total,38,23,15
S01006719,Lone parent family: Parent working,21,13,8
S01006719,Lone parent family: Parent not working,17,10,7
S01006720,All parents aged 16 and over with dependent children,115,53,62
S01006720,Couple family: Total,96,46,50
S01006720,Couple family: Both parents working,60,34,26
S01006720,Couple family: One parent working,34,10,24
S01006720,Couple family: No parents working,2,2,0
S01006720,Lone parent family: Total,19,7,12
S01006720,Lone parent family: Parent working,15,6,9
S01006720,Lone parent family: Parent not working,4,1,3
S01006721,All parents aged 16 and over with dependent children,177,90,87
S01006721,Couple family: Total,138,66,72
S01006721,Couple family: Both parents working,106,48,58
S01006721,Couple family: One parent working,24,16,8
S01006721,Couple family: No parents working,8,2,6
S01006721,Lone parent family: Total,39,24,15
S01006721,Lone parent family: Parent working,14,9,5
S01006721,Lone parent family: Parent not working,25,15,10
S01006722,All parents aged 16 and over with dependent children,178,102,76
S01006722,Couple family: Total,140,84,56
S01006722,Couple family: Both parents working,100,64,36
S01006722,Couple family: One parent working,28,14,14
S01006722,Couple family: No parents working,12,6,6
S01006722,Lone parent family: Total,38,18,20
S01006722,Lone parent family: Parent working,24,13,11
S01006722,Lone parent family: Parent not working,14,5,9
S01006723,All parents aged 16 and over with dependent children,129,64,65
S01006723,Couple family: Total,100,42,58
S01006723,Couple family: Both parents working,72,30,42
S01006723,Couple family: One parent working,26,10,16
S01006723,Couple family: No parents working,2,2,0
S01006723,Lone parent family: Total,29,22,7
S01006723,Lone parent family: Parent working,20,17,3
S01006723,Lone parent family: Parent not working,9,5,4
S01006724,All parents aged 16 and over with dependent children,290,143,147
S01006724,Couple family: Total,204,102,102
S01006724,Couple family: Both parents working,114,72,42
S01006724,Couple family: One parent working,58,20,38
S01006724,Couple family: No parents working,32,10,22
S01006724,Lone parent family: Total,86,41,45
S01006724,Lone parent family: Parent working,42,23,19
S01006724,Lone parent family: Parent not working,44,18,26
S01006725,All parents aged 16 and over with dependent children,147,74,73
S01006725,Couple family: Total,118,60,58
S01006725,Couple family: Both parents working,88,48,40
S01006725,Couple family: One parent working,14,4,10
S01006725,Couple family: No parents working,16,8,8
S01006725,Lone parent family: Total,29,14,15
S01006725,Lone parent family: Parent working,17,8,9
S01006725,Lone parent family: Parent not working,12,6,6
S01006726,All parents aged 16 and over with dependent children,369,184,185
S01006726,Couple family: Total,250,118,132
S01006726,Couple family: Both parents working,144,82,62
S01006726,Couple family: One parent working,84,30,54
S01006726,Couple family: No parents working,22,6,16
S01006726,Lone parent family: Total,119,66,53
S01006726,Lone parent family: Parent working,46,34,12
S01006726,Lone parent family: Parent not working,73,32,41
S01006727,All parents aged 16 and over with dependent children,253,122,131
S01006727,Couple family: Total,194,88,106
S01006727,Couple family: Both parents working,108,52,56
S01006727,Couple family: One parent working,64,24,40
S01006727,Couple family: No parents working,22,12,10
S01006727,Lone parent family: Total,59,34,25
S01006727,Lone parent family: Parent working,30,17,13
S01006727,Lone parent family: Parent not working,29,17,12
S01006728,All parents aged 16 and over with dependent children,188,113,75
S01006728,Couple family: Total,140,84,56
S01006728,Couple family: Both parents working,86,56,30
S01006728,Couple family: One parent working,50,26,24
S01006728,Couple family: No parents working,4,2,2
S01006728,Lone parent family: Total,48,29,19
S01006728,Lone parent family: Parent working,27,15,12
S01006728,Lone parent family: Parent not working,21,14,7
S01006729,All parents aged 16 and over with dependent children,183,88,95
S01006729,Couple family: Total,122,58,64
S01006729,Couple family: Both parents working,70,36,34
S01006729,Couple family: One parent working,34,12,22
S01006729,Couple family: No parents working,18,10,8
S01006729,Lone parent family: Total,61,30,31
S01006729,Lone parent family: Parent working,28,14,14
S01006729,Lone parent family: Parent not working,33,16,17
S01006730,All parents aged 16 and over with dependent children,151,82,69
S01006730,Couple family: Total,128,70,58
S01006730,Couple family: Both parents working,86,54,32
S01006730,Couple family: One parent working,32,12,20
S01006730,Couple family: No parents working,10,4,6
S01006730,Lone parent family: Total,23,12,11
S01006730,Lone parent family: Parent working,17,7,10
S01006730,Lone parent family: Parent not working,6,5,1
S01006731,All parents aged 16 and over with dependent children,104,51,53
S01006731,Couple family: Total,82,38,44
S01006731,Couple family: Both parents working,52,28,24
S01006731,Couple family: One parent working,24,10,14
S01006731,Couple family: No parents working,6,0,6
S01006731,Lone parent family: Total,22,13,9
S01006731,Lone parent family: Parent working,11,7,4
S01006731,Lone parent family: Parent not working,11,6,5
S01006732,All parents aged 16 and over with dependent children,235,96,139
S01006732,Couple family: Total,218,88,130
S01006732,Couple family: Both parents working,156,70,86
S01006732,Couple family: One parent working,60,18,42
S01006732,Couple family: No parents working,2,0,2
S01006732,Lone parent family: Total,17,8,9
S01006732,Lone parent family: Parent working,10,4,6
S01006732,Lone parent family: Parent not working,7,4,3
S01006733,All parents aged 16 and over with dependent children,313,134,179
S01006733,Couple family: Total,298,124,174
S01006733,Couple family: Both parents working,188,86,102
S01006733,Couple family: One parent working,104,36,68
S01006733,Couple family: No parents working,6,2,4
S01006733,Lone parent family: Total,15,10,5
S01006733,Lone parent family: Parent working,14,9,5
S01006733,Lone parent family: Parent not working,1,1,0
S01006734,All parents aged 16 and over with dependent children,293,137,156
S01006734,Couple family: Total,286,132,154
S01006734,Couple family: Both parents working,208,100,108
S01006734,Couple family: One parent working,78,32,46
S01006734,Couple family: No parents working,0,0,0
S01006734,Lone parent family: Total,7,5,2
S01006734,Lone parent family: Parent working,7,5,2
S01006734,Lone parent family: Parent not working,0,0,0
S01006735,All parents aged 16 and over with dependent children,139,46,93
S01006735,Couple family: Total,134,42,92
S01006735,Couple family: Both parents working,86,36,50
S01006735,Couple family: One parent working,48,6,42
S01006735,Couple family: No parents working,0,0,0
S01006735,Lone parent family: Total,5,4,1
S01006735,Lone parent family: Parent working,5,4,1
S01006735,Lone parent family: Parent not working,0,0,0
S01006736,All parents aged 16 and over with dependent children,385,196,189
S01006736,Couple family: Total,358,178,180
S01006736,Couple family: Both parents working,294,152,142
S01006736,Couple family: One parent working,64,26,38
S01006736,Couple family: No parents working,0,0,0
S01006736,Lone parent family: Total,27,18,9
S01006736,Lone parent family: Parent working,23,17,6
S01006736,Lone parent family: Parent not working,4,1,3
S01006737,All parents aged 16 and over with dependent children,140,49,91
S01006737,Couple family: Total,132,44,88
S01006737,Couple family: Both parents working,84,36,48
S01006737,Couple family: One parent working,46,6,40
S01006737,Couple family: No parents working,2,2,0
S01006737,Lone parent family: Total,8,5,3
S01006737,Lone parent family: Parent working,4,1,3
S01006737,Lone parent family: Parent not working,4,4,0
S01006738,All parents aged 16 and over with dependent children,134,85,49
S01006738,Couple family: Total,104,58,46
S01006738,Couple family: Both parents working,74,42,32
S01006738,Couple family: One parent working,28,16,12
S01006738,Couple family: No parents working,2,0,2
S01006738,Lone parent family: Total,30,27,3
S01006738,Lone parent family: Parent working,24,21,3
S01006738,Lone parent family: Parent not working,6,6,0
S01006739,All parents aged 16 and over with dependent children,103,64,39
S01006739,Couple family: Total,88,54,34
S01006739,Couple family: Both parents working,72,48,24
S01006739,Couple family: One parent working,16,6,10
S01006739,Couple family: No parents working,0,0,0
S01006739,Lone parent family: Total,15,10,5
S01006739,Lone parent family: Parent working,10,7,3
S01006739,Lone parent family: Parent not working,5,3,2
S01006740,All parents aged 16 and over with dependent children,111,67,44
S01006740,Couple family: Total,82,48,34
S01006740,Couple family: Both parents working,56,38,18
S01006740,Couple family: One parent working,22,6,16
S01006740,Couple family: No parents working,4,4,0
S01006740,Lone parent family: Total,29,19,10
S01006740,Lone parent family: Parent working,20,15,5
S01006740,Lone parent family: Parent not working,9,4,5
S01006741,All parents aged 16 and over with dependent children,103,68,35
S01006741,Couple family: Total,96,62,34
S01006741,Couple family: Both parents working,72,42,30
S01006741,Couple family: One parent working,22,18,4
S01006741,Couple family: No parents working,2,2,0
S01006741,Lone parent family: Total,7,6,1
S01006741,Lone parent family: Parent working,5,4,1
S01006741,Lone parent family: Parent not working,2,2,0
S01006742,All parents aged 16 and over with dependent children,92,57,35
S01006742,Couple family: Total,80,50,30
S01006742,Couple family: Both parents working,70,44,26
S01006742,Couple family: One parent working,8,4,4
S01006742,Couple family: No parents working,2,2,0
S01006742,Lone parent family: Total,12,7,5
S01006742,Lone parent family: Parent working,10,6,4
S01006742,Lone parent family: Parent not working,2,1,1
S01006743,All parents aged 16 and over with dependent children,71,45,26
S01006743,Couple family: Total,60,38,22
S01006743,Couple family: Both parents working,50,34,16
S01006743,Couple family: One parent working,10,4,6
S01006743,Couple family: No parents working,0,0,0
S01006743,Lone parent family: Total,11,7,4
S01006743,Lone parent family: Parent working,7,5,2
S01006743,Lone parent family: Parent not working,4,2,2
S01006744,All parents aged 16 and over with dependent children,95,54,41
S01006744,Couple family: Total,80,46,34
S01006744,Couple family: Both parents working,60,36,24
S01006744,Couple family: One parent working,20,10,10
S01006744,Couple family: No parents working,0,0,0
S01006744,Lone parent family: Total,15,8,7
S01006744,Lone parent family: Parent working,9,6,3
S01006744,Lone parent family: Parent not working,6,2,4
S01006745,All parents aged 16 and over with dependent children,125,56,69
S01006745,Couple family: Total,96,42,54
S01006745,Couple family: Both parents working,70,30,40
S01006745,Couple family: One parent working,24,12,12
S01006745,Couple family: No parents working,2,0,2
S01006745,Lone parent family: Total,29,14,15
S01006745,Lone parent family: Parent working,18,9,9
S01006745,Lone parent family: Parent not working,11,5,6
S01006746,All parents aged 16 and over with dependent children,175,106,69
S01006746,Couple family: Total,146,90,56
S01006746,Couple family: Both parents working,118,74,44
S01006746,Couple family: One parent working,28,16,12
S01006746,Couple family: No parents working,0,0,0
S01006746,Lone parent family: Total,29,16,13
S01006746,Lone parent family: Parent working,20,12,8
S01006746,Lone parent family: Parent not working,9,4,5
S01006747,All parents aged 16 and over with dependent children,122,70,52
S01006747,Couple family: Total,110,62,48
S01006747,Couple family: Both parents working,82,48,34
S01006747,Couple family: One parent working,28,14,14
S01006747,Couple family: No parents working,0,0,0
S01006747,Lone parent family: Total,12,8,4
S01006747,Lone parent family: Parent working,10,6,4
S01006747,Lone parent family: Parent not working,2,2,0
S01006748,All parents aged 16 and over with dependent children,167,78,89
S01006748,Couple family: Total,158,72,86
S01006748,Couple family: Both parents working,128,62,66
S01006748,Couple family: One parent working,26,8,18
S01006748,Couple family: No parents working,4,2,2
S01006748,Lone parent family: Total,9,6,3
S01006748,Lone parent family: Parent working,5,3,2
S01006748,Lone parent family: Parent not working,4,3,1
S01006749,All parents aged 16 and over with dependent children,184,106,78
S01006749,Couple family: Total,168,92,76
S01006749,Couple family: Both parents working,136,78,58
S01006749,Couple family: One parent working,26,10,16
S01006749,Couple family: No parents working,6,4,2
S01006749,Lone parent family: Total,16,14,2
S01006749,Lone parent family: Parent working,12,10,2
S01006749,Lone parent family: Parent not working,4,4,0
S01006750,All parents aged 16 and over with dependent children,103,50,53
S01006750,Couple family: Total,90,42,48
S01006750,Couple family: Both parents working,78,38,40
S01006750,Couple family: One parent working,12,4,8
S01006750,Couple family: No parents working,0,0,0
S01006750,Lone parent family: Total,13,8,5
S01006750,Lone parent family: Parent working,11,7,4
S01006750,Lone parent family: Parent not working,2,1,1
S01006751,All parents aged 16 and over with dependent children,89,40,49
S01006751,Couple family: Total,78,32,46
S01006751,Couple family: Both parents working,72,32,40
S01006751,Couple family: One parent working,6,0,6
S01006751,Couple family: No parents working,0,0,0
S01006751,Lone parent family: Total,11,8,3
S01006751,Lone parent family: Parent working,6,5,1
S01006751,Lone parent family: Parent not working,5,3,2
S01006752,All parents aged 16 and over with dependent children,122,55,67
S01006752,Couple family: Total,94,36,58
S01006752,Couple family: Both parents working,68,24,44
S01006752,Couple family: One parent working,24,10,14
S01006752,Couple family: No parents working,2,2,0
S01006752,Lone parent family: Total,28,19,9
S01006752,Lone parent family: Parent working,18,11,7
S01006752,Lone parent family: Parent not working,10,8,2
S01006753,All parents aged 16 and over with dependent children,165,76,89
S01006753,Couple family: Total,150,64,86
S01006753,Couple family: Both parents working,120,54,66
S01006753,Couple family: One parent working,30,10,20
S01006753,Couple family: No parents working,0,0,0
S01006753,Lone parent family: Total,15,12,3
S01006753,Lone parent family: Parent working,11,8,3
S01006753,Lone parent family: Parent not working,4,4,0
S01006754,All parents aged 16 and over with dependent children,136,71,65
S01006754,Couple family: Total,124,62,62
S01006754,Couple family: Both parents working,100,50,50
S01006754,Couple family: One parent working,24,12,12
S01006754,Couple family: No parents working,0,0,0
S01006754,Lone parent family: Total,12,9,3
S01006754,Lone parent family: Parent working,8,6,2
S01006754,Lone parent family: Parent not working,4,3,1
S01006755,All parents aged 16 and over with dependent children,210,91,119
S01006755,Couple family: Total,198,84,114
S01006755,Couple family: Both parents working,168,66,102
S01006755,Couple family: One parent working,28,18,10
S01006755,Couple family: No parents working,2,0,2
S01006755,Lone parent family: Total,12,7,5
S01006755,Lone parent family: Parent working,6,5,1
S01006755,Lone parent family: Parent not working,6,2,4
S01006756,All parents aged 16 and over with dependent children,167,88,79
S01006756,Couple family: Total,154,80,74
S01006756,Couple family: Both parents working,98,56,42
S01006756,Couple family: One parent working,46,20,26
S01006756,Couple family: No parents working,10,4,6
S01006756,Lone parent family: Total,13,8,5
S01006756,Lone parent family: Parent working,8,7,1
S01006756,Lone parent family: Parent not working,5,1,4
S01006757,All parents aged 16 and over with dependent children,144,85,59
S01006757,Couple family: Total,130,74,56
S01006757,Couple family: Both parents working,108,66,42
S01006757,Couple family: One parent working,22,8,14
S01006757,Couple family: No parents working,0,0,0
S01006757,Lone parent family: Total,14,11,3
S01006757,Lone parent family: Parent working,11,8,3
S01006757,Lone parent family: Parent not working,3,3,0
S01006758,All parents aged 16 and over with dependent children,130,65,65
S01006758,Couple family: Total,122,60,62
S01006758,Couple family: Both parents working,94,52,42
S01006758,Couple family: One parent working,26,8,18
S01006758,Couple family: No parents working,2,0,2
S01006758,Lone parent family: Total,8,5,3
S01006758,Lone parent family: Parent working,7,4,3
S01006758,Lone parent family: Parent not working,1,1,0
S01006759,All parents aged 16 and over with dependent children,128,50,78
S01006759,Couple family: Total,116,42,74
S01006759,Couple family: Both parents working,98,36,62
S01006759,Couple family: One parent working,18,6,12
S01006759,Couple family: No parents working,0,0,0
S01006759,Lone parent family: Total,12,8,4
S01006759,Lone parent family: Parent working,10,6,4
S01006759,Lone parent family: Parent not working,2,2,0
S01006760,All parents aged 16 and over with dependent children,105,65,40
S01006760,Couple family: Total,92,56,36
S01006760,Couple family: Both parents working,80,46,34
S01006760,Couple family: One parent working,12,10,2
S01006760,Couple family: No parents working,0,0,0
S01006760,Lone parent family: Total,13,9,4
S01006760,Lone parent family: Parent working,10,7,3
S01006760,Lone parent family: Parent not working,3,2,1
S01006761,All parents aged 16 and over with dependent children,110,72,38
S01006761,Couple family: Total,100,66,34
S01006761,Couple family: Both parents working,76,50,26
S01006761,Couple family: One parent working,24,16,8
S01006761,Couple family: No parents working,0,0,0
S01006761,Lone parent family: Total,10,6,4
S01006761,Lone parent family: Parent working,9,6,3
S01006761,Lone parent family: Parent not working,1,0,1
S01006762,All parents aged 16 and over with dependent children,119,68,51
S01006762,Couple family: Total,112,62,50
S01006762,Couple family: Both parents working,82,48,34
S01006762,Couple family: One parent working,26,12,14
S01006762,Couple family: No parents working,4,2,2
S01006762,Lone parent family: Total,7,6,1
S01006762,Lone parent family: Parent working,5,4,1
S01006762,Lone parent family: Parent not working,2,2,0
S01006763,All parents aged 16 and over with dependent children,270,147,123
S01006763,Couple family: Total,250,132,118
S01006763,Couple family: Both parents working,202,118,84
S01006763,Couple family: One parent working,42,12,30
S01006763,Couple family: No parents working,6,2,4
S01006763,Lone parent family: Total,20,15,5
S01006763,Lone parent family: Parent working,17,12,5
S01006763,Lone parent family: Parent not working,3,3,0
S01006764,All parents aged 16 and over with dependent children,183,91,92
S01006764,Couple family: Total,168,80,88
S01006764,Couple family: Both parents working,134,68,66
S01006764,Couple family: One parent working,34,12,22
S01006764,Couple family: No parents working,0,0,0
S01006764,Lone parent family: Total,15,11,4
S01006764,Lone parent family: Parent working,10,6,4
S01006764,Lone parent family: Parent not working,5,5,0
S01006765,All parents aged 16 and over with dependent children,109,55,54
S01006765,Couple family: Total,98,48,50
S01006765,Couple family: Both parents working,80,44,36
S01006765,Couple family: One parent working,16,2,14
S01006765,Couple family: No parents working,2,2,0
S01006765,Lone parent family: Total,11,7,4
S01006765,Lone parent family: Parent working,9,6,3
S01006765,Lone parent family: Parent not working,2,1,1
S01006766,All parents aged 16 and over with dependent children,125,48,77
S01006766,Couple family: Total,118,44,74
S01006766,Couple family: Both parents working,86,34,52
S01006766,Couple family: One parent working,32,10,22
S01006766,Couple family: No parents working,0,0,0
S01006766,Lone parent family: Total,7,4,3
S01006766,Lone parent family: Parent working,4,3,1
S01006766,Lone parent family: Parent not working,3,1,2
S01006767,All parents aged 16 and over with dependent children,148,74,74
S01006767,Couple family: Total,134,66,68
S01006767,Couple family: Both parents working,106,52,54
S01006767,Couple family: One parent working,28,14,14
S01006767,Couple family: No parents working,0,0,0
S01006767,Lone parent family: Total,14,8,6
S01006767,Lone parent family: Parent working,12,6,6
S01006767,Lone parent family: Parent not working,2,2,0
S01006768,All parents aged 16 and over with dependent children,162,89,73
S01006768,Couple family: Total,158,88,70
S01006768,Couple family: Both parents working,134,76,58
S01006768,Couple family: One parent working,24,12,12
S01006768,Couple family: No parents working,0,0,0
S01006768,Lone parent family: Total,4,1,3
S01006768,Lone parent family: Parent working,4,1,3
S01006768,Lone parent family: Parent not working,0,0,0
S01006769,All parents aged 16 and over with dependent children,222,112,110
S01006769,Couple family: Total,202,100,102
S01006769,Couple family: Both parents working,154,80,74
S01006769,Couple family: One parent working,42,18,24
S01006769,Couple family: No parents working,6,2,4
S01006769,Lone parent family: Total,20,12,8
S01006769,Lone parent family: Parent working,17,9,8
S01006769,Lone parent family: Parent not working,3,3,0
S01006770,All parents aged 16 and over with dependent children,117,52,65
S01006770,Couple family: Total,110,50,60
S01006770,Couple family: Both parents working,98,44,54
S01006770,Couple family: One parent working,12,6,6
S01006770,Couple family: No parents working,0,0,0
S01006770,Lone parent family: Total,7,2,5
S01006770,Lone parent family: Parent working,5,1,4
S01006770,Lone parent family: Parent not working,2,1,1
S01006771,All parents aged 16 and over with dependent children,127,44,83
S01006771,Couple family: Total,122,42,80
S01006771,Couple family: Both parents working,88,34,54
S01006771,Couple family: One parent working,34,8,26
S01006771,Couple family: No parents working,0,0,0
S01006771,Lone parent family: Total,5,2,3
S01006771,Lone parent family: Parent working,5,2,3
S01006771,Lone parent family: Parent not working,0,0,0
S01006772,All parents aged 16 and over with dependent children,146,73,73
S01006772,Couple family: Total,136,66,70
S01006772,Couple family: Both parents working,106,54,52
S01006772,Couple family: One parent working,28,10,18
S01006772,Couple family: No parents working,2,2,0
S01006772,Lone parent family: Total,10,7,3
S01006772,Lone parent family: Parent working,10,7,3
S01006772,Lone parent family: Parent not working,0,0,0
S01006773,All parents aged 16 and over with dependent children,169,70,99
S01006773,Couple family: Total,158,62,96
S01006773,Couple family: Both parents working,124,50,74
S01006773,Couple family: One parent working,34,12,22
S01006773,Couple family: No parents working,0,0,0
S01006773,Lone parent family: Total,11,8,3
S01006773,Lone parent family: Parent working,10,7,3
S01006773,Lone parent family: Parent not working,1,1,0
S01006774,All parents aged 16 and over with dependent children,146,63,83
S01006774,Couple family: Total,136,58,78
S01006774,Couple family: Both parents working,114,48,66
S01006774,Couple family: One parent working,22,10,12
S01006774,Couple family: No parents working,0,0,0
S01006774,Lone parent family: Total,10,5,5
S01006774,Lone parent family: Parent working,10,5,5
S01006774,Lone parent family: Parent not working,0,0,0
S01006775,All parents aged 16 and over with dependent children,94,56,38
S01006775,Couple family: Total,72,40,32
S01006775,Couple family: Both parents working,62,38,24
S01006775,Couple family: One parent working,10,2,8
S01006775,Couple family: No parents working,0,0,0
S01006775,Lone parent family: Total,22,16,6
S01006775,Lone parent family: Parent working,15,13,2
S01006775,Lone parent family: Parent not working,7,3,4
S01006776,All parents aged 16 and over with dependent children,61,33,28
S01006776,Couple family: Total,48,22,26
S01006776,Couple family: Both parents working,32,14,18
S01006776,Couple family: One parent working,16,8,8
S01006776,Couple family: No parents working,0,0,0
S01006776,Lone parent family: Total,13,11,2
S01006776,Lone parent family: Parent working,11,10,1
S01006776,Lone parent family: Parent not working,2,1,1
S01006777,All parents aged 16 and over with dependent children,130,63,67
S01006777,Couple family: Total,120,54,66
S01006777,Couple family: Both parents working,98,50,48
S01006777,Couple family: One parent working,22,4,18
S01006777,Couple family: No parents working,0,0,0
S01006777,Lone parent family: Total,10,9,1
S01006777,Lone parent family: Parent working,9,8,1
S01006777,Lone parent family: Parent not working,1,1,0
S01006778,All parents aged 16 and over with dependent children,106,68,38
S01006778,Couple family: Total,96,60,36
S01006778,Couple family: Both parents working,80,50,30
S01006778,Couple family: One parent working,12,6,6
S01006778,Couple family: No parents working,4,4,0
S01006778,Lone parent family: Total,10,8,2
S01006778,Lone parent family: Parent working,6,6,0
S01006778,Lone parent family: Parent not working,4,2,2
S01006779,All parents aged 16 and over with dependent children,107,54,53
S01006779,Couple family: Total,78,32,46
S01006779,Couple family: Both parents working,58,22,36
S01006779,Couple family: One parent working,20,10,10
S01006779,Couple family: No parents working,0,0,0
S01006779,Lone parent family: Total,29,22,7
S01006779,Lone parent family: Parent working,19,15,4
S01006779,Lone parent family: Parent not working,10,7,3
S01006780,All parents aged 16 and over with dependent children,98,49,49
S01006780,Couple family: Total,88,44,44
S01006780,Couple family: Both parents working,70,38,32
S01006780,Couple family: One parent working,18,6,12
S01006780,Couple family: No parents working,0,0,0
S01006780,Lone parent family: Total,10,5,5
S01006780,Lone parent family: Parent working,9,4,5
S01006780,Lone parent family: Parent not working,1,1,0
S01006781,All parents aged 16 and over with dependent children,123,68,55
S01006781,Couple family: Total,108,56,52
S01006781,Couple family: Both parents working,86,50,36
S01006781,Couple family: One parent working,18,2,16
S01006781,Couple family: No parents working,4,4,0
S01006781,Lone parent family: Total,15,12,3
S01006781,Lone parent family: Parent working,12,9,3
S01006781,Lone parent family: Parent not working,3,3,0
S01006782,All parents aged 16 and over with dependent children,157,74,83
S01006782,Couple family: Total,144,64,80
S01006782,Couple family: Both parents working,120,58,62
S01006782,Couple family: One parent working,14,6,8
S01006782,Couple family: No parents working,10,0,10
S01006782,Lone parent family: Total,13,10,3
S01006782,Lone parent family: Parent working,12,9,3
S01006782,Lone parent family: Parent not working,1,1,0
S01006783,All parents aged 16 and over with dependent children,108,53,55
S01006783,Couple family: Total,92,44,48
S01006783,Couple family: Both parents working,74,36,38
S01006783,Couple family: One parent working,16,8,8
S01006783,Couple family: No parents working,2,0,2
S01006783,Lone parent family: Total,16,9,7
S01006783,Lone parent family: Parent working,12,7,5
S01006783,Lone parent family: Parent not working,4,2,2
S01006784,All parents aged 16 and over with dependent children,93,56,37
S01006784,Couple family: Total,92,56,36
S01006784,Couple family: Both parents working,72,42,30
S01006784,Couple family: One parent working,16,14,2
S01006784,Couple family: No parents working,4,0,4
S01006784,Lone parent family: Total,1,0,1
S01006784,Lone parent family: Parent working,1,0,1
S01006784,Lone parent family: Parent not working,0,0,0
S01006785,All parents aged 16 and over with dependent children,160,74,86
S01006785,Couple family: Total,150,68,82
S01006785,Couple family: Both parents working,122,56,66
S01006785,Couple family: One parent working,26,10,16
S01006785,Couple family: No parents working,2,2,0
S01006785,Lone parent family: Total,10,6,4
S01006785,Lone parent family: Parent working,8,6,2
S01006785,Lone parent family: Parent not working,2,0,2
S01006786,All parents aged 16 and over with dependent children,206,85,121
S01006786,Couple family: Total,198,80,118
S01006786,Couple family: Both parents working,156,60,96
S01006786,Couple family: One parent working,40,20,20
S01006786,Couple family: No parents working,2,0,2
S01006786,Lone parent family: Total,8,5,3
S01006786,Lone parent family: Parent working,5,3,2
S01006786,Lone parent family: Parent not working,3,2,1
S01006787,All parents aged 16 and over with dependent children,111,63,48
S01006787,Couple family: Total,100,54,46
S01006787,Couple family: Both parents working,76,44,32
S01006787,Couple family: One parent working,12,4,8
S01006787,Couple family: No parents working,12,6,6
S01006787,Lone parent family: Total,11,9,2
S01006787,Lone parent family: Parent working,10,9,1
S01006787,Lone parent family: Parent not working,1,0,1
S01006788,All parents aged 16 and over with dependent children,202,85,117
S01006788,Couple family: Total,190,76,114
S01006788,Couple family: Both parents working,154,64,90
S01006788,Couple family: One parent working,34,12,22
S01006788,Couple family: No parents working,2,0,2
S01006788,Lone parent family: Total,12,9,3
S01006788,Lone parent family: Parent working,8,7,1
S01006788,Lone parent family: Parent not working,4,2,2
S01006789,All parents aged 16 and over with dependent children,89,45,44
S01006789,Couple family: Total,74,36,38
S01006789,Couple family: Both parents working,48,26,22
S01006789,Couple family: One parent working,26,10,16
S01006789,Couple family: No parents working,0,0,0
S01006789,Lone parent family: Total,15,9,6
S01006789,Lone parent family: Parent working,13,8,5
S01006789,Lone parent family: Parent not working,2,1,1
S01006790,All parents aged 16 and over with dependent children,144,65,79
S01006790,Couple family: Total,114,48,66
S01006790,Couple family: Both parents working,82,32,50
S01006790,Couple family: One parent working,28,12,16
S01006790,Couple family: No parents working,4,4,0
S01006790,Lone parent family: Total,30,17,13
S01006790,Lone parent family: Parent working,22,12,10
S01006790,Lone parent family: Parent not working,8,5,3
S01006791,All parents aged 16 and over with dependent children,90,31,59
S01006791,Couple family: Total,80,26,54
S01006791,Couple family: Both parents working,48,14,34
S01006791,Couple family: One parent working,28,12,16
S01006791,Couple family: No parents working,4,0,4
S01006791,Lone parent family: Total,10,5,5
S01006791,Lone parent family: Parent working,8,4,4
S01006791,Lone parent family: Parent not working,2,1,1
S01006792,All parents aged 16 and over with dependent children,83,40,43
S01006792,Couple family: Total,76,36,40
S01006792,Couple family: Both parents working,50,24,26
S01006792,Couple family: One parent working,26,12,14
S01006792,Couple family: No parents working,0,0,0
S01006792,Lone parent family: Total,7,4,3
S01006792,Lone parent family: Parent working,5,2,3
S01006792,Lone parent family: Parent not working,2,2,0
S01006793,All parents aged 16 and over with dependent children,79,32,47
S01006793,Couple family: Total,72,28,44
S01006793,Couple family: Both parents working,64,28,36
S01006793,Couple family: One parent working,8,0,8
S01006793,Couple family: No parents working,0,0,0
S01006793,Lone parent family: Total,7,4,3
S01006793,Lone parent family: Parent working,5,2,3
S01006793,Lone parent family: Parent not working,2,2,0
S01006794,All parents aged 16 and over with dependent children,74,42,32
S01006794,Couple family: Total,58,30,28
S01006794,Couple family: Both parents working,40,24,16
S01006794,Couple family: One parent working,18,6,12
S01006794,Couple family: No parents working,0,0,0
S01006794,Lone parent family: Total,16,12,4
S01006794,Lone parent family: Parent working,12,9,3
S01006794,Lone parent family: Parent not working,4,3,1
S01006795,All parents aged 16 and over with dependent children,173,58,115
S01006795,Couple family: Total,158,48,110
S01006795,Couple family: Both parents working,102,30,72
S01006795,Couple family: One parent working,52,14,38
S01006795,Couple family: No parents working,4,4,0
S01006795,Lone parent family: Total,15,10,5
S01006795,Lone parent family: Parent working,11,7,4
S01006795,Lone parent family: Parent not working,4,3,1
S01006796,All parents aged 16 and over with dependent children,159,64,95
S01006796,Couple family: Total,142,54,88
S01006796,Couple family: Both parents working,96,40,56
S01006796,Couple family: One parent working,40,12,28
S01006796,Couple family: No parents working,6,2,4
S01006796,Lone parent family: Total,17,10,7
S01006796,Lone parent family: Parent working,12,7,5
S01006796,Lone parent family: Parent not working,5,3,2
S01006797,All parents aged 16 and over with dependent children,138,50,88
S01006797,Couple family: Total,130,46,84
S01006797,Couple family: Both parents working,90,36,54
S01006797,Couple family: One parent working,38,8,30
S01006797,Couple family: No parents working,2,2,0
S01006797,Lone parent family: Total,8,4,4
S01006797,Lone parent family: Parent working,6,3,3
S01006797,Lone parent family: Parent not working,2,1,1
S01006798,All parents aged 16 and over with dependent children,145,39,106
S01006798,Couple family: Total,142,38,104
S01006798,Couple family: Both parents working,102,22,80
S01006798,Couple family: One parent working,40,16,24
S01006798,Couple family: No parents working,0,0,0
S01006798,Lone parent family: Total,3,1,2
S01006798,Lone parent family: Parent working,2,1,1
S01006798,Lone parent family: Parent not working,1,0,1
S01006799,All parents aged 16 and over with dependent children,190,78,112
S01006799,Couple family: Total,170,70,100
S01006799,Couple family: Both parents working,122,50,72
S01006799,Couple family: One parent working,46,18,28
S01006799,Couple family: No parents working,2,2,0
S01006799,Lone parent family: Total,20,8,12
S01006799,Lone parent family: Parent working,17,6,11
S01006799,Lone parent family: Parent not working,3,2,1
S01006800,All parents aged 16 and over with dependent children,203,60,143
S01006800,Couple family: Total,194,56,138
S01006800,Couple family: Both parents working,122,38,84
S01006800,Couple family: One parent working,58,8,50
S01006800,Couple family: No parents working,14,10,4
S01006800,Lone parent family: Total,9,4,5
S01006800,Lone parent family: Parent working,7,4,3
S01006800,Lone parent family: Parent not working,2,0,2
S01006801,All parents aged 16 and over with dependent children,184,69,115
S01006801,Couple family: Total,172,64,108
S01006801,Couple family: Both parents working,142,60,82
S01006801,Couple family: One parent working,26,2,24
S01006801,Couple family: No parents working,4,2,2
S01006801,Lone parent family: Total,12,5,7
S01006801,Lone parent family: Parent working,11,5,6
S01006801,Lone parent family: Parent not working,1,0,1
S01006802,All parents aged 16 and over with dependent children,147,77,70
S01006802,Couple family: Total,134,66,68
S01006802,Couple family: Both parents working,98,60,38
S01006802,Couple family: One parent working,36,6,30
S01006802,Couple family: No parents working,0,0,0
S01006802,Lone parent family: Total,13,11,2
S01006802,Lone parent family: Parent working,10,9,1
S01006802,Lone parent family: Parent not working,3,2,1
S01006803,All parents aged 16 and over with dependent children,126,51,75
S01006803,Couple family: Total,108,38,70
S01006803,Couple family: Both parents working,78,32,46
S01006803,Couple family: One parent working,26,6,20
S01006803,Couple family: No parents working,4,0,4
S01006803,Lone parent family: Total,18,13,5
S01006803,Lone parent family: Parent working,15,10,5
S01006803,Lone parent family: Parent not working,3,3,0
S01006804,All parents aged 16 and over with dependent children,199,101,98
S01006804,Couple family: Total,188,94,94
S01006804,Couple family: Both parents working,138,76,62
S01006804,Couple family: One parent working,40,14,26
S01006804,Couple family: No parents working,10,4,6
S01006804,Lone parent family: Total,11,7,4
S01006804,Lone parent family: Parent working,5,4,1
S01006804,Lone parent family: Parent not working,6,3,3
S01006805,All parents aged 16 and over with dependent children,263,117,146
S01006805,Couple family: Total,230,100,130
S01006805,Couple family: Both parents working,164,76,88
S01006805,Couple family: One parent working,62,24,38
S01006805,Couple family: No parents working,4,0,4
S01006805,Lone parent family: Total,33,17,16
S01006805,Lone parent family: Parent working,25,15,10
S01006805,Lone parent family: Parent not working,8,2,6
S01006806,All parents aged 16 and over with dependent children,214,116,98
S01006806,Couple family: Total,198,108,90
S01006806,Couple family: Both parents working,154,84,70
S01006806,Couple family: One parent working,42,24,18
S01006806,Couple family: No parents working,2,0,2
S01006806,Lone parent family: Total,16,8,8
S01006806,Lone parent family: Parent working,8,5,3
S01006806,Lone parent family: Parent not working,8,3,5
S01006807,All parents aged 16 and over with dependent children,141,49,92
S01006807,Couple family: Total,124,42,82
S01006807,Couple family: Both parents working,96,36,60
S01006807,Couple family: One parent working,28,6,22
S01006807,Couple family: No parents working,0,0,0
S01006807,Lone parent family: Total,17,7,10
S01006807,Lone parent family: Parent working,10,5,5
S01006807,Lone parent family: Parent not working,7,2,5
S01006808,All parents aged 16 and over with dependent children,139,49,90
S01006808,Couple family: Total,128,44,84
S01006808,Couple family: Both parents working,92,38,54
S01006808,Couple family: One parent working,36,6,30
S01006808,Couple family: No parents working,0,0,0
S01006808,Lone parent family: Total,11,5,6
S01006808,Lone parent family: Parent working,8,4,4
S01006808,Lone parent family: Parent not working,3,1,2
S01006809,All parents aged 16 and over with dependent children,166,68,98
S01006809,Couple family: Total,144,56,88
S01006809,Couple family: Both parents working,80,34,46
S01006809,Couple family: One parent working,62,22,40
S01006809,Couple family: No parents working,2,0,2
S01006809,Lone parent family: Total,22,12,10
S01006809,Lone parent family: Parent working,14,7,7
S01006809,Lone parent family: Parent not working,8,5,3
S01006810,All parents aged 16 and over with dependent children,187,69,118
S01006810,Couple family: Total,170,62,108
S01006810,Couple family: Both parents working,110,40,70
S01006810,Couple family: One parent working,56,20,36
S01006810,Couple family: No parents working,4,2,2
S01006810,Lone parent family: Total,17,7,10
S01006810,Lone parent family: Parent working,9,4,5
S01006810,Lone parent family: Parent not working,8,3,5
S01006811,All parents aged 16 and over with dependent children,293,130,163
S01006811,Couple family: Total,274,120,154
S01006811,Couple family: Both parents working,202,94,108
S01006811,Couple family: One parent working,64,24,40
S01006811,Couple family: No parents working,8,2,6
S01006811,Lone parent family: Total,19,10,9
S01006811,Lone parent family: Parent working,13,9,4
S01006811,Lone parent family: Parent not working,6,1,5
S01006812,All parents aged 16 and over with dependent children,186,90,96
S01006812,Couple family: Total,168,82,86
S01006812,Couple family: Both parents working,112,52,60
S01006812,Couple family: One parent working,56,30,26
S01006812,Couple family: No parents working,0,0,0
S01006812,Lone parent family: Total,18,8,10
S01006812,Lone parent family: Parent working,14,7,7
S01006812,Lone parent family: Parent not working,4,1,3
S01006813,All parents aged 16 and over with dependent children,189,82,107
S01006813,Couple family: Total,170,72,98
S01006813,Couple family: Both parents working,112,48,64
S01006813,Couple family: One parent working,52,22,30
S01006813,Couple family: No parents working,6,2,4
S01006813,Lone parent family: Total,19,10,9
S01006813,Lone parent family: Parent working,17,9,8
S01006813,Lone parent family: Parent not working,2,1,1
S01006814,All parents aged 16 and over with dependent children,199,82,117
S01006814,Couple family: Total,186,76,110
S01006814,Couple family: Both parents working,130,62,68
S01006814,Couple family: One parent working,54,14,40
S01006814,Couple family: No parents working,2,0,2
S01006814,Lone parent family: Total,13,6,7
S01006814,Lone parent family: Parent working,10,6,4
S01006814,Lone parent family: Parent not working,3,0,3
S01006815,All parents aged 16 and over with dependent children,97,48,49
S01006815,Couple family: Total,74,38,36
S01006815,Couple family: Both parents working,50,32,18
S01006815,Couple family: One parent working,24,6,18
S01006815,Couple family: No parents working,0,0,0
S01006815,Lone parent family: Total,23,10,13
S01006815,Lone parent family: Parent working,17,9,8
S01006815,Lone parent family: Parent not working,6,1,5
S01006816,All parents aged 16 and over with dependent children,175,79,96
S01006816,Couple family: Total,164,70,94
S01006816,Couple family: Both parents working,114,60,54
S01006816,Couple family: One parent working,48,10,38
S01006816,Couple family: No parents working,2,0,2
S01006816,Lone parent family: Total,11,9,2
S01006816,Lone parent family: Parent working,5,3,2
S01006816,Lone parent family: Parent not working,6,6,0
S01006817,All parents aged 16 and over with dependent children,154,71,83
S01006817,Couple family: Total,138,58,80
S01006817,Couple family: Both parents working,92,38,54
S01006817,Couple family: One parent working,44,20,24
S01006817,Couple family: No parents working,2,0,2
S01006817,Lone parent family: Total,16,13,3
S01006817,Lone parent family: Parent working,12,10,2
S01006817,Lone parent family: Parent not working,4,3,1
S01006818,All parents aged 16 and over with dependent children,161,49,112
S01006818,Couple family: Total,156,46,110
S01006818,Couple family: Both parents working,128,40,88
S01006818,Couple family: One parent working,28,6,22
S01006818,Couple family: No parents working,0,0,0
S01006818,Lone parent family: Total,5,3,2
S01006818,Lone parent family: Parent working,4,3,1
S01006818,Lone parent family: Parent not working,1,0,1
S01006819,All parents aged 16 and over with dependent children,226,88,138
S01006819,Couple family: Total,214,82,132
S01006819,Couple family: Both parents working,172,66,106
S01006819,Couple family: One parent working,42,16,26
S01006819,Couple family: No parents working,0,0,0
S01006819,Lone parent family: Total,12,6,6
S01006819,Lone parent family: Parent working,9,5,4
S01006819,Lone parent family: Parent not working,3,1,2
S01006820,All parents aged 16 and over with dependent children,90,42,48
S01006820,Couple family: Total,86,40,46
S01006820,Couple family: Both parents working,74,34,40
S01006820,Couple family: One parent working,12,6,6
S01006820,Couple family: No parents working,0,0,0
S01006820,Lone parent family: Total,4,2,2
S01006820,Lone parent family: Parent working,1,1,0
S01006820,Lone parent family: Parent not working,3,1,2
S01006821,All parents aged 16 and over with dependent children,131,62,69
S01006821,Couple family: Total,122,54,68
S01006821,Couple family: Both parents working,88,44,44
S01006821,Couple family: One parent working,34,10,24
S01006821,Couple family: No parents working,0,0,0
S01006821,Lone parent family: Total,9,8,1
S01006821,Lone parent family: Parent working,9,8,1
S01006821,Lone parent family: Parent not working,0,0,0
S01006822,All parents aged 16 and over with dependent children,177,67,110
S01006822,Couple family: Total,168,60,108
S01006822,Couple family: Both parents working,120,38,82
S01006822,Couple family: One parent working,48,22,26
S01006822,Couple family: No parents working,0,0,0
S01006822,Lone parent family: Total,9,7,2
S01006822,Lone parent family: Parent working,6,5,1
S01006822,Lone parent family: Parent not working,3,2,1
S01006823,All parents aged 16 and over with dependent children,138,44,94
S01006823,Couple family: Total,128,38,90
S01006823,Couple family: Both parents working,96,26,70
S01006823,Couple family: One parent working,30,12,18
S01006823,Couple family: No parents working,2,0,2
S01006823,Lone parent family: Total,10,6,4
S01006823,Lone parent family: Parent working,9,6,3
S01006823,Lone parent family: Parent not working,1,0,1
S01006824,All parents aged 16 and over with dependent children,183,88,95
S01006824,Couple family: Total,136,58,78
S01006824,Couple family: Both parents working,92,44,48
S01006824,Couple family: One parent working,36,12,24
S01006824,Couple family: No parents working,8,2,6
S01006824,Lone parent family: Total,47,30,17
S01006824,Lone parent family: Parent working,28,18,10
S01006824,Lone parent family: Parent not working,19,12,7
S01006825,All parents aged 16 and over with dependent children,173,94,79
S01006825,Couple family: Total,154,82,72
S01006825,Couple family: Both parents working,112,64,48
S01006825,Couple family: One parent working,40,18,22
S01006825,Couple family: No parents working,2,0,2
S01006825,Lone parent family: Total,19,12,7
S01006825,Lone parent family: Parent working,14,9,5
S01006825,Lone parent family: Parent not working,5,3,2
S01006826,All parents aged 16 and over with dependent children,216,94,122
S01006826,Couple family: Total,208,90,118
S01006826,Couple family: Both parents working,168,70,98
S01006826,Couple family: One parent working,40,20,20
S01006826,Couple family: No parents working,0,0,0
S01006826,Lone parent family: Total,8,4,4
S01006826,Lone parent family: Parent working,7,3,4
S01006826,Lone parent family: Parent not working,1,1,0
S01006827,All parents aged 16 and over with dependent children,181,90,91
S01006827,Couple family: Total,144,68,76
S01006827,Couple family: Both parents working,100,56,44
S01006827,Couple family: One parent working,42,12,30
S01006827,Couple family: No parents working,2,0,2
S01006827,Lone parent family: Total,37,22,15
S01006827,Lone parent family: Parent working,27,17,10
S01006827,Lone parent family: Parent not working,10,5,5
S01006828,All parents aged 16 and over with dependent children,158,97,61
S01006828,Couple family: Total,140,86,54
S01006828,Couple family: Both parents working,102,64,38
S01006828,Couple family: One parent working,38,22,16
S01006828,Couple family: No parents working,0,0,0
S01006828,Lone parent family: Total,18,11,7
S01006828,Lone parent family: Parent working,14,9,5
S01006828,Lone parent family: Parent not working,4,2,2
S01006829,All parents aged 16 and over with dependent children,158,53,105
S01006829,Couple family: Total,154,52,102
S01006829,Couple family: Both parents working,124,40,84
S01006829,Couple family: One parent working,28,10,18
S01006829,Couple family: No parents working,2,2,0
S01006829,Lone parent family: Total,4,1,3
S01006829,Lone parent family: Parent working,2,1,1
S01006829,Lone parent family: Parent not working,2,0,2
S01006830,All parents aged 16 and over with dependent children,145,61,84
S01006830,Couple family: Total,130,52,78
S01006830,Couple family: Both parents working,104,40,64
S01006830,Couple family: One parent working,26,12,14
S01006830,Couple family: No parents working,0,0,0
S01006830,Lone parent family: Total,15,9,6
S01006830,Lone parent family: Parent working,13,7,6
S01006830,Lone parent family: Parent not working,2,2,0
S01006831,All parents aged 16 and over with dependent children,106,40,66
S01006831,Couple family: Total,100,36,64
S01006831,Couple family: Both parents working,74,28,46
S01006831,Couple family: One parent working,26,8,18
S01006831,Couple family: No parents working,0,0,0
S01006831,Lone parent family: Total,6,4,2
S01006831,Lone parent family: Parent working,5,3,2
S01006831,Lone parent family: Parent not working,1,1,0
S01006832,All parents aged 16 and over with dependent children,227,105,122
S01006832,Couple family: Total,210,92,118
S01006832,Couple family: Both parents working,148,70,78
S01006832,Couple family: One parent working,52,20,32
S01006832,Couple family: No parents working,10,2,8
S01006832,Lone parent family: Total,17,13,4
S01006832,Lone parent family: Parent working,12,9,3
S01006832,Lone parent family: Parent not working,5,4,1
S01006833,All parents aged 16 and over with dependent children,105,43,62
S01006833,Couple family: Total,98,40,58
S01006833,Couple family: Both parents working,78,34,44
S01006833,Couple family: One parent working,20,6,14
S01006833,Couple family: No parents working,0,0,0
S01006833,Lone parent family: Total,7,3,4
S01006833,Lone parent family: Parent working,7,3,4
S01006833,Lone parent family: Parent not working,0,0,0
S01006834,All parents aged 16 and over with dependent children,203,75,128
S01006834,Couple family: Total,194,70,124
S01006834,Couple family: Both parents working,156,62,94
S01006834,Couple family: One parent working,38,8,30
S01006834,Couple family: No parents working,0,0,0
S01006834,Lone parent family: Total,9,5,4
S01006834,Lone parent family: Parent working,8,5,3
S01006834,Lone parent family: Parent not working,1,0,1
S01006835,All parents aged 16 and over with dependent children,137,78,59
S01006835,Couple family: Total,118,64,54
S01006835,Couple family: Both parents working,84,42,42
S01006835,Couple family: One parent working,30,18,12
S01006835,Couple family: No parents working,4,4,0
S01006835,Lone parent family: Total,19,14,5
S01006835,Lone parent family: Parent working,16,12,4
S01006835,Lone parent family: Parent not working,3,2,1
S01006836,All parents aged 16 and over with dependent children,175,79,96
S01006836,Couple family: Total,162,72,90
S01006836,Couple family: Both parents working,122,54,68
S01006836,Couple family: One parent working,38,16,22
S01006836,Couple family: No parents working,2,2,0
S01006836,Lone parent family: Total,13,7,6
S01006836,Lone parent family: Parent working,8,4,4
S01006836,Lone parent family: Parent not working,5,3,2
S01006837,All parents aged 16 and over with dependent children,163,66,97
S01006837,Couple family: Total,146,58,88
S01006837,Couple family: Both parents working,112,48,64
S01006837,Couple family: One parent working,34,10,24
S01006837,Couple family: No parents working,0,0,0
S01006837,Lone parent family: Total,17,8,9
S01006837,Lone parent family: Parent working,16,8,8
S01006837,Lone parent family: Parent not working,1,0,1
S01006838,All parents aged 16 and over with dependent children,185,77,108
S01006838,Couple family: Total,176,72,104
S01006838,Couple family: Both parents working,142,60,82
S01006838,Couple family: One parent working,32,10,22
S01006838,Couple family: No parents working,2,2,0
S01006838,Lone parent family: Total,9,5,4
S01006838,Lone parent family: Parent working,6,4,2
S01006838,Lone parent family: Parent not working,3,1,2
S01006839,All parents aged 16 and over with dependent children,207,93,114
S01006839,Couple family: Total,178,74,104
S01006839,Couple family: Both parents working,156,64,92
S01006839,Couple family: One parent working,20,8,12
S01006839,Couple family: No parents working,2,2,0
S01006839,Lone parent family: Total,29,19,10
S01006839,Lone parent family: Parent working,25,18,7
S01006839,Lone parent family: Parent not working,4,1,3
S01006840,All parents aged 16 and over with dependent children,273,100,173
S01006840,Couple family: Total,258,92,166
S01006840,Couple family: Both parents working,218,88,130
S01006840,Couple family: One parent working,36,4,32
S01006840,Couple family: No parents working,4,0,4
S01006840,Lone parent family: Total,15,8,7
S01006840,Lone parent family: Parent working,13,7,6
S01006840,Lone parent family: Parent not working,2,1,1
S01006841,All parents aged 16 and over with dependent children,237,101,136
S01006841,Couple family: Total,212,88,124
S01006841,Couple family: Both parents working,158,72,86
S01006841,Couple family: One parent working,50,14,36
S01006841,Couple family: No parents working,4,2,2
S01006841,Lone parent family: Total,25,13,12
S01006841,Lone parent family: Parent working,16,11,5
S01006841,Lone parent family: Parent not working,9,2,7
S01006842,All parents aged 16 and over with dependent children,185,82,103
S01006842,Couple family: Total,172,74,98
S01006842,Couple family: Both parents working,136,60,76
S01006842,Couple family: One parent working,34,14,20
S01006842,Couple family: No parents working,2,0,2
S01006842,Lone parent family: Total,13,8,5
S01006842,Lone parent family: Parent working,13,8,5
S01006842,Lone parent family: Parent not working,0,0,0
S01006843,All parents aged 16 and over with dependent children,219,92,127
S01006843,Couple family: Total,204,84,120
S01006843,Couple family: Both parents working,168,74,94
S01006843,Couple family: One parent working,34,10,24
S01006843,Couple family: No parents working,2,0,2
S01006843,Lone parent family: Total,15,8,7
S01006843,Lone parent family: Parent working,13,7,6
S01006843,Lone parent family: Parent not working,2,1,1
S01006844,All parents aged 16 and over with dependent children,135,74,61
S01006844,Couple family: Total,128,68,60
S01006844,Couple family: Both parents working,106,56,50
S01006844,Couple family: One parent working,22,12,10
S01006844,Couple family: No parents working,0,0,0
S01006844,Lone parent family: Total,7,6,1
S01006844,Lone parent family: Parent working,7,6,1
S01006844,Lone parent family: Parent not working,0,0,0
S01006845,All parents aged 16 and over with dependent children,234,117,117
S01006845,Couple family: Total,214,108,106
S01006845,Couple family: Both parents working,176,92,84
S01006845,Couple family: One parent working,32,12,20
S01006845,Couple family: No parents working,6,4,2
S01006845,Lone parent family: Total,20,9,11
S01006845,Lone parent family: Parent working,17,7,10
S01006845,Lone parent family: Parent not working,3,2,1
S01006846,All parents aged 16 and over with dependent children,111,69,42
S01006846,Couple family: Total,104,66,38
S01006846,Couple family: Both parents working,90,58,32
S01006846,Couple family: One parent working,12,6,6
S01006846,Couple family: No parents working,2,2,0
S01006846,Lone parent family: Total,7,3,4
S01006846,Lone parent family: Parent working,6,2,4
S01006846,Lone parent family: Parent not working,1,1,0
S01006847,All parents aged 16 and over with dependent children,187,91,96
S01006847,Couple family: Total,174,82,92
S01006847,Couple family: Both parents working,140,74,66
S01006847,Couple family: One parent working,30,6,24
S01006847,Couple family: No parents working,4,2,2
S01006847,Lone parent family: Total,13,9,4
S01006847,Lone parent family: Parent working,12,9,3
S01006847,Lone parent family: Parent not working,1,0,1
S01006848,All parents aged 16 and over with dependent children,225,82,143
S01006848,Couple family: Total,216,76,140
S01006848,Couple family: Both parents working,136,52,84
S01006848,Couple family: One parent working,78,24,54
S01006848,Couple family: No parents working,2,0,2
S01006848,Lone parent family: Total,9,6,3
S01006848,Lone parent family: Parent working,7,4,3
S01006848,Lone parent family: Parent not working,2,2,0
S01006849,All parents aged 16 and over with dependent children,329,190,139
S01006849,Couple family: Total,288,166,122
S01006849,Couple family: Both parents working,226,142,84
S01006849,Couple family: One parent working,58,24,34
S01006849,Couple family: No parents working,4,0,4
S01006849,Lone parent family: Total,41,24,17
S01006849,Lone parent family: Parent working,31,18,13
S01006849,Lone parent family: Parent not working,10,6,4
S01006850,All parents aged 16 and over with dependent children,224,114,110
S01006850,Couple family: Total,184,88,96
S01006850,Couple family: Both parents working,148,74,74
S01006850,Couple family: One parent working,34,14,20
S01006850,Couple family: No parents working,2,0,2
S01006850,Lone parent family: Total,40,26,14
S01006850,Lone parent family: Parent working,31,21,10
S01006850,Lone parent family: Parent not working,9,5,4
S01006851,All parents aged 16 and over with dependent children,191,98,93
S01006851,Couple family: Total,164,80,84
S01006851,Couple family: Both parents working,114,60,54
S01006851,Couple family: One parent working,38,14,24
S01006851,Couple family: No parents working,12,6,6
S01006851,Lone parent family: Total,27,18,9
S01006851,Lone parent family: Parent working,24,15,9
S01006851,Lone parent family: Parent not working,3,3,0
S01006852,All parents aged 16 and over with dependent children,134,58,76
S01006852,Couple family: Total,130,56,74
S01006852,Couple family: Both parents working,96,44,52
S01006852,Couple family: One parent working,34,12,22
S01006852,Couple family: No parents working,0,0,0
S01006852,Lone parent family: Total,4,2,2
S01006852,Lone parent family: Parent working,3,1,2
S01006852,Lone parent family: Parent not working,1,1,0
S01006853,All parents aged 16 and over with dependent children,222,72,150
S01006853,Couple family: Total,216,70,146
S01006853,Couple family: Both parents working,146,50,96
S01006853,Couple family: One parent working,68,20,48
S01006853,Couple family: No parents working,2,0,2
S01006853,Lone parent family: Total,6,2,4
S01006853,Lone parent family: Parent working,5,2,3
S01006853,Lone parent family: Parent not working,1,0,1
S01006854,All parents aged 16 and over with dependent children,187,97,90
S01006854,Couple family: Total,168,88,80
S01006854,Couple family: Both parents working,112,60,52
S01006854,Couple family: One parent working,52,26,26
S01006854,Couple family: No parents working,4,2,2
S01006854,Lone parent family: Total,19,9,10
S01006854,Lone parent family: Parent working,9,4,5
S01006854,Lone parent family: Parent not working,10,5,5
S01006855,All parents aged 16 and over with dependent children,185,62,123
S01006855,Couple family: Total,178,56,122
S01006855,Couple family: Both parents working,140,48,92
S01006855,Couple family: One parent working,38,8,30
S01006855,Couple family: No parents working,0,0,0
S01006855,Lone parent family: Total,7,6,1
S01006855,Lone parent family: Parent working,5,4,1
S01006855,Lone parent family: Parent not working,2,2,0
S01006856,All parents aged 16 and over with dependent children,172,60,112
S01006856,Couple family: Total,160,54,106
S01006856,Couple family: Both parents working,126,48,78
S01006856,Couple family: One parent working,32,4,28
S01006856,Couple family: No parents working,2,2,0
S01006856,Lone parent family: Total,12,6,6
S01006856,Lone parent family: Parent working,10,6,4
S01006856,Lone parent family: Parent not working,2,0,2
S01006857,All parents aged 16 and over with dependent children,210,66,144
S01006857,Couple family: Total,206,64,142
S01006857,Couple family: Both parents working,158,52,106
S01006857,Couple family: One parent working,48,12,36
S01006857,Couple family: No parents working,0,0,0
S01006857,Lone parent family: Total,4,2,2
S01006857,Lone parent family: Parent working,4,2,2
S01006857,Lone parent family: Parent not working,0,0,0
S01006858,All parents aged 16 and over with dependent children,137,49,88
S01006858,Couple family: Total,132,46,86
S01006858,Couple family: Both parents working,96,36,60
S01006858,Couple family: One parent working,32,8,24
S01006858,Couple family: No parents working,4,2,2
S01006858,Lone parent family: Total,5,3,2
S01006858,Lone parent family: Parent working,5,3,2
S01006858,Lone parent family: Parent not working,0,0,0
S01006859,All parents aged 16 and over with dependent children,262,78,184
S01006859,Couple family: Total,248,70,178
S01006859,Couple family: Both parents working,186,48,138
S01006859,Couple family: One parent working,62,22,40
S01006859,Couple family: No parents working,0,0,0
S01006859,Lone parent family: Total,14,8,6
S01006859,Lone parent family: Parent working,10,4,6
S01006859,Lone parent family: Parent not working,4,4,0
S01006860,All parents aged 16 and over with dependent children,93,42,51
S01006860,Couple family: Total,76,30,46
S01006860,Couple family: Both parents working,60,30,30
S01006860,Couple family: One parent working,14,0,14
S01006860,Couple family: No parents working,2,0,2
S01006860,Lone parent family: Total,17,12,5
S01006860,Lone parent family: Parent working,13,9,4
S01006860,Lone parent family: Parent not working,4,3,1
S01006861,All parents aged 16 and over with dependent children,239,92,147
S01006861,Couple family: Total,234,88,146
S01006861,Couple family: Both parents working,146,68,78
S01006861,Couple family: One parent working,86,18,68
S01006861,Couple family: No parents working,2,2,0
S01006861,Lone parent family: Total,5,4,1
S01006861,Lone parent family: Parent working,4,3,1
S01006861,Lone parent family: Parent not working,1,1,0
S01006862,All parents aged 16 and over with dependent children,135,58,77
S01006862,Couple family: Total,122,50,72
S01006862,Couple family: Both parents working,96,40,56
S01006862,Couple family: One parent working,26,10,16
S01006862,Couple family: No parents working,0,0,0
S01006862,Lone parent family: Total,13,8,5
S01006862,Lone parent family: Parent working,10,7,3
S01006862,Lone parent family: Parent not working,3,1,2
S01006863,All parents aged 16 and over with dependent children,156,77,79
S01006863,Couple family: Total,140,66,74
S01006863,Couple family: Both parents working,104,50,54
S01006863,Couple family: One parent working,32,14,18
S01006863,Couple family: No parents working,4,2,2
S01006863,Lone parent family: Total,16,11,5
S01006863,Lone parent family: Parent working,10,8,2
S01006863,Lone parent family: Parent not working,6,3,3
S01006864,All parents aged 16 and over with dependent children,127,36,91
S01006864,Couple family: Total,104,24,80
S01006864,Couple family: Both parents working,62,22,40
S01006864,Couple family: One parent working,42,2,40
S01006864,Couple family: No parents working,0,0,0
S01006864,Lone parent family: Total,23,12,11
S01006864,Lone parent family: Parent working,14,8,6
S01006864,Lone parent family: Parent not working,9,4,5
S01006865,All parents aged 16 and over with dependent children,174,76,98
S01006865,Couple family: Total,162,66,96
S01006865,Couple family: Both parents working,100,46,54
S01006865,Couple family: One parent working,58,18,40
S01006865,Couple family: No parents working,4,2,2
S01006865,Lone parent family: Total,12,10,2
S01006865,Lone parent family: Parent working,9,7,2
S01006865,Lone parent family: Parent not working,3,3,0
S01006866,All parents aged 16 and over with dependent children,112,32,80
S01006866,Couple family: Total,106,28,78
S01006866,Couple family: Both parents working,76,22,54
S01006866,Couple family: One parent working,30,6,24
S01006866,Couple family: No parents working,0,0,0
S01006866,Lone parent family: Total,6,4,2
S01006866,Lone parent family: Parent working,6,4,2
S01006866,Lone parent family: Parent not working,0,0,0
S01006867,All parents aged 16 and over with dependent children,143,48,95
S01006867,Couple family: Total,130,38,92
S01006867,Couple family: Both parents working,92,32,60
S01006867,Couple family: One parent working,38,6,32
S01006867,Couple family: No parents working,0,0,0
S01006867,Lone parent family: Total,13,10,3
S01006867,Lone parent family: Parent working,11,9,2
S01006867,Lone parent family: Parent not working,2,1,1
S01006868,All parents aged 16 and over with dependent children,197,80,117
S01006868,Couple family: Total,172,68,104
S01006868,Couple family: Both parents working,102,48,54
S01006868,Couple family: One parent working,68,20,48
S01006868,Couple family: No parents working,2,0,2
S01006868,Lone parent family: Total,25,12,13
S01006868,Lone parent family: Parent working,20,10,10
S01006868,Lone parent family: Parent not working,5,2,3
S01006869,All parents aged 16 and over with dependent children,101,38,63
S01006869,Couple family: Total,92,32,60
S01006869,Couple family: Both parents working,62,20,42
S01006869,Couple family: One parent working,26,8,18
S01006869,Couple family: No parents working,4,4,0
S01006869,Lone parent family: Total,9,6,3
S01006869,Lone parent family: Parent working,7,5,2
S01006869,Lone parent family: Parent not working,2,1,1
S01006870,All parents aged 16 and over with dependent children,113,40,73
S01006870,Couple family: Total,104,36,68
S01006870,Couple family: Both parents working,72,28,44
S01006870,Couple family: One parent working,32,8,24
S01006870,Couple family: No parents working,0,0,0
S01006870,Lone parent family: Total,9,4,5
S01006870,Lone parent family: Parent working,8,4,4
S01006870,Lone parent family: Parent not working,1,0,1
S01006871,All parents aged 16 and over with dependent children,185,55,130
S01006871,Couple family: Total,170,48,122
S01006871,Couple family: Both parents working,120,38,82
S01006871,Couple family: One parent working,44,8,36
S01006871,Couple family: No parents working,6,2,4
S01006871,Lone parent family: Total,15,7,8
S01006871,Lone parent family: Parent working,9,4,5
S01006871,Lone parent family: Parent not working,6,3,3
S01006872,All parents aged 16 and over with dependent children,192,51,141
S01006872,Couple family: Total,186,48,138
S01006872,Couple family: Both parents working,132,38,94
S01006872,Couple family: One parent working,54,10,44
S01006872,Couple family: No parents working,0,0,0
S01006872,Lone parent family: Total,6,3,3
S01006872,Lone parent family: Parent working,5,2,3
S01006872,Lone parent family: Parent not working,1,1,0
S01006873,All parents aged 16 and over with dependent children,206,79,127
S01006873,Couple family: Total,190,68,122
S01006873,Couple family: Both parents working,140,52,88
S01006873,Couple family: One parent working,46,12,34
S01006873,Couple family: No parents working,4,4,0
S01006873,Lone parent family: Total,16,11,5
S01006873,Lone parent family: Parent working,11,8,3
S01006873,Lone parent family: Parent not working,5,3,2
S01006874,All parents aged 16 and over with dependent children,140,68,72
S01006874,Couple family: Total,132,62,70
S01006874,Couple family: Both parents working,88,42,46
S01006874,Couple family: One parent working,44,20,24
S01006874,Couple family: No parents working,0,0,0
S01006874,Lone parent family: Total,8,6,2
S01006874,Lone parent family: Parent working,7,5,2
S01006874,Lone parent family: Parent not working,1,1,0
S01006875,All parents aged 16 and over with dependent children,137,50,87
S01006875,Couple family: Total,114,36,78
S01006875,Couple family: Both parents working,86,26,60
S01006875,Couple family: One parent working,26,8,18
S01006875,Couple family: No parents working,2,2,0
S01006875,Lone parent family: Total,23,14,9
S01006875,Lone parent family: Parent working,13,10,3
S01006875,Lone parent family: Parent not working,10,4,6
S01006876,All parents aged 16 and over with dependent children,216,56,160
S01006876,Couple family: Total,196,48,148
S01006876,Couple family: Both parents working,140,38,102
S01006876,Couple family: One parent working,56,10,46
S01006876,Couple family: No parents working,0,0,0
S01006876,Lone parent family: Total,20,8,12
S01006876,Lone parent family: Parent working,16,6,10
S01006876,Lone parent family: Parent not working,4,2,2
S01006877,All parents aged 16 and over with dependent children,208,76,132
S01006877,Couple family: Total,196,66,130
S01006877,Couple family: Both parents working,152,48,104
S01006877,Couple family: One parent working,40,18,22
S01006877,Couple family: No parents working,4,0,4
S01006877,Lone parent family: Total,12,10,2
S01006877,Lone parent family: Parent working,9,8,1
S01006877,Lone parent family: Parent not working,3,2,1
S01006878,All parents aged 16 and over with dependent children,128,46,82
S01006878,Couple family: Total,118,42,76
S01006878,Couple family: Both parents working,68,28,40
S01006878,Couple family: One parent working,46,12,34
S01006878,Couple family: No parents working,4,2,2
S01006878,Lone parent family: Total,10,4,6
S01006878,Lone parent family: Parent working,6,3,3
S01006878,Lone parent family: Parent not working,4,1,3
S01006879,All parents aged 16 and over with dependent children,154,58,96
S01006879,Couple family: Total,142,52,90
S01006879,Couple family: Both parents working,108,38,70
S01006879,Couple family: One parent working,30,10,20
S01006879,Couple family: No parents working,4,4,0
S01006879,Lone parent family: Total,12,6,6
S01006879,Lone parent family: Parent working,10,5,5
S01006879,Lone parent family: Parent not working,2,1,1
S01006880,All parents aged 16 and over with dependent children,168,76,92
S01006880,Couple family: Total,160,70,90
S01006880,Couple family: Both parents working,126,52,74
S01006880,Couple family: One parent working,34,18,16
S01006880,Couple family: No parents working,0,0,0
S01006880,Lone parent family: Total,8,6,2
S01006880,Lone parent family: Parent working,5,4,1
S01006880,Lone parent family: Parent not working,3,2,1
S01006881,All parents aged 16 and over with dependent children,134,54,80
S01006881,Couple family: Total,128,52,76
S01006881,Couple family: Both parents working,100,38,62
S01006881,Couple family: One parent working,24,12,12
S01006881,Couple family: No parents working,4,2,2
S01006881,Lone parent family: Total,6,2,4
S01006881,Lone parent family: Parent working,5,2,3
S01006881,Lone parent family: Parent not working,1,0,1
S01006882,All parents aged 16 and over with dependent children,65,24,41
S01006882,Couple family: Total,54,16,38
S01006882,Couple family: Both parents working,42,10,32
S01006882,Couple family: One parent working,12,6,6
S01006882,Couple family: No parents working,0,0,0
S01006882,Lone parent family: Total,11,8,3
S01006882,Lone parent family: Parent working,7,5,2
S01006882,Lone parent family: Parent not working,4,3,1
S01006883,All parents aged 16 and over with dependent children,85,24,61
S01006883,Couple family: Total,76,20,56
S01006883,Couple family: Both parents working,56,20,36
S01006883,Couple family: One parent working,20,0,20
S01006883,Couple family: No parents working,0,0,0
S01006883,Lone parent family: Total,9,4,5
S01006883,Lone parent family: Parent working,8,3,5
S01006883,Lone parent family: Parent not working,1,1,0
S01006884,All parents aged 16 and over with dependent children,200,84,116
S01006884,Couple family: Total,178,74,104
S01006884,Couple family: Both parents working,138,52,86
S01006884,Couple family: One parent working,38,20,18
S01006884,Couple family: No parents working,2,2,0
S01006884,Lone parent family: Total,22,10,12
S01006884,Lone parent family: Parent working,18,9,9
S01006884,Lone parent family: Parent not working,4,1,3
S01006885,All parents aged 16 and over with dependent children,99,39,60
S01006885,Couple family: Total,90,32,58
S01006885,Couple family: Both parents working,72,22,50
S01006885,Couple family: One parent working,18,10,8
S01006885,Couple family: No parents working,0,0,0
S01006885,Lone parent family: Total,9,7,2
S01006885,Lone parent family: Parent working,8,6,2
S01006885,Lone parent family: Parent not working,1,1,0
S01006886,All parents aged 16 and over with dependent children,140,61,79
S01006886,Couple family: Total,124,48,76
S01006886,Couple family: Both parents working,98,38,60
S01006886,Couple family: One parent working,26,10,16
S01006886,Couple family: No parents working,0,0,0
S01006886,Lone parent family: Total,16,13,3
S01006886,Lone parent family: Parent working,14,12,2
S01006886,Lone parent family: Parent not working,2,1,1
S01006887,All parents aged 16 and over with dependent children,160,51,109
S01006887,Couple family: Total,148,46,102
S01006887,Couple family: Both parents working,104,30,74
S01006887,Couple family: One parent working,42,14,28
S01006887,Couple family: No parents working,2,2,0
S01006887,Lone parent family: Total,12,5,7
S01006887,Lone parent family: Parent working,9,4,5
S01006887,Lone parent family: Parent not working,3,1,2
S01006888,All parents aged 16 and over with dependent children,198,80,118
S01006888,Couple family: Total,182,74,108
S01006888,Couple family: Both parents working,134,58,76
S01006888,Couple family: One parent working,44,12,32
S01006888,Couple family: No parents working,4,4,0
S01006888,Lone parent family: Total,16,6,10
S01006888,Lone parent family: Parent working,12,5,7
S01006888,Lone parent family: Parent not working,4,1,3
S01006889,All parents aged 16 and over with dependent children,168,67,101
S01006889,Couple family: Total,144,52,92
S01006889,Couple family: Both parents working,84,34,50
S01006889,Couple family: One parent working,52,18,34
S01006889,Couple family: No parents working,8,0,8
S01006889,Lone parent family: Total,24,15,9
S01006889,Lone parent family: Parent working,14,8,6
S01006889,Lone parent family: Parent not working,10,7,3
S01006890,All parents aged 16 and over with dependent children,169,61,108
S01006890,Couple family: Total,160,56,104
S01006890,Couple family: Both parents working,128,46,82
S01006890,Couple family: One parent working,30,10,20
S01006890,Couple family: No parents working,2,0,2
S01006890,Lone parent family: Total,9,5,4
S01006890,Lone parent family: Parent working,8,4,4
S01006890,Lone parent family: Parent not working,1,1,0
S01006891,All parents aged 16 and over with dependent children,202,85,117
S01006891,Couple family: Total,184,74,110
S01006891,Couple family: Both parents working,140,58,82
S01006891,Couple family: One parent working,40,14,26
S01006891,Couple family: No parents working,4,2,2
S01006891,Lone parent family: Total,18,11,7
S01006891,Lone parent family: Parent working,13,9,4
S01006891,Lone parent family: Parent not working,5,2,3
S01006892,All parents aged 16 and over with dependent children,130,70,60
S01006892,Couple family: Total,110,58,52
S01006892,Couple family: Both parents working,86,50,36
S01006892,Couple family: One parent working,24,8,16
S01006892,Couple family: No parents working,0,0,0
S01006892,Lone parent family: Total,20,12,8
S01006892,Lone parent family: Parent working,14,10,4
S01006892,Lone parent family: Parent not working,6,2,4
S01006893,All parents aged 16 and over with dependent children,130,50,80
S01006893,Couple family: Total,108,40,68
S01006893,Couple family: Both parents working,80,30,50
S01006893,Couple family: One parent working,26,8,18
S01006893,Couple family: No parents working,2,2,0
S01006893,Lone parent family: Total,22,10,12
S01006893,Lone parent family: Parent working,14,7,7
S01006893,Lone parent family: Parent not working,8,3,5
S01006894,All parents aged 16 and over with dependent children,158,72,86
S01006894,Couple family: Total,146,62,84
S01006894,Couple family: Both parents working,124,52,72
S01006894,Couple family: One parent working,22,10,12
S01006894,Couple family: No parents working,0,0,0
S01006894,Lone parent family: Total,12,10,2
S01006894,Lone parent family: Parent working,10,9,1
S01006894,Lone parent family: Parent not working,2,1,1
S01006895,All parents aged 16 and over with dependent children,83,31,52
S01006895,Couple family: Total,70,26,44
S01006895,Couple family: Both parents working,48,24,24
S01006895,Couple family: One parent working,18,2,16
S01006895,Couple family: No parents working,4,0,4
S01006895,Lone parent family: Total,13,5,8
S01006895,Lone parent family: Parent working,6,3,3
S01006895,Lone parent family: Parent not working,7,2,5
S01006896,All parents aged 16 and over with dependent children,125,62,63
S01006896,Couple family: Total,106,52,54
S01006896,Couple family: Both parents working,84,42,42
S01006896,Couple family: One parent working,18,6,12
S01006896,Couple family: No parents working,4,4,0
S01006896,Lone parent family: Total,19,10,9
S01006896,Lone parent family: Parent working,15,9,6
S01006896,Lone parent family: Parent not working,4,1,3
S01006897,All parents aged 16 and over with dependent children,145,70,75
S01006897,Couple family: Total,134,66,68
S01006897,Couple family: Both parents working,108,52,56
S01006897,Couple family: One parent working,24,12,12
S01006897,Couple family: No parents working,2,2,0
S01006897,Lone parent family: Total,11,4,7
S01006897,Lone parent family: Parent working,10,4,6
S01006897,Lone parent family: Parent not working,1,0,1
S01006898,All parents aged 16 and over with dependent children,159,86,73
S01006898,Couple family: Total,138,72,66
S01006898,Couple family: Both parents working,98,54,44
S01006898,Couple family: One parent working,32,12,20
S01006898,Couple family: No parents working,8,6,2
S01006898,Lone parent family: Total,21,14,7
S01006898,Lone parent family: Parent working,12,7,5
S01006898,Lone parent family: Parent not working,9,7,2
S01006899,All parents aged 16 and over with dependent children,164,77,87
S01006899,Couple family: Total,154,70,84
S01006899,Couple family: Both parents working,132,64,68
S01006899,Couple family: One parent working,22,6,16
S01006899,Couple family: No parents working,0,0,0
S01006899,Lone parent family: Total,10,7,3
S01006899,Lone parent family: Parent working,9,6,3
S01006899,Lone parent family: Parent not working,1,1,0
S01006900,All parents aged 16 and over with dependent children,121,70,51
S01006900,Couple family: Total,114,66,48
S01006900,Couple family: Both parents working,96,60,36
S01006900,Couple family: One parent working,18,6,12
S01006900,Couple family: No parents working,0,0,0
S01006900,Lone parent family: Total,7,4,3
S01006900,Lone parent family: Parent working,6,4,2
S01006900,Lone parent family: Parent not working,1,0,1
S01006901,All parents aged 16 and over with dependent children,103,72,31
S01006901,Couple family: Total,82,56,26
S01006901,Couple family: Both parents working,70,50,20
S01006901,Couple family: One parent working,10,4,6
S01006901,Couple family: No parents working,2,2,0
S01006901,Lone parent family: Total,21,16,5
S01006901,Lone parent family: Parent working,14,11,3
S01006901,Lone parent family: Parent not working,7,5,2
S01006902,All parents aged 16 and over with dependent children,170,65,105
S01006902,Couple family: Total,148,52,96
S01006902,Couple family: Both parents working,112,42,70
S01006902,Couple family: One parent working,34,10,24
S01006902,Couple family: No parents working,2,0,2
S01006902,Lone parent family: Total,22,13,9
S01006902,Lone parent family: Parent working,12,8,4
S01006902,Lone parent family: Parent not working,10,5,5
S01006903,All parents aged 16 and over with dependent children,172,93,79
S01006903,Couple family: Total,146,78,68
S01006903,Couple family: Both parents working,112,60,52
S01006903,Couple family: One parent working,32,18,14
S01006903,Couple family: No parents working,2,0,2
S01006903,Lone parent family: Total,26,15,11
S01006903,Lone parent family: Parent working,11,6,5
S01006903,Lone parent family: Parent not working,15,9,6
S01006904,All parents aged 16 and over with dependent children,157,85,72
S01006904,Couple family: Total,132,66,66
S01006904,Couple family: Both parents working,104,52,52
S01006904,Couple family: One parent working,28,14,14
S01006904,Couple family: No parents working,0,0,0
S01006904,Lone parent family: Total,25,19,6
S01006904,Lone parent family: Parent working,17,15,2
S01006904,Lone parent family: Parent not working,8,4,4
S01006905,All parents aged 16 and over with dependent children,149,62,87
S01006905,Couple family: Total,136,54,82
S01006905,Couple family: Both parents working,104,44,60
S01006905,Couple family: One parent working,32,10,22
S01006905,Couple family: No parents working,0,0,0
S01006905,Lone parent family: Total,13,8,5
S01006905,Lone parent family: Parent working,9,5,4
S01006905,Lone parent family: Parent not working,4,3,1
S01006906,All parents aged 16 and over with dependent children,120,56,64
S01006906,Couple family: Total,96,40,56
S01006906,Couple family: Both parents working,62,32,30
S01006906,Couple family: One parent working,32,8,24
S01006906,Couple family: No parents working,2,0,2
S01006906,Lone parent family: Total,24,16,8
S01006906,Lone parent family: Parent working,12,9,3
S01006906,Lone parent family: Parent not working,12,7,5
S01006907,All parents aged 16 and over with dependent children,83,54,29
S01006907,Couple family: Total,70,44,26
S01006907,Couple family: Both parents working,54,34,20
S01006907,Couple family: One parent working,14,8,6
S01006907,Couple family: No parents working,2,2,0
S01006907,Lone parent family: Total,13,10,3
S01006907,Lone parent family: Parent working,9,7,2
S01006907,Lone parent family: Parent not working,4,3,1
S01006908,All parents aged 16 and over with dependent children,103,63,40
S01006908,Couple family: Total,78,48,30
S01006908,Couple family: Both parents working,56,38,18
S01006908,Couple family: One parent working,18,6,12
S01006908,Couple family: No parents working,4,4,0
S01006908,Lone parent family: Total,25,15,10
S01006908,Lone parent family: Parent working,14,10,4
S01006908,Lone parent family: Parent not working,11,5,6
S01006909,All parents aged 16 and over with dependent children,225,98,127
S01006909,Couple family: Total,214,92,122
S01006909,Couple family: Both parents working,160,76,84
S01006909,Couple family: One parent working,54,16,38
S01006909,Couple family: No parents working,0,0,0
S01006909,Lone parent family: Total,11,6,5
S01006909,Lone parent family: Parent working,9,6,3
S01006909,Lone parent family: Parent not working,2,0,2
S01006910,All parents aged 16 and over with dependent children,197,87,110
S01006910,Couple family: Total,186,80,106
S01006910,Couple family: Both parents working,144,64,80
S01006910,Couple family: One parent working,40,14,26
S01006910,Couple family: No parents working,2,2,0
S01006910,Lone parent family: Total,11,7,4
S01006910,Lone parent family: Parent working,8,5,3
S01006910,Lone parent family: Parent not working,3,2,1
S01006911,All parents aged 16 and over with dependent children,240,93,147
S01006911,Couple family: Total,214,80,134
S01006911,Couple family: Both parents working,180,70,110
S01006911,Couple family: One parent working,34,10,24
S01006911,Couple family: No parents working,0,0,0
S01006911,Lone parent family: Total,26,13,13
S01006911,Lone parent family: Parent working,17,7,10
S01006911,Lone parent family: Parent not working,9,6,3
S01006912,All parents aged 16 and over with dependent children,83,41,42
S01006912,Couple family: Total,78,38,40
S01006912,Couple family: Both parents working,56,28,28
S01006912,Couple family: One parent working,22,10,12
S01006912,Couple family: No parents working,0,0,0
S01006912,Lone parent family: Total,5,3,2
S01006912,Lone parent family: Parent working,4,2,2
S01006912,Lone parent family: Parent not working,1,1,0
S01006913,All parents aged 16 and over with dependent children,175,60,115
S01006913,Couple family: Total,166,56,110
S01006913,Couple family: Both parents working,124,54,70
S01006913,Couple family: One parent working,40,2,38
S01006913,Couple family: No parents working,2,0,2
S01006913,Lone parent family: Total,9,4,5
S01006913,Lone parent family: Parent working,7,3,4
S01006913,Lone parent family: Parent not working,2,1,1
S01006914,All parents aged 16 and over with dependent children,195,70,125
S01006914,Couple family: Total,190,68,122
S01006914,Couple family: Both parents working,128,60,68
S01006914,Couple family: One parent working,60,8,52
S01006914,Couple family: No parents working,2,0,2
S01006914,Lone parent family: Total,5,2,3
S01006914,Lone parent family: Parent working,5,2,3
S01006914,Lone parent family: Parent not working,0,0,0
S01006915,All parents aged 16 and over with dependent children,203,72,131
S01006915,Couple family: Total,194,68,126
S01006915,Couple family: Both parents working,146,58,88
S01006915,Couple family: One parent working,48,10,38
S01006915,Couple family: No parents working,0,0,0
S01006915,Lone parent family: Total,9,4,5
S01006915,Lone parent family: Parent working,5,3,2
S01006915,Lone parent family: Parent not working,4,1,3
S01006916,All parents aged 16 and over with dependent children,182,73,109
S01006916,Couple family: Total,152,56,96
S01006916,Couple family: Both parents working,100,32,68
S01006916,Couple family: One parent working,48,20,28
S01006916,Couple family: No parents working,4,4,0
S01006916,Lone parent family: Total,30,17,13
S01006916,Lone parent family: Parent working,21,12,9
S01006916,Lone parent family: Parent not working,9,5,4
S01006917,All parents aged 16 and over with dependent children,398,149,249
S01006917,Couple family: Total,372,136,236
S01006917,Couple family: Both parents working,298,110,188
S01006917,Couple family: One parent working,74,26,48
S01006917,Couple family: No parents working,0,0,0
S01006917,Lone parent family: Total,26,13,13
S01006917,Lone parent family: Parent working,19,10,9
S01006917,Lone parent family: Parent not working,7,3,4
S01006918,All parents aged 16 and over with dependent children,141,56,85
S01006918,Couple family: Total,132,52,80
S01006918,Couple family: Both parents working,100,46,54
S01006918,Couple family: One parent working,32,6,26
S01006918,Couple family: No parents working,0,0,0
S01006918,Lone parent family: Total,9,4,5
S01006918,Lone parent family: Parent working,6,2,4
S01006918,Lone parent family: Parent not working,3,2,1
S01006919,All parents aged 16 and over with dependent children,84,29,55
S01006919,Couple family: Total,78,24,54
S01006919,Couple family: Both parents working,58,20,38
S01006919,Couple family: One parent working,20,4,16
S01006919,Couple family: No parents working,0,0,0
S01006919,Lone parent family: Total,6,5,1
S01006919,Lone parent family: Parent working,6,5,1
S01006919,Lone parent family: Parent not working,0,0,0
S01006920,All parents aged 16 and over with dependent children,105,45,60
S01006920,Couple family: Total,90,34,56
S01006920,Couple family: Both parents working,68,26,42
S01006920,Couple family: One parent working,22,8,14
S01006920,Couple family: No parents working,0,0,0
S01006920,Lone parent family: Total,15,11,4
S01006920,Lone parent family: Parent working,12,8,4
S01006920,Lone parent family: Parent not working,3,3,0
S01006921,All parents aged 16 and over with dependent children,309,117,192
S01006921,Couple family: Total,292,108,184
S01006921,Couple family: Both parents working,246,100,146
S01006921,Couple family: One parent working,46,8,38
S01006921,Couple family: No parents working,0,0,0
S01006921,Lone parent family: Total,17,9,8
S01006921,Lone parent family: Parent working,12,6,6
S01006921,Lone parent family: Parent not working,5,3,2
S01006922,All parents aged 16 and over with dependent children,103,31,72
S01006922,Couple family: Total,98,30,68
S01006922,Couple family: Both parents working,70,22,48
S01006922,Couple family: One parent working,28,8,20
S01006922,Couple family: No parents working,0,0,0
S01006922,Lone parent family: Total,5,1,4
S01006922,Lone parent family: Parent working,3,1,2
S01006922,Lone parent family: Parent not working,2,0,2
S01006923,All parents aged 16 and over with dependent children,153,66,87
S01006923,Couple family: Total,146,60,86
S01006923,Couple family: Both parents working,100,46,54
S01006923,Couple family: One parent working,44,12,32
S01006923,Couple family: No parents working,2,2,0
S01006923,Lone parent family: Total,7,6,1
S01006923,Lone parent family: Parent working,4,3,1
S01006923,Lone parent family: Parent not working,3,3,0
S01006924,All parents aged 16 and over with dependent children,140,50,90
S01006924,Couple family: Total,134,48,86
S01006924,Couple family: Both parents working,94,36,58
S01006924,Couple family: One parent working,40,12,28
S01006924,Couple family: No parents working,0,0,0
S01006924,Lone parent family: Total,6,2,4
S01006924,Lone parent family: Parent working,3,1,2
S01006924,Lone parent family: Parent not working,3,1,2
S01006925,All parents aged 16 and over with dependent children,97,32,65
S01006925,Couple family: Total,90,30,60
S01006925,Couple family: Both parents working,80,24,56
S01006925,Couple family: One parent working,10,6,4
S01006925,Couple family: No parents working,0,0,0
S01006925,Lone parent family: Total,7,2,5
S01006925,Lone parent family: Parent working,6,1,5
S01006925,Lone parent family: Parent not working,1,1,0
S01006926,All parents aged 16 and over with dependent children,210,67,143
S01006926,Couple family: Total,198,60,138
S01006926,Couple family: Both parents working,160,46,114
S01006926,Couple family: One parent working,38,14,24
S01006926,Couple family: No parents working,0,0,0
S01006926,Lone parent family: Total,12,7,5
S01006926,Lone parent family: Parent working,8,5,3
S01006926,Lone parent family: Parent not working,4,2,2
S01006927,All parents aged 16 and over with dependent children,365,189,176
S01006927,Couple family: Total,348,182,166
S01006927,Couple family: Both parents working,264,152,112
S01006927,Couple family: One parent working,84,30,54
S01006927,Couple family: No parents working,0,0,0
S01006927,Lone parent family: Total,17,7,10
S01006927,Lone parent family: Parent working,11,5,6
S01006927,Lone parent family: Parent not working,6,2,4
S01006928,All parents aged 16 and over with dependent children,249,105,144
S01006928,Couple family: Total,216,86,130
S01006928,Couple family: Both parents working,160,60,100
S01006928,Couple family: One parent working,54,24,30
S01006928,Couple family: No parents working,2,2,0
S01006928,Lone parent family: Total,33,19,14
S01006928,Lone parent family: Parent working,30,18,12
S01006928,Lone parent family: Parent not working,3,1,2
S01006929,All parents aged 16 and over with dependent children,209,61,148
S01006929,Couple family: Total,196,54,142
S01006929,Couple family: Both parents working,120,38,82
S01006929,Couple family: One parent working,74,16,58
S01006929,Couple family: No parents working,2,0,2
S01006929,Lone parent family: Total,13,7,6
S01006929,Lone parent family: Parent working,11,6,5
S01006929,Lone parent family: Parent not working,2,1,1
S01006930,All parents aged 16 and over with dependent children,198,94,104
S01006930,Couple family: Total,188,88,100
S01006930,Couple family: Both parents working,144,74,70
S01006930,Couple family: One parent working,42,12,30
S01006930,Couple family: No parents working,2,2,0
S01006930,Lone parent family: Total,10,6,4
S01006930,Lone parent family: Parent working,10,6,4
S01006930,Lone parent family: Parent not working,0,0,0
S01006931,All parents aged 16 and over with dependent children,91,32,59
S01006931,Couple family: Total,84,28,56
S01006931,Couple family: Both parents working,56,14,42
S01006931,Couple family: One parent working,26,12,14
S01006931,Couple family: No parents working,2,2,0
S01006931,Lone parent family: Total,7,4,3
S01006931,Lone parent family: Parent working,6,3,3
S01006931,Lone parent family: Parent not working,1,1,0
S01006932,All parents aged 16 and over with dependent children,225,90,135
S01006932,Couple family: Total,202,78,124
S01006932,Couple family: Both parents working,156,70,86
S01006932,Couple family: One parent working,44,8,36
S01006932,Couple family: No parents working,2,0,2
S01006932,Lone parent family: Total,23,12,11
S01006932,Lone parent family: Parent working,11,8,3
S01006932,Lone parent family: Parent not working,12,4,8
S01006933,All parents aged 16 and over with dependent children,156,82,74
S01006933,Couple family: Total,146,76,70
S01006933,Couple family: Both parents working,116,58,58
S01006933,Couple family: One parent working,30,18,12
S01006933,Couple family: No parents working,0,0,0
S01006933,Lone parent family: Total,10,6,4
S01006933,Lone parent family: Parent working,10,6,4
S01006933,Lone parent family: Parent not working,0,0,0
S01006934,All parents aged 16 and over with dependent children,129,65,64
S01006934,Couple family: Total,122,62,60
S01006934,Couple family: Both parents working,92,50,42
S01006934,Couple family: One parent working,28,12,16
S01006934,Couple family: No parents working,2,0,2
S01006934,Lone parent family: Total,7,3,4
S01006934,Lone parent family: Parent working,5,3,2
S01006934,Lone parent family: Parent not working,2,0,2
S01006935,All parents aged 16 and over with dependent children,123,47,76
S01006935,Couple family: Total,118,44,74
S01006935,Couple family: Both parents working,88,36,52
S01006935,Couple family: One parent working,28,6,22
S01006935,Couple family: No parents working,2,2,0
S01006935,Lone parent family: Total,5,3,2
S01006935,Lone parent family: Parent working,4,3,1
S01006935,Lone parent family: Parent not working,1,0,1
S01006936,All parents aged 16 and over with dependent children,133,46,87
S01006936,Couple family: Total,116,36,80
S01006936,Couple family: Both parents working,82,26,56
S01006936,Couple family: One parent working,34,10,24
S01006936,Couple family: No parents working,0,0,0
S01006936,Lone parent family: Total,17,10,7
S01006936,Lone parent family: Parent working,13,7,6
S01006936,Lone parent family: Parent not working,4,3,1
S01006937,All parents aged 16 and over with dependent children,148,66,82
S01006937,Couple family: Total,130,56,74
S01006937,Couple family: Both parents working,106,50,56
S01006937,Couple family: One parent working,22,6,16
S01006937,Couple family: No parents working,2,0,2
S01006937,Lone parent family: Total,18,10,8
S01006937,Lone parent family: Parent working,15,7,8
S01006937,Lone parent family: Parent not working,3,3,0
S01006938,All parents aged 16 and over with dependent children,102,50,52
S01006938,Couple family: Total,92,42,50
S01006938,Couple family: Both parents working,76,38,38
S01006938,Couple family: One parent working,16,4,12
S01006938,Couple family: No parents working,0,0,0
S01006938,Lone parent family: Total,10,8,2
S01006938,Lone parent family: Parent working,10,8,2
S01006938,Lone parent family: Parent not working,0,0,0
S01006939,All parents aged 16 and over with dependent children,142,69,73
S01006939,Couple family: Total,136,66,70
S01006939,Couple family: Both parents working,110,50,60
S01006939,Couple family: One parent working,26,16,10
S01006939,Couple family: No parents working,0,0,0
S01006939,Lone parent family: Total,6,3,3
S01006939,Lone parent family: Parent working,5,3,2
S01006939,Lone parent family: Parent not working,1,0,1
S01006940,All parents aged 16 and over with dependent children,196,85,111
S01006940,Couple family: Total,176,74,102
S01006940,Couple family: Both parents working,132,54,78
S01006940,Couple family: One parent working,42,18,24
S01006940,Couple family: No parents working,2,2,0
S01006940,Lone parent family: Total,20,11,9
S01006940,Lone parent family: Parent working,17,9,8
S01006940,Lone parent family: Parent not working,3,2,1
S01006941,All parents aged 16 and over with dependent children,176,79,97
S01006941,Couple family: Total,160,72,88
S01006941,Couple family: Both parents working,128,54,74
S01006941,Couple family: One parent working,32,18,14
S01006941,Couple family: No parents working,0,0,0
S01006941,Lone parent family: Total,16,7,9
S01006941,Lone parent family: Parent working,13,5,8
S01006941,Lone parent family: Parent not working,3,2,1
S01006942,All parents aged 16 and over with dependent children,319,141,178
S01006942,Couple family: Total,308,136,172
S01006942,Couple family: Both parents working,246,116,130
S01006942,Couple family: One parent working,62,20,42
S01006942,Couple family: No parents working,0,0,0
S01006942,Lone parent family: Total,11,5,6
S01006942,Lone parent family: Parent working,8,4,4
S01006942,Lone parent family: Parent not working,3,1,2
S01006943,All parents aged 16 and over with dependent children,277,86,191
S01006943,Couple family: Total,270,80,190
S01006943,Couple family: Both parents working,188,66,122
S01006943,Couple family: One parent working,82,14,68
S01006943,Couple family: No parents working,0,0,0
S01006943,Lone parent family: Total,7,6,1
S01006943,Lone parent family: Parent working,5,5,0
S01006943,Lone parent family: Parent not working,2,1,1
S01006944,All parents aged 16 and over with dependent children,305,150,155
S01006944,Couple family: Total,276,132,144
S01006944,Couple family: Both parents working,220,118,102
S01006944,Couple family: One parent working,54,14,40
S01006944,Couple family: No parents working,2,0,2
S01006944,Lone parent family: Total,29,18,11
S01006944,Lone parent family: Parent working,23,15,8
S01006944,Lone parent family: Parent not working,6,3,3
S01006945,All parents aged 16 and over with dependent children,104,43,61
S01006945,Couple family: Total,98,38,60
S01006945,Couple family: Both parents working,68,28,40
S01006945,Couple family: One parent working,30,10,20
S01006945,Couple family: No parents working,0,0,0
S01006945,Lone parent family: Total,6,5,1
S01006945,Lone parent family: Parent working,4,4,0
S01006945,Lone parent family: Parent not working,2,1,1
S01006946,All parents aged 16 and over with dependent children,189,85,104
S01006946,Couple family: Total,180,78,102
S01006946,Couple family: Both parents working,144,70,74
S01006946,Couple family: One parent working,36,8,28
S01006946,Couple family: No parents working,0,0,0
S01006946,Lone parent family: Total,9,7,2
S01006946,Lone parent family: Parent working,4,4,0
S01006946,Lone parent family: Parent not working,5,3,2
S01006947,All parents aged 16 and over with dependent children,285,111,174
S01006947,Couple family: Total,262,100,162
S01006947,Couple family: Both parents working,230,88,142
S01006947,Couple family: One parent working,30,12,18
S01006947,Couple family: No parents working,2,0,2
S01006947,Lone parent family: Total,23,11,12
S01006947,Lone parent family: Parent working,17,8,9
S01006947,Lone parent family: Parent not working,6,3,3
S01006948,All parents aged 16 and over with dependent children,172,79,93
S01006948,Couple family: Total,160,70,90
S01006948,Couple family: Both parents working,122,62,60
S01006948,Couple family: One parent working,38,8,30
S01006948,Couple family: No parents working,0,0,0
S01006948,Lone parent family: Total,12,9,3
S01006948,Lone parent family: Parent working,10,7,3
S01006948,Lone parent family: Parent not working,2,2,0
S01006949,All parents aged 16 and over with dependent children,185,74,111
S01006949,Couple family: Total,176,68,108
S01006949,Couple family: Both parents working,134,58,76
S01006949,Couple family: One parent working,40,10,30
S01006949,Couple family: No parents working,2,0,2
S01006949,Lone parent family: Total,9,6,3
S01006949,Lone parent family: Parent working,6,3,3
S01006949,Lone parent family: Parent not working,3,3,0
S01006950,All parents aged 16 and over with dependent children,206,108,98
S01006950,Couple family: Total,196,104,92
S01006950,Couple family: Both parents working,160,90,70
S01006950,Couple family: One parent working,34,14,20
S01006950,Couple family: No parents working,2,0,2
S01006950,Lone parent family: Total,10,4,6
S01006950,Lone parent family: Parent working,8,3,5
S01006950,Lone parent family: Parent not working,2,1,1
S01006951,All parents aged 16 and over with dependent children,98,39,59
S01006951,Couple family: Total,92,38,54
S01006951,Couple family: Both parents working,76,32,44
S01006951,Couple family: One parent working,14,6,8
S01006951,Couple family: No parents working,2,0,2
S01006951,Lone parent family: Total,6,1,5
S01006951,Lone parent family: Parent working,4,0,4
S01006951,Lone parent family: Parent not working,2,1,1
S01006952,All parents aged 16 and over with dependent children,148,67,81
S01006952,Couple family: Total,140,64,76
S01006952,Couple family: Both parents working,110,54,56
S01006952,Couple family: One parent working,30,10,20
S01006952,Couple family: No parents working,0,0,0
S01006952,Lone parent family: Total,8,3,5
S01006952,Lone parent family: Parent working,6,2,4
S01006952,Lone parent family: Parent not working,2,1,1
S01006953,All parents aged 16 and over with dependent children,201,85,116
S01006953,Couple family: Total,190,80,110
S01006953,Couple family: Both parents working,142,64,78
S01006953,Couple family: One parent working,46,16,30
S01006953,Couple family: No parents working,2,0,2
S01006953,Lone parent family: Total,11,5,6
S01006953,Lone parent family: Parent working,9,5,4
S01006953,Lone parent family: Parent not working,2,0,2
S01006954,All parents aged 16 and over with dependent children,207,100,107
S01006954,Couple family: Total,198,96,102
S01006954,Couple family: Both parents working,162,82,80
S01006954,Couple family: One parent working,32,12,20
S01006954,Couple family: No parents working,4,2,2
S01006954,Lone parent family: Total,9,4,5
S01006954,Lone parent family: Parent working,7,3,4
S01006954,Lone parent family: Parent not working,2,1,1
S01006955,All parents aged 16 and over with dependent children,149,68,81
S01006955,Couple family: Total,130,58,72
S01006955,Couple family: Both parents working,98,46,52
S01006955,Couple family: One parent working,24,6,18
S01006955,Couple family: No parents working,8,6,2
S01006955,Lone parent family: Total,19,10,9
S01006955,Lone parent family: Parent working,14,8,6
S01006955,Lone parent family: Parent not working,5,2,3
S01006956,All parents aged 16 and over with dependent children,343,142,201
S01006956,Couple family: Total,322,132,190
S01006956,Couple family: Both parents working,236,112,124
S01006956,Couple family: One parent working,78,18,60
S01006956,Couple family: No parents working,8,2,6
S01006956,Lone parent family: Total,21,10,11
S01006956,Lone parent family: Parent working,17,8,9
S01006956,Lone parent family: Parent not working,4,2,2
S01006957,All parents aged 16 and over with dependent children,293,126,167
S01006957,Couple family: Total,278,116,162
S01006957,Couple family: Both parents working,216,94,122
S01006957,Couple family: One parent working,58,20,38
S01006957,Couple family: No parents working,4,2,2
S01006957,Lone parent family: Total,15,10,5
S01006957,Lone parent family: Parent working,7,6,1
S01006957,Lone parent family: Parent not working,8,4,4
S01006958,All parents aged 16 and over with dependent children,130,55,75
S01006958,Couple family: Total,124,50,74
S01006958,Couple family: Both parents working,86,40,46
S01006958,Couple family: One parent working,36,10,26
S01006958,Couple family: No parents working,2,0,2
S01006958,Lone parent family: Total,6,5,1
S01006958,Lone parent family: Parent working,4,3,1
S01006958,Lone parent family: Parent not working,2,2,0
S01006959,All parents aged 16 and over with dependent children,124,64,60
S01006959,Couple family: Total,104,50,54
S01006959,Couple family: Both parents working,64,38,26
S01006959,Couple family: One parent working,40,12,28
S01006959,Couple family: No parents working,0,0,0
S01006959,Lone parent family: Total,20,14,6
S01006959,Lone parent family: Parent working,9,7,2
S01006959,Lone parent family: Parent not working,11,7,4
S01006960,All parents aged 16 and over with dependent children,365,145,220
S01006960,Couple family: Total,344,132,212
S01006960,Couple family: Both parents working,260,110,150
S01006960,Couple family: One parent working,80,22,58
S01006960,Couple family: No parents working,4,0,4
S01006960,Lone parent family: Total,21,13,8
S01006960,Lone parent family: Parent working,17,11,6
S01006960,Lone parent family: Parent not working,4,2,2
S01006961,All parents aged 16 and over with dependent children,378,150,228
S01006961,Couple family: Total,364,146,218
S01006961,Couple family: Both parents working,280,128,152
S01006961,Couple family: One parent working,84,18,66
S01006961,Couple family: No parents working,0,0,0
S01006961,Lone parent family: Total,14,4,10
S01006961,Lone parent family: Parent working,12,4,8
S01006961,Lone parent family: Parent not working,2,0,2
S01006962,All parents aged 16 and over with dependent children,127,54,73
S01006962,Couple family: Total,120,50,70
S01006962,Couple family: Both parents working,94,42,52
S01006962,Couple family: One parent working,24,6,18
S01006962,Couple family: No parents working,2,2,0
S01006962,Lone parent family: Total,7,4,3
S01006962,Lone parent family: Parent working,5,2,3
S01006962,Lone parent family: Parent not working,2,2,0
S01006963,All parents aged 16 and over with dependent children,130,60,70
S01006963,Couple family: Total,116,54,62
S01006963,Couple family: Both parents working,96,44,52
S01006963,Couple family: One parent working,20,10,10
S01006963,Couple family: No parents working,0,0,0
S01006963,Lone parent family: Total,14,6,8
S01006963,Lone parent family: Parent working,8,3,5
S01006963,Lone parent family: Parent not working,6,3,3
S01006964,All parents aged 16 and over with dependent children,151,83,68
S01006964,Couple family: Total,134,70,64
S01006964,Couple family: Both parents working,92,48,44
S01006964,Couple family: One parent working,40,22,18
S01006964,Couple family: No parents working,2,0,2
S01006964,Lone parent family: Total,17,13,4
S01006964,Lone parent family: Parent working,14,11,3
S01006964,Lone parent family: Parent not working,3,2,1
S01006965,All parents aged 16 and over with dependent children,91,40,51
S01006965,Couple family: Total,82,34,48
S01006965,Couple family: Both parents working,68,32,36
S01006965,Couple family: One parent working,12,2,10
S01006965,Couple family: No parents working,2,0,2
S01006965,Lone parent family: Total,9,6,3
S01006965,Lone parent family: Parent working,6,3,3
S01006965,Lone parent family: Parent not working,3,3,0
S01006966,All parents aged 16 and over with dependent children,123,56,67
S01006966,Couple family: Total,92,40,52
S01006966,Couple family: Both parents working,78,30,48
S01006966,Couple family: One parent working,12,8,4
S01006966,Couple family: No parents working,2,2,0
S01006966,Lone parent family: Total,31,16,15
S01006966,Lone parent family: Parent working,24,13,11
S01006966,Lone parent family: Parent not working,7,3,4
S01006967,All parents aged 16 and over with dependent children,154,64,90
S01006967,Couple family: Total,144,58,86
S01006967,Couple family: Both parents working,128,50,78
S01006967,Couple family: One parent working,16,8,8
S01006967,Couple family: No parents working,0,0,0
S01006967,Lone parent family: Total,10,6,4
S01006967,Lone parent family: Parent working,9,6,3
S01006967,Lone parent family: Parent not working,1,0,1
S01006968,All parents aged 16 and over with dependent children,103,51,52
S01006968,Couple family: Total,90,44,46
S01006968,Couple family: Both parents working,76,38,38
S01006968,Couple family: One parent working,14,6,8
S01006968,Couple family: No parents working,0,0,0
S01006968,Lone parent family: Total,13,7,6
S01006968,Lone parent family: Parent working,12,7,5
S01006968,Lone parent family: Parent not working,1,0,1
S01006969,All parents aged 16 and over with dependent children,154,67,87
S01006969,Couple family: Total,142,60,82
S01006969,Couple family: Both parents working,104,48,56
S01006969,Couple family: One parent working,38,12,26
S01006969,Couple family: No parents working,0,0,0
S01006969,Lone parent family: Total,12,7,5
S01006969,Lone parent family: Parent working,9,4,5
S01006969,Lone parent family: Parent not working,3,3,0
S01006970,All parents aged 16 and over with dependent children,179,62,117
S01006970,Couple family: Total,168,54,114
S01006970,Couple family: Both parents working,124,32,92
S01006970,Couple family: One parent working,36,16,20
S01006970,Couple family: No parents working,8,6,2
S01006970,Lone parent family: Total,11,8,3
S01006970,Lone parent family: Parent working,9,7,2
S01006970,Lone parent family: Parent not working,2,1,1
S01006971,All parents aged 16 and over with dependent children,84,51,33
S01006971,Couple family: Total,72,46,26
S01006971,Couple family: Both parents working,46,28,18
S01006971,Couple family: One parent working,26,18,8
S01006971,Couple family: No parents working,0,0,0
S01006971,Lone parent family: Total,12,5,7
S01006971,Lone parent family: Parent working,8,5,3
S01006971,Lone parent family: Parent not working,4,0,4
S01006972,All parents aged 16 and over with dependent children,123,49,74
S01006972,Couple family: Total,118,48,70
S01006972,Couple family: Both parents working,90,38,52
S01006972,Couple family: One parent working,24,6,18
S01006972,Couple family: No parents working,4,4,0
S01006972,Lone parent family: Total,5,1,4
S01006972,Lone parent family: Parent working,5,1,4
S01006972,Lone parent family: Parent not working,0,0,0
S01006973,All parents aged 16 and over with dependent children,94,54,40
S01006973,Couple family: Total,84,46,38
S01006973,Couple family: Both parents working,62,34,28
S01006973,Couple family: One parent working,20,10,10
S01006973,Couple family: No parents working,2,2,0
S01006973,Lone parent family: Total,10,8,2
S01006973,Lone parent family: Parent working,9,8,1
S01006973,Lone parent family: Parent not working,1,0,1
S01006974,All parents aged 16 and over with dependent children,270,120,150
S01006974,Couple family: Total,250,108,142
S01006974,Couple family: Both parents working,190,98,92
S01006974,Couple family: One parent working,58,10,48
S01006974,Couple family: No parents working,2,0,2
S01006974,Lone parent family: Total,20,12,8
S01006974,Lone parent family: Parent working,17,11,6
S01006974,Lone parent family: Parent not working,3,1,2
S01006975,All parents aged 16 and over with dependent children,204,81,123
S01006975,Couple family: Total,196,78,118
S01006975,Couple family: Both parents working,158,66,92
S01006975,Couple family: One parent working,38,12,26
S01006975,Couple family: No parents working,0,0,0
S01006975,Lone parent family: Total,8,3,5
S01006975,Lone parent family: Parent working,5,2,3
S01006975,Lone parent family: Parent not working,3,1,2
S01006976,All parents aged 16 and over with dependent children,84,41,43
S01006976,Couple family: Total,76,38,38
S01006976,Couple family: Both parents working,56,30,26
S01006976,Couple family: One parent working,18,6,12
S01006976,Couple family: No parents working,2,2,0
S01006976,Lone parent family: Total,8,3,5
S01006976,Lone parent family: Parent working,5,3,2
S01006976,Lone parent family: Parent not working,3,0,3
S01006977,All parents aged 16 and over with dependent children,184,70,114
S01006977,Couple family: Total,168,64,104
S01006977,Couple family: Both parents working,118,50,68
S01006977,Couple family: One parent working,50,14,36
S01006977,Couple family: No parents working,0,0,0
S01006977,Lone parent family: Total,16,6,10
S01006977,Lone parent family: Parent working,14,6,8
S01006977,Lone parent family: Parent not working,2,0,2
S01006978,All parents aged 16 and over with dependent children,175,78,97
S01006978,Couple family: Total,162,68,94
S01006978,Couple family: Both parents working,112,52,60
S01006978,Couple family: One parent working,44,14,30
S01006978,Couple family: No parents working,6,2,4
S01006978,Lone parent family: Total,13,10,3
S01006978,Lone parent family: Parent working,10,8,2
S01006978,Lone parent family: Parent not working,3,2,1
S01006979,All parents aged 16 and over with dependent children,172,75,97
S01006979,Couple family: Total,150,62,88
S01006979,Couple family: Both parents working,104,52,52
S01006979,Couple family: One parent working,40,8,32
S01006979,Couple family: No parents working,6,2,4
S01006979,Lone parent family: Total,22,13,9
S01006979,Lone parent family: Parent working,15,9,6
S01006979,Lone parent family: Parent not working,7,4,3
S01006980,All parents aged 16 and over with dependent children,188,56,132
S01006980,Couple family: Total,176,52,124
S01006980,Couple family: Both parents working,122,44,78
S01006980,Couple family: One parent working,48,8,40
S01006980,Couple family: No parents working,6,0,6
S01006980,Lone parent family: Total,12,4,8
S01006980,Lone parent family: Parent working,10,2,8
S01006980,Lone parent family: Parent not working,2,2,0
S01006981,All parents aged 16 and over with dependent children,193,77,116
S01006981,Couple family: Total,182,72,110
S01006981,Couple family: Both parents working,140,56,84
S01006981,Couple family: One parent working,42,16,26
S01006981,Couple family: No parents working,0,0,0
S01006981,Lone parent family: Total,11,5,6
S01006981,Lone parent family: Parent working,11,5,6
S01006981,Lone parent family: Parent not working,0,0,0
S01006982,All parents aged 16 and over with dependent children,255,97,158
S01006982,Couple family: Total,228,84,144
S01006982,Couple family: Both parents working,182,72,110
S01006982,Couple family: One parent working,44,12,32
S01006982,Couple family: No parents working,2,0,2
S01006982,Lone parent family: Total,27,13,14
S01006982,Lone parent family: Parent working,20,10,10
S01006982,Lone parent family: Parent not working,7,3,4
S01006983,All parents aged 16 and over with dependent children,184,74,110
S01006983,Couple family: Total,166,64,102
S01006983,Couple family: Both parents working,126,42,84
S01006983,Couple family: One parent working,36,20,16
S01006983,Couple family: No parents working,4,2,2
S01006983,Lone parent family: Total,18,10,8
S01006983,Lone parent family: Parent working,13,7,6
S01006983,Lone parent family: Parent not working,5,3,2
S01006984,All parents aged 16 and over with dependent children,168,58,110
S01006984,Couple family: Total,154,54,100
S01006984,Couple family: Both parents working,120,44,76
S01006984,Couple family: One parent working,34,10,24
S01006984,Couple family: No parents working,0,0,0
S01006984,Lone parent family: Total,14,4,10
S01006984,Lone parent family: Parent working,10,3,7
S01006984,Lone parent family: Parent not working,4,1,3
S01006985,All parents aged 16 and over with dependent children,212,89,123
S01006985,Couple family: Total,194,76,118
S01006985,Couple family: Both parents working,154,66,88
S01006985,Couple family: One parent working,36,8,28
S01006985,Couple family: No parents working,4,2,2
S01006985,Lone parent family: Total,18,13,5
S01006985,Lone parent family: Parent working,14,11,3
S01006985,Lone parent family: Parent not working,4,2,2
S01006986,All parents aged 16 and over with dependent children,194,86,108
S01006986,Couple family: Total,176,76,100
S01006986,Couple family: Both parents working,122,56,66
S01006986,Couple family: One parent working,46,16,30
S01006986,Couple family: No parents working,8,4,4
S01006986,Lone parent family: Total,18,10,8
S01006986,Lone parent family: Parent working,12,8,4
S01006986,Lone parent family: Parent not working,6,2,4
S01006987,All parents aged 16 and over with dependent children,128,51,77
S01006987,Couple family: Total,114,44,70
S01006987,Couple family: Both parents working,68,26,42
S01006987,Couple family: One parent working,38,16,22
S01006987,Couple family: No parents working,8,2,6
S01006987,Lone parent family: Total,14,7,7
S01006987,Lone parent family: Parent working,9,6,3
S01006987,Lone parent family: Parent not working,5,1,4
S01006988,All parents aged 16 and over with dependent children,185,78,107
S01006988,Couple family: Total,166,70,96
S01006988,Couple family: Both parents working,122,50,72
S01006988,Couple family: One parent working,42,18,24
S01006988,Couple family: No parents working,2,2,0
S01006988,Lone parent family: Total,19,8,11
S01006988,Lone parent family: Parent working,15,7,8
S01006988,Lone parent family: Parent not working,4,1,3
S01006989,All parents aged 16 and over with dependent children,261,76,185
S01006989,Couple family: Total,250,68,182
S01006989,Couple family: Both parents working,176,48,128
S01006989,Couple family: One parent working,74,20,54
S01006989,Couple family: No parents working,0,0,0
S01006989,Lone parent family: Total,11,8,3
S01006989,Lone parent family: Parent working,7,5,2
S01006989,Lone parent family: Parent not working,4,3,1
S01006990,All parents aged 16 and over with dependent children,287,95,192
S01006990,Couple family: Total,272,88,184
S01006990,Couple family: Both parents working,206,78,128
S01006990,Couple family: One parent working,56,8,48
S01006990,Couple family: No parents working,10,2,8
S01006990,Lone parent family: Total,15,7,8
S01006990,Lone parent family: Parent working,13,7,6
S01006990,Lone parent family: Parent not working,2,0,2
S01006991,All parents aged 16 and over with dependent children,77,35,42
S01006991,Couple family: Total,64,24,40
S01006991,Couple family: Both parents working,38,14,24
S01006991,Couple family: One parent working,26,10,16
S01006991,Couple family: No parents working,0,0,0
S01006991,Lone parent family: Total,13,11,2
S01006991,Lone parent family: Parent working,10,10,0
S01006991,Lone parent family: Parent not working,3,1,2
S01006992,All parents aged 16 and over with dependent children,146,68,78
S01006992,Couple family: Total,142,64,78
S01006992,Couple family: Both parents working,94,46,48
S01006992,Couple family: One parent working,42,14,28
S01006992,Couple family: No parents working,6,4,2
S01006992,Lone parent family: Total,4,4,0
S01006992,Lone parent family: Parent working,4,4,0
S01006992,Lone parent family: Parent not working,0,0,0
S01006993,All parents aged 16 and over with dependent children,115,45,70
S01006993,Couple family: Total,106,42,64
S01006993,Couple family: Both parents working,74,26,48
S01006993,Couple family: One parent working,30,16,14
S01006993,Couple family: No parents working,2,0,2
S01006993,Lone parent family: Total,9,3,6
S01006993,Lone parent family: Parent working,6,2,4
S01006993,Lone parent family: Parent not working,3,1,2
S01006994,All parents aged 16 and over with dependent children,108,55,53
S01006994,Couple family: Total,98,50,48
S01006994,Couple family: Both parents working,74,42,32
S01006994,Couple family: One parent working,22,8,14
S01006994,Couple family: No parents working,2,0,2
S01006994,Lone parent family: Total,10,5,5
S01006994,Lone parent family: Parent working,9,5,4
S01006994,Lone parent family: Parent not working,1,0,1
S01006995,All parents aged 16 and over with dependent children,214,92,122
S01006995,Couple family: Total,196,84,112
S01006995,Couple family: Both parents working,152,70,82
S01006995,Couple family: One parent working,42,14,28
S01006995,Couple family: No parents working,2,0,2
S01006995,Lone parent family: Total,18,8,10
S01006995,Lone parent family: Parent working,12,6,6
S01006995,Lone parent family: Parent not working,6,2,4
S01006996,All parents aged 16 and over with dependent children,219,113,106
S01006996,Couple family: Total,202,104,98
S01006996,Couple family: Both parents working,156,88,68
S01006996,Couple family: One parent working,46,16,30
S01006996,Couple family: No parents working,0,0,0
S01006996,Lone parent family: Total,17,9,8
S01006996,Lone parent family: Parent working,12,7,5
S01006996,Lone parent family: Parent not working,5,2,3
S01006997,All parents aged 16 and over with dependent children,223,86,137
S01006997,Couple family: Total,216,80,136
S01006997,Couple family: Both parents working,176,68,108
S01006997,Couple family: One parent working,38,12,26
S01006997,Couple family: No parents working,2,0,2
S01006997,Lone parent family: Total,7,6,1
S01006997,Lone parent family: Parent working,5,5,0
S01006997,Lone parent family: Parent not working,2,1,1
S01006998,All parents aged 16 and over with dependent children,254,124,130
S01006998,Couple family: Total,236,114,122
S01006998,Couple family: Both parents working,168,90,78
S01006998,Couple family: One parent working,68,24,44
S01006998,Couple family: No parents working,0,0,0
S01006998,Lone parent family: Total,18,10,8
S01006998,Lone parent family: Parent working,16,10,6
S01006998,Lone parent family: Parent not working,2,0,2
S01006999,All parents aged 16 and over with dependent children,170,69,101
S01006999,Couple family: Total,158,62,96
S01006999,Couple family: Both parents working,120,52,68
S01006999,Couple family: One parent working,28,8,20
S01006999,Couple family: No parents working,10,2,8
S01006999,Lone parent family: Total,12,7,5
S01006999,Lone parent family: Parent working,11,7,4
S01006999,Lone parent family: Parent not working,1,0,1
S01007000,All parents aged 16 and over with dependent children,197,83,114
S01007000,Couple family: Total,180,76,104
S01007000,Couple family: Both parents working,146,64,82
S01007000,Couple family: One parent working,32,10,22
S01007000,Couple family: No parents working,2,2,0
S01007000,Lone parent family: Total,17,7,10
S01007000,Lone parent family: Parent working,15,6,9
S01007000,Lone parent family: Parent not working,2,1,1
S01007001,All parents aged 16 and over with dependent children,204,88,116
S01007001,Couple family: Total,180,76,104
S01007001,Couple family: Both parents working,126,60,66
S01007001,Couple family: One parent working,44,8,36
S01007001,Couple family: No parents working,10,8,2
S01007001,Lone parent family: Total,24,12,12
S01007001,Lone parent family: Parent working,19,10,9
S01007001,Lone parent family: Parent not working,5,2,3
S01007002,All parents aged 16 and over with dependent children,160,58,102
S01007002,Couple family: Total,148,52,96
S01007002,Couple family: Both parents working,104,46,58
S01007002,Couple family: One parent working,40,6,34
S01007002,Couple family: No parents working,4,0,4
S01007002,Lone parent family: Total,12,6,6
S01007002,Lone parent family: Parent working,10,5,5
S01007002,Lone parent family: Parent not working,2,1,1
S01007003,All parents aged 16 and over with dependent children,118,52,66
S01007003,Couple family: Total,110,48,62
S01007003,Couple family: Both parents working,88,40,48
S01007003,Couple family: One parent working,20,8,12
S01007003,Couple family: No parents working,2,0,2
S01007003,Lone parent family: Total,8,4,4
S01007003,Lone parent family: Parent working,5,3,2
S01007003,Lone parent family: Parent not working,3,1,2
S01007004,All parents aged 16 and over with dependent children,148,68,80
S01007004,Couple family: Total,136,60,76
S01007004,Couple family: Both parents working,96,46,50
S01007004,Couple family: One parent working,38,14,24
S01007004,Couple family: No parents working,2,0,2
S01007004,Lone parent family: Total,12,8,4
S01007004,Lone parent family: Parent working,6,5,1
S01007004,Lone parent family: Parent not working,6,3,3
S01007005,All parents aged 16 and over with dependent children,190,60,130
S01007005,Couple family: Total,176,52,124
S01007005,Couple family: Both parents working,140,46,94
S01007005,Couple family: One parent working,36,6,30
S01007005,Couple family: No parents working,0,0,0
S01007005,Lone parent family: Total,14,8,6
S01007005,Lone parent family: Parent working,9,5,4
S01007005,Lone parent family: Parent not working,5,3,2
S01007006,All parents aged 16 and over with dependent children,190,73,117
S01007006,Couple family: Total,176,64,112
S01007006,Couple family: Both parents working,128,50,78
S01007006,Couple family: One parent working,44,12,32
S01007006,Couple family: No parents working,4,2,2
S01007006,Lone parent family: Total,14,9,5
S01007006,Lone parent family: Parent working,12,9,3
S01007006,Lone parent family: Parent not working,2,0,2
S01007007,All parents aged 16 and over with dependent children,187,63,124
S01007007,Couple family: Total,180,60,120
S01007007,Couple family: Both parents working,128,52,76
S01007007,Couple family: One parent working,44,8,36
S01007007,Couple family: No parents working,8,0,8
S01007007,Lone parent family: Total,7,3,4
S01007007,Lone parent family: Parent working,4,1,3
S01007007,Lone parent family: Parent not working,3,2,1
S01007008,All parents aged 16 and over with dependent children,223,122,101
S01007008,Couple family: Total,196,106,90
S01007008,Couple family: Both parents working,162,88,74
S01007008,Couple family: One parent working,32,16,16
S01007008,Couple family: No parents working,2,2,0
S01007008,Lone parent family: Total,27,16,11
S01007008,Lone parent family: Parent working,20,12,8
S01007008,Lone parent family: Parent not working,7,4,3
S01007009,All parents aged 16 and over with dependent children,163,67,96
S01007009,Couple family: Total,150,58,92
S01007009,Couple family: Both parents working,112,46,66
S01007009,Couple family: One parent working,34,10,24
S01007009,Couple family: No parents working,4,2,2
S01007009,Lone parent family: Total,13,9,4
S01007009,Lone parent family: Parent working,10,7,3
S01007009,Lone parent family: Parent not working,3,2,1
S01007010,All parents aged 16 and over with dependent children,126,55,71
S01007010,Couple family: Total,116,48,68
S01007010,Couple family: Both parents working,88,36,52
S01007010,Couple family: One parent working,26,10,16
S01007010,Couple family: No parents working,2,2,0
S01007010,Lone parent family: Total,10,7,3
S01007010,Lone parent family: Parent working,5,4,1
S01007010,Lone parent family: Parent not working,5,3,2
S01007011,All parents aged 16 and over with dependent children,138,62,76
S01007011,Couple family: Total,110,46,64
S01007011,Couple family: Both parents working,86,42,44
S01007011,Couple family: One parent working,16,4,12
S01007011,Couple family: No parents working,8,0,8
S01007011,Lone parent family: Total,28,16,12
S01007011,Lone parent family: Parent working,16,11,5
S01007011,Lone parent family: Parent not working,12,5,7
S01007012,All parents aged 16 and over with dependent children,146,81,65
S01007012,Couple family: Total,102,52,50
S01007012,Couple family: Both parents working,70,44,26
S01007012,Couple family: One parent working,22,8,14
S01007012,Couple family: No parents working,10,0,10
S01007012,Lone parent family: Total,44,29,15
S01007012,Lone parent family: Parent working,26,19,7
S01007012,Lone parent family: Parent not working,18,10,8
S01007013,All parents aged 16 and over with dependent children,127,56,71
S01007013,Couple family: Total,122,52,70
S01007013,Couple family: Both parents working,94,38,56
S01007013,Couple family: One parent working,26,12,14
S01007013,Couple family: No parents working,2,2,0
S01007013,Lone parent family: Total,5,4,1
S01007013,Lone parent family: Parent working,4,3,1
S01007013,Lone parent family: Parent not working,1,1,0
S01007014,All parents aged 16 and over with dependent children,262,109,153
S01007014,Couple family: Total,252,108,144
S01007014,Couple family: Both parents working,174,78,96
S01007014,Couple family: One parent working,72,28,44
S01007014,Couple family: No parents working,6,2,4
S01007014,Lone parent family: Total,10,1,9
S01007014,Lone parent family: Parent working,5,1,4
S01007014,Lone parent family: Parent not working,5,0,5
S01007015,All parents aged 16 and over with dependent children,136,49,87
S01007015,Couple family: Total,130,46,84
S01007015,Couple family: Both parents working,98,36,62
S01007015,Couple family: One parent working,26,8,18
S01007015,Couple family: No parents working,6,2,4
S01007015,Lone parent family: Total,6,3,3
S01007015,Lone parent family: Parent working,3,1,2
S01007015,Lone parent family: Parent not working,3,2,1
S01007016,All parents aged 16 and over with dependent children,148,65,83
S01007016,Couple family: Total,142,62,80
S01007016,Couple family: Both parents working,96,40,56
S01007016,Couple family: One parent working,46,22,24
S01007016,Couple family: No parents working,0,0,0
S01007016,Lone parent family: Total,6,3,3
S01007016,Lone parent family: Parent working,4,1,3
S01007016,Lone parent family: Parent not working,2,2,0
S01007017,All parents aged 16 and over with dependent children,175,70,105
S01007017,Couple family: Total,152,58,94
S01007017,Couple family: Both parents working,98,40,58
S01007017,Couple family: One parent working,46,16,30
S01007017,Couple family: No parents working,8,2,6
S01007017,Lone parent family: Total,23,12,11
S01007017,Lone parent family: Parent working,16,10,6
S01007017,Lone parent family: Parent not working,7,2,5
S01007018,All parents aged 16 and over with dependent children,224,96,128
S01007018,Couple family: Total,202,82,120
S01007018,Couple family: Both parents working,160,62,98
S01007018,Couple family: One parent working,42,20,22
S01007018,Couple family: No parents working,0,0,0
S01007018,Lone parent family: Total,22,14,8
S01007018,Lone parent family: Parent working,13,9,4
S01007018,Lone parent family: Parent not working,9,5,4
S01007019,All parents aged 16 and over with dependent children,108,38,70
S01007019,Couple family: Total,98,36,62
S01007019,Couple family: Both parents working,66,30,36
S01007019,Couple family: One parent working,30,4,26
S01007019,Couple family: No parents working,2,2,0
S01007019,Lone parent family: Total,10,2,8
S01007019,Lone parent family: Parent working,7,2,5
S01007019,Lone parent family: Parent not working,3,0,3
S01007020,All parents aged 16 and over with dependent children,129,73,56
S01007020,Couple family: Total,118,68,50
S01007020,Couple family: Both parents working,86,52,34
S01007020,Couple family: One parent working,28,14,14
S01007020,Couple family: No parents working,4,2,2
S01007020,Lone parent family: Total,11,5,6
S01007020,Lone parent family: Parent working,5,3,2
S01007020,Lone parent family: Parent not working,6,2,4
S01007021,All parents aged 16 and over with dependent children,160,52,108
S01007021,Couple family: Total,142,44,98
S01007021,Couple family: Both parents working,110,36,74
S01007021,Couple family: One parent working,30,6,24
S01007021,Couple family: No parents working,2,2,0
S01007021,Lone parent family: Total,18,8,10
S01007021,Lone parent family: Parent working,17,7,10
S01007021,Lone parent family: Parent not working,1,1,0
S01007022,All parents aged 16 and over with dependent children,122,47,75
S01007022,Couple family: Total,108,44,64
S01007022,Couple family: Both parents working,74,30,44
S01007022,Couple family: One parent working,28,12,16
S01007022,Couple family: No parents working,6,2,4
S01007022,Lone parent family: Total,14,3,11
S01007022,Lone parent family: Parent working,11,1,10
S01007022,Lone parent family: Parent not working,3,2,1
S01007023,All parents aged 16 and over with dependent children,101,30,71
S01007023,Couple family: Total,94,28,66
S01007023,Couple family: Both parents working,70,18,52
S01007023,Couple family: One parent working,18,8,10
S01007023,Couple family: No parents working,6,2,4
S01007023,Lone parent family: Total,7,2,5
S01007023,Lone parent family: Parent working,7,2,5
S01007023,Lone parent family: Parent not working,0,0,0
S01007024,All parents aged 16 and over with dependent children,190,71,119
S01007024,Couple family: Total,176,60,116
S01007024,Couple family: Both parents working,116,48,68
S01007024,Couple family: One parent working,50,10,40
S01007024,Couple family: No parents working,10,2,8
S01007024,Lone parent family: Total,14,11,3
S01007024,Lone parent family: Parent working,10,9,1
S01007024,Lone parent family: Parent not working,4,2,2
S01007025,All parents aged 16 and over with dependent children,164,66,98
S01007025,Couple family: Total,144,54,90
S01007025,Couple family: Both parents working,94,38,56
S01007025,Couple family: One parent working,36,12,24
S01007025,Couple family: No parents working,14,4,10
S01007025,Lone parent family: Total,20,12,8
S01007025,Lone parent family: Parent working,14,8,6
S01007025,Lone parent family: Parent not working,6,4,2
S01007026,All parents aged 16 and over with dependent children,151,66,85
S01007026,Couple family: Total,136,58,78
S01007026,Couple family: Both parents working,98,44,54
S01007026,Couple family: One parent working,36,12,24
S01007026,Couple family: No parents working,2,2,0
S01007026,Lone parent family: Total,15,8,7
S01007026,Lone parent family: Parent working,11,6,5
S01007026,Lone parent family: Parent not working,4,2,2
S01007027,All parents aged 16 and over with dependent children,217,74,143
S01007027,Couple family: Total,190,58,132
S01007027,Couple family: Both parents working,138,46,92
S01007027,Couple family: One parent working,48,12,36
S01007027,Couple family: No parents working,4,0,4
S01007027,Lone parent family: Total,27,16,11
S01007027,Lone parent family: Parent working,17,13,4
S01007027,Lone parent family: Parent not working,10,3,7
S01007028,All parents aged 16 and over with dependent children,134,54,80
S01007028,Couple family: Total,120,46,74
S01007028,Couple family: Both parents working,90,38,52
S01007028,Couple family: One parent working,22,8,14
S01007028,Couple family: No parents working,8,0,8
S01007028,Lone parent family: Total,14,8,6
S01007028,Lone parent family: Parent working,10,5,5
S01007028,Lone parent family: Parent not working,4,3,1
S01007029,All parents aged 16 and over with dependent children,109,38,71
S01007029,Couple family: Total,100,32,68
S01007029,Couple family: Both parents working,76,28,48
S01007029,Couple family: One parent working,20,4,16
S01007029,Couple family: No parents working,4,0,4
S01007029,Lone parent family: Total,9,6,3
S01007029,Lone parent family: Parent working,5,4,1
S01007029,Lone parent family: Parent not working,4,2,2
S01007030,All parents aged 16 and over with dependent children,183,73,110
S01007030,Couple family: Total,170,66,104
S01007030,Couple family: Both parents working,102,46,56
S01007030,Couple family: One parent working,56,12,44
S01007030,Couple family: No parents working,12,8,4
S01007030,Lone parent family: Total,13,7,6
S01007030,Lone parent family: Parent working,8,4,4
S01007030,Lone parent family: Parent not working,5,3,2
S01007031,All parents aged 16 and over with dependent children,136,69,67
S01007031,Couple family: Total,124,64,60
S01007031,Couple family: Both parents working,78,48,30
S01007031,Couple family: One parent working,38,12,26
S01007031,Couple family: No parents working,8,4,4
S01007031,Lone parent family: Total,12,5,7
S01007031,Lone parent family: Parent working,10,5,5
S01007031,Lone parent family: Parent not working,2,0,2
S01007032,All parents aged 16 and over with dependent children,188,73,115
S01007032,Couple family: Total,170,64,106
S01007032,Couple family: Both parents working,122,44,78
S01007032,Couple family: One parent working,42,14,28
S01007032,Couple family: No parents working,6,6,0
S01007032,Lone parent family: Total,18,9,9
S01007032,Lone parent family: Parent working,11,4,7
S01007032,Lone parent family: Parent not working,7,5,2
S01007033,All parents aged 16 and over with dependent children,155,67,88
S01007033,Couple family: Total,132,52,80
S01007033,Couple family: Both parents working,94,42,52
S01007033,Couple family: One parent working,30,8,22
S01007033,Couple family: No parents working,8,2,6
S01007033,Lone parent family: Total,23,15,8
S01007033,Lone parent family: Parent working,15,10,5
S01007033,Lone parent family: Parent not working,8,5,3
S01007034,All parents aged 16 and over with dependent children,130,65,65
S01007034,Couple family: Total,108,50,58
S01007034,Couple family: Both parents working,76,28,48
S01007034,Couple family: One parent working,32,22,10
S01007034,Couple family: No parents working,0,0,0
S01007034,Lone parent family: Total,22,15,7
S01007034,Lone parent family: Parent working,12,8,4
S01007034,Lone parent family: Parent not working,10,7,3
S01007035,All parents aged 16 and over with dependent children,172,95,77
S01007035,Couple family: Total,136,74,62
S01007035,Couple family: Both parents working,100,62,38
S01007035,Couple family: One parent working,26,4,22
S01007035,Couple family: No parents working,10,8,2
S01007035,Lone parent family: Total,36,21,15
S01007035,Lone parent family: Parent working,22,17,5
S01007035,Lone parent family: Parent not working,14,4,10
S01007036,All parents aged 16 and over with dependent children,194,66,128
S01007036,Couple family: Total,178,54,124
S01007036,Couple family: Both parents working,122,40,82
S01007036,Couple family: One parent working,52,12,40
S01007036,Couple family: No parents working,4,2,2
S01007036,Lone parent family: Total,16,12,4
S01007036,Lone parent family: Parent working,11,9,2
S01007036,Lone parent family: Parent not working,5,3,2
S01007037,All parents aged 16 and over with dependent children,220,93,127
S01007037,Couple family: Total,192,76,116
S01007037,Couple family: Both parents working,146,58,88
S01007037,Couple family: One parent working,36,12,24
S01007037,Couple family: No parents working,10,6,4
S01007037,Lone parent family: Total,28,17,11
S01007037,Lone parent family: Parent working,19,13,6
S01007037,Lone parent family: Parent not working,9,4,5
S01007038,All parents aged 16 and over with dependent children,157,69,88
S01007038,Couple family: Total,146,62,84
S01007038,Couple family: Both parents working,84,40,44
S01007038,Couple family: One parent working,54,20,34
S01007038,Couple family: No parents working,8,2,6
S01007038,Lone parent family: Total,11,7,4
S01007038,Lone parent family: Parent working,6,3,3
S01007038,Lone parent family: Parent not working,5,4,1
S01007039,All parents aged 16 and over with dependent children,198,80,118
S01007039,Couple family: Total,176,68,108
S01007039,Couple family: Both parents working,114,48,66
S01007039,Couple family: One parent working,56,18,38
S01007039,Couple family: No parents working,6,2,4
S01007039,Lone parent family: Total,22,12,10
S01007039,Lone parent family: Parent working,12,9,3
S01007039,Lone parent family: Parent not working,10,3,7
S01007040,All parents aged 16 and over with dependent children,123,63,60
S01007040,Couple family: Total,98,50,48
S01007040,Couple family: Both parents working,66,34,32
S01007040,Couple family: One parent working,28,12,16
S01007040,Couple family: No parents working,4,4,0
S01007040,Lone parent family: Total,25,13,12
S01007040,Lone parent family: Parent working,19,11,8
S01007040,Lone parent family: Parent not working,6,2,4
S01007041,All parents aged 16 and over with dependent children,127,60,67
S01007041,Couple family: Total,112,50,62
S01007041,Couple family: Both parents working,80,42,38
S01007041,Couple family: One parent working,28,8,20
S01007041,Couple family: No parents working,4,0,4
S01007041,Lone parent family: Total,15,10,5
S01007041,Lone parent family: Parent working,8,6,2
S01007041,Lone parent family: Parent not working,7,4,3
S01007042,All parents aged 16 and over with dependent children,160,60,100
S01007042,Couple family: Total,146,50,96
S01007042,Couple family: Both parents working,90,26,64
S01007042,Couple family: One parent working,48,18,30
S01007042,Couple family: No parents working,8,6,2
S01007042,Lone parent family: Total,14,10,4
S01007042,Lone parent family: Parent working,8,6,2
S01007042,Lone parent family: Parent not working,6,4,2
S01007043,All parents aged 16 and over with dependent children,198,86,112
S01007043,Couple family: Total,190,82,108
S01007043,Couple family: Both parents working,136,66,70
S01007043,Couple family: One parent working,54,16,38
S01007043,Couple family: No parents working,0,0,0
S01007043,Lone parent family: Total,8,4,4
S01007043,Lone parent family: Parent working,5,2,3
S01007043,Lone parent family: Parent not working,3,2,1
S01007044,All parents aged 16 and over with dependent children,102,39,63
S01007044,Couple family: Total,92,36,56
S01007044,Couple family: Both parents working,56,28,28
S01007044,Couple family: One parent working,36,8,28
S01007044,Couple family: No parents working,0,0,0
S01007044,Lone parent family: Total,10,3,7
S01007044,Lone parent family: Parent working,8,3,5
S01007044,Lone parent family: Parent not working,2,0,2
S01007045,All parents aged 16 and over with dependent children,135,51,84
S01007045,Couple family: Total,126,44,82
S01007045,Couple family: Both parents working,76,32,44
S01007045,Couple family: One parent working,42,8,34
S01007045,Couple family: No parents working,8,4,4
S01007045,Lone parent family: Total,9,7,2
S01007045,Lone parent family: Parent working,6,4,2
S01007045,Lone parent family: Parent not working,3,3,0
S01007046,All parents aged 16 and over with dependent children,97,54,43
S01007046,Couple family: Total,88,46,42
S01007046,Couple family: Both parents working,50,30,20
S01007046,Couple family: One parent working,32,12,20
S01007046,Couple family: No parents working,6,4,2
S01007046,Lone parent family: Total,9,8,1
S01007046,Lone parent family: Parent working,9,8,1
S01007046,Lone parent family: Parent not working,0,0,0
S01007047,All parents aged 16 and over with dependent children,126,41,85
S01007047,Couple family: Total,120,38,82
S01007047,Couple family: Both parents working,80,24,56
S01007047,Couple family: One parent working,38,14,24
S01007047,Couple family: No parents working,2,0,2
S01007047,Lone parent family: Total,6,3,3
S01007047,Lone parent family: Parent working,2,2,0
S01007047,Lone parent family: Parent not working,4,1,3
S01007048,All parents aged 16 and over with dependent children,166,90,76
S01007048,Couple family: Total,158,84,74
S01007048,Couple family: Both parents working,106,64,42
S01007048,Couple family: One parent working,46,16,30
S01007048,Couple family: No parents working,6,4,2
S01007048,Lone parent family: Total,8,6,2
S01007048,Lone parent family: Parent working,4,4,0
S01007048,Lone parent family: Parent not working,4,2,2
S01007049,All parents aged 16 and over with dependent children,193,94,99
S01007049,Couple family: Total,166,78,88
S01007049,Couple family: Both parents working,108,58,50
S01007049,Couple family: One parent working,46,12,34
S01007049,Couple family: No parents working,12,8,4
S01007049,Lone parent family: Total,27,16,11
S01007049,Lone parent family: Parent working,13,9,4
S01007049,Lone parent family: Parent not working,14,7,7
S01007050,All parents aged 16 and over with dependent children,132,72,60
S01007050,Couple family: Total,118,64,54
S01007050,Couple family: Both parents working,76,42,34
S01007050,Couple family: One parent working,40,20,20
S01007050,Couple family: No parents working,2,2,0
S01007050,Lone parent family: Total,14,8,6
S01007050,Lone parent family: Parent working,12,7,5
S01007050,Lone parent family: Parent not working,2,1,1
S01007051,All parents aged 16 and over with dependent children,177,76,101
S01007051,Couple family: Total,162,68,94
S01007051,Couple family: Both parents working,136,58,78
S01007051,Couple family: One parent working,26,10,16
S01007051,Couple family: No parents working,0,0,0
S01007051,Lone parent family: Total,15,8,7
S01007051,Lone parent family: Parent working,12,7,5
S01007051,Lone parent family: Parent not working,3,1,2
S01007052,All parents aged 16 and over with dependent children,123,52,71
S01007052,Couple family: Total,114,48,66
S01007052,Couple family: Both parents working,82,38,44
S01007052,Couple family: One parent working,24,4,20
S01007052,Couple family: No parents working,8,6,2
S01007052,Lone parent family: Total,9,4,5
S01007052,Lone parent family: Parent working,3,1,2
S01007052,Lone parent family: Parent not working,6,3,3
S01007053,All parents aged 16 and over with dependent children,106,36,70
S01007053,Couple family: Total,100,34,66
S01007053,Couple family: Both parents working,72,24,48
S01007053,Couple family: One parent working,24,6,18
S01007053,Couple family: No parents working,4,4,0
S01007053,Lone parent family: Total,6,2,4
S01007053,Lone parent family: Parent working,5,1,4
S01007053,Lone parent family: Parent not working,1,1,0
S01007054,All parents aged 16 and over with dependent children,201,95,106
S01007054,Couple family: Total,178,78,100
S01007054,Couple family: Both parents working,124,58,66
S01007054,Couple family: One parent working,42,18,24
S01007054,Couple family: No parents working,12,2,10
S01007054,Lone parent family: Total,23,17,6
S01007054,Lone parent family: Parent working,18,14,4
S01007054,Lone parent family: Parent not working,5,3,2
S01007055,All parents aged 16 and over with dependent children,120,55,65
S01007055,Couple family: Total,116,52,64
S01007055,Couple family: Both parents working,94,44,50
S01007055,Couple family: One parent working,18,6,12
S01007055,Couple family: No parents working,4,2,2
S01007055,Lone parent family: Total,4,3,1
S01007055,Lone parent family: Parent working,4,3,1
S01007055,Lone parent family: Parent not working,0,0,0
S01007056,All parents aged 16 and over with dependent children,132,52,80
S01007056,Couple family: Total,124,46,78
S01007056,Couple family: Both parents working,88,40,48
S01007056,Couple family: One parent working,34,6,28
S01007056,Couple family: No parents working,2,0,2
S01007056,Lone parent family: Total,8,6,2
S01007056,Lone parent family: Parent working,5,3,2
S01007056,Lone parent family: Parent not working,3,3,0
S01007057,All parents aged 16 and over with dependent children,83,41,42
S01007057,Couple family: Total,78,38,40
S01007057,Couple family: Both parents working,60,30,30
S01007057,Couple family: One parent working,14,6,8
S01007057,Couple family: No parents working,4,2,2
S01007057,Lone parent family: Total,5,3,2
S01007057,Lone parent family: Parent working,4,2,2
S01007057,Lone parent family: Parent not working,1,1,0
S01007058,All parents aged 16 and over with dependent children,95,41,54
S01007058,Couple family: Total,84,32,52
S01007058,Couple family: Both parents working,64,26,38
S01007058,Couple family: One parent working,12,2,10
S01007058,Couple family: No parents working,8,4,4
S01007058,Lone parent family: Total,11,9,2
S01007058,Lone parent family: Parent working,9,8,1
S01007058,Lone parent family: Parent not working,2,1,1
S01007059,All parents aged 16 and over with dependent children,229,100,129
S01007059,Couple family: Total,194,82,112
S01007059,Couple family: Both parents working,142,66,76
S01007059,Couple family: One parent working,48,14,34
S01007059,Couple family: No parents working,4,2,2
S01007059,Lone parent family: Total,35,18,17
S01007059,Lone parent family: Parent working,22,13,9
S01007059,Lone parent family: Parent not working,13,5,8
S01007060,All parents aged 16 and over with dependent children,125,59,66
S01007060,Couple family: Total,88,40,48
S01007060,Couple family: Both parents working,58,34,24
S01007060,Couple family: One parent working,20,2,18
S01007060,Couple family: No parents working,10,4,6
S01007060,Lone parent family: Total,37,19,18
S01007060,Lone parent family: Parent working,19,12,7
S01007060,Lone parent family: Parent not working,18,7,11
S01007061,All parents aged 16 and over with dependent children,210,73,137
S01007061,Couple family: Total,194,62,132
S01007061,Couple family: Both parents working,150,52,98
S01007061,Couple family: One parent working,42,10,32
S01007061,Couple family: No parents working,2,0,2
S01007061,Lone parent family: Total,16,11,5
S01007061,Lone parent family: Parent working,11,7,4
S01007061,Lone parent family: Parent not working,5,4,1
S01007062,All parents aged 16 and over with dependent children,137,60,77
S01007062,Couple family: Total,128,54,74
S01007062,Couple family: Both parents working,100,44,56
S01007062,Couple family: One parent working,28,10,18
S01007062,Couple family: No parents working,0,0,0
S01007062,Lone parent family: Total,9,6,3
S01007062,Lone parent family: Parent working,7,5,2
S01007062,Lone parent family: Parent not working,2,1,1
S01007063,All parents aged 16 and over with dependent children,132,42,90
S01007063,Couple family: Total,120,36,84
S01007063,Couple family: Both parents working,82,26,56
S01007063,Couple family: One parent working,28,6,22
S01007063,Couple family: No parents working,10,4,6
S01007063,Lone parent family: Total,12,6,6
S01007063,Lone parent family: Parent working,12,6,6
S01007063,Lone parent family: Parent not working,0,0,0
S01007064,All parents aged 16 and over with dependent children,130,59,71
S01007064,Couple family: Total,120,54,66
S01007064,Couple family: Both parents working,104,48,56
S01007064,Couple family: One parent working,14,4,10
S01007064,Couple family: No parents working,2,2,0
S01007064,Lone parent family: Total,10,5,5
S01007064,Lone parent family: Parent working,7,4,3
S01007064,Lone parent family: Parent not working,3,1,2
S01007065,All parents aged 16 and over with dependent children,125,55,70
S01007065,Couple family: Total,108,48,60
S01007065,Couple family: Both parents working,74,34,40
S01007065,Couple family: One parent working,28,12,16
S01007065,Couple family: No parents working,6,2,4
S01007065,Lone parent family: Total,17,7,10
S01007065,Lone parent family: Parent working,12,4,8
S01007065,Lone parent family: Parent not working,5,3,2
S01007066,All parents aged 16 and over with dependent children,138,53,85
S01007066,Couple family: Total,128,44,84
S01007066,Couple family: Both parents working,88,32,56
S01007066,Couple family: One parent working,36,10,26
S01007066,Couple family: No parents working,4,2,2
S01007066,Lone parent family: Total,10,9,1
S01007066,Lone parent family: Parent working,7,6,1
S01007066,Lone parent family: Parent not working,3,3,0
S01007067,All parents aged 16 and over with dependent children,89,46,43
S01007067,Couple family: Total,82,42,40
S01007067,Couple family: Both parents working,56,26,30
S01007067,Couple family: One parent working,24,14,10
S01007067,Couple family: No parents working,2,2,0
S01007067,Lone parent family: Total,7,4,3
S01007067,Lone parent family: Parent working,5,3,2
S01007067,Lone parent family: Parent not working,2,1,1
S01007068,All parents aged 16 and over with dependent children,126,56,70
S01007068,Couple family: Total,100,38,62
S01007068,Couple family: Both parents working,68,16,52
S01007068,Couple family: One parent working,30,22,8
S01007068,Couple family: No parents working,2,0,2
S01007068,Lone parent family: Total,26,18,8
S01007068,Lone parent family: Parent working,14,10,4
S01007068,Lone parent family: Parent not working,12,8,4
S01007069,All parents aged 16 and over with dependent children,205,84,121
S01007069,Couple family: Total,172,66,106
S01007069,Couple family: Both parents working,98,38,60
S01007069,Couple family: One parent working,66,28,38
S01007069,Couple family: No parents working,8,0,8
S01007069,Lone parent family: Total,33,18,15
S01007069,Lone parent family: Parent working,20,13,7
S01007069,Lone parent family: Parent not working,13,5,8
S01007070,All parents aged 16 and over with dependent children,87,37,50
S01007070,Couple family: Total,78,30,48
S01007070,Couple family: Both parents working,52,26,26
S01007070,Couple family: One parent working,22,4,18
S01007070,Couple family: No parents working,4,0,4
S01007070,Lone parent family: Total,9,7,2
S01007070,Lone parent family: Parent working,3,3,0
S01007070,Lone parent family: Parent not working,6,4,2
S01007071,All parents aged 16 and over with dependent children,181,87,94
S01007071,Couple family: Total,166,78,88
S01007071,Couple family: Both parents working,134,64,70
S01007071,Couple family: One parent working,26,10,16
S01007071,Couple family: No parents working,6,4,2
S01007071,Lone parent family: Total,15,9,6
S01007071,Lone parent family: Parent working,8,5,3
S01007071,Lone parent family: Parent not working,7,4,3
S01007072,All parents aged 16 and over with dependent children,159,65,94
S01007072,Couple family: Total,148,60,88
S01007072,Couple family: Both parents working,112,50,62
S01007072,Couple family: One parent working,34,10,24
S01007072,Couple family: No parents working,2,0,2
S01007072,Lone parent family: Total,11,5,6
S01007072,Lone parent family: Parent working,6,5,1
S01007072,Lone parent family: Parent not working,5,0,5
S01007073,All parents aged 16 and over with dependent children,193,71,122
S01007073,Couple family: Total,174,56,118
S01007073,Couple family: Both parents working,126,40,86
S01007073,Couple family: One parent working,38,12,26
S01007073,Couple family: No parents working,10,4,6
S01007073,Lone parent family: Total,19,15,4
S01007073,Lone parent family: Parent working,15,12,3
S01007073,Lone parent family: Parent not working,4,3,1
S01007074,All parents aged 16 and over with dependent children,121,65,56
S01007074,Couple family: Total,92,44,48
S01007074,Couple family: Both parents working,68,36,32
S01007074,Couple family: One parent working,22,6,16
S01007074,Couple family: No parents working,2,2,0
S01007074,Lone parent family: Total,29,21,8
S01007074,Lone parent family: Parent working,18,13,5
S01007074,Lone parent family: Parent not working,11,8,3
S01007075,All parents aged 16 and over with dependent children,163,86,77
S01007075,Couple family: Total,130,62,68
S01007075,Couple family: Both parents working,86,38,48
S01007075,Couple family: One parent working,38,20,18
S01007075,Couple family: No parents working,6,4,2
S01007075,Lone parent family: Total,33,24,9
S01007075,Lone parent family: Parent working,24,19,5
S01007075,Lone parent family: Parent not working,9,5,4
S01007076,All parents aged 16 and over with dependent children,171,76,95
S01007076,Couple family: Total,154,66,88
S01007076,Couple family: Both parents working,110,52,58
S01007076,Couple family: One parent working,38,12,26
S01007076,Couple family: No parents working,6,2,4
S01007076,Lone parent family: Total,17,10,7
S01007076,Lone parent family: Parent working,13,8,5
S01007076,Lone parent family: Parent not working,4,2,2
S01007077,All parents aged 16 and over with dependent children,97,50,47
S01007077,Couple family: Total,80,40,40
S01007077,Couple family: Both parents working,56,30,26
S01007077,Couple family: One parent working,24,10,14
S01007077,Couple family: No parents working,0,0,0
S01007077,Lone parent family: Total,17,10,7
S01007077,Lone parent family: Parent working,12,7,5
S01007077,Lone parent family: Parent not working,5,3,2
S01007078,All parents aged 16 and over with dependent children,155,78,77
S01007078,Couple family: Total,128,64,64
S01007078,Couple family: Both parents working,90,48,42
S01007078,Couple family: One parent working,30,16,14
S01007078,Couple family: No parents working,8,0,8
S01007078,Lone parent family: Total,27,14,13
S01007078,Lone parent family: Parent working,19,12,7
S01007078,Lone parent family: Parent not working,8,2,6
S01007079,All parents aged 16 and over with dependent children,159,89,70
S01007079,Couple family: Total,140,78,62
S01007079,Couple family: Both parents working,110,66,44
S01007079,Couple family: One parent working,28,12,16
S01007079,Couple family: No parents working,2,0,2
S01007079,Lone parent family: Total,19,11,8
S01007079,Lone parent family: Parent working,9,4,5
S01007079,Lone parent family: Parent not working,10,7,3
S01007080,All parents aged 16 and over with dependent children,149,93,56
S01007080,Couple family: Total,114,68,46
S01007080,Couple family: Both parents working,74,42,32
S01007080,Couple family: One parent working,24,16,8
S01007080,Couple family: No parents working,16,10,6
S01007080,Lone parent family: Total,35,25,10
S01007080,Lone parent family: Parent working,22,14,8
S01007080,Lone parent family: Parent not working,13,11,2
S01007081,All parents aged 16 and over with dependent children,236,142,94
S01007081,Couple family: Total,198,118,80
S01007081,Couple family: Both parents working,116,68,48
S01007081,Couple family: One parent working,74,44,30
S01007081,Couple family: No parents working,8,6,2
S01007081,Lone parent family: Total,38,24,14
S01007081,Lone parent family: Parent working,22,15,7
S01007081,Lone parent family: Parent not working,16,9,7
S01007082,All parents aged 16 and over with dependent children,116,66,50
S01007082,Couple family: Total,88,50,38
S01007082,Couple family: Both parents working,58,36,22
S01007082,Couple family: One parent working,28,12,16
S01007082,Couple family: No parents working,2,2,0
S01007082,Lone parent family: Total,28,16,12
S01007082,Lone parent family: Parent working,17,9,8
S01007082,Lone parent family: Parent not working,11,7,4
S01007083,All parents aged 16 and over with dependent children,190,138,52
S01007083,Couple family: Total,150,112,38
S01007083,Couple family: Both parents working,84,68,16
S01007083,Couple family: One parent working,52,30,22
S01007083,Couple family: No parents working,14,14,0
S01007083,Lone parent family: Total,40,26,14
S01007083,Lone parent family: Parent working,22,14,8
S01007083,Lone parent family: Parent not working,18,12,6
S01007084,All parents aged 16 and over with dependent children,87,54,33
S01007084,Couple family: Total,74,44,30
S01007084,Couple family: Both parents working,62,36,26
S01007084,Couple family: One parent working,10,6,4
S01007084,Couple family: No parents working,2,2,0
S01007084,Lone parent family: Total,13,10,3
S01007084,Lone parent family: Parent working,12,10,2
S01007084,Lone parent family: Parent not working,1,0,1
S01007085,All parents aged 16 and over with dependent children,162,97,65
S01007085,Couple family: Total,146,84,62
S01007085,Couple family: Both parents working,102,62,40
S01007085,Couple family: One parent working,36,22,14
S01007085,Couple family: No parents working,8,0,8
S01007085,Lone parent family: Total,16,13,3
S01007085,Lone parent family: Parent working,11,9,2
S01007085,Lone parent family: Parent not working,5,4,1
S01007086,All parents aged 16 and over with dependent children,239,143,96
S01007086,Couple family: Total,180,104,76
S01007086,Couple family: Both parents working,114,64,50
S01007086,Couple family: One parent working,62,36,26
S01007086,Couple family: No parents working,4,4,0
S01007086,Lone parent family: Total,59,39,20
S01007086,Lone parent family: Parent working,34,25,9
S01007086,Lone parent family: Parent not working,25,14,11
S01007087,All parents aged 16 and over with dependent children,172,102,70
S01007087,Couple family: Total,136,80,56
S01007087,Couple family: Both parents working,102,62,40
S01007087,Couple family: One parent working,22,12,10
S01007087,Couple family: No parents working,12,6,6
S01007087,Lone parent family: Total,36,22,14
S01007087,Lone parent family: Parent working,25,16,9
S01007087,Lone parent family: Parent not working,11,6,5
S01007088,All parents aged 16 and over with dependent children,113,58,55
S01007088,Couple family: Total,80,36,44
S01007088,Couple family: Both parents working,34,20,14
S01007088,Couple family: One parent working,32,10,22
S01007088,Couple family: No parents working,14,6,8
S01007088,Lone parent family: Total,33,22,11
S01007088,Lone parent family: Parent working,17,12,5
S01007088,Lone parent family: Parent not working,16,10,6
S01007089,All parents aged 16 and over with dependent children,116,43,73
S01007089,Couple family: Total,114,42,72
S01007089,Couple family: Both parents working,74,30,44
S01007089,Couple family: One parent working,40,12,28
S01007089,Couple family: No parents working,0,0,0
S01007089,Lone parent family: Total,2,1,1
S01007089,Lone parent family: Parent working,1,1,0
S01007089,Lone parent family: Parent not working,1,0,1
S01007090,All parents aged 16 and over with dependent children,103,51,52
S01007090,Couple family: Total,90,42,48
S01007090,Couple family: Both parents working,70,38,32
S01007090,Couple family: One parent working,20,4,16
S01007090,Couple family: No parents working,0,0,0
S01007090,Lone parent family: Total,13,9,4
S01007090,Lone parent family: Parent working,11,7,4
S01007090,Lone parent family: Parent not working,2,2,0
S01007091,All parents aged 16 and over with dependent children,275,139,136
S01007091,Couple family: Total,230,112,118
S01007091,Couple family: Both parents working,128,68,60
S01007091,Couple family: One parent working,86,30,56
S01007091,Couple family: No parents working,16,14,2
S01007091,Lone parent family: Total,45,27,18
S01007091,Lone parent family: Parent working,26,20,6
S01007091,Lone parent family: Parent not working,19,7,12
S01007092,All parents aged 16 and over with dependent children,97,48,49
S01007092,Couple family: Total,80,38,42
S01007092,Couple family: Both parents working,64,36,28
S01007092,Couple family: One parent working,16,2,14
S01007092,Couple family: No parents working,0,0,0
S01007092,Lone parent family: Total,17,10,7
S01007092,Lone parent family: Parent working,10,7,3
S01007092,Lone parent family: Parent not working,7,3,4
S01007093,All parents aged 16 and over with dependent children,180,91,89
S01007093,Couple family: Total,168,84,84
S01007093,Couple family: Both parents working,130,68,62
S01007093,Couple family: One parent working,32,12,20
S01007093,Couple family: No parents working,6,4,2
S01007093,Lone parent family: Total,12,7,5
S01007093,Lone parent family: Parent working,12,7,5
S01007093,Lone parent family: Parent not working,0,0,0
S01007094,All parents aged 16 and over with dependent children,166,69,97
S01007094,Couple family: Total,154,62,92
S01007094,Couple family: Both parents working,114,50,64
S01007094,Couple family: One parent working,32,10,22
S01007094,Couple family: No parents working,8,2,6
S01007094,Lone parent family: Total,12,7,5
S01007094,Lone parent family: Parent working,8,3,5
S01007094,Lone parent family: Parent not working,4,4,0
S01007095,All parents aged 16 and over with dependent children,118,52,66
S01007095,Couple family: Total,110,48,62
S01007095,Couple family: Both parents working,68,28,40
S01007095,Couple family: One parent working,38,20,18
S01007095,Couple family: No parents working,4,0,4
S01007095,Lone parent family: Total,8,4,4
S01007095,Lone parent family: Parent working,6,3,3
S01007095,Lone parent family: Parent not working,2,1,1
S01007096,All parents aged 16 and over with dependent children,222,81,141
S01007096,Couple family: Total,210,74,136
S01007096,Couple family: Both parents working,162,62,100
S01007096,Couple family: One parent working,46,12,34
S01007096,Couple family: No parents working,2,0,2
S01007096,Lone parent family: Total,12,7,5
S01007096,Lone parent family: Parent working,7,3,4
S01007096,Lone parent family: Parent not working,5,4,1
S01007097,All parents aged 16 and over with dependent children,110,45,65
S01007097,Couple family: Total,104,42,62
S01007097,Couple family: Both parents working,70,28,42
S01007097,Couple family: One parent working,28,10,18
S01007097,Couple family: No parents working,6,4,2
S01007097,Lone parent family: Total,6,3,3
S01007097,Lone parent family: Parent working,4,2,2
S01007097,Lone parent family: Parent not working,2,1,1
S01007098,All parents aged 16 and over with dependent children,217,92,125
S01007098,Couple family: Total,208,90,118
S01007098,Couple family: Both parents working,148,64,84
S01007098,Couple family: One parent working,56,24,32
S01007098,Couple family: No parents working,4,2,2
S01007098,Lone parent family: Total,9,2,7
S01007098,Lone parent family: Parent working,7,1,6
S01007098,Lone parent family: Parent not working,2,1,1
S01007099,All parents aged 16 and over with dependent children,230,97,133
S01007099,Couple family: Total,216,90,126
S01007099,Couple family: Both parents working,160,78,82
S01007099,Couple family: One parent working,54,12,42
S01007099,Couple family: No parents working,2,0,2
S01007099,Lone parent family: Total,14,7,7
S01007099,Lone parent family: Parent working,7,4,3
S01007099,Lone parent family: Parent not working,7,3,4
S01007100,All parents aged 16 and over with dependent children,154,64,90
S01007100,Couple family: Total,136,50,86
S01007100,Couple family: Both parents working,102,38,64
S01007100,Couple family: One parent working,32,12,20
S01007100,Couple family: No parents working,2,0,2
S01007100,Lone parent family: Total,18,14,4
S01007100,Lone parent family: Parent working,10,9,1
S01007100,Lone parent family: Parent not working,8,5,3
S01007101,All parents aged 16 and over with dependent children,175,89,86
S01007101,Couple family: Total,146,68,78
S01007101,Couple family: Both parents working,94,42,52
S01007101,Couple family: One parent working,40,18,22
S01007101,Couple family: No parents working,12,8,4
S01007101,Lone parent family: Total,29,21,8
S01007101,Lone parent family: Parent working,12,8,4
S01007101,Lone parent family: Parent not working,17,13,4
S01007102,All parents aged 16 and over with dependent children,134,43,91
S01007102,Couple family: Total,126,40,86
S01007102,Couple family: Both parents working,76,32,44
S01007102,Couple family: One parent working,42,6,36
S01007102,Couple family: No parents working,8,2,6
S01007102,Lone parent family: Total,8,3,5
S01007102,Lone parent family: Parent working,5,3,2
S01007102,Lone parent family: Parent not working,3,0,3
S01007103,All parents aged 16 and over with dependent children,195,85,110
S01007103,Couple family: Total,176,76,100
S01007103,Couple family: Both parents working,118,42,76
S01007103,Couple family: One parent working,50,26,24
S01007103,Couple family: No parents working,8,8,0
S01007103,Lone parent family: Total,19,9,10
S01007103,Lone parent family: Parent working,14,8,6
S01007103,Lone parent family: Parent not working,5,1,4
S01007104,All parents aged 16 and over with dependent children,114,49,65
S01007104,Couple family: Total,108,46,62
S01007104,Couple family: Both parents working,64,24,40
S01007104,Couple family: One parent working,38,16,22
S01007104,Couple family: No parents working,6,6,0
S01007104,Lone parent family: Total,6,3,3
S01007104,Lone parent family: Parent working,5,2,3
S01007104,Lone parent family: Parent not working,1,1,0
S01007105,All parents aged 16 and over with dependent children,119,59,60
S01007105,Couple family: Total,108,52,56
S01007105,Couple family: Both parents working,76,46,30
S01007105,Couple family: One parent working,30,4,26
S01007105,Couple family: No parents working,2,2,0
S01007105,Lone parent family: Total,11,7,4
S01007105,Lone parent family: Parent working,7,5,2
S01007105,Lone parent family: Parent not working,4,2,2
S01007106,All parents aged 16 and over with dependent children,128,67,61
S01007106,Couple family: Total,106,54,52
S01007106,Couple family: Both parents working,62,38,24
S01007106,Couple family: One parent working,36,16,20
S01007106,Couple family: No parents working,8,0,8
S01007106,Lone parent family: Total,22,13,9
S01007106,Lone parent family: Parent working,12,5,7
S01007106,Lone parent family: Parent not working,10,8,2
S01007107,All parents aged 16 and over with dependent children,152,52,100
S01007107,Couple family: Total,142,46,96
S01007107,Couple family: Both parents working,96,38,58
S01007107,Couple family: One parent working,44,6,38
S01007107,Couple family: No parents working,2,2,0
S01007107,Lone parent family: Total,10,6,4
S01007107,Lone parent family: Parent working,6,4,2
S01007107,Lone parent family: Parent not working,4,2,2
S01007108,All parents aged 16 and over with dependent children,115,48,67
S01007108,Couple family: Total,110,44,66
S01007108,Couple family: Both parents working,76,26,50
S01007108,Couple family: One parent working,30,16,14
S01007108,Couple family: No parents working,4,2,2
S01007108,Lone parent family: Total,5,4,1
S01007108,Lone parent family: Parent working,3,3,0
S01007108,Lone parent family: Parent not working,2,1,1
S01007109,All parents aged 16 and over with dependent children,169,77,92
S01007109,Couple family: Total,142,62,80
S01007109,Couple family: Both parents working,92,44,48
S01007109,Couple family: One parent working,44,14,30
S01007109,Couple family: No parents working,6,4,2
S01007109,Lone parent family: Total,27,15,12
S01007109,Lone parent family: Parent working,16,12,4
S01007109,Lone parent family: Parent not working,11,3,8
S01007110,All parents aged 16 and over with dependent children,212,103,109
S01007110,Couple family: Total,186,90,96
S01007110,Couple family: Both parents working,116,58,58
S01007110,Couple family: One parent working,68,32,36
S01007110,Couple family: No parents working,2,0,2
S01007110,Lone parent family: Total,26,13,13
S01007110,Lone parent family: Parent working,14,6,8
S01007110,Lone parent family: Parent not working,12,7,5
S01007111,All parents aged 16 and over with dependent children,116,51,65
S01007111,Couple family: Total,104,44,60
S01007111,Couple family: Both parents working,74,36,38
S01007111,Couple family: One parent working,30,8,22
S01007111,Couple family: No parents working,0,0,0
S01007111,Lone parent family: Total,12,7,5
S01007111,Lone parent family: Parent working,5,3,2
S01007111,Lone parent family: Parent not working,7,4,3
S01007112,All parents aged 16 and over with dependent children,86,34,52
S01007112,Couple family: Total,82,30,52
S01007112,Couple family: Both parents working,70,26,44
S01007112,Couple family: One parent working,8,2,6
S01007112,Couple family: No parents working,4,2,2
S01007112,Lone parent family: Total,4,4,0
S01007112,Lone parent family: Parent working,2,2,0
S01007112,Lone parent family: Parent not working,2,2,0
S01007113,All parents aged 16 and over with dependent children,86,64,22
S01007113,Couple family: Total,82,60,22
S01007113,Couple family: Both parents working,54,42,12
S01007113,Couple family: One parent working,28,18,10
S01007113,Couple family: No parents working,0,0,0
S01007113,Lone parent family: Total,4,4,0
S01007113,Lone parent family: Parent working,2,2,0
S01007113,Lone parent family: Parent not working,2,2,0
S01007114,All parents aged 16 and over with dependent children,194,93,101
S01007114,Couple family: Total,172,78,94
S01007114,Couple family: Both parents working,126,64,62
S01007114,Couple family: One parent working,42,10,32
S01007114,Couple family: No parents working,4,4,0
S01007114,Lone parent family: Total,22,15,7
S01007114,Lone parent family: Parent working,17,12,5
S01007114,Lone parent family: Parent not working,5,3,2
S01007115,All parents aged 16 and over with dependent children,151,75,76
S01007115,Couple family: Total,144,70,74
S01007115,Couple family: Both parents working,106,58,48
S01007115,Couple family: One parent working,32,12,20
S01007115,Couple family: No parents working,6,0,6
S01007115,Lone parent family: Total,7,5,2
S01007115,Lone parent family: Parent working,3,2,1
S01007115,Lone parent family: Parent not working,4,3,1
S01007116,All parents aged 16 and over with dependent children,345,120,225
S01007116,Couple family: Total,340,116,224
S01007116,Couple family: Both parents working,228,84,144
S01007116,Couple family: One parent working,100,32,68
S01007116,Couple family: No parents working,12,0,12
S01007116,Lone parent family: Total,5,4,1
S01007116,Lone parent family: Parent working,5,4,1
S01007116,Lone parent family: Parent not working,0,0,0
S01007117,All parents aged 16 and over with dependent children,81,30,51
S01007117,Couple family: Total,72,26,46
S01007117,Couple family: Both parents working,58,20,38
S01007117,Couple family: One parent working,12,4,8
S01007117,Couple family: No parents working,2,2,0
S01007117,Lone parent family: Total,9,4,5
S01007117,Lone parent family: Parent working,6,2,4
S01007117,Lone parent family: Parent not working,3,2,1
S01007118,All parents aged 16 and over with dependent children,174,99,75
S01007118,Couple family: Total,130,66,64
S01007118,Couple family: Both parents working,70,42,28
S01007118,Couple family: One parent working,42,16,26
S01007118,Couple family: No parents working,18,8,10
S01007118,Lone parent family: Total,44,33,11
S01007118,Lone parent family: Parent working,26,18,8
S01007118,Lone parent family: Parent not working,18,15,3
S01007119,All parents aged 16 and over with dependent children,168,74,94
S01007119,Couple family: Total,138,58,80
S01007119,Couple family: Both parents working,82,48,34
S01007119,Couple family: One parent working,36,10,26
S01007119,Couple family: No parents working,20,0,20
S01007119,Lone parent family: Total,30,16,14
S01007119,Lone parent family: Parent working,15,6,9
S01007119,Lone parent family: Parent not working,15,10,5
S01007120,All parents aged 16 and over with dependent children,225,135,90
S01007120,Couple family: Total,180,104,76
S01007120,Couple family: Both parents working,106,66,40
S01007120,Couple family: One parent working,54,26,28
S01007120,Couple family: No parents working,20,12,8
S01007120,Lone parent family: Total,45,31,14
S01007120,Lone parent family: Parent working,20,13,7
S01007120,Lone parent family: Parent not working,25,18,7
S01007121,All parents aged 16 and over with dependent children,74,34,40
S01007121,Couple family: Total,68,30,38
S01007121,Couple family: Both parents working,36,20,16
S01007121,Couple family: One parent working,26,8,18
S01007121,Couple family: No parents working,6,2,4
S01007121,Lone parent family: Total,6,4,2
S01007121,Lone parent family: Parent working,3,2,1
S01007121,Lone parent family: Parent not working,3,2,1
S01007122,All parents aged 16 and over with dependent children,112,53,59
S01007122,Couple family: Total,96,40,56
S01007122,Couple family: Both parents working,70,30,40
S01007122,Couple family: One parent working,26,10,16
S01007122,Couple family: No parents working,0,0,0
S01007122,Lone parent family: Total,16,13,3
S01007122,Lone parent family: Parent working,10,8,2
S01007122,Lone parent family: Parent not working,6,5,1
S01007123,All parents aged 16 and over with dependent children,135,73,62
S01007123,Couple family: Total,122,64,58
S01007123,Couple family: Both parents working,88,48,40
S01007123,Couple family: One parent working,24,6,18
S01007123,Couple family: No parents working,10,10,0
S01007123,Lone parent family: Total,13,9,4
S01007123,Lone parent family: Parent working,4,4,0
S01007123,Lone parent family: Parent not working,9,5,4
S01007124,All parents aged 16 and over with dependent children,208,108,100
S01007124,Couple family: Total,184,92,92
S01007124,Couple family: Both parents working,124,70,54
S01007124,Couple family: One parent working,58,22,36
S01007124,Couple family: No parents working,2,0,2
S01007124,Lone parent family: Total,24,16,8
S01007124,Lone parent family: Parent working,14,9,5
S01007124,Lone parent family: Parent not working,10,7,3
S01007125,All parents aged 16 and over with dependent children,206,89,117
S01007125,Couple family: Total,170,70,100
S01007125,Couple family: Both parents working,108,44,64
S01007125,Couple family: One parent working,46,20,26
S01007125,Couple family: No parents working,16,6,10
S01007125,Lone parent family: Total,36,19,17
S01007125,Lone parent family: Parent working,21,12,9
S01007125,Lone parent family: Parent not working,15,7,8
S01007126,All parents aged 16 and over with dependent children,232,129,103
S01007126,Couple family: Total,192,108,84
S01007126,Couple family: Both parents working,98,64,34
S01007126,Couple family: One parent working,68,30,38
S01007126,Couple family: No parents working,26,14,12
S01007126,Lone parent family: Total,40,21,19
S01007126,Lone parent family: Parent working,19,9,10
S01007126,Lone parent family: Parent not working,21,12,9
S01007127,All parents aged 16 and over with dependent children,202,113,89
S01007127,Couple family: Total,166,90,76
S01007127,Couple family: Both parents working,106,58,48
S01007127,Couple family: One parent working,40,22,18
S01007127,Couple family: No parents working,20,10,10
S01007127,Lone parent family: Total,36,23,13
S01007127,Lone parent family: Parent working,24,18,6
S01007127,Lone parent family: Parent not working,12,5,7
S01007128,All parents aged 16 and over with dependent children,162,77,85
S01007128,Couple family: Total,130,58,72
S01007128,Couple family: Both parents working,88,42,46
S01007128,Couple family: One parent working,32,12,20
S01007128,Couple family: No parents working,10,4,6
S01007128,Lone parent family: Total,32,19,13
S01007128,Lone parent family: Parent working,15,10,5
S01007128,Lone parent family: Parent not working,17,9,8
S01007129,All parents aged 16 and over with dependent children,248,94,154
S01007129,Couple family: Total,228,80,148
S01007129,Couple family: Both parents working,198,76,122
S01007129,Couple family: One parent working,30,4,26
S01007129,Couple family: No parents working,0,0,0
S01007129,Lone parent family: Total,20,14,6
S01007129,Lone parent family: Parent working,15,11,4
S01007129,Lone parent family: Parent not working,5,3,2
S01007130,All parents aged 16 and over with dependent children,113,64,49
S01007130,Couple family: Total,102,56,46
S01007130,Couple family: Both parents working,76,44,32
S01007130,Couple family: One parent working,24,10,14
S01007130,Couple family: No parents working,2,2,0
S01007130,Lone parent family: Total,11,8,3
S01007130,Lone parent family: Parent working,6,5,1
S01007130,Lone parent family: Parent not working,5,3,2
S01007131,All parents aged 16 and over with dependent children,153,72,81
S01007131,Couple family: Total,136,60,76
S01007131,Couple family: Both parents working,112,50,62
S01007131,Couple family: One parent working,24,10,14
S01007131,Couple family: No parents working,0,0,0
S01007131,Lone parent family: Total,17,12,5
S01007131,Lone parent family: Parent working,16,11,5
S01007131,Lone parent family: Parent not working,1,1,0
S01007132,All parents aged 16 and over with dependent children,147,75,72
S01007132,Couple family: Total,132,68,64
S01007132,Couple family: Both parents working,118,58,60
S01007132,Couple family: One parent working,14,10,4
S01007132,Couple family: No parents working,0,0,0
S01007132,Lone parent family: Total,15,7,8
S01007132,Lone parent family: Parent working,14,6,8
S01007132,Lone parent family: Parent not working,1,1,0
S01007133,All parents aged 16 and over with dependent children,158,75,83
S01007133,Couple family: Total,148,70,78
S01007133,Couple family: Both parents working,114,56,58
S01007133,Couple family: One parent working,32,12,20
S01007133,Couple family: No parents working,2,2,0
S01007133,Lone parent family: Total,10,5,5
S01007133,Lone parent family: Parent working,9,5,4
S01007133,Lone parent family: Parent not working,1,0,1
S01007134,All parents aged 16 and over with dependent children,160,73,87
S01007134,Couple family: Total,148,66,82
S01007134,Couple family: Both parents working,120,52,68
S01007134,Couple family: One parent working,28,14,14
S01007134,Couple family: No parents working,0,0,0
S01007134,Lone parent family: Total,12,7,5
S01007134,Lone parent family: Parent working,10,5,5
S01007134,Lone parent family: Parent not working,2,2,0
S01007135,All parents aged 16 and over with dependent children,131,41,90
S01007135,Couple family: Total,120,34,86
S01007135,Couple family: Both parents working,98,22,76
S01007135,Couple family: One parent working,22,12,10
S01007135,Couple family: No parents working,0,0,0
S01007135,Lone parent family: Total,11,7,4
S01007135,Lone parent family: Parent working,6,3,3
S01007135,Lone parent family: Parent not working,5,4,1
S01007136,All parents aged 16 and over with dependent children,142,56,86
S01007136,Couple family: Total,132,54,78
S01007136,Couple family: Both parents working,110,46,64
S01007136,Couple family: One parent working,16,2,14
S01007136,Couple family: No parents working,6,6,0
S01007136,Lone parent family: Total,10,2,8
S01007136,Lone parent family: Parent working,8,1,7
S01007136,Lone parent family: Parent not working,2,1,1
S01007137,All parents aged 16 and over with dependent children,267,92,175
S01007137,Couple family: Total,254,84,170
S01007137,Couple family: Both parents working,216,76,140
S01007137,Couple family: One parent working,38,8,30
S01007137,Couple family: No parents working,0,0,0
S01007137,Lone parent family: Total,13,8,5
S01007137,Lone parent family: Parent working,11,6,5
S01007137,Lone parent family: Parent not working,2,2,0
S01007138,All parents aged 16 and over with dependent children,145,68,77
S01007138,Couple family: Total,134,60,74
S01007138,Couple family: Both parents working,112,50,62
S01007138,Couple family: One parent working,18,8,10
S01007138,Couple family: No parents working,4,2,2
S01007138,Lone parent family: Total,11,8,3
S01007138,Lone parent family: Parent working,9,8,1
S01007138,Lone parent family: Parent not working,2,0,2
S01007139,All parents aged 16 and over with dependent children,184,73,111
S01007139,Couple family: Total,166,62,104
S01007139,Couple family: Both parents working,126,52,74
S01007139,Couple family: One parent working,34,8,26
S01007139,Couple family: No parents working,6,2,4
S01007139,Lone parent family: Total,18,11,7
S01007139,Lone parent family: Parent working,18,11,7
S01007139,Lone parent family: Parent not working,0,0,0
S01007140,All parents aged 16 and over with dependent children,223,77,146
S01007140,Couple family: Total,200,68,132
S01007140,Couple family: Both parents working,154,58,96
S01007140,Couple family: One parent working,42,10,32
S01007140,Couple family: No parents working,4,0,4
S01007140,Lone parent family: Total,23,9,14
S01007140,Lone parent family: Parent working,19,8,11
S01007140,Lone parent family: Parent not working,4,1,3
S01007141,All parents aged 16 and over with dependent children,169,72,97
S01007141,Couple family: Total,160,68,92
S01007141,Couple family: Both parents working,122,50,72
S01007141,Couple family: One parent working,32,12,20
S01007141,Couple family: No parents working,6,6,0
S01007141,Lone parent family: Total,9,4,5
S01007141,Lone parent family: Parent working,7,4,3
S01007141,Lone parent family: Parent not working,2,0,2
S01007142,All parents aged 16 and over with dependent children,234,75,159
S01007142,Couple family: Total,226,70,156
S01007142,Couple family: Both parents working,188,58,130
S01007142,Couple family: One parent working,36,12,24
S01007142,Couple family: No parents working,2,0,2
S01007142,Lone parent family: Total,8,5,3
S01007142,Lone parent family: Parent working,6,4,2
S01007142,Lone parent family: Parent not working,2,1,1
S01007143,All parents aged 16 and over with dependent children,276,99,177
S01007143,Couple family: Total,266,92,174
S01007143,Couple family: Both parents working,234,78,156
S01007143,Couple family: One parent working,32,14,18
S01007143,Couple family: No parents working,0,0,0
S01007143,Lone parent family: Total,10,7,3
S01007143,Lone parent family: Parent working,10,7,3
S01007143,Lone parent family: Parent not working,0,0,0
S01007144,All parents aged 16 and over with dependent children,101,34,67
S01007144,Couple family: Total,92,30,62
S01007144,Couple family: Both parents working,64,26,38
S01007144,Couple family: One parent working,28,4,24
S01007144,Couple family: No parents working,0,0,0
S01007144,Lone parent family: Total,9,4,5
S01007144,Lone parent family: Parent working,8,4,4
S01007144,Lone parent family: Parent not working,1,0,1
S01007145,All parents aged 16 and over with dependent children,140,55,85
S01007145,Couple family: Total,122,42,80
S01007145,Couple family: Both parents working,86,32,54
S01007145,Couple family: One parent working,32,8,24
S01007145,Couple family: No parents working,4,2,2
S01007145,Lone parent family: Total,18,13,5
S01007145,Lone parent family: Parent working,15,11,4
S01007145,Lone parent family: Parent not working,3,2,1
S01007146,All parents aged 16 and over with dependent children,162,56,106
S01007146,Couple family: Total,136,36,100
S01007146,Couple family: Both parents working,108,28,80
S01007146,Couple family: One parent working,24,8,16
S01007146,Couple family: No parents working,4,0,4
S01007146,Lone parent family: Total,26,20,6
S01007146,Lone parent family: Parent working,23,18,5
S01007146,Lone parent family: Parent not working,3,2,1
S01007147,All parents aged 16 and over with dependent children,124,51,73
S01007147,Couple family: Total,110,42,68
S01007147,Couple family: Both parents working,92,36,56
S01007147,Couple family: One parent working,16,6,10
S01007147,Couple family: No parents working,2,0,2
S01007147,Lone parent family: Total,14,9,5
S01007147,Lone parent family: Parent working,10,5,5
S01007147,Lone parent family: Parent not working,4,4,0
S01007148,All parents aged 16 and over with dependent children,122,50,72
S01007148,Couple family: Total,110,46,64
S01007148,Couple family: Both parents working,94,40,54
S01007148,Couple family: One parent working,10,6,4
S01007148,Couple family: No parents working,6,0,6
S01007148,Lone parent family: Total,12,4,8
S01007148,Lone parent family: Parent working,10,3,7
S01007148,Lone parent family: Parent not working,2,1,1
S01007149,All parents aged 16 and over with dependent children,84,30,54
S01007149,Couple family: Total,76,26,50
S01007149,Couple family: Both parents working,60,20,40
S01007149,Couple family: One parent working,14,6,8
S01007149,Couple family: No parents working,2,0,2
S01007149,Lone parent family: Total,8,4,4
S01007149,Lone parent family: Parent working,7,4,3
S01007149,Lone parent family: Parent not working,1,0,1
S01007150,All parents aged 16 and over with dependent children,80,39,41
S01007150,Couple family: Total,74,36,38
S01007150,Couple family: Both parents working,64,34,30
S01007150,Couple family: One parent working,10,2,8
S01007150,Couple family: No parents working,0,0,0
S01007150,Lone parent family: Total,6,3,3
S01007150,Lone parent family: Parent working,5,2,3
S01007150,Lone parent family: Parent not working,1,1,0
S01007151,All parents aged 16 and over with dependent children,216,79,137
S01007151,Couple family: Total,198,72,126
S01007151,Couple family: Both parents working,166,52,114
S01007151,Couple family: One parent working,28,16,12
S01007151,Couple family: No parents working,4,4,0
S01007151,Lone parent family: Total,18,7,11
S01007151,Lone parent family: Parent working,14,6,8
S01007151,Lone parent family: Parent not working,4,1,3
S01007152,All parents aged 16 and over with dependent children,119,50,69
S01007152,Couple family: Total,112,48,64
S01007152,Couple family: Both parents working,96,40,56
S01007152,Couple family: One parent working,14,6,8
S01007152,Couple family: No parents working,2,2,0
S01007152,Lone parent family: Total,7,2,5
S01007152,Lone parent family: Parent working,6,2,4
S01007152,Lone parent family: Parent not working,1,0,1
S01007153,All parents aged 16 and over with dependent children,136,68,68
S01007153,Couple family: Total,124,62,62
S01007153,Couple family: Both parents working,106,54,52
S01007153,Couple family: One parent working,16,8,8
S01007153,Couple family: No parents working,2,0,2
S01007153,Lone parent family: Total,12,6,6
S01007153,Lone parent family: Parent working,5,3,2
S01007153,Lone parent family: Parent not working,7,3,4
S01007154,All parents aged 16 and over with dependent children,95,52,43
S01007154,Couple family: Total,78,40,38
S01007154,Couple family: Both parents working,62,30,32
S01007154,Couple family: One parent working,8,4,4
S01007154,Couple family: No parents working,8,6,2
S01007154,Lone parent family: Total,17,12,5
S01007154,Lone parent family: Parent working,14,10,4
S01007154,Lone parent family: Parent not working,3,2,1
S01007155,All parents aged 16 and over with dependent children,120,49,71
S01007155,Couple family: Total,108,42,66
S01007155,Couple family: Both parents working,92,30,62
S01007155,Couple family: One parent working,16,12,4
S01007155,Couple family: No parents working,0,0,0
S01007155,Lone parent family: Total,12,7,5
S01007155,Lone parent family: Parent working,10,7,3
S01007155,Lone parent family: Parent not working,2,0,2
S01007156,All parents aged 16 and over with dependent children,128,62,66
S01007156,Couple family: Total,102,50,52
S01007156,Couple family: Both parents working,72,38,34
S01007156,Couple family: One parent working,26,10,16
S01007156,Couple family: No parents working,4,2,2
S01007156,Lone parent family: Total,26,12,14
S01007156,Lone parent family: Parent working,13,8,5
S01007156,Lone parent family: Parent not working,13,4,9
S01007157,All parents aged 16 and over with dependent children,153,69,84
S01007157,Couple family: Total,116,48,68
S01007157,Couple family: Both parents working,88,40,48
S01007157,Couple family: One parent working,24,6,18
S01007157,Couple family: No parents working,4,2,2
S01007157,Lone parent family: Total,37,21,16
S01007157,Lone parent family: Parent working,22,11,11
S01007157,Lone parent family: Parent not working,15,10,5
S01007158,All parents aged 16 and over with dependent children,233,101,132
S01007158,Couple family: Total,212,88,124
S01007158,Couple family: Both parents working,158,74,84
S01007158,Couple family: One parent working,46,14,32
S01007158,Couple family: No parents working,8,0,8
S01007158,Lone parent family: Total,21,13,8
S01007158,Lone parent family: Parent working,18,10,8
S01007158,Lone parent family: Parent not working,3,3,0
S01007159,All parents aged 16 and over with dependent children,173,99,74
S01007159,Couple family: Total,116,64,52
S01007159,Couple family: Both parents working,82,48,34
S01007159,Couple family: One parent working,28,10,18
S01007159,Couple family: No parents working,6,6,0
S01007159,Lone parent family: Total,57,35,22
S01007159,Lone parent family: Parent working,39,23,16
S01007159,Lone parent family: Parent not working,18,12,6
S01007160,All parents aged 16 and over with dependent children,163,87,76
S01007160,Couple family: Total,112,56,56
S01007160,Couple family: Both parents working,76,42,34
S01007160,Couple family: One parent working,34,12,22
S01007160,Couple family: No parents working,2,2,0
S01007160,Lone parent family: Total,51,31,20
S01007160,Lone parent family: Parent working,38,23,15
S01007160,Lone parent family: Parent not working,13,8,5
S01007161,All parents aged 16 and over with dependent children,133,71,62
S01007161,Couple family: Total,100,54,46
S01007161,Couple family: Both parents working,72,46,26
S01007161,Couple family: One parent working,24,8,16
S01007161,Couple family: No parents working,4,0,4
S01007161,Lone parent family: Total,33,17,16
S01007161,Lone parent family: Parent working,22,13,9
S01007161,Lone parent family: Parent not working,11,4,7
S01007162,All parents aged 16 and over with dependent children,106,62,44
S01007162,Couple family: Total,74,40,34
S01007162,Couple family: Both parents working,50,30,20
S01007162,Couple family: One parent working,16,4,12
S01007162,Couple family: No parents working,8,6,2
S01007162,Lone parent family: Total,32,22,10
S01007162,Lone parent family: Parent working,23,13,10
S01007162,Lone parent family: Parent not working,9,9,0
S01007163,All parents aged 16 and over with dependent children,140,63,77
S01007163,Couple family: Total,114,48,66
S01007163,Couple family: Both parents working,90,42,48
S01007163,Couple family: One parent working,18,6,12
S01007163,Couple family: No parents working,6,0,6
S01007163,Lone parent family: Total,26,15,11
S01007163,Lone parent family: Parent working,19,11,8
S01007163,Lone parent family: Parent not working,7,4,3
S01007164,All parents aged 16 and over with dependent children,99,46,53
S01007164,Couple family: Total,86,42,44
S01007164,Couple family: Both parents working,78,38,40
S01007164,Couple family: One parent working,8,4,4
S01007164,Couple family: No parents working,0,0,0
S01007164,Lone parent family: Total,13,4,9
S01007164,Lone parent family: Parent working,8,2,6
S01007164,Lone parent family: Parent not working,5,2,3
S01007165,All parents aged 16 and over with dependent children,169,74,95
S01007165,Couple family: Total,154,68,86
S01007165,Couple family: Both parents working,124,62,62
S01007165,Couple family: One parent working,26,6,20
S01007165,Couple family: No parents working,4,0,4
S01007165,Lone parent family: Total,15,6,9
S01007165,Lone parent family: Parent working,10,4,6
S01007165,Lone parent family: Parent not working,5,2,3
S01007166,All parents aged 16 and over with dependent children,148,54,94
S01007166,Couple family: Total,128,44,84
S01007166,Couple family: Both parents working,92,32,60
S01007166,Couple family: One parent working,32,8,24
S01007166,Couple family: No parents working,4,4,0
S01007166,Lone parent family: Total,20,10,10
S01007166,Lone parent family: Parent working,17,9,8
S01007166,Lone parent family: Parent not working,3,1,2
S01007167,All parents aged 16 and over with dependent children,140,49,91
S01007167,Couple family: Total,124,44,80
S01007167,Couple family: Both parents working,106,40,66
S01007167,Couple family: One parent working,16,2,14
S01007167,Couple family: No parents working,2,2,0
S01007167,Lone parent family: Total,16,5,11
S01007167,Lone parent family: Parent working,11,3,8
S01007167,Lone parent family: Parent not working,5,2,3
S01007168,All parents aged 16 and over with dependent children,170,69,101
S01007168,Couple family: Total,154,58,96
S01007168,Couple family: Both parents working,132,48,84
S01007168,Couple family: One parent working,22,10,12
S01007168,Couple family: No parents working,0,0,0
S01007168,Lone parent family: Total,16,11,5
S01007168,Lone parent family: Parent working,13,9,4
S01007168,Lone parent family: Parent not working,3,2,1
S01007169,All parents aged 16 and over with dependent children,155,69,86
S01007169,Couple family: Total,138,60,78
S01007169,Couple family: Both parents working,118,52,66
S01007169,Couple family: One parent working,18,6,12
S01007169,Couple family: No parents working,2,2,0
S01007169,Lone parent family: Total,17,9,8
S01007169,Lone parent family: Parent working,13,7,6
S01007169,Lone parent family: Parent not working,4,2,2
S01007170,All parents aged 16 and over with dependent children,120,54,66
S01007170,Couple family: Total,108,48,60
S01007170,Couple family: Both parents working,82,40,42
S01007170,Couple family: One parent working,20,6,14
S01007170,Couple family: No parents working,6,2,4
S01007170,Lone parent family: Total,12,6,6
S01007170,Lone parent family: Parent working,7,5,2
S01007170,Lone parent family: Parent not working,5,1,4
S01007171,All parents aged 16 and over with dependent children,132,58,74
S01007171,Couple family: Total,120,50,70
S01007171,Couple family: Both parents working,98,38,60
S01007171,Couple family: One parent working,18,12,6
S01007171,Couple family: No parents working,4,0,4
S01007171,Lone parent family: Total,12,8,4
S01007171,Lone parent family: Parent working,10,6,4
S01007171,Lone parent family: Parent not working,2,2,0
S01007172,All parents aged 16 and over with dependent children,136,55,81
S01007172,Couple family: Total,122,48,74
S01007172,Couple family: Both parents working,84,32,52
S01007172,Couple family: One parent working,32,10,22
S01007172,Couple family: No parents working,6,6,0
S01007172,Lone parent family: Total,14,7,7
S01007172,Lone parent family: Parent working,10,4,6
S01007172,Lone parent family: Parent not working,4,3,1
S01007173,All parents aged 16 and over with dependent children,249,94,155
S01007173,Couple family: Total,224,86,138
S01007173,Couple family: Both parents working,170,74,96
S01007173,Couple family: One parent working,52,10,42
S01007173,Couple family: No parents working,2,2,0
S01007173,Lone parent family: Total,25,8,17
S01007173,Lone parent family: Parent working,22,7,15
S01007173,Lone parent family: Parent not working,3,1,2
S01007174,All parents aged 16 and over with dependent children,251,93,158
S01007174,Couple family: Total,218,78,140
S01007174,Couple family: Both parents working,150,54,96
S01007174,Couple family: One parent working,54,20,34
S01007174,Couple family: No parents working,14,4,10
S01007174,Lone parent family: Total,33,15,18
S01007174,Lone parent family: Parent working,16,9,7
S01007174,Lone parent family: Parent not working,17,6,11
S01007175,All parents aged 16 and over with dependent children,134,56,78
S01007175,Couple family: Total,120,48,72
S01007175,Couple family: Both parents working,82,36,46
S01007175,Couple family: One parent working,30,10,20
S01007175,Couple family: No parents working,8,2,6
S01007175,Lone parent family: Total,14,8,6
S01007175,Lone parent family: Parent working,11,7,4
S01007175,Lone parent family: Parent not working,3,1,2
S01007176,All parents aged 16 and over with dependent children,178,85,93
S01007176,Couple family: Total,156,72,84
S01007176,Couple family: Both parents working,94,50,44
S01007176,Couple family: One parent working,56,20,36
S01007176,Couple family: No parents working,6,2,4
S01007176,Lone parent family: Total,22,13,9
S01007176,Lone parent family: Parent working,16,9,7
S01007176,Lone parent family: Parent not working,6,4,2
S01007177,All parents aged 16 and over with dependent children,141,75,66
S01007177,Couple family: Total,104,50,54
S01007177,Couple family: Both parents working,60,32,28
S01007177,Couple family: One parent working,40,16,24
S01007177,Couple family: No parents working,4,2,2
S01007177,Lone parent family: Total,37,25,12
S01007177,Lone parent family: Parent working,23,14,9
S01007177,Lone parent family: Parent not working,14,11,3
S01007178,All parents aged 16 and over with dependent children,212,103,109
S01007178,Couple family: Total,140,64,76
S01007178,Couple family: Both parents working,86,48,38
S01007178,Couple family: One parent working,42,10,32
S01007178,Couple family: No parents working,12,6,6
S01007178,Lone parent family: Total,72,39,33
S01007178,Lone parent family: Parent working,35,25,10
S01007178,Lone parent family: Parent not working,37,14,23
S01007179,All parents aged 16 and over with dependent children,156,75,81
S01007179,Couple family: Total,142,62,80
S01007179,Couple family: Both parents working,130,58,72
S01007179,Couple family: One parent working,12,4,8
S01007179,Couple family: No parents working,0,0,0
S01007179,Lone parent family: Total,14,13,1
S01007179,Lone parent family: Parent working,13,12,1
S01007179,Lone parent family: Parent not working,1,1,0
S01007180,All parents aged 16 and over with dependent children,136,59,77
S01007180,Couple family: Total,124,52,72
S01007180,Couple family: Both parents working,102,50,52
S01007180,Couple family: One parent working,22,2,20
S01007180,Couple family: No parents working,0,0,0
S01007180,Lone parent family: Total,12,7,5
S01007180,Lone parent family: Parent working,6,5,1
S01007180,Lone parent family: Parent not working,6,2,4
S01007181,All parents aged 16 and over with dependent children,144,58,86
S01007181,Couple family: Total,126,48,78
S01007181,Couple family: Both parents working,92,36,56
S01007181,Couple family: One parent working,28,8,20
S01007181,Couple family: No parents working,6,4,2
S01007181,Lone parent family: Total,18,10,8
S01007181,Lone parent family: Parent working,13,7,6
S01007181,Lone parent family: Parent not working,5,3,2
S01007182,All parents aged 16 and over with dependent children,183,101,82
S01007182,Couple family: Total,152,78,74
S01007182,Couple family: Both parents working,96,52,44
S01007182,Couple family: One parent working,52,24,28
S01007182,Couple family: No parents working,4,2,2
S01007182,Lone parent family: Total,31,23,8
S01007182,Lone parent family: Parent working,22,17,5
S01007182,Lone parent family: Parent not working,9,6,3
S01007183,All parents aged 16 and over with dependent children,184,97,87
S01007183,Couple family: Total,158,82,76
S01007183,Couple family: Both parents working,106,54,52
S01007183,Couple family: One parent working,48,24,24
S01007183,Couple family: No parents working,4,4,0
S01007183,Lone parent family: Total,26,15,11
S01007183,Lone parent family: Parent working,17,8,9
S01007183,Lone parent family: Parent not working,9,7,2
S01007184,All parents aged 16 and over with dependent children,155,93,62
S01007184,Couple family: Total,120,66,54
S01007184,Couple family: Both parents working,70,38,32
S01007184,Couple family: One parent working,46,24,22
S01007184,Couple family: No parents working,4,4,0
S01007184,Lone parent family: Total,35,27,8
S01007184,Lone parent family: Parent working,26,20,6
S01007184,Lone parent family: Parent not working,9,7,2
S01007185,All parents aged 16 and over with dependent children,174,98,76
S01007185,Couple family: Total,114,56,58
S01007185,Couple family: Both parents working,56,28,28
S01007185,Couple family: One parent working,46,26,20
S01007185,Couple family: No parents working,12,2,10
S01007185,Lone parent family: Total,60,42,18
S01007185,Lone parent family: Parent working,30,21,9
S01007185,Lone parent family: Parent not working,30,21,9
S01007186,All parents aged 16 and over with dependent children,118,67,51
S01007186,Couple family: Total,90,52,38
S01007186,Couple family: Both parents working,46,22,24
S01007186,Couple family: One parent working,28,20,8
S01007186,Couple family: No parents working,16,10,6
S01007186,Lone parent family: Total,28,15,13
S01007186,Lone parent family: Parent working,17,10,7
S01007186,Lone parent family: Parent not working,11,5,6
S01007187,All parents aged 16 and over with dependent children,110,73,37
S01007187,Couple family: Total,80,54,26
S01007187,Couple family: Both parents working,62,40,22
S01007187,Couple family: One parent working,18,14,4
S01007187,Couple family: No parents working,0,0,0
S01007187,Lone parent family: Total,30,19,11
S01007187,Lone parent family: Parent working,16,9,7
S01007187,Lone parent family: Parent not working,14,10,4
S01007188,All parents aged 16 and over with dependent children,99,56,43
S01007188,Couple family: Total,78,44,34
S01007188,Couple family: Both parents working,54,32,22
S01007188,Couple family: One parent working,18,8,10
S01007188,Couple family: No parents working,6,4,2
S01007188,Lone parent family: Total,21,12,9
S01007188,Lone parent family: Parent working,12,6,6
S01007188,Lone parent family: Parent not working,9,6,3
S01007189,All parents aged 16 and over with dependent children,109,49,60
S01007189,Couple family: Total,90,40,50
S01007189,Couple family: Both parents working,54,22,32
S01007189,Couple family: One parent working,32,14,18
S01007189,Couple family: No parents working,4,4,0
S01007189,Lone parent family: Total,19,9,10
S01007189,Lone parent family: Parent working,8,5,3
S01007189,Lone parent family: Parent not working,11,4,7
S01007190,All parents aged 16 and over with dependent children,132,58,74
S01007190,Couple family: Total,116,50,66
S01007190,Couple family: Both parents working,100,42,58
S01007190,Couple family: One parent working,12,4,8
S01007190,Couple family: No parents working,4,4,0
S01007190,Lone parent family: Total,16,8,8
S01007190,Lone parent family: Parent working,12,7,5
S01007190,Lone parent family: Parent not working,4,1,3
S01007191,All parents aged 16 and over with dependent children,111,47,64
S01007191,Couple family: Total,86,36,50
S01007191,Couple family: Both parents working,60,28,32
S01007191,Couple family: One parent working,16,6,10
S01007191,Couple family: No parents working,10,2,8
S01007191,Lone parent family: Total,25,11,14
S01007191,Lone parent family: Parent working,17,7,10
S01007191,Lone parent family: Parent not working,8,4,4
S01007192,All parents aged 16 and over with dependent children,119,60,59
S01007192,Couple family: Total,86,44,42
S01007192,Couple family: Both parents working,54,30,24
S01007192,Couple family: One parent working,24,8,16
S01007192,Couple family: No parents working,8,6,2
S01007192,Lone parent family: Total,33,16,17
S01007192,Lone parent family: Parent working,22,11,11
S01007192,Lone parent family: Parent not working,11,5,6
S01007193,All parents aged 16 and over with dependent children,172,72,100
S01007193,Couple family: Total,142,58,84
S01007193,Couple family: Both parents working,90,46,44
S01007193,Couple family: One parent working,30,10,20
S01007193,Couple family: No parents working,22,2,20
S01007193,Lone parent family: Total,30,14,16
S01007193,Lone parent family: Parent working,20,11,9
S01007193,Lone parent family: Parent not working,10,3,7
S01007194,All parents aged 16 and over with dependent children,147,46,101
S01007194,Couple family: Total,92,24,68
S01007194,Couple family: Both parents working,44,10,34
S01007194,Couple family: One parent working,38,12,26
S01007194,Couple family: No parents working,10,2,8
S01007194,Lone parent family: Total,55,22,33
S01007194,Lone parent family: Parent working,28,16,12
S01007194,Lone parent family: Parent not working,27,6,21
S01007195,All parents aged 16 and over with dependent children,142,62,80
S01007195,Couple family: Total,104,46,58
S01007195,Couple family: Both parents working,58,28,30
S01007195,Couple family: One parent working,36,14,22
S01007195,Couple family: No parents working,10,4,6
S01007195,Lone parent family: Total,38,16,22
S01007195,Lone parent family: Parent working,23,12,11
S01007195,Lone parent family: Parent not working,15,4,11
S01007196,All parents aged 16 and over with dependent children,218,81,137
S01007196,Couple family: Total,170,64,106
S01007196,Couple family: Both parents working,96,46,50
S01007196,Couple family: One parent working,66,16,50
S01007196,Couple family: No parents working,8,2,6
S01007196,Lone parent family: Total,48,17,31
S01007196,Lone parent family: Parent working,22,9,13
S01007196,Lone parent family: Parent not working,26,8,18
S01007197,All parents aged 16 and over with dependent children,167,80,87
S01007197,Couple family: Total,108,46,62
S01007197,Couple family: Both parents working,50,24,26
S01007197,Couple family: One parent working,40,14,26
S01007197,Couple family: No parents working,18,8,10
S01007197,Lone parent family: Total,59,34,25
S01007197,Lone parent family: Parent working,34,21,13
S01007197,Lone parent family: Parent not working,25,13,12
S01007198,All parents aged 16 and over with dependent children,122,57,65
S01007198,Couple family: Total,84,36,48
S01007198,Couple family: Both parents working,44,22,22
S01007198,Couple family: One parent working,30,12,18
S01007198,Couple family: No parents working,10,2,8
S01007198,Lone parent family: Total,38,21,17
S01007198,Lone parent family: Parent working,22,11,11
S01007198,Lone parent family: Parent not working,16,10,6
S01007199,All parents aged 16 and over with dependent children,173,76,97
S01007199,Couple family: Total,124,52,72
S01007199,Couple family: Both parents working,60,32,28
S01007199,Couple family: One parent working,42,12,30
S01007199,Couple family: No parents working,22,8,14
S01007199,Lone parent family: Total,49,24,25
S01007199,Lone parent family: Parent working,25,13,12
S01007199,Lone parent family: Parent not working,24,11,13
S01007200,All parents aged 16 and over with dependent children,167,88,79
S01007200,Couple family: Total,134,66,68
S01007200,Couple family: Both parents working,96,54,42
S01007200,Couple family: One parent working,34,10,24
S01007200,Couple family: No parents working,4,2,2
S01007200,Lone parent family: Total,33,22,11
S01007200,Lone parent family: Parent working,23,13,10
S01007200,Lone parent family: Parent not working,10,9,1
S01007201,All parents aged 16 and over with dependent children,145,90,55
S01007201,Couple family: Total,120,74,46
S01007201,Couple family: Both parents working,78,46,32
S01007201,Couple family: One parent working,36,28,8
S01007201,Couple family: No parents working,6,0,6
S01007201,Lone parent family: Total,25,16,9
S01007201,Lone parent family: Parent working,21,14,7
S01007201,Lone parent family: Parent not working,4,2,2
S01007202,All parents aged 16 and over with dependent children,135,73,62
S01007202,Couple family: Total,104,54,50
S01007202,Couple family: Both parents working,62,36,26
S01007202,Couple family: One parent working,30,14,16
S01007202,Couple family: No parents working,12,4,8
S01007202,Lone parent family: Total,31,19,12
S01007202,Lone parent family: Parent working,17,11,6
S01007202,Lone parent family: Parent not working,14,8,6
S01007203,All parents aged 16 and over with dependent children,140,56,84
S01007203,Couple family: Total,122,46,76
S01007203,Couple family: Both parents working,86,34,52
S01007203,Couple family: One parent working,36,12,24
S01007203,Couple family: No parents working,0,0,0
S01007203,Lone parent family: Total,18,10,8
S01007203,Lone parent family: Parent working,12,7,5
S01007203,Lone parent family: Parent not working,6,3,3
S01007204,All parents aged 16 and over with dependent children,173,76,97
S01007204,Couple family: Total,150,68,82
S01007204,Couple family: Both parents working,106,48,58
S01007204,Couple family: One parent working,38,18,20
S01007204,Couple family: No parents working,6,2,4
S01007204,Lone parent family: Total,23,8,15
S01007204,Lone parent family: Parent working,14,4,10
S01007204,Lone parent family: Parent not working,9,4,5
S01007205,All parents aged 16 and over with dependent children,119,56,63
S01007205,Couple family: Total,106,48,58
S01007205,Couple family: Both parents working,72,32,40
S01007205,Couple family: One parent working,30,16,14
S01007205,Couple family: No parents working,4,0,4
S01007205,Lone parent family: Total,13,8,5
S01007205,Lone parent family: Parent working,9,6,3
S01007205,Lone parent family: Parent not working,4,2,2
S01007206,All parents aged 16 and over with dependent children,76,37,39
S01007206,Couple family: Total,68,34,34
S01007206,Couple family: Both parents working,46,22,24
S01007206,Couple family: One parent working,18,10,8
S01007206,Couple family: No parents working,4,2,2
S01007206,Lone parent family: Total,8,3,5
S01007206,Lone parent family: Parent working,5,1,4
S01007206,Lone parent family: Parent not working,3,2,1
S01007207,All parents aged 16 and over with dependent children,164,61,103
S01007207,Couple family: Total,134,44,90
S01007207,Couple family: Both parents working,90,28,62
S01007207,Couple family: One parent working,36,14,22
S01007207,Couple family: No parents working,8,2,6
S01007207,Lone parent family: Total,30,17,13
S01007207,Lone parent family: Parent working,22,14,8
S01007207,Lone parent family: Parent not working,8,3,5
S01007208,All parents aged 16 and over with dependent children,178,80,98
S01007208,Couple family: Total,118,48,70
S01007208,Couple family: Both parents working,64,24,40
S01007208,Couple family: One parent working,46,18,28
S01007208,Couple family: No parents working,8,6,2
S01007208,Lone parent family: Total,60,32,28
S01007208,Lone parent family: Parent working,28,16,12
S01007208,Lone parent family: Parent not working,32,16,16
S01007209,All parents aged 16 and over with dependent children,108,64,44
S01007209,Couple family: Total,76,44,32
S01007209,Couple family: Both parents working,48,28,20
S01007209,Couple family: One parent working,16,10,6
S01007209,Couple family: No parents working,12,6,6
S01007209,Lone parent family: Total,32,20,12
S01007209,Lone parent family: Parent working,21,13,8
S01007209,Lone parent family: Parent not working,11,7,4
S01007210,All parents aged 16 and over with dependent children,153,74,79
S01007210,Couple family: Total,124,56,68
S01007210,Couple family: Both parents working,70,38,32
S01007210,Couple family: One parent working,42,12,30
S01007210,Couple family: No parents working,12,6,6
S01007210,Lone parent family: Total,29,18,11
S01007210,Lone parent family: Parent working,16,11,5
S01007210,Lone parent family: Parent not working,13,7,6
S01007211,All parents aged 16 and over with dependent children,167,68,99
S01007211,Couple family: Total,124,48,76
S01007211,Couple family: Both parents working,76,28,48
S01007211,Couple family: One parent working,34,12,22
S01007211,Couple family: No parents working,14,8,6
S01007211,Lone parent family: Total,43,20,23
S01007211,Lone parent family: Parent working,26,14,12
S01007211,Lone parent family: Parent not working,17,6,11
S01007212,All parents aged 16 and over with dependent children,99,42,57
S01007212,Couple family: Total,86,38,48
S01007212,Couple family: Both parents working,50,24,26
S01007212,Couple family: One parent working,34,12,22
S01007212,Couple family: No parents working,2,2,0
S01007212,Lone parent family: Total,13,4,9
S01007212,Lone parent family: Parent working,5,3,2
S01007212,Lone parent family: Parent not working,8,1,7
S01007213,All parents aged 16 and over with dependent children,146,74,72
S01007213,Couple family: Total,126,62,64
S01007213,Couple family: Both parents working,88,46,42
S01007213,Couple family: One parent working,32,14,18
S01007213,Couple family: No parents working,6,2,4
S01007213,Lone parent family: Total,20,12,8
S01007213,Lone parent family: Parent working,14,8,6
S01007213,Lone parent family: Parent not working,6,4,2
S01007214,All parents aged 16 and over with dependent children,100,64,36
S01007214,Couple family: Total,78,48,30
S01007214,Couple family: Both parents working,52,32,20
S01007214,Couple family: One parent working,18,10,8
S01007214,Couple family: No parents working,8,6,2
S01007214,Lone parent family: Total,22,16,6
S01007214,Lone parent family: Parent working,11,8,3
S01007214,Lone parent family: Parent not working,11,8,3
S01007215,All parents aged 16 and over with dependent children,144,77,67
S01007215,Couple family: Total,118,62,56
S01007215,Couple family: Both parents working,86,50,36
S01007215,Couple family: One parent working,26,10,16
S01007215,Couple family: No parents working,6,2,4
S01007215,Lone parent family: Total,26,15,11
S01007215,Lone parent family: Parent working,13,7,6
S01007215,Lone parent family: Parent not working,13,8,5
S01007216,All parents aged 16 and over with dependent children,128,52,76
S01007216,Couple family: Total,112,44,68
S01007216,Couple family: Both parents working,78,36,42
S01007216,Couple family: One parent working,26,8,18
S01007216,Couple family: No parents working,8,0,8
S01007216,Lone parent family: Total,16,8,8
S01007216,Lone parent family: Parent working,13,6,7
S01007216,Lone parent family: Parent not working,3,2,1
S01007217,All parents aged 16 and over with dependent children,188,90,98
S01007217,Couple family: Total,142,58,84
S01007217,Couple family: Both parents working,92,42,50
S01007217,Couple family: One parent working,38,10,28
S01007217,Couple family: No parents working,12,6,6
S01007217,Lone parent family: Total,46,32,14
S01007217,Lone parent family: Parent working,30,21,9
S01007217,Lone parent family: Parent not working,16,11,5
S01007218,All parents aged 16 and over with dependent children,186,76,110
S01007218,Couple family: Total,174,70,104
S01007218,Couple family: Both parents working,116,50,66
S01007218,Couple family: One parent working,56,20,36
S01007218,Couple family: No parents working,2,0,2
S01007218,Lone parent family: Total,12,6,6
S01007218,Lone parent family: Parent working,10,5,5
S01007218,Lone parent family: Parent not working,2,1,1
S01007219,All parents aged 16 and over with dependent children,164,86,78
S01007219,Couple family: Total,134,68,66
S01007219,Couple family: Both parents working,100,52,48
S01007219,Couple family: One parent working,24,14,10
S01007219,Couple family: No parents working,10,2,8
S01007219,Lone parent family: Total,30,18,12
S01007219,Lone parent family: Parent working,21,13,8
S01007219,Lone parent family: Parent not working,9,5,4
S01007220,All parents aged 16 and over with dependent children,158,62,96
S01007220,Couple family: Total,140,52,88
S01007220,Couple family: Both parents working,106,40,66
S01007220,Couple family: One parent working,34,12,22
S01007220,Couple family: No parents working,0,0,0
S01007220,Lone parent family: Total,18,10,8
S01007220,Lone parent family: Parent working,14,9,5
S01007220,Lone parent family: Parent not working,4,1,3
S01007221,All parents aged 16 and over with dependent children,183,62,121
S01007221,Couple family: Total,170,58,112
S01007221,Couple family: Both parents working,122,50,72
S01007221,Couple family: One parent working,44,6,38
S01007221,Couple family: No parents working,4,2,2
S01007221,Lone parent family: Total,13,4,9
S01007221,Lone parent family: Parent working,8,2,6
S01007221,Lone parent family: Parent not working,5,2,3
S01007222,All parents aged 16 and over with dependent children,194,98,96
S01007222,Couple family: Total,160,76,84
S01007222,Couple family: Both parents working,100,50,50
S01007222,Couple family: One parent working,44,16,28
S01007222,Couple family: No parents working,16,10,6
S01007222,Lone parent family: Total,34,22,12
S01007222,Lone parent family: Parent working,12,8,4
S01007222,Lone parent family: Parent not working,22,14,8
S01007223,All parents aged 16 and over with dependent children,144,64,80
S01007223,Couple family: Total,138,60,78
S01007223,Couple family: Both parents working,104,46,58
S01007223,Couple family: One parent working,32,14,18
S01007223,Couple family: No parents working,2,0,2
S01007223,Lone parent family: Total,6,4,2
S01007223,Lone parent family: Parent working,5,3,2
S01007223,Lone parent family: Parent not working,1,1,0
S01007224,All parents aged 16 and over with dependent children,143,66,77
S01007224,Couple family: Total,124,54,70
S01007224,Couple family: Both parents working,94,42,52
S01007224,Couple family: One parent working,28,10,18
S01007224,Couple family: No parents working,2,2,0
S01007224,Lone parent family: Total,19,12,7
S01007224,Lone parent family: Parent working,13,9,4
S01007224,Lone parent family: Parent not working,6,3,3
S01007225,All parents aged 16 and over with dependent children,183,64,119
S01007225,Couple family: Total,168,56,112
S01007225,Couple family: Both parents working,116,42,74
S01007225,Couple family: One parent working,48,12,36
S01007225,Couple family: No parents working,4,2,2
S01007225,Lone parent family: Total,15,8,7
S01007225,Lone parent family: Parent working,10,6,4
S01007225,Lone parent family: Parent not working,5,2,3
S01007226,All parents aged 16 and over with dependent children,166,81,85
S01007226,Couple family: Total,156,76,80
S01007226,Couple family: Both parents working,114,58,56
S01007226,Couple family: One parent working,36,14,22
S01007226,Couple family: No parents working,6,4,2
S01007226,Lone parent family: Total,10,5,5
S01007226,Lone parent family: Parent working,7,3,4
S01007226,Lone parent family: Parent not working,3,2,1
S01007227,All parents aged 16 and over with dependent children,200,68,132
S01007227,Couple family: Total,178,54,124
S01007227,Couple family: Both parents working,138,36,102
S01007227,Couple family: One parent working,36,16,20
S01007227,Couple family: No parents working,4,2,2
S01007227,Lone parent family: Total,22,14,8
S01007227,Lone parent family: Parent working,19,11,8
S01007227,Lone parent family: Parent not working,3,3,0
S01007228,All parents aged 16 and over with dependent children,162,69,93
S01007228,Couple family: Total,152,64,88
S01007228,Couple family: Both parents working,100,34,66
S01007228,Couple family: One parent working,42,22,20
S01007228,Couple family: No parents working,10,8,2
S01007228,Lone parent family: Total,10,5,5
S01007228,Lone parent family: Parent working,8,4,4
S01007228,Lone parent family: Parent not working,2,1,1
S01007229,All parents aged 16 and over with dependent children,224,94,130
S01007229,Couple family: Total,212,88,124
S01007229,Couple family: Both parents working,146,54,92
S01007229,Couple family: One parent working,52,26,26
S01007229,Couple family: No parents working,14,8,6
S01007229,Lone parent family: Total,12,6,6
S01007229,Lone parent family: Parent working,9,4,5
S01007229,Lone parent family: Parent not working,3,2,1
S01007230,All parents aged 16 and over with dependent children,184,89,95
S01007230,Couple family: Total,150,68,82
S01007230,Couple family: Both parents working,90,38,52
S01007230,Couple family: One parent working,54,26,28
S01007230,Couple family: No parents working,6,4,2
S01007230,Lone parent family: Total,34,21,13
S01007230,Lone parent family: Parent working,23,15,8
S01007230,Lone parent family: Parent not working,11,6,5
S01007231,All parents aged 16 and over with dependent children,136,59,77
S01007231,Couple family: Total,98,36,62
S01007231,Couple family: Both parents working,60,22,38
S01007231,Couple family: One parent working,30,12,18
S01007231,Couple family: No parents working,8,2,6
S01007231,Lone parent family: Total,38,23,15
S01007231,Lone parent family: Parent working,17,10,7
S01007231,Lone parent family: Parent not working,21,13,8
S01007232,All parents aged 16 and over with dependent children,132,69,63
S01007232,Couple family: Total,94,44,50
S01007232,Couple family: Both parents working,60,28,32
S01007232,Couple family: One parent working,22,14,8
S01007232,Couple family: No parents working,12,2,10
S01007232,Lone parent family: Total,38,25,13
S01007232,Lone parent family: Parent working,18,14,4
S01007232,Lone parent family: Parent not working,20,11,9
S01007233,All parents aged 16 and over with dependent children,150,60,90
S01007233,Couple family: Total,124,44,80
S01007233,Couple family: Both parents working,84,34,50
S01007233,Couple family: One parent working,38,10,28
S01007233,Couple family: No parents working,2,0,2
S01007233,Lone parent family: Total,26,16,10
S01007233,Lone parent family: Parent working,16,12,4
S01007233,Lone parent family: Parent not working,10,4,6
S01007234,All parents aged 16 and over with dependent children,129,43,86
S01007234,Couple family: Total,112,36,76
S01007234,Couple family: Both parents working,80,30,50
S01007234,Couple family: One parent working,26,4,22
S01007234,Couple family: No parents working,6,2,4
S01007234,Lone parent family: Total,17,7,10
S01007234,Lone parent family: Parent working,11,4,7
S01007234,Lone parent family: Parent not working,6,3,3
S01007235,All parents aged 16 and over with dependent children,127,64,63
S01007235,Couple family: Total,98,44,54
S01007235,Couple family: Both parents working,58,16,42
S01007235,Couple family: One parent working,26,18,8
S01007235,Couple family: No parents working,14,10,4
S01007235,Lone parent family: Total,29,20,9
S01007235,Lone parent family: Parent working,17,12,5
S01007235,Lone parent family: Parent not working,12,8,4
S01007236,All parents aged 16 and over with dependent children,120,50,70
S01007236,Couple family: Total,102,38,64
S01007236,Couple family: Both parents working,78,30,48
S01007236,Couple family: One parent working,24,8,16
S01007236,Couple family: No parents working,0,0,0
S01007236,Lone parent family: Total,18,12,6
S01007236,Lone parent family: Parent working,11,8,3
S01007236,Lone parent family: Parent not working,7,4,3
S01007237,All parents aged 16 and over with dependent children,140,60,80
S01007237,Couple family: Total,124,50,74
S01007237,Couple family: Both parents working,92,44,48
S01007237,Couple family: One parent working,26,4,22
S01007237,Couple family: No parents working,6,2,4
S01007237,Lone parent family: Total,16,10,6
S01007237,Lone parent family: Parent working,13,9,4
S01007237,Lone parent family: Parent not working,3,1,2
S01007238,All parents aged 16 and over with dependent children,176,93,83
S01007238,Couple family: Total,158,86,72
S01007238,Couple family: Both parents working,120,74,46
S01007238,Couple family: One parent working,30,6,24
S01007238,Couple family: No parents working,8,6,2
S01007238,Lone parent family: Total,18,7,11
S01007238,Lone parent family: Parent working,10,6,4
S01007238,Lone parent family: Parent not working,8,1,7
S01007239,All parents aged 16 and over with dependent children,126,44,82
S01007239,Couple family: Total,112,40,72
S01007239,Couple family: Both parents working,74,24,50
S01007239,Couple family: One parent working,30,12,18
S01007239,Couple family: No parents working,8,4,4
S01007239,Lone parent family: Total,14,4,10
S01007239,Lone parent family: Parent working,9,3,6
S01007239,Lone parent family: Parent not working,5,1,4
S01007240,All parents aged 16 and over with dependent children,89,31,58
S01007240,Couple family: Total,84,28,56
S01007240,Couple family: Both parents working,68,22,46
S01007240,Couple family: One parent working,16,6,10
S01007240,Couple family: No parents working,0,0,0
S01007240,Lone parent family: Total,5,3,2
S01007240,Lone parent family: Parent working,1,1,0
S01007240,Lone parent family: Parent not working,4,2,2
S01007241,All parents aged 16 and over with dependent children,133,62,71
S01007241,Couple family: Total,126,56,70
S01007241,Couple family: Both parents working,106,46,60
S01007241,Couple family: One parent working,18,8,10
S01007241,Couple family: No parents working,2,2,0
S01007241,Lone parent family: Total,7,6,1
S01007241,Lone parent family: Parent working,6,5,1
S01007241,Lone parent family: Parent not working,1,1,0
S01007242,All parents aged 16 and over with dependent children,188,79,109
S01007242,Couple family: Total,162,64,98
S01007242,Couple family: Both parents working,126,50,76
S01007242,Couple family: One parent working,36,14,22
S01007242,Couple family: No parents working,0,0,0
S01007242,Lone parent family: Total,26,15,11
S01007242,Lone parent family: Parent working,14,7,7
S01007242,Lone parent family: Parent not working,12,8,4
S01007243,All parents aged 16 and over with dependent children,123,77,46
S01007243,Couple family: Total,118,76,42
S01007243,Couple family: Both parents working,92,64,28
S01007243,Couple family: One parent working,26,12,14
S01007243,Couple family: No parents working,0,0,0
S01007243,Lone parent family: Total,5,1,4
S01007243,Lone parent family: Parent working,4,1,3
S01007243,Lone parent family: Parent not working,1,0,1
S01007244,All parents aged 16 and over with dependent children,124,61,63
S01007244,Couple family: Total,118,56,62
S01007244,Couple family: Both parents working,90,44,46
S01007244,Couple family: One parent working,22,10,12
S01007244,Couple family: No parents working,6,2,4
S01007244,Lone parent family: Total,6,5,1
S01007244,Lone parent family: Parent working,5,5,0
S01007244,Lone parent family: Parent not working,1,0,1
S01007245,All parents aged 16 and over with dependent children,108,64,44
S01007245,Couple family: Total,96,58,38
S01007245,Couple family: Both parents working,68,46,22
S01007245,Couple family: One parent working,26,12,14
S01007245,Couple family: No parents working,2,0,2
S01007245,Lone parent family: Total,12,6,6
S01007245,Lone parent family: Parent working,9,5,4
S01007245,Lone parent family: Parent not working,3,1,2
S01007246,All parents aged 16 and over with dependent children,108,39,69
S01007246,Couple family: Total,102,34,68
S01007246,Couple family: Both parents working,86,28,58
S01007246,Couple family: One parent working,16,6,10
S01007246,Couple family: No parents working,0,0,0
S01007246,Lone parent family: Total,6,5,1
S01007246,Lone parent family: Parent working,2,2,0
S01007246,Lone parent family: Parent not working,4,3,1
S01007247,All parents aged 16 and over with dependent children,124,52,72
S01007247,Couple family: Total,112,48,64
S01007247,Couple family: Both parents working,88,42,46
S01007247,Couple family: One parent working,16,4,12
S01007247,Couple family: No parents working,8,2,6
S01007247,Lone parent family: Total,12,4,8
S01007247,Lone parent family: Parent working,10,4,6
S01007247,Lone parent family: Parent not working,2,0,2
S01007248,All parents aged 16 and over with dependent children,156,61,95
S01007248,Couple family: Total,148,56,92
S01007248,Couple family: Both parents working,122,48,74
S01007248,Couple family: One parent working,26,8,18
S01007248,Couple family: No parents working,0,0,0
S01007248,Lone parent family: Total,8,5,3
S01007248,Lone parent family: Parent working,8,5,3
S01007248,Lone parent family: Parent not working,0,0,0
S01007249,All parents aged 16 and over with dependent children,71,35,36
S01007249,Couple family: Total,60,30,30
S01007249,Couple family: Both parents working,48,24,24
S01007249,Couple family: One parent working,12,6,6
S01007249,Couple family: No parents working,0,0,0
S01007249,Lone parent family: Total,11,5,6
S01007249,Lone parent family: Parent working,7,2,5
S01007249,Lone parent family: Parent not working,4,3,1
S01007250,All parents aged 16 and over with dependent children,133,65,68
S01007250,Couple family: Total,114,50,64
S01007250,Couple family: Both parents working,80,36,44
S01007250,Couple family: One parent working,28,12,16
S01007250,Couple family: No parents working,6,2,4
S01007250,Lone parent family: Total,19,15,4
S01007250,Lone parent family: Parent working,16,12,4
S01007250,Lone parent family: Parent not working,3,3,0
S01007251,All parents aged 16 and over with dependent children,103,33,70
S01007251,Couple family: Total,88,30,58
S01007251,Couple family: Both parents working,66,22,44
S01007251,Couple family: One parent working,20,8,12
S01007251,Couple family: No parents working,2,0,2
S01007251,Lone parent family: Total,15,3,12
S01007251,Lone parent family: Parent working,9,2,7
S01007251,Lone parent family: Parent not working,6,1,5
S01007252,All parents aged 16 and over with dependent children,182,72,110
S01007252,Couple family: Total,146,54,92
S01007252,Couple family: Both parents working,118,44,74
S01007252,Couple family: One parent working,26,10,16
S01007252,Couple family: No parents working,2,0,2
S01007252,Lone parent family: Total,36,18,18
S01007252,Lone parent family: Parent working,17,10,7
S01007252,Lone parent family: Parent not working,19,8,11
S01007253,All parents aged 16 and over with dependent children,149,65,84
S01007253,Couple family: Total,136,60,76
S01007253,Couple family: Both parents working,116,54,62
S01007253,Couple family: One parent working,14,4,10
S01007253,Couple family: No parents working,6,2,4
S01007253,Lone parent family: Total,13,5,8
S01007253,Lone parent family: Parent working,8,2,6
S01007253,Lone parent family: Parent not working,5,3,2
S01007254,All parents aged 16 and over with dependent children,157,80,77
S01007254,Couple family: Total,128,62,66
S01007254,Couple family: Both parents working,90,48,42
S01007254,Couple family: One parent working,32,12,20
S01007254,Couple family: No parents working,6,2,4
S01007254,Lone parent family: Total,29,18,11
S01007254,Lone parent family: Parent working,17,11,6
S01007254,Lone parent family: Parent not working,12,7,5
S01007255,All parents aged 16 and over with dependent children,173,99,74
S01007255,Couple family: Total,120,62,58
S01007255,Couple family: Both parents working,70,42,28
S01007255,Couple family: One parent working,44,14,30
S01007255,Couple family: No parents working,6,6,0
S01007255,Lone parent family: Total,53,37,16
S01007255,Lone parent family: Parent working,23,17,6
S01007255,Lone parent family: Parent not working,30,20,10
S01007256,All parents aged 16 and over with dependent children,152,81,71
S01007256,Couple family: Total,118,64,54
S01007256,Couple family: Both parents working,80,50,30
S01007256,Couple family: One parent working,34,12,22
S01007256,Couple family: No parents working,4,2,2
S01007256,Lone parent family: Total,34,17,17
S01007256,Lone parent family: Parent working,20,11,9
S01007256,Lone parent family: Parent not working,14,6,8
S01007257,All parents aged 16 and over with dependent children,126,66,60
S01007257,Couple family: Total,86,40,46
S01007257,Couple family: Both parents working,46,24,22
S01007257,Couple family: One parent working,32,14,18
S01007257,Couple family: No parents working,8,2,6
S01007257,Lone parent family: Total,40,26,14
S01007257,Lone parent family: Parent working,26,19,7
S01007257,Lone parent family: Parent not working,14,7,7
S01007258,All parents aged 16 and over with dependent children,169,55,114
S01007258,Couple family: Total,142,48,94
S01007258,Couple family: Both parents working,100,36,64
S01007258,Couple family: One parent working,36,10,26
S01007258,Couple family: No parents working,6,2,4
S01007258,Lone parent family: Total,27,7,20
S01007258,Lone parent family: Parent working,12,2,10
S01007258,Lone parent family: Parent not working,15,5,10
S01007259,All parents aged 16 and over with dependent children,169,93,76
S01007259,Couple family: Total,140,74,66
S01007259,Couple family: Both parents working,94,52,42
S01007259,Couple family: One parent working,36,16,20
S01007259,Couple family: No parents working,10,6,4
S01007259,Lone parent family: Total,29,19,10
S01007259,Lone parent family: Parent working,17,11,6
S01007259,Lone parent family: Parent not working,12,8,4
S01007260,All parents aged 16 and over with dependent children,192,101,91
S01007260,Couple family: Total,128,62,66
S01007260,Couple family: Both parents working,84,44,40
S01007260,Couple family: One parent working,36,12,24
S01007260,Couple family: No parents working,8,6,2
S01007260,Lone parent family: Total,64,39,25
S01007260,Lone parent family: Parent working,29,24,5
S01007260,Lone parent family: Parent not working,35,15,20
S01007261,All parents aged 16 and over with dependent children,141,77,64
S01007261,Couple family: Total,130,70,60
S01007261,Couple family: Both parents working,110,56,54
S01007261,Couple family: One parent working,16,10,6
S01007261,Couple family: No parents working,4,4,0
S01007261,Lone parent family: Total,11,7,4
S01007261,Lone parent family: Parent working,5,2,3
S01007261,Lone parent family: Parent not working,6,5,1
S01007262,All parents aged 16 and over with dependent children,143,54,89
S01007262,Couple family: Total,120,42,78
S01007262,Couple family: Both parents working,94,38,56
S01007262,Couple family: One parent working,24,4,20
S01007262,Couple family: No parents working,2,0,2
S01007262,Lone parent family: Total,23,12,11
S01007262,Lone parent family: Parent working,16,9,7
S01007262,Lone parent family: Parent not working,7,3,4
S01007263,All parents aged 16 and over with dependent children,134,54,80
S01007263,Couple family: Total,108,42,66
S01007263,Couple family: Both parents working,92,38,54
S01007263,Couple family: One parent working,16,4,12
S01007263,Couple family: No parents working,0,0,0
S01007263,Lone parent family: Total,26,12,14
S01007263,Lone parent family: Parent working,13,9,4
S01007263,Lone parent family: Parent not working,13,3,10
S01007264,All parents aged 16 and over with dependent children,130,43,87
S01007264,Couple family: Total,118,36,82
S01007264,Couple family: Both parents working,88,30,58
S01007264,Couple family: One parent working,24,2,22
S01007264,Couple family: No parents working,6,4,2
S01007264,Lone parent family: Total,12,7,5
S01007264,Lone parent family: Parent working,7,3,4
S01007264,Lone parent family: Parent not working,5,4,1
S01007265,All parents aged 16 and over with dependent children,220,90,130
S01007265,Couple family: Total,182,64,118
S01007265,Couple family: Both parents working,134,46,88
S01007265,Couple family: One parent working,38,12,26
S01007265,Couple family: No parents working,10,6,4
S01007265,Lone parent family: Total,38,26,12
S01007265,Lone parent family: Parent working,21,18,3
S01007265,Lone parent family: Parent not working,17,8,9
S01007266,All parents aged 16 and over with dependent children,112,56,56
S01007266,Couple family: Total,90,42,48
S01007266,Couple family: Both parents working,72,34,38
S01007266,Couple family: One parent working,18,8,10
S01007266,Couple family: No parents working,0,0,0
S01007266,Lone parent family: Total,22,14,8
S01007266,Lone parent family: Parent working,15,9,6
S01007266,Lone parent family: Parent not working,7,5,2
S01007267,All parents aged 16 and over with dependent children,101,35,66
S01007267,Couple family: Total,94,30,64
S01007267,Couple family: Both parents working,68,22,46
S01007267,Couple family: One parent working,26,8,18
S01007267,Couple family: No parents working,0,0,0
S01007267,Lone parent family: Total,7,5,2
S01007267,Lone parent family: Parent working,5,4,1
S01007267,Lone parent family: Parent not working,2,1,1
S01007268,All parents aged 16 and over with dependent children,120,56,64
S01007268,Couple family: Total,102,46,56
S01007268,Couple family: Both parents working,78,32,46
S01007268,Couple family: One parent working,22,12,10
S01007268,Couple family: No parents working,2,2,0
S01007268,Lone parent family: Total,18,10,8
S01007268,Lone parent family: Parent working,11,6,5
S01007268,Lone parent family: Parent not working,7,4,3
S01007269,All parents aged 16 and over with dependent children,122,64,58
S01007269,Couple family: Total,114,60,54
S01007269,Couple family: Both parents working,82,44,38
S01007269,Couple family: One parent working,28,16,12
S01007269,Couple family: No parents working,4,0,4
S01007269,Lone parent family: Total,8,4,4
S01007269,Lone parent family: Parent working,6,3,3
S01007269,Lone parent family: Parent not working,2,1,1
S01007270,All parents aged 16 and over with dependent children,79,30,49
S01007270,Couple family: Total,70,24,46
S01007270,Couple family: Both parents working,60,20,40
S01007270,Couple family: One parent working,10,4,6
S01007270,Couple family: No parents working,0,0,0
S01007270,Lone parent family: Total,9,6,3
S01007270,Lone parent family: Parent working,7,4,3
S01007270,Lone parent family: Parent not working,2,2,0
S01007271,All parents aged 16 and over with dependent children,183,89,94
S01007271,Couple family: Total,158,74,84
S01007271,Couple family: Both parents working,112,58,54
S01007271,Couple family: One parent working,42,16,26
S01007271,Couple family: No parents working,4,0,4
S01007271,Lone parent family: Total,25,15,10
S01007271,Lone parent family: Parent working,19,13,6
S01007271,Lone parent family: Parent not working,6,2,4
S01007272,All parents aged 16 and over with dependent children,210,105,105
S01007272,Couple family: Total,158,74,84
S01007272,Couple family: Both parents working,94,48,46
S01007272,Couple family: One parent working,50,18,32
S01007272,Couple family: No parents working,14,8,6
S01007272,Lone parent family: Total,52,31,21
S01007272,Lone parent family: Parent working,29,14,15
S01007272,Lone parent family: Parent not working,23,17,6
S01007273,All parents aged 16 and over with dependent children,155,90,65
S01007273,Couple family: Total,130,70,60
S01007273,Couple family: Both parents working,104,58,46
S01007273,Couple family: One parent working,22,12,10
S01007273,Couple family: No parents working,4,0,4
S01007273,Lone parent family: Total,25,20,5
S01007273,Lone parent family: Parent working,11,8,3
S01007273,Lone parent family: Parent not working,14,12,2
S01007274,All parents aged 16 and over with dependent children,135,66,69
S01007274,Couple family: Total,112,46,66
S01007274,Couple family: Both parents working,76,28,48
S01007274,Couple family: One parent working,34,16,18
S01007274,Couple family: No parents working,2,2,0
S01007274,Lone parent family: Total,23,20,3
S01007274,Lone parent family: Parent working,16,14,2
S01007274,Lone parent family: Parent not working,7,6,1
S01007275,All parents aged 16 and over with dependent children,99,37,62
S01007275,Couple family: Total,90,32,58
S01007275,Couple family: Both parents working,66,22,44
S01007275,Couple family: One parent working,22,8,14
S01007275,Couple family: No parents working,2,2,0
S01007275,Lone parent family: Total,9,5,4
S01007275,Lone parent family: Parent working,7,4,3
S01007275,Lone parent family: Parent not working,2,1,1
S01007276,All parents aged 16 and over with dependent children,178,70,108
S01007276,Couple family: Total,140,46,94
S01007276,Couple family: Both parents working,94,34,60
S01007276,Couple family: One parent working,32,10,22
S01007276,Couple family: No parents working,14,2,12
S01007276,Lone parent family: Total,38,24,14
S01007276,Lone parent family: Parent working,26,18,8
S01007276,Lone parent family: Parent not working,12,6,6
S01007277,All parents aged 16 and over with dependent children,139,52,87
S01007277,Couple family: Total,122,48,74
S01007277,Couple family: Both parents working,106,48,58
S01007277,Couple family: One parent working,16,0,16
S01007277,Couple family: No parents working,0,0,0
S01007277,Lone parent family: Total,17,4,13
S01007277,Lone parent family: Parent working,14,4,10
S01007277,Lone parent family: Parent not working,3,0,3
S01007278,All parents aged 16 and over with dependent children,127,49,78
S01007278,Couple family: Total,116,42,74
S01007278,Couple family: Both parents working,94,34,60
S01007278,Couple family: One parent working,20,8,12
S01007278,Couple family: No parents working,2,0,2
S01007278,Lone parent family: Total,11,7,4
S01007278,Lone parent family: Parent working,11,7,4
S01007278,Lone parent family: Parent not working,0,0,0
S01007279,All parents aged 16 and over with dependent children,98,29,69
S01007279,Couple family: Total,84,22,62
S01007279,Couple family: Both parents working,64,20,44
S01007279,Couple family: One parent working,20,2,18
S01007279,Couple family: No parents working,0,0,0
S01007279,Lone parent family: Total,14,7,7
S01007279,Lone parent family: Parent working,12,7,5
S01007279,Lone parent family: Parent not working,2,0,2
S01007280,All parents aged 16 and over with dependent children,111,30,81
S01007280,Couple family: Total,96,24,72
S01007280,Couple family: Both parents working,44,10,34
S01007280,Couple family: One parent working,46,12,34
S01007280,Couple family: No parents working,6,2,4
S01007280,Lone parent family: Total,15,6,9
S01007280,Lone parent family: Parent working,11,4,7
S01007280,Lone parent family: Parent not working,4,2,2
S01007281,All parents aged 16 and over with dependent children,194,74,120
S01007281,Couple family: Total,180,66,114
S01007281,Couple family: Both parents working,142,54,88
S01007281,Couple family: One parent working,30,6,24
S01007281,Couple family: No parents working,8,6,2
S01007281,Lone parent family: Total,14,8,6
S01007281,Lone parent family: Parent working,14,8,6
S01007281,Lone parent family: Parent not working,0,0,0
S01007282,All parents aged 16 and over with dependent children,117,47,70
S01007282,Couple family: Total,106,40,66
S01007282,Couple family: Both parents working,68,32,36
S01007282,Couple family: One parent working,32,8,24
S01007282,Couple family: No parents working,6,0,6
S01007282,Lone parent family: Total,11,7,4
S01007282,Lone parent family: Parent working,7,5,2
S01007282,Lone parent family: Parent not working,4,2,2
S01007283,All parents aged 16 and over with dependent children,179,69,110
S01007283,Couple family: Total,164,58,106
S01007283,Couple family: Both parents working,92,32,60
S01007283,Couple family: One parent working,68,26,42
S01007283,Couple family: No parents working,4,0,4
S01007283,Lone parent family: Total,15,11,4
S01007283,Lone parent family: Parent working,13,9,4
S01007283,Lone parent family: Parent not working,2,2,0
S01007284,All parents aged 16 and over with dependent children,152,59,93
S01007284,Couple family: Total,124,44,80
S01007284,Couple family: Both parents working,86,36,50
S01007284,Couple family: One parent working,32,8,24
S01007284,Couple family: No parents working,6,0,6
S01007284,Lone parent family: Total,28,15,13
S01007284,Lone parent family: Parent working,25,13,12
S01007284,Lone parent family: Parent not working,3,2,1
S01007285,All parents aged 16 and over with dependent children,169,69,100
S01007285,Couple family: Total,154,58,96
S01007285,Couple family: Both parents working,112,52,60
S01007285,Couple family: One parent working,38,6,32
S01007285,Couple family: No parents working,4,0,4
S01007285,Lone parent family: Total,15,11,4
S01007285,Lone parent family: Parent working,13,10,3
S01007285,Lone parent family: Parent not working,2,1,1
S01007286,All parents aged 16 and over with dependent children,186,92,94
S01007286,Couple family: Total,150,68,82
S01007286,Couple family: Both parents working,104,54,50
S01007286,Couple family: One parent working,40,12,28
S01007286,Couple family: No parents working,6,2,4
S01007286,Lone parent family: Total,36,24,12
S01007286,Lone parent family: Parent working,22,12,10
S01007286,Lone parent family: Parent not working,14,12,2
S01007287,All parents aged 16 and over with dependent children,95,35,60
S01007287,Couple family: Total,86,28,58
S01007287,Couple family: Both parents working,52,20,32
S01007287,Couple family: One parent working,26,6,20
S01007287,Couple family: No parents working,8,2,6
S01007287,Lone parent family: Total,9,7,2
S01007287,Lone parent family: Parent working,5,4,1
S01007287,Lone parent family: Parent not working,4,3,1
S01007288,All parents aged 16 and over with dependent children,77,27,50
S01007288,Couple family: Total,72,24,48
S01007288,Couple family: Both parents working,54,22,32
S01007288,Couple family: One parent working,16,0,16
S01007288,Couple family: No parents working,2,2,0
S01007288,Lone parent family: Total,5,3,2
S01007288,Lone parent family: Parent working,2,0,2
S01007288,Lone parent family: Parent not working,3,3,0
S01007289,All parents aged 16 and over with dependent children,164,78,86
S01007289,Couple family: Total,154,74,80
S01007289,Couple family: Both parents working,134,64,70
S01007289,Couple family: One parent working,20,10,10
S01007289,Couple family: No parents working,0,0,0
S01007289,Lone parent family: Total,10,4,6
S01007289,Lone parent family: Parent working,9,4,5
S01007289,Lone parent family: Parent not working,1,0,1
S01007290,All parents aged 16 and over with dependent children,282,117,165
S01007290,Couple family: Total,226,80,146
S01007290,Couple family: Both parents working,158,64,94
S01007290,Couple family: One parent working,58,16,42
S01007290,Couple family: No parents working,10,0,10
S01007290,Lone parent family: Total,56,37,19
S01007290,Lone parent family: Parent working,29,19,10
S01007290,Lone parent family: Parent not working,27,18,9
S01007291,All parents aged 16 and over with dependent children,106,48,58
S01007291,Couple family: Total,78,32,46
S01007291,Couple family: Both parents working,54,20,34
S01007291,Couple family: One parent working,22,10,12
S01007291,Couple family: No parents working,2,2,0
S01007291,Lone parent family: Total,28,16,12
S01007291,Lone parent family: Parent working,20,12,8
S01007291,Lone parent family: Parent not working,8,4,4
S01007292,All parents aged 16 and over with dependent children,178,79,99
S01007292,Couple family: Total,166,70,96
S01007292,Couple family: Both parents working,132,58,74
S01007292,Couple family: One parent working,30,10,20
S01007292,Couple family: No parents working,4,2,2
S01007292,Lone parent family: Total,12,9,3
S01007292,Lone parent family: Parent working,10,8,2
S01007292,Lone parent family: Parent not working,2,1,1
S01007293,All parents aged 16 and over with dependent children,194,96,98
S01007293,Couple family: Total,128,68,60
S01007293,Couple family: Both parents working,92,56,36
S01007293,Couple family: One parent working,32,10,22
S01007293,Couple family: No parents working,4,2,2
S01007293,Lone parent family: Total,66,28,38
S01007293,Lone parent family: Parent working,48,18,30
S01007293,Lone parent family: Parent not working,18,10,8
S01007294,All parents aged 16 and over with dependent children,159,77,82
S01007294,Couple family: Total,128,60,68
S01007294,Couple family: Both parents working,108,56,52
S01007294,Couple family: One parent working,14,4,10
S01007294,Couple family: No parents working,6,0,6
S01007294,Lone parent family: Total,31,17,14
S01007294,Lone parent family: Parent working,21,13,8
S01007294,Lone parent family: Parent not working,10,4,6
S01007295,All parents aged 16 and over with dependent children,85,50,35
S01007295,Couple family: Total,50,28,22
S01007295,Couple family: Both parents working,38,24,14
S01007295,Couple family: One parent working,8,2,6
S01007295,Couple family: No parents working,4,2,2
S01007295,Lone parent family: Total,35,22,13
S01007295,Lone parent family: Parent working,18,14,4
S01007295,Lone parent family: Parent not working,17,8,9
S01007296,All parents aged 16 and over with dependent children,51,31,20
S01007296,Couple family: Total,34,18,16
S01007296,Couple family: Both parents working,20,10,10
S01007296,Couple family: One parent working,12,6,6
S01007296,Couple family: No parents working,2,2,0
S01007296,Lone parent family: Total,17,13,4
S01007296,Lone parent family: Parent working,12,9,3
S01007296,Lone parent family: Parent not working,5,4,1
S01007297,All parents aged 16 and over with dependent children,151,80,71
S01007297,Couple family: Total,128,66,62
S01007297,Couple family: Both parents working,106,56,50
S01007297,Couple family: One parent working,14,6,8
S01007297,Couple family: No parents working,8,4,4
S01007297,Lone parent family: Total,23,14,9
S01007297,Lone parent family: Parent working,16,10,6
S01007297,Lone parent family: Parent not working,7,4,3
S01007298,All parents aged 16 and over with dependent children,114,55,59
S01007298,Couple family: Total,96,48,48
S01007298,Couple family: Both parents working,76,34,42
S01007298,Couple family: One parent working,16,14,2
S01007298,Couple family: No parents working,4,0,4
S01007298,Lone parent family: Total,18,7,11
S01007298,Lone parent family: Parent working,15,7,8
S01007298,Lone parent family: Parent not working,3,0,3
S01007299,All parents aged 16 and over with dependent children,157,90,67
S01007299,Couple family: Total,126,64,62
S01007299,Couple family: Both parents working,104,54,50
S01007299,Couple family: One parent working,22,10,12
S01007299,Couple family: No parents working,0,0,0
S01007299,Lone parent family: Total,31,26,5
S01007299,Lone parent family: Parent working,28,25,3
S01007299,Lone parent family: Parent not working,3,1,2
S01007300,All parents aged 16 and over with dependent children,89,43,46
S01007300,Couple family: Total,66,30,36
S01007300,Couple family: Both parents working,54,26,28
S01007300,Couple family: One parent working,12,4,8
S01007300,Couple family: No parents working,0,0,0
S01007300,Lone parent family: Total,23,13,10
S01007300,Lone parent family: Parent working,17,10,7
S01007300,Lone parent family: Parent not working,6,3,3
S01007301,All parents aged 16 and over with dependent children,148,65,83
S01007301,Couple family: Total,144,64,80
S01007301,Couple family: Both parents working,122,52,70
S01007301,Couple family: One parent working,22,12,10
S01007301,Couple family: No parents working,0,0,0
S01007301,Lone parent family: Total,4,1,3
S01007301,Lone parent family: Parent working,3,1,2
S01007301,Lone parent family: Parent not working,1,0,1
S01007302,All parents aged 16 and over with dependent children,113,34,79
S01007302,Couple family: Total,100,28,72
S01007302,Couple family: Both parents working,74,24,50
S01007302,Couple family: One parent working,24,4,20
S01007302,Couple family: No parents working,2,0,2
S01007302,Lone parent family: Total,13,6,7
S01007302,Lone parent family: Parent working,9,4,5
S01007302,Lone parent family: Parent not working,4,2,2
S01007303,All parents aged 16 and over with dependent children,174,64,110
S01007303,Couple family: Total,162,56,106
S01007303,Couple family: Both parents working,132,50,82
S01007303,Couple family: One parent working,26,4,22
S01007303,Couple family: No parents working,4,2,2
S01007303,Lone parent family: Total,12,8,4
S01007303,Lone parent family: Parent working,8,5,3
S01007303,Lone parent family: Parent not working,4,3,1
S01007304,All parents aged 16 and over with dependent children,114,54,60
S01007304,Couple family: Total,98,42,56
S01007304,Couple family: Both parents working,82,34,48
S01007304,Couple family: One parent working,12,4,8
S01007304,Couple family: No parents working,4,4,0
S01007304,Lone parent family: Total,16,12,4
S01007304,Lone parent family: Parent working,11,9,2
S01007304,Lone parent family: Parent not working,5,3,2
S01007305,All parents aged 16 and over with dependent children,159,65,94
S01007305,Couple family: Total,148,58,90
S01007305,Couple family: Both parents working,116,42,74
S01007305,Couple family: One parent working,28,16,12
S01007305,Couple family: No parents working,4,0,4
S01007305,Lone parent family: Total,11,7,4
S01007305,Lone parent family: Parent working,8,5,3
S01007305,Lone parent family: Parent not working,3,2,1
S01007306,All parents aged 16 and over with dependent children,167,71,96
S01007306,Couple family: Total,144,58,86
S01007306,Couple family: Both parents working,110,42,68
S01007306,Couple family: One parent working,34,16,18
S01007306,Couple family: No parents working,0,0,0
S01007306,Lone parent family: Total,23,13,10
S01007306,Lone parent family: Parent working,15,7,8
S01007306,Lone parent family: Parent not working,8,6,2
S01007307,All parents aged 16 and over with dependent children,140,53,87
S01007307,Couple family: Total,130,48,82
S01007307,Couple family: Both parents working,108,42,66
S01007307,Couple family: One parent working,20,6,14
S01007307,Couple family: No parents working,2,0,2
S01007307,Lone parent family: Total,10,5,5
S01007307,Lone parent family: Parent working,10,5,5
S01007307,Lone parent family: Parent not working,0,0,0
S01007308,All parents aged 16 and over with dependent children,130,46,84
S01007308,Couple family: Total,114,38,76
S01007308,Couple family: Both parents working,68,24,44
S01007308,Couple family: One parent working,40,12,28
S01007308,Couple family: No parents working,6,2,4
S01007308,Lone parent family: Total,16,8,8
S01007308,Lone parent family: Parent working,13,6,7
S01007308,Lone parent family: Parent not working,3,2,1
S01007309,All parents aged 16 and over with dependent children,100,44,56
S01007309,Couple family: Total,80,34,46
S01007309,Couple family: Both parents working,54,28,26
S01007309,Couple family: One parent working,26,6,20
S01007309,Couple family: No parents working,0,0,0
S01007309,Lone parent family: Total,20,10,10
S01007309,Lone parent family: Parent working,11,6,5
S01007309,Lone parent family: Parent not working,9,4,5
S01007310,All parents aged 16 and over with dependent children,141,45,96
S01007310,Couple family: Total,130,38,92
S01007310,Couple family: Both parents working,82,24,58
S01007310,Couple family: One parent working,38,12,26
S01007310,Couple family: No parents working,10,2,8
S01007310,Lone parent family: Total,11,7,4
S01007310,Lone parent family: Parent working,6,4,2
S01007310,Lone parent family: Parent not working,5,3,2
S01007311,All parents aged 16 and over with dependent children,132,57,75
S01007311,Couple family: Total,116,46,70
S01007311,Couple family: Both parents working,98,36,62
S01007311,Couple family: One parent working,16,8,8
S01007311,Couple family: No parents working,2,2,0
S01007311,Lone parent family: Total,16,11,5
S01007311,Lone parent family: Parent working,13,8,5
S01007311,Lone parent family: Parent not working,3,3,0
S01007312,All parents aged 16 and over with dependent children,134,35,99
S01007312,Couple family: Total,116,28,88
S01007312,Couple family: Both parents working,96,24,72
S01007312,Couple family: One parent working,18,4,14
S01007312,Couple family: No parents working,2,0,2
S01007312,Lone parent family: Total,18,7,11
S01007312,Lone parent family: Parent working,8,3,5
S01007312,Lone parent family: Parent not working,10,4,6
S01007313,All parents aged 16 and over with dependent children,162,54,108
S01007313,Couple family: Total,148,46,102
S01007313,Couple family: Both parents working,120,36,84
S01007313,Couple family: One parent working,24,8,16
S01007313,Couple family: No parents working,4,2,2
S01007313,Lone parent family: Total,14,8,6
S01007313,Lone parent family: Parent working,12,7,5
S01007313,Lone parent family: Parent not working,2,1,1
S01007314,All parents aged 16 and over with dependent children,129,59,70
S01007314,Couple family: Total,116,50,66
S01007314,Couple family: Both parents working,100,42,58
S01007314,Couple family: One parent working,10,4,6
S01007314,Couple family: No parents working,6,4,2
S01007314,Lone parent family: Total,13,9,4
S01007314,Lone parent family: Parent working,12,9,3
S01007314,Lone parent family: Parent not working,1,0,1
S01007315,All parents aged 16 and over with dependent children,196,84,112
S01007315,Couple family: Total,174,70,104
S01007315,Couple family: Both parents working,146,54,92
S01007315,Couple family: One parent working,20,8,12
S01007315,Couple family: No parents working,8,8,0
S01007315,Lone parent family: Total,22,14,8
S01007315,Lone parent family: Parent working,17,11,6
S01007315,Lone parent family: Parent not working,5,3,2
S01007316,All parents aged 16 and over with dependent children,142,56,86
S01007316,Couple family: Total,110,34,76
S01007316,Couple family: Both parents working,86,30,56
S01007316,Couple family: One parent working,24,4,20
S01007316,Couple family: No parents working,0,0,0
S01007316,Lone parent family: Total,32,22,10
S01007316,Lone parent family: Parent working,22,15,7
S01007316,Lone parent family: Parent not working,10,7,3
S01007317,All parents aged 16 and over with dependent children,166,78,88
S01007317,Couple family: Total,146,68,78
S01007317,Couple family: Both parents working,128,62,66
S01007317,Couple family: One parent working,14,6,8
S01007317,Couple family: No parents working,4,0,4
S01007317,Lone parent family: Total,20,10,10
S01007317,Lone parent family: Parent working,11,7,4
S01007317,Lone parent family: Parent not working,9,3,6
S01007318,All parents aged 16 and over with dependent children,141,59,82
S01007318,Couple family: Total,120,46,74
S01007318,Couple family: Both parents working,92,38,54
S01007318,Couple family: One parent working,22,8,14
S01007318,Couple family: No parents working,6,0,6
S01007318,Lone parent family: Total,21,13,8
S01007318,Lone parent family: Parent working,18,12,6
S01007318,Lone parent family: Parent not working,3,1,2
S01007319,All parents aged 16 and over with dependent children,140,74,66
S01007319,Couple family: Total,124,62,62
S01007319,Couple family: Both parents working,94,40,54
S01007319,Couple family: One parent working,28,20,8
S01007319,Couple family: No parents working,2,2,0
S01007319,Lone parent family: Total,16,12,4
S01007319,Lone parent family: Parent working,13,10,3
S01007319,Lone parent family: Parent not working,3,2,1
S01007320,All parents aged 16 and over with dependent children,141,62,79
S01007320,Couple family: Total,128,54,74
S01007320,Couple family: Both parents working,106,50,56
S01007320,Couple family: One parent working,20,4,16
S01007320,Couple family: No parents working,2,0,2
S01007320,Lone parent family: Total,13,8,5
S01007320,Lone parent family: Parent working,12,7,5
S01007320,Lone parent family: Parent not working,1,1,0
S01007321,All parents aged 16 and over with dependent children,84,33,51
S01007321,Couple family: Total,76,26,50
S01007321,Couple family: Both parents working,64,18,46
S01007321,Couple family: One parent working,8,4,4
S01007321,Couple family: No parents working,4,4,0
S01007321,Lone parent family: Total,8,7,1
S01007321,Lone parent family: Parent working,6,5,1
S01007321,Lone parent family: Parent not working,2,2,0
S01007322,All parents aged 16 and over with dependent children,130,71,59
S01007322,Couple family: Total,114,58,56
S01007322,Couple family: Both parents working,80,42,38
S01007322,Couple family: One parent working,34,16,18
S01007322,Couple family: No parents working,0,0,0
S01007322,Lone parent family: Total,16,13,3
S01007322,Lone parent family: Parent working,11,9,2
S01007322,Lone parent family: Parent not working,5,4,1
S01007323,All parents aged 16 and over with dependent children,72,38,34
S01007323,Couple family: Total,58,26,32
S01007323,Couple family: Both parents working,46,20,26
S01007323,Couple family: One parent working,10,6,4
S01007323,Couple family: No parents working,2,0,2
S01007323,Lone parent family: Total,14,12,2
S01007323,Lone parent family: Parent working,12,10,2
S01007323,Lone parent family: Parent not working,2,2,0
S01007324,All parents aged 16 and over with dependent children,43,17,26
S01007324,Couple family: Total,40,16,24
S01007324,Couple family: Both parents working,34,12,22
S01007324,Couple family: One parent working,6,4,2
S01007324,Couple family: No parents working,0,0,0
S01007324,Lone parent family: Total,3,1,2
S01007324,Lone parent family: Parent working,2,1,1
S01007324,Lone parent family: Parent not working,1,0,1
S01007325,All parents aged 16 and over with dependent children,155,61,94
S01007325,Couple family: Total,132,46,86
S01007325,Couple family: Both parents working,98,30,68
S01007325,Couple family: One parent working,32,14,18
S01007325,Couple family: No parents working,2,2,0
S01007325,Lone parent family: Total,23,15,8
S01007325,Lone parent family: Parent working,21,13,8
S01007325,Lone parent family: Parent not working,2,2,0
S01007326,All parents aged 16 and over with dependent children,128,58,70
S01007326,Couple family: Total,116,48,68
S01007326,Couple family: Both parents working,94,44,50
S01007326,Couple family: One parent working,22,4,18
S01007326,Couple family: No parents working,0,0,0
S01007326,Lone parent family: Total,12,10,2
S01007326,Lone parent family: Parent working,9,8,1
S01007326,Lone parent family: Parent not working,3,2,1
S01007327,All parents aged 16 and over with dependent children,134,50,84
S01007327,Couple family: Total,102,28,74
S01007327,Couple family: Both parents working,76,24,52
S01007327,Couple family: One parent working,26,4,22
S01007327,Couple family: No parents working,0,0,0
S01007327,Lone parent family: Total,32,22,10
S01007327,Lone parent family: Parent working,27,19,8
S01007327,Lone parent family: Parent not working,5,3,2
S01007328,All parents aged 16 and over with dependent children,144,59,85
S01007328,Couple family: Total,116,40,76
S01007328,Couple family: Both parents working,86,36,50
S01007328,Couple family: One parent working,26,4,22
S01007328,Couple family: No parents working,4,0,4
S01007328,Lone parent family: Total,28,19,9
S01007328,Lone parent family: Parent working,20,15,5
S01007328,Lone parent family: Parent not working,8,4,4
S01007329,All parents aged 16 and over with dependent children,145,53,92
S01007329,Couple family: Total,128,46,82
S01007329,Couple family: Both parents working,92,30,62
S01007329,Couple family: One parent working,34,16,18
S01007329,Couple family: No parents working,2,0,2
S01007329,Lone parent family: Total,17,7,10
S01007329,Lone parent family: Parent working,11,6,5
S01007329,Lone parent family: Parent not working,6,1,5
S01007330,All parents aged 16 and over with dependent children,96,38,58
S01007330,Couple family: Total,82,32,50
S01007330,Couple family: Both parents working,46,18,28
S01007330,Couple family: One parent working,32,12,20
S01007330,Couple family: No parents working,4,2,2
S01007330,Lone parent family: Total,14,6,8
S01007330,Lone parent family: Parent working,12,4,8
S01007330,Lone parent family: Parent not working,2,2,0
S01007331,All parents aged 16 and over with dependent children,195,76,119
S01007331,Couple family: Total,178,68,110
S01007331,Couple family: Both parents working,146,54,92
S01007331,Couple family: One parent working,30,14,16
S01007331,Couple family: No parents working,2,0,2
S01007331,Lone parent family: Total,17,8,9
S01007331,Lone parent family: Parent working,14,7,7
S01007331,Lone parent family: Parent not working,3,1,2
S01007332,All parents aged 16 and over with dependent children,103,40,63
S01007332,Couple family: Total,94,32,62
S01007332,Couple family: Both parents working,76,22,54
S01007332,Couple family: One parent working,18,10,8
S01007332,Couple family: No parents working,0,0,0
S01007332,Lone parent family: Total,9,8,1
S01007332,Lone parent family: Parent working,2,2,0
S01007332,Lone parent family: Parent not working,7,6,1
S01007333,All parents aged 16 and over with dependent children,149,71,78
S01007333,Couple family: Total,124,56,68
S01007333,Couple family: Both parents working,96,46,50
S01007333,Couple family: One parent working,18,8,10
S01007333,Couple family: No parents working,10,2,8
S01007333,Lone parent family: Total,25,15,10
S01007333,Lone parent family: Parent working,13,8,5
S01007333,Lone parent family: Parent not working,12,7,5
S01007334,All parents aged 16 and over with dependent children,134,49,85
S01007334,Couple family: Total,88,26,62
S01007334,Couple family: Both parents working,56,18,38
S01007334,Couple family: One parent working,26,4,22
S01007334,Couple family: No parents working,6,4,2
S01007334,Lone parent family: Total,46,23,23
S01007334,Lone parent family: Parent working,19,10,9
S01007334,Lone parent family: Parent not working,27,13,14
S01007335,All parents aged 16 and over with dependent children,156,89,67
S01007335,Couple family: Total,118,62,56
S01007335,Couple family: Both parents working,88,54,34
S01007335,Couple family: One parent working,26,8,18
S01007335,Couple family: No parents working,4,0,4
S01007335,Lone parent family: Total,38,27,11
S01007335,Lone parent family: Parent working,23,16,7
S01007335,Lone parent family: Parent not working,15,11,4
S01007336,All parents aged 16 and over with dependent children,78,40,38
S01007336,Couple family: Total,56,26,30
S01007336,Couple family: Both parents working,38,18,20
S01007336,Couple family: One parent working,18,8,10
S01007336,Couple family: No parents working,0,0,0
S01007336,Lone parent family: Total,22,14,8
S01007336,Lone parent family: Parent working,10,7,3
S01007336,Lone parent family: Parent not working,12,7,5
S01007337,All parents aged 16 and over with dependent children,90,30,60
S01007337,Couple family: Total,68,18,50
S01007337,Couple family: Both parents working,62,18,44
S01007337,Couple family: One parent working,4,0,4
S01007337,Couple family: No parents working,2,0,2
S01007337,Lone parent family: Total,22,12,10
S01007337,Lone parent family: Parent working,16,10,6
S01007337,Lone parent family: Parent not working,6,2,4
S01007338,All parents aged 16 and over with dependent children,171,71,100
S01007338,Couple family: Total,148,60,88
S01007338,Couple family: Both parents working,120,42,78
S01007338,Couple family: One parent working,26,18,8
S01007338,Couple family: No parents working,2,0,2
S01007338,Lone parent family: Total,23,11,12
S01007338,Lone parent family: Parent working,18,10,8
S01007338,Lone parent family: Parent not working,5,1,4
S01007339,All parents aged 16 and over with dependent children,115,52,63
S01007339,Couple family: Total,108,46,62
S01007339,Couple family: Both parents working,82,36,46
S01007339,Couple family: One parent working,24,10,14
S01007339,Couple family: No parents working,2,0,2
S01007339,Lone parent family: Total,7,6,1
S01007339,Lone parent family: Parent working,3,3,0
S01007339,Lone parent family: Parent not working,4,3,1
S01007340,All parents aged 16 and over with dependent children,74,45,29
S01007340,Couple family: Total,64,40,24
S01007340,Couple family: Both parents working,42,24,18
S01007340,Couple family: One parent working,18,12,6
S01007340,Couple family: No parents working,4,4,0
S01007340,Lone parent family: Total,10,5,5
S01007340,Lone parent family: Parent working,5,3,2
S01007340,Lone parent family: Parent not working,5,2,3
S01007341,All parents aged 16 and over with dependent children,118,54,64
S01007341,Couple family: Total,100,38,62
S01007341,Couple family: Both parents working,76,30,46
S01007341,Couple family: One parent working,22,8,14
S01007341,Couple family: No parents working,2,0,2
S01007341,Lone parent family: Total,18,16,2
S01007341,Lone parent family: Parent working,10,9,1
S01007341,Lone parent family: Parent not working,8,7,1
S01007342,All parents aged 16 and over with dependent children,142,65,77
S01007342,Couple family: Total,134,60,74
S01007342,Couple family: Both parents working,98,38,60
S01007342,Couple family: One parent working,32,18,14
S01007342,Couple family: No parents working,4,4,0
S01007342,Lone parent family: Total,8,5,3
S01007342,Lone parent family: Parent working,4,1,3
S01007342,Lone parent family: Parent not working,4,4,0
S01007343,All parents aged 16 and over with dependent children,100,36,64
S01007343,Couple family: Total,94,32,62
S01007343,Couple family: Both parents working,74,28,46
S01007343,Couple family: One parent working,10,0,10
S01007343,Couple family: No parents working,10,4,6
S01007343,Lone parent family: Total,6,4,2
S01007343,Lone parent family: Parent working,5,3,2
S01007343,Lone parent family: Parent not working,1,1,0
S01007344,All parents aged 16 and over with dependent children,63,32,31
S01007344,Couple family: Total,52,22,30
S01007344,Couple family: Both parents working,38,16,22
S01007344,Couple family: One parent working,10,6,4
S01007344,Couple family: No parents working,4,0,4
S01007344,Lone parent family: Total,11,10,1
S01007344,Lone parent family: Parent working,6,5,1
S01007344,Lone parent family: Parent not working,5,5,0
S01007345,All parents aged 16 and over with dependent children,137,64,73
S01007345,Couple family: Total,96,42,54
S01007345,Couple family: Both parents working,58,28,30
S01007345,Couple family: One parent working,36,14,22
S01007345,Couple family: No parents working,2,0,2
S01007345,Lone parent family: Total,41,22,19
S01007345,Lone parent family: Parent working,19,10,9
S01007345,Lone parent family: Parent not working,22,12,10
S01007346,All parents aged 16 and over with dependent children,60,36,24
S01007346,Couple family: Total,38,22,16
S01007346,Couple family: Both parents working,28,18,10
S01007346,Couple family: One parent working,6,4,2
S01007346,Couple family: No parents working,4,0,4
S01007346,Lone parent family: Total,22,14,8
S01007346,Lone parent family: Parent working,14,9,5
S01007346,Lone parent family: Parent not working,8,5,3
S01007347,All parents aged 16 and over with dependent children,82,46,36
S01007347,Couple family: Total,60,26,34
S01007347,Couple family: Both parents working,44,18,26
S01007347,Couple family: One parent working,14,6,8
S01007347,Couple family: No parents working,2,2,0
S01007347,Lone parent family: Total,22,20,2
S01007347,Lone parent family: Parent working,15,15,0
S01007347,Lone parent family: Parent not working,7,5,2
S01007348,All parents aged 16 and over with dependent children,126,64,62
S01007348,Couple family: Total,92,44,48
S01007348,Couple family: Both parents working,54,34,20
S01007348,Couple family: One parent working,36,8,28
S01007348,Couple family: No parents working,2,2,0
S01007348,Lone parent family: Total,34,20,14
S01007348,Lone parent family: Parent working,21,11,10
S01007348,Lone parent family: Parent not working,13,9,4
S01007349,All parents aged 16 and over with dependent children,96,38,58
S01007349,Couple family: Total,64,24,40
S01007349,Couple family: Both parents working,38,20,18
S01007349,Couple family: One parent working,22,0,22
S01007349,Couple family: No parents working,4,4,0
S01007349,Lone parent family: Total,32,14,18
S01007349,Lone parent family: Parent working,13,5,8
S01007349,Lone parent family: Parent not working,19,9,10
S01007350,All parents aged 16 and over with dependent children,60,25,35
S01007350,Couple family: Total,42,16,26
S01007350,Couple family: Both parents working,32,12,20
S01007350,Couple family: One parent working,8,4,4
S01007350,Couple family: No parents working,2,0,2
S01007350,Lone parent family: Total,18,9,9
S01007350,Lone parent family: Parent working,12,7,5
S01007350,Lone parent family: Parent not working,6,2,4
S01007351,All parents aged 16 and over with dependent children,72,29,43
S01007351,Couple family: Total,64,26,38
S01007351,Couple family: Both parents working,52,22,30
S01007351,Couple family: One parent working,10,4,6
S01007351,Couple family: No parents working,2,0,2
S01007351,Lone parent family: Total,8,3,5
S01007351,Lone parent family: Parent working,8,3,5
S01007351,Lone parent family: Parent not working,0,0,0
S01007352,All parents aged 16 and over with dependent children,68,40,28
S01007352,Couple family: Total,66,38,28
S01007352,Couple family: Both parents working,44,22,22
S01007352,Couple family: One parent working,18,12,6
S01007352,Couple family: No parents working,4,4,0
S01007352,Lone parent family: Total,2,2,0
S01007352,Lone parent family: Parent working,2,2,0
S01007352,Lone parent family: Parent not working,0,0,0
S01007353,All parents aged 16 and over with dependent children,97,41,56
S01007353,Couple family: Total,80,30,50
S01007353,Couple family: Both parents working,52,22,30
S01007353,Couple family: One parent working,26,8,18
S01007353,Couple family: No parents working,2,0,2
S01007353,Lone parent family: Total,17,11,6
S01007353,Lone parent family: Parent working,15,10,5
S01007353,Lone parent family: Parent not working,2,1,1
S01007354,All parents aged 16 and over with dependent children,108,50,58
S01007354,Couple family: Total,98,44,54
S01007354,Couple family: Both parents working,64,32,32
S01007354,Couple family: One parent working,24,10,14
S01007354,Couple family: No parents working,10,2,8
S01007354,Lone parent family: Total,10,6,4
S01007354,Lone parent family: Parent working,6,2,4
S01007354,Lone parent family: Parent not working,4,4,0
S01007355,All parents aged 16 and over with dependent children,107,58,49
S01007355,Couple family: Total,96,50,46
S01007355,Couple family: Both parents working,66,38,28
S01007355,Couple family: One parent working,26,8,18
S01007355,Couple family: No parents working,4,4,0
S01007355,Lone parent family: Total,11,8,3
S01007355,Lone parent family: Parent working,4,3,1
S01007355,Lone parent family: Parent not working,7,5,2
S01007356,All parents aged 16 and over with dependent children,104,52,52
S01007356,Couple family: Total,84,38,46
S01007356,Couple family: Both parents working,60,28,32
S01007356,Couple family: One parent working,20,8,12
S01007356,Couple family: No parents working,4,2,2
S01007356,Lone parent family: Total,20,14,6
S01007356,Lone parent family: Parent working,14,9,5
S01007356,Lone parent family: Parent not working,6,5,1
S01007357,All parents aged 16 and over with dependent children,137,60,77
S01007357,Couple family: Total,122,52,70
S01007357,Couple family: Both parents working,94,36,58
S01007357,Couple family: One parent working,26,16,10
S01007357,Couple family: No parents working,2,0,2
S01007357,Lone parent family: Total,15,8,7
S01007357,Lone parent family: Parent working,14,8,6
S01007357,Lone parent family: Parent not working,1,0,1
S01007358,All parents aged 16 and over with dependent children,160,68,92
S01007358,Couple family: Total,144,58,86
S01007358,Couple family: Both parents working,104,50,54
S01007358,Couple family: One parent working,26,6,20
S01007358,Couple family: No parents working,14,2,12
S01007358,Lone parent family: Total,16,10,6
S01007358,Lone parent family: Parent working,10,5,5
S01007358,Lone parent family: Parent not working,6,5,1
S01007359,All parents aged 16 and over with dependent children,161,82,79
S01007359,Couple family: Total,120,60,60
S01007359,Couple family: Both parents working,90,40,50
S01007359,Couple family: One parent working,18,10,8
S01007359,Couple family: No parents working,12,10,2
S01007359,Lone parent family: Total,41,22,19
S01007359,Lone parent family: Parent working,20,13,7
S01007359,Lone parent family: Parent not working,21,9,12
S01007360,All parents aged 16 and over with dependent children,63,23,40
S01007360,Couple family: Total,54,18,36
S01007360,Couple family: Both parents working,40,14,26
S01007360,Couple family: One parent working,8,0,8
S01007360,Couple family: No parents working,6,4,2
S01007360,Lone parent family: Total,9,5,4
S01007360,Lone parent family: Parent working,5,4,1
S01007360,Lone parent family: Parent not working,4,1,3
S01007361,All parents aged 16 and over with dependent children,140,62,78
S01007361,Couple family: Total,124,56,68
S01007361,Couple family: Both parents working,102,40,62
S01007361,Couple family: One parent working,16,12,4
S01007361,Couple family: No parents working,6,4,2
S01007361,Lone parent family: Total,16,6,10
S01007361,Lone parent family: Parent working,11,6,5
S01007361,Lone parent family: Parent not working,5,0,5
S01007362,All parents aged 16 and over with dependent children,133,52,81
S01007362,Couple family: Total,114,42,72
S01007362,Couple family: Both parents working,90,32,58
S01007362,Couple family: One parent working,14,2,12
S01007362,Couple family: No parents working,10,8,2
S01007362,Lone parent family: Total,19,10,9
S01007362,Lone parent family: Parent working,14,7,7
S01007362,Lone parent family: Parent not working,5,3,2
S01007363,All parents aged 16 and over with dependent children,90,42,48
S01007363,Couple family: Total,74,30,44
S01007363,Couple family: Both parents working,48,22,26
S01007363,Couple family: One parent working,20,8,12
S01007363,Couple family: No parents working,6,0,6
S01007363,Lone parent family: Total,16,12,4
S01007363,Lone parent family: Parent working,12,8,4
S01007363,Lone parent family: Parent not working,4,4,0
S01007364,All parents aged 16 and over with dependent children,204,82,122
S01007364,Couple family: Total,130,48,82
S01007364,Couple family: Both parents working,84,40,44
S01007364,Couple family: One parent working,28,4,24
S01007364,Couple family: No parents working,18,4,14
S01007364,Lone parent family: Total,74,34,40
S01007364,Lone parent family: Parent working,37,20,17
S01007364,Lone parent family: Parent not working,37,14,23
S01007365,All parents aged 16 and over with dependent children,90,39,51
S01007365,Couple family: Total,68,28,40
S01007365,Couple family: Both parents working,42,18,24
S01007365,Couple family: One parent working,26,10,16
S01007365,Couple family: No parents working,0,0,0
S01007365,Lone parent family: Total,22,11,11
S01007365,Lone parent family: Parent working,10,5,5
S01007365,Lone parent family: Parent not working,12,6,6
S01007366,All parents aged 16 and over with dependent children,79,39,40
S01007366,Couple family: Total,54,22,32
S01007366,Couple family: Both parents working,28,12,16
S01007366,Couple family: One parent working,20,8,12
S01007366,Couple family: No parents working,6,2,4
S01007366,Lone parent family: Total,25,17,8
S01007366,Lone parent family: Parent working,13,7,6
S01007366,Lone parent family: Parent not working,12,10,2
S01007367,All parents aged 16 and over with dependent children,88,46,42
S01007367,Couple family: Total,68,34,34
S01007367,Couple family: Both parents working,48,28,20
S01007367,Couple family: One parent working,20,6,14
S01007367,Couple family: No parents working,0,0,0
S01007367,Lone parent family: Total,20,12,8
S01007367,Lone parent family: Parent working,12,7,5
S01007367,Lone parent family: Parent not working,8,5,3
S01007368,All parents aged 16 and over with dependent children,118,43,75
S01007368,Couple family: Total,80,28,52
S01007368,Couple family: Both parents working,52,20,32
S01007368,Couple family: One parent working,20,4,16
S01007368,Couple family: No parents working,8,4,4
S01007368,Lone parent family: Total,38,15,23
S01007368,Lone parent family: Parent working,17,9,8
S01007368,Lone parent family: Parent not working,21,6,15
S01007369,All parents aged 16 and over with dependent children,156,65,91
S01007369,Couple family: Total,124,50,74
S01007369,Couple family: Both parents working,92,36,56
S01007369,Couple family: One parent working,24,10,14
S01007369,Couple family: No parents working,8,4,4
S01007369,Lone parent family: Total,32,15,17
S01007369,Lone parent family: Parent working,17,9,8
S01007369,Lone parent family: Parent not working,15,6,9
S01007370,All parents aged 16 and over with dependent children,124,73,51
S01007370,Couple family: Total,94,52,42
S01007370,Couple family: Both parents working,64,38,26
S01007370,Couple family: One parent working,22,10,12
S01007370,Couple family: No parents working,8,4,4
S01007370,Lone parent family: Total,30,21,9
S01007370,Lone parent family: Parent working,23,16,7
S01007370,Lone parent family: Parent not working,7,5,2
S01007371,All parents aged 16 and over with dependent children,159,62,97
S01007371,Couple family: Total,126,42,84
S01007371,Couple family: Both parents working,94,34,60
S01007371,Couple family: One parent working,30,8,22
S01007371,Couple family: No parents working,2,0,2
S01007371,Lone parent family: Total,33,20,13
S01007371,Lone parent family: Parent working,23,12,11
S01007371,Lone parent family: Parent not working,10,8,2
S01007372,All parents aged 16 and over with dependent children,156,64,92
S01007372,Couple family: Total,134,52,82
S01007372,Couple family: Both parents working,106,44,62
S01007372,Couple family: One parent working,26,8,18
S01007372,Couple family: No parents working,2,0,2
S01007372,Lone parent family: Total,22,12,10
S01007372,Lone parent family: Parent working,18,9,9
S01007372,Lone parent family: Parent not working,4,3,1
S01007373,All parents aged 16 and over with dependent children,91,36,55
S01007373,Couple family: Total,86,34,52
S01007373,Couple family: Both parents working,54,24,30
S01007373,Couple family: One parent working,30,10,20
S01007373,Couple family: No parents working,2,0,2
S01007373,Lone parent family: Total,5,2,3
S01007373,Lone parent family: Parent working,5,2,3
S01007373,Lone parent family: Parent not working,0,0,0
S01007374,All parents aged 16 and over with dependent children,107,52,55
S01007374,Couple family: Total,97,48,49
S01007374,Couple family: Both parents working,76,38,38
S01007374,Couple family: One parent working,18,10,8
S01007374,Couple family: No parents working,3,0,3
S01007374,Lone parent family: Total,10,4,6
S01007374,Lone parent family: Parent working,7,4,3
S01007374,Lone parent family: Parent not working,3,0,3
S01007375,All parents aged 16 and over with dependent children,64,26,38
S01007375,Couple family: Total,52,18,34
S01007375,Couple family: Both parents working,26,12,14
S01007375,Couple family: One parent working,24,4,20
S01007375,Couple family: No parents working,2,2,0
S01007375,Lone parent family: Total,12,8,4
S01007375,Lone parent family: Parent working,8,4,4
S01007375,Lone parent family: Parent not working,4,4,0
S01007376,All parents aged 16 and over with dependent children,187,96,91
S01007376,Couple family: Total,136,68,68
S01007376,Couple family: Both parents working,98,46,52
S01007376,Couple family: One parent working,24,16,8
S01007376,Couple family: No parents working,14,6,8
S01007376,Lone parent family: Total,51,28,23
S01007376,Lone parent family: Parent working,30,16,14
S01007376,Lone parent family: Parent not working,21,12,9
S01007377,All parents aged 16 and over with dependent children,133,63,70
S01007377,Couple family: Total,112,52,60
S01007377,Couple family: Both parents working,86,36,50
S01007377,Couple family: One parent working,26,16,10
S01007377,Couple family: No parents working,0,0,0
S01007377,Lone parent family: Total,21,11,10
S01007377,Lone parent family: Parent working,19,9,10
S01007377,Lone parent family: Parent not working,2,2,0
S01007378,All parents aged 16 and over with dependent children,111,53,58
S01007378,Couple family: Total,102,46,56
S01007378,Couple family: Both parents working,68,34,34
S01007378,Couple family: One parent working,34,12,22
S01007378,Couple family: No parents working,0,0,0
S01007378,Lone parent family: Total,9,7,2
S01007378,Lone parent family: Parent working,8,6,2
S01007378,Lone parent family: Parent not working,1,1,0
S01007379,All parents aged 16 and over with dependent children,100,51,49
S01007379,Couple family: Total,84,42,42
S01007379,Couple family: Both parents working,58,26,32
S01007379,Couple family: One parent working,22,12,10
S01007379,Couple family: No parents working,4,4,0
S01007379,Lone parent family: Total,16,9,7
S01007379,Lone parent family: Parent working,8,3,5
S01007379,Lone parent family: Parent not working,8,6,2
S01007380,All parents aged 16 and over with dependent children,147,61,86
S01007380,Couple family: Total,128,52,76
S01007380,Couple family: Both parents working,94,40,54
S01007380,Couple family: One parent working,28,10,18
S01007380,Couple family: No parents working,6,2,4
S01007380,Lone parent family: Total,19,9,10
S01007380,Lone parent family: Parent working,11,7,4
S01007380,Lone parent family: Parent not working,8,2,6
S01007381,All parents aged 16 and over with dependent children,90,30,60
S01007381,Couple family: Total,82,26,56
S01007381,Couple family: Both parents working,50,20,30
S01007381,Couple family: One parent working,30,6,24
S01007381,Couple family: No parents working,2,0,2
S01007381,Lone parent family: Total,8,4,4
S01007381,Lone parent family: Parent working,4,2,2
S01007381,Lone parent family: Parent not working,4,2,2
S01007382,All parents aged 16 and over with dependent children,147,64,83
S01007382,Couple family: Total,130,58,72
S01007382,Couple family: Both parents working,100,44,56
S01007382,Couple family: One parent working,28,12,16
S01007382,Couple family: No parents working,2,2,0
S01007382,Lone parent family: Total,17,6,11
S01007382,Lone parent family: Parent working,14,4,10
S01007382,Lone parent family: Parent not working,3,2,1
S01007383,All parents aged 16 and over with dependent children,127,55,72
S01007383,Couple family: Total,112,46,66
S01007383,Couple family: Both parents working,86,36,50
S01007383,Couple family: One parent working,24,8,16
S01007383,Couple family: No parents working,2,2,0
S01007383,Lone parent family: Total,15,9,6
S01007383,Lone parent family: Parent working,9,5,4
S01007383,Lone parent family: Parent not working,6,4,2
S01007384,All parents aged 16 and over with dependent children,204,80,124
S01007384,Couple family: Total,170,60,110
S01007384,Couple family: Both parents working,114,40,74
S01007384,Couple family: One parent working,54,18,36
S01007384,Couple family: No parents working,2,2,0
S01007384,Lone parent family: Total,34,20,14
S01007384,Lone parent family: Parent working,26,18,8
S01007384,Lone parent family: Parent not working,8,2,6
S01007385,All parents aged 16 and over with dependent children,140,86,54
S01007385,Couple family: Total,122,76,46
S01007385,Couple family: Both parents working,88,60,28
S01007385,Couple family: One parent working,28,14,14
S01007385,Couple family: No parents working,6,2,4
S01007385,Lone parent family: Total,18,10,8
S01007385,Lone parent family: Parent working,15,9,6
S01007385,Lone parent family: Parent not working,3,1,2
S01007386,All parents aged 16 and over with dependent children,165,68,97
S01007386,Couple family: Total,154,62,92
S01007386,Couple family: Both parents working,126,50,76
S01007386,Couple family: One parent working,28,12,16
S01007386,Couple family: No parents working,0,0,0
S01007386,Lone parent family: Total,11,6,5
S01007386,Lone parent family: Parent working,10,5,5
S01007386,Lone parent family: Parent not working,1,1,0
S01007387,All parents aged 16 and over with dependent children,163,56,107
S01007387,Couple family: Total,156,52,104
S01007387,Couple family: Both parents working,120,46,74
S01007387,Couple family: One parent working,32,6,26
S01007387,Couple family: No parents working,4,0,4
S01007387,Lone parent family: Total,7,4,3
S01007387,Lone parent family: Parent working,3,1,2
S01007387,Lone parent family: Parent not working,4,3,1
S01007388,All parents aged 16 and over with dependent children,135,56,79
S01007388,Couple family: Total,120,52,68
S01007388,Couple family: Both parents working,98,44,54
S01007388,Couple family: One parent working,20,6,14
S01007388,Couple family: No parents working,2,2,0
S01007388,Lone parent family: Total,15,4,11
S01007388,Lone parent family: Parent working,13,2,11
S01007388,Lone parent family: Parent not working,2,2,0
S01007389,All parents aged 16 and over with dependent children,198,83,115
S01007389,Couple family: Total,162,60,102
S01007389,Couple family: Both parents working,66,26,40
S01007389,Couple family: One parent working,88,30,58
S01007389,Couple family: No parents working,8,4,4
S01007389,Lone parent family: Total,36,23,13
S01007389,Lone parent family: Parent working,21,12,9
S01007389,Lone parent family: Parent not working,15,11,4
S01007390,All parents aged 16 and over with dependent children,212,93,119
S01007390,Couple family: Total,164,66,98
S01007390,Couple family: Both parents working,84,42,42
S01007390,Couple family: One parent working,76,22,54
S01007390,Couple family: No parents working,4,2,2
S01007390,Lone parent family: Total,48,27,21
S01007390,Lone parent family: Parent working,33,16,17
S01007390,Lone parent family: Parent not working,15,11,4
S01007391,All parents aged 16 and over with dependent children,110,46,64
S01007391,Couple family: Total,104,44,60
S01007391,Couple family: Both parents working,80,40,40
S01007391,Couple family: One parent working,22,4,18
S01007391,Couple family: No parents working,2,0,2
S01007391,Lone parent family: Total,6,2,4
S01007391,Lone parent family: Parent working,4,1,3
S01007391,Lone parent family: Parent not working,2,1,1
S01007392,All parents aged 16 and over with dependent children,71,30,41
S01007392,Couple family: Total,68,28,40
S01007392,Couple family: Both parents working,40,14,26
S01007392,Couple family: One parent working,24,12,12
S01007392,Couple family: No parents working,4,2,2
S01007392,Lone parent family: Total,3,2,1
S01007392,Lone parent family: Parent working,2,1,1
S01007392,Lone parent family: Parent not working,1,1,0
S01007393,All parents aged 16 and over with dependent children,126,48,78
S01007393,Couple family: Total,116,44,72
S01007393,Couple family: Both parents working,66,24,42
S01007393,Couple family: One parent working,44,16,28
S01007393,Couple family: No parents working,6,4,2
S01007393,Lone parent family: Total,10,4,6
S01007393,Lone parent family: Parent working,8,3,5
S01007393,Lone parent family: Parent not working,2,1,1
S01007394,All parents aged 16 and over with dependent children,103,46,57
S01007394,Couple family: Total,92,40,52
S01007394,Couple family: Both parents working,70,32,38
S01007394,Couple family: One parent working,22,8,14
S01007394,Couple family: No parents working,0,0,0
S01007394,Lone parent family: Total,11,6,5
S01007394,Lone parent family: Parent working,7,5,2
S01007394,Lone parent family: Parent not working,4,1,3
S01007395,All parents aged 16 and over with dependent children,90,55,35
S01007395,Couple family: Total,66,40,26
S01007395,Couple family: Both parents working,38,22,16
S01007395,Couple family: One parent working,22,14,8
S01007395,Couple family: No parents working,6,4,2
S01007395,Lone parent family: Total,24,15,9
S01007395,Lone parent family: Parent working,18,13,5
S01007395,Lone parent family: Parent not working,6,2,4
S01007396,All parents aged 16 and over with dependent children,115,75,40
S01007396,Couple family: Total,76,44,32
S01007396,Couple family: Both parents working,52,32,20
S01007396,Couple family: One parent working,20,10,10
S01007396,Couple family: No parents working,4,2,2
S01007396,Lone parent family: Total,39,31,8
S01007396,Lone parent family: Parent working,29,24,5
S01007396,Lone parent family: Parent not working,10,7,3
S01007397,All parents aged 16 and over with dependent children,179,72,107
S01007397,Couple family: Total,158,62,96
S01007397,Couple family: Both parents working,120,48,72
S01007397,Couple family: One parent working,34,12,22
S01007397,Couple family: No parents working,4,2,2
S01007397,Lone parent family: Total,21,10,11
S01007397,Lone parent family: Parent working,14,7,7
S01007397,Lone parent family: Parent not working,7,3,4
S01007398,All parents aged 16 and over with dependent children,152,54,98
S01007398,Couple family: Total,100,36,64
S01007398,Couple family: Both parents working,64,24,40
S01007398,Couple family: One parent working,18,6,12
S01007398,Couple family: No parents working,18,6,12
S01007398,Lone parent family: Total,52,18,34
S01007398,Lone parent family: Parent working,28,12,16
S01007398,Lone parent family: Parent not working,24,6,18
S01007399,All parents aged 16 and over with dependent children,131,65,66
S01007399,Couple family: Total,84,38,46
S01007399,Couple family: Both parents working,46,20,26
S01007399,Couple family: One parent working,22,8,14
S01007399,Couple family: No parents working,16,10,6
S01007399,Lone parent family: Total,47,27,20
S01007399,Lone parent family: Parent working,27,19,8
S01007399,Lone parent family: Parent not working,20,8,12
S01007400,All parents aged 16 and over with dependent children,113,51,62
S01007400,Couple family: Total,100,44,56
S01007400,Couple family: Both parents working,76,36,40
S01007400,Couple family: One parent working,20,4,16
S01007400,Couple family: No parents working,4,4,0
S01007400,Lone parent family: Total,13,7,6
S01007400,Lone parent family: Parent working,12,7,5
S01007400,Lone parent family: Parent not working,1,0,1
S01007401,All parents aged 16 and over with dependent children,128,62,66
S01007401,Couple family: Total,106,52,54
S01007401,Couple family: Both parents working,90,44,46
S01007401,Couple family: One parent working,14,8,6
S01007401,Couple family: No parents working,2,0,2
S01007401,Lone parent family: Total,22,10,12
S01007401,Lone parent family: Parent working,15,5,10
S01007401,Lone parent family: Parent not working,7,5,2
S01007402,All parents aged 16 and over with dependent children,130,76,54
S01007402,Couple family: Total,118,68,50
S01007402,Couple family: Both parents working,96,50,46
S01007402,Couple family: One parent working,20,16,4
S01007402,Couple family: No parents working,2,2,0
S01007402,Lone parent family: Total,12,8,4
S01007402,Lone parent family: Parent working,8,5,3
S01007402,Lone parent family: Parent not working,4,3,1
S01007403,All parents aged 16 and over with dependent children,312,103,209
S01007403,Couple family: Total,296,96,200
S01007403,Couple family: Both parents working,198,66,132
S01007403,Couple family: One parent working,94,28,66
S01007403,Couple family: No parents working,4,2,2
S01007403,Lone parent family: Total,16,7,9
S01007403,Lone parent family: Parent working,10,5,5
S01007403,Lone parent family: Parent not working,6,2,4
S01007404,All parents aged 16 and over with dependent children,70,30,40
S01007404,Couple family: Total,66,28,38
S01007404,Couple family: Both parents working,44,22,22
S01007404,Couple family: One parent working,18,6,12
S01007404,Couple family: No parents working,4,0,4
S01007404,Lone parent family: Total,4,2,2
S01007404,Lone parent family: Parent working,4,2,2
S01007404,Lone parent family: Parent not working,0,0,0
S01007405,All parents aged 16 and over with dependent children,141,55,86
S01007405,Couple family: Total,136,52,84
S01007405,Couple family: Both parents working,98,38,60
S01007405,Couple family: One parent working,34,12,22
S01007405,Couple family: No parents working,4,2,2
S01007405,Lone parent family: Total,5,3,2
S01007405,Lone parent family: Parent working,4,2,2
S01007405,Lone parent family: Parent not working,1,1,0
S01007406,All parents aged 16 and over with dependent children,121,52,69
S01007406,Couple family: Total,114,48,66
S01007406,Couple family: Both parents working,88,34,54
S01007406,Couple family: One parent working,26,14,12
S01007406,Couple family: No parents working,0,0,0
S01007406,Lone parent family: Total,7,4,3
S01007406,Lone parent family: Parent working,7,4,3
S01007406,Lone parent family: Parent not working,0,0,0
S01007407,All parents aged 16 and over with dependent children,153,54,99
S01007407,Couple family: Total,140,46,94
S01007407,Couple family: Both parents working,118,40,78
S01007407,Couple family: One parent working,20,6,14
S01007407,Couple family: No parents working,2,0,2
S01007407,Lone parent family: Total,13,8,5
S01007407,Lone parent family: Parent working,12,7,5
S01007407,Lone parent family: Parent not working,1,1,0
S01007408,All parents aged 16 and over with dependent children,135,75,60
S01007408,Couple family: Total,110,60,50
S01007408,Couple family: Both parents working,82,48,34
S01007408,Couple family: One parent working,22,10,12
S01007408,Couple family: No parents working,6,2,4
S01007408,Lone parent family: Total,25,15,10
S01007408,Lone parent family: Parent working,19,11,8
S01007408,Lone parent family: Parent not working,6,4,2
S01007409,All parents aged 16 and over with dependent children,123,66,57
S01007409,Couple family: Total,102,52,50
S01007409,Couple family: Both parents working,82,40,42
S01007409,Couple family: One parent working,20,12,8
S01007409,Couple family: No parents working,0,0,0
S01007409,Lone parent family: Total,21,14,7
S01007409,Lone parent family: Parent working,13,9,4
S01007409,Lone parent family: Parent not working,8,5,3
S01007410,All parents aged 16 and over with dependent children,150,66,84
S01007410,Couple family: Total,102,38,64
S01007410,Couple family: Both parents working,52,24,28
S01007410,Couple family: One parent working,36,4,32
S01007410,Couple family: No parents working,14,10,4
S01007410,Lone parent family: Total,48,28,20
S01007410,Lone parent family: Parent working,17,12,5
S01007410,Lone parent family: Parent not working,31,16,15
S01007411,All parents aged 16 and over with dependent children,203,116,87
S01007411,Couple family: Total,142,78,64
S01007411,Couple family: Both parents working,86,48,38
S01007411,Couple family: One parent working,36,20,16
S01007411,Couple family: No parents working,20,10,10
S01007411,Lone parent family: Total,61,38,23
S01007411,Lone parent family: Parent working,21,13,8
S01007411,Lone parent family: Parent not working,40,25,15
S01007412,All parents aged 16 and over with dependent children,86,39,47
S01007412,Couple family: Total,72,34,38
S01007412,Couple family: Both parents working,44,22,22
S01007412,Couple family: One parent working,22,8,14
S01007412,Couple family: No parents working,6,4,2
S01007412,Lone parent family: Total,14,5,9
S01007412,Lone parent family: Parent working,6,2,4
S01007412,Lone parent family: Parent not working,8,3,5
S01007413,All parents aged 16 and over with dependent children,231,109,122
S01007413,Couple family: Total,206,92,114
S01007413,Couple family: Both parents working,166,74,92
S01007413,Couple family: One parent working,28,10,18
S01007413,Couple family: No parents working,12,8,4
S01007413,Lone parent family: Total,25,17,8
S01007413,Lone parent family: Parent working,18,13,5
S01007413,Lone parent family: Parent not working,7,4,3
S01007414,All parents aged 16 and over with dependent children,215,94,121
S01007414,Couple family: Total,206,90,116
S01007414,Couple family: Both parents working,172,84,88
S01007414,Couple family: One parent working,34,6,28
S01007414,Couple family: No parents working,0,0,0
S01007414,Lone parent family: Total,9,4,5
S01007414,Lone parent family: Parent working,7,3,4
S01007414,Lone parent family: Parent not working,2,1,1
S01007415,All parents aged 16 and over with dependent children,186,91,95
S01007415,Couple family: Total,136,60,76
S01007415,Couple family: Both parents working,88,44,44
S01007415,Couple family: One parent working,32,10,22
S01007415,Couple family: No parents working,16,6,10
S01007415,Lone parent family: Total,50,31,19
S01007415,Lone parent family: Parent working,24,13,11
S01007415,Lone parent family: Parent not working,26,18,8
S01007416,All parents aged 16 and over with dependent children,168,83,85
S01007416,Couple family: Total,114,50,64
S01007416,Couple family: Both parents working,36,22,14
S01007416,Couple family: One parent working,54,22,32
S01007416,Couple family: No parents working,24,6,18
S01007416,Lone parent family: Total,54,33,21
S01007416,Lone parent family: Parent working,22,15,7
S01007416,Lone parent family: Parent not working,32,18,14
S01007417,All parents aged 16 and over with dependent children,232,102,130
S01007417,Couple family: Total,206,88,118
S01007417,Couple family: Both parents working,160,82,78
S01007417,Couple family: One parent working,36,4,32
S01007417,Couple family: No parents working,10,2,8
S01007417,Lone parent family: Total,26,14,12
S01007417,Lone parent family: Parent working,19,9,10
S01007417,Lone parent family: Parent not working,7,5,2
S01007418,All parents aged 16 and over with dependent children,126,68,58
S01007418,Couple family: Total,82,44,38
S01007418,Couple family: Both parents working,54,32,22
S01007418,Couple family: One parent working,22,10,12
S01007418,Couple family: No parents working,6,2,4
S01007418,Lone parent family: Total,44,24,20
S01007418,Lone parent family: Parent working,30,16,14
S01007418,Lone parent family: Parent not working,14,8,6
S01007419,All parents aged 16 and over with dependent children,202,83,119
S01007419,Couple family: Total,144,56,88
S01007419,Couple family: Both parents working,66,26,40
S01007419,Couple family: One parent working,50,20,30
S01007419,Couple family: No parents working,28,10,18
S01007419,Lone parent family: Total,58,27,31
S01007419,Lone parent family: Parent working,28,16,12
S01007419,Lone parent family: Parent not working,30,11,19
S01007420,All parents aged 16 and over with dependent children,214,101,113
S01007420,Couple family: Total,204,96,108
S01007420,Couple family: Both parents working,144,78,66
S01007420,Couple family: One parent working,54,18,36
S01007420,Couple family: No parents working,6,0,6
S01007420,Lone parent family: Total,10,5,5
S01007420,Lone parent family: Parent working,10,5,5
S01007420,Lone parent family: Parent not working,0,0,0
S01007421,All parents aged 16 and over with dependent children,180,103,77
S01007421,Couple family: Total,162,92,70
S01007421,Couple family: Both parents working,124,72,52
S01007421,Couple family: One parent working,34,18,16
S01007421,Couple family: No parents working,4,2,2
S01007421,Lone parent family: Total,18,11,7
S01007421,Lone parent family: Parent working,11,6,5
S01007421,Lone parent family: Parent not working,7,5,2
S01007422,All parents aged 16 and over with dependent children,118,59,59
S01007422,Couple family: Total,98,46,52
S01007422,Couple family: Both parents working,74,32,42
S01007422,Couple family: One parent working,22,12,10
S01007422,Couple family: No parents working,2,2,0
S01007422,Lone parent family: Total,20,13,7
S01007422,Lone parent family: Parent working,14,9,5
S01007422,Lone parent family: Parent not working,6,4,2
S01007423,All parents aged 16 and over with dependent children,191,95,96
S01007423,Couple family: Total,174,84,90
S01007423,Couple family: Both parents working,124,72,52
S01007423,Couple family: One parent working,48,10,38
S01007423,Couple family: No parents working,2,2,0
S01007423,Lone parent family: Total,17,11,6
S01007423,Lone parent family: Parent working,12,8,4
S01007423,Lone parent family: Parent not working,5,3,2
S01007424,All parents aged 16 and over with dependent children,143,60,83
S01007424,Couple family: Total,132,54,78
S01007424,Couple family: Both parents working,108,46,62
S01007424,Couple family: One parent working,22,8,14
S01007424,Couple family: No parents working,2,0,2
S01007424,Lone parent family: Total,11,6,5
S01007424,Lone parent family: Parent working,8,5,3
S01007424,Lone parent family: Parent not working,3,1,2
S01007425,All parents aged 16 and over with dependent children,183,89,94
S01007425,Couple family: Total,154,70,84
S01007425,Couple family: Both parents working,120,56,64
S01007425,Couple family: One parent working,28,10,18
S01007425,Couple family: No parents working,6,4,2
S01007425,Lone parent family: Total,29,19,10
S01007425,Lone parent family: Parent working,16,11,5
S01007425,Lone parent family: Parent not working,13,8,5
S01007426,All parents aged 16 and over with dependent children,124,54,70
S01007426,Couple family: Total,92,32,60
S01007426,Couple family: Both parents working,72,26,46
S01007426,Couple family: One parent working,16,6,10
S01007426,Couple family: No parents working,4,0,4
S01007426,Lone parent family: Total,32,22,10
S01007426,Lone parent family: Parent working,19,13,6
S01007426,Lone parent family: Parent not working,13,9,4
S01007427,All parents aged 16 and over with dependent children,109,68,41
S01007427,Couple family: Total,82,48,34
S01007427,Couple family: Both parents working,42,28,14
S01007427,Couple family: One parent working,16,8,8
S01007427,Couple family: No parents working,24,12,12
S01007427,Lone parent family: Total,27,20,7
S01007427,Lone parent family: Parent working,16,14,2
S01007427,Lone parent family: Parent not working,11,6,5
S01007428,All parents aged 16 and over with dependent children,153,71,82
S01007428,Couple family: Total,116,48,68
S01007428,Couple family: Both parents working,84,38,46
S01007428,Couple family: One parent working,26,10,16
S01007428,Couple family: No parents working,6,0,6
S01007428,Lone parent family: Total,37,23,14
S01007428,Lone parent family: Parent working,22,13,9
S01007428,Lone parent family: Parent not working,15,10,5
S01007429,All parents aged 16 and over with dependent children,134,66,68
S01007429,Couple family: Total,110,50,60
S01007429,Couple family: Both parents working,78,40,38
S01007429,Couple family: One parent working,24,6,18
S01007429,Couple family: No parents working,8,4,4
S01007429,Lone parent family: Total,24,16,8
S01007429,Lone parent family: Parent working,15,9,6
S01007429,Lone parent family: Parent not working,9,7,2
S01007430,All parents aged 16 and over with dependent children,62,24,38
S01007430,Couple family: Total,52,20,32
S01007430,Couple family: Both parents working,36,12,24
S01007430,Couple family: One parent working,16,8,8
S01007430,Couple family: No parents working,0,0,0
S01007430,Lone parent family: Total,10,4,6
S01007430,Lone parent family: Parent working,7,2,5
S01007430,Lone parent family: Parent not working,3,2,1
S01007431,All parents aged 16 and over with dependent children,116,52,64
S01007431,Couple family: Total,110,48,62
S01007431,Couple family: Both parents working,88,40,48
S01007431,Couple family: One parent working,16,4,12
S01007431,Couple family: No parents working,6,4,2
S01007431,Lone parent family: Total,6,4,2
S01007431,Lone parent family: Parent working,5,4,1
S01007431,Lone parent family: Parent not working,1,0,1
S01007432,All parents aged 16 and over with dependent children,142,73,69
S01007432,Couple family: Total,122,62,60
S01007432,Couple family: Both parents working,96,52,44
S01007432,Couple family: One parent working,20,6,14
S01007432,Couple family: No parents working,6,4,2
S01007432,Lone parent family: Total,20,11,9
S01007432,Lone parent family: Parent working,17,11,6
S01007432,Lone parent family: Parent not working,3,0,3
S01007433,All parents aged 16 and over with dependent children,152,56,96
S01007433,Couple family: Total,132,46,86
S01007433,Couple family: Both parents working,98,36,62
S01007433,Couple family: One parent working,28,10,18
S01007433,Couple family: No parents working,6,0,6
S01007433,Lone parent family: Total,20,10,10
S01007433,Lone parent family: Parent working,14,6,8
S01007433,Lone parent family: Parent not working,6,4,2
S01007434,All parents aged 16 and over with dependent children,99,63,36
S01007434,Couple family: Total,62,38,24
S01007434,Couple family: Both parents working,36,30,6
S01007434,Couple family: One parent working,22,8,14
S01007434,Couple family: No parents working,4,0,4
S01007434,Lone parent family: Total,37,25,12
S01007434,Lone parent family: Parent working,16,11,5
S01007434,Lone parent family: Parent not working,21,14,7
S01007435,All parents aged 16 and over with dependent children,129,55,74
S01007435,Couple family: Total,110,42,68
S01007435,Couple family: Both parents working,84,30,54
S01007435,Couple family: One parent working,22,8,14
S01007435,Couple family: No parents working,4,4,0
S01007435,Lone parent family: Total,19,13,6
S01007435,Lone parent family: Parent working,13,8,5
S01007435,Lone parent family: Parent not working,6,5,1
S01007436,All parents aged 16 and over with dependent children,120,68,52
S01007436,Couple family: Total,72,38,34
S01007436,Couple family: Both parents working,42,30,12
S01007436,Couple family: One parent working,16,6,10
S01007436,Couple family: No parents working,14,2,12
S01007436,Lone parent family: Total,48,30,18
S01007436,Lone parent family: Parent working,23,17,6
S01007436,Lone parent family: Parent not working,25,13,12
S01007437,All parents aged 16 and over with dependent children,75,44,31
S01007437,Couple family: Total,46,26,20
S01007437,Couple family: Both parents working,26,14,12
S01007437,Couple family: One parent working,14,6,8
S01007437,Couple family: No parents working,6,6,0
S01007437,Lone parent family: Total,29,18,11
S01007437,Lone parent family: Parent working,13,9,4
S01007437,Lone parent family: Parent not working,16,9,7
S01007438,All parents aged 16 and over with dependent children,110,58,52
S01007438,Couple family: Total,86,42,44
S01007438,Couple family: Both parents working,60,32,28
S01007438,Couple family: One parent working,24,8,16
S01007438,Couple family: No parents working,2,2,0
S01007438,Lone parent family: Total,24,16,8
S01007438,Lone parent family: Parent working,10,9,1
S01007438,Lone parent family: Parent not working,14,7,7
S01007439,All parents aged 16 and over with dependent children,128,90,38
S01007439,Couple family: Total,112,78,34
S01007439,Couple family: Both parents working,64,48,16
S01007439,Couple family: One parent working,38,24,14
S01007439,Couple family: No parents working,10,6,4
S01007439,Lone parent family: Total,16,12,4
S01007439,Lone parent family: Parent working,12,10,2
S01007439,Lone parent family: Parent not working,4,2,2
S01007440,All parents aged 16 and over with dependent children,139,75,64
S01007440,Couple family: Total,118,62,56
S01007440,Couple family: Both parents working,96,54,42
S01007440,Couple family: One parent working,20,8,12
S01007440,Couple family: No parents working,2,0,2
S01007440,Lone parent family: Total,21,13,8
S01007440,Lone parent family: Parent working,15,10,5
S01007440,Lone parent family: Parent not working,6,3,3
S01007441,All parents aged 16 and over with dependent children,129,62,67
S01007441,Couple family: Total,120,54,66
S01007441,Couple family: Both parents working,88,40,48
S01007441,Couple family: One parent working,26,10,16
S01007441,Couple family: No parents working,6,4,2
S01007441,Lone parent family: Total,9,8,1
S01007441,Lone parent family: Parent working,9,8,1
S01007441,Lone parent family: Parent not working,0,0,0
S01007442,All parents aged 16 and over with dependent children,75,23,52
S01007442,Couple family: Total,68,18,50
S01007442,Couple family: Both parents working,60,16,44
S01007442,Couple family: One parent working,4,2,2
S01007442,Couple family: No parents working,4,0,4
S01007442,Lone parent family: Total,7,5,2
S01007442,Lone parent family: Parent working,6,4,2
S01007442,Lone parent family: Parent not working,1,1,0
S01007443,All parents aged 16 and over with dependent children,184,83,101
S01007443,Couple family: Total,172,76,96
S01007443,Couple family: Both parents working,114,48,66
S01007443,Couple family: One parent working,48,24,24
S01007443,Couple family: No parents working,10,4,6
S01007443,Lone parent family: Total,12,7,5
S01007443,Lone parent family: Parent working,10,7,3
S01007443,Lone parent family: Parent not working,2,0,2
S01007444,All parents aged 16 and over with dependent children,208,82,126
S01007444,Couple family: Total,186,72,114
S01007444,Couple family: Both parents working,134,52,82
S01007444,Couple family: One parent working,50,18,32
S01007444,Couple family: No parents working,2,2,0
S01007444,Lone parent family: Total,22,10,12
S01007444,Lone parent family: Parent working,17,7,10
S01007444,Lone parent family: Parent not working,5,3,2
S01007445,All parents aged 16 and over with dependent children,138,55,83
S01007445,Couple family: Total,124,48,76
S01007445,Couple family: Both parents working,90,40,50
S01007445,Couple family: One parent working,32,8,24
S01007445,Couple family: No parents working,2,0,2
S01007445,Lone parent family: Total,14,7,7
S01007445,Lone parent family: Parent working,10,4,6
S01007445,Lone parent family: Parent not working,4,3,1
S01007446,All parents aged 16 and over with dependent children,135,39,96
S01007446,Couple family: Total,124,34,90
S01007446,Couple family: Both parents working,94,28,66
S01007446,Couple family: One parent working,30,6,24
S01007446,Couple family: No parents working,0,0,0
S01007446,Lone parent family: Total,11,5,6
S01007446,Lone parent family: Parent working,9,4,5
S01007446,Lone parent family: Parent not working,2,1,1
S01007447,All parents aged 16 and over with dependent children,98,45,53
S01007447,Couple family: Total,92,42,50
S01007447,Couple family: Both parents working,72,32,40
S01007447,Couple family: One parent working,20,10,10
S01007447,Couple family: No parents working,0,0,0
S01007447,Lone parent family: Total,6,3,3
S01007447,Lone parent family: Parent working,6,3,3
S01007447,Lone parent family: Parent not working,0,0,0
S01007448,All parents aged 16 and over with dependent children,156,67,89
S01007448,Couple family: Total,144,62,82
S01007448,Couple family: Both parents working,102,46,56
S01007448,Couple family: One parent working,30,10,20
S01007448,Couple family: No parents working,12,6,6
S01007448,Lone parent family: Total,12,5,7
S01007448,Lone parent family: Parent working,12,5,7
S01007448,Lone parent family: Parent not working,0,0,0
S01007449,All parents aged 16 and over with dependent children,189,114,75
S01007449,Couple family: Total,148,88,60
S01007449,Couple family: Both parents working,114,70,44
S01007449,Couple family: One parent working,16,8,8
S01007449,Couple family: No parents working,18,10,8
S01007449,Lone parent family: Total,41,26,15
S01007449,Lone parent family: Parent working,19,14,5
S01007449,Lone parent family: Parent not working,22,12,10
S01007450,All parents aged 16 and over with dependent children,159,68,91
S01007450,Couple family: Total,118,48,70
S01007450,Couple family: Both parents working,60,22,38
S01007450,Couple family: One parent working,28,16,12
S01007450,Couple family: No parents working,30,10,20
S01007450,Lone parent family: Total,41,20,21
S01007450,Lone parent family: Parent working,18,8,10
S01007450,Lone parent family: Parent not working,23,12,11
S01007451,All parents aged 16 and over with dependent children,117,53,64
S01007451,Couple family: Total,102,44,58
S01007451,Couple family: Both parents working,86,40,46
S01007451,Couple family: One parent working,14,4,10
S01007451,Couple family: No parents working,2,0,2
S01007451,Lone parent family: Total,15,9,6
S01007451,Lone parent family: Parent working,11,9,2
S01007451,Lone parent family: Parent not working,4,0,4
S01007452,All parents aged 16 and over with dependent children,109,38,71
S01007452,Couple family: Total,86,28,58
S01007452,Couple family: Both parents working,60,18,42
S01007452,Couple family: One parent working,22,8,14
S01007452,Couple family: No parents working,4,2,2
S01007452,Lone parent family: Total,23,10,13
S01007452,Lone parent family: Parent working,12,5,7
S01007452,Lone parent family: Parent not working,11,5,6
S01007453,All parents aged 16 and over with dependent children,199,76,123
S01007453,Couple family: Total,190,72,118
S01007453,Couple family: Both parents working,146,62,84
S01007453,Couple family: One parent working,36,6,30
S01007453,Couple family: No parents working,8,4,4
S01007453,Lone parent family: Total,9,4,5
S01007453,Lone parent family: Parent working,7,4,3
S01007453,Lone parent family: Parent not working,2,0,2
S01007454,All parents aged 16 and over with dependent children,105,52,53
S01007454,Couple family: Total,90,42,48
S01007454,Couple family: Both parents working,56,30,26
S01007454,Couple family: One parent working,26,12,14
S01007454,Couple family: No parents working,8,0,8
S01007454,Lone parent family: Total,15,10,5
S01007454,Lone parent family: Parent working,7,5,2
S01007454,Lone parent family: Parent not working,8,5,3
S01007455,All parents aged 16 and over with dependent children,190,108,82
S01007455,Couple family: Total,142,84,58
S01007455,Couple family: Both parents working,76,44,32
S01007455,Couple family: One parent working,48,32,16
S01007455,Couple family: No parents working,18,8,10
S01007455,Lone parent family: Total,48,24,24
S01007455,Lone parent family: Parent working,17,11,6
S01007455,Lone parent family: Parent not working,31,13,18
S01007456,All parents aged 16 and over with dependent children,223,129,94
S01007456,Couple family: Total,154,78,76
S01007456,Couple family: Both parents working,92,52,40
S01007456,Couple family: One parent working,40,10,30
S01007456,Couple family: No parents working,22,16,6
S01007456,Lone parent family: Total,69,51,18
S01007456,Lone parent family: Parent working,29,24,5
S01007456,Lone parent family: Parent not working,40,27,13
S01007457,All parents aged 16 and over with dependent children,245,113,132
S01007457,Couple family: Total,208,90,118
S01007457,Couple family: Both parents working,156,68,88
S01007457,Couple family: One parent working,32,10,22
S01007457,Couple family: No parents working,20,12,8
S01007457,Lone parent family: Total,37,23,14
S01007457,Lone parent family: Parent working,19,13,6
S01007457,Lone parent family: Parent not working,18,10,8
S01007458,All parents aged 16 and over with dependent children,114,67,47
S01007458,Couple family: Total,104,62,42
S01007458,Couple family: Both parents working,84,54,30
S01007458,Couple family: One parent working,16,6,10
S01007458,Couple family: No parents working,4,2,2
S01007458,Lone parent family: Total,10,5,5
S01007458,Lone parent family: Parent working,8,5,3
S01007458,Lone parent family: Parent not working,2,0,2
S01007459,All parents aged 16 and over with dependent children,112,55,57
S01007459,Couple family: Total,102,50,52
S01007459,Couple family: Both parents working,80,40,40
S01007459,Couple family: One parent working,16,6,10
S01007459,Couple family: No parents working,6,4,2
S01007459,Lone parent family: Total,10,5,5
S01007459,Lone parent family: Parent working,7,4,3
S01007459,Lone parent family: Parent not working,3,1,2
S01007460,All parents aged 16 and over with dependent children,110,53,57
S01007460,Couple family: Total,86,36,50
S01007460,Couple family: Both parents working,66,28,38
S01007460,Couple family: One parent working,20,8,12
S01007460,Couple family: No parents working,0,0,0
S01007460,Lone parent family: Total,24,17,7
S01007460,Lone parent family: Parent working,11,5,6
S01007460,Lone parent family: Parent not working,13,12,1
S01007461,All parents aged 16 and over with dependent children,125,77,48
S01007461,Couple family: Total,72,38,34
S01007461,Couple family: Both parents working,30,18,12
S01007461,Couple family: One parent working,32,14,18
S01007461,Couple family: No parents working,10,6,4
S01007461,Lone parent family: Total,53,39,14
S01007461,Lone parent family: Parent working,28,20,8
S01007461,Lone parent family: Parent not working,25,19,6
S01007462,All parents aged 16 and over with dependent children,137,63,74
S01007462,Couple family: Total,104,44,60
S01007462,Couple family: Both parents working,76,32,44
S01007462,Couple family: One parent working,26,10,16
S01007462,Couple family: No parents working,2,2,0
S01007462,Lone parent family: Total,33,19,14
S01007462,Lone parent family: Parent working,17,10,7
S01007462,Lone parent family: Parent not working,16,9,7
S01007463,All parents aged 16 and over with dependent children,218,77,141
S01007463,Couple family: Total,140,38,102
S01007463,Couple family: Both parents working,64,20,44
S01007463,Couple family: One parent working,46,10,36
S01007463,Couple family: No parents working,30,8,22
S01007463,Lone parent family: Total,78,39,39
S01007463,Lone parent family: Parent working,30,18,12
S01007463,Lone parent family: Parent not working,48,21,27
S01007464,All parents aged 16 and over with dependent children,130,49,81
S01007464,Couple family: Total,100,30,70
S01007464,Couple family: Both parents working,56,16,40
S01007464,Couple family: One parent working,32,8,24
S01007464,Couple family: No parents working,12,6,6
S01007464,Lone parent family: Total,30,19,11
S01007464,Lone parent family: Parent working,11,8,3
S01007464,Lone parent family: Parent not working,19,11,8
S01007465,All parents aged 16 and over with dependent children,176,101,75
S01007465,Couple family: Total,98,54,44
S01007465,Couple family: Both parents working,40,26,14
S01007465,Couple family: One parent working,28,12,16
S01007465,Couple family: No parents working,30,16,14
S01007465,Lone parent family: Total,78,47,31
S01007465,Lone parent family: Parent working,24,13,11
S01007465,Lone parent family: Parent not working,54,34,20
S01007466,All parents aged 16 and over with dependent children,149,94,55
S01007466,Couple family: Total,104,58,46
S01007466,Couple family: Both parents working,58,42,16
S01007466,Couple family: One parent working,34,10,24
S01007466,Couple family: No parents working,12,6,6
S01007466,Lone parent family: Total,45,36,9
S01007466,Lone parent family: Parent working,25,19,6
S01007466,Lone parent family: Parent not working,20,17,3
S01007467,All parents aged 16 and over with dependent children,185,110,75
S01007467,Couple family: Total,140,78,62
S01007467,Couple family: Both parents working,108,64,44
S01007467,Couple family: One parent working,26,10,16
S01007467,Couple family: No parents working,6,4,2
S01007467,Lone parent family: Total,45,32,13
S01007467,Lone parent family: Parent working,25,17,8
S01007467,Lone parent family: Parent not working,20,15,5
S01007468,All parents aged 16 and over with dependent children,150,78,72
S01007468,Couple family: Total,134,66,68
S01007468,Couple family: Both parents working,116,54,62
S01007468,Couple family: One parent working,18,12,6
S01007468,Couple family: No parents working,0,0,0
S01007468,Lone parent family: Total,16,12,4
S01007468,Lone parent family: Parent working,13,10,3
S01007468,Lone parent family: Parent not working,3,2,1
S01007469,All parents aged 16 and over with dependent children,145,66,79
S01007469,Couple family: Total,106,44,62
S01007469,Couple family: Both parents working,62,30,32
S01007469,Couple family: One parent working,34,10,24
S01007469,Couple family: No parents working,10,4,6
S01007469,Lone parent family: Total,39,22,17
S01007469,Lone parent family: Parent working,27,17,10
S01007469,Lone parent family: Parent not working,12,5,7
S01007470,All parents aged 16 and over with dependent children,122,51,71
S01007470,Couple family: Total,90,32,58
S01007470,Couple family: Both parents working,50,24,26
S01007470,Couple family: One parent working,30,8,22
S01007470,Couple family: No parents working,10,0,10
S01007470,Lone parent family: Total,32,19,13
S01007470,Lone parent family: Parent working,15,10,5
S01007470,Lone parent family: Parent not working,17,9,8
S01007471,All parents aged 16 and over with dependent children,125,68,57
S01007471,Couple family: Total,108,58,50
S01007471,Couple family: Both parents working,88,48,40
S01007471,Couple family: One parent working,14,8,6
S01007471,Couple family: No parents working,6,2,4
S01007471,Lone parent family: Total,17,10,7
S01007471,Lone parent family: Parent working,8,6,2
S01007471,Lone parent family: Parent not working,9,4,5
S01007472,All parents aged 16 and over with dependent children,124,82,42
S01007472,Couple family: Total,96,62,34
S01007472,Couple family: Both parents working,66,42,24
S01007472,Couple family: One parent working,18,12,6
S01007472,Couple family: No parents working,12,8,4
S01007472,Lone parent family: Total,28,20,8
S01007472,Lone parent family: Parent working,13,11,2
S01007472,Lone parent family: Parent not working,15,9,6
S01007473,All parents aged 16 and over with dependent children,85,53,32
S01007473,Couple family: Total,62,34,28
S01007473,Couple family: Both parents working,48,24,24
S01007473,Couple family: One parent working,12,8,4
S01007473,Couple family: No parents working,2,2,0
S01007473,Lone parent family: Total,23,19,4
S01007473,Lone parent family: Parent working,13,12,1
S01007473,Lone parent family: Parent not working,10,7,3
S01007474,All parents aged 16 and over with dependent children,120,63,57
S01007474,Couple family: Total,112,56,56
S01007474,Couple family: Both parents working,102,50,52
S01007474,Couple family: One parent working,10,6,4
S01007474,Couple family: No parents working,0,0,0
S01007474,Lone parent family: Total,8,7,1
S01007474,Lone parent family: Parent working,7,6,1
S01007474,Lone parent family: Parent not working,1,1,0
S01007475,All parents aged 16 and over with dependent children,119,53,66
S01007475,Couple family: Total,100,42,58
S01007475,Couple family: Both parents working,84,36,48
S01007475,Couple family: One parent working,12,6,6
S01007475,Couple family: No parents working,4,0,4
S01007475,Lone parent family: Total,19,11,8
S01007475,Lone parent family: Parent working,11,5,6
S01007475,Lone parent family: Parent not working,8,6,2
S01007476,All parents aged 16 and over with dependent children,103,44,59
S01007476,Couple family: Total,88,38,50
S01007476,Couple family: Both parents working,76,32,44
S01007476,Couple family: One parent working,8,4,4
S01007476,Couple family: No parents working,4,2,2
S01007476,Lone parent family: Total,15,6,9
S01007476,Lone parent family: Parent working,8,3,5
S01007476,Lone parent family: Parent not working,7,3,4
S01007477,All parents aged 16 and over with dependent children,111,42,69
S01007477,Couple family: Total,98,36,62
S01007477,Couple family: Both parents working,66,28,38
S01007477,Couple family: One parent working,28,8,20
S01007477,Couple family: No parents working,4,0,4
S01007477,Lone parent family: Total,13,6,7
S01007477,Lone parent family: Parent working,10,4,6
S01007477,Lone parent family: Parent not working,3,2,1
S01007478,All parents aged 16 and over with dependent children,182,79,103
S01007478,Couple family: Total,154,64,90
S01007478,Couple family: Both parents working,130,58,72
S01007478,Couple family: One parent working,22,6,16
S01007478,Couple family: No parents working,2,0,2
S01007478,Lone parent family: Total,28,15,13
S01007478,Lone parent family: Parent working,16,9,7
S01007478,Lone parent family: Parent not working,12,6,6
S01007479,All parents aged 16 and over with dependent children,149,74,75
S01007479,Couple family: Total,124,56,68
S01007479,Couple family: Both parents working,98,40,58
S01007479,Couple family: One parent working,22,12,10
S01007479,Couple family: No parents working,4,4,0
S01007479,Lone parent family: Total,25,18,7
S01007479,Lone parent family: Parent working,15,10,5
S01007479,Lone parent family: Parent not working,10,8,2
S01007480,All parents aged 16 and over with dependent children,197,90,107
S01007480,Couple family: Total,180,78,102
S01007480,Couple family: Both parents working,140,68,72
S01007480,Couple family: One parent working,38,10,28
S01007480,Couple family: No parents working,2,0,2
S01007480,Lone parent family: Total,17,12,5
S01007480,Lone parent family: Parent working,10,8,2
S01007480,Lone parent family: Parent not working,7,4,3
S01007481,All parents aged 16 and over with dependent children,123,58,65
S01007481,Couple family: Total,114,52,62
S01007481,Couple family: Both parents working,92,40,52
S01007481,Couple family: One parent working,20,12,8
S01007481,Couple family: No parents working,2,0,2
S01007481,Lone parent family: Total,9,6,3
S01007481,Lone parent family: Parent working,8,6,2
S01007481,Lone parent family: Parent not working,1,0,1
S01007482,All parents aged 16 and over with dependent children,67,26,41
S01007482,Couple family: Total,54,18,36
S01007482,Couple family: Both parents working,44,14,30
S01007482,Couple family: One parent working,6,2,4
S01007482,Couple family: No parents working,4,2,2
S01007482,Lone parent family: Total,13,8,5
S01007482,Lone parent family: Parent working,7,4,3
S01007482,Lone parent family: Parent not working,6,4,2
S01007483,All parents aged 16 and over with dependent children,188,105,83
S01007483,Couple family: Total,156,84,72
S01007483,Couple family: Both parents working,114,64,50
S01007483,Couple family: One parent working,40,20,20
S01007483,Couple family: No parents working,2,0,2
S01007483,Lone parent family: Total,32,21,11
S01007483,Lone parent family: Parent working,22,15,7
S01007483,Lone parent family: Parent not working,10,6,4
S01007484,All parents aged 16 and over with dependent children,109,66,43
S01007484,Couple family: Total,82,46,36
S01007484,Couple family: Both parents working,56,32,24
S01007484,Couple family: One parent working,22,12,10
S01007484,Couple family: No parents working,4,2,2
S01007484,Lone parent family: Total,27,20,7
S01007484,Lone parent family: Parent working,14,9,5
S01007484,Lone parent family: Parent not working,13,11,2
S01007485,All parents aged 16 and over with dependent children,121,64,57
S01007485,Couple family: Total,86,42,44
S01007485,Couple family: Both parents working,32,14,18
S01007485,Couple family: One parent working,26,8,18
S01007485,Couple family: No parents working,28,20,8
S01007485,Lone parent family: Total,35,22,13
S01007485,Lone parent family: Parent working,19,12,7
S01007485,Lone parent family: Parent not working,16,10,6
S01007486,All parents aged 16 and over with dependent children,152,77,75
S01007486,Couple family: Total,90,32,58
S01007486,Couple family: Both parents working,24,12,12
S01007486,Couple family: One parent working,48,14,34
S01007486,Couple family: No parents working,18,6,12
S01007486,Lone parent family: Total,62,45,17
S01007486,Lone parent family: Parent working,26,17,9
S01007486,Lone parent family: Parent not working,36,28,8
S01007487,All parents aged 16 and over with dependent children,142,72,70
S01007487,Couple family: Total,102,50,52
S01007487,Couple family: Both parents working,80,40,40
S01007487,Couple family: One parent working,16,6,10
S01007487,Couple family: No parents working,6,4,2
S01007487,Lone parent family: Total,40,22,18
S01007487,Lone parent family: Parent working,18,11,7
S01007487,Lone parent family: Parent not working,22,11,11
S01007488,All parents aged 16 and over with dependent children,226,120,106
S01007488,Couple family: Total,180,84,96
S01007488,Couple family: Both parents working,130,62,68
S01007488,Couple family: One parent working,36,18,18
S01007488,Couple family: No parents working,14,4,10
S01007488,Lone parent family: Total,46,36,10
S01007488,Lone parent family: Parent working,28,22,6
S01007488,Lone parent family: Parent not working,18,14,4
S01007489,All parents aged 16 and over with dependent children,176,99,77
S01007489,Couple family: Total,144,74,70
S01007489,Couple family: Both parents working,112,62,50
S01007489,Couple family: One parent working,26,8,18
S01007489,Couple family: No parents working,6,4,2
S01007489,Lone parent family: Total,32,25,7
S01007489,Lone parent family: Parent working,23,19,4
S01007489,Lone parent family: Parent not working,9,6,3
S01007490,All parents aged 16 and over with dependent children,183,82,101
S01007490,Couple family: Total,156,62,94
S01007490,Couple family: Both parents working,98,38,60
S01007490,Couple family: One parent working,36,10,26
S01007490,Couple family: No parents working,22,14,8
S01007490,Lone parent family: Total,27,20,7
S01007490,Lone parent family: Parent working,12,11,1
S01007490,Lone parent family: Parent not working,15,9,6
S01007491,All parents aged 16 and over with dependent children,293,138,155
S01007491,Couple family: Total,218,96,122
S01007491,Couple family: Both parents working,156,78,78
S01007491,Couple family: One parent working,48,12,36
S01007491,Couple family: No parents working,14,6,8
S01007491,Lone parent family: Total,75,42,33
S01007491,Lone parent family: Parent working,40,25,15
S01007491,Lone parent family: Parent not working,35,17,18
S01007492,All parents aged 16 and over with dependent children,112,55,57
S01007492,Couple family: Total,96,42,54
S01007492,Couple family: Both parents working,70,30,40
S01007492,Couple family: One parent working,22,10,12
S01007492,Couple family: No parents working,4,2,2
S01007492,Lone parent family: Total,16,13,3
S01007492,Lone parent family: Parent working,12,11,1
S01007492,Lone parent family: Parent not working,4,2,2
S01007493,All parents aged 16 and over with dependent children,182,102,80
S01007493,Couple family: Total,150,84,66
S01007493,Couple family: Both parents working,102,62,40
S01007493,Couple family: One parent working,36,16,20
S01007493,Couple family: No parents working,12,6,6
S01007493,Lone parent family: Total,32,18,14
S01007493,Lone parent family: Parent working,18,9,9
S01007493,Lone parent family: Parent not working,14,9,5
S01007494,All parents aged 16 and over with dependent children,97,36,61
S01007494,Couple family: Total,86,30,56
S01007494,Couple family: Both parents working,50,18,32
S01007494,Couple family: One parent working,28,8,20
S01007494,Couple family: No parents working,8,4,4
S01007494,Lone parent family: Total,11,6,5
S01007494,Lone parent family: Parent working,4,1,3
S01007494,Lone parent family: Parent not working,7,5,2
S01007495,All parents aged 16 and over with dependent children,191,81,110
S01007495,Couple family: Total,170,70,100
S01007495,Couple family: Both parents working,144,56,88
S01007495,Couple family: One parent working,24,12,12
S01007495,Couple family: No parents working,2,2,0
S01007495,Lone parent family: Total,21,11,10
S01007495,Lone parent family: Parent working,13,6,7
S01007495,Lone parent family: Parent not working,8,5,3
S01007496,All parents aged 16 and over with dependent children,156,70,86
S01007496,Couple family: Total,134,54,80
S01007496,Couple family: Both parents working,100,42,58
S01007496,Couple family: One parent working,26,8,18
S01007496,Couple family: No parents working,8,4,4
S01007496,Lone parent family: Total,22,16,6
S01007496,Lone parent family: Parent working,12,9,3
S01007496,Lone parent family: Parent not working,10,7,3
S01007497,All parents aged 16 and over with dependent children,120,46,74
S01007497,Couple family: Total,98,30,68
S01007497,Couple family: Both parents working,58,18,40
S01007497,Couple family: One parent working,34,8,26
S01007497,Couple family: No parents working,6,4,2
S01007497,Lone parent family: Total,22,16,6
S01007497,Lone parent family: Parent working,11,11,0
S01007497,Lone parent family: Parent not working,11,5,6
S01007498,All parents aged 16 and over with dependent children,134,64,70
S01007498,Couple family: Total,114,48,66
S01007498,Couple family: Both parents working,86,42,44
S01007498,Couple family: One parent working,20,2,18
S01007498,Couple family: No parents working,8,4,4
S01007498,Lone parent family: Total,20,16,4
S01007498,Lone parent family: Parent working,9,6,3
S01007498,Lone parent family: Parent not working,11,10,1
S01007499,All parents aged 16 and over with dependent children,182,82,100
S01007499,Couple family: Total,162,72,90
S01007499,Couple family: Both parents working,106,48,58
S01007499,Couple family: One parent working,42,12,30
S01007499,Couple family: No parents working,14,12,2
S01007499,Lone parent family: Total,20,10,10
S01007499,Lone parent family: Parent working,13,6,7
S01007499,Lone parent family: Parent not working,7,4,3
S01007500,All parents aged 16 and over with dependent children,91,27,64
S01007500,Couple family: Total,80,22,58
S01007500,Couple family: Both parents working,42,6,36
S01007500,Couple family: One parent working,26,8,18
S01007500,Couple family: No parents working,12,8,4
S01007500,Lone parent family: Total,11,5,6
S01007500,Lone parent family: Parent working,10,5,5
S01007500,Lone parent family: Parent not working,1,0,1
S01007501,All parents aged 16 and over with dependent children,92,48,44
S01007501,Couple family: Total,80,42,38
S01007501,Couple family: Both parents working,58,34,24
S01007501,Couple family: One parent working,20,8,12
S01007501,Couple family: No parents working,2,0,2
S01007501,Lone parent family: Total,12,6,6
S01007501,Lone parent family: Parent working,5,3,2
S01007501,Lone parent family: Parent not working,7,3,4
S01007502,All parents aged 16 and over with dependent children,90,35,55
S01007502,Couple family: Total,84,30,54
S01007502,Couple family: Both parents working,54,22,32
S01007502,Couple family: One parent working,22,6,16
S01007502,Couple family: No parents working,8,2,6
S01007502,Lone parent family: Total,6,5,1
S01007502,Lone parent family: Parent working,4,4,0
S01007502,Lone parent family: Parent not working,2,1,1
S01007503,All parents aged 16 and over with dependent children,190,75,115
S01007503,Couple family: Total,160,52,108
S01007503,Couple family: Both parents working,110,30,80
S01007503,Couple family: One parent working,40,18,22
S01007503,Couple family: No parents working,10,4,6
S01007503,Lone parent family: Total,30,23,7
S01007503,Lone parent family: Parent working,20,17,3
S01007503,Lone parent family: Parent not working,10,6,4
S01007504,All parents aged 16 and over with dependent children,100,41,59
S01007504,Couple family: Total,90,36,54
S01007504,Couple family: Both parents working,66,30,36
S01007504,Couple family: One parent working,16,2,14
S01007504,Couple family: No parents working,8,4,4
S01007504,Lone parent family: Total,10,5,5
S01007504,Lone parent family: Parent working,9,4,5
S01007504,Lone parent family: Parent not working,1,1,0
S01007505,All parents aged 16 and over with dependent children,92,37,55
S01007505,Couple family: Total,80,30,50
S01007505,Couple family: Both parents working,48,20,28
S01007505,Couple family: One parent working,22,6,16
S01007505,Couple family: No parents working,10,4,6
S01007505,Lone parent family: Total,12,7,5
S01007505,Lone parent family: Parent working,6,3,3
S01007505,Lone parent family: Parent not working,6,4,2
S01007506,All parents aged 16 and over with dependent children,90,35,55
S01007506,Couple family: Total,82,30,52
S01007506,Couple family: Both parents working,70,26,44
S01007506,Couple family: One parent working,10,2,8
S01007506,Couple family: No parents working,2,2,0
S01007506,Lone parent family: Total,8,5,3
S01007506,Lone parent family: Parent working,8,5,3
S01007506,Lone parent family: Parent not working,0,0,0
S01007507,All parents aged 16 and over with dependent children,168,88,80
S01007507,Couple family: Total,144,70,74
S01007507,Couple family: Both parents working,108,50,58
S01007507,Couple family: One parent working,32,18,14
S01007507,Couple family: No parents working,4,2,2
S01007507,Lone parent family: Total,24,18,6
S01007507,Lone parent family: Parent working,13,11,2
S01007507,Lone parent family: Parent not working,11,7,4
S01007508,All parents aged 16 and over with dependent children,98,26,72
S01007508,Couple family: Total,90,22,68
S01007508,Couple family: Both parents working,58,18,40
S01007508,Couple family: One parent working,28,4,24
S01007508,Couple family: No parents working,4,0,4
S01007508,Lone parent family: Total,8,4,4
S01007508,Lone parent family: Parent working,5,2,3
S01007508,Lone parent family: Parent not working,3,2,1
S01007509,All parents aged 16 and over with dependent children,107,40,67
S01007509,Couple family: Total,98,36,62
S01007509,Couple family: Both parents working,68,22,46
S01007509,Couple family: One parent working,24,12,12
S01007509,Couple family: No parents working,6,2,4
S01007509,Lone parent family: Total,9,4,5
S01007509,Lone parent family: Parent working,6,4,2
S01007509,Lone parent family: Parent not working,3,0,3
S01007510,All parents aged 16 and over with dependent children,160,59,101
S01007510,Couple family: Total,142,50,92
S01007510,Couple family: Both parents working,102,38,64
S01007510,Couple family: One parent working,30,6,24
S01007510,Couple family: No parents working,10,6,4
S01007510,Lone parent family: Total,18,9,9
S01007510,Lone parent family: Parent working,11,5,6
S01007510,Lone parent family: Parent not working,7,4,3
S01007511,All parents aged 16 and over with dependent children,142,49,93
S01007511,Couple family: Total,116,40,76
S01007511,Couple family: Both parents working,76,26,50
S01007511,Couple family: One parent working,26,8,18
S01007511,Couple family: No parents working,14,6,8
S01007511,Lone parent family: Total,26,9,17
S01007511,Lone parent family: Parent working,8,3,5
S01007511,Lone parent family: Parent not working,18,6,12
S01007512,All parents aged 16 and over with dependent children,80,36,44
S01007512,Couple family: Total,66,28,38
S01007512,Couple family: Both parents working,58,28,30
S01007512,Couple family: One parent working,6,0,6
S01007512,Couple family: No parents working,2,0,2
S01007512,Lone parent family: Total,14,8,6
S01007512,Lone parent family: Parent working,11,6,5
S01007512,Lone parent family: Parent not working,3,2,1
S01007513,All parents aged 16 and over with dependent children,257,130,127
S01007513,Couple family: Total,212,100,112
S01007513,Couple family: Both parents working,136,68,68
S01007513,Couple family: One parent working,56,20,36
S01007513,Couple family: No parents working,20,12,8
S01007513,Lone parent family: Total,45,30,15
S01007513,Lone parent family: Parent working,25,18,7
S01007513,Lone parent family: Parent not working,20,12,8
S01007514,All parents aged 16 and over with dependent children,86,46,40
S01007514,Couple family: Total,66,30,36
S01007514,Couple family: Both parents working,38,18,20
S01007514,Couple family: One parent working,22,10,12
S01007514,Couple family: No parents working,6,2,4
S01007514,Lone parent family: Total,20,16,4
S01007514,Lone parent family: Parent working,8,6,2
S01007514,Lone parent family: Parent not working,12,10,2
S01007515,All parents aged 16 and over with dependent children,109,41,68
S01007515,Couple family: Total,102,36,66
S01007515,Couple family: Both parents working,68,24,44
S01007515,Couple family: One parent working,28,8,20
S01007515,Couple family: No parents working,6,4,2
S01007515,Lone parent family: Total,7,5,2
S01007515,Lone parent family: Parent working,5,4,1
S01007515,Lone parent family: Parent not working,2,1,1
S01007516,All parents aged 16 and over with dependent children,151,71,80
S01007516,Couple family: Total,128,56,72
S01007516,Couple family: Both parents working,80,40,40
S01007516,Couple family: One parent working,34,10,24
S01007516,Couple family: No parents working,14,6,8
S01007516,Lone parent family: Total,23,15,8
S01007516,Lone parent family: Parent working,17,10,7
S01007516,Lone parent family: Parent not working,6,5,1
S01007517,All parents aged 16 and over with dependent children,47,24,23
S01007517,Couple family: Total,42,20,22
S01007517,Couple family: Both parents working,32,16,16
S01007517,Couple family: One parent working,6,2,4
S01007517,Couple family: No parents working,4,2,2
S01007517,Lone parent family: Total,5,4,1
S01007517,Lone parent family: Parent working,2,2,0
S01007517,Lone parent family: Parent not working,3,2,1
S01007518,All parents aged 16 and over with dependent children,155,69,86
S01007518,Couple family: Total,134,56,78
S01007518,Couple family: Both parents working,92,38,54
S01007518,Couple family: One parent working,28,10,18
S01007518,Couple family: No parents working,14,8,6
S01007518,Lone parent family: Total,21,13,8
S01007518,Lone parent family: Parent working,15,9,6
S01007518,Lone parent family: Parent not working,6,4,2
S01007519,All parents aged 16 and over with dependent children,50,31,19
S01007519,Couple family: Total,46,30,16
S01007519,Couple family: Both parents working,34,20,14
S01007519,Couple family: One parent working,8,8,0
S01007519,Couple family: No parents working,4,2,2
S01007519,Lone parent family: Total,4,1,3
S01007519,Lone parent family: Parent working,3,1,2
S01007519,Lone parent family: Parent not working,1,0,1
S01007520,All parents aged 16 and over with dependent children,182,68,114
S01007520,Couple family: Total,164,58,106
S01007520,Couple family: Both parents working,98,36,62
S01007520,Couple family: One parent working,56,20,36
S01007520,Couple family: No parents working,10,2,8
S01007520,Lone parent family: Total,18,10,8
S01007520,Lone parent family: Parent working,8,5,3
S01007520,Lone parent family: Parent not working,10,5,5
S01007521,All parents aged 16 and over with dependent children,78,26,52
S01007521,Couple family: Total,70,24,46
S01007521,Couple family: Both parents working,52,16,36
S01007521,Couple family: One parent working,18,8,10
S01007521,Couple family: No parents working,0,0,0
S01007521,Lone parent family: Total,8,2,6
S01007521,Lone parent family: Parent working,3,1,2
S01007521,Lone parent family: Parent not working,5,1,4
S01007522,All parents aged 16 and over with dependent children,135,59,76
S01007522,Couple family: Total,116,50,66
S01007522,Couple family: Both parents working,92,44,48
S01007522,Couple family: One parent working,18,6,12
S01007522,Couple family: No parents working,6,0,6
S01007522,Lone parent family: Total,19,9,10
S01007522,Lone parent family: Parent working,12,8,4
S01007522,Lone parent family: Parent not working,7,1,6
S01007523,All parents aged 16 and over with dependent children,92,33,59
S01007523,Couple family: Total,86,30,56
S01007523,Couple family: Both parents working,50,22,28
S01007523,Couple family: One parent working,30,8,22
S01007523,Couple family: No parents working,6,0,6
S01007523,Lone parent family: Total,6,3,3
S01007523,Lone parent family: Parent working,4,2,2
S01007523,Lone parent family: Parent not working,2,1,1
S01007524,All parents aged 16 and over with dependent children,158,73,85
S01007524,Couple family: Total,138,58,80
S01007524,Couple family: Both parents working,100,46,54
S01007524,Couple family: One parent working,32,8,24
S01007524,Couple family: No parents working,6,4,2
S01007524,Lone parent family: Total,20,15,5
S01007524,Lone parent family: Parent working,14,12,2
S01007524,Lone parent family: Parent not working,6,3,3
S01007525,All parents aged 16 and over with dependent children,81,33,48
S01007525,Couple family: Total,74,30,44
S01007525,Couple family: Both parents working,52,22,30
S01007525,Couple family: One parent working,20,8,12
S01007525,Couple family: No parents working,2,0,2
S01007525,Lone parent family: Total,7,3,4
S01007525,Lone parent family: Parent working,5,3,2
S01007525,Lone parent family: Parent not working,2,0,2
S01007526,All parents aged 16 and over with dependent children,114,52,62
S01007526,Couple family: Total,90,36,54
S01007526,Couple family: Both parents working,58,26,32
S01007526,Couple family: One parent working,30,10,20
S01007526,Couple family: No parents working,2,0,2
S01007526,Lone parent family: Total,24,16,8
S01007526,Lone parent family: Parent working,16,11,5
S01007526,Lone parent family: Parent not working,8,5,3
S01007527,All parents aged 16 and over with dependent children,133,67,66
S01007527,Couple family: Total,120,58,62
S01007527,Couple family: Both parents working,96,50,46
S01007527,Couple family: One parent working,24,8,16
S01007527,Couple family: No parents working,0,0,0
S01007527,Lone parent family: Total,13,9,4
S01007527,Lone parent family: Parent working,10,8,2
S01007527,Lone parent family: Parent not working,3,1,2
S01007528,All parents aged 16 and over with dependent children,129,66,63
S01007528,Couple family: Total,96,48,48
S01007528,Couple family: Both parents working,82,42,40
S01007528,Couple family: One parent working,10,4,6
S01007528,Couple family: No parents working,4,2,2
S01007528,Lone parent family: Total,33,18,15
S01007528,Lone parent family: Parent working,23,13,10
S01007528,Lone parent family: Parent not working,10,5,5
S01007529,All parents aged 16 and over with dependent children,120,59,61
S01007529,Couple family: Total,110,50,60
S01007529,Couple family: Both parents working,84,38,46
S01007529,Couple family: One parent working,20,10,10
S01007529,Couple family: No parents working,6,2,4
S01007529,Lone parent family: Total,10,9,1
S01007529,Lone parent family: Parent working,7,6,1
S01007529,Lone parent family: Parent not working,3,3,0
S01007530,All parents aged 16 and over with dependent children,104,55,49
S01007530,Couple family: Total,96,50,46
S01007530,Couple family: Both parents working,60,26,34
S01007530,Couple family: One parent working,34,22,12
S01007530,Couple family: No parents working,2,2,0
S01007530,Lone parent family: Total,8,5,3
S01007530,Lone parent family: Parent working,5,4,1
S01007530,Lone parent family: Parent not working,3,1,2
S01007531,All parents aged 16 and over with dependent children,132,58,74
S01007531,Couple family: Total,116,50,66
S01007531,Couple family: Both parents working,80,38,42
S01007531,Couple family: One parent working,32,10,22
S01007531,Couple family: No parents working,4,2,2
S01007531,Lone parent family: Total,16,8,8
S01007531,Lone parent family: Parent working,10,5,5
S01007531,Lone parent family: Parent not working,6,3,3
S01007532,All parents aged 16 and over with dependent children,123,39,84
S01007532,Couple family: Total,110,32,78
S01007532,Couple family: Both parents working,68,22,46
S01007532,Couple family: One parent working,40,8,32
S01007532,Couple family: No parents working,2,2,0
S01007532,Lone parent family: Total,13,7,6
S01007532,Lone parent family: Parent working,8,5,3
S01007532,Lone parent family: Parent not working,5,2,3
S01007533,All parents aged 16 and over with dependent children,98,36,62
S01007533,Couple family: Total,96,34,62
S01007533,Couple family: Both parents working,76,32,44
S01007533,Couple family: One parent working,20,2,18
S01007533,Couple family: No parents working,0,0,0
S01007533,Lone parent family: Total,2,2,0
S01007533,Lone parent family: Parent working,1,1,0
S01007533,Lone parent family: Parent not working,1,1,0
S01007534,All parents aged 16 and over with dependent children,186,97,89
S01007534,Couple family: Total,154,72,82
S01007534,Couple family: Both parents working,114,56,58
S01007534,Couple family: One parent working,32,16,16
S01007534,Couple family: No parents working,8,0,8
S01007534,Lone parent family: Total,32,25,7
S01007534,Lone parent family: Parent working,16,14,2
S01007534,Lone parent family: Parent not working,16,11,5
S01007535,All parents aged 16 and over with dependent children,207,91,116
S01007535,Couple family: Total,154,56,98
S01007535,Couple family: Both parents working,126,48,78
S01007535,Couple family: One parent working,22,6,16
S01007535,Couple family: No parents working,6,2,4
S01007535,Lone parent family: Total,53,35,18
S01007535,Lone parent family: Parent working,33,25,8
S01007535,Lone parent family: Parent not working,20,10,10
S01007536,All parents aged 16 and over with dependent children,160,60,100
S01007536,Couple family: Total,138,52,86
S01007536,Couple family: Both parents working,90,40,50
S01007536,Couple family: One parent working,36,10,26
S01007536,Couple family: No parents working,12,2,10
S01007536,Lone parent family: Total,22,8,14
S01007536,Lone parent family: Parent working,18,6,12
S01007536,Lone parent family: Parent not working,4,2,2
S01007537,All parents aged 16 and over with dependent children,161,79,82
S01007537,Couple family: Total,126,56,70
S01007537,Couple family: Both parents working,94,34,60
S01007537,Couple family: One parent working,24,16,8
S01007537,Couple family: No parents working,8,6,2
S01007537,Lone parent family: Total,35,23,12
S01007537,Lone parent family: Parent working,25,18,7
S01007537,Lone parent family: Parent not working,10,5,5
S01007538,All parents aged 16 and over with dependent children,200,74,126
S01007538,Couple family: Total,184,66,118
S01007538,Couple family: Both parents working,154,56,98
S01007538,Couple family: One parent working,28,8,20
S01007538,Couple family: No parents working,2,2,0
S01007538,Lone parent family: Total,16,8,8
S01007538,Lone parent family: Parent working,9,3,6
S01007538,Lone parent family: Parent not working,7,5,2
S01007539,All parents aged 16 and over with dependent children,104,43,61
S01007539,Couple family: Total,94,36,58
S01007539,Couple family: Both parents working,78,30,48
S01007539,Couple family: One parent working,16,6,10
S01007539,Couple family: No parents working,0,0,0
S01007539,Lone parent family: Total,10,7,3
S01007539,Lone parent family: Parent working,9,6,3
S01007539,Lone parent family: Parent not working,1,1,0
S01007540,All parents aged 16 and over with dependent children,130,55,75
S01007540,Couple family: Total,108,42,66
S01007540,Couple family: Both parents working,86,32,54
S01007540,Couple family: One parent working,20,8,12
S01007540,Couple family: No parents working,2,2,0
S01007540,Lone parent family: Total,22,13,9
S01007540,Lone parent family: Parent working,15,9,6
S01007540,Lone parent family: Parent not working,7,4,3
S01007541,All parents aged 16 and over with dependent children,134,62,72
S01007541,Couple family: Total,120,54,66
S01007541,Couple family: Both parents working,92,44,48
S01007541,Couple family: One parent working,24,6,18
S01007541,Couple family: No parents working,4,4,0
S01007541,Lone parent family: Total,14,8,6
S01007541,Lone parent family: Parent working,11,6,5
S01007541,Lone parent family: Parent not working,3,2,1
S01007542,All parents aged 16 and over with dependent children,177,86,91
S01007542,Couple family: Total,126,54,72
S01007542,Couple family: Both parents working,80,36,44
S01007542,Couple family: One parent working,36,14,22
S01007542,Couple family: No parents working,10,4,6
S01007542,Lone parent family: Total,51,32,19
S01007542,Lone parent family: Parent working,37,24,13
S01007542,Lone parent family: Parent not working,14,8,6
S01007543,All parents aged 16 and over with dependent children,226,95,131
S01007543,Couple family: Total,178,62,116
S01007543,Couple family: Both parents working,120,44,76
S01007543,Couple family: One parent working,40,12,28
S01007543,Couple family: No parents working,18,6,12
S01007543,Lone parent family: Total,48,33,15
S01007543,Lone parent family: Parent working,30,21,9
S01007543,Lone parent family: Parent not working,18,12,6
S01007544,All parents aged 16 and over with dependent children,143,54,89
S01007544,Couple family: Total,130,48,82
S01007544,Couple family: Both parents working,102,42,60
S01007544,Couple family: One parent working,24,4,20
S01007544,Couple family: No parents working,4,2,2
S01007544,Lone parent family: Total,13,6,7
S01007544,Lone parent family: Parent working,11,5,6
S01007544,Lone parent family: Parent not working,2,1,1
S01007545,All parents aged 16 and over with dependent children,171,68,103
S01007545,Couple family: Total,160,58,102
S01007545,Couple family: Both parents working,114,36,78
S01007545,Couple family: One parent working,34,16,18
S01007545,Couple family: No parents working,12,6,6
S01007545,Lone parent family: Total,11,10,1
S01007545,Lone parent family: Parent working,7,6,1
S01007545,Lone parent family: Parent not working,4,4,0
S01007546,All parents aged 16 and over with dependent children,125,43,82
S01007546,Couple family: Total,120,40,80
S01007546,Couple family: Both parents working,98,38,60
S01007546,Couple family: One parent working,20,2,18
S01007546,Couple family: No parents working,2,0,2
S01007546,Lone parent family: Total,5,3,2
S01007546,Lone parent family: Parent working,4,2,2
S01007546,Lone parent family: Parent not working,1,1,0
S01007547,All parents aged 16 and over with dependent children,109,43,66
S01007547,Couple family: Total,102,38,64
S01007547,Couple family: Both parents working,70,28,42
S01007547,Couple family: One parent working,26,8,18
S01007547,Couple family: No parents working,6,2,4
S01007547,Lone parent family: Total,7,5,2
S01007547,Lone parent family: Parent working,6,4,2
S01007547,Lone parent family: Parent not working,1,1,0
S01007548,All parents aged 16 and over with dependent children,136,57,79
S01007548,Couple family: Total,118,46,72
S01007548,Couple family: Both parents working,82,34,48
S01007548,Couple family: One parent working,30,8,22
S01007548,Couple family: No parents working,6,4,2
S01007548,Lone parent family: Total,18,11,7
S01007548,Lone parent family: Parent working,11,8,3
S01007548,Lone parent family: Parent not working,7,3,4
S01007549,All parents aged 16 and over with dependent children,96,38,58
S01007549,Couple family: Total,76,26,50
S01007549,Couple family: Both parents working,50,14,36
S01007549,Couple family: One parent working,20,12,8
S01007549,Couple family: No parents working,6,0,6
S01007549,Lone parent family: Total,20,12,8
S01007549,Lone parent family: Parent working,13,9,4
S01007549,Lone parent family: Parent not working,7,3,4
S01007550,All parents aged 16 and over with dependent children,136,56,80
S01007550,Couple family: Total,110,42,68
S01007550,Couple family: Both parents working,76,32,44
S01007550,Couple family: One parent working,32,10,22
S01007550,Couple family: No parents working,2,0,2
S01007550,Lone parent family: Total,26,14,12
S01007550,Lone parent family: Parent working,17,9,8
S01007550,Lone parent family: Parent not working,9,5,4
S01007551,All parents aged 16 and over with dependent children,120,47,73
S01007551,Couple family: Total,114,44,70
S01007551,Couple family: Both parents working,82,36,46
S01007551,Couple family: One parent working,28,6,22
S01007551,Couple family: No parents working,4,2,2
S01007551,Lone parent family: Total,6,3,3
S01007551,Lone parent family: Parent working,4,3,1
S01007551,Lone parent family: Parent not working,2,0,2
S01007552,All parents aged 16 and over with dependent children,198,67,131
S01007552,Couple family: Total,170,50,120
S01007552,Couple family: Both parents working,112,40,72
S01007552,Couple family: One parent working,40,4,36
S01007552,Couple family: No parents working,18,6,12
S01007552,Lone parent family: Total,28,17,11
S01007552,Lone parent family: Parent working,13,8,5
S01007552,Lone parent family: Parent not working,15,9,6
S01007553,All parents aged 16 and over with dependent children,178,69,109
S01007553,Couple family: Total,148,54,94
S01007553,Couple family: Both parents working,70,28,42
S01007553,Couple family: One parent working,34,12,22
S01007553,Couple family: No parents working,44,14,30
S01007553,Lone parent family: Total,30,15,15
S01007553,Lone parent family: Parent working,12,8,4
S01007553,Lone parent family: Parent not working,18,7,11
S01007554,All parents aged 16 and over with dependent children,75,44,31
S01007554,Couple family: Total,48,24,24
S01007554,Couple family: Both parents working,22,8,14
S01007554,Couple family: One parent working,14,10,4
S01007554,Couple family: No parents working,12,6,6
S01007554,Lone parent family: Total,27,20,7
S01007554,Lone parent family: Parent working,8,8,0
S01007554,Lone parent family: Parent not working,19,12,7
S01007555,All parents aged 16 and over with dependent children,88,45,43
S01007555,Couple family: Total,80,42,38
S01007555,Couple family: Both parents working,66,34,32
S01007555,Couple family: One parent working,12,6,6
S01007555,Couple family: No parents working,2,2,0
S01007555,Lone parent family: Total,8,3,5
S01007555,Lone parent family: Parent working,5,2,3
S01007555,Lone parent family: Parent not working,3,1,2
S01007556,All parents aged 16 and over with dependent children,71,33,38
S01007556,Couple family: Total,58,28,30
S01007556,Couple family: Both parents working,46,20,26
S01007556,Couple family: One parent working,4,2,2
S01007556,Couple family: No parents working,8,6,2
S01007556,Lone parent family: Total,13,5,8
S01007556,Lone parent family: Parent working,12,5,7
S01007556,Lone parent family: Parent not working,1,0,1
S01007557,All parents aged 16 and over with dependent children,256,108,148
S01007557,Couple family: Total,206,72,134
S01007557,Couple family: Both parents working,124,38,86
S01007557,Couple family: One parent working,60,24,36
S01007557,Couple family: No parents working,22,10,12
S01007557,Lone parent family: Total,50,36,14
S01007557,Lone parent family: Parent working,29,22,7
S01007557,Lone parent family: Parent not working,21,14,7
S01007558,All parents aged 16 and over with dependent children,75,27,48
S01007558,Couple family: Total,72,26,46
S01007558,Couple family: Both parents working,50,22,28
S01007558,Couple family: One parent working,16,4,12
S01007558,Couple family: No parents working,6,0,6
S01007558,Lone parent family: Total,3,1,2
S01007558,Lone parent family: Parent working,1,0,1
S01007558,Lone parent family: Parent not working,2,1,1
S01007559,All parents aged 16 and over with dependent children,160,60,100
S01007559,Couple family: Total,144,48,96
S01007559,Couple family: Both parents working,110,30,80
S01007559,Couple family: One parent working,30,14,16
S01007559,Couple family: No parents working,4,4,0
S01007559,Lone parent family: Total,16,12,4
S01007559,Lone parent family: Parent working,13,10,3
S01007559,Lone parent family: Parent not working,3,2,1
S01007560,All parents aged 16 and over with dependent children,165,66,99
S01007560,Couple family: Total,140,50,90
S01007560,Couple family: Both parents working,110,40,70
S01007560,Couple family: One parent working,26,8,18
S01007560,Couple family: No parents working,4,2,2
S01007560,Lone parent family: Total,25,16,9
S01007560,Lone parent family: Parent working,17,12,5
S01007560,Lone parent family: Parent not working,8,4,4
S01007561,All parents aged 16 and over with dependent children,99,54,45
S01007561,Couple family: Total,82,44,38
S01007561,Couple family: Both parents working,58,30,28
S01007561,Couple family: One parent working,20,12,8
S01007561,Couple family: No parents working,4,2,2
S01007561,Lone parent family: Total,17,10,7
S01007561,Lone parent family: Parent working,12,7,5
S01007561,Lone parent family: Parent not working,5,3,2
S01007562,All parents aged 16 and over with dependent children,192,82,110
S01007562,Couple family: Total,164,68,96
S01007562,Couple family: Both parents working,124,52,72
S01007562,Couple family: One parent working,32,14,18
S01007562,Couple family: No parents working,8,2,6
S01007562,Lone parent family: Total,28,14,14
S01007562,Lone parent family: Parent working,14,8,6
S01007562,Lone parent family: Parent not working,14,6,8
S01007563,All parents aged 16 and over with dependent children,174,58,116
S01007563,Couple family: Total,142,40,102
S01007563,Couple family: Both parents working,106,26,80
S01007563,Couple family: One parent working,26,8,18
S01007563,Couple family: No parents working,10,6,4
S01007563,Lone parent family: Total,32,18,14
S01007563,Lone parent family: Parent working,26,15,11
S01007563,Lone parent family: Parent not working,6,3,3
S01007564,All parents aged 16 and over with dependent children,150,53,97
S01007564,Couple family: Total,142,48,94
S01007564,Couple family: Both parents working,98,36,62
S01007564,Couple family: One parent working,28,2,26
S01007564,Couple family: No parents working,16,10,6
S01007564,Lone parent family: Total,8,5,3
S01007564,Lone parent family: Parent working,5,3,2
S01007564,Lone parent family: Parent not working,3,2,1
S01007565,All parents aged 16 and over with dependent children,177,65,112
S01007565,Couple family: Total,164,60,104
S01007565,Couple family: Both parents working,100,44,56
S01007565,Couple family: One parent working,56,8,48
S01007565,Couple family: No parents working,8,8,0
S01007565,Lone parent family: Total,13,5,8
S01007565,Lone parent family: Parent working,9,3,6
S01007565,Lone parent family: Parent not working,4,2,2
S01007566,All parents aged 16 and over with dependent children,161,77,84
S01007566,Couple family: Total,148,70,78
S01007566,Couple family: Both parents working,116,56,60
S01007566,Couple family: One parent working,26,8,18
S01007566,Couple family: No parents working,6,6,0
S01007566,Lone parent family: Total,13,7,6
S01007566,Lone parent family: Parent working,8,4,4
S01007566,Lone parent family: Parent not working,5,3,2
S01007567,All parents aged 16 and over with dependent children,142,58,84
S01007567,Couple family: Total,136,54,82
S01007567,Couple family: Both parents working,108,44,64
S01007567,Couple family: One parent working,28,10,18
S01007567,Couple family: No parents working,0,0,0
S01007567,Lone parent family: Total,6,4,2
S01007567,Lone parent family: Parent working,5,3,2
S01007567,Lone parent family: Parent not working,1,1,0
S01007568,All parents aged 16 and over with dependent children,129,60,69
S01007568,Couple family: Total,112,50,62
S01007568,Couple family: Both parents working,84,36,48
S01007568,Couple family: One parent working,26,12,14
S01007568,Couple family: No parents working,2,2,0
S01007568,Lone parent family: Total,17,10,7
S01007568,Lone parent family: Parent working,17,10,7
S01007568,Lone parent family: Parent not working,0,0,0
S01007569,All parents aged 16 and over with dependent children,149,70,79
S01007569,Couple family: Total,138,66,72
S01007569,Couple family: Both parents working,84,40,44
S01007569,Couple family: One parent working,50,24,26
S01007569,Couple family: No parents working,4,2,2
S01007569,Lone parent family: Total,11,4,7
S01007569,Lone parent family: Parent working,8,4,4
S01007569,Lone parent family: Parent not working,3,0,3
S01007570,All parents aged 16 and over with dependent children,118,54,64
S01007570,Couple family: Total,100,46,54
S01007570,Couple family: Both parents working,78,32,46
S01007570,Couple family: One parent working,12,10,2
S01007570,Couple family: No parents working,10,4,6
S01007570,Lone parent family: Total,18,8,10
S01007570,Lone parent family: Parent working,8,5,3
S01007570,Lone parent family: Parent not working,10,3,7
S01007571,All parents aged 16 and over with dependent children,101,43,58
S01007571,Couple family: Total,98,42,56
S01007571,Couple family: Both parents working,72,34,38
S01007571,Couple family: One parent working,20,6,14
S01007571,Couple family: No parents working,6,2,4
S01007571,Lone parent family: Total,3,1,2
S01007571,Lone parent family: Parent working,1,0,1
S01007571,Lone parent family: Parent not working,2,1,1
S01007572,All parents aged 16 and over with dependent children,197,86,111
S01007572,Couple family: Total,162,66,96
S01007572,Couple family: Both parents working,114,52,62
S01007572,Couple family: One parent working,34,10,24
S01007572,Couple family: No parents working,14,4,10
S01007572,Lone parent family: Total,35,20,15
S01007572,Lone parent family: Parent working,17,11,6
S01007572,Lone parent family: Parent not working,18,9,9
S01007573,All parents aged 16 and over with dependent children,300,136,164
S01007573,Couple family: Total,278,126,152
S01007573,Couple family: Both parents working,236,110,126
S01007573,Couple family: One parent working,32,12,20
S01007573,Couple family: No parents working,10,4,6
S01007573,Lone parent family: Total,22,10,12
S01007573,Lone parent family: Parent working,20,10,10
S01007573,Lone parent family: Parent not working,2,0,2
S01007574,All parents aged 16 and over with dependent children,224,99,125
S01007574,Couple family: Total,178,70,108
S01007574,Couple family: Both parents working,140,60,80
S01007574,Couple family: One parent working,24,6,18
S01007574,Couple family: No parents working,14,4,10
S01007574,Lone parent family: Total,46,29,17
S01007574,Lone parent family: Parent working,32,21,11
S01007574,Lone parent family: Parent not working,14,8,6
S01007575,All parents aged 16 and over with dependent children,156,92,64
S01007575,Couple family: Total,102,56,46
S01007575,Couple family: Both parents working,74,44,30
S01007575,Couple family: One parent working,24,12,12
S01007575,Couple family: No parents working,4,0,4
S01007575,Lone parent family: Total,54,36,18
S01007575,Lone parent family: Parent working,28,23,5
S01007575,Lone parent family: Parent not working,26,13,13
S01007576,All parents aged 16 and over with dependent children,154,63,91
S01007576,Couple family: Total,92,24,68
S01007576,Couple family: Both parents working,34,10,24
S01007576,Couple family: One parent working,26,10,16
S01007576,Couple family: No parents working,32,4,28
S01007576,Lone parent family: Total,62,39,23
S01007576,Lone parent family: Parent working,28,19,9
S01007576,Lone parent family: Parent not working,34,20,14
S01007577,All parents aged 16 and over with dependent children,154,83,71
S01007577,Couple family: Total,100,48,52
S01007577,Couple family: Both parents working,48,32,16
S01007577,Couple family: One parent working,34,10,24
S01007577,Couple family: No parents working,18,6,12
S01007577,Lone parent family: Total,54,35,19
S01007577,Lone parent family: Parent working,25,19,6
S01007577,Lone parent family: Parent not working,29,16,13
S01007578,All parents aged 16 and over with dependent children,157,71,86
S01007578,Couple family: Total,114,44,70
S01007578,Couple family: Both parents working,80,30,50
S01007578,Couple family: One parent working,22,8,14
S01007578,Couple family: No parents working,12,6,6
S01007578,Lone parent family: Total,43,27,16
S01007578,Lone parent family: Parent working,19,10,9
S01007578,Lone parent family: Parent not working,24,17,7
S01007579,All parents aged 16 and over with dependent children,167,74,93
S01007579,Couple family: Total,112,40,72
S01007579,Couple family: Both parents working,68,32,36
S01007579,Couple family: One parent working,34,6,28
S01007579,Couple family: No parents working,10,2,8
S01007579,Lone parent family: Total,55,34,21
S01007579,Lone parent family: Parent working,34,22,12
S01007579,Lone parent family: Parent not working,21,12,9
S01007580,All parents aged 16 and over with dependent children,194,82,112
S01007580,Couple family: Total,144,62,82
S01007580,Couple family: Both parents working,84,40,44
S01007580,Couple family: One parent working,50,18,32
S01007580,Couple family: No parents working,10,4,6
S01007580,Lone parent family: Total,50,20,30
S01007580,Lone parent family: Parent working,29,15,14
S01007580,Lone parent family: Parent not working,21,5,16
S01007581,All parents aged 16 and over with dependent children,110,48,62
S01007581,Couple family: Total,84,36,48
S01007581,Couple family: Both parents working,54,22,32
S01007581,Couple family: One parent working,20,14,6
S01007581,Couple family: No parents working,10,0,10
S01007581,Lone parent family: Total,26,12,14
S01007581,Lone parent family: Parent working,15,9,6
S01007581,Lone parent family: Parent not working,11,3,8
S01007582,All parents aged 16 and over with dependent children,144,72,72
S01007582,Couple family: Total,110,48,62
S01007582,Couple family: Both parents working,72,30,42
S01007582,Couple family: One parent working,26,14,12
S01007582,Couple family: No parents working,12,4,8
S01007582,Lone parent family: Total,34,24,10
S01007582,Lone parent family: Parent working,23,15,8
S01007582,Lone parent family: Parent not working,11,9,2
S01007583,All parents aged 16 and over with dependent children,226,113,113
S01007583,Couple family: Total,140,56,84
S01007583,Couple family: Both parents working,92,44,48
S01007583,Couple family: One parent working,34,8,26
S01007583,Couple family: No parents working,14,4,10
S01007583,Lone parent family: Total,86,57,29
S01007583,Lone parent family: Parent working,45,31,14
S01007583,Lone parent family: Parent not working,41,26,15
S01007584,All parents aged 16 and over with dependent children,139,52,87
S01007584,Couple family: Total,116,36,80
S01007584,Couple family: Both parents working,70,26,44
S01007584,Couple family: One parent working,34,8,26
S01007584,Couple family: No parents working,12,2,10
S01007584,Lone parent family: Total,23,16,7
S01007584,Lone parent family: Parent working,12,10,2
S01007584,Lone parent family: Parent not working,11,6,5
S01007585,All parents aged 16 and over with dependent children,118,54,64
S01007585,Couple family: Total,106,50,56
S01007585,Couple family: Both parents working,88,38,50
S01007585,Couple family: One parent working,18,12,6
S01007585,Couple family: No parents working,0,0,0
S01007585,Lone parent family: Total,12,4,8
S01007585,Lone parent family: Parent working,8,2,6
S01007585,Lone parent family: Parent not working,4,2,2
S01007586,All parents aged 16 and over with dependent children,205,93,112
S01007586,Couple family: Total,158,64,94
S01007586,Couple family: Both parents working,102,46,56
S01007586,Couple family: One parent working,42,14,28
S01007586,Couple family: No parents working,14,4,10
S01007586,Lone parent family: Total,47,29,18
S01007586,Lone parent family: Parent working,24,13,11
S01007586,Lone parent family: Parent not working,23,16,7
S01007587,All parents aged 16 and over with dependent children,103,48,55
S01007587,Couple family: Total,90,40,50
S01007587,Couple family: Both parents working,70,32,38
S01007587,Couple family: One parent working,20,8,12
S01007587,Couple family: No parents working,0,0,0
S01007587,Lone parent family: Total,13,8,5
S01007587,Lone parent family: Parent working,9,6,3
S01007587,Lone parent family: Parent not working,4,2,2
S01007588,All parents aged 16 and over with dependent children,186,76,110
S01007588,Couple family: Total,172,68,104
S01007588,Couple family: Both parents working,146,58,88
S01007588,Couple family: One parent working,20,6,14
S01007588,Couple family: No parents working,6,4,2
S01007588,Lone parent family: Total,14,8,6
S01007588,Lone parent family: Parent working,10,7,3
S01007588,Lone parent family: Parent not working,4,1,3
S01007589,All parents aged 16 and over with dependent children,113,66,47
S01007589,Couple family: Total,92,52,40
S01007589,Couple family: Both parents working,78,44,34
S01007589,Couple family: One parent working,8,4,4
S01007589,Couple family: No parents working,6,4,2
S01007589,Lone parent family: Total,21,14,7
S01007589,Lone parent family: Parent working,14,11,3
S01007589,Lone parent family: Parent not working,7,3,4
S01007590,All parents aged 16 and over with dependent children,136,49,87
S01007590,Couple family: Total,122,44,78
S01007590,Couple family: Both parents working,106,38,68
S01007590,Couple family: One parent working,14,4,10
S01007590,Couple family: No parents working,2,2,0
S01007590,Lone parent family: Total,14,5,9
S01007590,Lone parent family: Parent working,13,4,9
S01007590,Lone parent family: Parent not working,1,1,0
S01007591,All parents aged 16 and over with dependent children,111,57,54
S01007591,Couple family: Total,96,46,50
S01007591,Couple family: Both parents working,78,38,40
S01007591,Couple family: One parent working,14,6,8
S01007591,Couple family: No parents working,4,2,2
S01007591,Lone parent family: Total,15,11,4
S01007591,Lone parent family: Parent working,13,9,4
S01007591,Lone parent family: Parent not working,2,2,0
S01007592,All parents aged 16 and over with dependent children,111,59,52
S01007592,Couple family: Total,62,28,34
S01007592,Couple family: Both parents working,44,18,26
S01007592,Couple family: One parent working,16,10,6
S01007592,Couple family: No parents working,2,0,2
S01007592,Lone parent family: Total,49,31,18
S01007592,Lone parent family: Parent working,32,19,13
S01007592,Lone parent family: Parent not working,17,12,5
S01007593,All parents aged 16 and over with dependent children,211,97,114
S01007593,Couple family: Total,190,86,104
S01007593,Couple family: Both parents working,154,68,86
S01007593,Couple family: One parent working,30,14,16
S01007593,Couple family: No parents working,6,4,2
S01007593,Lone parent family: Total,21,11,10
S01007593,Lone parent family: Parent working,19,10,9
S01007593,Lone parent family: Parent not working,2,1,1
S01007594,All parents aged 16 and over with dependent children,168,74,94
S01007594,Couple family: Total,156,68,88
S01007594,Couple family: Both parents working,128,62,66
S01007594,Couple family: One parent working,22,4,18
S01007594,Couple family: No parents working,6,2,4
S01007594,Lone parent family: Total,12,6,6
S01007594,Lone parent family: Parent working,10,5,5
S01007594,Lone parent family: Parent not working,2,1,1
S01007595,All parents aged 16 and over with dependent children,178,68,110
S01007595,Couple family: Total,166,60,106
S01007595,Couple family: Both parents working,128,50,78
S01007595,Couple family: One parent working,38,10,28
S01007595,Couple family: No parents working,0,0,0
S01007595,Lone parent family: Total,12,8,4
S01007595,Lone parent family: Parent working,12,8,4
S01007595,Lone parent family: Parent not working,0,0,0
S01007596,All parents aged 16 and over with dependent children,74,25,49
S01007596,Couple family: Total,62,18,44
S01007596,Couple family: Both parents working,44,12,32
S01007596,Couple family: One parent working,14,2,12
S01007596,Couple family: No parents working,4,4,0
S01007596,Lone parent family: Total,12,7,5
S01007596,Lone parent family: Parent working,9,5,4
S01007596,Lone parent family: Parent not working,3,2,1
S01007597,All parents aged 16 and over with dependent children,144,61,83
S01007597,Couple family: Total,134,56,78
S01007597,Couple family: Both parents working,102,46,56
S01007597,Couple family: One parent working,26,6,20
S01007597,Couple family: No parents working,6,4,2
S01007597,Lone parent family: Total,10,5,5
S01007597,Lone parent family: Parent working,7,3,4
S01007597,Lone parent family: Parent not working,3,2,1
S01007598,All parents aged 16 and over with dependent children,108,42,66
S01007598,Couple family: Total,90,32,58
S01007598,Couple family: Both parents working,76,24,52
S01007598,Couple family: One parent working,12,6,6
S01007598,Couple family: No parents working,2,2,0
S01007598,Lone parent family: Total,18,10,8
S01007598,Lone parent family: Parent working,15,8,7
S01007598,Lone parent family: Parent not working,3,2,1
S01007599,All parents aged 16 and over with dependent children,182,91,91
S01007599,Couple family: Total,156,74,82
S01007599,Couple family: Both parents working,116,62,54
S01007599,Couple family: One parent working,36,8,28
S01007599,Couple family: No parents working,4,4,0
S01007599,Lone parent family: Total,26,17,9
S01007599,Lone parent family: Parent working,19,12,7
S01007599,Lone parent family: Parent not working,7,5,2
S01007600,All parents aged 16 and over with dependent children,202,80,122
S01007600,Couple family: Total,186,70,116
S01007600,Couple family: Both parents working,152,58,94
S01007600,Couple family: One parent working,32,12,20
S01007600,Couple family: No parents working,2,0,2
S01007600,Lone parent family: Total,16,10,6
S01007600,Lone parent family: Parent working,14,9,5
S01007600,Lone parent family: Parent not working,2,1,1
S01007601,All parents aged 16 and over with dependent children,138,88,50
S01007601,Couple family: Total,112,70,42
S01007601,Couple family: Both parents working,96,60,36
S01007601,Couple family: One parent working,14,8,6
S01007601,Couple family: No parents working,2,2,0
S01007601,Lone parent family: Total,26,18,8
S01007601,Lone parent family: Parent working,18,12,6
S01007601,Lone parent family: Parent not working,8,6,2
S01007602,All parents aged 16 and over with dependent children,137,47,90
S01007602,Couple family: Total,124,42,82
S01007602,Couple family: Both parents working,112,36,76
S01007602,Couple family: One parent working,12,6,6
S01007602,Couple family: No parents working,0,0,0
S01007602,Lone parent family: Total,13,5,8
S01007602,Lone parent family: Parent working,11,5,6
S01007602,Lone parent family: Parent not working,2,0,2
S01007603,All parents aged 16 and over with dependent children,171,82,89
S01007603,Couple family: Total,156,72,84
S01007603,Couple family: Both parents working,132,62,70
S01007603,Couple family: One parent working,20,8,12
S01007603,Couple family: No parents working,4,2,2
S01007603,Lone parent family: Total,15,10,5
S01007603,Lone parent family: Parent working,14,10,4
S01007603,Lone parent family: Parent not working,1,0,1
S01007604,All parents aged 16 and over with dependent children,168,70,98
S01007604,Couple family: Total,158,62,96
S01007604,Couple family: Both parents working,142,60,82
S01007604,Couple family: One parent working,10,2,8
S01007604,Couple family: No parents working,6,0,6
S01007604,Lone parent family: Total,10,8,2
S01007604,Lone parent family: Parent working,9,8,1
S01007604,Lone parent family: Parent not working,1,0,1
S01007605,All parents aged 16 and over with dependent children,151,63,88
S01007605,Couple family: Total,140,58,82
S01007605,Couple family: Both parents working,124,54,70
S01007605,Couple family: One parent working,16,4,12
S01007605,Couple family: No parents working,0,0,0
S01007605,Lone parent family: Total,11,5,6
S01007605,Lone parent family: Parent working,8,5,3
S01007605,Lone parent family: Parent not working,3,0,3
S01007606,All parents aged 16 and over with dependent children,118,55,63
S01007606,Couple family: Total,102,44,58
S01007606,Couple family: Both parents working,82,34,48
S01007606,Couple family: One parent working,20,10,10
S01007606,Couple family: No parents working,0,0,0
S01007606,Lone parent family: Total,16,11,5
S01007606,Lone parent family: Parent working,13,9,4
S01007606,Lone parent family: Parent not working,3,2,1
S01007607,All parents aged 16 and over with dependent children,149,72,77
S01007607,Couple family: Total,140,66,74
S01007607,Couple family: Both parents working,126,60,66
S01007607,Couple family: One parent working,14,6,8
S01007607,Couple family: No parents working,0,0,0
S01007607,Lone parent family: Total,9,6,3
S01007607,Lone parent family: Parent working,8,5,3
S01007607,Lone parent family: Parent not working,1,1,0
S01007608,All parents aged 16 and over with dependent children,149,75,74
S01007608,Couple family: Total,132,62,70
S01007608,Couple family: Both parents working,116,52,64
S01007608,Couple family: One parent working,14,8,6
S01007608,Couple family: No parents working,2,2,0
S01007608,Lone parent family: Total,17,13,4
S01007608,Lone parent family: Parent working,14,10,4
S01007608,Lone parent family: Parent not working,3,3,0
S01007609,All parents aged 16 and over with dependent children,198,99,99
S01007609,Couple family: Total,144,62,82
S01007609,Couple family: Both parents working,92,36,56
S01007609,Couple family: One parent working,34,20,14
S01007609,Couple family: No parents working,18,6,12
S01007609,Lone parent family: Total,54,37,17
S01007609,Lone parent family: Parent working,29,22,7
S01007609,Lone parent family: Parent not working,25,15,10
S01007610,All parents aged 16 and over with dependent children,74,48,26
S01007610,Couple family: Total,54,34,20
S01007610,Couple family: Both parents working,42,26,16
S01007610,Couple family: One parent working,8,8,0
S01007610,Couple family: No parents working,4,0,4
S01007610,Lone parent family: Total,20,14,6
S01007610,Lone parent family: Parent working,13,8,5
S01007610,Lone parent family: Parent not working,7,6,1
S01007611,All parents aged 16 and over with dependent children,136,81,55
S01007611,Couple family: Total,100,56,44
S01007611,Couple family: Both parents working,62,40,22
S01007611,Couple family: One parent working,26,8,18
S01007611,Couple family: No parents working,12,8,4
S01007611,Lone parent family: Total,36,25,11
S01007611,Lone parent family: Parent working,17,13,4
S01007611,Lone parent family: Parent not working,19,12,7
S01007612,All parents aged 16 and over with dependent children,129,73,56
S01007612,Couple family: Total,100,50,50
S01007612,Couple family: Both parents working,50,28,22
S01007612,Couple family: One parent working,32,12,20
S01007612,Couple family: No parents working,18,10,8
S01007612,Lone parent family: Total,29,23,6
S01007612,Lone parent family: Parent working,16,14,2
S01007612,Lone parent family: Parent not working,13,9,4
S01007613,All parents aged 16 and over with dependent children,144,69,75
S01007613,Couple family: Total,136,64,72
S01007613,Couple family: Both parents working,102,46,56
S01007613,Couple family: One parent working,26,12,14
S01007613,Couple family: No parents working,8,6,2
S01007613,Lone parent family: Total,8,5,3
S01007613,Lone parent family: Parent working,7,4,3
S01007613,Lone parent family: Parent not working,1,1,0
S01007614,All parents aged 16 and over with dependent children,203,99,104
S01007614,Couple family: Total,188,90,98
S01007614,Couple family: Both parents working,142,70,72
S01007614,Couple family: One parent working,44,18,26
S01007614,Couple family: No parents working,2,2,0
S01007614,Lone parent family: Total,15,9,6
S01007614,Lone parent family: Parent working,12,7,5
S01007614,Lone parent family: Parent not working,3,2,1
S01007615,All parents aged 16 and over with dependent children,221,92,129
S01007615,Couple family: Total,190,74,116
S01007615,Couple family: Both parents working,152,60,92
S01007615,Couple family: One parent working,30,12,18
S01007615,Couple family: No parents working,8,2,6
S01007615,Lone parent family: Total,31,18,13
S01007615,Lone parent family: Parent working,27,15,12
S01007615,Lone parent family: Parent not working,4,3,1
S01007616,All parents aged 16 and over with dependent children,136,63,73
S01007616,Couple family: Total,102,38,64
S01007616,Couple family: Both parents working,76,34,42
S01007616,Couple family: One parent working,20,4,16
S01007616,Couple family: No parents working,6,0,6
S01007616,Lone parent family: Total,34,25,9
S01007616,Lone parent family: Parent working,21,17,4
S01007616,Lone parent family: Parent not working,13,8,5
S01007617,All parents aged 16 and over with dependent children,107,68,39
S01007617,Couple family: Total,90,54,36
S01007617,Couple family: Both parents working,66,42,24
S01007617,Couple family: One parent working,20,12,8
S01007617,Couple family: No parents working,4,0,4
S01007617,Lone parent family: Total,17,14,3
S01007617,Lone parent family: Parent working,11,10,1
S01007617,Lone parent family: Parent not working,6,4,2
S01007618,All parents aged 16 and over with dependent children,138,57,81
S01007618,Couple family: Total,110,38,72
S01007618,Couple family: Both parents working,80,32,48
S01007618,Couple family: One parent working,20,0,20
S01007618,Couple family: No parents working,10,6,4
S01007618,Lone parent family: Total,28,19,9
S01007618,Lone parent family: Parent working,22,14,8
S01007618,Lone parent family: Parent not working,6,5,1
S01007619,All parents aged 16 and over with dependent children,127,54,73
S01007619,Couple family: Total,106,42,64
S01007619,Couple family: Both parents working,82,38,44
S01007619,Couple family: One parent working,18,2,16
S01007619,Couple family: No parents working,6,2,4
S01007619,Lone parent family: Total,21,12,9
S01007619,Lone parent family: Parent working,14,9,5
S01007619,Lone parent family: Parent not working,7,3,4
S01007620,All parents aged 16 and over with dependent children,87,41,46
S01007620,Couple family: Total,80,36,44
S01007620,Couple family: Both parents working,70,32,38
S01007620,Couple family: One parent working,10,4,6
S01007620,Couple family: No parents working,0,0,0
S01007620,Lone parent family: Total,7,5,2
S01007620,Lone parent family: Parent working,6,5,1
S01007620,Lone parent family: Parent not working,1,0,1
S01007621,All parents aged 16 and over with dependent children,122,67,55
S01007621,Couple family: Total,108,60,48
S01007621,Couple family: Both parents working,86,48,38
S01007621,Couple family: One parent working,20,12,8
S01007621,Couple family: No parents working,2,0,2
S01007621,Lone parent family: Total,14,7,7
S01007621,Lone parent family: Parent working,9,4,5
S01007621,Lone parent family: Parent not working,5,3,2
S01007622,All parents aged 16 and over with dependent children,116,43,73
S01007622,Couple family: Total,100,34,66
S01007622,Couple family: Both parents working,82,30,52
S01007622,Couple family: One parent working,12,2,10
S01007622,Couple family: No parents working,6,2,4
S01007622,Lone parent family: Total,16,9,7
S01007622,Lone parent family: Parent working,13,7,6
S01007622,Lone parent family: Parent not working,3,2,1
S01007623,All parents aged 16 and over with dependent children,138,68,70
S01007623,Couple family: Total,128,62,66
S01007623,Couple family: Both parents working,118,58,60
S01007623,Couple family: One parent working,10,4,6
S01007623,Couple family: No parents working,0,0,0
S01007623,Lone parent family: Total,10,6,4
S01007623,Lone parent family: Parent working,7,4,3
S01007623,Lone parent family: Parent not working,3,2,1
S01007624,All parents aged 16 and over with dependent children,161,81,80
S01007624,Couple family: Total,152,76,76
S01007624,Couple family: Both parents working,120,58,62
S01007624,Couple family: One parent working,32,18,14
S01007624,Couple family: No parents working,0,0,0
S01007624,Lone parent family: Total,9,5,4
S01007624,Lone parent family: Parent working,5,2,3
S01007624,Lone parent family: Parent not working,4,3,1
S01007625,All parents aged 16 and over with dependent children,101,50,51
S01007625,Couple family: Total,92,44,48
S01007625,Couple family: Both parents working,80,36,44
S01007625,Couple family: One parent working,12,8,4
S01007625,Couple family: No parents working,0,0,0
S01007625,Lone parent family: Total,9,6,3
S01007625,Lone parent family: Parent working,7,6,1
S01007625,Lone parent family: Parent not working,2,0,2
S01007626,All parents aged 16 and over with dependent children,189,91,98
S01007626,Couple family: Total,180,84,96
S01007626,Couple family: Both parents working,158,76,82
S01007626,Couple family: One parent working,18,6,12
S01007626,Couple family: No parents working,4,2,2
S01007626,Lone parent family: Total,9,7,2
S01007626,Lone parent family: Parent working,8,6,2
S01007626,Lone parent family: Parent not working,1,1,0
S01007627,All parents aged 16 and over with dependent children,125,52,73
S01007627,Couple family: Total,114,46,68
S01007627,Couple family: Both parents working,94,40,54
S01007627,Couple family: One parent working,16,4,12
S01007627,Couple family: No parents working,4,2,2
S01007627,Lone parent family: Total,11,6,5
S01007627,Lone parent family: Parent working,9,5,4
S01007627,Lone parent family: Parent not working,2,1,1
S01007628,All parents aged 16 and over with dependent children,132,47,85
S01007628,Couple family: Total,124,44,80
S01007628,Couple family: Both parents working,106,40,66
S01007628,Couple family: One parent working,18,4,14
S01007628,Couple family: No parents working,0,0,0
S01007628,Lone parent family: Total,8,3,5
S01007628,Lone parent family: Parent working,7,3,4
S01007628,Lone parent family: Parent not working,1,0,1
S01007629,All parents aged 16 and over with dependent children,133,60,73
S01007629,Couple family: Total,122,58,64
S01007629,Couple family: Both parents working,104,52,52
S01007629,Couple family: One parent working,16,6,10
S01007629,Couple family: No parents working,2,0,2
S01007629,Lone parent family: Total,11,2,9
S01007629,Lone parent family: Parent working,6,2,4
S01007629,Lone parent family: Parent not working,5,0,5
S01007630,All parents aged 16 and over with dependent children,161,75,86
S01007630,Couple family: Total,154,68,86
S01007630,Couple family: Both parents working,124,54,70
S01007630,Couple family: One parent working,24,10,14
S01007630,Couple family: No parents working,6,4,2
S01007630,Lone parent family: Total,7,7,0
S01007630,Lone parent family: Parent working,5,5,0
S01007630,Lone parent family: Parent not working,2,2,0
S01007631,All parents aged 16 and over with dependent children,119,44,75
S01007631,Couple family: Total,110,38,72
S01007631,Couple family: Both parents working,96,34,62
S01007631,Couple family: One parent working,14,4,10
S01007631,Couple family: No parents working,0,0,0
S01007631,Lone parent family: Total,9,6,3
S01007631,Lone parent family: Parent working,6,5,1
S01007631,Lone parent family: Parent not working,3,1,2
S01007632,All parents aged 16 and over with dependent children,192,94,98
S01007632,Couple family: Total,156,72,84
S01007632,Couple family: Both parents working,124,60,64
S01007632,Couple family: One parent working,28,10,18
S01007632,Couple family: No parents working,4,2,2
S01007632,Lone parent family: Total,36,22,14
S01007632,Lone parent family: Parent working,19,10,9
S01007632,Lone parent family: Parent not working,17,12,5
S01007633,All parents aged 16 and over with dependent children,192,99,93
S01007633,Couple family: Total,162,74,88
S01007633,Couple family: Both parents working,120,56,64
S01007633,Couple family: One parent working,34,14,20
S01007633,Couple family: No parents working,8,4,4
S01007633,Lone parent family: Total,30,25,5
S01007633,Lone parent family: Parent working,21,17,4
S01007633,Lone parent family: Parent not working,9,8,1
S01007634,All parents aged 16 and over with dependent children,103,44,59
S01007634,Couple family: Total,94,40,54
S01007634,Couple family: Both parents working,78,36,42
S01007634,Couple family: One parent working,12,4,8
S01007634,Couple family: No parents working,4,0,4
S01007634,Lone parent family: Total,9,4,5
S01007634,Lone parent family: Parent working,5,4,1
S01007634,Lone parent family: Parent not working,4,0,4
S01007635,All parents aged 16 and over with dependent children,98,39,59
S01007635,Couple family: Total,88,34,54
S01007635,Couple family: Both parents working,68,20,48
S01007635,Couple family: One parent working,14,10,4
S01007635,Couple family: No parents working,6,4,2
S01007635,Lone parent family: Total,10,5,5
S01007635,Lone parent family: Parent working,7,3,4
S01007635,Lone parent family: Parent not working,3,2,1
S01007636,All parents aged 16 and over with dependent children,132,61,71
S01007636,Couple family: Total,110,46,64
S01007636,Couple family: Both parents working,76,28,48
S01007636,Couple family: One parent working,28,14,14
S01007636,Couple family: No parents working,6,4,2
S01007636,Lone parent family: Total,22,15,7
S01007636,Lone parent family: Parent working,10,8,2
S01007636,Lone parent family: Parent not working,12,7,5
S01007637,All parents aged 16 and over with dependent children,178,89,89
S01007637,Couple family: Total,150,72,78
S01007637,Couple family: Both parents working,110,50,60
S01007637,Couple family: One parent working,30,16,14
S01007637,Couple family: No parents working,10,6,4
S01007637,Lone parent family: Total,28,17,11
S01007637,Lone parent family: Parent working,18,12,6
S01007637,Lone parent family: Parent not working,10,5,5
S01007638,All parents aged 16 and over with dependent children,139,76,63
S01007638,Couple family: Total,120,64,56
S01007638,Couple family: Both parents working,90,50,40
S01007638,Couple family: One parent working,26,10,16
S01007638,Couple family: No parents working,4,4,0
S01007638,Lone parent family: Total,19,12,7
S01007638,Lone parent family: Parent working,16,11,5
S01007638,Lone parent family: Parent not working,3,1,2
S01007639,All parents aged 16 and over with dependent children,257,106,151
S01007639,Couple family: Total,200,78,122
S01007639,Couple family: Both parents working,136,58,78
S01007639,Couple family: One parent working,54,18,36
S01007639,Couple family: No parents working,10,2,8
S01007639,Lone parent family: Total,57,28,29
S01007639,Lone parent family: Parent working,33,16,17
S01007639,Lone parent family: Parent not working,24,12,12
S01007640,All parents aged 16 and over with dependent children,141,57,84
S01007640,Couple family: Total,128,48,80
S01007640,Couple family: Both parents working,96,36,60
S01007640,Couple family: One parent working,24,8,16
S01007640,Couple family: No parents working,8,4,4
S01007640,Lone parent family: Total,13,9,4
S01007640,Lone parent family: Parent working,8,7,1
S01007640,Lone parent family: Parent not working,5,2,3
S01007641,All parents aged 16 and over with dependent children,194,84,110
S01007641,Couple family: Total,166,64,102
S01007641,Couple family: Both parents working,100,46,54
S01007641,Couple family: One parent working,52,10,42
S01007641,Couple family: No parents working,14,8,6
S01007641,Lone parent family: Total,28,20,8
S01007641,Lone parent family: Parent working,19,14,5
S01007641,Lone parent family: Parent not working,9,6,3
S01007642,All parents aged 16 and over with dependent children,145,65,80
S01007642,Couple family: Total,132,56,76
S01007642,Couple family: Both parents working,84,40,44
S01007642,Couple family: One parent working,40,12,28
S01007642,Couple family: No parents working,8,4,4
S01007642,Lone parent family: Total,13,9,4
S01007642,Lone parent family: Parent working,9,5,4
S01007642,Lone parent family: Parent not working,4,4,0
S01007643,All parents aged 16 and over with dependent children,153,61,92
S01007643,Couple family: Total,126,50,76
S01007643,Couple family: Both parents working,90,34,56
S01007643,Couple family: One parent working,30,16,14
S01007643,Couple family: No parents working,6,0,6
S01007643,Lone parent family: Total,27,11,16
S01007643,Lone parent family: Parent working,21,11,10
S01007643,Lone parent family: Parent not working,6,0,6
S01007644,All parents aged 16 and over with dependent children,161,63,98
S01007644,Couple family: Total,126,42,84
S01007644,Couple family: Both parents working,82,38,44
S01007644,Couple family: One parent working,40,2,38
S01007644,Couple family: No parents working,4,2,2
S01007644,Lone parent family: Total,35,21,14
S01007644,Lone parent family: Parent working,21,13,8
S01007644,Lone parent family: Parent not working,14,8,6
S01007645,All parents aged 16 and over with dependent children,92,50,42
S01007645,Couple family: Total,84,46,38
S01007645,Couple family: Both parents working,56,32,24
S01007645,Couple family: One parent working,22,10,12
S01007645,Couple family: No parents working,6,4,2
S01007645,Lone parent family: Total,8,4,4
S01007645,Lone parent family: Parent working,6,2,4
S01007645,Lone parent family: Parent not working,2,2,0
S01007646,All parents aged 16 and over with dependent children,109,38,71
S01007646,Couple family: Total,100,30,70
S01007646,Couple family: Both parents working,72,24,48
S01007646,Couple family: One parent working,24,6,18
S01007646,Couple family: No parents working,4,0,4
S01007646,Lone parent family: Total,9,8,1
S01007646,Lone parent family: Parent working,3,2,1
S01007646,Lone parent family: Parent not working,6,6,0
S01007647,All parents aged 16 and over with dependent children,128,66,62
S01007647,Couple family: Total,106,52,54
S01007647,Couple family: Both parents working,94,48,46
S01007647,Couple family: One parent working,10,4,6
S01007647,Couple family: No parents working,2,0,2
S01007647,Lone parent family: Total,22,14,8
S01007647,Lone parent family: Parent working,13,8,5
S01007647,Lone parent family: Parent not working,9,6,3
S01007648,All parents aged 16 and over with dependent children,146,58,88
S01007648,Couple family: Total,122,42,80
S01007648,Couple family: Both parents working,104,38,66
S01007648,Couple family: One parent working,16,2,14
S01007648,Couple family: No parents working,2,2,0
S01007648,Lone parent family: Total,24,16,8
S01007648,Lone parent family: Parent working,18,13,5
S01007648,Lone parent family: Parent not working,6,3,3
S01007649,All parents aged 16 and over with dependent children,142,49,93
S01007649,Couple family: Total,124,36,88
S01007649,Couple family: Both parents working,102,28,74
S01007649,Couple family: One parent working,14,6,8
S01007649,Couple family: No parents working,8,2,6
S01007649,Lone parent family: Total,18,13,5
S01007649,Lone parent family: Parent working,13,11,2
S01007649,Lone parent family: Parent not working,5,2,3
S01007650,All parents aged 16 and over with dependent children,178,90,88
S01007650,Couple family: Total,162,80,82
S01007650,Couple family: Both parents working,118,54,64
S01007650,Couple family: One parent working,38,24,14
S01007650,Couple family: No parents working,6,2,4
S01007650,Lone parent family: Total,16,10,6
S01007650,Lone parent family: Parent working,14,9,5
S01007650,Lone parent family: Parent not working,2,1,1
S01007651,All parents aged 16 and over with dependent children,123,43,80
S01007651,Couple family: Total,116,38,78
S01007651,Couple family: Both parents working,86,30,56
S01007651,Couple family: One parent working,28,6,22
S01007651,Couple family: No parents working,2,2,0
S01007651,Lone parent family: Total,7,5,2
S01007651,Lone parent family: Parent working,5,3,2
S01007651,Lone parent family: Parent not working,2,2,0
S01007652,All parents aged 16 and over with dependent children,127,61,66
S01007652,Couple family: Total,112,54,58
S01007652,Couple family: Both parents working,74,32,42
S01007652,Couple family: One parent working,28,14,14
S01007652,Couple family: No parents working,10,8,2
S01007652,Lone parent family: Total,15,7,8
S01007652,Lone parent family: Parent working,9,3,6
S01007652,Lone parent family: Parent not working,6,4,2
S01007653,All parents aged 16 and over with dependent children,166,71,95
S01007653,Couple family: Total,146,62,84
S01007653,Couple family: Both parents working,120,52,68
S01007653,Couple family: One parent working,22,8,14
S01007653,Couple family: No parents working,4,2,2
S01007653,Lone parent family: Total,20,9,11
S01007653,Lone parent family: Parent working,17,7,10
S01007653,Lone parent family: Parent not working,3,2,1
S01007654,All parents aged 16 and over with dependent children,216,92,124
S01007654,Couple family: Total,180,72,108
S01007654,Couple family: Both parents working,136,56,80
S01007654,Couple family: One parent working,30,8,22
S01007654,Couple family: No parents working,14,8,6
S01007654,Lone parent family: Total,36,20,16
S01007654,Lone parent family: Parent working,21,11,10
S01007654,Lone parent family: Parent not working,15,9,6
S01007655,All parents aged 16 and over with dependent children,145,67,78
S01007655,Couple family: Total,134,62,72
S01007655,Couple family: Both parents working,92,48,44
S01007655,Couple family: One parent working,40,12,28
S01007655,Couple family: No parents working,2,2,0
S01007655,Lone parent family: Total,11,5,6
S01007655,Lone parent family: Parent working,10,4,6
S01007655,Lone parent family: Parent not working,1,1,0
S01007656,All parents aged 16 and over with dependent children,168,81,87
S01007656,Couple family: Total,152,70,82
S01007656,Couple family: Both parents working,114,52,62
S01007656,Couple family: One parent working,30,10,20
S01007656,Couple family: No parents working,8,8,0
S01007656,Lone parent family: Total,16,11,5
S01007656,Lone parent family: Parent working,7,6,1
S01007656,Lone parent family: Parent not working,9,5,4
S01007657,All parents aged 16 and over with dependent children,82,40,42
S01007657,Couple family: Total,72,36,36
S01007657,Couple family: Both parents working,52,30,22
S01007657,Couple family: One parent working,18,6,12
S01007657,Couple family: No parents working,2,0,2
S01007657,Lone parent family: Total,10,4,6
S01007657,Lone parent family: Parent working,7,3,4
S01007657,Lone parent family: Parent not working,3,1,2
S01007658,All parents aged 16 and over with dependent children,95,47,48
S01007658,Couple family: Total,76,36,40
S01007658,Couple family: Both parents working,58,26,32
S01007658,Couple family: One parent working,12,6,6
S01007658,Couple family: No parents working,6,4,2
S01007658,Lone parent family: Total,19,11,8
S01007658,Lone parent family: Parent working,16,9,7
S01007658,Lone parent family: Parent not working,3,2,1
S01007659,All parents aged 16 and over with dependent children,162,72,90
S01007659,Couple family: Total,140,58,82
S01007659,Couple family: Both parents working,96,42,54
S01007659,Couple family: One parent working,36,10,26
S01007659,Couple family: No parents working,8,6,2
S01007659,Lone parent family: Total,22,14,8
S01007659,Lone parent family: Parent working,16,9,7
S01007659,Lone parent family: Parent not working,6,5,1
S01007660,All parents aged 16 and over with dependent children,197,107,90
S01007660,Couple family: Total,154,78,76
S01007660,Couple family: Both parents working,100,58,42
S01007660,Couple family: One parent working,42,14,28
S01007660,Couple family: No parents working,12,6,6
S01007660,Lone parent family: Total,43,29,14
S01007660,Lone parent family: Parent working,27,21,6
S01007660,Lone parent family: Parent not working,16,8,8
S01007661,All parents aged 16 and over with dependent children,119,70,49
S01007661,Couple family: Total,100,58,42
S01007661,Couple family: Both parents working,82,50,32
S01007661,Couple family: One parent working,12,8,4
S01007661,Couple family: No parents working,6,0,6
S01007661,Lone parent family: Total,19,12,7
S01007661,Lone parent family: Parent working,10,6,4
S01007661,Lone parent family: Parent not working,9,6,3
S01007662,All parents aged 16 and over with dependent children,147,69,78
S01007662,Couple family: Total,122,54,68
S01007662,Couple family: Both parents working,98,42,56
S01007662,Couple family: One parent working,16,6,10
S01007662,Couple family: No parents working,8,6,2
S01007662,Lone parent family: Total,25,15,10
S01007662,Lone parent family: Parent working,19,13,6
S01007662,Lone parent family: Parent not working,6,2,4
S01007663,All parents aged 16 and over with dependent children,139,66,73
S01007663,Couple family: Total,124,56,68
S01007663,Couple family: Both parents working,88,46,42
S01007663,Couple family: One parent working,36,10,26
S01007663,Couple family: No parents working,0,0,0
S01007663,Lone parent family: Total,15,10,5
S01007663,Lone parent family: Parent working,10,6,4
S01007663,Lone parent family: Parent not working,5,4,1
S01007664,All parents aged 16 and over with dependent children,113,69,44
S01007664,Couple family: Total,88,54,34
S01007664,Couple family: Both parents working,62,40,22
S01007664,Couple family: One parent working,20,10,10
S01007664,Couple family: No parents working,6,4,2
S01007664,Lone parent family: Total,25,15,10
S01007664,Lone parent family: Parent working,20,12,8
S01007664,Lone parent family: Parent not working,5,3,2
S01007665,All parents aged 16 and over with dependent children,161,69,92
S01007665,Couple family: Total,134,56,78
S01007665,Couple family: Both parents working,106,40,66
S01007665,Couple family: One parent working,16,8,8
S01007665,Couple family: No parents working,12,8,4
S01007665,Lone parent family: Total,27,13,14
S01007665,Lone parent family: Parent working,19,10,9
S01007665,Lone parent family: Parent not working,8,3,5
S01007666,All parents aged 16 and over with dependent children,100,31,69
S01007666,Couple family: Total,90,26,64
S01007666,Couple family: Both parents working,78,24,54
S01007666,Couple family: One parent working,6,0,6
S01007666,Couple family: No parents working,6,2,4
S01007666,Lone parent family: Total,10,5,5
S01007666,Lone parent family: Parent working,10,5,5
S01007666,Lone parent family: Parent not working,0,0,0
S01007667,All parents aged 16 and over with dependent children,144,56,88
S01007667,Couple family: Total,138,52,86
S01007667,Couple family: Both parents working,122,42,80
S01007667,Couple family: One parent working,16,10,6
S01007667,Couple family: No parents working,0,0,0
S01007667,Lone parent family: Total,6,4,2
S01007667,Lone parent family: Parent working,6,4,2
S01007667,Lone parent family: Parent not working,0,0,0
S01007668,All parents aged 16 and over with dependent children,228,113,115
S01007668,Couple family: Total,188,88,100
S01007668,Couple family: Both parents working,132,64,68
S01007668,Couple family: One parent working,46,20,26
S01007668,Couple family: No parents working,10,4,6
S01007668,Lone parent family: Total,40,25,15
S01007668,Lone parent family: Parent working,26,17,9
S01007668,Lone parent family: Parent not working,14,8,6
S01007669,All parents aged 16 and over with dependent children,164,83,81
S01007669,Couple family: Total,110,48,62
S01007669,Couple family: Both parents working,66,30,36
S01007669,Couple family: One parent working,34,14,20
S01007669,Couple family: No parents working,10,4,6
S01007669,Lone parent family: Total,54,35,19
S01007669,Lone parent family: Parent working,29,21,8
S01007669,Lone parent family: Parent not working,25,14,11
S01007670,All parents aged 16 and over with dependent children,201,81,120
S01007670,Couple family: Total,164,60,104
S01007670,Couple family: Both parents working,98,44,54
S01007670,Couple family: One parent working,44,12,32
S01007670,Couple family: No parents working,22,4,18
S01007670,Lone parent family: Total,37,21,16
S01007670,Lone parent family: Parent working,22,16,6
S01007670,Lone parent family: Parent not working,15,5,10
S01007671,All parents aged 16 and over with dependent children,138,62,76
S01007671,Couple family: Total,134,58,76
S01007671,Couple family: Both parents working,104,50,54
S01007671,Couple family: One parent working,20,6,14
S01007671,Couple family: No parents working,10,2,8
S01007671,Lone parent family: Total,4,4,0
S01007671,Lone parent family: Parent working,4,4,0
S01007671,Lone parent family: Parent not working,0,0,0
S01007672,All parents aged 16 and over with dependent children,132,52,80
S01007672,Couple family: Total,128,50,78
S01007672,Couple family: Both parents working,108,44,64
S01007672,Couple family: One parent working,16,4,12
S01007672,Couple family: No parents working,4,2,2
S01007672,Lone parent family: Total,4,2,2
S01007672,Lone parent family: Parent working,2,1,1
S01007672,Lone parent family: Parent not working,2,1,1
S01007673,All parents aged 16 and over with dependent children,154,76,78
S01007673,Couple family: Total,146,72,74
S01007673,Couple family: Both parents working,114,58,56
S01007673,Couple family: One parent working,26,10,16
S01007673,Couple family: No parents working,6,4,2
S01007673,Lone parent family: Total,8,4,4
S01007673,Lone parent family: Parent working,8,4,4
S01007673,Lone parent family: Parent not working,0,0,0
S01007674,All parents aged 16 and over with dependent children,138,51,87
S01007674,Couple family: Total,102,26,76
S01007674,Couple family: Both parents working,80,24,56
S01007674,Couple family: One parent working,10,2,8
S01007674,Couple family: No parents working,12,0,12
S01007674,Lone parent family: Total,36,25,11
S01007674,Lone parent family: Parent working,18,13,5
S01007674,Lone parent family: Parent not working,18,12,6
S01007675,All parents aged 16 and over with dependent children,110,44,66
S01007675,Couple family: Total,98,38,60
S01007675,Couple family: Both parents working,74,30,44
S01007675,Couple family: One parent working,18,6,12
S01007675,Couple family: No parents working,6,2,4
S01007675,Lone parent family: Total,12,6,6
S01007675,Lone parent family: Parent working,7,3,4
S01007675,Lone parent family: Parent not working,5,3,2
S01007676,All parents aged 16 and over with dependent children,126,61,65
S01007676,Couple family: Total,120,58,62
S01007676,Couple family: Both parents working,102,50,52
S01007676,Couple family: One parent working,16,6,10
S01007676,Couple family: No parents working,2,2,0
S01007676,Lone parent family: Total,6,3,3
S01007676,Lone parent family: Parent working,6,3,3
S01007676,Lone parent family: Parent not working,0,0,0
S01007677,All parents aged 16 and over with dependent children,122,54,68
S01007677,Couple family: Total,108,48,60
S01007677,Couple family: Both parents working,82,38,44
S01007677,Couple family: One parent working,20,6,14
S01007677,Couple family: No parents working,6,4,2
S01007677,Lone parent family: Total,14,6,8
S01007677,Lone parent family: Parent working,11,4,7
S01007677,Lone parent family: Parent not working,3,2,1
S01007678,All parents aged 16 and over with dependent children,141,71,70
S01007678,Couple family: Total,120,62,58
S01007678,Couple family: Both parents working,82,48,34
S01007678,Couple family: One parent working,36,14,22
S01007678,Couple family: No parents working,2,0,2
S01007678,Lone parent family: Total,21,9,12
S01007678,Lone parent family: Parent working,13,6,7
S01007678,Lone parent family: Parent not working,8,3,5
S01007679,All parents aged 16 and over with dependent children,142,67,75
S01007679,Couple family: Total,106,48,58
S01007679,Couple family: Both parents working,60,32,28
S01007679,Couple family: One parent working,30,10,20
S01007679,Couple family: No parents working,16,6,10
S01007679,Lone parent family: Total,36,19,17
S01007679,Lone parent family: Parent working,14,11,3
S01007679,Lone parent family: Parent not working,22,8,14
S01007680,All parents aged 16 and over with dependent children,173,74,99
S01007680,Couple family: Total,160,66,94
S01007680,Couple family: Both parents working,142,62,80
S01007680,Couple family: One parent working,18,4,14
S01007680,Couple family: No parents working,0,0,0
S01007680,Lone parent family: Total,13,8,5
S01007680,Lone parent family: Parent working,11,6,5
S01007680,Lone parent family: Parent not working,2,2,0
S01007681,All parents aged 16 and over with dependent children,43,13,30
S01007681,Couple family: Total,40,12,28
S01007681,Couple family: Both parents working,28,10,18
S01007681,Couple family: One parent working,12,2,10
S01007681,Couple family: No parents working,0,0,0
S01007681,Lone parent family: Total,3,1,2
S01007681,Lone parent family: Parent working,3,1,2
S01007681,Lone parent family: Parent not working,0,0,0
S01007682,All parents aged 16 and over with dependent children,155,71,84
S01007682,Couple family: Total,138,60,78
S01007682,Couple family: Both parents working,106,50,56
S01007682,Couple family: One parent working,28,10,18
S01007682,Couple family: No parents working,4,0,4
S01007682,Lone parent family: Total,17,11,6
S01007682,Lone parent family: Parent working,15,9,6
S01007682,Lone parent family: Parent not working,2,2,0
S01007683,All parents aged 16 and over with dependent children,152,61,91
S01007683,Couple family: Total,144,56,88
S01007683,Couple family: Both parents working,100,40,60
S01007683,Couple family: One parent working,36,12,24
S01007683,Couple family: No parents working,8,4,4
S01007683,Lone parent family: Total,8,5,3
S01007683,Lone parent family: Parent working,8,5,3
S01007683,Lone parent family: Parent not working,0,0,0
S01007684,All parents aged 16 and over with dependent children,151,71,80
S01007684,Couple family: Total,136,58,78
S01007684,Couple family: Both parents working,116,48,68
S01007684,Couple family: One parent working,18,8,10
S01007684,Couple family: No parents working,2,2,0
S01007684,Lone parent family: Total,15,13,2
S01007684,Lone parent family: Parent working,12,10,2
S01007684,Lone parent family: Parent not working,3,3,0
S01007685,All parents aged 16 and over with dependent children,129,49,80
S01007685,Couple family: Total,120,48,72
S01007685,Couple family: Both parents working,96,44,52
S01007685,Couple family: One parent working,24,4,20
S01007685,Couple family: No parents working,0,0,0
S01007685,Lone parent family: Total,9,1,8
S01007685,Lone parent family: Parent working,8,1,7
S01007685,Lone parent family: Parent not working,1,0,1
S01007686,All parents aged 16 and over with dependent children,102,49,53
S01007686,Couple family: Total,94,44,50
S01007686,Couple family: Both parents working,60,30,30
S01007686,Couple family: One parent working,30,12,18
S01007686,Couple family: No parents working,4,2,2
S01007686,Lone parent family: Total,8,5,3
S01007686,Lone parent family: Parent working,6,5,1
S01007686,Lone parent family: Parent not working,2,0,2
S01007687,All parents aged 16 and over with dependent children,124,49,75
S01007687,Couple family: Total,106,36,70
S01007687,Couple family: Both parents working,78,22,56
S01007687,Couple family: One parent working,24,10,14
S01007687,Couple family: No parents working,4,4,0
S01007687,Lone parent family: Total,18,13,5
S01007687,Lone parent family: Parent working,12,8,4
S01007687,Lone parent family: Parent not working,6,5,1
S01007688,All parents aged 16 and over with dependent children,90,51,39
S01007688,Couple family: Total,60,34,26
S01007688,Couple family: Both parents working,42,22,20
S01007688,Couple family: One parent working,10,6,4
S01007688,Couple family: No parents working,8,6,2
S01007688,Lone parent family: Total,30,17,13
S01007688,Lone parent family: Parent working,25,15,10
S01007688,Lone parent family: Parent not working,5,2,3
S01007689,All parents aged 16 and over with dependent children,55,31,24
S01007689,Couple family: Total,44,22,22
S01007689,Couple family: Both parents working,30,14,16
S01007689,Couple family: One parent working,10,4,6
S01007689,Couple family: No parents working,4,4,0
S01007689,Lone parent family: Total,11,9,2
S01007689,Lone parent family: Parent working,9,8,1
S01007689,Lone parent family: Parent not working,2,1,1
S01007690,All parents aged 16 and over with dependent children,57,41,16
S01007690,Couple family: Total,38,28,10
S01007690,Couple family: Both parents working,28,20,8
S01007690,Couple family: One parent working,8,6,2
S01007690,Couple family: No parents working,2,2,0
S01007690,Lone parent family: Total,19,13,6
S01007690,Lone parent family: Parent working,10,8,2
S01007690,Lone parent family: Parent not working,9,5,4
S01007691,All parents aged 16 and over with dependent children,63,42,21
S01007691,Couple family: Total,38,22,16
S01007691,Couple family: Both parents working,22,14,8
S01007691,Couple family: One parent working,12,6,6
S01007691,Couple family: No parents working,4,2,2
S01007691,Lone parent family: Total,25,20,5
S01007691,Lone parent family: Parent working,14,11,3
S01007691,Lone parent family: Parent not working,11,9,2
S01007692,All parents aged 16 and over with dependent children,70,31,39
S01007692,Couple family: Total,54,22,32
S01007692,Couple family: Both parents working,34,14,20
S01007692,Couple family: One parent working,12,4,8
S01007692,Couple family: No parents working,8,4,4
S01007692,Lone parent family: Total,16,9,7
S01007692,Lone parent family: Parent working,8,3,5
S01007692,Lone parent family: Parent not working,8,6,2
S01007693,All parents aged 16 and over with dependent children,43,18,25
S01007693,Couple family: Total,32,12,20
S01007693,Couple family: Both parents working,8,4,4
S01007693,Couple family: One parent working,16,4,12
S01007693,Couple family: No parents working,8,4,4
S01007693,Lone parent family: Total,11,6,5
S01007693,Lone parent family: Parent working,7,3,4
S01007693,Lone parent family: Parent not working,4,3,1
S01007694,All parents aged 16 and over with dependent children,108,64,44
S01007694,Couple family: Total,68,34,34
S01007694,Couple family: Both parents working,34,16,18
S01007694,Couple family: One parent working,28,12,16
S01007694,Couple family: No parents working,6,6,0
S01007694,Lone parent family: Total,40,30,10
S01007694,Lone parent family: Parent working,25,19,6
S01007694,Lone parent family: Parent not working,15,11,4
S01007695,All parents aged 16 and over with dependent children,82,51,31
S01007695,Couple family: Total,64,38,26
S01007695,Couple family: Both parents working,38,24,14
S01007695,Couple family: One parent working,14,10,4
S01007695,Couple family: No parents working,12,4,8
S01007695,Lone parent family: Total,18,13,5
S01007695,Lone parent family: Parent working,15,12,3
S01007695,Lone parent family: Parent not working,3,1,2
S01007696,All parents aged 16 and over with dependent children,81,59,22
S01007696,Couple family: Total,46,34,12
S01007696,Couple family: Both parents working,16,16,0
S01007696,Couple family: One parent working,18,10,8
S01007696,Couple family: No parents working,12,8,4
S01007696,Lone parent family: Total,35,25,10
S01007696,Lone parent family: Parent working,17,12,5
S01007696,Lone parent family: Parent not working,18,13,5
S01007697,All parents aged 16 and over with dependent children,85,64,21
S01007697,Couple family: Total,64,46,18
S01007697,Couple family: Both parents working,40,26,14
S01007697,Couple family: One parent working,20,16,4
S01007697,Couple family: No parents working,4,4,0
S01007697,Lone parent family: Total,21,18,3
S01007697,Lone parent family: Parent working,15,12,3
S01007697,Lone parent family: Parent not working,6,6,0
S01007698,All parents aged 16 and over with dependent children,120,79,41
S01007698,Couple family: Total,76,48,28
S01007698,Couple family: Both parents working,52,36,16
S01007698,Couple family: One parent working,20,12,8
S01007698,Couple family: No parents working,4,0,4
S01007698,Lone parent family: Total,44,31,13
S01007698,Lone parent family: Parent working,36,28,8
S01007698,Lone parent family: Parent not working,8,3,5
S01007699,All parents aged 16 and over with dependent children,93,34,59
S01007699,Couple family: Total,58,20,38
S01007699,Couple family: Both parents working,36,8,28
S01007699,Couple family: One parent working,18,8,10
S01007699,Couple family: No parents working,4,4,0
S01007699,Lone parent family: Total,35,14,21
S01007699,Lone parent family: Parent working,13,9,4
S01007699,Lone parent family: Parent not working,22,5,17
S01007700,All parents aged 16 and over with dependent children,151,68,83
S01007700,Couple family: Total,138,58,80
S01007700,Couple family: Both parents working,106,42,64
S01007700,Couple family: One parent working,28,14,14
S01007700,Couple family: No parents working,4,2,2
S01007700,Lone parent family: Total,13,10,3
S01007700,Lone parent family: Parent working,10,8,2
S01007700,Lone parent family: Parent not working,3,2,1
S01007701,All parents aged 16 and over with dependent children,47,34,13
S01007701,Couple family: Total,28,22,6
S01007701,Couple family: Both parents working,8,6,2
S01007701,Couple family: One parent working,12,8,4
S01007701,Couple family: No parents working,8,8,0
S01007701,Lone parent family: Total,19,12,7
S01007701,Lone parent family: Parent working,10,5,5
S01007701,Lone parent family: Parent not working,9,7,2
S01007702,All parents aged 16 and over with dependent children,61,25,36
S01007702,Couple family: Total,44,16,28
S01007702,Couple family: Both parents working,24,10,14
S01007702,Couple family: One parent working,16,2,14
S01007702,Couple family: No parents working,4,4,0
S01007702,Lone parent family: Total,17,9,8
S01007702,Lone parent family: Parent working,9,4,5
S01007702,Lone parent family: Parent not working,8,5,3
S01007703,All parents aged 16 and over with dependent children,102,53,49
S01007703,Couple family: Total,74,38,36
S01007703,Couple family: Both parents working,56,34,22
S01007703,Couple family: One parent working,16,4,12
S01007703,Couple family: No parents working,2,0,2
S01007703,Lone parent family: Total,28,15,13
S01007703,Lone parent family: Parent working,20,11,9
S01007703,Lone parent family: Parent not working,8,4,4
S01007704,All parents aged 16 and over with dependent children,124,90,34
S01007704,Couple family: Total,68,46,22
S01007704,Couple family: Both parents working,40,26,14
S01007704,Couple family: One parent working,20,12,8
S01007704,Couple family: No parents working,8,8,0
S01007704,Lone parent family: Total,56,44,12
S01007704,Lone parent family: Parent working,22,19,3
S01007704,Lone parent family: Parent not working,34,25,9
S01007705,All parents aged 16 and over with dependent children,15,11,4
S01007705,Couple family: Total,10,6,4
S01007705,Couple family: Both parents working,6,4,2
S01007705,Couple family: One parent working,2,0,2
S01007705,Couple family: No parents working,2,2,0
S01007705,Lone parent family: Total,5,5,0
S01007705,Lone parent family: Parent working,5,5,0
S01007705,Lone parent family: Parent not working,0,0,0
S01007706,All parents aged 16 and over with dependent children,24,16,8
S01007706,Couple family: Total,14,10,4
S01007706,Couple family: Both parents working,8,8,0
S01007706,Couple family: One parent working,4,2,2
S01007706,Couple family: No parents working,2,0,2
S01007706,Lone parent family: Total,10,6,4
S01007706,Lone parent family: Parent working,7,5,2
S01007706,Lone parent family: Parent not working,3,1,2
S01007707,All parents aged 16 and over with dependent children,105,69,36
S01007707,Couple family: Total,86,58,28
S01007707,Couple family: Both parents working,36,24,12
S01007707,Couple family: One parent working,28,20,8
S01007707,Couple family: No parents working,22,14,8
S01007707,Lone parent family: Total,19,11,8
S01007707,Lone parent family: Parent working,10,7,3
S01007707,Lone parent family: Parent not working,9,4,5
S01007708,All parents aged 16 and over with dependent children,77,38,39
S01007708,Couple family: Total,46,20,26
S01007708,Couple family: Both parents working,26,12,14
S01007708,Couple family: One parent working,14,6,8
S01007708,Couple family: No parents working,6,2,4
S01007708,Lone parent family: Total,31,18,13
S01007708,Lone parent family: Parent working,16,11,5
S01007708,Lone parent family: Parent not working,15,7,8
S01007709,All parents aged 16 and over with dependent children,57,28,29
S01007709,Couple family: Total,46,22,24
S01007709,Couple family: Both parents working,18,6,12
S01007709,Couple family: One parent working,22,12,10
S01007709,Couple family: No parents working,6,4,2
S01007709,Lone parent family: Total,11,6,5
S01007709,Lone parent family: Parent working,7,5,2
S01007709,Lone parent family: Parent not working,4,1,3
S01007710,All parents aged 16 and over with dependent children,81,48,33
S01007710,Couple family: Total,50,26,24
S01007710,Couple family: Both parents working,22,12,10
S01007710,Couple family: One parent working,16,8,8
S01007710,Couple family: No parents working,12,6,6
S01007710,Lone parent family: Total,31,22,9
S01007710,Lone parent family: Parent working,21,13,8
S01007710,Lone parent family: Parent not working,10,9,1
S01007711,All parents aged 16 and over with dependent children,82,53,29
S01007711,Couple family: Total,58,36,22
S01007711,Couple family: Both parents working,34,20,14
S01007711,Couple family: One parent working,14,10,4
S01007711,Couple family: No parents working,10,6,4
S01007711,Lone parent family: Total,24,17,7
S01007711,Lone parent family: Parent working,18,13,5
S01007711,Lone parent family: Parent not working,6,4,2
S01007712,All parents aged 16 and over with dependent children,57,38,19
S01007712,Couple family: Total,40,28,12
S01007712,Couple family: Both parents working,30,24,6
S01007712,Couple family: One parent working,10,4,6
S01007712,Couple family: No parents working,0,0,0
S01007712,Lone parent family: Total,17,10,7
S01007712,Lone parent family: Parent working,7,5,2
S01007712,Lone parent family: Parent not working,10,5,5
S01007713,All parents aged 16 and over with dependent children,70,37,33
S01007713,Couple family: Total,50,24,26
S01007713,Couple family: Both parents working,32,14,18
S01007713,Couple family: One parent working,14,8,6
S01007713,Couple family: No parents working,4,2,2
S01007713,Lone parent family: Total,20,13,7
S01007713,Lone parent family: Parent working,10,7,3
S01007713,Lone parent family: Parent not working,10,6,4
S01007714,All parents aged 16 and over with dependent children,124,68,56
S01007714,Couple family: Total,100,54,46
S01007714,Couple family: Both parents working,62,40,22
S01007714,Couple family: One parent working,38,14,24
S01007714,Couple family: No parents working,0,0,0
S01007714,Lone parent family: Total,24,14,10
S01007714,Lone parent family: Parent working,19,10,9
S01007714,Lone parent family: Parent not working,5,4,1
S01007715,All parents aged 16 and over with dependent children,93,61,32
S01007715,Couple family: Total,54,32,22
S01007715,Couple family: Both parents working,34,24,10
S01007715,Couple family: One parent working,18,6,12
S01007715,Couple family: No parents working,2,2,0
S01007715,Lone parent family: Total,39,29,10
S01007715,Lone parent family: Parent working,18,14,4
S01007715,Lone parent family: Parent not working,21,15,6
S01007716,All parents aged 16 and over with dependent children,118,76,42
S01007716,Couple family: Total,88,50,38
S01007716,Couple family: Both parents working,54,32,22
S01007716,Couple family: One parent working,28,16,12
S01007716,Couple family: No parents working,6,2,4
S01007716,Lone parent family: Total,30,26,4
S01007716,Lone parent family: Parent working,12,10,2
S01007716,Lone parent family: Parent not working,18,16,2
S01007717,All parents aged 16 and over with dependent children,169,97,72
S01007717,Couple family: Total,106,58,48
S01007717,Couple family: Both parents working,52,32,20
S01007717,Couple family: One parent working,40,22,18
S01007717,Couple family: No parents working,14,4,10
S01007717,Lone parent family: Total,63,39,24
S01007717,Lone parent family: Parent working,25,16,9
S01007717,Lone parent family: Parent not working,38,23,15
S01007718,All parents aged 16 and over with dependent children,59,46,13
S01007718,Couple family: Total,38,30,8
S01007718,Couple family: Both parents working,18,16,2
S01007718,Couple family: One parent working,18,14,4
S01007718,Couple family: No parents working,2,0,2
S01007718,Lone parent family: Total,21,16,5
S01007718,Lone parent family: Parent working,12,12,0
S01007718,Lone parent family: Parent not working,9,4,5
S01007719,All parents aged 16 and over with dependent children,115,95,20
S01007719,Couple family: Total,82,68,14
S01007719,Couple family: Both parents working,56,48,8
S01007719,Couple family: One parent working,22,18,4
S01007719,Couple family: No parents working,4,2,2
S01007719,Lone parent family: Total,33,27,6
S01007719,Lone parent family: Parent working,19,17,2
S01007719,Lone parent family: Parent not working,14,10,4
S01007720,All parents aged 16 and over with dependent children,81,57,24
S01007720,Couple family: Total,54,38,16
S01007720,Couple family: Both parents working,34,26,8
S01007720,Couple family: One parent working,18,10,8
S01007720,Couple family: No parents working,2,2,0
S01007720,Lone parent family: Total,27,19,8
S01007720,Lone parent family: Parent working,20,12,8
S01007720,Lone parent family: Parent not working,7,7,0
S01007721,All parents aged 16 and over with dependent children,103,74,29
S01007721,Couple family: Total,70,52,18
S01007721,Couple family: Both parents working,40,30,10
S01007721,Couple family: One parent working,20,14,6
S01007721,Couple family: No parents working,10,8,2
S01007721,Lone parent family: Total,33,22,11
S01007721,Lone parent family: Parent working,25,19,6
S01007721,Lone parent family: Parent not working,8,3,5
S01007722,All parents aged 16 and over with dependent children,126,101,25
S01007722,Couple family: Total,66,46,20
S01007722,Couple family: Both parents working,36,32,4
S01007722,Couple family: One parent working,26,12,14
S01007722,Couple family: No parents working,4,2,2
S01007722,Lone parent family: Total,60,55,5
S01007722,Lone parent family: Parent working,36,32,4
S01007722,Lone parent family: Parent not working,24,23,1
S01007723,All parents aged 16 and over with dependent children,135,101,34
S01007723,Couple family: Total,98,72,26
S01007723,Couple family: Both parents working,62,44,18
S01007723,Couple family: One parent working,24,22,2
S01007723,Couple family: No parents working,12,6,6
S01007723,Lone parent family: Total,37,29,8
S01007723,Lone parent family: Parent working,21,20,1
S01007723,Lone parent family: Parent not working,16,9,7
S01007724,All parents aged 16 and over with dependent children,119,74,45
S01007724,Couple family: Total,60,30,30
S01007724,Couple family: Both parents working,26,12,14
S01007724,Couple family: One parent working,28,14,14
S01007724,Couple family: No parents working,6,4,2
S01007724,Lone parent family: Total,59,44,15
S01007724,Lone parent family: Parent working,28,18,10
S01007724,Lone parent family: Parent not working,31,26,5
S01007725,All parents aged 16 and over with dependent children,80,48,32
S01007725,Couple family: Total,48,26,22
S01007725,Couple family: Both parents working,24,16,8
S01007725,Couple family: One parent working,14,6,8
S01007725,Couple family: No parents working,10,4,6
S01007725,Lone parent family: Total,32,22,10
S01007725,Lone parent family: Parent working,17,12,5
S01007725,Lone parent family: Parent not working,15,10,5
S01007726,All parents aged 16 and over with dependent children,99,56,43
S01007726,Couple family: Total,64,38,26
S01007726,Couple family: Both parents working,32,20,12
S01007726,Couple family: One parent working,26,16,10
S01007726,Couple family: No parents working,6,2,4
S01007726,Lone parent family: Total,35,18,17
S01007726,Lone parent family: Parent working,18,11,7
S01007726,Lone parent family: Parent not working,17,7,10
S01007727,All parents aged 16 and over with dependent children,134,74,60
S01007727,Couple family: Total,72,32,40
S01007727,Couple family: Both parents working,36,16,20
S01007727,Couple family: One parent working,26,12,14
S01007727,Couple family: No parents working,10,4,6
S01007727,Lone parent family: Total,62,42,20
S01007727,Lone parent family: Parent working,29,23,6
S01007727,Lone parent family: Parent not working,33,19,14
S01007728,All parents aged 16 and over with dependent children,94,55,39
S01007728,Couple family: Total,64,30,34
S01007728,Couple family: Both parents working,28,16,12
S01007728,Couple family: One parent working,22,12,10
S01007728,Couple family: No parents working,14,2,12
S01007728,Lone parent family: Total,30,25,5
S01007728,Lone parent family: Parent working,13,10,3
S01007728,Lone parent family: Parent not working,17,15,2
S01007729,All parents aged 16 and over with dependent children,109,68,41
S01007729,Couple family: Total,64,34,30
S01007729,Couple family: Both parents working,34,20,14
S01007729,Couple family: One parent working,22,12,10
S01007729,Couple family: No parents working,8,2,6
S01007729,Lone parent family: Total,45,34,11
S01007729,Lone parent family: Parent working,27,21,6
S01007729,Lone parent family: Parent not working,18,13,5
S01007730,All parents aged 16 and over with dependent children,102,73,29
S01007730,Couple family: Total,62,44,18
S01007730,Couple family: Both parents working,32,28,4
S01007730,Couple family: One parent working,28,16,12
S01007730,Couple family: No parents working,2,0,2
S01007730,Lone parent family: Total,40,29,11
S01007730,Lone parent family: Parent working,19,16,3
S01007730,Lone parent family: Parent not working,21,13,8
S01007731,All parents aged 16 and over with dependent children,121,55,66
S01007731,Couple family: Total,84,26,58
S01007731,Couple family: Both parents working,52,14,38
S01007731,Couple family: One parent working,24,6,18
S01007731,Couple family: No parents working,8,6,2
S01007731,Lone parent family: Total,37,29,8
S01007731,Lone parent family: Parent working,23,18,5
S01007731,Lone parent family: Parent not working,14,11,3
S01007732,All parents aged 16 and over with dependent children,84,49,35
S01007732,Couple family: Total,56,28,28
S01007732,Couple family: Both parents working,40,20,20
S01007732,Couple family: One parent working,12,6,6
S01007732,Couple family: No parents working,4,2,2
S01007732,Lone parent family: Total,28,21,7
S01007732,Lone parent family: Parent working,16,14,2
S01007732,Lone parent family: Parent not working,12,7,5
S01007733,All parents aged 16 and over with dependent children,194,93,101
S01007733,Couple family: Total,178,82,96
S01007733,Couple family: Both parents working,122,60,62
S01007733,Couple family: One parent working,42,22,20
S01007733,Couple family: No parents working,14,0,14
S01007733,Lone parent family: Total,16,11,5
S01007733,Lone parent family: Parent working,8,6,2
S01007733,Lone parent family: Parent not working,8,5,3
S01007734,All parents aged 16 and over with dependent children,127,67,60
S01007734,Couple family: Total,112,58,54
S01007734,Couple family: Both parents working,94,52,42
S01007734,Couple family: One parent working,12,2,10
S01007734,Couple family: No parents working,6,4,2
S01007734,Lone parent family: Total,15,9,6
S01007734,Lone parent family: Parent working,13,8,5
S01007734,Lone parent family: Parent not working,2,1,1
S01007735,All parents aged 16 and over with dependent children,146,64,82
S01007735,Couple family: Total,124,52,72
S01007735,Couple family: Both parents working,94,46,48
S01007735,Couple family: One parent working,26,6,20
S01007735,Couple family: No parents working,4,0,4
S01007735,Lone parent family: Total,22,12,10
S01007735,Lone parent family: Parent working,16,9,7
S01007735,Lone parent family: Parent not working,6,3,3
S01007736,All parents aged 16 and over with dependent children,135,85,50
S01007736,Couple family: Total,118,76,42
S01007736,Couple family: Both parents working,96,60,36
S01007736,Couple family: One parent working,22,16,6
S01007736,Couple family: No parents working,0,0,0
S01007736,Lone parent family: Total,17,9,8
S01007736,Lone parent family: Parent working,15,9,6
S01007736,Lone parent family: Parent not working,2,0,2
S01007737,All parents aged 16 and over with dependent children,178,90,88
S01007737,Couple family: Total,122,48,74
S01007737,Couple family: Both parents working,88,42,46
S01007737,Couple family: One parent working,26,4,22
S01007737,Couple family: No parents working,8,2,6
S01007737,Lone parent family: Total,56,42,14
S01007737,Lone parent family: Parent working,42,34,8
S01007737,Lone parent family: Parent not working,14,8,6
S01007738,All parents aged 16 and over with dependent children,126,64,62
S01007738,Couple family: Total,102,46,56
S01007738,Couple family: Both parents working,72,38,34
S01007738,Couple family: One parent working,24,8,16
S01007738,Couple family: No parents working,6,0,6
S01007738,Lone parent family: Total,24,18,6
S01007738,Lone parent family: Parent working,11,9,2
S01007738,Lone parent family: Parent not working,13,9,4
S01007739,All parents aged 16 and over with dependent children,69,37,32
S01007739,Couple family: Total,52,28,24
S01007739,Couple family: Both parents working,44,22,22
S01007739,Couple family: One parent working,8,6,2
S01007739,Couple family: No parents working,0,0,0
S01007739,Lone parent family: Total,17,9,8
S01007739,Lone parent family: Parent working,12,7,5
S01007739,Lone parent family: Parent not working,5,2,3
S01007740,All parents aged 16 and over with dependent children,93,51,42
S01007740,Couple family: Total,74,38,36
S01007740,Couple family: Both parents working,56,28,28
S01007740,Couple family: One parent working,8,6,2
S01007740,Couple family: No parents working,10,4,6
S01007740,Lone parent family: Total,19,13,6
S01007740,Lone parent family: Parent working,15,9,6
S01007740,Lone parent family: Parent not working,4,4,0
S01007741,All parents aged 16 and over with dependent children,111,56,55
S01007741,Couple family: Total,88,40,48
S01007741,Couple family: Both parents working,78,36,42
S01007741,Couple family: One parent working,6,2,4
S01007741,Couple family: No parents working,4,2,2
S01007741,Lone parent family: Total,23,16,7
S01007741,Lone parent family: Parent working,19,14,5
S01007741,Lone parent family: Parent not working,4,2,2
S01007742,All parents aged 16 and over with dependent children,98,61,37
S01007742,Couple family: Total,68,38,30
S01007742,Couple family: Both parents working,48,28,20
S01007742,Couple family: One parent working,16,8,8
S01007742,Couple family: No parents working,4,2,2
S01007742,Lone parent family: Total,30,23,7
S01007742,Lone parent family: Parent working,25,19,6
S01007742,Lone parent family: Parent not working,5,4,1
S01007743,All parents aged 16 and over with dependent children,182,107,75
S01007743,Couple family: Total,122,68,54
S01007743,Couple family: Both parents working,94,52,42
S01007743,Couple family: One parent working,22,14,8
S01007743,Couple family: No parents working,6,2,4
S01007743,Lone parent family: Total,60,39,21
S01007743,Lone parent family: Parent working,35,21,14
S01007743,Lone parent family: Parent not working,25,18,7
S01007744,All parents aged 16 and over with dependent children,134,84,50
S01007744,Couple family: Total,66,40,26
S01007744,Couple family: Both parents working,44,24,20
S01007744,Couple family: One parent working,10,6,4
S01007744,Couple family: No parents working,12,10,2
S01007744,Lone parent family: Total,68,44,24
S01007744,Lone parent family: Parent working,33,23,10
S01007744,Lone parent family: Parent not working,35,21,14
S01007745,All parents aged 16 and over with dependent children,115,75,40
S01007745,Couple family: Total,78,50,28
S01007745,Couple family: Both parents working,56,36,20
S01007745,Couple family: One parent working,18,10,8
S01007745,Couple family: No parents working,4,4,0
S01007745,Lone parent family: Total,37,25,12
S01007745,Lone parent family: Parent working,25,19,6
S01007745,Lone parent family: Parent not working,12,6,6
S01007746,All parents aged 16 and over with dependent children,186,122,64
S01007746,Couple family: Total,122,76,46
S01007746,Couple family: Both parents working,80,48,32
S01007746,Couple family: One parent working,32,22,10
S01007746,Couple family: No parents working,10,6,4
S01007746,Lone parent family: Total,64,46,18
S01007746,Lone parent family: Parent working,41,34,7
S01007746,Lone parent family: Parent not working,23,12,11
S01007747,All parents aged 16 and over with dependent children,113,82,31
S01007747,Couple family: Total,74,52,22
S01007747,Couple family: Both parents working,50,36,14
S01007747,Couple family: One parent working,22,16,6
S01007747,Couple family: No parents working,2,0,2
S01007747,Lone parent family: Total,39,30,9
S01007747,Lone parent family: Parent working,13,10,3
S01007747,Lone parent family: Parent not working,26,20,6
S01007748,All parents aged 16 and over with dependent children,153,95,58
S01007748,Couple family: Total,80,52,28
S01007748,Couple family: Both parents working,50,34,16
S01007748,Couple family: One parent working,14,10,4
S01007748,Couple family: No parents working,16,8,8
S01007748,Lone parent family: Total,73,43,30
S01007748,Lone parent family: Parent working,38,19,19
S01007748,Lone parent family: Parent not working,35,24,11
S01007749,All parents aged 16 and over with dependent children,139,60,79
S01007749,Couple family: Total,120,50,70
S01007749,Couple family: Both parents working,94,40,54
S01007749,Couple family: One parent working,22,8,14
S01007749,Couple family: No parents working,4,2,2
S01007749,Lone parent family: Total,19,10,9
S01007749,Lone parent family: Parent working,16,10,6
S01007749,Lone parent family: Parent not working,3,0,3
S01007750,All parents aged 16 and over with dependent children,111,50,61
S01007750,Couple family: Total,94,44,50
S01007750,Couple family: Both parents working,72,36,36
S01007750,Couple family: One parent working,16,2,14
S01007750,Couple family: No parents working,6,6,0
S01007750,Lone parent family: Total,17,6,11
S01007750,Lone parent family: Parent working,15,6,9
S01007750,Lone parent family: Parent not working,2,0,2
S01007751,All parents aged 16 and over with dependent children,113,36,77
S01007751,Couple family: Total,106,34,72
S01007751,Couple family: Both parents working,70,22,48
S01007751,Couple family: One parent working,26,8,18
S01007751,Couple family: No parents working,10,4,6
S01007751,Lone parent family: Total,7,2,5
S01007751,Lone parent family: Parent working,4,2,2
S01007751,Lone parent family: Parent not working,3,0,3
S01007752,All parents aged 16 and over with dependent children,107,47,60
S01007752,Couple family: Total,98,42,56
S01007752,Couple family: Both parents working,80,34,46
S01007752,Couple family: One parent working,16,8,8
S01007752,Couple family: No parents working,2,0,2
S01007752,Lone parent family: Total,9,5,4
S01007752,Lone parent family: Parent working,7,3,4
S01007752,Lone parent family: Parent not working,2,2,0
S01007753,All parents aged 16 and over with dependent children,125,71,54
S01007753,Couple family: Total,82,44,38
S01007753,Couple family: Both parents working,60,36,24
S01007753,Couple family: One parent working,16,8,8
S01007753,Couple family: No parents working,6,0,6
S01007753,Lone parent family: Total,43,27,16
S01007753,Lone parent family: Parent working,18,11,7
S01007753,Lone parent family: Parent not working,25,16,9
S01007754,All parents aged 16 and over with dependent children,183,93,90
S01007754,Couple family: Total,116,56,60
S01007754,Couple family: Both parents working,70,32,38
S01007754,Couple family: One parent working,26,16,10
S01007754,Couple family: No parents working,20,8,12
S01007754,Lone parent family: Total,67,37,30
S01007754,Lone parent family: Parent working,27,16,11
S01007754,Lone parent family: Parent not working,40,21,19
S01007755,All parents aged 16 and over with dependent children,184,90,94
S01007755,Couple family: Total,102,44,58
S01007755,Couple family: Both parents working,52,24,28
S01007755,Couple family: One parent working,32,10,22
S01007755,Couple family: No parents working,18,10,8
S01007755,Lone parent family: Total,82,46,36
S01007755,Lone parent family: Parent working,34,23,11
S01007755,Lone parent family: Parent not working,48,23,25
S01007756,All parents aged 16 and over with dependent children,124,58,66
S01007756,Couple family: Total,68,28,40
S01007756,Couple family: Both parents working,48,20,28
S01007756,Couple family: One parent working,14,6,8
S01007756,Couple family: No parents working,6,2,4
S01007756,Lone parent family: Total,56,30,26
S01007756,Lone parent family: Parent working,40,23,17
S01007756,Lone parent family: Parent not working,16,7,9
S01007757,All parents aged 16 and over with dependent children,167,68,99
S01007757,Couple family: Total,160,64,96
S01007757,Couple family: Both parents working,128,48,80
S01007757,Couple family: One parent working,26,14,12
S01007757,Couple family: No parents working,6,2,4
S01007757,Lone parent family: Total,7,4,3
S01007757,Lone parent family: Parent working,2,2,0
S01007757,Lone parent family: Parent not working,5,2,3
S01007758,All parents aged 16 and over with dependent children,129,64,65
S01007758,Couple family: Total,118,56,62
S01007758,Couple family: Both parents working,90,42,48
S01007758,Couple family: One parent working,26,12,14
S01007758,Couple family: No parents working,2,2,0
S01007758,Lone parent family: Total,11,8,3
S01007758,Lone parent family: Parent working,10,7,3
S01007758,Lone parent family: Parent not working,1,1,0
S01007759,All parents aged 16 and over with dependent children,100,51,49
S01007759,Couple family: Total,58,26,32
S01007759,Couple family: Both parents working,48,24,24
S01007759,Couple family: One parent working,8,2,6
S01007759,Couple family: No parents working,2,0,2
S01007759,Lone parent family: Total,42,25,17
S01007759,Lone parent family: Parent working,27,15,12
S01007759,Lone parent family: Parent not working,15,10,5
S01007760,All parents aged 16 and over with dependent children,103,32,71
S01007760,Couple family: Total,90,26,64
S01007760,Couple family: Both parents working,68,22,46
S01007760,Couple family: One parent working,22,4,18
S01007760,Couple family: No parents working,0,0,0
S01007760,Lone parent family: Total,13,6,7
S01007760,Lone parent family: Parent working,11,6,5
S01007760,Lone parent family: Parent not working,2,0,2
S01007761,All parents aged 16 and over with dependent children,153,68,85
S01007761,Couple family: Total,132,56,76
S01007761,Couple family: Both parents working,118,50,68
S01007761,Couple family: One parent working,14,6,8
S01007761,Couple family: No parents working,0,0,0
S01007761,Lone parent family: Total,21,12,9
S01007761,Lone parent family: Parent working,18,12,6
S01007761,Lone parent family: Parent not working,3,0,3
S01007762,All parents aged 16 and over with dependent children,96,59,37
S01007762,Couple family: Total,70,44,26
S01007762,Couple family: Both parents working,52,38,14
S01007762,Couple family: One parent working,16,4,12
S01007762,Couple family: No parents working,2,2,0
S01007762,Lone parent family: Total,26,15,11
S01007762,Lone parent family: Parent working,20,10,10
S01007762,Lone parent family: Parent not working,6,5,1
S01007763,All parents aged 16 and over with dependent children,71,41,30
S01007763,Couple family: Total,56,32,24
S01007763,Couple family: Both parents working,42,26,16
S01007763,Couple family: One parent working,12,6,6
S01007763,Couple family: No parents working,2,0,2
S01007763,Lone parent family: Total,15,9,6
S01007763,Lone parent family: Parent working,9,6,3
S01007763,Lone parent family: Parent not working,6,3,3
S01007764,All parents aged 16 and over with dependent children,167,76,91
S01007764,Couple family: Total,144,62,82
S01007764,Couple family: Both parents working,128,58,70
S01007764,Couple family: One parent working,12,0,12
S01007764,Couple family: No parents working,4,4,0
S01007764,Lone parent family: Total,23,14,9
S01007764,Lone parent family: Parent working,22,13,9
S01007764,Lone parent family: Parent not working,1,1,0
S01007765,All parents aged 16 and over with dependent children,138,56,82
S01007765,Couple family: Total,124,52,72
S01007765,Couple family: Both parents working,104,44,60
S01007765,Couple family: One parent working,16,6,10
S01007765,Couple family: No parents working,4,2,2
S01007765,Lone parent family: Total,14,4,10
S01007765,Lone parent family: Parent working,12,4,8
S01007765,Lone parent family: Parent not working,2,0,2
S01007766,All parents aged 16 and over with dependent children,178,71,107
S01007766,Couple family: Total,160,62,98
S01007766,Couple family: Both parents working,122,54,68
S01007766,Couple family: One parent working,36,6,30
S01007766,Couple family: No parents working,2,2,0
S01007766,Lone parent family: Total,18,9,9
S01007766,Lone parent family: Parent working,17,9,8
S01007766,Lone parent family: Parent not working,1,0,1
S01007767,All parents aged 16 and over with dependent children,157,69,88
S01007767,Couple family: Total,144,64,80
S01007767,Couple family: Both parents working,128,60,68
S01007767,Couple family: One parent working,14,4,10
S01007767,Couple family: No parents working,2,0,2
S01007767,Lone parent family: Total,13,5,8
S01007767,Lone parent family: Parent working,12,4,8
S01007767,Lone parent family: Parent not working,1,1,0
S01007768,All parents aged 16 and over with dependent children,100,51,49
S01007768,Couple family: Total,84,42,42
S01007768,Couple family: Both parents working,60,28,32
S01007768,Couple family: One parent working,16,10,6
S01007768,Couple family: No parents working,8,4,4
S01007768,Lone parent family: Total,16,9,7
S01007768,Lone parent family: Parent working,7,3,4
S01007768,Lone parent family: Parent not working,9,6,3
S01007769,All parents aged 16 and over with dependent children,115,53,62
S01007769,Couple family: Total,102,48,54
S01007769,Couple family: Both parents working,76,34,42
S01007769,Couple family: One parent working,24,14,10
S01007769,Couple family: No parents working,2,0,2
S01007769,Lone parent family: Total,13,5,8
S01007769,Lone parent family: Parent working,8,4,4
S01007769,Lone parent family: Parent not working,5,1,4
S01007770,All parents aged 16 and over with dependent children,141,53,88
S01007770,Couple family: Total,114,36,78
S01007770,Couple family: Both parents working,90,30,60
S01007770,Couple family: One parent working,24,6,18
S01007770,Couple family: No parents working,0,0,0
S01007770,Lone parent family: Total,27,17,10
S01007770,Lone parent family: Parent working,25,16,9
S01007770,Lone parent family: Parent not working,2,1,1
S01007771,All parents aged 16 and over with dependent children,97,38,59
S01007771,Couple family: Total,86,34,52
S01007771,Couple family: Both parents working,76,32,44
S01007771,Couple family: One parent working,10,2,8
S01007771,Couple family: No parents working,0,0,0
S01007771,Lone parent family: Total,11,4,7
S01007771,Lone parent family: Parent working,9,3,6
S01007771,Lone parent family: Parent not working,2,1,1
S01007772,All parents aged 16 and over with dependent children,150,91,59
S01007772,Couple family: Total,112,62,50
S01007772,Couple family: Both parents working,82,48,34
S01007772,Couple family: One parent working,28,12,16
S01007772,Couple family: No parents working,2,2,0
S01007772,Lone parent family: Total,38,29,9
S01007772,Lone parent family: Parent working,31,23,8
S01007772,Lone parent family: Parent not working,7,6,1
S01007773,All parents aged 16 and over with dependent children,136,70,66
S01007773,Couple family: Total,124,62,62
S01007773,Couple family: Both parents working,110,52,58
S01007773,Couple family: One parent working,14,10,4
S01007773,Couple family: No parents working,0,0,0
S01007773,Lone parent family: Total,12,8,4
S01007773,Lone parent family: Parent working,10,7,3
S01007773,Lone parent family: Parent not working,2,1,1
S01007774,All parents aged 16 and over with dependent children,340,160,180
S01007774,Couple family: Total,306,140,166
S01007774,Couple family: Both parents working,260,116,144
S01007774,Couple family: One parent working,44,24,20
S01007774,Couple family: No parents working,2,0,2
S01007774,Lone parent family: Total,34,20,14
S01007774,Lone parent family: Parent working,29,18,11
S01007774,Lone parent family: Parent not working,5,2,3
S01007775,All parents aged 16 and over with dependent children,222,112,110
S01007775,Couple family: Total,200,98,102
S01007775,Couple family: Both parents working,166,84,82
S01007775,Couple family: One parent working,28,12,16
S01007775,Couple family: No parents working,6,2,4
S01007775,Lone parent family: Total,22,14,8
S01007775,Lone parent family: Parent working,20,12,8
S01007775,Lone parent family: Parent not working,2,2,0
S01007776,All parents aged 16 and over with dependent children,208,88,120
S01007776,Couple family: Total,188,74,114
S01007776,Couple family: Both parents working,160,62,98
S01007776,Couple family: One parent working,22,10,12
S01007776,Couple family: No parents working,6,2,4
S01007776,Lone parent family: Total,20,14,6
S01007776,Lone parent family: Parent working,14,9,5
S01007776,Lone parent family: Parent not working,6,5,1
S01007777,All parents aged 16 and over with dependent children,364,145,219
S01007777,Couple family: Total,338,132,206
S01007777,Couple family: Both parents working,282,112,170
S01007777,Couple family: One parent working,56,20,36
S01007777,Couple family: No parents working,0,0,0
S01007777,Lone parent family: Total,26,13,13
S01007777,Lone parent family: Parent working,21,12,9
S01007777,Lone parent family: Parent not working,5,1,4
S01007778,All parents aged 16 and over with dependent children,150,58,92
S01007778,Couple family: Total,148,58,90
S01007778,Couple family: Both parents working,122,50,72
S01007778,Couple family: One parent working,26,8,18
S01007778,Couple family: No parents working,0,0,0
S01007778,Lone parent family: Total,2,0,2
S01007778,Lone parent family: Parent working,2,0,2
S01007778,Lone parent family: Parent not working,0,0,0
S01007779,All parents aged 16 and over with dependent children,123,73,50
S01007779,Couple family: Total,106,60,46
S01007779,Couple family: Both parents working,82,48,34
S01007779,Couple family: One parent working,20,10,10
S01007779,Couple family: No parents working,4,2,2
S01007779,Lone parent family: Total,17,13,4
S01007779,Lone parent family: Parent working,15,12,3
S01007779,Lone parent family: Parent not working,2,1,1
S01007780,All parents aged 16 and over with dependent children,198,112,86
S01007780,Couple family: Total,174,96,78
S01007780,Couple family: Both parents working,134,76,58
S01007780,Couple family: One parent working,38,20,18
S01007780,Couple family: No parents working,2,0,2
S01007780,Lone parent family: Total,24,16,8
S01007780,Lone parent family: Parent working,21,13,8
S01007780,Lone parent family: Parent not working,3,3,0
S01007781,All parents aged 16 and over with dependent children,216,140,76
S01007781,Couple family: Total,182,118,64
S01007781,Couple family: Both parents working,162,110,52
S01007781,Couple family: One parent working,16,4,12
S01007781,Couple family: No parents working,4,4,0
S01007781,Lone parent family: Total,34,22,12
S01007781,Lone parent family: Parent working,21,17,4
S01007781,Lone parent family: Parent not working,13,5,8
S01007782,All parents aged 16 and over with dependent children,108,43,65
S01007782,Couple family: Total,76,28,48
S01007782,Couple family: Both parents working,28,14,14
S01007782,Couple family: One parent working,36,10,26
S01007782,Couple family: No parents working,12,4,8
S01007782,Lone parent family: Total,32,15,17
S01007782,Lone parent family: Parent working,9,5,4
S01007782,Lone parent family: Parent not working,23,10,13
S01007783,All parents aged 16 and over with dependent children,132,79,53
S01007783,Couple family: Total,62,36,26
S01007783,Couple family: Both parents working,22,12,10
S01007783,Couple family: One parent working,24,18,6
S01007783,Couple family: No parents working,16,6,10
S01007783,Lone parent family: Total,70,43,27
S01007783,Lone parent family: Parent working,30,21,9
S01007783,Lone parent family: Parent not working,40,22,18
S01007784,All parents aged 16 and over with dependent children,202,100,102
S01007784,Couple family: Total,160,76,84
S01007784,Couple family: Both parents working,116,60,56
S01007784,Couple family: One parent working,30,12,18
S01007784,Couple family: No parents working,14,4,10
S01007784,Lone parent family: Total,42,24,18
S01007784,Lone parent family: Parent working,26,16,10
S01007784,Lone parent family: Parent not working,16,8,8
S01007785,All parents aged 16 and over with dependent children,139,58,81
S01007785,Couple family: Total,54,14,40
S01007785,Couple family: Both parents working,32,10,22
S01007785,Couple family: One parent working,16,4,12
S01007785,Couple family: No parents working,6,0,6
S01007785,Lone parent family: Total,85,44,41
S01007785,Lone parent family: Parent working,36,18,18
S01007785,Lone parent family: Parent not working,49,26,23
S01007786,All parents aged 16 and over with dependent children,137,64,73
S01007786,Couple family: Total,88,36,52
S01007786,Couple family: Both parents working,52,26,26
S01007786,Couple family: One parent working,30,8,22
S01007786,Couple family: No parents working,6,2,4
S01007786,Lone parent family: Total,49,28,21
S01007786,Lone parent family: Parent working,32,18,14
S01007786,Lone parent family: Parent not working,17,10,7
S01007787,All parents aged 16 and over with dependent children,137,69,68
S01007787,Couple family: Total,88,46,42
S01007787,Couple family: Both parents working,54,30,24
S01007787,Couple family: One parent working,24,10,14
S01007787,Couple family: No parents working,10,6,4
S01007787,Lone parent family: Total,49,23,26
S01007787,Lone parent family: Parent working,27,14,13
S01007787,Lone parent family: Parent not working,22,9,13
S01007788,All parents aged 16 and over with dependent children,185,75,110
S01007788,Couple family: Total,102,40,62
S01007788,Couple family: Both parents working,58,20,38
S01007788,Couple family: One parent working,22,10,12
S01007788,Couple family: No parents working,22,10,12
S01007788,Lone parent family: Total,83,35,48
S01007788,Lone parent family: Parent working,37,20,17
S01007788,Lone parent family: Parent not working,46,15,31
S01007789,All parents aged 16 and over with dependent children,154,70,84
S01007789,Couple family: Total,90,30,60
S01007789,Couple family: Both parents working,42,18,24
S01007789,Couple family: One parent working,34,6,28
S01007789,Couple family: No parents working,14,6,8
S01007789,Lone parent family: Total,64,40,24
S01007789,Lone parent family: Parent working,33,22,11
S01007789,Lone parent family: Parent not working,31,18,13
S01007790,All parents aged 16 and over with dependent children,245,96,149
S01007790,Couple family: Total,122,34,88
S01007790,Couple family: Both parents working,50,20,30
S01007790,Couple family: One parent working,48,12,36
S01007790,Couple family: No parents working,24,2,22
S01007790,Lone parent family: Total,123,62,61
S01007790,Lone parent family: Parent working,50,27,23
S01007790,Lone parent family: Parent not working,73,35,38
S01007791,All parents aged 16 and over with dependent children,130,69,61
S01007791,Couple family: Total,120,64,56
S01007791,Couple family: Both parents working,104,58,46
S01007791,Couple family: One parent working,14,6,8
S01007791,Couple family: No parents working,2,0,2
S01007791,Lone parent family: Total,10,5,5
S01007791,Lone parent family: Parent working,10,5,5
S01007791,Lone parent family: Parent not working,0,0,0
S01007792,All parents aged 16 and over with dependent children,165,74,91
S01007792,Couple family: Total,110,46,64
S01007792,Couple family: Both parents working,86,40,46
S01007792,Couple family: One parent working,18,6,12
S01007792,Couple family: No parents working,6,0,6
S01007792,Lone parent family: Total,55,28,27
S01007792,Lone parent family: Parent working,31,20,11
S01007792,Lone parent family: Parent not working,24,8,16
S01007793,All parents aged 16 and over with dependent children,219,113,106
S01007793,Couple family: Total,130,66,64
S01007793,Couple family: Both parents working,72,38,34
S01007793,Couple family: One parent working,36,16,20
S01007793,Couple family: No parents working,22,12,10
S01007793,Lone parent family: Total,89,47,42
S01007793,Lone parent family: Parent working,43,21,22
S01007793,Lone parent family: Parent not working,46,26,20
S01007794,All parents aged 16 and over with dependent children,127,69,58
S01007794,Couple family: Total,92,52,40
S01007794,Couple family: Both parents working,66,38,28
S01007794,Couple family: One parent working,22,10,12
S01007794,Couple family: No parents working,4,4,0
S01007794,Lone parent family: Total,35,17,18
S01007794,Lone parent family: Parent working,21,17,4
S01007794,Lone parent family: Parent not working,14,0,14
S01007795,All parents aged 16 and over with dependent children,128,56,72
S01007795,Couple family: Total,78,30,48
S01007795,Couple family: Both parents working,58,22,36
S01007795,Couple family: One parent working,12,4,8
S01007795,Couple family: No parents working,8,4,4
S01007795,Lone parent family: Total,50,26,24
S01007795,Lone parent family: Parent working,30,18,12
S01007795,Lone parent family: Parent not working,20,8,12
S01007796,All parents aged 16 and over with dependent children,180,82,98
S01007796,Couple family: Total,122,56,66
S01007796,Couple family: Both parents working,86,38,48
S01007796,Couple family: One parent working,30,16,14
S01007796,Couple family: No parents working,6,2,4
S01007796,Lone parent family: Total,58,26,32
S01007796,Lone parent family: Parent working,28,12,16
S01007796,Lone parent family: Parent not working,30,14,16
S01007797,All parents aged 16 and over with dependent children,111,53,58
S01007797,Couple family: Total,62,22,40
S01007797,Couple family: Both parents working,38,18,20
S01007797,Couple family: One parent working,16,4,12
S01007797,Couple family: No parents working,8,0,8
S01007797,Lone parent family: Total,49,31,18
S01007797,Lone parent family: Parent working,25,15,10
S01007797,Lone parent family: Parent not working,24,16,8
S01007798,All parents aged 16 and over with dependent children,201,96,105
S01007798,Couple family: Total,176,80,96
S01007798,Couple family: Both parents working,138,62,76
S01007798,Couple family: One parent working,30,12,18
S01007798,Couple family: No parents working,8,6,2
S01007798,Lone parent family: Total,25,16,9
S01007798,Lone parent family: Parent working,12,6,6
S01007798,Lone parent family: Parent not working,13,10,3
S01007799,All parents aged 16 and over with dependent children,227,105,122
S01007799,Couple family: Total,210,94,116
S01007799,Couple family: Both parents working,168,76,92
S01007799,Couple family: One parent working,38,18,20
S01007799,Couple family: No parents working,4,0,4
S01007799,Lone parent family: Total,17,11,6
S01007799,Lone parent family: Parent working,13,8,5
S01007799,Lone parent family: Parent not working,4,3,1
S01007800,All parents aged 16 and over with dependent children,187,105,82
S01007800,Couple family: Total,90,52,38
S01007800,Couple family: Both parents working,44,26,18
S01007800,Couple family: One parent working,28,22,6
S01007800,Couple family: No parents working,18,4,14
S01007800,Lone parent family: Total,97,53,44
S01007800,Lone parent family: Parent working,57,29,28
S01007800,Lone parent family: Parent not working,40,24,16
S01007801,All parents aged 16 and over with dependent children,145,56,89
S01007801,Couple family: Total,84,32,52
S01007801,Couple family: Both parents working,30,12,18
S01007801,Couple family: One parent working,26,10,16
S01007801,Couple family: No parents working,28,10,18
S01007801,Lone parent family: Total,61,24,37
S01007801,Lone parent family: Parent working,26,11,15
S01007801,Lone parent family: Parent not working,35,13,22
S01007802,All parents aged 16 and over with dependent children,174,97,77
S01007802,Couple family: Total,154,88,66
S01007802,Couple family: Both parents working,118,76,42
S01007802,Couple family: One parent working,34,12,22
S01007802,Couple family: No parents working,2,0,2
S01007802,Lone parent family: Total,20,9,11
S01007802,Lone parent family: Parent working,17,8,9
S01007802,Lone parent family: Parent not working,3,1,2
S01007803,All parents aged 16 and over with dependent children,217,91,126
S01007803,Couple family: Total,116,50,66
S01007803,Couple family: Both parents working,62,28,34
S01007803,Couple family: One parent working,36,18,18
S01007803,Couple family: No parents working,18,4,14
S01007803,Lone parent family: Total,101,41,60
S01007803,Lone parent family: Parent working,34,15,19
S01007803,Lone parent family: Parent not working,67,26,41
S01007804,All parents aged 16 and over with dependent children,146,68,78
S01007804,Couple family: Total,66,22,44
S01007804,Couple family: Both parents working,30,16,14
S01007804,Couple family: One parent working,28,4,24
S01007804,Couple family: No parents working,8,2,6
S01007804,Lone parent family: Total,80,46,34
S01007804,Lone parent family: Parent working,48,31,17
S01007804,Lone parent family: Parent not working,32,15,17
S01007805,All parents aged 16 and over with dependent children,126,59,67
S01007805,Couple family: Total,64,34,30
S01007805,Couple family: Both parents working,40,30,10
S01007805,Couple family: One parent working,12,2,10
S01007805,Couple family: No parents working,12,2,10
S01007805,Lone parent family: Total,62,25,37
S01007805,Lone parent family: Parent working,29,12,17
S01007805,Lone parent family: Parent not working,33,13,20
S01007806,All parents aged 16 and over with dependent children,120,66,54
S01007806,Couple family: Total,86,48,38
S01007806,Couple family: Both parents working,62,36,26
S01007806,Couple family: One parent working,18,8,10
S01007806,Couple family: No parents working,6,4,2
S01007806,Lone parent family: Total,34,18,16
S01007806,Lone parent family: Parent working,23,11,12
S01007806,Lone parent family: Parent not working,11,7,4
S01007807,All parents aged 16 and over with dependent children,183,80,103
S01007807,Couple family: Total,158,68,90
S01007807,Couple family: Both parents working,126,58,68
S01007807,Couple family: One parent working,28,8,20
S01007807,Couple family: No parents working,4,2,2
S01007807,Lone parent family: Total,25,12,13
S01007807,Lone parent family: Parent working,20,10,10
S01007807,Lone parent family: Parent not working,5,2,3
S01007808,All parents aged 16 and over with dependent children,200,85,115
S01007808,Couple family: Total,152,66,86
S01007808,Couple family: Both parents working,104,56,48
S01007808,Couple family: One parent working,32,8,24
S01007808,Couple family: No parents working,16,2,14
S01007808,Lone parent family: Total,48,19,29
S01007808,Lone parent family: Parent working,35,16,19
S01007808,Lone parent family: Parent not working,13,3,10
S01007809,All parents aged 16 and over with dependent children,176,88,88
S01007809,Couple family: Total,150,72,78
S01007809,Couple family: Both parents working,136,66,70
S01007809,Couple family: One parent working,12,4,8
S01007809,Couple family: No parents working,2,2,0
S01007809,Lone parent family: Total,26,16,10
S01007809,Lone parent family: Parent working,18,12,6
S01007809,Lone parent family: Parent not working,8,4,4
S01007810,All parents aged 16 and over with dependent children,174,71,103
S01007810,Couple family: Total,124,44,80
S01007810,Couple family: Both parents working,68,30,38
S01007810,Couple family: One parent working,40,10,30
S01007810,Couple family: No parents working,16,4,12
S01007810,Lone parent family: Total,50,27,23
S01007810,Lone parent family: Parent working,20,12,8
S01007810,Lone parent family: Parent not working,30,15,15
S01007811,All parents aged 16 and over with dependent children,198,74,124
S01007811,Couple family: Total,136,44,92
S01007811,Couple family: Both parents working,82,32,50
S01007811,Couple family: One parent working,36,10,26
S01007811,Couple family: No parents working,18,2,16
S01007811,Lone parent family: Total,62,30,32
S01007811,Lone parent family: Parent working,28,12,16
S01007811,Lone parent family: Parent not working,34,18,16
S01007812,All parents aged 16 and over with dependent children,225,108,117
S01007812,Couple family: Total,154,66,88
S01007812,Couple family: Both parents working,76,48,28
S01007812,Couple family: One parent working,50,12,38
S01007812,Couple family: No parents working,28,6,22
S01007812,Lone parent family: Total,71,42,29
S01007812,Lone parent family: Parent working,28,16,12
S01007812,Lone parent family: Parent not working,43,26,17
S01007813,All parents aged 16 and over with dependent children,165,68,97
S01007813,Couple family: Total,94,36,58
S01007813,Couple family: Both parents working,46,22,24
S01007813,Couple family: One parent working,24,10,14
S01007813,Couple family: No parents working,24,4,20
S01007813,Lone parent family: Total,71,32,39
S01007813,Lone parent family: Parent working,41,18,23
S01007813,Lone parent family: Parent not working,30,14,16
S01007814,All parents aged 16 and over with dependent children,109,52,57
S01007814,Couple family: Total,92,42,50
S01007814,Couple family: Both parents working,62,28,34
S01007814,Couple family: One parent working,14,4,10
S01007814,Couple family: No parents working,16,10,6
S01007814,Lone parent family: Total,17,10,7
S01007814,Lone parent family: Parent working,7,7,0
S01007814,Lone parent family: Parent not working,10,3,7
S01007815,All parents aged 16 and over with dependent children,161,89,72
S01007815,Couple family: Total,144,80,64
S01007815,Couple family: Both parents working,128,70,58
S01007815,Couple family: One parent working,14,10,4
S01007815,Couple family: No parents working,2,0,2
S01007815,Lone parent family: Total,17,9,8
S01007815,Lone parent family: Parent working,14,7,7
S01007815,Lone parent family: Parent not working,3,2,1
S01007816,All parents aged 16 and over with dependent children,122,61,61
S01007816,Couple family: Total,98,48,50
S01007816,Couple family: Both parents working,86,42,44
S01007816,Couple family: One parent working,6,4,2
S01007816,Couple family: No parents working,6,2,4
S01007816,Lone parent family: Total,24,13,11
S01007816,Lone parent family: Parent working,18,10,8
S01007816,Lone parent family: Parent not working,6,3,3
S01007817,All parents aged 16 and over with dependent children,69,40,29
S01007817,Couple family: Total,52,26,26
S01007817,Couple family: Both parents working,46,22,24
S01007817,Couple family: One parent working,2,2,0
S01007817,Couple family: No parents working,4,2,2
S01007817,Lone parent family: Total,17,14,3
S01007817,Lone parent family: Parent working,11,8,3
S01007817,Lone parent family: Parent not working,6,6,0
S01007818,All parents aged 16 and over with dependent children,172,93,79
S01007818,Couple family: Total,138,72,66
S01007818,Couple family: Both parents working,106,58,48
S01007818,Couple family: One parent working,18,8,10
S01007818,Couple family: No parents working,14,6,8
S01007818,Lone parent family: Total,34,21,13
S01007818,Lone parent family: Parent working,22,16,6
S01007818,Lone parent family: Parent not working,12,5,7
S01007819,All parents aged 16 and over with dependent children,141,49,92
S01007819,Couple family: Total,120,38,82
S01007819,Couple family: Both parents working,106,32,74
S01007819,Couple family: One parent working,6,2,4
S01007819,Couple family: No parents working,8,4,4
S01007819,Lone parent family: Total,21,11,10
S01007819,Lone parent family: Parent working,16,9,7
S01007819,Lone parent family: Parent not working,5,2,3
S01007820,All parents aged 16 and over with dependent children,173,76,97
S01007820,Couple family: Total,136,60,76
S01007820,Couple family: Both parents working,90,46,44
S01007820,Couple family: One parent working,28,12,16
S01007820,Couple family: No parents working,18,2,16
S01007820,Lone parent family: Total,37,16,21
S01007820,Lone parent family: Parent working,20,11,9
S01007820,Lone parent family: Parent not working,17,5,12
S01007821,All parents aged 16 and over with dependent children,105,55,50
S01007821,Couple family: Total,84,38,46
S01007821,Couple family: Both parents working,54,26,28
S01007821,Couple family: One parent working,28,12,16
S01007821,Couple family: No parents working,2,0,2
S01007821,Lone parent family: Total,21,17,4
S01007821,Lone parent family: Parent working,18,15,3
S01007821,Lone parent family: Parent not working,3,2,1
S01007822,All parents aged 16 and over with dependent children,127,63,64
S01007822,Couple family: Total,106,52,54
S01007822,Couple family: Both parents working,88,42,46
S01007822,Couple family: One parent working,16,8,8
S01007822,Couple family: No parents working,2,2,0
S01007822,Lone parent family: Total,21,11,10
S01007822,Lone parent family: Parent working,17,8,9
S01007822,Lone parent family: Parent not working,4,3,1
S01007823,All parents aged 16 and over with dependent children,119,63,56
S01007823,Couple family: Total,104,50,54
S01007823,Couple family: Both parents working,96,50,46
S01007823,Couple family: One parent working,6,0,6
S01007823,Couple family: No parents working,2,0,2
S01007823,Lone parent family: Total,15,13,2
S01007823,Lone parent family: Parent working,14,12,2
S01007823,Lone parent family: Parent not working,1,1,0
S01007824,All parents aged 16 and over with dependent children,132,75,57
S01007824,Couple family: Total,106,54,52
S01007824,Couple family: Both parents working,92,46,46
S01007824,Couple family: One parent working,14,8,6
S01007824,Couple family: No parents working,0,0,0
S01007824,Lone parent family: Total,26,21,5
S01007824,Lone parent family: Parent working,25,20,5
S01007824,Lone parent family: Parent not working,1,1,0
S01007825,All parents aged 16 and over with dependent children,179,87,92
S01007825,Couple family: Total,160,70,90
S01007825,Couple family: Both parents working,118,48,70
S01007825,Couple family: One parent working,40,22,18
S01007825,Couple family: No parents working,2,0,2
S01007825,Lone parent family: Total,19,17,2
S01007825,Lone parent family: Parent working,17,15,2
S01007825,Lone parent family: Parent not working,2,2,0
S01007826,All parents aged 16 and over with dependent children,122,59,63
S01007826,Couple family: Total,76,38,38
S01007826,Couple family: Both parents working,38,22,16
S01007826,Couple family: One parent working,30,14,16
S01007826,Couple family: No parents working,8,2,6
S01007826,Lone parent family: Total,46,21,25
S01007826,Lone parent family: Parent working,22,10,12
S01007826,Lone parent family: Parent not working,24,11,13
S01007827,All parents aged 16 and over with dependent children,99,61,38
S01007827,Couple family: Total,62,30,32
S01007827,Couple family: Both parents working,48,28,20
S01007827,Couple family: One parent working,8,0,8
S01007827,Couple family: No parents working,6,2,4
S01007827,Lone parent family: Total,37,31,6
S01007827,Lone parent family: Parent working,27,22,5
S01007827,Lone parent family: Parent not working,10,9,1
S01007828,All parents aged 16 and over with dependent children,108,74,34
S01007828,Couple family: Total,70,48,22
S01007828,Couple family: Both parents working,58,42,16
S01007828,Couple family: One parent working,12,6,6
S01007828,Couple family: No parents working,0,0,0
S01007828,Lone parent family: Total,38,26,12
S01007828,Lone parent family: Parent working,25,17,8
S01007828,Lone parent family: Parent not working,13,9,4
S01007829,All parents aged 16 and over with dependent children,52,31,21
S01007829,Couple family: Total,38,18,20
S01007829,Couple family: Both parents working,28,10,18
S01007829,Couple family: One parent working,8,6,2
S01007829,Couple family: No parents working,2,2,0
S01007829,Lone parent family: Total,14,13,1
S01007829,Lone parent family: Parent working,8,7,1
S01007829,Lone parent family: Parent not working,6,6,0
S01007830,All parents aged 16 and over with dependent children,117,66,51
S01007830,Couple family: Total,76,36,40
S01007830,Couple family: Both parents working,46,28,18
S01007830,Couple family: One parent working,22,4,18
S01007830,Couple family: No parents working,8,4,4
S01007830,Lone parent family: Total,41,30,11
S01007830,Lone parent family: Parent working,25,19,6
S01007830,Lone parent family: Parent not working,16,11,5
S01007831,All parents aged 16 and over with dependent children,136,62,74
S01007831,Couple family: Total,80,34,46
S01007831,Couple family: Both parents working,34,16,18
S01007831,Couple family: One parent working,32,10,22
S01007831,Couple family: No parents working,14,8,6
S01007831,Lone parent family: Total,56,28,28
S01007831,Lone parent family: Parent working,36,20,16
S01007831,Lone parent family: Parent not working,20,8,12
S01007832,All parents aged 16 and over with dependent children,92,56,36
S01007832,Couple family: Total,56,32,24
S01007832,Couple family: Both parents working,34,20,14
S01007832,Couple family: One parent working,14,6,8
S01007832,Couple family: No parents working,8,6,2
S01007832,Lone parent family: Total,36,24,12
S01007832,Lone parent family: Parent working,21,17,4
S01007832,Lone parent family: Parent not working,15,7,8
S01007833,All parents aged 16 and over with dependent children,77,49,28
S01007833,Couple family: Total,64,38,26
S01007833,Couple family: Both parents working,46,28,18
S01007833,Couple family: One parent working,8,4,4
S01007833,Couple family: No parents working,10,6,4
S01007833,Lone parent family: Total,13,11,2
S01007833,Lone parent family: Parent working,6,6,0
S01007833,Lone parent family: Parent not working,7,5,2
S01007834,All parents aged 16 and over with dependent children,115,70,45
S01007834,Couple family: Total,60,36,24
S01007834,Couple family: Both parents working,36,24,12
S01007834,Couple family: One parent working,12,6,6
S01007834,Couple family: No parents working,12,6,6
S01007834,Lone parent family: Total,55,34,21
S01007834,Lone parent family: Parent working,29,21,8
S01007834,Lone parent family: Parent not working,26,13,13
S01007835,All parents aged 16 and over with dependent children,136,72,64
S01007835,Couple family: Total,110,54,56
S01007835,Couple family: Both parents working,94,50,44
S01007835,Couple family: One parent working,14,2,12
S01007835,Couple family: No parents working,2,2,0
S01007835,Lone parent family: Total,26,18,8
S01007835,Lone parent family: Parent working,18,13,5
S01007835,Lone parent family: Parent not working,8,5,3
S01007836,All parents aged 16 and over with dependent children,67,29,38
S01007836,Couple family: Total,58,24,34
S01007836,Couple family: Both parents working,44,18,26
S01007836,Couple family: One parent working,8,4,4
S01007836,Couple family: No parents working,6,2,4
S01007836,Lone parent family: Total,9,5,4
S01007836,Lone parent family: Parent working,8,5,3
S01007836,Lone parent family: Parent not working,1,0,1
S01007837,All parents aged 16 and over with dependent children,110,51,59
S01007837,Couple family: Total,94,40,54
S01007837,Couple family: Both parents working,84,34,50
S01007837,Couple family: One parent working,10,6,4
S01007837,Couple family: No parents working,0,0,0
S01007837,Lone parent family: Total,16,11,5
S01007837,Lone parent family: Parent working,13,8,5
S01007837,Lone parent family: Parent not working,3,3,0
S01007838,All parents aged 16 and over with dependent children,133,70,63
S01007838,Couple family: Total,110,56,54
S01007838,Couple family: Both parents working,84,44,40
S01007838,Couple family: One parent working,24,12,12
S01007838,Couple family: No parents working,2,0,2
S01007838,Lone parent family: Total,23,14,9
S01007838,Lone parent family: Parent working,17,11,6
S01007838,Lone parent family: Parent not working,6,3,3
S01007839,All parents aged 16 and over with dependent children,68,37,31
S01007839,Couple family: Total,54,28,26
S01007839,Couple family: Both parents working,38,18,20
S01007839,Couple family: One parent working,14,10,4
S01007839,Couple family: No parents working,2,0,2
S01007839,Lone parent family: Total,14,9,5
S01007839,Lone parent family: Parent working,9,7,2
S01007839,Lone parent family: Parent not working,5,2,3
S01007840,All parents aged 16 and over with dependent children,123,80,43
S01007840,Couple family: Total,82,46,36
S01007840,Couple family: Both parents working,56,36,20
S01007840,Couple family: One parent working,22,8,14
S01007840,Couple family: No parents working,4,2,2
S01007840,Lone parent family: Total,41,34,7
S01007840,Lone parent family: Parent working,28,23,5
S01007840,Lone parent family: Parent not working,13,11,2
S01007841,All parents aged 16 and over with dependent children,144,71,73
S01007841,Couple family: Total,88,46,42
S01007841,Couple family: Both parents working,58,32,26
S01007841,Couple family: One parent working,18,8,10
S01007841,Couple family: No parents working,12,6,6
S01007841,Lone parent family: Total,56,25,31
S01007841,Lone parent family: Parent working,38,21,17
S01007841,Lone parent family: Parent not working,18,4,14
S01007842,All parents aged 16 and over with dependent children,154,82,72
S01007842,Couple family: Total,70,36,34
S01007842,Couple family: Both parents working,32,12,20
S01007842,Couple family: One parent working,32,22,10
S01007842,Couple family: No parents working,6,2,4
S01007842,Lone parent family: Total,84,46,38
S01007842,Lone parent family: Parent working,42,28,14
S01007842,Lone parent family: Parent not working,42,18,24
S01007843,All parents aged 16 and over with dependent children,143,90,53
S01007843,Couple family: Total,96,58,38
S01007843,Couple family: Both parents working,60,38,22
S01007843,Couple family: One parent working,18,12,6
S01007843,Couple family: No parents working,18,8,10
S01007843,Lone parent family: Total,47,32,15
S01007843,Lone parent family: Parent working,33,23,10
S01007843,Lone parent family: Parent not working,14,9,5
S01007844,All parents aged 16 and over with dependent children,172,97,75
S01007844,Couple family: Total,108,54,54
S01007844,Couple family: Both parents working,78,36,42
S01007844,Couple family: One parent working,18,12,6
S01007844,Couple family: No parents working,12,6,6
S01007844,Lone parent family: Total,64,43,21
S01007844,Lone parent family: Parent working,37,24,13
S01007844,Lone parent family: Parent not working,27,19,8
S01007845,All parents aged 16 and over with dependent children,198,105,93
S01007845,Couple family: Total,118,68,50
S01007845,Couple family: Both parents working,56,42,14
S01007845,Couple family: One parent working,46,18,28
S01007845,Couple family: No parents working,16,8,8
S01007845,Lone parent family: Total,80,37,43
S01007845,Lone parent family: Parent working,42,23,19
S01007845,Lone parent family: Parent not working,38,14,24
S01007846,All parents aged 16 and over with dependent children,174,88,86
S01007846,Couple family: Total,120,48,72
S01007846,Couple family: Both parents working,54,18,36
S01007846,Couple family: One parent working,46,20,26
S01007846,Couple family: No parents working,20,10,10
S01007846,Lone parent family: Total,54,40,14
S01007846,Lone parent family: Parent working,32,22,10
S01007846,Lone parent family: Parent not working,22,18,4
S01007847,All parents aged 16 and over with dependent children,185,104,81
S01007847,Couple family: Total,116,62,54
S01007847,Couple family: Both parents working,70,44,26
S01007847,Couple family: One parent working,36,16,20
S01007847,Couple family: No parents working,10,2,8
S01007847,Lone parent family: Total,69,42,27
S01007847,Lone parent family: Parent working,42,27,15
S01007847,Lone parent family: Parent not working,27,15,12
S01007848,All parents aged 16 and over with dependent children,163,78,85
S01007848,Couple family: Total,92,36,56
S01007848,Couple family: Both parents working,58,28,30
S01007848,Couple family: One parent working,22,6,16
S01007848,Couple family: No parents working,12,2,10
S01007848,Lone parent family: Total,71,42,29
S01007848,Lone parent family: Parent working,38,22,16
S01007848,Lone parent family: Parent not working,33,20,13
S01007849,All parents aged 16 and over with dependent children,236,118,118
S01007849,Couple family: Total,156,78,78
S01007849,Couple family: Both parents working,102,52,50
S01007849,Couple family: One parent working,28,12,16
S01007849,Couple family: No parents working,26,14,12
S01007849,Lone parent family: Total,80,40,40
S01007849,Lone parent family: Parent working,39,24,15
S01007849,Lone parent family: Parent not working,41,16,25
S01007850,All parents aged 16 and over with dependent children,122,45,77
S01007850,Couple family: Total,78,24,54
S01007850,Couple family: Both parents working,50,18,32
S01007850,Couple family: One parent working,18,6,12
S01007850,Couple family: No parents working,10,0,10
S01007850,Lone parent family: Total,44,21,23
S01007850,Lone parent family: Parent working,23,11,12
S01007850,Lone parent family: Parent not working,21,10,11
S01007851,All parents aged 16 and over with dependent children,144,64,80
S01007851,Couple family: Total,116,44,72
S01007851,Couple family: Both parents working,78,30,48
S01007851,Couple family: One parent working,28,12,16
S01007851,Couple family: No parents working,10,2,8
S01007851,Lone parent family: Total,28,20,8
S01007851,Lone parent family: Parent working,21,17,4
S01007851,Lone parent family: Parent not working,7,3,4
S01007852,All parents aged 16 and over with dependent children,139,88,51
S01007852,Couple family: Total,86,54,32
S01007852,Couple family: Both parents working,66,40,26
S01007852,Couple family: One parent working,18,12,6
S01007852,Couple family: No parents working,2,2,0
S01007852,Lone parent family: Total,53,34,19
S01007852,Lone parent family: Parent working,28,17,11
S01007852,Lone parent family: Parent not working,25,17,8
S01007853,All parents aged 16 and over with dependent children,87,58,29
S01007853,Couple family: Total,42,26,16
S01007853,Couple family: Both parents working,24,18,6
S01007853,Couple family: One parent working,10,4,6
S01007853,Couple family: No parents working,8,4,4
S01007853,Lone parent family: Total,45,32,13
S01007853,Lone parent family: Parent working,17,14,3
S01007853,Lone parent family: Parent not working,28,18,10
S01007854,All parents aged 16 and over with dependent children,211,112,99
S01007854,Couple family: Total,116,58,58
S01007854,Couple family: Both parents working,64,28,36
S01007854,Couple family: One parent working,26,12,14
S01007854,Couple family: No parents working,26,18,8
S01007854,Lone parent family: Total,95,54,41
S01007854,Lone parent family: Parent working,47,31,16
S01007854,Lone parent family: Parent not working,48,23,25
S01007855,All parents aged 16 and over with dependent children,74,50,24
S01007855,Couple family: Total,42,26,16
S01007855,Couple family: Both parents working,28,16,12
S01007855,Couple family: One parent working,10,6,4
S01007855,Couple family: No parents working,4,4,0
S01007855,Lone parent family: Total,32,24,8
S01007855,Lone parent family: Parent working,22,16,6
S01007855,Lone parent family: Parent not working,10,8,2
S01007856,All parents aged 16 and over with dependent children,181,75,106
S01007856,Couple family: Total,130,52,78
S01007856,Couple family: Both parents working,98,44,54
S01007856,Couple family: One parent working,20,6,14
S01007856,Couple family: No parents working,12,2,10
S01007856,Lone parent family: Total,51,23,28
S01007856,Lone parent family: Parent working,36,17,19
S01007856,Lone parent family: Parent not working,15,6,9
S01007857,All parents aged 16 and over with dependent children,112,63,49
S01007857,Couple family: Total,66,32,34
S01007857,Couple family: Both parents working,44,26,18
S01007857,Couple family: One parent working,18,4,14
S01007857,Couple family: No parents working,4,2,2
S01007857,Lone parent family: Total,46,31,15
S01007857,Lone parent family: Parent working,23,15,8
S01007857,Lone parent family: Parent not working,23,16,7
S01007858,All parents aged 16 and over with dependent children,192,94,98
S01007858,Couple family: Total,130,54,76
S01007858,Couple family: Both parents working,78,44,34
S01007858,Couple family: One parent working,36,6,30
S01007858,Couple family: No parents working,16,4,12
S01007858,Lone parent family: Total,62,40,22
S01007858,Lone parent family: Parent working,40,28,12
S01007858,Lone parent family: Parent not working,22,12,10
S01007859,All parents aged 16 and over with dependent children,106,41,65
S01007859,Couple family: Total,56,16,40
S01007859,Couple family: Both parents working,32,10,22
S01007859,Couple family: One parent working,12,0,12
S01007859,Couple family: No parents working,12,6,6
S01007859,Lone parent family: Total,50,25,25
S01007859,Lone parent family: Parent working,29,17,12
S01007859,Lone parent family: Parent not working,21,8,13
S01007860,All parents aged 16 and over with dependent children,191,77,114
S01007860,Couple family: Total,154,62,92
S01007860,Couple family: Both parents working,112,50,62
S01007860,Couple family: One parent working,28,6,22
S01007860,Couple family: No parents working,14,6,8
S01007860,Lone parent family: Total,37,15,22
S01007860,Lone parent family: Parent working,25,10,15
S01007860,Lone parent family: Parent not working,12,5,7
S01007861,All parents aged 16 and over with dependent children,125,61,64
S01007861,Couple family: Total,88,44,44
S01007861,Couple family: Both parents working,46,30,16
S01007861,Couple family: One parent working,30,12,18
S01007861,Couple family: No parents working,12,2,10
S01007861,Lone parent family: Total,37,17,20
S01007861,Lone parent family: Parent working,21,13,8
S01007861,Lone parent family: Parent not working,16,4,12
S01007862,All parents aged 16 and over with dependent children,128,76,52
S01007862,Couple family: Total,76,50,26
S01007862,Couple family: Both parents working,48,36,12
S01007862,Couple family: One parent working,22,14,8
S01007862,Couple family: No parents working,6,0,6
S01007862,Lone parent family: Total,52,26,26
S01007862,Lone parent family: Parent working,28,18,10
S01007862,Lone parent family: Parent not working,24,8,16
S01007863,All parents aged 16 and over with dependent children,223,139,84
S01007863,Couple family: Total,128,80,48
S01007863,Couple family: Both parents working,64,40,24
S01007863,Couple family: One parent working,40,26,14
S01007863,Couple family: No parents working,24,14,10
S01007863,Lone parent family: Total,95,59,36
S01007863,Lone parent family: Parent working,30,19,11
S01007863,Lone parent family: Parent not working,65,40,25
S01007864,All parents aged 16 and over with dependent children,179,100,79
S01007864,Couple family: Total,124,64,60
S01007864,Couple family: Both parents working,84,36,48
S01007864,Couple family: One parent working,32,22,10
S01007864,Couple family: No parents working,8,6,2
S01007864,Lone parent family: Total,55,36,19
S01007864,Lone parent family: Parent working,30,20,10
S01007864,Lone parent family: Parent not working,25,16,9
S01007865,All parents aged 16 and over with dependent children,258,120,138
S01007865,Couple family: Total,242,110,132
S01007865,Couple family: Both parents working,206,98,108
S01007865,Couple family: One parent working,32,12,20
S01007865,Couple family: No parents working,4,0,4
S01007865,Lone parent family: Total,16,10,6
S01007865,Lone parent family: Parent working,14,9,5
S01007865,Lone parent family: Parent not working,2,1,1
S01007866,All parents aged 16 and over with dependent children,181,84,97
S01007866,Couple family: Total,170,78,92
S01007866,Couple family: Both parents working,146,68,78
S01007866,Couple family: One parent working,20,10,10
S01007866,Couple family: No parents working,4,0,4
S01007866,Lone parent family: Total,11,6,5
S01007866,Lone parent family: Parent working,11,6,5
S01007866,Lone parent family: Parent not working,0,0,0
S01007867,All parents aged 16 and over with dependent children,118,62,56
S01007867,Couple family: Total,96,52,44
S01007867,Couple family: Both parents working,72,38,34
S01007867,Couple family: One parent working,24,14,10
S01007867,Couple family: No parents working,0,0,0
S01007867,Lone parent family: Total,22,10,12
S01007867,Lone parent family: Parent working,13,10,3
S01007867,Lone parent family: Parent not working,9,0,9
S01007868,All parents aged 16 and over with dependent children,155,81,74
S01007868,Couple family: Total,138,72,66
S01007868,Couple family: Both parents working,118,68,50
S01007868,Couple family: One parent working,12,4,8
S01007868,Couple family: No parents working,8,0,8
S01007868,Lone parent family: Total,17,9,8
S01007868,Lone parent family: Parent working,15,8,7
S01007868,Lone parent family: Parent not working,2,1,1
S01007869,All parents aged 16 and over with dependent children,220,101,119
S01007869,Couple family: Total,194,84,110
S01007869,Couple family: Both parents working,134,56,78
S01007869,Couple family: One parent working,50,24,26
S01007869,Couple family: No parents working,10,4,6
S01007869,Lone parent family: Total,26,17,9
S01007869,Lone parent family: Parent working,20,13,7
S01007869,Lone parent family: Parent not working,6,4,2
S01007870,All parents aged 16 and over with dependent children,110,66,44
S01007870,Couple family: Total,104,60,44
S01007870,Couple family: Both parents working,76,42,34
S01007870,Couple family: One parent working,14,10,4
S01007870,Couple family: No parents working,14,8,6
S01007870,Lone parent family: Total,6,6,0
S01007870,Lone parent family: Parent working,5,5,0
S01007870,Lone parent family: Parent not working,1,1,0
S01007871,All parents aged 16 and over with dependent children,131,63,68
S01007871,Couple family: Total,92,42,50
S01007871,Couple family: Both parents working,42,22,20
S01007871,Couple family: One parent working,28,8,20
S01007871,Couple family: No parents working,22,12,10
S01007871,Lone parent family: Total,39,21,18
S01007871,Lone parent family: Parent working,20,11,9
S01007871,Lone parent family: Parent not working,19,10,9
S01007872,All parents aged 16 and over with dependent children,142,78,64
S01007872,Couple family: Total,86,38,48
S01007872,Couple family: Both parents working,34,20,14
S01007872,Couple family: One parent working,30,12,18
S01007872,Couple family: No parents working,22,6,16
S01007872,Lone parent family: Total,56,40,16
S01007872,Lone parent family: Parent working,27,22,5
S01007872,Lone parent family: Parent not working,29,18,11
S01007873,All parents aged 16 and over with dependent children,119,63,56
S01007873,Couple family: Total,98,52,46
S01007873,Couple family: Both parents working,82,44,38
S01007873,Couple family: One parent working,8,2,6
S01007873,Couple family: No parents working,8,6,2
S01007873,Lone parent family: Total,21,11,10
S01007873,Lone parent family: Parent working,17,9,8
S01007873,Lone parent family: Parent not working,4,2,2
S01007874,All parents aged 16 and over with dependent children,122,82,40
S01007874,Couple family: Total,96,64,32
S01007874,Couple family: Both parents working,68,46,22
S01007874,Couple family: One parent working,16,12,4
S01007874,Couple family: No parents working,12,6,6
S01007874,Lone parent family: Total,26,18,8
S01007874,Lone parent family: Parent working,21,16,5
S01007874,Lone parent family: Parent not working,5,2,3
S01007875,All parents aged 16 and over with dependent children,99,56,43
S01007875,Couple family: Total,74,40,34
S01007875,Couple family: Both parents working,52,28,24
S01007875,Couple family: One parent working,18,10,8
S01007875,Couple family: No parents working,4,2,2
S01007875,Lone parent family: Total,25,16,9
S01007875,Lone parent family: Parent working,16,12,4
S01007875,Lone parent family: Parent not working,9,4,5
S01007876,All parents aged 16 and over with dependent children,240,99,141
S01007876,Couple family: Total,200,74,126
S01007876,Couple family: Both parents working,124,52,72
S01007876,Couple family: One parent working,60,20,40
S01007876,Couple family: No parents working,16,2,14
S01007876,Lone parent family: Total,40,25,15
S01007876,Lone parent family: Parent working,23,14,9
S01007876,Lone parent family: Parent not working,17,11,6
S01007877,All parents aged 16 and over with dependent children,149,67,82
S01007877,Couple family: Total,128,58,70
S01007877,Couple family: Both parents working,82,36,46
S01007877,Couple family: One parent working,32,14,18
S01007877,Couple family: No parents working,14,8,6
S01007877,Lone parent family: Total,21,9,12
S01007877,Lone parent family: Parent working,13,6,7
S01007877,Lone parent family: Parent not working,8,3,5
S01007878,All parents aged 16 and over with dependent children,111,52,59
S01007878,Couple family: Total,74,28,46
S01007878,Couple family: Both parents working,56,22,34
S01007878,Couple family: One parent working,10,2,8
S01007878,Couple family: No parents working,8,4,4
S01007878,Lone parent family: Total,37,24,13
S01007878,Lone parent family: Parent working,22,16,6
S01007878,Lone parent family: Parent not working,15,8,7
S01007879,All parents aged 16 and over with dependent children,179,83,96
S01007879,Couple family: Total,128,54,74
S01007879,Couple family: Both parents working,72,34,38
S01007879,Couple family: One parent working,38,8,30
S01007879,Couple family: No parents working,18,12,6
S01007879,Lone parent family: Total,51,29,22
S01007879,Lone parent family: Parent working,23,19,4
S01007879,Lone parent family: Parent not working,28,10,18
S01007880,All parents aged 16 and over with dependent children,57,25,32
S01007880,Couple family: Total,50,18,32
S01007880,Couple family: Both parents working,40,12,28
S01007880,Couple family: One parent working,8,4,4
S01007880,Couple family: No parents working,2,2,0
S01007880,Lone parent family: Total,7,7,0
S01007880,Lone parent family: Parent working,1,1,0
S01007880,Lone parent family: Parent not working,6,6,0
S01007881,All parents aged 16 and over with dependent children,118,59,59
S01007881,Couple family: Total,102,50,52
S01007881,Couple family: Both parents working,64,32,32
S01007881,Couple family: One parent working,24,8,16
S01007881,Couple family: No parents working,14,10,4
S01007881,Lone parent family: Total,16,9,7
S01007881,Lone parent family: Parent working,6,3,3
S01007881,Lone parent family: Parent not working,10,6,4
S01007882,All parents aged 16 and over with dependent children,164,86,78
S01007882,Couple family: Total,156,80,76
S01007882,Couple family: Both parents working,118,62,56
S01007882,Couple family: One parent working,34,16,18
S01007882,Couple family: No parents working,4,2,2
S01007882,Lone parent family: Total,8,6,2
S01007882,Lone parent family: Parent working,6,4,2
S01007882,Lone parent family: Parent not working,2,2,0
S01007883,All parents aged 16 and over with dependent children,219,114,105
S01007883,Couple family: Total,188,98,90
S01007883,Couple family: Both parents working,134,64,70
S01007883,Couple family: One parent working,40,20,20
S01007883,Couple family: No parents working,14,14,0
S01007883,Lone parent family: Total,31,16,15
S01007883,Lone parent family: Parent working,17,5,12
S01007883,Lone parent family: Parent not working,14,11,3
S01007884,All parents aged 16 and over with dependent children,158,98,60
S01007884,Couple family: Total,128,74,54
S01007884,Couple family: Both parents working,94,62,32
S01007884,Couple family: One parent working,18,2,16
S01007884,Couple family: No parents working,16,10,6
S01007884,Lone parent family: Total,30,24,6
S01007884,Lone parent family: Parent working,16,13,3
S01007884,Lone parent family: Parent not working,14,11,3
S01007885,All parents aged 16 and over with dependent children,137,81,56
S01007885,Couple family: Total,96,52,44
S01007885,Couple family: Both parents working,58,36,22
S01007885,Couple family: One parent working,24,8,16
S01007885,Couple family: No parents working,14,8,6
S01007885,Lone parent family: Total,41,29,12
S01007885,Lone parent family: Parent working,18,11,7
S01007885,Lone parent family: Parent not working,23,18,5
S01007886,All parents aged 16 and over with dependent children,157,86,71
S01007886,Couple family: Total,136,72,64
S01007886,Couple family: Both parents working,104,56,48
S01007886,Couple family: One parent working,28,14,14
S01007886,Couple family: No parents working,4,2,2
S01007886,Lone parent family: Total,21,14,7
S01007886,Lone parent family: Parent working,13,10,3
S01007886,Lone parent family: Parent not working,8,4,4
S01007887,All parents aged 16 and over with dependent children,114,46,68
S01007887,Couple family: Total,108,42,66
S01007887,Couple family: Both parents working,88,38,50
S01007887,Couple family: One parent working,18,4,14
S01007887,Couple family: No parents working,2,0,2
S01007887,Lone parent family: Total,6,4,2
S01007887,Lone parent family: Parent working,2,1,1
S01007887,Lone parent family: Parent not working,4,3,1
S01007888,All parents aged 16 and over with dependent children,254,119,135
S01007888,Couple family: Total,184,78,106
S01007888,Couple family: Both parents working,80,46,34
S01007888,Couple family: One parent working,74,24,50
S01007888,Couple family: No parents working,30,8,22
S01007888,Lone parent family: Total,70,41,29
S01007888,Lone parent family: Parent working,36,23,13
S01007888,Lone parent family: Parent not working,34,18,16
S01007889,All parents aged 16 and over with dependent children,100,55,45
S01007889,Couple family: Total,76,42,34
S01007889,Couple family: Both parents working,52,30,22
S01007889,Couple family: One parent working,20,8,12
S01007889,Couple family: No parents working,4,4,0
S01007889,Lone parent family: Total,24,13,11
S01007889,Lone parent family: Parent working,17,9,8
S01007889,Lone parent family: Parent not working,7,4,3
S01007890,All parents aged 16 and over with dependent children,161,79,82
S01007890,Couple family: Total,134,60,74
S01007890,Couple family: Both parents working,104,48,56
S01007890,Couple family: One parent working,16,2,14
S01007890,Couple family: No parents working,14,10,4
S01007890,Lone parent family: Total,27,19,8
S01007890,Lone parent family: Parent working,20,14,6
S01007890,Lone parent family: Parent not working,7,5,2
S01007891,All parents aged 16 and over with dependent children,189,89,100
S01007891,Couple family: Total,168,78,90
S01007891,Couple family: Both parents working,142,62,80
S01007891,Couple family: One parent working,22,12,10
S01007891,Couple family: No parents working,4,4,0
S01007891,Lone parent family: Total,21,11,10
S01007891,Lone parent family: Parent working,16,9,7
S01007891,Lone parent family: Parent not working,5,2,3
S01007892,All parents aged 16 and over with dependent children,128,64,64
S01007892,Couple family: Total,112,52,60
S01007892,Couple family: Both parents working,96,46,50
S01007892,Couple family: One parent working,14,4,10
S01007892,Couple family: No parents working,2,2,0
S01007892,Lone parent family: Total,16,12,4
S01007892,Lone parent family: Parent working,9,8,1
S01007892,Lone parent family: Parent not working,7,4,3
S01007893,All parents aged 16 and over with dependent children,218,105,113
S01007893,Couple family: Total,190,86,104
S01007893,Couple family: Both parents working,158,74,84
S01007893,Couple family: One parent working,30,10,20
S01007893,Couple family: No parents working,2,2,0
S01007893,Lone parent family: Total,28,19,9
S01007893,Lone parent family: Parent working,15,12,3
S01007893,Lone parent family: Parent not working,13,7,6
S01007894,All parents aged 16 and over with dependent children,204,115,89
S01007894,Couple family: Total,164,88,76
S01007894,Couple family: Both parents working,114,62,52
S01007894,Couple family: One parent working,38,16,22
S01007894,Couple family: No parents working,12,10,2
S01007894,Lone parent family: Total,40,27,13
S01007894,Lone parent family: Parent working,28,20,8
S01007894,Lone parent family: Parent not working,12,7,5
S01007895,All parents aged 16 and over with dependent children,99,41,58
S01007895,Couple family: Total,84,32,52
S01007895,Couple family: Both parents working,56,24,32
S01007895,Couple family: One parent working,26,6,20
S01007895,Couple family: No parents working,2,2,0
S01007895,Lone parent family: Total,15,9,6
S01007895,Lone parent family: Parent working,9,6,3
S01007895,Lone parent family: Parent not working,6,3,3
S01007896,All parents aged 16 and over with dependent children,183,89,94
S01007896,Couple family: Total,132,58,74
S01007896,Couple family: Both parents working,84,42,42
S01007896,Couple family: One parent working,34,12,22
S01007896,Couple family: No parents working,14,4,10
S01007896,Lone parent family: Total,51,31,20
S01007896,Lone parent family: Parent working,26,20,6
S01007896,Lone parent family: Parent not working,25,11,14
S01007897,All parents aged 16 and over with dependent children,97,31,66
S01007897,Couple family: Total,92,28,64
S01007897,Couple family: Both parents working,82,22,60
S01007897,Couple family: One parent working,8,4,4
S01007897,Couple family: No parents working,2,2,0
S01007897,Lone parent family: Total,5,3,2
S01007897,Lone parent family: Parent working,3,2,1
S01007897,Lone parent family: Parent not working,2,1,1
S01007898,All parents aged 16 and over with dependent children,96,38,58
S01007898,Couple family: Total,90,36,54
S01007898,Couple family: Both parents working,72,28,44
S01007898,Couple family: One parent working,14,6,8
S01007898,Couple family: No parents working,4,2,2
S01007898,Lone parent family: Total,6,2,4
S01007898,Lone parent family: Parent working,4,1,3
S01007898,Lone parent family: Parent not working,2,1,1
S01007899,All parents aged 16 and over with dependent children,62,32,30
S01007899,Couple family: Total,60,30,30
S01007899,Couple family: Both parents working,42,18,24
S01007899,Couple family: One parent working,16,10,6
S01007899,Couple family: No parents working,2,2,0
S01007899,Lone parent family: Total,2,2,0
S01007899,Lone parent family: Parent working,2,2,0
S01007899,Lone parent family: Parent not working,0,0,0
S01007900,All parents aged 16 and over with dependent children,95,38,57
S01007900,Couple family: Total,68,26,42
S01007900,Couple family: Both parents working,44,20,24
S01007900,Couple family: One parent working,18,4,14
S01007900,Couple family: No parents working,6,2,4
S01007900,Lone parent family: Total,27,12,15
S01007900,Lone parent family: Parent working,12,6,6
S01007900,Lone parent family: Parent not working,15,6,9
S01007901,All parents aged 16 and over with dependent children,155,72,83
S01007901,Couple family: Total,130,58,72
S01007901,Couple family: Both parents working,84,46,38
S01007901,Couple family: One parent working,26,4,22
S01007901,Couple family: No parents working,20,8,12
S01007901,Lone parent family: Total,25,14,11
S01007901,Lone parent family: Parent working,8,2,6
S01007901,Lone parent family: Parent not working,17,12,5
S01007902,All parents aged 16 and over with dependent children,172,91,81
S01007902,Couple family: Total,130,66,64
S01007902,Couple family: Both parents working,80,40,40
S01007902,Couple family: One parent working,28,12,16
S01007902,Couple family: No parents working,22,14,8
S01007902,Lone parent family: Total,42,25,17
S01007902,Lone parent family: Parent working,15,9,6
S01007902,Lone parent family: Parent not working,27,16,11
S01007903,All parents aged 16 and over with dependent children,104,60,44
S01007903,Couple family: Total,88,46,42
S01007903,Couple family: Both parents working,50,32,18
S01007903,Couple family: One parent working,28,8,20
S01007903,Couple family: No parents working,10,6,4
S01007903,Lone parent family: Total,16,14,2
S01007903,Lone parent family: Parent working,7,7,0
S01007903,Lone parent family: Parent not working,9,7,2
S01007904,All parents aged 16 and over with dependent children,160,61,99
S01007904,Couple family: Total,144,48,96
S01007904,Couple family: Both parents working,104,34,70
S01007904,Couple family: One parent working,32,12,20
S01007904,Couple family: No parents working,8,2,6
S01007904,Lone parent family: Total,16,13,3
S01007904,Lone parent family: Parent working,12,10,2
S01007904,Lone parent family: Parent not working,4,3,1
S01007905,All parents aged 16 and over with dependent children,164,92,72
S01007905,Couple family: Total,114,54,60
S01007905,Couple family: Both parents working,50,30,20
S01007905,Couple family: One parent working,40,14,26
S01007905,Couple family: No parents working,24,10,14
S01007905,Lone parent family: Total,50,38,12
S01007905,Lone parent family: Parent working,17,14,3
S01007905,Lone parent family: Parent not working,33,24,9
S01007906,All parents aged 16 and over with dependent children,100,44,56
S01007906,Couple family: Total,66,22,44
S01007906,Couple family: Both parents working,44,16,28
S01007906,Couple family: One parent working,14,2,12
S01007906,Couple family: No parents working,8,4,4
S01007906,Lone parent family: Total,34,22,12
S01007906,Lone parent family: Parent working,22,13,9
S01007906,Lone parent family: Parent not working,12,9,3
S01007907,All parents aged 16 and over with dependent children,76,37,39
S01007907,Couple family: Total,62,30,32
S01007907,Couple family: Both parents working,54,30,24
S01007907,Couple family: One parent working,4,0,4
S01007907,Couple family: No parents working,4,0,4
S01007907,Lone parent family: Total,14,7,7
S01007907,Lone parent family: Parent working,5,2,3
S01007907,Lone parent family: Parent not working,9,5,4
S01007908,All parents aged 16 and over with dependent children,161,94,67
S01007908,Couple family: Total,138,82,56
S01007908,Couple family: Both parents working,84,52,32
S01007908,Couple family: One parent working,38,22,16
S01007908,Couple family: No parents working,16,8,8
S01007908,Lone parent family: Total,23,12,11
S01007908,Lone parent family: Parent working,15,9,6
S01007908,Lone parent family: Parent not working,8,3,5
S01007909,All parents aged 16 and over with dependent children,148,78,70
S01007909,Couple family: Total,120,58,62
S01007909,Couple family: Both parents working,64,34,30
S01007909,Couple family: One parent working,40,16,24
S01007909,Couple family: No parents working,16,8,8
S01007909,Lone parent family: Total,28,20,8
S01007909,Lone parent family: Parent working,15,10,5
S01007909,Lone parent family: Parent not working,13,10,3
S01007910,All parents aged 16 and over with dependent children,234,123,111
S01007910,Couple family: Total,160,68,92
S01007910,Couple family: Both parents working,90,38,52
S01007910,Couple family: One parent working,46,20,26
S01007910,Couple family: No parents working,24,10,14
S01007910,Lone parent family: Total,74,55,19
S01007910,Lone parent family: Parent working,39,31,8
S01007910,Lone parent family: Parent not working,35,24,11
S01007911,All parents aged 16 and over with dependent children,175,98,77
S01007911,Couple family: Total,142,76,66
S01007911,Couple family: Both parents working,122,64,58
S01007911,Couple family: One parent working,18,10,8
S01007911,Couple family: No parents working,2,2,0
S01007911,Lone parent family: Total,33,22,11
S01007911,Lone parent family: Parent working,15,10,5
S01007911,Lone parent family: Parent not working,18,12,6
S01007912,All parents aged 16 and over with dependent children,141,87,54
S01007912,Couple family: Total,126,76,50
S01007912,Couple family: Both parents working,92,58,34
S01007912,Couple family: One parent working,30,16,14
S01007912,Couple family: No parents working,4,2,2
S01007912,Lone parent family: Total,15,11,4
S01007912,Lone parent family: Parent working,11,8,3
S01007912,Lone parent family: Parent not working,4,3,1
S01007913,All parents aged 16 and over with dependent children,119,63,56
S01007913,Couple family: Total,88,42,46
S01007913,Couple family: Both parents working,44,24,20
S01007913,Couple family: One parent working,38,16,22
S01007913,Couple family: No parents working,6,2,4
S01007913,Lone parent family: Total,31,21,10
S01007913,Lone parent family: Parent working,18,12,6
S01007913,Lone parent family: Parent not working,13,9,4
S01007914,All parents aged 16 and over with dependent children,135,73,62
S01007914,Couple family: Total,106,52,54
S01007914,Couple family: Both parents working,56,34,22
S01007914,Couple family: One parent working,36,12,24
S01007914,Couple family: No parents working,14,6,8
S01007914,Lone parent family: Total,29,21,8
S01007914,Lone parent family: Parent working,12,9,3
S01007914,Lone parent family: Parent not working,17,12,5
S01007915,All parents aged 16 and over with dependent children,190,111,79
S01007915,Couple family: Total,152,84,68
S01007915,Couple family: Both parents working,98,62,36
S01007915,Couple family: One parent working,38,16,22
S01007915,Couple family: No parents working,16,6,10
S01007915,Lone parent family: Total,38,27,11
S01007915,Lone parent family: Parent working,20,15,5
S01007915,Lone parent family: Parent not working,18,12,6
S01007916,All parents aged 16 and over with dependent children,132,69,63
S01007916,Couple family: Total,106,50,56
S01007916,Couple family: Both parents working,68,32,36
S01007916,Couple family: One parent working,26,10,16
S01007916,Couple family: No parents working,12,8,4
S01007916,Lone parent family: Total,26,19,7
S01007916,Lone parent family: Parent working,16,12,4
S01007916,Lone parent family: Parent not working,10,7,3
S01007917,All parents aged 16 and over with dependent children,141,83,58
S01007917,Couple family: Total,116,70,46
S01007917,Couple family: Both parents working,82,48,34
S01007917,Couple family: One parent working,28,16,12
S01007917,Couple family: No parents working,6,6,0
S01007917,Lone parent family: Total,25,13,12
S01007917,Lone parent family: Parent working,14,7,7
S01007917,Lone parent family: Parent not working,11,6,5
S01007918,All parents aged 16 and over with dependent children,171,102,69
S01007918,Couple family: Total,144,84,60
S01007918,Couple family: Both parents working,112,60,52
S01007918,Couple family: One parent working,20,16,4
S01007918,Couple family: No parents working,12,8,4
S01007918,Lone parent family: Total,27,18,9
S01007918,Lone parent family: Parent working,16,10,6
S01007918,Lone parent family: Parent not working,11,8,3
S01007919,All parents aged 16 and over with dependent children,175,88,87
S01007919,Couple family: Total,168,84,84
S01007919,Couple family: Both parents working,138,70,68
S01007919,Couple family: One parent working,26,10,16
S01007919,Couple family: No parents working,4,4,0
S01007919,Lone parent family: Total,7,4,3
S01007919,Lone parent family: Parent working,6,4,2
S01007919,Lone parent family: Parent not working,1,0,1
S01007920,All parents aged 16 and over with dependent children,144,72,72
S01007920,Couple family: Total,130,64,66
S01007920,Couple family: Both parents working,98,50,48
S01007920,Couple family: One parent working,24,10,14
S01007920,Couple family: No parents working,8,4,4
S01007920,Lone parent family: Total,14,8,6
S01007920,Lone parent family: Parent working,12,7,5
S01007920,Lone parent family: Parent not working,2,1,1
S01007921,All parents aged 16 and over with dependent children,193,129,64
S01007921,Couple family: Total,150,94,56
S01007921,Couple family: Both parents working,102,66,36
S01007921,Couple family: One parent working,38,24,14
S01007921,Couple family: No parents working,10,4,6
S01007921,Lone parent family: Total,43,35,8
S01007921,Lone parent family: Parent working,25,22,3
S01007921,Lone parent family: Parent not working,18,13,5
S01007922,All parents aged 16 and over with dependent children,178,116,62
S01007922,Couple family: Total,126,74,52
S01007922,Couple family: Both parents working,68,46,22
S01007922,Couple family: One parent working,32,16,16
S01007922,Couple family: No parents working,26,12,14
S01007922,Lone parent family: Total,52,42,10
S01007922,Lone parent family: Parent working,22,18,4
S01007922,Lone parent family: Parent not working,30,24,6
S01007923,All parents aged 16 and over with dependent children,192,91,101
S01007923,Couple family: Total,170,78,92
S01007923,Couple family: Both parents working,124,64,60
S01007923,Couple family: One parent working,38,14,24
S01007923,Couple family: No parents working,8,0,8
S01007923,Lone parent family: Total,22,13,9
S01007923,Lone parent family: Parent working,15,9,6
S01007923,Lone parent family: Parent not working,7,4,3
S01007924,All parents aged 16 and over with dependent children,206,77,129
S01007924,Couple family: Total,150,40,110
S01007924,Couple family: Both parents working,98,26,72
S01007924,Couple family: One parent working,38,10,28
S01007924,Couple family: No parents working,14,4,10
S01007924,Lone parent family: Total,56,37,19
S01007924,Lone parent family: Parent working,28,20,8
S01007924,Lone parent family: Parent not working,28,17,11
S01007925,All parents aged 16 and over with dependent children,92,30,62
S01007925,Couple family: Total,86,26,60
S01007925,Couple family: Both parents working,62,20,42
S01007925,Couple family: One parent working,14,2,12
S01007925,Couple family: No parents working,10,4,6
S01007925,Lone parent family: Total,6,4,2
S01007925,Lone parent family: Parent working,5,4,1
S01007925,Lone parent family: Parent not working,1,0,1
S01007926,All parents aged 16 and over with dependent children,106,43,63
S01007926,Couple family: Total,100,38,62
S01007926,Couple family: Both parents working,70,28,42
S01007926,Couple family: One parent working,28,10,18
S01007926,Couple family: No parents working,2,0,2
S01007926,Lone parent family: Total,6,5,1
S01007926,Lone parent family: Parent working,6,5,1
S01007926,Lone parent family: Parent not working,0,0,0
S01007927,All parents aged 16 and over with dependent children,130,64,66
S01007927,Couple family: Total,126,62,64
S01007927,Couple family: Both parents working,104,52,52
S01007927,Couple family: One parent working,22,10,12
S01007927,Couple family: No parents working,0,0,0
S01007927,Lone parent family: Total,4,2,2
S01007927,Lone parent family: Parent working,3,1,2
S01007927,Lone parent family: Parent not working,1,1,0
S01007928,All parents aged 16 and over with dependent children,216,81,135
S01007928,Couple family: Total,188,66,122
S01007928,Couple family: Both parents working,154,48,106
S01007928,Couple family: One parent working,30,18,12
S01007928,Couple family: No parents working,4,0,4
S01007928,Lone parent family: Total,28,15,13
S01007928,Lone parent family: Parent working,17,7,10
S01007928,Lone parent family: Parent not working,11,8,3
S01007929,All parents aged 16 and over with dependent children,175,88,87
S01007929,Couple family: Total,166,84,82
S01007929,Couple family: Both parents working,126,64,62
S01007929,Couple family: One parent working,32,16,16
S01007929,Couple family: No parents working,8,4,4
S01007929,Lone parent family: Total,9,4,5
S01007929,Lone parent family: Parent working,5,3,2
S01007929,Lone parent family: Parent not working,4,1,3
S01007930,All parents aged 16 and over with dependent children,140,58,82
S01007930,Couple family: Total,134,54,80
S01007930,Couple family: Both parents working,106,46,60
S01007930,Couple family: One parent working,28,8,20
S01007930,Couple family: No parents working,0,0,0
S01007930,Lone parent family: Total,6,4,2
S01007930,Lone parent family: Parent working,6,4,2
S01007930,Lone parent family: Parent not working,0,0,0
S01007931,All parents aged 16 and over with dependent children,264,135,129
S01007931,Couple family: Total,244,126,118
S01007931,Couple family: Both parents working,188,102,86
S01007931,Couple family: One parent working,50,22,28
S01007931,Couple family: No parents working,6,2,4
S01007931,Lone parent family: Total,20,9,11
S01007931,Lone parent family: Parent working,11,4,7
S01007931,Lone parent family: Parent not working,9,5,4
S01007932,All parents aged 16 and over with dependent children,142,69,73
S01007932,Couple family: Total,130,60,70
S01007932,Couple family: Both parents working,108,52,56
S01007932,Couple family: One parent working,22,8,14
S01007932,Couple family: No parents working,0,0,0
S01007932,Lone parent family: Total,12,9,3
S01007932,Lone parent family: Parent working,7,5,2
S01007932,Lone parent family: Parent not working,5,4,1
S01007933,All parents aged 16 and over with dependent children,247,109,138
S01007933,Couple family: Total,218,96,122
S01007933,Couple family: Both parents working,146,78,68
S01007933,Couple family: One parent working,60,10,50
S01007933,Couple family: No parents working,12,8,4
S01007933,Lone parent family: Total,29,13,16
S01007933,Lone parent family: Parent working,17,7,10
S01007933,Lone parent family: Parent not working,12,6,6
S01007934,All parents aged 16 and over with dependent children,190,68,122
S01007934,Couple family: Total,164,50,114
S01007934,Couple family: Both parents working,134,40,94
S01007934,Couple family: One parent working,22,10,12
S01007934,Couple family: No parents working,8,0,8
S01007934,Lone parent family: Total,26,18,8
S01007934,Lone parent family: Parent working,15,11,4
S01007934,Lone parent family: Parent not working,11,7,4
S01007935,All parents aged 16 and over with dependent children,135,78,57
S01007935,Couple family: Total,88,44,44
S01007935,Couple family: Both parents working,70,36,34
S01007935,Couple family: One parent working,18,8,10
S01007935,Couple family: No parents working,0,0,0
S01007935,Lone parent family: Total,47,34,13
S01007935,Lone parent family: Parent working,19,15,4
S01007935,Lone parent family: Parent not working,28,19,9
S01007936,All parents aged 16 and over with dependent children,277,116,161
S01007936,Couple family: Total,262,108,154
S01007936,Couple family: Both parents working,218,94,124
S01007936,Couple family: One parent working,40,10,30
S01007936,Couple family: No parents working,4,4,0
S01007936,Lone parent family: Total,15,8,7
S01007936,Lone parent family: Parent working,13,6,7
S01007936,Lone parent family: Parent not working,2,2,0
S01007937,All parents aged 16 and over with dependent children,235,108,127
S01007937,Couple family: Total,206,92,114
S01007937,Couple family: Both parents working,168,78,90
S01007937,Couple family: One parent working,36,12,24
S01007937,Couple family: No parents working,2,2,0
S01007937,Lone parent family: Total,29,16,13
S01007937,Lone parent family: Parent working,20,11,9
S01007937,Lone parent family: Parent not working,9,5,4
S01007938,All parents aged 16 and over with dependent children,141,91,50
S01007938,Couple family: Total,104,60,44
S01007938,Couple family: Both parents working,74,46,28
S01007938,Couple family: One parent working,22,10,12
S01007938,Couple family: No parents working,8,4,4
S01007938,Lone parent family: Total,37,31,6
S01007938,Lone parent family: Parent working,24,22,2
S01007938,Lone parent family: Parent not working,13,9,4
S01007939,All parents aged 16 and over with dependent children,173,86,87
S01007939,Couple family: Total,114,54,60
S01007939,Couple family: Both parents working,52,30,22
S01007939,Couple family: One parent working,48,18,30
S01007939,Couple family: No parents working,14,6,8
S01007939,Lone parent family: Total,59,32,27
S01007939,Lone parent family: Parent working,40,22,18
S01007939,Lone parent family: Parent not working,19,10,9
S01007940,All parents aged 16 and over with dependent children,207,97,110
S01007940,Couple family: Total,174,76,98
S01007940,Couple family: Both parents working,132,62,70
S01007940,Couple family: One parent working,38,10,28
S01007940,Couple family: No parents working,4,4,0
S01007940,Lone parent family: Total,33,21,12
S01007940,Lone parent family: Parent working,19,12,7
S01007940,Lone parent family: Parent not working,14,9,5
S01007941,All parents aged 16 and over with dependent children,121,54,67
S01007941,Couple family: Total,106,46,60
S01007941,Couple family: Both parents working,90,40,50
S01007941,Couple family: One parent working,12,4,8
S01007941,Couple family: No parents working,4,2,2
S01007941,Lone parent family: Total,15,8,7
S01007941,Lone parent family: Parent working,8,6,2
S01007941,Lone parent family: Parent not working,7,2,5
S01007942,All parents aged 16 and over with dependent children,148,56,92
S01007942,Couple family: Total,122,46,76
S01007942,Couple family: Both parents working,98,42,56
S01007942,Couple family: One parent working,16,2,14
S01007942,Couple family: No parents working,8,2,6
S01007942,Lone parent family: Total,26,10,16
S01007942,Lone parent family: Parent working,12,3,9
S01007942,Lone parent family: Parent not working,14,7,7
S01007943,All parents aged 16 and over with dependent children,106,48,58
S01007943,Couple family: Total,86,34,52
S01007943,Couple family: Both parents working,66,32,34
S01007943,Couple family: One parent working,20,2,18
S01007943,Couple family: No parents working,0,0,0
S01007943,Lone parent family: Total,20,14,6
S01007943,Lone parent family: Parent working,11,7,4
S01007943,Lone parent family: Parent not working,9,7,2
S01007944,All parents aged 16 and over with dependent children,181,98,83
S01007944,Couple family: Total,146,78,68
S01007944,Couple family: Both parents working,96,50,46
S01007944,Couple family: One parent working,42,24,18
S01007944,Couple family: No parents working,8,4,4
S01007944,Lone parent family: Total,35,20,15
S01007944,Lone parent family: Parent working,18,13,5
S01007944,Lone parent family: Parent not working,17,7,10
S01007945,All parents aged 16 and over with dependent children,148,74,74
S01007945,Couple family: Total,118,62,56
S01007945,Couple family: Both parents working,82,44,38
S01007945,Couple family: One parent working,22,10,12
S01007945,Couple family: No parents working,14,8,6
S01007945,Lone parent family: Total,30,12,18
S01007945,Lone parent family: Parent working,19,9,10
S01007945,Lone parent family: Parent not working,11,3,8
S01007946,All parents aged 16 and over with dependent children,142,73,69
S01007946,Couple family: Total,102,50,52
S01007946,Couple family: Both parents working,68,32,36
S01007946,Couple family: One parent working,30,16,14
S01007946,Couple family: No parents working,4,2,2
S01007946,Lone parent family: Total,40,23,17
S01007946,Lone parent family: Parent working,23,11,12
S01007946,Lone parent family: Parent not working,17,12,5
S01007947,All parents aged 16 and over with dependent children,158,68,90
S01007947,Couple family: Total,138,60,78
S01007947,Couple family: Both parents working,84,46,38
S01007947,Couple family: One parent working,38,14,24
S01007947,Couple family: No parents working,16,0,16
S01007947,Lone parent family: Total,20,8,12
S01007947,Lone parent family: Parent working,12,6,6
S01007947,Lone parent family: Parent not working,8,2,6
S01007948,All parents aged 16 and over with dependent children,120,47,73
S01007948,Couple family: Total,84,24,60
S01007948,Couple family: Both parents working,38,10,28
S01007948,Couple family: One parent working,36,10,26
S01007948,Couple family: No parents working,10,4,6
S01007948,Lone parent family: Total,36,23,13
S01007948,Lone parent family: Parent working,7,5,2
S01007948,Lone parent family: Parent not working,29,18,11
S01007949,All parents aged 16 and over with dependent children,132,69,63
S01007949,Couple family: Total,114,58,56
S01007949,Couple family: Both parents working,102,52,50
S01007949,Couple family: One parent working,10,4,6
S01007949,Couple family: No parents working,2,2,0
S01007949,Lone parent family: Total,18,11,7
S01007949,Lone parent family: Parent working,12,6,6
S01007949,Lone parent family: Parent not working,6,5,1
S01007950,All parents aged 16 and over with dependent children,186,96,90
S01007950,Couple family: Total,160,80,80
S01007950,Couple family: Both parents working,142,66,76
S01007950,Couple family: One parent working,12,8,4
S01007950,Couple family: No parents working,6,6,0
S01007950,Lone parent family: Total,26,16,10
S01007950,Lone parent family: Parent working,14,11,3
S01007950,Lone parent family: Parent not working,12,5,7
S01007951,All parents aged 16 and over with dependent children,167,78,89
S01007951,Couple family: Total,148,68,80
S01007951,Couple family: Both parents working,104,46,58
S01007951,Couple family: One parent working,36,18,18
S01007951,Couple family: No parents working,8,4,4
S01007951,Lone parent family: Total,19,10,9
S01007951,Lone parent family: Parent working,6,3,3
S01007951,Lone parent family: Parent not working,13,7,6
S01007952,All parents aged 16 and over with dependent children,75,42,33
S01007952,Couple family: Total,54,24,30
S01007952,Couple family: Both parents working,40,20,20
S01007952,Couple family: One parent working,8,2,6
S01007952,Couple family: No parents working,6,2,4
S01007952,Lone parent family: Total,21,18,3
S01007952,Lone parent family: Parent working,14,12,2
S01007952,Lone parent family: Parent not working,7,6,1
S01007953,All parents aged 16 and over with dependent children,219,116,103
S01007953,Couple family: Total,174,82,92
S01007953,Couple family: Both parents working,122,64,58
S01007953,Couple family: One parent working,46,18,28
S01007953,Couple family: No parents working,6,0,6
S01007953,Lone parent family: Total,45,34,11
S01007953,Lone parent family: Parent working,23,18,5
S01007953,Lone parent family: Parent not working,22,16,6
S01007954,All parents aged 16 and over with dependent children,145,73,72
S01007954,Couple family: Total,96,46,50
S01007954,Couple family: Both parents working,46,26,20
S01007954,Couple family: One parent working,26,14,12
S01007954,Couple family: No parents working,24,6,18
S01007954,Lone parent family: Total,49,27,22
S01007954,Lone parent family: Parent working,25,17,8
S01007954,Lone parent family: Parent not working,24,10,14
S01007955,All parents aged 16 and over with dependent children,207,119,88
S01007955,Couple family: Total,152,80,72
S01007955,Couple family: Both parents working,80,48,32
S01007955,Couple family: One parent working,54,22,32
S01007955,Couple family: No parents working,18,10,8
S01007955,Lone parent family: Total,55,39,16
S01007955,Lone parent family: Parent working,34,26,8
S01007955,Lone parent family: Parent not working,21,13,8
S01007956,All parents aged 16 and over with dependent children,180,84,96
S01007956,Couple family: Total,134,54,80
S01007956,Couple family: Both parents working,88,34,54
S01007956,Couple family: One parent working,28,14,14
S01007956,Couple family: No parents working,18,6,12
S01007956,Lone parent family: Total,46,30,16
S01007956,Lone parent family: Parent working,27,21,6
S01007956,Lone parent family: Parent not working,19,9,10
S01007957,All parents aged 16 and over with dependent children,167,83,84
S01007957,Couple family: Total,140,72,68
S01007957,Couple family: Both parents working,106,58,48
S01007957,Couple family: One parent working,28,12,16
S01007957,Couple family: No parents working,6,2,4
S01007957,Lone parent family: Total,27,11,16
S01007957,Lone parent family: Parent working,15,6,9
S01007957,Lone parent family: Parent not working,12,5,7
S01007958,All parents aged 16 and over with dependent children,162,99,63
S01007958,Couple family: Total,110,58,52
S01007958,Couple family: Both parents working,62,42,20
S01007958,Couple family: One parent working,30,6,24
S01007958,Couple family: No parents working,18,10,8
S01007958,Lone parent family: Total,52,41,11
S01007958,Lone parent family: Parent working,25,19,6
S01007958,Lone parent family: Parent not working,27,22,5
S01007959,All parents aged 16 and over with dependent children,107,65,42
S01007959,Couple family: Total,98,58,40
S01007959,Couple family: Both parents working,82,48,34
S01007959,Couple family: One parent working,16,10,6
S01007959,Couple family: No parents working,0,0,0
S01007959,Lone parent family: Total,9,7,2
S01007959,Lone parent family: Parent working,9,7,2
S01007959,Lone parent family: Parent not working,0,0,0
S01007960,All parents aged 16 and over with dependent children,158,84,74
S01007960,Couple family: Total,124,62,62
S01007960,Couple family: Both parents working,86,44,42
S01007960,Couple family: One parent working,22,8,14
S01007960,Couple family: No parents working,16,10,6
S01007960,Lone parent family: Total,34,22,12
S01007960,Lone parent family: Parent working,23,16,7
S01007960,Lone parent family: Parent not working,11,6,5
S01007961,All parents aged 16 and over with dependent children,120,48,72
S01007961,Couple family: Total,112,42,70
S01007961,Couple family: Both parents working,82,28,54
S01007961,Couple family: One parent working,22,10,12
S01007961,Couple family: No parents working,8,4,4
S01007961,Lone parent family: Total,8,6,2
S01007961,Lone parent family: Parent working,6,5,1
S01007961,Lone parent family: Parent not working,2,1,1
S01007962,All parents aged 16 and over with dependent children,150,70,80
S01007962,Couple family: Total,112,52,60
S01007962,Couple family: Both parents working,74,40,34
S01007962,Couple family: One parent working,22,6,16
S01007962,Couple family: No parents working,16,6,10
S01007962,Lone parent family: Total,38,18,20
S01007962,Lone parent family: Parent working,11,7,4
S01007962,Lone parent family: Parent not working,27,11,16
S01007963,All parents aged 16 and over with dependent children,233,96,137
S01007963,Couple family: Total,140,46,94
S01007963,Couple family: Both parents working,58,30,28
S01007963,Couple family: One parent working,32,2,30
S01007963,Couple family: No parents working,50,14,36
S01007963,Lone parent family: Total,93,50,43
S01007963,Lone parent family: Parent working,27,17,10
S01007963,Lone parent family: Parent not working,66,33,33
S01007964,All parents aged 16 and over with dependent children,144,81,63
S01007964,Couple family: Total,104,60,44
S01007964,Couple family: Both parents working,56,32,24
S01007964,Couple family: One parent working,28,16,12
S01007964,Couple family: No parents working,20,12,8
S01007964,Lone parent family: Total,40,21,19
S01007964,Lone parent family: Parent working,20,13,7
S01007964,Lone parent family: Parent not working,20,8,12
S01007965,All parents aged 16 and over with dependent children,106,44,62
S01007965,Couple family: Total,76,30,46
S01007965,Couple family: Both parents working,44,18,26
S01007965,Couple family: One parent working,14,4,10
S01007965,Couple family: No parents working,18,8,10
S01007965,Lone parent family: Total,30,14,16
S01007965,Lone parent family: Parent working,11,8,3
S01007965,Lone parent family: Parent not working,19,6,13
S01007966,All parents aged 16 and over with dependent children,216,107,109
S01007966,Couple family: Total,120,50,70
S01007966,Couple family: Both parents working,62,30,32
S01007966,Couple family: One parent working,38,16,22
S01007966,Couple family: No parents working,20,4,16
S01007966,Lone parent family: Total,96,57,39
S01007966,Lone parent family: Parent working,45,25,20
S01007966,Lone parent family: Parent not working,51,32,19
S01007967,All parents aged 16 and over with dependent children,151,70,81
S01007967,Couple family: Total,86,36,50
S01007967,Couple family: Both parents working,42,28,14
S01007967,Couple family: One parent working,16,4,12
S01007967,Couple family: No parents working,28,4,24
S01007967,Lone parent family: Total,65,34,31
S01007967,Lone parent family: Parent working,43,23,20
S01007967,Lone parent family: Parent not working,22,11,11
S01007968,All parents aged 16 and over with dependent children,155,81,74
S01007968,Couple family: Total,120,56,64
S01007968,Couple family: Both parents working,74,40,34
S01007968,Couple family: One parent working,40,14,26
S01007968,Couple family: No parents working,6,2,4
S01007968,Lone parent family: Total,35,25,10
S01007968,Lone parent family: Parent working,25,18,7
S01007968,Lone parent family: Parent not working,10,7,3
S01007969,All parents aged 16 and over with dependent children,159,77,82
S01007969,Couple family: Total,130,62,68
S01007969,Couple family: Both parents working,88,46,42
S01007969,Couple family: One parent working,32,12,20
S01007969,Couple family: No parents working,10,4,6
S01007969,Lone parent family: Total,29,15,14
S01007969,Lone parent family: Parent working,12,7,5
S01007969,Lone parent family: Parent not working,17,8,9
S01007970,All parents aged 16 and over with dependent children,173,94,79
S01007970,Couple family: Total,128,66,62
S01007970,Couple family: Both parents working,90,56,34
S01007970,Couple family: One parent working,34,10,24
S01007970,Couple family: No parents working,4,0,4
S01007970,Lone parent family: Total,45,28,17
S01007970,Lone parent family: Parent working,27,16,11
S01007970,Lone parent family: Parent not working,18,12,6
S01007971,All parents aged 16 and over with dependent children,154,75,79
S01007971,Couple family: Total,116,50,66
S01007971,Couple family: Both parents working,78,34,44
S01007971,Couple family: One parent working,32,14,18
S01007971,Couple family: No parents working,6,2,4
S01007971,Lone parent family: Total,38,25,13
S01007971,Lone parent family: Parent working,21,13,8
S01007971,Lone parent family: Parent not working,17,12,5
S01007972,All parents aged 16 and over with dependent children,161,98,63
S01007972,Couple family: Total,128,74,54
S01007972,Couple family: Both parents working,100,64,36
S01007972,Couple family: One parent working,26,10,16
S01007972,Couple family: No parents working,2,0,2
S01007972,Lone parent family: Total,33,24,9
S01007972,Lone parent family: Parent working,22,16,6
S01007972,Lone parent family: Parent not working,11,8,3
S01007973,All parents aged 16 and over with dependent children,140,86,54
S01007973,Couple family: Total,136,84,52
S01007973,Couple family: Both parents working,112,76,36
S01007973,Couple family: One parent working,18,4,14
S01007973,Couple family: No parents working,6,4,2
S01007973,Lone parent family: Total,4,2,2
S01007973,Lone parent family: Parent working,3,2,1
S01007973,Lone parent family: Parent not working,1,0,1
S01007974,All parents aged 16 and over with dependent children,131,81,50
S01007974,Couple family: Total,94,56,38
S01007974,Couple family: Both parents working,48,30,18
S01007974,Couple family: One parent working,28,16,12
S01007974,Couple family: No parents working,18,10,8
S01007974,Lone parent family: Total,37,25,12
S01007974,Lone parent family: Parent working,20,14,6
S01007974,Lone parent family: Parent not working,17,11,6
S01007975,All parents aged 16 and over with dependent children,118,70,48
S01007975,Couple family: Total,96,56,40
S01007975,Couple family: Both parents working,60,40,20
S01007975,Couple family: One parent working,22,8,14
S01007975,Couple family: No parents working,14,8,6
S01007975,Lone parent family: Total,22,14,8
S01007975,Lone parent family: Parent working,12,8,4
S01007975,Lone parent family: Parent not working,10,6,4
S01007976,All parents aged 16 and over with dependent children,72,54,18
S01007976,Couple family: Total,46,38,8
S01007976,Couple family: Both parents working,28,22,6
S01007976,Couple family: One parent working,14,12,2
S01007976,Couple family: No parents working,4,4,0
S01007976,Lone parent family: Total,26,16,10
S01007976,Lone parent family: Parent working,13,10,3
S01007976,Lone parent family: Parent not working,13,6,7
S01007977,All parents aged 16 and over with dependent children,132,81,51
S01007977,Couple family: Total,112,68,44
S01007977,Couple family: Both parents working,86,48,38
S01007977,Couple family: One parent working,22,16,6
S01007977,Couple family: No parents working,4,4,0
S01007977,Lone parent family: Total,20,13,7
S01007977,Lone parent family: Parent working,19,12,7
S01007977,Lone parent family: Parent not working,1,1,0
S01007978,All parents aged 16 and over with dependent children,70,43,27
S01007978,Couple family: Total,54,32,22
S01007978,Couple family: Both parents working,36,24,12
S01007978,Couple family: One parent working,14,8,6
S01007978,Couple family: No parents working,4,0,4
S01007978,Lone parent family: Total,16,11,5
S01007978,Lone parent family: Parent working,11,9,2
S01007978,Lone parent family: Parent not working,5,2,3
S01007979,All parents aged 16 and over with dependent children,164,82,82
S01007979,Couple family: Total,152,76,76
S01007979,Couple family: Both parents working,126,66,60
S01007979,Couple family: One parent working,24,8,16
S01007979,Couple family: No parents working,2,2,0
S01007979,Lone parent family: Total,12,6,6
S01007979,Lone parent family: Parent working,6,3,3
S01007979,Lone parent family: Parent not working,6,3,3
S01007980,All parents aged 16 and over with dependent children,117,53,64
S01007980,Couple family: Total,100,42,58
S01007980,Couple family: Both parents working,82,36,46
S01007980,Couple family: One parent working,18,6,12
S01007980,Couple family: No parents working,0,0,0
S01007980,Lone parent family: Total,17,11,6
S01007980,Lone parent family: Parent working,12,7,5
S01007980,Lone parent family: Parent not working,5,4,1
S01007981,All parents aged 16 and over with dependent children,71,35,36
S01007981,Couple family: Total,64,32,32
S01007981,Couple family: Both parents working,54,26,28
S01007981,Couple family: One parent working,6,2,4
S01007981,Couple family: No parents working,4,4,0
S01007981,Lone parent family: Total,7,3,4
S01007981,Lone parent family: Parent working,3,0,3
S01007981,Lone parent family: Parent not working,4,3,1
S01007982,All parents aged 16 and over with dependent children,102,47,55
S01007982,Couple family: Total,88,36,52
S01007982,Couple family: Both parents working,74,28,46
S01007982,Couple family: One parent working,12,8,4
S01007982,Couple family: No parents working,2,0,2
S01007982,Lone parent family: Total,14,11,3
S01007982,Lone parent family: Parent working,11,8,3
S01007982,Lone parent family: Parent not working,3,3,0
S01007983,All parents aged 16 and over with dependent children,147,79,68
S01007983,Couple family: Total,100,50,50
S01007983,Couple family: Both parents working,68,36,32
S01007983,Couple family: One parent working,26,12,14
S01007983,Couple family: No parents working,6,2,4
S01007983,Lone parent family: Total,47,29,18
S01007983,Lone parent family: Parent working,32,20,12
S01007983,Lone parent family: Parent not working,15,9,6
S01007984,All parents aged 16 and over with dependent children,170,78,92
S01007984,Couple family: Total,144,64,80
S01007984,Couple family: Both parents working,118,46,72
S01007984,Couple family: One parent working,22,14,8
S01007984,Couple family: No parents working,4,4,0
S01007984,Lone parent family: Total,26,14,12
S01007984,Lone parent family: Parent working,14,11,3
S01007984,Lone parent family: Parent not working,12,3,9
S01007985,All parents aged 16 and over with dependent children,192,92,100
S01007985,Couple family: Total,142,72,70
S01007985,Couple family: Both parents working,70,36,34
S01007985,Couple family: One parent working,58,24,34
S01007985,Couple family: No parents working,14,12,2
S01007985,Lone parent family: Total,50,20,30
S01007985,Lone parent family: Parent working,21,11,10
S01007985,Lone parent family: Parent not working,29,9,20
S01007986,All parents aged 16 and over with dependent children,134,67,67
S01007986,Couple family: Total,116,56,60
S01007986,Couple family: Both parents working,96,48,48
S01007986,Couple family: One parent working,18,6,12
S01007986,Couple family: No parents working,2,2,0
S01007986,Lone parent family: Total,18,11,7
S01007986,Lone parent family: Parent working,11,7,4
S01007986,Lone parent family: Parent not working,7,4,3
S01007987,All parents aged 16 and over with dependent children,157,59,98
S01007987,Couple family: Total,126,40,86
S01007987,Couple family: Both parents working,102,30,72
S01007987,Couple family: One parent working,22,10,12
S01007987,Couple family: No parents working,2,0,2
S01007987,Lone parent family: Total,31,19,12
S01007987,Lone parent family: Parent working,22,14,8
S01007987,Lone parent family: Parent not working,9,5,4
S01007988,All parents aged 16 and over with dependent children,158,71,87
S01007988,Couple family: Total,112,44,68
S01007988,Couple family: Both parents working,74,36,38
S01007988,Couple family: One parent working,30,8,22
S01007988,Couple family: No parents working,8,0,8
S01007988,Lone parent family: Total,46,27,19
S01007988,Lone parent family: Parent working,24,12,12
S01007988,Lone parent family: Parent not working,22,15,7
S01007989,All parents aged 16 and over with dependent children,180,105,75
S01007989,Couple family: Total,118,70,48
S01007989,Couple family: Both parents working,68,46,22
S01007989,Couple family: One parent working,38,18,20
S01007989,Couple family: No parents working,12,6,6
S01007989,Lone parent family: Total,62,35,27
S01007989,Lone parent family: Parent working,33,20,13
S01007989,Lone parent family: Parent not working,29,15,14
S01007990,All parents aged 16 and over with dependent children,255,112,143
S01007990,Couple family: Total,202,82,120
S01007990,Couple family: Both parents working,144,60,84
S01007990,Couple family: One parent working,46,16,30
S01007990,Couple family: No parents working,12,6,6
S01007990,Lone parent family: Total,53,30,23
S01007990,Lone parent family: Parent working,27,17,10
S01007990,Lone parent family: Parent not working,26,13,13
S01007991,All parents aged 16 and over with dependent children,294,126,168
S01007991,Couple family: Total,272,112,160
S01007991,Couple family: Both parents working,234,96,138
S01007991,Couple family: One parent working,32,12,20
S01007991,Couple family: No parents working,6,4,2
S01007991,Lone parent family: Total,22,14,8
S01007991,Lone parent family: Parent working,19,12,7
S01007991,Lone parent family: Parent not working,3,2,1
S01007992,All parents aged 16 and over with dependent children,218,96,122
S01007992,Couple family: Total,202,86,116
S01007992,Couple family: Both parents working,176,80,96
S01007992,Couple family: One parent working,24,6,18
S01007992,Couple family: No parents working,2,0,2
S01007992,Lone parent family: Total,16,10,6
S01007992,Lone parent family: Parent working,13,10,3
S01007992,Lone parent family: Parent not working,3,0,3
S01007993,All parents aged 16 and over with dependent children,155,75,80
S01007993,Couple family: Total,140,66,74
S01007993,Couple family: Both parents working,122,58,64
S01007993,Couple family: One parent working,16,8,8
S01007993,Couple family: No parents working,2,0,2
S01007993,Lone parent family: Total,15,9,6
S01007993,Lone parent family: Parent working,9,6,3
S01007993,Lone parent family: Parent not working,6,3,3
S01007994,All parents aged 16 and over with dependent children,298,108,190
S01007994,Couple family: Total,290,102,188
S01007994,Couple family: Both parents working,246,92,154
S01007994,Couple family: One parent working,34,10,24
S01007994,Couple family: No parents working,10,0,10
S01007994,Lone parent family: Total,8,6,2
S01007994,Lone parent family: Parent working,7,5,2
S01007994,Lone parent family: Parent not working,1,1,0
S01007995,All parents aged 16 and over with dependent children,258,98,160
S01007995,Couple family: Total,246,94,152
S01007995,Couple family: Both parents working,216,84,132
S01007995,Couple family: One parent working,26,8,18
S01007995,Couple family: No parents working,4,2,2
S01007995,Lone parent family: Total,12,4,8
S01007995,Lone parent family: Parent working,7,3,4
S01007995,Lone parent family: Parent not working,5,1,4
S01007996,All parents aged 16 and over with dependent children,88,31,57
S01007996,Couple family: Total,76,24,52
S01007996,Couple family: Both parents working,66,18,48
S01007996,Couple family: One parent working,6,2,4
S01007996,Couple family: No parents working,4,4,0
S01007996,Lone parent family: Total,12,7,5
S01007996,Lone parent family: Parent working,8,4,4
S01007996,Lone parent family: Parent not working,4,3,1
S01007997,All parents aged 16 and over with dependent children,107,52,55
S01007997,Couple family: Total,98,44,54
S01007997,Couple family: Both parents working,76,38,38
S01007997,Couple family: One parent working,16,4,12
S01007997,Couple family: No parents working,6,2,4
S01007997,Lone parent family: Total,9,8,1
S01007997,Lone parent family: Parent working,7,6,1
S01007997,Lone parent family: Parent not working,2,2,0
S01007998,All parents aged 16 and over with dependent children,96,43,53
S01007998,Couple family: Total,86,36,50
S01007998,Couple family: Both parents working,60,28,32
S01007998,Couple family: One parent working,22,6,16
S01007998,Couple family: No parents working,4,2,2
S01007998,Lone parent family: Total,10,7,3
S01007998,Lone parent family: Parent working,6,5,1
S01007998,Lone parent family: Parent not working,4,2,2
S01007999,All parents aged 16 and over with dependent children,135,80,55
S01007999,Couple family: Total,98,54,44
S01007999,Couple family: Both parents working,66,40,26
S01007999,Couple family: One parent working,26,14,12
S01007999,Couple family: No parents working,6,0,6
S01007999,Lone parent family: Total,37,26,11
S01007999,Lone parent family: Parent working,17,12,5
S01007999,Lone parent family: Parent not working,20,14,6
S01008000,All parents aged 16 and over with dependent children,209,121,88
S01008000,Couple family: Total,150,86,64
S01008000,Couple family: Both parents working,98,62,36
S01008000,Couple family: One parent working,28,14,14
S01008000,Couple family: No parents working,24,10,14
S01008000,Lone parent family: Total,59,35,24
S01008000,Lone parent family: Parent working,31,17,14
S01008000,Lone parent family: Parent not working,28,18,10
S01008001,All parents aged 16 and over with dependent children,198,105,93
S01008001,Couple family: Total,122,60,62
S01008001,Couple family: Both parents working,64,34,30
S01008001,Couple family: One parent working,36,16,20
S01008001,Couple family: No parents working,22,10,12
S01008001,Lone parent family: Total,76,45,31
S01008001,Lone parent family: Parent working,33,17,16
S01008001,Lone parent family: Parent not working,43,28,15
S01008002,All parents aged 16 and over with dependent children,167,81,86
S01008002,Couple family: Total,112,48,64
S01008002,Couple family: Both parents working,52,20,32
S01008002,Couple family: One parent working,32,12,20
S01008002,Couple family: No parents working,28,16,12
S01008002,Lone parent family: Total,55,33,22
S01008002,Lone parent family: Parent working,22,10,12
S01008002,Lone parent family: Parent not working,33,23,10
S01008003,All parents aged 16 and over with dependent children,147,80,67
S01008003,Couple family: Total,118,66,52
S01008003,Couple family: Both parents working,78,46,32
S01008003,Couple family: One parent working,36,18,18
S01008003,Couple family: No parents working,4,2,2
S01008003,Lone parent family: Total,29,14,15
S01008003,Lone parent family: Parent working,14,8,6
S01008003,Lone parent family: Parent not working,15,6,9
S01008004,All parents aged 16 and over with dependent children,214,83,131
S01008004,Couple family: Total,182,76,106
S01008004,Couple family: Both parents working,128,54,74
S01008004,Couple family: One parent working,48,18,30
S01008004,Couple family: No parents working,6,4,2
S01008004,Lone parent family: Total,32,7,25
S01008004,Lone parent family: Parent working,16,4,12
S01008004,Lone parent family: Parent not working,16,3,13
S01008005,All parents aged 16 and over with dependent children,185,103,82
S01008005,Couple family: Total,132,68,64
S01008005,Couple family: Both parents working,86,52,34
S01008005,Couple family: One parent working,34,12,22
S01008005,Couple family: No parents working,12,4,8
S01008005,Lone parent family: Total,53,35,18
S01008005,Lone parent family: Parent working,33,24,9
S01008005,Lone parent family: Parent not working,20,11,9
S01008006,All parents aged 16 and over with dependent children,128,66,62
S01008006,Couple family: Total,80,36,44
S01008006,Couple family: Both parents working,28,14,14
S01008006,Couple family: One parent working,40,16,24
S01008006,Couple family: No parents working,12,6,6
S01008006,Lone parent family: Total,48,30,18
S01008006,Lone parent family: Parent working,18,15,3
S01008006,Lone parent family: Parent not working,30,15,15
S01008007,All parents aged 16 and over with dependent children,97,58,39
S01008007,Couple family: Total,60,40,20
S01008007,Couple family: Both parents working,30,24,6
S01008007,Couple family: One parent working,18,8,10
S01008007,Couple family: No parents working,12,8,4
S01008007,Lone parent family: Total,37,18,19
S01008007,Lone parent family: Parent working,12,7,5
S01008007,Lone parent family: Parent not working,25,11,14
S01008008,All parents aged 16 and over with dependent children,175,83,92
S01008008,Couple family: Total,128,58,70
S01008008,Couple family: Both parents working,92,46,46
S01008008,Couple family: One parent working,18,6,12
S01008008,Couple family: No parents working,18,6,12
S01008008,Lone parent family: Total,47,25,22
S01008008,Lone parent family: Parent working,12,8,4
S01008008,Lone parent family: Parent not working,35,17,18
S01008009,All parents aged 16 and over with dependent children,182,91,91
S01008009,Couple family: Total,122,58,64
S01008009,Couple family: Both parents working,72,34,38
S01008009,Couple family: One parent working,30,20,10
S01008009,Couple family: No parents working,20,4,16
S01008009,Lone parent family: Total,60,33,27
S01008009,Lone parent family: Parent working,28,16,12
S01008009,Lone parent family: Parent not working,32,17,15
S01008010,All parents aged 16 and over with dependent children,145,86,59
S01008010,Couple family: Total,118,66,52
S01008010,Couple family: Both parents working,70,36,34
S01008010,Couple family: One parent working,30,20,10
S01008010,Couple family: No parents working,18,10,8
S01008010,Lone parent family: Total,27,20,7
S01008010,Lone parent family: Parent working,14,10,4
S01008010,Lone parent family: Parent not working,13,10,3
S01008011,All parents aged 16 and over with dependent children,52,36,16
S01008011,Couple family: Total,36,24,12
S01008011,Couple family: Both parents working,16,10,6
S01008011,Couple family: One parent working,10,4,6
S01008011,Couple family: No parents working,10,10,0
S01008011,Lone parent family: Total,16,12,4
S01008011,Lone parent family: Parent working,8,7,1
S01008011,Lone parent family: Parent not working,8,5,3
S01008012,All parents aged 16 and over with dependent children,102,66,36
S01008012,Couple family: Total,78,46,32
S01008012,Couple family: Both parents working,50,30,20
S01008012,Couple family: One parent working,22,12,10
S01008012,Couple family: No parents working,6,4,2
S01008012,Lone parent family: Total,24,20,4
S01008012,Lone parent family: Parent working,17,14,3
S01008012,Lone parent family: Parent not working,7,6,1
S01008013,All parents aged 16 and over with dependent children,92,57,35
S01008013,Couple family: Total,74,42,32
S01008013,Couple family: Both parents working,58,36,22
S01008013,Couple family: One parent working,14,6,8
S01008013,Couple family: No parents working,2,0,2
S01008013,Lone parent family: Total,18,15,3
S01008013,Lone parent family: Parent working,12,9,3
S01008013,Lone parent family: Parent not working,6,6,0
S01008014,All parents aged 16 and over with dependent children,112,61,51
S01008014,Couple family: Total,104,54,50
S01008014,Couple family: Both parents working,86,46,40
S01008014,Couple family: One parent working,10,4,6
S01008014,Couple family: No parents working,8,4,4
S01008014,Lone parent family: Total,8,7,1
S01008014,Lone parent family: Parent working,5,5,0
S01008014,Lone parent family: Parent not working,3,2,1
S01008015,All parents aged 16 and over with dependent children,132,88,44
S01008015,Couple family: Total,94,60,34
S01008015,Couple family: Both parents working,70,46,24
S01008015,Couple family: One parent working,16,6,10
S01008015,Couple family: No parents working,8,8,0
S01008015,Lone parent family: Total,38,28,10
S01008015,Lone parent family: Parent working,14,13,1
S01008015,Lone parent family: Parent not working,24,15,9
S01008016,All parents aged 16 and over with dependent children,114,75,39
S01008016,Couple family: Total,86,54,32
S01008016,Couple family: Both parents working,60,42,18
S01008016,Couple family: One parent working,24,10,14
S01008016,Couple family: No parents working,2,2,0
S01008016,Lone parent family: Total,28,21,7
S01008016,Lone parent family: Parent working,19,16,3
S01008016,Lone parent family: Parent not working,9,5,4
S01008017,All parents aged 16 and over with dependent children,165,80,85
S01008017,Couple family: Total,152,70,82
S01008017,Couple family: Both parents working,130,62,68
S01008017,Couple family: One parent working,22,8,14
S01008017,Couple family: No parents working,0,0,0
S01008017,Lone parent family: Total,13,10,3
S01008017,Lone parent family: Parent working,7,6,1
S01008017,Lone parent family: Parent not working,6,4,2
S01008018,All parents aged 16 and over with dependent children,97,56,41
S01008018,Couple family: Total,86,46,40
S01008018,Couple family: Both parents working,72,38,34
S01008018,Couple family: One parent working,10,6,4
S01008018,Couple family: No parents working,4,2,2
S01008018,Lone parent family: Total,11,10,1
S01008018,Lone parent family: Parent working,9,8,1
S01008018,Lone parent family: Parent not working,2,2,0
S01008019,All parents aged 16 and over with dependent children,168,77,91
S01008019,Couple family: Total,162,74,88
S01008019,Couple family: Both parents working,130,58,72
S01008019,Couple family: One parent working,28,14,14
S01008019,Couple family: No parents working,4,2,2
S01008019,Lone parent family: Total,6,3,3
S01008019,Lone parent family: Parent working,5,2,3
S01008019,Lone parent family: Parent not working,1,1,0
S01008020,All parents aged 16 and over with dependent children,102,66,36
S01008020,Couple family: Total,88,52,36
S01008020,Couple family: Both parents working,86,50,36
S01008020,Couple family: One parent working,2,2,0
S01008020,Couple family: No parents working,0,0,0
S01008020,Lone parent family: Total,14,14,0
S01008020,Lone parent family: Parent working,12,12,0
S01008020,Lone parent family: Parent not working,2,2,0
S01008021,All parents aged 16 and over with dependent children,111,43,68
S01008021,Couple family: Total,106,42,64
S01008021,Couple family: Both parents working,86,34,52
S01008021,Couple family: One parent working,14,6,8
S01008021,Couple family: No parents working,6,2,4
S01008021,Lone parent family: Total,5,1,4
S01008021,Lone parent family: Parent working,3,1,2
S01008021,Lone parent family: Parent not working,2,0,2
S01008022,All parents aged 16 and over with dependent children,161,70,91
S01008022,Couple family: Total,152,66,86
S01008022,Couple family: Both parents working,136,58,78
S01008022,Couple family: One parent working,14,6,8
S01008022,Couple family: No parents working,2,2,0
S01008022,Lone parent family: Total,9,4,5
S01008022,Lone parent family: Parent working,6,3,3
S01008022,Lone parent family: Parent not working,3,1,2
S01008023,All parents aged 16 and over with dependent children,236,94,142
S01008023,Couple family: Total,220,86,134
S01008023,Couple family: Both parents working,198,76,122
S01008023,Couple family: One parent working,20,10,10
S01008023,Couple family: No parents working,2,0,2
S01008023,Lone parent family: Total,16,8,8
S01008023,Lone parent family: Parent working,15,7,8
S01008023,Lone parent family: Parent not working,1,1,0
S01008024,All parents aged 16 and over with dependent children,257,128,129
S01008024,Couple family: Total,244,118,126
S01008024,Couple family: Both parents working,212,110,102
S01008024,Couple family: One parent working,28,8,20
S01008024,Couple family: No parents working,4,0,4
S01008024,Lone parent family: Total,13,10,3
S01008024,Lone parent family: Parent working,13,10,3
S01008024,Lone parent family: Parent not working,0,0,0
S01008025,All parents aged 16 and over with dependent children,137,68,69
S01008025,Couple family: Total,126,60,66
S01008025,Couple family: Both parents working,102,48,54
S01008025,Couple family: One parent working,24,12,12
S01008025,Couple family: No parents working,0,0,0
S01008025,Lone parent family: Total,11,8,3
S01008025,Lone parent family: Parent working,10,7,3
S01008025,Lone parent family: Parent not working,1,1,0
S01008026,All parents aged 16 and over with dependent children,197,99,98
S01008026,Couple family: Total,162,78,84
S01008026,Couple family: Both parents working,120,60,60
S01008026,Couple family: One parent working,36,16,20
S01008026,Couple family: No parents working,6,2,4
S01008026,Lone parent family: Total,35,21,14
S01008026,Lone parent family: Parent working,23,15,8
S01008026,Lone parent family: Parent not working,12,6,6
S01008027,All parents aged 16 and over with dependent children,105,57,48
S01008027,Couple family: Total,84,46,38
S01008027,Couple family: Both parents working,62,34,28
S01008027,Couple family: One parent working,14,8,6
S01008027,Couple family: No parents working,8,4,4
S01008027,Lone parent family: Total,21,11,10
S01008027,Lone parent family: Parent working,13,10,3
S01008027,Lone parent family: Parent not working,8,1,7
S01008028,All parents aged 16 and over with dependent children,155,90,65
S01008028,Couple family: Total,144,84,60
S01008028,Couple family: Both parents working,114,68,46
S01008028,Couple family: One parent working,30,16,14
S01008028,Couple family: No parents working,0,0,0
S01008028,Lone parent family: Total,11,6,5
S01008028,Lone parent family: Parent working,7,3,4
S01008028,Lone parent family: Parent not working,4,3,1
S01008029,All parents aged 16 and over with dependent children,133,71,62
S01008029,Couple family: Total,120,64,56
S01008029,Couple family: Both parents working,86,42,44
S01008029,Couple family: One parent working,34,22,12
S01008029,Couple family: No parents working,0,0,0
S01008029,Lone parent family: Total,13,7,6
S01008029,Lone parent family: Parent working,9,5,4
S01008029,Lone parent family: Parent not working,4,2,2
S01008030,All parents aged 16 and over with dependent children,209,114,95
S01008030,Couple family: Total,188,100,88
S01008030,Couple family: Both parents working,154,84,70
S01008030,Couple family: One parent working,32,14,18
S01008030,Couple family: No parents working,2,2,0
S01008030,Lone parent family: Total,21,14,7
S01008030,Lone parent family: Parent working,10,6,4
S01008030,Lone parent family: Parent not working,11,8,3
S01008031,All parents aged 16 and over with dependent children,180,88,92
S01008031,Couple family: Total,146,66,80
S01008031,Couple family: Both parents working,98,44,54
S01008031,Couple family: One parent working,38,20,18
S01008031,Couple family: No parents working,10,2,8
S01008031,Lone parent family: Total,34,22,12
S01008031,Lone parent family: Parent working,21,17,4
S01008031,Lone parent family: Parent not working,13,5,8
S01008032,All parents aged 16 and over with dependent children,192,98,94
S01008032,Couple family: Total,152,74,78
S01008032,Couple family: Both parents working,116,62,54
S01008032,Couple family: One parent working,28,8,20
S01008032,Couple family: No parents working,8,4,4
S01008032,Lone parent family: Total,40,24,16
S01008032,Lone parent family: Parent working,26,15,11
S01008032,Lone parent family: Parent not working,14,9,5
S01008033,All parents aged 16 and over with dependent children,234,72,162
S01008033,Couple family: Total,218,64,154
S01008033,Couple family: Both parents working,178,48,130
S01008033,Couple family: One parent working,36,12,24
S01008033,Couple family: No parents working,4,4,0
S01008033,Lone parent family: Total,16,8,8
S01008033,Lone parent family: Parent working,16,8,8
S01008033,Lone parent family: Parent not working,0,0,0
S01008034,All parents aged 16 and over with dependent children,245,90,155
S01008034,Couple family: Total,232,84,148
S01008034,Couple family: Both parents working,194,70,124
S01008034,Couple family: One parent working,32,14,18
S01008034,Couple family: No parents working,6,0,6
S01008034,Lone parent family: Total,13,6,7
S01008034,Lone parent family: Parent working,8,4,4
S01008034,Lone parent family: Parent not working,5,2,3
S01008035,All parents aged 16 and over with dependent children,122,67,55
S01008035,Couple family: Total,98,52,46
S01008035,Couple family: Both parents working,72,40,32
S01008035,Couple family: One parent working,26,12,14
S01008035,Couple family: No parents working,0,0,0
S01008035,Lone parent family: Total,24,15,9
S01008035,Lone parent family: Parent working,18,10,8
S01008035,Lone parent family: Parent not working,6,5,1
S01008036,All parents aged 16 and over with dependent children,136,61,75
S01008036,Couple family: Total,124,56,68
S01008036,Couple family: Both parents working,96,44,52
S01008036,Couple family: One parent working,28,12,16
S01008036,Couple family: No parents working,0,0,0
S01008036,Lone parent family: Total,12,5,7
S01008036,Lone parent family: Parent working,9,3,6
S01008036,Lone parent family: Parent not working,3,2,1
S01008037,All parents aged 16 and over with dependent children,194,84,110
S01008037,Couple family: Total,144,60,84
S01008037,Couple family: Both parents working,98,46,52
S01008037,Couple family: One parent working,38,10,28
S01008037,Couple family: No parents working,8,4,4
S01008037,Lone parent family: Total,50,24,26
S01008037,Lone parent family: Parent working,31,19,12
S01008037,Lone parent family: Parent not working,19,5,14
S01008038,All parents aged 16 and over with dependent children,182,84,98
S01008038,Couple family: Total,134,52,82
S01008038,Couple family: Both parents working,102,38,64
S01008038,Couple family: One parent working,28,12,16
S01008038,Couple family: No parents working,4,2,2
S01008038,Lone parent family: Total,48,32,16
S01008038,Lone parent family: Parent working,27,19,8
S01008038,Lone parent family: Parent not working,21,13,8
S01008039,All parents aged 16 and over with dependent children,226,107,119
S01008039,Couple family: Total,190,86,104
S01008039,Couple family: Both parents working,142,68,74
S01008039,Couple family: One parent working,44,18,26
S01008039,Couple family: No parents working,4,0,4
S01008039,Lone parent family: Total,36,21,15
S01008039,Lone parent family: Parent working,18,11,7
S01008039,Lone parent family: Parent not working,18,10,8
S01008040,All parents aged 16 and over with dependent children,174,60,114
S01008040,Couple family: Total,152,52,100
S01008040,Couple family: Both parents working,116,36,80
S01008040,Couple family: One parent working,36,16,20
S01008040,Couple family: No parents working,0,0,0
S01008040,Lone parent family: Total,22,8,14
S01008040,Lone parent family: Parent working,13,5,8
S01008040,Lone parent family: Parent not working,9,3,6
S01008041,All parents aged 16 and over with dependent children,122,50,72
S01008041,Couple family: Total,100,38,62
S01008041,Couple family: Both parents working,76,30,46
S01008041,Couple family: One parent working,24,8,16
S01008041,Couple family: No parents working,0,0,0
S01008041,Lone parent family: Total,22,12,10
S01008041,Lone parent family: Parent working,15,10,5
S01008041,Lone parent family: Parent not working,7,2,5
S01008042,All parents aged 16 and over with dependent children,124,39,85
S01008042,Couple family: Total,112,34,78
S01008042,Couple family: Both parents working,88,30,58
S01008042,Couple family: One parent working,24,4,20
S01008042,Couple family: No parents working,0,0,0
S01008042,Lone parent family: Total,12,5,7
S01008042,Lone parent family: Parent working,9,4,5
S01008042,Lone parent family: Parent not working,3,1,2
S01008043,All parents aged 16 and over with dependent children,230,94,136
S01008043,Couple family: Total,208,78,130
S01008043,Couple family: Both parents working,184,70,114
S01008043,Couple family: One parent working,22,6,16
S01008043,Couple family: No parents working,2,2,0
S01008043,Lone parent family: Total,22,16,6
S01008043,Lone parent family: Parent working,15,14,1
S01008043,Lone parent family: Parent not working,7,2,5
S01008044,All parents aged 16 and over with dependent children,192,79,113
S01008044,Couple family: Total,174,68,106
S01008044,Couple family: Both parents working,138,54,84
S01008044,Couple family: One parent working,36,14,22
S01008044,Couple family: No parents working,0,0,0
S01008044,Lone parent family: Total,18,11,7
S01008044,Lone parent family: Parent working,13,8,5
S01008044,Lone parent family: Parent not working,5,3,2
S01008045,All parents aged 16 and over with dependent children,177,78,99
S01008045,Couple family: Total,158,64,94
S01008045,Couple family: Both parents working,132,52,80
S01008045,Couple family: One parent working,22,8,14
S01008045,Couple family: No parents working,4,4,0
S01008045,Lone parent family: Total,19,14,5
S01008045,Lone parent family: Parent working,3,2,1
S01008045,Lone parent family: Parent not working,16,12,4
S01008046,All parents aged 16 and over with dependent children,92,37,55
S01008046,Couple family: Total,66,26,40
S01008046,Couple family: Both parents working,54,18,36
S01008046,Couple family: One parent working,8,4,4
S01008046,Couple family: No parents working,4,4,0
S01008046,Lone parent family: Total,26,11,15
S01008046,Lone parent family: Parent working,14,7,7
S01008046,Lone parent family: Parent not working,12,4,8
S01008047,All parents aged 16 and over with dependent children,145,42,103
S01008047,Couple family: Total,140,40,100
S01008047,Couple family: Both parents working,120,34,86
S01008047,Couple family: One parent working,20,6,14
S01008047,Couple family: No parents working,0,0,0
S01008047,Lone parent family: Total,5,2,3
S01008047,Lone parent family: Parent working,4,2,2
S01008047,Lone parent family: Parent not working,1,0,1
S01008048,All parents aged 16 and over with dependent children,112,38,74
S01008048,Couple family: Total,108,36,72
S01008048,Couple family: Both parents working,80,28,52
S01008048,Couple family: One parent working,26,8,18
S01008048,Couple family: No parents working,2,0,2
S01008048,Lone parent family: Total,4,2,2
S01008048,Lone parent family: Parent working,4,2,2
S01008048,Lone parent family: Parent not working,0,0,0
S01008049,All parents aged 16 and over with dependent children,192,74,118
S01008049,Couple family: Total,186,72,114
S01008049,Couple family: Both parents working,138,56,82
S01008049,Couple family: One parent working,42,12,30
S01008049,Couple family: No parents working,6,4,2
S01008049,Lone parent family: Total,6,2,4
S01008049,Lone parent family: Parent working,6,2,4
S01008049,Lone parent family: Parent not working,0,0,0
S01008050,All parents aged 16 and over with dependent children,127,37,90
S01008050,Couple family: Total,118,30,88
S01008050,Couple family: Both parents working,86,26,60
S01008050,Couple family: One parent working,30,4,26
S01008050,Couple family: No parents working,2,0,2
S01008050,Lone parent family: Total,9,7,2
S01008050,Lone parent family: Parent working,7,5,2
S01008050,Lone parent family: Parent not working,2,2,0
S01008051,All parents aged 16 and over with dependent children,243,88,155
S01008051,Couple family: Total,232,82,150
S01008051,Couple family: Both parents working,190,72,118
S01008051,Couple family: One parent working,42,10,32
S01008051,Couple family: No parents working,0,0,0
S01008051,Lone parent family: Total,11,6,5
S01008051,Lone parent family: Parent working,8,6,2
S01008051,Lone parent family: Parent not working,3,0,3
S01008052,All parents aged 16 and over with dependent children,201,77,124
S01008052,Couple family: Total,192,70,122
S01008052,Couple family: Both parents working,164,62,102
S01008052,Couple family: One parent working,28,8,20
S01008052,Couple family: No parents working,0,0,0
S01008052,Lone parent family: Total,9,7,2
S01008052,Lone parent family: Parent working,7,6,1
S01008052,Lone parent family: Parent not working,2,1,1
S01008053,All parents aged 16 and over with dependent children,132,49,83
S01008053,Couple family: Total,120,42,78
S01008053,Couple family: Both parents working,94,34,60
S01008053,Couple family: One parent working,24,6,18
S01008053,Couple family: No parents working,2,2,0
S01008053,Lone parent family: Total,12,7,5
S01008053,Lone parent family: Parent working,11,7,4
S01008053,Lone parent family: Parent not working,1,0,1
S01008054,All parents aged 16 and over with dependent children,148,57,91
S01008054,Couple family: Total,140,54,86
S01008054,Couple family: Both parents working,112,48,64
S01008054,Couple family: One parent working,26,4,22
S01008054,Couple family: No parents working,2,2,0
S01008054,Lone parent family: Total,8,3,5
S01008054,Lone parent family: Parent working,6,3,3
S01008054,Lone parent family: Parent not working,2,0,2
S01008055,All parents aged 16 and over with dependent children,269,94,175
S01008055,Couple family: Total,260,90,170
S01008055,Couple family: Both parents working,192,72,120
S01008055,Couple family: One parent working,68,18,50
S01008055,Couple family: No parents working,0,0,0
S01008055,Lone parent family: Total,9,4,5
S01008055,Lone parent family: Parent working,8,3,5
S01008055,Lone parent family: Parent not working,1,1,0
S01008056,All parents aged 16 and over with dependent children,170,70,100
S01008056,Couple family: Total,160,64,96
S01008056,Couple family: Both parents working,120,50,70
S01008056,Couple family: One parent working,40,14,26
S01008056,Couple family: No parents working,0,0,0
S01008056,Lone parent family: Total,10,6,4
S01008056,Lone parent family: Parent working,8,5,3
S01008056,Lone parent family: Parent not working,2,1,1
S01008057,All parents aged 16 and over with dependent children,210,66,144
S01008057,Couple family: Total,202,62,140
S01008057,Couple family: Both parents working,154,46,108
S01008057,Couple family: One parent working,46,14,32
S01008057,Couple family: No parents working,2,2,0
S01008057,Lone parent family: Total,8,4,4
S01008057,Lone parent family: Parent working,7,4,3
S01008057,Lone parent family: Parent not working,1,0,1
S01008058,All parents aged 16 and over with dependent children,212,72,140
S01008058,Couple family: Total,198,66,132
S01008058,Couple family: Both parents working,154,48,106
S01008058,Couple family: One parent working,36,12,24
S01008058,Couple family: No parents working,8,6,2
S01008058,Lone parent family: Total,14,6,8
S01008058,Lone parent family: Parent working,13,6,7
S01008058,Lone parent family: Parent not working,1,0,1
S01008059,All parents aged 16 and over with dependent children,136,49,87
S01008059,Couple family: Total,122,42,80
S01008059,Couple family: Both parents working,104,36,68
S01008059,Couple family: One parent working,18,6,12
S01008059,Couple family: No parents working,0,0,0
S01008059,Lone parent family: Total,14,7,7
S01008059,Lone parent family: Parent working,12,7,5
S01008059,Lone parent family: Parent not working,2,0,2
S01008060,All parents aged 16 and over with dependent children,218,77,141
S01008060,Couple family: Total,200,72,128
S01008060,Couple family: Both parents working,170,64,106
S01008060,Couple family: One parent working,28,8,20
S01008060,Couple family: No parents working,2,0,2
S01008060,Lone parent family: Total,18,5,13
S01008060,Lone parent family: Parent working,14,3,11
S01008060,Lone parent family: Parent not working,4,2,2
S01008061,All parents aged 16 and over with dependent children,215,88,127
S01008061,Couple family: Total,196,78,118
S01008061,Couple family: Both parents working,162,68,94
S01008061,Couple family: One parent working,30,8,22
S01008061,Couple family: No parents working,4,2,2
S01008061,Lone parent family: Total,19,10,9
S01008061,Lone parent family: Parent working,17,8,9
S01008061,Lone parent family: Parent not working,2,2,0
S01008062,All parents aged 16 and over with dependent children,185,90,95
S01008062,Couple family: Total,160,78,82
S01008062,Couple family: Both parents working,120,54,66
S01008062,Couple family: One parent working,34,18,16
S01008062,Couple family: No parents working,6,6,0
S01008062,Lone parent family: Total,25,12,13
S01008062,Lone parent family: Parent working,21,11,10
S01008062,Lone parent family: Parent not working,4,1,3
S01008063,All parents aged 16 and over with dependent children,223,94,129
S01008063,Couple family: Total,200,78,122
S01008063,Couple family: Both parents working,162,68,94
S01008063,Couple family: One parent working,38,10,28
S01008063,Couple family: No parents working,0,0,0
S01008063,Lone parent family: Total,23,16,7
S01008063,Lone parent family: Parent working,15,11,4
S01008063,Lone parent family: Parent not working,8,5,3
S01008064,All parents aged 16 and over with dependent children,143,73,70
S01008064,Couple family: Total,104,50,54
S01008064,Couple family: Both parents working,64,34,30
S01008064,Couple family: One parent working,30,12,18
S01008064,Couple family: No parents working,10,4,6
S01008064,Lone parent family: Total,39,23,16
S01008064,Lone parent family: Parent working,24,16,8
S01008064,Lone parent family: Parent not working,15,7,8
S01008065,All parents aged 16 and over with dependent children,264,98,166
S01008065,Couple family: Total,254,92,162
S01008065,Couple family: Both parents working,196,78,118
S01008065,Couple family: One parent working,56,12,44
S01008065,Couple family: No parents working,2,2,0
S01008065,Lone parent family: Total,10,6,4
S01008065,Lone parent family: Parent working,9,6,3
S01008065,Lone parent family: Parent not working,1,0,1
S01008066,All parents aged 16 and over with dependent children,240,80,160
S01008066,Couple family: Total,226,72,154
S01008066,Couple family: Both parents working,164,58,106
S01008066,Couple family: One parent working,58,14,44
S01008066,Couple family: No parents working,4,0,4
S01008066,Lone parent family: Total,14,8,6
S01008066,Lone parent family: Parent working,12,7,5
S01008066,Lone parent family: Parent not working,2,1,1
S01008067,All parents aged 16 and over with dependent children,141,65,76
S01008067,Couple family: Total,130,58,72
S01008067,Couple family: Both parents working,102,42,60
S01008067,Couple family: One parent working,26,14,12
S01008067,Couple family: No parents working,2,2,0
S01008067,Lone parent family: Total,11,7,4
S01008067,Lone parent family: Parent working,9,7,2
S01008067,Lone parent family: Parent not working,2,0,2
S01008068,All parents aged 16 and over with dependent children,182,83,99
S01008068,Couple family: Total,174,80,94
S01008068,Couple family: Both parents working,128,58,70
S01008068,Couple family: One parent working,42,18,24
S01008068,Couple family: No parents working,4,4,0
S01008068,Lone parent family: Total,8,3,5
S01008068,Lone parent family: Parent working,6,3,3
S01008068,Lone parent family: Parent not working,2,0,2
S01008069,All parents aged 16 and over with dependent children,223,128,95
S01008069,Couple family: Total,202,114,88
S01008069,Couple family: Both parents working,166,90,76
S01008069,Couple family: One parent working,26,16,10
S01008069,Couple family: No parents working,10,8,2
S01008069,Lone parent family: Total,21,14,7
S01008069,Lone parent family: Parent working,13,9,4
S01008069,Lone parent family: Parent not working,8,5,3
S01008070,All parents aged 16 and over with dependent children,179,82,97
S01008070,Couple family: Total,152,62,90
S01008070,Couple family: Both parents working,138,58,80
S01008070,Couple family: One parent working,12,4,8
S01008070,Couple family: No parents working,2,0,2
S01008070,Lone parent family: Total,27,20,7
S01008070,Lone parent family: Parent working,17,14,3
S01008070,Lone parent family: Parent not working,10,6,4
S01008071,All parents aged 16 and over with dependent children,174,94,80
S01008071,Couple family: Total,152,84,68
S01008071,Couple family: Both parents working,134,78,56
S01008071,Couple family: One parent working,18,6,12
S01008071,Couple family: No parents working,0,0,0
S01008071,Lone parent family: Total,22,10,12
S01008071,Lone parent family: Parent working,17,8,9
S01008071,Lone parent family: Parent not working,5,2,3
S01008072,All parents aged 16 and over with dependent children,164,68,96
S01008072,Couple family: Total,140,52,88
S01008072,Couple family: Both parents working,108,44,64
S01008072,Couple family: One parent working,28,8,20
S01008072,Couple family: No parents working,4,0,4
S01008072,Lone parent family: Total,24,16,8
S01008072,Lone parent family: Parent working,14,8,6
S01008072,Lone parent family: Parent not working,10,8,2
S01008073,All parents aged 16 and over with dependent children,93,38,55
S01008073,Couple family: Total,92,38,54
S01008073,Couple family: Both parents working,78,36,42
S01008073,Couple family: One parent working,14,2,12
S01008073,Couple family: No parents working,0,0,0
S01008073,Lone parent family: Total,1,0,1
S01008073,Lone parent family: Parent working,1,0,1
S01008073,Lone parent family: Parent not working,0,0,0
S01008074,All parents aged 16 and over with dependent children,208,82,126
S01008074,Couple family: Total,194,78,116
S01008074,Couple family: Both parents working,158,56,102
S01008074,Couple family: One parent working,30,20,10
S01008074,Couple family: No parents working,6,2,4
S01008074,Lone parent family: Total,14,4,10
S01008074,Lone parent family: Parent working,13,4,9
S01008074,Lone parent family: Parent not working,1,0,1
S01008075,All parents aged 16 and over with dependent children,141,48,93
S01008075,Couple family: Total,134,48,86
S01008075,Couple family: Both parents working,102,36,66
S01008075,Couple family: One parent working,28,10,18
S01008075,Couple family: No parents working,4,2,2
S01008075,Lone parent family: Total,7,0,7
S01008075,Lone parent family: Parent working,2,0,2
S01008075,Lone parent family: Parent not working,5,0,5
S01008076,All parents aged 16 and over with dependent children,89,37,52
S01008076,Couple family: Total,84,32,52
S01008076,Couple family: Both parents working,58,28,30
S01008076,Couple family: One parent working,24,2,22
S01008076,Couple family: No parents working,2,2,0
S01008076,Lone parent family: Total,5,5,0
S01008076,Lone parent family: Parent working,4,4,0
S01008076,Lone parent family: Parent not working,1,1,0
S01008077,All parents aged 16 and over with dependent children,180,66,114
S01008077,Couple family: Total,170,60,110
S01008077,Couple family: Both parents working,124,44,80
S01008077,Couple family: One parent working,46,16,30
S01008077,Couple family: No parents working,0,0,0
S01008077,Lone parent family: Total,10,6,4
S01008077,Lone parent family: Parent working,6,5,1
S01008077,Lone parent family: Parent not working,4,1,3
S01008078,All parents aged 16 and over with dependent children,178,44,134
S01008078,Couple family: Total,164,36,128
S01008078,Couple family: Both parents working,118,28,90
S01008078,Couple family: One parent working,42,8,34
S01008078,Couple family: No parents working,4,0,4
S01008078,Lone parent family: Total,14,8,6
S01008078,Lone parent family: Parent working,10,7,3
S01008078,Lone parent family: Parent not working,4,1,3
S01008079,All parents aged 16 and over with dependent children,180,63,117
S01008079,Couple family: Total,168,58,110
S01008079,Couple family: Both parents working,116,40,76
S01008079,Couple family: One parent working,48,16,32
S01008079,Couple family: No parents working,4,2,2
S01008079,Lone parent family: Total,12,5,7
S01008079,Lone parent family: Parent working,5,2,3
S01008079,Lone parent family: Parent not working,7,3,4
S01008080,All parents aged 16 and over with dependent children,153,66,87
S01008080,Couple family: Total,136,62,74
S01008080,Couple family: Both parents working,116,54,62
S01008080,Couple family: One parent working,20,8,12
S01008080,Couple family: No parents working,0,0,0
S01008080,Lone parent family: Total,17,4,13
S01008080,Lone parent family: Parent working,8,3,5
S01008080,Lone parent family: Parent not working,9,1,8
S01008081,All parents aged 16 and over with dependent children,128,53,75
S01008081,Couple family: Total,118,46,72
S01008081,Couple family: Both parents working,86,34,52
S01008081,Couple family: One parent working,30,12,18
S01008081,Couple family: No parents working,2,0,2
S01008081,Lone parent family: Total,10,7,3
S01008081,Lone parent family: Parent working,4,3,1
S01008081,Lone parent family: Parent not working,6,4,2
S01008082,All parents aged 16 and over with dependent children,171,71,100
S01008082,Couple family: Total,152,60,92
S01008082,Couple family: Both parents working,130,50,80
S01008082,Couple family: One parent working,18,8,10
S01008082,Couple family: No parents working,4,2,2
S01008082,Lone parent family: Total,19,11,8
S01008082,Lone parent family: Parent working,15,10,5
S01008082,Lone parent family: Parent not working,4,1,3
S01008083,All parents aged 16 and over with dependent children,162,57,105
S01008083,Couple family: Total,144,50,94
S01008083,Couple family: Both parents working,114,42,72
S01008083,Couple family: One parent working,30,8,22
S01008083,Couple family: No parents working,0,0,0
S01008083,Lone parent family: Total,18,7,11
S01008083,Lone parent family: Parent working,12,5,7
S01008083,Lone parent family: Parent not working,6,2,4
S01008084,All parents aged 16 and over with dependent children,190,90,100
S01008084,Couple family: Total,160,68,92
S01008084,Couple family: Both parents working,122,48,74
S01008084,Couple family: One parent working,36,18,18
S01008084,Couple family: No parents working,2,2,0
S01008084,Lone parent family: Total,30,22,8
S01008084,Lone parent family: Parent working,20,14,6
S01008084,Lone parent family: Parent not working,10,8,2
S01008085,All parents aged 16 and over with dependent children,235,105,130
S01008085,Couple family: Total,220,98,122
S01008085,Couple family: Both parents working,188,90,98
S01008085,Couple family: One parent working,32,8,24
S01008085,Couple family: No parents working,0,0,0
S01008085,Lone parent family: Total,15,7,8
S01008085,Lone parent family: Parent working,8,4,4
S01008085,Lone parent family: Parent not working,7,3,4
S01008086,All parents aged 16 and over with dependent children,274,111,163
S01008086,Couple family: Total,240,92,148
S01008086,Couple family: Both parents working,194,78,116
S01008086,Couple family: One parent working,44,12,32
S01008086,Couple family: No parents working,2,2,0
S01008086,Lone parent family: Total,34,19,15
S01008086,Lone parent family: Parent working,24,13,11
S01008086,Lone parent family: Parent not working,10,6,4
S01008087,All parents aged 16 and over with dependent children,186,70,116
S01008087,Couple family: Total,168,60,108
S01008087,Couple family: Both parents working,144,54,90
S01008087,Couple family: One parent working,20,4,16
S01008087,Couple family: No parents working,4,2,2
S01008087,Lone parent family: Total,18,10,8
S01008087,Lone parent family: Parent working,11,6,5
S01008087,Lone parent family: Parent not working,7,4,3
S01008088,All parents aged 16 and over with dependent children,177,79,98
S01008088,Couple family: Total,152,62,90
S01008088,Couple family: Both parents working,128,52,76
S01008088,Couple family: One parent working,24,10,14
S01008088,Couple family: No parents working,0,0,0
S01008088,Lone parent family: Total,25,17,8
S01008088,Lone parent family: Parent working,20,13,7
S01008088,Lone parent family: Parent not working,5,4,1
S01008089,All parents aged 16 and over with dependent children,143,54,89
S01008089,Couple family: Total,138,52,86
S01008089,Couple family: Both parents working,112,42,70
S01008089,Couple family: One parent working,26,10,16
S01008089,Couple family: No parents working,0,0,0
S01008089,Lone parent family: Total,5,2,3
S01008089,Lone parent family: Parent working,1,0,1
S01008089,Lone parent family: Parent not working,4,2,2
S01008090,All parents aged 16 and over with dependent children,185,79,106
S01008090,Couple family: Total,160,62,98
S01008090,Couple family: Both parents working,120,42,78
S01008090,Couple family: One parent working,38,20,18
S01008090,Couple family: No parents working,2,0,2
S01008090,Lone parent family: Total,25,17,8
S01008090,Lone parent family: Parent working,21,13,8
S01008090,Lone parent family: Parent not working,4,4,0
S01008091,All parents aged 16 and over with dependent children,70,37,33
S01008091,Couple family: Total,60,30,30
S01008091,Couple family: Both parents working,58,30,28
S01008091,Couple family: One parent working,0,0,0
S01008091,Couple family: No parents working,2,0,2
S01008091,Lone parent family: Total,10,7,3
S01008091,Lone parent family: Parent working,9,6,3
S01008091,Lone parent family: Parent not working,1,1,0
S01008092,All parents aged 16 and over with dependent children,192,77,115
S01008092,Couple family: Total,186,72,114
S01008092,Couple family: Both parents working,160,68,92
S01008092,Couple family: One parent working,24,4,20
S01008092,Couple family: No parents working,2,0,2
S01008092,Lone parent family: Total,6,5,1
S01008092,Lone parent family: Parent working,6,5,1
S01008092,Lone parent family: Parent not working,0,0,0
S01008093,All parents aged 16 and over with dependent children,169,66,103
S01008093,Couple family: Total,148,50,98
S01008093,Couple family: Both parents working,124,42,82
S01008093,Couple family: One parent working,24,8,16
S01008093,Couple family: No parents working,0,0,0
S01008093,Lone parent family: Total,21,16,5
S01008093,Lone parent family: Parent working,17,12,5
S01008093,Lone parent family: Parent not working,4,4,0
S01008094,All parents aged 16 and over with dependent children,140,56,84
S01008094,Couple family: Total,132,50,82
S01008094,Couple family: Both parents working,116,40,76
S01008094,Couple family: One parent working,10,4,6
S01008094,Couple family: No parents working,6,6,0
S01008094,Lone parent family: Total,8,6,2
S01008094,Lone parent family: Parent working,5,4,1
S01008094,Lone parent family: Parent not working,3,2,1
S01008095,All parents aged 16 and over with dependent children,128,57,71
S01008095,Couple family: Total,108,42,66
S01008095,Couple family: Both parents working,92,42,50
S01008095,Couple family: One parent working,14,0,14
S01008095,Couple family: No parents working,2,0,2
S01008095,Lone parent family: Total,20,15,5
S01008095,Lone parent family: Parent working,16,12,4
S01008095,Lone parent family: Parent not working,4,3,1
S01008096,All parents aged 16 and over with dependent children,145,61,84
S01008096,Couple family: Total,134,52,82
S01008096,Couple family: Both parents working,106,36,70
S01008096,Couple family: One parent working,28,16,12
S01008096,Couple family: No parents working,0,0,0
S01008096,Lone parent family: Total,11,9,2
S01008096,Lone parent family: Parent working,11,9,2
S01008096,Lone parent family: Parent not working,0,0,0
S01008097,All parents aged 16 and over with dependent children,118,64,54
S01008097,Couple family: Total,106,60,46
S01008097,Couple family: Both parents working,92,52,40
S01008097,Couple family: One parent working,12,8,4
S01008097,Couple family: No parents working,2,0,2
S01008097,Lone parent family: Total,12,4,8
S01008097,Lone parent family: Parent working,9,3,6
S01008097,Lone parent family: Parent not working,3,1,2
S01008098,All parents aged 16 and over with dependent children,152,52,100
S01008098,Couple family: Total,134,44,90
S01008098,Couple family: Both parents working,116,38,78
S01008098,Couple family: One parent working,12,2,10
S01008098,Couple family: No parents working,6,4,2
S01008098,Lone parent family: Total,18,8,10
S01008098,Lone parent family: Parent working,14,8,6
S01008098,Lone parent family: Parent not working,4,0,4
S01008099,All parents aged 16 and over with dependent children,121,64,57
S01008099,Couple family: Total,108,56,52
S01008099,Couple family: Both parents working,94,54,40
S01008099,Couple family: One parent working,14,2,12
S01008099,Couple family: No parents working,0,0,0
S01008099,Lone parent family: Total,13,8,5
S01008099,Lone parent family: Parent working,10,6,4
S01008099,Lone parent family: Parent not working,3,2,1
S01008100,All parents aged 16 and over with dependent children,169,48,121
S01008100,Couple family: Total,154,40,114
S01008100,Couple family: Both parents working,114,28,86
S01008100,Couple family: One parent working,34,8,26
S01008100,Couple family: No parents working,6,4,2
S01008100,Lone parent family: Total,15,8,7
S01008100,Lone parent family: Parent working,10,5,5
S01008100,Lone parent family: Parent not working,5,3,2
S01008101,All parents aged 16 and over with dependent children,192,90,102
S01008101,Couple family: Total,158,72,86
S01008101,Couple family: Both parents working,138,66,72
S01008101,Couple family: One parent working,18,6,12
S01008101,Couple family: No parents working,2,0,2
S01008101,Lone parent family: Total,34,18,16
S01008101,Lone parent family: Parent working,17,12,5
S01008101,Lone parent family: Parent not working,17,6,11
S01008102,All parents aged 16 and over with dependent children,135,62,73
S01008102,Couple family: Total,106,48,58
S01008102,Couple family: Both parents working,82,38,44
S01008102,Couple family: One parent working,22,8,14
S01008102,Couple family: No parents working,2,2,0
S01008102,Lone parent family: Total,29,14,15
S01008102,Lone parent family: Parent working,26,12,14
S01008102,Lone parent family: Parent not working,3,2,1
S01008103,All parents aged 16 and over with dependent children,102,65,37
S01008103,Couple family: Total,72,42,30
S01008103,Couple family: Both parents working,62,38,24
S01008103,Couple family: One parent working,10,4,6
S01008103,Couple family: No parents working,0,0,0
S01008103,Lone parent family: Total,30,23,7
S01008103,Lone parent family: Parent working,21,14,7
S01008103,Lone parent family: Parent not working,9,9,0
S01008104,All parents aged 16 and over with dependent children,164,78,86
S01008104,Couple family: Total,114,52,62
S01008104,Couple family: Both parents working,86,36,50
S01008104,Couple family: One parent working,24,14,10
S01008104,Couple family: No parents working,4,2,2
S01008104,Lone parent family: Total,50,26,24
S01008104,Lone parent family: Parent working,30,14,16
S01008104,Lone parent family: Parent not working,20,12,8
S01008105,All parents aged 16 and over with dependent children,225,117,108
S01008105,Couple family: Total,146,70,76
S01008105,Couple family: Both parents working,112,56,56
S01008105,Couple family: One parent working,30,12,18
S01008105,Couple family: No parents working,4,2,2
S01008105,Lone parent family: Total,79,47,32
S01008105,Lone parent family: Parent working,46,30,16
S01008105,Lone parent family: Parent not working,33,17,16
S01008106,All parents aged 16 and over with dependent children,147,72,75
S01008106,Couple family: Total,94,38,56
S01008106,Couple family: Both parents working,72,30,42
S01008106,Couple family: One parent working,10,4,6
S01008106,Couple family: No parents working,12,4,8
S01008106,Lone parent family: Total,53,34,19
S01008106,Lone parent family: Parent working,24,17,7
S01008106,Lone parent family: Parent not working,29,17,12
S01008107,All parents aged 16 and over with dependent children,312,90,222
S01008107,Couple family: Total,298,80,218
S01008107,Couple family: Both parents working,248,66,182
S01008107,Couple family: One parent working,40,10,30
S01008107,Couple family: No parents working,10,4,6
S01008107,Lone parent family: Total,14,10,4
S01008107,Lone parent family: Parent working,11,8,3
S01008107,Lone parent family: Parent not working,3,2,1
S01008108,All parents aged 16 and over with dependent children,141,58,83
S01008108,Couple family: Total,126,52,74
S01008108,Couple family: Both parents working,100,40,60
S01008108,Couple family: One parent working,26,12,14
S01008108,Couple family: No parents working,0,0,0
S01008108,Lone parent family: Total,15,6,9
S01008108,Lone parent family: Parent working,14,6,8
S01008108,Lone parent family: Parent not working,1,0,1
S01008109,All parents aged 16 and over with dependent children,219,100,119
S01008109,Couple family: Total,188,84,104
S01008109,Couple family: Both parents working,158,64,94
S01008109,Couple family: One parent working,26,18,8
S01008109,Couple family: No parents working,4,2,2
S01008109,Lone parent family: Total,31,16,15
S01008109,Lone parent family: Parent working,19,13,6
S01008109,Lone parent family: Parent not working,12,3,9
S01008110,All parents aged 16 and over with dependent children,243,107,136
S01008110,Couple family: Total,224,94,130
S01008110,Couple family: Both parents working,176,70,106
S01008110,Couple family: One parent working,44,20,24
S01008110,Couple family: No parents working,4,4,0
S01008110,Lone parent family: Total,19,13,6
S01008110,Lone parent family: Parent working,15,11,4
S01008110,Lone parent family: Parent not working,4,2,2
S01008111,All parents aged 16 and over with dependent children,171,81,90
S01008111,Couple family: Total,156,72,84
S01008111,Couple family: Both parents working,128,60,68
S01008111,Couple family: One parent working,26,10,16
S01008111,Couple family: No parents working,2,2,0
S01008111,Lone parent family: Total,15,9,6
S01008111,Lone parent family: Parent working,9,6,3
S01008111,Lone parent family: Parent not working,6,3,3
S01008112,All parents aged 16 and over with dependent children,143,66,77
S01008112,Couple family: Total,130,60,70
S01008112,Couple family: Both parents working,100,46,54
S01008112,Couple family: One parent working,26,12,14
S01008112,Couple family: No parents working,4,2,2
S01008112,Lone parent family: Total,13,6,7
S01008112,Lone parent family: Parent working,12,5,7
S01008112,Lone parent family: Parent not working,1,1,0
S01008113,All parents aged 16 and over with dependent children,152,72,80
S01008113,Couple family: Total,138,62,76
S01008113,Couple family: Both parents working,110,54,56
S01008113,Couple family: One parent working,28,8,20
S01008113,Couple family: No parents working,0,0,0
S01008113,Lone parent family: Total,14,10,4
S01008113,Lone parent family: Parent working,9,7,2
S01008113,Lone parent family: Parent not working,5,3,2
S01008114,All parents aged 16 and over with dependent children,127,40,87
S01008114,Couple family: Total,114,36,78
S01008114,Couple family: Both parents working,102,32,70
S01008114,Couple family: One parent working,10,2,8
S01008114,Couple family: No parents working,2,2,0
S01008114,Lone parent family: Total,13,4,9
S01008114,Lone parent family: Parent working,10,2,8
S01008114,Lone parent family: Parent not working,3,2,1
S01008115,All parents aged 16 and over with dependent children,204,98,106
S01008115,Couple family: Total,174,80,94
S01008115,Couple family: Both parents working,144,68,76
S01008115,Couple family: One parent working,28,12,16
S01008115,Couple family: No parents working,2,0,2
S01008115,Lone parent family: Total,30,18,12
S01008115,Lone parent family: Parent working,21,15,6
S01008115,Lone parent family: Parent not working,9,3,6
S01008116,All parents aged 16 and over with dependent children,223,80,143
S01008116,Couple family: Total,202,70,132
S01008116,Couple family: Both parents working,160,56,104
S01008116,Couple family: One parent working,38,12,26
S01008116,Couple family: No parents working,4,2,2
S01008116,Lone parent family: Total,21,10,11
S01008116,Lone parent family: Parent working,15,8,7
S01008116,Lone parent family: Parent not working,6,2,4
S01008117,All parents aged 16 and over with dependent children,148,48,100
S01008117,Couple family: Total,128,40,88
S01008117,Couple family: Both parents working,112,38,74
S01008117,Couple family: One parent working,16,2,14
S01008117,Couple family: No parents working,0,0,0
S01008117,Lone parent family: Total,20,8,12
S01008117,Lone parent family: Parent working,10,4,6
S01008117,Lone parent family: Parent not working,10,4,6
S01008118,All parents aged 16 and over with dependent children,203,88,115
S01008118,Couple family: Total,170,66,104
S01008118,Couple family: Both parents working,134,56,78
S01008118,Couple family: One parent working,32,10,22
S01008118,Couple family: No parents working,4,0,4
S01008118,Lone parent family: Total,33,22,11
S01008118,Lone parent family: Parent working,22,17,5
S01008118,Lone parent family: Parent not working,11,5,6
S01008119,All parents aged 16 and over with dependent children,120,57,63
S01008119,Couple family: Total,90,38,52
S01008119,Couple family: Both parents working,52,24,28
S01008119,Couple family: One parent working,26,12,14
S01008119,Couple family: No parents working,12,2,10
S01008119,Lone parent family: Total,30,19,11
S01008119,Lone parent family: Parent working,19,13,6
S01008119,Lone parent family: Parent not working,11,6,5
S01008120,All parents aged 16 and over with dependent children,133,61,72
S01008120,Couple family: Total,116,50,66
S01008120,Couple family: Both parents working,76,40,36
S01008120,Couple family: One parent working,34,8,26
S01008120,Couple family: No parents working,6,2,4
S01008120,Lone parent family: Total,17,11,6
S01008120,Lone parent family: Parent working,11,8,3
S01008120,Lone parent family: Parent not working,6,3,3
S01008121,All parents aged 16 and over with dependent children,139,44,95
S01008121,Couple family: Total,132,38,94
S01008121,Couple family: Both parents working,112,36,76
S01008121,Couple family: One parent working,20,2,18
S01008121,Couple family: No parents working,0,0,0
S01008121,Lone parent family: Total,7,6,1
S01008121,Lone parent family: Parent working,4,3,1
S01008121,Lone parent family: Parent not working,3,3,0
S01008122,All parents aged 16 and over with dependent children,196,58,138
S01008122,Couple family: Total,188,54,134
S01008122,Couple family: Both parents working,154,48,106
S01008122,Couple family: One parent working,32,4,28
S01008122,Couple family: No parents working,2,2,0
S01008122,Lone parent family: Total,8,4,4
S01008122,Lone parent family: Parent working,4,4,0
S01008122,Lone parent family: Parent not working,4,0,4
S01008123,All parents aged 16 and over with dependent children,182,69,113
S01008123,Couple family: Total,162,60,102
S01008123,Couple family: Both parents working,148,56,92
S01008123,Couple family: One parent working,14,4,10
S01008123,Couple family: No parents working,0,0,0
S01008123,Lone parent family: Total,20,9,11
S01008123,Lone parent family: Parent working,11,6,5
S01008123,Lone parent family: Parent not working,9,3,6
S01008124,All parents aged 16 and over with dependent children,220,78,142
S01008124,Couple family: Total,204,68,136
S01008124,Couple family: Both parents working,184,60,124
S01008124,Couple family: One parent working,20,8,12
S01008124,Couple family: No parents working,0,0,0
S01008124,Lone parent family: Total,16,10,6
S01008124,Lone parent family: Parent working,10,6,4
S01008124,Lone parent family: Parent not working,6,4,2
S01008125,All parents aged 16 and over with dependent children,186,79,107
S01008125,Couple family: Total,170,70,100
S01008125,Couple family: Both parents working,136,56,80
S01008125,Couple family: One parent working,30,14,16
S01008125,Couple family: No parents working,4,0,4
S01008125,Lone parent family: Total,16,9,7
S01008125,Lone parent family: Parent working,10,8,2
S01008125,Lone parent family: Parent not working,6,1,5
S01008126,All parents aged 16 and over with dependent children,204,100,104
S01008126,Couple family: Total,190,92,98
S01008126,Couple family: Both parents working,170,84,86
S01008126,Couple family: One parent working,20,8,12
S01008126,Couple family: No parents working,0,0,0
S01008126,Lone parent family: Total,14,8,6
S01008126,Lone parent family: Parent working,11,5,6
S01008126,Lone parent family: Parent not working,3,3,0
S01008127,All parents aged 16 and over with dependent children,88,28,60
S01008127,Couple family: Total,80,24,56
S01008127,Couple family: Both parents working,68,24,44
S01008127,Couple family: One parent working,12,0,12
S01008127,Couple family: No parents working,0,0,0
S01008127,Lone parent family: Total,8,4,4
S01008127,Lone parent family: Parent working,6,4,2
S01008127,Lone parent family: Parent not working,2,0,2
S01008128,All parents aged 16 and over with dependent children,182,85,97
S01008128,Couple family: Total,162,70,92
S01008128,Couple family: Both parents working,134,58,76
S01008128,Couple family: One parent working,26,12,14
S01008128,Couple family: No parents working,2,0,2
S01008128,Lone parent family: Total,20,15,5
S01008128,Lone parent family: Parent working,12,10,2
S01008128,Lone parent family: Parent not working,8,5,3
S01008129,All parents aged 16 and over with dependent children,158,80,78
S01008129,Couple family: Total,122,58,64
S01008129,Couple family: Both parents working,88,38,50
S01008129,Couple family: One parent working,24,10,14
S01008129,Couple family: No parents working,10,10,0
S01008129,Lone parent family: Total,36,22,14
S01008129,Lone parent family: Parent working,24,16,8
S01008129,Lone parent family: Parent not working,12,6,6
S01008130,All parents aged 16 and over with dependent children,170,89,81
S01008130,Couple family: Total,126,56,70
S01008130,Couple family: Both parents working,90,36,54
S01008130,Couple family: One parent working,28,16,12
S01008130,Couple family: No parents working,8,4,4
S01008130,Lone parent family: Total,44,33,11
S01008130,Lone parent family: Parent working,30,23,7
S01008130,Lone parent family: Parent not working,14,10,4
S01008131,All parents aged 16 and over with dependent children,124,56,68
S01008131,Couple family: Total,86,30,56
S01008131,Couple family: Both parents working,60,28,32
S01008131,Couple family: One parent working,26,2,24
S01008131,Couple family: No parents working,0,0,0
S01008131,Lone parent family: Total,38,26,12
S01008131,Lone parent family: Parent working,23,18,5
S01008131,Lone parent family: Parent not working,15,8,7
S01008132,All parents aged 16 and over with dependent children,215,88,127
S01008132,Couple family: Total,206,82,124
S01008132,Couple family: Both parents working,174,72,102
S01008132,Couple family: One parent working,28,8,20
S01008132,Couple family: No parents working,4,2,2
S01008132,Lone parent family: Total,9,6,3
S01008132,Lone parent family: Parent working,9,6,3
S01008132,Lone parent family: Parent not working,0,0,0
S01008133,All parents aged 16 and over with dependent children,100,37,63
S01008133,Couple family: Total,80,20,60
S01008133,Couple family: Both parents working,56,10,46
S01008133,Couple family: One parent working,22,8,14
S01008133,Couple family: No parents working,2,2,0
S01008133,Lone parent family: Total,20,17,3
S01008133,Lone parent family: Parent working,9,7,2
S01008133,Lone parent family: Parent not working,11,10,1
S01008134,All parents aged 16 and over with dependent children,100,49,51
S01008134,Couple family: Total,88,42,46
S01008134,Couple family: Both parents working,64,28,36
S01008134,Couple family: One parent working,24,14,10
S01008134,Couple family: No parents working,0,0,0
S01008134,Lone parent family: Total,12,7,5
S01008134,Lone parent family: Parent working,7,4,3
S01008134,Lone parent family: Parent not working,5,3,2
S01008135,All parents aged 16 and over with dependent children,316,175,141
S01008135,Couple family: Total,270,148,122
S01008135,Couple family: Both parents working,226,120,106
S01008135,Couple family: One parent working,34,20,14
S01008135,Couple family: No parents working,10,8,2
S01008135,Lone parent family: Total,46,27,19
S01008135,Lone parent family: Parent working,20,9,11
S01008135,Lone parent family: Parent not working,26,18,8
S01008136,All parents aged 16 and over with dependent children,149,82,67
S01008136,Couple family: Total,128,68,60
S01008136,Couple family: Both parents working,92,44,48
S01008136,Couple family: One parent working,28,18,10
S01008136,Couple family: No parents working,8,6,2
S01008136,Lone parent family: Total,21,14,7
S01008136,Lone parent family: Parent working,13,9,4
S01008136,Lone parent family: Parent not working,8,5,3
S01008137,All parents aged 16 and over with dependent children,198,85,113
S01008137,Couple family: Total,94,34,60
S01008137,Couple family: Both parents working,56,24,32
S01008137,Couple family: One parent working,24,6,18
S01008137,Couple family: No parents working,14,4,10
S01008137,Lone parent family: Total,104,51,53
S01008137,Lone parent family: Parent working,55,30,25
S01008137,Lone parent family: Parent not working,49,21,28
S01008138,All parents aged 16 and over with dependent children,185,77,108
S01008138,Couple family: Total,126,38,88
S01008138,Couple family: Both parents working,64,16,48
S01008138,Couple family: One parent working,42,10,32
S01008138,Couple family: No parents working,20,12,8
S01008138,Lone parent family: Total,59,39,20
S01008138,Lone parent family: Parent working,25,22,3
S01008138,Lone parent family: Parent not working,34,17,17
S01008139,All parents aged 16 and over with dependent children,181,92,89
S01008139,Couple family: Total,134,60,74
S01008139,Couple family: Both parents working,84,46,38
S01008139,Couple family: One parent working,36,8,28
S01008139,Couple family: No parents working,14,6,8
S01008139,Lone parent family: Total,47,32,15
S01008139,Lone parent family: Parent working,33,24,9
S01008139,Lone parent family: Parent not working,14,8,6
S01008140,All parents aged 16 and over with dependent children,107,46,61
S01008140,Couple family: Total,70,30,40
S01008140,Couple family: Both parents working,52,26,26
S01008140,Couple family: One parent working,14,2,12
S01008140,Couple family: No parents working,4,2,2
S01008140,Lone parent family: Total,37,16,21
S01008140,Lone parent family: Parent working,14,8,6
S01008140,Lone parent family: Parent not working,23,8,15
S01008141,All parents aged 16 and over with dependent children,178,80,98
S01008141,Couple family: Total,164,72,92
S01008141,Couple family: Both parents working,142,62,80
S01008141,Couple family: One parent working,22,10,12
S01008141,Couple family: No parents working,0,0,0
S01008141,Lone parent family: Total,14,8,6
S01008141,Lone parent family: Parent working,8,5,3
S01008141,Lone parent family: Parent not working,6,3,3
S01008142,All parents aged 16 and over with dependent children,179,79,100
S01008142,Couple family: Total,160,66,94
S01008142,Couple family: Both parents working,130,56,74
S01008142,Couple family: One parent working,24,8,16
S01008142,Couple family: No parents working,6,2,4
S01008142,Lone parent family: Total,19,13,6
S01008142,Lone parent family: Parent working,10,7,3
S01008142,Lone parent family: Parent not working,9,6,3
S01008143,All parents aged 16 and over with dependent children,163,74,89
S01008143,Couple family: Total,114,42,72
S01008143,Couple family: Both parents working,92,34,58
S01008143,Couple family: One parent working,20,8,12
S01008143,Couple family: No parents working,2,0,2
S01008143,Lone parent family: Total,49,32,17
S01008143,Lone parent family: Parent working,29,18,11
S01008143,Lone parent family: Parent not working,20,14,6
S01008144,All parents aged 16 and over with dependent children,149,65,84
S01008144,Couple family: Total,134,56,78
S01008144,Couple family: Both parents working,118,48,70
S01008144,Couple family: One parent working,16,8,8
S01008144,Couple family: No parents working,0,0,0
S01008144,Lone parent family: Total,15,9,6
S01008144,Lone parent family: Parent working,11,8,3
S01008144,Lone parent family: Parent not working,4,1,3
S01008145,All parents aged 16 and over with dependent children,178,90,88
S01008145,Couple family: Total,146,70,76
S01008145,Couple family: Both parents working,90,48,42
S01008145,Couple family: One parent working,46,12,34
S01008145,Couple family: No parents working,10,10,0
S01008145,Lone parent family: Total,32,20,12
S01008145,Lone parent family: Parent working,19,12,7
S01008145,Lone parent family: Parent not working,13,8,5
S01008146,All parents aged 16 and over with dependent children,85,47,38
S01008146,Couple family: Total,54,30,24
S01008146,Couple family: Both parents working,38,16,22
S01008146,Couple family: One parent working,12,10,2
S01008146,Couple family: No parents working,4,4,0
S01008146,Lone parent family: Total,31,17,14
S01008146,Lone parent family: Parent working,13,10,3
S01008146,Lone parent family: Parent not working,18,7,11
S01008147,All parents aged 16 and over with dependent children,150,82,68
S01008147,Couple family: Total,116,60,56
S01008147,Couple family: Both parents working,92,50,42
S01008147,Couple family: One parent working,18,8,10
S01008147,Couple family: No parents working,6,2,4
S01008147,Lone parent family: Total,34,22,12
S01008147,Lone parent family: Parent working,24,15,9
S01008147,Lone parent family: Parent not working,10,7,3
S01008148,All parents aged 16 and over with dependent children,144,90,54
S01008148,Couple family: Total,126,78,48
S01008148,Couple family: Both parents working,90,54,36
S01008148,Couple family: One parent working,26,14,12
S01008148,Couple family: No parents working,10,10,0
S01008148,Lone parent family: Total,18,12,6
S01008148,Lone parent family: Parent working,12,8,4
S01008148,Lone parent family: Parent not working,6,4,2
S01008149,All parents aged 16 and over with dependent children,156,87,69
S01008149,Couple family: Total,112,60,52
S01008149,Couple family: Both parents working,86,48,38
S01008149,Couple family: One parent working,22,8,14
S01008149,Couple family: No parents working,4,4,0
S01008149,Lone parent family: Total,44,27,17
S01008149,Lone parent family: Parent working,21,12,9
S01008149,Lone parent family: Parent not working,23,15,8
S01008150,All parents aged 16 and over with dependent children,195,93,102
S01008150,Couple family: Total,150,64,86
S01008150,Couple family: Both parents working,116,52,64
S01008150,Couple family: One parent working,28,6,22
S01008150,Couple family: No parents working,6,6,0
S01008150,Lone parent family: Total,45,29,16
S01008150,Lone parent family: Parent working,24,15,9
S01008150,Lone parent family: Parent not working,21,14,7
S01008151,All parents aged 16 and over with dependent children,150,75,75
S01008151,Couple family: Total,122,58,64
S01008151,Couple family: Both parents working,92,46,46
S01008151,Couple family: One parent working,26,12,14
S01008151,Couple family: No parents working,4,0,4
S01008151,Lone parent family: Total,28,17,11
S01008151,Lone parent family: Parent working,20,12,8
S01008151,Lone parent family: Parent not working,8,5,3
S01008152,All parents aged 16 and over with dependent children,171,89,82
S01008152,Couple family: Total,104,42,62
S01008152,Couple family: Both parents working,86,30,56
S01008152,Couple family: One parent working,16,10,6
S01008152,Couple family: No parents working,2,2,0
S01008152,Lone parent family: Total,67,47,20
S01008152,Lone parent family: Parent working,35,25,10
S01008152,Lone parent family: Parent not working,32,22,10
S01008153,All parents aged 16 and over with dependent children,183,88,95
S01008153,Couple family: Total,168,80,88
S01008153,Couple family: Both parents working,136,64,72
S01008153,Couple family: One parent working,30,14,16
S01008153,Couple family: No parents working,2,2,0
S01008153,Lone parent family: Total,15,8,7
S01008153,Lone parent family: Parent working,9,6,3
S01008153,Lone parent family: Parent not working,6,2,4
S01008154,All parents aged 16 and over with dependent children,143,55,88
S01008154,Couple family: Total,128,50,78
S01008154,Couple family: Both parents working,104,38,66
S01008154,Couple family: One parent working,22,10,12
S01008154,Couple family: No parents working,2,2,0
S01008154,Lone parent family: Total,15,5,10
S01008154,Lone parent family: Parent working,9,4,5
S01008154,Lone parent family: Parent not working,6,1,5
S01008155,All parents aged 16 and over with dependent children,125,55,70
S01008155,Couple family: Total,112,46,66
S01008155,Couple family: Both parents working,80,38,42
S01008155,Couple family: One parent working,26,6,20
S01008155,Couple family: No parents working,6,2,4
S01008155,Lone parent family: Total,13,9,4
S01008155,Lone parent family: Parent working,12,8,4
S01008155,Lone parent family: Parent not working,1,1,0
S01008156,All parents aged 16 and over with dependent children,180,89,91
S01008156,Couple family: Total,146,68,78
S01008156,Couple family: Both parents working,114,50,64
S01008156,Couple family: One parent working,24,12,12
S01008156,Couple family: No parents working,8,6,2
S01008156,Lone parent family: Total,34,21,13
S01008156,Lone parent family: Parent working,24,17,7
S01008156,Lone parent family: Parent not working,10,4,6
S01008157,All parents aged 16 and over with dependent children,170,65,105
S01008157,Couple family: Total,138,54,84
S01008157,Couple family: Both parents working,114,42,72
S01008157,Couple family: One parent working,20,8,12
S01008157,Couple family: No parents working,4,4,0
S01008157,Lone parent family: Total,32,11,21
S01008157,Lone parent family: Parent working,19,8,11
S01008157,Lone parent family: Parent not working,13,3,10
S01008158,All parents aged 16 and over with dependent children,138,75,63
S01008158,Couple family: Total,122,62,60
S01008158,Couple family: Both parents working,94,50,44
S01008158,Couple family: One parent working,26,12,14
S01008158,Couple family: No parents working,2,0,2
S01008158,Lone parent family: Total,16,13,3
S01008158,Lone parent family: Parent working,11,8,3
S01008158,Lone parent family: Parent not working,5,5,0
S01008159,All parents aged 16 and over with dependent children,205,99,106
S01008159,Couple family: Total,132,58,74
S01008159,Couple family: Both parents working,76,36,40
S01008159,Couple family: One parent working,42,16,26
S01008159,Couple family: No parents working,14,6,8
S01008159,Lone parent family: Total,73,41,32
S01008159,Lone parent family: Parent working,44,28,16
S01008159,Lone parent family: Parent not working,29,13,16
S01008160,All parents aged 16 and over with dependent children,220,95,125
S01008160,Couple family: Total,152,58,94
S01008160,Couple family: Both parents working,120,48,72
S01008160,Couple family: One parent working,24,10,14
S01008160,Couple family: No parents working,8,0,8
S01008160,Lone parent family: Total,68,37,31
S01008160,Lone parent family: Parent working,30,18,12
S01008160,Lone parent family: Parent not working,38,19,19
S01008161,All parents aged 16 and over with dependent children,275,116,159
S01008161,Couple family: Total,262,108,154
S01008161,Couple family: Both parents working,222,96,126
S01008161,Couple family: One parent working,36,12,24
S01008161,Couple family: No parents working,4,0,4
S01008161,Lone parent family: Total,13,8,5
S01008161,Lone parent family: Parent working,10,6,4
S01008161,Lone parent family: Parent not working,3,2,1
S01008162,All parents aged 16 and over with dependent children,202,96,106
S01008162,Couple family: Total,186,86,100
S01008162,Couple family: Both parents working,140,72,68
S01008162,Couple family: One parent working,42,14,28
S01008162,Couple family: No parents working,4,0,4
S01008162,Lone parent family: Total,16,10,6
S01008162,Lone parent family: Parent working,13,8,5
S01008162,Lone parent family: Parent not working,3,2,1
S01008163,All parents aged 16 and over with dependent children,167,90,77
S01008163,Couple family: Total,112,52,60
S01008163,Couple family: Both parents working,74,38,36
S01008163,Couple family: One parent working,26,12,14
S01008163,Couple family: No parents working,12,2,10
S01008163,Lone parent family: Total,55,38,17
S01008163,Lone parent family: Parent working,31,25,6
S01008163,Lone parent family: Parent not working,24,13,11
S01008164,All parents aged 16 and over with dependent children,148,67,81
S01008164,Couple family: Total,116,46,70
S01008164,Couple family: Both parents working,84,34,50
S01008164,Couple family: One parent working,22,8,14
S01008164,Couple family: No parents working,10,4,6
S01008164,Lone parent family: Total,32,21,11
S01008164,Lone parent family: Parent working,23,15,8
S01008164,Lone parent family: Parent not working,9,6,3
S01008165,All parents aged 16 and over with dependent children,258,129,129
S01008165,Couple family: Total,244,122,122
S01008165,Couple family: Both parents working,214,108,106
S01008165,Couple family: One parent working,24,10,14
S01008165,Couple family: No parents working,6,4,2
S01008165,Lone parent family: Total,14,7,7
S01008165,Lone parent family: Parent working,12,7,5
S01008165,Lone parent family: Parent not working,2,0,2
S01008166,All parents aged 16 and over with dependent children,115,43,72
S01008166,Couple family: Total,88,32,56
S01008166,Couple family: Both parents working,68,28,40
S01008166,Couple family: One parent working,18,2,16
S01008166,Couple family: No parents working,2,2,0
S01008166,Lone parent family: Total,27,11,16
S01008166,Lone parent family: Parent working,16,7,9
S01008166,Lone parent family: Parent not working,11,4,7
S01008167,All parents aged 16 and over with dependent children,169,87,82
S01008167,Couple family: Total,124,66,58
S01008167,Couple family: Both parents working,70,40,30
S01008167,Couple family: One parent working,40,16,24
S01008167,Couple family: No parents working,14,10,4
S01008167,Lone parent family: Total,45,21,24
S01008167,Lone parent family: Parent working,28,14,14
S01008167,Lone parent family: Parent not working,17,7,10
S01008168,All parents aged 16 and over with dependent children,200,108,92
S01008168,Couple family: Total,152,76,76
S01008168,Couple family: Both parents working,94,50,44
S01008168,Couple family: One parent working,44,22,22
S01008168,Couple family: No parents working,14,4,10
S01008168,Lone parent family: Total,48,32,16
S01008168,Lone parent family: Parent working,29,21,8
S01008168,Lone parent family: Parent not working,19,11,8
S01008169,All parents aged 16 and over with dependent children,159,97,62
S01008169,Couple family: Total,116,66,50
S01008169,Couple family: Both parents working,90,54,36
S01008169,Couple family: One parent working,18,8,10
S01008169,Couple family: No parents working,8,4,4
S01008169,Lone parent family: Total,43,31,12
S01008169,Lone parent family: Parent working,32,24,8
S01008169,Lone parent family: Parent not working,11,7,4
S01008170,All parents aged 16 and over with dependent children,148,76,72
S01008170,Couple family: Total,134,66,68
S01008170,Couple family: Both parents working,120,60,60
S01008170,Couple family: One parent working,14,6,8
S01008170,Couple family: No parents working,0,0,0
S01008170,Lone parent family: Total,14,10,4
S01008170,Lone parent family: Parent working,11,8,3
S01008170,Lone parent family: Parent not working,3,2,1
S01008171,All parents aged 16 and over with dependent children,145,88,57
S01008171,Couple family: Total,114,64,50
S01008171,Couple family: Both parents working,78,40,38
S01008171,Couple family: One parent working,22,16,6
S01008171,Couple family: No parents working,14,8,6
S01008171,Lone parent family: Total,31,24,7
S01008171,Lone parent family: Parent working,19,14,5
S01008171,Lone parent family: Parent not working,12,10,2
S01008172,All parents aged 16 and over with dependent children,118,50,68
S01008172,Couple family: Total,96,38,58
S01008172,Couple family: Both parents working,80,36,44
S01008172,Couple family: One parent working,16,2,14
S01008172,Couple family: No parents working,0,0,0
S01008172,Lone parent family: Total,22,12,10
S01008172,Lone parent family: Parent working,14,9,5
S01008172,Lone parent family: Parent not working,8,3,5
S01008173,All parents aged 16 and over with dependent children,184,86,98
S01008173,Couple family: Total,160,70,90
S01008173,Couple family: Both parents working,134,58,76
S01008173,Couple family: One parent working,26,12,14
S01008173,Couple family: No parents working,0,0,0
S01008173,Lone parent family: Total,24,16,8
S01008173,Lone parent family: Parent working,17,12,5
S01008173,Lone parent family: Parent not working,7,4,3
S01008174,All parents aged 16 and over with dependent children,121,64,57
S01008174,Couple family: Total,112,60,52
S01008174,Couple family: Both parents working,100,54,46
S01008174,Couple family: One parent working,12,6,6
S01008174,Couple family: No parents working,0,0,0
S01008174,Lone parent family: Total,9,4,5
S01008174,Lone parent family: Parent working,8,3,5
S01008174,Lone parent family: Parent not working,1,1,0
S01008175,All parents aged 16 and over with dependent children,154,83,71
S01008175,Couple family: Total,124,58,66
S01008175,Couple family: Both parents working,84,40,44
S01008175,Couple family: One parent working,38,16,22
S01008175,Couple family: No parents working,2,2,0
S01008175,Lone parent family: Total,30,25,5
S01008175,Lone parent family: Parent working,20,17,3
S01008175,Lone parent family: Parent not working,10,8,2
S01008176,All parents aged 16 and over with dependent children,151,68,83
S01008176,Couple family: Total,142,62,80
S01008176,Couple family: Both parents working,102,50,52
S01008176,Couple family: One parent working,40,12,28
S01008176,Couple family: No parents working,0,0,0
S01008176,Lone parent family: Total,9,6,3
S01008176,Lone parent family: Parent working,8,6,2
S01008176,Lone parent family: Parent not working,1,0,1
S01008177,All parents aged 16 and over with dependent children,164,80,84
S01008177,Couple family: Total,142,64,78
S01008177,Couple family: Both parents working,102,50,52
S01008177,Couple family: One parent working,28,10,18
S01008177,Couple family: No parents working,12,4,8
S01008177,Lone parent family: Total,22,16,6
S01008177,Lone parent family: Parent working,14,10,4
S01008177,Lone parent family: Parent not working,8,6,2
S01008178,All parents aged 16 and over with dependent children,106,52,54
S01008178,Couple family: Total,92,42,50
S01008178,Couple family: Both parents working,72,34,38
S01008178,Couple family: One parent working,18,6,12
S01008178,Couple family: No parents working,2,2,0
S01008178,Lone parent family: Total,14,10,4
S01008178,Lone parent family: Parent working,11,7,4
S01008178,Lone parent family: Parent not working,3,3,0
S01008179,All parents aged 16 and over with dependent children,167,63,104
S01008179,Couple family: Total,156,58,98
S01008179,Couple family: Both parents working,130,54,76
S01008179,Couple family: One parent working,24,4,20
S01008179,Couple family: No parents working,2,0,2
S01008179,Lone parent family: Total,11,5,6
S01008179,Lone parent family: Parent working,10,5,5
S01008179,Lone parent family: Parent not working,1,0,1
S01008180,All parents aged 16 and over with dependent children,124,60,64
S01008180,Couple family: Total,116,54,62
S01008180,Couple family: Both parents working,94,40,54
S01008180,Couple family: One parent working,22,14,8
S01008180,Couple family: No parents working,0,0,0
S01008180,Lone parent family: Total,8,6,2
S01008180,Lone parent family: Parent working,7,5,2
S01008180,Lone parent family: Parent not working,1,1,0
S01008181,All parents aged 16 and over with dependent children,129,52,77
S01008181,Couple family: Total,122,48,74
S01008181,Couple family: Both parents working,86,38,48
S01008181,Couple family: One parent working,32,10,22
S01008181,Couple family: No parents working,4,0,4
S01008181,Lone parent family: Total,7,4,3
S01008181,Lone parent family: Parent working,4,2,2
S01008181,Lone parent family: Parent not working,3,2,1
S01008182,All parents aged 16 and over with dependent children,111,65,46
S01008182,Couple family: Total,88,48,40
S01008182,Couple family: Both parents working,60,26,34
S01008182,Couple family: One parent working,22,16,6
S01008182,Couple family: No parents working,6,6,0
S01008182,Lone parent family: Total,23,17,6
S01008182,Lone parent family: Parent working,15,12,3
S01008182,Lone parent family: Parent not working,8,5,3
S01008183,All parents aged 16 and over with dependent children,156,87,69
S01008183,Couple family: Total,134,78,56
S01008183,Couple family: Both parents working,112,68,44
S01008183,Couple family: One parent working,18,8,10
S01008183,Couple family: No parents working,4,2,2
S01008183,Lone parent family: Total,22,9,13
S01008183,Lone parent family: Parent working,18,9,9
S01008183,Lone parent family: Parent not working,4,0,4
S01008184,All parents aged 16 and over with dependent children,85,59,26
S01008184,Couple family: Total,74,48,26
S01008184,Couple family: Both parents working,46,24,22
S01008184,Couple family: One parent working,22,18,4
S01008184,Couple family: No parents working,6,6,0
S01008184,Lone parent family: Total,11,11,0
S01008184,Lone parent family: Parent working,6,6,0
S01008184,Lone parent family: Parent not working,5,5,0
S01008185,All parents aged 16 and over with dependent children,159,103,56
S01008185,Couple family: Total,122,78,44
S01008185,Couple family: Both parents working,96,58,38
S01008185,Couple family: One parent working,20,18,2
S01008185,Couple family: No parents working,6,2,4
S01008185,Lone parent family: Total,37,25,12
S01008185,Lone parent family: Parent working,26,19,7
S01008185,Lone parent family: Parent not working,11,6,5
S01008186,All parents aged 16 and over with dependent children,97,68,29
S01008186,Couple family: Total,84,60,24
S01008186,Couple family: Both parents working,58,44,14
S01008186,Couple family: One parent working,26,16,10
S01008186,Couple family: No parents working,0,0,0
S01008186,Lone parent family: Total,13,8,5
S01008186,Lone parent family: Parent working,7,4,3
S01008186,Lone parent family: Parent not working,6,4,2
S01008187,All parents aged 16 and over with dependent children,135,69,66
S01008187,Couple family: Total,98,42,56
S01008187,Couple family: Both parents working,76,36,40
S01008187,Couple family: One parent working,20,6,14
S01008187,Couple family: No parents working,2,0,2
S01008187,Lone parent family: Total,37,27,10
S01008187,Lone parent family: Parent working,22,15,7
S01008187,Lone parent family: Parent not working,15,12,3
S01008188,All parents aged 16 and over with dependent children,174,98,76
S01008188,Couple family: Total,124,62,62
S01008188,Couple family: Both parents working,80,44,36
S01008188,Couple family: One parent working,38,16,22
S01008188,Couple family: No parents working,6,2,4
S01008188,Lone parent family: Total,50,36,14
S01008188,Lone parent family: Parent working,32,24,8
S01008188,Lone parent family: Parent not working,18,12,6
S01008189,All parents aged 16 and over with dependent children,104,54,50
S01008189,Couple family: Total,88,42,46
S01008189,Couple family: Both parents working,58,22,36
S01008189,Couple family: One parent working,30,20,10
S01008189,Couple family: No parents working,0,0,0
S01008189,Lone parent family: Total,16,12,4
S01008189,Lone parent family: Parent working,13,10,3
S01008189,Lone parent family: Parent not working,3,2,1
S01008190,All parents aged 16 and over with dependent children,185,88,97
S01008190,Couple family: Total,136,58,78
S01008190,Couple family: Both parents working,80,44,36
S01008190,Couple family: One parent working,40,12,28
S01008190,Couple family: No parents working,16,2,14
S01008190,Lone parent family: Total,49,30,19
S01008190,Lone parent family: Parent working,32,23,9
S01008190,Lone parent family: Parent not working,17,7,10
S01008191,All parents aged 16 and over with dependent children,97,52,45
S01008191,Couple family: Total,76,44,32
S01008191,Couple family: Both parents working,48,32,16
S01008191,Couple family: One parent working,18,10,8
S01008191,Couple family: No parents working,10,2,8
S01008191,Lone parent family: Total,21,8,13
S01008191,Lone parent family: Parent working,12,5,7
S01008191,Lone parent family: Parent not working,9,3,6
S01008192,All parents aged 16 and over with dependent children,139,75,64
S01008192,Couple family: Total,120,62,58
S01008192,Couple family: Both parents working,88,46,42
S01008192,Couple family: One parent working,32,16,16
S01008192,Couple family: No parents working,0,0,0
S01008192,Lone parent family: Total,19,13,6
S01008192,Lone parent family: Parent working,10,8,2
S01008192,Lone parent family: Parent not working,9,5,4
S01008193,All parents aged 16 and over with dependent children,185,82,103
S01008193,Couple family: Total,164,70,94
S01008193,Couple family: Both parents working,124,58,66
S01008193,Couple family: One parent working,34,10,24
S01008193,Couple family: No parents working,6,2,4
S01008193,Lone parent family: Total,21,12,9
S01008193,Lone parent family: Parent working,13,7,6
S01008193,Lone parent family: Parent not working,8,5,3
S01008194,All parents aged 16 and over with dependent children,142,76,66
S01008194,Couple family: Total,118,60,58
S01008194,Couple family: Both parents working,94,50,44
S01008194,Couple family: One parent working,18,8,10
S01008194,Couple family: No parents working,6,2,4
S01008194,Lone parent family: Total,24,16,8
S01008194,Lone parent family: Parent working,15,9,6
S01008194,Lone parent family: Parent not working,9,7,2
S01008195,All parents aged 16 and over with dependent children,203,104,99
S01008195,Couple family: Total,156,70,86
S01008195,Couple family: Both parents working,112,52,60
S01008195,Couple family: One parent working,30,14,16
S01008195,Couple family: No parents working,14,4,10
S01008195,Lone parent family: Total,47,34,13
S01008195,Lone parent family: Parent working,21,14,7
S01008195,Lone parent family: Parent not working,26,20,6
S01008196,All parents aged 16 and over with dependent children,213,102,111
S01008196,Couple family: Total,156,64,92
S01008196,Couple family: Both parents working,92,40,52
S01008196,Couple family: One parent working,50,16,34
S01008196,Couple family: No parents working,14,8,6
S01008196,Lone parent family: Total,57,38,19
S01008196,Lone parent family: Parent working,32,24,8
S01008196,Lone parent family: Parent not working,25,14,11
S01008197,All parents aged 16 and over with dependent children,265,166,99
S01008197,Couple family: Total,234,142,92
S01008197,Couple family: Both parents working,168,108,60
S01008197,Couple family: One parent working,52,28,24
S01008197,Couple family: No parents working,14,6,8
S01008197,Lone parent family: Total,31,24,7
S01008197,Lone parent family: Parent working,15,12,3
S01008197,Lone parent family: Parent not working,16,12,4
S01008198,All parents aged 16 and over with dependent children,118,55,63
S01008198,Couple family: Total,84,40,44
S01008198,Couple family: Both parents working,60,36,24
S01008198,Couple family: One parent working,20,2,18
S01008198,Couple family: No parents working,4,2,2
S01008198,Lone parent family: Total,34,15,19
S01008198,Lone parent family: Parent working,20,9,11
S01008198,Lone parent family: Parent not working,14,6,8
S01008199,All parents aged 16 and over with dependent children,183,92,91
S01008199,Couple family: Total,140,64,76
S01008199,Couple family: Both parents working,78,46,32
S01008199,Couple family: One parent working,40,10,30
S01008199,Couple family: No parents working,22,8,14
S01008199,Lone parent family: Total,43,28,15
S01008199,Lone parent family: Parent working,21,14,7
S01008199,Lone parent family: Parent not working,22,14,8
S01008200,All parents aged 16 and over with dependent children,115,56,59
S01008200,Couple family: Total,82,34,48
S01008200,Couple family: Both parents working,46,16,30
S01008200,Couple family: One parent working,20,10,10
S01008200,Couple family: No parents working,16,8,8
S01008200,Lone parent family: Total,33,22,11
S01008200,Lone parent family: Parent working,18,11,7
S01008200,Lone parent family: Parent not working,15,11,4
S01008201,All parents aged 16 and over with dependent children,150,66,84
S01008201,Couple family: Total,106,36,70
S01008201,Couple family: Both parents working,62,20,42
S01008201,Couple family: One parent working,36,12,24
S01008201,Couple family: No parents working,8,4,4
S01008201,Lone parent family: Total,44,30,14
S01008201,Lone parent family: Parent working,18,11,7
S01008201,Lone parent family: Parent not working,26,19,7
S01008202,All parents aged 16 and over with dependent children,108,60,48
S01008202,Couple family: Total,88,48,40
S01008202,Couple family: Both parents working,74,38,36
S01008202,Couple family: One parent working,12,8,4
S01008202,Couple family: No parents working,2,2,0
S01008202,Lone parent family: Total,20,12,8
S01008202,Lone parent family: Parent working,10,4,6
S01008202,Lone parent family: Parent not working,10,8,2
S01008203,All parents aged 16 and over with dependent children,100,66,34
S01008203,Couple family: Total,62,38,24
S01008203,Couple family: Both parents working,20,14,6
S01008203,Couple family: One parent working,30,16,14
S01008203,Couple family: No parents working,12,8,4
S01008203,Lone parent family: Total,38,28,10
S01008203,Lone parent family: Parent working,22,15,7
S01008203,Lone parent family: Parent not working,16,13,3
S01008204,All parents aged 16 and over with dependent children,123,63,60
S01008204,Couple family: Total,102,46,56
S01008204,Couple family: Both parents working,72,36,36
S01008204,Couple family: One parent working,26,8,18
S01008204,Couple family: No parents working,4,2,2
S01008204,Lone parent family: Total,21,17,4
S01008204,Lone parent family: Parent working,12,9,3
S01008204,Lone parent family: Parent not working,9,8,1
S01008205,All parents aged 16 and over with dependent children,141,75,66
S01008205,Couple family: Total,114,58,56
S01008205,Couple family: Both parents working,86,40,46
S01008205,Couple family: One parent working,22,14,8
S01008205,Couple family: No parents working,6,4,2
S01008205,Lone parent family: Total,27,17,10
S01008205,Lone parent family: Parent working,18,14,4
S01008205,Lone parent family: Parent not working,9,3,6
S01008206,All parents aged 16 and over with dependent children,119,48,71
S01008206,Couple family: Total,92,34,58
S01008206,Couple family: Both parents working,64,30,34
S01008206,Couple family: One parent working,18,2,16
S01008206,Couple family: No parents working,10,2,8
S01008206,Lone parent family: Total,27,14,13
S01008206,Lone parent family: Parent working,17,7,10
S01008206,Lone parent family: Parent not working,10,7,3
S01008207,All parents aged 16 and over with dependent children,158,60,98
S01008207,Couple family: Total,118,38,80
S01008207,Couple family: Both parents working,74,24,50
S01008207,Couple family: One parent working,36,10,26
S01008207,Couple family: No parents working,8,4,4
S01008207,Lone parent family: Total,40,22,18
S01008207,Lone parent family: Parent working,23,16,7
S01008207,Lone parent family: Parent not working,17,6,11
S01008208,All parents aged 16 and over with dependent children,208,128,80
S01008208,Couple family: Total,174,104,70
S01008208,Couple family: Both parents working,122,78,44
S01008208,Couple family: One parent working,44,24,20
S01008208,Couple family: No parents working,8,2,6
S01008208,Lone parent family: Total,34,24,10
S01008208,Lone parent family: Parent working,21,16,5
S01008208,Lone parent family: Parent not working,13,8,5
S01008209,All parents aged 16 and over with dependent children,186,93,93
S01008209,Couple family: Total,166,80,86
S01008209,Couple family: Both parents working,138,68,70
S01008209,Couple family: One parent working,28,12,16
S01008209,Couple family: No parents working,0,0,0
S01008209,Lone parent family: Total,20,13,7
S01008209,Lone parent family: Parent working,19,13,6
S01008209,Lone parent family: Parent not working,1,0,1
S01008210,All parents aged 16 and over with dependent children,195,89,106
S01008210,Couple family: Total,155,56,99
S01008210,Couple family: Both parents working,124,44,80
S01008210,Couple family: One parent working,27,12,15
S01008210,Couple family: No parents working,4,0,4
S01008210,Lone parent family: Total,40,33,7
S01008210,Lone parent family: Parent working,23,18,5
S01008210,Lone parent family: Parent not working,17,15,2
S01008211,All parents aged 16 and over with dependent children,169,91,78
S01008211,Couple family: Total,134,68,66
S01008211,Couple family: Both parents working,100,54,46
S01008211,Couple family: One parent working,30,14,16
S01008211,Couple family: No parents working,4,0,4
S01008211,Lone parent family: Total,35,23,12
S01008211,Lone parent family: Parent working,14,9,5
S01008211,Lone parent family: Parent not working,21,14,7
S01008212,All parents aged 16 and over with dependent children,157,60,97
S01008212,Couple family: Total,142,52,90
S01008212,Couple family: Both parents working,116,46,70
S01008212,Couple family: One parent working,22,6,16
S01008212,Couple family: No parents working,4,0,4
S01008212,Lone parent family: Total,15,8,7
S01008212,Lone parent family: Parent working,12,6,6
S01008212,Lone parent family: Parent not working,3,2,1
S01008213,All parents aged 16 and over with dependent children,300,113,187
S01008213,Couple family: Total,272,98,174
S01008213,Couple family: Both parents working,210,78,132
S01008213,Couple family: One parent working,56,16,40
S01008213,Couple family: No parents working,6,4,2
S01008213,Lone parent family: Total,28,15,13
S01008213,Lone parent family: Parent working,20,10,10
S01008213,Lone parent family: Parent not working,8,5,3
S01008214,All parents aged 16 and over with dependent children,125,76,49
S01008214,Couple family: Total,102,58,44
S01008214,Couple family: Both parents working,80,44,36
S01008214,Couple family: One parent working,20,14,6
S01008214,Couple family: No parents working,2,0,2
S01008214,Lone parent family: Total,23,18,5
S01008214,Lone parent family: Parent working,16,13,3
S01008214,Lone parent family: Parent not working,7,5,2
S01008215,All parents aged 16 and over with dependent children,154,76,78
S01008215,Couple family: Total,142,68,74
S01008215,Couple family: Both parents working,106,56,50
S01008215,Couple family: One parent working,24,8,16
S01008215,Couple family: No parents working,12,4,8
S01008215,Lone parent family: Total,12,8,4
S01008215,Lone parent family: Parent working,10,7,3
S01008215,Lone parent family: Parent not working,2,1,1
S01008216,All parents aged 16 and over with dependent children,123,55,68
S01008216,Couple family: Total,108,44,64
S01008216,Couple family: Both parents working,88,38,50
S01008216,Couple family: One parent working,14,4,10
S01008216,Couple family: No parents working,6,2,4
S01008216,Lone parent family: Total,15,11,4
S01008216,Lone parent family: Parent working,12,9,3
S01008216,Lone parent family: Parent not working,3,2,1
S01008217,All parents aged 16 and over with dependent children,127,51,76
S01008217,Couple family: Total,122,48,74
S01008217,Couple family: Both parents working,102,42,60
S01008217,Couple family: One parent working,20,6,14
S01008217,Couple family: No parents working,0,0,0
S01008217,Lone parent family: Total,5,3,2
S01008217,Lone parent family: Parent working,5,3,2
S01008217,Lone parent family: Parent not working,0,0,0
S01008218,All parents aged 16 and over with dependent children,332,150,182
S01008218,Couple family: Total,312,136,176
S01008218,Couple family: Both parents working,262,116,146
S01008218,Couple family: One parent working,46,18,28
S01008218,Couple family: No parents working,4,2,2
S01008218,Lone parent family: Total,20,14,6
S01008218,Lone parent family: Parent working,18,12,6
S01008218,Lone parent family: Parent not working,2,2,0
S01008219,All parents aged 16 and over with dependent children,205,125,80
S01008219,Couple family: Total,172,102,70
S01008219,Couple family: Both parents working,132,76,56
S01008219,Couple family: One parent working,32,20,12
S01008219,Couple family: No parents working,8,6,2
S01008219,Lone parent family: Total,33,23,10
S01008219,Lone parent family: Parent working,18,12,6
S01008219,Lone parent family: Parent not working,15,11,4
S01008220,All parents aged 16 and over with dependent children,153,54,99
S01008220,Couple family: Total,108,32,76
S01008220,Couple family: Both parents working,60,22,38
S01008220,Couple family: One parent working,38,6,32
S01008220,Couple family: No parents working,10,4,6
S01008220,Lone parent family: Total,45,22,23
S01008220,Lone parent family: Parent working,24,14,10
S01008220,Lone parent family: Parent not working,21,8,13
S01008221,All parents aged 16 and over with dependent children,173,79,94
S01008221,Couple family: Total,124,46,78
S01008221,Couple family: Both parents working,62,28,34
S01008221,Couple family: One parent working,46,12,34
S01008221,Couple family: No parents working,16,6,10
S01008221,Lone parent family: Total,49,33,16
S01008221,Lone parent family: Parent working,15,12,3
S01008221,Lone parent family: Parent not working,34,21,13
S01008222,All parents aged 16 and over with dependent children,138,59,79
S01008222,Couple family: Total,112,42,70
S01008222,Couple family: Both parents working,80,32,48
S01008222,Couple family: One parent working,24,4,20
S01008222,Couple family: No parents working,8,6,2
S01008222,Lone parent family: Total,26,17,9
S01008222,Lone parent family: Parent working,17,13,4
S01008222,Lone parent family: Parent not working,9,4,5
S01008223,All parents aged 16 and over with dependent children,108,57,51
S01008223,Couple family: Total,92,46,46
S01008223,Couple family: Both parents working,70,34,36
S01008223,Couple family: One parent working,16,8,8
S01008223,Couple family: No parents working,6,4,2
S01008223,Lone parent family: Total,16,11,5
S01008223,Lone parent family: Parent working,6,5,1
S01008223,Lone parent family: Parent not working,10,6,4
S01008224,All parents aged 16 and over with dependent children,174,98,76
S01008224,Couple family: Total,160,86,74
S01008224,Couple family: Both parents working,140,76,64
S01008224,Couple family: One parent working,18,8,10
S01008224,Couple family: No parents working,2,2,0
S01008224,Lone parent family: Total,14,12,2
S01008224,Lone parent family: Parent working,10,10,0
S01008224,Lone parent family: Parent not working,4,2,2
S01008225,All parents aged 16 and over with dependent children,154,73,81
S01008225,Couple family: Total,136,64,72
S01008225,Couple family: Both parents working,110,52,58
S01008225,Couple family: One parent working,24,10,14
S01008225,Couple family: No parents working,2,2,0
S01008225,Lone parent family: Total,18,9,9
S01008225,Lone parent family: Parent working,14,8,6
S01008225,Lone parent family: Parent not working,4,1,3
S01008226,All parents aged 16 and over with dependent children,128,63,65
S01008226,Couple family: Total,100,40,60
S01008226,Couple family: Both parents working,62,30,32
S01008226,Couple family: One parent working,34,10,24
S01008226,Couple family: No parents working,4,0,4
S01008226,Lone parent family: Total,28,23,5
S01008226,Lone parent family: Parent working,17,14,3
S01008226,Lone parent family: Parent not working,11,9,2
S01008227,All parents aged 16 and over with dependent children,150,72,78
S01008227,Couple family: Total,116,46,70
S01008227,Couple family: Both parents working,92,40,52
S01008227,Couple family: One parent working,22,6,16
S01008227,Couple family: No parents working,2,0,2
S01008227,Lone parent family: Total,34,26,8
S01008227,Lone parent family: Parent working,24,19,5
S01008227,Lone parent family: Parent not working,10,7,3
S01008228,All parents aged 16 and over with dependent children,132,65,67
S01008228,Couple family: Total,120,56,64
S01008228,Couple family: Both parents working,90,52,38
S01008228,Couple family: One parent working,24,2,22
S01008228,Couple family: No parents working,6,2,4
S01008228,Lone parent family: Total,12,9,3
S01008228,Lone parent family: Parent working,8,8,0
S01008228,Lone parent family: Parent not working,4,1,3
S01008229,All parents aged 16 and over with dependent children,155,86,69
S01008229,Couple family: Total,118,60,58
S01008229,Couple family: Both parents working,90,52,38
S01008229,Couple family: One parent working,24,8,16
S01008229,Couple family: No parents working,4,0,4
S01008229,Lone parent family: Total,37,26,11
S01008229,Lone parent family: Parent working,27,17,10
S01008229,Lone parent family: Parent not working,10,9,1
S01008230,All parents aged 16 and over with dependent children,250,121,129
S01008230,Couple family: Total,234,112,122
S01008230,Couple family: Both parents working,178,84,94
S01008230,Couple family: One parent working,48,22,26
S01008230,Couple family: No parents working,8,6,2
S01008230,Lone parent family: Total,16,9,7
S01008230,Lone parent family: Parent working,14,9,5
S01008230,Lone parent family: Parent not working,2,0,2
S01008231,All parents aged 16 and over with dependent children,310,121,189
S01008231,Couple family: Total,302,116,186
S01008231,Couple family: Both parents working,262,100,162
S01008231,Couple family: One parent working,38,14,24
S01008231,Couple family: No parents working,2,2,0
S01008231,Lone parent family: Total,8,5,3
S01008231,Lone parent family: Parent working,4,3,1
S01008231,Lone parent family: Parent not working,4,2,2
S01008232,All parents aged 16 and over with dependent children,232,106,126
S01008232,Couple family: Total,198,82,116
S01008232,Couple family: Both parents working,150,64,86
S01008232,Couple family: One parent working,34,12,22
S01008232,Couple family: No parents working,14,6,8
S01008232,Lone parent family: Total,34,24,10
S01008232,Lone parent family: Parent working,24,16,8
S01008232,Lone parent family: Parent not working,10,8,2
S01008233,All parents aged 16 and over with dependent children,144,69,75
S01008233,Couple family: Total,130,60,70
S01008233,Couple family: Both parents working,110,54,56
S01008233,Couple family: One parent working,18,6,12
S01008233,Couple family: No parents working,2,0,2
S01008233,Lone parent family: Total,14,9,5
S01008233,Lone parent family: Parent working,8,6,2
S01008233,Lone parent family: Parent not working,6,3,3
S01008234,All parents aged 16 and over with dependent children,54,24,30
S01008234,Couple family: Total,40,14,26
S01008234,Couple family: Both parents working,30,10,20
S01008234,Couple family: One parent working,8,4,4
S01008234,Couple family: No parents working,2,0,2
S01008234,Lone parent family: Total,14,10,4
S01008234,Lone parent family: Parent working,8,6,2
S01008234,Lone parent family: Parent not working,6,4,2
S01008235,All parents aged 16 and over with dependent children,164,79,85
S01008235,Couple family: Total,134,58,76
S01008235,Couple family: Both parents working,96,42,54
S01008235,Couple family: One parent working,28,12,16
S01008235,Couple family: No parents working,10,4,6
S01008235,Lone parent family: Total,30,21,9
S01008235,Lone parent family: Parent working,20,16,4
S01008235,Lone parent family: Parent not working,10,5,5
S01008236,All parents aged 16 and over with dependent children,178,72,106
S01008236,Couple family: Total,148,52,96
S01008236,Couple family: Both parents working,110,38,72
S01008236,Couple family: One parent working,34,12,22
S01008236,Couple family: No parents working,4,2,2
S01008236,Lone parent family: Total,30,20,10
S01008236,Lone parent family: Parent working,20,16,4
S01008236,Lone parent family: Parent not working,10,4,6
S01008237,All parents aged 16 and over with dependent children,194,92,102
S01008237,Couple family: Total,158,70,88
S01008237,Couple family: Both parents working,122,50,72
S01008237,Couple family: One parent working,30,16,14
S01008237,Couple family: No parents working,6,4,2
S01008237,Lone parent family: Total,36,22,14
S01008237,Lone parent family: Parent working,23,15,8
S01008237,Lone parent family: Parent not working,13,7,6
S01008238,All parents aged 16 and over with dependent children,147,67,80
S01008238,Couple family: Total,126,56,70
S01008238,Couple family: Both parents working,92,44,48
S01008238,Couple family: One parent working,22,8,14
S01008238,Couple family: No parents working,12,4,8
S01008238,Lone parent family: Total,21,11,10
S01008238,Lone parent family: Parent working,10,5,5
S01008238,Lone parent family: Parent not working,11,6,5
S01008239,All parents aged 16 and over with dependent children,155,62,93
S01008239,Couple family: Total,132,46,86
S01008239,Couple family: Both parents working,114,44,70
S01008239,Couple family: One parent working,16,0,16
S01008239,Couple family: No parents working,2,2,0
S01008239,Lone parent family: Total,23,16,7
S01008239,Lone parent family: Parent working,14,9,5
S01008239,Lone parent family: Parent not working,9,7,2
S01008240,All parents aged 16 and over with dependent children,187,73,114
S01008240,Couple family: Total,184,70,114
S01008240,Couple family: Both parents working,120,56,64
S01008240,Couple family: One parent working,62,14,48
S01008240,Couple family: No parents working,2,0,2
S01008240,Lone parent family: Total,3,3,0
S01008240,Lone parent family: Parent working,3,3,0
S01008240,Lone parent family: Parent not working,0,0,0
S01008241,All parents aged 16 and over with dependent children,114,46,68
S01008241,Couple family: Total,106,40,66
S01008241,Couple family: Both parents working,78,30,48
S01008241,Couple family: One parent working,26,10,16
S01008241,Couple family: No parents working,2,0,2
S01008241,Lone parent family: Total,8,6,2
S01008241,Lone parent family: Parent working,8,6,2
S01008241,Lone parent family: Parent not working,0,0,0
S01008242,All parents aged 16 and over with dependent children,148,77,71
S01008242,Couple family: Total,138,70,68
S01008242,Couple family: Both parents working,106,52,54
S01008242,Couple family: One parent working,26,14,12
S01008242,Couple family: No parents working,6,4,2
S01008242,Lone parent family: Total,10,7,3
S01008242,Lone parent family: Parent working,8,6,2
S01008242,Lone parent family: Parent not working,2,1,1
S01008243,All parents aged 16 and over with dependent children,270,106,164
S01008243,Couple family: Total,250,94,156
S01008243,Couple family: Both parents working,188,78,110
S01008243,Couple family: One parent working,62,16,46
S01008243,Couple family: No parents working,0,0,0
S01008243,Lone parent family: Total,20,12,8
S01008243,Lone parent family: Parent working,18,12,6
S01008243,Lone parent family: Parent not working,2,0,2
S01008244,All parents aged 16 and over with dependent children,116,31,85
S01008244,Couple family: Total,106,26,80
S01008244,Couple family: Both parents working,74,22,52
S01008244,Couple family: One parent working,32,4,28
S01008244,Couple family: No parents working,0,0,0
S01008244,Lone parent family: Total,10,5,5
S01008244,Lone parent family: Parent working,10,5,5
S01008244,Lone parent family: Parent not working,0,0,0
S01008245,All parents aged 16 and over with dependent children,235,78,157
S01008245,Couple family: Total,218,70,148
S01008245,Couple family: Both parents working,174,54,120
S01008245,Couple family: One parent working,38,12,26
S01008245,Couple family: No parents working,6,4,2
S01008245,Lone parent family: Total,17,8,9
S01008245,Lone parent family: Parent working,14,7,7
S01008245,Lone parent family: Parent not working,3,1,2
S01008246,All parents aged 16 and over with dependent children,228,84,144
S01008246,Couple family: Total,212,74,138
S01008246,Couple family: Both parents working,182,70,112
S01008246,Couple family: One parent working,28,2,26
S01008246,Couple family: No parents working,2,2,0
S01008246,Lone parent family: Total,16,10,6
S01008246,Lone parent family: Parent working,10,5,5
S01008246,Lone parent family: Parent not working,6,5,1
S01008247,All parents aged 16 and over with dependent children,180,82,98
S01008247,Couple family: Total,164,72,92
S01008247,Couple family: Both parents working,126,56,70
S01008247,Couple family: One parent working,36,14,22
S01008247,Couple family: No parents working,2,2,0
S01008247,Lone parent family: Total,16,10,6
S01008247,Lone parent family: Parent working,12,9,3
S01008247,Lone parent family: Parent not working,4,1,3
S01008248,All parents aged 16 and over with dependent children,204,71,133
S01008248,Couple family: Total,176,58,118
S01008248,Couple family: Both parents working,112,36,76
S01008248,Couple family: One parent working,62,20,42
S01008248,Couple family: No parents working,2,2,0
S01008248,Lone parent family: Total,28,13,15
S01008248,Lone parent family: Parent working,20,11,9
S01008248,Lone parent family: Parent not working,8,2,6
S01008249,All parents aged 16 and over with dependent children,179,57,122
S01008249,Couple family: Total,166,52,114
S01008249,Couple family: Both parents working,114,42,72
S01008249,Couple family: One parent working,50,10,40
S01008249,Couple family: No parents working,2,0,2
S01008249,Lone parent family: Total,13,5,8
S01008249,Lone parent family: Parent working,8,3,5
S01008249,Lone parent family: Parent not working,5,2,3
S01008250,All parents aged 16 and over with dependent children,212,73,139
S01008250,Couple family: Total,190,60,130
S01008250,Couple family: Both parents working,144,42,102
S01008250,Couple family: One parent working,46,18,28
S01008250,Couple family: No parents working,0,0,0
S01008250,Lone parent family: Total,22,13,9
S01008250,Lone parent family: Parent working,15,9,6
S01008250,Lone parent family: Parent not working,7,4,3
S01008251,All parents aged 16 and over with dependent children,262,85,177
S01008251,Couple family: Total,252,78,174
S01008251,Couple family: Both parents working,204,68,136
S01008251,Couple family: One parent working,48,10,38
S01008251,Couple family: No parents working,0,0,0
S01008251,Lone parent family: Total,10,7,3
S01008251,Lone parent family: Parent working,9,6,3
S01008251,Lone parent family: Parent not working,1,1,0
S01008252,All parents aged 16 and over with dependent children,187,66,121
S01008252,Couple family: Total,176,58,118
S01008252,Couple family: Both parents working,156,52,104
S01008252,Couple family: One parent working,20,6,14
S01008252,Couple family: No parents working,0,0,0
S01008252,Lone parent family: Total,11,8,3
S01008252,Lone parent family: Parent working,6,5,1
S01008252,Lone parent family: Parent not working,5,3,2
S01008253,All parents aged 16 and over with dependent children,138,60,78
S01008253,Couple family: Total,128,50,78
S01008253,Couple family: Both parents working,96,42,54
S01008253,Couple family: One parent working,26,8,18
S01008253,Couple family: No parents working,6,0,6
S01008253,Lone parent family: Total,10,10,0
S01008253,Lone parent family: Parent working,6,6,0
S01008253,Lone parent family: Parent not working,4,4,0
S01008254,All parents aged 16 and over with dependent children,211,89,122
S01008254,Couple family: Total,178,70,108
S01008254,Couple family: Both parents working,140,56,84
S01008254,Couple family: One parent working,30,10,20
S01008254,Couple family: No parents working,8,4,4
S01008254,Lone parent family: Total,33,19,14
S01008254,Lone parent family: Parent working,21,14,7
S01008254,Lone parent family: Parent not working,12,5,7
S01008255,All parents aged 16 and over with dependent children,174,67,107
S01008255,Couple family: Total,146,54,92
S01008255,Couple family: Both parents working,110,46,64
S01008255,Couple family: One parent working,32,6,26
S01008255,Couple family: No parents working,4,2,2
S01008255,Lone parent family: Total,28,13,15
S01008255,Lone parent family: Parent working,22,11,11
S01008255,Lone parent family: Parent not working,6,2,4
S01008256,All parents aged 16 and over with dependent children,190,99,91
S01008256,Couple family: Total,146,70,76
S01008256,Couple family: Both parents working,94,50,44
S01008256,Couple family: One parent working,48,18,30
S01008256,Couple family: No parents working,4,2,2
S01008256,Lone parent family: Total,44,29,15
S01008256,Lone parent family: Parent working,22,16,6
S01008256,Lone parent family: Parent not working,22,13,9
S01008257,All parents aged 16 and over with dependent children,102,49,53
S01008257,Couple family: Total,86,40,46
S01008257,Couple family: Both parents working,68,26,42
S01008257,Couple family: One parent working,14,10,4
S01008257,Couple family: No parents working,4,4,0
S01008257,Lone parent family: Total,16,9,7
S01008257,Lone parent family: Parent working,9,6,3
S01008257,Lone parent family: Parent not working,7,3,4
S01008258,All parents aged 16 and over with dependent children,127,60,67
S01008258,Couple family: Total,114,50,64
S01008258,Couple family: Both parents working,94,42,52
S01008258,Couple family: One parent working,18,8,10
S01008258,Couple family: No parents working,2,0,2
S01008258,Lone parent family: Total,13,10,3
S01008258,Lone parent family: Parent working,8,7,1
S01008258,Lone parent family: Parent not working,5,3,2
S01008259,All parents aged 16 and over with dependent children,163,73,90
S01008259,Couple family: Total,146,60,86
S01008259,Couple family: Both parents working,106,38,68
S01008259,Couple family: One parent working,34,18,16
S01008259,Couple family: No parents working,6,4,2
S01008259,Lone parent family: Total,17,13,4
S01008259,Lone parent family: Parent working,11,9,2
S01008259,Lone parent family: Parent not working,6,4,2
S01008260,All parents aged 16 and over with dependent children,169,111,58
S01008260,Couple family: Total,130,82,48
S01008260,Couple family: Both parents working,80,54,26
S01008260,Couple family: One parent working,44,26,18
S01008260,Couple family: No parents working,6,2,4
S01008260,Lone parent family: Total,39,29,10
S01008260,Lone parent family: Parent working,24,21,3
S01008260,Lone parent family: Parent not working,15,8,7
S01008261,All parents aged 16 and over with dependent children,203,82,121
S01008261,Couple family: Total,164,60,104
S01008261,Couple family: Both parents working,98,38,60
S01008261,Couple family: One parent working,54,16,38
S01008261,Couple family: No parents working,12,6,6
S01008261,Lone parent family: Total,39,22,17
S01008261,Lone parent family: Parent working,27,14,13
S01008261,Lone parent family: Parent not working,12,8,4
S01008262,All parents aged 16 and over with dependent children,139,67,72
S01008262,Couple family: Total,132,62,70
S01008262,Couple family: Both parents working,108,50,58
S01008262,Couple family: One parent working,22,12,10
S01008262,Couple family: No parents working,2,0,2
S01008262,Lone parent family: Total,7,5,2
S01008262,Lone parent family: Parent working,7,5,2
S01008262,Lone parent family: Parent not working,0,0,0
S01008263,All parents aged 16 and over with dependent children,93,37,56
S01008263,Couple family: Total,82,32,50
S01008263,Couple family: Both parents working,62,26,36
S01008263,Couple family: One parent working,20,6,14
S01008263,Couple family: No parents working,0,0,0
S01008263,Lone parent family: Total,11,5,6
S01008263,Lone parent family: Parent working,8,4,4
S01008263,Lone parent family: Parent not working,3,1,2
S01008264,All parents aged 16 and over with dependent children,200,80,120
S01008264,Couple family: Total,180,72,108
S01008264,Couple family: Both parents working,142,58,84
S01008264,Couple family: One parent working,36,12,24
S01008264,Couple family: No parents working,2,2,0
S01008264,Lone parent family: Total,20,8,12
S01008264,Lone parent family: Parent working,12,5,7
S01008264,Lone parent family: Parent not working,8,3,5
S01008265,All parents aged 16 and over with dependent children,151,42,109
S01008265,Couple family: Total,142,38,104
S01008265,Couple family: Both parents working,100,24,76
S01008265,Couple family: One parent working,42,14,28
S01008265,Couple family: No parents working,0,0,0
S01008265,Lone parent family: Total,9,4,5
S01008265,Lone parent family: Parent working,9,4,5
S01008265,Lone parent family: Parent not working,0,0,0
S01008266,All parents aged 16 and over with dependent children,124,48,76
S01008266,Couple family: Total,118,46,72
S01008266,Couple family: Both parents working,94,40,54
S01008266,Couple family: One parent working,20,4,16
S01008266,Couple family: No parents working,4,2,2
S01008266,Lone parent family: Total,6,2,4
S01008266,Lone parent family: Parent working,4,2,2
S01008266,Lone parent family: Parent not working,2,0,2
S01008267,All parents aged 16 and over with dependent children,177,68,109
S01008267,Couple family: Total,162,56,106
S01008267,Couple family: Both parents working,106,36,70
S01008267,Couple family: One parent working,52,18,34
S01008267,Couple family: No parents working,4,2,2
S01008267,Lone parent family: Total,15,12,3
S01008267,Lone parent family: Parent working,9,7,2
S01008267,Lone parent family: Parent not working,6,5,1
S01008268,All parents aged 16 and over with dependent children,171,48,123
S01008268,Couple family: Total,164,44,120
S01008268,Couple family: Both parents working,110,34,76
S01008268,Couple family: One parent working,50,8,42
S01008268,Couple family: No parents working,4,2,2
S01008268,Lone parent family: Total,7,4,3
S01008268,Lone parent family: Parent working,5,2,3
S01008268,Lone parent family: Parent not working,2,2,0
S01008269,All parents aged 16 and over with dependent children,137,41,96
S01008269,Couple family: Total,130,40,90
S01008269,Couple family: Both parents working,94,36,58
S01008269,Couple family: One parent working,34,4,30
S01008269,Couple family: No parents working,2,0,2
S01008269,Lone parent family: Total,7,1,6
S01008269,Lone parent family: Parent working,7,1,6
S01008269,Lone parent family: Parent not working,0,0,0
S01008270,All parents aged 16 and over with dependent children,140,54,86
S01008270,Couple family: Total,128,48,80
S01008270,Couple family: Both parents working,92,34,58
S01008270,Couple family: One parent working,34,14,20
S01008270,Couple family: No parents working,2,0,2
S01008270,Lone parent family: Total,12,6,6
S01008270,Lone parent family: Parent working,6,2,4
S01008270,Lone parent family: Parent not working,6,4,2
S01008271,All parents aged 16 and over with dependent children,107,53,54
S01008271,Couple family: Total,80,34,46
S01008271,Couple family: Both parents working,52,26,26
S01008271,Couple family: One parent working,28,8,20
S01008271,Couple family: No parents working,0,0,0
S01008271,Lone parent family: Total,27,19,8
S01008271,Lone parent family: Parent working,17,14,3
S01008271,Lone parent family: Parent not working,10,5,5
S01008272,All parents aged 16 and over with dependent children,236,109,127
S01008272,Couple family: Total,204,90,114
S01008272,Couple family: Both parents working,144,68,76
S01008272,Couple family: One parent working,56,22,34
S01008272,Couple family: No parents working,4,0,4
S01008272,Lone parent family: Total,32,19,13
S01008272,Lone parent family: Parent working,23,14,9
S01008272,Lone parent family: Parent not working,9,5,4
S01008273,All parents aged 16 and over with dependent children,194,57,137
S01008273,Couple family: Total,176,48,128
S01008273,Couple family: Both parents working,120,38,82
S01008273,Couple family: One parent working,54,10,44
S01008273,Couple family: No parents working,2,0,2
S01008273,Lone parent family: Total,18,9,9
S01008273,Lone parent family: Parent working,16,9,7
S01008273,Lone parent family: Parent not working,2,0,2
S01008274,All parents aged 16 and over with dependent children,150,79,71
S01008274,Couple family: Total,122,62,60
S01008274,Couple family: Both parents working,84,46,38
S01008274,Couple family: One parent working,30,16,14
S01008274,Couple family: No parents working,8,0,8
S01008274,Lone parent family: Total,28,17,11
S01008274,Lone parent family: Parent working,15,8,7
S01008274,Lone parent family: Parent not working,13,9,4
S01008275,All parents aged 16 and over with dependent children,109,42,67
S01008275,Couple family: Total,96,38,58
S01008275,Couple family: Both parents working,62,24,38
S01008275,Couple family: One parent working,30,10,20
S01008275,Couple family: No parents working,4,4,0
S01008275,Lone parent family: Total,13,4,9
S01008275,Lone parent family: Parent working,8,3,5
S01008275,Lone parent family: Parent not working,5,1,4
S01008276,All parents aged 16 and over with dependent children,152,58,94
S01008276,Couple family: Total,142,54,88
S01008276,Couple family: Both parents working,114,50,64
S01008276,Couple family: One parent working,26,4,22
S01008276,Couple family: No parents working,2,0,2
S01008276,Lone parent family: Total,10,4,6
S01008276,Lone parent family: Parent working,9,4,5
S01008276,Lone parent family: Parent not working,1,0,1
S01008277,All parents aged 16 and over with dependent children,118,58,60
S01008277,Couple family: Total,108,54,54
S01008277,Couple family: Both parents working,72,34,38
S01008277,Couple family: One parent working,34,18,16
S01008277,Couple family: No parents working,2,2,0
S01008277,Lone parent family: Total,10,4,6
S01008277,Lone parent family: Parent working,3,2,1
S01008277,Lone parent family: Parent not working,7,2,5
S01008278,All parents aged 16 and over with dependent children,177,73,104
S01008278,Couple family: Total,168,68,100
S01008278,Couple family: Both parents working,116,50,66
S01008278,Couple family: One parent working,50,18,32
S01008278,Couple family: No parents working,2,0,2
S01008278,Lone parent family: Total,9,5,4
S01008278,Lone parent family: Parent working,7,5,2
S01008278,Lone parent family: Parent not working,2,0,2
S01008279,All parents aged 16 and over with dependent children,148,62,86
S01008279,Couple family: Total,132,56,76
S01008279,Couple family: Both parents working,100,40,60
S01008279,Couple family: One parent working,24,12,12
S01008279,Couple family: No parents working,8,4,4
S01008279,Lone parent family: Total,16,6,10
S01008279,Lone parent family: Parent working,12,4,8
S01008279,Lone parent family: Parent not working,4,2,2
S01008280,All parents aged 16 and over with dependent children,189,74,115
S01008280,Couple family: Total,176,64,112
S01008280,Couple family: Both parents working,138,52,86
S01008280,Couple family: One parent working,34,10,24
S01008280,Couple family: No parents working,4,2,2
S01008280,Lone parent family: Total,13,10,3
S01008280,Lone parent family: Parent working,10,8,2
S01008280,Lone parent family: Parent not working,3,2,1
S01008281,All parents aged 16 and over with dependent children,142,46,96
S01008281,Couple family: Total,122,36,86
S01008281,Couple family: Both parents working,96,30,66
S01008281,Couple family: One parent working,22,6,16
S01008281,Couple family: No parents working,4,0,4
S01008281,Lone parent family: Total,20,10,10
S01008281,Lone parent family: Parent working,15,8,7
S01008281,Lone parent family: Parent not working,5,2,3
S01008282,All parents aged 16 and over with dependent children,139,60,79
S01008282,Couple family: Total,128,56,72
S01008282,Couple family: Both parents working,90,44,46
S01008282,Couple family: One parent working,34,10,24
S01008282,Couple family: No parents working,4,2,2
S01008282,Lone parent family: Total,11,4,7
S01008282,Lone parent family: Parent working,8,4,4
S01008282,Lone parent family: Parent not working,3,0,3
S01008283,All parents aged 16 and over with dependent children,129,41,88
S01008283,Couple family: Total,122,36,86
S01008283,Couple family: Both parents working,98,28,70
S01008283,Couple family: One parent working,20,6,14
S01008283,Couple family: No parents working,4,2,2
S01008283,Lone parent family: Total,7,5,2
S01008283,Lone parent family: Parent working,4,2,2
S01008283,Lone parent family: Parent not working,3,3,0
S01008284,All parents aged 16 and over with dependent children,251,93,158
S01008284,Couple family: Total,230,82,148
S01008284,Couple family: Both parents working,182,68,114
S01008284,Couple family: One parent working,40,12,28
S01008284,Couple family: No parents working,8,2,6
S01008284,Lone parent family: Total,21,11,10
S01008284,Lone parent family: Parent working,13,8,5
S01008284,Lone parent family: Parent not working,8,3,5
S01008285,All parents aged 16 and over with dependent children,147,66,81
S01008285,Couple family: Total,120,46,74
S01008285,Couple family: Both parents working,78,24,54
S01008285,Couple family: One parent working,34,20,14
S01008285,Couple family: No parents working,8,2,6
S01008285,Lone parent family: Total,27,20,7
S01008285,Lone parent family: Parent working,13,10,3
S01008285,Lone parent family: Parent not working,14,10,4
S01008286,All parents aged 16 and over with dependent children,160,91,69
S01008286,Couple family: Total,140,78,62
S01008286,Couple family: Both parents working,106,58,48
S01008286,Couple family: One parent working,30,18,12
S01008286,Couple family: No parents working,4,2,2
S01008286,Lone parent family: Total,20,13,7
S01008286,Lone parent family: Parent working,10,8,2
S01008286,Lone parent family: Parent not working,10,5,5
S01008287,All parents aged 16 and over with dependent children,148,55,93
S01008287,Couple family: Total,128,42,86
S01008287,Couple family: Both parents working,86,28,58
S01008287,Couple family: One parent working,38,10,28
S01008287,Couple family: No parents working,4,4,0
S01008287,Lone parent family: Total,20,13,7
S01008287,Lone parent family: Parent working,12,9,3
S01008287,Lone parent family: Parent not working,8,4,4
S01008288,All parents aged 16 and over with dependent children,176,77,99
S01008288,Couple family: Total,152,60,92
S01008288,Couple family: Both parents working,114,44,70
S01008288,Couple family: One parent working,30,12,18
S01008288,Couple family: No parents working,8,4,4
S01008288,Lone parent family: Total,24,17,7
S01008288,Lone parent family: Parent working,12,7,5
S01008288,Lone parent family: Parent not working,12,10,2
S01008289,All parents aged 16 and over with dependent children,98,61,37
S01008289,Couple family: Total,72,46,26
S01008289,Couple family: Both parents working,56,40,16
S01008289,Couple family: One parent working,14,6,8
S01008289,Couple family: No parents working,2,0,2
S01008289,Lone parent family: Total,26,15,11
S01008289,Lone parent family: Parent working,16,8,8
S01008289,Lone parent family: Parent not working,10,7,3
S01008290,All parents aged 16 and over with dependent children,210,79,131
S01008290,Couple family: Total,184,62,122
S01008290,Couple family: Both parents working,138,46,92
S01008290,Couple family: One parent working,36,12,24
S01008290,Couple family: No parents working,10,4,6
S01008290,Lone parent family: Total,26,17,9
S01008290,Lone parent family: Parent working,14,11,3
S01008290,Lone parent family: Parent not working,12,6,6
S01008291,All parents aged 16 and over with dependent children,91,46,45
S01008291,Couple family: Total,82,44,38
S01008291,Couple family: Both parents working,66,36,30
S01008291,Couple family: One parent working,16,8,8
S01008291,Couple family: No parents working,0,0,0
S01008291,Lone parent family: Total,9,2,7
S01008291,Lone parent family: Parent working,6,1,5
S01008291,Lone parent family: Parent not working,3,1,2
S01008292,All parents aged 16 and over with dependent children,254,111,143
S01008292,Couple family: Total,204,88,116
S01008292,Couple family: Both parents working,148,62,86
S01008292,Couple family: One parent working,44,22,22
S01008292,Couple family: No parents working,12,4,8
S01008292,Lone parent family: Total,50,23,27
S01008292,Lone parent family: Parent working,37,18,19
S01008292,Lone parent family: Parent not working,13,5,8
S01008293,All parents aged 16 and over with dependent children,213,66,147
S01008293,Couple family: Total,208,62,146
S01008293,Couple family: Both parents working,170,54,116
S01008293,Couple family: One parent working,34,6,28
S01008293,Couple family: No parents working,4,2,2
S01008293,Lone parent family: Total,5,4,1
S01008293,Lone parent family: Parent working,3,2,1
S01008293,Lone parent family: Parent not working,2,2,0
S01008294,All parents aged 16 and over with dependent children,264,80,184
S01008294,Couple family: Total,248,76,172
S01008294,Couple family: Both parents working,196,60,136
S01008294,Couple family: One parent working,50,16,34
S01008294,Couple family: No parents working,2,0,2
S01008294,Lone parent family: Total,16,4,12
S01008294,Lone parent family: Parent working,10,3,7
S01008294,Lone parent family: Parent not working,6,1,5
S01008295,All parents aged 16 and over with dependent children,207,102,105
S01008295,Couple family: Total,176,84,92
S01008295,Couple family: Both parents working,140,70,70
S01008295,Couple family: One parent working,32,10,22
S01008295,Couple family: No parents working,4,4,0
S01008295,Lone parent family: Total,31,18,13
S01008295,Lone parent family: Parent working,23,11,12
S01008295,Lone parent family: Parent not working,8,7,1
S01008296,All parents aged 16 and over with dependent children,133,59,74
S01008296,Couple family: Total,100,38,62
S01008296,Couple family: Both parents working,64,26,38
S01008296,Couple family: One parent working,30,10,20
S01008296,Couple family: No parents working,6,2,4
S01008296,Lone parent family: Total,33,21,12
S01008296,Lone parent family: Parent working,17,9,8
S01008296,Lone parent family: Parent not working,16,12,4
S01008297,All parents aged 16 and over with dependent children,221,94,127
S01008297,Couple family: Total,194,78,116
S01008297,Couple family: Both parents working,164,66,98
S01008297,Couple family: One parent working,28,12,16
S01008297,Couple family: No parents working,2,0,2
S01008297,Lone parent family: Total,27,16,11
S01008297,Lone parent family: Parent working,12,7,5
S01008297,Lone parent family: Parent not working,15,9,6
S01008298,All parents aged 16 and over with dependent children,181,77,104
S01008298,Couple family: Total,164,68,96
S01008298,Couple family: Both parents working,128,50,78
S01008298,Couple family: One parent working,28,12,16
S01008298,Couple family: No parents working,8,6,2
S01008298,Lone parent family: Total,17,9,8
S01008298,Lone parent family: Parent working,8,3,5
S01008298,Lone parent family: Parent not working,9,6,3
S01008299,All parents aged 16 and over with dependent children,144,47,97
S01008299,Couple family: Total,94,30,64
S01008299,Couple family: Both parents working,56,20,36
S01008299,Couple family: One parent working,22,2,20
S01008299,Couple family: No parents working,16,8,8
S01008299,Lone parent family: Total,50,17,33
S01008299,Lone parent family: Parent working,24,12,12
S01008299,Lone parent family: Parent not working,26,5,21
S01008300,All parents aged 16 and over with dependent children,174,78,96
S01008300,Couple family: Total,138,62,76
S01008300,Couple family: Both parents working,100,48,52
S01008300,Couple family: One parent working,26,8,18
S01008300,Couple family: No parents working,12,6,6
S01008300,Lone parent family: Total,36,16,20
S01008300,Lone parent family: Parent working,19,9,10
S01008300,Lone parent family: Parent not working,17,7,10
S01008301,All parents aged 16 and over with dependent children,201,96,105
S01008301,Couple family: Total,184,86,98
S01008301,Couple family: Both parents working,142,66,76
S01008301,Couple family: One parent working,38,16,22
S01008301,Couple family: No parents working,4,4,0
S01008301,Lone parent family: Total,17,10,7
S01008301,Lone parent family: Parent working,15,8,7
S01008301,Lone parent family: Parent not working,2,2,0
S01008302,All parents aged 16 and over with dependent children,158,59,99
S01008302,Couple family: Total,146,54,92
S01008302,Couple family: Both parents working,112,42,70
S01008302,Couple family: One parent working,34,12,22
S01008302,Couple family: No parents working,0,0,0
S01008302,Lone parent family: Total,12,5,7
S01008302,Lone parent family: Parent working,10,4,6
S01008302,Lone parent family: Parent not working,2,1,1
S01008303,All parents aged 16 and over with dependent children,115,62,53
S01008303,Couple family: Total,94,50,44
S01008303,Couple family: Both parents working,80,44,36
S01008303,Couple family: One parent working,14,6,8
S01008303,Couple family: No parents working,0,0,0
S01008303,Lone parent family: Total,21,12,9
S01008303,Lone parent family: Parent working,11,7,4
S01008303,Lone parent family: Parent not working,10,5,5
S01008304,All parents aged 16 and over with dependent children,74,30,44
S01008304,Couple family: Total,64,28,36
S01008304,Couple family: Both parents working,52,24,28
S01008304,Couple family: One parent working,8,4,4
S01008304,Couple family: No parents working,4,0,4
S01008304,Lone parent family: Total,10,2,8
S01008304,Lone parent family: Parent working,6,1,5
S01008304,Lone parent family: Parent not working,4,1,3
S01008305,All parents aged 16 and over with dependent children,153,69,84
S01008305,Couple family: Total,140,62,78
S01008305,Couple family: Both parents working,120,54,66
S01008305,Couple family: One parent working,18,6,12
S01008305,Couple family: No parents working,2,2,0
S01008305,Lone parent family: Total,13,7,6
S01008305,Lone parent family: Parent working,10,5,5
S01008305,Lone parent family: Parent not working,3,2,1
S01008306,All parents aged 16 and over with dependent children,126,74,52
S01008306,Couple family: Total,118,70,48
S01008306,Couple family: Both parents working,94,56,38
S01008306,Couple family: One parent working,20,12,8
S01008306,Couple family: No parents working,4,2,2
S01008306,Lone parent family: Total,8,4,4
S01008306,Lone parent family: Parent working,6,3,3
S01008306,Lone parent family: Parent not working,2,1,1
S01008307,All parents aged 16 and over with dependent children,176,68,108
S01008307,Couple family: Total,158,60,98
S01008307,Couple family: Both parents working,132,52,80
S01008307,Couple family: One parent working,26,8,18
S01008307,Couple family: No parents working,0,0,0
S01008307,Lone parent family: Total,18,8,10
S01008307,Lone parent family: Parent working,14,7,7
S01008307,Lone parent family: Parent not working,4,1,3
S01008308,All parents aged 16 and over with dependent children,99,56,43
S01008308,Couple family: Total,90,52,38
S01008308,Couple family: Both parents working,78,48,30
S01008308,Couple family: One parent working,10,4,6
S01008308,Couple family: No parents working,2,0,2
S01008308,Lone parent family: Total,9,4,5
S01008308,Lone parent family: Parent working,6,4,2
S01008308,Lone parent family: Parent not working,3,0,3
S01008309,All parents aged 16 and over with dependent children,135,71,64
S01008309,Couple family: Total,76,30,46
S01008309,Couple family: Both parents working,46,16,30
S01008309,Couple family: One parent working,26,12,14
S01008309,Couple family: No parents working,4,2,2
S01008309,Lone parent family: Total,59,41,18
S01008309,Lone parent family: Parent working,36,30,6
S01008309,Lone parent family: Parent not working,23,11,12
S01008310,All parents aged 16 and over with dependent children,181,90,91
S01008310,Couple family: Total,152,70,82
S01008310,Couple family: Both parents working,114,50,64
S01008310,Couple family: One parent working,26,16,10
S01008310,Couple family: No parents working,12,4,8
S01008310,Lone parent family: Total,29,20,9
S01008310,Lone parent family: Parent working,15,9,6
S01008310,Lone parent family: Parent not working,14,11,3
S01008311,All parents aged 16 and over with dependent children,99,59,40
S01008311,Couple family: Total,84,48,36
S01008311,Couple family: Both parents working,70,38,32
S01008311,Couple family: One parent working,14,10,4
S01008311,Couple family: No parents working,0,0,0
S01008311,Lone parent family: Total,15,11,4
S01008311,Lone parent family: Parent working,6,5,1
S01008311,Lone parent family: Parent not working,9,6,3
S01008312,All parents aged 16 and over with dependent children,103,52,51
S01008312,Couple family: Total,84,42,42
S01008312,Couple family: Both parents working,64,36,28
S01008312,Couple family: One parent working,16,4,12
S01008312,Couple family: No parents working,4,2,2
S01008312,Lone parent family: Total,19,10,9
S01008312,Lone parent family: Parent working,13,6,7
S01008312,Lone parent family: Parent not working,6,4,2
S01008313,All parents aged 16 and over with dependent children,135,72,63
S01008313,Couple family: Total,82,36,46
S01008313,Couple family: Both parents working,48,18,30
S01008313,Couple family: One parent working,28,16,12
S01008313,Couple family: No parents working,6,2,4
S01008313,Lone parent family: Total,53,36,17
S01008313,Lone parent family: Parent working,27,16,11
S01008313,Lone parent family: Parent not working,26,20,6
S01008314,All parents aged 16 and over with dependent children,105,65,40
S01008314,Couple family: Total,62,38,24
S01008314,Couple family: Both parents working,38,22,16
S01008314,Couple family: One parent working,16,14,2
S01008314,Couple family: No parents working,8,2,6
S01008314,Lone parent family: Total,43,27,16
S01008314,Lone parent family: Parent working,23,14,9
S01008314,Lone parent family: Parent not working,20,13,7
S01008315,All parents aged 16 and over with dependent children,127,74,53
S01008315,Couple family: Total,68,32,36
S01008315,Couple family: Both parents working,42,26,16
S01008315,Couple family: One parent working,24,6,18
S01008315,Couple family: No parents working,2,0,2
S01008315,Lone parent family: Total,59,42,17
S01008315,Lone parent family: Parent working,20,13,7
S01008315,Lone parent family: Parent not working,39,29,10
S01008316,All parents aged 16 and over with dependent children,157,81,76
S01008316,Couple family: Total,100,44,56
S01008316,Couple family: Both parents working,52,30,22
S01008316,Couple family: One parent working,26,8,18
S01008316,Couple family: No parents working,22,6,16
S01008316,Lone parent family: Total,57,37,20
S01008316,Lone parent family: Parent working,23,13,10
S01008316,Lone parent family: Parent not working,34,24,10
S01008317,All parents aged 16 and over with dependent children,199,101,98
S01008317,Couple family: Total,156,76,80
S01008317,Couple family: Both parents working,110,52,58
S01008317,Couple family: One parent working,34,16,18
S01008317,Couple family: No parents working,12,8,4
S01008317,Lone parent family: Total,43,25,18
S01008317,Lone parent family: Parent working,17,10,7
S01008317,Lone parent family: Parent not working,26,15,11
S01008318,All parents aged 16 and over with dependent children,205,80,125
S01008318,Couple family: Total,178,64,114
S01008318,Couple family: Both parents working,144,48,96
S01008318,Couple family: One parent working,26,12,14
S01008318,Couple family: No parents working,8,4,4
S01008318,Lone parent family: Total,27,16,11
S01008318,Lone parent family: Parent working,20,12,8
S01008318,Lone parent family: Parent not working,7,4,3
S01008319,All parents aged 16 and over with dependent children,136,72,64
S01008319,Couple family: Total,106,56,50
S01008319,Couple family: Both parents working,76,38,38
S01008319,Couple family: One parent working,24,18,6
S01008319,Couple family: No parents working,6,0,6
S01008319,Lone parent family: Total,30,16,14
S01008319,Lone parent family: Parent working,21,10,11
S01008319,Lone parent family: Parent not working,9,6,3
S01008320,All parents aged 16 and over with dependent children,79,44,35
S01008320,Couple family: Total,64,32,32
S01008320,Couple family: Both parents working,48,24,24
S01008320,Couple family: One parent working,12,4,8
S01008320,Couple family: No parents working,4,4,0
S01008320,Lone parent family: Total,15,12,3
S01008320,Lone parent family: Parent working,7,5,2
S01008320,Lone parent family: Parent not working,8,7,1
S01008321,All parents aged 16 and over with dependent children,140,53,87
S01008321,Couple family: Total,128,48,80
S01008321,Couple family: Both parents working,110,42,68
S01008321,Couple family: One parent working,14,6,8
S01008321,Couple family: No parents working,4,0,4
S01008321,Lone parent family: Total,12,5,7
S01008321,Lone parent family: Parent working,9,3,6
S01008321,Lone parent family: Parent not working,3,2,1
S01008322,All parents aged 16 and over with dependent children,216,94,122
S01008322,Couple family: Total,162,64,98
S01008322,Couple family: Both parents working,110,44,66
S01008322,Couple family: One parent working,48,18,30
S01008322,Couple family: No parents working,4,2,2
S01008322,Lone parent family: Total,54,30,24
S01008322,Lone parent family: Parent working,29,20,9
S01008322,Lone parent family: Parent not working,25,10,15
S01008323,All parents aged 16 and over with dependent children,155,64,91
S01008323,Couple family: Total,95,38,57
S01008323,Couple family: Both parents working,62,24,38
S01008323,Couple family: One parent working,22,10,12
S01008323,Couple family: No parents working,11,4,7
S01008323,Lone parent family: Total,60,26,34
S01008323,Lone parent family: Parent working,22,11,11
S01008323,Lone parent family: Parent not working,38,15,23
S01008324,All parents aged 16 and over with dependent children,141,63,78
S01008324,Couple family: Total,102,44,58
S01008324,Couple family: Both parents working,70,26,44
S01008324,Couple family: One parent working,24,12,12
S01008324,Couple family: No parents working,8,6,2
S01008324,Lone parent family: Total,39,19,20
S01008324,Lone parent family: Parent working,19,13,6
S01008324,Lone parent family: Parent not working,20,6,14
S01008325,All parents aged 16 and over with dependent children,202,98,104
S01008325,Couple family: Total,148,78,70
S01008325,Couple family: Both parents working,94,52,42
S01008325,Couple family: One parent working,38,22,16
S01008325,Couple family: No parents working,16,4,12
S01008325,Lone parent family: Total,54,20,34
S01008325,Lone parent family: Parent working,23,8,15
S01008325,Lone parent family: Parent not working,31,12,19
S01008326,All parents aged 16 and over with dependent children,224,121,103
S01008326,Couple family: Total,138,70,68
S01008326,Couple family: Both parents working,78,46,32
S01008326,Couple family: One parent working,52,20,32
S01008326,Couple family: No parents working,8,4,4
S01008326,Lone parent family: Total,86,51,35
S01008326,Lone parent family: Parent working,41,29,12
S01008326,Lone parent family: Parent not working,45,22,23
S01008327,All parents aged 16 and over with dependent children,156,71,85
S01008327,Couple family: Total,110,44,66
S01008327,Couple family: Both parents working,82,34,48
S01008327,Couple family: One parent working,22,8,14
S01008327,Couple family: No parents working,6,2,4
S01008327,Lone parent family: Total,46,27,19
S01008327,Lone parent family: Parent working,24,14,10
S01008327,Lone parent family: Parent not working,22,13,9
S01008328,All parents aged 16 and over with dependent children,229,99,130
S01008328,Couple family: Total,208,88,120
S01008328,Couple family: Both parents working,156,72,84
S01008328,Couple family: One parent working,52,16,36
S01008328,Couple family: No parents working,0,0,0
S01008328,Lone parent family: Total,21,11,10
S01008328,Lone parent family: Parent working,19,11,8
S01008328,Lone parent family: Parent not working,2,0,2
S01008329,All parents aged 16 and over with dependent children,240,91,149
S01008329,Couple family: Total,226,84,142
S01008329,Couple family: Both parents working,174,68,106
S01008329,Couple family: One parent working,44,12,32
S01008329,Couple family: No parents working,8,4,4
S01008329,Lone parent family: Total,14,7,7
S01008329,Lone parent family: Parent working,8,5,3
S01008329,Lone parent family: Parent not working,6,2,4
S01008330,All parents aged 16 and over with dependent children,225,97,128
S01008330,Couple family: Total,206,86,120
S01008330,Couple family: Both parents working,144,62,82
S01008330,Couple family: One parent working,58,22,36
S01008330,Couple family: No parents working,4,2,2
S01008330,Lone parent family: Total,19,11,8
S01008330,Lone parent family: Parent working,15,10,5
S01008330,Lone parent family: Parent not working,4,1,3
S01008331,All parents aged 16 and over with dependent children,157,78,79
S01008331,Couple family: Total,136,64,72
S01008331,Couple family: Both parents working,114,58,56
S01008331,Couple family: One parent working,20,6,14
S01008331,Couple family: No parents working,2,0,2
S01008331,Lone parent family: Total,21,14,7
S01008331,Lone parent family: Parent working,16,13,3
S01008331,Lone parent family: Parent not working,5,1,4
S01008332,All parents aged 16 and over with dependent children,162,57,105
S01008332,Couple family: Total,148,54,94
S01008332,Couple family: Both parents working,112,42,70
S01008332,Couple family: One parent working,32,10,22
S01008332,Couple family: No parents working,4,2,2
S01008332,Lone parent family: Total,14,3,11
S01008332,Lone parent family: Parent working,9,3,6
S01008332,Lone parent family: Parent not working,5,0,5
S01008333,All parents aged 16 and over with dependent children,156,64,92
S01008333,Couple family: Total,144,60,84
S01008333,Couple family: Both parents working,116,54,62
S01008333,Couple family: One parent working,24,4,20
S01008333,Couple family: No parents working,4,2,2
S01008333,Lone parent family: Total,12,4,8
S01008333,Lone parent family: Parent working,9,3,6
S01008333,Lone parent family: Parent not working,3,1,2
S01008334,All parents aged 16 and over with dependent children,159,69,90
S01008334,Couple family: Total,142,58,84
S01008334,Couple family: Both parents working,94,40,54
S01008334,Couple family: One parent working,42,14,28
S01008334,Couple family: No parents working,6,4,2
S01008334,Lone parent family: Total,17,11,6
S01008334,Lone parent family: Parent working,14,11,3
S01008334,Lone parent family: Parent not working,3,0,3
S01008335,All parents aged 16 and over with dependent children,190,78,112
S01008335,Couple family: Total,154,54,100
S01008335,Couple family: Both parents working,108,44,64
S01008335,Couple family: One parent working,38,6,32
S01008335,Couple family: No parents working,8,4,4
S01008335,Lone parent family: Total,36,24,12
S01008335,Lone parent family: Parent working,22,14,8
S01008335,Lone parent family: Parent not working,14,10,4
S01008336,All parents aged 16 and over with dependent children,175,90,85
S01008336,Couple family: Total,156,82,74
S01008336,Couple family: Both parents working,112,60,52
S01008336,Couple family: One parent working,36,20,16
S01008336,Couple family: No parents working,8,2,6
S01008336,Lone parent family: Total,19,8,11
S01008336,Lone parent family: Parent working,13,7,6
S01008336,Lone parent family: Parent not working,6,1,5
S01008337,All parents aged 16 and over with dependent children,269,109,160
S01008337,Couple family: Total,242,98,144
S01008337,Couple family: Both parents working,192,80,112
S01008337,Couple family: One parent working,44,14,30
S01008337,Couple family: No parents working,6,4,2
S01008337,Lone parent family: Total,27,11,16
S01008337,Lone parent family: Parent working,17,6,11
S01008337,Lone parent family: Parent not working,10,5,5
S01008338,All parents aged 16 and over with dependent children,328,113,215
S01008338,Couple family: Total,306,102,204
S01008338,Couple family: Both parents working,238,86,152
S01008338,Couple family: One parent working,62,16,46
S01008338,Couple family: No parents working,6,0,6
S01008338,Lone parent family: Total,22,11,11
S01008338,Lone parent family: Parent working,22,11,11
S01008338,Lone parent family: Parent not working,0,0,0
S01008339,All parents aged 16 and over with dependent children,170,61,109
S01008339,Couple family: Total,156,56,100
S01008339,Couple family: Both parents working,116,46,70
S01008339,Couple family: One parent working,32,8,24
S01008339,Couple family: No parents working,8,2,6
S01008339,Lone parent family: Total,14,5,9
S01008339,Lone parent family: Parent working,12,4,8
S01008339,Lone parent family: Parent not working,2,1,1
S01008340,All parents aged 16 and over with dependent children,229,94,135
S01008340,Couple family: Total,206,84,122
S01008340,Couple family: Both parents working,154,70,84
S01008340,Couple family: One parent working,48,12,36
S01008340,Couple family: No parents working,4,2,2
S01008340,Lone parent family: Total,23,10,13
S01008340,Lone parent family: Parent working,18,7,11
S01008340,Lone parent family: Parent not working,5,3,2
S01008341,All parents aged 16 and over with dependent children,246,81,165
S01008341,Couple family: Total,236,74,162
S01008341,Couple family: Both parents working,192,56,136
S01008341,Couple family: One parent working,44,18,26
S01008341,Couple family: No parents working,0,0,0
S01008341,Lone parent family: Total,10,7,3
S01008341,Lone parent family: Parent working,8,6,2
S01008341,Lone parent family: Parent not working,2,1,1
S01008342,All parents aged 16 and over with dependent children,197,82,115
S01008342,Couple family: Total,176,72,104
S01008342,Couple family: Both parents working,144,64,80
S01008342,Couple family: One parent working,30,8,22
S01008342,Couple family: No parents working,2,0,2
S01008342,Lone parent family: Total,21,10,11
S01008342,Lone parent family: Parent working,9,6,3
S01008342,Lone parent family: Parent not working,12,4,8
S01008343,All parents aged 16 and over with dependent children,189,67,122
S01008343,Couple family: Total,180,60,120
S01008343,Couple family: Both parents working,154,48,106
S01008343,Couple family: One parent working,24,12,12
S01008343,Couple family: No parents working,2,0,2
S01008343,Lone parent family: Total,9,7,2
S01008343,Lone parent family: Parent working,8,7,1
S01008343,Lone parent family: Parent not working,1,0,1
S01008344,All parents aged 16 and over with dependent children,176,61,115
S01008344,Couple family: Total,158,52,106
S01008344,Couple family: Both parents working,112,46,66
S01008344,Couple family: One parent working,46,6,40
S01008344,Couple family: No parents working,0,0,0
S01008344,Lone parent family: Total,18,9,9
S01008344,Lone parent family: Parent working,8,6,2
S01008344,Lone parent family: Parent not working,10,3,7
S01008345,All parents aged 16 and over with dependent children,185,58,127
S01008345,Couple family: Total,170,52,118
S01008345,Couple family: Both parents working,104,40,64
S01008345,Couple family: One parent working,58,10,48
S01008345,Couple family: No parents working,8,2,6
S01008345,Lone parent family: Total,15,6,9
S01008345,Lone parent family: Parent working,9,4,5
S01008345,Lone parent family: Parent not working,6,2,4
S01008346,All parents aged 16 and over with dependent children,263,63,200
S01008346,Couple family: Total,254,60,194
S01008346,Couple family: Both parents working,196,48,148
S01008346,Couple family: One parent working,50,8,42
S01008346,Couple family: No parents working,8,4,4
S01008346,Lone parent family: Total,9,3,6
S01008346,Lone parent family: Parent working,4,1,3
S01008346,Lone parent family: Parent not working,5,2,3
S01008347,All parents aged 16 and over with dependent children,169,61,108
S01008347,Couple family: Total,144,46,98
S01008347,Couple family: Both parents working,118,40,78
S01008347,Couple family: One parent working,26,6,20
S01008347,Couple family: No parents working,0,0,0
S01008347,Lone parent family: Total,25,15,10
S01008347,Lone parent family: Parent working,15,12,3
S01008347,Lone parent family: Parent not working,10,3,7
S01008348,All parents aged 16 and over with dependent children,147,65,82
S01008348,Couple family: Total,126,54,72
S01008348,Couple family: Both parents working,72,36,36
S01008348,Couple family: One parent working,54,18,36
S01008348,Couple family: No parents working,0,0,0
S01008348,Lone parent family: Total,21,11,10
S01008348,Lone parent family: Parent working,15,8,7
S01008348,Lone parent family: Parent not working,6,3,3
S01008349,All parents aged 16 and over with dependent children,271,80,191
S01008349,Couple family: Total,250,72,178
S01008349,Couple family: Both parents working,166,58,108
S01008349,Couple family: One parent working,80,14,66
S01008349,Couple family: No parents working,4,0,4
S01008349,Lone parent family: Total,21,8,13
S01008349,Lone parent family: Parent working,17,6,11
S01008349,Lone parent family: Parent not working,4,2,2
S01008350,All parents aged 16 and over with dependent children,107,34,73
S01008350,Couple family: Total,106,34,72
S01008350,Couple family: Both parents working,90,30,60
S01008350,Couple family: One parent working,12,2,10
S01008350,Couple family: No parents working,4,2,2
S01008350,Lone parent family: Total,1,0,1
S01008350,Lone parent family: Parent working,1,0,1
S01008350,Lone parent family: Parent not working,0,0,0
S01008351,All parents aged 16 and over with dependent children,210,79,131
S01008351,Couple family: Total,198,74,124
S01008351,Couple family: Both parents working,152,58,94
S01008351,Couple family: One parent working,42,14,28
S01008351,Couple family: No parents working,4,2,2
S01008351,Lone parent family: Total,12,5,7
S01008351,Lone parent family: Parent working,8,4,4
S01008351,Lone parent family: Parent not working,4,1,3
S01008352,All parents aged 16 and over with dependent children,167,49,118
S01008352,Couple family: Total,158,44,114
S01008352,Couple family: Both parents working,104,24,80
S01008352,Couple family: One parent working,50,16,34
S01008352,Couple family: No parents working,4,4,0
S01008352,Lone parent family: Total,9,5,4
S01008352,Lone parent family: Parent working,5,4,1
S01008352,Lone parent family: Parent not working,4,1,3
S01008353,All parents aged 16 and over with dependent children,145,34,111
S01008353,Couple family: Total,138,30,108
S01008353,Couple family: Both parents working,90,24,66
S01008353,Couple family: One parent working,48,6,42
S01008353,Couple family: No parents working,0,0,0
S01008353,Lone parent family: Total,7,4,3
S01008353,Lone parent family: Parent working,3,2,1
S01008353,Lone parent family: Parent not working,4,2,2
S01008354,All parents aged 16 and over with dependent children,171,66,105
S01008354,Couple family: Total,158,62,96
S01008354,Couple family: Both parents working,110,44,66
S01008354,Couple family: One parent working,42,16,26
S01008354,Couple family: No parents working,6,2,4
S01008354,Lone parent family: Total,13,4,9
S01008354,Lone parent family: Parent working,8,3,5
S01008354,Lone parent family: Parent not working,5,1,4
S01008355,All parents aged 16 and over with dependent children,125,54,71
S01008355,Couple family: Total,98,36,62
S01008355,Couple family: Both parents working,68,26,42
S01008355,Couple family: One parent working,26,8,18
S01008355,Couple family: No parents working,4,2,2
S01008355,Lone parent family: Total,27,18,9
S01008355,Lone parent family: Parent working,17,13,4
S01008355,Lone parent family: Parent not working,10,5,5
S01008356,All parents aged 16 and over with dependent children,145,59,86
S01008356,Couple family: Total,120,48,72
S01008356,Couple family: Both parents working,82,30,52
S01008356,Couple family: One parent working,38,18,20
S01008356,Couple family: No parents working,0,0,0
S01008356,Lone parent family: Total,25,11,14
S01008356,Lone parent family: Parent working,21,10,11
S01008356,Lone parent family: Parent not working,4,1,3
S01008357,All parents aged 16 and over with dependent children,173,69,104
S01008357,Couple family: Total,158,58,100
S01008357,Couple family: Both parents working,142,52,90
S01008357,Couple family: One parent working,14,4,10
S01008357,Couple family: No parents working,2,2,0
S01008357,Lone parent family: Total,15,11,4
S01008357,Lone parent family: Parent working,9,6,3
S01008357,Lone parent family: Parent not working,6,5,1
S01008358,All parents aged 16 and over with dependent children,114,47,67
S01008358,Couple family: Total,84,30,54
S01008358,Couple family: Both parents working,70,26,44
S01008358,Couple family: One parent working,14,4,10
S01008358,Couple family: No parents working,0,0,0
S01008358,Lone parent family: Total,30,17,13
S01008358,Lone parent family: Parent working,15,11,4
S01008358,Lone parent family: Parent not working,15,6,9
S01008359,All parents aged 16 and over with dependent children,160,52,108
S01008359,Couple family: Total,146,48,98
S01008359,Couple family: Both parents working,128,44,84
S01008359,Couple family: One parent working,16,2,14
S01008359,Couple family: No parents working,2,2,0
S01008359,Lone parent family: Total,14,4,10
S01008359,Lone parent family: Parent working,10,3,7
S01008359,Lone parent family: Parent not working,4,1,3
S01008360,All parents aged 16 and over with dependent children,191,77,114
S01008360,Couple family: Total,168,64,104
S01008360,Couple family: Both parents working,132,44,88
S01008360,Couple family: One parent working,34,18,16
S01008360,Couple family: No parents working,2,2,0
S01008360,Lone parent family: Total,23,13,10
S01008360,Lone parent family: Parent working,17,9,8
S01008360,Lone parent family: Parent not working,6,4,2
S01008361,All parents aged 16 and over with dependent children,124,60,64
S01008361,Couple family: Total,106,46,60
S01008361,Couple family: Both parents working,82,34,48
S01008361,Couple family: One parent working,24,12,12
S01008361,Couple family: No parents working,0,0,0
S01008361,Lone parent family: Total,18,14,4
S01008361,Lone parent family: Parent working,12,10,2
S01008361,Lone parent family: Parent not working,6,4,2
S01008362,All parents aged 16 and over with dependent children,263,105,158
S01008362,Couple family: Total,224,84,140
S01008362,Couple family: Both parents working,168,60,108
S01008362,Couple family: One parent working,52,22,30
S01008362,Couple family: No parents working,4,2,2
S01008362,Lone parent family: Total,39,21,18
S01008362,Lone parent family: Parent working,23,14,9
S01008362,Lone parent family: Parent not working,16,7,9
S01008363,All parents aged 16 and over with dependent children,160,72,88
S01008363,Couple family: Total,136,54,82
S01008363,Couple family: Both parents working,108,48,60
S01008363,Couple family: One parent working,24,4,20
S01008363,Couple family: No parents working,4,2,2
S01008363,Lone parent family: Total,24,18,6
S01008363,Lone parent family: Parent working,17,14,3
S01008363,Lone parent family: Parent not working,7,4,3
S01008364,All parents aged 16 and over with dependent children,164,62,102
S01008364,Couple family: Total,136,52,84
S01008364,Couple family: Both parents working,90,36,54
S01008364,Couple family: One parent working,42,16,26
S01008364,Couple family: No parents working,4,0,4
S01008364,Lone parent family: Total,28,10,18
S01008364,Lone parent family: Parent working,18,5,13
S01008364,Lone parent family: Parent not working,10,5,5
S01008365,All parents aged 16 and over with dependent children,141,53,88
S01008365,Couple family: Total,132,48,84
S01008365,Couple family: Both parents working,104,44,60
S01008365,Couple family: One parent working,26,4,22
S01008365,Couple family: No parents working,2,0,2
S01008365,Lone parent family: Total,9,5,4
S01008365,Lone parent family: Parent working,8,4,4
S01008365,Lone parent family: Parent not working,1,1,0
S01008366,All parents aged 16 and over with dependent children,197,83,114
S01008366,Couple family: Total,162,70,92
S01008366,Couple family: Both parents working,112,54,58
S01008366,Couple family: One parent working,42,12,30
S01008366,Couple family: No parents working,8,4,4
S01008366,Lone parent family: Total,35,13,22
S01008366,Lone parent family: Parent working,22,9,13
S01008366,Lone parent family: Parent not working,13,4,9
S01008367,All parents aged 16 and over with dependent children,130,52,78
S01008367,Couple family: Total,104,34,70
S01008367,Couple family: Both parents working,86,26,60
S01008367,Couple family: One parent working,16,6,10
S01008367,Couple family: No parents working,2,2,0
S01008367,Lone parent family: Total,26,18,8
S01008367,Lone parent family: Parent working,17,11,6
S01008367,Lone parent family: Parent not working,9,7,2
S01008368,All parents aged 16 and over with dependent children,148,75,73
S01008368,Couple family: Total,124,58,66
S01008368,Couple family: Both parents working,102,52,50
S01008368,Couple family: One parent working,20,6,14
S01008368,Couple family: No parents working,2,0,2
S01008368,Lone parent family: Total,24,17,7
S01008368,Lone parent family: Parent working,17,12,5
S01008368,Lone parent family: Parent not working,7,5,2
S01008369,All parents aged 16 and over with dependent children,126,66,60
S01008369,Couple family: Total,106,54,52
S01008369,Couple family: Both parents working,82,42,40
S01008369,Couple family: One parent working,22,12,10
S01008369,Couple family: No parents working,2,0,2
S01008369,Lone parent family: Total,20,12,8
S01008369,Lone parent family: Parent working,15,9,6
S01008369,Lone parent family: Parent not working,5,3,2
S01008370,All parents aged 16 and over with dependent children,159,58,101
S01008370,Couple family: Total,142,50,92
S01008370,Couple family: Both parents working,122,46,76
S01008370,Couple family: One parent working,18,2,16
S01008370,Couple family: No parents working,2,2,0
S01008370,Lone parent family: Total,17,8,9
S01008370,Lone parent family: Parent working,13,8,5
S01008370,Lone parent family: Parent not working,4,0,4
S01008371,All parents aged 16 and over with dependent children,214,76,138
S01008371,Couple family: Total,190,64,126
S01008371,Couple family: Both parents working,164,54,110
S01008371,Couple family: One parent working,22,6,16
S01008371,Couple family: No parents working,4,4,0
S01008371,Lone parent family: Total,24,12,12
S01008371,Lone parent family: Parent working,19,11,8
S01008371,Lone parent family: Parent not working,5,1,4
S01008372,All parents aged 16 and over with dependent children,207,70,137
S01008372,Couple family: Total,192,64,128
S01008372,Couple family: Both parents working,150,52,98
S01008372,Couple family: One parent working,36,10,26
S01008372,Couple family: No parents working,6,2,4
S01008372,Lone parent family: Total,15,6,9
S01008372,Lone parent family: Parent working,11,6,5
S01008372,Lone parent family: Parent not working,4,0,4
S01008373,All parents aged 16 and over with dependent children,231,92,139
S01008373,Couple family: Total,222,86,136
S01008373,Couple family: Both parents working,186,74,112
S01008373,Couple family: One parent working,34,12,22
S01008373,Couple family: No parents working,2,0,2
S01008373,Lone parent family: Total,9,6,3
S01008373,Lone parent family: Parent working,7,4,3
S01008373,Lone parent family: Parent not working,2,2,0
S01008374,All parents aged 16 and over with dependent children,164,54,110
S01008374,Couple family: Total,146,44,102
S01008374,Couple family: Both parents working,120,32,88
S01008374,Couple family: One parent working,24,10,14
S01008374,Couple family: No parents working,2,2,0
S01008374,Lone parent family: Total,18,10,8
S01008374,Lone parent family: Parent working,15,9,6
S01008374,Lone parent family: Parent not working,3,1,2
S01008375,All parents aged 16 and over with dependent children,197,68,129
S01008375,Couple family: Total,184,62,122
S01008375,Couple family: Both parents working,150,48,102
S01008375,Couple family: One parent working,34,14,20
S01008375,Couple family: No parents working,0,0,0
S01008375,Lone parent family: Total,13,6,7
S01008375,Lone parent family: Parent working,7,4,3
S01008375,Lone parent family: Parent not working,6,2,4
S01008376,All parents aged 16 and over with dependent children,138,43,95
S01008376,Couple family: Total,126,38,88
S01008376,Couple family: Both parents working,98,26,72
S01008376,Couple family: One parent working,26,10,16
S01008376,Couple family: No parents working,2,2,0
S01008376,Lone parent family: Total,12,5,7
S01008376,Lone parent family: Parent working,8,5,3
S01008376,Lone parent family: Parent not working,4,0,4
S01008377,All parents aged 16 and over with dependent children,188,58,130
S01008377,Couple family: Total,174,52,122
S01008377,Couple family: Both parents working,134,44,90
S01008377,Couple family: One parent working,38,8,30
S01008377,Couple family: No parents working,2,0,2
S01008377,Lone parent family: Total,14,6,8
S01008377,Lone parent family: Parent working,11,5,6
S01008377,Lone parent family: Parent not working,3,1,2
S01008378,All parents aged 16 and over with dependent children,253,109,144
S01008378,Couple family: Total,232,96,136
S01008378,Couple family: Both parents working,194,86,108
S01008378,Couple family: One parent working,36,8,28
S01008378,Couple family: No parents working,2,2,0
S01008378,Lone parent family: Total,21,13,8
S01008378,Lone parent family: Parent working,14,10,4
S01008378,Lone parent family: Parent not working,7,3,4
S01008379,All parents aged 16 and over with dependent children,100,28,72
S01008379,Couple family: Total,90,24,66
S01008379,Couple family: Both parents working,68,18,50
S01008379,Couple family: One parent working,20,4,16
S01008379,Couple family: No parents working,2,2,0
S01008379,Lone parent family: Total,10,4,6
S01008379,Lone parent family: Parent working,3,1,2
S01008379,Lone parent family: Parent not working,7,3,4
S01008380,All parents aged 16 and over with dependent children,175,65,110
S01008380,Couple family: Total,166,62,104
S01008380,Couple family: Both parents working,148,52,96
S01008380,Couple family: One parent working,18,10,8
S01008380,Couple family: No parents working,0,0,0
S01008380,Lone parent family: Total,9,3,6
S01008380,Lone parent family: Parent working,5,2,3
S01008380,Lone parent family: Parent not working,4,1,3
S01008381,All parents aged 16 and over with dependent children,195,83,112
S01008381,Couple family: Total,184,78,106
S01008381,Couple family: Both parents working,164,68,96
S01008381,Couple family: One parent working,18,8,10
S01008381,Couple family: No parents working,2,2,0
S01008381,Lone parent family: Total,11,5,6
S01008381,Lone parent family: Parent working,10,4,6
S01008381,Lone parent family: Parent not working,1,1,0
S01008382,All parents aged 16 and over with dependent children,175,64,111
S01008382,Couple family: Total,166,60,106
S01008382,Couple family: Both parents working,134,46,88
S01008382,Couple family: One parent working,30,12,18
S01008382,Couple family: No parents working,2,2,0
S01008382,Lone parent family: Total,9,4,5
S01008382,Lone parent family: Parent working,5,3,2
S01008382,Lone parent family: Parent not working,4,1,3
S01008383,All parents aged 16 and over with dependent children,133,60,73
S01008383,Couple family: Total,128,56,72
S01008383,Couple family: Both parents working,108,46,62
S01008383,Couple family: One parent working,20,10,10
S01008383,Couple family: No parents working,0,0,0
S01008383,Lone parent family: Total,5,4,1
S01008383,Lone parent family: Parent working,1,1,0
S01008383,Lone parent family: Parent not working,4,3,1
S01008384,All parents aged 16 and over with dependent children,244,117,127
S01008384,Couple family: Total,208,94,114
S01008384,Couple family: Both parents working,168,76,92
S01008384,Couple family: One parent working,36,14,22
S01008384,Couple family: No parents working,4,4,0
S01008384,Lone parent family: Total,36,23,13
S01008384,Lone parent family: Parent working,32,21,11
S01008384,Lone parent family: Parent not working,4,2,2
S01008385,All parents aged 16 and over with dependent children,156,45,111
S01008385,Couple family: Total,150,42,108
S01008385,Couple family: Both parents working,126,34,92
S01008385,Couple family: One parent working,20,6,14
S01008385,Couple family: No parents working,4,2,2
S01008385,Lone parent family: Total,6,3,3
S01008385,Lone parent family: Parent working,5,2,3
S01008385,Lone parent family: Parent not working,1,1,0
S01008386,All parents aged 16 and over with dependent children,181,111,70
S01008386,Couple family: Total,152,94,58
S01008386,Couple family: Both parents working,128,88,40
S01008386,Couple family: One parent working,22,6,16
S01008386,Couple family: No parents working,2,0,2
S01008386,Lone parent family: Total,29,17,12
S01008386,Lone parent family: Parent working,24,15,9
S01008386,Lone parent family: Parent not working,5,2,3
S01008387,All parents aged 16 and over with dependent children,179,83,96
S01008387,Couple family: Total,166,76,90
S01008387,Couple family: Both parents working,134,66,68
S01008387,Couple family: One parent working,28,10,18
S01008387,Couple family: No parents working,4,0,4
S01008387,Lone parent family: Total,13,7,6
S01008387,Lone parent family: Parent working,11,5,6
S01008387,Lone parent family: Parent not working,2,2,0
S01008388,All parents aged 16 and over with dependent children,196,98,98
S01008388,Couple family: Total,170,80,90
S01008388,Couple family: Both parents working,134,62,72
S01008388,Couple family: One parent working,36,18,18
S01008388,Couple family: No parents working,0,0,0
S01008388,Lone parent family: Total,26,18,8
S01008388,Lone parent family: Parent working,20,12,8
S01008388,Lone parent family: Parent not working,6,6,0
S01008389,All parents aged 16 and over with dependent children,80,19,61
S01008389,Couple family: Total,72,18,54
S01008389,Couple family: Both parents working,56,14,42
S01008389,Couple family: One parent working,16,4,12
S01008389,Couple family: No parents working,0,0,0
S01008389,Lone parent family: Total,8,1,7
S01008389,Lone parent family: Parent working,5,1,4
S01008389,Lone parent family: Parent not working,3,0,3
S01008390,All parents aged 16 and over with dependent children,138,56,82
S01008390,Couple family: Total,132,54,78
S01008390,Couple family: Both parents working,118,52,66
S01008390,Couple family: One parent working,14,2,12
S01008390,Couple family: No parents working,0,0,0
S01008390,Lone parent family: Total,6,2,4
S01008390,Lone parent family: Parent working,4,2,2
S01008390,Lone parent family: Parent not working,2,0,2
S01008391,All parents aged 16 and over with dependent children,172,55,117
S01008391,Couple family: Total,158,48,110
S01008391,Couple family: Both parents working,122,38,84
S01008391,Couple family: One parent working,36,10,26
S01008391,Couple family: No parents working,0,0,0
S01008391,Lone parent family: Total,14,7,7
S01008391,Lone parent family: Parent working,8,5,3
S01008391,Lone parent family: Parent not working,6,2,4
S01008392,All parents aged 16 and over with dependent children,266,104,162
S01008392,Couple family: Total,252,96,156
S01008392,Couple family: Both parents working,218,88,130
S01008392,Couple family: One parent working,32,6,26
S01008392,Couple family: No parents working,2,2,0
S01008392,Lone parent family: Total,14,8,6
S01008392,Lone parent family: Parent working,11,7,4
S01008392,Lone parent family: Parent not working,3,1,2
S01008393,All parents aged 16 and over with dependent children,202,76,126
S01008393,Couple family: Total,190,72,118
S01008393,Couple family: Both parents working,160,60,100
S01008393,Couple family: One parent working,30,12,18
S01008393,Couple family: No parents working,0,0,0
S01008393,Lone parent family: Total,12,4,8
S01008393,Lone parent family: Parent working,9,3,6
S01008393,Lone parent family: Parent not working,3,1,2
S01008394,All parents aged 16 and over with dependent children,269,69,200
S01008394,Couple family: Total,256,62,194
S01008394,Couple family: Both parents working,200,50,150
S01008394,Couple family: One parent working,52,12,40
S01008394,Couple family: No parents working,4,0,4
S01008394,Lone parent family: Total,13,7,6
S01008394,Lone parent family: Parent working,10,6,4
S01008394,Lone parent family: Parent not working,3,1,2
S01008395,All parents aged 16 and over with dependent children,140,52,88
S01008395,Couple family: Total,126,44,82
S01008395,Couple family: Both parents working,104,38,66
S01008395,Couple family: One parent working,22,6,16
S01008395,Couple family: No parents working,0,0,0
S01008395,Lone parent family: Total,14,8,6
S01008395,Lone parent family: Parent working,13,8,5
S01008395,Lone parent family: Parent not working,1,0,1
S01008396,All parents aged 16 and over with dependent children,94,31,63
S01008396,Couple family: Total,90,30,60
S01008396,Couple family: Both parents working,66,20,46
S01008396,Couple family: One parent working,22,10,12
S01008396,Couple family: No parents working,2,0,2
S01008396,Lone parent family: Total,4,1,3
S01008396,Lone parent family: Parent working,3,1,2
S01008396,Lone parent family: Parent not working,1,0,1
S01008397,All parents aged 16 and over with dependent children,216,81,135
S01008397,Couple family: Total,196,68,128
S01008397,Couple family: Both parents working,158,58,100
S01008397,Couple family: One parent working,36,10,26
S01008397,Couple family: No parents working,2,0,2
S01008397,Lone parent family: Total,20,13,7
S01008397,Lone parent family: Parent working,17,12,5
S01008397,Lone parent family: Parent not working,3,1,2
S01008398,All parents aged 16 and over with dependent children,139,61,78
S01008398,Couple family: Total,126,56,70
S01008398,Couple family: Both parents working,106,48,58
S01008398,Couple family: One parent working,18,8,10
S01008398,Couple family: No parents working,2,0,2
S01008398,Lone parent family: Total,13,5,8
S01008398,Lone parent family: Parent working,8,5,3
S01008398,Lone parent family: Parent not working,5,0,5
S01008399,All parents aged 16 and over with dependent children,85,25,60
S01008399,Couple family: Total,84,24,60
S01008399,Couple family: Both parents working,60,20,40
S01008399,Couple family: One parent working,20,2,18
S01008399,Couple family: No parents working,4,2,2
S01008399,Lone parent family: Total,1,1,0
S01008399,Lone parent family: Parent working,1,1,0
S01008399,Lone parent family: Parent not working,0,0,0
S01008400,All parents aged 16 and over with dependent children,166,51,115
S01008400,Couple family: Total,148,42,106
S01008400,Couple family: Both parents working,110,34,76
S01008400,Couple family: One parent working,34,6,28
S01008400,Couple family: No parents working,4,2,2
S01008400,Lone parent family: Total,18,9,9
S01008400,Lone parent family: Parent working,10,6,4
S01008400,Lone parent family: Parent not working,8,3,5
S01008401,All parents aged 16 and over with dependent children,196,81,115
S01008401,Couple family: Total,180,72,108
S01008401,Couple family: Both parents working,136,56,80
S01008401,Couple family: One parent working,38,12,26
S01008401,Couple family: No parents working,6,4,2
S01008401,Lone parent family: Total,16,9,7
S01008401,Lone parent family: Parent working,10,6,4
S01008401,Lone parent family: Parent not working,6,3,3
S01008402,All parents aged 16 and over with dependent children,223,81,142
S01008402,Couple family: Total,216,78,138
S01008402,Couple family: Both parents working,156,52,104
S01008402,Couple family: One parent working,56,22,34
S01008402,Couple family: No parents working,4,4,0
S01008402,Lone parent family: Total,7,3,4
S01008402,Lone parent family: Parent working,5,2,3
S01008402,Lone parent family: Parent not working,2,1,1
S01008403,All parents aged 16 and over with dependent children,160,49,111
S01008403,Couple family: Total,154,44,110
S01008403,Couple family: Both parents working,128,32,96
S01008403,Couple family: One parent working,26,12,14
S01008403,Couple family: No parents working,0,0,0
S01008403,Lone parent family: Total,6,5,1
S01008403,Lone parent family: Parent working,4,3,1
S01008403,Lone parent family: Parent not working,2,2,0
S01008404,All parents aged 16 and over with dependent children,220,87,133
S01008404,Couple family: Total,210,78,132
S01008404,Couple family: Both parents working,166,64,102
S01008404,Couple family: One parent working,40,10,30
S01008404,Couple family: No parents working,4,4,0
S01008404,Lone parent family: Total,10,9,1
S01008404,Lone parent family: Parent working,6,5,1
S01008404,Lone parent family: Parent not working,4,4,0
S01008405,All parents aged 16 and over with dependent children,192,72,120
S01008405,Couple family: Total,180,66,114
S01008405,Couple family: Both parents working,140,54,86
S01008405,Couple family: One parent working,36,10,26
S01008405,Couple family: No parents working,4,2,2
S01008405,Lone parent family: Total,12,6,6
S01008405,Lone parent family: Parent working,10,5,5
S01008405,Lone parent family: Parent not working,2,1,1
S01008406,All parents aged 16 and over with dependent children,183,57,126
S01008406,Couple family: Total,168,50,118
S01008406,Couple family: Both parents working,124,38,86
S01008406,Couple family: One parent working,40,10,30
S01008406,Couple family: No parents working,4,2,2
S01008406,Lone parent family: Total,15,7,8
S01008406,Lone parent family: Parent working,10,6,4
S01008406,Lone parent family: Parent not working,5,1,4
S01008407,All parents aged 16 and over with dependent children,80,46,34
S01008407,Couple family: Total,66,38,28
S01008407,Couple family: Both parents working,52,36,16
S01008407,Couple family: One parent working,14,2,12
S01008407,Couple family: No parents working,0,0,0
S01008407,Lone parent family: Total,14,8,6
S01008407,Lone parent family: Parent working,8,5,3
S01008407,Lone parent family: Parent not working,6,3,3
S01008408,All parents aged 16 and over with dependent children,183,67,116
S01008408,Couple family: Total,160,54,106
S01008408,Couple family: Both parents working,134,44,90
S01008408,Couple family: One parent working,24,8,16
S01008408,Couple family: No parents working,2,2,0
S01008408,Lone parent family: Total,23,13,10
S01008408,Lone parent family: Parent working,16,9,7
S01008408,Lone parent family: Parent not working,7,4,3
S01008409,All parents aged 16 and over with dependent children,160,86,74
S01008409,Couple family: Total,120,60,60
S01008409,Couple family: Both parents working,88,48,40
S01008409,Couple family: One parent working,26,8,18
S01008409,Couple family: No parents working,6,4,2
S01008409,Lone parent family: Total,40,26,14
S01008409,Lone parent family: Parent working,23,18,5
S01008409,Lone parent family: Parent not working,17,8,9
S01008410,All parents aged 16 and over with dependent children,97,25,72
S01008410,Couple family: Total,84,18,66
S01008410,Couple family: Both parents working,50,12,38
S01008410,Couple family: One parent working,26,2,24
S01008410,Couple family: No parents working,8,4,4
S01008410,Lone parent family: Total,13,7,6
S01008410,Lone parent family: Parent working,6,3,3
S01008410,Lone parent family: Parent not working,7,4,3
S01008411,All parents aged 16 and over with dependent children,127,49,78
S01008411,Couple family: Total,114,42,72
S01008411,Couple family: Both parents working,102,36,66
S01008411,Couple family: One parent working,8,4,4
S01008411,Couple family: No parents working,4,2,2
S01008411,Lone parent family: Total,13,7,6
S01008411,Lone parent family: Parent working,12,6,6
S01008411,Lone parent family: Parent not working,1,1,0
S01008412,All parents aged 16 and over with dependent children,172,67,105
S01008412,Couple family: Total,146,50,96
S01008412,Couple family: Both parents working,112,38,74
S01008412,Couple family: One parent working,28,10,18
S01008412,Couple family: No parents working,6,2,4
S01008412,Lone parent family: Total,26,17,9
S01008412,Lone parent family: Parent working,20,15,5
S01008412,Lone parent family: Parent not working,6,2,4
S01008413,All parents aged 16 and over with dependent children,108,33,75
S01008413,Couple family: Total,94,26,68
S01008413,Couple family: Both parents working,68,18,50
S01008413,Couple family: One parent working,26,8,18
S01008413,Couple family: No parents working,0,0,0
S01008413,Lone parent family: Total,14,7,7
S01008413,Lone parent family: Parent working,10,5,5
S01008413,Lone parent family: Parent not working,4,2,2
S01008414,All parents aged 16 and over with dependent children,110,41,69
S01008414,Couple family: Total,102,38,64
S01008414,Couple family: Both parents working,78,32,46
S01008414,Couple family: One parent working,24,6,18
S01008414,Couple family: No parents working,0,0,0
S01008414,Lone parent family: Total,8,3,5
S01008414,Lone parent family: Parent working,5,3,2
S01008414,Lone parent family: Parent not working,3,0,3
S01008415,All parents aged 16 and over with dependent children,185,80,105
S01008415,Couple family: Total,156,62,94
S01008415,Couple family: Both parents working,112,48,64
S01008415,Couple family: One parent working,36,14,22
S01008415,Couple family: No parents working,8,0,8
S01008415,Lone parent family: Total,29,18,11
S01008415,Lone parent family: Parent working,23,13,10
S01008415,Lone parent family: Parent not working,6,5,1
S01008416,All parents aged 16 and over with dependent children,196,103,93
S01008416,Couple family: Total,152,76,76
S01008416,Couple family: Both parents working,110,60,50
S01008416,Couple family: One parent working,26,8,18
S01008416,Couple family: No parents working,16,8,8
S01008416,Lone parent family: Total,44,27,17
S01008416,Lone parent family: Parent working,23,12,11
S01008416,Lone parent family: Parent not working,21,15,6
S01008417,All parents aged 16 and over with dependent children,168,69,99
S01008417,Couple family: Total,154,58,96
S01008417,Couple family: Both parents working,116,38,78
S01008417,Couple family: One parent working,36,20,16
S01008417,Couple family: No parents working,2,0,2
S01008417,Lone parent family: Total,14,11,3
S01008417,Lone parent family: Parent working,11,8,3
S01008417,Lone parent family: Parent not working,3,3,0
S01008418,All parents aged 16 and over with dependent children,135,58,77
S01008418,Couple family: Total,130,56,74
S01008418,Couple family: Both parents working,106,48,58
S01008418,Couple family: One parent working,18,4,14
S01008418,Couple family: No parents working,6,4,2
S01008418,Lone parent family: Total,5,2,3
S01008418,Lone parent family: Parent working,5,2,3
S01008418,Lone parent family: Parent not working,0,0,0
S01008419,All parents aged 16 and over with dependent children,140,29,111
S01008419,Couple family: Total,134,26,108
S01008419,Couple family: Both parents working,106,16,90
S01008419,Couple family: One parent working,28,10,18
S01008419,Couple family: No parents working,0,0,0
S01008419,Lone parent family: Total,6,3,3
S01008419,Lone parent family: Parent working,6,3,3
S01008419,Lone parent family: Parent not working,0,0,0
S01008420,All parents aged 16 and over with dependent children,102,38,64
S01008420,Couple family: Total,94,34,60
S01008420,Couple family: Both parents working,72,28,44
S01008420,Couple family: One parent working,18,4,14
S01008420,Couple family: No parents working,4,2,2
S01008420,Lone parent family: Total,8,4,4
S01008420,Lone parent family: Parent working,6,3,3
S01008420,Lone parent family: Parent not working,2,1,1
S01008421,All parents aged 16 and over with dependent children,207,101,106
S01008421,Couple family: Total,172,82,90
S01008421,Couple family: Both parents working,130,66,64
S01008421,Couple family: One parent working,36,14,22
S01008421,Couple family: No parents working,6,2,4
S01008421,Lone parent family: Total,35,19,16
S01008421,Lone parent family: Parent working,25,14,11
S01008421,Lone parent family: Parent not working,10,5,5
S01008422,All parents aged 16 and over with dependent children,138,30,108
S01008422,Couple family: Total,132,26,106
S01008422,Couple family: Both parents working,100,20,80
S01008422,Couple family: One parent working,32,6,26
S01008422,Couple family: No parents working,0,0,0
S01008422,Lone parent family: Total,6,4,2
S01008422,Lone parent family: Parent working,5,3,2
S01008422,Lone parent family: Parent not working,1,1,0
S01008423,All parents aged 16 and over with dependent children,293,102,191
S01008423,Couple family: Total,286,98,188
S01008423,Couple family: Both parents working,218,84,134
S01008423,Couple family: One parent working,62,10,52
S01008423,Couple family: No parents working,6,4,2
S01008423,Lone parent family: Total,7,4,3
S01008423,Lone parent family: Parent working,5,3,2
S01008423,Lone parent family: Parent not working,2,1,1
S01008424,All parents aged 16 and over with dependent children,174,57,117
S01008424,Couple family: Total,166,52,114
S01008424,Couple family: Both parents working,130,44,86
S01008424,Couple family: One parent working,32,6,26
S01008424,Couple family: No parents working,4,2,2
S01008424,Lone parent family: Total,8,5,3
S01008424,Lone parent family: Parent working,6,3,3
S01008424,Lone parent family: Parent not working,2,2,0
S01008425,All parents aged 16 and over with dependent children,182,60,122
S01008425,Couple family: Total,172,50,122
S01008425,Couple family: Both parents working,146,44,102
S01008425,Couple family: One parent working,24,4,20
S01008425,Couple family: No parents working,2,2,0
S01008425,Lone parent family: Total,10,10,0
S01008425,Lone parent family: Parent working,7,7,0
S01008425,Lone parent family: Parent not working,3,3,0
S01008426,All parents aged 16 and over with dependent children,113,52,61
S01008426,Couple family: Total,90,36,54
S01008426,Couple family: Both parents working,64,26,38
S01008426,Couple family: One parent working,26,10,16
S01008426,Couple family: No parents working,0,0,0
S01008426,Lone parent family: Total,23,16,7
S01008426,Lone parent family: Parent working,16,13,3
S01008426,Lone parent family: Parent not working,7,3,4
S01008427,All parents aged 16 and over with dependent children,276,140,136
S01008427,Couple family: Total,258,128,130
S01008427,Couple family: Both parents working,198,94,104
S01008427,Couple family: One parent working,54,30,24
S01008427,Couple family: No parents working,6,4,2
S01008427,Lone parent family: Total,18,12,6
S01008427,Lone parent family: Parent working,16,11,5
S01008427,Lone parent family: Parent not working,2,1,1
S01008428,All parents aged 16 and over with dependent children,126,50,76
S01008428,Couple family: Total,102,38,64
S01008428,Couple family: Both parents working,82,28,54
S01008428,Couple family: One parent working,12,6,6
S01008428,Couple family: No parents working,8,4,4
S01008428,Lone parent family: Total,24,12,12
S01008428,Lone parent family: Parent working,16,10,6
S01008428,Lone parent family: Parent not working,8,2,6
S01008429,All parents aged 16 and over with dependent children,175,65,110
S01008429,Couple family: Total,164,58,106
S01008429,Couple family: Both parents working,138,48,90
S01008429,Couple family: One parent working,24,8,16
S01008429,Couple family: No parents working,2,2,0
S01008429,Lone parent family: Total,11,7,4
S01008429,Lone parent family: Parent working,6,5,1
S01008429,Lone parent family: Parent not working,5,2,3
S01008430,All parents aged 16 and over with dependent children,141,54,87
S01008430,Couple family: Total,128,44,84
S01008430,Couple family: Both parents working,96,34,62
S01008430,Couple family: One parent working,32,10,22
S01008430,Couple family: No parents working,0,0,0
S01008430,Lone parent family: Total,13,10,3
S01008430,Lone parent family: Parent working,12,9,3
S01008430,Lone parent family: Parent not working,1,1,0
S01008431,All parents aged 16 and over with dependent children,188,86,102
S01008431,Couple family: Total,174,80,94
S01008431,Couple family: Both parents working,152,68,84
S01008431,Couple family: One parent working,22,12,10
S01008431,Couple family: No parents working,0,0,0
S01008431,Lone parent family: Total,14,6,8
S01008431,Lone parent family: Parent working,10,3,7
S01008431,Lone parent family: Parent not working,4,3,1
S01008432,All parents aged 16 and over with dependent children,142,57,85
S01008432,Couple family: Total,126,48,78
S01008432,Couple family: Both parents working,100,40,60
S01008432,Couple family: One parent working,24,8,16
S01008432,Couple family: No parents working,2,0,2
S01008432,Lone parent family: Total,16,9,7
S01008432,Lone parent family: Parent working,13,7,6
S01008432,Lone parent family: Parent not working,3,2,1
S01008433,All parents aged 16 and over with dependent children,158,72,86
S01008433,Couple family: Total,150,66,84
S01008433,Couple family: Both parents working,132,62,70
S01008433,Couple family: One parent working,16,2,14
S01008433,Couple family: No parents working,2,2,0
S01008433,Lone parent family: Total,8,6,2
S01008433,Lone parent family: Parent working,8,6,2
S01008433,Lone parent family: Parent not working,0,0,0
S01008434,All parents aged 16 and over with dependent children,172,69,103
S01008434,Couple family: Total,152,56,96
S01008434,Couple family: Both parents working,124,40,84
S01008434,Couple family: One parent working,24,12,12
S01008434,Couple family: No parents working,4,4,0
S01008434,Lone parent family: Total,20,13,7
S01008434,Lone parent family: Parent working,16,10,6
S01008434,Lone parent family: Parent not working,4,3,1
S01008435,All parents aged 16 and over with dependent children,150,59,91
S01008435,Couple family: Total,142,56,86
S01008435,Couple family: Both parents working,106,44,62
S01008435,Couple family: One parent working,32,12,20
S01008435,Couple family: No parents working,4,0,4
S01008435,Lone parent family: Total,8,3,5
S01008435,Lone parent family: Parent working,7,3,4
S01008435,Lone parent family: Parent not working,1,0,1
S01008436,All parents aged 16 and over with dependent children,195,76,119
S01008436,Couple family: Total,178,64,114
S01008436,Couple family: Both parents working,146,54,92
S01008436,Couple family: One parent working,30,10,20
S01008436,Couple family: No parents working,2,0,2
S01008436,Lone parent family: Total,17,12,5
S01008436,Lone parent family: Parent working,12,8,4
S01008436,Lone parent family: Parent not working,5,4,1
S01008437,All parents aged 16 and over with dependent children,125,51,74
S01008437,Couple family: Total,108,40,68
S01008437,Couple family: Both parents working,82,30,52
S01008437,Couple family: One parent working,22,8,14
S01008437,Couple family: No parents working,4,2,2
S01008437,Lone parent family: Total,17,11,6
S01008437,Lone parent family: Parent working,15,11,4
S01008437,Lone parent family: Parent not working,2,0,2
S01008438,All parents aged 16 and over with dependent children,107,39,68
S01008438,Couple family: Total,102,36,66
S01008438,Couple family: Both parents working,74,26,48
S01008438,Couple family: One parent working,28,10,18
S01008438,Couple family: No parents working,0,0,0
S01008438,Lone parent family: Total,5,3,2
S01008438,Lone parent family: Parent working,4,2,2
S01008438,Lone parent family: Parent not working,1,1,0
S01008439,All parents aged 16 and over with dependent children,319,110,209
S01008439,Couple family: Total,298,98,200
S01008439,Couple family: Both parents working,232,72,160
S01008439,Couple family: One parent working,66,26,40
S01008439,Couple family: No parents working,0,0,0
S01008439,Lone parent family: Total,21,12,9
S01008439,Lone parent family: Parent working,15,11,4
S01008439,Lone parent family: Parent not working,6,1,5
S01008440,All parents aged 16 and over with dependent children,234,79,155
S01008440,Couple family: Total,222,74,148
S01008440,Couple family: Both parents working,162,60,102
S01008440,Couple family: One parent working,56,12,44
S01008440,Couple family: No parents working,4,2,2
S01008440,Lone parent family: Total,12,5,7
S01008440,Lone parent family: Parent working,12,5,7
S01008440,Lone parent family: Parent not working,0,0,0
S01008441,All parents aged 16 and over with dependent children,111,39,72
S01008441,Couple family: Total,104,34,70
S01008441,Couple family: Both parents working,88,30,58
S01008441,Couple family: One parent working,16,4,12
S01008441,Couple family: No parents working,0,0,0
S01008441,Lone parent family: Total,7,5,2
S01008441,Lone parent family: Parent working,7,5,2
S01008441,Lone parent family: Parent not working,0,0,0
S01008442,All parents aged 16 and over with dependent children,164,71,93
S01008442,Couple family: Total,150,62,88
S01008442,Couple family: Both parents working,118,46,72
S01008442,Couple family: One parent working,28,12,16
S01008442,Couple family: No parents working,4,4,0
S01008442,Lone parent family: Total,14,9,5
S01008442,Lone parent family: Parent working,9,7,2
S01008442,Lone parent family: Parent not working,5,2,3
S01008443,All parents aged 16 and over with dependent children,126,48,78
S01008443,Couple family: Total,118,44,74
S01008443,Couple family: Both parents working,98,36,62
S01008443,Couple family: One parent working,18,6,12
S01008443,Couple family: No parents working,2,2,0
S01008443,Lone parent family: Total,8,4,4
S01008443,Lone parent family: Parent working,5,4,1
S01008443,Lone parent family: Parent not working,3,0,3
S01008444,All parents aged 16 and over with dependent children,162,81,81
S01008444,Couple family: Total,150,74,76
S01008444,Couple family: Both parents working,98,46,52
S01008444,Couple family: One parent working,50,26,24
S01008444,Couple family: No parents working,2,2,0
S01008444,Lone parent family: Total,12,7,5
S01008444,Lone parent family: Parent working,7,5,2
S01008444,Lone parent family: Parent not working,5,2,3
S01008445,All parents aged 16 and over with dependent children,240,64,176
S01008445,Couple family: Total,232,60,172
S01008445,Couple family: Both parents working,124,48,76
S01008445,Couple family: One parent working,94,8,86
S01008445,Couple family: No parents working,14,4,10
S01008445,Lone parent family: Total,8,4,4
S01008445,Lone parent family: Parent working,4,3,1
S01008445,Lone parent family: Parent not working,4,1,3
S01008446,All parents aged 16 and over with dependent children,199,63,136
S01008446,Couple family: Total,188,58,130
S01008446,Couple family: Both parents working,150,54,96
S01008446,Couple family: One parent working,38,4,34
S01008446,Couple family: No parents working,0,0,0
S01008446,Lone parent family: Total,11,5,6
S01008446,Lone parent family: Parent working,10,4,6
S01008446,Lone parent family: Parent not working,1,1,0
S01008447,All parents aged 16 and over with dependent children,150,61,89
S01008447,Couple family: Total,142,58,84
S01008447,Couple family: Both parents working,108,44,64
S01008447,Couple family: One parent working,32,12,20
S01008447,Couple family: No parents working,2,2,0
S01008447,Lone parent family: Total,8,3,5
S01008447,Lone parent family: Parent working,4,2,2
S01008447,Lone parent family: Parent not working,4,1,3
S01008448,All parents aged 16 and over with dependent children,166,76,90
S01008448,Couple family: Total,158,72,86
S01008448,Couple family: Both parents working,132,56,76
S01008448,Couple family: One parent working,24,14,10
S01008448,Couple family: No parents working,2,2,0
S01008448,Lone parent family: Total,8,4,4
S01008448,Lone parent family: Parent working,6,3,3
S01008448,Lone parent family: Parent not working,2,1,1
S01008449,All parents aged 16 and over with dependent children,185,89,96
S01008449,Couple family: Total,128,54,74
S01008449,Couple family: Both parents working,62,40,22
S01008449,Couple family: One parent working,32,6,26
S01008449,Couple family: No parents working,34,8,26
S01008449,Lone parent family: Total,57,35,22
S01008449,Lone parent family: Parent working,30,22,8
S01008449,Lone parent family: Parent not working,27,13,14
S01008450,All parents aged 16 and over with dependent children,141,82,59
S01008450,Couple family: Total,74,40,34
S01008450,Couple family: Both parents working,44,24,20
S01008450,Couple family: One parent working,28,14,14
S01008450,Couple family: No parents working,2,2,0
S01008450,Lone parent family: Total,67,42,25
S01008450,Lone parent family: Parent working,34,25,9
S01008450,Lone parent family: Parent not working,33,17,16
S01008451,All parents aged 16 and over with dependent children,161,78,83
S01008451,Couple family: Total,92,38,54
S01008451,Couple family: Both parents working,48,26,22
S01008451,Couple family: One parent working,30,8,22
S01008451,Couple family: No parents working,14,4,10
S01008451,Lone parent family: Total,69,40,29
S01008451,Lone parent family: Parent working,31,22,9
S01008451,Lone parent family: Parent not working,38,18,20
S01008452,All parents aged 16 and over with dependent children,139,47,92
S01008452,Couple family: Total,86,32,54
S01008452,Couple family: Both parents working,42,20,22
S01008452,Couple family: One parent working,24,8,16
S01008452,Couple family: No parents working,20,4,16
S01008452,Lone parent family: Total,53,15,38
S01008452,Lone parent family: Parent working,30,12,18
S01008452,Lone parent family: Parent not working,23,3,20
S01008453,All parents aged 16 and over with dependent children,124,69,55
S01008453,Couple family: Total,94,56,38
S01008453,Couple family: Both parents working,62,46,16
S01008453,Couple family: One parent working,22,8,14
S01008453,Couple family: No parents working,10,2,8
S01008453,Lone parent family: Total,30,13,17
S01008453,Lone parent family: Parent working,10,6,4
S01008453,Lone parent family: Parent not working,20,7,13
S01008454,All parents aged 16 and over with dependent children,221,108,113
S01008454,Couple family: Total,136,62,74
S01008454,Couple family: Both parents working,62,26,36
S01008454,Couple family: One parent working,42,22,20
S01008454,Couple family: No parents working,32,14,18
S01008454,Lone parent family: Total,85,46,39
S01008454,Lone parent family: Parent working,38,26,12
S01008454,Lone parent family: Parent not working,47,20,27
S01008455,All parents aged 16 and over with dependent children,195,121,74
S01008455,Couple family: Total,118,70,48
S01008455,Couple family: Both parents working,42,28,14
S01008455,Couple family: One parent working,44,20,24
S01008455,Couple family: No parents working,32,22,10
S01008455,Lone parent family: Total,77,51,26
S01008455,Lone parent family: Parent working,30,24,6
S01008455,Lone parent family: Parent not working,47,27,20
S01008456,All parents aged 16 and over with dependent children,217,128,89
S01008456,Couple family: Total,146,84,62
S01008456,Couple family: Both parents working,58,38,20
S01008456,Couple family: One parent working,66,34,32
S01008456,Couple family: No parents working,22,12,10
S01008456,Lone parent family: Total,71,44,27
S01008456,Lone parent family: Parent working,29,21,8
S01008456,Lone parent family: Parent not working,42,23,19
S01008457,All parents aged 16 and over with dependent children,86,52,34
S01008457,Couple family: Total,56,28,28
S01008457,Couple family: Both parents working,24,14,10
S01008457,Couple family: One parent working,24,14,10
S01008457,Couple family: No parents working,8,0,8
S01008457,Lone parent family: Total,30,24,6
S01008457,Lone parent family: Parent working,11,9,2
S01008457,Lone parent family: Parent not working,19,15,4
S01008458,All parents aged 16 and over with dependent children,204,98,106
S01008458,Couple family: Total,144,66,78
S01008458,Couple family: Both parents working,104,58,46
S01008458,Couple family: One parent working,34,6,28
S01008458,Couple family: No parents working,6,2,4
S01008458,Lone parent family: Total,60,32,28
S01008458,Lone parent family: Parent working,24,17,7
S01008458,Lone parent family: Parent not working,36,15,21
S01008459,All parents aged 16 and over with dependent children,134,78,56
S01008459,Couple family: Total,88,56,32
S01008459,Couple family: Both parents working,52,34,18
S01008459,Couple family: One parent working,14,10,4
S01008459,Couple family: No parents working,22,12,10
S01008459,Lone parent family: Total,46,22,24
S01008459,Lone parent family: Parent working,14,10,4
S01008459,Lone parent family: Parent not working,32,12,20
S01008460,All parents aged 16 and over with dependent children,184,77,107
S01008460,Couple family: Total,94,34,60
S01008460,Couple family: Both parents working,52,22,30
S01008460,Couple family: One parent working,26,8,18
S01008460,Couple family: No parents working,16,4,12
S01008460,Lone parent family: Total,90,43,47
S01008460,Lone parent family: Parent working,25,16,9
S01008460,Lone parent family: Parent not working,65,27,38
S01008461,All parents aged 16 and over with dependent children,201,112,89
S01008461,Couple family: Total,109,52,57
S01008461,Couple family: Both parents working,68,42,26
S01008461,Couple family: One parent working,34,8,26
S01008461,Couple family: No parents working,7,2,5
S01008461,Lone parent family: Total,92,60,32
S01008461,Lone parent family: Parent working,33,25,8
S01008461,Lone parent family: Parent not working,59,35,24
S01008462,All parents aged 16 and over with dependent children,63,27,36
S01008462,Couple family: Total,40,18,22
S01008462,Couple family: Both parents working,18,6,12
S01008462,Couple family: One parent working,6,2,4
S01008462,Couple family: No parents working,16,10,6
S01008462,Lone parent family: Total,23,9,14
S01008462,Lone parent family: Parent working,6,4,2
S01008462,Lone parent family: Parent not working,17,5,12
S01008463,All parents aged 16 and over with dependent children,128,82,46
S01008463,Couple family: Total,88,58,30
S01008463,Couple family: Both parents working,48,30,18
S01008463,Couple family: One parent working,24,16,8
S01008463,Couple family: No parents working,16,12,4
S01008463,Lone parent family: Total,40,24,16
S01008463,Lone parent family: Parent working,13,10,3
S01008463,Lone parent family: Parent not working,27,14,13
S01008464,All parents aged 16 and over with dependent children,158,93,65
S01008464,Couple family: Total,102,56,46
S01008464,Couple family: Both parents working,70,30,40
S01008464,Couple family: One parent working,30,24,6
S01008464,Couple family: No parents working,2,2,0
S01008464,Lone parent family: Total,56,37,19
S01008464,Lone parent family: Parent working,20,18,2
S01008464,Lone parent family: Parent not working,36,19,17
S01008465,All parents aged 16 and over with dependent children,130,68,62
S01008465,Couple family: Total,88,44,44
S01008465,Couple family: Both parents working,70,38,32
S01008465,Couple family: One parent working,16,6,10
S01008465,Couple family: No parents working,2,0,2
S01008465,Lone parent family: Total,42,24,18
S01008465,Lone parent family: Parent working,23,16,7
S01008465,Lone parent family: Parent not working,19,8,11
S01008466,All parents aged 16 and over with dependent children,155,84,71
S01008466,Couple family: Total,106,56,50
S01008466,Couple family: Both parents working,64,36,28
S01008466,Couple family: One parent working,36,16,20
S01008466,Couple family: No parents working,6,4,2
S01008466,Lone parent family: Total,49,28,21
S01008466,Lone parent family: Parent working,30,18,12
S01008466,Lone parent family: Parent not working,19,10,9
S01008467,All parents aged 16 and over with dependent children,165,89,76
S01008467,Couple family: Total,132,66,66
S01008467,Couple family: Both parents working,100,52,48
S01008467,Couple family: One parent working,22,6,16
S01008467,Couple family: No parents working,10,8,2
S01008467,Lone parent family: Total,33,23,10
S01008467,Lone parent family: Parent working,14,12,2
S01008467,Lone parent family: Parent not working,19,11,8
S01008468,All parents aged 16 and over with dependent children,141,54,87
S01008468,Couple family: Total,104,32,72
S01008468,Couple family: Both parents working,66,26,40
S01008468,Couple family: One parent working,24,2,22
S01008468,Couple family: No parents working,14,4,10
S01008468,Lone parent family: Total,37,22,15
S01008468,Lone parent family: Parent working,12,8,4
S01008468,Lone parent family: Parent not working,25,14,11
S01008469,All parents aged 16 and over with dependent children,109,60,49
S01008469,Couple family: Total,92,50,42
S01008469,Couple family: Both parents working,52,32,20
S01008469,Couple family: One parent working,28,12,16
S01008469,Couple family: No parents working,12,6,6
S01008469,Lone parent family: Total,17,10,7
S01008469,Lone parent family: Parent working,11,6,5
S01008469,Lone parent family: Parent not working,6,4,2
S01008470,All parents aged 16 and over with dependent children,143,73,70
S01008470,Couple family: Total,108,48,60
S01008470,Couple family: Both parents working,44,16,28
S01008470,Couple family: One parent working,40,22,18
S01008470,Couple family: No parents working,24,10,14
S01008470,Lone parent family: Total,35,25,10
S01008470,Lone parent family: Parent working,12,7,5
S01008470,Lone parent family: Parent not working,23,18,5
S01008471,All parents aged 16 and over with dependent children,186,64,122
S01008471,Couple family: Total,106,30,76
S01008471,Couple family: Both parents working,58,18,40
S01008471,Couple family: One parent working,34,6,28
S01008471,Couple family: No parents working,14,6,8
S01008471,Lone parent family: Total,80,34,46
S01008471,Lone parent family: Parent working,29,14,15
S01008471,Lone parent family: Parent not working,51,20,31
S01008472,All parents aged 16 and over with dependent children,147,61,86
S01008472,Couple family: Total,112,44,68
S01008472,Couple family: Both parents working,68,32,36
S01008472,Couple family: One parent working,18,4,14
S01008472,Couple family: No parents working,26,8,18
S01008472,Lone parent family: Total,35,17,18
S01008472,Lone parent family: Parent working,11,6,5
S01008472,Lone parent family: Parent not working,24,11,13
S01008473,All parents aged 16 and over with dependent children,147,72,75
S01008473,Couple family: Total,104,48,56
S01008473,Couple family: Both parents working,72,32,40
S01008473,Couple family: One parent working,22,14,8
S01008473,Couple family: No parents working,10,2,8
S01008473,Lone parent family: Total,43,24,19
S01008473,Lone parent family: Parent working,23,15,8
S01008473,Lone parent family: Parent not working,20,9,11
S01008474,All parents aged 16 and over with dependent children,124,72,52
S01008474,Couple family: Total,82,48,34
S01008474,Couple family: Both parents working,44,30,14
S01008474,Couple family: One parent working,24,12,12
S01008474,Couple family: No parents working,14,6,8
S01008474,Lone parent family: Total,42,24,18
S01008474,Lone parent family: Parent working,11,6,5
S01008474,Lone parent family: Parent not working,31,18,13
S01008475,All parents aged 16 and over with dependent children,102,57,45
S01008475,Couple family: Total,58,24,34
S01008475,Couple family: Both parents working,38,20,18
S01008475,Couple family: One parent working,18,2,16
S01008475,Couple family: No parents working,2,2,0
S01008475,Lone parent family: Total,44,33,11
S01008475,Lone parent family: Parent working,24,18,6
S01008475,Lone parent family: Parent not working,20,15,5
S01008476,All parents aged 16 and over with dependent children,104,66,38
S01008476,Couple family: Total,76,44,32
S01008476,Couple family: Both parents working,50,36,14
S01008476,Couple family: One parent working,18,2,16
S01008476,Couple family: No parents working,8,6,2
S01008476,Lone parent family: Total,28,22,6
S01008476,Lone parent family: Parent working,16,11,5
S01008476,Lone parent family: Parent not working,12,11,1
S01008477,All parents aged 16 and over with dependent children,101,63,38
S01008477,Couple family: Total,66,36,30
S01008477,Couple family: Both parents working,26,16,10
S01008477,Couple family: One parent working,24,6,18
S01008477,Couple family: No parents working,16,14,2
S01008477,Lone parent family: Total,35,27,8
S01008477,Lone parent family: Parent working,16,11,5
S01008477,Lone parent family: Parent not working,19,16,3
S01008478,All parents aged 16 and over with dependent children,129,59,70
S01008478,Couple family: Total,96,40,56
S01008478,Couple family: Both parents working,52,30,22
S01008478,Couple family: One parent working,32,8,24
S01008478,Couple family: No parents working,12,2,10
S01008478,Lone parent family: Total,33,19,14
S01008478,Lone parent family: Parent working,19,13,6
S01008478,Lone parent family: Parent not working,14,6,8
S01008479,All parents aged 16 and over with dependent children,125,85,40
S01008479,Couple family: Total,80,52,28
S01008479,Couple family: Both parents working,54,38,16
S01008479,Couple family: One parent working,18,12,6
S01008479,Couple family: No parents working,8,2,6
S01008479,Lone parent family: Total,45,33,12
S01008479,Lone parent family: Parent working,15,13,2
S01008479,Lone parent family: Parent not working,30,20,10
S01008480,All parents aged 16 and over with dependent children,106,63,43
S01008480,Couple family: Total,64,36,28
S01008480,Couple family: Both parents working,40,24,16
S01008480,Couple family: One parent working,20,10,10
S01008480,Couple family: No parents working,4,2,2
S01008480,Lone parent family: Total,42,27,15
S01008480,Lone parent family: Parent working,18,14,4
S01008480,Lone parent family: Parent not working,24,13,11
S01008481,All parents aged 16 and over with dependent children,205,87,118
S01008481,Couple family: Total,152,66,86
S01008481,Couple family: Both parents working,102,54,48
S01008481,Couple family: One parent working,38,6,32
S01008481,Couple family: No parents working,12,6,6
S01008481,Lone parent family: Total,53,21,32
S01008481,Lone parent family: Parent working,16,11,5
S01008481,Lone parent family: Parent not working,37,10,27
S01008482,All parents aged 16 and over with dependent children,106,51,55
S01008482,Couple family: Total,76,28,48
S01008482,Couple family: Both parents working,52,16,36
S01008482,Couple family: One parent working,16,6,10
S01008482,Couple family: No parents working,8,6,2
S01008482,Lone parent family: Total,30,23,7
S01008482,Lone parent family: Parent working,16,12,4
S01008482,Lone parent family: Parent not working,14,11,3
S01008483,All parents aged 16 and over with dependent children,82,49,33
S01008483,Couple family: Total,62,34,28
S01008483,Couple family: Both parents working,54,32,22
S01008483,Couple family: One parent working,6,2,4
S01008483,Couple family: No parents working,2,0,2
S01008483,Lone parent family: Total,20,15,5
S01008483,Lone parent family: Parent working,10,5,5
S01008483,Lone parent family: Parent not working,10,10,0
S01008484,All parents aged 16 and over with dependent children,141,66,75
S01008484,Couple family: Total,122,54,68
S01008484,Couple family: Both parents working,94,42,52
S01008484,Couple family: One parent working,24,12,12
S01008484,Couple family: No parents working,4,0,4
S01008484,Lone parent family: Total,19,12,7
S01008484,Lone parent family: Parent working,14,9,5
S01008484,Lone parent family: Parent not working,5,3,2
S01008485,All parents aged 16 and over with dependent children,241,101,140
S01008485,Couple family: Total,216,92,124
S01008485,Couple family: Both parents working,130,72,58
S01008485,Couple family: One parent working,74,16,58
S01008485,Couple family: No parents working,12,4,8
S01008485,Lone parent family: Total,25,9,16
S01008485,Lone parent family: Parent working,18,7,11
S01008485,Lone parent family: Parent not working,7,2,5
S01008486,All parents aged 16 and over with dependent children,111,66,45
S01008486,Couple family: Total,86,48,38
S01008486,Couple family: Both parents working,70,40,30
S01008486,Couple family: One parent working,10,6,4
S01008486,Couple family: No parents working,6,2,4
S01008486,Lone parent family: Total,25,18,7
S01008486,Lone parent family: Parent working,11,7,4
S01008486,Lone parent family: Parent not working,14,11,3
S01008487,All parents aged 16 and over with dependent children,109,78,31
S01008487,Couple family: Total,90,64,26
S01008487,Couple family: Both parents working,64,42,22
S01008487,Couple family: One parent working,20,18,2
S01008487,Couple family: No parents working,6,4,2
S01008487,Lone parent family: Total,19,14,5
S01008487,Lone parent family: Parent working,17,12,5
S01008487,Lone parent family: Parent not working,2,2,0
S01008488,All parents aged 16 and over with dependent children,105,58,47
S01008488,Couple family: Total,84,42,42
S01008488,Couple family: Both parents working,52,28,24
S01008488,Couple family: One parent working,28,12,16
S01008488,Couple family: No parents working,4,2,2
S01008488,Lone parent family: Total,21,16,5
S01008488,Lone parent family: Parent working,14,12,2
S01008488,Lone parent family: Parent not working,7,4,3
S01008489,All parents aged 16 and over with dependent children,102,68,34
S01008489,Couple family: Total,80,54,26
S01008489,Couple family: Both parents working,56,40,16
S01008489,Couple family: One parent working,22,12,10
S01008489,Couple family: No parents working,2,2,0
S01008489,Lone parent family: Total,22,14,8
S01008489,Lone parent family: Parent working,14,7,7
S01008489,Lone parent family: Parent not working,8,7,1
S01008490,All parents aged 16 and over with dependent children,116,71,45
S01008490,Couple family: Total,92,54,38
S01008490,Couple family: Both parents working,62,42,20
S01008490,Couple family: One parent working,26,10,16
S01008490,Couple family: No parents working,4,2,2
S01008490,Lone parent family: Total,24,17,7
S01008490,Lone parent family: Parent working,17,12,5
S01008490,Lone parent family: Parent not working,7,5,2
S01008491,All parents aged 16 and over with dependent children,123,80,43
S01008491,Couple family: Total,106,72,34
S01008491,Couple family: Both parents working,70,46,24
S01008491,Couple family: One parent working,28,20,8
S01008491,Couple family: No parents working,8,6,2
S01008491,Lone parent family: Total,17,8,9
S01008491,Lone parent family: Parent working,10,7,3
S01008491,Lone parent family: Parent not working,7,1,6
S01008492,All parents aged 16 and over with dependent children,127,68,59
S01008492,Couple family: Total,82,46,36
S01008492,Couple family: Both parents working,50,34,16
S01008492,Couple family: One parent working,22,10,12
S01008492,Couple family: No parents working,10,2,8
S01008492,Lone parent family: Total,45,22,23
S01008492,Lone parent family: Parent working,24,17,7
S01008492,Lone parent family: Parent not working,21,5,16
S01008493,All parents aged 16 and over with dependent children,113,60,53
S01008493,Couple family: Total,82,44,38
S01008493,Couple family: Both parents working,56,32,24
S01008493,Couple family: One parent working,22,10,12
S01008493,Couple family: No parents working,4,2,2
S01008493,Lone parent family: Total,31,16,15
S01008493,Lone parent family: Parent working,15,11,4
S01008493,Lone parent family: Parent not working,16,5,11
S01008494,All parents aged 16 and over with dependent children,81,43,38
S01008494,Couple family: Total,52,28,24
S01008494,Couple family: Both parents working,30,20,10
S01008494,Couple family: One parent working,16,8,8
S01008494,Couple family: No parents working,6,0,6
S01008494,Lone parent family: Total,29,15,14
S01008494,Lone parent family: Parent working,12,11,1
S01008494,Lone parent family: Parent not working,17,4,13
S01008495,All parents aged 16 and over with dependent children,66,58,8
S01008495,Couple family: Total,56,48,8
S01008495,Couple family: Both parents working,30,26,4
S01008495,Couple family: One parent working,22,18,4
S01008495,Couple family: No parents working,4,4,0
S01008495,Lone parent family: Total,10,10,0
S01008495,Lone parent family: Parent working,3,3,0
S01008495,Lone parent family: Parent not working,7,7,0
S01008496,All parents aged 16 and over with dependent children,46,40,6
S01008496,Couple family: Total,36,30,6
S01008496,Couple family: Both parents working,10,8,2
S01008496,Couple family: One parent working,26,22,4
S01008496,Couple family: No parents working,0,0,0
S01008496,Lone parent family: Total,10,10,0
S01008496,Lone parent family: Parent working,4,4,0
S01008496,Lone parent family: Parent not working,6,6,0
S01008497,All parents aged 16 and over with dependent children,50,41,9
S01008497,Couple family: Total,46,38,8
S01008497,Couple family: Both parents working,32,26,6
S01008497,Couple family: One parent working,14,12,2
S01008497,Couple family: No parents working,0,0,0
S01008497,Lone parent family: Total,4,3,1
S01008497,Lone parent family: Parent working,4,3,1
S01008497,Lone parent family: Parent not working,0,0,0
S01008498,All parents aged 16 and over with dependent children,56,38,18
S01008498,Couple family: Total,46,32,14
S01008498,Couple family: Both parents working,26,16,10
S01008498,Couple family: One parent working,18,14,4
S01008498,Couple family: No parents working,2,2,0
S01008498,Lone parent family: Total,10,6,4
S01008498,Lone parent family: Parent working,9,5,4
S01008498,Lone parent family: Parent not working,1,1,0
S01008499,All parents aged 16 and over with dependent children,82,62,20
S01008499,Couple family: Total,64,46,18
S01008499,Couple family: Both parents working,30,26,4
S01008499,Couple family: One parent working,18,12,6
S01008499,Couple family: No parents working,16,8,8
S01008499,Lone parent family: Total,18,16,2
S01008499,Lone parent family: Parent working,11,9,2
S01008499,Lone parent family: Parent not working,7,7,0
S01008500,All parents aged 16 and over with dependent children,42,20,22
S01008500,Couple family: Total,24,12,12
S01008500,Couple family: Both parents working,12,10,2
S01008500,Couple family: One parent working,12,2,10
S01008500,Couple family: No parents working,0,0,0
S01008500,Lone parent family: Total,18,8,10
S01008500,Lone parent family: Parent working,11,5,6
S01008500,Lone parent family: Parent not working,7,3,4
S01008501,All parents aged 16 and over with dependent children,60,32,28
S01008501,Couple family: Total,56,30,26
S01008501,Couple family: Both parents working,16,14,2
S01008501,Couple family: One parent working,36,16,20
S01008501,Couple family: No parents working,4,0,4
S01008501,Lone parent family: Total,4,2,2
S01008501,Lone parent family: Parent working,3,2,1
S01008501,Lone parent family: Parent not working,1,0,1
S01008502,All parents aged 16 and over with dependent children,43,36,7
S01008502,Couple family: Total,32,28,4
S01008502,Couple family: Both parents working,22,18,4
S01008502,Couple family: One parent working,10,10,0
S01008502,Couple family: No parents working,0,0,0
S01008502,Lone parent family: Total,11,8,3
S01008502,Lone parent family: Parent working,9,7,2
S01008502,Lone parent family: Parent not working,2,1,1
S01008503,All parents aged 16 and over with dependent children,112,68,44
S01008503,Couple family: Total,100,58,42
S01008503,Couple family: Both parents working,84,46,38
S01008503,Couple family: One parent working,14,10,4
S01008503,Couple family: No parents working,2,2,0
S01008503,Lone parent family: Total,12,10,2
S01008503,Lone parent family: Parent working,12,10,2
S01008503,Lone parent family: Parent not working,0,0,0
S01008504,All parents aged 16 and over with dependent children,213,111,102
S01008504,Couple family: Total,196,98,98
S01008504,Couple family: Both parents working,168,86,82
S01008504,Couple family: One parent working,22,10,12
S01008504,Couple family: No parents working,6,2,4
S01008504,Lone parent family: Total,17,13,4
S01008504,Lone parent family: Parent working,11,8,3
S01008504,Lone parent family: Parent not working,6,5,1
S01008505,All parents aged 16 and over with dependent children,142,62,80
S01008505,Couple family: Total,128,50,78
S01008505,Couple family: Both parents working,102,42,60
S01008505,Couple family: One parent working,24,6,18
S01008505,Couple family: No parents working,2,2,0
S01008505,Lone parent family: Total,14,12,2
S01008505,Lone parent family: Parent working,10,8,2
S01008505,Lone parent family: Parent not working,4,4,0
S01008506,All parents aged 16 and over with dependent children,118,51,67
S01008506,Couple family: Total,104,42,62
S01008506,Couple family: Both parents working,78,34,44
S01008506,Couple family: One parent working,26,8,18
S01008506,Couple family: No parents working,0,0,0
S01008506,Lone parent family: Total,14,9,5
S01008506,Lone parent family: Parent working,10,8,2
S01008506,Lone parent family: Parent not working,4,1,3
S01008507,All parents aged 16 and over with dependent children,118,55,63
S01008507,Couple family: Total,102,46,56
S01008507,Couple family: Both parents working,90,38,52
S01008507,Couple family: One parent working,10,8,2
S01008507,Couple family: No parents working,2,0,2
S01008507,Lone parent family: Total,16,9,7
S01008507,Lone parent family: Parent working,11,7,4
S01008507,Lone parent family: Parent not working,5,2,3
S01008508,All parents aged 16 and over with dependent children,195,72,123
S01008508,Couple family: Total,186,66,120
S01008508,Couple family: Both parents working,154,56,98
S01008508,Couple family: One parent working,28,10,18
S01008508,Couple family: No parents working,4,0,4
S01008508,Lone parent family: Total,9,6,3
S01008508,Lone parent family: Parent working,8,6,2
S01008508,Lone parent family: Parent not working,1,0,1
S01008509,All parents aged 16 and over with dependent children,173,82,91
S01008509,Couple family: Total,154,72,82
S01008509,Couple family: Both parents working,130,68,62
S01008509,Couple family: One parent working,22,2,20
S01008509,Couple family: No parents working,2,2,0
S01008509,Lone parent family: Total,19,10,9
S01008509,Lone parent family: Parent working,15,9,6
S01008509,Lone parent family: Parent not working,4,1,3
S01008510,All parents aged 16 and over with dependent children,189,74,115
S01008510,Couple family: Total,172,66,106
S01008510,Couple family: Both parents working,140,58,82
S01008510,Couple family: One parent working,32,8,24
S01008510,Couple family: No parents working,0,0,0
S01008510,Lone parent family: Total,17,8,9
S01008510,Lone parent family: Parent working,13,7,6
S01008510,Lone parent family: Parent not working,4,1,3
S01008511,All parents aged 16 and over with dependent children,220,97,123
S01008511,Couple family: Total,206,88,118
S01008511,Couple family: Both parents working,152,70,82
S01008511,Couple family: One parent working,52,18,34
S01008511,Couple family: No parents working,2,0,2
S01008511,Lone parent family: Total,14,9,5
S01008511,Lone parent family: Parent working,10,6,4
S01008511,Lone parent family: Parent not working,4,3,1
S01008512,All parents aged 16 and over with dependent children,128,53,75
S01008512,Couple family: Total,122,50,72
S01008512,Couple family: Both parents working,102,42,60
S01008512,Couple family: One parent working,16,6,10
S01008512,Couple family: No parents working,4,2,2
S01008512,Lone parent family: Total,6,3,3
S01008512,Lone parent family: Parent working,6,3,3
S01008512,Lone parent family: Parent not working,0,0,0
S01008513,All parents aged 16 and over with dependent children,171,52,119
S01008513,Couple family: Total,166,50,116
S01008513,Couple family: Both parents working,126,44,82
S01008513,Couple family: One parent working,40,6,34
S01008513,Couple family: No parents working,0,0,0
S01008513,Lone parent family: Total,5,2,3
S01008513,Lone parent family: Parent working,4,1,3
S01008513,Lone parent family: Parent not working,1,1,0
S01008514,All parents aged 16 and over with dependent children,219,111,108
S01008514,Couple family: Total,202,102,100
S01008514,Couple family: Both parents working,160,86,74
S01008514,Couple family: One parent working,40,16,24
S01008514,Couple family: No parents working,2,0,2
S01008514,Lone parent family: Total,17,9,8
S01008514,Lone parent family: Parent working,13,8,5
S01008514,Lone parent family: Parent not working,4,1,3
S01008515,All parents aged 16 and over with dependent children,213,70,143
S01008515,Couple family: Total,200,62,138
S01008515,Couple family: Both parents working,158,54,104
S01008515,Couple family: One parent working,42,8,34
S01008515,Couple family: No parents working,0,0,0
S01008515,Lone parent family: Total,13,8,5
S01008515,Lone parent family: Parent working,9,6,3
S01008515,Lone parent family: Parent not working,4,2,2
S01008516,All parents aged 16 and over with dependent children,92,48,44
S01008516,Couple family: Total,76,36,40
S01008516,Couple family: Both parents working,48,24,24
S01008516,Couple family: One parent working,26,12,14
S01008516,Couple family: No parents working,2,0,2
S01008516,Lone parent family: Total,16,12,4
S01008516,Lone parent family: Parent working,12,10,2
S01008516,Lone parent family: Parent not working,4,2,2
S01008517,All parents aged 16 and over with dependent children,92,54,38
S01008517,Couple family: Total,80,44,36
S01008517,Couple family: Both parents working,58,34,24
S01008517,Couple family: One parent working,20,10,10
S01008517,Couple family: No parents working,2,0,2
S01008517,Lone parent family: Total,12,10,2
S01008517,Lone parent family: Parent working,10,9,1
S01008517,Lone parent family: Parent not working,2,1,1
S01008518,All parents aged 16 and over with dependent children,210,92,118
S01008518,Couple family: Total,194,78,116
S01008518,Couple family: Both parents working,150,62,88
S01008518,Couple family: One parent working,44,16,28
S01008518,Couple family: No parents working,0,0,0
S01008518,Lone parent family: Total,16,14,2
S01008518,Lone parent family: Parent working,10,9,1
S01008518,Lone parent family: Parent not working,6,5,1
S01008519,All parents aged 16 and over with dependent children,221,73,148
S01008519,Couple family: Total,206,62,144
S01008519,Couple family: Both parents working,160,50,110
S01008519,Couple family: One parent working,46,12,34
S01008519,Couple family: No parents working,0,0,0
S01008519,Lone parent family: Total,15,11,4
S01008519,Lone parent family: Parent working,12,8,4
S01008519,Lone parent family: Parent not working,3,3,0
S01008520,All parents aged 16 and over with dependent children,238,81,157
S01008520,Couple family: Total,222,74,148
S01008520,Couple family: Both parents working,168,66,102
S01008520,Couple family: One parent working,52,6,46
S01008520,Couple family: No parents working,2,2,0
S01008520,Lone parent family: Total,16,7,9
S01008520,Lone parent family: Parent working,11,5,6
S01008520,Lone parent family: Parent not working,5,2,3
S01008521,All parents aged 16 and over with dependent children,231,65,166
S01008521,Couple family: Total,222,60,162
S01008521,Couple family: Both parents working,174,50,124
S01008521,Couple family: One parent working,46,10,36
S01008521,Couple family: No parents working,2,0,2
S01008521,Lone parent family: Total,9,5,4
S01008521,Lone parent family: Parent working,8,5,3
S01008521,Lone parent family: Parent not working,1,0,1
S01008522,All parents aged 16 and over with dependent children,126,59,67
S01008522,Couple family: Total,116,54,62
S01008522,Couple family: Both parents working,88,46,42
S01008522,Couple family: One parent working,26,6,20
S01008522,Couple family: No parents working,2,2,0
S01008522,Lone parent family: Total,10,5,5
S01008522,Lone parent family: Parent working,7,5,2
S01008522,Lone parent family: Parent not working,3,0,3
S01008523,All parents aged 16 and over with dependent children,248,108,140
S01008523,Couple family: Total,226,98,128
S01008523,Couple family: Both parents working,166,72,94
S01008523,Couple family: One parent working,54,20,34
S01008523,Couple family: No parents working,6,6,0
S01008523,Lone parent family: Total,22,10,12
S01008523,Lone parent family: Parent working,18,9,9
S01008523,Lone parent family: Parent not working,4,1,3
S01008524,All parents aged 16 and over with dependent children,158,101,57
S01008524,Couple family: Total,100,62,38
S01008524,Couple family: Both parents working,60,40,20
S01008524,Couple family: One parent working,22,18,4
S01008524,Couple family: No parents working,18,4,14
S01008524,Lone parent family: Total,58,39,19
S01008524,Lone parent family: Parent working,27,18,9
S01008524,Lone parent family: Parent not working,31,21,10
S01008525,All parents aged 16 and over with dependent children,142,43,99
S01008525,Couple family: Total,102,34,68
S01008525,Couple family: Both parents working,60,28,32
S01008525,Couple family: One parent working,30,4,26
S01008525,Couple family: No parents working,12,2,10
S01008525,Lone parent family: Total,40,9,31
S01008525,Lone parent family: Parent working,22,7,15
S01008525,Lone parent family: Parent not working,18,2,16
S01008526,All parents aged 16 and over with dependent children,149,95,54
S01008526,Couple family: Total,120,74,46
S01008526,Couple family: Both parents working,88,58,30
S01008526,Couple family: One parent working,26,14,12
S01008526,Couple family: No parents working,6,2,4
S01008526,Lone parent family: Total,29,21,8
S01008526,Lone parent family: Parent working,15,11,4
S01008526,Lone parent family: Parent not working,14,10,4
S01008527,All parents aged 16 and over with dependent children,149,88,61
S01008527,Couple family: Total,100,62,38
S01008527,Couple family: Both parents working,68,40,28
S01008527,Couple family: One parent working,30,22,8
S01008527,Couple family: No parents working,2,0,2
S01008527,Lone parent family: Total,49,26,23
S01008527,Lone parent family: Parent working,30,21,9
S01008527,Lone parent family: Parent not working,19,5,14
S01008528,All parents aged 16 and over with dependent children,172,76,96
S01008528,Couple family: Total,122,52,70
S01008528,Couple family: Both parents working,82,42,40
S01008528,Couple family: One parent working,30,4,26
S01008528,Couple family: No parents working,10,6,4
S01008528,Lone parent family: Total,50,24,26
S01008528,Lone parent family: Parent working,30,16,14
S01008528,Lone parent family: Parent not working,20,8,12
S01008529,All parents aged 16 and over with dependent children,116,65,51
S01008529,Couple family: Total,86,48,38
S01008529,Couple family: Both parents working,68,38,30
S01008529,Couple family: One parent working,16,8,8
S01008529,Couple family: No parents working,2,2,0
S01008529,Lone parent family: Total,30,17,13
S01008529,Lone parent family: Parent working,13,8,5
S01008529,Lone parent family: Parent not working,17,9,8
S01008530,All parents aged 16 and over with dependent children,145,76,69
S01008530,Couple family: Total,90,42,48
S01008530,Couple family: Both parents working,54,28,26
S01008530,Couple family: One parent working,28,10,18
S01008530,Couple family: No parents working,8,4,4
S01008530,Lone parent family: Total,55,34,21
S01008530,Lone parent family: Parent working,30,20,10
S01008530,Lone parent family: Parent not working,25,14,11
S01008531,All parents aged 16 and over with dependent children,129,75,54
S01008531,Couple family: Total,80,40,40
S01008531,Couple family: Both parents working,52,28,24
S01008531,Couple family: One parent working,18,6,12
S01008531,Couple family: No parents working,10,6,4
S01008531,Lone parent family: Total,49,35,14
S01008531,Lone parent family: Parent working,29,22,7
S01008531,Lone parent family: Parent not working,20,13,7
S01008532,All parents aged 16 and over with dependent children,82,47,35
S01008532,Couple family: Total,60,32,28
S01008532,Couple family: Both parents working,46,22,24
S01008532,Couple family: One parent working,8,6,2
S01008532,Couple family: No parents working,6,4,2
S01008532,Lone parent family: Total,22,15,7
S01008532,Lone parent family: Parent working,15,13,2
S01008532,Lone parent family: Parent not working,7,2,5
S01008533,All parents aged 16 and over with dependent children,187,69,118
S01008533,Couple family: Total,180,68,112
S01008533,Couple family: Both parents working,78,42,36
S01008533,Couple family: One parent working,100,26,74
S01008533,Couple family: No parents working,2,0,2
S01008533,Lone parent family: Total,7,1,6
S01008533,Lone parent family: Parent working,5,1,4
S01008533,Lone parent family: Parent not working,2,0,2
S01008534,All parents aged 16 and over with dependent children,185,91,94
S01008534,Couple family: Total,176,84,92
S01008534,Couple family: Both parents working,118,56,62
S01008534,Couple family: One parent working,52,26,26
S01008534,Couple family: No parents working,6,2,4
S01008534,Lone parent family: Total,9,7,2
S01008534,Lone parent family: Parent working,7,6,1
S01008534,Lone parent family: Parent not working,2,1,1
S01008535,All parents aged 16 and over with dependent children,164,78,86
S01008535,Couple family: Total,156,74,82
S01008535,Couple family: Both parents working,132,64,68
S01008535,Couple family: One parent working,24,10,14
S01008535,Couple family: No parents working,0,0,0
S01008535,Lone parent family: Total,8,4,4
S01008535,Lone parent family: Parent working,6,4,2
S01008535,Lone parent family: Parent not working,2,0,2
S01008536,All parents aged 16 and over with dependent children,112,52,60
S01008536,Couple family: Total,104,46,58
S01008536,Couple family: Both parents working,90,44,46
S01008536,Couple family: One parent working,14,2,12
S01008536,Couple family: No parents working,0,0,0
S01008536,Lone parent family: Total,8,6,2
S01008536,Lone parent family: Parent working,5,4,1
S01008536,Lone parent family: Parent not working,3,2,1
S01008537,All parents aged 16 and over with dependent children,138,66,72
S01008537,Couple family: Total,130,62,68
S01008537,Couple family: Both parents working,102,52,50
S01008537,Couple family: One parent working,22,4,18
S01008537,Couple family: No parents working,6,6,0
S01008537,Lone parent family: Total,8,4,4
S01008537,Lone parent family: Parent working,7,4,3
S01008537,Lone parent family: Parent not working,1,0,1
S01008538,All parents aged 16 and over with dependent children,103,40,63
S01008538,Couple family: Total,100,38,62
S01008538,Couple family: Both parents working,84,32,52
S01008538,Couple family: One parent working,16,6,10
S01008538,Couple family: No parents working,0,0,0
S01008538,Lone parent family: Total,3,2,1
S01008538,Lone parent family: Parent working,3,2,1
S01008538,Lone parent family: Parent not working,0,0,0
S01008539,All parents aged 16 and over with dependent children,209,114,95
S01008539,Couple family: Total,202,108,94
S01008539,Couple family: Both parents working,166,86,80
S01008539,Couple family: One parent working,32,18,14
S01008539,Couple family: No parents working,4,4,0
S01008539,Lone parent family: Total,7,6,1
S01008539,Lone parent family: Parent working,5,4,1
S01008539,Lone parent family: Parent not working,2,2,0
S01008540,All parents aged 16 and over with dependent children,169,51,118
S01008540,Couple family: Total,160,44,116
S01008540,Couple family: Both parents working,114,32,82
S01008540,Couple family: One parent working,42,8,34
S01008540,Couple family: No parents working,4,4,0
S01008540,Lone parent family: Total,9,7,2
S01008540,Lone parent family: Parent working,6,4,2
S01008540,Lone parent family: Parent not working,3,3,0
S01008541,All parents aged 16 and over with dependent children,250,91,159
S01008541,Couple family: Total,228,80,148
S01008541,Couple family: Both parents working,198,70,128
S01008541,Couple family: One parent working,30,10,20
S01008541,Couple family: No parents working,0,0,0
S01008541,Lone parent family: Total,22,11,11
S01008541,Lone parent family: Parent working,19,9,10
S01008541,Lone parent family: Parent not working,3,2,1
S01008542,All parents aged 16 and over with dependent children,254,76,178
S01008542,Couple family: Total,240,72,168
S01008542,Couple family: Both parents working,198,62,136
S01008542,Couple family: One parent working,42,10,32
S01008542,Couple family: No parents working,0,0,0
S01008542,Lone parent family: Total,14,4,10
S01008542,Lone parent family: Parent working,12,4,8
S01008542,Lone parent family: Parent not working,2,0,2
S01008543,All parents aged 16 and over with dependent children,217,79,138
S01008543,Couple family: Total,208,74,134
S01008543,Couple family: Both parents working,160,62,98
S01008543,Couple family: One parent working,48,12,36
S01008543,Couple family: No parents working,0,0,0
S01008543,Lone parent family: Total,9,5,4
S01008543,Lone parent family: Parent working,7,4,3
S01008543,Lone parent family: Parent not working,2,1,1
S01008544,All parents aged 16 and over with dependent children,221,62,159
S01008544,Couple family: Total,206,52,154
S01008544,Couple family: Both parents working,174,48,126
S01008544,Couple family: One parent working,30,2,28
S01008544,Couple family: No parents working,2,2,0
S01008544,Lone parent family: Total,15,10,5
S01008544,Lone parent family: Parent working,14,9,5
S01008544,Lone parent family: Parent not working,1,1,0
S01008545,All parents aged 16 and over with dependent children,248,79,169
S01008545,Couple family: Total,238,74,164
S01008545,Couple family: Both parents working,180,60,120
S01008545,Couple family: One parent working,54,12,42
S01008545,Couple family: No parents working,4,2,2
S01008545,Lone parent family: Total,10,5,5
S01008545,Lone parent family: Parent working,8,4,4
S01008545,Lone parent family: Parent not working,2,1,1
S01008546,All parents aged 16 and over with dependent children,152,66,86
S01008546,Couple family: Total,146,64,82
S01008546,Couple family: Both parents working,132,58,74
S01008546,Couple family: One parent working,10,6,4
S01008546,Couple family: No parents working,4,0,4
S01008546,Lone parent family: Total,6,2,4
S01008546,Lone parent family: Parent working,5,1,4
S01008546,Lone parent family: Parent not working,1,1,0
S01008547,All parents aged 16 and over with dependent children,228,98,130
S01008547,Couple family: Total,200,86,114
S01008547,Couple family: Both parents working,140,66,74
S01008547,Couple family: One parent working,54,16,38
S01008547,Couple family: No parents working,6,4,2
S01008547,Lone parent family: Total,28,12,16
S01008547,Lone parent family: Parent working,17,9,8
S01008547,Lone parent family: Parent not working,11,3,8
S01008548,All parents aged 16 and over with dependent children,216,121,95
S01008548,Couple family: Total,182,102,80
S01008548,Couple family: Both parents working,134,68,66
S01008548,Couple family: One parent working,40,28,12
S01008548,Couple family: No parents working,8,6,2
S01008548,Lone parent family: Total,34,19,15
S01008548,Lone parent family: Parent working,15,12,3
S01008548,Lone parent family: Parent not working,19,7,12
S01008549,All parents aged 16 and over with dependent children,184,99,85
S01008549,Couple family: Total,154,78,76
S01008549,Couple family: Both parents working,112,58,54
S01008549,Couple family: One parent working,38,20,18
S01008549,Couple family: No parents working,4,0,4
S01008549,Lone parent family: Total,30,21,9
S01008549,Lone parent family: Parent working,20,17,3
S01008549,Lone parent family: Parent not working,10,4,6
S01008550,All parents aged 16 and over with dependent children,185,107,78
S01008550,Couple family: Total,166,96,70
S01008550,Couple family: Both parents working,120,76,44
S01008550,Couple family: One parent working,42,18,24
S01008550,Couple family: No parents working,4,2,2
S01008550,Lone parent family: Total,19,11,8
S01008550,Lone parent family: Parent working,10,7,3
S01008550,Lone parent family: Parent not working,9,4,5
S01008551,All parents aged 16 and over with dependent children,150,83,67
S01008551,Couple family: Total,134,74,60
S01008551,Couple family: Both parents working,118,68,50
S01008551,Couple family: One parent working,12,4,8
S01008551,Couple family: No parents working,4,2,2
S01008551,Lone parent family: Total,16,9,7
S01008551,Lone parent family: Parent working,11,8,3
S01008551,Lone parent family: Parent not working,5,1,4
S01008552,All parents aged 16 and over with dependent children,151,59,92
S01008552,Couple family: Total,132,50,82
S01008552,Couple family: Both parents working,98,38,60
S01008552,Couple family: One parent working,24,10,14
S01008552,Couple family: No parents working,10,2,8
S01008552,Lone parent family: Total,19,9,10
S01008552,Lone parent family: Parent working,15,7,8
S01008552,Lone parent family: Parent not working,4,2,2
S01008553,All parents aged 16 and over with dependent children,80,47,33
S01008553,Couple family: Total,66,40,26
S01008553,Couple family: Both parents working,48,32,16
S01008553,Couple family: One parent working,14,4,10
S01008553,Couple family: No parents working,4,4,0
S01008553,Lone parent family: Total,14,7,7
S01008553,Lone parent family: Parent working,6,2,4
S01008553,Lone parent family: Parent not working,8,5,3
S01008554,All parents aged 16 and over with dependent children,244,91,153
S01008554,Couple family: Total,158,58,100
S01008554,Couple family: Both parents working,66,24,42
S01008554,Couple family: One parent working,50,20,30
S01008554,Couple family: No parents working,42,14,28
S01008554,Lone parent family: Total,86,33,53
S01008554,Lone parent family: Parent working,31,16,15
S01008554,Lone parent family: Parent not working,55,17,38
S01008555,All parents aged 16 and over with dependent children,229,127,102
S01008555,Couple family: Total,130,70,60
S01008555,Couple family: Both parents working,78,44,34
S01008555,Couple family: One parent working,34,16,18
S01008555,Couple family: No parents working,18,10,8
S01008555,Lone parent family: Total,99,57,42
S01008555,Lone parent family: Parent working,42,28,14
S01008555,Lone parent family: Parent not working,57,29,28
S01008556,All parents aged 16 and over with dependent children,160,78,82
S01008556,Couple family: Total,96,48,48
S01008556,Couple family: Both parents working,52,30,22
S01008556,Couple family: One parent working,32,14,18
S01008556,Couple family: No parents working,12,4,8
S01008556,Lone parent family: Total,64,30,34
S01008556,Lone parent family: Parent working,15,8,7
S01008556,Lone parent family: Parent not working,49,22,27
S01008557,All parents aged 16 and over with dependent children,177,69,108
S01008557,Couple family: Total,108,44,64
S01008557,Couple family: Both parents working,70,36,34
S01008557,Couple family: One parent working,26,6,20
S01008557,Couple family: No parents working,12,2,10
S01008557,Lone parent family: Total,69,25,44
S01008557,Lone parent family: Parent working,28,16,12
S01008557,Lone parent family: Parent not working,41,9,32
S01008558,All parents aged 16 and over with dependent children,152,61,91
S01008558,Couple family: Total,90,32,58
S01008558,Couple family: Both parents working,52,16,36
S01008558,Couple family: One parent working,32,14,18
S01008558,Couple family: No parents working,6,2,4
S01008558,Lone parent family: Total,62,29,33
S01008558,Lone parent family: Parent working,29,19,10
S01008558,Lone parent family: Parent not working,33,10,23
S01008559,All parents aged 16 and over with dependent children,131,58,73
S01008559,Couple family: Total,92,38,54
S01008559,Couple family: Both parents working,62,30,32
S01008559,Couple family: One parent working,22,4,18
S01008559,Couple family: No parents working,8,4,4
S01008559,Lone parent family: Total,39,20,19
S01008559,Lone parent family: Parent working,19,14,5
S01008559,Lone parent family: Parent not working,20,6,14
S01008560,All parents aged 16 and over with dependent children,143,78,65
S01008560,Couple family: Total,108,58,50
S01008560,Couple family: Both parents working,78,42,36
S01008560,Couple family: One parent working,24,12,12
S01008560,Couple family: No parents working,6,4,2
S01008560,Lone parent family: Total,35,20,15
S01008560,Lone parent family: Parent working,18,12,6
S01008560,Lone parent family: Parent not working,17,8,9
S01008561,All parents aged 16 and over with dependent children,149,67,82
S01008561,Couple family: Total,118,54,64
S01008561,Couple family: Both parents working,82,44,38
S01008561,Couple family: One parent working,22,6,16
S01008561,Couple family: No parents working,14,4,10
S01008561,Lone parent family: Total,31,13,18
S01008561,Lone parent family: Parent working,14,6,8
S01008561,Lone parent family: Parent not working,17,7,10
S01008562,All parents aged 16 and over with dependent children,129,48,81
S01008562,Couple family: Total,82,34,48
S01008562,Couple family: Both parents working,52,22,30
S01008562,Couple family: One parent working,20,8,12
S01008562,Couple family: No parents working,10,4,6
S01008562,Lone parent family: Total,47,14,33
S01008562,Lone parent family: Parent working,18,7,11
S01008562,Lone parent family: Parent not working,29,7,22
S01008563,All parents aged 16 and over with dependent children,175,97,78
S01008563,Couple family: Total,118,68,50
S01008563,Couple family: Both parents working,88,58,30
S01008563,Couple family: One parent working,28,8,20
S01008563,Couple family: No parents working,2,2,0
S01008563,Lone parent family: Total,57,29,28
S01008563,Lone parent family: Parent working,17,10,7
S01008563,Lone parent family: Parent not working,40,19,21
S01008564,All parents aged 16 and over with dependent children,87,64,23
S01008564,Couple family: Total,66,50,16
S01008564,Couple family: Both parents working,54,42,12
S01008564,Couple family: One parent working,10,8,2
S01008564,Couple family: No parents working,2,0,2
S01008564,Lone parent family: Total,21,14,7
S01008564,Lone parent family: Parent working,13,8,5
S01008564,Lone parent family: Parent not working,8,6,2
S01008565,All parents aged 16 and over with dependent children,201,95,106
S01008565,Couple family: Total,140,62,78
S01008565,Couple family: Both parents working,96,42,54
S01008565,Couple family: One parent working,28,16,12
S01008565,Couple family: No parents working,16,4,12
S01008565,Lone parent family: Total,61,33,28
S01008565,Lone parent family: Parent working,28,17,11
S01008565,Lone parent family: Parent not working,33,16,17
S01008566,All parents aged 16 and over with dependent children,215,93,122
S01008566,Couple family: Total,152,66,86
S01008566,Couple family: Both parents working,88,50,38
S01008566,Couple family: One parent working,42,8,34
S01008566,Couple family: No parents working,22,8,14
S01008566,Lone parent family: Total,63,27,36
S01008566,Lone parent family: Parent working,32,22,10
S01008566,Lone parent family: Parent not working,31,5,26
S01008567,All parents aged 16 and over with dependent children,178,81,97
S01008567,Couple family: Total,148,64,84
S01008567,Couple family: Both parents working,90,40,50
S01008567,Couple family: One parent working,40,22,18
S01008567,Couple family: No parents working,18,2,16
S01008567,Lone parent family: Total,30,17,13
S01008567,Lone parent family: Parent working,14,8,6
S01008567,Lone parent family: Parent not working,16,9,7
S01008568,All parents aged 16 and over with dependent children,195,99,96
S01008568,Couple family: Total,164,84,80
S01008568,Couple family: Both parents working,110,56,54
S01008568,Couple family: One parent working,38,20,18
S01008568,Couple family: No parents working,16,8,8
S01008568,Lone parent family: Total,31,15,16
S01008568,Lone parent family: Parent working,19,10,9
S01008568,Lone parent family: Parent not working,12,5,7
S01008569,All parents aged 16 and over with dependent children,109,60,49
S01008569,Couple family: Total,54,24,30
S01008569,Couple family: Both parents working,20,8,12
S01008569,Couple family: One parent working,24,10,14
S01008569,Couple family: No parents working,10,6,4
S01008569,Lone parent family: Total,55,36,19
S01008569,Lone parent family: Parent working,24,14,10
S01008569,Lone parent family: Parent not working,31,22,9
S01008570,All parents aged 16 and over with dependent children,224,115,109
S01008570,Couple family: Total,138,66,72
S01008570,Couple family: Both parents working,82,52,30
S01008570,Couple family: One parent working,28,6,22
S01008570,Couple family: No parents working,28,8,20
S01008570,Lone parent family: Total,86,49,37
S01008570,Lone parent family: Parent working,39,23,16
S01008570,Lone parent family: Parent not working,47,26,21
S01008571,All parents aged 16 and over with dependent children,110,43,67
S01008571,Couple family: Total,78,26,52
S01008571,Couple family: Both parents working,52,22,30
S01008571,Couple family: One parent working,22,2,20
S01008571,Couple family: No parents working,4,2,2
S01008571,Lone parent family: Total,32,17,15
S01008571,Lone parent family: Parent working,22,15,7
S01008571,Lone parent family: Parent not working,10,2,8
S01008572,All parents aged 16 and over with dependent children,159,75,84
S01008572,Couple family: Total,132,62,70
S01008572,Couple family: Both parents working,94,50,44
S01008572,Couple family: One parent working,24,8,16
S01008572,Couple family: No parents working,14,4,10
S01008572,Lone parent family: Total,27,13,14
S01008572,Lone parent family: Parent working,10,8,2
S01008572,Lone parent family: Parent not working,17,5,12
S01008573,All parents aged 16 and over with dependent children,215,89,126
S01008573,Couple family: Total,190,78,112
S01008573,Couple family: Both parents working,146,62,84
S01008573,Couple family: One parent working,30,6,24
S01008573,Couple family: No parents working,14,10,4
S01008573,Lone parent family: Total,25,11,14
S01008573,Lone parent family: Parent working,14,9,5
S01008573,Lone parent family: Parent not working,11,2,9
S01008574,All parents aged 16 and over with dependent children,170,88,82
S01008574,Couple family: Total,152,78,74
S01008574,Couple family: Both parents working,122,66,56
S01008574,Couple family: One parent working,26,10,16
S01008574,Couple family: No parents working,4,2,2
S01008574,Lone parent family: Total,18,10,8
S01008574,Lone parent family: Parent working,12,8,4
S01008574,Lone parent family: Parent not working,6,2,4
S01008575,All parents aged 16 and over with dependent children,192,88,104
S01008575,Couple family: Total,170,80,90
S01008575,Couple family: Both parents working,126,64,62
S01008575,Couple family: One parent working,42,16,26
S01008575,Couple family: No parents working,2,0,2
S01008575,Lone parent family: Total,22,8,14
S01008575,Lone parent family: Parent working,13,6,7
S01008575,Lone parent family: Parent not working,9,2,7
S01008576,All parents aged 16 and over with dependent children,117,53,64
S01008576,Couple family: Total,102,42,60
S01008576,Couple family: Both parents working,76,34,42
S01008576,Couple family: One parent working,26,8,18
S01008576,Couple family: No parents working,0,0,0
S01008576,Lone parent family: Total,15,11,4
S01008576,Lone parent family: Parent working,11,9,2
S01008576,Lone parent family: Parent not working,4,2,2
S01008577,All parents aged 16 and over with dependent children,150,67,83
S01008577,Couple family: Total,142,64,78
S01008577,Couple family: Both parents working,108,54,54
S01008577,Couple family: One parent working,24,6,18
S01008577,Couple family: No parents working,10,4,6
S01008577,Lone parent family: Total,8,3,5
S01008577,Lone parent family: Parent working,7,3,4
S01008577,Lone parent family: Parent not working,1,0,1
S01008578,All parents aged 16 and over with dependent children,176,64,112
S01008578,Couple family: Total,170,60,110
S01008578,Couple family: Both parents working,130,48,82
S01008578,Couple family: One parent working,34,8,26
S01008578,Couple family: No parents working,6,4,2
S01008578,Lone parent family: Total,6,4,2
S01008578,Lone parent family: Parent working,4,2,2
S01008578,Lone parent family: Parent not working,2,2,0
S01008579,All parents aged 16 and over with dependent children,106,56,50
S01008579,Couple family: Total,94,50,44
S01008579,Couple family: Both parents working,84,48,36
S01008579,Couple family: One parent working,10,2,8
S01008579,Couple family: No parents working,0,0,0
S01008579,Lone parent family: Total,12,6,6
S01008579,Lone parent family: Parent working,6,4,2
S01008579,Lone parent family: Parent not working,6,2,4
S01008580,All parents aged 16 and over with dependent children,102,60,42
S01008580,Couple family: Total,90,52,38
S01008580,Couple family: Both parents working,68,38,30
S01008580,Couple family: One parent working,20,12,8
S01008580,Couple family: No parents working,2,2,0
S01008580,Lone parent family: Total,12,8,4
S01008580,Lone parent family: Parent working,8,4,4
S01008580,Lone parent family: Parent not working,4,4,0
S01008581,All parents aged 16 and over with dependent children,137,68,69
S01008581,Couple family: Total,98,42,56
S01008581,Couple family: Both parents working,56,24,32
S01008581,Couple family: One parent working,28,10,18
S01008581,Couple family: No parents working,14,8,6
S01008581,Lone parent family: Total,39,26,13
S01008581,Lone parent family: Parent working,23,18,5
S01008581,Lone parent family: Parent not working,16,8,8
S01008582,All parents aged 16 and over with dependent children,191,97,94
S01008582,Couple family: Total,138,66,72
S01008582,Couple family: Both parents working,94,40,54
S01008582,Couple family: One parent working,30,16,14
S01008582,Couple family: No parents working,14,10,4
S01008582,Lone parent family: Total,53,31,22
S01008582,Lone parent family: Parent working,24,16,8
S01008582,Lone parent family: Parent not working,29,15,14
S01008583,All parents aged 16 and over with dependent children,136,71,65
S01008583,Couple family: Total,112,52,60
S01008583,Couple family: Both parents working,58,34,24
S01008583,Couple family: One parent working,32,10,22
S01008583,Couple family: No parents working,22,8,14
S01008583,Lone parent family: Total,24,19,5
S01008583,Lone parent family: Parent working,15,11,4
S01008583,Lone parent family: Parent not working,9,8,1
S01008584,All parents aged 16 and over with dependent children,168,82,86
S01008584,Couple family: Total,128,60,68
S01008584,Couple family: Both parents working,76,40,36
S01008584,Couple family: One parent working,32,18,14
S01008584,Couple family: No parents working,20,2,18
S01008584,Lone parent family: Total,40,22,18
S01008584,Lone parent family: Parent working,13,9,4
S01008584,Lone parent family: Parent not working,27,13,14
S01008585,All parents aged 16 and over with dependent children,110,43,67
S01008585,Couple family: Total,82,32,50
S01008585,Couple family: Both parents working,60,22,38
S01008585,Couple family: One parent working,18,8,10
S01008585,Couple family: No parents working,4,2,2
S01008585,Lone parent family: Total,28,11,17
S01008585,Lone parent family: Parent working,13,7,6
S01008585,Lone parent family: Parent not working,15,4,11
S01008586,All parents aged 16 and over with dependent children,148,73,75
S01008586,Couple family: Total,112,56,56
S01008586,Couple family: Both parents working,68,36,32
S01008586,Couple family: One parent working,32,12,20
S01008586,Couple family: No parents working,12,8,4
S01008586,Lone parent family: Total,36,17,19
S01008586,Lone parent family: Parent working,15,8,7
S01008586,Lone parent family: Parent not working,21,9,12
S01008587,All parents aged 16 and over with dependent children,148,70,78
S01008587,Couple family: Total,138,64,74
S01008587,Couple family: Both parents working,102,44,58
S01008587,Couple family: One parent working,26,14,12
S01008587,Couple family: No parents working,10,6,4
S01008587,Lone parent family: Total,10,6,4
S01008587,Lone parent family: Parent working,5,5,0
S01008587,Lone parent family: Parent not working,5,1,4
S01008588,All parents aged 16 and over with dependent children,172,53,119
S01008588,Couple family: Total,158,48,110
S01008588,Couple family: Both parents working,120,38,82
S01008588,Couple family: One parent working,34,8,26
S01008588,Couple family: No parents working,4,2,2
S01008588,Lone parent family: Total,14,5,9
S01008588,Lone parent family: Parent working,11,5,6
S01008588,Lone parent family: Parent not working,3,0,3
S01008589,All parents aged 16 and over with dependent children,81,25,56
S01008589,Couple family: Total,76,22,54
S01008589,Couple family: Both parents working,66,22,44
S01008589,Couple family: One parent working,8,0,8
S01008589,Couple family: No parents working,2,0,2
S01008589,Lone parent family: Total,5,3,2
S01008589,Lone parent family: Parent working,4,3,1
S01008589,Lone parent family: Parent not working,1,0,1
S01008590,All parents aged 16 and over with dependent children,130,48,82
S01008590,Couple family: Total,112,38,74
S01008590,Couple family: Both parents working,88,28,60
S01008590,Couple family: One parent working,20,6,14
S01008590,Couple family: No parents working,4,4,0
S01008590,Lone parent family: Total,18,10,8
S01008590,Lone parent family: Parent working,10,5,5
S01008590,Lone parent family: Parent not working,8,5,3
S01008591,All parents aged 16 and over with dependent children,169,64,105
S01008591,Couple family: Total,158,56,102
S01008591,Couple family: Both parents working,118,38,80
S01008591,Couple family: One parent working,36,16,20
S01008591,Couple family: No parents working,4,2,2
S01008591,Lone parent family: Total,11,8,3
S01008591,Lone parent family: Parent working,8,5,3
S01008591,Lone parent family: Parent not working,3,3,0
S01008592,All parents aged 16 and over with dependent children,166,71,95
S01008592,Couple family: Total,134,52,82
S01008592,Couple family: Both parents working,92,36,56
S01008592,Couple family: One parent working,36,12,24
S01008592,Couple family: No parents working,6,4,2
S01008592,Lone parent family: Total,32,19,13
S01008592,Lone parent family: Parent working,18,11,7
S01008592,Lone parent family: Parent not working,14,8,6
S01008593,All parents aged 16 and over with dependent children,173,47,126
S01008593,Couple family: Total,166,44,122
S01008593,Couple family: Both parents working,114,28,86
S01008593,Couple family: One parent working,48,12,36
S01008593,Couple family: No parents working,4,4,0
S01008593,Lone parent family: Total,7,3,4
S01008593,Lone parent family: Parent working,7,3,4
S01008593,Lone parent family: Parent not working,0,0,0
S01008594,All parents aged 16 and over with dependent children,192,77,115
S01008594,Couple family: Total,178,72,106
S01008594,Couple family: Both parents working,132,58,74
S01008594,Couple family: One parent working,38,12,26
S01008594,Couple family: No parents working,8,2,6
S01008594,Lone parent family: Total,14,5,9
S01008594,Lone parent family: Parent working,12,4,8
S01008594,Lone parent family: Parent not working,2,1,1
S01008595,All parents aged 16 and over with dependent children,103,70,33
S01008595,Couple family: Total,82,54,28
S01008595,Couple family: Both parents working,54,36,18
S01008595,Couple family: One parent working,26,16,10
S01008595,Couple family: No parents working,2,2,0
S01008595,Lone parent family: Total,21,16,5
S01008595,Lone parent family: Parent working,10,7,3
S01008595,Lone parent family: Parent not working,11,9,2
S01008596,All parents aged 16 and over with dependent children,104,48,56
S01008596,Couple family: Total,68,28,40
S01008596,Couple family: Both parents working,44,22,22
S01008596,Couple family: One parent working,22,6,16
S01008596,Couple family: No parents working,2,0,2
S01008596,Lone parent family: Total,36,20,16
S01008596,Lone parent family: Parent working,13,8,5
S01008596,Lone parent family: Parent not working,23,12,11
S01008597,All parents aged 16 and over with dependent children,184,93,91
S01008597,Couple family: Total,174,90,84
S01008597,Couple family: Both parents working,140,70,70
S01008597,Couple family: One parent working,24,18,6
S01008597,Couple family: No parents working,10,2,8
S01008597,Lone parent family: Total,10,3,7
S01008597,Lone parent family: Parent working,5,3,2
S01008597,Lone parent family: Parent not working,5,0,5
S01008598,All parents aged 16 and over with dependent children,101,52,49
S01008598,Couple family: Total,84,42,42
S01008598,Couple family: Both parents working,58,38,20
S01008598,Couple family: One parent working,12,2,10
S01008598,Couple family: No parents working,14,2,12
S01008598,Lone parent family: Total,17,10,7
S01008598,Lone parent family: Parent working,13,8,5
S01008598,Lone parent family: Parent not working,4,2,2
S01008599,All parents aged 16 and over with dependent children,150,72,78
S01008599,Couple family: Total,142,70,72
S01008599,Couple family: Both parents working,104,48,56
S01008599,Couple family: One parent working,28,18,10
S01008599,Couple family: No parents working,10,4,6
S01008599,Lone parent family: Total,8,2,6
S01008599,Lone parent family: Parent working,7,1,6
S01008599,Lone parent family: Parent not working,1,1,0
S01008600,All parents aged 16 and over with dependent children,198,73,125
S01008600,Couple family: Total,184,60,124
S01008600,Couple family: Both parents working,92,38,54
S01008600,Couple family: One parent working,48,12,36
S01008600,Couple family: No parents working,44,10,34
S01008600,Lone parent family: Total,14,13,1
S01008600,Lone parent family: Parent working,7,6,1
S01008600,Lone parent family: Parent not working,7,7,0
S01008601,All parents aged 16 and over with dependent children,61,22,39
S01008601,Couple family: Total,56,20,36
S01008601,Couple family: Both parents working,40,16,24
S01008601,Couple family: One parent working,12,2,10
S01008601,Couple family: No parents working,4,2,2
S01008601,Lone parent family: Total,5,2,3
S01008601,Lone parent family: Parent working,3,2,1
S01008601,Lone parent family: Parent not working,2,0,2
S01008602,All parents aged 16 and over with dependent children,48,22,26
S01008602,Couple family: Total,38,16,22
S01008602,Couple family: Both parents working,18,6,12
S01008602,Couple family: One parent working,14,6,8
S01008602,Couple family: No parents working,6,4,2
S01008602,Lone parent family: Total,10,6,4
S01008602,Lone parent family: Parent working,7,3,4
S01008602,Lone parent family: Parent not working,3,3,0
S01008603,All parents aged 16 and over with dependent children,74,47,27
S01008603,Couple family: Total,64,38,26
S01008603,Couple family: Both parents working,40,22,18
S01008603,Couple family: One parent working,20,12,8
S01008603,Couple family: No parents working,4,4,0
S01008603,Lone parent family: Total,10,9,1
S01008603,Lone parent family: Parent working,6,5,1
S01008603,Lone parent family: Parent not working,4,4,0
S01008604,All parents aged 16 and over with dependent children,110,49,61
S01008604,Couple family: Total,100,42,58
S01008604,Couple family: Both parents working,56,26,30
S01008604,Couple family: One parent working,42,16,26
S01008604,Couple family: No parents working,2,0,2
S01008604,Lone parent family: Total,10,7,3
S01008604,Lone parent family: Parent working,6,3,3
S01008604,Lone parent family: Parent not working,4,4,0
S01008605,All parents aged 16 and over with dependent children,86,39,47
S01008605,Couple family: Total,74,32,42
S01008605,Couple family: Both parents working,60,24,36
S01008605,Couple family: One parent working,14,8,6
S01008605,Couple family: No parents working,0,0,0
S01008605,Lone parent family: Total,12,7,5
S01008605,Lone parent family: Parent working,7,6,1
S01008605,Lone parent family: Parent not working,5,1,4
S01008606,All parents aged 16 and over with dependent children,180,59,121
S01008606,Couple family: Total,166,52,114
S01008606,Couple family: Both parents working,130,46,84
S01008606,Couple family: One parent working,36,6,30
S01008606,Couple family: No parents working,0,0,0
S01008606,Lone parent family: Total,14,7,7
S01008606,Lone parent family: Parent working,12,6,6
S01008606,Lone parent family: Parent not working,2,1,1
S01008607,All parents aged 16 and over with dependent children,134,55,79
S01008607,Couple family: Total,126,52,74
S01008607,Couple family: Both parents working,98,44,54
S01008607,Couple family: One parent working,24,4,20
S01008607,Couple family: No parents working,4,4,0
S01008607,Lone parent family: Total,8,3,5
S01008607,Lone parent family: Parent working,5,2,3
S01008607,Lone parent family: Parent not working,3,1,2
S01008608,All parents aged 16 and over with dependent children,144,54,90
S01008608,Couple family: Total,136,48,88
S01008608,Couple family: Both parents working,114,46,68
S01008608,Couple family: One parent working,22,2,20
S01008608,Couple family: No parents working,0,0,0
S01008608,Lone parent family: Total,8,6,2
S01008608,Lone parent family: Parent working,6,6,0
S01008608,Lone parent family: Parent not working,2,0,2
S01008609,All parents aged 16 and over with dependent children,195,68,127
S01008609,Couple family: Total,176,58,118
S01008609,Couple family: Both parents working,136,48,88
S01008609,Couple family: One parent working,38,10,28
S01008609,Couple family: No parents working,2,0,2
S01008609,Lone parent family: Total,19,10,9
S01008609,Lone parent family: Parent working,17,8,9
S01008609,Lone parent family: Parent not working,2,2,0
S01008610,All parents aged 16 and over with dependent children,130,38,92
S01008610,Couple family: Total,122,34,88
S01008610,Couple family: Both parents working,88,22,66
S01008610,Couple family: One parent working,30,12,18
S01008610,Couple family: No parents working,4,0,4
S01008610,Lone parent family: Total,8,4,4
S01008610,Lone parent family: Parent working,7,4,3
S01008610,Lone parent family: Parent not working,1,0,1
S01008611,All parents aged 16 and over with dependent children,116,64,52
S01008611,Couple family: Total,102,54,48
S01008611,Couple family: Both parents working,68,36,32
S01008611,Couple family: One parent working,28,12,16
S01008611,Couple family: No parents working,6,6,0
S01008611,Lone parent family: Total,14,10,4
S01008611,Lone parent family: Parent working,11,8,3
S01008611,Lone parent family: Parent not working,3,2,1
S01008612,All parents aged 16 and over with dependent children,66,36,30
S01008612,Couple family: Total,56,26,30
S01008612,Couple family: Both parents working,42,22,20
S01008612,Couple family: One parent working,10,2,8
S01008612,Couple family: No parents working,4,2,2
S01008612,Lone parent family: Total,10,10,0
S01008612,Lone parent family: Parent working,8,8,0
S01008612,Lone parent family: Parent not working,2,2,0
S01008613,All parents aged 16 and over with dependent children,111,32,79
S01008613,Couple family: Total,102,24,78
S01008613,Couple family: Both parents working,64,16,48
S01008613,Couple family: One parent working,32,6,26
S01008613,Couple family: No parents working,6,2,4
S01008613,Lone parent family: Total,9,8,1
S01008613,Lone parent family: Parent working,9,8,1
S01008613,Lone parent family: Parent not working,0,0,0
S01008614,All parents aged 16 and over with dependent children,43,21,22
S01008614,Couple family: Total,42,20,22
S01008614,Couple family: Both parents working,34,16,18
S01008614,Couple family: One parent working,8,4,4
S01008614,Couple family: No parents working,0,0,0
S01008614,Lone parent family: Total,1,1,0
S01008614,Lone parent family: Parent working,1,1,0
S01008614,Lone parent family: Parent not working,0,0,0
S01008615,All parents aged 16 and over with dependent children,99,32,67
S01008615,Couple family: Total,90,28,62
S01008615,Couple family: Both parents working,64,20,44
S01008615,Couple family: One parent working,24,8,16
S01008615,Couple family: No parents working,2,0,2
S01008615,Lone parent family: Total,9,4,5
S01008615,Lone parent family: Parent working,5,1,4
S01008615,Lone parent family: Parent not working,4,3,1
S01008616,All parents aged 16 and over with dependent children,69,30,39
S01008616,Couple family: Total,66,28,38
S01008616,Couple family: Both parents working,48,20,28
S01008616,Couple family: One parent working,18,8,10
S01008616,Couple family: No parents working,0,0,0
S01008616,Lone parent family: Total,3,2,1
S01008616,Lone parent family: Parent working,3,2,1
S01008616,Lone parent family: Parent not working,0,0,0
S01008617,All parents aged 16 and over with dependent children,87,50,37
S01008617,Couple family: Total,72,42,30
S01008617,Couple family: Both parents working,58,32,26
S01008617,Couple family: One parent working,12,10,2
S01008617,Couple family: No parents working,2,0,2
S01008617,Lone parent family: Total,15,8,7
S01008617,Lone parent family: Parent working,11,6,5
S01008617,Lone parent family: Parent not working,4,2,2
S01008618,All parents aged 16 and over with dependent children,65,29,36
S01008618,Couple family: Total,56,22,34
S01008618,Couple family: Both parents working,38,10,28
S01008618,Couple family: One parent working,16,10,6
S01008618,Couple family: No parents working,2,2,0
S01008618,Lone parent family: Total,9,7,2
S01008618,Lone parent family: Parent working,6,4,2
S01008618,Lone parent family: Parent not working,3,3,0
S01008619,All parents aged 16 and over with dependent children,44,29,15
S01008619,Couple family: Total,38,24,14
S01008619,Couple family: Both parents working,28,20,8
S01008619,Couple family: One parent working,10,4,6
S01008619,Couple family: No parents working,0,0,0
S01008619,Lone parent family: Total,6,5,1
S01008619,Lone parent family: Parent working,4,3,1
S01008619,Lone parent family: Parent not working,2,2,0
S01008620,All parents aged 16 and over with dependent children,50,18,32
S01008620,Couple family: Total,44,14,30
S01008620,Couple family: Both parents working,28,8,20
S01008620,Couple family: One parent working,10,6,4
S01008620,Couple family: No parents working,6,0,6
S01008620,Lone parent family: Total,6,4,2
S01008620,Lone parent family: Parent working,4,2,2
S01008620,Lone parent family: Parent not working,2,2,0
S01008621,All parents aged 16 and over with dependent children,66,39,27
S01008621,Couple family: Total,52,30,22
S01008621,Couple family: Both parents working,36,20,16
S01008621,Couple family: One parent working,12,10,2
S01008621,Couple family: No parents working,4,0,4
S01008621,Lone parent family: Total,14,9,5
S01008621,Lone parent family: Parent working,11,7,4
S01008621,Lone parent family: Parent not working,3,2,1
S01008622,All parents aged 16 and over with dependent children,58,27,31
S01008622,Couple family: Total,52,22,30
S01008622,Couple family: Both parents working,34,12,22
S01008622,Couple family: One parent working,16,10,6
S01008622,Couple family: No parents working,2,0,2
S01008622,Lone parent family: Total,6,5,1
S01008622,Lone parent family: Parent working,4,3,1
S01008622,Lone parent family: Parent not working,2,2,0
S01008623,All parents aged 16 and over with dependent children,108,45,63
S01008623,Couple family: Total,102,42,60
S01008623,Couple family: Both parents working,74,28,46
S01008623,Couple family: One parent working,26,14,12
S01008623,Couple family: No parents working,2,0,2
S01008623,Lone parent family: Total,6,3,3
S01008623,Lone parent family: Parent working,3,1,2
S01008623,Lone parent family: Parent not working,3,2,1
S01008624,All parents aged 16 and over with dependent children,120,44,76
S01008624,Couple family: Total,114,38,76
S01008624,Couple family: Both parents working,74,26,48
S01008624,Couple family: One parent working,34,8,26
S01008624,Couple family: No parents working,6,4,2
S01008624,Lone parent family: Total,6,6,0
S01008624,Lone parent family: Parent working,6,6,0
S01008624,Lone parent family: Parent not working,0,0,0
S01008625,All parents aged 16 and over with dependent children,135,51,84
S01008625,Couple family: Total,128,46,82
S01008625,Couple family: Both parents working,92,34,58
S01008625,Couple family: One parent working,34,10,24
S01008625,Couple family: No parents working,2,2,0
S01008625,Lone parent family: Total,7,5,2
S01008625,Lone parent family: Parent working,5,4,1
S01008625,Lone parent family: Parent not working,2,1,1
S01008626,All parents aged 16 and over with dependent children,205,71,134
S01008626,Couple family: Total,192,64,128
S01008626,Couple family: Both parents working,138,46,92
S01008626,Couple family: One parent working,52,18,34
S01008626,Couple family: No parents working,2,0,2
S01008626,Lone parent family: Total,13,7,6
S01008626,Lone parent family: Parent working,11,6,5
S01008626,Lone parent family: Parent not working,2,1,1
S01008627,All parents aged 16 and over with dependent children,205,80,125
S01008627,Couple family: Total,196,76,120
S01008627,Couple family: Both parents working,154,58,96
S01008627,Couple family: One parent working,40,18,22
S01008627,Couple family: No parents working,2,0,2
S01008627,Lone parent family: Total,9,4,5
S01008627,Lone parent family: Parent working,5,3,2
S01008627,Lone parent family: Parent not working,4,1,3
S01008628,All parents aged 16 and over with dependent children,91,37,54
S01008628,Couple family: Total,78,30,48
S01008628,Couple family: Both parents working,62,30,32
S01008628,Couple family: One parent working,14,0,14
S01008628,Couple family: No parents working,2,0,2
S01008628,Lone parent family: Total,13,7,6
S01008628,Lone parent family: Parent working,10,7,3
S01008628,Lone parent family: Parent not working,3,0,3
S01008629,All parents aged 16 and over with dependent children,98,49,49
S01008629,Couple family: Total,84,38,46
S01008629,Couple family: Both parents working,56,26,30
S01008629,Couple family: One parent working,26,12,14
S01008629,Couple family: No parents working,2,0,2
S01008629,Lone parent family: Total,14,11,3
S01008629,Lone parent family: Parent working,10,9,1
S01008629,Lone parent family: Parent not working,4,2,2
S01008630,All parents aged 16 and over with dependent children,68,39,29
S01008630,Couple family: Total,60,36,24
S01008630,Couple family: Both parents working,50,32,18
S01008630,Couple family: One parent working,8,4,4
S01008630,Couple family: No parents working,2,0,2
S01008630,Lone parent family: Total,8,3,5
S01008630,Lone parent family: Parent working,5,3,2
S01008630,Lone parent family: Parent not working,3,0,3
S01008631,All parents aged 16 and over with dependent children,97,66,31
S01008631,Couple family: Total,74,52,22
S01008631,Couple family: Both parents working,60,42,18
S01008631,Couple family: One parent working,12,8,4
S01008631,Couple family: No parents working,2,2,0
S01008631,Lone parent family: Total,23,14,9
S01008631,Lone parent family: Parent working,13,8,5
S01008631,Lone parent family: Parent not working,10,6,4
S01008632,All parents aged 16 and over with dependent children,65,32,33
S01008632,Couple family: Total,56,24,32
S01008632,Couple family: Both parents working,44,22,22
S01008632,Couple family: One parent working,12,2,10
S01008632,Couple family: No parents working,0,0,0
S01008632,Lone parent family: Total,9,8,1
S01008632,Lone parent family: Parent working,7,6,1
S01008632,Lone parent family: Parent not working,2,2,0
S01008633,All parents aged 16 and over with dependent children,167,54,113
S01008633,Couple family: Total,144,44,100
S01008633,Couple family: Both parents working,116,34,82
S01008633,Couple family: One parent working,26,10,16
S01008633,Couple family: No parents working,2,0,2
S01008633,Lone parent family: Total,23,10,13
S01008633,Lone parent family: Parent working,14,8,6
S01008633,Lone parent family: Parent not working,9,2,7
S01008634,All parents aged 16 and over with dependent children,147,62,85
S01008634,Couple family: Total,138,56,82
S01008634,Couple family: Both parents working,100,42,58
S01008634,Couple family: One parent working,30,8,22
S01008634,Couple family: No parents working,8,6,2
S01008634,Lone parent family: Total,9,6,3
S01008634,Lone parent family: Parent working,5,3,2
S01008634,Lone parent family: Parent not working,4,3,1
S01008635,All parents aged 16 and over with dependent children,127,54,73
S01008635,Couple family: Total,118,50,68
S01008635,Couple family: Both parents working,84,36,48
S01008635,Couple family: One parent working,32,12,20
S01008635,Couple family: No parents working,2,2,0
S01008635,Lone parent family: Total,9,4,5
S01008635,Lone parent family: Parent working,6,4,2
S01008635,Lone parent family: Parent not working,3,0,3
S01008636,All parents aged 16 and over with dependent children,137,57,80
S01008636,Couple family: Total,128,50,78
S01008636,Couple family: Both parents working,86,32,54
S01008636,Couple family: One parent working,40,16,24
S01008636,Couple family: No parents working,2,2,0
S01008636,Lone parent family: Total,9,7,2
S01008636,Lone parent family: Parent working,5,4,1
S01008636,Lone parent family: Parent not working,4,3,1
S01008637,All parents aged 16 and over with dependent children,109,35,74
S01008637,Couple family: Total,98,30,68
S01008637,Couple family: Both parents working,66,22,44
S01008637,Couple family: One parent working,32,8,24
S01008637,Couple family: No parents working,0,0,0
S01008637,Lone parent family: Total,11,5,6
S01008637,Lone parent family: Parent working,3,2,1
S01008637,Lone parent family: Parent not working,8,3,5
S01008638,All parents aged 16 and over with dependent children,91,38,53
S01008638,Couple family: Total,84,34,50
S01008638,Couple family: Both parents working,72,30,42
S01008638,Couple family: One parent working,8,4,4
S01008638,Couple family: No parents working,4,0,4
S01008638,Lone parent family: Total,7,4,3
S01008638,Lone parent family: Parent working,5,3,2
S01008638,Lone parent family: Parent not working,2,1,1
S01008639,All parents aged 16 and over with dependent children,107,42,65
S01008639,Couple family: Total,92,34,58
S01008639,Couple family: Both parents working,76,30,46
S01008639,Couple family: One parent working,14,4,10
S01008639,Couple family: No parents working,2,0,2
S01008639,Lone parent family: Total,15,8,7
S01008639,Lone parent family: Parent working,6,4,2
S01008639,Lone parent family: Parent not working,9,4,5
S01008640,All parents aged 16 and over with dependent children,87,46,41
S01008640,Couple family: Total,68,32,36
S01008640,Couple family: Both parents working,54,32,22
S01008640,Couple family: One parent working,12,0,12
S01008640,Couple family: No parents working,2,0,2
S01008640,Lone parent family: Total,19,14,5
S01008640,Lone parent family: Parent working,15,12,3
S01008640,Lone parent family: Parent not working,4,2,2
S01008641,All parents aged 16 and over with dependent children,62,42,20
S01008641,Couple family: Total,52,34,18
S01008641,Couple family: Both parents working,44,28,16
S01008641,Couple family: One parent working,8,6,2
S01008641,Couple family: No parents working,0,0,0
S01008641,Lone parent family: Total,10,8,2
S01008641,Lone parent family: Parent working,8,6,2
S01008641,Lone parent family: Parent not working,2,2,0
S01008642,All parents aged 16 and over with dependent children,115,50,65
S01008642,Couple family: Total,102,44,58
S01008642,Couple family: Both parents working,78,30,48
S01008642,Couple family: One parent working,24,14,10
S01008642,Couple family: No parents working,0,0,0
S01008642,Lone parent family: Total,13,6,7
S01008642,Lone parent family: Parent working,9,5,4
S01008642,Lone parent family: Parent not working,4,1,3
S01008643,All parents aged 16 and over with dependent children,119,57,62
S01008643,Couple family: Total,108,52,56
S01008643,Couple family: Both parents working,82,40,42
S01008643,Couple family: One parent working,26,12,14
S01008643,Couple family: No parents working,0,0,0
S01008643,Lone parent family: Total,11,5,6
S01008643,Lone parent family: Parent working,6,3,3
S01008643,Lone parent family: Parent not working,5,2,3
S01008644,All parents aged 16 and over with dependent children,79,40,39
S01008644,Couple family: Total,72,36,36
S01008644,Couple family: Both parents working,50,28,22
S01008644,Couple family: One parent working,18,8,10
S01008644,Couple family: No parents working,4,0,4
S01008644,Lone parent family: Total,7,4,3
S01008644,Lone parent family: Parent working,6,4,2
S01008644,Lone parent family: Parent not working,1,0,1
S01008645,All parents aged 16 and over with dependent children,122,69,53
S01008645,Couple family: Total,106,58,48
S01008645,Couple family: Both parents working,74,46,28
S01008645,Couple family: One parent working,30,12,18
S01008645,Couple family: No parents working,2,0,2
S01008645,Lone parent family: Total,16,11,5
S01008645,Lone parent family: Parent working,13,9,4
S01008645,Lone parent family: Parent not working,3,2,1
S01008646,All parents aged 16 and over with dependent children,98,75,23
S01008646,Couple family: Total,82,62,20
S01008646,Couple family: Both parents working,68,54,14
S01008646,Couple family: One parent working,10,6,4
S01008646,Couple family: No parents working,4,2,2
S01008646,Lone parent family: Total,16,13,3
S01008646,Lone parent family: Parent working,9,6,3
S01008646,Lone parent family: Parent not working,7,7,0
S01008647,All parents aged 16 and over with dependent children,58,32,26
S01008647,Couple family: Total,56,30,26
S01008647,Couple family: Both parents working,34,18,16
S01008647,Couple family: One parent working,18,10,8
S01008647,Couple family: No parents working,4,2,2
S01008647,Lone parent family: Total,2,2,0
S01008647,Lone parent family: Parent working,2,2,0
S01008647,Lone parent family: Parent not working,0,0,0
S01008648,All parents aged 16 and over with dependent children,51,37,14
S01008648,Couple family: Total,46,34,12
S01008648,Couple family: Both parents working,28,20,8
S01008648,Couple family: One parent working,16,14,2
S01008648,Couple family: No parents working,2,0,2
S01008648,Lone parent family: Total,5,3,2
S01008648,Lone parent family: Parent working,1,1,0
S01008648,Lone parent family: Parent not working,4,2,2
S01008649,All parents aged 16 and over with dependent children,46,36,10
S01008649,Couple family: Total,40,32,8
S01008649,Couple family: Both parents working,24,20,4
S01008649,Couple family: One parent working,12,8,4
S01008649,Couple family: No parents working,4,4,0
S01008649,Lone parent family: Total,6,4,2
S01008649,Lone parent family: Parent working,5,4,1
S01008649,Lone parent family: Parent not working,1,0,1
S01008650,All parents aged 16 and over with dependent children,37,19,18
S01008650,Couple family: Total,34,18,16
S01008650,Couple family: Both parents working,28,14,14
S01008650,Couple family: One parent working,6,4,2
S01008650,Couple family: No parents working,0,0,0
S01008650,Lone parent family: Total,3,1,2
S01008650,Lone parent family: Parent working,2,1,1
S01008650,Lone parent family: Parent not working,1,0,1
S01008651,All parents aged 16 and over with dependent children,22,12,10
S01008651,Couple family: Total,18,8,10
S01008651,Couple family: Both parents working,10,6,4
S01008651,Couple family: One parent working,4,0,4
S01008651,Couple family: No parents working,4,2,2
S01008651,Lone parent family: Total,4,4,0
S01008651,Lone parent family: Parent working,2,2,0
S01008651,Lone parent family: Parent not working,2,2,0
S01008652,All parents aged 16 and over with dependent children,25,15,10
S01008652,Couple family: Total,20,10,10
S01008652,Couple family: Both parents working,14,6,8
S01008652,Couple family: One parent working,4,2,2
S01008652,Couple family: No parents working,2,2,0
S01008652,Lone parent family: Total,5,5,0
S01008652,Lone parent family: Parent working,3,3,0
S01008652,Lone parent family: Parent not working,2,2,0
S01008653,All parents aged 16 and over with dependent children,49,23,26
S01008653,Couple family: Total,42,18,24
S01008653,Couple family: Both parents working,12,12,0
S01008653,Couple family: One parent working,22,6,16
S01008653,Couple family: No parents working,8,0,8
S01008653,Lone parent family: Total,7,5,2
S01008653,Lone parent family: Parent working,5,3,2
S01008653,Lone parent family: Parent not working,2,2,0
S01008654,All parents aged 16 and over with dependent children,65,49,16
S01008654,Couple family: Total,48,34,14
S01008654,Couple family: Both parents working,26,22,4
S01008654,Couple family: One parent working,22,12,10
S01008654,Couple family: No parents working,0,0,0
S01008654,Lone parent family: Total,17,15,2
S01008654,Lone parent family: Parent working,8,8,0
S01008654,Lone parent family: Parent not working,9,7,2
S01008655,All parents aged 16 and over with dependent children,58,41,17
S01008655,Couple family: Total,52,38,14
S01008655,Couple family: Both parents working,30,24,6
S01008655,Couple family: One parent working,20,12,8
S01008655,Couple family: No parents working,2,2,0
S01008655,Lone parent family: Total,6,3,3
S01008655,Lone parent family: Parent working,3,1,2
S01008655,Lone parent family: Parent not working,3,2,1
S01008656,All parents aged 16 and over with dependent children,49,39,10
S01008656,Couple family: Total,40,32,8
S01008656,Couple family: Both parents working,20,18,2
S01008656,Couple family: One parent working,18,12,6
S01008656,Couple family: No parents working,2,2,0
S01008656,Lone parent family: Total,9,7,2
S01008656,Lone parent family: Parent working,7,6,1
S01008656,Lone parent family: Parent not working,2,1,1
S01008657,All parents aged 16 and over with dependent children,87,56,31
S01008657,Couple family: Total,68,42,26
S01008657,Couple family: Both parents working,44,34,10
S01008657,Couple family: One parent working,10,6,4
S01008657,Couple family: No parents working,14,2,12
S01008657,Lone parent family: Total,19,14,5
S01008657,Lone parent family: Parent working,6,4,2
S01008657,Lone parent family: Parent not working,13,10,3
S01008658,All parents aged 16 and over with dependent children,62,45,17
S01008658,Couple family: Total,44,32,12
S01008658,Couple family: Both parents working,30,20,10
S01008658,Couple family: One parent working,6,4,2
S01008658,Couple family: No parents working,8,8,0
S01008658,Lone parent family: Total,18,13,5
S01008658,Lone parent family: Parent working,11,6,5
S01008658,Lone parent family: Parent not working,7,7,0
S01008659,All parents aged 16 and over with dependent children,38,24,14
S01008659,Couple family: Total,22,14,8
S01008659,Couple family: Both parents working,10,4,6
S01008659,Couple family: One parent working,12,10,2
S01008659,Couple family: No parents working,0,0,0
S01008659,Lone parent family: Total,16,10,6
S01008659,Lone parent family: Parent working,9,6,3
S01008659,Lone parent family: Parent not working,7,4,3
S01008660,All parents aged 16 and over with dependent children,70,38,32
S01008660,Couple family: Total,56,30,26
S01008660,Couple family: Both parents working,32,20,12
S01008660,Couple family: One parent working,16,8,8
S01008660,Couple family: No parents working,8,2,6
S01008660,Lone parent family: Total,14,8,6
S01008660,Lone parent family: Parent working,3,1,2
S01008660,Lone parent family: Parent not working,11,7,4
S01008661,All parents aged 16 and over with dependent children,40,18,22
S01008661,Couple family: Total,26,12,14
S01008661,Couple family: Both parents working,18,8,10
S01008661,Couple family: One parent working,4,2,2
S01008661,Couple family: No parents working,4,2,2
S01008661,Lone parent family: Total,14,6,8
S01008661,Lone parent family: Parent working,6,3,3
S01008661,Lone parent family: Parent not working,8,3,5
S01008662,All parents aged 16 and over with dependent children,23,18,5
S01008662,Couple family: Total,14,10,4
S01008662,Couple family: Both parents working,4,4,0
S01008662,Couple family: One parent working,10,6,4
S01008662,Couple family: No parents working,0,0,0
S01008662,Lone parent family: Total,9,8,1
S01008662,Lone parent family: Parent working,3,2,1
S01008662,Lone parent family: Parent not working,6,6,0
S01008663,All parents aged 16 and over with dependent children,37,28,9
S01008663,Couple family: Total,24,18,6
S01008663,Couple family: Both parents working,16,12,4
S01008663,Couple family: One parent working,4,4,0
S01008663,Couple family: No parents working,4,2,2
S01008663,Lone parent family: Total,13,10,3
S01008663,Lone parent family: Parent working,6,5,1
S01008663,Lone parent family: Parent not working,7,5,2
S01008664,All parents aged 16 and over with dependent children,41,24,17
S01008664,Couple family: Total,34,20,14
S01008664,Couple family: Both parents working,18,12,6
S01008664,Couple family: One parent working,10,6,4
S01008664,Couple family: No parents working,6,2,4
S01008664,Lone parent family: Total,7,4,3
S01008664,Lone parent family: Parent working,3,2,1
S01008664,Lone parent family: Parent not working,4,2,2
S01008665,All parents aged 16 and over with dependent children,90,59,31
S01008665,Couple family: Total,64,38,26
S01008665,Couple family: Both parents working,38,24,14
S01008665,Couple family: One parent working,24,14,10
S01008665,Couple family: No parents working,2,0,2
S01008665,Lone parent family: Total,26,21,5
S01008665,Lone parent family: Parent working,12,11,1
S01008665,Lone parent family: Parent not working,14,10,4
S01008666,All parents aged 16 and over with dependent children,62,29,33
S01008666,Couple family: Total,56,26,30
S01008666,Couple family: Both parents working,46,22,24
S01008666,Couple family: One parent working,10,4,6
S01008666,Couple family: No parents working,0,0,0
S01008666,Lone parent family: Total,6,3,3
S01008666,Lone parent family: Parent working,6,3,3
S01008666,Lone parent family: Parent not working,0,0,0
S01008667,All parents aged 16 and over with dependent children,74,41,33
S01008667,Couple family: Total,56,26,30
S01008667,Couple family: Both parents working,36,18,18
S01008667,Couple family: One parent working,12,2,10
S01008667,Couple family: No parents working,8,6,2
S01008667,Lone parent family: Total,18,15,3
S01008667,Lone parent family: Parent working,13,12,1
S01008667,Lone parent family: Parent not working,5,3,2
S01008668,All parents aged 16 and over with dependent children,25,18,7
S01008668,Couple family: Total,16,10,6
S01008668,Couple family: Both parents working,12,6,6
S01008668,Couple family: One parent working,2,2,0
S01008668,Couple family: No parents working,2,2,0
S01008668,Lone parent family: Total,9,8,1
S01008668,Lone parent family: Parent working,3,3,0
S01008668,Lone parent family: Parent not working,6,5,1
S01008669,All parents aged 16 and over with dependent children,24,9,15
S01008669,Couple family: Total,18,8,10
S01008669,Couple family: Both parents working,8,4,4
S01008669,Couple family: One parent working,10,4,6
S01008669,Couple family: No parents working,0,0,0
S01008669,Lone parent family: Total,6,1,5
S01008669,Lone parent family: Parent working,1,0,1
S01008669,Lone parent family: Parent not working,5,1,4
S01008670,All parents aged 16 and over with dependent children,35,15,20
S01008670,Couple family: Total,28,10,18
S01008670,Couple family: Both parents working,8,4,4
S01008670,Couple family: One parent working,16,6,10
S01008670,Couple family: No parents working,4,0,4
S01008670,Lone parent family: Total,7,5,2
S01008670,Lone parent family: Parent working,2,2,0
S01008670,Lone parent family: Parent not working,5,3,2
S01008671,All parents aged 16 and over with dependent children,14,10,4
S01008671,Couple family: Total,8,6,2
S01008671,Couple family: Both parents working,6,4,2
S01008671,Couple family: One parent working,2,2,0
S01008671,Couple family: No parents working,0,0,0
S01008671,Lone parent family: Total,6,4,2
S01008671,Lone parent family: Parent working,3,2,1
S01008671,Lone parent family: Parent not working,3,2,1
S01008672,All parents aged 16 and over with dependent children,43,24,19
S01008672,Couple family: Total,36,18,18
S01008672,Couple family: Both parents working,16,8,8
S01008672,Couple family: One parent working,16,6,10
S01008672,Couple family: No parents working,4,4,0
S01008672,Lone parent family: Total,7,6,1
S01008672,Lone parent family: Parent working,6,5,1
S01008672,Lone parent family: Parent not working,1,1,0
S01008673,All parents aged 16 and over with dependent children,80,51,29
S01008673,Couple family: Total,60,36,24
S01008673,Couple family: Both parents working,24,16,8
S01008673,Couple family: One parent working,12,4,8
S01008673,Couple family: No parents working,24,16,8
S01008673,Lone parent family: Total,20,15,5
S01008673,Lone parent family: Parent working,8,7,1
S01008673,Lone parent family: Parent not working,12,8,4
S01008674,All parents aged 16 and over with dependent children,34,25,9
S01008674,Couple family: Total,24,16,8
S01008674,Couple family: Both parents working,10,8,2
S01008674,Couple family: One parent working,12,8,4
S01008674,Couple family: No parents working,2,0,2
S01008674,Lone parent family: Total,10,9,1
S01008674,Lone parent family: Parent working,6,5,1
S01008674,Lone parent family: Parent not working,4,4,0
S01008675,All parents aged 16 and over with dependent children,42,24,18
S01008675,Couple family: Total,32,18,14
S01008675,Couple family: Both parents working,8,6,2
S01008675,Couple family: One parent working,10,8,2
S01008675,Couple family: No parents working,14,4,10
S01008675,Lone parent family: Total,10,6,4
S01008675,Lone parent family: Parent working,1,1,0
S01008675,Lone parent family: Parent not working,9,5,4
S01008676,All parents aged 16 and over with dependent children,43,21,22
S01008676,Couple family: Total,32,16,16
S01008676,Couple family: Both parents working,26,14,12
S01008676,Couple family: One parent working,6,2,4
S01008676,Couple family: No parents working,0,0,0
S01008676,Lone parent family: Total,11,5,6
S01008676,Lone parent family: Parent working,4,2,2
S01008676,Lone parent family: Parent not working,7,3,4
S01008677,All parents aged 16 and over with dependent children,36,31,5
S01008677,Couple family: Total,28,24,4
S01008677,Couple family: Both parents working,20,18,2
S01008677,Couple family: One parent working,6,6,0
S01008677,Couple family: No parents working,2,0,2
S01008677,Lone parent family: Total,8,7,1
S01008677,Lone parent family: Parent working,7,6,1
S01008677,Lone parent family: Parent not working,1,1,0
S01008678,All parents aged 16 and over with dependent children,40,32,8
S01008678,Couple family: Total,26,20,6
S01008678,Couple family: Both parents working,10,6,4
S01008678,Couple family: One parent working,6,4,2
S01008678,Couple family: No parents working,10,10,0
S01008678,Lone parent family: Total,14,12,2
S01008678,Lone parent family: Parent working,8,7,1
S01008678,Lone parent family: Parent not working,6,5,1
S01008679,All parents aged 16 and over with dependent children,36,25,11
S01008679,Couple family: Total,18,10,8
S01008679,Couple family: Both parents working,14,8,6
S01008679,Couple family: One parent working,4,2,2
S01008679,Couple family: No parents working,0,0,0
S01008679,Lone parent family: Total,18,15,3
S01008679,Lone parent family: Parent working,10,7,3
S01008679,Lone parent family: Parent not working,8,8,0
S01008680,All parents aged 16 and over with dependent children,30,18,12
S01008680,Couple family: Total,20,12,8
S01008680,Couple family: Both parents working,10,8,2
S01008680,Couple family: One parent working,6,2,4
S01008680,Couple family: No parents working,4,2,2
S01008680,Lone parent family: Total,10,6,4
S01008680,Lone parent family: Parent working,5,3,2
S01008680,Lone parent family: Parent not working,5,3,2
S01008681,All parents aged 16 and over with dependent children,35,17,18
S01008681,Couple family: Total,22,10,12
S01008681,Couple family: Both parents working,10,4,6
S01008681,Couple family: One parent working,10,4,6
S01008681,Couple family: No parents working,2,2,0
S01008681,Lone parent family: Total,13,7,6
S01008681,Lone parent family: Parent working,6,6,0
S01008681,Lone parent family: Parent not working,7,1,6
S01008682,All parents aged 16 and over with dependent children,69,32,37
S01008682,Couple family: Total,50,22,28
S01008682,Couple family: Both parents working,24,12,12
S01008682,Couple family: One parent working,22,8,14
S01008682,Couple family: No parents working,4,2,2
S01008682,Lone parent family: Total,19,10,9
S01008682,Lone parent family: Parent working,13,9,4
S01008682,Lone parent family: Parent not working,6,1,5
S01008683,All parents aged 16 and over with dependent children,129,67,62
S01008683,Couple family: Total,66,32,34
S01008683,Couple family: Both parents working,26,16,10
S01008683,Couple family: One parent working,30,12,18
S01008683,Couple family: No parents working,10,4,6
S01008683,Lone parent family: Total,63,35,28
S01008683,Lone parent family: Parent working,22,17,5
S01008683,Lone parent family: Parent not working,41,18,23
S01008684,All parents aged 16 and over with dependent children,135,80,55
S01008684,Couple family: Total,72,34,38
S01008684,Couple family: Both parents working,26,14,12
S01008684,Couple family: One parent working,44,18,26
S01008684,Couple family: No parents working,2,2,0
S01008684,Lone parent family: Total,63,46,17
S01008684,Lone parent family: Parent working,24,21,3
S01008684,Lone parent family: Parent not working,39,25,14
S01008685,All parents aged 16 and over with dependent children,65,37,28
S01008685,Couple family: Total,50,26,24
S01008685,Couple family: Both parents working,30,14,16
S01008685,Couple family: One parent working,18,10,8
S01008685,Couple family: No parents working,2,2,0
S01008685,Lone parent family: Total,15,11,4
S01008685,Lone parent family: Parent working,12,10,2
S01008685,Lone parent family: Parent not working,3,1,2
S01008686,All parents aged 16 and over with dependent children,91,56,35
S01008686,Couple family: Total,58,32,26
S01008686,Couple family: Both parents working,20,14,6
S01008686,Couple family: One parent working,30,16,14
S01008686,Couple family: No parents working,8,2,6
S01008686,Lone parent family: Total,33,24,9
S01008686,Lone parent family: Parent working,15,14,1
S01008686,Lone parent family: Parent not working,18,10,8
S01008687,All parents aged 16 and over with dependent children,34,25,9
S01008687,Couple family: Total,22,16,6
S01008687,Couple family: Both parents working,14,12,2
S01008687,Couple family: One parent working,8,4,4
S01008687,Couple family: No parents working,0,0,0
S01008687,Lone parent family: Total,12,9,3
S01008687,Lone parent family: Parent working,5,4,1
S01008687,Lone parent family: Parent not working,7,5,2
S01008688,All parents aged 16 and over with dependent children,105,67,38
S01008688,Couple family: Total,86,58,28
S01008688,Couple family: Both parents working,54,38,16
S01008688,Couple family: One parent working,32,20,12
S01008688,Couple family: No parents working,0,0,0
S01008688,Lone parent family: Total,19,9,10
S01008688,Lone parent family: Parent working,9,5,4
S01008688,Lone parent family: Parent not working,10,4,6
S01008689,All parents aged 16 and over with dependent children,73,49,24
S01008689,Couple family: Total,62,38,24
S01008689,Couple family: Both parents working,50,28,22
S01008689,Couple family: One parent working,12,10,2
S01008689,Couple family: No parents working,0,0,0
S01008689,Lone parent family: Total,11,11,0
S01008689,Lone parent family: Parent working,3,3,0
S01008689,Lone parent family: Parent not working,8,8,0
S01008690,All parents aged 16 and over with dependent children,100,63,37
S01008690,Couple family: Total,78,46,32
S01008690,Couple family: Both parents working,50,32,18
S01008690,Couple family: One parent working,26,12,14
S01008690,Couple family: No parents working,2,2,0
S01008690,Lone parent family: Total,22,17,5
S01008690,Lone parent family: Parent working,17,14,3
S01008690,Lone parent family: Parent not working,5,3,2
S01008691,All parents aged 16 and over with dependent children,84,63,21
S01008691,Couple family: Total,72,52,20
S01008691,Couple family: Both parents working,44,34,10
S01008691,Couple family: One parent working,22,14,8
S01008691,Couple family: No parents working,6,4,2
S01008691,Lone parent family: Total,12,11,1
S01008691,Lone parent family: Parent working,7,7,0
S01008691,Lone parent family: Parent not working,5,4,1
S01008692,All parents aged 16 and over with dependent children,41,31,10
S01008692,Couple family: Total,34,26,8
S01008692,Couple family: Both parents working,22,20,2
S01008692,Couple family: One parent working,10,4,6
S01008692,Couple family: No parents working,2,2,0
S01008692,Lone parent family: Total,7,5,2
S01008692,Lone parent family: Parent working,2,2,0
S01008692,Lone parent family: Parent not working,5,3,2
S01008693,All parents aged 16 and over with dependent children,92,53,39
S01008693,Couple family: Total,86,50,36
S01008693,Couple family: Both parents working,72,42,30
S01008693,Couple family: One parent working,12,8,4
S01008693,Couple family: No parents working,2,0,2
S01008693,Lone parent family: Total,6,3,3
S01008693,Lone parent family: Parent working,2,2,0
S01008693,Lone parent family: Parent not working,4,1,3
S01008694,All parents aged 16 and over with dependent children,146,89,57
S01008694,Couple family: Total,128,78,50
S01008694,Couple family: Both parents working,98,70,28
S01008694,Couple family: One parent working,28,8,20
S01008694,Couple family: No parents working,2,0,2
S01008694,Lone parent family: Total,18,11,7
S01008694,Lone parent family: Parent working,13,8,5
S01008694,Lone parent family: Parent not working,5,3,2
S01008695,All parents aged 16 and over with dependent children,158,100,58
S01008695,Couple family: Total,134,86,48
S01008695,Couple family: Both parents working,100,60,40
S01008695,Couple family: One parent working,30,22,8
S01008695,Couple family: No parents working,4,4,0
S01008695,Lone parent family: Total,24,14,10
S01008695,Lone parent family: Parent working,9,8,1
S01008695,Lone parent family: Parent not working,15,6,9
S01008696,All parents aged 16 and over with dependent children,172,93,79
S01008696,Couple family: Total,156,84,72
S01008696,Couple family: Both parents working,122,64,58
S01008696,Couple family: One parent working,28,18,10
S01008696,Couple family: No parents working,6,2,4
S01008696,Lone parent family: Total,16,9,7
S01008696,Lone parent family: Parent working,12,9,3
S01008696,Lone parent family: Parent not working,4,0,4
S01008697,All parents aged 16 and over with dependent children,203,103,100
S01008697,Couple family: Total,186,94,92
S01008697,Couple family: Both parents working,154,82,72
S01008697,Couple family: One parent working,26,8,18
S01008697,Couple family: No parents working,6,4,2
S01008697,Lone parent family: Total,17,9,8
S01008697,Lone parent family: Parent working,13,9,4
S01008697,Lone parent family: Parent not working,4,0,4
S01008698,All parents aged 16 and over with dependent children,94,38,56
S01008698,Couple family: Total,88,36,52
S01008698,Couple family: Both parents working,68,28,40
S01008698,Couple family: One parent working,20,8,12
S01008698,Couple family: No parents working,0,0,0
S01008698,Lone parent family: Total,6,2,4
S01008698,Lone parent family: Parent working,4,2,2
S01008698,Lone parent family: Parent not working,2,0,2
S01008699,All parents aged 16 and over with dependent children,154,80,74
S01008699,Couple family: Total,102,50,52
S01008699,Couple family: Both parents working,80,42,38
S01008699,Couple family: One parent working,18,6,12
S01008699,Couple family: No parents working,4,2,2
S01008699,Lone parent family: Total,52,30,22
S01008699,Lone parent family: Parent working,26,19,7
S01008699,Lone parent family: Parent not working,26,11,15
S01008700,All parents aged 16 and over with dependent children,112,42,70
S01008700,Couple family: Total,100,40,60
S01008700,Couple family: Both parents working,74,28,46
S01008700,Couple family: One parent working,22,8,14
S01008700,Couple family: No parents working,4,4,0
S01008700,Lone parent family: Total,12,2,10
S01008700,Lone parent family: Parent working,5,2,3
S01008700,Lone parent family: Parent not working,7,0,7
S01008701,All parents aged 16 and over with dependent children,79,43,36
S01008701,Couple family: Total,58,34,24
S01008701,Couple family: Both parents working,22,16,6
S01008701,Couple family: One parent working,20,10,10
S01008701,Couple family: No parents working,16,8,8
S01008701,Lone parent family: Total,21,9,12
S01008701,Lone parent family: Parent working,10,4,6
S01008701,Lone parent family: Parent not working,11,5,6
S01008702,All parents aged 16 and over with dependent children,91,63,28
S01008702,Couple family: Total,60,42,18
S01008702,Couple family: Both parents working,40,28,12
S01008702,Couple family: One parent working,14,12,2
S01008702,Couple family: No parents working,6,2,4
S01008702,Lone parent family: Total,31,21,10
S01008702,Lone parent family: Parent working,13,9,4
S01008702,Lone parent family: Parent not working,18,12,6
S01008703,All parents aged 16 and over with dependent children,203,99,104
S01008703,Couple family: Total,138,60,78
S01008703,Couple family: Both parents working,68,30,38
S01008703,Couple family: One parent working,50,14,36
S01008703,Couple family: No parents working,20,16,4
S01008703,Lone parent family: Total,65,39,26
S01008703,Lone parent family: Parent working,20,14,6
S01008703,Lone parent family: Parent not working,45,25,20
S01008704,All parents aged 16 and over with dependent children,146,71,75
S01008704,Couple family: Total,102,56,46
S01008704,Couple family: Both parents working,52,38,14
S01008704,Couple family: One parent working,32,8,24
S01008704,Couple family: No parents working,18,10,8
S01008704,Lone parent family: Total,44,15,29
S01008704,Lone parent family: Parent working,15,8,7
S01008704,Lone parent family: Parent not working,29,7,22
S01008705,All parents aged 16 and over with dependent children,110,67,43
S01008705,Couple family: Total,76,48,28
S01008705,Couple family: Both parents working,38,28,10
S01008705,Couple family: One parent working,26,16,10
S01008705,Couple family: No parents working,12,4,8
S01008705,Lone parent family: Total,34,19,15
S01008705,Lone parent family: Parent working,12,9,3
S01008705,Lone parent family: Parent not working,22,10,12
S01008706,All parents aged 16 and over with dependent children,145,65,80
S01008706,Couple family: Total,92,40,52
S01008706,Couple family: Both parents working,54,22,32
S01008706,Couple family: One parent working,36,18,18
S01008706,Couple family: No parents working,2,0,2
S01008706,Lone parent family: Total,53,25,28
S01008706,Lone parent family: Parent working,18,10,8
S01008706,Lone parent family: Parent not working,35,15,20
S01008707,All parents aged 16 and over with dependent children,200,81,119
S01008707,Couple family: Total,108,34,74
S01008707,Couple family: Both parents working,50,18,32
S01008707,Couple family: One parent working,46,12,34
S01008707,Couple family: No parents working,12,4,8
S01008707,Lone parent family: Total,92,47,45
S01008707,Lone parent family: Parent working,24,15,9
S01008707,Lone parent family: Parent not working,68,32,36
S01008708,All parents aged 16 and over with dependent children,179,89,90
S01008708,Couple family: Total,106,46,60
S01008708,Couple family: Both parents working,42,26,16
S01008708,Couple family: One parent working,54,20,34
S01008708,Couple family: No parents working,10,0,10
S01008708,Lone parent family: Total,73,43,30
S01008708,Lone parent family: Parent working,25,17,8
S01008708,Lone parent family: Parent not working,48,26,22
S01008709,All parents aged 16 and over with dependent children,190,78,112
S01008709,Couple family: Total,128,50,78
S01008709,Couple family: Both parents working,62,34,28
S01008709,Couple family: One parent working,44,14,30
S01008709,Couple family: No parents working,22,2,20
S01008709,Lone parent family: Total,62,28,34
S01008709,Lone parent family: Parent working,24,13,11
S01008709,Lone parent family: Parent not working,38,15,23
S01008710,All parents aged 16 and over with dependent children,135,72,63
S01008710,Couple family: Total,98,56,42
S01008710,Couple family: Both parents working,54,38,16
S01008710,Couple family: One parent working,26,10,16
S01008710,Couple family: No parents working,18,8,10
S01008710,Lone parent family: Total,37,16,21
S01008710,Lone parent family: Parent working,16,11,5
S01008710,Lone parent family: Parent not working,21,5,16
S01008711,All parents aged 16 and over with dependent children,135,67,68
S01008711,Couple family: Total,82,30,52
S01008711,Couple family: Both parents working,40,20,20
S01008711,Couple family: One parent working,26,6,20
S01008711,Couple family: No parents working,16,4,12
S01008711,Lone parent family: Total,53,37,16
S01008711,Lone parent family: Parent working,25,16,9
S01008711,Lone parent family: Parent not working,28,21,7
S01008712,All parents aged 16 and over with dependent children,180,83,97
S01008712,Couple family: Total,114,40,74
S01008712,Couple family: Both parents working,54,26,28
S01008712,Couple family: One parent working,34,8,26
S01008712,Couple family: No parents working,26,6,20
S01008712,Lone parent family: Total,66,43,23
S01008712,Lone parent family: Parent working,27,19,8
S01008712,Lone parent family: Parent not working,39,24,15
S01008713,All parents aged 16 and over with dependent children,165,101,64
S01008713,Couple family: Total,90,58,32
S01008713,Couple family: Both parents working,46,34,12
S01008713,Couple family: One parent working,22,10,12
S01008713,Couple family: No parents working,22,14,8
S01008713,Lone parent family: Total,75,43,32
S01008713,Lone parent family: Parent working,33,22,11
S01008713,Lone parent family: Parent not working,42,21,21
S01008714,All parents aged 16 and over with dependent children,91,56,35
S01008714,Couple family: Total,54,28,26
S01008714,Couple family: Both parents working,38,24,14
S01008714,Couple family: One parent working,12,4,8
S01008714,Couple family: No parents working,4,0,4
S01008714,Lone parent family: Total,37,28,9
S01008714,Lone parent family: Parent working,11,9,2
S01008714,Lone parent family: Parent not working,26,19,7
S01008715,All parents aged 16 and over with dependent children,126,59,67
S01008715,Couple family: Total,86,34,52
S01008715,Couple family: Both parents working,60,30,30
S01008715,Couple family: One parent working,24,4,20
S01008715,Couple family: No parents working,2,0,2
S01008715,Lone parent family: Total,40,25,15
S01008715,Lone parent family: Parent working,22,14,8
S01008715,Lone parent family: Parent not working,18,11,7
S01008716,All parents aged 16 and over with dependent children,92,55,37
S01008716,Couple family: Total,72,40,32
S01008716,Couple family: Both parents working,54,30,24
S01008716,Couple family: One parent working,14,10,4
S01008716,Couple family: No parents working,4,0,4
S01008716,Lone parent family: Total,20,15,5
S01008716,Lone parent family: Parent working,4,3,1
S01008716,Lone parent family: Parent not working,16,12,4
S01008717,All parents aged 16 and over with dependent children,114,57,57
S01008717,Couple family: Total,90,44,46
S01008717,Couple family: Both parents working,50,26,24
S01008717,Couple family: One parent working,34,12,22
S01008717,Couple family: No parents working,6,6,0
S01008717,Lone parent family: Total,24,13,11
S01008717,Lone parent family: Parent working,12,9,3
S01008717,Lone parent family: Parent not working,12,4,8
S01008718,All parents aged 16 and over with dependent children,99,60,39
S01008718,Couple family: Total,80,46,34
S01008718,Couple family: Both parents working,60,36,24
S01008718,Couple family: One parent working,18,10,8
S01008718,Couple family: No parents working,2,0,2
S01008718,Lone parent family: Total,19,14,5
S01008718,Lone parent family: Parent working,13,11,2
S01008718,Lone parent family: Parent not working,6,3,3
S01008719,All parents aged 16 and over with dependent children,223,101,122
S01008719,Couple family: Total,164,68,96
S01008719,Couple family: Both parents working,96,44,52
S01008719,Couple family: One parent working,56,20,36
S01008719,Couple family: No parents working,12,4,8
S01008719,Lone parent family: Total,59,33,26
S01008719,Lone parent family: Parent working,25,16,9
S01008719,Lone parent family: Parent not working,34,17,17
S01008720,All parents aged 16 and over with dependent children,68,34,34
S01008720,Couple family: Total,46,20,26
S01008720,Couple family: Both parents working,34,14,20
S01008720,Couple family: One parent working,8,4,4
S01008720,Couple family: No parents working,4,2,2
S01008720,Lone parent family: Total,22,14,8
S01008720,Lone parent family: Parent working,12,8,4
S01008720,Lone parent family: Parent not working,10,6,4
S01008721,All parents aged 16 and over with dependent children,212,95,117
S01008721,Couple family: Total,190,80,110
S01008721,Couple family: Both parents working,168,70,98
S01008721,Couple family: One parent working,16,10,6
S01008721,Couple family: No parents working,6,0,6
S01008721,Lone parent family: Total,22,15,7
S01008721,Lone parent family: Parent working,18,14,4
S01008721,Lone parent family: Parent not working,4,1,3
S01008722,All parents aged 16 and over with dependent children,192,77,115
S01008722,Couple family: Total,184,74,110
S01008722,Couple family: Both parents working,142,56,86
S01008722,Couple family: One parent working,34,14,20
S01008722,Couple family: No parents working,8,4,4
S01008722,Lone parent family: Total,8,3,5
S01008722,Lone parent family: Parent working,6,2,4
S01008722,Lone parent family: Parent not working,2,1,1
S01008723,All parents aged 16 and over with dependent children,133,64,69
S01008723,Couple family: Total,120,60,60
S01008723,Couple family: Both parents working,104,48,56
S01008723,Couple family: One parent working,16,12,4
S01008723,Couple family: No parents working,0,0,0
S01008723,Lone parent family: Total,13,4,9
S01008723,Lone parent family: Parent working,8,4,4
S01008723,Lone parent family: Parent not working,5,0,5
S01008724,All parents aged 16 and over with dependent children,211,75,136
S01008724,Couple family: Total,190,66,124
S01008724,Couple family: Both parents working,148,52,96
S01008724,Couple family: One parent working,40,14,26
S01008724,Couple family: No parents working,2,0,2
S01008724,Lone parent family: Total,21,9,12
S01008724,Lone parent family: Parent working,15,8,7
S01008724,Lone parent family: Parent not working,6,1,5
S01008725,All parents aged 16 and over with dependent children,162,73,89
S01008725,Couple family: Total,144,60,84
S01008725,Couple family: Both parents working,118,46,72
S01008725,Couple family: One parent working,24,12,12
S01008725,Couple family: No parents working,2,2,0
S01008725,Lone parent family: Total,18,13,5
S01008725,Lone parent family: Parent working,14,10,4
S01008725,Lone parent family: Parent not working,4,3,1
S01008726,All parents aged 16 and over with dependent children,151,68,83
S01008726,Couple family: Total,144,62,82
S01008726,Couple family: Both parents working,122,50,72
S01008726,Couple family: One parent working,22,12,10
S01008726,Couple family: No parents working,0,0,0
S01008726,Lone parent family: Total,7,6,1
S01008726,Lone parent family: Parent working,5,4,1
S01008726,Lone parent family: Parent not working,2,2,0
S01008727,All parents aged 16 and over with dependent children,214,78,136
S01008727,Couple family: Total,188,64,124
S01008727,Couple family: Both parents working,138,42,96
S01008727,Couple family: One parent working,38,18,20
S01008727,Couple family: No parents working,12,4,8
S01008727,Lone parent family: Total,26,14,12
S01008727,Lone parent family: Parent working,16,10,6
S01008727,Lone parent family: Parent not working,10,4,6
S01008728,All parents aged 16 and over with dependent children,131,43,88
S01008728,Couple family: Total,94,30,64
S01008728,Couple family: Both parents working,64,26,38
S01008728,Couple family: One parent working,26,4,22
S01008728,Couple family: No parents working,4,0,4
S01008728,Lone parent family: Total,37,13,24
S01008728,Lone parent family: Parent working,14,5,9
S01008728,Lone parent family: Parent not working,23,8,15
S01008729,All parents aged 16 and over with dependent children,208,82,126
S01008729,Couple family: Total,182,68,114
S01008729,Couple family: Both parents working,134,50,84
S01008729,Couple family: One parent working,46,16,30
S01008729,Couple family: No parents working,2,2,0
S01008729,Lone parent family: Total,26,14,12
S01008729,Lone parent family: Parent working,20,10,10
S01008729,Lone parent family: Parent not working,6,4,2
S01008730,All parents aged 16 and over with dependent children,167,80,87
S01008730,Couple family: Total,132,56,76
S01008730,Couple family: Both parents working,78,40,38
S01008730,Couple family: One parent working,50,16,34
S01008730,Couple family: No parents working,4,0,4
S01008730,Lone parent family: Total,35,24,11
S01008730,Lone parent family: Parent working,19,13,6
S01008730,Lone parent family: Parent not working,16,11,5
S01008731,All parents aged 16 and over with dependent children,61,44,17
S01008731,Couple family: Total,46,34,12
S01008731,Couple family: Both parents working,38,30,8
S01008731,Couple family: One parent working,8,4,4
S01008731,Couple family: No parents working,0,0,0
S01008731,Lone parent family: Total,15,10,5
S01008731,Lone parent family: Parent working,8,6,2
S01008731,Lone parent family: Parent not working,7,4,3
S01008732,All parents aged 16 and over with dependent children,102,51,51
S01008732,Couple family: Total,72,34,38
S01008732,Couple family: Both parents working,48,30,18
S01008732,Couple family: One parent working,14,0,14
S01008732,Couple family: No parents working,10,4,6
S01008732,Lone parent family: Total,30,17,13
S01008732,Lone parent family: Parent working,11,6,5
S01008732,Lone parent family: Parent not working,19,11,8
S01008733,All parents aged 16 and over with dependent children,91,54,37
S01008733,Couple family: Total,68,38,30
S01008733,Couple family: Both parents working,52,34,18
S01008733,Couple family: One parent working,14,4,10
S01008733,Couple family: No parents working,2,0,2
S01008733,Lone parent family: Total,23,16,7
S01008733,Lone parent family: Parent working,6,3,3
S01008733,Lone parent family: Parent not working,17,13,4
S01008734,All parents aged 16 and over with dependent children,116,52,64
S01008734,Couple family: Total,102,44,58
S01008734,Couple family: Both parents working,62,26,36
S01008734,Couple family: One parent working,34,16,18
S01008734,Couple family: No parents working,6,2,4
S01008734,Lone parent family: Total,14,8,6
S01008734,Lone parent family: Parent working,8,5,3
S01008734,Lone parent family: Parent not working,6,3,3
S01008735,All parents aged 16 and over with dependent children,224,75,149
S01008735,Couple family: Total,212,70,142
S01008735,Couple family: Both parents working,152,54,98
S01008735,Couple family: One parent working,52,14,38
S01008735,Couple family: No parents working,8,2,6
S01008735,Lone parent family: Total,12,5,7
S01008735,Lone parent family: Parent working,6,3,3
S01008735,Lone parent family: Parent not working,6,2,4
S01008736,All parents aged 16 and over with dependent children,162,58,104
S01008736,Couple family: Total,152,50,102
S01008736,Couple family: Both parents working,114,38,76
S01008736,Couple family: One parent working,32,12,20
S01008736,Couple family: No parents working,6,0,6
S01008736,Lone parent family: Total,10,8,2
S01008736,Lone parent family: Parent working,5,5,0
S01008736,Lone parent family: Parent not working,5,3,2
S01008737,All parents aged 16 and over with dependent children,155,70,85
S01008737,Couple family: Total,142,66,76
S01008737,Couple family: Both parents working,106,54,52
S01008737,Couple family: One parent working,32,10,22
S01008737,Couple family: No parents working,4,2,2
S01008737,Lone parent family: Total,13,4,9
S01008737,Lone parent family: Parent working,10,4,6
S01008737,Lone parent family: Parent not working,3,0,3
S01008738,All parents aged 16 and over with dependent children,167,69,98
S01008738,Couple family: Total,160,64,96
S01008738,Couple family: Both parents working,112,46,66
S01008738,Couple family: One parent working,40,18,22
S01008738,Couple family: No parents working,8,0,8
S01008738,Lone parent family: Total,7,5,2
S01008738,Lone parent family: Parent working,6,5,1
S01008738,Lone parent family: Parent not working,1,0,1
S01008739,All parents aged 16 and over with dependent children,122,63,59
S01008739,Couple family: Total,100,48,52
S01008739,Couple family: Both parents working,82,36,46
S01008739,Couple family: One parent working,14,10,4
S01008739,Couple family: No parents working,4,2,2
S01008739,Lone parent family: Total,22,15,7
S01008739,Lone parent family: Parent working,14,8,6
S01008739,Lone parent family: Parent not working,8,7,1
S01008740,All parents aged 16 and over with dependent children,113,53,60
S01008740,Couple family: Total,102,44,58
S01008740,Couple family: Both parents working,78,32,46
S01008740,Couple family: One parent working,18,10,8
S01008740,Couple family: No parents working,6,2,4
S01008740,Lone parent family: Total,11,9,2
S01008740,Lone parent family: Parent working,6,6,0
S01008740,Lone parent family: Parent not working,5,3,2
S01008741,All parents aged 16 and over with dependent children,194,61,133
S01008741,Couple family: Total,176,50,126
S01008741,Couple family: Both parents working,150,42,108
S01008741,Couple family: One parent working,24,8,16
S01008741,Couple family: No parents working,2,0,2
S01008741,Lone parent family: Total,18,11,7
S01008741,Lone parent family: Parent working,12,9,3
S01008741,Lone parent family: Parent not working,6,2,4
S01008742,All parents aged 16 and over with dependent children,52,35,17
S01008742,Couple family: Total,46,32,14
S01008742,Couple family: Both parents working,38,26,12
S01008742,Couple family: One parent working,4,4,0
S01008742,Couple family: No parents working,4,2,2
S01008742,Lone parent family: Total,6,3,3
S01008742,Lone parent family: Parent working,4,3,1
S01008742,Lone parent family: Parent not working,2,0,2
S01008743,All parents aged 16 and over with dependent children,148,79,69
S01008743,Couple family: Total,98,54,44
S01008743,Couple family: Both parents working,64,34,30
S01008743,Couple family: One parent working,24,12,12
S01008743,Couple family: No parents working,10,8,2
S01008743,Lone parent family: Total,50,25,25
S01008743,Lone parent family: Parent working,22,10,12
S01008743,Lone parent family: Parent not working,28,15,13
S01008744,All parents aged 16 and over with dependent children,221,125,96
S01008744,Couple family: Total,164,86,78
S01008744,Couple family: Both parents working,126,70,56
S01008744,Couple family: One parent working,36,14,22
S01008744,Couple family: No parents working,2,2,0
S01008744,Lone parent family: Total,57,39,18
S01008744,Lone parent family: Parent working,35,23,12
S01008744,Lone parent family: Parent not working,22,16,6
S01008745,All parents aged 16 and over with dependent children,74,34,40
S01008745,Couple family: Total,56,26,30
S01008745,Couple family: Both parents working,42,18,24
S01008745,Couple family: One parent working,14,8,6
S01008745,Couple family: No parents working,0,0,0
S01008745,Lone parent family: Total,18,8,10
S01008745,Lone parent family: Parent working,8,5,3
S01008745,Lone parent family: Parent not working,10,3,7
S01008746,All parents aged 16 and over with dependent children,176,103,73
S01008746,Couple family: Total,116,62,54
S01008746,Couple family: Both parents working,52,32,20
S01008746,Couple family: One parent working,36,20,16
S01008746,Couple family: No parents working,28,10,18
S01008746,Lone parent family: Total,60,41,19
S01008746,Lone parent family: Parent working,22,17,5
S01008746,Lone parent family: Parent not working,38,24,14
S01008747,All parents aged 16 and over with dependent children,99,43,56
S01008747,Couple family: Total,86,36,50
S01008747,Couple family: Both parents working,72,26,46
S01008747,Couple family: One parent working,14,10,4
S01008747,Couple family: No parents working,0,0,0
S01008747,Lone parent family: Total,13,7,6
S01008747,Lone parent family: Parent working,9,6,3
S01008747,Lone parent family: Parent not working,4,1,3
S01008748,All parents aged 16 and over with dependent children,129,62,67
S01008748,Couple family: Total,122,58,64
S01008748,Couple family: Both parents working,104,56,48
S01008748,Couple family: One parent working,14,2,12
S01008748,Couple family: No parents working,4,0,4
S01008748,Lone parent family: Total,7,4,3
S01008748,Lone parent family: Parent working,4,2,2
S01008748,Lone parent family: Parent not working,3,2,1
S01008749,All parents aged 16 and over with dependent children,178,87,91
S01008749,Couple family: Total,158,80,78
S01008749,Couple family: Both parents working,124,68,56
S01008749,Couple family: One parent working,32,12,20
S01008749,Couple family: No parents working,2,0,2
S01008749,Lone parent family: Total,20,7,13
S01008749,Lone parent family: Parent working,15,6,9
S01008749,Lone parent family: Parent not working,5,1,4
S01008750,All parents aged 16 and over with dependent children,122,58,64
S01008750,Couple family: Total,108,48,60
S01008750,Couple family: Both parents working,94,44,50
S01008750,Couple family: One parent working,10,4,6
S01008750,Couple family: No parents working,4,0,4
S01008750,Lone parent family: Total,14,10,4
S01008750,Lone parent family: Parent working,13,10,3
S01008750,Lone parent family: Parent not working,1,0,1
S01008751,All parents aged 16 and over with dependent children,104,36,68
S01008751,Couple family: Total,78,24,54
S01008751,Couple family: Both parents working,66,20,46
S01008751,Couple family: One parent working,8,0,8
S01008751,Couple family: No parents working,4,4,0
S01008751,Lone parent family: Total,26,12,14
S01008751,Lone parent family: Parent working,10,7,3
S01008751,Lone parent family: Parent not working,16,5,11
S01008752,All parents aged 16 and over with dependent children,131,87,44
S01008752,Couple family: Total,68,46,22
S01008752,Couple family: Both parents working,46,32,14
S01008752,Couple family: One parent working,18,10,8
S01008752,Couple family: No parents working,4,4,0
S01008752,Lone parent family: Total,63,41,22
S01008752,Lone parent family: Parent working,19,14,5
S01008752,Lone parent family: Parent not working,44,27,17
S01008753,All parents aged 16 and over with dependent children,79,53,26
S01008753,Couple family: Total,46,24,22
S01008753,Couple family: Both parents working,28,16,12
S01008753,Couple family: One parent working,12,4,8
S01008753,Couple family: No parents working,6,4,2
S01008753,Lone parent family: Total,33,29,4
S01008753,Lone parent family: Parent working,16,14,2
S01008753,Lone parent family: Parent not working,17,15,2
S01008754,All parents aged 16 and over with dependent children,58,39,19
S01008754,Couple family: Total,44,28,16
S01008754,Couple family: Both parents working,30,20,10
S01008754,Couple family: One parent working,10,6,4
S01008754,Couple family: No parents working,4,2,2
S01008754,Lone parent family: Total,14,11,3
S01008754,Lone parent family: Parent working,9,7,2
S01008754,Lone parent family: Parent not working,5,4,1
S01008755,All parents aged 16 and over with dependent children,148,98,50
S01008755,Couple family: Total,90,54,36
S01008755,Couple family: Both parents working,62,42,20
S01008755,Couple family: One parent working,20,10,10
S01008755,Couple family: No parents working,8,2,6
S01008755,Lone parent family: Total,58,44,14
S01008755,Lone parent family: Parent working,17,16,1
S01008755,Lone parent family: Parent not working,41,28,13
S01008756,All parents aged 16 and over with dependent children,94,54,40
S01008756,Couple family: Total,66,32,34
S01008756,Couple family: Both parents working,44,22,22
S01008756,Couple family: One parent working,12,2,10
S01008756,Couple family: No parents working,10,8,2
S01008756,Lone parent family: Total,28,22,6
S01008756,Lone parent family: Parent working,16,12,4
S01008756,Lone parent family: Parent not working,12,10,2
S01008757,All parents aged 16 and over with dependent children,94,60,34
S01008757,Couple family: Total,52,32,20
S01008757,Couple family: Both parents working,28,24,4
S01008757,Couple family: One parent working,12,2,10
S01008757,Couple family: No parents working,12,6,6
S01008757,Lone parent family: Total,42,28,14
S01008757,Lone parent family: Parent working,13,9,4
S01008757,Lone parent family: Parent not working,29,19,10
S01008758,All parents aged 16 and over with dependent children,167,119,48
S01008758,Couple family: Total,118,78,40
S01008758,Couple family: Both parents working,64,46,18
S01008758,Couple family: One parent working,36,22,14
S01008758,Couple family: No parents working,18,10,8
S01008758,Lone parent family: Total,49,41,8
S01008758,Lone parent family: Parent working,25,20,5
S01008758,Lone parent family: Parent not working,24,21,3
S01008759,All parents aged 16 and over with dependent children,98,52,46
S01008759,Couple family: Total,58,30,28
S01008759,Couple family: Both parents working,30,16,14
S01008759,Couple family: One parent working,20,10,10
S01008759,Couple family: No parents working,8,4,4
S01008759,Lone parent family: Total,40,22,18
S01008759,Lone parent family: Parent working,19,11,8
S01008759,Lone parent family: Parent not working,21,11,10
S01008760,All parents aged 16 and over with dependent children,201,107,94
S01008760,Couple family: Total,126,56,70
S01008760,Couple family: Both parents working,58,22,36
S01008760,Couple family: One parent working,48,24,24
S01008760,Couple family: No parents working,20,10,10
S01008760,Lone parent family: Total,75,51,24
S01008760,Lone parent family: Parent working,37,29,8
S01008760,Lone parent family: Parent not working,38,22,16
S01008761,All parents aged 16 and over with dependent children,173,93,80
S01008761,Couple family: Total,142,72,70
S01008761,Couple family: Both parents working,100,48,52
S01008761,Couple family: One parent working,38,22,16
S01008761,Couple family: No parents working,4,2,2
S01008761,Lone parent family: Total,31,21,10
S01008761,Lone parent family: Parent working,20,14,6
S01008761,Lone parent family: Parent not working,11,7,4
S01008762,All parents aged 16 and over with dependent children,102,49,53
S01008762,Couple family: Total,86,42,44
S01008762,Couple family: Both parents working,72,36,36
S01008762,Couple family: One parent working,14,6,8
S01008762,Couple family: No parents working,0,0,0
S01008762,Lone parent family: Total,16,7,9
S01008762,Lone parent family: Parent working,9,5,4
S01008762,Lone parent family: Parent not working,7,2,5
S01008763,All parents aged 16 and over with dependent children,206,116,90
S01008763,Couple family: Total,190,106,84
S01008763,Couple family: Both parents working,158,92,66
S01008763,Couple family: One parent working,26,12,14
S01008763,Couple family: No parents working,6,2,4
S01008763,Lone parent family: Total,16,10,6
S01008763,Lone parent family: Parent working,13,10,3
S01008763,Lone parent family: Parent not working,3,0,3
S01008764,All parents aged 16 and over with dependent children,161,80,81
S01008764,Couple family: Total,150,76,74
S01008764,Couple family: Both parents working,118,68,50
S01008764,Couple family: One parent working,26,8,18
S01008764,Couple family: No parents working,6,0,6
S01008764,Lone parent family: Total,11,4,7
S01008764,Lone parent family: Parent working,6,4,2
S01008764,Lone parent family: Parent not working,5,0,5
S01008765,All parents aged 16 and over with dependent children,181,71,110
S01008765,Couple family: Total,158,58,100
S01008765,Couple family: Both parents working,118,42,76
S01008765,Couple family: One parent working,40,16,24
S01008765,Couple family: No parents working,0,0,0
S01008765,Lone parent family: Total,23,13,10
S01008765,Lone parent family: Parent working,18,12,6
S01008765,Lone parent family: Parent not working,5,1,4
S01008766,All parents aged 16 and over with dependent children,234,110,124
S01008766,Couple family: Total,212,100,112
S01008766,Couple family: Both parents working,168,82,86
S01008766,Couple family: One parent working,40,16,24
S01008766,Couple family: No parents working,4,2,2
S01008766,Lone parent family: Total,22,10,12
S01008766,Lone parent family: Parent working,11,5,6
S01008766,Lone parent family: Parent not working,11,5,6
S01008767,All parents aged 16 and over with dependent children,118,67,51
S01008767,Couple family: Total,98,54,44
S01008767,Couple family: Both parents working,76,44,32
S01008767,Couple family: One parent working,16,6,10
S01008767,Couple family: No parents working,6,4,2
S01008767,Lone parent family: Total,20,13,7
S01008767,Lone parent family: Parent working,16,12,4
S01008767,Lone parent family: Parent not working,4,1,3
S01008768,All parents aged 16 and over with dependent children,90,43,47
S01008768,Couple family: Total,70,30,40
S01008768,Couple family: Both parents working,44,16,28
S01008768,Couple family: One parent working,20,12,8
S01008768,Couple family: No parents working,6,2,4
S01008768,Lone parent family: Total,20,13,7
S01008768,Lone parent family: Parent working,10,9,1
S01008768,Lone parent family: Parent not working,10,4,6
S01008769,All parents aged 16 and over with dependent children,64,46,18
S01008769,Couple family: Total,54,38,16
S01008769,Couple family: Both parents working,42,32,10
S01008769,Couple family: One parent working,8,4,4
S01008769,Couple family: No parents working,4,2,2
S01008769,Lone parent family: Total,10,8,2
S01008769,Lone parent family: Parent working,6,5,1
S01008769,Lone parent family: Parent not working,4,3,1
S01008770,All parents aged 16 and over with dependent children,147,91,56
S01008770,Couple family: Total,116,78,38
S01008770,Couple family: Both parents working,68,50,18
S01008770,Couple family: One parent working,42,22,20
S01008770,Couple family: No parents working,6,6,0
S01008770,Lone parent family: Total,31,13,18
S01008770,Lone parent family: Parent working,13,10,3
S01008770,Lone parent family: Parent not working,18,3,15
S01008771,All parents aged 16 and over with dependent children,152,95,57
S01008771,Couple family: Total,110,74,36
S01008771,Couple family: Both parents working,82,60,22
S01008771,Couple family: One parent working,26,12,14
S01008771,Couple family: No parents working,2,2,0
S01008771,Lone parent family: Total,42,21,21
S01008771,Lone parent family: Parent working,17,11,6
S01008771,Lone parent family: Parent not working,25,10,15
S01008772,All parents aged 16 and over with dependent children,140,73,67
S01008772,Couple family: Total,122,60,62
S01008772,Couple family: Both parents working,84,46,38
S01008772,Couple family: One parent working,26,6,20
S01008772,Couple family: No parents working,12,8,4
S01008772,Lone parent family: Total,18,13,5
S01008772,Lone parent family: Parent working,12,9,3
S01008772,Lone parent family: Parent not working,6,4,2
S01008773,All parents aged 16 and over with dependent children,148,93,55
S01008773,Couple family: Total,118,68,50
S01008773,Couple family: Both parents working,78,50,28
S01008773,Couple family: One parent working,28,12,16
S01008773,Couple family: No parents working,12,6,6
S01008773,Lone parent family: Total,30,25,5
S01008773,Lone parent family: Parent working,21,17,4
S01008773,Lone parent family: Parent not working,9,8,1
S01008774,All parents aged 16 and over with dependent children,133,89,44
S01008774,Couple family: Total,96,64,32
S01008774,Couple family: Both parents working,66,52,14
S01008774,Couple family: One parent working,22,8,14
S01008774,Couple family: No parents working,8,4,4
S01008774,Lone parent family: Total,37,25,12
S01008774,Lone parent family: Parent working,19,14,5
S01008774,Lone parent family: Parent not working,18,11,7
S01008775,All parents aged 16 and over with dependent children,72,30,42
S01008775,Couple family: Total,60,22,38
S01008775,Couple family: Both parents working,48,18,30
S01008775,Couple family: One parent working,12,4,8
S01008775,Couple family: No parents working,0,0,0
S01008775,Lone parent family: Total,12,8,4
S01008775,Lone parent family: Parent working,7,4,3
S01008775,Lone parent family: Parent not working,5,4,1
S01008776,All parents aged 16 and over with dependent children,118,74,44
S01008776,Couple family: Total,72,42,30
S01008776,Couple family: Both parents working,50,24,26
S01008776,Couple family: One parent working,6,4,2
S01008776,Couple family: No parents working,16,14,2
S01008776,Lone parent family: Total,46,32,14
S01008776,Lone parent family: Parent working,12,11,1
S01008776,Lone parent family: Parent not working,34,21,13
S01008777,All parents aged 16 and over with dependent children,82,60,22
S01008777,Couple family: Total,58,40,18
S01008777,Couple family: Both parents working,28,26,2
S01008777,Couple family: One parent working,22,8,14
S01008777,Couple family: No parents working,8,6,2
S01008777,Lone parent family: Total,24,20,4
S01008777,Lone parent family: Parent working,7,7,0
S01008777,Lone parent family: Parent not working,17,13,4
S01008778,All parents aged 16 and over with dependent children,116,93,23
S01008778,Couple family: Total,82,72,10
S01008778,Couple family: Both parents working,48,44,4
S01008778,Couple family: One parent working,28,22,6
S01008778,Couple family: No parents working,6,6,0
S01008778,Lone parent family: Total,34,21,13
S01008778,Lone parent family: Parent working,15,9,6
S01008778,Lone parent family: Parent not working,19,12,7
S01008779,All parents aged 16 and over with dependent children,80,51,29
S01008779,Couple family: Total,74,46,28
S01008779,Couple family: Both parents working,48,32,16
S01008779,Couple family: One parent working,26,14,12
S01008779,Couple family: No parents working,0,0,0
S01008779,Lone parent family: Total,6,5,1
S01008779,Lone parent family: Parent working,3,3,0
S01008779,Lone parent family: Parent not working,3,2,1
S01008780,All parents aged 16 and over with dependent children,67,49,18
S01008780,Couple family: Total,48,36,12
S01008780,Couple family: Both parents working,32,24,8
S01008780,Couple family: One parent working,14,10,4
S01008780,Couple family: No parents working,2,2,0
S01008780,Lone parent family: Total,19,13,6
S01008780,Lone parent family: Parent working,7,7,0
S01008780,Lone parent family: Parent not working,12,6,6
S01008781,All parents aged 16 and over with dependent children,118,87,31
S01008781,Couple family: Total,70,50,20
S01008781,Couple family: Both parents working,44,36,8
S01008781,Couple family: One parent working,22,12,10
S01008781,Couple family: No parents working,4,2,2
S01008781,Lone parent family: Total,48,37,11
S01008781,Lone parent family: Parent working,23,19,4
S01008781,Lone parent family: Parent not working,25,18,7
S01008782,All parents aged 16 and over with dependent children,115,77,38
S01008782,Couple family: Total,90,62,28
S01008782,Couple family: Both parents working,64,46,18
S01008782,Couple family: One parent working,18,12,6
S01008782,Couple family: No parents working,8,4,4
S01008782,Lone parent family: Total,25,15,10
S01008782,Lone parent family: Parent working,8,6,2
S01008782,Lone parent family: Parent not working,17,9,8
S01008783,All parents aged 16 and over with dependent children,58,45,13
S01008783,Couple family: Total,36,26,10
S01008783,Couple family: Both parents working,26,20,6
S01008783,Couple family: One parent working,8,4,4
S01008783,Couple family: No parents working,2,2,0
S01008783,Lone parent family: Total,22,19,3
S01008783,Lone parent family: Parent working,9,9,0
S01008783,Lone parent family: Parent not working,13,10,3
S01008784,All parents aged 16 and over with dependent children,56,48,8
S01008784,Couple family: Total,28,26,2
S01008784,Couple family: Both parents working,24,22,2
S01008784,Couple family: One parent working,2,2,0
S01008784,Couple family: No parents working,2,2,0
S01008784,Lone parent family: Total,28,22,6
S01008784,Lone parent family: Parent working,17,15,2
S01008784,Lone parent family: Parent not working,11,7,4
S01008785,All parents aged 16 and over with dependent children,133,89,44
S01008785,Couple family: Total,74,54,20
S01008785,Couple family: Both parents working,44,34,10
S01008785,Couple family: One parent working,24,14,10
S01008785,Couple family: No parents working,6,6,0
S01008785,Lone parent family: Total,59,35,24
S01008785,Lone parent family: Parent working,18,14,4
S01008785,Lone parent family: Parent not working,41,21,20
S01008786,All parents aged 16 and over with dependent children,77,51,26
S01008786,Couple family: Total,54,40,14
S01008786,Couple family: Both parents working,46,36,10
S01008786,Couple family: One parent working,2,2,0
S01008786,Couple family: No parents working,6,2,4
S01008786,Lone parent family: Total,23,11,12
S01008786,Lone parent family: Parent working,8,5,3
S01008786,Lone parent family: Parent not working,15,6,9
S01008787,All parents aged 16 and over with dependent children,87,53,34
S01008787,Couple family: Total,40,22,18
S01008787,Couple family: Both parents working,20,12,8
S01008787,Couple family: One parent working,18,8,10
S01008787,Couple family: No parents working,2,2,0
S01008787,Lone parent family: Total,47,31,16
S01008787,Lone parent family: Parent working,13,10,3
S01008787,Lone parent family: Parent not working,34,21,13
S01008788,All parents aged 16 and over with dependent children,69,42,27
S01008788,Couple family: Total,42,28,14
S01008788,Couple family: Both parents working,32,22,10
S01008788,Couple family: One parent working,2,0,2
S01008788,Couple family: No parents working,8,6,2
S01008788,Lone parent family: Total,27,14,13
S01008788,Lone parent family: Parent working,12,9,3
S01008788,Lone parent family: Parent not working,15,5,10
S01008789,All parents aged 16 and over with dependent children,80,51,29
S01008789,Couple family: Total,60,38,22
S01008789,Couple family: Both parents working,38,26,12
S01008789,Couple family: One parent working,14,6,8
S01008789,Couple family: No parents working,8,6,2
S01008789,Lone parent family: Total,20,13,7
S01008789,Lone parent family: Parent working,10,7,3
S01008789,Lone parent family: Parent not working,10,6,4
S01008790,All parents aged 16 and over with dependent children,80,53,27
S01008790,Couple family: Total,62,36,26
S01008790,Couple family: Both parents working,34,22,12
S01008790,Couple family: One parent working,16,6,10
S01008790,Couple family: No parents working,12,8,4
S01008790,Lone parent family: Total,18,17,1
S01008790,Lone parent family: Parent working,9,8,1
S01008790,Lone parent family: Parent not working,9,9,0
S01008791,All parents aged 16 and over with dependent children,110,66,44
S01008791,Couple family: Total,80,48,32
S01008791,Couple family: Both parents working,44,28,16
S01008791,Couple family: One parent working,36,20,16
S01008791,Couple family: No parents working,0,0,0
S01008791,Lone parent family: Total,30,18,12
S01008791,Lone parent family: Parent working,12,8,4
S01008791,Lone parent family: Parent not working,18,10,8
S01008792,All parents aged 16 and over with dependent children,106,65,41
S01008792,Couple family: Total,80,44,36
S01008792,Couple family: Both parents working,50,28,22
S01008792,Couple family: One parent working,20,12,8
S01008792,Couple family: No parents working,10,4,6
S01008792,Lone parent family: Total,26,21,5
S01008792,Lone parent family: Parent working,20,16,4
S01008792,Lone parent family: Parent not working,6,5,1
S01008793,All parents aged 16 and over with dependent children,47,32,15
S01008793,Couple family: Total,32,22,10
S01008793,Couple family: Both parents working,20,16,4
S01008793,Couple family: One parent working,4,0,4
S01008793,Couple family: No parents working,8,6,2
S01008793,Lone parent family: Total,15,10,5
S01008793,Lone parent family: Parent working,9,7,2
S01008793,Lone parent family: Parent not working,6,3,3
S01008794,All parents aged 16 and over with dependent children,110,77,33
S01008794,Couple family: Total,76,50,26
S01008794,Couple family: Both parents working,42,28,14
S01008794,Couple family: One parent working,22,12,10
S01008794,Couple family: No parents working,12,10,2
S01008794,Lone parent family: Total,34,27,7
S01008794,Lone parent family: Parent working,21,17,4
S01008794,Lone parent family: Parent not working,13,10,3
S01008795,All parents aged 16 and over with dependent children,145,94,51
S01008795,Couple family: Total,116,74,42
S01008795,Couple family: Both parents working,72,52,20
S01008795,Couple family: One parent working,36,18,18
S01008795,Couple family: No parents working,8,4,4
S01008795,Lone parent family: Total,29,20,9
S01008795,Lone parent family: Parent working,18,12,6
S01008795,Lone parent family: Parent not working,11,8,3
S01008796,All parents aged 16 and over with dependent children,141,72,69
S01008796,Couple family: Total,102,56,46
S01008796,Couple family: Both parents working,46,34,12
S01008796,Couple family: One parent working,44,16,28
S01008796,Couple family: No parents working,12,6,6
S01008796,Lone parent family: Total,39,16,23
S01008796,Lone parent family: Parent working,16,11,5
S01008796,Lone parent family: Parent not working,23,5,18
S01008797,All parents aged 16 and over with dependent children,72,45,27
S01008797,Couple family: Total,56,36,20
S01008797,Couple family: Both parents working,30,20,10
S01008797,Couple family: One parent working,26,16,10
S01008797,Couple family: No parents working,0,0,0
S01008797,Lone parent family: Total,16,9,7
S01008797,Lone parent family: Parent working,7,5,2
S01008797,Lone parent family: Parent not working,9,4,5
S01008798,All parents aged 16 and over with dependent children,77,54,23
S01008798,Couple family: Total,56,38,18
S01008798,Couple family: Both parents working,36,26,10
S01008798,Couple family: One parent working,12,6,6
S01008798,Couple family: No parents working,8,6,2
S01008798,Lone parent family: Total,21,16,5
S01008798,Lone parent family: Parent working,7,5,2
S01008798,Lone parent family: Parent not working,14,11,3
S01008799,All parents aged 16 and over with dependent children,107,69,38
S01008799,Couple family: Total,66,48,18
S01008799,Couple family: Both parents working,38,36,2
S01008799,Couple family: One parent working,26,12,14
S01008799,Couple family: No parents working,2,0,2
S01008799,Lone parent family: Total,41,21,20
S01008799,Lone parent family: Parent working,20,12,8
S01008799,Lone parent family: Parent not working,21,9,12
S01008800,All parents aged 16 and over with dependent children,101,84,17
S01008800,Couple family: Total,86,70,16
S01008800,Couple family: Both parents working,52,40,12
S01008800,Couple family: One parent working,34,30,4
S01008800,Couple family: No parents working,0,0,0
S01008800,Lone parent family: Total,15,14,1
S01008800,Lone parent family: Parent working,13,12,1
S01008800,Lone parent family: Parent not working,2,2,0
S01008801,All parents aged 16 and over with dependent children,95,74,21
S01008801,Couple family: Total,76,60,16
S01008801,Couple family: Both parents working,40,34,6
S01008801,Couple family: One parent working,28,22,6
S01008801,Couple family: No parents working,8,4,4
S01008801,Lone parent family: Total,19,14,5
S01008801,Lone parent family: Parent working,14,12,2
S01008801,Lone parent family: Parent not working,5,2,3
S01008802,All parents aged 16 and over with dependent children,91,71,20
S01008802,Couple family: Total,68,54,14
S01008802,Couple family: Both parents working,40,34,6
S01008802,Couple family: One parent working,24,16,8
S01008802,Couple family: No parents working,4,4,0
S01008802,Lone parent family: Total,23,17,6
S01008802,Lone parent family: Parent working,9,6,3
S01008802,Lone parent family: Parent not working,14,11,3
S01008803,All parents aged 16 and over with dependent children,102,70,32
S01008803,Couple family: Total,72,58,14
S01008803,Couple family: Both parents working,46,40,6
S01008803,Couple family: One parent working,24,16,8
S01008803,Couple family: No parents working,2,2,0
S01008803,Lone parent family: Total,30,12,18
S01008803,Lone parent family: Parent working,12,6,6
S01008803,Lone parent family: Parent not working,18,6,12
S01008804,All parents aged 16 and over with dependent children,59,41,18
S01008804,Couple family: Total,46,32,14
S01008804,Couple family: Both parents working,18,16,2
S01008804,Couple family: One parent working,20,14,6
S01008804,Couple family: No parents working,8,2,6
S01008804,Lone parent family: Total,13,9,4
S01008804,Lone parent family: Parent working,2,2,0
S01008804,Lone parent family: Parent not working,11,7,4
S01008805,All parents aged 16 and over with dependent children,54,39,15
S01008805,Couple family: Total,48,34,14
S01008805,Couple family: Both parents working,20,14,6
S01008805,Couple family: One parent working,26,18,8
S01008805,Couple family: No parents working,2,2,0
S01008805,Lone parent family: Total,6,5,1
S01008805,Lone parent family: Parent working,4,4,0
S01008805,Lone parent family: Parent not working,2,1,1
S01008806,All parents aged 16 and over with dependent children,112,49,63
S01008806,Couple family: Total,98,40,58
S01008806,Couple family: Both parents working,60,30,30
S01008806,Couple family: One parent working,32,10,22
S01008806,Couple family: No parents working,6,0,6
S01008806,Lone parent family: Total,14,9,5
S01008806,Lone parent family: Parent working,2,1,1
S01008806,Lone parent family: Parent not working,12,8,4
S01008807,All parents aged 16 and over with dependent children,69,48,21
S01008807,Couple family: Total,58,40,18
S01008807,Couple family: Both parents working,36,22,14
S01008807,Couple family: One parent working,20,16,4
S01008807,Couple family: No parents working,2,2,0
S01008807,Lone parent family: Total,11,8,3
S01008807,Lone parent family: Parent working,10,7,3
S01008807,Lone parent family: Parent not working,1,1,0
S01008808,All parents aged 16 and over with dependent children,73,53,20
S01008808,Couple family: Total,62,42,20
S01008808,Couple family: Both parents working,40,28,12
S01008808,Couple family: One parent working,22,14,8
S01008808,Couple family: No parents working,0,0,0
S01008808,Lone parent family: Total,11,11,0
S01008808,Lone parent family: Parent working,7,7,0
S01008808,Lone parent family: Parent not working,4,4,0
S01008809,All parents aged 16 and over with dependent children,73,30,43
S01008809,Couple family: Total,62,24,38
S01008809,Couple family: Both parents working,36,16,20
S01008809,Couple family: One parent working,22,6,16
S01008809,Couple family: No parents working,4,2,2
S01008809,Lone parent family: Total,11,6,5
S01008809,Lone parent family: Parent working,7,3,4
S01008809,Lone parent family: Parent not working,4,3,1
S01008810,All parents aged 16 and over with dependent children,89,47,42
S01008810,Couple family: Total,74,36,38
S01008810,Couple family: Both parents working,54,26,28
S01008810,Couple family: One parent working,20,10,10
S01008810,Couple family: No parents working,0,0,0
S01008810,Lone parent family: Total,15,11,4
S01008810,Lone parent family: Parent working,12,9,3
S01008810,Lone parent family: Parent not working,3,2,1
S01008811,All parents aged 16 and over with dependent children,63,35,28
S01008811,Couple family: Total,58,30,28
S01008811,Couple family: Both parents working,44,26,18
S01008811,Couple family: One parent working,12,4,8
S01008811,Couple family: No parents working,2,0,2
S01008811,Lone parent family: Total,5,5,0
S01008811,Lone parent family: Parent working,5,5,0
S01008811,Lone parent family: Parent not working,0,0,0
S01008812,All parents aged 16 and over with dependent children,40,25,15
S01008812,Couple family: Total,32,20,12
S01008812,Couple family: Both parents working,28,20,8
S01008812,Couple family: One parent working,4,0,4
S01008812,Couple family: No parents working,0,0,0
S01008812,Lone parent family: Total,8,5,3
S01008812,Lone parent family: Parent working,5,3,2
S01008812,Lone parent family: Parent not working,3,2,1
S01008813,All parents aged 16 and over with dependent children,146,78,68
S01008813,Couple family: Total,106,54,52
S01008813,Couple family: Both parents working,60,32,28
S01008813,Couple family: One parent working,44,22,22
S01008813,Couple family: No parents working,2,0,2
S01008813,Lone parent family: Total,40,24,16
S01008813,Lone parent family: Parent working,15,11,4
S01008813,Lone parent family: Parent not working,25,13,12
S01008814,All parents aged 16 and over with dependent children,114,62,52
S01008814,Couple family: Total,86,48,38
S01008814,Couple family: Both parents working,50,28,22
S01008814,Couple family: One parent working,32,16,16
S01008814,Couple family: No parents working,4,4,0
S01008814,Lone parent family: Total,28,14,14
S01008814,Lone parent family: Parent working,15,9,6
S01008814,Lone parent family: Parent not working,13,5,8
S01008815,All parents aged 16 and over with dependent children,108,69,39
S01008815,Couple family: Total,78,52,26
S01008815,Couple family: Both parents working,40,30,10
S01008815,Couple family: One parent working,34,20,14
S01008815,Couple family: No parents working,4,2,2
S01008815,Lone parent family: Total,30,17,13
S01008815,Lone parent family: Parent working,15,10,5
S01008815,Lone parent family: Parent not working,15,7,8
S01008816,All parents aged 16 and over with dependent children,37,19,18
S01008816,Couple family: Total,24,14,10
S01008816,Couple family: Both parents working,8,6,2
S01008816,Couple family: One parent working,12,6,6
S01008816,Couple family: No parents working,4,2,2
S01008816,Lone parent family: Total,13,5,8
S01008816,Lone parent family: Parent working,6,3,3
S01008816,Lone parent family: Parent not working,7,2,5
S01008817,All parents aged 16 and over with dependent children,135,102,33
S01008817,Couple family: Total,96,74,22
S01008817,Couple family: Both parents working,68,50,18
S01008817,Couple family: One parent working,16,12,4
S01008817,Couple family: No parents working,12,12,0
S01008817,Lone parent family: Total,39,28,11
S01008817,Lone parent family: Parent working,18,15,3
S01008817,Lone parent family: Parent not working,21,13,8
S01008818,All parents aged 16 and over with dependent children,169,99,70
S01008818,Couple family: Total,134,76,58
S01008818,Couple family: Both parents working,112,68,44
S01008818,Couple family: One parent working,22,8,14
S01008818,Couple family: No parents working,0,0,0
S01008818,Lone parent family: Total,35,23,12
S01008818,Lone parent family: Parent working,15,12,3
S01008818,Lone parent family: Parent not working,20,11,9
S01008819,All parents aged 16 and over with dependent children,128,64,64
S01008819,Couple family: Total,112,58,54
S01008819,Couple family: Both parents working,88,42,46
S01008819,Couple family: One parent working,24,16,8
S01008819,Couple family: No parents working,0,0,0
S01008819,Lone parent family: Total,16,6,10
S01008819,Lone parent family: Parent working,7,4,3
S01008819,Lone parent family: Parent not working,9,2,7
S01008820,All parents aged 16 and over with dependent children,176,105,71
S01008820,Couple family: Total,126,70,56
S01008820,Couple family: Both parents working,84,54,30
S01008820,Couple family: One parent working,34,10,24
S01008820,Couple family: No parents working,8,6,2
S01008820,Lone parent family: Total,50,35,15
S01008820,Lone parent family: Parent working,21,20,1
S01008820,Lone parent family: Parent not working,29,15,14
S01008821,All parents aged 16 and over with dependent children,176,69,107
S01008821,Couple family: Total,160,66,94
S01008821,Couple family: Both parents working,134,62,72
S01008821,Couple family: One parent working,24,4,20
S01008821,Couple family: No parents working,2,0,2
S01008821,Lone parent family: Total,16,3,13
S01008821,Lone parent family: Parent working,8,1,7
S01008821,Lone parent family: Parent not working,8,2,6
S01008822,All parents aged 16 and over with dependent children,176,55,121
S01008822,Couple family: Total,166,46,120
S01008822,Couple family: Both parents working,136,34,102
S01008822,Couple family: One parent working,30,12,18
S01008822,Couple family: No parents working,0,0,0
S01008822,Lone parent family: Total,10,9,1
S01008822,Lone parent family: Parent working,9,9,0
S01008822,Lone parent family: Parent not working,1,0,1
S01008823,All parents aged 16 and over with dependent children,149,68,81
S01008823,Couple family: Total,142,64,78
S01008823,Couple family: Both parents working,108,50,58
S01008823,Couple family: One parent working,34,14,20
S01008823,Couple family: No parents working,0,0,0
S01008823,Lone parent family: Total,7,4,3
S01008823,Lone parent family: Parent working,7,4,3
S01008823,Lone parent family: Parent not working,0,0,0
S01008824,All parents aged 16 and over with dependent children,171,85,86
S01008824,Couple family: Total,154,76,78
S01008824,Couple family: Both parents working,128,62,66
S01008824,Couple family: One parent working,26,14,12
S01008824,Couple family: No parents working,0,0,0
S01008824,Lone parent family: Total,17,9,8
S01008824,Lone parent family: Parent working,14,8,6
S01008824,Lone parent family: Parent not working,3,1,2
S01008825,All parents aged 16 and over with dependent children,146,80,66
S01008825,Couple family: Total,134,74,60
S01008825,Couple family: Both parents working,112,68,44
S01008825,Couple family: One parent working,22,6,16
S01008825,Couple family: No parents working,0,0,0
S01008825,Lone parent family: Total,12,6,6
S01008825,Lone parent family: Parent working,12,6,6
S01008825,Lone parent family: Parent not working,0,0,0
S01008826,All parents aged 16 and over with dependent children,98,45,53
S01008826,Couple family: Total,88,38,50
S01008826,Couple family: Both parents working,54,24,30
S01008826,Couple family: One parent working,34,14,20
S01008826,Couple family: No parents working,0,0,0
S01008826,Lone parent family: Total,10,7,3
S01008826,Lone parent family: Parent working,8,5,3
S01008826,Lone parent family: Parent not working,2,2,0
S01008827,All parents aged 16 and over with dependent children,190,62,128
S01008827,Couple family: Total,180,56,124
S01008827,Couple family: Both parents working,124,42,82
S01008827,Couple family: One parent working,54,12,42
S01008827,Couple family: No parents working,2,2,0
S01008827,Lone parent family: Total,10,6,4
S01008827,Lone parent family: Parent working,10,6,4
S01008827,Lone parent family: Parent not working,0,0,0
S01008828,All parents aged 16 and over with dependent children,172,86,86
S01008828,Couple family: Total,158,80,78
S01008828,Couple family: Both parents working,120,66,54
S01008828,Couple family: One parent working,34,14,20
S01008828,Couple family: No parents working,4,0,4
S01008828,Lone parent family: Total,14,6,8
S01008828,Lone parent family: Parent working,9,3,6
S01008828,Lone parent family: Parent not working,5,3,2
S01008829,All parents aged 16 and over with dependent children,176,76,100
S01008829,Couple family: Total,158,68,90
S01008829,Couple family: Both parents working,112,52,60
S01008829,Couple family: One parent working,36,14,22
S01008829,Couple family: No parents working,10,2,8
S01008829,Lone parent family: Total,18,8,10
S01008829,Lone parent family: Parent working,9,3,6
S01008829,Lone parent family: Parent not working,9,5,4
S01008830,All parents aged 16 and over with dependent children,161,71,90
S01008830,Couple family: Total,150,64,86
S01008830,Couple family: Both parents working,120,52,68
S01008830,Couple family: One parent working,28,12,16
S01008830,Couple family: No parents working,2,0,2
S01008830,Lone parent family: Total,11,7,4
S01008830,Lone parent family: Parent working,10,7,3
S01008830,Lone parent family: Parent not working,1,0,1
S01008831,All parents aged 16 and over with dependent children,161,71,90
S01008831,Couple family: Total,156,66,90
S01008831,Couple family: Both parents working,124,60,64
S01008831,Couple family: One parent working,26,6,20
S01008831,Couple family: No parents working,6,0,6
S01008831,Lone parent family: Total,5,5,0
S01008831,Lone parent family: Parent working,3,3,0
S01008831,Lone parent family: Parent not working,2,2,0
S01008832,All parents aged 16 and over with dependent children,118,50,68
S01008832,Couple family: Total,100,38,62
S01008832,Couple family: Both parents working,54,22,32
S01008832,Couple family: One parent working,46,16,30
S01008832,Couple family: No parents working,0,0,0
S01008832,Lone parent family: Total,18,12,6
S01008832,Lone parent family: Parent working,5,3,2
S01008832,Lone parent family: Parent not working,13,9,4
S01008833,All parents aged 16 and over with dependent children,155,73,82
S01008833,Couple family: Total,136,62,74
S01008833,Couple family: Both parents working,98,54,44
S01008833,Couple family: One parent working,38,8,30
S01008833,Couple family: No parents working,0,0,0
S01008833,Lone parent family: Total,19,11,8
S01008833,Lone parent family: Parent working,16,10,6
S01008833,Lone parent family: Parent not working,3,1,2
S01008834,All parents aged 16 and over with dependent children,218,120,98
S01008834,Couple family: Total,202,108,94
S01008834,Couple family: Both parents working,154,84,70
S01008834,Couple family: One parent working,42,22,20
S01008834,Couple family: No parents working,6,2,4
S01008834,Lone parent family: Total,16,12,4
S01008834,Lone parent family: Parent working,11,7,4
S01008834,Lone parent family: Parent not working,5,5,0
S01008835,All parents aged 16 and over with dependent children,143,81,62
S01008835,Couple family: Total,120,66,54
S01008835,Couple family: Both parents working,100,54,46
S01008835,Couple family: One parent working,16,8,8
S01008835,Couple family: No parents working,4,4,0
S01008835,Lone parent family: Total,23,15,8
S01008835,Lone parent family: Parent working,16,12,4
S01008835,Lone parent family: Parent not working,7,3,4
S01008836,All parents aged 16 and over with dependent children,86,50,36
S01008836,Couple family: Total,70,40,30
S01008836,Couple family: Both parents working,46,22,24
S01008836,Couple family: One parent working,18,12,6
S01008836,Couple family: No parents working,6,6,0
S01008836,Lone parent family: Total,16,10,6
S01008836,Lone parent family: Parent working,9,5,4
S01008836,Lone parent family: Parent not working,7,5,2
S01008837,All parents aged 16 and over with dependent children,111,86,25
S01008837,Couple family: Total,92,70,22
S01008837,Couple family: Both parents working,76,60,16
S01008837,Couple family: One parent working,12,8,4
S01008837,Couple family: No parents working,4,2,2
S01008837,Lone parent family: Total,19,16,3
S01008837,Lone parent family: Parent working,9,7,2
S01008837,Lone parent family: Parent not working,10,9,1
S01008838,All parents aged 16 and over with dependent children,111,67,44
S01008838,Couple family: Total,100,60,40
S01008838,Couple family: Both parents working,72,42,30
S01008838,Couple family: One parent working,26,16,10
S01008838,Couple family: No parents working,2,2,0
S01008838,Lone parent family: Total,11,7,4
S01008838,Lone parent family: Parent working,7,5,2
S01008838,Lone parent family: Parent not working,4,2,2
S01008839,All parents aged 16 and over with dependent children,140,64,76
S01008839,Couple family: Total,130,58,72
S01008839,Couple family: Both parents working,96,42,54
S01008839,Couple family: One parent working,30,14,16
S01008839,Couple family: No parents working,4,2,2
S01008839,Lone parent family: Total,10,6,4
S01008839,Lone parent family: Parent working,8,5,3
S01008839,Lone parent family: Parent not working,2,1,1
S01008840,All parents aged 16 and over with dependent children,179,104,75
S01008840,Couple family: Total,164,96,68
S01008840,Couple family: Both parents working,128,80,48
S01008840,Couple family: One parent working,32,14,18
S01008840,Couple family: No parents working,4,2,2
S01008840,Lone parent family: Total,15,8,7
S01008840,Lone parent family: Parent working,10,6,4
S01008840,Lone parent family: Parent not working,5,2,3
S01008841,All parents aged 16 and over with dependent children,82,54,28
S01008841,Couple family: Total,64,44,20
S01008841,Couple family: Both parents working,48,32,16
S01008841,Couple family: One parent working,14,10,4
S01008841,Couple family: No parents working,2,2,0
S01008841,Lone parent family: Total,18,10,8
S01008841,Lone parent family: Parent working,9,8,1
S01008841,Lone parent family: Parent not working,9,2,7
S01008842,All parents aged 16 and over with dependent children,110,61,49
S01008842,Couple family: Total,88,44,44
S01008842,Couple family: Both parents working,52,24,28
S01008842,Couple family: One parent working,30,18,12
S01008842,Couple family: No parents working,6,2,4
S01008842,Lone parent family: Total,22,17,5
S01008842,Lone parent family: Parent working,7,5,2
S01008842,Lone parent family: Parent not working,15,12,3
S01008843,All parents aged 16 and over with dependent children,100,67,33
S01008843,Couple family: Total,92,62,30
S01008843,Couple family: Both parents working,64,46,18
S01008843,Couple family: One parent working,28,16,12
S01008843,Couple family: No parents working,0,0,0
S01008843,Lone parent family: Total,8,5,3
S01008843,Lone parent family: Parent working,6,4,2
S01008843,Lone parent family: Parent not working,2,1,1
S01008844,All parents aged 16 and over with dependent children,81,36,45
S01008844,Couple family: Total,66,30,36
S01008844,Couple family: Both parents working,34,18,16
S01008844,Couple family: One parent working,30,12,18
S01008844,Couple family: No parents working,2,0,2
S01008844,Lone parent family: Total,15,6,9
S01008844,Lone parent family: Parent working,5,4,1
S01008844,Lone parent family: Parent not working,10,2,8
S01008845,All parents aged 16 and over with dependent children,74,44,30
S01008845,Couple family: Total,66,38,28
S01008845,Couple family: Both parents working,46,26,20
S01008845,Couple family: One parent working,16,12,4
S01008845,Couple family: No parents working,4,0,4
S01008845,Lone parent family: Total,8,6,2
S01008845,Lone parent family: Parent working,6,5,1
S01008845,Lone parent family: Parent not working,2,1,1
S01008846,All parents aged 16 and over with dependent children,101,62,39
S01008846,Couple family: Total,90,58,32
S01008846,Couple family: Both parents working,60,42,18
S01008846,Couple family: One parent working,24,14,10
S01008846,Couple family: No parents working,6,2,4
S01008846,Lone parent family: Total,11,4,7
S01008846,Lone parent family: Parent working,5,3,2
S01008846,Lone parent family: Parent not working,6,1,5
S01008847,All parents aged 16 and over with dependent children,56,29,27
S01008847,Couple family: Total,50,26,24
S01008847,Couple family: Both parents working,42,24,18
S01008847,Couple family: One parent working,8,2,6
S01008847,Couple family: No parents working,0,0,0
S01008847,Lone parent family: Total,6,3,3
S01008847,Lone parent family: Parent working,3,2,1
S01008847,Lone parent family: Parent not working,3,1,2
S01008848,All parents aged 16 and over with dependent children,70,20,50
S01008848,Couple family: Total,62,14,48
S01008848,Couple family: Both parents working,48,6,42
S01008848,Couple family: One parent working,12,8,4
S01008848,Couple family: No parents working,2,0,2
S01008848,Lone parent family: Total,8,6,2
S01008848,Lone parent family: Parent working,7,6,1
S01008848,Lone parent family: Parent not working,1,0,1
S01008849,All parents aged 16 and over with dependent children,71,42,29
S01008849,Couple family: Total,62,38,24
S01008849,Couple family: Both parents working,36,24,12
S01008849,Couple family: One parent working,22,12,10
S01008849,Couple family: No parents working,4,2,2
S01008849,Lone parent family: Total,9,4,5
S01008849,Lone parent family: Parent working,4,4,0
S01008849,Lone parent family: Parent not working,5,0,5
S01008850,All parents aged 16 and over with dependent children,95,51,44
S01008850,Couple family: Total,82,42,40
S01008850,Couple family: Both parents working,46,26,20
S01008850,Couple family: One parent working,36,16,20
S01008850,Couple family: No parents working,0,0,0
S01008850,Lone parent family: Total,13,9,4
S01008850,Lone parent family: Parent working,7,3,4
S01008850,Lone parent family: Parent not working,6,6,0
S01008851,All parents aged 16 and over with dependent children,92,49,43
S01008851,Couple family: Total,80,42,38
S01008851,Couple family: Both parents working,60,30,30
S01008851,Couple family: One parent working,14,8,6
S01008851,Couple family: No parents working,6,4,2
S01008851,Lone parent family: Total,12,7,5
S01008851,Lone parent family: Parent working,2,2,0
S01008851,Lone parent family: Parent not working,10,5,5
S01008852,All parents aged 16 and over with dependent children,131,51,80
S01008852,Couple family: Total,122,44,78
S01008852,Couple family: Both parents working,90,30,60
S01008852,Couple family: One parent working,32,14,18
S01008852,Couple family: No parents working,0,0,0
S01008852,Lone parent family: Total,9,7,2
S01008852,Lone parent family: Parent working,9,7,2
S01008852,Lone parent family: Parent not working,0,0,0
S01008853,All parents aged 16 and over with dependent children,84,50,34
S01008853,Couple family: Total,70,40,30
S01008853,Couple family: Both parents working,50,34,16
S01008853,Couple family: One parent working,16,6,10
S01008853,Couple family: No parents working,4,0,4
S01008853,Lone parent family: Total,14,10,4
S01008853,Lone parent family: Parent working,10,8,2
S01008853,Lone parent family: Parent not working,4,2,2
S01008854,All parents aged 16 and over with dependent children,84,53,31
S01008854,Couple family: Total,74,44,30
S01008854,Couple family: Both parents working,54,32,22
S01008854,Couple family: One parent working,18,10,8
S01008854,Couple family: No parents working,2,2,0
S01008854,Lone parent family: Total,10,9,1
S01008854,Lone parent family: Parent working,9,8,1
S01008854,Lone parent family: Parent not working,1,1,0
S01008855,All parents aged 16 and over with dependent children,116,81,35
S01008855,Couple family: Total,100,68,32
S01008855,Couple family: Both parents working,70,50,20
S01008855,Couple family: One parent working,30,18,12
S01008855,Couple family: No parents working,0,0,0
S01008855,Lone parent family: Total,16,13,3
S01008855,Lone parent family: Parent working,12,11,1
S01008855,Lone parent family: Parent not working,4,2,2
S01008856,All parents aged 16 and over with dependent children,70,43,27
S01008856,Couple family: Total,58,32,26
S01008856,Couple family: Both parents working,44,28,16
S01008856,Couple family: One parent working,12,2,10
S01008856,Couple family: No parents working,2,2,0
S01008856,Lone parent family: Total,12,11,1
S01008856,Lone parent family: Parent working,11,11,0
S01008856,Lone parent family: Parent not working,1,0,1
S01008857,All parents aged 16 and over with dependent children,102,71,31
S01008857,Couple family: Total,84,58,26
S01008857,Couple family: Both parents working,62,44,18
S01008857,Couple family: One parent working,20,12,8
S01008857,Couple family: No parents working,2,2,0
S01008857,Lone parent family: Total,18,13,5
S01008857,Lone parent family: Parent working,16,11,5
S01008857,Lone parent family: Parent not working,2,2,0
S01008858,All parents aged 16 and over with dependent children,66,34,32
S01008858,Couple family: Total,54,26,28
S01008858,Couple family: Both parents working,42,18,24
S01008858,Couple family: One parent working,10,6,4
S01008858,Couple family: No parents working,2,2,0
S01008858,Lone parent family: Total,12,8,4
S01008858,Lone parent family: Parent working,7,5,2
S01008858,Lone parent family: Parent not working,5,3,2
S01008859,All parents aged 16 and over with dependent children,102,64,38
S01008859,Couple family: Total,94,60,34
S01008859,Couple family: Both parents working,68,40,28
S01008859,Couple family: One parent working,20,18,2
S01008859,Couple family: No parents working,6,2,4
S01008859,Lone parent family: Total,8,4,4
S01008859,Lone parent family: Parent working,7,3,4
S01008859,Lone parent family: Parent not working,1,1,0
S01008860,All parents aged 16 and over with dependent children,101,52,49
S01008860,Couple family: Total,88,42,46
S01008860,Couple family: Both parents working,64,34,30
S01008860,Couple family: One parent working,24,8,16
S01008860,Couple family: No parents working,0,0,0
S01008860,Lone parent family: Total,13,10,3
S01008860,Lone parent family: Parent working,9,8,1
S01008860,Lone parent family: Parent not working,4,2,2
S01008861,All parents aged 16 and over with dependent children,152,55,97
S01008861,Couple family: Total,144,52,92
S01008861,Couple family: Both parents working,88,30,58
S01008861,Couple family: One parent working,52,22,30
S01008861,Couple family: No parents working,4,0,4
S01008861,Lone parent family: Total,8,3,5
S01008861,Lone parent family: Parent working,5,3,2
S01008861,Lone parent family: Parent not working,3,0,3
S01008862,All parents aged 16 and over with dependent children,64,40,24
S01008862,Couple family: Total,56,34,22
S01008862,Couple family: Both parents working,42,26,16
S01008862,Couple family: One parent working,10,4,6
S01008862,Couple family: No parents working,4,4,0
S01008862,Lone parent family: Total,8,6,2
S01008862,Lone parent family: Parent working,5,5,0
S01008862,Lone parent family: Parent not working,3,1,2
S01008863,All parents aged 16 and over with dependent children,122,72,50
S01008863,Couple family: Total,110,62,48
S01008863,Couple family: Both parents working,74,46,28
S01008863,Couple family: One parent working,32,14,18
S01008863,Couple family: No parents working,4,2,2
S01008863,Lone parent family: Total,12,10,2
S01008863,Lone parent family: Parent working,12,10,2
S01008863,Lone parent family: Parent not working,0,0,0
S01008864,All parents aged 16 and over with dependent children,124,57,67
S01008864,Couple family: Total,116,50,66
S01008864,Couple family: Both parents working,86,38,48
S01008864,Couple family: One parent working,28,12,16
S01008864,Couple family: No parents working,2,0,2
S01008864,Lone parent family: Total,8,7,1
S01008864,Lone parent family: Parent working,5,4,1
S01008864,Lone parent family: Parent not working,3,3,0
S01008865,All parents aged 16 and over with dependent children,123,59,64
S01008865,Couple family: Total,98,46,52
S01008865,Couple family: Both parents working,56,30,26
S01008865,Couple family: One parent working,40,14,26
S01008865,Couple family: No parents working,2,2,0
S01008865,Lone parent family: Total,25,13,12
S01008865,Lone parent family: Parent working,16,9,7
S01008865,Lone parent family: Parent not working,9,4,5
S01008866,All parents aged 16 and over with dependent children,107,48,59
S01008866,Couple family: Total,98,40,58
S01008866,Couple family: Both parents working,66,36,30
S01008866,Couple family: One parent working,26,4,22
S01008866,Couple family: No parents working,6,0,6
S01008866,Lone parent family: Total,9,8,1
S01008866,Lone parent family: Parent working,7,6,1
S01008866,Lone parent family: Parent not working,2,2,0
S01008867,All parents aged 16 and over with dependent children,136,66,70
S01008867,Couple family: Total,124,56,68
S01008867,Couple family: Both parents working,92,46,46
S01008867,Couple family: One parent working,32,10,22
S01008867,Couple family: No parents working,0,0,0
S01008867,Lone parent family: Total,12,10,2
S01008867,Lone parent family: Parent working,5,4,1
S01008867,Lone parent family: Parent not working,7,6,1
S01008868,All parents aged 16 and over with dependent children,60,33,27
S01008868,Couple family: Total,56,30,26
S01008868,Couple family: Both parents working,34,18,16
S01008868,Couple family: One parent working,20,12,8
S01008868,Couple family: No parents working,2,0,2
S01008868,Lone parent family: Total,4,3,1
S01008868,Lone parent family: Parent working,3,2,1
S01008868,Lone parent family: Parent not working,1,1,0
S01008869,All parents aged 16 and over with dependent children,85,56,29
S01008869,Couple family: Total,76,48,28
S01008869,Couple family: Both parents working,58,36,22
S01008869,Couple family: One parent working,14,10,4
S01008869,Couple family: No parents working,4,2,2
S01008869,Lone parent family: Total,9,8,1
S01008869,Lone parent family: Parent working,5,5,0
S01008869,Lone parent family: Parent not working,4,3,1
S01008870,All parents aged 16 and over with dependent children,89,41,48
S01008870,Couple family: Total,76,36,40
S01008870,Couple family: Both parents working,58,26,32
S01008870,Couple family: One parent working,18,10,8
S01008870,Couple family: No parents working,0,0,0
S01008870,Lone parent family: Total,13,5,8
S01008870,Lone parent family: Parent working,10,5,5
S01008870,Lone parent family: Parent not working,3,0,3
S01008871,All parents aged 16 and over with dependent children,127,67,60
S01008871,Couple family: Total,116,60,56
S01008871,Couple family: Both parents working,76,42,34
S01008871,Couple family: One parent working,32,12,20
S01008871,Couple family: No parents working,8,6,2
S01008871,Lone parent family: Total,11,7,4
S01008871,Lone parent family: Parent working,8,5,3
S01008871,Lone parent family: Parent not working,3,2,1
S01008872,All parents aged 16 and over with dependent children,104,48,56
S01008872,Couple family: Total,100,46,54
S01008872,Couple family: Both parents working,70,32,38
S01008872,Couple family: One parent working,24,12,12
S01008872,Couple family: No parents working,6,2,4
S01008872,Lone parent family: Total,4,2,2
S01008872,Lone parent family: Parent working,2,0,2
S01008872,Lone parent family: Parent not working,2,2,0
S01008873,All parents aged 16 and over with dependent children,136,60,76
S01008873,Couple family: Total,134,58,76
S01008873,Couple family: Both parents working,92,38,54
S01008873,Couple family: One parent working,40,20,20
S01008873,Couple family: No parents working,2,0,2
S01008873,Lone parent family: Total,2,2,0
S01008873,Lone parent family: Parent working,1,1,0
S01008873,Lone parent family: Parent not working,1,1,0
S01008874,All parents aged 16 and over with dependent children,110,75,35
S01008874,Couple family: Total,96,64,32
S01008874,Couple family: Both parents working,64,44,20
S01008874,Couple family: One parent working,28,18,10
S01008874,Couple family: No parents working,4,2,2
S01008874,Lone parent family: Total,14,11,3
S01008874,Lone parent family: Parent working,7,4,3
S01008874,Lone parent family: Parent not working,7,7,0
S01008875,All parents aged 16 and over with dependent children,87,55,32
S01008875,Couple family: Total,74,48,26
S01008875,Couple family: Both parents working,52,36,16
S01008875,Couple family: One parent working,22,12,10
S01008875,Couple family: No parents working,0,0,0
S01008875,Lone parent family: Total,13,7,6
S01008875,Lone parent family: Parent working,7,5,2
S01008875,Lone parent family: Parent not working,6,2,4
S01008876,All parents aged 16 and over with dependent children,127,59,68
S01008876,Couple family: Total,120,56,64
S01008876,Couple family: Both parents working,108,52,56
S01008876,Couple family: One parent working,12,4,8
S01008876,Couple family: No parents working,0,0,0
S01008876,Lone parent family: Total,7,3,4
S01008876,Lone parent family: Parent working,5,2,3
S01008876,Lone parent family: Parent not working,2,1,1
S01008877,All parents aged 16 and over with dependent children,140,60,80
S01008877,Couple family: Total,132,56,76
S01008877,Couple family: Both parents working,100,40,60
S01008877,Couple family: One parent working,30,16,14
S01008877,Couple family: No parents working,2,0,2
S01008877,Lone parent family: Total,8,4,4
S01008877,Lone parent family: Parent working,6,4,2
S01008877,Lone parent family: Parent not working,2,0,2
S01008878,All parents aged 16 and over with dependent children,155,80,75
S01008878,Couple family: Total,124,62,62
S01008878,Couple family: Both parents working,98,48,50
S01008878,Couple family: One parent working,20,14,6
S01008878,Couple family: No parents working,6,0,6
S01008878,Lone parent family: Total,31,18,13
S01008878,Lone parent family: Parent working,22,16,6
S01008878,Lone parent family: Parent not working,9,2,7
S01008879,All parents aged 16 and over with dependent children,149,95,54
S01008879,Couple family: Total,122,76,46
S01008879,Couple family: Both parents working,88,60,28
S01008879,Couple family: One parent working,30,16,14
S01008879,Couple family: No parents working,4,0,4
S01008879,Lone parent family: Total,27,19,8
S01008879,Lone parent family: Parent working,18,13,5
S01008879,Lone parent family: Parent not working,9,6,3
S01008880,All parents aged 16 and over with dependent children,126,73,53
S01008880,Couple family: Total,112,60,52
S01008880,Couple family: Both parents working,88,44,44
S01008880,Couple family: One parent working,20,12,8
S01008880,Couple family: No parents working,4,4,0
S01008880,Lone parent family: Total,14,13,1
S01008880,Lone parent family: Parent working,13,12,1
S01008880,Lone parent family: Parent not working,1,1,0
S01008881,All parents aged 16 and over with dependent children,81,36,45
S01008881,Couple family: Total,76,34,42
S01008881,Couple family: Both parents working,52,28,24
S01008881,Couple family: One parent working,24,6,18
S01008881,Couple family: No parents working,0,0,0
S01008881,Lone parent family: Total,5,2,3
S01008881,Lone parent family: Parent working,4,2,2
S01008881,Lone parent family: Parent not working,1,0,1
S01008882,All parents aged 16 and over with dependent children,250,88,162
S01008882,Couple family: Total,240,82,158
S01008882,Couple family: Both parents working,158,64,94
S01008882,Couple family: One parent working,80,16,64
S01008882,Couple family: No parents working,2,2,0
S01008882,Lone parent family: Total,10,6,4
S01008882,Lone parent family: Parent working,7,5,2
S01008882,Lone parent family: Parent not working,3,1,2
S01008883,All parents aged 16 and over with dependent children,214,80,134
S01008883,Couple family: Total,204,76,128
S01008883,Couple family: Both parents working,128,46,82
S01008883,Couple family: One parent working,76,30,46
S01008883,Couple family: No parents working,0,0,0
S01008883,Lone parent family: Total,10,4,6
S01008883,Lone parent family: Parent working,8,3,5
S01008883,Lone parent family: Parent not working,2,1,1
S01008884,All parents aged 16 and over with dependent children,143,47,96
S01008884,Couple family: Total,138,46,92
S01008884,Couple family: Both parents working,102,34,68
S01008884,Couple family: One parent working,28,10,18
S01008884,Couple family: No parents working,8,2,6
S01008884,Lone parent family: Total,5,1,4
S01008884,Lone parent family: Parent working,3,1,2
S01008884,Lone parent family: Parent not working,2,0,2
S01008885,All parents aged 16 and over with dependent children,257,94,163
S01008885,Couple family: Total,244,86,158
S01008885,Couple family: Both parents working,186,66,120
S01008885,Couple family: One parent working,56,18,38
S01008885,Couple family: No parents working,2,2,0
S01008885,Lone parent family: Total,13,8,5
S01008885,Lone parent family: Parent working,9,6,3
S01008885,Lone parent family: Parent not working,4,2,2
S01008886,All parents aged 16 and over with dependent children,137,75,62
S01008886,Couple family: Total,110,58,52
S01008886,Couple family: Both parents working,78,42,36
S01008886,Couple family: One parent working,26,14,12
S01008886,Couple family: No parents working,6,2,4
S01008886,Lone parent family: Total,27,17,10
S01008886,Lone parent family: Parent working,18,9,9
S01008886,Lone parent family: Parent not working,9,8,1
S01008887,All parents aged 16 and over with dependent children,166,68,98
S01008887,Couple family: Total,148,58,90
S01008887,Couple family: Both parents working,120,42,78
S01008887,Couple family: One parent working,22,10,12
S01008887,Couple family: No parents working,6,6,0
S01008887,Lone parent family: Total,18,10,8
S01008887,Lone parent family: Parent working,15,10,5
S01008887,Lone parent family: Parent not working,3,0,3
S01008888,All parents aged 16 and over with dependent children,75,59,16
S01008888,Couple family: Total,64,50,14
S01008888,Couple family: Both parents working,50,38,12
S01008888,Couple family: One parent working,12,10,2
S01008888,Couple family: No parents working,2,2,0
S01008888,Lone parent family: Total,11,9,2
S01008888,Lone parent family: Parent working,9,8,1
S01008888,Lone parent family: Parent not working,2,1,1
S01008889,All parents aged 16 and over with dependent children,95,41,54
S01008889,Couple family: Total,82,34,48
S01008889,Couple family: Both parents working,62,24,38
S01008889,Couple family: One parent working,20,10,10
S01008889,Couple family: No parents working,0,0,0
S01008889,Lone parent family: Total,13,7,6
S01008889,Lone parent family: Parent working,4,3,1
S01008889,Lone parent family: Parent not working,9,4,5
S01008890,All parents aged 16 and over with dependent children,155,71,84
S01008890,Couple family: Total,144,64,80
S01008890,Couple family: Both parents working,126,58,68
S01008890,Couple family: One parent working,16,4,12
S01008890,Couple family: No parents working,2,2,0
S01008890,Lone parent family: Total,11,7,4
S01008890,Lone parent family: Parent working,7,4,3
S01008890,Lone parent family: Parent not working,4,3,1
S01008891,All parents aged 16 and over with dependent children,169,69,100
S01008891,Couple family: Total,156,64,92
S01008891,Couple family: Both parents working,126,56,70
S01008891,Couple family: One parent working,28,6,22
S01008891,Couple family: No parents working,2,2,0
S01008891,Lone parent family: Total,13,5,8
S01008891,Lone parent family: Parent working,10,5,5
S01008891,Lone parent family: Parent not working,3,0,3
S01008892,All parents aged 16 and over with dependent children,150,55,95
S01008892,Couple family: Total,130,42,88
S01008892,Couple family: Both parents working,100,30,70
S01008892,Couple family: One parent working,28,10,18
S01008892,Couple family: No parents working,2,2,0
S01008892,Lone parent family: Total,20,13,7
S01008892,Lone parent family: Parent working,12,10,2
S01008892,Lone parent family: Parent not working,8,3,5
S01008893,All parents aged 16 and over with dependent children,240,85,155
S01008893,Couple family: Total,232,80,152
S01008893,Couple family: Both parents working,186,66,120
S01008893,Couple family: One parent working,38,10,28
S01008893,Couple family: No parents working,8,4,4
S01008893,Lone parent family: Total,8,5,3
S01008893,Lone parent family: Parent working,5,3,2
S01008893,Lone parent family: Parent not working,3,2,1
S01008894,All parents aged 16 and over with dependent children,220,79,141
S01008894,Couple family: Total,210,70,140
S01008894,Couple family: Both parents working,148,50,98
S01008894,Couple family: One parent working,58,20,38
S01008894,Couple family: No parents working,4,0,4
S01008894,Lone parent family: Total,10,9,1
S01008894,Lone parent family: Parent working,6,6,0
S01008894,Lone parent family: Parent not working,4,3,1
S01008895,All parents aged 16 and over with dependent children,195,81,114
S01008895,Couple family: Total,188,76,112
S01008895,Couple family: Both parents working,140,60,80
S01008895,Couple family: One parent working,46,14,32
S01008895,Couple family: No parents working,2,2,0
S01008895,Lone parent family: Total,7,5,2
S01008895,Lone parent family: Parent working,6,5,1
S01008895,Lone parent family: Parent not working,1,0,1
S01008896,All parents aged 16 and over with dependent children,185,71,114
S01008896,Couple family: Total,176,64,112
S01008896,Couple family: Both parents working,134,50,84
S01008896,Couple family: One parent working,40,14,26
S01008896,Couple family: No parents working,2,0,2
S01008896,Lone parent family: Total,9,7,2
S01008896,Lone parent family: Parent working,4,3,1
S01008896,Lone parent family: Parent not working,5,4,1
S01008897,All parents aged 16 and over with dependent children,151,58,93
S01008897,Couple family: Total,134,46,88
S01008897,Couple family: Both parents working,108,38,70
S01008897,Couple family: One parent working,24,6,18
S01008897,Couple family: No parents working,2,2,0
S01008897,Lone parent family: Total,17,12,5
S01008897,Lone parent family: Parent working,10,7,3
S01008897,Lone parent family: Parent not working,7,5,2
S01008898,All parents aged 16 and over with dependent children,228,84,144
S01008898,Couple family: Total,220,78,142
S01008898,Couple family: Both parents working,160,64,96
S01008898,Couple family: One parent working,54,10,44
S01008898,Couple family: No parents working,6,4,2
S01008898,Lone parent family: Total,8,6,2
S01008898,Lone parent family: Parent working,6,5,1
S01008898,Lone parent family: Parent not working,2,1,1
S01008899,All parents aged 16 and over with dependent children,151,64,87
S01008899,Couple family: Total,84,24,60
S01008899,Couple family: Both parents working,56,16,40
S01008899,Couple family: One parent working,18,6,12
S01008899,Couple family: No parents working,10,2,8
S01008899,Lone parent family: Total,67,40,27
S01008899,Lone parent family: Parent working,22,16,6
S01008899,Lone parent family: Parent not working,45,24,21
S01008900,All parents aged 16 and over with dependent children,173,92,81
S01008900,Couple family: Total,130,66,64
S01008900,Couple family: Both parents working,90,46,44
S01008900,Couple family: One parent working,28,16,12
S01008900,Couple family: No parents working,12,4,8
S01008900,Lone parent family: Total,43,26,17
S01008900,Lone parent family: Parent working,21,15,6
S01008900,Lone parent family: Parent not working,22,11,11
S01008901,All parents aged 16 and over with dependent children,179,87,92
S01008901,Couple family: Total,144,68,76
S01008901,Couple family: Both parents working,90,54,36
S01008901,Couple family: One parent working,40,14,26
S01008901,Couple family: No parents working,14,0,14
S01008901,Lone parent family: Total,35,19,16
S01008901,Lone parent family: Parent working,12,6,6
S01008901,Lone parent family: Parent not working,23,13,10
S01008902,All parents aged 16 and over with dependent children,196,116,80
S01008902,Couple family: Total,136,80,56
S01008902,Couple family: Both parents working,86,56,30
S01008902,Couple family: One parent working,44,22,22
S01008902,Couple family: No parents working,6,2,4
S01008902,Lone parent family: Total,60,36,24
S01008902,Lone parent family: Parent working,28,20,8
S01008902,Lone parent family: Parent not working,32,16,16
S01008903,All parents aged 16 and over with dependent children,158,80,78
S01008903,Couple family: Total,118,60,58
S01008903,Couple family: Both parents working,86,44,42
S01008903,Couple family: One parent working,28,12,16
S01008903,Couple family: No parents working,4,4,0
S01008903,Lone parent family: Total,40,20,20
S01008903,Lone parent family: Parent working,23,13,10
S01008903,Lone parent family: Parent not working,17,7,10
S01008904,All parents aged 16 and over with dependent children,206,91,115
S01008904,Couple family: Total,136,64,72
S01008904,Couple family: Both parents working,78,44,34
S01008904,Couple family: One parent working,48,14,34
S01008904,Couple family: No parents working,10,6,4
S01008904,Lone parent family: Total,70,27,43
S01008904,Lone parent family: Parent working,26,15,11
S01008904,Lone parent family: Parent not working,44,12,32
S01008905,All parents aged 16 and over with dependent children,214,95,119
S01008905,Couple family: Total,130,58,72
S01008905,Couple family: Both parents working,56,26,30
S01008905,Couple family: One parent working,56,20,36
S01008905,Couple family: No parents working,18,12,6
S01008905,Lone parent family: Total,84,37,47
S01008905,Lone parent family: Parent working,21,12,9
S01008905,Lone parent family: Parent not working,63,25,38
S01008906,All parents aged 16 and over with dependent children,160,77,83
S01008906,Couple family: Total,96,48,48
S01008906,Couple family: Both parents working,42,26,16
S01008906,Couple family: One parent working,42,16,26
S01008906,Couple family: No parents working,12,6,6
S01008906,Lone parent family: Total,64,29,35
S01008906,Lone parent family: Parent working,13,7,6
S01008906,Lone parent family: Parent not working,51,22,29
S01008907,All parents aged 16 and over with dependent children,171,59,112
S01008907,Couple family: Total,96,32,64
S01008907,Couple family: Both parents working,44,16,28
S01008907,Couple family: One parent working,34,12,22
S01008907,Couple family: No parents working,18,4,14
S01008907,Lone parent family: Total,75,27,48
S01008907,Lone parent family: Parent working,22,13,9
S01008907,Lone parent family: Parent not working,53,14,39
S01008908,All parents aged 16 and over with dependent children,174,78,96
S01008908,Couple family: Total,102,42,60
S01008908,Couple family: Both parents working,60,26,34
S01008908,Couple family: One parent working,32,12,20
S01008908,Couple family: No parents working,10,4,6
S01008908,Lone parent family: Total,72,36,36
S01008908,Lone parent family: Parent working,26,19,7
S01008908,Lone parent family: Parent not working,46,17,29
S01008909,All parents aged 16 and over with dependent children,189,111,78
S01008909,Couple family: Total,138,80,58
S01008909,Couple family: Both parents working,100,68,32
S01008909,Couple family: One parent working,38,12,26
S01008909,Couple family: No parents working,0,0,0
S01008909,Lone parent family: Total,51,31,20
S01008909,Lone parent family: Parent working,25,19,6
S01008909,Lone parent family: Parent not working,26,12,14
S01008910,All parents aged 16 and over with dependent children,109,54,55
S01008910,Couple family: Total,78,36,42
S01008910,Couple family: Both parents working,48,26,22
S01008910,Couple family: One parent working,24,8,16
S01008910,Couple family: No parents working,6,2,4
S01008910,Lone parent family: Total,31,18,13
S01008910,Lone parent family: Parent working,19,13,6
S01008910,Lone parent family: Parent not working,12,5,7
S01008911,All parents aged 16 and over with dependent children,151,90,61
S01008911,Couple family: Total,116,64,52
S01008911,Couple family: Both parents working,52,32,20
S01008911,Couple family: One parent working,54,30,24
S01008911,Couple family: No parents working,10,2,8
S01008911,Lone parent family: Total,35,26,9
S01008911,Lone parent family: Parent working,22,17,5
S01008911,Lone parent family: Parent not working,13,9,4
S01008912,All parents aged 16 and over with dependent children,196,92,104
S01008912,Couple family: Total,186,84,102
S01008912,Couple family: Both parents working,142,60,82
S01008912,Couple family: One parent working,40,22,18
S01008912,Couple family: No parents working,4,2,2
S01008912,Lone parent family: Total,10,8,2
S01008912,Lone parent family: Parent working,5,4,1
S01008912,Lone parent family: Parent not working,5,4,1
S01008913,All parents aged 16 and over with dependent children,188,91,97
S01008913,Couple family: Total,150,70,80
S01008913,Couple family: Both parents working,124,64,60
S01008913,Couple family: One parent working,14,4,10
S01008913,Couple family: No parents working,12,2,10
S01008913,Lone parent family: Total,38,21,17
S01008913,Lone parent family: Parent working,18,15,3
S01008913,Lone parent family: Parent not working,20,6,14
S01008914,All parents aged 16 and over with dependent children,157,77,80
S01008914,Couple family: Total,136,64,72
S01008914,Couple family: Both parents working,112,56,56
S01008914,Couple family: One parent working,16,4,12
S01008914,Couple family: No parents working,8,4,4
S01008914,Lone parent family: Total,21,13,8
S01008914,Lone parent family: Parent working,14,8,6
S01008914,Lone parent family: Parent not working,7,5,2
S01008915,All parents aged 16 and over with dependent children,141,70,71
S01008915,Couple family: Total,124,60,64
S01008915,Couple family: Both parents working,98,50,48
S01008915,Couple family: One parent working,20,8,12
S01008915,Couple family: No parents working,6,2,4
S01008915,Lone parent family: Total,17,10,7
S01008915,Lone parent family: Parent working,11,8,3
S01008915,Lone parent family: Parent not working,6,2,4
S01008916,All parents aged 16 and over with dependent children,188,99,89
S01008916,Couple family: Total,128,60,68
S01008916,Couple family: Both parents working,80,44,36
S01008916,Couple family: One parent working,30,10,20
S01008916,Couple family: No parents working,18,6,12
S01008916,Lone parent family: Total,60,39,21
S01008916,Lone parent family: Parent working,29,25,4
S01008916,Lone parent family: Parent not working,31,14,17
S01008917,All parents aged 16 and over with dependent children,129,78,51
S01008917,Couple family: Total,78,46,32
S01008917,Couple family: Both parents working,36,26,10
S01008917,Couple family: One parent working,32,14,18
S01008917,Couple family: No parents working,10,6,4
S01008917,Lone parent family: Total,51,32,19
S01008917,Lone parent family: Parent working,25,14,11
S01008917,Lone parent family: Parent not working,26,18,8
S01008918,All parents aged 16 and over with dependent children,160,101,59
S01008918,Couple family: Total,94,58,36
S01008918,Couple family: Both parents working,52,34,18
S01008918,Couple family: One parent working,32,14,18
S01008918,Couple family: No parents working,10,10,0
S01008918,Lone parent family: Total,66,43,23
S01008918,Lone parent family: Parent working,26,23,3
S01008918,Lone parent family: Parent not working,40,20,20
S01008919,All parents aged 16 and over with dependent children,135,76,59
S01008919,Couple family: Total,80,44,36
S01008919,Couple family: Both parents working,38,24,14
S01008919,Couple family: One parent working,36,16,20
S01008919,Couple family: No parents working,6,4,2
S01008919,Lone parent family: Total,55,32,23
S01008919,Lone parent family: Parent working,18,12,6
S01008919,Lone parent family: Parent not working,37,20,17
S01008920,All parents aged 16 and over with dependent children,173,121,52
S01008920,Couple family: Total,144,100,44
S01008920,Couple family: Both parents working,90,70,20
S01008920,Couple family: One parent working,44,24,20
S01008920,Couple family: No parents working,10,6,4
S01008920,Lone parent family: Total,29,21,8
S01008920,Lone parent family: Parent working,13,8,5
S01008920,Lone parent family: Parent not working,16,13,3
S01008921,All parents aged 16 and over with dependent children,173,97,76
S01008921,Couple family: Total,124,70,54
S01008921,Couple family: Both parents working,60,38,22
S01008921,Couple family: One parent working,38,20,18
S01008921,Couple family: No parents working,26,12,14
S01008921,Lone parent family: Total,49,27,22
S01008921,Lone parent family: Parent working,13,8,5
S01008921,Lone parent family: Parent not working,36,19,17
S01008922,All parents aged 16 and over with dependent children,157,96,61
S01008922,Couple family: Total,106,64,42
S01008922,Couple family: Both parents working,68,38,30
S01008922,Couple family: One parent working,20,12,8
S01008922,Couple family: No parents working,18,14,4
S01008922,Lone parent family: Total,51,32,19
S01008922,Lone parent family: Parent working,24,19,5
S01008922,Lone parent family: Parent not working,27,13,14
S01008923,All parents aged 16 and over with dependent children,150,92,58
S01008923,Couple family: Total,102,66,36
S01008923,Couple family: Both parents working,74,52,22
S01008923,Couple family: One parent working,26,14,12
S01008923,Couple family: No parents working,2,0,2
S01008923,Lone parent family: Total,48,26,22
S01008923,Lone parent family: Parent working,24,16,8
S01008923,Lone parent family: Parent not working,24,10,14
S01008924,All parents aged 16 and over with dependent children,228,105,123
S01008924,Couple family: Total,138,60,78
S01008924,Couple family: Both parents working,84,40,44
S01008924,Couple family: One parent working,46,16,30
S01008924,Couple family: No parents working,8,4,4
S01008924,Lone parent family: Total,90,45,45
S01008924,Lone parent family: Parent working,36,27,9
S01008924,Lone parent family: Parent not working,54,18,36
S01008925,All parents aged 16 and over with dependent children,161,75,86
S01008925,Couple family: Total,108,52,56
S01008925,Couple family: Both parents working,64,34,30
S01008925,Couple family: One parent working,34,14,20
S01008925,Couple family: No parents working,10,4,6
S01008925,Lone parent family: Total,53,23,30
S01008925,Lone parent family: Parent working,18,8,10
S01008925,Lone parent family: Parent not working,35,15,20
S01008926,All parents aged 16 and over with dependent children,142,79,63
S01008926,Couple family: Total,114,60,54
S01008926,Couple family: Both parents working,72,40,32
S01008926,Couple family: One parent working,32,14,18
S01008926,Couple family: No parents working,10,6,4
S01008926,Lone parent family: Total,28,19,9
S01008926,Lone parent family: Parent working,19,13,6
S01008926,Lone parent family: Parent not working,9,6,3
S01008927,All parents aged 16 and over with dependent children,187,143,44
S01008927,Couple family: Total,140,108,32
S01008927,Couple family: Both parents working,84,70,14
S01008927,Couple family: One parent working,46,32,14
S01008927,Couple family: No parents working,10,6,4
S01008927,Lone parent family: Total,47,35,12
S01008927,Lone parent family: Parent working,22,20,2
S01008927,Lone parent family: Parent not working,25,15,10
S01008928,All parents aged 16 and over with dependent children,111,75,36
S01008928,Couple family: Total,92,62,30
S01008928,Couple family: Both parents working,64,42,22
S01008928,Couple family: One parent working,16,12,4
S01008928,Couple family: No parents working,12,8,4
S01008928,Lone parent family: Total,19,13,6
S01008928,Lone parent family: Parent working,8,6,2
S01008928,Lone parent family: Parent not working,11,7,4
S01008929,All parents aged 16 and over with dependent children,124,73,51
S01008929,Couple family: Total,62,32,30
S01008929,Couple family: Both parents working,22,10,12
S01008929,Couple family: One parent working,30,16,14
S01008929,Couple family: No parents working,10,6,4
S01008929,Lone parent family: Total,62,41,21
S01008929,Lone parent family: Parent working,15,10,5
S01008929,Lone parent family: Parent not working,47,31,16
S01008930,All parents aged 16 and over with dependent children,207,127,80
S01008930,Couple family: Total,112,66,46
S01008930,Couple family: Both parents working,62,36,26
S01008930,Couple family: One parent working,44,28,16
S01008930,Couple family: No parents working,6,2,4
S01008930,Lone parent family: Total,95,61,34
S01008930,Lone parent family: Parent working,32,21,11
S01008930,Lone parent family: Parent not working,63,40,23
S01008931,All parents aged 16 and over with dependent children,170,85,85
S01008931,Couple family: Total,108,54,54
S01008931,Couple family: Both parents working,62,36,26
S01008931,Couple family: One parent working,30,14,16
S01008931,Couple family: No parents working,16,4,12
S01008931,Lone parent family: Total,62,31,31
S01008931,Lone parent family: Parent working,32,22,10
S01008931,Lone parent family: Parent not working,30,9,21
S01008932,All parents aged 16 and over with dependent children,210,123,87
S01008932,Couple family: Total,144,74,70
S01008932,Couple family: Both parents working,102,52,50
S01008932,Couple family: One parent working,32,20,12
S01008932,Couple family: No parents working,10,2,8
S01008932,Lone parent family: Total,66,49,17
S01008932,Lone parent family: Parent working,38,31,7
S01008932,Lone parent family: Parent not working,28,18,10
S01008933,All parents aged 16 and over with dependent children,189,103,86
S01008933,Couple family: Total,132,68,64
S01008933,Couple family: Both parents working,76,34,42
S01008933,Couple family: One parent working,42,26,16
S01008933,Couple family: No parents working,14,8,6
S01008933,Lone parent family: Total,57,35,22
S01008933,Lone parent family: Parent working,19,8,11
S01008933,Lone parent family: Parent not working,38,27,11
S01008934,All parents aged 16 and over with dependent children,196,86,110
S01008934,Couple family: Total,146,56,90
S01008934,Couple family: Both parents working,92,40,52
S01008934,Couple family: One parent working,42,12,30
S01008934,Couple family: No parents working,12,4,8
S01008934,Lone parent family: Total,50,30,20
S01008934,Lone parent family: Parent working,20,13,7
S01008934,Lone parent family: Parent not working,30,17,13
S01008935,All parents aged 16 and over with dependent children,194,92,102
S01008935,Couple family: Total,168,76,92
S01008935,Couple family: Both parents working,130,62,68
S01008935,Couple family: One parent working,34,12,22
S01008935,Couple family: No parents working,4,2,2
S01008935,Lone parent family: Total,26,16,10
S01008935,Lone parent family: Parent working,12,6,6
S01008935,Lone parent family: Parent not working,14,10,4
S01008936,All parents aged 16 and over with dependent children,122,49,73
S01008936,Couple family: Total,118,46,72
S01008936,Couple family: Both parents working,104,40,64
S01008936,Couple family: One parent working,14,6,8
S01008936,Couple family: No parents working,0,0,0
S01008936,Lone parent family: Total,4,3,1
S01008936,Lone parent family: Parent working,3,2,1
S01008936,Lone parent family: Parent not working,1,1,0
S01008937,All parents aged 16 and over with dependent children,160,75,85
S01008937,Couple family: Total,132,56,76
S01008937,Couple family: Both parents working,98,48,50
S01008937,Couple family: One parent working,32,8,24
S01008937,Couple family: No parents working,2,0,2
S01008937,Lone parent family: Total,28,19,9
S01008937,Lone parent family: Parent working,22,16,6
S01008937,Lone parent family: Parent not working,6,3,3
S01008938,All parents aged 16 and over with dependent children,211,90,121
S01008938,Couple family: Total,198,82,116
S01008938,Couple family: Both parents working,152,64,88
S01008938,Couple family: One parent working,40,16,24
S01008938,Couple family: No parents working,6,2,4
S01008938,Lone parent family: Total,13,8,5
S01008938,Lone parent family: Parent working,11,8,3
S01008938,Lone parent family: Parent not working,2,0,2
S01008939,All parents aged 16 and over with dependent children,163,70,93
S01008939,Couple family: Total,138,58,80
S01008939,Couple family: Both parents working,106,42,64
S01008939,Couple family: One parent working,28,12,16
S01008939,Couple family: No parents working,4,4,0
S01008939,Lone parent family: Total,25,12,13
S01008939,Lone parent family: Parent working,15,8,7
S01008939,Lone parent family: Parent not working,10,4,6
S01008940,All parents aged 16 and over with dependent children,132,29,103
S01008940,Couple family: Total,126,26,100
S01008940,Couple family: Both parents working,90,22,68
S01008940,Couple family: One parent working,34,4,30
S01008940,Couple family: No parents working,2,0,2
S01008940,Lone parent family: Total,6,3,3
S01008940,Lone parent family: Parent working,4,3,1
S01008940,Lone parent family: Parent not working,2,0,2
S01008941,All parents aged 16 and over with dependent children,236,76,160
S01008941,Couple family: Total,218,66,152
S01008941,Couple family: Both parents working,150,46,104
S01008941,Couple family: One parent working,64,18,46
S01008941,Couple family: No parents working,4,2,2
S01008941,Lone parent family: Total,18,10,8
S01008941,Lone parent family: Parent working,13,9,4
S01008941,Lone parent family: Parent not working,5,1,4
S01008942,All parents aged 16 and over with dependent children,157,47,110
S01008942,Couple family: Total,134,36,98
S01008942,Couple family: Both parents working,102,26,76
S01008942,Couple family: One parent working,28,8,20
S01008942,Couple family: No parents working,4,2,2
S01008942,Lone parent family: Total,23,11,12
S01008942,Lone parent family: Parent working,18,9,9
S01008942,Lone parent family: Parent not working,5,2,3
S01008943,All parents aged 16 and over with dependent children,186,46,140
S01008943,Couple family: Total,176,40,136
S01008943,Couple family: Both parents working,122,34,88
S01008943,Couple family: One parent working,52,6,46
S01008943,Couple family: No parents working,2,0,2
S01008943,Lone parent family: Total,10,6,4
S01008943,Lone parent family: Parent working,4,3,1
S01008943,Lone parent family: Parent not working,6,3,3
S01008944,All parents aged 16 and over with dependent children,220,63,157
S01008944,Couple family: Total,202,56,146
S01008944,Couple family: Both parents working,130,44,86
S01008944,Couple family: One parent working,68,12,56
S01008944,Couple family: No parents working,4,0,4
S01008944,Lone parent family: Total,18,7,11
S01008944,Lone parent family: Parent working,14,7,7
S01008944,Lone parent family: Parent not working,4,0,4
S01008945,All parents aged 16 and over with dependent children,186,63,123
S01008945,Couple family: Total,180,58,122
S01008945,Couple family: Both parents working,142,50,92
S01008945,Couple family: One parent working,30,4,26
S01008945,Couple family: No parents working,8,4,4
S01008945,Lone parent family: Total,6,5,1
S01008945,Lone parent family: Parent working,6,5,1
S01008945,Lone parent family: Parent not working,0,0,0
S01008946,All parents aged 16 and over with dependent children,171,72,99
S01008946,Couple family: Total,160,66,94
S01008946,Couple family: Both parents working,126,48,78
S01008946,Couple family: One parent working,30,16,14
S01008946,Couple family: No parents working,4,2,2
S01008946,Lone parent family: Total,11,6,5
S01008946,Lone parent family: Parent working,5,3,2
S01008946,Lone parent family: Parent not working,6,3,3
S01008947,All parents aged 16 and over with dependent children,237,90,147
S01008947,Couple family: Total,220,80,140
S01008947,Couple family: Both parents working,178,68,110
S01008947,Couple family: One parent working,40,12,28
S01008947,Couple family: No parents working,2,0,2
S01008947,Lone parent family: Total,17,10,7
S01008947,Lone parent family: Parent working,13,7,6
S01008947,Lone parent family: Parent not working,4,3,1
S01008948,All parents aged 16 and over with dependent children,162,71,91
S01008948,Couple family: Total,154,68,86
S01008948,Couple family: Both parents working,114,46,68
S01008948,Couple family: One parent working,34,18,16
S01008948,Couple family: No parents working,6,4,2
S01008948,Lone parent family: Total,8,3,5
S01008948,Lone parent family: Parent working,3,1,2
S01008948,Lone parent family: Parent not working,5,2,3
S01008949,All parents aged 16 and over with dependent children,213,98,115
S01008949,Couple family: Total,180,78,102
S01008949,Couple family: Both parents working,140,60,80
S01008949,Couple family: One parent working,34,16,18
S01008949,Couple family: No parents working,6,2,4
S01008949,Lone parent family: Total,33,20,13
S01008949,Lone parent family: Parent working,22,16,6
S01008949,Lone parent family: Parent not working,11,4,7
S01008950,All parents aged 16 and over with dependent children,197,79,118
S01008950,Couple family: Total,172,68,104
S01008950,Couple family: Both parents working,124,44,80
S01008950,Couple family: One parent working,48,24,24
S01008950,Couple family: No parents working,0,0,0
S01008950,Lone parent family: Total,25,11,14
S01008950,Lone parent family: Parent working,14,9,5
S01008950,Lone parent family: Parent not working,11,2,9
S01008951,All parents aged 16 and over with dependent children,126,71,55
S01008951,Couple family: Total,86,48,38
S01008951,Couple family: Both parents working,54,32,22
S01008951,Couple family: One parent working,24,12,12
S01008951,Couple family: No parents working,8,4,4
S01008951,Lone parent family: Total,40,23,17
S01008951,Lone parent family: Parent working,19,15,4
S01008951,Lone parent family: Parent not working,21,8,13
S01008952,All parents aged 16 and over with dependent children,140,78,62
S01008952,Couple family: Total,88,46,42
S01008952,Couple family: Both parents working,52,28,24
S01008952,Couple family: One parent working,32,14,18
S01008952,Couple family: No parents working,4,4,0
S01008952,Lone parent family: Total,52,32,20
S01008952,Lone parent family: Parent working,14,11,3
S01008952,Lone parent family: Parent not working,38,21,17
S01008953,All parents aged 16 and over with dependent children,166,86,80
S01008953,Couple family: Total,126,60,66
S01008953,Couple family: Both parents working,90,44,46
S01008953,Couple family: One parent working,26,12,14
S01008953,Couple family: No parents working,10,4,6
S01008953,Lone parent family: Total,40,26,14
S01008953,Lone parent family: Parent working,24,19,5
S01008953,Lone parent family: Parent not working,16,7,9
S01008954,All parents aged 16 and over with dependent children,133,54,79
S01008954,Couple family: Total,108,42,66
S01008954,Couple family: Both parents working,82,40,42
S01008954,Couple family: One parent working,26,2,24
S01008954,Couple family: No parents working,0,0,0
S01008954,Lone parent family: Total,25,12,13
S01008954,Lone parent family: Parent working,15,8,7
S01008954,Lone parent family: Parent not working,10,4,6
S01008955,All parents aged 16 and over with dependent children,141,74,67
S01008955,Couple family: Total,116,58,58
S01008955,Couple family: Both parents working,86,46,40
S01008955,Couple family: One parent working,22,12,10
S01008955,Couple family: No parents working,8,0,8
S01008955,Lone parent family: Total,25,16,9
S01008955,Lone parent family: Parent working,21,14,7
S01008955,Lone parent family: Parent not working,4,2,2
S01008956,All parents aged 16 and over with dependent children,167,71,96
S01008956,Couple family: Total,136,54,82
S01008956,Couple family: Both parents working,102,38,64
S01008956,Couple family: One parent working,32,16,16
S01008956,Couple family: No parents working,2,0,2
S01008956,Lone parent family: Total,31,17,14
S01008956,Lone parent family: Parent working,21,13,8
S01008956,Lone parent family: Parent not working,10,4,6
S01008957,All parents aged 16 and over with dependent children,194,91,103
S01008957,Couple family: Total,154,78,76
S01008957,Couple family: Both parents working,116,68,48
S01008957,Couple family: One parent working,28,6,22
S01008957,Couple family: No parents working,10,4,6
S01008957,Lone parent family: Total,40,13,27
S01008957,Lone parent family: Parent working,21,9,12
S01008957,Lone parent family: Parent not working,19,4,15
S01008958,All parents aged 16 and over with dependent children,125,63,62
S01008958,Couple family: Total,94,48,46
S01008958,Couple family: Both parents working,82,44,38
S01008958,Couple family: One parent working,12,4,8
S01008958,Couple family: No parents working,0,0,0
S01008958,Lone parent family: Total,31,15,16
S01008958,Lone parent family: Parent working,21,12,9
S01008958,Lone parent family: Parent not working,10,3,7
S01008959,All parents aged 16 and over with dependent children,150,52,98
S01008959,Couple family: Total,130,44,86
S01008959,Couple family: Both parents working,96,32,64
S01008959,Couple family: One parent working,28,10,18
S01008959,Couple family: No parents working,6,2,4
S01008959,Lone parent family: Total,20,8,12
S01008959,Lone parent family: Parent working,13,6,7
S01008959,Lone parent family: Parent not working,7,2,5
S01008960,All parents aged 16 and over with dependent children,281,102,179
S01008960,Couple family: Total,262,98,164
S01008960,Couple family: Both parents working,196,78,118
S01008960,Couple family: One parent working,60,20,40
S01008960,Couple family: No parents working,6,0,6
S01008960,Lone parent family: Total,19,4,15
S01008960,Lone parent family: Parent working,12,3,9
S01008960,Lone parent family: Parent not working,7,1,6
S01008961,All parents aged 16 and over with dependent children,140,73,67
S01008961,Couple family: Total,120,60,60
S01008961,Couple family: Both parents working,86,50,36
S01008961,Couple family: One parent working,30,8,22
S01008961,Couple family: No parents working,4,2,2
S01008961,Lone parent family: Total,20,13,7
S01008961,Lone parent family: Parent working,15,9,6
S01008961,Lone parent family: Parent not working,5,4,1
S01008962,All parents aged 16 and over with dependent children,123,80,43
S01008962,Couple family: Total,108,68,40
S01008962,Couple family: Both parents working,88,54,34
S01008962,Couple family: One parent working,18,12,6
S01008962,Couple family: No parents working,2,2,0
S01008962,Lone parent family: Total,15,12,3
S01008962,Lone parent family: Parent working,11,9,2
S01008962,Lone parent family: Parent not working,4,3,1
S01008963,All parents aged 16 and over with dependent children,148,74,74
S01008963,Couple family: Total,136,66,70
S01008963,Couple family: Both parents working,118,58,60
S01008963,Couple family: One parent working,16,6,10
S01008963,Couple family: No parents working,2,2,0
S01008963,Lone parent family: Total,12,8,4
S01008963,Lone parent family: Parent working,9,7,2
S01008963,Lone parent family: Parent not working,3,1,2
S01008964,All parents aged 16 and over with dependent children,120,51,69
S01008964,Couple family: Total,116,48,68
S01008964,Couple family: Both parents working,106,46,60
S01008964,Couple family: One parent working,10,2,8
S01008964,Couple family: No parents working,0,0,0
S01008964,Lone parent family: Total,4,3,1
S01008964,Lone parent family: Parent working,3,2,1
S01008964,Lone parent family: Parent not working,1,1,0
S01008965,All parents aged 16 and over with dependent children,141,53,88
S01008965,Couple family: Total,138,52,86
S01008965,Couple family: Both parents working,112,46,66
S01008965,Couple family: One parent working,26,6,20
S01008965,Couple family: No parents working,0,0,0
S01008965,Lone parent family: Total,3,1,2
S01008965,Lone parent family: Parent working,3,1,2
S01008965,Lone parent family: Parent not working,0,0,0
S01008966,All parents aged 16 and over with dependent children,137,47,90
S01008966,Couple family: Total,130,44,86
S01008966,Couple family: Both parents working,104,42,62
S01008966,Couple family: One parent working,22,2,20
S01008966,Couple family: No parents working,4,0,4
S01008966,Lone parent family: Total,7,3,4
S01008966,Lone parent family: Parent working,5,3,2
S01008966,Lone parent family: Parent not working,2,0,2
S01008967,All parents aged 16 and over with dependent children,225,76,149
S01008967,Couple family: Total,214,70,144
S01008967,Couple family: Both parents working,168,54,114
S01008967,Couple family: One parent working,44,16,28
S01008967,Couple family: No parents working,2,0,2
S01008967,Lone parent family: Total,11,6,5
S01008967,Lone parent family: Parent working,7,4,3
S01008967,Lone parent family: Parent not working,4,2,2
S01008968,All parents aged 16 and over with dependent children,225,98,127
S01008968,Couple family: Total,214,90,124
S01008968,Couple family: Both parents working,178,68,110
S01008968,Couple family: One parent working,34,20,14
S01008968,Couple family: No parents working,2,2,0
S01008968,Lone parent family: Total,11,8,3
S01008968,Lone parent family: Parent working,10,7,3
S01008968,Lone parent family: Parent not working,1,1,0
S01008969,All parents aged 16 and over with dependent children,233,110,123
S01008969,Couple family: Total,210,94,116
S01008969,Couple family: Both parents working,162,76,86
S01008969,Couple family: One parent working,44,16,28
S01008969,Couple family: No parents working,4,2,2
S01008969,Lone parent family: Total,23,16,7
S01008969,Lone parent family: Parent working,14,10,4
S01008969,Lone parent family: Parent not working,9,6,3
S01008970,All parents aged 16 and over with dependent children,219,97,122
S01008970,Couple family: Total,204,86,118
S01008970,Couple family: Both parents working,170,74,96
S01008970,Couple family: One parent working,32,12,20
S01008970,Couple family: No parents working,2,0,2
S01008970,Lone parent family: Total,15,11,4
S01008970,Lone parent family: Parent working,14,10,4
S01008970,Lone parent family: Parent not working,1,1,0
S01008971,All parents aged 16 and over with dependent children,180,85,95
S01008971,Couple family: Total,172,78,94
S01008971,Couple family: Both parents working,140,66,74
S01008971,Couple family: One parent working,32,12,20
S01008971,Couple family: No parents working,0,0,0
S01008971,Lone parent family: Total,8,7,1
S01008971,Lone parent family: Parent working,8,7,1
S01008971,Lone parent family: Parent not working,0,0,0
S01008972,All parents aged 16 and over with dependent children,196,72,124
S01008972,Couple family: Total,186,68,118
S01008972,Couple family: Both parents working,146,56,90
S01008972,Couple family: One parent working,40,12,28
S01008972,Couple family: No parents working,0,0,0
S01008972,Lone parent family: Total,10,4,6
S01008972,Lone parent family: Parent working,8,4,4
S01008972,Lone parent family: Parent not working,2,0,2
S01008973,All parents aged 16 and over with dependent children,112,60,52
S01008973,Couple family: Total,100,50,50
S01008973,Couple family: Both parents working,76,38,38
S01008973,Couple family: One parent working,24,12,12
S01008973,Couple family: No parents working,0,0,0
S01008973,Lone parent family: Total,12,10,2
S01008973,Lone parent family: Parent working,9,8,1
S01008973,Lone parent family: Parent not working,3,2,1
S01008974,All parents aged 16 and over with dependent children,147,73,74
S01008974,Couple family: Total,116,60,56
S01008974,Couple family: Both parents working,70,40,30
S01008974,Couple family: One parent working,34,10,24
S01008974,Couple family: No parents working,12,10,2
S01008974,Lone parent family: Total,31,13,18
S01008974,Lone parent family: Parent working,11,10,1
S01008974,Lone parent family: Parent not working,20,3,17
S01008975,All parents aged 16 and over with dependent children,84,43,41
S01008975,Couple family: Total,62,30,32
S01008975,Couple family: Both parents working,46,26,20
S01008975,Couple family: One parent working,12,2,10
S01008975,Couple family: No parents working,4,2,2
S01008975,Lone parent family: Total,22,13,9
S01008975,Lone parent family: Parent working,14,10,4
S01008975,Lone parent family: Parent not working,8,3,5
S01008976,All parents aged 16 and over with dependent children,118,42,76
S01008976,Couple family: Total,116,40,76
S01008976,Couple family: Both parents working,86,34,52
S01008976,Couple family: One parent working,28,6,22
S01008976,Couple family: No parents working,2,0,2
S01008976,Lone parent family: Total,2,2,0
S01008976,Lone parent family: Parent working,2,2,0
S01008976,Lone parent family: Parent not working,0,0,0
S01008977,All parents aged 16 and over with dependent children,118,55,63
S01008977,Couple family: Total,112,52,60
S01008977,Couple family: Both parents working,90,46,44
S01008977,Couple family: One parent working,18,6,12
S01008977,Couple family: No parents working,4,0,4
S01008977,Lone parent family: Total,6,3,3
S01008977,Lone parent family: Parent working,4,3,1
S01008977,Lone parent family: Parent not working,2,0,2
S01008978,All parents aged 16 and over with dependent children,120,42,78
S01008978,Couple family: Total,94,28,66
S01008978,Couple family: Both parents working,72,16,56
S01008978,Couple family: One parent working,22,12,10
S01008978,Couple family: No parents working,0,0,0
S01008978,Lone parent family: Total,26,14,12
S01008978,Lone parent family: Parent working,17,7,10
S01008978,Lone parent family: Parent not working,9,7,2
S01008979,All parents aged 16 and over with dependent children,211,122,89
S01008979,Couple family: Total,152,80,72
S01008979,Couple family: Both parents working,106,56,50
S01008979,Couple family: One parent working,42,24,18
S01008979,Couple family: No parents working,4,0,4
S01008979,Lone parent family: Total,59,42,17
S01008979,Lone parent family: Parent working,37,26,11
S01008979,Lone parent family: Parent not working,22,16,6
S01008980,All parents aged 16 and over with dependent children,212,89,123
S01008980,Couple family: Total,150,60,90
S01008980,Couple family: Both parents working,110,52,58
S01008980,Couple family: One parent working,36,8,28
S01008980,Couple family: No parents working,4,0,4
S01008980,Lone parent family: Total,62,29,33
S01008980,Lone parent family: Parent working,30,17,13
S01008980,Lone parent family: Parent not working,32,12,20
S01008981,All parents aged 16 and over with dependent children,124,48,76
S01008981,Couple family: Total,112,40,72
S01008981,Couple family: Both parents working,92,36,56
S01008981,Couple family: One parent working,20,4,16
S01008981,Couple family: No parents working,0,0,0
S01008981,Lone parent family: Total,12,8,4
S01008981,Lone parent family: Parent working,9,7,2
S01008981,Lone parent family: Parent not working,3,1,2
S01008982,All parents aged 16 and over with dependent children,176,91,85
S01008982,Couple family: Total,130,66,64
S01008982,Couple family: Both parents working,92,48,44
S01008982,Couple family: One parent working,32,16,16
S01008982,Couple family: No parents working,6,2,4
S01008982,Lone parent family: Total,46,25,21
S01008982,Lone parent family: Parent working,18,14,4
S01008982,Lone parent family: Parent not working,28,11,17
S01008983,All parents aged 16 and over with dependent children,141,94,47
S01008983,Couple family: Total,102,68,34
S01008983,Couple family: Both parents working,78,58,20
S01008983,Couple family: One parent working,18,8,10
S01008983,Couple family: No parents working,6,2,4
S01008983,Lone parent family: Total,39,26,13
S01008983,Lone parent family: Parent working,16,11,5
S01008983,Lone parent family: Parent not working,23,15,8
S01008984,All parents aged 16 and over with dependent children,141,87,54
S01008984,Couple family: Total,98,62,36
S01008984,Couple family: Both parents working,78,50,28
S01008984,Couple family: One parent working,18,10,8
S01008984,Couple family: No parents working,2,2,0
S01008984,Lone parent family: Total,43,25,18
S01008984,Lone parent family: Parent working,23,16,7
S01008984,Lone parent family: Parent not working,20,9,11
S01008985,All parents aged 16 and over with dependent children,120,76,44
S01008985,Couple family: Total,100,62,38
S01008985,Couple family: Both parents working,84,54,30
S01008985,Couple family: One parent working,14,8,6
S01008985,Couple family: No parents working,2,0,2
S01008985,Lone parent family: Total,20,14,6
S01008985,Lone parent family: Parent working,10,8,2
S01008985,Lone parent family: Parent not working,10,6,4
S01008986,All parents aged 16 and over with dependent children,172,75,97
S01008986,Couple family: Total,160,70,90
S01008986,Couple family: Both parents working,142,62,80
S01008986,Couple family: One parent working,16,6,10
S01008986,Couple family: No parents working,2,2,0
S01008986,Lone parent family: Total,12,5,7
S01008986,Lone parent family: Parent working,7,5,2
S01008986,Lone parent family: Parent not working,5,0,5
S01008987,All parents aged 16 and over with dependent children,145,54,91
S01008987,Couple family: Total,142,52,90
S01008987,Couple family: Both parents working,122,40,82
S01008987,Couple family: One parent working,18,12,6
S01008987,Couple family: No parents working,2,0,2
S01008987,Lone parent family: Total,3,2,1
S01008987,Lone parent family: Parent working,3,2,1
S01008987,Lone parent family: Parent not working,0,0,0
S01008988,All parents aged 16 and over with dependent children,156,82,74
S01008988,Couple family: Total,122,62,60
S01008988,Couple family: Both parents working,90,48,42
S01008988,Couple family: One parent working,32,14,18
S01008988,Couple family: No parents working,0,0,0
S01008988,Lone parent family: Total,34,20,14
S01008988,Lone parent family: Parent working,23,18,5
S01008988,Lone parent family: Parent not working,11,2,9
S01008989,All parents aged 16 and over with dependent children,133,89,44
S01008989,Couple family: Total,110,74,36
S01008989,Couple family: Both parents working,84,54,30
S01008989,Couple family: One parent working,22,16,6
S01008989,Couple family: No parents working,4,4,0
S01008989,Lone parent family: Total,23,15,8
S01008989,Lone parent family: Parent working,16,11,5
S01008989,Lone parent family: Parent not working,7,4,3
S01008990,All parents aged 16 and over with dependent children,142,103,39
S01008990,Couple family: Total,122,84,38
S01008990,Couple family: Both parents working,84,56,28
S01008990,Couple family: One parent working,38,28,10
S01008990,Couple family: No parents working,0,0,0
S01008990,Lone parent family: Total,20,19,1
S01008990,Lone parent family: Parent working,16,15,1
S01008990,Lone parent family: Parent not working,4,4,0
S01008991,All parents aged 16 and over with dependent children,254,129,125
S01008991,Couple family: Total,234,116,118
S01008991,Couple family: Both parents working,186,96,90
S01008991,Couple family: One parent working,46,20,26
S01008991,Couple family: No parents working,2,0,2
S01008991,Lone parent family: Total,20,13,7
S01008991,Lone parent family: Parent working,17,12,5
S01008991,Lone parent family: Parent not working,3,1,2
S01008992,All parents aged 16 and over with dependent children,92,44,48
S01008992,Couple family: Total,82,38,44
S01008992,Couple family: Both parents working,58,30,28
S01008992,Couple family: One parent working,20,8,12
S01008992,Couple family: No parents working,4,0,4
S01008992,Lone parent family: Total,10,6,4
S01008992,Lone parent family: Parent working,6,5,1
S01008992,Lone parent family: Parent not working,4,1,3
S01008993,All parents aged 16 and over with dependent children,221,111,110
S01008993,Couple family: Total,190,98,92
S01008993,Couple family: Both parents working,152,78,74
S01008993,Couple family: One parent working,36,18,18
S01008993,Couple family: No parents working,2,2,0
S01008993,Lone parent family: Total,31,13,18
S01008993,Lone parent family: Parent working,20,11,9
S01008993,Lone parent family: Parent not working,11,2,9
S01008994,All parents aged 16 and over with dependent children,150,70,80
S01008994,Couple family: Total,114,48,66
S01008994,Couple family: Both parents working,72,32,40
S01008994,Couple family: One parent working,38,14,24
S01008994,Couple family: No parents working,4,2,2
S01008994,Lone parent family: Total,36,22,14
S01008994,Lone parent family: Parent working,21,14,7
S01008994,Lone parent family: Parent not working,15,8,7
S01008995,All parents aged 16 and over with dependent children,199,95,104
S01008995,Couple family: Total,182,86,96
S01008995,Couple family: Both parents working,142,74,68
S01008995,Couple family: One parent working,38,10,28
S01008995,Couple family: No parents working,2,2,0
S01008995,Lone parent family: Total,17,9,8
S01008995,Lone parent family: Parent working,12,6,6
S01008995,Lone parent family: Parent not working,5,3,2
S01008996,All parents aged 16 and over with dependent children,90,39,51
S01008996,Couple family: Total,70,28,42
S01008996,Couple family: Both parents working,50,18,32
S01008996,Couple family: One parent working,16,8,8
S01008996,Couple family: No parents working,4,2,2
S01008996,Lone parent family: Total,20,11,9
S01008996,Lone parent family: Parent working,11,8,3
S01008996,Lone parent family: Parent not working,9,3,6
S01008997,All parents aged 16 and over with dependent children,250,116,134
S01008997,Couple family: Total,218,96,122
S01008997,Couple family: Both parents working,166,82,84
S01008997,Couple family: One parent working,46,10,36
S01008997,Couple family: No parents working,6,4,2
S01008997,Lone parent family: Total,32,20,12
S01008997,Lone parent family: Parent working,21,15,6
S01008997,Lone parent family: Parent not working,11,5,6
S01008998,All parents aged 16 and over with dependent children,152,64,88
S01008998,Couple family: Total,116,48,68
S01008998,Couple family: Both parents working,66,30,36
S01008998,Couple family: One parent working,26,6,20
S01008998,Couple family: No parents working,24,12,12
S01008998,Lone parent family: Total,36,16,20
S01008998,Lone parent family: Parent working,12,8,4
S01008998,Lone parent family: Parent not working,24,8,16
S01008999,All parents aged 16 and over with dependent children,159,62,97
S01008999,Couple family: Total,128,42,86
S01008999,Couple family: Both parents working,82,28,54
S01008999,Couple family: One parent working,32,6,26
S01008999,Couple family: No parents working,14,8,6
S01008999,Lone parent family: Total,31,20,11
S01008999,Lone parent family: Parent working,20,12,8
S01008999,Lone parent family: Parent not working,11,8,3
S01009000,All parents aged 16 and over with dependent children,177,71,106
S01009000,Couple family: Total,162,66,96
S01009000,Couple family: Both parents working,120,54,66
S01009000,Couple family: One parent working,34,6,28
S01009000,Couple family: No parents working,8,6,2
S01009000,Lone parent family: Total,15,5,10
S01009000,Lone parent family: Parent working,13,5,8
S01009000,Lone parent family: Parent not working,2,0,2
S01009001,All parents aged 16 and over with dependent children,256,83,173
S01009001,Couple family: Total,244,76,168
S01009001,Couple family: Both parents working,188,62,126
S01009001,Couple family: One parent working,56,14,42
S01009001,Couple family: No parents working,0,0,0
S01009001,Lone parent family: Total,12,7,5
S01009001,Lone parent family: Parent working,11,7,4
S01009001,Lone parent family: Parent not working,1,0,1
S01009002,All parents aged 16 and over with dependent children,211,100,111
S01009002,Couple family: Total,194,92,102
S01009002,Couple family: Both parents working,134,62,72
S01009002,Couple family: One parent working,54,28,26
S01009002,Couple family: No parents working,6,2,4
S01009002,Lone parent family: Total,17,8,9
S01009002,Lone parent family: Parent working,10,6,4
S01009002,Lone parent family: Parent not working,7,2,5
S01009003,All parents aged 16 and over with dependent children,241,92,149
S01009003,Couple family: Total,220,78,142
S01009003,Couple family: Both parents working,176,66,110
S01009003,Couple family: One parent working,42,12,30
S01009003,Couple family: No parents working,2,0,2
S01009003,Lone parent family: Total,21,14,7
S01009003,Lone parent family: Parent working,14,10,4
S01009003,Lone parent family: Parent not working,7,4,3
S01009004,All parents aged 16 and over with dependent children,155,51,104
S01009004,Couple family: Total,134,40,94
S01009004,Couple family: Both parents working,110,36,74
S01009004,Couple family: One parent working,22,4,18
S01009004,Couple family: No parents working,2,0,2
S01009004,Lone parent family: Total,21,11,10
S01009004,Lone parent family: Parent working,16,10,6
S01009004,Lone parent family: Parent not working,5,1,4
S01009005,All parents aged 16 and over with dependent children,153,66,87
S01009005,Couple family: Total,134,56,78
S01009005,Couple family: Both parents working,102,50,52
S01009005,Couple family: One parent working,30,6,24
S01009005,Couple family: No parents working,2,0,2
S01009005,Lone parent family: Total,19,10,9
S01009005,Lone parent family: Parent working,13,6,7
S01009005,Lone parent family: Parent not working,6,4,2
S01009006,All parents aged 16 and over with dependent children,184,81,103
S01009006,Couple family: Total,152,64,88
S01009006,Couple family: Both parents working,112,46,66
S01009006,Couple family: One parent working,32,16,16
S01009006,Couple family: No parents working,8,2,6
S01009006,Lone parent family: Total,32,17,15
S01009006,Lone parent family: Parent working,16,7,9
S01009006,Lone parent family: Parent not working,16,10,6
S01009007,All parents aged 16 and over with dependent children,161,74,87
S01009007,Couple family: Total,124,54,70
S01009007,Couple family: Both parents working,86,38,48
S01009007,Couple family: One parent working,32,14,18
S01009007,Couple family: No parents working,6,2,4
S01009007,Lone parent family: Total,37,20,17
S01009007,Lone parent family: Parent working,20,11,9
S01009007,Lone parent family: Parent not working,17,9,8
S01009008,All parents aged 16 and over with dependent children,164,64,100
S01009008,Couple family: Total,150,54,96
S01009008,Couple family: Both parents working,114,48,66
S01009008,Couple family: One parent working,32,4,28
S01009008,Couple family: No parents working,4,2,2
S01009008,Lone parent family: Total,14,10,4
S01009008,Lone parent family: Parent working,11,8,3
S01009008,Lone parent family: Parent not working,3,2,1
S01009009,All parents aged 16 and over with dependent children,85,38,47
S01009009,Couple family: Total,56,24,32
S01009009,Couple family: Both parents working,32,14,18
S01009009,Couple family: One parent working,18,8,10
S01009009,Couple family: No parents working,6,2,4
S01009009,Lone parent family: Total,29,14,15
S01009009,Lone parent family: Parent working,14,6,8
S01009009,Lone parent family: Parent not working,15,8,7
S01009010,All parents aged 16 and over with dependent children,255,122,133
S01009010,Couple family: Total,222,102,120
S01009010,Couple family: Both parents working,194,94,100
S01009010,Couple family: One parent working,26,8,18
S01009010,Couple family: No parents working,2,0,2
S01009010,Lone parent family: Total,33,20,13
S01009010,Lone parent family: Parent working,28,18,10
S01009010,Lone parent family: Parent not working,5,2,3
S01009011,All parents aged 16 and over with dependent children,230,116,114
S01009011,Couple family: Total,214,110,104
S01009011,Couple family: Both parents working,184,96,88
S01009011,Couple family: One parent working,30,14,16
S01009011,Couple family: No parents working,0,0,0
S01009011,Lone parent family: Total,16,6,10
S01009011,Lone parent family: Parent working,11,4,7
S01009011,Lone parent family: Parent not working,5,2,3
S01009012,All parents aged 16 and over with dependent children,186,84,102
S01009012,Couple family: Total,176,78,98
S01009012,Couple family: Both parents working,140,66,74
S01009012,Couple family: One parent working,36,12,24
S01009012,Couple family: No parents working,0,0,0
S01009012,Lone parent family: Total,10,6,4
S01009012,Lone parent family: Parent working,6,2,4
S01009012,Lone parent family: Parent not working,4,4,0
S01009013,All parents aged 16 and over with dependent children,206,95,111
S01009013,Couple family: Total,188,80,108
S01009013,Couple family: Both parents working,148,70,78
S01009013,Couple family: One parent working,32,10,22
S01009013,Couple family: No parents working,8,0,8
S01009013,Lone parent family: Total,18,15,3
S01009013,Lone parent family: Parent working,13,10,3
S01009013,Lone parent family: Parent not working,5,5,0
S01009014,All parents aged 16 and over with dependent children,130,61,69
S01009014,Couple family: Total,108,44,64
S01009014,Couple family: Both parents working,94,36,58
S01009014,Couple family: One parent working,6,4,2
S01009014,Couple family: No parents working,8,4,4
S01009014,Lone parent family: Total,22,17,5
S01009014,Lone parent family: Parent working,18,14,4
S01009014,Lone parent family: Parent not working,4,3,1
S01009015,All parents aged 16 and over with dependent children,126,56,70
S01009015,Couple family: Total,100,42,58
S01009015,Couple family: Both parents working,66,32,34
S01009015,Couple family: One parent working,28,8,20
S01009015,Couple family: No parents working,6,2,4
S01009015,Lone parent family: Total,26,14,12
S01009015,Lone parent family: Parent working,22,14,8
S01009015,Lone parent family: Parent not working,4,0,4
S01009016,All parents aged 16 and over with dependent children,100,32,68
S01009016,Couple family: Total,92,26,66
S01009016,Couple family: Both parents working,60,20,40
S01009016,Couple family: One parent working,28,2,26
S01009016,Couple family: No parents working,4,4,0
S01009016,Lone parent family: Total,8,6,2
S01009016,Lone parent family: Parent working,5,3,2
S01009016,Lone parent family: Parent not working,3,3,0
S01009017,All parents aged 16 and over with dependent children,117,55,62
S01009017,Couple family: Total,96,42,54
S01009017,Couple family: Both parents working,74,32,42
S01009017,Couple family: One parent working,20,8,12
S01009017,Couple family: No parents working,2,2,0
S01009017,Lone parent family: Total,21,13,8
S01009017,Lone parent family: Parent working,11,7,4
S01009017,Lone parent family: Parent not working,10,6,4
S01009018,All parents aged 16 and over with dependent children,148,55,93
S01009018,Couple family: Total,116,38,78
S01009018,Couple family: Both parents working,92,26,66
S01009018,Couple family: One parent working,24,12,12
S01009018,Couple family: No parents working,0,0,0
S01009018,Lone parent family: Total,32,17,15
S01009018,Lone parent family: Parent working,24,14,10
S01009018,Lone parent family: Parent not working,8,3,5
S01009019,All parents aged 16 and over with dependent children,96,44,52
S01009019,Couple family: Total,80,30,50
S01009019,Couple family: Both parents working,48,24,24
S01009019,Couple family: One parent working,30,6,24
S01009019,Couple family: No parents working,2,0,2
S01009019,Lone parent family: Total,16,14,2
S01009019,Lone parent family: Parent working,15,14,1
S01009019,Lone parent family: Parent not working,1,0,1
S01009020,All parents aged 16 and over with dependent children,189,86,103
S01009020,Couple family: Total,162,68,94
S01009020,Couple family: Both parents working,136,56,80
S01009020,Couple family: One parent working,24,12,12
S01009020,Couple family: No parents working,2,0,2
S01009020,Lone parent family: Total,27,18,9
S01009020,Lone parent family: Parent working,14,9,5
S01009020,Lone parent family: Parent not working,13,9,4
S01009021,All parents aged 16 and over with dependent children,117,49,68
S01009021,Couple family: Total,102,40,62
S01009021,Couple family: Both parents working,80,32,48
S01009021,Couple family: One parent working,20,6,14
S01009021,Couple family: No parents working,2,2,0
S01009021,Lone parent family: Total,15,9,6
S01009021,Lone parent family: Parent working,12,7,5
S01009021,Lone parent family: Parent not working,3,2,1
S01009022,All parents aged 16 and over with dependent children,134,75,59
S01009022,Couple family: Total,118,70,48
S01009022,Couple family: Both parents working,92,56,36
S01009022,Couple family: One parent working,20,10,10
S01009022,Couple family: No parents working,6,4,2
S01009022,Lone parent family: Total,16,5,11
S01009022,Lone parent family: Parent working,8,3,5
S01009022,Lone parent family: Parent not working,8,2,6
S01009023,All parents aged 16 and over with dependent children,154,68,86
S01009023,Couple family: Total,146,64,82
S01009023,Couple family: Both parents working,108,48,60
S01009023,Couple family: One parent working,36,16,20
S01009023,Couple family: No parents working,2,0,2
S01009023,Lone parent family: Total,8,4,4
S01009023,Lone parent family: Parent working,4,1,3
S01009023,Lone parent family: Parent not working,4,3,1
S01009024,All parents aged 16 and over with dependent children,141,59,82
S01009024,Couple family: Total,128,50,78
S01009024,Couple family: Both parents working,94,28,66
S01009024,Couple family: One parent working,30,18,12
S01009024,Couple family: No parents working,4,4,0
S01009024,Lone parent family: Total,13,9,4
S01009024,Lone parent family: Parent working,13,9,4
S01009024,Lone parent family: Parent not working,0,0,0
S01009025,All parents aged 16 and over with dependent children,171,62,109
S01009025,Couple family: Total,154,52,102
S01009025,Couple family: Both parents working,112,38,74
S01009025,Couple family: One parent working,38,14,24
S01009025,Couple family: No parents working,4,0,4
S01009025,Lone parent family: Total,17,10,7
S01009025,Lone parent family: Parent working,9,6,3
S01009025,Lone parent family: Parent not working,8,4,4
S01009026,All parents aged 16 and over with dependent children,137,58,79
S01009026,Couple family: Total,122,52,70
S01009026,Couple family: Both parents working,90,38,52
S01009026,Couple family: One parent working,26,12,14
S01009026,Couple family: No parents working,6,2,4
S01009026,Lone parent family: Total,15,6,9
S01009026,Lone parent family: Parent working,12,6,6
S01009026,Lone parent family: Parent not working,3,0,3
S01009027,All parents aged 16 and over with dependent children,125,63,62
S01009027,Couple family: Total,108,52,56
S01009027,Couple family: Both parents working,76,42,34
S01009027,Couple family: One parent working,24,8,16
S01009027,Couple family: No parents working,8,2,6
S01009027,Lone parent family: Total,17,11,6
S01009027,Lone parent family: Parent working,15,9,6
S01009027,Lone parent family: Parent not working,2,2,0
S01009028,All parents aged 16 and over with dependent children,86,36,50
S01009028,Couple family: Total,82,34,48
S01009028,Couple family: Both parents working,64,28,36
S01009028,Couple family: One parent working,18,6,12
S01009028,Couple family: No parents working,0,0,0
S01009028,Lone parent family: Total,4,2,2
S01009028,Lone parent family: Parent working,4,2,2
S01009028,Lone parent family: Parent not working,0,0,0
S01009029,All parents aged 16 and over with dependent children,100,35,65
S01009029,Couple family: Total,88,28,60
S01009029,Couple family: Both parents working,56,16,40
S01009029,Couple family: One parent working,24,8,16
S01009029,Couple family: No parents working,8,4,4
S01009029,Lone parent family: Total,12,7,5
S01009029,Lone parent family: Parent working,6,4,2
S01009029,Lone parent family: Parent not working,6,3,3
S01009030,All parents aged 16 and over with dependent children,131,68,63
S01009030,Couple family: Total,110,52,58
S01009030,Couple family: Both parents working,88,42,46
S01009030,Couple family: One parent working,22,10,12
S01009030,Couple family: No parents working,0,0,0
S01009030,Lone parent family: Total,21,16,5
S01009030,Lone parent family: Parent working,10,7,3
S01009030,Lone parent family: Parent not working,11,9,2
S01009031,All parents aged 16 and over with dependent children,128,63,65
S01009031,Couple family: Total,110,52,58
S01009031,Couple family: Both parents working,76,36,40
S01009031,Couple family: One parent working,30,14,16
S01009031,Couple family: No parents working,4,2,2
S01009031,Lone parent family: Total,18,11,7
S01009031,Lone parent family: Parent working,13,6,7
S01009031,Lone parent family: Parent not working,5,5,0
S01009032,All parents aged 16 and over with dependent children,105,45,60
S01009032,Couple family: Total,86,36,50
S01009032,Couple family: Both parents working,56,24,32
S01009032,Couple family: One parent working,28,10,18
S01009032,Couple family: No parents working,2,2,0
S01009032,Lone parent family: Total,19,9,10
S01009032,Lone parent family: Parent working,13,5,8
S01009032,Lone parent family: Parent not working,6,4,2
S01009033,All parents aged 16 and over with dependent children,156,55,101
S01009033,Couple family: Total,144,46,98
S01009033,Couple family: Both parents working,112,36,76
S01009033,Couple family: One parent working,26,8,18
S01009033,Couple family: No parents working,6,2,4
S01009033,Lone parent family: Total,12,9,3
S01009033,Lone parent family: Parent working,10,8,2
S01009033,Lone parent family: Parent not working,2,1,1
S01009034,All parents aged 16 and over with dependent children,137,46,91
S01009034,Couple family: Total,122,38,84
S01009034,Couple family: Both parents working,96,34,62
S01009034,Couple family: One parent working,26,4,22
S01009034,Couple family: No parents working,0,0,0
S01009034,Lone parent family: Total,15,8,7
S01009034,Lone parent family: Parent working,11,4,7
S01009034,Lone parent family: Parent not working,4,4,0
S01009035,All parents aged 16 and over with dependent children,199,92,107
S01009035,Couple family: Total,180,80,100
S01009035,Couple family: Both parents working,132,60,72
S01009035,Couple family: One parent working,46,18,28
S01009035,Couple family: No parents working,2,2,0
S01009035,Lone parent family: Total,19,12,7
S01009035,Lone parent family: Parent working,15,12,3
S01009035,Lone parent family: Parent not working,4,0,4
S01009036,All parents aged 16 and over with dependent children,280,104,176
S01009036,Couple family: Total,252,88,164
S01009036,Couple family: Both parents working,182,66,116
S01009036,Couple family: One parent working,54,20,34
S01009036,Couple family: No parents working,16,2,14
S01009036,Lone parent family: Total,28,16,12
S01009036,Lone parent family: Parent working,20,11,9
S01009036,Lone parent family: Parent not working,8,5,3
S01009037,All parents aged 16 and over with dependent children,224,114,110
S01009037,Couple family: Total,186,88,98
S01009037,Couple family: Both parents working,144,62,82
S01009037,Couple family: One parent working,40,26,14
S01009037,Couple family: No parents working,2,0,2
S01009037,Lone parent family: Total,38,26,12
S01009037,Lone parent family: Parent working,25,18,7
S01009037,Lone parent family: Parent not working,13,8,5
S01009038,All parents aged 16 and over with dependent children,230,82,148
S01009038,Couple family: Total,196,64,132
S01009038,Couple family: Both parents working,162,54,108
S01009038,Couple family: One parent working,30,10,20
S01009038,Couple family: No parents working,4,0,4
S01009038,Lone parent family: Total,34,18,16
S01009038,Lone parent family: Parent working,22,15,7
S01009038,Lone parent family: Parent not working,12,3,9
S01009039,All parents aged 16 and over with dependent children,123,70,53
S01009039,Couple family: Total,70,32,38
S01009039,Couple family: Both parents working,52,24,28
S01009039,Couple family: One parent working,16,8,8
S01009039,Couple family: No parents working,2,0,2
S01009039,Lone parent family: Total,53,38,15
S01009039,Lone parent family: Parent working,36,28,8
S01009039,Lone parent family: Parent not working,17,10,7
S01009040,All parents aged 16 and over with dependent children,114,63,51
S01009040,Couple family: Total,84,40,44
S01009040,Couple family: Both parents working,64,34,30
S01009040,Couple family: One parent working,18,6,12
S01009040,Couple family: No parents working,2,0,2
S01009040,Lone parent family: Total,30,23,7
S01009040,Lone parent family: Parent working,23,16,7
S01009040,Lone parent family: Parent not working,7,7,0
S01009041,All parents aged 16 and over with dependent children,130,73,57
S01009041,Couple family: Total,114,62,52
S01009041,Couple family: Both parents working,86,46,40
S01009041,Couple family: One parent working,22,12,10
S01009041,Couple family: No parents working,6,4,2
S01009041,Lone parent family: Total,16,11,5
S01009041,Lone parent family: Parent working,13,8,5
S01009041,Lone parent family: Parent not working,3,3,0
S01009042,All parents aged 16 and over with dependent children,176,117,59
S01009042,Couple family: Total,144,92,52
S01009042,Couple family: Both parents working,104,68,36
S01009042,Couple family: One parent working,34,20,14
S01009042,Couple family: No parents working,6,4,2
S01009042,Lone parent family: Total,32,25,7
S01009042,Lone parent family: Parent working,20,18,2
S01009042,Lone parent family: Parent not working,12,7,5
S01009043,All parents aged 16 and over with dependent children,95,51,44
S01009043,Couple family: Total,80,42,38
S01009043,Couple family: Both parents working,62,32,30
S01009043,Couple family: One parent working,14,10,4
S01009043,Couple family: No parents working,4,0,4
S01009043,Lone parent family: Total,15,9,6
S01009043,Lone parent family: Parent working,10,7,3
S01009043,Lone parent family: Parent not working,5,2,3
S01009044,All parents aged 16 and over with dependent children,129,65,64
S01009044,Couple family: Total,96,44,52
S01009044,Couple family: Both parents working,80,36,44
S01009044,Couple family: One parent working,14,6,8
S01009044,Couple family: No parents working,2,2,0
S01009044,Lone parent family: Total,33,21,12
S01009044,Lone parent family: Parent working,24,14,10
S01009044,Lone parent family: Parent not working,9,7,2
S01009045,All parents aged 16 and over with dependent children,114,46,68
S01009045,Couple family: Total,96,32,64
S01009045,Couple family: Both parents working,66,20,46
S01009045,Couple family: One parent working,26,8,18
S01009045,Couple family: No parents working,4,4,0
S01009045,Lone parent family: Total,18,14,4
S01009045,Lone parent family: Parent working,13,12,1
S01009045,Lone parent family: Parent not working,5,2,3
S01009046,All parents aged 16 and over with dependent children,195,83,112
S01009046,Couple family: Total,174,70,104
S01009046,Couple family: Both parents working,138,60,78
S01009046,Couple family: One parent working,32,10,22
S01009046,Couple family: No parents working,4,0,4
S01009046,Lone parent family: Total,21,13,8
S01009046,Lone parent family: Parent working,17,11,6
S01009046,Lone parent family: Parent not working,4,2,2
S01009047,All parents aged 16 and over with dependent children,188,99,89
S01009047,Couple family: Total,170,88,82
S01009047,Couple family: Both parents working,124,64,60
S01009047,Couple family: One parent working,36,20,16
S01009047,Couple family: No parents working,10,4,6
S01009047,Lone parent family: Total,18,11,7
S01009047,Lone parent family: Parent working,15,8,7
S01009047,Lone parent family: Parent not working,3,3,0
S01009048,All parents aged 16 and over with dependent children,164,62,102
S01009048,Couple family: Total,152,56,96
S01009048,Couple family: Both parents working,112,44,68
S01009048,Couple family: One parent working,32,8,24
S01009048,Couple family: No parents working,8,4,4
S01009048,Lone parent family: Total,12,6,6
S01009048,Lone parent family: Parent working,10,5,5
S01009048,Lone parent family: Parent not working,2,1,1
S01009049,All parents aged 16 and over with dependent children,126,56,70
S01009049,Couple family: Total,114,50,64
S01009049,Couple family: Both parents working,94,42,52
S01009049,Couple family: One parent working,16,6,10
S01009049,Couple family: No parents working,4,2,2
S01009049,Lone parent family: Total,12,6,6
S01009049,Lone parent family: Parent working,9,4,5
S01009049,Lone parent family: Parent not working,3,2,1
S01009050,All parents aged 16 and over with dependent children,147,77,70
S01009050,Couple family: Total,130,64,66
S01009050,Couple family: Both parents working,108,48,60
S01009050,Couple family: One parent working,18,12,6
S01009050,Couple family: No parents working,4,4,0
S01009050,Lone parent family: Total,17,13,4
S01009050,Lone parent family: Parent working,11,9,2
S01009050,Lone parent family: Parent not working,6,4,2
S01009051,All parents aged 16 and over with dependent children,217,98,119
S01009051,Couple family: Total,184,78,106
S01009051,Couple family: Both parents working,152,66,86
S01009051,Couple family: One parent working,22,8,14
S01009051,Couple family: No parents working,10,4,6
S01009051,Lone parent family: Total,33,20,13
S01009051,Lone parent family: Parent working,18,11,7
S01009051,Lone parent family: Parent not working,15,9,6
S01009052,All parents aged 16 and over with dependent children,97,73,24
S01009052,Couple family: Total,80,56,24
S01009052,Couple family: Both parents working,60,44,16
S01009052,Couple family: One parent working,18,10,8
S01009052,Couple family: No parents working,2,2,0
S01009052,Lone parent family: Total,17,17,0
S01009052,Lone parent family: Parent working,15,15,0
S01009052,Lone parent family: Parent not working,2,2,0
S01009053,All parents aged 16 and over with dependent children,112,60,52
S01009053,Couple family: Total,64,28,36
S01009053,Couple family: Both parents working,38,10,28
S01009053,Couple family: One parent working,12,6,6
S01009053,Couple family: No parents working,14,12,2
S01009053,Lone parent family: Total,48,32,16
S01009053,Lone parent family: Parent working,20,15,5
S01009053,Lone parent family: Parent not working,28,17,11
S01009054,All parents aged 16 and over with dependent children,117,61,56
S01009054,Couple family: Total,90,42,48
S01009054,Couple family: Both parents working,52,30,22
S01009054,Couple family: One parent working,26,4,22
S01009054,Couple family: No parents working,12,8,4
S01009054,Lone parent family: Total,27,19,8
S01009054,Lone parent family: Parent working,19,13,6
S01009054,Lone parent family: Parent not working,8,6,2
S01009055,All parents aged 16 and over with dependent children,141,72,69
S01009055,Couple family: Total,122,62,60
S01009055,Couple family: Both parents working,98,46,52
S01009055,Couple family: One parent working,20,12,8
S01009055,Couple family: No parents working,4,4,0
S01009055,Lone parent family: Total,19,10,9
S01009055,Lone parent family: Parent working,14,5,9
S01009055,Lone parent family: Parent not working,5,5,0
S01009056,All parents aged 16 and over with dependent children,108,40,68
S01009056,Couple family: Total,78,28,50
S01009056,Couple family: Both parents working,40,18,22
S01009056,Couple family: One parent working,32,8,24
S01009056,Couple family: No parents working,6,2,4
S01009056,Lone parent family: Total,30,12,18
S01009056,Lone parent family: Parent working,13,7,6
S01009056,Lone parent family: Parent not working,17,5,12
S01009057,All parents aged 16 and over with dependent children,107,71,36
S01009057,Couple family: Total,74,50,24
S01009057,Couple family: Both parents working,48,32,16
S01009057,Couple family: One parent working,26,18,8
S01009057,Couple family: No parents working,0,0,0
S01009057,Lone parent family: Total,33,21,12
S01009057,Lone parent family: Parent working,16,9,7
S01009057,Lone parent family: Parent not working,17,12,5
S01009058,All parents aged 16 and over with dependent children,151,91,60
S01009058,Couple family: Total,126,74,52
S01009058,Couple family: Both parents working,92,58,34
S01009058,Couple family: One parent working,28,12,16
S01009058,Couple family: No parents working,6,4,2
S01009058,Lone parent family: Total,25,17,8
S01009058,Lone parent family: Parent working,20,14,6
S01009058,Lone parent family: Parent not working,5,3,2
S01009059,All parents aged 16 and over with dependent children,243,111,132
S01009059,Couple family: Total,214,96,118
S01009059,Couple family: Both parents working,180,80,100
S01009059,Couple family: One parent working,28,14,14
S01009059,Couple family: No parents working,6,2,4
S01009059,Lone parent family: Total,29,15,14
S01009059,Lone parent family: Parent working,16,7,9
S01009059,Lone parent family: Parent not working,13,8,5
S01009060,All parents aged 16 and over with dependent children,180,74,106
S01009060,Couple family: Total,174,72,102
S01009060,Couple family: Both parents working,148,62,86
S01009060,Couple family: One parent working,24,8,16
S01009060,Couple family: No parents working,2,2,0
S01009060,Lone parent family: Total,6,2,4
S01009060,Lone parent family: Parent working,6,2,4
S01009060,Lone parent family: Parent not working,0,0,0
S01009061,All parents aged 16 and over with dependent children,197,113,84
S01009061,Couple family: Total,158,88,70
S01009061,Couple family: Both parents working,128,78,50
S01009061,Couple family: One parent working,22,6,16
S01009061,Couple family: No parents working,8,4,4
S01009061,Lone parent family: Total,39,25,14
S01009061,Lone parent family: Parent working,29,19,10
S01009061,Lone parent family: Parent not working,10,6,4
S01009062,All parents aged 16 and over with dependent children,113,57,56
S01009062,Couple family: Total,84,32,52
S01009062,Couple family: Both parents working,54,28,26
S01009062,Couple family: One parent working,24,2,22
S01009062,Couple family: No parents working,6,2,4
S01009062,Lone parent family: Total,29,25,4
S01009062,Lone parent family: Parent working,16,15,1
S01009062,Lone parent family: Parent not working,13,10,3
S01009063,All parents aged 16 and over with dependent children,156,86,70
S01009063,Couple family: Total,142,76,66
S01009063,Couple family: Both parents working,108,66,42
S01009063,Couple family: One parent working,32,10,22
S01009063,Couple family: No parents working,2,0,2
S01009063,Lone parent family: Total,14,10,4
S01009063,Lone parent family: Parent working,14,10,4
S01009063,Lone parent family: Parent not working,0,0,0
S01009064,All parents aged 16 and over with dependent children,123,76,47
S01009064,Couple family: Total,94,60,34
S01009064,Couple family: Both parents working,70,48,22
S01009064,Couple family: One parent working,16,4,12
S01009064,Couple family: No parents working,8,8,0
S01009064,Lone parent family: Total,29,16,13
S01009064,Lone parent family: Parent working,19,12,7
S01009064,Lone parent family: Parent not working,10,4,6
S01009065,All parents aged 16 and over with dependent children,149,75,74
S01009065,Couple family: Total,96,46,50
S01009065,Couple family: Both parents working,66,36,30
S01009065,Couple family: One parent working,20,6,14
S01009065,Couple family: No parents working,10,4,6
S01009065,Lone parent family: Total,53,29,24
S01009065,Lone parent family: Parent working,25,13,12
S01009065,Lone parent family: Parent not working,28,16,12
S01009066,All parents aged 16 and over with dependent children,112,59,53
S01009066,Couple family: Total,94,50,44
S01009066,Couple family: Both parents working,64,36,28
S01009066,Couple family: One parent working,22,10,12
S01009066,Couple family: No parents working,8,4,4
S01009066,Lone parent family: Total,18,9,9
S01009066,Lone parent family: Parent working,13,7,6
S01009066,Lone parent family: Parent not working,5,2,3
S01009067,All parents aged 16 and over with dependent children,256,104,152
S01009067,Couple family: Total,246,98,148
S01009067,Couple family: Both parents working,204,86,118
S01009067,Couple family: One parent working,38,12,26
S01009067,Couple family: No parents working,4,0,4
S01009067,Lone parent family: Total,10,6,4
S01009067,Lone parent family: Parent working,9,6,3
S01009067,Lone parent family: Parent not working,1,0,1
S01009068,All parents aged 16 and over with dependent children,183,101,82
S01009068,Couple family: Total,136,68,68
S01009068,Couple family: Both parents working,102,54,48
S01009068,Couple family: One parent working,24,10,14
S01009068,Couple family: No parents working,10,4,6
S01009068,Lone parent family: Total,47,33,14
S01009068,Lone parent family: Parent working,29,19,10
S01009068,Lone parent family: Parent not working,18,14,4
S01009069,All parents aged 16 and over with dependent children,140,67,73
S01009069,Couple family: Total,132,62,70
S01009069,Couple family: Both parents working,112,56,56
S01009069,Couple family: One parent working,18,6,12
S01009069,Couple family: No parents working,2,0,2
S01009069,Lone parent family: Total,8,5,3
S01009069,Lone parent family: Parent working,7,5,2
S01009069,Lone parent family: Parent not working,1,0,1
S01009070,All parents aged 16 and over with dependent children,129,68,61
S01009070,Couple family: Total,112,58,54
S01009070,Couple family: Both parents working,90,52,38
S01009070,Couple family: One parent working,20,6,14
S01009070,Couple family: No parents working,2,0,2
S01009070,Lone parent family: Total,17,10,7
S01009070,Lone parent family: Parent working,11,5,6
S01009070,Lone parent family: Parent not working,6,5,1
S01009071,All parents aged 16 and over with dependent children,112,60,52
S01009071,Couple family: Total,94,48,46
S01009071,Couple family: Both parents working,68,36,32
S01009071,Couple family: One parent working,24,12,12
S01009071,Couple family: No parents working,2,0,2
S01009071,Lone parent family: Total,18,12,6
S01009071,Lone parent family: Parent working,13,9,4
S01009071,Lone parent family: Parent not working,5,3,2
S01009072,All parents aged 16 and over with dependent children,148,78,70
S01009072,Couple family: Total,134,66,68
S01009072,Couple family: Both parents working,100,46,54
S01009072,Couple family: One parent working,32,20,12
S01009072,Couple family: No parents working,2,0,2
S01009072,Lone parent family: Total,14,12,2
S01009072,Lone parent family: Parent working,10,8,2
S01009072,Lone parent family: Parent not working,4,4,0
S01009073,All parents aged 16 and over with dependent children,118,63,55
S01009073,Couple family: Total,78,44,34
S01009073,Couple family: Both parents working,52,26,26
S01009073,Couple family: One parent working,16,12,4
S01009073,Couple family: No parents working,10,6,4
S01009073,Lone parent family: Total,40,19,21
S01009073,Lone parent family: Parent working,26,14,12
S01009073,Lone parent family: Parent not working,14,5,9
S01009074,All parents aged 16 and over with dependent children,143,63,80
S01009074,Couple family: Total,100,38,62
S01009074,Couple family: Both parents working,54,20,34
S01009074,Couple family: One parent working,38,18,20
S01009074,Couple family: No parents working,8,0,8
S01009074,Lone parent family: Total,43,25,18
S01009074,Lone parent family: Parent working,22,12,10
S01009074,Lone parent family: Parent not working,21,13,8
S01009075,All parents aged 16 and over with dependent children,97,50,47
S01009075,Couple family: Total,80,40,40
S01009075,Couple family: Both parents working,52,26,26
S01009075,Couple family: One parent working,20,10,10
S01009075,Couple family: No parents working,8,4,4
S01009075,Lone parent family: Total,17,10,7
S01009075,Lone parent family: Parent working,9,5,4
S01009075,Lone parent family: Parent not working,8,5,3
S01009076,All parents aged 16 and over with dependent children,203,114,89
S01009076,Couple family: Total,188,100,88
S01009076,Couple family: Both parents working,146,72,74
S01009076,Couple family: One parent working,38,28,10
S01009076,Couple family: No parents working,4,0,4
S01009076,Lone parent family: Total,15,14,1
S01009076,Lone parent family: Parent working,14,13,1
S01009076,Lone parent family: Parent not working,1,1,0
S01009077,All parents aged 16 and over with dependent children,131,63,68
S01009077,Couple family: Total,114,52,62
S01009077,Couple family: Both parents working,82,42,40
S01009077,Couple family: One parent working,26,6,20
S01009077,Couple family: No parents working,6,4,2
S01009077,Lone parent family: Total,17,11,6
S01009077,Lone parent family: Parent working,9,7,2
S01009077,Lone parent family: Parent not working,8,4,4
S01009078,All parents aged 16 and over with dependent children,269,98,171
S01009078,Couple family: Total,254,90,164
S01009078,Couple family: Both parents working,200,78,122
S01009078,Couple family: One parent working,48,12,36
S01009078,Couple family: No parents working,6,0,6
S01009078,Lone parent family: Total,15,8,7
S01009078,Lone parent family: Parent working,14,7,7
S01009078,Lone parent family: Parent not working,1,1,0
S01009079,All parents aged 16 and over with dependent children,137,68,69
S01009079,Couple family: Total,102,46,56
S01009079,Couple family: Both parents working,66,32,34
S01009079,Couple family: One parent working,30,10,20
S01009079,Couple family: No parents working,6,4,2
S01009079,Lone parent family: Total,35,22,13
S01009079,Lone parent family: Parent working,20,15,5
S01009079,Lone parent family: Parent not working,15,7,8
S01009080,All parents aged 16 and over with dependent children,164,84,80
S01009080,Couple family: Total,108,50,58
S01009080,Couple family: Both parents working,72,38,34
S01009080,Couple family: One parent working,26,10,16
S01009080,Couple family: No parents working,10,2,8
S01009080,Lone parent family: Total,56,34,22
S01009080,Lone parent family: Parent working,31,19,12
S01009080,Lone parent family: Parent not working,25,15,10
S01009081,All parents aged 16 and over with dependent children,119,67,52
S01009081,Couple family: Total,108,60,48
S01009081,Couple family: Both parents working,94,60,34
S01009081,Couple family: One parent working,12,0,12
S01009081,Couple family: No parents working,2,0,2
S01009081,Lone parent family: Total,11,7,4
S01009081,Lone parent family: Parent working,9,6,3
S01009081,Lone parent family: Parent not working,2,1,1
S01009082,All parents aged 16 and over with dependent children,204,101,103
S01009082,Couple family: Total,162,70,92
S01009082,Couple family: Both parents working,104,48,56
S01009082,Couple family: One parent working,44,18,26
S01009082,Couple family: No parents working,14,4,10
S01009082,Lone parent family: Total,42,31,11
S01009082,Lone parent family: Parent working,22,19,3
S01009082,Lone parent family: Parent not working,20,12,8
S01009083,All parents aged 16 and over with dependent children,156,68,88
S01009083,Couple family: Total,118,46,72
S01009083,Couple family: Both parents working,84,32,52
S01009083,Couple family: One parent working,24,8,16
S01009083,Couple family: No parents working,10,6,4
S01009083,Lone parent family: Total,38,22,16
S01009083,Lone parent family: Parent working,21,11,10
S01009083,Lone parent family: Parent not working,17,11,6
S01009084,All parents aged 16 and over with dependent children,148,59,89
S01009084,Couple family: Total,136,52,84
S01009084,Couple family: Both parents working,102,48,54
S01009084,Couple family: One parent working,30,4,26
S01009084,Couple family: No parents working,4,0,4
S01009084,Lone parent family: Total,12,7,5
S01009084,Lone parent family: Parent working,10,7,3
S01009084,Lone parent family: Parent not working,2,0,2
S01009085,All parents aged 16 and over with dependent children,301,121,180
S01009085,Couple family: Total,290,114,176
S01009085,Couple family: Both parents working,258,106,152
S01009085,Couple family: One parent working,28,8,20
S01009085,Couple family: No parents working,4,0,4
S01009085,Lone parent family: Total,11,7,4
S01009085,Lone parent family: Parent working,8,6,2
S01009085,Lone parent family: Parent not working,3,1,2
S01009086,All parents aged 16 and over with dependent children,171,88,83
S01009086,Couple family: Total,138,62,76
S01009086,Couple family: Both parents working,116,58,58
S01009086,Couple family: One parent working,20,2,18
S01009086,Couple family: No parents working,2,2,0
S01009086,Lone parent family: Total,33,26,7
S01009086,Lone parent family: Parent working,21,16,5
S01009086,Lone parent family: Parent not working,12,10,2
S01009087,All parents aged 16 and over with dependent children,116,64,52
S01009087,Couple family: Total,88,46,42
S01009087,Couple family: Both parents working,64,34,30
S01009087,Couple family: One parent working,16,8,8
S01009087,Couple family: No parents working,8,4,4
S01009087,Lone parent family: Total,28,18,10
S01009087,Lone parent family: Parent working,13,9,4
S01009087,Lone parent family: Parent not working,15,9,6
S01009088,All parents aged 16 and over with dependent children,217,92,125
S01009088,Couple family: Total,206,86,120
S01009088,Couple family: Both parents working,158,72,86
S01009088,Couple family: One parent working,40,14,26
S01009088,Couple family: No parents working,8,0,8
S01009088,Lone parent family: Total,11,6,5
S01009088,Lone parent family: Parent working,5,3,2
S01009088,Lone parent family: Parent not working,6,3,3
S01009089,All parents aged 16 and over with dependent children,354,140,214
S01009089,Couple family: Total,342,134,208
S01009089,Couple family: Both parents working,284,108,176
S01009089,Couple family: One parent working,52,22,30
S01009089,Couple family: No parents working,6,4,2
S01009089,Lone parent family: Total,12,6,6
S01009089,Lone parent family: Parent working,12,6,6
S01009089,Lone parent family: Parent not working,0,0,0
S01009090,All parents aged 16 and over with dependent children,205,91,114
S01009090,Couple family: Total,190,84,106
S01009090,Couple family: Both parents working,166,74,92
S01009090,Couple family: One parent working,24,10,14
S01009090,Couple family: No parents working,0,0,0
S01009090,Lone parent family: Total,15,7,8
S01009090,Lone parent family: Parent working,12,4,8
S01009090,Lone parent family: Parent not working,3,3,0
S01009091,All parents aged 16 and over with dependent children,262,75,187
S01009091,Couple family: Total,250,66,184
S01009091,Couple family: Both parents working,204,48,156
S01009091,Couple family: One parent working,44,16,28
S01009091,Couple family: No parents working,2,2,0
S01009091,Lone parent family: Total,12,9,3
S01009091,Lone parent family: Parent working,10,7,3
S01009091,Lone parent family: Parent not working,2,2,0
S01009092,All parents aged 16 and over with dependent children,218,126,92
S01009092,Couple family: Total,182,104,78
S01009092,Couple family: Both parents working,132,70,62
S01009092,Couple family: One parent working,42,26,16
S01009092,Couple family: No parents working,8,8,0
S01009092,Lone parent family: Total,36,22,14
S01009092,Lone parent family: Parent working,26,19,7
S01009092,Lone parent family: Parent not working,10,3,7
S01009093,All parents aged 16 and over with dependent children,190,100,90
S01009093,Couple family: Total,136,60,76
S01009093,Couple family: Both parents working,84,38,46
S01009093,Couple family: One parent working,46,20,26
S01009093,Couple family: No parents working,6,2,4
S01009093,Lone parent family: Total,54,40,14
S01009093,Lone parent family: Parent working,34,27,7
S01009093,Lone parent family: Parent not working,20,13,7
S01009094,All parents aged 16 and over with dependent children,128,52,76
S01009094,Couple family: Total,118,46,72
S01009094,Couple family: Both parents working,94,40,54
S01009094,Couple family: One parent working,20,6,14
S01009094,Couple family: No parents working,4,0,4
S01009094,Lone parent family: Total,10,6,4
S01009094,Lone parent family: Parent working,9,5,4
S01009094,Lone parent family: Parent not working,1,1,0
S01009095,All parents aged 16 and over with dependent children,154,76,78
S01009095,Couple family: Total,140,70,70
S01009095,Couple family: Both parents working,108,48,60
S01009095,Couple family: One parent working,28,18,10
S01009095,Couple family: No parents working,4,4,0
S01009095,Lone parent family: Total,14,6,8
S01009095,Lone parent family: Parent working,12,4,8
S01009095,Lone parent family: Parent not working,2,2,0
S01009096,All parents aged 16 and over with dependent children,273,128,145
S01009096,Couple family: Total,246,112,134
S01009096,Couple family: Both parents working,212,98,114
S01009096,Couple family: One parent working,26,8,18
S01009096,Couple family: No parents working,8,6,2
S01009096,Lone parent family: Total,27,16,11
S01009096,Lone parent family: Parent working,21,11,10
S01009096,Lone parent family: Parent not working,6,5,1
S01009097,All parents aged 16 and over with dependent children,265,112,153
S01009097,Couple family: Total,254,104,150
S01009097,Couple family: Both parents working,198,84,114
S01009097,Couple family: One parent working,52,16,36
S01009097,Couple family: No parents working,4,4,0
S01009097,Lone parent family: Total,11,8,3
S01009097,Lone parent family: Parent working,9,7,2
S01009097,Lone parent family: Parent not working,2,1,1
S01009098,All parents aged 16 and over with dependent children,114,35,79
S01009098,Couple family: Total,110,34,76
S01009098,Couple family: Both parents working,82,22,60
S01009098,Couple family: One parent working,22,10,12
S01009098,Couple family: No parents working,6,2,4
S01009098,Lone parent family: Total,4,1,3
S01009098,Lone parent family: Parent working,3,1,2
S01009098,Lone parent family: Parent not working,1,0,1
S01009099,All parents aged 16 and over with dependent children,128,73,55
S01009099,Couple family: Total,112,60,52
S01009099,Couple family: Both parents working,96,50,46
S01009099,Couple family: One parent working,12,8,4
S01009099,Couple family: No parents working,4,2,2
S01009099,Lone parent family: Total,16,13,3
S01009099,Lone parent family: Parent working,14,12,2
S01009099,Lone parent family: Parent not working,2,1,1
S01009100,All parents aged 16 and over with dependent children,141,87,54
S01009100,Couple family: Total,92,54,38
S01009100,Couple family: Both parents working,62,38,24
S01009100,Couple family: One parent working,24,12,12
S01009100,Couple family: No parents working,6,4,2
S01009100,Lone parent family: Total,49,33,16
S01009100,Lone parent family: Parent working,34,26,8
S01009100,Lone parent family: Parent not working,15,7,8
S01009101,All parents aged 16 and over with dependent children,178,85,93
S01009101,Couple family: Total,140,72,68
S01009101,Couple family: Both parents working,84,44,40
S01009101,Couple family: One parent working,38,22,16
S01009101,Couple family: No parents working,18,6,12
S01009101,Lone parent family: Total,38,13,25
S01009101,Lone parent family: Parent working,20,8,12
S01009101,Lone parent family: Parent not working,18,5,13
S01009102,All parents aged 16 and over with dependent children,212,96,116
S01009102,Couple family: Total,148,64,84
S01009102,Couple family: Both parents working,80,40,40
S01009102,Couple family: One parent working,46,20,26
S01009102,Couple family: No parents working,22,4,18
S01009102,Lone parent family: Total,64,32,32
S01009102,Lone parent family: Parent working,30,19,11
S01009102,Lone parent family: Parent not working,34,13,21
S01009103,All parents aged 16 and over with dependent children,121,65,56
S01009103,Couple family: Total,110,58,52
S01009103,Couple family: Both parents working,80,44,36
S01009103,Couple family: One parent working,24,12,12
S01009103,Couple family: No parents working,6,2,4
S01009103,Lone parent family: Total,11,7,4
S01009103,Lone parent family: Parent working,6,2,4
S01009103,Lone parent family: Parent not working,5,5,0
S01009104,All parents aged 16 and over with dependent children,162,85,77
S01009104,Couple family: Total,130,64,66
S01009104,Couple family: Both parents working,100,50,50
S01009104,Couple family: One parent working,26,10,16
S01009104,Couple family: No parents working,4,4,0
S01009104,Lone parent family: Total,32,21,11
S01009104,Lone parent family: Parent working,22,15,7
S01009104,Lone parent family: Parent not working,10,6,4
S01009105,All parents aged 16 and over with dependent children,185,86,99
S01009105,Couple family: Total,158,68,90
S01009105,Couple family: Both parents working,114,54,60
S01009105,Couple family: One parent working,44,14,30
S01009105,Couple family: No parents working,0,0,0
S01009105,Lone parent family: Total,27,18,9
S01009105,Lone parent family: Parent working,23,15,8
S01009105,Lone parent family: Parent not working,4,3,1
S01009106,All parents aged 16 and over with dependent children,117,69,48
S01009106,Couple family: Total,102,60,42
S01009106,Couple family: Both parents working,76,50,26
S01009106,Couple family: One parent working,18,8,10
S01009106,Couple family: No parents working,8,2,6
S01009106,Lone parent family: Total,15,9,6
S01009106,Lone parent family: Parent working,12,8,4
S01009106,Lone parent family: Parent not working,3,1,2
S01009107,All parents aged 16 and over with dependent children,216,97,119
S01009107,Couple family: Total,198,88,110
S01009107,Couple family: Both parents working,166,80,86
S01009107,Couple family: One parent working,32,8,24
S01009107,Couple family: No parents working,0,0,0
S01009107,Lone parent family: Total,18,9,9
S01009107,Lone parent family: Parent working,14,8,6
S01009107,Lone parent family: Parent not working,4,1,3
S01009108,All parents aged 16 and over with dependent children,129,56,73
S01009108,Couple family: Total,118,50,68
S01009108,Couple family: Both parents working,98,44,54
S01009108,Couple family: One parent working,20,6,14
S01009108,Couple family: No parents working,0,0,0
S01009108,Lone parent family: Total,11,6,5
S01009108,Lone parent family: Parent working,11,6,5
S01009108,Lone parent family: Parent not working,0,0,0
S01009109,All parents aged 16 and over with dependent children,156,85,71
S01009109,Couple family: Total,146,78,68
S01009109,Couple family: Both parents working,124,72,52
S01009109,Couple family: One parent working,20,4,16
S01009109,Couple family: No parents working,2,2,0
S01009109,Lone parent family: Total,10,7,3
S01009109,Lone parent family: Parent working,7,5,2
S01009109,Lone parent family: Parent not working,3,2,1
S01009110,All parents aged 16 and over with dependent children,126,53,73
S01009110,Couple family: Total,112,48,64
S01009110,Couple family: Both parents working,86,36,50
S01009110,Couple family: One parent working,22,10,12
S01009110,Couple family: No parents working,4,2,2
S01009110,Lone parent family: Total,14,5,9
S01009110,Lone parent family: Parent working,9,3,6
S01009110,Lone parent family: Parent not working,5,2,3
S01009111,All parents aged 16 and over with dependent children,195,108,87
S01009111,Couple family: Total,164,88,76
S01009111,Couple family: Both parents working,140,70,70
S01009111,Couple family: One parent working,22,16,6
S01009111,Couple family: No parents working,2,2,0
S01009111,Lone parent family: Total,31,20,11
S01009111,Lone parent family: Parent working,18,9,9
S01009111,Lone parent family: Parent not working,13,11,2
S01009112,All parents aged 16 and over with dependent children,124,66,58
S01009112,Couple family: Total,120,64,56
S01009112,Couple family: Both parents working,98,52,46
S01009112,Couple family: One parent working,20,10,10
S01009112,Couple family: No parents working,2,2,0
S01009112,Lone parent family: Total,4,2,2
S01009112,Lone parent family: Parent working,4,2,2
S01009112,Lone parent family: Parent not working,0,0,0
S01009113,All parents aged 16 and over with dependent children,183,93,90
S01009113,Couple family: Total,164,80,84
S01009113,Couple family: Both parents working,134,66,68
S01009113,Couple family: One parent working,28,12,16
S01009113,Couple family: No parents working,2,2,0
S01009113,Lone parent family: Total,19,13,6
S01009113,Lone parent family: Parent working,18,12,6
S01009113,Lone parent family: Parent not working,1,1,0
S01009114,All parents aged 16 and over with dependent children,207,98,109
S01009114,Couple family: Total,178,82,96
S01009114,Couple family: Both parents working,154,76,78
S01009114,Couple family: One parent working,20,4,16
S01009114,Couple family: No parents working,4,2,2
S01009114,Lone parent family: Total,29,16,13
S01009114,Lone parent family: Parent working,22,13,9
S01009114,Lone parent family: Parent not working,7,3,4
S01009115,All parents aged 16 and over with dependent children,145,82,63
S01009115,Couple family: Total,122,66,56
S01009115,Couple family: Both parents working,114,58,56
S01009115,Couple family: One parent working,8,8,0
S01009115,Couple family: No parents working,0,0,0
S01009115,Lone parent family: Total,23,16,7
S01009115,Lone parent family: Parent working,14,9,5
S01009115,Lone parent family: Parent not working,9,7,2
S01009116,All parents aged 16 and over with dependent children,87,30,57
S01009116,Couple family: Total,80,26,54
S01009116,Couple family: Both parents working,74,26,48
S01009116,Couple family: One parent working,6,0,6
S01009116,Couple family: No parents working,0,0,0
S01009116,Lone parent family: Total,7,4,3
S01009116,Lone parent family: Parent working,4,3,1
S01009116,Lone parent family: Parent not working,3,1,2
S01009117,All parents aged 16 and over with dependent children,224,118,106
S01009117,Couple family: Total,178,84,94
S01009117,Couple family: Both parents working,150,76,74
S01009117,Couple family: One parent working,20,6,14
S01009117,Couple family: No parents working,8,2,6
S01009117,Lone parent family: Total,46,34,12
S01009117,Lone parent family: Parent working,29,22,7
S01009117,Lone parent family: Parent not working,17,12,5
S01009118,All parents aged 16 and over with dependent children,205,97,108
S01009118,Couple family: Total,194,94,100
S01009118,Couple family: Both parents working,174,84,90
S01009118,Couple family: One parent working,16,10,6
S01009118,Couple family: No parents working,4,0,4
S01009118,Lone parent family: Total,11,3,8
S01009118,Lone parent family: Parent working,8,1,7
S01009118,Lone parent family: Parent not working,3,2,1
S01009119,All parents aged 16 and over with dependent children,157,65,92
S01009119,Couple family: Total,126,44,82
S01009119,Couple family: Both parents working,74,32,42
S01009119,Couple family: One parent working,40,10,30
S01009119,Couple family: No parents working,12,2,10
S01009119,Lone parent family: Total,31,21,10
S01009119,Lone parent family: Parent working,17,11,6
S01009119,Lone parent family: Parent not working,14,10,4
S01009120,All parents aged 16 and over with dependent children,107,67,40
S01009120,Couple family: Total,86,52,34
S01009120,Couple family: Both parents working,66,40,26
S01009120,Couple family: One parent working,12,8,4
S01009120,Couple family: No parents working,8,4,4
S01009120,Lone parent family: Total,21,15,6
S01009120,Lone parent family: Parent working,9,7,2
S01009120,Lone parent family: Parent not working,12,8,4
S01009121,All parents aged 16 and over with dependent children,149,86,63
S01009121,Couple family: Total,118,60,58
S01009121,Couple family: Both parents working,94,54,40
S01009121,Couple family: One parent working,18,4,14
S01009121,Couple family: No parents working,6,2,4
S01009121,Lone parent family: Total,31,26,5
S01009121,Lone parent family: Parent working,23,19,4
S01009121,Lone parent family: Parent not working,8,7,1
S01009122,All parents aged 16 and over with dependent children,162,72,90
S01009122,Couple family: Total,136,54,82
S01009122,Couple family: Both parents working,86,40,46
S01009122,Couple family: One parent working,40,10,30
S01009122,Couple family: No parents working,10,4,6
S01009122,Lone parent family: Total,26,18,8
S01009122,Lone parent family: Parent working,17,12,5
S01009122,Lone parent family: Parent not working,9,6,3
S01009123,All parents aged 16 and over with dependent children,185,112,73
S01009123,Couple family: Total,168,102,66
S01009123,Couple family: Both parents working,126,80,46
S01009123,Couple family: One parent working,36,18,18
S01009123,Couple family: No parents working,6,4,2
S01009123,Lone parent family: Total,17,10,7
S01009123,Lone parent family: Parent working,16,10,6
S01009123,Lone parent family: Parent not working,1,0,1
S01009124,All parents aged 16 and over with dependent children,179,70,109
S01009124,Couple family: Total,152,56,96
S01009124,Couple family: Both parents working,122,46,76
S01009124,Couple family: One parent working,28,8,20
S01009124,Couple family: No parents working,2,2,0
S01009124,Lone parent family: Total,27,14,13
S01009124,Lone parent family: Parent working,22,12,10
S01009124,Lone parent family: Parent not working,5,2,3
S01009125,All parents aged 16 and over with dependent children,117,66,51
S01009125,Couple family: Total,94,52,42
S01009125,Couple family: Both parents working,68,42,26
S01009125,Couple family: One parent working,24,8,16
S01009125,Couple family: No parents working,2,2,0
S01009125,Lone parent family: Total,23,14,9
S01009125,Lone parent family: Parent working,18,13,5
S01009125,Lone parent family: Parent not working,5,1,4
S01009126,All parents aged 16 and over with dependent children,141,88,53
S01009126,Couple family: Total,94,54,40
S01009126,Couple family: Both parents working,50,28,22
S01009126,Couple family: One parent working,28,18,10
S01009126,Couple family: No parents working,16,8,8
S01009126,Lone parent family: Total,47,34,13
S01009126,Lone parent family: Parent working,22,17,5
S01009126,Lone parent family: Parent not working,25,17,8
S01009127,All parents aged 16 and over with dependent children,164,83,81
S01009127,Couple family: Total,106,44,62
S01009127,Couple family: Both parents working,48,26,22
S01009127,Couple family: One parent working,46,18,28
S01009127,Couple family: No parents working,12,0,12
S01009127,Lone parent family: Total,58,39,19
S01009127,Lone parent family: Parent working,28,21,7
S01009127,Lone parent family: Parent not working,30,18,12
S01009128,All parents aged 16 and over with dependent children,132,96,36
S01009128,Couple family: Total,78,58,20
S01009128,Couple family: Both parents working,48,42,6
S01009128,Couple family: One parent working,20,10,10
S01009128,Couple family: No parents working,10,6,4
S01009128,Lone parent family: Total,54,38,16
S01009128,Lone parent family: Parent working,23,17,6
S01009128,Lone parent family: Parent not working,31,21,10
S01009129,All parents aged 16 and over with dependent children,97,45,52
S01009129,Couple family: Total,72,32,40
S01009129,Couple family: Both parents working,44,24,20
S01009129,Couple family: One parent working,14,6,8
S01009129,Couple family: No parents working,14,2,12
S01009129,Lone parent family: Total,25,13,12
S01009129,Lone parent family: Parent working,14,10,4
S01009129,Lone parent family: Parent not working,11,3,8
S01009130,All parents aged 16 and over with dependent children,178,80,98
S01009130,Couple family: Total,150,64,86
S01009130,Couple family: Both parents working,100,48,52
S01009130,Couple family: One parent working,42,12,30
S01009130,Couple family: No parents working,8,4,4
S01009130,Lone parent family: Total,28,16,12
S01009130,Lone parent family: Parent working,16,12,4
S01009130,Lone parent family: Parent not working,12,4,8
S01009131,All parents aged 16 and over with dependent children,88,65,23
S01009131,Couple family: Total,60,40,20
S01009131,Couple family: Both parents working,54,38,16
S01009131,Couple family: One parent working,4,2,2
S01009131,Couple family: No parents working,2,0,2
S01009131,Lone parent family: Total,28,25,3
S01009131,Lone parent family: Parent working,15,12,3
S01009131,Lone parent family: Parent not working,13,13,0
S01009132,All parents aged 16 and over with dependent children,223,109,114
S01009132,Couple family: Total,190,84,106
S01009132,Couple family: Both parents working,152,72,80
S01009132,Couple family: One parent working,22,4,18
S01009132,Couple family: No parents working,16,8,8
S01009132,Lone parent family: Total,33,25,8
S01009132,Lone parent family: Parent working,19,16,3
S01009132,Lone parent family: Parent not working,14,9,5
S01009133,All parents aged 16 and over with dependent children,109,70,39
S01009133,Couple family: Total,82,52,30
S01009133,Couple family: Both parents working,46,36,10
S01009133,Couple family: One parent working,26,10,16
S01009133,Couple family: No parents working,10,6,4
S01009133,Lone parent family: Total,27,18,9
S01009133,Lone parent family: Parent working,14,9,5
S01009133,Lone parent family: Parent not working,13,9,4
S01009134,All parents aged 16 and over with dependent children,197,108,89
S01009134,Couple family: Total,170,92,78
S01009134,Couple family: Both parents working,128,76,52
S01009134,Couple family: One parent working,36,12,24
S01009134,Couple family: No parents working,6,4,2
S01009134,Lone parent family: Total,27,16,11
S01009134,Lone parent family: Parent working,17,11,6
S01009134,Lone parent family: Parent not working,10,5,5
S01009135,All parents aged 16 and over with dependent children,144,65,79
S01009135,Couple family: Total,132,58,74
S01009135,Couple family: Both parents working,110,46,64
S01009135,Couple family: One parent working,18,12,6
S01009135,Couple family: No parents working,4,0,4
S01009135,Lone parent family: Total,12,7,5
S01009135,Lone parent family: Parent working,9,6,3
S01009135,Lone parent family: Parent not working,3,1,2
S01009136,All parents aged 16 and over with dependent children,196,88,108
S01009136,Couple family: Total,184,80,104
S01009136,Couple family: Both parents working,144,66,78
S01009136,Couple family: One parent working,36,14,22
S01009136,Couple family: No parents working,4,0,4
S01009136,Lone parent family: Total,12,8,4
S01009136,Lone parent family: Parent working,6,2,4
S01009136,Lone parent family: Parent not working,6,6,0
S01009137,All parents aged 16 and over with dependent children,209,89,120
S01009137,Couple family: Total,198,84,114
S01009137,Couple family: Both parents working,160,74,86
S01009137,Couple family: One parent working,38,10,28
S01009137,Couple family: No parents working,0,0,0
S01009137,Lone parent family: Total,11,5,6
S01009137,Lone parent family: Parent working,11,5,6
S01009137,Lone parent family: Parent not working,0,0,0
S01009138,All parents aged 16 and over with dependent children,195,105,90
S01009138,Couple family: Total,182,94,88
S01009138,Couple family: Both parents working,146,82,64
S01009138,Couple family: One parent working,26,8,18
S01009138,Couple family: No parents working,10,4,6
S01009138,Lone parent family: Total,13,11,2
S01009138,Lone parent family: Parent working,10,8,2
S01009138,Lone parent family: Parent not working,3,3,0
S01009139,All parents aged 16 and over with dependent children,68,44,24
S01009139,Couple family: Total,42,24,18
S01009139,Couple family: Both parents working,28,12,16
S01009139,Couple family: One parent working,6,4,2
S01009139,Couple family: No parents working,8,8,0
S01009139,Lone parent family: Total,26,20,6
S01009139,Lone parent family: Parent working,19,14,5
S01009139,Lone parent family: Parent not working,7,6,1
S01009140,All parents aged 16 and over with dependent children,108,66,42
S01009140,Couple family: Total,82,46,36
S01009140,Couple family: Both parents working,52,34,18
S01009140,Couple family: One parent working,28,12,16
S01009140,Couple family: No parents working,2,0,2
S01009140,Lone parent family: Total,26,20,6
S01009140,Lone parent family: Parent working,18,15,3
S01009140,Lone parent family: Parent not working,8,5,3
S01009141,All parents aged 16 and over with dependent children,122,65,57
S01009141,Couple family: Total,96,46,50
S01009141,Couple family: Both parents working,72,36,36
S01009141,Couple family: One parent working,22,8,14
S01009141,Couple family: No parents working,2,2,0
S01009141,Lone parent family: Total,26,19,7
S01009141,Lone parent family: Parent working,14,10,4
S01009141,Lone parent family: Parent not working,12,9,3
S01009142,All parents aged 16 and over with dependent children,67,36,31
S01009142,Couple family: Total,54,26,28
S01009142,Couple family: Both parents working,32,16,16
S01009142,Couple family: One parent working,18,10,8
S01009142,Couple family: No parents working,4,0,4
S01009142,Lone parent family: Total,13,10,3
S01009142,Lone parent family: Parent working,7,6,1
S01009142,Lone parent family: Parent not working,6,4,2
S01009143,All parents aged 16 and over with dependent children,110,65,45
S01009143,Couple family: Total,72,46,26
S01009143,Couple family: Both parents working,50,30,20
S01009143,Couple family: One parent working,18,14,4
S01009143,Couple family: No parents working,4,2,2
S01009143,Lone parent family: Total,38,19,19
S01009143,Lone parent family: Parent working,22,14,8
S01009143,Lone parent family: Parent not working,16,5,11
S01009144,All parents aged 16 and over with dependent children,148,78,70
S01009144,Couple family: Total,124,60,64
S01009144,Couple family: Both parents working,100,48,52
S01009144,Couple family: One parent working,16,12,4
S01009144,Couple family: No parents working,8,0,8
S01009144,Lone parent family: Total,24,18,6
S01009144,Lone parent family: Parent working,19,14,5
S01009144,Lone parent family: Parent not working,5,4,1
S01009145,All parents aged 16 and over with dependent children,206,111,95
S01009145,Couple family: Total,164,76,88
S01009145,Couple family: Both parents working,122,60,62
S01009145,Couple family: One parent working,34,12,22
S01009145,Couple family: No parents working,8,4,4
S01009145,Lone parent family: Total,42,35,7
S01009145,Lone parent family: Parent working,31,26,5
S01009145,Lone parent family: Parent not working,11,9,2
S01009146,All parents aged 16 and over with dependent children,181,104,77
S01009146,Couple family: Total,138,72,66
S01009146,Couple family: Both parents working,84,46,38
S01009146,Couple family: One parent working,32,14,18
S01009146,Couple family: No parents working,22,12,10
S01009146,Lone parent family: Total,43,32,11
S01009146,Lone parent family: Parent working,26,21,5
S01009146,Lone parent family: Parent not working,17,11,6
S01009147,All parents aged 16 and over with dependent children,183,90,93
S01009147,Couple family: Total,126,56,70
S01009147,Couple family: Both parents working,60,26,34
S01009147,Couple family: One parent working,52,24,28
S01009147,Couple family: No parents working,14,6,8
S01009147,Lone parent family: Total,57,34,23
S01009147,Lone parent family: Parent working,32,18,14
S01009147,Lone parent family: Parent not working,25,16,9
S01009148,All parents aged 16 and over with dependent children,152,72,80
S01009148,Couple family: Total,116,52,64
S01009148,Couple family: Both parents working,64,34,30
S01009148,Couple family: One parent working,40,14,26
S01009148,Couple family: No parents working,12,4,8
S01009148,Lone parent family: Total,36,20,16
S01009148,Lone parent family: Parent working,17,12,5
S01009148,Lone parent family: Parent not working,19,8,11
S01009149,All parents aged 16 and over with dependent children,154,74,80
S01009149,Couple family: Total,136,62,74
S01009149,Couple family: Both parents working,108,52,56
S01009149,Couple family: One parent working,24,10,14
S01009149,Couple family: No parents working,4,0,4
S01009149,Lone parent family: Total,18,12,6
S01009149,Lone parent family: Parent working,15,11,4
S01009149,Lone parent family: Parent not working,3,1,2
S01009150,All parents aged 16 and over with dependent children,4,4,0
S01009150,Couple family: Total,4,4,0
S01009150,Couple family: Both parents working,0,0,0
S01009150,Couple family: One parent working,2,2,0
S01009150,Couple family: No parents working,2,2,0
S01009150,Lone parent family: Total,0,0,0
S01009150,Lone parent family: Parent working,0,0,0
S01009150,Lone parent family: Parent not working,0,0,0
S01009151,All parents aged 16 and over with dependent children,131,43,88
S01009151,Couple family: Total,112,34,78
S01009151,Couple family: Both parents working,88,28,60
S01009151,Couple family: One parent working,20,6,14
S01009151,Couple family: No parents working,4,0,4
S01009151,Lone parent family: Total,19,9,10
S01009151,Lone parent family: Parent working,14,6,8
S01009151,Lone parent family: Parent not working,5,3,2
S01009152,All parents aged 16 and over with dependent children,44,27,17
S01009152,Couple family: Total,26,14,12
S01009152,Couple family: Both parents working,14,10,4
S01009152,Couple family: One parent working,8,2,6
S01009152,Couple family: No parents working,4,2,2
S01009152,Lone parent family: Total,18,13,5
S01009152,Lone parent family: Parent working,11,9,2
S01009152,Lone parent family: Parent not working,7,4,3
S01009153,All parents aged 16 and over with dependent children,54,21,33
S01009153,Couple family: Total,48,16,32
S01009153,Couple family: Both parents working,34,16,18
S01009153,Couple family: One parent working,10,0,10
S01009153,Couple family: No parents working,4,0,4
S01009153,Lone parent family: Total,6,5,1
S01009153,Lone parent family: Parent working,5,4,1
S01009153,Lone parent family: Parent not working,1,1,0
S01009154,All parents aged 16 and over with dependent children,153,59,94
S01009154,Couple family: Total,148,58,90
S01009154,Couple family: Both parents working,108,40,68
S01009154,Couple family: One parent working,34,16,18
S01009154,Couple family: No parents working,6,2,4
S01009154,Lone parent family: Total,5,1,4
S01009154,Lone parent family: Parent working,4,1,3
S01009154,Lone parent family: Parent not working,1,0,1
S01009155,All parents aged 16 and over with dependent children,123,43,80
S01009155,Couple family: Total,114,36,78
S01009155,Couple family: Both parents working,80,18,62
S01009155,Couple family: One parent working,28,16,12
S01009155,Couple family: No parents working,6,2,4
S01009155,Lone parent family: Total,9,7,2
S01009155,Lone parent family: Parent working,5,5,0
S01009155,Lone parent family: Parent not working,4,2,2
S01009156,All parents aged 16 and over with dependent children,111,41,70
S01009156,Couple family: Total,100,38,62
S01009156,Couple family: Both parents working,82,30,52
S01009156,Couple family: One parent working,16,8,8
S01009156,Couple family: No parents working,2,0,2
S01009156,Lone parent family: Total,11,3,8
S01009156,Lone parent family: Parent working,7,2,5
S01009156,Lone parent family: Parent not working,4,1,3
S01009157,All parents aged 16 and over with dependent children,182,85,97
S01009157,Couple family: Total,144,64,80
S01009157,Couple family: Both parents working,112,56,56
S01009157,Couple family: One parent working,28,6,22
S01009157,Couple family: No parents working,4,2,2
S01009157,Lone parent family: Total,38,21,17
S01009157,Lone parent family: Parent working,27,14,13
S01009157,Lone parent family: Parent not working,11,7,4
S01009158,All parents aged 16 and over with dependent children,113,68,45
S01009158,Couple family: Total,82,44,38
S01009158,Couple family: Both parents working,66,40,26
S01009158,Couple family: One parent working,14,4,10
S01009158,Couple family: No parents working,2,0,2
S01009158,Lone parent family: Total,31,24,7
S01009158,Lone parent family: Parent working,22,18,4
S01009158,Lone parent family: Parent not working,9,6,3
S01009159,All parents aged 16 and over with dependent children,101,54,47
S01009159,Couple family: Total,54,26,28
S01009159,Couple family: Both parents working,26,16,10
S01009159,Couple family: One parent working,16,0,16
S01009159,Couple family: No parents working,12,10,2
S01009159,Lone parent family: Total,47,28,19
S01009159,Lone parent family: Parent working,28,19,9
S01009159,Lone parent family: Parent not working,19,9,10
S01009160,All parents aged 16 and over with dependent children,96,52,44
S01009160,Couple family: Total,68,36,32
S01009160,Couple family: Both parents working,46,32,14
S01009160,Couple family: One parent working,16,2,14
S01009160,Couple family: No parents working,6,2,4
S01009160,Lone parent family: Total,28,16,12
S01009160,Lone parent family: Parent working,13,9,4
S01009160,Lone parent family: Parent not working,15,7,8
S01009161,All parents aged 16 and over with dependent children,111,60,51
S01009161,Couple family: Total,70,40,30
S01009161,Couple family: Both parents working,44,24,20
S01009161,Couple family: One parent working,18,8,10
S01009161,Couple family: No parents working,8,8,0
S01009161,Lone parent family: Total,41,20,21
S01009161,Lone parent family: Parent working,21,13,8
S01009161,Lone parent family: Parent not working,20,7,13
S01009162,All parents aged 16 and over with dependent children,82,52,30
S01009162,Couple family: Total,64,36,28
S01009162,Couple family: Both parents working,46,28,18
S01009162,Couple family: One parent working,14,8,6
S01009162,Couple family: No parents working,4,0,4
S01009162,Lone parent family: Total,18,16,2
S01009162,Lone parent family: Parent working,12,10,2
S01009162,Lone parent family: Parent not working,6,6,0
S01009163,All parents aged 16 and over with dependent children,64,40,24
S01009163,Couple family: Total,50,30,20
S01009163,Couple family: Both parents working,40,24,16
S01009163,Couple family: One parent working,8,6,2
S01009163,Couple family: No parents working,2,0,2
S01009163,Lone parent family: Total,14,10,4
S01009163,Lone parent family: Parent working,9,7,2
S01009163,Lone parent family: Parent not working,5,3,2
S01009164,All parents aged 16 and over with dependent children,179,90,89
S01009164,Couple family: Total,146,74,72
S01009164,Couple family: Both parents working,88,50,38
S01009164,Couple family: One parent working,44,16,28
S01009164,Couple family: No parents working,14,8,6
S01009164,Lone parent family: Total,33,16,17
S01009164,Lone parent family: Parent working,18,11,7
S01009164,Lone parent family: Parent not working,15,5,10
S01009165,All parents aged 16 and over with dependent children,128,63,65
S01009165,Couple family: Total,92,40,52
S01009165,Couple family: Both parents working,44,18,26
S01009165,Couple family: One parent working,38,22,16
S01009165,Couple family: No parents working,10,0,10
S01009165,Lone parent family: Total,36,23,13
S01009165,Lone parent family: Parent working,12,8,4
S01009165,Lone parent family: Parent not working,24,15,9
S01009166,All parents aged 16 and over with dependent children,159,65,94
S01009166,Couple family: Total,110,38,72
S01009166,Couple family: Both parents working,54,22,32
S01009166,Couple family: One parent working,38,8,30
S01009166,Couple family: No parents working,18,8,10
S01009166,Lone parent family: Total,49,27,22
S01009166,Lone parent family: Parent working,26,13,13
S01009166,Lone parent family: Parent not working,23,14,9
S01009167,All parents aged 16 and over with dependent children,115,44,71
S01009167,Couple family: Total,88,34,54
S01009167,Couple family: Both parents working,46,24,22
S01009167,Couple family: One parent working,30,8,22
S01009167,Couple family: No parents working,12,2,10
S01009167,Lone parent family: Total,27,10,17
S01009167,Lone parent family: Parent working,13,6,7
S01009167,Lone parent family: Parent not working,14,4,10
S01009168,All parents aged 16 and over with dependent children,104,53,51
S01009168,Couple family: Total,98,50,48
S01009168,Couple family: Both parents working,78,36,42
S01009168,Couple family: One parent working,20,14,6
S01009168,Couple family: No parents working,0,0,0
S01009168,Lone parent family: Total,6,3,3
S01009168,Lone parent family: Parent working,5,2,3
S01009168,Lone parent family: Parent not working,1,1,0
S01009169,All parents aged 16 and over with dependent children,87,50,37
S01009169,Couple family: Total,62,36,26
S01009169,Couple family: Both parents working,46,24,22
S01009169,Couple family: One parent working,14,12,2
S01009169,Couple family: No parents working,2,0,2
S01009169,Lone parent family: Total,25,14,11
S01009169,Lone parent family: Parent working,13,7,6
S01009169,Lone parent family: Parent not working,12,7,5
S01009170,All parents aged 16 and over with dependent children,161,80,81
S01009170,Couple family: Total,126,60,66
S01009170,Couple family: Both parents working,82,50,32
S01009170,Couple family: One parent working,32,10,22
S01009170,Couple family: No parents working,12,0,12
S01009170,Lone parent family: Total,35,20,15
S01009170,Lone parent family: Parent working,23,13,10
S01009170,Lone parent family: Parent not working,12,7,5
S01009171,All parents aged 16 and over with dependent children,159,77,82
S01009171,Couple family: Total,128,54,74
S01009171,Couple family: Both parents working,90,42,48
S01009171,Couple family: One parent working,26,8,18
S01009171,Couple family: No parents working,12,4,8
S01009171,Lone parent family: Total,31,23,8
S01009171,Lone parent family: Parent working,12,12,0
S01009171,Lone parent family: Parent not working,19,11,8
S01009172,All parents aged 16 and over with dependent children,150,79,71
S01009172,Couple family: Total,148,78,70
S01009172,Couple family: Both parents working,118,66,52
S01009172,Couple family: One parent working,30,12,18
S01009172,Couple family: No parents working,0,0,0
S01009172,Lone parent family: Total,2,1,1
S01009172,Lone parent family: Parent working,2,1,1
S01009172,Lone parent family: Parent not working,0,0,0
S01009173,All parents aged 16 and over with dependent children,170,78,92
S01009173,Couple family: Total,152,64,88
S01009173,Couple family: Both parents working,120,50,70
S01009173,Couple family: One parent working,32,14,18
S01009173,Couple family: No parents working,0,0,0
S01009173,Lone parent family: Total,18,14,4
S01009173,Lone parent family: Parent working,15,12,3
S01009173,Lone parent family: Parent not working,3,2,1
S01009174,All parents aged 16 and over with dependent children,187,85,102
S01009174,Couple family: Total,184,84,100
S01009174,Couple family: Both parents working,148,64,84
S01009174,Couple family: One parent working,36,20,16
S01009174,Couple family: No parents working,0,0,0
S01009174,Lone parent family: Total,3,1,2
S01009174,Lone parent family: Parent working,3,1,2
S01009174,Lone parent family: Parent not working,0,0,0
S01009175,All parents aged 16 and over with dependent children,256,101,155
S01009175,Couple family: Total,236,90,146
S01009175,Couple family: Both parents working,208,76,132
S01009175,Couple family: One parent working,24,10,14
S01009175,Couple family: No parents working,4,4,0
S01009175,Lone parent family: Total,20,11,9
S01009175,Lone parent family: Parent working,19,10,9
S01009175,Lone parent family: Parent not working,1,1,0
S01009176,All parents aged 16 and over with dependent children,230,72,158
S01009176,Couple family: Total,222,68,154
S01009176,Couple family: Both parents working,184,56,128
S01009176,Couple family: One parent working,32,10,22
S01009176,Couple family: No parents working,6,2,4
S01009176,Lone parent family: Total,8,4,4
S01009176,Lone parent family: Parent working,7,3,4
S01009176,Lone parent family: Parent not working,1,1,0
S01009177,All parents aged 16 and over with dependent children,169,91,78
S01009177,Couple family: Total,110,54,56
S01009177,Couple family: Both parents working,60,34,26
S01009177,Couple family: One parent working,34,12,22
S01009177,Couple family: No parents working,16,8,8
S01009177,Lone parent family: Total,59,37,22
S01009177,Lone parent family: Parent working,34,23,11
S01009177,Lone parent family: Parent not working,25,14,11
S01009178,All parents aged 16 and over with dependent children,178,99,79
S01009178,Couple family: Total,116,60,56
S01009178,Couple family: Both parents working,66,38,28
S01009178,Couple family: One parent working,26,14,12
S01009178,Couple family: No parents working,24,8,16
S01009178,Lone parent family: Total,62,39,23
S01009178,Lone parent family: Parent working,30,19,11
S01009178,Lone parent family: Parent not working,32,20,12
S01009179,All parents aged 16 and over with dependent children,146,64,82
S01009179,Couple family: Total,114,42,72
S01009179,Couple family: Both parents working,78,28,50
S01009179,Couple family: One parent working,24,6,18
S01009179,Couple family: No parents working,12,8,4
S01009179,Lone parent family: Total,32,22,10
S01009179,Lone parent family: Parent working,18,15,3
S01009179,Lone parent family: Parent not working,14,7,7
S01009180,All parents aged 16 and over with dependent children,202,106,96
S01009180,Couple family: Total,158,74,84
S01009180,Couple family: Both parents working,112,58,54
S01009180,Couple family: One parent working,42,16,26
S01009180,Couple family: No parents working,4,0,4
S01009180,Lone parent family: Total,44,32,12
S01009180,Lone parent family: Parent working,22,13,9
S01009180,Lone parent family: Parent not working,22,19,3
S01009181,All parents aged 16 and over with dependent children,186,92,94
S01009181,Couple family: Total,144,64,80
S01009181,Couple family: Both parents working,100,50,50
S01009181,Couple family: One parent working,36,14,22
S01009181,Couple family: No parents working,8,0,8
S01009181,Lone parent family: Total,42,28,14
S01009181,Lone parent family: Parent working,26,18,8
S01009181,Lone parent family: Parent not working,16,10,6
S01009182,All parents aged 16 and over with dependent children,250,126,124
S01009182,Couple family: Total,218,106,112
S01009182,Couple family: Both parents working,158,82,76
S01009182,Couple family: One parent working,54,20,34
S01009182,Couple family: No parents working,6,4,2
S01009182,Lone parent family: Total,32,20,12
S01009182,Lone parent family: Parent working,19,12,7
S01009182,Lone parent family: Parent not working,13,8,5
S01009183,All parents aged 16 and over with dependent children,174,81,93
S01009183,Couple family: Total,158,74,84
S01009183,Couple family: Both parents working,138,68,70
S01009183,Couple family: One parent working,18,6,12
S01009183,Couple family: No parents working,2,0,2
S01009183,Lone parent family: Total,16,7,9
S01009183,Lone parent family: Parent working,16,7,9
S01009183,Lone parent family: Parent not working,0,0,0
S01009184,All parents aged 16 and over with dependent children,184,94,90
S01009184,Couple family: Total,146,70,76
S01009184,Couple family: Both parents working,82,44,38
S01009184,Couple family: One parent working,52,16,36
S01009184,Couple family: No parents working,12,10,2
S01009184,Lone parent family: Total,38,24,14
S01009184,Lone parent family: Parent working,19,12,7
S01009184,Lone parent family: Parent not working,19,12,7
S01009185,All parents aged 16 and over with dependent children,187,88,99
S01009185,Couple family: Total,148,68,80
S01009185,Couple family: Both parents working,82,42,40
S01009185,Couple family: One parent working,54,22,32
S01009185,Couple family: No parents working,12,4,8
S01009185,Lone parent family: Total,39,20,19
S01009185,Lone parent family: Parent working,23,15,8
S01009185,Lone parent family: Parent not working,16,5,11
S01009186,All parents aged 16 and over with dependent children,166,71,95
S01009186,Couple family: Total,144,60,84
S01009186,Couple family: Both parents working,72,30,42
S01009186,Couple family: One parent working,56,28,28
S01009186,Couple family: No parents working,16,2,14
S01009186,Lone parent family: Total,22,11,11
S01009186,Lone parent family: Parent working,11,6,5
S01009186,Lone parent family: Parent not working,11,5,6
S01009187,All parents aged 16 and over with dependent children,107,43,64
S01009187,Couple family: Total,96,38,58
S01009187,Couple family: Both parents working,62,20,42
S01009187,Couple family: One parent working,28,12,16
S01009187,Couple family: No parents working,6,6,0
S01009187,Lone parent family: Total,11,5,6
S01009187,Lone parent family: Parent working,8,3,5
S01009187,Lone parent family: Parent not working,3,2,1
S01009188,All parents aged 16 and over with dependent children,180,79,101
S01009188,Couple family: Total,142,56,86
S01009188,Couple family: Both parents working,102,36,66
S01009188,Couple family: One parent working,24,6,18
S01009188,Couple family: No parents working,16,14,2
S01009188,Lone parent family: Total,38,23,15
S01009188,Lone parent family: Parent working,22,17,5
S01009188,Lone parent family: Parent not working,16,6,10
S01009189,All parents aged 16 and over with dependent children,165,69,96
S01009189,Couple family: Total,134,48,86
S01009189,Couple family: Both parents working,72,32,40
S01009189,Couple family: One parent working,50,12,38
S01009189,Couple family: No parents working,12,4,8
S01009189,Lone parent family: Total,31,21,10
S01009189,Lone parent family: Parent working,17,11,6
S01009189,Lone parent family: Parent not working,14,10,4
S01009190,All parents aged 16 and over with dependent children,219,118,101
S01009190,Couple family: Total,204,108,96
S01009190,Couple family: Both parents working,174,98,76
S01009190,Couple family: One parent working,28,10,18
S01009190,Couple family: No parents working,2,0,2
S01009190,Lone parent family: Total,15,10,5
S01009190,Lone parent family: Parent working,11,8,3
S01009190,Lone parent family: Parent not working,4,2,2
S01009191,All parents aged 16 and over with dependent children,279,106,173
S01009191,Couple family: Total,264,102,162
S01009191,Couple family: Both parents working,212,94,118
S01009191,Couple family: One parent working,50,6,44
S01009191,Couple family: No parents working,2,2,0
S01009191,Lone parent family: Total,15,4,11
S01009191,Lone parent family: Parent working,12,3,9
S01009191,Lone parent family: Parent not working,3,1,2
S01009192,All parents aged 16 and over with dependent children,147,78,69
S01009192,Couple family: Total,132,68,64
S01009192,Couple family: Both parents working,110,56,54
S01009192,Couple family: One parent working,18,8,10
S01009192,Couple family: No parents working,4,4,0
S01009192,Lone parent family: Total,15,10,5
S01009192,Lone parent family: Parent working,11,7,4
S01009192,Lone parent family: Parent not working,4,3,1
S01009193,All parents aged 16 and over with dependent children,89,38,51
S01009193,Couple family: Total,86,36,50
S01009193,Couple family: Both parents working,80,36,44
S01009193,Couple family: One parent working,4,0,4
S01009193,Couple family: No parents working,2,0,2
S01009193,Lone parent family: Total,3,2,1
S01009193,Lone parent family: Parent working,3,2,1
S01009193,Lone parent family: Parent not working,0,0,0
S01009194,All parents aged 16 and over with dependent children,169,90,79
S01009194,Couple family: Total,154,82,72
S01009194,Couple family: Both parents working,128,64,64
S01009194,Couple family: One parent working,24,16,8
S01009194,Couple family: No parents working,2,2,0
S01009194,Lone parent family: Total,15,8,7
S01009194,Lone parent family: Parent working,13,8,5
S01009194,Lone parent family: Parent not working,2,0,2
S01009195,All parents aged 16 and over with dependent children,264,124,140
S01009195,Couple family: Total,248,116,132
S01009195,Couple family: Both parents working,218,102,116
S01009195,Couple family: One parent working,30,14,16
S01009195,Couple family: No parents working,0,0,0
S01009195,Lone parent family: Total,16,8,8
S01009195,Lone parent family: Parent working,12,7,5
S01009195,Lone parent family: Parent not working,4,1,3
S01009196,All parents aged 16 and over with dependent children,143,67,76
S01009196,Couple family: Total,122,54,68
S01009196,Couple family: Both parents working,84,42,42
S01009196,Couple family: One parent working,30,10,20
S01009196,Couple family: No parents working,8,2,6
S01009196,Lone parent family: Total,21,13,8
S01009196,Lone parent family: Parent working,15,9,6
S01009196,Lone parent family: Parent not working,6,4,2
S01009197,All parents aged 16 and over with dependent children,292,139,153
S01009197,Couple family: Total,268,128,140
S01009197,Couple family: Both parents working,202,98,104
S01009197,Couple family: One parent working,60,28,32
S01009197,Couple family: No parents working,6,2,4
S01009197,Lone parent family: Total,24,11,13
S01009197,Lone parent family: Parent working,16,6,10
S01009197,Lone parent family: Parent not working,8,5,3
S01009198,All parents aged 16 and over with dependent children,163,86,77
S01009198,Couple family: Total,148,76,72
S01009198,Couple family: Both parents working,118,60,58
S01009198,Couple family: One parent working,28,16,12
S01009198,Couple family: No parents working,2,0,2
S01009198,Lone parent family: Total,15,10,5
S01009198,Lone parent family: Parent working,9,7,2
S01009198,Lone parent family: Parent not working,6,3,3
S01009199,All parents aged 16 and over with dependent children,157,64,93
S01009199,Couple family: Total,144,58,86
S01009199,Couple family: Both parents working,126,54,72
S01009199,Couple family: One parent working,16,4,12
S01009199,Couple family: No parents working,2,0,2
S01009199,Lone parent family: Total,13,6,7
S01009199,Lone parent family: Parent working,10,5,5
S01009199,Lone parent family: Parent not working,3,1,2
S01009200,All parents aged 16 and over with dependent children,308,141,167
S01009200,Couple family: Total,280,124,156
S01009200,Couple family: Both parents working,240,110,130
S01009200,Couple family: One parent working,36,14,22
S01009200,Couple family: No parents working,4,0,4
S01009200,Lone parent family: Total,28,17,11
S01009200,Lone parent family: Parent working,19,12,7
S01009200,Lone parent family: Parent not working,9,5,4
S01009201,All parents aged 16 and over with dependent children,147,81,66
S01009201,Couple family: Total,112,56,56
S01009201,Couple family: Both parents working,82,44,38
S01009201,Couple family: One parent working,28,10,18
S01009201,Couple family: No parents working,2,2,0
S01009201,Lone parent family: Total,35,25,10
S01009201,Lone parent family: Parent working,21,15,6
S01009201,Lone parent family: Parent not working,14,10,4
S01009202,All parents aged 16 and over with dependent children,148,48,100
S01009202,Couple family: Total,140,44,96
S01009202,Couple family: Both parents working,106,36,70
S01009202,Couple family: One parent working,32,8,24
S01009202,Couple family: No parents working,2,0,2
S01009202,Lone parent family: Total,8,4,4
S01009202,Lone parent family: Parent working,7,4,3
S01009202,Lone parent family: Parent not working,1,0,1
S01009203,All parents aged 16 and over with dependent children,129,54,75
S01009203,Couple family: Total,90,32,58
S01009203,Couple family: Both parents working,52,24,28
S01009203,Couple family: One parent working,20,2,18
S01009203,Couple family: No parents working,18,6,12
S01009203,Lone parent family: Total,39,22,17
S01009203,Lone parent family: Parent working,22,14,8
S01009203,Lone parent family: Parent not working,17,8,9
S01009204,All parents aged 16 and over with dependent children,212,85,127
S01009204,Couple family: Total,156,58,98
S01009204,Couple family: Both parents working,102,40,62
S01009204,Couple family: One parent working,46,16,30
S01009204,Couple family: No parents working,8,2,6
S01009204,Lone parent family: Total,56,27,29
S01009204,Lone parent family: Parent working,36,18,18
S01009204,Lone parent family: Parent not working,20,9,11
S01009205,All parents aged 16 and over with dependent children,129,58,71
S01009205,Couple family: Total,120,52,68
S01009205,Couple family: Both parents working,102,42,60
S01009205,Couple family: One parent working,16,8,8
S01009205,Couple family: No parents working,2,2,0
S01009205,Lone parent family: Total,9,6,3
S01009205,Lone parent family: Parent working,7,4,3
S01009205,Lone parent family: Parent not working,2,2,0
S01009206,All parents aged 16 and over with dependent children,174,87,87
S01009206,Couple family: Total,166,80,86
S01009206,Couple family: Both parents working,136,62,74
S01009206,Couple family: One parent working,24,12,12
S01009206,Couple family: No parents working,6,6,0
S01009206,Lone parent family: Total,8,7,1
S01009206,Lone parent family: Parent working,4,4,0
S01009206,Lone parent family: Parent not working,4,3,1
S01009207,All parents aged 16 and over with dependent children,101,52,49
S01009207,Couple family: Total,94,46,48
S01009207,Couple family: Both parents working,70,30,40
S01009207,Couple family: One parent working,20,12,8
S01009207,Couple family: No parents working,4,4,0
S01009207,Lone parent family: Total,7,6,1
S01009207,Lone parent family: Parent working,6,5,1
S01009207,Lone parent family: Parent not working,1,1,0
S01009208,All parents aged 16 and over with dependent children,116,53,63
S01009208,Couple family: Total,106,46,60
S01009208,Couple family: Both parents working,86,38,48
S01009208,Couple family: One parent working,8,2,6
S01009208,Couple family: No parents working,12,6,6
S01009208,Lone parent family: Total,10,7,3
S01009208,Lone parent family: Parent working,9,7,2
S01009208,Lone parent family: Parent not working,1,0,1
S01009209,All parents aged 16 and over with dependent children,84,41,43
S01009209,Couple family: Total,72,34,38
S01009209,Couple family: Both parents working,56,22,34
S01009209,Couple family: One parent working,14,10,4
S01009209,Couple family: No parents working,2,2,0
S01009209,Lone parent family: Total,12,7,5
S01009209,Lone parent family: Parent working,11,6,5
S01009209,Lone parent family: Parent not working,1,1,0
S01009210,All parents aged 16 and over with dependent children,115,44,71
S01009210,Couple family: Total,106,38,68
S01009210,Couple family: Both parents working,90,30,60
S01009210,Couple family: One parent working,12,6,6
S01009210,Couple family: No parents working,4,2,2
S01009210,Lone parent family: Total,9,6,3
S01009210,Lone parent family: Parent working,6,4,2
S01009210,Lone parent family: Parent not working,3,2,1
S01009211,All parents aged 16 and over with dependent children,146,57,89
S01009211,Couple family: Total,116,36,80
S01009211,Couple family: Both parents working,76,30,46
S01009211,Couple family: One parent working,28,6,22
S01009211,Couple family: No parents working,12,0,12
S01009211,Lone parent family: Total,30,21,9
S01009211,Lone parent family: Parent working,17,12,5
S01009211,Lone parent family: Parent not working,13,9,4
S01009212,All parents aged 16 and over with dependent children,146,62,84
S01009212,Couple family: Total,112,40,72
S01009212,Couple family: Both parents working,74,36,38
S01009212,Couple family: One parent working,34,2,32
S01009212,Couple family: No parents working,4,2,2
S01009212,Lone parent family: Total,34,22,12
S01009212,Lone parent family: Parent working,21,15,6
S01009212,Lone parent family: Parent not working,13,7,6
S01009213,All parents aged 16 and over with dependent children,185,104,81
S01009213,Couple family: Total,150,82,68
S01009213,Couple family: Both parents working,114,64,50
S01009213,Couple family: One parent working,26,14,12
S01009213,Couple family: No parents working,10,4,6
S01009213,Lone parent family: Total,35,22,13
S01009213,Lone parent family: Parent working,21,16,5
S01009213,Lone parent family: Parent not working,14,6,8
S01009214,All parents aged 16 and over with dependent children,222,88,134
S01009214,Couple family: Total,196,74,122
S01009214,Couple family: Both parents working,158,58,100
S01009214,Couple family: One parent working,32,12,20
S01009214,Couple family: No parents working,6,4,2
S01009214,Lone parent family: Total,26,14,12
S01009214,Lone parent family: Parent working,14,6,8
S01009214,Lone parent family: Parent not working,12,8,4
S01009215,All parents aged 16 and over with dependent children,188,89,99
S01009215,Couple family: Total,156,68,88
S01009215,Couple family: Both parents working,108,56,52
S01009215,Couple family: One parent working,40,12,28
S01009215,Couple family: No parents working,8,0,8
S01009215,Lone parent family: Total,32,21,11
S01009215,Lone parent family: Parent working,27,19,8
S01009215,Lone parent family: Parent not working,5,2,3
S01009216,All parents aged 16 and over with dependent children,158,83,75
S01009216,Couple family: Total,128,68,60
S01009216,Couple family: Both parents working,84,48,36
S01009216,Couple family: One parent working,38,16,22
S01009216,Couple family: No parents working,6,4,2
S01009216,Lone parent family: Total,30,15,15
S01009216,Lone parent family: Parent working,15,8,7
S01009216,Lone parent family: Parent not working,15,7,8
S01009217,All parents aged 16 and over with dependent children,131,66,65
S01009217,Couple family: Total,76,32,44
S01009217,Couple family: Both parents working,46,20,26
S01009217,Couple family: One parent working,22,10,12
S01009217,Couple family: No parents working,8,2,6
S01009217,Lone parent family: Total,55,34,21
S01009217,Lone parent family: Parent working,25,21,4
S01009217,Lone parent family: Parent not working,30,13,17
S01009218,All parents aged 16 and over with dependent children,141,66,75
S01009218,Couple family: Total,124,54,70
S01009218,Couple family: Both parents working,94,38,56
S01009218,Couple family: One parent working,24,14,10
S01009218,Couple family: No parents working,6,2,4
S01009218,Lone parent family: Total,17,12,5
S01009218,Lone parent family: Parent working,16,11,5
S01009218,Lone parent family: Parent not working,1,1,0
S01009219,All parents aged 16 and over with dependent children,108,68,40
S01009219,Couple family: Total,86,52,34
S01009219,Couple family: Both parents working,64,44,20
S01009219,Couple family: One parent working,16,6,10
S01009219,Couple family: No parents working,6,2,4
S01009219,Lone parent family: Total,22,16,6
S01009219,Lone parent family: Parent working,12,9,3
S01009219,Lone parent family: Parent not working,10,7,3
S01009220,All parents aged 16 and over with dependent children,106,66,40
S01009220,Couple family: Total,70,42,28
S01009220,Couple family: Both parents working,52,32,20
S01009220,Couple family: One parent working,14,6,8
S01009220,Couple family: No parents working,4,4,0
S01009220,Lone parent family: Total,36,24,12
S01009220,Lone parent family: Parent working,22,19,3
S01009220,Lone parent family: Parent not working,14,5,9
S01009221,All parents aged 16 and over with dependent children,118,53,65
S01009221,Couple family: Total,98,44,54
S01009221,Couple family: Both parents working,64,30,34
S01009221,Couple family: One parent working,22,8,14
S01009221,Couple family: No parents working,12,6,6
S01009221,Lone parent family: Total,20,9,11
S01009221,Lone parent family: Parent working,10,6,4
S01009221,Lone parent family: Parent not working,10,3,7
S01009222,All parents aged 16 and over with dependent children,119,63,56
S01009222,Couple family: Total,82,40,42
S01009222,Couple family: Both parents working,52,32,20
S01009222,Couple family: One parent working,16,8,8
S01009222,Couple family: No parents working,14,0,14
S01009222,Lone parent family: Total,37,23,14
S01009222,Lone parent family: Parent working,22,12,10
S01009222,Lone parent family: Parent not working,15,11,4
S01009223,All parents aged 16 and over with dependent children,111,49,62
S01009223,Couple family: Total,96,40,56
S01009223,Couple family: Both parents working,70,32,38
S01009223,Couple family: One parent working,24,6,18
S01009223,Couple family: No parents working,2,2,0
S01009223,Lone parent family: Total,15,9,6
S01009223,Lone parent family: Parent working,8,6,2
S01009223,Lone parent family: Parent not working,7,3,4
S01009224,All parents aged 16 and over with dependent children,131,64,67
S01009224,Couple family: Total,108,48,60
S01009224,Couple family: Both parents working,58,30,28
S01009224,Couple family: One parent working,38,14,24
S01009224,Couple family: No parents working,12,4,8
S01009224,Lone parent family: Total,23,16,7
S01009224,Lone parent family: Parent working,13,11,2
S01009224,Lone parent family: Parent not working,10,5,5
S01009225,All parents aged 16 and over with dependent children,98,49,49
S01009225,Couple family: Total,84,40,44
S01009225,Couple family: Both parents working,62,28,34
S01009225,Couple family: One parent working,18,10,8
S01009225,Couple family: No parents working,4,2,2
S01009225,Lone parent family: Total,14,9,5
S01009225,Lone parent family: Parent working,10,6,4
S01009225,Lone parent family: Parent not working,4,3,1
S01009226,All parents aged 16 and over with dependent children,154,107,47
S01009226,Couple family: Total,128,88,40
S01009226,Couple family: Both parents working,94,70,24
S01009226,Couple family: One parent working,26,12,14
S01009226,Couple family: No parents working,8,6,2
S01009226,Lone parent family: Total,26,19,7
S01009226,Lone parent family: Parent working,17,11,6
S01009226,Lone parent family: Parent not working,9,8,1
S01009227,All parents aged 16 and over with dependent children,75,47,28
S01009227,Couple family: Total,60,34,26
S01009227,Couple family: Both parents working,46,28,18
S01009227,Couple family: One parent working,12,6,6
S01009227,Couple family: No parents working,2,0,2
S01009227,Lone parent family: Total,15,13,2
S01009227,Lone parent family: Parent working,9,7,2
S01009227,Lone parent family: Parent not working,6,6,0
S01009228,All parents aged 16 and over with dependent children,114,71,43
S01009228,Couple family: Total,92,58,34
S01009228,Couple family: Both parents working,44,30,14
S01009228,Couple family: One parent working,26,18,8
S01009228,Couple family: No parents working,22,10,12
S01009228,Lone parent family: Total,22,13,9
S01009228,Lone parent family: Parent working,12,6,6
S01009228,Lone parent family: Parent not working,10,7,3
S01009229,All parents aged 16 and over with dependent children,109,56,53
S01009229,Couple family: Total,88,38,50
S01009229,Couple family: Both parents working,62,32,30
S01009229,Couple family: One parent working,22,4,18
S01009229,Couple family: No parents working,4,2,2
S01009229,Lone parent family: Total,21,18,3
S01009229,Lone parent family: Parent working,13,12,1
S01009229,Lone parent family: Parent not working,8,6,2
S01009230,All parents aged 16 and over with dependent children,103,69,34
S01009230,Couple family: Total,84,52,32
S01009230,Couple family: Both parents working,70,50,20
S01009230,Couple family: One parent working,14,2,12
S01009230,Couple family: No parents working,0,0,0
S01009230,Lone parent family: Total,19,17,2
S01009230,Lone parent family: Parent working,15,14,1
S01009230,Lone parent family: Parent not working,4,3,1
S01009231,All parents aged 16 and over with dependent children,191,85,106
S01009231,Couple family: Total,166,70,96
S01009231,Couple family: Both parents working,130,46,84
S01009231,Couple family: One parent working,34,22,12
S01009231,Couple family: No parents working,2,2,0
S01009231,Lone parent family: Total,25,15,10
S01009231,Lone parent family: Parent working,14,10,4
S01009231,Lone parent family: Parent not working,11,5,6
S01009232,All parents aged 16 and over with dependent children,122,78,44
S01009232,Couple family: Total,72,44,28
S01009232,Couple family: Both parents working,40,22,18
S01009232,Couple family: One parent working,20,16,4
S01009232,Couple family: No parents working,12,6,6
S01009232,Lone parent family: Total,50,34,16
S01009232,Lone parent family: Parent working,15,6,9
S01009232,Lone parent family: Parent not working,35,28,7
S01009233,All parents aged 16 and over with dependent children,91,26,65
S01009233,Couple family: Total,82,22,60
S01009233,Couple family: Both parents working,62,18,44
S01009233,Couple family: One parent working,16,2,14
S01009233,Couple family: No parents working,4,2,2
S01009233,Lone parent family: Total,9,4,5
S01009233,Lone parent family: Parent working,7,2,5
S01009233,Lone parent family: Parent not working,2,2,0
S01009234,All parents aged 16 and over with dependent children,269,153,116
S01009234,Couple family: Total,188,96,92
S01009234,Couple family: Both parents working,90,48,42
S01009234,Couple family: One parent working,66,24,42
S01009234,Couple family: No parents working,32,24,8
S01009234,Lone parent family: Total,81,57,24
S01009234,Lone parent family: Parent working,44,32,12
S01009234,Lone parent family: Parent not working,37,25,12
S01009235,All parents aged 16 and over with dependent children,184,107,77
S01009235,Couple family: Total,132,68,64
S01009235,Couple family: Both parents working,76,50,26
S01009235,Couple family: One parent working,40,12,28
S01009235,Couple family: No parents working,16,6,10
S01009235,Lone parent family: Total,52,39,13
S01009235,Lone parent family: Parent working,28,20,8
S01009235,Lone parent family: Parent not working,24,19,5
S01009236,All parents aged 16 and over with dependent children,78,46,32
S01009236,Couple family: Total,68,40,28
S01009236,Couple family: Both parents working,60,36,24
S01009236,Couple family: One parent working,8,4,4
S01009236,Couple family: No parents working,0,0,0
S01009236,Lone parent family: Total,10,6,4
S01009236,Lone parent family: Parent working,7,5,2
S01009236,Lone parent family: Parent not working,3,1,2
S01009237,All parents aged 16 and over with dependent children,163,84,79
S01009237,Couple family: Total,156,78,78
S01009237,Couple family: Both parents working,140,72,68
S01009237,Couple family: One parent working,14,4,10
S01009237,Couple family: No parents working,2,2,0
S01009237,Lone parent family: Total,7,6,1
S01009237,Lone parent family: Parent working,5,4,1
S01009237,Lone parent family: Parent not working,2,2,0
S01009238,All parents aged 16 and over with dependent children,135,66,69
S01009238,Couple family: Total,104,46,58
S01009238,Couple family: Both parents working,78,36,42
S01009238,Couple family: One parent working,22,10,12
S01009238,Couple family: No parents working,4,0,4
S01009238,Lone parent family: Total,31,20,11
S01009238,Lone parent family: Parent working,17,12,5
S01009238,Lone parent family: Parent not working,14,8,6
S01009239,All parents aged 16 and over with dependent children,194,89,105
S01009239,Couple family: Total,156,64,92
S01009239,Couple family: Both parents working,126,62,64
S01009239,Couple family: One parent working,20,0,20
S01009239,Couple family: No parents working,10,2,8
S01009239,Lone parent family: Total,38,25,13
S01009239,Lone parent family: Parent working,27,21,6
S01009239,Lone parent family: Parent not working,11,4,7
S01009240,All parents aged 16 and over with dependent children,133,72,61
S01009240,Couple family: Total,84,38,46
S01009240,Couple family: Both parents working,40,18,22
S01009240,Couple family: One parent working,28,12,16
S01009240,Couple family: No parents working,16,8,8
S01009240,Lone parent family: Total,49,34,15
S01009240,Lone parent family: Parent working,24,16,8
S01009240,Lone parent family: Parent not working,25,18,7
S01009241,All parents aged 16 and over with dependent children,192,113,79
S01009241,Couple family: Total,130,74,56
S01009241,Couple family: Both parents working,84,42,42
S01009241,Couple family: One parent working,26,16,10
S01009241,Couple family: No parents working,20,16,4
S01009241,Lone parent family: Total,62,39,23
S01009241,Lone parent family: Parent working,28,16,12
S01009241,Lone parent family: Parent not working,34,23,11
S01009242,All parents aged 16 and over with dependent children,131,60,71
S01009242,Couple family: Total,126,56,70
S01009242,Couple family: Both parents working,100,44,56
S01009242,Couple family: One parent working,22,8,14
S01009242,Couple family: No parents working,4,4,0
S01009242,Lone parent family: Total,5,4,1
S01009242,Lone parent family: Parent working,4,4,0
S01009242,Lone parent family: Parent not working,1,0,1
S01009243,All parents aged 16 and over with dependent children,231,99,132
S01009243,Couple family: Total,194,84,110
S01009243,Couple family: Both parents working,126,60,66
S01009243,Couple family: One parent working,58,18,40
S01009243,Couple family: No parents working,10,6,4
S01009243,Lone parent family: Total,37,15,22
S01009243,Lone parent family: Parent working,29,11,18
S01009243,Lone parent family: Parent not working,8,4,4
S01009244,All parents aged 16 and over with dependent children,156,69,87
S01009244,Couple family: Total,150,68,82
S01009244,Couple family: Both parents working,114,52,62
S01009244,Couple family: One parent working,32,14,18
S01009244,Couple family: No parents working,4,2,2
S01009244,Lone parent family: Total,6,1,5
S01009244,Lone parent family: Parent working,5,1,4
S01009244,Lone parent family: Parent not working,1,0,1
S01009245,All parents aged 16 and over with dependent children,171,86,85
S01009245,Couple family: Total,158,78,80
S01009245,Couple family: Both parents working,130,60,70
S01009245,Couple family: One parent working,18,12,6
S01009245,Couple family: No parents working,10,6,4
S01009245,Lone parent family: Total,13,8,5
S01009245,Lone parent family: Parent working,10,6,4
S01009245,Lone parent family: Parent not working,3,2,1
S01009246,All parents aged 16 and over with dependent children,154,80,74
S01009246,Couple family: Total,126,62,64
S01009246,Couple family: Both parents working,92,48,44
S01009246,Couple family: One parent working,28,12,16
S01009246,Couple family: No parents working,6,2,4
S01009246,Lone parent family: Total,28,18,10
S01009246,Lone parent family: Parent working,18,11,7
S01009246,Lone parent family: Parent not working,10,7,3
S01009247,All parents aged 16 and over with dependent children,217,112,105
S01009247,Couple family: Total,166,84,82
S01009247,Couple family: Both parents working,122,62,60
S01009247,Couple family: One parent working,36,22,14
S01009247,Couple family: No parents working,8,0,8
S01009247,Lone parent family: Total,51,28,23
S01009247,Lone parent family: Parent working,28,15,13
S01009247,Lone parent family: Parent not working,23,13,10
S01009248,All parents aged 16 and over with dependent children,122,59,63
S01009248,Couple family: Total,98,44,54
S01009248,Couple family: Both parents working,84,42,42
S01009248,Couple family: One parent working,10,2,8
S01009248,Couple family: No parents working,4,0,4
S01009248,Lone parent family: Total,24,15,9
S01009248,Lone parent family: Parent working,22,14,8
S01009248,Lone parent family: Parent not working,2,1,1
S01009249,All parents aged 16 and over with dependent children,168,86,82
S01009249,Couple family: Total,132,62,70
S01009249,Couple family: Both parents working,84,48,36
S01009249,Couple family: One parent working,42,14,28
S01009249,Couple family: No parents working,6,0,6
S01009249,Lone parent family: Total,36,24,12
S01009249,Lone parent family: Parent working,17,13,4
S01009249,Lone parent family: Parent not working,19,11,8
S01009250,All parents aged 16 and over with dependent children,126,71,55
S01009250,Couple family: Total,100,58,42
S01009250,Couple family: Both parents working,70,38,32
S01009250,Couple family: One parent working,26,18,8
S01009250,Couple family: No parents working,4,2,2
S01009250,Lone parent family: Total,26,13,13
S01009250,Lone parent family: Parent working,21,11,10
S01009250,Lone parent family: Parent not working,5,2,3
S01009251,All parents aged 16 and over with dependent children,119,63,56
S01009251,Couple family: Total,106,56,50
S01009251,Couple family: Both parents working,68,42,26
S01009251,Couple family: One parent working,22,8,14
S01009251,Couple family: No parents working,16,6,10
S01009251,Lone parent family: Total,13,7,6
S01009251,Lone parent family: Parent working,8,6,2
S01009251,Lone parent family: Parent not working,5,1,4
S01009252,All parents aged 16 and over with dependent children,151,63,88
S01009252,Couple family: Total,146,60,86
S01009252,Couple family: Both parents working,122,52,70
S01009252,Couple family: One parent working,24,8,16
S01009252,Couple family: No parents working,0,0,0
S01009252,Lone parent family: Total,5,3,2
S01009252,Lone parent family: Parent working,4,2,2
S01009252,Lone parent family: Parent not working,1,1,0
S01009253,All parents aged 16 and over with dependent children,81,40,41
S01009253,Couple family: Total,56,26,30
S01009253,Couple family: Both parents working,32,20,12
S01009253,Couple family: One parent working,18,6,12
S01009253,Couple family: No parents working,6,0,6
S01009253,Lone parent family: Total,25,14,11
S01009253,Lone parent family: Parent working,16,9,7
S01009253,Lone parent family: Parent not working,9,5,4
S01009254,All parents aged 16 and over with dependent children,172,88,84
S01009254,Couple family: Total,130,64,66
S01009254,Couple family: Both parents working,56,26,30
S01009254,Couple family: One parent working,44,26,18
S01009254,Couple family: No parents working,30,12,18
S01009254,Lone parent family: Total,42,24,18
S01009254,Lone parent family: Parent working,17,12,5
S01009254,Lone parent family: Parent not working,25,12,13
S01009255,All parents aged 16 and over with dependent children,97,60,37
S01009255,Couple family: Total,72,40,32
S01009255,Couple family: Both parents working,54,32,22
S01009255,Couple family: One parent working,18,8,10
S01009255,Couple family: No parents working,0,0,0
S01009255,Lone parent family: Total,25,20,5
S01009255,Lone parent family: Parent working,12,10,2
S01009255,Lone parent family: Parent not working,13,10,3
S01009256,All parents aged 16 and over with dependent children,98,70,28
S01009256,Couple family: Total,86,60,26
S01009256,Couple family: Both parents working,52,38,14
S01009256,Couple family: One parent working,30,20,10
S01009256,Couple family: No parents working,4,2,2
S01009256,Lone parent family: Total,12,10,2
S01009256,Lone parent family: Parent working,8,7,1
S01009256,Lone parent family: Parent not working,4,3,1
S01009257,All parents aged 16 and over with dependent children,106,61,45
S01009257,Couple family: Total,90,50,40
S01009257,Couple family: Both parents working,62,38,24
S01009257,Couple family: One parent working,28,12,16
S01009257,Couple family: No parents working,0,0,0
S01009257,Lone parent family: Total,16,11,5
S01009257,Lone parent family: Parent working,9,5,4
S01009257,Lone parent family: Parent not working,7,6,1
S01009258,All parents aged 16 and over with dependent children,113,41,72
S01009258,Couple family: Total,108,38,70
S01009258,Couple family: Both parents working,82,30,52
S01009258,Couple family: One parent working,18,4,14
S01009258,Couple family: No parents working,8,4,4
S01009258,Lone parent family: Total,5,3,2
S01009258,Lone parent family: Parent working,4,3,1
S01009258,Lone parent family: Parent not working,1,0,1
S01009259,All parents aged 16 and over with dependent children,210,72,138
S01009259,Couple family: Total,198,64,134
S01009259,Couple family: Both parents working,168,56,112
S01009259,Couple family: One parent working,28,8,20
S01009259,Couple family: No parents working,2,0,2
S01009259,Lone parent family: Total,12,8,4
S01009259,Lone parent family: Parent working,10,7,3
S01009259,Lone parent family: Parent not working,2,1,1
S01009260,All parents aged 16 and over with dependent children,226,114,112
S01009260,Couple family: Total,194,94,100
S01009260,Couple family: Both parents working,156,82,74
S01009260,Couple family: One parent working,30,8,22
S01009260,Couple family: No parents working,8,4,4
S01009260,Lone parent family: Total,32,20,12
S01009260,Lone parent family: Parent working,18,13,5
S01009260,Lone parent family: Parent not working,14,7,7
S01009261,All parents aged 16 and over with dependent children,114,57,57
S01009261,Couple family: Total,78,34,44
S01009261,Couple family: Both parents working,48,24,24
S01009261,Couple family: One parent working,22,6,16
S01009261,Couple family: No parents working,8,4,4
S01009261,Lone parent family: Total,36,23,13
S01009261,Lone parent family: Parent working,17,12,5
S01009261,Lone parent family: Parent not working,19,11,8
S01009262,All parents aged 16 and over with dependent children,142,85,57
S01009262,Couple family: Total,86,44,42
S01009262,Couple family: Both parents working,56,36,20
S01009262,Couple family: One parent working,16,2,14
S01009262,Couple family: No parents working,14,6,8
S01009262,Lone parent family: Total,56,41,15
S01009262,Lone parent family: Parent working,32,24,8
S01009262,Lone parent family: Parent not working,24,17,7
S01009263,All parents aged 16 and over with dependent children,221,127,94
S01009263,Couple family: Total,196,108,88
S01009263,Couple family: Both parents working,172,100,72
S01009263,Couple family: One parent working,20,8,12
S01009263,Couple family: No parents working,4,0,4
S01009263,Lone parent family: Total,25,19,6
S01009263,Lone parent family: Parent working,19,14,5
S01009263,Lone parent family: Parent not working,6,5,1
S01009264,All parents aged 16 and over with dependent children,82,43,39
S01009264,Couple family: Total,74,36,38
S01009264,Couple family: Both parents working,58,28,30
S01009264,Couple family: One parent working,16,8,8
S01009264,Couple family: No parents working,0,0,0
S01009264,Lone parent family: Total,8,7,1
S01009264,Lone parent family: Parent working,6,5,1
S01009264,Lone parent family: Parent not working,2,2,0
S01009265,All parents aged 16 and over with dependent children,152,83,69
S01009265,Couple family: Total,120,68,52
S01009265,Couple family: Both parents working,82,46,36
S01009265,Couple family: One parent working,32,18,14
S01009265,Couple family: No parents working,6,4,2
S01009265,Lone parent family: Total,32,15,17
S01009265,Lone parent family: Parent working,25,13,12
S01009265,Lone parent family: Parent not working,7,2,5
S01009266,All parents aged 16 and over with dependent children,157,69,88
S01009266,Couple family: Total,128,54,74
S01009266,Couple family: Both parents working,98,42,56
S01009266,Couple family: One parent working,26,10,16
S01009266,Couple family: No parents working,4,2,2
S01009266,Lone parent family: Total,29,15,14
S01009266,Lone parent family: Parent working,18,10,8
S01009266,Lone parent family: Parent not working,11,5,6
S01009267,All parents aged 16 and over with dependent children,149,76,73
S01009267,Couple family: Total,122,58,64
S01009267,Couple family: Both parents working,98,42,56
S01009267,Couple family: One parent working,18,10,8
S01009267,Couple family: No parents working,6,6,0
S01009267,Lone parent family: Total,27,18,9
S01009267,Lone parent family: Parent working,22,16,6
S01009267,Lone parent family: Parent not working,5,2,3
S01009268,All parents aged 16 and over with dependent children,232,107,125
S01009268,Couple family: Total,178,74,104
S01009268,Couple family: Both parents working,124,54,70
S01009268,Couple family: One parent working,44,14,30
S01009268,Couple family: No parents working,10,6,4
S01009268,Lone parent family: Total,54,33,21
S01009268,Lone parent family: Parent working,34,23,11
S01009268,Lone parent family: Parent not working,20,10,10
S01009269,All parents aged 16 and over with dependent children,209,78,131
S01009269,Couple family: Total,150,48,102
S01009269,Couple family: Both parents working,84,28,56
S01009269,Couple family: One parent working,40,10,30
S01009269,Couple family: No parents working,26,10,16
S01009269,Lone parent family: Total,59,30,29
S01009269,Lone parent family: Parent working,40,22,18
S01009269,Lone parent family: Parent not working,19,8,11
S01009270,All parents aged 16 and over with dependent children,104,64,40
S01009270,Couple family: Total,62,34,28
S01009270,Couple family: Both parents working,38,24,14
S01009270,Couple family: One parent working,20,8,12
S01009270,Couple family: No parents working,4,2,2
S01009270,Lone parent family: Total,42,30,12
S01009270,Lone parent family: Parent working,26,20,6
S01009270,Lone parent family: Parent not working,16,10,6
S01009271,All parents aged 16 and over with dependent children,188,81,107
S01009271,Couple family: Total,174,76,98
S01009271,Couple family: Both parents working,144,70,74
S01009271,Couple family: One parent working,24,2,22
S01009271,Couple family: No parents working,6,4,2
S01009271,Lone parent family: Total,14,5,9
S01009271,Lone parent family: Parent working,11,4,7
S01009271,Lone parent family: Parent not working,3,1,2
S01009272,All parents aged 16 and over with dependent children,145,65,80
S01009272,Couple family: Total,114,42,72
S01009272,Couple family: Both parents working,62,30,32
S01009272,Couple family: One parent working,34,6,28
S01009272,Couple family: No parents working,18,6,12
S01009272,Lone parent family: Total,31,23,8
S01009272,Lone parent family: Parent working,18,14,4
S01009272,Lone parent family: Parent not working,13,9,4
S01009273,All parents aged 16 and over with dependent children,78,50,28
S01009273,Couple family: Total,74,48,26
S01009273,Couple family: Both parents working,52,34,18
S01009273,Couple family: One parent working,20,12,8
S01009273,Couple family: No parents working,2,2,0
S01009273,Lone parent family: Total,4,2,2
S01009273,Lone parent family: Parent working,3,2,1
S01009273,Lone parent family: Parent not working,1,0,1
S01009274,All parents aged 16 and over with dependent children,135,57,78
S01009274,Couple family: Total,118,50,68
S01009274,Couple family: Both parents working,94,42,52
S01009274,Couple family: One parent working,22,8,14
S01009274,Couple family: No parents working,2,0,2
S01009274,Lone parent family: Total,17,7,10
S01009274,Lone parent family: Parent working,11,3,8
S01009274,Lone parent family: Parent not working,6,4,2
S01009275,All parents aged 16 and over with dependent children,113,43,70
S01009275,Couple family: Total,104,38,66
S01009275,Couple family: Both parents working,76,32,44
S01009275,Couple family: One parent working,24,4,20
S01009275,Couple family: No parents working,4,2,2
S01009275,Lone parent family: Total,9,5,4
S01009275,Lone parent family: Parent working,6,4,2
S01009275,Lone parent family: Parent not working,3,1,2
S01009276,All parents aged 16 and over with dependent children,174,93,81
S01009276,Couple family: Total,148,76,72
S01009276,Couple family: Both parents working,108,64,44
S01009276,Couple family: One parent working,30,6,24
S01009276,Couple family: No parents working,10,6,4
S01009276,Lone parent family: Total,26,17,9
S01009276,Lone parent family: Parent working,14,8,6
S01009276,Lone parent family: Parent not working,12,9,3
S01009277,All parents aged 16 and over with dependent children,97,32,65
S01009277,Couple family: Total,94,32,62
S01009277,Couple family: Both parents working,70,24,46
S01009277,Couple family: One parent working,18,6,12
S01009277,Couple family: No parents working,6,2,4
S01009277,Lone parent family: Total,3,0,3
S01009277,Lone parent family: Parent working,3,0,3
S01009277,Lone parent family: Parent not working,0,0,0
S01009278,All parents aged 16 and over with dependent children,147,62,85
S01009278,Couple family: Total,136,56,80
S01009278,Couple family: Both parents working,112,48,64
S01009278,Couple family: One parent working,24,8,16
S01009278,Couple family: No parents working,0,0,0
S01009278,Lone parent family: Total,11,6,5
S01009278,Lone parent family: Parent working,9,5,4
S01009278,Lone parent family: Parent not working,2,1,1
S01009279,All parents aged 16 and over with dependent children,103,57,46
S01009279,Couple family: Total,88,48,40
S01009279,Couple family: Both parents working,52,26,26
S01009279,Couple family: One parent working,28,16,12
S01009279,Couple family: No parents working,8,6,2
S01009279,Lone parent family: Total,15,9,6
S01009279,Lone parent family: Parent working,8,6,2
S01009279,Lone parent family: Parent not working,7,3,4
S01009280,All parents aged 16 and over with dependent children,184,88,96
S01009280,Couple family: Total,116,46,70
S01009280,Couple family: Both parents working,54,34,20
S01009280,Couple family: One parent working,40,10,30
S01009280,Couple family: No parents working,22,2,20
S01009280,Lone parent family: Total,68,42,26
S01009280,Lone parent family: Parent working,26,15,11
S01009280,Lone parent family: Parent not working,42,27,15
S01009281,All parents aged 16 and over with dependent children,173,88,85
S01009281,Couple family: Total,124,60,64
S01009281,Couple family: Both parents working,72,38,34
S01009281,Couple family: One parent working,36,12,24
S01009281,Couple family: No parents working,16,10,6
S01009281,Lone parent family: Total,49,28,21
S01009281,Lone parent family: Parent working,21,12,9
S01009281,Lone parent family: Parent not working,28,16,12
S01009282,All parents aged 16 and over with dependent children,146,82,64
S01009282,Couple family: Total,126,74,52
S01009282,Couple family: Both parents working,88,58,30
S01009282,Couple family: One parent working,36,14,22
S01009282,Couple family: No parents working,2,2,0
S01009282,Lone parent family: Total,20,8,12
S01009282,Lone parent family: Parent working,5,3,2
S01009282,Lone parent family: Parent not working,15,5,10
S01009283,All parents aged 16 and over with dependent children,108,48,60
S01009283,Couple family: Total,100,42,58
S01009283,Couple family: Both parents working,78,36,42
S01009283,Couple family: One parent working,18,4,14
S01009283,Couple family: No parents working,4,2,2
S01009283,Lone parent family: Total,8,6,2
S01009283,Lone parent family: Parent working,6,4,2
S01009283,Lone parent family: Parent not working,2,2,0
S01009284,All parents aged 16 and over with dependent children,231,97,134
S01009284,Couple family: Total,212,86,126
S01009284,Couple family: Both parents working,172,70,102
S01009284,Couple family: One parent working,38,14,24
S01009284,Couple family: No parents working,2,2,0
S01009284,Lone parent family: Total,19,11,8
S01009284,Lone parent family: Parent working,17,11,6
S01009284,Lone parent family: Parent not working,2,0,2
S01009285,All parents aged 16 and over with dependent children,257,116,141
S01009285,Couple family: Total,220,90,130
S01009285,Couple family: Both parents working,180,74,106
S01009285,Couple family: One parent working,32,12,20
S01009285,Couple family: No parents working,8,4,4
S01009285,Lone parent family: Total,37,26,11
S01009285,Lone parent family: Parent working,29,22,7
S01009285,Lone parent family: Parent not working,8,4,4
S01009286,All parents aged 16 and over with dependent children,124,71,53
S01009286,Couple family: Total,106,60,46
S01009286,Couple family: Both parents working,90,50,40
S01009286,Couple family: One parent working,14,8,6
S01009286,Couple family: No parents working,2,2,0
S01009286,Lone parent family: Total,18,11,7
S01009286,Lone parent family: Parent working,17,10,7
S01009286,Lone parent family: Parent not working,1,1,0
S01009287,All parents aged 16 and over with dependent children,150,60,90
S01009287,Couple family: Total,140,54,86
S01009287,Couple family: Both parents working,112,40,72
S01009287,Couple family: One parent working,24,12,12
S01009287,Couple family: No parents working,4,2,2
S01009287,Lone parent family: Total,10,6,4
S01009287,Lone parent family: Parent working,8,4,4
S01009287,Lone parent family: Parent not working,2,2,0
S01009288,All parents aged 16 and over with dependent children,163,72,91
S01009288,Couple family: Total,152,66,86
S01009288,Couple family: Both parents working,110,42,68
S01009288,Couple family: One parent working,36,24,12
S01009288,Couple family: No parents working,6,0,6
S01009288,Lone parent family: Total,11,6,5
S01009288,Lone parent family: Parent working,7,4,3
S01009288,Lone parent family: Parent not working,4,2,2
S01009289,All parents aged 16 and over with dependent children,141,61,80
S01009289,Couple family: Total,124,48,76
S01009289,Couple family: Both parents working,94,34,60
S01009289,Couple family: One parent working,28,14,14
S01009289,Couple family: No parents working,2,0,2
S01009289,Lone parent family: Total,17,13,4
S01009289,Lone parent family: Parent working,8,5,3
S01009289,Lone parent family: Parent not working,9,8,1
S01009290,All parents aged 16 and over with dependent children,131,55,76
S01009290,Couple family: Total,122,48,74
S01009290,Couple family: Both parents working,96,42,54
S01009290,Couple family: One parent working,26,6,20
S01009290,Couple family: No parents working,0,0,0
S01009290,Lone parent family: Total,9,7,2
S01009290,Lone parent family: Parent working,9,7,2
S01009290,Lone parent family: Parent not working,0,0,0
S01009291,All parents aged 16 and over with dependent children,206,76,130
S01009291,Couple family: Total,186,64,122
S01009291,Couple family: Both parents working,152,52,100
S01009291,Couple family: One parent working,32,10,22
S01009291,Couple family: No parents working,2,2,0
S01009291,Lone parent family: Total,20,12,8
S01009291,Lone parent family: Parent working,16,10,6
S01009291,Lone parent family: Parent not working,4,2,2
S01009292,All parents aged 16 and over with dependent children,111,64,47
S01009292,Couple family: Total,92,56,36
S01009292,Couple family: Both parents working,62,40,22
S01009292,Couple family: One parent working,24,14,10
S01009292,Couple family: No parents working,6,2,4
S01009292,Lone parent family: Total,19,8,11
S01009292,Lone parent family: Parent working,12,7,5
S01009292,Lone parent family: Parent not working,7,1,6
S01009293,All parents aged 16 and over with dependent children,154,59,95
S01009293,Couple family: Total,136,50,86
S01009293,Couple family: Both parents working,112,44,68
S01009293,Couple family: One parent working,20,4,16
S01009293,Couple family: No parents working,4,2,2
S01009293,Lone parent family: Total,18,9,9
S01009293,Lone parent family: Parent working,11,7,4
S01009293,Lone parent family: Parent not working,7,2,5
S01009294,All parents aged 16 and over with dependent children,123,48,75
S01009294,Couple family: Total,112,44,68
S01009294,Couple family: Both parents working,90,32,58
S01009294,Couple family: One parent working,20,10,10
S01009294,Couple family: No parents working,2,2,0
S01009294,Lone parent family: Total,11,4,7
S01009294,Lone parent family: Parent working,8,3,5
S01009294,Lone parent family: Parent not working,3,1,2
S01009295,All parents aged 16 and over with dependent children,108,52,56
S01009295,Couple family: Total,96,42,54
S01009295,Couple family: Both parents working,74,40,34
S01009295,Couple family: One parent working,18,0,18
S01009295,Couple family: No parents working,4,2,2
S01009295,Lone parent family: Total,12,10,2
S01009295,Lone parent family: Parent working,8,6,2
S01009295,Lone parent family: Parent not working,4,4,0
S01009296,All parents aged 16 and over with dependent children,127,69,58
S01009296,Couple family: Total,118,62,56
S01009296,Couple family: Both parents working,100,52,48
S01009296,Couple family: One parent working,18,10,8
S01009296,Couple family: No parents working,0,0,0
S01009296,Lone parent family: Total,9,7,2
S01009296,Lone parent family: Parent working,4,3,1
S01009296,Lone parent family: Parent not working,5,4,1
S01009297,All parents aged 16 and over with dependent children,199,86,113
S01009297,Couple family: Total,188,80,108
S01009297,Couple family: Both parents working,150,68,82
S01009297,Couple family: One parent working,34,12,22
S01009297,Couple family: No parents working,4,0,4
S01009297,Lone parent family: Total,11,6,5
S01009297,Lone parent family: Parent working,8,5,3
S01009297,Lone parent family: Parent not working,3,1,2
S01009298,All parents aged 16 and over with dependent children,157,94,63
S01009298,Couple family: Total,114,64,50
S01009298,Couple family: Both parents working,66,36,30
S01009298,Couple family: One parent working,38,26,12
S01009298,Couple family: No parents working,10,2,8
S01009298,Lone parent family: Total,43,30,13
S01009298,Lone parent family: Parent working,24,14,10
S01009298,Lone parent family: Parent not working,19,16,3
S01009299,All parents aged 16 and over with dependent children,196,74,122
S01009299,Couple family: Total,174,62,112
S01009299,Couple family: Both parents working,128,48,80
S01009299,Couple family: One parent working,40,12,28
S01009299,Couple family: No parents working,6,2,4
S01009299,Lone parent family: Total,22,12,10
S01009299,Lone parent family: Parent working,17,11,6
S01009299,Lone parent family: Parent not working,5,1,4
S01009300,All parents aged 16 and over with dependent children,83,46,37
S01009300,Couple family: Total,66,32,34
S01009300,Couple family: Both parents working,44,22,22
S01009300,Couple family: One parent working,14,8,6
S01009300,Couple family: No parents working,8,2,6
S01009300,Lone parent family: Total,17,14,3
S01009300,Lone parent family: Parent working,13,11,2
S01009300,Lone parent family: Parent not working,4,3,1
S01009301,All parents aged 16 and over with dependent children,159,117,42
S01009301,Couple family: Total,108,74,34
S01009301,Couple family: Both parents working,56,34,22
S01009301,Couple family: One parent working,32,20,12
S01009301,Couple family: No parents working,20,20,0
S01009301,Lone parent family: Total,51,43,8
S01009301,Lone parent family: Parent working,22,19,3
S01009301,Lone parent family: Parent not working,29,24,5
S01009302,All parents aged 16 and over with dependent children,151,82,69
S01009302,Couple family: Total,78,34,44
S01009302,Couple family: Both parents working,34,20,14
S01009302,Couple family: One parent working,28,10,18
S01009302,Couple family: No parents working,16,4,12
S01009302,Lone parent family: Total,73,48,25
S01009302,Lone parent family: Parent working,42,28,14
S01009302,Lone parent family: Parent not working,31,20,11
S01009303,All parents aged 16 and over with dependent children,147,60,87
S01009303,Couple family: Total,138,54,84
S01009303,Couple family: Both parents working,112,42,70
S01009303,Couple family: One parent working,22,10,12
S01009303,Couple family: No parents working,4,2,2
S01009303,Lone parent family: Total,9,6,3
S01009303,Lone parent family: Parent working,6,5,1
S01009303,Lone parent family: Parent not working,3,1,2
S01009304,All parents aged 16 and over with dependent children,201,86,115
S01009304,Couple family: Total,172,72,100
S01009304,Couple family: Both parents working,130,60,70
S01009304,Couple family: One parent working,42,12,30
S01009304,Couple family: No parents working,0,0,0
S01009304,Lone parent family: Total,29,14,15
S01009304,Lone parent family: Parent working,19,12,7
S01009304,Lone parent family: Parent not working,10,2,8
S01009305,All parents aged 16 and over with dependent children,120,75,45
S01009305,Couple family: Total,100,60,40
S01009305,Couple family: Both parents working,74,48,26
S01009305,Couple family: One parent working,22,8,14
S01009305,Couple family: No parents working,4,4,0
S01009305,Lone parent family: Total,20,15,5
S01009305,Lone parent family: Parent working,15,10,5
S01009305,Lone parent family: Parent not working,5,5,0
S01009306,All parents aged 16 and over with dependent children,213,118,95
S01009306,Couple family: Total,152,72,80
S01009306,Couple family: Both parents working,104,48,56
S01009306,Couple family: One parent working,42,18,24
S01009306,Couple family: No parents working,6,6,0
S01009306,Lone parent family: Total,61,46,15
S01009306,Lone parent family: Parent working,33,27,6
S01009306,Lone parent family: Parent not working,28,19,9
S01009307,All parents aged 16 and over with dependent children,141,70,71
S01009307,Couple family: Total,114,54,60
S01009307,Couple family: Both parents working,78,46,32
S01009307,Couple family: One parent working,32,8,24
S01009307,Couple family: No parents working,4,0,4
S01009307,Lone parent family: Total,27,16,11
S01009307,Lone parent family: Parent working,16,8,8
S01009307,Lone parent family: Parent not working,11,8,3
S01009308,All parents aged 16 and over with dependent children,87,59,28
S01009308,Couple family: Total,72,50,22
S01009308,Couple family: Both parents working,42,30,12
S01009308,Couple family: One parent working,26,18,8
S01009308,Couple family: No parents working,4,2,2
S01009308,Lone parent family: Total,15,9,6
S01009308,Lone parent family: Parent working,10,6,4
S01009308,Lone parent family: Parent not working,5,3,2
S01009309,All parents aged 16 and over with dependent children,134,75,59
S01009309,Couple family: Total,120,70,50
S01009309,Couple family: Both parents working,92,58,34
S01009309,Couple family: One parent working,20,10,10
S01009309,Couple family: No parents working,8,2,6
S01009309,Lone parent family: Total,14,5,9
S01009309,Lone parent family: Parent working,10,5,5
S01009309,Lone parent family: Parent not working,4,0,4
S01009310,All parents aged 16 and over with dependent children,178,87,91
S01009310,Couple family: Total,162,76,86
S01009310,Couple family: Both parents working,128,58,70
S01009310,Couple family: One parent working,28,12,16
S01009310,Couple family: No parents working,6,6,0
S01009310,Lone parent family: Total,16,11,5
S01009310,Lone parent family: Parent working,12,8,4
S01009310,Lone parent family: Parent not working,4,3,1
S01009311,All parents aged 16 and over with dependent children,166,60,106
S01009311,Couple family: Total,130,44,86
S01009311,Couple family: Both parents working,52,24,28
S01009311,Couple family: One parent working,60,10,50
S01009311,Couple family: No parents working,18,10,8
S01009311,Lone parent family: Total,36,16,20
S01009311,Lone parent family: Parent working,16,10,6
S01009311,Lone parent family: Parent not working,20,6,14
S01009312,All parents aged 16 and over with dependent children,94,55,39
S01009312,Couple family: Total,74,42,32
S01009312,Couple family: Both parents working,46,24,22
S01009312,Couple family: One parent working,20,10,10
S01009312,Couple family: No parents working,8,8,0
S01009312,Lone parent family: Total,20,13,7
S01009312,Lone parent family: Parent working,15,9,6
S01009312,Lone parent family: Parent not working,5,4,1
S01009313,All parents aged 16 and over with dependent children,99,58,41
S01009313,Couple family: Total,72,34,38
S01009313,Couple family: Both parents working,52,24,28
S01009313,Couple family: One parent working,14,10,4
S01009313,Couple family: No parents working,6,0,6
S01009313,Lone parent family: Total,27,24,3
S01009313,Lone parent family: Parent working,15,12,3
S01009313,Lone parent family: Parent not working,12,12,0
S01009314,All parents aged 16 and over with dependent children,138,53,85
S01009314,Couple family: Total,126,46,80
S01009314,Couple family: Both parents working,98,34,64
S01009314,Couple family: One parent working,24,10,14
S01009314,Couple family: No parents working,4,2,2
S01009314,Lone parent family: Total,12,7,5
S01009314,Lone parent family: Parent working,10,6,4
S01009314,Lone parent family: Parent not working,2,1,1
S01009315,All parents aged 16 and over with dependent children,114,57,57
S01009315,Couple family: Total,86,38,48
S01009315,Couple family: Both parents working,62,26,36
S01009315,Couple family: One parent working,20,10,10
S01009315,Couple family: No parents working,4,2,2
S01009315,Lone parent family: Total,28,19,9
S01009315,Lone parent family: Parent working,19,12,7
S01009315,Lone parent family: Parent not working,9,7,2
S01009316,All parents aged 16 and over with dependent children,168,54,114
S01009316,Couple family: Total,158,48,110
S01009316,Couple family: Both parents working,136,42,94
S01009316,Couple family: One parent working,18,6,12
S01009316,Couple family: No parents working,4,0,4
S01009316,Lone parent family: Total,10,6,4
S01009316,Lone parent family: Parent working,8,6,2
S01009316,Lone parent family: Parent not working,2,0,2
S01009317,All parents aged 16 and over with dependent children,165,57,108
S01009317,Couple family: Total,150,50,100
S01009317,Couple family: Both parents working,122,42,80
S01009317,Couple family: One parent working,28,8,20
S01009317,Couple family: No parents working,0,0,0
S01009317,Lone parent family: Total,15,7,8
S01009317,Lone parent family: Parent working,12,6,6
S01009317,Lone parent family: Parent not working,3,1,2
S01009318,All parents aged 16 and over with dependent children,142,51,91
S01009318,Couple family: Total,132,48,84
S01009318,Couple family: Both parents working,120,40,80
S01009318,Couple family: One parent working,12,8,4
S01009318,Couple family: No parents working,0,0,0
S01009318,Lone parent family: Total,10,3,7
S01009318,Lone parent family: Parent working,10,3,7
S01009318,Lone parent family: Parent not working,0,0,0
S01009319,All parents aged 16 and over with dependent children,161,67,94
S01009319,Couple family: Total,154,62,92
S01009319,Couple family: Both parents working,132,54,78
S01009319,Couple family: One parent working,18,8,10
S01009319,Couple family: No parents working,4,0,4
S01009319,Lone parent family: Total,7,5,2
S01009319,Lone parent family: Parent working,6,5,1
S01009319,Lone parent family: Parent not working,1,0,1
S01009320,All parents aged 16 and over with dependent children,142,77,65
S01009320,Couple family: Total,126,64,62
S01009320,Couple family: Both parents working,106,56,50
S01009320,Couple family: One parent working,18,6,12
S01009320,Couple family: No parents working,2,2,0
S01009320,Lone parent family: Total,16,13,3
S01009320,Lone parent family: Parent working,10,7,3
S01009320,Lone parent family: Parent not working,6,6,0
S01009321,All parents aged 16 and over with dependent children,147,75,72
S01009321,Couple family: Total,138,68,70
S01009321,Couple family: Both parents working,108,58,50
S01009321,Couple family: One parent working,24,8,16
S01009321,Couple family: No parents working,6,2,4
S01009321,Lone parent family: Total,9,7,2
S01009321,Lone parent family: Parent working,7,5,2
S01009321,Lone parent family: Parent not working,2,2,0
S01009322,All parents aged 16 and over with dependent children,147,57,90
S01009322,Couple family: Total,132,48,84
S01009322,Couple family: Both parents working,94,34,60
S01009322,Couple family: One parent working,30,8,22
S01009322,Couple family: No parents working,8,6,2
S01009322,Lone parent family: Total,15,9,6
S01009322,Lone parent family: Parent working,11,7,4
S01009322,Lone parent family: Parent not working,4,2,2
S01009323,All parents aged 16 and over with dependent children,89,51,38
S01009323,Couple family: Total,60,30,30
S01009323,Couple family: Both parents working,52,26,26
S01009323,Couple family: One parent working,8,4,4
S01009323,Couple family: No parents working,0,0,0
S01009323,Lone parent family: Total,29,21,8
S01009323,Lone parent family: Parent working,20,15,5
S01009323,Lone parent family: Parent not working,9,6,3
S01009324,All parents aged 16 and over with dependent children,91,55,36
S01009324,Couple family: Total,62,36,26
S01009324,Couple family: Both parents working,48,30,18
S01009324,Couple family: One parent working,14,6,8
S01009324,Couple family: No parents working,0,0,0
S01009324,Lone parent family: Total,29,19,10
S01009324,Lone parent family: Parent working,20,17,3
S01009324,Lone parent family: Parent not working,9,2,7
S01009325,All parents aged 16 and over with dependent children,220,102,118
S01009325,Couple family: Total,198,92,106
S01009325,Couple family: Both parents working,176,80,96
S01009325,Couple family: One parent working,20,12,8
S01009325,Couple family: No parents working,2,0,2
S01009325,Lone parent family: Total,22,10,12
S01009325,Lone parent family: Parent working,17,8,9
S01009325,Lone parent family: Parent not working,5,2,3
S01009326,All parents aged 16 and over with dependent children,202,70,132
S01009326,Couple family: Total,170,50,120
S01009326,Couple family: Both parents working,134,36,98
S01009326,Couple family: One parent working,32,14,18
S01009326,Couple family: No parents working,4,0,4
S01009326,Lone parent family: Total,32,20,12
S01009326,Lone parent family: Parent working,27,17,10
S01009326,Lone parent family: Parent not working,5,3,2
S01009327,All parents aged 16 and over with dependent children,107,46,61
S01009327,Couple family: Total,90,36,54
S01009327,Couple family: Both parents working,62,28,34
S01009327,Couple family: One parent working,26,8,18
S01009327,Couple family: No parents working,2,0,2
S01009327,Lone parent family: Total,17,10,7
S01009327,Lone parent family: Parent working,12,8,4
S01009327,Lone parent family: Parent not working,5,2,3
S01009328,All parents aged 16 and over with dependent children,240,114,126
S01009328,Couple family: Total,236,110,126
S01009328,Couple family: Both parents working,198,100,98
S01009328,Couple family: One parent working,38,10,28
S01009328,Couple family: No parents working,0,0,0
S01009328,Lone parent family: Total,4,4,0
S01009328,Lone parent family: Parent working,4,4,0
S01009328,Lone parent family: Parent not working,0,0,0
S01009329,All parents aged 16 and over with dependent children,107,41,66
S01009329,Couple family: Total,88,30,58
S01009329,Couple family: Both parents working,66,24,42
S01009329,Couple family: One parent working,18,4,14
S01009329,Couple family: No parents working,4,2,2
S01009329,Lone parent family: Total,19,11,8
S01009329,Lone parent family: Parent working,14,8,6
S01009329,Lone parent family: Parent not working,5,3,2
S01009330,All parents aged 16 and over with dependent children,164,87,77
S01009330,Couple family: Total,138,74,64
S01009330,Couple family: Both parents working,92,60,32
S01009330,Couple family: One parent working,42,10,32
S01009330,Couple family: No parents working,4,4,0
S01009330,Lone parent family: Total,26,13,13
S01009330,Lone parent family: Parent working,13,7,6
S01009330,Lone parent family: Parent not working,13,6,7
S01009331,All parents aged 16 and over with dependent children,212,95,117
S01009331,Couple family: Total,204,90,114
S01009331,Couple family: Both parents working,164,80,84
S01009331,Couple family: One parent working,38,8,30
S01009331,Couple family: No parents working,2,2,0
S01009331,Lone parent family: Total,8,5,3
S01009331,Lone parent family: Parent working,8,5,3
S01009331,Lone parent family: Parent not working,0,0,0
S01009332,All parents aged 16 and over with dependent children,230,106,124
S01009332,Couple family: Total,216,96,120
S01009332,Couple family: Both parents working,174,80,94
S01009332,Couple family: One parent working,36,12,24
S01009332,Couple family: No parents working,6,4,2
S01009332,Lone parent family: Total,14,10,4
S01009332,Lone parent family: Parent working,13,10,3
S01009332,Lone parent family: Parent not working,1,0,1
S01009333,All parents aged 16 and over with dependent children,155,76,79
S01009333,Couple family: Total,120,54,66
S01009333,Couple family: Both parents working,98,50,48
S01009333,Couple family: One parent working,18,4,14
S01009333,Couple family: No parents working,4,0,4
S01009333,Lone parent family: Total,35,22,13
S01009333,Lone parent family: Parent working,20,13,7
S01009333,Lone parent family: Parent not working,15,9,6
S01009334,All parents aged 16 and over with dependent children,127,65,62
S01009334,Couple family: Total,80,36,44
S01009334,Couple family: Both parents working,40,18,22
S01009334,Couple family: One parent working,20,8,12
S01009334,Couple family: No parents working,20,10,10
S01009334,Lone parent family: Total,47,29,18
S01009334,Lone parent family: Parent working,29,16,13
S01009334,Lone parent family: Parent not working,18,13,5
S01009335,All parents aged 16 and over with dependent children,151,79,72
S01009335,Couple family: Total,116,60,56
S01009335,Couple family: Both parents working,84,42,42
S01009335,Couple family: One parent working,20,14,6
S01009335,Couple family: No parents working,12,4,8
S01009335,Lone parent family: Total,35,19,16
S01009335,Lone parent family: Parent working,15,8,7
S01009335,Lone parent family: Parent not working,20,11,9
S01009336,All parents aged 16 and over with dependent children,149,90,59
S01009336,Couple family: Total,86,46,40
S01009336,Couple family: Both parents working,42,22,20
S01009336,Couple family: One parent working,36,20,16
S01009336,Couple family: No parents working,8,4,4
S01009336,Lone parent family: Total,63,44,19
S01009336,Lone parent family: Parent working,20,14,6
S01009336,Lone parent family: Parent not working,43,30,13
S01009337,All parents aged 16 and over with dependent children,173,78,95
S01009337,Couple family: Total,120,48,72
S01009337,Couple family: Both parents working,62,22,40
S01009337,Couple family: One parent working,40,18,22
S01009337,Couple family: No parents working,18,8,10
S01009337,Lone parent family: Total,53,30,23
S01009337,Lone parent family: Parent working,24,11,13
S01009337,Lone parent family: Parent not working,29,19,10
S01009338,All parents aged 16 and over with dependent children,106,45,61
S01009338,Couple family: Total,80,28,52
S01009338,Couple family: Both parents working,40,14,26
S01009338,Couple family: One parent working,28,10,18
S01009338,Couple family: No parents working,12,4,8
S01009338,Lone parent family: Total,26,17,9
S01009338,Lone parent family: Parent working,13,10,3
S01009338,Lone parent family: Parent not working,13,7,6
S01009339,All parents aged 16 and over with dependent children,196,95,101
S01009339,Couple family: Total,128,60,68
S01009339,Couple family: Both parents working,78,32,46
S01009339,Couple family: One parent working,36,20,16
S01009339,Couple family: No parents working,14,8,6
S01009339,Lone parent family: Total,68,35,33
S01009339,Lone parent family: Parent working,29,16,13
S01009339,Lone parent family: Parent not working,39,19,20
S01009340,All parents aged 16 and over with dependent children,113,62,51
S01009340,Couple family: Total,70,38,32
S01009340,Couple family: Both parents working,42,26,16
S01009340,Couple family: One parent working,20,8,12
S01009340,Couple family: No parents working,8,4,4
S01009340,Lone parent family: Total,43,24,19
S01009340,Lone parent family: Parent working,31,18,13
S01009340,Lone parent family: Parent not working,12,6,6
S01009341,All parents aged 16 and over with dependent children,104,54,50
S01009341,Couple family: Total,82,42,40
S01009341,Couple family: Both parents working,56,38,18
S01009341,Couple family: One parent working,18,4,14
S01009341,Couple family: No parents working,8,0,8
S01009341,Lone parent family: Total,22,12,10
S01009341,Lone parent family: Parent working,11,8,3
S01009341,Lone parent family: Parent not working,11,4,7
S01009342,All parents aged 16 and over with dependent children,155,78,77
S01009342,Couple family: Total,124,62,62
S01009342,Couple family: Both parents working,88,48,40
S01009342,Couple family: One parent working,30,14,16
S01009342,Couple family: No parents working,6,0,6
S01009342,Lone parent family: Total,31,16,15
S01009342,Lone parent family: Parent working,21,12,9
S01009342,Lone parent family: Parent not working,10,4,6
S01009343,All parents aged 16 and over with dependent children,135,77,58
S01009343,Couple family: Total,104,56,48
S01009343,Couple family: Both parents working,82,44,38
S01009343,Couple family: One parent working,20,10,10
S01009343,Couple family: No parents working,2,2,0
S01009343,Lone parent family: Total,31,21,10
S01009343,Lone parent family: Parent working,22,15,7
S01009343,Lone parent family: Parent not working,9,6,3
S01009344,All parents aged 16 and over with dependent children,125,80,45
S01009344,Couple family: Total,96,60,36
S01009344,Couple family: Both parents working,66,46,20
S01009344,Couple family: One parent working,22,8,14
S01009344,Couple family: No parents working,8,6,2
S01009344,Lone parent family: Total,29,20,9
S01009344,Lone parent family: Parent working,17,13,4
S01009344,Lone parent family: Parent not working,12,7,5
S01009345,All parents aged 16 and over with dependent children,225,101,124
S01009345,Couple family: Total,174,68,106
S01009345,Couple family: Both parents working,128,50,78
S01009345,Couple family: One parent working,34,14,20
S01009345,Couple family: No parents working,12,4,8
S01009345,Lone parent family: Total,51,33,18
S01009345,Lone parent family: Parent working,38,26,12
S01009345,Lone parent family: Parent not working,13,7,6
S01009346,All parents aged 16 and over with dependent children,270,109,161
S01009346,Couple family: Total,256,102,154
S01009346,Couple family: Both parents working,216,92,124
S01009346,Couple family: One parent working,38,8,30
S01009346,Couple family: No parents working,2,2,0
S01009346,Lone parent family: Total,14,7,7
S01009346,Lone parent family: Parent working,13,6,7
S01009346,Lone parent family: Parent not working,1,1,0
S01009347,All parents aged 16 and over with dependent children,268,100,168
S01009347,Couple family: Total,262,98,164
S01009347,Couple family: Both parents working,216,84,132
S01009347,Couple family: One parent working,42,14,28
S01009347,Couple family: No parents working,4,0,4
S01009347,Lone parent family: Total,6,2,4
S01009347,Lone parent family: Parent working,5,2,3
S01009347,Lone parent family: Parent not working,1,0,1
S01009348,All parents aged 16 and over with dependent children,196,77,119
S01009348,Couple family: Total,190,74,116
S01009348,Couple family: Both parents working,156,66,90
S01009348,Couple family: One parent working,34,8,26
S01009348,Couple family: No parents working,0,0,0
S01009348,Lone parent family: Total,6,3,3
S01009348,Lone parent family: Parent working,5,2,3
S01009348,Lone parent family: Parent not working,1,1,0
S01009349,All parents aged 16 and over with dependent children,271,95,176
S01009349,Couple family: Total,254,86,168
S01009349,Couple family: Both parents working,200,76,124
S01009349,Couple family: One parent working,50,8,42
S01009349,Couple family: No parents working,4,2,2
S01009349,Lone parent family: Total,17,9,8
S01009349,Lone parent family: Parent working,15,8,7
S01009349,Lone parent family: Parent not working,2,1,1
S01009350,All parents aged 16 and over with dependent children,199,86,113
S01009350,Couple family: Total,170,68,102
S01009350,Couple family: Both parents working,126,42,84
S01009350,Couple family: One parent working,44,26,18
S01009350,Couple family: No parents working,0,0,0
S01009350,Lone parent family: Total,29,18,11
S01009350,Lone parent family: Parent working,20,14,6
S01009350,Lone parent family: Parent not working,9,4,5
S01009351,All parents aged 16 and over with dependent children,148,65,83
S01009351,Couple family: Total,138,60,78
S01009351,Couple family: Both parents working,110,50,60
S01009351,Couple family: One parent working,22,4,18
S01009351,Couple family: No parents working,6,6,0
S01009351,Lone parent family: Total,10,5,5
S01009351,Lone parent family: Parent working,7,3,4
S01009351,Lone parent family: Parent not working,3,2,1
S01009352,All parents aged 16 and over with dependent children,263,94,169
S01009352,Couple family: Total,240,82,158
S01009352,Couple family: Both parents working,186,74,112
S01009352,Couple family: One parent working,52,8,44
S01009352,Couple family: No parents working,2,0,2
S01009352,Lone parent family: Total,23,12,11
S01009352,Lone parent family: Parent working,19,10,9
S01009352,Lone parent family: Parent not working,4,2,2
S01009353,All parents aged 16 and over with dependent children,122,46,76
S01009353,Couple family: Total,114,40,74
S01009353,Couple family: Both parents working,82,32,50
S01009353,Couple family: One parent working,30,8,22
S01009353,Couple family: No parents working,2,0,2
S01009353,Lone parent family: Total,8,6,2
S01009353,Lone parent family: Parent working,6,4,2
S01009353,Lone parent family: Parent not working,2,2,0
S01009354,All parents aged 16 and over with dependent children,329,116,213
S01009354,Couple family: Total,314,112,202
S01009354,Couple family: Both parents working,256,102,154
S01009354,Couple family: One parent working,56,10,46
S01009354,Couple family: No parents working,2,0,2
S01009354,Lone parent family: Total,15,4,11
S01009354,Lone parent family: Parent working,12,4,8
S01009354,Lone parent family: Parent not working,3,0,3
S01009355,All parents aged 16 and over with dependent children,162,73,89
S01009355,Couple family: Total,146,66,80
S01009355,Couple family: Both parents working,124,60,64
S01009355,Couple family: One parent working,18,2,16
S01009355,Couple family: No parents working,4,4,0
S01009355,Lone parent family: Total,16,7,9
S01009355,Lone parent family: Parent working,14,6,8
S01009355,Lone parent family: Parent not working,2,1,1
S01009356,All parents aged 16 and over with dependent children,179,87,92
S01009356,Couple family: Total,160,74,86
S01009356,Couple family: Both parents working,136,62,74
S01009356,Couple family: One parent working,18,10,8
S01009356,Couple family: No parents working,6,2,4
S01009356,Lone parent family: Total,19,13,6
S01009356,Lone parent family: Parent working,15,12,3
S01009356,Lone parent family: Parent not working,4,1,3
S01009357,All parents aged 16 and over with dependent children,138,52,86
S01009357,Couple family: Total,126,46,80
S01009357,Couple family: Both parents working,110,42,68
S01009357,Couple family: One parent working,16,4,12
S01009357,Couple family: No parents working,0,0,0
S01009357,Lone parent family: Total,12,6,6
S01009357,Lone parent family: Parent working,11,5,6
S01009357,Lone parent family: Parent not working,1,1,0
S01009358,All parents aged 16 and over with dependent children,213,69,144
S01009358,Couple family: Total,206,66,140
S01009358,Couple family: Both parents working,162,54,108
S01009358,Couple family: One parent working,40,8,32
S01009358,Couple family: No parents working,4,4,0
S01009358,Lone parent family: Total,7,3,4
S01009358,Lone parent family: Parent working,6,2,4
S01009358,Lone parent family: Parent not working,1,1,0
S01009359,All parents aged 16 and over with dependent children,245,104,141
S01009359,Couple family: Total,222,92,130
S01009359,Couple family: Both parents working,170,76,94
S01009359,Couple family: One parent working,48,16,32
S01009359,Couple family: No parents working,4,0,4
S01009359,Lone parent family: Total,23,12,11
S01009359,Lone parent family: Parent working,16,11,5
S01009359,Lone parent family: Parent not working,7,1,6
S01009360,All parents aged 16 and over with dependent children,167,83,84
S01009360,Couple family: Total,146,66,80
S01009360,Couple family: Both parents working,114,52,62
S01009360,Couple family: One parent working,28,12,16
S01009360,Couple family: No parents working,4,2,2
S01009360,Lone parent family: Total,21,17,4
S01009360,Lone parent family: Parent working,18,15,3
S01009360,Lone parent family: Parent not working,3,2,1
S01009361,All parents aged 16 and over with dependent children,147,66,81
S01009361,Couple family: Total,130,56,74
S01009361,Couple family: Both parents working,106,48,58
S01009361,Couple family: One parent working,22,6,16
S01009361,Couple family: No parents working,2,2,0
S01009361,Lone parent family: Total,17,10,7
S01009361,Lone parent family: Parent working,13,8,5
S01009361,Lone parent family: Parent not working,4,2,2
S01009362,All parents aged 16 and over with dependent children,217,114,103
S01009362,Couple family: Total,204,106,98
S01009362,Couple family: Both parents working,164,92,72
S01009362,Couple family: One parent working,38,12,26
S01009362,Couple family: No parents working,2,2,0
S01009362,Lone parent family: Total,13,8,5
S01009362,Lone parent family: Parent working,11,7,4
S01009362,Lone parent family: Parent not working,2,1,1
S01009363,All parents aged 16 and over with dependent children,173,80,93
S01009363,Couple family: Total,144,62,82
S01009363,Couple family: Both parents working,114,46,68
S01009363,Couple family: One parent working,20,12,8
S01009363,Couple family: No parents working,10,4,6
S01009363,Lone parent family: Total,29,18,11
S01009363,Lone parent family: Parent working,20,11,9
S01009363,Lone parent family: Parent not working,9,7,2
S01009364,All parents aged 16 and over with dependent children,187,82,105
S01009364,Couple family: Total,162,68,94
S01009364,Couple family: Both parents working,124,54,70
S01009364,Couple family: One parent working,30,12,18
S01009364,Couple family: No parents working,8,2,6
S01009364,Lone parent family: Total,25,14,11
S01009364,Lone parent family: Parent working,21,12,9
S01009364,Lone parent family: Parent not working,4,2,2
S01009365,All parents aged 16 and over with dependent children,102,57,45
S01009365,Couple family: Total,80,44,36
S01009365,Couple family: Both parents working,62,36,26
S01009365,Couple family: One parent working,18,8,10
S01009365,Couple family: No parents working,0,0,0
S01009365,Lone parent family: Total,22,13,9
S01009365,Lone parent family: Parent working,18,11,7
S01009365,Lone parent family: Parent not working,4,2,2
S01009366,All parents aged 16 and over with dependent children,134,62,72
S01009366,Couple family: Total,102,44,58
S01009366,Couple family: Both parents working,70,34,36
S01009366,Couple family: One parent working,22,6,16
S01009366,Couple family: No parents working,10,4,6
S01009366,Lone parent family: Total,32,18,14
S01009366,Lone parent family: Parent working,17,12,5
S01009366,Lone parent family: Parent not working,15,6,9
S01009367,All parents aged 16 and over with dependent children,142,78,64
S01009367,Couple family: Total,112,56,56
S01009367,Couple family: Both parents working,78,44,34
S01009367,Couple family: One parent working,24,10,14
S01009367,Couple family: No parents working,10,2,8
S01009367,Lone parent family: Total,30,22,8
S01009367,Lone parent family: Parent working,24,18,6
S01009367,Lone parent family: Parent not working,6,4,2
S01009368,All parents aged 16 and over with dependent children,133,49,84
S01009368,Couple family: Total,108,40,68
S01009368,Couple family: Both parents working,60,26,34
S01009368,Couple family: One parent working,38,12,26
S01009368,Couple family: No parents working,10,2,8
S01009368,Lone parent family: Total,25,9,16
S01009368,Lone parent family: Parent working,15,7,8
S01009368,Lone parent family: Parent not working,10,2,8
S01009369,All parents aged 16 and over with dependent children,139,80,59
S01009369,Couple family: Total,116,68,48
S01009369,Couple family: Both parents working,94,56,38
S01009369,Couple family: One parent working,20,10,10
S01009369,Couple family: No parents working,2,2,0
S01009369,Lone parent family: Total,23,12,11
S01009369,Lone parent family: Parent working,13,7,6
S01009369,Lone parent family: Parent not working,10,5,5
S01009370,All parents aged 16 and over with dependent children,125,74,51
S01009370,Couple family: Total,96,54,42
S01009370,Couple family: Both parents working,78,46,32
S01009370,Couple family: One parent working,18,8,10
S01009370,Couple family: No parents working,0,0,0
S01009370,Lone parent family: Total,29,20,9
S01009370,Lone parent family: Parent working,19,12,7
S01009370,Lone parent family: Parent not working,10,8,2
S01009371,All parents aged 16 and over with dependent children,110,58,52
S01009371,Couple family: Total,92,46,46
S01009371,Couple family: Both parents working,64,36,28
S01009371,Couple family: One parent working,18,4,14
S01009371,Couple family: No parents working,10,6,4
S01009371,Lone parent family: Total,18,12,6
S01009371,Lone parent family: Parent working,10,8,2
S01009371,Lone parent family: Parent not working,8,4,4
S01009372,All parents aged 16 and over with dependent children,112,58,54
S01009372,Couple family: Total,94,48,46
S01009372,Couple family: Both parents working,54,28,26
S01009372,Couple family: One parent working,36,18,18
S01009372,Couple family: No parents working,4,2,2
S01009372,Lone parent family: Total,18,10,8
S01009372,Lone parent family: Parent working,10,8,2
S01009372,Lone parent family: Parent not working,8,2,6
S01009373,All parents aged 16 and over with dependent children,170,88,82
S01009373,Couple family: Total,124,60,64
S01009373,Couple family: Both parents working,64,36,28
S01009373,Couple family: One parent working,44,22,22
S01009373,Couple family: No parents working,16,2,14
S01009373,Lone parent family: Total,46,28,18
S01009373,Lone parent family: Parent working,28,19,9
S01009373,Lone parent family: Parent not working,18,9,9
S01009374,All parents aged 16 and over with dependent children,147,86,61
S01009374,Couple family: Total,124,72,52
S01009374,Couple family: Both parents working,84,56,28
S01009374,Couple family: One parent working,28,8,20
S01009374,Couple family: No parents working,12,8,4
S01009374,Lone parent family: Total,23,14,9
S01009374,Lone parent family: Parent working,14,9,5
S01009374,Lone parent family: Parent not working,9,5,4
S01009375,All parents aged 16 and over with dependent children,174,79,95
S01009375,Couple family: Total,132,50,82
S01009375,Couple family: Both parents working,92,34,58
S01009375,Couple family: One parent working,32,12,20
S01009375,Couple family: No parents working,8,4,4
S01009375,Lone parent family: Total,42,29,13
S01009375,Lone parent family: Parent working,21,13,8
S01009375,Lone parent family: Parent not working,21,16,5
S01009376,All parents aged 16 and over with dependent children,114,47,67
S01009376,Couple family: Total,92,36,56
S01009376,Couple family: Both parents working,68,28,40
S01009376,Couple family: One parent working,20,6,14
S01009376,Couple family: No parents working,4,2,2
S01009376,Lone parent family: Total,22,11,11
S01009376,Lone parent family: Parent working,11,6,5
S01009376,Lone parent family: Parent not working,11,5,6
S01009377,All parents aged 16 and over with dependent children,280,128,152
S01009377,Couple family: Total,232,96,136
S01009377,Couple family: Both parents working,170,80,90
S01009377,Couple family: One parent working,52,10,42
S01009377,Couple family: No parents working,10,6,4
S01009377,Lone parent family: Total,48,32,16
S01009377,Lone parent family: Parent working,33,24,9
S01009377,Lone parent family: Parent not working,15,8,7
S01009378,All parents aged 16 and over with dependent children,264,125,139
S01009378,Couple family: Total,190,84,106
S01009378,Couple family: Both parents working,124,56,68
S01009378,Couple family: One parent working,54,26,28
S01009378,Couple family: No parents working,12,2,10
S01009378,Lone parent family: Total,74,41,33
S01009378,Lone parent family: Parent working,42,29,13
S01009378,Lone parent family: Parent not working,32,12,20
S01009379,All parents aged 16 and over with dependent children,329,143,186
S01009379,Couple family: Total,290,122,168
S01009379,Couple family: Both parents working,220,104,116
S01009379,Couple family: One parent working,60,12,48
S01009379,Couple family: No parents working,10,6,4
S01009379,Lone parent family: Total,39,21,18
S01009379,Lone parent family: Parent working,18,13,5
S01009379,Lone parent family: Parent not working,21,8,13
S01009380,All parents aged 16 and over with dependent children,140,77,63
S01009380,Couple family: Total,124,68,56
S01009380,Couple family: Both parents working,74,42,32
S01009380,Couple family: One parent working,48,26,22
S01009380,Couple family: No parents working,2,0,2
S01009380,Lone parent family: Total,16,9,7
S01009380,Lone parent family: Parent working,8,4,4
S01009380,Lone parent family: Parent not working,8,5,3
S01009381,All parents aged 16 and over with dependent children,138,87,51
S01009381,Couple family: Total,120,74,46
S01009381,Couple family: Both parents working,92,64,28
S01009381,Couple family: One parent working,24,8,16
S01009381,Couple family: No parents working,4,2,2
S01009381,Lone parent family: Total,18,13,5
S01009381,Lone parent family: Parent working,14,12,2
S01009381,Lone parent family: Parent not working,4,1,3
S01009382,All parents aged 16 and over with dependent children,136,74,62
S01009382,Couple family: Total,112,58,54
S01009382,Couple family: Both parents working,72,38,34
S01009382,Couple family: One parent working,38,18,20
S01009382,Couple family: No parents working,2,2,0
S01009382,Lone parent family: Total,24,16,8
S01009382,Lone parent family: Parent working,16,11,5
S01009382,Lone parent family: Parent not working,8,5,3
S01009383,All parents aged 16 and over with dependent children,142,84,58
S01009383,Couple family: Total,98,54,44
S01009383,Couple family: Both parents working,74,42,32
S01009383,Couple family: One parent working,16,8,8
S01009383,Couple family: No parents working,8,4,4
S01009383,Lone parent family: Total,44,30,14
S01009383,Lone parent family: Parent working,25,17,8
S01009383,Lone parent family: Parent not working,19,13,6
S01009384,All parents aged 16 and over with dependent children,113,36,77
S01009384,Couple family: Total,104,34,70
S01009384,Couple family: Both parents working,86,28,58
S01009384,Couple family: One parent working,12,4,8
S01009384,Couple family: No parents working,6,2,4
S01009384,Lone parent family: Total,9,2,7
S01009384,Lone parent family: Parent working,8,2,6
S01009384,Lone parent family: Parent not working,1,0,1
S01009385,All parents aged 16 and over with dependent children,99,45,54
S01009385,Couple family: Total,78,34,44
S01009385,Couple family: Both parents working,60,24,36
S01009385,Couple family: One parent working,18,10,8
S01009385,Couple family: No parents working,0,0,0
S01009385,Lone parent family: Total,21,11,10
S01009385,Lone parent family: Parent working,15,10,5
S01009385,Lone parent family: Parent not working,6,1,5
S01009386,All parents aged 16 and over with dependent children,138,59,79
S01009386,Couple family: Total,116,48,68
S01009386,Couple family: Both parents working,78,36,42
S01009386,Couple family: One parent working,28,6,22
S01009386,Couple family: No parents working,10,6,4
S01009386,Lone parent family: Total,22,11,11
S01009386,Lone parent family: Parent working,12,9,3
S01009386,Lone parent family: Parent not working,10,2,8
S01009387,All parents aged 16 and over with dependent children,127,69,58
S01009387,Couple family: Total,90,48,42
S01009387,Couple family: Both parents working,52,34,18
S01009387,Couple family: One parent working,30,14,16
S01009387,Couple family: No parents working,8,0,8
S01009387,Lone parent family: Total,37,21,16
S01009387,Lone parent family: Parent working,13,8,5
S01009387,Lone parent family: Parent not working,24,13,11
S01009388,All parents aged 16 and over with dependent children,234,127,107
S01009388,Couple family: Total,152,78,74
S01009388,Couple family: Both parents working,78,52,26
S01009388,Couple family: One parent working,52,22,30
S01009388,Couple family: No parents working,22,4,18
S01009388,Lone parent family: Total,82,49,33
S01009388,Lone parent family: Parent working,32,23,9
S01009388,Lone parent family: Parent not working,50,26,24
S01009389,All parents aged 16 and over with dependent children,141,67,74
S01009389,Couple family: Total,128,56,72
S01009389,Couple family: Both parents working,90,36,54
S01009389,Couple family: One parent working,28,12,16
S01009389,Couple family: No parents working,10,8,2
S01009389,Lone parent family: Total,13,11,2
S01009389,Lone parent family: Parent working,5,5,0
S01009389,Lone parent family: Parent not working,8,6,2
S01009390,All parents aged 16 and over with dependent children,279,113,166
S01009390,Couple family: Total,266,102,164
S01009390,Couple family: Both parents working,208,90,118
S01009390,Couple family: One parent working,56,12,44
S01009390,Couple family: No parents working,2,0,2
S01009390,Lone parent family: Total,13,11,2
S01009390,Lone parent family: Parent working,13,11,2
S01009390,Lone parent family: Parent not working,0,0,0
S01009391,All parents aged 16 and over with dependent children,224,98,126
S01009391,Couple family: Total,208,88,120
S01009391,Couple family: Both parents working,172,74,98
S01009391,Couple family: One parent working,32,12,20
S01009391,Couple family: No parents working,4,2,2
S01009391,Lone parent family: Total,16,10,6
S01009391,Lone parent family: Parent working,14,8,6
S01009391,Lone parent family: Parent not working,2,2,0
S01009392,All parents aged 16 and over with dependent children,211,63,148
S01009392,Couple family: Total,202,58,144
S01009392,Couple family: Both parents working,148,46,102
S01009392,Couple family: One parent working,54,12,42
S01009392,Couple family: No parents working,0,0,0
S01009392,Lone parent family: Total,9,5,4
S01009392,Lone parent family: Parent working,7,5,2
S01009392,Lone parent family: Parent not working,2,0,2
S01009393,All parents aged 16 and over with dependent children,161,88,73
S01009393,Couple family: Total,144,80,64
S01009393,Couple family: Both parents working,108,66,42
S01009393,Couple family: One parent working,34,14,20
S01009393,Couple family: No parents working,2,0,2
S01009393,Lone parent family: Total,17,8,9
S01009393,Lone parent family: Parent working,15,8,7
S01009393,Lone parent family: Parent not working,2,0,2
S01009394,All parents aged 16 and over with dependent children,182,85,97
S01009394,Couple family: Total,160,70,90
S01009394,Couple family: Both parents working,124,60,64
S01009394,Couple family: One parent working,36,10,26
S01009394,Couple family: No parents working,0,0,0
S01009394,Lone parent family: Total,22,15,7
S01009394,Lone parent family: Parent working,13,9,4
S01009394,Lone parent family: Parent not working,9,6,3
S01009395,All parents aged 16 and over with dependent children,110,45,65
S01009395,Couple family: Total,100,42,58
S01009395,Couple family: Both parents working,82,38,44
S01009395,Couple family: One parent working,18,4,14
S01009395,Couple family: No parents working,0,0,0
S01009395,Lone parent family: Total,10,3,7
S01009395,Lone parent family: Parent working,9,3,6
S01009395,Lone parent family: Parent not working,1,0,1
S01009396,All parents aged 16 and over with dependent children,147,49,98
S01009396,Couple family: Total,134,40,94
S01009396,Couple family: Both parents working,94,32,62
S01009396,Couple family: One parent working,40,8,32
S01009396,Couple family: No parents working,0,0,0
S01009396,Lone parent family: Total,13,9,4
S01009396,Lone parent family: Parent working,10,8,2
S01009396,Lone parent family: Parent not working,3,1,2
S01009397,All parents aged 16 and over with dependent children,120,37,83
S01009397,Couple family: Total,108,30,78
S01009397,Couple family: Both parents working,90,24,66
S01009397,Couple family: One parent working,18,6,12
S01009397,Couple family: No parents working,0,0,0
S01009397,Lone parent family: Total,12,7,5
S01009397,Lone parent family: Parent working,12,7,5
S01009397,Lone parent family: Parent not working,0,0,0
S01009398,All parents aged 16 and over with dependent children,171,90,81
S01009398,Couple family: Total,154,78,76
S01009398,Couple family: Both parents working,116,60,56
S01009398,Couple family: One parent working,32,16,16
S01009398,Couple family: No parents working,6,2,4
S01009398,Lone parent family: Total,17,12,5
S01009398,Lone parent family: Parent working,14,11,3
S01009398,Lone parent family: Parent not working,3,1,2
S01009399,All parents aged 16 and over with dependent children,126,46,80
S01009399,Couple family: Total,114,38,76
S01009399,Couple family: Both parents working,86,26,60
S01009399,Couple family: One parent working,22,12,10
S01009399,Couple family: No parents working,6,0,6
S01009399,Lone parent family: Total,12,8,4
S01009399,Lone parent family: Parent working,9,5,4
S01009399,Lone parent family: Parent not working,3,3,0
S01009400,All parents aged 16 and over with dependent children,98,46,52
S01009400,Couple family: Total,76,36,40
S01009400,Couple family: Both parents working,58,28,30
S01009400,Couple family: One parent working,18,8,10
S01009400,Couple family: No parents working,0,0,0
S01009400,Lone parent family: Total,22,10,12
S01009400,Lone parent family: Parent working,17,8,9
S01009400,Lone parent family: Parent not working,5,2,3
S01009401,All parents aged 16 and over with dependent children,134,54,80
S01009401,Couple family: Total,122,48,74
S01009401,Couple family: Both parents working,92,36,56
S01009401,Couple family: One parent working,30,12,18
S01009401,Couple family: No parents working,0,0,0
S01009401,Lone parent family: Total,12,6,6
S01009401,Lone parent family: Parent working,7,2,5
S01009401,Lone parent family: Parent not working,5,4,1
S01009402,All parents aged 16 and over with dependent children,204,76,128
S01009402,Couple family: Total,188,64,124
S01009402,Couple family: Both parents working,156,52,104
S01009402,Couple family: One parent working,26,8,18
S01009402,Couple family: No parents working,6,4,2
S01009402,Lone parent family: Total,16,12,4
S01009402,Lone parent family: Parent working,12,9,3
S01009402,Lone parent family: Parent not working,4,3,1
S01009403,All parents aged 16 and over with dependent children,152,62,90
S01009403,Couple family: Total,136,52,84
S01009403,Couple family: Both parents working,106,48,58
S01009403,Couple family: One parent working,28,4,24
S01009403,Couple family: No parents working,2,0,2
S01009403,Lone parent family: Total,16,10,6
S01009403,Lone parent family: Parent working,12,8,4
S01009403,Lone parent family: Parent not working,4,2,2
S01009404,All parents aged 16 and over with dependent children,103,58,45
S01009404,Couple family: Total,64,34,30
S01009404,Couple family: Both parents working,44,22,22
S01009404,Couple family: One parent working,16,10,6
S01009404,Couple family: No parents working,4,2,2
S01009404,Lone parent family: Total,39,24,15
S01009404,Lone parent family: Parent working,17,10,7
S01009404,Lone parent family: Parent not working,22,14,8
S01009405,All parents aged 16 and over with dependent children,89,29,60
S01009405,Couple family: Total,88,28,60
S01009405,Couple family: Both parents working,70,22,48
S01009405,Couple family: One parent working,14,6,8
S01009405,Couple family: No parents working,4,0,4
S01009405,Lone parent family: Total,1,1,0
S01009405,Lone parent family: Parent working,1,1,0
S01009405,Lone parent family: Parent not working,0,0,0
S01009406,All parents aged 16 and over with dependent children,176,83,93
S01009406,Couple family: Total,144,62,82
S01009406,Couple family: Both parents working,96,40,56
S01009406,Couple family: One parent working,44,18,26
S01009406,Couple family: No parents working,4,4,0
S01009406,Lone parent family: Total,32,21,11
S01009406,Lone parent family: Parent working,20,15,5
S01009406,Lone parent family: Parent not working,12,6,6
S01009407,All parents aged 16 and over with dependent children,109,56,53
S01009407,Couple family: Total,98,50,48
S01009407,Couple family: Both parents working,74,38,36
S01009407,Couple family: One parent working,24,12,12
S01009407,Couple family: No parents working,0,0,0
S01009407,Lone parent family: Total,11,6,5
S01009407,Lone parent family: Parent working,6,4,2
S01009407,Lone parent family: Parent not working,5,2,3
S01009408,All parents aged 16 and over with dependent children,169,79,90
S01009408,Couple family: Total,150,72,78
S01009408,Couple family: Both parents working,110,60,50
S01009408,Couple family: One parent working,38,12,26
S01009408,Couple family: No parents working,2,0,2
S01009408,Lone parent family: Total,19,7,12
S01009408,Lone parent family: Parent working,12,6,6
S01009408,Lone parent family: Parent not working,7,1,6
S01009409,All parents aged 16 and over with dependent children,132,77,55
S01009409,Couple family: Total,102,54,48
S01009409,Couple family: Both parents working,76,46,30
S01009409,Couple family: One parent working,16,2,14
S01009409,Couple family: No parents working,10,6,4
S01009409,Lone parent family: Total,30,23,7
S01009409,Lone parent family: Parent working,18,13,5
S01009409,Lone parent family: Parent not working,12,10,2
S01009410,All parents aged 16 and over with dependent children,189,94,95
S01009410,Couple family: Total,152,70,82
S01009410,Couple family: Both parents working,78,40,38
S01009410,Couple family: One parent working,50,20,30
S01009410,Couple family: No parents working,24,10,14
S01009410,Lone parent family: Total,37,24,13
S01009410,Lone parent family: Parent working,21,15,6
S01009410,Lone parent family: Parent not working,16,9,7
S01009411,All parents aged 16 and over with dependent children,185,85,100
S01009411,Couple family: Total,156,66,90
S01009411,Couple family: Both parents working,92,50,42
S01009411,Couple family: One parent working,50,16,34
S01009411,Couple family: No parents working,14,0,14
S01009411,Lone parent family: Total,29,19,10
S01009411,Lone parent family: Parent working,14,11,3
S01009411,Lone parent family: Parent not working,15,8,7
S01009412,All parents aged 16 and over with dependent children,155,82,73
S01009412,Couple family: Total,126,62,64
S01009412,Couple family: Both parents working,94,54,40
S01009412,Couple family: One parent working,32,8,24
S01009412,Couple family: No parents working,0,0,0
S01009412,Lone parent family: Total,29,20,9
S01009412,Lone parent family: Parent working,16,11,5
S01009412,Lone parent family: Parent not working,13,9,4
S01009413,All parents aged 16 and over with dependent children,190,110,80
S01009413,Couple family: Total,168,94,74
S01009413,Couple family: Both parents working,126,78,48
S01009413,Couple family: One parent working,38,16,22
S01009413,Couple family: No parents working,4,0,4
S01009413,Lone parent family: Total,22,16,6
S01009413,Lone parent family: Parent working,13,9,4
S01009413,Lone parent family: Parent not working,9,7,2
S01009414,All parents aged 16 and over with dependent children,116,47,69
S01009414,Couple family: Total,90,40,50
S01009414,Couple family: Both parents working,62,28,34
S01009414,Couple family: One parent working,24,10,14
S01009414,Couple family: No parents working,4,2,2
S01009414,Lone parent family: Total,26,7,19
S01009414,Lone parent family: Parent working,17,3,14
S01009414,Lone parent family: Parent not working,9,4,5
S01009415,All parents aged 16 and over with dependent children,149,76,73
S01009415,Couple family: Total,122,54,68
S01009415,Couple family: Both parents working,84,38,46
S01009415,Couple family: One parent working,30,12,18
S01009415,Couple family: No parents working,8,4,4
S01009415,Lone parent family: Total,27,22,5
S01009415,Lone parent family: Parent working,12,10,2
S01009415,Lone parent family: Parent not working,15,12,3
S01009416,All parents aged 16 and over with dependent children,124,64,60
S01009416,Couple family: Total,110,56,54
S01009416,Couple family: Both parents working,86,46,40
S01009416,Couple family: One parent working,20,10,10
S01009416,Couple family: No parents working,4,0,4
S01009416,Lone parent family: Total,14,8,6
S01009416,Lone parent family: Parent working,11,7,4
S01009416,Lone parent family: Parent not working,3,1,2
S01009417,All parents aged 16 and over with dependent children,85,31,54
S01009417,Couple family: Total,78,28,50
S01009417,Couple family: Both parents working,68,26,42
S01009417,Couple family: One parent working,8,2,6
S01009417,Couple family: No parents working,2,0,2
S01009417,Lone parent family: Total,7,3,4
S01009417,Lone parent family: Parent working,6,2,4
S01009417,Lone parent family: Parent not working,1,1,0
S01009418,All parents aged 16 and over with dependent children,191,107,84
S01009418,Couple family: Total,162,88,74
S01009418,Couple family: Both parents working,120,68,52
S01009418,Couple family: One parent working,28,8,20
S01009418,Couple family: No parents working,14,12,2
S01009418,Lone parent family: Total,29,19,10
S01009418,Lone parent family: Parent working,15,10,5
S01009418,Lone parent family: Parent not working,14,9,5
S01009419,All parents aged 16 and over with dependent children,128,60,68
S01009419,Couple family: Total,102,44,58
S01009419,Couple family: Both parents working,66,30,36
S01009419,Couple family: One parent working,32,14,18
S01009419,Couple family: No parents working,4,0,4
S01009419,Lone parent family: Total,26,16,10
S01009419,Lone parent family: Parent working,13,8,5
S01009419,Lone parent family: Parent not working,13,8,5
S01009420,All parents aged 16 and over with dependent children,162,82,80
S01009420,Couple family: Total,112,50,62
S01009420,Couple family: Both parents working,46,20,26
S01009420,Couple family: One parent working,48,20,28
S01009420,Couple family: No parents working,18,10,8
S01009420,Lone parent family: Total,50,32,18
S01009420,Lone parent family: Parent working,25,16,9
S01009420,Lone parent family: Parent not working,25,16,9
S01009421,All parents aged 16 and over with dependent children,157,65,92
S01009421,Couple family: Total,110,40,70
S01009421,Couple family: Both parents working,56,24,32
S01009421,Couple family: One parent working,34,6,28
S01009421,Couple family: No parents working,20,10,10
S01009421,Lone parent family: Total,47,25,22
S01009421,Lone parent family: Parent working,19,10,9
S01009421,Lone parent family: Parent not working,28,15,13
S01009422,All parents aged 16 and over with dependent children,159,74,85
S01009422,Couple family: Total,130,56,74
S01009422,Couple family: Both parents working,92,48,44
S01009422,Couple family: One parent working,30,4,26
S01009422,Couple family: No parents working,8,4,4
S01009422,Lone parent family: Total,29,18,11
S01009422,Lone parent family: Parent working,21,13,8
S01009422,Lone parent family: Parent not working,8,5,3
S01009423,All parents aged 16 and over with dependent children,276,117,159
S01009423,Couple family: Total,262,108,154
S01009423,Couple family: Both parents working,222,94,128
S01009423,Couple family: One parent working,36,14,22
S01009423,Couple family: No parents working,4,0,4
S01009423,Lone parent family: Total,14,9,5
S01009423,Lone parent family: Parent working,10,6,4
S01009423,Lone parent family: Parent not working,4,3,1
S01009424,All parents aged 16 and over with dependent children,117,67,50
S01009424,Couple family: Total,110,62,48
S01009424,Couple family: Both parents working,78,46,32
S01009424,Couple family: One parent working,24,10,14
S01009424,Couple family: No parents working,8,6,2
S01009424,Lone parent family: Total,7,5,2
S01009424,Lone parent family: Parent working,7,5,2
S01009424,Lone parent family: Parent not working,0,0,0
S01009425,All parents aged 16 and over with dependent children,114,70,44
S01009425,Couple family: Total,86,48,38
S01009425,Couple family: Both parents working,64,36,28
S01009425,Couple family: One parent working,16,10,6
S01009425,Couple family: No parents working,6,2,4
S01009425,Lone parent family: Total,28,22,6
S01009425,Lone parent family: Parent working,16,14,2
S01009425,Lone parent family: Parent not working,12,8,4
S01009426,All parents aged 16 and over with dependent children,129,77,52
S01009426,Couple family: Total,82,48,34
S01009426,Couple family: Both parents working,40,30,10
S01009426,Couple family: One parent working,30,12,18
S01009426,Couple family: No parents working,12,6,6
S01009426,Lone parent family: Total,47,29,18
S01009426,Lone parent family: Parent working,25,15,10
S01009426,Lone parent family: Parent not working,22,14,8
S01009427,All parents aged 16 and over with dependent children,106,72,34
S01009427,Couple family: Total,74,52,22
S01009427,Couple family: Both parents working,44,32,12
S01009427,Couple family: One parent working,18,10,8
S01009427,Couple family: No parents working,12,10,2
S01009427,Lone parent family: Total,32,20,12
S01009427,Lone parent family: Parent working,23,17,6
S01009427,Lone parent family: Parent not working,9,3,6
S01009428,All parents aged 16 and over with dependent children,136,59,77
S01009428,Couple family: Total,96,44,52
S01009428,Couple family: Both parents working,56,30,26
S01009428,Couple family: One parent working,30,10,20
S01009428,Couple family: No parents working,10,4,6
S01009428,Lone parent family: Total,40,15,25
S01009428,Lone parent family: Parent working,23,11,12
S01009428,Lone parent family: Parent not working,17,4,13
S01009429,All parents aged 16 and over with dependent children,119,61,58
S01009429,Couple family: Total,80,36,44
S01009429,Couple family: Both parents working,56,32,24
S01009429,Couple family: One parent working,20,4,16
S01009429,Couple family: No parents working,4,0,4
S01009429,Lone parent family: Total,39,25,14
S01009429,Lone parent family: Parent working,19,14,5
S01009429,Lone parent family: Parent not working,20,11,9
S01009430,All parents aged 16 and over with dependent children,140,70,70
S01009430,Couple family: Total,100,50,50
S01009430,Couple family: Both parents working,54,24,30
S01009430,Couple family: One parent working,28,18,10
S01009430,Couple family: No parents working,18,8,10
S01009430,Lone parent family: Total,40,20,20
S01009430,Lone parent family: Parent working,26,12,14
S01009430,Lone parent family: Parent not working,14,8,6
S01009431,All parents aged 16 and over with dependent children,127,70,57
S01009431,Couple family: Total,92,48,44
S01009431,Couple family: Both parents working,64,30,34
S01009431,Couple family: One parent working,22,16,6
S01009431,Couple family: No parents working,6,2,4
S01009431,Lone parent family: Total,35,22,13
S01009431,Lone parent family: Parent working,15,11,4
S01009431,Lone parent family: Parent not working,20,11,9
S01009432,All parents aged 16 and over with dependent children,175,74,101
S01009432,Couple family: Total,124,48,76
S01009432,Couple family: Both parents working,62,28,34
S01009432,Couple family: One parent working,34,16,18
S01009432,Couple family: No parents working,28,4,24
S01009432,Lone parent family: Total,51,26,25
S01009432,Lone parent family: Parent working,27,15,12
S01009432,Lone parent family: Parent not working,24,11,13
S01009433,All parents aged 16 and over with dependent children,188,93,95
S01009433,Couple family: Total,130,60,70
S01009433,Couple family: Both parents working,52,32,20
S01009433,Couple family: One parent working,56,20,36
S01009433,Couple family: No parents working,22,8,14
S01009433,Lone parent family: Total,58,33,25
S01009433,Lone parent family: Parent working,29,14,15
S01009433,Lone parent family: Parent not working,29,19,10
S01009434,All parents aged 16 and over with dependent children,106,53,53
S01009434,Couple family: Total,74,32,42
S01009434,Couple family: Both parents working,40,22,18
S01009434,Couple family: One parent working,22,4,18
S01009434,Couple family: No parents working,12,6,6
S01009434,Lone parent family: Total,32,21,11
S01009434,Lone parent family: Parent working,18,15,3
S01009434,Lone parent family: Parent not working,14,6,8
S01009435,All parents aged 16 and over with dependent children,172,84,88
S01009435,Couple family: Total,104,36,68
S01009435,Couple family: Both parents working,46,18,28
S01009435,Couple family: One parent working,40,12,28
S01009435,Couple family: No parents working,18,6,12
S01009435,Lone parent family: Total,68,48,20
S01009435,Lone parent family: Parent working,25,18,7
S01009435,Lone parent family: Parent not working,43,30,13
S01009436,All parents aged 16 and over with dependent children,172,89,83
S01009436,Couple family: Total,134,66,68
S01009436,Couple family: Both parents working,66,40,26
S01009436,Couple family: One parent working,52,18,34
S01009436,Couple family: No parents working,16,8,8
S01009436,Lone parent family: Total,38,23,15
S01009436,Lone parent family: Parent working,24,12,12
S01009436,Lone parent family: Parent not working,14,11,3
S01009437,All parents aged 16 and over with dependent children,139,80,59
S01009437,Couple family: Total,120,66,54
S01009437,Couple family: Both parents working,90,54,36
S01009437,Couple family: One parent working,22,8,14
S01009437,Couple family: No parents working,8,4,4
S01009437,Lone parent family: Total,19,14,5
S01009437,Lone parent family: Parent working,15,13,2
S01009437,Lone parent family: Parent not working,4,1,3
S01009438,All parents aged 16 and over with dependent children,171,82,89
S01009438,Couple family: Total,138,64,74
S01009438,Couple family: Both parents working,68,36,32
S01009438,Couple family: One parent working,42,18,24
S01009438,Couple family: No parents working,28,10,18
S01009438,Lone parent family: Total,33,18,15
S01009438,Lone parent family: Parent working,19,10,9
S01009438,Lone parent family: Parent not working,14,8,6
S01009439,All parents aged 16 and over with dependent children,202,106,96
S01009439,Couple family: Total,150,82,68
S01009439,Couple family: Both parents working,84,52,32
S01009439,Couple family: One parent working,42,20,22
S01009439,Couple family: No parents working,24,10,14
S01009439,Lone parent family: Total,52,24,28
S01009439,Lone parent family: Parent working,22,12,10
S01009439,Lone parent family: Parent not working,30,12,18
S01009440,All parents aged 16 and over with dependent children,114,64,50
S01009440,Couple family: Total,88,44,44
S01009440,Couple family: Both parents working,54,32,22
S01009440,Couple family: One parent working,16,4,12
S01009440,Couple family: No parents working,18,8,10
S01009440,Lone parent family: Total,26,20,6
S01009440,Lone parent family: Parent working,18,14,4
S01009440,Lone parent family: Parent not working,8,6,2
S01009441,All parents aged 16 and over with dependent children,198,94,104
S01009441,Couple family: Total,128,52,76
S01009441,Couple family: Both parents working,78,36,42
S01009441,Couple family: One parent working,38,16,22
S01009441,Couple family: No parents working,12,0,12
S01009441,Lone parent family: Total,70,42,28
S01009441,Lone parent family: Parent working,36,26,10
S01009441,Lone parent family: Parent not working,34,16,18
S01009442,All parents aged 16 and over with dependent children,147,65,82
S01009442,Couple family: Total,134,60,74
S01009442,Couple family: Both parents working,88,42,46
S01009442,Couple family: One parent working,40,14,26
S01009442,Couple family: No parents working,6,4,2
S01009442,Lone parent family: Total,13,5,8
S01009442,Lone parent family: Parent working,6,2,4
S01009442,Lone parent family: Parent not working,7,3,4
S01009443,All parents aged 16 and over with dependent children,136,60,76
S01009443,Couple family: Total,114,44,70
S01009443,Couple family: Both parents working,94,36,58
S01009443,Couple family: One parent working,16,4,12
S01009443,Couple family: No parents working,4,4,0
S01009443,Lone parent family: Total,22,16,6
S01009443,Lone parent family: Parent working,15,12,3
S01009443,Lone parent family: Parent not working,7,4,3
S01009444,All parents aged 16 and over with dependent children,197,66,131
S01009444,Couple family: Total,180,58,122
S01009444,Couple family: Both parents working,136,42,94
S01009444,Couple family: One parent working,30,12,18
S01009444,Couple family: No parents working,14,4,10
S01009444,Lone parent family: Total,17,8,9
S01009444,Lone parent family: Parent working,12,5,7
S01009444,Lone parent family: Parent not working,5,3,2
S01009445,All parents aged 16 and over with dependent children,153,71,82
S01009445,Couple family: Total,124,54,70
S01009445,Couple family: Both parents working,88,38,50
S01009445,Couple family: One parent working,30,14,16
S01009445,Couple family: No parents working,6,2,4
S01009445,Lone parent family: Total,29,17,12
S01009445,Lone parent family: Parent working,18,10,8
S01009445,Lone parent family: Parent not working,11,7,4
S01009446,All parents aged 16 and over with dependent children,168,103,65
S01009446,Couple family: Total,110,58,52
S01009446,Couple family: Both parents working,62,34,28
S01009446,Couple family: One parent working,36,18,18
S01009446,Couple family: No parents working,12,6,6
S01009446,Lone parent family: Total,58,45,13
S01009446,Lone parent family: Parent working,40,33,7
S01009446,Lone parent family: Parent not working,18,12,6
S01009447,All parents aged 16 and over with dependent children,83,51,32
S01009447,Couple family: Total,58,32,26
S01009447,Couple family: Both parents working,40,22,18
S01009447,Couple family: One parent working,6,0,6
S01009447,Couple family: No parents working,12,10,2
S01009447,Lone parent family: Total,25,19,6
S01009447,Lone parent family: Parent working,13,10,3
S01009447,Lone parent family: Parent not working,12,9,3
S01009448,All parents aged 16 and over with dependent children,175,94,81
S01009448,Couple family: Total,148,76,72
S01009448,Couple family: Both parents working,100,58,42
S01009448,Couple family: One parent working,34,14,20
S01009448,Couple family: No parents working,14,4,10
S01009448,Lone parent family: Total,27,18,9
S01009448,Lone parent family: Parent working,18,13,5
S01009448,Lone parent family: Parent not working,9,5,4
S01009449,All parents aged 16 and over with dependent children,105,47,58
S01009449,Couple family: Total,80,34,46
S01009449,Couple family: Both parents working,52,26,26
S01009449,Couple family: One parent working,18,6,12
S01009449,Couple family: No parents working,10,2,8
S01009449,Lone parent family: Total,25,13,12
S01009449,Lone parent family: Parent working,15,8,7
S01009449,Lone parent family: Parent not working,10,5,5
S01009450,All parents aged 16 and over with dependent children,135,82,53
S01009450,Couple family: Total,86,44,42
S01009450,Couple family: Both parents working,48,30,18
S01009450,Couple family: One parent working,30,8,22
S01009450,Couple family: No parents working,8,6,2
S01009450,Lone parent family: Total,49,38,11
S01009450,Lone parent family: Parent working,22,16,6
S01009450,Lone parent family: Parent not working,27,22,5
S01009451,All parents aged 16 and over with dependent children,230,104,126
S01009451,Couple family: Total,172,72,100
S01009451,Couple family: Both parents working,96,46,50
S01009451,Couple family: One parent working,54,18,36
S01009451,Couple family: No parents working,22,8,14
S01009451,Lone parent family: Total,58,32,26
S01009451,Lone parent family: Parent working,23,14,9
S01009451,Lone parent family: Parent not working,35,18,17
S01009452,All parents aged 16 and over with dependent children,97,58,39
S01009452,Couple family: Total,74,38,36
S01009452,Couple family: Both parents working,54,34,20
S01009452,Couple family: One parent working,14,2,12
S01009452,Couple family: No parents working,6,2,4
S01009452,Lone parent family: Total,23,20,3
S01009452,Lone parent family: Parent working,7,6,1
S01009452,Lone parent family: Parent not working,16,14,2
S01009453,All parents aged 16 and over with dependent children,195,112,83
S01009453,Couple family: Total,144,78,66
S01009453,Couple family: Both parents working,98,54,44
S01009453,Couple family: One parent working,26,14,12
S01009453,Couple family: No parents working,20,10,10
S01009453,Lone parent family: Total,51,34,17
S01009453,Lone parent family: Parent working,33,24,9
S01009453,Lone parent family: Parent not working,18,10,8
S01009454,All parents aged 16 and over with dependent children,211,94,117
S01009454,Couple family: Total,188,76,112
S01009454,Couple family: Both parents working,146,58,88
S01009454,Couple family: One parent working,36,18,18
S01009454,Couple family: No parents working,6,0,6
S01009454,Lone parent family: Total,23,18,5
S01009454,Lone parent family: Parent working,14,11,3
S01009454,Lone parent family: Parent not working,9,7,2
S01009455,All parents aged 16 and over with dependent children,152,55,97
S01009455,Couple family: Total,144,50,94
S01009455,Couple family: Both parents working,92,34,58
S01009455,Couple family: One parent working,50,16,34
S01009455,Couple family: No parents working,2,0,2
S01009455,Lone parent family: Total,8,5,3
S01009455,Lone parent family: Parent working,7,4,3
S01009455,Lone parent family: Parent not working,1,1,0
S01009456,All parents aged 16 and over with dependent children,93,53,40
S01009456,Couple family: Total,70,34,36
S01009456,Couple family: Both parents working,44,26,18
S01009456,Couple family: One parent working,22,4,18
S01009456,Couple family: No parents working,4,4,0
S01009456,Lone parent family: Total,23,19,4
S01009456,Lone parent family: Parent working,11,8,3
S01009456,Lone parent family: Parent not working,12,11,1
S01009457,All parents aged 16 and over with dependent children,116,50,66
S01009457,Couple family: Total,104,42,62
S01009457,Couple family: Both parents working,74,32,42
S01009457,Couple family: One parent working,24,8,16
S01009457,Couple family: No parents working,6,2,4
S01009457,Lone parent family: Total,12,8,4
S01009457,Lone parent family: Parent working,12,8,4
S01009457,Lone parent family: Parent not working,0,0,0
S01009458,All parents aged 16 and over with dependent children,131,56,75
S01009458,Couple family: Total,108,42,66
S01009458,Couple family: Both parents working,76,32,44
S01009458,Couple family: One parent working,24,6,18
S01009458,Couple family: No parents working,8,4,4
S01009458,Lone parent family: Total,23,14,9
S01009458,Lone parent family: Parent working,13,8,5
S01009458,Lone parent family: Parent not working,10,6,4
S01009459,All parents aged 16 and over with dependent children,175,85,90
S01009459,Couple family: Total,148,66,82
S01009459,Couple family: Both parents working,94,46,48
S01009459,Couple family: One parent working,40,14,26
S01009459,Couple family: No parents working,14,6,8
S01009459,Lone parent family: Total,27,19,8
S01009459,Lone parent family: Parent working,16,9,7
S01009459,Lone parent family: Parent not working,11,10,1
S01009460,All parents aged 16 and over with dependent children,214,110,104
S01009460,Couple family: Total,164,80,84
S01009460,Couple family: Both parents working,72,42,30
S01009460,Couple family: One parent working,60,24,36
S01009460,Couple family: No parents working,32,14,18
S01009460,Lone parent family: Total,50,30,20
S01009460,Lone parent family: Parent working,25,16,9
S01009460,Lone parent family: Parent not working,25,14,11
S01009461,All parents aged 16 and over with dependent children,179,67,112
S01009461,Couple family: Total,170,62,108
S01009461,Couple family: Both parents working,136,48,88
S01009461,Couple family: One parent working,30,12,18
S01009461,Couple family: No parents working,4,2,2
S01009461,Lone parent family: Total,9,5,4
S01009461,Lone parent family: Parent working,7,3,4
S01009461,Lone parent family: Parent not working,2,2,0
S01009462,All parents aged 16 and over with dependent children,148,56,92
S01009462,Couple family: Total,130,48,82
S01009462,Couple family: Both parents working,76,32,44
S01009462,Couple family: One parent working,50,16,34
S01009462,Couple family: No parents working,4,0,4
S01009462,Lone parent family: Total,18,8,10
S01009462,Lone parent family: Parent working,11,5,6
S01009462,Lone parent family: Parent not working,7,3,4
S01009463,All parents aged 16 and over with dependent children,116,59,57
S01009463,Couple family: Total,92,50,42
S01009463,Couple family: Both parents working,62,38,24
S01009463,Couple family: One parent working,24,10,14
S01009463,Couple family: No parents working,6,2,4
S01009463,Lone parent family: Total,24,9,15
S01009463,Lone parent family: Parent working,15,6,9
S01009463,Lone parent family: Parent not working,9,3,6
S01009464,All parents aged 16 and over with dependent children,194,111,83
S01009464,Couple family: Total,172,96,76
S01009464,Couple family: Both parents working,126,72,54
S01009464,Couple family: One parent working,40,20,20
S01009464,Couple family: No parents working,6,4,2
S01009464,Lone parent family: Total,22,15,7
S01009464,Lone parent family: Parent working,17,11,6
S01009464,Lone parent family: Parent not working,5,4,1
S01009465,All parents aged 16 and over with dependent children,125,48,77
S01009465,Couple family: Total,104,36,68
S01009465,Couple family: Both parents working,74,28,46
S01009465,Couple family: One parent working,26,8,18
S01009465,Couple family: No parents working,4,0,4
S01009465,Lone parent family: Total,21,12,9
S01009465,Lone parent family: Parent working,15,9,6
S01009465,Lone parent family: Parent not working,6,3,3
S01009466,All parents aged 16 and over with dependent children,94,44,50
S01009466,Couple family: Total,80,36,44
S01009466,Couple family: Both parents working,70,32,38
S01009466,Couple family: One parent working,10,4,6
S01009466,Couple family: No parents working,0,0,0
S01009466,Lone parent family: Total,14,8,6
S01009466,Lone parent family: Parent working,14,8,6
S01009466,Lone parent family: Parent not working,0,0,0
S01009467,All parents aged 16 and over with dependent children,161,61,100
S01009467,Couple family: Total,142,50,92
S01009467,Couple family: Both parents working,112,38,74
S01009467,Couple family: One parent working,30,12,18
S01009467,Couple family: No parents working,0,0,0
S01009467,Lone parent family: Total,19,11,8
S01009467,Lone parent family: Parent working,15,8,7
S01009467,Lone parent family: Parent not working,4,3,1
S01009468,All parents aged 16 and over with dependent children,135,65,70
S01009468,Couple family: Total,114,50,64
S01009468,Couple family: Both parents working,80,38,42
S01009468,Couple family: One parent working,28,10,18
S01009468,Couple family: No parents working,6,2,4
S01009468,Lone parent family: Total,21,15,6
S01009468,Lone parent family: Parent working,12,9,3
S01009468,Lone parent family: Parent not working,9,6,3
S01009469,All parents aged 16 and over with dependent children,142,61,81
S01009469,Couple family: Total,118,46,72
S01009469,Couple family: Both parents working,86,34,52
S01009469,Couple family: One parent working,28,10,18
S01009469,Couple family: No parents working,4,2,2
S01009469,Lone parent family: Total,24,15,9
S01009469,Lone parent family: Parent working,17,11,6
S01009469,Lone parent family: Parent not working,7,4,3
S01009470,All parents aged 16 and over with dependent children,88,48,40
S01009470,Couple family: Total,66,38,28
S01009470,Couple family: Both parents working,44,28,16
S01009470,Couple family: One parent working,18,8,10
S01009470,Couple family: No parents working,4,2,2
S01009470,Lone parent family: Total,22,10,12
S01009470,Lone parent family: Parent working,14,7,7
S01009470,Lone parent family: Parent not working,8,3,5
S01009471,All parents aged 16 and over with dependent children,77,54,23
S01009471,Couple family: Total,56,38,18
S01009471,Couple family: Both parents working,34,28,6
S01009471,Couple family: One parent working,12,6,6
S01009471,Couple family: No parents working,10,4,6
S01009471,Lone parent family: Total,21,16,5
S01009471,Lone parent family: Parent working,7,6,1
S01009471,Lone parent family: Parent not working,14,10,4
S01009472,All parents aged 16 and over with dependent children,216,111,105
S01009472,Couple family: Total,148,66,82
S01009472,Couple family: Both parents working,80,36,44
S01009472,Couple family: One parent working,46,16,30
S01009472,Couple family: No parents working,22,14,8
S01009472,Lone parent family: Total,68,45,23
S01009472,Lone parent family: Parent working,28,20,8
S01009472,Lone parent family: Parent not working,40,25,15
S01009473,All parents aged 16 and over with dependent children,183,121,62
S01009473,Couple family: Total,122,74,48
S01009473,Couple family: Both parents working,64,48,16
S01009473,Couple family: One parent working,34,16,18
S01009473,Couple family: No parents working,24,10,14
S01009473,Lone parent family: Total,61,47,14
S01009473,Lone parent family: Parent working,35,26,9
S01009473,Lone parent family: Parent not working,26,21,5
S01009474,All parents aged 16 and over with dependent children,218,106,112
S01009474,Couple family: Total,172,80,92
S01009474,Couple family: Both parents working,102,40,62
S01009474,Couple family: One parent working,50,32,18
S01009474,Couple family: No parents working,20,8,12
S01009474,Lone parent family: Total,46,26,20
S01009474,Lone parent family: Parent working,22,16,6
S01009474,Lone parent family: Parent not working,24,10,14
S01009475,All parents aged 16 and over with dependent children,152,74,78
S01009475,Couple family: Total,132,62,70
S01009475,Couple family: Both parents working,106,50,56
S01009475,Couple family: One parent working,20,10,10
S01009475,Couple family: No parents working,6,2,4
S01009475,Lone parent family: Total,20,12,8
S01009475,Lone parent family: Parent working,15,7,8
S01009475,Lone parent family: Parent not working,5,5,0
S01009476,All parents aged 16 and over with dependent children,157,59,98
S01009476,Couple family: Total,152,56,96
S01009476,Couple family: Both parents working,122,50,72
S01009476,Couple family: One parent working,28,4,24
S01009476,Couple family: No parents working,2,2,0
S01009476,Lone parent family: Total,5,3,2
S01009476,Lone parent family: Parent working,4,2,2
S01009476,Lone parent family: Parent not working,1,1,0
S01009477,All parents aged 16 and over with dependent children,149,67,82
S01009477,Couple family: Total,132,56,76
S01009477,Couple family: Both parents working,98,40,58
S01009477,Couple family: One parent working,28,12,16
S01009477,Couple family: No parents working,6,4,2
S01009477,Lone parent family: Total,17,11,6
S01009477,Lone parent family: Parent working,10,7,3
S01009477,Lone parent family: Parent not working,7,4,3
S01009478,All parents aged 16 and over with dependent children,135,95,40
S01009478,Couple family: Total,102,64,38
S01009478,Couple family: Both parents working,56,36,20
S01009478,Couple family: One parent working,44,26,18
S01009478,Couple family: No parents working,2,2,0
S01009478,Lone parent family: Total,33,31,2
S01009478,Lone parent family: Parent working,17,15,2
S01009478,Lone parent family: Parent not working,16,16,0
S01009479,All parents aged 16 and over with dependent children,112,48,64
S01009479,Couple family: Total,96,36,60
S01009479,Couple family: Both parents working,60,18,42
S01009479,Couple family: One parent working,34,18,16
S01009479,Couple family: No parents working,2,0,2
S01009479,Lone parent family: Total,16,12,4
S01009479,Lone parent family: Parent working,7,3,4
S01009479,Lone parent family: Parent not working,9,9,0
S01009480,All parents aged 16 and over with dependent children,132,71,61
S01009480,Couple family: Total,118,62,56
S01009480,Couple family: Both parents working,100,54,46
S01009480,Couple family: One parent working,18,8,10
S01009480,Couple family: No parents working,0,0,0
S01009480,Lone parent family: Total,14,9,5
S01009480,Lone parent family: Parent working,9,6,3
S01009480,Lone parent family: Parent not working,5,3,2
S01009481,All parents aged 16 and over with dependent children,139,74,65
S01009481,Couple family: Total,114,60,54
S01009481,Couple family: Both parents working,96,50,46
S01009481,Couple family: One parent working,18,10,8
S01009481,Couple family: No parents working,0,0,0
S01009481,Lone parent family: Total,25,14,11
S01009481,Lone parent family: Parent working,17,9,8
S01009481,Lone parent family: Parent not working,8,5,3
S01009482,All parents aged 16 and over with dependent children,99,58,41
S01009482,Couple family: Total,78,42,36
S01009482,Couple family: Both parents working,44,24,20
S01009482,Couple family: One parent working,30,16,14
S01009482,Couple family: No parents working,4,2,2
S01009482,Lone parent family: Total,21,16,5
S01009482,Lone parent family: Parent working,11,8,3
S01009482,Lone parent family: Parent not working,10,8,2
S01009483,All parents aged 16 and over with dependent children,123,63,60
S01009483,Couple family: Total,94,44,50
S01009483,Couple family: Both parents working,60,26,34
S01009483,Couple family: One parent working,32,16,16
S01009483,Couple family: No parents working,2,2,0
S01009483,Lone parent family: Total,29,19,10
S01009483,Lone parent family: Parent working,16,9,7
S01009483,Lone parent family: Parent not working,13,10,3
S01009484,All parents aged 16 and over with dependent children,108,63,45
S01009484,Couple family: Total,84,46,38
S01009484,Couple family: Both parents working,60,36,24
S01009484,Couple family: One parent working,16,8,8
S01009484,Couple family: No parents working,8,2,6
S01009484,Lone parent family: Total,24,17,7
S01009484,Lone parent family: Parent working,15,12,3
S01009484,Lone parent family: Parent not working,9,5,4
S01009485,All parents aged 16 and over with dependent children,148,77,71
S01009485,Couple family: Total,120,60,60
S01009485,Couple family: Both parents working,68,36,32
S01009485,Couple family: One parent working,34,14,20
S01009485,Couple family: No parents working,18,10,8
S01009485,Lone parent family: Total,28,17,11
S01009485,Lone parent family: Parent working,11,6,5
S01009485,Lone parent family: Parent not working,17,11,6
S01009486,All parents aged 16 and over with dependent children,103,47,56
S01009486,Couple family: Total,86,32,54
S01009486,Couple family: Both parents working,60,22,38
S01009486,Couple family: One parent working,24,8,16
S01009486,Couple family: No parents working,2,2,0
S01009486,Lone parent family: Total,17,15,2
S01009486,Lone parent family: Parent working,12,11,1
S01009486,Lone parent family: Parent not working,5,4,1
S01009487,All parents aged 16 and over with dependent children,154,85,69
S01009487,Couple family: Total,122,58,64
S01009487,Couple family: Both parents working,82,46,36
S01009487,Couple family: One parent working,32,10,22
S01009487,Couple family: No parents working,8,2,6
S01009487,Lone parent family: Total,32,27,5
S01009487,Lone parent family: Parent working,17,15,2
S01009487,Lone parent family: Parent not working,15,12,3
S01009488,All parents aged 16 and over with dependent children,173,62,111
S01009488,Couple family: Total,150,56,94
S01009488,Couple family: Both parents working,114,42,72
S01009488,Couple family: One parent working,34,14,20
S01009488,Couple family: No parents working,2,0,2
S01009488,Lone parent family: Total,23,6,17
S01009488,Lone parent family: Parent working,11,3,8
S01009488,Lone parent family: Parent not working,12,3,9
S01009489,All parents aged 16 and over with dependent children,145,65,80
S01009489,Couple family: Total,110,42,68
S01009489,Couple family: Both parents working,70,24,46
S01009489,Couple family: One parent working,32,18,14
S01009489,Couple family: No parents working,8,0,8
S01009489,Lone parent family: Total,35,23,12
S01009489,Lone parent family: Parent working,16,8,8
S01009489,Lone parent family: Parent not working,19,15,4
S01009490,All parents aged 16 and over with dependent children,195,99,96
S01009490,Couple family: Total,122,48,74
S01009490,Couple family: Both parents working,58,28,30
S01009490,Couple family: One parent working,38,12,26
S01009490,Couple family: No parents working,26,8,18
S01009490,Lone parent family: Total,73,51,22
S01009490,Lone parent family: Parent working,40,25,15
S01009490,Lone parent family: Parent not working,33,26,7
S01009491,All parents aged 16 and over with dependent children,114,58,56
S01009491,Couple family: Total,86,42,44
S01009491,Couple family: Both parents working,62,30,32
S01009491,Couple family: One parent working,18,8,10
S01009491,Couple family: No parents working,6,4,2
S01009491,Lone parent family: Total,28,16,12
S01009491,Lone parent family: Parent working,11,6,5
S01009491,Lone parent family: Parent not working,17,10,7
S01009492,All parents aged 16 and over with dependent children,157,92,65
S01009492,Couple family: Total,122,74,48
S01009492,Couple family: Both parents working,90,60,30
S01009492,Couple family: One parent working,28,14,14
S01009492,Couple family: No parents working,4,0,4
S01009492,Lone parent family: Total,35,18,17
S01009492,Lone parent family: Parent working,19,9,10
S01009492,Lone parent family: Parent not working,16,9,7
S01009493,All parents aged 16 and over with dependent children,143,60,83
S01009493,Couple family: Total,140,58,82
S01009493,Couple family: Both parents working,94,40,54
S01009493,Couple family: One parent working,40,14,26
S01009493,Couple family: No parents working,6,4,2
S01009493,Lone parent family: Total,3,2,1
S01009493,Lone parent family: Parent working,3,2,1
S01009493,Lone parent family: Parent not working,0,0,0
S01009494,All parents aged 16 and over with dependent children,254,121,133
S01009494,Couple family: Total,232,108,124
S01009494,Couple family: Both parents working,174,90,84
S01009494,Couple family: One parent working,56,18,38
S01009494,Couple family: No parents working,2,0,2
S01009494,Lone parent family: Total,22,13,9
S01009494,Lone parent family: Parent working,15,9,6
S01009494,Lone parent family: Parent not working,7,4,3
S01009495,All parents aged 16 and over with dependent children,199,102,97
S01009495,Couple family: Total,178,88,90
S01009495,Couple family: Both parents working,144,74,70
S01009495,Couple family: One parent working,30,14,16
S01009495,Couple family: No parents working,4,0,4
S01009495,Lone parent family: Total,21,14,7
S01009495,Lone parent family: Parent working,17,13,4
S01009495,Lone parent family: Parent not working,4,1,3
S01009496,All parents aged 16 and over with dependent children,141,62,79
S01009496,Couple family: Total,116,46,70
S01009496,Couple family: Both parents working,94,36,58
S01009496,Couple family: One parent working,18,8,10
S01009496,Couple family: No parents working,4,2,2
S01009496,Lone parent family: Total,25,16,9
S01009496,Lone parent family: Parent working,18,11,7
S01009496,Lone parent family: Parent not working,7,5,2
S01009497,All parents aged 16 and over with dependent children,203,103,100
S01009497,Couple family: Total,170,82,88
S01009497,Couple family: Both parents working,130,62,68
S01009497,Couple family: One parent working,38,18,20
S01009497,Couple family: No parents working,2,2,0
S01009497,Lone parent family: Total,33,21,12
S01009497,Lone parent family: Parent working,27,17,10
S01009497,Lone parent family: Parent not working,6,4,2
S01009498,All parents aged 16 and over with dependent children,107,44,63
S01009498,Couple family: Total,94,40,54
S01009498,Couple family: Both parents working,84,36,48
S01009498,Couple family: One parent working,8,2,6
S01009498,Couple family: No parents working,2,2,0
S01009498,Lone parent family: Total,13,4,9
S01009498,Lone parent family: Parent working,10,4,6
S01009498,Lone parent family: Parent not working,3,0,3
S01009499,All parents aged 16 and over with dependent children,147,66,81
S01009499,Couple family: Total,122,50,72
S01009499,Couple family: Both parents working,90,42,48
S01009499,Couple family: One parent working,24,8,16
S01009499,Couple family: No parents working,8,0,8
S01009499,Lone parent family: Total,25,16,9
S01009499,Lone parent family: Parent working,16,9,7
S01009499,Lone parent family: Parent not working,9,7,2
S01009500,All parents aged 16 and over with dependent children,167,98,69
S01009500,Couple family: Total,120,66,54
S01009500,Couple family: Both parents working,72,46,26
S01009500,Couple family: One parent working,32,16,16
S01009500,Couple family: No parents working,16,4,12
S01009500,Lone parent family: Total,47,32,15
S01009500,Lone parent family: Parent working,23,14,9
S01009500,Lone parent family: Parent not working,24,18,6
S01009501,All parents aged 16 and over with dependent children,130,71,59
S01009501,Couple family: Total,100,52,48
S01009501,Couple family: Both parents working,46,20,26
S01009501,Couple family: One parent working,38,26,12
S01009501,Couple family: No parents working,16,6,10
S01009501,Lone parent family: Total,30,19,11
S01009501,Lone parent family: Parent working,16,12,4
S01009501,Lone parent family: Parent not working,14,7,7
S01009502,All parents aged 16 and over with dependent children,175,87,88
S01009502,Couple family: Total,138,62,76
S01009502,Couple family: Both parents working,74,40,34
S01009502,Couple family: One parent working,50,16,34
S01009502,Couple family: No parents working,14,6,8
S01009502,Lone parent family: Total,37,25,12
S01009502,Lone parent family: Parent working,20,14,6
S01009502,Lone parent family: Parent not working,17,11,6
S01009503,All parents aged 16 and over with dependent children,162,83,79
S01009503,Couple family: Total,126,58,68
S01009503,Couple family: Both parents working,100,54,46
S01009503,Couple family: One parent working,24,4,20
S01009503,Couple family: No parents working,2,0,2
S01009503,Lone parent family: Total,36,25,11
S01009503,Lone parent family: Parent working,23,17,6
S01009503,Lone parent family: Parent not working,13,8,5
S01009504,All parents aged 16 and over with dependent children,165,75,90
S01009504,Couple family: Total,116,42,74
S01009504,Couple family: Both parents working,68,30,38
S01009504,Couple family: One parent working,28,6,22
S01009504,Couple family: No parents working,20,6,14
S01009504,Lone parent family: Total,49,33,16
S01009504,Lone parent family: Parent working,21,16,5
S01009504,Lone parent family: Parent not working,28,17,11
S01009505,All parents aged 16 and over with dependent children,203,110,93
S01009505,Couple family: Total,124,56,68
S01009505,Couple family: Both parents working,48,26,22
S01009505,Couple family: One parent working,48,16,32
S01009505,Couple family: No parents working,28,14,14
S01009505,Lone parent family: Total,79,54,25
S01009505,Lone parent family: Parent working,34,20,14
S01009505,Lone parent family: Parent not working,45,34,11
S01009506,All parents aged 16 and over with dependent children,164,91,73
S01009506,Couple family: Total,102,50,52
S01009506,Couple family: Both parents working,60,36,24
S01009506,Couple family: One parent working,34,10,24
S01009506,Couple family: No parents working,8,4,4
S01009506,Lone parent family: Total,62,41,21
S01009506,Lone parent family: Parent working,26,18,8
S01009506,Lone parent family: Parent not working,36,23,13
S01009507,All parents aged 16 and over with dependent children,232,104,128
S01009507,Couple family: Total,196,88,108
S01009507,Couple family: Both parents working,138,74,64
S01009507,Couple family: One parent working,44,6,38
S01009507,Couple family: No parents working,14,8,6
S01009507,Lone parent family: Total,36,16,20
S01009507,Lone parent family: Parent working,16,7,9
S01009507,Lone parent family: Parent not working,20,9,11
S01009508,All parents aged 16 and over with dependent children,196,106,90
S01009508,Couple family: Total,124,66,58
S01009508,Couple family: Both parents working,74,42,32
S01009508,Couple family: One parent working,24,10,14
S01009508,Couple family: No parents working,26,14,12
S01009508,Lone parent family: Total,72,40,32
S01009508,Lone parent family: Parent working,40,22,18
S01009508,Lone parent family: Parent not working,32,18,14
S01009509,All parents aged 16 and over with dependent children,202,80,122
S01009509,Couple family: Total,156,64,92
S01009509,Couple family: Both parents working,78,34,44
S01009509,Couple family: One parent working,70,26,44
S01009509,Couple family: No parents working,8,4,4
S01009509,Lone parent family: Total,46,16,30
S01009509,Lone parent family: Parent working,21,9,12
S01009509,Lone parent family: Parent not working,25,7,18
S01009510,All parents aged 16 and over with dependent children,114,49,65
S01009510,Couple family: Total,100,40,60
S01009510,Couple family: Both parents working,70,32,38
S01009510,Couple family: One parent working,26,6,20
S01009510,Couple family: No parents working,4,2,2
S01009510,Lone parent family: Total,14,9,5
S01009510,Lone parent family: Parent working,13,8,5
S01009510,Lone parent family: Parent not working,1,1,0
S01009511,All parents aged 16 and over with dependent children,103,51,52
S01009511,Couple family: Total,90,42,48
S01009511,Couple family: Both parents working,78,38,40
S01009511,Couple family: One parent working,8,2,6
S01009511,Couple family: No parents working,4,2,2
S01009511,Lone parent family: Total,13,9,4
S01009511,Lone parent family: Parent working,11,7,4
S01009511,Lone parent family: Parent not working,2,2,0
S01009512,All parents aged 16 and over with dependent children,173,81,92
S01009512,Couple family: Total,154,70,84
S01009512,Couple family: Both parents working,122,58,64
S01009512,Couple family: One parent working,28,10,18
S01009512,Couple family: No parents working,4,2,2
S01009512,Lone parent family: Total,19,11,8
S01009512,Lone parent family: Parent working,17,9,8
S01009512,Lone parent family: Parent not working,2,2,0
S01009513,All parents aged 16 and over with dependent children,111,52,59
S01009513,Couple family: Total,98,48,50
S01009513,Couple family: Both parents working,82,36,46
S01009513,Couple family: One parent working,16,12,4
S01009513,Couple family: No parents working,0,0,0
S01009513,Lone parent family: Total,13,4,9
S01009513,Lone parent family: Parent working,12,4,8
S01009513,Lone parent family: Parent not working,1,0,1
S01009514,All parents aged 16 and over with dependent children,146,60,86
S01009514,Couple family: Total,134,52,82
S01009514,Couple family: Both parents working,118,48,70
S01009514,Couple family: One parent working,16,4,12
S01009514,Couple family: No parents working,0,0,0
S01009514,Lone parent family: Total,12,8,4
S01009514,Lone parent family: Parent working,10,8,2
S01009514,Lone parent family: Parent not working,2,0,2
S01009515,All parents aged 16 and over with dependent children,140,73,67
S01009515,Couple family: Total,108,52,56
S01009515,Couple family: Both parents working,86,50,36
S01009515,Couple family: One parent working,14,2,12
S01009515,Couple family: No parents working,8,0,8
S01009515,Lone parent family: Total,32,21,11
S01009515,Lone parent family: Parent working,21,16,5
S01009515,Lone parent family: Parent not working,11,5,6
S01009516,All parents aged 16 and over with dependent children,154,63,91
S01009516,Couple family: Total,132,46,86
S01009516,Couple family: Both parents working,94,34,60
S01009516,Couple family: One parent working,34,12,22
S01009516,Couple family: No parents working,4,0,4
S01009516,Lone parent family: Total,22,17,5
S01009516,Lone parent family: Parent working,16,12,4
S01009516,Lone parent family: Parent not working,6,5,1
S01009517,All parents aged 16 and over with dependent children,330,139,191
S01009517,Couple family: Total,304,124,180
S01009517,Couple family: Both parents working,252,110,142
S01009517,Couple family: One parent working,48,12,36
S01009517,Couple family: No parents working,4,2,2
S01009517,Lone parent family: Total,26,15,11
S01009517,Lone parent family: Parent working,19,14,5
S01009517,Lone parent family: Parent not working,7,1,6
S01009518,All parents aged 16 and over with dependent children,314,126,188
S01009518,Couple family: Total,292,116,176
S01009518,Couple family: Both parents working,244,98,146
S01009518,Couple family: One parent working,42,18,24
S01009518,Couple family: No parents working,6,0,6
S01009518,Lone parent family: Total,22,10,12
S01009518,Lone parent family: Parent working,18,9,9
S01009518,Lone parent family: Parent not working,4,1,3
S01009519,All parents aged 16 and over with dependent children,115,62,53
S01009519,Couple family: Total,104,54,50
S01009519,Couple family: Both parents working,76,36,40
S01009519,Couple family: One parent working,20,16,4
S01009519,Couple family: No parents working,8,2,6
S01009519,Lone parent family: Total,11,8,3
S01009519,Lone parent family: Parent working,7,7,0
S01009519,Lone parent family: Parent not working,4,1,3
S01009520,All parents aged 16 and over with dependent children,200,91,109
S01009520,Couple family: Total,180,84,96
S01009520,Couple family: Both parents working,134,74,60
S01009520,Couple family: One parent working,40,8,32
S01009520,Couple family: No parents working,6,2,4
S01009520,Lone parent family: Total,20,7,13
S01009520,Lone parent family: Parent working,11,3,8
S01009520,Lone parent family: Parent not working,9,4,5
S01009521,All parents aged 16 and over with dependent children,145,68,77
S01009521,Couple family: Total,94,42,52
S01009521,Couple family: Both parents working,38,18,20
S01009521,Couple family: One parent working,40,14,26
S01009521,Couple family: No parents working,16,10,6
S01009521,Lone parent family: Total,51,26,25
S01009521,Lone parent family: Parent working,25,13,12
S01009521,Lone parent family: Parent not working,26,13,13
S01009522,All parents aged 16 and over with dependent children,254,102,152
S01009522,Couple family: Total,180,60,120
S01009522,Couple family: Both parents working,94,38,56
S01009522,Couple family: One parent working,54,18,36
S01009522,Couple family: No parents working,32,4,28
S01009522,Lone parent family: Total,74,42,32
S01009522,Lone parent family: Parent working,39,23,16
S01009522,Lone parent family: Parent not working,35,19,16
S01009523,All parents aged 16 and over with dependent children,118,64,54
S01009523,Couple family: Total,80,42,38
S01009523,Couple family: Both parents working,38,20,18
S01009523,Couple family: One parent working,30,16,14
S01009523,Couple family: No parents working,12,6,6
S01009523,Lone parent family: Total,38,22,16
S01009523,Lone parent family: Parent working,24,15,9
S01009523,Lone parent family: Parent not working,14,7,7
S01009524,All parents aged 16 and over with dependent children,139,62,77
S01009524,Couple family: Total,104,46,58
S01009524,Couple family: Both parents working,62,36,26
S01009524,Couple family: One parent working,30,8,22
S01009524,Couple family: No parents working,12,2,10
S01009524,Lone parent family: Total,35,16,19
S01009524,Lone parent family: Parent working,14,5,9
S01009524,Lone parent family: Parent not working,21,11,10
S01009525,All parents aged 16 and over with dependent children,87,45,42
S01009525,Couple family: Total,56,26,30
S01009525,Couple family: Both parents working,30,14,16
S01009525,Couple family: One parent working,20,10,10
S01009525,Couple family: No parents working,6,2,4
S01009525,Lone parent family: Total,31,19,12
S01009525,Lone parent family: Parent working,16,15,1
S01009525,Lone parent family: Parent not working,15,4,11
S01009526,All parents aged 16 and over with dependent children,97,65,32
S01009526,Couple family: Total,78,48,30
S01009526,Couple family: Both parents working,50,32,18
S01009526,Couple family: One parent working,24,14,10
S01009526,Couple family: No parents working,4,2,2
S01009526,Lone parent family: Total,19,17,2
S01009526,Lone parent family: Parent working,13,11,2
S01009526,Lone parent family: Parent not working,6,6,0
S01009527,All parents aged 16 and over with dependent children,69,28,41
S01009527,Couple family: Total,54,20,34
S01009527,Couple family: Both parents working,34,10,24
S01009527,Couple family: One parent working,18,10,8
S01009527,Couple family: No parents working,2,0,2
S01009527,Lone parent family: Total,15,8,7
S01009527,Lone parent family: Parent working,6,5,1
S01009527,Lone parent family: Parent not working,9,3,6
S01009528,All parents aged 16 and over with dependent children,39,27,12
S01009528,Couple family: Total,30,22,8
S01009528,Couple family: Both parents working,22,16,6
S01009528,Couple family: One parent working,4,2,2
S01009528,Couple family: No parents working,4,4,0
S01009528,Lone parent family: Total,9,5,4
S01009528,Lone parent family: Parent working,5,4,1
S01009528,Lone parent family: Parent not working,4,1,3
S01009529,All parents aged 16 and over with dependent children,96,47,49
S01009529,Couple family: Total,92,44,48
S01009529,Couple family: Both parents working,74,42,32
S01009529,Couple family: One parent working,16,0,16
S01009529,Couple family: No parents working,2,2,0
S01009529,Lone parent family: Total,4,3,1
S01009529,Lone parent family: Parent working,3,2,1
S01009529,Lone parent family: Parent not working,1,1,0
S01009530,All parents aged 16 and over with dependent children,112,54,58
S01009530,Couple family: Total,102,46,56
S01009530,Couple family: Both parents working,84,36,48
S01009530,Couple family: One parent working,16,8,8
S01009530,Couple family: No parents working,2,2,0
S01009530,Lone parent family: Total,10,8,2
S01009530,Lone parent family: Parent working,8,6,2
S01009530,Lone parent family: Parent not working,2,2,0
S01009531,All parents aged 16 and over with dependent children,136,71,65
S01009531,Couple family: Total,100,48,52
S01009531,Couple family: Both parents working,64,32,32
S01009531,Couple family: One parent working,24,6,18
S01009531,Couple family: No parents working,12,10,2
S01009531,Lone parent family: Total,36,23,13
S01009531,Lone parent family: Parent working,15,11,4
S01009531,Lone parent family: Parent not working,21,12,9
S01009532,All parents aged 16 and over with dependent children,95,56,39
S01009532,Couple family: Total,70,36,34
S01009532,Couple family: Both parents working,44,22,22
S01009532,Couple family: One parent working,22,14,8
S01009532,Couple family: No parents working,4,0,4
S01009532,Lone parent family: Total,25,20,5
S01009532,Lone parent family: Parent working,13,10,3
S01009532,Lone parent family: Parent not working,12,10,2
S01009533,All parents aged 16 and over with dependent children,128,66,62
S01009533,Couple family: Total,84,34,50
S01009533,Couple family: Both parents working,48,20,28
S01009533,Couple family: One parent working,24,12,12
S01009533,Couple family: No parents working,12,2,10
S01009533,Lone parent family: Total,44,32,12
S01009533,Lone parent family: Parent working,26,18,8
S01009533,Lone parent family: Parent not working,18,14,4
S01009534,All parents aged 16 and over with dependent children,173,78,95
S01009534,Couple family: Total,106,42,64
S01009534,Couple family: Both parents working,54,24,30
S01009534,Couple family: One parent working,26,12,14
S01009534,Couple family: No parents working,26,6,20
S01009534,Lone parent family: Total,67,36,31
S01009534,Lone parent family: Parent working,20,13,7
S01009534,Lone parent family: Parent not working,47,23,24
S01009535,All parents aged 16 and over with dependent children,143,80,63
S01009535,Couple family: Total,98,52,46
S01009535,Couple family: Both parents working,38,22,16
S01009535,Couple family: One parent working,38,16,22
S01009535,Couple family: No parents working,22,14,8
S01009535,Lone parent family: Total,45,28,17
S01009535,Lone parent family: Parent working,15,11,4
S01009535,Lone parent family: Parent not working,30,17,13
S01009536,All parents aged 16 and over with dependent children,140,63,77
S01009536,Couple family: Total,108,44,64
S01009536,Couple family: Both parents working,64,30,34
S01009536,Couple family: One parent working,34,12,22
S01009536,Couple family: No parents working,10,2,8
S01009536,Lone parent family: Total,32,19,13
S01009536,Lone parent family: Parent working,20,10,10
S01009536,Lone parent family: Parent not working,12,9,3
S01009537,All parents aged 16 and over with dependent children,100,52,48
S01009537,Couple family: Total,76,36,40
S01009537,Couple family: Both parents working,52,26,26
S01009537,Couple family: One parent working,18,8,10
S01009537,Couple family: No parents working,6,2,4
S01009537,Lone parent family: Total,24,16,8
S01009537,Lone parent family: Parent working,17,12,5
S01009537,Lone parent family: Parent not working,7,4,3
S01009538,All parents aged 16 and over with dependent children,116,56,60
S01009538,Couple family: Total,84,34,50
S01009538,Couple family: Both parents working,36,18,18
S01009538,Couple family: One parent working,36,12,24
S01009538,Couple family: No parents working,12,4,8
S01009538,Lone parent family: Total,32,22,10
S01009538,Lone parent family: Parent working,16,12,4
S01009538,Lone parent family: Parent not working,16,10,6
S01009539,All parents aged 16 and over with dependent children,157,75,82
S01009539,Couple family: Total,126,52,74
S01009539,Couple family: Both parents working,86,42,44
S01009539,Couple family: One parent working,34,10,24
S01009539,Couple family: No parents working,6,0,6
S01009539,Lone parent family: Total,31,23,8
S01009539,Lone parent family: Parent working,18,14,4
S01009539,Lone parent family: Parent not working,13,9,4
S01009540,All parents aged 16 and over with dependent children,137,88,49
S01009540,Couple family: Total,104,64,40
S01009540,Couple family: Both parents working,66,44,22
S01009540,Couple family: One parent working,24,10,14
S01009540,Couple family: No parents working,14,10,4
S01009540,Lone parent family: Total,33,24,9
S01009540,Lone parent family: Parent working,21,15,6
S01009540,Lone parent family: Parent not working,12,9,3
S01009541,All parents aged 16 and over with dependent children,150,71,79
S01009541,Couple family: Total,132,62,70
S01009541,Couple family: Both parents working,98,48,50
S01009541,Couple family: One parent working,24,12,12
S01009541,Couple family: No parents working,10,2,8
S01009541,Lone parent family: Total,18,9,9
S01009541,Lone parent family: Parent working,10,6,4
S01009541,Lone parent family: Parent not working,8,3,5
S01009542,All parents aged 16 and over with dependent children,165,87,78
S01009542,Couple family: Total,116,54,62
S01009542,Couple family: Both parents working,72,40,32
S01009542,Couple family: One parent working,28,8,20
S01009542,Couple family: No parents working,16,6,10
S01009542,Lone parent family: Total,49,33,16
S01009542,Lone parent family: Parent working,26,17,9
S01009542,Lone parent family: Parent not working,23,16,7
S01009543,All parents aged 16 and over with dependent children,62,39,23
S01009543,Couple family: Total,54,32,22
S01009543,Couple family: Both parents working,44,28,16
S01009543,Couple family: One parent working,4,0,4
S01009543,Couple family: No parents working,6,4,2
S01009543,Lone parent family: Total,8,7,1
S01009543,Lone parent family: Parent working,3,3,0
S01009543,Lone parent family: Parent not working,5,4,1
S01009544,All parents aged 16 and over with dependent children,144,67,77
S01009544,Couple family: Total,126,52,74
S01009544,Couple family: Both parents working,90,36,54
S01009544,Couple family: One parent working,30,14,16
S01009544,Couple family: No parents working,6,2,4
S01009544,Lone parent family: Total,18,15,3
S01009544,Lone parent family: Parent working,7,6,1
S01009544,Lone parent family: Parent not working,11,9,2
S01009545,All parents aged 16 and over with dependent children,162,78,84
S01009545,Couple family: Total,122,56,66
S01009545,Couple family: Both parents working,72,34,38
S01009545,Couple family: One parent working,38,18,20
S01009545,Couple family: No parents working,12,4,8
S01009545,Lone parent family: Total,40,22,18
S01009545,Lone parent family: Parent working,24,15,9
S01009545,Lone parent family: Parent not working,16,7,9
S01009546,All parents aged 16 and over with dependent children,226,128,98
S01009546,Couple family: Total,190,106,84
S01009546,Couple family: Both parents working,138,86,52
S01009546,Couple family: One parent working,34,12,22
S01009546,Couple family: No parents working,18,8,10
S01009546,Lone parent family: Total,36,22,14
S01009546,Lone parent family: Parent working,21,13,8
S01009546,Lone parent family: Parent not working,15,9,6
S01009547,All parents aged 16 and over with dependent children,143,86,57
S01009547,Couple family: Total,86,50,36
S01009547,Couple family: Both parents working,64,40,24
S01009547,Couple family: One parent working,14,8,6
S01009547,Couple family: No parents working,8,2,6
S01009547,Lone parent family: Total,57,36,21
S01009547,Lone parent family: Parent working,36,26,10
S01009547,Lone parent family: Parent not working,21,10,11
S01009548,All parents aged 16 and over with dependent children,133,67,66
S01009548,Couple family: Total,100,44,56
S01009548,Couple family: Both parents working,62,30,32
S01009548,Couple family: One parent working,28,10,18
S01009548,Couple family: No parents working,10,4,6
S01009548,Lone parent family: Total,33,23,10
S01009548,Lone parent family: Parent working,23,17,6
S01009548,Lone parent family: Parent not working,10,6,4
S01009549,All parents aged 16 and over with dependent children,149,75,74
S01009549,Couple family: Total,124,56,68
S01009549,Couple family: Both parents working,76,36,40
S01009549,Couple family: One parent working,38,16,22
S01009549,Couple family: No parents working,10,4,6
S01009549,Lone parent family: Total,25,19,6
S01009549,Lone parent family: Parent working,14,12,2
S01009549,Lone parent family: Parent not working,11,7,4
S01009550,All parents aged 16 and over with dependent children,122,56,66
S01009550,Couple family: Total,102,46,56
S01009550,Couple family: Both parents working,80,30,50
S01009550,Couple family: One parent working,14,12,2
S01009550,Couple family: No parents working,8,4,4
S01009550,Lone parent family: Total,20,10,10
S01009550,Lone parent family: Parent working,16,8,8
S01009550,Lone parent family: Parent not working,4,2,2
S01009551,All parents aged 16 and over with dependent children,121,60,61
S01009551,Couple family: Total,100,52,48
S01009551,Couple family: Both parents working,56,32,24
S01009551,Couple family: One parent working,30,14,16
S01009551,Couple family: No parents working,14,6,8
S01009551,Lone parent family: Total,21,8,13
S01009551,Lone parent family: Parent working,15,7,8
S01009551,Lone parent family: Parent not working,6,1,5
S01009552,All parents aged 16 and over with dependent children,160,88,72
S01009552,Couple family: Total,132,64,68
S01009552,Couple family: Both parents working,108,52,56
S01009552,Couple family: One parent working,18,8,10
S01009552,Couple family: No parents working,6,4,2
S01009552,Lone parent family: Total,28,24,4
S01009552,Lone parent family: Parent working,20,18,2
S01009552,Lone parent family: Parent not working,8,6,2
S01009553,All parents aged 16 and over with dependent children,173,105,68
S01009553,Couple family: Total,116,68,48
S01009553,Couple family: Both parents working,70,48,22
S01009553,Couple family: One parent working,30,14,16
S01009553,Couple family: No parents working,16,6,10
S01009553,Lone parent family: Total,57,37,20
S01009553,Lone parent family: Parent working,22,15,7
S01009553,Lone parent family: Parent not working,35,22,13
S01009554,All parents aged 16 and over with dependent children,110,57,53
S01009554,Couple family: Total,80,36,44
S01009554,Couple family: Both parents working,42,24,18
S01009554,Couple family: One parent working,20,6,14
S01009554,Couple family: No parents working,18,6,12
S01009554,Lone parent family: Total,30,21,9
S01009554,Lone parent family: Parent working,12,10,2
S01009554,Lone parent family: Parent not working,18,11,7
S01009555,All parents aged 16 and over with dependent children,128,78,50
S01009555,Couple family: Total,94,56,38
S01009555,Couple family: Both parents working,82,52,30
S01009555,Couple family: One parent working,6,2,4
S01009555,Couple family: No parents working,6,2,4
S01009555,Lone parent family: Total,34,22,12
S01009555,Lone parent family: Parent working,20,12,8
S01009555,Lone parent family: Parent not working,14,10,4
S01009556,All parents aged 16 and over with dependent children,163,101,62
S01009556,Couple family: Total,108,66,42
S01009556,Couple family: Both parents working,60,40,20
S01009556,Couple family: One parent working,42,24,18
S01009556,Couple family: No parents working,6,2,4
S01009556,Lone parent family: Total,55,35,20
S01009556,Lone parent family: Parent working,36,22,14
S01009556,Lone parent family: Parent not working,19,13,6
S01009557,All parents aged 16 and over with dependent children,149,74,75
S01009557,Couple family: Total,116,58,58
S01009557,Couple family: Both parents working,58,42,16
S01009557,Couple family: One parent working,30,8,22
S01009557,Couple family: No parents working,28,8,20
S01009557,Lone parent family: Total,33,16,17
S01009557,Lone parent family: Parent working,15,11,4
S01009557,Lone parent family: Parent not working,18,5,13
S01009558,All parents aged 16 and over with dependent children,161,73,88
S01009558,Couple family: Total,112,48,64
S01009558,Couple family: Both parents working,48,22,26
S01009558,Couple family: One parent working,36,10,26
S01009558,Couple family: No parents working,28,16,12
S01009558,Lone parent family: Total,49,25,24
S01009558,Lone parent family: Parent working,22,12,10
S01009558,Lone parent family: Parent not working,27,13,14
S01009559,All parents aged 16 and over with dependent children,175,79,96
S01009559,Couple family: Total,120,48,72
S01009559,Couple family: Both parents working,64,32,32
S01009559,Couple family: One parent working,34,10,24
S01009559,Couple family: No parents working,22,6,16
S01009559,Lone parent family: Total,55,31,24
S01009559,Lone parent family: Parent working,31,18,13
S01009559,Lone parent family: Parent not working,24,13,11
S01009560,All parents aged 16 and over with dependent children,148,82,66
S01009560,Couple family: Total,90,44,46
S01009560,Couple family: Both parents working,52,32,20
S01009560,Couple family: One parent working,30,8,22
S01009560,Couple family: No parents working,8,4,4
S01009560,Lone parent family: Total,58,38,20
S01009560,Lone parent family: Parent working,28,17,11
S01009560,Lone parent family: Parent not working,30,21,9
S01009561,All parents aged 16 and over with dependent children,116,61,55
S01009561,Couple family: Total,84,48,36
S01009561,Couple family: Both parents working,60,38,22
S01009561,Couple family: One parent working,12,8,4
S01009561,Couple family: No parents working,12,2,10
S01009561,Lone parent family: Total,32,13,19
S01009561,Lone parent family: Parent working,19,9,10
S01009561,Lone parent family: Parent not working,13,4,9
S01009562,All parents aged 16 and over with dependent children,149,76,73
S01009562,Couple family: Total,124,64,60
S01009562,Couple family: Both parents working,78,40,38
S01009562,Couple family: One parent working,36,18,18
S01009562,Couple family: No parents working,10,6,4
S01009562,Lone parent family: Total,25,12,13
S01009562,Lone parent family: Parent working,13,6,7
S01009562,Lone parent family: Parent not working,12,6,6
S01009563,All parents aged 16 and over with dependent children,156,61,95
S01009563,Couple family: Total,124,46,78
S01009563,Couple family: Both parents working,84,36,48
S01009563,Couple family: One parent working,26,6,20
S01009563,Couple family: No parents working,14,4,10
S01009563,Lone parent family: Total,32,15,17
S01009563,Lone parent family: Parent working,19,10,9
S01009563,Lone parent family: Parent not working,13,5,8
S01009564,All parents aged 16 and over with dependent children,124,50,74
S01009564,Couple family: Total,104,40,64
S01009564,Couple family: Both parents working,76,32,44
S01009564,Couple family: One parent working,22,8,14
S01009564,Couple family: No parents working,6,0,6
S01009564,Lone parent family: Total,20,10,10
S01009564,Lone parent family: Parent working,16,9,7
S01009564,Lone parent family: Parent not working,4,1,3
S01009565,All parents aged 16 and over with dependent children,148,67,81
S01009565,Couple family: Total,116,48,68
S01009565,Couple family: Both parents working,58,26,32
S01009565,Couple family: One parent working,42,12,30
S01009565,Couple family: No parents working,16,10,6
S01009565,Lone parent family: Total,32,19,13
S01009565,Lone parent family: Parent working,16,10,6
S01009565,Lone parent family: Parent not working,16,9,7
S01009566,All parents aged 16 and over with dependent children,263,106,157
S01009566,Couple family: Total,220,90,130
S01009566,Couple family: Both parents working,166,76,90
S01009566,Couple family: One parent working,46,14,32
S01009566,Couple family: No parents working,8,0,8
S01009566,Lone parent family: Total,43,16,27
S01009566,Lone parent family: Parent working,21,9,12
S01009566,Lone parent family: Parent not working,22,7,15
S01009567,All parents aged 16 and over with dependent children,178,86,92
S01009567,Couple family: Total,140,64,76
S01009567,Couple family: Both parents working,82,46,36
S01009567,Couple family: One parent working,34,10,24
S01009567,Couple family: No parents working,24,8,16
S01009567,Lone parent family: Total,38,22,16
S01009567,Lone parent family: Parent working,23,15,8
S01009567,Lone parent family: Parent not working,15,7,8
S01009568,All parents aged 16 and over with dependent children,167,79,88
S01009568,Couple family: Total,124,48,76
S01009568,Couple family: Both parents working,80,36,44
S01009568,Couple family: One parent working,34,6,28
S01009568,Couple family: No parents working,10,6,4
S01009568,Lone parent family: Total,43,31,12
S01009568,Lone parent family: Parent working,23,17,6
S01009568,Lone parent family: Parent not working,20,14,6
S01009569,All parents aged 16 and over with dependent children,174,102,72
S01009569,Couple family: Total,144,86,58
S01009569,Couple family: Both parents working,106,66,40
S01009569,Couple family: One parent working,24,12,12
S01009569,Couple family: No parents working,14,8,6
S01009569,Lone parent family: Total,30,16,14
S01009569,Lone parent family: Parent working,20,10,10
S01009569,Lone parent family: Parent not working,10,6,4
S01009570,All parents aged 16 and over with dependent children,118,36,82
S01009570,Couple family: Total,90,20,70
S01009570,Couple family: Both parents working,64,14,50
S01009570,Couple family: One parent working,20,4,16
S01009570,Couple family: No parents working,6,2,4
S01009570,Lone parent family: Total,28,16,12
S01009570,Lone parent family: Parent working,16,11,5
S01009570,Lone parent family: Parent not working,12,5,7
S01009571,All parents aged 16 and over with dependent children,145,73,72
S01009571,Couple family: Total,92,38,54
S01009571,Couple family: Both parents working,38,22,16
S01009571,Couple family: One parent working,28,10,18
S01009571,Couple family: No parents working,26,6,20
S01009571,Lone parent family: Total,53,35,18
S01009571,Lone parent family: Parent working,19,14,5
S01009571,Lone parent family: Parent not working,34,21,13
S01009572,All parents aged 16 and over with dependent children,213,107,106
S01009572,Couple family: Total,148,66,82
S01009572,Couple family: Both parents working,72,32,40
S01009572,Couple family: One parent working,48,22,26
S01009572,Couple family: No parents working,28,12,16
S01009572,Lone parent family: Total,65,41,24
S01009572,Lone parent family: Parent working,26,20,6
S01009572,Lone parent family: Parent not working,39,21,18
S01009573,All parents aged 16 and over with dependent children,163,83,80
S01009573,Couple family: Total,120,56,64
S01009573,Couple family: Both parents working,66,34,32
S01009573,Couple family: One parent working,30,12,18
S01009573,Couple family: No parents working,24,10,14
S01009573,Lone parent family: Total,43,27,16
S01009573,Lone parent family: Parent working,15,12,3
S01009573,Lone parent family: Parent not working,28,15,13
S01009574,All parents aged 16 and over with dependent children,175,78,97
S01009574,Couple family: Total,132,52,80
S01009574,Couple family: Both parents working,88,32,56
S01009574,Couple family: One parent working,38,16,22
S01009574,Couple family: No parents working,6,4,2
S01009574,Lone parent family: Total,43,26,17
S01009574,Lone parent family: Parent working,27,13,14
S01009574,Lone parent family: Parent not working,16,13,3
S01009575,All parents aged 16 and over with dependent children,107,52,55
S01009575,Couple family: Total,88,44,44
S01009575,Couple family: Both parents working,56,38,18
S01009575,Couple family: One parent working,26,6,20
S01009575,Couple family: No parents working,6,0,6
S01009575,Lone parent family: Total,19,8,11
S01009575,Lone parent family: Parent working,11,8,3
S01009575,Lone parent family: Parent not working,8,0,8
S01009576,All parents aged 16 and over with dependent children,68,36,32
S01009576,Couple family: Total,58,28,30
S01009576,Couple family: Both parents working,40,20,20
S01009576,Couple family: One parent working,16,6,10
S01009576,Couple family: No parents working,2,2,0
S01009576,Lone parent family: Total,10,8,2
S01009576,Lone parent family: Parent working,5,5,0
S01009576,Lone parent family: Parent not working,5,3,2
S01009577,All parents aged 16 and over with dependent children,134,67,67
S01009577,Couple family: Total,120,60,60
S01009577,Couple family: Both parents working,88,36,52
S01009577,Couple family: One parent working,24,18,6
S01009577,Couple family: No parents working,8,6,2
S01009577,Lone parent family: Total,14,7,7
S01009577,Lone parent family: Parent working,10,5,5
S01009577,Lone parent family: Parent not working,4,2,2
S01009578,All parents aged 16 and over with dependent children,164,66,98
S01009578,Couple family: Total,132,48,84
S01009578,Couple family: Both parents working,86,32,54
S01009578,Couple family: One parent working,30,8,22
S01009578,Couple family: No parents working,16,8,8
S01009578,Lone parent family: Total,32,18,14
S01009578,Lone parent family: Parent working,15,10,5
S01009578,Lone parent family: Parent not working,17,8,9
S01009579,All parents aged 16 and over with dependent children,237,125,112
S01009579,Couple family: Total,202,104,98
S01009579,Couple family: Both parents working,150,82,68
S01009579,Couple family: One parent working,38,14,24
S01009579,Couple family: No parents working,14,8,6
S01009579,Lone parent family: Total,35,21,14
S01009579,Lone parent family: Parent working,15,9,6
S01009579,Lone parent family: Parent not working,20,12,8
S01009580,All parents aged 16 and over with dependent children,271,99,172
S01009580,Couple family: Total,258,92,166
S01009580,Couple family: Both parents working,210,82,128
S01009580,Couple family: One parent working,44,10,34
S01009580,Couple family: No parents working,4,0,4
S01009580,Lone parent family: Total,13,7,6
S01009580,Lone parent family: Parent working,9,4,5
S01009580,Lone parent family: Parent not working,4,3,1
S01009581,All parents aged 16 and over with dependent children,93,43,50
S01009581,Couple family: Total,68,24,44
S01009581,Couple family: Both parents working,48,16,32
S01009581,Couple family: One parent working,16,6,10
S01009581,Couple family: No parents working,4,2,2
S01009581,Lone parent family: Total,25,19,6
S01009581,Lone parent family: Parent working,14,14,0
S01009581,Lone parent family: Parent not working,11,5,6
S01009582,All parents aged 16 and over with dependent children,118,63,55
S01009582,Couple family: Total,84,40,44
S01009582,Couple family: Both parents working,64,36,28
S01009582,Couple family: One parent working,20,4,16
S01009582,Couple family: No parents working,0,0,0
S01009582,Lone parent family: Total,34,23,11
S01009582,Lone parent family: Parent working,19,14,5
S01009582,Lone parent family: Parent not working,15,9,6
S01009583,All parents aged 16 and over with dependent children,190,84,106
S01009583,Couple family: Total,146,56,90
S01009583,Couple family: Both parents working,82,36,46
S01009583,Couple family: One parent working,42,12,30
S01009583,Couple family: No parents working,22,8,14
S01009583,Lone parent family: Total,44,28,16
S01009583,Lone parent family: Parent working,29,18,11
S01009583,Lone parent family: Parent not working,15,10,5
S01009584,All parents aged 16 and over with dependent children,101,40,61
S01009584,Couple family: Total,92,38,54
S01009584,Couple family: Both parents working,64,28,36
S01009584,Couple family: One parent working,26,10,16
S01009584,Couple family: No parents working,2,0,2
S01009584,Lone parent family: Total,9,2,7
S01009584,Lone parent family: Parent working,6,2,4
S01009584,Lone parent family: Parent not working,3,0,3
S01009585,All parents aged 16 and over with dependent children,212,99,113
S01009585,Couple family: Total,166,72,94
S01009585,Couple family: Both parents working,118,62,56
S01009585,Couple family: One parent working,38,6,32
S01009585,Couple family: No parents working,10,4,6
S01009585,Lone parent family: Total,46,27,19
S01009585,Lone parent family: Parent working,27,17,10
S01009585,Lone parent family: Parent not working,19,10,9
S01009586,All parents aged 16 and over with dependent children,107,53,54
S01009586,Couple family: Total,88,40,48
S01009586,Couple family: Both parents working,56,26,30
S01009586,Couple family: One parent working,26,10,16
S01009586,Couple family: No parents working,6,4,2
S01009586,Lone parent family: Total,19,13,6
S01009586,Lone parent family: Parent working,12,9,3
S01009586,Lone parent family: Parent not working,7,4,3
S01009587,All parents aged 16 and over with dependent children,115,68,47
S01009587,Couple family: Total,84,44,40
S01009587,Couple family: Both parents working,62,30,32
S01009587,Couple family: One parent working,20,14,6
S01009587,Couple family: No parents working,2,0,2
S01009587,Lone parent family: Total,31,24,7
S01009587,Lone parent family: Parent working,18,15,3
S01009587,Lone parent family: Parent not working,13,9,4
S01009588,All parents aged 16 and over with dependent children,205,110,95
S01009588,Couple family: Total,156,78,78
S01009588,Couple family: Both parents working,120,54,66
S01009588,Couple family: One parent working,30,20,10
S01009588,Couple family: No parents working,6,4,2
S01009588,Lone parent family: Total,49,32,17
S01009588,Lone parent family: Parent working,33,19,14
S01009588,Lone parent family: Parent not working,16,13,3
S01009589,All parents aged 16 and over with dependent children,230,111,119
S01009589,Couple family: Total,190,88,102
S01009589,Couple family: Both parents working,136,72,64
S01009589,Couple family: One parent working,42,14,28
S01009589,Couple family: No parents working,12,2,10
S01009589,Lone parent family: Total,40,23,17
S01009589,Lone parent family: Parent working,30,19,11
S01009589,Lone parent family: Parent not working,10,4,6
S01009590,All parents aged 16 and over with dependent children,191,74,117
S01009590,Couple family: Total,184,70,114
S01009590,Couple family: Both parents working,142,66,76
S01009590,Couple family: One parent working,40,4,36
S01009590,Couple family: No parents working,2,0,2
S01009590,Lone parent family: Total,7,4,3
S01009590,Lone parent family: Parent working,7,4,3
S01009590,Lone parent family: Parent not working,0,0,0
S01009591,All parents aged 16 and over with dependent children,97,52,45
S01009591,Couple family: Total,86,44,42
S01009591,Couple family: Both parents working,60,30,30
S01009591,Couple family: One parent working,26,14,12
S01009591,Couple family: No parents working,0,0,0
S01009591,Lone parent family: Total,11,8,3
S01009591,Lone parent family: Parent working,8,5,3
S01009591,Lone parent family: Parent not working,3,3,0
S01009592,All parents aged 16 and over with dependent children,80,39,41
S01009592,Couple family: Total,74,34,40
S01009592,Couple family: Both parents working,60,34,26
S01009592,Couple family: One parent working,14,0,14
S01009592,Couple family: No parents working,0,0,0
S01009592,Lone parent family: Total,6,5,1
S01009592,Lone parent family: Parent working,6,5,1
S01009592,Lone parent family: Parent not working,0,0,0
S01009593,All parents aged 16 and over with dependent children,120,55,65
S01009593,Couple family: Total,112,50,62
S01009593,Couple family: Both parents working,92,44,48
S01009593,Couple family: One parent working,18,4,14
S01009593,Couple family: No parents working,2,2,0
S01009593,Lone parent family: Total,8,5,3
S01009593,Lone parent family: Parent working,6,3,3
S01009593,Lone parent family: Parent not working,2,2,0
S01009594,All parents aged 16 and over with dependent children,152,53,99
S01009594,Couple family: Total,146,52,94
S01009594,Couple family: Both parents working,112,40,72
S01009594,Couple family: One parent working,34,12,22
S01009594,Couple family: No parents working,0,0,0
S01009594,Lone parent family: Total,6,1,5
S01009594,Lone parent family: Parent working,5,1,4
S01009594,Lone parent family: Parent not working,1,0,1
S01009595,All parents aged 16 and over with dependent children,154,70,84
S01009595,Couple family: Total,148,66,82
S01009595,Couple family: Both parents working,114,52,62
S01009595,Couple family: One parent working,34,14,20
S01009595,Couple family: No parents working,0,0,0
S01009595,Lone parent family: Total,6,4,2
S01009595,Lone parent family: Parent working,5,4,1
S01009595,Lone parent family: Parent not working,1,0,1
S01009596,All parents aged 16 and over with dependent children,125,52,73
S01009596,Couple family: Total,76,26,50
S01009596,Couple family: Both parents working,52,22,30
S01009596,Couple family: One parent working,16,4,12
S01009596,Couple family: No parents working,8,0,8
S01009596,Lone parent family: Total,49,26,23
S01009596,Lone parent family: Parent working,28,17,11
S01009596,Lone parent family: Parent not working,21,9,12
S01009597,All parents aged 16 and over with dependent children,215,85,130
S01009597,Couple family: Total,152,52,100
S01009597,Couple family: Both parents working,70,30,40
S01009597,Couple family: One parent working,60,16,44
S01009597,Couple family: No parents working,22,6,16
S01009597,Lone parent family: Total,63,33,30
S01009597,Lone parent family: Parent working,32,22,10
S01009597,Lone parent family: Parent not working,31,11,20
S01009598,All parents aged 16 and over with dependent children,144,58,86
S01009598,Couple family: Total,104,28,76
S01009598,Couple family: Both parents working,54,22,32
S01009598,Couple family: One parent working,34,4,30
S01009598,Couple family: No parents working,16,2,14
S01009598,Lone parent family: Total,40,30,10
S01009598,Lone parent family: Parent working,20,17,3
S01009598,Lone parent family: Parent not working,20,13,7
S01009599,All parents aged 16 and over with dependent children,175,78,97
S01009599,Couple family: Total,132,56,76
S01009599,Couple family: Both parents working,96,42,54
S01009599,Couple family: One parent working,24,6,18
S01009599,Couple family: No parents working,12,8,4
S01009599,Lone parent family: Total,43,22,21
S01009599,Lone parent family: Parent working,27,16,11
S01009599,Lone parent family: Parent not working,16,6,10
S01009600,All parents aged 16 and over with dependent children,123,68,55
S01009600,Couple family: Total,74,34,40
S01009600,Couple family: Both parents working,46,28,18
S01009600,Couple family: One parent working,10,2,8
S01009600,Couple family: No parents working,18,4,14
S01009600,Lone parent family: Total,49,34,15
S01009600,Lone parent family: Parent working,24,16,8
S01009600,Lone parent family: Parent not working,25,18,7
S01009601,All parents aged 16 and over with dependent children,141,57,84
S01009601,Couple family: Total,110,40,70
S01009601,Couple family: Both parents working,54,22,32
S01009601,Couple family: One parent working,40,10,30
S01009601,Couple family: No parents working,16,8,8
S01009601,Lone parent family: Total,31,17,14
S01009601,Lone parent family: Parent working,17,9,8
S01009601,Lone parent family: Parent not working,14,8,6
S01009602,All parents aged 16 and over with dependent children,203,101,102
S01009602,Couple family: Total,194,94,100
S01009602,Couple family: Both parents working,148,68,80
S01009602,Couple family: One parent working,38,24,14
S01009602,Couple family: No parents working,8,2,6
S01009602,Lone parent family: Total,9,7,2
S01009602,Lone parent family: Parent working,7,6,1
S01009602,Lone parent family: Parent not working,2,1,1
S01009603,All parents aged 16 and over with dependent children,101,42,59
S01009603,Couple family: Total,90,36,54
S01009603,Couple family: Both parents working,70,30,40
S01009603,Couple family: One parent working,20,6,14
S01009603,Couple family: No parents working,0,0,0
S01009603,Lone parent family: Total,11,6,5
S01009603,Lone parent family: Parent working,5,4,1
S01009603,Lone parent family: Parent not working,6,2,4
S01009604,All parents aged 16 and over with dependent children,167,91,76
S01009604,Couple family: Total,138,72,66
S01009604,Couple family: Both parents working,98,58,40
S01009604,Couple family: One parent working,38,12,26
S01009604,Couple family: No parents working,2,2,0
S01009604,Lone parent family: Total,29,19,10
S01009604,Lone parent family: Parent working,17,10,7
S01009604,Lone parent family: Parent not working,12,9,3
S01009605,All parents aged 16 and over with dependent children,149,79,70
S01009605,Couple family: Total,120,56,64
S01009605,Couple family: Both parents working,70,32,38
S01009605,Couple family: One parent working,38,16,22
S01009605,Couple family: No parents working,12,8,4
S01009605,Lone parent family: Total,29,23,6
S01009605,Lone parent family: Parent working,19,14,5
S01009605,Lone parent family: Parent not working,10,9,1
S01009606,All parents aged 16 and over with dependent children,143,60,83
S01009606,Couple family: Total,134,54,80
S01009606,Couple family: Both parents working,114,48,66
S01009606,Couple family: One parent working,18,4,14
S01009606,Couple family: No parents working,2,2,0
S01009606,Lone parent family: Total,9,6,3
S01009606,Lone parent family: Parent working,7,6,1
S01009606,Lone parent family: Parent not working,2,0,2
S01009607,All parents aged 16 and over with dependent children,113,61,52
S01009607,Couple family: Total,106,56,50
S01009607,Couple family: Both parents working,90,48,42
S01009607,Couple family: One parent working,12,6,6
S01009607,Couple family: No parents working,4,2,2
S01009607,Lone parent family: Total,7,5,2
S01009607,Lone parent family: Parent working,6,4,2
S01009607,Lone parent family: Parent not working,1,1,0
S01009608,All parents aged 16 and over with dependent children,146,81,65
S01009608,Couple family: Total,124,68,56
S01009608,Couple family: Both parents working,92,54,38
S01009608,Couple family: One parent working,16,6,10
S01009608,Couple family: No parents working,16,8,8
S01009608,Lone parent family: Total,22,13,9
S01009608,Lone parent family: Parent working,16,11,5
S01009608,Lone parent family: Parent not working,6,2,4
S01009609,All parents aged 16 and over with dependent children,184,78,106
S01009609,Couple family: Total,166,68,98
S01009609,Couple family: Both parents working,126,50,76
S01009609,Couple family: One parent working,30,16,14
S01009609,Couple family: No parents working,10,2,8
S01009609,Lone parent family: Total,18,10,8
S01009609,Lone parent family: Parent working,14,7,7
S01009609,Lone parent family: Parent not working,4,3,1
S01009610,All parents aged 16 and over with dependent children,188,97,91
S01009610,Couple family: Total,148,68,80
S01009610,Couple family: Both parents working,118,56,62
S01009610,Couple family: One parent working,24,10,14
S01009610,Couple family: No parents working,6,2,4
S01009610,Lone parent family: Total,40,29,11
S01009610,Lone parent family: Parent working,27,20,7
S01009610,Lone parent family: Parent not working,13,9,4
S01009611,All parents aged 16 and over with dependent children,100,59,41
S01009611,Couple family: Total,90,54,36
S01009611,Couple family: Both parents working,70,42,28
S01009611,Couple family: One parent working,20,12,8
S01009611,Couple family: No parents working,0,0,0
S01009611,Lone parent family: Total,10,5,5
S01009611,Lone parent family: Parent working,9,4,5
S01009611,Lone parent family: Parent not working,1,1,0
S01009612,All parents aged 16 and over with dependent children,121,68,53
S01009612,Couple family: Total,102,58,44
S01009612,Couple family: Both parents working,78,50,28
S01009612,Couple family: One parent working,20,6,14
S01009612,Couple family: No parents working,4,2,2
S01009612,Lone parent family: Total,19,10,9
S01009612,Lone parent family: Parent working,13,6,7
S01009612,Lone parent family: Parent not working,6,4,2
S01009613,All parents aged 16 and over with dependent children,97,44,53
S01009613,Couple family: Total,94,44,50
S01009613,Couple family: Both parents working,76,38,38
S01009613,Couple family: One parent working,18,6,12
S01009613,Couple family: No parents working,0,0,0
S01009613,Lone parent family: Total,3,0,3
S01009613,Lone parent family: Parent working,3,0,3
S01009613,Lone parent family: Parent not working,0,0,0
S01009614,All parents aged 16 and over with dependent children,103,52,51
S01009614,Couple family: Total,94,46,48
S01009614,Couple family: Both parents working,78,38,40
S01009614,Couple family: One parent working,14,6,8
S01009614,Couple family: No parents working,2,2,0
S01009614,Lone parent family: Total,9,6,3
S01009614,Lone parent family: Parent working,8,5,3
S01009614,Lone parent family: Parent not working,1,1,0
S01009615,All parents aged 16 and over with dependent children,82,45,37
S01009615,Couple family: Total,74,40,34
S01009615,Couple family: Both parents working,56,30,26
S01009615,Couple family: One parent working,16,8,8
S01009615,Couple family: No parents working,2,2,0
S01009615,Lone parent family: Total,8,5,3
S01009615,Lone parent family: Parent working,5,3,2
S01009615,Lone parent family: Parent not working,3,2,1
S01009616,All parents aged 16 and over with dependent children,148,78,70
S01009616,Couple family: Total,124,62,62
S01009616,Couple family: Both parents working,96,52,44
S01009616,Couple family: One parent working,24,8,16
S01009616,Couple family: No parents working,4,2,2
S01009616,Lone parent family: Total,24,16,8
S01009616,Lone parent family: Parent working,13,8,5
S01009616,Lone parent family: Parent not working,11,8,3
S01009617,All parents aged 16 and over with dependent children,160,62,98
S01009617,Couple family: Total,148,58,90
S01009617,Couple family: Both parents working,124,50,74
S01009617,Couple family: One parent working,24,8,16
S01009617,Couple family: No parents working,0,0,0
S01009617,Lone parent family: Total,12,4,8
S01009617,Lone parent family: Parent working,8,3,5
S01009617,Lone parent family: Parent not working,4,1,3
S01009618,All parents aged 16 and over with dependent children,137,84,53
S01009618,Couple family: Total,102,60,42
S01009618,Couple family: Both parents working,70,42,28
S01009618,Couple family: One parent working,24,14,10
S01009618,Couple family: No parents working,8,4,4
S01009618,Lone parent family: Total,35,24,11
S01009618,Lone parent family: Parent working,17,13,4
S01009618,Lone parent family: Parent not working,18,11,7
S01009619,All parents aged 16 and over with dependent children,127,68,59
S01009619,Couple family: Total,100,52,48
S01009619,Couple family: Both parents working,72,38,34
S01009619,Couple family: One parent working,18,8,10
S01009619,Couple family: No parents working,10,6,4
S01009619,Lone parent family: Total,27,16,11
S01009619,Lone parent family: Parent working,10,7,3
S01009619,Lone parent family: Parent not working,17,9,8
S01009620,All parents aged 16 and over with dependent children,148,73,75
S01009620,Couple family: Total,112,46,66
S01009620,Couple family: Both parents working,62,30,32
S01009620,Couple family: One parent working,30,12,18
S01009620,Couple family: No parents working,20,4,16
S01009620,Lone parent family: Total,36,27,9
S01009620,Lone parent family: Parent working,19,14,5
S01009620,Lone parent family: Parent not working,17,13,4
S01009621,All parents aged 16 and over with dependent children,116,57,59
S01009621,Couple family: Total,82,38,44
S01009621,Couple family: Both parents working,60,32,28
S01009621,Couple family: One parent working,10,0,10
S01009621,Couple family: No parents working,12,6,6
S01009621,Lone parent family: Total,34,19,15
S01009621,Lone parent family: Parent working,11,5,6
S01009621,Lone parent family: Parent not working,23,14,9
S01009622,All parents aged 16 and over with dependent children,136,67,69
S01009622,Couple family: Total,92,40,52
S01009622,Couple family: Both parents working,38,18,20
S01009622,Couple family: One parent working,30,10,20
S01009622,Couple family: No parents working,24,12,12
S01009622,Lone parent family: Total,44,27,17
S01009622,Lone parent family: Parent working,19,13,6
S01009622,Lone parent family: Parent not working,25,14,11
S01009623,All parents aged 16 and over with dependent children,100,69,31
S01009623,Couple family: Total,68,46,22
S01009623,Couple family: Both parents working,40,32,8
S01009623,Couple family: One parent working,22,10,12
S01009623,Couple family: No parents working,6,4,2
S01009623,Lone parent family: Total,32,23,9
S01009623,Lone parent family: Parent working,14,10,4
S01009623,Lone parent family: Parent not working,18,13,5
S01009624,All parents aged 16 and over with dependent children,155,80,75
S01009624,Couple family: Total,106,54,52
S01009624,Couple family: Both parents working,58,32,26
S01009624,Couple family: One parent working,34,18,16
S01009624,Couple family: No parents working,14,4,10
S01009624,Lone parent family: Total,49,26,23
S01009624,Lone parent family: Parent working,30,16,14
S01009624,Lone parent family: Parent not working,19,10,9
S01009625,All parents aged 16 and over with dependent children,206,112,94
S01009625,Couple family: Total,162,92,70
S01009625,Couple family: Both parents working,102,56,46
S01009625,Couple family: One parent working,44,30,14
S01009625,Couple family: No parents working,16,6,10
S01009625,Lone parent family: Total,44,20,24
S01009625,Lone parent family: Parent working,26,13,13
S01009625,Lone parent family: Parent not working,18,7,11
S01009626,All parents aged 16 and over with dependent children,131,58,73
S01009626,Couple family: Total,86,38,48
S01009626,Couple family: Both parents working,36,18,18
S01009626,Couple family: One parent working,30,14,16
S01009626,Couple family: No parents working,20,6,14
S01009626,Lone parent family: Total,45,20,25
S01009626,Lone parent family: Parent working,21,14,7
S01009626,Lone parent family: Parent not working,24,6,18
S01009627,All parents aged 16 and over with dependent children,174,81,93
S01009627,Couple family: Total,130,58,72
S01009627,Couple family: Both parents working,80,48,32
S01009627,Couple family: One parent working,40,8,32
S01009627,Couple family: No parents working,10,2,8
S01009627,Lone parent family: Total,44,23,21
S01009627,Lone parent family: Parent working,19,11,8
S01009627,Lone parent family: Parent not working,25,12,13
S01009628,All parents aged 16 and over with dependent children,57,28,29
S01009628,Couple family: Total,42,18,24
S01009628,Couple family: Both parents working,26,12,14
S01009628,Couple family: One parent working,6,2,4
S01009628,Couple family: No parents working,10,4,6
S01009628,Lone parent family: Total,15,10,5
S01009628,Lone parent family: Parent working,6,5,1
S01009628,Lone parent family: Parent not working,9,5,4
S01009629,All parents aged 16 and over with dependent children,278,150,128
S01009629,Couple family: Total,210,102,108
S01009629,Couple family: Both parents working,114,66,48
S01009629,Couple family: One parent working,66,28,38
S01009629,Couple family: No parents working,30,8,22
S01009629,Lone parent family: Total,68,48,20
S01009629,Lone parent family: Parent working,29,20,9
S01009629,Lone parent family: Parent not working,39,28,11
S01009630,All parents aged 16 and over with dependent children,176,77,99
S01009630,Couple family: Total,114,38,76
S01009630,Couple family: Both parents working,62,28,34
S01009630,Couple family: One parent working,30,2,28
S01009630,Couple family: No parents working,22,8,14
S01009630,Lone parent family: Total,62,39,23
S01009630,Lone parent family: Parent working,26,19,7
S01009630,Lone parent family: Parent not working,36,20,16
S01009631,All parents aged 16 and over with dependent children,87,43,44
S01009631,Couple family: Total,60,24,36
S01009631,Couple family: Both parents working,30,12,18
S01009631,Couple family: One parent working,20,8,12
S01009631,Couple family: No parents working,10,4,6
S01009631,Lone parent family: Total,27,19,8
S01009631,Lone parent family: Parent working,11,9,2
S01009631,Lone parent family: Parent not working,16,10,6
S01009632,All parents aged 16 and over with dependent children,117,78,39
S01009632,Couple family: Total,66,42,24
S01009632,Couple family: Both parents working,24,20,4
S01009632,Couple family: One parent working,26,10,16
S01009632,Couple family: No parents working,16,12,4
S01009632,Lone parent family: Total,51,36,15
S01009632,Lone parent family: Parent working,18,14,4
S01009632,Lone parent family: Parent not working,33,22,11
S01009633,All parents aged 16 and over with dependent children,182,75,107
S01009633,Couple family: Total,122,42,80
S01009633,Couple family: Both parents working,44,16,28
S01009633,Couple family: One parent working,54,20,34
S01009633,Couple family: No parents working,24,6,18
S01009633,Lone parent family: Total,60,33,27
S01009633,Lone parent family: Parent working,25,14,11
S01009633,Lone parent family: Parent not working,35,19,16
S01009634,All parents aged 16 and over with dependent children,82,54,28
S01009634,Couple family: Total,60,38,22
S01009634,Couple family: Both parents working,22,14,8
S01009634,Couple family: One parent working,24,14,10
S01009634,Couple family: No parents working,14,10,4
S01009634,Lone parent family: Total,22,16,6
S01009634,Lone parent family: Parent working,10,8,2
S01009634,Lone parent family: Parent not working,12,8,4
S01009635,All parents aged 16 and over with dependent children,170,92,78
S01009635,Couple family: Total,140,72,68
S01009635,Couple family: Both parents working,94,50,44
S01009635,Couple family: One parent working,28,14,14
S01009635,Couple family: No parents working,18,8,10
S01009635,Lone parent family: Total,30,20,10
S01009635,Lone parent family: Parent working,18,14,4
S01009635,Lone parent family: Parent not working,12,6,6
S01009636,All parents aged 16 and over with dependent children,167,112,55
S01009636,Couple family: Total,96,58,38
S01009636,Couple family: Both parents working,42,28,14
S01009636,Couple family: One parent working,32,16,16
S01009636,Couple family: No parents working,22,14,8
S01009636,Lone parent family: Total,71,54,17
S01009636,Lone parent family: Parent working,32,28,4
S01009636,Lone parent family: Parent not working,39,26,13
S01009637,All parents aged 16 and over with dependent children,143,93,50
S01009637,Couple family: Total,104,64,40
S01009637,Couple family: Both parents working,76,48,28
S01009637,Couple family: One parent working,18,10,8
S01009637,Couple family: No parents working,10,6,4
S01009637,Lone parent family: Total,39,29,10
S01009637,Lone parent family: Parent working,23,19,4
S01009637,Lone parent family: Parent not working,16,10,6
S01009638,All parents aged 16 and over with dependent children,181,66,115
S01009638,Couple family: Total,124,32,92
S01009638,Couple family: Both parents working,50,12,38
S01009638,Couple family: One parent working,40,12,28
S01009638,Couple family: No parents working,34,8,26
S01009638,Lone parent family: Total,57,34,23
S01009638,Lone parent family: Parent working,16,10,6
S01009638,Lone parent family: Parent not working,41,24,17
S01009639,All parents aged 16 and over with dependent children,149,64,85
S01009639,Couple family: Total,130,52,78
S01009639,Couple family: Both parents working,102,36,66
S01009639,Couple family: One parent working,20,10,10
S01009639,Couple family: No parents working,8,6,2
S01009639,Lone parent family: Total,19,12,7
S01009639,Lone parent family: Parent working,12,7,5
S01009639,Lone parent family: Parent not working,7,5,2
S01009640,All parents aged 16 and over with dependent children,96,63,33
S01009640,Couple family: Total,64,40,24
S01009640,Couple family: Both parents working,46,28,18
S01009640,Couple family: One parent working,10,8,2
S01009640,Couple family: No parents working,8,4,4
S01009640,Lone parent family: Total,32,23,9
S01009640,Lone parent family: Parent working,18,12,6
S01009640,Lone parent family: Parent not working,14,11,3
S01009641,All parents aged 16 and over with dependent children,97,65,32
S01009641,Couple family: Total,62,38,24
S01009641,Couple family: Both parents working,32,22,10
S01009641,Couple family: One parent working,20,8,12
S01009641,Couple family: No parents working,10,8,2
S01009641,Lone parent family: Total,35,27,8
S01009641,Lone parent family: Parent working,23,20,3
S01009641,Lone parent family: Parent not working,12,7,5
S01009642,All parents aged 16 and over with dependent children,164,92,72
S01009642,Couple family: Total,138,72,66
S01009642,Couple family: Both parents working,120,66,54
S01009642,Couple family: One parent working,16,4,12
S01009642,Couple family: No parents working,2,2,0
S01009642,Lone parent family: Total,26,20,6
S01009642,Lone parent family: Parent working,16,13,3
S01009642,Lone parent family: Parent not working,10,7,3
S01009643,All parents aged 16 and over with dependent children,181,90,91
S01009643,Couple family: Total,168,84,84
S01009643,Couple family: Both parents working,140,76,64
S01009643,Couple family: One parent working,26,8,18
S01009643,Couple family: No parents working,2,0,2
S01009643,Lone parent family: Total,13,6,7
S01009643,Lone parent family: Parent working,7,4,3
S01009643,Lone parent family: Parent not working,6,2,4
S01009644,All parents aged 16 and over with dependent children,177,75,102
S01009644,Couple family: Total,146,58,88
S01009644,Couple family: Both parents working,92,40,52
S01009644,Couple family: One parent working,42,16,26
S01009644,Couple family: No parents working,12,2,10
S01009644,Lone parent family: Total,31,17,14
S01009644,Lone parent family: Parent working,20,11,9
S01009644,Lone parent family: Parent not working,11,6,5
S01009645,All parents aged 16 and over with dependent children,129,62,67
S01009645,Couple family: Total,100,42,58
S01009645,Couple family: Both parents working,62,24,38
S01009645,Couple family: One parent working,30,14,16
S01009645,Couple family: No parents working,8,4,4
S01009645,Lone parent family: Total,29,20,9
S01009645,Lone parent family: Parent working,13,11,2
S01009645,Lone parent family: Parent not working,16,9,7
S01009646,All parents aged 16 and over with dependent children,124,57,67
S01009646,Couple family: Total,94,40,54
S01009646,Couple family: Both parents working,62,26,36
S01009646,Couple family: One parent working,26,8,18
S01009646,Couple family: No parents working,6,6,0
S01009646,Lone parent family: Total,30,17,13
S01009646,Lone parent family: Parent working,14,10,4
S01009646,Lone parent family: Parent not working,16,7,9
S01009647,All parents aged 16 and over with dependent children,99,58,41
S01009647,Couple family: Total,60,30,30
S01009647,Couple family: Both parents working,40,20,20
S01009647,Couple family: One parent working,10,8,2
S01009647,Couple family: No parents working,10,2,8
S01009647,Lone parent family: Total,39,28,11
S01009647,Lone parent family: Parent working,18,17,1
S01009647,Lone parent family: Parent not working,21,11,10
S01009648,All parents aged 16 and over with dependent children,187,92,95
S01009648,Couple family: Total,160,82,78
S01009648,Couple family: Both parents working,118,64,54
S01009648,Couple family: One parent working,34,12,22
S01009648,Couple family: No parents working,8,6,2
S01009648,Lone parent family: Total,27,10,17
S01009648,Lone parent family: Parent working,13,5,8
S01009648,Lone parent family: Parent not working,14,5,9
S01009649,All parents aged 16 and over with dependent children,233,125,108
S01009649,Couple family: Total,188,96,92
S01009649,Couple family: Both parents working,132,72,60
S01009649,Couple family: One parent working,38,12,26
S01009649,Couple family: No parents working,18,12,6
S01009649,Lone parent family: Total,45,29,16
S01009649,Lone parent family: Parent working,20,11,9
S01009649,Lone parent family: Parent not working,25,18,7
S01009650,All parents aged 16 and over with dependent children,114,51,63
S01009650,Couple family: Total,110,50,60
S01009650,Couple family: Both parents working,98,44,54
S01009650,Couple family: One parent working,12,6,6
S01009650,Couple family: No parents working,0,0,0
S01009650,Lone parent family: Total,4,1,3
S01009650,Lone parent family: Parent working,3,1,2
S01009650,Lone parent family: Parent not working,1,0,1
S01009651,All parents aged 16 and over with dependent children,160,80,80
S01009651,Couple family: Total,138,62,76
S01009651,Couple family: Both parents working,102,52,50
S01009651,Couple family: One parent working,26,8,18
S01009651,Couple family: No parents working,10,2,8
S01009651,Lone parent family: Total,22,18,4
S01009651,Lone parent family: Parent working,14,10,4
S01009651,Lone parent family: Parent not working,8,8,0
S01009652,All parents aged 16 and over with dependent children,100,40,60
S01009652,Couple family: Total,86,34,52
S01009652,Couple family: Both parents working,68,26,42
S01009652,Couple family: One parent working,16,6,10
S01009652,Couple family: No parents working,2,2,0
S01009652,Lone parent family: Total,14,6,8
S01009652,Lone parent family: Parent working,11,4,7
S01009652,Lone parent family: Parent not working,3,2,1
S01009653,All parents aged 16 and over with dependent children,118,59,59
S01009653,Couple family: Total,110,52,58
S01009653,Couple family: Both parents working,92,46,46
S01009653,Couple family: One parent working,16,6,10
S01009653,Couple family: No parents working,2,0,2
S01009653,Lone parent family: Total,8,7,1
S01009653,Lone parent family: Parent working,8,7,1
S01009653,Lone parent family: Parent not working,0,0,0
S01009654,All parents aged 16 and over with dependent children,128,51,77
S01009654,Couple family: Total,112,44,68
S01009654,Couple family: Both parents working,100,42,58
S01009654,Couple family: One parent working,10,2,8
S01009654,Couple family: No parents working,2,0,2
S01009654,Lone parent family: Total,16,7,9
S01009654,Lone parent family: Parent working,11,5,6
S01009654,Lone parent family: Parent not working,5,2,3
S01009655,All parents aged 16 and over with dependent children,152,57,95
S01009655,Couple family: Total,106,38,68
S01009655,Couple family: Both parents working,68,24,44
S01009655,Couple family: One parent working,30,12,18
S01009655,Couple family: No parents working,8,2,6
S01009655,Lone parent family: Total,46,19,27
S01009655,Lone parent family: Parent working,27,15,12
S01009655,Lone parent family: Parent not working,19,4,15
S01009656,All parents aged 16 and over with dependent children,109,52,57
S01009656,Couple family: Total,78,38,40
S01009656,Couple family: Both parents working,50,24,26
S01009656,Couple family: One parent working,14,6,8
S01009656,Couple family: No parents working,14,8,6
S01009656,Lone parent family: Total,31,14,17
S01009656,Lone parent family: Parent working,12,6,6
S01009656,Lone parent family: Parent not working,19,8,11
S01009657,All parents aged 16 and over with dependent children,143,70,73
S01009657,Couple family: Total,128,60,68
S01009657,Couple family: Both parents working,86,42,44
S01009657,Couple family: One parent working,28,14,14
S01009657,Couple family: No parents working,14,4,10
S01009657,Lone parent family: Total,15,10,5
S01009657,Lone parent family: Parent working,7,5,2
S01009657,Lone parent family: Parent not working,8,5,3
S01009658,All parents aged 16 and over with dependent children,162,69,93
S01009658,Couple family: Total,124,50,74
S01009658,Couple family: Both parents working,76,28,48
S01009658,Couple family: One parent working,32,8,24
S01009658,Couple family: No parents working,16,14,2
S01009658,Lone parent family: Total,38,19,19
S01009658,Lone parent family: Parent working,17,8,9
S01009658,Lone parent family: Parent not working,21,11,10
S01009659,All parents aged 16 and over with dependent children,92,51,41
S01009659,Couple family: Total,78,38,40
S01009659,Couple family: Both parents working,56,30,26
S01009659,Couple family: One parent working,20,8,12
S01009659,Couple family: No parents working,2,0,2
S01009659,Lone parent family: Total,14,13,1
S01009659,Lone parent family: Parent working,6,5,1
S01009659,Lone parent family: Parent not working,8,8,0
S01009660,All parents aged 16 and over with dependent children,265,119,146
S01009660,Couple family: Total,212,88,124
S01009660,Couple family: Both parents working,142,70,72
S01009660,Couple family: One parent working,40,16,24
S01009660,Couple family: No parents working,30,2,28
S01009660,Lone parent family: Total,53,31,22
S01009660,Lone parent family: Parent working,24,14,10
S01009660,Lone parent family: Parent not working,29,17,12
S01009661,All parents aged 16 and over with dependent children,160,68,92
S01009661,Couple family: Total,150,62,88
S01009661,Couple family: Both parents working,124,58,66
S01009661,Couple family: One parent working,24,4,20
S01009661,Couple family: No parents working,2,0,2
S01009661,Lone parent family: Total,10,6,4
S01009661,Lone parent family: Parent working,7,6,1
S01009661,Lone parent family: Parent not working,3,0,3
S01009662,All parents aged 16 and over with dependent children,146,57,89
S01009662,Couple family: Total,124,44,80
S01009662,Couple family: Both parents working,98,30,68
S01009662,Couple family: One parent working,26,14,12
S01009662,Couple family: No parents working,0,0,0
S01009662,Lone parent family: Total,22,13,9
S01009662,Lone parent family: Parent working,14,10,4
S01009662,Lone parent family: Parent not working,8,3,5
S01009663,All parents aged 16 and over with dependent children,139,64,75
S01009663,Couple family: Total,116,46,70
S01009663,Couple family: Both parents working,84,32,52
S01009663,Couple family: One parent working,30,14,16
S01009663,Couple family: No parents working,2,0,2
S01009663,Lone parent family: Total,23,18,5
S01009663,Lone parent family: Parent working,17,13,4
S01009663,Lone parent family: Parent not working,6,5,1
S01009664,All parents aged 16 and over with dependent children,187,70,117
S01009664,Couple family: Total,176,64,112
S01009664,Couple family: Both parents working,130,46,84
S01009664,Couple family: One parent working,38,16,22
S01009664,Couple family: No parents working,8,2,6
S01009664,Lone parent family: Total,11,6,5
S01009664,Lone parent family: Parent working,7,4,3
S01009664,Lone parent family: Parent not working,4,2,2
S01009665,All parents aged 16 and over with dependent children,134,51,83
S01009665,Couple family: Total,114,42,72
S01009665,Couple family: Both parents working,90,34,56
S01009665,Couple family: One parent working,20,4,16
S01009665,Couple family: No parents working,4,4,0
S01009665,Lone parent family: Total,20,9,11
S01009665,Lone parent family: Parent working,10,6,4
S01009665,Lone parent family: Parent not working,10,3,7
S01009666,All parents aged 16 and over with dependent children,136,58,78
S01009666,Couple family: Total,120,48,72
S01009666,Couple family: Both parents working,90,38,52
S01009666,Couple family: One parent working,24,6,18
S01009666,Couple family: No parents working,6,4,2
S01009666,Lone parent family: Total,16,10,6
S01009666,Lone parent family: Parent working,6,3,3
S01009666,Lone parent family: Parent not working,10,7,3
S01009667,All parents aged 16 and over with dependent children,111,43,68
S01009667,Couple family: Total,106,38,68
S01009667,Couple family: Both parents working,90,34,56
S01009667,Couple family: One parent working,16,4,12
S01009667,Couple family: No parents working,0,0,0
S01009667,Lone parent family: Total,5,5,0
S01009667,Lone parent family: Parent working,4,4,0
S01009667,Lone parent family: Parent not working,1,1,0
S01009668,All parents aged 16 and over with dependent children,144,61,83
S01009668,Couple family: Total,126,50,76
S01009668,Couple family: Both parents working,96,36,60
S01009668,Couple family: One parent working,28,12,16
S01009668,Couple family: No parents working,2,2,0
S01009668,Lone parent family: Total,18,11,7
S01009668,Lone parent family: Parent working,10,7,3
S01009668,Lone parent family: Parent not working,8,4,4
S01009669,All parents aged 16 and over with dependent children,84,41,43
S01009669,Couple family: Total,76,36,40
S01009669,Couple family: Both parents working,68,30,38
S01009669,Couple family: One parent working,8,6,2
S01009669,Couple family: No parents working,0,0,0
S01009669,Lone parent family: Total,8,5,3
S01009669,Lone parent family: Parent working,7,4,3
S01009669,Lone parent family: Parent not working,1,1,0
S01009670,All parents aged 16 and over with dependent children,163,81,82
S01009670,Couple family: Total,132,60,72
S01009670,Couple family: Both parents working,104,44,60
S01009670,Couple family: One parent working,20,14,6
S01009670,Couple family: No parents working,8,2,6
S01009670,Lone parent family: Total,31,21,10
S01009670,Lone parent family: Parent working,24,15,9
S01009670,Lone parent family: Parent not working,7,6,1
S01009671,All parents aged 16 and over with dependent children,122,69,53
S01009671,Couple family: Total,100,56,44
S01009671,Couple family: Both parents working,80,46,34
S01009671,Couple family: One parent working,18,10,8
S01009671,Couple family: No parents working,2,0,2
S01009671,Lone parent family: Total,22,13,9
S01009671,Lone parent family: Parent working,16,11,5
S01009671,Lone parent family: Parent not working,6,2,4
S01009672,All parents aged 16 and over with dependent children,175,80,95
S01009672,Couple family: Total,154,64,90
S01009672,Couple family: Both parents working,102,44,58
S01009672,Couple family: One parent working,42,14,28
S01009672,Couple family: No parents working,10,6,4
S01009672,Lone parent family: Total,21,16,5
S01009672,Lone parent family: Parent working,13,10,3
S01009672,Lone parent family: Parent not working,8,6,2
S01009673,All parents aged 16 and over with dependent children,163,78,85
S01009673,Couple family: Total,148,68,80
S01009673,Couple family: Both parents working,104,52,52
S01009673,Couple family: One parent working,40,16,24
S01009673,Couple family: No parents working,4,0,4
S01009673,Lone parent family: Total,15,10,5
S01009673,Lone parent family: Parent working,9,7,2
S01009673,Lone parent family: Parent not working,6,3,3
S01009674,All parents aged 16 and over with dependent children,164,72,92
S01009674,Couple family: Total,142,60,82
S01009674,Couple family: Both parents working,108,44,64
S01009674,Couple family: One parent working,32,14,18
S01009674,Couple family: No parents working,2,2,0
S01009674,Lone parent family: Total,22,12,10
S01009674,Lone parent family: Parent working,18,8,10
S01009674,Lone parent family: Parent not working,4,4,0
S01009675,All parents aged 16 and over with dependent children,170,71,99
S01009675,Couple family: Total,152,64,88
S01009675,Couple family: Both parents working,120,54,66
S01009675,Couple family: One parent working,30,8,22
S01009675,Couple family: No parents working,2,2,0
S01009675,Lone parent family: Total,18,7,11
S01009675,Lone parent family: Parent working,14,5,9
S01009675,Lone parent family: Parent not working,4,2,2
S01009676,All parents aged 16 and over with dependent children,176,60,116
S01009676,Couple family: Total,156,52,104
S01009676,Couple family: Both parents working,120,52,68
S01009676,Couple family: One parent working,32,0,32
S01009676,Couple family: No parents working,4,0,4
S01009676,Lone parent family: Total,20,8,12
S01009676,Lone parent family: Parent working,14,6,8
S01009676,Lone parent family: Parent not working,6,2,4
S01009677,All parents aged 16 and over with dependent children,132,56,76
S01009677,Couple family: Total,122,50,72
S01009677,Couple family: Both parents working,86,38,48
S01009677,Couple family: One parent working,30,10,20
S01009677,Couple family: No parents working,6,2,4
S01009677,Lone parent family: Total,10,6,4
S01009677,Lone parent family: Parent working,8,5,3
S01009677,Lone parent family: Parent not working,2,1,1
S01009678,All parents aged 16 and over with dependent children,92,41,51
S01009678,Couple family: Total,74,28,46
S01009678,Couple family: Both parents working,52,20,32
S01009678,Couple family: One parent working,20,8,12
S01009678,Couple family: No parents working,2,0,2
S01009678,Lone parent family: Total,18,13,5
S01009678,Lone parent family: Parent working,15,10,5
S01009678,Lone parent family: Parent not working,3,3,0
S01009679,All parents aged 16 and over with dependent children,179,80,99
S01009679,Couple family: Total,152,60,92
S01009679,Couple family: Both parents working,112,46,66
S01009679,Couple family: One parent working,34,12,22
S01009679,Couple family: No parents working,6,2,4
S01009679,Lone parent family: Total,27,20,7
S01009679,Lone parent family: Parent working,19,14,5
S01009679,Lone parent family: Parent not working,8,6,2
S01009680,All parents aged 16 and over with dependent children,168,75,93
S01009680,Couple family: Total,138,58,80
S01009680,Couple family: Both parents working,106,54,52
S01009680,Couple family: One parent working,26,4,22
S01009680,Couple family: No parents working,6,0,6
S01009680,Lone parent family: Total,30,17,13
S01009680,Lone parent family: Parent working,19,13,6
S01009680,Lone parent family: Parent not working,11,4,7
S01009681,All parents aged 16 and over with dependent children,112,60,52
S01009681,Couple family: Total,96,50,46
S01009681,Couple family: Both parents working,76,48,28
S01009681,Couple family: One parent working,20,2,18
S01009681,Couple family: No parents working,0,0,0
S01009681,Lone parent family: Total,16,10,6
S01009681,Lone parent family: Parent working,13,10,3
S01009681,Lone parent family: Parent not working,3,0,3
S01009682,All parents aged 16 and over with dependent children,123,46,77
S01009682,Couple family: Total,108,36,72
S01009682,Couple family: Both parents working,88,32,56
S01009682,Couple family: One parent working,18,4,14
S01009682,Couple family: No parents working,2,0,2
S01009682,Lone parent family: Total,15,10,5
S01009682,Lone parent family: Parent working,13,8,5
S01009682,Lone parent family: Parent not working,2,2,0
S01009683,All parents aged 16 and over with dependent children,133,67,66
S01009683,Couple family: Total,122,60,62
S01009683,Couple family: Both parents working,92,50,42
S01009683,Couple family: One parent working,28,8,20
S01009683,Couple family: No parents working,2,2,0
S01009683,Lone parent family: Total,11,7,4
S01009683,Lone parent family: Parent working,9,7,2
S01009683,Lone parent family: Parent not working,2,0,2
S01009684,All parents aged 16 and over with dependent children,286,101,185
S01009684,Couple family: Total,264,86,178
S01009684,Couple family: Both parents working,194,68,126
S01009684,Couple family: One parent working,60,16,44
S01009684,Couple family: No parents working,10,2,8
S01009684,Lone parent family: Total,22,15,7
S01009684,Lone parent family: Parent working,18,13,5
S01009684,Lone parent family: Parent not working,4,2,2
S01009685,All parents aged 16 and over with dependent children,132,60,72
S01009685,Couple family: Total,118,54,64
S01009685,Couple family: Both parents working,84,46,38
S01009685,Couple family: One parent working,20,4,16
S01009685,Couple family: No parents working,14,4,10
S01009685,Lone parent family: Total,14,6,8
S01009685,Lone parent family: Parent working,7,4,3
S01009685,Lone parent family: Parent not working,7,2,5
S01009686,All parents aged 16 and over with dependent children,224,123,101
S01009686,Couple family: Total,164,88,76
S01009686,Couple family: Both parents working,116,64,52
S01009686,Couple family: One parent working,42,22,20
S01009686,Couple family: No parents working,6,2,4
S01009686,Lone parent family: Total,60,35,25
S01009686,Lone parent family: Parent working,37,21,16
S01009686,Lone parent family: Parent not working,23,14,9
S01009687,All parents aged 16 and over with dependent children,187,98,89
S01009687,Couple family: Total,168,84,84
S01009687,Couple family: Both parents working,114,56,58
S01009687,Couple family: One parent working,52,28,24
S01009687,Couple family: No parents working,2,0,2
S01009687,Lone parent family: Total,19,14,5
S01009687,Lone parent family: Parent working,10,8,2
S01009687,Lone parent family: Parent not working,9,6,3
S01009688,All parents aged 16 and over with dependent children,204,113,91
S01009688,Couple family: Total,130,62,68
S01009688,Couple family: Both parents working,70,36,34
S01009688,Couple family: One parent working,44,22,22
S01009688,Couple family: No parents working,16,4,12
S01009688,Lone parent family: Total,74,51,23
S01009688,Lone parent family: Parent working,33,26,7
S01009688,Lone parent family: Parent not working,41,25,16
S01009689,All parents aged 16 and over with dependent children,116,72,44
S01009689,Couple family: Total,94,58,36
S01009689,Couple family: Both parents working,58,36,22
S01009689,Couple family: One parent working,30,16,14
S01009689,Couple family: No parents working,6,6,0
S01009689,Lone parent family: Total,22,14,8
S01009689,Lone parent family: Parent working,16,10,6
S01009689,Lone parent family: Parent not working,6,4,2
S01009690,All parents aged 16 and over with dependent children,129,65,64
S01009690,Couple family: Total,102,42,60
S01009690,Couple family: Both parents working,66,32,34
S01009690,Couple family: One parent working,34,10,24
S01009690,Couple family: No parents working,2,0,2
S01009690,Lone parent family: Total,27,23,4
S01009690,Lone parent family: Parent working,18,14,4
S01009690,Lone parent family: Parent not working,9,9,0
S01009691,All parents aged 16 and over with dependent children,130,56,74
S01009691,Couple family: Total,114,48,66
S01009691,Couple family: Both parents working,92,42,50
S01009691,Couple family: One parent working,22,6,16
S01009691,Couple family: No parents working,0,0,0
S01009691,Lone parent family: Total,16,8,8
S01009691,Lone parent family: Parent working,10,4,6
S01009691,Lone parent family: Parent not working,6,4,2
S01009692,All parents aged 16 and over with dependent children,176,85,91
S01009692,Couple family: Total,158,74,84
S01009692,Couple family: Both parents working,128,58,70
S01009692,Couple family: One parent working,30,16,14
S01009692,Couple family: No parents working,0,0,0
S01009692,Lone parent family: Total,18,11,7
S01009692,Lone parent family: Parent working,12,8,4
S01009692,Lone parent family: Parent not working,6,3,3
S01009693,All parents aged 16 and over with dependent children,143,60,83
S01009693,Couple family: Total,132,54,78
S01009693,Couple family: Both parents working,106,44,62
S01009693,Couple family: One parent working,22,8,14
S01009693,Couple family: No parents working,4,2,2
S01009693,Lone parent family: Total,11,6,5
S01009693,Lone parent family: Parent working,10,6,4
S01009693,Lone parent family: Parent not working,1,0,1
S01009694,All parents aged 16 and over with dependent children,175,85,90
S01009694,Couple family: Total,162,78,84
S01009694,Couple family: Both parents working,134,64,70
S01009694,Couple family: One parent working,26,12,14
S01009694,Couple family: No parents working,2,2,0
S01009694,Lone parent family: Total,13,7,6
S01009694,Lone parent family: Parent working,12,6,6
S01009694,Lone parent family: Parent not working,1,1,0
S01009695,All parents aged 16 and over with dependent children,118,59,59
S01009695,Couple family: Total,100,50,50
S01009695,Couple family: Both parents working,74,40,34
S01009695,Couple family: One parent working,24,10,14
S01009695,Couple family: No parents working,2,0,2
S01009695,Lone parent family: Total,18,9,9
S01009695,Lone parent family: Parent working,11,4,7
S01009695,Lone parent family: Parent not working,7,5,2
S01009696,All parents aged 16 and over with dependent children,196,90,106
S01009696,Couple family: Total,180,80,100
S01009696,Couple family: Both parents working,154,78,76
S01009696,Couple family: One parent working,26,2,24
S01009696,Couple family: No parents working,0,0,0
S01009696,Lone parent family: Total,16,10,6
S01009696,Lone parent family: Parent working,9,5,4
S01009696,Lone parent family: Parent not working,7,5,2
S01009697,All parents aged 16 and over with dependent children,126,47,79
S01009697,Couple family: Total,120,44,76
S01009697,Couple family: Both parents working,86,34,52
S01009697,Couple family: One parent working,30,10,20
S01009697,Couple family: No parents working,4,0,4
S01009697,Lone parent family: Total,6,3,3
S01009697,Lone parent family: Parent working,2,1,1
S01009697,Lone parent family: Parent not working,4,2,2
S01009698,All parents aged 16 and over with dependent children,113,63,50
S01009698,Couple family: Total,104,58,46
S01009698,Couple family: Both parents working,80,46,34
S01009698,Couple family: One parent working,20,10,10
S01009698,Couple family: No parents working,4,2,2
S01009698,Lone parent family: Total,9,5,4
S01009698,Lone parent family: Parent working,5,3,2
S01009698,Lone parent family: Parent not working,4,2,2
S01009699,All parents aged 16 and over with dependent children,58,24,34
S01009699,Couple family: Total,50,18,32
S01009699,Couple family: Both parents working,26,8,18
S01009699,Couple family: One parent working,20,8,12
S01009699,Couple family: No parents working,4,2,2
S01009699,Lone parent family: Total,8,6,2
S01009699,Lone parent family: Parent working,7,5,2
S01009699,Lone parent family: Parent not working,1,1,0
S01009700,All parents aged 16 and over with dependent children,102,35,67
S01009700,Couple family: Total,88,28,60
S01009700,Couple family: Both parents working,54,14,40
S01009700,Couple family: One parent working,26,12,14
S01009700,Couple family: No parents working,8,2,6
S01009700,Lone parent family: Total,14,7,7
S01009700,Lone parent family: Parent working,8,4,4
S01009700,Lone parent family: Parent not working,6,3,3
S01009701,All parents aged 16 and over with dependent children,48,19,29
S01009701,Couple family: Total,42,18,24
S01009701,Couple family: Both parents working,32,16,16
S01009701,Couple family: One parent working,10,2,8
S01009701,Couple family: No parents working,0,0,0
S01009701,Lone parent family: Total,6,1,5
S01009701,Lone parent family: Parent working,5,1,4
S01009701,Lone parent family: Parent not working,1,0,1
S01009702,All parents aged 16 and over with dependent children,126,59,67
S01009702,Couple family: Total,110,48,62
S01009702,Couple family: Both parents working,88,44,44
S01009702,Couple family: One parent working,20,4,16
S01009702,Couple family: No parents working,2,0,2
S01009702,Lone parent family: Total,16,11,5
S01009702,Lone parent family: Parent working,10,8,2
S01009702,Lone parent family: Parent not working,6,3,3
S01009703,All parents aged 16 and over with dependent children,94,43,51
S01009703,Couple family: Total,76,32,44
S01009703,Couple family: Both parents working,54,26,28
S01009703,Couple family: One parent working,20,4,16
S01009703,Couple family: No parents working,2,2,0
S01009703,Lone parent family: Total,18,11,7
S01009703,Lone parent family: Parent working,15,10,5
S01009703,Lone parent family: Parent not working,3,1,2
S01009704,All parents aged 16 and over with dependent children,176,88,88
S01009704,Couple family: Total,148,64,84
S01009704,Couple family: Both parents working,94,38,56
S01009704,Couple family: One parent working,50,22,28
S01009704,Couple family: No parents working,4,4,0
S01009704,Lone parent family: Total,28,24,4
S01009704,Lone parent family: Parent working,24,21,3
S01009704,Lone parent family: Parent not working,4,3,1
S01009705,All parents aged 16 and over with dependent children,118,55,63
S01009705,Couple family: Total,94,38,56
S01009705,Couple family: Both parents working,56,28,28
S01009705,Couple family: One parent working,34,8,26
S01009705,Couple family: No parents working,4,2,2
S01009705,Lone parent family: Total,24,17,7
S01009705,Lone parent family: Parent working,16,11,5
S01009705,Lone parent family: Parent not working,8,6,2
S01009706,All parents aged 16 and over with dependent children,121,40,81
S01009706,Couple family: Total,104,32,72
S01009706,Couple family: Both parents working,78,20,58
S01009706,Couple family: One parent working,20,10,10
S01009706,Couple family: No parents working,6,2,4
S01009706,Lone parent family: Total,17,8,9
S01009706,Lone parent family: Parent working,8,7,1
S01009706,Lone parent family: Parent not working,9,1,8
S01009707,All parents aged 16 and over with dependent children,93,43,50
S01009707,Couple family: Total,84,38,46
S01009707,Couple family: Both parents working,64,34,30
S01009707,Couple family: One parent working,18,4,14
S01009707,Couple family: No parents working,2,0,2
S01009707,Lone parent family: Total,9,5,4
S01009707,Lone parent family: Parent working,9,5,4
S01009707,Lone parent family: Parent not working,0,0,0
S01009708,All parents aged 16 and over with dependent children,112,48,64
S01009708,Couple family: Total,100,42,58
S01009708,Couple family: Both parents working,76,28,48
S01009708,Couple family: One parent working,20,12,8
S01009708,Couple family: No parents working,4,2,2
S01009708,Lone parent family: Total,12,6,6
S01009708,Lone parent family: Parent working,9,4,5
S01009708,Lone parent family: Parent not working,3,2,1
S01009709,All parents aged 16 and over with dependent children,116,59,57
S01009709,Couple family: Total,100,48,52
S01009709,Couple family: Both parents working,68,34,34
S01009709,Couple family: One parent working,26,12,14
S01009709,Couple family: No parents working,6,2,4
S01009709,Lone parent family: Total,16,11,5
S01009709,Lone parent family: Parent working,13,8,5
S01009709,Lone parent family: Parent not working,3,3,0
S01009710,All parents aged 16 and over with dependent children,132,42,90
S01009710,Couple family: Total,112,34,78
S01009710,Couple family: Both parents working,94,32,62
S01009710,Couple family: One parent working,18,2,16
S01009710,Couple family: No parents working,0,0,0
S01009710,Lone parent family: Total,20,8,12
S01009710,Lone parent family: Parent working,13,4,9
S01009710,Lone parent family: Parent not working,7,4,3
S01009711,All parents aged 16 and over with dependent children,146,69,77
S01009711,Couple family: Total,112,44,68
S01009711,Couple family: Both parents working,80,30,50
S01009711,Couple family: One parent working,28,12,16
S01009711,Couple family: No parents working,4,2,2
S01009711,Lone parent family: Total,34,25,9
S01009711,Lone parent family: Parent working,23,15,8
S01009711,Lone parent family: Parent not working,11,10,1
S01009712,All parents aged 16 and over with dependent children,102,44,58
S01009712,Couple family: Total,88,36,52
S01009712,Couple family: Both parents working,54,28,26
S01009712,Couple family: One parent working,30,8,22
S01009712,Couple family: No parents working,4,0,4
S01009712,Lone parent family: Total,14,8,6
S01009712,Lone parent family: Parent working,9,5,4
S01009712,Lone parent family: Parent not working,5,3,2
S01009713,All parents aged 16 and over with dependent children,137,70,67
S01009713,Couple family: Total,112,52,60
S01009713,Couple family: Both parents working,86,46,40
S01009713,Couple family: One parent working,24,6,18
S01009713,Couple family: No parents working,2,0,2
S01009713,Lone parent family: Total,25,18,7
S01009713,Lone parent family: Parent working,18,13,5
S01009713,Lone parent family: Parent not working,7,5,2
S01009714,All parents aged 16 and over with dependent children,147,60,87
S01009714,Couple family: Total,128,46,82
S01009714,Couple family: Both parents working,86,36,50
S01009714,Couple family: One parent working,40,8,32
S01009714,Couple family: No parents working,2,2,0
S01009714,Lone parent family: Total,19,14,5
S01009714,Lone parent family: Parent working,10,7,3
S01009714,Lone parent family: Parent not working,9,7,2
S01009715,All parents aged 16 and over with dependent children,95,52,43
S01009715,Couple family: Total,82,42,40
S01009715,Couple family: Both parents working,46,26,20
S01009715,Couple family: One parent working,34,16,18
S01009715,Couple family: No parents working,2,0,2
S01009715,Lone parent family: Total,13,10,3
S01009715,Lone parent family: Parent working,9,7,2
S01009715,Lone parent family: Parent not working,4,3,1
S01009716,All parents aged 16 and over with dependent children,90,42,48
S01009716,Couple family: Total,84,38,46
S01009716,Couple family: Both parents working,58,30,28
S01009716,Couple family: One parent working,20,6,14
S01009716,Couple family: No parents working,6,2,4
S01009716,Lone parent family: Total,6,4,2
S01009716,Lone parent family: Parent working,5,4,1
S01009716,Lone parent family: Parent not working,1,0,1
S01009717,All parents aged 16 and over with dependent children,115,56,59
S01009717,Couple family: Total,88,38,50
S01009717,Couple family: Both parents working,48,22,26
S01009717,Couple family: One parent working,32,10,22
S01009717,Couple family: No parents working,8,6,2
S01009717,Lone parent family: Total,27,18,9
S01009717,Lone parent family: Parent working,14,9,5
S01009717,Lone parent family: Parent not working,13,9,4
S01009718,All parents aged 16 and over with dependent children,115,59,56
S01009718,Couple family: Total,82,40,42
S01009718,Couple family: Both parents working,44,26,18
S01009718,Couple family: One parent working,22,8,14
S01009718,Couple family: No parents working,16,6,10
S01009718,Lone parent family: Total,33,19,14
S01009718,Lone parent family: Parent working,23,15,8
S01009718,Lone parent family: Parent not working,10,4,6
S01009719,All parents aged 16 and over with dependent children,110,49,61
S01009719,Couple family: Total,88,40,48
S01009719,Couple family: Both parents working,66,28,38
S01009719,Couple family: One parent working,20,12,8
S01009719,Couple family: No parents working,2,0,2
S01009719,Lone parent family: Total,22,9,13
S01009719,Lone parent family: Parent working,14,6,8
S01009719,Lone parent family: Parent not working,8,3,5
S01009720,All parents aged 16 and over with dependent children,103,45,58
S01009720,Couple family: Total,88,36,52
S01009720,Couple family: Both parents working,62,20,42
S01009720,Couple family: One parent working,24,14,10
S01009720,Couple family: No parents working,2,2,0
S01009720,Lone parent family: Total,15,9,6
S01009720,Lone parent family: Parent working,11,7,4
S01009720,Lone parent family: Parent not working,4,2,2
S01009721,All parents aged 16 and over with dependent children,20,15,5
S01009721,Couple family: Total,18,14,4
S01009721,Couple family: Both parents working,14,10,4
S01009721,Couple family: One parent working,2,2,0
S01009721,Couple family: No parents working,2,2,0
S01009721,Lone parent family: Total,2,1,1
S01009721,Lone parent family: Parent working,0,0,0
S01009721,Lone parent family: Parent not working,2,1,1
S01009722,All parents aged 16 and over with dependent children,21,8,13
S01009722,Couple family: Total,18,8,10
S01009722,Couple family: Both parents working,10,4,6
S01009722,Couple family: One parent working,6,4,2
S01009722,Couple family: No parents working,2,0,2
S01009722,Lone parent family: Total,3,0,3
S01009722,Lone parent family: Parent working,3,0,3
S01009722,Lone parent family: Parent not working,0,0,0
S01009723,All parents aged 16 and over with dependent children,19,15,4
S01009723,Couple family: Total,14,10,4
S01009723,Couple family: Both parents working,8,6,2
S01009723,Couple family: One parent working,2,0,2
S01009723,Couple family: No parents working,4,4,0
S01009723,Lone parent family: Total,5,5,0
S01009723,Lone parent family: Parent working,2,2,0
S01009723,Lone parent family: Parent not working,3,3,0
S01009724,All parents aged 16 and over with dependent children,93,59,34
S01009724,Couple family: Total,60,40,20
S01009724,Couple family: Both parents working,40,28,12
S01009724,Couple family: One parent working,12,8,4
S01009724,Couple family: No parents working,8,4,4
S01009724,Lone parent family: Total,33,19,14
S01009724,Lone parent family: Parent working,20,13,7
S01009724,Lone parent family: Parent not working,13,6,7
S01009725,All parents aged 16 and over with dependent children,31,26,5
S01009725,Couple family: Total,26,24,2
S01009725,Couple family: Both parents working,12,10,2
S01009725,Couple family: One parent working,12,12,0
S01009725,Couple family: No parents working,2,2,0
S01009725,Lone parent family: Total,5,2,3
S01009725,Lone parent family: Parent working,4,2,2
S01009725,Lone parent family: Parent not working,1,0,1
S01009726,All parents aged 16 and over with dependent children,19,9,10
S01009726,Couple family: Total,18,8,10
S01009726,Couple family: Both parents working,16,6,10
S01009726,Couple family: One parent working,2,2,0
S01009726,Couple family: No parents working,0,0,0
S01009726,Lone parent family: Total,1,1,0
S01009726,Lone parent family: Parent working,1,1,0
S01009726,Lone parent family: Parent not working,0,0,0
S01009727,All parents aged 16 and over with dependent children,209,77,132
S01009727,Couple family: Total,194,68,126
S01009727,Couple family: Both parents working,134,44,90
S01009727,Couple family: One parent working,50,18,32
S01009727,Couple family: No parents working,10,6,4
S01009727,Lone parent family: Total,15,9,6
S01009727,Lone parent family: Parent working,8,4,4
S01009727,Lone parent family: Parent not working,7,5,2
S01009728,All parents aged 16 and over with dependent children,117,57,60
S01009728,Couple family: Total,104,50,54
S01009728,Couple family: Both parents working,78,38,40
S01009728,Couple family: One parent working,20,10,10
S01009728,Couple family: No parents working,6,2,4
S01009728,Lone parent family: Total,13,7,6
S01009728,Lone parent family: Parent working,11,7,4
S01009728,Lone parent family: Parent not working,2,0,2
S01009729,All parents aged 16 and over with dependent children,84,40,44
S01009729,Couple family: Total,76,32,44
S01009729,Couple family: Both parents working,50,22,28
S01009729,Couple family: One parent working,22,10,12
S01009729,Couple family: No parents working,4,0,4
S01009729,Lone parent family: Total,8,8,0
S01009729,Lone parent family: Parent working,6,6,0
S01009729,Lone parent family: Parent not working,2,2,0
S01009730,All parents aged 16 and over with dependent children,78,45,33
S01009730,Couple family: Total,64,36,28
S01009730,Couple family: Both parents working,42,26,16
S01009730,Couple family: One parent working,20,10,10
S01009730,Couple family: No parents working,2,0,2
S01009730,Lone parent family: Total,14,9,5
S01009730,Lone parent family: Parent working,10,6,4
S01009730,Lone parent family: Parent not working,4,3,1
S01009731,All parents aged 16 and over with dependent children,69,27,42
S01009731,Couple family: Total,66,24,42
S01009731,Couple family: Both parents working,56,18,38
S01009731,Couple family: One parent working,10,6,4
S01009731,Couple family: No parents working,0,0,0
S01009731,Lone parent family: Total,3,3,0
S01009731,Lone parent family: Parent working,1,1,0
S01009731,Lone parent family: Parent not working,2,2,0
S01009732,All parents aged 16 and over with dependent children,72,40,32
S01009732,Couple family: Total,62,32,30
S01009732,Couple family: Both parents working,40,22,18
S01009732,Couple family: One parent working,20,10,10
S01009732,Couple family: No parents working,2,0,2
S01009732,Lone parent family: Total,10,8,2
S01009732,Lone parent family: Parent working,3,2,1
S01009732,Lone parent family: Parent not working,7,6,1
S01009733,All parents aged 16 and over with dependent children,86,33,53
S01009733,Couple family: Total,82,30,52
S01009733,Couple family: Both parents working,68,28,40
S01009733,Couple family: One parent working,14,2,12
S01009733,Couple family: No parents working,0,0,0
S01009733,Lone parent family: Total,4,3,1
S01009733,Lone parent family: Parent working,2,1,1
S01009733,Lone parent family: Parent not working,2,2,0
S01009734,All parents aged 16 and over with dependent children,173,58,115
S01009734,Couple family: Total,148,46,102
S01009734,Couple family: Both parents working,116,36,80
S01009734,Couple family: One parent working,32,10,22
S01009734,Couple family: No parents working,0,0,0
S01009734,Lone parent family: Total,25,12,13
S01009734,Lone parent family: Parent working,21,9,12
S01009734,Lone parent family: Parent not working,4,3,1
S01009735,All parents aged 16 and over with dependent children,108,38,70
S01009735,Couple family: Total,98,32,66
S01009735,Couple family: Both parents working,66,14,52
S01009735,Couple family: One parent working,28,16,12
S01009735,Couple family: No parents working,4,2,2
S01009735,Lone parent family: Total,10,6,4
S01009735,Lone parent family: Parent working,8,6,2
S01009735,Lone parent family: Parent not working,2,0,2
S01009736,All parents aged 16 and over with dependent children,25,8,17
S01009736,Couple family: Total,24,8,16
S01009736,Couple family: Both parents working,14,2,12
S01009736,Couple family: One parent working,8,4,4
S01009736,Couple family: No parents working,2,2,0
S01009736,Lone parent family: Total,1,0,1
S01009736,Lone parent family: Parent working,1,0,1
S01009736,Lone parent family: Parent not working,0,0,0
S01009737,All parents aged 16 and over with dependent children,199,136,63
S01009737,Couple family: Total,178,120,58
S01009737,Couple family: Both parents working,104,74,30
S01009737,Couple family: One parent working,68,42,26
S01009737,Couple family: No parents working,6,4,2
S01009737,Lone parent family: Total,21,16,5
S01009737,Lone parent family: Parent working,17,13,4
S01009737,Lone parent family: Parent not working,4,3,1
S01009738,All parents aged 16 and over with dependent children,65,35,30
S01009738,Couple family: Total,54,30,24
S01009738,Couple family: Both parents working,44,26,18
S01009738,Couple family: One parent working,10,4,6
S01009738,Couple family: No parents working,0,0,0
S01009738,Lone parent family: Total,11,5,6
S01009738,Lone parent family: Parent working,7,2,5
S01009738,Lone parent family: Parent not working,4,3,1
S01009739,All parents aged 16 and over with dependent children,233,89,144
S01009739,Couple family: Total,218,76,142
S01009739,Couple family: Both parents working,140,52,88
S01009739,Couple family: One parent working,70,22,48
S01009739,Couple family: No parents working,8,2,6
S01009739,Lone parent family: Total,15,13,2
S01009739,Lone parent family: Parent working,13,12,1
S01009739,Lone parent family: Parent not working,2,1,1
S01009740,All parents aged 16 and over with dependent children,113,63,50
S01009740,Couple family: Total,80,40,40
S01009740,Couple family: Both parents working,56,26,30
S01009740,Couple family: One parent working,18,10,8
S01009740,Couple family: No parents working,6,4,2
S01009740,Lone parent family: Total,33,23,10
S01009740,Lone parent family: Parent working,20,16,4
S01009740,Lone parent family: Parent not working,13,7,6
S01009741,All parents aged 16 and over with dependent children,233,61,172
S01009741,Couple family: Total,224,56,168
S01009741,Couple family: Both parents working,88,30,58
S01009741,Couple family: One parent working,132,24,108
S01009741,Couple family: No parents working,4,2,2
S01009741,Lone parent family: Total,9,5,4
S01009741,Lone parent family: Parent working,6,3,3
S01009741,Lone parent family: Parent not working,3,2,1
S01009742,All parents aged 16 and over with dependent children,98,38,60
S01009742,Couple family: Total,92,34,58
S01009742,Couple family: Both parents working,58,24,34
S01009742,Couple family: One parent working,32,10,22
S01009742,Couple family: No parents working,2,0,2
S01009742,Lone parent family: Total,6,4,2
S01009742,Lone parent family: Parent working,5,3,2
S01009742,Lone parent family: Parent not working,1,1,0
S01009743,All parents aged 16 and over with dependent children,181,93,88
S01009743,Couple family: Total,158,74,84
S01009743,Couple family: Both parents working,120,66,54
S01009743,Couple family: One parent working,32,6,26
S01009743,Couple family: No parents working,6,2,4
S01009743,Lone parent family: Total,23,19,4
S01009743,Lone parent family: Parent working,16,12,4
S01009743,Lone parent family: Parent not working,7,7,0
S01009744,All parents aged 16 and over with dependent children,126,42,84
S01009744,Couple family: Total,114,36,78
S01009744,Couple family: Both parents working,88,28,60
S01009744,Couple family: One parent working,24,8,16
S01009744,Couple family: No parents working,2,0,2
S01009744,Lone parent family: Total,12,6,6
S01009744,Lone parent family: Parent working,8,4,4
S01009744,Lone parent family: Parent not working,4,2,2
S01009745,All parents aged 16 and over with dependent children,264,114,150
S01009745,Couple family: Total,240,100,140
S01009745,Couple family: Both parents working,190,78,112
S01009745,Couple family: One parent working,46,22,24
S01009745,Couple family: No parents working,4,0,4
S01009745,Lone parent family: Total,24,14,10
S01009745,Lone parent family: Parent working,23,14,9
S01009745,Lone parent family: Parent not working,1,0,1
S01009746,All parents aged 16 and over with dependent children,115,51,64
S01009746,Couple family: Total,106,44,62
S01009746,Couple family: Both parents working,64,30,34
S01009746,Couple family: One parent working,34,14,20
S01009746,Couple family: No parents working,8,0,8
S01009746,Lone parent family: Total,9,7,2
S01009746,Lone parent family: Parent working,7,5,2
S01009746,Lone parent family: Parent not working,2,2,0
S01009747,All parents aged 16 and over with dependent children,120,73,47
S01009747,Couple family: Total,96,52,44
S01009747,Couple family: Both parents working,74,44,30
S01009747,Couple family: One parent working,14,4,10
S01009747,Couple family: No parents working,8,4,4
S01009747,Lone parent family: Total,24,21,3
S01009747,Lone parent family: Parent working,19,18,1
S01009747,Lone parent family: Parent not working,5,3,2
S01009748,All parents aged 16 and over with dependent children,142,61,81
S01009748,Couple family: Total,128,54,74
S01009748,Couple family: Both parents working,108,52,56
S01009748,Couple family: One parent working,20,2,18
S01009748,Couple family: No parents working,0,0,0
S01009748,Lone parent family: Total,14,7,7
S01009748,Lone parent family: Parent working,8,4,4
S01009748,Lone parent family: Parent not working,6,3,3
S01009749,All parents aged 16 and over with dependent children,183,96,87
S01009749,Couple family: Total,166,84,82
S01009749,Couple family: Both parents working,128,70,58
S01009749,Couple family: One parent working,38,14,24
S01009749,Couple family: No parents working,0,0,0
S01009749,Lone parent family: Total,17,12,5
S01009749,Lone parent family: Parent working,13,9,4
S01009749,Lone parent family: Parent not working,4,3,1
S01009750,All parents aged 16 and over with dependent children,147,75,72
S01009750,Couple family: Total,124,62,62
S01009750,Couple family: Both parents working,80,38,42
S01009750,Couple family: One parent working,38,20,18
S01009750,Couple family: No parents working,6,4,2
S01009750,Lone parent family: Total,23,13,10
S01009750,Lone parent family: Parent working,15,10,5
S01009750,Lone parent family: Parent not working,8,3,5
S01009751,All parents aged 16 and over with dependent children,149,57,92
S01009751,Couple family: Total,118,44,74
S01009751,Couple family: Both parents working,94,36,58
S01009751,Couple family: One parent working,18,8,10
S01009751,Couple family: No parents working,6,0,6
S01009751,Lone parent family: Total,31,13,18
S01009751,Lone parent family: Parent working,24,11,13
S01009751,Lone parent family: Parent not working,7,2,5
S01009752,All parents aged 16 and over with dependent children,118,42,76
S01009752,Couple family: Total,108,38,70
S01009752,Couple family: Both parents working,90,36,54
S01009752,Couple family: One parent working,16,2,14
S01009752,Couple family: No parents working,2,0,2
S01009752,Lone parent family: Total,10,4,6
S01009752,Lone parent family: Parent working,8,2,6
S01009752,Lone parent family: Parent not working,2,2,0
S01009753,All parents aged 16 and over with dependent children,135,46,89
S01009753,Couple family: Total,122,38,84
S01009753,Couple family: Both parents working,102,34,68
S01009753,Couple family: One parent working,12,0,12
S01009753,Couple family: No parents working,8,4,4
S01009753,Lone parent family: Total,13,8,5
S01009753,Lone parent family: Parent working,11,6,5
S01009753,Lone parent family: Parent not working,2,2,0
S01009754,All parents aged 16 and over with dependent children,159,72,87
S01009754,Couple family: Total,134,58,76
S01009754,Couple family: Both parents working,90,40,50
S01009754,Couple family: One parent working,40,16,24
S01009754,Couple family: No parents working,4,2,2
S01009754,Lone parent family: Total,25,14,11
S01009754,Lone parent family: Parent working,20,12,8
S01009754,Lone parent family: Parent not working,5,2,3
S01009755,All parents aged 16 and over with dependent children,157,74,83
S01009755,Couple family: Total,134,58,76
S01009755,Couple family: Both parents working,100,48,52
S01009755,Couple family: One parent working,28,10,18
S01009755,Couple family: No parents working,6,0,6
S01009755,Lone parent family: Total,23,16,7
S01009755,Lone parent family: Parent working,19,14,5
S01009755,Lone parent family: Parent not working,4,2,2
S01009756,All parents aged 16 and over with dependent children,161,70,91
S01009756,Couple family: Total,146,60,86
S01009756,Couple family: Both parents working,110,52,58
S01009756,Couple family: One parent working,32,8,24
S01009756,Couple family: No parents working,4,0,4
S01009756,Lone parent family: Total,15,10,5
S01009756,Lone parent family: Parent working,10,5,5
S01009756,Lone parent family: Parent not working,5,5,0
S01009757,All parents aged 16 and over with dependent children,156,65,91
S01009757,Couple family: Total,142,54,88
S01009757,Couple family: Both parents working,112,42,70
S01009757,Couple family: One parent working,28,10,18
S01009757,Couple family: No parents working,2,2,0
S01009757,Lone parent family: Total,14,11,3
S01009757,Lone parent family: Parent working,12,10,2
S01009757,Lone parent family: Parent not working,2,1,1
S01009758,All parents aged 16 and over with dependent children,112,57,55
S01009758,Couple family: Total,92,44,48
S01009758,Couple family: Both parents working,64,32,32
S01009758,Couple family: One parent working,24,10,14
S01009758,Couple family: No parents working,4,2,2
S01009758,Lone parent family: Total,20,13,7
S01009758,Lone parent family: Parent working,16,11,5
S01009758,Lone parent family: Parent not working,4,2,2
S01009759,All parents aged 16 and over with dependent children,243,136,107
S01009759,Couple family: Total,132,68,64
S01009759,Couple family: Both parents working,50,32,18
S01009759,Couple family: One parent working,60,26,34
S01009759,Couple family: No parents working,22,10,12
S01009759,Lone parent family: Total,111,68,43
S01009759,Lone parent family: Parent working,41,31,10
S01009759,Lone parent family: Parent not working,70,37,33
S01009760,All parents aged 16 and over with dependent children,199,106,93
S01009760,Couple family: Total,116,56,60
S01009760,Couple family: Both parents working,60,36,24
S01009760,Couple family: One parent working,34,10,24
S01009760,Couple family: No parents working,22,10,12
S01009760,Lone parent family: Total,83,50,33
S01009760,Lone parent family: Parent working,50,34,16
S01009760,Lone parent family: Parent not working,33,16,17
S01009761,All parents aged 16 and over with dependent children,187,72,115
S01009761,Couple family: Total,148,48,100
S01009761,Couple family: Both parents working,102,40,62
S01009761,Couple family: One parent working,42,8,34
S01009761,Couple family: No parents working,4,0,4
S01009761,Lone parent family: Total,39,24,15
S01009761,Lone parent family: Parent working,20,17,3
S01009761,Lone parent family: Parent not working,19,7,12
S01009762,All parents aged 16 and over with dependent children,209,123,86
S01009762,Couple family: Total,140,80,60
S01009762,Couple family: Both parents working,66,44,22
S01009762,Couple family: One parent working,46,24,22
S01009762,Couple family: No parents working,28,12,16
S01009762,Lone parent family: Total,69,43,26
S01009762,Lone parent family: Parent working,33,22,11
S01009762,Lone parent family: Parent not working,36,21,15
S01009763,All parents aged 16 and over with dependent children,205,75,130
S01009763,Couple family: Total,180,62,118
S01009763,Couple family: Both parents working,130,54,76
S01009763,Couple family: One parent working,42,8,34
S01009763,Couple family: No parents working,8,0,8
S01009763,Lone parent family: Total,25,13,12
S01009763,Lone parent family: Parent working,18,11,7
S01009763,Lone parent family: Parent not working,7,2,5
S01009764,All parents aged 16 and over with dependent children,180,93,87
S01009764,Couple family: Total,130,62,68
S01009764,Couple family: Both parents working,82,40,42
S01009764,Couple family: One parent working,30,12,18
S01009764,Couple family: No parents working,18,10,8
S01009764,Lone parent family: Total,50,31,19
S01009764,Lone parent family: Parent working,30,18,12
S01009764,Lone parent family: Parent not working,20,13,7
S01009765,All parents aged 16 and over with dependent children,261,106,155
S01009765,Couple family: Total,214,82,132
S01009765,Couple family: Both parents working,140,62,78
S01009765,Couple family: One parent working,60,14,46
S01009765,Couple family: No parents working,14,6,8
S01009765,Lone parent family: Total,47,24,23
S01009765,Lone parent family: Parent working,28,14,14
S01009765,Lone parent family: Parent not working,19,10,9
S01009766,All parents aged 16 and over with dependent children,153,97,56
S01009766,Couple family: Total,128,78,50
S01009766,Couple family: Both parents working,100,64,36
S01009766,Couple family: One parent working,24,10,14
S01009766,Couple family: No parents working,4,4,0
S01009766,Lone parent family: Total,25,19,6
S01009766,Lone parent family: Parent working,18,12,6
S01009766,Lone parent family: Parent not working,7,7,0
S01009767,All parents aged 16 and over with dependent children,83,41,42
S01009767,Couple family: Total,52,22,30
S01009767,Couple family: Both parents working,24,8,16
S01009767,Couple family: One parent working,18,8,10
S01009767,Couple family: No parents working,10,6,4
S01009767,Lone parent family: Total,31,19,12
S01009767,Lone parent family: Parent working,15,11,4
S01009767,Lone parent family: Parent not working,16,8,8
S01009768,All parents aged 16 and over with dependent children,174,106,68
S01009768,Couple family: Total,128,70,58
S01009768,Couple family: Both parents working,86,46,40
S01009768,Couple family: One parent working,24,14,10
S01009768,Couple family: No parents working,18,10,8
S01009768,Lone parent family: Total,46,36,10
S01009768,Lone parent family: Parent working,25,21,4
S01009768,Lone parent family: Parent not working,21,15,6
S01009769,All parents aged 16 and over with dependent children,170,95,75
S01009769,Couple family: Total,144,76,68
S01009769,Couple family: Both parents working,114,64,50
S01009769,Couple family: One parent working,22,10,12
S01009769,Couple family: No parents working,8,2,6
S01009769,Lone parent family: Total,26,19,7
S01009769,Lone parent family: Parent working,13,9,4
S01009769,Lone parent family: Parent not working,13,10,3
S01009770,All parents aged 16 and over with dependent children,192,95,97
S01009770,Couple family: Total,168,80,88
S01009770,Couple family: Both parents working,100,42,58
S01009770,Couple family: One parent working,62,34,28
S01009770,Couple family: No parents working,6,4,2
S01009770,Lone parent family: Total,24,15,9
S01009770,Lone parent family: Parent working,21,13,8
S01009770,Lone parent family: Parent not working,3,2,1
S01009771,All parents aged 16 and over with dependent children,256,102,154
S01009771,Couple family: Total,232,86,146
S01009771,Couple family: Both parents working,136,56,80
S01009771,Couple family: One parent working,80,26,54
S01009771,Couple family: No parents working,16,4,12
S01009771,Lone parent family: Total,24,16,8
S01009771,Lone parent family: Parent working,19,12,7
S01009771,Lone parent family: Parent not working,5,4,1
S01009772,All parents aged 16 and over with dependent children,171,105,66
S01009772,Couple family: Total,142,84,58
S01009772,Couple family: Both parents working,110,68,42
S01009772,Couple family: One parent working,30,16,14
S01009772,Couple family: No parents working,2,0,2
S01009772,Lone parent family: Total,29,21,8
S01009772,Lone parent family: Parent working,18,14,4
S01009772,Lone parent family: Parent not working,11,7,4
S01009773,All parents aged 16 and over with dependent children,213,70,143
S01009773,Couple family: Total,204,66,138
S01009773,Couple family: Both parents working,116,44,72
S01009773,Couple family: One parent working,74,16,58
S01009773,Couple family: No parents working,14,6,8
S01009773,Lone parent family: Total,9,4,5
S01009773,Lone parent family: Parent working,5,4,1
S01009773,Lone parent family: Parent not working,4,0,4
S01009774,All parents aged 16 and over with dependent children,220,93,127
S01009774,Couple family: Total,204,84,120
S01009774,Couple family: Both parents working,140,68,72
S01009774,Couple family: One parent working,60,16,44
S01009774,Couple family: No parents working,4,0,4
S01009774,Lone parent family: Total,16,9,7
S01009774,Lone parent family: Parent working,7,3,4
S01009774,Lone parent family: Parent not working,9,6,3
S01009775,All parents aged 16 and over with dependent children,132,78,54
S01009775,Couple family: Total,78,48,30
S01009775,Couple family: Both parents working,38,28,10
S01009775,Couple family: One parent working,22,14,8
S01009775,Couple family: No parents working,18,6,12
S01009775,Lone parent family: Total,54,30,24
S01009775,Lone parent family: Parent working,28,17,11
S01009775,Lone parent family: Parent not working,26,13,13
S01009776,All parents aged 16 and over with dependent children,149,82,67
S01009776,Couple family: Total,48,26,22
S01009776,Couple family: Both parents working,26,14,12
S01009776,Couple family: One parent working,14,6,8
S01009776,Couple family: No parents working,8,6,2
S01009776,Lone parent family: Total,101,56,45
S01009776,Lone parent family: Parent working,45,29,16
S01009776,Lone parent family: Parent not working,56,27,29
S01009777,All parents aged 16 and over with dependent children,98,67,31
S01009777,Couple family: Total,54,36,18
S01009777,Couple family: Both parents working,30,18,12
S01009777,Couple family: One parent working,24,18,6
S01009777,Couple family: No parents working,0,0,0
S01009777,Lone parent family: Total,44,31,13
S01009777,Lone parent family: Parent working,26,17,9
S01009777,Lone parent family: Parent not working,18,14,4
S01009778,All parents aged 16 and over with dependent children,115,59,56
S01009778,Couple family: Total,78,36,42
S01009778,Couple family: Both parents working,46,20,26
S01009778,Couple family: One parent working,26,12,14
S01009778,Couple family: No parents working,6,4,2
S01009778,Lone parent family: Total,37,23,14
S01009778,Lone parent family: Parent working,14,12,2
S01009778,Lone parent family: Parent not working,23,11,12
S01009779,All parents aged 16 and over with dependent children,95,60,35
S01009779,Couple family: Total,40,22,18
S01009779,Couple family: Both parents working,16,10,6
S01009779,Couple family: One parent working,14,10,4
S01009779,Couple family: No parents working,10,2,8
S01009779,Lone parent family: Total,55,38,17
S01009779,Lone parent family: Parent working,25,19,6
S01009779,Lone parent family: Parent not working,30,19,11
S01009780,All parents aged 16 and over with dependent children,142,87,55
S01009780,Couple family: Total,68,44,24
S01009780,Couple family: Both parents working,22,16,6
S01009780,Couple family: One parent working,32,20,12
S01009780,Couple family: No parents working,14,8,6
S01009780,Lone parent family: Total,74,43,31
S01009780,Lone parent family: Parent working,31,19,12
S01009780,Lone parent family: Parent not working,43,24,19
S01009781,All parents aged 16 and over with dependent children,98,39,59
S01009781,Couple family: Total,48,12,36
S01009781,Couple family: Both parents working,22,6,16
S01009781,Couple family: One parent working,16,4,12
S01009781,Couple family: No parents working,10,2,8
S01009781,Lone parent family: Total,50,27,23
S01009781,Lone parent family: Parent working,26,17,9
S01009781,Lone parent family: Parent not working,24,10,14
S01009782,All parents aged 16 and over with dependent children,175,99,76
S01009782,Couple family: Total,130,70,60
S01009782,Couple family: Both parents working,92,60,32
S01009782,Couple family: One parent working,30,8,22
S01009782,Couple family: No parents working,8,2,6
S01009782,Lone parent family: Total,45,29,16
S01009782,Lone parent family: Parent working,17,8,9
S01009782,Lone parent family: Parent not working,28,21,7
S01009783,All parents aged 16 and over with dependent children,169,86,83
S01009783,Couple family: Total,106,54,52
S01009783,Couple family: Both parents working,68,30,38
S01009783,Couple family: One parent working,20,10,10
S01009783,Couple family: No parents working,18,14,4
S01009783,Lone parent family: Total,63,32,31
S01009783,Lone parent family: Parent working,36,20,16
S01009783,Lone parent family: Parent not working,27,12,15
S01009784,All parents aged 16 and over with dependent children,165,82,83
S01009784,Couple family: Total,106,48,58
S01009784,Couple family: Both parents working,54,32,22
S01009784,Couple family: One parent working,26,10,16
S01009784,Couple family: No parents working,26,6,20
S01009784,Lone parent family: Total,59,34,25
S01009784,Lone parent family: Parent working,30,16,14
S01009784,Lone parent family: Parent not working,29,18,11
S01009785,All parents aged 16 and over with dependent children,133,60,73
S01009785,Couple family: Total,68,22,46
S01009785,Couple family: Both parents working,26,16,10
S01009785,Couple family: One parent working,28,4,24
S01009785,Couple family: No parents working,14,2,12
S01009785,Lone parent family: Total,65,38,27
S01009785,Lone parent family: Parent working,32,19,13
S01009785,Lone parent family: Parent not working,33,19,14
S01009786,All parents aged 16 and over with dependent children,191,96,95
S01009786,Couple family: Total,90,36,54
S01009786,Couple family: Both parents working,40,14,26
S01009786,Couple family: One parent working,28,16,12
S01009786,Couple family: No parents working,22,6,16
S01009786,Lone parent family: Total,101,60,41
S01009786,Lone parent family: Parent working,47,29,18
S01009786,Lone parent family: Parent not working,54,31,23
S01009787,All parents aged 16 and over with dependent children,146,70,76
S01009787,Couple family: Total,70,28,42
S01009787,Couple family: Both parents working,32,20,12
S01009787,Couple family: One parent working,22,4,18
S01009787,Couple family: No parents working,16,4,12
S01009787,Lone parent family: Total,76,42,34
S01009787,Lone parent family: Parent working,44,26,18
S01009787,Lone parent family: Parent not working,32,16,16
S01009788,All parents aged 16 and over with dependent children,138,84,54
S01009788,Couple family: Total,92,54,38
S01009788,Couple family: Both parents working,58,32,26
S01009788,Couple family: One parent working,16,10,6
S01009788,Couple family: No parents working,18,12,6
S01009788,Lone parent family: Total,46,30,16
S01009788,Lone parent family: Parent working,27,14,13
S01009788,Lone parent family: Parent not working,19,16,3
S01009789,All parents aged 16 and over with dependent children,145,67,78
S01009789,Couple family: Total,96,40,56
S01009789,Couple family: Both parents working,54,26,28
S01009789,Couple family: One parent working,36,12,24
S01009789,Couple family: No parents working,6,2,4
S01009789,Lone parent family: Total,49,27,22
S01009789,Lone parent family: Parent working,29,20,9
S01009789,Lone parent family: Parent not working,20,7,13
S01009790,All parents aged 16 and over with dependent children,114,67,47
S01009790,Couple family: Total,76,44,32
S01009790,Couple family: Both parents working,54,36,18
S01009790,Couple family: One parent working,12,6,6
S01009790,Couple family: No parents working,10,2,8
S01009790,Lone parent family: Total,38,23,15
S01009790,Lone parent family: Parent working,23,14,9
S01009790,Lone parent family: Parent not working,15,9,6
S01009791,All parents aged 16 and over with dependent children,122,64,58
S01009791,Couple family: Total,70,36,34
S01009791,Couple family: Both parents working,34,16,18
S01009791,Couple family: One parent working,16,6,10
S01009791,Couple family: No parents working,20,14,6
S01009791,Lone parent family: Total,52,28,24
S01009791,Lone parent family: Parent working,23,16,7
S01009791,Lone parent family: Parent not working,29,12,17
S01009792,All parents aged 16 and over with dependent children,272,103,169
S01009792,Couple family: Total,250,90,160
S01009792,Couple family: Both parents working,162,64,98
S01009792,Couple family: One parent working,74,16,58
S01009792,Couple family: No parents working,14,10,4
S01009792,Lone parent family: Total,22,13,9
S01009792,Lone parent family: Parent working,18,12,6
S01009792,Lone parent family: Parent not working,4,1,3
S01009793,All parents aged 16 and over with dependent children,159,89,70
S01009793,Couple family: Total,140,74,66
S01009793,Couple family: Both parents working,100,54,46
S01009793,Couple family: One parent working,32,16,16
S01009793,Couple family: No parents working,8,4,4
S01009793,Lone parent family: Total,19,15,4
S01009793,Lone parent family: Parent working,12,11,1
S01009793,Lone parent family: Parent not working,7,4,3
S01009794,All parents aged 16 and over with dependent children,158,90,68
S01009794,Couple family: Total,148,82,66
S01009794,Couple family: Both parents working,132,80,52
S01009794,Couple family: One parent working,14,2,12
S01009794,Couple family: No parents working,2,0,2
S01009794,Lone parent family: Total,10,8,2
S01009794,Lone parent family: Parent working,9,7,2
S01009794,Lone parent family: Parent not working,1,1,0
S01009795,All parents aged 16 and over with dependent children,229,91,138
S01009795,Couple family: Total,208,84,124
S01009795,Couple family: Both parents working,180,76,104
S01009795,Couple family: One parent working,24,4,20
S01009795,Couple family: No parents working,4,4,0
S01009795,Lone parent family: Total,21,7,14
S01009795,Lone parent family: Parent working,17,5,12
S01009795,Lone parent family: Parent not working,4,2,2
S01009796,All parents aged 16 and over with dependent children,167,73,94
S01009796,Couple family: Total,156,68,88
S01009796,Couple family: Both parents working,114,56,58
S01009796,Couple family: One parent working,36,12,24
S01009796,Couple family: No parents working,6,0,6
S01009796,Lone parent family: Total,11,5,6
S01009796,Lone parent family: Parent working,11,5,6
S01009796,Lone parent family: Parent not working,0,0,0
S01009797,All parents aged 16 and over with dependent children,180,94,86
S01009797,Couple family: Total,158,80,78
S01009797,Couple family: Both parents working,120,64,56
S01009797,Couple family: One parent working,32,14,18
S01009797,Couple family: No parents working,6,2,4
S01009797,Lone parent family: Total,22,14,8
S01009797,Lone parent family: Parent working,18,12,6
S01009797,Lone parent family: Parent not working,4,2,2
S01009798,All parents aged 16 and over with dependent children,222,112,110
S01009798,Couple family: Total,204,100,104
S01009798,Couple family: Both parents working,166,88,78
S01009798,Couple family: One parent working,34,12,22
S01009798,Couple family: No parents working,4,0,4
S01009798,Lone parent family: Total,18,12,6
S01009798,Lone parent family: Parent working,16,10,6
S01009798,Lone parent family: Parent not working,2,2,0
S01009799,All parents aged 16 and over with dependent children,160,82,78
S01009799,Couple family: Total,84,36,48
S01009799,Couple family: Both parents working,50,30,20
S01009799,Couple family: One parent working,18,2,16
S01009799,Couple family: No parents working,16,4,12
S01009799,Lone parent family: Total,76,46,30
S01009799,Lone parent family: Parent working,36,28,8
S01009799,Lone parent family: Parent not working,40,18,22
S01009800,All parents aged 16 and over with dependent children,244,105,139
S01009800,Couple family: Total,150,58,92
S01009800,Couple family: Both parents working,94,36,58
S01009800,Couple family: One parent working,40,14,26
S01009800,Couple family: No parents working,16,8,8
S01009800,Lone parent family: Total,94,47,47
S01009800,Lone parent family: Parent working,56,27,29
S01009800,Lone parent family: Parent not working,38,20,18
S01009801,All parents aged 16 and over with dependent children,186,94,92
S01009801,Couple family: Total,118,54,64
S01009801,Couple family: Both parents working,60,32,28
S01009801,Couple family: One parent working,42,16,26
S01009801,Couple family: No parents working,16,6,10
S01009801,Lone parent family: Total,68,40,28
S01009801,Lone parent family: Parent working,25,16,9
S01009801,Lone parent family: Parent not working,43,24,19
S01009802,All parents aged 16 and over with dependent children,253,120,133
S01009802,Couple family: Total,176,74,102
S01009802,Couple family: Both parents working,120,52,68
S01009802,Couple family: One parent working,44,18,26
S01009802,Couple family: No parents working,12,4,8
S01009802,Lone parent family: Total,77,46,31
S01009802,Lone parent family: Parent working,42,29,13
S01009802,Lone parent family: Parent not working,35,17,18
S01009803,All parents aged 16 and over with dependent children,154,70,84
S01009803,Couple family: Total,102,42,60
S01009803,Couple family: Both parents working,62,32,30
S01009803,Couple family: One parent working,28,6,22
S01009803,Couple family: No parents working,12,4,8
S01009803,Lone parent family: Total,52,28,24
S01009803,Lone parent family: Parent working,25,16,9
S01009803,Lone parent family: Parent not working,27,12,15
S01009804,All parents aged 16 and over with dependent children,83,62,21
S01009804,Couple family: Total,66,50,16
S01009804,Couple family: Both parents working,54,46,8
S01009804,Couple family: One parent working,12,4,8
S01009804,Couple family: No parents working,0,0,0
S01009804,Lone parent family: Total,17,12,5
S01009804,Lone parent family: Parent working,12,8,4
S01009804,Lone parent family: Parent not working,5,4,1
S01009805,All parents aged 16 and over with dependent children,196,97,99
S01009805,Couple family: Total,116,54,62
S01009805,Couple family: Both parents working,78,40,38
S01009805,Couple family: One parent working,28,8,20
S01009805,Couple family: No parents working,10,6,4
S01009805,Lone parent family: Total,80,43,37
S01009805,Lone parent family: Parent working,40,22,18
S01009805,Lone parent family: Parent not working,40,21,19
S01009806,All parents aged 16 and over with dependent children,129,68,61
S01009806,Couple family: Total,92,42,50
S01009806,Couple family: Both parents working,58,28,30
S01009806,Couple family: One parent working,30,14,16
S01009806,Couple family: No parents working,4,0,4
S01009806,Lone parent family: Total,37,26,11
S01009806,Lone parent family: Parent working,19,15,4
S01009806,Lone parent family: Parent not working,18,11,7
S01009807,All parents aged 16 and over with dependent children,226,111,115
S01009807,Couple family: Total,166,78,88
S01009807,Couple family: Both parents working,104,54,50
S01009807,Couple family: One parent working,34,16,18
S01009807,Couple family: No parents working,28,8,20
S01009807,Lone parent family: Total,60,33,27
S01009807,Lone parent family: Parent working,21,14,7
S01009807,Lone parent family: Parent not working,39,19,20
S01009808,All parents aged 16 and over with dependent children,220,108,112
S01009808,Couple family: Total,146,72,74
S01009808,Couple family: Both parents working,64,34,30
S01009808,Couple family: One parent working,40,16,24
S01009808,Couple family: No parents working,42,22,20
S01009808,Lone parent family: Total,74,36,38
S01009808,Lone parent family: Parent working,35,21,14
S01009808,Lone parent family: Parent not working,39,15,24
S01009809,All parents aged 16 and over with dependent children,128,62,66
S01009809,Couple family: Total,84,36,48
S01009809,Couple family: Both parents working,58,32,26
S01009809,Couple family: One parent working,22,4,18
S01009809,Couple family: No parents working,4,0,4
S01009809,Lone parent family: Total,44,26,18
S01009809,Lone parent family: Parent working,23,14,9
S01009809,Lone parent family: Parent not working,21,12,9
S01009810,All parents aged 16 and over with dependent children,164,88,76
S01009810,Couple family: Total,92,46,46
S01009810,Couple family: Both parents working,50,36,14
S01009810,Couple family: One parent working,32,8,24
S01009810,Couple family: No parents working,10,2,8
S01009810,Lone parent family: Total,72,42,30
S01009810,Lone parent family: Parent working,35,21,14
S01009810,Lone parent family: Parent not working,37,21,16
S01009811,All parents aged 16 and over with dependent children,157,79,78
S01009811,Couple family: Total,94,38,56
S01009811,Couple family: Both parents working,60,28,32
S01009811,Couple family: One parent working,28,10,18
S01009811,Couple family: No parents working,6,0,6
S01009811,Lone parent family: Total,63,41,22
S01009811,Lone parent family: Parent working,31,21,10
S01009811,Lone parent family: Parent not working,32,20,12
S01009812,All parents aged 16 and over with dependent children,126,60,66
S01009812,Couple family: Total,90,36,54
S01009812,Couple family: Both parents working,54,28,26
S01009812,Couple family: One parent working,28,8,20
S01009812,Couple family: No parents working,8,0,8
S01009812,Lone parent family: Total,36,24,12
S01009812,Lone parent family: Parent working,15,12,3
S01009812,Lone parent family: Parent not working,21,12,9
S01009813,All parents aged 16 and over with dependent children,154,40,114
S01009813,Couple family: Total,104,20,84
S01009813,Couple family: Both parents working,34,12,22
S01009813,Couple family: One parent working,26,6,20
S01009813,Couple family: No parents working,44,2,42
S01009813,Lone parent family: Total,50,20,30
S01009813,Lone parent family: Parent working,24,13,11
S01009813,Lone parent family: Parent not working,26,7,19
S01009814,All parents aged 16 and over with dependent children,165,94,71
S01009814,Couple family: Total,132,76,56
S01009814,Couple family: Both parents working,84,46,38
S01009814,Couple family: One parent working,40,26,14
S01009814,Couple family: No parents working,8,4,4
S01009814,Lone parent family: Total,33,18,15
S01009814,Lone parent family: Parent working,19,13,6
S01009814,Lone parent family: Parent not working,14,5,9
S01009815,All parents aged 16 and over with dependent children,141,89,52
S01009815,Couple family: Total,96,58,38
S01009815,Couple family: Both parents working,76,48,28
S01009815,Couple family: One parent working,12,6,6
S01009815,Couple family: No parents working,8,4,4
S01009815,Lone parent family: Total,45,31,14
S01009815,Lone parent family: Parent working,32,22,10
S01009815,Lone parent family: Parent not working,13,9,4
S01009816,All parents aged 16 and over with dependent children,157,99,58
S01009816,Couple family: Total,118,74,44
S01009816,Couple family: Both parents working,90,60,30
S01009816,Couple family: One parent working,28,14,14
S01009816,Couple family: No parents working,0,0,0
S01009816,Lone parent family: Total,39,25,14
S01009816,Lone parent family: Parent working,30,20,10
S01009816,Lone parent family: Parent not working,9,5,4
S01009817,All parents aged 16 and over with dependent children,112,56,56
S01009817,Couple family: Total,74,34,40
S01009817,Couple family: Both parents working,50,24,26
S01009817,Couple family: One parent working,18,8,10
S01009817,Couple family: No parents working,6,2,4
S01009817,Lone parent family: Total,38,22,16
S01009817,Lone parent family: Parent working,21,9,12
S01009817,Lone parent family: Parent not working,17,13,4
S01009818,All parents aged 16 and over with dependent children,103,58,45
S01009818,Couple family: Total,88,46,42
S01009818,Couple family: Both parents working,66,34,32
S01009818,Couple family: One parent working,20,10,10
S01009818,Couple family: No parents working,2,2,0
S01009818,Lone parent family: Total,15,12,3
S01009818,Lone parent family: Parent working,12,9,3
S01009818,Lone parent family: Parent not working,3,3,0
S01009819,All parents aged 16 and over with dependent children,95,42,53
S01009819,Couple family: Total,76,32,44
S01009819,Couple family: Both parents working,54,24,30
S01009819,Couple family: One parent working,18,6,12
S01009819,Couple family: No parents working,4,2,2
S01009819,Lone parent family: Total,19,10,9
S01009819,Lone parent family: Parent working,12,7,5
S01009819,Lone parent family: Parent not working,7,3,4
S01009820,All parents aged 16 and over with dependent children,169,75,94
S01009820,Couple family: Total,126,52,74
S01009820,Couple family: Both parents working,90,34,56
S01009820,Couple family: One parent working,34,18,16
S01009820,Couple family: No parents working,2,0,2
S01009820,Lone parent family: Total,43,23,20
S01009820,Lone parent family: Parent working,22,15,7
S01009820,Lone parent family: Parent not working,21,8,13
S01009821,All parents aged 16 and over with dependent children,152,88,64
S01009821,Couple family: Total,120,68,52
S01009821,Couple family: Both parents working,84,44,40
S01009821,Couple family: One parent working,28,18,10
S01009821,Couple family: No parents working,8,6,2
S01009821,Lone parent family: Total,32,20,12
S01009821,Lone parent family: Parent working,21,16,5
S01009821,Lone parent family: Parent not working,11,4,7
S01009822,All parents aged 16 and over with dependent children,109,44,65
S01009822,Couple family: Total,78,30,48
S01009822,Couple family: Both parents working,52,18,34
S01009822,Couple family: One parent working,22,10,12
S01009822,Couple family: No parents working,4,2,2
S01009822,Lone parent family: Total,31,14,17
S01009822,Lone parent family: Parent working,16,10,6
S01009822,Lone parent family: Parent not working,15,4,11
S01009823,All parents aged 16 and over with dependent children,122,59,63
S01009823,Couple family: Total,70,30,40
S01009823,Couple family: Both parents working,44,20,24
S01009823,Couple family: One parent working,18,6,12
S01009823,Couple family: No parents working,8,4,4
S01009823,Lone parent family: Total,52,29,23
S01009823,Lone parent family: Parent working,25,17,8
S01009823,Lone parent family: Parent not working,27,12,15
S01009824,All parents aged 16 and over with dependent children,218,90,128
S01009824,Couple family: Total,162,58,104
S01009824,Couple family: Both parents working,112,46,66
S01009824,Couple family: One parent working,38,10,28
S01009824,Couple family: No parents working,12,2,10
S01009824,Lone parent family: Total,56,32,24
S01009824,Lone parent family: Parent working,28,18,10
S01009824,Lone parent family: Parent not working,28,14,14
S01009825,All parents aged 16 and over with dependent children,208,102,106
S01009825,Couple family: Total,144,60,84
S01009825,Couple family: Both parents working,94,42,52
S01009825,Couple family: One parent working,30,8,22
S01009825,Couple family: No parents working,20,10,10
S01009825,Lone parent family: Total,64,42,22
S01009825,Lone parent family: Parent working,33,21,12
S01009825,Lone parent family: Parent not working,31,21,10
S01009826,All parents aged 16 and over with dependent children,105,43,62
S01009826,Couple family: Total,68,26,42
S01009826,Couple family: Both parents working,32,12,20
S01009826,Couple family: One parent working,22,8,14
S01009826,Couple family: No parents working,14,6,8
S01009826,Lone parent family: Total,37,17,20
S01009826,Lone parent family: Parent working,19,10,9
S01009826,Lone parent family: Parent not working,18,7,11
S01009827,All parents aged 16 and over with dependent children,168,83,85
S01009827,Couple family: Total,120,52,68
S01009827,Couple family: Both parents working,56,24,32
S01009827,Couple family: One parent working,46,16,30
S01009827,Couple family: No parents working,18,12,6
S01009827,Lone parent family: Total,48,31,17
S01009827,Lone parent family: Parent working,25,17,8
S01009827,Lone parent family: Parent not working,23,14,9
S01009828,All parents aged 16 and over with dependent children,109,71,38
S01009828,Couple family: Total,58,32,26
S01009828,Couple family: Both parents working,34,18,16
S01009828,Couple family: One parent working,16,8,8
S01009828,Couple family: No parents working,8,6,2
S01009828,Lone parent family: Total,51,39,12
S01009828,Lone parent family: Parent working,23,19,4
S01009828,Lone parent family: Parent not working,28,20,8
S01009829,All parents aged 16 and over with dependent children,186,110,76
S01009829,Couple family: Total,122,66,56
S01009829,Couple family: Both parents working,84,46,38
S01009829,Couple family: One parent working,34,16,18
S01009829,Couple family: No parents working,4,4,0
S01009829,Lone parent family: Total,64,44,20
S01009829,Lone parent family: Parent working,35,22,13
S01009829,Lone parent family: Parent not working,29,22,7
S01009830,All parents aged 16 and over with dependent children,170,105,65
S01009830,Couple family: Total,118,70,48
S01009830,Couple family: Both parents working,72,48,24
S01009830,Couple family: One parent working,40,20,20
S01009830,Couple family: No parents working,6,2,4
S01009830,Lone parent family: Total,52,35,17
S01009830,Lone parent family: Parent working,28,24,4
S01009830,Lone parent family: Parent not working,24,11,13
S01009831,All parents aged 16 and over with dependent children,191,89,102
S01009831,Couple family: Total,140,64,76
S01009831,Couple family: Both parents working,108,54,54
S01009831,Couple family: One parent working,22,6,16
S01009831,Couple family: No parents working,10,4,6
S01009831,Lone parent family: Total,51,25,26
S01009831,Lone parent family: Parent working,31,14,17
S01009831,Lone parent family: Parent not working,20,11,9
S01009832,All parents aged 16 and over with dependent children,202,97,105
S01009832,Couple family: Total,164,76,88
S01009832,Couple family: Both parents working,124,54,70
S01009832,Couple family: One parent working,26,12,14
S01009832,Couple family: No parents working,14,10,4
S01009832,Lone parent family: Total,38,21,17
S01009832,Lone parent family: Parent working,24,13,11
S01009832,Lone parent family: Parent not working,14,8,6
S01009833,All parents aged 16 and over with dependent children,107,55,52
S01009833,Couple family: Total,86,40,46
S01009833,Couple family: Both parents working,62,32,30
S01009833,Couple family: One parent working,20,4,16
S01009833,Couple family: No parents working,4,4,0
S01009833,Lone parent family: Total,21,15,6
S01009833,Lone parent family: Parent working,16,13,3
S01009833,Lone parent family: Parent not working,5,2,3
S01009834,All parents aged 16 and over with dependent children,224,121,103
S01009834,Couple family: Total,158,82,76
S01009834,Couple family: Both parents working,108,64,44
S01009834,Couple family: One parent working,40,16,24
S01009834,Couple family: No parents working,10,2,8
S01009834,Lone parent family: Total,66,39,27
S01009834,Lone parent family: Parent working,43,24,19
S01009834,Lone parent family: Parent not working,23,15,8
S01009835,All parents aged 16 and over with dependent children,103,60,43
S01009835,Couple family: Total,50,30,20
S01009835,Couple family: Both parents working,28,22,6
S01009835,Couple family: One parent working,20,6,14
S01009835,Couple family: No parents working,2,2,0
S01009835,Lone parent family: Total,53,30,23
S01009835,Lone parent family: Parent working,28,13,15
S01009835,Lone parent family: Parent not working,25,17,8
S01009836,All parents aged 16 and over with dependent children,172,100,72
S01009836,Couple family: Total,140,82,58
S01009836,Couple family: Both parents working,94,60,34
S01009836,Couple family: One parent working,38,18,20
S01009836,Couple family: No parents working,8,4,4
S01009836,Lone parent family: Total,32,18,14
S01009836,Lone parent family: Parent working,22,13,9
S01009836,Lone parent family: Parent not working,10,5,5
S01009837,All parents aged 16 and over with dependent children,90,60,30
S01009837,Couple family: Total,56,34,22
S01009837,Couple family: Both parents working,44,26,18
S01009837,Couple family: One parent working,8,4,4
S01009837,Couple family: No parents working,4,4,0
S01009837,Lone parent family: Total,34,26,8
S01009837,Lone parent family: Parent working,25,20,5
S01009837,Lone parent family: Parent not working,9,6,3
S01009838,All parents aged 16 and over with dependent children,123,73,50
S01009838,Couple family: Total,60,30,30
S01009838,Couple family: Both parents working,42,18,24
S01009838,Couple family: One parent working,12,8,4
S01009838,Couple family: No parents working,6,4,2
S01009838,Lone parent family: Total,63,43,20
S01009838,Lone parent family: Parent working,29,20,9
S01009838,Lone parent family: Parent not working,34,23,11
S01009839,All parents aged 16 and over with dependent children,157,98,59
S01009839,Couple family: Total,70,42,28
S01009839,Couple family: Both parents working,28,22,6
S01009839,Couple family: One parent working,32,16,16
S01009839,Couple family: No parents working,10,4,6
S01009839,Lone parent family: Total,87,56,31
S01009839,Lone parent family: Parent working,43,29,14
S01009839,Lone parent family: Parent not working,44,27,17
S01009840,All parents aged 16 and over with dependent children,118,70,48
S01009840,Couple family: Total,68,42,26
S01009840,Couple family: Both parents working,50,30,20
S01009840,Couple family: One parent working,12,6,6
S01009840,Couple family: No parents working,6,6,0
S01009840,Lone parent family: Total,50,28,22
S01009840,Lone parent family: Parent working,28,19,9
S01009840,Lone parent family: Parent not working,22,9,13
S01009841,All parents aged 16 and over with dependent children,139,92,47
S01009841,Couple family: Total,84,50,34
S01009841,Couple family: Both parents working,44,30,14
S01009841,Couple family: One parent working,28,14,14
S01009841,Couple family: No parents working,12,6,6
S01009841,Lone parent family: Total,55,42,13
S01009841,Lone parent family: Parent working,32,28,4
S01009841,Lone parent family: Parent not working,23,14,9
S01009842,All parents aged 16 and over with dependent children,147,84,63
S01009842,Couple family: Total,96,52,44
S01009842,Couple family: Both parents working,40,24,16
S01009842,Couple family: One parent working,34,22,12
S01009842,Couple family: No parents working,22,6,16
S01009842,Lone parent family: Total,51,32,19
S01009842,Lone parent family: Parent working,25,18,7
S01009842,Lone parent family: Parent not working,26,14,12
S01009843,All parents aged 16 and over with dependent children,115,56,59
S01009843,Couple family: Total,72,30,42
S01009843,Couple family: Both parents working,22,14,8
S01009843,Couple family: One parent working,28,12,16
S01009843,Couple family: No parents working,22,4,18
S01009843,Lone parent family: Total,43,26,17
S01009843,Lone parent family: Parent working,19,12,7
S01009843,Lone parent family: Parent not working,24,14,10
S01009844,All parents aged 16 and over with dependent children,87,52,35
S01009844,Couple family: Total,48,24,24
S01009844,Couple family: Both parents working,16,6,10
S01009844,Couple family: One parent working,16,10,6
S01009844,Couple family: No parents working,16,8,8
S01009844,Lone parent family: Total,39,28,11
S01009844,Lone parent family: Parent working,8,6,2
S01009844,Lone parent family: Parent not working,31,22,9
S01009845,All parents aged 16 and over with dependent children,133,81,52
S01009845,Couple family: Total,72,34,38
S01009845,Couple family: Both parents working,16,10,6
S01009845,Couple family: One parent working,34,20,14
S01009845,Couple family: No parents working,22,4,18
S01009845,Lone parent family: Total,61,47,14
S01009845,Lone parent family: Parent working,24,19,5
S01009845,Lone parent family: Parent not working,37,28,9
S01009846,All parents aged 16 and over with dependent children,145,89,56
S01009846,Couple family: Total,82,48,34
S01009846,Couple family: Both parents working,40,24,16
S01009846,Couple family: One parent working,32,18,14
S01009846,Couple family: No parents working,10,6,4
S01009846,Lone parent family: Total,63,41,22
S01009846,Lone parent family: Parent working,33,22,11
S01009846,Lone parent family: Parent not working,30,19,11
S01009847,All parents aged 16 and over with dependent children,129,93,36
S01009847,Couple family: Total,62,46,16
S01009847,Couple family: Both parents working,36,26,10
S01009847,Couple family: One parent working,20,18,2
S01009847,Couple family: No parents working,6,2,4
S01009847,Lone parent family: Total,67,47,20
S01009847,Lone parent family: Parent working,38,27,11
S01009847,Lone parent family: Parent not working,29,20,9
S01009848,All parents aged 16 and over with dependent children,140,70,70
S01009848,Couple family: Total,94,42,52
S01009848,Couple family: Both parents working,56,30,26
S01009848,Couple family: One parent working,28,10,18
S01009848,Couple family: No parents working,10,2,8
S01009848,Lone parent family: Total,46,28,18
S01009848,Lone parent family: Parent working,27,21,6
S01009848,Lone parent family: Parent not working,19,7,12
S01009849,All parents aged 16 and over with dependent children,93,65,28
S01009849,Couple family: Total,62,40,22
S01009849,Couple family: Both parents working,50,34,16
S01009849,Couple family: One parent working,8,4,4
S01009849,Couple family: No parents working,4,2,2
S01009849,Lone parent family: Total,31,25,6
S01009849,Lone parent family: Parent working,18,13,5
S01009849,Lone parent family: Parent not working,13,12,1
S01009850,All parents aged 16 and over with dependent children,116,45,71
S01009850,Couple family: Total,86,28,58
S01009850,Couple family: Both parents working,58,20,38
S01009850,Couple family: One parent working,24,6,18
S01009850,Couple family: No parents working,4,2,2
S01009850,Lone parent family: Total,30,17,13
S01009850,Lone parent family: Parent working,17,11,6
S01009850,Lone parent family: Parent not working,13,6,7
S01009851,All parents aged 16 and over with dependent children,103,56,47
S01009851,Couple family: Total,68,32,36
S01009851,Couple family: Both parents working,48,26,22
S01009851,Couple family: One parent working,16,4,12
S01009851,Couple family: No parents working,4,2,2
S01009851,Lone parent family: Total,35,24,11
S01009851,Lone parent family: Parent working,20,14,6
S01009851,Lone parent family: Parent not working,15,10,5
S01009852,All parents aged 16 and over with dependent children,112,47,65
S01009852,Couple family: Total,92,36,56
S01009852,Couple family: Both parents working,66,22,44
S01009852,Couple family: One parent working,18,10,8
S01009852,Couple family: No parents working,8,4,4
S01009852,Lone parent family: Total,20,11,9
S01009852,Lone parent family: Parent working,8,4,4
S01009852,Lone parent family: Parent not working,12,7,5
S01009853,All parents aged 16 and over with dependent children,167,81,86
S01009853,Couple family: Total,120,50,70
S01009853,Couple family: Both parents working,84,44,40
S01009853,Couple family: One parent working,26,0,26
S01009853,Couple family: No parents working,10,6,4
S01009853,Lone parent family: Total,47,31,16
S01009853,Lone parent family: Parent working,23,18,5
S01009853,Lone parent family: Parent not working,24,13,11
S01009854,All parents aged 16 and over with dependent children,204,94,110
S01009854,Couple family: Total,148,50,98
S01009854,Couple family: Both parents working,120,44,76
S01009854,Couple family: One parent working,26,6,20
S01009854,Couple family: No parents working,2,0,2
S01009854,Lone parent family: Total,56,44,12
S01009854,Lone parent family: Parent working,34,26,8
S01009854,Lone parent family: Parent not working,22,18,4
S01009855,All parents aged 16 and over with dependent children,97,55,42
S01009855,Couple family: Total,80,44,36
S01009855,Couple family: Both parents working,66,36,30
S01009855,Couple family: One parent working,10,6,4
S01009855,Couple family: No parents working,4,2,2
S01009855,Lone parent family: Total,17,11,6
S01009855,Lone parent family: Parent working,12,9,3
S01009855,Lone parent family: Parent not working,5,2,3
S01009856,All parents aged 16 and over with dependent children,97,48,49
S01009856,Couple family: Total,70,34,36
S01009856,Couple family: Both parents working,38,26,12
S01009856,Couple family: One parent working,30,8,22
S01009856,Couple family: No parents working,2,0,2
S01009856,Lone parent family: Total,27,14,13
S01009856,Lone parent family: Parent working,14,11,3
S01009856,Lone parent family: Parent not working,13,3,10
S01009857,All parents aged 16 and over with dependent children,189,95,94
S01009857,Couple family: Total,152,78,74
S01009857,Couple family: Both parents working,92,52,40
S01009857,Couple family: One parent working,48,20,28
S01009857,Couple family: No parents working,12,6,6
S01009857,Lone parent family: Total,37,17,20
S01009857,Lone parent family: Parent working,23,12,11
S01009857,Lone parent family: Parent not working,14,5,9
S01009858,All parents aged 16 and over with dependent children,137,73,64
S01009858,Couple family: Total,96,44,52
S01009858,Couple family: Both parents working,68,30,38
S01009858,Couple family: One parent working,24,12,12
S01009858,Couple family: No parents working,4,2,2
S01009858,Lone parent family: Total,41,29,12
S01009858,Lone parent family: Parent working,24,20,4
S01009858,Lone parent family: Parent not working,17,9,8
S01009859,All parents aged 16 and over with dependent children,142,84,58
S01009859,Couple family: Total,80,44,36
S01009859,Couple family: Both parents working,36,26,10
S01009859,Couple family: One parent working,22,6,16
S01009859,Couple family: No parents working,22,12,10
S01009859,Lone parent family: Total,62,40,22
S01009859,Lone parent family: Parent working,30,22,8
S01009859,Lone parent family: Parent not working,32,18,14
S01009860,All parents aged 16 and over with dependent children,110,57,53
S01009860,Couple family: Total,58,30,28
S01009860,Couple family: Both parents working,20,12,8
S01009860,Couple family: One parent working,18,8,10
S01009860,Couple family: No parents working,20,10,10
S01009860,Lone parent family: Total,52,27,25
S01009860,Lone parent family: Parent working,19,11,8
S01009860,Lone parent family: Parent not working,33,16,17
S01009861,All parents aged 16 and over with dependent children,176,89,87
S01009861,Couple family: Total,100,50,50
S01009861,Couple family: Both parents working,50,30,20
S01009861,Couple family: One parent working,28,8,20
S01009861,Couple family: No parents working,22,12,10
S01009861,Lone parent family: Total,76,39,37
S01009861,Lone parent family: Parent working,27,18,9
S01009861,Lone parent family: Parent not working,49,21,28
S01009862,All parents aged 16 and over with dependent children,152,98,54
S01009862,Couple family: Total,96,60,36
S01009862,Couple family: Both parents working,44,28,16
S01009862,Couple family: One parent working,36,24,12
S01009862,Couple family: No parents working,16,8,8
S01009862,Lone parent family: Total,56,38,18
S01009862,Lone parent family: Parent working,27,20,7
S01009862,Lone parent family: Parent not working,29,18,11
S01009863,All parents aged 16 and over with dependent children,117,74,43
S01009863,Couple family: Total,74,44,30
S01009863,Couple family: Both parents working,28,20,8
S01009863,Couple family: One parent working,40,20,20
S01009863,Couple family: No parents working,6,4,2
S01009863,Lone parent family: Total,43,30,13
S01009863,Lone parent family: Parent working,20,17,3
S01009863,Lone parent family: Parent not working,23,13,10
S01009864,All parents aged 16 and over with dependent children,67,29,38
S01009864,Couple family: Total,44,18,26
S01009864,Couple family: Both parents working,20,8,12
S01009864,Couple family: One parent working,12,6,6
S01009864,Couple family: No parents working,12,4,8
S01009864,Lone parent family: Total,23,11,12
S01009864,Lone parent family: Parent working,5,3,2
S01009864,Lone parent family: Parent not working,18,8,10
S01009865,All parents aged 16 and over with dependent children,65,33,32
S01009865,Couple family: Total,52,22,30
S01009865,Couple family: Both parents working,18,12,6
S01009865,Couple family: One parent working,18,8,10
S01009865,Couple family: No parents working,16,2,14
S01009865,Lone parent family: Total,13,11,2
S01009865,Lone parent family: Parent working,6,6,0
S01009865,Lone parent family: Parent not working,7,5,2
S01009866,All parents aged 16 and over with dependent children,130,79,51
S01009866,Couple family: Total,94,50,44
S01009866,Couple family: Both parents working,48,24,24
S01009866,Couple family: One parent working,32,20,12
S01009866,Couple family: No parents working,14,6,8
S01009866,Lone parent family: Total,36,29,7
S01009866,Lone parent family: Parent working,26,21,5
S01009866,Lone parent family: Parent not working,10,8,2
S01009867,All parents aged 16 and over with dependent children,81,49,32
S01009867,Couple family: Total,60,36,24
S01009867,Couple family: Both parents working,44,32,12
S01009867,Couple family: One parent working,6,2,4
S01009867,Couple family: No parents working,10,2,8
S01009867,Lone parent family: Total,21,13,8
S01009867,Lone parent family: Parent working,14,8,6
S01009867,Lone parent family: Parent not working,7,5,2
S01009868,All parents aged 16 and over with dependent children,88,48,40
S01009868,Couple family: Total,74,38,36
S01009868,Couple family: Both parents working,32,24,8
S01009868,Couple family: One parent working,28,12,16
S01009868,Couple family: No parents working,14,2,12
S01009868,Lone parent family: Total,14,10,4
S01009868,Lone parent family: Parent working,4,4,0
S01009868,Lone parent family: Parent not working,10,6,4
S01009869,All parents aged 16 and over with dependent children,87,61,26
S01009869,Couple family: Total,74,52,22
S01009869,Couple family: Both parents working,46,34,12
S01009869,Couple family: One parent working,20,12,8
S01009869,Couple family: No parents working,8,6,2
S01009869,Lone parent family: Total,13,9,4
S01009869,Lone parent family: Parent working,6,4,2
S01009869,Lone parent family: Parent not working,7,5,2
S01009870,All parents aged 16 and over with dependent children,99,39,60
S01009870,Couple family: Total,74,28,46
S01009870,Couple family: Both parents working,26,12,14
S01009870,Couple family: One parent working,38,12,26
S01009870,Couple family: No parents working,10,4,6
S01009870,Lone parent family: Total,25,11,14
S01009870,Lone parent family: Parent working,13,6,7
S01009870,Lone parent family: Parent not working,12,5,7
S01009871,All parents aged 16 and over with dependent children,139,64,75
S01009871,Couple family: Total,110,44,66
S01009871,Couple family: Both parents working,60,28,32
S01009871,Couple family: One parent working,36,14,22
S01009871,Couple family: No parents working,14,2,12
S01009871,Lone parent family: Total,29,20,9
S01009871,Lone parent family: Parent working,17,13,4
S01009871,Lone parent family: Parent not working,12,7,5
S01009872,All parents aged 16 and over with dependent children,118,38,80
S01009872,Couple family: Total,108,34,74
S01009872,Couple family: Both parents working,22,12,10
S01009872,Couple family: One parent working,68,18,50
S01009872,Couple family: No parents working,18,4,14
S01009872,Lone parent family: Total,10,4,6
S01009872,Lone parent family: Parent working,5,2,3
S01009872,Lone parent family: Parent not working,5,2,3
S01009873,All parents aged 16 and over with dependent children,151,62,89
S01009873,Couple family: Total,136,54,82
S01009873,Couple family: Both parents working,84,32,52
S01009873,Couple family: One parent working,44,20,24
S01009873,Couple family: No parents working,8,2,6
S01009873,Lone parent family: Total,15,8,7
S01009873,Lone parent family: Parent working,6,2,4
S01009873,Lone parent family: Parent not working,9,6,3
S01009874,All parents aged 16 and over with dependent children,196,95,101
S01009874,Couple family: Total,138,54,84
S01009874,Couple family: Both parents working,102,42,60
S01009874,Couple family: One parent working,30,8,22
S01009874,Couple family: No parents working,6,4,2
S01009874,Lone parent family: Total,58,41,17
S01009874,Lone parent family: Parent working,33,21,12
S01009874,Lone parent family: Parent not working,25,20,5
S01009875,All parents aged 16 and over with dependent children,155,64,91
S01009875,Couple family: Total,120,50,70
S01009875,Couple family: Both parents working,22,12,10
S01009875,Couple family: One parent working,70,20,50
S01009875,Couple family: No parents working,28,18,10
S01009875,Lone parent family: Total,35,14,21
S01009875,Lone parent family: Parent working,9,8,1
S01009875,Lone parent family: Parent not working,26,6,20
S01009876,All parents aged 16 and over with dependent children,170,59,111
S01009876,Couple family: Total,102,28,74
S01009876,Couple family: Both parents working,32,10,22
S01009876,Couple family: One parent working,38,8,30
S01009876,Couple family: No parents working,32,10,22
S01009876,Lone parent family: Total,68,31,37
S01009876,Lone parent family: Parent working,32,19,13
S01009876,Lone parent family: Parent not working,36,12,24
S01009877,All parents aged 16 and over with dependent children,162,74,88
S01009877,Couple family: Total,148,64,84
S01009877,Couple family: Both parents working,76,34,42
S01009877,Couple family: One parent working,64,26,38
S01009877,Couple family: No parents working,8,4,4
S01009877,Lone parent family: Total,14,10,4
S01009877,Lone parent family: Parent working,6,5,1
S01009877,Lone parent family: Parent not working,8,5,3
S01009878,All parents aged 16 and over with dependent children,148,43,105
S01009878,Couple family: Total,132,36,96
S01009878,Couple family: Both parents working,34,10,24
S01009878,Couple family: One parent working,78,18,60
S01009878,Couple family: No parents working,20,8,12
S01009878,Lone parent family: Total,16,7,9
S01009878,Lone parent family: Parent working,11,4,7
S01009878,Lone parent family: Parent not working,5,3,2
S01009879,All parents aged 16 and over with dependent children,199,71,128
S01009879,Couple family: Total,188,64,124
S01009879,Couple family: Both parents working,130,48,82
S01009879,Couple family: One parent working,50,12,38
S01009879,Couple family: No parents working,8,4,4
S01009879,Lone parent family: Total,11,7,4
S01009879,Lone parent family: Parent working,6,5,1
S01009879,Lone parent family: Parent not working,5,2,3
S01009880,All parents aged 16 and over with dependent children,191,78,113
S01009880,Couple family: Total,172,68,104
S01009880,Couple family: Both parents working,56,32,24
S01009880,Couple family: One parent working,104,34,70
S01009880,Couple family: No parents working,12,2,10
S01009880,Lone parent family: Total,19,10,9
S01009880,Lone parent family: Parent working,9,6,3
S01009880,Lone parent family: Parent not working,10,4,6
S01009881,All parents aged 16 and over with dependent children,117,54,63
S01009881,Couple family: Total,100,46,54
S01009881,Couple family: Both parents working,16,8,8
S01009881,Couple family: One parent working,68,32,36
S01009881,Couple family: No parents working,16,6,10
S01009881,Lone parent family: Total,17,8,9
S01009881,Lone parent family: Parent working,5,2,3
S01009881,Lone parent family: Parent not working,12,6,6
S01009882,All parents aged 16 and over with dependent children,157,86,71
S01009882,Couple family: Total,116,54,62
S01009882,Couple family: Both parents working,36,30,6
S01009882,Couple family: One parent working,58,14,44
S01009882,Couple family: No parents working,22,10,12
S01009882,Lone parent family: Total,41,32,9
S01009882,Lone parent family: Parent working,20,19,1
S01009882,Lone parent family: Parent not working,21,13,8
S01009883,All parents aged 16 and over with dependent children,198,66,132
S01009883,Couple family: Total,176,58,118
S01009883,Couple family: Both parents working,46,30,16
S01009883,Couple family: One parent working,102,20,82
S01009883,Couple family: No parents working,28,8,20
S01009883,Lone parent family: Total,22,8,14
S01009883,Lone parent family: Parent working,3,3,0
S01009883,Lone parent family: Parent not working,19,5,14
S01009884,All parents aged 16 and over with dependent children,176,74,102
S01009884,Couple family: Total,158,62,96
S01009884,Couple family: Both parents working,56,32,24
S01009884,Couple family: One parent working,82,24,58
S01009884,Couple family: No parents working,20,6,14
S01009884,Lone parent family: Total,18,12,6
S01009884,Lone parent family: Parent working,9,7,2
S01009884,Lone parent family: Parent not working,9,5,4
S01009885,All parents aged 16 and over with dependent children,219,83,136
S01009885,Couple family: Total,192,74,118
S01009885,Couple family: Both parents working,66,44,22
S01009885,Couple family: One parent working,110,24,86
S01009885,Couple family: No parents working,16,6,10
S01009885,Lone parent family: Total,27,9,18
S01009885,Lone parent family: Parent working,11,6,5
S01009885,Lone parent family: Parent not working,16,3,13
S01009886,All parents aged 16 and over with dependent children,164,57,107
S01009886,Couple family: Total,146,48,98
S01009886,Couple family: Both parents working,44,20,24
S01009886,Couple family: One parent working,70,16,54
S01009886,Couple family: No parents working,32,12,20
S01009886,Lone parent family: Total,18,9,9
S01009886,Lone parent family: Parent working,11,6,5
S01009886,Lone parent family: Parent not working,7,3,4
S01009887,All parents aged 16 and over with dependent children,168,55,113
S01009887,Couple family: Total,138,46,92
S01009887,Couple family: Both parents working,42,20,22
S01009887,Couple family: One parent working,66,20,46
S01009887,Couple family: No parents working,30,6,24
S01009887,Lone parent family: Total,30,9,21
S01009887,Lone parent family: Parent working,15,5,10
S01009887,Lone parent family: Parent not working,15,4,11
S01009888,All parents aged 16 and over with dependent children,169,62,107
S01009888,Couple family: Total,144,48,96
S01009888,Couple family: Both parents working,32,14,18
S01009888,Couple family: One parent working,90,24,66
S01009888,Couple family: No parents working,22,10,12
S01009888,Lone parent family: Total,25,14,11
S01009888,Lone parent family: Parent working,12,8,4
S01009888,Lone parent family: Parent not working,13,6,7
S01009889,All parents aged 16 and over with dependent children,151,55,96
S01009889,Couple family: Total,116,40,76
S01009889,Couple family: Both parents working,42,20,22
S01009889,Couple family: One parent working,54,16,38
S01009889,Couple family: No parents working,20,4,16
S01009889,Lone parent family: Total,35,15,20
S01009889,Lone parent family: Parent working,11,6,5
S01009889,Lone parent family: Parent not working,24,9,15
S01009890,All parents aged 16 and over with dependent children,111,47,64
S01009890,Couple family: Total,80,32,48
S01009890,Couple family: Both parents working,24,12,12
S01009890,Couple family: One parent working,40,14,26
S01009890,Couple family: No parents working,16,6,10
S01009890,Lone parent family: Total,31,15,16
S01009890,Lone parent family: Parent working,15,10,5
S01009890,Lone parent family: Parent not working,16,5,11
S01009891,All parents aged 16 and over with dependent children,95,48,47
S01009891,Couple family: Total,78,36,42
S01009891,Couple family: Both parents working,20,10,10
S01009891,Couple family: One parent working,28,12,16
S01009891,Couple family: No parents working,30,14,16
S01009891,Lone parent family: Total,17,12,5
S01009891,Lone parent family: Parent working,6,5,1
S01009891,Lone parent family: Parent not working,11,7,4
S01009892,All parents aged 16 and over with dependent children,100,60,40
S01009892,Couple family: Total,70,38,32
S01009892,Couple family: Both parents working,22,14,8
S01009892,Couple family: One parent working,38,18,20
S01009892,Couple family: No parents working,10,6,4
S01009892,Lone parent family: Total,30,22,8
S01009892,Lone parent family: Parent working,11,6,5
S01009892,Lone parent family: Parent not working,19,16,3
S01009893,All parents aged 16 and over with dependent children,156,58,98
S01009893,Couple family: Total,136,48,88
S01009893,Couple family: Both parents working,40,14,26
S01009893,Couple family: One parent working,72,26,46
S01009893,Couple family: No parents working,24,8,16
S01009893,Lone parent family: Total,20,10,10
S01009893,Lone parent family: Parent working,7,6,1
S01009893,Lone parent family: Parent not working,13,4,9
S01009894,All parents aged 16 and over with dependent children,130,62,68
S01009894,Couple family: Total,76,26,50
S01009894,Couple family: Both parents working,30,16,14
S01009894,Couple family: One parent working,28,8,20
S01009894,Couple family: No parents working,18,2,16
S01009894,Lone parent family: Total,54,36,18
S01009894,Lone parent family: Parent working,25,20,5
S01009894,Lone parent family: Parent not working,29,16,13
S01009895,All parents aged 16 and over with dependent children,110,52,58
S01009895,Couple family: Total,88,36,52
S01009895,Couple family: Both parents working,40,26,14
S01009895,Couple family: One parent working,38,8,30
S01009895,Couple family: No parents working,10,2,8
S01009895,Lone parent family: Total,22,16,6
S01009895,Lone parent family: Parent working,11,7,4
S01009895,Lone parent family: Parent not working,11,9,2
S01009896,All parents aged 16 and over with dependent children,175,74,101
S01009896,Couple family: Total,122,44,78
S01009896,Couple family: Both parents working,32,18,14
S01009896,Couple family: One parent working,60,12,48
S01009896,Couple family: No parents working,30,14,16
S01009896,Lone parent family: Total,53,30,23
S01009896,Lone parent family: Parent working,18,9,9
S01009896,Lone parent family: Parent not working,35,21,14
S01009897,All parents aged 16 and over with dependent children,134,75,59
S01009897,Couple family: Total,110,60,50
S01009897,Couple family: Both parents working,62,40,22
S01009897,Couple family: One parent working,32,12,20
S01009897,Couple family: No parents working,16,8,8
S01009897,Lone parent family: Total,24,15,9
S01009897,Lone parent family: Parent working,11,6,5
S01009897,Lone parent family: Parent not working,13,9,4
S01009898,All parents aged 16 and over with dependent children,124,64,60
S01009898,Couple family: Total,86,36,50
S01009898,Couple family: Both parents working,22,12,10
S01009898,Couple family: One parent working,42,14,28
S01009898,Couple family: No parents working,22,10,12
S01009898,Lone parent family: Total,38,28,10
S01009898,Lone parent family: Parent working,15,12,3
S01009898,Lone parent family: Parent not working,23,16,7
S01009899,All parents aged 16 and over with dependent children,108,66,42
S01009899,Couple family: Total,86,48,38
S01009899,Couple family: Both parents working,52,38,14
S01009899,Couple family: One parent working,28,4,24
S01009899,Couple family: No parents working,6,6,0
S01009899,Lone parent family: Total,22,18,4
S01009899,Lone parent family: Parent working,12,10,2
S01009899,Lone parent family: Parent not working,10,8,2
S01009900,All parents aged 16 and over with dependent children,103,65,38
S01009900,Couple family: Total,76,40,36
S01009900,Couple family: Both parents working,56,30,26
S01009900,Couple family: One parent working,18,8,10
S01009900,Couple family: No parents working,2,2,0
S01009900,Lone parent family: Total,27,25,2
S01009900,Lone parent family: Parent working,17,16,1
S01009900,Lone parent family: Parent not working,10,9,1
S01009901,All parents aged 16 and over with dependent children,137,67,70
S01009901,Couple family: Total,108,54,54
S01009901,Couple family: Both parents working,80,44,36
S01009901,Couple family: One parent working,22,6,16
S01009901,Couple family: No parents working,6,4,2
S01009901,Lone parent family: Total,29,13,16
S01009901,Lone parent family: Parent working,18,10,8
S01009901,Lone parent family: Parent not working,11,3,8
S01009902,All parents aged 16 and over with dependent children,124,67,57
S01009902,Couple family: Total,100,56,44
S01009902,Couple family: Both parents working,50,30,20
S01009902,Couple family: One parent working,44,22,22
S01009902,Couple family: No parents working,6,4,2
S01009902,Lone parent family: Total,24,11,13
S01009902,Lone parent family: Parent working,10,5,5
S01009902,Lone parent family: Parent not working,14,6,8
S01009903,All parents aged 16 and over with dependent children,173,50,123
S01009903,Couple family: Total,156,38,118
S01009903,Couple family: Both parents working,80,28,52
S01009903,Couple family: One parent working,64,8,56
S01009903,Couple family: No parents working,12,2,10
S01009903,Lone parent family: Total,17,12,5
S01009903,Lone parent family: Parent working,8,4,4
S01009903,Lone parent family: Parent not working,9,8,1
S01009904,All parents aged 16 and over with dependent children,94,47,47
S01009904,Couple family: Total,74,38,36
S01009904,Couple family: Both parents working,52,32,20
S01009904,Couple family: One parent working,14,0,14
S01009904,Couple family: No parents working,8,6,2
S01009904,Lone parent family: Total,20,9,11
S01009904,Lone parent family: Parent working,15,8,7
S01009904,Lone parent family: Parent not working,5,1,4
S01009905,All parents aged 16 and over with dependent children,131,67,64
S01009905,Couple family: Total,112,56,56
S01009905,Couple family: Both parents working,48,24,24
S01009905,Couple family: One parent working,46,22,24
S01009905,Couple family: No parents working,18,10,8
S01009905,Lone parent family: Total,19,11,8
S01009905,Lone parent family: Parent working,8,6,2
S01009905,Lone parent family: Parent not working,11,5,6
S01009906,All parents aged 16 and over with dependent children,103,46,57
S01009906,Couple family: Total,84,32,52
S01009906,Couple family: Both parents working,24,14,10
S01009906,Couple family: One parent working,48,12,36
S01009906,Couple family: No parents working,12,6,6
S01009906,Lone parent family: Total,19,14,5
S01009906,Lone parent family: Parent working,12,10,2
S01009906,Lone parent family: Parent not working,7,4,3
S01009907,All parents aged 16 and over with dependent children,54,43,11
S01009907,Couple family: Total,34,26,8
S01009907,Couple family: Both parents working,22,20,2
S01009907,Couple family: One parent working,10,6,4
S01009907,Couple family: No parents working,2,0,2
S01009907,Lone parent family: Total,20,17,3
S01009907,Lone parent family: Parent working,15,13,2
S01009907,Lone parent family: Parent not working,5,4,1
S01009908,All parents aged 16 and over with dependent children,193,84,109
S01009908,Couple family: Total,172,70,102
S01009908,Couple family: Both parents working,108,52,56
S01009908,Couple family: One parent working,62,18,44
S01009908,Couple family: No parents working,2,0,2
S01009908,Lone parent family: Total,21,14,7
S01009908,Lone parent family: Parent working,13,10,3
S01009908,Lone parent family: Parent not working,8,4,4
S01009909,All parents aged 16 and over with dependent children,94,61,33
S01009909,Couple family: Total,82,54,28
S01009909,Couple family: Both parents working,48,34,14
S01009909,Couple family: One parent working,34,20,14
S01009909,Couple family: No parents working,0,0,0
S01009909,Lone parent family: Total,12,7,5
S01009909,Lone parent family: Parent working,7,6,1
S01009909,Lone parent family: Parent not working,5,1,4
S01009910,All parents aged 16 and over with dependent children,80,41,39
S01009910,Couple family: Total,68,34,34
S01009910,Couple family: Both parents working,34,26,8
S01009910,Couple family: One parent working,30,8,22
S01009910,Couple family: No parents working,4,0,4
S01009910,Lone parent family: Total,12,7,5
S01009910,Lone parent family: Parent working,7,6,1
S01009910,Lone parent family: Parent not working,5,1,4
S01009911,All parents aged 16 and over with dependent children,207,91,116
S01009911,Couple family: Total,188,80,108
S01009911,Couple family: Both parents working,132,56,76
S01009911,Couple family: One parent working,50,20,30
S01009911,Couple family: No parents working,6,4,2
S01009911,Lone parent family: Total,19,11,8
S01009911,Lone parent family: Parent working,14,7,7
S01009911,Lone parent family: Parent not working,5,4,1
S01009912,All parents aged 16 and over with dependent children,188,77,111
S01009912,Couple family: Total,174,66,108
S01009912,Couple family: Both parents working,120,50,70
S01009912,Couple family: One parent working,52,14,38
S01009912,Couple family: No parents working,2,2,0
S01009912,Lone parent family: Total,14,11,3
S01009912,Lone parent family: Parent working,9,8,1
S01009912,Lone parent family: Parent not working,5,3,2
S01009913,All parents aged 16 and over with dependent children,160,80,80
S01009913,Couple family: Total,148,74,74
S01009913,Couple family: Both parents working,72,38,34
S01009913,Couple family: One parent working,58,26,32
S01009913,Couple family: No parents working,18,10,8
S01009913,Lone parent family: Total,12,6,6
S01009913,Lone parent family: Parent working,7,6,1
S01009913,Lone parent family: Parent not working,5,0,5
S01009914,All parents aged 16 and over with dependent children,187,87,100
S01009914,Couple family: Total,174,78,96
S01009914,Couple family: Both parents working,118,52,66
S01009914,Couple family: One parent working,52,24,28
S01009914,Couple family: No parents working,4,2,2
S01009914,Lone parent family: Total,13,9,4
S01009914,Lone parent family: Parent working,8,5,3
S01009914,Lone parent family: Parent not working,5,4,1
S01009915,All parents aged 16 and over with dependent children,148,87,61
S01009915,Couple family: Total,136,80,56
S01009915,Couple family: Both parents working,82,56,26
S01009915,Couple family: One parent working,44,18,26
S01009915,Couple family: No parents working,10,6,4
S01009915,Lone parent family: Total,12,7,5
S01009915,Lone parent family: Parent working,11,7,4
S01009915,Lone parent family: Parent not working,1,0,1
S01009916,All parents aged 16 and over with dependent children,231,86,145
S01009916,Couple family: Total,210,74,136
S01009916,Couple family: Both parents working,90,28,62
S01009916,Couple family: One parent working,102,34,68
S01009916,Couple family: No parents working,18,12,6
S01009916,Lone parent family: Total,21,12,9
S01009916,Lone parent family: Parent working,12,6,6
S01009916,Lone parent family: Parent not working,9,6,3
S01009917,All parents aged 16 and over with dependent children,147,71,76
S01009917,Couple family: Total,140,66,74
S01009917,Couple family: Both parents working,100,50,50
S01009917,Couple family: One parent working,30,12,18
S01009917,Couple family: No parents working,10,4,6
S01009917,Lone parent family: Total,7,5,2
S01009917,Lone parent family: Parent working,4,3,1
S01009917,Lone parent family: Parent not working,3,2,1
S01009918,All parents aged 16 and over with dependent children,142,54,88
S01009918,Couple family: Total,130,46,84
S01009918,Couple family: Both parents working,102,32,70
S01009918,Couple family: One parent working,22,10,12
S01009918,Couple family: No parents working,6,4,2
S01009918,Lone parent family: Total,12,8,4
S01009918,Lone parent family: Parent working,9,6,3
S01009918,Lone parent family: Parent not working,3,2,1
S01009919,All parents aged 16 and over with dependent children,158,75,83
S01009919,Couple family: Total,116,44,72
S01009919,Couple family: Both parents working,34,18,16
S01009919,Couple family: One parent working,72,22,50
S01009919,Couple family: No parents working,10,4,6
S01009919,Lone parent family: Total,42,31,11
S01009919,Lone parent family: Parent working,15,13,2
S01009919,Lone parent family: Parent not working,27,18,9
S01009920,All parents aged 16 and over with dependent children,59,41,18
S01009920,Couple family: Total,42,30,12
S01009920,Couple family: Both parents working,32,26,6
S01009920,Couple family: One parent working,8,2,6
S01009920,Couple family: No parents working,2,2,0
S01009920,Lone parent family: Total,17,11,6
S01009920,Lone parent family: Parent working,7,6,1
S01009920,Lone parent family: Parent not working,10,5,5
S01009921,All parents aged 16 and over with dependent children,42,29,13
S01009921,Couple family: Total,34,24,10
S01009921,Couple family: Both parents working,24,18,6
S01009921,Couple family: One parent working,10,6,4
S01009921,Couple family: No parents working,0,0,0
S01009921,Lone parent family: Total,8,5,3
S01009921,Lone parent family: Parent working,5,4,1
S01009921,Lone parent family: Parent not working,3,1,2
S01009922,All parents aged 16 and over with dependent children,105,75,30
S01009922,Couple family: Total,88,62,26
S01009922,Couple family: Both parents working,60,46,14
S01009922,Couple family: One parent working,26,14,12
S01009922,Couple family: No parents working,2,2,0
S01009922,Lone parent family: Total,17,13,4
S01009922,Lone parent family: Parent working,11,9,2
S01009922,Lone parent family: Parent not working,6,4,2
S01009923,All parents aged 16 and over with dependent children,63,28,35
S01009923,Couple family: Total,42,14,28
S01009923,Couple family: Both parents working,26,6,20
S01009923,Couple family: One parent working,14,8,6
S01009923,Couple family: No parents working,2,0,2
S01009923,Lone parent family: Total,21,14,7
S01009923,Lone parent family: Parent working,10,7,3
S01009923,Lone parent family: Parent not working,11,7,4
S01009924,All parents aged 16 and over with dependent children,114,69,45
S01009924,Couple family: Total,80,48,32
S01009924,Couple family: Both parents working,46,30,16
S01009924,Couple family: One parent working,28,16,12
S01009924,Couple family: No parents working,6,2,4
S01009924,Lone parent family: Total,34,21,13
S01009924,Lone parent family: Parent working,16,10,6
S01009924,Lone parent family: Parent not working,18,11,7
S01009925,All parents aged 16 and over with dependent children,61,35,26
S01009925,Couple family: Total,46,24,22
S01009925,Couple family: Both parents working,26,18,8
S01009925,Couple family: One parent working,10,4,6
S01009925,Couple family: No parents working,10,2,8
S01009925,Lone parent family: Total,15,11,4
S01009925,Lone parent family: Parent working,8,5,3
S01009925,Lone parent family: Parent not working,7,6,1
S01009926,All parents aged 16 and over with dependent children,111,45,66
S01009926,Couple family: Total,94,38,56
S01009926,Couple family: Both parents working,56,34,22
S01009926,Couple family: One parent working,26,4,22
S01009926,Couple family: No parents working,12,0,12
S01009926,Lone parent family: Total,17,7,10
S01009926,Lone parent family: Parent working,3,1,2
S01009926,Lone parent family: Parent not working,14,6,8
S01009927,All parents aged 16 and over with dependent children,85,49,36
S01009927,Couple family: Total,70,36,34
S01009927,Couple family: Both parents working,60,34,26
S01009927,Couple family: One parent working,10,2,8
S01009927,Couple family: No parents working,0,0,0
S01009927,Lone parent family: Total,15,13,2
S01009927,Lone parent family: Parent working,10,9,1
S01009927,Lone parent family: Parent not working,5,4,1
S01009928,All parents aged 16 and over with dependent children,130,85,45
S01009928,Couple family: Total,118,76,42
S01009928,Couple family: Both parents working,88,58,30
S01009928,Couple family: One parent working,24,14,10
S01009928,Couple family: No parents working,6,4,2
S01009928,Lone parent family: Total,12,9,3
S01009928,Lone parent family: Parent working,9,7,2
S01009928,Lone parent family: Parent not working,3,2,1
S01009929,All parents aged 16 and over with dependent children,97,51,46
S01009929,Couple family: Total,92,48,44
S01009929,Couple family: Both parents working,74,44,30
S01009929,Couple family: One parent working,14,4,10
S01009929,Couple family: No parents working,4,0,4
S01009929,Lone parent family: Total,5,3,2
S01009929,Lone parent family: Parent working,4,2,2
S01009929,Lone parent family: Parent not working,1,1,0
S01009930,All parents aged 16 and over with dependent children,118,72,46
S01009930,Couple family: Total,104,62,42
S01009930,Couple family: Both parents working,70,48,22
S01009930,Couple family: One parent working,22,10,12
S01009930,Couple family: No parents working,12,4,8
S01009930,Lone parent family: Total,14,10,4
S01009930,Lone parent family: Parent working,6,3,3
S01009930,Lone parent family: Parent not working,8,7,1
S01009931,All parents aged 16 and over with dependent children,71,43,28
S01009931,Couple family: Total,56,30,26
S01009931,Couple family: Both parents working,48,28,20
S01009931,Couple family: One parent working,8,2,6
S01009931,Couple family: No parents working,0,0,0
S01009931,Lone parent family: Total,15,13,2
S01009931,Lone parent family: Parent working,11,10,1
S01009931,Lone parent family: Parent not working,4,3,1
S01009932,All parents aged 16 and over with dependent children,58,42,16
S01009932,Couple family: Total,46,36,10
S01009932,Couple family: Both parents working,36,26,10
S01009932,Couple family: One parent working,8,8,0
S01009932,Couple family: No parents working,2,2,0
S01009932,Lone parent family: Total,12,6,6
S01009932,Lone parent family: Parent working,12,6,6
S01009932,Lone parent family: Parent not working,0,0,0
S01009933,All parents aged 16 and over with dependent children,141,80,61
S01009933,Couple family: Total,88,48,40
S01009933,Couple family: Both parents working,40,30,10
S01009933,Couple family: One parent working,28,12,16
S01009933,Couple family: No parents working,20,6,14
S01009933,Lone parent family: Total,53,32,21
S01009933,Lone parent family: Parent working,17,11,6
S01009933,Lone parent family: Parent not working,36,21,15
S01009934,All parents aged 16 and over with dependent children,194,95,99
S01009934,Couple family: Total,170,80,90
S01009934,Couple family: Both parents working,118,64,54
S01009934,Couple family: One parent working,38,12,26
S01009934,Couple family: No parents working,14,4,10
S01009934,Lone parent family: Total,24,15,9
S01009934,Lone parent family: Parent working,13,10,3
S01009934,Lone parent family: Parent not working,11,5,6
S01009935,All parents aged 16 and over with dependent children,44,25,19
S01009935,Couple family: Total,22,12,10
S01009935,Couple family: Both parents working,18,10,8
S01009935,Couple family: One parent working,4,2,2
S01009935,Couple family: No parents working,0,0,0
S01009935,Lone parent family: Total,22,13,9
S01009935,Lone parent family: Parent working,8,5,3
S01009935,Lone parent family: Parent not working,14,8,6
S01009936,All parents aged 16 and over with dependent children,83,43,40
S01009936,Couple family: Total,64,26,38
S01009936,Couple family: Both parents working,32,10,22
S01009936,Couple family: One parent working,22,8,14
S01009936,Couple family: No parents working,10,8,2
S01009936,Lone parent family: Total,19,17,2
S01009936,Lone parent family: Parent working,16,14,2
S01009936,Lone parent family: Parent not working,3,3,0
S01009937,All parents aged 16 and over with dependent children,105,47,58
S01009937,Couple family: Total,56,24,32
S01009937,Couple family: Both parents working,26,18,8
S01009937,Couple family: One parent working,22,6,16
S01009937,Couple family: No parents working,8,0,8
S01009937,Lone parent family: Total,49,23,26
S01009937,Lone parent family: Parent working,13,6,7
S01009937,Lone parent family: Parent not working,36,17,19
S01009938,All parents aged 16 and over with dependent children,116,58,58
S01009938,Couple family: Total,66,26,40
S01009938,Couple family: Both parents working,38,20,18
S01009938,Couple family: One parent working,22,4,18
S01009938,Couple family: No parents working,6,2,4
S01009938,Lone parent family: Total,50,32,18
S01009938,Lone parent family: Parent working,22,15,7
S01009938,Lone parent family: Parent not working,28,17,11
S01009939,All parents aged 16 and over with dependent children,177,85,92
S01009939,Couple family: Total,84,28,56
S01009939,Couple family: Both parents working,18,6,12
S01009939,Couple family: One parent working,22,6,16
S01009939,Couple family: No parents working,44,16,28
S01009939,Lone parent family: Total,93,57,36
S01009939,Lone parent family: Parent working,34,22,12
S01009939,Lone parent family: Parent not working,59,35,24
S01009940,All parents aged 16 and over with dependent children,144,86,58
S01009940,Couple family: Total,62,36,26
S01009940,Couple family: Both parents working,28,14,14
S01009940,Couple family: One parent working,20,12,8
S01009940,Couple family: No parents working,14,10,4
S01009940,Lone parent family: Total,82,50,32
S01009940,Lone parent family: Parent working,43,28,15
S01009940,Lone parent family: Parent not working,39,22,17
S01009941,All parents aged 16 and over with dependent children,299,116,183
S01009941,Couple family: Total,268,102,166
S01009941,Couple family: Both parents working,146,64,82
S01009941,Couple family: One parent working,102,32,70
S01009941,Couple family: No parents working,20,6,14
S01009941,Lone parent family: Total,31,14,17
S01009941,Lone parent family: Parent working,22,9,13
S01009941,Lone parent family: Parent not working,9,5,4
S01009942,All parents aged 16 and over with dependent children,198,117,81
S01009942,Couple family: Total,124,66,58
S01009942,Couple family: Both parents working,68,42,26
S01009942,Couple family: One parent working,40,18,22
S01009942,Couple family: No parents working,16,6,10
S01009942,Lone parent family: Total,74,51,23
S01009942,Lone parent family: Parent working,44,31,13
S01009942,Lone parent family: Parent not working,30,20,10
S01009943,All parents aged 16 and over with dependent children,172,100,72
S01009943,Couple family: Total,92,46,46
S01009943,Couple family: Both parents working,48,26,22
S01009943,Couple family: One parent working,30,14,16
S01009943,Couple family: No parents working,14,6,8
S01009943,Lone parent family: Total,80,54,26
S01009943,Lone parent family: Parent working,37,29,8
S01009943,Lone parent family: Parent not working,43,25,18
S01009944,All parents aged 16 and over with dependent children,162,82,80
S01009944,Couple family: Total,108,48,60
S01009944,Couple family: Both parents working,64,28,36
S01009944,Couple family: One parent working,30,12,18
S01009944,Couple family: No parents working,14,8,6
S01009944,Lone parent family: Total,54,34,20
S01009944,Lone parent family: Parent working,30,14,16
S01009944,Lone parent family: Parent not working,24,20,4
S01009945,All parents aged 16 and over with dependent children,177,103,74
S01009945,Couple family: Total,96,52,44
S01009945,Couple family: Both parents working,58,36,22
S01009945,Couple family: One parent working,22,6,16
S01009945,Couple family: No parents working,16,10,6
S01009945,Lone parent family: Total,81,51,30
S01009945,Lone parent family: Parent working,42,33,9
S01009945,Lone parent family: Parent not working,39,18,21
S01009946,All parents aged 16 and over with dependent children,168,93,75
S01009946,Couple family: Total,124,70,54
S01009946,Couple family: Both parents working,70,34,36
S01009946,Couple family: One parent working,34,20,14
S01009946,Couple family: No parents working,20,16,4
S01009946,Lone parent family: Total,44,23,21
S01009946,Lone parent family: Parent working,25,12,13
S01009946,Lone parent family: Parent not working,19,11,8
S01009947,All parents aged 16 and over with dependent children,101,42,59
S01009947,Couple family: Total,80,28,52
S01009947,Couple family: Both parents working,52,20,32
S01009947,Couple family: One parent working,22,6,16
S01009947,Couple family: No parents working,6,2,4
S01009947,Lone parent family: Total,21,14,7
S01009947,Lone parent family: Parent working,11,10,1
S01009947,Lone parent family: Parent not working,10,4,6
S01009948,All parents aged 16 and over with dependent children,130,50,80
S01009948,Couple family: Total,76,32,44
S01009948,Couple family: Both parents working,38,22,16
S01009948,Couple family: One parent working,34,10,24
S01009948,Couple family: No parents working,4,0,4
S01009948,Lone parent family: Total,54,18,36
S01009948,Lone parent family: Parent working,25,7,18
S01009948,Lone parent family: Parent not working,29,11,18
S01009949,All parents aged 16 and over with dependent children,160,90,70
S01009949,Couple family: Total,114,60,54
S01009949,Couple family: Both parents working,72,48,24
S01009949,Couple family: One parent working,30,6,24
S01009949,Couple family: No parents working,12,6,6
S01009949,Lone parent family: Total,46,30,16
S01009949,Lone parent family: Parent working,32,23,9
S01009949,Lone parent family: Parent not working,14,7,7
S01009950,All parents aged 16 and over with dependent children,166,61,105
S01009950,Couple family: Total,158,58,100
S01009950,Couple family: Both parents working,106,38,68
S01009950,Couple family: One parent working,50,18,32
S01009950,Couple family: No parents working,2,2,0
S01009950,Lone parent family: Total,8,3,5
S01009950,Lone parent family: Parent working,5,2,3
S01009950,Lone parent family: Parent not working,3,1,2
S01009951,All parents aged 16 and over with dependent children,179,53,126
S01009951,Couple family: Total,168,46,122
S01009951,Couple family: Both parents working,110,22,88
S01009951,Couple family: One parent working,54,20,34
S01009951,Couple family: No parents working,4,4,0
S01009951,Lone parent family: Total,11,7,4
S01009951,Lone parent family: Parent working,7,5,2
S01009951,Lone parent family: Parent not working,4,2,2
S01009952,All parents aged 16 and over with dependent children,167,92,75
S01009952,Couple family: Total,148,80,68
S01009952,Couple family: Both parents working,104,56,48
S01009952,Couple family: One parent working,38,18,20
S01009952,Couple family: No parents working,6,6,0
S01009952,Lone parent family: Total,19,12,7
S01009952,Lone parent family: Parent working,12,10,2
S01009952,Lone parent family: Parent not working,7,2,5
S01009953,All parents aged 16 and over with dependent children,195,98,97
S01009953,Couple family: Total,176,86,90
S01009953,Couple family: Both parents working,128,56,72
S01009953,Couple family: One parent working,40,24,16
S01009953,Couple family: No parents working,8,6,2
S01009953,Lone parent family: Total,19,12,7
S01009953,Lone parent family: Parent working,14,10,4
S01009953,Lone parent family: Parent not working,5,2,3
S01009954,All parents aged 16 and over with dependent children,154,65,89
S01009954,Couple family: Total,142,56,86
S01009954,Couple family: Both parents working,84,30,54
S01009954,Couple family: One parent working,48,26,22
S01009954,Couple family: No parents working,10,0,10
S01009954,Lone parent family: Total,12,9,3
S01009954,Lone parent family: Parent working,8,6,2
S01009954,Lone parent family: Parent not working,4,3,1
S01009955,All parents aged 16 and over with dependent children,183,82,101
S01009955,Couple family: Total,154,62,92
S01009955,Couple family: Both parents working,102,46,56
S01009955,Couple family: One parent working,50,16,34
S01009955,Couple family: No parents working,2,0,2
S01009955,Lone parent family: Total,29,20,9
S01009955,Lone parent family: Parent working,14,11,3
S01009955,Lone parent family: Parent not working,15,9,6
S01009956,All parents aged 16 and over with dependent children,143,67,76
S01009956,Couple family: Total,100,40,60
S01009956,Couple family: Both parents working,46,24,22
S01009956,Couple family: One parent working,46,12,34
S01009956,Couple family: No parents working,8,4,4
S01009956,Lone parent family: Total,43,27,16
S01009956,Lone parent family: Parent working,28,17,11
S01009956,Lone parent family: Parent not working,15,10,5
S01009957,All parents aged 16 and over with dependent children,167,67,100
S01009957,Couple family: Total,160,64,96
S01009957,Couple family: Both parents working,134,52,82
S01009957,Couple family: One parent working,20,12,8
S01009957,Couple family: No parents working,6,0,6
S01009957,Lone parent family: Total,7,3,4
S01009957,Lone parent family: Parent working,6,3,3
S01009957,Lone parent family: Parent not working,1,0,1
S01009958,All parents aged 16 and over with dependent children,199,93,106
S01009958,Couple family: Total,182,84,98
S01009958,Couple family: Both parents working,160,76,84
S01009958,Couple family: One parent working,20,8,12
S01009958,Couple family: No parents working,2,0,2
S01009958,Lone parent family: Total,17,9,8
S01009958,Lone parent family: Parent working,14,8,6
S01009958,Lone parent family: Parent not working,3,1,2
S01009959,All parents aged 16 and over with dependent children,114,35,79
S01009959,Couple family: Total,104,28,76
S01009959,Couple family: Both parents working,72,18,54
S01009959,Couple family: One parent working,28,10,18
S01009959,Couple family: No parents working,4,0,4
S01009959,Lone parent family: Total,10,7,3
S01009959,Lone parent family: Parent working,7,7,0
S01009959,Lone parent family: Parent not working,3,0,3
S01009960,All parents aged 16 and over with dependent children,179,68,111
S01009960,Couple family: Total,164,58,106
S01009960,Couple family: Both parents working,130,44,86
S01009960,Couple family: One parent working,28,10,18
S01009960,Couple family: No parents working,6,4,2
S01009960,Lone parent family: Total,15,10,5
S01009960,Lone parent family: Parent working,11,8,3
S01009960,Lone parent family: Parent not working,4,2,2
S01009961,All parents aged 16 and over with dependent children,121,61,60
S01009961,Couple family: Total,106,54,52
S01009961,Couple family: Both parents working,70,38,32
S01009961,Couple family: One parent working,32,14,18
S01009961,Couple family: No parents working,4,2,2
S01009961,Lone parent family: Total,15,7,8
S01009961,Lone parent family: Parent working,6,3,3
S01009961,Lone parent family: Parent not working,9,4,5
S01009962,All parents aged 16 and over with dependent children,118,75,43
S01009962,Couple family: Total,82,44,38
S01009962,Couple family: Both parents working,50,32,18
S01009962,Couple family: One parent working,24,8,16
S01009962,Couple family: No parents working,8,4,4
S01009962,Lone parent family: Total,36,31,5
S01009962,Lone parent family: Parent working,20,18,2
S01009962,Lone parent family: Parent not working,16,13,3
S01009963,All parents aged 16 and over with dependent children,172,72,100
S01009963,Couple family: Total,158,64,94
S01009963,Couple family: Both parents working,126,54,72
S01009963,Couple family: One parent working,26,8,18
S01009963,Couple family: No parents working,6,2,4
S01009963,Lone parent family: Total,14,8,6
S01009963,Lone parent family: Parent working,10,5,5
S01009963,Lone parent family: Parent not working,4,3,1
S01009964,All parents aged 16 and over with dependent children,216,100,116
S01009964,Couple family: Total,192,86,106
S01009964,Couple family: Both parents working,154,72,82
S01009964,Couple family: One parent working,36,14,22
S01009964,Couple family: No parents working,2,0,2
S01009964,Lone parent family: Total,24,14,10
S01009964,Lone parent family: Parent working,13,10,3
S01009964,Lone parent family: Parent not working,11,4,7
S01009965,All parents aged 16 and over with dependent children,128,51,77
S01009965,Couple family: Total,116,40,76
S01009965,Couple family: Both parents working,90,32,58
S01009965,Couple family: One parent working,26,8,18
S01009965,Couple family: No parents working,0,0,0
S01009965,Lone parent family: Total,12,11,1
S01009965,Lone parent family: Parent working,10,9,1
S01009965,Lone parent family: Parent not working,2,2,0
S01009966,All parents aged 16 and over with dependent children,159,68,91
S01009966,Couple family: Total,142,58,84
S01009966,Couple family: Both parents working,110,46,64
S01009966,Couple family: One parent working,24,8,16
S01009966,Couple family: No parents working,8,4,4
S01009966,Lone parent family: Total,17,10,7
S01009966,Lone parent family: Parent working,11,7,4
S01009966,Lone parent family: Parent not working,6,3,3
S01009967,All parents aged 16 and over with dependent children,128,55,73
S01009967,Couple family: Total,114,46,68
S01009967,Couple family: Both parents working,92,42,50
S01009967,Couple family: One parent working,22,4,18
S01009967,Couple family: No parents working,0,0,0
S01009967,Lone parent family: Total,14,9,5
S01009967,Lone parent family: Parent working,12,7,5
S01009967,Lone parent family: Parent not working,2,2,0
S01009968,All parents aged 16 and over with dependent children,105,45,60
S01009968,Couple family: Total,92,40,52
S01009968,Couple family: Both parents working,66,26,40
S01009968,Couple family: One parent working,22,12,10
S01009968,Couple family: No parents working,4,2,2
S01009968,Lone parent family: Total,13,5,8
S01009968,Lone parent family: Parent working,9,4,5
S01009968,Lone parent family: Parent not working,4,1,3
S01009969,All parents aged 16 and over with dependent children,189,88,101
S01009969,Couple family: Total,168,80,88
S01009969,Couple family: Both parents working,126,62,64
S01009969,Couple family: One parent working,38,14,24
S01009969,Couple family: No parents working,4,4,0
S01009969,Lone parent family: Total,21,8,13
S01009969,Lone parent family: Parent working,17,7,10
S01009969,Lone parent family: Parent not working,4,1,3
S01009970,All parents aged 16 and over with dependent children,188,99,89
S01009970,Couple family: Total,92,38,54
S01009970,Couple family: Both parents working,56,32,24
S01009970,Couple family: One parent working,22,6,16
S01009970,Couple family: No parents working,14,0,14
S01009970,Lone parent family: Total,96,61,35
S01009970,Lone parent family: Parent working,37,24,13
S01009970,Lone parent family: Parent not working,59,37,22
S01009971,All parents aged 16 and over with dependent children,236,117,119
S01009971,Couple family: Total,160,80,80
S01009971,Couple family: Both parents working,94,48,46
S01009971,Couple family: One parent working,54,28,26
S01009971,Couple family: No parents working,12,4,8
S01009971,Lone parent family: Total,76,37,39
S01009971,Lone parent family: Parent working,30,15,15
S01009971,Lone parent family: Parent not working,46,22,24
S01009972,All parents aged 16 and over with dependent children,175,90,85
S01009972,Couple family: Total,134,70,64
S01009972,Couple family: Both parents working,104,62,42
S01009972,Couple family: One parent working,24,4,20
S01009972,Couple family: No parents working,6,4,2
S01009972,Lone parent family: Total,41,20,21
S01009972,Lone parent family: Parent working,21,13,8
S01009972,Lone parent family: Parent not working,20,7,13
S01009973,All parents aged 16 and over with dependent children,184,91,93
S01009973,Couple family: Total,136,54,82
S01009973,Couple family: Both parents working,108,46,62
S01009973,Couple family: One parent working,18,6,12
S01009973,Couple family: No parents working,10,2,8
S01009973,Lone parent family: Total,48,37,11
S01009973,Lone parent family: Parent working,30,25,5
S01009973,Lone parent family: Parent not working,18,12,6
S01009974,All parents aged 16 and over with dependent children,131,74,57
S01009974,Couple family: Total,64,32,32
S01009974,Couple family: Both parents working,30,18,12
S01009974,Couple family: One parent working,14,6,8
S01009974,Couple family: No parents working,20,8,12
S01009974,Lone parent family: Total,67,42,25
S01009974,Lone parent family: Parent working,33,24,9
S01009974,Lone parent family: Parent not working,34,18,16
S01009975,All parents aged 16 and over with dependent children,130,55,75
S01009975,Couple family: Total,56,20,36
S01009975,Couple family: Both parents working,16,4,12
S01009975,Couple family: One parent working,16,8,8
S01009975,Couple family: No parents working,24,8,16
S01009975,Lone parent family: Total,74,35,39
S01009975,Lone parent family: Parent working,29,18,11
S01009975,Lone parent family: Parent not working,45,17,28
S01009976,All parents aged 16 and over with dependent children,110,78,32
S01009976,Couple family: Total,58,42,16
S01009976,Couple family: Both parents working,34,28,6
S01009976,Couple family: One parent working,18,12,6
S01009976,Couple family: No parents working,6,2,4
S01009976,Lone parent family: Total,52,36,16
S01009976,Lone parent family: Parent working,28,22,6
S01009976,Lone parent family: Parent not working,24,14,10
S01009977,All parents aged 16 and over with dependent children,99,46,53
S01009977,Couple family: Total,46,16,30
S01009977,Couple family: Both parents working,12,6,6
S01009977,Couple family: One parent working,14,4,10
S01009977,Couple family: No parents working,20,6,14
S01009977,Lone parent family: Total,53,30,23
S01009977,Lone parent family: Parent working,23,11,12
S01009977,Lone parent family: Parent not working,30,19,11
S01009978,All parents aged 16 and over with dependent children,249,132,117
S01009978,Couple family: Total,154,78,76
S01009978,Couple family: Both parents working,82,40,42
S01009978,Couple family: One parent working,36,18,18
S01009978,Couple family: No parents working,36,20,16
S01009978,Lone parent family: Total,95,54,41
S01009978,Lone parent family: Parent working,46,28,18
S01009978,Lone parent family: Parent not working,49,26,23
S01009979,All parents aged 16 and over with dependent children,60,40,20
S01009979,Couple family: Total,30,24,6
S01009979,Couple family: Both parents working,20,16,4
S01009979,Couple family: One parent working,8,6,2
S01009979,Couple family: No parents working,2,2,0
S01009979,Lone parent family: Total,30,16,14
S01009979,Lone parent family: Parent working,11,5,6
S01009979,Lone parent family: Parent not working,19,11,8
S01009980,All parents aged 16 and over with dependent children,94,49,45
S01009980,Couple family: Total,44,22,22
S01009980,Couple family: Both parents working,20,14,6
S01009980,Couple family: One parent working,16,6,10
S01009980,Couple family: No parents working,8,2,6
S01009980,Lone parent family: Total,50,27,23
S01009980,Lone parent family: Parent working,22,14,8
S01009980,Lone parent family: Parent not working,28,13,15
S01009981,All parents aged 16 and over with dependent children,151,73,78
S01009981,Couple family: Total,90,34,56
S01009981,Couple family: Both parents working,40,28,12
S01009981,Couple family: One parent working,34,4,30
S01009981,Couple family: No parents working,16,2,14
S01009981,Lone parent family: Total,61,39,22
S01009981,Lone parent family: Parent working,34,21,13
S01009981,Lone parent family: Parent not working,27,18,9
S01009982,All parents aged 16 and over with dependent children,256,118,138
S01009982,Couple family: Total,154,60,94
S01009982,Couple family: Both parents working,104,44,60
S01009982,Couple family: One parent working,46,16,30
S01009982,Couple family: No parents working,4,0,4
S01009982,Lone parent family: Total,102,58,44
S01009982,Lone parent family: Parent working,60,29,31
S01009982,Lone parent family: Parent not working,42,29,13
S01009983,All parents aged 16 and over with dependent children,137,75,62
S01009983,Couple family: Total,58,22,36
S01009983,Couple family: Both parents working,18,4,14
S01009983,Couple family: One parent working,26,12,14
S01009983,Couple family: No parents working,14,6,8
S01009983,Lone parent family: Total,79,53,26
S01009983,Lone parent family: Parent working,37,24,13
S01009983,Lone parent family: Parent not working,42,29,13
S01009984,All parents aged 16 and over with dependent children,198,113,85
S01009984,Couple family: Total,144,82,62
S01009984,Couple family: Both parents working,110,66,44
S01009984,Couple family: One parent working,20,12,8
S01009984,Couple family: No parents working,14,4,10
S01009984,Lone parent family: Total,54,31,23
S01009984,Lone parent family: Parent working,26,16,10
S01009984,Lone parent family: Parent not working,28,15,13
S01009985,All parents aged 16 and over with dependent children,121,61,60
S01009985,Couple family: Total,64,28,36
S01009985,Couple family: Both parents working,18,12,6
S01009985,Couple family: One parent working,34,12,22
S01009985,Couple family: No parents working,12,4,8
S01009985,Lone parent family: Total,57,33,24
S01009985,Lone parent family: Parent working,20,12,8
S01009985,Lone parent family: Parent not working,37,21,16
S01009986,All parents aged 16 and over with dependent children,94,54,40
S01009986,Couple family: Total,38,22,16
S01009986,Couple family: Both parents working,14,12,2
S01009986,Couple family: One parent working,6,2,4
S01009986,Couple family: No parents working,18,8,10
S01009986,Lone parent family: Total,56,32,24
S01009986,Lone parent family: Parent working,20,13,7
S01009986,Lone parent family: Parent not working,36,19,17
S01009987,All parents aged 16 and over with dependent children,133,71,62
S01009987,Couple family: Total,82,40,42
S01009987,Couple family: Both parents working,46,28,18
S01009987,Couple family: One parent working,22,8,14
S01009987,Couple family: No parents working,14,4,10
S01009987,Lone parent family: Total,51,31,20
S01009987,Lone parent family: Parent working,35,22,13
S01009987,Lone parent family: Parent not working,16,9,7
S01009988,All parents aged 16 and over with dependent children,65,46,19
S01009988,Couple family: Total,34,22,12
S01009988,Couple family: Both parents working,10,10,0
S01009988,Couple family: One parent working,12,4,8
S01009988,Couple family: No parents working,12,8,4
S01009988,Lone parent family: Total,31,24,7
S01009988,Lone parent family: Parent working,11,8,3
S01009988,Lone parent family: Parent not working,20,16,4
S01009989,All parents aged 16 and over with dependent children,156,88,68
S01009989,Couple family: Total,108,54,54
S01009989,Couple family: Both parents working,78,40,38
S01009989,Couple family: One parent working,22,12,10
S01009989,Couple family: No parents working,8,2,6
S01009989,Lone parent family: Total,48,34,14
S01009989,Lone parent family: Parent working,30,22,8
S01009989,Lone parent family: Parent not working,18,12,6
S01009990,All parents aged 16 and over with dependent children,147,86,61
S01009990,Couple family: Total,94,52,42
S01009990,Couple family: Both parents working,78,46,32
S01009990,Couple family: One parent working,12,4,8
S01009990,Couple family: No parents working,4,2,2
S01009990,Lone parent family: Total,53,34,19
S01009990,Lone parent family: Parent working,33,20,13
S01009990,Lone parent family: Parent not working,20,14,6
S01009991,All parents aged 16 and over with dependent children,192,110,82
S01009991,Couple family: Total,130,78,52
S01009991,Couple family: Both parents working,90,58,32
S01009991,Couple family: One parent working,26,10,16
S01009991,Couple family: No parents working,14,10,4
S01009991,Lone parent family: Total,62,32,30
S01009991,Lone parent family: Parent working,41,24,17
S01009991,Lone parent family: Parent not working,21,8,13
S01009992,All parents aged 16 and over with dependent children,108,65,43
S01009992,Couple family: Total,54,30,24
S01009992,Couple family: Both parents working,24,14,10
S01009992,Couple family: One parent working,8,2,6
S01009992,Couple family: No parents working,22,14,8
S01009992,Lone parent family: Total,54,35,19
S01009992,Lone parent family: Parent working,27,20,7
S01009992,Lone parent family: Parent not working,27,15,12
S01009993,All parents aged 16 and over with dependent children,184,102,82
S01009993,Couple family: Total,140,80,60
S01009993,Couple family: Both parents working,98,60,38
S01009993,Couple family: One parent working,30,12,18
S01009993,Couple family: No parents working,12,8,4
S01009993,Lone parent family: Total,44,22,22
S01009993,Lone parent family: Parent working,24,12,12
S01009993,Lone parent family: Parent not working,20,10,10
S01009994,All parents aged 16 and over with dependent children,194,94,100
S01009994,Couple family: Total,138,68,70
S01009994,Couple family: Both parents working,94,56,38
S01009994,Couple family: One parent working,42,10,32
S01009994,Couple family: No parents working,2,2,0
S01009994,Lone parent family: Total,56,26,30
S01009994,Lone parent family: Parent working,31,15,16
S01009994,Lone parent family: Parent not working,25,11,14
S01009995,All parents aged 16 and over with dependent children,150,93,57
S01009995,Couple family: Total,112,72,40
S01009995,Couple family: Both parents working,82,50,32
S01009995,Couple family: One parent working,30,22,8
S01009995,Couple family: No parents working,0,0,0
S01009995,Lone parent family: Total,38,21,17
S01009995,Lone parent family: Parent working,24,15,9
S01009995,Lone parent family: Parent not working,14,6,8
S01009996,All parents aged 16 and over with dependent children,180,99,81
S01009996,Couple family: Total,110,60,50
S01009996,Couple family: Both parents working,64,38,26
S01009996,Couple family: One parent working,32,12,20
S01009996,Couple family: No parents working,14,10,4
S01009996,Lone parent family: Total,70,39,31
S01009996,Lone parent family: Parent working,37,24,13
S01009996,Lone parent family: Parent not working,33,15,18
S01009997,All parents aged 16 and over with dependent children,117,63,54
S01009997,Couple family: Total,90,46,44
S01009997,Couple family: Both parents working,62,32,30
S01009997,Couple family: One parent working,22,10,12
S01009997,Couple family: No parents working,6,4,2
S01009997,Lone parent family: Total,27,17,10
S01009997,Lone parent family: Parent working,14,10,4
S01009997,Lone parent family: Parent not working,13,7,6
S01009998,All parents aged 16 and over with dependent children,117,41,76
S01009998,Couple family: Total,108,36,72
S01009998,Couple family: Both parents working,60,18,42
S01009998,Couple family: One parent working,46,18,28
S01009998,Couple family: No parents working,2,0,2
S01009998,Lone parent family: Total,9,5,4
S01009998,Lone parent family: Parent working,6,3,3
S01009998,Lone parent family: Parent not working,3,2,1
S01009999,All parents aged 16 and over with dependent children,157,77,80
S01009999,Couple family: Total,126,58,68
S01009999,Couple family: Both parents working,86,40,46
S01009999,Couple family: One parent working,36,16,20
S01009999,Couple family: No parents working,4,2,2
S01009999,Lone parent family: Total,31,19,12
S01009999,Lone parent family: Parent working,16,8,8
S01009999,Lone parent family: Parent not working,15,11,4
S01010000,All parents aged 16 and over with dependent children,132,73,59
S01010000,Couple family: Total,90,48,42
S01010000,Couple family: Both parents working,54,32,22
S01010000,Couple family: One parent working,34,14,20
S01010000,Couple family: No parents working,2,2,0
S01010000,Lone parent family: Total,42,25,17
S01010000,Lone parent family: Parent working,28,19,9
S01010000,Lone parent family: Parent not working,14,6,8
S01010001,All parents aged 16 and over with dependent children,197,89,108
S01010001,Couple family: Total,140,52,88
S01010001,Couple family: Both parents working,100,42,58
S01010001,Couple family: One parent working,28,8,20
S01010001,Couple family: No parents working,12,2,10
S01010001,Lone parent family: Total,57,37,20
S01010001,Lone parent family: Parent working,25,19,6
S01010001,Lone parent family: Parent not working,32,18,14
S01010002,All parents aged 16 and over with dependent children,155,86,69
S01010002,Couple family: Total,104,52,52
S01010002,Couple family: Both parents working,54,18,36
S01010002,Couple family: One parent working,44,28,16
S01010002,Couple family: No parents working,6,6,0
S01010002,Lone parent family: Total,51,34,17
S01010002,Lone parent family: Parent working,33,24,9
S01010002,Lone parent family: Parent not working,18,10,8
S01010003,All parents aged 16 and over with dependent children,160,67,93
S01010003,Couple family: Total,136,58,78
S01010003,Couple family: Both parents working,112,50,62
S01010003,Couple family: One parent working,16,4,12
S01010003,Couple family: No parents working,8,4,4
S01010003,Lone parent family: Total,24,9,15
S01010003,Lone parent family: Parent working,16,6,10
S01010003,Lone parent family: Parent not working,8,3,5
S01010004,All parents aged 16 and over with dependent children,135,38,97
S01010004,Couple family: Total,130,36,94
S01010004,Couple family: Both parents working,104,26,78
S01010004,Couple family: One parent working,16,10,6
S01010004,Couple family: No parents working,10,0,10
S01010004,Lone parent family: Total,5,2,3
S01010004,Lone parent family: Parent working,2,1,1
S01010004,Lone parent family: Parent not working,3,1,2
S01010005,All parents aged 16 and over with dependent children,63,31,32
S01010005,Couple family: Total,42,20,22
S01010005,Couple family: Both parents working,22,14,8
S01010005,Couple family: One parent working,20,6,14
S01010005,Couple family: No parents working,0,0,0
S01010005,Lone parent family: Total,21,11,10
S01010005,Lone parent family: Parent working,13,8,5
S01010005,Lone parent family: Parent not working,8,3,5
S01010006,All parents aged 16 and over with dependent children,75,43,32
S01010006,Couple family: Total,48,24,24
S01010006,Couple family: Both parents working,16,16,0
S01010006,Couple family: One parent working,24,8,16
S01010006,Couple family: No parents working,8,0,8
S01010006,Lone parent family: Total,27,19,8
S01010006,Lone parent family: Parent working,12,10,2
S01010006,Lone parent family: Parent not working,15,9,6
S01010007,All parents aged 16 and over with dependent children,202,82,120
S01010007,Couple family: Total,182,68,114
S01010007,Couple family: Both parents working,138,50,88
S01010007,Couple family: One parent working,42,18,24
S01010007,Couple family: No parents working,2,0,2
S01010007,Lone parent family: Total,20,14,6
S01010007,Lone parent family: Parent working,14,9,5
S01010007,Lone parent family: Parent not working,6,5,1
S01010008,All parents aged 16 and over with dependent children,64,45,19
S01010008,Couple family: Total,46,32,14
S01010008,Couple family: Both parents working,24,18,6
S01010008,Couple family: One parent working,18,14,4
S01010008,Couple family: No parents working,4,0,4
S01010008,Lone parent family: Total,18,13,5
S01010008,Lone parent family: Parent working,13,10,3
S01010008,Lone parent family: Parent not working,5,3,2
S01010009,All parents aged 16 and over with dependent children,35,26,9
S01010009,Couple family: Total,28,20,8
S01010009,Couple family: Both parents working,16,14,2
S01010009,Couple family: One parent working,10,4,6
S01010009,Couple family: No parents working,2,2,0
S01010009,Lone parent family: Total,7,6,1
S01010009,Lone parent family: Parent working,3,3,0
S01010009,Lone parent family: Parent not working,4,3,1
S01010010,All parents aged 16 and over with dependent children,213,89,124
S01010010,Couple family: Total,194,78,116
S01010010,Couple family: Both parents working,154,66,88
S01010010,Couple family: One parent working,34,8,26
S01010010,Couple family: No parents working,6,4,2
S01010010,Lone parent family: Total,19,11,8
S01010010,Lone parent family: Parent working,12,8,4
S01010010,Lone parent family: Parent not working,7,3,4
S01010011,All parents aged 16 and over with dependent children,33,27,6
S01010011,Couple family: Total,20,16,4
S01010011,Couple family: Both parents working,16,14,2
S01010011,Couple family: One parent working,4,2,2
S01010011,Couple family: No parents working,0,0,0
S01010011,Lone parent family: Total,13,11,2
S01010011,Lone parent family: Parent working,7,5,2
S01010011,Lone parent family: Parent not working,6,6,0
S01010012,All parents aged 16 and over with dependent children,169,70,99
S01010012,Couple family: Total,137,52,85
S01010012,Couple family: Both parents working,92,30,62
S01010012,Couple family: One parent working,37,18,19
S01010012,Couple family: No parents working,8,4,4
S01010012,Lone parent family: Total,32,18,14
S01010012,Lone parent family: Parent working,18,11,7
S01010012,Lone parent family: Parent not working,14,7,7
S01010013,All parents aged 16 and over with dependent children,101,63,38
S01010013,Couple family: Total,76,42,34
S01010013,Couple family: Both parents working,64,40,24
S01010013,Couple family: One parent working,12,2,10
S01010013,Couple family: No parents working,0,0,0
S01010013,Lone parent family: Total,25,21,4
S01010013,Lone parent family: Parent working,18,17,1
S01010013,Lone parent family: Parent not working,7,4,3
S01010014,All parents aged 16 and over with dependent children,161,92,69
S01010014,Couple family: Total,148,80,68
S01010014,Couple family: Both parents working,100,66,34
S01010014,Couple family: One parent working,44,12,32
S01010014,Couple family: No parents working,4,2,2
S01010014,Lone parent family: Total,13,12,1
S01010014,Lone parent family: Parent working,9,8,1
S01010014,Lone parent family: Parent not working,4,4,0
S01010015,All parents aged 16 and over with dependent children,120,65,55
S01010015,Couple family: Total,94,50,44
S01010015,Couple family: Both parents working,56,26,30
S01010015,Couple family: One parent working,28,16,12
S01010015,Couple family: No parents working,10,8,2
S01010015,Lone parent family: Total,26,15,11
S01010015,Lone parent family: Parent working,13,8,5
S01010015,Lone parent family: Parent not working,13,7,6
S01010016,All parents aged 16 and over with dependent children,127,58,69
S01010016,Couple family: Total,104,46,58
S01010016,Couple family: Both parents working,72,36,36
S01010016,Couple family: One parent working,26,8,18
S01010016,Couple family: No parents working,6,2,4
S01010016,Lone parent family: Total,23,12,11
S01010016,Lone parent family: Parent working,14,9,5
S01010016,Lone parent family: Parent not working,9,3,6
S01010017,All parents aged 16 and over with dependent children,144,81,63
S01010017,Couple family: Total,76,46,30
S01010017,Couple family: Both parents working,40,18,22
S01010017,Couple family: One parent working,28,22,6
S01010017,Couple family: No parents working,8,6,2
S01010017,Lone parent family: Total,68,35,33
S01010017,Lone parent family: Parent working,37,21,16
S01010017,Lone parent family: Parent not working,31,14,17
S01010018,All parents aged 16 and over with dependent children,165,92,73
S01010018,Couple family: Total,116,54,62
S01010018,Couple family: Both parents working,64,34,30
S01010018,Couple family: One parent working,32,12,20
S01010018,Couple family: No parents working,20,8,12
S01010018,Lone parent family: Total,49,38,11
S01010018,Lone parent family: Parent working,32,28,4
S01010018,Lone parent family: Parent not working,17,10,7
S01010019,All parents aged 16 and over with dependent children,116,69,47
S01010019,Couple family: Total,34,16,18
S01010019,Couple family: Both parents working,18,12,6
S01010019,Couple family: One parent working,12,2,10
S01010019,Couple family: No parents working,4,2,2
S01010019,Lone parent family: Total,82,53,29
S01010019,Lone parent family: Parent working,43,30,13
S01010019,Lone parent family: Parent not working,39,23,16
S01010020,All parents aged 16 and over with dependent children,134,73,61
S01010020,Couple family: Total,100,48,52
S01010020,Couple family: Both parents working,72,38,34
S01010020,Couple family: One parent working,22,8,14
S01010020,Couple family: No parents working,6,2,4
S01010020,Lone parent family: Total,34,25,9
S01010020,Lone parent family: Parent working,25,21,4
S01010020,Lone parent family: Parent not working,9,4,5
S01010021,All parents aged 16 and over with dependent children,165,81,84
S01010021,Couple family: Total,92,32,60
S01010021,Couple family: Both parents working,24,10,14
S01010021,Couple family: One parent working,36,10,26
S01010021,Couple family: No parents working,32,12,20
S01010021,Lone parent family: Total,73,49,24
S01010021,Lone parent family: Parent working,29,23,6
S01010021,Lone parent family: Parent not working,44,26,18
S01010022,All parents aged 16 and over with dependent children,167,86,81
S01010022,Couple family: Total,106,50,56
S01010022,Couple family: Both parents working,54,28,26
S01010022,Couple family: One parent working,28,16,12
S01010022,Couple family: No parents working,24,6,18
S01010022,Lone parent family: Total,61,36,25
S01010022,Lone parent family: Parent working,20,10,10
S01010022,Lone parent family: Parent not working,41,26,15
S01010023,All parents aged 16 and over with dependent children,92,53,39
S01010023,Couple family: Total,40,24,16
S01010023,Couple family: Both parents working,18,12,6
S01010023,Couple family: One parent working,10,4,6
S01010023,Couple family: No parents working,12,8,4
S01010023,Lone parent family: Total,52,29,23
S01010023,Lone parent family: Parent working,18,13,5
S01010023,Lone parent family: Parent not working,34,16,18
S01010024,All parents aged 16 and over with dependent children,95,45,50
S01010024,Couple family: Total,48,20,28
S01010024,Couple family: Both parents working,20,8,12
S01010024,Couple family: One parent working,14,6,8
S01010024,Couple family: No parents working,14,6,8
S01010024,Lone parent family: Total,47,25,22
S01010024,Lone parent family: Parent working,23,10,13
S01010024,Lone parent family: Parent not working,24,15,9
S01010025,All parents aged 16 and over with dependent children,77,48,29
S01010025,Couple family: Total,48,28,20
S01010025,Couple family: Both parents working,24,20,4
S01010025,Couple family: One parent working,12,6,6
S01010025,Couple family: No parents working,12,2,10
S01010025,Lone parent family: Total,29,20,9
S01010025,Lone parent family: Parent working,10,7,3
S01010025,Lone parent family: Parent not working,19,13,6
S01010026,All parents aged 16 and over with dependent children,118,78,40
S01010026,Couple family: Total,66,40,26
S01010026,Couple family: Both parents working,36,20,16
S01010026,Couple family: One parent working,20,14,6
S01010026,Couple family: No parents working,10,6,4
S01010026,Lone parent family: Total,52,38,14
S01010026,Lone parent family: Parent working,23,15,8
S01010026,Lone parent family: Parent not working,29,23,6
S01010027,All parents aged 16 and over with dependent children,129,72,57
S01010027,Couple family: Total,80,44,36
S01010027,Couple family: Both parents working,48,34,14
S01010027,Couple family: One parent working,20,4,16
S01010027,Couple family: No parents working,12,6,6
S01010027,Lone parent family: Total,49,28,21
S01010027,Lone parent family: Parent working,25,15,10
S01010027,Lone parent family: Parent not working,24,13,11
S01010028,All parents aged 16 and over with dependent children,85,50,35
S01010028,Couple family: Total,44,24,20
S01010028,Couple family: Both parents working,26,14,12
S01010028,Couple family: One parent working,12,6,6
S01010028,Couple family: No parents working,6,4,2
S01010028,Lone parent family: Total,41,26,15
S01010028,Lone parent family: Parent working,22,16,6
S01010028,Lone parent family: Parent not working,19,10,9
S01010029,All parents aged 16 and over with dependent children,84,44,40
S01010029,Couple family: Total,44,18,26
S01010029,Couple family: Both parents working,12,4,8
S01010029,Couple family: One parent working,16,4,12
S01010029,Couple family: No parents working,16,10,6
S01010029,Lone parent family: Total,40,26,14
S01010029,Lone parent family: Parent working,26,18,8
S01010029,Lone parent family: Parent not working,14,8,6
S01010030,All parents aged 16 and over with dependent children,117,67,50
S01010030,Couple family: Total,80,44,36
S01010030,Couple family: Both parents working,50,28,22
S01010030,Couple family: One parent working,20,8,12
S01010030,Couple family: No parents working,10,8,2
S01010030,Lone parent family: Total,37,23,14
S01010030,Lone parent family: Parent working,22,14,8
S01010030,Lone parent family: Parent not working,15,9,6
S01010031,All parents aged 16 and over with dependent children,33,25,8
S01010031,Couple family: Total,26,20,6
S01010031,Couple family: Both parents working,18,16,2
S01010031,Couple family: One parent working,6,4,2
S01010031,Couple family: No parents working,2,0,2
S01010031,Lone parent family: Total,7,5,2
S01010031,Lone parent family: Parent working,0,0,0
S01010031,Lone parent family: Parent not working,7,5,2
S01010032,All parents aged 16 and over with dependent children,49,33,16
S01010032,Couple family: Total,42,30,12
S01010032,Couple family: Both parents working,18,14,4
S01010032,Couple family: One parent working,12,8,4
S01010032,Couple family: No parents working,12,8,4
S01010032,Lone parent family: Total,7,3,4
S01010032,Lone parent family: Parent working,3,1,2
S01010032,Lone parent family: Parent not working,4,2,2
S01010033,All parents aged 16 and over with dependent children,146,65,81
S01010033,Couple family: Total,116,42,74
S01010033,Couple family: Both parents working,20,18,2
S01010033,Couple family: One parent working,66,18,48
S01010033,Couple family: No parents working,30,6,24
S01010033,Lone parent family: Total,30,23,7
S01010033,Lone parent family: Parent working,15,10,5
S01010033,Lone parent family: Parent not working,15,13,2
S01010034,All parents aged 16 and over with dependent children,102,63,39
S01010034,Couple family: Total,56,32,24
S01010034,Couple family: Both parents working,22,16,6
S01010034,Couple family: One parent working,22,12,10
S01010034,Couple family: No parents working,12,4,8
S01010034,Lone parent family: Total,46,31,15
S01010034,Lone parent family: Parent working,21,16,5
S01010034,Lone parent family: Parent not working,25,15,10
S01010035,All parents aged 16 and over with dependent children,99,40,59
S01010035,Couple family: Total,56,14,42
S01010035,Couple family: Both parents working,10,2,8
S01010035,Couple family: One parent working,30,6,24
S01010035,Couple family: No parents working,16,6,10
S01010035,Lone parent family: Total,43,26,17
S01010035,Lone parent family: Parent working,18,11,7
S01010035,Lone parent family: Parent not working,25,15,10
S01010036,All parents aged 16 and over with dependent children,42,27,15
S01010036,Couple family: Total,32,20,12
S01010036,Couple family: Both parents working,8,6,2
S01010036,Couple family: One parent working,16,8,8
S01010036,Couple family: No parents working,8,6,2
S01010036,Lone parent family: Total,10,7,3
S01010036,Lone parent family: Parent working,1,1,0
S01010036,Lone parent family: Parent not working,9,6,3
S01010037,All parents aged 16 and over with dependent children,85,51,34
S01010037,Couple family: Total,52,26,26
S01010037,Couple family: Both parents working,22,14,8
S01010037,Couple family: One parent working,24,8,16
S01010037,Couple family: No parents working,6,4,2
S01010037,Lone parent family: Total,33,25,8
S01010037,Lone parent family: Parent working,16,11,5
S01010037,Lone parent family: Parent not working,17,14,3
S01010038,All parents aged 16 and over with dependent children,128,83,45
S01010038,Couple family: Total,70,52,18
S01010038,Couple family: Both parents working,46,36,10
S01010038,Couple family: One parent working,14,12,2
S01010038,Couple family: No parents working,10,4,6
S01010038,Lone parent family: Total,58,31,27
S01010038,Lone parent family: Parent working,32,18,14
S01010038,Lone parent family: Parent not working,26,13,13
S01010039,All parents aged 16 and over with dependent children,52,45,7
S01010039,Couple family: Total,44,40,4
S01010039,Couple family: Both parents working,34,30,4
S01010039,Couple family: One parent working,8,8,0
S01010039,Couple family: No parents working,2,2,0
S01010039,Lone parent family: Total,8,5,3
S01010039,Lone parent family: Parent working,2,1,1
S01010039,Lone parent family: Parent not working,6,4,2
S01010040,All parents aged 16 and over with dependent children,77,46,31
S01010040,Couple family: Total,48,24,24
S01010040,Couple family: Both parents working,28,18,10
S01010040,Couple family: One parent working,18,4,14
S01010040,Couple family: No parents working,2,2,0
S01010040,Lone parent family: Total,29,22,7
S01010040,Lone parent family: Parent working,18,12,6
S01010040,Lone parent family: Parent not working,11,10,1
S01010041,All parents aged 16 and over with dependent children,21,16,5
S01010041,Couple family: Total,10,6,4
S01010041,Couple family: Both parents working,6,6,0
S01010041,Couple family: One parent working,2,0,2
S01010041,Couple family: No parents working,2,0,2
S01010041,Lone parent family: Total,11,10,1
S01010041,Lone parent family: Parent working,7,6,1
S01010041,Lone parent family: Parent not working,4,4,0
S01010042,All parents aged 16 and over with dependent children,143,104,39
S01010042,Couple family: Total,100,68,32
S01010042,Couple family: Both parents working,50,34,16
S01010042,Couple family: One parent working,36,28,8
S01010042,Couple family: No parents working,14,6,8
S01010042,Lone parent family: Total,43,36,7
S01010042,Lone parent family: Parent working,23,20,3
S01010042,Lone parent family: Parent not working,20,16,4
S01010043,All parents aged 16 and over with dependent children,118,74,44
S01010043,Couple family: Total,64,36,28
S01010043,Couple family: Both parents working,26,18,8
S01010043,Couple family: One parent working,22,10,12
S01010043,Couple family: No parents working,16,8,8
S01010043,Lone parent family: Total,54,38,16
S01010043,Lone parent family: Parent working,25,21,4
S01010043,Lone parent family: Parent not working,29,17,12
S01010044,All parents aged 16 and over with dependent children,161,104,57
S01010044,Couple family: Total,106,66,40
S01010044,Couple family: Both parents working,50,32,18
S01010044,Couple family: One parent working,44,30,14
S01010044,Couple family: No parents working,12,4,8
S01010044,Lone parent family: Total,55,38,17
S01010044,Lone parent family: Parent working,28,17,11
S01010044,Lone parent family: Parent not working,27,21,6
S01010045,All parents aged 16 and over with dependent children,92,40,52
S01010045,Couple family: Total,36,18,18
S01010045,Couple family: Both parents working,12,8,4
S01010045,Couple family: One parent working,6,2,4
S01010045,Couple family: No parents working,18,8,10
S01010045,Lone parent family: Total,56,22,34
S01010045,Lone parent family: Parent working,22,8,14
S01010045,Lone parent family: Parent not working,34,14,20
S01010046,All parents aged 16 and over with dependent children,104,68,36
S01010046,Couple family: Total,58,38,20
S01010046,Couple family: Both parents working,24,22,2
S01010046,Couple family: One parent working,16,8,8
S01010046,Couple family: No parents working,18,8,10
S01010046,Lone parent family: Total,46,30,16
S01010046,Lone parent family: Parent working,23,19,4
S01010046,Lone parent family: Parent not working,23,11,12
S01010047,All parents aged 16 and over with dependent children,113,67,46
S01010047,Couple family: Total,48,24,24
S01010047,Couple family: Both parents working,30,16,14
S01010047,Couple family: One parent working,6,4,2
S01010047,Couple family: No parents working,12,4,8
S01010047,Lone parent family: Total,65,43,22
S01010047,Lone parent family: Parent working,27,18,9
S01010047,Lone parent family: Parent not working,38,25,13
S01010048,All parents aged 16 and over with dependent children,143,87,56
S01010048,Couple family: Total,74,36,38
S01010048,Couple family: Both parents working,42,22,20
S01010048,Couple family: One parent working,22,6,16
S01010048,Couple family: No parents working,10,8,2
S01010048,Lone parent family: Total,69,51,18
S01010048,Lone parent family: Parent working,33,27,6
S01010048,Lone parent family: Parent not working,36,24,12
S01010049,All parents aged 16 and over with dependent children,169,92,77
S01010049,Couple family: Total,86,48,38
S01010049,Couple family: Both parents working,44,26,18
S01010049,Couple family: One parent working,22,10,12
S01010049,Couple family: No parents working,20,12,8
S01010049,Lone parent family: Total,83,44,39
S01010049,Lone parent family: Parent working,28,13,15
S01010049,Lone parent family: Parent not working,55,31,24
S01010050,All parents aged 16 and over with dependent children,147,88,59
S01010050,Couple family: Total,46,20,26
S01010050,Couple family: Both parents working,20,8,12
S01010050,Couple family: One parent working,14,8,6
S01010050,Couple family: No parents working,12,4,8
S01010050,Lone parent family: Total,101,68,33
S01010050,Lone parent family: Parent working,48,39,9
S01010050,Lone parent family: Parent not working,53,29,24
S01010051,All parents aged 16 and over with dependent children,88,59,29
S01010051,Couple family: Total,30,18,12
S01010051,Couple family: Both parents working,22,12,10
S01010051,Couple family: One parent working,6,4,2
S01010051,Couple family: No parents working,2,2,0
S01010051,Lone parent family: Total,58,41,17
S01010051,Lone parent family: Parent working,19,15,4
S01010051,Lone parent family: Parent not working,39,26,13
S01010052,All parents aged 16 and over with dependent children,86,54,32
S01010052,Couple family: Total,42,28,14
S01010052,Couple family: Both parents working,20,18,2
S01010052,Couple family: One parent working,18,8,10
S01010052,Couple family: No parents working,4,2,2
S01010052,Lone parent family: Total,44,26,18
S01010052,Lone parent family: Parent working,14,10,4
S01010052,Lone parent family: Parent not working,30,16,14
S01010053,All parents aged 16 and over with dependent children,144,78,66
S01010053,Couple family: Total,84,40,44
S01010053,Couple family: Both parents working,28,20,8
S01010053,Couple family: One parent working,36,16,20
S01010053,Couple family: No parents working,20,4,16
S01010053,Lone parent family: Total,60,38,22
S01010053,Lone parent family: Parent working,20,14,6
S01010053,Lone parent family: Parent not working,40,24,16
S01010054,All parents aged 16 and over with dependent children,128,71,57
S01010054,Couple family: Total,56,28,28
S01010054,Couple family: Both parents working,20,12,8
S01010054,Couple family: One parent working,22,12,10
S01010054,Couple family: No parents working,14,4,10
S01010054,Lone parent family: Total,72,43,29
S01010054,Lone parent family: Parent working,26,17,9
S01010054,Lone parent family: Parent not working,46,26,20
S01010055,All parents aged 16 and over with dependent children,164,88,76
S01010055,Couple family: Total,96,46,50
S01010055,Couple family: Both parents working,62,38,24
S01010055,Couple family: One parent working,22,8,14
S01010055,Couple family: No parents working,12,0,12
S01010055,Lone parent family: Total,68,42,26
S01010055,Lone parent family: Parent working,31,23,8
S01010055,Lone parent family: Parent not working,37,19,18
S01010056,All parents aged 16 and over with dependent children,94,53,41
S01010056,Couple family: Total,56,28,28
S01010056,Couple family: Both parents working,22,14,8
S01010056,Couple family: One parent working,24,14,10
S01010056,Couple family: No parents working,10,0,10
S01010056,Lone parent family: Total,38,25,13
S01010056,Lone parent family: Parent working,14,12,2
S01010056,Lone parent family: Parent not working,24,13,11
S01010057,All parents aged 16 and over with dependent children,86,60,26
S01010057,Couple family: Total,52,36,16
S01010057,Couple family: Both parents working,28,20,8
S01010057,Couple family: One parent working,10,6,4
S01010057,Couple family: No parents working,14,10,4
S01010057,Lone parent family: Total,34,24,10
S01010057,Lone parent family: Parent working,19,15,4
S01010057,Lone parent family: Parent not working,15,9,6
S01010058,All parents aged 16 and over with dependent children,150,87,63
S01010058,Couple family: Total,76,44,32
S01010058,Couple family: Both parents working,42,28,14
S01010058,Couple family: One parent working,16,6,10
S01010058,Couple family: No parents working,18,10,8
S01010058,Lone parent family: Total,74,43,31
S01010058,Lone parent family: Parent working,29,16,13
S01010058,Lone parent family: Parent not working,45,27,18
S01010059,All parents aged 16 and over with dependent children,87,65,22
S01010059,Couple family: Total,50,36,14
S01010059,Couple family: Both parents working,26,18,8
S01010059,Couple family: One parent working,18,12,6
S01010059,Couple family: No parents working,6,6,0
S01010059,Lone parent family: Total,37,29,8
S01010059,Lone parent family: Parent working,25,21,4
S01010059,Lone parent family: Parent not working,12,8,4
S01010060,All parents aged 16 and over with dependent children,156,104,52
S01010060,Couple family: Total,100,66,34
S01010060,Couple family: Both parents working,52,38,14
S01010060,Couple family: One parent working,40,24,16
S01010060,Couple family: No parents working,8,4,4
S01010060,Lone parent family: Total,56,38,18
S01010060,Lone parent family: Parent working,23,19,4
S01010060,Lone parent family: Parent not working,33,19,14
S01010061,All parents aged 16 and over with dependent children,112,77,35
S01010061,Couple family: Total,82,62,20
S01010061,Couple family: Both parents working,64,48,16
S01010061,Couple family: One parent working,12,10,2
S01010061,Couple family: No parents working,6,4,2
S01010061,Lone parent family: Total,30,15,15
S01010061,Lone parent family: Parent working,19,11,8
S01010061,Lone parent family: Parent not working,11,4,7
S01010062,All parents aged 16 and over with dependent children,154,85,69
S01010062,Couple family: Total,94,44,50
S01010062,Couple family: Both parents working,48,22,26
S01010062,Couple family: One parent working,26,10,16
S01010062,Couple family: No parents working,20,12,8
S01010062,Lone parent family: Total,60,41,19
S01010062,Lone parent family: Parent working,31,22,9
S01010062,Lone parent family: Parent not working,29,19,10
S01010063,All parents aged 16 and over with dependent children,136,95,41
S01010063,Couple family: Total,62,42,20
S01010063,Couple family: Both parents working,32,28,4
S01010063,Couple family: One parent working,24,8,16
S01010063,Couple family: No parents working,6,6,0
S01010063,Lone parent family: Total,74,53,21
S01010063,Lone parent family: Parent working,34,26,8
S01010063,Lone parent family: Parent not working,40,27,13
S01010064,All parents aged 16 and over with dependent children,113,63,50
S01010064,Couple family: Total,70,32,38
S01010064,Couple family: Both parents working,40,18,22
S01010064,Couple family: One parent working,16,4,12
S01010064,Couple family: No parents working,14,10,4
S01010064,Lone parent family: Total,43,31,12
S01010064,Lone parent family: Parent working,22,16,6
S01010064,Lone parent family: Parent not working,21,15,6
S01010065,All parents aged 16 and over with dependent children,126,79,47
S01010065,Couple family: Total,60,36,24
S01010065,Couple family: Both parents working,28,24,4
S01010065,Couple family: One parent working,16,8,8
S01010065,Couple family: No parents working,16,4,12
S01010065,Lone parent family: Total,66,43,23
S01010065,Lone parent family: Parent working,30,19,11
S01010065,Lone parent family: Parent not working,36,24,12
S01010066,All parents aged 16 and over with dependent children,168,114,54
S01010066,Couple family: Total,88,52,36
S01010066,Couple family: Both parents working,38,26,12
S01010066,Couple family: One parent working,28,12,16
S01010066,Couple family: No parents working,22,14,8
S01010066,Lone parent family: Total,80,62,18
S01010066,Lone parent family: Parent working,36,30,6
S01010066,Lone parent family: Parent not working,44,32,12
S01010067,All parents aged 16 and over with dependent children,121,78,43
S01010067,Couple family: Total,48,36,12
S01010067,Couple family: Both parents working,20,18,2
S01010067,Couple family: One parent working,18,14,4
S01010067,Couple family: No parents working,10,4,6
S01010067,Lone parent family: Total,73,42,31
S01010067,Lone parent family: Parent working,29,17,12
S01010067,Lone parent family: Parent not working,44,25,19
S01010068,All parents aged 16 and over with dependent children,109,64,45
S01010068,Couple family: Total,80,50,30
S01010068,Couple family: Both parents working,36,28,8
S01010068,Couple family: One parent working,36,20,16
S01010068,Couple family: No parents working,8,2,6
S01010068,Lone parent family: Total,29,14,15
S01010068,Lone parent family: Parent working,11,7,4
S01010068,Lone parent family: Parent not working,18,7,11
S01010069,All parents aged 16 and over with dependent children,169,90,79
S01010069,Couple family: Total,140,72,68
S01010069,Couple family: Both parents working,114,64,50
S01010069,Couple family: One parent working,22,6,16
S01010069,Couple family: No parents working,4,2,2
S01010069,Lone parent family: Total,29,18,11
S01010069,Lone parent family: Parent working,22,14,8
S01010069,Lone parent family: Parent not working,7,4,3
S01010070,All parents aged 16 and over with dependent children,150,80,70
S01010070,Couple family: Total,126,64,62
S01010070,Couple family: Both parents working,106,52,54
S01010070,Couple family: One parent working,18,10,8
S01010070,Couple family: No parents working,2,2,0
S01010070,Lone parent family: Total,24,16,8
S01010070,Lone parent family: Parent working,18,12,6
S01010070,Lone parent family: Parent not working,6,4,2
S01010071,All parents aged 16 and over with dependent children,141,70,71
S01010071,Couple family: Total,106,46,60
S01010071,Couple family: Both parents working,70,28,42
S01010071,Couple family: One parent working,28,12,16
S01010071,Couple family: No parents working,8,6,2
S01010071,Lone parent family: Total,35,24,11
S01010071,Lone parent family: Parent working,27,17,10
S01010071,Lone parent family: Parent not working,8,7,1
S01010072,All parents aged 16 and over with dependent children,143,88,55
S01010072,Couple family: Total,116,68,48
S01010072,Couple family: Both parents working,90,58,32
S01010072,Couple family: One parent working,24,10,14
S01010072,Couple family: No parents working,2,0,2
S01010072,Lone parent family: Total,27,20,7
S01010072,Lone parent family: Parent working,20,15,5
S01010072,Lone parent family: Parent not working,7,5,2
S01010073,All parents aged 16 and over with dependent children,150,86,64
S01010073,Couple family: Total,128,74,54
S01010073,Couple family: Both parents working,110,60,50
S01010073,Couple family: One parent working,18,14,4
S01010073,Couple family: No parents working,0,0,0
S01010073,Lone parent family: Total,22,12,10
S01010073,Lone parent family: Parent working,18,11,7
S01010073,Lone parent family: Parent not working,4,1,3
S01010074,All parents aged 16 and over with dependent children,116,67,49
S01010074,Couple family: Total,94,52,42
S01010074,Couple family: Both parents working,60,42,18
S01010074,Couple family: One parent working,34,10,24
S01010074,Couple family: No parents working,0,0,0
S01010074,Lone parent family: Total,22,15,7
S01010074,Lone parent family: Parent working,12,9,3
S01010074,Lone parent family: Parent not working,10,6,4
S01010075,All parents aged 16 and over with dependent children,93,50,43
S01010075,Couple family: Total,64,32,32
S01010075,Couple family: Both parents working,38,26,12
S01010075,Couple family: One parent working,18,4,14
S01010075,Couple family: No parents working,8,2,6
S01010075,Lone parent family: Total,29,18,11
S01010075,Lone parent family: Parent working,17,11,6
S01010075,Lone parent family: Parent not working,12,7,5
S01010076,All parents aged 16 and over with dependent children,139,77,62
S01010076,Couple family: Total,102,56,46
S01010076,Couple family: Both parents working,68,42,26
S01010076,Couple family: One parent working,24,10,14
S01010076,Couple family: No parents working,10,4,6
S01010076,Lone parent family: Total,37,21,16
S01010076,Lone parent family: Parent working,27,13,14
S01010076,Lone parent family: Parent not working,10,8,2
S01010077,All parents aged 16 and over with dependent children,106,56,50
S01010077,Couple family: Total,66,36,30
S01010077,Couple family: Both parents working,36,28,8
S01010077,Couple family: One parent working,20,4,16
S01010077,Couple family: No parents working,10,4,6
S01010077,Lone parent family: Total,40,20,20
S01010077,Lone parent family: Parent working,25,12,13
S01010077,Lone parent family: Parent not working,15,8,7
S01010078,All parents aged 16 and over with dependent children,145,61,84
S01010078,Couple family: Total,134,56,78
S01010078,Couple family: Both parents working,96,46,50
S01010078,Couple family: One parent working,32,8,24
S01010078,Couple family: No parents working,6,2,4
S01010078,Lone parent family: Total,11,5,6
S01010078,Lone parent family: Parent working,8,3,5
S01010078,Lone parent family: Parent not working,3,2,1
S01010079,All parents aged 16 and over with dependent children,175,72,103
S01010079,Couple family: Total,162,64,98
S01010079,Couple family: Both parents working,122,44,78
S01010079,Couple family: One parent working,36,16,20
S01010079,Couple family: No parents working,4,4,0
S01010079,Lone parent family: Total,13,8,5
S01010079,Lone parent family: Parent working,12,8,4
S01010079,Lone parent family: Parent not working,1,0,1
S01010080,All parents aged 16 and over with dependent children,108,58,50
S01010080,Couple family: Total,102,54,48
S01010080,Couple family: Both parents working,82,44,38
S01010080,Couple family: One parent working,18,8,10
S01010080,Couple family: No parents working,2,2,0
S01010080,Lone parent family: Total,6,4,2
S01010080,Lone parent family: Parent working,5,4,1
S01010080,Lone parent family: Parent not working,1,0,1
S01010081,All parents aged 16 and over with dependent children,112,71,41
S01010081,Couple family: Total,98,62,36
S01010081,Couple family: Both parents working,82,50,32
S01010081,Couple family: One parent working,16,12,4
S01010081,Couple family: No parents working,0,0,0
S01010081,Lone parent family: Total,14,9,5
S01010081,Lone parent family: Parent working,11,7,4
S01010081,Lone parent family: Parent not working,3,2,1
S01010082,All parents aged 16 and over with dependent children,143,81,62
S01010082,Couple family: Total,106,60,46
S01010082,Couple family: Both parents working,94,56,38
S01010082,Couple family: One parent working,12,4,8
S01010082,Couple family: No parents working,0,0,0
S01010082,Lone parent family: Total,37,21,16
S01010082,Lone parent family: Parent working,21,13,8
S01010082,Lone parent family: Parent not working,16,8,8
S01010083,All parents aged 16 and over with dependent children,116,57,59
S01010083,Couple family: Total,76,32,44
S01010083,Couple family: Both parents working,40,18,22
S01010083,Couple family: One parent working,18,4,14
S01010083,Couple family: No parents working,18,10,8
S01010083,Lone parent family: Total,40,25,15
S01010083,Lone parent family: Parent working,25,17,8
S01010083,Lone parent family: Parent not working,15,8,7
S01010084,All parents aged 16 and over with dependent children,145,86,59
S01010084,Couple family: Total,94,46,48
S01010084,Couple family: Both parents working,52,26,26
S01010084,Couple family: One parent working,34,16,18
S01010084,Couple family: No parents working,8,4,4
S01010084,Lone parent family: Total,51,40,11
S01010084,Lone parent family: Parent working,34,29,5
S01010084,Lone parent family: Parent not working,17,11,6
S01010085,All parents aged 16 and over with dependent children,141,65,76
S01010085,Couple family: Total,130,58,72
S01010085,Couple family: Both parents working,96,38,58
S01010085,Couple family: One parent working,26,16,10
S01010085,Couple family: No parents working,8,4,4
S01010085,Lone parent family: Total,11,7,4
S01010085,Lone parent family: Parent working,5,3,2
S01010085,Lone parent family: Parent not working,6,4,2
S01010086,All parents aged 16 and over with dependent children,165,105,60
S01010086,Couple family: Total,110,70,40
S01010086,Couple family: Both parents working,54,32,22
S01010086,Couple family: One parent working,38,24,14
S01010086,Couple family: No parents working,18,14,4
S01010086,Lone parent family: Total,55,35,20
S01010086,Lone parent family: Parent working,24,13,11
S01010086,Lone parent family: Parent not working,31,22,9
S01010087,All parents aged 16 and over with dependent children,104,54,50
S01010087,Couple family: Total,98,48,50
S01010087,Couple family: Both parents working,86,42,44
S01010087,Couple family: One parent working,10,4,6
S01010087,Couple family: No parents working,2,2,0
S01010087,Lone parent family: Total,6,6,0
S01010087,Lone parent family: Parent working,3,3,0
S01010087,Lone parent family: Parent not working,3,3,0
S01010088,All parents aged 16 and over with dependent children,263,127,136
S01010088,Couple family: Total,238,114,124
S01010088,Couple family: Both parents working,190,92,98
S01010088,Couple family: One parent working,42,20,22
S01010088,Couple family: No parents working,6,2,4
S01010088,Lone parent family: Total,25,13,12
S01010088,Lone parent family: Parent working,19,9,10
S01010088,Lone parent family: Parent not working,6,4,2
S01010089,All parents aged 16 and over with dependent children,97,60,37
S01010089,Couple family: Total,76,42,34
S01010089,Couple family: Both parents working,46,22,24
S01010089,Couple family: One parent working,20,12,8
S01010089,Couple family: No parents working,10,8,2
S01010089,Lone parent family: Total,21,18,3
S01010089,Lone parent family: Parent working,14,12,2
S01010089,Lone parent family: Parent not working,7,6,1
S01010090,All parents aged 16 and over with dependent children,267,136,131
S01010090,Couple family: Total,220,102,118
S01010090,Couple family: Both parents working,184,82,102
S01010090,Couple family: One parent working,32,20,12
S01010090,Couple family: No parents working,4,0,4
S01010090,Lone parent family: Total,47,34,13
S01010090,Lone parent family: Parent working,34,24,10
S01010090,Lone parent family: Parent not working,13,10,3
S01010091,All parents aged 16 and over with dependent children,233,118,115
S01010091,Couple family: Total,200,98,102
S01010091,Couple family: Both parents working,158,74,84
S01010091,Couple family: One parent working,34,20,14
S01010091,Couple family: No parents working,8,4,4
S01010091,Lone parent family: Total,33,20,13
S01010091,Lone parent family: Parent working,23,15,8
S01010091,Lone parent family: Parent not working,10,5,5
S01010092,All parents aged 16 and over with dependent children,170,93,77
S01010092,Couple family: Total,114,62,52
S01010092,Couple family: Both parents working,64,38,26
S01010092,Couple family: One parent working,32,16,16
S01010092,Couple family: No parents working,18,8,10
S01010092,Lone parent family: Total,56,31,25
S01010092,Lone parent family: Parent working,24,16,8
S01010092,Lone parent family: Parent not working,32,15,17
S01010093,All parents aged 16 and over with dependent children,182,112,70
S01010093,Couple family: Total,136,78,58
S01010093,Couple family: Both parents working,108,62,46
S01010093,Couple family: One parent working,28,16,12
S01010093,Couple family: No parents working,0,0,0
S01010093,Lone parent family: Total,46,34,12
S01010093,Lone parent family: Parent working,32,25,7
S01010093,Lone parent family: Parent not working,14,9,5
S01010094,All parents aged 16 and over with dependent children,138,64,74
S01010094,Couple family: Total,110,48,62
S01010094,Couple family: Both parents working,86,40,46
S01010094,Couple family: One parent working,18,8,10
S01010094,Couple family: No parents working,6,0,6
S01010094,Lone parent family: Total,28,16,12
S01010094,Lone parent family: Parent working,25,15,10
S01010094,Lone parent family: Parent not working,3,1,2
S01010095,All parents aged 16 and over with dependent children,127,67,60
S01010095,Couple family: Total,106,54,52
S01010095,Couple family: Both parents working,88,48,40
S01010095,Couple family: One parent working,14,4,10
S01010095,Couple family: No parents working,4,2,2
S01010095,Lone parent family: Total,21,13,8
S01010095,Lone parent family: Parent working,15,10,5
S01010095,Lone parent family: Parent not working,6,3,3
S01010096,All parents aged 16 and over with dependent children,196,100,96
S01010096,Couple family: Total,170,86,84
S01010096,Couple family: Both parents working,134,70,64
S01010096,Couple family: One parent working,30,12,18
S01010096,Couple family: No parents working,6,4,2
S01010096,Lone parent family: Total,26,14,12
S01010096,Lone parent family: Parent working,20,11,9
S01010096,Lone parent family: Parent not working,6,3,3
S01010097,All parents aged 16 and over with dependent children,164,86,78
S01010097,Couple family: Total,130,66,64
S01010097,Couple family: Both parents working,110,56,54
S01010097,Couple family: One parent working,14,6,8
S01010097,Couple family: No parents working,6,4,2
S01010097,Lone parent family: Total,34,20,14
S01010097,Lone parent family: Parent working,13,11,2
S01010097,Lone parent family: Parent not working,21,9,12
S01010098,All parents aged 16 and over with dependent children,180,90,90
S01010098,Couple family: Total,164,80,84
S01010098,Couple family: Both parents working,136,68,68
S01010098,Couple family: One parent working,24,12,12
S01010098,Couple family: No parents working,4,0,4
S01010098,Lone parent family: Total,16,10,6
S01010098,Lone parent family: Parent working,13,8,5
S01010098,Lone parent family: Parent not working,3,2,1
S01010099,All parents aged 16 and over with dependent children,145,74,71
S01010099,Couple family: Total,128,62,66
S01010099,Couple family: Both parents working,108,56,52
S01010099,Couple family: One parent working,20,6,14
S01010099,Couple family: No parents working,0,0,0
S01010099,Lone parent family: Total,17,12,5
S01010099,Lone parent family: Parent working,11,9,2
S01010099,Lone parent family: Parent not working,6,3,3
S01010100,All parents aged 16 and over with dependent children,167,95,72
S01010100,Couple family: Total,142,76,66
S01010100,Couple family: Both parents working,100,54,46
S01010100,Couple family: One parent working,40,20,20
S01010100,Couple family: No parents working,2,2,0
S01010100,Lone parent family: Total,25,19,6
S01010100,Lone parent family: Parent working,19,14,5
S01010100,Lone parent family: Parent not working,6,5,1
S01010101,All parents aged 16 and over with dependent children,133,82,51
S01010101,Couple family: Total,110,66,44
S01010101,Couple family: Both parents working,80,50,30
S01010101,Couple family: One parent working,30,16,14
S01010101,Couple family: No parents working,0,0,0
S01010101,Lone parent family: Total,23,16,7
S01010101,Lone parent family: Parent working,12,10,2
S01010101,Lone parent family: Parent not working,11,6,5
S01010102,All parents aged 16 and over with dependent children,266,129,137
S01010102,Couple family: Total,240,112,128
S01010102,Couple family: Both parents working,196,98,98
S01010102,Couple family: One parent working,38,14,24
S01010102,Couple family: No parents working,6,0,6
S01010102,Lone parent family: Total,26,17,9
S01010102,Lone parent family: Parent working,20,14,6
S01010102,Lone parent family: Parent not working,6,3,3
S01010103,All parents aged 16 and over with dependent children,283,167,116
S01010103,Couple family: Total,252,146,106
S01010103,Couple family: Both parents working,196,118,78
S01010103,Couple family: One parent working,52,26,26
S01010103,Couple family: No parents working,4,2,2
S01010103,Lone parent family: Total,31,21,10
S01010103,Lone parent family: Parent working,27,19,8
S01010103,Lone parent family: Parent not working,4,2,2
S01010104,All parents aged 16 and over with dependent children,240,125,115
S01010104,Couple family: Total,206,110,96
S01010104,Couple family: Both parents working,170,90,80
S01010104,Couple family: One parent working,32,18,14
S01010104,Couple family: No parents working,4,2,2
S01010104,Lone parent family: Total,34,15,19
S01010104,Lone parent family: Parent working,28,14,14
S01010104,Lone parent family: Parent not working,6,1,5
S01010105,All parents aged 16 and over with dependent children,86,55,31
S01010105,Couple family: Total,44,28,16
S01010105,Couple family: Both parents working,16,16,0
S01010105,Couple family: One parent working,18,10,8
S01010105,Couple family: No parents working,10,2,8
S01010105,Lone parent family: Total,42,27,15
S01010105,Lone parent family: Parent working,20,16,4
S01010105,Lone parent family: Parent not working,22,11,11
S01010106,All parents aged 16 and over with dependent children,84,52,32
S01010106,Couple family: Total,44,30,14
S01010106,Couple family: Both parents working,24,16,8
S01010106,Couple family: One parent working,8,6,2
S01010106,Couple family: No parents working,12,8,4
S01010106,Lone parent family: Total,40,22,18
S01010106,Lone parent family: Parent working,20,13,7
S01010106,Lone parent family: Parent not working,20,9,11
S01010107,All parents aged 16 and over with dependent children,149,100,49
S01010107,Couple family: Total,74,52,22
S01010107,Couple family: Both parents working,44,34,10
S01010107,Couple family: One parent working,24,14,10
S01010107,Couple family: No parents working,6,4,2
S01010107,Lone parent family: Total,75,48,27
S01010107,Lone parent family: Parent working,38,25,13
S01010107,Lone parent family: Parent not working,37,23,14
S01010108,All parents aged 16 and over with dependent children,102,44,58
S01010108,Couple family: Total,64,22,42
S01010108,Couple family: Both parents working,50,18,32
S01010108,Couple family: One parent working,10,2,8
S01010108,Couple family: No parents working,4,2,2
S01010108,Lone parent family: Total,38,22,16
S01010108,Lone parent family: Parent working,25,15,10
S01010108,Lone parent family: Parent not working,13,7,6
S01010109,All parents aged 16 and over with dependent children,136,76,60
S01010109,Couple family: Total,70,36,34
S01010109,Couple family: Both parents working,38,24,14
S01010109,Couple family: One parent working,26,12,14
S01010109,Couple family: No parents working,6,0,6
S01010109,Lone parent family: Total,66,40,26
S01010109,Lone parent family: Parent working,32,22,10
S01010109,Lone parent family: Parent not working,34,18,16
S01010110,All parents aged 16 and over with dependent children,143,90,53
S01010110,Couple family: Total,80,44,36
S01010110,Couple family: Both parents working,48,26,22
S01010110,Couple family: One parent working,18,10,8
S01010110,Couple family: No parents working,14,8,6
S01010110,Lone parent family: Total,63,46,17
S01010110,Lone parent family: Parent working,38,29,9
S01010110,Lone parent family: Parent not working,25,17,8
S01010111,All parents aged 16 and over with dependent children,201,90,111
S01010111,Couple family: Total,106,38,68
S01010111,Couple family: Both parents working,44,16,28
S01010111,Couple family: One parent working,36,12,24
S01010111,Couple family: No parents working,26,10,16
S01010111,Lone parent family: Total,95,52,43
S01010111,Lone parent family: Parent working,38,24,14
S01010111,Lone parent family: Parent not working,57,28,29
S01010112,All parents aged 16 and over with dependent children,209,118,91
S01010112,Couple family: Total,96,48,48
S01010112,Couple family: Both parents working,28,18,10
S01010112,Couple family: One parent working,26,12,14
S01010112,Couple family: No parents working,42,18,24
S01010112,Lone parent family: Total,113,70,43
S01010112,Lone parent family: Parent working,49,30,19
S01010112,Lone parent family: Parent not working,64,40,24
S01010113,All parents aged 16 and over with dependent children,138,80,58
S01010113,Couple family: Total,78,44,34
S01010113,Couple family: Both parents working,38,32,6
S01010113,Couple family: One parent working,24,8,16
S01010113,Couple family: No parents working,16,4,12
S01010113,Lone parent family: Total,60,36,24
S01010113,Lone parent family: Parent working,25,19,6
S01010113,Lone parent family: Parent not working,35,17,18
S01010114,All parents aged 16 and over with dependent children,150,80,70
S01010114,Couple family: Total,88,38,50
S01010114,Couple family: Both parents working,34,16,18
S01010114,Couple family: One parent working,26,8,18
S01010114,Couple family: No parents working,28,14,14
S01010114,Lone parent family: Total,62,42,20
S01010114,Lone parent family: Parent working,22,15,7
S01010114,Lone parent family: Parent not working,40,27,13
S01010115,All parents aged 16 and over with dependent children,169,85,84
S01010115,Couple family: Total,126,58,68
S01010115,Couple family: Both parents working,94,44,50
S01010115,Couple family: One parent working,22,10,12
S01010115,Couple family: No parents working,10,4,6
S01010115,Lone parent family: Total,43,27,16
S01010115,Lone parent family: Parent working,28,19,9
S01010115,Lone parent family: Parent not working,15,8,7
S01010116,All parents aged 16 and over with dependent children,256,148,108
S01010116,Couple family: Total,194,118,76
S01010116,Couple family: Both parents working,142,100,42
S01010116,Couple family: One parent working,42,14,28
S01010116,Couple family: No parents working,10,4,6
S01010116,Lone parent family: Total,62,30,32
S01010116,Lone parent family: Parent working,38,19,19
S01010116,Lone parent family: Parent not working,24,11,13
S01010117,All parents aged 16 and over with dependent children,171,95,76
S01010117,Couple family: Total,140,78,62
S01010117,Couple family: Both parents working,104,54,50
S01010117,Couple family: One parent working,34,22,12
S01010117,Couple family: No parents working,2,2,0
S01010117,Lone parent family: Total,31,17,14
S01010117,Lone parent family: Parent working,21,12,9
S01010117,Lone parent family: Parent not working,10,5,5
S01010118,All parents aged 16 and over with dependent children,146,68,78
S01010118,Couple family: Total,64,30,34
S01010118,Couple family: Both parents working,22,12,10
S01010118,Couple family: One parent working,22,14,8
S01010118,Couple family: No parents working,20,4,16
S01010118,Lone parent family: Total,82,38,44
S01010118,Lone parent family: Parent working,27,17,10
S01010118,Lone parent family: Parent not working,55,21,34
S01010119,All parents aged 16 and over with dependent children,126,61,65
S01010119,Couple family: Total,70,34,36
S01010119,Couple family: Both parents working,44,18,26
S01010119,Couple family: One parent working,16,12,4
S01010119,Couple family: No parents working,10,4,6
S01010119,Lone parent family: Total,56,27,29
S01010119,Lone parent family: Parent working,29,11,18
S01010119,Lone parent family: Parent not working,27,16,11
S01010120,All parents aged 16 and over with dependent children,223,112,111
S01010120,Couple family: Total,98,38,60
S01010120,Couple family: Both parents working,38,22,16
S01010120,Couple family: One parent working,26,4,22
S01010120,Couple family: No parents working,34,12,22
S01010120,Lone parent family: Total,125,74,51
S01010120,Lone parent family: Parent working,40,26,14
S01010120,Lone parent family: Parent not working,85,48,37
S01010121,All parents aged 16 and over with dependent children,142,86,56
S01010121,Couple family: Total,78,40,38
S01010121,Couple family: Both parents working,26,14,12
S01010121,Couple family: One parent working,24,16,8
S01010121,Couple family: No parents working,28,10,18
S01010121,Lone parent family: Total,64,46,18
S01010121,Lone parent family: Parent working,36,27,9
S01010121,Lone parent family: Parent not working,28,19,9
S01010122,All parents aged 16 and over with dependent children,69,37,32
S01010122,Couple family: Total,34,14,20
S01010122,Couple family: Both parents working,22,10,12
S01010122,Couple family: One parent working,0,0,0
S01010122,Couple family: No parents working,12,4,8
S01010122,Lone parent family: Total,35,23,12
S01010122,Lone parent family: Parent working,7,4,3
S01010122,Lone parent family: Parent not working,28,19,9
S01010123,All parents aged 16 and over with dependent children,171,94,77
S01010123,Couple family: Total,96,54,42
S01010123,Couple family: Both parents working,58,36,22
S01010123,Couple family: One parent working,20,8,12
S01010123,Couple family: No parents working,18,10,8
S01010123,Lone parent family: Total,75,40,35
S01010123,Lone parent family: Parent working,44,26,18
S01010123,Lone parent family: Parent not working,31,14,17
S01010124,All parents aged 16 and over with dependent children,156,95,61
S01010124,Couple family: Total,104,60,44
S01010124,Couple family: Both parents working,74,50,24
S01010124,Couple family: One parent working,14,4,10
S01010124,Couple family: No parents working,16,6,10
S01010124,Lone parent family: Total,52,35,17
S01010124,Lone parent family: Parent working,24,18,6
S01010124,Lone parent family: Parent not working,28,17,11
S01010125,All parents aged 16 and over with dependent children,139,82,57
S01010125,Couple family: Total,82,46,36
S01010125,Couple family: Both parents working,46,30,16
S01010125,Couple family: One parent working,24,14,10
S01010125,Couple family: No parents working,12,2,10
S01010125,Lone parent family: Total,57,36,21
S01010125,Lone parent family: Parent working,30,20,10
S01010125,Lone parent family: Parent not working,27,16,11
S01010126,All parents aged 16 and over with dependent children,169,92,77
S01010126,Couple family: Total,122,60,62
S01010126,Couple family: Both parents working,94,44,50
S01010126,Couple family: One parent working,22,16,6
S01010126,Couple family: No parents working,6,0,6
S01010126,Lone parent family: Total,47,32,15
S01010126,Lone parent family: Parent working,28,16,12
S01010126,Lone parent family: Parent not working,19,16,3
S01010127,All parents aged 16 and over with dependent children,85,46,39
S01010127,Couple family: Total,50,22,28
S01010127,Couple family: Both parents working,24,14,10
S01010127,Couple family: One parent working,12,4,8
S01010127,Couple family: No parents working,14,4,10
S01010127,Lone parent family: Total,35,24,11
S01010127,Lone parent family: Parent working,18,13,5
S01010127,Lone parent family: Parent not working,17,11,6
S01010128,All parents aged 16 and over with dependent children,129,68,61
S01010128,Couple family: Total,60,28,32
S01010128,Couple family: Both parents working,26,12,14
S01010128,Couple family: One parent working,12,2,10
S01010128,Couple family: No parents working,22,14,8
S01010128,Lone parent family: Total,69,40,29
S01010128,Lone parent family: Parent working,30,17,13
S01010128,Lone parent family: Parent not working,39,23,16
S01010129,All parents aged 16 and over with dependent children,160,99,61
S01010129,Couple family: Total,80,42,38
S01010129,Couple family: Both parents working,30,16,14
S01010129,Couple family: One parent working,20,10,10
S01010129,Couple family: No parents working,30,16,14
S01010129,Lone parent family: Total,80,57,23
S01010129,Lone parent family: Parent working,25,15,10
S01010129,Lone parent family: Parent not working,55,42,13
S01010130,All parents aged 16 and over with dependent children,77,48,29
S01010130,Couple family: Total,40,18,22
S01010130,Couple family: Both parents working,24,14,10
S01010130,Couple family: One parent working,10,2,8
S01010130,Couple family: No parents working,6,2,4
S01010130,Lone parent family: Total,37,30,7
S01010130,Lone parent family: Parent working,16,14,2
S01010130,Lone parent family: Parent not working,21,16,5
S01010131,All parents aged 16 and over with dependent children,194,107,87
S01010131,Couple family: Total,176,96,80
S01010131,Couple family: Both parents working,144,78,66
S01010131,Couple family: One parent working,28,18,10
S01010131,Couple family: No parents working,4,0,4
S01010131,Lone parent family: Total,18,11,7
S01010131,Lone parent family: Parent working,13,7,6
S01010131,Lone parent family: Parent not working,5,4,1
S01010132,All parents aged 16 and over with dependent children,158,92,66
S01010132,Couple family: Total,80,38,42
S01010132,Couple family: Both parents working,34,22,12
S01010132,Couple family: One parent working,26,8,18
S01010132,Couple family: No parents working,20,8,12
S01010132,Lone parent family: Total,78,54,24
S01010132,Lone parent family: Parent working,37,28,9
S01010132,Lone parent family: Parent not working,41,26,15
S01010133,All parents aged 16 and over with dependent children,99,59,40
S01010133,Couple family: Total,56,36,20
S01010133,Couple family: Both parents working,32,26,6
S01010133,Couple family: One parent working,12,6,6
S01010133,Couple family: No parents working,12,4,8
S01010133,Lone parent family: Total,43,23,20
S01010133,Lone parent family: Parent working,20,12,8
S01010133,Lone parent family: Parent not working,23,11,12
S01010134,All parents aged 16 and over with dependent children,169,121,48
S01010134,Couple family: Total,96,70,26
S01010134,Couple family: Both parents working,70,50,20
S01010134,Couple family: One parent working,14,10,4
S01010134,Couple family: No parents working,12,10,2
S01010134,Lone parent family: Total,73,51,22
S01010134,Lone parent family: Parent working,44,34,10
S01010134,Lone parent family: Parent not working,29,17,12
S01010135,All parents aged 16 and over with dependent children,124,67,57
S01010135,Couple family: Total,82,46,36
S01010135,Couple family: Both parents working,46,24,22
S01010135,Couple family: One parent working,26,18,8
S01010135,Couple family: No parents working,10,4,6
S01010135,Lone parent family: Total,42,21,21
S01010135,Lone parent family: Parent working,20,12,8
S01010135,Lone parent family: Parent not working,22,9,13
S01010136,All parents aged 16 and over with dependent children,155,79,76
S01010136,Couple family: Total,116,52,64
S01010136,Couple family: Both parents working,82,36,46
S01010136,Couple family: One parent working,18,8,10
S01010136,Couple family: No parents working,16,8,8
S01010136,Lone parent family: Total,39,27,12
S01010136,Lone parent family: Parent working,27,17,10
S01010136,Lone parent family: Parent not working,12,10,2
S01010137,All parents aged 16 and over with dependent children,124,80,44
S01010137,Couple family: Total,64,42,22
S01010137,Couple family: Both parents working,46,30,16
S01010137,Couple family: One parent working,12,8,4
S01010137,Couple family: No parents working,6,4,2
S01010137,Lone parent family: Total,60,38,22
S01010137,Lone parent family: Parent working,38,25,13
S01010137,Lone parent family: Parent not working,22,13,9
S01010138,All parents aged 16 and over with dependent children,100,65,35
S01010138,Couple family: Total,42,26,16
S01010138,Couple family: Both parents working,16,12,4
S01010138,Couple family: One parent working,12,4,8
S01010138,Couple family: No parents working,14,10,4
S01010138,Lone parent family: Total,58,39,19
S01010138,Lone parent family: Parent working,24,15,9
S01010138,Lone parent family: Parent not working,34,24,10
S01010139,All parents aged 16 and over with dependent children,139,89,50
S01010139,Couple family: Total,84,52,32
S01010139,Couple family: Both parents working,50,36,14
S01010139,Couple family: One parent working,24,12,12
S01010139,Couple family: No parents working,10,4,6
S01010139,Lone parent family: Total,55,37,18
S01010139,Lone parent family: Parent working,28,16,12
S01010139,Lone parent family: Parent not working,27,21,6
S01010140,All parents aged 16 and over with dependent children,176,100,76
S01010140,Couple family: Total,114,54,60
S01010140,Couple family: Both parents working,82,42,40
S01010140,Couple family: One parent working,22,10,12
S01010140,Couple family: No parents working,10,2,8
S01010140,Lone parent family: Total,62,46,16
S01010140,Lone parent family: Parent working,30,24,6
S01010140,Lone parent family: Parent not working,32,22,10
S01010141,All parents aged 16 and over with dependent children,138,78,60
S01010141,Couple family: Total,60,28,32
S01010141,Couple family: Both parents working,22,10,12
S01010141,Couple family: One parent working,22,8,14
S01010141,Couple family: No parents working,16,10,6
S01010141,Lone parent family: Total,78,50,28
S01010141,Lone parent family: Parent working,38,25,13
S01010141,Lone parent family: Parent not working,40,25,15
S01010142,All parents aged 16 and over with dependent children,112,86,26
S01010142,Couple family: Total,68,52,16
S01010142,Couple family: Both parents working,46,36,10
S01010142,Couple family: One parent working,12,10,2
S01010142,Couple family: No parents working,10,6,4
S01010142,Lone parent family: Total,44,34,10
S01010142,Lone parent family: Parent working,19,15,4
S01010142,Lone parent family: Parent not working,25,19,6
S01010143,All parents aged 16 and over with dependent children,119,77,42
S01010143,Couple family: Total,76,48,28
S01010143,Couple family: Both parents working,56,38,18
S01010143,Couple family: One parent working,16,8,8
S01010143,Couple family: No parents working,4,2,2
S01010143,Lone parent family: Total,43,29,14
S01010143,Lone parent family: Parent working,25,14,11
S01010143,Lone parent family: Parent not working,18,15,3
S01010144,All parents aged 16 and over with dependent children,119,73,46
S01010144,Couple family: Total,68,50,18
S01010144,Couple family: Both parents working,48,38,10
S01010144,Couple family: One parent working,18,12,6
S01010144,Couple family: No parents working,2,0,2
S01010144,Lone parent family: Total,51,23,28
S01010144,Lone parent family: Parent working,23,9,14
S01010144,Lone parent family: Parent not working,28,14,14
S01010145,All parents aged 16 and over with dependent children,143,87,56
S01010145,Couple family: Total,92,54,38
S01010145,Couple family: Both parents working,50,30,20
S01010145,Couple family: One parent working,24,12,12
S01010145,Couple family: No parents working,18,12,6
S01010145,Lone parent family: Total,51,33,18
S01010145,Lone parent family: Parent working,28,20,8
S01010145,Lone parent family: Parent not working,23,13,10
S01010146,All parents aged 16 and over with dependent children,137,83,54
S01010146,Couple family: Total,84,50,34
S01010146,Couple family: Both parents working,38,30,8
S01010146,Couple family: One parent working,30,18,12
S01010146,Couple family: No parents working,16,2,14
S01010146,Lone parent family: Total,53,33,20
S01010146,Lone parent family: Parent working,31,20,11
S01010146,Lone parent family: Parent not working,22,13,9
S01010147,All parents aged 16 and over with dependent children,187,101,86
S01010147,Couple family: Total,80,42,38
S01010147,Couple family: Both parents working,36,18,18
S01010147,Couple family: One parent working,22,12,10
S01010147,Couple family: No parents working,22,12,10
S01010147,Lone parent family: Total,107,59,48
S01010147,Lone parent family: Parent working,50,29,21
S01010147,Lone parent family: Parent not working,57,30,27
S01010148,All parents aged 16 and over with dependent children,155,78,77
S01010148,Couple family: Total,82,34,48
S01010148,Couple family: Both parents working,34,16,18
S01010148,Couple family: One parent working,18,4,14
S01010148,Couple family: No parents working,30,14,16
S01010148,Lone parent family: Total,73,44,29
S01010148,Lone parent family: Parent working,32,20,12
S01010148,Lone parent family: Parent not working,41,24,17
S01010149,All parents aged 16 and over with dependent children,112,64,48
S01010149,Couple family: Total,82,40,42
S01010149,Couple family: Both parents working,66,34,32
S01010149,Couple family: One parent working,12,6,6
S01010149,Couple family: No parents working,4,0,4
S01010149,Lone parent family: Total,30,24,6
S01010149,Lone parent family: Parent working,22,19,3
S01010149,Lone parent family: Parent not working,8,5,3
S01010150,All parents aged 16 and over with dependent children,72,45,27
S01010150,Couple family: Total,40,28,12
S01010150,Couple family: Both parents working,30,22,8
S01010150,Couple family: One parent working,6,4,2
S01010150,Couple family: No parents working,4,2,2
S01010150,Lone parent family: Total,32,17,15
S01010150,Lone parent family: Parent working,16,11,5
S01010150,Lone parent family: Parent not working,16,6,10
S01010151,All parents aged 16 and over with dependent children,76,32,44
S01010151,Couple family: Total,50,16,34
S01010151,Couple family: Both parents working,24,10,14
S01010151,Couple family: One parent working,22,6,16
S01010151,Couple family: No parents working,4,0,4
S01010151,Lone parent family: Total,26,16,10
S01010151,Lone parent family: Parent working,6,3,3
S01010151,Lone parent family: Parent not working,20,13,7
S01010152,All parents aged 16 and over with dependent children,130,81,49
S01010152,Couple family: Total,90,54,36
S01010152,Couple family: Both parents working,66,42,24
S01010152,Couple family: One parent working,16,8,8
S01010152,Couple family: No parents working,8,4,4
S01010152,Lone parent family: Total,40,27,13
S01010152,Lone parent family: Parent working,22,18,4
S01010152,Lone parent family: Parent not working,18,9,9
S01010153,All parents aged 16 and over with dependent children,150,93,57
S01010153,Couple family: Total,106,54,52
S01010153,Couple family: Both parents working,74,42,32
S01010153,Couple family: One parent working,26,10,16
S01010153,Couple family: No parents working,6,2,4
S01010153,Lone parent family: Total,44,39,5
S01010153,Lone parent family: Parent working,24,21,3
S01010153,Lone parent family: Parent not working,20,18,2
S01010154,All parents aged 16 and over with dependent children,106,62,44
S01010154,Couple family: Total,62,32,30
S01010154,Couple family: Both parents working,36,24,12
S01010154,Couple family: One parent working,16,6,10
S01010154,Couple family: No parents working,10,2,8
S01010154,Lone parent family: Total,44,30,14
S01010154,Lone parent family: Parent working,23,16,7
S01010154,Lone parent family: Parent not working,21,14,7
S01010155,All parents aged 16 and over with dependent children,88,37,51
S01010155,Couple family: Total,64,20,44
S01010155,Couple family: Both parents working,48,18,30
S01010155,Couple family: One parent working,10,0,10
S01010155,Couple family: No parents working,6,2,4
S01010155,Lone parent family: Total,24,17,7
S01010155,Lone parent family: Parent working,12,10,2
S01010155,Lone parent family: Parent not working,12,7,5
S01010156,All parents aged 16 and over with dependent children,81,39,42
S01010156,Couple family: Total,52,24,28
S01010156,Couple family: Both parents working,34,14,20
S01010156,Couple family: One parent working,10,4,6
S01010156,Couple family: No parents working,8,6,2
S01010156,Lone parent family: Total,29,15,14
S01010156,Lone parent family: Parent working,7,3,4
S01010156,Lone parent family: Parent not working,22,12,10
S01010157,All parents aged 16 and over with dependent children,87,55,32
S01010157,Couple family: Total,46,22,24
S01010157,Couple family: Both parents working,14,6,8
S01010157,Couple family: One parent working,14,4,10
S01010157,Couple family: No parents working,18,12,6
S01010157,Lone parent family: Total,41,33,8
S01010157,Lone parent family: Parent working,14,12,2
S01010157,Lone parent family: Parent not working,27,21,6
S01010158,All parents aged 16 and over with dependent children,147,90,57
S01010158,Couple family: Total,100,50,50
S01010158,Couple family: Both parents working,56,28,28
S01010158,Couple family: One parent working,28,12,16
S01010158,Couple family: No parents working,16,10,6
S01010158,Lone parent family: Total,47,40,7
S01010158,Lone parent family: Parent working,23,22,1
S01010158,Lone parent family: Parent not working,24,18,6
S01010159,All parents aged 16 and over with dependent children,107,51,56
S01010159,Couple family: Total,72,26,46
S01010159,Couple family: Both parents working,34,14,20
S01010159,Couple family: One parent working,24,6,18
S01010159,Couple family: No parents working,14,6,8
S01010159,Lone parent family: Total,35,25,10
S01010159,Lone parent family: Parent working,23,19,4
S01010159,Lone parent family: Parent not working,12,6,6
S01010160,All parents aged 16 and over with dependent children,136,63,73
S01010160,Couple family: Total,106,48,58
S01010160,Couple family: Both parents working,28,12,16
S01010160,Couple family: One parent working,44,16,28
S01010160,Couple family: No parents working,34,20,14
S01010160,Lone parent family: Total,30,15,15
S01010160,Lone parent family: Parent working,8,6,2
S01010160,Lone parent family: Parent not working,22,9,13
S01010161,All parents aged 16 and over with dependent children,165,84,81
S01010161,Couple family: Total,122,54,68
S01010161,Couple family: Both parents working,86,36,50
S01010161,Couple family: One parent working,24,10,14
S01010161,Couple family: No parents working,12,8,4
S01010161,Lone parent family: Total,43,30,13
S01010161,Lone parent family: Parent working,24,16,8
S01010161,Lone parent family: Parent not working,19,14,5
S01010162,All parents aged 16 and over with dependent children,186,117,69
S01010162,Couple family: Total,62,34,28
S01010162,Couple family: Both parents working,30,18,12
S01010162,Couple family: One parent working,18,8,10
S01010162,Couple family: No parents working,14,8,6
S01010162,Lone parent family: Total,124,83,41
S01010162,Lone parent family: Parent working,47,37,10
S01010162,Lone parent family: Parent not working,77,46,31
S01010163,All parents aged 16 and over with dependent children,122,65,57
S01010163,Couple family: Total,64,30,34
S01010163,Couple family: Both parents working,28,12,16
S01010163,Couple family: One parent working,16,10,6
S01010163,Couple family: No parents working,20,8,12
S01010163,Lone parent family: Total,58,35,23
S01010163,Lone parent family: Parent working,24,17,7
S01010163,Lone parent family: Parent not working,34,18,16
S01010164,All parents aged 16 and over with dependent children,144,58,86
S01010164,Couple family: Total,86,26,60
S01010164,Couple family: Both parents working,42,18,24
S01010164,Couple family: One parent working,24,6,18
S01010164,Couple family: No parents working,20,2,18
S01010164,Lone parent family: Total,58,32,26
S01010164,Lone parent family: Parent working,32,18,14
S01010164,Lone parent family: Parent not working,26,14,12
S01010165,All parents aged 16 and over with dependent children,102,54,48
S01010165,Couple family: Total,30,16,14
S01010165,Couple family: Both parents working,8,4,4
S01010165,Couple family: One parent working,10,8,2
S01010165,Couple family: No parents working,12,4,8
S01010165,Lone parent family: Total,72,38,34
S01010165,Lone parent family: Parent working,25,10,15
S01010165,Lone parent family: Parent not working,47,28,19
S01010166,All parents aged 16 and over with dependent children,115,68,47
S01010166,Couple family: Total,72,46,26
S01010166,Couple family: Both parents working,50,34,16
S01010166,Couple family: One parent working,16,8,8
S01010166,Couple family: No parents working,6,4,2
S01010166,Lone parent family: Total,43,22,21
S01010166,Lone parent family: Parent working,21,6,15
S01010166,Lone parent family: Parent not working,22,16,6
S01010167,All parents aged 16 and over with dependent children,99,57,42
S01010167,Couple family: Total,42,18,24
S01010167,Couple family: Both parents working,22,12,10
S01010167,Couple family: One parent working,16,2,14
S01010167,Couple family: No parents working,4,4,0
S01010167,Lone parent family: Total,57,39,18
S01010167,Lone parent family: Parent working,29,20,9
S01010167,Lone parent family: Parent not working,28,19,9
S01010168,All parents aged 16 and over with dependent children,117,64,53
S01010168,Couple family: Total,68,28,40
S01010168,Couple family: Both parents working,46,20,26
S01010168,Couple family: One parent working,12,4,8
S01010168,Couple family: No parents working,10,4,6
S01010168,Lone parent family: Total,49,36,13
S01010168,Lone parent family: Parent working,33,28,5
S01010168,Lone parent family: Parent not working,16,8,8
S01010169,All parents aged 16 and over with dependent children,202,120,82
S01010169,Couple family: Total,122,68,54
S01010169,Couple family: Both parents working,78,50,28
S01010169,Couple family: One parent working,24,12,12
S01010169,Couple family: No parents working,20,6,14
S01010169,Lone parent family: Total,80,52,28
S01010169,Lone parent family: Parent working,35,30,5
S01010169,Lone parent family: Parent not working,45,22,23
S01010170,All parents aged 16 and over with dependent children,84,50,34
S01010170,Couple family: Total,30,22,8
S01010170,Couple family: Both parents working,12,10,2
S01010170,Couple family: One parent working,6,6,0
S01010170,Couple family: No parents working,12,6,6
S01010170,Lone parent family: Total,54,28,26
S01010170,Lone parent family: Parent working,21,12,9
S01010170,Lone parent family: Parent not working,33,16,17
S01010171,All parents aged 16 and over with dependent children,225,127,98
S01010171,Couple family: Total,102,48,54
S01010171,Couple family: Both parents working,40,24,16
S01010171,Couple family: One parent working,28,12,16
S01010171,Couple family: No parents working,34,12,22
S01010171,Lone parent family: Total,123,79,44
S01010171,Lone parent family: Parent working,51,33,18
S01010171,Lone parent family: Parent not working,72,46,26
S01010172,All parents aged 16 and over with dependent children,79,58,21
S01010172,Couple family: Total,32,18,14
S01010172,Couple family: Both parents working,22,12,10
S01010172,Couple family: One parent working,10,6,4
S01010172,Couple family: No parents working,0,0,0
S01010172,Lone parent family: Total,47,40,7
S01010172,Lone parent family: Parent working,24,19,5
S01010172,Lone parent family: Parent not working,23,21,2
S01010173,All parents aged 16 and over with dependent children,128,66,62
S01010173,Couple family: Total,92,40,52
S01010173,Couple family: Both parents working,58,26,32
S01010173,Couple family: One parent working,24,8,16
S01010173,Couple family: No parents working,10,6,4
S01010173,Lone parent family: Total,36,26,10
S01010173,Lone parent family: Parent working,21,14,7
S01010173,Lone parent family: Parent not working,15,12,3
S01010174,All parents aged 16 and over with dependent children,103,49,54
S01010174,Couple family: Total,88,44,44
S01010174,Couple family: Both parents working,56,28,28
S01010174,Couple family: One parent working,22,10,12
S01010174,Couple family: No parents working,10,6,4
S01010174,Lone parent family: Total,15,5,10
S01010174,Lone parent family: Parent working,9,2,7
S01010174,Lone parent family: Parent not working,6,3,3
S01010175,All parents aged 16 and over with dependent children,88,39,49
S01010175,Couple family: Total,62,26,36
S01010175,Couple family: Both parents working,50,24,26
S01010175,Couple family: One parent working,8,2,6
S01010175,Couple family: No parents working,4,0,4
S01010175,Lone parent family: Total,26,13,13
S01010175,Lone parent family: Parent working,8,6,2
S01010175,Lone parent family: Parent not working,18,7,11
S01010176,All parents aged 16 and over with dependent children,118,64,54
S01010176,Couple family: Total,82,38,44
S01010176,Couple family: Both parents working,42,22,20
S01010176,Couple family: One parent working,30,10,20
S01010176,Couple family: No parents working,10,6,4
S01010176,Lone parent family: Total,36,26,10
S01010176,Lone parent family: Parent working,21,16,5
S01010176,Lone parent family: Parent not working,15,10,5
S01010177,All parents aged 16 and over with dependent children,158,70,88
S01010177,Couple family: Total,78,34,44
S01010177,Couple family: Both parents working,30,12,18
S01010177,Couple family: One parent working,30,16,14
S01010177,Couple family: No parents working,18,6,12
S01010177,Lone parent family: Total,80,36,44
S01010177,Lone parent family: Parent working,29,16,13
S01010177,Lone parent family: Parent not working,51,20,31
S01010178,All parents aged 16 and over with dependent children,220,98,122
S01010178,Couple family: Total,118,44,74
S01010178,Couple family: Both parents working,48,20,28
S01010178,Couple family: One parent working,32,12,20
S01010178,Couple family: No parents working,38,12,26
S01010178,Lone parent family: Total,102,54,48
S01010178,Lone parent family: Parent working,53,38,15
S01010178,Lone parent family: Parent not working,49,16,33
S01010179,All parents aged 16 and over with dependent children,141,86,55
S01010179,Couple family: Total,70,36,34
S01010179,Couple family: Both parents working,36,22,14
S01010179,Couple family: One parent working,20,10,10
S01010179,Couple family: No parents working,14,4,10
S01010179,Lone parent family: Total,71,50,21
S01010179,Lone parent family: Parent working,27,21,6
S01010179,Lone parent family: Parent not working,44,29,15
S01010180,All parents aged 16 and over with dependent children,153,83,70
S01010180,Couple family: Total,106,54,52
S01010180,Couple family: Both parents working,68,36,32
S01010180,Couple family: One parent working,26,14,12
S01010180,Couple family: No parents working,12,4,8
S01010180,Lone parent family: Total,47,29,18
S01010180,Lone parent family: Parent working,31,19,12
S01010180,Lone parent family: Parent not working,16,10,6
S01010181,All parents aged 16 and over with dependent children,111,56,55
S01010181,Couple family: Total,48,20,28
S01010181,Couple family: Both parents working,28,16,12
S01010181,Couple family: One parent working,8,2,6
S01010181,Couple family: No parents working,12,2,10
S01010181,Lone parent family: Total,63,36,27
S01010181,Lone parent family: Parent working,16,12,4
S01010181,Lone parent family: Parent not working,47,24,23
S01010182,All parents aged 16 and over with dependent children,106,64,42
S01010182,Couple family: Total,84,44,40
S01010182,Couple family: Both parents working,62,36,26
S01010182,Couple family: One parent working,20,8,12
S01010182,Couple family: No parents working,2,0,2
S01010182,Lone parent family: Total,22,20,2
S01010182,Lone parent family: Parent working,17,15,2
S01010182,Lone parent family: Parent not working,5,5,0
S01010183,All parents aged 16 and over with dependent children,72,49,23
S01010183,Couple family: Total,34,26,8
S01010183,Couple family: Both parents working,22,18,4
S01010183,Couple family: One parent working,6,4,2
S01010183,Couple family: No parents working,6,4,2
S01010183,Lone parent family: Total,38,23,15
S01010183,Lone parent family: Parent working,18,13,5
S01010183,Lone parent family: Parent not working,20,10,10
S01010184,All parents aged 16 and over with dependent children,118,71,47
S01010184,Couple family: Total,56,28,28
S01010184,Couple family: Both parents working,30,14,16
S01010184,Couple family: One parent working,12,4,8
S01010184,Couple family: No parents working,14,10,4
S01010184,Lone parent family: Total,62,43,19
S01010184,Lone parent family: Parent working,31,24,7
S01010184,Lone parent family: Parent not working,31,19,12
S01010185,All parents aged 16 and over with dependent children,139,79,60
S01010185,Couple family: Total,70,32,38
S01010185,Couple family: Both parents working,40,18,22
S01010185,Couple family: One parent working,14,8,6
S01010185,Couple family: No parents working,16,6,10
S01010185,Lone parent family: Total,69,47,22
S01010185,Lone parent family: Parent working,31,22,9
S01010185,Lone parent family: Parent not working,38,25,13
S01010186,All parents aged 16 and over with dependent children,156,80,76
S01010186,Couple family: Total,128,68,60
S01010186,Couple family: Both parents working,86,46,40
S01010186,Couple family: One parent working,36,18,18
S01010186,Couple family: No parents working,6,4,2
S01010186,Lone parent family: Total,28,12,16
S01010186,Lone parent family: Parent working,17,8,9
S01010186,Lone parent family: Parent not working,11,4,7
S01010187,All parents aged 16 and over with dependent children,122,77,45
S01010187,Couple family: Total,96,54,42
S01010187,Couple family: Both parents working,70,42,28
S01010187,Couple family: One parent working,24,10,14
S01010187,Couple family: No parents working,2,2,0
S01010187,Lone parent family: Total,26,23,3
S01010187,Lone parent family: Parent working,19,17,2
S01010187,Lone parent family: Parent not working,7,6,1
S01010188,All parents aged 16 and over with dependent children,138,74,64
S01010188,Couple family: Total,118,60,58
S01010188,Couple family: Both parents working,86,44,42
S01010188,Couple family: One parent working,28,16,12
S01010188,Couple family: No parents working,4,0,4
S01010188,Lone parent family: Total,20,14,6
S01010188,Lone parent family: Parent working,10,7,3
S01010188,Lone parent family: Parent not working,10,7,3
S01010189,All parents aged 16 and over with dependent children,306,140,166
S01010189,Couple family: Total,284,126,158
S01010189,Couple family: Both parents working,240,106,134
S01010189,Couple family: One parent working,44,20,24
S01010189,Couple family: No parents working,0,0,0
S01010189,Lone parent family: Total,22,14,8
S01010189,Lone parent family: Parent working,15,8,7
S01010189,Lone parent family: Parent not working,7,6,1
S01010190,All parents aged 16 and over with dependent children,204,92,112
S01010190,Couple family: Total,182,82,100
S01010190,Couple family: Both parents working,138,68,70
S01010190,Couple family: One parent working,36,14,22
S01010190,Couple family: No parents working,8,0,8
S01010190,Lone parent family: Total,22,10,12
S01010190,Lone parent family: Parent working,18,9,9
S01010190,Lone parent family: Parent not working,4,1,3
S01010191,All parents aged 16 and over with dependent children,228,106,122
S01010191,Couple family: Total,194,90,104
S01010191,Couple family: Both parents working,154,78,76
S01010191,Couple family: One parent working,36,10,26
S01010191,Couple family: No parents working,4,2,2
S01010191,Lone parent family: Total,34,16,18
S01010191,Lone parent family: Parent working,24,11,13
S01010191,Lone parent family: Parent not working,10,5,5
S01010192,All parents aged 16 and over with dependent children,281,141,140
S01010192,Couple family: Total,250,124,126
S01010192,Couple family: Both parents working,190,94,96
S01010192,Couple family: One parent working,58,30,28
S01010192,Couple family: No parents working,2,0,2
S01010192,Lone parent family: Total,31,17,14
S01010192,Lone parent family: Parent working,21,13,8
S01010192,Lone parent family: Parent not working,10,4,6
S01010193,All parents aged 16 and over with dependent children,168,100,68
S01010193,Couple family: Total,140,76,64
S01010193,Couple family: Both parents working,114,62,52
S01010193,Couple family: One parent working,22,12,10
S01010193,Couple family: No parents working,4,2,2
S01010193,Lone parent family: Total,28,24,4
S01010193,Lone parent family: Parent working,26,23,3
S01010193,Lone parent family: Parent not working,2,1,1
S01010194,All parents aged 16 and over with dependent children,89,56,33
S01010194,Couple family: Total,62,42,20
S01010194,Couple family: Both parents working,44,30,14
S01010194,Couple family: One parent working,14,8,6
S01010194,Couple family: No parents working,4,4,0
S01010194,Lone parent family: Total,27,14,13
S01010194,Lone parent family: Parent working,20,9,11
S01010194,Lone parent family: Parent not working,7,5,2
S01010195,All parents aged 16 and over with dependent children,115,62,53
S01010195,Couple family: Total,86,44,42
S01010195,Couple family: Both parents working,44,22,22
S01010195,Couple family: One parent working,26,14,12
S01010195,Couple family: No parents working,16,8,8
S01010195,Lone parent family: Total,29,18,11
S01010195,Lone parent family: Parent working,17,11,6
S01010195,Lone parent family: Parent not working,12,7,5
S01010196,All parents aged 16 and over with dependent children,103,65,38
S01010196,Couple family: Total,62,36,26
S01010196,Couple family: Both parents working,22,14,8
S01010196,Couple family: One parent working,22,10,12
S01010196,Couple family: No parents working,18,12,6
S01010196,Lone parent family: Total,41,29,12
S01010196,Lone parent family: Parent working,26,18,8
S01010196,Lone parent family: Parent not working,15,11,4
S01010197,All parents aged 16 and over with dependent children,122,65,57
S01010197,Couple family: Total,74,32,42
S01010197,Couple family: Both parents working,36,10,26
S01010197,Couple family: One parent working,14,6,8
S01010197,Couple family: No parents working,24,16,8
S01010197,Lone parent family: Total,48,33,15
S01010197,Lone parent family: Parent working,23,18,5
S01010197,Lone parent family: Parent not working,25,15,10
S01010198,All parents aged 16 and over with dependent children,178,83,95
S01010198,Couple family: Total,118,50,68
S01010198,Couple family: Both parents working,62,32,30
S01010198,Couple family: One parent working,38,12,26
S01010198,Couple family: No parents working,18,6,12
S01010198,Lone parent family: Total,60,33,27
S01010198,Lone parent family: Parent working,28,17,11
S01010198,Lone parent family: Parent not working,32,16,16
S01010199,All parents aged 16 and over with dependent children,93,54,39
S01010199,Couple family: Total,36,18,18
S01010199,Couple family: Both parents working,16,4,12
S01010199,Couple family: One parent working,10,8,2
S01010199,Couple family: No parents working,10,6,4
S01010199,Lone parent family: Total,57,36,21
S01010199,Lone parent family: Parent working,27,21,6
S01010199,Lone parent family: Parent not working,30,15,15
S01010200,All parents aged 16 and over with dependent children,102,48,54
S01010200,Couple family: Total,70,30,40
S01010200,Couple family: Both parents working,40,22,18
S01010200,Couple family: One parent working,20,6,14
S01010200,Couple family: No parents working,10,2,8
S01010200,Lone parent family: Total,32,18,14
S01010200,Lone parent family: Parent working,25,14,11
S01010200,Lone parent family: Parent not working,7,4,3
S01010201,All parents aged 16 and over with dependent children,141,64,77
S01010201,Couple family: Total,110,46,64
S01010201,Couple family: Both parents working,78,36,42
S01010201,Couple family: One parent working,22,8,14
S01010201,Couple family: No parents working,10,2,8
S01010201,Lone parent family: Total,31,18,13
S01010201,Lone parent family: Parent working,21,12,9
S01010201,Lone parent family: Parent not working,10,6,4
S01010202,All parents aged 16 and over with dependent children,222,116,106
S01010202,Couple family: Total,112,48,64
S01010202,Couple family: Both parents working,48,20,28
S01010202,Couple family: One parent working,32,14,18
S01010202,Couple family: No parents working,32,14,18
S01010202,Lone parent family: Total,110,68,42
S01010202,Lone parent family: Parent working,36,27,9
S01010202,Lone parent family: Parent not working,74,41,33
S01010203,All parents aged 16 and over with dependent children,181,96,85
S01010203,Couple family: Total,144,72,72
S01010203,Couple family: Both parents working,118,58,60
S01010203,Couple family: One parent working,22,12,10
S01010203,Couple family: No parents working,4,2,2
S01010203,Lone parent family: Total,37,24,13
S01010203,Lone parent family: Parent working,24,16,8
S01010203,Lone parent family: Parent not working,13,8,5
S01010204,All parents aged 16 and over with dependent children,149,74,75
S01010204,Couple family: Total,68,28,40
S01010204,Couple family: Both parents working,20,8,12
S01010204,Couple family: One parent working,22,10,12
S01010204,Couple family: No parents working,26,10,16
S01010204,Lone parent family: Total,81,46,35
S01010204,Lone parent family: Parent working,39,22,17
S01010204,Lone parent family: Parent not working,42,24,18
S01010205,All parents aged 16 and over with dependent children,96,65,31
S01010205,Couple family: Total,50,30,20
S01010205,Couple family: Both parents working,42,28,14
S01010205,Couple family: One parent working,6,2,4
S01010205,Couple family: No parents working,2,0,2
S01010205,Lone parent family: Total,46,35,11
S01010205,Lone parent family: Parent working,20,16,4
S01010205,Lone parent family: Parent not working,26,19,7
S01010206,All parents aged 16 and over with dependent children,160,113,47
S01010206,Couple family: Total,74,40,34
S01010206,Couple family: Both parents working,6,2,4
S01010206,Couple family: One parent working,14,12,2
S01010206,Couple family: No parents working,54,26,28
S01010206,Lone parent family: Total,86,73,13
S01010206,Lone parent family: Parent working,2,2,0
S01010206,Lone parent family: Parent not working,84,71,13
S01010207,All parents aged 16 and over with dependent children,174,43,131
S01010207,Couple family: Total,104,16,88
S01010207,Couple family: Both parents working,12,6,6
S01010207,Couple family: One parent working,28,4,24
S01010207,Couple family: No parents working,64,6,58
S01010207,Lone parent family: Total,70,27,43
S01010207,Lone parent family: Parent working,20,7,13
S01010207,Lone parent family: Parent not working,50,20,30
S01010208,All parents aged 16 and over with dependent children,119,78,41
S01010208,Couple family: Total,72,42,30
S01010208,Couple family: Both parents working,52,36,16
S01010208,Couple family: One parent working,16,2,14
S01010208,Couple family: No parents working,4,4,0
S01010208,Lone parent family: Total,47,36,11
S01010208,Lone parent family: Parent working,24,20,4
S01010208,Lone parent family: Parent not working,23,16,7
S01010209,All parents aged 16 and over with dependent children,141,90,51
S01010209,Couple family: Total,76,44,32
S01010209,Couple family: Both parents working,40,30,10
S01010209,Couple family: One parent working,24,10,14
S01010209,Couple family: No parents working,12,4,8
S01010209,Lone parent family: Total,65,46,19
S01010209,Lone parent family: Parent working,34,27,7
S01010209,Lone parent family: Parent not working,31,19,12
S01010210,All parents aged 16 and over with dependent children,147,83,64
S01010210,Couple family: Total,112,60,52
S01010210,Couple family: Both parents working,70,46,24
S01010210,Couple family: One parent working,26,6,20
S01010210,Couple family: No parents working,16,8,8
S01010210,Lone parent family: Total,35,23,12
S01010210,Lone parent family: Parent working,15,12,3
S01010210,Lone parent family: Parent not working,20,11,9
S01010211,All parents aged 16 and over with dependent children,160,106,54
S01010211,Couple family: Total,92,62,30
S01010211,Couple family: Both parents working,44,34,10
S01010211,Couple family: One parent working,26,16,10
S01010211,Couple family: No parents working,22,12,10
S01010211,Lone parent family: Total,68,44,24
S01010211,Lone parent family: Parent working,32,23,9
S01010211,Lone parent family: Parent not working,36,21,15
S01010212,All parents aged 16 and over with dependent children,194,115,79
S01010212,Couple family: Total,102,48,54
S01010212,Couple family: Both parents working,46,28,18
S01010212,Couple family: One parent working,32,8,24
S01010212,Couple family: No parents working,24,12,12
S01010212,Lone parent family: Total,92,67,25
S01010212,Lone parent family: Parent working,35,22,13
S01010212,Lone parent family: Parent not working,57,45,12
S01010213,All parents aged 16 and over with dependent children,145,97,48
S01010213,Couple family: Total,94,58,36
S01010213,Couple family: Both parents working,54,38,16
S01010213,Couple family: One parent working,28,10,18
S01010213,Couple family: No parents working,12,10,2
S01010213,Lone parent family: Total,51,39,12
S01010213,Lone parent family: Parent working,28,24,4
S01010213,Lone parent family: Parent not working,23,15,8
S01010214,All parents aged 16 and over with dependent children,193,106,87
S01010214,Couple family: Total,146,74,72
S01010214,Couple family: Both parents working,100,56,44
S01010214,Couple family: One parent working,30,10,20
S01010214,Couple family: No parents working,16,8,8
S01010214,Lone parent family: Total,47,32,15
S01010214,Lone parent family: Parent working,31,26,5
S01010214,Lone parent family: Parent not working,16,6,10
S01010215,All parents aged 16 and over with dependent children,133,80,53
S01010215,Couple family: Total,54,22,32
S01010215,Couple family: Both parents working,20,14,6
S01010215,Couple family: One parent working,16,2,14
S01010215,Couple family: No parents working,18,6,12
S01010215,Lone parent family: Total,79,58,21
S01010215,Lone parent family: Parent working,40,29,11
S01010215,Lone parent family: Parent not working,39,29,10
S01010216,All parents aged 16 and over with dependent children,93,49,44
S01010216,Couple family: Total,50,18,32
S01010216,Couple family: Both parents working,20,8,12
S01010216,Couple family: One parent working,24,10,14
S01010216,Couple family: No parents working,6,0,6
S01010216,Lone parent family: Total,43,31,12
S01010216,Lone parent family: Parent working,18,15,3
S01010216,Lone parent family: Parent not working,25,16,9
S01010217,All parents aged 16 and over with dependent children,151,57,94
S01010217,Couple family: Total,70,24,46
S01010217,Couple family: Both parents working,16,6,10
S01010217,Couple family: One parent working,28,10,18
S01010217,Couple family: No parents working,26,8,18
S01010217,Lone parent family: Total,81,33,48
S01010217,Lone parent family: Parent working,22,11,11
S01010217,Lone parent family: Parent not working,59,22,37
S01010218,All parents aged 16 and over with dependent children,184,105,79
S01010218,Couple family: Total,118,60,58
S01010218,Couple family: Both parents working,70,38,32
S01010218,Couple family: One parent working,34,10,24
S01010218,Couple family: No parents working,14,12,2
S01010218,Lone parent family: Total,66,45,21
S01010218,Lone parent family: Parent working,26,22,4
S01010218,Lone parent family: Parent not working,40,23,17
S01010219,All parents aged 16 and over with dependent children,98,56,42
S01010219,Couple family: Total,64,32,32
S01010219,Couple family: Both parents working,30,14,16
S01010219,Couple family: One parent working,24,12,12
S01010219,Couple family: No parents working,10,6,4
S01010219,Lone parent family: Total,34,24,10
S01010219,Lone parent family: Parent working,16,13,3
S01010219,Lone parent family: Parent not working,18,11,7
S01010220,All parents aged 16 and over with dependent children,65,58,7
S01010220,Couple family: Total,52,46,6
S01010220,Couple family: Both parents working,36,34,2
S01010220,Couple family: One parent working,8,4,4
S01010220,Couple family: No parents working,8,8,0
S01010220,Lone parent family: Total,13,12,1
S01010220,Lone parent family: Parent working,12,11,1
S01010220,Lone parent family: Parent not working,1,1,0
S01010221,All parents aged 16 and over with dependent children,63,35,28
S01010221,Couple family: Total,24,16,8
S01010221,Couple family: Both parents working,12,8,4
S01010221,Couple family: One parent working,10,8,2
S01010221,Couple family: No parents working,2,0,2
S01010221,Lone parent family: Total,39,19,20
S01010221,Lone parent family: Parent working,20,11,9
S01010221,Lone parent family: Parent not working,19,8,11
S01010222,All parents aged 16 and over with dependent children,62,40,22
S01010222,Couple family: Total,36,22,14
S01010222,Couple family: Both parents working,14,10,4
S01010222,Couple family: One parent working,18,10,8
S01010222,Couple family: No parents working,4,2,2
S01010222,Lone parent family: Total,26,18,8
S01010222,Lone parent family: Parent working,10,6,4
S01010222,Lone parent family: Parent not working,16,12,4
S01010223,All parents aged 16 and over with dependent children,68,50,18
S01010223,Couple family: Total,32,26,6
S01010223,Couple family: Both parents working,18,18,0
S01010223,Couple family: One parent working,10,6,4
S01010223,Couple family: No parents working,4,2,2
S01010223,Lone parent family: Total,36,24,12
S01010223,Lone parent family: Parent working,18,13,5
S01010223,Lone parent family: Parent not working,18,11,7
S01010224,All parents aged 16 and over with dependent children,205,111,94
S01010224,Couple family: Total,98,52,46
S01010224,Couple family: Both parents working,46,30,16
S01010224,Couple family: One parent working,26,10,16
S01010224,Couple family: No parents working,26,12,14
S01010224,Lone parent family: Total,107,59,48
S01010224,Lone parent family: Parent working,45,25,20
S01010224,Lone parent family: Parent not working,62,34,28
S01010225,All parents aged 16 and over with dependent children,151,93,58
S01010225,Couple family: Total,82,38,44
S01010225,Couple family: Both parents working,34,12,22
S01010225,Couple family: One parent working,30,16,14
S01010225,Couple family: No parents working,18,10,8
S01010225,Lone parent family: Total,69,55,14
S01010225,Lone parent family: Parent working,23,21,2
S01010225,Lone parent family: Parent not working,46,34,12
S01010226,All parents aged 16 and over with dependent children,194,72,122
S01010226,Couple family: Total,138,36,102
S01010226,Couple family: Both parents working,44,18,26
S01010226,Couple family: One parent working,58,14,44
S01010226,Couple family: No parents working,36,4,32
S01010226,Lone parent family: Total,56,36,20
S01010226,Lone parent family: Parent working,20,17,3
S01010226,Lone parent family: Parent not working,36,19,17
S01010227,All parents aged 16 and over with dependent children,195,80,115
S01010227,Couple family: Total,134,52,82
S01010227,Couple family: Both parents working,48,12,36
S01010227,Couple family: One parent working,36,16,20
S01010227,Couple family: No parents working,50,24,26
S01010227,Lone parent family: Total,61,28,33
S01010227,Lone parent family: Parent working,14,7,7
S01010227,Lone parent family: Parent not working,47,21,26
S01010228,All parents aged 16 and over with dependent children,78,42,36
S01010228,Couple family: Total,32,10,22
S01010228,Couple family: Both parents working,18,4,14
S01010228,Couple family: One parent working,8,4,4
S01010228,Couple family: No parents working,6,2,4
S01010228,Lone parent family: Total,46,32,14
S01010228,Lone parent family: Parent working,28,23,5
S01010228,Lone parent family: Parent not working,18,9,9
S01010229,All parents aged 16 and over with dependent children,203,121,82
S01010229,Couple family: Total,124,66,58
S01010229,Couple family: Both parents working,90,52,38
S01010229,Couple family: One parent working,18,8,10
S01010229,Couple family: No parents working,16,6,10
S01010229,Lone parent family: Total,79,55,24
S01010229,Lone parent family: Parent working,44,32,12
S01010229,Lone parent family: Parent not working,35,23,12
S01010230,All parents aged 16 and over with dependent children,186,119,67
S01010230,Couple family: Total,134,86,48
S01010230,Couple family: Both parents working,42,30,12
S01010230,Couple family: One parent working,56,38,18
S01010230,Couple family: No parents working,36,18,18
S01010230,Lone parent family: Total,52,33,19
S01010230,Lone parent family: Parent working,21,16,5
S01010230,Lone parent family: Parent not working,31,17,14
S01010231,All parents aged 16 and over with dependent children,210,122,88
S01010231,Couple family: Total,110,54,56
S01010231,Couple family: Both parents working,64,36,28
S01010231,Couple family: One parent working,32,14,18
S01010231,Couple family: No parents working,14,4,10
S01010231,Lone parent family: Total,100,68,32
S01010231,Lone parent family: Parent working,53,41,12
S01010231,Lone parent family: Parent not working,47,27,20
S01010232,All parents aged 16 and over with dependent children,241,100,141
S01010232,Couple family: Total,152,50,102
S01010232,Couple family: Both parents working,70,24,46
S01010232,Couple family: One parent working,42,12,30
S01010232,Couple family: No parents working,40,14,26
S01010232,Lone parent family: Total,89,50,39
S01010232,Lone parent family: Parent working,42,26,16
S01010232,Lone parent family: Parent not working,47,24,23
S01010233,All parents aged 16 and over with dependent children,221,129,92
S01010233,Couple family: Total,130,72,58
S01010233,Couple family: Both parents working,48,30,18
S01010233,Couple family: One parent working,44,20,24
S01010233,Couple family: No parents working,38,22,16
S01010233,Lone parent family: Total,91,57,34
S01010233,Lone parent family: Parent working,28,18,10
S01010233,Lone parent family: Parent not working,63,39,24
S01010234,All parents aged 16 and over with dependent children,102,76,26
S01010234,Couple family: Total,78,56,22
S01010234,Couple family: Both parents working,50,38,12
S01010234,Couple family: One parent working,16,8,8
S01010234,Couple family: No parents working,12,10,2
S01010234,Lone parent family: Total,24,20,4
S01010234,Lone parent family: Parent working,12,11,1
S01010234,Lone parent family: Parent not working,12,9,3
S01010235,All parents aged 16 and over with dependent children,58,43,15
S01010235,Couple family: Total,42,30,12
S01010235,Couple family: Both parents working,26,18,8
S01010235,Couple family: One parent working,12,10,2
S01010235,Couple family: No parents working,4,2,2
S01010235,Lone parent family: Total,16,13,3
S01010235,Lone parent family: Parent working,6,5,1
S01010235,Lone parent family: Parent not working,10,8,2
S01010236,All parents aged 16 and over with dependent children,90,45,45
S01010236,Couple family: Total,72,32,40
S01010236,Couple family: Both parents working,42,26,16
S01010236,Couple family: One parent working,18,6,12
S01010236,Couple family: No parents working,12,0,12
S01010236,Lone parent family: Total,18,13,5
S01010236,Lone parent family: Parent working,10,8,2
S01010236,Lone parent family: Parent not working,8,5,3
S01010237,All parents aged 16 and over with dependent children,70,33,37
S01010237,Couple family: Total,52,22,30
S01010237,Couple family: Both parents working,30,14,16
S01010237,Couple family: One parent working,14,6,8
S01010237,Couple family: No parents working,8,2,6
S01010237,Lone parent family: Total,18,11,7
S01010237,Lone parent family: Parent working,9,5,4
S01010237,Lone parent family: Parent not working,9,6,3
S01010238,All parents aged 16 and over with dependent children,91,59,32
S01010238,Couple family: Total,62,40,22
S01010238,Couple family: Both parents working,34,24,10
S01010238,Couple family: One parent working,16,14,2
S01010238,Couple family: No parents working,12,2,10
S01010238,Lone parent family: Total,29,19,10
S01010238,Lone parent family: Parent working,14,12,2
S01010238,Lone parent family: Parent not working,15,7,8
S01010239,All parents aged 16 and over with dependent children,101,57,44
S01010239,Couple family: Total,56,32,24
S01010239,Couple family: Both parents working,24,18,6
S01010239,Couple family: One parent working,16,10,6
S01010239,Couple family: No parents working,16,4,12
S01010239,Lone parent family: Total,45,25,20
S01010239,Lone parent family: Parent working,25,19,6
S01010239,Lone parent family: Parent not working,20,6,14
S01010240,All parents aged 16 and over with dependent children,79,46,33
S01010240,Couple family: Total,54,26,28
S01010240,Couple family: Both parents working,22,18,4
S01010240,Couple family: One parent working,22,6,16
S01010240,Couple family: No parents working,10,2,8
S01010240,Lone parent family: Total,25,20,5
S01010240,Lone parent family: Parent working,15,12,3
S01010240,Lone parent family: Parent not working,10,8,2
S01010241,All parents aged 16 and over with dependent children,90,52,38
S01010241,Couple family: Total,58,34,24
S01010241,Couple family: Both parents working,36,16,20
S01010241,Couple family: One parent working,16,12,4
S01010241,Couple family: No parents working,6,6,0
S01010241,Lone parent family: Total,32,18,14
S01010241,Lone parent family: Parent working,21,13,8
S01010241,Lone parent family: Parent not working,11,5,6
S01010242,All parents aged 16 and over with dependent children,132,75,57
S01010242,Couple family: Total,76,42,34
S01010242,Couple family: Both parents working,24,16,8
S01010242,Couple family: One parent working,30,16,14
S01010242,Couple family: No parents working,22,10,12
S01010242,Lone parent family: Total,56,33,23
S01010242,Lone parent family: Parent working,22,14,8
S01010242,Lone parent family: Parent not working,34,19,15
S01010243,All parents aged 16 and over with dependent children,153,96,57
S01010243,Couple family: Total,84,52,32
S01010243,Couple family: Both parents working,32,26,6
S01010243,Couple family: One parent working,26,12,14
S01010243,Couple family: No parents working,26,14,12
S01010243,Lone parent family: Total,69,44,25
S01010243,Lone parent family: Parent working,27,23,4
S01010243,Lone parent family: Parent not working,42,21,21
S01010244,All parents aged 16 and over with dependent children,96,62,34
S01010244,Couple family: Total,40,22,18
S01010244,Couple family: Both parents working,18,16,2
S01010244,Couple family: One parent working,6,6,0
S01010244,Couple family: No parents working,16,0,16
S01010244,Lone parent family: Total,56,40,16
S01010244,Lone parent family: Parent working,22,16,6
S01010244,Lone parent family: Parent not working,34,24,10
S01010245,All parents aged 16 and over with dependent children,161,111,50
S01010245,Couple family: Total,48,26,22
S01010245,Couple family: Both parents working,14,10,4
S01010245,Couple family: One parent working,16,12,4
S01010245,Couple family: No parents working,18,4,14
S01010245,Lone parent family: Total,113,85,28
S01010245,Lone parent family: Parent working,42,32,10
S01010245,Lone parent family: Parent not working,71,53,18
S01010246,All parents aged 16 and over with dependent children,147,81,66
S01010246,Couple family: Total,62,30,32
S01010246,Couple family: Both parents working,34,18,16
S01010246,Couple family: One parent working,16,6,10
S01010246,Couple family: No parents working,12,6,6
S01010246,Lone parent family: Total,85,51,34
S01010246,Lone parent family: Parent working,23,15,8
S01010246,Lone parent family: Parent not working,62,36,26
S01010247,All parents aged 16 and over with dependent children,124,86,38
S01010247,Couple family: Total,100,70,30
S01010247,Couple family: Both parents working,78,56,22
S01010247,Couple family: One parent working,16,8,8
S01010247,Couple family: No parents working,6,6,0
S01010247,Lone parent family: Total,24,16,8
S01010247,Lone parent family: Parent working,17,13,4
S01010247,Lone parent family: Parent not working,7,3,4
S01010248,All parents aged 16 and over with dependent children,75,49,26
S01010248,Couple family: Total,60,36,24
S01010248,Couple family: Both parents working,34,20,14
S01010248,Couple family: One parent working,20,10,10
S01010248,Couple family: No parents working,6,6,0
S01010248,Lone parent family: Total,15,13,2
S01010248,Lone parent family: Parent working,10,10,0
S01010248,Lone parent family: Parent not working,5,3,2
S01010249,All parents aged 16 and over with dependent children,50,44,6
S01010249,Couple family: Total,34,30,4
S01010249,Couple family: Both parents working,16,14,2
S01010249,Couple family: One parent working,14,12,2
S01010249,Couple family: No parents working,4,4,0
S01010249,Lone parent family: Total,16,14,2
S01010249,Lone parent family: Parent working,6,6,0
S01010249,Lone parent family: Parent not working,10,8,2
S01010250,All parents aged 16 and over with dependent children,72,38,34
S01010250,Couple family: Total,58,34,24
S01010250,Couple family: Both parents working,34,24,10
S01010250,Couple family: One parent working,20,10,10
S01010250,Couple family: No parents working,4,0,4
S01010250,Lone parent family: Total,14,4,10
S01010250,Lone parent family: Parent working,7,2,5
S01010250,Lone parent family: Parent not working,7,2,5
S01010251,All parents aged 16 and over with dependent children,100,53,47
S01010251,Couple family: Total,80,42,38
S01010251,Couple family: Both parents working,52,34,18
S01010251,Couple family: One parent working,24,6,18
S01010251,Couple family: No parents working,4,2,2
S01010251,Lone parent family: Total,20,11,9
S01010251,Lone parent family: Parent working,12,7,5
S01010251,Lone parent family: Parent not working,8,4,4
S01010252,All parents aged 16 and over with dependent children,100,59,41
S01010252,Couple family: Total,74,40,34
S01010252,Couple family: Both parents working,56,30,26
S01010252,Couple family: One parent working,10,4,6
S01010252,Couple family: No parents working,8,6,2
S01010252,Lone parent family: Total,26,19,7
S01010252,Lone parent family: Parent working,16,11,5
S01010252,Lone parent family: Parent not working,10,8,2
S01010253,All parents aged 16 and over with dependent children,89,51,38
S01010253,Couple family: Total,42,22,20
S01010253,Couple family: Both parents working,26,16,10
S01010253,Couple family: One parent working,8,6,2
S01010253,Couple family: No parents working,8,0,8
S01010253,Lone parent family: Total,47,29,18
S01010253,Lone parent family: Parent working,22,17,5
S01010253,Lone parent family: Parent not working,25,12,13
S01010254,All parents aged 16 and over with dependent children,142,92,50
S01010254,Couple family: Total,88,52,36
S01010254,Couple family: Both parents working,52,28,24
S01010254,Couple family: One parent working,20,16,4
S01010254,Couple family: No parents working,16,8,8
S01010254,Lone parent family: Total,54,40,14
S01010254,Lone parent family: Parent working,28,20,8
S01010254,Lone parent family: Parent not working,26,20,6
S01010255,All parents aged 16 and over with dependent children,127,61,66
S01010255,Couple family: Total,68,26,42
S01010255,Couple family: Both parents working,28,10,18
S01010255,Couple family: One parent working,16,6,10
S01010255,Couple family: No parents working,24,10,14
S01010255,Lone parent family: Total,59,35,24
S01010255,Lone parent family: Parent working,29,13,16
S01010255,Lone parent family: Parent not working,30,22,8
S01010256,All parents aged 16 and over with dependent children,134,84,50
S01010256,Couple family: Total,58,30,28
S01010256,Couple family: Both parents working,22,14,8
S01010256,Couple family: One parent working,24,12,12
S01010256,Couple family: No parents working,12,4,8
S01010256,Lone parent family: Total,76,54,22
S01010256,Lone parent family: Parent working,40,35,5
S01010256,Lone parent family: Parent not working,36,19,17
S01010257,All parents aged 16 and over with dependent children,28,24,4
S01010257,Couple family: Total,10,8,2
S01010257,Couple family: Both parents working,4,4,0
S01010257,Couple family: One parent working,2,2,0
S01010257,Couple family: No parents working,4,2,2
S01010257,Lone parent family: Total,18,16,2
S01010257,Lone parent family: Parent working,9,8,1
S01010257,Lone parent family: Parent not working,9,8,1
S01010258,All parents aged 16 and over with dependent children,20,14,6
S01010258,Couple family: Total,18,12,6
S01010258,Couple family: Both parents working,4,2,2
S01010258,Couple family: One parent working,10,8,2
S01010258,Couple family: No parents working,4,2,2
S01010258,Lone parent family: Total,2,2,0
S01010258,Lone parent family: Parent working,0,0,0
S01010258,Lone parent family: Parent not working,2,2,0
S01010259,All parents aged 16 and over with dependent children,94,56,38
S01010259,Couple family: Total,48,28,20
S01010259,Couple family: Both parents working,16,12,4
S01010259,Couple family: One parent working,16,10,6
S01010259,Couple family: No parents working,16,6,10
S01010259,Lone parent family: Total,46,28,18
S01010259,Lone parent family: Parent working,25,16,9
S01010259,Lone parent family: Parent not working,21,12,9
S01010260,All parents aged 16 and over with dependent children,51,35,16
S01010260,Couple family: Total,32,24,8
S01010260,Couple family: Both parents working,12,12,0
S01010260,Couple family: One parent working,14,8,6
S01010260,Couple family: No parents working,6,4,2
S01010260,Lone parent family: Total,19,11,8
S01010260,Lone parent family: Parent working,10,8,2
S01010260,Lone parent family: Parent not working,9,3,6
S01010261,All parents aged 16 and over with dependent children,67,36,31
S01010261,Couple family: Total,38,16,22
S01010261,Couple family: Both parents working,8,6,2
S01010261,Couple family: One parent working,10,2,8
S01010261,Couple family: No parents working,20,8,12
S01010261,Lone parent family: Total,29,20,9
S01010261,Lone parent family: Parent working,14,9,5
S01010261,Lone parent family: Parent not working,15,11,4
S01010262,All parents aged 16 and over with dependent children,33,19,14
S01010262,Couple family: Total,20,10,10
S01010262,Couple family: Both parents working,2,0,2
S01010262,Couple family: One parent working,12,6,6
S01010262,Couple family: No parents working,6,4,2
S01010262,Lone parent family: Total,13,9,4
S01010262,Lone parent family: Parent working,5,4,1
S01010262,Lone parent family: Parent not working,8,5,3
S01010263,All parents aged 16 and over with dependent children,25,23,2
S01010263,Couple family: Total,18,18,0
S01010263,Couple family: Both parents working,14,14,0
S01010263,Couple family: One parent working,4,4,0
S01010263,Couple family: No parents working,0,0,0
S01010263,Lone parent family: Total,7,5,2
S01010263,Lone parent family: Parent working,3,2,1
S01010263,Lone parent family: Parent not working,4,3,1
S01010264,All parents aged 16 and over with dependent children,13,11,2
S01010264,Couple family: Total,10,8,2
S01010264,Couple family: Both parents working,4,2,2
S01010264,Couple family: One parent working,2,2,0
S01010264,Couple family: No parents working,4,4,0
S01010264,Lone parent family: Total,3,3,0
S01010264,Lone parent family: Parent working,1,1,0
S01010264,Lone parent family: Parent not working,2,2,0
S01010265,All parents aged 16 and over with dependent children,21,14,7
S01010265,Couple family: Total,16,12,4
S01010265,Couple family: Both parents working,6,6,0
S01010265,Couple family: One parent working,6,4,2
S01010265,Couple family: No parents working,4,2,2
S01010265,Lone parent family: Total,5,2,3
S01010265,Lone parent family: Parent working,3,2,1
S01010265,Lone parent family: Parent not working,2,0,2
S01010266,All parents aged 16 and over with dependent children,59,27,32
S01010266,Couple family: Total,48,20,28
S01010266,Couple family: Both parents working,16,8,8
S01010266,Couple family: One parent working,22,8,14
S01010266,Couple family: No parents working,10,4,6
S01010266,Lone parent family: Total,11,7,4
S01010266,Lone parent family: Parent working,5,3,2
S01010266,Lone parent family: Parent not working,6,4,2
S01010267,All parents aged 16 and over with dependent children,31,20,11
S01010267,Couple family: Total,26,16,10
S01010267,Couple family: Both parents working,10,4,6
S01010267,Couple family: One parent working,12,8,4
S01010267,Couple family: No parents working,4,4,0
S01010267,Lone parent family: Total,5,4,1
S01010267,Lone parent family: Parent working,3,3,0
S01010267,Lone parent family: Parent not working,2,1,1
S01010268,All parents aged 16 and over with dependent children,68,46,22
S01010268,Couple family: Total,52,36,16
S01010268,Couple family: Both parents working,20,12,8
S01010268,Couple family: One parent working,26,20,6
S01010268,Couple family: No parents working,6,4,2
S01010268,Lone parent family: Total,16,10,6
S01010268,Lone parent family: Parent working,8,5,3
S01010268,Lone parent family: Parent not working,8,5,3
S01010269,All parents aged 16 and over with dependent children,34,21,13
S01010269,Couple family: Total,30,18,12
S01010269,Couple family: Both parents working,14,8,6
S01010269,Couple family: One parent working,8,4,4
S01010269,Couple family: No parents working,8,6,2
S01010269,Lone parent family: Total,4,3,1
S01010269,Lone parent family: Parent working,2,2,0
S01010269,Lone parent family: Parent not working,2,1,1
S01010270,All parents aged 16 and over with dependent children,41,26,15
S01010270,Couple family: Total,30,16,14
S01010270,Couple family: Both parents working,18,8,10
S01010270,Couple family: One parent working,6,4,2
S01010270,Couple family: No parents working,6,4,2
S01010270,Lone parent family: Total,11,10,1
S01010270,Lone parent family: Parent working,5,5,0
S01010270,Lone parent family: Parent not working,6,5,1
S01010271,All parents aged 16 and over with dependent children,45,16,29
S01010271,Couple family: Total,38,12,26
S01010271,Couple family: Both parents working,16,10,6
S01010271,Couple family: One parent working,18,2,16
S01010271,Couple family: No parents working,4,0,4
S01010271,Lone parent family: Total,7,4,3
S01010271,Lone parent family: Parent working,3,2,1
S01010271,Lone parent family: Parent not working,4,2,2
S01010272,All parents aged 16 and over with dependent children,83,51,32
S01010272,Couple family: Total,62,40,22
S01010272,Couple family: Both parents working,28,22,6
S01010272,Couple family: One parent working,24,12,12
S01010272,Couple family: No parents working,10,6,4
S01010272,Lone parent family: Total,21,11,10
S01010272,Lone parent family: Parent working,2,0,2
S01010272,Lone parent family: Parent not working,19,11,8
S01010273,All parents aged 16 and over with dependent children,19,16,3
S01010273,Couple family: Total,12,10,2
S01010273,Couple family: Both parents working,10,8,2
S01010273,Couple family: One parent working,2,2,0
S01010273,Couple family: No parents working,0,0,0
S01010273,Lone parent family: Total,7,6,1
S01010273,Lone parent family: Parent working,2,2,0
S01010273,Lone parent family: Parent not working,5,4,1
S01010274,All parents aged 16 and over with dependent children,14,13,1
S01010274,Couple family: Total,12,12,0
S01010274,Couple family: Both parents working,4,4,0
S01010274,Couple family: One parent working,6,6,0
S01010274,Couple family: No parents working,2,2,0
S01010274,Lone parent family: Total,2,1,1
S01010274,Lone parent family: Parent working,2,1,1
S01010274,Lone parent family: Parent not working,0,0,0
S01010275,All parents aged 16 and over with dependent children,25,18,7
S01010275,Couple family: Total,18,12,6
S01010275,Couple family: Both parents working,12,10,2
S01010275,Couple family: One parent working,2,0,2
S01010275,Couple family: No parents working,4,2,2
S01010275,Lone parent family: Total,7,6,1
S01010275,Lone parent family: Parent working,4,4,0
S01010275,Lone parent family: Parent not working,3,2,1
S01010276,All parents aged 16 and over with dependent children,82,55,27
S01010276,Couple family: Total,70,46,24
S01010276,Couple family: Both parents working,34,18,16
S01010276,Couple family: One parent working,32,26,6
S01010276,Couple family: No parents working,4,2,2
S01010276,Lone parent family: Total,12,9,3
S01010276,Lone parent family: Parent working,8,8,0
S01010276,Lone parent family: Parent not working,4,1,3
S01010277,All parents aged 16 and over with dependent children,81,37,44
S01010277,Couple family: Total,58,24,34
S01010277,Couple family: Both parents working,26,14,12
S01010277,Couple family: One parent working,26,10,16
S01010277,Couple family: No parents working,6,0,6
S01010277,Lone parent family: Total,23,13,10
S01010277,Lone parent family: Parent working,15,8,7
S01010277,Lone parent family: Parent not working,8,5,3
S01010278,All parents aged 16 and over with dependent children,124,52,72
S01010278,Couple family: Total,64,14,50
S01010278,Couple family: Both parents working,14,2,12
S01010278,Couple family: One parent working,34,8,26
S01010278,Couple family: No parents working,16,4,12
S01010278,Lone parent family: Total,60,38,22
S01010278,Lone parent family: Parent working,32,21,11
S01010278,Lone parent family: Parent not working,28,17,11
S01010279,All parents aged 16 and over with dependent children,75,45,30
S01010279,Couple family: Total,52,32,20
S01010279,Couple family: Both parents working,26,16,10
S01010279,Couple family: One parent working,20,10,10
S01010279,Couple family: No parents working,6,6,0
S01010279,Lone parent family: Total,23,13,10
S01010279,Lone parent family: Parent working,8,6,2
S01010279,Lone parent family: Parent not working,15,7,8
S01010280,All parents aged 16 and over with dependent children,71,54,17
S01010280,Couple family: Total,54,40,14
S01010280,Couple family: Both parents working,30,26,4
S01010280,Couple family: One parent working,20,12,8
S01010280,Couple family: No parents working,4,2,2
S01010280,Lone parent family: Total,17,14,3
S01010280,Lone parent family: Parent working,7,4,3
S01010280,Lone parent family: Parent not working,10,10,0
S01010281,All parents aged 16 and over with dependent children,66,44,22
S01010281,Couple family: Total,62,40,22
S01010281,Couple family: Both parents working,16,16,0
S01010281,Couple family: One parent working,22,16,6
S01010281,Couple family: No parents working,24,8,16
S01010281,Lone parent family: Total,4,4,0
S01010281,Lone parent family: Parent working,3,3,0
S01010281,Lone parent family: Parent not working,1,1,0
S01010282,All parents aged 16 and over with dependent children,97,66,31
S01010282,Couple family: Total,76,50,26
S01010282,Couple family: Both parents working,36,26,10
S01010282,Couple family: One parent working,34,22,12
S01010282,Couple family: No parents working,6,2,4
S01010282,Lone parent family: Total,21,16,5
S01010282,Lone parent family: Parent working,8,5,3
S01010282,Lone parent family: Parent not working,13,11,2
S01010283,All parents aged 16 and over with dependent children,47,29,18
S01010283,Couple family: Total,30,16,14
S01010283,Couple family: Both parents working,12,6,6
S01010283,Couple family: One parent working,12,4,8
S01010283,Couple family: No parents working,6,6,0
S01010283,Lone parent family: Total,17,13,4
S01010283,Lone parent family: Parent working,8,6,2
S01010283,Lone parent family: Parent not working,9,7,2
S01010284,All parents aged 16 and over with dependent children,66,41,25
S01010284,Couple family: Total,56,34,22
S01010284,Couple family: Both parents working,42,30,12
S01010284,Couple family: One parent working,6,2,4
S01010284,Couple family: No parents working,8,2,6
S01010284,Lone parent family: Total,10,7,3
S01010284,Lone parent family: Parent working,7,4,3
S01010284,Lone parent family: Parent not working,3,3,0
S01010285,All parents aged 16 and over with dependent children,106,61,45
S01010285,Couple family: Total,78,46,32
S01010285,Couple family: Both parents working,42,26,16
S01010285,Couple family: One parent working,26,14,12
S01010285,Couple family: No parents working,10,6,4
S01010285,Lone parent family: Total,28,15,13
S01010285,Lone parent family: Parent working,14,8,6
S01010285,Lone parent family: Parent not working,14,7,7
S01010286,All parents aged 16 and over with dependent children,85,51,34
S01010286,Couple family: Total,72,40,32
S01010286,Couple family: Both parents working,34,24,10
S01010286,Couple family: One parent working,32,14,18
S01010286,Couple family: No parents working,6,2,4
S01010286,Lone parent family: Total,13,11,2
S01010286,Lone parent family: Parent working,5,4,1
S01010286,Lone parent family: Parent not working,8,7,1
S01010287,All parents aged 16 and over with dependent children,66,51,15
S01010287,Couple family: Total,58,44,14
S01010287,Couple family: Both parents working,46,36,10
S01010287,Couple family: One parent working,8,4,4
S01010287,Couple family: No parents working,4,4,0
S01010287,Lone parent family: Total,8,7,1
S01010287,Lone parent family: Parent working,5,4,1
S01010287,Lone parent family: Parent not working,3,3,0
S01010288,All parents aged 16 and over with dependent children,69,37,32
S01010288,Couple family: Total,64,34,30
S01010288,Couple family: Both parents working,48,28,20
S01010288,Couple family: One parent working,12,4,8
S01010288,Couple family: No parents working,4,2,2
S01010288,Lone parent family: Total,5,3,2
S01010288,Lone parent family: Parent working,4,2,2
S01010288,Lone parent family: Parent not working,1,1,0
S01010289,All parents aged 16 and over with dependent children,111,63,48
S01010289,Couple family: Total,106,58,48
S01010289,Couple family: Both parents working,84,48,36
S01010289,Couple family: One parent working,20,10,10
S01010289,Couple family: No parents working,2,0,2
S01010289,Lone parent family: Total,5,5,0
S01010289,Lone parent family: Parent working,4,4,0
S01010289,Lone parent family: Parent not working,1,1,0
S01010290,All parents aged 16 and over with dependent children,53,18,35
S01010290,Couple family: Total,46,12,34
S01010290,Couple family: Both parents working,10,8,2
S01010290,Couple family: One parent working,20,2,18
S01010290,Couple family: No parents working,16,2,14
S01010290,Lone parent family: Total,7,6,1
S01010290,Lone parent family: Parent working,3,3,0
S01010290,Lone parent family: Parent not working,4,3,1
S01010291,All parents aged 16 and over with dependent children,85,48,37
S01010291,Couple family: Total,62,34,28
S01010291,Couple family: Both parents working,18,10,8
S01010291,Couple family: One parent working,26,16,10
S01010291,Couple family: No parents working,18,8,10
S01010291,Lone parent family: Total,23,14,9
S01010291,Lone parent family: Parent working,17,10,7
S01010291,Lone parent family: Parent not working,6,4,2
S01010292,All parents aged 16 and over with dependent children,56,20,36
S01010292,Couple family: Total,52,18,34
S01010292,Couple family: Both parents working,38,16,22
S01010292,Couple family: One parent working,10,0,10
S01010292,Couple family: No parents working,4,2,2
S01010292,Lone parent family: Total,4,2,2
S01010292,Lone parent family: Parent working,2,2,0
S01010292,Lone parent family: Parent not working,2,0,2
S01010293,All parents aged 16 and over with dependent children,80,29,51
S01010293,Couple family: Total,66,20,46
S01010293,Couple family: Both parents working,8,4,4
S01010293,Couple family: One parent working,34,10,24
S01010293,Couple family: No parents working,24,6,18
S01010293,Lone parent family: Total,14,9,5
S01010293,Lone parent family: Parent working,3,0,3
S01010293,Lone parent family: Parent not working,11,9,2
S01010294,All parents aged 16 and over with dependent children,47,16,31
S01010294,Couple family: Total,38,12,26
S01010294,Couple family: Both parents working,18,8,10
S01010294,Couple family: One parent working,16,2,14
S01010294,Couple family: No parents working,4,2,2
S01010294,Lone parent family: Total,9,4,5
S01010294,Lone parent family: Parent working,7,3,4
S01010294,Lone parent family: Parent not working,2,1,1
S01010295,All parents aged 16 and over with dependent children,77,38,39
S01010295,Couple family: Total,62,28,34
S01010295,Couple family: Both parents working,22,12,10
S01010295,Couple family: One parent working,26,10,16
S01010295,Couple family: No parents working,14,6,8
S01010295,Lone parent family: Total,15,10,5
S01010295,Lone parent family: Parent working,6,5,1
S01010295,Lone parent family: Parent not working,9,5,4
S01010296,All parents aged 16 and over with dependent children,82,38,44
S01010296,Couple family: Total,62,24,38
S01010296,Couple family: Both parents working,20,14,6
S01010296,Couple family: One parent working,38,10,28
S01010296,Couple family: No parents working,4,0,4
S01010296,Lone parent family: Total,20,14,6
S01010296,Lone parent family: Parent working,8,6,2
S01010296,Lone parent family: Parent not working,12,8,4
S01010297,All parents aged 16 and over with dependent children,76,47,29
S01010297,Couple family: Total,42,22,20
S01010297,Couple family: Both parents working,18,4,14
S01010297,Couple family: One parent working,16,14,2
S01010297,Couple family: No parents working,8,4,4
S01010297,Lone parent family: Total,34,25,9
S01010297,Lone parent family: Parent working,12,8,4
S01010297,Lone parent family: Parent not working,22,17,5
S01010298,All parents aged 16 and over with dependent children,76,45,31
S01010298,Couple family: Total,62,34,28
S01010298,Couple family: Both parents working,34,24,10
S01010298,Couple family: One parent working,20,6,14
S01010298,Couple family: No parents working,8,4,4
S01010298,Lone parent family: Total,14,11,3
S01010298,Lone parent family: Parent working,7,6,1
S01010298,Lone parent family: Parent not working,7,5,2
S01010299,All parents aged 16 and over with dependent children,81,38,43
S01010299,Couple family: Total,58,24,34
S01010299,Couple family: Both parents working,8,6,2
S01010299,Couple family: One parent working,38,12,26
S01010299,Couple family: No parents working,12,6,6
S01010299,Lone parent family: Total,23,14,9
S01010299,Lone parent family: Parent working,4,3,1
S01010299,Lone parent family: Parent not working,19,11,8
S01010300,All parents aged 16 and over with dependent children,89,43,46
S01010300,Couple family: Total,58,26,32
S01010300,Couple family: Both parents working,20,18,2
S01010300,Couple family: One parent working,20,4,16
S01010300,Couple family: No parents working,18,4,14
S01010300,Lone parent family: Total,31,17,14
S01010300,Lone parent family: Parent working,17,10,7
S01010300,Lone parent family: Parent not working,14,7,7
S01010301,All parents aged 16 and over with dependent children,56,33,23
S01010301,Couple family: Total,40,24,16
S01010301,Couple family: Both parents working,14,12,2
S01010301,Couple family: One parent working,16,8,8
S01010301,Couple family: No parents working,10,4,6
S01010301,Lone parent family: Total,16,9,7
S01010301,Lone parent family: Parent working,10,7,3
S01010301,Lone parent family: Parent not working,6,2,4
S01010302,All parents aged 16 and over with dependent children,97,46,51
S01010302,Couple family: Total,50,20,30
S01010302,Couple family: Both parents working,18,6,12
S01010302,Couple family: One parent working,20,10,10
S01010302,Couple family: No parents working,12,4,8
S01010302,Lone parent family: Total,47,26,21
S01010302,Lone parent family: Parent working,12,7,5
S01010302,Lone parent family: Parent not working,35,19,16
S01010303,All parents aged 16 and over with dependent children,168,75,93
S01010303,Couple family: Total,112,38,74
S01010303,Couple family: Both parents working,26,16,10
S01010303,Couple family: One parent working,34,16,18
S01010303,Couple family: No parents working,52,6,46
S01010303,Lone parent family: Total,56,37,19
S01010303,Lone parent family: Parent working,21,16,5
S01010303,Lone parent family: Parent not working,35,21,14
S01010304,All parents aged 16 and over with dependent children,57,29,28
S01010304,Couple family: Total,34,18,16
S01010304,Couple family: Both parents working,8,8,0
S01010304,Couple family: One parent working,22,6,16
S01010304,Couple family: No parents working,4,4,0
S01010304,Lone parent family: Total,23,11,12
S01010304,Lone parent family: Parent working,8,6,2
S01010304,Lone parent family: Parent not working,15,5,10
S01010305,All parents aged 16 and over with dependent children,56,37,19
S01010305,Couple family: Total,38,22,16
S01010305,Couple family: Both parents working,16,10,6
S01010305,Couple family: One parent working,18,12,6
S01010305,Couple family: No parents working,4,0,4
S01010305,Lone parent family: Total,18,15,3
S01010305,Lone parent family: Parent working,9,9,0
S01010305,Lone parent family: Parent not working,9,6,3
S01010306,All parents aged 16 and over with dependent children,71,44,27
S01010306,Couple family: Total,44,26,18
S01010306,Couple family: Both parents working,30,16,14
S01010306,Couple family: One parent working,12,8,4
S01010306,Couple family: No parents working,2,2,0
S01010306,Lone parent family: Total,27,18,9
S01010306,Lone parent family: Parent working,16,11,5
S01010306,Lone parent family: Parent not working,11,7,4
S01010307,All parents aged 16 and over with dependent children,89,54,35
S01010307,Couple family: Total,76,44,32
S01010307,Couple family: Both parents working,58,36,22
S01010307,Couple family: One parent working,14,8,6
S01010307,Couple family: No parents working,4,0,4
S01010307,Lone parent family: Total,13,10,3
S01010307,Lone parent family: Parent working,10,8,2
S01010307,Lone parent family: Parent not working,3,2,1
S01010308,All parents aged 16 and over with dependent children,120,64,56
S01010308,Couple family: Total,94,46,48
S01010308,Couple family: Both parents working,66,28,38
S01010308,Couple family: One parent working,22,14,8
S01010308,Couple family: No parents working,6,4,2
S01010308,Lone parent family: Total,26,18,8
S01010308,Lone parent family: Parent working,16,14,2
S01010308,Lone parent family: Parent not working,10,4,6
S01010309,All parents aged 16 and over with dependent children,34,21,13
S01010309,Couple family: Total,24,16,8
S01010309,Couple family: Both parents working,14,8,6
S01010309,Couple family: One parent working,8,6,2
S01010309,Couple family: No parents working,2,2,0
S01010309,Lone parent family: Total,10,5,5
S01010309,Lone parent family: Parent working,3,1,2
S01010309,Lone parent family: Parent not working,7,4,3
S01010310,All parents aged 16 and over with dependent children,144,85,59
S01010310,Couple family: Total,90,54,36
S01010310,Couple family: Both parents working,46,26,20
S01010310,Couple family: One parent working,24,16,8
S01010310,Couple family: No parents working,20,12,8
S01010310,Lone parent family: Total,54,31,23
S01010310,Lone parent family: Parent working,17,8,9
S01010310,Lone parent family: Parent not working,37,23,14
S01010311,All parents aged 16 and over with dependent children,135,84,51
S01010311,Couple family: Total,70,40,30
S01010311,Couple family: Both parents working,30,24,6
S01010311,Couple family: One parent working,22,10,12
S01010311,Couple family: No parents working,18,6,12
S01010311,Lone parent family: Total,65,44,21
S01010311,Lone parent family: Parent working,26,22,4
S01010311,Lone parent family: Parent not working,39,22,17
S01010312,All parents aged 16 and over with dependent children,153,78,75
S01010312,Couple family: Total,64,32,32
S01010312,Couple family: Both parents working,14,8,6
S01010312,Couple family: One parent working,32,14,18
S01010312,Couple family: No parents working,18,10,8
S01010312,Lone parent family: Total,89,46,43
S01010312,Lone parent family: Parent working,32,21,11
S01010312,Lone parent family: Parent not working,57,25,32
S01010313,All parents aged 16 and over with dependent children,104,58,46
S01010313,Couple family: Total,62,38,24
S01010313,Couple family: Both parents working,30,18,12
S01010313,Couple family: One parent working,6,2,4
S01010313,Couple family: No parents working,26,18,8
S01010313,Lone parent family: Total,42,20,22
S01010313,Lone parent family: Parent working,19,12,7
S01010313,Lone parent family: Parent not working,23,8,15
S01010314,All parents aged 16 and over with dependent children,137,79,58
S01010314,Couple family: Total,82,40,42
S01010314,Couple family: Both parents working,42,30,12
S01010314,Couple family: One parent working,24,4,20
S01010314,Couple family: No parents working,16,6,10
S01010314,Lone parent family: Total,55,39,16
S01010314,Lone parent family: Parent working,24,20,4
S01010314,Lone parent family: Parent not working,31,19,12
S01010315,All parents aged 16 and over with dependent children,216,130,86
S01010315,Couple family: Total,138,74,64
S01010315,Couple family: Both parents working,86,50,36
S01010315,Couple family: One parent working,40,20,20
S01010315,Couple family: No parents working,12,4,8
S01010315,Lone parent family: Total,78,56,22
S01010315,Lone parent family: Parent working,38,31,7
S01010315,Lone parent family: Parent not working,40,25,15
S01010316,All parents aged 16 and over with dependent children,82,52,30
S01010316,Couple family: Total,34,14,20
S01010316,Couple family: Both parents working,18,8,10
S01010316,Couple family: One parent working,10,4,6
S01010316,Couple family: No parents working,6,2,4
S01010316,Lone parent family: Total,48,38,10
S01010316,Lone parent family: Parent working,20,17,3
S01010316,Lone parent family: Parent not working,28,21,7
S01010317,All parents aged 16 and over with dependent children,54,47,7
S01010317,Couple family: Total,42,36,6
S01010317,Couple family: Both parents working,24,20,4
S01010317,Couple family: One parent working,14,14,0
S01010317,Couple family: No parents working,4,2,2
S01010317,Lone parent family: Total,12,11,1
S01010317,Lone parent family: Parent working,9,8,1
S01010317,Lone parent family: Parent not working,3,3,0
S01010318,All parents aged 16 and over with dependent children,67,40,27
S01010318,Couple family: Total,28,12,16
S01010318,Couple family: Both parents working,12,6,6
S01010318,Couple family: One parent working,14,4,10
S01010318,Couple family: No parents working,2,2,0
S01010318,Lone parent family: Total,39,28,11
S01010318,Lone parent family: Parent working,21,15,6
S01010318,Lone parent family: Parent not working,18,13,5
S01010319,All parents aged 16 and over with dependent children,84,60,24
S01010319,Couple family: Total,60,44,16
S01010319,Couple family: Both parents working,38,32,6
S01010319,Couple family: One parent working,18,8,10
S01010319,Couple family: No parents working,4,4,0
S01010319,Lone parent family: Total,24,16,8
S01010319,Lone parent family: Parent working,13,7,6
S01010319,Lone parent family: Parent not working,11,9,2
S01010320,All parents aged 16 and over with dependent children,51,34,17
S01010320,Couple family: Total,30,22,8
S01010320,Couple family: Both parents working,20,18,2
S01010320,Couple family: One parent working,6,2,4
S01010320,Couple family: No parents working,4,2,2
S01010320,Lone parent family: Total,21,12,9
S01010320,Lone parent family: Parent working,7,6,1
S01010320,Lone parent family: Parent not working,14,6,8
S01010321,All parents aged 16 and over with dependent children,52,29,23
S01010321,Couple family: Total,30,16,14
S01010321,Couple family: Both parents working,12,10,2
S01010321,Couple family: One parent working,8,4,4
S01010321,Couple family: No parents working,10,2,8
S01010321,Lone parent family: Total,22,13,9
S01010321,Lone parent family: Parent working,13,6,7
S01010321,Lone parent family: Parent not working,9,7,2
S01010322,All parents aged 16 and over with dependent children,109,72,37
S01010322,Couple family: Total,94,60,34
S01010322,Couple family: Both parents working,68,44,24
S01010322,Couple family: One parent working,26,16,10
S01010322,Couple family: No parents working,0,0,0
S01010322,Lone parent family: Total,15,12,3
S01010322,Lone parent family: Parent working,11,8,3
S01010322,Lone parent family: Parent not working,4,4,0
S01010323,All parents aged 16 and over with dependent children,88,56,32
S01010323,Couple family: Total,34,22,12
S01010323,Couple family: Both parents working,16,16,0
S01010323,Couple family: One parent working,12,0,12
S01010323,Couple family: No parents working,6,6,0
S01010323,Lone parent family: Total,54,34,20
S01010323,Lone parent family: Parent working,19,12,7
S01010323,Lone parent family: Parent not working,35,22,13
S01010324,All parents aged 16 and over with dependent children,93,49,44
S01010324,Couple family: Total,58,28,30
S01010324,Couple family: Both parents working,36,18,18
S01010324,Couple family: One parent working,14,4,10
S01010324,Couple family: No parents working,8,6,2
S01010324,Lone parent family: Total,35,21,14
S01010324,Lone parent family: Parent working,18,11,7
S01010324,Lone parent family: Parent not working,17,10,7
S01010325,All parents aged 16 and over with dependent children,126,62,64
S01010325,Couple family: Total,88,38,50
S01010325,Couple family: Both parents working,40,18,22
S01010325,Couple family: One parent working,18,12,6
S01010325,Couple family: No parents working,30,8,22
S01010325,Lone parent family: Total,38,24,14
S01010325,Lone parent family: Parent working,23,15,8
S01010325,Lone parent family: Parent not working,15,9,6
S01010326,All parents aged 16 and over with dependent children,209,111,98
S01010326,Couple family: Total,96,48,48
S01010326,Couple family: Both parents working,36,20,16
S01010326,Couple family: One parent working,40,18,22
S01010326,Couple family: No parents working,20,10,10
S01010326,Lone parent family: Total,113,63,50
S01010326,Lone parent family: Parent working,37,28,9
S01010326,Lone parent family: Parent not working,76,35,41
S01010327,All parents aged 16 and over with dependent children,223,120,103
S01010327,Couple family: Total,154,76,78
S01010327,Couple family: Both parents working,92,54,38
S01010327,Couple family: One parent working,48,16,32
S01010327,Couple family: No parents working,14,6,8
S01010327,Lone parent family: Total,69,44,25
S01010327,Lone parent family: Parent working,38,23,15
S01010327,Lone parent family: Parent not working,31,21,10
S01010328,All parents aged 16 and over with dependent children,182,99,83
S01010328,Couple family: Total,140,74,66
S01010328,Couple family: Both parents working,88,48,40
S01010328,Couple family: One parent working,32,10,22
S01010328,Couple family: No parents working,20,16,4
S01010328,Lone parent family: Total,42,25,17
S01010328,Lone parent family: Parent working,22,15,7
S01010328,Lone parent family: Parent not working,20,10,10
S01010329,All parents aged 16 and over with dependent children,77,43,34
S01010329,Couple family: Total,52,24,28
S01010329,Couple family: Both parents working,28,16,12
S01010329,Couple family: One parent working,12,4,8
S01010329,Couple family: No parents working,12,4,8
S01010329,Lone parent family: Total,25,19,6
S01010329,Lone parent family: Parent working,16,11,5
S01010329,Lone parent family: Parent not working,9,8,1
S01010330,All parents aged 16 and over with dependent children,130,68,62
S01010330,Couple family: Total,60,30,30
S01010330,Couple family: Both parents working,26,10,16
S01010330,Couple family: One parent working,22,8,14
S01010330,Couple family: No parents working,12,12,0
S01010330,Lone parent family: Total,70,38,32
S01010330,Lone parent family: Parent working,27,15,12
S01010330,Lone parent family: Parent not working,43,23,20
S01010331,All parents aged 16 and over with dependent children,131,74,57
S01010331,Couple family: Total,58,30,28
S01010331,Couple family: Both parents working,42,26,16
S01010331,Couple family: One parent working,10,2,8
S01010331,Couple family: No parents working,6,2,4
S01010331,Lone parent family: Total,73,44,29
S01010331,Lone parent family: Parent working,36,23,13
S01010331,Lone parent family: Parent not working,37,21,16
S01010332,All parents aged 16 and over with dependent children,127,66,61
S01010332,Couple family: Total,66,34,32
S01010332,Couple family: Both parents working,30,18,12
S01010332,Couple family: One parent working,28,14,14
S01010332,Couple family: No parents working,8,2,6
S01010332,Lone parent family: Total,61,32,29
S01010332,Lone parent family: Parent working,26,16,10
S01010332,Lone parent family: Parent not working,35,16,19
S01010333,All parents aged 16 and over with dependent children,170,96,74
S01010333,Couple family: Total,94,44,50
S01010333,Couple family: Both parents working,60,28,32
S01010333,Couple family: One parent working,18,8,10
S01010333,Couple family: No parents working,16,8,8
S01010333,Lone parent family: Total,76,52,24
S01010333,Lone parent family: Parent working,42,31,11
S01010333,Lone parent family: Parent not working,34,21,13
S01010334,All parents aged 16 and over with dependent children,200,124,76
S01010334,Couple family: Total,114,70,44
S01010334,Couple family: Both parents working,82,54,28
S01010334,Couple family: One parent working,26,12,14
S01010334,Couple family: No parents working,6,4,2
S01010334,Lone parent family: Total,86,54,32
S01010334,Lone parent family: Parent working,53,32,21
S01010334,Lone parent family: Parent not working,33,22,11
S01010335,All parents aged 16 and over with dependent children,137,62,75
S01010335,Couple family: Total,96,40,56
S01010335,Couple family: Both parents working,48,22,26
S01010335,Couple family: One parent working,22,2,20
S01010335,Couple family: No parents working,26,16,10
S01010335,Lone parent family: Total,41,22,19
S01010335,Lone parent family: Parent working,23,12,11
S01010335,Lone parent family: Parent not working,18,10,8
S01010336,All parents aged 16 and over with dependent children,135,88,47
S01010336,Couple family: Total,60,42,18
S01010336,Couple family: Both parents working,30,26,4
S01010336,Couple family: One parent working,18,12,6
S01010336,Couple family: No parents working,12,4,8
S01010336,Lone parent family: Total,75,46,29
S01010336,Lone parent family: Parent working,30,22,8
S01010336,Lone parent family: Parent not working,45,24,21
S01010337,All parents aged 16 and over with dependent children,105,64,41
S01010337,Couple family: Total,58,36,22
S01010337,Couple family: Both parents working,34,22,12
S01010337,Couple family: One parent working,6,4,2
S01010337,Couple family: No parents working,18,10,8
S01010337,Lone parent family: Total,47,28,19
S01010337,Lone parent family: Parent working,24,19,5
S01010337,Lone parent family: Parent not working,23,9,14
S01010338,All parents aged 16 and over with dependent children,163,100,63
S01010338,Couple family: Total,76,44,32
S01010338,Couple family: Both parents working,34,28,6
S01010338,Couple family: One parent working,28,14,14
S01010338,Couple family: No parents working,14,2,12
S01010338,Lone parent family: Total,87,56,31
S01010338,Lone parent family: Parent working,33,23,10
S01010338,Lone parent family: Parent not working,54,33,21
S01010339,All parents aged 16 and over with dependent children,134,81,53
S01010339,Couple family: Total,84,52,32
S01010339,Couple family: Both parents working,48,36,12
S01010339,Couple family: One parent working,24,12,12
S01010339,Couple family: No parents working,12,4,8
S01010339,Lone parent family: Total,50,29,21
S01010339,Lone parent family: Parent working,25,15,10
S01010339,Lone parent family: Parent not working,25,14,11
S01010340,All parents aged 16 and over with dependent children,166,92,74
S01010340,Couple family: Total,96,44,52
S01010340,Couple family: Both parents working,60,30,30
S01010340,Couple family: One parent working,22,6,16
S01010340,Couple family: No parents working,14,8,6
S01010340,Lone parent family: Total,70,48,22
S01010340,Lone parent family: Parent working,36,27,9
S01010340,Lone parent family: Parent not working,34,21,13
S01010341,All parents aged 16 and over with dependent children,120,62,58
S01010341,Couple family: Total,84,42,42
S01010341,Couple family: Both parents working,58,30,28
S01010341,Couple family: One parent working,18,8,10
S01010341,Couple family: No parents working,8,4,4
S01010341,Lone parent family: Total,36,20,16
S01010341,Lone parent family: Parent working,20,13,7
S01010341,Lone parent family: Parent not working,16,7,9
S01010342,All parents aged 16 and over with dependent children,142,85,57
S01010342,Couple family: Total,116,68,48
S01010342,Couple family: Both parents working,100,58,42
S01010342,Couple family: One parent working,16,10,6
S01010342,Couple family: No parents working,0,0,0
S01010342,Lone parent family: Total,26,17,9
S01010342,Lone parent family: Parent working,18,12,6
S01010342,Lone parent family: Parent not working,8,5,3
S01010343,All parents aged 16 and over with dependent children,235,109,126
S01010343,Couple family: Total,200,86,114
S01010343,Couple family: Both parents working,166,74,92
S01010343,Couple family: One parent working,32,12,20
S01010343,Couple family: No parents working,2,0,2
S01010343,Lone parent family: Total,35,23,12
S01010343,Lone parent family: Parent working,27,17,10
S01010343,Lone parent family: Parent not working,8,6,2
S01010344,All parents aged 16 and over with dependent children,112,71,41
S01010344,Couple family: Total,50,28,22
S01010344,Couple family: Both parents working,28,22,6
S01010344,Couple family: One parent working,10,4,6
S01010344,Couple family: No parents working,12,2,10
S01010344,Lone parent family: Total,62,43,19
S01010344,Lone parent family: Parent working,32,25,7
S01010344,Lone parent family: Parent not working,30,18,12
S01010345,All parents aged 16 and over with dependent children,155,64,91
S01010345,Couple family: Total,138,58,80
S01010345,Couple family: Both parents working,104,42,62
S01010345,Couple family: One parent working,32,16,16
S01010345,Couple family: No parents working,2,0,2
S01010345,Lone parent family: Total,17,6,11
S01010345,Lone parent family: Parent working,15,5,10
S01010345,Lone parent family: Parent not working,2,1,1
S01010346,All parents aged 16 and over with dependent children,221,118,103
S01010346,Couple family: Total,188,90,98
S01010346,Couple family: Both parents working,150,74,76
S01010346,Couple family: One parent working,36,14,22
S01010346,Couple family: No parents working,2,2,0
S01010346,Lone parent family: Total,33,28,5
S01010346,Lone parent family: Parent working,28,24,4
S01010346,Lone parent family: Parent not working,5,4,1
S01010347,All parents aged 16 and over with dependent children,188,116,72
S01010347,Couple family: Total,92,54,38
S01010347,Couple family: Both parents working,56,40,16
S01010347,Couple family: One parent working,24,8,16
S01010347,Couple family: No parents working,12,6,6
S01010347,Lone parent family: Total,96,62,34
S01010347,Lone parent family: Parent working,52,33,19
S01010347,Lone parent family: Parent not working,44,29,15
S01010348,All parents aged 16 and over with dependent children,177,100,77
S01010348,Couple family: Total,112,58,54
S01010348,Couple family: Both parents working,80,44,36
S01010348,Couple family: One parent working,26,12,14
S01010348,Couple family: No parents working,6,2,4
S01010348,Lone parent family: Total,65,42,23
S01010348,Lone parent family: Parent working,36,25,11
S01010348,Lone parent family: Parent not working,29,17,12
S01010349,All parents aged 16 and over with dependent children,152,80,72
S01010349,Couple family: Total,100,48,52
S01010349,Couple family: Both parents working,70,36,34
S01010349,Couple family: One parent working,24,6,18
S01010349,Couple family: No parents working,6,6,0
S01010349,Lone parent family: Total,52,32,20
S01010349,Lone parent family: Parent working,35,19,16
S01010349,Lone parent family: Parent not working,17,13,4
S01010350,All parents aged 16 and over with dependent children,195,101,94
S01010350,Couple family: Total,88,36,52
S01010350,Couple family: Both parents working,44,18,26
S01010350,Couple family: One parent working,32,14,18
S01010350,Couple family: No parents working,12,4,8
S01010350,Lone parent family: Total,107,65,42
S01010350,Lone parent family: Parent working,48,29,19
S01010350,Lone parent family: Parent not working,59,36,23
S01010351,All parents aged 16 and over with dependent children,178,90,88
S01010351,Couple family: Total,104,50,54
S01010351,Couple family: Both parents working,76,38,38
S01010351,Couple family: One parent working,18,6,12
S01010351,Couple family: No parents working,10,6,4
S01010351,Lone parent family: Total,74,40,34
S01010351,Lone parent family: Parent working,45,26,19
S01010351,Lone parent family: Parent not working,29,14,15
S01010352,All parents aged 16 and over with dependent children,58,36,22
S01010352,Couple family: Total,32,18,14
S01010352,Couple family: Both parents working,14,8,6
S01010352,Couple family: One parent working,10,8,2
S01010352,Couple family: No parents working,8,2,6
S01010352,Lone parent family: Total,26,18,8
S01010352,Lone parent family: Parent working,12,9,3
S01010352,Lone parent family: Parent not working,14,9,5
S01010353,All parents aged 16 and over with dependent children,197,115,82
S01010353,Couple family: Total,94,50,44
S01010353,Couple family: Both parents working,36,20,16
S01010353,Couple family: One parent working,30,16,14
S01010353,Couple family: No parents working,28,14,14
S01010353,Lone parent family: Total,103,65,38
S01010353,Lone parent family: Parent working,31,22,9
S01010353,Lone parent family: Parent not working,72,43,29
S01010354,All parents aged 16 and over with dependent children,135,80,55
S01010354,Couple family: Total,84,46,38
S01010354,Couple family: Both parents working,44,26,18
S01010354,Couple family: One parent working,22,10,12
S01010354,Couple family: No parents working,18,10,8
S01010354,Lone parent family: Total,51,34,17
S01010354,Lone parent family: Parent working,18,14,4
S01010354,Lone parent family: Parent not working,33,20,13
S01010355,All parents aged 16 and over with dependent children,107,57,50
S01010355,Couple family: Total,56,30,26
S01010355,Couple family: Both parents working,22,16,6
S01010355,Couple family: One parent working,22,8,14
S01010355,Couple family: No parents working,12,6,6
S01010355,Lone parent family: Total,51,27,24
S01010355,Lone parent family: Parent working,24,14,10
S01010355,Lone parent family: Parent not working,27,13,14
S01010356,All parents aged 16 and over with dependent children,136,70,66
S01010356,Couple family: Total,102,50,52
S01010356,Couple family: Both parents working,58,26,32
S01010356,Couple family: One parent working,38,22,16
S01010356,Couple family: No parents working,6,2,4
S01010356,Lone parent family: Total,34,20,14
S01010356,Lone parent family: Parent working,13,7,6
S01010356,Lone parent family: Parent not working,21,13,8
S01010357,All parents aged 16 and over with dependent children,84,50,34
S01010357,Couple family: Total,48,22,26
S01010357,Couple family: Both parents working,24,14,10
S01010357,Couple family: One parent working,10,2,8
S01010357,Couple family: No parents working,14,6,8
S01010357,Lone parent family: Total,36,28,8
S01010357,Lone parent family: Parent working,17,13,4
S01010357,Lone parent family: Parent not working,19,15,4
S01010358,All parents aged 16 and over with dependent children,123,74,49
S01010358,Couple family: Total,64,36,28
S01010358,Couple family: Both parents working,36,26,10
S01010358,Couple family: One parent working,16,4,12
S01010358,Couple family: No parents working,12,6,6
S01010358,Lone parent family: Total,59,38,21
S01010358,Lone parent family: Parent working,33,21,12
S01010358,Lone parent family: Parent not working,26,17,9
S01010359,All parents aged 16 and over with dependent children,156,105,51
S01010359,Couple family: Total,48,32,16
S01010359,Couple family: Both parents working,28,20,8
S01010359,Couple family: One parent working,10,4,6
S01010359,Couple family: No parents working,10,8,2
S01010359,Lone parent family: Total,108,73,35
S01010359,Lone parent family: Parent working,46,34,12
S01010359,Lone parent family: Parent not working,62,39,23
S01010360,All parents aged 16 and over with dependent children,110,53,57
S01010360,Couple family: Total,66,34,32
S01010360,Couple family: Both parents working,24,12,12
S01010360,Couple family: One parent working,26,14,12
S01010360,Couple family: No parents working,16,8,8
S01010360,Lone parent family: Total,44,19,25
S01010360,Lone parent family: Parent working,16,7,9
S01010360,Lone parent family: Parent not working,28,12,16
S01010361,All parents aged 16 and over with dependent children,91,61,30
S01010361,Couple family: Total,34,18,16
S01010361,Couple family: Both parents working,18,8,10
S01010361,Couple family: One parent working,14,8,6
S01010361,Couple family: No parents working,2,2,0
S01010361,Lone parent family: Total,57,43,14
S01010361,Lone parent family: Parent working,35,27,8
S01010361,Lone parent family: Parent not working,22,16,6
S01010362,All parents aged 16 and over with dependent children,52,38,14
S01010362,Couple family: Total,36,24,12
S01010362,Couple family: Both parents working,22,18,4
S01010362,Couple family: One parent working,8,4,4
S01010362,Couple family: No parents working,6,2,4
S01010362,Lone parent family: Total,16,14,2
S01010362,Lone parent family: Parent working,7,5,2
S01010362,Lone parent family: Parent not working,9,9,0
S01010363,All parents aged 16 and over with dependent children,125,71,54
S01010363,Couple family: Total,98,52,46
S01010363,Couple family: Both parents working,66,38,28
S01010363,Couple family: One parent working,28,12,16
S01010363,Couple family: No parents working,4,2,2
S01010363,Lone parent family: Total,27,19,8
S01010363,Lone parent family: Parent working,18,14,4
S01010363,Lone parent family: Parent not working,9,5,4
S01010364,All parents aged 16 and over with dependent children,206,99,107
S01010364,Couple family: Total,192,90,102
S01010364,Couple family: Both parents working,158,78,80
S01010364,Couple family: One parent working,30,10,20
S01010364,Couple family: No parents working,4,2,2
S01010364,Lone parent family: Total,14,9,5
S01010364,Lone parent family: Parent working,12,8,4
S01010364,Lone parent family: Parent not working,2,1,1
S01010365,All parents aged 16 and over with dependent children,183,91,92
S01010365,Couple family: Total,168,78,90
S01010365,Couple family: Both parents working,124,62,62
S01010365,Couple family: One parent working,36,14,22
S01010365,Couple family: No parents working,8,2,6
S01010365,Lone parent family: Total,15,13,2
S01010365,Lone parent family: Parent working,11,11,0
S01010365,Lone parent family: Parent not working,4,2,2
S01010366,All parents aged 16 and over with dependent children,168,100,68
S01010366,Couple family: Total,152,86,66
S01010366,Couple family: Both parents working,108,64,44
S01010366,Couple family: One parent working,38,18,20
S01010366,Couple family: No parents working,6,4,2
S01010366,Lone parent family: Total,16,14,2
S01010366,Lone parent family: Parent working,11,9,2
S01010366,Lone parent family: Parent not working,5,5,0
S01010367,All parents aged 16 and over with dependent children,187,88,99
S01010367,Couple family: Total,166,78,88
S01010367,Couple family: Both parents working,122,48,74
S01010367,Couple family: One parent working,40,26,14
S01010367,Couple family: No parents working,4,4,0
S01010367,Lone parent family: Total,21,10,11
S01010367,Lone parent family: Parent working,17,8,9
S01010367,Lone parent family: Parent not working,4,2,2
S01010368,All parents aged 16 and over with dependent children,105,53,52
S01010368,Couple family: Total,88,42,46
S01010368,Couple family: Both parents working,66,36,30
S01010368,Couple family: One parent working,20,6,14
S01010368,Couple family: No parents working,2,0,2
S01010368,Lone parent family: Total,17,11,6
S01010368,Lone parent family: Parent working,14,9,5
S01010368,Lone parent family: Parent not working,3,2,1
S01010369,All parents aged 16 and over with dependent children,108,56,52
S01010369,Couple family: Total,84,38,46
S01010369,Couple family: Both parents working,62,26,36
S01010369,Couple family: One parent working,18,12,6
S01010369,Couple family: No parents working,4,0,4
S01010369,Lone parent family: Total,24,18,6
S01010369,Lone parent family: Parent working,15,11,4
S01010369,Lone parent family: Parent not working,9,7,2
S01010370,All parents aged 16 and over with dependent children,116,63,53
S01010370,Couple family: Total,102,54,48
S01010370,Couple family: Both parents working,66,42,24
S01010370,Couple family: One parent working,32,12,20
S01010370,Couple family: No parents working,4,0,4
S01010370,Lone parent family: Total,14,9,5
S01010370,Lone parent family: Parent working,9,6,3
S01010370,Lone parent family: Parent not working,5,3,2
S01010371,All parents aged 16 and over with dependent children,125,61,64
S01010371,Couple family: Total,116,58,58
S01010371,Couple family: Both parents working,84,44,40
S01010371,Couple family: One parent working,30,14,16
S01010371,Couple family: No parents working,2,0,2
S01010371,Lone parent family: Total,9,3,6
S01010371,Lone parent family: Parent working,6,3,3
S01010371,Lone parent family: Parent not working,3,0,3
S01010372,All parents aged 16 and over with dependent children,89,45,44
S01010372,Couple family: Total,78,38,40
S01010372,Couple family: Both parents working,60,30,30
S01010372,Couple family: One parent working,18,8,10
S01010372,Couple family: No parents working,0,0,0
S01010372,Lone parent family: Total,11,7,4
S01010372,Lone parent family: Parent working,9,7,2
S01010372,Lone parent family: Parent not working,2,0,2
S01010373,All parents aged 16 and over with dependent children,86,44,42
S01010373,Couple family: Total,76,38,38
S01010373,Couple family: Both parents working,46,24,22
S01010373,Couple family: One parent working,26,12,14
S01010373,Couple family: No parents working,4,2,2
S01010373,Lone parent family: Total,10,6,4
S01010373,Lone parent family: Parent working,8,4,4
S01010373,Lone parent family: Parent not working,2,2,0
S01010374,All parents aged 16 and over with dependent children,149,82,67
S01010374,Couple family: Total,132,72,60
S01010374,Couple family: Both parents working,104,62,42
S01010374,Couple family: One parent working,26,8,18
S01010374,Couple family: No parents working,2,2,0
S01010374,Lone parent family: Total,17,10,7
S01010374,Lone parent family: Parent working,11,5,6
S01010374,Lone parent family: Parent not working,6,5,1
S01010375,All parents aged 16 and over with dependent children,26,8,18
S01010375,Couple family: Total,22,8,14
S01010375,Couple family: Both parents working,16,6,10
S01010375,Couple family: One parent working,6,2,4
S01010375,Couple family: No parents working,0,0,0
S01010375,Lone parent family: Total,4,0,4
S01010375,Lone parent family: Parent working,2,0,2
S01010375,Lone parent family: Parent not working,2,0,2
S01010376,All parents aged 16 and over with dependent children,56,30,26
S01010376,Couple family: Total,52,26,26
S01010376,Couple family: Both parents working,30,20,10
S01010376,Couple family: One parent working,14,4,10
S01010376,Couple family: No parents working,8,2,6
S01010376,Lone parent family: Total,4,4,0
S01010376,Lone parent family: Parent working,1,1,0
S01010376,Lone parent family: Parent not working,3,3,0
S01010377,All parents aged 16 and over with dependent children,88,47,41
S01010377,Couple family: Total,72,42,30
S01010377,Couple family: Both parents working,40,22,18
S01010377,Couple family: One parent working,18,10,8
S01010377,Couple family: No parents working,14,10,4
S01010377,Lone parent family: Total,16,5,11
S01010377,Lone parent family: Parent working,8,3,5
S01010377,Lone parent family: Parent not working,8,2,6
S01010378,All parents aged 16 and over with dependent children,46,18,28
S01010378,Couple family: Total,38,14,24
S01010378,Couple family: Both parents working,22,10,12
S01010378,Couple family: One parent working,12,4,8
S01010378,Couple family: No parents working,4,0,4
S01010378,Lone parent family: Total,8,4,4
S01010378,Lone parent family: Parent working,6,3,3
S01010378,Lone parent family: Parent not working,2,1,1
S01010379,All parents aged 16 and over with dependent children,61,29,32
S01010379,Couple family: Total,52,24,28
S01010379,Couple family: Both parents working,36,12,24
S01010379,Couple family: One parent working,4,2,2
S01010379,Couple family: No parents working,12,10,2
S01010379,Lone parent family: Total,9,5,4
S01010379,Lone parent family: Parent working,6,3,3
S01010379,Lone parent family: Parent not working,3,2,1
S01010380,All parents aged 16 and over with dependent children,104,62,42
S01010380,Couple family: Total,92,54,38
S01010380,Couple family: Both parents working,68,40,28
S01010380,Couple family: One parent working,16,8,8
S01010380,Couple family: No parents working,8,6,2
S01010380,Lone parent family: Total,12,8,4
S01010380,Lone parent family: Parent working,9,5,4
S01010380,Lone parent family: Parent not working,3,3,0
S01010381,All parents aged 16 and over with dependent children,37,21,16
S01010381,Couple family: Total,26,14,12
S01010381,Couple family: Both parents working,12,12,0
S01010381,Couple family: One parent working,2,0,2
S01010381,Couple family: No parents working,12,2,10
S01010381,Lone parent family: Total,11,7,4
S01010381,Lone parent family: Parent working,8,5,3
S01010381,Lone parent family: Parent not working,3,2,1
S01010382,All parents aged 16 and over with dependent children,60,33,27
S01010382,Couple family: Total,40,22,18
S01010382,Couple family: Both parents working,28,20,8
S01010382,Couple family: One parent working,10,2,8
S01010382,Couple family: No parents working,2,0,2
S01010382,Lone parent family: Total,20,11,9
S01010382,Lone parent family: Parent working,11,6,5
S01010382,Lone parent family: Parent not working,9,5,4
S01010383,All parents aged 16 and over with dependent children,61,39,22
S01010383,Couple family: Total,36,24,12
S01010383,Couple family: Both parents working,20,16,4
S01010383,Couple family: One parent working,10,6,4
S01010383,Couple family: No parents working,6,2,4
S01010383,Lone parent family: Total,25,15,10
S01010383,Lone parent family: Parent working,13,6,7
S01010383,Lone parent family: Parent not working,12,9,3
S01010384,All parents aged 16 and over with dependent children,66,52,14
S01010384,Couple family: Total,56,44,12
S01010384,Couple family: Both parents working,38,34,4
S01010384,Couple family: One parent working,16,10,6
S01010384,Couple family: No parents working,2,0,2
S01010384,Lone parent family: Total,10,8,2
S01010384,Lone parent family: Parent working,7,6,1
S01010384,Lone parent family: Parent not working,3,2,1
S01010385,All parents aged 16 and over with dependent children,70,48,22
S01010385,Couple family: Total,46,32,14
S01010385,Couple family: Both parents working,26,18,8
S01010385,Couple family: One parent working,16,12,4
S01010385,Couple family: No parents working,4,2,2
S01010385,Lone parent family: Total,24,16,8
S01010385,Lone parent family: Parent working,16,10,6
S01010385,Lone parent family: Parent not working,8,6,2
S01010386,All parents aged 16 and over with dependent children,89,57,32
S01010386,Couple family: Total,50,36,14
S01010386,Couple family: Both parents working,24,22,2
S01010386,Couple family: One parent working,16,6,10
S01010386,Couple family: No parents working,10,8,2
S01010386,Lone parent family: Total,39,21,18
S01010386,Lone parent family: Parent working,17,11,6
S01010386,Lone parent family: Parent not working,22,10,12
S01010387,All parents aged 16 and over with dependent children,92,62,30
S01010387,Couple family: Total,68,44,24
S01010387,Couple family: Both parents working,46,28,18
S01010387,Couple family: One parent working,18,16,2
S01010387,Couple family: No parents working,4,0,4
S01010387,Lone parent family: Total,24,18,6
S01010387,Lone parent family: Parent working,16,12,4
S01010387,Lone parent family: Parent not working,8,6,2
S01010388,All parents aged 16 and over with dependent children,105,81,24
S01010388,Couple family: Total,56,46,10
S01010388,Couple family: Both parents working,30,22,8
S01010388,Couple family: One parent working,18,16,2
S01010388,Couple family: No parents working,8,8,0
S01010388,Lone parent family: Total,49,35,14
S01010388,Lone parent family: Parent working,31,21,10
S01010388,Lone parent family: Parent not working,18,14,4
S01010389,All parents aged 16 and over with dependent children,64,48,16
S01010389,Couple family: Total,44,34,10
S01010389,Couple family: Both parents working,26,24,2
S01010389,Couple family: One parent working,16,10,6
S01010389,Couple family: No parents working,2,0,2
S01010389,Lone parent family: Total,20,14,6
S01010389,Lone parent family: Parent working,13,9,4
S01010389,Lone parent family: Parent not working,7,5,2
S01010390,All parents aged 16 and over with dependent children,90,59,31
S01010390,Couple family: Total,66,44,22
S01010390,Couple family: Both parents working,50,34,16
S01010390,Couple family: One parent working,10,8,2
S01010390,Couple family: No parents working,6,2,4
S01010390,Lone parent family: Total,24,15,9
S01010390,Lone parent family: Parent working,17,9,8
S01010390,Lone parent family: Parent not working,7,6,1
S01010391,All parents aged 16 and over with dependent children,56,42,14
S01010391,Couple family: Total,26,22,4
S01010391,Couple family: Both parents working,14,12,2
S01010391,Couple family: One parent working,10,10,0
S01010391,Couple family: No parents working,2,0,2
S01010391,Lone parent family: Total,30,20,10
S01010391,Lone parent family: Parent working,19,13,6
S01010391,Lone parent family: Parent not working,11,7,4
S01010392,All parents aged 16 and over with dependent children,94,72,22
S01010392,Couple family: Total,82,62,20
S01010392,Couple family: Both parents working,46,36,10
S01010392,Couple family: One parent working,26,18,8
S01010392,Couple family: No parents working,10,8,2
S01010392,Lone parent family: Total,12,10,2
S01010392,Lone parent family: Parent working,10,9,1
S01010392,Lone parent family: Parent not working,2,1,1
S01010393,All parents aged 16 and over with dependent children,60,39,21
S01010393,Couple family: Total,50,32,18
S01010393,Couple family: Both parents working,38,24,14
S01010393,Couple family: One parent working,8,6,2
S01010393,Couple family: No parents working,4,2,2
S01010393,Lone parent family: Total,10,7,3
S01010393,Lone parent family: Parent working,6,5,1
S01010393,Lone parent family: Parent not working,4,2,2
S01010394,All parents aged 16 and over with dependent children,90,62,28
S01010394,Couple family: Total,52,32,20
S01010394,Couple family: Both parents working,22,14,8
S01010394,Couple family: One parent working,16,6,10
S01010394,Couple family: No parents working,14,12,2
S01010394,Lone parent family: Total,38,30,8
S01010394,Lone parent family: Parent working,13,11,2
S01010394,Lone parent family: Parent not working,25,19,6
S01010395,All parents aged 16 and over with dependent children,104,69,35
S01010395,Couple family: Total,78,52,26
S01010395,Couple family: Both parents working,54,42,12
S01010395,Couple family: One parent working,14,10,4
S01010395,Couple family: No parents working,10,0,10
S01010395,Lone parent family: Total,26,17,9
S01010395,Lone parent family: Parent working,16,13,3
S01010395,Lone parent family: Parent not working,10,4,6
S01010396,All parents aged 16 and over with dependent children,109,64,45
S01010396,Couple family: Total,84,46,38
S01010396,Couple family: Both parents working,44,20,24
S01010396,Couple family: One parent working,32,20,12
S01010396,Couple family: No parents working,8,6,2
S01010396,Lone parent family: Total,25,18,7
S01010396,Lone parent family: Parent working,12,10,2
S01010396,Lone parent family: Parent not working,13,8,5
S01010397,All parents aged 16 and over with dependent children,64,42,22
S01010397,Couple family: Total,62,40,22
S01010397,Couple family: Both parents working,42,32,10
S01010397,Couple family: One parent working,16,8,8
S01010397,Couple family: No parents working,4,0,4
S01010397,Lone parent family: Total,2,2,0
S01010397,Lone parent family: Parent working,0,0,0
S01010397,Lone parent family: Parent not working,2,2,0
S01010398,All parents aged 16 and over with dependent children,120,76,44
S01010398,Couple family: Total,98,60,38
S01010398,Couple family: Both parents working,70,38,32
S01010398,Couple family: One parent working,24,20,4
S01010398,Couple family: No parents working,4,2,2
S01010398,Lone parent family: Total,22,16,6
S01010398,Lone parent family: Parent working,16,12,4
S01010398,Lone parent family: Parent not working,6,4,2
S01010399,All parents aged 16 and over with dependent children,101,78,23
S01010399,Couple family: Total,94,72,22
S01010399,Couple family: Both parents working,78,62,16
S01010399,Couple family: One parent working,14,8,6
S01010399,Couple family: No parents working,2,2,0
S01010399,Lone parent family: Total,7,6,1
S01010399,Lone parent family: Parent working,5,5,0
S01010399,Lone parent family: Parent not working,2,1,1
S01010400,All parents aged 16 and over with dependent children,182,92,90
S01010400,Couple family: Total,154,78,76
S01010400,Couple family: Both parents working,126,58,68
S01010400,Couple family: One parent working,22,14,8
S01010400,Couple family: No parents working,6,6,0
S01010400,Lone parent family: Total,28,14,14
S01010400,Lone parent family: Parent working,18,7,11
S01010400,Lone parent family: Parent not working,10,7,3
S01010401,All parents aged 16 and over with dependent children,60,37,23
S01010401,Couple family: Total,48,28,20
S01010401,Couple family: Both parents working,40,26,14
S01010401,Couple family: One parent working,8,2,6
S01010401,Couple family: No parents working,0,0,0
S01010401,Lone parent family: Total,12,9,3
S01010401,Lone parent family: Parent working,9,8,1
S01010401,Lone parent family: Parent not working,3,1,2
S01010402,All parents aged 16 and over with dependent children,147,73,74
S01010402,Couple family: Total,144,72,72
S01010402,Couple family: Both parents working,124,68,56
S01010402,Couple family: One parent working,20,4,16
S01010402,Couple family: No parents working,0,0,0
S01010402,Lone parent family: Total,3,1,2
S01010402,Lone parent family: Parent working,2,1,1
S01010402,Lone parent family: Parent not working,1,0,1
S01010403,All parents aged 16 and over with dependent children,149,79,70
S01010403,Couple family: Total,134,66,68
S01010403,Couple family: Both parents working,110,52,58
S01010403,Couple family: One parent working,24,14,10
S01010403,Couple family: No parents working,0,0,0
S01010403,Lone parent family: Total,15,13,2
S01010403,Lone parent family: Parent working,15,13,2
S01010403,Lone parent family: Parent not working,0,0,0
S01010404,All parents aged 16 and over with dependent children,119,54,65
S01010404,Couple family: Total,112,52,60
S01010404,Couple family: Both parents working,84,42,42
S01010404,Couple family: One parent working,26,10,16
S01010404,Couple family: No parents working,2,0,2
S01010404,Lone parent family: Total,7,2,5
S01010404,Lone parent family: Parent working,5,2,3
S01010404,Lone parent family: Parent not working,2,0,2
S01010405,All parents aged 16 and over with dependent children,125,63,62
S01010405,Couple family: Total,112,54,58
S01010405,Couple family: Both parents working,88,44,44
S01010405,Couple family: One parent working,24,10,14
S01010405,Couple family: No parents working,0,0,0
S01010405,Lone parent family: Total,13,9,4
S01010405,Lone parent family: Parent working,9,6,3
S01010405,Lone parent family: Parent not working,4,3,1
S01010406,All parents aged 16 and over with dependent children,98,54,44
S01010406,Couple family: Total,90,48,42
S01010406,Couple family: Both parents working,62,36,26
S01010406,Couple family: One parent working,26,12,14
S01010406,Couple family: No parents working,2,0,2
S01010406,Lone parent family: Total,8,6,2
S01010406,Lone parent family: Parent working,5,4,1
S01010406,Lone parent family: Parent not working,3,2,1
S01010407,All parents aged 16 and over with dependent children,61,38,23
S01010407,Couple family: Total,48,30,18
S01010407,Couple family: Both parents working,32,22,10
S01010407,Couple family: One parent working,10,4,6
S01010407,Couple family: No parents working,6,4,2
S01010407,Lone parent family: Total,13,8,5
S01010407,Lone parent family: Parent working,6,5,1
S01010407,Lone parent family: Parent not working,7,3,4
S01010408,All parents aged 16 and over with dependent children,134,65,69
S01010408,Couple family: Total,116,50,66
S01010408,Couple family: Both parents working,96,44,52
S01010408,Couple family: One parent working,14,6,8
S01010408,Couple family: No parents working,6,0,6
S01010408,Lone parent family: Total,18,15,3
S01010408,Lone parent family: Parent working,15,13,2
S01010408,Lone parent family: Parent not working,3,2,1
S01010409,All parents aged 16 and over with dependent children,186,57,129
S01010409,Couple family: Total,172,52,120
S01010409,Couple family: Both parents working,130,48,82
S01010409,Couple family: One parent working,42,4,38
S01010409,Couple family: No parents working,0,0,0
S01010409,Lone parent family: Total,14,5,9
S01010409,Lone parent family: Parent working,12,4,8
S01010409,Lone parent family: Parent not working,2,1,1
S01010410,All parents aged 16 and over with dependent children,147,62,85
S01010410,Couple family: Total,134,54,80
S01010410,Couple family: Both parents working,112,50,62
S01010410,Couple family: One parent working,20,4,16
S01010410,Couple family: No parents working,2,0,2
S01010410,Lone parent family: Total,13,8,5
S01010410,Lone parent family: Parent working,8,5,3
S01010410,Lone parent family: Parent not working,5,3,2
S01010411,All parents aged 16 and over with dependent children,328,79,249
S01010411,Couple family: Total,314,72,242
S01010411,Couple family: Both parents working,242,54,188
S01010411,Couple family: One parent working,68,18,50
S01010411,Couple family: No parents working,4,0,4
S01010411,Lone parent family: Total,14,7,7
S01010411,Lone parent family: Parent working,11,5,6
S01010411,Lone parent family: Parent not working,3,2,1
S01010412,All parents aged 16 and over with dependent children,101,52,49
S01010412,Couple family: Total,92,44,48
S01010412,Couple family: Both parents working,60,30,30
S01010412,Couple family: One parent working,24,8,16
S01010412,Couple family: No parents working,8,6,2
S01010412,Lone parent family: Total,9,8,1
S01010412,Lone parent family: Parent working,6,6,0
S01010412,Lone parent family: Parent not working,3,2,1
S01010413,All parents aged 16 and over with dependent children,124,58,66
S01010413,Couple family: Total,116,52,64
S01010413,Couple family: Both parents working,86,36,50
S01010413,Couple family: One parent working,30,16,14
S01010413,Couple family: No parents working,0,0,0
S01010413,Lone parent family: Total,8,6,2
S01010413,Lone parent family: Parent working,7,5,2
S01010413,Lone parent family: Parent not working,1,1,0
S01010414,All parents aged 16 and over with dependent children,242,115,127
S01010414,Couple family: Total,214,94,120
S01010414,Couple family: Both parents working,180,82,98
S01010414,Couple family: One parent working,34,12,22
S01010414,Couple family: No parents working,0,0,0
S01010414,Lone parent family: Total,28,21,7
S01010414,Lone parent family: Parent working,25,18,7
S01010414,Lone parent family: Parent not working,3,3,0
S01010415,All parents aged 16 and over with dependent children,154,70,84
S01010415,Couple family: Total,116,42,74
S01010415,Couple family: Both parents working,82,34,48
S01010415,Couple family: One parent working,26,8,18
S01010415,Couple family: No parents working,8,0,8
S01010415,Lone parent family: Total,38,28,10
S01010415,Lone parent family: Parent working,16,11,5
S01010415,Lone parent family: Parent not working,22,17,5
S01010416,All parents aged 16 and over with dependent children,133,68,65
S01010416,Couple family: Total,124,60,64
S01010416,Couple family: Both parents working,82,42,40
S01010416,Couple family: One parent working,40,16,24
S01010416,Couple family: No parents working,2,2,0
S01010416,Lone parent family: Total,9,8,1
S01010416,Lone parent family: Parent working,5,5,0
S01010416,Lone parent family: Parent not working,4,3,1
S01010417,All parents aged 16 and over with dependent children,107,51,56
S01010417,Couple family: Total,94,44,50
S01010417,Couple family: Both parents working,76,38,38
S01010417,Couple family: One parent working,16,6,10
S01010417,Couple family: No parents working,2,0,2
S01010417,Lone parent family: Total,13,7,6
S01010417,Lone parent family: Parent working,11,6,5
S01010417,Lone parent family: Parent not working,2,1,1
S01010418,All parents aged 16 and over with dependent children,190,117,73
S01010418,Couple family: Total,168,100,68
S01010418,Couple family: Both parents working,126,74,52
S01010418,Couple family: One parent working,38,22,16
S01010418,Couple family: No parents working,4,4,0
S01010418,Lone parent family: Total,22,17,5
S01010418,Lone parent family: Parent working,18,15,3
S01010418,Lone parent family: Parent not working,4,2,2
S01010419,All parents aged 16 and over with dependent children,188,77,111
S01010419,Couple family: Total,172,68,104
S01010419,Couple family: Both parents working,136,64,72
S01010419,Couple family: One parent working,32,4,28
S01010419,Couple family: No parents working,4,0,4
S01010419,Lone parent family: Total,16,9,7
S01010419,Lone parent family: Parent working,10,7,3
S01010419,Lone parent family: Parent not working,6,2,4
S01010420,All parents aged 16 and over with dependent children,156,58,98
S01010420,Couple family: Total,142,52,90
S01010420,Couple family: Both parents working,114,46,68
S01010420,Couple family: One parent working,24,4,20
S01010420,Couple family: No parents working,4,2,2
S01010420,Lone parent family: Total,14,6,8
S01010420,Lone parent family: Parent working,6,3,3
S01010420,Lone parent family: Parent not working,8,3,5
S01010421,All parents aged 16 and over with dependent children,230,85,145
S01010421,Couple family: Total,220,80,140
S01010421,Couple family: Both parents working,162,56,106
S01010421,Couple family: One parent working,52,18,34
S01010421,Couple family: No parents working,6,6,0
S01010421,Lone parent family: Total,10,5,5
S01010421,Lone parent family: Parent working,7,3,4
S01010421,Lone parent family: Parent not working,3,2,1
S01010422,All parents aged 16 and over with dependent children,260,120,140
S01010422,Couple family: Total,232,98,134
S01010422,Couple family: Both parents working,182,80,102
S01010422,Couple family: One parent working,50,18,32
S01010422,Couple family: No parents working,0,0,0
S01010422,Lone parent family: Total,28,22,6
S01010422,Lone parent family: Parent working,18,14,4
S01010422,Lone parent family: Parent not working,10,8,2
S01010423,All parents aged 16 and over with dependent children,136,90,46
S01010423,Couple family: Total,72,46,26
S01010423,Couple family: Both parents working,32,26,6
S01010423,Couple family: One parent working,24,10,14
S01010423,Couple family: No parents working,16,10,6
S01010423,Lone parent family: Total,64,44,20
S01010423,Lone parent family: Parent working,36,22,14
S01010423,Lone parent family: Parent not working,28,22,6
S01010424,All parents aged 16 and over with dependent children,129,78,51
S01010424,Couple family: Total,66,32,34
S01010424,Couple family: Both parents working,38,14,24
S01010424,Couple family: One parent working,14,8,6
S01010424,Couple family: No parents working,14,10,4
S01010424,Lone parent family: Total,63,46,17
S01010424,Lone parent family: Parent working,30,21,9
S01010424,Lone parent family: Parent not working,33,25,8
S01010425,All parents aged 16 and over with dependent children,175,123,52
S01010425,Couple family: Total,96,72,24
S01010425,Couple family: Both parents working,54,44,10
S01010425,Couple family: One parent working,20,14,6
S01010425,Couple family: No parents working,22,14,8
S01010425,Lone parent family: Total,79,51,28
S01010425,Lone parent family: Parent working,44,32,12
S01010425,Lone parent family: Parent not working,35,19,16
S01010426,All parents aged 16 and over with dependent children,114,62,52
S01010426,Couple family: Total,80,42,38
S01010426,Couple family: Both parents working,52,28,24
S01010426,Couple family: One parent working,16,6,10
S01010426,Couple family: No parents working,12,8,4
S01010426,Lone parent family: Total,34,20,14
S01010426,Lone parent family: Parent working,19,12,7
S01010426,Lone parent family: Parent not working,15,8,7
S01010427,All parents aged 16 and over with dependent children,233,100,133
S01010427,Couple family: Total,174,68,106
S01010427,Couple family: Both parents working,58,34,24
S01010427,Couple family: One parent working,62,28,34
S01010427,Couple family: No parents working,54,6,48
S01010427,Lone parent family: Total,59,32,27
S01010427,Lone parent family: Parent working,22,17,5
S01010427,Lone parent family: Parent not working,37,15,22
S01010428,All parents aged 16 and over with dependent children,171,57,114
S01010428,Couple family: Total,146,44,102
S01010428,Couple family: Both parents working,118,42,76
S01010428,Couple family: One parent working,26,2,24
S01010428,Couple family: No parents working,2,0,2
S01010428,Lone parent family: Total,25,13,12
S01010428,Lone parent family: Parent working,17,5,12
S01010428,Lone parent family: Parent not working,8,8,0
S01010429,All parents aged 16 and over with dependent children,254,127,127
S01010429,Couple family: Total,234,114,120
S01010429,Couple family: Both parents working,188,92,96
S01010429,Couple family: One parent working,42,22,20
S01010429,Couple family: No parents working,4,0,4
S01010429,Lone parent family: Total,20,13,7
S01010429,Lone parent family: Parent working,15,11,4
S01010429,Lone parent family: Parent not working,5,2,3
S01010430,All parents aged 16 and over with dependent children,160,90,70
S01010430,Couple family: Total,98,44,54
S01010430,Couple family: Both parents working,54,28,26
S01010430,Couple family: One parent working,28,12,16
S01010430,Couple family: No parents working,16,4,12
S01010430,Lone parent family: Total,62,46,16
S01010430,Lone parent family: Parent working,26,22,4
S01010430,Lone parent family: Parent not working,36,24,12
S01010431,All parents aged 16 and over with dependent children,194,74,120
S01010431,Couple family: Total,178,60,118
S01010431,Couple family: Both parents working,142,50,92
S01010431,Couple family: One parent working,36,10,26
S01010431,Couple family: No parents working,0,0,0
S01010431,Lone parent family: Total,16,14,2
S01010431,Lone parent family: Parent working,14,12,2
S01010431,Lone parent family: Parent not working,2,2,0
S01010432,All parents aged 16 and over with dependent children,156,95,61
S01010432,Couple family: Total,92,50,42
S01010432,Couple family: Both parents working,44,26,18
S01010432,Couple family: One parent working,36,20,16
S01010432,Couple family: No parents working,12,4,8
S01010432,Lone parent family: Total,64,45,19
S01010432,Lone parent family: Parent working,28,20,8
S01010432,Lone parent family: Parent not working,36,25,11
S01010433,All parents aged 16 and over with dependent children,196,53,143
S01010433,Couple family: Total,140,30,110
S01010433,Couple family: Both parents working,24,6,18
S01010433,Couple family: One parent working,68,10,58
S01010433,Couple family: No parents working,48,14,34
S01010433,Lone parent family: Total,56,23,33
S01010433,Lone parent family: Parent working,16,6,10
S01010433,Lone parent family: Parent not working,40,17,23
S01010434,All parents aged 16 and over with dependent children,127,79,48
S01010434,Couple family: Total,68,40,28
S01010434,Couple family: Both parents working,32,20,12
S01010434,Couple family: One parent working,26,14,12
S01010434,Couple family: No parents working,10,6,4
S01010434,Lone parent family: Total,59,39,20
S01010434,Lone parent family: Parent working,24,18,6
S01010434,Lone parent family: Parent not working,35,21,14
S01010435,All parents aged 16 and over with dependent children,108,53,55
S01010435,Couple family: Total,76,34,42
S01010435,Couple family: Both parents working,64,28,36
S01010435,Couple family: One parent working,12,6,6
S01010435,Couple family: No parents working,0,0,0
S01010435,Lone parent family: Total,32,19,13
S01010435,Lone parent family: Parent working,16,10,6
S01010435,Lone parent family: Parent not working,16,9,7
S01010436,All parents aged 16 and over with dependent children,125,66,59
S01010436,Couple family: Total,82,34,48
S01010436,Couple family: Both parents working,32,18,14
S01010436,Couple family: One parent working,30,14,16
S01010436,Couple family: No parents working,20,2,18
S01010436,Lone parent family: Total,43,32,11
S01010436,Lone parent family: Parent working,22,18,4
S01010436,Lone parent family: Parent not working,21,14,7
S01010437,All parents aged 16 and over with dependent children,102,57,45
S01010437,Couple family: Total,68,34,34
S01010437,Couple family: Both parents working,46,28,18
S01010437,Couple family: One parent working,20,4,16
S01010437,Couple family: No parents working,2,2,0
S01010437,Lone parent family: Total,34,23,11
S01010437,Lone parent family: Parent working,25,17,8
S01010437,Lone parent family: Parent not working,9,6,3
S01010438,All parents aged 16 and over with dependent children,222,97,125
S01010438,Couple family: Total,144,56,88
S01010438,Couple family: Both parents working,88,38,50
S01010438,Couple family: One parent working,40,12,28
S01010438,Couple family: No parents working,16,6,10
S01010438,Lone parent family: Total,78,41,37
S01010438,Lone parent family: Parent working,34,18,16
S01010438,Lone parent family: Parent not working,44,23,21
S01010439,All parents aged 16 and over with dependent children,172,94,78
S01010439,Couple family: Total,96,52,44
S01010439,Couple family: Both parents working,56,38,18
S01010439,Couple family: One parent working,36,12,24
S01010439,Couple family: No parents working,4,2,2
S01010439,Lone parent family: Total,76,42,34
S01010439,Lone parent family: Parent working,32,25,7
S01010439,Lone parent family: Parent not working,44,17,27
S01010440,All parents aged 16 and over with dependent children,120,63,57
S01010440,Couple family: Total,72,38,34
S01010440,Couple family: Both parents working,44,22,22
S01010440,Couple family: One parent working,18,10,8
S01010440,Couple family: No parents working,10,6,4
S01010440,Lone parent family: Total,48,25,23
S01010440,Lone parent family: Parent working,21,10,11
S01010440,Lone parent family: Parent not working,27,15,12
S01010441,All parents aged 16 and over with dependent children,106,78,28
S01010441,Couple family: Total,66,48,18
S01010441,Couple family: Both parents working,50,38,12
S01010441,Couple family: One parent working,6,2,4
S01010441,Couple family: No parents working,10,8,2
S01010441,Lone parent family: Total,40,30,10
S01010441,Lone parent family: Parent working,22,17,5
S01010441,Lone parent family: Parent not working,18,13,5
S01010442,All parents aged 16 and over with dependent children,131,66,65
S01010442,Couple family: Total,70,28,42
S01010442,Couple family: Both parents working,40,24,16
S01010442,Couple family: One parent working,24,2,22
S01010442,Couple family: No parents working,6,2,4
S01010442,Lone parent family: Total,61,38,23
S01010442,Lone parent family: Parent working,38,23,15
S01010442,Lone parent family: Parent not working,23,15,8
S01010443,All parents aged 16 and over with dependent children,103,42,61
S01010443,Couple family: Total,72,28,44
S01010443,Couple family: Both parents working,54,24,30
S01010443,Couple family: One parent working,12,4,8
S01010443,Couple family: No parents working,6,0,6
S01010443,Lone parent family: Total,31,14,17
S01010443,Lone parent family: Parent working,16,11,5
S01010443,Lone parent family: Parent not working,15,3,12
S01010444,All parents aged 16 and over with dependent children,123,61,62
S01010444,Couple family: Total,86,42,44
S01010444,Couple family: Both parents working,58,30,28
S01010444,Couple family: One parent working,18,6,12
S01010444,Couple family: No parents working,10,6,4
S01010444,Lone parent family: Total,37,19,18
S01010444,Lone parent family: Parent working,22,13,9
S01010444,Lone parent family: Parent not working,15,6,9
S01010445,All parents aged 16 and over with dependent children,154,68,86
S01010445,Couple family: Total,106,48,58
S01010445,Couple family: Both parents working,72,38,34
S01010445,Couple family: One parent working,18,6,12
S01010445,Couple family: No parents working,16,4,12
S01010445,Lone parent family: Total,48,20,28
S01010445,Lone parent family: Parent working,20,10,10
S01010445,Lone parent family: Parent not working,28,10,18
S01010446,All parents aged 16 and over with dependent children,176,86,90
S01010446,Couple family: Total,150,70,80
S01010446,Couple family: Both parents working,120,60,60
S01010446,Couple family: One parent working,28,10,18
S01010446,Couple family: No parents working,2,0,2
S01010446,Lone parent family: Total,26,16,10
S01010446,Lone parent family: Parent working,16,9,7
S01010446,Lone parent family: Parent not working,10,7,3
S01010447,All parents aged 16 and over with dependent children,214,113,101
S01010447,Couple family: Total,136,68,68
S01010447,Couple family: Both parents working,94,44,50
S01010447,Couple family: One parent working,28,18,10
S01010447,Couple family: No parents working,14,6,8
S01010447,Lone parent family: Total,78,45,33
S01010447,Lone parent family: Parent working,38,23,15
S01010447,Lone parent family: Parent not working,40,22,18
S01010448,All parents aged 16 and over with dependent children,171,62,109
S01010448,Couple family: Total,146,52,94
S01010448,Couple family: Both parents working,120,48,72
S01010448,Couple family: One parent working,20,4,16
S01010448,Couple family: No parents working,6,0,6
S01010448,Lone parent family: Total,25,10,15
S01010448,Lone parent family: Parent working,17,8,9
S01010448,Lone parent family: Parent not working,8,2,6
S01010449,All parents aged 16 and over with dependent children,140,84,56
S01010449,Couple family: Total,102,54,48
S01010449,Couple family: Both parents working,66,34,32
S01010449,Couple family: One parent working,20,12,8
S01010449,Couple family: No parents working,16,8,8
S01010449,Lone parent family: Total,38,30,8
S01010449,Lone parent family: Parent working,16,11,5
S01010449,Lone parent family: Parent not working,22,19,3
S01010450,All parents aged 16 and over with dependent children,105,58,47
S01010450,Couple family: Total,70,36,34
S01010450,Couple family: Both parents working,44,28,16
S01010450,Couple family: One parent working,26,8,18
S01010450,Couple family: No parents working,0,0,0
S01010450,Lone parent family: Total,35,22,13
S01010450,Lone parent family: Parent working,19,11,8
S01010450,Lone parent family: Parent not working,16,11,5
S01010451,All parents aged 16 and over with dependent children,166,79,87
S01010451,Couple family: Total,116,40,76
S01010451,Couple family: Both parents working,58,20,38
S01010451,Couple family: One parent working,44,12,32
S01010451,Couple family: No parents working,14,8,6
S01010451,Lone parent family: Total,50,39,11
S01010451,Lone parent family: Parent working,24,17,7
S01010451,Lone parent family: Parent not working,26,22,4
S01010452,All parents aged 16 and over with dependent children,131,77,54
S01010452,Couple family: Total,96,52,44
S01010452,Couple family: Both parents working,66,38,28
S01010452,Couple family: One parent working,22,8,14
S01010452,Couple family: No parents working,8,6,2
S01010452,Lone parent family: Total,35,25,10
S01010452,Lone parent family: Parent working,20,15,5
S01010452,Lone parent family: Parent not working,15,10,5
S01010453,All parents aged 16 and over with dependent children,129,83,46
S01010453,Couple family: Total,76,54,22
S01010453,Couple family: Both parents working,40,30,10
S01010453,Couple family: One parent working,18,16,2
S01010453,Couple family: No parents working,18,8,10
S01010453,Lone parent family: Total,53,29,24
S01010453,Lone parent family: Parent working,14,12,2
S01010453,Lone parent family: Parent not working,39,17,22
S01010454,All parents aged 16 and over with dependent children,133,70,63
S01010454,Couple family: Total,98,50,48
S01010454,Couple family: Both parents working,70,36,34
S01010454,Couple family: One parent working,22,12,10
S01010454,Couple family: No parents working,6,2,4
S01010454,Lone parent family: Total,35,20,15
S01010454,Lone parent family: Parent working,19,8,11
S01010454,Lone parent family: Parent not working,16,12,4
S01010455,All parents aged 16 and over with dependent children,127,94,33
S01010455,Couple family: Total,62,42,20
S01010455,Couple family: Both parents working,30,24,6
S01010455,Couple family: One parent working,16,4,12
S01010455,Couple family: No parents working,16,14,2
S01010455,Lone parent family: Total,65,52,13
S01010455,Lone parent family: Parent working,41,36,5
S01010455,Lone parent family: Parent not working,24,16,8
S01010456,All parents aged 16 and over with dependent children,88,47,41
S01010456,Couple family: Total,64,30,34
S01010456,Couple family: Both parents working,42,20,22
S01010456,Couple family: One parent working,14,6,8
S01010456,Couple family: No parents working,8,4,4
S01010456,Lone parent family: Total,24,17,7
S01010456,Lone parent family: Parent working,15,12,3
S01010456,Lone parent family: Parent not working,9,5,4
S01010457,All parents aged 16 and over with dependent children,126,70,56
S01010457,Couple family: Total,102,54,48
S01010457,Couple family: Both parents working,52,22,30
S01010457,Couple family: One parent working,30,20,10
S01010457,Couple family: No parents working,20,12,8
S01010457,Lone parent family: Total,24,16,8
S01010457,Lone parent family: Parent working,12,8,4
S01010457,Lone parent family: Parent not working,12,8,4
S01010458,All parents aged 16 and over with dependent children,123,60,63
S01010458,Couple family: Total,76,32,44
S01010458,Couple family: Both parents working,48,26,22
S01010458,Couple family: One parent working,16,6,10
S01010458,Couple family: No parents working,12,0,12
S01010458,Lone parent family: Total,47,28,19
S01010458,Lone parent family: Parent working,22,17,5
S01010458,Lone parent family: Parent not working,25,11,14
S01010459,All parents aged 16 and over with dependent children,83,54,29
S01010459,Couple family: Total,60,42,18
S01010459,Couple family: Both parents working,36,28,8
S01010459,Couple family: One parent working,16,10,6
S01010459,Couple family: No parents working,8,4,4
S01010459,Lone parent family: Total,23,12,11
S01010459,Lone parent family: Parent working,12,6,6
S01010459,Lone parent family: Parent not working,11,6,5
S01010460,All parents aged 16 and over with dependent children,170,71,99
S01010460,Couple family: Total,154,58,96
S01010460,Couple family: Both parents working,114,52,62
S01010460,Couple family: One parent working,40,6,34
S01010460,Couple family: No parents working,0,0,0
S01010460,Lone parent family: Total,16,13,3
S01010460,Lone parent family: Parent working,10,9,1
S01010460,Lone parent family: Parent not working,6,4,2
S01010461,All parents aged 16 and over with dependent children,131,83,48
S01010461,Couple family: Total,88,48,40
S01010461,Couple family: Both parents working,56,34,22
S01010461,Couple family: One parent working,26,10,16
S01010461,Couple family: No parents working,6,4,2
S01010461,Lone parent family: Total,43,35,8
S01010461,Lone parent family: Parent working,13,11,2
S01010461,Lone parent family: Parent not working,30,24,6
S01010462,All parents aged 16 and over with dependent children,198,71,127
S01010462,Couple family: Total,106,28,78
S01010462,Couple family: Both parents working,20,14,6
S01010462,Couple family: One parent working,40,4,36
S01010462,Couple family: No parents working,46,10,36
S01010462,Lone parent family: Total,92,43,49
S01010462,Lone parent family: Parent working,35,21,14
S01010462,Lone parent family: Parent not working,57,22,35
S01010463,All parents aged 16 and over with dependent children,163,70,93
S01010463,Couple family: Total,134,48,86
S01010463,Couple family: Both parents working,98,40,58
S01010463,Couple family: One parent working,32,6,26
S01010463,Couple family: No parents working,4,2,2
S01010463,Lone parent family: Total,29,22,7
S01010463,Lone parent family: Parent working,20,17,3
S01010463,Lone parent family: Parent not working,9,5,4
S01010464,All parents aged 16 and over with dependent children,89,37,52
S01010464,Couple family: Total,72,28,44
S01010464,Couple family: Both parents working,52,24,28
S01010464,Couple family: One parent working,18,4,14
S01010464,Couple family: No parents working,2,0,2
S01010464,Lone parent family: Total,17,9,8
S01010464,Lone parent family: Parent working,10,8,2
S01010464,Lone parent family: Parent not working,7,1,6
S01010465,All parents aged 16 and over with dependent children,198,104,94
S01010465,Couple family: Total,166,82,84
S01010465,Couple family: Both parents working,138,74,64
S01010465,Couple family: One parent working,26,8,18
S01010465,Couple family: No parents working,2,0,2
S01010465,Lone parent family: Total,32,22,10
S01010465,Lone parent family: Parent working,22,15,7
S01010465,Lone parent family: Parent not working,10,7,3
S01010466,All parents aged 16 and over with dependent children,137,67,70
S01010466,Couple family: Total,124,56,68
S01010466,Couple family: Both parents working,94,46,48
S01010466,Couple family: One parent working,24,10,14
S01010466,Couple family: No parents working,6,0,6
S01010466,Lone parent family: Total,13,11,2
S01010466,Lone parent family: Parent working,11,9,2
S01010466,Lone parent family: Parent not working,2,2,0
S01010467,All parents aged 16 and over with dependent children,105,42,63
S01010467,Couple family: Total,88,34,54
S01010467,Couple family: Both parents working,52,28,24
S01010467,Couple family: One parent working,24,6,18
S01010467,Couple family: No parents working,12,0,12
S01010467,Lone parent family: Total,17,8,9
S01010467,Lone parent family: Parent working,13,7,6
S01010467,Lone parent family: Parent not working,4,1,3
S01010468,All parents aged 16 and over with dependent children,193,85,108
S01010468,Couple family: Total,164,66,98
S01010468,Couple family: Both parents working,124,44,80
S01010468,Couple family: One parent working,32,18,14
S01010468,Couple family: No parents working,8,4,4
S01010468,Lone parent family: Total,29,19,10
S01010468,Lone parent family: Parent working,19,12,7
S01010468,Lone parent family: Parent not working,10,7,3
S01010469,All parents aged 16 and over with dependent children,50,31,19
S01010469,Couple family: Total,34,18,16
S01010469,Couple family: Both parents working,12,8,4
S01010469,Couple family: One parent working,16,6,10
S01010469,Couple family: No parents working,6,4,2
S01010469,Lone parent family: Total,16,13,3
S01010469,Lone parent family: Parent working,7,6,1
S01010469,Lone parent family: Parent not working,9,7,2
S01010470,All parents aged 16 and over with dependent children,118,63,55
S01010470,Couple family: Total,82,38,44
S01010470,Couple family: Both parents working,60,28,32
S01010470,Couple family: One parent working,22,10,12
S01010470,Couple family: No parents working,0,0,0
S01010470,Lone parent family: Total,36,25,11
S01010470,Lone parent family: Parent working,24,16,8
S01010470,Lone parent family: Parent not working,12,9,3
S01010471,All parents aged 16 and over with dependent children,127,69,58
S01010471,Couple family: Total,88,46,42
S01010471,Couple family: Both parents working,50,32,18
S01010471,Couple family: One parent working,24,4,20
S01010471,Couple family: No parents working,14,10,4
S01010471,Lone parent family: Total,39,23,16
S01010471,Lone parent family: Parent working,13,9,4
S01010471,Lone parent family: Parent not working,26,14,12
S01010472,All parents aged 16 and over with dependent children,67,46,21
S01010472,Couple family: Total,46,32,14
S01010472,Couple family: Both parents working,32,22,10
S01010472,Couple family: One parent working,14,10,4
S01010472,Couple family: No parents working,0,0,0
S01010472,Lone parent family: Total,21,14,7
S01010472,Lone parent family: Parent working,15,11,4
S01010472,Lone parent family: Parent not working,6,3,3
S01010473,All parents aged 16 and over with dependent children,97,48,49
S01010473,Couple family: Total,72,26,46
S01010473,Couple family: Both parents working,30,14,16
S01010473,Couple family: One parent working,34,10,24
S01010473,Couple family: No parents working,8,2,6
S01010473,Lone parent family: Total,25,22,3
S01010473,Lone parent family: Parent working,18,16,2
S01010473,Lone parent family: Parent not working,7,6,1
S01010474,All parents aged 16 and over with dependent children,119,70,49
S01010474,Couple family: Total,92,54,38
S01010474,Couple family: Both parents working,46,28,18
S01010474,Couple family: One parent working,30,18,12
S01010474,Couple family: No parents working,16,8,8
S01010474,Lone parent family: Total,27,16,11
S01010474,Lone parent family: Parent working,14,6,8
S01010474,Lone parent family: Parent not working,13,10,3
S01010475,All parents aged 16 and over with dependent children,97,51,46
S01010475,Couple family: Total,82,40,42
S01010475,Couple family: Both parents working,54,28,26
S01010475,Couple family: One parent working,24,12,12
S01010475,Couple family: No parents working,4,0,4
S01010475,Lone parent family: Total,15,11,4
S01010475,Lone parent family: Parent working,12,9,3
S01010475,Lone parent family: Parent not working,3,2,1
S01010476,All parents aged 16 and over with dependent children,152,79,73
S01010476,Couple family: Total,118,56,62
S01010476,Couple family: Both parents working,86,44,42
S01010476,Couple family: One parent working,24,10,14
S01010476,Couple family: No parents working,8,2,6
S01010476,Lone parent family: Total,34,23,11
S01010476,Lone parent family: Parent working,23,17,6
S01010476,Lone parent family: Parent not working,11,6,5
S01010477,All parents aged 16 and over with dependent children,116,66,50
S01010477,Couple family: Total,86,46,40
S01010477,Couple family: Both parents working,62,34,28
S01010477,Couple family: One parent working,16,6,10
S01010477,Couple family: No parents working,8,6,2
S01010477,Lone parent family: Total,30,20,10
S01010477,Lone parent family: Parent working,18,12,6
S01010477,Lone parent family: Parent not working,12,8,4
S01010478,All parents aged 16 and over with dependent children,139,69,70
S01010478,Couple family: Total,90,38,52
S01010478,Couple family: Both parents working,56,22,34
S01010478,Couple family: One parent working,24,12,12
S01010478,Couple family: No parents working,10,4,6
S01010478,Lone parent family: Total,49,31,18
S01010478,Lone parent family: Parent working,26,21,5
S01010478,Lone parent family: Parent not working,23,10,13
S01010479,All parents aged 16 and over with dependent children,203,111,92
S01010479,Couple family: Total,144,80,64
S01010479,Couple family: Both parents working,100,62,38
S01010479,Couple family: One parent working,32,12,20
S01010479,Couple family: No parents working,12,6,6
S01010479,Lone parent family: Total,59,31,28
S01010479,Lone parent family: Parent working,34,17,17
S01010479,Lone parent family: Parent not working,25,14,11
S01010480,All parents aged 16 and over with dependent children,126,60,66
S01010480,Couple family: Total,104,46,58
S01010480,Couple family: Both parents working,80,38,42
S01010480,Couple family: One parent working,18,6,12
S01010480,Couple family: No parents working,6,2,4
S01010480,Lone parent family: Total,22,14,8
S01010480,Lone parent family: Parent working,12,7,5
S01010480,Lone parent family: Parent not working,10,7,3
S01010481,All parents aged 16 and over with dependent children,149,66,83
S01010481,Couple family: Total,78,30,48
S01010481,Couple family: Both parents working,32,8,24
S01010481,Couple family: One parent working,24,10,14
S01010481,Couple family: No parents working,22,12,10
S01010481,Lone parent family: Total,71,36,35
S01010481,Lone parent family: Parent working,23,17,6
S01010481,Lone parent family: Parent not working,48,19,29
S01010482,All parents aged 16 and over with dependent children,166,83,83
S01010482,Couple family: Total,130,62,68
S01010482,Couple family: Both parents working,76,42,34
S01010482,Couple family: One parent working,42,14,28
S01010482,Couple family: No parents working,12,6,6
S01010482,Lone parent family: Total,36,21,15
S01010482,Lone parent family: Parent working,21,14,7
S01010482,Lone parent family: Parent not working,15,7,8
S01010483,All parents aged 16 and over with dependent children,199,109,90
S01010483,Couple family: Total,154,78,76
S01010483,Couple family: Both parents working,104,64,40
S01010483,Couple family: One parent working,38,8,30
S01010483,Couple family: No parents working,12,6,6
S01010483,Lone parent family: Total,45,31,14
S01010483,Lone parent family: Parent working,23,21,2
S01010483,Lone parent family: Parent not working,22,10,12
S01010484,All parents aged 16 and over with dependent children,95,52,43
S01010484,Couple family: Total,62,36,26
S01010484,Couple family: Both parents working,44,24,20
S01010484,Couple family: One parent working,12,6,6
S01010484,Couple family: No parents working,6,6,0
S01010484,Lone parent family: Total,33,16,17
S01010484,Lone parent family: Parent working,18,8,10
S01010484,Lone parent family: Parent not working,15,8,7
S01010485,All parents aged 16 and over with dependent children,203,84,119
S01010485,Couple family: Total,156,64,92
S01010485,Couple family: Both parents working,108,48,60
S01010485,Couple family: One parent working,36,14,22
S01010485,Couple family: No parents working,12,2,10
S01010485,Lone parent family: Total,47,20,27
S01010485,Lone parent family: Parent working,27,10,17
S01010485,Lone parent family: Parent not working,20,10,10
S01010486,All parents aged 16 and over with dependent children,199,92,107
S01010486,Couple family: Total,182,76,106
S01010486,Couple family: Both parents working,158,66,92
S01010486,Couple family: One parent working,24,10,14
S01010486,Couple family: No parents working,0,0,0
S01010486,Lone parent family: Total,17,16,1
S01010486,Lone parent family: Parent working,7,7,0
S01010486,Lone parent family: Parent not working,10,9,1
S01010487,All parents aged 16 and over with dependent children,201,86,115
S01010487,Couple family: Total,160,64,96
S01010487,Couple family: Both parents working,122,50,72
S01010487,Couple family: One parent working,30,8,22
S01010487,Couple family: No parents working,8,6,2
S01010487,Lone parent family: Total,41,22,19
S01010487,Lone parent family: Parent working,23,13,10
S01010487,Lone parent family: Parent not working,18,9,9
S01010488,All parents aged 16 and over with dependent children,204,110,94
S01010488,Couple family: Total,100,60,40
S01010488,Couple family: Both parents working,60,44,16
S01010488,Couple family: One parent working,20,6,14
S01010488,Couple family: No parents working,20,10,10
S01010488,Lone parent family: Total,104,50,54
S01010488,Lone parent family: Parent working,45,22,23
S01010488,Lone parent family: Parent not working,59,28,31
S01010489,All parents aged 16 and over with dependent children,173,87,86
S01010489,Couple family: Total,108,46,62
S01010489,Couple family: Both parents working,76,40,36
S01010489,Couple family: One parent working,24,0,24
S01010489,Couple family: No parents working,8,6,2
S01010489,Lone parent family: Total,65,41,24
S01010489,Lone parent family: Parent working,33,23,10
S01010489,Lone parent family: Parent not working,32,18,14
S01010490,All parents aged 16 and over with dependent children,193,105,88
S01010490,Couple family: Total,98,50,48
S01010490,Couple family: Both parents working,44,28,16
S01010490,Couple family: One parent working,38,14,24
S01010490,Couple family: No parents working,16,8,8
S01010490,Lone parent family: Total,95,55,40
S01010490,Lone parent family: Parent working,29,17,12
S01010490,Lone parent family: Parent not working,66,38,28
S01010491,All parents aged 16 and over with dependent children,242,137,105
S01010491,Couple family: Total,120,66,54
S01010491,Couple family: Both parents working,54,38,16
S01010491,Couple family: One parent working,40,16,24
S01010491,Couple family: No parents working,26,12,14
S01010491,Lone parent family: Total,122,71,51
S01010491,Lone parent family: Parent working,55,35,20
S01010491,Lone parent family: Parent not working,67,36,31
S01010492,All parents aged 16 and over with dependent children,123,64,59
S01010492,Couple family: Total,54,22,32
S01010492,Couple family: Both parents working,10,6,4
S01010492,Couple family: One parent working,24,10,14
S01010492,Couple family: No parents working,20,6,14
S01010492,Lone parent family: Total,69,42,27
S01010492,Lone parent family: Parent working,20,11,9
S01010492,Lone parent family: Parent not working,49,31,18
S01010493,All parents aged 16 and over with dependent children,182,97,85
S01010493,Couple family: Total,88,46,42
S01010493,Couple family: Both parents working,28,20,8
S01010493,Couple family: One parent working,32,10,22
S01010493,Couple family: No parents working,28,16,12
S01010493,Lone parent family: Total,94,51,43
S01010493,Lone parent family: Parent working,31,23,8
S01010493,Lone parent family: Parent not working,63,28,35
S01010494,All parents aged 16 and over with dependent children,162,79,83
S01010494,Couple family: Total,110,48,62
S01010494,Couple family: Both parents working,74,34,40
S01010494,Couple family: One parent working,22,12,10
S01010494,Couple family: No parents working,14,2,12
S01010494,Lone parent family: Total,52,31,21
S01010494,Lone parent family: Parent working,24,15,9
S01010494,Lone parent family: Parent not working,28,16,12
S01010495,All parents aged 16 and over with dependent children,192,107,85
S01010495,Couple family: Total,80,40,40
S01010495,Couple family: Both parents working,48,20,28
S01010495,Couple family: One parent working,24,14,10
S01010495,Couple family: No parents working,8,6,2
S01010495,Lone parent family: Total,112,67,45
S01010495,Lone parent family: Parent working,51,34,17
S01010495,Lone parent family: Parent not working,61,33,28
S01010496,All parents aged 16 and over with dependent children,174,101,73
S01010496,Couple family: Total,84,50,34
S01010496,Couple family: Both parents working,40,32,8
S01010496,Couple family: One parent working,24,10,14
S01010496,Couple family: No parents working,20,8,12
S01010496,Lone parent family: Total,90,51,39
S01010496,Lone parent family: Parent working,38,20,18
S01010496,Lone parent family: Parent not working,52,31,21
S01010497,All parents aged 16 and over with dependent children,186,86,100
S01010497,Couple family: Total,122,48,74
S01010497,Couple family: Both parents working,66,32,34
S01010497,Couple family: One parent working,20,4,16
S01010497,Couple family: No parents working,36,12,24
S01010497,Lone parent family: Total,64,38,26
S01010497,Lone parent family: Parent working,31,21,10
S01010497,Lone parent family: Parent not working,33,17,16
S01010498,All parents aged 16 and over with dependent children,171,93,78
S01010498,Couple family: Total,86,40,46
S01010498,Couple family: Both parents working,36,18,18
S01010498,Couple family: One parent working,22,14,8
S01010498,Couple family: No parents working,28,8,20
S01010498,Lone parent family: Total,85,53,32
S01010498,Lone parent family: Parent working,38,23,15
S01010498,Lone parent family: Parent not working,47,30,17
S01010499,All parents aged 16 and over with dependent children,154,88,66
S01010499,Couple family: Total,76,36,40
S01010499,Couple family: Both parents working,16,8,8
S01010499,Couple family: One parent working,22,10,12
S01010499,Couple family: No parents working,38,18,20
S01010499,Lone parent family: Total,78,52,26
S01010499,Lone parent family: Parent working,29,20,9
S01010499,Lone parent family: Parent not working,49,32,17
S01010500,All parents aged 16 and over with dependent children,286,112,174
S01010500,Couple family: Total,174,54,120
S01010500,Couple family: Both parents working,98,38,60
S01010500,Couple family: One parent working,44,10,34
S01010500,Couple family: No parents working,32,6,26
S01010500,Lone parent family: Total,112,58,54
S01010500,Lone parent family: Parent working,44,25,19
S01010500,Lone parent family: Parent not working,68,33,35
S01010501,All parents aged 16 and over with dependent children,196,103,93
S01010501,Couple family: Total,132,66,66
S01010501,Couple family: Both parents working,84,42,42
S01010501,Couple family: One parent working,28,20,8
S01010501,Couple family: No parents working,20,4,16
S01010501,Lone parent family: Total,64,37,27
S01010501,Lone parent family: Parent working,35,22,13
S01010501,Lone parent family: Parent not working,29,15,14
S01010502,All parents aged 16 and over with dependent children,206,112,94
S01010502,Couple family: Total,144,74,70
S01010502,Couple family: Both parents working,96,50,46
S01010502,Couple family: One parent working,36,16,20
S01010502,Couple family: No parents working,12,8,4
S01010502,Lone parent family: Total,62,38,24
S01010502,Lone parent family: Parent working,38,28,10
S01010502,Lone parent family: Parent not working,24,10,14
S01010503,All parents aged 16 and over with dependent children,110,67,43
S01010503,Couple family: Total,54,30,24
S01010503,Couple family: Both parents working,24,14,10
S01010503,Couple family: One parent working,10,2,8
S01010503,Couple family: No parents working,20,14,6
S01010503,Lone parent family: Total,56,37,19
S01010503,Lone parent family: Parent working,30,19,11
S01010503,Lone parent family: Parent not working,26,18,8
S01010504,All parents aged 16 and over with dependent children,102,44,58
S01010504,Couple family: Total,92,40,52
S01010504,Couple family: Both parents working,76,34,42
S01010504,Couple family: One parent working,14,4,10
S01010504,Couple family: No parents working,2,2,0
S01010504,Lone parent family: Total,10,4,6
S01010504,Lone parent family: Parent working,10,4,6
S01010504,Lone parent family: Parent not working,0,0,0
S01010505,All parents aged 16 and over with dependent children,105,38,67
S01010505,Couple family: Total,88,28,60
S01010505,Couple family: Both parents working,72,20,52
S01010505,Couple family: One parent working,10,6,4
S01010505,Couple family: No parents working,6,2,4
S01010505,Lone parent family: Total,17,10,7
S01010505,Lone parent family: Parent working,12,7,5
S01010505,Lone parent family: Parent not working,5,3,2
S01010506,All parents aged 16 and over with dependent children,163,74,89
S01010506,Couple family: Total,138,60,78
S01010506,Couple family: Both parents working,96,36,60
S01010506,Couple family: One parent working,32,14,18
S01010506,Couple family: No parents working,10,10,0
S01010506,Lone parent family: Total,25,14,11
S01010506,Lone parent family: Parent working,20,12,8
S01010506,Lone parent family: Parent not working,5,2,3
S01010507,All parents aged 16 and over with dependent children,168,65,103
S01010507,Couple family: Total,144,52,92
S01010507,Couple family: Both parents working,110,46,64
S01010507,Couple family: One parent working,28,4,24
S01010507,Couple family: No parents working,6,2,4
S01010507,Lone parent family: Total,24,13,11
S01010507,Lone parent family: Parent working,15,10,5
S01010507,Lone parent family: Parent not working,9,3,6
S01010508,All parents aged 16 and over with dependent children,188,61,127
S01010508,Couple family: Total,168,46,122
S01010508,Couple family: Both parents working,126,38,88
S01010508,Couple family: One parent working,38,6,32
S01010508,Couple family: No parents working,4,2,2
S01010508,Lone parent family: Total,20,15,5
S01010508,Lone parent family: Parent working,17,12,5
S01010508,Lone parent family: Parent not working,3,3,0
S01010509,All parents aged 16 and over with dependent children,182,80,102
S01010509,Couple family: Total,168,76,92
S01010509,Couple family: Both parents working,126,62,64
S01010509,Couple family: One parent working,40,14,26
S01010509,Couple family: No parents working,2,0,2
S01010509,Lone parent family: Total,14,4,10
S01010509,Lone parent family: Parent working,11,4,7
S01010509,Lone parent family: Parent not working,3,0,3
S01010510,All parents aged 16 and over with dependent children,137,47,90
S01010510,Couple family: Total,128,44,84
S01010510,Couple family: Both parents working,102,34,68
S01010510,Couple family: One parent working,24,8,16
S01010510,Couple family: No parents working,2,2,0
S01010510,Lone parent family: Total,9,3,6
S01010510,Lone parent family: Parent working,8,3,5
S01010510,Lone parent family: Parent not working,1,0,1
S01010511,All parents aged 16 and over with dependent children,204,97,107
S01010511,Couple family: Total,152,64,88
S01010511,Couple family: Both parents working,98,42,56
S01010511,Couple family: One parent working,50,20,30
S01010511,Couple family: No parents working,4,2,2
S01010511,Lone parent family: Total,52,33,19
S01010511,Lone parent family: Parent working,32,23,9
S01010511,Lone parent family: Parent not working,20,10,10
S01010512,All parents aged 16 and over with dependent children,121,52,69
S01010512,Couple family: Total,102,42,60
S01010512,Couple family: Both parents working,72,28,44
S01010512,Couple family: One parent working,22,6,16
S01010512,Couple family: No parents working,8,8,0
S01010512,Lone parent family: Total,19,10,9
S01010512,Lone parent family: Parent working,13,7,6
S01010512,Lone parent family: Parent not working,6,3,3
S01010513,All parents aged 16 and over with dependent children,162,56,106
S01010513,Couple family: Total,152,50,102
S01010513,Couple family: Both parents working,122,34,88
S01010513,Couple family: One parent working,28,16,12
S01010513,Couple family: No parents working,2,0,2
S01010513,Lone parent family: Total,10,6,4
S01010513,Lone parent family: Parent working,7,4,3
S01010513,Lone parent family: Parent not working,3,2,1
S01010514,All parents aged 16 and over with dependent children,156,64,92
S01010514,Couple family: Total,126,46,80
S01010514,Couple family: Both parents working,104,40,64
S01010514,Couple family: One parent working,20,4,16
S01010514,Couple family: No parents working,2,2,0
S01010514,Lone parent family: Total,30,18,12
S01010514,Lone parent family: Parent working,20,12,8
S01010514,Lone parent family: Parent not working,10,6,4
S01010515,All parents aged 16 and over with dependent children,170,93,77
S01010515,Couple family: Total,136,64,72
S01010515,Couple family: Both parents working,92,46,46
S01010515,Couple family: One parent working,42,18,24
S01010515,Couple family: No parents working,2,0,2
S01010515,Lone parent family: Total,34,29,5
S01010515,Lone parent family: Parent working,21,20,1
S01010515,Lone parent family: Parent not working,13,9,4
S01010516,All parents aged 16 and over with dependent children,101,52,49
S01010516,Couple family: Total,78,42,36
S01010516,Couple family: Both parents working,68,38,30
S01010516,Couple family: One parent working,10,4,6
S01010516,Couple family: No parents working,0,0,0
S01010516,Lone parent family: Total,23,10,13
S01010516,Lone parent family: Parent working,8,5,3
S01010516,Lone parent family: Parent not working,15,5,10
S01010517,All parents aged 16 and over with dependent children,190,103,87
S01010517,Couple family: Total,148,76,72
S01010517,Couple family: Both parents working,96,54,42
S01010517,Couple family: One parent working,42,20,22
S01010517,Couple family: No parents working,10,2,8
S01010517,Lone parent family: Total,42,27,15
S01010517,Lone parent family: Parent working,20,15,5
S01010517,Lone parent family: Parent not working,22,12,10
S01010518,All parents aged 16 and over with dependent children,127,72,55
S01010518,Couple family: Total,104,58,46
S01010518,Couple family: Both parents working,86,52,34
S01010518,Couple family: One parent working,16,4,12
S01010518,Couple family: No parents working,2,2,0
S01010518,Lone parent family: Total,23,14,9
S01010518,Lone parent family: Parent working,16,10,6
S01010518,Lone parent family: Parent not working,7,4,3
S01010519,All parents aged 16 and over with dependent children,169,73,96
S01010519,Couple family: Total,134,52,82
S01010519,Couple family: Both parents working,94,40,54
S01010519,Couple family: One parent working,26,10,16
S01010519,Couple family: No parents working,14,2,12
S01010519,Lone parent family: Total,35,21,14
S01010519,Lone parent family: Parent working,17,10,7
S01010519,Lone parent family: Parent not working,18,11,7
S01010520,All parents aged 16 and over with dependent children,218,98,120
S01010520,Couple family: Total,194,88,106
S01010520,Couple family: Both parents working,158,82,76
S01010520,Couple family: One parent working,34,4,30
S01010520,Couple family: No parents working,2,2,0
S01010520,Lone parent family: Total,24,10,14
S01010520,Lone parent family: Parent working,20,9,11
S01010520,Lone parent family: Parent not working,4,1,3
S01010521,All parents aged 16 and over with dependent children,174,84,90
S01010521,Couple family: Total,138,60,78
S01010521,Couple family: Both parents working,96,42,54
S01010521,Couple family: One parent working,38,18,20
S01010521,Couple family: No parents working,4,0,4
S01010521,Lone parent family: Total,36,24,12
S01010521,Lone parent family: Parent working,27,17,10
S01010521,Lone parent family: Parent not working,9,7,2
S01010522,All parents aged 16 and over with dependent children,128,73,55
S01010522,Couple family: Total,112,60,52
S01010522,Couple family: Both parents working,84,46,38
S01010522,Couple family: One parent working,22,10,12
S01010522,Couple family: No parents working,6,4,2
S01010522,Lone parent family: Total,16,13,3
S01010522,Lone parent family: Parent working,9,8,1
S01010522,Lone parent family: Parent not working,7,5,2
S01010523,All parents aged 16 and over with dependent children,194,101,93
S01010523,Couple family: Total,144,70,74
S01010523,Couple family: Both parents working,92,40,52
S01010523,Couple family: One parent working,36,20,16
S01010523,Couple family: No parents working,16,10,6
S01010523,Lone parent family: Total,50,31,19
S01010523,Lone parent family: Parent working,35,24,11
S01010523,Lone parent family: Parent not working,15,7,8
S01010524,All parents aged 16 and over with dependent children,70,37,33
S01010524,Couple family: Total,66,34,32
S01010524,Couple family: Both parents working,46,24,22
S01010524,Couple family: One parent working,20,10,10
S01010524,Couple family: No parents working,0,0,0
S01010524,Lone parent family: Total,4,3,1
S01010524,Lone parent family: Parent working,2,2,0
S01010524,Lone parent family: Parent not working,2,1,1
S01010525,All parents aged 16 and over with dependent children,127,63,64
S01010525,Couple family: Total,120,60,60
S01010525,Couple family: Both parents working,70,38,32
S01010525,Couple family: One parent working,42,18,24
S01010525,Couple family: No parents working,8,4,4
S01010525,Lone parent family: Total,7,3,4
S01010525,Lone parent family: Parent working,5,3,2
S01010525,Lone parent family: Parent not working,2,0,2
S01010526,All parents aged 16 and over with dependent children,157,61,96
S01010526,Couple family: Total,142,50,92
S01010526,Couple family: Both parents working,110,46,64
S01010526,Couple family: One parent working,30,4,26
S01010526,Couple family: No parents working,2,0,2
S01010526,Lone parent family: Total,15,11,4
S01010526,Lone parent family: Parent working,11,10,1
S01010526,Lone parent family: Parent not working,4,1,3
S01010527,All parents aged 16 and over with dependent children,159,78,81
S01010527,Couple family: Total,120,54,66
S01010527,Couple family: Both parents working,86,38,48
S01010527,Couple family: One parent working,32,16,16
S01010527,Couple family: No parents working,2,0,2
S01010527,Lone parent family: Total,39,24,15
S01010527,Lone parent family: Parent working,27,20,7
S01010527,Lone parent family: Parent not working,12,4,8
S01010528,All parents aged 16 and over with dependent children,122,32,90
S01010528,Couple family: Total,116,30,86
S01010528,Couple family: Both parents working,82,20,62
S01010528,Couple family: One parent working,26,10,16
S01010528,Couple family: No parents working,8,0,8
S01010528,Lone parent family: Total,6,2,4
S01010528,Lone parent family: Parent working,3,0,3
S01010528,Lone parent family: Parent not working,3,2,1
S01010529,All parents aged 16 and over with dependent children,139,61,78
S01010529,Couple family: Total,126,54,72
S01010529,Couple family: Both parents working,102,46,56
S01010529,Couple family: One parent working,20,6,14
S01010529,Couple family: No parents working,4,2,2
S01010529,Lone parent family: Total,13,7,6
S01010529,Lone parent family: Parent working,11,6,5
S01010529,Lone parent family: Parent not working,2,1,1
S01010530,All parents aged 16 and over with dependent children,122,42,80
S01010530,Couple family: Total,112,36,76
S01010530,Couple family: Both parents working,92,34,58
S01010530,Couple family: One parent working,16,2,14
S01010530,Couple family: No parents working,4,0,4
S01010530,Lone parent family: Total,10,6,4
S01010530,Lone parent family: Parent working,10,6,4
S01010530,Lone parent family: Parent not working,0,0,0
S01010531,All parents aged 16 and over with dependent children,190,79,111
S01010531,Couple family: Total,176,70,106
S01010531,Couple family: Both parents working,140,60,80
S01010531,Couple family: One parent working,30,8,22
S01010531,Couple family: No parents working,6,2,4
S01010531,Lone parent family: Total,14,9,5
S01010531,Lone parent family: Parent working,11,8,3
S01010531,Lone parent family: Parent not working,3,1,2
S01010532,All parents aged 16 and over with dependent children,102,37,65
S01010532,Couple family: Total,96,34,62
S01010532,Couple family: Both parents working,76,22,54
S01010532,Couple family: One parent working,18,10,8
S01010532,Couple family: No parents working,2,2,0
S01010532,Lone parent family: Total,6,3,3
S01010532,Lone parent family: Parent working,2,1,1
S01010532,Lone parent family: Parent not working,4,2,2
S01010533,All parents aged 16 and over with dependent children,82,25,57
S01010533,Couple family: Total,74,20,54
S01010533,Couple family: Both parents working,56,18,38
S01010533,Couple family: One parent working,14,2,12
S01010533,Couple family: No parents working,4,0,4
S01010533,Lone parent family: Total,8,5,3
S01010533,Lone parent family: Parent working,7,5,2
S01010533,Lone parent family: Parent not working,1,0,1
S01010534,All parents aged 16 and over with dependent children,205,82,123
S01010534,Couple family: Total,172,62,110
S01010534,Couple family: Both parents working,130,48,82
S01010534,Couple family: One parent working,36,10,26
S01010534,Couple family: No parents working,6,4,2
S01010534,Lone parent family: Total,33,20,13
S01010534,Lone parent family: Parent working,24,14,10
S01010534,Lone parent family: Parent not working,9,6,3
S01010535,All parents aged 16 and over with dependent children,154,61,93
S01010535,Couple family: Total,132,54,78
S01010535,Couple family: Both parents working,104,42,62
S01010535,Couple family: One parent working,28,12,16
S01010535,Couple family: No parents working,0,0,0
S01010535,Lone parent family: Total,22,7,15
S01010535,Lone parent family: Parent working,11,2,9
S01010535,Lone parent family: Parent not working,11,5,6
S01010536,All parents aged 16 and over with dependent children,181,98,83
S01010536,Couple family: Total,158,84,74
S01010536,Couple family: Both parents working,130,68,62
S01010536,Couple family: One parent working,28,16,12
S01010536,Couple family: No parents working,0,0,0
S01010536,Lone parent family: Total,23,14,9
S01010536,Lone parent family: Parent working,18,10,8
S01010536,Lone parent family: Parent not working,5,4,1
S01010537,All parents aged 16 and over with dependent children,121,66,55
S01010537,Couple family: Total,96,46,50
S01010537,Couple family: Both parents working,72,36,36
S01010537,Couple family: One parent working,18,10,8
S01010537,Couple family: No parents working,6,0,6
S01010537,Lone parent family: Total,25,20,5
S01010537,Lone parent family: Parent working,19,16,3
S01010537,Lone parent family: Parent not working,6,4,2
S01010538,All parents aged 16 and over with dependent children,238,97,141
S01010538,Couple family: Total,186,66,120
S01010538,Couple family: Both parents working,138,52,86
S01010538,Couple family: One parent working,42,12,30
S01010538,Couple family: No parents working,6,2,4
S01010538,Lone parent family: Total,52,31,21
S01010538,Lone parent family: Parent working,34,19,15
S01010538,Lone parent family: Parent not working,18,12,6
S01010539,All parents aged 16 and over with dependent children,172,92,80
S01010539,Couple family: Total,146,76,70
S01010539,Couple family: Both parents working,118,58,60
S01010539,Couple family: One parent working,26,18,8
S01010539,Couple family: No parents working,2,0,2
S01010539,Lone parent family: Total,26,16,10
S01010539,Lone parent family: Parent working,21,12,9
S01010539,Lone parent family: Parent not working,5,4,1
S01010540,All parents aged 16 and over with dependent children,110,61,49
S01010540,Couple family: Total,90,48,42
S01010540,Couple family: Both parents working,68,34,34
S01010540,Couple family: One parent working,18,12,6
S01010540,Couple family: No parents working,4,2,2
S01010540,Lone parent family: Total,20,13,7
S01010540,Lone parent family: Parent working,16,10,6
S01010540,Lone parent family: Parent not working,4,3,1
S01010541,All parents aged 16 and over with dependent children,157,74,83
S01010541,Couple family: Total,136,58,78
S01010541,Couple family: Both parents working,112,44,68
S01010541,Couple family: One parent working,22,14,8
S01010541,Couple family: No parents working,2,0,2
S01010541,Lone parent family: Total,21,16,5
S01010541,Lone parent family: Parent working,20,15,5
S01010541,Lone parent family: Parent not working,1,1,0
S01010542,All parents aged 16 and over with dependent children,161,62,99
S01010542,Couple family: Total,142,50,92
S01010542,Couple family: Both parents working,112,42,70
S01010542,Couple family: One parent working,24,4,20
S01010542,Couple family: No parents working,6,4,2
S01010542,Lone parent family: Total,19,12,7
S01010542,Lone parent family: Parent working,14,9,5
S01010542,Lone parent family: Parent not working,5,3,2
S01010543,All parents aged 16 and over with dependent children,110,37,73
S01010543,Couple family: Total,102,34,68
S01010543,Couple family: Both parents working,82,24,58
S01010543,Couple family: One parent working,16,6,10
S01010543,Couple family: No parents working,4,4,0
S01010543,Lone parent family: Total,8,3,5
S01010543,Lone parent family: Parent working,4,2,2
S01010543,Lone parent family: Parent not working,4,1,3
S01010544,All parents aged 16 and over with dependent children,188,74,114
S01010544,Couple family: Total,158,58,100
S01010544,Couple family: Both parents working,114,50,64
S01010544,Couple family: One parent working,38,8,30
S01010544,Couple family: No parents working,6,0,6
S01010544,Lone parent family: Total,30,16,14
S01010544,Lone parent family: Parent working,18,11,7
S01010544,Lone parent family: Parent not working,12,5,7
S01010545,All parents aged 16 and over with dependent children,146,52,94
S01010545,Couple family: Total,124,38,86
S01010545,Couple family: Both parents working,100,36,64
S01010545,Couple family: One parent working,18,2,16
S01010545,Couple family: No parents working,6,0,6
S01010545,Lone parent family: Total,22,14,8
S01010545,Lone parent family: Parent working,12,8,4
S01010545,Lone parent family: Parent not working,10,6,4
S01010546,All parents aged 16 and over with dependent children,125,64,61
S01010546,Couple family: Total,104,48,56
S01010546,Couple family: Both parents working,78,44,34
S01010546,Couple family: One parent working,20,4,16
S01010546,Couple family: No parents working,6,0,6
S01010546,Lone parent family: Total,21,16,5
S01010546,Lone parent family: Parent working,15,11,4
S01010546,Lone parent family: Parent not working,6,5,1
S01010547,All parents aged 16 and over with dependent children,152,56,96
S01010547,Couple family: Total,138,50,88
S01010547,Couple family: Both parents working,92,38,54
S01010547,Couple family: One parent working,38,8,30
S01010547,Couple family: No parents working,8,4,4
S01010547,Lone parent family: Total,14,6,8
S01010547,Lone parent family: Parent working,12,5,7
S01010547,Lone parent family: Parent not working,2,1,1
S01010548,All parents aged 16 and over with dependent children,114,39,75
S01010548,Couple family: Total,106,34,72
S01010548,Couple family: Both parents working,88,30,58
S01010548,Couple family: One parent working,16,2,14
S01010548,Couple family: No parents working,2,2,0
S01010548,Lone parent family: Total,8,5,3
S01010548,Lone parent family: Parent working,6,3,3
S01010548,Lone parent family: Parent not working,2,2,0
S01010549,All parents aged 16 and over with dependent children,258,83,175
S01010549,Couple family: Total,238,68,170
S01010549,Couple family: Both parents working,178,60,118
S01010549,Couple family: One parent working,54,8,46
S01010549,Couple family: No parents working,6,0,6
S01010549,Lone parent family: Total,20,15,5
S01010549,Lone parent family: Parent working,16,11,5
S01010549,Lone parent family: Parent not working,4,4,0
S01010550,All parents aged 16 and over with dependent children,118,63,55
S01010550,Couple family: Total,104,52,52
S01010550,Couple family: Both parents working,84,42,42
S01010550,Couple family: One parent working,16,8,8
S01010550,Couple family: No parents working,4,2,2
S01010550,Lone parent family: Total,14,11,3
S01010550,Lone parent family: Parent working,12,10,2
S01010550,Lone parent family: Parent not working,2,1,1
S01010551,All parents aged 16 and over with dependent children,172,68,104
S01010551,Couple family: Total,144,56,88
S01010551,Couple family: Both parents working,98,40,58
S01010551,Couple family: One parent working,42,14,28
S01010551,Couple family: No parents working,4,2,2
S01010551,Lone parent family: Total,28,12,16
S01010551,Lone parent family: Parent working,20,8,12
S01010551,Lone parent family: Parent not working,8,4,4
S01010552,All parents aged 16 and over with dependent children,169,64,105
S01010552,Couple family: Total,146,48,98
S01010552,Couple family: Both parents working,106,42,64
S01010552,Couple family: One parent working,34,6,28
S01010552,Couple family: No parents working,6,0,6
S01010552,Lone parent family: Total,23,16,7
S01010552,Lone parent family: Parent working,15,12,3
S01010552,Lone parent family: Parent not working,8,4,4
S01010553,All parents aged 16 and over with dependent children,123,57,66
S01010553,Couple family: Total,110,52,58
S01010553,Couple family: Both parents working,76,42,34
S01010553,Couple family: One parent working,28,6,22
S01010553,Couple family: No parents working,6,4,2
S01010553,Lone parent family: Total,13,5,8
S01010553,Lone parent family: Parent working,9,5,4
S01010553,Lone parent family: Parent not working,4,0,4
S01010554,All parents aged 16 and over with dependent children,149,83,66
S01010554,Couple family: Total,114,66,48
S01010554,Couple family: Both parents working,84,50,34
S01010554,Couple family: One parent working,28,16,12
S01010554,Couple family: No parents working,2,0,2
S01010554,Lone parent family: Total,35,17,18
S01010554,Lone parent family: Parent working,16,11,5
S01010554,Lone parent family: Parent not working,19,6,13
S01010555,All parents aged 16 and over with dependent children,177,98,79
S01010555,Couple family: Total,134,70,64
S01010555,Couple family: Both parents working,96,54,42
S01010555,Couple family: One parent working,28,14,14
S01010555,Couple family: No parents working,10,2,8
S01010555,Lone parent family: Total,43,28,15
S01010555,Lone parent family: Parent working,19,12,7
S01010555,Lone parent family: Parent not working,24,16,8
S01010556,All parents aged 16 and over with dependent children,204,77,127
S01010556,Couple family: Total,154,52,102
S01010556,Couple family: Both parents working,86,38,48
S01010556,Couple family: One parent working,52,10,42
S01010556,Couple family: No parents working,16,4,12
S01010556,Lone parent family: Total,50,25,25
S01010556,Lone parent family: Parent working,32,16,16
S01010556,Lone parent family: Parent not working,18,9,9
S01010557,All parents aged 16 and over with dependent children,137,65,72
S01010557,Couple family: Total,104,40,64
S01010557,Couple family: Both parents working,78,30,48
S01010557,Couple family: One parent working,20,10,10
S01010557,Couple family: No parents working,6,0,6
S01010557,Lone parent family: Total,33,25,8
S01010557,Lone parent family: Parent working,12,10,2
S01010557,Lone parent family: Parent not working,21,15,6
S01010558,All parents aged 16 and over with dependent children,141,65,76
S01010558,Couple family: Total,116,52,64
S01010558,Couple family: Both parents working,84,38,46
S01010558,Couple family: One parent working,20,12,8
S01010558,Couple family: No parents working,12,2,10
S01010558,Lone parent family: Total,25,13,12
S01010558,Lone parent family: Parent working,14,7,7
S01010558,Lone parent family: Parent not working,11,6,5
S01010559,All parents aged 16 and over with dependent children,124,51,73
S01010559,Couple family: Total,112,44,68
S01010559,Couple family: Both parents working,82,32,50
S01010559,Couple family: One parent working,30,12,18
S01010559,Couple family: No parents working,0,0,0
S01010559,Lone parent family: Total,12,7,5
S01010559,Lone parent family: Parent working,9,6,3
S01010559,Lone parent family: Parent not working,3,1,2
S01010560,All parents aged 16 and over with dependent children,108,34,74
S01010560,Couple family: Total,94,26,68
S01010560,Couple family: Both parents working,82,20,62
S01010560,Couple family: One parent working,8,4,4
S01010560,Couple family: No parents working,4,2,2
S01010560,Lone parent family: Total,14,8,6
S01010560,Lone parent family: Parent working,12,7,5
S01010560,Lone parent family: Parent not working,2,1,1
S01010561,All parents aged 16 and over with dependent children,150,60,90
S01010561,Couple family: Total,138,54,84
S01010561,Couple family: Both parents working,106,44,62
S01010561,Couple family: One parent working,30,10,20
S01010561,Couple family: No parents working,2,0,2
S01010561,Lone parent family: Total,12,6,6
S01010561,Lone parent family: Parent working,9,4,5
S01010561,Lone parent family: Parent not working,3,2,1
S01010562,All parents aged 16 and over with dependent children,137,58,79
S01010562,Couple family: Total,122,48,74
S01010562,Couple family: Both parents working,102,44,58
S01010562,Couple family: One parent working,18,2,16
S01010562,Couple family: No parents working,2,2,0
S01010562,Lone parent family: Total,15,10,5
S01010562,Lone parent family: Parent working,12,8,4
S01010562,Lone parent family: Parent not working,3,2,1
S01010563,All parents aged 16 and over with dependent children,100,48,52
S01010563,Couple family: Total,82,40,42
S01010563,Couple family: Both parents working,52,32,20
S01010563,Couple family: One parent working,30,8,22
S01010563,Couple family: No parents working,0,0,0
S01010563,Lone parent family: Total,18,8,10
S01010563,Lone parent family: Parent working,9,3,6
S01010563,Lone parent family: Parent not working,9,5,4
S01010564,All parents aged 16 and over with dependent children,59,27,32
S01010564,Couple family: Total,42,16,26
S01010564,Couple family: Both parents working,28,12,16
S01010564,Couple family: One parent working,12,4,8
S01010564,Couple family: No parents working,2,0,2
S01010564,Lone parent family: Total,17,11,6
S01010564,Lone parent family: Parent working,7,3,4
S01010564,Lone parent family: Parent not working,10,8,2
S01010565,All parents aged 16 and over with dependent children,136,52,84
S01010565,Couple family: Total,126,44,82
S01010565,Couple family: Both parents working,76,30,46
S01010565,Couple family: One parent working,34,10,24
S01010565,Couple family: No parents working,16,4,12
S01010565,Lone parent family: Total,10,8,2
S01010565,Lone parent family: Parent working,5,4,1
S01010565,Lone parent family: Parent not working,5,4,1
S01010566,All parents aged 16 and over with dependent children,239,89,150
S01010566,Couple family: Total,216,74,142
S01010566,Couple family: Both parents working,176,64,112
S01010566,Couple family: One parent working,36,10,26
S01010566,Couple family: No parents working,4,0,4
S01010566,Lone parent family: Total,23,15,8
S01010566,Lone parent family: Parent working,11,7,4
S01010566,Lone parent family: Parent not working,12,8,4
S01010567,All parents aged 16 and over with dependent children,228,82,146
S01010567,Couple family: Total,216,76,140
S01010567,Couple family: Both parents working,184,70,114
S01010567,Couple family: One parent working,28,4,24
S01010567,Couple family: No parents working,4,2,2
S01010567,Lone parent family: Total,12,6,6
S01010567,Lone parent family: Parent working,11,6,5
S01010567,Lone parent family: Parent not working,1,0,1
S01010568,All parents aged 16 and over with dependent children,235,114,121
S01010568,Couple family: Total,200,94,106
S01010568,Couple family: Both parents working,160,82,78
S01010568,Couple family: One parent working,38,12,26
S01010568,Couple family: No parents working,2,0,2
S01010568,Lone parent family: Total,35,20,15
S01010568,Lone parent family: Parent working,17,9,8
S01010568,Lone parent family: Parent not working,18,11,7
S01010569,All parents aged 16 and over with dependent children,146,69,77
S01010569,Couple family: Total,132,60,72
S01010569,Couple family: Both parents working,92,44,48
S01010569,Couple family: One parent working,38,14,24
S01010569,Couple family: No parents working,2,2,0
S01010569,Lone parent family: Total,14,9,5
S01010569,Lone parent family: Parent working,10,7,3
S01010569,Lone parent family: Parent not working,4,2,2
S01010570,All parents aged 16 and over with dependent children,232,116,116
S01010570,Couple family: Total,174,88,86
S01010570,Couple family: Both parents working,108,66,42
S01010570,Couple family: One parent working,56,20,36
S01010570,Couple family: No parents working,10,2,8
S01010570,Lone parent family: Total,58,28,30
S01010570,Lone parent family: Parent working,27,17,10
S01010570,Lone parent family: Parent not working,31,11,20
S01010571,All parents aged 16 and over with dependent children,139,67,72
S01010571,Couple family: Total,118,52,66
S01010571,Couple family: Both parents working,92,34,58
S01010571,Couple family: One parent working,24,16,8
S01010571,Couple family: No parents working,2,2,0
S01010571,Lone parent family: Total,21,15,6
S01010571,Lone parent family: Parent working,17,12,5
S01010571,Lone parent family: Parent not working,4,3,1
S01010572,All parents aged 16 and over with dependent children,167,93,74
S01010572,Couple family: Total,126,66,60
S01010572,Couple family: Both parents working,86,44,42
S01010572,Couple family: One parent working,38,20,18
S01010572,Couple family: No parents working,2,2,0
S01010572,Lone parent family: Total,41,27,14
S01010572,Lone parent family: Parent working,28,18,10
S01010572,Lone parent family: Parent not working,13,9,4
S01010573,All parents aged 16 and over with dependent children,125,64,61
S01010573,Couple family: Total,106,52,54
S01010573,Couple family: Both parents working,90,50,40
S01010573,Couple family: One parent working,14,2,12
S01010573,Couple family: No parents working,2,0,2
S01010573,Lone parent family: Total,19,12,7
S01010573,Lone parent family: Parent working,15,11,4
S01010573,Lone parent family: Parent not working,4,1,3
S01010574,All parents aged 16 and over with dependent children,172,78,94
S01010574,Couple family: Total,162,72,90
S01010574,Couple family: Both parents working,122,58,64
S01010574,Couple family: One parent working,38,14,24
S01010574,Couple family: No parents working,2,0,2
S01010574,Lone parent family: Total,10,6,4
S01010574,Lone parent family: Parent working,8,6,2
S01010574,Lone parent family: Parent not working,2,0,2
S01010575,All parents aged 16 and over with dependent children,140,63,77
S01010575,Couple family: Total,130,60,70
S01010575,Couple family: Both parents working,100,46,54
S01010575,Couple family: One parent working,28,14,14
S01010575,Couple family: No parents working,2,0,2
S01010575,Lone parent family: Total,10,3,7
S01010575,Lone parent family: Parent working,8,3,5
S01010575,Lone parent family: Parent not working,2,0,2
S01010576,All parents aged 16 and over with dependent children,171,71,100
S01010576,Couple family: Total,158,62,96
S01010576,Couple family: Both parents working,126,52,74
S01010576,Couple family: One parent working,28,8,20
S01010576,Couple family: No parents working,4,2,2
S01010576,Lone parent family: Total,13,9,4
S01010576,Lone parent family: Parent working,12,8,4
S01010576,Lone parent family: Parent not working,1,1,0
S01010577,All parents aged 16 and over with dependent children,188,67,121
S01010577,Couple family: Total,130,42,88
S01010577,Couple family: Both parents working,90,32,58
S01010577,Couple family: One parent working,30,6,24
S01010577,Couple family: No parents working,10,4,6
S01010577,Lone parent family: Total,58,25,33
S01010577,Lone parent family: Parent working,35,19,16
S01010577,Lone parent family: Parent not working,23,6,17
S01010578,All parents aged 16 and over with dependent children,128,55,73
S01010578,Couple family: Total,108,46,62
S01010578,Couple family: Both parents working,88,38,50
S01010578,Couple family: One parent working,20,8,12
S01010578,Couple family: No parents working,0,0,0
S01010578,Lone parent family: Total,20,9,11
S01010578,Lone parent family: Parent working,16,8,8
S01010578,Lone parent family: Parent not working,4,1,3
S01010579,All parents aged 16 and over with dependent children,156,86,70
S01010579,Couple family: Total,142,76,66
S01010579,Couple family: Both parents working,116,66,50
S01010579,Couple family: One parent working,22,8,14
S01010579,Couple family: No parents working,4,2,2
S01010579,Lone parent family: Total,14,10,4
S01010579,Lone parent family: Parent working,14,10,4
S01010579,Lone parent family: Parent not working,0,0,0
S01010580,All parents aged 16 and over with dependent children,67,46,21
S01010580,Couple family: Total,52,36,16
S01010580,Couple family: Both parents working,32,20,12
S01010580,Couple family: One parent working,20,16,4
S01010580,Couple family: No parents working,0,0,0
S01010580,Lone parent family: Total,15,10,5
S01010580,Lone parent family: Parent working,9,6,3
S01010580,Lone parent family: Parent not working,6,4,2
S01010581,All parents aged 16 and over with dependent children,123,64,59
S01010581,Couple family: Total,108,54,54
S01010581,Couple family: Both parents working,76,38,38
S01010581,Couple family: One parent working,32,16,16
S01010581,Couple family: No parents working,0,0,0
S01010581,Lone parent family: Total,15,10,5
S01010581,Lone parent family: Parent working,11,6,5
S01010581,Lone parent family: Parent not working,4,4,0
S01010582,All parents aged 16 and over with dependent children,109,49,60
S01010582,Couple family: Total,102,44,58
S01010582,Couple family: Both parents working,70,32,38
S01010582,Couple family: One parent working,32,12,20
S01010582,Couple family: No parents working,0,0,0
S01010582,Lone parent family: Total,7,5,2
S01010582,Lone parent family: Parent working,7,5,2
S01010582,Lone parent family: Parent not working,0,0,0
S01010583,All parents aged 16 and over with dependent children,231,118,113
S01010583,Couple family: Total,206,102,104
S01010583,Couple family: Both parents working,170,82,88
S01010583,Couple family: One parent working,34,18,16
S01010583,Couple family: No parents working,2,2,0
S01010583,Lone parent family: Total,25,16,9
S01010583,Lone parent family: Parent working,22,14,8
S01010583,Lone parent family: Parent not working,3,2,1
S01010584,All parents aged 16 and over with dependent children,258,120,138
S01010584,Couple family: Total,220,94,126
S01010584,Couple family: Both parents working,156,66,90
S01010584,Couple family: One parent working,60,26,34
S01010584,Couple family: No parents working,4,2,2
S01010584,Lone parent family: Total,38,26,12
S01010584,Lone parent family: Parent working,28,19,9
S01010584,Lone parent family: Parent not working,10,7,3
S01010585,All parents aged 16 and over with dependent children,288,143,145
S01010585,Couple family: Total,252,126,126
S01010585,Couple family: Both parents working,196,100,96
S01010585,Couple family: One parent working,52,26,26
S01010585,Couple family: No parents working,4,0,4
S01010585,Lone parent family: Total,36,17,19
S01010585,Lone parent family: Parent working,31,15,16
S01010585,Lone parent family: Parent not working,5,2,3
S01010586,All parents aged 16 and over with dependent children,200,82,118
S01010586,Couple family: Total,188,76,112
S01010586,Couple family: Both parents working,144,62,82
S01010586,Couple family: One parent working,42,14,28
S01010586,Couple family: No parents working,2,0,2
S01010586,Lone parent family: Total,12,6,6
S01010586,Lone parent family: Parent working,11,5,6
S01010586,Lone parent family: Parent not working,1,1,0
S01010587,All parents aged 16 and over with dependent children,140,65,75
S01010587,Couple family: Total,130,60,70
S01010587,Couple family: Both parents working,112,54,58
S01010587,Couple family: One parent working,14,4,10
S01010587,Couple family: No parents working,4,2,2
S01010587,Lone parent family: Total,10,5,5
S01010587,Lone parent family: Parent working,7,3,4
S01010587,Lone parent family: Parent not working,3,2,1
S01010588,All parents aged 16 and over with dependent children,154,52,102
S01010588,Couple family: Total,138,46,92
S01010588,Couple family: Both parents working,104,38,66
S01010588,Couple family: One parent working,32,8,24
S01010588,Couple family: No parents working,2,0,2
S01010588,Lone parent family: Total,16,6,10
S01010588,Lone parent family: Parent working,13,5,8
S01010588,Lone parent family: Parent not working,3,1,2
S01010589,All parents aged 16 and over with dependent children,126,64,62
S01010589,Couple family: Total,98,48,50
S01010589,Couple family: Both parents working,74,36,38
S01010589,Couple family: One parent working,18,10,8
S01010589,Couple family: No parents working,6,2,4
S01010589,Lone parent family: Total,28,16,12
S01010589,Lone parent family: Parent working,13,8,5
S01010589,Lone parent family: Parent not working,15,8,7
S01010590,All parents aged 16 and over with dependent children,282,78,204
S01010590,Couple family: Total,270,70,200
S01010590,Couple family: Both parents working,202,58,144
S01010590,Couple family: One parent working,66,12,54
S01010590,Couple family: No parents working,2,0,2
S01010590,Lone parent family: Total,12,8,4
S01010590,Lone parent family: Parent working,8,6,2
S01010590,Lone parent family: Parent not working,4,2,2
S01010591,All parents aged 16 and over with dependent children,236,111,125
S01010591,Couple family: Total,194,88,106
S01010591,Couple family: Both parents working,148,80,68
S01010591,Couple family: One parent working,34,4,30
S01010591,Couple family: No parents working,12,4,8
S01010591,Lone parent family: Total,42,23,19
S01010591,Lone parent family: Parent working,29,16,13
S01010591,Lone parent family: Parent not working,13,7,6
S01010592,All parents aged 16 and over with dependent children,86,48,38
S01010592,Couple family: Total,60,28,32
S01010592,Couple family: Both parents working,44,26,18
S01010592,Couple family: One parent working,16,2,14
S01010592,Couple family: No parents working,0,0,0
S01010592,Lone parent family: Total,26,20,6
S01010592,Lone parent family: Parent working,19,13,6
S01010592,Lone parent family: Parent not working,7,7,0
S01010593,All parents aged 16 and over with dependent children,161,57,104
S01010593,Couple family: Total,150,52,98
S01010593,Couple family: Both parents working,126,46,80
S01010593,Couple family: One parent working,22,4,18
S01010593,Couple family: No parents working,2,2,0
S01010593,Lone parent family: Total,11,5,6
S01010593,Lone parent family: Parent working,9,5,4
S01010593,Lone parent family: Parent not working,2,0,2
S01010594,All parents aged 16 and over with dependent children,183,88,95
S01010594,Couple family: Total,158,74,84
S01010594,Couple family: Both parents working,136,62,74
S01010594,Couple family: One parent working,20,12,8
S01010594,Couple family: No parents working,2,0,2
S01010594,Lone parent family: Total,25,14,11
S01010594,Lone parent family: Parent working,17,12,5
S01010594,Lone parent family: Parent not working,8,2,6
S01010595,All parents aged 16 and over with dependent children,285,109,176
S01010595,Couple family: Total,242,88,154
S01010595,Couple family: Both parents working,186,68,118
S01010595,Couple family: One parent working,44,14,30
S01010595,Couple family: No parents working,12,6,6
S01010595,Lone parent family: Total,43,21,22
S01010595,Lone parent family: Parent working,35,19,16
S01010595,Lone parent family: Parent not working,8,2,6
S01010596,All parents aged 16 and over with dependent children,216,84,132
S01010596,Couple family: Total,198,76,122
S01010596,Couple family: Both parents working,154,64,90
S01010596,Couple family: One parent working,36,10,26
S01010596,Couple family: No parents working,8,2,6
S01010596,Lone parent family: Total,18,8,10
S01010596,Lone parent family: Parent working,12,8,4
S01010596,Lone parent family: Parent not working,6,0,6
S01010597,All parents aged 16 and over with dependent children,190,108,82
S01010597,Couple family: Total,150,82,68
S01010597,Couple family: Both parents working,128,74,54
S01010597,Couple family: One parent working,16,6,10
S01010597,Couple family: No parents working,6,2,4
S01010597,Lone parent family: Total,40,26,14
S01010597,Lone parent family: Parent working,29,21,8
S01010597,Lone parent family: Parent not working,11,5,6
S01010598,All parents aged 16 and over with dependent children,328,153,175
S01010598,Couple family: Total,280,122,158
S01010598,Couple family: Both parents working,220,112,108
S01010598,Couple family: One parent working,56,10,46
S01010598,Couple family: No parents working,4,0,4
S01010598,Lone parent family: Total,48,31,17
S01010598,Lone parent family: Parent working,29,22,7
S01010598,Lone parent family: Parent not working,19,9,10
S01010599,All parents aged 16 and over with dependent children,157,66,91
S01010599,Couple family: Total,142,58,84
S01010599,Couple family: Both parents working,100,44,56
S01010599,Couple family: One parent working,38,10,28
S01010599,Couple family: No parents working,4,4,0
S01010599,Lone parent family: Total,15,8,7
S01010599,Lone parent family: Parent working,11,5,6
S01010599,Lone parent family: Parent not working,4,3,1
S01010600,All parents aged 16 and over with dependent children,139,68,71
S01010600,Couple family: Total,130,64,66
S01010600,Couple family: Both parents working,104,50,54
S01010600,Couple family: One parent working,24,12,12
S01010600,Couple family: No parents working,2,2,0
S01010600,Lone parent family: Total,9,4,5
S01010600,Lone parent family: Parent working,7,3,4
S01010600,Lone parent family: Parent not working,2,1,1
S01010601,All parents aged 16 and over with dependent children,135,61,74
S01010601,Couple family: Total,124,52,72
S01010601,Couple family: Both parents working,104,48,56
S01010601,Couple family: One parent working,16,2,14
S01010601,Couple family: No parents working,4,2,2
S01010601,Lone parent family: Total,11,9,2
S01010601,Lone parent family: Parent working,8,7,1
S01010601,Lone parent family: Parent not working,3,2,1
S01010602,All parents aged 16 and over with dependent children,94,43,51
S01010602,Couple family: Total,86,36,50
S01010602,Couple family: Both parents working,70,32,38
S01010602,Couple family: One parent working,14,2,12
S01010602,Couple family: No parents working,2,2,0
S01010602,Lone parent family: Total,8,7,1
S01010602,Lone parent family: Parent working,6,5,1
S01010602,Lone parent family: Parent not working,2,2,0
S01010603,All parents aged 16 and over with dependent children,135,53,82
S01010603,Couple family: Total,126,46,80
S01010603,Couple family: Both parents working,94,34,60
S01010603,Couple family: One parent working,24,10,14
S01010603,Couple family: No parents working,8,2,6
S01010603,Lone parent family: Total,9,7,2
S01010603,Lone parent family: Parent working,5,4,1
S01010603,Lone parent family: Parent not working,4,3,1
S01010604,All parents aged 16 and over with dependent children,124,49,75
S01010604,Couple family: Total,112,46,66
S01010604,Couple family: Both parents working,84,34,50
S01010604,Couple family: One parent working,26,10,16
S01010604,Couple family: No parents working,2,2,0
S01010604,Lone parent family: Total,12,3,9
S01010604,Lone parent family: Parent working,10,3,7
S01010604,Lone parent family: Parent not working,2,0,2
S01010605,All parents aged 16 and over with dependent children,171,73,98
S01010605,Couple family: Total,160,68,92
S01010605,Couple family: Both parents working,130,54,76
S01010605,Couple family: One parent working,26,12,14
S01010605,Couple family: No parents working,4,2,2
S01010605,Lone parent family: Total,11,5,6
S01010605,Lone parent family: Parent working,9,5,4
S01010605,Lone parent family: Parent not working,2,0,2
S01010606,All parents aged 16 and over with dependent children,170,79,91
S01010606,Couple family: Total,126,54,72
S01010606,Couple family: Both parents working,96,46,50
S01010606,Couple family: One parent working,26,8,18
S01010606,Couple family: No parents working,4,0,4
S01010606,Lone parent family: Total,44,25,19
S01010606,Lone parent family: Parent working,30,19,11
S01010606,Lone parent family: Parent not working,14,6,8
S01010607,All parents aged 16 and over with dependent children,181,79,102
S01010607,Couple family: Total,172,74,98
S01010607,Couple family: Both parents working,144,62,82
S01010607,Couple family: One parent working,28,12,16
S01010607,Couple family: No parents working,0,0,0
S01010607,Lone parent family: Total,9,5,4
S01010607,Lone parent family: Parent working,9,5,4
S01010607,Lone parent family: Parent not working,0,0,0
S01010608,All parents aged 16 and over with dependent children,157,78,79
S01010608,Couple family: Total,88,40,48
S01010608,Couple family: Both parents working,52,22,30
S01010608,Couple family: One parent working,24,14,10
S01010608,Couple family: No parents working,12,4,8
S01010608,Lone parent family: Total,69,38,31
S01010608,Lone parent family: Parent working,35,25,10
S01010608,Lone parent family: Parent not working,34,13,21
S01010609,All parents aged 16 and over with dependent children,131,70,61
S01010609,Couple family: Total,92,40,52
S01010609,Couple family: Both parents working,52,30,22
S01010609,Couple family: One parent working,36,10,26
S01010609,Couple family: No parents working,4,0,4
S01010609,Lone parent family: Total,39,30,9
S01010609,Lone parent family: Parent working,30,22,8
S01010609,Lone parent family: Parent not working,9,8,1
S01010610,All parents aged 16 and over with dependent children,90,42,48
S01010610,Couple family: Total,82,40,42
S01010610,Couple family: Both parents working,50,22,28
S01010610,Couple family: One parent working,24,10,14
S01010610,Couple family: No parents working,8,8,0
S01010610,Lone parent family: Total,8,2,6
S01010610,Lone parent family: Parent working,6,1,5
S01010610,Lone parent family: Parent not working,2,1,1
S01010611,All parents aged 16 and over with dependent children,166,86,80
S01010611,Couple family: Total,126,58,68
S01010611,Couple family: Both parents working,100,48,52
S01010611,Couple family: One parent working,24,8,16
S01010611,Couple family: No parents working,2,2,0
S01010611,Lone parent family: Total,40,28,12
S01010611,Lone parent family: Parent working,30,25,5
S01010611,Lone parent family: Parent not working,10,3,7
S01010612,All parents aged 16 and over with dependent children,167,66,101
S01010612,Couple family: Total,140,52,88
S01010612,Couple family: Both parents working,102,40,62
S01010612,Couple family: One parent working,34,12,22
S01010612,Couple family: No parents working,4,0,4
S01010612,Lone parent family: Total,27,14,13
S01010612,Lone parent family: Parent working,18,8,10
S01010612,Lone parent family: Parent not working,9,6,3
S01010613,All parents aged 16 and over with dependent children,113,59,54
S01010613,Couple family: Total,90,46,44
S01010613,Couple family: Both parents working,64,32,32
S01010613,Couple family: One parent working,26,14,12
S01010613,Couple family: No parents working,0,0,0
S01010613,Lone parent family: Total,23,13,10
S01010613,Lone parent family: Parent working,15,7,8
S01010613,Lone parent family: Parent not working,8,6,2
S01010614,All parents aged 16 and over with dependent children,106,55,51
S01010614,Couple family: Total,74,40,34
S01010614,Couple family: Both parents working,54,30,24
S01010614,Couple family: One parent working,20,10,10
S01010614,Couple family: No parents working,0,0,0
S01010614,Lone parent family: Total,32,15,17
S01010614,Lone parent family: Parent working,20,10,10
S01010614,Lone parent family: Parent not working,12,5,7
S01010615,All parents aged 16 and over with dependent children,209,118,91
S01010615,Couple family: Total,174,94,80
S01010615,Couple family: Both parents working,138,74,64
S01010615,Couple family: One parent working,32,18,14
S01010615,Couple family: No parents working,4,2,2
S01010615,Lone parent family: Total,35,24,11
S01010615,Lone parent family: Parent working,23,16,7
S01010615,Lone parent family: Parent not working,12,8,4
S01010616,All parents aged 16 and over with dependent children,185,101,84
S01010616,Couple family: Total,166,88,78
S01010616,Couple family: Both parents working,148,76,72
S01010616,Couple family: One parent working,18,12,6
S01010616,Couple family: No parents working,0,0,0
S01010616,Lone parent family: Total,19,13,6
S01010616,Lone parent family: Parent working,18,12,6
S01010616,Lone parent family: Parent not working,1,1,0
S01010617,All parents aged 16 and over with dependent children,194,74,120
S01010617,Couple family: Total,168,58,110
S01010617,Couple family: Both parents working,148,54,94
S01010617,Couple family: One parent working,20,4,16
S01010617,Couple family: No parents working,0,0,0
S01010617,Lone parent family: Total,26,16,10
S01010617,Lone parent family: Parent working,23,15,8
S01010617,Lone parent family: Parent not working,3,1,2
S01010618,All parents aged 16 and over with dependent children,158,76,82
S01010618,Couple family: Total,138,64,74
S01010618,Couple family: Both parents working,112,56,56
S01010618,Couple family: One parent working,24,6,18
S01010618,Couple family: No parents working,2,2,0
S01010618,Lone parent family: Total,20,12,8
S01010618,Lone parent family: Parent working,19,12,7
S01010618,Lone parent family: Parent not working,1,0,1
S01010619,All parents aged 16 and over with dependent children,104,60,44
S01010619,Couple family: Total,68,36,32
S01010619,Couple family: Both parents working,32,16,16
S01010619,Couple family: One parent working,36,20,16
S01010619,Couple family: No parents working,0,0,0
S01010619,Lone parent family: Total,36,24,12
S01010619,Lone parent family: Parent working,22,17,5
S01010619,Lone parent family: Parent not working,14,7,7
S01010620,All parents aged 16 and over with dependent children,87,60,27
S01010620,Couple family: Total,64,44,20
S01010620,Couple family: Both parents working,32,24,8
S01010620,Couple family: One parent working,24,18,6
S01010620,Couple family: No parents working,8,2,6
S01010620,Lone parent family: Total,23,16,7
S01010620,Lone parent family: Parent working,10,8,2
S01010620,Lone parent family: Parent not working,13,8,5
S01010621,All parents aged 16 and over with dependent children,173,83,90
S01010621,Couple family: Total,156,68,88
S01010621,Couple family: Both parents working,94,42,52
S01010621,Couple family: One parent working,54,20,34
S01010621,Couple family: No parents working,8,6,2
S01010621,Lone parent family: Total,17,15,2
S01010621,Lone parent family: Parent working,10,10,0
S01010621,Lone parent family: Parent not working,7,5,2
S01010622,All parents aged 16 and over with dependent children,125,69,56
S01010622,Couple family: Total,70,32,38
S01010622,Couple family: Both parents working,42,20,22
S01010622,Couple family: One parent working,24,8,16
S01010622,Couple family: No parents working,4,4,0
S01010622,Lone parent family: Total,55,37,18
S01010622,Lone parent family: Parent working,35,28,7
S01010622,Lone parent family: Parent not working,20,9,11
S01010623,All parents aged 16 and over with dependent children,320,123,197
S01010623,Couple family: Total,290,110,180
S01010623,Couple family: Both parents working,128,56,72
S01010623,Couple family: One parent working,154,48,106
S01010623,Couple family: No parents working,8,6,2
S01010623,Lone parent family: Total,30,13,17
S01010623,Lone parent family: Parent working,14,7,7
S01010623,Lone parent family: Parent not working,16,6,10
S01010624,All parents aged 16 and over with dependent children,123,67,56
S01010624,Couple family: Total,94,52,42
S01010624,Couple family: Both parents working,64,40,24
S01010624,Couple family: One parent working,20,12,8
S01010624,Couple family: No parents working,10,0,10
S01010624,Lone parent family: Total,29,15,14
S01010624,Lone parent family: Parent working,18,10,8
S01010624,Lone parent family: Parent not working,11,5,6
S01010625,All parents aged 16 and over with dependent children,124,53,71
S01010625,Couple family: Total,114,46,68
S01010625,Couple family: Both parents working,84,34,50
S01010625,Couple family: One parent working,28,12,16
S01010625,Couple family: No parents working,2,0,2
S01010625,Lone parent family: Total,10,7,3
S01010625,Lone parent family: Parent working,8,7,1
S01010625,Lone parent family: Parent not working,2,0,2
S01010626,All parents aged 16 and over with dependent children,135,51,84
S01010626,Couple family: Total,126,46,80
S01010626,Couple family: Both parents working,104,38,66
S01010626,Couple family: One parent working,18,8,10
S01010626,Couple family: No parents working,4,0,4
S01010626,Lone parent family: Total,9,5,4
S01010626,Lone parent family: Parent working,6,4,2
S01010626,Lone parent family: Parent not working,3,1,2
S01010627,All parents aged 16 and over with dependent children,125,66,59
S01010627,Couple family: Total,102,46,56
S01010627,Couple family: Both parents working,80,38,42
S01010627,Couple family: One parent working,20,8,12
S01010627,Couple family: No parents working,2,0,2
S01010627,Lone parent family: Total,23,20,3
S01010627,Lone parent family: Parent working,16,13,3
S01010627,Lone parent family: Parent not working,7,7,0
S01010628,All parents aged 16 and over with dependent children,150,81,69
S01010628,Couple family: Total,126,64,62
S01010628,Couple family: Both parents working,106,56,50
S01010628,Couple family: One parent working,16,4,12
S01010628,Couple family: No parents working,4,4,0
S01010628,Lone parent family: Total,24,17,7
S01010628,Lone parent family: Parent working,20,15,5
S01010628,Lone parent family: Parent not working,4,2,2
S01010629,All parents aged 16 and over with dependent children,162,70,92
S01010629,Couple family: Total,132,54,78
S01010629,Couple family: Both parents working,94,34,60
S01010629,Couple family: One parent working,32,16,16
S01010629,Couple family: No parents working,6,4,2
S01010629,Lone parent family: Total,30,16,14
S01010629,Lone parent family: Parent working,23,13,10
S01010629,Lone parent family: Parent not working,7,3,4
S01010630,All parents aged 16 and over with dependent children,119,67,52
S01010630,Couple family: Total,88,46,42
S01010630,Couple family: Both parents working,56,34,22
S01010630,Couple family: One parent working,26,8,18
S01010630,Couple family: No parents working,6,4,2
S01010630,Lone parent family: Total,31,21,10
S01010630,Lone parent family: Parent working,15,12,3
S01010630,Lone parent family: Parent not working,16,9,7
S01010631,All parents aged 16 and over with dependent children,73,48,25
S01010631,Couple family: Total,52,34,18
S01010631,Couple family: Both parents working,30,20,10
S01010631,Couple family: One parent working,20,12,8
S01010631,Couple family: No parents working,2,2,0
S01010631,Lone parent family: Total,21,14,7
S01010631,Lone parent family: Parent working,12,9,3
S01010631,Lone parent family: Parent not working,9,5,4
S01010632,All parents aged 16 and over with dependent children,173,102,71
S01010632,Couple family: Total,128,68,60
S01010632,Couple family: Both parents working,82,52,30
S01010632,Couple family: One parent working,36,12,24
S01010632,Couple family: No parents working,10,4,6
S01010632,Lone parent family: Total,45,34,11
S01010632,Lone parent family: Parent working,29,24,5
S01010632,Lone parent family: Parent not working,16,10,6
S01010633,All parents aged 16 and over with dependent children,214,97,117
S01010633,Couple family: Total,158,68,90
S01010633,Couple family: Both parents working,78,40,38
S01010633,Couple family: One parent working,60,20,40
S01010633,Couple family: No parents working,20,8,12
S01010633,Lone parent family: Total,56,29,27
S01010633,Lone parent family: Parent working,33,19,14
S01010633,Lone parent family: Parent not working,23,10,13
S01010634,All parents aged 16 and over with dependent children,143,67,76
S01010634,Couple family: Total,118,52,66
S01010634,Couple family: Both parents working,78,36,42
S01010634,Couple family: One parent working,36,14,22
S01010634,Couple family: No parents working,4,2,2
S01010634,Lone parent family: Total,25,15,10
S01010634,Lone parent family: Parent working,17,8,9
S01010634,Lone parent family: Parent not working,8,7,1
S01010635,All parents aged 16 and over with dependent children,161,69,92
S01010635,Couple family: Total,122,50,72
S01010635,Couple family: Both parents working,88,38,50
S01010635,Couple family: One parent working,22,8,14
S01010635,Couple family: No parents working,12,4,8
S01010635,Lone parent family: Total,39,19,20
S01010635,Lone parent family: Parent working,22,10,12
S01010635,Lone parent family: Parent not working,17,9,8
S01010636,All parents aged 16 and over with dependent children,151,78,73
S01010636,Couple family: Total,130,70,60
S01010636,Couple family: Both parents working,108,66,42
S01010636,Couple family: One parent working,22,4,18
S01010636,Couple family: No parents working,0,0,0
S01010636,Lone parent family: Total,21,8,13
S01010636,Lone parent family: Parent working,14,6,8
S01010636,Lone parent family: Parent not working,7,2,5
S01010637,All parents aged 16 and over with dependent children,39,31,8
S01010637,Couple family: Total,34,26,8
S01010637,Couple family: Both parents working,26,20,6
S01010637,Couple family: One parent working,4,4,0
S01010637,Couple family: No parents working,4,2,2
S01010637,Lone parent family: Total,5,5,0
S01010637,Lone parent family: Parent working,4,4,0
S01010637,Lone parent family: Parent not working,1,1,0
S01010638,All parents aged 16 and over with dependent children,120,74,46
S01010638,Couple family: Total,92,50,42
S01010638,Couple family: Both parents working,70,42,28
S01010638,Couple family: One parent working,22,8,14
S01010638,Couple family: No parents working,0,0,0
S01010638,Lone parent family: Total,28,24,4
S01010638,Lone parent family: Parent working,17,14,3
S01010638,Lone parent family: Parent not working,11,10,1
S01010639,All parents aged 16 and over with dependent children,209,130,79
S01010639,Couple family: Total,136,78,58
S01010639,Couple family: Both parents working,90,50,40
S01010639,Couple family: One parent working,34,18,16
S01010639,Couple family: No parents working,12,10,2
S01010639,Lone parent family: Total,73,52,21
S01010639,Lone parent family: Parent working,42,32,10
S01010639,Lone parent family: Parent not working,31,20,11
S01010640,All parents aged 16 and over with dependent children,101,62,39
S01010640,Couple family: Total,70,44,26
S01010640,Couple family: Both parents working,54,36,18
S01010640,Couple family: One parent working,10,2,8
S01010640,Couple family: No parents working,6,6,0
S01010640,Lone parent family: Total,31,18,13
S01010640,Lone parent family: Parent working,25,18,7
S01010640,Lone parent family: Parent not working,6,0,6
S01010641,All parents aged 16 and over with dependent children,218,103,115
S01010641,Couple family: Total,156,70,86
S01010641,Couple family: Both parents working,74,38,36
S01010641,Couple family: One parent working,66,20,46
S01010641,Couple family: No parents working,16,12,4
S01010641,Lone parent family: Total,62,33,29
S01010641,Lone parent family: Parent working,37,21,16
S01010641,Lone parent family: Parent not working,25,12,13
S01010642,All parents aged 16 and over with dependent children,235,126,109
S01010642,Couple family: Total,140,68,72
S01010642,Couple family: Both parents working,84,40,44
S01010642,Couple family: One parent working,40,20,20
S01010642,Couple family: No parents working,16,8,8
S01010642,Lone parent family: Total,95,58,37
S01010642,Lone parent family: Parent working,48,32,16
S01010642,Lone parent family: Parent not working,47,26,21
S01010643,All parents aged 16 and over with dependent children,206,97,109
S01010643,Couple family: Total,138,58,80
S01010643,Couple family: Both parents working,64,26,38
S01010643,Couple family: One parent working,56,22,34
S01010643,Couple family: No parents working,18,10,8
S01010643,Lone parent family: Total,68,39,29
S01010643,Lone parent family: Parent working,30,20,10
S01010643,Lone parent family: Parent not working,38,19,19
S01010644,All parents aged 16 and over with dependent children,142,75,67
S01010644,Couple family: Total,86,40,46
S01010644,Couple family: Both parents working,46,30,16
S01010644,Couple family: One parent working,26,8,18
S01010644,Couple family: No parents working,14,2,12
S01010644,Lone parent family: Total,56,35,21
S01010644,Lone parent family: Parent working,27,16,11
S01010644,Lone parent family: Parent not working,29,19,10
S01010645,All parents aged 16 and over with dependent children,96,66,30
S01010645,Couple family: Total,90,62,28
S01010645,Couple family: Both parents working,74,54,20
S01010645,Couple family: One parent working,14,6,8
S01010645,Couple family: No parents working,2,2,0
S01010645,Lone parent family: Total,6,4,2
S01010645,Lone parent family: Parent working,6,4,2
S01010645,Lone parent family: Parent not working,0,0,0
S01010646,All parents aged 16 and over with dependent children,116,50,66
S01010646,Couple family: Total,102,42,60
S01010646,Couple family: Both parents working,82,36,46
S01010646,Couple family: One parent working,18,6,12
S01010646,Couple family: No parents working,2,0,2
S01010646,Lone parent family: Total,14,8,6
S01010646,Lone parent family: Parent working,12,8,4
S01010646,Lone parent family: Parent not working,2,0,2
S01010647,All parents aged 16 and over with dependent children,97,53,44
S01010647,Couple family: Total,86,46,40
S01010647,Couple family: Both parents working,74,38,36
S01010647,Couple family: One parent working,10,6,4
S01010647,Couple family: No parents working,2,2,0
S01010647,Lone parent family: Total,11,7,4
S01010647,Lone parent family: Parent working,9,6,3
S01010647,Lone parent family: Parent not working,2,1,1
S01010648,All parents aged 16 and over with dependent children,110,60,50
S01010648,Couple family: Total,90,48,42
S01010648,Couple family: Both parents working,72,36,36
S01010648,Couple family: One parent working,12,8,4
S01010648,Couple family: No parents working,6,4,2
S01010648,Lone parent family: Total,20,12,8
S01010648,Lone parent family: Parent working,13,7,6
S01010648,Lone parent family: Parent not working,7,5,2
S01010649,All parents aged 16 and over with dependent children,95,60,35
S01010649,Couple family: Total,86,56,30
S01010649,Couple family: Both parents working,78,54,24
S01010649,Couple family: One parent working,8,2,6
S01010649,Couple family: No parents working,0,0,0
S01010649,Lone parent family: Total,9,4,5
S01010649,Lone parent family: Parent working,8,4,4
S01010649,Lone parent family: Parent not working,1,0,1
S01010650,All parents aged 16 and over with dependent children,104,54,50
S01010650,Couple family: Total,92,46,46
S01010650,Couple family: Both parents working,76,40,36
S01010650,Couple family: One parent working,14,6,8
S01010650,Couple family: No parents working,2,0,2
S01010650,Lone parent family: Total,12,8,4
S01010650,Lone parent family: Parent working,7,6,1
S01010650,Lone parent family: Parent not working,5,2,3
S01010651,All parents aged 16 and over with dependent children,118,46,72
S01010651,Couple family: Total,100,40,60
S01010651,Couple family: Both parents working,70,26,44
S01010651,Couple family: One parent working,22,10,12
S01010651,Couple family: No parents working,8,4,4
S01010651,Lone parent family: Total,18,6,12
S01010651,Lone parent family: Parent working,10,4,6
S01010651,Lone parent family: Parent not working,8,2,6
S01010652,All parents aged 16 and over with dependent children,162,84,78
S01010652,Couple family: Total,134,62,72
S01010652,Couple family: Both parents working,98,48,50
S01010652,Couple family: One parent working,20,8,12
S01010652,Couple family: No parents working,16,6,10
S01010652,Lone parent family: Total,28,22,6
S01010652,Lone parent family: Parent working,21,15,6
S01010652,Lone parent family: Parent not working,7,7,0
S01010653,All parents aged 16 and over with dependent children,82,50,32
S01010653,Couple family: Total,68,38,30
S01010653,Couple family: Both parents working,58,34,24
S01010653,Couple family: One parent working,8,2,6
S01010653,Couple family: No parents working,2,2,0
S01010653,Lone parent family: Total,14,12,2
S01010653,Lone parent family: Parent working,13,11,2
S01010653,Lone parent family: Parent not working,1,1,0
S01010654,All parents aged 16 and over with dependent children,142,61,81
S01010654,Couple family: Total,108,40,68
S01010654,Couple family: Both parents working,86,34,52
S01010654,Couple family: One parent working,20,6,14
S01010654,Couple family: No parents working,2,0,2
S01010654,Lone parent family: Total,34,21,13
S01010654,Lone parent family: Parent working,26,14,12
S01010654,Lone parent family: Parent not working,8,7,1
S01010655,All parents aged 16 and over with dependent children,195,61,134
S01010655,Couple family: Total,180,52,128
S01010655,Couple family: Both parents working,134,40,94
S01010655,Couple family: One parent working,42,12,30
S01010655,Couple family: No parents working,4,0,4
S01010655,Lone parent family: Total,15,9,6
S01010655,Lone parent family: Parent working,14,8,6
S01010655,Lone parent family: Parent not working,1,1,0
S01010656,All parents aged 16 and over with dependent children,120,59,61
S01010656,Couple family: Total,96,44,52
S01010656,Couple family: Both parents working,78,38,40
S01010656,Couple family: One parent working,18,6,12
S01010656,Couple family: No parents working,0,0,0
S01010656,Lone parent family: Total,24,15,9
S01010656,Lone parent family: Parent working,16,11,5
S01010656,Lone parent family: Parent not working,8,4,4
S01010657,All parents aged 16 and over with dependent children,123,46,77
S01010657,Couple family: Total,114,42,72
S01010657,Couple family: Both parents working,92,36,56
S01010657,Couple family: One parent working,20,6,14
S01010657,Couple family: No parents working,2,0,2
S01010657,Lone parent family: Total,9,4,5
S01010657,Lone parent family: Parent working,7,3,4
S01010657,Lone parent family: Parent not working,2,1,1
S01010658,All parents aged 16 and over with dependent children,140,57,83
S01010658,Couple family: Total,124,50,74
S01010658,Couple family: Both parents working,94,42,52
S01010658,Couple family: One parent working,26,4,22
S01010658,Couple family: No parents working,4,4,0
S01010658,Lone parent family: Total,16,7,9
S01010658,Lone parent family: Parent working,11,5,6
S01010658,Lone parent family: Parent not working,5,2,3
S01010659,All parents aged 16 and over with dependent children,113,40,73
S01010659,Couple family: Total,102,36,66
S01010659,Couple family: Both parents working,80,26,54
S01010659,Couple family: One parent working,20,10,10
S01010659,Couple family: No parents working,2,0,2
S01010659,Lone parent family: Total,11,4,7
S01010659,Lone parent family: Parent working,9,4,5
S01010659,Lone parent family: Parent not working,2,0,2
S01010660,All parents aged 16 and over with dependent children,125,62,63
S01010660,Couple family: Total,106,46,60
S01010660,Couple family: Both parents working,76,30,46
S01010660,Couple family: One parent working,26,12,14
S01010660,Couple family: No parents working,4,4,0
S01010660,Lone parent family: Total,19,16,3
S01010660,Lone parent family: Parent working,13,12,1
S01010660,Lone parent family: Parent not working,6,4,2
S01010661,All parents aged 16 and over with dependent children,70,38,32
S01010661,Couple family: Total,54,24,30
S01010661,Couple family: Both parents working,42,20,22
S01010661,Couple family: One parent working,12,4,8
S01010661,Couple family: No parents working,0,0,0
S01010661,Lone parent family: Total,16,14,2
S01010661,Lone parent family: Parent working,8,6,2
S01010661,Lone parent family: Parent not working,8,8,0
S01010662,All parents aged 16 and over with dependent children,164,49,115
S01010662,Couple family: Total,142,36,106
S01010662,Couple family: Both parents working,110,30,80
S01010662,Couple family: One parent working,30,6,24
S01010662,Couple family: No parents working,2,0,2
S01010662,Lone parent family: Total,22,13,9
S01010662,Lone parent family: Parent working,16,8,8
S01010662,Lone parent family: Parent not working,6,5,1
S01010663,All parents aged 16 and over with dependent children,186,61,125
S01010663,Couple family: Total,174,56,118
S01010663,Couple family: Both parents working,130,48,82
S01010663,Couple family: One parent working,42,6,36
S01010663,Couple family: No parents working,2,2,0
S01010663,Lone parent family: Total,12,5,7
S01010663,Lone parent family: Parent working,8,4,4
S01010663,Lone parent family: Parent not working,4,1,3
S01010664,All parents aged 16 and over with dependent children,170,71,99
S01010664,Couple family: Total,158,62,96
S01010664,Couple family: Both parents working,104,40,64
S01010664,Couple family: One parent working,48,20,28
S01010664,Couple family: No parents working,6,2,4
S01010664,Lone parent family: Total,12,9,3
S01010664,Lone parent family: Parent working,11,9,2
S01010664,Lone parent family: Parent not working,1,0,1
S01010665,All parents aged 16 and over with dependent children,174,73,101
S01010665,Couple family: Total,144,58,86
S01010665,Couple family: Both parents working,84,44,40
S01010665,Couple family: One parent working,54,12,42
S01010665,Couple family: No parents working,6,2,4
S01010665,Lone parent family: Total,30,15,15
S01010665,Lone parent family: Parent working,23,13,10
S01010665,Lone parent family: Parent not working,7,2,5
S01010666,All parents aged 16 and over with dependent children,227,114,113
S01010666,Couple family: Total,202,96,106
S01010666,Couple family: Both parents working,140,72,68
S01010666,Couple family: One parent working,50,18,32
S01010666,Couple family: No parents working,12,6,6
S01010666,Lone parent family: Total,25,18,7
S01010666,Lone parent family: Parent working,21,14,7
S01010666,Lone parent family: Parent not working,4,4,0
S01010667,All parents aged 16 and over with dependent children,168,85,83
S01010667,Couple family: Total,160,78,82
S01010667,Couple family: Both parents working,118,60,58
S01010667,Couple family: One parent working,32,18,14
S01010667,Couple family: No parents working,10,0,10
S01010667,Lone parent family: Total,8,7,1
S01010667,Lone parent family: Parent working,7,6,1
S01010667,Lone parent family: Parent not working,1,1,0
S01010668,All parents aged 16 and over with dependent children,187,85,102
S01010668,Couple family: Total,174,78,96
S01010668,Couple family: Both parents working,110,54,56
S01010668,Couple family: One parent working,54,20,34
S01010668,Couple family: No parents working,10,4,6
S01010668,Lone parent family: Total,13,7,6
S01010668,Lone parent family: Parent working,5,2,3
S01010668,Lone parent family: Parent not working,8,5,3
S01010669,All parents aged 16 and over with dependent children,106,27,79
S01010669,Couple family: Total,98,22,76
S01010669,Couple family: Both parents working,58,16,42
S01010669,Couple family: One parent working,36,4,32
S01010669,Couple family: No parents working,4,2,2
S01010669,Lone parent family: Total,8,5,3
S01010669,Lone parent family: Parent working,5,3,2
S01010669,Lone parent family: Parent not working,3,2,1
S01010670,All parents aged 16 and over with dependent children,139,51,88
S01010670,Couple family: Total,122,40,82
S01010670,Couple family: Both parents working,94,30,64
S01010670,Couple family: One parent working,24,10,14
S01010670,Couple family: No parents working,4,0,4
S01010670,Lone parent family: Total,17,11,6
S01010670,Lone parent family: Parent working,15,10,5
S01010670,Lone parent family: Parent not working,2,1,1
S01010671,All parents aged 16 and over with dependent children,136,57,79
S01010671,Couple family: Total,112,48,64
S01010671,Couple family: Both parents working,88,38,50
S01010671,Couple family: One parent working,24,10,14
S01010671,Couple family: No parents working,0,0,0
S01010671,Lone parent family: Total,24,9,15
S01010671,Lone parent family: Parent working,10,2,8
S01010671,Lone parent family: Parent not working,14,7,7
S01010672,All parents aged 16 and over with dependent children,124,68,56
S01010672,Couple family: Total,82,38,44
S01010672,Couple family: Both parents working,58,32,26
S01010672,Couple family: One parent working,16,2,14
S01010672,Couple family: No parents working,8,4,4
S01010672,Lone parent family: Total,42,30,12
S01010672,Lone parent family: Parent working,30,20,10
S01010672,Lone parent family: Parent not working,12,10,2
S01010673,All parents aged 16 and over with dependent children,145,66,79
S01010673,Couple family: Total,122,54,68
S01010673,Couple family: Both parents working,88,42,46
S01010673,Couple family: One parent working,24,10,14
S01010673,Couple family: No parents working,10,2,8
S01010673,Lone parent family: Total,23,12,11
S01010673,Lone parent family: Parent working,17,9,8
S01010673,Lone parent family: Parent not working,6,3,3
S01010674,All parents aged 16 and over with dependent children,197,77,120
S01010674,Couple family: Total,170,68,102
S01010674,Couple family: Both parents working,112,54,58
S01010674,Couple family: One parent working,52,14,38
S01010674,Couple family: No parents working,6,0,6
S01010674,Lone parent family: Total,27,9,18
S01010674,Lone parent family: Parent working,20,7,13
S01010674,Lone parent family: Parent not working,7,2,5
S01010675,All parents aged 16 and over with dependent children,114,52,62
S01010675,Couple family: Total,104,46,58
S01010675,Couple family: Both parents working,76,36,40
S01010675,Couple family: One parent working,24,6,18
S01010675,Couple family: No parents working,4,4,0
S01010675,Lone parent family: Total,10,6,4
S01010675,Lone parent family: Parent working,5,4,1
S01010675,Lone parent family: Parent not working,5,2,3
S01010676,All parents aged 16 and over with dependent children,143,52,91
S01010676,Couple family: Total,128,46,82
S01010676,Couple family: Both parents working,84,34,50
S01010676,Couple family: One parent working,38,8,30
S01010676,Couple family: No parents working,6,4,2
S01010676,Lone parent family: Total,15,6,9
S01010676,Lone parent family: Parent working,12,4,8
S01010676,Lone parent family: Parent not working,3,2,1
S01010677,All parents aged 16 and over with dependent children,85,39,46
S01010677,Couple family: Total,70,32,38
S01010677,Couple family: Both parents working,54,24,30
S01010677,Couple family: One parent working,14,6,8
S01010677,Couple family: No parents working,2,2,0
S01010677,Lone parent family: Total,15,7,8
S01010677,Lone parent family: Parent working,10,5,5
S01010677,Lone parent family: Parent not working,5,2,3
S01010678,All parents aged 16 and over with dependent children,111,41,70
S01010678,Couple family: Total,104,38,66
S01010678,Couple family: Both parents working,80,28,52
S01010678,Couple family: One parent working,22,8,14
S01010678,Couple family: No parents working,2,2,0
S01010678,Lone parent family: Total,7,3,4
S01010678,Lone parent family: Parent working,6,2,4
S01010678,Lone parent family: Parent not working,1,1,0
S01010679,All parents aged 16 and over with dependent children,82,39,43
S01010679,Couple family: Total,66,28,38
S01010679,Couple family: Both parents working,52,22,30
S01010679,Couple family: One parent working,12,4,8
S01010679,Couple family: No parents working,2,2,0
S01010679,Lone parent family: Total,16,11,5
S01010679,Lone parent family: Parent working,12,7,5
S01010679,Lone parent family: Parent not working,4,4,0
S01010680,All parents aged 16 and over with dependent children,101,41,60
S01010680,Couple family: Total,74,26,48
S01010680,Couple family: Both parents working,66,22,44
S01010680,Couple family: One parent working,6,2,4
S01010680,Couple family: No parents working,2,2,0
S01010680,Lone parent family: Total,27,15,12
S01010680,Lone parent family: Parent working,12,8,4
S01010680,Lone parent family: Parent not working,15,7,8
S01010681,All parents aged 16 and over with dependent children,277,130,147
S01010681,Couple family: Total,230,106,124
S01010681,Couple family: Both parents working,150,80,70
S01010681,Couple family: One parent working,66,20,46
S01010681,Couple family: No parents working,14,6,8
S01010681,Lone parent family: Total,47,24,23
S01010681,Lone parent family: Parent working,27,16,11
S01010681,Lone parent family: Parent not working,20,8,12
S01010682,All parents aged 16 and over with dependent children,198,79,119
S01010682,Couple family: Total,182,70,112
S01010682,Couple family: Both parents working,140,58,82
S01010682,Couple family: One parent working,36,10,26
S01010682,Couple family: No parents working,6,2,4
S01010682,Lone parent family: Total,16,9,7
S01010682,Lone parent family: Parent working,12,8,4
S01010682,Lone parent family: Parent not working,4,1,3
S01010683,All parents aged 16 and over with dependent children,171,76,95
S01010683,Couple family: Total,164,72,92
S01010683,Couple family: Both parents working,108,50,58
S01010683,Couple family: One parent working,44,16,28
S01010683,Couple family: No parents working,12,6,6
S01010683,Lone parent family: Total,7,4,3
S01010683,Lone parent family: Parent working,4,2,2
S01010683,Lone parent family: Parent not working,3,2,1
S01010684,All parents aged 16 and over with dependent children,113,58,55
S01010684,Couple family: Total,98,48,50
S01010684,Couple family: Both parents working,60,22,38
S01010684,Couple family: One parent working,32,24,8
S01010684,Couple family: No parents working,6,2,4
S01010684,Lone parent family: Total,15,10,5
S01010684,Lone parent family: Parent working,11,7,4
S01010684,Lone parent family: Parent not working,4,3,1
S01010685,All parents aged 16 and over with dependent children,90,42,48
S01010685,Couple family: Total,78,38,40
S01010685,Couple family: Both parents working,50,24,26
S01010685,Couple family: One parent working,20,8,12
S01010685,Couple family: No parents working,8,6,2
S01010685,Lone parent family: Total,12,4,8
S01010685,Lone parent family: Parent working,5,4,1
S01010685,Lone parent family: Parent not working,7,0,7
S01010686,All parents aged 16 and over with dependent children,136,61,75
S01010686,Couple family: Total,120,50,70
S01010686,Couple family: Both parents working,96,38,58
S01010686,Couple family: One parent working,20,12,8
S01010686,Couple family: No parents working,4,0,4
S01010686,Lone parent family: Total,16,11,5
S01010686,Lone parent family: Parent working,11,6,5
S01010686,Lone parent family: Parent not working,5,5,0
S01010687,All parents aged 16 and over with dependent children,154,77,77
S01010687,Couple family: Total,138,70,68
S01010687,Couple family: Both parents working,112,58,54
S01010687,Couple family: One parent working,20,10,10
S01010687,Couple family: No parents working,6,2,4
S01010687,Lone parent family: Total,16,7,9
S01010687,Lone parent family: Parent working,10,3,7
S01010687,Lone parent family: Parent not working,6,4,2
S01010688,All parents aged 16 and over with dependent children,115,51,64
S01010688,Couple family: Total,106,48,58
S01010688,Couple family: Both parents working,84,38,46
S01010688,Couple family: One parent working,22,10,12
S01010688,Couple family: No parents working,0,0,0
S01010688,Lone parent family: Total,9,3,6
S01010688,Lone parent family: Parent working,8,3,5
S01010688,Lone parent family: Parent not working,1,0,1
S01010689,All parents aged 16 and over with dependent children,94,42,52
S01010689,Couple family: Total,84,36,48
S01010689,Couple family: Both parents working,54,22,32
S01010689,Couple family: One parent working,24,10,14
S01010689,Couple family: No parents working,6,4,2
S01010689,Lone parent family: Total,10,6,4
S01010689,Lone parent family: Parent working,10,6,4
S01010689,Lone parent family: Parent not working,0,0,0
S01010690,All parents aged 16 and over with dependent children,135,74,61
S01010690,Couple family: Total,116,64,52
S01010690,Couple family: Both parents working,88,44,44
S01010690,Couple family: One parent working,22,18,4
S01010690,Couple family: No parents working,6,2,4
S01010690,Lone parent family: Total,19,10,9
S01010690,Lone parent family: Parent working,14,8,6
S01010690,Lone parent family: Parent not working,5,2,3
S01010691,All parents aged 16 and over with dependent children,138,59,79
S01010691,Couple family: Total,124,50,74
S01010691,Couple family: Both parents working,86,42,44
S01010691,Couple family: One parent working,36,8,28
S01010691,Couple family: No parents working,2,0,2
S01010691,Lone parent family: Total,14,9,5
S01010691,Lone parent family: Parent working,11,7,4
S01010691,Lone parent family: Parent not working,3,2,1
S01010692,All parents aged 16 and over with dependent children,175,89,86
S01010692,Couple family: Total,150,74,76
S01010692,Couple family: Both parents working,110,58,52
S01010692,Couple family: One parent working,32,12,20
S01010692,Couple family: No parents working,8,4,4
S01010692,Lone parent family: Total,25,15,10
S01010692,Lone parent family: Parent working,18,13,5
S01010692,Lone parent family: Parent not working,7,2,5
S01010693,All parents aged 16 and over with dependent children,84,34,50
S01010693,Couple family: Total,78,30,48
S01010693,Couple family: Both parents working,64,20,44
S01010693,Couple family: One parent working,10,6,4
S01010693,Couple family: No parents working,4,4,0
S01010693,Lone parent family: Total,6,4,2
S01010693,Lone parent family: Parent working,6,4,2
S01010693,Lone parent family: Parent not working,0,0,0
S01010694,All parents aged 16 and over with dependent children,81,45,36
S01010694,Couple family: Total,72,38,34
S01010694,Couple family: Both parents working,42,22,20
S01010694,Couple family: One parent working,28,16,12
S01010694,Couple family: No parents working,2,0,2
S01010694,Lone parent family: Total,9,7,2
S01010694,Lone parent family: Parent working,7,6,1
S01010694,Lone parent family: Parent not working,2,1,1
S01010695,All parents aged 16 and over with dependent children,122,56,66
S01010695,Couple family: Total,108,48,60
S01010695,Couple family: Both parents working,80,44,36
S01010695,Couple family: One parent working,28,4,24
S01010695,Couple family: No parents working,0,0,0
S01010695,Lone parent family: Total,14,8,6
S01010695,Lone parent family: Parent working,13,7,6
S01010695,Lone parent family: Parent not working,1,1,0
S01010696,All parents aged 16 and over with dependent children,205,82,123
S01010696,Couple family: Total,180,72,108
S01010696,Couple family: Both parents working,136,58,78
S01010696,Couple family: One parent working,40,10,30
S01010696,Couple family: No parents working,4,4,0
S01010696,Lone parent family: Total,25,10,15
S01010696,Lone parent family: Parent working,21,9,12
S01010696,Lone parent family: Parent not working,4,1,3
S01010697,All parents aged 16 and over with dependent children,237,104,133
S01010697,Couple family: Total,216,90,126
S01010697,Couple family: Both parents working,142,60,82
S01010697,Couple family: One parent working,60,22,38
S01010697,Couple family: No parents working,14,8,6
S01010697,Lone parent family: Total,21,14,7
S01010697,Lone parent family: Parent working,17,12,5
S01010697,Lone parent family: Parent not working,4,2,2
S01010698,All parents aged 16 and over with dependent children,141,51,90
S01010698,Couple family: Total,106,42,64
S01010698,Couple family: Both parents working,74,34,40
S01010698,Couple family: One parent working,26,6,20
S01010698,Couple family: No parents working,6,2,4
S01010698,Lone parent family: Total,35,9,26
S01010698,Lone parent family: Parent working,23,5,18
S01010698,Lone parent family: Parent not working,12,4,8
S01010699,All parents aged 16 and over with dependent children,130,46,84
S01010699,Couple family: Total,122,40,82
S01010699,Couple family: Both parents working,86,26,60
S01010699,Couple family: One parent working,32,10,22
S01010699,Couple family: No parents working,4,4,0
S01010699,Lone parent family: Total,8,6,2
S01010699,Lone parent family: Parent working,8,6,2
S01010699,Lone parent family: Parent not working,0,0,0
S01010700,All parents aged 16 and over with dependent children,131,57,74
S01010700,Couple family: Total,122,50,72
S01010700,Couple family: Both parents working,94,40,54
S01010700,Couple family: One parent working,22,6,16
S01010700,Couple family: No parents working,6,4,2
S01010700,Lone parent family: Total,9,7,2
S01010700,Lone parent family: Parent working,3,2,1
S01010700,Lone parent family: Parent not working,6,5,1
S01010701,All parents aged 16 and over with dependent children,242,90,152
S01010701,Couple family: Total,210,70,140
S01010701,Couple family: Both parents working,142,52,90
S01010701,Couple family: One parent working,50,12,38
S01010701,Couple family: No parents working,18,6,12
S01010701,Lone parent family: Total,32,20,12
S01010701,Lone parent family: Parent working,25,14,11
S01010701,Lone parent family: Parent not working,7,6,1
S01010702,All parents aged 16 and over with dependent children,158,73,85
S01010702,Couple family: Total,150,70,80
S01010702,Couple family: Both parents working,118,60,58
S01010702,Couple family: One parent working,30,10,20
S01010702,Couple family: No parents working,2,0,2
S01010702,Lone parent family: Total,8,3,5
S01010702,Lone parent family: Parent working,8,3,5
S01010702,Lone parent family: Parent not working,0,0,0
S01010703,All parents aged 16 and over with dependent children,157,71,86
S01010703,Couple family: Total,146,64,82
S01010703,Couple family: Both parents working,112,52,60
S01010703,Couple family: One parent working,28,10,18
S01010703,Couple family: No parents working,6,2,4
S01010703,Lone parent family: Total,11,7,4
S01010703,Lone parent family: Parent working,8,5,3
S01010703,Lone parent family: Parent not working,3,2,1
S01010704,All parents aged 16 and over with dependent children,129,55,74
S01010704,Couple family: Total,104,38,66
S01010704,Couple family: Both parents working,72,24,48
S01010704,Couple family: One parent working,30,12,18
S01010704,Couple family: No parents working,2,2,0
S01010704,Lone parent family: Total,25,17,8
S01010704,Lone parent family: Parent working,18,12,6
S01010704,Lone parent family: Parent not working,7,5,2
S01010705,All parents aged 16 and over with dependent children,263,126,137
S01010705,Couple family: Total,230,110,120
S01010705,Couple family: Both parents working,150,78,72
S01010705,Couple family: One parent working,68,26,42
S01010705,Couple family: No parents working,12,6,6
S01010705,Lone parent family: Total,33,16,17
S01010705,Lone parent family: Parent working,19,10,9
S01010705,Lone parent family: Parent not working,14,6,8
S01010706,All parents aged 16 and over with dependent children,153,63,90
S01010706,Couple family: Total,120,46,74
S01010706,Couple family: Both parents working,72,26,46
S01010706,Couple family: One parent working,42,18,24
S01010706,Couple family: No parents working,6,2,4
S01010706,Lone parent family: Total,33,17,16
S01010706,Lone parent family: Parent working,14,5,9
S01010706,Lone parent family: Parent not working,19,12,7
S01010707,All parents aged 16 and over with dependent children,118,42,76
S01010707,Couple family: Total,114,38,76
S01010707,Couple family: Both parents working,88,34,54
S01010707,Couple family: One parent working,22,4,18
S01010707,Couple family: No parents working,4,0,4
S01010707,Lone parent family: Total,4,4,0
S01010707,Lone parent family: Parent working,2,2,0
S01010707,Lone parent family: Parent not working,2,2,0
S01010708,All parents aged 16 and over with dependent children,100,48,52
S01010708,Couple family: Total,84,38,46
S01010708,Couple family: Both parents working,56,28,28
S01010708,Couple family: One parent working,26,8,18
S01010708,Couple family: No parents working,2,2,0
S01010708,Lone parent family: Total,16,10,6
S01010708,Lone parent family: Parent working,10,6,4
S01010708,Lone parent family: Parent not working,6,4,2
S01010709,All parents aged 16 and over with dependent children,177,69,108
S01010709,Couple family: Total,156,60,96
S01010709,Couple family: Both parents working,128,44,84
S01010709,Couple family: One parent working,28,16,12
S01010709,Couple family: No parents working,0,0,0
S01010709,Lone parent family: Total,21,9,12
S01010709,Lone parent family: Parent working,14,7,7
S01010709,Lone parent family: Parent not working,7,2,5
S01010710,All parents aged 16 and over with dependent children,148,63,85
S01010710,Couple family: Total,112,46,66
S01010710,Couple family: Both parents working,50,32,18
S01010710,Couple family: One parent working,44,8,36
S01010710,Couple family: No parents working,18,6,12
S01010710,Lone parent family: Total,36,17,19
S01010710,Lone parent family: Parent working,20,11,9
S01010710,Lone parent family: Parent not working,16,6,10
S01010711,All parents aged 16 and over with dependent children,170,56,114
S01010711,Couple family: Total,158,52,106
S01010711,Couple family: Both parents working,126,44,82
S01010711,Couple family: One parent working,30,8,22
S01010711,Couple family: No parents working,2,0,2
S01010711,Lone parent family: Total,12,4,8
S01010711,Lone parent family: Parent working,8,3,5
S01010711,Lone parent family: Parent not working,4,1,3
S01010712,All parents aged 16 and over with dependent children,174,71,103
S01010712,Couple family: Total,144,54,90
S01010712,Couple family: Both parents working,98,48,50
S01010712,Couple family: One parent working,40,6,34
S01010712,Couple family: No parents working,6,0,6
S01010712,Lone parent family: Total,30,17,13
S01010712,Lone parent family: Parent working,19,12,7
S01010712,Lone parent family: Parent not working,11,5,6
S01010713,All parents aged 16 and over with dependent children,173,64,109
S01010713,Couple family: Total,144,44,100
S01010713,Couple family: Both parents working,102,34,68
S01010713,Couple family: One parent working,38,8,30
S01010713,Couple family: No parents working,4,2,2
S01010713,Lone parent family: Total,29,20,9
S01010713,Lone parent family: Parent working,19,13,6
S01010713,Lone parent family: Parent not working,10,7,3
S01010714,All parents aged 16 and over with dependent children,132,62,70
S01010714,Couple family: Total,92,36,56
S01010714,Couple family: Both parents working,60,20,40
S01010714,Couple family: One parent working,18,8,10
S01010714,Couple family: No parents working,14,8,6
S01010714,Lone parent family: Total,40,26,14
S01010714,Lone parent family: Parent working,20,15,5
S01010714,Lone parent family: Parent not working,20,11,9
S01010715,All parents aged 16 and over with dependent children,117,42,75
S01010715,Couple family: Total,92,26,66
S01010715,Couple family: Both parents working,74,26,48
S01010715,Couple family: One parent working,16,0,16
S01010715,Couple family: No parents working,2,0,2
S01010715,Lone parent family: Total,25,16,9
S01010715,Lone parent family: Parent working,16,10,6
S01010715,Lone parent family: Parent not working,9,6,3
S01010716,All parents aged 16 and over with dependent children,135,85,50
S01010716,Couple family: Total,108,66,42
S01010716,Couple family: Both parents working,78,48,30
S01010716,Couple family: One parent working,28,16,12
S01010716,Couple family: No parents working,2,2,0
S01010716,Lone parent family: Total,27,19,8
S01010716,Lone parent family: Parent working,13,8,5
S01010716,Lone parent family: Parent not working,14,11,3
S01010717,All parents aged 16 and over with dependent children,110,47,63
S01010717,Couple family: Total,104,44,60
S01010717,Couple family: Both parents working,90,36,54
S01010717,Couple family: One parent working,12,6,6
S01010717,Couple family: No parents working,2,2,0
S01010717,Lone parent family: Total,6,3,3
S01010717,Lone parent family: Parent working,5,3,2
S01010717,Lone parent family: Parent not working,1,0,1
S01010718,All parents aged 16 and over with dependent children,209,79,130
S01010718,Couple family: Total,184,66,118
S01010718,Couple family: Both parents working,148,60,88
S01010718,Couple family: One parent working,30,6,24
S01010718,Couple family: No parents working,6,0,6
S01010718,Lone parent family: Total,25,13,12
S01010718,Lone parent family: Parent working,13,6,7
S01010718,Lone parent family: Parent not working,12,7,5
S01010719,All parents aged 16 and over with dependent children,137,54,83
S01010719,Couple family: Total,124,48,76
S01010719,Couple family: Both parents working,96,34,62
S01010719,Couple family: One parent working,24,12,12
S01010719,Couple family: No parents working,4,2,2
S01010719,Lone parent family: Total,13,6,7
S01010719,Lone parent family: Parent working,7,5,2
S01010719,Lone parent family: Parent not working,6,1,5
S01010720,All parents aged 16 and over with dependent children,126,56,70
S01010720,Couple family: Total,110,46,64
S01010720,Couple family: Both parents working,80,32,48
S01010720,Couple family: One parent working,28,12,16
S01010720,Couple family: No parents working,2,2,0
S01010720,Lone parent family: Total,16,10,6
S01010720,Lone parent family: Parent working,12,8,4
S01010720,Lone parent family: Parent not working,4,2,2
S01010721,All parents aged 16 and over with dependent children,108,41,67
S01010721,Couple family: Total,100,38,62
S01010721,Couple family: Both parents working,82,30,52
S01010721,Couple family: One parent working,14,6,8
S01010721,Couple family: No parents working,4,2,2
S01010721,Lone parent family: Total,8,3,5
S01010721,Lone parent family: Parent working,7,2,5
S01010721,Lone parent family: Parent not working,1,1,0
S01010722,All parents aged 16 and over with dependent children,181,92,89
S01010722,Couple family: Total,144,66,78
S01010722,Couple family: Both parents working,100,52,48
S01010722,Couple family: One parent working,42,12,30
S01010722,Couple family: No parents working,2,2,0
S01010722,Lone parent family: Total,37,26,11
S01010722,Lone parent family: Parent working,25,18,7
S01010722,Lone parent family: Parent not working,12,8,4
S01010723,All parents aged 16 and over with dependent children,215,75,140
S01010723,Couple family: Total,202,70,132
S01010723,Couple family: Both parents working,158,58,100
S01010723,Couple family: One parent working,44,12,32
S01010723,Couple family: No parents working,0,0,0
S01010723,Lone parent family: Total,13,5,8
S01010723,Lone parent family: Parent working,10,4,6
S01010723,Lone parent family: Parent not working,3,1,2
S01010724,All parents aged 16 and over with dependent children,198,71,127
S01010724,Couple family: Total,180,64,116
S01010724,Couple family: Both parents working,140,52,88
S01010724,Couple family: One parent working,32,10,22
S01010724,Couple family: No parents working,8,2,6
S01010724,Lone parent family: Total,18,7,11
S01010724,Lone parent family: Parent working,13,5,8
S01010724,Lone parent family: Parent not working,5,2,3
S01010725,All parents aged 16 and over with dependent children,115,38,77
S01010725,Couple family: Total,106,34,72
S01010725,Couple family: Both parents working,86,30,56
S01010725,Couple family: One parent working,20,4,16
S01010725,Couple family: No parents working,0,0,0
S01010725,Lone parent family: Total,9,4,5
S01010725,Lone parent family: Parent working,9,4,5
S01010725,Lone parent family: Parent not working,0,0,0
S01010726,All parents aged 16 and over with dependent children,156,64,92
S01010726,Couple family: Total,136,52,84
S01010726,Couple family: Both parents working,92,38,54
S01010726,Couple family: One parent working,36,8,28
S01010726,Couple family: No parents working,8,6,2
S01010726,Lone parent family: Total,20,12,8
S01010726,Lone parent family: Parent working,14,9,5
S01010726,Lone parent family: Parent not working,6,3,3
S01010727,All parents aged 16 and over with dependent children,145,57,88
S01010727,Couple family: Total,140,54,86
S01010727,Couple family: Both parents working,102,48,54
S01010727,Couple family: One parent working,28,6,22
S01010727,Couple family: No parents working,10,0,10
S01010727,Lone parent family: Total,5,3,2
S01010727,Lone parent family: Parent working,4,2,2
S01010727,Lone parent family: Parent not working,1,1,0
S01010728,All parents aged 16 and over with dependent children,128,43,85
S01010728,Couple family: Total,122,40,82
S01010728,Couple family: Both parents working,106,34,72
S01010728,Couple family: One parent working,12,4,8
S01010728,Couple family: No parents working,4,2,2
S01010728,Lone parent family: Total,6,3,3
S01010728,Lone parent family: Parent working,6,3,3
S01010728,Lone parent family: Parent not working,0,0,0
S01010729,All parents aged 16 and over with dependent children,158,56,102
S01010729,Couple family: Total,150,54,96
S01010729,Couple family: Both parents working,116,44,72
S01010729,Couple family: One parent working,32,10,22
S01010729,Couple family: No parents working,2,0,2
S01010729,Lone parent family: Total,8,2,6
S01010729,Lone parent family: Parent working,8,2,6
S01010729,Lone parent family: Parent not working,0,0,0
S01010730,All parents aged 16 and over with dependent children,183,69,114
S01010730,Couple family: Total,164,56,108
S01010730,Couple family: Both parents working,128,42,86
S01010730,Couple family: One parent working,34,14,20
S01010730,Couple family: No parents working,2,0,2
S01010730,Lone parent family: Total,19,13,6
S01010730,Lone parent family: Parent working,15,10,5
S01010730,Lone parent family: Parent not working,4,3,1
S01010731,All parents aged 16 and over with dependent children,182,78,104
S01010731,Couple family: Total,154,62,92
S01010731,Couple family: Both parents working,122,52,70
S01010731,Couple family: One parent working,30,10,20
S01010731,Couple family: No parents working,2,0,2
S01010731,Lone parent family: Total,28,16,12
S01010731,Lone parent family: Parent working,18,11,7
S01010731,Lone parent family: Parent not working,10,5,5
S01010732,All parents aged 16 and over with dependent children,164,67,97
S01010732,Couple family: Total,114,38,76
S01010732,Couple family: Both parents working,56,24,32
S01010732,Couple family: One parent working,48,14,34
S01010732,Couple family: No parents working,10,0,10
S01010732,Lone parent family: Total,50,29,21
S01010732,Lone parent family: Parent working,25,17,8
S01010732,Lone parent family: Parent not working,25,12,13
S01010733,All parents aged 16 and over with dependent children,144,72,72
S01010733,Couple family: Total,102,42,60
S01010733,Couple family: Both parents working,50,18,32
S01010733,Couple family: One parent working,42,22,20
S01010733,Couple family: No parents working,10,2,8
S01010733,Lone parent family: Total,42,30,12
S01010733,Lone parent family: Parent working,18,16,2
S01010733,Lone parent family: Parent not working,24,14,10
S01010734,All parents aged 16 and over with dependent children,218,100,118
S01010734,Couple family: Total,162,76,86
S01010734,Couple family: Both parents working,98,48,50
S01010734,Couple family: One parent working,52,22,30
S01010734,Couple family: No parents working,12,6,6
S01010734,Lone parent family: Total,56,24,32
S01010734,Lone parent family: Parent working,27,16,11
S01010734,Lone parent family: Parent not working,29,8,21
S01010735,All parents aged 16 and over with dependent children,199,98,101
S01010735,Couple family: Total,154,72,82
S01010735,Couple family: Both parents working,60,40,20
S01010735,Couple family: One parent working,70,26,44
S01010735,Couple family: No parents working,24,6,18
S01010735,Lone parent family: Total,45,26,19
S01010735,Lone parent family: Parent working,18,13,5
S01010735,Lone parent family: Parent not working,27,13,14
S01010736,All parents aged 16 and over with dependent children,107,50,57
S01010736,Couple family: Total,100,44,56
S01010736,Couple family: Both parents working,86,36,50
S01010736,Couple family: One parent working,12,6,6
S01010736,Couple family: No parents working,2,2,0
S01010736,Lone parent family: Total,7,6,1
S01010736,Lone parent family: Parent working,3,2,1
S01010736,Lone parent family: Parent not working,4,4,0
S01010737,All parents aged 16 and over with dependent children,189,101,88
S01010737,Couple family: Total,148,74,74
S01010737,Couple family: Both parents working,94,52,42
S01010737,Couple family: One parent working,50,18,32
S01010737,Couple family: No parents working,4,4,0
S01010737,Lone parent family: Total,41,27,14
S01010737,Lone parent family: Parent working,27,19,8
S01010737,Lone parent family: Parent not working,14,8,6
S01010738,All parents aged 16 and over with dependent children,97,45,52
S01010738,Couple family: Total,80,36,44
S01010738,Couple family: Both parents working,54,26,28
S01010738,Couple family: One parent working,24,10,14
S01010738,Couple family: No parents working,2,0,2
S01010738,Lone parent family: Total,17,9,8
S01010738,Lone parent family: Parent working,13,6,7
S01010738,Lone parent family: Parent not working,4,3,1
S01010739,All parents aged 16 and over with dependent children,185,82,103
S01010739,Couple family: Total,150,64,86
S01010739,Couple family: Both parents working,92,42,50
S01010739,Couple family: One parent working,42,16,26
S01010739,Couple family: No parents working,16,6,10
S01010739,Lone parent family: Total,35,18,17
S01010739,Lone parent family: Parent working,17,9,8
S01010739,Lone parent family: Parent not working,18,9,9
S01010740,All parents aged 16 and over with dependent children,94,40,54
S01010740,Couple family: Total,60,24,36
S01010740,Couple family: Both parents working,22,12,10
S01010740,Couple family: One parent working,24,10,14
S01010740,Couple family: No parents working,14,2,12
S01010740,Lone parent family: Total,34,16,18
S01010740,Lone parent family: Parent working,21,12,9
S01010740,Lone parent family: Parent not working,13,4,9
S01010741,All parents aged 16 and over with dependent children,120,50,70
S01010741,Couple family: Total,104,40,64
S01010741,Couple family: Both parents working,64,26,38
S01010741,Couple family: One parent working,34,12,22
S01010741,Couple family: No parents working,6,2,4
S01010741,Lone parent family: Total,16,10,6
S01010741,Lone parent family: Parent working,12,8,4
S01010741,Lone parent family: Parent not working,4,2,2
S01010742,All parents aged 16 and over with dependent children,176,86,90
S01010742,Couple family: Total,148,70,78
S01010742,Couple family: Both parents working,98,50,48
S01010742,Couple family: One parent working,36,16,20
S01010742,Couple family: No parents working,14,4,10
S01010742,Lone parent family: Total,28,16,12
S01010742,Lone parent family: Parent working,18,13,5
S01010742,Lone parent family: Parent not working,10,3,7
S01010743,All parents aged 16 and over with dependent children,186,66,120
S01010743,Couple family: Total,144,50,94
S01010743,Couple family: Both parents working,60,24,36
S01010743,Couple family: One parent working,58,22,36
S01010743,Couple family: No parents working,26,4,22
S01010743,Lone parent family: Total,42,16,26
S01010743,Lone parent family: Parent working,24,11,13
S01010743,Lone parent family: Parent not working,18,5,13
S01010744,All parents aged 16 and over with dependent children,215,102,113
S01010744,Couple family: Total,174,78,96
S01010744,Couple family: Both parents working,112,52,60
S01010744,Couple family: One parent working,44,18,26
S01010744,Couple family: No parents working,18,8,10
S01010744,Lone parent family: Total,41,24,17
S01010744,Lone parent family: Parent working,27,16,11
S01010744,Lone parent family: Parent not working,14,8,6
S01010745,All parents aged 16 and over with dependent children,98,50,48
S01010745,Couple family: Total,80,36,44
S01010745,Couple family: Both parents working,50,20,30
S01010745,Couple family: One parent working,24,12,12
S01010745,Couple family: No parents working,6,4,2
S01010745,Lone parent family: Total,18,14,4
S01010745,Lone parent family: Parent working,9,8,1
S01010745,Lone parent family: Parent not working,9,6,3
S01010746,All parents aged 16 and over with dependent children,204,90,114
S01010746,Couple family: Total,182,76,106
S01010746,Couple family: Both parents working,114,50,64
S01010746,Couple family: One parent working,54,18,36
S01010746,Couple family: No parents working,14,8,6
S01010746,Lone parent family: Total,22,14,8
S01010746,Lone parent family: Parent working,17,10,7
S01010746,Lone parent family: Parent not working,5,4,1
S01010747,All parents aged 16 and over with dependent children,164,59,105
S01010747,Couple family: Total,124,36,88
S01010747,Couple family: Both parents working,84,28,56
S01010747,Couple family: One parent working,34,8,26
S01010747,Couple family: No parents working,6,0,6
S01010747,Lone parent family: Total,40,23,17
S01010747,Lone parent family: Parent working,19,11,8
S01010747,Lone parent family: Parent not working,21,12,9
S01010748,All parents aged 16 and over with dependent children,119,50,69
S01010748,Couple family: Total,102,40,62
S01010748,Couple family: Both parents working,70,30,40
S01010748,Couple family: One parent working,30,10,20
S01010748,Couple family: No parents working,2,0,2
S01010748,Lone parent family: Total,17,10,7
S01010748,Lone parent family: Parent working,9,6,3
S01010748,Lone parent family: Parent not working,8,4,4
S01010749,All parents aged 16 and over with dependent children,128,52,76
S01010749,Couple family: Total,112,44,68
S01010749,Couple family: Both parents working,70,32,38
S01010749,Couple family: One parent working,40,12,28
S01010749,Couple family: No parents working,2,0,2
S01010749,Lone parent family: Total,16,8,8
S01010749,Lone parent family: Parent working,12,7,5
S01010749,Lone parent family: Parent not working,4,1,3
S01010750,All parents aged 16 and over with dependent children,86,29,57
S01010750,Couple family: Total,78,24,54
S01010750,Couple family: Both parents working,48,16,32
S01010750,Couple family: One parent working,22,6,16
S01010750,Couple family: No parents working,8,2,6
S01010750,Lone parent family: Total,8,5,3
S01010750,Lone parent family: Parent working,6,5,1
S01010750,Lone parent family: Parent not working,2,0,2
S01010751,All parents aged 16 and over with dependent children,168,83,85
S01010751,Couple family: Total,132,66,66
S01010751,Couple family: Both parents working,66,38,28
S01010751,Couple family: One parent working,36,14,22
S01010751,Couple family: No parents working,30,14,16
S01010751,Lone parent family: Total,36,17,19
S01010751,Lone parent family: Parent working,12,6,6
S01010751,Lone parent family: Parent not working,24,11,13
S01010752,All parents aged 16 and over with dependent children,174,88,86
S01010752,Couple family: Total,134,66,68
S01010752,Couple family: Both parents working,70,36,34
S01010752,Couple family: One parent working,58,26,32
S01010752,Couple family: No parents working,6,4,2
S01010752,Lone parent family: Total,40,22,18
S01010752,Lone parent family: Parent working,21,13,8
S01010752,Lone parent family: Parent not working,19,9,10
S01010753,All parents aged 16 and over with dependent children,264,112,152
S01010753,Couple family: Total,216,88,128
S01010753,Couple family: Both parents working,126,56,70
S01010753,Couple family: One parent working,74,28,46
S01010753,Couple family: No parents working,16,4,12
S01010753,Lone parent family: Total,48,24,24
S01010753,Lone parent family: Parent working,25,13,12
S01010753,Lone parent family: Parent not working,23,11,12
S01010754,All parents aged 16 and over with dependent children,112,43,69
S01010754,Couple family: Total,84,32,52
S01010754,Couple family: Both parents working,52,24,28
S01010754,Couple family: One parent working,30,8,22
S01010754,Couple family: No parents working,2,0,2
S01010754,Lone parent family: Total,28,11,17
S01010754,Lone parent family: Parent working,17,7,10
S01010754,Lone parent family: Parent not working,11,4,7
S01010755,All parents aged 16 and over with dependent children,111,48,63
S01010755,Couple family: Total,94,36,58
S01010755,Couple family: Both parents working,70,24,46
S01010755,Couple family: One parent working,24,12,12
S01010755,Couple family: No parents working,0,0,0
S01010755,Lone parent family: Total,17,12,5
S01010755,Lone parent family: Parent working,9,5,4
S01010755,Lone parent family: Parent not working,8,7,1
S01010756,All parents aged 16 and over with dependent children,138,50,88
S01010756,Couple family: Total,130,46,84
S01010756,Couple family: Both parents working,98,34,64
S01010756,Couple family: One parent working,22,10,12
S01010756,Couple family: No parents working,10,2,8
S01010756,Lone parent family: Total,8,4,4
S01010756,Lone parent family: Parent working,6,4,2
S01010756,Lone parent family: Parent not working,2,0,2
S01010757,All parents aged 16 and over with dependent children,95,39,56
S01010757,Couple family: Total,84,34,50
S01010757,Couple family: Both parents working,50,20,30
S01010757,Couple family: One parent working,26,8,18
S01010757,Couple family: No parents working,8,6,2
S01010757,Lone parent family: Total,11,5,6
S01010757,Lone parent family: Parent working,9,5,4
S01010757,Lone parent family: Parent not working,2,0,2
S01010758,All parents aged 16 and over with dependent children,114,48,66
S01010758,Couple family: Total,98,38,60
S01010758,Couple family: Both parents working,80,28,52
S01010758,Couple family: One parent working,16,8,8
S01010758,Couple family: No parents working,2,2,0
S01010758,Lone parent family: Total,16,10,6
S01010758,Lone parent family: Parent working,12,9,3
S01010758,Lone parent family: Parent not working,4,1,3
S01010759,All parents aged 16 and over with dependent children,109,43,66
S01010759,Couple family: Total,86,32,54
S01010759,Couple family: Both parents working,54,24,30
S01010759,Couple family: One parent working,26,4,22
S01010759,Couple family: No parents working,6,4,2
S01010759,Lone parent family: Total,23,11,12
S01010759,Lone parent family: Parent working,19,7,12
S01010759,Lone parent family: Parent not working,4,4,0
S01010760,All parents aged 16 and over with dependent children,77,37,40
S01010760,Couple family: Total,68,30,38
S01010760,Couple family: Both parents working,50,18,32
S01010760,Couple family: One parent working,10,6,4
S01010760,Couple family: No parents working,8,6,2
S01010760,Lone parent family: Total,9,7,2
S01010760,Lone parent family: Parent working,5,5,0
S01010760,Lone parent family: Parent not working,4,2,2
S01010761,All parents aged 16 and over with dependent children,95,30,65
S01010761,Couple family: Total,90,30,60
S01010761,Couple family: Both parents working,68,24,44
S01010761,Couple family: One parent working,16,6,10
S01010761,Couple family: No parents working,6,0,6
S01010761,Lone parent family: Total,5,0,5
S01010761,Lone parent family: Parent working,1,0,1
S01010761,Lone parent family: Parent not working,4,0,4
S01010762,All parents aged 16 and over with dependent children,117,54,63
S01010762,Couple family: Total,106,48,58
S01010762,Couple family: Both parents working,68,40,28
S01010762,Couple family: One parent working,34,6,28
S01010762,Couple family: No parents working,4,2,2
S01010762,Lone parent family: Total,11,6,5
S01010762,Lone parent family: Parent working,9,4,5
S01010762,Lone parent family: Parent not working,2,2,0
S01010763,All parents aged 16 and over with dependent children,142,54,88
S01010763,Couple family: Total,118,46,72
S01010763,Couple family: Both parents working,80,30,50
S01010763,Couple family: One parent working,34,14,20
S01010763,Couple family: No parents working,4,2,2
S01010763,Lone parent family: Total,24,8,16
S01010763,Lone parent family: Parent working,16,6,10
S01010763,Lone parent family: Parent not working,8,2,6
S01010764,All parents aged 16 and over with dependent children,87,29,58
S01010764,Couple family: Total,78,26,52
S01010764,Couple family: Both parents working,64,18,46
S01010764,Couple family: One parent working,14,8,6
S01010764,Couple family: No parents working,0,0,0
S01010764,Lone parent family: Total,9,3,6
S01010764,Lone parent family: Parent working,8,3,5
S01010764,Lone parent family: Parent not working,1,0,1
S01010765,All parents aged 16 and over with dependent children,172,66,106
S01010765,Couple family: Total,148,50,98
S01010765,Couple family: Both parents working,96,30,66
S01010765,Couple family: One parent working,42,16,26
S01010765,Couple family: No parents working,10,4,6
S01010765,Lone parent family: Total,24,16,8
S01010765,Lone parent family: Parent working,14,12,2
S01010765,Lone parent family: Parent not working,10,4,6
S01010766,All parents aged 16 and over with dependent children,138,69,69
S01010766,Couple family: Total,112,54,58
S01010766,Couple family: Both parents working,78,46,32
S01010766,Couple family: One parent working,28,8,20
S01010766,Couple family: No parents working,6,0,6
S01010766,Lone parent family: Total,26,15,11
S01010766,Lone parent family: Parent working,16,10,6
S01010766,Lone parent family: Parent not working,10,5,5
S01010767,All parents aged 16 and over with dependent children,132,67,65
S01010767,Couple family: Total,100,48,52
S01010767,Couple family: Both parents working,70,36,34
S01010767,Couple family: One parent working,20,10,10
S01010767,Couple family: No parents working,10,2,8
S01010767,Lone parent family: Total,32,19,13
S01010767,Lone parent family: Parent working,20,12,8
S01010767,Lone parent family: Parent not working,12,7,5
S01010768,All parents aged 16 and over with dependent children,102,52,50
S01010768,Couple family: Total,78,36,42
S01010768,Couple family: Both parents working,62,28,34
S01010768,Couple family: One parent working,14,6,8
S01010768,Couple family: No parents working,2,2,0
S01010768,Lone parent family: Total,24,16,8
S01010768,Lone parent family: Parent working,12,9,3
S01010768,Lone parent family: Parent not working,12,7,5
S01010769,All parents aged 16 and over with dependent children,79,34,45
S01010769,Couple family: Total,74,32,42
S01010769,Couple family: Both parents working,54,26,28
S01010769,Couple family: One parent working,18,6,12
S01010769,Couple family: No parents working,2,0,2
S01010769,Lone parent family: Total,5,2,3
S01010769,Lone parent family: Parent working,3,0,3
S01010769,Lone parent family: Parent not working,2,2,0
S01010770,All parents aged 16 and over with dependent children,179,66,113
S01010770,Couple family: Total,162,56,106
S01010770,Couple family: Both parents working,106,40,66
S01010770,Couple family: One parent working,46,12,34
S01010770,Couple family: No parents working,10,4,6
S01010770,Lone parent family: Total,17,10,7
S01010770,Lone parent family: Parent working,11,6,5
S01010770,Lone parent family: Parent not working,6,4,2
S01010771,All parents aged 16 and over with dependent children,130,56,74
S01010771,Couple family: Total,110,46,64
S01010771,Couple family: Both parents working,64,36,28
S01010771,Couple family: One parent working,40,10,30
S01010771,Couple family: No parents working,6,0,6
S01010771,Lone parent family: Total,20,10,10
S01010771,Lone parent family: Parent working,11,5,6
S01010771,Lone parent family: Parent not working,9,5,4
S01010772,All parents aged 16 and over with dependent children,85,57,28
S01010772,Couple family: Total,70,50,20
S01010772,Couple family: Both parents working,38,26,12
S01010772,Couple family: One parent working,22,16,6
S01010772,Couple family: No parents working,10,8,2
S01010772,Lone parent family: Total,15,7,8
S01010772,Lone parent family: Parent working,10,6,4
S01010772,Lone parent family: Parent not working,5,1,4
S01010773,All parents aged 16 and over with dependent children,140,60,80
S01010773,Couple family: Total,122,52,70
S01010773,Couple family: Both parents working,90,44,46
S01010773,Couple family: One parent working,24,4,20
S01010773,Couple family: No parents working,8,4,4
S01010773,Lone parent family: Total,18,8,10
S01010773,Lone parent family: Parent working,11,4,7
S01010773,Lone parent family: Parent not working,7,4,3
S01010774,All parents aged 16 and over with dependent children,127,53,74
S01010774,Couple family: Total,106,46,60
S01010774,Couple family: Both parents working,76,36,40
S01010774,Couple family: One parent working,14,4,10
S01010774,Couple family: No parents working,16,6,10
S01010774,Lone parent family: Total,21,7,14
S01010774,Lone parent family: Parent working,12,4,8
S01010774,Lone parent family: Parent not working,9,3,6
S01010775,All parents aged 16 and over with dependent children,142,59,83
S01010775,Couple family: Total,134,54,80
S01010775,Couple family: Both parents working,110,48,62
S01010775,Couple family: One parent working,22,4,18
S01010775,Couple family: No parents working,2,2,0
S01010775,Lone parent family: Total,8,5,3
S01010775,Lone parent family: Parent working,8,5,3
S01010775,Lone parent family: Parent not working,0,0,0
S01010776,All parents aged 16 and over with dependent children,99,50,49
S01010776,Couple family: Total,82,40,42
S01010776,Couple family: Both parents working,54,30,24
S01010776,Couple family: One parent working,24,6,18
S01010776,Couple family: No parents working,4,4,0
S01010776,Lone parent family: Total,17,10,7
S01010776,Lone parent family: Parent working,14,8,6
S01010776,Lone parent family: Parent not working,3,2,1
S01010777,All parents aged 16 and over with dependent children,84,36,48
S01010777,Couple family: Total,72,26,46
S01010777,Couple family: Both parents working,48,16,32
S01010777,Couple family: One parent working,14,4,10
S01010777,Couple family: No parents working,10,6,4
S01010777,Lone parent family: Total,12,10,2
S01010777,Lone parent family: Parent working,8,7,1
S01010777,Lone parent family: Parent not working,4,3,1
S01010778,All parents aged 16 and over with dependent children,114,59,55
S01010778,Couple family: Total,70,30,40
S01010778,Couple family: Both parents working,38,24,14
S01010778,Couple family: One parent working,30,4,26
S01010778,Couple family: No parents working,2,2,0
S01010778,Lone parent family: Total,44,29,15
S01010778,Lone parent family: Parent working,19,12,7
S01010778,Lone parent family: Parent not working,25,17,8
S01010779,All parents aged 16 and over with dependent children,138,65,73
S01010779,Couple family: Total,98,44,54
S01010779,Couple family: Both parents working,56,24,32
S01010779,Couple family: One parent working,18,12,6
S01010779,Couple family: No parents working,24,8,16
S01010779,Lone parent family: Total,40,21,19
S01010779,Lone parent family: Parent working,15,9,6
S01010779,Lone parent family: Parent not working,25,12,13
S01010780,All parents aged 16 and over with dependent children,97,47,50
S01010780,Couple family: Total,80,38,42
S01010780,Couple family: Both parents working,48,24,24
S01010780,Couple family: One parent working,28,14,14
S01010780,Couple family: No parents working,4,0,4
S01010780,Lone parent family: Total,17,9,8
S01010780,Lone parent family: Parent working,11,7,4
S01010780,Lone parent family: Parent not working,6,2,4
S01010781,All parents aged 16 and over with dependent children,157,69,88
S01010781,Couple family: Total,138,56,82
S01010781,Couple family: Both parents working,104,42,62
S01010781,Couple family: One parent working,32,14,18
S01010781,Couple family: No parents working,2,0,2
S01010781,Lone parent family: Total,19,13,6
S01010781,Lone parent family: Parent working,14,10,4
S01010781,Lone parent family: Parent not working,5,3,2
S01010782,All parents aged 16 and over with dependent children,118,47,71
S01010782,Couple family: Total,100,36,64
S01010782,Couple family: Both parents working,60,26,34
S01010782,Couple family: One parent working,32,6,26
S01010782,Couple family: No parents working,8,4,4
S01010782,Lone parent family: Total,18,11,7
S01010782,Lone parent family: Parent working,8,4,4
S01010782,Lone parent family: Parent not working,10,7,3
S01010783,All parents aged 16 and over with dependent children,94,60,34
S01010783,Couple family: Total,74,46,28
S01010783,Couple family: Both parents working,48,30,18
S01010783,Couple family: One parent working,20,14,6
S01010783,Couple family: No parents working,6,2,4
S01010783,Lone parent family: Total,20,14,6
S01010783,Lone parent family: Parent working,10,8,2
S01010783,Lone parent family: Parent not working,10,6,4
S01010784,All parents aged 16 and over with dependent children,172,102,70
S01010784,Couple family: Total,118,66,52
S01010784,Couple family: Both parents working,88,46,42
S01010784,Couple family: One parent working,16,10,6
S01010784,Couple family: No parents working,14,10,4
S01010784,Lone parent family: Total,54,36,18
S01010784,Lone parent family: Parent working,32,21,11
S01010784,Lone parent family: Parent not working,22,15,7
S01010785,All parents aged 16 and over with dependent children,132,64,68
S01010785,Couple family: Total,120,56,64
S01010785,Couple family: Both parents working,74,36,38
S01010785,Couple family: One parent working,40,18,22
S01010785,Couple family: No parents working,6,2,4
S01010785,Lone parent family: Total,12,8,4
S01010785,Lone parent family: Parent working,9,7,2
S01010785,Lone parent family: Parent not working,3,1,2
S01010786,All parents aged 16 and over with dependent children,180,73,107
S01010786,Couple family: Total,164,68,96
S01010786,Couple family: Both parents working,134,56,78
S01010786,Couple family: One parent working,30,12,18
S01010786,Couple family: No parents working,0,0,0
S01010786,Lone parent family: Total,16,5,11
S01010786,Lone parent family: Parent working,11,3,8
S01010786,Lone parent family: Parent not working,5,2,3
S01010787,All parents aged 16 and over with dependent children,196,68,128
S01010787,Couple family: Total,188,62,126
S01010787,Couple family: Both parents working,144,48,96
S01010787,Couple family: One parent working,42,14,28
S01010787,Couple family: No parents working,2,0,2
S01010787,Lone parent family: Total,8,6,2
S01010787,Lone parent family: Parent working,6,4,2
S01010787,Lone parent family: Parent not working,2,2,0
S01010788,All parents aged 16 and over with dependent children,126,58,68
S01010788,Couple family: Total,110,50,60
S01010788,Couple family: Both parents working,88,34,54
S01010788,Couple family: One parent working,20,16,4
S01010788,Couple family: No parents working,2,0,2
S01010788,Lone parent family: Total,16,8,8
S01010788,Lone parent family: Parent working,12,7,5
S01010788,Lone parent family: Parent not working,4,1,3
S01010789,All parents aged 16 and over with dependent children,156,47,109
S01010789,Couple family: Total,142,36,106
S01010789,Couple family: Both parents working,104,26,78
S01010789,Couple family: One parent working,34,6,28
S01010789,Couple family: No parents working,4,4,0
S01010789,Lone parent family: Total,14,11,3
S01010789,Lone parent family: Parent working,12,9,3
S01010789,Lone parent family: Parent not working,2,2,0
S01010790,All parents aged 16 and over with dependent children,125,56,69
S01010790,Couple family: Total,118,52,66
S01010790,Couple family: Both parents working,94,44,50
S01010790,Couple family: One parent working,14,4,10
S01010790,Couple family: No parents working,10,4,6
S01010790,Lone parent family: Total,7,4,3
S01010790,Lone parent family: Parent working,5,3,2
S01010790,Lone parent family: Parent not working,2,1,1
S01010791,All parents aged 16 and over with dependent children,156,82,74
S01010791,Couple family: Total,148,76,72
S01010791,Couple family: Both parents working,98,52,46
S01010791,Couple family: One parent working,48,24,24
S01010791,Couple family: No parents working,2,0,2
S01010791,Lone parent family: Total,8,6,2
S01010791,Lone parent family: Parent working,5,4,1
S01010791,Lone parent family: Parent not working,3,2,1
S01010792,All parents aged 16 and over with dependent children,135,58,77
S01010792,Couple family: Total,106,40,66
S01010792,Couple family: Both parents working,64,24,40
S01010792,Couple family: One parent working,36,14,22
S01010792,Couple family: No parents working,6,2,4
S01010792,Lone parent family: Total,29,18,11
S01010792,Lone parent family: Parent working,15,9,6
S01010792,Lone parent family: Parent not working,14,9,5
S01010793,All parents aged 16 and over with dependent children,137,58,79
S01010793,Couple family: Total,120,50,70
S01010793,Couple family: Both parents working,92,44,48
S01010793,Couple family: One parent working,26,4,22
S01010793,Couple family: No parents working,2,2,0
S01010793,Lone parent family: Total,17,8,9
S01010793,Lone parent family: Parent working,12,6,6
S01010793,Lone parent family: Parent not working,5,2,3
S01010794,All parents aged 16 and over with dependent children,121,44,77
S01010794,Couple family: Total,102,36,66
S01010794,Couple family: Both parents working,74,28,46
S01010794,Couple family: One parent working,24,8,16
S01010794,Couple family: No parents working,4,0,4
S01010794,Lone parent family: Total,19,8,11
S01010794,Lone parent family: Parent working,13,5,8
S01010794,Lone parent family: Parent not working,6,3,3
S01010795,All parents aged 16 and over with dependent children,187,90,97
S01010795,Couple family: Total,164,74,90
S01010795,Couple family: Both parents working,126,60,66
S01010795,Couple family: One parent working,38,14,24
S01010795,Couple family: No parents working,0,0,0
S01010795,Lone parent family: Total,23,16,7
S01010795,Lone parent family: Parent working,12,12,0
S01010795,Lone parent family: Parent not working,11,4,7
S01010796,All parents aged 16 and over with dependent children,182,65,117
S01010796,Couple family: Total,178,64,114
S01010796,Couple family: Both parents working,134,48,86
S01010796,Couple family: One parent working,40,16,24
S01010796,Couple family: No parents working,4,0,4
S01010796,Lone parent family: Total,4,1,3
S01010796,Lone parent family: Parent working,4,1,3
S01010796,Lone parent family: Parent not working,0,0,0
S01010797,All parents aged 16 and over with dependent children,166,81,85
S01010797,Couple family: Total,158,78,80
S01010797,Couple family: Both parents working,122,60,62
S01010797,Couple family: One parent working,30,14,16
S01010797,Couple family: No parents working,6,4,2
S01010797,Lone parent family: Total,8,3,5
S01010797,Lone parent family: Parent working,6,2,4
S01010797,Lone parent family: Parent not working,2,1,1
S01010798,All parents aged 16 and over with dependent children,147,67,80
S01010798,Couple family: Total,136,58,78
S01010798,Couple family: Both parents working,84,36,48
S01010798,Couple family: One parent working,48,22,26
S01010798,Couple family: No parents working,4,0,4
S01010798,Lone parent family: Total,11,9,2
S01010798,Lone parent family: Parent working,10,8,2
S01010798,Lone parent family: Parent not working,1,1,0
S01010799,All parents aged 16 and over with dependent children,113,81,32
S01010799,Couple family: Total,92,66,26
S01010799,Couple family: Both parents working,66,48,18
S01010799,Couple family: One parent working,22,16,6
S01010799,Couple family: No parents working,4,2,2
S01010799,Lone parent family: Total,21,15,6
S01010799,Lone parent family: Parent working,16,12,4
S01010799,Lone parent family: Parent not working,5,3,2
S01010800,All parents aged 16 and over with dependent children,137,55,82
S01010800,Couple family: Total,114,40,74
S01010800,Couple family: Both parents working,76,24,52
S01010800,Couple family: One parent working,36,16,20
S01010800,Couple family: No parents working,2,0,2
S01010800,Lone parent family: Total,23,15,8
S01010800,Lone parent family: Parent working,13,8,5
S01010800,Lone parent family: Parent not working,10,7,3
S01010801,All parents aged 16 and over with dependent children,130,68,62
S01010801,Couple family: Total,106,52,54
S01010801,Couple family: Both parents working,78,44,34
S01010801,Couple family: One parent working,24,4,20
S01010801,Couple family: No parents working,4,4,0
S01010801,Lone parent family: Total,24,16,8
S01010801,Lone parent family: Parent working,17,13,4
S01010801,Lone parent family: Parent not working,7,3,4
S01010802,All parents aged 16 and over with dependent children,101,47,54
S01010802,Couple family: Total,88,38,50
S01010802,Couple family: Both parents working,68,28,40
S01010802,Couple family: One parent working,16,8,8
S01010802,Couple family: No parents working,4,2,2
S01010802,Lone parent family: Total,13,9,4
S01010802,Lone parent family: Parent working,7,3,4
S01010802,Lone parent family: Parent not working,6,6,0
S01010803,All parents aged 16 and over with dependent children,122,59,63
S01010803,Couple family: Total,84,36,48
S01010803,Couple family: Both parents working,56,30,26
S01010803,Couple family: One parent working,26,4,22
S01010803,Couple family: No parents working,2,2,0
S01010803,Lone parent family: Total,38,23,15
S01010803,Lone parent family: Parent working,22,11,11
S01010803,Lone parent family: Parent not working,16,12,4
S01010804,All parents aged 16 and over with dependent children,119,53,66
S01010804,Couple family: Total,106,44,62
S01010804,Couple family: Both parents working,80,34,46
S01010804,Couple family: One parent working,24,10,14
S01010804,Couple family: No parents working,2,0,2
S01010804,Lone parent family: Total,13,9,4
S01010804,Lone parent family: Parent working,11,8,3
S01010804,Lone parent family: Parent not working,2,1,1
S01010805,All parents aged 16 and over with dependent children,159,68,91
S01010805,Couple family: Total,126,54,72
S01010805,Couple family: Both parents working,86,42,44
S01010805,Couple family: One parent working,36,10,26
S01010805,Couple family: No parents working,4,2,2
S01010805,Lone parent family: Total,33,14,19
S01010805,Lone parent family: Parent working,23,11,12
S01010805,Lone parent family: Parent not working,10,3,7
S01010806,All parents aged 16 and over with dependent children,165,86,79
S01010806,Couple family: Total,114,56,58
S01010806,Couple family: Both parents working,74,32,42
S01010806,Couple family: One parent working,32,18,14
S01010806,Couple family: No parents working,8,6,2
S01010806,Lone parent family: Total,51,30,21
S01010806,Lone parent family: Parent working,28,18,10
S01010806,Lone parent family: Parent not working,23,12,11
S01010807,All parents aged 16 and over with dependent children,131,66,65
S01010807,Couple family: Total,108,52,56
S01010807,Couple family: Both parents working,80,42,38
S01010807,Couple family: One parent working,20,10,10
S01010807,Couple family: No parents working,8,0,8
S01010807,Lone parent family: Total,23,14,9
S01010807,Lone parent family: Parent working,14,9,5
S01010807,Lone parent family: Parent not working,9,5,4
S01010808,All parents aged 16 and over with dependent children,143,59,84
S01010808,Couple family: Total,120,54,66
S01010808,Couple family: Both parents working,92,42,50
S01010808,Couple family: One parent working,20,12,8
S01010808,Couple family: No parents working,8,0,8
S01010808,Lone parent family: Total,23,5,18
S01010808,Lone parent family: Parent working,18,5,13
S01010808,Lone parent family: Parent not working,5,0,5
S01010809,All parents aged 16 and over with dependent children,142,80,62
S01010809,Couple family: Total,130,72,58
S01010809,Couple family: Both parents working,110,64,46
S01010809,Couple family: One parent working,18,6,12
S01010809,Couple family: No parents working,2,2,0
S01010809,Lone parent family: Total,12,8,4
S01010809,Lone parent family: Parent working,8,5,3
S01010809,Lone parent family: Parent not working,4,3,1
S01010810,All parents aged 16 and over with dependent children,80,43,37
S01010810,Couple family: Total,68,34,34
S01010810,Couple family: Both parents working,50,22,28
S01010810,Couple family: One parent working,16,10,6
S01010810,Couple family: No parents working,2,2,0
S01010810,Lone parent family: Total,12,9,3
S01010810,Lone parent family: Parent working,5,4,1
S01010810,Lone parent family: Parent not working,7,5,2
S01010811,All parents aged 16 and over with dependent children,146,71,75
S01010811,Couple family: Total,136,66,70
S01010811,Couple family: Both parents working,104,56,48
S01010811,Couple family: One parent working,28,8,20
S01010811,Couple family: No parents working,4,2,2
S01010811,Lone parent family: Total,10,5,5
S01010811,Lone parent family: Parent working,7,5,2
S01010811,Lone parent family: Parent not working,3,0,3
S01010812,All parents aged 16 and over with dependent children,80,23,57
S01010812,Couple family: Total,74,22,52
S01010812,Couple family: Both parents working,44,8,36
S01010812,Couple family: One parent working,28,12,16
S01010812,Couple family: No parents working,2,2,0
S01010812,Lone parent family: Total,6,1,5
S01010812,Lone parent family: Parent working,6,1,5
S01010812,Lone parent family: Parent not working,0,0,0
S01010813,All parents aged 16 and over with dependent children,89,38,51
S01010813,Couple family: Total,72,30,42
S01010813,Couple family: Both parents working,50,18,32
S01010813,Couple family: One parent working,20,10,10
S01010813,Couple family: No parents working,2,2,0
S01010813,Lone parent family: Total,17,8,9
S01010813,Lone parent family: Parent working,13,6,7
S01010813,Lone parent family: Parent not working,4,2,2
S01010814,All parents aged 16 and over with dependent children,106,41,65
S01010814,Couple family: Total,92,30,62
S01010814,Couple family: Both parents working,76,26,50
S01010814,Couple family: One parent working,14,4,10
S01010814,Couple family: No parents working,2,0,2
S01010814,Lone parent family: Total,14,11,3
S01010814,Lone parent family: Parent working,9,7,2
S01010814,Lone parent family: Parent not working,5,4,1
S01010815,All parents aged 16 and over with dependent children,86,27,59
S01010815,Couple family: Total,78,22,56
S01010815,Couple family: Both parents working,64,18,46
S01010815,Couple family: One parent working,12,4,8
S01010815,Couple family: No parents working,2,0,2
S01010815,Lone parent family: Total,8,5,3
S01010815,Lone parent family: Parent working,5,2,3
S01010815,Lone parent family: Parent not working,3,3,0
S01010816,All parents aged 16 and over with dependent children,132,59,73
S01010816,Couple family: Total,118,52,66
S01010816,Couple family: Both parents working,84,36,48
S01010816,Couple family: One parent working,30,14,16
S01010816,Couple family: No parents working,4,2,2
S01010816,Lone parent family: Total,14,7,7
S01010816,Lone parent family: Parent working,8,5,3
S01010816,Lone parent family: Parent not working,6,2,4
S01010817,All parents aged 16 and over with dependent children,222,93,129
S01010817,Couple family: Total,202,84,118
S01010817,Couple family: Both parents working,152,64,88
S01010817,Couple family: One parent working,48,20,28
S01010817,Couple family: No parents working,2,0,2
S01010817,Lone parent family: Total,20,9,11
S01010817,Lone parent family: Parent working,13,5,8
S01010817,Lone parent family: Parent not working,7,4,3
S01010818,All parents aged 16 and over with dependent children,223,95,128
S01010818,Couple family: Total,196,74,122
S01010818,Couple family: Both parents working,152,62,90
S01010818,Couple family: One parent working,44,12,32
S01010818,Couple family: No parents working,0,0,0
S01010818,Lone parent family: Total,27,21,6
S01010818,Lone parent family: Parent working,15,13,2
S01010818,Lone parent family: Parent not working,12,8,4
S01010819,All parents aged 16 and over with dependent children,140,61,79
S01010819,Couple family: Total,118,46,72
S01010819,Couple family: Both parents working,90,32,58
S01010819,Couple family: One parent working,26,12,14
S01010819,Couple family: No parents working,2,2,0
S01010819,Lone parent family: Total,22,15,7
S01010819,Lone parent family: Parent working,14,10,4
S01010819,Lone parent family: Parent not working,8,5,3
S01010820,All parents aged 16 and over with dependent children,117,38,79
S01010820,Couple family: Total,104,32,72
S01010820,Couple family: Both parents working,74,20,54
S01010820,Couple family: One parent working,28,12,16
S01010820,Couple family: No parents working,2,0,2
S01010820,Lone parent family: Total,13,6,7
S01010820,Lone parent family: Parent working,9,4,5
S01010820,Lone parent family: Parent not working,4,2,2
S01010821,All parents aged 16 and over with dependent children,118,45,73
S01010821,Couple family: Total,114,42,72
S01010821,Couple family: Both parents working,98,34,64
S01010821,Couple family: One parent working,10,4,6
S01010821,Couple family: No parents working,6,4,2
S01010821,Lone parent family: Total,4,3,1
S01010821,Lone parent family: Parent working,4,3,1
S01010821,Lone parent family: Parent not working,0,0,0
S01010822,All parents aged 16 and over with dependent children,153,66,87
S01010822,Couple family: Total,138,58,80
S01010822,Couple family: Both parents working,104,40,64
S01010822,Couple family: One parent working,28,14,14
S01010822,Couple family: No parents working,6,4,2
S01010822,Lone parent family: Total,15,8,7
S01010822,Lone parent family: Parent working,9,4,5
S01010822,Lone parent family: Parent not working,6,4,2
S01010823,All parents aged 16 and over with dependent children,143,76,67
S01010823,Couple family: Total,124,68,56
S01010823,Couple family: Both parents working,84,46,38
S01010823,Couple family: One parent working,28,16,12
S01010823,Couple family: No parents working,12,6,6
S01010823,Lone parent family: Total,19,8,11
S01010823,Lone parent family: Parent working,18,7,11
S01010823,Lone parent family: Parent not working,1,1,0
S01010824,All parents aged 16 and over with dependent children,266,96,170
S01010824,Couple family: Total,250,90,160
S01010824,Couple family: Both parents working,212,74,138
S01010824,Couple family: One parent working,32,12,20
S01010824,Couple family: No parents working,6,4,2
S01010824,Lone parent family: Total,16,6,10
S01010824,Lone parent family: Parent working,12,4,8
S01010824,Lone parent family: Parent not working,4,2,2
S01010825,All parents aged 16 and over with dependent children,121,49,72
S01010825,Couple family: Total,114,44,70
S01010825,Couple family: Both parents working,104,40,64
S01010825,Couple family: One parent working,10,4,6
S01010825,Couple family: No parents working,0,0,0
S01010825,Lone parent family: Total,7,5,2
S01010825,Lone parent family: Parent working,4,3,1
S01010825,Lone parent family: Parent not working,3,2,1
S01010826,All parents aged 16 and over with dependent children,160,68,92
S01010826,Couple family: Total,132,50,82
S01010826,Couple family: Both parents working,98,36,62
S01010826,Couple family: One parent working,34,14,20
S01010826,Couple family: No parents working,0,0,0
S01010826,Lone parent family: Total,28,18,10
S01010826,Lone parent family: Parent working,14,11,3
S01010826,Lone parent family: Parent not working,14,7,7
S01010827,All parents aged 16 and over with dependent children,147,65,82
S01010827,Couple family: Total,138,60,78
S01010827,Couple family: Both parents working,114,46,68
S01010827,Couple family: One parent working,22,12,10
S01010827,Couple family: No parents working,2,2,0
S01010827,Lone parent family: Total,9,5,4
S01010827,Lone parent family: Parent working,7,5,2
S01010827,Lone parent family: Parent not working,2,0,2
S01010828,All parents aged 16 and over with dependent children,376,155,221
S01010828,Couple family: Total,360,142,218
S01010828,Couple family: Both parents working,294,116,178
S01010828,Couple family: One parent working,62,22,40
S01010828,Couple family: No parents working,4,4,0
S01010828,Lone parent family: Total,16,13,3
S01010828,Lone parent family: Parent working,11,9,2
S01010828,Lone parent family: Parent not working,5,4,1
S01010829,All parents aged 16 and over with dependent children,124,67,57
S01010829,Couple family: Total,114,58,56
S01010829,Couple family: Both parents working,78,44,34
S01010829,Couple family: One parent working,32,12,20
S01010829,Couple family: No parents working,4,2,2
S01010829,Lone parent family: Total,10,9,1
S01010829,Lone parent family: Parent working,7,6,1
S01010829,Lone parent family: Parent not working,3,3,0
S01010830,All parents aged 16 and over with dependent children,104,48,56
S01010830,Couple family: Total,90,44,46
S01010830,Couple family: Both parents working,78,40,38
S01010830,Couple family: One parent working,12,4,8
S01010830,Couple family: No parents working,0,0,0
S01010830,Lone parent family: Total,14,4,10
S01010830,Lone parent family: Parent working,8,2,6
S01010830,Lone parent family: Parent not working,6,2,4
S01010831,All parents aged 16 and over with dependent children,218,89,129
S01010831,Couple family: Total,210,84,126
S01010831,Couple family: Both parents working,188,76,112
S01010831,Couple family: One parent working,16,6,10
S01010831,Couple family: No parents working,6,2,4
S01010831,Lone parent family: Total,8,5,3
S01010831,Lone parent family: Parent working,3,2,1
S01010831,Lone parent family: Parent not working,5,3,2
S01010832,All parents aged 16 and over with dependent children,185,115,70
S01010832,Couple family: Total,170,108,62
S01010832,Couple family: Both parents working,144,96,48
S01010832,Couple family: One parent working,26,12,14
S01010832,Couple family: No parents working,0,0,0
S01010832,Lone parent family: Total,15,7,8
S01010832,Lone parent family: Parent working,13,7,6
S01010832,Lone parent family: Parent not working,2,0,2
S01010833,All parents aged 16 and over with dependent children,228,100,128
S01010833,Couple family: Total,224,98,126
S01010833,Couple family: Both parents working,190,86,104
S01010833,Couple family: One parent working,34,12,22
S01010833,Couple family: No parents working,0,0,0
S01010833,Lone parent family: Total,4,2,2
S01010833,Lone parent family: Parent working,4,2,2
S01010833,Lone parent family: Parent not working,0,0,0
S01010834,All parents aged 16 and over with dependent children,171,86,85
S01010834,Couple family: Total,162,80,82
S01010834,Couple family: Both parents working,132,66,66
S01010834,Couple family: One parent working,20,10,10
S01010834,Couple family: No parents working,10,4,6
S01010834,Lone parent family: Total,9,6,3
S01010834,Lone parent family: Parent working,5,4,1
S01010834,Lone parent family: Parent not working,4,2,2
S01010835,All parents aged 16 and over with dependent children,108,44,64
S01010835,Couple family: Total,102,42,60
S01010835,Couple family: Both parents working,82,40,42
S01010835,Couple family: One parent working,20,2,18
S01010835,Couple family: No parents working,0,0,0
S01010835,Lone parent family: Total,6,2,4
S01010835,Lone parent family: Parent working,4,2,2
S01010835,Lone parent family: Parent not working,2,0,2
S01010836,All parents aged 16 and over with dependent children,126,59,67
S01010836,Couple family: Total,104,44,60
S01010836,Couple family: Both parents working,82,42,40
S01010836,Couple family: One parent working,20,0,20
S01010836,Couple family: No parents working,2,2,0
S01010836,Lone parent family: Total,22,15,7
S01010836,Lone parent family: Parent working,12,6,6
S01010836,Lone parent family: Parent not working,10,9,1
S01010837,All parents aged 16 and over with dependent children,121,63,58
S01010837,Couple family: Total,92,44,48
S01010837,Couple family: Both parents working,78,40,38
S01010837,Couple family: One parent working,10,2,8
S01010837,Couple family: No parents working,4,2,2
S01010837,Lone parent family: Total,29,19,10
S01010837,Lone parent family: Parent working,19,12,7
S01010837,Lone parent family: Parent not working,10,7,3
S01010838,All parents aged 16 and over with dependent children,204,91,113
S01010838,Couple family: Total,176,78,98
S01010838,Couple family: Both parents working,132,60,72
S01010838,Couple family: One parent working,40,14,26
S01010838,Couple family: No parents working,4,4,0
S01010838,Lone parent family: Total,28,13,15
S01010838,Lone parent family: Parent working,18,9,9
S01010838,Lone parent family: Parent not working,10,4,6
S01010839,All parents aged 16 and over with dependent children,157,75,82
S01010839,Couple family: Total,130,58,72
S01010839,Couple family: Both parents working,106,50,56
S01010839,Couple family: One parent working,22,6,16
S01010839,Couple family: No parents working,2,2,0
S01010839,Lone parent family: Total,27,17,10
S01010839,Lone parent family: Parent working,16,9,7
S01010839,Lone parent family: Parent not working,11,8,3
S01010840,All parents aged 16 and over with dependent children,57,38,19
S01010840,Couple family: Total,40,24,16
S01010840,Couple family: Both parents working,34,18,16
S01010840,Couple family: One parent working,6,6,0
S01010840,Couple family: No parents working,0,0,0
S01010840,Lone parent family: Total,17,14,3
S01010840,Lone parent family: Parent working,6,4,2
S01010840,Lone parent family: Parent not working,11,10,1
S01010841,All parents aged 16 and over with dependent children,129,82,47
S01010841,Couple family: Total,102,60,42
S01010841,Couple family: Both parents working,76,42,34
S01010841,Couple family: One parent working,22,14,8
S01010841,Couple family: No parents working,4,4,0
S01010841,Lone parent family: Total,27,22,5
S01010841,Lone parent family: Parent working,15,12,3
S01010841,Lone parent family: Parent not working,12,10,2
S01010842,All parents aged 16 and over with dependent children,91,56,35
S01010842,Couple family: Total,48,26,22
S01010842,Couple family: Both parents working,36,20,16
S01010842,Couple family: One parent working,10,4,6
S01010842,Couple family: No parents working,2,2,0
S01010842,Lone parent family: Total,43,30,13
S01010842,Lone parent family: Parent working,17,13,4
S01010842,Lone parent family: Parent not working,26,17,9
S01010843,All parents aged 16 and over with dependent children,66,32,34
S01010843,Couple family: Total,44,16,28
S01010843,Couple family: Both parents working,36,12,24
S01010843,Couple family: One parent working,4,2,2
S01010843,Couple family: No parents working,4,2,2
S01010843,Lone parent family: Total,22,16,6
S01010843,Lone parent family: Parent working,15,12,3
S01010843,Lone parent family: Parent not working,7,4,3
S01010844,All parents aged 16 and over with dependent children,137,62,75
S01010844,Couple family: Total,128,56,72
S01010844,Couple family: Both parents working,112,50,62
S01010844,Couple family: One parent working,14,6,8
S01010844,Couple family: No parents working,2,0,2
S01010844,Lone parent family: Total,9,6,3
S01010844,Lone parent family: Parent working,4,1,3
S01010844,Lone parent family: Parent not working,5,5,0
S01010845,All parents aged 16 and over with dependent children,123,60,63
S01010845,Couple family: Total,110,52,58
S01010845,Couple family: Both parents working,82,38,44
S01010845,Couple family: One parent working,28,14,14
S01010845,Couple family: No parents working,0,0,0
S01010845,Lone parent family: Total,13,8,5
S01010845,Lone parent family: Parent working,6,5,1
S01010845,Lone parent family: Parent not working,7,3,4
S01010846,All parents aged 16 and over with dependent children,157,72,85
S01010846,Couple family: Total,108,46,62
S01010846,Couple family: Both parents working,74,36,38
S01010846,Couple family: One parent working,32,10,22
S01010846,Couple family: No parents working,2,0,2
S01010846,Lone parent family: Total,49,26,23
S01010846,Lone parent family: Parent working,35,20,15
S01010846,Lone parent family: Parent not working,14,6,8
S01010847,All parents aged 16 and over with dependent children,158,81,77
S01010847,Couple family: Total,136,62,74
S01010847,Couple family: Both parents working,120,58,62
S01010847,Couple family: One parent working,16,4,12
S01010847,Couple family: No parents working,0,0,0
S01010847,Lone parent family: Total,22,19,3
S01010847,Lone parent family: Parent working,11,8,3
S01010847,Lone parent family: Parent not working,11,11,0
S01010848,All parents aged 16 and over with dependent children,144,58,86
S01010848,Couple family: Total,92,24,68
S01010848,Couple family: Both parents working,52,20,32
S01010848,Couple family: One parent working,36,4,32
S01010848,Couple family: No parents working,4,0,4
S01010848,Lone parent family: Total,52,34,18
S01010848,Lone parent family: Parent working,23,15,8
S01010848,Lone parent family: Parent not working,29,19,10
S01010849,All parents aged 16 and over with dependent children,203,101,102
S01010849,Couple family: Total,130,64,66
S01010849,Couple family: Both parents working,70,38,32
S01010849,Couple family: One parent working,48,24,24
S01010849,Couple family: No parents working,12,2,10
S01010849,Lone parent family: Total,73,37,36
S01010849,Lone parent family: Parent working,33,19,14
S01010849,Lone parent family: Parent not working,40,18,22
S01010850,All parents aged 16 and over with dependent children,166,84,82
S01010850,Couple family: Total,100,44,56
S01010850,Couple family: Both parents working,60,26,34
S01010850,Couple family: One parent working,26,12,14
S01010850,Couple family: No parents working,14,6,8
S01010850,Lone parent family: Total,66,40,26
S01010850,Lone parent family: Parent working,27,17,10
S01010850,Lone parent family: Parent not working,39,23,16
S01010851,All parents aged 16 and over with dependent children,190,89,101
S01010851,Couple family: Total,110,48,62
S01010851,Couple family: Both parents working,78,38,40
S01010851,Couple family: One parent working,24,6,18
S01010851,Couple family: No parents working,8,4,4
S01010851,Lone parent family: Total,80,41,39
S01010851,Lone parent family: Parent working,34,24,10
S01010851,Lone parent family: Parent not working,46,17,29
S01010852,All parents aged 16 and over with dependent children,121,56,65
S01010852,Couple family: Total,96,38,58
S01010852,Couple family: Both parents working,68,26,42
S01010852,Couple family: One parent working,18,6,12
S01010852,Couple family: No parents working,10,6,4
S01010852,Lone parent family: Total,25,18,7
S01010852,Lone parent family: Parent working,10,8,2
S01010852,Lone parent family: Parent not working,15,10,5
S01010853,All parents aged 16 and over with dependent children,177,83,94
S01010853,Couple family: Total,130,56,74
S01010853,Couple family: Both parents working,98,42,56
S01010853,Couple family: One parent working,26,8,18
S01010853,Couple family: No parents working,6,6,0
S01010853,Lone parent family: Total,47,27,20
S01010853,Lone parent family: Parent working,26,15,11
S01010853,Lone parent family: Parent not working,21,12,9
S01010854,All parents aged 16 and over with dependent children,226,104,122
S01010854,Couple family: Total,144,54,90
S01010854,Couple family: Both parents working,82,36,46
S01010854,Couple family: One parent working,50,14,36
S01010854,Couple family: No parents working,12,4,8
S01010854,Lone parent family: Total,82,50,32
S01010854,Lone parent family: Parent working,40,20,20
S01010854,Lone parent family: Parent not working,42,30,12
S01010855,All parents aged 16 and over with dependent children,111,45,66
S01010855,Couple family: Total,82,34,48
S01010855,Couple family: Both parents working,50,16,34
S01010855,Couple family: One parent working,28,14,14
S01010855,Couple family: No parents working,4,4,0
S01010855,Lone parent family: Total,29,11,18
S01010855,Lone parent family: Parent working,15,7,8
S01010855,Lone parent family: Parent not working,14,4,10
S01010856,All parents aged 16 and over with dependent children,163,79,84
S01010856,Couple family: Total,110,46,64
S01010856,Couple family: Both parents working,78,34,44
S01010856,Couple family: One parent working,28,8,20
S01010856,Couple family: No parents working,4,4,0
S01010856,Lone parent family: Total,53,33,20
S01010856,Lone parent family: Parent working,22,13,9
S01010856,Lone parent family: Parent not working,31,20,11
S01010857,All parents aged 16 and over with dependent children,249,128,121
S01010857,Couple family: Total,192,90,102
S01010857,Couple family: Both parents working,154,72,82
S01010857,Couple family: One parent working,32,12,20
S01010857,Couple family: No parents working,6,6,0
S01010857,Lone parent family: Total,57,38,19
S01010857,Lone parent family: Parent working,28,23,5
S01010857,Lone parent family: Parent not working,29,15,14
S01010858,All parents aged 16 and over with dependent children,132,56,76
S01010858,Couple family: Total,90,34,56
S01010858,Couple family: Both parents working,50,22,28
S01010858,Couple family: One parent working,30,6,24
S01010858,Couple family: No parents working,10,6,4
S01010858,Lone parent family: Total,42,22,20
S01010858,Lone parent family: Parent working,19,14,5
S01010858,Lone parent family: Parent not working,23,8,15
S01010859,All parents aged 16 and over with dependent children,142,65,77
S01010859,Couple family: Total,92,42,50
S01010859,Couple family: Both parents working,56,26,30
S01010859,Couple family: One parent working,26,10,16
S01010859,Couple family: No parents working,10,6,4
S01010859,Lone parent family: Total,50,23,27
S01010859,Lone parent family: Parent working,23,12,11
S01010859,Lone parent family: Parent not working,27,11,16
S01010860,All parents aged 16 and over with dependent children,105,57,48
S01010860,Couple family: Total,70,34,36
S01010860,Couple family: Both parents working,48,18,30
S01010860,Couple family: One parent working,16,12,4
S01010860,Couple family: No parents working,6,4,2
S01010860,Lone parent family: Total,35,23,12
S01010860,Lone parent family: Parent working,20,13,7
S01010860,Lone parent family: Parent not working,15,10,5
S01010861,All parents aged 16 and over with dependent children,115,63,52
S01010861,Couple family: Total,64,28,36
S01010861,Couple family: Both parents working,42,16,26
S01010861,Couple family: One parent working,8,6,2
S01010861,Couple family: No parents working,14,6,8
S01010861,Lone parent family: Total,51,35,16
S01010861,Lone parent family: Parent working,23,17,6
S01010861,Lone parent family: Parent not working,28,18,10
S01010862,All parents aged 16 and over with dependent children,96,49,47
S01010862,Couple family: Total,46,22,24
S01010862,Couple family: Both parents working,26,10,16
S01010862,Couple family: One parent working,18,10,8
S01010862,Couple family: No parents working,2,2,0
S01010862,Lone parent family: Total,50,27,23
S01010862,Lone parent family: Parent working,20,11,9
S01010862,Lone parent family: Parent not working,30,16,14
S01010863,All parents aged 16 and over with dependent children,143,55,88
S01010863,Couple family: Total,128,46,82
S01010863,Couple family: Both parents working,88,34,54
S01010863,Couple family: One parent working,38,10,28
S01010863,Couple family: No parents working,2,2,0
S01010863,Lone parent family: Total,15,9,6
S01010863,Lone parent family: Parent working,10,7,3
S01010863,Lone parent family: Parent not working,5,2,3
S01010864,All parents aged 16 and over with dependent children,104,50,54
S01010864,Couple family: Total,92,44,48
S01010864,Couple family: Both parents working,84,40,44
S01010864,Couple family: One parent working,8,4,4
S01010864,Couple family: No parents working,0,0,0
S01010864,Lone parent family: Total,12,6,6
S01010864,Lone parent family: Parent working,9,5,4
S01010864,Lone parent family: Parent not working,3,1,2
S01010865,All parents aged 16 and over with dependent children,85,43,42
S01010865,Couple family: Total,76,36,40
S01010865,Couple family: Both parents working,62,30,32
S01010865,Couple family: One parent working,10,4,6
S01010865,Couple family: No parents working,4,2,2
S01010865,Lone parent family: Total,9,7,2
S01010865,Lone parent family: Parent working,4,3,1
S01010865,Lone parent family: Parent not working,5,4,1
S01010866,All parents aged 16 and over with dependent children,106,55,51
S01010866,Couple family: Total,94,46,48
S01010866,Couple family: Both parents working,72,30,42
S01010866,Couple family: One parent working,22,16,6
S01010866,Couple family: No parents working,0,0,0
S01010866,Lone parent family: Total,12,9,3
S01010866,Lone parent family: Parent working,10,8,2
S01010866,Lone parent family: Parent not working,2,1,1
S01010867,All parents aged 16 and over with dependent children,126,61,65
S01010867,Couple family: Total,116,56,60
S01010867,Couple family: Both parents working,82,40,42
S01010867,Couple family: One parent working,32,14,18
S01010867,Couple family: No parents working,2,2,0
S01010867,Lone parent family: Total,10,5,5
S01010867,Lone parent family: Parent working,7,4,3
S01010867,Lone parent family: Parent not working,3,1,2
S01010868,All parents aged 16 and over with dependent children,119,54,65
S01010868,Couple family: Total,104,44,60
S01010868,Couple family: Both parents working,92,40,52
S01010868,Couple family: One parent working,10,2,8
S01010868,Couple family: No parents working,2,2,0
S01010868,Lone parent family: Total,15,10,5
S01010868,Lone parent family: Parent working,12,8,4
S01010868,Lone parent family: Parent not working,3,2,1
S01010869,All parents aged 16 and over with dependent children,156,55,101
S01010869,Couple family: Total,144,48,96
S01010869,Couple family: Both parents working,108,34,74
S01010869,Couple family: One parent working,34,14,20
S01010869,Couple family: No parents working,2,0,2
S01010869,Lone parent family: Total,12,7,5
S01010869,Lone parent family: Parent working,10,6,4
S01010869,Lone parent family: Parent not working,2,1,1
S01010870,All parents aged 16 and over with dependent children,130,71,59
S01010870,Couple family: Total,102,48,54
S01010870,Couple family: Both parents working,86,40,46
S01010870,Couple family: One parent working,14,8,6
S01010870,Couple family: No parents working,2,0,2
S01010870,Lone parent family: Total,28,23,5
S01010870,Lone parent family: Parent working,17,15,2
S01010870,Lone parent family: Parent not working,11,8,3
S01010871,All parents aged 16 and over with dependent children,167,82,85
S01010871,Couple family: Total,144,68,76
S01010871,Couple family: Both parents working,124,60,64
S01010871,Couple family: One parent working,18,8,10
S01010871,Couple family: No parents working,2,0,2
S01010871,Lone parent family: Total,23,14,9
S01010871,Lone parent family: Parent working,8,7,1
S01010871,Lone parent family: Parent not working,15,7,8
S01010872,All parents aged 16 and over with dependent children,102,55,47
S01010872,Couple family: Total,72,40,32
S01010872,Couple family: Both parents working,54,34,20
S01010872,Couple family: One parent working,16,4,12
S01010872,Couple family: No parents working,2,2,0
S01010872,Lone parent family: Total,30,15,15
S01010872,Lone parent family: Parent working,17,12,5
S01010872,Lone parent family: Parent not working,13,3,10
S01010873,All parents aged 16 and over with dependent children,48,30,18
S01010873,Couple family: Total,18,10,8
S01010873,Couple family: Both parents working,10,6,4
S01010873,Couple family: One parent working,8,4,4
S01010873,Couple family: No parents working,0,0,0
S01010873,Lone parent family: Total,30,20,10
S01010873,Lone parent family: Parent working,18,15,3
S01010873,Lone parent family: Parent not working,12,5,7
S01010874,All parents aged 16 and over with dependent children,155,55,100
S01010874,Couple family: Total,130,44,86
S01010874,Couple family: Both parents working,100,38,62
S01010874,Couple family: One parent working,28,6,22
S01010874,Couple family: No parents working,2,0,2
S01010874,Lone parent family: Total,25,11,14
S01010874,Lone parent family: Parent working,13,5,8
S01010874,Lone parent family: Parent not working,12,6,6
S01010875,All parents aged 16 and over with dependent children,109,68,41
S01010875,Couple family: Total,78,44,34
S01010875,Couple family: Both parents working,58,32,26
S01010875,Couple family: One parent working,16,12,4
S01010875,Couple family: No parents working,4,0,4
S01010875,Lone parent family: Total,31,24,7
S01010875,Lone parent family: Parent working,17,12,5
S01010875,Lone parent family: Parent not working,14,12,2
S01010876,All parents aged 16 and over with dependent children,133,83,50
S01010876,Couple family: Total,80,44,36
S01010876,Couple family: Both parents working,54,32,22
S01010876,Couple family: One parent working,14,6,8
S01010876,Couple family: No parents working,12,6,6
S01010876,Lone parent family: Total,53,39,14
S01010876,Lone parent family: Parent working,34,25,9
S01010876,Lone parent family: Parent not working,19,14,5
S01010877,All parents aged 16 and over with dependent children,178,92,86
S01010877,Couple family: Total,124,58,66
S01010877,Couple family: Both parents working,90,40,50
S01010877,Couple family: One parent working,30,14,16
S01010877,Couple family: No parents working,4,4,0
S01010877,Lone parent family: Total,54,34,20
S01010877,Lone parent family: Parent working,27,17,10
S01010877,Lone parent family: Parent not working,27,17,10
S01010878,All parents aged 16 and over with dependent children,148,74,74
S01010878,Couple family: Total,114,58,56
S01010878,Couple family: Both parents working,94,44,50
S01010878,Couple family: One parent working,14,10,4
S01010878,Couple family: No parents working,6,4,2
S01010878,Lone parent family: Total,34,16,18
S01010878,Lone parent family: Parent working,16,9,7
S01010878,Lone parent family: Parent not working,18,7,11
S01010879,All parents aged 16 and over with dependent children,162,96,66
S01010879,Couple family: Total,132,78,54
S01010879,Couple family: Both parents working,114,70,44
S01010879,Couple family: One parent working,18,8,10
S01010879,Couple family: No parents working,0,0,0
S01010879,Lone parent family: Total,30,18,12
S01010879,Lone parent family: Parent working,24,16,8
S01010879,Lone parent family: Parent not working,6,2,4
S01010880,All parents aged 16 and over with dependent children,108,58,50
S01010880,Couple family: Total,64,34,30
S01010880,Couple family: Both parents working,44,28,16
S01010880,Couple family: One parent working,14,6,8
S01010880,Couple family: No parents working,6,0,6
S01010880,Lone parent family: Total,44,24,20
S01010880,Lone parent family: Parent working,18,11,7
S01010880,Lone parent family: Parent not working,26,13,13
S01010881,All parents aged 16 and over with dependent children,99,47,52
S01010881,Couple family: Total,84,40,44
S01010881,Couple family: Both parents working,72,34,38
S01010881,Couple family: One parent working,10,6,4
S01010881,Couple family: No parents working,2,0,2
S01010881,Lone parent family: Total,15,7,8
S01010881,Lone parent family: Parent working,7,4,3
S01010881,Lone parent family: Parent not working,8,3,5
S01010882,All parents aged 16 and over with dependent children,125,51,74
S01010882,Couple family: Total,108,44,64
S01010882,Couple family: Both parents working,94,38,56
S01010882,Couple family: One parent working,12,4,8
S01010882,Couple family: No parents working,2,2,0
S01010882,Lone parent family: Total,17,7,10
S01010882,Lone parent family: Parent working,11,5,6
S01010882,Lone parent family: Parent not working,6,2,4
S01010883,All parents aged 16 and over with dependent children,208,107,101
S01010883,Couple family: Total,190,92,98
S01010883,Couple family: Both parents working,164,76,88
S01010883,Couple family: One parent working,22,14,8
S01010883,Couple family: No parents working,4,2,2
S01010883,Lone parent family: Total,18,15,3
S01010883,Lone parent family: Parent working,15,13,2
S01010883,Lone parent family: Parent not working,3,2,1
S01010884,All parents aged 16 and over with dependent children,117,58,59
S01010884,Couple family: Total,58,36,22
S01010884,Couple family: Both parents working,50,30,20
S01010884,Couple family: One parent working,6,4,2
S01010884,Couple family: No parents working,2,2,0
S01010884,Lone parent family: Total,59,22,37
S01010884,Lone parent family: Parent working,14,6,8
S01010884,Lone parent family: Parent not working,45,16,29
S01010885,All parents aged 16 and over with dependent children,170,108,62
S01010885,Couple family: Total,90,54,36
S01010885,Couple family: Both parents working,58,40,18
S01010885,Couple family: One parent working,26,10,16
S01010885,Couple family: No parents working,6,4,2
S01010885,Lone parent family: Total,80,54,26
S01010885,Lone parent family: Parent working,34,27,7
S01010885,Lone parent family: Parent not working,46,27,19
S01010886,All parents aged 16 and over with dependent children,72,52,20
S01010886,Couple family: Total,54,40,14
S01010886,Couple family: Both parents working,40,30,10
S01010886,Couple family: One parent working,12,8,4
S01010886,Couple family: No parents working,2,2,0
S01010886,Lone parent family: Total,18,12,6
S01010886,Lone parent family: Parent working,11,9,2
S01010886,Lone parent family: Parent not working,7,3,4
S01010887,All parents aged 16 and over with dependent children,132,88,44
S01010887,Couple family: Total,84,54,30
S01010887,Couple family: Both parents working,44,32,12
S01010887,Couple family: One parent working,30,16,14
S01010887,Couple family: No parents working,10,6,4
S01010887,Lone parent family: Total,48,34,14
S01010887,Lone parent family: Parent working,18,13,5
S01010887,Lone parent family: Parent not working,30,21,9
S01010888,All parents aged 16 and over with dependent children,96,63,33
S01010888,Couple family: Total,58,32,26
S01010888,Couple family: Both parents working,32,16,16
S01010888,Couple family: One parent working,12,6,6
S01010888,Couple family: No parents working,14,10,4
S01010888,Lone parent family: Total,38,31,7
S01010888,Lone parent family: Parent working,20,16,4
S01010888,Lone parent family: Parent not working,18,15,3
S01010889,All parents aged 16 and over with dependent children,54,34,20
S01010889,Couple family: Total,28,16,12
S01010889,Couple family: Both parents working,18,14,4
S01010889,Couple family: One parent working,10,2,8
S01010889,Couple family: No parents working,0,0,0
S01010889,Lone parent family: Total,26,18,8
S01010889,Lone parent family: Parent working,15,10,5
S01010889,Lone parent family: Parent not working,11,8,3
S01010890,All parents aged 16 and over with dependent children,61,35,26
S01010890,Couple family: Total,36,16,20
S01010890,Couple family: Both parents working,28,12,16
S01010890,Couple family: One parent working,4,4,0
S01010890,Couple family: No parents working,4,0,4
S01010890,Lone parent family: Total,25,19,6
S01010890,Lone parent family: Parent working,11,8,3
S01010890,Lone parent family: Parent not working,14,11,3
S01010891,All parents aged 16 and over with dependent children,32,19,13
S01010891,Couple family: Total,12,10,2
S01010891,Couple family: Both parents working,10,8,2
S01010891,Couple family: One parent working,2,2,0
S01010891,Couple family: No parents working,0,0,0
S01010891,Lone parent family: Total,20,9,11
S01010891,Lone parent family: Parent working,5,4,1
S01010891,Lone parent family: Parent not working,15,5,10
S01010892,All parents aged 16 and over with dependent children,95,62,33
S01010892,Couple family: Total,58,32,26
S01010892,Couple family: Both parents working,34,24,10
S01010892,Couple family: One parent working,18,8,10
S01010892,Couple family: No parents working,6,0,6
S01010892,Lone parent family: Total,37,30,7
S01010892,Lone parent family: Parent working,29,25,4
S01010892,Lone parent family: Parent not working,8,5,3
S01010893,All parents aged 16 and over with dependent children,52,31,21
S01010893,Couple family: Total,32,20,12
S01010893,Couple family: Both parents working,22,16,6
S01010893,Couple family: One parent working,10,4,6
S01010893,Couple family: No parents working,0,0,0
S01010893,Lone parent family: Total,20,11,9
S01010893,Lone parent family: Parent working,8,6,2
S01010893,Lone parent family: Parent not working,12,5,7
S01010894,All parents aged 16 and over with dependent children,125,83,42
S01010894,Couple family: Total,88,54,34
S01010894,Couple family: Both parents working,56,36,20
S01010894,Couple family: One parent working,16,14,2
S01010894,Couple family: No parents working,16,4,12
S01010894,Lone parent family: Total,37,29,8
S01010894,Lone parent family: Parent working,21,20,1
S01010894,Lone parent family: Parent not working,16,9,7
S01010895,All parents aged 16 and over with dependent children,52,26,26
S01010895,Couple family: Total,24,8,16
S01010895,Couple family: Both parents working,14,4,10
S01010895,Couple family: One parent working,6,2,4
S01010895,Couple family: No parents working,4,2,2
S01010895,Lone parent family: Total,28,18,10
S01010895,Lone parent family: Parent working,11,8,3
S01010895,Lone parent family: Parent not working,17,10,7
S01010896,All parents aged 16 and over with dependent children,102,61,41
S01010896,Couple family: Total,52,30,22
S01010896,Couple family: Both parents working,34,20,14
S01010896,Couple family: One parent working,14,8,6
S01010896,Couple family: No parents working,4,2,2
S01010896,Lone parent family: Total,50,31,19
S01010896,Lone parent family: Parent working,24,18,6
S01010896,Lone parent family: Parent not working,26,13,13
S01010897,All parents aged 16 and over with dependent children,156,86,70
S01010897,Couple family: Total,82,46,36
S01010897,Couple family: Both parents working,42,26,16
S01010897,Couple family: One parent working,20,10,10
S01010897,Couple family: No parents working,20,10,10
S01010897,Lone parent family: Total,74,40,34
S01010897,Lone parent family: Parent working,29,25,4
S01010897,Lone parent family: Parent not working,45,15,30
S01010898,All parents aged 16 and over with dependent children,101,57,44
S01010898,Couple family: Total,66,36,30
S01010898,Couple family: Both parents working,48,28,20
S01010898,Couple family: One parent working,8,4,4
S01010898,Couple family: No parents working,10,4,6
S01010898,Lone parent family: Total,35,21,14
S01010898,Lone parent family: Parent working,9,5,4
S01010898,Lone parent family: Parent not working,26,16,10
S01010899,All parents aged 16 and over with dependent children,137,74,63
S01010899,Couple family: Total,114,60,54
S01010899,Couple family: Both parents working,88,46,42
S01010899,Couple family: One parent working,18,10,8
S01010899,Couple family: No parents working,8,4,4
S01010899,Lone parent family: Total,23,14,9
S01010899,Lone parent family: Parent working,14,12,2
S01010899,Lone parent family: Parent not working,9,2,7
S01010900,All parents aged 16 and over with dependent children,163,100,63
S01010900,Couple family: Total,82,48,34
S01010900,Couple family: Both parents working,50,36,14
S01010900,Couple family: One parent working,18,8,10
S01010900,Couple family: No parents working,14,4,10
S01010900,Lone parent family: Total,81,52,29
S01010900,Lone parent family: Parent working,33,25,8
S01010900,Lone parent family: Parent not working,48,27,21
S01010901,All parents aged 16 and over with dependent children,93,44,49
S01010901,Couple family: Total,46,24,22
S01010901,Couple family: Both parents working,18,14,4
S01010901,Couple family: One parent working,24,8,16
S01010901,Couple family: No parents working,4,2,2
S01010901,Lone parent family: Total,47,20,27
S01010901,Lone parent family: Parent working,17,11,6
S01010901,Lone parent family: Parent not working,30,9,21
S01010902,All parents aged 16 and over with dependent children,164,95,69
S01010902,Couple family: Total,124,74,50
S01010902,Couple family: Both parents working,84,50,34
S01010902,Couple family: One parent working,24,16,8
S01010902,Couple family: No parents working,16,8,8
S01010902,Lone parent family: Total,40,21,19
S01010902,Lone parent family: Parent working,19,7,12
S01010902,Lone parent family: Parent not working,21,14,7
S01010903,All parents aged 16 and over with dependent children,132,86,46
S01010903,Couple family: Total,66,42,24
S01010903,Couple family: Both parents working,28,20,8
S01010903,Couple family: One parent working,18,10,8
S01010903,Couple family: No parents working,20,12,8
S01010903,Lone parent family: Total,66,44,22
S01010903,Lone parent family: Parent working,32,21,11
S01010903,Lone parent family: Parent not working,34,23,11
S01010904,All parents aged 16 and over with dependent children,102,58,44
S01010904,Couple family: Total,66,36,30
S01010904,Couple family: Both parents working,50,30,20
S01010904,Couple family: One parent working,14,4,10
S01010904,Couple family: No parents working,2,2,0
S01010904,Lone parent family: Total,36,22,14
S01010904,Lone parent family: Parent working,16,11,5
S01010904,Lone parent family: Parent not working,20,11,9
S01010905,All parents aged 16 and over with dependent children,142,84,58
S01010905,Couple family: Total,88,50,38
S01010905,Couple family: Both parents working,62,36,26
S01010905,Couple family: One parent working,18,10,8
S01010905,Couple family: No parents working,8,4,4
S01010905,Lone parent family: Total,54,34,20
S01010905,Lone parent family: Parent working,26,16,10
S01010905,Lone parent family: Parent not working,28,18,10
S01010906,All parents aged 16 and over with dependent children,242,142,100
S01010906,Couple family: Total,168,96,72
S01010906,Couple family: Both parents working,108,64,44
S01010906,Couple family: One parent working,32,14,18
S01010906,Couple family: No parents working,28,18,10
S01010906,Lone parent family: Total,74,46,28
S01010906,Lone parent family: Parent working,32,22,10
S01010906,Lone parent family: Parent not working,42,24,18
S01010907,All parents aged 16 and over with dependent children,153,75,78
S01010907,Couple family: Total,140,66,74
S01010907,Couple family: Both parents working,112,52,60
S01010907,Couple family: One parent working,24,12,12
S01010907,Couple family: No parents working,4,2,2
S01010907,Lone parent family: Total,13,9,4
S01010907,Lone parent family: Parent working,11,7,4
S01010907,Lone parent family: Parent not working,2,2,0
S01010908,All parents aged 16 and over with dependent children,104,49,55
S01010908,Couple family: Total,78,32,46
S01010908,Couple family: Both parents working,50,20,30
S01010908,Couple family: One parent working,22,8,14
S01010908,Couple family: No parents working,6,4,2
S01010908,Lone parent family: Total,26,17,9
S01010908,Lone parent family: Parent working,12,9,3
S01010908,Lone parent family: Parent not working,14,8,6
S01010909,All parents aged 16 and over with dependent children,129,55,74
S01010909,Couple family: Total,118,46,72
S01010909,Couple family: Both parents working,102,40,62
S01010909,Couple family: One parent working,16,6,10
S01010909,Couple family: No parents working,0,0,0
S01010909,Lone parent family: Total,11,9,2
S01010909,Lone parent family: Parent working,9,7,2
S01010909,Lone parent family: Parent not working,2,2,0
S01010910,All parents aged 16 and over with dependent children,89,52,37
S01010910,Couple family: Total,52,32,20
S01010910,Couple family: Both parents working,30,26,4
S01010910,Couple family: One parent working,16,4,12
S01010910,Couple family: No parents working,6,2,4
S01010910,Lone parent family: Total,37,20,17
S01010910,Lone parent family: Parent working,18,10,8
S01010910,Lone parent family: Parent not working,19,10,9
S01010911,All parents aged 16 and over with dependent children,46,33,13
S01010911,Couple family: Total,20,14,6
S01010911,Couple family: Both parents working,14,10,4
S01010911,Couple family: One parent working,6,4,2
S01010911,Couple family: No parents working,0,0,0
S01010911,Lone parent family: Total,26,19,7
S01010911,Lone parent family: Parent working,8,7,1
S01010911,Lone parent family: Parent not working,18,12,6
S01010912,All parents aged 16 and over with dependent children,91,61,30
S01010912,Couple family: Total,54,32,22
S01010912,Couple family: Both parents working,36,26,10
S01010912,Couple family: One parent working,6,0,6
S01010912,Couple family: No parents working,12,6,6
S01010912,Lone parent family: Total,37,29,8
S01010912,Lone parent family: Parent working,21,19,2
S01010912,Lone parent family: Parent not working,16,10,6
S01010913,All parents aged 16 and over with dependent children,128,63,65
S01010913,Couple family: Total,108,52,56
S01010913,Couple family: Both parents working,80,40,40
S01010913,Couple family: One parent working,20,10,10
S01010913,Couple family: No parents working,8,2,6
S01010913,Lone parent family: Total,20,11,9
S01010913,Lone parent family: Parent working,12,9,3
S01010913,Lone parent family: Parent not working,8,2,6
S01010914,All parents aged 16 and over with dependent children,142,68,74
S01010914,Couple family: Total,114,52,62
S01010914,Couple family: Both parents working,88,42,46
S01010914,Couple family: One parent working,22,8,14
S01010914,Couple family: No parents working,4,2,2
S01010914,Lone parent family: Total,28,16,12
S01010914,Lone parent family: Parent working,19,11,8
S01010914,Lone parent family: Parent not working,9,5,4
S01010915,All parents aged 16 and over with dependent children,172,79,93
S01010915,Couple family: Total,140,60,80
S01010915,Couple family: Both parents working,110,46,64
S01010915,Couple family: One parent working,20,10,10
S01010915,Couple family: No parents working,10,4,6
S01010915,Lone parent family: Total,32,19,13
S01010915,Lone parent family: Parent working,16,11,5
S01010915,Lone parent family: Parent not working,16,8,8
S01010916,All parents aged 16 and over with dependent children,85,51,34
S01010916,Couple family: Total,44,30,14
S01010916,Couple family: Both parents working,38,26,12
S01010916,Couple family: One parent working,4,2,2
S01010916,Couple family: No parents working,2,2,0
S01010916,Lone parent family: Total,41,21,20
S01010916,Lone parent family: Parent working,9,8,1
S01010916,Lone parent family: Parent not working,32,13,19
S01010917,All parents aged 16 and over with dependent children,107,70,37
S01010917,Couple family: Total,74,48,26
S01010917,Couple family: Both parents working,56,40,16
S01010917,Couple family: One parent working,12,8,4
S01010917,Couple family: No parents working,6,0,6
S01010917,Lone parent family: Total,33,22,11
S01010917,Lone parent family: Parent working,16,12,4
S01010917,Lone parent family: Parent not working,17,10,7
S01010918,All parents aged 16 and over with dependent children,129,60,69
S01010918,Couple family: Total,94,42,52
S01010918,Couple family: Both parents working,66,30,36
S01010918,Couple family: One parent working,24,12,12
S01010918,Couple family: No parents working,4,0,4
S01010918,Lone parent family: Total,35,18,17
S01010918,Lone parent family: Parent working,10,4,6
S01010918,Lone parent family: Parent not working,25,14,11
S01010919,All parents aged 16 and over with dependent children,160,91,69
S01010919,Couple family: Total,118,64,54
S01010919,Couple family: Both parents working,84,46,38
S01010919,Couple family: One parent working,20,10,10
S01010919,Couple family: No parents working,14,8,6
S01010919,Lone parent family: Total,42,27,15
S01010919,Lone parent family: Parent working,18,13,5
S01010919,Lone parent family: Parent not working,24,14,10
S01010920,All parents aged 16 and over with dependent children,119,62,57
S01010920,Couple family: Total,54,22,32
S01010920,Couple family: Both parents working,38,16,22
S01010920,Couple family: One parent working,8,2,6
S01010920,Couple family: No parents working,8,4,4
S01010920,Lone parent family: Total,65,40,25
S01010920,Lone parent family: Parent working,20,15,5
S01010920,Lone parent family: Parent not working,45,25,20
S01010921,All parents aged 16 and over with dependent children,120,56,64
S01010921,Couple family: Total,88,36,52
S01010921,Couple family: Both parents working,46,20,26
S01010921,Couple family: One parent working,26,6,20
S01010921,Couple family: No parents working,16,10,6
S01010921,Lone parent family: Total,32,20,12
S01010921,Lone parent family: Parent working,12,8,4
S01010921,Lone parent family: Parent not working,20,12,8
S01010922,All parents aged 16 and over with dependent children,157,78,79
S01010922,Couple family: Total,96,40,56
S01010922,Couple family: Both parents working,54,24,30
S01010922,Couple family: One parent working,30,14,16
S01010922,Couple family: No parents working,12,2,10
S01010922,Lone parent family: Total,61,38,23
S01010922,Lone parent family: Parent working,30,22,8
S01010922,Lone parent family: Parent not working,31,16,15
S01010923,All parents aged 16 and over with dependent children,156,79,77
S01010923,Couple family: Total,116,56,60
S01010923,Couple family: Both parents working,72,38,34
S01010923,Couple family: One parent working,34,16,18
S01010923,Couple family: No parents working,10,2,8
S01010923,Lone parent family: Total,40,23,17
S01010923,Lone parent family: Parent working,25,19,6
S01010923,Lone parent family: Parent not working,15,4,11
S01010924,All parents aged 16 and over with dependent children,105,48,57
S01010924,Couple family: Total,78,32,46
S01010924,Couple family: Both parents working,56,24,32
S01010924,Couple family: One parent working,12,4,8
S01010924,Couple family: No parents working,10,4,6
S01010924,Lone parent family: Total,27,16,11
S01010924,Lone parent family: Parent working,15,12,3
S01010924,Lone parent family: Parent not working,12,4,8
S01010925,All parents aged 16 and over with dependent children,180,90,90
S01010925,Couple family: Total,108,42,66
S01010925,Couple family: Both parents working,68,30,38
S01010925,Couple family: One parent working,28,4,24
S01010925,Couple family: No parents working,12,8,4
S01010925,Lone parent family: Total,72,48,24
S01010925,Lone parent family: Parent working,39,28,11
S01010925,Lone parent family: Parent not working,33,20,13
S01010926,All parents aged 16 and over with dependent children,135,73,62
S01010926,Couple family: Total,86,44,42
S01010926,Couple family: Both parents working,60,32,28
S01010926,Couple family: One parent working,22,10,12
S01010926,Couple family: No parents working,4,2,2
S01010926,Lone parent family: Total,49,29,20
S01010926,Lone parent family: Parent working,24,16,8
S01010926,Lone parent family: Parent not working,25,13,12
S01010927,All parents aged 16 and over with dependent children,117,61,56
S01010927,Couple family: Total,76,38,38
S01010927,Couple family: Both parents working,52,28,24
S01010927,Couple family: One parent working,20,6,14
S01010927,Couple family: No parents working,4,4,0
S01010927,Lone parent family: Total,41,23,18
S01010927,Lone parent family: Parent working,19,8,11
S01010927,Lone parent family: Parent not working,22,15,7
S01010928,All parents aged 16 and over with dependent children,162,77,85
S01010928,Couple family: Total,100,52,48
S01010928,Couple family: Both parents working,58,40,18
S01010928,Couple family: One parent working,28,8,20
S01010928,Couple family: No parents working,14,4,10
S01010928,Lone parent family: Total,62,25,37
S01010928,Lone parent family: Parent working,23,15,8
S01010928,Lone parent family: Parent not working,39,10,29
S01010929,All parents aged 16 and over with dependent children,130,65,65
S01010929,Couple family: Total,74,38,36
S01010929,Couple family: Both parents working,36,24,12
S01010929,Couple family: One parent working,20,6,14
S01010929,Couple family: No parents working,18,8,10
S01010929,Lone parent family: Total,56,27,29
S01010929,Lone parent family: Parent working,28,15,13
S01010929,Lone parent family: Parent not working,28,12,16
S01010930,All parents aged 16 and over with dependent children,220,104,116
S01010930,Couple family: Total,210,98,112
S01010930,Couple family: Both parents working,170,82,88
S01010930,Couple family: One parent working,36,14,22
S01010930,Couple family: No parents working,4,2,2
S01010930,Lone parent family: Total,10,6,4
S01010930,Lone parent family: Parent working,9,5,4
S01010930,Lone parent family: Parent not working,1,1,0
S01010931,All parents aged 16 and over with dependent children,73,32,41
S01010931,Couple family: Total,62,22,40
S01010931,Couple family: Both parents working,44,20,24
S01010931,Couple family: One parent working,16,2,14
S01010931,Couple family: No parents working,2,0,2
S01010931,Lone parent family: Total,11,10,1
S01010931,Lone parent family: Parent working,5,4,1
S01010931,Lone parent family: Parent not working,6,6,0
S01010932,All parents aged 16 and over with dependent children,106,47,59
S01010932,Couple family: Total,88,34,54
S01010932,Couple family: Both parents working,62,24,38
S01010932,Couple family: One parent working,22,8,14
S01010932,Couple family: No parents working,4,2,2
S01010932,Lone parent family: Total,18,13,5
S01010932,Lone parent family: Parent working,12,10,2
S01010932,Lone parent family: Parent not working,6,3,3
S01010933,All parents aged 16 and over with dependent children,221,103,118
S01010933,Couple family: Total,210,96,114
S01010933,Couple family: Both parents working,152,70,82
S01010933,Couple family: One parent working,50,22,28
S01010933,Couple family: No parents working,8,4,4
S01010933,Lone parent family: Total,11,7,4
S01010933,Lone parent family: Parent working,9,7,2
S01010933,Lone parent family: Parent not working,2,0,2
S01010934,All parents aged 16 and over with dependent children,233,89,144
S01010934,Couple family: Total,222,80,142
S01010934,Couple family: Both parents working,182,66,116
S01010934,Couple family: One parent working,38,12,26
S01010934,Couple family: No parents working,2,2,0
S01010934,Lone parent family: Total,11,9,2
S01010934,Lone parent family: Parent working,8,7,1
S01010934,Lone parent family: Parent not working,3,2,1
S01010935,All parents aged 16 and over with dependent children,96,35,61
S01010935,Couple family: Total,84,28,56
S01010935,Couple family: Both parents working,64,24,40
S01010935,Couple family: One parent working,16,4,12
S01010935,Couple family: No parents working,4,0,4
S01010935,Lone parent family: Total,12,7,5
S01010935,Lone parent family: Parent working,7,5,2
S01010935,Lone parent family: Parent not working,5,2,3
S01010936,All parents aged 16 and over with dependent children,70,32,38
S01010936,Couple family: Total,60,22,38
S01010936,Couple family: Both parents working,58,22,36
S01010936,Couple family: One parent working,0,0,0
S01010936,Couple family: No parents working,2,0,2
S01010936,Lone parent family: Total,10,10,0
S01010936,Lone parent family: Parent working,4,4,0
S01010936,Lone parent family: Parent not working,6,6,0
S01010937,All parents aged 16 and over with dependent children,125,58,67
S01010937,Couple family: Total,108,50,58
S01010937,Couple family: Both parents working,88,46,42
S01010937,Couple family: One parent working,20,4,16
S01010937,Couple family: No parents working,0,0,0
S01010937,Lone parent family: Total,17,8,9
S01010937,Lone parent family: Parent working,9,5,4
S01010937,Lone parent family: Parent not working,8,3,5
S01010938,All parents aged 16 and over with dependent children,162,74,88
S01010938,Couple family: Total,100,38,62
S01010938,Couple family: Both parents working,58,26,32
S01010938,Couple family: One parent working,28,8,20
S01010938,Couple family: No parents working,14,4,10
S01010938,Lone parent family: Total,62,36,26
S01010938,Lone parent family: Parent working,39,25,14
S01010938,Lone parent family: Parent not working,23,11,12
S01010939,All parents aged 16 and over with dependent children,114,47,67
S01010939,Couple family: Total,106,42,64
S01010939,Couple family: Both parents working,76,32,44
S01010939,Couple family: One parent working,26,6,20
S01010939,Couple family: No parents working,4,4,0
S01010939,Lone parent family: Total,8,5,3
S01010939,Lone parent family: Parent working,5,3,2
S01010939,Lone parent family: Parent not working,3,2,1
S01010940,All parents aged 16 and over with dependent children,130,57,73
S01010940,Couple family: Total,122,52,70
S01010940,Couple family: Both parents working,106,46,60
S01010940,Couple family: One parent working,16,6,10
S01010940,Couple family: No parents working,0,0,0
S01010940,Lone parent family: Total,8,5,3
S01010940,Lone parent family: Parent working,8,5,3
S01010940,Lone parent family: Parent not working,0,0,0
S01010941,All parents aged 16 and over with dependent children,196,84,112
S01010941,Couple family: Total,184,78,106
S01010941,Couple family: Both parents working,164,74,90
S01010941,Couple family: One parent working,18,4,14
S01010941,Couple family: No parents working,2,0,2
S01010941,Lone parent family: Total,12,6,6
S01010941,Lone parent family: Parent working,11,6,5
S01010941,Lone parent family: Parent not working,1,0,1
S01010942,All parents aged 16 and over with dependent children,129,57,72
S01010942,Couple family: Total,124,54,70
S01010942,Couple family: Both parents working,104,50,54
S01010942,Couple family: One parent working,18,2,16
S01010942,Couple family: No parents working,2,2,0
S01010942,Lone parent family: Total,5,3,2
S01010942,Lone parent family: Parent working,5,3,2
S01010942,Lone parent family: Parent not working,0,0,0
S01010943,All parents aged 16 and over with dependent children,130,52,78
S01010943,Couple family: Total,96,32,64
S01010943,Couple family: Both parents working,64,22,42
S01010943,Couple family: One parent working,20,8,12
S01010943,Couple family: No parents working,12,2,10
S01010943,Lone parent family: Total,34,20,14
S01010943,Lone parent family: Parent working,18,14,4
S01010943,Lone parent family: Parent not working,16,6,10
S01010944,All parents aged 16 and over with dependent children,107,66,41
S01010944,Couple family: Total,66,42,24
S01010944,Couple family: Both parents working,36,24,12
S01010944,Couple family: One parent working,20,12,8
S01010944,Couple family: No parents working,10,6,4
S01010944,Lone parent family: Total,41,24,17
S01010944,Lone parent family: Parent working,23,15,8
S01010944,Lone parent family: Parent not working,18,9,9
S01010945,All parents aged 16 and over with dependent children,99,42,57
S01010945,Couple family: Total,80,34,46
S01010945,Couple family: Both parents working,66,22,44
S01010945,Couple family: One parent working,12,10,2
S01010945,Couple family: No parents working,2,2,0
S01010945,Lone parent family: Total,19,8,11
S01010945,Lone parent family: Parent working,12,6,6
S01010945,Lone parent family: Parent not working,7,2,5
S01010946,All parents aged 16 and over with dependent children,164,84,80
S01010946,Couple family: Total,136,70,66
S01010946,Couple family: Both parents working,100,52,48
S01010946,Couple family: One parent working,26,12,14
S01010946,Couple family: No parents working,10,6,4
S01010946,Lone parent family: Total,28,14,14
S01010946,Lone parent family: Parent working,15,9,6
S01010946,Lone parent family: Parent not working,13,5,8
S01010947,All parents aged 16 and over with dependent children,93,51,42
S01010947,Couple family: Total,64,36,28
S01010947,Couple family: Both parents working,36,20,16
S01010947,Couple family: One parent working,26,16,10
S01010947,Couple family: No parents working,2,0,2
S01010947,Lone parent family: Total,29,15,14
S01010947,Lone parent family: Parent working,14,8,6
S01010947,Lone parent family: Parent not working,15,7,8
S01010948,All parents aged 16 and over with dependent children,137,66,71
S01010948,Couple family: Total,108,50,58
S01010948,Couple family: Both parents working,84,44,40
S01010948,Couple family: One parent working,20,6,14
S01010948,Couple family: No parents working,4,0,4
S01010948,Lone parent family: Total,29,16,13
S01010948,Lone parent family: Parent working,18,10,8
S01010948,Lone parent family: Parent not working,11,6,5
S01010949,All parents aged 16 and over with dependent children,216,82,134
S01010949,Couple family: Total,198,72,126
S01010949,Couple family: Both parents working,166,60,106
S01010949,Couple family: One parent working,32,12,20
S01010949,Couple family: No parents working,0,0,0
S01010949,Lone parent family: Total,18,10,8
S01010949,Lone parent family: Parent working,14,9,5
S01010949,Lone parent family: Parent not working,4,1,3
S01010950,All parents aged 16 and over with dependent children,160,74,86
S01010950,Couple family: Total,122,52,70
S01010950,Couple family: Both parents working,96,38,58
S01010950,Couple family: One parent working,24,14,10
S01010950,Couple family: No parents working,2,0,2
S01010950,Lone parent family: Total,38,22,16
S01010950,Lone parent family: Parent working,21,16,5
S01010950,Lone parent family: Parent not working,17,6,11
S01010951,All parents aged 16 and over with dependent children,140,71,69
S01010951,Couple family: Total,108,48,60
S01010951,Couple family: Both parents working,80,42,38
S01010951,Couple family: One parent working,28,6,22
S01010951,Couple family: No parents working,0,0,0
S01010951,Lone parent family: Total,32,23,9
S01010951,Lone parent family: Parent working,20,14,6
S01010951,Lone parent family: Parent not working,12,9,3
S01010952,All parents aged 16 and over with dependent children,148,63,85
S01010952,Couple family: Total,126,52,74
S01010952,Couple family: Both parents working,92,34,58
S01010952,Couple family: One parent working,24,10,14
S01010952,Couple family: No parents working,10,8,2
S01010952,Lone parent family: Total,22,11,11
S01010952,Lone parent family: Parent working,16,7,9
S01010952,Lone parent family: Parent not working,6,4,2
S01010953,All parents aged 16 and over with dependent children,119,67,52
S01010953,Couple family: Total,96,50,46
S01010953,Couple family: Both parents working,80,44,36
S01010953,Couple family: One parent working,16,6,10
S01010953,Couple family: No parents working,0,0,0
S01010953,Lone parent family: Total,23,17,6
S01010953,Lone parent family: Parent working,14,12,2
S01010953,Lone parent family: Parent not working,9,5,4
S01010954,All parents aged 16 and over with dependent children,101,50,51
S01010954,Couple family: Total,92,44,48
S01010954,Couple family: Both parents working,78,36,42
S01010954,Couple family: One parent working,14,8,6
S01010954,Couple family: No parents working,0,0,0
S01010954,Lone parent family: Total,9,6,3
S01010954,Lone parent family: Parent working,9,6,3
S01010954,Lone parent family: Parent not working,0,0,0
S01010955,All parents aged 16 and over with dependent children,315,127,188
S01010955,Couple family: Total,296,112,184
S01010955,Couple family: Both parents working,168,70,98
S01010955,Couple family: One parent working,110,38,72
S01010955,Couple family: No parents working,18,4,14
S01010955,Lone parent family: Total,19,15,4
S01010955,Lone parent family: Parent working,9,7,2
S01010955,Lone parent family: Parent not working,10,8,2
S01010956,All parents aged 16 and over with dependent children,135,65,70
S01010956,Couple family: Total,120,58,62
S01010956,Couple family: Both parents working,84,38,46
S01010956,Couple family: One parent working,34,18,16
S01010956,Couple family: No parents working,2,2,0
S01010956,Lone parent family: Total,15,7,8
S01010956,Lone parent family: Parent working,5,3,2
S01010956,Lone parent family: Parent not working,10,4,6
S01010957,All parents aged 16 and over with dependent children,117,41,76
S01010957,Couple family: Total,108,36,72
S01010957,Couple family: Both parents working,98,32,66
S01010957,Couple family: One parent working,8,2,6
S01010957,Couple family: No parents working,2,2,0
S01010957,Lone parent family: Total,9,5,4
S01010957,Lone parent family: Parent working,7,5,2
S01010957,Lone parent family: Parent not working,2,0,2
S01010958,All parents aged 16 and over with dependent children,63,25,38
S01010958,Couple family: Total,52,18,34
S01010958,Couple family: Both parents working,44,14,30
S01010958,Couple family: One parent working,6,2,4
S01010958,Couple family: No parents working,2,2,0
S01010958,Lone parent family: Total,11,7,4
S01010958,Lone parent family: Parent working,7,4,3
S01010958,Lone parent family: Parent not working,4,3,1
S01010959,All parents aged 16 and over with dependent children,124,73,51
S01010959,Couple family: Total,98,54,44
S01010959,Couple family: Both parents working,60,32,28
S01010959,Couple family: One parent working,34,22,12
S01010959,Couple family: No parents working,4,0,4
S01010959,Lone parent family: Total,26,19,7
S01010959,Lone parent family: Parent working,20,14,6
S01010959,Lone parent family: Parent not working,6,5,1
S01010960,All parents aged 16 and over with dependent children,233,88,145
S01010960,Couple family: Total,200,74,126
S01010960,Couple family: Both parents working,136,50,86
S01010960,Couple family: One parent working,44,14,30
S01010960,Couple family: No parents working,20,10,10
S01010960,Lone parent family: Total,33,14,19
S01010960,Lone parent family: Parent working,15,8,7
S01010960,Lone parent family: Parent not working,18,6,12
S01010961,All parents aged 16 and over with dependent children,99,45,54
S01010961,Couple family: Total,74,28,46
S01010961,Couple family: Both parents working,54,26,28
S01010961,Couple family: One parent working,12,2,10
S01010961,Couple family: No parents working,8,0,8
S01010961,Lone parent family: Total,25,17,8
S01010961,Lone parent family: Parent working,17,15,2
S01010961,Lone parent family: Parent not working,8,2,6
S01010962,All parents aged 16 and over with dependent children,39,25,14
S01010962,Couple family: Total,36,22,14
S01010962,Couple family: Both parents working,22,14,8
S01010962,Couple family: One parent working,12,6,6
S01010962,Couple family: No parents working,2,2,0
S01010962,Lone parent family: Total,3,3,0
S01010962,Lone parent family: Parent working,3,3,0
S01010962,Lone parent family: Parent not working,0,0,0
S01010963,All parents aged 16 and over with dependent children,226,104,122
S01010963,Couple family: Total,200,88,112
S01010963,Couple family: Both parents working,166,76,90
S01010963,Couple family: One parent working,30,8,22
S01010963,Couple family: No parents working,4,4,0
S01010963,Lone parent family: Total,26,16,10
S01010963,Lone parent family: Parent working,19,10,9
S01010963,Lone parent family: Parent not working,7,6,1
S01010964,All parents aged 16 and over with dependent children,89,28,61
S01010964,Couple family: Total,80,24,56
S01010964,Couple family: Both parents working,62,20,42
S01010964,Couple family: One parent working,18,4,14
S01010964,Couple family: No parents working,0,0,0
S01010964,Lone parent family: Total,9,4,5
S01010964,Lone parent family: Parent working,7,3,4
S01010964,Lone parent family: Parent not working,2,1,1
S01010965,All parents aged 16 and over with dependent children,88,47,41
S01010965,Couple family: Total,50,24,26
S01010965,Couple family: Both parents working,26,16,10
S01010965,Couple family: One parent working,18,4,14
S01010965,Couple family: No parents working,6,4,2
S01010965,Lone parent family: Total,38,23,15
S01010965,Lone parent family: Parent working,22,15,7
S01010965,Lone parent family: Parent not working,16,8,8
S01010966,All parents aged 16 and over with dependent children,143,71,72
S01010966,Couple family: Total,122,58,64
S01010966,Couple family: Both parents working,94,40,54
S01010966,Couple family: One parent working,20,12,8
S01010966,Couple family: No parents working,8,6,2
S01010966,Lone parent family: Total,21,13,8
S01010966,Lone parent family: Parent working,14,10,4
S01010966,Lone parent family: Parent not working,7,3,4
S01010967,All parents aged 16 and over with dependent children,150,68,82
S01010967,Couple family: Total,104,38,66
S01010967,Couple family: Both parents working,68,30,38
S01010967,Couple family: One parent working,22,4,18
S01010967,Couple family: No parents working,14,4,10
S01010967,Lone parent family: Total,46,30,16
S01010967,Lone parent family: Parent working,25,14,11
S01010967,Lone parent family: Parent not working,21,16,5
S01010968,All parents aged 16 and over with dependent children,127,55,72
S01010968,Couple family: Total,104,46,58
S01010968,Couple family: Both parents working,82,40,42
S01010968,Couple family: One parent working,20,6,14
S01010968,Couple family: No parents working,2,0,2
S01010968,Lone parent family: Total,23,9,14
S01010968,Lone parent family: Parent working,10,4,6
S01010968,Lone parent family: Parent not working,13,5,8
S01010969,All parents aged 16 and over with dependent children,72,31,41
S01010969,Couple family: Total,58,24,34
S01010969,Couple family: Both parents working,44,14,30
S01010969,Couple family: One parent working,10,6,4
S01010969,Couple family: No parents working,4,4,0
S01010969,Lone parent family: Total,14,7,7
S01010969,Lone parent family: Parent working,10,5,5
S01010969,Lone parent family: Parent not working,4,2,2
S01010970,All parents aged 16 and over with dependent children,181,77,104
S01010970,Couple family: Total,152,58,94
S01010970,Couple family: Both parents working,114,50,64
S01010970,Couple family: One parent working,34,6,28
S01010970,Couple family: No parents working,4,2,2
S01010970,Lone parent family: Total,29,19,10
S01010970,Lone parent family: Parent working,17,10,7
S01010970,Lone parent family: Parent not working,12,9,3
S01010971,All parents aged 16 and over with dependent children,243,100,143
S01010971,Couple family: Total,188,74,114
S01010971,Couple family: Both parents working,154,68,86
S01010971,Couple family: One parent working,32,6,26
S01010971,Couple family: No parents working,2,0,2
S01010971,Lone parent family: Total,55,26,29
S01010971,Lone parent family: Parent working,30,16,14
S01010971,Lone parent family: Parent not working,25,10,15
S01010972,All parents aged 16 and over with dependent children,212,101,111
S01010972,Couple family: Total,158,70,88
S01010972,Couple family: Both parents working,100,50,50
S01010972,Couple family: One parent working,48,16,32
S01010972,Couple family: No parents working,10,4,6
S01010972,Lone parent family: Total,54,31,23
S01010972,Lone parent family: Parent working,34,23,11
S01010972,Lone parent family: Parent not working,20,8,12
S01010973,All parents aged 16 and over with dependent children,79,33,46
S01010973,Couple family: Total,66,28,38
S01010973,Couple family: Both parents working,50,22,28
S01010973,Couple family: One parent working,12,4,8
S01010973,Couple family: No parents working,4,2,2
S01010973,Lone parent family: Total,13,5,8
S01010973,Lone parent family: Parent working,6,3,3
S01010973,Lone parent family: Parent not working,7,2,5
S01010974,All parents aged 16 and over with dependent children,120,65,55
S01010974,Couple family: Total,100,54,46
S01010974,Couple family: Both parents working,70,40,30
S01010974,Couple family: One parent working,22,6,16
S01010974,Couple family: No parents working,8,8,0
S01010974,Lone parent family: Total,20,11,9
S01010974,Lone parent family: Parent working,11,9,2
S01010974,Lone parent family: Parent not working,9,2,7
S01010975,All parents aged 16 and over with dependent children,110,49,61
S01010975,Couple family: Total,90,38,52
S01010975,Couple family: Both parents working,50,26,24
S01010975,Couple family: One parent working,26,6,20
S01010975,Couple family: No parents working,14,6,8
S01010975,Lone parent family: Total,20,11,9
S01010975,Lone parent family: Parent working,6,4,2
S01010975,Lone parent family: Parent not working,14,7,7
S01010976,All parents aged 16 and over with dependent children,105,64,41
S01010976,Couple family: Total,90,56,34
S01010976,Couple family: Both parents working,68,40,28
S01010976,Couple family: One parent working,14,10,4
S01010976,Couple family: No parents working,8,6,2
S01010976,Lone parent family: Total,15,8,7
S01010976,Lone parent family: Parent working,7,4,3
S01010976,Lone parent family: Parent not working,8,4,4
S01010977,All parents aged 16 and over with dependent children,152,70,82
S01010977,Couple family: Total,128,56,72
S01010977,Couple family: Both parents working,102,42,60
S01010977,Couple family: One parent working,24,12,12
S01010977,Couple family: No parents working,2,2,0
S01010977,Lone parent family: Total,24,14,10
S01010977,Lone parent family: Parent working,17,11,6
S01010977,Lone parent family: Parent not working,7,3,4
S01010978,All parents aged 16 and over with dependent children,137,77,60
S01010978,Couple family: Total,88,46,42
S01010978,Couple family: Both parents working,52,26,26
S01010978,Couple family: One parent working,24,12,12
S01010978,Couple family: No parents working,12,8,4
S01010978,Lone parent family: Total,49,31,18
S01010978,Lone parent family: Parent working,25,16,9
S01010978,Lone parent family: Parent not working,24,15,9
S01010979,All parents aged 16 and over with dependent children,195,91,104
S01010979,Couple family: Total,162,70,92
S01010979,Couple family: Both parents working,116,54,62
S01010979,Couple family: One parent working,38,16,22
S01010979,Couple family: No parents working,8,0,8
S01010979,Lone parent family: Total,33,21,12
S01010979,Lone parent family: Parent working,22,17,5
S01010979,Lone parent family: Parent not working,11,4,7
S01010980,All parents aged 16 and over with dependent children,136,54,82
S01010980,Couple family: Total,106,38,68
S01010980,Couple family: Both parents working,92,36,56
S01010980,Couple family: One parent working,12,2,10
S01010980,Couple family: No parents working,2,0,2
S01010980,Lone parent family: Total,30,16,14
S01010980,Lone parent family: Parent working,21,8,13
S01010980,Lone parent family: Parent not working,9,8,1
S01010981,All parents aged 16 and over with dependent children,142,70,72
S01010981,Couple family: Total,116,54,62
S01010981,Couple family: Both parents working,82,32,50
S01010981,Couple family: One parent working,26,16,10
S01010981,Couple family: No parents working,8,6,2
S01010981,Lone parent family: Total,26,16,10
S01010981,Lone parent family: Parent working,15,11,4
S01010981,Lone parent family: Parent not working,11,5,6
S01010982,All parents aged 16 and over with dependent children,190,89,101
S01010982,Couple family: Total,180,84,96
S01010982,Couple family: Both parents working,150,76,74
S01010982,Couple family: One parent working,28,8,20
S01010982,Couple family: No parents working,2,0,2
S01010982,Lone parent family: Total,10,5,5
S01010982,Lone parent family: Parent working,5,3,2
S01010982,Lone parent family: Parent not working,5,2,3
S01010983,All parents aged 16 and over with dependent children,158,98,60
S01010983,Couple family: Total,128,74,54
S01010983,Couple family: Both parents working,108,58,50
S01010983,Couple family: One parent working,18,14,4
S01010983,Couple family: No parents working,2,2,0
S01010983,Lone parent family: Total,30,24,6
S01010983,Lone parent family: Parent working,17,13,4
S01010983,Lone parent family: Parent not working,13,11,2
S01010984,All parents aged 16 and over with dependent children,122,69,53
S01010984,Couple family: Total,108,60,48
S01010984,Couple family: Both parents working,72,44,28
S01010984,Couple family: One parent working,24,12,12
S01010984,Couple family: No parents working,12,4,8
S01010984,Lone parent family: Total,14,9,5
S01010984,Lone parent family: Parent working,11,6,5
S01010984,Lone parent family: Parent not working,3,3,0
S01010985,All parents aged 16 and over with dependent children,139,57,82
S01010985,Couple family: Total,110,42,68
S01010985,Couple family: Both parents working,84,32,52
S01010985,Couple family: One parent working,20,6,14
S01010985,Couple family: No parents working,6,4,2
S01010985,Lone parent family: Total,29,15,14
S01010985,Lone parent family: Parent working,20,10,10
S01010985,Lone parent family: Parent not working,9,5,4
S01010986,All parents aged 16 and over with dependent children,181,82,99
S01010986,Couple family: Total,178,80,98
S01010986,Couple family: Both parents working,146,66,80
S01010986,Couple family: One parent working,30,14,16
S01010986,Couple family: No parents working,2,0,2
S01010986,Lone parent family: Total,3,2,1
S01010986,Lone parent family: Parent working,2,2,0
S01010986,Lone parent family: Parent not working,1,0,1
S01010987,All parents aged 16 and over with dependent children,242,81,161
S01010987,Couple family: Total,232,76,156
S01010987,Couple family: Both parents working,190,68,122
S01010987,Couple family: One parent working,40,8,32
S01010987,Couple family: No parents working,2,0,2
S01010987,Lone parent family: Total,10,5,5
S01010987,Lone parent family: Parent working,6,4,2
S01010987,Lone parent family: Parent not working,4,1,3
S01010988,All parents aged 16 and over with dependent children,218,73,145
S01010988,Couple family: Total,202,64,138
S01010988,Couple family: Both parents working,170,56,114
S01010988,Couple family: One parent working,28,6,22
S01010988,Couple family: No parents working,4,2,2
S01010988,Lone parent family: Total,16,9,7
S01010988,Lone parent family: Parent working,13,7,6
S01010988,Lone parent family: Parent not working,3,2,1
S01010989,All parents aged 16 and over with dependent children,288,156,132
S01010989,Couple family: Total,274,146,128
S01010989,Couple family: Both parents working,244,134,110
S01010989,Couple family: One parent working,30,12,18
S01010989,Couple family: No parents working,0,0,0
S01010989,Lone parent family: Total,14,10,4
S01010989,Lone parent family: Parent working,11,7,4
S01010989,Lone parent family: Parent not working,3,3,0
S01010990,All parents aged 16 and over with dependent children,171,76,95
S01010990,Couple family: Total,144,64,80
S01010990,Couple family: Both parents working,112,50,62
S01010990,Couple family: One parent working,22,10,12
S01010990,Couple family: No parents working,10,4,6
S01010990,Lone parent family: Total,27,12,15
S01010990,Lone parent family: Parent working,18,10,8
S01010990,Lone parent family: Parent not working,9,2,7
S01010991,All parents aged 16 and over with dependent children,115,60,55
S01010991,Couple family: Total,102,54,48
S01010991,Couple family: Both parents working,82,50,32
S01010991,Couple family: One parent working,18,2,16
S01010991,Couple family: No parents working,2,2,0
S01010991,Lone parent family: Total,13,6,7
S01010991,Lone parent family: Parent working,10,4,6
S01010991,Lone parent family: Parent not working,3,2,1
S01010992,All parents aged 16 and over with dependent children,210,68,142
S01010992,Couple family: Total,202,64,138
S01010992,Couple family: Both parents working,152,52,100
S01010992,Couple family: One parent working,46,12,34
S01010992,Couple family: No parents working,4,0,4
S01010992,Lone parent family: Total,8,4,4
S01010992,Lone parent family: Parent working,6,2,4
S01010992,Lone parent family: Parent not working,2,2,0
S01010993,All parents aged 16 and over with dependent children,154,69,85
S01010993,Couple family: Total,138,62,76
S01010993,Couple family: Both parents working,110,54,56
S01010993,Couple family: One parent working,24,8,16
S01010993,Couple family: No parents working,4,0,4
S01010993,Lone parent family: Total,16,7,9
S01010993,Lone parent family: Parent working,12,7,5
S01010993,Lone parent family: Parent not working,4,0,4
S01010994,All parents aged 16 and over with dependent children,249,105,144
S01010994,Couple family: Total,232,94,138
S01010994,Couple family: Both parents working,192,84,108
S01010994,Couple family: One parent working,36,6,30
S01010994,Couple family: No parents working,4,4,0
S01010994,Lone parent family: Total,17,11,6
S01010994,Lone parent family: Parent working,12,8,4
S01010994,Lone parent family: Parent not working,5,3,2
S01010995,All parents aged 16 and over with dependent children,139,64,75
S01010995,Couple family: Total,128,56,72
S01010995,Couple family: Both parents working,112,48,64
S01010995,Couple family: One parent working,12,4,8
S01010995,Couple family: No parents working,4,4,0
S01010995,Lone parent family: Total,11,8,3
S01010995,Lone parent family: Parent working,7,7,0
S01010995,Lone parent family: Parent not working,4,1,3
S01010996,All parents aged 16 and over with dependent children,137,71,66
S01010996,Couple family: Total,134,68,66
S01010996,Couple family: Both parents working,112,64,48
S01010996,Couple family: One parent working,20,4,16
S01010996,Couple family: No parents working,2,0,2
S01010996,Lone parent family: Total,3,3,0
S01010996,Lone parent family: Parent working,2,2,0
S01010996,Lone parent family: Parent not working,1,1,0
S01010997,All parents aged 16 and over with dependent children,99,43,56
S01010997,Couple family: Total,96,40,56
S01010997,Couple family: Both parents working,80,38,42
S01010997,Couple family: One parent working,12,2,10
S01010997,Couple family: No parents working,4,0,4
S01010997,Lone parent family: Total,3,3,0
S01010997,Lone parent family: Parent working,3,3,0
S01010997,Lone parent family: Parent not working,0,0,0
S01010998,All parents aged 16 and over with dependent children,134,42,92
S01010998,Couple family: Total,126,36,90
S01010998,Couple family: Both parents working,90,26,64
S01010998,Couple family: One parent working,28,6,22
S01010998,Couple family: No parents working,8,4,4
S01010998,Lone parent family: Total,8,6,2
S01010998,Lone parent family: Parent working,7,6,1
S01010998,Lone parent family: Parent not working,1,0,1
S01010999,All parents aged 16 and over with dependent children,166,44,122
S01010999,Couple family: Total,158,40,118
S01010999,Couple family: Both parents working,118,38,80
S01010999,Couple family: One parent working,36,2,34
S01010999,Couple family: No parents working,4,0,4
S01010999,Lone parent family: Total,8,4,4
S01010999,Lone parent family: Parent working,7,3,4
S01010999,Lone parent family: Parent not working,1,1,0
S01011000,All parents aged 16 and over with dependent children,177,83,94
S01011000,Couple family: Total,148,66,82
S01011000,Couple family: Both parents working,100,50,50
S01011000,Couple family: One parent working,44,14,30
S01011000,Couple family: No parents working,4,2,2
S01011000,Lone parent family: Total,29,17,12
S01011000,Lone parent family: Parent working,17,14,3
S01011000,Lone parent family: Parent not working,12,3,9
S01011001,All parents aged 16 and over with dependent children,133,59,74
S01011001,Couple family: Total,112,46,66
S01011001,Couple family: Both parents working,88,40,48
S01011001,Couple family: One parent working,16,4,12
S01011001,Couple family: No parents working,8,2,6
S01011001,Lone parent family: Total,21,13,8
S01011001,Lone parent family: Parent working,12,8,4
S01011001,Lone parent family: Parent not working,9,5,4
S01011002,All parents aged 16 and over with dependent children,124,66,58
S01011002,Couple family: Total,94,44,50
S01011002,Couple family: Both parents working,64,32,32
S01011002,Couple family: One parent working,24,10,14
S01011002,Couple family: No parents working,6,2,4
S01011002,Lone parent family: Total,30,22,8
S01011002,Lone parent family: Parent working,22,17,5
S01011002,Lone parent family: Parent not working,8,5,3
S01011003,All parents aged 16 and over with dependent children,154,70,84
S01011003,Couple family: Total,128,54,74
S01011003,Couple family: Both parents working,80,36,44
S01011003,Couple family: One parent working,36,14,22
S01011003,Couple family: No parents working,12,4,8
S01011003,Lone parent family: Total,26,16,10
S01011003,Lone parent family: Parent working,15,8,7
S01011003,Lone parent family: Parent not working,11,8,3
S01011004,All parents aged 16 and over with dependent children,164,71,93
S01011004,Couple family: Total,138,58,80
S01011004,Couple family: Both parents working,108,42,66
S01011004,Couple family: One parent working,24,12,12
S01011004,Couple family: No parents working,6,4,2
S01011004,Lone parent family: Total,26,13,13
S01011004,Lone parent family: Parent working,17,10,7
S01011004,Lone parent family: Parent not working,9,3,6
S01011005,All parents aged 16 and over with dependent children,119,63,56
S01011005,Couple family: Total,90,44,46
S01011005,Couple family: Both parents working,52,28,24
S01011005,Couple family: One parent working,34,14,20
S01011005,Couple family: No parents working,4,2,2
S01011005,Lone parent family: Total,29,19,10
S01011005,Lone parent family: Parent working,19,15,4
S01011005,Lone parent family: Parent not working,10,4,6
S01011006,All parents aged 16 and over with dependent children,213,131,82
S01011006,Couple family: Total,184,114,70
S01011006,Couple family: Both parents working,152,102,50
S01011006,Couple family: One parent working,18,8,10
S01011006,Couple family: No parents working,14,4,10
S01011006,Lone parent family: Total,29,17,12
S01011006,Lone parent family: Parent working,16,12,4
S01011006,Lone parent family: Parent not working,13,5,8
S01011007,All parents aged 16 and over with dependent children,150,72,78
S01011007,Couple family: Total,112,52,60
S01011007,Couple family: Both parents working,90,44,46
S01011007,Couple family: One parent working,12,4,8
S01011007,Couple family: No parents working,10,4,6
S01011007,Lone parent family: Total,38,20,18
S01011007,Lone parent family: Parent working,25,15,10
S01011007,Lone parent family: Parent not working,13,5,8
S01011008,All parents aged 16 and over with dependent children,133,55,78
S01011008,Couple family: Total,108,42,66
S01011008,Couple family: Both parents working,78,28,50
S01011008,Couple family: One parent working,24,12,12
S01011008,Couple family: No parents working,6,2,4
S01011008,Lone parent family: Total,25,13,12
S01011008,Lone parent family: Parent working,17,12,5
S01011008,Lone parent family: Parent not working,8,1,7
S01011009,All parents aged 16 and over with dependent children,101,47,54
S01011009,Couple family: Total,80,34,46
S01011009,Couple family: Both parents working,54,26,28
S01011009,Couple family: One parent working,24,6,18
S01011009,Couple family: No parents working,2,2,0
S01011009,Lone parent family: Total,21,13,8
S01011009,Lone parent family: Parent working,15,11,4
S01011009,Lone parent family: Parent not working,6,2,4
S01011010,All parents aged 16 and over with dependent children,73,45,28
S01011010,Couple family: Total,52,28,24
S01011010,Couple family: Both parents working,28,12,16
S01011010,Couple family: One parent working,14,8,6
S01011010,Couple family: No parents working,10,8,2
S01011010,Lone parent family: Total,21,17,4
S01011010,Lone parent family: Parent working,8,7,1
S01011010,Lone parent family: Parent not working,13,10,3
S01011011,All parents aged 16 and over with dependent children,110,62,48
S01011011,Couple family: Total,64,30,34
S01011011,Couple family: Both parents working,44,22,22
S01011011,Couple family: One parent working,18,8,10
S01011011,Couple family: No parents working,2,0,2
S01011011,Lone parent family: Total,46,32,14
S01011011,Lone parent family: Parent working,23,19,4
S01011011,Lone parent family: Parent not working,23,13,10
S01011012,All parents aged 16 and over with dependent children,170,82,88
S01011012,Couple family: Total,110,52,58
S01011012,Couple family: Both parents working,64,36,28
S01011012,Couple family: One parent working,26,10,16
S01011012,Couple family: No parents working,20,6,14
S01011012,Lone parent family: Total,60,30,30
S01011012,Lone parent family: Parent working,31,16,15
S01011012,Lone parent family: Parent not working,29,14,15
S01011013,All parents aged 16 and over with dependent children,161,86,75
S01011013,Couple family: Total,134,66,68
S01011013,Couple family: Both parents working,102,50,52
S01011013,Couple family: One parent working,30,16,14
S01011013,Couple family: No parents working,2,0,2
S01011013,Lone parent family: Total,27,20,7
S01011013,Lone parent family: Parent working,18,15,3
S01011013,Lone parent family: Parent not working,9,5,4
S01011014,All parents aged 16 and over with dependent children,166,99,67
S01011014,Couple family: Total,132,70,62
S01011014,Couple family: Both parents working,110,60,50
S01011014,Couple family: One parent working,16,4,12
S01011014,Couple family: No parents working,6,6,0
S01011014,Lone parent family: Total,34,29,5
S01011014,Lone parent family: Parent working,17,15,2
S01011014,Lone parent family: Parent not working,17,14,3
S01011015,All parents aged 16 and over with dependent children,72,35,37
S01011015,Couple family: Total,56,26,30
S01011015,Couple family: Both parents working,50,24,26
S01011015,Couple family: One parent working,4,2,2
S01011015,Couple family: No parents working,2,0,2
S01011015,Lone parent family: Total,16,9,7
S01011015,Lone parent family: Parent working,6,4,2
S01011015,Lone parent family: Parent not working,10,5,5
S01011016,All parents aged 16 and over with dependent children,272,140,132
S01011016,Couple family: Total,254,126,128
S01011016,Couple family: Both parents working,214,112,102
S01011016,Couple family: One parent working,36,14,22
S01011016,Couple family: No parents working,4,0,4
S01011016,Lone parent family: Total,18,14,4
S01011016,Lone parent family: Parent working,15,11,4
S01011016,Lone parent family: Parent not working,3,3,0
S01011017,All parents aged 16 and over with dependent children,177,87,90
S01011017,Couple family: Total,160,76,84
S01011017,Couple family: Both parents working,134,70,64
S01011017,Couple family: One parent working,22,4,18
S01011017,Couple family: No parents working,4,2,2
S01011017,Lone parent family: Total,17,11,6
S01011017,Lone parent family: Parent working,13,8,5
S01011017,Lone parent family: Parent not working,4,3,1
S01011018,All parents aged 16 and over with dependent children,179,69,110
S01011018,Couple family: Total,164,58,106
S01011018,Couple family: Both parents working,120,40,80
S01011018,Couple family: One parent working,34,14,20
S01011018,Couple family: No parents working,10,4,6
S01011018,Lone parent family: Total,15,11,4
S01011018,Lone parent family: Parent working,10,8,2
S01011018,Lone parent family: Parent not working,5,3,2
S01011019,All parents aged 16 and over with dependent children,248,109,139
S01011019,Couple family: Total,220,94,126
S01011019,Couple family: Both parents working,166,76,90
S01011019,Couple family: One parent working,50,16,34
S01011019,Couple family: No parents working,4,2,2
S01011019,Lone parent family: Total,28,15,13
S01011019,Lone parent family: Parent working,10,5,5
S01011019,Lone parent family: Parent not working,18,10,8
S01011020,All parents aged 16 and over with dependent children,105,41,64
S01011020,Couple family: Total,96,36,60
S01011020,Couple family: Both parents working,80,28,52
S01011020,Couple family: One parent working,14,8,6
S01011020,Couple family: No parents working,2,0,2
S01011020,Lone parent family: Total,9,5,4
S01011020,Lone parent family: Parent working,4,2,2
S01011020,Lone parent family: Parent not working,5,3,2
S01011021,All parents aged 16 and over with dependent children,157,70,87
S01011021,Couple family: Total,124,56,68
S01011021,Couple family: Both parents working,80,42,38
S01011021,Couple family: One parent working,32,12,20
S01011021,Couple family: No parents working,12,2,10
S01011021,Lone parent family: Total,33,14,19
S01011021,Lone parent family: Parent working,13,7,6
S01011021,Lone parent family: Parent not working,20,7,13
S01011022,All parents aged 16 and over with dependent children,128,60,68
S01011022,Couple family: Total,90,40,50
S01011022,Couple family: Both parents working,56,30,26
S01011022,Couple family: One parent working,24,6,18
S01011022,Couple family: No parents working,10,4,6
S01011022,Lone parent family: Total,38,20,18
S01011022,Lone parent family: Parent working,24,15,9
S01011022,Lone parent family: Parent not working,14,5,9
S01011023,All parents aged 16 and over with dependent children,176,93,83
S01011023,Couple family: Total,146,80,66
S01011023,Couple family: Both parents working,102,62,40
S01011023,Couple family: One parent working,32,14,18
S01011023,Couple family: No parents working,12,4,8
S01011023,Lone parent family: Total,30,13,17
S01011023,Lone parent family: Parent working,13,6,7
S01011023,Lone parent family: Parent not working,17,7,10
S01011024,All parents aged 16 and over with dependent children,194,103,91
S01011024,Couple family: Total,134,70,64
S01011024,Couple family: Both parents working,78,46,32
S01011024,Couple family: One parent working,36,18,18
S01011024,Couple family: No parents working,20,6,14
S01011024,Lone parent family: Total,60,33,27
S01011024,Lone parent family: Parent working,30,17,13
S01011024,Lone parent family: Parent not working,30,16,14
S01011025,All parents aged 16 and over with dependent children,148,80,68
S01011025,Couple family: Total,110,50,60
S01011025,Couple family: Both parents working,80,38,42
S01011025,Couple family: One parent working,20,8,12
S01011025,Couple family: No parents working,10,4,6
S01011025,Lone parent family: Total,38,30,8
S01011025,Lone parent family: Parent working,25,19,6
S01011025,Lone parent family: Parent not working,13,11,2
S01011026,All parents aged 16 and over with dependent children,115,68,47
S01011026,Couple family: Total,94,52,42
S01011026,Couple family: Both parents working,48,26,22
S01011026,Couple family: One parent working,32,18,14
S01011026,Couple family: No parents working,14,8,6
S01011026,Lone parent family: Total,21,16,5
S01011026,Lone parent family: Parent working,10,8,2
S01011026,Lone parent family: Parent not working,11,8,3
S01011027,All parents aged 16 and over with dependent children,232,121,111
S01011027,Couple family: Total,158,72,86
S01011027,Couple family: Both parents working,106,54,52
S01011027,Couple family: One parent working,38,14,24
S01011027,Couple family: No parents working,14,4,10
S01011027,Lone parent family: Total,74,49,25
S01011027,Lone parent family: Parent working,33,23,10
S01011027,Lone parent family: Parent not working,41,26,15
S01011028,All parents aged 16 and over with dependent children,247,131,116
S01011028,Couple family: Total,172,86,86
S01011028,Couple family: Both parents working,90,50,40
S01011028,Couple family: One parent working,54,22,32
S01011028,Couple family: No parents working,28,14,14
S01011028,Lone parent family: Total,75,45,30
S01011028,Lone parent family: Parent working,26,15,11
S01011028,Lone parent family: Parent not working,49,30,19
S01011029,All parents aged 16 and over with dependent children,131,54,77
S01011029,Couple family: Total,108,38,70
S01011029,Couple family: Both parents working,82,34,48
S01011029,Couple family: One parent working,24,2,22
S01011029,Couple family: No parents working,2,2,0
S01011029,Lone parent family: Total,23,16,7
S01011029,Lone parent family: Parent working,9,7,2
S01011029,Lone parent family: Parent not working,14,9,5
S01011030,All parents aged 16 and over with dependent children,228,117,111
S01011030,Couple family: Total,204,102,102
S01011030,Couple family: Both parents working,170,90,80
S01011030,Couple family: One parent working,28,12,16
S01011030,Couple family: No parents working,6,0,6
S01011030,Lone parent family: Total,24,15,9
S01011030,Lone parent family: Parent working,19,10,9
S01011030,Lone parent family: Parent not working,5,5,0
S01011031,All parents aged 16 and over with dependent children,159,77,82
S01011031,Couple family: Total,118,52,66
S01011031,Couple family: Both parents working,80,40,40
S01011031,Couple family: One parent working,28,6,22
S01011031,Couple family: No parents working,10,6,4
S01011031,Lone parent family: Total,41,25,16
S01011031,Lone parent family: Parent working,24,18,6
S01011031,Lone parent family: Parent not working,17,7,10
S01011032,All parents aged 16 and over with dependent children,142,85,57
S01011032,Couple family: Total,96,52,44
S01011032,Couple family: Both parents working,70,40,30
S01011032,Couple family: One parent working,18,8,10
S01011032,Couple family: No parents working,8,4,4
S01011032,Lone parent family: Total,46,33,13
S01011032,Lone parent family: Parent working,24,23,1
S01011032,Lone parent family: Parent not working,22,10,12
S01011033,All parents aged 16 and over with dependent children,139,68,71
S01011033,Couple family: Total,128,60,68
S01011033,Couple family: Both parents working,94,42,52
S01011033,Couple family: One parent working,30,18,12
S01011033,Couple family: No parents working,4,0,4
S01011033,Lone parent family: Total,11,8,3
S01011033,Lone parent family: Parent working,10,8,2
S01011033,Lone parent family: Parent not working,1,0,1
S01011034,All parents aged 16 and over with dependent children,122,63,59
S01011034,Couple family: Total,108,50,58
S01011034,Couple family: Both parents working,76,42,34
S01011034,Couple family: One parent working,26,8,18
S01011034,Couple family: No parents working,6,0,6
S01011034,Lone parent family: Total,14,13,1
S01011034,Lone parent family: Parent working,7,6,1
S01011034,Lone parent family: Parent not working,7,7,0
S01011035,All parents aged 16 and over with dependent children,161,89,72
S01011035,Couple family: Total,130,68,62
S01011035,Couple family: Both parents working,72,28,44
S01011035,Couple family: One parent working,42,26,16
S01011035,Couple family: No parents working,16,14,2
S01011035,Lone parent family: Total,31,21,10
S01011035,Lone parent family: Parent working,20,14,6
S01011035,Lone parent family: Parent not working,11,7,4
S01011036,All parents aged 16 and over with dependent children,153,93,60
S01011036,Couple family: Total,134,82,52
S01011036,Couple family: Both parents working,102,64,38
S01011036,Couple family: One parent working,26,18,8
S01011036,Couple family: No parents working,6,0,6
S01011036,Lone parent family: Total,19,11,8
S01011036,Lone parent family: Parent working,12,8,4
S01011036,Lone parent family: Parent not working,7,3,4
S01011037,All parents aged 16 and over with dependent children,250,130,120
S01011037,Couple family: Total,200,96,104
S01011037,Couple family: Both parents working,106,52,54
S01011037,Couple family: One parent working,64,24,40
S01011037,Couple family: No parents working,30,20,10
S01011037,Lone parent family: Total,50,34,16
S01011037,Lone parent family: Parent working,26,20,6
S01011037,Lone parent family: Parent not working,24,14,10
S01011038,All parents aged 16 and over with dependent children,196,73,123
S01011038,Couple family: Total,150,52,98
S01011038,Couple family: Both parents working,86,34,52
S01011038,Couple family: One parent working,54,16,38
S01011038,Couple family: No parents working,10,2,8
S01011038,Lone parent family: Total,46,21,25
S01011038,Lone parent family: Parent working,16,11,5
S01011038,Lone parent family: Parent not working,30,10,20
S01011039,All parents aged 16 and over with dependent children,151,95,56
S01011039,Couple family: Total,136,84,52
S01011039,Couple family: Both parents working,104,68,36
S01011039,Couple family: One parent working,26,10,16
S01011039,Couple family: No parents working,6,6,0
S01011039,Lone parent family: Total,15,11,4
S01011039,Lone parent family: Parent working,9,8,1
S01011039,Lone parent family: Parent not working,6,3,3
S01011040,All parents aged 16 and over with dependent children,176,72,104
S01011040,Couple family: Total,130,54,76
S01011040,Couple family: Both parents working,84,38,46
S01011040,Couple family: One parent working,30,12,18
S01011040,Couple family: No parents working,16,4,12
S01011040,Lone parent family: Total,46,18,28
S01011040,Lone parent family: Parent working,18,7,11
S01011040,Lone parent family: Parent not working,28,11,17
S01011041,All parents aged 16 and over with dependent children,189,64,125
S01011041,Couple family: Total,128,32,96
S01011041,Couple family: Both parents working,80,22,58
S01011041,Couple family: One parent working,32,6,26
S01011041,Couple family: No parents working,16,4,12
S01011041,Lone parent family: Total,61,32,29
S01011041,Lone parent family: Parent working,28,18,10
S01011041,Lone parent family: Parent not working,33,14,19
S01011042,All parents aged 16 and over with dependent children,203,91,112
S01011042,Couple family: Total,180,76,104
S01011042,Couple family: Both parents working,152,62,90
S01011042,Couple family: One parent working,18,8,10
S01011042,Couple family: No parents working,10,6,4
S01011042,Lone parent family: Total,23,15,8
S01011042,Lone parent family: Parent working,11,7,4
S01011042,Lone parent family: Parent not working,12,8,4
S01011043,All parents aged 16 and over with dependent children,157,79,78
S01011043,Couple family: Total,122,58,64
S01011043,Couple family: Both parents working,82,42,40
S01011043,Couple family: One parent working,36,16,20
S01011043,Couple family: No parents working,4,0,4
S01011043,Lone parent family: Total,35,21,14
S01011043,Lone parent family: Parent working,16,11,5
S01011043,Lone parent family: Parent not working,19,10,9
S01011044,All parents aged 16 and over with dependent children,147,89,58
S01011044,Couple family: Total,106,58,48
S01011044,Couple family: Both parents working,64,38,26
S01011044,Couple family: One parent working,26,12,14
S01011044,Couple family: No parents working,16,8,8
S01011044,Lone parent family: Total,41,31,10
S01011044,Lone parent family: Parent working,19,14,5
S01011044,Lone parent family: Parent not working,22,17,5
S01011045,All parents aged 16 and over with dependent children,187,80,107
S01011045,Couple family: Total,154,60,94
S01011045,Couple family: Both parents working,106,44,62
S01011045,Couple family: One parent working,36,12,24
S01011045,Couple family: No parents working,12,4,8
S01011045,Lone parent family: Total,33,20,13
S01011045,Lone parent family: Parent working,24,14,10
S01011045,Lone parent family: Parent not working,9,6,3
S01011046,All parents aged 16 and over with dependent children,167,81,86
S01011046,Couple family: Total,150,70,80
S01011046,Couple family: Both parents working,98,52,46
S01011046,Couple family: One parent working,44,16,28
S01011046,Couple family: No parents working,8,2,6
S01011046,Lone parent family: Total,17,11,6
S01011046,Lone parent family: Parent working,10,5,5
S01011046,Lone parent family: Parent not working,7,6,1
S01011047,All parents aged 16 and over with dependent children,215,75,140
S01011047,Couple family: Total,200,66,134
S01011047,Couple family: Both parents working,128,44,84
S01011047,Couple family: One parent working,62,16,46
S01011047,Couple family: No parents working,10,6,4
S01011047,Lone parent family: Total,15,9,6
S01011047,Lone parent family: Parent working,9,5,4
S01011047,Lone parent family: Parent not working,6,4,2
S01011048,All parents aged 16 and over with dependent children,202,88,114
S01011048,Couple family: Total,178,72,106
S01011048,Couple family: Both parents working,142,62,80
S01011048,Couple family: One parent working,32,10,22
S01011048,Couple family: No parents working,4,0,4
S01011048,Lone parent family: Total,24,16,8
S01011048,Lone parent family: Parent working,18,13,5
S01011048,Lone parent family: Parent not working,6,3,3
S01011049,All parents aged 16 and over with dependent children,120,57,63
S01011049,Couple family: Total,98,42,56
S01011049,Couple family: Both parents working,74,32,42
S01011049,Couple family: One parent working,24,10,14
S01011049,Couple family: No parents working,0,0,0
S01011049,Lone parent family: Total,22,15,7
S01011049,Lone parent family: Parent working,17,10,7
S01011049,Lone parent family: Parent not working,5,5,0
S01011050,All parents aged 16 and over with dependent children,171,79,92
S01011050,Couple family: Total,156,72,84
S01011050,Couple family: Both parents working,102,52,50
S01011050,Couple family: One parent working,48,18,30
S01011050,Couple family: No parents working,6,2,4
S01011050,Lone parent family: Total,15,7,8
S01011050,Lone parent family: Parent working,11,5,6
S01011050,Lone parent family: Parent not working,4,2,2
S01011051,All parents aged 16 and over with dependent children,183,68,115
S01011051,Couple family: Total,172,60,112
S01011051,Couple family: Both parents working,132,42,90
S01011051,Couple family: One parent working,36,14,22
S01011051,Couple family: No parents working,4,4,0
S01011051,Lone parent family: Total,11,8,3
S01011051,Lone parent family: Parent working,10,7,3
S01011051,Lone parent family: Parent not working,1,1,0
S01011052,All parents aged 16 and over with dependent children,163,73,90
S01011052,Couple family: Total,144,62,82
S01011052,Couple family: Both parents working,122,50,72
S01011052,Couple family: One parent working,14,6,8
S01011052,Couple family: No parents working,8,6,2
S01011052,Lone parent family: Total,19,11,8
S01011052,Lone parent family: Parent working,13,9,4
S01011052,Lone parent family: Parent not working,6,2,4
S01011053,All parents aged 16 and over with dependent children,122,37,85
S01011053,Couple family: Total,92,22,70
S01011053,Couple family: Both parents working,54,16,38
S01011053,Couple family: One parent working,32,4,28
S01011053,Couple family: No parents working,6,2,4
S01011053,Lone parent family: Total,30,15,15
S01011053,Lone parent family: Parent working,20,11,9
S01011053,Lone parent family: Parent not working,10,4,6
S01011054,All parents aged 16 and over with dependent children,104,40,64
S01011054,Couple family: Total,88,32,56
S01011054,Couple family: Both parents working,66,30,36
S01011054,Couple family: One parent working,22,2,20
S01011054,Couple family: No parents working,0,0,0
S01011054,Lone parent family: Total,16,8,8
S01011054,Lone parent family: Parent working,15,8,7
S01011054,Lone parent family: Parent not working,1,0,1
S01011055,All parents aged 16 and over with dependent children,132,55,77
S01011055,Couple family: Total,122,48,74
S01011055,Couple family: Both parents working,88,38,50
S01011055,Couple family: One parent working,30,8,22
S01011055,Couple family: No parents working,4,2,2
S01011055,Lone parent family: Total,10,7,3
S01011055,Lone parent family: Parent working,6,4,2
S01011055,Lone parent family: Parent not working,4,3,1
S01011056,All parents aged 16 and over with dependent children,148,43,105
S01011056,Couple family: Total,138,36,102
S01011056,Couple family: Both parents working,98,22,76
S01011056,Couple family: One parent working,36,12,24
S01011056,Couple family: No parents working,4,2,2
S01011056,Lone parent family: Total,10,7,3
S01011056,Lone parent family: Parent working,7,6,1
S01011056,Lone parent family: Parent not working,3,1,2
S01011057,All parents aged 16 and over with dependent children,104,41,63
S01011057,Couple family: Total,92,34,58
S01011057,Couple family: Both parents working,60,22,38
S01011057,Couple family: One parent working,30,10,20
S01011057,Couple family: No parents working,2,2,0
S01011057,Lone parent family: Total,12,7,5
S01011057,Lone parent family: Parent working,9,5,4
S01011057,Lone parent family: Parent not working,3,2,1
S01011058,All parents aged 16 and over with dependent children,141,59,82
S01011058,Couple family: Total,130,56,74
S01011058,Couple family: Both parents working,98,44,54
S01011058,Couple family: One parent working,30,12,18
S01011058,Couple family: No parents working,2,0,2
S01011058,Lone parent family: Total,11,3,8
S01011058,Lone parent family: Parent working,8,1,7
S01011058,Lone parent family: Parent not working,3,2,1
S01011059,All parents aged 16 and over with dependent children,134,43,91
S01011059,Couple family: Total,128,38,90
S01011059,Couple family: Both parents working,78,24,54
S01011059,Couple family: One parent working,44,14,30
S01011059,Couple family: No parents working,6,0,6
S01011059,Lone parent family: Total,6,5,1
S01011059,Lone parent family: Parent working,5,4,1
S01011059,Lone parent family: Parent not working,1,1,0
S01011060,All parents aged 16 and over with dependent children,151,64,87
S01011060,Couple family: Total,138,58,80
S01011060,Couple family: Both parents working,110,46,64
S01011060,Couple family: One parent working,24,10,14
S01011060,Couple family: No parents working,4,2,2
S01011060,Lone parent family: Total,13,6,7
S01011060,Lone parent family: Parent working,11,5,6
S01011060,Lone parent family: Parent not working,2,1,1
S01011061,All parents aged 16 and over with dependent children,164,81,83
S01011061,Couple family: Total,130,58,72
S01011061,Couple family: Both parents working,80,34,46
S01011061,Couple family: One parent working,46,20,26
S01011061,Couple family: No parents working,4,4,0
S01011061,Lone parent family: Total,34,23,11
S01011061,Lone parent family: Parent working,21,15,6
S01011061,Lone parent family: Parent not working,13,8,5
S01011062,All parents aged 16 and over with dependent children,167,51,116
S01011062,Couple family: Total,152,40,112
S01011062,Couple family: Both parents working,112,30,82
S01011062,Couple family: One parent working,36,8,28
S01011062,Couple family: No parents working,4,2,2
S01011062,Lone parent family: Total,15,11,4
S01011062,Lone parent family: Parent working,13,9,4
S01011062,Lone parent family: Parent not working,2,2,0
S01011063,All parents aged 16 and over with dependent children,206,86,120
S01011063,Couple family: Total,162,56,106
S01011063,Couple family: Both parents working,108,40,68
S01011063,Couple family: One parent working,48,16,32
S01011063,Couple family: No parents working,6,0,6
S01011063,Lone parent family: Total,44,30,14
S01011063,Lone parent family: Parent working,33,24,9
S01011063,Lone parent family: Parent not working,11,6,5
S01011064,All parents aged 16 and over with dependent children,175,66,109
S01011064,Couple family: Total,158,58,100
S01011064,Couple family: Both parents working,118,40,78
S01011064,Couple family: One parent working,32,12,20
S01011064,Couple family: No parents working,8,6,2
S01011064,Lone parent family: Total,17,8,9
S01011064,Lone parent family: Parent working,8,4,4
S01011064,Lone parent family: Parent not working,9,4,5
S01011065,All parents aged 16 and over with dependent children,133,40,93
S01011065,Couple family: Total,114,34,80
S01011065,Couple family: Both parents working,80,20,60
S01011065,Couple family: One parent working,28,12,16
S01011065,Couple family: No parents working,6,2,4
S01011065,Lone parent family: Total,19,6,13
S01011065,Lone parent family: Parent working,8,4,4
S01011065,Lone parent family: Parent not working,11,2,9
S01011066,All parents aged 16 and over with dependent children,85,34,51
S01011066,Couple family: Total,70,26,44
S01011066,Couple family: Both parents working,40,16,24
S01011066,Couple family: One parent working,26,10,16
S01011066,Couple family: No parents working,4,0,4
S01011066,Lone parent family: Total,15,8,7
S01011066,Lone parent family: Parent working,14,8,6
S01011066,Lone parent family: Parent not working,1,0,1
S01011067,All parents aged 16 and over with dependent children,114,51,63
S01011067,Couple family: Total,100,42,58
S01011067,Couple family: Both parents working,56,18,38
S01011067,Couple family: One parent working,36,18,18
S01011067,Couple family: No parents working,8,6,2
S01011067,Lone parent family: Total,14,9,5
S01011067,Lone parent family: Parent working,10,7,3
S01011067,Lone parent family: Parent not working,4,2,2
S01011068,All parents aged 16 and over with dependent children,110,45,65
S01011068,Couple family: Total,90,38,52
S01011068,Couple family: Both parents working,58,28,30
S01011068,Couple family: One parent working,30,10,20
S01011068,Couple family: No parents working,2,0,2
S01011068,Lone parent family: Total,20,7,13
S01011068,Lone parent family: Parent working,15,4,11
S01011068,Lone parent family: Parent not working,5,3,2
S01011069,All parents aged 16 and over with dependent children,105,35,70
S01011069,Couple family: Total,86,28,58
S01011069,Couple family: Both parents working,48,18,30
S01011069,Couple family: One parent working,30,6,24
S01011069,Couple family: No parents working,8,4,4
S01011069,Lone parent family: Total,19,7,12
S01011069,Lone parent family: Parent working,13,6,7
S01011069,Lone parent family: Parent not working,6,1,5
S01011070,All parents aged 16 and over with dependent children,131,49,82
S01011070,Couple family: Total,120,42,78
S01011070,Couple family: Both parents working,84,34,50
S01011070,Couple family: One parent working,34,6,28
S01011070,Couple family: No parents working,2,2,0
S01011070,Lone parent family: Total,11,7,4
S01011070,Lone parent family: Parent working,8,5,3
S01011070,Lone parent family: Parent not working,3,2,1
S01011071,All parents aged 16 and over with dependent children,126,58,68
S01011071,Couple family: Total,114,48,66
S01011071,Couple family: Both parents working,64,26,38
S01011071,Couple family: One parent working,46,18,28
S01011071,Couple family: No parents working,4,4,0
S01011071,Lone parent family: Total,12,10,2
S01011071,Lone parent family: Parent working,8,8,0
S01011071,Lone parent family: Parent not working,4,2,2
S01011072,All parents aged 16 and over with dependent children,222,104,118
S01011072,Couple family: Total,192,88,104
S01011072,Couple family: Both parents working,136,62,74
S01011072,Couple family: One parent working,48,22,26
S01011072,Couple family: No parents working,8,4,4
S01011072,Lone parent family: Total,30,16,14
S01011072,Lone parent family: Parent working,13,6,7
S01011072,Lone parent family: Parent not working,17,10,7
S01011073,All parents aged 16 and over with dependent children,144,69,75
S01011073,Couple family: Total,134,64,70
S01011073,Couple family: Both parents working,90,48,42
S01011073,Couple family: One parent working,40,14,26
S01011073,Couple family: No parents working,4,2,2
S01011073,Lone parent family: Total,10,5,5
S01011073,Lone parent family: Parent working,7,4,3
S01011073,Lone parent family: Parent not working,3,1,2
S01011074,All parents aged 16 and over with dependent children,117,54,63
S01011074,Couple family: Total,104,44,60
S01011074,Couple family: Both parents working,74,32,42
S01011074,Couple family: One parent working,28,12,16
S01011074,Couple family: No parents working,2,0,2
S01011074,Lone parent family: Total,13,10,3
S01011074,Lone parent family: Parent working,8,5,3
S01011074,Lone parent family: Parent not working,5,5,0
S01011075,All parents aged 16 and over with dependent children,160,82,78
S01011075,Couple family: Total,124,60,64
S01011075,Couple family: Both parents working,82,48,34
S01011075,Couple family: One parent working,38,10,28
S01011075,Couple family: No parents working,4,2,2
S01011075,Lone parent family: Total,36,22,14
S01011075,Lone parent family: Parent working,21,16,5
S01011075,Lone parent family: Parent not working,15,6,9
S01011076,All parents aged 16 and over with dependent children,146,66,80
S01011076,Couple family: Total,122,46,76
S01011076,Couple family: Both parents working,84,36,48
S01011076,Couple family: One parent working,30,8,22
S01011076,Couple family: No parents working,8,2,6
S01011076,Lone parent family: Total,24,20,4
S01011076,Lone parent family: Parent working,13,10,3
S01011076,Lone parent family: Parent not working,11,10,1
S01011077,All parents aged 16 and over with dependent children,170,70,100
S01011077,Couple family: Total,118,38,80
S01011077,Couple family: Both parents working,64,26,38
S01011077,Couple family: One parent working,42,8,34
S01011077,Couple family: No parents working,12,4,8
S01011077,Lone parent family: Total,52,32,20
S01011077,Lone parent family: Parent working,37,24,13
S01011077,Lone parent family: Parent not working,15,8,7
S01011078,All parents aged 16 and over with dependent children,241,88,153
S01011078,Couple family: Total,220,76,144
S01011078,Couple family: Both parents working,148,50,98
S01011078,Couple family: One parent working,68,22,46
S01011078,Couple family: No parents working,4,4,0
S01011078,Lone parent family: Total,21,12,9
S01011078,Lone parent family: Parent working,19,11,8
S01011078,Lone parent family: Parent not working,2,1,1
S01011079,All parents aged 16 and over with dependent children,202,88,114
S01011079,Couple family: Total,188,78,110
S01011079,Couple family: Both parents working,130,62,68
S01011079,Couple family: One parent working,56,16,40
S01011079,Couple family: No parents working,2,0,2
S01011079,Lone parent family: Total,14,10,4
S01011079,Lone parent family: Parent working,11,9,2
S01011079,Lone parent family: Parent not working,3,1,2
S01011080,All parents aged 16 and over with dependent children,170,85,85
S01011080,Couple family: Total,148,70,78
S01011080,Couple family: Both parents working,108,46,62
S01011080,Couple family: One parent working,38,24,14
S01011080,Couple family: No parents working,2,0,2
S01011080,Lone parent family: Total,22,15,7
S01011080,Lone parent family: Parent working,12,8,4
S01011080,Lone parent family: Parent not working,10,7,3
S01011081,All parents aged 16 and over with dependent children,179,79,100
S01011081,Couple family: Total,144,60,84
S01011081,Couple family: Both parents working,98,42,56
S01011081,Couple family: One parent working,42,16,26
S01011081,Couple family: No parents working,4,2,2
S01011081,Lone parent family: Total,35,19,16
S01011081,Lone parent family: Parent working,25,13,12
S01011081,Lone parent family: Parent not working,10,6,4
S01011082,All parents aged 16 and over with dependent children,65,39,26
S01011082,Couple family: Total,56,32,24
S01011082,Couple family: Both parents working,42,22,20
S01011082,Couple family: One parent working,12,8,4
S01011082,Couple family: No parents working,2,2,0
S01011082,Lone parent family: Total,9,7,2
S01011082,Lone parent family: Parent working,6,5,1
S01011082,Lone parent family: Parent not working,3,2,1
S01011083,All parents aged 16 and over with dependent children,133,60,73
S01011083,Couple family: Total,108,46,62
S01011083,Couple family: Both parents working,66,38,28
S01011083,Couple family: One parent working,36,6,30
S01011083,Couple family: No parents working,6,2,4
S01011083,Lone parent family: Total,25,14,11
S01011083,Lone parent family: Parent working,15,10,5
S01011083,Lone parent family: Parent not working,10,4,6
S01011084,All parents aged 16 and over with dependent children,134,48,86
S01011084,Couple family: Total,120,42,78
S01011084,Couple family: Both parents working,82,34,48
S01011084,Couple family: One parent working,32,8,24
S01011084,Couple family: No parents working,6,0,6
S01011084,Lone parent family: Total,14,6,8
S01011084,Lone parent family: Parent working,13,6,7
S01011084,Lone parent family: Parent not working,1,0,1
S01011085,All parents aged 16 and over with dependent children,161,56,105
S01011085,Couple family: Total,140,44,96
S01011085,Couple family: Both parents working,110,40,70
S01011085,Couple family: One parent working,28,4,24
S01011085,Couple family: No parents working,2,0,2
S01011085,Lone parent family: Total,21,12,9
S01011085,Lone parent family: Parent working,18,11,7
S01011085,Lone parent family: Parent not working,3,1,2
S01011086,All parents aged 16 and over with dependent children,119,54,65
S01011086,Couple family: Total,114,50,64
S01011086,Couple family: Both parents working,72,36,36
S01011086,Couple family: One parent working,34,10,24
S01011086,Couple family: No parents working,8,4,4
S01011086,Lone parent family: Total,5,4,1
S01011086,Lone parent family: Parent working,5,4,1
S01011086,Lone parent family: Parent not working,0,0,0
S01011087,All parents aged 16 and over with dependent children,118,53,65
S01011087,Couple family: Total,98,40,58
S01011087,Couple family: Both parents working,74,30,44
S01011087,Couple family: One parent working,18,8,10
S01011087,Couple family: No parents working,6,2,4
S01011087,Lone parent family: Total,20,13,7
S01011087,Lone parent family: Parent working,10,8,2
S01011087,Lone parent family: Parent not working,10,5,5
S01011088,All parents aged 16 and over with dependent children,199,86,113
S01011088,Couple family: Total,166,64,102
S01011088,Couple family: Both parents working,110,40,70
S01011088,Couple family: One parent working,52,22,30
S01011088,Couple family: No parents working,4,2,2
S01011088,Lone parent family: Total,33,22,11
S01011088,Lone parent family: Parent working,24,15,9
S01011088,Lone parent family: Parent not working,9,7,2
S01011089,All parents aged 16 and over with dependent children,120,49,71
S01011089,Couple family: Total,96,34,62
S01011089,Couple family: Both parents working,60,22,38
S01011089,Couple family: One parent working,28,6,22
S01011089,Couple family: No parents working,8,6,2
S01011089,Lone parent family: Total,24,15,9
S01011089,Lone parent family: Parent working,12,10,2
S01011089,Lone parent family: Parent not working,12,5,7
S01011090,All parents aged 16 and over with dependent children,136,59,77
S01011090,Couple family: Total,126,52,74
S01011090,Couple family: Both parents working,94,40,54
S01011090,Couple family: One parent working,28,10,18
S01011090,Couple family: No parents working,4,2,2
S01011090,Lone parent family: Total,10,7,3
S01011090,Lone parent family: Parent working,8,5,3
S01011090,Lone parent family: Parent not working,2,2,0
S01011091,All parents aged 16 and over with dependent children,105,48,57
S01011091,Couple family: Total,96,42,54
S01011091,Couple family: Both parents working,68,30,38
S01011091,Couple family: One parent working,28,12,16
S01011091,Couple family: No parents working,0,0,0
S01011091,Lone parent family: Total,9,6,3
S01011091,Lone parent family: Parent working,9,6,3
S01011091,Lone parent family: Parent not working,0,0,0
S01011092,All parents aged 16 and over with dependent children,141,53,88
S01011092,Couple family: Total,104,32,72
S01011092,Couple family: Both parents working,56,18,38
S01011092,Couple family: One parent working,36,14,22
S01011092,Couple family: No parents working,12,0,12
S01011092,Lone parent family: Total,37,21,16
S01011092,Lone parent family: Parent working,20,11,9
S01011092,Lone parent family: Parent not working,17,10,7
S01011093,All parents aged 16 and over with dependent children,139,70,69
S01011093,Couple family: Total,130,64,66
S01011093,Couple family: Both parents working,100,56,44
S01011093,Couple family: One parent working,28,8,20
S01011093,Couple family: No parents working,2,0,2
S01011093,Lone parent family: Total,9,6,3
S01011093,Lone parent family: Parent working,7,4,3
S01011093,Lone parent family: Parent not working,2,2,0
S01011094,All parents aged 16 and over with dependent children,119,41,78
S01011094,Couple family: Total,110,40,70
S01011094,Couple family: Both parents working,90,34,56
S01011094,Couple family: One parent working,18,4,14
S01011094,Couple family: No parents working,2,2,0
S01011094,Lone parent family: Total,9,1,8
S01011094,Lone parent family: Parent working,8,1,7
S01011094,Lone parent family: Parent not working,1,0,1
S01011095,All parents aged 16 and over with dependent children,168,70,98
S01011095,Couple family: Total,154,62,92
S01011095,Couple family: Both parents working,114,48,66
S01011095,Couple family: One parent working,40,14,26
S01011095,Couple family: No parents working,0,0,0
S01011095,Lone parent family: Total,14,8,6
S01011095,Lone parent family: Parent working,10,7,3
S01011095,Lone parent family: Parent not working,4,1,3
S01011096,All parents aged 16 and over with dependent children,138,68,70
S01011096,Couple family: Total,120,58,62
S01011096,Couple family: Both parents working,96,44,52
S01011096,Couple family: One parent working,16,8,8
S01011096,Couple family: No parents working,8,6,2
S01011096,Lone parent family: Total,18,10,8
S01011096,Lone parent family: Parent working,16,8,8
S01011096,Lone parent family: Parent not working,2,2,0
S01011097,All parents aged 16 and over with dependent children,173,65,108
S01011097,Couple family: Total,156,58,98
S01011097,Couple family: Both parents working,114,42,72
S01011097,Couple family: One parent working,32,10,22
S01011097,Couple family: No parents working,10,6,4
S01011097,Lone parent family: Total,17,7,10
S01011097,Lone parent family: Parent working,11,4,7
S01011097,Lone parent family: Parent not working,6,3,3
S01011098,All parents aged 16 and over with dependent children,142,57,85
S01011098,Couple family: Total,136,54,82
S01011098,Couple family: Both parents working,92,40,52
S01011098,Couple family: One parent working,38,10,28
S01011098,Couple family: No parents working,6,4,2
S01011098,Lone parent family: Total,6,3,3
S01011098,Lone parent family: Parent working,4,3,1
S01011098,Lone parent family: Parent not working,2,0,2
S01011099,All parents aged 16 and over with dependent children,176,78,98
S01011099,Couple family: Total,128,48,80
S01011099,Couple family: Both parents working,58,32,26
S01011099,Couple family: One parent working,54,14,40
S01011099,Couple family: No parents working,16,2,14
S01011099,Lone parent family: Total,48,30,18
S01011099,Lone parent family: Parent working,24,20,4
S01011099,Lone parent family: Parent not working,24,10,14
S01011100,All parents aged 16 and over with dependent children,78,27,51
S01011100,Couple family: Total,70,22,48
S01011100,Couple family: Both parents working,42,12,30
S01011100,Couple family: One parent working,28,10,18
S01011100,Couple family: No parents working,0,0,0
S01011100,Lone parent family: Total,8,5,3
S01011100,Lone parent family: Parent working,8,5,3
S01011100,Lone parent family: Parent not working,0,0,0
S01011101,All parents aged 16 and over with dependent children,129,39,90
S01011101,Couple family: Total,98,28,70
S01011101,Couple family: Both parents working,54,16,38
S01011101,Couple family: One parent working,38,12,26
S01011101,Couple family: No parents working,6,0,6
S01011101,Lone parent family: Total,31,11,20
S01011101,Lone parent family: Parent working,16,7,9
S01011101,Lone parent family: Parent not working,15,4,11
S01011102,All parents aged 16 and over with dependent children,117,70,47
S01011102,Couple family: Total,74,38,36
S01011102,Couple family: Both parents working,50,26,24
S01011102,Couple family: One parent working,14,6,8
S01011102,Couple family: No parents working,10,6,4
S01011102,Lone parent family: Total,43,32,11
S01011102,Lone parent family: Parent working,23,16,7
S01011102,Lone parent family: Parent not working,20,16,4
S01011103,All parents aged 16 and over with dependent children,95,63,32
S01011103,Couple family: Total,74,46,28
S01011103,Couple family: Both parents working,60,36,24
S01011103,Couple family: One parent working,12,8,4
S01011103,Couple family: No parents working,2,2,0
S01011103,Lone parent family: Total,21,17,4
S01011103,Lone parent family: Parent working,12,9,3
S01011103,Lone parent family: Parent not working,9,8,1
S01011104,All parents aged 16 and over with dependent children,82,29,53
S01011104,Couple family: Total,72,24,48
S01011104,Couple family: Both parents working,62,22,40
S01011104,Couple family: One parent working,10,2,8
S01011104,Couple family: No parents working,0,0,0
S01011104,Lone parent family: Total,10,5,5
S01011104,Lone parent family: Parent working,6,3,3
S01011104,Lone parent family: Parent not working,4,2,2
S01011105,All parents aged 16 and over with dependent children,148,93,55
S01011105,Couple family: Total,114,64,50
S01011105,Couple family: Both parents working,68,40,28
S01011105,Couple family: One parent working,34,16,18
S01011105,Couple family: No parents working,12,8,4
S01011105,Lone parent family: Total,34,29,5
S01011105,Lone parent family: Parent working,24,19,5
S01011105,Lone parent family: Parent not working,10,10,0
S01011106,All parents aged 16 and over with dependent children,380,175,205
S01011106,Couple family: Total,318,134,184
S01011106,Couple family: Both parents working,188,94,94
S01011106,Couple family: One parent working,120,38,82
S01011106,Couple family: No parents working,10,2,8
S01011106,Lone parent family: Total,62,41,21
S01011106,Lone parent family: Parent working,35,23,12
S01011106,Lone parent family: Parent not working,27,18,9
S01011107,All parents aged 16 and over with dependent children,310,119,191
S01011107,Couple family: Total,264,94,170
S01011107,Couple family: Both parents working,182,72,110
S01011107,Couple family: One parent working,72,22,50
S01011107,Couple family: No parents working,10,0,10
S01011107,Lone parent family: Total,46,25,21
S01011107,Lone parent family: Parent working,30,18,12
S01011107,Lone parent family: Parent not working,16,7,9
S01011108,All parents aged 16 and over with dependent children,112,47,65
S01011108,Couple family: Total,96,40,56
S01011108,Couple family: Both parents working,72,32,40
S01011108,Couple family: One parent working,24,8,16
S01011108,Couple family: No parents working,0,0,0
S01011108,Lone parent family: Total,16,7,9
S01011108,Lone parent family: Parent working,14,6,8
S01011108,Lone parent family: Parent not working,2,1,1
S01011109,All parents aged 16 and over with dependent children,136,70,66
S01011109,Couple family: Total,118,60,58
S01011109,Couple family: Both parents working,90,42,48
S01011109,Couple family: One parent working,22,14,8
S01011109,Couple family: No parents working,6,4,2
S01011109,Lone parent family: Total,18,10,8
S01011109,Lone parent family: Parent working,13,6,7
S01011109,Lone parent family: Parent not working,5,4,1
S01011110,All parents aged 16 and over with dependent children,156,68,88
S01011110,Couple family: Total,134,52,82
S01011110,Couple family: Both parents working,104,46,58
S01011110,Couple family: One parent working,24,2,22
S01011110,Couple family: No parents working,6,4,2
S01011110,Lone parent family: Total,22,16,6
S01011110,Lone parent family: Parent working,15,12,3
S01011110,Lone parent family: Parent not working,7,4,3
S01011111,All parents aged 16 and over with dependent children,195,109,86
S01011111,Couple family: Total,142,70,72
S01011111,Couple family: Both parents working,92,46,46
S01011111,Couple family: One parent working,42,20,22
S01011111,Couple family: No parents working,8,4,4
S01011111,Lone parent family: Total,53,39,14
S01011111,Lone parent family: Parent working,33,24,9
S01011111,Lone parent family: Parent not working,20,15,5
S01011112,All parents aged 16 and over with dependent children,264,114,150
S01011112,Couple family: Total,234,96,138
S01011112,Couple family: Both parents working,188,82,106
S01011112,Couple family: One parent working,36,10,26
S01011112,Couple family: No parents working,10,4,6
S01011112,Lone parent family: Total,30,18,12
S01011112,Lone parent family: Parent working,22,14,8
S01011112,Lone parent family: Parent not working,8,4,4
S01011113,All parents aged 16 and over with dependent children,127,66,61
S01011113,Couple family: Total,104,50,54
S01011113,Couple family: Both parents working,88,46,42
S01011113,Couple family: One parent working,16,4,12
S01011113,Couple family: No parents working,0,0,0
S01011113,Lone parent family: Total,23,16,7
S01011113,Lone parent family: Parent working,19,13,6
S01011113,Lone parent family: Parent not working,4,3,1
S01011114,All parents aged 16 and over with dependent children,128,51,77
S01011114,Couple family: Total,114,42,72
S01011114,Couple family: Both parents working,90,36,54
S01011114,Couple family: One parent working,20,6,14
S01011114,Couple family: No parents working,4,0,4
S01011114,Lone parent family: Total,14,9,5
S01011114,Lone parent family: Parent working,9,7,2
S01011114,Lone parent family: Parent not working,5,2,3
S01011115,All parents aged 16 and over with dependent children,180,94,86
S01011115,Couple family: Total,146,70,76
S01011115,Couple family: Both parents working,98,52,46
S01011115,Couple family: One parent working,44,18,26
S01011115,Couple family: No parents working,4,0,4
S01011115,Lone parent family: Total,34,24,10
S01011115,Lone parent family: Parent working,23,17,6
S01011115,Lone parent family: Parent not working,11,7,4
S01011116,All parents aged 16 and over with dependent children,147,61,86
S01011116,Couple family: Total,126,52,74
S01011116,Couple family: Both parents working,86,38,48
S01011116,Couple family: One parent working,34,14,20
S01011116,Couple family: No parents working,6,0,6
S01011116,Lone parent family: Total,21,9,12
S01011116,Lone parent family: Parent working,13,6,7
S01011116,Lone parent family: Parent not working,8,3,5
S01011117,All parents aged 16 and over with dependent children,125,53,72
S01011117,Couple family: Total,114,46,68
S01011117,Couple family: Both parents working,90,34,56
S01011117,Couple family: One parent working,20,10,10
S01011117,Couple family: No parents working,4,2,2
S01011117,Lone parent family: Total,11,7,4
S01011117,Lone parent family: Parent working,9,6,3
S01011117,Lone parent family: Parent not working,2,1,1
S01011118,All parents aged 16 and over with dependent children,194,81,113
S01011118,Couple family: Total,178,74,104
S01011118,Couple family: Both parents working,122,52,70
S01011118,Couple family: One parent working,54,22,32
S01011118,Couple family: No parents working,2,0,2
S01011118,Lone parent family: Total,16,7,9
S01011118,Lone parent family: Parent working,11,4,7
S01011118,Lone parent family: Parent not working,5,3,2
S01011119,All parents aged 16 and over with dependent children,174,63,111
S01011119,Couple family: Total,160,54,106
S01011119,Couple family: Both parents working,118,34,84
S01011119,Couple family: One parent working,36,16,20
S01011119,Couple family: No parents working,6,4,2
S01011119,Lone parent family: Total,14,9,5
S01011119,Lone parent family: Parent working,13,8,5
S01011119,Lone parent family: Parent not working,1,1,0
S01011120,All parents aged 16 and over with dependent children,102,46,56
S01011120,Couple family: Total,100,44,56
S01011120,Couple family: Both parents working,80,36,44
S01011120,Couple family: One parent working,18,6,12
S01011120,Couple family: No parents working,2,2,0
S01011120,Lone parent family: Total,2,2,0
S01011120,Lone parent family: Parent working,2,2,0
S01011120,Lone parent family: Parent not working,0,0,0
S01011121,All parents aged 16 and over with dependent children,54,23,31
S01011121,Couple family: Total,46,18,28
S01011121,Couple family: Both parents working,36,14,22
S01011121,Couple family: One parent working,8,2,6
S01011121,Couple family: No parents working,2,2,0
S01011121,Lone parent family: Total,8,5,3
S01011121,Lone parent family: Parent working,6,5,1
S01011121,Lone parent family: Parent not working,2,0,2
S01011122,All parents aged 16 and over with dependent children,129,63,66
S01011122,Couple family: Total,108,46,62
S01011122,Couple family: Both parents working,78,36,42
S01011122,Couple family: One parent working,28,10,18
S01011122,Couple family: No parents working,2,0,2
S01011122,Lone parent family: Total,21,17,4
S01011122,Lone parent family: Parent working,17,13,4
S01011122,Lone parent family: Parent not working,4,4,0
S01011123,All parents aged 16 and over with dependent children,232,106,126
S01011123,Couple family: Total,198,88,110
S01011123,Couple family: Both parents working,144,72,72
S01011123,Couple family: One parent working,48,12,36
S01011123,Couple family: No parents working,6,4,2
S01011123,Lone parent family: Total,34,18,16
S01011123,Lone parent family: Parent working,19,12,7
S01011123,Lone parent family: Parent not working,15,6,9
S01011124,All parents aged 16 and over with dependent children,178,75,103
S01011124,Couple family: Total,150,62,88
S01011124,Couple family: Both parents working,114,48,66
S01011124,Couple family: One parent working,36,14,22
S01011124,Couple family: No parents working,0,0,0
S01011124,Lone parent family: Total,28,13,15
S01011124,Lone parent family: Parent working,18,6,12
S01011124,Lone parent family: Parent not working,10,7,3
S01011125,All parents aged 16 and over with dependent children,105,64,41
S01011125,Couple family: Total,66,40,26
S01011125,Couple family: Both parents working,52,32,20
S01011125,Couple family: One parent working,10,4,6
S01011125,Couple family: No parents working,4,4,0
S01011125,Lone parent family: Total,39,24,15
S01011125,Lone parent family: Parent working,29,18,11
S01011125,Lone parent family: Parent not working,10,6,4
S01011126,All parents aged 16 and over with dependent children,138,64,74
S01011126,Couple family: Total,130,62,68
S01011126,Couple family: Both parents working,78,36,42
S01011126,Couple family: One parent working,48,24,24
S01011126,Couple family: No parents working,4,2,2
S01011126,Lone parent family: Total,8,2,6
S01011126,Lone parent family: Parent working,5,2,3
S01011126,Lone parent family: Parent not working,3,0,3
S01011127,All parents aged 16 and over with dependent children,225,77,148
S01011127,Couple family: Total,220,74,146
S01011127,Couple family: Both parents working,100,42,58
S01011127,Couple family: One parent working,116,32,84
S01011127,Couple family: No parents working,4,0,4
S01011127,Lone parent family: Total,5,3,2
S01011127,Lone parent family: Parent working,2,2,0
S01011127,Lone parent family: Parent not working,3,1,2
S01011128,All parents aged 16 and over with dependent children,153,81,72
S01011128,Couple family: Total,138,70,68
S01011128,Couple family: Both parents working,104,54,50
S01011128,Couple family: One parent working,34,16,18
S01011128,Couple family: No parents working,0,0,0
S01011128,Lone parent family: Total,15,11,4
S01011128,Lone parent family: Parent working,10,8,2
S01011128,Lone parent family: Parent not working,5,3,2
S01011129,All parents aged 16 and over with dependent children,313,120,193
S01011129,Couple family: Total,308,118,190
S01011129,Couple family: Both parents working,198,88,110
S01011129,Couple family: One parent working,108,30,78
S01011129,Couple family: No parents working,2,0,2
S01011129,Lone parent family: Total,5,2,3
S01011129,Lone parent family: Parent working,3,0,3
S01011129,Lone parent family: Parent not working,2,2,0
S01011130,All parents aged 16 and over with dependent children,112,53,59
S01011130,Couple family: Total,98,42,56
S01011130,Couple family: Both parents working,66,34,32
S01011130,Couple family: One parent working,28,6,22
S01011130,Couple family: No parents working,4,2,2
S01011130,Lone parent family: Total,14,11,3
S01011130,Lone parent family: Parent working,8,7,1
S01011130,Lone parent family: Parent not working,6,4,2
S01011131,All parents aged 16 and over with dependent children,93,42,51
S01011131,Couple family: Total,82,36,46
S01011131,Couple family: Both parents working,56,26,30
S01011131,Couple family: One parent working,22,8,14
S01011131,Couple family: No parents working,4,2,2
S01011131,Lone parent family: Total,11,6,5
S01011131,Lone parent family: Parent working,8,3,5
S01011131,Lone parent family: Parent not working,3,3,0
S01011132,All parents aged 16 and over with dependent children,183,82,101
S01011132,Couple family: Total,172,80,92
S01011132,Couple family: Both parents working,124,64,60
S01011132,Couple family: One parent working,48,16,32
S01011132,Couple family: No parents working,0,0,0
S01011132,Lone parent family: Total,11,2,9
S01011132,Lone parent family: Parent working,7,1,6
S01011132,Lone parent family: Parent not working,4,1,3
S01011133,All parents aged 16 and over with dependent children,75,25,50
S01011133,Couple family: Total,66,18,48
S01011133,Couple family: Both parents working,48,14,34
S01011133,Couple family: One parent working,14,2,12
S01011133,Couple family: No parents working,4,2,2
S01011133,Lone parent family: Total,9,7,2
S01011133,Lone parent family: Parent working,9,7,2
S01011133,Lone parent family: Parent not working,0,0,0
S01011134,All parents aged 16 and over with dependent children,112,70,42
S01011134,Couple family: Total,96,58,38
S01011134,Couple family: Both parents working,76,42,34
S01011134,Couple family: One parent working,16,12,4
S01011134,Couple family: No parents working,4,4,0
S01011134,Lone parent family: Total,16,12,4
S01011134,Lone parent family: Parent working,12,9,3
S01011134,Lone parent family: Parent not working,4,3,1
S01011135,All parents aged 16 and over with dependent children,146,79,67
S01011135,Couple family: Total,114,60,54
S01011135,Couple family: Both parents working,78,42,36
S01011135,Couple family: One parent working,34,18,16
S01011135,Couple family: No parents working,2,0,2
S01011135,Lone parent family: Total,32,19,13
S01011135,Lone parent family: Parent working,18,9,9
S01011135,Lone parent family: Parent not working,14,10,4
S01011136,All parents aged 16 and over with dependent children,116,58,58
S01011136,Couple family: Total,102,50,52
S01011136,Couple family: Both parents working,68,30,38
S01011136,Couple family: One parent working,32,18,14
S01011136,Couple family: No parents working,2,2,0
S01011136,Lone parent family: Total,14,8,6
S01011136,Lone parent family: Parent working,10,7,3
S01011136,Lone parent family: Parent not working,4,1,3
S01011137,All parents aged 16 and over with dependent children,118,36,82
S01011137,Couple family: Total,86,20,66
S01011137,Couple family: Both parents working,54,16,38
S01011137,Couple family: One parent working,30,4,26
S01011137,Couple family: No parents working,2,0,2
S01011137,Lone parent family: Total,32,16,16
S01011137,Lone parent family: Parent working,22,13,9
S01011137,Lone parent family: Parent not working,10,3,7
S01011138,All parents aged 16 and over with dependent children,166,73,93
S01011138,Couple family: Total,136,54,82
S01011138,Couple family: Both parents working,94,36,58
S01011138,Couple family: One parent working,38,16,22
S01011138,Couple family: No parents working,4,2,2
S01011138,Lone parent family: Total,30,19,11
S01011138,Lone parent family: Parent working,21,13,8
S01011138,Lone parent family: Parent not working,9,6,3
S01011139,All parents aged 16 and over with dependent children,256,108,148
S01011139,Couple family: Total,242,100,142
S01011139,Couple family: Both parents working,164,70,94
S01011139,Couple family: One parent working,74,30,44
S01011139,Couple family: No parents working,4,0,4
S01011139,Lone parent family: Total,14,8,6
S01011139,Lone parent family: Parent working,12,7,5
S01011139,Lone parent family: Parent not working,2,1,1
S01011140,All parents aged 16 and over with dependent children,136,69,67
S01011140,Couple family: Total,120,58,62
S01011140,Couple family: Both parents working,78,36,42
S01011140,Couple family: One parent working,40,22,18
S01011140,Couple family: No parents working,2,0,2
S01011140,Lone parent family: Total,16,11,5
S01011140,Lone parent family: Parent working,12,9,3
S01011140,Lone parent family: Parent not working,4,2,2
S01011141,All parents aged 16 and over with dependent children,122,52,70
S01011141,Couple family: Total,94,32,62
S01011141,Couple family: Both parents working,56,22,34
S01011141,Couple family: One parent working,32,8,24
S01011141,Couple family: No parents working,6,2,4
S01011141,Lone parent family: Total,28,20,8
S01011141,Lone parent family: Parent working,18,13,5
S01011141,Lone parent family: Parent not working,10,7,3
S01011142,All parents aged 16 and over with dependent children,197,82,115
S01011142,Couple family: Total,186,76,110
S01011142,Couple family: Both parents working,140,52,88
S01011142,Couple family: One parent working,42,22,20
S01011142,Couple family: No parents working,4,2,2
S01011142,Lone parent family: Total,11,6,5
S01011142,Lone parent family: Parent working,9,5,4
S01011142,Lone parent family: Parent not working,2,1,1
S01011143,All parents aged 16 and over with dependent children,223,96,127
S01011143,Couple family: Total,198,78,120
S01011143,Couple family: Both parents working,154,62,92
S01011143,Couple family: One parent working,40,14,26
S01011143,Couple family: No parents working,4,2,2
S01011143,Lone parent family: Total,25,18,7
S01011143,Lone parent family: Parent working,18,16,2
S01011143,Lone parent family: Parent not working,7,2,5
S01011144,All parents aged 16 and over with dependent children,179,75,104
S01011144,Couple family: Total,162,66,96
S01011144,Couple family: Both parents working,124,48,76
S01011144,Couple family: One parent working,32,14,18
S01011144,Couple family: No parents working,6,4,2
S01011144,Lone parent family: Total,17,9,8
S01011144,Lone parent family: Parent working,8,5,3
S01011144,Lone parent family: Parent not working,9,4,5
S01011145,All parents aged 16 and over with dependent children,129,53,76
S01011145,Couple family: Total,120,50,70
S01011145,Couple family: Both parents working,92,34,58
S01011145,Couple family: One parent working,24,12,12
S01011145,Couple family: No parents working,4,4,0
S01011145,Lone parent family: Total,9,3,6
S01011145,Lone parent family: Parent working,7,2,5
S01011145,Lone parent family: Parent not working,2,1,1
S01011146,All parents aged 16 and over with dependent children,180,80,100
S01011146,Couple family: Total,150,64,86
S01011146,Couple family: Both parents working,104,52,52
S01011146,Couple family: One parent working,30,6,24
S01011146,Couple family: No parents working,16,6,10
S01011146,Lone parent family: Total,30,16,14
S01011146,Lone parent family: Parent working,18,10,8
S01011146,Lone parent family: Parent not working,12,6,6
S01011147,All parents aged 16 and over with dependent children,187,86,101
S01011147,Couple family: Total,164,66,98
S01011147,Couple family: Both parents working,114,42,72
S01011147,Couple family: One parent working,38,18,20
S01011147,Couple family: No parents working,12,6,6
S01011147,Lone parent family: Total,23,20,3
S01011147,Lone parent family: Parent working,17,15,2
S01011147,Lone parent family: Parent not working,6,5,1
S01011148,All parents aged 16 and over with dependent children,141,63,78
S01011148,Couple family: Total,118,52,66
S01011148,Couple family: Both parents working,86,34,52
S01011148,Couple family: One parent working,26,16,10
S01011148,Couple family: No parents working,6,2,4
S01011148,Lone parent family: Total,23,11,12
S01011148,Lone parent family: Parent working,16,8,8
S01011148,Lone parent family: Parent not working,7,3,4
S01011149,All parents aged 16 and over with dependent children,193,72,121
S01011149,Couple family: Total,182,66,116
S01011149,Couple family: Both parents working,96,44,52
S01011149,Couple family: One parent working,82,22,60
S01011149,Couple family: No parents working,4,0,4
S01011149,Lone parent family: Total,11,6,5
S01011149,Lone parent family: Parent working,11,6,5
S01011149,Lone parent family: Parent not working,0,0,0
S01011150,All parents aged 16 and over with dependent children,160,71,89
S01011150,Couple family: Total,142,60,82
S01011150,Couple family: Both parents working,64,40,24
S01011150,Couple family: One parent working,76,18,58
S01011150,Couple family: No parents working,2,2,0
S01011150,Lone parent family: Total,18,11,7
S01011150,Lone parent family: Parent working,13,7,6
S01011150,Lone parent family: Parent not working,5,4,1
S01011151,All parents aged 16 and over with dependent children,178,82,96
S01011151,Couple family: Total,164,74,90
S01011151,Couple family: Both parents working,90,42,48
S01011151,Couple family: One parent working,72,32,40
S01011151,Couple family: No parents working,2,0,2
S01011151,Lone parent family: Total,14,8,6
S01011151,Lone parent family: Parent working,12,7,5
S01011151,Lone parent family: Parent not working,2,1,1
S01011152,All parents aged 16 and over with dependent children,114,48,66
S01011152,Couple family: Total,98,38,60
S01011152,Couple family: Both parents working,66,26,40
S01011152,Couple family: One parent working,28,10,18
S01011152,Couple family: No parents working,4,2,2
S01011152,Lone parent family: Total,16,10,6
S01011152,Lone parent family: Parent working,11,7,4
S01011152,Lone parent family: Parent not working,5,3,2
S01011153,All parents aged 16 and over with dependent children,135,45,90
S01011153,Couple family: Total,120,40,80
S01011153,Couple family: Both parents working,88,36,52
S01011153,Couple family: One parent working,28,2,26
S01011153,Couple family: No parents working,4,2,2
S01011153,Lone parent family: Total,15,5,10
S01011153,Lone parent family: Parent working,10,2,8
S01011153,Lone parent family: Parent not working,5,3,2
S01011154,All parents aged 16 and over with dependent children,62,30,32
S01011154,Couple family: Total,38,16,22
S01011154,Couple family: Both parents working,16,6,10
S01011154,Couple family: One parent working,20,8,12
S01011154,Couple family: No parents working,2,2,0
S01011154,Lone parent family: Total,24,14,10
S01011154,Lone parent family: Parent working,18,10,8
S01011154,Lone parent family: Parent not working,6,4,2
S01011155,All parents aged 16 and over with dependent children,107,51,56
S01011155,Couple family: Total,92,40,52
S01011155,Couple family: Both parents working,72,34,38
S01011155,Couple family: One parent working,16,4,12
S01011155,Couple family: No parents working,4,2,2
S01011155,Lone parent family: Total,15,11,4
S01011155,Lone parent family: Parent working,9,7,2
S01011155,Lone parent family: Parent not working,6,4,2
S01011156,All parents aged 16 and over with dependent children,115,58,57
S01011156,Couple family: Total,106,52,54
S01011156,Couple family: Both parents working,92,48,44
S01011156,Couple family: One parent working,10,4,6
S01011156,Couple family: No parents working,4,0,4
S01011156,Lone parent family: Total,9,6,3
S01011156,Lone parent family: Parent working,9,6,3
S01011156,Lone parent family: Parent not working,0,0,0
S01011157,All parents aged 16 and over with dependent children,87,45,42
S01011157,Couple family: Total,78,38,40
S01011157,Couple family: Both parents working,64,28,36
S01011157,Couple family: One parent working,12,8,4
S01011157,Couple family: No parents working,2,2,0
S01011157,Lone parent family: Total,9,7,2
S01011157,Lone parent family: Parent working,6,5,1
S01011157,Lone parent family: Parent not working,3,2,1
S01011158,All parents aged 16 and over with dependent children,55,15,40
S01011158,Couple family: Total,44,12,32
S01011158,Couple family: Both parents working,30,10,20
S01011158,Couple family: One parent working,12,2,10
S01011158,Couple family: No parents working,2,0,2
S01011158,Lone parent family: Total,11,3,8
S01011158,Lone parent family: Parent working,8,1,7
S01011158,Lone parent family: Parent not working,3,2,1
S01011159,All parents aged 16 and over with dependent children,79,44,35
S01011159,Couple family: Total,64,36,28
S01011159,Couple family: Both parents working,54,32,22
S01011159,Couple family: One parent working,8,4,4
S01011159,Couple family: No parents working,2,0,2
S01011159,Lone parent family: Total,15,8,7
S01011159,Lone parent family: Parent working,8,4,4
S01011159,Lone parent family: Parent not working,7,4,3
S01011160,All parents aged 16 and over with dependent children,195,96,99
S01011160,Couple family: Total,162,78,84
S01011160,Couple family: Both parents working,118,60,58
S01011160,Couple family: One parent working,36,14,22
S01011160,Couple family: No parents working,8,4,4
S01011160,Lone parent family: Total,33,18,15
S01011160,Lone parent family: Parent working,26,14,12
S01011160,Lone parent family: Parent not working,7,4,3
S01011161,All parents aged 16 and over with dependent children,144,67,77
S01011161,Couple family: Total,114,48,66
S01011161,Couple family: Both parents working,70,28,42
S01011161,Couple family: One parent working,34,12,22
S01011161,Couple family: No parents working,10,8,2
S01011161,Lone parent family: Total,30,19,11
S01011161,Lone parent family: Parent working,21,12,9
S01011161,Lone parent family: Parent not working,9,7,2
S01011162,All parents aged 16 and over with dependent children,107,33,74
S01011162,Couple family: Total,76,18,58
S01011162,Couple family: Both parents working,44,16,28
S01011162,Couple family: One parent working,24,2,22
S01011162,Couple family: No parents working,8,0,8
S01011162,Lone parent family: Total,31,15,16
S01011162,Lone parent family: Parent working,14,7,7
S01011162,Lone parent family: Parent not working,17,8,9
S01011163,All parents aged 16 and over with dependent children,148,81,67
S01011163,Couple family: Total,108,56,52
S01011163,Couple family: Both parents working,74,40,34
S01011163,Couple family: One parent working,30,14,16
S01011163,Couple family: No parents working,4,2,2
S01011163,Lone parent family: Total,40,25,15
S01011163,Lone parent family: Parent working,28,17,11
S01011163,Lone parent family: Parent not working,12,8,4
S01011164,All parents aged 16 and over with dependent children,188,81,107
S01011164,Couple family: Total,158,66,92
S01011164,Couple family: Both parents working,110,52,58
S01011164,Couple family: One parent working,40,12,28
S01011164,Couple family: No parents working,8,2,6
S01011164,Lone parent family: Total,30,15,15
S01011164,Lone parent family: Parent working,16,10,6
S01011164,Lone parent family: Parent not working,14,5,9
S01011165,All parents aged 16 and over with dependent children,147,69,78
S01011165,Couple family: Total,110,48,62
S01011165,Couple family: Both parents working,66,36,30
S01011165,Couple family: One parent working,42,10,32
S01011165,Couple family: No parents working,2,2,0
S01011165,Lone parent family: Total,37,21,16
S01011165,Lone parent family: Parent working,16,11,5
S01011165,Lone parent family: Parent not working,21,10,11
S01011166,All parents aged 16 and over with dependent children,103,39,64
S01011166,Couple family: Total,92,32,60
S01011166,Couple family: Both parents working,78,26,52
S01011166,Couple family: One parent working,12,4,8
S01011166,Couple family: No parents working,2,2,0
S01011166,Lone parent family: Total,11,7,4
S01011166,Lone parent family: Parent working,9,6,3
S01011166,Lone parent family: Parent not working,2,1,1
S01011167,All parents aged 16 and over with dependent children,110,46,64
S01011167,Couple family: Total,108,44,64
S01011167,Couple family: Both parents working,84,34,50
S01011167,Couple family: One parent working,22,10,12
S01011167,Couple family: No parents working,2,0,2
S01011167,Lone parent family: Total,2,2,0
S01011167,Lone parent family: Parent working,2,2,0
S01011167,Lone parent family: Parent not working,0,0,0
S01011168,All parents aged 16 and over with dependent children,166,77,89
S01011168,Couple family: Total,156,72,84
S01011168,Couple family: Both parents working,94,46,48
S01011168,Couple family: One parent working,60,26,34
S01011168,Couple family: No parents working,2,0,2
S01011168,Lone parent family: Total,10,5,5
S01011168,Lone parent family: Parent working,8,4,4
S01011168,Lone parent family: Parent not working,2,1,1
S01011169,All parents aged 16 and over with dependent children,301,121,180
S01011169,Couple family: Total,278,114,164
S01011169,Couple family: Both parents working,196,94,102
S01011169,Couple family: One parent working,74,18,56
S01011169,Couple family: No parents working,8,2,6
S01011169,Lone parent family: Total,23,7,16
S01011169,Lone parent family: Parent working,14,5,9
S01011169,Lone parent family: Parent not working,9,2,7
S01011170,All parents aged 16 and over with dependent children,176,66,110
S01011170,Couple family: Total,160,60,100
S01011170,Couple family: Both parents working,90,42,48
S01011170,Couple family: One parent working,60,16,44
S01011170,Couple family: No parents working,10,2,8
S01011170,Lone parent family: Total,16,6,10
S01011170,Lone parent family: Parent working,13,5,8
S01011170,Lone parent family: Parent not working,3,1,2
S01011171,All parents aged 16 and over with dependent children,132,57,75
S01011171,Couple family: Total,120,50,70
S01011171,Couple family: Both parents working,98,38,60
S01011171,Couple family: One parent working,20,10,10
S01011171,Couple family: No parents working,2,2,0
S01011171,Lone parent family: Total,12,7,5
S01011171,Lone parent family: Parent working,7,4,3
S01011171,Lone parent family: Parent not working,5,3,2
S01011172,All parents aged 16 and over with dependent children,114,59,55
S01011172,Couple family: Total,106,54,52
S01011172,Couple family: Both parents working,76,40,36
S01011172,Couple family: One parent working,28,12,16
S01011172,Couple family: No parents working,2,2,0
S01011172,Lone parent family: Total,8,5,3
S01011172,Lone parent family: Parent working,6,4,2
S01011172,Lone parent family: Parent not working,2,1,1
S01011173,All parents aged 16 and over with dependent children,105,49,56
S01011173,Couple family: Total,98,44,54
S01011173,Couple family: Both parents working,76,32,44
S01011173,Couple family: One parent working,18,10,8
S01011173,Couple family: No parents working,4,2,2
S01011173,Lone parent family: Total,7,5,2
S01011173,Lone parent family: Parent working,5,3,2
S01011173,Lone parent family: Parent not working,2,2,0
S01011174,All parents aged 16 and over with dependent children,50,22,28
S01011174,Couple family: Total,38,18,20
S01011174,Couple family: Both parents working,30,16,14
S01011174,Couple family: One parent working,6,2,4
S01011174,Couple family: No parents working,2,0,2
S01011174,Lone parent family: Total,12,4,8
S01011174,Lone parent family: Parent working,9,2,7
S01011174,Lone parent family: Parent not working,3,2,1
S01011175,All parents aged 16 and over with dependent children,90,34,56
S01011175,Couple family: Total,74,24,50
S01011175,Couple family: Both parents working,56,18,38
S01011175,Couple family: One parent working,16,4,12
S01011175,Couple family: No parents working,2,2,0
S01011175,Lone parent family: Total,16,10,6
S01011175,Lone parent family: Parent working,11,8,3
S01011175,Lone parent family: Parent not working,5,2,3
S01011176,All parents aged 16 and over with dependent children,62,24,38
S01011176,Couple family: Total,54,20,34
S01011176,Couple family: Both parents working,44,16,28
S01011176,Couple family: One parent working,10,4,6
S01011176,Couple family: No parents working,0,0,0
S01011176,Lone parent family: Total,8,4,4
S01011176,Lone parent family: Parent working,7,4,3
S01011176,Lone parent family: Parent not working,1,0,1
S01011177,All parents aged 16 and over with dependent children,129,56,73
S01011177,Couple family: Total,108,42,66
S01011177,Couple family: Both parents working,98,38,60
S01011177,Couple family: One parent working,8,2,6
S01011177,Couple family: No parents working,2,2,0
S01011177,Lone parent family: Total,21,14,7
S01011177,Lone parent family: Parent working,16,11,5
S01011177,Lone parent family: Parent not working,5,3,2
S01011178,All parents aged 16 and over with dependent children,139,65,74
S01011178,Couple family: Total,120,56,64
S01011178,Couple family: Both parents working,66,34,32
S01011178,Couple family: One parent working,42,16,26
S01011178,Couple family: No parents working,12,6,6
S01011178,Lone parent family: Total,19,9,10
S01011178,Lone parent family: Parent working,13,6,7
S01011178,Lone parent family: Parent not working,6,3,3
S01011179,All parents aged 16 and over with dependent children,111,84,27
S01011179,Couple family: Total,88,66,22
S01011179,Couple family: Both parents working,62,46,16
S01011179,Couple family: One parent working,20,14,6
S01011179,Couple family: No parents working,6,6,0
S01011179,Lone parent family: Total,23,18,5
S01011179,Lone parent family: Parent working,17,13,4
S01011179,Lone parent family: Parent not working,6,5,1
S01011180,All parents aged 16 and over with dependent children,139,77,62
S01011180,Couple family: Total,102,54,48
S01011180,Couple family: Both parents working,46,24,22
S01011180,Couple family: One parent working,30,22,8
S01011180,Couple family: No parents working,26,8,18
S01011180,Lone parent family: Total,37,23,14
S01011180,Lone parent family: Parent working,16,11,5
S01011180,Lone parent family: Parent not working,21,12,9
S01011181,All parents aged 16 and over with dependent children,76,40,36
S01011181,Couple family: Total,72,38,34
S01011181,Couple family: Both parents working,56,28,28
S01011181,Couple family: One parent working,12,8,4
S01011181,Couple family: No parents working,4,2,2
S01011181,Lone parent family: Total,4,2,2
S01011181,Lone parent family: Parent working,2,1,1
S01011181,Lone parent family: Parent not working,2,1,1
S01011182,All parents aged 16 and over with dependent children,63,34,29
S01011182,Couple family: Total,60,32,28
S01011182,Couple family: Both parents working,48,22,26
S01011182,Couple family: One parent working,10,8,2
S01011182,Couple family: No parents working,2,2,0
S01011182,Lone parent family: Total,3,2,1
S01011182,Lone parent family: Parent working,3,2,1
S01011182,Lone parent family: Parent not working,0,0,0
S01011183,All parents aged 16 and over with dependent children,114,54,60
S01011183,Couple family: Total,96,42,54
S01011183,Couple family: Both parents working,66,26,40
S01011183,Couple family: One parent working,22,12,10
S01011183,Couple family: No parents working,8,4,4
S01011183,Lone parent family: Total,18,12,6
S01011183,Lone parent family: Parent working,8,4,4
S01011183,Lone parent family: Parent not working,10,8,2
S01011184,All parents aged 16 and over with dependent children,223,92,131
S01011184,Couple family: Total,212,86,126
S01011184,Couple family: Both parents working,182,70,112
S01011184,Couple family: One parent working,28,16,12
S01011184,Couple family: No parents working,2,0,2
S01011184,Lone parent family: Total,11,6,5
S01011184,Lone parent family: Parent working,10,5,5
S01011184,Lone parent family: Parent not working,1,1,0
S01011185,All parents aged 16 and over with dependent children,105,53,52
S01011185,Couple family: Total,92,44,48
S01011185,Couple family: Both parents working,82,44,38
S01011185,Couple family: One parent working,10,0,10
S01011185,Couple family: No parents working,0,0,0
S01011185,Lone parent family: Total,13,9,4
S01011185,Lone parent family: Parent working,6,4,2
S01011185,Lone parent family: Parent not working,7,5,2
S01011186,All parents aged 16 and over with dependent children,151,91,60
S01011186,Couple family: Total,114,68,46
S01011186,Couple family: Both parents working,82,56,26
S01011186,Couple family: One parent working,22,10,12
S01011186,Couple family: No parents working,10,2,8
S01011186,Lone parent family: Total,37,23,14
S01011186,Lone parent family: Parent working,22,15,7
S01011186,Lone parent family: Parent not working,15,8,7
S01011187,All parents aged 16 and over with dependent children,103,54,49
S01011187,Couple family: Total,94,50,44
S01011187,Couple family: Both parents working,82,44,38
S01011187,Couple family: One parent working,10,6,4
S01011187,Couple family: No parents working,2,0,2
S01011187,Lone parent family: Total,9,4,5
S01011187,Lone parent family: Parent working,8,4,4
S01011187,Lone parent family: Parent not working,1,0,1
S01011188,All parents aged 16 and over with dependent children,197,94,103
S01011188,Couple family: Total,156,74,82
S01011188,Couple family: Both parents working,116,60,56
S01011188,Couple family: One parent working,34,12,22
S01011188,Couple family: No parents working,6,2,4
S01011188,Lone parent family: Total,41,20,21
S01011188,Lone parent family: Parent working,23,13,10
S01011188,Lone parent family: Parent not working,18,7,11
S01011189,All parents aged 16 and over with dependent children,146,78,68
S01011189,Couple family: Total,112,54,58
S01011189,Couple family: Both parents working,92,44,48
S01011189,Couple family: One parent working,16,6,10
S01011189,Couple family: No parents working,4,4,0
S01011189,Lone parent family: Total,34,24,10
S01011189,Lone parent family: Parent working,23,15,8
S01011189,Lone parent family: Parent not working,11,9,2
S01011190,All parents aged 16 and over with dependent children,122,58,64
S01011190,Couple family: Total,94,44,50
S01011190,Couple family: Both parents working,54,32,22
S01011190,Couple family: One parent working,26,6,20
S01011190,Couple family: No parents working,14,6,8
S01011190,Lone parent family: Total,28,14,14
S01011190,Lone parent family: Parent working,14,8,6
S01011190,Lone parent family: Parent not working,14,6,8
S01011191,All parents aged 16 and over with dependent children,117,64,53
S01011191,Couple family: Total,84,42,42
S01011191,Couple family: Both parents working,56,30,26
S01011191,Couple family: One parent working,16,4,12
S01011191,Couple family: No parents working,12,8,4
S01011191,Lone parent family: Total,33,22,11
S01011191,Lone parent family: Parent working,21,16,5
S01011191,Lone parent family: Parent not working,12,6,6
S01011192,All parents aged 16 and over with dependent children,167,97,70
S01011192,Couple family: Total,128,70,58
S01011192,Couple family: Both parents working,64,40,24
S01011192,Couple family: One parent working,40,18,22
S01011192,Couple family: No parents working,24,12,12
S01011192,Lone parent family: Total,39,27,12
S01011192,Lone parent family: Parent working,21,17,4
S01011192,Lone parent family: Parent not working,18,10,8
S01011193,All parents aged 16 and over with dependent children,178,85,93
S01011193,Couple family: Total,136,60,76
S01011193,Couple family: Both parents working,78,36,42
S01011193,Couple family: One parent working,40,14,26
S01011193,Couple family: No parents working,18,10,8
S01011193,Lone parent family: Total,42,25,17
S01011193,Lone parent family: Parent working,17,9,8
S01011193,Lone parent family: Parent not working,25,16,9
S01011194,All parents aged 16 and over with dependent children,184,105,79
S01011194,Couple family: Total,120,58,62
S01011194,Couple family: Both parents working,68,36,32
S01011194,Couple family: One parent working,36,18,18
S01011194,Couple family: No parents working,16,4,12
S01011194,Lone parent family: Total,64,47,17
S01011194,Lone parent family: Parent working,33,24,9
S01011194,Lone parent family: Parent not working,31,23,8
S01011195,All parents aged 16 and over with dependent children,182,77,105
S01011195,Couple family: Total,128,50,78
S01011195,Couple family: Both parents working,70,30,40
S01011195,Couple family: One parent working,42,12,30
S01011195,Couple family: No parents working,16,8,8
S01011195,Lone parent family: Total,54,27,27
S01011195,Lone parent family: Parent working,29,16,13
S01011195,Lone parent family: Parent not working,25,11,14
S01011196,All parents aged 16 and over with dependent children,190,85,105
S01011196,Couple family: Total,132,54,78
S01011196,Couple family: Both parents working,80,42,38
S01011196,Couple family: One parent working,42,8,34
S01011196,Couple family: No parents working,10,4,6
S01011196,Lone parent family: Total,58,31,27
S01011196,Lone parent family: Parent working,25,15,10
S01011196,Lone parent family: Parent not working,33,16,17
S01011197,All parents aged 16 and over with dependent children,193,82,111
S01011197,Couple family: Total,138,54,84
S01011197,Couple family: Both parents working,66,30,36
S01011197,Couple family: One parent working,48,14,34
S01011197,Couple family: No parents working,24,10,14
S01011197,Lone parent family: Total,55,28,27
S01011197,Lone parent family: Parent working,21,16,5
S01011197,Lone parent family: Parent not working,34,12,22
S01011198,All parents aged 16 and over with dependent children,137,60,77
S01011198,Couple family: Total,98,34,64
S01011198,Couple family: Both parents working,42,16,26
S01011198,Couple family: One parent working,38,12,26
S01011198,Couple family: No parents working,18,6,12
S01011198,Lone parent family: Total,39,26,13
S01011198,Lone parent family: Parent working,22,14,8
S01011198,Lone parent family: Parent not working,17,12,5
S01011199,All parents aged 16 and over with dependent children,170,97,73
S01011199,Couple family: Total,134,72,62
S01011199,Couple family: Both parents working,98,52,46
S01011199,Couple family: One parent working,26,16,10
S01011199,Couple family: No parents working,10,4,6
S01011199,Lone parent family: Total,36,25,11
S01011199,Lone parent family: Parent working,18,12,6
S01011199,Lone parent family: Parent not working,18,13,5
S01011200,All parents aged 16 and over with dependent children,143,79,64
S01011200,Couple family: Total,108,56,52
S01011200,Couple family: Both parents working,64,40,24
S01011200,Couple family: One parent working,28,8,20
S01011200,Couple family: No parents working,16,8,8
S01011200,Lone parent family: Total,35,23,12
S01011200,Lone parent family: Parent working,24,17,7
S01011200,Lone parent family: Parent not working,11,6,5
S01011201,All parents aged 16 and over with dependent children,111,63,48
S01011201,Couple family: Total,98,52,46
S01011201,Couple family: Both parents working,86,44,42
S01011201,Couple family: One parent working,10,6,4
S01011201,Couple family: No parents working,2,2,0
S01011201,Lone parent family: Total,13,11,2
S01011201,Lone parent family: Parent working,5,4,1
S01011201,Lone parent family: Parent not working,8,7,1
S01011202,All parents aged 16 and over with dependent children,176,102,74
S01011202,Couple family: Total,122,64,58
S01011202,Couple family: Both parents working,84,40,44
S01011202,Couple family: One parent working,34,22,12
S01011202,Couple family: No parents working,4,2,2
S01011202,Lone parent family: Total,54,38,16
S01011202,Lone parent family: Parent working,40,29,11
S01011202,Lone parent family: Parent not working,14,9,5
S01011203,All parents aged 16 and over with dependent children,189,110,79
S01011203,Couple family: Total,154,88,66
S01011203,Couple family: Both parents working,120,78,42
S01011203,Couple family: One parent working,28,10,18
S01011203,Couple family: No parents working,6,0,6
S01011203,Lone parent family: Total,35,22,13
S01011203,Lone parent family: Parent working,23,13,10
S01011203,Lone parent family: Parent not working,12,9,3
S01011204,All parents aged 16 and over with dependent children,112,52,60
S01011204,Couple family: Total,102,48,54
S01011204,Couple family: Both parents working,94,44,50
S01011204,Couple family: One parent working,8,4,4
S01011204,Couple family: No parents working,0,0,0
S01011204,Lone parent family: Total,10,4,6
S01011204,Lone parent family: Parent working,8,2,6
S01011204,Lone parent family: Parent not working,2,2,0
S01011205,All parents aged 16 and over with dependent children,275,116,159
S01011205,Couple family: Total,244,98,146
S01011205,Couple family: Both parents working,194,82,112
S01011205,Couple family: One parent working,50,16,34
S01011205,Couple family: No parents working,0,0,0
S01011205,Lone parent family: Total,31,18,13
S01011205,Lone parent family: Parent working,22,15,7
S01011205,Lone parent family: Parent not working,9,3,6
S01011206,All parents aged 16 and over with dependent children,204,96,108
S01011206,Couple family: Total,174,80,94
S01011206,Couple family: Both parents working,132,70,62
S01011206,Couple family: One parent working,36,10,26
S01011206,Couple family: No parents working,6,0,6
S01011206,Lone parent family: Total,30,16,14
S01011206,Lone parent family: Parent working,24,12,12
S01011206,Lone parent family: Parent not working,6,4,2
S01011207,All parents aged 16 and over with dependent children,173,96,77
S01011207,Couple family: Total,156,86,70
S01011207,Couple family: Both parents working,102,54,48
S01011207,Couple family: One parent working,50,30,20
S01011207,Couple family: No parents working,4,2,2
S01011207,Lone parent family: Total,17,10,7
S01011207,Lone parent family: Parent working,12,7,5
S01011207,Lone parent family: Parent not working,5,3,2
S01011208,All parents aged 16 and over with dependent children,235,111,124
S01011208,Couple family: Total,212,94,118
S01011208,Couple family: Both parents working,180,88,92
S01011208,Couple family: One parent working,24,4,20
S01011208,Couple family: No parents working,8,2,6
S01011208,Lone parent family: Total,23,17,6
S01011208,Lone parent family: Parent working,19,13,6
S01011208,Lone parent family: Parent not working,4,4,0
S01011209,All parents aged 16 and over with dependent children,134,70,64
S01011209,Couple family: Total,102,52,50
S01011209,Couple family: Both parents working,56,34,22
S01011209,Couple family: One parent working,34,16,18
S01011209,Couple family: No parents working,12,2,10
S01011209,Lone parent family: Total,32,18,14
S01011209,Lone parent family: Parent working,16,12,4
S01011209,Lone parent family: Parent not working,16,6,10
S01011210,All parents aged 16 and over with dependent children,185,86,99
S01011210,Couple family: Total,172,78,94
S01011210,Couple family: Both parents working,128,56,72
S01011210,Couple family: One parent working,34,18,16
S01011210,Couple family: No parents working,10,4,6
S01011210,Lone parent family: Total,13,8,5
S01011210,Lone parent family: Parent working,8,3,5
S01011210,Lone parent family: Parent not working,5,5,0
S01011211,All parents aged 16 and over with dependent children,195,79,116
S01011211,Couple family: Total,172,66,106
S01011211,Couple family: Both parents working,144,50,94
S01011211,Couple family: One parent working,18,8,10
S01011211,Couple family: No parents working,10,8,2
S01011211,Lone parent family: Total,23,13,10
S01011211,Lone parent family: Parent working,21,13,8
S01011211,Lone parent family: Parent not working,2,0,2
S01011212,All parents aged 16 and over with dependent children,128,55,73
S01011212,Couple family: Total,84,36,48
S01011212,Couple family: Both parents working,54,24,30
S01011212,Couple family: One parent working,24,10,14
S01011212,Couple family: No parents working,6,2,4
S01011212,Lone parent family: Total,44,19,25
S01011212,Lone parent family: Parent working,20,11,9
S01011212,Lone parent family: Parent not working,24,8,16
S01011213,All parents aged 16 and over with dependent children,237,101,136
S01011213,Couple family: Total,156,54,102
S01011213,Couple family: Both parents working,84,28,56
S01011213,Couple family: One parent working,48,12,36
S01011213,Couple family: No parents working,24,14,10
S01011213,Lone parent family: Total,81,47,34
S01011213,Lone parent family: Parent working,36,20,16
S01011213,Lone parent family: Parent not working,45,27,18
S01011214,All parents aged 16 and over with dependent children,203,97,106
S01011214,Couple family: Total,140,66,74
S01011214,Couple family: Both parents working,64,32,32
S01011214,Couple family: One parent working,52,18,34
S01011214,Couple family: No parents working,24,16,8
S01011214,Lone parent family: Total,63,31,32
S01011214,Lone parent family: Parent working,28,14,14
S01011214,Lone parent family: Parent not working,35,17,18
S01011215,All parents aged 16 and over with dependent children,143,67,76
S01011215,Couple family: Total,106,42,64
S01011215,Couple family: Both parents working,44,20,24
S01011215,Couple family: One parent working,26,14,12
S01011215,Couple family: No parents working,36,8,28
S01011215,Lone parent family: Total,37,25,12
S01011215,Lone parent family: Parent working,20,11,9
S01011215,Lone parent family: Parent not working,17,14,3
S01011216,All parents aged 16 and over with dependent children,115,60,55
S01011216,Couple family: Total,84,36,48
S01011216,Couple family: Both parents working,54,28,26
S01011216,Couple family: One parent working,20,4,16
S01011216,Couple family: No parents working,10,4,6
S01011216,Lone parent family: Total,31,24,7
S01011216,Lone parent family: Parent working,15,12,3
S01011216,Lone parent family: Parent not working,16,12,4
S01011217,All parents aged 16 and over with dependent children,168,92,76
S01011217,Couple family: Total,106,48,58
S01011217,Couple family: Both parents working,60,28,32
S01011217,Couple family: One parent working,22,6,16
S01011217,Couple family: No parents working,24,14,10
S01011217,Lone parent family: Total,62,44,18
S01011217,Lone parent family: Parent working,30,25,5
S01011217,Lone parent family: Parent not working,32,19,13
S01011218,All parents aged 16 and over with dependent children,179,93,86
S01011218,Couple family: Total,112,60,52
S01011218,Couple family: Both parents working,58,36,22
S01011218,Couple family: One parent working,30,8,22
S01011218,Couple family: No parents working,24,16,8
S01011218,Lone parent family: Total,67,33,34
S01011218,Lone parent family: Parent working,25,16,9
S01011218,Lone parent family: Parent not working,42,17,25
S01011219,All parents aged 16 and over with dependent children,169,97,72
S01011219,Couple family: Total,122,66,56
S01011219,Couple family: Both parents working,78,40,38
S01011219,Couple family: One parent working,24,12,12
S01011219,Couple family: No parents working,20,14,6
S01011219,Lone parent family: Total,47,31,16
S01011219,Lone parent family: Parent working,23,20,3
S01011219,Lone parent family: Parent not working,24,11,13
S01011220,All parents aged 16 and over with dependent children,175,106,69
S01011220,Couple family: Total,124,68,56
S01011220,Couple family: Both parents working,78,46,32
S01011220,Couple family: One parent working,22,14,8
S01011220,Couple family: No parents working,24,8,16
S01011220,Lone parent family: Total,51,38,13
S01011220,Lone parent family: Parent working,29,24,5
S01011220,Lone parent family: Parent not working,22,14,8
S01011221,All parents aged 16 and over with dependent children,223,126,97
S01011221,Couple family: Total,164,86,78
S01011221,Couple family: Both parents working,124,66,58
S01011221,Couple family: One parent working,30,12,18
S01011221,Couple family: No parents working,10,8,2
S01011221,Lone parent family: Total,59,40,19
S01011221,Lone parent family: Parent working,33,22,11
S01011221,Lone parent family: Parent not working,26,18,8
S01011222,All parents aged 16 and over with dependent children,132,68,64
S01011222,Couple family: Total,104,44,60
S01011222,Couple family: Both parents working,70,32,38
S01011222,Couple family: One parent working,28,12,16
S01011222,Couple family: No parents working,6,0,6
S01011222,Lone parent family: Total,28,24,4
S01011222,Lone parent family: Parent working,12,11,1
S01011222,Lone parent family: Parent not working,16,13,3
S01011223,All parents aged 16 and over with dependent children,161,74,87
S01011223,Couple family: Total,118,50,68
S01011223,Couple family: Both parents working,88,40,48
S01011223,Couple family: One parent working,26,8,18
S01011223,Couple family: No parents working,4,2,2
S01011223,Lone parent family: Total,43,24,19
S01011223,Lone parent family: Parent working,26,14,12
S01011223,Lone parent family: Parent not working,17,10,7
S01011224,All parents aged 16 and over with dependent children,107,62,45
S01011224,Couple family: Total,76,40,36
S01011224,Couple family: Both parents working,50,30,20
S01011224,Couple family: One parent working,18,8,10
S01011224,Couple family: No parents working,8,2,6
S01011224,Lone parent family: Total,31,22,9
S01011224,Lone parent family: Parent working,19,13,6
S01011224,Lone parent family: Parent not working,12,9,3
S01011225,All parents aged 16 and over with dependent children,122,61,61
S01011225,Couple family: Total,76,36,40
S01011225,Couple family: Both parents working,26,20,6
S01011225,Couple family: One parent working,38,12,26
S01011225,Couple family: No parents working,12,4,8
S01011225,Lone parent family: Total,46,25,21
S01011225,Lone parent family: Parent working,21,10,11
S01011225,Lone parent family: Parent not working,25,15,10
S01011226,All parents aged 16 and over with dependent children,179,97,82
S01011226,Couple family: Total,150,74,76
S01011226,Couple family: Both parents working,120,64,56
S01011226,Couple family: One parent working,20,6,14
S01011226,Couple family: No parents working,10,4,6
S01011226,Lone parent family: Total,29,23,6
S01011226,Lone parent family: Parent working,23,18,5
S01011226,Lone parent family: Parent not working,6,5,1
S01011227,All parents aged 16 and over with dependent children,99,56,43
S01011227,Couple family: Total,64,36,28
S01011227,Couple family: Both parents working,38,22,16
S01011227,Couple family: One parent working,18,10,8
S01011227,Couple family: No parents working,8,4,4
S01011227,Lone parent family: Total,35,20,15
S01011227,Lone parent family: Parent working,12,9,3
S01011227,Lone parent family: Parent not working,23,11,12
S01011228,All parents aged 16 and over with dependent children,119,71,48
S01011228,Couple family: Total,82,46,36
S01011228,Couple family: Both parents working,54,34,20
S01011228,Couple family: One parent working,24,10,14
S01011228,Couple family: No parents working,4,2,2
S01011228,Lone parent family: Total,37,25,12
S01011228,Lone parent family: Parent working,21,14,7
S01011228,Lone parent family: Parent not working,16,11,5
S01011229,All parents aged 16 and over with dependent children,92,56,36
S01011229,Couple family: Total,50,24,26
S01011229,Couple family: Both parents working,28,16,12
S01011229,Couple family: One parent working,18,8,10
S01011229,Couple family: No parents working,4,0,4
S01011229,Lone parent family: Total,42,32,10
S01011229,Lone parent family: Parent working,15,12,3
S01011229,Lone parent family: Parent not working,27,20,7
S01011230,All parents aged 16 and over with dependent children,138,75,63
S01011230,Couple family: Total,76,40,36
S01011230,Couple family: Both parents working,34,18,16
S01011230,Couple family: One parent working,24,12,12
S01011230,Couple family: No parents working,18,10,8
S01011230,Lone parent family: Total,62,35,27
S01011230,Lone parent family: Parent working,17,10,7
S01011230,Lone parent family: Parent not working,45,25,20
S01011231,All parents aged 16 and over with dependent children,116,63,53
S01011231,Couple family: Total,82,40,42
S01011231,Couple family: Both parents working,40,20,20
S01011231,Couple family: One parent working,26,12,14
S01011231,Couple family: No parents working,16,8,8
S01011231,Lone parent family: Total,34,23,11
S01011231,Lone parent family: Parent working,13,10,3
S01011231,Lone parent family: Parent not working,21,13,8
S01011232,All parents aged 16 and over with dependent children,124,77,47
S01011232,Couple family: Total,96,56,40
S01011232,Couple family: Both parents working,60,30,30
S01011232,Couple family: One parent working,18,12,6
S01011232,Couple family: No parents working,18,14,4
S01011232,Lone parent family: Total,28,21,7
S01011232,Lone parent family: Parent working,14,12,2
S01011232,Lone parent family: Parent not working,14,9,5
S01011233,All parents aged 16 and over with dependent children,77,45,32
S01011233,Couple family: Total,56,32,24
S01011233,Couple family: Both parents working,18,12,6
S01011233,Couple family: One parent working,26,14,12
S01011233,Couple family: No parents working,12,6,6
S01011233,Lone parent family: Total,21,13,8
S01011233,Lone parent family: Parent working,6,3,3
S01011233,Lone parent family: Parent not working,15,10,5
S01011234,All parents aged 16 and over with dependent children,246,121,125
S01011234,Couple family: Total,158,62,96
S01011234,Couple family: Both parents working,78,34,44
S01011234,Couple family: One parent working,44,16,28
S01011234,Couple family: No parents working,36,12,24
S01011234,Lone parent family: Total,88,59,29
S01011234,Lone parent family: Parent working,33,26,7
S01011234,Lone parent family: Parent not working,55,33,22
S01011235,All parents aged 16 and over with dependent children,71,34,37
S01011235,Couple family: Total,40,16,24
S01011235,Couple family: Both parents working,24,10,14
S01011235,Couple family: One parent working,10,4,6
S01011235,Couple family: No parents working,6,2,4
S01011235,Lone parent family: Total,31,18,13
S01011235,Lone parent family: Parent working,14,9,5
S01011235,Lone parent family: Parent not working,17,9,8
S01011236,All parents aged 16 and over with dependent children,89,51,38
S01011236,Couple family: Total,62,34,28
S01011236,Couple family: Both parents working,46,22,24
S01011236,Couple family: One parent working,6,4,2
S01011236,Couple family: No parents working,10,8,2
S01011236,Lone parent family: Total,27,17,10
S01011236,Lone parent family: Parent working,12,8,4
S01011236,Lone parent family: Parent not working,15,9,6
S01011237,All parents aged 16 and over with dependent children,178,97,81
S01011237,Couple family: Total,120,60,60
S01011237,Couple family: Both parents working,68,42,26
S01011237,Couple family: One parent working,48,16,32
S01011237,Couple family: No parents working,4,2,2
S01011237,Lone parent family: Total,58,37,21
S01011237,Lone parent family: Parent working,30,25,5
S01011237,Lone parent family: Parent not working,28,12,16
S01011238,All parents aged 16 and over with dependent children,138,84,54
S01011238,Couple family: Total,86,46,40
S01011238,Couple family: Both parents working,38,26,12
S01011238,Couple family: One parent working,28,14,14
S01011238,Couple family: No parents working,20,6,14
S01011238,Lone parent family: Total,52,38,14
S01011238,Lone parent family: Parent working,22,15,7
S01011238,Lone parent family: Parent not working,30,23,7
S01011239,All parents aged 16 and over with dependent children,98,61,37
S01011239,Couple family: Total,76,48,28
S01011239,Couple family: Both parents working,48,32,16
S01011239,Couple family: One parent working,18,10,8
S01011239,Couple family: No parents working,10,6,4
S01011239,Lone parent family: Total,22,13,9
S01011239,Lone parent family: Parent working,8,5,3
S01011239,Lone parent family: Parent not working,14,8,6
S01011240,All parents aged 16 and over with dependent children,69,35,34
S01011240,Couple family: Total,50,22,28
S01011240,Couple family: Both parents working,20,10,10
S01011240,Couple family: One parent working,20,8,12
S01011240,Couple family: No parents working,10,4,6
S01011240,Lone parent family: Total,19,13,6
S01011240,Lone parent family: Parent working,14,9,5
S01011240,Lone parent family: Parent not working,5,4,1
S01011241,All parents aged 16 and over with dependent children,136,69,67
S01011241,Couple family: Total,104,46,58
S01011241,Couple family: Both parents working,70,36,34
S01011241,Couple family: One parent working,30,6,24
S01011241,Couple family: No parents working,4,4,0
S01011241,Lone parent family: Total,32,23,9
S01011241,Lone parent family: Parent working,16,10,6
S01011241,Lone parent family: Parent not working,16,13,3
S01011242,All parents aged 16 and over with dependent children,127,73,54
S01011242,Couple family: Total,100,52,48
S01011242,Couple family: Both parents working,60,32,28
S01011242,Couple family: One parent working,30,16,14
S01011242,Couple family: No parents working,10,4,6
S01011242,Lone parent family: Total,27,21,6
S01011242,Lone parent family: Parent working,16,12,4
S01011242,Lone parent family: Parent not working,11,9,2
S01011243,All parents aged 16 and over with dependent children,117,79,38
S01011243,Couple family: Total,50,36,14
S01011243,Couple family: Both parents working,22,18,4
S01011243,Couple family: One parent working,14,12,2
S01011243,Couple family: No parents working,14,6,8
S01011243,Lone parent family: Total,67,43,24
S01011243,Lone parent family: Parent working,20,13,7
S01011243,Lone parent family: Parent not working,47,30,17
S01011244,All parents aged 16 and over with dependent children,96,56,40
S01011244,Couple family: Total,60,28,32
S01011244,Couple family: Both parents working,26,10,16
S01011244,Couple family: One parent working,24,14,10
S01011244,Couple family: No parents working,10,4,6
S01011244,Lone parent family: Total,36,28,8
S01011244,Lone parent family: Parent working,23,16,7
S01011244,Lone parent family: Parent not working,13,12,1
S01011245,All parents aged 16 and over with dependent children,136,74,62
S01011245,Couple family: Total,84,40,44
S01011245,Couple family: Both parents working,48,26,22
S01011245,Couple family: One parent working,22,8,14
S01011245,Couple family: No parents working,14,6,8
S01011245,Lone parent family: Total,52,34,18
S01011245,Lone parent family: Parent working,33,18,15
S01011245,Lone parent family: Parent not working,19,16,3
S01011246,All parents aged 16 and over with dependent children,133,79,54
S01011246,Couple family: Total,110,58,52
S01011246,Couple family: Both parents working,80,38,42
S01011246,Couple family: One parent working,22,14,8
S01011246,Couple family: No parents working,8,6,2
S01011246,Lone parent family: Total,23,21,2
S01011246,Lone parent family: Parent working,11,9,2
S01011246,Lone parent family: Parent not working,12,12,0
S01011247,All parents aged 16 and over with dependent children,122,52,70
S01011247,Couple family: Total,110,44,66
S01011247,Couple family: Both parents working,82,32,50
S01011247,Couple family: One parent working,18,6,12
S01011247,Couple family: No parents working,10,6,4
S01011247,Lone parent family: Total,12,8,4
S01011247,Lone parent family: Parent working,12,8,4
S01011247,Lone parent family: Parent not working,0,0,0
S01011248,All parents aged 16 and over with dependent children,143,68,75
S01011248,Couple family: Total,124,54,70
S01011248,Couple family: Both parents working,98,38,60
S01011248,Couple family: One parent working,26,16,10
S01011248,Couple family: No parents working,0,0,0
S01011248,Lone parent family: Total,19,14,5
S01011248,Lone parent family: Parent working,15,11,4
S01011248,Lone parent family: Parent not working,4,3,1
S01011249,All parents aged 16 and over with dependent children,158,81,77
S01011249,Couple family: Total,146,74,72
S01011249,Couple family: Both parents working,120,60,60
S01011249,Couple family: One parent working,18,10,8
S01011249,Couple family: No parents working,8,4,4
S01011249,Lone parent family: Total,12,7,5
S01011249,Lone parent family: Parent working,10,5,5
S01011249,Lone parent family: Parent not working,2,2,0
S01011250,All parents aged 16 and over with dependent children,276,127,149
S01011250,Couple family: Total,176,74,102
S01011250,Couple family: Both parents working,88,36,52
S01011250,Couple family: One parent working,58,24,34
S01011250,Couple family: No parents working,30,14,16
S01011250,Lone parent family: Total,100,53,47
S01011250,Lone parent family: Parent working,54,30,24
S01011250,Lone parent family: Parent not working,46,23,23
S01011251,All parents aged 16 and over with dependent children,192,99,93
S01011251,Couple family: Total,128,56,72
S01011251,Couple family: Both parents working,86,42,44
S01011251,Couple family: One parent working,32,12,20
S01011251,Couple family: No parents working,10,2,8
S01011251,Lone parent family: Total,64,43,21
S01011251,Lone parent family: Parent working,39,27,12
S01011251,Lone parent family: Parent not working,25,16,9
S01011252,All parents aged 16 and over with dependent children,208,114,94
S01011252,Couple family: Total,128,58,70
S01011252,Couple family: Both parents working,70,42,28
S01011252,Couple family: One parent working,38,12,26
S01011252,Couple family: No parents working,20,4,16
S01011252,Lone parent family: Total,80,56,24
S01011252,Lone parent family: Parent working,39,32,7
S01011252,Lone parent family: Parent not working,41,24,17
S01011253,All parents aged 16 and over with dependent children,188,98,90
S01011253,Couple family: Total,132,58,74
S01011253,Couple family: Both parents working,78,40,38
S01011253,Couple family: One parent working,36,14,22
S01011253,Couple family: No parents working,18,4,14
S01011253,Lone parent family: Total,56,40,16
S01011253,Lone parent family: Parent working,32,25,7
S01011253,Lone parent family: Parent not working,24,15,9
S01011254,All parents aged 16 and over with dependent children,225,105,120
S01011254,Couple family: Total,202,94,108
S01011254,Couple family: Both parents working,168,76,92
S01011254,Couple family: One parent working,30,16,14
S01011254,Couple family: No parents working,4,2,2
S01011254,Lone parent family: Total,23,11,12
S01011254,Lone parent family: Parent working,21,10,11
S01011254,Lone parent family: Parent not working,2,1,1
S01011255,All parents aged 16 and over with dependent children,257,105,152
S01011255,Couple family: Total,246,98,148
S01011255,Couple family: Both parents working,216,88,128
S01011255,Couple family: One parent working,28,10,18
S01011255,Couple family: No parents working,2,0,2
S01011255,Lone parent family: Total,11,7,4
S01011255,Lone parent family: Parent working,7,5,2
S01011255,Lone parent family: Parent not working,4,2,2
S01011256,All parents aged 16 and over with dependent children,179,62,117
S01011256,Couple family: Total,164,54,110
S01011256,Couple family: Both parents working,134,44,90
S01011256,Couple family: One parent working,26,8,18
S01011256,Couple family: No parents working,4,2,2
S01011256,Lone parent family: Total,15,8,7
S01011256,Lone parent family: Parent working,10,5,5
S01011256,Lone parent family: Parent not working,5,3,2
S01011257,All parents aged 16 and over with dependent children,53,28,25
S01011257,Couple family: Total,52,28,24
S01011257,Couple family: Both parents working,42,24,18
S01011257,Couple family: One parent working,8,2,6
S01011257,Couple family: No parents working,2,2,0
S01011257,Lone parent family: Total,1,0,1
S01011257,Lone parent family: Parent working,1,0,1
S01011257,Lone parent family: Parent not working,0,0,0
S01011258,All parents aged 16 and over with dependent children,129,70,59
S01011258,Couple family: Total,106,52,54
S01011258,Couple family: Both parents working,76,34,42
S01011258,Couple family: One parent working,28,16,12
S01011258,Couple family: No parents working,2,2,0
S01011258,Lone parent family: Total,23,18,5
S01011258,Lone parent family: Parent working,14,12,2
S01011258,Lone parent family: Parent not working,9,6,3
S01011259,All parents aged 16 and over with dependent children,118,69,49
S01011259,Couple family: Total,92,52,40
S01011259,Couple family: Both parents working,58,30,28
S01011259,Couple family: One parent working,22,10,12
S01011259,Couple family: No parents working,12,12,0
S01011259,Lone parent family: Total,26,17,9
S01011259,Lone parent family: Parent working,12,8,4
S01011259,Lone parent family: Parent not working,14,9,5
S01011260,All parents aged 16 and over with dependent children,134,79,55
S01011260,Couple family: Total,118,66,52
S01011260,Couple family: Both parents working,98,54,44
S01011260,Couple family: One parent working,16,8,8
S01011260,Couple family: No parents working,4,4,0
S01011260,Lone parent family: Total,16,13,3
S01011260,Lone parent family: Parent working,10,10,0
S01011260,Lone parent family: Parent not working,6,3,3
S01011261,All parents aged 16 and over with dependent children,153,51,102
S01011261,Couple family: Total,93,26,67
S01011261,Couple family: Both parents working,50,16,34
S01011261,Couple family: One parent working,24,2,22
S01011261,Couple family: No parents working,19,8,11
S01011261,Lone parent family: Total,60,25,35
S01011261,Lone parent family: Parent working,31,16,15
S01011261,Lone parent family: Parent not working,29,9,20
S01011262,All parents aged 16 and over with dependent children,91,49,42
S01011262,Couple family: Total,64,30,34
S01011262,Couple family: Both parents working,40,22,18
S01011262,Couple family: One parent working,20,6,14
S01011262,Couple family: No parents working,4,2,2
S01011262,Lone parent family: Total,27,19,8
S01011262,Lone parent family: Parent working,18,12,6
S01011262,Lone parent family: Parent not working,9,7,2
S01011263,All parents aged 16 and over with dependent children,299,137,162
S01011263,Couple family: Total,240,98,142
S01011263,Couple family: Both parents working,182,76,106
S01011263,Couple family: One parent working,46,18,28
S01011263,Couple family: No parents working,12,4,8
S01011263,Lone parent family: Total,59,39,20
S01011263,Lone parent family: Parent working,34,24,10
S01011263,Lone parent family: Parent not working,25,15,10
S01011264,All parents aged 16 and over with dependent children,155,55,100
S01011264,Couple family: Total,112,36,76
S01011264,Couple family: Both parents working,64,20,44
S01011264,Couple family: One parent working,30,10,20
S01011264,Couple family: No parents working,18,6,12
S01011264,Lone parent family: Total,43,19,24
S01011264,Lone parent family: Parent working,16,8,8
S01011264,Lone parent family: Parent not working,27,11,16
S01011265,All parents aged 16 and over with dependent children,277,137,140
S01011265,Couple family: Total,166,66,100
S01011265,Couple family: Both parents working,72,30,42
S01011265,Couple family: One parent working,70,18,52
S01011265,Couple family: No parents working,24,18,6
S01011265,Lone parent family: Total,111,71,40
S01011265,Lone parent family: Parent working,58,37,21
S01011265,Lone parent family: Parent not working,53,34,19
S01011266,All parents aged 16 and over with dependent children,168,76,92
S01011266,Couple family: Total,128,54,74
S01011266,Couple family: Both parents working,82,36,46
S01011266,Couple family: One parent working,30,6,24
S01011266,Couple family: No parents working,16,12,4
S01011266,Lone parent family: Total,40,22,18
S01011266,Lone parent family: Parent working,25,12,13
S01011266,Lone parent family: Parent not working,15,10,5
S01011267,All parents aged 16 and over with dependent children,101,48,53
S01011267,Couple family: Total,84,36,48
S01011267,Couple family: Both parents working,62,22,40
S01011267,Couple family: One parent working,14,10,4
S01011267,Couple family: No parents working,8,4,4
S01011267,Lone parent family: Total,17,12,5
S01011267,Lone parent family: Parent working,10,5,5
S01011267,Lone parent family: Parent not working,7,7,0
S01011268,All parents aged 16 and over with dependent children,54,31,23
S01011268,Couple family: Total,46,26,20
S01011268,Couple family: Both parents working,32,22,10
S01011268,Couple family: One parent working,14,4,10
S01011268,Couple family: No parents working,0,0,0
S01011268,Lone parent family: Total,8,5,3
S01011268,Lone parent family: Parent working,5,3,2
S01011268,Lone parent family: Parent not working,3,2,1
S01011269,All parents aged 16 and over with dependent children,81,46,35
S01011269,Couple family: Total,58,28,30
S01011269,Couple family: Both parents working,42,22,20
S01011269,Couple family: One parent working,6,2,4
S01011269,Couple family: No parents working,10,4,6
S01011269,Lone parent family: Total,23,18,5
S01011269,Lone parent family: Parent working,10,9,1
S01011269,Lone parent family: Parent not working,13,9,4
S01011270,All parents aged 16 and over with dependent children,124,69,55
S01011270,Couple family: Total,80,40,40
S01011270,Couple family: Both parents working,42,26,16
S01011270,Couple family: One parent working,30,10,20
S01011270,Couple family: No parents working,8,4,4
S01011270,Lone parent family: Total,44,29,15
S01011270,Lone parent family: Parent working,24,17,7
S01011270,Lone parent family: Parent not working,20,12,8
S01011271,All parents aged 16 and over with dependent children,121,49,72
S01011271,Couple family: Total,96,38,58
S01011271,Couple family: Both parents working,54,28,26
S01011271,Couple family: One parent working,28,4,24
S01011271,Couple family: No parents working,14,6,8
S01011271,Lone parent family: Total,25,11,14
S01011271,Lone parent family: Parent working,17,7,10
S01011271,Lone parent family: Parent not working,8,4,4
S01011272,All parents aged 16 and over with dependent children,119,82,37
S01011272,Couple family: Total,70,44,26
S01011272,Couple family: Both parents working,38,24,14
S01011272,Couple family: One parent working,24,14,10
S01011272,Couple family: No parents working,8,6,2
S01011272,Lone parent family: Total,49,38,11
S01011272,Lone parent family: Parent working,27,21,6
S01011272,Lone parent family: Parent not working,22,17,5
S01011273,All parents aged 16 and over with dependent children,228,90,138
S01011273,Couple family: Total,144,48,96
S01011273,Couple family: Both parents working,82,32,50
S01011273,Couple family: One parent working,40,12,28
S01011273,Couple family: No parents working,22,4,18
S01011273,Lone parent family: Total,84,42,42
S01011273,Lone parent family: Parent working,39,24,15
S01011273,Lone parent family: Parent not working,45,18,27
S01011274,All parents aged 16 and over with dependent children,217,109,108
S01011274,Couple family: Total,148,76,72
S01011274,Couple family: Both parents working,90,52,38
S01011274,Couple family: One parent working,38,16,22
S01011274,Couple family: No parents working,20,8,12
S01011274,Lone parent family: Total,69,33,36
S01011274,Lone parent family: Parent working,32,15,17
S01011274,Lone parent family: Parent not working,37,18,19
S01011275,All parents aged 16 and over with dependent children,168,71,97
S01011275,Couple family: Total,108,42,66
S01011275,Couple family: Both parents working,34,22,12
S01011275,Couple family: One parent working,40,12,28
S01011275,Couple family: No parents working,34,8,26
S01011275,Lone parent family: Total,60,29,31
S01011275,Lone parent family: Parent working,29,17,12
S01011275,Lone parent family: Parent not working,31,12,19
S01011276,All parents aged 16 and over with dependent children,215,97,118
S01011276,Couple family: Total,156,68,88
S01011276,Couple family: Both parents working,84,44,40
S01011276,Couple family: One parent working,52,20,32
S01011276,Couple family: No parents working,20,4,16
S01011276,Lone parent family: Total,59,29,30
S01011276,Lone parent family: Parent working,26,16,10
S01011276,Lone parent family: Parent not working,33,13,20
S01011277,All parents aged 16 and over with dependent children,116,74,42
S01011277,Couple family: Total,100,62,38
S01011277,Couple family: Both parents working,78,50,28
S01011277,Couple family: One parent working,20,10,10
S01011277,Couple family: No parents working,2,2,0
S01011277,Lone parent family: Total,16,12,4
S01011277,Lone parent family: Parent working,12,10,2
S01011277,Lone parent family: Parent not working,4,2,2
S01011278,All parents aged 16 and over with dependent children,99,57,42
S01011278,Couple family: Total,84,46,38
S01011278,Couple family: Both parents working,72,42,30
S01011278,Couple family: One parent working,10,4,6
S01011278,Couple family: No parents working,2,0,2
S01011278,Lone parent family: Total,15,11,4
S01011278,Lone parent family: Parent working,9,8,1
S01011278,Lone parent family: Parent not working,6,3,3
S01011279,All parents aged 16 and over with dependent children,112,60,52
S01011279,Couple family: Total,90,42,48
S01011279,Couple family: Both parents working,74,32,42
S01011279,Couple family: One parent working,16,10,6
S01011279,Couple family: No parents working,0,0,0
S01011279,Lone parent family: Total,22,18,4
S01011279,Lone parent family: Parent working,12,9,3
S01011279,Lone parent family: Parent not working,10,9,1
S01011280,All parents aged 16 and over with dependent children,103,49,54
S01011280,Couple family: Total,94,46,48
S01011280,Couple family: Both parents working,76,32,44
S01011280,Couple family: One parent working,12,12,0
S01011280,Couple family: No parents working,6,2,4
S01011280,Lone parent family: Total,9,3,6
S01011280,Lone parent family: Parent working,9,3,6
S01011280,Lone parent family: Parent not working,0,0,0
S01011281,All parents aged 16 and over with dependent children,171,81,90
S01011281,Couple family: Total,154,72,82
S01011281,Couple family: Both parents working,118,58,60
S01011281,Couple family: One parent working,34,14,20
S01011281,Couple family: No parents working,2,0,2
S01011281,Lone parent family: Total,17,9,8
S01011281,Lone parent family: Parent working,13,5,8
S01011281,Lone parent family: Parent not working,4,4,0
S01011282,All parents aged 16 and over with dependent children,271,104,167
S01011282,Couple family: Total,250,92,158
S01011282,Couple family: Both parents working,212,80,132
S01011282,Couple family: One parent working,34,12,22
S01011282,Couple family: No parents working,4,0,4
S01011282,Lone parent family: Total,21,12,9
S01011282,Lone parent family: Parent working,15,8,7
S01011282,Lone parent family: Parent not working,6,4,2
S01011283,All parents aged 16 and over with dependent children,243,102,141
S01011283,Couple family: Total,234,98,136
S01011283,Couple family: Both parents working,188,80,108
S01011283,Couple family: One parent working,38,14,24
S01011283,Couple family: No parents working,8,4,4
S01011283,Lone parent family: Total,9,4,5
S01011283,Lone parent family: Parent working,8,3,5
S01011283,Lone parent family: Parent not working,1,1,0
S01011284,All parents aged 16 and over with dependent children,222,58,164
S01011284,Couple family: Total,212,54,158
S01011284,Couple family: Both parents working,180,52,128
S01011284,Couple family: One parent working,30,2,28
S01011284,Couple family: No parents working,2,0,2
S01011284,Lone parent family: Total,10,4,6
S01011284,Lone parent family: Parent working,8,4,4
S01011284,Lone parent family: Parent not working,2,0,2
S01011285,All parents aged 16 and over with dependent children,161,73,88
S01011285,Couple family: Total,112,48,64
S01011285,Couple family: Both parents working,62,28,34
S01011285,Couple family: One parent working,36,14,22
S01011285,Couple family: No parents working,14,6,8
S01011285,Lone parent family: Total,49,25,24
S01011285,Lone parent family: Parent working,30,16,14
S01011285,Lone parent family: Parent not working,19,9,10
S01011286,All parents aged 16 and over with dependent children,164,82,82
S01011286,Couple family: Total,110,46,64
S01011286,Couple family: Both parents working,58,28,30
S01011286,Couple family: One parent working,38,10,28
S01011286,Couple family: No parents working,14,8,6
S01011286,Lone parent family: Total,54,36,18
S01011286,Lone parent family: Parent working,33,20,13
S01011286,Lone parent family: Parent not working,21,16,5
S01011287,All parents aged 16 and over with dependent children,185,98,87
S01011287,Couple family: Total,120,52,68
S01011287,Couple family: Both parents working,78,40,38
S01011287,Couple family: One parent working,28,10,18
S01011287,Couple family: No parents working,14,2,12
S01011287,Lone parent family: Total,65,46,19
S01011287,Lone parent family: Parent working,34,25,9
S01011287,Lone parent family: Parent not working,31,21,10
S01011288,All parents aged 16 and over with dependent children,169,95,74
S01011288,Couple family: Total,112,56,56
S01011288,Couple family: Both parents working,76,46,30
S01011288,Couple family: One parent working,22,8,14
S01011288,Couple family: No parents working,14,2,12
S01011288,Lone parent family: Total,57,39,18
S01011288,Lone parent family: Parent working,30,20,10
S01011288,Lone parent family: Parent not working,27,19,8
S01011289,All parents aged 16 and over with dependent children,208,100,108
S01011289,Couple family: Total,152,64,88
S01011289,Couple family: Both parents working,98,44,54
S01011289,Couple family: One parent working,42,20,22
S01011289,Couple family: No parents working,12,0,12
S01011289,Lone parent family: Total,56,36,20
S01011289,Lone parent family: Parent working,26,19,7
S01011289,Lone parent family: Parent not working,30,17,13
S01011290,All parents aged 16 and over with dependent children,183,103,80
S01011290,Couple family: Total,126,62,64
S01011290,Couple family: Both parents working,78,42,36
S01011290,Couple family: One parent working,30,12,18
S01011290,Couple family: No parents working,18,8,10
S01011290,Lone parent family: Total,57,41,16
S01011290,Lone parent family: Parent working,27,23,4
S01011290,Lone parent family: Parent not working,30,18,12
S01011291,All parents aged 16 and over with dependent children,161,86,75
S01011291,Couple family: Total,116,58,58
S01011291,Couple family: Both parents working,66,38,28
S01011291,Couple family: One parent working,38,20,18
S01011291,Couple family: No parents working,12,0,12
S01011291,Lone parent family: Total,45,28,17
S01011291,Lone parent family: Parent working,22,13,9
S01011291,Lone parent family: Parent not working,23,15,8
S01011292,All parents aged 16 and over with dependent children,125,68,57
S01011292,Couple family: Total,78,36,42
S01011292,Couple family: Both parents working,36,14,22
S01011292,Couple family: One parent working,14,8,6
S01011292,Couple family: No parents working,28,14,14
S01011292,Lone parent family: Total,47,32,15
S01011292,Lone parent family: Parent working,26,18,8
S01011292,Lone parent family: Parent not working,21,14,7
S01011293,All parents aged 16 and over with dependent children,163,93,70
S01011293,Couple family: Total,112,60,52
S01011293,Couple family: Both parents working,74,42,32
S01011293,Couple family: One parent working,26,14,12
S01011293,Couple family: No parents working,12,4,8
S01011293,Lone parent family: Total,51,33,18
S01011293,Lone parent family: Parent working,25,18,7
S01011293,Lone parent family: Parent not working,26,15,11
S01011294,All parents aged 16 and over with dependent children,113,62,51
S01011294,Couple family: Total,70,32,38
S01011294,Couple family: Both parents working,48,24,24
S01011294,Couple family: One parent working,14,6,8
S01011294,Couple family: No parents working,8,2,6
S01011294,Lone parent family: Total,43,30,13
S01011294,Lone parent family: Parent working,19,13,6
S01011294,Lone parent family: Parent not working,24,17,7
S01011295,All parents aged 16 and over with dependent children,182,104,78
S01011295,Couple family: Total,158,88,70
S01011295,Couple family: Both parents working,124,70,54
S01011295,Couple family: One parent working,20,10,10
S01011295,Couple family: No parents working,14,8,6
S01011295,Lone parent family: Total,24,16,8
S01011295,Lone parent family: Parent working,13,8,5
S01011295,Lone parent family: Parent not working,11,8,3
S01011296,All parents aged 16 and over with dependent children,89,48,41
S01011296,Couple family: Total,70,38,32
S01011296,Couple family: Both parents working,48,28,20
S01011296,Couple family: One parent working,12,4,8
S01011296,Couple family: No parents working,10,6,4
S01011296,Lone parent family: Total,19,10,9
S01011296,Lone parent family: Parent working,16,8,8
S01011296,Lone parent family: Parent not working,3,2,1
S01011297,All parents aged 16 and over with dependent children,195,94,101
S01011297,Couple family: Total,136,60,76
S01011297,Couple family: Both parents working,78,36,42
S01011297,Couple family: One parent working,32,12,20
S01011297,Couple family: No parents working,26,12,14
S01011297,Lone parent family: Total,59,34,25
S01011297,Lone parent family: Parent working,42,29,13
S01011297,Lone parent family: Parent not working,17,5,12
S01011298,All parents aged 16 and over with dependent children,160,64,96
S01011298,Couple family: Total,116,42,74
S01011298,Couple family: Both parents working,58,24,34
S01011298,Couple family: One parent working,30,8,22
S01011298,Couple family: No parents working,28,10,18
S01011298,Lone parent family: Total,44,22,22
S01011298,Lone parent family: Parent working,14,6,8
S01011298,Lone parent family: Parent not working,30,16,14
S01011299,All parents aged 16 and over with dependent children,92,41,51
S01011299,Couple family: Total,90,40,50
S01011299,Couple family: Both parents working,60,28,32
S01011299,Couple family: One parent working,26,10,16
S01011299,Couple family: No parents working,4,2,2
S01011299,Lone parent family: Total,2,1,1
S01011299,Lone parent family: Parent working,1,0,1
S01011299,Lone parent family: Parent not working,1,1,0
S01011300,All parents aged 16 and over with dependent children,190,98,92
S01011300,Couple family: Total,134,62,72
S01011300,Couple family: Both parents working,64,30,34
S01011300,Couple family: One parent working,42,24,18
S01011300,Couple family: No parents working,28,8,20
S01011300,Lone parent family: Total,56,36,20
S01011300,Lone parent family: Parent working,24,18,6
S01011300,Lone parent family: Parent not working,32,18,14
S01011301,All parents aged 16 and over with dependent children,127,50,77
S01011301,Couple family: Total,112,42,70
S01011301,Couple family: Both parents working,84,36,48
S01011301,Couple family: One parent working,28,6,22
S01011301,Couple family: No parents working,0,0,0
S01011301,Lone parent family: Total,15,8,7
S01011301,Lone parent family: Parent working,7,4,3
S01011301,Lone parent family: Parent not working,8,4,4
S01011302,All parents aged 16 and over with dependent children,118,69,49
S01011302,Couple family: Total,92,46,46
S01011302,Couple family: Both parents working,62,30,32
S01011302,Couple family: One parent working,24,14,10
S01011302,Couple family: No parents working,6,2,4
S01011302,Lone parent family: Total,26,23,3
S01011302,Lone parent family: Parent working,11,9,2
S01011302,Lone parent family: Parent not working,15,14,1
S01011303,All parents aged 16 and over with dependent children,227,113,114
S01011303,Couple family: Total,208,98,110
S01011303,Couple family: Both parents working,168,80,88
S01011303,Couple family: One parent working,36,16,20
S01011303,Couple family: No parents working,4,2,2
S01011303,Lone parent family: Total,19,15,4
S01011303,Lone parent family: Parent working,12,10,2
S01011303,Lone parent family: Parent not working,7,5,2
S01011304,All parents aged 16 and over with dependent children,146,60,86
S01011304,Couple family: Total,92,32,60
S01011304,Couple family: Both parents working,42,18,24
S01011304,Couple family: One parent working,42,12,30
S01011304,Couple family: No parents working,8,2,6
S01011304,Lone parent family: Total,54,28,26
S01011304,Lone parent family: Parent working,25,13,12
S01011304,Lone parent family: Parent not working,29,15,14
S01011305,All parents aged 16 and over with dependent children,203,94,109
S01011305,Couple family: Total,156,58,98
S01011305,Couple family: Both parents working,100,46,54
S01011305,Couple family: One parent working,46,10,36
S01011305,Couple family: No parents working,10,2,8
S01011305,Lone parent family: Total,47,36,11
S01011305,Lone parent family: Parent working,20,18,2
S01011305,Lone parent family: Parent not working,27,18,9
S01011306,All parents aged 16 and over with dependent children,114,56,58
S01011306,Couple family: Total,70,32,38
S01011306,Couple family: Both parents working,30,18,12
S01011306,Couple family: One parent working,22,10,12
S01011306,Couple family: No parents working,18,4,14
S01011306,Lone parent family: Total,44,24,20
S01011306,Lone parent family: Parent working,11,6,5
S01011306,Lone parent family: Parent not working,33,18,15
S01011307,All parents aged 16 and over with dependent children,97,37,60
S01011307,Couple family: Total,90,34,56
S01011307,Couple family: Both parents working,64,26,38
S01011307,Couple family: One parent working,24,6,18
S01011307,Couple family: No parents working,2,2,0
S01011307,Lone parent family: Total,7,3,4
S01011307,Lone parent family: Parent working,5,2,3
S01011307,Lone parent family: Parent not working,2,1,1
S01011308,All parents aged 16 and over with dependent children,83,42,41
S01011308,Couple family: Total,78,38,40
S01011308,Couple family: Both parents working,56,28,28
S01011308,Couple family: One parent working,22,10,12
S01011308,Couple family: No parents working,0,0,0
S01011308,Lone parent family: Total,5,4,1
S01011308,Lone parent family: Parent working,1,0,1
S01011308,Lone parent family: Parent not working,4,4,0
S01011309,All parents aged 16 and over with dependent children,119,55,64
S01011309,Couple family: Total,108,48,60
S01011309,Couple family: Both parents working,90,42,48
S01011309,Couple family: One parent working,16,4,12
S01011309,Couple family: No parents working,2,2,0
S01011309,Lone parent family: Total,11,7,4
S01011309,Lone parent family: Parent working,10,6,4
S01011309,Lone parent family: Parent not working,1,1,0
S01011310,All parents aged 16 and over with dependent children,122,52,70
S01011310,Couple family: Total,96,40,56
S01011310,Couple family: Both parents working,68,28,40
S01011310,Couple family: One parent working,22,10,12
S01011310,Couple family: No parents working,6,2,4
S01011310,Lone parent family: Total,26,12,14
S01011310,Lone parent family: Parent working,17,5,12
S01011310,Lone parent family: Parent not working,9,7,2
S01011311,All parents aged 16 and over with dependent children,102,38,64
S01011311,Couple family: Total,94,34,60
S01011311,Couple family: Both parents working,72,26,46
S01011311,Couple family: One parent working,22,8,14
S01011311,Couple family: No parents working,0,0,0
S01011311,Lone parent family: Total,8,4,4
S01011311,Lone parent family: Parent working,3,2,1
S01011311,Lone parent family: Parent not working,5,2,3
S01011312,All parents aged 16 and over with dependent children,191,83,108
S01011312,Couple family: Total,180,76,104
S01011312,Couple family: Both parents working,132,58,74
S01011312,Couple family: One parent working,38,10,28
S01011312,Couple family: No parents working,10,8,2
S01011312,Lone parent family: Total,11,7,4
S01011312,Lone parent family: Parent working,8,4,4
S01011312,Lone parent family: Parent not working,3,3,0
S01011313,All parents aged 16 and over with dependent children,140,58,82
S01011313,Couple family: Total,120,46,74
S01011313,Couple family: Both parents working,78,24,54
S01011313,Couple family: One parent working,40,22,18
S01011313,Couple family: No parents working,2,0,2
S01011313,Lone parent family: Total,20,12,8
S01011313,Lone parent family: Parent working,14,7,7
S01011313,Lone parent family: Parent not working,6,5,1
S01011314,All parents aged 16 and over with dependent children,247,92,155
S01011314,Couple family: Total,216,74,142
S01011314,Couple family: Both parents working,164,64,100
S01011314,Couple family: One parent working,50,10,40
S01011314,Couple family: No parents working,2,0,2
S01011314,Lone parent family: Total,31,18,13
S01011314,Lone parent family: Parent working,19,12,7
S01011314,Lone parent family: Parent not working,12,6,6
S01011315,All parents aged 16 and over with dependent children,98,46,52
S01011315,Couple family: Total,82,36,46
S01011315,Couple family: Both parents working,52,24,28
S01011315,Couple family: One parent working,24,8,16
S01011315,Couple family: No parents working,6,4,2
S01011315,Lone parent family: Total,16,10,6
S01011315,Lone parent family: Parent working,8,6,2
S01011315,Lone parent family: Parent not working,8,4,4
S01011316,All parents aged 16 and over with dependent children,167,76,91
S01011316,Couple family: Total,110,44,66
S01011316,Couple family: Both parents working,76,30,46
S01011316,Couple family: One parent working,24,8,16
S01011316,Couple family: No parents working,10,6,4
S01011316,Lone parent family: Total,57,32,25
S01011316,Lone parent family: Parent working,37,22,15
S01011316,Lone parent family: Parent not working,20,10,10
S01011317,All parents aged 16 and over with dependent children,109,40,69
S01011317,Couple family: Total,100,32,68
S01011317,Couple family: Both parents working,76,22,54
S01011317,Couple family: One parent working,20,10,10
S01011317,Couple family: No parents working,4,0,4
S01011317,Lone parent family: Total,9,8,1
S01011317,Lone parent family: Parent working,6,5,1
S01011317,Lone parent family: Parent not working,3,3,0
S01011318,All parents aged 16 and over with dependent children,110,54,56
S01011318,Couple family: Total,92,44,48
S01011318,Couple family: Both parents working,70,34,36
S01011318,Couple family: One parent working,18,6,12
S01011318,Couple family: No parents working,4,4,0
S01011318,Lone parent family: Total,18,10,8
S01011318,Lone parent family: Parent working,8,3,5
S01011318,Lone parent family: Parent not working,10,7,3
S01011319,All parents aged 16 and over with dependent children,143,59,84
S01011319,Couple family: Total,136,54,82
S01011319,Couple family: Both parents working,92,36,56
S01011319,Couple family: One parent working,42,18,24
S01011319,Couple family: No parents working,2,0,2
S01011319,Lone parent family: Total,7,5,2
S01011319,Lone parent family: Parent working,4,3,1
S01011319,Lone parent family: Parent not working,3,2,1
S01011320,All parents aged 16 and over with dependent children,83,49,34
S01011320,Couple family: Total,76,44,32
S01011320,Couple family: Both parents working,54,32,22
S01011320,Couple family: One parent working,20,12,8
S01011320,Couple family: No parents working,2,0,2
S01011320,Lone parent family: Total,7,5,2
S01011320,Lone parent family: Parent working,4,3,1
S01011320,Lone parent family: Parent not working,3,2,1
S01011321,All parents aged 16 and over with dependent children,137,69,68
S01011321,Couple family: Total,114,54,60
S01011321,Couple family: Both parents working,90,44,46
S01011321,Couple family: One parent working,22,10,12
S01011321,Couple family: No parents working,2,0,2
S01011321,Lone parent family: Total,23,15,8
S01011321,Lone parent family: Parent working,18,12,6
S01011321,Lone parent family: Parent not working,5,3,2
S01011322,All parents aged 16 and over with dependent children,166,69,97
S01011322,Couple family: Total,148,60,88
S01011322,Couple family: Both parents working,118,46,72
S01011322,Couple family: One parent working,24,10,14
S01011322,Couple family: No parents working,6,4,2
S01011322,Lone parent family: Total,18,9,9
S01011322,Lone parent family: Parent working,11,5,6
S01011322,Lone parent family: Parent not working,7,4,3
S01011323,All parents aged 16 and over with dependent children,238,100,138
S01011323,Couple family: Total,190,70,120
S01011323,Couple family: Both parents working,118,46,72
S01011323,Couple family: One parent working,56,24,32
S01011323,Couple family: No parents working,16,0,16
S01011323,Lone parent family: Total,48,30,18
S01011323,Lone parent family: Parent working,32,22,10
S01011323,Lone parent family: Parent not working,16,8,8
S01011324,All parents aged 16 and over with dependent children,80,26,54
S01011324,Couple family: Total,68,22,46
S01011324,Couple family: Both parents working,36,12,24
S01011324,Couple family: One parent working,30,8,22
S01011324,Couple family: No parents working,2,2,0
S01011324,Lone parent family: Total,12,4,8
S01011324,Lone parent family: Parent working,10,4,6
S01011324,Lone parent family: Parent not working,2,0,2
S01011325,All parents aged 16 and over with dependent children,95,57,38
S01011325,Couple family: Total,56,32,24
S01011325,Couple family: Both parents working,32,20,12
S01011325,Couple family: One parent working,16,10,6
S01011325,Couple family: No parents working,8,2,6
S01011325,Lone parent family: Total,39,25,14
S01011325,Lone parent family: Parent working,15,6,9
S01011325,Lone parent family: Parent not working,24,19,5
S01011326,All parents aged 16 and over with dependent children,74,54,20
S01011326,Couple family: Total,42,30,12
S01011326,Couple family: Both parents working,30,22,8
S01011326,Couple family: One parent working,4,2,2
S01011326,Couple family: No parents working,8,6,2
S01011326,Lone parent family: Total,32,24,8
S01011326,Lone parent family: Parent working,18,13,5
S01011326,Lone parent family: Parent not working,14,11,3
S01011327,All parents aged 16 and over with dependent children,59,26,33
S01011327,Couple family: Total,46,22,24
S01011327,Couple family: Both parents working,36,12,24
S01011327,Couple family: One parent working,8,8,0
S01011327,Couple family: No parents working,2,2,0
S01011327,Lone parent family: Total,13,4,9
S01011327,Lone parent family: Parent working,7,2,5
S01011327,Lone parent family: Parent not working,6,2,4
S01011328,All parents aged 16 and over with dependent children,114,55,59
S01011328,Couple family: Total,96,44,52
S01011328,Couple family: Both parents working,74,32,42
S01011328,Couple family: One parent working,18,8,10
S01011328,Couple family: No parents working,4,4,0
S01011328,Lone parent family: Total,18,11,7
S01011328,Lone parent family: Parent working,12,7,5
S01011328,Lone parent family: Parent not working,6,4,2
S01011329,All parents aged 16 and over with dependent children,126,61,65
S01011329,Couple family: Total,90,38,52
S01011329,Couple family: Both parents working,62,26,36
S01011329,Couple family: One parent working,18,4,14
S01011329,Couple family: No parents working,10,8,2
S01011329,Lone parent family: Total,36,23,13
S01011329,Lone parent family: Parent working,20,12,8
S01011329,Lone parent family: Parent not working,16,11,5
S01011330,All parents aged 16 and over with dependent children,158,63,95
S01011330,Couple family: Total,146,56,90
S01011330,Couple family: Both parents working,108,40,68
S01011330,Couple family: One parent working,38,16,22
S01011330,Couple family: No parents working,0,0,0
S01011330,Lone parent family: Total,12,7,5
S01011330,Lone parent family: Parent working,8,4,4
S01011330,Lone parent family: Parent not working,4,3,1
S01011331,All parents aged 16 and over with dependent children,134,50,84
S01011331,Couple family: Total,126,46,80
S01011331,Couple family: Both parents working,96,32,64
S01011331,Couple family: One parent working,30,14,16
S01011331,Couple family: No parents working,0,0,0
S01011331,Lone parent family: Total,8,4,4
S01011331,Lone parent family: Parent working,7,4,3
S01011331,Lone parent family: Parent not working,1,0,1
S01011332,All parents aged 16 and over with dependent children,140,63,77
S01011332,Couple family: Total,126,54,72
S01011332,Couple family: Both parents working,92,32,60
S01011332,Couple family: One parent working,34,22,12
S01011332,Couple family: No parents working,0,0,0
S01011332,Lone parent family: Total,14,9,5
S01011332,Lone parent family: Parent working,13,8,5
S01011332,Lone parent family: Parent not working,1,1,0
S01011333,All parents aged 16 and over with dependent children,75,24,51
S01011333,Couple family: Total,72,22,50
S01011333,Couple family: Both parents working,46,14,32
S01011333,Couple family: One parent working,20,6,14
S01011333,Couple family: No parents working,6,2,4
S01011333,Lone parent family: Total,3,2,1
S01011333,Lone parent family: Parent working,3,2,1
S01011333,Lone parent family: Parent not working,0,0,0
S01011334,All parents aged 16 and over with dependent children,130,45,85
S01011334,Couple family: Total,118,36,82
S01011334,Couple family: Both parents working,94,32,62
S01011334,Couple family: One parent working,14,2,12
S01011334,Couple family: No parents working,10,2,8
S01011334,Lone parent family: Total,12,9,3
S01011334,Lone parent family: Parent working,4,3,1
S01011334,Lone parent family: Parent not working,8,6,2
S01011335,All parents aged 16 and over with dependent children,150,74,76
S01011335,Couple family: Total,136,62,74
S01011335,Couple family: Both parents working,94,44,50
S01011335,Couple family: One parent working,40,16,24
S01011335,Couple family: No parents working,2,2,0
S01011335,Lone parent family: Total,14,12,2
S01011335,Lone parent family: Parent working,7,6,1
S01011335,Lone parent family: Parent not working,7,6,1
S01011336,All parents aged 16 and over with dependent children,153,68,85
S01011336,Couple family: Total,126,54,72
S01011336,Couple family: Both parents working,96,42,54
S01011336,Couple family: One parent working,24,10,14
S01011336,Couple family: No parents working,6,2,4
S01011336,Lone parent family: Total,27,14,13
S01011336,Lone parent family: Parent working,12,5,7
S01011336,Lone parent family: Parent not working,15,9,6
S01011337,All parents aged 16 and over with dependent children,108,42,66
S01011337,Couple family: Total,102,38,64
S01011337,Couple family: Both parents working,68,28,40
S01011337,Couple family: One parent working,30,8,22
S01011337,Couple family: No parents working,4,2,2
S01011337,Lone parent family: Total,6,4,2
S01011337,Lone parent family: Parent working,4,3,1
S01011337,Lone parent family: Parent not working,2,1,1
S01011338,All parents aged 16 and over with dependent children,158,70,88
S01011338,Couple family: Total,118,46,72
S01011338,Couple family: Both parents working,82,34,48
S01011338,Couple family: One parent working,20,6,14
S01011338,Couple family: No parents working,16,6,10
S01011338,Lone parent family: Total,40,24,16
S01011338,Lone parent family: Parent working,22,10,12
S01011338,Lone parent family: Parent not working,18,14,4
S01011339,All parents aged 16 and over with dependent children,127,63,64
S01011339,Couple family: Total,88,44,44
S01011339,Couple family: Both parents working,56,30,26
S01011339,Couple family: One parent working,24,10,14
S01011339,Couple family: No parents working,8,4,4
S01011339,Lone parent family: Total,39,19,20
S01011339,Lone parent family: Parent working,28,14,14
S01011339,Lone parent family: Parent not working,11,5,6
S01011340,All parents aged 16 and over with dependent children,136,58,78
S01011340,Couple family: Total,102,42,60
S01011340,Couple family: Both parents working,58,24,34
S01011340,Couple family: One parent working,30,12,18
S01011340,Couple family: No parents working,14,6,8
S01011340,Lone parent family: Total,34,16,18
S01011340,Lone parent family: Parent working,14,5,9
S01011340,Lone parent family: Parent not working,20,11,9
S01011341,All parents aged 16 and over with dependent children,157,89,68
S01011341,Couple family: Total,120,64,56
S01011341,Couple family: Both parents working,94,48,46
S01011341,Couple family: One parent working,22,12,10
S01011341,Couple family: No parents working,4,4,0
S01011341,Lone parent family: Total,37,25,12
S01011341,Lone parent family: Parent working,20,13,7
S01011341,Lone parent family: Parent not working,17,12,5
S01011342,All parents aged 16 and over with dependent children,137,59,78
S01011342,Couple family: Total,116,44,72
S01011342,Couple family: Both parents working,84,36,48
S01011342,Couple family: One parent working,18,2,16
S01011342,Couple family: No parents working,14,6,8
S01011342,Lone parent family: Total,21,15,6
S01011342,Lone parent family: Parent working,9,7,2
S01011342,Lone parent family: Parent not working,12,8,4
S01011343,All parents aged 16 and over with dependent children,139,73,66
S01011343,Couple family: Total,100,48,52
S01011343,Couple family: Both parents working,68,34,34
S01011343,Couple family: One parent working,22,8,14
S01011343,Couple family: No parents working,10,6,4
S01011343,Lone parent family: Total,39,25,14
S01011343,Lone parent family: Parent working,21,15,6
S01011343,Lone parent family: Parent not working,18,10,8
S01011344,All parents aged 16 and over with dependent children,189,116,73
S01011344,Couple family: Total,122,72,50
S01011344,Couple family: Both parents working,70,54,16
S01011344,Couple family: One parent working,26,12,14
S01011344,Couple family: No parents working,26,6,20
S01011344,Lone parent family: Total,67,44,23
S01011344,Lone parent family: Parent working,27,19,8
S01011344,Lone parent family: Parent not working,40,25,15
S01011345,All parents aged 16 and over with dependent children,184,90,94
S01011345,Couple family: Total,108,40,68
S01011345,Couple family: Both parents working,54,26,28
S01011345,Couple family: One parent working,38,12,26
S01011345,Couple family: No parents working,16,2,14
S01011345,Lone parent family: Total,76,50,26
S01011345,Lone parent family: Parent working,43,29,14
S01011345,Lone parent family: Parent not working,33,21,12
S01011346,All parents aged 16 and over with dependent children,131,72,59
S01011346,Couple family: Total,96,48,48
S01011346,Couple family: Both parents working,76,42,34
S01011346,Couple family: One parent working,16,6,10
S01011346,Couple family: No parents working,4,0,4
S01011346,Lone parent family: Total,35,24,11
S01011346,Lone parent family: Parent working,21,14,7
S01011346,Lone parent family: Parent not working,14,10,4
S01011347,All parents aged 16 and over with dependent children,184,94,90
S01011347,Couple family: Total,150,72,78
S01011347,Couple family: Both parents working,102,54,48
S01011347,Couple family: One parent working,36,16,20
S01011347,Couple family: No parents working,12,2,10
S01011347,Lone parent family: Total,34,22,12
S01011347,Lone parent family: Parent working,25,15,10
S01011347,Lone parent family: Parent not working,9,7,2
S01011348,All parents aged 16 and over with dependent children,200,96,104
S01011348,Couple family: Total,154,74,80
S01011348,Couple family: Both parents working,92,52,40
S01011348,Couple family: One parent working,38,14,24
S01011348,Couple family: No parents working,24,8,16
S01011348,Lone parent family: Total,46,22,24
S01011348,Lone parent family: Parent working,22,11,11
S01011348,Lone parent family: Parent not working,24,11,13
S01011349,All parents aged 16 and over with dependent children,251,140,111
S01011349,Couple family: Total,236,128,108
S01011349,Couple family: Both parents working,206,116,90
S01011349,Couple family: One parent working,26,8,18
S01011349,Couple family: No parents working,4,4,0
S01011349,Lone parent family: Total,15,12,3
S01011349,Lone parent family: Parent working,8,7,1
S01011349,Lone parent family: Parent not working,7,5,2
S01011350,All parents aged 16 and over with dependent children,136,68,68
S01011350,Couple family: Total,128,62,66
S01011350,Couple family: Both parents working,90,48,42
S01011350,Couple family: One parent working,34,12,22
S01011350,Couple family: No parents working,4,2,2
S01011350,Lone parent family: Total,8,6,2
S01011350,Lone parent family: Parent working,5,4,1
S01011350,Lone parent family: Parent not working,3,2,1
S01011351,All parents aged 16 and over with dependent children,141,74,67
S01011351,Couple family: Total,106,50,56
S01011351,Couple family: Both parents working,58,36,22
S01011351,Couple family: One parent working,30,6,24
S01011351,Couple family: No parents working,18,8,10
S01011351,Lone parent family: Total,35,24,11
S01011351,Lone parent family: Parent working,20,13,7
S01011351,Lone parent family: Parent not working,15,11,4
S01011352,All parents aged 16 and over with dependent children,111,64,47
S01011352,Couple family: Total,88,48,40
S01011352,Couple family: Both parents working,68,38,30
S01011352,Couple family: One parent working,18,10,8
S01011352,Couple family: No parents working,2,0,2
S01011352,Lone parent family: Total,23,16,7
S01011352,Lone parent family: Parent working,20,13,7
S01011352,Lone parent family: Parent not working,3,3,0
S01011353,All parents aged 16 and over with dependent children,113,55,58
S01011353,Couple family: Total,92,40,52
S01011353,Couple family: Both parents working,60,24,36
S01011353,Couple family: One parent working,28,14,14
S01011353,Couple family: No parents working,4,2,2
S01011353,Lone parent family: Total,21,15,6
S01011353,Lone parent family: Parent working,10,8,2
S01011353,Lone parent family: Parent not working,11,7,4
S01011354,All parents aged 16 and over with dependent children,141,67,74
S01011354,Couple family: Total,106,46,60
S01011354,Couple family: Both parents working,66,28,38
S01011354,Couple family: One parent working,28,12,16
S01011354,Couple family: No parents working,12,6,6
S01011354,Lone parent family: Total,35,21,14
S01011354,Lone parent family: Parent working,21,11,10
S01011354,Lone parent family: Parent not working,14,10,4
S01011355,All parents aged 16 and over with dependent children,176,81,95
S01011355,Couple family: Total,154,70,84
S01011355,Couple family: Both parents working,108,50,58
S01011355,Couple family: One parent working,44,20,24
S01011355,Couple family: No parents working,2,0,2
S01011355,Lone parent family: Total,22,11,11
S01011355,Lone parent family: Parent working,15,9,6
S01011355,Lone parent family: Parent not working,7,2,5
S01011356,All parents aged 16 and over with dependent children,199,89,110
S01011356,Couple family: Total,182,76,106
S01011356,Couple family: Both parents working,146,70,76
S01011356,Couple family: One parent working,30,6,24
S01011356,Couple family: No parents working,6,0,6
S01011356,Lone parent family: Total,17,13,4
S01011356,Lone parent family: Parent working,11,9,2
S01011356,Lone parent family: Parent not working,6,4,2
S01011357,All parents aged 16 and over with dependent children,176,70,106
S01011357,Couple family: Total,154,56,98
S01011357,Couple family: Both parents working,110,34,76
S01011357,Couple family: One parent working,38,18,20
S01011357,Couple family: No parents working,6,4,2
S01011357,Lone parent family: Total,22,14,8
S01011357,Lone parent family: Parent working,19,12,7
S01011357,Lone parent family: Parent not working,3,2,1
S01011358,All parents aged 16 and over with dependent children,164,82,82
S01011358,Couple family: Total,146,70,76
S01011358,Couple family: Both parents working,126,60,66
S01011358,Couple family: One parent working,18,10,8
S01011358,Couple family: No parents working,2,0,2
S01011358,Lone parent family: Total,18,12,6
S01011358,Lone parent family: Parent working,15,9,6
S01011358,Lone parent family: Parent not working,3,3,0
S01011359,All parents aged 16 and over with dependent children,108,56,52
S01011359,Couple family: Total,92,44,48
S01011359,Couple family: Both parents working,62,32,30
S01011359,Couple family: One parent working,22,10,12
S01011359,Couple family: No parents working,8,2,6
S01011359,Lone parent family: Total,16,12,4
S01011359,Lone parent family: Parent working,5,5,0
S01011359,Lone parent family: Parent not working,11,7,4
S01011360,All parents aged 16 and over with dependent children,187,88,99
S01011360,Couple family: Total,128,52,76
S01011360,Couple family: Both parents working,44,14,30
S01011360,Couple family: One parent working,56,26,30
S01011360,Couple family: No parents working,28,12,16
S01011360,Lone parent family: Total,59,36,23
S01011360,Lone parent family: Parent working,35,19,16
S01011360,Lone parent family: Parent not working,24,17,7
S01011361,All parents aged 16 and over with dependent children,80,51,29
S01011361,Couple family: Total,52,32,20
S01011361,Couple family: Both parents working,26,16,10
S01011361,Couple family: One parent working,18,12,6
S01011361,Couple family: No parents working,8,4,4
S01011361,Lone parent family: Total,28,19,9
S01011361,Lone parent family: Parent working,9,5,4
S01011361,Lone parent family: Parent not working,19,14,5
S01011362,All parents aged 16 and over with dependent children,170,78,92
S01011362,Couple family: Total,162,72,90
S01011362,Couple family: Both parents working,134,62,72
S01011362,Couple family: One parent working,22,10,12
S01011362,Couple family: No parents working,6,0,6
S01011362,Lone parent family: Total,8,6,2
S01011362,Lone parent family: Parent working,7,5,2
S01011362,Lone parent family: Parent not working,1,1,0
S01011363,All parents aged 16 and over with dependent children,153,84,69
S01011363,Couple family: Total,124,62,62
S01011363,Couple family: Both parents working,82,42,40
S01011363,Couple family: One parent working,32,18,14
S01011363,Couple family: No parents working,10,2,8
S01011363,Lone parent family: Total,29,22,7
S01011363,Lone parent family: Parent working,17,13,4
S01011363,Lone parent family: Parent not working,12,9,3
S01011364,All parents aged 16 and over with dependent children,154,79,75
S01011364,Couple family: Total,136,68,68
S01011364,Couple family: Both parents working,102,58,44
S01011364,Couple family: One parent working,22,8,14
S01011364,Couple family: No parents working,12,2,10
S01011364,Lone parent family: Total,18,11,7
S01011364,Lone parent family: Parent working,17,10,7
S01011364,Lone parent family: Parent not working,1,1,0
S01011365,All parents aged 16 and over with dependent children,216,85,131
S01011365,Couple family: Total,198,76,122
S01011365,Couple family: Both parents working,174,66,108
S01011365,Couple family: One parent working,20,10,10
S01011365,Couple family: No parents working,4,0,4
S01011365,Lone parent family: Total,18,9,9
S01011365,Lone parent family: Parent working,12,5,7
S01011365,Lone parent family: Parent not working,6,4,2
S01011366,All parents aged 16 and over with dependent children,63,47,16
S01011366,Couple family: Total,52,36,16
S01011366,Couple family: Both parents working,32,26,6
S01011366,Couple family: One parent working,18,8,10
S01011366,Couple family: No parents working,2,2,0
S01011366,Lone parent family: Total,11,11,0
S01011366,Lone parent family: Parent working,8,8,0
S01011366,Lone parent family: Parent not working,3,3,0
S01011367,All parents aged 16 and over with dependent children,168,82,86
S01011367,Couple family: Total,126,54,72
S01011367,Couple family: Both parents working,86,34,52
S01011367,Couple family: One parent working,34,14,20
S01011367,Couple family: No parents working,6,6,0
S01011367,Lone parent family: Total,42,28,14
S01011367,Lone parent family: Parent working,30,20,10
S01011367,Lone parent family: Parent not working,12,8,4
S01011368,All parents aged 16 and over with dependent children,283,143,140
S01011368,Couple family: Total,266,130,136
S01011368,Couple family: Both parents working,226,114,112
S01011368,Couple family: One parent working,34,14,20
S01011368,Couple family: No parents working,6,2,4
S01011368,Lone parent family: Total,17,13,4
S01011368,Lone parent family: Parent working,10,7,3
S01011368,Lone parent family: Parent not working,7,6,1
S01011369,All parents aged 16 and over with dependent children,176,100,76
S01011369,Couple family: Total,144,82,62
S01011369,Couple family: Both parents working,106,66,40
S01011369,Couple family: One parent working,28,10,18
S01011369,Couple family: No parents working,10,6,4
S01011369,Lone parent family: Total,32,18,14
S01011369,Lone parent family: Parent working,18,10,8
S01011369,Lone parent family: Parent not working,14,8,6
S01011370,All parents aged 16 and over with dependent children,231,131,100
S01011370,Couple family: Total,214,118,96
S01011370,Couple family: Both parents working,176,112,64
S01011370,Couple family: One parent working,34,4,30
S01011370,Couple family: No parents working,4,2,2
S01011370,Lone parent family: Total,17,13,4
S01011370,Lone parent family: Parent working,12,10,2
S01011370,Lone parent family: Parent not working,5,3,2
S01011371,All parents aged 16 and over with dependent children,180,94,86
S01011371,Couple family: Total,126,64,62
S01011371,Couple family: Both parents working,74,44,30
S01011371,Couple family: One parent working,40,12,28
S01011371,Couple family: No parents working,12,8,4
S01011371,Lone parent family: Total,54,30,24
S01011371,Lone parent family: Parent working,28,16,12
S01011371,Lone parent family: Parent not working,26,14,12
S01011372,All parents aged 16 and over with dependent children,109,76,33
S01011372,Couple family: Total,74,48,26
S01011372,Couple family: Both parents working,44,34,10
S01011372,Couple family: One parent working,18,10,8
S01011372,Couple family: No parents working,12,4,8
S01011372,Lone parent family: Total,35,28,7
S01011372,Lone parent family: Parent working,15,13,2
S01011372,Lone parent family: Parent not working,20,15,5
S01011373,All parents aged 16 and over with dependent children,125,67,58
S01011373,Couple family: Total,84,40,44
S01011373,Couple family: Both parents working,42,22,20
S01011373,Couple family: One parent working,24,4,20
S01011373,Couple family: No parents working,18,14,4
S01011373,Lone parent family: Total,41,27,14
S01011373,Lone parent family: Parent working,22,14,8
S01011373,Lone parent family: Parent not working,19,13,6
S01011374,All parents aged 16 and over with dependent children,209,109,100
S01011374,Couple family: Total,184,94,90
S01011374,Couple family: Both parents working,144,78,66
S01011374,Couple family: One parent working,32,14,18
S01011374,Couple family: No parents working,8,2,6
S01011374,Lone parent family: Total,25,15,10
S01011374,Lone parent family: Parent working,16,9,7
S01011374,Lone parent family: Parent not working,9,6,3
S01011375,All parents aged 16 and over with dependent children,128,55,73
S01011375,Couple family: Total,108,42,66
S01011375,Couple family: Both parents working,80,32,48
S01011375,Couple family: One parent working,22,8,14
S01011375,Couple family: No parents working,6,2,4
S01011375,Lone parent family: Total,20,13,7
S01011375,Lone parent family: Parent working,12,8,4
S01011375,Lone parent family: Parent not working,8,5,3
S01011376,All parents aged 16 and over with dependent children,54,41,13
S01011376,Couple family: Total,32,20,12
S01011376,Couple family: Both parents working,22,16,6
S01011376,Couple family: One parent working,8,4,4
S01011376,Couple family: No parents working,2,0,2
S01011376,Lone parent family: Total,22,21,1
S01011376,Lone parent family: Parent working,12,12,0
S01011376,Lone parent family: Parent not working,10,9,1
S01011377,All parents aged 16 and over with dependent children,114,45,69
S01011377,Couple family: Total,104,40,64
S01011377,Couple family: Both parents working,86,34,52
S01011377,Couple family: One parent working,18,6,12
S01011377,Couple family: No parents working,0,0,0
S01011377,Lone parent family: Total,10,5,5
S01011377,Lone parent family: Parent working,8,4,4
S01011377,Lone parent family: Parent not working,2,1,1
S01011378,All parents aged 16 and over with dependent children,141,54,87
S01011378,Couple family: Total,124,44,80
S01011378,Couple family: Both parents working,96,26,70
S01011378,Couple family: One parent working,26,16,10
S01011378,Couple family: No parents working,2,2,0
S01011378,Lone parent family: Total,17,10,7
S01011378,Lone parent family: Parent working,15,9,6
S01011378,Lone parent family: Parent not working,2,1,1
S01011379,All parents aged 16 and over with dependent children,217,90,127
S01011379,Couple family: Total,202,78,124
S01011379,Couple family: Both parents working,178,72,106
S01011379,Couple family: One parent working,24,6,18
S01011379,Couple family: No parents working,0,0,0
S01011379,Lone parent family: Total,15,12,3
S01011379,Lone parent family: Parent working,13,10,3
S01011379,Lone parent family: Parent not working,2,2,0
S01011380,All parents aged 16 and over with dependent children,118,66,52
S01011380,Couple family: Total,100,54,46
S01011380,Couple family: Both parents working,78,40,38
S01011380,Couple family: One parent working,20,12,8
S01011380,Couple family: No parents working,2,2,0
S01011380,Lone parent family: Total,18,12,6
S01011380,Lone parent family: Parent working,8,5,3
S01011380,Lone parent family: Parent not working,10,7,3
S01011381,All parents aged 16 and over with dependent children,113,60,53
S01011381,Couple family: Total,98,50,48
S01011381,Couple family: Both parents working,74,46,28
S01011381,Couple family: One parent working,18,4,14
S01011381,Couple family: No parents working,6,0,6
S01011381,Lone parent family: Total,15,10,5
S01011381,Lone parent family: Parent working,12,7,5
S01011381,Lone parent family: Parent not working,3,3,0
S01011382,All parents aged 16 and over with dependent children,115,68,47
S01011382,Couple family: Total,78,38,40
S01011382,Couple family: Both parents working,48,26,22
S01011382,Couple family: One parent working,24,10,14
S01011382,Couple family: No parents working,6,2,4
S01011382,Lone parent family: Total,37,30,7
S01011382,Lone parent family: Parent working,24,22,2
S01011382,Lone parent family: Parent not working,13,8,5
S01011383,All parents aged 16 and over with dependent children,119,52,67
S01011383,Couple family: Total,72,26,46
S01011383,Couple family: Both parents working,44,18,26
S01011383,Couple family: One parent working,18,8,10
S01011383,Couple family: No parents working,10,0,10
S01011383,Lone parent family: Total,47,26,21
S01011383,Lone parent family: Parent working,22,16,6
S01011383,Lone parent family: Parent not working,25,10,15
S01011384,All parents aged 16 and over with dependent children,163,71,92
S01011384,Couple family: Total,90,30,60
S01011384,Couple family: Both parents working,32,14,18
S01011384,Couple family: One parent working,32,16,16
S01011384,Couple family: No parents working,26,0,26
S01011384,Lone parent family: Total,73,41,32
S01011384,Lone parent family: Parent working,23,14,9
S01011384,Lone parent family: Parent not working,50,27,23
S01011385,All parents aged 16 and over with dependent children,165,81,84
S01011385,Couple family: Total,96,38,58
S01011385,Couple family: Both parents working,42,20,22
S01011385,Couple family: One parent working,38,16,22
S01011385,Couple family: No parents working,16,2,14
S01011385,Lone parent family: Total,69,43,26
S01011385,Lone parent family: Parent working,35,25,10
S01011385,Lone parent family: Parent not working,34,18,16
S01011386,All parents aged 16 and over with dependent children,139,72,67
S01011386,Couple family: Total,80,38,42
S01011386,Couple family: Both parents working,36,26,10
S01011386,Couple family: One parent working,16,8,8
S01011386,Couple family: No parents working,28,4,24
S01011386,Lone parent family: Total,59,34,25
S01011386,Lone parent family: Parent working,26,20,6
S01011386,Lone parent family: Parent not working,33,14,19
S01011387,All parents aged 16 and over with dependent children,156,66,90
S01011387,Couple family: Total,104,42,62
S01011387,Couple family: Both parents working,74,30,44
S01011387,Couple family: One parent working,22,10,12
S01011387,Couple family: No parents working,8,2,6
S01011387,Lone parent family: Total,52,24,28
S01011387,Lone parent family: Parent working,16,9,7
S01011387,Lone parent family: Parent not working,36,15,21
S01011388,All parents aged 16 and over with dependent children,333,153,180
S01011388,Couple family: Total,298,132,166
S01011388,Couple family: Both parents working,248,118,130
S01011388,Couple family: One parent working,42,10,32
S01011388,Couple family: No parents working,8,4,4
S01011388,Lone parent family: Total,35,21,14
S01011388,Lone parent family: Parent working,20,12,8
S01011388,Lone parent family: Parent not working,15,9,6
S01011389,All parents aged 16 and over with dependent children,109,67,42
S01011389,Couple family: Total,74,42,32
S01011389,Couple family: Both parents working,58,34,24
S01011389,Couple family: One parent working,10,6,4
S01011389,Couple family: No parents working,6,2,4
S01011389,Lone parent family: Total,35,25,10
S01011389,Lone parent family: Parent working,21,15,6
S01011389,Lone parent family: Parent not working,14,10,4
S01011390,All parents aged 16 and over with dependent children,156,84,72
S01011390,Couple family: Total,118,62,56
S01011390,Couple family: Both parents working,66,36,30
S01011390,Couple family: One parent working,36,18,18
S01011390,Couple family: No parents working,16,8,8
S01011390,Lone parent family: Total,38,22,16
S01011390,Lone parent family: Parent working,17,10,7
S01011390,Lone parent family: Parent not working,21,12,9
S01011391,All parents aged 16 and over with dependent children,146,85,61
S01011391,Couple family: Total,100,56,44
S01011391,Couple family: Both parents working,64,42,22
S01011391,Couple family: One parent working,28,10,18
S01011391,Couple family: No parents working,8,4,4
S01011391,Lone parent family: Total,46,29,17
S01011391,Lone parent family: Parent working,21,17,4
S01011391,Lone parent family: Parent not working,25,12,13
S01011392,All parents aged 16 and over with dependent children,149,78,71
S01011392,Couple family: Total,110,56,54
S01011392,Couple family: Both parents working,62,38,24
S01011392,Couple family: One parent working,30,12,18
S01011392,Couple family: No parents working,18,6,12
S01011392,Lone parent family: Total,39,22,17
S01011392,Lone parent family: Parent working,20,9,11
S01011392,Lone parent family: Parent not working,19,13,6
S01011393,All parents aged 16 and over with dependent children,147,73,74
S01011393,Couple family: Total,120,54,66
S01011393,Couple family: Both parents working,80,40,40
S01011393,Couple family: One parent working,30,8,22
S01011393,Couple family: No parents working,10,6,4
S01011393,Lone parent family: Total,27,19,8
S01011393,Lone parent family: Parent working,14,9,5
S01011393,Lone parent family: Parent not working,13,10,3
S01011394,All parents aged 16 and over with dependent children,213,57,156
S01011394,Couple family: Total,200,52,148
S01011394,Couple family: Both parents working,156,44,112
S01011394,Couple family: One parent working,36,8,28
S01011394,Couple family: No parents working,8,0,8
S01011394,Lone parent family: Total,13,5,8
S01011394,Lone parent family: Parent working,10,4,6
S01011394,Lone parent family: Parent not working,3,1,2
S01011395,All parents aged 16 and over with dependent children,92,59,33
S01011395,Couple family: Total,50,32,18
S01011395,Couple family: Both parents working,32,18,14
S01011395,Couple family: One parent working,18,14,4
S01011395,Couple family: No parents working,0,0,0
S01011395,Lone parent family: Total,42,27,15
S01011395,Lone parent family: Parent working,26,19,7
S01011395,Lone parent family: Parent not working,16,8,8
S01011396,All parents aged 16 and over with dependent children,113,51,62
S01011396,Couple family: Total,76,28,48
S01011396,Couple family: Both parents working,56,26,30
S01011396,Couple family: One parent working,14,0,14
S01011396,Couple family: No parents working,6,2,4
S01011396,Lone parent family: Total,37,23,14
S01011396,Lone parent family: Parent working,27,18,9
S01011396,Lone parent family: Parent not working,10,5,5
S01011397,All parents aged 16 and over with dependent children,152,79,73
S01011397,Couple family: Total,112,54,58
S01011397,Couple family: Both parents working,86,44,42
S01011397,Couple family: One parent working,22,8,14
S01011397,Couple family: No parents working,4,2,2
S01011397,Lone parent family: Total,40,25,15
S01011397,Lone parent family: Parent working,17,14,3
S01011397,Lone parent family: Parent not working,23,11,12
S01011398,All parents aged 16 and over with dependent children,153,53,100
S01011398,Couple family: Total,108,34,74
S01011398,Couple family: Both parents working,50,22,28
S01011398,Couple family: One parent working,34,6,28
S01011398,Couple family: No parents working,24,6,18
S01011398,Lone parent family: Total,45,19,26
S01011398,Lone parent family: Parent working,22,12,10
S01011398,Lone parent family: Parent not working,23,7,16
S01011399,All parents aged 16 and over with dependent children,96,59,37
S01011399,Couple family: Total,64,36,28
S01011399,Couple family: Both parents working,40,24,16
S01011399,Couple family: One parent working,16,8,8
S01011399,Couple family: No parents working,8,4,4
S01011399,Lone parent family: Total,32,23,9
S01011399,Lone parent family: Parent working,12,10,2
S01011399,Lone parent family: Parent not working,20,13,7
S01011400,All parents aged 16 and over with dependent children,107,60,47
S01011400,Couple family: Total,80,42,38
S01011400,Couple family: Both parents working,66,34,32
S01011400,Couple family: One parent working,8,6,2
S01011400,Couple family: No parents working,6,2,4
S01011400,Lone parent family: Total,27,18,9
S01011400,Lone parent family: Parent working,16,11,5
S01011400,Lone parent family: Parent not working,11,7,4
S01011401,All parents aged 16 and over with dependent children,115,54,61
S01011401,Couple family: Total,92,40,52
S01011401,Couple family: Both parents working,72,34,38
S01011401,Couple family: One parent working,14,2,12
S01011401,Couple family: No parents working,6,4,2
S01011401,Lone parent family: Total,23,14,9
S01011401,Lone parent family: Parent working,17,11,6
S01011401,Lone parent family: Parent not working,6,3,3
S01011402,All parents aged 16 and over with dependent children,127,63,64
S01011402,Couple family: Total,100,48,52
S01011402,Couple family: Both parents working,82,44,38
S01011402,Couple family: One parent working,18,4,14
S01011402,Couple family: No parents working,0,0,0
S01011402,Lone parent family: Total,27,15,12
S01011402,Lone parent family: Parent working,17,11,6
S01011402,Lone parent family: Parent not working,10,4,6
S01011403,All parents aged 16 and over with dependent children,132,65,67
S01011403,Couple family: Total,112,58,54
S01011403,Couple family: Both parents working,88,48,40
S01011403,Couple family: One parent working,20,8,12
S01011403,Couple family: No parents working,4,2,2
S01011403,Lone parent family: Total,20,7,13
S01011403,Lone parent family: Parent working,16,6,10
S01011403,Lone parent family: Parent not working,4,1,3
S01011404,All parents aged 16 and over with dependent children,161,83,78
S01011404,Couple family: Total,126,66,60
S01011404,Couple family: Both parents working,72,46,26
S01011404,Couple family: One parent working,42,14,28
S01011404,Couple family: No parents working,12,6,6
S01011404,Lone parent family: Total,35,17,18
S01011404,Lone parent family: Parent working,19,10,9
S01011404,Lone parent family: Parent not working,16,7,9
S01011405,All parents aged 16 and over with dependent children,126,61,65
S01011405,Couple family: Total,102,46,56
S01011405,Couple family: Both parents working,76,34,42
S01011405,Couple family: One parent working,18,8,10
S01011405,Couple family: No parents working,8,4,4
S01011405,Lone parent family: Total,24,15,9
S01011405,Lone parent family: Parent working,9,5,4
S01011405,Lone parent family: Parent not working,15,10,5
S01011406,All parents aged 16 and over with dependent children,114,56,58
S01011406,Couple family: Total,92,42,50
S01011406,Couple family: Both parents working,60,30,30
S01011406,Couple family: One parent working,26,8,18
S01011406,Couple family: No parents working,6,4,2
S01011406,Lone parent family: Total,22,14,8
S01011406,Lone parent family: Parent working,15,11,4
S01011406,Lone parent family: Parent not working,7,3,4
S01011407,All parents aged 16 and over with dependent children,210,123,87
S01011407,Couple family: Total,176,102,74
S01011407,Couple family: Both parents working,126,84,42
S01011407,Couple family: One parent working,44,14,30
S01011407,Couple family: No parents working,6,4,2
S01011407,Lone parent family: Total,34,21,13
S01011407,Lone parent family: Parent working,21,14,7
S01011407,Lone parent family: Parent not working,13,7,6
S01011408,All parents aged 16 and over with dependent children,163,96,67
S01011408,Couple family: Total,122,68,54
S01011408,Couple family: Both parents working,80,44,36
S01011408,Couple family: One parent working,30,20,10
S01011408,Couple family: No parents working,12,4,8
S01011408,Lone parent family: Total,41,28,13
S01011408,Lone parent family: Parent working,16,13,3
S01011408,Lone parent family: Parent not working,25,15,10
S01011409,All parents aged 16 and over with dependent children,216,115,101
S01011409,Couple family: Total,148,76,72
S01011409,Couple family: Both parents working,96,60,36
S01011409,Couple family: One parent working,34,12,22
S01011409,Couple family: No parents working,18,4,14
S01011409,Lone parent family: Total,68,39,29
S01011409,Lone parent family: Parent working,32,24,8
S01011409,Lone parent family: Parent not working,36,15,21
S01011410,All parents aged 16 and over with dependent children,102,55,47
S01011410,Couple family: Total,78,42,36
S01011410,Couple family: Both parents working,44,24,20
S01011410,Couple family: One parent working,20,12,8
S01011410,Couple family: No parents working,14,6,8
S01011410,Lone parent family: Total,24,13,11
S01011410,Lone parent family: Parent working,19,11,8
S01011410,Lone parent family: Parent not working,5,2,3
S01011411,All parents aged 16 and over with dependent children,136,69,67
S01011411,Couple family: Total,116,58,58
S01011411,Couple family: Both parents working,74,40,34
S01011411,Couple family: One parent working,34,14,20
S01011411,Couple family: No parents working,8,4,4
S01011411,Lone parent family: Total,20,11,9
S01011411,Lone parent family: Parent working,13,9,4
S01011411,Lone parent family: Parent not working,7,2,5
S01011412,All parents aged 16 and over with dependent children,148,62,86
S01011412,Couple family: Total,138,56,82
S01011412,Couple family: Both parents working,118,44,74
S01011412,Couple family: One parent working,16,10,6
S01011412,Couple family: No parents working,4,2,2
S01011412,Lone parent family: Total,10,6,4
S01011412,Lone parent family: Parent working,7,6,1
S01011412,Lone parent family: Parent not working,3,0,3
S01011413,All parents aged 16 and over with dependent children,154,75,79
S01011413,Couple family: Total,140,64,76
S01011413,Couple family: Both parents working,108,52,56
S01011413,Couple family: One parent working,28,10,18
S01011413,Couple family: No parents working,4,2,2
S01011413,Lone parent family: Total,14,11,3
S01011413,Lone parent family: Parent working,11,8,3
S01011413,Lone parent family: Parent not working,3,3,0
S01011414,All parents aged 16 and over with dependent children,166,78,88
S01011414,Couple family: Total,122,52,70
S01011414,Couple family: Both parents working,80,38,42
S01011414,Couple family: One parent working,32,12,20
S01011414,Couple family: No parents working,10,2,8
S01011414,Lone parent family: Total,44,26,18
S01011414,Lone parent family: Parent working,24,14,10
S01011414,Lone parent family: Parent not working,20,12,8
S01011415,All parents aged 16 and over with dependent children,168,72,96
S01011415,Couple family: Total,148,58,90
S01011415,Couple family: Both parents working,120,46,74
S01011415,Couple family: One parent working,20,10,10
S01011415,Couple family: No parents working,8,2,6
S01011415,Lone parent family: Total,20,14,6
S01011415,Lone parent family: Parent working,13,9,4
S01011415,Lone parent family: Parent not working,7,5,2
S01011416,All parents aged 16 and over with dependent children,137,67,70
S01011416,Couple family: Total,126,60,66
S01011416,Couple family: Both parents working,106,50,56
S01011416,Couple family: One parent working,14,8,6
S01011416,Couple family: No parents working,6,2,4
S01011416,Lone parent family: Total,11,7,4
S01011416,Lone parent family: Parent working,8,4,4
S01011416,Lone parent family: Parent not working,3,3,0
S01011417,All parents aged 16 and over with dependent children,146,74,72
S01011417,Couple family: Total,122,62,60
S01011417,Couple family: Both parents working,84,46,38
S01011417,Couple family: One parent working,32,14,18
S01011417,Couple family: No parents working,6,2,4
S01011417,Lone parent family: Total,24,12,12
S01011417,Lone parent family: Parent working,12,7,5
S01011417,Lone parent family: Parent not working,12,5,7
S01011418,All parents aged 16 and over with dependent children,105,64,41
S01011418,Couple family: Total,78,44,34
S01011418,Couple family: Both parents working,52,30,22
S01011418,Couple family: One parent working,16,8,8
S01011418,Couple family: No parents working,10,6,4
S01011418,Lone parent family: Total,27,20,7
S01011418,Lone parent family: Parent working,12,9,3
S01011418,Lone parent family: Parent not working,15,11,4
S01011419,All parents aged 16 and over with dependent children,102,52,50
S01011419,Couple family: Total,74,34,40
S01011419,Couple family: Both parents working,56,26,30
S01011419,Couple family: One parent working,18,8,10
S01011419,Couple family: No parents working,0,0,0
S01011419,Lone parent family: Total,28,18,10
S01011419,Lone parent family: Parent working,16,11,5
S01011419,Lone parent family: Parent not working,12,7,5
S01011420,All parents aged 16 and over with dependent children,79,39,40
S01011420,Couple family: Total,50,22,28
S01011420,Couple family: Both parents working,26,14,12
S01011420,Couple family: One parent working,10,4,6
S01011420,Couple family: No parents working,14,4,10
S01011420,Lone parent family: Total,29,17,12
S01011420,Lone parent family: Parent working,13,9,4
S01011420,Lone parent family: Parent not working,16,8,8
S01011421,All parents aged 16 and over with dependent children,192,83,109
S01011421,Couple family: Total,164,72,92
S01011421,Couple family: Both parents working,122,56,66
S01011421,Couple family: One parent working,28,8,20
S01011421,Couple family: No parents working,14,8,6
S01011421,Lone parent family: Total,28,11,17
S01011421,Lone parent family: Parent working,16,6,10
S01011421,Lone parent family: Parent not working,12,5,7
S01011422,All parents aged 16 and over with dependent children,140,75,65
S01011422,Couple family: Total,106,54,52
S01011422,Couple family: Both parents working,70,40,30
S01011422,Couple family: One parent working,26,8,18
S01011422,Couple family: No parents working,10,6,4
S01011422,Lone parent family: Total,34,21,13
S01011422,Lone parent family: Parent working,17,10,7
S01011422,Lone parent family: Parent not working,17,11,6
S01011423,All parents aged 16 and over with dependent children,151,68,83
S01011423,Couple family: Total,120,50,70
S01011423,Couple family: Both parents working,52,28,24
S01011423,Couple family: One parent working,40,12,28
S01011423,Couple family: No parents working,28,10,18
S01011423,Lone parent family: Total,31,18,13
S01011423,Lone parent family: Parent working,13,10,3
S01011423,Lone parent family: Parent not working,18,8,10
S01011424,All parents aged 16 and over with dependent children,112,54,58
S01011424,Couple family: Total,100,46,54
S01011424,Couple family: Both parents working,78,42,36
S01011424,Couple family: One parent working,18,2,16
S01011424,Couple family: No parents working,4,2,2
S01011424,Lone parent family: Total,12,8,4
S01011424,Lone parent family: Parent working,9,6,3
S01011424,Lone parent family: Parent not working,3,2,1
S01011425,All parents aged 16 and over with dependent children,200,78,122
S01011425,Couple family: Total,156,62,94
S01011425,Couple family: Both parents working,80,46,34
S01011425,Couple family: One parent working,52,10,42
S01011425,Couple family: No parents working,24,6,18
S01011425,Lone parent family: Total,44,16,28
S01011425,Lone parent family: Parent working,20,8,12
S01011425,Lone parent family: Parent not working,24,8,16
S01011426,All parents aged 16 and over with dependent children,309,145,164
S01011426,Couple family: Total,290,134,156
S01011426,Couple family: Both parents working,242,116,126
S01011426,Couple family: One parent working,46,18,28
S01011426,Couple family: No parents working,2,0,2
S01011426,Lone parent family: Total,19,11,8
S01011426,Lone parent family: Parent working,12,6,6
S01011426,Lone parent family: Parent not working,7,5,2
S01011427,All parents aged 16 and over with dependent children,139,65,74
S01011427,Couple family: Total,112,42,70
S01011427,Couple family: Both parents working,52,22,30
S01011427,Couple family: One parent working,32,10,22
S01011427,Couple family: No parents working,28,10,18
S01011427,Lone parent family: Total,27,23,4
S01011427,Lone parent family: Parent working,17,15,2
S01011427,Lone parent family: Parent not working,10,8,2
S01011428,All parents aged 16 and over with dependent children,83,45,38
S01011428,Couple family: Total,62,30,32
S01011428,Couple family: Both parents working,44,26,18
S01011428,Couple family: One parent working,12,2,10
S01011428,Couple family: No parents working,6,2,4
S01011428,Lone parent family: Total,21,15,6
S01011428,Lone parent family: Parent working,14,12,2
S01011428,Lone parent family: Parent not working,7,3,4
S01011429,All parents aged 16 and over with dependent children,159,76,83
S01011429,Couple family: Total,150,72,78
S01011429,Couple family: Both parents working,124,68,56
S01011429,Couple family: One parent working,26,4,22
S01011429,Couple family: No parents working,0,0,0
S01011429,Lone parent family: Total,9,4,5
S01011429,Lone parent family: Parent working,5,2,3
S01011429,Lone parent family: Parent not working,4,2,2
S01011430,All parents aged 16 and over with dependent children,195,104,91
S01011430,Couple family: Total,174,90,84
S01011430,Couple family: Both parents working,140,74,66
S01011430,Couple family: One parent working,32,14,18
S01011430,Couple family: No parents working,2,2,0
S01011430,Lone parent family: Total,21,14,7
S01011430,Lone parent family: Parent working,10,7,3
S01011430,Lone parent family: Parent not working,11,7,4
S01011431,All parents aged 16 and over with dependent children,189,106,83
S01011431,Couple family: Total,148,78,70
S01011431,Couple family: Both parents working,92,50,42
S01011431,Couple family: One parent working,48,22,26
S01011431,Couple family: No parents working,8,6,2
S01011431,Lone parent family: Total,41,28,13
S01011431,Lone parent family: Parent working,20,14,6
S01011431,Lone parent family: Parent not working,21,14,7
S01011432,All parents aged 16 and over with dependent children,183,101,82
S01011432,Couple family: Total,152,82,70
S01011432,Couple family: Both parents working,110,68,42
S01011432,Couple family: One parent working,28,10,18
S01011432,Couple family: No parents working,14,4,10
S01011432,Lone parent family: Total,31,19,12
S01011432,Lone parent family: Parent working,20,14,6
S01011432,Lone parent family: Parent not working,11,5,6
S01011433,All parents aged 16 and over with dependent children,235,121,114
S01011433,Couple family: Total,148,72,76
S01011433,Couple family: Both parents working,76,40,36
S01011433,Couple family: One parent working,58,26,32
S01011433,Couple family: No parents working,14,6,8
S01011433,Lone parent family: Total,87,49,38
S01011433,Lone parent family: Parent working,40,23,17
S01011433,Lone parent family: Parent not working,47,26,21
S01011434,All parents aged 16 and over with dependent children,94,48,46
S01011434,Couple family: Total,76,38,38
S01011434,Couple family: Both parents working,64,34,30
S01011434,Couple family: One parent working,12,4,8
S01011434,Couple family: No parents working,0,0,0
S01011434,Lone parent family: Total,18,10,8
S01011434,Lone parent family: Parent working,15,9,6
S01011434,Lone parent family: Parent not working,3,1,2
S01011435,All parents aged 16 and over with dependent children,200,97,103
S01011435,Couple family: Total,178,84,94
S01011435,Couple family: Both parents working,158,80,78
S01011435,Couple family: One parent working,16,4,12
S01011435,Couple family: No parents working,4,0,4
S01011435,Lone parent family: Total,22,13,9
S01011435,Lone parent family: Parent working,17,10,7
S01011435,Lone parent family: Parent not working,5,3,2
S01011436,All parents aged 16 and over with dependent children,131,79,52
S01011436,Couple family: Total,92,54,38
S01011436,Couple family: Both parents working,54,36,18
S01011436,Couple family: One parent working,28,12,16
S01011436,Couple family: No parents working,10,6,4
S01011436,Lone parent family: Total,39,25,14
S01011436,Lone parent family: Parent working,23,15,8
S01011436,Lone parent family: Parent not working,16,10,6
S01011437,All parents aged 16 and over with dependent children,127,77,50
S01011437,Couple family: Total,82,50,32
S01011437,Couple family: Both parents working,48,28,20
S01011437,Couple family: One parent working,22,14,8
S01011437,Couple family: No parents working,12,8,4
S01011437,Lone parent family: Total,45,27,18
S01011437,Lone parent family: Parent working,24,14,10
S01011437,Lone parent family: Parent not working,21,13,8
S01011438,All parents aged 16 and over with dependent children,125,77,48
S01011438,Couple family: Total,84,52,32
S01011438,Couple family: Both parents working,36,26,10
S01011438,Couple family: One parent working,32,16,16
S01011438,Couple family: No parents working,16,10,6
S01011438,Lone parent family: Total,41,25,16
S01011438,Lone parent family: Parent working,18,15,3
S01011438,Lone parent family: Parent not working,23,10,13
S01011439,All parents aged 16 and over with dependent children,174,86,88
S01011439,Couple family: Total,140,66,74
S01011439,Couple family: Both parents working,94,38,56
S01011439,Couple family: One parent working,22,14,8
S01011439,Couple family: No parents working,24,14,10
S01011439,Lone parent family: Total,34,20,14
S01011439,Lone parent family: Parent working,22,13,9
S01011439,Lone parent family: Parent not working,12,7,5
S01011440,All parents aged 16 and over with dependent children,108,50,58
S01011440,Couple family: Total,80,36,44
S01011440,Couple family: Both parents working,62,32,30
S01011440,Couple family: One parent working,10,2,8
S01011440,Couple family: No parents working,8,2,6
S01011440,Lone parent family: Total,28,14,14
S01011440,Lone parent family: Parent working,10,6,4
S01011440,Lone parent family: Parent not working,18,8,10
S01011441,All parents aged 16 and over with dependent children,143,85,58
S01011441,Couple family: Total,102,58,44
S01011441,Couple family: Both parents working,58,32,26
S01011441,Couple family: One parent working,36,18,18
S01011441,Couple family: No parents working,8,8,0
S01011441,Lone parent family: Total,41,27,14
S01011441,Lone parent family: Parent working,22,15,7
S01011441,Lone parent family: Parent not working,19,12,7
S01011442,All parents aged 16 and over with dependent children,142,74,68
S01011442,Couple family: Total,110,52,58
S01011442,Couple family: Both parents working,76,40,36
S01011442,Couple family: One parent working,20,6,14
S01011442,Couple family: No parents working,14,6,8
S01011442,Lone parent family: Total,32,22,10
S01011442,Lone parent family: Parent working,19,13,6
S01011442,Lone parent family: Parent not working,13,9,4
S01011443,All parents aged 16 and over with dependent children,121,51,70
S01011443,Couple family: Total,92,36,56
S01011443,Couple family: Both parents working,60,26,34
S01011443,Couple family: One parent working,18,4,14
S01011443,Couple family: No parents working,14,6,8
S01011443,Lone parent family: Total,29,15,14
S01011443,Lone parent family: Parent working,20,8,12
S01011443,Lone parent family: Parent not working,9,7,2
S01011444,All parents aged 16 and over with dependent children,154,68,86
S01011444,Couple family: Total,112,40,72
S01011444,Couple family: Both parents working,52,22,30
S01011444,Couple family: One parent working,38,4,34
S01011444,Couple family: No parents working,22,14,8
S01011444,Lone parent family: Total,42,28,14
S01011444,Lone parent family: Parent working,17,12,5
S01011444,Lone parent family: Parent not working,25,16,9
S01011445,All parents aged 16 and over with dependent children,121,53,68
S01011445,Couple family: Total,98,42,56
S01011445,Couple family: Both parents working,60,24,36
S01011445,Couple family: One parent working,30,12,18
S01011445,Couple family: No parents working,8,6,2
S01011445,Lone parent family: Total,23,11,12
S01011445,Lone parent family: Parent working,14,7,7
S01011445,Lone parent family: Parent not working,9,4,5
S01011446,All parents aged 16 and over with dependent children,101,39,62
S01011446,Couple family: Total,82,30,52
S01011446,Couple family: Both parents working,60,20,40
S01011446,Couple family: One parent working,16,10,6
S01011446,Couple family: No parents working,6,0,6
S01011446,Lone parent family: Total,19,9,10
S01011446,Lone parent family: Parent working,13,6,7
S01011446,Lone parent family: Parent not working,6,3,3
S01011447,All parents aged 16 and over with dependent children,237,116,121
S01011447,Couple family: Total,170,84,86
S01011447,Couple family: Both parents working,116,66,50
S01011447,Couple family: One parent working,36,10,26
S01011447,Couple family: No parents working,18,8,10
S01011447,Lone parent family: Total,67,32,35
S01011447,Lone parent family: Parent working,33,17,16
S01011447,Lone parent family: Parent not working,34,15,19
S01011448,All parents aged 16 and over with dependent children,164,70,94
S01011448,Couple family: Total,138,56,82
S01011448,Couple family: Both parents working,108,50,58
S01011448,Couple family: One parent working,30,6,24
S01011448,Couple family: No parents working,0,0,0
S01011448,Lone parent family: Total,26,14,12
S01011448,Lone parent family: Parent working,16,9,7
S01011448,Lone parent family: Parent not working,10,5,5
S01011449,All parents aged 16 and over with dependent children,88,47,41
S01011449,Couple family: Total,68,34,34
S01011449,Couple family: Both parents working,44,18,26
S01011449,Couple family: One parent working,22,16,6
S01011449,Couple family: No parents working,2,0,2
S01011449,Lone parent family: Total,20,13,7
S01011449,Lone parent family: Parent working,12,9,3
S01011449,Lone parent family: Parent not working,8,4,4
S01011450,All parents aged 16 and over with dependent children,179,79,100
S01011450,Couple family: Total,156,62,94
S01011450,Couple family: Both parents working,112,40,72
S01011450,Couple family: One parent working,40,20,20
S01011450,Couple family: No parents working,4,2,2
S01011450,Lone parent family: Total,23,17,6
S01011450,Lone parent family: Parent working,12,8,4
S01011450,Lone parent family: Parent not working,11,9,2
S01011451,All parents aged 16 and over with dependent children,219,88,131
S01011451,Couple family: Total,202,80,122
S01011451,Couple family: Both parents working,152,66,86
S01011451,Couple family: One parent working,42,12,30
S01011451,Couple family: No parents working,8,2,6
S01011451,Lone parent family: Total,17,8,9
S01011451,Lone parent family: Parent working,14,6,8
S01011451,Lone parent family: Parent not working,3,2,1
S01011452,All parents aged 16 and over with dependent children,194,98,96
S01011452,Couple family: Total,158,76,82
S01011452,Couple family: Both parents working,122,62,60
S01011452,Couple family: One parent working,24,12,12
S01011452,Couple family: No parents working,12,2,10
S01011452,Lone parent family: Total,36,22,14
S01011452,Lone parent family: Parent working,26,15,11
S01011452,Lone parent family: Parent not working,10,7,3
S01011453,All parents aged 16 and over with dependent children,148,61,87
S01011453,Couple family: Total,124,46,78
S01011453,Couple family: Both parents working,86,36,50
S01011453,Couple family: One parent working,26,6,20
S01011453,Couple family: No parents working,12,4,8
S01011453,Lone parent family: Total,24,15,9
S01011453,Lone parent family: Parent working,12,9,3
S01011453,Lone parent family: Parent not working,12,6,6
S01011454,All parents aged 16 and over with dependent children,170,94,76
S01011454,Couple family: Total,118,64,54
S01011454,Couple family: Both parents working,80,42,38
S01011454,Couple family: One parent working,28,14,14
S01011454,Couple family: No parents working,10,8,2
S01011454,Lone parent family: Total,52,30,22
S01011454,Lone parent family: Parent working,38,23,15
S01011454,Lone parent family: Parent not working,14,7,7
S01011455,All parents aged 16 and over with dependent children,143,81,62
S01011455,Couple family: Total,106,60,46
S01011455,Couple family: Both parents working,66,40,26
S01011455,Couple family: One parent working,24,10,14
S01011455,Couple family: No parents working,16,10,6
S01011455,Lone parent family: Total,37,21,16
S01011455,Lone parent family: Parent working,21,12,9
S01011455,Lone parent family: Parent not working,16,9,7
S01011456,All parents aged 16 and over with dependent children,132,67,65
S01011456,Couple family: Total,94,46,48
S01011456,Couple family: Both parents working,58,30,28
S01011456,Couple family: One parent working,28,14,14
S01011456,Couple family: No parents working,8,2,6
S01011456,Lone parent family: Total,38,21,17
S01011456,Lone parent family: Parent working,25,14,11
S01011456,Lone parent family: Parent not working,13,7,6
S01011457,All parents aged 16 and over with dependent children,193,102,91
S01011457,Couple family: Total,128,62,66
S01011457,Couple family: Both parents working,70,36,34
S01011457,Couple family: One parent working,34,14,20
S01011457,Couple family: No parents working,24,12,12
S01011457,Lone parent family: Total,65,40,25
S01011457,Lone parent family: Parent working,41,25,16
S01011457,Lone parent family: Parent not working,24,15,9
S01011458,All parents aged 16 and over with dependent children,311,139,172
S01011458,Couple family: Total,278,122,156
S01011458,Couple family: Both parents working,226,104,122
S01011458,Couple family: One parent working,44,14,30
S01011458,Couple family: No parents working,8,4,4
S01011458,Lone parent family: Total,33,17,16
S01011458,Lone parent family: Parent working,21,12,9
S01011458,Lone parent family: Parent not working,12,5,7
S01011459,All parents aged 16 and over with dependent children,290,143,147
S01011459,Couple family: Total,242,118,124
S01011459,Couple family: Both parents working,188,110,78
S01011459,Couple family: One parent working,44,8,36
S01011459,Couple family: No parents working,10,0,10
S01011459,Lone parent family: Total,48,25,23
S01011459,Lone parent family: Parent working,36,19,17
S01011459,Lone parent family: Parent not working,12,6,6
S01011460,All parents aged 16 and over with dependent children,203,83,120
S01011460,Couple family: Total,164,58,106
S01011460,Couple family: Both parents working,124,48,76
S01011460,Couple family: One parent working,34,10,24
S01011460,Couple family: No parents working,6,0,6
S01011460,Lone parent family: Total,39,25,14
S01011460,Lone parent family: Parent working,26,17,9
S01011460,Lone parent family: Parent not working,13,8,5
S01011461,All parents aged 16 and over with dependent children,158,85,73
S01011461,Couple family: Total,102,50,52
S01011461,Couple family: Both parents working,58,32,26
S01011461,Couple family: One parent working,32,12,20
S01011461,Couple family: No parents working,12,6,6
S01011461,Lone parent family: Total,56,35,21
S01011461,Lone parent family: Parent working,36,25,11
S01011461,Lone parent family: Parent not working,20,10,10
S01011462,All parents aged 16 and over with dependent children,182,89,93
S01011462,Couple family: Total,164,78,86
S01011462,Couple family: Both parents working,118,60,58
S01011462,Couple family: One parent working,44,16,28
S01011462,Couple family: No parents working,2,2,0
S01011462,Lone parent family: Total,18,11,7
S01011462,Lone parent family: Parent working,11,6,5
S01011462,Lone parent family: Parent not working,7,5,2
S01011463,All parents aged 16 and over with dependent children,153,93,60
S01011463,Couple family: Total,122,66,56
S01011463,Couple family: Both parents working,88,48,40
S01011463,Couple family: One parent working,32,18,14
S01011463,Couple family: No parents working,2,0,2
S01011463,Lone parent family: Total,31,27,4
S01011463,Lone parent family: Parent working,23,19,4
S01011463,Lone parent family: Parent not working,8,8,0
S01011464,All parents aged 16 and over with dependent children,181,96,85
S01011464,Couple family: Total,168,88,80
S01011464,Couple family: Both parents working,122,58,64
S01011464,Couple family: One parent working,42,28,14
S01011464,Couple family: No parents working,4,2,2
S01011464,Lone parent family: Total,13,8,5
S01011464,Lone parent family: Parent working,7,3,4
S01011464,Lone parent family: Parent not working,6,5,1
S01011465,All parents aged 16 and over with dependent children,122,56,66
S01011465,Couple family: Total,76,40,36
S01011465,Couple family: Both parents working,30,18,12
S01011465,Couple family: One parent working,30,10,20
S01011465,Couple family: No parents working,16,12,4
S01011465,Lone parent family: Total,46,16,30
S01011465,Lone parent family: Parent working,25,11,14
S01011465,Lone parent family: Parent not working,21,5,16
S01011466,All parents aged 16 and over with dependent children,108,65,43
S01011466,Couple family: Total,74,44,30
S01011466,Couple family: Both parents working,56,32,24
S01011466,Couple family: One parent working,18,12,6
S01011466,Couple family: No parents working,0,0,0
S01011466,Lone parent family: Total,34,21,13
S01011466,Lone parent family: Parent working,14,7,7
S01011466,Lone parent family: Parent not working,20,14,6
S01011467,All parents aged 16 and over with dependent children,130,59,71
S01011467,Couple family: Total,102,40,62
S01011467,Couple family: Both parents working,82,36,46
S01011467,Couple family: One parent working,12,2,10
S01011467,Couple family: No parents working,8,2,6
S01011467,Lone parent family: Total,28,19,9
S01011467,Lone parent family: Parent working,15,12,3
S01011467,Lone parent family: Parent not working,13,7,6
S01011468,All parents aged 16 and over with dependent children,334,135,199
S01011468,Couple family: Total,312,126,186
S01011468,Couple family: Both parents working,252,110,142
S01011468,Couple family: One parent working,52,14,38
S01011468,Couple family: No parents working,8,2,6
S01011468,Lone parent family: Total,22,9,13
S01011468,Lone parent family: Parent working,12,3,9
S01011468,Lone parent family: Parent not working,10,6,4
S01011469,All parents aged 16 and over with dependent children,203,81,122
S01011469,Couple family: Total,150,52,98
S01011469,Couple family: Both parents working,92,32,60
S01011469,Couple family: One parent working,44,16,28
S01011469,Couple family: No parents working,14,4,10
S01011469,Lone parent family: Total,53,29,24
S01011469,Lone parent family: Parent working,31,19,12
S01011469,Lone parent family: Parent not working,22,10,12
S01011470,All parents aged 16 and over with dependent children,195,93,102
S01011470,Couple family: Total,162,72,90
S01011470,Couple family: Both parents working,106,54,52
S01011470,Couple family: One parent working,42,10,32
S01011470,Couple family: No parents working,14,8,6
S01011470,Lone parent family: Total,33,21,12
S01011470,Lone parent family: Parent working,19,13,6
S01011470,Lone parent family: Parent not working,14,8,6
S01011471,All parents aged 16 and over with dependent children,127,81,46
S01011471,Couple family: Total,100,62,38
S01011471,Couple family: Both parents working,86,56,30
S01011471,Couple family: One parent working,12,4,8
S01011471,Couple family: No parents working,2,2,0
S01011471,Lone parent family: Total,27,19,8
S01011471,Lone parent family: Parent working,17,12,5
S01011471,Lone parent family: Parent not working,10,7,3
S01011472,All parents aged 16 and over with dependent children,127,74,53
S01011472,Couple family: Total,82,42,40
S01011472,Couple family: Both parents working,56,34,22
S01011472,Couple family: One parent working,16,4,12
S01011472,Couple family: No parents working,10,4,6
S01011472,Lone parent family: Total,45,32,13
S01011472,Lone parent family: Parent working,18,15,3
S01011472,Lone parent family: Parent not working,27,17,10
S01011473,All parents aged 16 and over with dependent children,63,41,22
S01011473,Couple family: Total,40,22,18
S01011473,Couple family: Both parents working,16,10,6
S01011473,Couple family: One parent working,24,12,12
S01011473,Couple family: No parents working,0,0,0
S01011473,Lone parent family: Total,23,19,4
S01011473,Lone parent family: Parent working,14,11,3
S01011473,Lone parent family: Parent not working,9,8,1
S01011474,All parents aged 16 and over with dependent children,111,63,48
S01011474,Couple family: Total,68,38,30
S01011474,Couple family: Both parents working,44,28,16
S01011474,Couple family: One parent working,22,8,14
S01011474,Couple family: No parents working,2,2,0
S01011474,Lone parent family: Total,43,25,18
S01011474,Lone parent family: Parent working,22,14,8
S01011474,Lone parent family: Parent not working,21,11,10
S01011475,All parents aged 16 and over with dependent children,80,47,33
S01011475,Couple family: Total,42,20,22
S01011475,Couple family: Both parents working,24,10,14
S01011475,Couple family: One parent working,14,8,6
S01011475,Couple family: No parents working,4,2,2
S01011475,Lone parent family: Total,38,27,11
S01011475,Lone parent family: Parent working,21,17,4
S01011475,Lone parent family: Parent not working,17,10,7
S01011476,All parents aged 16 and over with dependent children,106,53,53
S01011476,Couple family: Total,96,44,52
S01011476,Couple family: Both parents working,88,42,46
S01011476,Couple family: One parent working,6,2,4
S01011476,Couple family: No parents working,2,0,2
S01011476,Lone parent family: Total,10,9,1
S01011476,Lone parent family: Parent working,10,9,1
S01011476,Lone parent family: Parent not working,0,0,0
S01011477,All parents aged 16 and over with dependent children,166,63,103
S01011477,Couple family: Total,146,54,92
S01011477,Couple family: Both parents working,122,48,74
S01011477,Couple family: One parent working,22,6,16
S01011477,Couple family: No parents working,2,0,2
S01011477,Lone parent family: Total,20,9,11
S01011477,Lone parent family: Parent working,17,8,9
S01011477,Lone parent family: Parent not working,3,1,2
S01011478,All parents aged 16 and over with dependent children,264,115,149
S01011478,Couple family: Total,250,104,146
S01011478,Couple family: Both parents working,204,84,120
S01011478,Couple family: One parent working,42,16,26
S01011478,Couple family: No parents working,4,4,0
S01011478,Lone parent family: Total,14,11,3
S01011478,Lone parent family: Parent working,12,9,3
S01011478,Lone parent family: Parent not working,2,2,0
S01011479,All parents aged 16 and over with dependent children,129,77,52
S01011479,Couple family: Total,114,66,48
S01011479,Couple family: Both parents working,98,58,40
S01011479,Couple family: One parent working,16,8,8
S01011479,Couple family: No parents working,0,0,0
S01011479,Lone parent family: Total,15,11,4
S01011479,Lone parent family: Parent working,10,7,3
S01011479,Lone parent family: Parent not working,5,4,1
S01011480,All parents aged 16 and over with dependent children,213,100,113
S01011480,Couple family: Total,192,90,102
S01011480,Couple family: Both parents working,144,66,78
S01011480,Couple family: One parent working,44,20,24
S01011480,Couple family: No parents working,4,4,0
S01011480,Lone parent family: Total,21,10,11
S01011480,Lone parent family: Parent working,11,6,5
S01011480,Lone parent family: Parent not working,10,4,6
S01011481,All parents aged 16 and over with dependent children,230,122,108
S01011481,Couple family: Total,204,106,98
S01011481,Couple family: Both parents working,174,90,84
S01011481,Couple family: One parent working,22,10,12
S01011481,Couple family: No parents working,8,6,2
S01011481,Lone parent family: Total,26,16,10
S01011481,Lone parent family: Parent working,21,13,8
S01011481,Lone parent family: Parent not working,5,3,2
S01011482,All parents aged 16 and over with dependent children,174,98,76
S01011482,Couple family: Total,128,66,62
S01011482,Couple family: Both parents working,82,46,36
S01011482,Couple family: One parent working,26,10,16
S01011482,Couple family: No parents working,20,10,10
S01011482,Lone parent family: Total,46,32,14
S01011482,Lone parent family: Parent working,29,23,6
S01011482,Lone parent family: Parent not working,17,9,8
S01011483,All parents aged 16 and over with dependent children,110,46,64
S01011483,Couple family: Total,98,38,60
S01011483,Couple family: Both parents working,78,28,50
S01011483,Couple family: One parent working,20,10,10
S01011483,Couple family: No parents working,0,0,0
S01011483,Lone parent family: Total,12,8,4
S01011483,Lone parent family: Parent working,10,7,3
S01011483,Lone parent family: Parent not working,2,1,1
S01011484,All parents aged 16 and over with dependent children,166,80,86
S01011484,Couple family: Total,118,48,70
S01011484,Couple family: Both parents working,62,22,40
S01011484,Couple family: One parent working,34,10,24
S01011484,Couple family: No parents working,22,16,6
S01011484,Lone parent family: Total,48,32,16
S01011484,Lone parent family: Parent working,28,16,12
S01011484,Lone parent family: Parent not working,20,16,4
S01011485,All parents aged 16 and over with dependent children,203,85,118
S01011485,Couple family: Total,136,54,82
S01011485,Couple family: Both parents working,62,30,32
S01011485,Couple family: One parent working,42,16,26
S01011485,Couple family: No parents working,32,8,24
S01011485,Lone parent family: Total,67,31,36
S01011485,Lone parent family: Parent working,33,22,11
S01011485,Lone parent family: Parent not working,34,9,25
S01011486,All parents aged 16 and over with dependent children,117,54,63
S01011486,Couple family: Total,70,32,38
S01011486,Couple family: Both parents working,28,14,14
S01011486,Couple family: One parent working,38,14,24
S01011486,Couple family: No parents working,4,4,0
S01011486,Lone parent family: Total,47,22,25
S01011486,Lone parent family: Parent working,21,9,12
S01011486,Lone parent family: Parent not working,26,13,13
S01011487,All parents aged 16 and over with dependent children,256,127,129
S01011487,Couple family: Total,170,84,86
S01011487,Couple family: Both parents working,126,68,58
S01011487,Couple family: One parent working,32,12,20
S01011487,Couple family: No parents working,12,4,8
S01011487,Lone parent family: Total,86,43,43
S01011487,Lone parent family: Parent working,54,32,22
S01011487,Lone parent family: Parent not working,32,11,21
S01011488,All parents aged 16 and over with dependent children,158,70,88
S01011488,Couple family: Total,102,44,58
S01011488,Couple family: Both parents working,50,26,24
S01011488,Couple family: One parent working,42,16,26
S01011488,Couple family: No parents working,10,2,8
S01011488,Lone parent family: Total,56,26,30
S01011488,Lone parent family: Parent working,21,12,9
S01011488,Lone parent family: Parent not working,35,14,21
S01011489,All parents aged 16 and over with dependent children,250,123,127
S01011489,Couple family: Total,216,104,112
S01011489,Couple family: Both parents working,166,86,80
S01011489,Couple family: One parent working,42,14,28
S01011489,Couple family: No parents working,8,4,4
S01011489,Lone parent family: Total,34,19,15
S01011489,Lone parent family: Parent working,23,9,14
S01011489,Lone parent family: Parent not working,11,10,1
S01011490,All parents aged 16 and over with dependent children,195,113,82
S01011490,Couple family: Total,152,84,68
S01011490,Couple family: Both parents working,110,62,48
S01011490,Couple family: One parent working,36,16,20
S01011490,Couple family: No parents working,6,6,0
S01011490,Lone parent family: Total,43,29,14
S01011490,Lone parent family: Parent working,24,18,6
S01011490,Lone parent family: Parent not working,19,11,8
S01011491,All parents aged 16 and over with dependent children,85,40,45
S01011491,Couple family: Total,52,24,28
S01011491,Couple family: Both parents working,38,18,20
S01011491,Couple family: One parent working,12,6,6
S01011491,Couple family: No parents working,2,0,2
S01011491,Lone parent family: Total,33,16,17
S01011491,Lone parent family: Parent working,11,8,3
S01011491,Lone parent family: Parent not working,22,8,14
S01011492,All parents aged 16 and over with dependent children,136,66,70
S01011492,Couple family: Total,86,40,46
S01011492,Couple family: Both parents working,50,28,22
S01011492,Couple family: One parent working,20,4,16
S01011492,Couple family: No parents working,16,8,8
S01011492,Lone parent family: Total,50,26,24
S01011492,Lone parent family: Parent working,17,11,6
S01011492,Lone parent family: Parent not working,33,15,18
S01011493,All parents aged 16 and over with dependent children,190,80,110
S01011493,Couple family: Total,180,72,108
S01011493,Couple family: Both parents working,154,62,92
S01011493,Couple family: One parent working,24,10,14
S01011493,Couple family: No parents working,2,0,2
S01011493,Lone parent family: Total,10,8,2
S01011493,Lone parent family: Parent working,9,7,2
S01011493,Lone parent family: Parent not working,1,1,0
S01011494,All parents aged 16 and over with dependent children,143,78,65
S01011494,Couple family: Total,122,62,60
S01011494,Couple family: Both parents working,94,52,42
S01011494,Couple family: One parent working,26,10,16
S01011494,Couple family: No parents working,2,0,2
S01011494,Lone parent family: Total,21,16,5
S01011494,Lone parent family: Parent working,16,12,4
S01011494,Lone parent family: Parent not working,5,4,1
S01011495,All parents aged 16 and over with dependent children,141,66,75
S01011495,Couple family: Total,88,34,54
S01011495,Couple family: Both parents working,56,28,28
S01011495,Couple family: One parent working,24,4,20
S01011495,Couple family: No parents working,8,2,6
S01011495,Lone parent family: Total,53,32,21
S01011495,Lone parent family: Parent working,31,18,13
S01011495,Lone parent family: Parent not working,22,14,8
S01011496,All parents aged 16 and over with dependent children,148,71,77
S01011496,Couple family: Total,84,32,52
S01011496,Couple family: Both parents working,48,22,26
S01011496,Couple family: One parent working,22,6,16
S01011496,Couple family: No parents working,14,4,10
S01011496,Lone parent family: Total,64,39,25
S01011496,Lone parent family: Parent working,33,27,6
S01011496,Lone parent family: Parent not working,31,12,19
S01011497,All parents aged 16 and over with dependent children,147,70,77
S01011497,Couple family: Total,128,62,66
S01011497,Couple family: Both parents working,98,46,52
S01011497,Couple family: One parent working,24,12,12
S01011497,Couple family: No parents working,6,4,2
S01011497,Lone parent family: Total,19,8,11
S01011497,Lone parent family: Parent working,15,7,8
S01011497,Lone parent family: Parent not working,4,1,3
S01011498,All parents aged 16 and over with dependent children,189,97,92
S01011498,Couple family: Total,170,84,86
S01011498,Couple family: Both parents working,132,66,66
S01011498,Couple family: One parent working,32,16,16
S01011498,Couple family: No parents working,6,2,4
S01011498,Lone parent family: Total,19,13,6
S01011498,Lone parent family: Parent working,17,11,6
S01011498,Lone parent family: Parent not working,2,2,0
S01011499,All parents aged 16 and over with dependent children,169,98,71
S01011499,Couple family: Total,144,80,64
S01011499,Couple family: Both parents working,122,70,52
S01011499,Couple family: One parent working,20,10,10
S01011499,Couple family: No parents working,2,0,2
S01011499,Lone parent family: Total,25,18,7
S01011499,Lone parent family: Parent working,14,12,2
S01011499,Lone parent family: Parent not working,11,6,5
S01011500,All parents aged 16 and over with dependent children,114,54,60
S01011500,Couple family: Total,98,42,56
S01011500,Couple family: Both parents working,80,34,46
S01011500,Couple family: One parent working,12,6,6
S01011500,Couple family: No parents working,6,2,4
S01011500,Lone parent family: Total,16,12,4
S01011500,Lone parent family: Parent working,9,6,3
S01011500,Lone parent family: Parent not working,7,6,1
S01011501,All parents aged 16 and over with dependent children,125,74,51
S01011501,Couple family: Total,68,46,22
S01011501,Couple family: Both parents working,52,36,16
S01011501,Couple family: One parent working,8,6,2
S01011501,Couple family: No parents working,8,4,4
S01011501,Lone parent family: Total,57,28,29
S01011501,Lone parent family: Parent working,22,13,9
S01011501,Lone parent family: Parent not working,35,15,20
S01011502,All parents aged 16 and over with dependent children,162,88,74
S01011502,Couple family: Total,131,74,57
S01011502,Couple family: Both parents working,80,50,30
S01011502,Couple family: One parent working,45,22,23
S01011502,Couple family: No parents working,6,2,4
S01011502,Lone parent family: Total,31,14,17
S01011502,Lone parent family: Parent working,21,11,10
S01011502,Lone parent family: Parent not working,10,3,7
S01011503,All parents aged 16 and over with dependent children,126,40,86
S01011503,Couple family: Total,96,28,68
S01011503,Couple family: Both parents working,66,18,48
S01011503,Couple family: One parent working,24,8,16
S01011503,Couple family: No parents working,6,2,4
S01011503,Lone parent family: Total,30,12,18
S01011503,Lone parent family: Parent working,17,8,9
S01011503,Lone parent family: Parent not working,13,4,9
S01011504,All parents aged 16 and over with dependent children,114,56,58
S01011504,Couple family: Total,98,48,50
S01011504,Couple family: Both parents working,46,18,28
S01011504,Couple family: One parent working,50,28,22
S01011504,Couple family: No parents working,2,2,0
S01011504,Lone parent family: Total,16,8,8
S01011504,Lone parent family: Parent working,11,6,5
S01011504,Lone parent family: Parent not working,5,2,3
S01011505,All parents aged 16 and over with dependent children,165,91,74
S01011505,Couple family: Total,118,64,54
S01011505,Couple family: Both parents working,80,44,36
S01011505,Couple family: One parent working,24,10,14
S01011505,Couple family: No parents working,14,10,4
S01011505,Lone parent family: Total,47,27,20
S01011505,Lone parent family: Parent working,23,13,10
S01011505,Lone parent family: Parent not working,24,14,10
S01011506,All parents aged 16 and over with dependent children,84,35,49
S01011506,Couple family: Total,72,30,42
S01011506,Couple family: Both parents working,52,20,32
S01011506,Couple family: One parent working,18,10,8
S01011506,Couple family: No parents working,2,0,2
S01011506,Lone parent family: Total,12,5,7
S01011506,Lone parent family: Parent working,7,3,4
S01011506,Lone parent family: Parent not working,5,2,3
S01011507,All parents aged 16 and over with dependent children,103,48,55
S01011507,Couple family: Total,76,34,42
S01011507,Couple family: Both parents working,46,16,30
S01011507,Couple family: One parent working,24,14,10
S01011507,Couple family: No parents working,6,4,2
S01011507,Lone parent family: Total,27,14,13
S01011507,Lone parent family: Parent working,13,5,8
S01011507,Lone parent family: Parent not working,14,9,5
S01011508,All parents aged 16 and over with dependent children,217,111,106
S01011508,Couple family: Total,184,88,96
S01011508,Couple family: Both parents working,148,70,78
S01011508,Couple family: One parent working,28,16,12
S01011508,Couple family: No parents working,8,2,6
S01011508,Lone parent family: Total,33,23,10
S01011508,Lone parent family: Parent working,17,9,8
S01011508,Lone parent family: Parent not working,16,14,2
S01011509,All parents aged 16 and over with dependent children,108,63,45
S01011509,Couple family: Total,78,44,34
S01011509,Couple family: Both parents working,52,34,18
S01011509,Couple family: One parent working,20,6,14
S01011509,Couple family: No parents working,6,4,2
S01011509,Lone parent family: Total,30,19,11
S01011509,Lone parent family: Parent working,15,9,6
S01011509,Lone parent family: Parent not working,15,10,5
S01011510,All parents aged 16 and over with dependent children,263,120,143
S01011510,Couple family: Total,176,84,92
S01011510,Couple family: Both parents working,132,74,58
S01011510,Couple family: One parent working,32,6,26
S01011510,Couple family: No parents working,12,4,8
S01011510,Lone parent family: Total,87,36,51
S01011510,Lone parent family: Parent working,30,13,17
S01011510,Lone parent family: Parent not working,57,23,34
S01011511,All parents aged 16 and over with dependent children,105,65,40
S01011511,Couple family: Total,80,50,30
S01011511,Couple family: Both parents working,46,28,18
S01011511,Couple family: One parent working,20,16,4
S01011511,Couple family: No parents working,14,6,8
S01011511,Lone parent family: Total,25,15,10
S01011511,Lone parent family: Parent working,14,7,7
S01011511,Lone parent family: Parent not working,11,8,3
S01011512,All parents aged 16 and over with dependent children,232,122,110
S01011512,Couple family: Total,124,58,66
S01011512,Couple family: Both parents working,68,42,26
S01011512,Couple family: One parent working,30,12,18
S01011512,Couple family: No parents working,26,4,22
S01011512,Lone parent family: Total,108,64,44
S01011512,Lone parent family: Parent working,38,24,14
S01011512,Lone parent family: Parent not working,70,40,30
S01011513,All parents aged 16 and over with dependent children,161,77,84
S01011513,Couple family: Total,102,42,60
S01011513,Couple family: Both parents working,56,26,30
S01011513,Couple family: One parent working,34,10,24
S01011513,Couple family: No parents working,12,6,6
S01011513,Lone parent family: Total,59,35,24
S01011513,Lone parent family: Parent working,31,20,11
S01011513,Lone parent family: Parent not working,28,15,13
S01011514,All parents aged 16 and over with dependent children,212,101,111
S01011514,Couple family: Total,156,68,88
S01011514,Couple family: Both parents working,94,46,48
S01011514,Couple family: One parent working,46,16,30
S01011514,Couple family: No parents working,16,6,10
S01011514,Lone parent family: Total,56,33,23
S01011514,Lone parent family: Parent working,33,19,14
S01011514,Lone parent family: Parent not working,23,14,9
S01011515,All parents aged 16 and over with dependent children,98,57,41
S01011515,Couple family: Total,86,48,38
S01011515,Couple family: Both parents working,72,38,34
S01011515,Couple family: One parent working,12,8,4
S01011515,Couple family: No parents working,2,2,0
S01011515,Lone parent family: Total,12,9,3
S01011515,Lone parent family: Parent working,10,8,2
S01011515,Lone parent family: Parent not working,2,1,1
S01011516,All parents aged 16 and over with dependent children,238,135,103
S01011516,Couple family: Total,226,128,98
S01011516,Couple family: Both parents working,176,106,70
S01011516,Couple family: One parent working,46,22,24
S01011516,Couple family: No parents working,4,0,4
S01011516,Lone parent family: Total,12,7,5
S01011516,Lone parent family: Parent working,8,5,3
S01011516,Lone parent family: Parent not working,4,2,2
S01011517,All parents aged 16 and over with dependent children,118,50,68
S01011517,Couple family: Total,102,42,60
S01011517,Couple family: Both parents working,72,28,44
S01011517,Couple family: One parent working,26,14,12
S01011517,Couple family: No parents working,4,0,4
S01011517,Lone parent family: Total,16,8,8
S01011517,Lone parent family: Parent working,11,5,6
S01011517,Lone parent family: Parent not working,5,3,2
S01011518,All parents aged 16 and over with dependent children,106,52,54
S01011518,Couple family: Total,80,42,38
S01011518,Couple family: Both parents working,38,26,12
S01011518,Couple family: One parent working,30,12,18
S01011518,Couple family: No parents working,12,4,8
S01011518,Lone parent family: Total,26,10,16
S01011518,Lone parent family: Parent working,13,5,8
S01011518,Lone parent family: Parent not working,13,5,8
S01011519,All parents aged 16 and over with dependent children,146,50,96
S01011519,Couple family: Total,122,38,84
S01011519,Couple family: Both parents working,84,30,54
S01011519,Couple family: One parent working,30,4,26
S01011519,Couple family: No parents working,8,4,4
S01011519,Lone parent family: Total,24,12,12
S01011519,Lone parent family: Parent working,16,10,6
S01011519,Lone parent family: Parent not working,8,2,6
S01011520,All parents aged 16 and over with dependent children,112,50,62
S01011520,Couple family: Total,72,24,48
S01011520,Couple family: Both parents working,42,12,30
S01011520,Couple family: One parent working,14,6,8
S01011520,Couple family: No parents working,16,6,10
S01011520,Lone parent family: Total,40,26,14
S01011520,Lone parent family: Parent working,21,14,7
S01011520,Lone parent family: Parent not working,19,12,7
S01011521,All parents aged 16 and over with dependent children,208,104,104
S01011521,Couple family: Total,146,70,76
S01011521,Couple family: Both parents working,70,36,34
S01011521,Couple family: One parent working,52,22,30
S01011521,Couple family: No parents working,24,12,12
S01011521,Lone parent family: Total,62,34,28
S01011521,Lone parent family: Parent working,31,21,10
S01011521,Lone parent family: Parent not working,31,13,18
S01011522,All parents aged 16 and over with dependent children,166,87,79
S01011522,Couple family: Total,124,66,58
S01011522,Couple family: Both parents working,84,40,44
S01011522,Couple family: One parent working,38,24,14
S01011522,Couple family: No parents working,2,2,0
S01011522,Lone parent family: Total,42,21,21
S01011522,Lone parent family: Parent working,25,12,13
S01011522,Lone parent family: Parent not working,17,9,8
S01011523,All parents aged 16 and over with dependent children,138,74,64
S01011523,Couple family: Total,102,54,48
S01011523,Couple family: Both parents working,78,48,30
S01011523,Couple family: One parent working,18,4,14
S01011523,Couple family: No parents working,6,2,4
S01011523,Lone parent family: Total,36,20,16
S01011523,Lone parent family: Parent working,25,13,12
S01011523,Lone parent family: Parent not working,11,7,4
S01011524,All parents aged 16 and over with dependent children,172,95,77
S01011524,Couple family: Total,148,78,70
S01011524,Couple family: Both parents working,124,66,58
S01011524,Couple family: One parent working,18,6,12
S01011524,Couple family: No parents working,6,6,0
S01011524,Lone parent family: Total,24,17,7
S01011524,Lone parent family: Parent working,18,14,4
S01011524,Lone parent family: Parent not working,6,3,3
S01011525,All parents aged 16 and over with dependent children,224,91,133
S01011525,Couple family: Total,198,80,118
S01011525,Couple family: Both parents working,170,70,100
S01011525,Couple family: One parent working,26,8,18
S01011525,Couple family: No parents working,2,2,0
S01011525,Lone parent family: Total,26,11,15
S01011525,Lone parent family: Parent working,16,8,8
S01011525,Lone parent family: Parent not working,10,3,7
S01011526,All parents aged 16 and over with dependent children,221,97,124
S01011526,Couple family: Total,178,72,106
S01011526,Couple family: Both parents working,134,52,82
S01011526,Couple family: One parent working,38,16,22
S01011526,Couple family: No parents working,6,4,2
S01011526,Lone parent family: Total,43,25,18
S01011526,Lone parent family: Parent working,21,9,12
S01011526,Lone parent family: Parent not working,22,16,6
S01011527,All parents aged 16 and over with dependent children,126,69,57
S01011527,Couple family: Total,108,60,48
S01011527,Couple family: Both parents working,84,48,36
S01011527,Couple family: One parent working,18,10,8
S01011527,Couple family: No parents working,6,2,4
S01011527,Lone parent family: Total,18,9,9
S01011527,Lone parent family: Parent working,9,6,3
S01011527,Lone parent family: Parent not working,9,3,6
S01011528,All parents aged 16 and over with dependent children,172,108,64
S01011528,Couple family: Total,120,78,42
S01011528,Couple family: Both parents working,80,56,24
S01011528,Couple family: One parent working,36,18,18
S01011528,Couple family: No parents working,4,4,0
S01011528,Lone parent family: Total,52,30,22
S01011528,Lone parent family: Parent working,27,15,12
S01011528,Lone parent family: Parent not working,25,15,10
S01011529,All parents aged 16 and over with dependent children,102,59,43
S01011529,Couple family: Total,54,30,24
S01011529,Couple family: Both parents working,38,18,20
S01011529,Couple family: One parent working,10,6,4
S01011529,Couple family: No parents working,6,6,0
S01011529,Lone parent family: Total,48,29,19
S01011529,Lone parent family: Parent working,19,16,3
S01011529,Lone parent family: Parent not working,29,13,16
S01011530,All parents aged 16 and over with dependent children,156,82,74
S01011530,Couple family: Total,114,50,64
S01011530,Couple family: Both parents working,78,34,44
S01011530,Couple family: One parent working,28,10,18
S01011530,Couple family: No parents working,8,6,2
S01011530,Lone parent family: Total,42,32,10
S01011530,Lone parent family: Parent working,30,23,7
S01011530,Lone parent family: Parent not working,12,9,3
S01011531,All parents aged 16 and over with dependent children,249,134,115
S01011531,Couple family: Total,218,114,104
S01011531,Couple family: Both parents working,172,90,82
S01011531,Couple family: One parent working,38,18,20
S01011531,Couple family: No parents working,8,6,2
S01011531,Lone parent family: Total,31,20,11
S01011531,Lone parent family: Parent working,15,11,4
S01011531,Lone parent family: Parent not working,16,9,7
S01011532,All parents aged 16 and over with dependent children,209,97,112
S01011532,Couple family: Total,184,82,102
S01011532,Couple family: Both parents working,144,68,76
S01011532,Couple family: One parent working,30,10,20
S01011532,Couple family: No parents working,10,4,6
S01011532,Lone parent family: Total,25,15,10
S01011532,Lone parent family: Parent working,17,11,6
S01011532,Lone parent family: Parent not working,8,4,4
S01011533,All parents aged 16 and over with dependent children,110,66,44
S01011533,Couple family: Total,72,42,30
S01011533,Couple family: Both parents working,22,16,6
S01011533,Couple family: One parent working,34,20,14
S01011533,Couple family: No parents working,16,6,10
S01011533,Lone parent family: Total,38,24,14
S01011533,Lone parent family: Parent working,22,15,7
S01011533,Lone parent family: Parent not working,16,9,7
S01011534,All parents aged 16 and over with dependent children,175,75,100
S01011534,Couple family: Total,134,52,82
S01011534,Couple family: Both parents working,104,42,62
S01011534,Couple family: One parent working,28,10,18
S01011534,Couple family: No parents working,2,0,2
S01011534,Lone parent family: Total,41,23,18
S01011534,Lone parent family: Parent working,25,12,13
S01011534,Lone parent family: Parent not working,16,11,5
S01011535,All parents aged 16 and over with dependent children,159,85,74
S01011535,Couple family: Total,84,42,42
S01011535,Couple family: Both parents working,38,22,16
S01011535,Couple family: One parent working,34,18,16
S01011535,Couple family: No parents working,12,2,10
S01011535,Lone parent family: Total,75,43,32
S01011535,Lone parent family: Parent working,35,21,14
S01011535,Lone parent family: Parent not working,40,22,18
S01011536,All parents aged 16 and over with dependent children,131,57,74
S01011536,Couple family: Total,120,50,70
S01011536,Couple family: Both parents working,98,38,60
S01011536,Couple family: One parent working,20,12,8
S01011536,Couple family: No parents working,2,0,2
S01011536,Lone parent family: Total,11,7,4
S01011536,Lone parent family: Parent working,7,4,3
S01011536,Lone parent family: Parent not working,4,3,1
S01011537,All parents aged 16 and over with dependent children,118,72,46
S01011537,Couple family: Total,102,58,44
S01011537,Couple family: Both parents working,84,52,32
S01011537,Couple family: One parent working,18,6,12
S01011537,Couple family: No parents working,0,0,0
S01011537,Lone parent family: Total,16,14,2
S01011537,Lone parent family: Parent working,10,9,1
S01011537,Lone parent family: Parent not working,6,5,1
S01011538,All parents aged 16 and over with dependent children,146,77,69
S01011538,Couple family: Total,136,70,66
S01011538,Couple family: Both parents working,106,60,46
S01011538,Couple family: One parent working,30,10,20
S01011538,Couple family: No parents working,0,0,0
S01011538,Lone parent family: Total,10,7,3
S01011538,Lone parent family: Parent working,8,7,1
S01011538,Lone parent family: Parent not working,2,0,2
S01011539,All parents aged 16 and over with dependent children,125,57,68
S01011539,Couple family: Total,90,40,50
S01011539,Couple family: Both parents working,54,30,24
S01011539,Couple family: One parent working,26,8,18
S01011539,Couple family: No parents working,10,2,8
S01011539,Lone parent family: Total,35,17,18
S01011539,Lone parent family: Parent working,17,7,10
S01011539,Lone parent family: Parent not working,18,10,8
S01011540,All parents aged 16 and over with dependent children,214,92,122
S01011540,Couple family: Total,164,70,94
S01011540,Couple family: Both parents working,124,52,72
S01011540,Couple family: One parent working,34,14,20
S01011540,Couple family: No parents working,6,4,2
S01011540,Lone parent family: Total,50,22,28
S01011540,Lone parent family: Parent working,38,20,18
S01011540,Lone parent family: Parent not working,12,2,10
S01011541,All parents aged 16 and over with dependent children,238,124,114
S01011541,Couple family: Total,162,76,86
S01011541,Couple family: Both parents working,96,50,46
S01011541,Couple family: One parent working,58,24,34
S01011541,Couple family: No parents working,8,2,6
S01011541,Lone parent family: Total,76,48,28
S01011541,Lone parent family: Parent working,42,26,16
S01011541,Lone parent family: Parent not working,34,22,12
S01011542,All parents aged 16 and over with dependent children,198,88,110
S01011542,Couple family: Total,144,62,82
S01011542,Couple family: Both parents working,96,44,52
S01011542,Couple family: One parent working,34,16,18
S01011542,Couple family: No parents working,14,2,12
S01011542,Lone parent family: Total,54,26,28
S01011542,Lone parent family: Parent working,35,16,19
S01011542,Lone parent family: Parent not working,19,10,9
S01011543,All parents aged 16 and over with dependent children,198,98,100
S01011543,Couple family: Total,138,68,70
S01011543,Couple family: Both parents working,82,42,40
S01011543,Couple family: One parent working,28,14,14
S01011543,Couple family: No parents working,28,12,16
S01011543,Lone parent family: Total,60,30,30
S01011543,Lone parent family: Parent working,32,17,15
S01011543,Lone parent family: Parent not working,28,13,15
S01011544,All parents aged 16 and over with dependent children,140,87,53
S01011544,Couple family: Total,102,64,38
S01011544,Couple family: Both parents working,72,46,26
S01011544,Couple family: One parent working,28,16,12
S01011544,Couple family: No parents working,2,2,0
S01011544,Lone parent family: Total,38,23,15
S01011544,Lone parent family: Parent working,18,13,5
S01011544,Lone parent family: Parent not working,20,10,10
S01011545,All parents aged 16 and over with dependent children,101,53,48
S01011545,Couple family: Total,76,38,38
S01011545,Couple family: Both parents working,62,32,30
S01011545,Couple family: One parent working,10,4,6
S01011545,Couple family: No parents working,4,2,2
S01011545,Lone parent family: Total,25,15,10
S01011545,Lone parent family: Parent working,17,11,6
S01011545,Lone parent family: Parent not working,8,4,4
S01011546,All parents aged 16 and over with dependent children,250,110,140
S01011546,Couple family: Total,226,100,126
S01011546,Couple family: Both parents working,184,80,104
S01011546,Couple family: One parent working,40,20,20
S01011546,Couple family: No parents working,2,0,2
S01011546,Lone parent family: Total,24,10,14
S01011546,Lone parent family: Parent working,19,9,10
S01011546,Lone parent family: Parent not working,5,1,4
S01011547,All parents aged 16 and over with dependent children,200,97,103
S01011547,Couple family: Total,176,84,92
S01011547,Couple family: Both parents working,160,78,82
S01011547,Couple family: One parent working,14,6,8
S01011547,Couple family: No parents working,2,0,2
S01011547,Lone parent family: Total,24,13,11
S01011547,Lone parent family: Parent working,15,11,4
S01011547,Lone parent family: Parent not working,9,2,7
S01011548,All parents aged 16 and over with dependent children,150,69,81
S01011548,Couple family: Total,126,54,72
S01011548,Couple family: Both parents working,102,48,54
S01011548,Couple family: One parent working,20,4,16
S01011548,Couple family: No parents working,4,2,2
S01011548,Lone parent family: Total,24,15,9
S01011548,Lone parent family: Parent working,15,11,4
S01011548,Lone parent family: Parent not working,9,4,5
S01011549,All parents aged 16 and over with dependent children,163,76,87
S01011549,Couple family: Total,144,64,80
S01011549,Couple family: Both parents working,110,52,58
S01011549,Couple family: One parent working,28,10,18
S01011549,Couple family: No parents working,6,2,4
S01011549,Lone parent family: Total,19,12,7
S01011549,Lone parent family: Parent working,13,10,3
S01011549,Lone parent family: Parent not working,6,2,4
S01011550,All parents aged 16 and over with dependent children,135,56,79
S01011550,Couple family: Total,124,48,76
S01011550,Couple family: Both parents working,110,44,66
S01011550,Couple family: One parent working,10,4,6
S01011550,Couple family: No parents working,4,0,4
S01011550,Lone parent family: Total,11,8,3
S01011550,Lone parent family: Parent working,7,6,1
S01011550,Lone parent family: Parent not working,4,2,2
S01011551,All parents aged 16 and over with dependent children,116,55,61
S01011551,Couple family: Total,90,36,54
S01011551,Couple family: Both parents working,58,24,34
S01011551,Couple family: One parent working,28,10,18
S01011551,Couple family: No parents working,4,2,2
S01011551,Lone parent family: Total,26,19,7
S01011551,Lone parent family: Parent working,13,10,3
S01011551,Lone parent family: Parent not working,13,9,4
S01011552,All parents aged 16 and over with dependent children,154,75,79
S01011552,Couple family: Total,138,64,74
S01011552,Couple family: Both parents working,114,54,60
S01011552,Couple family: One parent working,24,10,14
S01011552,Couple family: No parents working,0,0,0
S01011552,Lone parent family: Total,16,11,5
S01011552,Lone parent family: Parent working,13,10,3
S01011552,Lone parent family: Parent not working,3,1,2
S01011553,All parents aged 16 and over with dependent children,283,108,175
S01011553,Couple family: Total,266,100,166
S01011553,Couple family: Both parents working,222,94,128
S01011553,Couple family: One parent working,38,4,34
S01011553,Couple family: No parents working,6,2,4
S01011553,Lone parent family: Total,17,8,9
S01011553,Lone parent family: Parent working,10,5,5
S01011553,Lone parent family: Parent not working,7,3,4
S01011554,All parents aged 16 and over with dependent children,147,71,76
S01011554,Couple family: Total,110,50,60
S01011554,Couple family: Both parents working,78,36,42
S01011554,Couple family: One parent working,24,10,14
S01011554,Couple family: No parents working,8,4,4
S01011554,Lone parent family: Total,37,21,16
S01011554,Lone parent family: Parent working,21,13,8
S01011554,Lone parent family: Parent not working,16,8,8
S01011555,All parents aged 16 and over with dependent children,120,72,48
S01011555,Couple family: Total,84,46,38
S01011555,Couple family: Both parents working,52,30,22
S01011555,Couple family: One parent working,32,16,16
S01011555,Couple family: No parents working,0,0,0
S01011555,Lone parent family: Total,36,26,10
S01011555,Lone parent family: Parent working,20,17,3
S01011555,Lone parent family: Parent not working,16,9,7
S01011556,All parents aged 16 and over with dependent children,107,63,44
S01011556,Couple family: Total,64,38,26
S01011556,Couple family: Both parents working,38,26,12
S01011556,Couple family: One parent working,24,10,14
S01011556,Couple family: No parents working,2,2,0
S01011556,Lone parent family: Total,43,25,18
S01011556,Lone parent family: Parent working,18,14,4
S01011556,Lone parent family: Parent not working,25,11,14
S01011557,All parents aged 16 and over with dependent children,155,78,77
S01011557,Couple family: Total,114,58,56
S01011557,Couple family: Both parents working,78,42,36
S01011557,Couple family: One parent working,22,10,12
S01011557,Couple family: No parents working,14,6,8
S01011557,Lone parent family: Total,41,20,21
S01011557,Lone parent family: Parent working,31,16,15
S01011557,Lone parent family: Parent not working,10,4,6
S01011558,All parents aged 16 and over with dependent children,138,77,61
S01011558,Couple family: Total,104,58,46
S01011558,Couple family: Both parents working,76,46,30
S01011558,Couple family: One parent working,18,6,12
S01011558,Couple family: No parents working,10,6,4
S01011558,Lone parent family: Total,34,19,15
S01011558,Lone parent family: Parent working,20,15,5
S01011558,Lone parent family: Parent not working,14,4,10
S01011559,All parents aged 16 and over with dependent children,119,48,71
S01011559,Couple family: Total,84,30,54
S01011559,Couple family: Both parents working,42,18,24
S01011559,Couple family: One parent working,24,6,18
S01011559,Couple family: No parents working,18,6,12
S01011559,Lone parent family: Total,35,18,17
S01011559,Lone parent family: Parent working,19,12,7
S01011559,Lone parent family: Parent not working,16,6,10
S01011560,All parents aged 16 and over with dependent children,147,76,71
S01011560,Couple family: Total,112,54,58
S01011560,Couple family: Both parents working,72,46,26
S01011560,Couple family: One parent working,30,6,24
S01011560,Couple family: No parents working,10,2,8
S01011560,Lone parent family: Total,35,22,13
S01011560,Lone parent family: Parent working,17,11,6
S01011560,Lone parent family: Parent not working,18,11,7
S01011561,All parents aged 16 and over with dependent children,168,57,111
S01011561,Couple family: Total,118,40,78
S01011561,Couple family: Both parents working,62,18,44
S01011561,Couple family: One parent working,36,10,26
S01011561,Couple family: No parents working,20,12,8
S01011561,Lone parent family: Total,50,17,33
S01011561,Lone parent family: Parent working,33,12,21
S01011561,Lone parent family: Parent not working,17,5,12
S01011562,All parents aged 16 and over with dependent children,161,79,82
S01011562,Couple family: Total,94,44,50
S01011562,Couple family: Both parents working,56,30,26
S01011562,Couple family: One parent working,28,8,20
S01011562,Couple family: No parents working,10,6,4
S01011562,Lone parent family: Total,67,35,32
S01011562,Lone parent family: Parent working,37,22,15
S01011562,Lone parent family: Parent not working,30,13,17
S01011563,All parents aged 16 and over with dependent children,191,87,104
S01011563,Couple family: Total,128,56,72
S01011563,Couple family: Both parents working,62,36,26
S01011563,Couple family: One parent working,40,14,26
S01011563,Couple family: No parents working,26,6,20
S01011563,Lone parent family: Total,63,31,32
S01011563,Lone parent family: Parent working,41,20,21
S01011563,Lone parent family: Parent not working,22,11,11
S01011564,All parents aged 16 and over with dependent children,236,131,105
S01011564,Couple family: Total,194,108,86
S01011564,Couple family: Both parents working,134,76,58
S01011564,Couple family: One parent working,52,28,24
S01011564,Couple family: No parents working,8,4,4
S01011564,Lone parent family: Total,42,23,19
S01011564,Lone parent family: Parent working,26,13,13
S01011564,Lone parent family: Parent not working,16,10,6
S01011565,All parents aged 16 and over with dependent children,207,102,105
S01011565,Couple family: Total,154,70,84
S01011565,Couple family: Both parents working,98,50,48
S01011565,Couple family: One parent working,40,14,26
S01011565,Couple family: No parents working,16,6,10
S01011565,Lone parent family: Total,53,32,21
S01011565,Lone parent family: Parent working,35,26,9
S01011565,Lone parent family: Parent not working,18,6,12
S01011566,All parents aged 16 and over with dependent children,203,93,110
S01011566,Couple family: Total,126,50,76
S01011566,Couple family: Both parents working,72,30,42
S01011566,Couple family: One parent working,38,20,18
S01011566,Couple family: No parents working,16,0,16
S01011566,Lone parent family: Total,77,43,34
S01011566,Lone parent family: Parent working,33,18,15
S01011566,Lone parent family: Parent not working,44,25,19
S01011567,All parents aged 16 and over with dependent children,159,88,71
S01011567,Couple family: Total,124,62,62
S01011567,Couple family: Both parents working,78,38,40
S01011567,Couple family: One parent working,40,20,20
S01011567,Couple family: No parents working,6,4,2
S01011567,Lone parent family: Total,35,26,9
S01011567,Lone parent family: Parent working,26,22,4
S01011567,Lone parent family: Parent not working,9,4,5
S01011568,All parents aged 16 and over with dependent children,226,110,116
S01011568,Couple family: Total,198,92,106
S01011568,Couple family: Both parents working,148,66,82
S01011568,Couple family: One parent working,42,22,20
S01011568,Couple family: No parents working,8,4,4
S01011568,Lone parent family: Total,28,18,10
S01011568,Lone parent family: Parent working,21,12,9
S01011568,Lone parent family: Parent not working,7,6,1
S01011569,All parents aged 16 and over with dependent children,193,103,90
S01011569,Couple family: Total,162,82,80
S01011569,Couple family: Both parents working,120,70,50
S01011569,Couple family: One parent working,38,10,28
S01011569,Couple family: No parents working,4,2,2
S01011569,Lone parent family: Total,31,21,10
S01011569,Lone parent family: Parent working,22,19,3
S01011569,Lone parent family: Parent not working,9,2,7
S01011570,All parents aged 16 and over with dependent children,130,68,62
S01011570,Couple family: Total,86,34,52
S01011570,Couple family: Both parents working,58,24,34
S01011570,Couple family: One parent working,20,8,12
S01011570,Couple family: No parents working,8,2,6
S01011570,Lone parent family: Total,44,34,10
S01011570,Lone parent family: Parent working,27,22,5
S01011570,Lone parent family: Parent not working,17,12,5
S01011571,All parents aged 16 and over with dependent children,80,47,33
S01011571,Couple family: Total,46,24,22
S01011571,Couple family: Both parents working,30,16,14
S01011571,Couple family: One parent working,16,8,8
S01011571,Couple family: No parents working,0,0,0
S01011571,Lone parent family: Total,34,23,11
S01011571,Lone parent family: Parent working,20,16,4
S01011571,Lone parent family: Parent not working,14,7,7
S01011572,All parents aged 16 and over with dependent children,104,55,49
S01011572,Couple family: Total,70,38,32
S01011572,Couple family: Both parents working,48,30,18
S01011572,Couple family: One parent working,20,6,14
S01011572,Couple family: No parents working,2,2,0
S01011572,Lone parent family: Total,34,17,17
S01011572,Lone parent family: Parent working,17,10,7
S01011572,Lone parent family: Parent not working,17,7,10
S01011573,All parents aged 16 and over with dependent children,288,133,155
S01011573,Couple family: Total,258,118,140
S01011573,Couple family: Both parents working,208,98,110
S01011573,Couple family: One parent working,40,14,26
S01011573,Couple family: No parents working,10,6,4
S01011573,Lone parent family: Total,30,15,15
S01011573,Lone parent family: Parent working,22,13,9
S01011573,Lone parent family: Parent not working,8,2,6
S01011574,All parents aged 16 and over with dependent children,213,105,108
S01011574,Couple family: Total,176,76,100
S01011574,Couple family: Both parents working,150,66,84
S01011574,Couple family: One parent working,24,10,14
S01011574,Couple family: No parents working,2,0,2
S01011574,Lone parent family: Total,37,29,8
S01011574,Lone parent family: Parent working,24,19,5
S01011574,Lone parent family: Parent not working,13,10,3
S01011575,All parents aged 16 and over with dependent children,131,48,83
S01011575,Couple family: Total,110,36,74
S01011575,Couple family: Both parents working,74,20,54
S01011575,Couple family: One parent working,24,10,14
S01011575,Couple family: No parents working,12,6,6
S01011575,Lone parent family: Total,21,12,9
S01011575,Lone parent family: Parent working,12,9,3
S01011575,Lone parent family: Parent not working,9,3,6
S01011576,All parents aged 16 and over with dependent children,134,58,76
S01011576,Couple family: Total,72,26,46
S01011576,Couple family: Both parents working,30,12,18
S01011576,Couple family: One parent working,26,6,20
S01011576,Couple family: No parents working,16,8,8
S01011576,Lone parent family: Total,62,32,30
S01011576,Lone parent family: Parent working,28,18,10
S01011576,Lone parent family: Parent not working,34,14,20
S01011577,All parents aged 16 and over with dependent children,145,91,54
S01011577,Couple family: Total,102,64,38
S01011577,Couple family: Both parents working,68,42,26
S01011577,Couple family: One parent working,26,20,6
S01011577,Couple family: No parents working,8,2,6
S01011577,Lone parent family: Total,43,27,16
S01011577,Lone parent family: Parent working,27,18,9
S01011577,Lone parent family: Parent not working,16,9,7
S01011578,All parents aged 16 and over with dependent children,192,96,96
S01011578,Couple family: Total,128,56,72
S01011578,Couple family: Both parents working,86,38,48
S01011578,Couple family: One parent working,30,10,20
S01011578,Couple family: No parents working,12,8,4
S01011578,Lone parent family: Total,64,40,24
S01011578,Lone parent family: Parent working,40,25,15
S01011578,Lone parent family: Parent not working,24,15,9
S01011579,All parents aged 16 and over with dependent children,232,92,140
S01011579,Couple family: Total,216,84,132
S01011579,Couple family: Both parents working,172,70,102
S01011579,Couple family: One parent working,38,14,24
S01011579,Couple family: No parents working,6,0,6
S01011579,Lone parent family: Total,16,8,8
S01011579,Lone parent family: Parent working,13,7,6
S01011579,Lone parent family: Parent not working,3,1,2
S01011580,All parents aged 16 and over with dependent children,224,114,110
S01011580,Couple family: Total,162,76,86
S01011580,Couple family: Both parents working,110,50,60
S01011580,Couple family: One parent working,46,26,20
S01011580,Couple family: No parents working,6,0,6
S01011580,Lone parent family: Total,62,38,24
S01011580,Lone parent family: Parent working,31,16,15
S01011580,Lone parent family: Parent not working,31,22,9
S01011581,All parents aged 16 and over with dependent children,112,64,48
S01011581,Couple family: Total,78,40,38
S01011581,Couple family: Both parents working,54,32,22
S01011581,Couple family: One parent working,20,8,12
S01011581,Couple family: No parents working,4,0,4
S01011581,Lone parent family: Total,34,24,10
S01011581,Lone parent family: Parent working,16,14,2
S01011581,Lone parent family: Parent not working,18,10,8
S01011582,All parents aged 16 and over with dependent children,187,90,97
S01011582,Couple family: Total,164,74,90
S01011582,Couple family: Both parents working,140,62,78
S01011582,Couple family: One parent working,20,10,10
S01011582,Couple family: No parents working,4,2,2
S01011582,Lone parent family: Total,23,16,7
S01011582,Lone parent family: Parent working,21,16,5
S01011582,Lone parent family: Parent not working,2,0,2
S01011583,All parents aged 16 and over with dependent children,116,56,60
S01011583,Couple family: Total,82,38,44
S01011583,Couple family: Both parents working,44,24,20
S01011583,Couple family: One parent working,26,8,18
S01011583,Couple family: No parents working,12,6,6
S01011583,Lone parent family: Total,34,18,16
S01011583,Lone parent family: Parent working,15,7,8
S01011583,Lone parent family: Parent not working,19,11,8
S01011584,All parents aged 16 and over with dependent children,127,69,58
S01011584,Couple family: Total,96,46,50
S01011584,Couple family: Both parents working,54,26,28
S01011584,Couple family: One parent working,32,16,16
S01011584,Couple family: No parents working,10,4,6
S01011584,Lone parent family: Total,31,23,8
S01011584,Lone parent family: Parent working,19,12,7
S01011584,Lone parent family: Parent not working,12,11,1
S01011585,All parents aged 16 and over with dependent children,146,82,64
S01011585,Couple family: Total,92,42,50
S01011585,Couple family: Both parents working,58,26,32
S01011585,Couple family: One parent working,22,10,12
S01011585,Couple family: No parents working,12,6,6
S01011585,Lone parent family: Total,54,40,14
S01011585,Lone parent family: Parent working,33,30,3
S01011585,Lone parent family: Parent not working,21,10,11
S01011586,All parents aged 16 and over with dependent children,98,48,50
S01011586,Couple family: Total,62,28,34
S01011586,Couple family: Both parents working,38,18,20
S01011586,Couple family: One parent working,22,8,14
S01011586,Couple family: No parents working,2,2,0
S01011586,Lone parent family: Total,36,20,16
S01011586,Lone parent family: Parent working,20,15,5
S01011586,Lone parent family: Parent not working,16,5,11
S01011587,All parents aged 16 and over with dependent children,125,69,56
S01011587,Couple family: Total,72,34,38
S01011587,Couple family: Both parents working,38,16,22
S01011587,Couple family: One parent working,32,18,14
S01011587,Couple family: No parents working,2,0,2
S01011587,Lone parent family: Total,53,35,18
S01011587,Lone parent family: Parent working,31,25,6
S01011587,Lone parent family: Parent not working,22,10,12
S01011588,All parents aged 16 and over with dependent children,182,90,92
S01011588,Couple family: Total,122,60,62
S01011588,Couple family: Both parents working,72,36,36
S01011588,Couple family: One parent working,26,12,14
S01011588,Couple family: No parents working,24,12,12
S01011588,Lone parent family: Total,60,30,30
S01011588,Lone parent family: Parent working,32,19,13
S01011588,Lone parent family: Parent not working,28,11,17
S01011589,All parents aged 16 and over with dependent children,177,82,95
S01011589,Couple family: Total,140,60,80
S01011589,Couple family: Both parents working,98,42,56
S01011589,Couple family: One parent working,38,16,22
S01011589,Couple family: No parents working,4,2,2
S01011589,Lone parent family: Total,37,22,15
S01011589,Lone parent family: Parent working,24,12,12
S01011589,Lone parent family: Parent not working,13,10,3
S01011590,All parents aged 16 and over with dependent children,142,68,74
S01011590,Couple family: Total,116,54,62
S01011590,Couple family: Both parents working,80,42,38
S01011590,Couple family: One parent working,28,10,18
S01011590,Couple family: No parents working,8,2,6
S01011590,Lone parent family: Total,26,14,12
S01011590,Lone parent family: Parent working,16,9,7
S01011590,Lone parent family: Parent not working,10,5,5
S01011591,All parents aged 16 and over with dependent children,107,61,46
S01011591,Couple family: Total,78,38,40
S01011591,Couple family: Both parents working,46,24,22
S01011591,Couple family: One parent working,16,6,10
S01011591,Couple family: No parents working,16,8,8
S01011591,Lone parent family: Total,29,23,6
S01011591,Lone parent family: Parent working,18,14,4
S01011591,Lone parent family: Parent not working,11,9,2
S01011592,All parents aged 16 and over with dependent children,138,80,58
S01011592,Couple family: Total,76,38,38
S01011592,Couple family: Both parents working,40,28,12
S01011592,Couple family: One parent working,14,4,10
S01011592,Couple family: No parents working,22,6,16
S01011592,Lone parent family: Total,62,42,20
S01011592,Lone parent family: Parent working,33,24,9
S01011592,Lone parent family: Parent not working,29,18,11
S01011593,All parents aged 16 and over with dependent children,143,70,73
S01011593,Couple family: Total,116,54,62
S01011593,Couple family: Both parents working,96,50,46
S01011593,Couple family: One parent working,20,4,16
S01011593,Couple family: No parents working,0,0,0
S01011593,Lone parent family: Total,27,16,11
S01011593,Lone parent family: Parent working,19,12,7
S01011593,Lone parent family: Parent not working,8,4,4
S01011594,All parents aged 16 and over with dependent children,76,50,26
S01011594,Couple family: Total,62,40,22
S01011594,Couple family: Both parents working,40,28,12
S01011594,Couple family: One parent working,18,12,6
S01011594,Couple family: No parents working,4,0,4
S01011594,Lone parent family: Total,14,10,4
S01011594,Lone parent family: Parent working,7,5,2
S01011594,Lone parent family: Parent not working,7,5,2
S01011595,All parents aged 16 and over with dependent children,104,59,45
S01011595,Couple family: Total,90,48,42
S01011595,Couple family: Both parents working,68,38,30
S01011595,Couple family: One parent working,20,10,10
S01011595,Couple family: No parents working,2,0,2
S01011595,Lone parent family: Total,14,11,3
S01011595,Lone parent family: Parent working,8,6,2
S01011595,Lone parent family: Parent not working,6,5,1
S01011596,All parents aged 16 and over with dependent children,166,101,65
S01011596,Couple family: Total,122,72,50
S01011596,Couple family: Both parents working,96,54,42
S01011596,Couple family: One parent working,22,14,8
S01011596,Couple family: No parents working,4,4,0
S01011596,Lone parent family: Total,44,29,15
S01011596,Lone parent family: Parent working,22,19,3
S01011596,Lone parent family: Parent not working,22,10,12
S01011597,All parents aged 16 and over with dependent children,98,53,45
S01011597,Couple family: Total,84,44,40
S01011597,Couple family: Both parents working,58,28,30
S01011597,Couple family: One parent working,24,16,8
S01011597,Couple family: No parents working,2,0,2
S01011597,Lone parent family: Total,14,9,5
S01011597,Lone parent family: Parent working,11,8,3
S01011597,Lone parent family: Parent not working,3,1,2
S01011598,All parents aged 16 and over with dependent children,102,71,31
S01011598,Couple family: Total,44,30,14
S01011598,Couple family: Both parents working,22,16,6
S01011598,Couple family: One parent working,14,6,8
S01011598,Couple family: No parents working,8,8,0
S01011598,Lone parent family: Total,58,41,17
S01011598,Lone parent family: Parent working,25,19,6
S01011598,Lone parent family: Parent not working,33,22,11
S01011599,All parents aged 16 and over with dependent children,157,72,85
S01011599,Couple family: Total,114,48,66
S01011599,Couple family: Both parents working,82,42,40
S01011599,Couple family: One parent working,26,4,22
S01011599,Couple family: No parents working,6,2,4
S01011599,Lone parent family: Total,43,24,19
S01011599,Lone parent family: Parent working,26,18,8
S01011599,Lone parent family: Parent not working,17,6,11
S01011600,All parents aged 16 and over with dependent children,126,86,40
S01011600,Couple family: Total,86,56,30
S01011600,Couple family: Both parents working,50,32,18
S01011600,Couple family: One parent working,30,18,12
S01011600,Couple family: No parents working,6,6,0
S01011600,Lone parent family: Total,40,30,10
S01011600,Lone parent family: Parent working,26,22,4
S01011600,Lone parent family: Parent not working,14,8,6
S01011601,All parents aged 16 and over with dependent children,244,138,106
S01011601,Couple family: Total,202,114,88
S01011601,Couple family: Both parents working,176,98,78
S01011601,Couple family: One parent working,20,12,8
S01011601,Couple family: No parents working,6,4,2
S01011601,Lone parent family: Total,42,24,18
S01011601,Lone parent family: Parent working,28,17,11
S01011601,Lone parent family: Parent not working,14,7,7
S01011602,All parents aged 16 and over with dependent children,128,72,56
S01011602,Couple family: Total,94,46,48
S01011602,Couple family: Both parents working,56,28,28
S01011602,Couple family: One parent working,26,16,10
S01011602,Couple family: No parents working,12,2,10
S01011602,Lone parent family: Total,34,26,8
S01011602,Lone parent family: Parent working,14,9,5
S01011602,Lone parent family: Parent not working,20,17,3
S01011603,All parents aged 16 and over with dependent children,114,51,63
S01011603,Couple family: Total,76,32,44
S01011603,Couple family: Both parents working,54,22,32
S01011603,Couple family: One parent working,16,8,8
S01011603,Couple family: No parents working,6,2,4
S01011603,Lone parent family: Total,38,19,19
S01011603,Lone parent family: Parent working,15,10,5
S01011603,Lone parent family: Parent not working,23,9,14
S01011604,All parents aged 16 and over with dependent children,155,78,77
S01011604,Couple family: Total,108,54,54
S01011604,Couple family: Both parents working,60,32,28
S01011604,Couple family: One parent working,36,18,18
S01011604,Couple family: No parents working,12,4,8
S01011604,Lone parent family: Total,47,24,23
S01011604,Lone parent family: Parent working,24,13,11
S01011604,Lone parent family: Parent not working,23,11,12
S01011605,All parents aged 16 and over with dependent children,151,66,85
S01011605,Couple family: Total,124,50,74
S01011605,Couple family: Both parents working,94,44,50
S01011605,Couple family: One parent working,26,4,22
S01011605,Couple family: No parents working,4,2,2
S01011605,Lone parent family: Total,27,16,11
S01011605,Lone parent family: Parent working,16,11,5
S01011605,Lone parent family: Parent not working,11,5,6
S01011606,All parents aged 16 and over with dependent children,337,159,178
S01011606,Couple family: Total,304,136,168
S01011606,Couple family: Both parents working,266,122,144
S01011606,Couple family: One parent working,38,14,24
S01011606,Couple family: No parents working,0,0,0
S01011606,Lone parent family: Total,33,23,10
S01011606,Lone parent family: Parent working,28,21,7
S01011606,Lone parent family: Parent not working,5,2,3
S01011607,All parents aged 16 and over with dependent children,127,69,58
S01011607,Couple family: Total,112,60,52
S01011607,Couple family: Both parents working,88,48,40
S01011607,Couple family: One parent working,24,12,12
S01011607,Couple family: No parents working,0,0,0
S01011607,Lone parent family: Total,15,9,6
S01011607,Lone parent family: Parent working,8,4,4
S01011607,Lone parent family: Parent not working,7,5,2
S01011608,All parents aged 16 and over with dependent children,246,128,118
S01011608,Couple family: Total,208,104,104
S01011608,Couple family: Both parents working,172,94,78
S01011608,Couple family: One parent working,32,8,24
S01011608,Couple family: No parents working,4,2,2
S01011608,Lone parent family: Total,38,24,14
S01011608,Lone parent family: Parent working,30,19,11
S01011608,Lone parent family: Parent not working,8,5,3
S01011609,All parents aged 16 and over with dependent children,202,112,90
S01011609,Couple family: Total,118,58,60
S01011609,Couple family: Both parents working,70,36,34
S01011609,Couple family: One parent working,28,14,14
S01011609,Couple family: No parents working,20,8,12
S01011609,Lone parent family: Total,84,54,30
S01011609,Lone parent family: Parent working,39,25,14
S01011609,Lone parent family: Parent not working,45,29,16
S01011610,All parents aged 16 and over with dependent children,179,90,89
S01011610,Couple family: Total,116,56,60
S01011610,Couple family: Both parents working,80,34,46
S01011610,Couple family: One parent working,24,14,10
S01011610,Couple family: No parents working,12,8,4
S01011610,Lone parent family: Total,63,34,29
S01011610,Lone parent family: Parent working,29,16,13
S01011610,Lone parent family: Parent not working,34,18,16
S01011611,All parents aged 16 and over with dependent children,138,77,61
S01011611,Couple family: Total,116,66,50
S01011611,Couple family: Both parents working,86,46,40
S01011611,Couple family: One parent working,28,18,10
S01011611,Couple family: No parents working,2,2,0
S01011611,Lone parent family: Total,22,11,11
S01011611,Lone parent family: Parent working,18,11,7
S01011611,Lone parent family: Parent not working,4,0,4
S01011612,All parents aged 16 and over with dependent children,215,104,111
S01011612,Couple family: Total,204,96,108
S01011612,Couple family: Both parents working,186,92,94
S01011612,Couple family: One parent working,16,2,14
S01011612,Couple family: No parents working,2,2,0
S01011612,Lone parent family: Total,11,8,3
S01011612,Lone parent family: Parent working,9,6,3
S01011612,Lone parent family: Parent not working,2,2,0
S01011613,All parents aged 16 and over with dependent children,184,95,89
S01011613,Couple family: Total,158,78,80
S01011613,Couple family: Both parents working,124,70,54
S01011613,Couple family: One parent working,30,6,24
S01011613,Couple family: No parents working,4,2,2
S01011613,Lone parent family: Total,26,17,9
S01011613,Lone parent family: Parent working,18,13,5
S01011613,Lone parent family: Parent not working,8,4,4
S01011614,All parents aged 16 and over with dependent children,88,47,41
S01011614,Couple family: Total,80,44,36
S01011614,Couple family: Both parents working,50,24,26
S01011614,Couple family: One parent working,26,18,8
S01011614,Couple family: No parents working,4,2,2
S01011614,Lone parent family: Total,8,3,5
S01011614,Lone parent family: Parent working,4,2,2
S01011614,Lone parent family: Parent not working,4,1,3
S01011615,All parents aged 16 and over with dependent children,170,82,88
S01011615,Couple family: Total,118,54,64
S01011615,Couple family: Both parents working,72,34,38
S01011615,Couple family: One parent working,30,14,16
S01011615,Couple family: No parents working,16,6,10
S01011615,Lone parent family: Total,52,28,24
S01011615,Lone parent family: Parent working,23,15,8
S01011615,Lone parent family: Parent not working,29,13,16
S01011616,All parents aged 16 and over with dependent children,71,35,36
S01011616,Couple family: Total,40,16,24
S01011616,Couple family: Both parents working,22,12,10
S01011616,Couple family: One parent working,14,4,10
S01011616,Couple family: No parents working,4,0,4
S01011616,Lone parent family: Total,31,19,12
S01011616,Lone parent family: Parent working,13,10,3
S01011616,Lone parent family: Parent not working,18,9,9
S01011617,All parents aged 16 and over with dependent children,142,74,68
S01011617,Couple family: Total,98,38,60
S01011617,Couple family: Both parents working,68,28,40
S01011617,Couple family: One parent working,24,8,16
S01011617,Couple family: No parents working,6,2,4
S01011617,Lone parent family: Total,44,36,8
S01011617,Lone parent family: Parent working,32,26,6
S01011617,Lone parent family: Parent not working,12,10,2
S01011618,All parents aged 16 and over with dependent children,144,57,87
S01011618,Couple family: Total,98,36,62
S01011618,Couple family: Both parents working,64,30,34
S01011618,Couple family: One parent working,26,4,22
S01011618,Couple family: No parents working,8,2,6
S01011618,Lone parent family: Total,46,21,25
S01011618,Lone parent family: Parent working,21,13,8
S01011618,Lone parent family: Parent not working,25,8,17
S01011619,All parents aged 16 and over with dependent children,278,139,139
S01011619,Couple family: Total,244,118,126
S01011619,Couple family: Both parents working,184,92,92
S01011619,Couple family: One parent working,56,22,34
S01011619,Couple family: No parents working,4,4,0
S01011619,Lone parent family: Total,34,21,13
S01011619,Lone parent family: Parent working,22,15,7
S01011619,Lone parent family: Parent not working,12,6,6
S01011620,All parents aged 16 and over with dependent children,345,166,179
S01011620,Couple family: Total,316,146,170
S01011620,Couple family: Both parents working,270,130,140
S01011620,Couple family: One parent working,44,14,30
S01011620,Couple family: No parents working,2,2,0
S01011620,Lone parent family: Total,29,20,9
S01011620,Lone parent family: Parent working,25,18,7
S01011620,Lone parent family: Parent not working,4,2,2
S01011621,All parents aged 16 and over with dependent children,192,79,113
S01011621,Couple family: Total,160,62,98
S01011621,Couple family: Both parents working,110,50,60
S01011621,Couple family: One parent working,42,8,34
S01011621,Couple family: No parents working,8,4,4
S01011621,Lone parent family: Total,32,17,15
S01011621,Lone parent family: Parent working,22,11,11
S01011621,Lone parent family: Parent not working,10,6,4
S01011622,All parents aged 16 and over with dependent children,205,95,110
S01011622,Couple family: Total,196,90,106
S01011622,Couple family: Both parents working,152,72,80
S01011622,Couple family: One parent working,44,18,26
S01011622,Couple family: No parents working,0,0,0
S01011622,Lone parent family: Total,9,5,4
S01011622,Lone parent family: Parent working,5,3,2
S01011622,Lone parent family: Parent not working,4,2,2
S01011623,All parents aged 16 and over with dependent children,151,76,75
S01011623,Couple family: Total,110,54,56
S01011623,Couple family: Both parents working,66,32,34
S01011623,Couple family: One parent working,36,18,18
S01011623,Couple family: No parents working,8,4,4
S01011623,Lone parent family: Total,41,22,19
S01011623,Lone parent family: Parent working,25,14,11
S01011623,Lone parent family: Parent not working,16,8,8
S01011624,All parents aged 16 and over with dependent children,185,86,99
S01011624,Couple family: Total,148,60,88
S01011624,Couple family: Both parents working,110,48,62
S01011624,Couple family: One parent working,34,10,24
S01011624,Couple family: No parents working,4,2,2
S01011624,Lone parent family: Total,37,26,11
S01011624,Lone parent family: Parent working,21,15,6
S01011624,Lone parent family: Parent not working,16,11,5
S01011625,All parents aged 16 and over with dependent children,117,58,59
S01011625,Couple family: Total,88,42,46
S01011625,Couple family: Both parents working,62,34,28
S01011625,Couple family: One parent working,24,8,16
S01011625,Couple family: No parents working,2,0,2
S01011625,Lone parent family: Total,29,16,13
S01011625,Lone parent family: Parent working,18,14,4
S01011625,Lone parent family: Parent not working,11,2,9
S01011626,All parents aged 16 and over with dependent children,241,124,117
S01011626,Couple family: Total,216,108,108
S01011626,Couple family: Both parents working,168,86,82
S01011626,Couple family: One parent working,44,22,22
S01011626,Couple family: No parents working,4,0,4
S01011626,Lone parent family: Total,25,16,9
S01011626,Lone parent family: Parent working,18,10,8
S01011626,Lone parent family: Parent not working,7,6,1
S01011627,All parents aged 16 and over with dependent children,239,99,140
S01011627,Couple family: Total,218,84,134
S01011627,Couple family: Both parents working,184,68,116
S01011627,Couple family: One parent working,28,10,18
S01011627,Couple family: No parents working,6,6,0
S01011627,Lone parent family: Total,21,15,6
S01011627,Lone parent family: Parent working,18,14,4
S01011627,Lone parent family: Parent not working,3,1,2
S01011628,All parents aged 16 and over with dependent children,243,112,131
S01011628,Couple family: Total,220,98,122
S01011628,Couple family: Both parents working,170,80,90
S01011628,Couple family: One parent working,44,16,28
S01011628,Couple family: No parents working,6,2,4
S01011628,Lone parent family: Total,23,14,9
S01011628,Lone parent family: Parent working,15,8,7
S01011628,Lone parent family: Parent not working,8,6,2
S01011629,All parents aged 16 and over with dependent children,127,56,71
S01011629,Couple family: Total,84,32,52
S01011629,Couple family: Both parents working,48,28,20
S01011629,Couple family: One parent working,26,2,24
S01011629,Couple family: No parents working,10,2,8
S01011629,Lone parent family: Total,43,24,19
S01011629,Lone parent family: Parent working,21,14,7
S01011629,Lone parent family: Parent not working,22,10,12
S01011630,All parents aged 16 and over with dependent children,138,72,66
S01011630,Couple family: Total,104,58,46
S01011630,Couple family: Both parents working,78,48,30
S01011630,Couple family: One parent working,14,0,14
S01011630,Couple family: No parents working,12,10,2
S01011630,Lone parent family: Total,34,14,20
S01011630,Lone parent family: Parent working,18,10,8
S01011630,Lone parent family: Parent not working,16,4,12
S01011631,All parents aged 16 and over with dependent children,136,59,77
S01011631,Couple family: Total,82,36,46
S01011631,Couple family: Both parents working,38,20,18
S01011631,Couple family: One parent working,36,14,22
S01011631,Couple family: No parents working,8,2,6
S01011631,Lone parent family: Total,54,23,31
S01011631,Lone parent family: Parent working,16,11,5
S01011631,Lone parent family: Parent not working,38,12,26
S01011632,All parents aged 16 and over with dependent children,164,78,86
S01011632,Couple family: Total,110,44,66
S01011632,Couple family: Both parents working,64,32,32
S01011632,Couple family: One parent working,36,12,24
S01011632,Couple family: No parents working,10,0,10
S01011632,Lone parent family: Total,54,34,20
S01011632,Lone parent family: Parent working,29,23,6
S01011632,Lone parent family: Parent not working,25,11,14
S01011633,All parents aged 16 and over with dependent children,150,68,82
S01011633,Couple family: Total,106,44,62
S01011633,Couple family: Both parents working,60,32,28
S01011633,Couple family: One parent working,36,10,26
S01011633,Couple family: No parents working,10,2,8
S01011633,Lone parent family: Total,44,24,20
S01011633,Lone parent family: Parent working,21,12,9
S01011633,Lone parent family: Parent not working,23,12,11
S01011634,All parents aged 16 and over with dependent children,126,62,64
S01011634,Couple family: Total,84,40,44
S01011634,Couple family: Both parents working,54,26,28
S01011634,Couple family: One parent working,14,8,6
S01011634,Couple family: No parents working,16,6,10
S01011634,Lone parent family: Total,42,22,20
S01011634,Lone parent family: Parent working,16,10,6
S01011634,Lone parent family: Parent not working,26,12,14
S01011635,All parents aged 16 and over with dependent children,152,60,92
S01011635,Couple family: Total,112,40,72
S01011635,Couple family: Both parents working,64,24,40
S01011635,Couple family: One parent working,38,12,26
S01011635,Couple family: No parents working,10,4,6
S01011635,Lone parent family: Total,40,20,20
S01011635,Lone parent family: Parent working,21,13,8
S01011635,Lone parent family: Parent not working,19,7,12
S01011636,All parents aged 16 and over with dependent children,157,75,82
S01011636,Couple family: Total,100,40,60
S01011636,Couple family: Both parents working,60,26,34
S01011636,Couple family: One parent working,32,12,20
S01011636,Couple family: No parents working,8,2,6
S01011636,Lone parent family: Total,57,35,22
S01011636,Lone parent family: Parent working,20,15,5
S01011636,Lone parent family: Parent not working,37,20,17
S01011637,All parents aged 16 and over with dependent children,140,75,65
S01011637,Couple family: Total,100,50,50
S01011637,Couple family: Both parents working,54,32,22
S01011637,Couple family: One parent working,28,10,18
S01011637,Couple family: No parents working,18,8,10
S01011637,Lone parent family: Total,40,25,15
S01011637,Lone parent family: Parent working,19,14,5
S01011637,Lone parent family: Parent not working,21,11,10
S01011638,All parents aged 16 and over with dependent children,71,42,29
S01011638,Couple family: Total,52,26,26
S01011638,Couple family: Both parents working,40,22,18
S01011638,Couple family: One parent working,10,2,8
S01011638,Couple family: No parents working,2,2,0
S01011638,Lone parent family: Total,19,16,3
S01011638,Lone parent family: Parent working,13,11,2
S01011638,Lone parent family: Parent not working,6,5,1
S01011639,All parents aged 16 and over with dependent children,120,58,62
S01011639,Couple family: Total,70,28,42
S01011639,Couple family: Both parents working,36,14,22
S01011639,Couple family: One parent working,24,8,16
S01011639,Couple family: No parents working,10,6,4
S01011639,Lone parent family: Total,50,30,20
S01011639,Lone parent family: Parent working,24,20,4
S01011639,Lone parent family: Parent not working,26,10,16
S01011640,All parents aged 16 and over with dependent children,153,64,89
S01011640,Couple family: Total,124,46,78
S01011640,Couple family: Both parents working,70,30,40
S01011640,Couple family: One parent working,46,14,32
S01011640,Couple family: No parents working,8,2,6
S01011640,Lone parent family: Total,29,18,11
S01011640,Lone parent family: Parent working,20,13,7
S01011640,Lone parent family: Parent not working,9,5,4
S01011641,All parents aged 16 and over with dependent children,109,63,46
S01011641,Couple family: Total,102,58,44
S01011641,Couple family: Both parents working,92,54,38
S01011641,Couple family: One parent working,10,4,6
S01011641,Couple family: No parents working,0,0,0
S01011641,Lone parent family: Total,7,5,2
S01011641,Lone parent family: Parent working,7,5,2
S01011641,Lone parent family: Parent not working,0,0,0
S01011642,All parents aged 16 and over with dependent children,157,91,66
S01011642,Couple family: Total,130,72,58
S01011642,Couple family: Both parents working,96,48,48
S01011642,Couple family: One parent working,26,20,6
S01011642,Couple family: No parents working,8,4,4
S01011642,Lone parent family: Total,27,19,8
S01011642,Lone parent family: Parent working,16,11,5
S01011642,Lone parent family: Parent not working,11,8,3
S01011643,All parents aged 16 and over with dependent children,152,68,84
S01011643,Couple family: Total,144,62,82
S01011643,Couple family: Both parents working,122,54,68
S01011643,Couple family: One parent working,14,4,10
S01011643,Couple family: No parents working,8,4,4
S01011643,Lone parent family: Total,8,6,2
S01011643,Lone parent family: Parent working,4,4,0
S01011643,Lone parent family: Parent not working,4,2,2
S01011644,All parents aged 16 and over with dependent children,152,83,69
S01011644,Couple family: Total,134,68,66
S01011644,Couple family: Both parents working,98,56,42
S01011644,Couple family: One parent working,28,10,18
S01011644,Couple family: No parents working,8,2,6
S01011644,Lone parent family: Total,18,15,3
S01011644,Lone parent family: Parent working,16,14,2
S01011644,Lone parent family: Parent not working,2,1,1
S01011645,All parents aged 16 and over with dependent children,88,45,43
S01011645,Couple family: Total,62,26,36
S01011645,Couple family: Both parents working,50,22,28
S01011645,Couple family: One parent working,10,2,8
S01011645,Couple family: No parents working,2,2,0
S01011645,Lone parent family: Total,26,19,7
S01011645,Lone parent family: Parent working,22,15,7
S01011645,Lone parent family: Parent not working,4,4,0
S01011646,All parents aged 16 and over with dependent children,142,63,79
S01011646,Couple family: Total,130,58,72
S01011646,Couple family: Both parents working,102,42,60
S01011646,Couple family: One parent working,26,14,12
S01011646,Couple family: No parents working,2,2,0
S01011646,Lone parent family: Total,12,5,7
S01011646,Lone parent family: Parent working,9,4,5
S01011646,Lone parent family: Parent not working,3,1,2
S01011647,All parents aged 16 and over with dependent children,236,127,109
S01011647,Couple family: Total,204,106,98
S01011647,Couple family: Both parents working,170,94,76
S01011647,Couple family: One parent working,32,12,20
S01011647,Couple family: No parents working,2,0,2
S01011647,Lone parent family: Total,32,21,11
S01011647,Lone parent family: Parent working,23,14,9
S01011647,Lone parent family: Parent not working,9,7,2
S01011648,All parents aged 16 and over with dependent children,214,114,100
S01011648,Couple family: Total,184,98,86
S01011648,Couple family: Both parents working,154,86,68
S01011648,Couple family: One parent working,20,8,12
S01011648,Couple family: No parents working,10,4,6
S01011648,Lone parent family: Total,30,16,14
S01011648,Lone parent family: Parent working,16,7,9
S01011648,Lone parent family: Parent not working,14,9,5
S01011649,All parents aged 16 and over with dependent children,111,58,53
S01011649,Couple family: Total,74,34,40
S01011649,Couple family: Both parents working,60,28,32
S01011649,Couple family: One parent working,12,6,6
S01011649,Couple family: No parents working,2,0,2
S01011649,Lone parent family: Total,37,24,13
S01011649,Lone parent family: Parent working,19,15,4
S01011649,Lone parent family: Parent not working,18,9,9
S01011650,All parents aged 16 and over with dependent children,149,61,88
S01011650,Couple family: Total,126,52,74
S01011650,Couple family: Both parents working,88,32,56
S01011650,Couple family: One parent working,36,18,18
S01011650,Couple family: No parents working,2,2,0
S01011650,Lone parent family: Total,23,9,14
S01011650,Lone parent family: Parent working,16,8,8
S01011650,Lone parent family: Parent not working,7,1,6
S01011651,All parents aged 16 and over with dependent children,179,101,78
S01011651,Couple family: Total,140,80,60
S01011651,Couple family: Both parents working,84,54,30
S01011651,Couple family: One parent working,44,20,24
S01011651,Couple family: No parents working,12,6,6
S01011651,Lone parent family: Total,39,21,18
S01011651,Lone parent family: Parent working,29,15,14
S01011651,Lone parent family: Parent not working,10,6,4
S01011652,All parents aged 16 and over with dependent children,154,89,65
S01011652,Couple family: Total,128,76,52
S01011652,Couple family: Both parents working,100,64,36
S01011652,Couple family: One parent working,26,10,16
S01011652,Couple family: No parents working,2,2,0
S01011652,Lone parent family: Total,26,13,13
S01011652,Lone parent family: Parent working,18,11,7
S01011652,Lone parent family: Parent not working,8,2,6
S01011653,All parents aged 16 and over with dependent children,184,81,103
S01011653,Couple family: Total,138,50,88
S01011653,Couple family: Both parents working,70,30,40
S01011653,Couple family: One parent working,50,12,38
S01011653,Couple family: No parents working,18,8,10
S01011653,Lone parent family: Total,46,31,15
S01011653,Lone parent family: Parent working,22,17,5
S01011653,Lone parent family: Parent not working,24,14,10
S01011654,All parents aged 16 and over with dependent children,162,78,84
S01011654,Couple family: Total,118,54,64
S01011654,Couple family: Both parents working,64,34,30
S01011654,Couple family: One parent working,46,16,30
S01011654,Couple family: No parents working,8,4,4
S01011654,Lone parent family: Total,44,24,20
S01011654,Lone parent family: Parent working,14,8,6
S01011654,Lone parent family: Parent not working,30,16,14
S01011655,All parents aged 16 and over with dependent children,118,77,41
S01011655,Couple family: Total,48,26,22
S01011655,Couple family: Both parents working,22,12,10
S01011655,Couple family: One parent working,20,14,6
S01011655,Couple family: No parents working,6,0,6
S01011655,Lone parent family: Total,70,51,19
S01011655,Lone parent family: Parent working,31,22,9
S01011655,Lone parent family: Parent not working,39,29,10
S01011656,All parents aged 16 and over with dependent children,116,66,50
S01011656,Couple family: Total,74,44,30
S01011656,Couple family: Both parents working,26,14,12
S01011656,Couple family: One parent working,28,16,12
S01011656,Couple family: No parents working,20,14,6
S01011656,Lone parent family: Total,42,22,20
S01011656,Lone parent family: Parent working,12,9,3
S01011656,Lone parent family: Parent not working,30,13,17
S01011657,All parents aged 16 and over with dependent children,92,54,38
S01011657,Couple family: Total,56,34,22
S01011657,Couple family: Both parents working,38,26,12
S01011657,Couple family: One parent working,18,8,10
S01011657,Couple family: No parents working,0,0,0
S01011657,Lone parent family: Total,36,20,16
S01011657,Lone parent family: Parent working,18,10,8
S01011657,Lone parent family: Parent not working,18,10,8
S01011658,All parents aged 16 and over with dependent children,120,66,54
S01011658,Couple family: Total,90,52,38
S01011658,Couple family: Both parents working,50,30,20
S01011658,Couple family: One parent working,26,14,12
S01011658,Couple family: No parents working,14,8,6
S01011658,Lone parent family: Total,30,14,16
S01011658,Lone parent family: Parent working,14,9,5
S01011658,Lone parent family: Parent not working,16,5,11
S01011659,All parents aged 16 and over with dependent children,147,91,56
S01011659,Couple family: Total,88,54,34
S01011659,Couple family: Both parents working,54,38,16
S01011659,Couple family: One parent working,24,14,10
S01011659,Couple family: No parents working,10,2,8
S01011659,Lone parent family: Total,59,37,22
S01011659,Lone parent family: Parent working,40,27,13
S01011659,Lone parent family: Parent not working,19,10,9
S01011660,All parents aged 16 and over with dependent children,162,85,77
S01011660,Couple family: Total,138,70,68
S01011660,Couple family: Both parents working,114,64,50
S01011660,Couple family: One parent working,22,6,16
S01011660,Couple family: No parents working,2,0,2
S01011660,Lone parent family: Total,24,15,9
S01011660,Lone parent family: Parent working,15,8,7
S01011660,Lone parent family: Parent not working,9,7,2
S01011661,All parents aged 16 and over with dependent children,105,61,44
S01011661,Couple family: Total,80,42,38
S01011661,Couple family: Both parents working,52,28,24
S01011661,Couple family: One parent working,16,10,6
S01011661,Couple family: No parents working,12,4,8
S01011661,Lone parent family: Total,25,19,6
S01011661,Lone parent family: Parent working,18,14,4
S01011661,Lone parent family: Parent not working,7,5,2
S01011662,All parents aged 16 and over with dependent children,179,84,95
S01011662,Couple family: Total,162,74,88
S01011662,Couple family: Both parents working,134,66,68
S01011662,Couple family: One parent working,26,8,18
S01011662,Couple family: No parents working,2,0,2
S01011662,Lone parent family: Total,17,10,7
S01011662,Lone parent family: Parent working,14,8,6
S01011662,Lone parent family: Parent not working,3,2,1
S01011663,All parents aged 16 and over with dependent children,209,117,92
S01011663,Couple family: Total,140,74,66
S01011663,Couple family: Both parents working,98,54,44
S01011663,Couple family: One parent working,32,14,18
S01011663,Couple family: No parents working,10,6,4
S01011663,Lone parent family: Total,69,43,26
S01011663,Lone parent family: Parent working,34,26,8
S01011663,Lone parent family: Parent not working,35,17,18
S01011664,All parents aged 16 and over with dependent children,204,94,110
S01011664,Couple family: Total,146,64,82
S01011664,Couple family: Both parents working,66,34,32
S01011664,Couple family: One parent working,58,24,34
S01011664,Couple family: No parents working,22,6,16
S01011664,Lone parent family: Total,58,30,28
S01011664,Lone parent family: Parent working,31,15,16
S01011664,Lone parent family: Parent not working,27,15,12
S01011665,All parents aged 16 and over with dependent children,150,90,60
S01011665,Couple family: Total,98,58,40
S01011665,Couple family: Both parents working,62,40,22
S01011665,Couple family: One parent working,26,12,14
S01011665,Couple family: No parents working,10,6,4
S01011665,Lone parent family: Total,52,32,20
S01011665,Lone parent family: Parent working,27,17,10
S01011665,Lone parent family: Parent not working,25,15,10
S01011666,All parents aged 16 and over with dependent children,122,68,54
S01011666,Couple family: Total,76,38,38
S01011666,Couple family: Both parents working,56,30,26
S01011666,Couple family: One parent working,14,8,6
S01011666,Couple family: No parents working,6,0,6
S01011666,Lone parent family: Total,46,30,16
S01011666,Lone parent family: Parent working,17,9,8
S01011666,Lone parent family: Parent not working,29,21,8
S01011667,All parents aged 16 and over with dependent children,135,81,54
S01011667,Couple family: Total,102,60,42
S01011667,Couple family: Both parents working,66,40,26
S01011667,Couple family: One parent working,24,10,14
S01011667,Couple family: No parents working,12,10,2
S01011667,Lone parent family: Total,33,21,12
S01011667,Lone parent family: Parent working,16,10,6
S01011667,Lone parent family: Parent not working,17,11,6
S01011668,All parents aged 16 and over with dependent children,228,103,125
S01011668,Couple family: Total,134,52,82
S01011668,Couple family: Both parents working,84,34,50
S01011668,Couple family: One parent working,32,12,20
S01011668,Couple family: No parents working,18,6,12
S01011668,Lone parent family: Total,94,51,43
S01011668,Lone parent family: Parent working,48,25,23
S01011668,Lone parent family: Parent not working,46,26,20
S01011669,All parents aged 16 and over with dependent children,98,63,35
S01011669,Couple family: Total,78,46,32
S01011669,Couple family: Both parents working,60,38,22
S01011669,Couple family: One parent working,14,4,10
S01011669,Couple family: No parents working,4,4,0
S01011669,Lone parent family: Total,20,17,3
S01011669,Lone parent family: Parent working,14,12,2
S01011669,Lone parent family: Parent not working,6,5,1
S01011670,All parents aged 16 and over with dependent children,140,70,70
S01011670,Couple family: Total,92,38,54
S01011670,Couple family: Both parents working,62,28,34
S01011670,Couple family: One parent working,18,4,14
S01011670,Couple family: No parents working,12,6,6
S01011670,Lone parent family: Total,48,32,16
S01011670,Lone parent family: Parent working,31,24,7
S01011670,Lone parent family: Parent not working,17,8,9
S01011671,All parents aged 16 and over with dependent children,104,55,49
S01011671,Couple family: Total,84,42,42
S01011671,Couple family: Both parents working,62,24,38
S01011671,Couple family: One parent working,20,16,4
S01011671,Couple family: No parents working,2,2,0
S01011671,Lone parent family: Total,20,13,7
S01011671,Lone parent family: Parent working,11,8,3
S01011671,Lone parent family: Parent not working,9,5,4
S01011672,All parents aged 16 and over with dependent children,110,46,64
S01011672,Couple family: Total,84,28,56
S01011672,Couple family: Both parents working,56,20,36
S01011672,Couple family: One parent working,16,4,12
S01011672,Couple family: No parents working,12,4,8
S01011672,Lone parent family: Total,26,18,8
S01011672,Lone parent family: Parent working,12,6,6
S01011672,Lone parent family: Parent not working,14,12,2
S01011673,All parents aged 16 and over with dependent children,138,86,52
S01011673,Couple family: Total,98,60,38
S01011673,Couple family: Both parents working,52,30,22
S01011673,Couple family: One parent working,28,18,10
S01011673,Couple family: No parents working,18,12,6
S01011673,Lone parent family: Total,40,26,14
S01011673,Lone parent family: Parent working,19,15,4
S01011673,Lone parent family: Parent not working,21,11,10
S01011674,All parents aged 16 and over with dependent children,232,128,104
S01011674,Couple family: Total,196,104,92
S01011674,Couple family: Both parents working,152,86,66
S01011674,Couple family: One parent working,32,10,22
S01011674,Couple family: No parents working,12,8,4
S01011674,Lone parent family: Total,36,24,12
S01011674,Lone parent family: Parent working,25,20,5
S01011674,Lone parent family: Parent not working,11,4,7
S01011675,All parents aged 16 and over with dependent children,179,92,87
S01011675,Couple family: Total,136,68,68
S01011675,Couple family: Both parents working,86,38,48
S01011675,Couple family: One parent working,42,24,18
S01011675,Couple family: No parents working,8,6,2
S01011675,Lone parent family: Total,43,24,19
S01011675,Lone parent family: Parent working,21,17,4
S01011675,Lone parent family: Parent not working,22,7,15
S01011676,All parents aged 16 and over with dependent children,127,57,70
S01011676,Couple family: Total,80,32,48
S01011676,Couple family: Both parents working,40,20,20
S01011676,Couple family: One parent working,34,8,26
S01011676,Couple family: No parents working,6,4,2
S01011676,Lone parent family: Total,47,25,22
S01011676,Lone parent family: Parent working,26,15,11
S01011676,Lone parent family: Parent not working,21,10,11
S01011677,All parents aged 16 and over with dependent children,158,69,89
S01011677,Couple family: Total,124,48,76
S01011677,Couple family: Both parents working,88,38,50
S01011677,Couple family: One parent working,34,10,24
S01011677,Couple family: No parents working,2,0,2
S01011677,Lone parent family: Total,34,21,13
S01011677,Lone parent family: Parent working,18,13,5
S01011677,Lone parent family: Parent not working,16,8,8
S01011678,All parents aged 16 and over with dependent children,94,50,44
S01011678,Couple family: Total,68,28,40
S01011678,Couple family: Both parents working,34,14,20
S01011678,Couple family: One parent working,18,8,10
S01011678,Couple family: No parents working,16,6,10
S01011678,Lone parent family: Total,26,22,4
S01011678,Lone parent family: Parent working,14,12,2
S01011678,Lone parent family: Parent not working,12,10,2
S01011679,All parents aged 16 and over with dependent children,174,92,82
S01011679,Couple family: Total,158,86,72
S01011679,Couple family: Both parents working,114,68,46
S01011679,Couple family: One parent working,40,16,24
S01011679,Couple family: No parents working,4,2,2
S01011679,Lone parent family: Total,16,6,10
S01011679,Lone parent family: Parent working,11,4,7
S01011679,Lone parent family: Parent not working,5,2,3
S01011680,All parents aged 16 and over with dependent children,226,97,129
S01011680,Couple family: Total,180,74,106
S01011680,Couple family: Both parents working,88,44,44
S01011680,Couple family: One parent working,80,28,52
S01011680,Couple family: No parents working,12,2,10
S01011680,Lone parent family: Total,46,23,23
S01011680,Lone parent family: Parent working,26,18,8
S01011680,Lone parent family: Parent not working,20,5,15
S01011681,All parents aged 16 and over with dependent children,196,96,100
S01011681,Couple family: Total,150,72,78
S01011681,Couple family: Both parents working,102,56,46
S01011681,Couple family: One parent working,40,14,26
S01011681,Couple family: No parents working,8,2,6
S01011681,Lone parent family: Total,46,24,22
S01011681,Lone parent family: Parent working,28,13,15
S01011681,Lone parent family: Parent not working,18,11,7
S01011682,All parents aged 16 and over with dependent children,86,26,60
S01011682,Couple family: Total,72,16,56
S01011682,Couple family: Both parents working,54,12,42
S01011682,Couple family: One parent working,14,4,10
S01011682,Couple family: No parents working,4,0,4
S01011682,Lone parent family: Total,14,10,4
S01011682,Lone parent family: Parent working,8,6,2
S01011682,Lone parent family: Parent not working,6,4,2
S01011683,All parents aged 16 and over with dependent children,157,78,79
S01011683,Couple family: Total,134,60,74
S01011683,Couple family: Both parents working,74,36,38
S01011683,Couple family: One parent working,48,18,30
S01011683,Couple family: No parents working,12,6,6
S01011683,Lone parent family: Total,23,18,5
S01011683,Lone parent family: Parent working,8,7,1
S01011683,Lone parent family: Parent not working,15,11,4
S01011684,All parents aged 16 and over with dependent children,117,56,61
S01011684,Couple family: Total,96,42,54
S01011684,Couple family: Both parents working,68,30,38
S01011684,Couple family: One parent working,22,10,12
S01011684,Couple family: No parents working,6,2,4
S01011684,Lone parent family: Total,21,14,7
S01011684,Lone parent family: Parent working,15,11,4
S01011684,Lone parent family: Parent not working,6,3,3
S01011685,All parents aged 16 and over with dependent children,235,102,133
S01011685,Couple family: Total,212,88,124
S01011685,Couple family: Both parents working,182,82,100
S01011685,Couple family: One parent working,24,6,18
S01011685,Couple family: No parents working,6,0,6
S01011685,Lone parent family: Total,23,14,9
S01011685,Lone parent family: Parent working,15,9,6
S01011685,Lone parent family: Parent not working,8,5,3
S01011686,All parents aged 16 and over with dependent children,182,89,93
S01011686,Couple family: Total,168,78,90
S01011686,Couple family: Both parents working,142,64,78
S01011686,Couple family: One parent working,26,14,12
S01011686,Couple family: No parents working,0,0,0
S01011686,Lone parent family: Total,14,11,3
S01011686,Lone parent family: Parent working,11,8,3
S01011686,Lone parent family: Parent not working,3,3,0
S01011687,All parents aged 16 and over with dependent children,195,112,83
S01011687,Couple family: Total,150,78,72
S01011687,Couple family: Both parents working,98,50,48
S01011687,Couple family: One parent working,42,22,20
S01011687,Couple family: No parents working,10,6,4
S01011687,Lone parent family: Total,45,34,11
S01011687,Lone parent family: Parent working,23,23,0
S01011687,Lone parent family: Parent not working,22,11,11
S01011688,All parents aged 16 and over with dependent children,227,96,131
S01011688,Couple family: Total,210,88,122
S01011688,Couple family: Both parents working,164,76,88
S01011688,Couple family: One parent working,34,8,26
S01011688,Couple family: No parents working,12,4,8
S01011688,Lone parent family: Total,17,8,9
S01011688,Lone parent family: Parent working,13,6,7
S01011688,Lone parent family: Parent not working,4,2,2
S01011689,All parents aged 16 and over with dependent children,164,58,106
S01011689,Couple family: Total,154,54,100
S01011689,Couple family: Both parents working,130,46,84
S01011689,Couple family: One parent working,20,8,12
S01011689,Couple family: No parents working,4,0,4
S01011689,Lone parent family: Total,10,4,6
S01011689,Lone parent family: Parent working,8,3,5
S01011689,Lone parent family: Parent not working,2,1,1
S01011690,All parents aged 16 and over with dependent children,273,146,127
S01011690,Couple family: Total,240,124,116
S01011690,Couple family: Both parents working,184,96,88
S01011690,Couple family: One parent working,46,24,22
S01011690,Couple family: No parents working,10,4,6
S01011690,Lone parent family: Total,33,22,11
S01011690,Lone parent family: Parent working,20,14,6
S01011690,Lone parent family: Parent not working,13,8,5
S01011691,All parents aged 16 and over with dependent children,191,93,98
S01011691,Couple family: Total,164,80,84
S01011691,Couple family: Both parents working,128,70,58
S01011691,Couple family: One parent working,30,10,20
S01011691,Couple family: No parents working,6,0,6
S01011691,Lone parent family: Total,27,13,14
S01011691,Lone parent family: Parent working,22,11,11
S01011691,Lone parent family: Parent not working,5,2,3
S01011692,All parents aged 16 and over with dependent children,210,98,112
S01011692,Couple family: Total,160,72,88
S01011692,Couple family: Both parents working,82,40,42
S01011692,Couple family: One parent working,60,28,32
S01011692,Couple family: No parents working,18,4,14
S01011692,Lone parent family: Total,50,26,24
S01011692,Lone parent family: Parent working,32,19,13
S01011692,Lone parent family: Parent not working,18,7,11
S01011693,All parents aged 16 and over with dependent children,173,88,85
S01011693,Couple family: Total,144,72,72
S01011693,Couple family: Both parents working,116,62,54
S01011693,Couple family: One parent working,16,6,10
S01011693,Couple family: No parents working,12,4,8
S01011693,Lone parent family: Total,29,16,13
S01011693,Lone parent family: Parent working,23,13,10
S01011693,Lone parent family: Parent not working,6,3,3
S01011694,All parents aged 16 and over with dependent children,177,87,90
S01011694,Couple family: Total,156,74,82
S01011694,Couple family: Both parents working,140,70,70
S01011694,Couple family: One parent working,12,2,10
S01011694,Couple family: No parents working,4,2,2
S01011694,Lone parent family: Total,21,13,8
S01011694,Lone parent family: Parent working,13,10,3
S01011694,Lone parent family: Parent not working,8,3,5
S01011695,All parents aged 16 and over with dependent children,288,136,152
S01011695,Couple family: Total,268,126,142
S01011695,Couple family: Both parents working,230,108,122
S01011695,Couple family: One parent working,36,16,20
S01011695,Couple family: No parents working,2,2,0
S01011695,Lone parent family: Total,20,10,10
S01011695,Lone parent family: Parent working,19,9,10
S01011695,Lone parent family: Parent not working,1,1,0
S01011696,All parents aged 16 and over with dependent children,367,136,231
S01011696,Couple family: Total,336,124,212
S01011696,Couple family: Both parents working,268,110,158
S01011696,Couple family: One parent working,64,12,52
S01011696,Couple family: No parents working,4,2,2
S01011696,Lone parent family: Total,31,12,19
S01011696,Lone parent family: Parent working,25,10,15
S01011696,Lone parent family: Parent not working,6,2,4
S01011697,All parents aged 16 and over with dependent children,294,134,160
S01011697,Couple family: Total,256,114,142
S01011697,Couple family: Both parents working,200,98,102
S01011697,Couple family: One parent working,44,10,34
S01011697,Couple family: No parents working,12,6,6
S01011697,Lone parent family: Total,38,20,18
S01011697,Lone parent family: Parent working,27,17,10
S01011697,Lone parent family: Parent not working,11,3,8
S01011698,All parents aged 16 and over with dependent children,136,74,62
S01011698,Couple family: Total,114,62,52
S01011698,Couple family: Both parents working,80,46,34
S01011698,Couple family: One parent working,26,12,14
S01011698,Couple family: No parents working,8,4,4
S01011698,Lone parent family: Total,22,12,10
S01011698,Lone parent family: Parent working,10,5,5
S01011698,Lone parent family: Parent not working,12,7,5
S01011699,All parents aged 16 and over with dependent children,211,101,110
S01011699,Couple family: Total,186,84,102
S01011699,Couple family: Both parents working,144,68,76
S01011699,Couple family: One parent working,32,12,20
S01011699,Couple family: No parents working,10,4,6
S01011699,Lone parent family: Total,25,17,8
S01011699,Lone parent family: Parent working,17,11,6
S01011699,Lone parent family: Parent not working,8,6,2
S01011700,All parents aged 16 and over with dependent children,125,62,63
S01011700,Couple family: Total,108,50,58
S01011700,Couple family: Both parents working,88,40,48
S01011700,Couple family: One parent working,20,10,10
S01011700,Couple family: No parents working,0,0,0
S01011700,Lone parent family: Total,17,12,5
S01011700,Lone parent family: Parent working,13,9,4
S01011700,Lone parent family: Parent not working,4,3,1
S01011701,All parents aged 16 and over with dependent children,218,83,135
S01011701,Couple family: Total,184,64,120
S01011701,Couple family: Both parents working,150,54,96
S01011701,Couple family: One parent working,30,10,20
S01011701,Couple family: No parents working,4,0,4
S01011701,Lone parent family: Total,34,19,15
S01011701,Lone parent family: Parent working,22,13,9
S01011701,Lone parent family: Parent not working,12,6,6
S01011702,All parents aged 16 and over with dependent children,127,57,70
S01011702,Couple family: Total,110,44,66
S01011702,Couple family: Both parents working,84,30,54
S01011702,Couple family: One parent working,14,8,6
S01011702,Couple family: No parents working,12,6,6
S01011702,Lone parent family: Total,17,13,4
S01011702,Lone parent family: Parent working,11,9,2
S01011702,Lone parent family: Parent not working,6,4,2
S01011703,All parents aged 16 and over with dependent children,145,57,88
S01011703,Couple family: Total,136,52,84
S01011703,Couple family: Both parents working,108,44,64
S01011703,Couple family: One parent working,26,8,18
S01011703,Couple family: No parents working,2,0,2
S01011703,Lone parent family: Total,9,5,4
S01011703,Lone parent family: Parent working,7,3,4
S01011703,Lone parent family: Parent not working,2,2,0
S01011704,All parents aged 16 and over with dependent children,218,84,134
S01011704,Couple family: Total,198,72,126
S01011704,Couple family: Both parents working,178,60,118
S01011704,Couple family: One parent working,20,12,8
S01011704,Couple family: No parents working,0,0,0
S01011704,Lone parent family: Total,20,12,8
S01011704,Lone parent family: Parent working,12,8,4
S01011704,Lone parent family: Parent not working,8,4,4
S01011705,All parents aged 16 and over with dependent children,177,99,78
S01011705,Couple family: Total,118,60,58
S01011705,Couple family: Both parents working,84,48,36
S01011705,Couple family: One parent working,24,8,16
S01011705,Couple family: No parents working,10,4,6
S01011705,Lone parent family: Total,59,39,20
S01011705,Lone parent family: Parent working,31,20,11
S01011705,Lone parent family: Parent not working,28,19,9
S01011706,All parents aged 16 and over with dependent children,181,93,88
S01011706,Couple family: Total,150,72,78
S01011706,Couple family: Both parents working,112,50,62
S01011706,Couple family: One parent working,30,16,14
S01011706,Couple family: No parents working,8,6,2
S01011706,Lone parent family: Total,31,21,10
S01011706,Lone parent family: Parent working,21,15,6
S01011706,Lone parent family: Parent not working,10,6,4
S01011707,All parents aged 16 and over with dependent children,139,58,81
S01011707,Couple family: Total,126,52,74
S01011707,Couple family: Both parents working,102,44,58
S01011707,Couple family: One parent working,22,6,16
S01011707,Couple family: No parents working,2,2,0
S01011707,Lone parent family: Total,13,6,7
S01011707,Lone parent family: Parent working,8,3,5
S01011707,Lone parent family: Parent not working,5,3,2
S01011708,All parents aged 16 and over with dependent children,161,99,62
S01011708,Couple family: Total,114,66,48
S01011708,Couple family: Both parents working,82,48,34
S01011708,Couple family: One parent working,24,10,14
S01011708,Couple family: No parents working,8,8,0
S01011708,Lone parent family: Total,47,33,14
S01011708,Lone parent family: Parent working,35,26,9
S01011708,Lone parent family: Parent not working,12,7,5
S01011709,All parents aged 16 and over with dependent children,218,114,104
S01011709,Couple family: Total,188,98,90
S01011709,Couple family: Both parents working,140,78,62
S01011709,Couple family: One parent working,40,16,24
S01011709,Couple family: No parents working,8,4,4
S01011709,Lone parent family: Total,30,16,14
S01011709,Lone parent family: Parent working,21,11,10
S01011709,Lone parent family: Parent not working,9,5,4
S01011710,All parents aged 16 and over with dependent children,167,83,84
S01011710,Couple family: Total,108,52,56
S01011710,Couple family: Both parents working,66,34,32
S01011710,Couple family: One parent working,24,12,12
S01011710,Couple family: No parents working,18,6,12
S01011710,Lone parent family: Total,59,31,28
S01011710,Lone parent family: Parent working,36,20,16
S01011710,Lone parent family: Parent not working,23,11,12
S01011711,All parents aged 16 and over with dependent children,142,84,58
S01011711,Couple family: Total,84,50,34
S01011711,Couple family: Both parents working,56,32,24
S01011711,Couple family: One parent working,24,18,6
S01011711,Couple family: No parents working,4,0,4
S01011711,Lone parent family: Total,58,34,24
S01011711,Lone parent family: Parent working,29,18,11
S01011711,Lone parent family: Parent not working,29,16,13
S01011712,All parents aged 16 and over with dependent children,82,48,34
S01011712,Couple family: Total,52,28,24
S01011712,Couple family: Both parents working,36,22,14
S01011712,Couple family: One parent working,10,4,6
S01011712,Couple family: No parents working,6,2,4
S01011712,Lone parent family: Total,30,20,10
S01011712,Lone parent family: Parent working,23,15,8
S01011712,Lone parent family: Parent not working,7,5,2
S01011713,All parents aged 16 and over with dependent children,135,82,53
S01011713,Couple family: Total,120,74,46
S01011713,Couple family: Both parents working,94,60,34
S01011713,Couple family: One parent working,22,12,10
S01011713,Couple family: No parents working,4,2,2
S01011713,Lone parent family: Total,15,8,7
S01011713,Lone parent family: Parent working,12,7,5
S01011713,Lone parent family: Parent not working,3,1,2
S01011714,All parents aged 16 and over with dependent children,215,100,115
S01011714,Couple family: Total,200,90,110
S01011714,Couple family: Both parents working,168,80,88
S01011714,Couple family: One parent working,32,10,22
S01011714,Couple family: No parents working,0,0,0
S01011714,Lone parent family: Total,15,10,5
S01011714,Lone parent family: Parent working,13,9,4
S01011714,Lone parent family: Parent not working,2,1,1
S01011715,All parents aged 16 and over with dependent children,135,70,65
S01011715,Couple family: Total,84,40,44
S01011715,Couple family: Both parents working,66,34,32
S01011715,Couple family: One parent working,12,4,8
S01011715,Couple family: No parents working,6,2,4
S01011715,Lone parent family: Total,51,30,21
S01011715,Lone parent family: Parent working,22,13,9
S01011715,Lone parent family: Parent not working,29,17,12
S01011716,All parents aged 16 and over with dependent children,263,132,131
S01011716,Couple family: Total,240,118,122
S01011716,Couple family: Both parents working,176,96,80
S01011716,Couple family: One parent working,60,18,42
S01011716,Couple family: No parents working,4,4,0
S01011716,Lone parent family: Total,23,14,9
S01011716,Lone parent family: Parent working,19,12,7
S01011716,Lone parent family: Parent not working,4,2,2
S01011717,All parents aged 16 and over with dependent children,117,51,66
S01011717,Couple family: Total,108,46,62
S01011717,Couple family: Both parents working,98,42,56
S01011717,Couple family: One parent working,8,4,4
S01011717,Couple family: No parents working,2,0,2
S01011717,Lone parent family: Total,9,5,4
S01011717,Lone parent family: Parent working,6,4,2
S01011717,Lone parent family: Parent not working,3,1,2
S01011718,All parents aged 16 and over with dependent children,282,144,138
S01011718,Couple family: Total,262,132,130
S01011718,Couple family: Both parents working,228,112,116
S01011718,Couple family: One parent working,34,20,14
S01011718,Couple family: No parents working,0,0,0
S01011718,Lone parent family: Total,20,12,8
S01011718,Lone parent family: Parent working,19,11,8
S01011718,Lone parent family: Parent not working,1,1,0
S01011719,All parents aged 16 and over with dependent children,171,87,84
S01011719,Couple family: Total,156,78,78
S01011719,Couple family: Both parents working,132,70,62
S01011719,Couple family: One parent working,24,8,16
S01011719,Couple family: No parents working,0,0,0
S01011719,Lone parent family: Total,15,9,6
S01011719,Lone parent family: Parent working,15,9,6
S01011719,Lone parent family: Parent not working,0,0,0
S01011720,All parents aged 16 and over with dependent children,93,49,44
S01011720,Couple family: Total,86,44,42
S01011720,Couple family: Both parents working,68,34,34
S01011720,Couple family: One parent working,18,10,8
S01011720,Couple family: No parents working,0,0,0
S01011720,Lone parent family: Total,7,5,2
S01011720,Lone parent family: Parent working,5,4,1
S01011720,Lone parent family: Parent not working,2,1,1
S01011721,All parents aged 16 and over with dependent children,144,63,81
S01011721,Couple family: Total,118,50,68
S01011721,Couple family: Both parents working,86,40,46
S01011721,Couple family: One parent working,26,6,20
S01011721,Couple family: No parents working,6,4,2
S01011721,Lone parent family: Total,26,13,13
S01011721,Lone parent family: Parent working,19,10,9
S01011721,Lone parent family: Parent not working,7,3,4
S01011722,All parents aged 16 and over with dependent children,126,59,67
S01011722,Couple family: Total,96,46,50
S01011722,Couple family: Both parents working,62,36,26
S01011722,Couple family: One parent working,24,8,16
S01011722,Couple family: No parents working,10,2,8
S01011722,Lone parent family: Total,30,13,17
S01011722,Lone parent family: Parent working,20,9,11
S01011722,Lone parent family: Parent not working,10,4,6
S01011723,All parents aged 16 and over with dependent children,214,92,122
S01011723,Couple family: Total,192,76,116
S01011723,Couple family: Both parents working,122,42,80
S01011723,Couple family: One parent working,60,28,32
S01011723,Couple family: No parents working,10,6,4
S01011723,Lone parent family: Total,22,16,6
S01011723,Lone parent family: Parent working,18,14,4
S01011723,Lone parent family: Parent not working,4,2,2
S01011724,All parents aged 16 and over with dependent children,252,141,111
S01011724,Couple family: Total,208,116,92
S01011724,Couple family: Both parents working,152,92,60
S01011724,Couple family: One parent working,40,16,24
S01011724,Couple family: No parents working,16,8,8
S01011724,Lone parent family: Total,44,25,19
S01011724,Lone parent family: Parent working,32,17,15
S01011724,Lone parent family: Parent not working,12,8,4
S01011725,All parents aged 16 and over with dependent children,182,86,96
S01011725,Couple family: Total,170,80,90
S01011725,Couple family: Both parents working,150,72,78
S01011725,Couple family: One parent working,20,8,12
S01011725,Couple family: No parents working,0,0,0
S01011725,Lone parent family: Total,12,6,6
S01011725,Lone parent family: Parent working,10,4,6
S01011725,Lone parent family: Parent not working,2,2,0
S01011726,All parents aged 16 and over with dependent children,164,64,100
S01011726,Couple family: Total,148,56,92
S01011726,Couple family: Both parents working,130,52,78
S01011726,Couple family: One parent working,18,4,14
S01011726,Couple family: No parents working,0,0,0
S01011726,Lone parent family: Total,16,8,8
S01011726,Lone parent family: Parent working,14,6,8
S01011726,Lone parent family: Parent not working,2,2,0
S01011727,All parents aged 16 and over with dependent children,251,90,161
S01011727,Couple family: Total,238,80,158
S01011727,Couple family: Both parents working,196,64,132
S01011727,Couple family: One parent working,42,16,26
S01011727,Couple family: No parents working,0,0,0
S01011727,Lone parent family: Total,13,10,3
S01011727,Lone parent family: Parent working,12,9,3
S01011727,Lone parent family: Parent not working,1,1,0
S01011728,All parents aged 16 and over with dependent children,180,98,82
S01011728,Couple family: Total,130,70,60
S01011728,Couple family: Both parents working,104,60,44
S01011728,Couple family: One parent working,26,10,16
S01011728,Couple family: No parents working,0,0,0
S01011728,Lone parent family: Total,50,28,22
S01011728,Lone parent family: Parent working,34,23,11
S01011728,Lone parent family: Parent not working,16,5,11
S01011729,All parents aged 16 and over with dependent children,136,67,69
S01011729,Couple family: Total,86,38,48
S01011729,Couple family: Both parents working,56,28,28
S01011729,Couple family: One parent working,24,10,14
S01011729,Couple family: No parents working,6,0,6
S01011729,Lone parent family: Total,50,29,21
S01011729,Lone parent family: Parent working,26,16,10
S01011729,Lone parent family: Parent not working,24,13,11
S01011730,All parents aged 16 and over with dependent children,98,61,37
S01011730,Couple family: Total,82,48,34
S01011730,Couple family: Both parents working,64,42,22
S01011730,Couple family: One parent working,16,6,10
S01011730,Couple family: No parents working,2,0,2
S01011730,Lone parent family: Total,16,13,3
S01011730,Lone parent family: Parent working,15,12,3
S01011730,Lone parent family: Parent not working,1,1,0
S01011731,All parents aged 16 and over with dependent children,168,75,93
S01011731,Couple family: Total,138,60,78
S01011731,Couple family: Both parents working,118,54,64
S01011731,Couple family: One parent working,18,6,12
S01011731,Couple family: No parents working,2,0,2
S01011731,Lone parent family: Total,30,15,15
S01011731,Lone parent family: Parent working,22,12,10
S01011731,Lone parent family: Parent not working,8,3,5
S01011732,All parents aged 16 and over with dependent children,143,61,82
S01011732,Couple family: Total,138,58,80
S01011732,Couple family: Both parents working,124,52,72
S01011732,Couple family: One parent working,12,4,8
S01011732,Couple family: No parents working,2,2,0
S01011732,Lone parent family: Total,5,3,2
S01011732,Lone parent family: Parent working,5,3,2
S01011732,Lone parent family: Parent not working,0,0,0
S01011733,All parents aged 16 and over with dependent children,165,70,95
S01011733,Couple family: Total,136,52,84
S01011733,Couple family: Both parents working,102,42,60
S01011733,Couple family: One parent working,30,8,22
S01011733,Couple family: No parents working,4,2,2
S01011733,Lone parent family: Total,29,18,11
S01011733,Lone parent family: Parent working,13,9,4
S01011733,Lone parent family: Parent not working,16,9,7
S01011734,All parents aged 16 and over with dependent children,148,84,64
S01011734,Couple family: Total,122,70,52
S01011734,Couple family: Both parents working,102,62,40
S01011734,Couple family: One parent working,16,6,10
S01011734,Couple family: No parents working,4,2,2
S01011734,Lone parent family: Total,26,14,12
S01011734,Lone parent family: Parent working,22,12,10
S01011734,Lone parent family: Parent not working,4,2,2
S01011735,All parents aged 16 and over with dependent children,129,56,73
S01011735,Couple family: Total,112,48,64
S01011735,Couple family: Both parents working,90,42,48
S01011735,Couple family: One parent working,22,6,16
S01011735,Couple family: No parents working,0,0,0
S01011735,Lone parent family: Total,17,8,9
S01011735,Lone parent family: Parent working,13,5,8
S01011735,Lone parent family: Parent not working,4,3,1
S01011736,All parents aged 16 and over with dependent children,188,79,109
S01011736,Couple family: Total,140,54,86
S01011736,Couple family: Both parents working,102,38,64
S01011736,Couple family: One parent working,34,16,18
S01011736,Couple family: No parents working,4,0,4
S01011736,Lone parent family: Total,48,25,23
S01011736,Lone parent family: Parent working,33,17,16
S01011736,Lone parent family: Parent not working,15,8,7
S01011737,All parents aged 16 and over with dependent children,160,55,105
S01011737,Couple family: Total,126,40,86
S01011737,Couple family: Both parents working,70,24,46
S01011737,Couple family: One parent working,38,12,26
S01011737,Couple family: No parents working,18,4,14
S01011737,Lone parent family: Total,34,15,19
S01011737,Lone parent family: Parent working,16,8,8
S01011737,Lone parent family: Parent not working,18,7,11
S01011738,All parents aged 16 and over with dependent children,210,87,123
S01011738,Couple family: Total,156,54,102
S01011738,Couple family: Both parents working,108,40,68
S01011738,Couple family: One parent working,38,10,28
S01011738,Couple family: No parents working,10,4,6
S01011738,Lone parent family: Total,54,33,21
S01011738,Lone parent family: Parent working,27,17,10
S01011738,Lone parent family: Parent not working,27,16,11
S01011739,All parents aged 16 and over with dependent children,89,41,48
S01011739,Couple family: Total,72,28,44
S01011739,Couple family: Both parents working,54,22,32
S01011739,Couple family: One parent working,12,2,10
S01011739,Couple family: No parents working,6,4,2
S01011739,Lone parent family: Total,17,13,4
S01011739,Lone parent family: Parent working,13,11,2
S01011739,Lone parent family: Parent not working,4,2,2
S01011740,All parents aged 16 and over with dependent children,163,75,88
S01011740,Couple family: Total,110,50,60
S01011740,Couple family: Both parents working,60,32,28
S01011740,Couple family: One parent working,32,6,26
S01011740,Couple family: No parents working,18,12,6
S01011740,Lone parent family: Total,53,25,28
S01011740,Lone parent family: Parent working,25,13,12
S01011740,Lone parent family: Parent not working,28,12,16
S01011741,All parents aged 16 and over with dependent children,122,62,60
S01011741,Couple family: Total,82,38,44
S01011741,Couple family: Both parents working,54,28,26
S01011741,Couple family: One parent working,22,6,16
S01011741,Couple family: No parents working,6,4,2
S01011741,Lone parent family: Total,40,24,16
S01011741,Lone parent family: Parent working,19,14,5
S01011741,Lone parent family: Parent not working,21,10,11
S01011742,All parents aged 16 and over with dependent children,164,82,82
S01011742,Couple family: Total,122,52,70
S01011742,Couple family: Both parents working,90,46,44
S01011742,Couple family: One parent working,26,4,22
S01011742,Couple family: No parents working,6,2,4
S01011742,Lone parent family: Total,42,30,12
S01011742,Lone parent family: Parent working,28,21,7
S01011742,Lone parent family: Parent not working,14,9,5
S01011743,All parents aged 16 and over with dependent children,155,90,65
S01011743,Couple family: Total,114,68,46
S01011743,Couple family: Both parents working,76,50,26
S01011743,Couple family: One parent working,28,14,14
S01011743,Couple family: No parents working,10,4,6
S01011743,Lone parent family: Total,41,22,19
S01011743,Lone parent family: Parent working,31,17,14
S01011743,Lone parent family: Parent not working,10,5,5
S01011744,All parents aged 16 and over with dependent children,128,66,62
S01011744,Couple family: Total,76,30,46
S01011744,Couple family: Both parents working,44,26,18
S01011744,Couple family: One parent working,30,2,28
S01011744,Couple family: No parents working,2,2,0
S01011744,Lone parent family: Total,52,36,16
S01011744,Lone parent family: Parent working,27,21,6
S01011744,Lone parent family: Parent not working,25,15,10
S01011745,All parents aged 16 and over with dependent children,102,71,31
S01011745,Couple family: Total,72,50,22
S01011745,Couple family: Both parents working,60,42,18
S01011745,Couple family: One parent working,8,4,4
S01011745,Couple family: No parents working,4,4,0
S01011745,Lone parent family: Total,30,21,9
S01011745,Lone parent family: Parent working,17,12,5
S01011745,Lone parent family: Parent not working,13,9,4
S01011746,All parents aged 16 and over with dependent children,114,51,63
S01011746,Couple family: Total,80,34,46
S01011746,Couple family: Both parents working,52,26,26
S01011746,Couple family: One parent working,18,2,16
S01011746,Couple family: No parents working,10,6,4
S01011746,Lone parent family: Total,34,17,17
S01011746,Lone parent family: Parent working,21,12,9
S01011746,Lone parent family: Parent not working,13,5,8
S01011747,All parents aged 16 and over with dependent children,217,104,113
S01011747,Couple family: Total,128,58,70
S01011747,Couple family: Both parents working,68,32,36
S01011747,Couple family: One parent working,44,20,24
S01011747,Couple family: No parents working,16,6,10
S01011747,Lone parent family: Total,89,46,43
S01011747,Lone parent family: Parent working,41,24,17
S01011747,Lone parent family: Parent not working,48,22,26
S01011748,All parents aged 16 and over with dependent children,184,64,120
S01011748,Couple family: Total,110,40,70
S01011748,Couple family: Both parents working,72,34,38
S01011748,Couple family: One parent working,26,6,20
S01011748,Couple family: No parents working,12,0,12
S01011748,Lone parent family: Total,74,24,50
S01011748,Lone parent family: Parent working,35,15,20
S01011748,Lone parent family: Parent not working,39,9,30
S01011749,All parents aged 16 and over with dependent children,161,83,78
S01011749,Couple family: Total,88,44,44
S01011749,Couple family: Both parents working,38,26,12
S01011749,Couple family: One parent working,28,10,18
S01011749,Couple family: No parents working,22,8,14
S01011749,Lone parent family: Total,73,39,34
S01011749,Lone parent family: Parent working,28,21,7
S01011749,Lone parent family: Parent not working,45,18,27
S01011750,All parents aged 16 and over with dependent children,183,89,94
S01011750,Couple family: Total,132,62,70
S01011750,Couple family: Both parents working,84,46,38
S01011750,Couple family: One parent working,44,14,30
S01011750,Couple family: No parents working,4,2,2
S01011750,Lone parent family: Total,51,27,24
S01011750,Lone parent family: Parent working,25,16,9
S01011750,Lone parent family: Parent not working,26,11,15
S01011751,All parents aged 16 and over with dependent children,206,142,64
S01011751,Couple family: Total,108,70,38
S01011751,Couple family: Both parents working,58,36,22
S01011751,Couple family: One parent working,28,16,12
S01011751,Couple family: No parents working,22,18,4
S01011751,Lone parent family: Total,98,72,26
S01011751,Lone parent family: Parent working,54,45,9
S01011751,Lone parent family: Parent not working,44,27,17
S01011752,All parents aged 16 and over with dependent children,177,89,88
S01011752,Couple family: Total,126,58,68
S01011752,Couple family: Both parents working,86,44,42
S01011752,Couple family: One parent working,36,12,24
S01011752,Couple family: No parents working,4,2,2
S01011752,Lone parent family: Total,51,31,20
S01011752,Lone parent family: Parent working,41,27,14
S01011752,Lone parent family: Parent not working,10,4,6
S01011753,All parents aged 16 and over with dependent children,143,71,72
S01011753,Couple family: Total,114,54,60
S01011753,Couple family: Both parents working,88,42,46
S01011753,Couple family: One parent working,20,6,14
S01011753,Couple family: No parents working,6,6,0
S01011753,Lone parent family: Total,29,17,12
S01011753,Lone parent family: Parent working,20,12,8
S01011753,Lone parent family: Parent not working,9,5,4
S01011754,All parents aged 16 and over with dependent children,164,81,83
S01011754,Couple family: Total,128,60,68
S01011754,Couple family: Both parents working,94,44,50
S01011754,Couple family: One parent working,30,14,16
S01011754,Couple family: No parents working,4,2,2
S01011754,Lone parent family: Total,36,21,15
S01011754,Lone parent family: Parent working,22,15,7
S01011754,Lone parent family: Parent not working,14,6,8
S01011755,All parents aged 16 and over with dependent children,192,101,91
S01011755,Couple family: Total,144,74,70
S01011755,Couple family: Both parents working,114,62,52
S01011755,Couple family: One parent working,28,10,18
S01011755,Couple family: No parents working,2,2,0
S01011755,Lone parent family: Total,48,27,21
S01011755,Lone parent family: Parent working,22,12,10
S01011755,Lone parent family: Parent not working,26,15,11
S01011756,All parents aged 16 and over with dependent children,219,108,111
S01011756,Couple family: Total,158,72,86
S01011756,Couple family: Both parents working,124,60,64
S01011756,Couple family: One parent working,28,10,18
S01011756,Couple family: No parents working,6,2,4
S01011756,Lone parent family: Total,61,36,25
S01011756,Lone parent family: Parent working,38,23,15
S01011756,Lone parent family: Parent not working,23,13,10
S01011757,All parents aged 16 and over with dependent children,165,78,87
S01011757,Couple family: Total,130,62,68
S01011757,Couple family: Both parents working,94,44,50
S01011757,Couple family: One parent working,24,12,12
S01011757,Couple family: No parents working,12,6,6
S01011757,Lone parent family: Total,35,16,19
S01011757,Lone parent family: Parent working,23,12,11
S01011757,Lone parent family: Parent not working,12,4,8
S01011758,All parents aged 16 and over with dependent children,132,49,83
S01011758,Couple family: Total,106,32,74
S01011758,Couple family: Both parents working,78,24,54
S01011758,Couple family: One parent working,26,8,18
S01011758,Couple family: No parents working,2,0,2
S01011758,Lone parent family: Total,26,17,9
S01011758,Lone parent family: Parent working,13,10,3
S01011758,Lone parent family: Parent not working,13,7,6
S01011759,All parents aged 16 and over with dependent children,179,85,94
S01011759,Couple family: Total,142,66,76
S01011759,Couple family: Both parents working,102,54,48
S01011759,Couple family: One parent working,38,10,28
S01011759,Couple family: No parents working,2,2,0
S01011759,Lone parent family: Total,37,19,18
S01011759,Lone parent family: Parent working,28,15,13
S01011759,Lone parent family: Parent not working,9,4,5
S01011760,All parents aged 16 and over with dependent children,178,87,91
S01011760,Couple family: Total,134,62,72
S01011760,Couple family: Both parents working,94,54,40
S01011760,Couple family: One parent working,32,4,28
S01011760,Couple family: No parents working,8,4,4
S01011760,Lone parent family: Total,44,25,19
S01011760,Lone parent family: Parent working,28,16,12
S01011760,Lone parent family: Parent not working,16,9,7
S01011761,All parents aged 16 and over with dependent children,198,87,111
S01011761,Couple family: Total,152,66,86
S01011761,Couple family: Both parents working,94,46,48
S01011761,Couple family: One parent working,46,14,32
S01011761,Couple family: No parents working,12,6,6
S01011761,Lone parent family: Total,46,21,25
S01011761,Lone parent family: Parent working,28,17,11
S01011761,Lone parent family: Parent not working,18,4,14
S01011762,All parents aged 16 and over with dependent children,127,69,58
S01011762,Couple family: Total,76,38,38
S01011762,Couple family: Both parents working,56,28,28
S01011762,Couple family: One parent working,14,6,8
S01011762,Couple family: No parents working,6,4,2
S01011762,Lone parent family: Total,51,31,20
S01011762,Lone parent family: Parent working,31,20,11
S01011762,Lone parent family: Parent not working,20,11,9
S01011763,All parents aged 16 and over with dependent children,151,81,70
S01011763,Couple family: Total,122,64,58
S01011763,Couple family: Both parents working,94,46,48
S01011763,Couple family: One parent working,26,16,10
S01011763,Couple family: No parents working,2,2,0
S01011763,Lone parent family: Total,29,17,12
S01011763,Lone parent family: Parent working,19,12,7
S01011763,Lone parent family: Parent not working,10,5,5
S01011764,All parents aged 16 and over with dependent children,86,32,54
S01011764,Couple family: Total,68,22,46
S01011764,Couple family: Both parents working,54,18,36
S01011764,Couple family: One parent working,6,2,4
S01011764,Couple family: No parents working,8,2,6
S01011764,Lone parent family: Total,18,10,8
S01011764,Lone parent family: Parent working,13,7,6
S01011764,Lone parent family: Parent not working,5,3,2
S01011765,All parents aged 16 and over with dependent children,247,145,102
S01011765,Couple family: Total,214,122,92
S01011765,Couple family: Both parents working,176,102,74
S01011765,Couple family: One parent working,28,12,16
S01011765,Couple family: No parents working,10,8,2
S01011765,Lone parent family: Total,33,23,10
S01011765,Lone parent family: Parent working,27,20,7
S01011765,Lone parent family: Parent not working,6,3,3
S01011766,All parents aged 16 and over with dependent children,118,52,66
S01011766,Couple family: Total,106,44,62
S01011766,Couple family: Both parents working,92,38,54
S01011766,Couple family: One parent working,14,6,8
S01011766,Couple family: No parents working,0,0,0
S01011766,Lone parent family: Total,12,8,4
S01011766,Lone parent family: Parent working,8,6,2
S01011766,Lone parent family: Parent not working,4,2,2
S01011767,All parents aged 16 and over with dependent children,123,75,48
S01011767,Couple family: Total,80,46,34
S01011767,Couple family: Both parents working,60,36,24
S01011767,Couple family: One parent working,18,10,8
S01011767,Couple family: No parents working,2,0,2
S01011767,Lone parent family: Total,43,29,14
S01011767,Lone parent family: Parent working,27,17,10
S01011767,Lone parent family: Parent not working,16,12,4
S01011768,All parents aged 16 and over with dependent children,156,95,61
S01011768,Couple family: Total,98,56,42
S01011768,Couple family: Both parents working,76,42,34
S01011768,Couple family: One parent working,18,10,8
S01011768,Couple family: No parents working,4,4,0
S01011768,Lone parent family: Total,58,39,19
S01011768,Lone parent family: Parent working,36,23,13
S01011768,Lone parent family: Parent not working,22,16,6
S01011769,All parents aged 16 and over with dependent children,91,42,49
S01011769,Couple family: Total,66,26,40
S01011769,Couple family: Both parents working,46,24,22
S01011769,Couple family: One parent working,20,2,18
S01011769,Couple family: No parents working,0,0,0
S01011769,Lone parent family: Total,25,16,9
S01011769,Lone parent family: Parent working,17,10,7
S01011769,Lone parent family: Parent not working,8,6,2
S01011770,All parents aged 16 and over with dependent children,132,68,64
S01011770,Couple family: Total,100,48,52
S01011770,Couple family: Both parents working,66,38,28
S01011770,Couple family: One parent working,26,6,20
S01011770,Couple family: No parents working,8,4,4
S01011770,Lone parent family: Total,32,20,12
S01011770,Lone parent family: Parent working,22,17,5
S01011770,Lone parent family: Parent not working,10,3,7
S01011771,All parents aged 16 and over with dependent children,188,94,94
S01011771,Couple family: Total,174,88,86
S01011771,Couple family: Both parents working,138,68,70
S01011771,Couple family: One parent working,30,14,16
S01011771,Couple family: No parents working,6,6,0
S01011771,Lone parent family: Total,14,6,8
S01011771,Lone parent family: Parent working,12,6,6
S01011771,Lone parent family: Parent not working,2,0,2
S01011772,All parents aged 16 and over with dependent children,271,106,165
S01011772,Couple family: Total,258,98,160
S01011772,Couple family: Both parents working,216,84,132
S01011772,Couple family: One parent working,38,12,26
S01011772,Couple family: No parents working,4,2,2
S01011772,Lone parent family: Total,13,8,5
S01011772,Lone parent family: Parent working,11,7,4
S01011772,Lone parent family: Parent not working,2,1,1
S01011773,All parents aged 16 and over with dependent children,198,90,108
S01011773,Couple family: Total,184,84,100
S01011773,Couple family: Both parents working,154,68,86
S01011773,Couple family: One parent working,28,14,14
S01011773,Couple family: No parents working,2,2,0
S01011773,Lone parent family: Total,14,6,8
S01011773,Lone parent family: Parent working,10,6,4
S01011773,Lone parent family: Parent not working,4,0,4
S01011774,All parents aged 16 and over with dependent children,281,103,178
S01011774,Couple family: Total,242,78,164
S01011774,Couple family: Both parents working,192,72,120
S01011774,Couple family: One parent working,40,2,38
S01011774,Couple family: No parents working,10,4,6
S01011774,Lone parent family: Total,39,25,14
S01011774,Lone parent family: Parent working,23,12,11
S01011774,Lone parent family: Parent not working,16,13,3
S01011775,All parents aged 16 and over with dependent children,241,104,137
S01011775,Couple family: Total,224,94,130
S01011775,Couple family: Both parents working,202,90,112
S01011775,Couple family: One parent working,22,4,18
S01011775,Couple family: No parents working,0,0,0
S01011775,Lone parent family: Total,17,10,7
S01011775,Lone parent family: Parent working,15,8,7
S01011775,Lone parent family: Parent not working,2,2,0
S01011776,All parents aged 16 and over with dependent children,389,146,243
S01011776,Couple family: Total,366,134,232
S01011776,Couple family: Both parents working,300,114,186
S01011776,Couple family: One parent working,62,18,44
S01011776,Couple family: No parents working,4,2,2
S01011776,Lone parent family: Total,23,12,11
S01011776,Lone parent family: Parent working,21,10,11
S01011776,Lone parent family: Parent not working,2,2,0
S01011777,All parents aged 16 and over with dependent children,190,85,105
S01011777,Couple family: Total,172,74,98
S01011777,Couple family: Both parents working,142,58,84
S01011777,Couple family: One parent working,28,16,12
S01011777,Couple family: No parents working,2,0,2
S01011777,Lone parent family: Total,18,11,7
S01011777,Lone parent family: Parent working,10,6,4
S01011777,Lone parent family: Parent not working,8,5,3
S01011778,All parents aged 16 and over with dependent children,178,83,95
S01011778,Couple family: Total,158,68,90
S01011778,Couple family: Both parents working,136,64,72
S01011778,Couple family: One parent working,18,4,14
S01011778,Couple family: No parents working,4,0,4
S01011778,Lone parent family: Total,20,15,5
S01011778,Lone parent family: Parent working,16,13,3
S01011778,Lone parent family: Parent not working,4,2,2
S01011779,All parents aged 16 and over with dependent children,191,62,129
S01011779,Couple family: Total,180,54,126
S01011779,Couple family: Both parents working,146,48,98
S01011779,Couple family: One parent working,34,6,28
S01011779,Couple family: No parents working,0,0,0
S01011779,Lone parent family: Total,11,8,3
S01011779,Lone parent family: Parent working,9,6,3
S01011779,Lone parent family: Parent not working,2,2,0
S01011780,All parents aged 16 and over with dependent children,246,107,139
S01011780,Couple family: Total,232,96,136
S01011780,Couple family: Both parents working,180,70,110
S01011780,Couple family: One parent working,46,24,22
S01011780,Couple family: No parents working,6,2,4
S01011780,Lone parent family: Total,14,11,3
S01011780,Lone parent family: Parent working,7,6,1
S01011780,Lone parent family: Parent not working,7,5,2
S01011781,All parents aged 16 and over with dependent children,154,71,83
S01011781,Couple family: Total,144,68,76
S01011781,Couple family: Both parents working,122,64,58
S01011781,Couple family: One parent working,16,4,12
S01011781,Couple family: No parents working,6,0,6
S01011781,Lone parent family: Total,10,3,7
S01011781,Lone parent family: Parent working,9,2,7
S01011781,Lone parent family: Parent not working,1,1,0
S01011782,All parents aged 16 and over with dependent children,137,51,86
S01011782,Couple family: Total,130,50,80
S01011782,Couple family: Both parents working,100,38,62
S01011782,Couple family: One parent working,22,8,14
S01011782,Couple family: No parents working,8,4,4
S01011782,Lone parent family: Total,7,1,6
S01011782,Lone parent family: Parent working,6,1,5
S01011782,Lone parent family: Parent not working,1,0,1
S01011783,All parents aged 16 and over with dependent children,125,62,63
S01011783,Couple family: Total,116,56,60
S01011783,Couple family: Both parents working,80,42,38
S01011783,Couple family: One parent working,30,14,16
S01011783,Couple family: No parents working,6,0,6
S01011783,Lone parent family: Total,9,6,3
S01011783,Lone parent family: Parent working,6,4,2
S01011783,Lone parent family: Parent not working,3,2,1
S01011784,All parents aged 16 and over with dependent children,145,64,81
S01011784,Couple family: Total,102,40,62
S01011784,Couple family: Both parents working,60,22,38
S01011784,Couple family: One parent working,36,16,20
S01011784,Couple family: No parents working,6,2,4
S01011784,Lone parent family: Total,43,24,19
S01011784,Lone parent family: Parent working,31,19,12
S01011784,Lone parent family: Parent not working,12,5,7
S01011785,All parents aged 16 and over with dependent children,151,60,91
S01011785,Couple family: Total,108,34,74
S01011785,Couple family: Both parents working,78,22,56
S01011785,Couple family: One parent working,28,10,18
S01011785,Couple family: No parents working,2,2,0
S01011785,Lone parent family: Total,43,26,17
S01011785,Lone parent family: Parent working,28,20,8
S01011785,Lone parent family: Parent not working,15,6,9
S01011786,All parents aged 16 and over with dependent children,162,66,96
S01011786,Couple family: Total,150,58,92
S01011786,Couple family: Both parents working,110,46,64
S01011786,Couple family: One parent working,32,8,24
S01011786,Couple family: No parents working,8,4,4
S01011786,Lone parent family: Total,12,8,4
S01011786,Lone parent family: Parent working,10,7,3
S01011786,Lone parent family: Parent not working,2,1,1
S01011787,All parents aged 16 and over with dependent children,215,99,116
S01011787,Couple family: Total,148,58,90
S01011787,Couple family: Both parents working,98,40,58
S01011787,Couple family: One parent working,44,16,28
S01011787,Couple family: No parents working,6,2,4
S01011787,Lone parent family: Total,67,41,26
S01011787,Lone parent family: Parent working,37,25,12
S01011787,Lone parent family: Parent not working,30,16,14
S01011788,All parents aged 16 and over with dependent children,232,102,130
S01011788,Couple family: Total,226,100,126
S01011788,Couple family: Both parents working,142,60,82
S01011788,Couple family: One parent working,78,40,38
S01011788,Couple family: No parents working,6,0,6
S01011788,Lone parent family: Total,6,2,4
S01011788,Lone parent family: Parent working,5,1,4
S01011788,Lone parent family: Parent not working,1,1,0
S01011789,All parents aged 16 and over with dependent children,126,55,71
S01011789,Couple family: Total,106,42,64
S01011789,Couple family: Both parents working,78,30,48
S01011789,Couple family: One parent working,22,8,14
S01011789,Couple family: No parents working,6,4,2
S01011789,Lone parent family: Total,20,13,7
S01011789,Lone parent family: Parent working,17,11,6
S01011789,Lone parent family: Parent not working,3,2,1
S01011790,All parents aged 16 and over with dependent children,231,98,133
S01011790,Couple family: Total,178,70,108
S01011790,Couple family: Both parents working,120,54,66
S01011790,Couple family: One parent working,42,14,28
S01011790,Couple family: No parents working,16,2,14
S01011790,Lone parent family: Total,53,28,25
S01011790,Lone parent family: Parent working,30,16,14
S01011790,Lone parent family: Parent not working,23,12,11
S01011791,All parents aged 16 and over with dependent children,143,77,66
S01011791,Couple family: Total,108,54,54
S01011791,Couple family: Both parents working,74,36,38
S01011791,Couple family: One parent working,28,16,12
S01011791,Couple family: No parents working,6,2,4
S01011791,Lone parent family: Total,35,23,12
S01011791,Lone parent family: Parent working,19,13,6
S01011791,Lone parent family: Parent not working,16,10,6
S01011792,All parents aged 16 and over with dependent children,124,63,61
S01011792,Couple family: Total,106,50,56
S01011792,Couple family: Both parents working,78,40,38
S01011792,Couple family: One parent working,26,8,18
S01011792,Couple family: No parents working,2,2,0
S01011792,Lone parent family: Total,18,13,5
S01011792,Lone parent family: Parent working,9,6,3
S01011792,Lone parent family: Parent not working,9,7,2
S01011793,All parents aged 16 and over with dependent children,101,46,55
S01011793,Couple family: Total,94,40,54
S01011793,Couple family: Both parents working,76,30,46
S01011793,Couple family: One parent working,14,8,6
S01011793,Couple family: No parents working,4,2,2
S01011793,Lone parent family: Total,7,6,1
S01011793,Lone parent family: Parent working,3,2,1
S01011793,Lone parent family: Parent not working,4,4,0
S01011794,All parents aged 16 and over with dependent children,205,95,110
S01011794,Couple family: Total,162,70,92
S01011794,Couple family: Both parents working,118,54,64
S01011794,Couple family: One parent working,40,14,26
S01011794,Couple family: No parents working,4,2,2
S01011794,Lone parent family: Total,43,25,18
S01011794,Lone parent family: Parent working,24,16,8
S01011794,Lone parent family: Parent not working,19,9,10
S01011795,All parents aged 16 and over with dependent children,123,88,35
S01011795,Couple family: Total,74,50,24
S01011795,Couple family: Both parents working,44,24,20
S01011795,Couple family: One parent working,24,20,4
S01011795,Couple family: No parents working,6,6,0
S01011795,Lone parent family: Total,49,38,11
S01011795,Lone parent family: Parent working,23,20,3
S01011795,Lone parent family: Parent not working,26,18,8
S01011796,All parents aged 16 and over with dependent children,153,62,91
S01011796,Couple family: Total,104,40,64
S01011796,Couple family: Both parents working,54,20,34
S01011796,Couple family: One parent working,36,16,20
S01011796,Couple family: No parents working,14,4,10
S01011796,Lone parent family: Total,49,22,27
S01011796,Lone parent family: Parent working,27,14,13
S01011796,Lone parent family: Parent not working,22,8,14
S01011797,All parents aged 16 and over with dependent children,225,105,120
S01011797,Couple family: Total,212,94,118
S01011797,Couple family: Both parents working,170,80,90
S01011797,Couple family: One parent working,38,12,26
S01011797,Couple family: No parents working,4,2,2
S01011797,Lone parent family: Total,13,11,2
S01011797,Lone parent family: Parent working,11,9,2
S01011797,Lone parent family: Parent not working,2,2,0
S01011798,All parents aged 16 and over with dependent children,121,70,51
S01011798,Couple family: Total,98,52,46
S01011798,Couple family: Both parents working,58,36,22
S01011798,Couple family: One parent working,26,10,16
S01011798,Couple family: No parents working,14,6,8
S01011798,Lone parent family: Total,23,18,5
S01011798,Lone parent family: Parent working,13,11,2
S01011798,Lone parent family: Parent not working,10,7,3
S01011799,All parents aged 16 and over with dependent children,164,53,111
S01011799,Couple family: Total,134,38,96
S01011799,Couple family: Both parents working,104,30,74
S01011799,Couple family: One parent working,24,6,18
S01011799,Couple family: No parents working,6,2,4
S01011799,Lone parent family: Total,30,15,15
S01011799,Lone parent family: Parent working,19,10,9
S01011799,Lone parent family: Parent not working,11,5,6
S01011800,All parents aged 16 and over with dependent children,93,36,57
S01011800,Couple family: Total,76,26,50
S01011800,Couple family: Both parents working,54,20,34
S01011800,Couple family: One parent working,16,4,12
S01011800,Couple family: No parents working,6,2,4
S01011800,Lone parent family: Total,17,10,7
S01011800,Lone parent family: Parent working,13,8,5
S01011800,Lone parent family: Parent not working,4,2,2
S01011801,All parents aged 16 and over with dependent children,152,79,73
S01011801,Couple family: Total,116,56,60
S01011801,Couple family: Both parents working,54,30,24
S01011801,Couple family: One parent working,38,16,22
S01011801,Couple family: No parents working,24,10,14
S01011801,Lone parent family: Total,36,23,13
S01011801,Lone parent family: Parent working,19,15,4
S01011801,Lone parent family: Parent not working,17,8,9
S01011802,All parents aged 16 and over with dependent children,144,62,82
S01011802,Couple family: Total,96,30,66
S01011802,Couple family: Both parents working,66,18,48
S01011802,Couple family: One parent working,22,8,14
S01011802,Couple family: No parents working,8,4,4
S01011802,Lone parent family: Total,48,32,16
S01011802,Lone parent family: Parent working,30,21,9
S01011802,Lone parent family: Parent not working,18,11,7
S01011803,All parents aged 16 and over with dependent children,121,41,80
S01011803,Couple family: Total,96,30,66
S01011803,Couple family: Both parents working,66,22,44
S01011803,Couple family: One parent working,24,6,18
S01011803,Couple family: No parents working,6,2,4
S01011803,Lone parent family: Total,25,11,14
S01011803,Lone parent family: Parent working,14,6,8
S01011803,Lone parent family: Parent not working,11,5,6
S01011804,All parents aged 16 and over with dependent children,132,73,59
S01011804,Couple family: Total,96,54,42
S01011804,Couple family: Both parents working,62,44,18
S01011804,Couple family: One parent working,32,10,22
S01011804,Couple family: No parents working,2,0,2
S01011804,Lone parent family: Total,36,19,17
S01011804,Lone parent family: Parent working,31,16,15
S01011804,Lone parent family: Parent not working,5,3,2
S01011805,All parents aged 16 and over with dependent children,81,26,55
S01011805,Couple family: Total,72,22,50
S01011805,Couple family: Both parents working,58,18,40
S01011805,Couple family: One parent working,14,4,10
S01011805,Couple family: No parents working,0,0,0
S01011805,Lone parent family: Total,9,4,5
S01011805,Lone parent family: Parent working,8,3,5
S01011805,Lone parent family: Parent not working,1,1,0
S01011806,All parents aged 16 and over with dependent children,157,66,91
S01011806,Couple family: Total,138,50,88
S01011806,Couple family: Both parents working,108,44,64
S01011806,Couple family: One parent working,26,2,24
S01011806,Couple family: No parents working,4,4,0
S01011806,Lone parent family: Total,19,16,3
S01011806,Lone parent family: Parent working,18,16,2
S01011806,Lone parent family: Parent not working,1,0,1
S01011807,All parents aged 16 and over with dependent children,202,65,137
S01011807,Couple family: Total,186,64,122
S01011807,Couple family: Both parents working,148,52,96
S01011807,Couple family: One parent working,36,12,24
S01011807,Couple family: No parents working,2,0,2
S01011807,Lone parent family: Total,16,1,15
S01011807,Lone parent family: Parent working,13,1,12
S01011807,Lone parent family: Parent not working,3,0,3
S01011808,All parents aged 16 and over with dependent children,136,61,75
S01011808,Couple family: Total,124,54,70
S01011808,Couple family: Both parents working,102,44,58
S01011808,Couple family: One parent working,22,10,12
S01011808,Couple family: No parents working,0,0,0
S01011808,Lone parent family: Total,12,7,5
S01011808,Lone parent family: Parent working,10,6,4
S01011808,Lone parent family: Parent not working,2,1,1
S01011809,All parents aged 16 and over with dependent children,137,59,78
S01011809,Couple family: Total,130,56,74
S01011809,Couple family: Both parents working,100,44,56
S01011809,Couple family: One parent working,30,12,18
S01011809,Couple family: No parents working,0,0,0
S01011809,Lone parent family: Total,7,3,4
S01011809,Lone parent family: Parent working,5,3,2
S01011809,Lone parent family: Parent not working,2,0,2
S01011810,All parents aged 16 and over with dependent children,186,72,114
S01011810,Couple family: Total,178,66,112
S01011810,Couple family: Both parents working,130,48,82
S01011810,Couple family: One parent working,44,14,30
S01011810,Couple family: No parents working,4,4,0
S01011810,Lone parent family: Total,8,6,2
S01011810,Lone parent family: Parent working,7,6,1
S01011810,Lone parent family: Parent not working,1,0,1
S01011811,All parents aged 16 and over with dependent children,218,79,139
S01011811,Couple family: Total,202,68,134
S01011811,Couple family: Both parents working,152,60,92
S01011811,Couple family: One parent working,46,6,40
S01011811,Couple family: No parents working,4,2,2
S01011811,Lone parent family: Total,16,11,5
S01011811,Lone parent family: Parent working,14,10,4
S01011811,Lone parent family: Parent not working,2,1,1
S01011812,All parents aged 16 and over with dependent children,144,46,98
S01011812,Couple family: Total,130,40,90
S01011812,Couple family: Both parents working,94,34,60
S01011812,Couple family: One parent working,32,4,28
S01011812,Couple family: No parents working,4,2,2
S01011812,Lone parent family: Total,14,6,8
S01011812,Lone parent family: Parent working,13,5,8
S01011812,Lone parent family: Parent not working,1,1,0
S01011813,All parents aged 16 and over with dependent children,158,66,92
S01011813,Couple family: Total,146,58,88
S01011813,Couple family: Both parents working,114,46,68
S01011813,Couple family: One parent working,32,12,20
S01011813,Couple family: No parents working,0,0,0
S01011813,Lone parent family: Total,12,8,4
S01011813,Lone parent family: Parent working,9,6,3
S01011813,Lone parent family: Parent not working,3,2,1
S01011814,All parents aged 16 and over with dependent children,173,73,100
S01011814,Couple family: Total,162,62,100
S01011814,Couple family: Both parents working,114,44,70
S01011814,Couple family: One parent working,44,18,26
S01011814,Couple family: No parents working,4,0,4
S01011814,Lone parent family: Total,11,11,0
S01011814,Lone parent family: Parent working,10,10,0
S01011814,Lone parent family: Parent not working,1,1,0
S01011815,All parents aged 16 and over with dependent children,208,80,128
S01011815,Couple family: Total,184,68,116
S01011815,Couple family: Both parents working,160,60,100
S01011815,Couple family: One parent working,18,8,10
S01011815,Couple family: No parents working,6,0,6
S01011815,Lone parent family: Total,24,12,12
S01011815,Lone parent family: Parent working,16,9,7
S01011815,Lone parent family: Parent not working,8,3,5
S01011816,All parents aged 16 and over with dependent children,130,51,79
S01011816,Couple family: Total,122,44,78
S01011816,Couple family: Both parents working,100,40,60
S01011816,Couple family: One parent working,20,4,16
S01011816,Couple family: No parents working,2,0,2
S01011816,Lone parent family: Total,8,7,1
S01011816,Lone parent family: Parent working,4,4,0
S01011816,Lone parent family: Parent not working,4,3,1
S01011817,All parents aged 16 and over with dependent children,168,57,111
S01011817,Couple family: Total,162,54,108
S01011817,Couple family: Both parents working,138,52,86
S01011817,Couple family: One parent working,22,2,20
S01011817,Couple family: No parents working,2,0,2
S01011817,Lone parent family: Total,6,3,3
S01011817,Lone parent family: Parent working,6,3,3
S01011817,Lone parent family: Parent not working,0,0,0
S01011818,All parents aged 16 and over with dependent children,244,118,126
S01011818,Couple family: Total,208,100,108
S01011818,Couple family: Both parents working,170,82,88
S01011818,Couple family: One parent working,32,16,16
S01011818,Couple family: No parents working,6,2,4
S01011818,Lone parent family: Total,36,18,18
S01011818,Lone parent family: Parent working,29,12,17
S01011818,Lone parent family: Parent not working,7,6,1
S01011819,All parents aged 16 and over with dependent children,138,88,50
S01011819,Couple family: Total,102,60,42
S01011819,Couple family: Both parents working,70,46,24
S01011819,Couple family: One parent working,30,12,18
S01011819,Couple family: No parents working,2,2,0
S01011819,Lone parent family: Total,36,28,8
S01011819,Lone parent family: Parent working,22,16,6
S01011819,Lone parent family: Parent not working,14,12,2
S01011820,All parents aged 16 and over with dependent children,155,60,95
S01011820,Couple family: Total,136,48,88
S01011820,Couple family: Both parents working,110,40,70
S01011820,Couple family: One parent working,24,6,18
S01011820,Couple family: No parents working,2,2,0
S01011820,Lone parent family: Total,19,12,7
S01011820,Lone parent family: Parent working,15,10,5
S01011820,Lone parent family: Parent not working,4,2,2
S01011821,All parents aged 16 and over with dependent children,77,25,52
S01011821,Couple family: Total,64,20,44
S01011821,Couple family: Both parents working,44,12,32
S01011821,Couple family: One parent working,16,6,10
S01011821,Couple family: No parents working,4,2,2
S01011821,Lone parent family: Total,13,5,8
S01011821,Lone parent family: Parent working,4,1,3
S01011821,Lone parent family: Parent not working,9,4,5
S01011822,All parents aged 16 and over with dependent children,106,58,48
S01011822,Couple family: Total,80,44,36
S01011822,Couple family: Both parents working,62,30,32
S01011822,Couple family: One parent working,14,10,4
S01011822,Couple family: No parents working,4,4,0
S01011822,Lone parent family: Total,26,14,12
S01011822,Lone parent family: Parent working,18,12,6
S01011822,Lone parent family: Parent not working,8,2,6
S01011823,All parents aged 16 and over with dependent children,119,58,61
S01011823,Couple family: Total,92,40,52
S01011823,Couple family: Both parents working,74,32,42
S01011823,Couple family: One parent working,14,4,10
S01011823,Couple family: No parents working,4,4,0
S01011823,Lone parent family: Total,27,18,9
S01011823,Lone parent family: Parent working,21,15,6
S01011823,Lone parent family: Parent not working,6,3,3
S01011824,All parents aged 16 and over with dependent children,154,71,83
S01011824,Couple family: Total,122,52,70
S01011824,Couple family: Both parents working,92,40,52
S01011824,Couple family: One parent working,26,8,18
S01011824,Couple family: No parents working,4,4,0
S01011824,Lone parent family: Total,32,19,13
S01011824,Lone parent family: Parent working,19,12,7
S01011824,Lone parent family: Parent not working,13,7,6
S01011825,All parents aged 16 and over with dependent children,86,41,45
S01011825,Couple family: Total,68,28,40
S01011825,Couple family: Both parents working,58,24,34
S01011825,Couple family: One parent working,8,2,6
S01011825,Couple family: No parents working,2,2,0
S01011825,Lone parent family: Total,18,13,5
S01011825,Lone parent family: Parent working,15,11,4
S01011825,Lone parent family: Parent not working,3,2,1
S01011826,All parents aged 16 and over with dependent children,141,74,67
S01011826,Couple family: Total,126,64,62
S01011826,Couple family: Both parents working,104,52,52
S01011826,Couple family: One parent working,18,10,8
S01011826,Couple family: No parents working,4,2,2
S01011826,Lone parent family: Total,15,10,5
S01011826,Lone parent family: Parent working,9,5,4
S01011826,Lone parent family: Parent not working,6,5,1
S01011827,All parents aged 16 and over with dependent children,50,16,34
S01011827,Couple family: Total,44,12,32
S01011827,Couple family: Both parents working,30,12,18
S01011827,Couple family: One parent working,14,0,14
S01011827,Couple family: No parents working,0,0,0
S01011827,Lone parent family: Total,6,4,2
S01011827,Lone parent family: Parent working,5,3,2
S01011827,Lone parent family: Parent not working,1,1,0
S01011828,All parents aged 16 and over with dependent children,168,57,111
S01011828,Couple family: Total,160,52,108
S01011828,Couple family: Both parents working,124,38,86
S01011828,Couple family: One parent working,34,14,20
S01011828,Couple family: No parents working,2,0,2
S01011828,Lone parent family: Total,8,5,3
S01011828,Lone parent family: Parent working,5,2,3
S01011828,Lone parent family: Parent not working,3,3,0
S01011829,All parents aged 16 and over with dependent children,67,31,36
S01011829,Couple family: Total,64,28,36
S01011829,Couple family: Both parents working,56,26,30
S01011829,Couple family: One parent working,8,2,6
S01011829,Couple family: No parents working,0,0,0
S01011829,Lone parent family: Total,3,3,0
S01011829,Lone parent family: Parent working,2,2,0
S01011829,Lone parent family: Parent not working,1,1,0
S01011830,All parents aged 16 and over with dependent children,88,28,60
S01011830,Couple family: Total,76,22,54
S01011830,Couple family: Both parents working,44,8,36
S01011830,Couple family: One parent working,28,12,16
S01011830,Couple family: No parents working,4,2,2
S01011830,Lone parent family: Total,12,6,6
S01011830,Lone parent family: Parent working,11,5,6
S01011830,Lone parent family: Parent not working,1,1,0
S01011831,All parents aged 16 and over with dependent children,155,47,108
S01011831,Couple family: Total,130,36,94
S01011831,Couple family: Both parents working,92,32,60
S01011831,Couple family: One parent working,34,4,30
S01011831,Couple family: No parents working,4,0,4
S01011831,Lone parent family: Total,25,11,14
S01011831,Lone parent family: Parent working,13,6,7
S01011831,Lone parent family: Parent not working,12,5,7
S01011832,All parents aged 16 and over with dependent children,147,74,73
S01011832,Couple family: Total,130,64,66
S01011832,Couple family: Both parents working,110,52,58
S01011832,Couple family: One parent working,18,10,8
S01011832,Couple family: No parents working,2,2,0
S01011832,Lone parent family: Total,17,10,7
S01011832,Lone parent family: Parent working,12,7,5
S01011832,Lone parent family: Parent not working,5,3,2
S01011833,All parents aged 16 and over with dependent children,235,87,148
S01011833,Couple family: Total,220,78,142
S01011833,Couple family: Both parents working,156,64,92
S01011833,Couple family: One parent working,62,14,48
S01011833,Couple family: No parents working,2,0,2
S01011833,Lone parent family: Total,15,9,6
S01011833,Lone parent family: Parent working,11,7,4
S01011833,Lone parent family: Parent not working,4,2,2
S01011834,All parents aged 16 and over with dependent children,157,63,94
S01011834,Couple family: Total,152,60,92
S01011834,Couple family: Both parents working,118,48,70
S01011834,Couple family: One parent working,34,12,22
S01011834,Couple family: No parents working,0,0,0
S01011834,Lone parent family: Total,5,3,2
S01011834,Lone parent family: Parent working,3,2,1
S01011834,Lone parent family: Parent not working,2,1,1
S01011835,All parents aged 16 and over with dependent children,146,53,93
S01011835,Couple family: Total,132,44,88
S01011835,Couple family: Both parents working,122,40,82
S01011835,Couple family: One parent working,8,2,6
S01011835,Couple family: No parents working,2,2,0
S01011835,Lone parent family: Total,14,9,5
S01011835,Lone parent family: Parent working,9,5,4
S01011835,Lone parent family: Parent not working,5,4,1
S01011836,All parents aged 16 and over with dependent children,132,51,81
S01011836,Couple family: Total,118,42,76
S01011836,Couple family: Both parents working,80,32,48
S01011836,Couple family: One parent working,38,10,28
S01011836,Couple family: No parents working,0,0,0
S01011836,Lone parent family: Total,14,9,5
S01011836,Lone parent family: Parent working,10,6,4
S01011836,Lone parent family: Parent not working,4,3,1
S01011837,All parents aged 16 and over with dependent children,138,62,76
S01011837,Couple family: Total,130,56,74
S01011837,Couple family: Both parents working,88,40,48
S01011837,Couple family: One parent working,38,16,22
S01011837,Couple family: No parents working,4,0,4
S01011837,Lone parent family: Total,8,6,2
S01011837,Lone parent family: Parent working,7,5,2
S01011837,Lone parent family: Parent not working,1,1,0
S01011838,All parents aged 16 and over with dependent children,164,68,96
S01011838,Couple family: Total,154,64,90
S01011838,Couple family: Both parents working,120,54,66
S01011838,Couple family: One parent working,32,8,24
S01011838,Couple family: No parents working,2,2,0
S01011838,Lone parent family: Total,10,4,6
S01011838,Lone parent family: Parent working,8,3,5
S01011838,Lone parent family: Parent not working,2,1,1
S01011839,All parents aged 16 and over with dependent children,186,85,101
S01011839,Couple family: Total,176,80,96
S01011839,Couple family: Both parents working,150,70,80
S01011839,Couple family: One parent working,22,8,14
S01011839,Couple family: No parents working,4,2,2
S01011839,Lone parent family: Total,10,5,5
S01011839,Lone parent family: Parent working,7,4,3
S01011839,Lone parent family: Parent not working,3,1,2
S01011840,All parents aged 16 and over with dependent children,231,74,157
S01011840,Couple family: Total,208,66,142
S01011840,Couple family: Both parents working,158,44,114
S01011840,Couple family: One parent working,46,20,26
S01011840,Couple family: No parents working,4,2,2
S01011840,Lone parent family: Total,23,8,15
S01011840,Lone parent family: Parent working,12,6,6
S01011840,Lone parent family: Parent not working,11,2,9
S01011841,All parents aged 16 and over with dependent children,220,99,121
S01011841,Couple family: Total,178,76,102
S01011841,Couple family: Both parents working,140,60,80
S01011841,Couple family: One parent working,34,12,22
S01011841,Couple family: No parents working,4,4,0
S01011841,Lone parent family: Total,42,23,19
S01011841,Lone parent family: Parent working,33,16,17
S01011841,Lone parent family: Parent not working,9,7,2
S01011842,All parents aged 16 and over with dependent children,181,80,101
S01011842,Couple family: Total,146,60,86
S01011842,Couple family: Both parents working,102,42,60
S01011842,Couple family: One parent working,40,16,24
S01011842,Couple family: No parents working,4,2,2
S01011842,Lone parent family: Total,35,20,15
S01011842,Lone parent family: Parent working,23,15,8
S01011842,Lone parent family: Parent not working,12,5,7
S01011843,All parents aged 16 and over with dependent children,216,83,133
S01011843,Couple family: Total,200,74,126
S01011843,Couple family: Both parents working,142,58,84
S01011843,Couple family: One parent working,50,16,34
S01011843,Couple family: No parents working,8,0,8
S01011843,Lone parent family: Total,16,9,7
S01011843,Lone parent family: Parent working,8,5,3
S01011843,Lone parent family: Parent not working,8,4,4
S01011844,All parents aged 16 and over with dependent children,200,64,136
S01011844,Couple family: Total,190,58,132
S01011844,Couple family: Both parents working,146,46,100
S01011844,Couple family: One parent working,40,10,30
S01011844,Couple family: No parents working,4,2,2
S01011844,Lone parent family: Total,10,6,4
S01011844,Lone parent family: Parent working,7,5,2
S01011844,Lone parent family: Parent not working,3,1,2
S01011845,All parents aged 16 and over with dependent children,201,95,106
S01011845,Couple family: Total,168,80,88
S01011845,Couple family: Both parents working,136,68,68
S01011845,Couple family: One parent working,32,12,20
S01011845,Couple family: No parents working,0,0,0
S01011845,Lone parent family: Total,33,15,18
S01011845,Lone parent family: Parent working,29,14,15
S01011845,Lone parent family: Parent not working,4,1,3
S01011846,All parents aged 16 and over with dependent children,174,68,106
S01011846,Couple family: Total,154,56,98
S01011846,Couple family: Both parents working,122,46,76
S01011846,Couple family: One parent working,30,10,20
S01011846,Couple family: No parents working,2,0,2
S01011846,Lone parent family: Total,20,12,8
S01011846,Lone parent family: Parent working,16,9,7
S01011846,Lone parent family: Parent not working,4,3,1
S01011847,All parents aged 16 and over with dependent children,104,41,63
S01011847,Couple family: Total,102,40,62
S01011847,Couple family: Both parents working,76,28,48
S01011847,Couple family: One parent working,22,10,12
S01011847,Couple family: No parents working,4,2,2
S01011847,Lone parent family: Total,2,1,1
S01011847,Lone parent family: Parent working,2,1,1
S01011847,Lone parent family: Parent not working,0,0,0
S01011848,All parents aged 16 and over with dependent children,149,45,104
S01011848,Couple family: Total,138,40,98
S01011848,Couple family: Both parents working,122,38,84
S01011848,Couple family: One parent working,14,2,12
S01011848,Couple family: No parents working,2,0,2
S01011848,Lone parent family: Total,11,5,6
S01011848,Lone parent family: Parent working,7,3,4
S01011848,Lone parent family: Parent not working,4,2,2
S01011849,All parents aged 16 and over with dependent children,182,96,86
S01011849,Couple family: Total,160,88,72
S01011849,Couple family: Both parents working,118,66,52
S01011849,Couple family: One parent working,36,18,18
S01011849,Couple family: No parents working,6,4,2
S01011849,Lone parent family: Total,22,8,14
S01011849,Lone parent family: Parent working,17,8,9
S01011849,Lone parent family: Parent not working,5,0,5
S01011850,All parents aged 16 and over with dependent children,139,58,81
S01011850,Couple family: Total,126,50,76
S01011850,Couple family: Both parents working,90,38,52
S01011850,Couple family: One parent working,34,12,22
S01011850,Couple family: No parents working,2,0,2
S01011850,Lone parent family: Total,13,8,5
S01011850,Lone parent family: Parent working,11,7,4
S01011850,Lone parent family: Parent not working,2,1,1
S01011851,All parents aged 16 and over with dependent children,185,76,109
S01011851,Couple family: Total,168,66,102
S01011851,Couple family: Both parents working,128,56,72
S01011851,Couple family: One parent working,34,8,26
S01011851,Couple family: No parents working,6,2,4
S01011851,Lone parent family: Total,17,10,7
S01011851,Lone parent family: Parent working,11,5,6
S01011851,Lone parent family: Parent not working,6,5,1
S01011852,All parents aged 16 and over with dependent children,198,99,99
S01011852,Couple family: Total,168,78,90
S01011852,Couple family: Both parents working,138,64,74
S01011852,Couple family: One parent working,28,12,16
S01011852,Couple family: No parents working,2,2,0
S01011852,Lone parent family: Total,30,21,9
S01011852,Lone parent family: Parent working,20,16,4
S01011852,Lone parent family: Parent not working,10,5,5
S01011853,All parents aged 16 and over with dependent children,160,80,80
S01011853,Couple family: Total,132,56,76
S01011853,Couple family: Both parents working,110,44,66
S01011853,Couple family: One parent working,14,4,10
S01011853,Couple family: No parents working,8,8,0
S01011853,Lone parent family: Total,28,24,4
S01011853,Lone parent family: Parent working,18,16,2
S01011853,Lone parent family: Parent not working,10,8,2
S01011854,All parents aged 16 and over with dependent children,117,52,65
S01011854,Couple family: Total,100,40,60
S01011854,Couple family: Both parents working,76,32,44
S01011854,Couple family: One parent working,22,8,14
S01011854,Couple family: No parents working,2,0,2
S01011854,Lone parent family: Total,17,12,5
S01011854,Lone parent family: Parent working,15,11,4
S01011854,Lone parent family: Parent not working,2,1,1
S01011855,All parents aged 16 and over with dependent children,168,78,90
S01011855,Couple family: Total,144,64,80
S01011855,Couple family: Both parents working,112,54,58
S01011855,Couple family: One parent working,30,8,22
S01011855,Couple family: No parents working,2,2,0
S01011855,Lone parent family: Total,24,14,10
S01011855,Lone parent family: Parent working,16,11,5
S01011855,Lone parent family: Parent not working,8,3,5
S01011856,All parents aged 16 and over with dependent children,121,47,74
S01011856,Couple family: Total,116,46,70
S01011856,Couple family: Both parents working,80,28,52
S01011856,Couple family: One parent working,30,12,18
S01011856,Couple family: No parents working,6,6,0
S01011856,Lone parent family: Total,5,1,4
S01011856,Lone parent family: Parent working,3,1,2
S01011856,Lone parent family: Parent not working,2,0,2
S01011857,All parents aged 16 and over with dependent children,153,78,75
S01011857,Couple family: Total,146,76,70
S01011857,Couple family: Both parents working,106,52,54
S01011857,Couple family: One parent working,38,22,16
S01011857,Couple family: No parents working,2,2,0
S01011857,Lone parent family: Total,7,2,5
S01011857,Lone parent family: Parent working,6,2,4
S01011857,Lone parent family: Parent not working,1,0,1
S01011858,All parents aged 16 and over with dependent children,165,78,87
S01011858,Couple family: Total,142,64,78
S01011858,Couple family: Both parents working,102,44,58
S01011858,Couple family: One parent working,38,18,20
S01011858,Couple family: No parents working,2,2,0
S01011858,Lone parent family: Total,23,14,9
S01011858,Lone parent family: Parent working,20,11,9
S01011858,Lone parent family: Parent not working,3,3,0
S01011859,All parents aged 16 and over with dependent children,113,52,61
S01011859,Couple family: Total,104,48,56
S01011859,Couple family: Both parents working,76,40,36
S01011859,Couple family: One parent working,22,4,18
S01011859,Couple family: No parents working,6,4,2
S01011859,Lone parent family: Total,9,4,5
S01011859,Lone parent family: Parent working,6,1,5
S01011859,Lone parent family: Parent not working,3,3,0
S01011860,All parents aged 16 and over with dependent children,112,34,78
S01011860,Couple family: Total,100,26,74
S01011860,Couple family: Both parents working,72,18,54
S01011860,Couple family: One parent working,24,8,16
S01011860,Couple family: No parents working,4,0,4
S01011860,Lone parent family: Total,12,8,4
S01011860,Lone parent family: Parent working,8,7,1
S01011860,Lone parent family: Parent not working,4,1,3
S01011861,All parents aged 16 and over with dependent children,138,65,73
S01011861,Couple family: Total,118,54,64
S01011861,Couple family: Both parents working,86,38,48
S01011861,Couple family: One parent working,32,16,16
S01011861,Couple family: No parents working,0,0,0
S01011861,Lone parent family: Total,20,11,9
S01011861,Lone parent family: Parent working,15,8,7
S01011861,Lone parent family: Parent not working,5,3,2
S01011862,All parents aged 16 and over with dependent children,166,68,98
S01011862,Couple family: Total,158,62,96
S01011862,Couple family: Both parents working,108,52,56
S01011862,Couple family: One parent working,42,10,32
S01011862,Couple family: No parents working,8,0,8
S01011862,Lone parent family: Total,8,6,2
S01011862,Lone parent family: Parent working,6,6,0
S01011862,Lone parent family: Parent not working,2,0,2
S01011863,All parents aged 16 and over with dependent children,144,55,89
S01011863,Couple family: Total,126,42,84
S01011863,Couple family: Both parents working,102,28,74
S01011863,Couple family: One parent working,20,12,8
S01011863,Couple family: No parents working,4,2,2
S01011863,Lone parent family: Total,18,13,5
S01011863,Lone parent family: Parent working,13,8,5
S01011863,Lone parent family: Parent not working,5,5,0
S01011864,All parents aged 16 and over with dependent children,144,61,83
S01011864,Couple family: Total,132,56,76
S01011864,Couple family: Both parents working,106,44,62
S01011864,Couple family: One parent working,22,10,12
S01011864,Couple family: No parents working,4,2,2
S01011864,Lone parent family: Total,12,5,7
S01011864,Lone parent family: Parent working,12,5,7
S01011864,Lone parent family: Parent not working,0,0,0
S01011865,All parents aged 16 and over with dependent children,109,44,65
S01011865,Couple family: Total,96,32,64
S01011865,Couple family: Both parents working,70,22,48
S01011865,Couple family: One parent working,22,8,14
S01011865,Couple family: No parents working,4,2,2
S01011865,Lone parent family: Total,13,12,1
S01011865,Lone parent family: Parent working,7,6,1
S01011865,Lone parent family: Parent not working,6,6,0
S01011866,All parents aged 16 and over with dependent children,195,71,124
S01011866,Couple family: Total,176,62,114
S01011866,Couple family: Both parents working,124,44,80
S01011866,Couple family: One parent working,50,18,32
S01011866,Couple family: No parents working,2,0,2
S01011866,Lone parent family: Total,19,9,10
S01011866,Lone parent family: Parent working,14,6,8
S01011866,Lone parent family: Parent not working,5,3,2
S01011867,All parents aged 16 and over with dependent children,225,116,109
S01011867,Couple family: Total,184,90,94
S01011867,Couple family: Both parents working,152,80,72
S01011867,Couple family: One parent working,30,10,20
S01011867,Couple family: No parents working,2,0,2
S01011867,Lone parent family: Total,41,26,15
S01011867,Lone parent family: Parent working,30,20,10
S01011867,Lone parent family: Parent not working,11,6,5
S01011868,All parents aged 16 and over with dependent children,187,70,117
S01011868,Couple family: Total,158,48,110
S01011868,Couple family: Both parents working,122,38,84
S01011868,Couple family: One parent working,34,10,24
S01011868,Couple family: No parents working,2,0,2
S01011868,Lone parent family: Total,29,22,7
S01011868,Lone parent family: Parent working,15,12,3
S01011868,Lone parent family: Parent not working,14,10,4
S01011869,All parents aged 16 and over with dependent children,132,79,53
S01011869,Couple family: Total,114,66,48
S01011869,Couple family: Both parents working,86,62,24
S01011869,Couple family: One parent working,24,4,20
S01011869,Couple family: No parents working,4,0,4
S01011869,Lone parent family: Total,18,13,5
S01011869,Lone parent family: Parent working,13,10,3
S01011869,Lone parent family: Parent not working,5,3,2
S01011870,All parents aged 16 and over with dependent children,146,72,74
S01011870,Couple family: Total,112,50,62
S01011870,Couple family: Both parents working,76,36,40
S01011870,Couple family: One parent working,32,14,18
S01011870,Couple family: No parents working,4,0,4
S01011870,Lone parent family: Total,34,22,12
S01011870,Lone parent family: Parent working,25,17,8
S01011870,Lone parent family: Parent not working,9,5,4
S01011871,All parents aged 16 and over with dependent children,257,104,153
S01011871,Couple family: Total,228,86,142
S01011871,Couple family: Both parents working,162,72,90
S01011871,Couple family: One parent working,58,12,46
S01011871,Couple family: No parents working,8,2,6
S01011871,Lone parent family: Total,29,18,11
S01011871,Lone parent family: Parent working,20,11,9
S01011871,Lone parent family: Parent not working,9,7,2
S01011872,All parents aged 16 and over with dependent children,213,63,150
S01011872,Couple family: Total,200,56,144
S01011872,Couple family: Both parents working,152,40,112
S01011872,Couple family: One parent working,44,12,32
S01011872,Couple family: No parents working,4,4,0
S01011872,Lone parent family: Total,13,7,6
S01011872,Lone parent family: Parent working,9,5,4
S01011872,Lone parent family: Parent not working,4,2,2
S01011873,All parents aged 16 and over with dependent children,175,65,110
S01011873,Couple family: Total,158,56,102
S01011873,Couple family: Both parents working,124,44,80
S01011873,Couple family: One parent working,30,8,22
S01011873,Couple family: No parents working,4,4,0
S01011873,Lone parent family: Total,17,9,8
S01011873,Lone parent family: Parent working,13,8,5
S01011873,Lone parent family: Parent not working,4,1,3
S01011874,All parents aged 16 and over with dependent children,145,71,74
S01011874,Couple family: Total,128,58,70
S01011874,Couple family: Both parents working,108,52,56
S01011874,Couple family: One parent working,18,4,14
S01011874,Couple family: No parents working,2,2,0
S01011874,Lone parent family: Total,17,13,4
S01011874,Lone parent family: Parent working,11,8,3
S01011874,Lone parent family: Parent not working,6,5,1
S01011875,All parents aged 16 and over with dependent children,112,43,69
S01011875,Couple family: Total,98,38,60
S01011875,Couple family: Both parents working,76,30,46
S01011875,Couple family: One parent working,20,6,14
S01011875,Couple family: No parents working,2,2,0
S01011875,Lone parent family: Total,14,5,9
S01011875,Lone parent family: Parent working,12,4,8
S01011875,Lone parent family: Parent not working,2,1,1
S01011876,All parents aged 16 and over with dependent children,211,75,136
S01011876,Couple family: Total,200,70,130
S01011876,Couple family: Both parents working,146,42,104
S01011876,Couple family: One parent working,50,24,26
S01011876,Couple family: No parents working,4,4,0
S01011876,Lone parent family: Total,11,5,6
S01011876,Lone parent family: Parent working,7,3,4
S01011876,Lone parent family: Parent not working,4,2,2
S01011877,All parents aged 16 and over with dependent children,78,27,51
S01011877,Couple family: Total,68,22,46
S01011877,Couple family: Both parents working,58,22,36
S01011877,Couple family: One parent working,10,0,10
S01011877,Couple family: No parents working,0,0,0
S01011877,Lone parent family: Total,10,5,5
S01011877,Lone parent family: Parent working,8,4,4
S01011877,Lone parent family: Parent not working,2,1,1
S01011878,All parents aged 16 and over with dependent children,203,72,131
S01011878,Couple family: Total,174,56,118
S01011878,Couple family: Both parents working,146,44,102
S01011878,Couple family: One parent working,26,10,16
S01011878,Couple family: No parents working,2,2,0
S01011878,Lone parent family: Total,29,16,13
S01011878,Lone parent family: Parent working,20,9,11
S01011878,Lone parent family: Parent not working,9,7,2
S01011879,All parents aged 16 and over with dependent children,144,68,76
S01011879,Couple family: Total,132,66,66
S01011879,Couple family: Both parents working,98,46,52
S01011879,Couple family: One parent working,30,16,14
S01011879,Couple family: No parents working,4,4,0
S01011879,Lone parent family: Total,12,2,10
S01011879,Lone parent family: Parent working,10,1,9
S01011879,Lone parent family: Parent not working,2,1,1
S01011880,All parents aged 16 and over with dependent children,153,72,81
S01011880,Couple family: Total,150,70,80
S01011880,Couple family: Both parents working,106,48,58
S01011880,Couple family: One parent working,38,20,18
S01011880,Couple family: No parents working,6,2,4
S01011880,Lone parent family: Total,3,2,1
S01011880,Lone parent family: Parent working,2,2,0
S01011880,Lone parent family: Parent not working,1,0,1
S01011881,All parents aged 16 and over with dependent children,208,89,119
S01011881,Couple family: Total,176,68,108
S01011881,Couple family: Both parents working,134,54,80
S01011881,Couple family: One parent working,38,14,24
S01011881,Couple family: No parents working,4,0,4
S01011881,Lone parent family: Total,32,21,11
S01011881,Lone parent family: Parent working,22,14,8
S01011881,Lone parent family: Parent not working,10,7,3
S01011882,All parents aged 16 and over with dependent children,162,83,79
S01011882,Couple family: Total,132,68,64
S01011882,Couple family: Both parents working,110,56,54
S01011882,Couple family: One parent working,20,10,10
S01011882,Couple family: No parents working,2,2,0
S01011882,Lone parent family: Total,30,15,15
S01011882,Lone parent family: Parent working,23,9,14
S01011882,Lone parent family: Parent not working,7,6,1
S01011883,All parents aged 16 and over with dependent children,225,94,131
S01011883,Couple family: Total,204,82,122
S01011883,Couple family: Both parents working,148,62,86
S01011883,Couple family: One parent working,48,18,30
S01011883,Couple family: No parents working,8,2,6
S01011883,Lone parent family: Total,21,12,9
S01011883,Lone parent family: Parent working,16,11,5
S01011883,Lone parent family: Parent not working,5,1,4
S01011884,All parents aged 16 and over with dependent children,84,35,49
S01011884,Couple family: Total,80,32,48
S01011884,Couple family: Both parents working,62,26,36
S01011884,Couple family: One parent working,14,4,10
S01011884,Couple family: No parents working,4,2,2
S01011884,Lone parent family: Total,4,3,1
S01011884,Lone parent family: Parent working,2,1,1
S01011884,Lone parent family: Parent not working,2,2,0
S01011885,All parents aged 16 and over with dependent children,178,66,112
S01011885,Couple family: Total,168,60,108
S01011885,Couple family: Both parents working,134,54,80
S01011885,Couple family: One parent working,32,6,26
S01011885,Couple family: No parents working,2,0,2
S01011885,Lone parent family: Total,10,6,4
S01011885,Lone parent family: Parent working,10,6,4
S01011885,Lone parent family: Parent not working,0,0,0
S01011886,All parents aged 16 and over with dependent children,187,81,106
S01011886,Couple family: Total,154,60,94
S01011886,Couple family: Both parents working,118,54,64
S01011886,Couple family: One parent working,30,4,26
S01011886,Couple family: No parents working,6,2,4
S01011886,Lone parent family: Total,33,21,12
S01011886,Lone parent family: Parent working,23,15,8
S01011886,Lone parent family: Parent not working,10,6,4
S01011887,All parents aged 16 and over with dependent children,134,52,82
S01011887,Couple family: Total,112,40,72
S01011887,Couple family: Both parents working,90,30,60
S01011887,Couple family: One parent working,20,8,12
S01011887,Couple family: No parents working,2,2,0
S01011887,Lone parent family: Total,22,12,10
S01011887,Lone parent family: Parent working,15,8,7
S01011887,Lone parent family: Parent not working,7,4,3
S01011888,All parents aged 16 and over with dependent children,230,106,124
S01011888,Couple family: Total,172,70,102
S01011888,Couple family: Both parents working,130,62,68
S01011888,Couple family: One parent working,28,8,20
S01011888,Couple family: No parents working,14,0,14
S01011888,Lone parent family: Total,58,36,22
S01011888,Lone parent family: Parent working,48,30,18
S01011888,Lone parent family: Parent not working,10,6,4
S01011889,All parents aged 16 and over with dependent children,176,75,101
S01011889,Couple family: Total,158,64,94
S01011889,Couple family: Both parents working,134,50,84
S01011889,Couple family: One parent working,20,12,8
S01011889,Couple family: No parents working,4,2,2
S01011889,Lone parent family: Total,18,11,7
S01011889,Lone parent family: Parent working,15,9,6
S01011889,Lone parent family: Parent not working,3,2,1
S01011890,All parents aged 16 and over with dependent children,163,66,97
S01011890,Couple family: Total,148,56,92
S01011890,Couple family: Both parents working,126,46,80
S01011890,Couple family: One parent working,14,6,8
S01011890,Couple family: No parents working,8,4,4
S01011890,Lone parent family: Total,15,10,5
S01011890,Lone parent family: Parent working,14,9,5
S01011890,Lone parent family: Parent not working,1,1,0
S01011891,All parents aged 16 and over with dependent children,144,65,79
S01011891,Couple family: Total,102,36,66
S01011891,Couple family: Both parents working,72,28,44
S01011891,Couple family: One parent working,26,6,20
S01011891,Couple family: No parents working,4,2,2
S01011891,Lone parent family: Total,42,29,13
S01011891,Lone parent family: Parent working,24,18,6
S01011891,Lone parent family: Parent not working,18,11,7
S01011892,All parents aged 16 and over with dependent children,202,117,85
S01011892,Couple family: Total,168,92,76
S01011892,Couple family: Both parents working,142,82,60
S01011892,Couple family: One parent working,24,8,16
S01011892,Couple family: No parents working,2,2,0
S01011892,Lone parent family: Total,34,25,9
S01011892,Lone parent family: Parent working,27,18,9
S01011892,Lone parent family: Parent not working,7,7,0
S01011893,All parents aged 16 and over with dependent children,166,107,59
S01011893,Couple family: Total,130,82,48
S01011893,Couple family: Both parents working,108,72,36
S01011893,Couple family: One parent working,16,6,10
S01011893,Couple family: No parents working,6,4,2
S01011893,Lone parent family: Total,36,25,11
S01011893,Lone parent family: Parent working,28,22,6
S01011893,Lone parent family: Parent not working,8,3,5
S01011894,All parents aged 16 and over with dependent children,125,63,62
S01011894,Couple family: Total,110,52,58
S01011894,Couple family: Both parents working,82,40,42
S01011894,Couple family: One parent working,24,10,14
S01011894,Couple family: No parents working,4,2,2
S01011894,Lone parent family: Total,15,11,4
S01011894,Lone parent family: Parent working,12,10,2
S01011894,Lone parent family: Parent not working,3,1,2
S01011895,All parents aged 16 and over with dependent children,112,47,65
S01011895,Couple family: Total,104,40,64
S01011895,Couple family: Both parents working,82,36,46
S01011895,Couple family: One parent working,14,2,12
S01011895,Couple family: No parents working,8,2,6
S01011895,Lone parent family: Total,8,7,1
S01011895,Lone parent family: Parent working,5,5,0
S01011895,Lone parent family: Parent not working,3,2,1
S01011896,All parents aged 16 and over with dependent children,160,69,91
S01011896,Couple family: Total,144,62,82
S01011896,Couple family: Both parents working,112,46,66
S01011896,Couple family: One parent working,28,12,16
S01011896,Couple family: No parents working,4,4,0
S01011896,Lone parent family: Total,16,7,9
S01011896,Lone parent family: Parent working,14,6,8
S01011896,Lone parent family: Parent not working,2,1,1
S01011897,All parents aged 16 and over with dependent children,225,78,147
S01011897,Couple family: Total,200,62,138
S01011897,Couple family: Both parents working,142,48,94
S01011897,Couple family: One parent working,50,10,40
S01011897,Couple family: No parents working,8,4,4
S01011897,Lone parent family: Total,25,16,9
S01011897,Lone parent family: Parent working,16,9,7
S01011897,Lone parent family: Parent not working,9,7,2
S01011898,All parents aged 16 and over with dependent children,189,67,122
S01011898,Couple family: Total,176,60,116
S01011898,Couple family: Both parents working,128,42,86
S01011898,Couple family: One parent working,46,16,30
S01011898,Couple family: No parents working,2,2,0
S01011898,Lone parent family: Total,13,7,6
S01011898,Lone parent family: Parent working,12,6,6
S01011898,Lone parent family: Parent not working,1,1,0
S01011899,All parents aged 16 and over with dependent children,150,61,89
S01011899,Couple family: Total,144,58,86
S01011899,Couple family: Both parents working,116,52,64
S01011899,Couple family: One parent working,24,4,20
S01011899,Couple family: No parents working,4,2,2
S01011899,Lone parent family: Total,6,3,3
S01011899,Lone parent family: Parent working,5,2,3
S01011899,Lone parent family: Parent not working,1,1,0
S01011900,All parents aged 16 and over with dependent children,161,65,96
S01011900,Couple family: Total,144,58,86
S01011900,Couple family: Both parents working,130,54,76
S01011900,Couple family: One parent working,12,4,8
S01011900,Couple family: No parents working,2,0,2
S01011900,Lone parent family: Total,17,7,10
S01011900,Lone parent family: Parent working,17,7,10
S01011900,Lone parent family: Parent not working,0,0,0
S01011901,All parents aged 16 and over with dependent children,184,64,120
S01011901,Couple family: Total,166,56,110
S01011901,Couple family: Both parents working,128,48,80
S01011901,Couple family: One parent working,38,8,30
S01011901,Couple family: No parents working,0,0,0
S01011901,Lone parent family: Total,18,8,10
S01011901,Lone parent family: Parent working,13,6,7
S01011901,Lone parent family: Parent not working,5,2,3
S01011902,All parents aged 16 and over with dependent children,194,77,117
S01011902,Couple family: Total,182,68,114
S01011902,Couple family: Both parents working,170,62,108
S01011902,Couple family: One parent working,8,4,4
S01011902,Couple family: No parents working,4,2,2
S01011902,Lone parent family: Total,12,9,3
S01011902,Lone parent family: Parent working,11,8,3
S01011902,Lone parent family: Parent not working,1,1,0
S01011903,All parents aged 16 and over with dependent children,139,51,88
S01011903,Couple family: Total,130,46,84
S01011903,Couple family: Both parents working,118,44,74
S01011903,Couple family: One parent working,12,2,10
S01011903,Couple family: No parents working,0,0,0
S01011903,Lone parent family: Total,9,5,4
S01011903,Lone parent family: Parent working,9,5,4
S01011903,Lone parent family: Parent not working,0,0,0
S01011904,All parents aged 16 and over with dependent children,144,65,79
S01011904,Couple family: Total,130,54,76
S01011904,Couple family: Both parents working,104,50,54
S01011904,Couple family: One parent working,26,4,22
S01011904,Couple family: No parents working,0,0,0
S01011904,Lone parent family: Total,14,11,3
S01011904,Lone parent family: Parent working,14,11,3
S01011904,Lone parent family: Parent not working,0,0,0
S01011905,All parents aged 16 and over with dependent children,220,93,127
S01011905,Couple family: Total,204,84,120
S01011905,Couple family: Both parents working,184,78,106
S01011905,Couple family: One parent working,20,6,14
S01011905,Couple family: No parents working,0,0,0
S01011905,Lone parent family: Total,16,9,7
S01011905,Lone parent family: Parent working,13,8,5
S01011905,Lone parent family: Parent not working,3,1,2
S01011906,All parents aged 16 and over with dependent children,75,37,38
S01011906,Couple family: Total,70,34,36
S01011906,Couple family: Both parents working,58,28,30
S01011906,Couple family: One parent working,12,6,6
S01011906,Couple family: No parents working,0,0,0
S01011906,Lone parent family: Total,5,3,2
S01011906,Lone parent family: Parent working,3,2,1
S01011906,Lone parent family: Parent not working,2,1,1
S01011907,All parents aged 16 and over with dependent children,146,73,73
S01011907,Couple family: Total,126,60,66
S01011907,Couple family: Both parents working,114,56,58
S01011907,Couple family: One parent working,12,4,8
S01011907,Couple family: No parents working,0,0,0
S01011907,Lone parent family: Total,20,13,7
S01011907,Lone parent family: Parent working,14,8,6
S01011907,Lone parent family: Parent not working,6,5,1
S01011908,All parents aged 16 and over with dependent children,91,46,45
S01011908,Couple family: Total,78,42,36
S01011908,Couple family: Both parents working,68,38,30
S01011908,Couple family: One parent working,8,2,6
S01011908,Couple family: No parents working,2,2,0
S01011908,Lone parent family: Total,13,4,9
S01011908,Lone parent family: Parent working,12,3,9
S01011908,Lone parent family: Parent not working,1,1,0
S01011909,All parents aged 16 and over with dependent children,322,176,146
S01011909,Couple family: Total,294,160,134
S01011909,Couple family: Both parents working,256,142,114
S01011909,Couple family: One parent working,38,18,20
S01011909,Couple family: No parents working,0,0,0
S01011909,Lone parent family: Total,28,16,12
S01011909,Lone parent family: Parent working,25,14,11
S01011909,Lone parent family: Parent not working,3,2,1
S01011910,All parents aged 16 and over with dependent children,192,118,74
S01011910,Couple family: Total,114,64,50
S01011910,Couple family: Both parents working,60,40,20
S01011910,Couple family: One parent working,44,20,24
S01011910,Couple family: No parents working,10,4,6
S01011910,Lone parent family: Total,78,54,24
S01011910,Lone parent family: Parent working,44,31,13
S01011910,Lone parent family: Parent not working,34,23,11
S01011911,All parents aged 16 and over with dependent children,123,61,62
S01011911,Couple family: Total,104,46,58
S01011911,Couple family: Both parents working,88,40,48
S01011911,Couple family: One parent working,14,6,8
S01011911,Couple family: No parents working,2,0,2
S01011911,Lone parent family: Total,19,15,4
S01011911,Lone parent family: Parent working,16,13,3
S01011911,Lone parent family: Parent not working,3,2,1
S01011912,All parents aged 16 and over with dependent children,160,99,61
S01011912,Couple family: Total,114,64,50
S01011912,Couple family: Both parents working,86,46,40
S01011912,Couple family: One parent working,18,12,6
S01011912,Couple family: No parents working,10,6,4
S01011912,Lone parent family: Total,46,35,11
S01011912,Lone parent family: Parent working,33,26,7
S01011912,Lone parent family: Parent not working,13,9,4
S01011913,All parents aged 16 and over with dependent children,163,92,71
S01011913,Couple family: Total,110,58,52
S01011913,Couple family: Both parents working,76,34,42
S01011913,Couple family: One parent working,26,18,8
S01011913,Couple family: No parents working,8,6,2
S01011913,Lone parent family: Total,53,34,19
S01011913,Lone parent family: Parent working,36,24,12
S01011913,Lone parent family: Parent not working,17,10,7
S01011914,All parents aged 16 and over with dependent children,250,133,117
S01011914,Couple family: Total,168,84,84
S01011914,Couple family: Both parents working,98,58,40
S01011914,Couple family: One parent working,56,18,38
S01011914,Couple family: No parents working,14,8,6
S01011914,Lone parent family: Total,82,49,33
S01011914,Lone parent family: Parent working,46,32,14
S01011914,Lone parent family: Parent not working,36,17,19
S01011915,All parents aged 16 and over with dependent children,157,56,101
S01011915,Couple family: Total,126,38,88
S01011915,Couple family: Both parents working,78,22,56
S01011915,Couple family: One parent working,42,10,32
S01011915,Couple family: No parents working,6,6,0
S01011915,Lone parent family: Total,31,18,13
S01011915,Lone parent family: Parent working,23,12,11
S01011915,Lone parent family: Parent not working,8,6,2
S01011916,All parents aged 16 and over with dependent children,137,67,70
S01011916,Couple family: Total,110,56,54
S01011916,Couple family: Both parents working,70,40,30
S01011916,Couple family: One parent working,30,12,18
S01011916,Couple family: No parents working,10,4,6
S01011916,Lone parent family: Total,27,11,16
S01011916,Lone parent family: Parent working,14,7,7
S01011916,Lone parent family: Parent not working,13,4,9
S01011917,All parents aged 16 and over with dependent children,94,47,47
S01011917,Couple family: Total,62,26,36
S01011917,Couple family: Both parents working,48,22,26
S01011917,Couple family: One parent working,10,2,8
S01011917,Couple family: No parents working,4,2,2
S01011917,Lone parent family: Total,32,21,11
S01011917,Lone parent family: Parent working,22,15,7
S01011917,Lone parent family: Parent not working,10,6,4
S01011918,All parents aged 16 and over with dependent children,191,90,101
S01011918,Couple family: Total,128,60,68
S01011918,Couple family: Both parents working,76,32,44
S01011918,Couple family: One parent working,36,16,20
S01011918,Couple family: No parents working,16,12,4
S01011918,Lone parent family: Total,63,30,33
S01011918,Lone parent family: Parent working,33,19,14
S01011918,Lone parent family: Parent not working,30,11,19
S01011919,All parents aged 16 and over with dependent children,151,93,58
S01011919,Couple family: Total,108,64,44
S01011919,Couple family: Both parents working,76,50,26
S01011919,Couple family: One parent working,28,12,16
S01011919,Couple family: No parents working,4,2,2
S01011919,Lone parent family: Total,43,29,14
S01011919,Lone parent family: Parent working,27,18,9
S01011919,Lone parent family: Parent not working,16,11,5
S01011920,All parents aged 16 and over with dependent children,102,59,43
S01011920,Couple family: Total,68,40,28
S01011920,Couple family: Both parents working,56,34,22
S01011920,Couple family: One parent working,10,6,4
S01011920,Couple family: No parents working,2,0,2
S01011920,Lone parent family: Total,34,19,15
S01011920,Lone parent family: Parent working,27,16,11
S01011920,Lone parent family: Parent not working,7,3,4
S01011921,All parents aged 16 and over with dependent children,125,72,53
S01011921,Couple family: Total,70,36,34
S01011921,Couple family: Both parents working,48,24,24
S01011921,Couple family: One parent working,16,8,8
S01011921,Couple family: No parents working,6,4,2
S01011921,Lone parent family: Total,55,36,19
S01011921,Lone parent family: Parent working,36,23,13
S01011921,Lone parent family: Parent not working,19,13,6
S01011922,All parents aged 16 and over with dependent children,159,90,69
S01011922,Couple family: Total,118,64,54
S01011922,Couple family: Both parents working,78,42,36
S01011922,Couple family: One parent working,24,12,12
S01011922,Couple family: No parents working,16,10,6
S01011922,Lone parent family: Total,41,26,15
S01011922,Lone parent family: Parent working,26,19,7
S01011922,Lone parent family: Parent not working,15,7,8
S01011923,All parents aged 16 and over with dependent children,227,107,120
S01011923,Couple family: Total,174,76,98
S01011923,Couple family: Both parents working,100,58,42
S01011923,Couple family: One parent working,54,8,46
S01011923,Couple family: No parents working,20,10,10
S01011923,Lone parent family: Total,53,31,22
S01011923,Lone parent family: Parent working,27,16,11
S01011923,Lone parent family: Parent not working,26,15,11
S01011924,All parents aged 16 and over with dependent children,107,57,50
S01011924,Couple family: Total,80,44,36
S01011924,Couple family: Both parents working,62,34,28
S01011924,Couple family: One parent working,14,6,8
S01011924,Couple family: No parents working,4,4,0
S01011924,Lone parent family: Total,27,13,14
S01011924,Lone parent family: Parent working,16,9,7
S01011924,Lone parent family: Parent not working,11,4,7
S01011925,All parents aged 16 and over with dependent children,236,103,133
S01011925,Couple family: Total,218,94,124
S01011925,Couple family: Both parents working,186,88,98
S01011925,Couple family: One parent working,30,6,24
S01011925,Couple family: No parents working,2,0,2
S01011925,Lone parent family: Total,18,9,9
S01011925,Lone parent family: Parent working,12,6,6
S01011925,Lone parent family: Parent not working,6,3,3
S01011926,All parents aged 16 and over with dependent children,142,80,62
S01011926,Couple family: Total,106,60,46
S01011926,Couple family: Both parents working,86,48,38
S01011926,Couple family: One parent working,20,12,8
S01011926,Couple family: No parents working,0,0,0
S01011926,Lone parent family: Total,36,20,16
S01011926,Lone parent family: Parent working,25,16,9
S01011926,Lone parent family: Parent not working,11,4,7
S01011927,All parents aged 16 and over with dependent children,134,81,53
S01011927,Couple family: Total,90,48,42
S01011927,Couple family: Both parents working,68,34,34
S01011927,Couple family: One parent working,12,8,4
S01011927,Couple family: No parents working,10,6,4
S01011927,Lone parent family: Total,44,33,11
S01011927,Lone parent family: Parent working,32,26,6
S01011927,Lone parent family: Parent not working,12,7,5
S01011928,All parents aged 16 and over with dependent children,106,50,56
S01011928,Couple family: Total,78,36,42
S01011928,Couple family: Both parents working,56,24,32
S01011928,Couple family: One parent working,20,10,10
S01011928,Couple family: No parents working,2,2,0
S01011928,Lone parent family: Total,28,14,14
S01011928,Lone parent family: Parent working,21,12,9
S01011928,Lone parent family: Parent not working,7,2,5
S01011929,All parents aged 16 and over with dependent children,129,66,63
S01011929,Couple family: Total,104,50,54
S01011929,Couple family: Both parents working,76,40,36
S01011929,Couple family: One parent working,26,10,16
S01011929,Couple family: No parents working,2,0,2
S01011929,Lone parent family: Total,25,16,9
S01011929,Lone parent family: Parent working,17,11,6
S01011929,Lone parent family: Parent not working,8,5,3
S01011930,All parents aged 16 and over with dependent children,135,68,67
S01011930,Couple family: Total,98,48,50
S01011930,Couple family: Both parents working,76,36,40
S01011930,Couple family: One parent working,22,12,10
S01011930,Couple family: No parents working,0,0,0
S01011930,Lone parent family: Total,37,20,17
S01011930,Lone parent family: Parent working,21,11,10
S01011930,Lone parent family: Parent not working,16,9,7
S01011931,All parents aged 16 and over with dependent children,136,65,71
S01011931,Couple family: Total,98,48,50
S01011931,Couple family: Both parents working,46,24,22
S01011931,Couple family: One parent working,34,18,16
S01011931,Couple family: No parents working,18,6,12
S01011931,Lone parent family: Total,38,17,21
S01011931,Lone parent family: Parent working,17,9,8
S01011931,Lone parent family: Parent not working,21,8,13
S01011932,All parents aged 16 and over with dependent children,132,90,42
S01011932,Couple family: Total,104,70,34
S01011932,Couple family: Both parents working,70,58,12
S01011932,Couple family: One parent working,24,10,14
S01011932,Couple family: No parents working,10,2,8
S01011932,Lone parent family: Total,28,20,8
S01011932,Lone parent family: Parent working,17,13,4
S01011932,Lone parent family: Parent not working,11,7,4
S01011933,All parents aged 16 and over with dependent children,89,55,34
S01011933,Couple family: Total,70,40,30
S01011933,Couple family: Both parents working,54,30,24
S01011933,Couple family: One parent working,16,10,6
S01011933,Couple family: No parents working,0,0,0
S01011933,Lone parent family: Total,19,15,4
S01011933,Lone parent family: Parent working,12,11,1
S01011933,Lone parent family: Parent not working,7,4,3
S01011934,All parents aged 16 and over with dependent children,200,79,121
S01011934,Couple family: Total,168,64,104
S01011934,Couple family: Both parents working,108,38,70
S01011934,Couple family: One parent working,44,16,28
S01011934,Couple family: No parents working,16,10,6
S01011934,Lone parent family: Total,32,15,17
S01011934,Lone parent family: Parent working,22,13,9
S01011934,Lone parent family: Parent not working,10,2,8
S01011935,All parents aged 16 and over with dependent children,100,72,28
S01011935,Couple family: Total,76,50,26
S01011935,Couple family: Both parents working,52,38,14
S01011935,Couple family: One parent working,24,12,12
S01011935,Couple family: No parents working,0,0,0
S01011935,Lone parent family: Total,24,22,2
S01011935,Lone parent family: Parent working,16,15,1
S01011935,Lone parent family: Parent not working,8,7,1
S01011936,All parents aged 16 and over with dependent children,103,55,48
S01011936,Couple family: Total,84,44,40
S01011936,Couple family: Both parents working,64,32,32
S01011936,Couple family: One parent working,18,10,8
S01011936,Couple family: No parents working,2,2,0
S01011936,Lone parent family: Total,19,11,8
S01011936,Lone parent family: Parent working,10,5,5
S01011936,Lone parent family: Parent not working,9,6,3
S01011937,All parents aged 16 and over with dependent children,64,51,13
S01011937,Couple family: Total,38,30,8
S01011937,Couple family: Both parents working,24,20,4
S01011937,Couple family: One parent working,8,4,4
S01011937,Couple family: No parents working,6,6,0
S01011937,Lone parent family: Total,26,21,5
S01011937,Lone parent family: Parent working,17,14,3
S01011937,Lone parent family: Parent not working,9,7,2
S01011938,All parents aged 16 and over with dependent children,89,56,33
S01011938,Couple family: Total,68,38,30
S01011938,Couple family: Both parents working,54,28,26
S01011938,Couple family: One parent working,10,6,4
S01011938,Couple family: No parents working,4,4,0
S01011938,Lone parent family: Total,21,18,3
S01011938,Lone parent family: Parent working,19,17,2
S01011938,Lone parent family: Parent not working,2,1,1
S01011939,All parents aged 16 and over with dependent children,81,47,34
S01011939,Couple family: Total,56,28,28
S01011939,Couple family: Both parents working,26,8,18
S01011939,Couple family: One parent working,28,20,8
S01011939,Couple family: No parents working,2,0,2
S01011939,Lone parent family: Total,25,19,6
S01011939,Lone parent family: Parent working,10,8,2
S01011939,Lone parent family: Parent not working,15,11,4
S01011940,All parents aged 16 and over with dependent children,67,48,19
S01011940,Couple family: Total,44,30,14
S01011940,Couple family: Both parents working,28,20,8
S01011940,Couple family: One parent working,14,10,4
S01011940,Couple family: No parents working,2,0,2
S01011940,Lone parent family: Total,23,18,5
S01011940,Lone parent family: Parent working,11,9,2
S01011940,Lone parent family: Parent not working,12,9,3
S01011941,All parents aged 16 and over with dependent children,66,50,16
S01011941,Couple family: Total,42,34,8
S01011941,Couple family: Both parents working,34,28,6
S01011941,Couple family: One parent working,8,6,2
S01011941,Couple family: No parents working,0,0,0
S01011941,Lone parent family: Total,24,16,8
S01011941,Lone parent family: Parent working,13,9,4
S01011941,Lone parent family: Parent not working,11,7,4
S01011942,All parents aged 16 and over with dependent children,69,46,23
S01011942,Couple family: Total,40,24,16
S01011942,Couple family: Both parents working,30,16,14
S01011942,Couple family: One parent working,8,8,0
S01011942,Couple family: No parents working,2,0,2
S01011942,Lone parent family: Total,29,22,7
S01011942,Lone parent family: Parent working,20,16,4
S01011942,Lone parent family: Parent not working,9,6,3
S01011943,All parents aged 16 and over with dependent children,134,103,31
S01011943,Couple family: Total,86,58,28
S01011943,Couple family: Both parents working,52,34,18
S01011943,Couple family: One parent working,32,22,10
S01011943,Couple family: No parents working,2,2,0
S01011943,Lone parent family: Total,48,45,3
S01011943,Lone parent family: Parent working,30,29,1
S01011943,Lone parent family: Parent not working,18,16,2
S01011944,All parents aged 16 and over with dependent children,79,29,50
S01011944,Couple family: Total,72,24,48
S01011944,Couple family: Both parents working,52,14,38
S01011944,Couple family: One parent working,18,10,8
S01011944,Couple family: No parents working,2,0,2
S01011944,Lone parent family: Total,7,5,2
S01011944,Lone parent family: Parent working,4,3,1
S01011944,Lone parent family: Parent not working,3,2,1
S01011945,All parents aged 16 and over with dependent children,144,44,100
S01011945,Couple family: Total,142,42,100
S01011945,Couple family: Both parents working,110,40,70
S01011945,Couple family: One parent working,26,2,24
S01011945,Couple family: No parents working,6,0,6
S01011945,Lone parent family: Total,2,2,0
S01011945,Lone parent family: Parent working,2,2,0
S01011945,Lone parent family: Parent not working,0,0,0
S01011946,All parents aged 16 and over with dependent children,145,57,88
S01011946,Couple family: Total,114,36,78
S01011946,Couple family: Both parents working,86,30,56
S01011946,Couple family: One parent working,18,4,14
S01011946,Couple family: No parents working,10,2,8
S01011946,Lone parent family: Total,31,21,10
S01011946,Lone parent family: Parent working,21,13,8
S01011946,Lone parent family: Parent not working,10,8,2
S01011947,All parents aged 16 and over with dependent children,78,22,56
S01011947,Couple family: Total,66,20,46
S01011947,Couple family: Both parents working,48,12,36
S01011947,Couple family: One parent working,18,8,10
S01011947,Couple family: No parents working,0,0,0
S01011947,Lone parent family: Total,12,2,10
S01011947,Lone parent family: Parent working,11,2,9
S01011947,Lone parent family: Parent not working,1,0,1
S01011948,All parents aged 16 and over with dependent children,185,78,107
S01011948,Couple family: Total,164,62,102
S01011948,Couple family: Both parents working,128,54,74
S01011948,Couple family: One parent working,32,4,28
S01011948,Couple family: No parents working,4,4,0
S01011948,Lone parent family: Total,21,16,5
S01011948,Lone parent family: Parent working,16,11,5
S01011948,Lone parent family: Parent not working,5,5,0
S01011949,All parents aged 16 and over with dependent children,123,38,85
S01011949,Couple family: Total,106,28,78
S01011949,Couple family: Both parents working,78,24,54
S01011949,Couple family: One parent working,24,2,22
S01011949,Couple family: No parents working,4,2,2
S01011949,Lone parent family: Total,17,10,7
S01011949,Lone parent family: Parent working,13,9,4
S01011949,Lone parent family: Parent not working,4,1,3
S01011950,All parents aged 16 and over with dependent children,128,64,64
S01011950,Couple family: Total,110,52,58
S01011950,Couple family: Both parents working,88,46,42
S01011950,Couple family: One parent working,20,4,16
S01011950,Couple family: No parents working,2,2,0
S01011950,Lone parent family: Total,18,12,6
S01011950,Lone parent family: Parent working,15,9,6
S01011950,Lone parent family: Parent not working,3,3,0
S01011951,All parents aged 16 and over with dependent children,141,61,80
S01011951,Couple family: Total,118,48,70
S01011951,Couple family: Both parents working,84,30,54
S01011951,Couple family: One parent working,32,16,16
S01011951,Couple family: No parents working,2,2,0
S01011951,Lone parent family: Total,23,13,10
S01011951,Lone parent family: Parent working,16,9,7
S01011951,Lone parent family: Parent not working,7,4,3
S01011952,All parents aged 16 and over with dependent children,131,54,77
S01011952,Couple family: Total,128,52,76
S01011952,Couple family: Both parents working,112,48,64
S01011952,Couple family: One parent working,16,4,12
S01011952,Couple family: No parents working,0,0,0
S01011952,Lone parent family: Total,3,2,1
S01011952,Lone parent family: Parent working,1,0,1
S01011952,Lone parent family: Parent not working,2,2,0
S01011953,All parents aged 16 and over with dependent children,172,73,99
S01011953,Couple family: Total,154,64,90
S01011953,Couple family: Both parents working,120,52,68
S01011953,Couple family: One parent working,30,10,20
S01011953,Couple family: No parents working,4,2,2
S01011953,Lone parent family: Total,18,9,9
S01011953,Lone parent family: Parent working,15,6,9
S01011953,Lone parent family: Parent not working,3,3,0
S01011954,All parents aged 16 and over with dependent children,96,42,54
S01011954,Couple family: Total,78,32,46
S01011954,Couple family: Both parents working,52,18,34
S01011954,Couple family: One parent working,26,14,12
S01011954,Couple family: No parents working,0,0,0
S01011954,Lone parent family: Total,18,10,8
S01011954,Lone parent family: Parent working,11,7,4
S01011954,Lone parent family: Parent not working,7,3,4
S01011955,All parents aged 16 and over with dependent children,155,73,82
S01011955,Couple family: Total,130,60,70
S01011955,Couple family: Both parents working,104,48,56
S01011955,Couple family: One parent working,18,8,10
S01011955,Couple family: No parents working,8,4,4
S01011955,Lone parent family: Total,25,13,12
S01011955,Lone parent family: Parent working,19,8,11
S01011955,Lone parent family: Parent not working,6,5,1
S01011956,All parents aged 16 and over with dependent children,280,106,174
S01011956,Couple family: Total,260,98,162
S01011956,Couple family: Both parents working,216,76,140
S01011956,Couple family: One parent working,38,18,20
S01011956,Couple family: No parents working,6,4,2
S01011956,Lone parent family: Total,20,8,12
S01011956,Lone parent family: Parent working,14,4,10
S01011956,Lone parent family: Parent not working,6,4,2
S01011957,All parents aged 16 and over with dependent children,141,53,88
S01011957,Couple family: Total,126,42,84
S01011957,Couple family: Both parents working,80,32,48
S01011957,Couple family: One parent working,46,10,36
S01011957,Couple family: No parents working,0,0,0
S01011957,Lone parent family: Total,15,11,4
S01011957,Lone parent family: Parent working,12,9,3
S01011957,Lone parent family: Parent not working,3,2,1
S01011958,All parents aged 16 and over with dependent children,185,80,105
S01011958,Couple family: Total,166,70,96
S01011958,Couple family: Both parents working,116,46,70
S01011958,Couple family: One parent working,46,20,26
S01011958,Couple family: No parents working,4,4,0
S01011958,Lone parent family: Total,19,10,9
S01011958,Lone parent family: Parent working,14,6,8
S01011958,Lone parent family: Parent not working,5,4,1
S01011959,All parents aged 16 and over with dependent children,172,76,96
S01011959,Couple family: Total,156,66,90
S01011959,Couple family: Both parents working,126,52,74
S01011959,Couple family: One parent working,22,10,12
S01011959,Couple family: No parents working,8,4,4
S01011959,Lone parent family: Total,16,10,6
S01011959,Lone parent family: Parent working,12,8,4
S01011959,Lone parent family: Parent not working,4,2,2
S01011960,All parents aged 16 and over with dependent children,193,84,109
S01011960,Couple family: Total,184,78,106
S01011960,Couple family: Both parents working,150,66,84
S01011960,Couple family: One parent working,32,10,22
S01011960,Couple family: No parents working,2,2,0
S01011960,Lone parent family: Total,9,6,3
S01011960,Lone parent family: Parent working,8,6,2
S01011960,Lone parent family: Parent not working,1,0,1
S01011961,All parents aged 16 and over with dependent children,161,59,102
S01011961,Couple family: Total,134,46,88
S01011961,Couple family: Both parents working,98,38,60
S01011961,Couple family: One parent working,36,8,28
S01011961,Couple family: No parents working,0,0,0
S01011961,Lone parent family: Total,27,13,14
S01011961,Lone parent family: Parent working,26,13,13
S01011961,Lone parent family: Parent not working,1,0,1
S01011962,All parents aged 16 and over with dependent children,172,83,89
S01011962,Couple family: Total,158,76,82
S01011962,Couple family: Both parents working,126,64,62
S01011962,Couple family: One parent working,32,12,20
S01011962,Couple family: No parents working,0,0,0
S01011962,Lone parent family: Total,14,7,7
S01011962,Lone parent family: Parent working,13,7,6
S01011962,Lone parent family: Parent not working,1,0,1
S01011963,All parents aged 16 and over with dependent children,131,60,71
S01011963,Couple family: Total,120,52,68
S01011963,Couple family: Both parents working,94,46,48
S01011963,Couple family: One parent working,24,6,18
S01011963,Couple family: No parents working,2,0,2
S01011963,Lone parent family: Total,11,8,3
S01011963,Lone parent family: Parent working,8,5,3
S01011963,Lone parent family: Parent not working,3,3,0
S01011964,All parents aged 16 and over with dependent children,184,94,90
S01011964,Couple family: Total,160,76,84
S01011964,Couple family: Both parents working,112,52,60
S01011964,Couple family: One parent working,46,24,22
S01011964,Couple family: No parents working,2,0,2
S01011964,Lone parent family: Total,24,18,6
S01011964,Lone parent family: Parent working,18,16,2
S01011964,Lone parent family: Parent not working,6,2,4
S01011965,All parents aged 16 and over with dependent children,150,67,83
S01011965,Couple family: Total,128,54,74
S01011965,Couple family: Both parents working,110,48,62
S01011965,Couple family: One parent working,16,4,12
S01011965,Couple family: No parents working,2,2,0
S01011965,Lone parent family: Total,22,13,9
S01011965,Lone parent family: Parent working,17,9,8
S01011965,Lone parent family: Parent not working,5,4,1
S01011966,All parents aged 16 and over with dependent children,179,58,121
S01011966,Couple family: Total,158,44,114
S01011966,Couple family: Both parents working,128,36,92
S01011966,Couple family: One parent working,26,6,20
S01011966,Couple family: No parents working,4,2,2
S01011966,Lone parent family: Total,21,14,7
S01011966,Lone parent family: Parent working,17,12,5
S01011966,Lone parent family: Parent not working,4,2,2
S01011967,All parents aged 16 and over with dependent children,222,91,131
S01011967,Couple family: Total,204,84,120
S01011967,Couple family: Both parents working,164,68,96
S01011967,Couple family: One parent working,38,16,22
S01011967,Couple family: No parents working,2,0,2
S01011967,Lone parent family: Total,18,7,11
S01011967,Lone parent family: Parent working,12,6,6
S01011967,Lone parent family: Parent not working,6,1,5
S01011968,All parents aged 16 and over with dependent children,203,108,95
S01011968,Couple family: Total,170,84,86
S01011968,Couple family: Both parents working,114,52,62
S01011968,Couple family: One parent working,40,20,20
S01011968,Couple family: No parents working,16,12,4
S01011968,Lone parent family: Total,33,24,9
S01011968,Lone parent family: Parent working,26,20,6
S01011968,Lone parent family: Parent not working,7,4,3
S01011969,All parents aged 16 and over with dependent children,194,90,104
S01011969,Couple family: Total,164,72,92
S01011969,Couple family: Both parents working,114,48,66
S01011969,Couple family: One parent working,48,22,26
S01011969,Couple family: No parents working,2,2,0
S01011969,Lone parent family: Total,30,18,12
S01011969,Lone parent family: Parent working,20,13,7
S01011969,Lone parent family: Parent not working,10,5,5
S01011970,All parents aged 16 and over with dependent children,226,108,118
S01011970,Couple family: Total,178,82,96
S01011970,Couple family: Both parents working,124,62,62
S01011970,Couple family: One parent working,38,18,20
S01011970,Couple family: No parents working,16,2,14
S01011970,Lone parent family: Total,48,26,22
S01011970,Lone parent family: Parent working,31,16,15
S01011970,Lone parent family: Parent not working,17,10,7
S01011971,All parents aged 16 and over with dependent children,135,52,83
S01011971,Couple family: Total,120,42,78
S01011971,Couple family: Both parents working,92,38,54
S01011971,Couple family: One parent working,26,2,24
S01011971,Couple family: No parents working,2,2,0
S01011971,Lone parent family: Total,15,10,5
S01011971,Lone parent family: Parent working,12,8,4
S01011971,Lone parent family: Parent not working,3,2,1
S01011972,All parents aged 16 and over with dependent children,191,99,92
S01011972,Couple family: Total,176,92,84
S01011972,Couple family: Both parents working,132,68,64
S01011972,Couple family: One parent working,40,24,16
S01011972,Couple family: No parents working,4,0,4
S01011972,Lone parent family: Total,15,7,8
S01011972,Lone parent family: Parent working,12,6,6
S01011972,Lone parent family: Parent not working,3,1,2
S01011973,All parents aged 16 and over with dependent children,115,41,74
S01011973,Couple family: Total,104,36,68
S01011973,Couple family: Both parents working,82,32,50
S01011973,Couple family: One parent working,22,4,18
S01011973,Couple family: No parents working,0,0,0
S01011973,Lone parent family: Total,11,5,6
S01011973,Lone parent family: Parent working,8,4,4
S01011973,Lone parent family: Parent not working,3,1,2
S01011974,All parents aged 16 and over with dependent children,141,58,83
S01011974,Couple family: Total,134,54,80
S01011974,Couple family: Both parents working,98,46,52
S01011974,Couple family: One parent working,26,4,22
S01011974,Couple family: No parents working,10,4,6
S01011974,Lone parent family: Total,7,4,3
S01011974,Lone parent family: Parent working,6,3,3
S01011974,Lone parent family: Parent not working,1,1,0
S01011975,All parents aged 16 and over with dependent children,76,46,30
S01011975,Couple family: Total,66,42,24
S01011975,Couple family: Both parents working,48,34,14
S01011975,Couple family: One parent working,14,6,8
S01011975,Couple family: No parents working,4,2,2
S01011975,Lone parent family: Total,10,4,6
S01011975,Lone parent family: Parent working,8,4,4
S01011975,Lone parent family: Parent not working,2,0,2
S01011976,All parents aged 16 and over with dependent children,158,72,86
S01011976,Couple family: Total,136,56,80
S01011976,Couple family: Both parents working,110,48,62
S01011976,Couple family: One parent working,22,6,16
S01011976,Couple family: No parents working,4,2,2
S01011976,Lone parent family: Total,22,16,6
S01011976,Lone parent family: Parent working,14,10,4
S01011976,Lone parent family: Parent not working,8,6,2
S01011977,All parents aged 16 and over with dependent children,202,118,84
S01011977,Couple family: Total,172,104,68
S01011977,Couple family: Both parents working,128,80,48
S01011977,Couple family: One parent working,32,12,20
S01011977,Couple family: No parents working,12,12,0
S01011977,Lone parent family: Total,30,14,16
S01011977,Lone parent family: Parent working,15,9,6
S01011977,Lone parent family: Parent not working,15,5,10
S01011978,All parents aged 16 and over with dependent children,127,59,68
S01011978,Couple family: Total,108,48,60
S01011978,Couple family: Both parents working,80,40,40
S01011978,Couple family: One parent working,22,4,18
S01011978,Couple family: No parents working,6,4,2
S01011978,Lone parent family: Total,19,11,8
S01011978,Lone parent family: Parent working,9,6,3
S01011978,Lone parent family: Parent not working,10,5,5
S01011979,All parents aged 16 and over with dependent children,188,64,124
S01011979,Couple family: Total,180,60,120
S01011979,Couple family: Both parents working,140,44,96
S01011979,Couple family: One parent working,34,12,22
S01011979,Couple family: No parents working,6,4,2
S01011979,Lone parent family: Total,8,4,4
S01011979,Lone parent family: Parent working,7,3,4
S01011979,Lone parent family: Parent not working,1,1,0
S01011980,All parents aged 16 and over with dependent children,76,32,44
S01011980,Couple family: Total,72,30,42
S01011980,Couple family: Both parents working,42,16,26
S01011980,Couple family: One parent working,26,12,14
S01011980,Couple family: No parents working,4,2,2
S01011980,Lone parent family: Total,4,2,2
S01011980,Lone parent family: Parent working,4,2,2
S01011980,Lone parent family: Parent not working,0,0,0
S01011981,All parents aged 16 and over with dependent children,179,86,93
S01011981,Couple family: Total,162,76,86
S01011981,Couple family: Both parents working,116,58,58
S01011981,Couple family: One parent working,36,10,26
S01011981,Couple family: No parents working,10,8,2
S01011981,Lone parent family: Total,17,10,7
S01011981,Lone parent family: Parent working,15,9,6
S01011981,Lone parent family: Parent not working,2,1,1
S01011982,All parents aged 16 and over with dependent children,177,67,110
S01011982,Couple family: Total,158,54,104
S01011982,Couple family: Both parents working,126,40,86
S01011982,Couple family: One parent working,30,12,18
S01011982,Couple family: No parents working,2,2,0
S01011982,Lone parent family: Total,19,13,6
S01011982,Lone parent family: Parent working,15,10,5
S01011982,Lone parent family: Parent not working,4,3,1
S01011983,All parents aged 16 and over with dependent children,85,40,45
S01011983,Couple family: Total,78,34,44
S01011983,Couple family: Both parents working,64,26,38
S01011983,Couple family: One parent working,14,8,6
S01011983,Couple family: No parents working,0,0,0
S01011983,Lone parent family: Total,7,6,1
S01011983,Lone parent family: Parent working,6,5,1
S01011983,Lone parent family: Parent not working,1,1,0
S01011984,All parents aged 16 and over with dependent children,142,77,65
S01011984,Couple family: Total,106,58,48
S01011984,Couple family: Both parents working,78,42,36
S01011984,Couple family: One parent working,18,12,6
S01011984,Couple family: No parents working,10,4,6
S01011984,Lone parent family: Total,36,19,17
S01011984,Lone parent family: Parent working,24,11,13
S01011984,Lone parent family: Parent not working,12,8,4
S01011985,All parents aged 16 and over with dependent children,115,55,60
S01011985,Couple family: Total,102,48,54
S01011985,Couple family: Both parents working,84,40,44
S01011985,Couple family: One parent working,14,4,10
S01011985,Couple family: No parents working,4,4,0
S01011985,Lone parent family: Total,13,7,6
S01011985,Lone parent family: Parent working,9,5,4
S01011985,Lone parent family: Parent not working,4,2,2
S01011986,All parents aged 16 and over with dependent children,145,76,69
S01011986,Couple family: Total,106,44,62
S01011986,Couple family: Both parents working,60,28,32
S01011986,Couple family: One parent working,36,8,28
S01011986,Couple family: No parents working,10,8,2
S01011986,Lone parent family: Total,39,32,7
S01011986,Lone parent family: Parent working,24,19,5
S01011986,Lone parent family: Parent not working,15,13,2
S01011987,All parents aged 16 and over with dependent children,208,102,106
S01011987,Couple family: Total,174,82,92
S01011987,Couple family: Both parents working,126,70,56
S01011987,Couple family: One parent working,42,10,32
S01011987,Couple family: No parents working,6,2,4
S01011987,Lone parent family: Total,34,20,14
S01011987,Lone parent family: Parent working,27,16,11
S01011987,Lone parent family: Parent not working,7,4,3
S01011988,All parents aged 16 and over with dependent children,86,32,54
S01011988,Couple family: Total,84,32,52
S01011988,Couple family: Both parents working,70,30,40
S01011988,Couple family: One parent working,14,2,12
S01011988,Couple family: No parents working,0,0,0
S01011988,Lone parent family: Total,2,0,2
S01011988,Lone parent family: Parent working,2,0,2
S01011988,Lone parent family: Parent not working,0,0,0
S01011989,All parents aged 16 and over with dependent children,174,84,90
S01011989,Couple family: Total,144,66,78
S01011989,Couple family: Both parents working,120,56,64
S01011989,Couple family: One parent working,22,8,14
S01011989,Couple family: No parents working,2,2,0
S01011989,Lone parent family: Total,30,18,12
S01011989,Lone parent family: Parent working,27,16,11
S01011989,Lone parent family: Parent not working,3,2,1
S01011990,All parents aged 16 and over with dependent children,114,45,69
S01011990,Couple family: Total,102,36,66
S01011990,Couple family: Both parents working,80,26,54
S01011990,Couple family: One parent working,18,8,10
S01011990,Couple family: No parents working,4,2,2
S01011990,Lone parent family: Total,12,9,3
S01011990,Lone parent family: Parent working,8,6,2
S01011990,Lone parent family: Parent not working,4,3,1
S01011991,All parents aged 16 and over with dependent children,144,76,68
S01011991,Couple family: Total,122,64,58
S01011991,Couple family: Both parents working,82,44,38
S01011991,Couple family: One parent working,22,14,8
S01011991,Couple family: No parents working,18,6,12
S01011991,Lone parent family: Total,22,12,10
S01011991,Lone parent family: Parent working,12,6,6
S01011991,Lone parent family: Parent not working,10,6,4
S01011992,All parents aged 16 and over with dependent children,174,99,75
S01011992,Couple family: Total,152,86,66
S01011992,Couple family: Both parents working,110,68,42
S01011992,Couple family: One parent working,40,18,22
S01011992,Couple family: No parents working,2,0,2
S01011992,Lone parent family: Total,22,13,9
S01011992,Lone parent family: Parent working,19,11,8
S01011992,Lone parent family: Parent not working,3,2,1
S01011993,All parents aged 16 and over with dependent children,135,68,67
S01011993,Couple family: Total,98,44,54
S01011993,Couple family: Both parents working,72,32,40
S01011993,Couple family: One parent working,20,10,10
S01011993,Couple family: No parents working,6,2,4
S01011993,Lone parent family: Total,37,24,13
S01011993,Lone parent family: Parent working,26,19,7
S01011993,Lone parent family: Parent not working,11,5,6
S01011994,All parents aged 16 and over with dependent children,72,29,43
S01011994,Couple family: Total,68,26,42
S01011994,Couple family: Both parents working,52,20,32
S01011994,Couple family: One parent working,16,6,10
S01011994,Couple family: No parents working,0,0,0
S01011994,Lone parent family: Total,4,3,1
S01011994,Lone parent family: Parent working,4,3,1
S01011994,Lone parent family: Parent not working,0,0,0
S01011995,All parents aged 16 and over with dependent children,179,76,103
S01011995,Couple family: Total,174,74,100
S01011995,Couple family: Both parents working,132,60,72
S01011995,Couple family: One parent working,32,8,24
S01011995,Couple family: No parents working,10,6,4
S01011995,Lone parent family: Total,5,2,3
S01011995,Lone parent family: Parent working,5,2,3
S01011995,Lone parent family: Parent not working,0,0,0
S01011996,All parents aged 16 and over with dependent children,110,56,54
S01011996,Couple family: Total,88,40,48
S01011996,Couple family: Both parents working,72,34,38
S01011996,Couple family: One parent working,10,6,4
S01011996,Couple family: No parents working,6,0,6
S01011996,Lone parent family: Total,22,16,6
S01011996,Lone parent family: Parent working,14,10,4
S01011996,Lone parent family: Parent not working,8,6,2
S01011997,All parents aged 16 and over with dependent children,175,89,86
S01011997,Couple family: Total,136,64,72
S01011997,Couple family: Both parents working,114,58,56
S01011997,Couple family: One parent working,22,6,16
S01011997,Couple family: No parents working,0,0,0
S01011997,Lone parent family: Total,39,25,14
S01011997,Lone parent family: Parent working,28,17,11
S01011997,Lone parent family: Parent not working,11,8,3
S01011998,All parents aged 16 and over with dependent children,124,38,86
S01011998,Couple family: Total,118,36,82
S01011998,Couple family: Both parents working,80,24,56
S01011998,Couple family: One parent working,38,12,26
S01011998,Couple family: No parents working,0,0,0
S01011998,Lone parent family: Total,6,2,4
S01011998,Lone parent family: Parent working,4,2,2
S01011998,Lone parent family: Parent not working,2,0,2
S01011999,All parents aged 16 and over with dependent children,115,45,70
S01011999,Couple family: Total,98,40,58
S01011999,Couple family: Both parents working,88,36,52
S01011999,Couple family: One parent working,6,2,4
S01011999,Couple family: No parents working,4,2,2
S01011999,Lone parent family: Total,17,5,12
S01011999,Lone parent family: Parent working,14,5,9
S01011999,Lone parent family: Parent not working,3,0,3
S01012000,All parents aged 16 and over with dependent children,93,38,55
S01012000,Couple family: Total,86,36,50
S01012000,Couple family: Both parents working,66,28,38
S01012000,Couple family: One parent working,20,8,12
S01012000,Couple family: No parents working,0,0,0
S01012000,Lone parent family: Total,7,2,5
S01012000,Lone parent family: Parent working,6,2,4
S01012000,Lone parent family: Parent not working,1,0,1
S01012001,All parents aged 16 and over with dependent children,130,59,71
S01012001,Couple family: Total,122,54,68
S01012001,Couple family: Both parents working,84,44,40
S01012001,Couple family: One parent working,34,10,24
S01012001,Couple family: No parents working,4,0,4
S01012001,Lone parent family: Total,8,5,3
S01012001,Lone parent family: Parent working,4,2,2
S01012001,Lone parent family: Parent not working,4,3,1
S01012002,All parents aged 16 and over with dependent children,100,52,48
S01012002,Couple family: Total,86,44,42
S01012002,Couple family: Both parents working,74,42,32
S01012002,Couple family: One parent working,12,2,10
S01012002,Couple family: No parents working,0,0,0
S01012002,Lone parent family: Total,14,8,6
S01012002,Lone parent family: Parent working,10,5,5
S01012002,Lone parent family: Parent not working,4,3,1
S01012003,All parents aged 16 and over with dependent children,85,43,42
S01012003,Couple family: Total,72,36,36
S01012003,Couple family: Both parents working,62,32,30
S01012003,Couple family: One parent working,8,2,6
S01012003,Couple family: No parents working,2,2,0
S01012003,Lone parent family: Total,13,7,6
S01012003,Lone parent family: Parent working,7,5,2
S01012003,Lone parent family: Parent not working,6,2,4
S01012004,All parents aged 16 and over with dependent children,166,71,95
S01012004,Couple family: Total,150,60,90
S01012004,Couple family: Both parents working,118,48,70
S01012004,Couple family: One parent working,26,8,18
S01012004,Couple family: No parents working,6,4,2
S01012004,Lone parent family: Total,16,11,5
S01012004,Lone parent family: Parent working,11,8,3
S01012004,Lone parent family: Parent not working,5,3,2
S01012005,All parents aged 16 and over with dependent children,229,86,143
S01012005,Couple family: Total,208,74,134
S01012005,Couple family: Both parents working,180,66,114
S01012005,Couple family: One parent working,26,6,20
S01012005,Couple family: No parents working,2,2,0
S01012005,Lone parent family: Total,21,12,9
S01012005,Lone parent family: Parent working,17,9,8
S01012005,Lone parent family: Parent not working,4,3,1
S01012006,All parents aged 16 and over with dependent children,126,57,69
S01012006,Couple family: Total,120,56,64
S01012006,Couple family: Both parents working,98,48,50
S01012006,Couple family: One parent working,20,8,12
S01012006,Couple family: No parents working,2,0,2
S01012006,Lone parent family: Total,6,1,5
S01012006,Lone parent family: Parent working,4,0,4
S01012006,Lone parent family: Parent not working,2,1,1
S01012007,All parents aged 16 and over with dependent children,125,48,77
S01012007,Couple family: Total,114,42,72
S01012007,Couple family: Both parents working,86,28,58
S01012007,Couple family: One parent working,28,14,14
S01012007,Couple family: No parents working,0,0,0
S01012007,Lone parent family: Total,11,6,5
S01012007,Lone parent family: Parent working,10,6,4
S01012007,Lone parent family: Parent not working,1,0,1
S01012008,All parents aged 16 and over with dependent children,173,61,112
S01012008,Couple family: Total,142,44,98
S01012008,Couple family: Both parents working,112,42,70
S01012008,Couple family: One parent working,28,2,26
S01012008,Couple family: No parents working,2,0,2
S01012008,Lone parent family: Total,31,17,14
S01012008,Lone parent family: Parent working,29,16,13
S01012008,Lone parent family: Parent not working,2,1,1
S01012009,All parents aged 16 and over with dependent children,124,65,59
S01012009,Couple family: Total,104,52,52
S01012009,Couple family: Both parents working,84,38,46
S01012009,Couple family: One parent working,14,10,4
S01012009,Couple family: No parents working,6,4,2
S01012009,Lone parent family: Total,20,13,7
S01012009,Lone parent family: Parent working,10,6,4
S01012009,Lone parent family: Parent not working,10,7,3
S01012010,All parents aged 16 and over with dependent children,170,91,79
S01012010,Couple family: Total,154,78,76
S01012010,Couple family: Both parents working,124,62,62
S01012010,Couple family: One parent working,28,16,12
S01012010,Couple family: No parents working,2,0,2
S01012010,Lone parent family: Total,16,13,3
S01012010,Lone parent family: Parent working,13,11,2
S01012010,Lone parent family: Parent not working,3,2,1
S01012011,All parents aged 16 and over with dependent children,181,88,93
S01012011,Couple family: Total,134,54,80
S01012011,Couple family: Both parents working,108,44,64
S01012011,Couple family: One parent working,20,6,14
S01012011,Couple family: No parents working,6,4,2
S01012011,Lone parent family: Total,47,34,13
S01012011,Lone parent family: Parent working,41,31,10
S01012011,Lone parent family: Parent not working,6,3,3
S01012012,All parents aged 16 and over with dependent children,77,34,43
S01012012,Couple family: Total,70,28,42
S01012012,Couple family: Both parents working,54,22,32
S01012012,Couple family: One parent working,14,6,8
S01012012,Couple family: No parents working,2,0,2
S01012012,Lone parent family: Total,7,6,1
S01012012,Lone parent family: Parent working,4,3,1
S01012012,Lone parent family: Parent not working,3,3,0
S01012013,All parents aged 16 and over with dependent children,103,48,55
S01012013,Couple family: Total,88,38,50
S01012013,Couple family: Both parents working,68,30,38
S01012013,Couple family: One parent working,16,8,8
S01012013,Couple family: No parents working,4,0,4
S01012013,Lone parent family: Total,15,10,5
S01012013,Lone parent family: Parent working,11,6,5
S01012013,Lone parent family: Parent not working,4,4,0
S01012014,All parents aged 16 and over with dependent children,137,51,86
S01012014,Couple family: Total,114,34,80
S01012014,Couple family: Both parents working,86,30,56
S01012014,Couple family: One parent working,24,2,22
S01012014,Couple family: No parents working,4,2,2
S01012014,Lone parent family: Total,23,17,6
S01012014,Lone parent family: Parent working,18,13,5
S01012014,Lone parent family: Parent not working,5,4,1
S01012015,All parents aged 16 and over with dependent children,194,66,128
S01012015,Couple family: Total,158,46,112
S01012015,Couple family: Both parents working,126,34,92
S01012015,Couple family: One parent working,26,6,20
S01012015,Couple family: No parents working,6,6,0
S01012015,Lone parent family: Total,36,20,16
S01012015,Lone parent family: Parent working,26,15,11
S01012015,Lone parent family: Parent not working,10,5,5
S01012016,All parents aged 16 and over with dependent children,127,50,77
S01012016,Couple family: Total,116,42,74
S01012016,Couple family: Both parents working,88,32,56
S01012016,Couple family: One parent working,24,8,16
S01012016,Couple family: No parents working,4,2,2
S01012016,Lone parent family: Total,11,8,3
S01012016,Lone parent family: Parent working,8,5,3
S01012016,Lone parent family: Parent not working,3,3,0
S01012017,All parents aged 16 and over with dependent children,70,17,53
S01012017,Couple family: Total,68,16,52
S01012017,Couple family: Both parents working,46,10,36
S01012017,Couple family: One parent working,16,4,12
S01012017,Couple family: No parents working,6,2,4
S01012017,Lone parent family: Total,2,1,1
S01012017,Lone parent family: Parent working,2,1,1
S01012017,Lone parent family: Parent not working,0,0,0
S01012018,All parents aged 16 and over with dependent children,169,76,93
S01012018,Couple family: Total,146,62,84
S01012018,Couple family: Both parents working,112,48,64
S01012018,Couple family: One parent working,26,10,16
S01012018,Couple family: No parents working,8,4,4
S01012018,Lone parent family: Total,23,14,9
S01012018,Lone parent family: Parent working,19,11,8
S01012018,Lone parent family: Parent not working,4,3,1
S01012019,All parents aged 16 and over with dependent children,213,78,135
S01012019,Couple family: Total,198,68,130
S01012019,Couple family: Both parents working,154,58,96
S01012019,Couple family: One parent working,40,10,30
S01012019,Couple family: No parents working,4,0,4
S01012019,Lone parent family: Total,15,10,5
S01012019,Lone parent family: Parent working,11,8,3
S01012019,Lone parent family: Parent not working,4,2,2
S01012020,All parents aged 16 and over with dependent children,135,54,81
S01012020,Couple family: Total,118,46,72
S01012020,Couple family: Both parents working,98,40,58
S01012020,Couple family: One parent working,18,6,12
S01012020,Couple family: No parents working,2,0,2
S01012020,Lone parent family: Total,17,8,9
S01012020,Lone parent family: Parent working,13,6,7
S01012020,Lone parent family: Parent not working,4,2,2
S01012021,All parents aged 16 and over with dependent children,119,48,71
S01012021,Couple family: Total,106,42,64
S01012021,Couple family: Both parents working,70,28,42
S01012021,Couple family: One parent working,32,14,18
S01012021,Couple family: No parents working,4,0,4
S01012021,Lone parent family: Total,13,6,7
S01012021,Lone parent family: Parent working,9,2,7
S01012021,Lone parent family: Parent not working,4,4,0
S01012022,All parents aged 16 and over with dependent children,153,72,81
S01012022,Couple family: Total,122,50,72
S01012022,Couple family: Both parents working,100,38,62
S01012022,Couple family: One parent working,20,10,10
S01012022,Couple family: No parents working,2,2,0
S01012022,Lone parent family: Total,31,22,9
S01012022,Lone parent family: Parent working,23,17,6
S01012022,Lone parent family: Parent not working,8,5,3
S01012023,All parents aged 16 and over with dependent children,111,42,69
S01012023,Couple family: Total,106,40,66
S01012023,Couple family: Both parents working,88,34,54
S01012023,Couple family: One parent working,14,4,10
S01012023,Couple family: No parents working,4,2,2
S01012023,Lone parent family: Total,5,2,3
S01012023,Lone parent family: Parent working,4,1,3
S01012023,Lone parent family: Parent not working,1,1,0
S01012024,All parents aged 16 and over with dependent children,221,102,119
S01012024,Couple family: Total,198,88,110
S01012024,Couple family: Both parents working,156,68,88
S01012024,Couple family: One parent working,38,18,20
S01012024,Couple family: No parents working,4,2,2
S01012024,Lone parent family: Total,23,14,9
S01012024,Lone parent family: Parent working,17,10,7
S01012024,Lone parent family: Parent not working,6,4,2
S01012025,All parents aged 16 and over with dependent children,151,67,84
S01012025,Couple family: Total,132,52,80
S01012025,Couple family: Both parents working,106,40,66
S01012025,Couple family: One parent working,26,12,14
S01012025,Couple family: No parents working,0,0,0
S01012025,Lone parent family: Total,19,15,4
S01012025,Lone parent family: Parent working,12,10,2
S01012025,Lone parent family: Parent not working,7,5,2
S01012026,All parents aged 16 and over with dependent children,231,95,136
S01012026,Couple family: Total,216,86,130
S01012026,Couple family: Both parents working,186,74,112
S01012026,Couple family: One parent working,28,10,18
S01012026,Couple family: No parents working,2,2,0
S01012026,Lone parent family: Total,15,9,6
S01012026,Lone parent family: Parent working,8,4,4
S01012026,Lone parent family: Parent not working,7,5,2
S01012027,All parents aged 16 and over with dependent children,210,97,113
S01012027,Couple family: Total,198,94,104
S01012027,Couple family: Both parents working,170,82,88
S01012027,Couple family: One parent working,26,10,16
S01012027,Couple family: No parents working,2,2,0
S01012027,Lone parent family: Total,12,3,9
S01012027,Lone parent family: Parent working,4,3,1
S01012027,Lone parent family: Parent not working,8,0,8
S01012028,All parents aged 16 and over with dependent children,204,112,92
S01012028,Couple family: Total,192,108,84
S01012028,Couple family: Both parents working,150,84,66
S01012028,Couple family: One parent working,38,22,16
S01012028,Couple family: No parents working,4,2,2
S01012028,Lone parent family: Total,12,4,8
S01012028,Lone parent family: Parent working,9,4,5
S01012028,Lone parent family: Parent not working,3,0,3
S01012029,All parents aged 16 and over with dependent children,197,107,90
S01012029,Couple family: Total,180,98,82
S01012029,Couple family: Both parents working,140,78,62
S01012029,Couple family: One parent working,38,18,20
S01012029,Couple family: No parents working,2,2,0
S01012029,Lone parent family: Total,17,9,8
S01012029,Lone parent family: Parent working,13,8,5
S01012029,Lone parent family: Parent not working,4,1,3
S01012030,All parents aged 16 and over with dependent children,152,75,77
S01012030,Couple family: Total,140,68,72
S01012030,Couple family: Both parents working,116,62,54
S01012030,Couple family: One parent working,20,2,18
S01012030,Couple family: No parents working,4,4,0
S01012030,Lone parent family: Total,12,7,5
S01012030,Lone parent family: Parent working,11,7,4
S01012030,Lone parent family: Parent not working,1,0,1
S01012031,All parents aged 16 and over with dependent children,111,44,67
S01012031,Couple family: Total,104,40,64
S01012031,Couple family: Both parents working,78,30,48
S01012031,Couple family: One parent working,22,10,12
S01012031,Couple family: No parents working,4,0,4
S01012031,Lone parent family: Total,7,4,3
S01012031,Lone parent family: Parent working,4,3,1
S01012031,Lone parent family: Parent not working,3,1,2
S01012032,All parents aged 16 and over with dependent children,65,31,34
S01012032,Couple family: Total,60,28,32
S01012032,Couple family: Both parents working,44,24,20
S01012032,Couple family: One parent working,14,4,10
S01012032,Couple family: No parents working,2,0,2
S01012032,Lone parent family: Total,5,3,2
S01012032,Lone parent family: Parent working,3,2,1
S01012032,Lone parent family: Parent not working,2,1,1
S01012033,All parents aged 16 and over with dependent children,121,63,58
S01012033,Couple family: Total,106,52,54
S01012033,Couple family: Both parents working,90,42,48
S01012033,Couple family: One parent working,14,8,6
S01012033,Couple family: No parents working,2,2,0
S01012033,Lone parent family: Total,15,11,4
S01012033,Lone parent family: Parent working,9,7,2
S01012033,Lone parent family: Parent not working,6,4,2
S01012034,All parents aged 16 and over with dependent children,168,65,103
S01012034,Couple family: Total,136,46,90
S01012034,Couple family: Both parents working,96,38,58
S01012034,Couple family: One parent working,36,8,28
S01012034,Couple family: No parents working,4,0,4
S01012034,Lone parent family: Total,32,19,13
S01012034,Lone parent family: Parent working,19,11,8
S01012034,Lone parent family: Parent not working,13,8,5
S01012035,All parents aged 16 and over with dependent children,175,83,92
S01012035,Couple family: Total,150,66,84
S01012035,Couple family: Both parents working,108,52,56
S01012035,Couple family: One parent working,34,8,26
S01012035,Couple family: No parents working,8,6,2
S01012035,Lone parent family: Total,25,17,8
S01012035,Lone parent family: Parent working,19,13,6
S01012035,Lone parent family: Parent not working,6,4,2
S01012036,All parents aged 16 and over with dependent children,155,70,85
S01012036,Couple family: Total,138,60,78
S01012036,Couple family: Both parents working,106,46,60
S01012036,Couple family: One parent working,26,10,16
S01012036,Couple family: No parents working,6,4,2
S01012036,Lone parent family: Total,17,10,7
S01012036,Lone parent family: Parent working,14,7,7
S01012036,Lone parent family: Parent not working,3,3,0
S01012037,All parents aged 16 and over with dependent children,230,114,116
S01012037,Couple family: Total,158,82,76
S01012037,Couple family: Both parents working,106,60,46
S01012037,Couple family: One parent working,36,18,18
S01012037,Couple family: No parents working,16,4,12
S01012037,Lone parent family: Total,72,32,40
S01012037,Lone parent family: Parent working,30,13,17
S01012037,Lone parent family: Parent not working,42,19,23
S01012038,All parents aged 16 and over with dependent children,221,94,127
S01012038,Couple family: Total,110,40,70
S01012038,Couple family: Both parents working,48,18,30
S01012038,Couple family: One parent working,46,18,28
S01012038,Couple family: No parents working,16,4,12
S01012038,Lone parent family: Total,111,54,57
S01012038,Lone parent family: Parent working,43,24,19
S01012038,Lone parent family: Parent not working,68,30,38
S01012039,All parents aged 16 and over with dependent children,186,91,95
S01012039,Couple family: Total,144,68,76
S01012039,Couple family: Both parents working,100,48,52
S01012039,Couple family: One parent working,28,16,12
S01012039,Couple family: No parents working,16,4,12
S01012039,Lone parent family: Total,42,23,19
S01012039,Lone parent family: Parent working,21,9,12
S01012039,Lone parent family: Parent not working,21,14,7
S01012040,All parents aged 16 and over with dependent children,151,55,96
S01012040,Couple family: Total,128,44,84
S01012040,Couple family: Both parents working,102,38,64
S01012040,Couple family: One parent working,26,6,20
S01012040,Couple family: No parents working,0,0,0
S01012040,Lone parent family: Total,23,11,12
S01012040,Lone parent family: Parent working,12,8,4
S01012040,Lone parent family: Parent not working,11,3,8
S01012041,All parents aged 16 and over with dependent children,206,84,122
S01012041,Couple family: Total,162,58,104
S01012041,Couple family: Both parents working,124,46,78
S01012041,Couple family: One parent working,26,8,18
S01012041,Couple family: No parents working,12,4,8
S01012041,Lone parent family: Total,44,26,18
S01012041,Lone parent family: Parent working,27,21,6
S01012041,Lone parent family: Parent not working,17,5,12
S01012042,All parents aged 16 and over with dependent children,167,76,91
S01012042,Couple family: Total,122,50,72
S01012042,Couple family: Both parents working,88,38,50
S01012042,Couple family: One parent working,24,8,16
S01012042,Couple family: No parents working,10,4,6
S01012042,Lone parent family: Total,45,26,19
S01012042,Lone parent family: Parent working,29,18,11
S01012042,Lone parent family: Parent not working,16,8,8
S01012043,All parents aged 16 and over with dependent children,211,91,120
S01012043,Couple family: Total,140,58,82
S01012043,Couple family: Both parents working,94,46,48
S01012043,Couple family: One parent working,30,12,18
S01012043,Couple family: No parents working,16,0,16
S01012043,Lone parent family: Total,71,33,38
S01012043,Lone parent family: Parent working,27,13,14
S01012043,Lone parent family: Parent not working,44,20,24
S01012044,All parents aged 16 and over with dependent children,140,75,65
S01012044,Couple family: Total,96,54,42
S01012044,Couple family: Both parents working,62,40,22
S01012044,Couple family: One parent working,20,8,12
S01012044,Couple family: No parents working,14,6,8
S01012044,Lone parent family: Total,44,21,23
S01012044,Lone parent family: Parent working,24,14,10
S01012044,Lone parent family: Parent not working,20,7,13
S01012045,All parents aged 16 and over with dependent children,182,116,66
S01012045,Couple family: Total,136,94,42
S01012045,Couple family: Both parents working,98,70,28
S01012045,Couple family: One parent working,28,20,8
S01012045,Couple family: No parents working,10,4,6
S01012045,Lone parent family: Total,46,22,24
S01012045,Lone parent family: Parent working,18,9,9
S01012045,Lone parent family: Parent not working,28,13,15
S01012046,All parents aged 16 and over with dependent children,120,74,46
S01012046,Couple family: Total,70,44,26
S01012046,Couple family: Both parents working,46,34,12
S01012046,Couple family: One parent working,18,6,12
S01012046,Couple family: No parents working,6,4,2
S01012046,Lone parent family: Total,50,30,20
S01012046,Lone parent family: Parent working,26,15,11
S01012046,Lone parent family: Parent not working,24,15,9
S01012047,All parents aged 16 and over with dependent children,153,101,52
S01012047,Couple family: Total,104,62,42
S01012047,Couple family: Both parents working,82,48,34
S01012047,Couple family: One parent working,16,8,8
S01012047,Couple family: No parents working,6,6,0
S01012047,Lone parent family: Total,49,39,10
S01012047,Lone parent family: Parent working,23,18,5
S01012047,Lone parent family: Parent not working,26,21,5
S01012048,All parents aged 16 and over with dependent children,130,49,81
S01012048,Couple family: Total,80,24,56
S01012048,Couple family: Both parents working,54,20,34
S01012048,Couple family: One parent working,18,2,16
S01012048,Couple family: No parents working,8,2,6
S01012048,Lone parent family: Total,50,25,25
S01012048,Lone parent family: Parent working,22,14,8
S01012048,Lone parent family: Parent not working,28,11,17
S01012049,All parents aged 16 and over with dependent children,111,68,43
S01012049,Couple family: Total,88,54,34
S01012049,Couple family: Both parents working,70,46,24
S01012049,Couple family: One parent working,12,4,8
S01012049,Couple family: No parents working,6,4,2
S01012049,Lone parent family: Total,23,14,9
S01012049,Lone parent family: Parent working,15,10,5
S01012049,Lone parent family: Parent not working,8,4,4
S01012050,All parents aged 16 and over with dependent children,267,146,121
S01012050,Couple family: Total,222,120,102
S01012050,Couple family: Both parents working,190,106,84
S01012050,Couple family: One parent working,26,12,14
S01012050,Couple family: No parents working,6,2,4
S01012050,Lone parent family: Total,45,26,19
S01012050,Lone parent family: Parent working,32,20,12
S01012050,Lone parent family: Parent not working,13,6,7
S01012051,All parents aged 16 and over with dependent children,90,46,44
S01012051,Couple family: Total,74,38,36
S01012051,Couple family: Both parents working,62,32,30
S01012051,Couple family: One parent working,8,4,4
S01012051,Couple family: No parents working,4,2,2
S01012051,Lone parent family: Total,16,8,8
S01012051,Lone parent family: Parent working,10,3,7
S01012051,Lone parent family: Parent not working,6,5,1
S01012052,All parents aged 16 and over with dependent children,141,83,58
S01012052,Couple family: Total,116,68,48
S01012052,Couple family: Both parents working,100,62,38
S01012052,Couple family: One parent working,16,6,10
S01012052,Couple family: No parents working,0,0,0
S01012052,Lone parent family: Total,25,15,10
S01012052,Lone parent family: Parent working,11,9,2
S01012052,Lone parent family: Parent not working,14,6,8
S01012053,All parents aged 16 and over with dependent children,169,91,78
S01012053,Couple family: Total,112,52,60
S01012053,Couple family: Both parents working,68,34,34
S01012053,Couple family: One parent working,36,12,24
S01012053,Couple family: No parents working,8,6,2
S01012053,Lone parent family: Total,57,39,18
S01012053,Lone parent family: Parent working,29,24,5
S01012053,Lone parent family: Parent not working,28,15,13
S01012054,All parents aged 16 and over with dependent children,170,96,74
S01012054,Couple family: Total,96,48,48
S01012054,Couple family: Both parents working,62,30,32
S01012054,Couple family: One parent working,26,14,12
S01012054,Couple family: No parents working,8,4,4
S01012054,Lone parent family: Total,74,48,26
S01012054,Lone parent family: Parent working,36,25,11
S01012054,Lone parent family: Parent not working,38,23,15
S01012055,All parents aged 16 and over with dependent children,155,85,70
S01012055,Couple family: Total,94,54,40
S01012055,Couple family: Both parents working,70,46,24
S01012055,Couple family: One parent working,20,6,14
S01012055,Couple family: No parents working,4,2,2
S01012055,Lone parent family: Total,61,31,30
S01012055,Lone parent family: Parent working,29,19,10
S01012055,Lone parent family: Parent not working,32,12,20
S01012056,All parents aged 16 and over with dependent children,139,66,73
S01012056,Couple family: Total,118,52,66
S01012056,Couple family: Both parents working,98,46,52
S01012056,Couple family: One parent working,14,4,10
S01012056,Couple family: No parents working,6,2,4
S01012056,Lone parent family: Total,21,14,7
S01012056,Lone parent family: Parent working,17,12,5
S01012056,Lone parent family: Parent not working,4,2,2
S01012057,All parents aged 16 and over with dependent children,151,78,73
S01012057,Couple family: Total,136,70,66
S01012057,Couple family: Both parents working,110,58,52
S01012057,Couple family: One parent working,24,12,12
S01012057,Couple family: No parents working,2,0,2
S01012057,Lone parent family: Total,15,8,7
S01012057,Lone parent family: Parent working,11,6,5
S01012057,Lone parent family: Parent not working,4,2,2
S01012058,All parents aged 16 and over with dependent children,131,63,68
S01012058,Couple family: Total,114,54,60
S01012058,Couple family: Both parents working,94,44,50
S01012058,Couple family: One parent working,16,6,10
S01012058,Couple family: No parents working,4,4,0
S01012058,Lone parent family: Total,17,9,8
S01012058,Lone parent family: Parent working,11,6,5
S01012058,Lone parent family: Parent not working,6,3,3
S01012059,All parents aged 16 and over with dependent children,148,72,76
S01012059,Couple family: Total,100,50,50
S01012059,Couple family: Both parents working,70,34,36
S01012059,Couple family: One parent working,22,10,12
S01012059,Couple family: No parents working,8,6,2
S01012059,Lone parent family: Total,48,22,26
S01012059,Lone parent family: Parent working,24,18,6
S01012059,Lone parent family: Parent not working,24,4,20
S01012060,All parents aged 16 and over with dependent children,162,76,86
S01012060,Couple family: Total,120,48,72
S01012060,Couple family: Both parents working,90,36,54
S01012060,Couple family: One parent working,22,8,14
S01012060,Couple family: No parents working,8,4,4
S01012060,Lone parent family: Total,42,28,14
S01012060,Lone parent family: Parent working,21,17,4
S01012060,Lone parent family: Parent not working,21,11,10
S01012061,All parents aged 16 and over with dependent children,183,94,89
S01012061,Couple family: Total,154,78,76
S01012061,Couple family: Both parents working,114,62,52
S01012061,Couple family: One parent working,38,14,24
S01012061,Couple family: No parents working,2,2,0
S01012061,Lone parent family: Total,29,16,13
S01012061,Lone parent family: Parent working,16,11,5
S01012061,Lone parent family: Parent not working,13,5,8
S01012062,All parents aged 16 and over with dependent children,204,99,105
S01012062,Couple family: Total,182,88,94
S01012062,Couple family: Both parents working,144,64,80
S01012062,Couple family: One parent working,34,20,14
S01012062,Couple family: No parents working,4,4,0
S01012062,Lone parent family: Total,22,11,11
S01012062,Lone parent family: Parent working,20,10,10
S01012062,Lone parent family: Parent not working,2,1,1
S01012063,All parents aged 16 and over with dependent children,145,70,75
S01012063,Couple family: Total,120,56,64
S01012063,Couple family: Both parents working,92,48,44
S01012063,Couple family: One parent working,24,6,18
S01012063,Couple family: No parents working,4,2,2
S01012063,Lone parent family: Total,25,14,11
S01012063,Lone parent family: Parent working,12,7,5
S01012063,Lone parent family: Parent not working,13,7,6
S01012064,All parents aged 16 and over with dependent children,168,84,84
S01012064,Couple family: Total,100,42,58
S01012064,Couple family: Both parents working,54,22,32
S01012064,Couple family: One parent working,18,10,8
S01012064,Couple family: No parents working,28,10,18
S01012064,Lone parent family: Total,68,42,26
S01012064,Lone parent family: Parent working,21,15,6
S01012064,Lone parent family: Parent not working,47,27,20
S01012065,All parents aged 16 and over with dependent children,151,60,91
S01012065,Couple family: Total,76,28,48
S01012065,Couple family: Both parents working,42,16,26
S01012065,Couple family: One parent working,14,6,8
S01012065,Couple family: No parents working,20,6,14
S01012065,Lone parent family: Total,75,32,43
S01012065,Lone parent family: Parent working,23,16,7
S01012065,Lone parent family: Parent not working,52,16,36
S01012066,All parents aged 16 and over with dependent children,208,111,97
S01012066,Couple family: Total,132,64,68
S01012066,Couple family: Both parents working,74,42,32
S01012066,Couple family: One parent working,50,18,32
S01012066,Couple family: No parents working,8,4,4
S01012066,Lone parent family: Total,76,47,29
S01012066,Lone parent family: Parent working,34,20,14
S01012066,Lone parent family: Parent not working,42,27,15
S01012067,All parents aged 16 and over with dependent children,115,66,49
S01012067,Couple family: Total,58,28,30
S01012067,Couple family: Both parents working,32,22,10
S01012067,Couple family: One parent working,16,4,12
S01012067,Couple family: No parents working,10,2,8
S01012067,Lone parent family: Total,57,38,19
S01012067,Lone parent family: Parent working,23,18,5
S01012067,Lone parent family: Parent not working,34,20,14
S01012068,All parents aged 16 and over with dependent children,107,66,41
S01012068,Couple family: Total,54,30,24
S01012068,Couple family: Both parents working,20,12,8
S01012068,Couple family: One parent working,24,12,12
S01012068,Couple family: No parents working,10,6,4
S01012068,Lone parent family: Total,53,36,17
S01012068,Lone parent family: Parent working,15,13,2
S01012068,Lone parent family: Parent not working,38,23,15
S01012069,All parents aged 16 and over with dependent children,83,57,26
S01012069,Couple family: Total,46,34,12
S01012069,Couple family: Both parents working,34,26,8
S01012069,Couple family: One parent working,6,4,2
S01012069,Couple family: No parents working,6,4,2
S01012069,Lone parent family: Total,37,23,14
S01012069,Lone parent family: Parent working,19,13,6
S01012069,Lone parent family: Parent not working,18,10,8
S01012070,All parents aged 16 and over with dependent children,86,54,32
S01012070,Couple family: Total,44,32,12
S01012070,Couple family: Both parents working,10,8,2
S01012070,Couple family: One parent working,22,16,6
S01012070,Couple family: No parents working,12,8,4
S01012070,Lone parent family: Total,42,22,20
S01012070,Lone parent family: Parent working,12,7,5
S01012070,Lone parent family: Parent not working,30,15,15
S01012071,All parents aged 16 and over with dependent children,140,86,54
S01012071,Couple family: Total,74,42,32
S01012071,Couple family: Both parents working,44,28,16
S01012071,Couple family: One parent working,26,14,12
S01012071,Couple family: No parents working,4,0,4
S01012071,Lone parent family: Total,66,44,22
S01012071,Lone parent family: Parent working,32,22,10
S01012071,Lone parent family: Parent not working,34,22,12
S01012072,All parents aged 16 and over with dependent children,139,75,64
S01012072,Couple family: Total,94,44,50
S01012072,Couple family: Both parents working,64,28,36
S01012072,Couple family: One parent working,18,6,12
S01012072,Couple family: No parents working,12,10,2
S01012072,Lone parent family: Total,45,31,14
S01012072,Lone parent family: Parent working,15,14,1
S01012072,Lone parent family: Parent not working,30,17,13
S01012073,All parents aged 16 and over with dependent children,177,99,78
S01012073,Couple family: Total,140,74,66
S01012073,Couple family: Both parents working,112,60,52
S01012073,Couple family: One parent working,24,14,10
S01012073,Couple family: No parents working,4,0,4
S01012073,Lone parent family: Total,37,25,12
S01012073,Lone parent family: Parent working,20,14,6
S01012073,Lone parent family: Parent not working,17,11,6
S01012074,All parents aged 16 and over with dependent children,166,87,79
S01012074,Couple family: Total,146,74,72
S01012074,Couple family: Both parents working,118,60,58
S01012074,Couple family: One parent working,24,14,10
S01012074,Couple family: No parents working,4,0,4
S01012074,Lone parent family: Total,20,13,7
S01012074,Lone parent family: Parent working,17,12,5
S01012074,Lone parent family: Parent not working,3,1,2
S01012075,All parents aged 16 and over with dependent children,221,115,106
S01012075,Couple family: Total,204,106,98
S01012075,Couple family: Both parents working,180,94,86
S01012075,Couple family: One parent working,24,12,12
S01012075,Couple family: No parents working,0,0,0
S01012075,Lone parent family: Total,17,9,8
S01012075,Lone parent family: Parent working,16,8,8
S01012075,Lone parent family: Parent not working,1,1,0
S01012076,All parents aged 16 and over with dependent children,135,71,64
S01012076,Couple family: Total,110,56,54
S01012076,Couple family: Both parents working,90,44,46
S01012076,Couple family: One parent working,20,12,8
S01012076,Couple family: No parents working,0,0,0
S01012076,Lone parent family: Total,25,15,10
S01012076,Lone parent family: Parent working,11,6,5
S01012076,Lone parent family: Parent not working,14,9,5
S01012077,All parents aged 16 and over with dependent children,157,88,69
S01012077,Couple family: Total,96,48,48
S01012077,Couple family: Both parents working,78,40,38
S01012077,Couple family: One parent working,10,4,6
S01012077,Couple family: No parents working,8,4,4
S01012077,Lone parent family: Total,61,40,21
S01012077,Lone parent family: Parent working,22,19,3
S01012077,Lone parent family: Parent not working,39,21,18
S01012078,All parents aged 16 and over with dependent children,219,94,125
S01012078,Couple family: Total,180,72,108
S01012078,Couple family: Both parents working,140,58,82
S01012078,Couple family: One parent working,38,14,24
S01012078,Couple family: No parents working,2,0,2
S01012078,Lone parent family: Total,39,22,17
S01012078,Lone parent family: Parent working,21,15,6
S01012078,Lone parent family: Parent not working,18,7,11
S01012079,All parents aged 16 and over with dependent children,159,75,84
S01012079,Couple family: Total,112,54,58
S01012079,Couple family: Both parents working,74,38,36
S01012079,Couple family: One parent working,28,8,20
S01012079,Couple family: No parents working,10,8,2
S01012079,Lone parent family: Total,47,21,26
S01012079,Lone parent family: Parent working,24,14,10
S01012079,Lone parent family: Parent not working,23,7,16
S01012080,All parents aged 16 and over with dependent children,224,119,105
S01012080,Couple family: Total,126,64,62
S01012080,Couple family: Both parents working,62,32,30
S01012080,Couple family: One parent working,36,18,18
S01012080,Couple family: No parents working,28,14,14
S01012080,Lone parent family: Total,98,55,43
S01012080,Lone parent family: Parent working,44,32,12
S01012080,Lone parent family: Parent not working,54,23,31
S01012081,All parents aged 16 and over with dependent children,136,67,69
S01012081,Couple family: Total,80,40,40
S01012081,Couple family: Both parents working,58,32,26
S01012081,Couple family: One parent working,14,6,8
S01012081,Couple family: No parents working,8,2,6
S01012081,Lone parent family: Total,56,27,29
S01012081,Lone parent family: Parent working,27,17,10
S01012081,Lone parent family: Parent not working,29,10,19
S01012082,All parents aged 16 and over with dependent children,106,63,43
S01012082,Couple family: Total,66,42,24
S01012082,Couple family: Both parents working,42,28,14
S01012082,Couple family: One parent working,18,12,6
S01012082,Couple family: No parents working,6,2,4
S01012082,Lone parent family: Total,40,21,19
S01012082,Lone parent family: Parent working,14,7,7
S01012082,Lone parent family: Parent not working,26,14,12
S01012083,All parents aged 16 and over with dependent children,120,64,56
S01012083,Couple family: Total,78,28,50
S01012083,Couple family: Both parents working,44,22,22
S01012083,Couple family: One parent working,26,4,22
S01012083,Couple family: No parents working,8,2,6
S01012083,Lone parent family: Total,42,36,6
S01012083,Lone parent family: Parent working,24,21,3
S01012083,Lone parent family: Parent not working,18,15,3
S01012084,All parents aged 16 and over with dependent children,118,58,60
S01012084,Couple family: Total,100,46,54
S01012084,Couple family: Both parents working,84,42,42
S01012084,Couple family: One parent working,10,2,8
S01012084,Couple family: No parents working,6,2,4
S01012084,Lone parent family: Total,18,12,6
S01012084,Lone parent family: Parent working,13,8,5
S01012084,Lone parent family: Parent not working,5,4,1
S01012085,All parents aged 16 and over with dependent children,110,50,60
S01012085,Couple family: Total,98,42,56
S01012085,Couple family: Both parents working,74,32,42
S01012085,Couple family: One parent working,18,6,12
S01012085,Couple family: No parents working,6,4,2
S01012085,Lone parent family: Total,12,8,4
S01012085,Lone parent family: Parent working,7,5,2
S01012085,Lone parent family: Parent not working,5,3,2
S01012086,All parents aged 16 and over with dependent children,172,100,72
S01012086,Couple family: Total,106,62,44
S01012086,Couple family: Both parents working,78,44,34
S01012086,Couple family: One parent working,18,16,2
S01012086,Couple family: No parents working,10,2,8
S01012086,Lone parent family: Total,66,38,28
S01012086,Lone parent family: Parent working,36,23,13
S01012086,Lone parent family: Parent not working,30,15,15
S01012087,All parents aged 16 and over with dependent children,130,76,54
S01012087,Couple family: Total,86,52,34
S01012087,Couple family: Both parents working,64,40,24
S01012087,Couple family: One parent working,18,10,8
S01012087,Couple family: No parents working,4,2,2
S01012087,Lone parent family: Total,44,24,20
S01012087,Lone parent family: Parent working,31,18,13
S01012087,Lone parent family: Parent not working,13,6,7
S01012088,All parents aged 16 and over with dependent children,222,94,128
S01012088,Couple family: Total,200,84,116
S01012088,Couple family: Both parents working,150,64,86
S01012088,Couple family: One parent working,42,18,24
S01012088,Couple family: No parents working,8,2,6
S01012088,Lone parent family: Total,22,10,12
S01012088,Lone parent family: Parent working,19,9,10
S01012088,Lone parent family: Parent not working,3,1,2
S01012089,All parents aged 16 and over with dependent children,179,82,97
S01012089,Couple family: Total,160,68,92
S01012089,Couple family: Both parents working,142,64,78
S01012089,Couple family: One parent working,14,4,10
S01012089,Couple family: No parents working,4,0,4
S01012089,Lone parent family: Total,19,14,5
S01012089,Lone parent family: Parent working,13,9,4
S01012089,Lone parent family: Parent not working,6,5,1
S01012090,All parents aged 16 and over with dependent children,167,68,99
S01012090,Couple family: Total,158,66,92
S01012090,Couple family: Both parents working,122,52,70
S01012090,Couple family: One parent working,28,8,20
S01012090,Couple family: No parents working,8,6,2
S01012090,Lone parent family: Total,9,2,7
S01012090,Lone parent family: Parent working,4,2,2
S01012090,Lone parent family: Parent not working,5,0,5
S01012091,All parents aged 16 and over with dependent children,103,68,35
S01012091,Couple family: Total,86,58,28
S01012091,Couple family: Both parents working,82,54,28
S01012091,Couple family: One parent working,2,2,0
S01012091,Couple family: No parents working,2,2,0
S01012091,Lone parent family: Total,17,10,7
S01012091,Lone parent family: Parent working,15,9,6
S01012091,Lone parent family: Parent not working,2,1,1
S01012092,All parents aged 16 and over with dependent children,87,29,58
S01012092,Couple family: Total,78,24,54
S01012092,Couple family: Both parents working,62,22,40
S01012092,Couple family: One parent working,16,2,14
S01012092,Couple family: No parents working,0,0,0
S01012092,Lone parent family: Total,9,5,4
S01012092,Lone parent family: Parent working,7,4,3
S01012092,Lone parent family: Parent not working,2,1,1
S01012093,All parents aged 16 and over with dependent children,82,55,27
S01012093,Couple family: Total,74,50,24
S01012093,Couple family: Both parents working,58,38,20
S01012093,Couple family: One parent working,16,12,4
S01012093,Couple family: No parents working,0,0,0
S01012093,Lone parent family: Total,8,5,3
S01012093,Lone parent family: Parent working,5,3,2
S01012093,Lone parent family: Parent not working,3,2,1
S01012094,All parents aged 16 and over with dependent children,136,56,80
S01012094,Couple family: Total,126,50,76
S01012094,Couple family: Both parents working,106,42,64
S01012094,Couple family: One parent working,18,6,12
S01012094,Couple family: No parents working,2,2,0
S01012094,Lone parent family: Total,10,6,4
S01012094,Lone parent family: Parent working,9,5,4
S01012094,Lone parent family: Parent not working,1,1,0
S01012095,All parents aged 16 and over with dependent children,277,136,141
S01012095,Couple family: Total,226,104,122
S01012095,Couple family: Both parents working,178,84,94
S01012095,Couple family: One parent working,36,18,18
S01012095,Couple family: No parents working,12,2,10
S01012095,Lone parent family: Total,51,32,19
S01012095,Lone parent family: Parent working,27,17,10
S01012095,Lone parent family: Parent not working,24,15,9
S01012096,All parents aged 16 and over with dependent children,162,89,73
S01012096,Couple family: Total,112,58,54
S01012096,Couple family: Both parents working,80,42,38
S01012096,Couple family: One parent working,30,14,16
S01012096,Couple family: No parents working,2,2,0
S01012096,Lone parent family: Total,50,31,19
S01012096,Lone parent family: Parent working,31,18,13
S01012096,Lone parent family: Parent not working,19,13,6
S01012097,All parents aged 16 and over with dependent children,148,65,83
S01012097,Couple family: Total,106,44,62
S01012097,Couple family: Both parents working,60,26,34
S01012097,Couple family: One parent working,36,16,20
S01012097,Couple family: No parents working,10,2,8
S01012097,Lone parent family: Total,42,21,21
S01012097,Lone parent family: Parent working,24,15,9
S01012097,Lone parent family: Parent not working,18,6,12
S01012098,All parents aged 16 and over with dependent children,131,72,59
S01012098,Couple family: Total,82,46,36
S01012098,Couple family: Both parents working,62,36,26
S01012098,Couple family: One parent working,16,8,8
S01012098,Couple family: No parents working,4,2,2
S01012098,Lone parent family: Total,49,26,23
S01012098,Lone parent family: Parent working,30,16,14
S01012098,Lone parent family: Parent not working,19,10,9
S01012099,All parents aged 16 and over with dependent children,158,94,64
S01012099,Couple family: Total,106,60,46
S01012099,Couple family: Both parents working,58,30,28
S01012099,Couple family: One parent working,30,16,14
S01012099,Couple family: No parents working,18,14,4
S01012099,Lone parent family: Total,52,34,18
S01012099,Lone parent family: Parent working,34,22,12
S01012099,Lone parent family: Parent not working,18,12,6
S01012100,All parents aged 16 and over with dependent children,191,70,121
S01012100,Couple family: Total,132,36,96
S01012100,Couple family: Both parents working,100,26,74
S01012100,Couple family: One parent working,22,8,14
S01012100,Couple family: No parents working,10,2,8
S01012100,Lone parent family: Total,59,34,25
S01012100,Lone parent family: Parent working,33,21,12
S01012100,Lone parent family: Parent not working,26,13,13
S01012101,All parents aged 16 and over with dependent children,160,66,94
S01012101,Couple family: Total,148,60,88
S01012101,Couple family: Both parents working,134,52,82
S01012101,Couple family: One parent working,14,8,6
S01012101,Couple family: No parents working,0,0,0
S01012101,Lone parent family: Total,12,6,6
S01012101,Lone parent family: Parent working,9,4,5
S01012101,Lone parent family: Parent not working,3,2,1
S01012102,All parents aged 16 and over with dependent children,159,85,74
S01012102,Couple family: Total,90,46,44
S01012102,Couple family: Both parents working,52,34,18
S01012102,Couple family: One parent working,26,6,20
S01012102,Couple family: No parents working,12,6,6
S01012102,Lone parent family: Total,69,39,30
S01012102,Lone parent family: Parent working,38,24,14
S01012102,Lone parent family: Parent not working,31,15,16
S01012103,All parents aged 16 and over with dependent children,203,108,95
S01012103,Couple family: Total,162,86,76
S01012103,Couple family: Both parents working,128,68,60
S01012103,Couple family: One parent working,28,14,14
S01012103,Couple family: No parents working,6,4,2
S01012103,Lone parent family: Total,41,22,19
S01012103,Lone parent family: Parent working,28,19,9
S01012103,Lone parent family: Parent not working,13,3,10
S01012104,All parents aged 16 and over with dependent children,282,115,167
S01012104,Couple family: Total,256,100,156
S01012104,Couple family: Both parents working,192,82,110
S01012104,Couple family: One parent working,58,14,44
S01012104,Couple family: No parents working,6,4,2
S01012104,Lone parent family: Total,26,15,11
S01012104,Lone parent family: Parent working,18,11,7
S01012104,Lone parent family: Parent not working,8,4,4
S01012105,All parents aged 16 and over with dependent children,220,96,124
S01012105,Couple family: Total,190,78,112
S01012105,Couple family: Both parents working,162,72,90
S01012105,Couple family: One parent working,28,6,22
S01012105,Couple family: No parents working,0,0,0
S01012105,Lone parent family: Total,30,18,12
S01012105,Lone parent family: Parent working,20,13,7
S01012105,Lone parent family: Parent not working,10,5,5
S01012106,All parents aged 16 and over with dependent children,264,132,132
S01012106,Couple family: Total,244,120,124
S01012106,Couple family: Both parents working,208,98,110
S01012106,Couple family: One parent working,30,20,10
S01012106,Couple family: No parents working,6,2,4
S01012106,Lone parent family: Total,20,12,8
S01012106,Lone parent family: Parent working,8,6,2
S01012106,Lone parent family: Parent not working,12,6,6
S01012107,All parents aged 16 and over with dependent children,124,49,75
S01012107,Couple family: Total,118,44,74
S01012107,Couple family: Both parents working,92,30,62
S01012107,Couple family: One parent working,24,12,12
S01012107,Couple family: No parents working,2,2,0
S01012107,Lone parent family: Total,6,5,1
S01012107,Lone parent family: Parent working,4,4,0
S01012107,Lone parent family: Parent not working,2,1,1
S01012108,All parents aged 16 and over with dependent children,63,35,28
S01012108,Couple family: Total,44,22,22
S01012108,Couple family: Both parents working,30,18,12
S01012108,Couple family: One parent working,12,2,10
S01012108,Couple family: No parents working,2,2,0
S01012108,Lone parent family: Total,19,13,6
S01012108,Lone parent family: Parent working,10,7,3
S01012108,Lone parent family: Parent not working,9,6,3
S01012109,All parents aged 16 and over with dependent children,158,100,58
S01012109,Couple family: Total,86,46,40
S01012109,Couple family: Both parents working,54,28,26
S01012109,Couple family: One parent working,24,10,14
S01012109,Couple family: No parents working,8,8,0
S01012109,Lone parent family: Total,72,54,18
S01012109,Lone parent family: Parent working,31,26,5
S01012109,Lone parent family: Parent not working,41,28,13
S01012110,All parents aged 16 and over with dependent children,80,54,26
S01012110,Couple family: Total,54,32,22
S01012110,Couple family: Both parents working,38,22,16
S01012110,Couple family: One parent working,10,8,2
S01012110,Couple family: No parents working,6,2,4
S01012110,Lone parent family: Total,26,22,4
S01012110,Lone parent family: Parent working,17,15,2
S01012110,Lone parent family: Parent not working,9,7,2
S01012111,All parents aged 16 and over with dependent children,97,47,50
S01012111,Couple family: Total,68,34,34
S01012111,Couple family: Both parents working,50,28,22
S01012111,Couple family: One parent working,12,2,10
S01012111,Couple family: No parents working,6,4,2
S01012111,Lone parent family: Total,29,13,16
S01012111,Lone parent family: Parent working,15,8,7
S01012111,Lone parent family: Parent not working,14,5,9
S01012112,All parents aged 16 and over with dependent children,88,55,33
S01012112,Couple family: Total,72,40,32
S01012112,Couple family: Both parents working,58,32,26
S01012112,Couple family: One parent working,12,6,6
S01012112,Couple family: No parents working,2,2,0
S01012112,Lone parent family: Total,16,15,1
S01012112,Lone parent family: Parent working,11,11,0
S01012112,Lone parent family: Parent not working,5,4,1
S01012113,All parents aged 16 and over with dependent children,175,90,85
S01012113,Couple family: Total,152,76,76
S01012113,Couple family: Both parents working,112,58,54
S01012113,Couple family: One parent working,34,16,18
S01012113,Couple family: No parents working,6,2,4
S01012113,Lone parent family: Total,23,14,9
S01012113,Lone parent family: Parent working,19,12,7
S01012113,Lone parent family: Parent not working,4,2,2
S01012114,All parents aged 16 and over with dependent children,182,88,94
S01012114,Couple family: Total,164,80,84
S01012114,Couple family: Both parents working,152,74,78
S01012114,Couple family: One parent working,10,4,6
S01012114,Couple family: No parents working,2,2,0
S01012114,Lone parent family: Total,18,8,10
S01012114,Lone parent family: Parent working,12,7,5
S01012114,Lone parent family: Parent not working,6,1,5
S01012115,All parents aged 16 and over with dependent children,97,47,50
S01012115,Couple family: Total,70,30,40
S01012115,Couple family: Both parents working,54,22,32
S01012115,Couple family: One parent working,12,4,8
S01012115,Couple family: No parents working,4,4,0
S01012115,Lone parent family: Total,27,17,10
S01012115,Lone parent family: Parent working,20,13,7
S01012115,Lone parent family: Parent not working,7,4,3
S01012116,All parents aged 16 and over with dependent children,126,74,52
S01012116,Couple family: Total,102,56,46
S01012116,Couple family: Both parents working,82,44,38
S01012116,Couple family: One parent working,18,12,6
S01012116,Couple family: No parents working,2,0,2
S01012116,Lone parent family: Total,24,18,6
S01012116,Lone parent family: Parent working,19,14,5
S01012116,Lone parent family: Parent not working,5,4,1
S01012117,All parents aged 16 and over with dependent children,290,132,158
S01012117,Couple family: Total,276,124,152
S01012117,Couple family: Both parents working,242,110,132
S01012117,Couple family: One parent working,30,14,16
S01012117,Couple family: No parents working,4,0,4
S01012117,Lone parent family: Total,14,8,6
S01012117,Lone parent family: Parent working,9,5,4
S01012117,Lone parent family: Parent not working,5,3,2
S01012118,All parents aged 16 and over with dependent children,194,68,126
S01012118,Couple family: Total,180,60,120
S01012118,Couple family: Both parents working,156,52,104
S01012118,Couple family: One parent working,20,6,14
S01012118,Couple family: No parents working,4,2,2
S01012118,Lone parent family: Total,14,8,6
S01012118,Lone parent family: Parent working,12,8,4
S01012118,Lone parent family: Parent not working,2,0,2
S01012119,All parents aged 16 and over with dependent children,211,88,123
S01012119,Couple family: Total,194,78,116
S01012119,Couple family: Both parents working,166,70,96
S01012119,Couple family: One parent working,22,4,18
S01012119,Couple family: No parents working,6,4,2
S01012119,Lone parent family: Total,17,10,7
S01012119,Lone parent family: Parent working,13,7,6
S01012119,Lone parent family: Parent not working,4,3,1
S01012120,All parents aged 16 and over with dependent children,123,63,60
S01012120,Couple family: Total,86,44,42
S01012120,Couple family: Both parents working,60,34,26
S01012120,Couple family: One parent working,18,10,8
S01012120,Couple family: No parents working,8,0,8
S01012120,Lone parent family: Total,37,19,18
S01012120,Lone parent family: Parent working,17,10,7
S01012120,Lone parent family: Parent not working,20,9,11
S01012121,All parents aged 16 and over with dependent children,182,100,82
S01012121,Couple family: Total,126,70,56
S01012121,Couple family: Both parents working,68,40,28
S01012121,Couple family: One parent working,44,22,22
S01012121,Couple family: No parents working,14,8,6
S01012121,Lone parent family: Total,56,30,26
S01012121,Lone parent family: Parent working,27,12,15
S01012121,Lone parent family: Parent not working,29,18,11
S01012122,All parents aged 16 and over with dependent children,126,66,60
S01012122,Couple family: Total,94,46,48
S01012122,Couple family: Both parents working,70,32,38
S01012122,Couple family: One parent working,18,10,8
S01012122,Couple family: No parents working,6,4,2
S01012122,Lone parent family: Total,32,20,12
S01012122,Lone parent family: Parent working,20,13,7
S01012122,Lone parent family: Parent not working,12,7,5
S01012123,All parents aged 16 and over with dependent children,98,51,47
S01012123,Couple family: Total,80,42,38
S01012123,Couple family: Both parents working,64,32,32
S01012123,Couple family: One parent working,12,8,4
S01012123,Couple family: No parents working,4,2,2
S01012123,Lone parent family: Total,18,9,9
S01012123,Lone parent family: Parent working,12,7,5
S01012123,Lone parent family: Parent not working,6,2,4
S01012124,All parents aged 16 and over with dependent children,84,58,26
S01012124,Couple family: Total,62,40,22
S01012124,Couple family: Both parents working,42,26,16
S01012124,Couple family: One parent working,16,12,4
S01012124,Couple family: No parents working,4,2,2
S01012124,Lone parent family: Total,22,18,4
S01012124,Lone parent family: Parent working,16,13,3
S01012124,Lone parent family: Parent not working,6,5,1
S01012125,All parents aged 16 and over with dependent children,122,79,43
S01012125,Couple family: Total,64,42,22
S01012125,Couple family: Both parents working,28,18,10
S01012125,Couple family: One parent working,24,18,6
S01012125,Couple family: No parents working,12,6,6
S01012125,Lone parent family: Total,58,37,21
S01012125,Lone parent family: Parent working,27,22,5
S01012125,Lone parent family: Parent not working,31,15,16
S01012126,All parents aged 16 and over with dependent children,136,57,79
S01012126,Couple family: Total,114,44,70
S01012126,Couple family: Both parents working,94,34,60
S01012126,Couple family: One parent working,14,10,4
S01012126,Couple family: No parents working,6,0,6
S01012126,Lone parent family: Total,22,13,9
S01012126,Lone parent family: Parent working,16,9,7
S01012126,Lone parent family: Parent not working,6,4,2
S01012127,All parents aged 16 and over with dependent children,102,63,39
S01012127,Couple family: Total,66,40,26
S01012127,Couple family: Both parents working,30,20,10
S01012127,Couple family: One parent working,20,14,6
S01012127,Couple family: No parents working,16,6,10
S01012127,Lone parent family: Total,36,23,13
S01012127,Lone parent family: Parent working,17,13,4
S01012127,Lone parent family: Parent not working,19,10,9
S01012128,All parents aged 16 and over with dependent children,89,62,27
S01012128,Couple family: Total,44,34,10
S01012128,Couple family: Both parents working,36,26,10
S01012128,Couple family: One parent working,4,4,0
S01012128,Couple family: No parents working,4,4,0
S01012128,Lone parent family: Total,45,28,17
S01012128,Lone parent family: Parent working,17,10,7
S01012128,Lone parent family: Parent not working,28,18,10
S01012129,All parents aged 16 and over with dependent children,80,59,21
S01012129,Couple family: Total,44,30,14
S01012129,Couple family: Both parents working,34,20,14
S01012129,Couple family: One parent working,6,6,0
S01012129,Couple family: No parents working,4,4,0
S01012129,Lone parent family: Total,36,29,7
S01012129,Lone parent family: Parent working,17,13,4
S01012129,Lone parent family: Parent not working,19,16,3
S01012130,All parents aged 16 and over with dependent children,113,77,36
S01012130,Couple family: Total,94,66,28
S01012130,Couple family: Both parents working,76,50,26
S01012130,Couple family: One parent working,8,6,2
S01012130,Couple family: No parents working,10,10,0
S01012130,Lone parent family: Total,19,11,8
S01012130,Lone parent family: Parent working,9,8,1
S01012130,Lone parent family: Parent not working,10,3,7
S01012131,All parents aged 16 and over with dependent children,107,62,45
S01012131,Couple family: Total,60,34,26
S01012131,Couple family: Both parents working,42,28,14
S01012131,Couple family: One parent working,14,4,10
S01012131,Couple family: No parents working,4,2,2
S01012131,Lone parent family: Total,47,28,19
S01012131,Lone parent family: Parent working,17,9,8
S01012131,Lone parent family: Parent not working,30,19,11
S01012132,All parents aged 16 and over with dependent children,93,59,34
S01012132,Couple family: Total,48,26,22
S01012132,Couple family: Both parents working,28,18,10
S01012132,Couple family: One parent working,14,6,8
S01012132,Couple family: No parents working,6,2,4
S01012132,Lone parent family: Total,45,33,12
S01012132,Lone parent family: Parent working,15,11,4
S01012132,Lone parent family: Parent not working,30,22,8
S01012133,All parents aged 16 and over with dependent children,131,77,54
S01012133,Couple family: Total,100,60,40
S01012133,Couple family: Both parents working,78,48,30
S01012133,Couple family: One parent working,20,10,10
S01012133,Couple family: No parents working,2,2,0
S01012133,Lone parent family: Total,31,17,14
S01012133,Lone parent family: Parent working,14,11,3
S01012133,Lone parent family: Parent not working,17,6,11
S01012134,All parents aged 16 and over with dependent children,145,80,65
S01012134,Couple family: Total,114,58,56
S01012134,Couple family: Both parents working,86,42,44
S01012134,Couple family: One parent working,24,14,10
S01012134,Couple family: No parents working,4,2,2
S01012134,Lone parent family: Total,31,22,9
S01012134,Lone parent family: Parent working,19,14,5
S01012134,Lone parent family: Parent not working,12,8,4
S01012135,All parents aged 16 and over with dependent children,116,63,53
S01012135,Couple family: Total,56,32,24
S01012135,Couple family: Both parents working,36,20,16
S01012135,Couple family: One parent working,14,8,6
S01012135,Couple family: No parents working,6,4,2
S01012135,Lone parent family: Total,60,31,29
S01012135,Lone parent family: Parent working,34,22,12
S01012135,Lone parent family: Parent not working,26,9,17
S01012136,All parents aged 16 and over with dependent children,119,62,57
S01012136,Couple family: Total,76,36,40
S01012136,Couple family: Both parents working,46,22,24
S01012136,Couple family: One parent working,16,10,6
S01012136,Couple family: No parents working,14,4,10
S01012136,Lone parent family: Total,43,26,17
S01012136,Lone parent family: Parent working,21,15,6
S01012136,Lone parent family: Parent not working,22,11,11
S01012137,All parents aged 16 and over with dependent children,79,61,18
S01012137,Couple family: Total,42,26,16
S01012137,Couple family: Both parents working,24,12,12
S01012137,Couple family: One parent working,12,10,2
S01012137,Couple family: No parents working,6,4,2
S01012137,Lone parent family: Total,37,35,2
S01012137,Lone parent family: Parent working,19,18,1
S01012137,Lone parent family: Parent not working,18,17,1
S01012138,All parents aged 16 and over with dependent children,163,93,70
S01012138,Couple family: Total,138,72,66
S01012138,Couple family: Both parents working,104,58,46
S01012138,Couple family: One parent working,34,14,20
S01012138,Couple family: No parents working,0,0,0
S01012138,Lone parent family: Total,25,21,4
S01012138,Lone parent family: Parent working,19,16,3
S01012138,Lone parent family: Parent not working,6,5,1
S01012139,All parents aged 16 and over with dependent children,179,81,98
S01012139,Couple family: Total,152,64,88
S01012139,Couple family: Both parents working,136,58,78
S01012139,Couple family: One parent working,16,6,10
S01012139,Couple family: No parents working,0,0,0
S01012139,Lone parent family: Total,27,17,10
S01012139,Lone parent family: Parent working,13,10,3
S01012139,Lone parent family: Parent not working,14,7,7
S01012140,All parents aged 16 and over with dependent children,105,47,58
S01012140,Couple family: Total,98,44,54
S01012140,Couple family: Both parents working,84,34,50
S01012140,Couple family: One parent working,10,8,2
S01012140,Couple family: No parents working,4,2,2
S01012140,Lone parent family: Total,7,3,4
S01012140,Lone parent family: Parent working,6,2,4
S01012140,Lone parent family: Parent not working,1,1,0
S01012141,All parents aged 16 and over with dependent children,238,92,146
S01012141,Couple family: Total,212,78,134
S01012141,Couple family: Both parents working,174,58,116
S01012141,Couple family: One parent working,36,18,18
S01012141,Couple family: No parents working,2,2,0
S01012141,Lone parent family: Total,26,14,12
S01012141,Lone parent family: Parent working,20,12,8
S01012141,Lone parent family: Parent not working,6,2,4
S01012142,All parents aged 16 and over with dependent children,204,101,103
S01012142,Couple family: Total,184,88,96
S01012142,Couple family: Both parents working,146,70,76
S01012142,Couple family: One parent working,36,16,20
S01012142,Couple family: No parents working,2,2,0
S01012142,Lone parent family: Total,20,13,7
S01012142,Lone parent family: Parent working,13,8,5
S01012142,Lone parent family: Parent not working,7,5,2
S01012143,All parents aged 16 and over with dependent children,151,72,79
S01012143,Couple family: Total,140,70,70
S01012143,Couple family: Both parents working,114,54,60
S01012143,Couple family: One parent working,24,16,8
S01012143,Couple family: No parents working,2,0,2
S01012143,Lone parent family: Total,11,2,9
S01012143,Lone parent family: Parent working,6,1,5
S01012143,Lone parent family: Parent not working,5,1,4
S01012144,All parents aged 16 and over with dependent children,223,109,114
S01012144,Couple family: Total,204,96,108
S01012144,Couple family: Both parents working,170,80,90
S01012144,Couple family: One parent working,30,14,16
S01012144,Couple family: No parents working,4,2,2
S01012144,Lone parent family: Total,19,13,6
S01012144,Lone parent family: Parent working,14,11,3
S01012144,Lone parent family: Parent not working,5,2,3
S01012145,All parents aged 16 and over with dependent children,247,114,133
S01012145,Couple family: Total,226,102,124
S01012145,Couple family: Both parents working,184,84,100
S01012145,Couple family: One parent working,38,16,22
S01012145,Couple family: No parents working,4,2,2
S01012145,Lone parent family: Total,21,12,9
S01012145,Lone parent family: Parent working,20,12,8
S01012145,Lone parent family: Parent not working,1,0,1
S01012146,All parents aged 16 and over with dependent children,157,94,63
S01012146,Couple family: Total,88,50,38
S01012146,Couple family: Both parents working,50,34,16
S01012146,Couple family: One parent working,16,6,10
S01012146,Couple family: No parents working,22,10,12
S01012146,Lone parent family: Total,69,44,25
S01012146,Lone parent family: Parent working,37,25,12
S01012146,Lone parent family: Parent not working,32,19,13
S01012147,All parents aged 16 and over with dependent children,124,68,56
S01012147,Couple family: Total,60,28,32
S01012147,Couple family: Both parents working,32,24,8
S01012147,Couple family: One parent working,20,2,18
S01012147,Couple family: No parents working,8,2,6
S01012147,Lone parent family: Total,64,40,24
S01012147,Lone parent family: Parent working,28,17,11
S01012147,Lone parent family: Parent not working,36,23,13
S01012148,All parents aged 16 and over with dependent children,159,92,67
S01012148,Couple family: Total,84,48,36
S01012148,Couple family: Both parents working,48,28,20
S01012148,Couple family: One parent working,26,16,10
S01012148,Couple family: No parents working,10,4,6
S01012148,Lone parent family: Total,75,44,31
S01012148,Lone parent family: Parent working,30,25,5
S01012148,Lone parent family: Parent not working,45,19,26
S01012149,All parents aged 16 and over with dependent children,166,64,102
S01012149,Couple family: Total,126,42,84
S01012149,Couple family: Both parents working,82,30,52
S01012149,Couple family: One parent working,36,8,28
S01012149,Couple family: No parents working,8,4,4
S01012149,Lone parent family: Total,40,22,18
S01012149,Lone parent family: Parent working,18,10,8
S01012149,Lone parent family: Parent not working,22,12,10
S01012150,All parents aged 16 and over with dependent children,147,75,72
S01012150,Couple family: Total,98,48,50
S01012150,Couple family: Both parents working,60,38,22
S01012150,Couple family: One parent working,28,6,22
S01012150,Couple family: No parents working,10,4,6
S01012150,Lone parent family: Total,49,27,22
S01012150,Lone parent family: Parent working,30,22,8
S01012150,Lone parent family: Parent not working,19,5,14
S01012151,All parents aged 16 and over with dependent children,133,59,74
S01012151,Couple family: Total,94,34,60
S01012151,Couple family: Both parents working,68,30,38
S01012151,Couple family: One parent working,16,0,16
S01012151,Couple family: No parents working,10,4,6
S01012151,Lone parent family: Total,39,25,14
S01012151,Lone parent family: Parent working,24,17,7
S01012151,Lone parent family: Parent not working,15,8,7
S01012152,All parents aged 16 and over with dependent children,125,55,70
S01012152,Couple family: Total,76,34,42
S01012152,Couple family: Both parents working,58,28,30
S01012152,Couple family: One parent working,8,2,6
S01012152,Couple family: No parents working,10,4,6
S01012152,Lone parent family: Total,49,21,28
S01012152,Lone parent family: Parent working,22,13,9
S01012152,Lone parent family: Parent not working,27,8,19
S01012153,All parents aged 16 and over with dependent children,91,56,35
S01012153,Couple family: Total,52,30,22
S01012153,Couple family: Both parents working,36,20,16
S01012153,Couple family: One parent working,12,8,4
S01012153,Couple family: No parents working,4,2,2
S01012153,Lone parent family: Total,39,26,13
S01012153,Lone parent family: Parent working,25,20,5
S01012153,Lone parent family: Parent not working,14,6,8
S01012154,All parents aged 16 and over with dependent children,91,55,36
S01012154,Couple family: Total,58,34,24
S01012154,Couple family: Both parents working,14,6,8
S01012154,Couple family: One parent working,40,28,12
S01012154,Couple family: No parents working,4,0,4
S01012154,Lone parent family: Total,33,21,12
S01012154,Lone parent family: Parent working,17,15,2
S01012154,Lone parent family: Parent not working,16,6,10
S01012155,All parents aged 16 and over with dependent children,58,42,16
S01012155,Couple family: Total,38,28,10
S01012155,Couple family: Both parents working,18,14,4
S01012155,Couple family: One parent working,14,10,4
S01012155,Couple family: No parents working,6,4,2
S01012155,Lone parent family: Total,20,14,6
S01012155,Lone parent family: Parent working,13,11,2
S01012155,Lone parent family: Parent not working,7,3,4
S01012156,All parents aged 16 and over with dependent children,73,45,28
S01012156,Couple family: Total,30,16,14
S01012156,Couple family: Both parents working,20,10,10
S01012156,Couple family: One parent working,8,4,4
S01012156,Couple family: No parents working,2,2,0
S01012156,Lone parent family: Total,43,29,14
S01012156,Lone parent family: Parent working,14,11,3
S01012156,Lone parent family: Parent not working,29,18,11
S01012157,All parents aged 16 and over with dependent children,205,106,99
S01012157,Couple family: Total,156,74,82
S01012157,Couple family: Both parents working,114,62,52
S01012157,Couple family: One parent working,32,10,22
S01012157,Couple family: No parents working,10,2,8
S01012157,Lone parent family: Total,49,32,17
S01012157,Lone parent family: Parent working,31,22,9
S01012157,Lone parent family: Parent not working,18,10,8
S01012158,All parents aged 16 and over with dependent children,231,112,119
S01012158,Couple family: Total,192,90,102
S01012158,Couple family: Both parents working,158,80,78
S01012158,Couple family: One parent working,28,10,18
S01012158,Couple family: No parents working,6,0,6
S01012158,Lone parent family: Total,39,22,17
S01012158,Lone parent family: Parent working,22,13,9
S01012158,Lone parent family: Parent not working,17,9,8
S01012159,All parents aged 16 and over with dependent children,80,45,35
S01012159,Couple family: Total,74,40,34
S01012159,Couple family: Both parents working,64,34,30
S01012159,Couple family: One parent working,10,6,4
S01012159,Couple family: No parents working,0,0,0
S01012159,Lone parent family: Total,6,5,1
S01012159,Lone parent family: Parent working,6,5,1
S01012159,Lone parent family: Parent not working,0,0,0
S01012160,All parents aged 16 and over with dependent children,113,52,61
S01012160,Couple family: Total,94,38,56
S01012160,Couple family: Both parents working,82,36,46
S01012160,Couple family: One parent working,10,2,8
S01012160,Couple family: No parents working,2,0,2
S01012160,Lone parent family: Total,19,14,5
S01012160,Lone parent family: Parent working,18,13,5
S01012160,Lone parent family: Parent not working,1,1,0
S01012161,All parents aged 16 and over with dependent children,98,59,39
S01012161,Couple family: Total,48,28,20
S01012161,Couple family: Both parents working,36,20,16
S01012161,Couple family: One parent working,8,6,2
S01012161,Couple family: No parents working,4,2,2
S01012161,Lone parent family: Total,50,31,19
S01012161,Lone parent family: Parent working,18,15,3
S01012161,Lone parent family: Parent not working,32,16,16
S01012162,All parents aged 16 and over with dependent children,226,110,116
S01012162,Couple family: Total,152,70,82
S01012162,Couple family: Both parents working,112,54,58
S01012162,Couple family: One parent working,36,14,22
S01012162,Couple family: No parents working,4,2,2
S01012162,Lone parent family: Total,74,40,34
S01012162,Lone parent family: Parent working,36,21,15
S01012162,Lone parent family: Parent not working,38,19,19
S01012163,All parents aged 16 and over with dependent children,167,74,93
S01012163,Couple family: Total,122,50,72
S01012163,Couple family: Both parents working,82,36,46
S01012163,Couple family: One parent working,36,12,24
S01012163,Couple family: No parents working,4,2,2
S01012163,Lone parent family: Total,45,24,21
S01012163,Lone parent family: Parent working,21,17,4
S01012163,Lone parent family: Parent not working,24,7,17
S01012164,All parents aged 16 and over with dependent children,371,174,197
S01012164,Couple family: Total,326,146,180
S01012164,Couple family: Both parents working,272,128,144
S01012164,Couple family: One parent working,50,18,32
S01012164,Couple family: No parents working,4,0,4
S01012164,Lone parent family: Total,45,28,17
S01012164,Lone parent family: Parent working,35,26,9
S01012164,Lone parent family: Parent not working,10,2,8
S01012165,All parents aged 16 and over with dependent children,193,93,100
S01012165,Couple family: Total,118,56,62
S01012165,Couple family: Both parents working,72,38,34
S01012165,Couple family: One parent working,34,12,22
S01012165,Couple family: No parents working,12,6,6
S01012165,Lone parent family: Total,75,37,38
S01012165,Lone parent family: Parent working,35,19,16
S01012165,Lone parent family: Parent not working,40,18,22
S01012166,All parents aged 16 and over with dependent children,118,61,57
S01012166,Couple family: Total,62,32,30
S01012166,Couple family: Both parents working,48,24,24
S01012166,Couple family: One parent working,12,6,6
S01012166,Couple family: No parents working,2,2,0
S01012166,Lone parent family: Total,56,29,27
S01012166,Lone parent family: Parent working,29,15,14
S01012166,Lone parent family: Parent not working,27,14,13
S01012167,All parents aged 16 and over with dependent children,111,51,60
S01012167,Couple family: Total,92,42,50
S01012167,Couple family: Both parents working,74,34,40
S01012167,Couple family: One parent working,14,6,8
S01012167,Couple family: No parents working,4,2,2
S01012167,Lone parent family: Total,19,9,10
S01012167,Lone parent family: Parent working,11,8,3
S01012167,Lone parent family: Parent not working,8,1,7
S01012168,All parents aged 16 and over with dependent children,145,58,87
S01012168,Couple family: Total,128,48,80
S01012168,Couple family: Both parents working,112,44,68
S01012168,Couple family: One parent working,14,4,10
S01012168,Couple family: No parents working,2,0,2
S01012168,Lone parent family: Total,17,10,7
S01012168,Lone parent family: Parent working,10,7,3
S01012168,Lone parent family: Parent not working,7,3,4
S01012169,All parents aged 16 and over with dependent children,140,61,79
S01012169,Couple family: Total,108,40,68
S01012169,Couple family: Both parents working,80,30,50
S01012169,Couple family: One parent working,22,6,16
S01012169,Couple family: No parents working,6,4,2
S01012169,Lone parent family: Total,32,21,11
S01012169,Lone parent family: Parent working,23,18,5
S01012169,Lone parent family: Parent not working,9,3,6
S01012170,All parents aged 16 and over with dependent children,141,73,68
S01012170,Couple family: Total,108,46,62
S01012170,Couple family: Both parents working,76,32,44
S01012170,Couple family: One parent working,32,14,18
S01012170,Couple family: No parents working,0,0,0
S01012170,Lone parent family: Total,33,27,6
S01012170,Lone parent family: Parent working,22,18,4
S01012170,Lone parent family: Parent not working,11,9,2
S01012171,All parents aged 16 and over with dependent children,187,96,91
S01012171,Couple family: Total,136,60,76
S01012171,Couple family: Both parents working,108,48,60
S01012171,Couple family: One parent working,20,6,14
S01012171,Couple family: No parents working,8,6,2
S01012171,Lone parent family: Total,51,36,15
S01012171,Lone parent family: Parent working,37,26,11
S01012171,Lone parent family: Parent not working,14,10,4
S01012172,All parents aged 16 and over with dependent children,153,95,58
S01012172,Couple family: Total,118,80,38
S01012172,Couple family: Both parents working,74,48,26
S01012172,Couple family: One parent working,28,16,12
S01012172,Couple family: No parents working,16,16,0
S01012172,Lone parent family: Total,35,15,20
S01012172,Lone parent family: Parent working,22,11,11
S01012172,Lone parent family: Parent not working,13,4,9
S01012173,All parents aged 16 and over with dependent children,91,33,58
S01012173,Couple family: Total,82,28,54
S01012173,Couple family: Both parents working,66,22,44
S01012173,Couple family: One parent working,12,4,8
S01012173,Couple family: No parents working,4,2,2
S01012173,Lone parent family: Total,9,5,4
S01012173,Lone parent family: Parent working,8,4,4
S01012173,Lone parent family: Parent not working,1,1,0
S01012174,All parents aged 16 and over with dependent children,273,113,160
S01012174,Couple family: Total,246,100,146
S01012174,Couple family: Both parents working,210,88,122
S01012174,Couple family: One parent working,34,10,24
S01012174,Couple family: No parents working,2,2,0
S01012174,Lone parent family: Total,27,13,14
S01012174,Lone parent family: Parent working,21,12,9
S01012174,Lone parent family: Parent not working,6,1,5
S01012175,All parents aged 16 and over with dependent children,157,77,80
S01012175,Couple family: Total,134,64,70
S01012175,Couple family: Both parents working,114,56,58
S01012175,Couple family: One parent working,18,8,10
S01012175,Couple family: No parents working,2,0,2
S01012175,Lone parent family: Total,23,13,10
S01012175,Lone parent family: Parent working,18,12,6
S01012175,Lone parent family: Parent not working,5,1,4
S01012176,All parents aged 16 and over with dependent children,140,75,65
S01012176,Couple family: Total,116,58,58
S01012176,Couple family: Both parents working,88,46,42
S01012176,Couple family: One parent working,20,10,10
S01012176,Couple family: No parents working,8,2,6
S01012176,Lone parent family: Total,24,17,7
S01012176,Lone parent family: Parent working,17,14,3
S01012176,Lone parent family: Parent not working,7,3,4
S01012177,All parents aged 16 and over with dependent children,127,63,64
S01012177,Couple family: Total,112,58,54
S01012177,Couple family: Both parents working,90,48,42
S01012177,Couple family: One parent working,16,8,8
S01012177,Couple family: No parents working,6,2,4
S01012177,Lone parent family: Total,15,5,10
S01012177,Lone parent family: Parent working,11,4,7
S01012177,Lone parent family: Parent not working,4,1,3
S01012178,All parents aged 16 and over with dependent children,98,46,52
S01012178,Couple family: Total,90,40,50
S01012178,Couple family: Both parents working,74,30,44
S01012178,Couple family: One parent working,14,8,6
S01012178,Couple family: No parents working,2,2,0
S01012178,Lone parent family: Total,8,6,2
S01012178,Lone parent family: Parent working,7,5,2
S01012178,Lone parent family: Parent not working,1,1,0
S01012179,All parents aged 16 and over with dependent children,92,48,44
S01012179,Couple family: Total,68,32,36
S01012179,Couple family: Both parents working,60,32,28
S01012179,Couple family: One parent working,4,0,4
S01012179,Couple family: No parents working,4,0,4
S01012179,Lone parent family: Total,24,16,8
S01012179,Lone parent family: Parent working,10,4,6
S01012179,Lone parent family: Parent not working,14,12,2
S01012180,All parents aged 16 and over with dependent children,97,49,48
S01012180,Couple family: Total,70,32,38
S01012180,Couple family: Both parents working,62,30,32
S01012180,Couple family: One parent working,4,0,4
S01012180,Couple family: No parents working,4,2,2
S01012180,Lone parent family: Total,27,17,10
S01012180,Lone parent family: Parent working,15,10,5
S01012180,Lone parent family: Parent not working,12,7,5
S01012181,All parents aged 16 and over with dependent children,112,47,65
S01012181,Couple family: Total,92,36,56
S01012181,Couple family: Both parents working,74,30,44
S01012181,Couple family: One parent working,14,4,10
S01012181,Couple family: No parents working,4,2,2
S01012181,Lone parent family: Total,20,11,9
S01012181,Lone parent family: Parent working,14,6,8
S01012181,Lone parent family: Parent not working,6,5,1
S01012182,All parents aged 16 and over with dependent children,275,152,123
S01012182,Couple family: Total,246,138,108
S01012182,Couple family: Both parents working,204,114,90
S01012182,Couple family: One parent working,32,20,12
S01012182,Couple family: No parents working,10,4,6
S01012182,Lone parent family: Total,29,14,15
S01012182,Lone parent family: Parent working,24,12,12
S01012182,Lone parent family: Parent not working,5,2,3
S01012183,All parents aged 16 and over with dependent children,105,55,50
S01012183,Couple family: Total,74,40,34
S01012183,Couple family: Both parents working,48,26,22
S01012183,Couple family: One parent working,20,12,8
S01012183,Couple family: No parents working,6,2,4
S01012183,Lone parent family: Total,31,15,16
S01012183,Lone parent family: Parent working,12,7,5
S01012183,Lone parent family: Parent not working,19,8,11
S01012184,All parents aged 16 and over with dependent children,74,47,27
S01012184,Couple family: Total,56,32,24
S01012184,Couple family: Both parents working,34,20,14
S01012184,Couple family: One parent working,20,12,8
S01012184,Couple family: No parents working,2,0,2
S01012184,Lone parent family: Total,18,15,3
S01012184,Lone parent family: Parent working,11,10,1
S01012184,Lone parent family: Parent not working,7,5,2
S01012185,All parents aged 16 and over with dependent children,82,58,24
S01012185,Couple family: Total,46,30,16
S01012185,Couple family: Both parents working,32,22,10
S01012185,Couple family: One parent working,6,4,2
S01012185,Couple family: No parents working,8,4,4
S01012185,Lone parent family: Total,36,28,8
S01012185,Lone parent family: Parent working,21,17,4
S01012185,Lone parent family: Parent not working,15,11,4
S01012186,All parents aged 16 and over with dependent children,114,48,66
S01012186,Couple family: Total,86,32,54
S01012186,Couple family: Both parents working,60,22,38
S01012186,Couple family: One parent working,22,6,16
S01012186,Couple family: No parents working,4,4,0
S01012186,Lone parent family: Total,28,16,12
S01012186,Lone parent family: Parent working,14,10,4
S01012186,Lone parent family: Parent not working,14,6,8
S01012187,All parents aged 16 and over with dependent children,94,52,42
S01012187,Couple family: Total,58,30,28
S01012187,Couple family: Both parents working,34,18,16
S01012187,Couple family: One parent working,18,8,10
S01012187,Couple family: No parents working,6,4,2
S01012187,Lone parent family: Total,36,22,14
S01012187,Lone parent family: Parent working,26,18,8
S01012187,Lone parent family: Parent not working,10,4,6
S01012188,All parents aged 16 and over with dependent children,80,50,30
S01012188,Couple family: Total,66,40,26
S01012188,Couple family: Both parents working,56,34,22
S01012188,Couple family: One parent working,8,4,4
S01012188,Couple family: No parents working,2,2,0
S01012188,Lone parent family: Total,14,10,4
S01012188,Lone parent family: Parent working,9,7,2
S01012188,Lone parent family: Parent not working,5,3,2
S01012189,All parents aged 16 and over with dependent children,144,75,69
S01012189,Couple family: Total,136,74,62
S01012189,Couple family: Both parents working,110,56,54
S01012189,Couple family: One parent working,18,14,4
S01012189,Couple family: No parents working,8,4,4
S01012189,Lone parent family: Total,8,1,7
S01012189,Lone parent family: Parent working,7,1,6
S01012189,Lone parent family: Parent not working,1,0,1
S01012190,All parents aged 16 and over with dependent children,184,79,105
S01012190,Couple family: Total,170,68,102
S01012190,Couple family: Both parents working,148,64,84
S01012190,Couple family: One parent working,22,4,18
S01012190,Couple family: No parents working,0,0,0
S01012190,Lone parent family: Total,14,11,3
S01012190,Lone parent family: Parent working,14,11,3
S01012190,Lone parent family: Parent not working,0,0,0
S01012191,All parents aged 16 and over with dependent children,183,74,109
S01012191,Couple family: Total,162,62,100
S01012191,Couple family: Both parents working,130,52,78
S01012191,Couple family: One parent working,32,10,22
S01012191,Couple family: No parents working,0,0,0
S01012191,Lone parent family: Total,21,12,9
S01012191,Lone parent family: Parent working,17,10,7
S01012191,Lone parent family: Parent not working,4,2,2
S01012192,All parents aged 16 and over with dependent children,110,48,62
S01012192,Couple family: Total,104,46,58
S01012192,Couple family: Both parents working,82,36,46
S01012192,Couple family: One parent working,22,10,12
S01012192,Couple family: No parents working,0,0,0
S01012192,Lone parent family: Total,6,2,4
S01012192,Lone parent family: Parent working,5,2,3
S01012192,Lone parent family: Parent not working,1,0,1
S01012193,All parents aged 16 and over with dependent children,173,63,110
S01012193,Couple family: Total,160,54,106
S01012193,Couple family: Both parents working,146,48,98
S01012193,Couple family: One parent working,14,6,8
S01012193,Couple family: No parents working,0,0,0
S01012193,Lone parent family: Total,13,9,4
S01012193,Lone parent family: Parent working,11,8,3
S01012193,Lone parent family: Parent not working,2,1,1
S01012194,All parents aged 16 and over with dependent children,190,87,103
S01012194,Couple family: Total,178,80,98
S01012194,Couple family: Both parents working,148,70,78
S01012194,Couple family: One parent working,30,10,20
S01012194,Couple family: No parents working,0,0,0
S01012194,Lone parent family: Total,12,7,5
S01012194,Lone parent family: Parent working,11,7,4
S01012194,Lone parent family: Parent not working,1,0,1
S01012195,All parents aged 16 and over with dependent children,283,112,171
S01012195,Couple family: Total,260,98,162
S01012195,Couple family: Both parents working,222,86,136
S01012195,Couple family: One parent working,36,10,26
S01012195,Couple family: No parents working,2,2,0
S01012195,Lone parent family: Total,23,14,9
S01012195,Lone parent family: Parent working,18,12,6
S01012195,Lone parent family: Parent not working,5,2,3
S01012196,All parents aged 16 and over with dependent children,168,64,104
S01012196,Couple family: Total,146,52,94
S01012196,Couple family: Both parents working,118,44,74
S01012196,Couple family: One parent working,24,8,16
S01012196,Couple family: No parents working,4,0,4
S01012196,Lone parent family: Total,22,12,10
S01012196,Lone parent family: Parent working,17,8,9
S01012196,Lone parent family: Parent not working,5,4,1
S01012197,All parents aged 16 and over with dependent children,146,54,92
S01012197,Couple family: Total,116,42,74
S01012197,Couple family: Both parents working,78,28,50
S01012197,Couple family: One parent working,34,14,20
S01012197,Couple family: No parents working,4,0,4
S01012197,Lone parent family: Total,30,12,18
S01012197,Lone parent family: Parent working,20,9,11
S01012197,Lone parent family: Parent not working,10,3,7
S01012198,All parents aged 16 and over with dependent children,192,96,96
S01012198,Couple family: Total,158,80,78
S01012198,Couple family: Both parents working,124,70,54
S01012198,Couple family: One parent working,30,10,20
S01012198,Couple family: No parents working,4,0,4
S01012198,Lone parent family: Total,34,16,18
S01012198,Lone parent family: Parent working,27,14,13
S01012198,Lone parent family: Parent not working,7,2,5
S01012199,All parents aged 16 and over with dependent children,135,55,80
S01012199,Couple family: Total,106,40,66
S01012199,Couple family: Both parents working,72,26,46
S01012199,Couple family: One parent working,26,10,16
S01012199,Couple family: No parents working,8,4,4
S01012199,Lone parent family: Total,29,15,14
S01012199,Lone parent family: Parent working,19,12,7
S01012199,Lone parent family: Parent not working,10,3,7
S01012200,All parents aged 16 and over with dependent children,145,75,70
S01012200,Couple family: Total,110,54,56
S01012200,Couple family: Both parents working,86,44,42
S01012200,Couple family: One parent working,18,8,10
S01012200,Couple family: No parents working,6,2,4
S01012200,Lone parent family: Total,35,21,14
S01012200,Lone parent family: Parent working,24,15,9
S01012200,Lone parent family: Parent not working,11,6,5
S01012201,All parents aged 16 and over with dependent children,177,71,106
S01012201,Couple family: Total,154,60,94
S01012201,Couple family: Both parents working,106,36,70
S01012201,Couple family: One parent working,34,16,18
S01012201,Couple family: No parents working,14,8,6
S01012201,Lone parent family: Total,23,11,12
S01012201,Lone parent family: Parent working,20,10,10
S01012201,Lone parent family: Parent not working,3,1,2
S01012202,All parents aged 16 and over with dependent children,135,63,72
S01012202,Couple family: Total,106,48,58
S01012202,Couple family: Both parents working,82,36,46
S01012202,Couple family: One parent working,24,12,12
S01012202,Couple family: No parents working,0,0,0
S01012202,Lone parent family: Total,29,15,14
S01012202,Lone parent family: Parent working,21,14,7
S01012202,Lone parent family: Parent not working,8,1,7
S01012203,All parents aged 16 and over with dependent children,126,51,75
S01012203,Couple family: Total,114,44,70
S01012203,Couple family: Both parents working,94,38,56
S01012203,Couple family: One parent working,20,6,14
S01012203,Couple family: No parents working,0,0,0
S01012203,Lone parent family: Total,12,7,5
S01012203,Lone parent family: Parent working,9,5,4
S01012203,Lone parent family: Parent not working,3,2,1
S01012204,All parents aged 16 and over with dependent children,183,84,99
S01012204,Couple family: Total,170,76,94
S01012204,Couple family: Both parents working,130,62,68
S01012204,Couple family: One parent working,40,14,26
S01012204,Couple family: No parents working,0,0,0
S01012204,Lone parent family: Total,13,8,5
S01012204,Lone parent family: Parent working,12,8,4
S01012204,Lone parent family: Parent not working,1,0,1
S01012205,All parents aged 16 and over with dependent children,144,73,71
S01012205,Couple family: Total,126,58,68
S01012205,Couple family: Both parents working,114,56,58
S01012205,Couple family: One parent working,8,2,6
S01012205,Couple family: No parents working,4,0,4
S01012205,Lone parent family: Total,18,15,3
S01012205,Lone parent family: Parent working,15,12,3
S01012205,Lone parent family: Parent not working,3,3,0
S01012206,All parents aged 16 and over with dependent children,216,103,113
S01012206,Couple family: Total,190,86,104
S01012206,Couple family: Both parents working,166,72,94
S01012206,Couple family: One parent working,20,12,8
S01012206,Couple family: No parents working,4,2,2
S01012206,Lone parent family: Total,26,17,9
S01012206,Lone parent family: Parent working,23,15,8
S01012206,Lone parent family: Parent not working,3,2,1
S01012207,All parents aged 16 and over with dependent children,208,93,115
S01012207,Couple family: Total,156,68,88
S01012207,Couple family: Both parents working,124,54,70
S01012207,Couple family: One parent working,32,14,18
S01012207,Couple family: No parents working,0,0,0
S01012207,Lone parent family: Total,52,25,27
S01012207,Lone parent family: Parent working,28,17,11
S01012207,Lone parent family: Parent not working,24,8,16
S01012208,All parents aged 16 and over with dependent children,224,89,135
S01012208,Couple family: Total,170,64,106
S01012208,Couple family: Both parents working,122,48,74
S01012208,Couple family: One parent working,44,16,28
S01012208,Couple family: No parents working,4,0,4
S01012208,Lone parent family: Total,54,25,29
S01012208,Lone parent family: Parent working,35,21,14
S01012208,Lone parent family: Parent not working,19,4,15
S01012209,All parents aged 16 and over with dependent children,161,70,91
S01012209,Couple family: Total,130,54,76
S01012209,Couple family: Both parents working,90,40,50
S01012209,Couple family: One parent working,34,10,24
S01012209,Couple family: No parents working,6,4,2
S01012209,Lone parent family: Total,31,16,15
S01012209,Lone parent family: Parent working,19,12,7
S01012209,Lone parent family: Parent not working,12,4,8
S01012210,All parents aged 16 and over with dependent children,150,70,80
S01012210,Couple family: Total,114,52,62
S01012210,Couple family: Both parents working,80,38,42
S01012210,Couple family: One parent working,32,12,20
S01012210,Couple family: No parents working,2,2,0
S01012210,Lone parent family: Total,36,18,18
S01012210,Lone parent family: Parent working,27,12,15
S01012210,Lone parent family: Parent not working,9,6,3
S01012211,All parents aged 16 and over with dependent children,203,90,113
S01012211,Couple family: Total,174,72,102
S01012211,Couple family: Both parents working,144,58,86
S01012211,Couple family: One parent working,26,14,12
S01012211,Couple family: No parents working,4,0,4
S01012211,Lone parent family: Total,29,18,11
S01012211,Lone parent family: Parent working,25,15,10
S01012211,Lone parent family: Parent not working,4,3,1
S01012212,All parents aged 16 and over with dependent children,143,59,84
S01012212,Couple family: Total,136,54,82
S01012212,Couple family: Both parents working,108,44,64
S01012212,Couple family: One parent working,26,8,18
S01012212,Couple family: No parents working,2,2,0
S01012212,Lone parent family: Total,7,5,2
S01012212,Lone parent family: Parent working,4,2,2
S01012212,Lone parent family: Parent not working,3,3,0
S01012213,All parents aged 16 and over with dependent children,129,59,70
S01012213,Couple family: Total,116,50,66
S01012213,Couple family: Both parents working,100,42,58
S01012213,Couple family: One parent working,14,8,6
S01012213,Couple family: No parents working,2,0,2
S01012213,Lone parent family: Total,13,9,4
S01012213,Lone parent family: Parent working,13,9,4
S01012213,Lone parent family: Parent not working,0,0,0
S01012214,All parents aged 16 and over with dependent children,131,42,89
S01012214,Couple family: Total,124,40,84
S01012214,Couple family: Both parents working,102,36,66
S01012214,Couple family: One parent working,22,4,18
S01012214,Couple family: No parents working,0,0,0
S01012214,Lone parent family: Total,7,2,5
S01012214,Lone parent family: Parent working,4,1,3
S01012214,Lone parent family: Parent not working,3,1,2
S01012215,All parents aged 16 and over with dependent children,182,94,88
S01012215,Couple family: Total,166,80,86
S01012215,Couple family: Both parents working,140,72,68
S01012215,Couple family: One parent working,26,8,18
S01012215,Couple family: No parents working,0,0,0
S01012215,Lone parent family: Total,16,14,2
S01012215,Lone parent family: Parent working,13,12,1
S01012215,Lone parent family: Parent not working,3,2,1
S01012216,All parents aged 16 and over with dependent children,162,57,105
S01012216,Couple family: Total,156,54,102
S01012216,Couple family: Both parents working,140,52,88
S01012216,Couple family: One parent working,16,2,14
S01012216,Couple family: No parents working,0,0,0
S01012216,Lone parent family: Total,6,3,3
S01012216,Lone parent family: Parent working,4,2,2
S01012216,Lone parent family: Parent not working,2,1,1
S01012217,All parents aged 16 and over with dependent children,115,59,56
S01012217,Couple family: Total,66,28,38
S01012217,Couple family: Both parents working,40,22,18
S01012217,Couple family: One parent working,16,2,14
S01012217,Couple family: No parents working,10,4,6
S01012217,Lone parent family: Total,49,31,18
S01012217,Lone parent family: Parent working,23,17,6
S01012217,Lone parent family: Parent not working,26,14,12
S01012218,All parents aged 16 and over with dependent children,116,59,57
S01012218,Couple family: Total,68,34,34
S01012218,Couple family: Both parents working,42,20,22
S01012218,Couple family: One parent working,16,8,8
S01012218,Couple family: No parents working,10,6,4
S01012218,Lone parent family: Total,48,25,23
S01012218,Lone parent family: Parent working,24,16,8
S01012218,Lone parent family: Parent not working,24,9,15
S01012219,All parents aged 16 and over with dependent children,130,68,62
S01012219,Couple family: Total,84,42,42
S01012219,Couple family: Both parents working,52,32,20
S01012219,Couple family: One parent working,22,4,18
S01012219,Couple family: No parents working,10,6,4
S01012219,Lone parent family: Total,46,26,20
S01012219,Lone parent family: Parent working,22,13,9
S01012219,Lone parent family: Parent not working,24,13,11
S01012220,All parents aged 16 and over with dependent children,73,38,35
S01012220,Couple family: Total,38,16,22
S01012220,Couple family: Both parents working,18,10,8
S01012220,Couple family: One parent working,12,4,8
S01012220,Couple family: No parents working,8,2,6
S01012220,Lone parent family: Total,35,22,13
S01012220,Lone parent family: Parent working,14,11,3
S01012220,Lone parent family: Parent not working,21,11,10
S01012221,All parents aged 16 and over with dependent children,102,66,36
S01012221,Couple family: Total,70,42,28
S01012221,Couple family: Both parents working,48,28,20
S01012221,Couple family: One parent working,16,12,4
S01012221,Couple family: No parents working,6,2,4
S01012221,Lone parent family: Total,32,24,8
S01012221,Lone parent family: Parent working,22,17,5
S01012221,Lone parent family: Parent not working,10,7,3
S01012222,All parents aged 16 and over with dependent children,113,58,55
S01012222,Couple family: Total,90,44,46
S01012222,Couple family: Both parents working,70,38,32
S01012222,Couple family: One parent working,14,4,10
S01012222,Couple family: No parents working,6,2,4
S01012222,Lone parent family: Total,23,14,9
S01012222,Lone parent family: Parent working,14,10,4
S01012222,Lone parent family: Parent not working,9,4,5
S01012223,All parents aged 16 and over with dependent children,132,70,62
S01012223,Couple family: Total,82,40,42
S01012223,Couple family: Both parents working,52,30,22
S01012223,Couple family: One parent working,20,8,12
S01012223,Couple family: No parents working,10,2,8
S01012223,Lone parent family: Total,50,30,20
S01012223,Lone parent family: Parent working,26,17,9
S01012223,Lone parent family: Parent not working,24,13,11
S01012224,All parents aged 16 and over with dependent children,178,79,99
S01012224,Couple family: Total,130,54,76
S01012224,Couple family: Both parents working,92,44,48
S01012224,Couple family: One parent working,26,6,20
S01012224,Couple family: No parents working,12,4,8
S01012224,Lone parent family: Total,48,25,23
S01012224,Lone parent family: Parent working,26,14,12
S01012224,Lone parent family: Parent not working,22,11,11
S01012225,All parents aged 16 and over with dependent children,247,107,140
S01012225,Couple family: Total,186,78,108
S01012225,Couple family: Both parents working,126,60,66
S01012225,Couple family: One parent working,46,12,34
S01012225,Couple family: No parents working,14,6,8
S01012225,Lone parent family: Total,61,29,32
S01012225,Lone parent family: Parent working,37,22,15
S01012225,Lone parent family: Parent not working,24,7,17
S01012226,All parents aged 16 and over with dependent children,166,73,93
S01012226,Couple family: Total,134,56,78
S01012226,Couple family: Both parents working,100,38,62
S01012226,Couple family: One parent working,30,16,14
S01012226,Couple family: No parents working,4,2,2
S01012226,Lone parent family: Total,32,17,15
S01012226,Lone parent family: Parent working,29,15,14
S01012226,Lone parent family: Parent not working,3,2,1
S01012227,All parents aged 16 and over with dependent children,142,59,83
S01012227,Couple family: Total,104,42,62
S01012227,Couple family: Both parents working,82,38,44
S01012227,Couple family: One parent working,20,4,16
S01012227,Couple family: No parents working,2,0,2
S01012227,Lone parent family: Total,38,17,21
S01012227,Lone parent family: Parent working,24,12,12
S01012227,Lone parent family: Parent not working,14,5,9
S01012228,All parents aged 16 and over with dependent children,160,67,93
S01012228,Couple family: Total,138,56,82
S01012228,Couple family: Both parents working,108,44,64
S01012228,Couple family: One parent working,18,8,10
S01012228,Couple family: No parents working,12,4,8
S01012228,Lone parent family: Total,22,11,11
S01012228,Lone parent family: Parent working,18,10,8
S01012228,Lone parent family: Parent not working,4,1,3
S01012229,All parents aged 16 and over with dependent children,135,68,67
S01012229,Couple family: Total,122,58,64
S01012229,Couple family: Both parents working,94,42,52
S01012229,Couple family: One parent working,24,12,12
S01012229,Couple family: No parents working,4,4,0
S01012229,Lone parent family: Total,13,10,3
S01012229,Lone parent family: Parent working,12,10,2
S01012229,Lone parent family: Parent not working,1,0,1
S01012230,All parents aged 16 and over with dependent children,233,110,123
S01012230,Couple family: Total,210,98,112
S01012230,Couple family: Both parents working,166,84,82
S01012230,Couple family: One parent working,40,14,26
S01012230,Couple family: No parents working,4,0,4
S01012230,Lone parent family: Total,23,12,11
S01012230,Lone parent family: Parent working,21,10,11
S01012230,Lone parent family: Parent not working,2,2,0
S01012231,All parents aged 16 and over with dependent children,232,79,153
S01012231,Couple family: Total,220,72,148
S01012231,Couple family: Both parents working,176,56,120
S01012231,Couple family: One parent working,40,14,26
S01012231,Couple family: No parents working,4,2,2
S01012231,Lone parent family: Total,12,7,5
S01012231,Lone parent family: Parent working,9,6,3
S01012231,Lone parent family: Parent not working,3,1,2
S01012232,All parents aged 16 and over with dependent children,243,87,156
S01012232,Couple family: Total,232,82,150
S01012232,Couple family: Both parents working,186,70,116
S01012232,Couple family: One parent working,46,12,34
S01012232,Couple family: No parents working,0,0,0
S01012232,Lone parent family: Total,11,5,6
S01012232,Lone parent family: Parent working,10,4,6
S01012232,Lone parent family: Parent not working,1,1,0
S01012233,All parents aged 16 and over with dependent children,225,84,141
S01012233,Couple family: Total,208,78,130
S01012233,Couple family: Both parents working,162,66,96
S01012233,Couple family: One parent working,38,10,28
S01012233,Couple family: No parents working,8,2,6
S01012233,Lone parent family: Total,17,6,11
S01012233,Lone parent family: Parent working,16,6,10
S01012233,Lone parent family: Parent not working,1,0,1
S01012234,All parents aged 16 and over with dependent children,299,123,176
S01012234,Couple family: Total,274,114,160
S01012234,Couple family: Both parents working,220,90,130
S01012234,Couple family: One parent working,52,24,28
S01012234,Couple family: No parents working,2,0,2
S01012234,Lone parent family: Total,25,9,16
S01012234,Lone parent family: Parent working,17,6,11
S01012234,Lone parent family: Parent not working,8,3,5
S01012235,All parents aged 16 and over with dependent children,66,29,37
S01012235,Couple family: Total,64,28,36
S01012235,Couple family: Both parents working,52,24,28
S01012235,Couple family: One parent working,12,4,8
S01012235,Couple family: No parents working,0,0,0
S01012235,Lone parent family: Total,2,1,1
S01012235,Lone parent family: Parent working,2,1,1
S01012235,Lone parent family: Parent not working,0,0,0
S01012236,All parents aged 16 and over with dependent children,141,65,76
S01012236,Couple family: Total,124,58,66
S01012236,Couple family: Both parents working,98,48,50
S01012236,Couple family: One parent working,22,8,14
S01012236,Couple family: No parents working,4,2,2
S01012236,Lone parent family: Total,17,7,10
S01012236,Lone parent family: Parent working,14,6,8
S01012236,Lone parent family: Parent not working,3,1,2
S01012237,All parents aged 16 and over with dependent children,206,76,130
S01012237,Couple family: Total,192,72,120
S01012237,Couple family: Both parents working,160,62,98
S01012237,Couple family: One parent working,26,6,20
S01012237,Couple family: No parents working,6,4,2
S01012237,Lone parent family: Total,14,4,10
S01012237,Lone parent family: Parent working,10,4,6
S01012237,Lone parent family: Parent not working,4,0,4
S01012238,All parents aged 16 and over with dependent children,130,75,55
S01012238,Couple family: Total,112,64,48
S01012238,Couple family: Both parents working,86,48,38
S01012238,Couple family: One parent working,20,12,8
S01012238,Couple family: No parents working,6,4,2
S01012238,Lone parent family: Total,18,11,7
S01012238,Lone parent family: Parent working,11,7,4
S01012238,Lone parent family: Parent not working,7,4,3
S01012239,All parents aged 16 and over with dependent children,120,71,49
S01012239,Couple family: Total,84,46,38
S01012239,Couple family: Both parents working,54,38,16
S01012239,Couple family: One parent working,26,8,18
S01012239,Couple family: No parents working,4,0,4
S01012239,Lone parent family: Total,36,25,11
S01012239,Lone parent family: Parent working,22,14,8
S01012239,Lone parent family: Parent not working,14,11,3
S01012240,All parents aged 16 and over with dependent children,171,81,90
S01012240,Couple family: Total,146,68,78
S01012240,Couple family: Both parents working,110,50,60
S01012240,Couple family: One parent working,28,12,16
S01012240,Couple family: No parents working,8,6,2
S01012240,Lone parent family: Total,25,13,12
S01012240,Lone parent family: Parent working,12,10,2
S01012240,Lone parent family: Parent not working,13,3,10
S01012241,All parents aged 16 and over with dependent children,132,36,96
S01012241,Couple family: Total,124,34,90
S01012241,Couple family: Both parents working,90,32,58
S01012241,Couple family: One parent working,30,2,28
S01012241,Couple family: No parents working,4,0,4
S01012241,Lone parent family: Total,8,2,6
S01012241,Lone parent family: Parent working,5,1,4
S01012241,Lone parent family: Parent not working,3,1,2
S01012242,All parents aged 16 and over with dependent children,208,76,132
S01012242,Couple family: Total,194,68,126
S01012242,Couple family: Both parents working,144,56,88
S01012242,Couple family: One parent working,46,12,34
S01012242,Couple family: No parents working,4,0,4
S01012242,Lone parent family: Total,14,8,6
S01012242,Lone parent family: Parent working,12,7,5
S01012242,Lone parent family: Parent not working,2,1,1
S01012243,All parents aged 16 and over with dependent children,169,60,109
S01012243,Couple family: Total,158,56,102
S01012243,Couple family: Both parents working,120,48,72
S01012243,Couple family: One parent working,28,6,22
S01012243,Couple family: No parents working,10,2,8
S01012243,Lone parent family: Total,11,4,7
S01012243,Lone parent family: Parent working,6,2,4
S01012243,Lone parent family: Parent not working,5,2,3
S01012244,All parents aged 16 and over with dependent children,242,81,161
S01012244,Couple family: Total,234,78,156
S01012244,Couple family: Both parents working,174,66,108
S01012244,Couple family: One parent working,58,12,46
S01012244,Couple family: No parents working,2,0,2
S01012244,Lone parent family: Total,8,3,5
S01012244,Lone parent family: Parent working,8,3,5
S01012244,Lone parent family: Parent not working,0,0,0
S01012245,All parents aged 16 and over with dependent children,169,58,111
S01012245,Couple family: Total,156,48,108
S01012245,Couple family: Both parents working,114,40,74
S01012245,Couple family: One parent working,42,8,34
S01012245,Couple family: No parents working,0,0,0
S01012245,Lone parent family: Total,13,10,3
S01012245,Lone parent family: Parent working,10,10,0
S01012245,Lone parent family: Parent not working,3,0,3
S01012246,All parents aged 16 and over with dependent children,235,68,167
S01012246,Couple family: Total,212,56,156
S01012246,Couple family: Both parents working,168,52,116
S01012246,Couple family: One parent working,40,4,36
S01012246,Couple family: No parents working,4,0,4
S01012246,Lone parent family: Total,23,12,11
S01012246,Lone parent family: Parent working,21,10,11
S01012246,Lone parent family: Parent not working,2,2,0
S01012247,All parents aged 16 and over with dependent children,161,66,95
S01012247,Couple family: Total,148,60,88
S01012247,Couple family: Both parents working,118,46,72
S01012247,Couple family: One parent working,30,14,16
S01012247,Couple family: No parents working,0,0,0
S01012247,Lone parent family: Total,13,6,7
S01012247,Lone parent family: Parent working,10,4,6
S01012247,Lone parent family: Parent not working,3,2,1
S01012248,All parents aged 16 and over with dependent children,191,70,121
S01012248,Couple family: Total,176,60,116
S01012248,Couple family: Both parents working,132,40,92
S01012248,Couple family: One parent working,40,18,22
S01012248,Couple family: No parents working,4,2,2
S01012248,Lone parent family: Total,15,10,5
S01012248,Lone parent family: Parent working,12,8,4
S01012248,Lone parent family: Parent not working,3,2,1
S01012249,All parents aged 16 and over with dependent children,209,105,104
S01012249,Couple family: Total,186,96,90
S01012249,Couple family: Both parents working,134,78,56
S01012249,Couple family: One parent working,50,16,34
S01012249,Couple family: No parents working,2,2,0
S01012249,Lone parent family: Total,23,9,14
S01012249,Lone parent family: Parent working,15,6,9
S01012249,Lone parent family: Parent not working,8,3,5
S01012250,All parents aged 16 and over with dependent children,135,51,84
S01012250,Couple family: Total,128,48,80
S01012250,Couple family: Both parents working,102,44,58
S01012250,Couple family: One parent working,22,4,18
S01012250,Couple family: No parents working,4,0,4
S01012250,Lone parent family: Total,7,3,4
S01012250,Lone parent family: Parent working,7,3,4
S01012250,Lone parent family: Parent not working,0,0,0
S01012251,All parents aged 16 and over with dependent children,203,89,114
S01012251,Couple family: Total,166,66,100
S01012251,Couple family: Both parents working,128,56,72
S01012251,Couple family: One parent working,34,10,24
S01012251,Couple family: No parents working,4,0,4
S01012251,Lone parent family: Total,37,23,14
S01012251,Lone parent family: Parent working,26,19,7
S01012251,Lone parent family: Parent not working,11,4,7
S01012252,All parents aged 16 and over with dependent children,183,97,86
S01012252,Couple family: Total,158,78,80
S01012252,Couple family: Both parents working,118,54,64
S01012252,Couple family: One parent working,34,20,14
S01012252,Couple family: No parents working,6,4,2
S01012252,Lone parent family: Total,25,19,6
S01012252,Lone parent family: Parent working,19,16,3
S01012252,Lone parent family: Parent not working,6,3,3
S01012253,All parents aged 16 and over with dependent children,103,48,55
S01012253,Couple family: Total,92,40,52
S01012253,Couple family: Both parents working,68,26,42
S01012253,Couple family: One parent working,16,8,8
S01012253,Couple family: No parents working,8,6,2
S01012253,Lone parent family: Total,11,8,3
S01012253,Lone parent family: Parent working,9,7,2
S01012253,Lone parent family: Parent not working,2,1,1
S01012254,All parents aged 16 and over with dependent children,177,72,105
S01012254,Couple family: Total,164,68,96
S01012254,Couple family: Both parents working,108,48,60
S01012254,Couple family: One parent working,48,20,28
S01012254,Couple family: No parents working,8,0,8
S01012254,Lone parent family: Total,13,4,9
S01012254,Lone parent family: Parent working,11,3,8
S01012254,Lone parent family: Parent not working,2,1,1
S01012255,All parents aged 16 and over with dependent children,125,49,76
S01012255,Couple family: Total,106,36,70
S01012255,Couple family: Both parents working,90,28,62
S01012255,Couple family: One parent working,16,8,8
S01012255,Couple family: No parents working,0,0,0
S01012255,Lone parent family: Total,19,13,6
S01012255,Lone parent family: Parent working,11,10,1
S01012255,Lone parent family: Parent not working,8,3,5
S01012256,All parents aged 16 and over with dependent children,252,136,116
S01012256,Couple family: Total,226,118,108
S01012256,Couple family: Both parents working,156,82,74
S01012256,Couple family: One parent working,60,30,30
S01012256,Couple family: No parents working,10,6,4
S01012256,Lone parent family: Total,26,18,8
S01012256,Lone parent family: Parent working,16,10,6
S01012256,Lone parent family: Parent not working,10,8,2
S01012257,All parents aged 16 and over with dependent children,190,81,109
S01012257,Couple family: Total,158,62,96
S01012257,Couple family: Both parents working,140,54,86
S01012257,Couple family: One parent working,14,6,8
S01012257,Couple family: No parents working,4,2,2
S01012257,Lone parent family: Total,32,19,13
S01012257,Lone parent family: Parent working,26,14,12
S01012257,Lone parent family: Parent not working,6,5,1
S01012258,All parents aged 16 and over with dependent children,188,55,133
S01012258,Couple family: Total,174,46,128
S01012258,Couple family: Both parents working,128,34,94
S01012258,Couple family: One parent working,38,6,32
S01012258,Couple family: No parents working,8,6,2
S01012258,Lone parent family: Total,14,9,5
S01012258,Lone parent family: Parent working,12,8,4
S01012258,Lone parent family: Parent not working,2,1,1
S01012259,All parents aged 16 and over with dependent children,111,37,74
S01012259,Couple family: Total,108,34,74
S01012259,Couple family: Both parents working,90,32,58
S01012259,Couple family: One parent working,16,0,16
S01012259,Couple family: No parents working,2,2,0
S01012259,Lone parent family: Total,3,3,0
S01012259,Lone parent family: Parent working,3,3,0
S01012259,Lone parent family: Parent not working,0,0,0
S01012260,All parents aged 16 and over with dependent children,198,75,123
S01012260,Couple family: Total,182,68,114
S01012260,Couple family: Both parents working,124,48,76
S01012260,Couple family: One parent working,56,20,36
S01012260,Couple family: No parents working,2,0,2
S01012260,Lone parent family: Total,16,7,9
S01012260,Lone parent family: Parent working,9,3,6
S01012260,Lone parent family: Parent not working,7,4,3
S01012261,All parents aged 16 and over with dependent children,273,84,189
S01012261,Couple family: Total,256,78,178
S01012261,Couple family: Both parents working,198,64,134
S01012261,Couple family: One parent working,56,14,42
S01012261,Couple family: No parents working,2,0,2
S01012261,Lone parent family: Total,17,6,11
S01012261,Lone parent family: Parent working,12,4,8
S01012261,Lone parent family: Parent not working,5,2,3
S01012262,All parents aged 16 and over with dependent children,163,65,98
S01012262,Couple family: Total,154,58,96
S01012262,Couple family: Both parents working,114,48,66
S01012262,Couple family: One parent working,38,10,28
S01012262,Couple family: No parents working,2,0,2
S01012262,Lone parent family: Total,9,7,2
S01012262,Lone parent family: Parent working,6,6,0
S01012262,Lone parent family: Parent not working,3,1,2
S01012263,All parents aged 16 and over with dependent children,135,77,58
S01012263,Couple family: Total,108,60,48
S01012263,Couple family: Both parents working,68,38,30
S01012263,Couple family: One parent working,36,22,14
S01012263,Couple family: No parents working,4,0,4
S01012263,Lone parent family: Total,27,17,10
S01012263,Lone parent family: Parent working,18,13,5
S01012263,Lone parent family: Parent not working,9,4,5
S01012264,All parents aged 16 and over with dependent children,97,47,50
S01012264,Couple family: Total,84,40,44
S01012264,Couple family: Both parents working,64,32,32
S01012264,Couple family: One parent working,18,6,12
S01012264,Couple family: No parents working,2,2,0
S01012264,Lone parent family: Total,13,7,6
S01012264,Lone parent family: Parent working,7,2,5
S01012264,Lone parent family: Parent not working,6,5,1
S01012265,All parents aged 16 and over with dependent children,167,74,93
S01012265,Couple family: Total,136,54,82
S01012265,Couple family: Both parents working,92,34,58
S01012265,Couple family: One parent working,36,18,18
S01012265,Couple family: No parents working,8,2,6
S01012265,Lone parent family: Total,31,20,11
S01012265,Lone parent family: Parent working,22,16,6
S01012265,Lone parent family: Parent not working,9,4,5
S01012266,All parents aged 16 and over with dependent children,192,91,101
S01012266,Couple family: Total,168,78,90
S01012266,Couple family: Both parents working,124,60,64
S01012266,Couple family: One parent working,34,12,22
S01012266,Couple family: No parents working,10,6,4
S01012266,Lone parent family: Total,24,13,11
S01012266,Lone parent family: Parent working,17,10,7
S01012266,Lone parent family: Parent not working,7,3,4
S01012267,All parents aged 16 and over with dependent children,134,58,76
S01012267,Couple family: Total,122,50,72
S01012267,Couple family: Both parents working,94,42,52
S01012267,Couple family: One parent working,26,6,20
S01012267,Couple family: No parents working,2,2,0
S01012267,Lone parent family: Total,12,8,4
S01012267,Lone parent family: Parent working,9,5,4
S01012267,Lone parent family: Parent not working,3,3,0
S01012268,All parents aged 16 and over with dependent children,147,53,94
S01012268,Couple family: Total,140,50,90
S01012268,Couple family: Both parents working,106,42,64
S01012268,Couple family: One parent working,26,6,20
S01012268,Couple family: No parents working,8,2,6
S01012268,Lone parent family: Total,7,3,4
S01012268,Lone parent family: Parent working,7,3,4
S01012268,Lone parent family: Parent not working,0,0,0
S01012269,All parents aged 16 and over with dependent children,197,74,123
S01012269,Couple family: Total,180,64,116
S01012269,Couple family: Both parents working,148,56,92
S01012269,Couple family: One parent working,30,8,22
S01012269,Couple family: No parents working,2,0,2
S01012269,Lone parent family: Total,17,10,7
S01012269,Lone parent family: Parent working,16,9,7
S01012269,Lone parent family: Parent not working,1,1,0
S01012270,All parents aged 16 and over with dependent children,166,74,92
S01012270,Couple family: Total,132,56,76
S01012270,Couple family: Both parents working,94,40,54
S01012270,Couple family: One parent working,32,12,20
S01012270,Couple family: No parents working,6,4,2
S01012270,Lone parent family: Total,34,18,16
S01012270,Lone parent family: Parent working,28,15,13
S01012270,Lone parent family: Parent not working,6,3,3
S01012271,All parents aged 16 and over with dependent children,242,98,144
S01012271,Couple family: Total,234,96,138
S01012271,Couple family: Both parents working,180,66,114
S01012271,Couple family: One parent working,46,28,18
S01012271,Couple family: No parents working,8,2,6
S01012271,Lone parent family: Total,8,2,6
S01012271,Lone parent family: Parent working,7,2,5
S01012271,Lone parent family: Parent not working,1,0,1
S01012272,All parents aged 16 and over with dependent children,163,63,100
S01012272,Couple family: Total,144,56,88
S01012272,Couple family: Both parents working,122,50,72
S01012272,Couple family: One parent working,20,6,14
S01012272,Couple family: No parents working,2,0,2
S01012272,Lone parent family: Total,19,7,12
S01012272,Lone parent family: Parent working,15,6,9
S01012272,Lone parent family: Parent not working,4,1,3
S01012273,All parents aged 16 and over with dependent children,132,52,80
S01012273,Couple family: Total,120,42,78
S01012273,Couple family: Both parents working,94,30,64
S01012273,Couple family: One parent working,22,10,12
S01012273,Couple family: No parents working,4,2,2
S01012273,Lone parent family: Total,12,10,2
S01012273,Lone parent family: Parent working,9,7,2
S01012273,Lone parent family: Parent not working,3,3,0
S01012274,All parents aged 16 and over with dependent children,185,84,101
S01012274,Couple family: Total,164,68,96
S01012274,Couple family: Both parents working,126,46,80
S01012274,Couple family: One parent working,34,22,12
S01012274,Couple family: No parents working,4,0,4
S01012274,Lone parent family: Total,21,16,5
S01012274,Lone parent family: Parent working,10,7,3
S01012274,Lone parent family: Parent not working,11,9,2
S01012275,All parents aged 16 and over with dependent children,108,68,40
S01012275,Couple family: Total,84,48,36
S01012275,Couple family: Both parents working,54,34,20
S01012275,Couple family: One parent working,26,12,14
S01012275,Couple family: No parents working,4,2,2
S01012275,Lone parent family: Total,24,20,4
S01012275,Lone parent family: Parent working,17,16,1
S01012275,Lone parent family: Parent not working,7,4,3
S01012276,All parents aged 16 and over with dependent children,161,68,93
S01012276,Couple family: Total,140,52,88
S01012276,Couple family: Both parents working,112,46,66
S01012276,Couple family: One parent working,24,4,20
S01012276,Couple family: No parents working,4,2,2
S01012276,Lone parent family: Total,21,16,5
S01012276,Lone parent family: Parent working,16,13,3
S01012276,Lone parent family: Parent not working,5,3,2
S01012277,All parents aged 16 and over with dependent children,237,107,130
S01012277,Couple family: Total,202,84,118
S01012277,Couple family: Both parents working,148,64,84
S01012277,Couple family: One parent working,30,10,20
S01012277,Couple family: No parents working,24,10,14
S01012277,Lone parent family: Total,35,23,12
S01012277,Lone parent family: Parent working,26,18,8
S01012277,Lone parent family: Parent not working,9,5,4
S01012278,All parents aged 16 and over with dependent children,90,45,45
S01012278,Couple family: Total,80,36,44
S01012278,Couple family: Both parents working,62,30,32
S01012278,Couple family: One parent working,16,6,10
S01012278,Couple family: No parents working,2,0,2
S01012278,Lone parent family: Total,10,9,1
S01012278,Lone parent family: Parent working,4,4,0
S01012278,Lone parent family: Parent not working,6,5,1
S01012279,All parents aged 16 and over with dependent children,149,79,70
S01012279,Couple family: Total,106,52,54
S01012279,Couple family: Both parents working,64,28,36
S01012279,Couple family: One parent working,32,18,14
S01012279,Couple family: No parents working,10,6,4
S01012279,Lone parent family: Total,43,27,16
S01012279,Lone parent family: Parent working,20,9,11
S01012279,Lone parent family: Parent not working,23,18,5
S01012280,All parents aged 16 and over with dependent children,194,101,93
S01012280,Couple family: Total,156,74,82
S01012280,Couple family: Both parents working,112,58,54
S01012280,Couple family: One parent working,38,16,22
S01012280,Couple family: No parents working,6,0,6
S01012280,Lone parent family: Total,38,27,11
S01012280,Lone parent family: Parent working,27,21,6
S01012280,Lone parent family: Parent not working,11,6,5
S01012281,All parents aged 16 and over with dependent children,104,58,46
S01012281,Couple family: Total,90,48,42
S01012281,Couple family: Both parents working,74,40,34
S01012281,Couple family: One parent working,14,8,6
S01012281,Couple family: No parents working,2,0,2
S01012281,Lone parent family: Total,14,10,4
S01012281,Lone parent family: Parent working,11,8,3
S01012281,Lone parent family: Parent not working,3,2,1
S01012282,All parents aged 16 and over with dependent children,173,56,117
S01012282,Couple family: Total,158,48,110
S01012282,Couple family: Both parents working,136,38,98
S01012282,Couple family: One parent working,18,10,8
S01012282,Couple family: No parents working,4,0,4
S01012282,Lone parent family: Total,15,8,7
S01012282,Lone parent family: Parent working,10,7,3
S01012282,Lone parent family: Parent not working,5,1,4
S01012283,All parents aged 16 and over with dependent children,204,88,116
S01012283,Couple family: Total,180,72,108
S01012283,Couple family: Both parents working,152,56,96
S01012283,Couple family: One parent working,22,12,10
S01012283,Couple family: No parents working,6,4,2
S01012283,Lone parent family: Total,24,16,8
S01012283,Lone parent family: Parent working,17,12,5
S01012283,Lone parent family: Parent not working,7,4,3
S01012284,All parents aged 16 and over with dependent children,111,58,53
S01012284,Couple family: Total,84,44,40
S01012284,Couple family: Both parents working,64,34,30
S01012284,Couple family: One parent working,14,8,6
S01012284,Couple family: No parents working,6,2,4
S01012284,Lone parent family: Total,27,14,13
S01012284,Lone parent family: Parent working,15,8,7
S01012284,Lone parent family: Parent not working,12,6,6
S01012285,All parents aged 16 and over with dependent children,75,36,39
S01012285,Couple family: Total,72,36,36
S01012285,Couple family: Both parents working,60,32,28
S01012285,Couple family: One parent working,12,4,8
S01012285,Couple family: No parents working,0,0,0
S01012285,Lone parent family: Total,3,0,3
S01012285,Lone parent family: Parent working,3,0,3
S01012285,Lone parent family: Parent not working,0,0,0
S01012286,All parents aged 16 and over with dependent children,196,106,90
S01012286,Couple family: Total,152,74,78
S01012286,Couple family: Both parents working,100,44,56
S01012286,Couple family: One parent working,30,12,18
S01012286,Couple family: No parents working,22,18,4
S01012286,Lone parent family: Total,44,32,12
S01012286,Lone parent family: Parent working,22,18,4
S01012286,Lone parent family: Parent not working,22,14,8
S01012287,All parents aged 16 and over with dependent children,246,135,111
S01012287,Couple family: Total,184,98,86
S01012287,Couple family: Both parents working,104,58,46
S01012287,Couple family: One parent working,50,28,22
S01012287,Couple family: No parents working,30,12,18
S01012287,Lone parent family: Total,62,37,25
S01012287,Lone parent family: Parent working,30,19,11
S01012287,Lone parent family: Parent not working,32,18,14
S01012288,All parents aged 16 and over with dependent children,143,63,80
S01012288,Couple family: Total,106,46,60
S01012288,Couple family: Both parents working,60,26,34
S01012288,Couple family: One parent working,30,12,18
S01012288,Couple family: No parents working,16,8,8
S01012288,Lone parent family: Total,37,17,20
S01012288,Lone parent family: Parent working,17,9,8
S01012288,Lone parent family: Parent not working,20,8,12
S01012289,All parents aged 16 and over with dependent children,145,67,78
S01012289,Couple family: Total,134,62,72
S01012289,Couple family: Both parents working,110,50,60
S01012289,Couple family: One parent working,22,10,12
S01012289,Couple family: No parents working,2,2,0
S01012289,Lone parent family: Total,11,5,6
S01012289,Lone parent family: Parent working,8,5,3
S01012289,Lone parent family: Parent not working,3,0,3
S01012290,All parents aged 16 and over with dependent children,129,59,70
S01012290,Couple family: Total,112,50,62
S01012290,Couple family: Both parents working,80,36,44
S01012290,Couple family: One parent working,26,10,16
S01012290,Couple family: No parents working,6,4,2
S01012290,Lone parent family: Total,17,9,8
S01012290,Lone parent family: Parent working,13,7,6
S01012290,Lone parent family: Parent not working,4,2,2
S01012291,All parents aged 16 and over with dependent children,241,75,166
S01012291,Couple family: Total,208,58,150
S01012291,Couple family: Both parents working,174,54,120
S01012291,Couple family: One parent working,26,4,22
S01012291,Couple family: No parents working,8,0,8
S01012291,Lone parent family: Total,33,17,16
S01012291,Lone parent family: Parent working,25,15,10
S01012291,Lone parent family: Parent not working,8,2,6
S01012292,All parents aged 16 and over with dependent children,129,40,89
S01012292,Couple family: Total,112,30,82
S01012292,Couple family: Both parents working,80,18,62
S01012292,Couple family: One parent working,30,10,20
S01012292,Couple family: No parents working,2,2,0
S01012292,Lone parent family: Total,17,10,7
S01012292,Lone parent family: Parent working,15,10,5
S01012292,Lone parent family: Parent not working,2,0,2
S01012293,All parents aged 16 and over with dependent children,107,45,62
S01012293,Couple family: Total,98,40,58
S01012293,Couple family: Both parents working,66,34,32
S01012293,Couple family: One parent working,28,6,22
S01012293,Couple family: No parents working,4,0,4
S01012293,Lone parent family: Total,9,5,4
S01012293,Lone parent family: Parent working,8,5,3
S01012293,Lone parent family: Parent not working,1,0,1
S01012294,All parents aged 16 and over with dependent children,205,97,108
S01012294,Couple family: Total,174,82,92
S01012294,Couple family: Both parents working,138,66,72
S01012294,Couple family: One parent working,32,12,20
S01012294,Couple family: No parents working,4,4,0
S01012294,Lone parent family: Total,31,15,16
S01012294,Lone parent family: Parent working,25,12,13
S01012294,Lone parent family: Parent not working,6,3,3
S01012295,All parents aged 16 and over with dependent children,223,102,121
S01012295,Couple family: Total,200,90,110
S01012295,Couple family: Both parents working,156,70,86
S01012295,Couple family: One parent working,30,14,16
S01012295,Couple family: No parents working,14,6,8
S01012295,Lone parent family: Total,23,12,11
S01012295,Lone parent family: Parent working,14,7,7
S01012295,Lone parent family: Parent not working,9,5,4
S01012296,All parents aged 16 and over with dependent children,266,77,189
S01012296,Couple family: Total,242,64,178
S01012296,Couple family: Both parents working,202,46,156
S01012296,Couple family: One parent working,34,16,18
S01012296,Couple family: No parents working,6,2,4
S01012296,Lone parent family: Total,24,13,11
S01012296,Lone parent family: Parent working,20,10,10
S01012296,Lone parent family: Parent not working,4,3,1
S01012297,All parents aged 16 and over with dependent children,122,50,72
S01012297,Couple family: Total,114,48,66
S01012297,Couple family: Both parents working,90,40,50
S01012297,Couple family: One parent working,22,6,16
S01012297,Couple family: No parents working,2,2,0
S01012297,Lone parent family: Total,8,2,6
S01012297,Lone parent family: Parent working,7,2,5
S01012297,Lone parent family: Parent not working,1,0,1
S01012298,All parents aged 16 and over with dependent children,160,57,103
S01012298,Couple family: Total,148,52,96
S01012298,Couple family: Both parents working,108,40,68
S01012298,Couple family: One parent working,30,6,24
S01012298,Couple family: No parents working,10,6,4
S01012298,Lone parent family: Total,12,5,7
S01012298,Lone parent family: Parent working,11,4,7
S01012298,Lone parent family: Parent not working,1,1,0
S01012299,All parents aged 16 and over with dependent children,143,60,83
S01012299,Couple family: Total,130,56,74
S01012299,Couple family: Both parents working,100,52,48
S01012299,Couple family: One parent working,26,4,22
S01012299,Couple family: No parents working,4,0,4
S01012299,Lone parent family: Total,13,4,9
S01012299,Lone parent family: Parent working,12,4,8
S01012299,Lone parent family: Parent not working,1,0,1
S01012300,All parents aged 16 and over with dependent children,141,54,87
S01012300,Couple family: Total,126,44,82
S01012300,Couple family: Both parents working,86,30,56
S01012300,Couple family: One parent working,30,14,16
S01012300,Couple family: No parents working,10,0,10
S01012300,Lone parent family: Total,15,10,5
S01012300,Lone parent family: Parent working,14,9,5
S01012300,Lone parent family: Parent not working,1,1,0
S01012301,All parents aged 16 and over with dependent children,181,70,111
S01012301,Couple family: Total,160,60,100
S01012301,Couple family: Both parents working,104,48,56
S01012301,Couple family: One parent working,48,10,38
S01012301,Couple family: No parents working,8,2,6
S01012301,Lone parent family: Total,21,10,11
S01012301,Lone parent family: Parent working,10,7,3
S01012301,Lone parent family: Parent not working,11,3,8
S01012302,All parents aged 16 and over with dependent children,114,45,69
S01012302,Couple family: Total,104,36,68
S01012302,Couple family: Both parents working,60,22,38
S01012302,Couple family: One parent working,34,14,20
S01012302,Couple family: No parents working,10,0,10
S01012302,Lone parent family: Total,10,9,1
S01012302,Lone parent family: Parent working,8,8,0
S01012302,Lone parent family: Parent not working,2,1,1
S01012303,All parents aged 16 and over with dependent children,192,53,139
S01012303,Couple family: Total,178,44,134
S01012303,Couple family: Both parents working,128,34,94
S01012303,Couple family: One parent working,48,8,40
S01012303,Couple family: No parents working,2,2,0
S01012303,Lone parent family: Total,14,9,5
S01012303,Lone parent family: Parent working,14,9,5
S01012303,Lone parent family: Parent not working,0,0,0
S01012304,All parents aged 16 and over with dependent children,190,61,129
S01012304,Couple family: Total,168,52,116
S01012304,Couple family: Both parents working,116,40,76
S01012304,Couple family: One parent working,48,12,36
S01012304,Couple family: No parents working,4,0,4
S01012304,Lone parent family: Total,22,9,13
S01012304,Lone parent family: Parent working,15,5,10
S01012304,Lone parent family: Parent not working,7,4,3
S01012305,All parents aged 16 and over with dependent children,130,69,61
S01012305,Couple family: Total,108,54,54
S01012305,Couple family: Both parents working,82,40,42
S01012305,Couple family: One parent working,24,14,10
S01012305,Couple family: No parents working,2,0,2
S01012305,Lone parent family: Total,22,15,7
S01012305,Lone parent family: Parent working,13,9,4
S01012305,Lone parent family: Parent not working,9,6,3
S01012306,All parents aged 16 and over with dependent children,107,37,70
S01012306,Couple family: Total,90,26,64
S01012306,Couple family: Both parents working,62,20,42
S01012306,Couple family: One parent working,26,4,22
S01012306,Couple family: No parents working,2,2,0
S01012306,Lone parent family: Total,17,11,6
S01012306,Lone parent family: Parent working,16,11,5
S01012306,Lone parent family: Parent not working,1,0,1
S01012307,All parents aged 16 and over with dependent children,101,50,51
S01012307,Couple family: Total,82,38,44
S01012307,Couple family: Both parents working,62,32,30
S01012307,Couple family: One parent working,16,4,12
S01012307,Couple family: No parents working,4,2,2
S01012307,Lone parent family: Total,19,12,7
S01012307,Lone parent family: Parent working,15,10,5
S01012307,Lone parent family: Parent not working,4,2,2
S01012308,All parents aged 16 and over with dependent children,200,74,126
S01012308,Couple family: Total,186,66,120
S01012308,Couple family: Both parents working,130,42,88
S01012308,Couple family: One parent working,46,22,24
S01012308,Couple family: No parents working,10,2,8
S01012308,Lone parent family: Total,14,8,6
S01012308,Lone parent family: Parent working,11,6,5
S01012308,Lone parent family: Parent not working,3,2,1
S01012309,All parents aged 16 and over with dependent children,79,37,42
S01012309,Couple family: Total,70,32,38
S01012309,Couple family: Both parents working,50,28,22
S01012309,Couple family: One parent working,12,2,10
S01012309,Couple family: No parents working,8,2,6
S01012309,Lone parent family: Total,9,5,4
S01012309,Lone parent family: Parent working,7,5,2
S01012309,Lone parent family: Parent not working,2,0,2
S01012310,All parents aged 16 and over with dependent children,134,69,65
S01012310,Couple family: Total,114,54,60
S01012310,Couple family: Both parents working,72,38,34
S01012310,Couple family: One parent working,38,12,26
S01012310,Couple family: No parents working,4,4,0
S01012310,Lone parent family: Total,20,15,5
S01012310,Lone parent family: Parent working,14,10,4
S01012310,Lone parent family: Parent not working,6,5,1
S01012311,All parents aged 16 and over with dependent children,92,41,51
S01012311,Couple family: Total,84,34,50
S01012311,Couple family: Both parents working,56,20,36
S01012311,Couple family: One parent working,26,12,14
S01012311,Couple family: No parents working,2,2,0
S01012311,Lone parent family: Total,8,7,1
S01012311,Lone parent family: Parent working,7,6,1
S01012311,Lone parent family: Parent not working,1,1,0
S01012312,All parents aged 16 and over with dependent children,178,87,91
S01012312,Couple family: Total,164,80,84
S01012312,Couple family: Both parents working,112,54,58
S01012312,Couple family: One parent working,46,22,24
S01012312,Couple family: No parents working,6,4,2
S01012312,Lone parent family: Total,14,7,7
S01012312,Lone parent family: Parent working,9,5,4
S01012312,Lone parent family: Parent not working,5,2,3
S01012313,All parents aged 16 and over with dependent children,151,76,75
S01012313,Couple family: Total,140,70,70
S01012313,Couple family: Both parents working,108,50,58
S01012313,Couple family: One parent working,28,18,10
S01012313,Couple family: No parents working,4,2,2
S01012313,Lone parent family: Total,11,6,5
S01012313,Lone parent family: Parent working,9,6,3
S01012313,Lone parent family: Parent not working,2,0,2
S01012314,All parents aged 16 and over with dependent children,185,80,105
S01012314,Couple family: Total,146,58,88
S01012314,Couple family: Both parents working,94,38,56
S01012314,Couple family: One parent working,44,16,28
S01012314,Couple family: No parents working,8,4,4
S01012314,Lone parent family: Total,39,22,17
S01012314,Lone parent family: Parent working,26,17,9
S01012314,Lone parent family: Parent not working,13,5,8
S01012315,All parents aged 16 and over with dependent children,76,34,42
S01012315,Couple family: Total,64,30,34
S01012315,Couple family: Both parents working,48,22,26
S01012315,Couple family: One parent working,12,4,8
S01012315,Couple family: No parents working,4,4,0
S01012315,Lone parent family: Total,12,4,8
S01012315,Lone parent family: Parent working,7,3,4
S01012315,Lone parent family: Parent not working,5,1,4
S01012316,All parents aged 16 and over with dependent children,100,54,46
S01012316,Couple family: Total,70,32,38
S01012316,Couple family: Both parents working,44,20,24
S01012316,Couple family: One parent working,22,12,10
S01012316,Couple family: No parents working,4,0,4
S01012316,Lone parent family: Total,30,22,8
S01012316,Lone parent family: Parent working,11,11,0
S01012316,Lone parent family: Parent not working,19,11,8
S01012317,All parents aged 16 and over with dependent children,152,51,101
S01012317,Couple family: Total,132,46,86
S01012317,Couple family: Both parents working,104,38,66
S01012317,Couple family: One parent working,22,8,14
S01012317,Couple family: No parents working,6,0,6
S01012317,Lone parent family: Total,20,5,15
S01012317,Lone parent family: Parent working,11,3,8
S01012317,Lone parent family: Parent not working,9,2,7
S01012318,All parents aged 16 and over with dependent children,180,92,88
S01012318,Couple family: Total,152,78,74
S01012318,Couple family: Both parents working,96,62,34
S01012318,Couple family: One parent working,48,12,36
S01012318,Couple family: No parents working,8,4,4
S01012318,Lone parent family: Total,28,14,14
S01012318,Lone parent family: Parent working,19,10,9
S01012318,Lone parent family: Parent not working,9,4,5
S01012319,All parents aged 16 and over with dependent children,144,58,86
S01012319,Couple family: Total,130,48,82
S01012319,Couple family: Both parents working,92,40,52
S01012319,Couple family: One parent working,36,6,30
S01012319,Couple family: No parents working,2,2,0
S01012319,Lone parent family: Total,14,10,4
S01012319,Lone parent family: Parent working,8,6,2
S01012319,Lone parent family: Parent not working,6,4,2
S01012320,All parents aged 16 and over with dependent children,169,87,82
S01012320,Couple family: Total,146,70,76
S01012320,Couple family: Both parents working,94,48,46
S01012320,Couple family: One parent working,40,16,24
S01012320,Couple family: No parents working,12,6,6
S01012320,Lone parent family: Total,23,17,6
S01012320,Lone parent family: Parent working,14,12,2
S01012320,Lone parent family: Parent not working,9,5,4
S01012321,All parents aged 16 and over with dependent children,168,65,103
S01012321,Couple family: Total,148,54,94
S01012321,Couple family: Both parents working,86,36,50
S01012321,Couple family: One parent working,56,12,44
S01012321,Couple family: No parents working,6,6,0
S01012321,Lone parent family: Total,20,11,9
S01012321,Lone parent family: Parent working,10,4,6
S01012321,Lone parent family: Parent not working,10,7,3
S01012322,All parents aged 16 and over with dependent children,183,83,100
S01012322,Couple family: Total,160,68,92
S01012322,Couple family: Both parents working,122,50,72
S01012322,Couple family: One parent working,28,10,18
S01012322,Couple family: No parents working,10,8,2
S01012322,Lone parent family: Total,23,15,8
S01012322,Lone parent family: Parent working,15,11,4
S01012322,Lone parent family: Parent not working,8,4,4
S01012323,All parents aged 16 and over with dependent children,130,62,68
S01012323,Couple family: Total,120,56,64
S01012323,Couple family: Both parents working,88,38,50
S01012323,Couple family: One parent working,24,10,14
S01012323,Couple family: No parents working,8,8,0
S01012323,Lone parent family: Total,10,6,4
S01012323,Lone parent family: Parent working,9,6,3
S01012323,Lone parent family: Parent not working,1,0,1
S01012324,All parents aged 16 and over with dependent children,132,54,78
S01012324,Couple family: Total,118,42,76
S01012324,Couple family: Both parents working,88,38,50
S01012324,Couple family: One parent working,28,4,24
S01012324,Couple family: No parents working,2,0,2
S01012324,Lone parent family: Total,14,12,2
S01012324,Lone parent family: Parent working,13,12,1
S01012324,Lone parent family: Parent not working,1,0,1
S01012325,All parents aged 16 and over with dependent children,72,41,31
S01012325,Couple family: Total,56,30,26
S01012325,Couple family: Both parents working,36,22,14
S01012325,Couple family: One parent working,20,8,12
S01012325,Couple family: No parents working,0,0,0
S01012325,Lone parent family: Total,16,11,5
S01012325,Lone parent family: Parent working,11,7,4
S01012325,Lone parent family: Parent not working,5,4,1
S01012326,All parents aged 16 and over with dependent children,69,27,42
S01012326,Couple family: Total,60,20,40
S01012326,Couple family: Both parents working,42,12,30
S01012326,Couple family: One parent working,10,4,6
S01012326,Couple family: No parents working,8,4,4
S01012326,Lone parent family: Total,9,7,2
S01012326,Lone parent family: Parent working,4,4,0
S01012326,Lone parent family: Parent not working,5,3,2
S01012327,All parents aged 16 and over with dependent children,158,81,77
S01012327,Couple family: Total,130,62,68
S01012327,Couple family: Both parents working,94,44,50
S01012327,Couple family: One parent working,32,16,16
S01012327,Couple family: No parents working,4,2,2
S01012327,Lone parent family: Total,28,19,9
S01012327,Lone parent family: Parent working,17,12,5
S01012327,Lone parent family: Parent not working,11,7,4
S01012328,All parents aged 16 and over with dependent children,56,17,39
S01012328,Couple family: Total,48,14,34
S01012328,Couple family: Both parents working,26,14,12
S01012328,Couple family: One parent working,20,0,20
S01012328,Couple family: No parents working,2,0,2
S01012328,Lone parent family: Total,8,3,5
S01012328,Lone parent family: Parent working,4,2,2
S01012328,Lone parent family: Parent not working,4,1,3
S01012329,All parents aged 16 and over with dependent children,155,56,99
S01012329,Couple family: Total,142,50,92
S01012329,Couple family: Both parents working,106,36,70
S01012329,Couple family: One parent working,32,12,20
S01012329,Couple family: No parents working,4,2,2
S01012329,Lone parent family: Total,13,6,7
S01012329,Lone parent family: Parent working,6,4,2
S01012329,Lone parent family: Parent not working,7,2,5
S01012330,All parents aged 16 and over with dependent children,99,43,56
S01012330,Couple family: Total,88,38,50
S01012330,Couple family: Both parents working,70,32,38
S01012330,Couple family: One parent working,14,6,8
S01012330,Couple family: No parents working,4,0,4
S01012330,Lone parent family: Total,11,5,6
S01012330,Lone parent family: Parent working,8,4,4
S01012330,Lone parent family: Parent not working,3,1,2
S01012331,All parents aged 16 and over with dependent children,161,43,118
S01012331,Couple family: Total,152,38,114
S01012331,Couple family: Both parents working,122,28,94
S01012331,Couple family: One parent working,28,8,20
S01012331,Couple family: No parents working,2,2,0
S01012331,Lone parent family: Total,9,5,4
S01012331,Lone parent family: Parent working,8,5,3
S01012331,Lone parent family: Parent not working,1,0,1
S01012332,All parents aged 16 and over with dependent children,199,86,113
S01012332,Couple family: Total,188,82,106
S01012332,Couple family: Both parents working,142,64,78
S01012332,Couple family: One parent working,38,18,20
S01012332,Couple family: No parents working,8,0,8
S01012332,Lone parent family: Total,11,4,7
S01012332,Lone parent family: Parent working,9,4,5
S01012332,Lone parent family: Parent not working,2,0,2
S01012333,All parents aged 16 and over with dependent children,190,75,115
S01012333,Couple family: Total,168,62,106
S01012333,Couple family: Both parents working,120,44,76
S01012333,Couple family: One parent working,42,16,26
S01012333,Couple family: No parents working,6,2,4
S01012333,Lone parent family: Total,22,13,9
S01012333,Lone parent family: Parent working,14,9,5
S01012333,Lone parent family: Parent not working,8,4,4
S01012334,All parents aged 16 and over with dependent children,157,68,89
S01012334,Couple family: Total,122,40,82
S01012334,Couple family: Both parents working,82,28,54
S01012334,Couple family: One parent working,32,6,26
S01012334,Couple family: No parents working,8,6,2
S01012334,Lone parent family: Total,35,28,7
S01012334,Lone parent family: Parent working,25,20,5
S01012334,Lone parent family: Parent not working,10,8,2
S01012335,All parents aged 16 and over with dependent children,226,102,124
S01012335,Couple family: Total,198,88,110
S01012335,Couple family: Both parents working,176,78,98
S01012335,Couple family: One parent working,12,4,8
S01012335,Couple family: No parents working,10,6,4
S01012335,Lone parent family: Total,28,14,14
S01012335,Lone parent family: Parent working,22,12,10
S01012335,Lone parent family: Parent not working,6,2,4
S01012336,All parents aged 16 and over with dependent children,114,53,61
S01012336,Couple family: Total,98,40,58
S01012336,Couple family: Both parents working,92,40,52
S01012336,Couple family: One parent working,6,0,6
S01012336,Couple family: No parents working,0,0,0
S01012336,Lone parent family: Total,16,13,3
S01012336,Lone parent family: Parent working,12,9,3
S01012336,Lone parent family: Parent not working,4,4,0
S01012337,All parents aged 16 and over with dependent children,141,73,68
S01012337,Couple family: Total,110,52,58
S01012337,Couple family: Both parents working,58,26,32
S01012337,Couple family: One parent working,42,24,18
S01012337,Couple family: No parents working,10,2,8
S01012337,Lone parent family: Total,31,21,10
S01012337,Lone parent family: Parent working,18,14,4
S01012337,Lone parent family: Parent not working,13,7,6
S01012338,All parents aged 16 and over with dependent children,90,39,51
S01012338,Couple family: Total,72,30,42
S01012338,Couple family: Both parents working,42,14,28
S01012338,Couple family: One parent working,24,12,12
S01012338,Couple family: No parents working,6,4,2
S01012338,Lone parent family: Total,18,9,9
S01012338,Lone parent family: Parent working,16,9,7
S01012338,Lone parent family: Parent not working,2,0,2
S01012339,All parents aged 16 and over with dependent children,72,37,35
S01012339,Couple family: Total,54,24,30
S01012339,Couple family: Both parents working,32,14,18
S01012339,Couple family: One parent working,14,6,8
S01012339,Couple family: No parents working,8,4,4
S01012339,Lone parent family: Total,18,13,5
S01012339,Lone parent family: Parent working,10,9,1
S01012339,Lone parent family: Parent not working,8,4,4
S01012340,All parents aged 16 and over with dependent children,213,97,116
S01012340,Couple family: Total,180,82,98
S01012340,Couple family: Both parents working,130,70,60
S01012340,Couple family: One parent working,46,12,34
S01012340,Couple family: No parents working,4,0,4
S01012340,Lone parent family: Total,33,15,18
S01012340,Lone parent family: Parent working,20,6,14
S01012340,Lone parent family: Parent not working,13,9,4
S01012341,All parents aged 16 and over with dependent children,193,72,121
S01012341,Couple family: Total,188,70,118
S01012341,Couple family: Both parents working,146,58,88
S01012341,Couple family: One parent working,32,8,24
S01012341,Couple family: No parents working,10,4,6
S01012341,Lone parent family: Total,5,2,3
S01012341,Lone parent family: Parent working,4,2,2
S01012341,Lone parent family: Parent not working,1,0,1
S01012342,All parents aged 16 and over with dependent children,171,77,94
S01012342,Couple family: Total,152,66,86
S01012342,Couple family: Both parents working,122,54,68
S01012342,Couple family: One parent working,26,12,14
S01012342,Couple family: No parents working,4,0,4
S01012342,Lone parent family: Total,19,11,8
S01012342,Lone parent family: Parent working,17,9,8
S01012342,Lone parent family: Parent not working,2,2,0
S01012343,All parents aged 16 and over with dependent children,184,71,113
S01012343,Couple family: Total,168,60,108
S01012343,Couple family: Both parents working,116,50,66
S01012343,Couple family: One parent working,44,8,36
S01012343,Couple family: No parents working,8,2,6
S01012343,Lone parent family: Total,16,11,5
S01012343,Lone parent family: Parent working,9,6,3
S01012343,Lone parent family: Parent not working,7,5,2
S01012344,All parents aged 16 and over with dependent children,112,64,48
S01012344,Couple family: Total,88,42,46
S01012344,Couple family: Both parents working,64,30,34
S01012344,Couple family: One parent working,18,8,10
S01012344,Couple family: No parents working,6,4,2
S01012344,Lone parent family: Total,24,22,2
S01012344,Lone parent family: Parent working,17,16,1
S01012344,Lone parent family: Parent not working,7,6,1
S01012345,All parents aged 16 and over with dependent children,148,77,71
S01012345,Couple family: Total,130,66,64
S01012345,Couple family: Both parents working,108,50,58
S01012345,Couple family: One parent working,20,16,4
S01012345,Couple family: No parents working,2,0,2
S01012345,Lone parent family: Total,18,11,7
S01012345,Lone parent family: Parent working,13,8,5
S01012345,Lone parent family: Parent not working,5,3,2
S01012346,All parents aged 16 and over with dependent children,144,56,88
S01012346,Couple family: Total,138,52,86
S01012346,Couple family: Both parents working,98,32,66
S01012346,Couple family: One parent working,32,14,18
S01012346,Couple family: No parents working,8,6,2
S01012346,Lone parent family: Total,6,4,2
S01012346,Lone parent family: Parent working,5,3,2
S01012346,Lone parent family: Parent not working,1,1,0
S01012347,All parents aged 16 and over with dependent children,147,54,93
S01012347,Couple family: Total,128,40,88
S01012347,Couple family: Both parents working,96,32,64
S01012347,Couple family: One parent working,26,6,20
S01012347,Couple family: No parents working,6,2,4
S01012347,Lone parent family: Total,19,14,5
S01012347,Lone parent family: Parent working,16,11,5
S01012347,Lone parent family: Parent not working,3,3,0
S01012348,All parents aged 16 and over with dependent children,155,60,95
S01012348,Couple family: Total,136,46,90
S01012348,Couple family: Both parents working,112,36,76
S01012348,Couple family: One parent working,20,8,12
S01012348,Couple family: No parents working,4,2,2
S01012348,Lone parent family: Total,19,14,5
S01012348,Lone parent family: Parent working,16,13,3
S01012348,Lone parent family: Parent not working,3,1,2
S01012349,All parents aged 16 and over with dependent children,183,95,88
S01012349,Couple family: Total,144,74,70
S01012349,Couple family: Both parents working,108,60,48
S01012349,Couple family: One parent working,28,10,18
S01012349,Couple family: No parents working,8,4,4
S01012349,Lone parent family: Total,39,21,18
S01012349,Lone parent family: Parent working,29,17,12
S01012349,Lone parent family: Parent not working,10,4,6
S01012350,All parents aged 16 and over with dependent children,151,59,92
S01012350,Couple family: Total,120,44,76
S01012350,Couple family: Both parents working,86,42,44
S01012350,Couple family: One parent working,30,2,28
S01012350,Couple family: No parents working,4,0,4
S01012350,Lone parent family: Total,31,15,16
S01012350,Lone parent family: Parent working,16,8,8
S01012350,Lone parent family: Parent not working,15,7,8
S01012351,All parents aged 16 and over with dependent children,204,95,109
S01012351,Couple family: Total,164,74,90
S01012351,Couple family: Both parents working,126,54,72
S01012351,Couple family: One parent working,24,14,10
S01012351,Couple family: No parents working,14,6,8
S01012351,Lone parent family: Total,40,21,19
S01012351,Lone parent family: Parent working,29,18,11
S01012351,Lone parent family: Parent not working,11,3,8
S01012352,All parents aged 16 and over with dependent children,159,76,83
S01012352,Couple family: Total,146,66,80
S01012352,Couple family: Both parents working,112,58,54
S01012352,Couple family: One parent working,28,8,20
S01012352,Couple family: No parents working,6,0,6
S01012352,Lone parent family: Total,13,10,3
S01012352,Lone parent family: Parent working,8,6,2
S01012352,Lone parent family: Parent not working,5,4,1
S01012353,All parents aged 16 and over with dependent children,97,50,47
S01012353,Couple family: Total,74,34,40
S01012353,Couple family: Both parents working,54,28,26
S01012353,Couple family: One parent working,16,4,12
S01012353,Couple family: No parents working,4,2,2
S01012353,Lone parent family: Total,23,16,7
S01012353,Lone parent family: Parent working,17,11,6
S01012353,Lone parent family: Parent not working,6,5,1
S01012354,All parents aged 16 and over with dependent children,129,54,75
S01012354,Couple family: Total,120,48,72
S01012354,Couple family: Both parents working,98,40,58
S01012354,Couple family: One parent working,22,8,14
S01012354,Couple family: No parents working,0,0,0
S01012354,Lone parent family: Total,9,6,3
S01012354,Lone parent family: Parent working,6,5,1
S01012354,Lone parent family: Parent not working,3,1,2
S01012355,All parents aged 16 and over with dependent children,143,54,89
S01012355,Couple family: Total,130,48,82
S01012355,Couple family: Both parents working,98,40,58
S01012355,Couple family: One parent working,24,8,16
S01012355,Couple family: No parents working,8,0,8
S01012355,Lone parent family: Total,13,6,7
S01012355,Lone parent family: Parent working,10,5,5
S01012355,Lone parent family: Parent not working,3,1,2
S01012356,All parents aged 16 and over with dependent children,109,35,74
S01012356,Couple family: Total,94,26,68
S01012356,Couple family: Both parents working,78,22,56
S01012356,Couple family: One parent working,12,2,10
S01012356,Couple family: No parents working,4,2,2
S01012356,Lone parent family: Total,15,9,6
S01012356,Lone parent family: Parent working,11,8,3
S01012356,Lone parent family: Parent not working,4,1,3
S01012357,All parents aged 16 and over with dependent children,121,53,68
S01012357,Couple family: Total,114,50,64
S01012357,Couple family: Both parents working,94,40,54
S01012357,Couple family: One parent working,20,10,10
S01012357,Couple family: No parents working,0,0,0
S01012357,Lone parent family: Total,7,3,4
S01012357,Lone parent family: Parent working,6,2,4
S01012357,Lone parent family: Parent not working,1,1,0
S01012358,All parents aged 16 and over with dependent children,113,47,66
S01012358,Couple family: Total,104,40,64
S01012358,Couple family: Both parents working,82,30,52
S01012358,Couple family: One parent working,18,8,10
S01012358,Couple family: No parents working,4,2,2
S01012358,Lone parent family: Total,9,7,2
S01012358,Lone parent family: Parent working,8,7,1
S01012358,Lone parent family: Parent not working,1,0,1
S01012359,All parents aged 16 and over with dependent children,164,80,84
S01012359,Couple family: Total,112,52,60
S01012359,Couple family: Both parents working,70,38,32
S01012359,Couple family: One parent working,22,12,10
S01012359,Couple family: No parents working,20,2,18
S01012359,Lone parent family: Total,52,28,24
S01012359,Lone parent family: Parent working,29,17,12
S01012359,Lone parent family: Parent not working,23,11,12
S01012360,All parents aged 16 and over with dependent children,198,78,120
S01012360,Couple family: Total,148,54,94
S01012360,Couple family: Both parents working,74,28,46
S01012360,Couple family: One parent working,48,14,34
S01012360,Couple family: No parents working,26,12,14
S01012360,Lone parent family: Total,50,24,26
S01012360,Lone parent family: Parent working,25,11,14
S01012360,Lone parent family: Parent not working,25,13,12
S01012361,All parents aged 16 and over with dependent children,138,53,85
S01012361,Couple family: Total,100,40,60
S01012361,Couple family: Both parents working,56,20,36
S01012361,Couple family: One parent working,32,16,16
S01012361,Couple family: No parents working,12,4,8
S01012361,Lone parent family: Total,38,13,25
S01012361,Lone parent family: Parent working,13,4,9
S01012361,Lone parent family: Parent not working,25,9,16
S01012362,All parents aged 16 and over with dependent children,233,104,129
S01012362,Couple family: Total,168,70,98
S01012362,Couple family: Both parents working,68,38,30
S01012362,Couple family: One parent working,66,18,48
S01012362,Couple family: No parents working,34,14,20
S01012362,Lone parent family: Total,65,34,31
S01012362,Lone parent family: Parent working,32,22,10
S01012362,Lone parent family: Parent not working,33,12,21
S01012363,All parents aged 16 and over with dependent children,130,70,60
S01012363,Couple family: Total,96,46,50
S01012363,Couple family: Both parents working,68,30,38
S01012363,Couple family: One parent working,22,10,12
S01012363,Couple family: No parents working,6,6,0
S01012363,Lone parent family: Total,34,24,10
S01012363,Lone parent family: Parent working,16,10,6
S01012363,Lone parent family: Parent not working,18,14,4
S01012364,All parents aged 16 and over with dependent children,82,40,42
S01012364,Couple family: Total,72,34,38
S01012364,Couple family: Both parents working,62,30,32
S01012364,Couple family: One parent working,8,2,6
S01012364,Couple family: No parents working,2,2,0
S01012364,Lone parent family: Total,10,6,4
S01012364,Lone parent family: Parent working,5,4,1
S01012364,Lone parent family: Parent not working,5,2,3
S01012365,All parents aged 16 and over with dependent children,174,97,77
S01012365,Couple family: Total,158,88,70
S01012365,Couple family: Both parents working,144,84,60
S01012365,Couple family: One parent working,14,4,10
S01012365,Couple family: No parents working,0,0,0
S01012365,Lone parent family: Total,16,9,7
S01012365,Lone parent family: Parent working,13,7,6
S01012365,Lone parent family: Parent not working,3,2,1
S01012366,All parents aged 16 and over with dependent children,113,72,41
S01012366,Couple family: Total,92,58,34
S01012366,Couple family: Both parents working,60,38,22
S01012366,Couple family: One parent working,22,10,12
S01012366,Couple family: No parents working,10,10,0
S01012366,Lone parent family: Total,21,14,7
S01012366,Lone parent family: Parent working,17,12,5
S01012366,Lone parent family: Parent not working,4,2,2
S01012367,All parents aged 16 and over with dependent children,149,69,80
S01012367,Couple family: Total,124,50,74
S01012367,Couple family: Both parents working,94,38,56
S01012367,Couple family: One parent working,24,12,12
S01012367,Couple family: No parents working,6,0,6
S01012367,Lone parent family: Total,25,19,6
S01012367,Lone parent family: Parent working,20,17,3
S01012367,Lone parent family: Parent not working,5,2,3
S01012368,All parents aged 16 and over with dependent children,85,34,51
S01012368,Couple family: Total,76,30,46
S01012368,Couple family: Both parents working,58,24,34
S01012368,Couple family: One parent working,14,4,10
S01012368,Couple family: No parents working,4,2,2
S01012368,Lone parent family: Total,9,4,5
S01012368,Lone parent family: Parent working,8,4,4
S01012368,Lone parent family: Parent not working,1,0,1
S01012369,All parents aged 16 and over with dependent children,190,84,106
S01012369,Couple family: Total,174,70,104
S01012369,Couple family: Both parents working,146,64,82
S01012369,Couple family: One parent working,22,6,16
S01012369,Couple family: No parents working,6,0,6
S01012369,Lone parent family: Total,16,14,2
S01012369,Lone parent family: Parent working,11,10,1
S01012369,Lone parent family: Parent not working,5,4,1
S01012370,All parents aged 16 and over with dependent children,154,76,78
S01012370,Couple family: Total,134,66,68
S01012370,Couple family: Both parents working,114,58,56
S01012370,Couple family: One parent working,14,6,8
S01012370,Couple family: No parents working,6,2,4
S01012370,Lone parent family: Total,20,10,10
S01012370,Lone parent family: Parent working,15,7,8
S01012370,Lone parent family: Parent not working,5,3,2
S01012371,All parents aged 16 and over with dependent children,147,73,74
S01012371,Couple family: Total,112,50,62
S01012371,Couple family: Both parents working,86,42,44
S01012371,Couple family: One parent working,24,6,18
S01012371,Couple family: No parents working,2,2,0
S01012371,Lone parent family: Total,35,23,12
S01012371,Lone parent family: Parent working,22,15,7
S01012371,Lone parent family: Parent not working,13,8,5
S01012372,All parents aged 16 and over with dependent children,90,44,46
S01012372,Couple family: Total,60,24,36
S01012372,Couple family: Both parents working,50,20,30
S01012372,Couple family: One parent working,8,4,4
S01012372,Couple family: No parents working,2,0,2
S01012372,Lone parent family: Total,30,20,10
S01012372,Lone parent family: Parent working,15,12,3
S01012372,Lone parent family: Parent not working,15,8,7
S01012373,All parents aged 16 and over with dependent children,177,76,101
S01012373,Couple family: Total,164,66,98
S01012373,Couple family: Both parents working,134,46,88
S01012373,Couple family: One parent working,14,6,8
S01012373,Couple family: No parents working,16,14,2
S01012373,Lone parent family: Total,13,10,3
S01012373,Lone parent family: Parent working,8,5,3
S01012373,Lone parent family: Parent not working,5,5,0
S01012374,All parents aged 16 and over with dependent children,216,114,102
S01012374,Couple family: Total,176,86,90
S01012374,Couple family: Both parents working,136,68,68
S01012374,Couple family: One parent working,34,14,20
S01012374,Couple family: No parents working,6,4,2
S01012374,Lone parent family: Total,40,28,12
S01012374,Lone parent family: Parent working,31,20,11
S01012374,Lone parent family: Parent not working,9,8,1
S01012375,All parents aged 16 and over with dependent children,206,101,105
S01012375,Couple family: Total,164,78,86
S01012375,Couple family: Both parents working,128,68,60
S01012375,Couple family: One parent working,26,4,22
S01012375,Couple family: No parents working,10,6,4
S01012375,Lone parent family: Total,42,23,19
S01012375,Lone parent family: Parent working,21,13,8
S01012375,Lone parent family: Parent not working,21,10,11
S01012376,All parents aged 16 and over with dependent children,206,92,114
S01012376,Couple family: Total,190,86,104
S01012376,Couple family: Both parents working,154,74,80
S01012376,Couple family: One parent working,32,12,20
S01012376,Couple family: No parents working,4,0,4
S01012376,Lone parent family: Total,16,6,10
S01012376,Lone parent family: Parent working,12,3,9
S01012376,Lone parent family: Parent not working,4,3,1
S01012377,All parents aged 16 and over with dependent children,118,55,63
S01012377,Couple family: Total,106,50,56
S01012377,Couple family: Both parents working,90,44,46
S01012377,Couple family: One parent working,12,6,6
S01012377,Couple family: No parents working,4,0,4
S01012377,Lone parent family: Total,12,5,7
S01012377,Lone parent family: Parent working,11,5,6
S01012377,Lone parent family: Parent not working,1,0,1
S01012378,All parents aged 16 and over with dependent children,102,52,50
S01012378,Couple family: Total,92,44,48
S01012378,Couple family: Both parents working,62,34,28
S01012378,Couple family: One parent working,28,10,18
S01012378,Couple family: No parents working,2,0,2
S01012378,Lone parent family: Total,10,8,2
S01012378,Lone parent family: Parent working,8,6,2
S01012378,Lone parent family: Parent not working,2,2,0
S01012379,All parents aged 16 and over with dependent children,93,29,64
S01012379,Couple family: Total,84,24,60
S01012379,Couple family: Both parents working,52,16,36
S01012379,Couple family: One parent working,28,6,22
S01012379,Couple family: No parents working,4,2,2
S01012379,Lone parent family: Total,9,5,4
S01012379,Lone parent family: Parent working,8,5,3
S01012379,Lone parent family: Parent not working,1,0,1
S01012380,All parents aged 16 and over with dependent children,187,94,93
S01012380,Couple family: Total,160,78,82
S01012380,Couple family: Both parents working,126,58,68
S01012380,Couple family: One parent working,24,12,12
S01012380,Couple family: No parents working,10,8,2
S01012380,Lone parent family: Total,27,16,11
S01012380,Lone parent family: Parent working,23,14,9
S01012380,Lone parent family: Parent not working,4,2,2
S01012381,All parents aged 16 and over with dependent children,142,69,73
S01012381,Couple family: Total,104,44,60
S01012381,Couple family: Both parents working,76,32,44
S01012381,Couple family: One parent working,20,8,12
S01012381,Couple family: No parents working,8,4,4
S01012381,Lone parent family: Total,38,25,13
S01012381,Lone parent family: Parent working,28,19,9
S01012381,Lone parent family: Parent not working,10,6,4
S01012382,All parents aged 16 and over with dependent children,187,87,100
S01012382,Couple family: Total,174,80,94
S01012382,Couple family: Both parents working,146,72,74
S01012382,Couple family: One parent working,28,8,20
S01012382,Couple family: No parents working,0,0,0
S01012382,Lone parent family: Total,13,7,6
S01012382,Lone parent family: Parent working,11,6,5
S01012382,Lone parent family: Parent not working,2,1,1
S01012383,All parents aged 16 and over with dependent children,135,60,75
S01012383,Couple family: Total,116,48,68
S01012383,Couple family: Both parents working,88,40,48
S01012383,Couple family: One parent working,28,8,20
S01012383,Couple family: No parents working,0,0,0
S01012383,Lone parent family: Total,19,12,7
S01012383,Lone parent family: Parent working,12,8,4
S01012383,Lone parent family: Parent not working,7,4,3
S01012384,All parents aged 16 and over with dependent children,93,45,48
S01012384,Couple family: Total,80,42,38
S01012384,Couple family: Both parents working,66,34,32
S01012384,Couple family: One parent working,10,4,6
S01012384,Couple family: No parents working,4,4,0
S01012384,Lone parent family: Total,13,3,10
S01012384,Lone parent family: Parent working,9,3,6
S01012384,Lone parent family: Parent not working,4,0,4
S01012385,All parents aged 16 and over with dependent children,131,63,68
S01012385,Couple family: Total,122,58,64
S01012385,Couple family: Both parents working,102,52,50
S01012385,Couple family: One parent working,18,6,12
S01012385,Couple family: No parents working,2,0,2
S01012385,Lone parent family: Total,9,5,4
S01012385,Lone parent family: Parent working,8,4,4
S01012385,Lone parent family: Parent not working,1,1,0
S01012386,All parents aged 16 and over with dependent children,229,114,115
S01012386,Couple family: Total,176,82,94
S01012386,Couple family: Both parents working,118,62,56
S01012386,Couple family: One parent working,42,14,28
S01012386,Couple family: No parents working,16,6,10
S01012386,Lone parent family: Total,53,32,21
S01012386,Lone parent family: Parent working,31,22,9
S01012386,Lone parent family: Parent not working,22,10,12
S01012387,All parents aged 16 and over with dependent children,187,76,111
S01012387,Couple family: Total,162,62,100
S01012387,Couple family: Both parents working,134,52,82
S01012387,Couple family: One parent working,24,8,16
S01012387,Couple family: No parents working,4,2,2
S01012387,Lone parent family: Total,25,14,11
S01012387,Lone parent family: Parent working,20,10,10
S01012387,Lone parent family: Parent not working,5,4,1
S01012388,All parents aged 16 and over with dependent children,146,58,88
S01012388,Couple family: Total,144,56,88
S01012388,Couple family: Both parents working,122,48,74
S01012388,Couple family: One parent working,22,8,14
S01012388,Couple family: No parents working,0,0,0
S01012388,Lone parent family: Total,2,2,0
S01012388,Lone parent family: Parent working,2,2,0
S01012388,Lone parent family: Parent not working,0,0,0
S01012389,All parents aged 16 and over with dependent children,235,81,154
S01012389,Couple family: Total,212,66,146
S01012389,Couple family: Both parents working,168,52,116
S01012389,Couple family: One parent working,44,14,30
S01012389,Couple family: No parents working,0,0,0
S01012389,Lone parent family: Total,23,15,8
S01012389,Lone parent family: Parent working,19,12,7
S01012389,Lone parent family: Parent not working,4,3,1
S01012390,All parents aged 16 and over with dependent children,173,75,98
S01012390,Couple family: Total,164,70,94
S01012390,Couple family: Both parents working,142,62,80
S01012390,Couple family: One parent working,22,8,14
S01012390,Couple family: No parents working,0,0,0
S01012390,Lone parent family: Total,9,5,4
S01012390,Lone parent family: Parent working,6,4,2
S01012390,Lone parent family: Parent not working,3,1,2
S01012391,All parents aged 16 and over with dependent children,339,108,231
S01012391,Couple family: Total,320,96,224
S01012391,Couple family: Both parents working,276,86,190
S01012391,Couple family: One parent working,40,10,30
S01012391,Couple family: No parents working,4,0,4
S01012391,Lone parent family: Total,19,12,7
S01012391,Lone parent family: Parent working,12,9,3
S01012391,Lone parent family: Parent not working,7,3,4
S01012392,All parents aged 16 and over with dependent children,185,52,133
S01012392,Couple family: Total,154,34,120
S01012392,Couple family: Both parents working,130,32,98
S01012392,Couple family: One parent working,22,0,22
S01012392,Couple family: No parents working,2,2,0
S01012392,Lone parent family: Total,31,18,13
S01012392,Lone parent family: Parent working,25,14,11
S01012392,Lone parent family: Parent not working,6,4,2
S01012393,All parents aged 16 and over with dependent children,177,67,110
S01012393,Couple family: Total,154,54,100
S01012393,Couple family: Both parents working,138,52,86
S01012393,Couple family: One parent working,16,2,14
S01012393,Couple family: No parents working,0,0,0
S01012393,Lone parent family: Total,23,13,10
S01012393,Lone parent family: Parent working,20,11,9
S01012393,Lone parent family: Parent not working,3,2,1
S01012394,All parents aged 16 and over with dependent children,149,80,69
S01012394,Couple family: Total,100,50,50
S01012394,Couple family: Both parents working,82,40,42
S01012394,Couple family: One parent working,16,10,6
S01012394,Couple family: No parents working,2,0,2
S01012394,Lone parent family: Total,49,30,19
S01012394,Lone parent family: Parent working,32,23,9
S01012394,Lone parent family: Parent not working,17,7,10
S01012395,All parents aged 16 and over with dependent children,108,41,67
S01012395,Couple family: Total,92,32,60
S01012395,Couple family: Both parents working,86,32,54
S01012395,Couple family: One parent working,6,0,6
S01012395,Couple family: No parents working,0,0,0
S01012395,Lone parent family: Total,16,9,7
S01012395,Lone parent family: Parent working,15,9,6
S01012395,Lone parent family: Parent not working,1,0,1
S01012396,All parents aged 16 and over with dependent children,125,62,63
S01012396,Couple family: Total,104,48,56
S01012396,Couple family: Both parents working,80,42,38
S01012396,Couple family: One parent working,20,6,14
S01012396,Couple family: No parents working,4,0,4
S01012396,Lone parent family: Total,21,14,7
S01012396,Lone parent family: Parent working,15,11,4
S01012396,Lone parent family: Parent not working,6,3,3
S01012397,All parents aged 16 and over with dependent children,122,51,71
S01012397,Couple family: Total,102,34,68
S01012397,Couple family: Both parents working,82,24,58
S01012397,Couple family: One parent working,20,10,10
S01012397,Couple family: No parents working,0,0,0
S01012397,Lone parent family: Total,20,17,3
S01012397,Lone parent family: Parent working,18,15,3
S01012397,Lone parent family: Parent not working,2,2,0
S01012398,All parents aged 16 and over with dependent children,132,66,66
S01012398,Couple family: Total,110,46,64
S01012398,Couple family: Both parents working,92,40,52
S01012398,Couple family: One parent working,16,4,12
S01012398,Couple family: No parents working,2,2,0
S01012398,Lone parent family: Total,22,20,2
S01012398,Lone parent family: Parent working,16,14,2
S01012398,Lone parent family: Parent not working,6,6,0
S01012399,All parents aged 16 and over with dependent children,136,71,65
S01012399,Couple family: Total,110,56,54
S01012399,Couple family: Both parents working,100,52,48
S01012399,Couple family: One parent working,8,2,6
S01012399,Couple family: No parents working,2,2,0
S01012399,Lone parent family: Total,26,15,11
S01012399,Lone parent family: Parent working,19,12,7
S01012399,Lone parent family: Parent not working,7,3,4
S01012400,All parents aged 16 and over with dependent children,111,50,61
S01012400,Couple family: Total,92,38,54
S01012400,Couple family: Both parents working,80,34,46
S01012400,Couple family: One parent working,12,4,8
S01012400,Couple family: No parents working,0,0,0
S01012400,Lone parent family: Total,19,12,7
S01012400,Lone parent family: Parent working,14,9,5
S01012400,Lone parent family: Parent not working,5,3,2
S01012401,All parents aged 16 and over with dependent children,127,71,56
S01012401,Couple family: Total,104,54,50
S01012401,Couple family: Both parents working,86,46,40
S01012401,Couple family: One parent working,18,8,10
S01012401,Couple family: No parents working,0,0,0
S01012401,Lone parent family: Total,23,17,6
S01012401,Lone parent family: Parent working,20,15,5
S01012401,Lone parent family: Parent not working,3,2,1
S01012402,All parents aged 16 and over with dependent children,124,47,77
S01012402,Couple family: Total,112,40,72
S01012402,Couple family: Both parents working,90,34,56
S01012402,Couple family: One parent working,20,6,14
S01012402,Couple family: No parents working,2,0,2
S01012402,Lone parent family: Total,12,7,5
S01012402,Lone parent family: Parent working,11,7,4
S01012402,Lone parent family: Parent not working,1,0,1
S01012403,All parents aged 16 and over with dependent children,210,108,102
S01012403,Couple family: Total,188,92,96
S01012403,Couple family: Both parents working,156,84,72
S01012403,Couple family: One parent working,30,8,22
S01012403,Couple family: No parents working,2,0,2
S01012403,Lone parent family: Total,22,16,6
S01012403,Lone parent family: Parent working,19,13,6
S01012403,Lone parent family: Parent not working,3,3,0
S01012404,All parents aged 16 and over with dependent children,183,73,110
S01012404,Couple family: Total,156,56,100
S01012404,Couple family: Both parents working,122,48,74
S01012404,Couple family: One parent working,30,8,22
S01012404,Couple family: No parents working,4,0,4
S01012404,Lone parent family: Total,27,17,10
S01012404,Lone parent family: Parent working,23,15,8
S01012404,Lone parent family: Parent not working,4,2,2
S01012405,All parents aged 16 and over with dependent children,185,52,133
S01012405,Couple family: Total,172,42,130
S01012405,Couple family: Both parents working,142,32,110
S01012405,Couple family: One parent working,30,10,20
S01012405,Couple family: No parents working,0,0,0
S01012405,Lone parent family: Total,13,10,3
S01012405,Lone parent family: Parent working,13,10,3
S01012405,Lone parent family: Parent not working,0,0,0
S01012406,All parents aged 16 and over with dependent children,141,50,91
S01012406,Couple family: Total,130,42,88
S01012406,Couple family: Both parents working,104,32,72
S01012406,Couple family: One parent working,20,8,12
S01012406,Couple family: No parents working,6,2,4
S01012406,Lone parent family: Total,11,8,3
S01012406,Lone parent family: Parent working,10,7,3
S01012406,Lone parent family: Parent not working,1,1,0
S01012407,All parents aged 16 and over with dependent children,194,79,115
S01012407,Couple family: Total,174,70,104
S01012407,Couple family: Both parents working,142,62,80
S01012407,Couple family: One parent working,28,8,20
S01012407,Couple family: No parents working,4,0,4
S01012407,Lone parent family: Total,20,9,11
S01012407,Lone parent family: Parent working,13,4,9
S01012407,Lone parent family: Parent not working,7,5,2
S01012408,All parents aged 16 and over with dependent children,153,36,117
S01012408,Couple family: Total,144,32,112
S01012408,Couple family: Both parents working,114,20,94
S01012408,Couple family: One parent working,30,12,18
S01012408,Couple family: No parents working,0,0,0
S01012408,Lone parent family: Total,9,4,5
S01012408,Lone parent family: Parent working,9,4,5
S01012408,Lone parent family: Parent not working,0,0,0
S01012409,All parents aged 16 and over with dependent children,141,43,98
S01012409,Couple family: Total,132,40,92
S01012409,Couple family: Both parents working,108,32,76
S01012409,Couple family: One parent working,18,6,12
S01012409,Couple family: No parents working,6,2,4
S01012409,Lone parent family: Total,9,3,6
S01012409,Lone parent family: Parent working,9,3,6
S01012409,Lone parent family: Parent not working,0,0,0
S01012410,All parents aged 16 and over with dependent children,246,108,138
S01012410,Couple family: Total,220,94,126
S01012410,Couple family: Both parents working,184,86,98
S01012410,Couple family: One parent working,30,6,24
S01012410,Couple family: No parents working,6,2,4
S01012410,Lone parent family: Total,26,14,12
S01012410,Lone parent family: Parent working,22,13,9
S01012410,Lone parent family: Parent not working,4,1,3
S01012411,All parents aged 16 and over with dependent children,212,81,131
S01012411,Couple family: Total,178,64,114
S01012411,Couple family: Both parents working,128,48,80
S01012411,Couple family: One parent working,48,16,32
S01012411,Couple family: No parents working,2,0,2
S01012411,Lone parent family: Total,34,17,17
S01012411,Lone parent family: Parent working,27,12,15
S01012411,Lone parent family: Parent not working,7,5,2
S01012412,All parents aged 16 and over with dependent children,128,62,66
S01012412,Couple family: Total,116,58,58
S01012412,Couple family: Both parents working,82,46,36
S01012412,Couple family: One parent working,32,10,22
S01012412,Couple family: No parents working,2,2,0
S01012412,Lone parent family: Total,12,4,8
S01012412,Lone parent family: Parent working,10,2,8
S01012412,Lone parent family: Parent not working,2,2,0
S01012413,All parents aged 16 and over with dependent children,185,68,117
S01012413,Couple family: Total,174,60,114
S01012413,Couple family: Both parents working,140,48,92
S01012413,Couple family: One parent working,32,10,22
S01012413,Couple family: No parents working,2,2,0
S01012413,Lone parent family: Total,11,8,3
S01012413,Lone parent family: Parent working,7,6,1
S01012413,Lone parent family: Parent not working,4,2,2
S01012414,All parents aged 16 and over with dependent children,105,37,68
S01012414,Couple family: Total,94,30,64
S01012414,Couple family: Both parents working,60,26,34
S01012414,Couple family: One parent working,26,4,22
S01012414,Couple family: No parents working,8,0,8
S01012414,Lone parent family: Total,11,7,4
S01012414,Lone parent family: Parent working,9,6,3
S01012414,Lone parent family: Parent not working,2,1,1
S01012415,All parents aged 16 and over with dependent children,118,24,94
S01012415,Couple family: Total,114,20,94
S01012415,Couple family: Both parents working,88,18,70
S01012415,Couple family: One parent working,20,0,20
S01012415,Couple family: No parents working,6,2,4
S01012415,Lone parent family: Total,4,4,0
S01012415,Lone parent family: Parent working,2,2,0
S01012415,Lone parent family: Parent not working,2,2,0
S01012416,All parents aged 16 and over with dependent children,100,27,73
S01012416,Couple family: Total,96,24,72
S01012416,Couple family: Both parents working,76,20,56
S01012416,Couple family: One parent working,18,4,14
S01012416,Couple family: No parents working,2,0,2
S01012416,Lone parent family: Total,4,3,1
S01012416,Lone parent family: Parent working,1,1,0
S01012416,Lone parent family: Parent not working,3,2,1
S01012417,All parents aged 16 and over with dependent children,107,43,64
S01012417,Couple family: Total,96,40,56
S01012417,Couple family: Both parents working,64,26,38
S01012417,Couple family: One parent working,22,8,14
S01012417,Couple family: No parents working,10,6,4
S01012417,Lone parent family: Total,11,3,8
S01012417,Lone parent family: Parent working,8,2,6
S01012417,Lone parent family: Parent not working,3,1,2
S01012418,All parents aged 16 and over with dependent children,112,41,71
S01012418,Couple family: Total,98,32,66
S01012418,Couple family: Both parents working,60,24,36
S01012418,Couple family: One parent working,30,6,24
S01012418,Couple family: No parents working,8,2,6
S01012418,Lone parent family: Total,14,9,5
S01012418,Lone parent family: Parent working,13,8,5
S01012418,Lone parent family: Parent not working,1,1,0
S01012419,All parents aged 16 and over with dependent children,156,71,85
S01012419,Couple family: Total,144,66,78
S01012419,Couple family: Both parents working,96,48,48
S01012419,Couple family: One parent working,40,16,24
S01012419,Couple family: No parents working,8,2,6
S01012419,Lone parent family: Total,12,5,7
S01012419,Lone parent family: Parent working,4,1,3
S01012419,Lone parent family: Parent not working,8,4,4
S01012420,All parents aged 16 and over with dependent children,175,79,96
S01012420,Couple family: Total,136,60,76
S01012420,Couple family: Both parents working,96,48,48
S01012420,Couple family: One parent working,34,10,24
S01012420,Couple family: No parents working,6,2,4
S01012420,Lone parent family: Total,39,19,20
S01012420,Lone parent family: Parent working,24,12,12
S01012420,Lone parent family: Parent not working,15,7,8
S01012421,All parents aged 16 and over with dependent children,123,55,68
S01012421,Couple family: Total,98,38,60
S01012421,Couple family: Both parents working,70,24,46
S01012421,Couple family: One parent working,20,10,10
S01012421,Couple family: No parents working,8,4,4
S01012421,Lone parent family: Total,25,17,8
S01012421,Lone parent family: Parent working,19,13,6
S01012421,Lone parent family: Parent not working,6,4,2
S01012422,All parents aged 16 and over with dependent children,158,79,79
S01012422,Couple family: Total,130,66,64
S01012422,Couple family: Both parents working,82,42,40
S01012422,Couple family: One parent working,42,20,22
S01012422,Couple family: No parents working,6,4,2
S01012422,Lone parent family: Total,28,13,15
S01012422,Lone parent family: Parent working,16,8,8
S01012422,Lone parent family: Parent not working,12,5,7
S01012423,All parents aged 16 and over with dependent children,134,55,79
S01012423,Couple family: Total,118,44,74
S01012423,Couple family: Both parents working,76,28,48
S01012423,Couple family: One parent working,30,10,20
S01012423,Couple family: No parents working,12,6,6
S01012423,Lone parent family: Total,16,11,5
S01012423,Lone parent family: Parent working,10,7,3
S01012423,Lone parent family: Parent not working,6,4,2
S01012424,All parents aged 16 and over with dependent children,200,97,103
S01012424,Couple family: Total,160,74,86
S01012424,Couple family: Both parents working,116,54,62
S01012424,Couple family: One parent working,30,16,14
S01012424,Couple family: No parents working,14,4,10
S01012424,Lone parent family: Total,40,23,17
S01012424,Lone parent family: Parent working,27,17,10
S01012424,Lone parent family: Parent not working,13,6,7
S01012425,All parents aged 16 and over with dependent children,135,54,81
S01012425,Couple family: Total,96,30,66
S01012425,Couple family: Both parents working,42,12,30
S01012425,Couple family: One parent working,44,14,30
S01012425,Couple family: No parents working,10,4,6
S01012425,Lone parent family: Total,39,24,15
S01012425,Lone parent family: Parent working,15,9,6
S01012425,Lone parent family: Parent not working,24,15,9
S01012426,All parents aged 16 and over with dependent children,119,54,65
S01012426,Couple family: Total,86,36,50
S01012426,Couple family: Both parents working,54,16,38
S01012426,Couple family: One parent working,20,14,6
S01012426,Couple family: No parents working,12,6,6
S01012426,Lone parent family: Total,33,18,15
S01012426,Lone parent family: Parent working,11,10,1
S01012426,Lone parent family: Parent not working,22,8,14
S01012427,All parents aged 16 and over with dependent children,154,73,81
S01012427,Couple family: Total,120,54,66
S01012427,Couple family: Both parents working,70,32,38
S01012427,Couple family: One parent working,36,18,18
S01012427,Couple family: No parents working,14,4,10
S01012427,Lone parent family: Total,34,19,15
S01012427,Lone parent family: Parent working,17,11,6
S01012427,Lone parent family: Parent not working,17,8,9
S01012428,All parents aged 16 and over with dependent children,145,68,77
S01012428,Couple family: Total,126,62,64
S01012428,Couple family: Both parents working,82,44,38
S01012428,Couple family: One parent working,34,12,22
S01012428,Couple family: No parents working,10,6,4
S01012428,Lone parent family: Total,19,6,13
S01012428,Lone parent family: Parent working,14,6,8
S01012428,Lone parent family: Parent not working,5,0,5
S01012429,All parents aged 16 and over with dependent children,104,53,51
S01012429,Couple family: Total,80,42,38
S01012429,Couple family: Both parents working,52,28,24
S01012429,Couple family: One parent working,24,10,14
S01012429,Couple family: No parents working,4,4,0
S01012429,Lone parent family: Total,24,11,13
S01012429,Lone parent family: Parent working,8,4,4
S01012429,Lone parent family: Parent not working,16,7,9
S01012430,All parents aged 16 and over with dependent children,100,47,53
S01012430,Couple family: Total,80,32,48
S01012430,Couple family: Both parents working,66,24,42
S01012430,Couple family: One parent working,10,8,2
S01012430,Couple family: No parents working,4,0,4
S01012430,Lone parent family: Total,20,15,5
S01012430,Lone parent family: Parent working,11,9,2
S01012430,Lone parent family: Parent not working,9,6,3
S01012431,All parents aged 16 and over with dependent children,160,76,84
S01012431,Couple family: Total,138,58,80
S01012431,Couple family: Both parents working,102,44,58
S01012431,Couple family: One parent working,26,8,18
S01012431,Couple family: No parents working,10,6,4
S01012431,Lone parent family: Total,22,18,4
S01012431,Lone parent family: Parent working,13,10,3
S01012431,Lone parent family: Parent not working,9,8,1
S01012432,All parents aged 16 and over with dependent children,114,49,65
S01012432,Couple family: Total,96,38,58
S01012432,Couple family: Both parents working,62,22,40
S01012432,Couple family: One parent working,24,10,14
S01012432,Couple family: No parents working,10,6,4
S01012432,Lone parent family: Total,18,11,7
S01012432,Lone parent family: Parent working,12,7,5
S01012432,Lone parent family: Parent not working,6,4,2
S01012433,All parents aged 16 and over with dependent children,75,40,35
S01012433,Couple family: Total,62,32,30
S01012433,Couple family: Both parents working,46,26,20
S01012433,Couple family: One parent working,8,2,6
S01012433,Couple family: No parents working,8,4,4
S01012433,Lone parent family: Total,13,8,5
S01012433,Lone parent family: Parent working,11,6,5
S01012433,Lone parent family: Parent not working,2,2,0
S01012434,All parents aged 16 and over with dependent children,143,85,58
S01012434,Couple family: Total,106,56,50
S01012434,Couple family: Both parents working,64,34,30
S01012434,Couple family: One parent working,30,16,14
S01012434,Couple family: No parents working,12,6,6
S01012434,Lone parent family: Total,37,29,8
S01012434,Lone parent family: Parent working,25,20,5
S01012434,Lone parent family: Parent not working,12,9,3
S01012435,All parents aged 16 and over with dependent children,132,63,69
S01012435,Couple family: Total,100,34,66
S01012435,Couple family: Both parents working,60,26,34
S01012435,Couple family: One parent working,28,6,22
S01012435,Couple family: No parents working,12,2,10
S01012435,Lone parent family: Total,32,29,3
S01012435,Lone parent family: Parent working,22,20,2
S01012435,Lone parent family: Parent not working,10,9,1
S01012436,All parents aged 16 and over with dependent children,175,87,88
S01012436,Couple family: Total,132,60,72
S01012436,Couple family: Both parents working,78,38,40
S01012436,Couple family: One parent working,40,12,28
S01012436,Couple family: No parents working,14,10,4
S01012436,Lone parent family: Total,43,27,16
S01012436,Lone parent family: Parent working,20,14,6
S01012436,Lone parent family: Parent not working,23,13,10
S01012437,All parents aged 16 and over with dependent children,149,92,57
S01012437,Couple family: Total,132,86,46
S01012437,Couple family: Both parents working,102,70,32
S01012437,Couple family: One parent working,22,14,8
S01012437,Couple family: No parents working,8,2,6
S01012437,Lone parent family: Total,17,6,11
S01012437,Lone parent family: Parent working,11,4,7
S01012437,Lone parent family: Parent not working,6,2,4
S01012438,All parents aged 16 and over with dependent children,175,63,112
S01012438,Couple family: Total,148,50,98
S01012438,Couple family: Both parents working,104,32,72
S01012438,Couple family: One parent working,36,16,20
S01012438,Couple family: No parents working,8,2,6
S01012438,Lone parent family: Total,27,13,14
S01012438,Lone parent family: Parent working,19,9,10
S01012438,Lone parent family: Parent not working,8,4,4
S01012439,All parents aged 16 and over with dependent children,164,71,93
S01012439,Couple family: Total,130,48,82
S01012439,Couple family: Both parents working,68,22,46
S01012439,Couple family: One parent working,42,18,24
S01012439,Couple family: No parents working,20,8,12
S01012439,Lone parent family: Total,34,23,11
S01012439,Lone parent family: Parent working,20,14,6
S01012439,Lone parent family: Parent not working,14,9,5
S01012440,All parents aged 16 and over with dependent children,93,40,53
S01012440,Couple family: Total,88,38,50
S01012440,Couple family: Both parents working,74,30,44
S01012440,Couple family: One parent working,12,8,4
S01012440,Couple family: No parents working,2,0,2
S01012440,Lone parent family: Total,5,2,3
S01012440,Lone parent family: Parent working,3,1,2
S01012440,Lone parent family: Parent not working,2,1,1
S01012441,All parents aged 16 and over with dependent children,152,68,84
S01012441,Couple family: Total,138,60,78
S01012441,Couple family: Both parents working,100,42,58
S01012441,Couple family: One parent working,26,14,12
S01012441,Couple family: No parents working,12,4,8
S01012441,Lone parent family: Total,14,8,6
S01012441,Lone parent family: Parent working,12,8,4
S01012441,Lone parent family: Parent not working,2,0,2
S01012442,All parents aged 16 and over with dependent children,207,94,113
S01012442,Couple family: Total,164,76,88
S01012442,Couple family: Both parents working,112,54,58
S01012442,Couple family: One parent working,50,22,28
S01012442,Couple family: No parents working,2,0,2
S01012442,Lone parent family: Total,43,18,25
S01012442,Lone parent family: Parent working,29,12,17
S01012442,Lone parent family: Parent not working,14,6,8
S01012443,All parents aged 16 and over with dependent children,169,71,98
S01012443,Couple family: Total,152,62,90
S01012443,Couple family: Both parents working,110,50,60
S01012443,Couple family: One parent working,34,10,24
S01012443,Couple family: No parents working,8,2,6
S01012443,Lone parent family: Total,17,9,8
S01012443,Lone parent family: Parent working,10,6,4
S01012443,Lone parent family: Parent not working,7,3,4
S01012444,All parents aged 16 and over with dependent children,132,50,82
S01012444,Couple family: Total,120,44,76
S01012444,Couple family: Both parents working,80,30,50
S01012444,Couple family: One parent working,34,10,24
S01012444,Couple family: No parents working,6,4,2
S01012444,Lone parent family: Total,12,6,6
S01012444,Lone parent family: Parent working,8,6,2
S01012444,Lone parent family: Parent not working,4,0,4
S01012445,All parents aged 16 and over with dependent children,168,64,104
S01012445,Couple family: Total,158,58,100
S01012445,Couple family: Both parents working,116,44,72
S01012445,Couple family: One parent working,40,12,28
S01012445,Couple family: No parents working,2,2,0
S01012445,Lone parent family: Total,10,6,4
S01012445,Lone parent family: Parent working,3,0,3
S01012445,Lone parent family: Parent not working,7,6,1
S01012446,All parents aged 16 and over with dependent children,78,51,27
S01012446,Couple family: Total,60,42,18
S01012446,Couple family: Both parents working,42,30,12
S01012446,Couple family: One parent working,14,10,4
S01012446,Couple family: No parents working,4,2,2
S01012446,Lone parent family: Total,18,9,9
S01012446,Lone parent family: Parent working,10,4,6
S01012446,Lone parent family: Parent not working,8,5,3
S01012447,All parents aged 16 and over with dependent children,189,89,100
S01012447,Couple family: Total,170,78,92
S01012447,Couple family: Both parents working,132,62,70
S01012447,Couple family: One parent working,34,12,22
S01012447,Couple family: No parents working,4,4,0
S01012447,Lone parent family: Total,19,11,8
S01012447,Lone parent family: Parent working,15,9,6
S01012447,Lone parent family: Parent not working,4,2,2
S01012448,All parents aged 16 and over with dependent children,247,91,156
S01012448,Couple family: Total,224,80,144
S01012448,Couple family: Both parents working,168,64,104
S01012448,Couple family: One parent working,50,16,34
S01012448,Couple family: No parents working,6,0,6
S01012448,Lone parent family: Total,23,11,12
S01012448,Lone parent family: Parent working,16,8,8
S01012448,Lone parent family: Parent not working,7,3,4
S01012449,All parents aged 16 and over with dependent children,107,54,53
S01012449,Couple family: Total,80,38,42
S01012449,Couple family: Both parents working,64,34,30
S01012449,Couple family: One parent working,14,4,10
S01012449,Couple family: No parents working,2,0,2
S01012449,Lone parent family: Total,27,16,11
S01012449,Lone parent family: Parent working,21,11,10
S01012449,Lone parent family: Parent not working,6,5,1
S01012450,All parents aged 16 and over with dependent children,193,84,109
S01012450,Couple family: Total,180,76,104
S01012450,Couple family: Both parents working,140,62,78
S01012450,Couple family: One parent working,36,12,24
S01012450,Couple family: No parents working,4,2,2
S01012450,Lone parent family: Total,13,8,5
S01012450,Lone parent family: Parent working,8,6,2
S01012450,Lone parent family: Parent not working,5,2,3
S01012451,All parents aged 16 and over with dependent children,148,63,85
S01012451,Couple family: Total,136,56,80
S01012451,Couple family: Both parents working,96,42,54
S01012451,Couple family: One parent working,34,10,24
S01012451,Couple family: No parents working,6,4,2
S01012451,Lone parent family: Total,12,7,5
S01012451,Lone parent family: Parent working,7,4,3
S01012451,Lone parent family: Parent not working,5,3,2
S01012452,All parents aged 16 and over with dependent children,107,52,55
S01012452,Couple family: Total,88,40,48
S01012452,Couple family: Both parents working,66,28,38
S01012452,Couple family: One parent working,18,10,8
S01012452,Couple family: No parents working,4,2,2
S01012452,Lone parent family: Total,19,12,7
S01012452,Lone parent family: Parent working,17,12,5
S01012452,Lone parent family: Parent not working,2,0,2
S01012453,All parents aged 16 and over with dependent children,190,67,123
S01012453,Couple family: Total,186,64,122
S01012453,Couple family: Both parents working,130,52,78
S01012453,Couple family: One parent working,54,12,42
S01012453,Couple family: No parents working,2,0,2
S01012453,Lone parent family: Total,4,3,1
S01012453,Lone parent family: Parent working,3,2,1
S01012453,Lone parent family: Parent not working,1,1,0
S01012454,All parents aged 16 and over with dependent children,115,42,73
S01012454,Couple family: Total,106,38,68
S01012454,Couple family: Both parents working,80,28,52
S01012454,Couple family: One parent working,26,10,16
S01012454,Couple family: No parents working,0,0,0
S01012454,Lone parent family: Total,9,4,5
S01012454,Lone parent family: Parent working,7,4,3
S01012454,Lone parent family: Parent not working,2,0,2
S01012455,All parents aged 16 and over with dependent children,142,44,98
S01012455,Couple family: Total,138,40,98
S01012455,Couple family: Both parents working,84,30,54
S01012455,Couple family: One parent working,44,6,38
S01012455,Couple family: No parents working,10,4,6
S01012455,Lone parent family: Total,4,4,0
S01012455,Lone parent family: Parent working,3,3,0
S01012455,Lone parent family: Parent not working,1,1,0
S01012456,All parents aged 16 and over with dependent children,152,47,105
S01012456,Couple family: Total,140,42,98
S01012456,Couple family: Both parents working,98,28,70
S01012456,Couple family: One parent working,36,8,28
S01012456,Couple family: No parents working,6,6,0
S01012456,Lone parent family: Total,12,5,7
S01012456,Lone parent family: Parent working,10,4,6
S01012456,Lone parent family: Parent not working,2,1,1
S01012457,All parents aged 16 and over with dependent children,114,57,57
S01012457,Couple family: Total,106,54,52
S01012457,Couple family: Both parents working,76,34,42
S01012457,Couple family: One parent working,30,20,10
S01012457,Couple family: No parents working,0,0,0
S01012457,Lone parent family: Total,8,3,5
S01012457,Lone parent family: Parent working,4,1,3
S01012457,Lone parent family: Parent not working,4,2,2
S01012458,All parents aged 16 and over with dependent children,186,82,104
S01012458,Couple family: Total,172,72,100
S01012458,Couple family: Both parents working,140,62,78
S01012458,Couple family: One parent working,26,8,18
S01012458,Couple family: No parents working,6,2,4
S01012458,Lone parent family: Total,14,10,4
S01012458,Lone parent family: Parent working,11,7,4
S01012458,Lone parent family: Parent not working,3,3,0
S01012459,All parents aged 16 and over with dependent children,196,93,103
S01012459,Couple family: Total,178,80,98
S01012459,Couple family: Both parents working,142,68,74
S01012459,Couple family: One parent working,36,12,24
S01012459,Couple family: No parents working,0,0,0
S01012459,Lone parent family: Total,18,13,5
S01012459,Lone parent family: Parent working,9,8,1
S01012459,Lone parent family: Parent not working,9,5,4
S01012460,All parents aged 16 and over with dependent children,94,37,57
S01012460,Couple family: Total,90,34,56
S01012460,Couple family: Both parents working,70,32,38
S01012460,Couple family: One parent working,18,2,16
S01012460,Couple family: No parents working,2,0,2
S01012460,Lone parent family: Total,4,3,1
S01012460,Lone parent family: Parent working,1,1,0
S01012460,Lone parent family: Parent not working,3,2,1
S01012461,All parents aged 16 and over with dependent children,98,44,54
S01012461,Couple family: Total,72,34,38
S01012461,Couple family: Both parents working,70,34,36
S01012461,Couple family: One parent working,2,0,2
S01012461,Couple family: No parents working,0,0,0
S01012461,Lone parent family: Total,26,10,16
S01012461,Lone parent family: Parent working,16,6,10
S01012461,Lone parent family: Parent not working,10,4,6
S01012462,All parents aged 16 and over with dependent children,139,92,47
S01012462,Couple family: Total,94,56,38
S01012462,Couple family: Both parents working,64,42,22
S01012462,Couple family: One parent working,20,10,10
S01012462,Couple family: No parents working,10,4,6
S01012462,Lone parent family: Total,45,36,9
S01012462,Lone parent family: Parent working,27,21,6
S01012462,Lone parent family: Parent not working,18,15,3
S01012463,All parents aged 16 and over with dependent children,115,63,52
S01012463,Couple family: Total,86,42,44
S01012463,Couple family: Both parents working,48,24,24
S01012463,Couple family: One parent working,22,8,14
S01012463,Couple family: No parents working,16,10,6
S01012463,Lone parent family: Total,29,21,8
S01012463,Lone parent family: Parent working,14,11,3
S01012463,Lone parent family: Parent not working,15,10,5
S01012464,All parents aged 16 and over with dependent children,131,63,68
S01012464,Couple family: Total,88,40,48
S01012464,Couple family: Both parents working,50,28,22
S01012464,Couple family: One parent working,22,8,14
S01012464,Couple family: No parents working,16,4,12
S01012464,Lone parent family: Total,43,23,20
S01012464,Lone parent family: Parent working,21,12,9
S01012464,Lone parent family: Parent not working,22,11,11
S01012465,All parents aged 16 and over with dependent children,138,55,83
S01012465,Couple family: Total,98,38,60
S01012465,Couple family: Both parents working,62,30,32
S01012465,Couple family: One parent working,34,8,26
S01012465,Couple family: No parents working,2,0,2
S01012465,Lone parent family: Total,40,17,23
S01012465,Lone parent family: Parent working,17,8,9
S01012465,Lone parent family: Parent not working,23,9,14
S01012466,All parents aged 16 and over with dependent children,126,63,63
S01012466,Couple family: Total,94,40,54
S01012466,Couple family: Both parents working,60,28,32
S01012466,Couple family: One parent working,30,10,20
S01012466,Couple family: No parents working,4,2,2
S01012466,Lone parent family: Total,32,23,9
S01012466,Lone parent family: Parent working,17,14,3
S01012466,Lone parent family: Parent not working,15,9,6
S01012467,All parents aged 16 and over with dependent children,151,75,76
S01012467,Couple family: Total,114,54,60
S01012467,Couple family: Both parents working,76,34,42
S01012467,Couple family: One parent working,26,14,12
S01012467,Couple family: No parents working,12,6,6
S01012467,Lone parent family: Total,37,21,16
S01012467,Lone parent family: Parent working,24,14,10
S01012467,Lone parent family: Parent not working,13,7,6
S01012468,All parents aged 16 and over with dependent children,163,83,80
S01012468,Couple family: Total,138,70,68
S01012468,Couple family: Both parents working,100,52,48
S01012468,Couple family: One parent working,32,14,18
S01012468,Couple family: No parents working,6,4,2
S01012468,Lone parent family: Total,25,13,12
S01012468,Lone parent family: Parent working,15,10,5
S01012468,Lone parent family: Parent not working,10,3,7
S01012469,All parents aged 16 and over with dependent children,147,49,98
S01012469,Couple family: Total,138,44,94
S01012469,Couple family: Both parents working,100,34,66
S01012469,Couple family: One parent working,38,10,28
S01012469,Couple family: No parents working,0,0,0
S01012469,Lone parent family: Total,9,5,4
S01012469,Lone parent family: Parent working,9,5,4
S01012469,Lone parent family: Parent not working,0,0,0
S01012470,All parents aged 16 and over with dependent children,162,85,77
S01012470,Couple family: Total,124,56,68
S01012470,Couple family: Both parents working,88,36,52
S01012470,Couple family: One parent working,30,14,16
S01012470,Couple family: No parents working,6,6,0
S01012470,Lone parent family: Total,38,29,9
S01012470,Lone parent family: Parent working,24,18,6
S01012470,Lone parent family: Parent not working,14,11,3
S01012471,All parents aged 16 and over with dependent children,154,73,81
S01012471,Couple family: Total,142,62,80
S01012471,Couple family: Both parents working,108,44,64
S01012471,Couple family: One parent working,28,14,14
S01012471,Couple family: No parents working,6,4,2
S01012471,Lone parent family: Total,12,11,1
S01012471,Lone parent family: Parent working,11,10,1
S01012471,Lone parent family: Parent not working,1,1,0
S01012472,All parents aged 16 and over with dependent children,133,58,75
S01012472,Couple family: Total,122,50,72
S01012472,Couple family: Both parents working,96,46,50
S01012472,Couple family: One parent working,22,4,18
S01012472,Couple family: No parents working,4,0,4
S01012472,Lone parent family: Total,11,8,3
S01012472,Lone parent family: Parent working,8,6,2
S01012472,Lone parent family: Parent not working,3,2,1
S01012473,All parents aged 16 and over with dependent children,124,63,61
S01012473,Couple family: Total,120,60,60
S01012473,Couple family: Both parents working,92,48,44
S01012473,Couple family: One parent working,22,6,16
S01012473,Couple family: No parents working,6,6,0
S01012473,Lone parent family: Total,4,3,1
S01012473,Lone parent family: Parent working,4,3,1
S01012473,Lone parent family: Parent not working,0,0,0
S01012474,All parents aged 16 and over with dependent children,99,43,56
S01012474,Couple family: Total,76,28,48
S01012474,Couple family: Both parents working,54,24,30
S01012474,Couple family: One parent working,22,4,18
S01012474,Couple family: No parents working,0,0,0
S01012474,Lone parent family: Total,23,15,8
S01012474,Lone parent family: Parent working,15,9,6
S01012474,Lone parent family: Parent not working,8,6,2
S01012475,All parents aged 16 and over with dependent children,104,58,46
S01012475,Couple family: Total,94,52,42
S01012475,Couple family: Both parents working,74,38,36
S01012475,Couple family: One parent working,16,12,4
S01012475,Couple family: No parents working,4,2,2
S01012475,Lone parent family: Total,10,6,4
S01012475,Lone parent family: Parent working,6,4,2
S01012475,Lone parent family: Parent not working,4,2,2
S01012476,All parents aged 16 and over with dependent children,189,87,102
S01012476,Couple family: Total,132,52,80
S01012476,Couple family: Both parents working,102,46,56
S01012476,Couple family: One parent working,26,6,20
S01012476,Couple family: No parents working,4,0,4
S01012476,Lone parent family: Total,57,35,22
S01012476,Lone parent family: Parent working,33,21,12
S01012476,Lone parent family: Parent not working,24,14,10
S01012477,All parents aged 16 and over with dependent children,138,71,67
S01012477,Couple family: Total,120,58,62
S01012477,Couple family: Both parents working,106,54,52
S01012477,Couple family: One parent working,14,4,10
S01012477,Couple family: No parents working,0,0,0
S01012477,Lone parent family: Total,18,13,5
S01012477,Lone parent family: Parent working,15,10,5
S01012477,Lone parent family: Parent not working,3,3,0
S01012478,All parents aged 16 and over with dependent children,171,81,90
S01012478,Couple family: Total,130,56,74
S01012478,Couple family: Both parents working,102,46,56
S01012478,Couple family: One parent working,22,6,16
S01012478,Couple family: No parents working,6,4,2
S01012478,Lone parent family: Total,41,25,16
S01012478,Lone parent family: Parent working,28,21,7
S01012478,Lone parent family: Parent not working,13,4,9
S01012479,All parents aged 16 and over with dependent children,165,75,90
S01012479,Couple family: Total,150,66,84
S01012479,Couple family: Both parents working,122,50,72
S01012479,Couple family: One parent working,28,16,12
S01012479,Couple family: No parents working,0,0,0
S01012479,Lone parent family: Total,15,9,6
S01012479,Lone parent family: Parent working,11,8,3
S01012479,Lone parent family: Parent not working,4,1,3
S01012480,All parents aged 16 and over with dependent children,45,35,10
S01012480,Couple family: Total,28,22,6
S01012480,Couple family: Both parents working,14,12,2
S01012480,Couple family: One parent working,12,8,4
S01012480,Couple family: No parents working,2,2,0
S01012480,Lone parent family: Total,17,13,4
S01012480,Lone parent family: Parent working,10,8,2
S01012480,Lone parent family: Parent not working,7,5,2
S01012481,All parents aged 16 and over with dependent children,107,52,55
S01012481,Couple family: Total,86,38,48
S01012481,Couple family: Both parents working,58,24,34
S01012481,Couple family: One parent working,22,10,12
S01012481,Couple family: No parents working,6,4,2
S01012481,Lone parent family: Total,21,14,7
S01012481,Lone parent family: Parent working,18,13,5
S01012481,Lone parent family: Parent not working,3,1,2
S01012482,All parents aged 16 and over with dependent children,80,29,51
S01012482,Couple family: Total,70,26,44
S01012482,Couple family: Both parents working,52,20,32
S01012482,Couple family: One parent working,18,6,12
S01012482,Couple family: No parents working,0,0,0
S01012482,Lone parent family: Total,10,3,7
S01012482,Lone parent family: Parent working,7,3,4
S01012482,Lone parent family: Parent not working,3,0,3
S01012483,All parents aged 16 and over with dependent children,92,58,34
S01012483,Couple family: Total,68,40,28
S01012483,Couple family: Both parents working,40,20,20
S01012483,Couple family: One parent working,20,14,6
S01012483,Couple family: No parents working,8,6,2
S01012483,Lone parent family: Total,24,18,6
S01012483,Lone parent family: Parent working,12,10,2
S01012483,Lone parent family: Parent not working,12,8,4
S01012484,All parents aged 16 and over with dependent children,155,52,103
S01012484,Couple family: Total,138,44,94
S01012484,Couple family: Both parents working,108,38,70
S01012484,Couple family: One parent working,28,6,22
S01012484,Couple family: No parents working,2,0,2
S01012484,Lone parent family: Total,17,8,9
S01012484,Lone parent family: Parent working,10,6,4
S01012484,Lone parent family: Parent not working,7,2,5
S01012485,All parents aged 16 and over with dependent children,133,54,79
S01012485,Couple family: Total,108,40,68
S01012485,Couple family: Both parents working,70,24,46
S01012485,Couple family: One parent working,38,16,22
S01012485,Couple family: No parents working,0,0,0
S01012485,Lone parent family: Total,25,14,11
S01012485,Lone parent family: Parent working,14,11,3
S01012485,Lone parent family: Parent not working,11,3,8
S01012486,All parents aged 16 and over with dependent children,74,25,49
S01012486,Couple family: Total,66,22,44
S01012486,Couple family: Both parents working,56,14,42
S01012486,Couple family: One parent working,8,6,2
S01012486,Couple family: No parents working,2,2,0
S01012486,Lone parent family: Total,8,3,5
S01012486,Lone parent family: Parent working,6,1,5
S01012486,Lone parent family: Parent not working,2,2,0
S01012487,All parents aged 16 and over with dependent children,105,63,42
S01012487,Couple family: Total,86,48,38
S01012487,Couple family: Both parents working,64,38,26
S01012487,Couple family: One parent working,20,10,10
S01012487,Couple family: No parents working,2,0,2
S01012487,Lone parent family: Total,19,15,4
S01012487,Lone parent family: Parent working,11,10,1
S01012487,Lone parent family: Parent not working,8,5,3
S01012488,All parents aged 16 and over with dependent children,140,88,52
S01012488,Couple family: Total,120,72,48
S01012488,Couple family: Both parents working,84,54,30
S01012488,Couple family: One parent working,22,10,12
S01012488,Couple family: No parents working,14,8,6
S01012488,Lone parent family: Total,20,16,4
S01012488,Lone parent family: Parent working,13,11,2
S01012488,Lone parent family: Parent not working,7,5,2
S01012489,All parents aged 16 and over with dependent children,181,105,76
S01012489,Couple family: Total,94,56,38
S01012489,Couple family: Both parents working,46,32,14
S01012489,Couple family: One parent working,32,18,14
S01012489,Couple family: No parents working,16,6,10
S01012489,Lone parent family: Total,87,49,38
S01012489,Lone parent family: Parent working,36,26,10
S01012489,Lone parent family: Parent not working,51,23,28
S01012490,All parents aged 16 and over with dependent children,142,101,41
S01012490,Couple family: Total,94,62,32
S01012490,Couple family: Both parents working,52,32,20
S01012490,Couple family: One parent working,22,14,8
S01012490,Couple family: No parents working,20,16,4
S01012490,Lone parent family: Total,48,39,9
S01012490,Lone parent family: Parent working,24,20,4
S01012490,Lone parent family: Parent not working,24,19,5
S01012491,All parents aged 16 and over with dependent children,83,49,34
S01012491,Couple family: Total,46,24,22
S01012491,Couple family: Both parents working,24,12,12
S01012491,Couple family: One parent working,14,8,6
S01012491,Couple family: No parents working,8,4,4
S01012491,Lone parent family: Total,37,25,12
S01012491,Lone parent family: Parent working,15,12,3
S01012491,Lone parent family: Parent not working,22,13,9
S01012492,All parents aged 16 and over with dependent children,95,67,28
S01012492,Couple family: Total,62,38,24
S01012492,Couple family: Both parents working,30,14,16
S01012492,Couple family: One parent working,22,14,8
S01012492,Couple family: No parents working,10,10,0
S01012492,Lone parent family: Total,33,29,4
S01012492,Lone parent family: Parent working,11,10,1
S01012492,Lone parent family: Parent not working,22,19,3
S01012493,All parents aged 16 and over with dependent children,62,34,28
S01012493,Couple family: Total,54,30,24
S01012493,Couple family: Both parents working,36,18,18
S01012493,Couple family: One parent working,12,6,6
S01012493,Couple family: No parents working,6,6,0
S01012493,Lone parent family: Total,8,4,4
S01012493,Lone parent family: Parent working,4,2,2
S01012493,Lone parent family: Parent not working,4,2,2
S01012494,All parents aged 16 and over with dependent children,173,87,86
S01012494,Couple family: Total,130,68,62
S01012494,Couple family: Both parents working,96,58,38
S01012494,Couple family: One parent working,22,6,16
S01012494,Couple family: No parents working,12,4,8
S01012494,Lone parent family: Total,43,19,24
S01012494,Lone parent family: Parent working,33,15,18
S01012494,Lone parent family: Parent not working,10,4,6
S01012495,All parents aged 16 and over with dependent children,181,113,68
S01012495,Couple family: Total,128,78,50
S01012495,Couple family: Both parents working,90,58,32
S01012495,Couple family: One parent working,28,12,16
S01012495,Couple family: No parents working,10,8,2
S01012495,Lone parent family: Total,53,35,18
S01012495,Lone parent family: Parent working,31,22,9
S01012495,Lone parent family: Parent not working,22,13,9
S01012496,All parents aged 16 and over with dependent children,126,60,66
S01012496,Couple family: Total,86,40,46
S01012496,Couple family: Both parents working,52,28,24
S01012496,Couple family: One parent working,28,12,16
S01012496,Couple family: No parents working,6,0,6
S01012496,Lone parent family: Total,40,20,20
S01012496,Lone parent family: Parent working,21,13,8
S01012496,Lone parent family: Parent not working,19,7,12
S01012497,All parents aged 16 and over with dependent children,76,43,33
S01012497,Couple family: Total,50,26,24
S01012497,Couple family: Both parents working,30,14,16
S01012497,Couple family: One parent working,16,10,6
S01012497,Couple family: No parents working,4,2,2
S01012497,Lone parent family: Total,26,17,9
S01012497,Lone parent family: Parent working,18,13,5
S01012497,Lone parent family: Parent not working,8,4,4
S01012498,All parents aged 16 and over with dependent children,198,92,106
S01012498,Couple family: Total,130,56,74
S01012498,Couple family: Both parents working,50,28,22
S01012498,Couple family: One parent working,46,16,30
S01012498,Couple family: No parents working,34,12,22
S01012498,Lone parent family: Total,68,36,32
S01012498,Lone parent family: Parent working,29,20,9
S01012498,Lone parent family: Parent not working,39,16,23
S01012499,All parents aged 16 and over with dependent children,160,82,78
S01012499,Couple family: Total,92,44,48
S01012499,Couple family: Both parents working,42,22,20
S01012499,Couple family: One parent working,34,16,18
S01012499,Couple family: No parents working,16,6,10
S01012499,Lone parent family: Total,68,38,30
S01012499,Lone parent family: Parent working,36,23,13
S01012499,Lone parent family: Parent not working,32,15,17
S01012500,All parents aged 16 and over with dependent children,91,43,48
S01012500,Couple family: Total,54,20,34
S01012500,Couple family: Both parents working,36,10,26
S01012500,Couple family: One parent working,14,8,6
S01012500,Couple family: No parents working,4,2,2
S01012500,Lone parent family: Total,37,23,14
S01012500,Lone parent family: Parent working,18,12,6
S01012500,Lone parent family: Parent not working,19,11,8
S01012501,All parents aged 16 and over with dependent children,141,69,72
S01012501,Couple family: Total,74,32,42
S01012501,Couple family: Both parents working,18,14,4
S01012501,Couple family: One parent working,38,14,24
S01012501,Couple family: No parents working,18,4,14
S01012501,Lone parent family: Total,67,37,30
S01012501,Lone parent family: Parent working,31,17,14
S01012501,Lone parent family: Parent not working,36,20,16
S01012502,All parents aged 16 and over with dependent children,202,95,107
S01012502,Couple family: Total,112,44,68
S01012502,Couple family: Both parents working,36,10,26
S01012502,Couple family: One parent working,42,14,28
S01012502,Couple family: No parents working,34,20,14
S01012502,Lone parent family: Total,90,51,39
S01012502,Lone parent family: Parent working,41,26,15
S01012502,Lone parent family: Parent not working,49,25,24
S01012503,All parents aged 16 and over with dependent children,117,49,68
S01012503,Couple family: Total,76,24,52
S01012503,Couple family: Both parents working,42,14,28
S01012503,Couple family: One parent working,24,10,14
S01012503,Couple family: No parents working,10,0,10
S01012503,Lone parent family: Total,41,25,16
S01012503,Lone parent family: Parent working,22,11,11
S01012503,Lone parent family: Parent not working,19,14,5
S01012504,All parents aged 16 and over with dependent children,145,78,67
S01012504,Couple family: Total,88,42,46
S01012504,Couple family: Both parents working,44,24,20
S01012504,Couple family: One parent working,36,12,24
S01012504,Couple family: No parents working,8,6,2
S01012504,Lone parent family: Total,57,36,21
S01012504,Lone parent family: Parent working,23,15,8
S01012504,Lone parent family: Parent not working,34,21,13
S01012505,All parents aged 16 and over with dependent children,172,102,70
S01012505,Couple family: Total,110,54,56
S01012505,Couple family: Both parents working,64,34,30
S01012505,Couple family: One parent working,40,18,22
S01012505,Couple family: No parents working,6,2,4
S01012505,Lone parent family: Total,62,48,14
S01012505,Lone parent family: Parent working,34,28,6
S01012505,Lone parent family: Parent not working,28,20,8
S01012506,All parents aged 16 and over with dependent children,83,46,37
S01012506,Couple family: Total,72,40,32
S01012506,Couple family: Both parents working,56,30,26
S01012506,Couple family: One parent working,14,8,6
S01012506,Couple family: No parents working,2,2,0
S01012506,Lone parent family: Total,11,6,5
S01012506,Lone parent family: Parent working,4,2,2
S01012506,Lone parent family: Parent not working,7,4,3
S01012507,All parents aged 16 and over with dependent children,163,100,63
S01012507,Couple family: Total,126,66,60
S01012507,Couple family: Both parents working,82,42,40
S01012507,Couple family: One parent working,36,18,18
S01012507,Couple family: No parents working,8,6,2
S01012507,Lone parent family: Total,37,34,3
S01012507,Lone parent family: Parent working,28,26,2
S01012507,Lone parent family: Parent not working,9,8,1
S01012508,All parents aged 16 and over with dependent children,135,76,59
S01012508,Couple family: Total,108,60,48
S01012508,Couple family: Both parents working,86,44,42
S01012508,Couple family: One parent working,18,12,6
S01012508,Couple family: No parents working,4,4,0
S01012508,Lone parent family: Total,27,16,11
S01012508,Lone parent family: Parent working,16,9,7
S01012508,Lone parent family: Parent not working,11,7,4
S01012509,All parents aged 16 and over with dependent children,99,45,54
S01012509,Couple family: Total,88,38,50
S01012509,Couple family: Both parents working,66,32,34
S01012509,Couple family: One parent working,20,4,16
S01012509,Couple family: No parents working,2,2,0
S01012509,Lone parent family: Total,11,7,4
S01012509,Lone parent family: Parent working,5,3,2
S01012509,Lone parent family: Parent not working,6,4,2
S01012510,All parents aged 16 and over with dependent children,208,105,103
S01012510,Couple family: Total,186,92,94
S01012510,Couple family: Both parents working,148,74,74
S01012510,Couple family: One parent working,30,14,16
S01012510,Couple family: No parents working,8,4,4
S01012510,Lone parent family: Total,22,13,9
S01012510,Lone parent family: Parent working,17,9,8
S01012510,Lone parent family: Parent not working,5,4,1
S01012511,All parents aged 16 and over with dependent children,102,49,53
S01012511,Couple family: Total,88,38,50
S01012511,Couple family: Both parents working,70,32,38
S01012511,Couple family: One parent working,18,6,12
S01012511,Couple family: No parents working,0,0,0
S01012511,Lone parent family: Total,14,11,3
S01012511,Lone parent family: Parent working,14,11,3
S01012511,Lone parent family: Parent not working,0,0,0
S01012512,All parents aged 16 and over with dependent children,167,68,99
S01012512,Couple family: Total,132,46,86
S01012512,Couple family: Both parents working,84,38,46
S01012512,Couple family: One parent working,32,2,30
S01012512,Couple family: No parents working,16,6,10
S01012512,Lone parent family: Total,35,22,13
S01012512,Lone parent family: Parent working,16,11,5
S01012512,Lone parent family: Parent not working,19,11,8
S01012513,All parents aged 16 and over with dependent children,128,67,61
S01012513,Couple family: Total,104,52,52
S01012513,Couple family: Both parents working,92,50,42
S01012513,Couple family: One parent working,12,2,10
S01012513,Couple family: No parents working,0,0,0
S01012513,Lone parent family: Total,24,15,9
S01012513,Lone parent family: Parent working,19,11,8
S01012513,Lone parent family: Parent not working,5,4,1
S01012514,All parents aged 16 and over with dependent children,317,164,153
S01012514,Couple family: Total,270,130,140
S01012514,Couple family: Both parents working,224,106,118
S01012514,Couple family: One parent working,38,20,18
S01012514,Couple family: No parents working,8,4,4
S01012514,Lone parent family: Total,47,34,13
S01012514,Lone parent family: Parent working,39,29,10
S01012514,Lone parent family: Parent not working,8,5,3
S01012515,All parents aged 16 and over with dependent children,94,45,49
S01012515,Couple family: Total,68,28,40
S01012515,Couple family: Both parents working,44,20,24
S01012515,Couple family: One parent working,16,4,12
S01012515,Couple family: No parents working,8,4,4
S01012515,Lone parent family: Total,26,17,9
S01012515,Lone parent family: Parent working,17,11,6
S01012515,Lone parent family: Parent not working,9,6,3
S01012516,All parents aged 16 and over with dependent children,155,76,79
S01012516,Couple family: Total,120,54,66
S01012516,Couple family: Both parents working,82,36,46
S01012516,Couple family: One parent working,32,18,14
S01012516,Couple family: No parents working,6,0,6
S01012516,Lone parent family: Total,35,22,13
S01012516,Lone parent family: Parent working,21,11,10
S01012516,Lone parent family: Parent not working,14,11,3
S01012517,All parents aged 16 and over with dependent children,196,97,99
S01012517,Couple family: Total,160,70,90
S01012517,Couple family: Both parents working,104,42,62
S01012517,Couple family: One parent working,48,22,26
S01012517,Couple family: No parents working,8,6,2
S01012517,Lone parent family: Total,36,27,9
S01012517,Lone parent family: Parent working,16,13,3
S01012517,Lone parent family: Parent not working,20,14,6
S01012518,All parents aged 16 and over with dependent children,104,52,52
S01012518,Couple family: Total,92,44,48
S01012518,Couple family: Both parents working,76,40,36
S01012518,Couple family: One parent working,12,2,10
S01012518,Couple family: No parents working,4,2,2
S01012518,Lone parent family: Total,12,8,4
S01012518,Lone parent family: Parent working,9,7,2
S01012518,Lone parent family: Parent not working,3,1,2
S01012519,All parents aged 16 and over with dependent children,78,43,35
S01012519,Couple family: Total,64,34,30
S01012519,Couple family: Both parents working,46,28,18
S01012519,Couple family: One parent working,16,4,12
S01012519,Couple family: No parents working,2,2,0
S01012519,Lone parent family: Total,14,9,5
S01012519,Lone parent family: Parent working,9,4,5
S01012519,Lone parent family: Parent not working,5,5,0
S01012520,All parents aged 16 and over with dependent children,137,48,89
S01012520,Couple family: Total,126,40,86
S01012520,Couple family: Both parents working,96,30,66
S01012520,Couple family: One parent working,22,6,16
S01012520,Couple family: No parents working,8,4,4
S01012520,Lone parent family: Total,11,8,3
S01012520,Lone parent family: Parent working,9,6,3
S01012520,Lone parent family: Parent not working,2,2,0
S01012521,All parents aged 16 and over with dependent children,79,27,52
S01012521,Couple family: Total,66,22,44
S01012521,Couple family: Both parents working,50,22,28
S01012521,Couple family: One parent working,14,0,14
S01012521,Couple family: No parents working,2,0,2
S01012521,Lone parent family: Total,13,5,8
S01012521,Lone parent family: Parent working,8,3,5
S01012521,Lone parent family: Parent not working,5,2,3
S01012522,All parents aged 16 and over with dependent children,163,66,97
S01012522,Couple family: Total,152,58,94
S01012522,Couple family: Both parents working,108,44,64
S01012522,Couple family: One parent working,36,10,26
S01012522,Couple family: No parents working,8,4,4
S01012522,Lone parent family: Total,11,8,3
S01012522,Lone parent family: Parent working,10,8,2
S01012522,Lone parent family: Parent not working,1,0,1
S01012523,All parents aged 16 and over with dependent children,153,62,91
S01012523,Couple family: Total,138,54,84
S01012523,Couple family: Both parents working,114,48,66
S01012523,Couple family: One parent working,22,4,18
S01012523,Couple family: No parents working,2,2,0
S01012523,Lone parent family: Total,15,8,7
S01012523,Lone parent family: Parent working,11,5,6
S01012523,Lone parent family: Parent not working,4,3,1
S01012524,All parents aged 16 and over with dependent children,120,53,67
S01012524,Couple family: Total,112,48,64
S01012524,Couple family: Both parents working,90,38,52
S01012524,Couple family: One parent working,20,8,12
S01012524,Couple family: No parents working,2,2,0
S01012524,Lone parent family: Total,8,5,3
S01012524,Lone parent family: Parent working,6,3,3
S01012524,Lone parent family: Parent not working,2,2,0
S01012525,All parents aged 16 and over with dependent children,126,71,55
S01012525,Couple family: Total,116,62,54
S01012525,Couple family: Both parents working,94,50,44
S01012525,Couple family: One parent working,18,10,8
S01012525,Couple family: No parents working,4,2,2
S01012525,Lone parent family: Total,10,9,1
S01012525,Lone parent family: Parent working,6,6,0
S01012525,Lone parent family: Parent not working,4,3,1
S01012526,All parents aged 16 and over with dependent children,149,57,92
S01012526,Couple family: Total,138,50,88
S01012526,Couple family: Both parents working,114,46,68
S01012526,Couple family: One parent working,24,4,20
S01012526,Couple family: No parents working,0,0,0
S01012526,Lone parent family: Total,11,7,4
S01012526,Lone parent family: Parent working,10,6,4
S01012526,Lone parent family: Parent not working,1,1,0
S01012527,All parents aged 16 and over with dependent children,100,47,53
S01012527,Couple family: Total,92,44,48
S01012527,Couple family: Both parents working,84,40,44
S01012527,Couple family: One parent working,8,4,4
S01012527,Couple family: No parents working,0,0,0
S01012527,Lone parent family: Total,8,3,5
S01012527,Lone parent family: Parent working,5,2,3
S01012527,Lone parent family: Parent not working,3,1,2
S01012528,All parents aged 16 and over with dependent children,183,80,103
S01012528,Couple family: Total,148,60,88
S01012528,Couple family: Both parents working,120,50,70
S01012528,Couple family: One parent working,22,8,14
S01012528,Couple family: No parents working,6,2,4
S01012528,Lone parent family: Total,35,20,15
S01012528,Lone parent family: Parent working,27,15,12
S01012528,Lone parent family: Parent not working,8,5,3
S01012529,All parents aged 16 and over with dependent children,134,74,60
S01012529,Couple family: Total,98,50,48
S01012529,Couple family: Both parents working,74,40,34
S01012529,Couple family: One parent working,20,8,12
S01012529,Couple family: No parents working,4,2,2
S01012529,Lone parent family: Total,36,24,12
S01012529,Lone parent family: Parent working,18,12,6
S01012529,Lone parent family: Parent not working,18,12,6
S01012530,All parents aged 16 and over with dependent children,144,61,83
S01012530,Couple family: Total,134,58,76
S01012530,Couple family: Both parents working,114,54,60
S01012530,Couple family: One parent working,16,2,14
S01012530,Couple family: No parents working,4,2,2
S01012530,Lone parent family: Total,10,3,7
S01012530,Lone parent family: Parent working,7,2,5
S01012530,Lone parent family: Parent not working,3,1,2
S01012531,All parents aged 16 and over with dependent children,181,106,75
S01012531,Couple family: Total,158,90,68
S01012531,Couple family: Both parents working,132,74,58
S01012531,Couple family: One parent working,24,16,8
S01012531,Couple family: No parents working,2,0,2
S01012531,Lone parent family: Total,23,16,7
S01012531,Lone parent family: Parent working,14,10,4
S01012531,Lone parent family: Parent not working,9,6,3
S01012532,All parents aged 16 and over with dependent children,171,77,94
S01012532,Couple family: Total,154,64,90
S01012532,Couple family: Both parents working,114,42,72
S01012532,Couple family: One parent working,30,16,14
S01012532,Couple family: No parents working,10,6,4
S01012532,Lone parent family: Total,17,13,4
S01012532,Lone parent family: Parent working,9,7,2
S01012532,Lone parent family: Parent not working,8,6,2
S01012533,All parents aged 16 and over with dependent children,75,32,43
S01012533,Couple family: Total,62,24,38
S01012533,Couple family: Both parents working,44,20,24
S01012533,Couple family: One parent working,16,4,12
S01012533,Couple family: No parents working,2,0,2
S01012533,Lone parent family: Total,13,8,5
S01012533,Lone parent family: Parent working,6,4,2
S01012533,Lone parent family: Parent not working,7,4,3
S01012534,All parents aged 16 and over with dependent children,102,47,55
S01012534,Couple family: Total,84,40,44
S01012534,Couple family: Both parents working,52,32,20
S01012534,Couple family: One parent working,24,6,18
S01012534,Couple family: No parents working,8,2,6
S01012534,Lone parent family: Total,18,7,11
S01012534,Lone parent family: Parent working,14,5,9
S01012534,Lone parent family: Parent not working,4,2,2
S01012535,All parents aged 16 and over with dependent children,184,107,77
S01012535,Couple family: Total,148,80,68
S01012535,Couple family: Both parents working,108,60,48
S01012535,Couple family: One parent working,34,18,16
S01012535,Couple family: No parents working,6,2,4
S01012535,Lone parent family: Total,36,27,9
S01012535,Lone parent family: Parent working,22,17,5
S01012535,Lone parent family: Parent not working,14,10,4
S01012536,All parents aged 16 and over with dependent children,152,82,70
S01012536,Couple family: Total,114,62,52
S01012536,Couple family: Both parents working,74,42,32
S01012536,Couple family: One parent working,32,14,18
S01012536,Couple family: No parents working,8,6,2
S01012536,Lone parent family: Total,38,20,18
S01012536,Lone parent family: Parent working,26,14,12
S01012536,Lone parent family: Parent not working,12,6,6
S01012537,All parents aged 16 and over with dependent children,127,52,75
S01012537,Couple family: Total,102,34,68
S01012537,Couple family: Both parents working,62,24,38
S01012537,Couple family: One parent working,34,6,28
S01012537,Couple family: No parents working,6,4,2
S01012537,Lone parent family: Total,25,18,7
S01012537,Lone parent family: Parent working,16,10,6
S01012537,Lone parent family: Parent not working,9,8,1
S01012538,All parents aged 16 and over with dependent children,261,137,124
S01012538,Couple family: Total,200,104,96
S01012538,Couple family: Both parents working,130,68,62
S01012538,Couple family: One parent working,52,28,24
S01012538,Couple family: No parents working,18,8,10
S01012538,Lone parent family: Total,61,33,28
S01012538,Lone parent family: Parent working,38,25,13
S01012538,Lone parent family: Parent not working,23,8,15
S01012539,All parents aged 16 and over with dependent children,129,58,71
S01012539,Couple family: Total,104,40,64
S01012539,Couple family: Both parents working,88,32,56
S01012539,Couple family: One parent working,10,4,6
S01012539,Couple family: No parents working,6,4,2
S01012539,Lone parent family: Total,25,18,7
S01012539,Lone parent family: Parent working,17,11,6
S01012539,Lone parent family: Parent not working,8,7,1
S01012540,All parents aged 16 and over with dependent children,152,74,78
S01012540,Couple family: Total,120,54,66
S01012540,Couple family: Both parents working,78,34,44
S01012540,Couple family: One parent working,28,12,16
S01012540,Couple family: No parents working,14,8,6
S01012540,Lone parent family: Total,32,20,12
S01012540,Lone parent family: Parent working,14,10,4
S01012540,Lone parent family: Parent not working,18,10,8
S01012541,All parents aged 16 and over with dependent children,227,86,141
S01012541,Couple family: Total,192,70,122
S01012541,Couple family: Both parents working,148,54,94
S01012541,Couple family: One parent working,38,12,26
S01012541,Couple family: No parents working,6,4,2
S01012541,Lone parent family: Total,35,16,19
S01012541,Lone parent family: Parent working,29,12,17
S01012541,Lone parent family: Parent not working,6,4,2
S01012542,All parents aged 16 and over with dependent children,179,83,96
S01012542,Couple family: Total,158,72,86
S01012542,Couple family: Both parents working,116,56,60
S01012542,Couple family: One parent working,38,12,26
S01012542,Couple family: No parents working,4,4,0
S01012542,Lone parent family: Total,21,11,10
S01012542,Lone parent family: Parent working,17,9,8
S01012542,Lone parent family: Parent not working,4,2,2
S01012543,All parents aged 16 and over with dependent children,166,80,86
S01012543,Couple family: Total,148,68,80
S01012543,Couple family: Both parents working,92,50,42
S01012543,Couple family: One parent working,50,18,32
S01012543,Couple family: No parents working,6,0,6
S01012543,Lone parent family: Total,18,12,6
S01012543,Lone parent family: Parent working,15,11,4
S01012543,Lone parent family: Parent not working,3,1,2
S01012544,All parents aged 16 and over with dependent children,191,80,111
S01012544,Couple family: Total,156,58,98
S01012544,Couple family: Both parents working,114,42,72
S01012544,Couple family: One parent working,34,12,22
S01012544,Couple family: No parents working,8,4,4
S01012544,Lone parent family: Total,35,22,13
S01012544,Lone parent family: Parent working,26,20,6
S01012544,Lone parent family: Parent not working,9,2,7
S01012545,All parents aged 16 and over with dependent children,106,58,48
S01012545,Couple family: Total,86,46,40
S01012545,Couple family: Both parents working,58,32,26
S01012545,Couple family: One parent working,18,10,8
S01012545,Couple family: No parents working,10,4,6
S01012545,Lone parent family: Total,20,12,8
S01012545,Lone parent family: Parent working,13,7,6
S01012545,Lone parent family: Parent not working,7,5,2
S01012546,All parents aged 16 and over with dependent children,192,95,97
S01012546,Couple family: Total,160,76,84
S01012546,Couple family: Both parents working,112,60,52
S01012546,Couple family: One parent working,34,10,24
S01012546,Couple family: No parents working,14,6,8
S01012546,Lone parent family: Total,32,19,13
S01012546,Lone parent family: Parent working,18,10,8
S01012546,Lone parent family: Parent not working,14,9,5
S01012547,All parents aged 16 and over with dependent children,138,57,81
S01012547,Couple family: Total,128,52,76
S01012547,Couple family: Both parents working,84,34,50
S01012547,Couple family: One parent working,32,10,22
S01012547,Couple family: No parents working,12,8,4
S01012547,Lone parent family: Total,10,5,5
S01012547,Lone parent family: Parent working,6,5,1
S01012547,Lone parent family: Parent not working,4,0,4
S01012548,All parents aged 16 and over with dependent children,144,60,84
S01012548,Couple family: Total,134,50,84
S01012548,Couple family: Both parents working,90,34,56
S01012548,Couple family: One parent working,34,10,24
S01012548,Couple family: No parents working,10,6,4
S01012548,Lone parent family: Total,10,10,0
S01012548,Lone parent family: Parent working,8,8,0
S01012548,Lone parent family: Parent not working,2,2,0
S01012549,All parents aged 16 and over with dependent children,117,64,53
S01012549,Couple family: Total,86,44,42
S01012549,Couple family: Both parents working,58,30,28
S01012549,Couple family: One parent working,22,14,8
S01012549,Couple family: No parents working,6,0,6
S01012549,Lone parent family: Total,31,20,11
S01012549,Lone parent family: Parent working,20,13,7
S01012549,Lone parent family: Parent not working,11,7,4
S01012550,All parents aged 16 and over with dependent children,177,83,94
S01012550,Couple family: Total,132,58,74
S01012550,Couple family: Both parents working,84,40,44
S01012550,Couple family: One parent working,36,14,22
S01012550,Couple family: No parents working,12,4,8
S01012550,Lone parent family: Total,45,25,20
S01012550,Lone parent family: Parent working,29,14,15
S01012550,Lone parent family: Parent not working,16,11,5
S01012551,All parents aged 16 and over with dependent children,173,74,99
S01012551,Couple family: Total,156,62,94
S01012551,Couple family: Both parents working,130,52,78
S01012551,Couple family: One parent working,24,10,14
S01012551,Couple family: No parents working,2,0,2
S01012551,Lone parent family: Total,17,12,5
S01012551,Lone parent family: Parent working,13,10,3
S01012551,Lone parent family: Parent not working,4,2,2
S01012552,All parents aged 16 and over with dependent children,198,78,120
S01012552,Couple family: Total,186,70,116
S01012552,Couple family: Both parents working,146,60,86
S01012552,Couple family: One parent working,38,8,30
S01012552,Couple family: No parents working,2,2,0
S01012552,Lone parent family: Total,12,8,4
S01012552,Lone parent family: Parent working,8,6,2
S01012552,Lone parent family: Parent not working,4,2,2
S01012553,All parents aged 16 and over with dependent children,232,103,129
S01012553,Couple family: Total,208,90,118
S01012553,Couple family: Both parents working,164,76,88
S01012553,Couple family: One parent working,44,14,30
S01012553,Couple family: No parents working,0,0,0
S01012553,Lone parent family: Total,24,13,11
S01012553,Lone parent family: Parent working,16,12,4
S01012553,Lone parent family: Parent not working,8,1,7
S01012554,All parents aged 16 and over with dependent children,93,38,55
S01012554,Couple family: Total,80,28,52
S01012554,Couple family: Both parents working,58,22,36
S01012554,Couple family: One parent working,22,6,16
S01012554,Couple family: No parents working,0,0,0
S01012554,Lone parent family: Total,13,10,3
S01012554,Lone parent family: Parent working,9,8,1
S01012554,Lone parent family: Parent not working,4,2,2
S01012555,All parents aged 16 and over with dependent children,139,65,74
S01012555,Couple family: Total,130,60,70
S01012555,Couple family: Both parents working,100,48,52
S01012555,Couple family: One parent working,28,12,16
S01012555,Couple family: No parents working,2,0,2
S01012555,Lone parent family: Total,9,5,4
S01012555,Lone parent family: Parent working,7,3,4
S01012555,Lone parent family: Parent not working,2,2,0
S01012556,All parents aged 16 and over with dependent children,103,46,57
S01012556,Couple family: Total,98,42,56
S01012556,Couple family: Both parents working,84,36,48
S01012556,Couple family: One parent working,10,4,6
S01012556,Couple family: No parents working,4,2,2
S01012556,Lone parent family: Total,5,4,1
S01012556,Lone parent family: Parent working,5,4,1
S01012556,Lone parent family: Parent not working,0,0,0
S01012557,All parents aged 16 and over with dependent children,112,41,71
S01012557,Couple family: Total,104,38,66
S01012557,Couple family: Both parents working,78,24,54
S01012557,Couple family: One parent working,22,10,12
S01012557,Couple family: No parents working,4,4,0
S01012557,Lone parent family: Total,8,3,5
S01012557,Lone parent family: Parent working,5,2,3
S01012557,Lone parent family: Parent not working,3,1,2
S01012558,All parents aged 16 and over with dependent children,115,78,37
S01012558,Couple family: Total,86,54,32
S01012558,Couple family: Both parents working,66,46,20
S01012558,Couple family: One parent working,14,2,12
S01012558,Couple family: No parents working,6,6,0
S01012558,Lone parent family: Total,29,24,5
S01012558,Lone parent family: Parent working,19,17,2
S01012558,Lone parent family: Parent not working,10,7,3
S01012559,All parents aged 16 and over with dependent children,116,73,43
S01012559,Couple family: Total,80,48,32
S01012559,Couple family: Both parents working,46,36,10
S01012559,Couple family: One parent working,24,10,14
S01012559,Couple family: No parents working,10,2,8
S01012559,Lone parent family: Total,36,25,11
S01012559,Lone parent family: Parent working,25,19,6
S01012559,Lone parent family: Parent not working,11,6,5
S01012560,All parents aged 16 and over with dependent children,120,49,71
S01012560,Couple family: Total,100,38,62
S01012560,Couple family: Both parents working,64,30,34
S01012560,Couple family: One parent working,32,6,26
S01012560,Couple family: No parents working,4,2,2
S01012560,Lone parent family: Total,20,11,9
S01012560,Lone parent family: Parent working,14,9,5
S01012560,Lone parent family: Parent not working,6,2,4
S01012561,All parents aged 16 and over with dependent children,166,78,88
S01012561,Couple family: Total,138,58,80
S01012561,Couple family: Both parents working,92,42,50
S01012561,Couple family: One parent working,44,14,30
S01012561,Couple family: No parents working,2,2,0
S01012561,Lone parent family: Total,28,20,8
S01012561,Lone parent family: Parent working,21,14,7
S01012561,Lone parent family: Parent not working,7,6,1
S01012562,All parents aged 16 and over with dependent children,124,79,45
S01012562,Couple family: Total,88,56,32
S01012562,Couple family: Both parents working,54,38,16
S01012562,Couple family: One parent working,30,18,12
S01012562,Couple family: No parents working,4,0,4
S01012562,Lone parent family: Total,36,23,13
S01012562,Lone parent family: Parent working,19,13,6
S01012562,Lone parent family: Parent not working,17,10,7
S01012563,All parents aged 16 and over with dependent children,104,44,60
S01012563,Couple family: Total,102,44,58
S01012563,Couple family: Both parents working,78,30,48
S01012563,Couple family: One parent working,20,12,8
S01012563,Couple family: No parents working,4,2,2
S01012563,Lone parent family: Total,2,0,2
S01012563,Lone parent family: Parent working,1,0,1
S01012563,Lone parent family: Parent not working,1,0,1
S01012564,All parents aged 16 and over with dependent children,153,72,81
S01012564,Couple family: Total,142,64,78
S01012564,Couple family: Both parents working,112,58,54
S01012564,Couple family: One parent working,26,6,20
S01012564,Couple family: No parents working,4,0,4
S01012564,Lone parent family: Total,11,8,3
S01012564,Lone parent family: Parent working,10,8,2
S01012564,Lone parent family: Parent not working,1,0,1
S01012565,All parents aged 16 and over with dependent children,137,57,80
S01012565,Couple family: Total,122,46,76
S01012565,Couple family: Both parents working,88,34,54
S01012565,Couple family: One parent working,26,8,18
S01012565,Couple family: No parents working,8,4,4
S01012565,Lone parent family: Total,15,11,4
S01012565,Lone parent family: Parent working,13,10,3
S01012565,Lone parent family: Parent not working,2,1,1
S01012566,All parents aged 16 and over with dependent children,92,56,36
S01012566,Couple family: Total,66,32,34
S01012566,Couple family: Both parents working,42,22,20
S01012566,Couple family: One parent working,24,10,14
S01012566,Couple family: No parents working,0,0,0
S01012566,Lone parent family: Total,26,24,2
S01012566,Lone parent family: Parent working,18,17,1
S01012566,Lone parent family: Parent not working,8,7,1
S01012567,All parents aged 16 and over with dependent children,169,99,70
S01012567,Couple family: Total,122,62,60
S01012567,Couple family: Both parents working,78,36,42
S01012567,Couple family: One parent working,28,12,16
S01012567,Couple family: No parents working,16,14,2
S01012567,Lone parent family: Total,47,37,10
S01012567,Lone parent family: Parent working,28,23,5
S01012567,Lone parent family: Parent not working,19,14,5
S01012568,All parents aged 16 and over with dependent children,119,44,75
S01012568,Couple family: Total,110,40,70
S01012568,Couple family: Both parents working,76,28,48
S01012568,Couple family: One parent working,34,12,22
S01012568,Couple family: No parents working,0,0,0
S01012568,Lone parent family: Total,9,4,5
S01012568,Lone parent family: Parent working,6,2,4
S01012568,Lone parent family: Parent not working,3,2,1
S01012569,All parents aged 16 and over with dependent children,125,50,75
S01012569,Couple family: Total,116,46,70
S01012569,Couple family: Both parents working,84,34,50
S01012569,Couple family: One parent working,30,10,20
S01012569,Couple family: No parents working,2,2,0
S01012569,Lone parent family: Total,9,4,5
S01012569,Lone parent family: Parent working,6,3,3
S01012569,Lone parent family: Parent not working,3,1,2
S01012570,All parents aged 16 and over with dependent children,90,50,40
S01012570,Couple family: Total,78,40,38
S01012570,Couple family: Both parents working,54,28,26
S01012570,Couple family: One parent working,24,12,12
S01012570,Couple family: No parents working,0,0,0
S01012570,Lone parent family: Total,12,10,2
S01012570,Lone parent family: Parent working,11,9,2
S01012570,Lone parent family: Parent not working,1,1,0
S01012571,All parents aged 16 and over with dependent children,161,84,77
S01012571,Couple family: Total,140,72,68
S01012571,Couple family: Both parents working,106,54,52
S01012571,Couple family: One parent working,32,16,16
S01012571,Couple family: No parents working,2,2,0
S01012571,Lone parent family: Total,21,12,9
S01012571,Lone parent family: Parent working,14,11,3
S01012571,Lone parent family: Parent not working,7,1,6
S01012572,All parents aged 16 and over with dependent children,100,39,61
S01012572,Couple family: Total,88,32,56
S01012572,Couple family: Both parents working,52,12,40
S01012572,Couple family: One parent working,28,18,10
S01012572,Couple family: No parents working,8,2,6
S01012572,Lone parent family: Total,12,7,5
S01012572,Lone parent family: Parent working,5,4,1
S01012572,Lone parent family: Parent not working,7,3,4
S01012573,All parents aged 16 and over with dependent children,173,65,108
S01012573,Couple family: Total,164,62,102
S01012573,Couple family: Both parents working,116,46,70
S01012573,Couple family: One parent working,48,16,32
S01012573,Couple family: No parents working,0,0,0
S01012573,Lone parent family: Total,9,3,6
S01012573,Lone parent family: Parent working,8,3,5
S01012573,Lone parent family: Parent not working,1,0,1
S01012574,All parents aged 16 and over with dependent children,178,53,125
S01012574,Couple family: Total,164,46,118
S01012574,Couple family: Both parents working,130,32,98
S01012574,Couple family: One parent working,32,12,20
S01012574,Couple family: No parents working,2,2,0
S01012574,Lone parent family: Total,14,7,7
S01012574,Lone parent family: Parent working,10,6,4
S01012574,Lone parent family: Parent not working,4,1,3
S01012575,All parents aged 16 and over with dependent children,136,52,84
S01012575,Couple family: Total,118,42,76
S01012575,Couple family: Both parents working,94,34,60
S01012575,Couple family: One parent working,24,8,16
S01012575,Couple family: No parents working,0,0,0
S01012575,Lone parent family: Total,18,10,8
S01012575,Lone parent family: Parent working,15,9,6
S01012575,Lone parent family: Parent not working,3,1,2
S01012576,All parents aged 16 and over with dependent children,136,44,92
S01012576,Couple family: Total,124,38,86
S01012576,Couple family: Both parents working,104,30,74
S01012576,Couple family: One parent working,18,6,12
S01012576,Couple family: No parents working,2,2,0
S01012576,Lone parent family: Total,12,6,6
S01012576,Lone parent family: Parent working,8,4,4
S01012576,Lone parent family: Parent not working,4,2,2
S01012577,All parents aged 16 and over with dependent children,172,74,98
S01012577,Couple family: Total,152,68,84
S01012577,Couple family: Both parents working,116,50,66
S01012577,Couple family: One parent working,32,16,16
S01012577,Couple family: No parents working,4,2,2
S01012577,Lone parent family: Total,20,6,14
S01012577,Lone parent family: Parent working,15,3,12
S01012577,Lone parent family: Parent not working,5,3,2
S01012578,All parents aged 16 and over with dependent children,166,62,104
S01012578,Couple family: Total,150,52,98
S01012578,Couple family: Both parents working,114,44,70
S01012578,Couple family: One parent working,34,6,28
S01012578,Couple family: No parents working,2,2,0
S01012578,Lone parent family: Total,16,10,6
S01012578,Lone parent family: Parent working,12,9,3
S01012578,Lone parent family: Parent not working,4,1,3
S01012579,All parents aged 16 and over with dependent children,168,69,99
S01012579,Couple family: Total,140,54,86
S01012579,Couple family: Both parents working,84,34,50
S01012579,Couple family: One parent working,42,14,28
S01012579,Couple family: No parents working,14,6,8
S01012579,Lone parent family: Total,28,15,13
S01012579,Lone parent family: Parent working,17,9,8
S01012579,Lone parent family: Parent not working,11,6,5
S01012580,All parents aged 16 and over with dependent children,155,60,95
S01012580,Couple family: Total,148,56,92
S01012580,Couple family: Both parents working,88,34,54
S01012580,Couple family: One parent working,46,16,30
S01012580,Couple family: No parents working,14,6,8
S01012580,Lone parent family: Total,7,4,3
S01012580,Lone parent family: Parent working,5,3,2
S01012580,Lone parent family: Parent not working,2,1,1
S01012581,All parents aged 16 and over with dependent children,159,68,91
S01012581,Couple family: Total,118,46,72
S01012581,Couple family: Both parents working,72,32,40
S01012581,Couple family: One parent working,32,12,20
S01012581,Couple family: No parents working,14,2,12
S01012581,Lone parent family: Total,41,22,19
S01012581,Lone parent family: Parent working,16,8,8
S01012581,Lone parent family: Parent not working,25,14,11
S01012582,All parents aged 16 and over with dependent children,216,84,132
S01012582,Couple family: Total,196,76,120
S01012582,Couple family: Both parents working,152,60,92
S01012582,Couple family: One parent working,38,14,24
S01012582,Couple family: No parents working,6,2,4
S01012582,Lone parent family: Total,20,8,12
S01012582,Lone parent family: Parent working,17,8,9
S01012582,Lone parent family: Parent not working,3,0,3
S01012583,All parents aged 16 and over with dependent children,141,84,57
S01012583,Couple family: Total,120,74,46
S01012583,Couple family: Both parents working,98,64,34
S01012583,Couple family: One parent working,18,8,10
S01012583,Couple family: No parents working,4,2,2
S01012583,Lone parent family: Total,21,10,11
S01012583,Lone parent family: Parent working,12,7,5
S01012583,Lone parent family: Parent not working,9,3,6
S01012584,All parents aged 16 and over with dependent children,135,60,75
S01012584,Couple family: Total,108,44,64
S01012584,Couple family: Both parents working,72,36,36
S01012584,Couple family: One parent working,36,8,28
S01012584,Couple family: No parents working,0,0,0
S01012584,Lone parent family: Total,27,16,11
S01012584,Lone parent family: Parent working,23,13,10
S01012584,Lone parent family: Parent not working,4,3,1
S01012585,All parents aged 16 and over with dependent children,172,88,84
S01012585,Couple family: Total,128,58,70
S01012585,Couple family: Both parents working,88,42,46
S01012585,Couple family: One parent working,32,12,20
S01012585,Couple family: No parents working,8,4,4
S01012585,Lone parent family: Total,44,30,14
S01012585,Lone parent family: Parent working,28,21,7
S01012585,Lone parent family: Parent not working,16,9,7
S01012586,All parents aged 16 and over with dependent children,199,95,104
S01012586,Couple family: Total,182,86,96
S01012586,Couple family: Both parents working,140,62,78
S01012586,Couple family: One parent working,38,20,18
S01012586,Couple family: No parents working,4,4,0
S01012586,Lone parent family: Total,17,9,8
S01012586,Lone parent family: Parent working,10,6,4
S01012586,Lone parent family: Parent not working,7,3,4
S01012587,All parents aged 16 and over with dependent children,182,86,96
S01012587,Couple family: Total,166,80,86
S01012587,Couple family: Both parents working,124,62,62
S01012587,Couple family: One parent working,40,16,24
S01012587,Couple family: No parents working,2,2,0
S01012587,Lone parent family: Total,16,6,10
S01012587,Lone parent family: Parent working,13,6,7
S01012587,Lone parent family: Parent not working,3,0,3
S01012588,All parents aged 16 and over with dependent children,149,75,74
S01012588,Couple family: Total,138,68,70
S01012588,Couple family: Both parents working,106,60,46
S01012588,Couple family: One parent working,26,6,20
S01012588,Couple family: No parents working,6,2,4
S01012588,Lone parent family: Total,11,7,4
S01012588,Lone parent family: Parent working,9,7,2
S01012588,Lone parent family: Parent not working,2,0,2
S01012589,All parents aged 16 and over with dependent children,138,67,71
S01012589,Couple family: Total,110,50,60
S01012589,Couple family: Both parents working,82,42,40
S01012589,Couple family: One parent working,20,6,14
S01012589,Couple family: No parents working,8,2,6
S01012589,Lone parent family: Total,28,17,11
S01012589,Lone parent family: Parent working,16,11,5
S01012589,Lone parent family: Parent not working,12,6,6
S01012590,All parents aged 16 and over with dependent children,149,85,64
S01012590,Couple family: Total,116,60,56
S01012590,Couple family: Both parents working,70,36,34
S01012590,Couple family: One parent working,28,20,8
S01012590,Couple family: No parents working,18,4,14
S01012590,Lone parent family: Total,33,25,8
S01012590,Lone parent family: Parent working,13,11,2
S01012590,Lone parent family: Parent not working,20,14,6
S01012591,All parents aged 16 and over with dependent children,139,59,80
S01012591,Couple family: Total,108,38,70
S01012591,Couple family: Both parents working,66,26,40
S01012591,Couple family: One parent working,32,8,24
S01012591,Couple family: No parents working,10,4,6
S01012591,Lone parent family: Total,31,21,10
S01012591,Lone parent family: Parent working,13,11,2
S01012591,Lone parent family: Parent not working,18,10,8
S01012592,All parents aged 16 and over with dependent children,140,60,80
S01012592,Couple family: Total,134,56,78
S01012592,Couple family: Both parents working,98,44,54
S01012592,Couple family: One parent working,34,12,22
S01012592,Couple family: No parents working,2,0,2
S01012592,Lone parent family: Total,6,4,2
S01012592,Lone parent family: Parent working,4,3,1
S01012592,Lone parent family: Parent not working,2,1,1
S01012593,All parents aged 16 and over with dependent children,212,109,103
S01012593,Couple family: Total,198,100,98
S01012593,Couple family: Both parents working,166,82,84
S01012593,Couple family: One parent working,32,18,14
S01012593,Couple family: No parents working,0,0,0
S01012593,Lone parent family: Total,14,9,5
S01012593,Lone parent family: Parent working,10,8,2
S01012593,Lone parent family: Parent not working,4,1,3
S01012594,All parents aged 16 and over with dependent children,96,43,53
S01012594,Couple family: Total,80,34,46
S01012594,Couple family: Both parents working,54,18,36
S01012594,Couple family: One parent working,26,16,10
S01012594,Couple family: No parents working,0,0,0
S01012594,Lone parent family: Total,16,9,7
S01012594,Lone parent family: Parent working,7,4,3
S01012594,Lone parent family: Parent not working,9,5,4
S01012595,All parents aged 16 and over with dependent children,86,36,50
S01012595,Couple family: Total,64,24,40
S01012595,Couple family: Both parents working,36,16,20
S01012595,Couple family: One parent working,24,6,18
S01012595,Couple family: No parents working,4,2,2
S01012595,Lone parent family: Total,22,12,10
S01012595,Lone parent family: Parent working,12,5,7
S01012595,Lone parent family: Parent not working,10,7,3
S01012596,All parents aged 16 and over with dependent children,201,113,88
S01012596,Couple family: Total,146,78,68
S01012596,Couple family: Both parents working,88,56,32
S01012596,Couple family: One parent working,50,18,32
S01012596,Couple family: No parents working,8,4,4
S01012596,Lone parent family: Total,55,35,20
S01012596,Lone parent family: Parent working,32,22,10
S01012596,Lone parent family: Parent not working,23,13,10
S01012597,All parents aged 16 and over with dependent children,147,84,63
S01012597,Couple family: Total,134,80,54
S01012597,Couple family: Both parents working,114,64,50
S01012597,Couple family: One parent working,14,10,4
S01012597,Couple family: No parents working,6,6,0
S01012597,Lone parent family: Total,13,4,9
S01012597,Lone parent family: Parent working,7,3,4
S01012597,Lone parent family: Parent not working,6,1,5
S01012598,All parents aged 16 and over with dependent children,111,53,58
S01012598,Couple family: Total,100,46,54
S01012598,Couple family: Both parents working,80,40,40
S01012598,Couple family: One parent working,18,4,14
S01012598,Couple family: No parents working,2,2,0
S01012598,Lone parent family: Total,11,7,4
S01012598,Lone parent family: Parent working,8,6,2
S01012598,Lone parent family: Parent not working,3,1,2
S01012599,All parents aged 16 and over with dependent children,102,36,66
S01012599,Couple family: Total,86,26,60
S01012599,Couple family: Both parents working,56,20,36
S01012599,Couple family: One parent working,22,4,18
S01012599,Couple family: No parents working,8,2,6
S01012599,Lone parent family: Total,16,10,6
S01012599,Lone parent family: Parent working,9,6,3
S01012599,Lone parent family: Parent not working,7,4,3
S01012600,All parents aged 16 and over with dependent children,128,56,72
S01012600,Couple family: Total,114,46,68
S01012600,Couple family: Both parents working,98,38,60
S01012600,Couple family: One parent working,16,8,8
S01012600,Couple family: No parents working,0,0,0
S01012600,Lone parent family: Total,14,10,4
S01012600,Lone parent family: Parent working,10,6,4
S01012600,Lone parent family: Parent not working,4,4,0
S01012601,All parents aged 16 and over with dependent children,220,100,120
S01012601,Couple family: Total,200,88,112
S01012601,Couple family: Both parents working,178,78,100
S01012601,Couple family: One parent working,18,6,12
S01012601,Couple family: No parents working,4,4,0
S01012601,Lone parent family: Total,20,12,8
S01012601,Lone parent family: Parent working,16,11,5
S01012601,Lone parent family: Parent not working,4,1,3
S01012602,All parents aged 16 and over with dependent children,68,35,33
S01012602,Couple family: Total,54,22,32
S01012602,Couple family: Both parents working,36,12,24
S01012602,Couple family: One parent working,18,10,8
S01012602,Couple family: No parents working,0,0,0
S01012602,Lone parent family: Total,14,13,1
S01012602,Lone parent family: Parent working,7,7,0
S01012602,Lone parent family: Parent not working,7,6,1
S01012603,All parents aged 16 and over with dependent children,85,45,40
S01012603,Couple family: Total,74,38,36
S01012603,Couple family: Both parents working,62,34,28
S01012603,Couple family: One parent working,8,4,4
S01012603,Couple family: No parents working,4,0,4
S01012603,Lone parent family: Total,11,7,4
S01012603,Lone parent family: Parent working,7,4,3
S01012603,Lone parent family: Parent not working,4,3,1
S01012604,All parents aged 16 and over with dependent children,107,42,65
S01012604,Couple family: Total,82,30,52
S01012604,Couple family: Both parents working,56,26,30
S01012604,Couple family: One parent working,22,4,18
S01012604,Couple family: No parents working,4,0,4
S01012604,Lone parent family: Total,25,12,13
S01012604,Lone parent family: Parent working,13,7,6
S01012604,Lone parent family: Parent not working,12,5,7
S01012605,All parents aged 16 and over with dependent children,104,62,42
S01012605,Couple family: Total,82,50,32
S01012605,Couple family: Both parents working,60,40,20
S01012605,Couple family: One parent working,14,6,8
S01012605,Couple family: No parents working,8,4,4
S01012605,Lone parent family: Total,22,12,10
S01012605,Lone parent family: Parent working,13,8,5
S01012605,Lone parent family: Parent not working,9,4,5
S01012606,All parents aged 16 and over with dependent children,278,103,175
S01012606,Couple family: Total,272,100,172
S01012606,Couple family: Both parents working,238,86,152
S01012606,Couple family: One parent working,34,14,20
S01012606,Couple family: No parents working,0,0,0
S01012606,Lone parent family: Total,6,3,3
S01012606,Lone parent family: Parent working,4,2,2
S01012606,Lone parent family: Parent not working,2,1,1
S01012607,All parents aged 16 and over with dependent children,151,80,71
S01012607,Couple family: Total,130,64,66
S01012607,Couple family: Both parents working,108,56,52
S01012607,Couple family: One parent working,12,6,6
S01012607,Couple family: No parents working,10,2,8
S01012607,Lone parent family: Total,21,16,5
S01012607,Lone parent family: Parent working,8,7,1
S01012607,Lone parent family: Parent not working,13,9,4
S01012608,All parents aged 16 and over with dependent children,167,91,76
S01012608,Couple family: Total,140,74,66
S01012608,Couple family: Both parents working,106,58,48
S01012608,Couple family: One parent working,20,8,12
S01012608,Couple family: No parents working,14,8,6
S01012608,Lone parent family: Total,27,17,10
S01012608,Lone parent family: Parent working,15,10,5
S01012608,Lone parent family: Parent not working,12,7,5
S01012609,All parents aged 16 and over with dependent children,163,86,77
S01012609,Couple family: Total,114,54,60
S01012609,Couple family: Both parents working,78,38,40
S01012609,Couple family: One parent working,32,16,16
S01012609,Couple family: No parents working,4,0,4
S01012609,Lone parent family: Total,49,32,17
S01012609,Lone parent family: Parent working,21,15,6
S01012609,Lone parent family: Parent not working,28,17,11
S01012610,All parents aged 16 and over with dependent children,212,125,87
S01012610,Couple family: Total,138,82,56
S01012610,Couple family: Both parents working,64,42,22
S01012610,Couple family: One parent working,52,26,26
S01012610,Couple family: No parents working,22,14,8
S01012610,Lone parent family: Total,74,43,31
S01012610,Lone parent family: Parent working,40,24,16
S01012610,Lone parent family: Parent not working,34,19,15
S01012611,All parents aged 16 and over with dependent children,148,79,69
S01012611,Couple family: Total,128,68,60
S01012611,Couple family: Both parents working,104,56,48
S01012611,Couple family: One parent working,22,12,10
S01012611,Couple family: No parents working,2,0,2
S01012611,Lone parent family: Total,20,11,9
S01012611,Lone parent family: Parent working,10,5,5
S01012611,Lone parent family: Parent not working,10,6,4
S01012612,All parents aged 16 and over with dependent children,158,61,97
S01012612,Couple family: Total,134,52,82
S01012612,Couple family: Both parents working,64,26,38
S01012612,Couple family: One parent working,48,20,28
S01012612,Couple family: No parents working,22,6,16
S01012612,Lone parent family: Total,24,9,15
S01012612,Lone parent family: Parent working,12,5,7
S01012612,Lone parent family: Parent not working,12,4,8
S01012613,All parents aged 16 and over with dependent children,130,64,66
S01012613,Couple family: Total,98,46,52
S01012613,Couple family: Both parents working,60,26,34
S01012613,Couple family: One parent working,26,12,14
S01012613,Couple family: No parents working,12,8,4
S01012613,Lone parent family: Total,32,18,14
S01012613,Lone parent family: Parent working,23,12,11
S01012613,Lone parent family: Parent not working,9,6,3
S01012614,All parents aged 16 and over with dependent children,191,101,90
S01012614,Couple family: Total,152,76,76
S01012614,Couple family: Both parents working,110,52,58
S01012614,Couple family: One parent working,34,18,16
S01012614,Couple family: No parents working,8,6,2
S01012614,Lone parent family: Total,39,25,14
S01012614,Lone parent family: Parent working,25,17,8
S01012614,Lone parent family: Parent not working,14,8,6
S01012615,All parents aged 16 and over with dependent children,131,56,75
S01012615,Couple family: Total,118,50,68
S01012615,Couple family: Both parents working,96,42,54
S01012615,Couple family: One parent working,20,6,14
S01012615,Couple family: No parents working,2,2,0
S01012615,Lone parent family: Total,13,6,7
S01012615,Lone parent family: Parent working,10,5,5
S01012615,Lone parent family: Parent not working,3,1,2
S01012616,All parents aged 16 and over with dependent children,208,73,135
S01012616,Couple family: Total,184,60,124
S01012616,Couple family: Both parents working,134,42,92
S01012616,Couple family: One parent working,38,10,28
S01012616,Couple family: No parents working,12,8,4
S01012616,Lone parent family: Total,24,13,11
S01012616,Lone parent family: Parent working,14,10,4
S01012616,Lone parent family: Parent not working,10,3,7
S01012617,All parents aged 16 and over with dependent children,75,42,33
S01012617,Couple family: Total,66,36,30
S01012617,Couple family: Both parents working,50,30,20
S01012617,Couple family: One parent working,14,6,8
S01012617,Couple family: No parents working,2,0,2
S01012617,Lone parent family: Total,9,6,3
S01012617,Lone parent family: Parent working,7,4,3
S01012617,Lone parent family: Parent not working,2,2,0
S01012618,All parents aged 16 and over with dependent children,117,51,66
S01012618,Couple family: Total,100,42,58
S01012618,Couple family: Both parents working,80,38,42
S01012618,Couple family: One parent working,12,2,10
S01012618,Couple family: No parents working,8,2,6
S01012618,Lone parent family: Total,17,9,8
S01012618,Lone parent family: Parent working,13,8,5
S01012618,Lone parent family: Parent not working,4,1,3
S01012619,All parents aged 16 and over with dependent children,62,36,26
S01012619,Couple family: Total,46,28,18
S01012619,Couple family: Both parents working,36,22,14
S01012619,Couple family: One parent working,4,2,2
S01012619,Couple family: No parents working,6,4,2
S01012619,Lone parent family: Total,16,8,8
S01012619,Lone parent family: Parent working,7,3,4
S01012619,Lone parent family: Parent not working,9,5,4
S01012620,All parents aged 16 and over with dependent children,131,50,81
S01012620,Couple family: Total,120,44,76
S01012620,Couple family: Both parents working,100,32,68
S01012620,Couple family: One parent working,18,10,8
S01012620,Couple family: No parents working,2,2,0
S01012620,Lone parent family: Total,11,6,5
S01012620,Lone parent family: Parent working,9,4,5
S01012620,Lone parent family: Parent not working,2,2,0
S01012621,All parents aged 16 and over with dependent children,81,30,51
S01012621,Couple family: Total,72,28,44
S01012621,Couple family: Both parents working,62,24,38
S01012621,Couple family: One parent working,10,4,6
S01012621,Couple family: No parents working,0,0,0
S01012621,Lone parent family: Total,9,2,7
S01012621,Lone parent family: Parent working,8,1,7
S01012621,Lone parent family: Parent not working,1,1,0
S01012622,All parents aged 16 and over with dependent children,154,72,82
S01012622,Couple family: Total,132,58,74
S01012622,Couple family: Both parents working,104,48,56
S01012622,Couple family: One parent working,22,10,12
S01012622,Couple family: No parents working,6,0,6
S01012622,Lone parent family: Total,22,14,8
S01012622,Lone parent family: Parent working,20,13,7
S01012622,Lone parent family: Parent not working,2,1,1
S01012623,All parents aged 16 and over with dependent children,107,57,50
S01012623,Couple family: Total,76,34,42
S01012623,Couple family: Both parents working,46,20,26
S01012623,Couple family: One parent working,26,12,14
S01012623,Couple family: No parents working,4,2,2
S01012623,Lone parent family: Total,31,23,8
S01012623,Lone parent family: Parent working,15,10,5
S01012623,Lone parent family: Parent not working,16,13,3
S01012624,All parents aged 16 and over with dependent children,137,56,81
S01012624,Couple family: Total,102,34,68
S01012624,Couple family: Both parents working,74,24,50
S01012624,Couple family: One parent working,24,10,14
S01012624,Couple family: No parents working,4,0,4
S01012624,Lone parent family: Total,35,22,13
S01012624,Lone parent family: Parent working,20,12,8
S01012624,Lone parent family: Parent not working,15,10,5
S01012625,All parents aged 16 and over with dependent children,93,51,42
S01012625,Couple family: Total,74,36,38
S01012625,Couple family: Both parents working,62,26,36
S01012625,Couple family: One parent working,12,10,2
S01012625,Couple family: No parents working,0,0,0
S01012625,Lone parent family: Total,19,15,4
S01012625,Lone parent family: Parent working,15,11,4
S01012625,Lone parent family: Parent not working,4,4,0
S01012626,All parents aged 16 and over with dependent children,85,34,51
S01012626,Couple family: Total,74,30,44
S01012626,Couple family: Both parents working,52,18,34
S01012626,Couple family: One parent working,18,8,10
S01012626,Couple family: No parents working,4,4,0
S01012626,Lone parent family: Total,11,4,7
S01012626,Lone parent family: Parent working,10,4,6
S01012626,Lone parent family: Parent not working,1,0,1
S01012627,All parents aged 16 and over with dependent children,110,55,55
S01012627,Couple family: Total,82,38,44
S01012627,Couple family: Both parents working,50,24,26
S01012627,Couple family: One parent working,28,12,16
S01012627,Couple family: No parents working,4,2,2
S01012627,Lone parent family: Total,28,17,11
S01012627,Lone parent family: Parent working,15,10,5
S01012627,Lone parent family: Parent not working,13,7,6
S01012628,All parents aged 16 and over with dependent children,277,115,162
S01012628,Couple family: Total,268,110,158
S01012628,Couple family: Both parents working,196,82,114
S01012628,Couple family: One parent working,68,26,42
S01012628,Couple family: No parents working,4,2,2
S01012628,Lone parent family: Total,9,5,4
S01012628,Lone parent family: Parent working,8,4,4
S01012628,Lone parent family: Parent not working,1,1,0
S01012629,All parents aged 16 and over with dependent children,112,59,53
S01012629,Couple family: Total,104,52,52
S01012629,Couple family: Both parents working,88,48,40
S01012629,Couple family: One parent working,14,4,10
S01012629,Couple family: No parents working,2,0,2
S01012629,Lone parent family: Total,8,7,1
S01012629,Lone parent family: Parent working,5,5,0
S01012629,Lone parent family: Parent not working,3,2,1
S01012630,All parents aged 16 and over with dependent children,69,39,30
S01012630,Couple family: Total,48,24,24
S01012630,Couple family: Both parents working,36,20,16
S01012630,Couple family: One parent working,8,4,4
S01012630,Couple family: No parents working,4,0,4
S01012630,Lone parent family: Total,21,15,6
S01012630,Lone parent family: Parent working,12,9,3
S01012630,Lone parent family: Parent not working,9,6,3
S01012631,All parents aged 16 and over with dependent children,224,106,118
S01012631,Couple family: Total,172,74,98
S01012631,Couple family: Both parents working,116,54,62
S01012631,Couple family: One parent working,34,8,26
S01012631,Couple family: No parents working,22,12,10
S01012631,Lone parent family: Total,52,32,20
S01012631,Lone parent family: Parent working,28,20,8
S01012631,Lone parent family: Parent not working,24,12,12
S01012632,All parents aged 16 and over with dependent children,150,69,81
S01012632,Couple family: Total,136,62,74
S01012632,Couple family: Both parents working,104,46,58
S01012632,Couple family: One parent working,26,10,16
S01012632,Couple family: No parents working,6,6,0
S01012632,Lone parent family: Total,14,7,7
S01012632,Lone parent family: Parent working,8,7,1
S01012632,Lone parent family: Parent not working,6,0,6
S01012633,All parents aged 16 and over with dependent children,132,62,70
S01012633,Couple family: Total,122,56,66
S01012633,Couple family: Both parents working,86,34,52
S01012633,Couple family: One parent working,30,20,10
S01012633,Couple family: No parents working,6,2,4
S01012633,Lone parent family: Total,10,6,4
S01012633,Lone parent family: Parent working,5,3,2
S01012633,Lone parent family: Parent not working,5,3,2
S01012634,All parents aged 16 and over with dependent children,117,46,71
S01012634,Couple family: Total,88,26,62
S01012634,Couple family: Both parents working,52,20,32
S01012634,Couple family: One parent working,22,0,22
S01012634,Couple family: No parents working,14,6,8
S01012634,Lone parent family: Total,29,20,9
S01012634,Lone parent family: Parent working,21,14,7
S01012634,Lone parent family: Parent not working,8,6,2
S01012635,All parents aged 16 and over with dependent children,264,147,117
S01012635,Couple family: Total,234,128,106
S01012635,Couple family: Both parents working,184,102,82
S01012635,Couple family: One parent working,44,22,22
S01012635,Couple family: No parents working,6,4,2
S01012635,Lone parent family: Total,30,19,11
S01012635,Lone parent family: Parent working,13,9,4
S01012635,Lone parent family: Parent not working,17,10,7
S01012636,All parents aged 16 and over with dependent children,135,75,60
S01012636,Couple family: Total,120,64,56
S01012636,Couple family: Both parents working,96,56,40
S01012636,Couple family: One parent working,20,4,16
S01012636,Couple family: No parents working,4,4,0
S01012636,Lone parent family: Total,15,11,4
S01012636,Lone parent family: Parent working,12,9,3
S01012636,Lone parent family: Parent not working,3,2,1
S01012637,All parents aged 16 and over with dependent children,197,87,110
S01012637,Couple family: Total,152,64,88
S01012637,Couple family: Both parents working,90,38,52
S01012637,Couple family: One parent working,46,16,30
S01012637,Couple family: No parents working,16,10,6
S01012637,Lone parent family: Total,45,23,22
S01012637,Lone parent family: Parent working,22,11,11
S01012637,Lone parent family: Parent not working,23,12,11
S01012638,All parents aged 16 and over with dependent children,180,85,95
S01012638,Couple family: Total,152,70,82
S01012638,Couple family: Both parents working,106,44,62
S01012638,Couple family: One parent working,26,16,10
S01012638,Couple family: No parents working,20,10,10
S01012638,Lone parent family: Total,28,15,13
S01012638,Lone parent family: Parent working,16,8,8
S01012638,Lone parent family: Parent not working,12,7,5
S01012639,All parents aged 16 and over with dependent children,191,97,94
S01012639,Couple family: Total,158,78,80
S01012639,Couple family: Both parents working,116,62,54
S01012639,Couple family: One parent working,32,10,22
S01012639,Couple family: No parents working,10,6,4
S01012639,Lone parent family: Total,33,19,14
S01012639,Lone parent family: Parent working,19,14,5
S01012639,Lone parent family: Parent not working,14,5,9
S01012640,All parents aged 16 and over with dependent children,156,64,92
S01012640,Couple family: Total,108,36,72
S01012640,Couple family: Both parents working,50,24,26
S01012640,Couple family: One parent working,32,4,28
S01012640,Couple family: No parents working,26,8,18
S01012640,Lone parent family: Total,48,28,20
S01012640,Lone parent family: Parent working,22,13,9
S01012640,Lone parent family: Parent not working,26,15,11
S01012641,All parents aged 16 and over with dependent children,186,90,96
S01012641,Couple family: Total,146,68,78
S01012641,Couple family: Both parents working,114,56,58
S01012641,Couple family: One parent working,26,10,16
S01012641,Couple family: No parents working,6,2,4
S01012641,Lone parent family: Total,40,22,18
S01012641,Lone parent family: Parent working,27,13,14
S01012641,Lone parent family: Parent not working,13,9,4
S01012642,All parents aged 16 and over with dependent children,155,65,90
S01012642,Couple family: Total,104,38,66
S01012642,Couple family: Both parents working,52,28,24
S01012642,Couple family: One parent working,32,6,26
S01012642,Couple family: No parents working,20,4,16
S01012642,Lone parent family: Total,51,27,24
S01012642,Lone parent family: Parent working,24,13,11
S01012642,Lone parent family: Parent not working,27,14,13
S01012643,All parents aged 16 and over with dependent children,99,50,49
S01012643,Couple family: Total,76,44,32
S01012643,Couple family: Both parents working,46,32,14
S01012643,Couple family: One parent working,24,8,16
S01012643,Couple family: No parents working,6,4,2
S01012643,Lone parent family: Total,23,6,17
S01012643,Lone parent family: Parent working,9,2,7
S01012643,Lone parent family: Parent not working,14,4,10
S01012644,All parents aged 16 and over with dependent children,184,94,90
S01012644,Couple family: Total,148,72,76
S01012644,Couple family: Both parents working,100,56,44
S01012644,Couple family: One parent working,38,10,28
S01012644,Couple family: No parents working,10,6,4
S01012644,Lone parent family: Total,36,22,14
S01012644,Lone parent family: Parent working,20,12,8
S01012644,Lone parent family: Parent not working,16,10,6
S01012645,All parents aged 16 and over with dependent children,170,77,93
S01012645,Couple family: Total,158,74,84
S01012645,Couple family: Both parents working,126,58,68
S01012645,Couple family: One parent working,26,14,12
S01012645,Couple family: No parents working,6,2,4
S01012645,Lone parent family: Total,12,3,9
S01012645,Lone parent family: Parent working,6,1,5
S01012645,Lone parent family: Parent not working,6,2,4
S01012646,All parents aged 16 and over with dependent children,237,85,152
S01012646,Couple family: Total,220,82,138
S01012646,Couple family: Both parents working,172,70,102
S01012646,Couple family: One parent working,46,10,36
S01012646,Couple family: No parents working,2,2,0
S01012646,Lone parent family: Total,17,3,14
S01012646,Lone parent family: Parent working,11,3,8
S01012646,Lone parent family: Parent not working,6,0,6
S01012647,All parents aged 16 and over with dependent children,243,121,122
S01012647,Couple family: Total,220,110,110
S01012647,Couple family: Both parents working,164,90,74
S01012647,Couple family: One parent working,50,16,34
S01012647,Couple family: No parents working,6,4,2
S01012647,Lone parent family: Total,23,11,12
S01012647,Lone parent family: Parent working,15,9,6
S01012647,Lone parent family: Parent not working,8,2,6
S01012648,All parents aged 16 and over with dependent children,116,57,59
S01012648,Couple family: Total,78,34,44
S01012648,Couple family: Both parents working,52,24,28
S01012648,Couple family: One parent working,20,6,14
S01012648,Couple family: No parents working,6,4,2
S01012648,Lone parent family: Total,38,23,15
S01012648,Lone parent family: Parent working,19,14,5
S01012648,Lone parent family: Parent not working,19,9,10
S01012649,All parents aged 16 and over with dependent children,144,73,71
S01012649,Couple family: Total,114,50,64
S01012649,Couple family: Both parents working,78,38,40
S01012649,Couple family: One parent working,28,8,20
S01012649,Couple family: No parents working,8,4,4
S01012649,Lone parent family: Total,30,23,7
S01012649,Lone parent family: Parent working,18,15,3
S01012649,Lone parent family: Parent not working,12,8,4
S01012650,All parents aged 16 and over with dependent children,101,39,62
S01012650,Couple family: Total,90,34,56
S01012650,Couple family: Both parents working,68,28,40
S01012650,Couple family: One parent working,22,6,16
S01012650,Couple family: No parents working,0,0,0
S01012650,Lone parent family: Total,11,5,6
S01012650,Lone parent family: Parent working,6,2,4
S01012650,Lone parent family: Parent not working,5,3,2
S01012651,All parents aged 16 and over with dependent children,119,56,63
S01012651,Couple family: Total,84,36,48
S01012651,Couple family: Both parents working,52,20,32
S01012651,Couple family: One parent working,14,6,8
S01012651,Couple family: No parents working,18,10,8
S01012651,Lone parent family: Total,35,20,15
S01012651,Lone parent family: Parent working,21,14,7
S01012651,Lone parent family: Parent not working,14,6,8
S01012652,All parents aged 16 and over with dependent children,200,100,100
S01012652,Couple family: Total,184,90,94
S01012652,Couple family: Both parents working,146,68,78
S01012652,Couple family: One parent working,30,16,14
S01012652,Couple family: No parents working,8,6,2
S01012652,Lone parent family: Total,16,10,6
S01012652,Lone parent family: Parent working,12,8,4
S01012652,Lone parent family: Parent not working,4,2,2
S01012653,All parents aged 16 and over with dependent children,205,107,98
S01012653,Couple family: Total,160,78,82
S01012653,Couple family: Both parents working,98,54,44
S01012653,Couple family: One parent working,42,14,28
S01012653,Couple family: No parents working,20,10,10
S01012653,Lone parent family: Total,45,29,16
S01012653,Lone parent family: Parent working,22,17,5
S01012653,Lone parent family: Parent not working,23,12,11
S01012654,All parents aged 16 and over with dependent children,177,77,100
S01012654,Couple family: Total,160,68,92
S01012654,Couple family: Both parents working,114,50,64
S01012654,Couple family: One parent working,38,12,26
S01012654,Couple family: No parents working,8,6,2
S01012654,Lone parent family: Total,17,9,8
S01012654,Lone parent family: Parent working,10,5,5
S01012654,Lone parent family: Parent not working,7,4,3
S01012655,All parents aged 16 and over with dependent children,197,107,90
S01012655,Couple family: Total,156,82,74
S01012655,Couple family: Both parents working,122,68,54
S01012655,Couple family: One parent working,26,8,18
S01012655,Couple family: No parents working,8,6,2
S01012655,Lone parent family: Total,41,25,16
S01012655,Lone parent family: Parent working,24,17,7
S01012655,Lone parent family: Parent not working,17,8,9
S01012656,All parents aged 16 and over with dependent children,149,62,87
S01012656,Couple family: Total,112,42,70
S01012656,Couple family: Both parents working,76,28,48
S01012656,Couple family: One parent working,24,10,14
S01012656,Couple family: No parents working,12,4,8
S01012656,Lone parent family: Total,37,20,17
S01012656,Lone parent family: Parent working,19,11,8
S01012656,Lone parent family: Parent not working,18,9,9
S01012657,All parents aged 16 and over with dependent children,116,75,41
S01012657,Couple family: Total,88,54,34
S01012657,Couple family: Both parents working,62,38,24
S01012657,Couple family: One parent working,18,8,10
S01012657,Couple family: No parents working,8,8,0
S01012657,Lone parent family: Total,28,21,7
S01012657,Lone parent family: Parent working,17,13,4
S01012657,Lone parent family: Parent not working,11,8,3
S01012658,All parents aged 16 and over with dependent children,165,86,79
S01012658,Couple family: Total,146,74,72
S01012658,Couple family: Both parents working,116,56,60
S01012658,Couple family: One parent working,26,14,12
S01012658,Couple family: No parents working,4,4,0
S01012658,Lone parent family: Total,19,12,7
S01012658,Lone parent family: Parent working,15,9,6
S01012658,Lone parent family: Parent not working,4,3,1
S01012659,All parents aged 16 and over with dependent children,351,134,217
S01012659,Couple family: Total,326,114,212
S01012659,Couple family: Both parents working,276,102,174
S01012659,Couple family: One parent working,44,10,34
S01012659,Couple family: No parents working,6,2,4
S01012659,Lone parent family: Total,25,20,5
S01012659,Lone parent family: Parent working,21,17,4
S01012659,Lone parent family: Parent not working,4,3,1
S01012660,All parents aged 16 and over with dependent children,140,77,63
S01012660,Couple family: Total,108,52,56
S01012660,Couple family: Both parents working,80,46,34
S01012660,Couple family: One parent working,24,6,18
S01012660,Couple family: No parents working,4,0,4
S01012660,Lone parent family: Total,32,25,7
S01012660,Lone parent family: Parent working,22,18,4
S01012660,Lone parent family: Parent not working,10,7,3
S01012661,All parents aged 16 and over with dependent children,130,74,56
S01012661,Couple family: Total,110,60,50
S01012661,Couple family: Both parents working,88,56,32
S01012661,Couple family: One parent working,18,4,14
S01012661,Couple family: No parents working,4,0,4
S01012661,Lone parent family: Total,20,14,6
S01012661,Lone parent family: Parent working,11,9,2
S01012661,Lone parent family: Parent not working,9,5,4
S01012662,All parents aged 16 and over with dependent children,120,78,42
S01012662,Couple family: Total,84,52,32
S01012662,Couple family: Both parents working,64,36,28
S01012662,Couple family: One parent working,12,10,2
S01012662,Couple family: No parents working,8,6,2
S01012662,Lone parent family: Total,36,26,10
S01012662,Lone parent family: Parent working,18,14,4
S01012662,Lone parent family: Parent not working,18,12,6
S01012663,All parents aged 16 and over with dependent children,123,71,52
S01012663,Couple family: Total,104,62,42
S01012663,Couple family: Both parents working,90,54,36
S01012663,Couple family: One parent working,12,6,6
S01012663,Couple family: No parents working,2,2,0
S01012663,Lone parent family: Total,19,9,10
S01012663,Lone parent family: Parent working,14,7,7
S01012663,Lone parent family: Parent not working,5,2,3
S01012664,All parents aged 16 and over with dependent children,168,100,68
S01012664,Couple family: Total,138,80,58
S01012664,Couple family: Both parents working,112,64,48
S01012664,Couple family: One parent working,24,16,8
S01012664,Couple family: No parents working,2,0,2
S01012664,Lone parent family: Total,30,20,10
S01012664,Lone parent family: Parent working,17,13,4
S01012664,Lone parent family: Parent not working,13,7,6
S01012665,All parents aged 16 and over with dependent children,149,86,63
S01012665,Couple family: Total,88,42,46
S01012665,Couple family: Both parents working,54,30,24
S01012665,Couple family: One parent working,24,10,14
S01012665,Couple family: No parents working,10,2,8
S01012665,Lone parent family: Total,61,44,17
S01012665,Lone parent family: Parent working,32,24,8
S01012665,Lone parent family: Parent not working,29,20,9
S01012666,All parents aged 16 and over with dependent children,97,56,41
S01012666,Couple family: Total,58,34,24
S01012666,Couple family: Both parents working,28,20,8
S01012666,Couple family: One parent working,28,12,16
S01012666,Couple family: No parents working,2,2,0
S01012666,Lone parent family: Total,39,22,17
S01012666,Lone parent family: Parent working,22,12,10
S01012666,Lone parent family: Parent not working,17,10,7
S01012667,All parents aged 16 and over with dependent children,114,60,54
S01012667,Couple family: Total,78,32,46
S01012667,Couple family: Both parents working,44,18,26
S01012667,Couple family: One parent working,22,8,14
S01012667,Couple family: No parents working,12,6,6
S01012667,Lone parent family: Total,36,28,8
S01012667,Lone parent family: Parent working,20,18,2
S01012667,Lone parent family: Parent not working,16,10,6
S01012668,All parents aged 16 and over with dependent children,173,89,84
S01012668,Couple family: Total,128,60,68
S01012668,Couple family: Both parents working,74,38,36
S01012668,Couple family: One parent working,32,12,20
S01012668,Couple family: No parents working,22,10,12
S01012668,Lone parent family: Total,45,29,16
S01012668,Lone parent family: Parent working,23,18,5
S01012668,Lone parent family: Parent not working,22,11,11
S01012669,All parents aged 16 and over with dependent children,141,64,77
S01012669,Couple family: Total,126,56,70
S01012669,Couple family: Both parents working,100,46,54
S01012669,Couple family: One parent working,26,10,16
S01012669,Couple family: No parents working,0,0,0
S01012669,Lone parent family: Total,15,8,7
S01012669,Lone parent family: Parent working,13,8,5
S01012669,Lone parent family: Parent not working,2,0,2
S01012670,All parents aged 16 and over with dependent children,135,84,51
S01012670,Couple family: Total,124,76,48
S01012670,Couple family: Both parents working,106,68,38
S01012670,Couple family: One parent working,16,6,10
S01012670,Couple family: No parents working,2,2,0
S01012670,Lone parent family: Total,11,8,3
S01012670,Lone parent family: Parent working,10,7,3
S01012670,Lone parent family: Parent not working,1,1,0
S01012671,All parents aged 16 and over with dependent children,199,94,105
S01012671,Couple family: Total,158,68,90
S01012671,Couple family: Both parents working,128,52,76
S01012671,Couple family: One parent working,24,10,14
S01012671,Couple family: No parents working,6,6,0
S01012671,Lone parent family: Total,41,26,15
S01012671,Lone parent family: Parent working,25,17,8
S01012671,Lone parent family: Parent not working,16,9,7
S01012672,All parents aged 16 and over with dependent children,141,80,61
S01012672,Couple family: Total,94,52,42
S01012672,Couple family: Both parents working,44,30,14
S01012672,Couple family: One parent working,40,16,24
S01012672,Couple family: No parents working,10,6,4
S01012672,Lone parent family: Total,47,28,19
S01012672,Lone parent family: Parent working,18,9,9
S01012672,Lone parent family: Parent not working,29,19,10
S01012673,All parents aged 16 and over with dependent children,98,61,37
S01012673,Couple family: Total,44,30,14
S01012673,Couple family: Both parents working,26,18,8
S01012673,Couple family: One parent working,12,10,2
S01012673,Couple family: No parents working,6,2,4
S01012673,Lone parent family: Total,54,31,23
S01012673,Lone parent family: Parent working,19,15,4
S01012673,Lone parent family: Parent not working,35,16,19
S01012674,All parents aged 16 and over with dependent children,132,57,75
S01012674,Couple family: Total,92,36,56
S01012674,Couple family: Both parents working,38,12,26
S01012674,Couple family: One parent working,28,6,22
S01012674,Couple family: No parents working,26,18,8
S01012674,Lone parent family: Total,40,21,19
S01012674,Lone parent family: Parent working,18,12,6
S01012674,Lone parent family: Parent not working,22,9,13
S01012675,All parents aged 16 and over with dependent children,138,79,59
S01012675,Couple family: Total,94,50,44
S01012675,Couple family: Both parents working,62,36,26
S01012675,Couple family: One parent working,16,6,10
S01012675,Couple family: No parents working,16,8,8
S01012675,Lone parent family: Total,44,29,15
S01012675,Lone parent family: Parent working,22,14,8
S01012675,Lone parent family: Parent not working,22,15,7
S01012676,All parents aged 16 and over with dependent children,200,83,117
S01012676,Couple family: Total,158,62,96
S01012676,Couple family: Both parents working,104,38,66
S01012676,Couple family: One parent working,44,18,26
S01012676,Couple family: No parents working,10,6,4
S01012676,Lone parent family: Total,42,21,21
S01012676,Lone parent family: Parent working,27,16,11
S01012676,Lone parent family: Parent not working,15,5,10
S01012677,All parents aged 16 and over with dependent children,104,41,63
S01012677,Couple family: Total,78,28,50
S01012677,Couple family: Both parents working,46,20,26
S01012677,Couple family: One parent working,22,6,16
S01012677,Couple family: No parents working,10,2,8
S01012677,Lone parent family: Total,26,13,13
S01012677,Lone parent family: Parent working,16,10,6
S01012677,Lone parent family: Parent not working,10,3,7
S01012678,All parents aged 16 and over with dependent children,186,95,91
S01012678,Couple family: Total,158,80,78
S01012678,Couple family: Both parents working,128,64,64
S01012678,Couple family: One parent working,26,12,14
S01012678,Couple family: No parents working,4,4,0
S01012678,Lone parent family: Total,28,15,13
S01012678,Lone parent family: Parent working,23,11,12
S01012678,Lone parent family: Parent not working,5,4,1
S01012679,All parents aged 16 and over with dependent children,141,73,68
S01012679,Couple family: Total,116,54,62
S01012679,Couple family: Both parents working,98,44,54
S01012679,Couple family: One parent working,18,10,8
S01012679,Couple family: No parents working,0,0,0
S01012679,Lone parent family: Total,25,19,6
S01012679,Lone parent family: Parent working,12,10,2
S01012679,Lone parent family: Parent not working,13,9,4
S01012680,All parents aged 16 and over with dependent children,147,76,71
S01012680,Couple family: Total,134,66,68
S01012680,Couple family: Both parents working,118,58,60
S01012680,Couple family: One parent working,12,6,6
S01012680,Couple family: No parents working,4,2,2
S01012680,Lone parent family: Total,13,10,3
S01012680,Lone parent family: Parent working,8,7,1
S01012680,Lone parent family: Parent not working,5,3,2
S01012681,All parents aged 16 and over with dependent children,146,59,87
S01012681,Couple family: Total,118,48,70
S01012681,Couple family: Both parents working,84,38,46
S01012681,Couple family: One parent working,22,6,16
S01012681,Couple family: No parents working,12,4,8
S01012681,Lone parent family: Total,28,11,17
S01012681,Lone parent family: Parent working,20,8,12
S01012681,Lone parent family: Parent not working,8,3,5
S01012682,All parents aged 16 and over with dependent children,110,39,71
S01012682,Couple family: Total,96,34,62
S01012682,Couple family: Both parents working,82,28,54
S01012682,Couple family: One parent working,14,6,8
S01012682,Couple family: No parents working,0,0,0
S01012682,Lone parent family: Total,14,5,9
S01012682,Lone parent family: Parent working,12,4,8
S01012682,Lone parent family: Parent not working,2,1,1
S01012683,All parents aged 16 and over with dependent children,169,88,81
S01012683,Couple family: Total,130,66,64
S01012683,Couple family: Both parents working,92,48,44
S01012683,Couple family: One parent working,26,12,14
S01012683,Couple family: No parents working,12,6,6
S01012683,Lone parent family: Total,39,22,17
S01012683,Lone parent family: Parent working,24,12,12
S01012683,Lone parent family: Parent not working,15,10,5
S01012684,All parents aged 16 and over with dependent children,136,51,85
S01012684,Couple family: Total,118,42,76
S01012684,Couple family: Both parents working,92,34,58
S01012684,Couple family: One parent working,24,8,16
S01012684,Couple family: No parents working,2,0,2
S01012684,Lone parent family: Total,18,9,9
S01012684,Lone parent family: Parent working,12,3,9
S01012684,Lone parent family: Parent not working,6,6,0
S01012685,All parents aged 16 and over with dependent children,169,85,84
S01012685,Couple family: Total,126,60,66
S01012685,Couple family: Both parents working,80,42,38
S01012685,Couple family: One parent working,40,16,24
S01012685,Couple family: No parents working,6,2,4
S01012685,Lone parent family: Total,43,25,18
S01012685,Lone parent family: Parent working,27,16,11
S01012685,Lone parent family: Parent not working,16,9,7
S01012686,All parents aged 16 and over with dependent children,193,90,103
S01012686,Couple family: Total,168,74,94
S01012686,Couple family: Both parents working,128,58,70
S01012686,Couple family: One parent working,38,14,24
S01012686,Couple family: No parents working,2,2,0
S01012686,Lone parent family: Total,25,16,9
S01012686,Lone parent family: Parent working,16,10,6
S01012686,Lone parent family: Parent not working,9,6,3
S01012687,All parents aged 16 and over with dependent children,91,33,58
S01012687,Couple family: Total,84,30,54
S01012687,Couple family: Both parents working,64,26,38
S01012687,Couple family: One parent working,20,4,16
S01012687,Couple family: No parents working,0,0,0
S01012687,Lone parent family: Total,7,3,4
S01012687,Lone parent family: Parent working,6,3,3
S01012687,Lone parent family: Parent not working,1,0,1
S01012688,All parents aged 16 and over with dependent children,112,44,68
S01012688,Couple family: Total,88,30,58
S01012688,Couple family: Both parents working,74,24,50
S01012688,Couple family: One parent working,10,4,6
S01012688,Couple family: No parents working,4,2,2
S01012688,Lone parent family: Total,24,14,10
S01012688,Lone parent family: Parent working,15,10,5
S01012688,Lone parent family: Parent not working,9,4,5
S01012689,All parents aged 16 and over with dependent children,99,37,62
S01012689,Couple family: Total,82,26,56
S01012689,Couple family: Both parents working,54,18,36
S01012689,Couple family: One parent working,26,8,18
S01012689,Couple family: No parents working,2,0,2
S01012689,Lone parent family: Total,17,11,6
S01012689,Lone parent family: Parent working,16,11,5
S01012689,Lone parent family: Parent not working,1,0,1
S01012690,All parents aged 16 and over with dependent children,119,36,83
S01012690,Couple family: Total,110,32,78
S01012690,Couple family: Both parents working,84,26,58
S01012690,Couple family: One parent working,24,6,18
S01012690,Couple family: No parents working,2,0,2
S01012690,Lone parent family: Total,9,4,5
S01012690,Lone parent family: Parent working,6,3,3
S01012690,Lone parent family: Parent not working,3,1,2
S01012691,All parents aged 16 and over with dependent children,197,71,126
S01012691,Couple family: Total,178,64,114
S01012691,Couple family: Both parents working,140,44,96
S01012691,Couple family: One parent working,36,20,16
S01012691,Couple family: No parents working,2,0,2
S01012691,Lone parent family: Total,19,7,12
S01012691,Lone parent family: Parent working,16,6,10
S01012691,Lone parent family: Parent not working,3,1,2
S01012692,All parents aged 16 and over with dependent children,153,66,87
S01012692,Couple family: Total,124,40,84
S01012692,Couple family: Both parents working,100,32,68
S01012692,Couple family: One parent working,20,8,12
S01012692,Couple family: No parents working,4,0,4
S01012692,Lone parent family: Total,29,26,3
S01012692,Lone parent family: Parent working,24,22,2
S01012692,Lone parent family: Parent not working,5,4,1
S01012693,All parents aged 16 and over with dependent children,247,88,159
S01012693,Couple family: Total,226,76,150
S01012693,Couple family: Both parents working,184,58,126
S01012693,Couple family: One parent working,42,18,24
S01012693,Couple family: No parents working,0,0,0
S01012693,Lone parent family: Total,21,12,9
S01012693,Lone parent family: Parent working,17,10,7
S01012693,Lone parent family: Parent not working,4,2,2
S01012694,All parents aged 16 and over with dependent children,117,30,87
S01012694,Couple family: Total,102,24,78
S01012694,Couple family: Both parents working,84,20,64
S01012694,Couple family: One parent working,14,4,10
S01012694,Couple family: No parents working,4,0,4
S01012694,Lone parent family: Total,15,6,9
S01012694,Lone parent family: Parent working,13,5,8
S01012694,Lone parent family: Parent not working,2,1,1
S01012695,All parents aged 16 and over with dependent children,188,60,128
S01012695,Couple family: Total,174,58,116
S01012695,Couple family: Both parents working,120,38,82
S01012695,Couple family: One parent working,36,12,24
S01012695,Couple family: No parents working,18,8,10
S01012695,Lone parent family: Total,14,2,12
S01012695,Lone parent family: Parent working,8,1,7
S01012695,Lone parent family: Parent not working,6,1,5
S01012696,All parents aged 16 and over with dependent children,154,59,95
S01012696,Couple family: Total,146,54,92
S01012696,Couple family: Both parents working,102,36,66
S01012696,Couple family: One parent working,44,18,26
S01012696,Couple family: No parents working,0,0,0
S01012696,Lone parent family: Total,8,5,3
S01012696,Lone parent family: Parent working,8,5,3
S01012696,Lone parent family: Parent not working,0,0,0
S01012697,All parents aged 16 and over with dependent children,114,42,72
S01012697,Couple family: Total,104,38,66
S01012697,Couple family: Both parents working,88,34,54
S01012697,Couple family: One parent working,16,4,12
S01012697,Couple family: No parents working,0,0,0
S01012697,Lone parent family: Total,10,4,6
S01012697,Lone parent family: Parent working,7,3,4
S01012697,Lone parent family: Parent not working,3,1,2
S01012698,All parents aged 16 and over with dependent children,108,41,67
S01012698,Couple family: Total,98,36,62
S01012698,Couple family: Both parents working,86,34,52
S01012698,Couple family: One parent working,12,2,10
S01012698,Couple family: No parents working,0,0,0
S01012698,Lone parent family: Total,10,5,5
S01012698,Lone parent family: Parent working,8,4,4
S01012698,Lone parent family: Parent not working,2,1,1
S01012699,All parents aged 16 and over with dependent children,226,104,122
S01012699,Couple family: Total,184,82,102
S01012699,Couple family: Both parents working,140,62,78
S01012699,Couple family: One parent working,42,20,22
S01012699,Couple family: No parents working,2,0,2
S01012699,Lone parent family: Total,42,22,20
S01012699,Lone parent family: Parent working,26,15,11
S01012699,Lone parent family: Parent not working,16,7,9
S01012700,All parents aged 16 and over with dependent children,195,72,123
S01012700,Couple family: Total,174,62,112
S01012700,Couple family: Both parents working,126,48,78
S01012700,Couple family: One parent working,34,10,24
S01012700,Couple family: No parents working,14,4,10
S01012700,Lone parent family: Total,21,10,11
S01012700,Lone parent family: Parent working,17,7,10
S01012700,Lone parent family: Parent not working,4,3,1
S01012701,All parents aged 16 and over with dependent children,116,55,61
S01012701,Couple family: Total,106,52,54
S01012701,Couple family: Both parents working,76,38,38
S01012701,Couple family: One parent working,26,10,16
S01012701,Couple family: No parents working,4,4,0
S01012701,Lone parent family: Total,10,3,7
S01012701,Lone parent family: Parent working,9,3,6
S01012701,Lone parent family: Parent not working,1,0,1
S01012702,All parents aged 16 and over with dependent children,123,63,60
S01012702,Couple family: Total,108,52,56
S01012702,Couple family: Both parents working,74,34,40
S01012702,Couple family: One parent working,30,16,14
S01012702,Couple family: No parents working,4,2,2
S01012702,Lone parent family: Total,15,11,4
S01012702,Lone parent family: Parent working,11,8,3
S01012702,Lone parent family: Parent not working,4,3,1
S01012703,All parents aged 16 and over with dependent children,180,73,107
S01012703,Couple family: Total,168,68,100
S01012703,Couple family: Both parents working,146,56,90
S01012703,Couple family: One parent working,22,12,10
S01012703,Couple family: No parents working,0,0,0
S01012703,Lone parent family: Total,12,5,7
S01012703,Lone parent family: Parent working,6,2,4
S01012703,Lone parent family: Parent not working,6,3,3
S01012704,All parents aged 16 and over with dependent children,193,101,92
S01012704,Couple family: Total,150,78,72
S01012704,Couple family: Both parents working,116,68,48
S01012704,Couple family: One parent working,28,8,20
S01012704,Couple family: No parents working,6,2,4
S01012704,Lone parent family: Total,43,23,20
S01012704,Lone parent family: Parent working,22,12,10
S01012704,Lone parent family: Parent not working,21,11,10
S01012705,All parents aged 16 and over with dependent children,251,98,153
S01012705,Couple family: Total,236,86,150
S01012705,Couple family: Both parents working,196,76,120
S01012705,Couple family: One parent working,40,10,30
S01012705,Couple family: No parents working,0,0,0
S01012705,Lone parent family: Total,15,12,3
S01012705,Lone parent family: Parent working,10,8,2
S01012705,Lone parent family: Parent not working,5,4,1
S01012706,All parents aged 16 and over with dependent children,145,73,72
S01012706,Couple family: Total,106,48,58
S01012706,Couple family: Both parents working,66,36,30
S01012706,Couple family: One parent working,26,6,20
S01012706,Couple family: No parents working,14,6,8
S01012706,Lone parent family: Total,39,25,14
S01012706,Lone parent family: Parent working,28,21,7
S01012706,Lone parent family: Parent not working,11,4,7
S01012707,All parents aged 16 and over with dependent children,218,91,127
S01012707,Couple family: Total,208,84,124
S01012707,Couple family: Both parents working,182,76,106
S01012707,Couple family: One parent working,20,4,16
S01012707,Couple family: No parents working,6,4,2
S01012707,Lone parent family: Total,10,7,3
S01012707,Lone parent family: Parent working,9,6,3
S01012707,Lone parent family: Parent not working,1,1,0
S01012708,All parents aged 16 and over with dependent children,155,91,64
S01012708,Couple family: Total,108,62,46
S01012708,Couple family: Both parents working,62,36,26
S01012708,Couple family: One parent working,32,14,18
S01012708,Couple family: No parents working,14,12,2
S01012708,Lone parent family: Total,47,29,18
S01012708,Lone parent family: Parent working,30,16,14
S01012708,Lone parent family: Parent not working,17,13,4
S01012709,All parents aged 16 and over with dependent children,81,37,44
S01012709,Couple family: Total,58,24,34
S01012709,Couple family: Both parents working,38,16,22
S01012709,Couple family: One parent working,18,8,10
S01012709,Couple family: No parents working,2,0,2
S01012709,Lone parent family: Total,23,13,10
S01012709,Lone parent family: Parent working,14,7,7
S01012709,Lone parent family: Parent not working,9,6,3
S01012710,All parents aged 16 and over with dependent children,115,69,46
S01012710,Couple family: Total,84,48,36
S01012710,Couple family: Both parents working,66,40,26
S01012710,Couple family: One parent working,14,8,6
S01012710,Couple family: No parents working,4,0,4
S01012710,Lone parent family: Total,31,21,10
S01012710,Lone parent family: Parent working,16,10,6
S01012710,Lone parent family: Parent not working,15,11,4
S01012711,All parents aged 16 and over with dependent children,108,64,44
S01012711,Couple family: Total,66,36,30
S01012711,Couple family: Both parents working,44,22,22
S01012711,Couple family: One parent working,18,10,8
S01012711,Couple family: No parents working,4,4,0
S01012711,Lone parent family: Total,42,28,14
S01012711,Lone parent family: Parent working,28,18,10
S01012711,Lone parent family: Parent not working,14,10,4
S01012712,All parents aged 16 and over with dependent children,188,61,127
S01012712,Couple family: Total,170,54,116
S01012712,Couple family: Both parents working,134,36,98
S01012712,Couple family: One parent working,32,16,16
S01012712,Couple family: No parents working,4,2,2
S01012712,Lone parent family: Total,18,7,11
S01012712,Lone parent family: Parent working,12,5,7
S01012712,Lone parent family: Parent not working,6,2,4
S01012713,All parents aged 16 and over with dependent children,130,55,75
S01012713,Couple family: Total,120,48,72
S01012713,Couple family: Both parents working,88,40,48
S01012713,Couple family: One parent working,26,6,20
S01012713,Couple family: No parents working,6,2,4
S01012713,Lone parent family: Total,10,7,3
S01012713,Lone parent family: Parent working,8,6,2
S01012713,Lone parent family: Parent not working,2,1,1
S01012714,All parents aged 16 and over with dependent children,100,42,58
S01012714,Couple family: Total,96,40,56
S01012714,Couple family: Both parents working,78,32,46
S01012714,Couple family: One parent working,16,6,10
S01012714,Couple family: No parents working,2,2,0
S01012714,Lone parent family: Total,4,2,2
S01012714,Lone parent family: Parent working,3,1,2
S01012714,Lone parent family: Parent not working,1,1,0
S01012715,All parents aged 16 and over with dependent children,87,59,28
S01012715,Couple family: Total,54,34,20
S01012715,Couple family: Both parents working,36,26,10
S01012715,Couple family: One parent working,18,8,10
S01012715,Couple family: No parents working,0,0,0
S01012715,Lone parent family: Total,33,25,8
S01012715,Lone parent family: Parent working,17,14,3
S01012715,Lone parent family: Parent not working,16,11,5
S01012716,All parents aged 16 and over with dependent children,118,45,73
S01012716,Couple family: Total,108,38,70
S01012716,Couple family: Both parents working,72,22,50
S01012716,Couple family: One parent working,32,12,20
S01012716,Couple family: No parents working,4,4,0
S01012716,Lone parent family: Total,10,7,3
S01012716,Lone parent family: Parent working,8,6,2
S01012716,Lone parent family: Parent not working,2,1,1
S01012717,All parents aged 16 and over with dependent children,89,44,45
S01012717,Couple family: Total,70,30,40
S01012717,Couple family: Both parents working,52,24,28
S01012717,Couple family: One parent working,18,6,12
S01012717,Couple family: No parents working,0,0,0
S01012717,Lone parent family: Total,19,14,5
S01012717,Lone parent family: Parent working,9,8,1
S01012717,Lone parent family: Parent not working,10,6,4
S01012718,All parents aged 16 and over with dependent children,139,70,69
S01012718,Couple family: Total,112,52,60
S01012718,Couple family: Both parents working,84,36,48
S01012718,Couple family: One parent working,22,12,10
S01012718,Couple family: No parents working,6,4,2
S01012718,Lone parent family: Total,27,18,9
S01012718,Lone parent family: Parent working,18,13,5
S01012718,Lone parent family: Parent not working,9,5,4
S01012719,All parents aged 16 and over with dependent children,108,61,47
S01012719,Couple family: Total,82,42,40
S01012719,Couple family: Both parents working,48,26,22
S01012719,Couple family: One parent working,22,10,12
S01012719,Couple family: No parents working,12,6,6
S01012719,Lone parent family: Total,26,19,7
S01012719,Lone parent family: Parent working,19,14,5
S01012719,Lone parent family: Parent not working,7,5,2
S01012720,All parents aged 16 and over with dependent children,54,28,26
S01012720,Couple family: Total,42,20,22
S01012720,Couple family: Both parents working,30,12,18
S01012720,Couple family: One parent working,12,8,4
S01012720,Couple family: No parents working,0,0,0
S01012720,Lone parent family: Total,12,8,4
S01012720,Lone parent family: Parent working,11,7,4
S01012720,Lone parent family: Parent not working,1,1,0
S01012721,All parents aged 16 and over with dependent children,132,73,59
S01012721,Couple family: Total,114,62,52
S01012721,Couple family: Both parents working,92,48,44
S01012721,Couple family: One parent working,20,12,8
S01012721,Couple family: No parents working,2,2,0
S01012721,Lone parent family: Total,18,11,7
S01012721,Lone parent family: Parent working,11,9,2
S01012721,Lone parent family: Parent not working,7,2,5
S01012722,All parents aged 16 and over with dependent children,129,75,54
S01012722,Couple family: Total,90,48,42
S01012722,Couple family: Both parents working,52,26,26
S01012722,Couple family: One parent working,30,20,10
S01012722,Couple family: No parents working,8,2,6
S01012722,Lone parent family: Total,39,27,12
S01012722,Lone parent family: Parent working,24,17,7
S01012722,Lone parent family: Parent not working,15,10,5
S01012723,All parents aged 16 and over with dependent children,106,52,54
S01012723,Couple family: Total,66,24,42
S01012723,Couple family: Both parents working,42,20,22
S01012723,Couple family: One parent working,14,2,12
S01012723,Couple family: No parents working,10,2,8
S01012723,Lone parent family: Total,40,28,12
S01012723,Lone parent family: Parent working,24,16,8
S01012723,Lone parent family: Parent not working,16,12,4
S01012724,All parents aged 16 and over with dependent children,107,61,46
S01012724,Couple family: Total,80,42,38
S01012724,Couple family: Both parents working,72,40,32
S01012724,Couple family: One parent working,8,2,6
S01012724,Couple family: No parents working,0,0,0
S01012724,Lone parent family: Total,27,19,8
S01012724,Lone parent family: Parent working,18,10,8
S01012724,Lone parent family: Parent not working,9,9,0
S01012725,All parents aged 16 and over with dependent children,158,86,72
S01012725,Couple family: Total,134,70,64
S01012725,Couple family: Both parents working,106,54,52
S01012725,Couple family: One parent working,22,12,10
S01012725,Couple family: No parents working,6,4,2
S01012725,Lone parent family: Total,24,16,8
S01012725,Lone parent family: Parent working,15,10,5
S01012725,Lone parent family: Parent not working,9,6,3
S01012726,All parents aged 16 and over with dependent children,122,54,68
S01012726,Couple family: Total,94,38,56
S01012726,Couple family: Both parents working,58,26,32
S01012726,Couple family: One parent working,30,12,18
S01012726,Couple family: No parents working,6,0,6
S01012726,Lone parent family: Total,28,16,12
S01012726,Lone parent family: Parent working,17,10,7
S01012726,Lone parent family: Parent not working,11,6,5
S01012727,All parents aged 16 and over with dependent children,137,68,69
S01012727,Couple family: Total,88,38,50
S01012727,Couple family: Both parents working,50,20,30
S01012727,Couple family: One parent working,22,10,12
S01012727,Couple family: No parents working,16,8,8
S01012727,Lone parent family: Total,49,30,19
S01012727,Lone parent family: Parent working,22,15,7
S01012727,Lone parent family: Parent not working,27,15,12
S01012728,All parents aged 16 and over with dependent children,194,91,103
S01012728,Couple family: Total,108,40,68
S01012728,Couple family: Both parents working,60,26,34
S01012728,Couple family: One parent working,38,14,24
S01012728,Couple family: No parents working,10,0,10
S01012728,Lone parent family: Total,86,51,35
S01012728,Lone parent family: Parent working,34,23,11
S01012728,Lone parent family: Parent not working,52,28,24
S01012729,All parents aged 16 and over with dependent children,189,98,91
S01012729,Couple family: Total,146,68,78
S01012729,Couple family: Both parents working,116,54,62
S01012729,Couple family: One parent working,28,12,16
S01012729,Couple family: No parents working,2,2,0
S01012729,Lone parent family: Total,43,30,13
S01012729,Lone parent family: Parent working,31,18,13
S01012729,Lone parent family: Parent not working,12,12,0
S01012730,All parents aged 16 and over with dependent children,118,64,54
S01012730,Couple family: Total,94,48,46
S01012730,Couple family: Both parents working,62,40,22
S01012730,Couple family: One parent working,24,6,18
S01012730,Couple family: No parents working,8,2,6
S01012730,Lone parent family: Total,24,16,8
S01012730,Lone parent family: Parent working,13,7,6
S01012730,Lone parent family: Parent not working,11,9,2
S01012731,All parents aged 16 and over with dependent children,180,86,94
S01012731,Couple family: Total,140,62,78
S01012731,Couple family: Both parents working,100,48,52
S01012731,Couple family: One parent working,34,12,22
S01012731,Couple family: No parents working,6,2,4
S01012731,Lone parent family: Total,40,24,16
S01012731,Lone parent family: Parent working,21,16,5
S01012731,Lone parent family: Parent not working,19,8,11
S01012732,All parents aged 16 and over with dependent children,145,86,59
S01012732,Couple family: Total,106,60,46
S01012732,Couple family: Both parents working,74,46,28
S01012732,Couple family: One parent working,30,14,16
S01012732,Couple family: No parents working,2,0,2
S01012732,Lone parent family: Total,39,26,13
S01012732,Lone parent family: Parent working,31,23,8
S01012732,Lone parent family: Parent not working,8,3,5
S01012733,All parents aged 16 and over with dependent children,375,146,229
S01012733,Couple family: Total,346,132,214
S01012733,Couple family: Both parents working,290,114,176
S01012733,Couple family: One parent working,54,16,38
S01012733,Couple family: No parents working,2,2,0
S01012733,Lone parent family: Total,29,14,15
S01012733,Lone parent family: Parent working,25,14,11
S01012733,Lone parent family: Parent not working,4,0,4
S01012734,All parents aged 16 and over with dependent children,245,85,160
S01012734,Couple family: Total,232,80,152
S01012734,Couple family: Both parents working,192,68,124
S01012734,Couple family: One parent working,36,10,26
S01012734,Couple family: No parents working,4,2,2
S01012734,Lone parent family: Total,13,5,8
S01012734,Lone parent family: Parent working,13,5,8
S01012734,Lone parent family: Parent not working,0,0,0
S01012735,All parents aged 16 and over with dependent children,91,49,42
S01012735,Couple family: Total,68,34,34
S01012735,Couple family: Both parents working,46,24,22
S01012735,Couple family: One parent working,16,10,6
S01012735,Couple family: No parents working,6,0,6
S01012735,Lone parent family: Total,23,15,8
S01012735,Lone parent family: Parent working,12,8,4
S01012735,Lone parent family: Parent not working,11,7,4
S01012736,All parents aged 16 and over with dependent children,230,106,124
S01012736,Couple family: Total,188,82,106
S01012736,Couple family: Both parents working,148,66,82
S01012736,Couple family: One parent working,36,14,22
S01012736,Couple family: No parents working,4,2,2
S01012736,Lone parent family: Total,42,24,18
S01012736,Lone parent family: Parent working,29,17,12
S01012736,Lone parent family: Parent not working,13,7,6
S01012737,All parents aged 16 and over with dependent children,191,82,109
S01012737,Couple family: Total,166,68,98
S01012737,Couple family: Both parents working,126,62,64
S01012737,Couple family: One parent working,38,4,34
S01012737,Couple family: No parents working,2,2,0
S01012737,Lone parent family: Total,25,14,11
S01012737,Lone parent family: Parent working,20,14,6
S01012737,Lone parent family: Parent not working,5,0,5
S01012738,All parents aged 16 and over with dependent children,126,63,63
S01012738,Couple family: Total,92,42,50
S01012738,Couple family: Both parents working,52,24,28
S01012738,Couple family: One parent working,28,14,14
S01012738,Couple family: No parents working,12,4,8
S01012738,Lone parent family: Total,34,21,13
S01012738,Lone parent family: Parent working,26,18,8
S01012738,Lone parent family: Parent not working,8,3,5
S01012739,All parents aged 16 and over with dependent children,292,150,142
S01012739,Couple family: Total,280,144,136
S01012739,Couple family: Both parents working,204,100,104
S01012739,Couple family: One parent working,66,36,30
S01012739,Couple family: No parents working,10,8,2
S01012739,Lone parent family: Total,12,6,6
S01012739,Lone parent family: Parent working,10,5,5
S01012739,Lone parent family: Parent not working,2,1,1
S01012740,All parents aged 16 and over with dependent children,309,137,172
S01012740,Couple family: Total,280,122,158
S01012740,Couple family: Both parents working,218,98,120
S01012740,Couple family: One parent working,52,22,30
S01012740,Couple family: No parents working,10,2,8
S01012740,Lone parent family: Total,29,15,14
S01012740,Lone parent family: Parent working,25,13,12
S01012740,Lone parent family: Parent not working,4,2,2
S01012741,All parents aged 16 and over with dependent children,101,66,35
S01012741,Couple family: Total,90,56,34
S01012741,Couple family: Both parents working,72,50,22
S01012741,Couple family: One parent working,18,6,12
S01012741,Couple family: No parents working,0,0,0
S01012741,Lone parent family: Total,11,10,1
S01012741,Lone parent family: Parent working,10,9,1
S01012741,Lone parent family: Parent not working,1,1,0
S01012742,All parents aged 16 and over with dependent children,123,56,67
S01012742,Couple family: Total,106,46,60
S01012742,Couple family: Both parents working,86,38,48
S01012742,Couple family: One parent working,18,6,12
S01012742,Couple family: No parents working,2,2,0
S01012742,Lone parent family: Total,17,10,7
S01012742,Lone parent family: Parent working,15,10,5
S01012742,Lone parent family: Parent not working,2,0,2
S01012743,All parents aged 16 and over with dependent children,103,55,48
S01012743,Couple family: Total,94,50,44
S01012743,Couple family: Both parents working,82,44,38
S01012743,Couple family: One parent working,12,6,6
S01012743,Couple family: No parents working,0,0,0
S01012743,Lone parent family: Total,9,5,4
S01012743,Lone parent family: Parent working,8,5,3
S01012743,Lone parent family: Parent not working,1,0,1
S01012744,All parents aged 16 and over with dependent children,136,67,69
S01012744,Couple family: Total,128,60,68
S01012744,Couple family: Both parents working,120,58,62
S01012744,Couple family: One parent working,8,2,6
S01012744,Couple family: No parents working,0,0,0
S01012744,Lone parent family: Total,8,7,1
S01012744,Lone parent family: Parent working,8,7,1
S01012744,Lone parent family: Parent not working,0,0,0
S01012745,All parents aged 16 and over with dependent children,134,68,66
S01012745,Couple family: Total,122,62,60
S01012745,Couple family: Both parents working,104,54,50
S01012745,Couple family: One parent working,16,8,8
S01012745,Couple family: No parents working,2,0,2
S01012745,Lone parent family: Total,12,6,6
S01012745,Lone parent family: Parent working,8,4,4
S01012745,Lone parent family: Parent not working,4,2,2
S01012746,All parents aged 16 and over with dependent children,185,97,88
S01012746,Couple family: Total,168,86,82
S01012746,Couple family: Both parents working,134,76,58
S01012746,Couple family: One parent working,34,10,24
S01012746,Couple family: No parents working,0,0,0
S01012746,Lone parent family: Total,17,11,6
S01012746,Lone parent family: Parent working,12,7,5
S01012746,Lone parent family: Parent not working,5,4,1
S01012747,All parents aged 16 and over with dependent children,166,76,90
S01012747,Couple family: Total,130,56,74
S01012747,Couple family: Both parents working,86,44,42
S01012747,Couple family: One parent working,36,12,24
S01012747,Couple family: No parents working,8,0,8
S01012747,Lone parent family: Total,36,20,16
S01012747,Lone parent family: Parent working,18,12,6
S01012747,Lone parent family: Parent not working,18,8,10
S01012748,All parents aged 16 and over with dependent children,161,78,83
S01012748,Couple family: Total,88,42,46
S01012748,Couple family: Both parents working,42,20,22
S01012748,Couple family: One parent working,22,10,12
S01012748,Couple family: No parents working,24,12,12
S01012748,Lone parent family: Total,73,36,37
S01012748,Lone parent family: Parent working,37,22,15
S01012748,Lone parent family: Parent not working,36,14,22
S01012749,All parents aged 16 and over with dependent children,210,120,90
S01012749,Couple family: Total,134,74,60
S01012749,Couple family: Both parents working,56,22,34
S01012749,Couple family: One parent working,60,40,20
S01012749,Couple family: No parents working,18,12,6
S01012749,Lone parent family: Total,76,46,30
S01012749,Lone parent family: Parent working,37,22,15
S01012749,Lone parent family: Parent not working,39,24,15
S01012750,All parents aged 16 and over with dependent children,169,90,79
S01012750,Couple family: Total,110,54,56
S01012750,Couple family: Both parents working,52,32,20
S01012750,Couple family: One parent working,38,16,22
S01012750,Couple family: No parents working,20,6,14
S01012750,Lone parent family: Total,59,36,23
S01012750,Lone parent family: Parent working,32,19,13
S01012750,Lone parent family: Parent not working,27,17,10
S01012751,All parents aged 16 and over with dependent children,141,89,52
S01012751,Couple family: Total,112,64,48
S01012751,Couple family: Both parents working,80,50,30
S01012751,Couple family: One parent working,22,10,12
S01012751,Couple family: No parents working,10,4,6
S01012751,Lone parent family: Total,29,25,4
S01012751,Lone parent family: Parent working,14,11,3
S01012751,Lone parent family: Parent not working,15,14,1
S01012752,All parents aged 16 and over with dependent children,169,89,80
S01012752,Couple family: Total,112,50,62
S01012752,Couple family: Both parents working,88,44,44
S01012752,Couple family: One parent working,22,4,18
S01012752,Couple family: No parents working,2,2,0
S01012752,Lone parent family: Total,57,39,18
S01012752,Lone parent family: Parent working,36,26,10
S01012752,Lone parent family: Parent not working,21,13,8
S01012753,All parents aged 16 and over with dependent children,104,59,45
S01012753,Couple family: Total,60,32,28
S01012753,Couple family: Both parents working,36,24,12
S01012753,Couple family: One parent working,18,6,12
S01012753,Couple family: No parents working,6,2,4
S01012753,Lone parent family: Total,44,27,17
S01012753,Lone parent family: Parent working,27,21,6
S01012753,Lone parent family: Parent not working,17,6,11
S01012754,All parents aged 16 and over with dependent children,85,56,29
S01012754,Couple family: Total,68,44,24
S01012754,Couple family: Both parents working,44,28,16
S01012754,Couple family: One parent working,20,16,4
S01012754,Couple family: No parents working,4,0,4
S01012754,Lone parent family: Total,17,12,5
S01012754,Lone parent family: Parent working,10,9,1
S01012754,Lone parent family: Parent not working,7,3,4
S01012755,All parents aged 16 and over with dependent children,83,43,40
S01012755,Couple family: Total,48,22,26
S01012755,Couple family: Both parents working,32,16,16
S01012755,Couple family: One parent working,14,4,10
S01012755,Couple family: No parents working,2,2,0
S01012755,Lone parent family: Total,35,21,14
S01012755,Lone parent family: Parent working,22,11,11
S01012755,Lone parent family: Parent not working,13,10,3
S01012756,All parents aged 16 and over with dependent children,42,22,20
S01012756,Couple family: Total,34,18,16
S01012756,Couple family: Both parents working,26,14,12
S01012756,Couple family: One parent working,8,4,4
S01012756,Couple family: No parents working,0,0,0
S01012756,Lone parent family: Total,8,4,4
S01012756,Lone parent family: Parent working,6,3,3
S01012756,Lone parent family: Parent not working,2,1,1
S01012757,All parents aged 16 and over with dependent children,64,37,27
S01012757,Couple family: Total,42,22,20
S01012757,Couple family: Both parents working,32,20,12
S01012757,Couple family: One parent working,8,2,6
S01012757,Couple family: No parents working,2,0,2
S01012757,Lone parent family: Total,22,15,7
S01012757,Lone parent family: Parent working,16,10,6
S01012757,Lone parent family: Parent not working,6,5,1
S01012758,All parents aged 16 and over with dependent children,114,53,61
S01012758,Couple family: Total,88,38,50
S01012758,Couple family: Both parents working,62,28,34
S01012758,Couple family: One parent working,18,4,14
S01012758,Couple family: No parents working,8,6,2
S01012758,Lone parent family: Total,26,15,11
S01012758,Lone parent family: Parent working,13,9,4
S01012758,Lone parent family: Parent not working,13,6,7
S01012759,All parents aged 16 and over with dependent children,125,54,71
S01012759,Couple family: Total,82,26,56
S01012759,Couple family: Both parents working,46,14,32
S01012759,Couple family: One parent working,30,10,20
S01012759,Couple family: No parents working,6,2,4
S01012759,Lone parent family: Total,43,28,15
S01012759,Lone parent family: Parent working,27,19,8
S01012759,Lone parent family: Parent not working,16,9,7
S01012760,All parents aged 16 and over with dependent children,205,100,105
S01012760,Couple family: Total,124,58,66
S01012760,Couple family: Both parents working,74,42,32
S01012760,Couple family: One parent working,36,10,26
S01012760,Couple family: No parents working,14,6,8
S01012760,Lone parent family: Total,81,42,39
S01012760,Lone parent family: Parent working,38,22,16
S01012760,Lone parent family: Parent not working,43,20,23
S01012761,All parents aged 16 and over with dependent children,124,74,50
S01012761,Couple family: Total,98,58,40
S01012761,Couple family: Both parents working,70,42,28
S01012761,Couple family: One parent working,22,12,10
S01012761,Couple family: No parents working,6,4,2
S01012761,Lone parent family: Total,26,16,10
S01012761,Lone parent family: Parent working,15,8,7
S01012761,Lone parent family: Parent not working,11,8,3
S01012762,All parents aged 16 and over with dependent children,111,65,46
S01012762,Couple family: Total,80,42,38
S01012762,Couple family: Both parents working,70,40,30
S01012762,Couple family: One parent working,8,2,6
S01012762,Couple family: No parents working,2,0,2
S01012762,Lone parent family: Total,31,23,8
S01012762,Lone parent family: Parent working,24,18,6
S01012762,Lone parent family: Parent not working,7,5,2
S01012763,All parents aged 16 and over with dependent children,65,38,27
S01012763,Couple family: Total,42,22,20
S01012763,Couple family: Both parents working,28,16,12
S01012763,Couple family: One parent working,12,4,8
S01012763,Couple family: No parents working,2,2,0
S01012763,Lone parent family: Total,23,16,7
S01012763,Lone parent family: Parent working,16,12,4
S01012763,Lone parent family: Parent not working,7,4,3
S01012764,All parents aged 16 and over with dependent children,155,83,72
S01012764,Couple family: Total,108,54,54
S01012764,Couple family: Both parents working,74,38,36
S01012764,Couple family: One parent working,30,12,18
S01012764,Couple family: No parents working,4,4,0
S01012764,Lone parent family: Total,47,29,18
S01012764,Lone parent family: Parent working,25,16,9
S01012764,Lone parent family: Parent not working,22,13,9
S01012765,All parents aged 16 and over with dependent children,142,62,80
S01012765,Couple family: Total,112,44,68
S01012765,Couple family: Both parents working,86,34,52
S01012765,Couple family: One parent working,20,6,14
S01012765,Couple family: No parents working,6,4,2
S01012765,Lone parent family: Total,30,18,12
S01012765,Lone parent family: Parent working,21,11,10
S01012765,Lone parent family: Parent not working,9,7,2
S01012766,All parents aged 16 and over with dependent children,214,86,128
S01012766,Couple family: Total,164,58,106
S01012766,Couple family: Both parents working,126,48,78
S01012766,Couple family: One parent working,28,6,22
S01012766,Couple family: No parents working,10,4,6
S01012766,Lone parent family: Total,50,28,22
S01012766,Lone parent family: Parent working,31,20,11
S01012766,Lone parent family: Parent not working,19,8,11
S01012767,All parents aged 16 and over with dependent children,117,56,61
S01012767,Couple family: Total,110,52,58
S01012767,Couple family: Both parents working,88,44,44
S01012767,Couple family: One parent working,22,8,14
S01012767,Couple family: No parents working,0,0,0
S01012767,Lone parent family: Total,7,4,3
S01012767,Lone parent family: Parent working,4,1,3
S01012767,Lone parent family: Parent not working,3,3,0
S01012768,All parents aged 16 and over with dependent children,137,70,67
S01012768,Couple family: Total,120,60,60
S01012768,Couple family: Both parents working,102,52,50
S01012768,Couple family: One parent working,16,8,8
S01012768,Couple family: No parents working,2,0,2
S01012768,Lone parent family: Total,17,10,7
S01012768,Lone parent family: Parent working,15,10,5
S01012768,Lone parent family: Parent not working,2,0,2
S01012769,All parents aged 16 and over with dependent children,131,48,83
S01012769,Couple family: Total,126,46,80
S01012769,Couple family: Both parents working,100,38,62
S01012769,Couple family: One parent working,26,8,18
S01012769,Couple family: No parents working,0,0,0
S01012769,Lone parent family: Total,5,2,3
S01012769,Lone parent family: Parent working,4,1,3
S01012769,Lone parent family: Parent not working,1,1,0
S01012770,All parents aged 16 and over with dependent children,161,73,88
S01012770,Couple family: Total,124,50,74
S01012770,Couple family: Both parents working,88,38,50
S01012770,Couple family: One parent working,26,8,18
S01012770,Couple family: No parents working,10,4,6
S01012770,Lone parent family: Total,37,23,14
S01012770,Lone parent family: Parent working,24,16,8
S01012770,Lone parent family: Parent not working,13,7,6
S01012771,All parents aged 16 and over with dependent children,123,65,58
S01012771,Couple family: Total,92,46,46
S01012771,Couple family: Both parents working,64,36,28
S01012771,Couple family: One parent working,26,10,16
S01012771,Couple family: No parents working,2,0,2
S01012771,Lone parent family: Total,31,19,12
S01012771,Lone parent family: Parent working,21,14,7
S01012771,Lone parent family: Parent not working,10,5,5
S01012772,All parents aged 16 and over with dependent children,134,71,63
S01012772,Couple family: Total,82,40,42
S01012772,Couple family: Both parents working,48,24,24
S01012772,Couple family: One parent working,16,8,8
S01012772,Couple family: No parents working,18,8,10
S01012772,Lone parent family: Total,52,31,21
S01012772,Lone parent family: Parent working,36,23,13
S01012772,Lone parent family: Parent not working,16,8,8
S01012773,All parents aged 16 and over with dependent children,129,66,63
S01012773,Couple family: Total,90,48,42
S01012773,Couple family: Both parents working,54,28,26
S01012773,Couple family: One parent working,34,18,16
S01012773,Couple family: No parents working,2,2,0
S01012773,Lone parent family: Total,39,18,21
S01012773,Lone parent family: Parent working,25,12,13
S01012773,Lone parent family: Parent not working,14,6,8
S01012774,All parents aged 16 and over with dependent children,140,81,59
S01012774,Couple family: Total,108,60,48
S01012774,Couple family: Both parents working,82,46,36
S01012774,Couple family: One parent working,22,12,10
S01012774,Couple family: No parents working,4,2,2
S01012774,Lone parent family: Total,32,21,11
S01012774,Lone parent family: Parent working,23,17,6
S01012774,Lone parent family: Parent not working,9,4,5
S01012775,All parents aged 16 and over with dependent children,54,30,24
S01012775,Couple family: Total,44,24,20
S01012775,Couple family: Both parents working,34,22,12
S01012775,Couple family: One parent working,6,0,6
S01012775,Couple family: No parents working,4,2,2
S01012775,Lone parent family: Total,10,6,4
S01012775,Lone parent family: Parent working,7,6,1
S01012775,Lone parent family: Parent not working,3,0,3
S01012776,All parents aged 16 and over with dependent children,132,79,53
S01012776,Couple family: Total,104,60,44
S01012776,Couple family: Both parents working,80,46,34
S01012776,Couple family: One parent working,16,10,6
S01012776,Couple family: No parents working,8,4,4
S01012776,Lone parent family: Total,28,19,9
S01012776,Lone parent family: Parent working,17,16,1
S01012776,Lone parent family: Parent not working,11,3,8
S01012777,All parents aged 16 and over with dependent children,333,175,158
S01012777,Couple family: Total,296,150,146
S01012777,Couple family: Both parents working,252,128,124
S01012777,Couple family: One parent working,36,18,18
S01012777,Couple family: No parents working,8,4,4
S01012777,Lone parent family: Total,37,25,12
S01012777,Lone parent family: Parent working,31,20,11
S01012777,Lone parent family: Parent not working,6,5,1
S01012778,All parents aged 16 and over with dependent children,209,105,104
S01012778,Couple family: Total,158,74,84
S01012778,Couple family: Both parents working,124,60,64
S01012778,Couple family: One parent working,20,8,12
S01012778,Couple family: No parents working,14,6,8
S01012778,Lone parent family: Total,51,31,20
S01012778,Lone parent family: Parent working,29,18,11
S01012778,Lone parent family: Parent not working,22,13,9
S01012779,All parents aged 16 and over with dependent children,123,61,62
S01012779,Couple family: Total,90,42,48
S01012779,Couple family: Both parents working,54,30,24
S01012779,Couple family: One parent working,28,10,18
S01012779,Couple family: No parents working,8,2,6
S01012779,Lone parent family: Total,33,19,14
S01012779,Lone parent family: Parent working,18,16,2
S01012779,Lone parent family: Parent not working,15,3,12
S01012780,All parents aged 16 and over with dependent children,171,106,65
S01012780,Couple family: Total,106,66,40
S01012780,Couple family: Both parents working,60,40,20
S01012780,Couple family: One parent working,30,18,12
S01012780,Couple family: No parents working,16,8,8
S01012780,Lone parent family: Total,65,40,25
S01012780,Lone parent family: Parent working,31,26,5
S01012780,Lone parent family: Parent not working,34,14,20
S01012781,All parents aged 16 and over with dependent children,123,64,59
S01012781,Couple family: Total,104,56,48
S01012781,Couple family: Both parents working,88,50,38
S01012781,Couple family: One parent working,12,4,8
S01012781,Couple family: No parents working,4,2,2
S01012781,Lone parent family: Total,19,8,11
S01012781,Lone parent family: Parent working,11,5,6
S01012781,Lone parent family: Parent not working,8,3,5
S01012782,All parents aged 16 and over with dependent children,93,46,47
S01012782,Couple family: Total,46,20,26
S01012782,Couple family: Both parents working,36,18,18
S01012782,Couple family: One parent working,6,2,4
S01012782,Couple family: No parents working,4,0,4
S01012782,Lone parent family: Total,47,26,21
S01012782,Lone parent family: Parent working,21,14,7
S01012782,Lone parent family: Parent not working,26,12,14
S01012783,All parents aged 16 and over with dependent children,167,107,60
S01012783,Couple family: Total,112,70,42
S01012783,Couple family: Both parents working,76,42,34
S01012783,Couple family: One parent working,16,16,0
S01012783,Couple family: No parents working,20,12,8
S01012783,Lone parent family: Total,55,37,18
S01012783,Lone parent family: Parent working,32,22,10
S01012783,Lone parent family: Parent not working,23,15,8
S01012784,All parents aged 16 and over with dependent children,131,71,60
S01012784,Couple family: Total,92,46,46
S01012784,Couple family: Both parents working,62,26,36
S01012784,Couple family: One parent working,26,20,6
S01012784,Couple family: No parents working,4,0,4
S01012784,Lone parent family: Total,39,25,14
S01012784,Lone parent family: Parent working,24,16,8
S01012784,Lone parent family: Parent not working,15,9,6
S01012785,All parents aged 16 and over with dependent children,123,86,37
S01012785,Couple family: Total,64,42,22
S01012785,Couple family: Both parents working,40,30,10
S01012785,Couple family: One parent working,12,8,4
S01012785,Couple family: No parents working,12,4,8
S01012785,Lone parent family: Total,59,44,15
S01012785,Lone parent family: Parent working,30,22,8
S01012785,Lone parent family: Parent not working,29,22,7
S01012786,All parents aged 16 and over with dependent children,113,73,40
S01012786,Couple family: Total,58,28,30
S01012786,Couple family: Both parents working,32,18,14
S01012786,Couple family: One parent working,18,8,10
S01012786,Couple family: No parents working,8,2,6
S01012786,Lone parent family: Total,55,45,10
S01012786,Lone parent family: Parent working,27,24,3
S01012786,Lone parent family: Parent not working,28,21,7
S01012787,All parents aged 16 and over with dependent children,133,81,52
S01012787,Couple family: Total,108,60,48
S01012787,Couple family: Both parents working,84,52,32
S01012787,Couple family: One parent working,18,6,12
S01012787,Couple family: No parents working,6,2,4
S01012787,Lone parent family: Total,25,21,4
S01012787,Lone parent family: Parent working,21,17,4
S01012787,Lone parent family: Parent not working,4,4,0
S01012788,All parents aged 16 and over with dependent children,122,56,66
S01012788,Couple family: Total,84,34,50
S01012788,Couple family: Both parents working,44,22,22
S01012788,Couple family: One parent working,30,10,20
S01012788,Couple family: No parents working,10,2,8
S01012788,Lone parent family: Total,38,22,16
S01012788,Lone parent family: Parent working,15,7,8
S01012788,Lone parent family: Parent not working,23,15,8
S01012789,All parents aged 16 and over with dependent children,139,60,79
S01012789,Couple family: Total,118,46,72
S01012789,Couple family: Both parents working,94,42,52
S01012789,Couple family: One parent working,24,4,20
S01012789,Couple family: No parents working,0,0,0
S01012789,Lone parent family: Total,21,14,7
S01012789,Lone parent family: Parent working,14,10,4
S01012789,Lone parent family: Parent not working,7,4,3
S01012790,All parents aged 16 and over with dependent children,126,63,63
S01012790,Couple family: Total,110,52,58
S01012790,Couple family: Both parents working,94,46,48
S01012790,Couple family: One parent working,14,6,8
S01012790,Couple family: No parents working,2,0,2
S01012790,Lone parent family: Total,16,11,5
S01012790,Lone parent family: Parent working,13,9,4
S01012790,Lone parent family: Parent not working,3,2,1
S01012791,All parents aged 16 and over with dependent children,134,55,79
S01012791,Couple family: Total,120,46,74
S01012791,Couple family: Both parents working,94,38,56
S01012791,Couple family: One parent working,24,6,18
S01012791,Couple family: No parents working,2,2,0
S01012791,Lone parent family: Total,14,9,5
S01012791,Lone parent family: Parent working,13,8,5
S01012791,Lone parent family: Parent not working,1,1,0
S01012792,All parents aged 16 and over with dependent children,105,60,45
S01012792,Couple family: Total,80,44,36
S01012792,Couple family: Both parents working,60,36,24
S01012792,Couple family: One parent working,18,6,12
S01012792,Couple family: No parents working,2,2,0
S01012792,Lone parent family: Total,25,16,9
S01012792,Lone parent family: Parent working,21,12,9
S01012792,Lone parent family: Parent not working,4,4,0
S01012793,All parents aged 16 and over with dependent children,80,42,38
S01012793,Couple family: Total,50,24,26
S01012793,Couple family: Both parents working,32,16,16
S01012793,Couple family: One parent working,14,4,10
S01012793,Couple family: No parents working,4,4,0
S01012793,Lone parent family: Total,30,18,12
S01012793,Lone parent family: Parent working,12,8,4
S01012793,Lone parent family: Parent not working,18,10,8
S01012794,All parents aged 16 and over with dependent children,56,40,16
S01012794,Couple family: Total,46,32,14
S01012794,Couple family: Both parents working,24,20,4
S01012794,Couple family: One parent working,22,12,10
S01012794,Couple family: No parents working,0,0,0
S01012794,Lone parent family: Total,10,8,2
S01012794,Lone parent family: Parent working,3,3,0
S01012794,Lone parent family: Parent not working,7,5,2
S01012795,All parents aged 16 and over with dependent children,197,105,92
S01012795,Couple family: Total,116,52,64
S01012795,Couple family: Both parents working,72,36,36
S01012795,Couple family: One parent working,38,14,24
S01012795,Couple family: No parents working,6,2,4
S01012795,Lone parent family: Total,81,53,28
S01012795,Lone parent family: Parent working,45,31,14
S01012795,Lone parent family: Parent not working,36,22,14
S01012796,All parents aged 16 and over with dependent children,190,112,78
S01012796,Couple family: Total,144,84,60
S01012796,Couple family: Both parents working,112,66,46
S01012796,Couple family: One parent working,26,14,12
S01012796,Couple family: No parents working,6,4,2
S01012796,Lone parent family: Total,46,28,18
S01012796,Lone parent family: Parent working,23,11,12
S01012796,Lone parent family: Parent not working,23,17,6
S01012797,All parents aged 16 and over with dependent children,155,78,77
S01012797,Couple family: Total,114,60,54
S01012797,Couple family: Both parents working,84,52,32
S01012797,Couple family: One parent working,16,6,10
S01012797,Couple family: No parents working,14,2,12
S01012797,Lone parent family: Total,41,18,23
S01012797,Lone parent family: Parent working,18,10,8
S01012797,Lone parent family: Parent not working,23,8,15
S01012798,All parents aged 16 and over with dependent children,166,79,87
S01012798,Couple family: Total,146,66,80
S01012798,Couple family: Both parents working,104,54,50
S01012798,Couple family: One parent working,40,12,28
S01012798,Couple family: No parents working,2,0,2
S01012798,Lone parent family: Total,20,13,7
S01012798,Lone parent family: Parent working,16,11,5
S01012798,Lone parent family: Parent not working,4,2,2
S01012799,All parents aged 16 and over with dependent children,143,65,78
S01012799,Couple family: Total,128,56,72
S01012799,Couple family: Both parents working,104,40,64
S01012799,Couple family: One parent working,20,14,6
S01012799,Couple family: No parents working,4,2,2
S01012799,Lone parent family: Total,15,9,6
S01012799,Lone parent family: Parent working,13,8,5
S01012799,Lone parent family: Parent not working,2,1,1
S01012800,All parents aged 16 and over with dependent children,202,79,123
S01012800,Couple family: Total,194,74,120
S01012800,Couple family: Both parents working,134,52,82
S01012800,Couple family: One parent working,58,22,36
S01012800,Couple family: No parents working,2,0,2
S01012800,Lone parent family: Total,8,5,3
S01012800,Lone parent family: Parent working,4,3,1
S01012800,Lone parent family: Parent not working,4,2,2
S01012801,All parents aged 16 and over with dependent children,48,25,23
S01012801,Couple family: Total,40,18,22
S01012801,Couple family: Both parents working,28,12,16
S01012801,Couple family: One parent working,6,2,4
S01012801,Couple family: No parents working,6,4,2
S01012801,Lone parent family: Total,8,7,1
S01012801,Lone parent family: Parent working,6,6,0
S01012801,Lone parent family: Parent not working,2,1,1
S01012802,All parents aged 16 and over with dependent children,162,62,100
S01012802,Couple family: Total,156,58,98
S01012802,Couple family: Both parents working,104,38,66
S01012802,Couple family: One parent working,48,16,32
S01012802,Couple family: No parents working,4,4,0
S01012802,Lone parent family: Total,6,4,2
S01012802,Lone parent family: Parent working,5,3,2
S01012802,Lone parent family: Parent not working,1,1,0
S01012803,All parents aged 16 and over with dependent children,159,85,74
S01012803,Couple family: Total,144,78,66
S01012803,Couple family: Both parents working,120,66,54
S01012803,Couple family: One parent working,22,10,12
S01012803,Couple family: No parents working,2,2,0
S01012803,Lone parent family: Total,15,7,8
S01012803,Lone parent family: Parent working,14,6,8
S01012803,Lone parent family: Parent not working,1,1,0
S01012804,All parents aged 16 and over with dependent children,155,76,79
S01012804,Couple family: Total,120,58,62
S01012804,Couple family: Both parents working,76,36,40
S01012804,Couple family: One parent working,42,20,22
S01012804,Couple family: No parents working,2,2,0
S01012804,Lone parent family: Total,35,18,17
S01012804,Lone parent family: Parent working,21,11,10
S01012804,Lone parent family: Parent not working,14,7,7
S01012805,All parents aged 16 and over with dependent children,182,82,100
S01012805,Couple family: Total,134,54,80
S01012805,Couple family: Both parents working,104,46,58
S01012805,Couple family: One parent working,20,6,14
S01012805,Couple family: No parents working,10,2,8
S01012805,Lone parent family: Total,48,28,20
S01012805,Lone parent family: Parent working,34,20,14
S01012805,Lone parent family: Parent not working,14,8,6
S01012806,All parents aged 16 and over with dependent children,181,92,89
S01012806,Couple family: Total,152,74,78
S01012806,Couple family: Both parents working,100,44,56
S01012806,Couple family: One parent working,44,24,20
S01012806,Couple family: No parents working,8,6,2
S01012806,Lone parent family: Total,29,18,11
S01012806,Lone parent family: Parent working,18,14,4
S01012806,Lone parent family: Parent not working,11,4,7
S01012807,All parents aged 16 and over with dependent children,139,53,86
S01012807,Couple family: Total,132,50,82
S01012807,Couple family: Both parents working,110,40,70
S01012807,Couple family: One parent working,16,6,10
S01012807,Couple family: No parents working,6,4,2
S01012807,Lone parent family: Total,7,3,4
S01012807,Lone parent family: Parent working,7,3,4
S01012807,Lone parent family: Parent not working,0,0,0
S01012808,All parents aged 16 and over with dependent children,218,80,138
S01012808,Couple family: Total,200,70,130
S01012808,Couple family: Both parents working,160,56,104
S01012808,Couple family: One parent working,36,14,22
S01012808,Couple family: No parents working,4,0,4
S01012808,Lone parent family: Total,18,10,8
S01012808,Lone parent family: Parent working,13,8,5
S01012808,Lone parent family: Parent not working,5,2,3
S01012809,All parents aged 16 and over with dependent children,100,55,45
S01012809,Couple family: Total,80,46,34
S01012809,Couple family: Both parents working,64,38,26
S01012809,Couple family: One parent working,14,6,8
S01012809,Couple family: No parents working,2,2,0
S01012809,Lone parent family: Total,20,9,11
S01012809,Lone parent family: Parent working,10,5,5
S01012809,Lone parent family: Parent not working,10,4,6
S01012810,All parents aged 16 and over with dependent children,133,80,53
S01012810,Couple family: Total,92,44,48
S01012810,Couple family: Both parents working,60,30,30
S01012810,Couple family: One parent working,28,12,16
S01012810,Couple family: No parents working,4,2,2
S01012810,Lone parent family: Total,41,36,5
S01012810,Lone parent family: Parent working,22,19,3
S01012810,Lone parent family: Parent not working,19,17,2
S01012811,All parents aged 16 and over with dependent children,139,81,58
S01012811,Couple family: Total,114,64,50
S01012811,Couple family: Both parents working,92,50,42
S01012811,Couple family: One parent working,20,14,6
S01012811,Couple family: No parents working,2,0,2
S01012811,Lone parent family: Total,25,17,8
S01012811,Lone parent family: Parent working,15,11,4
S01012811,Lone parent family: Parent not working,10,6,4
S01012812,All parents aged 16 and over with dependent children,137,74,63
S01012812,Couple family: Total,118,62,56
S01012812,Couple family: Both parents working,92,48,44
S01012812,Couple family: One parent working,20,10,10
S01012812,Couple family: No parents working,6,4,2
S01012812,Lone parent family: Total,19,12,7
S01012812,Lone parent family: Parent working,14,9,5
S01012812,Lone parent family: Parent not working,5,3,2
S01012813,All parents aged 16 and over with dependent children,159,77,82
S01012813,Couple family: Total,152,74,78
S01012813,Couple family: Both parents working,126,66,60
S01012813,Couple family: One parent working,26,8,18
S01012813,Couple family: No parents working,0,0,0
S01012813,Lone parent family: Total,7,3,4
S01012813,Lone parent family: Parent working,5,2,3
S01012813,Lone parent family: Parent not working,2,1,1
S01012814,All parents aged 16 and over with dependent children,242,131,111
S01012814,Couple family: Total,218,116,102
S01012814,Couple family: Both parents working,164,82,82
S01012814,Couple family: One parent working,50,32,18
S01012814,Couple family: No parents working,4,2,2
S01012814,Lone parent family: Total,24,15,9
S01012814,Lone parent family: Parent working,18,12,6
S01012814,Lone parent family: Parent not working,6,3,3
S01012815,All parents aged 16 and over with dependent children,296,150,146
S01012815,Couple family: Total,270,136,134
S01012815,Couple family: Both parents working,216,118,98
S01012815,Couple family: One parent working,46,18,28
S01012815,Couple family: No parents working,8,0,8
S01012815,Lone parent family: Total,26,14,12
S01012815,Lone parent family: Parent working,19,10,9
S01012815,Lone parent family: Parent not working,7,4,3
S01012816,All parents aged 16 and over with dependent children,172,77,95
S01012816,Couple family: Total,146,64,82
S01012816,Couple family: Both parents working,120,56,64
S01012816,Couple family: One parent working,22,6,16
S01012816,Couple family: No parents working,4,2,2
S01012816,Lone parent family: Total,26,13,13
S01012816,Lone parent family: Parent working,17,10,7
S01012816,Lone parent family: Parent not working,9,3,6
S01012817,All parents aged 16 and over with dependent children,208,89,119
S01012817,Couple family: Total,192,84,108
S01012817,Couple family: Both parents working,172,76,96
S01012817,Couple family: One parent working,18,8,10
S01012817,Couple family: No parents working,2,0,2
S01012817,Lone parent family: Total,16,5,11
S01012817,Lone parent family: Parent working,12,4,8
S01012817,Lone parent family: Parent not working,4,1,3
S01012818,All parents aged 16 and over with dependent children,261,108,153
S01012818,Couple family: Total,244,100,144
S01012818,Couple family: Both parents working,178,66,112
S01012818,Couple family: One parent working,54,30,24
S01012818,Couple family: No parents working,12,4,8
S01012818,Lone parent family: Total,17,8,9
S01012818,Lone parent family: Parent working,9,6,3
S01012818,Lone parent family: Parent not working,8,2,6
S01012819,All parents aged 16 and over with dependent children,133,80,53
S01012819,Couple family: Total,80,46,34
S01012819,Couple family: Both parents working,60,34,26
S01012819,Couple family: One parent working,16,10,6
S01012819,Couple family: No parents working,4,2,2
S01012819,Lone parent family: Total,53,34,19
S01012819,Lone parent family: Parent working,23,18,5
S01012819,Lone parent family: Parent not working,30,16,14
S01012820,All parents aged 16 and over with dependent children,300,150,150
S01012820,Couple family: Total,260,126,134
S01012820,Couple family: Both parents working,218,114,104
S01012820,Couple family: One parent working,36,8,28
S01012820,Couple family: No parents working,6,4,2
S01012820,Lone parent family: Total,40,24,16
S01012820,Lone parent family: Parent working,29,18,11
S01012820,Lone parent family: Parent not working,11,6,5
S01012821,All parents aged 16 and over with dependent children,257,114,143
S01012821,Couple family: Total,226,96,130
S01012821,Couple family: Both parents working,166,82,84
S01012821,Couple family: One parent working,52,12,40
S01012821,Couple family: No parents working,8,2,6
S01012821,Lone parent family: Total,31,18,13
S01012821,Lone parent family: Parent working,19,9,10
S01012821,Lone parent family: Parent not working,12,9,3
S01012822,All parents aged 16 and over with dependent children,95,56,39
S01012822,Couple family: Total,32,16,16
S01012822,Couple family: Both parents working,14,8,6
S01012822,Couple family: One parent working,10,4,6
S01012822,Couple family: No parents working,8,4,4
S01012822,Lone parent family: Total,63,40,23
S01012822,Lone parent family: Parent working,39,28,11
S01012822,Lone parent family: Parent not working,24,12,12
S01012823,All parents aged 16 and over with dependent children,260,93,167
S01012823,Couple family: Total,240,84,156
S01012823,Couple family: Both parents working,196,72,124
S01012823,Couple family: One parent working,36,10,26
S01012823,Couple family: No parents working,8,2,6
S01012823,Lone parent family: Total,20,9,11
S01012823,Lone parent family: Parent working,17,7,10
S01012823,Lone parent family: Parent not working,3,2,1
S01012824,All parents aged 16 and over with dependent children,146,65,81
S01012824,Couple family: Total,116,46,70
S01012824,Couple family: Both parents working,90,40,50
S01012824,Couple family: One parent working,24,6,18
S01012824,Couple family: No parents working,2,0,2
S01012824,Lone parent family: Total,30,19,11
S01012824,Lone parent family: Parent working,21,15,6
S01012824,Lone parent family: Parent not working,9,4,5
S01012825,All parents aged 16 and over with dependent children,74,53,21
S01012825,Couple family: Total,48,34,14
S01012825,Couple family: Both parents working,42,28,14
S01012825,Couple family: One parent working,4,4,0
S01012825,Couple family: No parents working,2,2,0
S01012825,Lone parent family: Total,26,19,7
S01012825,Lone parent family: Parent working,10,5,5
S01012825,Lone parent family: Parent not working,16,14,2
S01012826,All parents aged 16 and over with dependent children,148,81,67
S01012826,Couple family: Total,76,40,36
S01012826,Couple family: Both parents working,42,22,20
S01012826,Couple family: One parent working,24,10,14
S01012826,Couple family: No parents working,10,8,2
S01012826,Lone parent family: Total,72,41,31
S01012826,Lone parent family: Parent working,41,23,18
S01012826,Lone parent family: Parent not working,31,18,13
S01012827,All parents aged 16 and over with dependent children,251,100,151
S01012827,Couple family: Total,230,90,140
S01012827,Couple family: Both parents working,196,80,116
S01012827,Couple family: One parent working,28,8,20
S01012827,Couple family: No parents working,6,2,4
S01012827,Lone parent family: Total,21,10,11
S01012827,Lone parent family: Parent working,15,7,8
S01012827,Lone parent family: Parent not working,6,3,3
S01012828,All parents aged 16 and over with dependent children,166,107,59
S01012828,Couple family: Total,150,98,52
S01012828,Couple family: Both parents working,134,90,44
S01012828,Couple family: One parent working,14,6,8
S01012828,Couple family: No parents working,2,2,0
S01012828,Lone parent family: Total,16,9,7
S01012828,Lone parent family: Parent working,12,8,4
S01012828,Lone parent family: Parent not working,4,1,3
S01012829,All parents aged 16 and over with dependent children,189,103,86
S01012829,Couple family: Total,116,62,54
S01012829,Couple family: Both parents working,60,38,22
S01012829,Couple family: One parent working,46,16,30
S01012829,Couple family: No parents working,10,8,2
S01012829,Lone parent family: Total,73,41,32
S01012829,Lone parent family: Parent working,41,27,14
S01012829,Lone parent family: Parent not working,32,14,18
S01012830,All parents aged 16 and over with dependent children,136,63,73
S01012830,Couple family: Total,112,46,66
S01012830,Couple family: Both parents working,88,36,52
S01012830,Couple family: One parent working,20,8,12
S01012830,Couple family: No parents working,4,2,2
S01012830,Lone parent family: Total,24,17,7
S01012830,Lone parent family: Parent working,12,7,5
S01012830,Lone parent family: Parent not working,12,10,2
S01012831,All parents aged 16 and over with dependent children,82,49,33
S01012831,Couple family: Total,64,38,26
S01012831,Couple family: Both parents working,34,20,14
S01012831,Couple family: One parent working,22,12,10
S01012831,Couple family: No parents working,8,6,2
S01012831,Lone parent family: Total,18,11,7
S01012831,Lone parent family: Parent working,11,8,3
S01012831,Lone parent family: Parent not working,7,3,4
S01012832,All parents aged 16 and over with dependent children,104,45,59
S01012832,Couple family: Total,80,34,46
S01012832,Couple family: Both parents working,66,32,34
S01012832,Couple family: One parent working,10,2,8
S01012832,Couple family: No parents working,4,0,4
S01012832,Lone parent family: Total,24,11,13
S01012832,Lone parent family: Parent working,10,6,4
S01012832,Lone parent family: Parent not working,14,5,9
S01012833,All parents aged 16 and over with dependent children,118,60,58
S01012833,Couple family: Total,52,28,24
S01012833,Couple family: Both parents working,30,18,12
S01012833,Couple family: One parent working,6,4,2
S01012833,Couple family: No parents working,16,6,10
S01012833,Lone parent family: Total,66,32,34
S01012833,Lone parent family: Parent working,40,20,20
S01012833,Lone parent family: Parent not working,26,12,14
S01012834,All parents aged 16 and over with dependent children,119,75,44
S01012834,Couple family: Total,76,44,32
S01012834,Couple family: Both parents working,62,38,24
S01012834,Couple family: One parent working,8,4,4
S01012834,Couple family: No parents working,6,2,4
S01012834,Lone parent family: Total,43,31,12
S01012834,Lone parent family: Parent working,21,19,2
S01012834,Lone parent family: Parent not working,22,12,10
S01012835,All parents aged 16 and over with dependent children,132,85,47
S01012835,Couple family: Total,96,58,38
S01012835,Couple family: Both parents working,78,44,34
S01012835,Couple family: One parent working,18,14,4
S01012835,Couple family: No parents working,0,0,0
S01012835,Lone parent family: Total,36,27,9
S01012835,Lone parent family: Parent working,25,21,4
S01012835,Lone parent family: Parent not working,11,6,5
S01012836,All parents aged 16 and over with dependent children,229,104,125
S01012836,Couple family: Total,204,90,114
S01012836,Couple family: Both parents working,170,80,90
S01012836,Couple family: One parent working,32,10,22
S01012836,Couple family: No parents working,2,0,2
S01012836,Lone parent family: Total,25,14,11
S01012836,Lone parent family: Parent working,17,10,7
S01012836,Lone parent family: Parent not working,8,4,4
S01012837,All parents aged 16 and over with dependent children,163,107,56
S01012837,Couple family: Total,88,54,34
S01012837,Couple family: Both parents working,48,38,10
S01012837,Couple family: One parent working,18,8,10
S01012837,Couple family: No parents working,22,8,14
S01012837,Lone parent family: Total,75,53,22
S01012837,Lone parent family: Parent working,32,26,6
S01012837,Lone parent family: Parent not working,43,27,16
S01012838,All parents aged 16 and over with dependent children,181,109,72
S01012838,Couple family: Total,76,40,36
S01012838,Couple family: Both parents working,32,18,14
S01012838,Couple family: One parent working,32,14,18
S01012838,Couple family: No parents working,12,8,4
S01012838,Lone parent family: Total,105,69,36
S01012838,Lone parent family: Parent working,39,28,11
S01012838,Lone parent family: Parent not working,66,41,25
S01012839,All parents aged 16 and over with dependent children,115,62,53
S01012839,Couple family: Total,94,48,46
S01012839,Couple family: Both parents working,74,40,34
S01012839,Couple family: One parent working,18,6,12
S01012839,Couple family: No parents working,2,2,0
S01012839,Lone parent family: Total,21,14,7
S01012839,Lone parent family: Parent working,18,12,6
S01012839,Lone parent family: Parent not working,3,2,1
S01012840,All parents aged 16 and over with dependent children,252,104,148
S01012840,Couple family: Total,230,90,140
S01012840,Couple family: Both parents working,190,78,112
S01012840,Couple family: One parent working,36,8,28
S01012840,Couple family: No parents working,4,4,0
S01012840,Lone parent family: Total,22,14,8
S01012840,Lone parent family: Parent working,16,9,7
S01012840,Lone parent family: Parent not working,6,5,1
S01012841,All parents aged 16 and over with dependent children,117,54,63
S01012841,Couple family: Total,100,40,60
S01012841,Couple family: Both parents working,88,36,52
S01012841,Couple family: One parent working,8,2,6
S01012841,Couple family: No parents working,4,2,2
S01012841,Lone parent family: Total,17,14,3
S01012841,Lone parent family: Parent working,14,12,2
S01012841,Lone parent family: Parent not working,3,2,1
S01012842,All parents aged 16 and over with dependent children,88,53,35
S01012842,Couple family: Total,70,42,28
S01012842,Couple family: Both parents working,60,36,24
S01012842,Couple family: One parent working,8,4,4
S01012842,Couple family: No parents working,2,2,0
S01012842,Lone parent family: Total,18,11,7
S01012842,Lone parent family: Parent working,13,8,5
S01012842,Lone parent family: Parent not working,5,3,2
S01012843,All parents aged 16 and over with dependent children,230,82,148
S01012843,Couple family: Total,216,74,142
S01012843,Couple family: Both parents working,166,58,108
S01012843,Couple family: One parent working,44,16,28
S01012843,Couple family: No parents working,6,0,6
S01012843,Lone parent family: Total,14,8,6
S01012843,Lone parent family: Parent working,11,6,5
S01012843,Lone parent family: Parent not working,3,2,1
S01012844,All parents aged 16 and over with dependent children,181,76,105
S01012844,Couple family: Total,174,72,102
S01012844,Couple family: Both parents working,132,46,86
S01012844,Couple family: One parent working,36,24,12
S01012844,Couple family: No parents working,6,2,4
S01012844,Lone parent family: Total,7,4,3
S01012844,Lone parent family: Parent working,5,2,3
S01012844,Lone parent family: Parent not working,2,2,0
S01012845,All parents aged 16 and over with dependent children,164,81,83
S01012845,Couple family: Total,146,70,76
S01012845,Couple family: Both parents working,114,58,56
S01012845,Couple family: One parent working,20,6,14
S01012845,Couple family: No parents working,12,6,6
S01012845,Lone parent family: Total,18,11,7
S01012845,Lone parent family: Parent working,12,7,5
S01012845,Lone parent family: Parent not working,6,4,2
S01012846,All parents aged 16 and over with dependent children,121,60,61
S01012846,Couple family: Total,74,32,42
S01012846,Couple family: Both parents working,58,24,34
S01012846,Couple family: One parent working,14,8,6
S01012846,Couple family: No parents working,2,0,2
S01012846,Lone parent family: Total,47,28,19
S01012846,Lone parent family: Parent working,22,16,6
S01012846,Lone parent family: Parent not working,25,12,13
S01012847,All parents aged 16 and over with dependent children,129,69,60
S01012847,Couple family: Total,112,56,56
S01012847,Couple family: Both parents working,84,38,46
S01012847,Couple family: One parent working,26,16,10
S01012847,Couple family: No parents working,2,2,0
S01012847,Lone parent family: Total,17,13,4
S01012847,Lone parent family: Parent working,13,10,3
S01012847,Lone parent family: Parent not working,4,3,1
S01012848,All parents aged 16 and over with dependent children,222,103,119
S01012848,Couple family: Total,204,90,114
S01012848,Couple family: Both parents working,160,72,88
S01012848,Couple family: One parent working,38,18,20
S01012848,Couple family: No parents working,6,0,6
S01012848,Lone parent family: Total,18,13,5
S01012848,Lone parent family: Parent working,12,8,4
S01012848,Lone parent family: Parent not working,6,5,1
S01012849,All parents aged 16 and over with dependent children,147,102,45
S01012849,Couple family: Total,112,76,36
S01012849,Couple family: Both parents working,76,48,28
S01012849,Couple family: One parent working,28,24,4
S01012849,Couple family: No parents working,8,4,4
S01012849,Lone parent family: Total,35,26,9
S01012849,Lone parent family: Parent working,19,16,3
S01012849,Lone parent family: Parent not working,16,10,6
S01012850,All parents aged 16 and over with dependent children,97,55,42
S01012850,Couple family: Total,64,34,30
S01012850,Couple family: Both parents working,48,26,22
S01012850,Couple family: One parent working,12,4,8
S01012850,Couple family: No parents working,4,4,0
S01012850,Lone parent family: Total,33,21,12
S01012850,Lone parent family: Parent working,20,13,7
S01012850,Lone parent family: Parent not working,13,8,5
S01012851,All parents aged 16 and over with dependent children,135,68,67
S01012851,Couple family: Total,106,52,54
S01012851,Couple family: Both parents working,82,36,46
S01012851,Couple family: One parent working,20,12,8
S01012851,Couple family: No parents working,4,4,0
S01012851,Lone parent family: Total,29,16,13
S01012851,Lone parent family: Parent working,21,12,9
S01012851,Lone parent family: Parent not working,8,4,4
S01012852,All parents aged 16 and over with dependent children,125,46,79
S01012852,Couple family: Total,116,42,74
S01012852,Couple family: Both parents working,102,42,60
S01012852,Couple family: One parent working,14,0,14
S01012852,Couple family: No parents working,0,0,0
S01012852,Lone parent family: Total,9,4,5
S01012852,Lone parent family: Parent working,7,4,3
S01012852,Lone parent family: Parent not working,2,0,2
S01012853,All parents aged 16 and over with dependent children,113,62,51
S01012853,Couple family: Total,98,54,44
S01012853,Couple family: Both parents working,80,42,38
S01012853,Couple family: One parent working,12,10,2
S01012853,Couple family: No parents working,6,2,4
S01012853,Lone parent family: Total,15,8,7
S01012853,Lone parent family: Parent working,9,6,3
S01012853,Lone parent family: Parent not working,6,2,4
S01012854,All parents aged 16 and over with dependent children,152,98,54
S01012854,Couple family: Total,128,78,50
S01012854,Couple family: Both parents working,114,66,48
S01012854,Couple family: One parent working,10,8,2
S01012854,Couple family: No parents working,4,4,0
S01012854,Lone parent family: Total,24,20,4
S01012854,Lone parent family: Parent working,18,14,4
S01012854,Lone parent family: Parent not working,6,6,0
S01012855,All parents aged 16 and over with dependent children,142,92,50
S01012855,Couple family: Total,126,80,46
S01012855,Couple family: Both parents working,102,62,40
S01012855,Couple family: One parent working,16,12,4
S01012855,Couple family: No parents working,8,6,2
S01012855,Lone parent family: Total,16,12,4
S01012855,Lone parent family: Parent working,12,9,3
S01012855,Lone parent family: Parent not working,4,3,1
S01012856,All parents aged 16 and over with dependent children,66,38,28
S01012856,Couple family: Total,46,24,22
S01012856,Couple family: Both parents working,34,20,14
S01012856,Couple family: One parent working,10,2,8
S01012856,Couple family: No parents working,2,2,0
S01012856,Lone parent family: Total,20,14,6
S01012856,Lone parent family: Parent working,14,9,5
S01012856,Lone parent family: Parent not working,6,5,1
S01012857,All parents aged 16 and over with dependent children,106,53,53
S01012857,Couple family: Total,76,36,40
S01012857,Couple family: Both parents working,50,20,30
S01012857,Couple family: One parent working,16,8,8
S01012857,Couple family: No parents working,10,8,2
S01012857,Lone parent family: Total,30,17,13
S01012857,Lone parent family: Parent working,21,11,10
S01012857,Lone parent family: Parent not working,9,6,3
S01012858,All parents aged 16 and over with dependent children,83,51,32
S01012858,Couple family: Total,48,26,22
S01012858,Couple family: Both parents working,30,18,12
S01012858,Couple family: One parent working,16,8,8
S01012858,Couple family: No parents working,2,0,2
S01012858,Lone parent family: Total,35,25,10
S01012858,Lone parent family: Parent working,20,14,6
S01012858,Lone parent family: Parent not working,15,11,4
S01012859,All parents aged 16 and over with dependent children,206,115,91
S01012859,Couple family: Total,170,94,76
S01012859,Couple family: Both parents working,118,64,54
S01012859,Couple family: One parent working,36,16,20
S01012859,Couple family: No parents working,16,14,2
S01012859,Lone parent family: Total,36,21,15
S01012859,Lone parent family: Parent working,24,16,8
S01012859,Lone parent family: Parent not working,12,5,7
S01012860,All parents aged 16 and over with dependent children,141,66,75
S01012860,Couple family: Total,118,56,62
S01012860,Couple family: Both parents working,100,48,52
S01012860,Couple family: One parent working,16,8,8
S01012860,Couple family: No parents working,2,0,2
S01012860,Lone parent family: Total,23,10,13
S01012860,Lone parent family: Parent working,14,7,7
S01012860,Lone parent family: Parent not working,9,3,6
S01012861,All parents aged 16 and over with dependent children,138,77,61
S01012861,Couple family: Total,118,62,56
S01012861,Couple family: Both parents working,88,40,48
S01012861,Couple family: One parent working,26,18,8
S01012861,Couple family: No parents working,4,4,0
S01012861,Lone parent family: Total,20,15,5
S01012861,Lone parent family: Parent working,15,12,3
S01012861,Lone parent family: Parent not working,5,3,2
S01012862,All parents aged 16 and over with dependent children,74,45,29
S01012862,Couple family: Total,40,22,18
S01012862,Couple family: Both parents working,26,16,10
S01012862,Couple family: One parent working,12,4,8
S01012862,Couple family: No parents working,2,2,0
S01012862,Lone parent family: Total,34,23,11
S01012862,Lone parent family: Parent working,18,14,4
S01012862,Lone parent family: Parent not working,16,9,7
S01012863,All parents aged 16 and over with dependent children,68,45,23
S01012863,Couple family: Total,32,14,18
S01012863,Couple family: Both parents working,22,10,12
S01012863,Couple family: One parent working,6,4,2
S01012863,Couple family: No parents working,4,0,4
S01012863,Lone parent family: Total,36,31,5
S01012863,Lone parent family: Parent working,12,12,0
S01012863,Lone parent family: Parent not working,24,19,5
S01012864,All parents aged 16 and over with dependent children,121,78,43
S01012864,Couple family: Total,64,38,26
S01012864,Couple family: Both parents working,30,20,10
S01012864,Couple family: One parent working,26,14,12
S01012864,Couple family: No parents working,8,4,4
S01012864,Lone parent family: Total,57,40,17
S01012864,Lone parent family: Parent working,24,18,6
S01012864,Lone parent family: Parent not working,33,22,11
S01012865,All parents aged 16 and over with dependent children,136,75,61
S01012865,Couple family: Total,110,56,54
S01012865,Couple family: Both parents working,86,44,42
S01012865,Couple family: One parent working,16,8,8
S01012865,Couple family: No parents working,8,4,4
S01012865,Lone parent family: Total,26,19,7
S01012865,Lone parent family: Parent working,17,13,4
S01012865,Lone parent family: Parent not working,9,6,3
S01012866,All parents aged 16 and over with dependent children,148,91,57
S01012866,Couple family: Total,114,68,46
S01012866,Couple family: Both parents working,78,50,28
S01012866,Couple family: One parent working,28,14,14
S01012866,Couple family: No parents working,8,4,4
S01012866,Lone parent family: Total,34,23,11
S01012866,Lone parent family: Parent working,19,11,8
S01012866,Lone parent family: Parent not working,15,12,3
S01012867,All parents aged 16 and over with dependent children,91,63,28
S01012867,Couple family: Total,58,38,20
S01012867,Couple family: Both parents working,36,26,10
S01012867,Couple family: One parent working,16,10,6
S01012867,Couple family: No parents working,6,2,4
S01012867,Lone parent family: Total,33,25,8
S01012867,Lone parent family: Parent working,19,16,3
S01012867,Lone parent family: Parent not working,14,9,5
S01012868,All parents aged 16 and over with dependent children,58,38,20
S01012868,Couple family: Total,34,26,8
S01012868,Couple family: Both parents working,14,12,2
S01012868,Couple family: One parent working,10,4,6
S01012868,Couple family: No parents working,10,10,0
S01012868,Lone parent family: Total,24,12,12
S01012868,Lone parent family: Parent working,15,8,7
S01012868,Lone parent family: Parent not working,9,4,5
S01012869,All parents aged 16 and over with dependent children,122,86,36
S01012869,Couple family: Total,58,40,18
S01012869,Couple family: Both parents working,26,16,10
S01012869,Couple family: One parent working,22,16,6
S01012869,Couple family: No parents working,10,8,2
S01012869,Lone parent family: Total,64,46,18
S01012869,Lone parent family: Parent working,36,30,6
S01012869,Lone parent family: Parent not working,28,16,12
S01012870,All parents aged 16 and over with dependent children,161,95,66
S01012870,Couple family: Total,142,78,64
S01012870,Couple family: Both parents working,108,66,42
S01012870,Couple family: One parent working,30,10,20
S01012870,Couple family: No parents working,4,2,2
S01012870,Lone parent family: Total,19,17,2
S01012870,Lone parent family: Parent working,15,14,1
S01012870,Lone parent family: Parent not working,4,3,1
S01012871,All parents aged 16 and over with dependent children,149,89,60
S01012871,Couple family: Total,120,66,54
S01012871,Couple family: Both parents working,72,42,30
S01012871,Couple family: One parent working,42,20,22
S01012871,Couple family: No parents working,6,4,2
S01012871,Lone parent family: Total,29,23,6
S01012871,Lone parent family: Parent working,17,15,2
S01012871,Lone parent family: Parent not working,12,8,4
S01012872,All parents aged 16 and over with dependent children,165,91,74
S01012872,Couple family: Total,116,62,54
S01012872,Couple family: Both parents working,82,50,32
S01012872,Couple family: One parent working,30,12,18
S01012872,Couple family: No parents working,4,0,4
S01012872,Lone parent family: Total,49,29,20
S01012872,Lone parent family: Parent working,35,20,15
S01012872,Lone parent family: Parent not working,14,9,5
S01012873,All parents aged 16 and over with dependent children,177,116,61
S01012873,Couple family: Total,122,78,44
S01012873,Couple family: Both parents working,88,64,24
S01012873,Couple family: One parent working,26,12,14
S01012873,Couple family: No parents working,8,2,6
S01012873,Lone parent family: Total,55,38,17
S01012873,Lone parent family: Parent working,40,27,13
S01012873,Lone parent family: Parent not working,15,11,4
S01012874,All parents aged 16 and over with dependent children,146,80,66
S01012874,Couple family: Total,90,46,44
S01012874,Couple family: Both parents working,60,34,26
S01012874,Couple family: One parent working,24,10,14
S01012874,Couple family: No parents working,6,2,4
S01012874,Lone parent family: Total,56,34,22
S01012874,Lone parent family: Parent working,33,22,11
S01012874,Lone parent family: Parent not working,23,12,11
S01012875,All parents aged 16 and over with dependent children,109,68,41
S01012875,Couple family: Total,80,46,34
S01012875,Couple family: Both parents working,56,32,24
S01012875,Couple family: One parent working,14,6,8
S01012875,Couple family: No parents working,10,8,2
S01012875,Lone parent family: Total,29,22,7
S01012875,Lone parent family: Parent working,15,10,5
S01012875,Lone parent family: Parent not working,14,12,2
S01012876,All parents aged 16 and over with dependent children,143,76,67
S01012876,Couple family: Total,92,46,46
S01012876,Couple family: Both parents working,64,32,32
S01012876,Couple family: One parent working,20,10,10
S01012876,Couple family: No parents working,8,4,4
S01012876,Lone parent family: Total,51,30,21
S01012876,Lone parent family: Parent working,38,22,16
S01012876,Lone parent family: Parent not working,13,8,5
S01012877,All parents aged 16 and over with dependent children,122,74,48
S01012877,Couple family: Total,86,46,40
S01012877,Couple family: Both parents working,64,40,24
S01012877,Couple family: One parent working,14,4,10
S01012877,Couple family: No parents working,8,2,6
S01012877,Lone parent family: Total,36,28,8
S01012877,Lone parent family: Parent working,23,19,4
S01012877,Lone parent family: Parent not working,13,9,4
S01012878,All parents aged 16 and over with dependent children,195,88,107
S01012878,Couple family: Total,182,82,100
S01012878,Couple family: Both parents working,154,68,86
S01012878,Couple family: One parent working,20,10,10
S01012878,Couple family: No parents working,8,4,4
S01012878,Lone parent family: Total,13,6,7
S01012878,Lone parent family: Parent working,11,6,5
S01012878,Lone parent family: Parent not working,2,0,2
S01012879,All parents aged 16 and over with dependent children,170,85,85
S01012879,Couple family: Total,148,68,80
S01012879,Couple family: Both parents working,114,50,64
S01012879,Couple family: One parent working,26,16,10
S01012879,Couple family: No parents working,8,2,6
S01012879,Lone parent family: Total,22,17,5
S01012879,Lone parent family: Parent working,15,11,4
S01012879,Lone parent family: Parent not working,7,6,1
S01012880,All parents aged 16 and over with dependent children,195,104,91
S01012880,Couple family: Total,174,90,84
S01012880,Couple family: Both parents working,144,72,72
S01012880,Couple family: One parent working,30,18,12
S01012880,Couple family: No parents working,0,0,0
S01012880,Lone parent family: Total,21,14,7
S01012880,Lone parent family: Parent working,14,11,3
S01012880,Lone parent family: Parent not working,7,3,4
S01012881,All parents aged 16 and over with dependent children,124,71,53
S01012881,Couple family: Total,110,60,50
S01012881,Couple family: Both parents working,92,56,36
S01012881,Couple family: One parent working,12,2,10
S01012881,Couple family: No parents working,6,2,4
S01012881,Lone parent family: Total,14,11,3
S01012881,Lone parent family: Parent working,8,6,2
S01012881,Lone parent family: Parent not working,6,5,1
S01012882,All parents aged 16 and over with dependent children,110,57,53
S01012882,Couple family: Total,62,28,34
S01012882,Couple family: Both parents working,36,16,20
S01012882,Couple family: One parent working,18,8,10
S01012882,Couple family: No parents working,8,4,4
S01012882,Lone parent family: Total,48,29,19
S01012882,Lone parent family: Parent working,28,15,13
S01012882,Lone parent family: Parent not working,20,14,6
S01012883,All parents aged 16 and over with dependent children,107,58,49
S01012883,Couple family: Total,62,28,34
S01012883,Couple family: Both parents working,26,14,12
S01012883,Couple family: One parent working,28,10,18
S01012883,Couple family: No parents working,8,4,4
S01012883,Lone parent family: Total,45,30,15
S01012883,Lone parent family: Parent working,18,12,6
S01012883,Lone parent family: Parent not working,27,18,9
S01012884,All parents aged 16 and over with dependent children,93,53,40
S01012884,Couple family: Total,70,38,32
S01012884,Couple family: Both parents working,48,28,20
S01012884,Couple family: One parent working,16,6,10
S01012884,Couple family: No parents working,6,4,2
S01012884,Lone parent family: Total,23,15,8
S01012884,Lone parent family: Parent working,9,8,1
S01012884,Lone parent family: Parent not working,14,7,7
S01012885,All parents aged 16 and over with dependent children,65,45,20
S01012885,Couple family: Total,48,32,16
S01012885,Couple family: Both parents working,34,24,10
S01012885,Couple family: One parent working,12,8,4
S01012885,Couple family: No parents working,2,0,2
S01012885,Lone parent family: Total,17,13,4
S01012885,Lone parent family: Parent working,2,2,0
S01012885,Lone parent family: Parent not working,15,11,4
S01012886,All parents aged 16 and over with dependent children,154,85,69
S01012886,Couple family: Total,144,80,64
S01012886,Couple family: Both parents working,98,54,44
S01012886,Couple family: One parent working,32,16,16
S01012886,Couple family: No parents working,14,10,4
S01012886,Lone parent family: Total,10,5,5
S01012886,Lone parent family: Parent working,7,4,3
S01012886,Lone parent family: Parent not working,3,1,2
S01012887,All parents aged 16 and over with dependent children,135,68,67
S01012887,Couple family: Total,128,62,66
S01012887,Couple family: Both parents working,104,52,52
S01012887,Couple family: One parent working,18,8,10
S01012887,Couple family: No parents working,6,2,4
S01012887,Lone parent family: Total,7,6,1
S01012887,Lone parent family: Parent working,5,4,1
S01012887,Lone parent family: Parent not working,2,2,0
S01012888,All parents aged 16 and over with dependent children,169,69,100
S01012888,Couple family: Total,152,60,92
S01012888,Couple family: Both parents working,128,54,74
S01012888,Couple family: One parent working,24,6,18
S01012888,Couple family: No parents working,0,0,0
S01012888,Lone parent family: Total,17,9,8
S01012888,Lone parent family: Parent working,12,7,5
S01012888,Lone parent family: Parent not working,5,2,3
S01012889,All parents aged 16 and over with dependent children,254,142,112
S01012889,Couple family: Total,222,126,96
S01012889,Couple family: Both parents working,182,108,74
S01012889,Couple family: One parent working,36,16,20
S01012889,Couple family: No parents working,4,2,2
S01012889,Lone parent family: Total,32,16,16
S01012889,Lone parent family: Parent working,20,12,8
S01012889,Lone parent family: Parent not working,12,4,8
S01012890,All parents aged 16 and over with dependent children,177,88,89
S01012890,Couple family: Total,128,60,68
S01012890,Couple family: Both parents working,66,34,32
S01012890,Couple family: One parent working,48,16,32
S01012890,Couple family: No parents working,14,10,4
S01012890,Lone parent family: Total,49,28,21
S01012890,Lone parent family: Parent working,20,13,7
S01012890,Lone parent family: Parent not working,29,15,14
S01012891,All parents aged 16 and over with dependent children,98,39,59
S01012891,Couple family: Total,76,24,52
S01012891,Couple family: Both parents working,50,16,34
S01012891,Couple family: One parent working,18,4,14
S01012891,Couple family: No parents working,8,4,4
S01012891,Lone parent family: Total,22,15,7
S01012891,Lone parent family: Parent working,17,11,6
S01012891,Lone parent family: Parent not working,5,4,1
S01012892,All parents aged 16 and over with dependent children,165,90,75
S01012892,Couple family: Total,72,36,36
S01012892,Couple family: Both parents working,44,22,22
S01012892,Couple family: One parent working,18,6,12
S01012892,Couple family: No parents working,10,8,2
S01012892,Lone parent family: Total,93,54,39
S01012892,Lone parent family: Parent working,56,38,18
S01012892,Lone parent family: Parent not working,37,16,21
S01012893,All parents aged 16 and over with dependent children,131,77,54
S01012893,Couple family: Total,64,32,32
S01012893,Couple family: Both parents working,40,24,16
S01012893,Couple family: One parent working,16,6,10
S01012893,Couple family: No parents working,8,2,6
S01012893,Lone parent family: Total,67,45,22
S01012893,Lone parent family: Parent working,37,26,11
S01012893,Lone parent family: Parent not working,30,19,11
S01012894,All parents aged 16 and over with dependent children,232,94,138
S01012894,Couple family: Total,196,72,124
S01012894,Couple family: Both parents working,148,60,88
S01012894,Couple family: One parent working,40,10,30
S01012894,Couple family: No parents working,8,2,6
S01012894,Lone parent family: Total,36,22,14
S01012894,Lone parent family: Parent working,26,14,12
S01012894,Lone parent family: Parent not working,10,8,2
S01012895,All parents aged 16 and over with dependent children,139,63,76
S01012895,Couple family: Total,128,56,72
S01012895,Couple family: Both parents working,96,48,48
S01012895,Couple family: One parent working,32,8,24
S01012895,Couple family: No parents working,0,0,0
S01012895,Lone parent family: Total,11,7,4
S01012895,Lone parent family: Parent working,8,4,4
S01012895,Lone parent family: Parent not working,3,3,0
S01012896,All parents aged 16 and over with dependent children,94,49,45
S01012896,Couple family: Total,70,34,36
S01012896,Couple family: Both parents working,60,30,30
S01012896,Couple family: One parent working,8,2,6
S01012896,Couple family: No parents working,2,2,0
S01012896,Lone parent family: Total,24,15,9
S01012896,Lone parent family: Parent working,17,11,6
S01012896,Lone parent family: Parent not working,7,4,3
S01012897,All parents aged 16 and over with dependent children,164,66,98
S01012897,Couple family: Total,146,52,94
S01012897,Couple family: Both parents working,126,48,78
S01012897,Couple family: One parent working,20,4,16
S01012897,Couple family: No parents working,0,0,0
S01012897,Lone parent family: Total,18,14,4
S01012897,Lone parent family: Parent working,13,10,3
S01012897,Lone parent family: Parent not working,5,4,1
S01012898,All parents aged 16 and over with dependent children,200,70,130
S01012898,Couple family: Total,188,64,124
S01012898,Couple family: Both parents working,164,62,102
S01012898,Couple family: One parent working,22,2,20
S01012898,Couple family: No parents working,2,0,2
S01012898,Lone parent family: Total,12,6,6
S01012898,Lone parent family: Parent working,11,6,5
S01012898,Lone parent family: Parent not working,1,0,1
S01012899,All parents aged 16 and over with dependent children,62,33,29
S01012899,Couple family: Total,46,22,24
S01012899,Couple family: Both parents working,30,18,12
S01012899,Couple family: One parent working,16,4,12
S01012899,Couple family: No parents working,0,0,0
S01012899,Lone parent family: Total,16,11,5
S01012899,Lone parent family: Parent working,13,8,5
S01012899,Lone parent family: Parent not working,3,3,0
S01012900,All parents aged 16 and over with dependent children,121,38,83
S01012900,Couple family: Total,104,28,76
S01012900,Couple family: Both parents working,82,24,58
S01012900,Couple family: One parent working,22,4,18
S01012900,Couple family: No parents working,0,0,0
S01012900,Lone parent family: Total,17,10,7
S01012900,Lone parent family: Parent working,13,9,4
S01012900,Lone parent family: Parent not working,4,1,3
S01012901,All parents aged 16 and over with dependent children,140,67,73
S01012901,Couple family: Total,118,54,64
S01012901,Couple family: Both parents working,82,40,42
S01012901,Couple family: One parent working,34,12,22
S01012901,Couple family: No parents working,2,2,0
S01012901,Lone parent family: Total,22,13,9
S01012901,Lone parent family: Parent working,14,9,5
S01012901,Lone parent family: Parent not working,8,4,4
S01012902,All parents aged 16 and over with dependent children,148,80,68
S01012902,Couple family: Total,128,68,60
S01012902,Couple family: Both parents working,100,54,46
S01012902,Couple family: One parent working,22,12,10
S01012902,Couple family: No parents working,6,2,4
S01012902,Lone parent family: Total,20,12,8
S01012902,Lone parent family: Parent working,12,9,3
S01012902,Lone parent family: Parent not working,8,3,5
S01012903,All parents aged 16 and over with dependent children,159,78,81
S01012903,Couple family: Total,122,52,70
S01012903,Couple family: Both parents working,94,40,54
S01012903,Couple family: One parent working,24,10,14
S01012903,Couple family: No parents working,4,2,2
S01012903,Lone parent family: Total,37,26,11
S01012903,Lone parent family: Parent working,27,21,6
S01012903,Lone parent family: Parent not working,10,5,5
S01012904,All parents aged 16 and over with dependent children,202,108,94
S01012904,Couple family: Total,140,64,76
S01012904,Couple family: Both parents working,96,46,50
S01012904,Couple family: One parent working,40,16,24
S01012904,Couple family: No parents working,4,2,2
S01012904,Lone parent family: Total,62,44,18
S01012904,Lone parent family: Parent working,38,31,7
S01012904,Lone parent family: Parent not working,24,13,11
S01012905,All parents aged 16 and over with dependent children,137,71,66
S01012905,Couple family: Total,88,48,40
S01012905,Couple family: Both parents working,54,30,24
S01012905,Couple family: One parent working,28,12,16
S01012905,Couple family: No parents working,6,6,0
S01012905,Lone parent family: Total,49,23,26
S01012905,Lone parent family: Parent working,26,16,10
S01012905,Lone parent family: Parent not working,23,7,16
S01012906,All parents aged 16 and over with dependent children,166,109,57
S01012906,Couple family: Total,136,84,52
S01012906,Couple family: Both parents working,96,68,28
S01012906,Couple family: One parent working,38,16,22
S01012906,Couple family: No parents working,2,0,2
S01012906,Lone parent family: Total,30,25,5
S01012906,Lone parent family: Parent working,25,22,3
S01012906,Lone parent family: Parent not working,5,3,2
S01012907,All parents aged 16 and over with dependent children,149,84,65
S01012907,Couple family: Total,116,62,54
S01012907,Couple family: Both parents working,94,44,50
S01012907,Couple family: One parent working,14,12,2
S01012907,Couple family: No parents working,8,6,2
S01012907,Lone parent family: Total,33,22,11
S01012907,Lone parent family: Parent working,22,13,9
S01012907,Lone parent family: Parent not working,11,9,2
S01012908,All parents aged 16 and over with dependent children,125,66,59
S01012908,Couple family: Total,104,52,52
S01012908,Couple family: Both parents working,72,32,40
S01012908,Couple family: One parent working,24,18,6
S01012908,Couple family: No parents working,8,2,6
S01012908,Lone parent family: Total,21,14,7
S01012908,Lone parent family: Parent working,12,8,4
S01012908,Lone parent family: Parent not working,9,6,3
S01012909,All parents aged 16 and over with dependent children,106,45,61
S01012909,Couple family: Total,88,36,52
S01012909,Couple family: Both parents working,64,28,36
S01012909,Couple family: One parent working,22,8,14
S01012909,Couple family: No parents working,2,0,2
S01012909,Lone parent family: Total,18,9,9
S01012909,Lone parent family: Parent working,12,7,5
S01012909,Lone parent family: Parent not working,6,2,4
S01012910,All parents aged 16 and over with dependent children,119,63,56
S01012910,Couple family: Total,84,40,44
S01012910,Couple family: Both parents working,70,34,36
S01012910,Couple family: One parent working,12,6,6
S01012910,Couple family: No parents working,2,0,2
S01012910,Lone parent family: Total,35,23,12
S01012910,Lone parent family: Parent working,14,9,5
S01012910,Lone parent family: Parent not working,21,14,7
S01012911,All parents aged 16 and over with dependent children,119,57,62
S01012911,Couple family: Total,100,42,58
S01012911,Couple family: Both parents working,70,32,38
S01012911,Couple family: One parent working,30,10,20
S01012911,Couple family: No parents working,0,0,0
S01012911,Lone parent family: Total,19,15,4
S01012911,Lone parent family: Parent working,11,10,1
S01012911,Lone parent family: Parent not working,8,5,3
S01012912,All parents aged 16 and over with dependent children,104,48,56
S01012912,Couple family: Total,76,30,46
S01012912,Couple family: Both parents working,60,24,36
S01012912,Couple family: One parent working,14,6,8
S01012912,Couple family: No parents working,2,0,2
S01012912,Lone parent family: Total,28,18,10
S01012912,Lone parent family: Parent working,15,13,2
S01012912,Lone parent family: Parent not working,13,5,8
S01012913,All parents aged 16 and over with dependent children,165,76,89
S01012913,Couple family: Total,130,56,74
S01012913,Couple family: Both parents working,104,42,62
S01012913,Couple family: One parent working,16,8,8
S01012913,Couple family: No parents working,10,6,4
S01012913,Lone parent family: Total,35,20,15
S01012913,Lone parent family: Parent working,20,14,6
S01012913,Lone parent family: Parent not working,15,6,9
S01012914,All parents aged 16 and over with dependent children,158,84,74
S01012914,Couple family: Total,122,66,56
S01012914,Couple family: Both parents working,78,42,36
S01012914,Couple family: One parent working,34,14,20
S01012914,Couple family: No parents working,10,10,0
S01012914,Lone parent family: Total,36,18,18
S01012914,Lone parent family: Parent working,22,13,9
S01012914,Lone parent family: Parent not working,14,5,9
S01012915,All parents aged 16 and over with dependent children,273,105,168
S01012915,Couple family: Total,242,86,156
S01012915,Couple family: Both parents working,198,72,126
S01012915,Couple family: One parent working,38,10,28
S01012915,Couple family: No parents working,6,4,2
S01012915,Lone parent family: Total,31,19,12
S01012915,Lone parent family: Parent working,22,15,7
S01012915,Lone parent family: Parent not working,9,4,5
S01012916,All parents aged 16 and over with dependent children,108,54,54
S01012916,Couple family: Total,86,36,50
S01012916,Couple family: Both parents working,74,32,42
S01012916,Couple family: One parent working,12,4,8
S01012916,Couple family: No parents working,0,0,0
S01012916,Lone parent family: Total,22,18,4
S01012916,Lone parent family: Parent working,14,10,4
S01012916,Lone parent family: Parent not working,8,8,0
S01012917,All parents aged 16 and over with dependent children,171,77,94
S01012917,Couple family: Total,152,68,84
S01012917,Couple family: Both parents working,138,62,76
S01012917,Couple family: One parent working,12,4,8
S01012917,Couple family: No parents working,2,2,0
S01012917,Lone parent family: Total,19,9,10
S01012917,Lone parent family: Parent working,14,6,8
S01012917,Lone parent family: Parent not working,5,3,2
S01012918,All parents aged 16 and over with dependent children,90,52,38
S01012918,Couple family: Total,76,44,32
S01012918,Couple family: Both parents working,68,38,30
S01012918,Couple family: One parent working,6,4,2
S01012918,Couple family: No parents working,2,2,0
S01012918,Lone parent family: Total,14,8,6
S01012918,Lone parent family: Parent working,8,5,3
S01012918,Lone parent family: Parent not working,6,3,3
S01012919,All parents aged 16 and over with dependent children,73,37,36
S01012919,Couple family: Total,58,24,34
S01012919,Couple family: Both parents working,50,20,30
S01012919,Couple family: One parent working,4,0,4
S01012919,Couple family: No parents working,4,4,0
S01012919,Lone parent family: Total,15,13,2
S01012919,Lone parent family: Parent working,12,11,1
S01012919,Lone parent family: Parent not working,3,2,1
S01012920,All parents aged 16 and over with dependent children,77,28,49
S01012920,Couple family: Total,70,24,46
S01012920,Couple family: Both parents working,54,18,36
S01012920,Couple family: One parent working,14,4,10
S01012920,Couple family: No parents working,2,2,0
S01012920,Lone parent family: Total,7,4,3
S01012920,Lone parent family: Parent working,3,2,1
S01012920,Lone parent family: Parent not working,4,2,2
S01012921,All parents aged 16 and over with dependent children,136,78,58
S01012921,Couple family: Total,102,50,52
S01012921,Couple family: Both parents working,72,38,34
S01012921,Couple family: One parent working,20,8,12
S01012921,Couple family: No parents working,10,4,6
S01012921,Lone parent family: Total,34,28,6
S01012921,Lone parent family: Parent working,20,15,5
S01012921,Lone parent family: Parent not working,14,13,1
S01012922,All parents aged 16 and over with dependent children,261,127,134
S01012922,Couple family: Total,208,98,110
S01012922,Couple family: Both parents working,174,82,92
S01012922,Couple family: One parent working,26,14,12
S01012922,Couple family: No parents working,8,2,6
S01012922,Lone parent family: Total,53,29,24
S01012922,Lone parent family: Parent working,36,18,18
S01012922,Lone parent family: Parent not working,17,11,6
S01012923,All parents aged 16 and over with dependent children,150,78,72
S01012923,Couple family: Total,118,58,60
S01012923,Couple family: Both parents working,98,52,46
S01012923,Couple family: One parent working,12,2,10
S01012923,Couple family: No parents working,8,4,4
S01012923,Lone parent family: Total,32,20,12
S01012923,Lone parent family: Parent working,22,14,8
S01012923,Lone parent family: Parent not working,10,6,4
S01012924,All parents aged 16 and over with dependent children,101,48,53
S01012924,Couple family: Total,84,40,44
S01012924,Couple family: Both parents working,64,30,34
S01012924,Couple family: One parent working,16,6,10
S01012924,Couple family: No parents working,4,4,0
S01012924,Lone parent family: Total,17,8,9
S01012924,Lone parent family: Parent working,14,6,8
S01012924,Lone parent family: Parent not working,3,2,1
S01012925,All parents aged 16 and over with dependent children,112,68,44
S01012925,Couple family: Total,98,56,42
S01012925,Couple family: Both parents working,72,42,30
S01012925,Couple family: One parent working,24,14,10
S01012925,Couple family: No parents working,2,0,2
S01012925,Lone parent family: Total,14,12,2
S01012925,Lone parent family: Parent working,8,7,1
S01012925,Lone parent family: Parent not working,6,5,1
S01012926,All parents aged 16 and over with dependent children,128,61,67
S01012926,Couple family: Total,104,46,58
S01012926,Couple family: Both parents working,88,42,46
S01012926,Couple family: One parent working,14,4,10
S01012926,Couple family: No parents working,2,0,2
S01012926,Lone parent family: Total,24,15,9
S01012926,Lone parent family: Parent working,17,9,8
S01012926,Lone parent family: Parent not working,7,6,1
S01012927,All parents aged 16 and over with dependent children,176,82,94
S01012927,Couple family: Total,144,68,76
S01012927,Couple family: Both parents working,118,54,64
S01012927,Couple family: One parent working,24,12,12
S01012927,Couple family: No parents working,2,2,0
S01012927,Lone parent family: Total,32,14,18
S01012927,Lone parent family: Parent working,25,12,13
S01012927,Lone parent family: Parent not working,7,2,5
S01012928,All parents aged 16 and over with dependent children,172,68,104
S01012928,Couple family: Total,152,58,94
S01012928,Couple family: Both parents working,128,50,78
S01012928,Couple family: One parent working,20,6,14
S01012928,Couple family: No parents working,4,2,2
S01012928,Lone parent family: Total,20,10,10
S01012928,Lone parent family: Parent working,16,9,7
S01012928,Lone parent family: Parent not working,4,1,3
S01012929,All parents aged 16 and over with dependent children,148,73,75
S01012929,Couple family: Total,126,56,70
S01012929,Couple family: Both parents working,98,38,60
S01012929,Couple family: One parent working,26,18,8
S01012929,Couple family: No parents working,2,0,2
S01012929,Lone parent family: Total,22,17,5
S01012929,Lone parent family: Parent working,19,15,4
S01012929,Lone parent family: Parent not working,3,2,1
S01012930,All parents aged 16 and over with dependent children,102,57,45
S01012930,Couple family: Total,80,36,44
S01012930,Couple family: Both parents working,56,26,30
S01012930,Couple family: One parent working,24,10,14
S01012930,Couple family: No parents working,0,0,0
S01012930,Lone parent family: Total,22,21,1
S01012930,Lone parent family: Parent working,17,16,1
S01012930,Lone parent family: Parent not working,5,5,0
S01012931,All parents aged 16 and over with dependent children,167,80,87
S01012931,Couple family: Total,130,62,68
S01012931,Couple family: Both parents working,84,44,40
S01012931,Couple family: One parent working,38,18,20
S01012931,Couple family: No parents working,8,0,8
S01012931,Lone parent family: Total,37,18,19
S01012931,Lone parent family: Parent working,22,12,10
S01012931,Lone parent family: Parent not working,15,6,9
S01012932,All parents aged 16 and over with dependent children,106,43,63
S01012932,Couple family: Total,92,36,56
S01012932,Couple family: Both parents working,72,24,48
S01012932,Couple family: One parent working,18,10,8
S01012932,Couple family: No parents working,2,2,0
S01012932,Lone parent family: Total,14,7,7
S01012932,Lone parent family: Parent working,11,7,4
S01012932,Lone parent family: Parent not working,3,0,3
S01012933,All parents aged 16 and over with dependent children,155,84,71
S01012933,Couple family: Total,126,66,60
S01012933,Couple family: Both parents working,96,54,42
S01012933,Couple family: One parent working,24,12,12
S01012933,Couple family: No parents working,6,0,6
S01012933,Lone parent family: Total,29,18,11
S01012933,Lone parent family: Parent working,21,15,6
S01012933,Lone parent family: Parent not working,8,3,5
S01012934,All parents aged 16 and over with dependent children,106,55,51
S01012934,Couple family: Total,72,34,38
S01012934,Couple family: Both parents working,52,24,28
S01012934,Couple family: One parent working,18,10,8
S01012934,Couple family: No parents working,2,0,2
S01012934,Lone parent family: Total,34,21,13
S01012934,Lone parent family: Parent working,21,12,9
S01012934,Lone parent family: Parent not working,13,9,4
S01012935,All parents aged 16 and over with dependent children,209,93,116
S01012935,Couple family: Total,184,78,106
S01012935,Couple family: Both parents working,152,62,90
S01012935,Couple family: One parent working,24,16,8
S01012935,Couple family: No parents working,8,0,8
S01012935,Lone parent family: Total,25,15,10
S01012935,Lone parent family: Parent working,13,6,7
S01012935,Lone parent family: Parent not working,12,9,3
S01012936,All parents aged 16 and over with dependent children,122,64,58
S01012936,Couple family: Total,94,44,50
S01012936,Couple family: Both parents working,70,32,38
S01012936,Couple family: One parent working,22,10,12
S01012936,Couple family: No parents working,2,2,0
S01012936,Lone parent family: Total,28,20,8
S01012936,Lone parent family: Parent working,17,13,4
S01012936,Lone parent family: Parent not working,11,7,4
S01012937,All parents aged 16 and over with dependent children,150,73,77
S01012937,Couple family: Total,128,58,70
S01012937,Couple family: Both parents working,94,44,50
S01012937,Couple family: One parent working,30,14,16
S01012937,Couple family: No parents working,4,0,4
S01012937,Lone parent family: Total,22,15,7
S01012937,Lone parent family: Parent working,9,6,3
S01012937,Lone parent family: Parent not working,13,9,4
S01012938,All parents aged 16 and over with dependent children,122,47,75
S01012938,Couple family: Total,112,44,68
S01012938,Couple family: Both parents working,80,32,48
S01012938,Couple family: One parent working,30,12,18
S01012938,Couple family: No parents working,2,0,2
S01012938,Lone parent family: Total,10,3,7
S01012938,Lone parent family: Parent working,10,3,7
S01012938,Lone parent family: Parent not working,0,0,0
S01012939,All parents aged 16 and over with dependent children,183,60,123
S01012939,Couple family: Total,176,56,120
S01012939,Couple family: Both parents working,144,42,102
S01012939,Couple family: One parent working,24,10,14
S01012939,Couple family: No parents working,8,4,4
S01012939,Lone parent family: Total,7,4,3
S01012939,Lone parent family: Parent working,7,4,3
S01012939,Lone parent family: Parent not working,0,0,0
S01012940,All parents aged 16 and over with dependent children,156,54,102
S01012940,Couple family: Total,144,46,98
S01012940,Couple family: Both parents working,120,40,80
S01012940,Couple family: One parent working,22,6,16
S01012940,Couple family: No parents working,2,0,2
S01012940,Lone parent family: Total,12,8,4
S01012940,Lone parent family: Parent working,11,7,4
S01012940,Lone parent family: Parent not working,1,1,0
S01012941,All parents aged 16 and over with dependent children,235,97,138
S01012941,Couple family: Total,226,94,132
S01012941,Couple family: Both parents working,184,82,102
S01012941,Couple family: One parent working,36,8,28
S01012941,Couple family: No parents working,6,4,2
S01012941,Lone parent family: Total,9,3,6
S01012941,Lone parent family: Parent working,7,3,4
S01012941,Lone parent family: Parent not working,2,0,2
S01012942,All parents aged 16 and over with dependent children,182,93,89
S01012942,Couple family: Total,128,56,72
S01012942,Couple family: Both parents working,74,42,32
S01012942,Couple family: One parent working,38,14,24
S01012942,Couple family: No parents working,16,0,16
S01012942,Lone parent family: Total,54,37,17
S01012942,Lone parent family: Parent working,35,27,8
S01012942,Lone parent family: Parent not working,19,10,9
S01012943,All parents aged 16 and over with dependent children,219,87,132
S01012943,Couple family: Total,192,74,118
S01012943,Couple family: Both parents working,160,56,104
S01012943,Couple family: One parent working,30,18,12
S01012943,Couple family: No parents working,2,0,2
S01012943,Lone parent family: Total,27,13,14
S01012943,Lone parent family: Parent working,20,9,11
S01012943,Lone parent family: Parent not working,7,4,3
S01012944,All parents aged 16 and over with dependent children,125,44,81
S01012944,Couple family: Total,110,38,72
S01012944,Couple family: Both parents working,88,30,58
S01012944,Couple family: One parent working,18,4,14
S01012944,Couple family: No parents working,4,4,0
S01012944,Lone parent family: Total,15,6,9
S01012944,Lone parent family: Parent working,15,6,9
S01012944,Lone parent family: Parent not working,0,0,0
S01012945,All parents aged 16 and over with dependent children,231,82,149
S01012945,Couple family: Total,222,78,144
S01012945,Couple family: Both parents working,174,68,106
S01012945,Couple family: One parent working,44,8,36
S01012945,Couple family: No parents working,4,2,2
S01012945,Lone parent family: Total,9,4,5
S01012945,Lone parent family: Parent working,7,3,4
S01012945,Lone parent family: Parent not working,2,1,1
S01012946,All parents aged 16 and over with dependent children,217,87,130
S01012946,Couple family: Total,194,72,122
S01012946,Couple family: Both parents working,168,60,108
S01012946,Couple family: One parent working,22,10,12
S01012946,Couple family: No parents working,4,2,2
S01012946,Lone parent family: Total,23,15,8
S01012946,Lone parent family: Parent working,21,15,6
S01012946,Lone parent family: Parent not working,2,0,2
S01012947,All parents aged 16 and over with dependent children,110,35,75
S01012947,Couple family: Total,102,32,70
S01012947,Couple family: Both parents working,78,22,56
S01012947,Couple family: One parent working,22,8,14
S01012947,Couple family: No parents working,2,2,0
S01012947,Lone parent family: Total,8,3,5
S01012947,Lone parent family: Parent working,7,3,4
S01012947,Lone parent family: Parent not working,1,0,1
S01012948,All parents aged 16 and over with dependent children,157,81,76
S01012948,Couple family: Total,140,68,72
S01012948,Couple family: Both parents working,124,60,64
S01012948,Couple family: One parent working,16,8,8
S01012948,Couple family: No parents working,0,0,0
S01012948,Lone parent family: Total,17,13,4
S01012948,Lone parent family: Parent working,15,11,4
S01012948,Lone parent family: Parent not working,2,2,0
S01012949,All parents aged 16 and over with dependent children,106,55,51
S01012949,Couple family: Total,92,44,48
S01012949,Couple family: Both parents working,68,28,40
S01012949,Couple family: One parent working,22,14,8
S01012949,Couple family: No parents working,2,2,0
S01012949,Lone parent family: Total,14,11,3
S01012949,Lone parent family: Parent working,12,9,3
S01012949,Lone parent family: Parent not working,2,2,0
S01012950,All parents aged 16 and over with dependent children,280,146,134
S01012950,Couple family: Total,264,138,126
S01012950,Couple family: Both parents working,220,116,104
S01012950,Couple family: One parent working,38,16,22
S01012950,Couple family: No parents working,6,6,0
S01012950,Lone parent family: Total,16,8,8
S01012950,Lone parent family: Parent working,13,7,6
S01012950,Lone parent family: Parent not working,3,1,2
S01012951,All parents aged 16 and over with dependent children,333,152,181
S01012951,Couple family: Total,320,144,176
S01012951,Couple family: Both parents working,270,124,146
S01012951,Couple family: One parent working,48,18,30
S01012951,Couple family: No parents working,2,2,0
S01012951,Lone parent family: Total,13,8,5
S01012951,Lone parent family: Parent working,10,5,5
S01012951,Lone parent family: Parent not working,3,3,0
S01012952,All parents aged 16 and over with dependent children,145,58,87
S01012952,Couple family: Total,142,58,84
S01012952,Couple family: Both parents working,80,40,40
S01012952,Couple family: One parent working,58,16,42
S01012952,Couple family: No parents working,4,2,2
S01012952,Lone parent family: Total,3,0,3
S01012952,Lone parent family: Parent working,3,0,3
S01012952,Lone parent family: Parent not working,0,0,0
S01012953,All parents aged 16 and over with dependent children,150,93,57
S01012953,Couple family: Total,126,78,48
S01012953,Couple family: Both parents working,108,70,38
S01012953,Couple family: One parent working,14,8,6
S01012953,Couple family: No parents working,4,0,4
S01012953,Lone parent family: Total,24,15,9
S01012953,Lone parent family: Parent working,15,9,6
S01012953,Lone parent family: Parent not working,9,6,3
S01012954,All parents aged 16 and over with dependent children,139,75,64
S01012954,Couple family: Total,128,68,60
S01012954,Couple family: Both parents working,106,56,50
S01012954,Couple family: One parent working,22,12,10
S01012954,Couple family: No parents working,0,0,0
S01012954,Lone parent family: Total,11,7,4
S01012954,Lone parent family: Parent working,8,5,3
S01012954,Lone parent family: Parent not working,3,2,1
S01012955,All parents aged 16 and over with dependent children,226,93,133
S01012955,Couple family: Total,212,84,128
S01012955,Couple family: Both parents working,174,72,102
S01012955,Couple family: One parent working,34,10,24
S01012955,Couple family: No parents working,4,2,2
S01012955,Lone parent family: Total,14,9,5
S01012955,Lone parent family: Parent working,8,4,4
S01012955,Lone parent family: Parent not working,6,5,1
S01012956,All parents aged 16 and over with dependent children,171,77,94
S01012956,Couple family: Total,146,62,84
S01012956,Couple family: Both parents working,104,48,56
S01012956,Couple family: One parent working,36,12,24
S01012956,Couple family: No parents working,6,2,4
S01012956,Lone parent family: Total,25,15,10
S01012956,Lone parent family: Parent working,14,9,5
S01012956,Lone parent family: Parent not working,11,6,5
S01012957,All parents aged 16 and over with dependent children,122,64,58
S01012957,Couple family: Total,106,54,52
S01012957,Couple family: Both parents working,84,44,40
S01012957,Couple family: One parent working,20,8,12
S01012957,Couple family: No parents working,2,2,0
S01012957,Lone parent family: Total,16,10,6
S01012957,Lone parent family: Parent working,11,7,4
S01012957,Lone parent family: Parent not working,5,3,2
S01012958,All parents aged 16 and over with dependent children,91,43,48
S01012958,Couple family: Total,82,38,44
S01012958,Couple family: Both parents working,54,28,26
S01012958,Couple family: One parent working,26,10,16
S01012958,Couple family: No parents working,2,0,2
S01012958,Lone parent family: Total,9,5,4
S01012958,Lone parent family: Parent working,3,1,2
S01012958,Lone parent family: Parent not working,6,4,2
S01012959,All parents aged 16 and over with dependent children,141,67,74
S01012959,Couple family: Total,122,56,66
S01012959,Couple family: Both parents working,106,48,58
S01012959,Couple family: One parent working,12,4,8
S01012959,Couple family: No parents working,4,4,0
S01012959,Lone parent family: Total,19,11,8
S01012959,Lone parent family: Parent working,14,8,6
S01012959,Lone parent family: Parent not working,5,3,2
S01012960,All parents aged 16 and over with dependent children,123,53,70
S01012960,Couple family: Total,98,36,62
S01012960,Couple family: Both parents working,70,30,40
S01012960,Couple family: One parent working,18,2,16
S01012960,Couple family: No parents working,10,4,6
S01012960,Lone parent family: Total,25,17,8
S01012960,Lone parent family: Parent working,17,11,6
S01012960,Lone parent family: Parent not working,8,6,2
S01012961,All parents aged 16 and over with dependent children,135,72,63
S01012961,Couple family: Total,122,62,60
S01012961,Couple family: Both parents working,98,48,50
S01012961,Couple family: One parent working,20,10,10
S01012961,Couple family: No parents working,4,4,0
S01012961,Lone parent family: Total,13,10,3
S01012961,Lone parent family: Parent working,8,8,0
S01012961,Lone parent family: Parent not working,5,2,3
S01012962,All parents aged 16 and over with dependent children,119,53,66
S01012962,Couple family: Total,112,48,64
S01012962,Couple family: Both parents working,98,42,56
S01012962,Couple family: One parent working,14,6,8
S01012962,Couple family: No parents working,0,0,0
S01012962,Lone parent family: Total,7,5,2
S01012962,Lone parent family: Parent working,6,4,2
S01012962,Lone parent family: Parent not working,1,1,0
S01012963,All parents aged 16 and over with dependent children,247,101,146
S01012963,Couple family: Total,232,94,138
S01012963,Couple family: Both parents working,180,74,106
S01012963,Couple family: One parent working,50,20,30
S01012963,Couple family: No parents working,2,0,2
S01012963,Lone parent family: Total,15,7,8
S01012963,Lone parent family: Parent working,14,6,8
S01012963,Lone parent family: Parent not working,1,1,0
S01012964,All parents aged 16 and over with dependent children,221,69,152
S01012964,Couple family: Total,208,62,146
S01012964,Couple family: Both parents working,168,48,120
S01012964,Couple family: One parent working,38,12,26
S01012964,Couple family: No parents working,2,2,0
S01012964,Lone parent family: Total,13,7,6
S01012964,Lone parent family: Parent working,11,7,4
S01012964,Lone parent family: Parent not working,2,0,2
S01012965,All parents aged 16 and over with dependent children,197,80,117
S01012965,Couple family: Total,176,68,108
S01012965,Couple family: Both parents working,108,50,58
S01012965,Couple family: One parent working,64,16,48
S01012965,Couple family: No parents working,4,2,2
S01012965,Lone parent family: Total,21,12,9
S01012965,Lone parent family: Parent working,8,5,3
S01012965,Lone parent family: Parent not working,13,7,6
S01012966,All parents aged 16 and over with dependent children,179,79,100
S01012966,Couple family: Total,150,60,90
S01012966,Couple family: Both parents working,118,50,68
S01012966,Couple family: One parent working,28,10,18
S01012966,Couple family: No parents working,4,0,4
S01012966,Lone parent family: Total,29,19,10
S01012966,Lone parent family: Parent working,24,16,8
S01012966,Lone parent family: Parent not working,5,3,2
S01012967,All parents aged 16 and over with dependent children,100,49,51
S01012967,Couple family: Total,86,42,44
S01012967,Couple family: Both parents working,56,36,20
S01012967,Couple family: One parent working,28,6,22
S01012967,Couple family: No parents working,2,0,2
S01012967,Lone parent family: Total,14,7,7
S01012967,Lone parent family: Parent working,10,5,5
S01012967,Lone parent family: Parent not working,4,2,2
S01012968,All parents aged 16 and over with dependent children,165,86,79
S01012968,Couple family: Total,126,56,70
S01012968,Couple family: Both parents working,88,46,42
S01012968,Couple family: One parent working,28,4,24
S01012968,Couple family: No parents working,10,6,4
S01012968,Lone parent family: Total,39,30,9
S01012968,Lone parent family: Parent working,21,15,6
S01012968,Lone parent family: Parent not working,18,15,3
S01012969,All parents aged 16 and over with dependent children,135,61,74
S01012969,Couple family: Total,112,50,62
S01012969,Couple family: Both parents working,78,38,40
S01012969,Couple family: One parent working,26,8,18
S01012969,Couple family: No parents working,8,4,4
S01012969,Lone parent family: Total,23,11,12
S01012969,Lone parent family: Parent working,15,10,5
S01012969,Lone parent family: Parent not working,8,1,7
S01012970,All parents aged 16 and over with dependent children,99,39,60
S01012970,Couple family: Total,82,26,56
S01012970,Couple family: Both parents working,56,22,34
S01012970,Couple family: One parent working,24,4,20
S01012970,Couple family: No parents working,2,0,2
S01012970,Lone parent family: Total,17,13,4
S01012970,Lone parent family: Parent working,11,8,3
S01012970,Lone parent family: Parent not working,6,5,1
S01012971,All parents aged 16 and over with dependent children,214,112,102
S01012971,Couple family: Total,142,72,70
S01012971,Couple family: Both parents working,88,46,42
S01012971,Couple family: One parent working,40,20,20
S01012971,Couple family: No parents working,14,6,8
S01012971,Lone parent family: Total,72,40,32
S01012971,Lone parent family: Parent working,39,22,17
S01012971,Lone parent family: Parent not working,33,18,15
S01012972,All parents aged 16 and over with dependent children,181,82,99
S01012972,Couple family: Total,132,54,78
S01012972,Couple family: Both parents working,96,40,56
S01012972,Couple family: One parent working,26,10,16
S01012972,Couple family: No parents working,10,4,6
S01012972,Lone parent family: Total,49,28,21
S01012972,Lone parent family: Parent working,27,17,10
S01012972,Lone parent family: Parent not working,22,11,11
S01012973,All parents aged 16 and over with dependent children,174,92,82
S01012973,Couple family: Total,150,74,76
S01012973,Couple family: Both parents working,112,58,54
S01012973,Couple family: One parent working,30,12,18
S01012973,Couple family: No parents working,8,4,4
S01012973,Lone parent family: Total,24,18,6
S01012973,Lone parent family: Parent working,20,17,3
S01012973,Lone parent family: Parent not working,4,1,3
S01012974,All parents aged 16 and over with dependent children,175,101,74
S01012974,Couple family: Total,140,74,66
S01012974,Couple family: Both parents working,94,52,42
S01012974,Couple family: One parent working,40,18,22
S01012974,Couple family: No parents working,6,4,2
S01012974,Lone parent family: Total,35,27,8
S01012974,Lone parent family: Parent working,21,18,3
S01012974,Lone parent family: Parent not working,14,9,5
S01012975,All parents aged 16 and over with dependent children,120,48,72
S01012975,Couple family: Total,92,34,58
S01012975,Couple family: Both parents working,72,24,48
S01012975,Couple family: One parent working,18,10,8
S01012975,Couple family: No parents working,2,0,2
S01012975,Lone parent family: Total,28,14,14
S01012975,Lone parent family: Parent working,16,8,8
S01012975,Lone parent family: Parent not working,12,6,6
S01012976,All parents aged 16 and over with dependent children,102,48,54
S01012976,Couple family: Total,72,30,42
S01012976,Couple family: Both parents working,48,24,24
S01012976,Couple family: One parent working,16,4,12
S01012976,Couple family: No parents working,8,2,6
S01012976,Lone parent family: Total,30,18,12
S01012976,Lone parent family: Parent working,17,10,7
S01012976,Lone parent family: Parent not working,13,8,5
S01012977,All parents aged 16 and over with dependent children,165,65,100
S01012977,Couple family: Total,114,40,74
S01012977,Couple family: Both parents working,70,30,40
S01012977,Couple family: One parent working,36,10,26
S01012977,Couple family: No parents working,8,0,8
S01012977,Lone parent family: Total,51,25,26
S01012977,Lone parent family: Parent working,37,17,20
S01012977,Lone parent family: Parent not working,14,8,6
S01012978,All parents aged 16 and over with dependent children,179,89,90
S01012978,Couple family: Total,126,56,70
S01012978,Couple family: Both parents working,78,38,40
S01012978,Couple family: One parent working,42,16,26
S01012978,Couple family: No parents working,6,2,4
S01012978,Lone parent family: Total,53,33,20
S01012978,Lone parent family: Parent working,37,23,14
S01012978,Lone parent family: Parent not working,16,10,6
S01012979,All parents aged 16 and over with dependent children,171,61,110
S01012979,Couple family: Total,154,54,100
S01012979,Couple family: Both parents working,112,36,76
S01012979,Couple family: One parent working,38,16,22
S01012979,Couple family: No parents working,4,2,2
S01012979,Lone parent family: Total,17,7,10
S01012979,Lone parent family: Parent working,13,6,7
S01012979,Lone parent family: Parent not working,4,1,3
S01012980,All parents aged 16 and over with dependent children,166,82,84
S01012980,Couple family: Total,124,56,68
S01012980,Couple family: Both parents working,94,40,54
S01012980,Couple family: One parent working,20,8,12
S01012980,Couple family: No parents working,10,8,2
S01012980,Lone parent family: Total,42,26,16
S01012980,Lone parent family: Parent working,26,18,8
S01012980,Lone parent family: Parent not working,16,8,8
S01012981,All parents aged 16 and over with dependent children,159,86,73
S01012981,Couple family: Total,116,54,62
S01012981,Couple family: Both parents working,80,34,46
S01012981,Couple family: One parent working,24,10,14
S01012981,Couple family: No parents working,12,10,2
S01012981,Lone parent family: Total,43,32,11
S01012981,Lone parent family: Parent working,35,26,9
S01012981,Lone parent family: Parent not working,8,6,2
S01012982,All parents aged 16 and over with dependent children,178,89,89
S01012982,Couple family: Total,140,66,74
S01012982,Couple family: Both parents working,108,48,60
S01012982,Couple family: One parent working,28,16,12
S01012982,Couple family: No parents working,4,2,2
S01012982,Lone parent family: Total,38,23,15
S01012982,Lone parent family: Parent working,26,16,10
S01012982,Lone parent family: Parent not working,12,7,5
S01012983,All parents aged 16 and over with dependent children,142,57,85
S01012983,Couple family: Total,124,44,80
S01012983,Couple family: Both parents working,100,36,64
S01012983,Couple family: One parent working,18,8,10
S01012983,Couple family: No parents working,6,0,6
S01012983,Lone parent family: Total,18,13,5
S01012983,Lone parent family: Parent working,10,7,3
S01012983,Lone parent family: Parent not working,8,6,2
S01012984,All parents aged 16 and over with dependent children,135,68,67
S01012984,Couple family: Total,112,52,60
S01012984,Couple family: Both parents working,80,40,40
S01012984,Couple family: One parent working,28,10,18
S01012984,Couple family: No parents working,4,2,2
S01012984,Lone parent family: Total,23,16,7
S01012984,Lone parent family: Parent working,16,11,5
S01012984,Lone parent family: Parent not working,7,5,2
S01012985,All parents aged 16 and over with dependent children,163,73,90
S01012985,Couple family: Total,142,64,78
S01012985,Couple family: Both parents working,118,58,60
S01012985,Couple family: One parent working,22,6,16
S01012985,Couple family: No parents working,2,0,2
S01012985,Lone parent family: Total,21,9,12
S01012985,Lone parent family: Parent working,14,6,8
S01012985,Lone parent family: Parent not working,7,3,4
S01012986,All parents aged 16 and over with dependent children,153,107,46
S01012986,Couple family: Total,116,80,36
S01012986,Couple family: Both parents working,94,70,24
S01012986,Couple family: One parent working,20,8,12
S01012986,Couple family: No parents working,2,2,0
S01012986,Lone parent family: Total,37,27,10
S01012986,Lone parent family: Parent working,23,18,5
S01012986,Lone parent family: Parent not working,14,9,5
S01012987,All parents aged 16 and over with dependent children,138,73,65
S01012987,Couple family: Total,122,62,60
S01012987,Couple family: Both parents working,100,56,44
S01012987,Couple family: One parent working,20,6,14
S01012987,Couple family: No parents working,2,0,2
S01012987,Lone parent family: Total,16,11,5
S01012987,Lone parent family: Parent working,12,10,2
S01012987,Lone parent family: Parent not working,4,1,3
S01012988,All parents aged 16 and over with dependent children,163,92,71
S01012988,Couple family: Total,118,62,56
S01012988,Couple family: Both parents working,96,48,48
S01012988,Couple family: One parent working,18,12,6
S01012988,Couple family: No parents working,4,2,2
S01012988,Lone parent family: Total,45,30,15
S01012988,Lone parent family: Parent working,29,21,8
S01012988,Lone parent family: Parent not working,16,9,7
S01012989,All parents aged 16 and over with dependent children,175,76,99
S01012989,Couple family: Total,138,54,84
S01012989,Couple family: Both parents working,106,44,62
S01012989,Couple family: One parent working,30,10,20
S01012989,Couple family: No parents working,2,0,2
S01012989,Lone parent family: Total,37,22,15
S01012989,Lone parent family: Parent working,26,17,9
S01012989,Lone parent family: Parent not working,11,5,6
S01012990,All parents aged 16 and over with dependent children,106,60,46
S01012990,Couple family: Total,86,48,38
S01012990,Couple family: Both parents working,70,40,30
S01012990,Couple family: One parent working,12,6,6
S01012990,Couple family: No parents working,4,2,2
S01012990,Lone parent family: Total,20,12,8
S01012990,Lone parent family: Parent working,14,10,4
S01012990,Lone parent family: Parent not working,6,2,4
S01012991,All parents aged 16 and over with dependent children,174,73,101
S01012991,Couple family: Total,132,52,80
S01012991,Couple family: Both parents working,98,38,60
S01012991,Couple family: One parent working,32,12,20
S01012991,Couple family: No parents working,2,2,0
S01012991,Lone parent family: Total,42,21,21
S01012991,Lone parent family: Parent working,21,10,11
S01012991,Lone parent family: Parent not working,21,11,10
S01012992,All parents aged 16 and over with dependent children,168,99,69
S01012992,Couple family: Total,142,78,64
S01012992,Couple family: Both parents working,102,60,42
S01012992,Couple family: One parent working,36,16,20
S01012992,Couple family: No parents working,4,2,2
S01012992,Lone parent family: Total,26,21,5
S01012992,Lone parent family: Parent working,18,17,1
S01012992,Lone parent family: Parent not working,8,4,4
S01012993,All parents aged 16 and over with dependent children,126,76,50
S01012993,Couple family: Total,92,52,40
S01012993,Couple family: Both parents working,62,38,24
S01012993,Couple family: One parent working,24,12,12
S01012993,Couple family: No parents working,6,2,4
S01012993,Lone parent family: Total,34,24,10
S01012993,Lone parent family: Parent working,24,17,7
S01012993,Lone parent family: Parent not working,10,7,3
S01012994,All parents aged 16 and over with dependent children,142,79,63
S01012994,Couple family: Total,102,46,56
S01012994,Couple family: Both parents working,82,42,40
S01012994,Couple family: One parent working,14,2,12
S01012994,Couple family: No parents working,6,2,4
S01012994,Lone parent family: Total,40,33,7
S01012994,Lone parent family: Parent working,24,20,4
S01012994,Lone parent family: Parent not working,16,13,3
S01012995,All parents aged 16 and over with dependent children,154,83,71
S01012995,Couple family: Total,126,66,60
S01012995,Couple family: Both parents working,104,56,48
S01012995,Couple family: One parent working,20,10,10
S01012995,Couple family: No parents working,2,0,2
S01012995,Lone parent family: Total,28,17,11
S01012995,Lone parent family: Parent working,21,14,7
S01012995,Lone parent family: Parent not working,7,3,4
S01012996,All parents aged 16 and over with dependent children,110,61,49
S01012996,Couple family: Total,78,40,38
S01012996,Couple family: Both parents working,62,32,30
S01012996,Couple family: One parent working,16,8,8
S01012996,Couple family: No parents working,0,0,0
S01012996,Lone parent family: Total,32,21,11
S01012996,Lone parent family: Parent working,19,11,8
S01012996,Lone parent family: Parent not working,13,10,3
S01012997,All parents aged 16 and over with dependent children,95,39,56
S01012997,Couple family: Total,72,30,42
S01012997,Couple family: Both parents working,52,20,32
S01012997,Couple family: One parent working,14,6,8
S01012997,Couple family: No parents working,6,4,2
S01012997,Lone parent family: Total,23,9,14
S01012997,Lone parent family: Parent working,10,2,8
S01012997,Lone parent family: Parent not working,13,7,6
S01012998,All parents aged 16 and over with dependent children,277,134,143
S01012998,Couple family: Total,236,110,126
S01012998,Couple family: Both parents working,174,88,86
S01012998,Couple family: One parent working,52,18,34
S01012998,Couple family: No parents working,10,4,6
S01012998,Lone parent family: Total,41,24,17
S01012998,Lone parent family: Parent working,25,14,11
S01012998,Lone parent family: Parent not working,16,10,6
S01012999,All parents aged 16 and over with dependent children,97,49,48
S01012999,Couple family: Total,78,36,42
S01012999,Couple family: Both parents working,62,32,30
S01012999,Couple family: One parent working,14,4,10
S01012999,Couple family: No parents working,2,0,2
S01012999,Lone parent family: Total,19,13,6
S01012999,Lone parent family: Parent working,11,7,4
S01012999,Lone parent family: Parent not working,8,6,2
S01013000,All parents aged 16 and over with dependent children,108,56,52
S01013000,Couple family: Total,82,36,46
S01013000,Couple family: Both parents working,62,30,32
S01013000,Couple family: One parent working,20,6,14
S01013000,Couple family: No parents working,0,0,0
S01013000,Lone parent family: Total,26,20,6
S01013000,Lone parent family: Parent working,21,15,6
S01013000,Lone parent family: Parent not working,5,5,0
S01013001,All parents aged 16 and over with dependent children,81,38,43
S01013001,Couple family: Total,72,30,42
S01013001,Couple family: Both parents working,52,24,28
S01013001,Couple family: One parent working,20,6,14
S01013001,Couple family: No parents working,0,0,0
S01013001,Lone parent family: Total,9,8,1
S01013001,Lone parent family: Parent working,6,6,0
S01013001,Lone parent family: Parent not working,3,2,1
S01013002,All parents aged 16 and over with dependent children,109,42,67
S01013002,Couple family: Total,102,40,62
S01013002,Couple family: Both parents working,78,32,46
S01013002,Couple family: One parent working,22,8,14
S01013002,Couple family: No parents working,2,0,2
S01013002,Lone parent family: Total,7,2,5
S01013002,Lone parent family: Parent working,3,1,2
S01013002,Lone parent family: Parent not working,4,1,3
S01013003,All parents aged 16 and over with dependent children,148,47,101
S01013003,Couple family: Total,142,46,96
S01013003,Couple family: Both parents working,112,36,76
S01013003,Couple family: One parent working,26,8,18
S01013003,Couple family: No parents working,4,2,2
S01013003,Lone parent family: Total,6,1,5
S01013003,Lone parent family: Parent working,6,1,5
S01013003,Lone parent family: Parent not working,0,0,0
S01013004,All parents aged 16 and over with dependent children,177,67,110
S01013004,Couple family: Total,162,60,102
S01013004,Couple family: Both parents working,140,54,86
S01013004,Couple family: One parent working,22,6,16
S01013004,Couple family: No parents working,0,0,0
S01013004,Lone parent family: Total,15,7,8
S01013004,Lone parent family: Parent working,13,5,8
S01013004,Lone parent family: Parent not working,2,2,0
S01013005,All parents aged 16 and over with dependent children,158,63,95
S01013005,Couple family: Total,136,54,82
S01013005,Couple family: Both parents working,110,40,70
S01013005,Couple family: One parent working,24,14,10
S01013005,Couple family: No parents working,2,0,2
S01013005,Lone parent family: Total,22,9,13
S01013005,Lone parent family: Parent working,21,9,12
S01013005,Lone parent family: Parent not working,1,0,1
S01013006,All parents aged 16 and over with dependent children,141,65,76
S01013006,Couple family: Total,130,58,72
S01013006,Couple family: Both parents working,90,36,54
S01013006,Couple family: One parent working,38,20,18
S01013006,Couple family: No parents working,2,2,0
S01013006,Lone parent family: Total,11,7,4
S01013006,Lone parent family: Parent working,9,5,4
S01013006,Lone parent family: Parent not working,2,2,0
S01013007,All parents aged 16 and over with dependent children,192,81,111
S01013007,Couple family: Total,180,78,102
S01013007,Couple family: Both parents working,140,60,80
S01013007,Couple family: One parent working,34,14,20
S01013007,Couple family: No parents working,6,4,2
S01013007,Lone parent family: Total,12,3,9
S01013007,Lone parent family: Parent working,10,3,7
S01013007,Lone parent family: Parent not working,2,0,2
S01013008,All parents aged 16 and over with dependent children,173,74,99
S01013008,Couple family: Total,146,58,88
S01013008,Couple family: Both parents working,116,46,70
S01013008,Couple family: One parent working,28,10,18
S01013008,Couple family: No parents working,2,2,0
S01013008,Lone parent family: Total,27,16,11
S01013008,Lone parent family: Parent working,19,10,9
S01013008,Lone parent family: Parent not working,8,6,2
S01013009,All parents aged 16 and over with dependent children,125,63,62
S01013009,Couple family: Total,102,52,50
S01013009,Couple family: Both parents working,78,38,40
S01013009,Couple family: One parent working,20,10,10
S01013009,Couple family: No parents working,4,4,0
S01013009,Lone parent family: Total,23,11,12
S01013009,Lone parent family: Parent working,15,8,7
S01013009,Lone parent family: Parent not working,8,3,5
S01013010,All parents aged 16 and over with dependent children,120,43,77
S01013010,Couple family: Total,114,40,74
S01013010,Couple family: Both parents working,98,38,60
S01013010,Couple family: One parent working,16,2,14
S01013010,Couple family: No parents working,0,0,0
S01013010,Lone parent family: Total,6,3,3
S01013010,Lone parent family: Parent working,5,3,2
S01013010,Lone parent family: Parent not working,1,0,1
S01013011,All parents aged 16 and over with dependent children,223,76,147
S01013011,Couple family: Total,200,66,134
S01013011,Couple family: Both parents working,160,56,104
S01013011,Couple family: One parent working,40,10,30
S01013011,Couple family: No parents working,0,0,0
S01013011,Lone parent family: Total,23,10,13
S01013011,Lone parent family: Parent working,17,6,11
S01013011,Lone parent family: Parent not working,6,4,2
S01013012,All parents aged 16 and over with dependent children,147,66,81
S01013012,Couple family: Total,122,54,68
S01013012,Couple family: Both parents working,92,44,48
S01013012,Couple family: One parent working,28,10,18
S01013012,Couple family: No parents working,2,0,2
S01013012,Lone parent family: Total,25,12,13
S01013012,Lone parent family: Parent working,17,7,10
S01013012,Lone parent family: Parent not working,8,5,3
S01013013,All parents aged 16 and over with dependent children,162,49,113
S01013013,Couple family: Total,140,40,100
S01013013,Couple family: Both parents working,102,32,70
S01013013,Couple family: One parent working,36,6,30
S01013013,Couple family: No parents working,2,2,0
S01013013,Lone parent family: Total,22,9,13
S01013013,Lone parent family: Parent working,17,8,9
S01013013,Lone parent family: Parent not working,5,1,4
S01013014,All parents aged 16 and over with dependent children,155,80,75
S01013014,Couple family: Total,136,68,68
S01013014,Couple family: Both parents working,104,50,54
S01013014,Couple family: One parent working,28,16,12
S01013014,Couple family: No parents working,4,2,2
S01013014,Lone parent family: Total,19,12,7
S01013014,Lone parent family: Parent working,10,9,1
S01013014,Lone parent family: Parent not working,9,3,6
S01013015,All parents aged 16 and over with dependent children,178,61,117
S01013015,Couple family: Total,164,52,112
S01013015,Couple family: Both parents working,126,48,78
S01013015,Couple family: One parent working,34,4,30
S01013015,Couple family: No parents working,4,0,4
S01013015,Lone parent family: Total,14,9,5
S01013015,Lone parent family: Parent working,14,9,5
S01013015,Lone parent family: Parent not working,0,0,0
S01013016,All parents aged 16 and over with dependent children,128,61,67
S01013016,Couple family: Total,116,52,64
S01013016,Couple family: Both parents working,90,40,50
S01013016,Couple family: One parent working,22,8,14
S01013016,Couple family: No parents working,4,4,0
S01013016,Lone parent family: Total,12,9,3
S01013016,Lone parent family: Parent working,9,6,3
S01013016,Lone parent family: Parent not working,3,3,0
S01013017,All parents aged 16 and over with dependent children,195,72,123
S01013017,Couple family: Total,164,56,108
S01013017,Couple family: Both parents working,132,48,84
S01013017,Couple family: One parent working,28,6,22
S01013017,Couple family: No parents working,4,2,2
S01013017,Lone parent family: Total,31,16,15
S01013017,Lone parent family: Parent working,22,13,9
S01013017,Lone parent family: Parent not working,9,3,6
S01013018,All parents aged 16 and over with dependent children,219,72,147
S01013018,Couple family: Total,206,62,144
S01013018,Couple family: Both parents working,148,42,106
S01013018,Couple family: One parent working,54,16,38
S01013018,Couple family: No parents working,4,4,0
S01013018,Lone parent family: Total,13,10,3
S01013018,Lone parent family: Parent working,7,5,2
S01013018,Lone parent family: Parent not working,6,5,1
S01013019,All parents aged 16 and over with dependent children,236,78,158
S01013019,Couple family: Total,216,66,150
S01013019,Couple family: Both parents working,164,56,108
S01013019,Couple family: One parent working,46,8,38
S01013019,Couple family: No parents working,6,2,4
S01013019,Lone parent family: Total,20,12,8
S01013019,Lone parent family: Parent working,15,8,7
S01013019,Lone parent family: Parent not working,5,4,1
S01013020,All parents aged 16 and over with dependent children,76,43,33
S01013020,Couple family: Total,64,36,28
S01013020,Couple family: Both parents working,54,32,22
S01013020,Couple family: One parent working,8,2,6
S01013020,Couple family: No parents working,2,2,0
S01013020,Lone parent family: Total,12,7,5
S01013020,Lone parent family: Parent working,10,7,3
S01013020,Lone parent family: Parent not working,2,0,2
S01013021,All parents aged 16 and over with dependent children,92,37,55
S01013021,Couple family: Total,74,32,42
S01013021,Couple family: Both parents working,56,28,28
S01013021,Couple family: One parent working,14,2,12
S01013021,Couple family: No parents working,4,2,2
S01013021,Lone parent family: Total,18,5,13
S01013021,Lone parent family: Parent working,14,3,11
S01013021,Lone parent family: Parent not working,4,2,2
S01013022,All parents aged 16 and over with dependent children,125,81,44
S01013022,Couple family: Total,86,52,34
S01013022,Couple family: Both parents working,70,42,28
S01013022,Couple family: One parent working,12,6,6
S01013022,Couple family: No parents working,4,4,0
S01013022,Lone parent family: Total,39,29,10
S01013022,Lone parent family: Parent working,27,21,6
S01013022,Lone parent family: Parent not working,12,8,4
S01013023,All parents aged 16 and over with dependent children,183,67,116
S01013023,Couple family: Total,168,58,110
S01013023,Couple family: Both parents working,140,48,92
S01013023,Couple family: One parent working,24,8,16
S01013023,Couple family: No parents working,4,2,2
S01013023,Lone parent family: Total,15,9,6
S01013023,Lone parent family: Parent working,11,7,4
S01013023,Lone parent family: Parent not working,4,2,2
S01013024,All parents aged 16 and over with dependent children,115,36,79
S01013024,Couple family: Total,108,32,76
S01013024,Couple family: Both parents working,92,30,62
S01013024,Couple family: One parent working,16,2,14
S01013024,Couple family: No parents working,0,0,0
S01013024,Lone parent family: Total,7,4,3
S01013024,Lone parent family: Parent working,5,4,1
S01013024,Lone parent family: Parent not working,2,0,2
S01013025,All parents aged 16 and over with dependent children,76,32,44
S01013025,Couple family: Total,68,28,40
S01013025,Couple family: Both parents working,58,24,34
S01013025,Couple family: One parent working,10,4,6
S01013025,Couple family: No parents working,0,0,0
S01013025,Lone parent family: Total,8,4,4
S01013025,Lone parent family: Parent working,6,3,3
S01013025,Lone parent family: Parent not working,2,1,1
S01013026,All parents aged 16 and over with dependent children,209,115,94
S01013026,Couple family: Total,170,90,80
S01013026,Couple family: Both parents working,142,80,62
S01013026,Couple family: One parent working,26,10,16
S01013026,Couple family: No parents working,2,0,2
S01013026,Lone parent family: Total,39,25,14
S01013026,Lone parent family: Parent working,24,15,9
S01013026,Lone parent family: Parent not working,15,10,5
S01013027,All parents aged 16 and over with dependent children,219,97,122
S01013027,Couple family: Total,148,60,88
S01013027,Couple family: Both parents working,78,42,36
S01013027,Couple family: One parent working,50,12,38
S01013027,Couple family: No parents working,20,6,14
S01013027,Lone parent family: Total,71,37,34
S01013027,Lone parent family: Parent working,28,15,13
S01013027,Lone parent family: Parent not working,43,22,21
S01013028,All parents aged 16 and over with dependent children,94,60,34
S01013028,Couple family: Total,84,52,32
S01013028,Couple family: Both parents working,58,36,22
S01013028,Couple family: One parent working,24,16,8
S01013028,Couple family: No parents working,2,0,2
S01013028,Lone parent family: Total,10,8,2
S01013028,Lone parent family: Parent working,7,6,1
S01013028,Lone parent family: Parent not working,3,2,1
S01013029,All parents aged 16 and over with dependent children,118,71,47
S01013029,Couple family: Total,96,54,42
S01013029,Couple family: Both parents working,72,42,30
S01013029,Couple family: One parent working,22,10,12
S01013029,Couple family: No parents working,2,2,0
S01013029,Lone parent family: Total,22,17,5
S01013029,Lone parent family: Parent working,12,9,3
S01013029,Lone parent family: Parent not working,10,8,2
S01013030,All parents aged 16 and over with dependent children,125,56,69
S01013030,Couple family: Total,94,44,50
S01013030,Couple family: Both parents working,68,38,30
S01013030,Couple family: One parent working,20,4,16
S01013030,Couple family: No parents working,6,2,4
S01013030,Lone parent family: Total,31,12,19
S01013030,Lone parent family: Parent working,18,7,11
S01013030,Lone parent family: Parent not working,13,5,8
S01013031,All parents aged 16 and over with dependent children,137,67,70
S01013031,Couple family: Total,94,40,54
S01013031,Couple family: Both parents working,62,26,36
S01013031,Couple family: One parent working,28,10,18
S01013031,Couple family: No parents working,4,4,0
S01013031,Lone parent family: Total,43,27,16
S01013031,Lone parent family: Parent working,34,19,15
S01013031,Lone parent family: Parent not working,9,8,1
S01013032,All parents aged 16 and over with dependent children,244,81,163
S01013032,Couple family: Total,214,68,146
S01013032,Couple family: Both parents working,178,56,122
S01013032,Couple family: One parent working,34,12,22
S01013032,Couple family: No parents working,2,0,2
S01013032,Lone parent family: Total,30,13,17
S01013032,Lone parent family: Parent working,21,11,10
S01013032,Lone parent family: Parent not working,9,2,7
S01013033,All parents aged 16 and over with dependent children,186,93,93
S01013033,Couple family: Total,160,74,86
S01013033,Couple family: Both parents working,122,54,68
S01013033,Couple family: One parent working,26,16,10
S01013033,Couple family: No parents working,12,4,8
S01013033,Lone parent family: Total,26,19,7
S01013033,Lone parent family: Parent working,19,14,5
S01013033,Lone parent family: Parent not working,7,5,2
S01013034,All parents aged 16 and over with dependent children,146,66,80
S01013034,Couple family: Total,114,50,64
S01013034,Couple family: Both parents working,86,40,46
S01013034,Couple family: One parent working,26,8,18
S01013034,Couple family: No parents working,2,2,0
S01013034,Lone parent family: Total,32,16,16
S01013034,Lone parent family: Parent working,19,8,11
S01013034,Lone parent family: Parent not working,13,8,5
S01013035,All parents aged 16 and over with dependent children,150,82,68
S01013035,Couple family: Total,108,48,60
S01013035,Couple family: Both parents working,78,42,36
S01013035,Couple family: One parent working,28,4,24
S01013035,Couple family: No parents working,2,2,0
S01013035,Lone parent family: Total,42,34,8
S01013035,Lone parent family: Parent working,17,14,3
S01013035,Lone parent family: Parent not working,25,20,5
S01013036,All parents aged 16 and over with dependent children,143,57,86
S01013036,Couple family: Total,102,40,62
S01013036,Couple family: Both parents working,56,30,26
S01013036,Couple family: One parent working,40,8,32
S01013036,Couple family: No parents working,6,2,4
S01013036,Lone parent family: Total,41,17,24
S01013036,Lone parent family: Parent working,19,9,10
S01013036,Lone parent family: Parent not working,22,8,14
S01013037,All parents aged 16 and over with dependent children,144,52,92
S01013037,Couple family: Total,130,46,84
S01013037,Couple family: Both parents working,112,44,68
S01013037,Couple family: One parent working,14,0,14
S01013037,Couple family: No parents working,4,2,2
S01013037,Lone parent family: Total,14,6,8
S01013037,Lone parent family: Parent working,7,3,4
S01013037,Lone parent family: Parent not working,7,3,4
S01013038,All parents aged 16 and over with dependent children,182,77,105
S01013038,Couple family: Total,146,56,90
S01013038,Couple family: Both parents working,108,50,58
S01013038,Couple family: One parent working,34,6,28
S01013038,Couple family: No parents working,4,0,4
S01013038,Lone parent family: Total,36,21,15
S01013038,Lone parent family: Parent working,19,14,5
S01013038,Lone parent family: Parent not working,17,7,10
S01013039,All parents aged 16 and over with dependent children,147,62,85
S01013039,Couple family: Total,138,58,80
S01013039,Couple family: Both parents working,114,50,64
S01013039,Couple family: One parent working,24,8,16
S01013039,Couple family: No parents working,0,0,0
S01013039,Lone parent family: Total,9,4,5
S01013039,Lone parent family: Parent working,8,4,4
S01013039,Lone parent family: Parent not working,1,0,1
S01013040,All parents aged 16 and over with dependent children,106,60,46
S01013040,Couple family: Total,88,46,42
S01013040,Couple family: Both parents working,62,30,32
S01013040,Couple family: One parent working,24,14,10
S01013040,Couple family: No parents working,2,2,0
S01013040,Lone parent family: Total,18,14,4
S01013040,Lone parent family: Parent working,11,9,2
S01013040,Lone parent family: Parent not working,7,5,2
S01013041,All parents aged 16 and over with dependent children,114,50,64
S01013041,Couple family: Total,96,38,58
S01013041,Couple family: Both parents working,72,26,46
S01013041,Couple family: One parent working,18,10,8
S01013041,Couple family: No parents working,6,2,4
S01013041,Lone parent family: Total,18,12,6
S01013041,Lone parent family: Parent working,13,10,3
S01013041,Lone parent family: Parent not working,5,2,3
S01013042,All parents aged 16 and over with dependent children,178,80,98
S01013042,Couple family: Total,148,66,82
S01013042,Couple family: Both parents working,120,52,68
S01013042,Couple family: One parent working,20,10,10
S01013042,Couple family: No parents working,8,4,4
S01013042,Lone parent family: Total,30,14,16
S01013042,Lone parent family: Parent working,18,8,10
S01013042,Lone parent family: Parent not working,12,6,6
S01013043,All parents aged 16 and over with dependent children,150,68,82
S01013043,Couple family: Total,120,54,66
S01013043,Couple family: Both parents working,72,36,36
S01013043,Couple family: One parent working,32,12,20
S01013043,Couple family: No parents working,16,6,10
S01013043,Lone parent family: Total,30,14,16
S01013043,Lone parent family: Parent working,18,9,9
S01013043,Lone parent family: Parent not working,12,5,7
S01013044,All parents aged 16 and over with dependent children,162,49,113
S01013044,Couple family: Total,110,24,86
S01013044,Couple family: Both parents working,76,20,56
S01013044,Couple family: One parent working,26,2,24
S01013044,Couple family: No parents working,8,2,6
S01013044,Lone parent family: Total,52,25,27
S01013044,Lone parent family: Parent working,31,16,15
S01013044,Lone parent family: Parent not working,21,9,12
S01013045,All parents aged 16 and over with dependent children,178,71,107
S01013045,Couple family: Total,148,56,92
S01013045,Couple family: Both parents working,110,42,68
S01013045,Couple family: One parent working,32,12,20
S01013045,Couple family: No parents working,6,2,4
S01013045,Lone parent family: Total,30,15,15
S01013045,Lone parent family: Parent working,15,6,9
S01013045,Lone parent family: Parent not working,15,9,6
S01013046,All parents aged 16 and over with dependent children,87,40,47
S01013046,Couple family: Total,60,26,34
S01013046,Couple family: Both parents working,46,22,24
S01013046,Couple family: One parent working,14,4,10
S01013046,Couple family: No parents working,0,0,0
S01013046,Lone parent family: Total,27,14,13
S01013046,Lone parent family: Parent working,16,9,7
S01013046,Lone parent family: Parent not working,11,5,6
S01013047,All parents aged 16 and over with dependent children,280,93,187
S01013047,Couple family: Total,270,86,184
S01013047,Couple family: Both parents working,224,76,148
S01013047,Couple family: One parent working,44,8,36
S01013047,Couple family: No parents working,2,2,0
S01013047,Lone parent family: Total,10,7,3
S01013047,Lone parent family: Parent working,9,7,2
S01013047,Lone parent family: Parent not working,1,0,1
S01013048,All parents aged 16 and over with dependent children,135,67,68
S01013048,Couple family: Total,118,56,62
S01013048,Couple family: Both parents working,104,52,52
S01013048,Couple family: One parent working,12,4,8
S01013048,Couple family: No parents working,2,0,2
S01013048,Lone parent family: Total,17,11,6
S01013048,Lone parent family: Parent working,12,8,4
S01013048,Lone parent family: Parent not working,5,3,2
S01013049,All parents aged 16 and over with dependent children,143,62,81
S01013049,Couple family: Total,128,52,76
S01013049,Couple family: Both parents working,102,42,60
S01013049,Couple family: One parent working,22,8,14
S01013049,Couple family: No parents working,4,2,2
S01013049,Lone parent family: Total,15,10,5
S01013049,Lone parent family: Parent working,14,9,5
S01013049,Lone parent family: Parent not working,1,1,0
S01013050,All parents aged 16 and over with dependent children,108,68,40
S01013050,Couple family: Total,84,50,34
S01013050,Couple family: Both parents working,56,34,22
S01013050,Couple family: One parent working,20,12,8
S01013050,Couple family: No parents working,8,4,4
S01013050,Lone parent family: Total,24,18,6
S01013050,Lone parent family: Parent working,15,12,3
S01013050,Lone parent family: Parent not working,9,6,3
S01013051,All parents aged 16 and over with dependent children,179,85,94
S01013051,Couple family: Total,130,50,80
S01013051,Couple family: Both parents working,88,32,56
S01013051,Couple family: One parent working,36,12,24
S01013051,Couple family: No parents working,6,6,0
S01013051,Lone parent family: Total,49,35,14
S01013051,Lone parent family: Parent working,27,22,5
S01013051,Lone parent family: Parent not working,22,13,9
S01013052,All parents aged 16 and over with dependent children,126,80,46
S01013052,Couple family: Total,92,56,36
S01013052,Couple family: Both parents working,74,48,26
S01013052,Couple family: One parent working,18,8,10
S01013052,Couple family: No parents working,0,0,0
S01013052,Lone parent family: Total,34,24,10
S01013052,Lone parent family: Parent working,18,10,8
S01013052,Lone parent family: Parent not working,16,14,2
S01013053,All parents aged 16 and over with dependent children,109,73,36
S01013053,Couple family: Total,74,46,28
S01013053,Couple family: Both parents working,44,28,16
S01013053,Couple family: One parent working,18,10,8
S01013053,Couple family: No parents working,12,8,4
S01013053,Lone parent family: Total,35,27,8
S01013053,Lone parent family: Parent working,15,12,3
S01013053,Lone parent family: Parent not working,20,15,5
S01013054,All parents aged 16 and over with dependent children,106,64,42
S01013054,Couple family: Total,94,56,38
S01013054,Couple family: Both parents working,70,50,20
S01013054,Couple family: One parent working,18,4,14
S01013054,Couple family: No parents working,6,2,4
S01013054,Lone parent family: Total,12,8,4
S01013054,Lone parent family: Parent working,8,6,2
S01013054,Lone parent family: Parent not working,4,2,2
S01013055,All parents aged 16 and over with dependent children,122,50,72
S01013055,Couple family: Total,98,36,62
S01013055,Couple family: Both parents working,60,16,44
S01013055,Couple family: One parent working,32,16,16
S01013055,Couple family: No parents working,6,4,2
S01013055,Lone parent family: Total,24,14,10
S01013055,Lone parent family: Parent working,15,10,5
S01013055,Lone parent family: Parent not working,9,4,5
S01013056,All parents aged 16 and over with dependent children,151,82,69
S01013056,Couple family: Total,116,62,54
S01013056,Couple family: Both parents working,94,46,48
S01013056,Couple family: One parent working,16,12,4
S01013056,Couple family: No parents working,6,4,2
S01013056,Lone parent family: Total,35,20,15
S01013056,Lone parent family: Parent working,17,9,8
S01013056,Lone parent family: Parent not working,18,11,7
S01013057,All parents aged 16 and over with dependent children,207,104,103
S01013057,Couple family: Total,120,50,70
S01013057,Couple family: Both parents working,70,38,32
S01013057,Couple family: One parent working,36,6,30
S01013057,Couple family: No parents working,14,6,8
S01013057,Lone parent family: Total,87,54,33
S01013057,Lone parent family: Parent working,42,29,13
S01013057,Lone parent family: Parent not working,45,25,20
S01013058,All parents aged 16 and over with dependent children,201,59,142
S01013058,Couple family: Total,180,48,132
S01013058,Couple family: Both parents working,152,46,106
S01013058,Couple family: One parent working,24,2,22
S01013058,Couple family: No parents working,4,0,4
S01013058,Lone parent family: Total,21,11,10
S01013058,Lone parent family: Parent working,17,11,6
S01013058,Lone parent family: Parent not working,4,0,4
S01013059,All parents aged 16 and over with dependent children,111,45,66
S01013059,Couple family: Total,102,42,60
S01013059,Couple family: Both parents working,72,30,42
S01013059,Couple family: One parent working,26,8,18
S01013059,Couple family: No parents working,4,4,0
S01013059,Lone parent family: Total,9,3,6
S01013059,Lone parent family: Parent working,3,1,2
S01013059,Lone parent family: Parent not working,6,2,4
S01013060,All parents aged 16 and over with dependent children,90,30,60
S01013060,Couple family: Total,82,24,58
S01013060,Couple family: Both parents working,58,18,40
S01013060,Couple family: One parent working,24,6,18
S01013060,Couple family: No parents working,0,0,0
S01013060,Lone parent family: Total,8,6,2
S01013060,Lone parent family: Parent working,7,6,1
S01013060,Lone parent family: Parent not working,1,0,1
S01013061,All parents aged 16 and over with dependent children,140,56,84
S01013061,Couple family: Total,134,54,80
S01013061,Couple family: Both parents working,108,48,60
S01013061,Couple family: One parent working,26,6,20
S01013061,Couple family: No parents working,0,0,0
S01013061,Lone parent family: Total,6,2,4
S01013061,Lone parent family: Parent working,4,2,2
S01013061,Lone parent family: Parent not working,2,0,2
S01013062,All parents aged 16 and over with dependent children,154,62,92
S01013062,Couple family: Total,144,54,90
S01013062,Couple family: Both parents working,102,48,54
S01013062,Couple family: One parent working,42,6,36
S01013062,Couple family: No parents working,0,0,0
S01013062,Lone parent family: Total,10,8,2
S01013062,Lone parent family: Parent working,8,6,2
S01013062,Lone parent family: Parent not working,2,2,0
S01013063,All parents aged 16 and over with dependent children,154,50,104
S01013063,Couple family: Total,144,44,100
S01013063,Couple family: Both parents working,98,36,62
S01013063,Couple family: One parent working,38,4,34
S01013063,Couple family: No parents working,8,4,4
S01013063,Lone parent family: Total,10,6,4
S01013063,Lone parent family: Parent working,9,5,4
S01013063,Lone parent family: Parent not working,1,1,0
S01013064,All parents aged 16 and over with dependent children,174,78,96
S01013064,Couple family: Total,150,64,86
S01013064,Couple family: Both parents working,112,44,68
S01013064,Couple family: One parent working,30,16,14
S01013064,Couple family: No parents working,8,4,4
S01013064,Lone parent family: Total,24,14,10
S01013064,Lone parent family: Parent working,19,11,8
S01013064,Lone parent family: Parent not working,5,3,2
S01013065,All parents aged 16 and over with dependent children,148,86,62
S01013065,Couple family: Total,112,62,50
S01013065,Couple family: Both parents working,84,48,36
S01013065,Couple family: One parent working,26,12,14
S01013065,Couple family: No parents working,2,2,0
S01013065,Lone parent family: Total,36,24,12
S01013065,Lone parent family: Parent working,22,16,6
S01013065,Lone parent family: Parent not working,14,8,6
S01013066,All parents aged 16 and over with dependent children,133,78,55
S01013066,Couple family: Total,108,62,46
S01013066,Couple family: Both parents working,84,46,38
S01013066,Couple family: One parent working,24,16,8
S01013066,Couple family: No parents working,0,0,0
S01013066,Lone parent family: Total,25,16,9
S01013066,Lone parent family: Parent working,20,14,6
S01013066,Lone parent family: Parent not working,5,2,3
S01013067,All parents aged 16 and over with dependent children,56,37,19
S01013067,Couple family: Total,42,28,14
S01013067,Couple family: Both parents working,16,6,10
S01013067,Couple family: One parent working,24,20,4
S01013067,Couple family: No parents working,2,2,0
S01013067,Lone parent family: Total,14,9,5
S01013067,Lone parent family: Parent working,6,4,2
S01013067,Lone parent family: Parent not working,8,5,3
S01013068,All parents aged 16 and over with dependent children,105,62,43
S01013068,Couple family: Total,56,30,26
S01013068,Couple family: Both parents working,34,18,16
S01013068,Couple family: One parent working,16,8,8
S01013068,Couple family: No parents working,6,4,2
S01013068,Lone parent family: Total,49,32,17
S01013068,Lone parent family: Parent working,21,13,8
S01013068,Lone parent family: Parent not working,28,19,9
S01013069,All parents aged 16 and over with dependent children,80,52,28
S01013069,Couple family: Total,62,40,22
S01013069,Couple family: Both parents working,44,26,18
S01013069,Couple family: One parent working,10,6,4
S01013069,Couple family: No parents working,8,8,0
S01013069,Lone parent family: Total,18,12,6
S01013069,Lone parent family: Parent working,9,5,4
S01013069,Lone parent family: Parent not working,9,7,2
S01013070,All parents aged 16 and over with dependent children,70,48,22
S01013070,Couple family: Total,44,28,16
S01013070,Couple family: Both parents working,22,16,6
S01013070,Couple family: One parent working,18,10,8
S01013070,Couple family: No parents working,4,2,2
S01013070,Lone parent family: Total,26,20,6
S01013070,Lone parent family: Parent working,12,10,2
S01013070,Lone parent family: Parent not working,14,10,4
S01013071,All parents aged 16 and over with dependent children,41,26,15
S01013071,Couple family: Total,28,18,10
S01013071,Couple family: Both parents working,16,8,8
S01013071,Couple family: One parent working,12,10,2
S01013071,Couple family: No parents working,0,0,0
S01013071,Lone parent family: Total,13,8,5
S01013071,Lone parent family: Parent working,6,3,3
S01013071,Lone parent family: Parent not working,7,5,2
S01013072,All parents aged 16 and over with dependent children,104,72,32
S01013072,Couple family: Total,72,50,22
S01013072,Couple family: Both parents working,40,30,10
S01013072,Couple family: One parent working,16,8,8
S01013072,Couple family: No parents working,16,12,4
S01013072,Lone parent family: Total,32,22,10
S01013072,Lone parent family: Parent working,17,11,6
S01013072,Lone parent family: Parent not working,15,11,4
S01013073,All parents aged 16 and over with dependent children,152,90,62
S01013073,Couple family: Total,84,48,36
S01013073,Couple family: Both parents working,56,30,26
S01013073,Couple family: One parent working,16,12,4
S01013073,Couple family: No parents working,12,6,6
S01013073,Lone parent family: Total,68,42,26
S01013073,Lone parent family: Parent working,38,28,10
S01013073,Lone parent family: Parent not working,30,14,16
S01013074,All parents aged 16 and over with dependent children,152,62,90
S01013074,Couple family: Total,94,38,56
S01013074,Couple family: Both parents working,40,20,20
S01013074,Couple family: One parent working,34,10,24
S01013074,Couple family: No parents working,20,8,12
S01013074,Lone parent family: Total,58,24,34
S01013074,Lone parent family: Parent working,25,12,13
S01013074,Lone parent family: Parent not working,33,12,21
S01013075,All parents aged 16 and over with dependent children,112,64,48
S01013075,Couple family: Total,74,44,30
S01013075,Couple family: Both parents working,40,26,14
S01013075,Couple family: One parent working,22,16,6
S01013075,Couple family: No parents working,12,2,10
S01013075,Lone parent family: Total,38,20,18
S01013075,Lone parent family: Parent working,19,12,7
S01013075,Lone parent family: Parent not working,19,8,11
S01013076,All parents aged 16 and over with dependent children,111,36,75
S01013076,Couple family: Total,102,30,72
S01013076,Couple family: Both parents working,78,24,54
S01013076,Couple family: One parent working,22,6,16
S01013076,Couple family: No parents working,2,0,2
S01013076,Lone parent family: Total,9,6,3
S01013076,Lone parent family: Parent working,8,5,3
S01013076,Lone parent family: Parent not working,1,1,0
S01013077,All parents aged 16 and over with dependent children,145,67,78
S01013077,Couple family: Total,94,44,50
S01013077,Couple family: Both parents working,52,26,26
S01013077,Couple family: One parent working,24,4,20
S01013077,Couple family: No parents working,18,14,4
S01013077,Lone parent family: Total,51,23,28
S01013077,Lone parent family: Parent working,22,6,16
S01013077,Lone parent family: Parent not working,29,17,12
S01013078,All parents aged 16 and over with dependent children,133,61,72
S01013078,Couple family: Total,92,36,56
S01013078,Couple family: Both parents working,48,22,26
S01013078,Couple family: One parent working,36,12,24
S01013078,Couple family: No parents working,8,2,6
S01013078,Lone parent family: Total,41,25,16
S01013078,Lone parent family: Parent working,15,12,3
S01013078,Lone parent family: Parent not working,26,13,13
S01013079,All parents aged 16 and over with dependent children,307,125,182
S01013079,Couple family: Total,276,110,166
S01013079,Couple family: Both parents working,228,102,126
S01013079,Couple family: One parent working,36,6,30
S01013079,Couple family: No parents working,12,2,10
S01013079,Lone parent family: Total,31,15,16
S01013079,Lone parent family: Parent working,19,12,7
S01013079,Lone parent family: Parent not working,12,3,9
S01013080,All parents aged 16 and over with dependent children,149,55,94
S01013080,Couple family: Total,136,46,90
S01013080,Couple family: Both parents working,92,36,56
S01013080,Couple family: One parent working,40,10,30
S01013080,Couple family: No parents working,4,0,4
S01013080,Lone parent family: Total,13,9,4
S01013080,Lone parent family: Parent working,9,6,3
S01013080,Lone parent family: Parent not working,4,3,1
S01013081,All parents aged 16 and over with dependent children,121,63,58
S01013081,Couple family: Total,112,58,54
S01013081,Couple family: Both parents working,82,52,30
S01013081,Couple family: One parent working,28,6,22
S01013081,Couple family: No parents working,2,0,2
S01013081,Lone parent family: Total,9,5,4
S01013081,Lone parent family: Parent working,8,5,3
S01013081,Lone parent family: Parent not working,1,0,1
S01013082,All parents aged 16 and over with dependent children,136,77,59
S01013082,Couple family: Total,128,72,56
S01013082,Couple family: Both parents working,110,64,46
S01013082,Couple family: One parent working,12,4,8
S01013082,Couple family: No parents working,6,4,2
S01013082,Lone parent family: Total,8,5,3
S01013082,Lone parent family: Parent working,7,5,2
S01013082,Lone parent family: Parent not working,1,0,1
S01013083,All parents aged 16 and over with dependent children,108,39,69
S01013083,Couple family: Total,102,34,68
S01013083,Couple family: Both parents working,86,30,56
S01013083,Couple family: One parent working,16,4,12
S01013083,Couple family: No parents working,0,0,0
S01013083,Lone parent family: Total,6,5,1
S01013083,Lone parent family: Parent working,6,5,1
S01013083,Lone parent family: Parent not working,0,0,0
S01013084,All parents aged 16 and over with dependent children,153,52,101
S01013084,Couple family: Total,140,44,96
S01013084,Couple family: Both parents working,110,40,70
S01013084,Couple family: One parent working,26,4,22
S01013084,Couple family: No parents working,4,0,4
S01013084,Lone parent family: Total,13,8,5
S01013084,Lone parent family: Parent working,11,7,4
S01013084,Lone parent family: Parent not working,2,1,1
S01013085,All parents aged 16 and over with dependent children,104,38,66
S01013085,Couple family: Total,84,30,54
S01013085,Couple family: Both parents working,56,28,28
S01013085,Couple family: One parent working,26,2,24
S01013085,Couple family: No parents working,2,0,2
S01013085,Lone parent family: Total,20,8,12
S01013085,Lone parent family: Parent working,12,5,7
S01013085,Lone parent family: Parent not working,8,3,5
S01013086,All parents aged 16 and over with dependent children,122,53,69
S01013086,Couple family: Total,104,38,66
S01013086,Couple family: Both parents working,70,22,48
S01013086,Couple family: One parent working,28,12,16
S01013086,Couple family: No parents working,6,4,2
S01013086,Lone parent family: Total,18,15,3
S01013086,Lone parent family: Parent working,15,13,2
S01013086,Lone parent family: Parent not working,3,2,1
S01013087,All parents aged 16 and over with dependent children,181,72,109
S01013087,Couple family: Total,170,66,104
S01013087,Couple family: Both parents working,108,40,68
S01013087,Couple family: One parent working,50,20,30
S01013087,Couple family: No parents working,12,6,6
S01013087,Lone parent family: Total,11,6,5
S01013087,Lone parent family: Parent working,5,2,3
S01013087,Lone parent family: Parent not working,6,4,2
S01013088,All parents aged 16 and over with dependent children,193,77,116
S01013088,Couple family: Total,186,74,112
S01013088,Couple family: Both parents working,140,58,82
S01013088,Couple family: One parent working,42,12,30
S01013088,Couple family: No parents working,4,4,0
S01013088,Lone parent family: Total,7,3,4
S01013088,Lone parent family: Parent working,7,3,4
S01013088,Lone parent family: Parent not working,0,0,0
S01013089,All parents aged 16 and over with dependent children,125,45,80
S01013089,Couple family: Total,106,38,68
S01013089,Couple family: Both parents working,74,24,50
S01013089,Couple family: One parent working,24,12,12
S01013089,Couple family: No parents working,8,2,6
S01013089,Lone parent family: Total,19,7,12
S01013089,Lone parent family: Parent working,11,6,5
S01013089,Lone parent family: Parent not working,8,1,7
S01013090,All parents aged 16 and over with dependent children,115,40,75
S01013090,Couple family: Total,104,34,70
S01013090,Couple family: Both parents working,82,28,54
S01013090,Couple family: One parent working,20,4,16
S01013090,Couple family: No parents working,2,2,0
S01013090,Lone parent family: Total,11,6,5
S01013090,Lone parent family: Parent working,7,5,2
S01013090,Lone parent family: Parent not working,4,1,3
S01013091,All parents aged 16 and over with dependent children,44,33,11
S01013091,Couple family: Total,32,24,8
S01013091,Couple family: Both parents working,16,12,4
S01013091,Couple family: One parent working,14,10,4
S01013091,Couple family: No parents working,2,2,0
S01013091,Lone parent family: Total,12,9,3
S01013091,Lone parent family: Parent working,5,4,1
S01013091,Lone parent family: Parent not working,7,5,2
S01013092,All parents aged 16 and over with dependent children,176,86,90
S01013092,Couple family: Total,142,68,74
S01013092,Couple family: Both parents working,90,44,46
S01013092,Couple family: One parent working,44,22,22
S01013092,Couple family: No parents working,8,2,6
S01013092,Lone parent family: Total,34,18,16
S01013092,Lone parent family: Parent working,19,13,6
S01013092,Lone parent family: Parent not working,15,5,10
S01013093,All parents aged 16 and over with dependent children,72,26,46
S01013093,Couple family: Total,64,24,40
S01013093,Couple family: Both parents working,56,22,34
S01013093,Couple family: One parent working,6,0,6
S01013093,Couple family: No parents working,2,2,0
S01013093,Lone parent family: Total,8,2,6
S01013093,Lone parent family: Parent working,8,2,6
S01013093,Lone parent family: Parent not working,0,0,0
S01013094,All parents aged 16 and over with dependent children,150,50,100
S01013094,Couple family: Total,142,44,98
S01013094,Couple family: Both parents working,114,40,74
S01013094,Couple family: One parent working,26,4,22
S01013094,Couple family: No parents working,2,0,2
S01013094,Lone parent family: Total,8,6,2
S01013094,Lone parent family: Parent working,7,5,2
S01013094,Lone parent family: Parent not working,1,1,0
S01013095,All parents aged 16 and over with dependent children,291,73,218
S01013095,Couple family: Total,282,68,214
S01013095,Couple family: Both parents working,206,54,152
S01013095,Couple family: One parent working,74,14,60
S01013095,Couple family: No parents working,2,0,2
S01013095,Lone parent family: Total,9,5,4
S01013095,Lone parent family: Parent working,8,4,4
S01013095,Lone parent family: Parent not working,1,1,0
S01013096,All parents aged 16 and over with dependent children,102,42,60
S01013096,Couple family: Total,82,34,48
S01013096,Couple family: Both parents working,56,26,30
S01013096,Couple family: One parent working,26,8,18
S01013096,Couple family: No parents working,0,0,0
S01013096,Lone parent family: Total,20,8,12
S01013096,Lone parent family: Parent working,16,5,11
S01013096,Lone parent family: Parent not working,4,3,1
S01013097,All parents aged 16 and over with dependent children,148,56,92
S01013097,Couple family: Total,140,50,90
S01013097,Couple family: Both parents working,104,38,66
S01013097,Couple family: One parent working,34,12,22
S01013097,Couple family: No parents working,2,0,2
S01013097,Lone parent family: Total,8,6,2
S01013097,Lone parent family: Parent working,6,4,2
S01013097,Lone parent family: Parent not working,2,2,0
S01013098,All parents aged 16 and over with dependent children,298,59,239
S01013098,Couple family: Total,294,58,236
S01013098,Couple family: Both parents working,204,46,158
S01013098,Couple family: One parent working,88,12,76
S01013098,Couple family: No parents working,2,0,2
S01013098,Lone parent family: Total,4,1,3
S01013098,Lone parent family: Parent working,4,1,3
S01013098,Lone parent family: Parent not working,0,0,0
S01013099,All parents aged 16 and over with dependent children,146,63,83
S01013099,Couple family: Total,128,54,74
S01013099,Couple family: Both parents working,94,46,48
S01013099,Couple family: One parent working,34,8,26
S01013099,Couple family: No parents working,0,0,0
S01013099,Lone parent family: Total,18,9,9
S01013099,Lone parent family: Parent working,11,5,6
S01013099,Lone parent family: Parent not working,7,4,3
S01013100,All parents aged 16 and over with dependent children,136,40,96
S01013100,Couple family: Total,132,40,92
S01013100,Couple family: Both parents working,88,24,64
S01013100,Couple family: One parent working,36,8,28
S01013100,Couple family: No parents working,8,8,0
S01013100,Lone parent family: Total,4,0,4
S01013100,Lone parent family: Parent working,3,0,3
S01013100,Lone parent family: Parent not working,1,0,1
S01013101,All parents aged 16 and over with dependent children,182,93,89
S01013101,Couple family: Total,142,68,74
S01013101,Couple family: Both parents working,102,54,48
S01013101,Couple family: One parent working,34,12,22
S01013101,Couple family: No parents working,6,2,4
S01013101,Lone parent family: Total,40,25,15
S01013101,Lone parent family: Parent working,22,16,6
S01013101,Lone parent family: Parent not working,18,9,9
S01013102,All parents aged 16 and over with dependent children,113,39,74
S01013102,Couple family: Total,104,34,70
S01013102,Couple family: Both parents working,90,30,60
S01013102,Couple family: One parent working,14,4,10
S01013102,Couple family: No parents working,0,0,0
S01013102,Lone parent family: Total,9,5,4
S01013102,Lone parent family: Parent working,8,4,4
S01013102,Lone parent family: Parent not working,1,1,0
S01013103,All parents aged 16 and over with dependent children,276,90,186
S01013103,Couple family: Total,260,84,176
S01013103,Couple family: Both parents working,212,78,134
S01013103,Couple family: One parent working,46,4,42
S01013103,Couple family: No parents working,2,2,0
S01013103,Lone parent family: Total,16,6,10
S01013103,Lone parent family: Parent working,14,5,9
S01013103,Lone parent family: Parent not working,2,1,1
S01013104,All parents aged 16 and over with dependent children,206,60,146
S01013104,Couple family: Total,188,52,136
S01013104,Couple family: Both parents working,138,36,102
S01013104,Couple family: One parent working,44,12,32
S01013104,Couple family: No parents working,6,4,2
S01013104,Lone parent family: Total,18,8,10
S01013104,Lone parent family: Parent working,18,8,10
S01013104,Lone parent family: Parent not working,0,0,0
S01013105,All parents aged 16 and over with dependent children,203,73,130
S01013105,Couple family: Total,194,68,126
S01013105,Couple family: Both parents working,154,52,102
S01013105,Couple family: One parent working,38,14,24
S01013105,Couple family: No parents working,2,2,0
S01013105,Lone parent family: Total,9,5,4
S01013105,Lone parent family: Parent working,9,5,4
S01013105,Lone parent family: Parent not working,0,0,0
S01013106,All parents aged 16 and over with dependent children,172,62,110
S01013106,Couple family: Total,144,44,100
S01013106,Couple family: Both parents working,118,34,84
S01013106,Couple family: One parent working,26,10,16
S01013106,Couple family: No parents working,0,0,0
S01013106,Lone parent family: Total,28,18,10
S01013106,Lone parent family: Parent working,22,13,9
S01013106,Lone parent family: Parent not working,6,5,1
S01013107,All parents aged 16 and over with dependent children,122,36,86
S01013107,Couple family: Total,116,34,82
S01013107,Couple family: Both parents working,90,26,64
S01013107,Couple family: One parent working,22,8,14
S01013107,Couple family: No parents working,4,0,4
S01013107,Lone parent family: Total,6,2,4
S01013107,Lone parent family: Parent working,5,2,3
S01013107,Lone parent family: Parent not working,1,0,1
S01013108,All parents aged 16 and over with dependent children,124,47,77
S01013108,Couple family: Total,110,38,72
S01013108,Couple family: Both parents working,54,16,38
S01013108,Couple family: One parent working,50,20,30
S01013108,Couple family: No parents working,6,2,4
S01013108,Lone parent family: Total,14,9,5
S01013108,Lone parent family: Parent working,9,6,3
S01013108,Lone parent family: Parent not working,5,3,2
S01013109,All parents aged 16 and over with dependent children,232,81,151
S01013109,Couple family: Total,212,70,142
S01013109,Couple family: Both parents working,170,54,116
S01013109,Couple family: One parent working,40,14,26
S01013109,Couple family: No parents working,2,2,0
S01013109,Lone parent family: Total,20,11,9
S01013109,Lone parent family: Parent working,15,8,7
S01013109,Lone parent family: Parent not working,5,3,2
S01013110,All parents aged 16 and over with dependent children,123,44,79
S01013110,Couple family: Total,112,38,74
S01013110,Couple family: Both parents working,76,30,46
S01013110,Couple family: One parent working,34,8,26
S01013110,Couple family: No parents working,2,0,2
S01013110,Lone parent family: Total,11,6,5
S01013110,Lone parent family: Parent working,7,4,3
S01013110,Lone parent family: Parent not working,4,2,2
S01013111,All parents aged 16 and over with dependent children,113,51,62
S01013111,Couple family: Total,106,46,60
S01013111,Couple family: Both parents working,82,32,50
S01013111,Couple family: One parent working,22,12,10
S01013111,Couple family: No parents working,2,2,0
S01013111,Lone parent family: Total,7,5,2
S01013111,Lone parent family: Parent working,6,5,1
S01013111,Lone parent family: Parent not working,1,0,1
S01013112,All parents aged 16 and over with dependent children,186,82,104
S01013112,Couple family: Total,158,62,96
S01013112,Couple family: Both parents working,110,46,64
S01013112,Couple family: One parent working,44,12,32
S01013112,Couple family: No parents working,4,4,0
S01013112,Lone parent family: Total,28,20,8
S01013112,Lone parent family: Parent working,20,12,8
S01013112,Lone parent family: Parent not working,8,8,0
S01013113,All parents aged 16 and over with dependent children,147,50,97
S01013113,Couple family: Total,124,34,90
S01013113,Couple family: Both parents working,102,30,72
S01013113,Couple family: One parent working,20,4,16
S01013113,Couple family: No parents working,2,0,2
S01013113,Lone parent family: Total,23,16,7
S01013113,Lone parent family: Parent working,12,8,4
S01013113,Lone parent family: Parent not working,11,8,3
S01013114,All parents aged 16 and over with dependent children,164,65,99
S01013114,Couple family: Total,154,58,96
S01013114,Couple family: Both parents working,110,38,72
S01013114,Couple family: One parent working,38,16,22
S01013114,Couple family: No parents working,6,4,2
S01013114,Lone parent family: Total,10,7,3
S01013114,Lone parent family: Parent working,7,4,3
S01013114,Lone parent family: Parent not working,3,3,0
S01013115,All parents aged 16 and over with dependent children,70,39,31
S01013115,Couple family: Total,60,32,28
S01013115,Couple family: Both parents working,44,24,20
S01013115,Couple family: One parent working,14,8,6
S01013115,Couple family: No parents working,2,0,2
S01013115,Lone parent family: Total,10,7,3
S01013115,Lone parent family: Parent working,9,6,3
S01013115,Lone parent family: Parent not working,1,1,0
S01013116,All parents aged 16 and over with dependent children,119,64,55
S01013116,Couple family: Total,114,60,54
S01013116,Couple family: Both parents working,98,50,48
S01013116,Couple family: One parent working,14,8,6
S01013116,Couple family: No parents working,2,2,0
S01013116,Lone parent family: Total,5,4,1
S01013116,Lone parent family: Parent working,4,3,1
S01013116,Lone parent family: Parent not working,1,1,0
S01013117,All parents aged 16 and over with dependent children,144,65,79
S01013117,Couple family: Total,118,48,70
S01013117,Couple family: Both parents working,102,40,62
S01013117,Couple family: One parent working,10,2,8
S01013117,Couple family: No parents working,6,6,0
S01013117,Lone parent family: Total,26,17,9
S01013117,Lone parent family: Parent working,17,11,6
S01013117,Lone parent family: Parent not working,9,6,3
S01013118,All parents aged 16 and over with dependent children,78,33,45
S01013118,Couple family: Total,72,30,42
S01013118,Couple family: Both parents working,50,24,26
S01013118,Couple family: One parent working,20,4,16
S01013118,Couple family: No parents working,2,2,0
S01013118,Lone parent family: Total,6,3,3
S01013118,Lone parent family: Parent working,4,3,1
S01013118,Lone parent family: Parent not working,2,0,2
S01013119,All parents aged 16 and over with dependent children,125,56,69
S01013119,Couple family: Total,108,48,60
S01013119,Couple family: Both parents working,76,36,40
S01013119,Couple family: One parent working,26,8,18
S01013119,Couple family: No parents working,6,4,2
S01013119,Lone parent family: Total,17,8,9
S01013119,Lone parent family: Parent working,13,4,9
S01013119,Lone parent family: Parent not working,4,4,0
S01013120,All parents aged 16 and over with dependent children,161,66,95
S01013120,Couple family: Total,138,52,86
S01013120,Couple family: Both parents working,108,40,68
S01013120,Couple family: One parent working,24,8,16
S01013120,Couple family: No parents working,6,4,2
S01013120,Lone parent family: Total,23,14,9
S01013120,Lone parent family: Parent working,20,14,6
S01013120,Lone parent family: Parent not working,3,0,3
S01013121,All parents aged 16 and over with dependent children,77,35,42
S01013121,Couple family: Total,70,30,40
S01013121,Couple family: Both parents working,46,16,30
S01013121,Couple family: One parent working,16,10,6
S01013121,Couple family: No parents working,8,4,4
S01013121,Lone parent family: Total,7,5,2
S01013121,Lone parent family: Parent working,6,4,2
S01013121,Lone parent family: Parent not working,1,1,0
S01013122,All parents aged 16 and over with dependent children,110,55,55
S01013122,Couple family: Total,78,34,44
S01013122,Couple family: Both parents working,42,24,18
S01013122,Couple family: One parent working,26,6,20
S01013122,Couple family: No parents working,10,4,6
S01013122,Lone parent family: Total,32,21,11
S01013122,Lone parent family: Parent working,15,12,3
S01013122,Lone parent family: Parent not working,17,9,8
S01013123,All parents aged 16 and over with dependent children,169,105,64
S01013123,Couple family: Total,108,62,46
S01013123,Couple family: Both parents working,82,44,38
S01013123,Couple family: One parent working,20,16,4
S01013123,Couple family: No parents working,6,2,4
S01013123,Lone parent family: Total,61,43,18
S01013123,Lone parent family: Parent working,25,17,8
S01013123,Lone parent family: Parent not working,36,26,10
S01013124,All parents aged 16 and over with dependent children,158,79,79
S01013124,Couple family: Total,130,58,72
S01013124,Couple family: Both parents working,100,44,56
S01013124,Couple family: One parent working,24,12,12
S01013124,Couple family: No parents working,6,2,4
S01013124,Lone parent family: Total,28,21,7
S01013124,Lone parent family: Parent working,22,16,6
S01013124,Lone parent family: Parent not working,6,5,1
S01013125,All parents aged 16 and over with dependent children,140,87,53
S01013125,Couple family: Total,112,68,44
S01013125,Couple family: Both parents working,72,52,20
S01013125,Couple family: One parent working,28,12,16
S01013125,Couple family: No parents working,12,4,8
S01013125,Lone parent family: Total,28,19,9
S01013125,Lone parent family: Parent working,17,12,5
S01013125,Lone parent family: Parent not working,11,7,4
S01013126,All parents aged 16 and over with dependent children,166,92,74
S01013126,Couple family: Total,90,50,40
S01013126,Couple family: Both parents working,50,28,22
S01013126,Couple family: One parent working,28,16,12
S01013126,Couple family: No parents working,12,6,6
S01013126,Lone parent family: Total,76,42,34
S01013126,Lone parent family: Parent working,37,23,14
S01013126,Lone parent family: Parent not working,39,19,20
S01013127,All parents aged 16 and over with dependent children,176,85,91
S01013127,Couple family: Total,86,34,52
S01013127,Couple family: Both parents working,34,14,20
S01013127,Couple family: One parent working,36,10,26
S01013127,Couple family: No parents working,16,10,6
S01013127,Lone parent family: Total,90,51,39
S01013127,Lone parent family: Parent working,35,22,13
S01013127,Lone parent family: Parent not working,55,29,26
S01013128,All parents aged 16 and over with dependent children,70,60,10
S01013128,Couple family: Total,28,24,4
S01013128,Couple family: Both parents working,18,14,4
S01013128,Couple family: One parent working,8,8,0
S01013128,Couple family: No parents working,2,2,0
S01013128,Lone parent family: Total,42,36,6
S01013128,Lone parent family: Parent working,18,17,1
S01013128,Lone parent family: Parent not working,24,19,5
S01013129,All parents aged 16 and over with dependent children,208,99,109
S01013129,Couple family: Total,150,66,84
S01013129,Couple family: Both parents working,104,48,56
S01013129,Couple family: One parent working,30,10,20
S01013129,Couple family: No parents working,16,8,8
S01013129,Lone parent family: Total,58,33,25
S01013129,Lone parent family: Parent working,23,16,7
S01013129,Lone parent family: Parent not working,35,17,18
S01013130,All parents aged 16 and over with dependent children,161,84,77
S01013130,Couple family: Total,90,38,52
S01013130,Couple family: Both parents working,46,24,22
S01013130,Couple family: One parent working,28,10,18
S01013130,Couple family: No parents working,16,4,12
S01013130,Lone parent family: Total,71,46,25
S01013130,Lone parent family: Parent working,28,17,11
S01013130,Lone parent family: Parent not working,43,29,14
S01013131,All parents aged 16 and over with dependent children,162,88,74
S01013131,Couple family: Total,110,54,56
S01013131,Couple family: Both parents working,82,52,30
S01013131,Couple family: One parent working,24,2,22
S01013131,Couple family: No parents working,4,0,4
S01013131,Lone parent family: Total,52,34,18
S01013131,Lone parent family: Parent working,32,22,10
S01013131,Lone parent family: Parent not working,20,12,8
S01013132,All parents aged 16 and over with dependent children,110,65,45
S01013132,Couple family: Total,58,34,24
S01013132,Couple family: Both parents working,44,28,16
S01013132,Couple family: One parent working,8,2,6
S01013132,Couple family: No parents working,6,4,2
S01013132,Lone parent family: Total,52,31,21
S01013132,Lone parent family: Parent working,23,14,9
S01013132,Lone parent family: Parent not working,29,17,12
S01013133,All parents aged 16 and over with dependent children,133,74,59
S01013133,Couple family: Total,92,42,50
S01013133,Couple family: Both parents working,70,34,36
S01013133,Couple family: One parent working,18,8,10
S01013133,Couple family: No parents working,4,0,4
S01013133,Lone parent family: Total,41,32,9
S01013133,Lone parent family: Parent working,20,12,8
S01013133,Lone parent family: Parent not working,21,20,1
S01013134,All parents aged 16 and over with dependent children,186,83,103
S01013134,Couple family: Total,148,64,84
S01013134,Couple family: Both parents working,110,50,60
S01013134,Couple family: One parent working,34,12,22
S01013134,Couple family: No parents working,4,2,2
S01013134,Lone parent family: Total,38,19,19
S01013134,Lone parent family: Parent working,24,14,10
S01013134,Lone parent family: Parent not working,14,5,9
S01013135,All parents aged 16 and over with dependent children,165,86,79
S01013135,Couple family: Total,100,54,46
S01013135,Couple family: Both parents working,52,32,20
S01013135,Couple family: One parent working,34,16,18
S01013135,Couple family: No parents working,14,6,8
S01013135,Lone parent family: Total,65,32,33
S01013135,Lone parent family: Parent working,33,18,15
S01013135,Lone parent family: Parent not working,32,14,18
S01013136,All parents aged 16 and over with dependent children,167,89,78
S01013136,Couple family: Total,138,70,68
S01013136,Couple family: Both parents working,108,54,54
S01013136,Couple family: One parent working,16,8,8
S01013136,Couple family: No parents working,14,8,6
S01013136,Lone parent family: Total,29,19,10
S01013136,Lone parent family: Parent working,14,10,4
S01013136,Lone parent family: Parent not working,15,9,6
S01013137,All parents aged 16 and over with dependent children,140,65,75
S01013137,Couple family: Total,110,46,64
S01013137,Couple family: Both parents working,64,30,34
S01013137,Couple family: One parent working,30,12,18
S01013137,Couple family: No parents working,16,4,12
S01013137,Lone parent family: Total,30,19,11
S01013137,Lone parent family: Parent working,19,12,7
S01013137,Lone parent family: Parent not working,11,7,4
S01013138,All parents aged 16 and over with dependent children,165,82,83
S01013138,Couple family: Total,82,34,48
S01013138,Couple family: Both parents working,34,20,14
S01013138,Couple family: One parent working,38,8,30
S01013138,Couple family: No parents working,10,6,4
S01013138,Lone parent family: Total,83,48,35
S01013138,Lone parent family: Parent working,36,27,9
S01013138,Lone parent family: Parent not working,47,21,26
S01013139,All parents aged 16 and over with dependent children,148,61,87
S01013139,Couple family: Total,94,34,60
S01013139,Couple family: Both parents working,50,20,30
S01013139,Couple family: One parent working,36,10,26
S01013139,Couple family: No parents working,8,4,4
S01013139,Lone parent family: Total,54,27,27
S01013139,Lone parent family: Parent working,20,11,9
S01013139,Lone parent family: Parent not working,34,16,18
S01013140,All parents aged 16 and over with dependent children,159,81,78
S01013140,Couple family: Total,104,48,56
S01013140,Couple family: Both parents working,70,34,36
S01013140,Couple family: One parent working,20,6,14
S01013140,Couple family: No parents working,14,8,6
S01013140,Lone parent family: Total,55,33,22
S01013140,Lone parent family: Parent working,26,13,13
S01013140,Lone parent family: Parent not working,29,20,9
S01013141,All parents aged 16 and over with dependent children,109,55,54
S01013141,Couple family: Total,72,32,40
S01013141,Couple family: Both parents working,48,24,24
S01013141,Couple family: One parent working,18,6,12
S01013141,Couple family: No parents working,6,2,4
S01013141,Lone parent family: Total,37,23,14
S01013141,Lone parent family: Parent working,19,11,8
S01013141,Lone parent family: Parent not working,18,12,6
S01013142,All parents aged 16 and over with dependent children,103,62,41
S01013142,Couple family: Total,42,26,16
S01013142,Couple family: Both parents working,20,14,6
S01013142,Couple family: One parent working,18,10,8
S01013142,Couple family: No parents working,4,2,2
S01013142,Lone parent family: Total,61,36,25
S01013142,Lone parent family: Parent working,26,18,8
S01013142,Lone parent family: Parent not working,35,18,17
S01013143,All parents aged 16 and over with dependent children,154,83,71
S01013143,Couple family: Total,108,46,62
S01013143,Couple family: Both parents working,80,36,44
S01013143,Couple family: One parent working,20,4,16
S01013143,Couple family: No parents working,8,6,2
S01013143,Lone parent family: Total,46,37,9
S01013143,Lone parent family: Parent working,28,26,2
S01013143,Lone parent family: Parent not working,18,11,7
S01013144,All parents aged 16 and over with dependent children,149,94,55
S01013144,Couple family: Total,114,68,46
S01013144,Couple family: Both parents working,86,52,34
S01013144,Couple family: One parent working,22,12,10
S01013144,Couple family: No parents working,6,4,2
S01013144,Lone parent family: Total,35,26,9
S01013144,Lone parent family: Parent working,18,14,4
S01013144,Lone parent family: Parent not working,17,12,5
S01013145,All parents aged 16 and over with dependent children,108,48,60
S01013145,Couple family: Total,82,32,50
S01013145,Couple family: Both parents working,52,24,28
S01013145,Couple family: One parent working,26,8,18
S01013145,Couple family: No parents working,4,0,4
S01013145,Lone parent family: Total,26,16,10
S01013145,Lone parent family: Parent working,12,8,4
S01013145,Lone parent family: Parent not working,14,8,6
S01013146,All parents aged 16 and over with dependent children,99,45,54
S01013146,Couple family: Total,84,32,52
S01013146,Couple family: Both parents working,58,28,30
S01013146,Couple family: One parent working,22,4,18
S01013146,Couple family: No parents working,4,0,4
S01013146,Lone parent family: Total,15,13,2
S01013146,Lone parent family: Parent working,9,8,1
S01013146,Lone parent family: Parent not working,6,5,1
S01013147,All parents aged 16 and over with dependent children,170,85,85
S01013147,Couple family: Total,140,62,78
S01013147,Couple family: Both parents working,114,48,66
S01013147,Couple family: One parent working,24,14,10
S01013147,Couple family: No parents working,2,0,2
S01013147,Lone parent family: Total,30,23,7
S01013147,Lone parent family: Parent working,14,10,4
S01013147,Lone parent family: Parent not working,16,13,3
S01013148,All parents aged 16 and over with dependent children,134,79,55
S01013148,Couple family: Total,110,60,50
S01013148,Couple family: Both parents working,88,48,40
S01013148,Couple family: One parent working,20,10,10
S01013148,Couple family: No parents working,2,2,0
S01013148,Lone parent family: Total,24,19,5
S01013148,Lone parent family: Parent working,18,16,2
S01013148,Lone parent family: Parent not working,6,3,3
S01013149,All parents aged 16 and over with dependent children,165,104,61
S01013149,Couple family: Total,118,70,48
S01013149,Couple family: Both parents working,94,60,34
S01013149,Couple family: One parent working,20,10,10
S01013149,Couple family: No parents working,4,0,4
S01013149,Lone parent family: Total,47,34,13
S01013149,Lone parent family: Parent working,31,25,6
S01013149,Lone parent family: Parent not working,16,9,7
S01013150,All parents aged 16 and over with dependent children,137,68,69
S01013150,Couple family: Total,96,44,52
S01013150,Couple family: Both parents working,82,38,44
S01013150,Couple family: One parent working,12,4,8
S01013150,Couple family: No parents working,2,2,0
S01013150,Lone parent family: Total,41,24,17
S01013150,Lone parent family: Parent working,29,19,10
S01013150,Lone parent family: Parent not working,12,5,7
S01013151,All parents aged 16 and over with dependent children,112,51,61
S01013151,Couple family: Total,92,36,56
S01013151,Couple family: Both parents working,84,36,48
S01013151,Couple family: One parent working,4,0,4
S01013151,Couple family: No parents working,4,0,4
S01013151,Lone parent family: Total,20,15,5
S01013151,Lone parent family: Parent working,8,7,1
S01013151,Lone parent family: Parent not working,12,8,4
S01013152,All parents aged 16 and over with dependent children,190,75,115
S01013152,Couple family: Total,158,56,102
S01013152,Couple family: Both parents working,116,44,72
S01013152,Couple family: One parent working,38,8,30
S01013152,Couple family: No parents working,4,4,0
S01013152,Lone parent family: Total,32,19,13
S01013152,Lone parent family: Parent working,20,12,8
S01013152,Lone parent family: Parent not working,12,7,5
S01013153,All parents aged 16 and over with dependent children,211,106,105
S01013153,Couple family: Total,132,58,74
S01013153,Couple family: Both parents working,52,24,28
S01013153,Couple family: One parent working,62,22,40
S01013153,Couple family: No parents working,18,12,6
S01013153,Lone parent family: Total,79,48,31
S01013153,Lone parent family: Parent working,34,22,12
S01013153,Lone parent family: Parent not working,45,26,19
S01013154,All parents aged 16 and over with dependent children,196,116,80
S01013154,Couple family: Total,108,56,52
S01013154,Couple family: Both parents working,80,46,34
S01013154,Couple family: One parent working,22,8,14
S01013154,Couple family: No parents working,6,2,4
S01013154,Lone parent family: Total,88,60,28
S01013154,Lone parent family: Parent working,52,40,12
S01013154,Lone parent family: Parent not working,36,20,16
S01013155,All parents aged 16 and over with dependent children,226,124,102
S01013155,Couple family: Total,122,66,56
S01013155,Couple family: Both parents working,66,42,24
S01013155,Couple family: One parent working,40,18,22
S01013155,Couple family: No parents working,16,6,10
S01013155,Lone parent family: Total,104,58,46
S01013155,Lone parent family: Parent working,43,26,17
S01013155,Lone parent family: Parent not working,61,32,29
S01013156,All parents aged 16 and over with dependent children,197,92,105
S01013156,Couple family: Total,106,46,60
S01013156,Couple family: Both parents working,68,34,34
S01013156,Couple family: One parent working,28,8,20
S01013156,Couple family: No parents working,10,4,6
S01013156,Lone parent family: Total,91,46,45
S01013156,Lone parent family: Parent working,38,22,16
S01013156,Lone parent family: Parent not working,53,24,29
S01013157,All parents aged 16 and over with dependent children,227,107,120
S01013157,Couple family: Total,142,58,84
S01013157,Couple family: Both parents working,70,32,38
S01013157,Couple family: One parent working,48,18,30
S01013157,Couple family: No parents working,24,8,16
S01013157,Lone parent family: Total,85,49,36
S01013157,Lone parent family: Parent working,36,24,12
S01013157,Lone parent family: Parent not working,49,25,24
S01013158,All parents aged 16 and over with dependent children,124,42,82
S01013158,Couple family: Total,114,38,76
S01013158,Couple family: Both parents working,98,32,66
S01013158,Couple family: One parent working,14,4,10
S01013158,Couple family: No parents working,2,2,0
S01013158,Lone parent family: Total,10,4,6
S01013158,Lone parent family: Parent working,7,1,6
S01013158,Lone parent family: Parent not working,3,3,0
S01013159,All parents aged 16 and over with dependent children,125,67,58
S01013159,Couple family: Total,108,56,52
S01013159,Couple family: Both parents working,92,50,42
S01013159,Couple family: One parent working,14,6,8
S01013159,Couple family: No parents working,2,0,2
S01013159,Lone parent family: Total,17,11,6
S01013159,Lone parent family: Parent working,10,9,1
S01013159,Lone parent family: Parent not working,7,2,5
S01013160,All parents aged 16 and over with dependent children,177,70,107
S01013160,Couple family: Total,162,62,100
S01013160,Couple family: Both parents working,128,50,78
S01013160,Couple family: One parent working,34,12,22
S01013160,Couple family: No parents working,0,0,0
S01013160,Lone parent family: Total,15,8,7
S01013160,Lone parent family: Parent working,8,6,2
S01013160,Lone parent family: Parent not working,7,2,5
S01013161,All parents aged 16 and over with dependent children,216,125,91
S01013161,Couple family: Total,170,92,78
S01013161,Couple family: Both parents working,138,82,56
S01013161,Couple family: One parent working,22,6,16
S01013161,Couple family: No parents working,10,4,6
S01013161,Lone parent family: Total,46,33,13
S01013161,Lone parent family: Parent working,26,19,7
S01013161,Lone parent family: Parent not working,20,14,6
S01013162,All parents aged 16 and over with dependent children,118,53,65
S01013162,Couple family: Total,86,34,52
S01013162,Couple family: Both parents working,70,34,36
S01013162,Couple family: One parent working,16,0,16
S01013162,Couple family: No parents working,0,0,0
S01013162,Lone parent family: Total,32,19,13
S01013162,Lone parent family: Parent working,14,10,4
S01013162,Lone parent family: Parent not working,18,9,9
S01013163,All parents aged 16 and over with dependent children,162,86,76
S01013163,Couple family: Total,142,78,64
S01013163,Couple family: Both parents working,114,66,48
S01013163,Couple family: One parent working,24,10,14
S01013163,Couple family: No parents working,4,2,2
S01013163,Lone parent family: Total,20,8,12
S01013163,Lone parent family: Parent working,11,6,5
S01013163,Lone parent family: Parent not working,9,2,7
S01013164,All parents aged 16 and over with dependent children,210,69,141
S01013164,Couple family: Total,170,54,116
S01013164,Couple family: Both parents working,126,40,86
S01013164,Couple family: One parent working,34,12,22
S01013164,Couple family: No parents working,10,2,8
S01013164,Lone parent family: Total,40,15,25
S01013164,Lone parent family: Parent working,19,9,10
S01013164,Lone parent family: Parent not working,21,6,15
S01013165,All parents aged 16 and over with dependent children,164,76,88
S01013165,Couple family: Total,134,58,76
S01013165,Couple family: Both parents working,108,40,68
S01013165,Couple family: One parent working,22,16,6
S01013165,Couple family: No parents working,4,2,2
S01013165,Lone parent family: Total,30,18,12
S01013165,Lone parent family: Parent working,17,11,6
S01013165,Lone parent family: Parent not working,13,7,6
S01013166,All parents aged 16 and over with dependent children,108,62,46
S01013166,Couple family: Total,54,28,26
S01013166,Couple family: Both parents working,22,14,8
S01013166,Couple family: One parent working,20,8,12
S01013166,Couple family: No parents working,12,6,6
S01013166,Lone parent family: Total,54,34,20
S01013166,Lone parent family: Parent working,22,14,8
S01013166,Lone parent family: Parent not working,32,20,12
S01013167,All parents aged 16 and over with dependent children,131,81,50
S01013167,Couple family: Total,78,46,32
S01013167,Couple family: Both parents working,46,30,16
S01013167,Couple family: One parent working,20,12,8
S01013167,Couple family: No parents working,12,4,8
S01013167,Lone parent family: Total,53,35,18
S01013167,Lone parent family: Parent working,14,7,7
S01013167,Lone parent family: Parent not working,39,28,11
S01013168,All parents aged 16 and over with dependent children,153,70,83
S01013168,Couple family: Total,100,52,48
S01013168,Couple family: Both parents working,66,36,30
S01013168,Couple family: One parent working,18,8,10
S01013168,Couple family: No parents working,16,8,8
S01013168,Lone parent family: Total,53,18,35
S01013168,Lone parent family: Parent working,19,9,10
S01013168,Lone parent family: Parent not working,34,9,25
S01013169,All parents aged 16 and over with dependent children,144,72,72
S01013169,Couple family: Total,110,54,56
S01013169,Couple family: Both parents working,78,38,40
S01013169,Couple family: One parent working,24,14,10
S01013169,Couple family: No parents working,8,2,6
S01013169,Lone parent family: Total,34,18,16
S01013169,Lone parent family: Parent working,14,11,3
S01013169,Lone parent family: Parent not working,20,7,13
S01013170,All parents aged 16 and over with dependent children,91,39,52
S01013170,Couple family: Total,58,14,44
S01013170,Couple family: Both parents working,32,6,26
S01013170,Couple family: One parent working,22,8,14
S01013170,Couple family: No parents working,4,0,4
S01013170,Lone parent family: Total,33,25,8
S01013170,Lone parent family: Parent working,13,12,1
S01013170,Lone parent family: Parent not working,20,13,7
S01013171,All parents aged 16 and over with dependent children,184,75,109
S01013171,Couple family: Total,160,62,98
S01013171,Couple family: Both parents working,136,50,86
S01013171,Couple family: One parent working,20,10,10
S01013171,Couple family: No parents working,4,2,2
S01013171,Lone parent family: Total,24,13,11
S01013171,Lone parent family: Parent working,11,5,6
S01013171,Lone parent family: Parent not working,13,8,5
S01013172,All parents aged 16 and over with dependent children,149,73,76
S01013172,Couple family: Total,122,58,64
S01013172,Couple family: Both parents working,90,44,46
S01013172,Couple family: One parent working,20,8,12
S01013172,Couple family: No parents working,12,6,6
S01013172,Lone parent family: Total,27,15,12
S01013172,Lone parent family: Parent working,18,10,8
S01013172,Lone parent family: Parent not working,9,5,4
S01013173,All parents aged 16 and over with dependent children,182,93,89
S01013173,Couple family: Total,154,74,80
S01013173,Couple family: Both parents working,138,68,70
S01013173,Couple family: One parent working,14,6,8
S01013173,Couple family: No parents working,2,0,2
S01013173,Lone parent family: Total,28,19,9
S01013173,Lone parent family: Parent working,16,12,4
S01013173,Lone parent family: Parent not working,12,7,5
S01013174,All parents aged 16 and over with dependent children,211,75,136
S01013174,Couple family: Total,198,66,132
S01013174,Couple family: Both parents working,170,56,114
S01013174,Couple family: One parent working,28,10,18
S01013174,Couple family: No parents working,0,0,0
S01013174,Lone parent family: Total,13,9,4
S01013174,Lone parent family: Parent working,11,8,3
S01013174,Lone parent family: Parent not working,2,1,1
S01013175,All parents aged 16 and over with dependent children,240,110,130
S01013175,Couple family: Total,210,100,110
S01013175,Couple family: Both parents working,172,82,90
S01013175,Couple family: One parent working,36,18,18
S01013175,Couple family: No parents working,2,0,2
S01013175,Lone parent family: Total,30,10,20
S01013175,Lone parent family: Parent working,18,5,13
S01013175,Lone parent family: Parent not working,12,5,7
S01013176,All parents aged 16 and over with dependent children,101,59,42
S01013176,Couple family: Total,82,46,36
S01013176,Couple family: Both parents working,62,38,24
S01013176,Couple family: One parent working,18,8,10
S01013176,Couple family: No parents working,2,0,2
S01013176,Lone parent family: Total,19,13,6
S01013176,Lone parent family: Parent working,13,9,4
S01013176,Lone parent family: Parent not working,6,4,2
S01013177,All parents aged 16 and over with dependent children,118,57,61
S01013177,Couple family: Total,108,52,56
S01013177,Couple family: Both parents working,98,46,52
S01013177,Couple family: One parent working,8,4,4
S01013177,Couple family: No parents working,2,2,0
S01013177,Lone parent family: Total,10,5,5
S01013177,Lone parent family: Parent working,9,5,4
S01013177,Lone parent family: Parent not working,1,0,1
S01013178,All parents aged 16 and over with dependent children,122,64,58
S01013178,Couple family: Total,106,52,54
S01013178,Couple family: Both parents working,88,40,48
S01013178,Couple family: One parent working,16,10,6
S01013178,Couple family: No parents working,2,2,0
S01013178,Lone parent family: Total,16,12,4
S01013178,Lone parent family: Parent working,9,8,1
S01013178,Lone parent family: Parent not working,7,4,3
S01013179,All parents aged 16 and over with dependent children,108,72,36
S01013179,Couple family: Total,74,52,22
S01013179,Couple family: Both parents working,54,38,16
S01013179,Couple family: One parent working,16,12,4
S01013179,Couple family: No parents working,4,2,2
S01013179,Lone parent family: Total,34,20,14
S01013179,Lone parent family: Parent working,21,9,12
S01013179,Lone parent family: Parent not working,13,11,2
S01013180,All parents aged 16 and over with dependent children,101,53,48
S01013180,Couple family: Total,88,42,46
S01013180,Couple family: Both parents working,76,34,42
S01013180,Couple family: One parent working,10,8,2
S01013180,Couple family: No parents working,2,0,2
S01013180,Lone parent family: Total,13,11,2
S01013180,Lone parent family: Parent working,9,7,2
S01013180,Lone parent family: Parent not working,4,4,0
S01013181,All parents aged 16 and over with dependent children,137,58,79
S01013181,Couple family: Total,124,50,74
S01013181,Couple family: Both parents working,100,32,68
S01013181,Couple family: One parent working,18,12,6
S01013181,Couple family: No parents working,6,6,0
S01013181,Lone parent family: Total,13,8,5
S01013181,Lone parent family: Parent working,11,7,4
S01013181,Lone parent family: Parent not working,2,1,1
S01013182,All parents aged 16 and over with dependent children,127,70,57
S01013182,Couple family: Total,92,44,48
S01013182,Couple family: Both parents working,72,36,36
S01013182,Couple family: One parent working,20,8,12
S01013182,Couple family: No parents working,0,0,0
S01013182,Lone parent family: Total,35,26,9
S01013182,Lone parent family: Parent working,19,16,3
S01013182,Lone parent family: Parent not working,16,10,6
S01013183,All parents aged 16 and over with dependent children,160,62,98
S01013183,Couple family: Total,150,56,94
S01013183,Couple family: Both parents working,120,40,80
S01013183,Couple family: One parent working,22,12,10
S01013183,Couple family: No parents working,8,4,4
S01013183,Lone parent family: Total,10,6,4
S01013183,Lone parent family: Parent working,8,4,4
S01013183,Lone parent family: Parent not working,2,2,0
S01013184,All parents aged 16 and over with dependent children,125,68,57
S01013184,Couple family: Total,64,26,38
S01013184,Couple family: Both parents working,34,20,14
S01013184,Couple family: One parent working,16,4,12
S01013184,Couple family: No parents working,14,2,12
S01013184,Lone parent family: Total,61,42,19
S01013184,Lone parent family: Parent working,25,19,6
S01013184,Lone parent family: Parent not working,36,23,13
S01013185,All parents aged 16 and over with dependent children,192,87,105
S01013185,Couple family: Total,134,54,80
S01013185,Couple family: Both parents working,100,40,60
S01013185,Couple family: One parent working,22,8,14
S01013185,Couple family: No parents working,12,6,6
S01013185,Lone parent family: Total,58,33,25
S01013185,Lone parent family: Parent working,32,19,13
S01013185,Lone parent family: Parent not working,26,14,12
S01013186,All parents aged 16 and over with dependent children,161,84,77
S01013186,Couple family: Total,106,50,56
S01013186,Couple family: Both parents working,70,36,34
S01013186,Couple family: One parent working,24,8,16
S01013186,Couple family: No parents working,12,6,6
S01013186,Lone parent family: Total,55,34,21
S01013186,Lone parent family: Parent working,25,16,9
S01013186,Lone parent family: Parent not working,30,18,12
S01013187,All parents aged 16 and over with dependent children,171,80,91
S01013187,Couple family: Total,122,52,70
S01013187,Couple family: Both parents working,88,46,42
S01013187,Couple family: One parent working,28,6,22
S01013187,Couple family: No parents working,6,0,6
S01013187,Lone parent family: Total,49,28,21
S01013187,Lone parent family: Parent working,21,14,7
S01013187,Lone parent family: Parent not working,28,14,14
S01013188,All parents aged 16 and over with dependent children,181,80,101
S01013188,Couple family: Total,146,54,92
S01013188,Couple family: Both parents working,118,46,72
S01013188,Couple family: One parent working,24,6,18
S01013188,Couple family: No parents working,4,2,2
S01013188,Lone parent family: Total,35,26,9
S01013188,Lone parent family: Parent working,25,19,6
S01013188,Lone parent family: Parent not working,10,7,3
S01013189,All parents aged 16 and over with dependent children,117,44,73
S01013189,Couple family: Total,104,32,72
S01013189,Couple family: Both parents working,88,32,56
S01013189,Couple family: One parent working,14,0,14
S01013189,Couple family: No parents working,2,0,2
S01013189,Lone parent family: Total,13,12,1
S01013189,Lone parent family: Parent working,8,7,1
S01013189,Lone parent family: Parent not working,5,5,0
S01013190,All parents aged 16 and over with dependent children,176,75,101
S01013190,Couple family: Total,150,58,92
S01013190,Couple family: Both parents working,118,42,76
S01013190,Couple family: One parent working,18,8,10
S01013190,Couple family: No parents working,14,8,6
S01013190,Lone parent family: Total,26,17,9
S01013190,Lone parent family: Parent working,21,14,7
S01013190,Lone parent family: Parent not working,5,3,2
S01013191,All parents aged 16 and over with dependent children,284,121,163
S01013191,Couple family: Total,268,114,154
S01013191,Couple family: Both parents working,224,92,132
S01013191,Couple family: One parent working,44,22,22
S01013191,Couple family: No parents working,0,0,0
S01013191,Lone parent family: Total,16,7,9
S01013191,Lone parent family: Parent working,13,5,8
S01013191,Lone parent family: Parent not working,3,2,1
S01013192,All parents aged 16 and over with dependent children,156,64,92
S01013192,Couple family: Total,126,48,78
S01013192,Couple family: Both parents working,102,40,62
S01013192,Couple family: One parent working,22,6,16
S01013192,Couple family: No parents working,2,2,0
S01013192,Lone parent family: Total,30,16,14
S01013192,Lone parent family: Parent working,24,12,12
S01013192,Lone parent family: Parent not working,6,4,2
S01013193,All parents aged 16 and over with dependent children,108,63,45
S01013193,Couple family: Total,74,38,36
S01013193,Couple family: Both parents working,66,36,30
S01013193,Couple family: One parent working,8,2,6
S01013193,Couple family: No parents working,0,0,0
S01013193,Lone parent family: Total,34,25,9
S01013193,Lone parent family: Parent working,20,15,5
S01013193,Lone parent family: Parent not working,14,10,4
S01013194,All parents aged 16 and over with dependent children,97,66,31
S01013194,Couple family: Total,68,44,24
S01013194,Couple family: Both parents working,46,30,16
S01013194,Couple family: One parent working,22,14,8
S01013194,Couple family: No parents working,0,0,0
S01013194,Lone parent family: Total,29,22,7
S01013194,Lone parent family: Parent working,20,16,4
S01013194,Lone parent family: Parent not working,9,6,3
S01013195,All parents aged 16 and over with dependent children,127,66,61
S01013195,Couple family: Total,102,48,54
S01013195,Couple family: Both parents working,88,40,48
S01013195,Couple family: One parent working,12,6,6
S01013195,Couple family: No parents working,2,2,0
S01013195,Lone parent family: Total,25,18,7
S01013195,Lone parent family: Parent working,18,13,5
S01013195,Lone parent family: Parent not working,7,5,2
S01013196,All parents aged 16 and over with dependent children,76,37,39
S01013196,Couple family: Total,60,24,36
S01013196,Couple family: Both parents working,52,20,32
S01013196,Couple family: One parent working,6,4,2
S01013196,Couple family: No parents working,2,0,2
S01013196,Lone parent family: Total,16,13,3
S01013196,Lone parent family: Parent working,14,13,1
S01013196,Lone parent family: Parent not working,2,0,2
S01013197,All parents aged 16 and over with dependent children,91,47,44
S01013197,Couple family: Total,82,42,40
S01013197,Couple family: Both parents working,70,36,34
S01013197,Couple family: One parent working,8,2,6
S01013197,Couple family: No parents working,4,4,0
S01013197,Lone parent family: Total,9,5,4
S01013197,Lone parent family: Parent working,5,4,1
S01013197,Lone parent family: Parent not working,4,1,3
S01013198,All parents aged 16 and over with dependent children,123,70,53
S01013198,Couple family: Total,86,46,40
S01013198,Couple family: Both parents working,68,36,32
S01013198,Couple family: One parent working,14,6,8
S01013198,Couple family: No parents working,4,4,0
S01013198,Lone parent family: Total,37,24,13
S01013198,Lone parent family: Parent working,24,16,8
S01013198,Lone parent family: Parent not working,13,8,5
S01013199,All parents aged 16 and over with dependent children,127,70,57
S01013199,Couple family: Total,108,58,50
S01013199,Couple family: Both parents working,82,46,36
S01013199,Couple family: One parent working,22,10,12
S01013199,Couple family: No parents working,4,2,2
S01013199,Lone parent family: Total,19,12,7
S01013199,Lone parent family: Parent working,10,8,2
S01013199,Lone parent family: Parent not working,9,4,5
S01013200,All parents aged 16 and over with dependent children,149,84,65
S01013200,Couple family: Total,106,60,46
S01013200,Couple family: Both parents working,76,40,36
S01013200,Couple family: One parent working,26,18,8
S01013200,Couple family: No parents working,4,2,2
S01013200,Lone parent family: Total,43,24,19
S01013200,Lone parent family: Parent working,21,10,11
S01013200,Lone parent family: Parent not working,22,14,8
S01013201,All parents aged 16 and over with dependent children,134,76,58
S01013201,Couple family: Total,84,44,40
S01013201,Couple family: Both parents working,50,24,26
S01013201,Couple family: One parent working,14,8,6
S01013201,Couple family: No parents working,20,12,8
S01013201,Lone parent family: Total,50,32,18
S01013201,Lone parent family: Parent working,23,16,7
S01013201,Lone parent family: Parent not working,27,16,11
S01013202,All parents aged 16 and over with dependent children,108,54,54
S01013202,Couple family: Total,62,28,34
S01013202,Couple family: Both parents working,36,16,20
S01013202,Couple family: One parent working,20,10,10
S01013202,Couple family: No parents working,6,2,4
S01013202,Lone parent family: Total,46,26,20
S01013202,Lone parent family: Parent working,17,9,8
S01013202,Lone parent family: Parent not working,29,17,12
S01013203,All parents aged 16 and over with dependent children,159,82,77
S01013203,Couple family: Total,120,52,68
S01013203,Couple family: Both parents working,90,44,46
S01013203,Couple family: One parent working,22,8,14
S01013203,Couple family: No parents working,8,0,8
S01013203,Lone parent family: Total,39,30,9
S01013203,Lone parent family: Parent working,15,12,3
S01013203,Lone parent family: Parent not working,24,18,6
S01013204,All parents aged 16 and over with dependent children,204,100,104
S01013204,Couple family: Total,178,82,96
S01013204,Couple family: Both parents working,136,60,76
S01013204,Couple family: One parent working,30,18,12
S01013204,Couple family: No parents working,12,4,8
S01013204,Lone parent family: Total,26,18,8
S01013204,Lone parent family: Parent working,14,11,3
S01013204,Lone parent family: Parent not working,12,7,5
S01013205,All parents aged 16 and over with dependent children,127,49,78
S01013205,Couple family: Total,84,32,52
S01013205,Couple family: Both parents working,52,26,26
S01013205,Couple family: One parent working,20,6,14
S01013205,Couple family: No parents working,12,0,12
S01013205,Lone parent family: Total,43,17,26
S01013205,Lone parent family: Parent working,11,7,4
S01013205,Lone parent family: Parent not working,32,10,22
S01013206,All parents aged 16 and over with dependent children,118,62,56
S01013206,Couple family: Total,72,26,46
S01013206,Couple family: Both parents working,38,16,22
S01013206,Couple family: One parent working,22,6,16
S01013206,Couple family: No parents working,12,4,8
S01013206,Lone parent family: Total,46,36,10
S01013206,Lone parent family: Parent working,22,21,1
S01013206,Lone parent family: Parent not working,24,15,9
S01013207,All parents aged 16 and over with dependent children,127,54,73
S01013207,Couple family: Total,98,42,56
S01013207,Couple family: Both parents working,68,30,38
S01013207,Couple family: One parent working,22,8,14
S01013207,Couple family: No parents working,8,4,4
S01013207,Lone parent family: Total,29,12,17
S01013207,Lone parent family: Parent working,17,6,11
S01013207,Lone parent family: Parent not working,12,6,6
S01013208,All parents aged 16 and over with dependent children,191,95,96
S01013208,Couple family: Total,132,62,70
S01013208,Couple family: Both parents working,92,46,46
S01013208,Couple family: One parent working,26,8,18
S01013208,Couple family: No parents working,14,8,6
S01013208,Lone parent family: Total,59,33,26
S01013208,Lone parent family: Parent working,25,19,6
S01013208,Lone parent family: Parent not working,34,14,20
S01013209,All parents aged 16 and over with dependent children,125,79,46
S01013209,Couple family: Total,86,50,36
S01013209,Couple family: Both parents working,70,44,26
S01013209,Couple family: One parent working,12,6,6
S01013209,Couple family: No parents working,4,0,4
S01013209,Lone parent family: Total,39,29,10
S01013209,Lone parent family: Parent working,17,13,4
S01013209,Lone parent family: Parent not working,22,16,6
S01013210,All parents aged 16 and over with dependent children,107,61,46
S01013210,Couple family: Total,96,54,42
S01013210,Couple family: Both parents working,84,50,34
S01013210,Couple family: One parent working,12,4,8
S01013210,Couple family: No parents working,0,0,0
S01013210,Lone parent family: Total,11,7,4
S01013210,Lone parent family: Parent working,4,4,0
S01013210,Lone parent family: Parent not working,7,3,4
S01013211,All parents aged 16 and over with dependent children,158,86,72
S01013211,Couple family: Total,128,64,64
S01013211,Couple family: Both parents working,108,52,56
S01013211,Couple family: One parent working,18,10,8
S01013211,Couple family: No parents working,2,2,0
S01013211,Lone parent family: Total,30,22,8
S01013211,Lone parent family: Parent working,20,15,5
S01013211,Lone parent family: Parent not working,10,7,3
S01013212,All parents aged 16 and over with dependent children,160,64,96
S01013212,Couple family: Total,146,58,88
S01013212,Couple family: Both parents working,130,58,72
S01013212,Couple family: One parent working,16,0,16
S01013212,Couple family: No parents working,0,0,0
S01013212,Lone parent family: Total,14,6,8
S01013212,Lone parent family: Parent working,14,6,8
S01013212,Lone parent family: Parent not working,0,0,0
S01013213,All parents aged 16 and over with dependent children,149,70,79
S01013213,Couple family: Total,138,64,74
S01013213,Couple family: Both parents working,116,52,64
S01013213,Couple family: One parent working,20,10,10
S01013213,Couple family: No parents working,2,2,0
S01013213,Lone parent family: Total,11,6,5
S01013213,Lone parent family: Parent working,10,5,5
S01013213,Lone parent family: Parent not working,1,1,0
S01013214,All parents aged 16 and over with dependent children,128,71,57
S01013214,Couple family: Total,118,66,52
S01013214,Couple family: Both parents working,104,58,46
S01013214,Couple family: One parent working,14,8,6
S01013214,Couple family: No parents working,0,0,0
S01013214,Lone parent family: Total,10,5,5
S01013214,Lone parent family: Parent working,9,4,5
S01013214,Lone parent family: Parent not working,1,1,0
S01013215,All parents aged 16 and over with dependent children,135,84,51
S01013215,Couple family: Total,104,62,42
S01013215,Couple family: Both parents working,74,44,30
S01013215,Couple family: One parent working,18,6,12
S01013215,Couple family: No parents working,12,12,0
S01013215,Lone parent family: Total,31,22,9
S01013215,Lone parent family: Parent working,20,15,5
S01013215,Lone parent family: Parent not working,11,7,4
S01013216,All parents aged 16 and over with dependent children,138,75,63
S01013216,Couple family: Total,86,40,46
S01013216,Couple family: Both parents working,52,28,24
S01013216,Couple family: One parent working,30,12,18
S01013216,Couple family: No parents working,4,0,4
S01013216,Lone parent family: Total,52,35,17
S01013216,Lone parent family: Parent working,23,18,5
S01013216,Lone parent family: Parent not working,29,17,12
S01013217,All parents aged 16 and over with dependent children,154,88,66
S01013217,Couple family: Total,108,56,52
S01013217,Couple family: Both parents working,86,42,44
S01013217,Couple family: One parent working,18,10,8
S01013217,Couple family: No parents working,4,4,0
S01013217,Lone parent family: Total,46,32,14
S01013217,Lone parent family: Parent working,30,22,8
S01013217,Lone parent family: Parent not working,16,10,6
S01013218,All parents aged 16 and over with dependent children,130,64,66
S01013218,Couple family: Total,72,36,36
S01013218,Couple family: Both parents working,36,20,16
S01013218,Couple family: One parent working,32,14,18
S01013218,Couple family: No parents working,4,2,2
S01013218,Lone parent family: Total,58,28,30
S01013218,Lone parent family: Parent working,23,13,10
S01013218,Lone parent family: Parent not working,35,15,20
S01013219,All parents aged 16 and over with dependent children,98,49,49
S01013219,Couple family: Total,62,28,34
S01013219,Couple family: Both parents working,22,18,4
S01013219,Couple family: One parent working,28,8,20
S01013219,Couple family: No parents working,12,2,10
S01013219,Lone parent family: Total,36,21,15
S01013219,Lone parent family: Parent working,16,8,8
S01013219,Lone parent family: Parent not working,20,13,7
S01013220,All parents aged 16 and over with dependent children,143,71,72
S01013220,Couple family: Total,84,38,46
S01013220,Couple family: Both parents working,48,24,24
S01013220,Couple family: One parent working,24,8,16
S01013220,Couple family: No parents working,12,6,6
S01013220,Lone parent family: Total,59,33,26
S01013220,Lone parent family: Parent working,28,17,11
S01013220,Lone parent family: Parent not working,31,16,15
S01013221,All parents aged 16 and over with dependent children,207,111,96
S01013221,Couple family: Total,142,66,76
S01013221,Couple family: Both parents working,90,40,50
S01013221,Couple family: One parent working,42,22,20
S01013221,Couple family: No parents working,10,4,6
S01013221,Lone parent family: Total,65,45,20
S01013221,Lone parent family: Parent working,35,28,7
S01013221,Lone parent family: Parent not working,30,17,13
S01013222,All parents aged 16 and over with dependent children,123,67,56
S01013222,Couple family: Total,78,36,42
S01013222,Couple family: Both parents working,58,26,32
S01013222,Couple family: One parent working,10,6,4
S01013222,Couple family: No parents working,10,4,6
S01013222,Lone parent family: Total,45,31,14
S01013222,Lone parent family: Parent working,28,20,8
S01013222,Lone parent family: Parent not working,17,11,6
S01013223,All parents aged 16 and over with dependent children,199,103,96
S01013223,Couple family: Total,148,72,76
S01013223,Couple family: Both parents working,106,50,56
S01013223,Couple family: One parent working,30,14,16
S01013223,Couple family: No parents working,12,8,4
S01013223,Lone parent family: Total,51,31,20
S01013223,Lone parent family: Parent working,26,15,11
S01013223,Lone parent family: Parent not working,25,16,9
S01013224,All parents aged 16 and over with dependent children,168,103,65
S01013224,Couple family: Total,138,86,52
S01013224,Couple family: Both parents working,98,60,38
S01013224,Couple family: One parent working,30,18,12
S01013224,Couple family: No parents working,10,8,2
S01013224,Lone parent family: Total,30,17,13
S01013224,Lone parent family: Parent working,13,7,6
S01013224,Lone parent family: Parent not working,17,10,7
S01013225,All parents aged 16 and over with dependent children,179,85,94
S01013225,Couple family: Total,124,58,66
S01013225,Couple family: Both parents working,84,38,46
S01013225,Couple family: One parent working,30,10,20
S01013225,Couple family: No parents working,10,10,0
S01013225,Lone parent family: Total,55,27,28
S01013225,Lone parent family: Parent working,33,22,11
S01013225,Lone parent family: Parent not working,22,5,17
S01013226,All parents aged 16 and over with dependent children,123,55,68
S01013226,Couple family: Total,108,50,58
S01013226,Couple family: Both parents working,96,48,48
S01013226,Couple family: One parent working,10,2,8
S01013226,Couple family: No parents working,2,0,2
S01013226,Lone parent family: Total,15,5,10
S01013226,Lone parent family: Parent working,10,3,7
S01013226,Lone parent family: Parent not working,5,2,3
S01013227,All parents aged 16 and over with dependent children,148,74,74
S01013227,Couple family: Total,102,50,52
S01013227,Couple family: Both parents working,64,32,32
S01013227,Couple family: One parent working,26,12,14
S01013227,Couple family: No parents working,12,6,6
S01013227,Lone parent family: Total,46,24,22
S01013227,Lone parent family: Parent working,20,10,10
S01013227,Lone parent family: Parent not working,26,14,12
S01013228,All parents aged 16 and over with dependent children,100,60,40
S01013228,Couple family: Total,62,36,26
S01013228,Couple family: Both parents working,42,28,14
S01013228,Couple family: One parent working,16,8,8
S01013228,Couple family: No parents working,4,0,4
S01013228,Lone parent family: Total,38,24,14
S01013228,Lone parent family: Parent working,17,12,5
S01013228,Lone parent family: Parent not working,21,12,9
S01013229,All parents aged 16 and over with dependent children,167,95,72
S01013229,Couple family: Total,112,62,50
S01013229,Couple family: Both parents working,84,48,36
S01013229,Couple family: One parent working,22,8,14
S01013229,Couple family: No parents working,6,6,0
S01013229,Lone parent family: Total,55,33,22
S01013229,Lone parent family: Parent working,32,18,14
S01013229,Lone parent family: Parent not working,23,15,8
S01013230,All parents aged 16 and over with dependent children,116,75,41
S01013230,Couple family: Total,88,56,32
S01013230,Couple family: Both parents working,74,52,22
S01013230,Couple family: One parent working,10,4,6
S01013230,Couple family: No parents working,4,0,4
S01013230,Lone parent family: Total,28,19,9
S01013230,Lone parent family: Parent working,18,13,5
S01013230,Lone parent family: Parent not working,10,6,4
S01013231,All parents aged 16 and over with dependent children,138,79,59
S01013231,Couple family: Total,108,60,48
S01013231,Couple family: Both parents working,84,46,38
S01013231,Couple family: One parent working,20,10,10
S01013231,Couple family: No parents working,4,4,0
S01013231,Lone parent family: Total,30,19,11
S01013231,Lone parent family: Parent working,22,14,8
S01013231,Lone parent family: Parent not working,8,5,3
S01013232,All parents aged 16 and over with dependent children,100,46,54
S01013232,Couple family: Total,80,34,46
S01013232,Couple family: Both parents working,56,24,32
S01013232,Couple family: One parent working,18,6,12
S01013232,Couple family: No parents working,6,4,2
S01013232,Lone parent family: Total,20,12,8
S01013232,Lone parent family: Parent working,11,7,4
S01013232,Lone parent family: Parent not working,9,5,4
S01013233,All parents aged 16 and over with dependent children,76,29,47
S01013233,Couple family: Total,68,24,44
S01013233,Couple family: Both parents working,50,16,34
S01013233,Couple family: One parent working,18,8,10
S01013233,Couple family: No parents working,0,0,0
S01013233,Lone parent family: Total,8,5,3
S01013233,Lone parent family: Parent working,6,3,3
S01013233,Lone parent family: Parent not working,2,2,0
S01013234,All parents aged 16 and over with dependent children,88,34,54
S01013234,Couple family: Total,80,30,50
S01013234,Couple family: Both parents working,66,22,44
S01013234,Couple family: One parent working,14,8,6
S01013234,Couple family: No parents working,0,0,0
S01013234,Lone parent family: Total,8,4,4
S01013234,Lone parent family: Parent working,7,3,4
S01013234,Lone parent family: Parent not working,1,1,0
S01013235,All parents aged 16 and over with dependent children,114,67,47
S01013235,Couple family: Total,96,50,46
S01013235,Couple family: Both parents working,68,32,36
S01013235,Couple family: One parent working,18,12,6
S01013235,Couple family: No parents working,10,6,4
S01013235,Lone parent family: Total,18,17,1
S01013235,Lone parent family: Parent working,11,10,1
S01013235,Lone parent family: Parent not working,7,7,0
S01013236,All parents aged 16 and over with dependent children,159,99,60
S01013236,Couple family: Total,140,84,56
S01013236,Couple family: Both parents working,108,66,42
S01013236,Couple family: One parent working,32,18,14
S01013236,Couple family: No parents working,0,0,0
S01013236,Lone parent family: Total,19,15,4
S01013236,Lone parent family: Parent working,9,7,2
S01013236,Lone parent family: Parent not working,10,8,2
S01013237,All parents aged 16 and over with dependent children,194,109,85
S01013237,Couple family: Total,160,90,70
S01013237,Couple family: Both parents working,134,78,56
S01013237,Couple family: One parent working,20,8,12
S01013237,Couple family: No parents working,6,4,2
S01013237,Lone parent family: Total,34,19,15
S01013237,Lone parent family: Parent working,14,6,8
S01013237,Lone parent family: Parent not working,20,13,7
S01013238,All parents aged 16 and over with dependent children,146,88,58
S01013238,Couple family: Total,94,54,40
S01013238,Couple family: Both parents working,52,36,16
S01013238,Couple family: One parent working,28,10,18
S01013238,Couple family: No parents working,14,8,6
S01013238,Lone parent family: Total,52,34,18
S01013238,Lone parent family: Parent working,25,18,7
S01013238,Lone parent family: Parent not working,27,16,11
S01013239,All parents aged 16 and over with dependent children,189,103,86
S01013239,Couple family: Total,120,58,62
S01013239,Couple family: Both parents working,70,30,40
S01013239,Couple family: One parent working,44,26,18
S01013239,Couple family: No parents working,6,2,4
S01013239,Lone parent family: Total,69,45,24
S01013239,Lone parent family: Parent working,21,18,3
S01013239,Lone parent family: Parent not working,48,27,21
S01013240,All parents aged 16 and over with dependent children,108,62,46
S01013240,Couple family: Total,68,34,34
S01013240,Couple family: Both parents working,32,16,16
S01013240,Couple family: One parent working,24,14,10
S01013240,Couple family: No parents working,12,4,8
S01013240,Lone parent family: Total,40,28,12
S01013240,Lone parent family: Parent working,16,10,6
S01013240,Lone parent family: Parent not working,24,18,6
S01013241,All parents aged 16 and over with dependent children,140,68,72
S01013241,Couple family: Total,138,68,70
S01013241,Couple family: Both parents working,124,60,64
S01013241,Couple family: One parent working,12,8,4
S01013241,Couple family: No parents working,2,0,2
S01013241,Lone parent family: Total,2,0,2
S01013241,Lone parent family: Parent working,1,0,1
S01013241,Lone parent family: Parent not working,1,0,1
S01013242,All parents aged 16 and over with dependent children,112,43,69
S01013242,Couple family: Total,104,38,66
S01013242,Couple family: Both parents working,82,32,50
S01013242,Couple family: One parent working,22,6,16
S01013242,Couple family: No parents working,0,0,0
S01013242,Lone parent family: Total,8,5,3
S01013242,Lone parent family: Parent working,6,4,2
S01013242,Lone parent family: Parent not working,2,1,1
S01013243,All parents aged 16 and over with dependent children,152,69,83
S01013243,Couple family: Total,126,50,76
S01013243,Couple family: Both parents working,74,34,40
S01013243,Couple family: One parent working,36,10,26
S01013243,Couple family: No parents working,16,6,10
S01013243,Lone parent family: Total,26,19,7
S01013243,Lone parent family: Parent working,19,13,6
S01013243,Lone parent family: Parent not working,7,6,1
S01013244,All parents aged 16 and over with dependent children,135,61,74
S01013244,Couple family: Total,94,44,50
S01013244,Couple family: Both parents working,56,26,30
S01013244,Couple family: One parent working,30,16,14
S01013244,Couple family: No parents working,8,2,6
S01013244,Lone parent family: Total,41,17,24
S01013244,Lone parent family: Parent working,26,13,13
S01013244,Lone parent family: Parent not working,15,4,11
S01013245,All parents aged 16 and over with dependent children,255,137,118
S01013245,Couple family: Total,230,120,110
S01013245,Couple family: Both parents working,184,106,78
S01013245,Couple family: One parent working,42,12,30
S01013245,Couple family: No parents working,4,2,2
S01013245,Lone parent family: Total,25,17,8
S01013245,Lone parent family: Parent working,15,10,5
S01013245,Lone parent family: Parent not working,10,7,3
S01013246,All parents aged 16 and over with dependent children,108,42,66
S01013246,Couple family: Total,94,34,60
S01013246,Couple family: Both parents working,60,28,32
S01013246,Couple family: One parent working,32,6,26
S01013246,Couple family: No parents working,2,0,2
S01013246,Lone parent family: Total,14,8,6
S01013246,Lone parent family: Parent working,4,2,2
S01013246,Lone parent family: Parent not working,10,6,4
S01013247,All parents aged 16 and over with dependent children,170,93,77
S01013247,Couple family: Total,118,66,52
S01013247,Couple family: Both parents working,74,42,32
S01013247,Couple family: One parent working,36,18,18
S01013247,Couple family: No parents working,8,6,2
S01013247,Lone parent family: Total,52,27,25
S01013247,Lone parent family: Parent working,22,13,9
S01013247,Lone parent family: Parent not working,30,14,16
S01013248,All parents aged 16 and over with dependent children,124,71,53
S01013248,Couple family: Total,76,36,40
S01013248,Couple family: Both parents working,48,22,26
S01013248,Couple family: One parent working,24,14,10
S01013248,Couple family: No parents working,4,0,4
S01013248,Lone parent family: Total,48,35,13
S01013248,Lone parent family: Parent working,26,18,8
S01013248,Lone parent family: Parent not working,22,17,5
S01013249,All parents aged 16 and over with dependent children,98,51,47
S01013249,Couple family: Total,78,42,36
S01013249,Couple family: Both parents working,56,32,24
S01013249,Couple family: One parent working,16,8,8
S01013249,Couple family: No parents working,6,2,4
S01013249,Lone parent family: Total,20,9,11
S01013249,Lone parent family: Parent working,13,5,8
S01013249,Lone parent family: Parent not working,7,4,3
S01013250,All parents aged 16 and over with dependent children,185,89,96
S01013250,Couple family: Total,158,70,88
S01013250,Couple family: Both parents working,116,50,66
S01013250,Couple family: One parent working,34,14,20
S01013250,Couple family: No parents working,8,6,2
S01013250,Lone parent family: Total,27,19,8
S01013250,Lone parent family: Parent working,9,7,2
S01013250,Lone parent family: Parent not working,18,12,6
S01013251,All parents aged 16 and over with dependent children,216,95,121
S01013251,Couple family: Total,166,68,98
S01013251,Couple family: Both parents working,86,46,40
S01013251,Couple family: One parent working,58,10,48
S01013251,Couple family: No parents working,22,12,10
S01013251,Lone parent family: Total,50,27,23
S01013251,Lone parent family: Parent working,19,12,7
S01013251,Lone parent family: Parent not working,31,15,16
S01013252,All parents aged 16 and over with dependent children,142,62,80
S01013252,Couple family: Total,110,44,66
S01013252,Couple family: Both parents working,70,32,38
S01013252,Couple family: One parent working,36,12,24
S01013252,Couple family: No parents working,4,0,4
S01013252,Lone parent family: Total,32,18,14
S01013252,Lone parent family: Parent working,17,11,6
S01013252,Lone parent family: Parent not working,15,7,8
S01013253,All parents aged 16 and over with dependent children,137,71,66
S01013253,Couple family: Total,112,56,56
S01013253,Couple family: Both parents working,72,36,36
S01013253,Couple family: One parent working,30,12,18
S01013253,Couple family: No parents working,10,8,2
S01013253,Lone parent family: Total,25,15,10
S01013253,Lone parent family: Parent working,14,9,5
S01013253,Lone parent family: Parent not working,11,6,5
S01013254,All parents aged 16 and over with dependent children,144,77,67
S01013254,Couple family: Total,108,54,54
S01013254,Couple family: Both parents working,60,30,30
S01013254,Couple family: One parent working,32,18,14
S01013254,Couple family: No parents working,16,6,10
S01013254,Lone parent family: Total,36,23,13
S01013254,Lone parent family: Parent working,26,17,9
S01013254,Lone parent family: Parent not working,10,6,4
S01013255,All parents aged 16 and over with dependent children,173,89,84
S01013255,Couple family: Total,134,70,64
S01013255,Couple family: Both parents working,110,60,50
S01013255,Couple family: One parent working,16,4,12
S01013255,Couple family: No parents working,8,6,2
S01013255,Lone parent family: Total,39,19,20
S01013255,Lone parent family: Parent working,29,16,13
S01013255,Lone parent family: Parent not working,10,3,7
S01013256,All parents aged 16 and over with dependent children,180,80,100
S01013256,Couple family: Total,150,60,90
S01013256,Couple family: Both parents working,116,44,72
S01013256,Couple family: One parent working,32,14,18
S01013256,Couple family: No parents working,2,2,0
S01013256,Lone parent family: Total,30,20,10
S01013256,Lone parent family: Parent working,25,16,9
S01013256,Lone parent family: Parent not working,5,4,1
S01013257,All parents aged 16 and over with dependent children,139,70,69
S01013257,Couple family: Total,118,58,60
S01013257,Couple family: Both parents working,78,38,40
S01013257,Couple family: One parent working,32,14,18
S01013257,Couple family: No parents working,8,6,2
S01013257,Lone parent family: Total,21,12,9
S01013257,Lone parent family: Parent working,16,9,7
S01013257,Lone parent family: Parent not working,5,3,2
S01013258,All parents aged 16 and over with dependent children,140,61,79
S01013258,Couple family: Total,121,54,67
S01013258,Couple family: Both parents working,88,40,48
S01013258,Couple family: One parent working,33,14,19
S01013258,Couple family: No parents working,0,0,0
S01013258,Lone parent family: Total,19,7,12
S01013258,Lone parent family: Parent working,12,6,6
S01013258,Lone parent family: Parent not working,7,1,6
S01013259,All parents aged 16 and over with dependent children,164,68,96
S01013259,Couple family: Total,112,38,74
S01013259,Couple family: Both parents working,76,22,54
S01013259,Couple family: One parent working,34,14,20
S01013259,Couple family: No parents working,2,2,0
S01013259,Lone parent family: Total,52,30,22
S01013259,Lone parent family: Parent working,31,19,12
S01013259,Lone parent family: Parent not working,21,11,10
S01013260,All parents aged 16 and over with dependent children,195,85,110
S01013260,Couple family: Total,136,58,78
S01013260,Couple family: Both parents working,78,38,40
S01013260,Couple family: One parent working,36,12,24
S01013260,Couple family: No parents working,22,8,14
S01013260,Lone parent family: Total,59,27,32
S01013260,Lone parent family: Parent working,24,13,11
S01013260,Lone parent family: Parent not working,35,14,21
S01013261,All parents aged 16 and over with dependent children,190,94,96
S01013261,Couple family: Total,146,68,78
S01013261,Couple family: Both parents working,82,46,36
S01013261,Couple family: One parent working,50,22,28
S01013261,Couple family: No parents working,14,0,14
S01013261,Lone parent family: Total,44,26,18
S01013261,Lone parent family: Parent working,19,11,8
S01013261,Lone parent family: Parent not working,25,15,10
S01013262,All parents aged 16 and over with dependent children,123,66,57
S01013262,Couple family: Total,102,54,48
S01013262,Couple family: Both parents working,60,34,26
S01013262,Couple family: One parent working,32,16,16
S01013262,Couple family: No parents working,10,4,6
S01013262,Lone parent family: Total,21,12,9
S01013262,Lone parent family: Parent working,15,9,6
S01013262,Lone parent family: Parent not working,6,3,3
S01013263,All parents aged 16 and over with dependent children,154,33,121
S01013263,Couple family: Total,144,30,114
S01013263,Couple family: Both parents working,98,26,72
S01013263,Couple family: One parent working,42,4,38
S01013263,Couple family: No parents working,4,0,4
S01013263,Lone parent family: Total,10,3,7
S01013263,Lone parent family: Parent working,7,2,5
S01013263,Lone parent family: Parent not working,3,1,2
S01013264,All parents aged 16 and over with dependent children,183,66,117
S01013264,Couple family: Total,176,64,112
S01013264,Couple family: Both parents working,138,48,90
S01013264,Couple family: One parent working,34,14,20
S01013264,Couple family: No parents working,4,2,2
S01013264,Lone parent family: Total,7,2,5
S01013264,Lone parent family: Parent working,6,1,5
S01013264,Lone parent family: Parent not working,1,1,0
S01013265,All parents aged 16 and over with dependent children,227,75,152
S01013265,Couple family: Total,216,72,144
S01013265,Couple family: Both parents working,178,62,116
S01013265,Couple family: One parent working,38,10,28
S01013265,Couple family: No parents working,0,0,0
S01013265,Lone parent family: Total,11,3,8
S01013265,Lone parent family: Parent working,8,3,5
S01013265,Lone parent family: Parent not working,3,0,3
S01013266,All parents aged 16 and over with dependent children,180,78,102
S01013266,Couple family: Total,168,72,96
S01013266,Couple family: Both parents working,140,60,80
S01013266,Couple family: One parent working,28,12,16
S01013266,Couple family: No parents working,0,0,0
S01013266,Lone parent family: Total,12,6,6
S01013266,Lone parent family: Parent working,10,5,5
S01013266,Lone parent family: Parent not working,2,1,1
S01013267,All parents aged 16 and over with dependent children,126,66,60
S01013267,Couple family: Total,92,46,46
S01013267,Couple family: Both parents working,66,34,32
S01013267,Couple family: One parent working,16,8,8
S01013267,Couple family: No parents working,10,4,6
S01013267,Lone parent family: Total,34,20,14
S01013267,Lone parent family: Parent working,20,12,8
S01013267,Lone parent family: Parent not working,14,8,6
S01013268,All parents aged 16 and over with dependent children,189,86,103
S01013268,Couple family: Total,142,62,80
S01013268,Couple family: Both parents working,116,54,62
S01013268,Couple family: One parent working,26,8,18
S01013268,Couple family: No parents working,0,0,0
S01013268,Lone parent family: Total,47,24,23
S01013268,Lone parent family: Parent working,27,13,14
S01013268,Lone parent family: Parent not working,20,11,9
S01013269,All parents aged 16 and over with dependent children,257,118,139
S01013269,Couple family: Total,228,98,130
S01013269,Couple family: Both parents working,172,70,102
S01013269,Couple family: One parent working,52,26,26
S01013269,Couple family: No parents working,4,2,2
S01013269,Lone parent family: Total,29,20,9
S01013269,Lone parent family: Parent working,23,16,7
S01013269,Lone parent family: Parent not working,6,4,2
S01013270,All parents aged 16 and over with dependent children,261,82,179
S01013270,Couple family: Total,252,76,176
S01013270,Couple family: Both parents working,200,56,144
S01013270,Couple family: One parent working,52,20,32
S01013270,Couple family: No parents working,0,0,0
S01013270,Lone parent family: Total,9,6,3
S01013270,Lone parent family: Parent working,9,6,3
S01013270,Lone parent family: Parent not working,0,0,0
S01013271,All parents aged 16 and over with dependent children,119,43,76
S01013271,Couple family: Total,112,40,72
S01013271,Couple family: Both parents working,82,30,52
S01013271,Couple family: One parent working,30,10,20
S01013271,Couple family: No parents working,0,0,0
S01013271,Lone parent family: Total,7,3,4
S01013271,Lone parent family: Parent working,5,1,4
S01013271,Lone parent family: Parent not working,2,2,0
S01013272,All parents aged 16 and over with dependent children,250,88,162
S01013272,Couple family: Total,232,78,154
S01013272,Couple family: Both parents working,180,64,116
S01013272,Couple family: One parent working,46,10,36
S01013272,Couple family: No parents working,6,4,2
S01013272,Lone parent family: Total,18,10,8
S01013272,Lone parent family: Parent working,14,7,7
S01013272,Lone parent family: Parent not working,4,3,1
S01013273,All parents aged 16 and over with dependent children,352,137,215
S01013273,Couple family: Total,334,132,202
S01013273,Couple family: Both parents working,286,118,168
S01013273,Couple family: One parent working,48,14,34
S01013273,Couple family: No parents working,0,0,0
S01013273,Lone parent family: Total,18,5,13
S01013273,Lone parent family: Parent working,16,4,12
S01013273,Lone parent family: Parent not working,2,1,1
S01013274,All parents aged 16 and over with dependent children,147,80,67
S01013274,Couple family: Total,118,60,58
S01013274,Couple family: Both parents working,94,48,46
S01013274,Couple family: One parent working,24,12,12
S01013274,Couple family: No parents working,0,0,0
S01013274,Lone parent family: Total,29,20,9
S01013274,Lone parent family: Parent working,22,15,7
S01013274,Lone parent family: Parent not working,7,5,2
S01013275,All parents aged 16 and over with dependent children,176,73,103
S01013275,Couple family: Total,156,62,94
S01013275,Couple family: Both parents working,124,44,80
S01013275,Couple family: One parent working,32,18,14
S01013275,Couple family: No parents working,0,0,0
S01013275,Lone parent family: Total,20,11,9
S01013275,Lone parent family: Parent working,15,8,7
S01013275,Lone parent family: Parent not working,5,3,2
S01013276,All parents aged 16 and over with dependent children,153,72,81
S01013276,Couple family: Total,140,64,76
S01013276,Couple family: Both parents working,118,50,68
S01013276,Couple family: One parent working,18,12,6
S01013276,Couple family: No parents working,4,2,2
S01013276,Lone parent family: Total,13,8,5
S01013276,Lone parent family: Parent working,10,6,4
S01013276,Lone parent family: Parent not working,3,2,1
S01013277,All parents aged 16 and over with dependent children,188,104,84
S01013277,Couple family: Total,138,72,66
S01013277,Couple family: Both parents working,100,52,48
S01013277,Couple family: One parent working,28,14,14
S01013277,Couple family: No parents working,10,6,4
S01013277,Lone parent family: Total,50,32,18
S01013277,Lone parent family: Parent working,29,20,9
S01013277,Lone parent family: Parent not working,21,12,9
S01013278,All parents aged 16 and over with dependent children,173,77,96
S01013278,Couple family: Total,126,54,72
S01013278,Couple family: Both parents working,88,48,40
S01013278,Couple family: One parent working,26,6,20
S01013278,Couple family: No parents working,12,0,12
S01013278,Lone parent family: Total,47,23,24
S01013278,Lone parent family: Parent working,24,10,14
S01013278,Lone parent family: Parent not working,23,13,10
S01013279,All parents aged 16 and over with dependent children,171,72,99
S01013279,Couple family: Total,114,42,72
S01013279,Couple family: Both parents working,62,28,34
S01013279,Couple family: One parent working,38,8,30
S01013279,Couple family: No parents working,14,6,8
S01013279,Lone parent family: Total,57,30,27
S01013279,Lone parent family: Parent working,24,13,11
S01013279,Lone parent family: Parent not working,33,17,16
S01013280,All parents aged 16 and over with dependent children,126,46,80
S01013280,Couple family: Total,110,38,72
S01013280,Couple family: Both parents working,70,30,40
S01013280,Couple family: One parent working,36,8,28
S01013280,Couple family: No parents working,4,0,4
S01013280,Lone parent family: Total,16,8,8
S01013280,Lone parent family: Parent working,11,5,6
S01013280,Lone parent family: Parent not working,5,3,2
S01013281,All parents aged 16 and over with dependent children,212,81,131
S01013281,Couple family: Total,166,60,106
S01013281,Couple family: Both parents working,104,38,66
S01013281,Couple family: One parent working,50,16,34
S01013281,Couple family: No parents working,12,6,6
S01013281,Lone parent family: Total,46,21,25
S01013281,Lone parent family: Parent working,23,12,11
S01013281,Lone parent family: Parent not working,23,9,14
S01013282,All parents aged 16 and over with dependent children,191,89,102
S01013282,Couple family: Total,146,66,80
S01013282,Couple family: Both parents working,72,34,38
S01013282,Couple family: One parent working,52,26,26
S01013282,Couple family: No parents working,22,6,16
S01013282,Lone parent family: Total,45,23,22
S01013282,Lone parent family: Parent working,22,14,8
S01013282,Lone parent family: Parent not working,23,9,14
S01013283,All parents aged 16 and over with dependent children,117,69,48
S01013283,Couple family: Total,88,54,34
S01013283,Couple family: Both parents working,54,36,18
S01013283,Couple family: One parent working,28,14,14
S01013283,Couple family: No parents working,6,4,2
S01013283,Lone parent family: Total,29,15,14
S01013283,Lone parent family: Parent working,19,12,7
S01013283,Lone parent family: Parent not working,10,3,7
S01013284,All parents aged 16 and over with dependent children,146,76,70
S01013284,Couple family: Total,128,62,66
S01013284,Couple family: Both parents working,108,58,50
S01013284,Couple family: One parent working,20,4,16
S01013284,Couple family: No parents working,0,0,0
S01013284,Lone parent family: Total,18,14,4
S01013284,Lone parent family: Parent working,16,13,3
S01013284,Lone parent family: Parent not working,2,1,1
S01013285,All parents aged 16 and over with dependent children,146,70,76
S01013285,Couple family: Total,118,48,70
S01013285,Couple family: Both parents working,102,38,64
S01013285,Couple family: One parent working,14,10,4
S01013285,Couple family: No parents working,2,0,2
S01013285,Lone parent family: Total,28,22,6
S01013285,Lone parent family: Parent working,19,16,3
S01013285,Lone parent family: Parent not working,9,6,3
S01013286,All parents aged 16 and over with dependent children,150,68,82
S01013286,Couple family: Total,128,56,72
S01013286,Couple family: Both parents working,108,50,58
S01013286,Couple family: One parent working,20,6,14
S01013286,Couple family: No parents working,0,0,0
S01013286,Lone parent family: Total,22,12,10
S01013286,Lone parent family: Parent working,19,11,8
S01013286,Lone parent family: Parent not working,3,1,2
S01013287,All parents aged 16 and over with dependent children,207,94,113
S01013287,Couple family: Total,192,84,108
S01013287,Couple family: Both parents working,170,74,96
S01013287,Couple family: One parent working,22,10,12
S01013287,Couple family: No parents working,0,0,0
S01013287,Lone parent family: Total,15,10,5
S01013287,Lone parent family: Parent working,13,8,5
S01013287,Lone parent family: Parent not working,2,2,0
S01013288,All parents aged 16 and over with dependent children,156,79,77
S01013288,Couple family: Total,134,64,70
S01013288,Couple family: Both parents working,100,50,50
S01013288,Couple family: One parent working,26,12,14
S01013288,Couple family: No parents working,8,2,6
S01013288,Lone parent family: Total,22,15,7
S01013288,Lone parent family: Parent working,13,11,2
S01013288,Lone parent family: Parent not working,9,4,5
S01013289,All parents aged 16 and over with dependent children,190,72,118
S01013289,Couple family: Total,172,64,108
S01013289,Couple family: Both parents working,130,50,80
S01013289,Couple family: One parent working,40,12,28
S01013289,Couple family: No parents working,2,2,0
S01013289,Lone parent family: Total,18,8,10
S01013289,Lone parent family: Parent working,17,8,9
S01013289,Lone parent family: Parent not working,1,0,1
S01013290,All parents aged 16 and over with dependent children,255,112,143
S01013290,Couple family: Total,224,96,128
S01013290,Couple family: Both parents working,166,74,92
S01013290,Couple family: One parent working,56,20,36
S01013290,Couple family: No parents working,2,2,0
S01013290,Lone parent family: Total,31,16,15
S01013290,Lone parent family: Parent working,26,13,13
S01013290,Lone parent family: Parent not working,5,3,2
S01013291,All parents aged 16 and over with dependent children,224,78,146
S01013291,Couple family: Total,196,60,136
S01013291,Couple family: Both parents working,174,54,120
S01013291,Couple family: One parent working,22,6,16
S01013291,Couple family: No parents working,0,0,0
S01013291,Lone parent family: Total,28,18,10
S01013291,Lone parent family: Parent working,21,14,7
S01013291,Lone parent family: Parent not working,7,4,3
S01013292,All parents aged 16 and over with dependent children,138,76,62
S01013292,Couple family: Total,118,62,56
S01013292,Couple family: Both parents working,98,56,42
S01013292,Couple family: One parent working,18,4,14
S01013292,Couple family: No parents working,2,2,0
S01013292,Lone parent family: Total,20,14,6
S01013292,Lone parent family: Parent working,15,11,4
S01013292,Lone parent family: Parent not working,5,3,2
S01013293,All parents aged 16 and over with dependent children,189,91,98
S01013293,Couple family: Total,174,82,92
S01013293,Couple family: Both parents working,152,76,76
S01013293,Couple family: One parent working,20,6,14
S01013293,Couple family: No parents working,2,0,2
S01013293,Lone parent family: Total,15,9,6
S01013293,Lone parent family: Parent working,12,7,5
S01013293,Lone parent family: Parent not working,3,2,1
S01013294,All parents aged 16 and over with dependent children,165,80,85
S01013294,Couple family: Total,132,62,70
S01013294,Couple family: Both parents working,108,54,54
S01013294,Couple family: One parent working,20,6,14
S01013294,Couple family: No parents working,4,2,2
S01013294,Lone parent family: Total,33,18,15
S01013294,Lone parent family: Parent working,26,12,14
S01013294,Lone parent family: Parent not working,7,6,1
S01013295,All parents aged 16 and over with dependent children,156,83,73
S01013295,Couple family: Total,132,66,66
S01013295,Couple family: Both parents working,110,56,54
S01013295,Couple family: One parent working,18,10,8
S01013295,Couple family: No parents working,4,0,4
S01013295,Lone parent family: Total,24,17,7
S01013295,Lone parent family: Parent working,18,13,5
S01013295,Lone parent family: Parent not working,6,4,2
S01013296,All parents aged 16 and over with dependent children,104,51,53
S01013296,Couple family: Total,68,34,34
S01013296,Couple family: Both parents working,42,26,16
S01013296,Couple family: One parent working,20,4,16
S01013296,Couple family: No parents working,6,4,2
S01013296,Lone parent family: Total,36,17,19
S01013296,Lone parent family: Parent working,23,10,13
S01013296,Lone parent family: Parent not working,13,7,6
S01013297,All parents aged 16 and over with dependent children,148,69,79
S01013297,Couple family: Total,126,56,70
S01013297,Couple family: Both parents working,100,46,54
S01013297,Couple family: One parent working,18,6,12
S01013297,Couple family: No parents working,8,4,4
S01013297,Lone parent family: Total,22,13,9
S01013297,Lone parent family: Parent working,19,12,7
S01013297,Lone parent family: Parent not working,3,1,2
S01013298,All parents aged 16 and over with dependent children,110,50,60
S01013298,Couple family: Total,84,34,50
S01013298,Couple family: Both parents working,72,28,44
S01013298,Couple family: One parent working,10,4,6
S01013298,Couple family: No parents working,2,2,0
S01013298,Lone parent family: Total,26,16,10
S01013298,Lone parent family: Parent working,19,11,8
S01013298,Lone parent family: Parent not working,7,5,2
S01013299,All parents aged 16 and over with dependent children,244,127,117
S01013299,Couple family: Total,198,104,94
S01013299,Couple family: Both parents working,156,88,68
S01013299,Couple family: One parent working,30,12,18
S01013299,Couple family: No parents working,12,4,8
S01013299,Lone parent family: Total,46,23,23
S01013299,Lone parent family: Parent working,26,15,11
S01013299,Lone parent family: Parent not working,20,8,12
S01013300,All parents aged 16 and over with dependent children,92,48,44
S01013300,Couple family: Total,78,38,40
S01013300,Couple family: Both parents working,52,26,26
S01013300,Couple family: One parent working,26,12,14
S01013300,Couple family: No parents working,0,0,0
S01013300,Lone parent family: Total,14,10,4
S01013300,Lone parent family: Parent working,8,7,1
S01013300,Lone parent family: Parent not working,6,3,3
S01013301,All parents aged 16 and over with dependent children,79,43,36
S01013301,Couple family: Total,56,26,30
S01013301,Couple family: Both parents working,38,16,22
S01013301,Couple family: One parent working,16,8,8
S01013301,Couple family: No parents working,2,2,0
S01013301,Lone parent family: Total,23,17,6
S01013301,Lone parent family: Parent working,12,9,3
S01013301,Lone parent family: Parent not working,11,8,3
S01013302,All parents aged 16 and over with dependent children,129,65,64
S01013302,Couple family: Total,116,58,58
S01013302,Couple family: Both parents working,86,46,40
S01013302,Couple family: One parent working,28,12,16
S01013302,Couple family: No parents working,2,0,2
S01013302,Lone parent family: Total,13,7,6
S01013302,Lone parent family: Parent working,7,3,4
S01013302,Lone parent family: Parent not working,6,4,2
S01013303,All parents aged 16 and over with dependent children,143,62,81
S01013303,Couple family: Total,128,54,74
S01013303,Couple family: Both parents working,92,40,52
S01013303,Couple family: One parent working,28,12,16
S01013303,Couple family: No parents working,8,2,6
S01013303,Lone parent family: Total,15,8,7
S01013303,Lone parent family: Parent working,12,8,4
S01013303,Lone parent family: Parent not working,3,0,3
S01013304,All parents aged 16 and over with dependent children,192,106,86
S01013304,Couple family: Total,144,78,66
S01013304,Couple family: Both parents working,92,52,40
S01013304,Couple family: One parent working,44,20,24
S01013304,Couple family: No parents working,8,6,2
S01013304,Lone parent family: Total,48,28,20
S01013304,Lone parent family: Parent working,25,16,9
S01013304,Lone parent family: Parent not working,23,12,11
S01013305,All parents aged 16 and over with dependent children,165,80,85
S01013305,Couple family: Total,122,58,64
S01013305,Couple family: Both parents working,92,46,46
S01013305,Couple family: One parent working,20,6,14
S01013305,Couple family: No parents working,10,6,4
S01013305,Lone parent family: Total,43,22,21
S01013305,Lone parent family: Parent working,28,15,13
S01013305,Lone parent family: Parent not working,15,7,8
S01013306,All parents aged 16 and over with dependent children,167,97,70
S01013306,Couple family: Total,90,48,42
S01013306,Couple family: Both parents working,40,18,22
S01013306,Couple family: One parent working,36,22,14
S01013306,Couple family: No parents working,14,8,6
S01013306,Lone parent family: Total,77,49,28
S01013306,Lone parent family: Parent working,35,23,12
S01013306,Lone parent family: Parent not working,42,26,16
S01013307,All parents aged 16 and over with dependent children,237,112,125
S01013307,Couple family: Total,184,84,100
S01013307,Couple family: Both parents working,102,52,50
S01013307,Couple family: One parent working,58,26,32
S01013307,Couple family: No parents working,24,6,18
S01013307,Lone parent family: Total,53,28,25
S01013307,Lone parent family: Parent working,19,11,8
S01013307,Lone parent family: Parent not working,34,17,17
S01013308,All parents aged 16 and over with dependent children,242,102,140
S01013308,Couple family: Total,154,60,94
S01013308,Couple family: Both parents working,76,36,40
S01013308,Couple family: One parent working,58,18,40
S01013308,Couple family: No parents working,20,6,14
S01013308,Lone parent family: Total,88,42,46
S01013308,Lone parent family: Parent working,49,29,20
S01013308,Lone parent family: Parent not working,39,13,26
S01013309,All parents aged 16 and over with dependent children,153,56,97
S01013309,Couple family: Total,130,40,90
S01013309,Couple family: Both parents working,100,34,66
S01013309,Couple family: One parent working,24,6,18
S01013309,Couple family: No parents working,6,0,6
S01013309,Lone parent family: Total,23,16,7
S01013309,Lone parent family: Parent working,18,15,3
S01013309,Lone parent family: Parent not working,5,1,4
S01013310,All parents aged 16 and over with dependent children,181,105,76
S01013310,Couple family: Total,150,84,66
S01013310,Couple family: Both parents working,90,50,40
S01013310,Couple family: One parent working,50,28,22
S01013310,Couple family: No parents working,10,6,4
S01013310,Lone parent family: Total,31,21,10
S01013310,Lone parent family: Parent working,20,15,5
S01013310,Lone parent family: Parent not working,11,6,5
S01013311,All parents aged 16 and over with dependent children,172,65,107
S01013311,Couple family: Total,126,42,84
S01013311,Couple family: Both parents working,72,30,42
S01013311,Couple family: One parent working,44,8,36
S01013311,Couple family: No parents working,10,4,6
S01013311,Lone parent family: Total,46,23,23
S01013311,Lone parent family: Parent working,23,8,15
S01013311,Lone parent family: Parent not working,23,15,8
S01013312,All parents aged 16 and over with dependent children,216,100,116
S01013312,Couple family: Total,172,80,92
S01013312,Couple family: Both parents working,106,54,52
S01013312,Couple family: One parent working,48,20,28
S01013312,Couple family: No parents working,18,6,12
S01013312,Lone parent family: Total,44,20,24
S01013312,Lone parent family: Parent working,25,14,11
S01013312,Lone parent family: Parent not working,19,6,13
S01013313,All parents aged 16 and over with dependent children,148,62,86
S01013313,Couple family: Total,116,44,72
S01013313,Couple family: Both parents working,78,32,46
S01013313,Couple family: One parent working,28,6,22
S01013313,Couple family: No parents working,10,6,4
S01013313,Lone parent family: Total,32,18,14
S01013313,Lone parent family: Parent working,24,11,13
S01013313,Lone parent family: Parent not working,8,7,1
S01013314,All parents aged 16 and over with dependent children,124,56,68
S01013314,Couple family: Total,78,30,48
S01013314,Couple family: Both parents working,46,18,28
S01013314,Couple family: One parent working,28,10,18
S01013314,Couple family: No parents working,4,2,2
S01013314,Lone parent family: Total,46,26,20
S01013314,Lone parent family: Parent working,28,16,12
S01013314,Lone parent family: Parent not working,18,10,8
S01013315,All parents aged 16 and over with dependent children,225,90,135
S01013315,Couple family: Total,220,86,134
S01013315,Couple family: Both parents working,176,78,98
S01013315,Couple family: One parent working,40,8,32
S01013315,Couple family: No parents working,4,0,4
S01013315,Lone parent family: Total,5,4,1
S01013315,Lone parent family: Parent working,5,4,1
S01013315,Lone parent family: Parent not working,0,0,0
S01013316,All parents aged 16 and over with dependent children,117,53,64
S01013316,Couple family: Total,100,42,58
S01013316,Couple family: Both parents working,80,34,46
S01013316,Couple family: One parent working,14,8,6
S01013316,Couple family: No parents working,6,0,6
S01013316,Lone parent family: Total,17,11,6
S01013316,Lone parent family: Parent working,10,7,3
S01013316,Lone parent family: Parent not working,7,4,3
S01013317,All parents aged 16 and over with dependent children,93,59,34
S01013317,Couple family: Total,78,50,28
S01013317,Couple family: Both parents working,64,38,26
S01013317,Couple family: One parent working,14,12,2
S01013317,Couple family: No parents working,0,0,0
S01013317,Lone parent family: Total,15,9,6
S01013317,Lone parent family: Parent working,11,7,4
S01013317,Lone parent family: Parent not working,4,2,2
S01013318,All parents aged 16 and over with dependent children,157,58,99
S01013318,Couple family: Total,144,50,94
S01013318,Couple family: Both parents working,122,46,76
S01013318,Couple family: One parent working,22,4,18
S01013318,Couple family: No parents working,0,0,0
S01013318,Lone parent family: Total,13,8,5
S01013318,Lone parent family: Parent working,10,5,5
S01013318,Lone parent family: Parent not working,3,3,0
S01013319,All parents aged 16 and over with dependent children,160,67,93
S01013319,Couple family: Total,132,46,86
S01013319,Couple family: Both parents working,108,42,66
S01013319,Couple family: One parent working,20,2,18
S01013319,Couple family: No parents working,4,2,2
S01013319,Lone parent family: Total,28,21,7
S01013319,Lone parent family: Parent working,21,18,3
S01013319,Lone parent family: Parent not working,7,3,4
S01013320,All parents aged 16 and over with dependent children,355,146,209
S01013320,Couple family: Total,326,126,200
S01013320,Couple family: Both parents working,274,108,166
S01013320,Couple family: One parent working,46,16,30
S01013320,Couple family: No parents working,6,2,4
S01013320,Lone parent family: Total,29,20,9
S01013320,Lone parent family: Parent working,25,17,8
S01013320,Lone parent family: Parent not working,4,3,1
S01013321,All parents aged 16 and over with dependent children,69,43,26
S01013321,Couple family: Total,52,30,22
S01013321,Couple family: Both parents working,32,14,18
S01013321,Couple family: One parent working,18,14,4
S01013321,Couple family: No parents working,2,2,0
S01013321,Lone parent family: Total,17,13,4
S01013321,Lone parent family: Parent working,10,9,1
S01013321,Lone parent family: Parent not working,7,4,3
S01013322,All parents aged 16 and over with dependent children,177,71,106
S01013322,Couple family: Total,142,52,90
S01013322,Couple family: Both parents working,116,46,70
S01013322,Couple family: One parent working,22,4,18
S01013322,Couple family: No parents working,4,2,2
S01013322,Lone parent family: Total,35,19,16
S01013322,Lone parent family: Parent working,21,11,10
S01013322,Lone parent family: Parent not working,14,8,6
S01013323,All parents aged 16 and over with dependent children,206,110,96
S01013323,Couple family: Total,152,74,78
S01013323,Couple family: Both parents working,110,54,56
S01013323,Couple family: One parent working,32,16,16
S01013323,Couple family: No parents working,10,4,6
S01013323,Lone parent family: Total,54,36,18
S01013323,Lone parent family: Parent working,33,21,12
S01013323,Lone parent family: Parent not working,21,15,6
S01013324,All parents aged 16 and over with dependent children,141,63,78
S01013324,Couple family: Total,90,32,58
S01013324,Couple family: Both parents working,54,24,30
S01013324,Couple family: One parent working,32,8,24
S01013324,Couple family: No parents working,4,0,4
S01013324,Lone parent family: Total,51,31,20
S01013324,Lone parent family: Parent working,28,20,8
S01013324,Lone parent family: Parent not working,23,11,12
S01013325,All parents aged 16 and over with dependent children,244,135,109
S01013325,Couple family: Total,140,66,74
S01013325,Couple family: Both parents working,100,46,54
S01013325,Couple family: One parent working,20,8,12
S01013325,Couple family: No parents working,20,12,8
S01013325,Lone parent family: Total,104,69,35
S01013325,Lone parent family: Parent working,53,42,11
S01013325,Lone parent family: Parent not working,51,27,24
S01013326,All parents aged 16 and over with dependent children,104,44,60
S01013326,Couple family: Total,70,24,46
S01013326,Couple family: Both parents working,40,14,26
S01013326,Couple family: One parent working,26,8,18
S01013326,Couple family: No parents working,4,2,2
S01013326,Lone parent family: Total,34,20,14
S01013326,Lone parent family: Parent working,15,14,1
S01013326,Lone parent family: Parent not working,19,6,13
S01013327,All parents aged 16 and over with dependent children,141,56,85
S01013327,Couple family: Total,94,38,56
S01013327,Couple family: Both parents working,54,24,30
S01013327,Couple family: One parent working,26,8,18
S01013327,Couple family: No parents working,14,6,8
S01013327,Lone parent family: Total,47,18,29
S01013327,Lone parent family: Parent working,27,12,15
S01013327,Lone parent family: Parent not working,20,6,14
S01013328,All parents aged 16 and over with dependent children,154,65,89
S01013328,Couple family: Total,114,52,62
S01013328,Couple family: Both parents working,76,32,44
S01013328,Couple family: One parent working,22,14,8
S01013328,Couple family: No parents working,16,6,10
S01013328,Lone parent family: Total,40,13,27
S01013328,Lone parent family: Parent working,23,10,13
S01013328,Lone parent family: Parent not working,17,3,14
S01013329,All parents aged 16 and over with dependent children,103,44,59
S01013329,Couple family: Total,80,36,44
S01013329,Couple family: Both parents working,52,24,28
S01013329,Couple family: One parent working,16,6,10
S01013329,Couple family: No parents working,12,6,6
S01013329,Lone parent family: Total,23,8,15
S01013329,Lone parent family: Parent working,11,5,6
S01013329,Lone parent family: Parent not working,12,3,9
S01013330,All parents aged 16 and over with dependent children,293,155,138
S01013330,Couple family: Total,252,126,126
S01013330,Couple family: Both parents working,200,104,96
S01013330,Couple family: One parent working,46,18,28
S01013330,Couple family: No parents working,6,4,2
S01013330,Lone parent family: Total,41,29,12
S01013330,Lone parent family: Parent working,29,19,10
S01013330,Lone parent family: Parent not working,12,10,2
S01013331,All parents aged 16 and over with dependent children,199,93,106
S01013331,Couple family: Total,178,78,100
S01013331,Couple family: Both parents working,124,50,74
S01013331,Couple family: One parent working,50,24,26
S01013331,Couple family: No parents working,4,4,0
S01013331,Lone parent family: Total,21,15,6
S01013331,Lone parent family: Parent working,15,11,4
S01013331,Lone parent family: Parent not working,6,4,2
S01013332,All parents aged 16 and over with dependent children,138,51,87
S01013332,Couple family: Total,112,44,68
S01013332,Couple family: Both parents working,66,28,38
S01013332,Couple family: One parent working,42,14,28
S01013332,Couple family: No parents working,4,2,2
S01013332,Lone parent family: Total,26,7,19
S01013332,Lone parent family: Parent working,14,2,12
S01013332,Lone parent family: Parent not working,12,5,7
S01013333,All parents aged 16 and over with dependent children,227,113,114
S01013333,Couple family: Total,198,96,102
S01013333,Couple family: Both parents working,138,64,74
S01013333,Couple family: One parent working,50,24,26
S01013333,Couple family: No parents working,10,8,2
S01013333,Lone parent family: Total,29,17,12
S01013333,Lone parent family: Parent working,18,10,8
S01013333,Lone parent family: Parent not working,11,7,4
S01013334,All parents aged 16 and over with dependent children,187,76,111
S01013334,Couple family: Total,130,48,82
S01013334,Couple family: Both parents working,74,30,44
S01013334,Couple family: One parent working,38,10,28
S01013334,Couple family: No parents working,18,8,10
S01013334,Lone parent family: Total,57,28,29
S01013334,Lone parent family: Parent working,30,18,12
S01013334,Lone parent family: Parent not working,27,10,17
S01013335,All parents aged 16 and over with dependent children,227,100,127
S01013335,Couple family: Total,156,74,82
S01013335,Couple family: Both parents working,92,46,46
S01013335,Couple family: One parent working,50,20,30
S01013335,Couple family: No parents working,14,8,6
S01013335,Lone parent family: Total,71,26,45
S01013335,Lone parent family: Parent working,24,13,11
S01013335,Lone parent family: Parent not working,47,13,34
S01013336,All parents aged 16 and over with dependent children,194,99,95
S01013336,Couple family: Total,132,62,70
S01013336,Couple family: Both parents working,78,44,34
S01013336,Couple family: One parent working,30,12,18
S01013336,Couple family: No parents working,24,6,18
S01013336,Lone parent family: Total,62,37,25
S01013336,Lone parent family: Parent working,27,16,11
S01013336,Lone parent family: Parent not working,35,21,14
S01013337,All parents aged 16 and over with dependent children,189,67,122
S01013337,Couple family: Total,170,54,116
S01013337,Couple family: Both parents working,132,40,92
S01013337,Couple family: One parent working,30,10,20
S01013337,Couple family: No parents working,8,4,4
S01013337,Lone parent family: Total,19,13,6
S01013337,Lone parent family: Parent working,17,11,6
S01013337,Lone parent family: Parent not working,2,2,0
S01013338,All parents aged 16 and over with dependent children,213,63,150
S01013338,Couple family: Total,204,62,142
S01013338,Couple family: Both parents working,148,54,94
S01013338,Couple family: One parent working,48,8,40
S01013338,Couple family: No parents working,8,0,8
S01013338,Lone parent family: Total,9,1,8
S01013338,Lone parent family: Parent working,7,1,6
S01013338,Lone parent family: Parent not working,2,0,2
S01013339,All parents aged 16 and over with dependent children,135,62,73
S01013339,Couple family: Total,116,52,64
S01013339,Couple family: Both parents working,98,44,54
S01013339,Couple family: One parent working,18,8,10
S01013339,Couple family: No parents working,0,0,0
S01013339,Lone parent family: Total,19,10,9
S01013339,Lone parent family: Parent working,18,10,8
S01013339,Lone parent family: Parent not working,1,0,1
S01013340,All parents aged 16 and over with dependent children,145,70,75
S01013340,Couple family: Total,126,56,70
S01013340,Couple family: Both parents working,98,50,48
S01013340,Couple family: One parent working,24,4,20
S01013340,Couple family: No parents working,4,2,2
S01013340,Lone parent family: Total,19,14,5
S01013340,Lone parent family: Parent working,15,10,5
S01013340,Lone parent family: Parent not working,4,4,0
S01013341,All parents aged 16 and over with dependent children,213,104,109
S01013341,Couple family: Total,190,90,100
S01013341,Couple family: Both parents working,146,72,74
S01013341,Couple family: One parent working,38,12,26
S01013341,Couple family: No parents working,6,6,0
S01013341,Lone parent family: Total,23,14,9
S01013341,Lone parent family: Parent working,18,11,7
S01013341,Lone parent family: Parent not working,5,3,2
S01013342,All parents aged 16 and over with dependent children,118,66,52
S01013342,Couple family: Total,84,44,40
S01013342,Couple family: Both parents working,62,30,32
S01013342,Couple family: One parent working,18,12,6
S01013342,Couple family: No parents working,4,2,2
S01013342,Lone parent family: Total,34,22,12
S01013342,Lone parent family: Parent working,25,17,8
S01013342,Lone parent family: Parent not working,9,5,4
S01013343,All parents aged 16 and over with dependent children,168,92,76
S01013343,Couple family: Total,142,76,66
S01013343,Couple family: Both parents working,100,54,46
S01013343,Couple family: One parent working,40,20,20
S01013343,Couple family: No parents working,2,2,0
S01013343,Lone parent family: Total,26,16,10
S01013343,Lone parent family: Parent working,17,13,4
S01013343,Lone parent family: Parent not working,9,3,6
S01013344,All parents aged 16 and over with dependent children,157,79,78
S01013344,Couple family: Total,110,50,60
S01013344,Couple family: Both parents working,62,32,30
S01013344,Couple family: One parent working,34,16,18
S01013344,Couple family: No parents working,14,2,12
S01013344,Lone parent family: Total,47,29,18
S01013344,Lone parent family: Parent working,21,15,6
S01013344,Lone parent family: Parent not working,26,14,12
S01013345,All parents aged 16 and over with dependent children,182,77,105
S01013345,Couple family: Total,134,54,80
S01013345,Couple family: Both parents working,64,20,44
S01013345,Couple family: One parent working,60,28,32
S01013345,Couple family: No parents working,10,6,4
S01013345,Lone parent family: Total,48,23,25
S01013345,Lone parent family: Parent working,27,17,10
S01013345,Lone parent family: Parent not working,21,6,15
S01013346,All parents aged 16 and over with dependent children,285,112,173
S01013346,Couple family: Total,254,96,158
S01013346,Couple family: Both parents working,190,68,122
S01013346,Couple family: One parent working,58,24,34
S01013346,Couple family: No parents working,6,4,2
S01013346,Lone parent family: Total,31,16,15
S01013346,Lone parent family: Parent working,27,15,12
S01013346,Lone parent family: Parent not working,4,1,3
S01013347,All parents aged 16 and over with dependent children,150,68,82
S01013347,Couple family: Total,134,60,74
S01013347,Couple family: Both parents working,108,50,58
S01013347,Couple family: One parent working,24,8,16
S01013347,Couple family: No parents working,2,2,0
S01013347,Lone parent family: Total,16,8,8
S01013347,Lone parent family: Parent working,13,7,6
S01013347,Lone parent family: Parent not working,3,1,2
S01013348,All parents aged 16 and over with dependent children,156,73,83
S01013348,Couple family: Total,146,68,78
S01013348,Couple family: Both parents working,112,54,58
S01013348,Couple family: One parent working,32,14,18
S01013348,Couple family: No parents working,2,0,2
S01013348,Lone parent family: Total,10,5,5
S01013348,Lone parent family: Parent working,10,5,5
S01013348,Lone parent family: Parent not working,0,0,0
S01013349,All parents aged 16 and over with dependent children,203,121,82
S01013349,Couple family: Total,162,90,72
S01013349,Couple family: Both parents working,112,56,56
S01013349,Couple family: One parent working,38,22,16
S01013349,Couple family: No parents working,12,12,0
S01013349,Lone parent family: Total,41,31,10
S01013349,Lone parent family: Parent working,21,19,2
S01013349,Lone parent family: Parent not working,20,12,8
S01013350,All parents aged 16 and over with dependent children,136,83,53
S01013350,Couple family: Total,104,62,42
S01013350,Couple family: Both parents working,76,46,30
S01013350,Couple family: One parent working,26,14,12
S01013350,Couple family: No parents working,2,2,0
S01013350,Lone parent family: Total,32,21,11
S01013350,Lone parent family: Parent working,22,15,7
S01013350,Lone parent family: Parent not working,10,6,4
S01013351,All parents aged 16 and over with dependent children,174,84,90
S01013351,Couple family: Total,140,68,72
S01013351,Couple family: Both parents working,98,50,48
S01013351,Couple family: One parent working,30,14,16
S01013351,Couple family: No parents working,12,4,8
S01013351,Lone parent family: Total,34,16,18
S01013351,Lone parent family: Parent working,25,15,10
S01013351,Lone parent family: Parent not working,9,1,8
S01013352,All parents aged 16 and over with dependent children,188,84,104
S01013352,Couple family: Total,144,58,86
S01013352,Couple family: Both parents working,98,50,48
S01013352,Couple family: One parent working,44,8,36
S01013352,Couple family: No parents working,2,0,2
S01013352,Lone parent family: Total,44,26,18
S01013352,Lone parent family: Parent working,27,20,7
S01013352,Lone parent family: Parent not working,17,6,11
S01013353,All parents aged 16 and over with dependent children,146,62,84
S01013353,Couple family: Total,108,44,64
S01013353,Couple family: Both parents working,70,26,44
S01013353,Couple family: One parent working,28,14,14
S01013353,Couple family: No parents working,10,4,6
S01013353,Lone parent family: Total,38,18,20
S01013353,Lone parent family: Parent working,24,10,14
S01013353,Lone parent family: Parent not working,14,8,6
S01013354,All parents aged 16 and over with dependent children,143,43,100
S01013354,Couple family: Total,124,30,94
S01013354,Couple family: Both parents working,110,22,88
S01013354,Couple family: One parent working,12,6,6
S01013354,Couple family: No parents working,2,2,0
S01013354,Lone parent family: Total,19,13,6
S01013354,Lone parent family: Parent working,16,10,6
S01013354,Lone parent family: Parent not working,3,3,0
S01013355,All parents aged 16 and over with dependent children,157,66,91
S01013355,Couple family: Total,132,50,82
S01013355,Couple family: Both parents working,88,34,54
S01013355,Couple family: One parent working,36,14,22
S01013355,Couple family: No parents working,8,2,6
S01013355,Lone parent family: Total,25,16,9
S01013355,Lone parent family: Parent working,16,11,5
S01013355,Lone parent family: Parent not working,9,5,4
S01013356,All parents aged 16 and over with dependent children,166,81,85
S01013356,Couple family: Total,120,56,64
S01013356,Couple family: Both parents working,74,44,30
S01013356,Couple family: One parent working,30,12,18
S01013356,Couple family: No parents working,16,0,16
S01013356,Lone parent family: Total,46,25,21
S01013356,Lone parent family: Parent working,25,16,9
S01013356,Lone parent family: Parent not working,21,9,12
S01013357,All parents aged 16 and over with dependent children,187,92,95
S01013357,Couple family: Total,160,78,82
S01013357,Couple family: Both parents working,130,66,64
S01013357,Couple family: One parent working,18,8,10
S01013357,Couple family: No parents working,12,4,8
S01013357,Lone parent family: Total,27,14,13
S01013357,Lone parent family: Parent working,16,10,6
S01013357,Lone parent family: Parent not working,11,4,7
S01013358,All parents aged 16 and over with dependent children,166,98,68
S01013358,Couple family: Total,142,88,54
S01013358,Couple family: Both parents working,110,68,42
S01013358,Couple family: One parent working,24,14,10
S01013358,Couple family: No parents working,8,6,2
S01013358,Lone parent family: Total,24,10,14
S01013358,Lone parent family: Parent working,12,6,6
S01013358,Lone parent family: Parent not working,12,4,8
S01013359,All parents aged 16 and over with dependent children,117,59,58
S01013359,Couple family: Total,74,32,42
S01013359,Couple family: Both parents working,46,26,20
S01013359,Couple family: One parent working,18,6,12
S01013359,Couple family: No parents working,10,0,10
S01013359,Lone parent family: Total,43,27,16
S01013359,Lone parent family: Parent working,26,18,8
S01013359,Lone parent family: Parent not working,17,9,8
S01013360,All parents aged 16 and over with dependent children,117,57,60
S01013360,Couple family: Total,82,36,46
S01013360,Couple family: Both parents working,64,26,38
S01013360,Couple family: One parent working,8,6,2
S01013360,Couple family: No parents working,10,4,6
S01013360,Lone parent family: Total,35,21,14
S01013360,Lone parent family: Parent working,19,13,6
S01013360,Lone parent family: Parent not working,16,8,8
S01013361,All parents aged 16 and over with dependent children,82,43,39
S01013361,Couple family: Total,56,24,32
S01013361,Couple family: Both parents working,42,18,24
S01013361,Couple family: One parent working,10,4,6
S01013361,Couple family: No parents working,4,2,2
S01013361,Lone parent family: Total,26,19,7
S01013361,Lone parent family: Parent working,24,18,6
S01013361,Lone parent family: Parent not working,2,1,1
S01013362,All parents aged 16 and over with dependent children,106,48,58
S01013362,Couple family: Total,72,26,46
S01013362,Couple family: Both parents working,54,20,34
S01013362,Couple family: One parent working,16,4,12
S01013362,Couple family: No parents working,2,2,0
S01013362,Lone parent family: Total,34,22,12
S01013362,Lone parent family: Parent working,16,11,5
S01013362,Lone parent family: Parent not working,18,11,7
S01013363,All parents aged 16 and over with dependent children,139,74,65
S01013363,Couple family: Total,84,34,50
S01013363,Couple family: Both parents working,56,20,36
S01013363,Couple family: One parent working,14,8,6
S01013363,Couple family: No parents working,14,6,8
S01013363,Lone parent family: Total,55,40,15
S01013363,Lone parent family: Parent working,31,24,7
S01013363,Lone parent family: Parent not working,24,16,8
S01013364,All parents aged 16 and over with dependent children,215,95,120
S01013364,Couple family: Total,192,80,112
S01013364,Couple family: Both parents working,142,64,78
S01013364,Couple family: One parent working,38,10,28
S01013364,Couple family: No parents working,12,6,6
S01013364,Lone parent family: Total,23,15,8
S01013364,Lone parent family: Parent working,12,10,2
S01013364,Lone parent family: Parent not working,11,5,6
S01013365,All parents aged 16 and over with dependent children,141,80,61
S01013365,Couple family: Total,114,62,52
S01013365,Couple family: Both parents working,94,52,42
S01013365,Couple family: One parent working,18,8,10
S01013365,Couple family: No parents working,2,2,0
S01013365,Lone parent family: Total,27,18,9
S01013365,Lone parent family: Parent working,13,9,4
S01013365,Lone parent family: Parent not working,14,9,5
S01013366,All parents aged 16 and over with dependent children,250,128,122
S01013366,Couple family: Total,218,106,112
S01013366,Couple family: Both parents working,168,88,80
S01013366,Couple family: One parent working,46,16,30
S01013366,Couple family: No parents working,4,2,2
S01013366,Lone parent family: Total,32,22,10
S01013366,Lone parent family: Parent working,20,14,6
S01013366,Lone parent family: Parent not working,12,8,4
S01013367,All parents aged 16 and over with dependent children,159,69,90
S01013367,Couple family: Total,152,64,88
S01013367,Couple family: Both parents working,118,52,66
S01013367,Couple family: One parent working,28,8,20
S01013367,Couple family: No parents working,6,4,2
S01013367,Lone parent family: Total,7,5,2
S01013367,Lone parent family: Parent working,5,4,1
S01013367,Lone parent family: Parent not working,2,1,1
S01013368,All parents aged 16 and over with dependent children,160,81,79
S01013368,Couple family: Total,136,64,72
S01013368,Couple family: Both parents working,102,50,52
S01013368,Couple family: One parent working,26,8,18
S01013368,Couple family: No parents working,8,6,2
S01013368,Lone parent family: Total,24,17,7
S01013368,Lone parent family: Parent working,14,11,3
S01013368,Lone parent family: Parent not working,10,6,4
S01013369,All parents aged 16 and over with dependent children,198,103,95
S01013369,Couple family: Total,136,72,64
S01013369,Couple family: Both parents working,72,46,26
S01013369,Couple family: One parent working,52,18,34
S01013369,Couple family: No parents working,12,8,4
S01013369,Lone parent family: Total,62,31,31
S01013369,Lone parent family: Parent working,32,17,15
S01013369,Lone parent family: Parent not working,30,14,16
S01013370,All parents aged 16 and over with dependent children,116,61,55
S01013370,Couple family: Total,82,38,44
S01013370,Couple family: Both parents working,52,34,18
S01013370,Couple family: One parent working,16,2,14
S01013370,Couple family: No parents working,14,2,12
S01013370,Lone parent family: Total,34,23,11
S01013370,Lone parent family: Parent working,23,15,8
S01013370,Lone parent family: Parent not working,11,8,3
S01013371,All parents aged 16 and over with dependent children,101,46,55
S01013371,Couple family: Total,70,28,42
S01013371,Couple family: Both parents working,58,24,34
S01013371,Couple family: One parent working,8,2,6
S01013371,Couple family: No parents working,4,2,2
S01013371,Lone parent family: Total,31,18,13
S01013371,Lone parent family: Parent working,17,12,5
S01013371,Lone parent family: Parent not working,14,6,8
S01013372,All parents aged 16 and over with dependent children,263,146,117
S01013372,Couple family: Total,172,92,80
S01013372,Couple family: Both parents working,84,52,32
S01013372,Couple family: One parent working,66,24,42
S01013372,Couple family: No parents working,22,16,6
S01013372,Lone parent family: Total,91,54,37
S01013372,Lone parent family: Parent working,39,23,16
S01013372,Lone parent family: Parent not working,52,31,21
S01013373,All parents aged 16 and over with dependent children,173,73,100
S01013373,Couple family: Total,120,44,76
S01013373,Couple family: Both parents working,84,30,54
S01013373,Couple family: One parent working,24,10,14
S01013373,Couple family: No parents working,12,4,8
S01013373,Lone parent family: Total,53,29,24
S01013373,Lone parent family: Parent working,26,17,9
S01013373,Lone parent family: Parent not working,27,12,15
S01013374,All parents aged 16 and over with dependent children,195,111,84
S01013374,Couple family: Total,114,64,50
S01013374,Couple family: Both parents working,56,34,22
S01013374,Couple family: One parent working,38,20,18
S01013374,Couple family: No parents working,20,10,10
S01013374,Lone parent family: Total,81,47,34
S01013374,Lone parent family: Parent working,45,25,20
S01013374,Lone parent family: Parent not working,36,22,14
S01013375,All parents aged 16 and over with dependent children,124,68,56
S01013375,Couple family: Total,92,50,42
S01013375,Couple family: Both parents working,66,40,26
S01013375,Couple family: One parent working,12,4,8
S01013375,Couple family: No parents working,14,6,8
S01013375,Lone parent family: Total,32,18,14
S01013375,Lone parent family: Parent working,19,10,9
S01013375,Lone parent family: Parent not working,13,8,5
S01013376,All parents aged 16 and over with dependent children,106,52,54
S01013376,Couple family: Total,82,38,44
S01013376,Couple family: Both parents working,60,32,28
S01013376,Couple family: One parent working,20,6,14
S01013376,Couple family: No parents working,2,0,2
S01013376,Lone parent family: Total,24,14,10
S01013376,Lone parent family: Parent working,6,1,5
S01013376,Lone parent family: Parent not working,18,13,5
S01013377,All parents aged 16 and over with dependent children,123,53,70
S01013377,Couple family: Total,94,38,56
S01013377,Couple family: Both parents working,64,26,38
S01013377,Couple family: One parent working,22,10,12
S01013377,Couple family: No parents working,8,2,6
S01013377,Lone parent family: Total,29,15,14
S01013377,Lone parent family: Parent working,19,10,9
S01013377,Lone parent family: Parent not working,10,5,5
S01013378,All parents aged 16 and over with dependent children,192,82,110
S01013378,Couple family: Total,138,54,84
S01013378,Couple family: Both parents working,108,42,66
S01013378,Couple family: One parent working,28,12,16
S01013378,Couple family: No parents working,2,0,2
S01013378,Lone parent family: Total,54,28,26
S01013378,Lone parent family: Parent working,27,14,13
S01013378,Lone parent family: Parent not working,27,14,13
S01013379,All parents aged 16 and over with dependent children,152,81,71
S01013379,Couple family: Total,120,58,62
S01013379,Couple family: Both parents working,102,50,52
S01013379,Couple family: One parent working,10,6,4
S01013379,Couple family: No parents working,8,2,6
S01013379,Lone parent family: Total,32,23,9
S01013379,Lone parent family: Parent working,13,10,3
S01013379,Lone parent family: Parent not working,19,13,6
S01013380,All parents aged 16 and over with dependent children,20,4,16
S01013380,Couple family: Total,16,2,14
S01013380,Couple family: Both parents working,12,2,10
S01013380,Couple family: One parent working,4,0,4
S01013380,Couple family: No parents working,0,0,0
S01013380,Lone parent family: Total,4,2,2
S01013380,Lone parent family: Parent working,2,0,2
S01013380,Lone parent family: Parent not working,2,2,0
S01013381,All parents aged 16 and over with dependent children,97,34,63
S01013381,Couple family: Total,78,26,52
S01013381,Couple family: Both parents working,62,18,44
S01013381,Couple family: One parent working,10,4,6
S01013381,Couple family: No parents working,6,4,2
S01013381,Lone parent family: Total,19,8,11
S01013381,Lone parent family: Parent working,8,3,5
S01013381,Lone parent family: Parent not working,11,5,6
S01013382,All parents aged 16 and over with dependent children,119,48,71
S01013382,Couple family: Total,104,40,64
S01013382,Couple family: Both parents working,78,34,44
S01013382,Couple family: One parent working,20,4,16
S01013382,Couple family: No parents working,6,2,4
S01013382,Lone parent family: Total,15,8,7
S01013382,Lone parent family: Parent working,12,7,5
S01013382,Lone parent family: Parent not working,3,1,2
S01013383,All parents aged 16 and over with dependent children,122,73,49
S01013383,Couple family: Total,92,52,40
S01013383,Couple family: Both parents working,70,36,34
S01013383,Couple family: One parent working,20,16,4
S01013383,Couple family: No parents working,2,0,2
S01013383,Lone parent family: Total,30,21,9
S01013383,Lone parent family: Parent working,12,9,3
S01013383,Lone parent family: Parent not working,18,12,6
S01013384,All parents aged 16 and over with dependent children,144,66,78
S01013384,Couple family: Total,126,56,70
S01013384,Couple family: Both parents working,88,44,44
S01013384,Couple family: One parent working,32,8,24
S01013384,Couple family: No parents working,6,4,2
S01013384,Lone parent family: Total,18,10,8
S01013384,Lone parent family: Parent working,9,5,4
S01013384,Lone parent family: Parent not working,9,5,4
S01013385,All parents aged 16 and over with dependent children,82,34,48
S01013385,Couple family: Total,66,26,40
S01013385,Couple family: Both parents working,48,24,24
S01013385,Couple family: One parent working,16,2,14
S01013385,Couple family: No parents working,2,0,2
S01013385,Lone parent family: Total,16,8,8
S01013385,Lone parent family: Parent working,16,8,8
S01013385,Lone parent family: Parent not working,0,0,0
S01013386,All parents aged 16 and over with dependent children,226,104,122
S01013386,Couple family: Total,210,94,116
S01013386,Couple family: Both parents working,190,90,100
S01013386,Couple family: One parent working,10,2,8
S01013386,Couple family: No parents working,10,2,8
S01013386,Lone parent family: Total,16,10,6
S01013386,Lone parent family: Parent working,13,10,3
S01013386,Lone parent family: Parent not working,3,0,3
S01013387,All parents aged 16 and over with dependent children,136,66,70
S01013387,Couple family: Total,98,46,52
S01013387,Couple family: Both parents working,56,26,30
S01013387,Couple family: One parent working,32,16,16
S01013387,Couple family: No parents working,10,4,6
S01013387,Lone parent family: Total,38,20,18
S01013387,Lone parent family: Parent working,18,9,9
S01013387,Lone parent family: Parent not working,20,11,9
S01013388,All parents aged 16 and over with dependent children,117,55,62
S01013388,Couple family: Total,90,40,50
S01013388,Couple family: Both parents working,74,36,38
S01013388,Couple family: One parent working,12,2,10
S01013388,Couple family: No parents working,4,2,2
S01013388,Lone parent family: Total,27,15,12
S01013388,Lone parent family: Parent working,20,11,9
S01013388,Lone parent family: Parent not working,7,4,3
S01013389,All parents aged 16 and over with dependent children,160,79,81
S01013389,Couple family: Total,126,60,66
S01013389,Couple family: Both parents working,102,50,52
S01013389,Couple family: One parent working,20,8,12
S01013389,Couple family: No parents working,4,2,2
S01013389,Lone parent family: Total,34,19,15
S01013389,Lone parent family: Parent working,23,14,9
S01013389,Lone parent family: Parent not working,11,5,6
S01013390,All parents aged 16 and over with dependent children,83,36,47
S01013390,Couple family: Total,68,26,42
S01013390,Couple family: Both parents working,52,18,34
S01013390,Couple family: One parent working,16,8,8
S01013390,Couple family: No parents working,0,0,0
S01013390,Lone parent family: Total,15,10,5
S01013390,Lone parent family: Parent working,9,5,4
S01013390,Lone parent family: Parent not working,6,5,1
S01013391,All parents aged 16 and over with dependent children,87,40,47
S01013391,Couple family: Total,74,30,44
S01013391,Couple family: Both parents working,46,16,30
S01013391,Couple family: One parent working,22,10,12
S01013391,Couple family: No parents working,6,4,2
S01013391,Lone parent family: Total,13,10,3
S01013391,Lone parent family: Parent working,10,10,0
S01013391,Lone parent family: Parent not working,3,0,3
S01013392,All parents aged 16 and over with dependent children,248,117,131
S01013392,Couple family: Total,230,112,118
S01013392,Couple family: Both parents working,194,90,104
S01013392,Couple family: One parent working,34,20,14
S01013392,Couple family: No parents working,2,2,0
S01013392,Lone parent family: Total,18,5,13
S01013392,Lone parent family: Parent working,14,4,10
S01013392,Lone parent family: Parent not working,4,1,3
S01013393,All parents aged 16 and over with dependent children,174,82,92
S01013393,Couple family: Total,142,60,82
S01013393,Couple family: Both parents working,96,44,52
S01013393,Couple family: One parent working,34,10,24
S01013393,Couple family: No parents working,12,6,6
S01013393,Lone parent family: Total,32,22,10
S01013393,Lone parent family: Parent working,14,11,3
S01013393,Lone parent family: Parent not working,18,11,7
S01013394,All parents aged 16 and over with dependent children,148,77,71
S01013394,Couple family: Total,104,52,52
S01013394,Couple family: Both parents working,66,34,32
S01013394,Couple family: One parent working,26,12,14
S01013394,Couple family: No parents working,12,6,6
S01013394,Lone parent family: Total,44,25,19
S01013394,Lone parent family: Parent working,21,13,8
S01013394,Lone parent family: Parent not working,23,12,11
S01013395,All parents aged 16 and over with dependent children,198,118,80
S01013395,Couple family: Total,118,70,48
S01013395,Couple family: Both parents working,42,30,12
S01013395,Couple family: One parent working,50,20,30
S01013395,Couple family: No parents working,26,20,6
S01013395,Lone parent family: Total,80,48,32
S01013395,Lone parent family: Parent working,32,20,12
S01013395,Lone parent family: Parent not working,48,28,20
S01013396,All parents aged 16 and over with dependent children,238,132,106
S01013396,Couple family: Total,222,122,100
S01013396,Couple family: Both parents working,184,104,80
S01013396,Couple family: One parent working,36,16,20
S01013396,Couple family: No parents working,2,2,0
S01013396,Lone parent family: Total,16,10,6
S01013396,Lone parent family: Parent working,11,8,3
S01013396,Lone parent family: Parent not working,5,2,3
S01013397,All parents aged 16 and over with dependent children,171,89,82
S01013397,Couple family: Total,142,70,72
S01013397,Couple family: Both parents working,108,56,52
S01013397,Couple family: One parent working,24,12,12
S01013397,Couple family: No parents working,10,2,8
S01013397,Lone parent family: Total,29,19,10
S01013397,Lone parent family: Parent working,12,8,4
S01013397,Lone parent family: Parent not working,17,11,6
S01013398,All parents aged 16 and over with dependent children,195,61,134
S01013398,Couple family: Total,186,60,126
S01013398,Couple family: Both parents working,150,50,100
S01013398,Couple family: One parent working,34,8,26
S01013398,Couple family: No parents working,2,2,0
S01013398,Lone parent family: Total,9,1,8
S01013398,Lone parent family: Parent working,7,0,7
S01013398,Lone parent family: Parent not working,2,1,1
S01013399,All parents aged 16 and over with dependent children,296,147,149
S01013399,Couple family: Total,270,136,134
S01013399,Couple family: Both parents working,226,118,108
S01013399,Couple family: One parent working,38,12,26
S01013399,Couple family: No parents working,6,6,0
S01013399,Lone parent family: Total,26,11,15
S01013399,Lone parent family: Parent working,20,7,13
S01013399,Lone parent family: Parent not working,6,4,2
S01013400,All parents aged 16 and over with dependent children,118,80,38
S01013400,Couple family: Total,86,58,28
S01013400,Couple family: Both parents working,66,48,18
S01013400,Couple family: One parent working,18,8,10
S01013400,Couple family: No parents working,2,2,0
S01013400,Lone parent family: Total,32,22,10
S01013400,Lone parent family: Parent working,14,11,3
S01013400,Lone parent family: Parent not working,18,11,7
S01013401,All parents aged 16 and over with dependent children,233,114,119
S01013401,Couple family: Total,206,96,110
S01013401,Couple family: Both parents working,166,86,80
S01013401,Couple family: One parent working,30,10,20
S01013401,Couple family: No parents working,10,0,10
S01013401,Lone parent family: Total,27,18,9
S01013401,Lone parent family: Parent working,9,7,2
S01013401,Lone parent family: Parent not working,18,11,7
S01013402,All parents aged 16 and over with dependent children,344,177,167
S01013402,Couple family: Total,310,150,160
S01013402,Couple family: Both parents working,254,134,120
S01013402,Couple family: One parent working,52,16,36
S01013402,Couple family: No parents working,4,0,4
S01013402,Lone parent family: Total,34,27,7
S01013402,Lone parent family: Parent working,22,19,3
S01013402,Lone parent family: Parent not working,12,8,4
S01013403,All parents aged 16 and over with dependent children,304,131,173
S01013403,Couple family: Total,276,114,162
S01013403,Couple family: Both parents working,230,100,130
S01013403,Couple family: One parent working,40,10,30
S01013403,Couple family: No parents working,6,4,2
S01013403,Lone parent family: Total,28,17,11
S01013403,Lone parent family: Parent working,19,10,9
S01013403,Lone parent family: Parent not working,9,7,2
S01013404,All parents aged 16 and over with dependent children,193,92,101
S01013404,Couple family: Total,164,78,86
S01013404,Couple family: Both parents working,108,54,54
S01013404,Couple family: One parent working,38,16,22
S01013404,Couple family: No parents working,18,8,10
S01013404,Lone parent family: Total,29,14,15
S01013404,Lone parent family: Parent working,23,12,11
S01013404,Lone parent family: Parent not working,6,2,4
S01013405,All parents aged 16 and over with dependent children,112,63,49
S01013405,Couple family: Total,96,50,46
S01013405,Couple family: Both parents working,72,36,36
S01013405,Couple family: One parent working,14,6,8
S01013405,Couple family: No parents working,10,8,2
S01013405,Lone parent family: Total,16,13,3
S01013405,Lone parent family: Parent working,9,6,3
S01013405,Lone parent family: Parent not working,7,7,0
S01013406,All parents aged 16 and over with dependent children,121,75,46
S01013406,Couple family: Total,84,48,36
S01013406,Couple family: Both parents working,54,36,18
S01013406,Couple family: One parent working,16,6,10
S01013406,Couple family: No parents working,14,6,8
S01013406,Lone parent family: Total,37,27,10
S01013406,Lone parent family: Parent working,16,10,6
S01013406,Lone parent family: Parent not working,21,17,4
S01013407,All parents aged 16 and over with dependent children,100,49,51
S01013407,Couple family: Total,72,34,38
S01013407,Couple family: Both parents working,50,26,24
S01013407,Couple family: One parent working,22,8,14
S01013407,Couple family: No parents working,0,0,0
S01013407,Lone parent family: Total,28,15,13
S01013407,Lone parent family: Parent working,12,7,5
S01013407,Lone parent family: Parent not working,16,8,8
S01013408,All parents aged 16 and over with dependent children,143,70,73
S01013408,Couple family: Total,90,42,48
S01013408,Couple family: Both parents working,48,26,22
S01013408,Couple family: One parent working,30,14,16
S01013408,Couple family: No parents working,12,2,10
S01013408,Lone parent family: Total,53,28,25
S01013408,Lone parent family: Parent working,33,21,12
S01013408,Lone parent family: Parent not working,20,7,13
S01013409,All parents aged 16 and over with dependent children,248,114,134
S01013409,Couple family: Total,194,78,116
S01013409,Couple family: Both parents working,148,58,90
S01013409,Couple family: One parent working,26,14,12
S01013409,Couple family: No parents working,20,6,14
S01013409,Lone parent family: Total,54,36,18
S01013409,Lone parent family: Parent working,37,26,11
S01013409,Lone parent family: Parent not working,17,10,7
S01013410,All parents aged 16 and over with dependent children,183,88,95
S01013410,Couple family: Total,116,46,70
S01013410,Couple family: Both parents working,58,20,38
S01013410,Couple family: One parent working,40,22,18
S01013410,Couple family: No parents working,18,4,14
S01013410,Lone parent family: Total,67,42,25
S01013410,Lone parent family: Parent working,36,25,11
S01013410,Lone parent family: Parent not working,31,17,14
S01013411,All parents aged 16 and over with dependent children,125,51,74
S01013411,Couple family: Total,104,42,62
S01013411,Couple family: Both parents working,74,34,40
S01013411,Couple family: One parent working,28,8,20
S01013411,Couple family: No parents working,2,0,2
S01013411,Lone parent family: Total,21,9,12
S01013411,Lone parent family: Parent working,15,6,9
S01013411,Lone parent family: Parent not working,6,3,3
S01013412,All parents aged 16 and over with dependent children,178,92,86
S01013412,Couple family: Total,148,74,74
S01013412,Couple family: Both parents working,98,50,48
S01013412,Couple family: One parent working,34,16,18
S01013412,Couple family: No parents working,16,8,8
S01013412,Lone parent family: Total,30,18,12
S01013412,Lone parent family: Parent working,24,13,11
S01013412,Lone parent family: Parent not working,6,5,1
S01013413,All parents aged 16 and over with dependent children,167,74,93
S01013413,Couple family: Total,158,68,90
S01013413,Couple family: Both parents working,122,50,72
S01013413,Couple family: One parent working,32,18,14
S01013413,Couple family: No parents working,4,0,4
S01013413,Lone parent family: Total,9,6,3
S01013413,Lone parent family: Parent working,6,3,3
S01013413,Lone parent family: Parent not working,3,3,0
S01013414,All parents aged 16 and over with dependent children,134,95,39
S01013414,Couple family: Total,88,54,34
S01013414,Couple family: Both parents working,62,40,22
S01013414,Couple family: One parent working,22,12,10
S01013414,Couple family: No parents working,4,2,2
S01013414,Lone parent family: Total,46,41,5
S01013414,Lone parent family: Parent working,33,29,4
S01013414,Lone parent family: Parent not working,13,12,1
S01013415,All parents aged 16 and over with dependent children,86,49,37
S01013415,Couple family: Total,52,26,26
S01013415,Couple family: Both parents working,32,14,18
S01013415,Couple family: One parent working,8,8,0
S01013415,Couple family: No parents working,12,4,8
S01013415,Lone parent family: Total,34,23,11
S01013415,Lone parent family: Parent working,16,11,5
S01013415,Lone parent family: Parent not working,18,12,6
S01013416,All parents aged 16 and over with dependent children,104,53,51
S01013416,Couple family: Total,78,36,42
S01013416,Couple family: Both parents working,50,20,30
S01013416,Couple family: One parent working,22,12,10
S01013416,Couple family: No parents working,6,4,2
S01013416,Lone parent family: Total,26,17,9
S01013416,Lone parent family: Parent working,15,12,3
S01013416,Lone parent family: Parent not working,11,5,6
S01013417,All parents aged 16 and over with dependent children,118,71,47
S01013417,Couple family: Total,100,56,44
S01013417,Couple family: Both parents working,64,38,26
S01013417,Couple family: One parent working,30,14,16
S01013417,Couple family: No parents working,6,4,2
S01013417,Lone parent family: Total,18,15,3
S01013417,Lone parent family: Parent working,11,10,1
S01013417,Lone parent family: Parent not working,7,5,2
S01013418,All parents aged 16 and over with dependent children,133,51,82
S01013418,Couple family: Total,108,40,68
S01013418,Couple family: Both parents working,76,36,40
S01013418,Couple family: One parent working,28,4,24
S01013418,Couple family: No parents working,4,0,4
S01013418,Lone parent family: Total,25,11,14
S01013418,Lone parent family: Parent working,13,5,8
S01013418,Lone parent family: Parent not working,12,6,6
S01013419,All parents aged 16 and over with dependent children,108,52,56
S01013419,Couple family: Total,98,46,52
S01013419,Couple family: Both parents working,80,42,38
S01013419,Couple family: One parent working,18,4,14
S01013419,Couple family: No parents working,0,0,0
S01013419,Lone parent family: Total,10,6,4
S01013419,Lone parent family: Parent working,7,4,3
S01013419,Lone parent family: Parent not working,3,2,1
S01013420,All parents aged 16 and over with dependent children,112,61,51
S01013420,Couple family: Total,92,48,44
S01013420,Couple family: Both parents working,74,42,32
S01013420,Couple family: One parent working,14,6,8
S01013420,Couple family: No parents working,4,0,4
S01013420,Lone parent family: Total,20,13,7
S01013420,Lone parent family: Parent working,12,9,3
S01013420,Lone parent family: Parent not working,8,4,4
S01013421,All parents aged 16 and over with dependent children,283,127,156
S01013421,Couple family: Total,264,116,148
S01013421,Couple family: Both parents working,220,100,120
S01013421,Couple family: One parent working,44,16,28
S01013421,Couple family: No parents working,0,0,0
S01013421,Lone parent family: Total,19,11,8
S01013421,Lone parent family: Parent working,13,8,5
S01013421,Lone parent family: Parent not working,6,3,3
S01013422,All parents aged 16 and over with dependent children,161,77,84
S01013422,Couple family: Total,128,54,74
S01013422,Couple family: Both parents working,94,46,48
S01013422,Couple family: One parent working,28,6,22
S01013422,Couple family: No parents working,6,2,4
S01013422,Lone parent family: Total,33,23,10
S01013422,Lone parent family: Parent working,25,16,9
S01013422,Lone parent family: Parent not working,8,7,1
S01013423,All parents aged 16 and over with dependent children,184,76,108
S01013423,Couple family: Total,162,64,98
S01013423,Couple family: Both parents working,126,46,80
S01013423,Couple family: One parent working,30,14,16
S01013423,Couple family: No parents working,6,4,2
S01013423,Lone parent family: Total,22,12,10
S01013423,Lone parent family: Parent working,15,9,6
S01013423,Lone parent family: Parent not working,7,3,4
S01013424,All parents aged 16 and over with dependent children,135,58,77
S01013424,Couple family: Total,122,52,70
S01013424,Couple family: Both parents working,110,48,62
S01013424,Couple family: One parent working,12,4,8
S01013424,Couple family: No parents working,0,0,0
S01013424,Lone parent family: Total,13,6,7
S01013424,Lone parent family: Parent working,10,4,6
S01013424,Lone parent family: Parent not working,3,2,1
S01013425,All parents aged 16 and over with dependent children,89,46,43
S01013425,Couple family: Total,78,38,40
S01013425,Couple family: Both parents working,64,34,30
S01013425,Couple family: One parent working,10,4,6
S01013425,Couple family: No parents working,4,0,4
S01013425,Lone parent family: Total,11,8,3
S01013425,Lone parent family: Parent working,7,6,1
S01013425,Lone parent family: Parent not working,4,2,2
S01013426,All parents aged 16 and over with dependent children,164,87,77
S01013426,Couple family: Total,120,64,56
S01013426,Couple family: Both parents working,80,42,38
S01013426,Couple family: One parent working,28,14,14
S01013426,Couple family: No parents working,12,8,4
S01013426,Lone parent family: Total,44,23,21
S01013426,Lone parent family: Parent working,25,16,9
S01013426,Lone parent family: Parent not working,19,7,12
S01013427,All parents aged 16 and over with dependent children,119,44,75
S01013427,Couple family: Total,108,38,70
S01013427,Couple family: Both parents working,88,32,56
S01013427,Couple family: One parent working,20,6,14
S01013427,Couple family: No parents working,0,0,0
S01013427,Lone parent family: Total,11,6,5
S01013427,Lone parent family: Parent working,8,5,3
S01013427,Lone parent family: Parent not working,3,1,2
S01013428,All parents aged 16 and over with dependent children,219,108,111
S01013428,Couple family: Total,164,74,90
S01013428,Couple family: Both parents working,94,50,44
S01013428,Couple family: One parent working,60,20,40
S01013428,Couple family: No parents working,10,4,6
S01013428,Lone parent family: Total,55,34,21
S01013428,Lone parent family: Parent working,29,18,11
S01013428,Lone parent family: Parent not working,26,16,10
S01013429,All parents aged 16 and over with dependent children,132,60,72
S01013429,Couple family: Total,102,42,60
S01013429,Couple family: Both parents working,66,34,32
S01013429,Couple family: One parent working,28,8,20
S01013429,Couple family: No parents working,8,0,8
S01013429,Lone parent family: Total,30,18,12
S01013429,Lone parent family: Parent working,20,13,7
S01013429,Lone parent family: Parent not working,10,5,5
S01013430,All parents aged 16 and over with dependent children,159,75,84
S01013430,Couple family: Total,134,58,76
S01013430,Couple family: Both parents working,104,50,54
S01013430,Couple family: One parent working,26,8,18
S01013430,Couple family: No parents working,4,0,4
S01013430,Lone parent family: Total,25,17,8
S01013430,Lone parent family: Parent working,16,10,6
S01013430,Lone parent family: Parent not working,9,7,2
S01013431,All parents aged 16 and over with dependent children,132,68,64
S01013431,Couple family: Total,104,54,50
S01013431,Couple family: Both parents working,76,40,36
S01013431,Couple family: One parent working,20,8,12
S01013431,Couple family: No parents working,8,6,2
S01013431,Lone parent family: Total,28,14,14
S01013431,Lone parent family: Parent working,17,11,6
S01013431,Lone parent family: Parent not working,11,3,8
S01013432,All parents aged 16 and over with dependent children,151,69,82
S01013432,Couple family: Total,130,56,74
S01013432,Couple family: Both parents working,86,38,48
S01013432,Couple family: One parent working,34,12,22
S01013432,Couple family: No parents working,10,6,4
S01013432,Lone parent family: Total,21,13,8
S01013432,Lone parent family: Parent working,13,8,5
S01013432,Lone parent family: Parent not working,8,5,3
S01013433,All parents aged 16 and over with dependent children,177,77,100
S01013433,Couple family: Total,160,68,92
S01013433,Couple family: Both parents working,118,46,72
S01013433,Couple family: One parent working,28,14,14
S01013433,Couple family: No parents working,14,8,6
S01013433,Lone parent family: Total,17,9,8
S01013433,Lone parent family: Parent working,12,6,6
S01013433,Lone parent family: Parent not working,5,3,2
S01013434,All parents aged 16 and over with dependent children,146,55,91
S01013434,Couple family: Total,138,48,90
S01013434,Couple family: Both parents working,110,36,74
S01013434,Couple family: One parent working,26,10,16
S01013434,Couple family: No parents working,2,2,0
S01013434,Lone parent family: Total,8,7,1
S01013434,Lone parent family: Parent working,4,4,0
S01013434,Lone parent family: Parent not working,4,3,1
S01013435,All parents aged 16 and over with dependent children,207,48,159
S01013435,Couple family: Total,196,40,156
S01013435,Couple family: Both parents working,150,36,114
S01013435,Couple family: One parent working,46,4,42
S01013435,Couple family: No parents working,0,0,0
S01013435,Lone parent family: Total,11,8,3
S01013435,Lone parent family: Parent working,11,8,3
S01013435,Lone parent family: Parent not working,0,0,0
S01013436,All parents aged 16 and over with dependent children,224,73,151
S01013436,Couple family: Total,186,52,134
S01013436,Couple family: Both parents working,140,40,100
S01013436,Couple family: One parent working,42,12,30
S01013436,Couple family: No parents working,4,0,4
S01013436,Lone parent family: Total,38,21,17
S01013436,Lone parent family: Parent working,31,18,13
S01013436,Lone parent family: Parent not working,7,3,4
S01013437,All parents aged 16 and over with dependent children,101,53,48
S01013437,Couple family: Total,78,38,40
S01013437,Couple family: Both parents working,60,30,30
S01013437,Couple family: One parent working,16,6,10
S01013437,Couple family: No parents working,2,2,0
S01013437,Lone parent family: Total,23,15,8
S01013437,Lone parent family: Parent working,15,11,4
S01013437,Lone parent family: Parent not working,8,4,4
S01013438,All parents aged 16 and over with dependent children,122,72,50
S01013438,Couple family: Total,84,44,40
S01013438,Couple family: Both parents working,54,30,24
S01013438,Couple family: One parent working,26,12,14
S01013438,Couple family: No parents working,4,2,2
S01013438,Lone parent family: Total,38,28,10
S01013438,Lone parent family: Parent working,23,19,4
S01013438,Lone parent family: Parent not working,15,9,6
S01013439,All parents aged 16 and over with dependent children,204,63,141
S01013439,Couple family: Total,196,58,138
S01013439,Couple family: Both parents working,150,46,104
S01013439,Couple family: One parent working,44,10,34
S01013439,Couple family: No parents working,2,2,0
S01013439,Lone parent family: Total,8,5,3
S01013439,Lone parent family: Parent working,8,5,3
S01013439,Lone parent family: Parent not working,0,0,0
S01013440,All parents aged 16 and over with dependent children,237,72,165
S01013440,Couple family: Total,228,68,160
S01013440,Couple family: Both parents working,176,56,120
S01013440,Couple family: One parent working,50,10,40
S01013440,Couple family: No parents working,2,2,0
S01013440,Lone parent family: Total,9,4,5
S01013440,Lone parent family: Parent working,5,1,4
S01013440,Lone parent family: Parent not working,4,3,1
S01013441,All parents aged 16 and over with dependent children,169,70,99
S01013441,Couple family: Total,164,66,98
S01013441,Couple family: Both parents working,130,52,78
S01013441,Couple family: One parent working,28,12,16
S01013441,Couple family: No parents working,6,2,4
S01013441,Lone parent family: Total,5,4,1
S01013441,Lone parent family: Parent working,4,3,1
S01013441,Lone parent family: Parent not working,1,1,0
S01013442,All parents aged 16 and over with dependent children,177,79,98
S01013442,Couple family: Total,152,62,90
S01013442,Couple family: Both parents working,122,52,70
S01013442,Couple family: One parent working,28,10,18
S01013442,Couple family: No parents working,2,0,2
S01013442,Lone parent family: Total,25,17,8
S01013442,Lone parent family: Parent working,18,14,4
S01013442,Lone parent family: Parent not working,7,3,4
S01013443,All parents aged 16 and over with dependent children,132,48,84
S01013443,Couple family: Total,114,40,74
S01013443,Couple family: Both parents working,82,30,52
S01013443,Couple family: One parent working,30,10,20
S01013443,Couple family: No parents working,2,0,2
S01013443,Lone parent family: Total,18,8,10
S01013443,Lone parent family: Parent working,12,5,7
S01013443,Lone parent family: Parent not working,6,3,3
S01013444,All parents aged 16 and over with dependent children,136,74,62
S01013444,Couple family: Total,108,50,58
S01013444,Couple family: Both parents working,82,44,38
S01013444,Couple family: One parent working,24,6,18
S01013444,Couple family: No parents working,2,0,2
S01013444,Lone parent family: Total,28,24,4
S01013444,Lone parent family: Parent working,25,22,3
S01013444,Lone parent family: Parent not working,3,2,1
S01013445,All parents aged 16 and over with dependent children,151,38,113
S01013445,Couple family: Total,146,34,112
S01013445,Couple family: Both parents working,114,28,86
S01013445,Couple family: One parent working,30,4,26
S01013445,Couple family: No parents working,2,2,0
S01013445,Lone parent family: Total,5,4,1
S01013445,Lone parent family: Parent working,4,3,1
S01013445,Lone parent family: Parent not working,1,1,0
S01013446,All parents aged 16 and over with dependent children,148,66,82
S01013446,Couple family: Total,122,54,68
S01013446,Couple family: Both parents working,86,40,46
S01013446,Couple family: One parent working,36,14,22
S01013446,Couple family: No parents working,0,0,0
S01013446,Lone parent family: Total,26,12,14
S01013446,Lone parent family: Parent working,19,9,10
S01013446,Lone parent family: Parent not working,7,3,4
S01013447,All parents aged 16 and over with dependent children,247,60,187
S01013447,Couple family: Total,236,52,184
S01013447,Couple family: Both parents working,184,44,140
S01013447,Couple family: One parent working,50,8,42
S01013447,Couple family: No parents working,2,0,2
S01013447,Lone parent family: Total,11,8,3
S01013447,Lone parent family: Parent working,10,7,3
S01013447,Lone parent family: Parent not working,1,1,0
S01013448,All parents aged 16 and over with dependent children,143,69,74
S01013448,Couple family: Total,132,62,70
S01013448,Couple family: Both parents working,100,52,48
S01013448,Couple family: One parent working,30,8,22
S01013448,Couple family: No parents working,2,2,0
S01013448,Lone parent family: Total,11,7,4
S01013448,Lone parent family: Parent working,8,5,3
S01013448,Lone parent family: Parent not working,3,2,1
S01013449,All parents aged 16 and over with dependent children,153,61,92
S01013449,Couple family: Total,142,54,88
S01013449,Couple family: Both parents working,128,48,80
S01013449,Couple family: One parent working,12,4,8
S01013449,Couple family: No parents working,2,2,0
S01013449,Lone parent family: Total,11,7,4
S01013449,Lone parent family: Parent working,10,6,4
S01013449,Lone parent family: Parent not working,1,1,0
S01013450,All parents aged 16 and over with dependent children,146,64,82
S01013450,Couple family: Total,130,52,78
S01013450,Couple family: Both parents working,102,46,56
S01013450,Couple family: One parent working,28,6,22
S01013450,Couple family: No parents working,0,0,0
S01013450,Lone parent family: Total,16,12,4
S01013450,Lone parent family: Parent working,14,11,3
S01013450,Lone parent family: Parent not working,2,1,1
S01013451,All parents aged 16 and over with dependent children,276,99,177
S01013451,Couple family: Total,256,88,168
S01013451,Couple family: Both parents working,212,70,142
S01013451,Couple family: One parent working,40,18,22
S01013451,Couple family: No parents working,4,0,4
S01013451,Lone parent family: Total,20,11,9
S01013451,Lone parent family: Parent working,16,10,6
S01013451,Lone parent family: Parent not working,4,1,3
S01013452,All parents aged 16 and over with dependent children,225,92,133
S01013452,Couple family: Total,208,82,126
S01013452,Couple family: Both parents working,162,62,100
S01013452,Couple family: One parent working,40,16,24
S01013452,Couple family: No parents working,6,4,2
S01013452,Lone parent family: Total,17,10,7
S01013452,Lone parent family: Parent working,15,8,7
S01013452,Lone parent family: Parent not working,2,2,0
S01013453,All parents aged 16 and over with dependent children,171,78,93
S01013453,Couple family: Total,114,40,74
S01013453,Couple family: Both parents working,68,32,36
S01013453,Couple family: One parent working,32,6,26
S01013453,Couple family: No parents working,14,2,12
S01013453,Lone parent family: Total,57,38,19
S01013453,Lone parent family: Parent working,30,19,11
S01013453,Lone parent family: Parent not working,27,19,8
S01013454,All parents aged 16 and over with dependent children,170,70,100
S01013454,Couple family: Total,162,66,96
S01013454,Couple family: Both parents working,126,50,76
S01013454,Couple family: One parent working,36,16,20
S01013454,Couple family: No parents working,0,0,0
S01013454,Lone parent family: Total,8,4,4
S01013454,Lone parent family: Parent working,6,4,2
S01013454,Lone parent family: Parent not working,2,0,2
S01013455,All parents aged 16 and over with dependent children,98,32,66
S01013455,Couple family: Total,92,30,62
S01013455,Couple family: Both parents working,70,28,42
S01013455,Couple family: One parent working,20,2,18
S01013455,Couple family: No parents working,2,0,2
S01013455,Lone parent family: Total,6,2,4
S01013455,Lone parent family: Parent working,2,1,1
S01013455,Lone parent family: Parent not working,4,1,3
S01013456,All parents aged 16 and over with dependent children,150,69,81
S01013456,Couple family: Total,132,58,74
S01013456,Couple family: Both parents working,98,46,52
S01013456,Couple family: One parent working,28,10,18
S01013456,Couple family: No parents working,6,2,4
S01013456,Lone parent family: Total,18,11,7
S01013456,Lone parent family: Parent working,10,5,5
S01013456,Lone parent family: Parent not working,8,6,2
S01013457,All parents aged 16 and over with dependent children,188,93,95
S01013457,Couple family: Total,134,56,78
S01013457,Couple family: Both parents working,94,40,54
S01013457,Couple family: One parent working,30,14,16
S01013457,Couple family: No parents working,10,2,8
S01013457,Lone parent family: Total,54,37,17
S01013457,Lone parent family: Parent working,24,17,7
S01013457,Lone parent family: Parent not working,30,20,10
S01013458,All parents aged 16 and over with dependent children,135,55,80
S01013458,Couple family: Total,114,46,68
S01013458,Couple family: Both parents working,84,32,52
S01013458,Couple family: One parent working,26,10,16
S01013458,Couple family: No parents working,4,4,0
S01013458,Lone parent family: Total,21,9,12
S01013458,Lone parent family: Parent working,12,6,6
S01013458,Lone parent family: Parent not working,9,3,6
S01013459,All parents aged 16 and over with dependent children,129,63,66
S01013459,Couple family: Total,104,46,58
S01013459,Couple family: Both parents working,72,32,40
S01013459,Couple family: One parent working,26,10,16
S01013459,Couple family: No parents working,6,4,2
S01013459,Lone parent family: Total,25,17,8
S01013459,Lone parent family: Parent working,18,10,8
S01013459,Lone parent family: Parent not working,7,7,0
S01013460,All parents aged 16 and over with dependent children,179,70,109
S01013460,Couple family: Total,138,54,84
S01013460,Couple family: Both parents working,92,38,54
S01013460,Couple family: One parent working,38,16,22
S01013460,Couple family: No parents working,8,0,8
S01013460,Lone parent family: Total,41,16,25
S01013460,Lone parent family: Parent working,24,10,14
S01013460,Lone parent family: Parent not working,17,6,11
S01013461,All parents aged 16 and over with dependent children,308,159,149
S01013461,Couple family: Total,258,126,132
S01013461,Couple family: Both parents working,186,98,88
S01013461,Couple family: One parent working,50,22,28
S01013461,Couple family: No parents working,22,6,16
S01013461,Lone parent family: Total,50,33,17
S01013461,Lone parent family: Parent working,33,23,10
S01013461,Lone parent family: Parent not working,17,10,7
S01013462,All parents aged 16 and over with dependent children,200,102,98
S01013462,Couple family: Total,178,86,92
S01013462,Couple family: Both parents working,142,76,66
S01013462,Couple family: One parent working,34,10,24
S01013462,Couple family: No parents working,2,0,2
S01013462,Lone parent family: Total,22,16,6
S01013462,Lone parent family: Parent working,19,15,4
S01013462,Lone parent family: Parent not working,3,1,2
S01013463,All parents aged 16 and over with dependent children,182,81,101
S01013463,Couple family: Total,132,54,78
S01013463,Couple family: Both parents working,94,46,48
S01013463,Couple family: One parent working,22,2,20
S01013463,Couple family: No parents working,16,6,10
S01013463,Lone parent family: Total,50,27,23
S01013463,Lone parent family: Parent working,27,17,10
S01013463,Lone parent family: Parent not working,23,10,13
S01013464,All parents aged 16 and over with dependent children,109,46,63
S01013464,Couple family: Total,94,34,60
S01013464,Couple family: Both parents working,76,26,50
S01013464,Couple family: One parent working,16,6,10
S01013464,Couple family: No parents working,2,2,0
S01013464,Lone parent family: Total,15,12,3
S01013464,Lone parent family: Parent working,9,7,2
S01013464,Lone parent family: Parent not working,6,5,1
S01013465,All parents aged 16 and over with dependent children,100,48,52
S01013465,Couple family: Total,86,44,42
S01013465,Couple family: Both parents working,60,32,28
S01013465,Couple family: One parent working,18,6,12
S01013465,Couple family: No parents working,8,6,2
S01013465,Lone parent family: Total,14,4,10
S01013465,Lone parent family: Parent working,9,2,7
S01013465,Lone parent family: Parent not working,5,2,3
S01013466,All parents aged 16 and over with dependent children,57,23,34
S01013466,Couple family: Total,54,22,32
S01013466,Couple family: Both parents working,34,16,18
S01013466,Couple family: One parent working,16,6,10
S01013466,Couple family: No parents working,4,0,4
S01013466,Lone parent family: Total,3,1,2
S01013466,Lone parent family: Parent working,2,1,1
S01013466,Lone parent family: Parent not working,1,0,1
S01013467,All parents aged 16 and over with dependent children,305,162,143
S01013467,Couple family: Total,292,154,138
S01013467,Couple family: Both parents working,244,140,104
S01013467,Couple family: One parent working,46,12,34
S01013467,Couple family: No parents working,2,2,0
S01013467,Lone parent family: Total,13,8,5
S01013467,Lone parent family: Parent working,10,6,4
S01013467,Lone parent family: Parent not working,3,2,1
S01013468,All parents aged 16 and over with dependent children,111,69,42
S01013468,Couple family: Total,90,56,34
S01013468,Couple family: Both parents working,78,50,28
S01013468,Couple family: One parent working,12,6,6
S01013468,Couple family: No parents working,0,0,0
S01013468,Lone parent family: Total,21,13,8
S01013468,Lone parent family: Parent working,10,7,3
S01013468,Lone parent family: Parent not working,11,6,5
S01013469,All parents aged 16 and over with dependent children,119,54,65
S01013469,Couple family: Total,100,44,56
S01013469,Couple family: Both parents working,90,38,52
S01013469,Couple family: One parent working,6,2,4
S01013469,Couple family: No parents working,4,4,0
S01013469,Lone parent family: Total,19,10,9
S01013469,Lone parent family: Parent working,15,8,7
S01013469,Lone parent family: Parent not working,4,2,2
S01013470,All parents aged 16 and over with dependent children,169,95,74
S01013470,Couple family: Total,118,60,58
S01013470,Couple family: Both parents working,72,42,30
S01013470,Couple family: One parent working,38,14,24
S01013470,Couple family: No parents working,8,4,4
S01013470,Lone parent family: Total,51,35,16
S01013470,Lone parent family: Parent working,30,24,6
S01013470,Lone parent family: Parent not working,21,11,10
S01013471,All parents aged 16 and over with dependent children,201,91,110
S01013471,Couple family: Total,148,60,88
S01013471,Couple family: Both parents working,102,48,54
S01013471,Couple family: One parent working,40,10,30
S01013471,Couple family: No parents working,6,2,4
S01013471,Lone parent family: Total,53,31,22
S01013471,Lone parent family: Parent working,33,17,16
S01013471,Lone parent family: Parent not working,20,14,6
S01013472,All parents aged 16 and over with dependent children,222,98,124
S01013472,Couple family: Total,216,96,120
S01013472,Couple family: Both parents working,174,82,92
S01013472,Couple family: One parent working,42,14,28
S01013472,Couple family: No parents working,0,0,0
S01013472,Lone parent family: Total,6,2,4
S01013472,Lone parent family: Parent working,5,2,3
S01013472,Lone parent family: Parent not working,1,0,1
S01013473,All parents aged 16 and over with dependent children,254,96,158
S01013473,Couple family: Total,244,88,156
S01013473,Couple family: Both parents working,184,72,112
S01013473,Couple family: One parent working,56,16,40
S01013473,Couple family: No parents working,4,0,4
S01013473,Lone parent family: Total,10,8,2
S01013473,Lone parent family: Parent working,8,6,2
S01013473,Lone parent family: Parent not working,2,2,0
S01013474,All parents aged 16 and over with dependent children,204,80,124
S01013474,Couple family: Total,188,68,120
S01013474,Couple family: Both parents working,142,54,88
S01013474,Couple family: One parent working,40,12,28
S01013474,Couple family: No parents working,6,2,4
S01013474,Lone parent family: Total,16,12,4
S01013474,Lone parent family: Parent working,13,9,4
S01013474,Lone parent family: Parent not working,3,3,0
S01013475,All parents aged 16 and over with dependent children,144,75,69
S01013475,Couple family: Total,128,62,66
S01013475,Couple family: Both parents working,100,48,52
S01013475,Couple family: One parent working,24,12,12
S01013475,Couple family: No parents working,4,2,2
S01013475,Lone parent family: Total,16,13,3
S01013475,Lone parent family: Parent working,5,3,2
S01013475,Lone parent family: Parent not working,11,10,1
S01013476,All parents aged 16 and over with dependent children,122,78,44
S01013476,Couple family: Total,106,66,40
S01013476,Couple family: Both parents working,82,48,34
S01013476,Couple family: One parent working,18,14,4
S01013476,Couple family: No parents working,6,4,2
S01013476,Lone parent family: Total,16,12,4
S01013476,Lone parent family: Parent working,8,6,2
S01013476,Lone parent family: Parent not working,8,6,2
S01013477,All parents aged 16 and over with dependent children,101,57,44
S01013477,Couple family: Total,72,38,34
S01013477,Couple family: Both parents working,50,26,24
S01013477,Couple family: One parent working,18,10,8
S01013477,Couple family: No parents working,4,2,2
S01013477,Lone parent family: Total,29,19,10
S01013477,Lone parent family: Parent working,15,10,5
S01013477,Lone parent family: Parent not working,14,9,5
S01013478,All parents aged 16 and over with dependent children,217,94,123
S01013478,Couple family: Total,182,72,110
S01013478,Couple family: Both parents working,140,56,84
S01013478,Couple family: One parent working,34,12,22
S01013478,Couple family: No parents working,8,4,4
S01013478,Lone parent family: Total,35,22,13
S01013478,Lone parent family: Parent working,22,15,7
S01013478,Lone parent family: Parent not working,13,7,6
S01013479,All parents aged 16 and over with dependent children,119,69,50
S01013479,Couple family: Total,84,44,40
S01013479,Couple family: Both parents working,56,38,18
S01013479,Couple family: One parent working,28,6,22
S01013479,Couple family: No parents working,0,0,0
S01013479,Lone parent family: Total,35,25,10
S01013479,Lone parent family: Parent working,24,19,5
S01013479,Lone parent family: Parent not working,11,6,5
S01013480,All parents aged 16 and over with dependent children,125,64,61
S01013480,Couple family: Total,106,52,54
S01013480,Couple family: Both parents working,66,36,30
S01013480,Couple family: One parent working,38,14,24
S01013480,Couple family: No parents working,2,2,0
S01013480,Lone parent family: Total,19,12,7
S01013480,Lone parent family: Parent working,12,7,5
S01013480,Lone parent family: Parent not working,7,5,2
S01013481,All parents aged 16 and over with dependent children,66,33,33
S01013481,Couple family: Total,56,24,32
S01013481,Couple family: Both parents working,46,20,26
S01013481,Couple family: One parent working,8,4,4
S01013481,Couple family: No parents working,2,0,2
S01013481,Lone parent family: Total,10,9,1
S01013481,Lone parent family: Parent working,5,4,1
S01013481,Lone parent family: Parent not working,5,5,0
