,LC1601SC0001,LC1601SC0002,LC1601SC0003,LC1601SC0004,LC1601SC0005,LC1601SC0006,LC1601SC0007,LC1601SC0008,LC1601SC0009,LC1601SC0010,LC1601SC0011,LC1601SC0012,LC1601SC0013,LC1601SC0014,LC1601SC0015,LC1601SC0016,LC1601SC0017,LC1601SC0018,LC1601SC0019,LC1601SC0020,LC1601SC0021,LC1601SC0022,LC1601SC0023,LC1601SC0024
S92000003,1038573,493613,544960,848843,378410,470433,610398,284300,326098,192578,73810,118768,45867,20300,25567,189730,115203,74527,110722,71284,39438,79008,43919,35089
S01006506,163,93,70,148,80,68,106,60,46,36,18,18,6,2,4,15,13,2,11,9,2,4,4,0
S01006507,176,86,90,152,68,84,116,52,64,34,16,18,2,0,2,24,18,6,20,16,4,4,2,2
S01006508,123,72,51,108,60,48,86,54,32,20,6,14,2,0,2,15,12,3,13,10,3,2,2,0
S01006509,120,61,59,100,48,52,82,38,44,16,8,8,2,2,0,20,13,7,16,10,6,4,3,1
S01006510,120,51,69,106,42,64,76,34,42,28,6,22,2,2,0,14,9,5,8,5,3,6,4,2
S01006511,159,57,102,148,52,96,112,36,76,36,16,20,0,0,0,11,5,6,9,3,6,2,2,0
S01006512,161,52,109,152,48,104,98,36,62,48,10,38,6,2,4,9,4,5,7,4,3,2,0,2
S01006513,143,45,98,134,38,96,90,24,66,44,14,30,0,0,0,9,7,2,8,7,1,1,0,1
S01006514,272,90,182,264,84,180,182,66,116,78,14,64,4,4,0,8,6,2,8,6,2,0,0,0
S01006515,211,79,132,198,74,124,146,50,96,48,22,26,4,2,2,13,5,8,9,4,5,4,1,3
S01006516,94,40,54,90,36,54,54,28,26,32,8,24,4,0,4,4,4,0,4,4,0,0,0,0
S01006517,245,84,161,226,76,150,164,56,108,62,20,42,0,0,0,19,8,11,14,7,7,5,1,4
S01006518,150,57,93,142,52,90,90,38,52,52,14,38,0,0,0,8,5,3,7,5,2,1,0,1
S01006519,212,67,145,192,56,136,122,42,80,70,14,56,0,0,0,20,11,9,12,6,6,8,5,3
S01006520,242,63,179,232,56,176,128,36,92,100,20,80,4,0,4,10,7,3,9,7,2,1,0,1
S01006521,196,87,109,188,82,106,100,54,46,88,28,60,0,0,0,8,5,3,6,4,2,2,1,1
S01006522,165,56,109,156,52,104,118,46,72,38,6,32,0,0,0,9,4,5,8,4,4,1,0,1
S01006523,217,100,117,198,88,110,138,66,72,60,22,38,0,0,0,19,12,7,13,8,5,6,4,2
S01006524,144,54,90,134,48,86,76,30,46,56,18,38,2,0,2,10,6,4,7,5,2,3,1,2
S01006525,174,75,99,160,66,94,96,44,52,64,22,42,0,0,0,14,9,5,11,9,2,3,0,3
S01006526,141,84,57,108,60,48,86,48,38,18,8,10,4,4,0,33,24,9,18,13,5,15,11,4
S01006527,136,63,73,108,50,58,58,38,20,40,10,30,10,2,8,28,13,15,15,10,5,13,3,10
S01006528,169,81,88,138,62,76,102,52,50,32,6,26,4,4,0,31,19,12,21,15,6,10,4,6
S01006529,126,66,60,110,60,50,64,40,24,32,16,16,14,4,10,16,6,10,10,4,6,6,2,4
S01006530,98,47,51,78,38,40,58,34,24,16,4,12,4,0,4,20,9,11,15,7,8,5,2,3
S01006531,163,74,89,130,58,72,82,40,42,42,18,24,6,0,6,33,16,17,15,8,7,18,8,10
S01006532,124,57,67,116,52,64,82,42,40,34,10,24,0,0,0,8,5,3,8,5,3,0,0,0
S01006533,155,70,85,150,68,82,108,54,54,42,14,28,0,0,0,5,2,3,5,2,3,0,0,0
S01006534,222,86,136,212,80,132,138,54,84,74,26,48,0,0,0,10,6,4,7,4,3,3,2,1
S01006535,169,93,76,156,84,72,110,60,50,34,12,22,12,12,0,13,9,4,7,6,1,6,3,3
S01006536,145,104,41,136,96,40,102,74,28,34,22,12,0,0,0,9,8,1,5,5,0,4,3,1
S01006537,155,74,81,150,72,78,110,60,50,38,12,26,2,0,2,5,2,3,5,2,3,0,0,0
S01006538,112,52,60,106,46,60,74,36,38,32,10,22,0,0,0,6,6,0,5,5,0,1,1,0
S01006539,154,64,90,144,56,88,126,50,76,16,6,10,2,0,2,10,8,2,9,7,2,1,1,0
S01006540,198,109,89,192,104,88,142,80,62,46,22,24,4,2,2,6,5,1,4,4,0,2,1,1
S01006541,153,64,89,148,60,88,116,46,70,32,14,18,0,0,0,5,4,1,4,3,1,1,1,0
S01006542,176,87,89,164,78,86,100,48,52,62,30,32,2,0,2,12,9,3,10,8,2,2,1,1
S01006543,155,78,77,148,76,72,108,56,52,38,18,20,2,2,0,7,2,5,4,1,3,3,1,2
S01006544,184,97,87,172,92,80,114,60,54,54,30,24,4,2,2,12,5,7,9,4,5,3,1,2
S01006545,165,77,88,152,66,86,114,50,64,34,16,18,4,0,4,13,11,2,11,9,2,2,2,0
S01006546,146,70,76,140,68,72,114,54,60,26,14,12,0,0,0,6,2,4,6,2,4,0,0,0
S01006547,164,84,80,146,72,74,76,32,44,66,36,30,4,4,0,18,12,6,11,8,3,7,4,3
S01006548,144,64,80,142,64,78,126,58,68,16,6,10,0,0,0,2,0,2,1,0,1,1,0,1
S01006549,152,79,73,148,76,72,102,56,46,46,20,26,0,0,0,4,3,1,3,2,1,1,1,0
S01006550,183,85,98,176,80,96,130,60,70,46,20,26,0,0,0,7,5,2,5,4,1,2,1,1
S01006551,120,53,67,96,34,62,68,22,46,24,8,16,4,4,0,24,19,5,17,13,4,7,6,1
S01006552,159,84,75,136,70,66,108,56,52,26,12,14,2,2,0,23,14,9,22,13,9,1,1,0
S01006553,148,70,78,132,56,76,106,46,60,26,10,16,0,0,0,16,14,2,10,9,1,6,5,1
S01006554,113,63,50,92,46,46,66,30,36,24,14,10,2,2,0,21,17,4,14,13,1,7,4,3
S01006555,173,88,85,126,56,70,98,48,50,26,6,20,2,2,0,47,32,15,26,19,7,21,13,8
S01006556,149,83,66,120,64,56,92,46,46,18,8,10,10,10,0,29,19,10,15,11,4,14,8,6
S01006557,133,63,70,102,40,62,64,26,38,32,12,20,6,2,4,31,23,8,23,20,3,8,3,5
S01006558,88,50,38,84,46,38,56,32,24,28,14,14,0,0,0,4,4,0,4,4,0,0,0,0
S01006559,138,68,70,128,58,70,86,38,48,40,18,22,2,2,0,10,10,0,8,8,0,2,2,0
S01006560,238,93,145,224,84,140,180,74,106,40,10,30,4,0,4,14,9,5,11,8,3,3,1,2
S01006561,181,72,109,166,62,104,116,46,70,48,16,32,2,0,2,15,10,5,13,9,4,2,1,1
S01006562,129,57,72,110,48,62,90,40,50,14,8,6,6,0,6,19,9,10,17,8,9,2,1,1
S01006563,182,77,105,170,70,100,114,56,58,52,12,40,4,2,2,12,7,5,11,6,5,1,1,0
S01006564,114,79,35,82,60,22,32,24,8,40,30,10,10,6,4,32,19,13,20,14,6,12,5,7
S01006565,59,53,6,50,46,4,32,32,0,18,14,4,0,0,0,9,7,2,4,4,0,5,3,2
S01006566,84,44,40,74,36,38,44,22,22,22,12,10,8,2,6,10,8,2,6,5,1,4,3,1
S01006567,47,25,22,32,16,16,20,12,8,10,4,6,2,0,2,15,9,6,7,5,2,8,4,4
S01006568,74,51,23,68,46,22,48,36,12,20,10,10,0,0,0,6,5,1,5,5,0,1,0,1
S01006569,98,50,48,92,44,48,54,26,28,36,16,20,2,2,0,6,6,0,5,5,0,1,1,0
S01006570,170,82,88,160,74,86,110,52,58,44,18,26,6,4,2,10,8,2,7,7,0,3,1,2
S01006571,167,74,93,158,66,92,92,34,58,60,30,30,6,2,4,9,8,1,6,6,0,3,2,1
S01006572,238,92,146,228,84,144,148,60,88,76,20,56,4,4,0,10,8,2,8,7,1,2,1,1
S01006573,194,74,120,184,68,116,128,54,74,54,14,40,2,0,2,10,6,4,7,4,3,3,2,1
S01006574,219,82,137,208,76,132,122,54,68,80,22,58,6,0,6,11,6,5,9,6,3,2,0,2
S01006575,218,93,125,200,82,118,148,66,82,52,16,36,0,0,0,18,11,7,17,11,6,1,0,1
S01006576,176,83,93,166,76,90,124,64,60,42,12,30,0,0,0,10,7,3,10,7,3,0,0,0
S01006577,124,64,60,116,60,56,76,38,38,36,20,16,4,2,2,8,4,4,5,2,3,3,2,1
S01006578,102,66,36,92,60,32,64,48,16,28,12,16,0,0,0,10,6,4,6,5,1,4,1,3
S01006579,73,51,22,64,42,22,38,26,12,20,10,10,6,6,0,9,9,0,5,5,0,4,4,0
S01006580,95,51,44,82,42,40,50,24,26,32,18,14,0,0,0,13,9,4,10,7,3,3,2,1
S01006581,189,77,112,182,72,110,128,58,70,54,14,40,0,0,0,7,5,2,4,3,1,3,2,1
S01006582,71,53,18,58,42,16,40,34,6,16,6,10,2,2,0,13,11,2,8,7,1,5,4,1
S01006583,41,26,15,34,20,14,18,14,4,16,6,10,0,0,0,7,6,1,5,5,0,2,1,1
S01006584,78,46,32,68,38,30,52,26,26,16,12,4,0,0,0,10,8,2,7,6,1,3,2,1
S01006585,70,38,32,48,22,26,26,12,14,20,10,10,2,0,2,22,16,6,11,8,3,11,8,3
S01006586,44,39,5,34,30,4,20,18,2,12,12,0,2,0,2,10,9,1,6,6,0,4,3,1
S01006587,52,42,10,46,38,8,34,28,6,12,10,2,0,0,0,6,4,2,4,3,1,2,1,1
S01006588,46,33,13,42,30,12,28,20,8,10,8,2,4,2,2,4,3,1,2,1,1,2,2,0
S01006589,57,38,19,36,22,14,16,8,8,14,8,6,6,6,0,21,16,5,11,8,3,10,8,2
S01006590,56,33,23,50,30,20,34,20,14,16,10,6,0,0,0,6,3,3,3,1,2,3,2,1
S01006591,97,67,30,74,52,22,60,40,20,14,12,2,0,0,0,23,15,8,18,13,5,5,2,3
S01006592,97,52,45,92,48,44,64,34,30,28,14,14,0,0,0,5,4,1,4,4,0,1,0,1
S01006593,82,51,31,76,46,30,50,38,12,22,6,16,4,2,2,6,5,1,5,4,1,1,1,0
S01006594,50,40,10,44,34,10,18,14,4,22,16,6,4,4,0,6,6,0,5,5,0,1,1,0
S01006595,120,83,37,102,66,36,58,44,14,34,20,14,10,2,8,18,17,1,10,10,0,8,7,1
S01006596,108,56,52,102,50,52,66,34,32,36,16,20,0,0,0,6,6,0,5,5,0,1,1,0
S01006597,24,15,9,18,10,8,12,6,6,6,4,2,0,0,0,6,5,1,6,5,1,0,0,0
S01006598,209,107,102,204,102,102,132,74,58,72,28,44,0,0,0,5,5,0,2,2,0,3,3,0
S01006599,71,50,21,52,36,16,32,24,8,18,10,8,2,2,0,19,14,5,13,11,2,6,3,3
S01006600,149,59,90,138,54,84,116,40,76,22,14,8,0,0,0,11,5,6,8,5,3,3,0,3
S01006601,130,65,65,114,56,58,90,46,44,18,4,14,6,6,0,16,9,7,10,6,4,6,3,3
S01006602,192,91,101,182,86,96,138,64,74,40,20,20,4,2,2,10,5,5,4,4,0,6,1,5
S01006603,153,78,75,124,64,60,82,42,40,42,22,20,0,0,0,29,14,15,11,4,7,18,10,8
S01006604,131,82,49,114,72,42,84,54,30,22,12,10,8,6,2,17,10,7,11,6,5,6,4,2
S01006605,147,80,67,106,58,48,66,36,30,32,16,16,8,6,2,41,22,19,24,15,9,17,7,10
S01006606,126,64,62,110,52,58,76,34,42,32,16,16,2,2,0,16,12,4,12,10,2,4,2,2
S01006607,185,98,87,154,82,72,106,60,46,46,20,26,2,2,0,31,16,15,22,12,10,9,4,5
S01006608,163,72,91,154,68,86,124,60,64,22,6,16,8,2,6,9,4,5,8,4,4,1,0,1
S01006609,205,122,83,158,92,66,116,72,44,38,20,18,4,0,4,47,30,17,25,20,5,22,10,12
S01006610,77,46,31,60,38,22,46,28,18,12,8,4,2,2,0,17,8,9,12,6,6,5,2,3
S01006611,178,94,84,136,64,72,88,50,38,42,8,34,6,6,0,42,30,12,22,16,6,20,14,6
S01006612,169,95,74,152,82,70,108,64,44,32,16,16,12,2,10,17,13,4,12,9,3,5,4,1
S01006613,155,77,78,146,74,72,132,70,62,14,4,10,0,0,0,9,3,6,8,2,6,1,1,0
S01006614,228,108,120,210,98,112,170,80,90,36,16,20,4,2,2,18,10,8,17,10,7,1,0,1
S01006615,275,111,164,260,104,156,190,84,106,70,20,50,0,0,0,15,7,8,10,6,4,5,1,4
S01006616,173,93,80,154,84,70,134,78,56,20,6,14,0,0,0,19,9,10,15,9,6,4,0,4
S01006617,133,68,65,118,62,56,90,44,46,28,18,10,0,0,0,15,6,9,13,6,7,2,0,2
S01006618,68,32,36,64,30,34,54,30,24,10,0,10,0,0,0,4,2,2,3,2,1,1,0,1
S01006619,192,109,83,172,96,76,138,88,50,30,6,24,4,2,2,20,13,7,19,13,6,1,0,1
S01006620,146,72,74,134,66,68,116,60,56,14,4,10,4,2,2,12,6,6,10,5,5,2,1,1
S01006621,112,56,56,102,48,54,74,40,34,26,8,18,2,0,2,10,8,2,7,6,1,3,2,1
S01006622,169,76,93,160,70,90,132,58,74,28,12,16,0,0,0,9,6,3,9,6,3,0,0,0
S01006623,130,85,45,114,74,40,86,58,28,24,16,8,4,0,4,16,11,5,11,8,3,5,3,2
S01006624,92,64,28,78,54,24,46,36,10,26,16,10,6,2,4,14,10,4,8,5,3,6,5,1
S01006625,93,51,42,72,40,32,58,34,24,14,6,8,0,0,0,21,11,10,13,8,5,8,3,5
S01006626,116,72,44,78,46,32,48,30,18,20,10,10,10,6,4,38,26,12,18,13,5,20,13,7
S01006627,119,88,31,92,64,28,70,50,20,16,10,6,6,4,2,27,24,3,12,10,2,15,14,1
S01006628,155,106,49,136,92,44,86,56,30,36,28,8,14,8,6,19,14,5,15,11,4,4,3,1
S01006629,161,94,67,102,54,48,54,36,18,40,16,24,8,2,6,59,40,19,34,22,12,25,18,7
S01006630,125,58,67,88,38,50,58,26,32,22,10,12,8,2,6,37,20,17,18,12,6,19,8,11
S01006631,139,74,65,98,50,48,72,40,32,16,8,8,10,2,8,41,24,17,31,20,11,10,4,6
S01006632,170,101,69,122,72,50,76,48,28,30,18,12,16,6,10,48,29,19,28,20,8,20,9,11
S01006633,144,53,91,104,38,66,54,26,28,34,10,24,16,2,14,40,15,25,17,9,8,23,6,17
S01006634,153,78,75,100,48,52,62,40,22,30,4,26,8,4,4,53,30,23,25,16,9,28,14,14
S01006635,143,71,72,114,54,60,78,40,38,32,12,20,4,2,2,29,17,12,17,9,8,12,8,4
S01006636,232,113,119,168,68,100,94,54,40,50,8,42,24,6,18,64,45,19,40,33,7,24,12,12
S01006637,77,57,20,62,46,16,42,32,10,18,12,6,2,2,0,15,11,4,13,10,3,2,1,1
S01006638,47,31,16,42,28,14,28,14,14,8,8,0,6,6,0,5,3,2,2,2,0,3,1,2
S01006639,62,43,19,50,32,18,30,18,12,16,12,4,4,2,2,12,11,1,9,8,1,3,3,0
S01006640,61,48,13,52,42,10,24,22,2,28,20,8,0,0,0,9,6,3,8,5,3,1,1,0
S01006641,82,47,35,68,36,32,38,22,16,24,10,14,6,4,2,14,11,3,8,8,0,6,3,3
S01006642,72,62,10,66,56,10,40,36,4,20,14,6,6,6,0,6,6,0,2,2,0,4,4,0
S01006643,33,29,4,30,26,4,16,16,0,10,6,4,4,4,0,3,3,0,1,1,0,2,2,0
S01006644,65,49,16,52,38,14,24,16,8,26,20,6,2,2,0,13,11,2,10,9,1,3,2,1
S01006645,129,86,43,96,64,32,62,38,24,30,24,6,4,2,2,33,22,11,16,12,4,17,10,7
S01006646,32,27,5,26,22,4,18,16,2,4,4,0,4,2,2,6,5,1,5,5,0,1,0,1
S01006647,98,60,38,62,36,26,32,20,12,22,8,14,8,8,0,36,24,12,21,16,5,15,8,7
S01006648,92,54,38,78,42,36,56,28,28,20,12,8,2,2,0,14,12,2,9,7,2,5,5,0
S01006649,90,66,24,72,52,20,42,32,10,24,16,8,6,4,2,18,14,4,11,9,2,7,5,2
S01006650,56,36,20,48,30,18,26,22,4,18,4,14,4,4,0,8,6,2,7,5,2,1,1,0
S01006651,35,28,7,32,26,6,14,8,6,12,12,0,6,6,0,3,2,1,1,1,0,2,1,1
S01006652,35,14,21,34,14,20,22,10,12,8,4,4,4,0,4,1,0,1,0,0,0,1,0,1
S01006653,72,43,29,68,40,28,38,24,14,28,14,14,2,2,0,4,3,1,3,2,1,1,1,0
S01006654,133,80,53,90,48,42,58,32,26,18,6,12,14,10,4,43,32,11,27,23,4,16,9,7
S01006655,93,55,38,82,46,36,58,30,28,18,14,4,6,2,4,11,9,2,8,6,2,3,3,0
S01006656,131,69,62,106,52,54,64,32,32,32,18,14,10,2,8,25,17,8,11,7,4,14,10,4
S01006657,71,53,18,58,42,16,40,30,10,16,12,4,2,0,2,13,11,2,8,7,1,5,4,1
S01006658,164,87,77,130,66,64,64,40,24,62,26,36,4,0,4,34,21,13,20,15,5,14,6,8
S01006659,54,36,18,50,32,18,30,22,8,18,8,10,2,2,0,4,4,0,2,2,0,2,2,0
S01006660,84,32,52,69,24,45,36,14,22,20,10,10,13,0,13,15,8,7,9,6,3,6,2,4
S01006661,47,29,18,44,26,18,24,20,4,16,6,10,4,0,4,3,3,0,2,2,0,1,1,0
S01006662,100,55,45,74,38,36,36,12,24,32,20,12,6,6,0,26,17,9,11,5,6,15,12,3
S01006663,47,23,24,38,18,20,20,12,8,10,2,8,8,4,4,9,5,4,6,4,2,3,1,2
S01006664,40,24,16,36,22,14,22,16,6,10,6,4,4,0,4,4,2,2,3,2,1,1,0,1
S01006665,39,19,20,38,18,20,20,12,8,12,4,8,6,2,4,1,1,0,0,0,0,1,1,0
S01006666,174,121,53,132,88,44,84,60,24,36,22,14,12,6,6,42,33,9,24,20,4,18,13,5
S01006667,105,71,34,78,54,24,42,32,10,30,16,14,6,6,0,27,17,10,13,11,2,14,6,8
S01006668,51,29,22,40,20,20,26,14,12,14,6,8,0,0,0,11,9,2,8,7,1,3,2,1
S01006669,63,41,22,54,36,18,22,14,8,20,10,10,12,12,0,9,5,4,4,3,1,5,2,3
S01006670,33,30,3,22,20,2,12,12,0,6,4,2,4,4,0,11,10,1,5,5,0,6,5,1
S01006671,65,30,35,54,22,32,36,18,18,10,4,6,8,0,8,11,8,3,7,7,0,4,1,3
S01006672,136,85,51,94,60,34,52,38,14,30,12,18,12,10,2,42,25,17,25,17,8,17,8,9
S01006673,125,82,43,98,58,40,64,38,26,24,16,8,10,4,6,27,24,3,18,17,1,9,7,2
S01006674,181,117,64,132,74,58,66,32,34,54,38,16,12,4,8,49,43,6,29,29,0,20,14,6
S01006675,212,118,94,158,82,76,94,52,42,56,26,30,8,4,4,54,36,18,24,19,5,30,17,13
S01006676,148,82,66,116,62,54,66,44,22,40,16,24,10,2,8,32,20,12,14,9,5,18,11,7
S01006677,117,77,40,88,58,30,62,42,20,18,8,10,8,8,0,29,19,10,18,12,6,11,7,4
S01006678,249,158,91,188,114,74,110,70,40,66,38,28,12,6,6,61,44,17,39,29,10,22,15,7
S01006679,104,68,36,94,60,34,74,50,24,20,10,10,0,0,0,10,8,2,7,6,1,3,2,1
S01006680,215,140,75,156,102,54,102,68,34,46,30,16,8,4,4,59,38,21,31,24,7,28,14,14
S01006681,93,61,32,68,42,26,48,30,18,18,12,6,2,0,2,25,19,6,17,16,1,8,3,5
S01006682,200,112,88,148,80,68,94,52,42,50,24,26,4,4,0,52,32,20,35,23,12,17,9,8
S01006683,182,93,89,140,68,72,86,50,36,42,16,26,12,2,10,42,25,17,23,14,9,19,11,8
S01006684,99,71,28,72,54,18,48,36,12,20,18,2,4,0,4,27,17,10,12,10,2,15,7,8
S01006685,116,63,53,84,42,42,62,32,30,22,10,12,0,0,0,32,21,11,22,13,9,10,8,2
S01006686,130,73,57,110,62,48,74,40,34,32,20,12,4,2,2,20,11,9,11,7,4,9,4,5
S01006687,145,102,43,102,70,32,66,46,20,32,22,10,4,2,2,43,32,11,29,23,6,14,9,5
S01006688,128,79,49,110,66,44,76,54,22,30,10,20,4,2,2,18,13,5,12,8,4,6,5,1
S01006689,123,78,45,118,76,42,96,60,36,20,14,6,2,2,0,5,2,3,3,1,2,2,1,1
S01006690,82,57,25,64,46,18,54,38,16,8,8,0,2,0,2,18,11,7,12,8,4,6,3,3
S01006691,88,55,33,82,50,32,62,42,20,16,4,12,4,4,0,6,5,1,5,5,0,1,0,1
S01006692,90,50,40,82,44,38,56,32,24,16,4,12,10,8,2,8,6,2,8,6,2,0,0,0
S01006693,211,126,85,170,96,74,106,62,44,50,22,28,14,12,2,41,30,11,30,24,6,11,6,5
S01006694,137,79,58,90,46,44,78,40,38,12,6,6,0,0,0,47,33,14,26,19,7,21,14,7
S01006695,124,58,66,108,48,60,80,36,44,22,8,14,6,4,2,16,10,6,11,7,4,5,3,2
S01006696,156,70,86,112,44,68,90,34,56,20,10,10,2,0,2,44,26,18,30,15,15,14,11,3
S01006697,192,124,68,146,86,60,114,70,44,30,14,16,2,2,0,46,38,8,27,24,3,19,14,5
S01006698,102,68,34,78,48,30,62,36,26,8,4,4,8,8,0,24,20,4,14,12,2,10,8,2
S01006699,75,37,38,60,24,36,46,20,26,14,4,10,0,0,0,15,13,2,12,10,2,3,3,0
S01006700,98,61,37,84,50,34,78,50,28,4,0,4,2,0,2,14,11,3,10,9,1,4,2,2
S01006701,174,83,91,114,52,62,68,32,36,40,20,20,6,0,6,60,31,29,35,19,16,25,12,13
S01006702,140,74,66,122,64,58,86,52,34,34,12,22,2,0,2,18,10,8,12,7,5,6,3,3
S01006703,163,71,92,126,50,76,82,40,42,36,10,26,8,0,8,37,21,16,20,15,5,17,6,11
S01006704,132,72,60,94,48,46,58,32,26,30,14,16,6,2,4,38,24,14,18,10,8,20,14,6
S01006705,120,52,68,86,30,56,70,26,44,14,2,12,2,2,0,34,22,12,25,17,8,9,5,4
S01006706,147,81,66,116,60,56,82,46,36,26,10,16,8,4,4,31,21,10,20,15,5,11,6,5
S01006707,159,86,73,116,60,56,76,48,28,28,10,18,12,2,10,43,26,17,19,14,5,24,12,12
S01006708,147,61,86,128,50,78,100,32,68,24,16,8,4,2,2,19,11,8,14,9,5,5,2,3
S01006709,210,115,95,158,84,74,108,62,46,42,16,26,8,6,2,52,31,21,23,18,5,29,13,16
S01006710,122,67,55,102,54,48,90,44,46,12,10,2,0,0,0,20,13,7,9,6,3,11,7,4
S01006711,133,62,71,108,46,62,82,32,50,24,14,10,2,0,2,25,16,9,17,11,6,8,5,3
S01006712,92,58,34,78,46,32,52,30,22,22,12,10,4,4,0,14,12,2,10,9,1,4,3,1
S01006713,180,100,80,142,82,60,84,48,36,42,22,20,16,12,4,38,18,20,23,14,9,15,4,11
S01006714,112,48,64,100,44,56,84,38,46,12,4,8,4,2,2,12,4,8,5,3,2,7,1,6
S01006715,159,62,97,114,44,70,70,32,38,34,10,24,10,2,8,45,18,27,13,7,6,32,11,21
S01006716,124,75,49,92,56,36,58,40,18,20,10,10,14,6,8,32,19,13,19,11,8,13,8,5
S01006717,175,97,78,140,80,60,98,58,40,32,18,14,10,4,6,35,17,18,24,12,12,11,5,6
S01006718,109,34,75,88,26,62,58,18,40,22,6,16,8,2,6,21,8,13,13,6,7,8,2,6
S01006719,212,95,117,174,72,102,118,54,64,46,12,34,10,6,4,38,23,15,21,13,8,17,10,7
S01006720,115,53,62,96,46,50,60,34,26,34,10,24,2,2,0,19,7,12,15,6,9,4,1,3
S01006721,177,90,87,138,66,72,106,48,58,24,16,8,8,2,6,39,24,15,14,9,5,25,15,10
S01006722,178,102,76,140,84,56,100,64,36,28,14,14,12,6,6,38,18,20,24,13,11,14,5,9
S01006723,129,64,65,100,42,58,72,30,42,26,10,16,2,2,0,29,22,7,20,17,3,9,5,4
S01006724,290,143,147,204,102,102,114,72,42,58,20,38,32,10,22,86,41,45,42,23,19,44,18,26
S01006725,147,74,73,118,60,58,88,48,40,14,4,10,16,8,8,29,14,15,17,8,9,12,6,6
S01006726,369,184,185,250,118,132,144,82,62,84,30,54,22,6,16,119,66,53,46,34,12,73,32,41
S01006727,253,122,131,194,88,106,108,52,56,64,24,40,22,12,10,59,34,25,30,17,13,29,17,12
S01006728,188,113,75,140,84,56,86,56,30,50,26,24,4,2,2,48,29,19,27,15,12,21,14,7
S01006729,183,88,95,122,58,64,70,36,34,34,12,22,18,10,8,61,30,31,28,14,14,33,16,17
S01006730,151,82,69,128,70,58,86,54,32,32,12,20,10,4,6,23,12,11,17,7,10,6,5,1
S01006731,104,51,53,82,38,44,52,28,24,24,10,14,6,0,6,22,13,9,11,7,4,11,6,5
S01006732,235,96,139,218,88,130,156,70,86,60,18,42,2,0,2,17,8,9,10,4,6,7,4,3
S01006733,313,134,179,298,124,174,188,86,102,104,36,68,6,2,4,15,10,5,14,9,5,1,1,0
S01006734,293,137,156,286,132,154,208,100,108,78,32,46,0,0,0,7,5,2,7,5,2,0,0,0
S01006735,139,46,93,134,42,92,86,36,50,48,6,42,0,0,0,5,4,1,5,4,1,0,0,0
S01006736,385,196,189,358,178,180,294,152,142,64,26,38,0,0,0,27,18,9,23,17,6,4,1,3
S01006737,140,49,91,132,44,88,84,36,48,46,6,40,2,2,0,8,5,3,4,1,3,4,4,0
S01006738,134,85,49,104,58,46,74,42,32,28,16,12,2,0,2,30,27,3,24,21,3,6,6,0
S01006739,103,64,39,88,54,34,72,48,24,16,6,10,0,0,0,15,10,5,10,7,3,5,3,2
S01006740,111,67,44,82,48,34,56,38,18,22,6,16,4,4,0,29,19,10,20,15,5,9,4,5
S01006741,103,68,35,96,62,34,72,42,30,22,18,4,2,2,0,7,6,1,5,4,1,2,2,0
S01006742,92,57,35,80,50,30,70,44,26,8,4,4,2,2,0,12,7,5,10,6,4,2,1,1
S01006743,71,45,26,60,38,22,50,34,16,10,4,6,0,0,0,11,7,4,7,5,2,4,2,2
S01006744,95,54,41,80,46,34,60,36,24,20,10,10,0,0,0,15,8,7,9,6,3,6,2,4
S01006745,125,56,69,96,42,54,70,30,40,24,12,12,2,0,2,29,14,15,18,9,9,11,5,6
S01006746,175,106,69,146,90,56,118,74,44,28,16,12,0,0,0,29,16,13,20,12,8,9,4,5
S01006747,122,70,52,110,62,48,82,48,34,28,14,14,0,0,0,12,8,4,10,6,4,2,2,0
S01006748,167,78,89,158,72,86,128,62,66,26,8,18,4,2,2,9,6,3,5,3,2,4,3,1
S01006749,184,106,78,168,92,76,136,78,58,26,10,16,6,4,2,16,14,2,12,10,2,4,4,0
S01006750,103,50,53,90,42,48,78,38,40,12,4,8,0,0,0,13,8,5,11,7,4,2,1,1
S01006751,89,40,49,78,32,46,72,32,40,6,0,6,0,0,0,11,8,3,6,5,1,5,3,2
S01006752,122,55,67,94,36,58,68,24,44,24,10,14,2,2,0,28,19,9,18,11,7,10,8,2
S01006753,165,76,89,150,64,86,120,54,66,30,10,20,0,0,0,15,12,3,11,8,3,4,4,0
S01006754,136,71,65,124,62,62,100,50,50,24,12,12,0,0,0,12,9,3,8,6,2,4,3,1
S01006755,210,91,119,198,84,114,168,66,102,28,18,10,2,0,2,12,7,5,6,5,1,6,2,4
S01006756,167,88,79,154,80,74,98,56,42,46,20,26,10,4,6,13,8,5,8,7,1,5,1,4
S01006757,144,85,59,130,74,56,108,66,42,22,8,14,0,0,0,14,11,3,11,8,3,3,3,0
S01006758,130,65,65,122,60,62,94,52,42,26,8,18,2,0,2,8,5,3,7,4,3,1,1,0
S01006759,128,50,78,116,42,74,98,36,62,18,6,12,0,0,0,12,8,4,10,6,4,2,2,0
S01006760,105,65,40,92,56,36,80,46,34,12,10,2,0,0,0,13,9,4,10,7,3,3,2,1
S01006761,110,72,38,100,66,34,76,50,26,24,16,8,0,0,0,10,6,4,9,6,3,1,0,1
S01006762,119,68,51,112,62,50,82,48,34,26,12,14,4,2,2,7,6,1,5,4,1,2,2,0
S01006763,270,147,123,250,132,118,202,118,84,42,12,30,6,2,4,20,15,5,17,12,5,3,3,0
S01006764,183,91,92,168,80,88,134,68,66,34,12,22,0,0,0,15,11,4,10,6,4,5,5,0
S01006765,109,55,54,98,48,50,80,44,36,16,2,14,2,2,0,11,7,4,9,6,3,2,1,1
S01006766,125,48,77,118,44,74,86,34,52,32,10,22,0,0,0,7,4,3,4,3,1,3,1,2
S01006767,148,74,74,134,66,68,106,52,54,28,14,14,0,0,0,14,8,6,12,6,6,2,2,0
S01006768,162,89,73,158,88,70,134,76,58,24,12,12,0,0,0,4,1,3,4,1,3,0,0,0
S01006769,222,112,110,202,100,102,154,80,74,42,18,24,6,2,4,20,12,8,17,9,8,3,3,0
S01006770,117,52,65,110,50,60,98,44,54,12,6,6,0,0,0,7,2,5,5,1,4,2,1,1
S01006771,127,44,83,122,42,80,88,34,54,34,8,26,0,0,0,5,2,3,5,2,3,0,0,0
S01006772,146,73,73,136,66,70,106,54,52,28,10,18,2,2,0,10,7,3,10,7,3,0,0,0
S01006773,169,70,99,158,62,96,124,50,74,34,12,22,0,0,0,11,8,3,10,7,3,1,1,0
S01006774,146,63,83,136,58,78,114,48,66,22,10,12,0,0,0,10,5,5,10,5,5,0,0,0
S01006775,94,56,38,72,40,32,62,38,24,10,2,8,0,0,0,22,16,6,15,13,2,7,3,4
S01006776,61,33,28,48,22,26,32,14,18,16,8,8,0,0,0,13,11,2,11,10,1,2,1,1
S01006777,130,63,67,120,54,66,98,50,48,22,4,18,0,0,0,10,9,1,9,8,1,1,1,0
S01006778,106,68,38,96,60,36,80,50,30,12,6,6,4,4,0,10,8,2,6,6,0,4,2,2
S01006779,107,54,53,78,32,46,58,22,36,20,10,10,0,0,0,29,22,7,19,15,4,10,7,3
S01006780,98,49,49,88,44,44,70,38,32,18,6,12,0,0,0,10,5,5,9,4,5,1,1,0
S01006781,123,68,55,108,56,52,86,50,36,18,2,16,4,4,0,15,12,3,12,9,3,3,3,0
S01006782,157,74,83,144,64,80,120,58,62,14,6,8,10,0,10,13,10,3,12,9,3,1,1,0
S01006783,108,53,55,92,44,48,74,36,38,16,8,8,2,0,2,16,9,7,12,7,5,4,2,2
S01006784,93,56,37,92,56,36,72,42,30,16,14,2,4,0,4,1,0,1,1,0,1,0,0,0
S01006785,160,74,86,150,68,82,122,56,66,26,10,16,2,2,0,10,6,4,8,6,2,2,0,2
S01006786,206,85,121,198,80,118,156,60,96,40,20,20,2,0,2,8,5,3,5,3,2,3,2,1
S01006787,111,63,48,100,54,46,76,44,32,12,4,8,12,6,6,11,9,2,10,9,1,1,0,1
S01006788,202,85,117,190,76,114,154,64,90,34,12,22,2,0,2,12,9,3,8,7,1,4,2,2
S01006789,89,45,44,74,36,38,48,26,22,26,10,16,0,0,0,15,9,6,13,8,5,2,1,1
S01006790,144,65,79,114,48,66,82,32,50,28,12,16,4,4,0,30,17,13,22,12,10,8,5,3
S01006791,90,31,59,80,26,54,48,14,34,28,12,16,4,0,4,10,5,5,8,4,4,2,1,1
S01006792,83,40,43,76,36,40,50,24,26,26,12,14,0,0,0,7,4,3,5,2,3,2,2,0
S01006793,79,32,47,72,28,44,64,28,36,8,0,8,0,0,0,7,4,3,5,2,3,2,2,0
S01006794,74,42,32,58,30,28,40,24,16,18,6,12,0,0,0,16,12,4,12,9,3,4,3,1
S01006795,173,58,115,158,48,110,102,30,72,52,14,38,4,4,0,15,10,5,11,7,4,4,3,1
S01006796,159,64,95,142,54,88,96,40,56,40,12,28,6,2,4,17,10,7,12,7,5,5,3,2
S01006797,138,50,88,130,46,84,90,36,54,38,8,30,2,2,0,8,4,4,6,3,3,2,1,1
S01006798,145,39,106,142,38,104,102,22,80,40,16,24,0,0,0,3,1,2,2,1,1,1,0,1
S01006799,190,78,112,170,70,100,122,50,72,46,18,28,2,2,0,20,8,12,17,6,11,3,2,1
S01006800,203,60,143,194,56,138,122,38,84,58,8,50,14,10,4,9,4,5,7,4,3,2,0,2
S01006801,184,69,115,172,64,108,142,60,82,26,2,24,4,2,2,12,5,7,11,5,6,1,0,1
S01006802,147,77,70,134,66,68,98,60,38,36,6,30,0,0,0,13,11,2,10,9,1,3,2,1
S01006803,126,51,75,108,38,70,78,32,46,26,6,20,4,0,4,18,13,5,15,10,5,3,3,0
S01006804,199,101,98,188,94,94,138,76,62,40,14,26,10,4,6,11,7,4,5,4,1,6,3,3
S01006805,263,117,146,230,100,130,164,76,88,62,24,38,4,0,4,33,17,16,25,15,10,8,2,6
S01006806,214,116,98,198,108,90,154,84,70,42,24,18,2,0,2,16,8,8,8,5,3,8,3,5
S01006807,141,49,92,124,42,82,96,36,60,28,6,22,0,0,0,17,7,10,10,5,5,7,2,5
S01006808,139,49,90,128,44,84,92,38,54,36,6,30,0,0,0,11,5,6,8,4,4,3,1,2
S01006809,166,68,98,144,56,88,80,34,46,62,22,40,2,0,2,22,12,10,14,7,7,8,5,3
S01006810,187,69,118,170,62,108,110,40,70,56,20,36,4,2,2,17,7,10,9,4,5,8,3,5
S01006811,293,130,163,274,120,154,202,94,108,64,24,40,8,2,6,19,10,9,13,9,4,6,1,5
S01006812,186,90,96,168,82,86,112,52,60,56,30,26,0,0,0,18,8,10,14,7,7,4,1,3
S01006813,189,82,107,170,72,98,112,48,64,52,22,30,6,2,4,19,10,9,17,9,8,2,1,1
S01006814,199,82,117,186,76,110,130,62,68,54,14,40,2,0,2,13,6,7,10,6,4,3,0,3
S01006815,97,48,49,74,38,36,50,32,18,24,6,18,0,0,0,23,10,13,17,9,8,6,1,5
S01006816,175,79,96,164,70,94,114,60,54,48,10,38,2,0,2,11,9,2,5,3,2,6,6,0
S01006817,154,71,83,138,58,80,92,38,54,44,20,24,2,0,2,16,13,3,12,10,2,4,3,1
S01006818,161,49,112,156,46,110,128,40,88,28,6,22,0,0,0,5,3,2,4,3,1,1,0,1
S01006819,226,88,138,214,82,132,172,66,106,42,16,26,0,0,0,12,6,6,9,5,4,3,1,2
S01006820,90,42,48,86,40,46,74,34,40,12,6,6,0,0,0,4,2,2,1,1,0,3,1,2
S01006821,131,62,69,122,54,68,88,44,44,34,10,24,0,0,0,9,8,1,9,8,1,0,0,0
S01006822,177,67,110,168,60,108,120,38,82,48,22,26,0,0,0,9,7,2,6,5,1,3,2,1
S01006823,138,44,94,128,38,90,96,26,70,30,12,18,2,0,2,10,6,4,9,6,3,1,0,1
S01006824,183,88,95,136,58,78,92,44,48,36,12,24,8,2,6,47,30,17,28,18,10,19,12,7
S01006825,173,94,79,154,82,72,112,64,48,40,18,22,2,0,2,19,12,7,14,9,5,5,3,2
S01006826,216,94,122,208,90,118,168,70,98,40,20,20,0,0,0,8,4,4,7,3,4,1,1,0
S01006827,181,90,91,144,68,76,100,56,44,42,12,30,2,0,2,37,22,15,27,17,10,10,5,5
S01006828,158,97,61,140,86,54,102,64,38,38,22,16,0,0,0,18,11,7,14,9,5,4,2,2
S01006829,158,53,105,154,52,102,124,40,84,28,10,18,2,2,0,4,1,3,2,1,1,2,0,2
S01006830,145,61,84,130,52,78,104,40,64,26,12,14,0,0,0,15,9,6,13,7,6,2,2,0
S01006831,106,40,66,100,36,64,74,28,46,26,8,18,0,0,0,6,4,2,5,3,2,1,1,0
S01006832,227,105,122,210,92,118,148,70,78,52,20,32,10,2,8,17,13,4,12,9,3,5,4,1
S01006833,105,43,62,98,40,58,78,34,44,20,6,14,0,0,0,7,3,4,7,3,4,0,0,0
S01006834,203,75,128,194,70,124,156,62,94,38,8,30,0,0,0,9,5,4,8,5,3,1,0,1
S01006835,137,78,59,118,64,54,84,42,42,30,18,12,4,4,0,19,14,5,16,12,4,3,2,1
S01006836,175,79,96,162,72,90,122,54,68,38,16,22,2,2,0,13,7,6,8,4,4,5,3,2
S01006837,163,66,97,146,58,88,112,48,64,34,10,24,0,0,0,17,8,9,16,8,8,1,0,1
S01006838,185,77,108,176,72,104,142,60,82,32,10,22,2,2,0,9,5,4,6,4,2,3,1,2
S01006839,207,93,114,178,74,104,156,64,92,20,8,12,2,2,0,29,19,10,25,18,7,4,1,3
S01006840,273,100,173,258,92,166,218,88,130,36,4,32,4,0,4,15,8,7,13,7,6,2,1,1
S01006841,237,101,136,212,88,124,158,72,86,50,14,36,4,2,2,25,13,12,16,11,5,9,2,7
S01006842,185,82,103,172,74,98,136,60,76,34,14,20,2,0,2,13,8,5,13,8,5,0,0,0
S01006843,219,92,127,204,84,120,168,74,94,34,10,24,2,0,2,15,8,7,13,7,6,2,1,1
S01006844,135,74,61,128,68,60,106,56,50,22,12,10,0,0,0,7,6,1,7,6,1,0,0,0
S01006845,234,117,117,214,108,106,176,92,84,32,12,20,6,4,2,20,9,11,17,7,10,3,2,1
S01006846,111,69,42,104,66,38,90,58,32,12,6,6,2,2,0,7,3,4,6,2,4,1,1,0
S01006847,187,91,96,174,82,92,140,74,66,30,6,24,4,2,2,13,9,4,12,9,3,1,0,1
S01006848,225,82,143,216,76,140,136,52,84,78,24,54,2,0,2,9,6,3,7,4,3,2,2,0
S01006849,329,190,139,288,166,122,226,142,84,58,24,34,4,0,4,41,24,17,31,18,13,10,6,4
S01006850,224,114,110,184,88,96,148,74,74,34,14,20,2,0,2,40,26,14,31,21,10,9,5,4
S01006851,191,98,93,164,80,84,114,60,54,38,14,24,12,6,6,27,18,9,24,15,9,3,3,0
S01006852,134,58,76,130,56,74,96,44,52,34,12,22,0,0,0,4,2,2,3,1,2,1,1,0
S01006853,222,72,150,216,70,146,146,50,96,68,20,48,2,0,2,6,2,4,5,2,3,1,0,1
S01006854,187,97,90,168,88,80,112,60,52,52,26,26,4,2,2,19,9,10,9,4,5,10,5,5
S01006855,185,62,123,178,56,122,140,48,92,38,8,30,0,0,0,7,6,1,5,4,1,2,2,0
S01006856,172,60,112,160,54,106,126,48,78,32,4,28,2,2,0,12,6,6,10,6,4,2,0,2
S01006857,210,66,144,206,64,142,158,52,106,48,12,36,0,0,0,4,2,2,4,2,2,0,0,0
S01006858,137,49,88,132,46,86,96,36,60,32,8,24,4,2,2,5,3,2,5,3,2,0,0,0
S01006859,262,78,184,248,70,178,186,48,138,62,22,40,0,0,0,14,8,6,10,4,6,4,4,0
S01006860,93,42,51,76,30,46,60,30,30,14,0,14,2,0,2,17,12,5,13,9,4,4,3,1
S01006861,239,92,147,234,88,146,146,68,78,86,18,68,2,2,0,5,4,1,4,3,1,1,1,0
S01006862,135,58,77,122,50,72,96,40,56,26,10,16,0,0,0,13,8,5,10,7,3,3,1,2
S01006863,156,77,79,140,66,74,104,50,54,32,14,18,4,2,2,16,11,5,10,8,2,6,3,3
S01006864,127,36,91,104,24,80,62,22,40,42,2,40,0,0,0,23,12,11,14,8,6,9,4,5
S01006865,174,76,98,162,66,96,100,46,54,58,18,40,4,2,2,12,10,2,9,7,2,3,3,0
S01006866,112,32,80,106,28,78,76,22,54,30,6,24,0,0,0,6,4,2,6,4,2,0,0,0
S01006867,143,48,95,130,38,92,92,32,60,38,6,32,0,0,0,13,10,3,11,9,2,2,1,1
S01006868,197,80,117,172,68,104,102,48,54,68,20,48,2,0,2,25,12,13,20,10,10,5,2,3
S01006869,101,38,63,92,32,60,62,20,42,26,8,18,4,4,0,9,6,3,7,5,2,2,1,1
S01006870,113,40,73,104,36,68,72,28,44,32,8,24,0,0,0,9,4,5,8,4,4,1,0,1
S01006871,185,55,130,170,48,122,120,38,82,44,8,36,6,2,4,15,7,8,9,4,5,6,3,3
S01006872,192,51,141,186,48,138,132,38,94,54,10,44,0,0,0,6,3,3,5,2,3,1,1,0
S01006873,206,79,127,190,68,122,140,52,88,46,12,34,4,4,0,16,11,5,11,8,3,5,3,2
S01006874,140,68,72,132,62,70,88,42,46,44,20,24,0,0,0,8,6,2,7,5,2,1,1,0
S01006875,137,50,87,114,36,78,86,26,60,26,8,18,2,2,0,23,14,9,13,10,3,10,4,6
S01006876,216,56,160,196,48,148,140,38,102,56,10,46,0,0,0,20,8,12,16,6,10,4,2,2
S01006877,208,76,132,196,66,130,152,48,104,40,18,22,4,0,4,12,10,2,9,8,1,3,2,1
S01006878,128,46,82,118,42,76,68,28,40,46,12,34,4,2,2,10,4,6,6,3,3,4,1,3
S01006879,154,58,96,142,52,90,108,38,70,30,10,20,4,4,0,12,6,6,10,5,5,2,1,1
S01006880,168,76,92,160,70,90,126,52,74,34,18,16,0,0,0,8,6,2,5,4,1,3,2,1
S01006881,134,54,80,128,52,76,100,38,62,24,12,12,4,2,2,6,2,4,5,2,3,1,0,1
S01006882,65,24,41,54,16,38,42,10,32,12,6,6,0,0,0,11,8,3,7,5,2,4,3,1
S01006883,85,24,61,76,20,56,56,20,36,20,0,20,0,0,0,9,4,5,8,3,5,1,1,0
S01006884,200,84,116,178,74,104,138,52,86,38,20,18,2,2,0,22,10,12,18,9,9,4,1,3
S01006885,99,39,60,90,32,58,72,22,50,18,10,8,0,0,0,9,7,2,8,6,2,1,1,0
S01006886,140,61,79,124,48,76,98,38,60,26,10,16,0,0,0,16,13,3,14,12,2,2,1,1
S01006887,160,51,109,148,46,102,104,30,74,42,14,28,2,2,0,12,5,7,9,4,5,3,1,2
S01006888,198,80,118,182,74,108,134,58,76,44,12,32,4,4,0,16,6,10,12,5,7,4,1,3
S01006889,168,67,101,144,52,92,84,34,50,52,18,34,8,0,8,24,15,9,14,8,6,10,7,3
S01006890,169,61,108,160,56,104,128,46,82,30,10,20,2,0,2,9,5,4,8,4,4,1,1,0
S01006891,202,85,117,184,74,110,140,58,82,40,14,26,4,2,2,18,11,7,13,9,4,5,2,3
S01006892,130,70,60,110,58,52,86,50,36,24,8,16,0,0,0,20,12,8,14,10,4,6,2,4
S01006893,130,50,80,108,40,68,80,30,50,26,8,18,2,2,0,22,10,12,14,7,7,8,3,5
S01006894,158,72,86,146,62,84,124,52,72,22,10,12,0,0,0,12,10,2,10,9,1,2,1,1
S01006895,83,31,52,70,26,44,48,24,24,18,2,16,4,0,4,13,5,8,6,3,3,7,2,5
S01006896,125,62,63,106,52,54,84,42,42,18,6,12,4,4,0,19,10,9,15,9,6,4,1,3
S01006897,145,70,75,134,66,68,108,52,56,24,12,12,2,2,0,11,4,7,10,4,6,1,0,1
S01006898,159,86,73,138,72,66,98,54,44,32,12,20,8,6,2,21,14,7,12,7,5,9,7,2
S01006899,164,77,87,154,70,84,132,64,68,22,6,16,0,0,0,10,7,3,9,6,3,1,1,0
S01006900,121,70,51,114,66,48,96,60,36,18,6,12,0,0,0,7,4,3,6,4,2,1,0,1
S01006901,103,72,31,82,56,26,70,50,20,10,4,6,2,2,0,21,16,5,14,11,3,7,5,2
S01006902,170,65,105,148,52,96,112,42,70,34,10,24,2,0,2,22,13,9,12,8,4,10,5,5
S01006903,172,93,79,146,78,68,112,60,52,32,18,14,2,0,2,26,15,11,11,6,5,15,9,6
S01006904,157,85,72,132,66,66,104,52,52,28,14,14,0,0,0,25,19,6,17,15,2,8,4,4
S01006905,149,62,87,136,54,82,104,44,60,32,10,22,0,0,0,13,8,5,9,5,4,4,3,1
S01006906,120,56,64,96,40,56,62,32,30,32,8,24,2,0,2,24,16,8,12,9,3,12,7,5
S01006907,83,54,29,70,44,26,54,34,20,14,8,6,2,2,0,13,10,3,9,7,2,4,3,1
S01006908,103,63,40,78,48,30,56,38,18,18,6,12,4,4,0,25,15,10,14,10,4,11,5,6
S01006909,225,98,127,214,92,122,160,76,84,54,16,38,0,0,0,11,6,5,9,6,3,2,0,2
S01006910,197,87,110,186,80,106,144,64,80,40,14,26,2,2,0,11,7,4,8,5,3,3,2,1
S01006911,240,93,147,214,80,134,180,70,110,34,10,24,0,0,0,26,13,13,17,7,10,9,6,3
S01006912,83,41,42,78,38,40,56,28,28,22,10,12,0,0,0,5,3,2,4,2,2,1,1,0
S01006913,175,60,115,166,56,110,124,54,70,40,2,38,2,0,2,9,4,5,7,3,4,2,1,1
S01006914,195,70,125,190,68,122,128,60,68,60,8,52,2,0,2,5,2,3,5,2,3,0,0,0
S01006915,203,72,131,194,68,126,146,58,88,48,10,38,0,0,0,9,4,5,5,3,2,4,1,3
S01006916,182,73,109,152,56,96,100,32,68,48,20,28,4,4,0,30,17,13,21,12,9,9,5,4
S01006917,398,149,249,372,136,236,298,110,188,74,26,48,0,0,0,26,13,13,19,10,9,7,3,4
S01006918,141,56,85,132,52,80,100,46,54,32,6,26,0,0,0,9,4,5,6,2,4,3,2,1
S01006919,84,29,55,78,24,54,58,20,38,20,4,16,0,0,0,6,5,1,6,5,1,0,0,0
S01006920,105,45,60,90,34,56,68,26,42,22,8,14,0,0,0,15,11,4,12,8,4,3,3,0
S01006921,309,117,192,292,108,184,246,100,146,46,8,38,0,0,0,17,9,8,12,6,6,5,3,2
S01006922,103,31,72,98,30,68,70,22,48,28,8,20,0,0,0,5,1,4,3,1,2,2,0,2
S01006923,153,66,87,146,60,86,100,46,54,44,12,32,2,2,0,7,6,1,4,3,1,3,3,0
S01006924,140,50,90,134,48,86,94,36,58,40,12,28,0,0,0,6,2,4,3,1,2,3,1,2
S01006925,97,32,65,90,30,60,80,24,56,10,6,4,0,0,0,7,2,5,6,1,5,1,1,0
S01006926,210,67,143,198,60,138,160,46,114,38,14,24,0,0,0,12,7,5,8,5,3,4,2,2
S01006927,365,189,176,348,182,166,264,152,112,84,30,54,0,0,0,17,7,10,11,5,6,6,2,4
S01006928,249,105,144,216,86,130,160,60,100,54,24,30,2,2,0,33,19,14,30,18,12,3,1,2
S01006929,209,61,148,196,54,142,120,38,82,74,16,58,2,0,2,13,7,6,11,6,5,2,1,1
S01006930,198,94,104,188,88,100,144,74,70,42,12,30,2,2,0,10,6,4,10,6,4,0,0,0
S01006931,91,32,59,84,28,56,56,14,42,26,12,14,2,2,0,7,4,3,6,3,3,1,1,0
S01006932,225,90,135,202,78,124,156,70,86,44,8,36,2,0,2,23,12,11,11,8,3,12,4,8
S01006933,156,82,74,146,76,70,116,58,58,30,18,12,0,0,0,10,6,4,10,6,4,0,0,0
S01006934,129,65,64,122,62,60,92,50,42,28,12,16,2,0,2,7,3,4,5,3,2,2,0,2
S01006935,123,47,76,118,44,74,88,36,52,28,6,22,2,2,0,5,3,2,4,3,1,1,0,1
S01006936,133,46,87,116,36,80,82,26,56,34,10,24,0,0,0,17,10,7,13,7,6,4,3,1
S01006937,148,66,82,130,56,74,106,50,56,22,6,16,2,0,2,18,10,8,15,7,8,3,3,0
S01006938,102,50,52,92,42,50,76,38,38,16,4,12,0,0,0,10,8,2,10,8,2,0,0,0
S01006939,142,69,73,136,66,70,110,50,60,26,16,10,0,0,0,6,3,3,5,3,2,1,0,1
S01006940,196,85,111,176,74,102,132,54,78,42,18,24,2,2,0,20,11,9,17,9,8,3,2,1
S01006941,176,79,97,160,72,88,128,54,74,32,18,14,0,0,0,16,7,9,13,5,8,3,2,1
S01006942,319,141,178,308,136,172,246,116,130,62,20,42,0,0,0,11,5,6,8,4,4,3,1,2
S01006943,277,86,191,270,80,190,188,66,122,82,14,68,0,0,0,7,6,1,5,5,0,2,1,1
S01006944,305,150,155,276,132,144,220,118,102,54,14,40,2,0,2,29,18,11,23,15,8,6,3,3
S01006945,104,43,61,98,38,60,68,28,40,30,10,20,0,0,0,6,5,1,4,4,0,2,1,1
S01006946,189,85,104,180,78,102,144,70,74,36,8,28,0,0,0,9,7,2,4,4,0,5,3,2
S01006947,285,111,174,262,100,162,230,88,142,30,12,18,2,0,2,23,11,12,17,8,9,6,3,3
S01006948,172,79,93,160,70,90,122,62,60,38,8,30,0,0,0,12,9,3,10,7,3,2,2,0
S01006949,185,74,111,176,68,108,134,58,76,40,10,30,2,0,2,9,6,3,6,3,3,3,3,0
S01006950,206,108,98,196,104,92,160,90,70,34,14,20,2,0,2,10,4,6,8,3,5,2,1,1
S01006951,98,39,59,92,38,54,76,32,44,14,6,8,2,0,2,6,1,5,4,0,4,2,1,1
S01006952,148,67,81,140,64,76,110,54,56,30,10,20,0,0,0,8,3,5,6,2,4,2,1,1
S01006953,201,85,116,190,80,110,142,64,78,46,16,30,2,0,2,11,5,6,9,5,4,2,0,2
S01006954,207,100,107,198,96,102,162,82,80,32,12,20,4,2,2,9,4,5,7,3,4,2,1,1
S01006955,149,68,81,130,58,72,98,46,52,24,6,18,8,6,2,19,10,9,14,8,6,5,2,3
S01006956,343,142,201,322,132,190,236,112,124,78,18,60,8,2,6,21,10,11,17,8,9,4,2,2
S01006957,293,126,167,278,116,162,216,94,122,58,20,38,4,2,2,15,10,5,7,6,1,8,4,4
S01006958,130,55,75,124,50,74,86,40,46,36,10,26,2,0,2,6,5,1,4,3,1,2,2,0
S01006959,124,64,60,104,50,54,64,38,26,40,12,28,0,0,0,20,14,6,9,7,2,11,7,4
S01006960,365,145,220,344,132,212,260,110,150,80,22,58,4,0,4,21,13,8,17,11,6,4,2,2
S01006961,378,150,228,364,146,218,280,128,152,84,18,66,0,0,0,14,4,10,12,4,8,2,0,2
S01006962,127,54,73,120,50,70,94,42,52,24,6,18,2,2,0,7,4,3,5,2,3,2,2,0
S01006963,130,60,70,116,54,62,96,44,52,20,10,10,0,0,0,14,6,8,8,3,5,6,3,3
S01006964,151,83,68,134,70,64,92,48,44,40,22,18,2,0,2,17,13,4,14,11,3,3,2,1
S01006965,91,40,51,82,34,48,68,32,36,12,2,10,2,0,2,9,6,3,6,3,3,3,3,0
S01006966,123,56,67,92,40,52,78,30,48,12,8,4,2,2,0,31,16,15,24,13,11,7,3,4
S01006967,154,64,90,144,58,86,128,50,78,16,8,8,0,0,0,10,6,4,9,6,3,1,0,1
S01006968,103,51,52,90,44,46,76,38,38,14,6,8,0,0,0,13,7,6,12,7,5,1,0,1
S01006969,154,67,87,142,60,82,104,48,56,38,12,26,0,0,0,12,7,5,9,4,5,3,3,0
S01006970,179,62,117,168,54,114,124,32,92,36,16,20,8,6,2,11,8,3,9,7,2,2,1,1
S01006971,84,51,33,72,46,26,46,28,18,26,18,8,0,0,0,12,5,7,8,5,3,4,0,4
S01006972,123,49,74,118,48,70,90,38,52,24,6,18,4,4,0,5,1,4,5,1,4,0,0,0
S01006973,94,54,40,84,46,38,62,34,28,20,10,10,2,2,0,10,8,2,9,8,1,1,0,1
S01006974,270,120,150,250,108,142,190,98,92,58,10,48,2,0,2,20,12,8,17,11,6,3,1,2
S01006975,204,81,123,196,78,118,158,66,92,38,12,26,0,0,0,8,3,5,5,2,3,3,1,2
S01006976,84,41,43,76,38,38,56,30,26,18,6,12,2,2,0,8,3,5,5,3,2,3,0,3
S01006977,184,70,114,168,64,104,118,50,68,50,14,36,0,0,0,16,6,10,14,6,8,2,0,2
S01006978,175,78,97,162,68,94,112,52,60,44,14,30,6,2,4,13,10,3,10,8,2,3,2,1
S01006979,172,75,97,150,62,88,104,52,52,40,8,32,6,2,4,22,13,9,15,9,6,7,4,3
S01006980,188,56,132,176,52,124,122,44,78,48,8,40,6,0,6,12,4,8,10,2,8,2,2,0
S01006981,193,77,116,182,72,110,140,56,84,42,16,26,0,0,0,11,5,6,11,5,6,0,0,0
S01006982,255,97,158,228,84,144,182,72,110,44,12,32,2,0,2,27,13,14,20,10,10,7,3,4
S01006983,184,74,110,166,64,102,126,42,84,36,20,16,4,2,2,18,10,8,13,7,6,5,3,2
S01006984,168,58,110,154,54,100,120,44,76,34,10,24,0,0,0,14,4,10,10,3,7,4,1,3
S01006985,212,89,123,194,76,118,154,66,88,36,8,28,4,2,2,18,13,5,14,11,3,4,2,2
S01006986,194,86,108,176,76,100,122,56,66,46,16,30,8,4,4,18,10,8,12,8,4,6,2,4
S01006987,128,51,77,114,44,70,68,26,42,38,16,22,8,2,6,14,7,7,9,6,3,5,1,4
S01006988,185,78,107,166,70,96,122,50,72,42,18,24,2,2,0,19,8,11,15,7,8,4,1,3
S01006989,261,76,185,250,68,182,176,48,128,74,20,54,0,0,0,11,8,3,7,5,2,4,3,1
S01006990,287,95,192,272,88,184,206,78,128,56,8,48,10,2,8,15,7,8,13,7,6,2,0,2
S01006991,77,35,42,64,24,40,38,14,24,26,10,16,0,0,0,13,11,2,10,10,0,3,1,2
S01006992,146,68,78,142,64,78,94,46,48,42,14,28,6,4,2,4,4,0,4,4,0,0,0,0
S01006993,115,45,70,106,42,64,74,26,48,30,16,14,2,0,2,9,3,6,6,2,4,3,1,2
S01006994,108,55,53,98,50,48,74,42,32,22,8,14,2,0,2,10,5,5,9,5,4,1,0,1
S01006995,214,92,122,196,84,112,152,70,82,42,14,28,2,0,2,18,8,10,12,6,6,6,2,4
S01006996,219,113,106,202,104,98,156,88,68,46,16,30,0,0,0,17,9,8,12,7,5,5,2,3
S01006997,223,86,137,216,80,136,176,68,108,38,12,26,2,0,2,7,6,1,5,5,0,2,1,1
S01006998,254,124,130,236,114,122,168,90,78,68,24,44,0,0,0,18,10,8,16,10,6,2,0,2
S01006999,170,69,101,158,62,96,120,52,68,28,8,20,10,2,8,12,7,5,11,7,4,1,0,1
S01007000,197,83,114,180,76,104,146,64,82,32,10,22,2,2,0,17,7,10,15,6,9,2,1,1
S01007001,204,88,116,180,76,104,126,60,66,44,8,36,10,8,2,24,12,12,19,10,9,5,2,3
S01007002,160,58,102,148,52,96,104,46,58,40,6,34,4,0,4,12,6,6,10,5,5,2,1,1
S01007003,118,52,66,110,48,62,88,40,48,20,8,12,2,0,2,8,4,4,5,3,2,3,1,2
S01007004,148,68,80,136,60,76,96,46,50,38,14,24,2,0,2,12,8,4,6,5,1,6,3,3
S01007005,190,60,130,176,52,124,140,46,94,36,6,30,0,0,0,14,8,6,9,5,4,5,3,2
S01007006,190,73,117,176,64,112,128,50,78,44,12,32,4,2,2,14,9,5,12,9,3,2,0,2
S01007007,187,63,124,180,60,120,128,52,76,44,8,36,8,0,8,7,3,4,4,1,3,3,2,1
S01007008,223,122,101,196,106,90,162,88,74,32,16,16,2,2,0,27,16,11,20,12,8,7,4,3
S01007009,163,67,96,150,58,92,112,46,66,34,10,24,4,2,2,13,9,4,10,7,3,3,2,1
S01007010,126,55,71,116,48,68,88,36,52,26,10,16,2,2,0,10,7,3,5,4,1,5,3,2
S01007011,138,62,76,110,46,64,86,42,44,16,4,12,8,0,8,28,16,12,16,11,5,12,5,7
S01007012,146,81,65,102,52,50,70,44,26,22,8,14,10,0,10,44,29,15,26,19,7,18,10,8
S01007013,127,56,71,122,52,70,94,38,56,26,12,14,2,2,0,5,4,1,4,3,1,1,1,0
S01007014,262,109,153,252,108,144,174,78,96,72,28,44,6,2,4,10,1,9,5,1,4,5,0,5
S01007015,136,49,87,130,46,84,98,36,62,26,8,18,6,2,4,6,3,3,3,1,2,3,2,1
S01007016,148,65,83,142,62,80,96,40,56,46,22,24,0,0,0,6,3,3,4,1,3,2,2,0
S01007017,175,70,105,152,58,94,98,40,58,46,16,30,8,2,6,23,12,11,16,10,6,7,2,5
S01007018,224,96,128,202,82,120,160,62,98,42,20,22,0,0,0,22,14,8,13,9,4,9,5,4
S01007019,108,38,70,98,36,62,66,30,36,30,4,26,2,2,0,10,2,8,7,2,5,3,0,3
S01007020,129,73,56,118,68,50,86,52,34,28,14,14,4,2,2,11,5,6,5,3,2,6,2,4
S01007021,160,52,108,142,44,98,110,36,74,30,6,24,2,2,0,18,8,10,17,7,10,1,1,0
S01007022,122,47,75,108,44,64,74,30,44,28,12,16,6,2,4,14,3,11,11,1,10,3,2,1
S01007023,101,30,71,94,28,66,70,18,52,18,8,10,6,2,4,7,2,5,7,2,5,0,0,0
S01007024,190,71,119,176,60,116,116,48,68,50,10,40,10,2,8,14,11,3,10,9,1,4,2,2
S01007025,164,66,98,144,54,90,94,38,56,36,12,24,14,4,10,20,12,8,14,8,6,6,4,2
S01007026,151,66,85,136,58,78,98,44,54,36,12,24,2,2,0,15,8,7,11,6,5,4,2,2
S01007027,217,74,143,190,58,132,138,46,92,48,12,36,4,0,4,27,16,11,17,13,4,10,3,7
S01007028,134,54,80,120,46,74,90,38,52,22,8,14,8,0,8,14,8,6,10,5,5,4,3,1
S01007029,109,38,71,100,32,68,76,28,48,20,4,16,4,0,4,9,6,3,5,4,1,4,2,2
S01007030,183,73,110,170,66,104,102,46,56,56,12,44,12,8,4,13,7,6,8,4,4,5,3,2
S01007031,136,69,67,124,64,60,78,48,30,38,12,26,8,4,4,12,5,7,10,5,5,2,0,2
S01007032,188,73,115,170,64,106,122,44,78,42,14,28,6,6,0,18,9,9,11,4,7,7,5,2
S01007033,155,67,88,132,52,80,94,42,52,30,8,22,8,2,6,23,15,8,15,10,5,8,5,3
S01007034,130,65,65,108,50,58,76,28,48,32,22,10,0,0,0,22,15,7,12,8,4,10,7,3
S01007035,172,95,77,136,74,62,100,62,38,26,4,22,10,8,2,36,21,15,22,17,5,14,4,10
S01007036,194,66,128,178,54,124,122,40,82,52,12,40,4,2,2,16,12,4,11,9,2,5,3,2
S01007037,220,93,127,192,76,116,146,58,88,36,12,24,10,6,4,28,17,11,19,13,6,9,4,5
S01007038,157,69,88,146,62,84,84,40,44,54,20,34,8,2,6,11,7,4,6,3,3,5,4,1
S01007039,198,80,118,176,68,108,114,48,66,56,18,38,6,2,4,22,12,10,12,9,3,10,3,7
S01007040,123,63,60,98,50,48,66,34,32,28,12,16,4,4,0,25,13,12,19,11,8,6,2,4
S01007041,127,60,67,112,50,62,80,42,38,28,8,20,4,0,4,15,10,5,8,6,2,7,4,3
S01007042,160,60,100,146,50,96,90,26,64,48,18,30,8,6,2,14,10,4,8,6,2,6,4,2
S01007043,198,86,112,190,82,108,136,66,70,54,16,38,0,0,0,8,4,4,5,2,3,3,2,1
S01007044,102,39,63,92,36,56,56,28,28,36,8,28,0,0,0,10,3,7,8,3,5,2,0,2
S01007045,135,51,84,126,44,82,76,32,44,42,8,34,8,4,4,9,7,2,6,4,2,3,3,0
S01007046,97,54,43,88,46,42,50,30,20,32,12,20,6,4,2,9,8,1,9,8,1,0,0,0
S01007047,126,41,85,120,38,82,80,24,56,38,14,24,2,0,2,6,3,3,2,2,0,4,1,3
S01007048,166,90,76,158,84,74,106,64,42,46,16,30,6,4,2,8,6,2,4,4,0,4,2,2
S01007049,193,94,99,166,78,88,108,58,50,46,12,34,12,8,4,27,16,11,13,9,4,14,7,7
S01007050,132,72,60,118,64,54,76,42,34,40,20,20,2,2,0,14,8,6,12,7,5,2,1,1
S01007051,177,76,101,162,68,94,136,58,78,26,10,16,0,0,0,15,8,7,12,7,5,3,1,2
S01007052,123,52,71,114,48,66,82,38,44,24,4,20,8,6,2,9,4,5,3,1,2,6,3,3
S01007053,106,36,70,100,34,66,72,24,48,24,6,18,4,4,0,6,2,4,5,1,4,1,1,0
S01007054,201,95,106,178,78,100,124,58,66,42,18,24,12,2,10,23,17,6,18,14,4,5,3,2
S01007055,120,55,65,116,52,64,94,44,50,18,6,12,4,2,2,4,3,1,4,3,1,0,0,0
S01007056,132,52,80,124,46,78,88,40,48,34,6,28,2,0,2,8,6,2,5,3,2,3,3,0
S01007057,83,41,42,78,38,40,60,30,30,14,6,8,4,2,2,5,3,2,4,2,2,1,1,0
S01007058,95,41,54,84,32,52,64,26,38,12,2,10,8,4,4,11,9,2,9,8,1,2,1,1
S01007059,229,100,129,194,82,112,142,66,76,48,14,34,4,2,2,35,18,17,22,13,9,13,5,8
S01007060,125,59,66,88,40,48,58,34,24,20,2,18,10,4,6,37,19,18,19,12,7,18,7,11
S01007061,210,73,137,194,62,132,150,52,98,42,10,32,2,0,2,16,11,5,11,7,4,5,4,1
S01007062,137,60,77,128,54,74,100,44,56,28,10,18,0,0,0,9,6,3,7,5,2,2,1,1
S01007063,132,42,90,120,36,84,82,26,56,28,6,22,10,4,6,12,6,6,12,6,6,0,0,0
S01007064,130,59,71,120,54,66,104,48,56,14,4,10,2,2,0,10,5,5,7,4,3,3,1,2
S01007065,125,55,70,108,48,60,74,34,40,28,12,16,6,2,4,17,7,10,12,4,8,5,3,2
S01007066,138,53,85,128,44,84,88,32,56,36,10,26,4,2,2,10,9,1,7,6,1,3,3,0
S01007067,89,46,43,82,42,40,56,26,30,24,14,10,2,2,0,7,4,3,5,3,2,2,1,1
S01007068,126,56,70,100,38,62,68,16,52,30,22,8,2,0,2,26,18,8,14,10,4,12,8,4
S01007069,205,84,121,172,66,106,98,38,60,66,28,38,8,0,8,33,18,15,20,13,7,13,5,8
S01007070,87,37,50,78,30,48,52,26,26,22,4,18,4,0,4,9,7,2,3,3,0,6,4,2
S01007071,181,87,94,166,78,88,134,64,70,26,10,16,6,4,2,15,9,6,8,5,3,7,4,3
S01007072,159,65,94,148,60,88,112,50,62,34,10,24,2,0,2,11,5,6,6,5,1,5,0,5
S01007073,193,71,122,174,56,118,126,40,86,38,12,26,10,4,6,19,15,4,15,12,3,4,3,1
S01007074,121,65,56,92,44,48,68,36,32,22,6,16,2,2,0,29,21,8,18,13,5,11,8,3
S01007075,163,86,77,130,62,68,86,38,48,38,20,18,6,4,2,33,24,9,24,19,5,9,5,4
S01007076,171,76,95,154,66,88,110,52,58,38,12,26,6,2,4,17,10,7,13,8,5,4,2,2
S01007077,97,50,47,80,40,40,56,30,26,24,10,14,0,0,0,17,10,7,12,7,5,5,3,2
S01007078,155,78,77,128,64,64,90,48,42,30,16,14,8,0,8,27,14,13,19,12,7,8,2,6
S01007079,159,89,70,140,78,62,110,66,44,28,12,16,2,0,2,19,11,8,9,4,5,10,7,3
S01007080,149,93,56,114,68,46,74,42,32,24,16,8,16,10,6,35,25,10,22,14,8,13,11,2
S01007081,236,142,94,198,118,80,116,68,48,74,44,30,8,6,2,38,24,14,22,15,7,16,9,7
S01007082,116,66,50,88,50,38,58,36,22,28,12,16,2,2,0,28,16,12,17,9,8,11,7,4
S01007083,190,138,52,150,112,38,84,68,16,52,30,22,14,14,0,40,26,14,22,14,8,18,12,6
S01007084,87,54,33,74,44,30,62,36,26,10,6,4,2,2,0,13,10,3,12,10,2,1,0,1
S01007085,162,97,65,146,84,62,102,62,40,36,22,14,8,0,8,16,13,3,11,9,2,5,4,1
S01007086,239,143,96,180,104,76,114,64,50,62,36,26,4,4,0,59,39,20,34,25,9,25,14,11
S01007087,172,102,70,136,80,56,102,62,40,22,12,10,12,6,6,36,22,14,25,16,9,11,6,5
S01007088,113,58,55,80,36,44,34,20,14,32,10,22,14,6,8,33,22,11,17,12,5,16,10,6
S01007089,116,43,73,114,42,72,74,30,44,40,12,28,0,0,0,2,1,1,1,1,0,1,0,1
S01007090,103,51,52,90,42,48,70,38,32,20,4,16,0,0,0,13,9,4,11,7,4,2,2,0
S01007091,275,139,136,230,112,118,128,68,60,86,30,56,16,14,2,45,27,18,26,20,6,19,7,12
S01007092,97,48,49,80,38,42,64,36,28,16,2,14,0,0,0,17,10,7,10,7,3,7,3,4
S01007093,180,91,89,168,84,84,130,68,62,32,12,20,6,4,2,12,7,5,12,7,5,0,0,0
S01007094,166,69,97,154,62,92,114,50,64,32,10,22,8,2,6,12,7,5,8,3,5,4,4,0
S01007095,118,52,66,110,48,62,68,28,40,38,20,18,4,0,4,8,4,4,6,3,3,2,1,1
S01007096,222,81,141,210,74,136,162,62,100,46,12,34,2,0,2,12,7,5,7,3,4,5,4,1
S01007097,110,45,65,104,42,62,70,28,42,28,10,18,6,4,2,6,3,3,4,2,2,2,1,1
S01007098,217,92,125,208,90,118,148,64,84,56,24,32,4,2,2,9,2,7,7,1,6,2,1,1
S01007099,230,97,133,216,90,126,160,78,82,54,12,42,2,0,2,14,7,7,7,4,3,7,3,4
S01007100,154,64,90,136,50,86,102,38,64,32,12,20,2,0,2,18,14,4,10,9,1,8,5,3
S01007101,175,89,86,146,68,78,94,42,52,40,18,22,12,8,4,29,21,8,12,8,4,17,13,4
S01007102,134,43,91,126,40,86,76,32,44,42,6,36,8,2,6,8,3,5,5,3,2,3,0,3
S01007103,195,85,110,176,76,100,118,42,76,50,26,24,8,8,0,19,9,10,14,8,6,5,1,4
S01007104,114,49,65,108,46,62,64,24,40,38,16,22,6,6,0,6,3,3,5,2,3,1,1,0
S01007105,119,59,60,108,52,56,76,46,30,30,4,26,2,2,0,11,7,4,7,5,2,4,2,2
S01007106,128,67,61,106,54,52,62,38,24,36,16,20,8,0,8,22,13,9,12,5,7,10,8,2
S01007107,152,52,100,142,46,96,96,38,58,44,6,38,2,2,0,10,6,4,6,4,2,4,2,2
S01007108,115,48,67,110,44,66,76,26,50,30,16,14,4,2,2,5,4,1,3,3,0,2,1,1
S01007109,169,77,92,142,62,80,92,44,48,44,14,30,6,4,2,27,15,12,16,12,4,11,3,8
S01007110,212,103,109,186,90,96,116,58,58,68,32,36,2,0,2,26,13,13,14,6,8,12,7,5
S01007111,116,51,65,104,44,60,74,36,38,30,8,22,0,0,0,12,7,5,5,3,2,7,4,3
S01007112,86,34,52,82,30,52,70,26,44,8,2,6,4,2,2,4,4,0,2,2,0,2,2,0
S01007113,86,64,22,82,60,22,54,42,12,28,18,10,0,0,0,4,4,0,2,2,0,2,2,0
S01007114,194,93,101,172,78,94,126,64,62,42,10,32,4,4,0,22,15,7,17,12,5,5,3,2
S01007115,151,75,76,144,70,74,106,58,48,32,12,20,6,0,6,7,5,2,3,2,1,4,3,1
S01007116,345,120,225,340,116,224,228,84,144,100,32,68,12,0,12,5,4,1,5,4,1,0,0,0
S01007117,81,30,51,72,26,46,58,20,38,12,4,8,2,2,0,9,4,5,6,2,4,3,2,1
S01007118,174,99,75,130,66,64,70,42,28,42,16,26,18,8,10,44,33,11,26,18,8,18,15,3
S01007119,168,74,94,138,58,80,82,48,34,36,10,26,20,0,20,30,16,14,15,6,9,15,10,5
S01007120,225,135,90,180,104,76,106,66,40,54,26,28,20,12,8,45,31,14,20,13,7,25,18,7
S01007121,74,34,40,68,30,38,36,20,16,26,8,18,6,2,4,6,4,2,3,2,1,3,2,1
S01007122,112,53,59,96,40,56,70,30,40,26,10,16,0,0,0,16,13,3,10,8,2,6,5,1
S01007123,135,73,62,122,64,58,88,48,40,24,6,18,10,10,0,13,9,4,4,4,0,9,5,4
S01007124,208,108,100,184,92,92,124,70,54,58,22,36,2,0,2,24,16,8,14,9,5,10,7,3
S01007125,206,89,117,170,70,100,108,44,64,46,20,26,16,6,10,36,19,17,21,12,9,15,7,8
S01007126,232,129,103,192,108,84,98,64,34,68,30,38,26,14,12,40,21,19,19,9,10,21,12,9
S01007127,202,113,89,166,90,76,106,58,48,40,22,18,20,10,10,36,23,13,24,18,6,12,5,7
S01007128,162,77,85,130,58,72,88,42,46,32,12,20,10,4,6,32,19,13,15,10,5,17,9,8
S01007129,248,94,154,228,80,148,198,76,122,30,4,26,0,0,0,20,14,6,15,11,4,5,3,2
S01007130,113,64,49,102,56,46,76,44,32,24,10,14,2,2,0,11,8,3,6,5,1,5,3,2
S01007131,153,72,81,136,60,76,112,50,62,24,10,14,0,0,0,17,12,5,16,11,5,1,1,0
S01007132,147,75,72,132,68,64,118,58,60,14,10,4,0,0,0,15,7,8,14,6,8,1,1,0
S01007133,158,75,83,148,70,78,114,56,58,32,12,20,2,2,0,10,5,5,9,5,4,1,0,1
S01007134,160,73,87,148,66,82,120,52,68,28,14,14,0,0,0,12,7,5,10,5,5,2,2,0
S01007135,131,41,90,120,34,86,98,22,76,22,12,10,0,0,0,11,7,4,6,3,3,5,4,1
S01007136,142,56,86,132,54,78,110,46,64,16,2,14,6,6,0,10,2,8,8,1,7,2,1,1
S01007137,267,92,175,254,84,170,216,76,140,38,8,30,0,0,0,13,8,5,11,6,5,2,2,0
S01007138,145,68,77,134,60,74,112,50,62,18,8,10,4,2,2,11,8,3,9,8,1,2,0,2
S01007139,184,73,111,166,62,104,126,52,74,34,8,26,6,2,4,18,11,7,18,11,7,0,0,0
S01007140,223,77,146,200,68,132,154,58,96,42,10,32,4,0,4,23,9,14,19,8,11,4,1,3
S01007141,169,72,97,160,68,92,122,50,72,32,12,20,6,6,0,9,4,5,7,4,3,2,0,2
S01007142,234,75,159,226,70,156,188,58,130,36,12,24,2,0,2,8,5,3,6,4,2,2,1,1
S01007143,276,99,177,266,92,174,234,78,156,32,14,18,0,0,0,10,7,3,10,7,3,0,0,0
S01007144,101,34,67,92,30,62,64,26,38,28,4,24,0,0,0,9,4,5,8,4,4,1,0,1
S01007145,140,55,85,122,42,80,86,32,54,32,8,24,4,2,2,18,13,5,15,11,4,3,2,1
S01007146,162,56,106,136,36,100,108,28,80,24,8,16,4,0,4,26,20,6,23,18,5,3,2,1
S01007147,124,51,73,110,42,68,92,36,56,16,6,10,2,0,2,14,9,5,10,5,5,4,4,0
S01007148,122,50,72,110,46,64,94,40,54,10,6,4,6,0,6,12,4,8,10,3,7,2,1,1
S01007149,84,30,54,76,26,50,60,20,40,14,6,8,2,0,2,8,4,4,7,4,3,1,0,1
S01007150,80,39,41,74,36,38,64,34,30,10,2,8,0,0,0,6,3,3,5,2,3,1,1,0
S01007151,216,79,137,198,72,126,166,52,114,28,16,12,4,4,0,18,7,11,14,6,8,4,1,3
S01007152,119,50,69,112,48,64,96,40,56,14,6,8,2,2,0,7,2,5,6,2,4,1,0,1
S01007153,136,68,68,124,62,62,106,54,52,16,8,8,2,0,2,12,6,6,5,3,2,7,3,4
S01007154,95,52,43,78,40,38,62,30,32,8,4,4,8,6,2,17,12,5,14,10,4,3,2,1
S01007155,120,49,71,108,42,66,92,30,62,16,12,4,0,0,0,12,7,5,10,7,3,2,0,2
S01007156,128,62,66,102,50,52,72,38,34,26,10,16,4,2,2,26,12,14,13,8,5,13,4,9
S01007157,153,69,84,116,48,68,88,40,48,24,6,18,4,2,2,37,21,16,22,11,11,15,10,5
S01007158,233,101,132,212,88,124,158,74,84,46,14,32,8,0,8,21,13,8,18,10,8,3,3,0
S01007159,173,99,74,116,64,52,82,48,34,28,10,18,6,6,0,57,35,22,39,23,16,18,12,6
S01007160,163,87,76,112,56,56,76,42,34,34,12,22,2,2,0,51,31,20,38,23,15,13,8,5
S01007161,133,71,62,100,54,46,72,46,26,24,8,16,4,0,4,33,17,16,22,13,9,11,4,7
S01007162,106,62,44,74,40,34,50,30,20,16,4,12,8,6,2,32,22,10,23,13,10,9,9,0
S01007163,140,63,77,114,48,66,90,42,48,18,6,12,6,0,6,26,15,11,19,11,8,7,4,3
S01007164,99,46,53,86,42,44,78,38,40,8,4,4,0,0,0,13,4,9,8,2,6,5,2,3
S01007165,169,74,95,154,68,86,124,62,62,26,6,20,4,0,4,15,6,9,10,4,6,5,2,3
S01007166,148,54,94,128,44,84,92,32,60,32,8,24,4,4,0,20,10,10,17,9,8,3,1,2
S01007167,140,49,91,124,44,80,106,40,66,16,2,14,2,2,0,16,5,11,11,3,8,5,2,3
S01007168,170,69,101,154,58,96,132,48,84,22,10,12,0,0,0,16,11,5,13,9,4,3,2,1
S01007169,155,69,86,138,60,78,118,52,66,18,6,12,2,2,0,17,9,8,13,7,6,4,2,2
S01007170,120,54,66,108,48,60,82,40,42,20,6,14,6,2,4,12,6,6,7,5,2,5,1,4
S01007171,132,58,74,120,50,70,98,38,60,18,12,6,4,0,4,12,8,4,10,6,4,2,2,0
S01007172,136,55,81,122,48,74,84,32,52,32,10,22,6,6,0,14,7,7,10,4,6,4,3,1
S01007173,249,94,155,224,86,138,170,74,96,52,10,42,2,2,0,25,8,17,22,7,15,3,1,2
S01007174,251,93,158,218,78,140,150,54,96,54,20,34,14,4,10,33,15,18,16,9,7,17,6,11
S01007175,134,56,78,120,48,72,82,36,46,30,10,20,8,2,6,14,8,6,11,7,4,3,1,2
S01007176,178,85,93,156,72,84,94,50,44,56,20,36,6,2,4,22,13,9,16,9,7,6,4,2
S01007177,141,75,66,104,50,54,60,32,28,40,16,24,4,2,2,37,25,12,23,14,9,14,11,3
S01007178,212,103,109,140,64,76,86,48,38,42,10,32,12,6,6,72,39,33,35,25,10,37,14,23
S01007179,156,75,81,142,62,80,130,58,72,12,4,8,0,0,0,14,13,1,13,12,1,1,1,0
S01007180,136,59,77,124,52,72,102,50,52,22,2,20,0,0,0,12,7,5,6,5,1,6,2,4
S01007181,144,58,86,126,48,78,92,36,56,28,8,20,6,4,2,18,10,8,13,7,6,5,3,2
S01007182,183,101,82,152,78,74,96,52,44,52,24,28,4,2,2,31,23,8,22,17,5,9,6,3
S01007183,184,97,87,158,82,76,106,54,52,48,24,24,4,4,0,26,15,11,17,8,9,9,7,2
S01007184,155,93,62,120,66,54,70,38,32,46,24,22,4,4,0,35,27,8,26,20,6,9,7,2
S01007185,174,98,76,114,56,58,56,28,28,46,26,20,12,2,10,60,42,18,30,21,9,30,21,9
S01007186,118,67,51,90,52,38,46,22,24,28,20,8,16,10,6,28,15,13,17,10,7,11,5,6
S01007187,110,73,37,80,54,26,62,40,22,18,14,4,0,0,0,30,19,11,16,9,7,14,10,4
S01007188,99,56,43,78,44,34,54,32,22,18,8,10,6,4,2,21,12,9,12,6,6,9,6,3
S01007189,109,49,60,90,40,50,54,22,32,32,14,18,4,4,0,19,9,10,8,5,3,11,4,7
S01007190,132,58,74,116,50,66,100,42,58,12,4,8,4,4,0,16,8,8,12,7,5,4,1,3
S01007191,111,47,64,86,36,50,60,28,32,16,6,10,10,2,8,25,11,14,17,7,10,8,4,4
S01007192,119,60,59,86,44,42,54,30,24,24,8,16,8,6,2,33,16,17,22,11,11,11,5,6
S01007193,172,72,100,142,58,84,90,46,44,30,10,20,22,2,20,30,14,16,20,11,9,10,3,7
S01007194,147,46,101,92,24,68,44,10,34,38,12,26,10,2,8,55,22,33,28,16,12,27,6,21
S01007195,142,62,80,104,46,58,58,28,30,36,14,22,10,4,6,38,16,22,23,12,11,15,4,11
S01007196,218,81,137,170,64,106,96,46,50,66,16,50,8,2,6,48,17,31,22,9,13,26,8,18
S01007197,167,80,87,108,46,62,50,24,26,40,14,26,18,8,10,59,34,25,34,21,13,25,13,12
S01007198,122,57,65,84,36,48,44,22,22,30,12,18,10,2,8,38,21,17,22,11,11,16,10,6
S01007199,173,76,97,124,52,72,60,32,28,42,12,30,22,8,14,49,24,25,25,13,12,24,11,13
S01007200,167,88,79,134,66,68,96,54,42,34,10,24,4,2,2,33,22,11,23,13,10,10,9,1
S01007201,145,90,55,120,74,46,78,46,32,36,28,8,6,0,6,25,16,9,21,14,7,4,2,2
S01007202,135,73,62,104,54,50,62,36,26,30,14,16,12,4,8,31,19,12,17,11,6,14,8,6
S01007203,140,56,84,122,46,76,86,34,52,36,12,24,0,0,0,18,10,8,12,7,5,6,3,3
S01007204,173,76,97,150,68,82,106,48,58,38,18,20,6,2,4,23,8,15,14,4,10,9,4,5
S01007205,119,56,63,106,48,58,72,32,40,30,16,14,4,0,4,13,8,5,9,6,3,4,2,2
S01007206,76,37,39,68,34,34,46,22,24,18,10,8,4,2,2,8,3,5,5,1,4,3,2,1
S01007207,164,61,103,134,44,90,90,28,62,36,14,22,8,2,6,30,17,13,22,14,8,8,3,5
S01007208,178,80,98,118,48,70,64,24,40,46,18,28,8,6,2,60,32,28,28,16,12,32,16,16
S01007209,108,64,44,76,44,32,48,28,20,16,10,6,12,6,6,32,20,12,21,13,8,11,7,4
S01007210,153,74,79,124,56,68,70,38,32,42,12,30,12,6,6,29,18,11,16,11,5,13,7,6
S01007211,167,68,99,124,48,76,76,28,48,34,12,22,14,8,6,43,20,23,26,14,12,17,6,11
S01007212,99,42,57,86,38,48,50,24,26,34,12,22,2,2,0,13,4,9,5,3,2,8,1,7
S01007213,146,74,72,126,62,64,88,46,42,32,14,18,6,2,4,20,12,8,14,8,6,6,4,2
S01007214,100,64,36,78,48,30,52,32,20,18,10,8,8,6,2,22,16,6,11,8,3,11,8,3
S01007215,144,77,67,118,62,56,86,50,36,26,10,16,6,2,4,26,15,11,13,7,6,13,8,5
S01007216,128,52,76,112,44,68,78,36,42,26,8,18,8,0,8,16,8,8,13,6,7,3,2,1
S01007217,188,90,98,142,58,84,92,42,50,38,10,28,12,6,6,46,32,14,30,21,9,16,11,5
S01007218,186,76,110,174,70,104,116,50,66,56,20,36,2,0,2,12,6,6,10,5,5,2,1,1
S01007219,164,86,78,134,68,66,100,52,48,24,14,10,10,2,8,30,18,12,21,13,8,9,5,4
S01007220,158,62,96,140,52,88,106,40,66,34,12,22,0,0,0,18,10,8,14,9,5,4,1,3
S01007221,183,62,121,170,58,112,122,50,72,44,6,38,4,2,2,13,4,9,8,2,6,5,2,3
S01007222,194,98,96,160,76,84,100,50,50,44,16,28,16,10,6,34,22,12,12,8,4,22,14,8
S01007223,144,64,80,138,60,78,104,46,58,32,14,18,2,0,2,6,4,2,5,3,2,1,1,0
S01007224,143,66,77,124,54,70,94,42,52,28,10,18,2,2,0,19,12,7,13,9,4,6,3,3
S01007225,183,64,119,168,56,112,116,42,74,48,12,36,4,2,2,15,8,7,10,6,4,5,2,3
S01007226,166,81,85,156,76,80,114,58,56,36,14,22,6,4,2,10,5,5,7,3,4,3,2,1
S01007227,200,68,132,178,54,124,138,36,102,36,16,20,4,2,2,22,14,8,19,11,8,3,3,0
S01007228,162,69,93,152,64,88,100,34,66,42,22,20,10,8,2,10,5,5,8,4,4,2,1,1
S01007229,224,94,130,212,88,124,146,54,92,52,26,26,14,8,6,12,6,6,9,4,5,3,2,1
S01007230,184,89,95,150,68,82,90,38,52,54,26,28,6,4,2,34,21,13,23,15,8,11,6,5
S01007231,136,59,77,98,36,62,60,22,38,30,12,18,8,2,6,38,23,15,17,10,7,21,13,8
S01007232,132,69,63,94,44,50,60,28,32,22,14,8,12,2,10,38,25,13,18,14,4,20,11,9
S01007233,150,60,90,124,44,80,84,34,50,38,10,28,2,0,2,26,16,10,16,12,4,10,4,6
S01007234,129,43,86,112,36,76,80,30,50,26,4,22,6,2,4,17,7,10,11,4,7,6,3,3
S01007235,127,64,63,98,44,54,58,16,42,26,18,8,14,10,4,29,20,9,17,12,5,12,8,4
S01007236,120,50,70,102,38,64,78,30,48,24,8,16,0,0,0,18,12,6,11,8,3,7,4,3
S01007237,140,60,80,124,50,74,92,44,48,26,4,22,6,2,4,16,10,6,13,9,4,3,1,2
S01007238,176,93,83,158,86,72,120,74,46,30,6,24,8,6,2,18,7,11,10,6,4,8,1,7
S01007239,126,44,82,112,40,72,74,24,50,30,12,18,8,4,4,14,4,10,9,3,6,5,1,4
S01007240,89,31,58,84,28,56,68,22,46,16,6,10,0,0,0,5,3,2,1,1,0,4,2,2
S01007241,133,62,71,126,56,70,106,46,60,18,8,10,2,2,0,7,6,1,6,5,1,1,1,0
S01007242,188,79,109,162,64,98,126,50,76,36,14,22,0,0,0,26,15,11,14,7,7,12,8,4
S01007243,123,77,46,118,76,42,92,64,28,26,12,14,0,0,0,5,1,4,4,1,3,1,0,1
S01007244,124,61,63,118,56,62,90,44,46,22,10,12,6,2,4,6,5,1,5,5,0,1,0,1
S01007245,108,64,44,96,58,38,68,46,22,26,12,14,2,0,2,12,6,6,9,5,4,3,1,2
S01007246,108,39,69,102,34,68,86,28,58,16,6,10,0,0,0,6,5,1,2,2,0,4,3,1
S01007247,124,52,72,112,48,64,88,42,46,16,4,12,8,2,6,12,4,8,10,4,6,2,0,2
S01007248,156,61,95,148,56,92,122,48,74,26,8,18,0,0,0,8,5,3,8,5,3,0,0,0
S01007249,71,35,36,60,30,30,48,24,24,12,6,6,0,0,0,11,5,6,7,2,5,4,3,1
S01007250,133,65,68,114,50,64,80,36,44,28,12,16,6,2,4,19,15,4,16,12,4,3,3,0
S01007251,103,33,70,88,30,58,66,22,44,20,8,12,2,0,2,15,3,12,9,2,7,6,1,5
S01007252,182,72,110,146,54,92,118,44,74,26,10,16,2,0,2,36,18,18,17,10,7,19,8,11
S01007253,149,65,84,136,60,76,116,54,62,14,4,10,6,2,4,13,5,8,8,2,6,5,3,2
S01007254,157,80,77,128,62,66,90,48,42,32,12,20,6,2,4,29,18,11,17,11,6,12,7,5
S01007255,173,99,74,120,62,58,70,42,28,44,14,30,6,6,0,53,37,16,23,17,6,30,20,10
S01007256,152,81,71,118,64,54,80,50,30,34,12,22,4,2,2,34,17,17,20,11,9,14,6,8
S01007257,126,66,60,86,40,46,46,24,22,32,14,18,8,2,6,40,26,14,26,19,7,14,7,7
S01007258,169,55,114,142,48,94,100,36,64,36,10,26,6,2,4,27,7,20,12,2,10,15,5,10
S01007259,169,93,76,140,74,66,94,52,42,36,16,20,10,6,4,29,19,10,17,11,6,12,8,4
S01007260,192,101,91,128,62,66,84,44,40,36,12,24,8,6,2,64,39,25,29,24,5,35,15,20
S01007261,141,77,64,130,70,60,110,56,54,16,10,6,4,4,0,11,7,4,5,2,3,6,5,1
S01007262,143,54,89,120,42,78,94,38,56,24,4,20,2,0,2,23,12,11,16,9,7,7,3,4
S01007263,134,54,80,108,42,66,92,38,54,16,4,12,0,0,0,26,12,14,13,9,4,13,3,10
S01007264,130,43,87,118,36,82,88,30,58,24,2,22,6,4,2,12,7,5,7,3,4,5,4,1
S01007265,220,90,130,182,64,118,134,46,88,38,12,26,10,6,4,38,26,12,21,18,3,17,8,9
S01007266,112,56,56,90,42,48,72,34,38,18,8,10,0,0,0,22,14,8,15,9,6,7,5,2
S01007267,101,35,66,94,30,64,68,22,46,26,8,18,0,0,0,7,5,2,5,4,1,2,1,1
S01007268,120,56,64,102,46,56,78,32,46,22,12,10,2,2,0,18,10,8,11,6,5,7,4,3
S01007269,122,64,58,114,60,54,82,44,38,28,16,12,4,0,4,8,4,4,6,3,3,2,1,1
S01007270,79,30,49,70,24,46,60,20,40,10,4,6,0,0,0,9,6,3,7,4,3,2,2,0
S01007271,183,89,94,158,74,84,112,58,54,42,16,26,4,0,4,25,15,10,19,13,6,6,2,4
S01007272,210,105,105,158,74,84,94,48,46,50,18,32,14,8,6,52,31,21,29,14,15,23,17,6
S01007273,155,90,65,130,70,60,104,58,46,22,12,10,4,0,4,25,20,5,11,8,3,14,12,2
S01007274,135,66,69,112,46,66,76,28,48,34,16,18,2,2,0,23,20,3,16,14,2,7,6,1
S01007275,99,37,62,90,32,58,66,22,44,22,8,14,2,2,0,9,5,4,7,4,3,2,1,1
S01007276,178,70,108,140,46,94,94,34,60,32,10,22,14,2,12,38,24,14,26,18,8,12,6,6
S01007277,139,52,87,122,48,74,106,48,58,16,0,16,0,0,0,17,4,13,14,4,10,3,0,3
S01007278,127,49,78,116,42,74,94,34,60,20,8,12,2,0,2,11,7,4,11,7,4,0,0,0
S01007279,98,29,69,84,22,62,64,20,44,20,2,18,0,0,0,14,7,7,12,7,5,2,0,2
S01007280,111,30,81,96,24,72,44,10,34,46,12,34,6,2,4,15,6,9,11,4,7,4,2,2
S01007281,194,74,120,180,66,114,142,54,88,30,6,24,8,6,2,14,8,6,14,8,6,0,0,0
S01007282,117,47,70,106,40,66,68,32,36,32,8,24,6,0,6,11,7,4,7,5,2,4,2,2
S01007283,179,69,110,164,58,106,92,32,60,68,26,42,4,0,4,15,11,4,13,9,4,2,2,0
S01007284,152,59,93,124,44,80,86,36,50,32,8,24,6,0,6,28,15,13,25,13,12,3,2,1
S01007285,169,69,100,154,58,96,112,52,60,38,6,32,4,0,4,15,11,4,13,10,3,2,1,1
S01007286,186,92,94,150,68,82,104,54,50,40,12,28,6,2,4,36,24,12,22,12,10,14,12,2
S01007287,95,35,60,86,28,58,52,20,32,26,6,20,8,2,6,9,7,2,5,4,1,4,3,1
S01007288,77,27,50,72,24,48,54,22,32,16,0,16,2,2,0,5,3,2,2,0,2,3,3,0
S01007289,164,78,86,154,74,80,134,64,70,20,10,10,0,0,0,10,4,6,9,4,5,1,0,1
S01007290,282,117,165,226,80,146,158,64,94,58,16,42,10,0,10,56,37,19,29,19,10,27,18,9
S01007291,106,48,58,78,32,46,54,20,34,22,10,12,2,2,0,28,16,12,20,12,8,8,4,4
S01007292,178,79,99,166,70,96,132,58,74,30,10,20,4,2,2,12,9,3,10,8,2,2,1,1
S01007293,194,96,98,128,68,60,92,56,36,32,10,22,4,2,2,66,28,38,48,18,30,18,10,8
S01007294,159,77,82,128,60,68,108,56,52,14,4,10,6,0,6,31,17,14,21,13,8,10,4,6
S01007295,85,50,35,50,28,22,38,24,14,8,2,6,4,2,2,35,22,13,18,14,4,17,8,9
S01007296,51,31,20,34,18,16,20,10,10,12,6,6,2,2,0,17,13,4,12,9,3,5,4,1
S01007297,151,80,71,128,66,62,106,56,50,14,6,8,8,4,4,23,14,9,16,10,6,7,4,3
S01007298,114,55,59,96,48,48,76,34,42,16,14,2,4,0,4,18,7,11,15,7,8,3,0,3
S01007299,157,90,67,126,64,62,104,54,50,22,10,12,0,0,0,31,26,5,28,25,3,3,1,2
S01007300,89,43,46,66,30,36,54,26,28,12,4,8,0,0,0,23,13,10,17,10,7,6,3,3
S01007301,148,65,83,144,64,80,122,52,70,22,12,10,0,0,0,4,1,3,3,1,2,1,0,1
S01007302,113,34,79,100,28,72,74,24,50,24,4,20,2,0,2,13,6,7,9,4,5,4,2,2
S01007303,174,64,110,162,56,106,132,50,82,26,4,22,4,2,2,12,8,4,8,5,3,4,3,1
S01007304,114,54,60,98,42,56,82,34,48,12,4,8,4,4,0,16,12,4,11,9,2,5,3,2
S01007305,159,65,94,148,58,90,116,42,74,28,16,12,4,0,4,11,7,4,8,5,3,3,2,1
S01007306,167,71,96,144,58,86,110,42,68,34,16,18,0,0,0,23,13,10,15,7,8,8,6,2
S01007307,140,53,87,130,48,82,108,42,66,20,6,14,2,0,2,10,5,5,10,5,5,0,0,0
S01007308,130,46,84,114,38,76,68,24,44,40,12,28,6,2,4,16,8,8,13,6,7,3,2,1
S01007309,100,44,56,80,34,46,54,28,26,26,6,20,0,0,0,20,10,10,11,6,5,9,4,5
S01007310,141,45,96,130,38,92,82,24,58,38,12,26,10,2,8,11,7,4,6,4,2,5,3,2
S01007311,132,57,75,116,46,70,98,36,62,16,8,8,2,2,0,16,11,5,13,8,5,3,3,0
S01007312,134,35,99,116,28,88,96,24,72,18,4,14,2,0,2,18,7,11,8,3,5,10,4,6
S01007313,162,54,108,148,46,102,120,36,84,24,8,16,4,2,2,14,8,6,12,7,5,2,1,1
S01007314,129,59,70,116,50,66,100,42,58,10,4,6,6,4,2,13,9,4,12,9,3,1,0,1
S01007315,196,84,112,174,70,104,146,54,92,20,8,12,8,8,0,22,14,8,17,11,6,5,3,2
S01007316,142,56,86,110,34,76,86,30,56,24,4,20,0,0,0,32,22,10,22,15,7,10,7,3
S01007317,166,78,88,146,68,78,128,62,66,14,6,8,4,0,4,20,10,10,11,7,4,9,3,6
S01007318,141,59,82,120,46,74,92,38,54,22,8,14,6,0,6,21,13,8,18,12,6,3,1,2
S01007319,140,74,66,124,62,62,94,40,54,28,20,8,2,2,0,16,12,4,13,10,3,3,2,1
S01007320,141,62,79,128,54,74,106,50,56,20,4,16,2,0,2,13,8,5,12,7,5,1,1,0
S01007321,84,33,51,76,26,50,64,18,46,8,4,4,4,4,0,8,7,1,6,5,1,2,2,0
S01007322,130,71,59,114,58,56,80,42,38,34,16,18,0,0,0,16,13,3,11,9,2,5,4,1
S01007323,72,38,34,58,26,32,46,20,26,10,6,4,2,0,2,14,12,2,12,10,2,2,2,0
S01007324,43,17,26,40,16,24,34,12,22,6,4,2,0,0,0,3,1,2,2,1,1,1,0,1
S01007325,155,61,94,132,46,86,98,30,68,32,14,18,2,2,0,23,15,8,21,13,8,2,2,0
S01007326,128,58,70,116,48,68,94,44,50,22,4,18,0,0,0,12,10,2,9,8,1,3,2,1
S01007327,134,50,84,102,28,74,76,24,52,26,4,22,0,0,0,32,22,10,27,19,8,5,3,2
S01007328,144,59,85,116,40,76,86,36,50,26,4,22,4,0,4,28,19,9,20,15,5,8,4,4
S01007329,145,53,92,128,46,82,92,30,62,34,16,18,2,0,2,17,7,10,11,6,5,6,1,5
S01007330,96,38,58,82,32,50,46,18,28,32,12,20,4,2,2,14,6,8,12,4,8,2,2,0
S01007331,195,76,119,178,68,110,146,54,92,30,14,16,2,0,2,17,8,9,14,7,7,3,1,2
S01007332,103,40,63,94,32,62,76,22,54,18,10,8,0,0,0,9,8,1,2,2,0,7,6,1
S01007333,149,71,78,124,56,68,96,46,50,18,8,10,10,2,8,25,15,10,13,8,5,12,7,5
S01007334,134,49,85,88,26,62,56,18,38,26,4,22,6,4,2,46,23,23,19,10,9,27,13,14
S01007335,156,89,67,118,62,56,88,54,34,26,8,18,4,0,4,38,27,11,23,16,7,15,11,4
S01007336,78,40,38,56,26,30,38,18,20,18,8,10,0,0,0,22,14,8,10,7,3,12,7,5
S01007337,90,30,60,68,18,50,62,18,44,4,0,4,2,0,2,22,12,10,16,10,6,6,2,4
S01007338,171,71,100,148,60,88,120,42,78,26,18,8,2,0,2,23,11,12,18,10,8,5,1,4
S01007339,115,52,63,108,46,62,82,36,46,24,10,14,2,0,2,7,6,1,3,3,0,4,3,1
S01007340,74,45,29,64,40,24,42,24,18,18,12,6,4,4,0,10,5,5,5,3,2,5,2,3
S01007341,118,54,64,100,38,62,76,30,46,22,8,14,2,0,2,18,16,2,10,9,1,8,7,1
S01007342,142,65,77,134,60,74,98,38,60,32,18,14,4,4,0,8,5,3,4,1,3,4,4,0
S01007343,100,36,64,94,32,62,74,28,46,10,0,10,10,4,6,6,4,2,5,3,2,1,1,0
S01007344,63,32,31,52,22,30,38,16,22,10,6,4,4,0,4,11,10,1,6,5,1,5,5,0
S01007345,137,64,73,96,42,54,58,28,30,36,14,22,2,0,2,41,22,19,19,10,9,22,12,10
S01007346,60,36,24,38,22,16,28,18,10,6,4,2,4,0,4,22,14,8,14,9,5,8,5,3
S01007347,82,46,36,60,26,34,44,18,26,14,6,8,2,2,0,22,20,2,15,15,0,7,5,2
S01007348,126,64,62,92,44,48,54,34,20,36,8,28,2,2,0,34,20,14,21,11,10,13,9,4
S01007349,96,38,58,64,24,40,38,20,18,22,0,22,4,4,0,32,14,18,13,5,8,19,9,10
S01007350,60,25,35,42,16,26,32,12,20,8,4,4,2,0,2,18,9,9,12,7,5,6,2,4
S01007351,72,29,43,64,26,38,52,22,30,10,4,6,2,0,2,8,3,5,8,3,5,0,0,0
S01007352,68,40,28,66,38,28,44,22,22,18,12,6,4,4,0,2,2,0,2,2,0,0,0,0
S01007353,97,41,56,80,30,50,52,22,30,26,8,18,2,0,2,17,11,6,15,10,5,2,1,1
S01007354,108,50,58,98,44,54,64,32,32,24,10,14,10,2,8,10,6,4,6,2,4,4,4,0
S01007355,107,58,49,96,50,46,66,38,28,26,8,18,4,4,0,11,8,3,4,3,1,7,5,2
S01007356,104,52,52,84,38,46,60,28,32,20,8,12,4,2,2,20,14,6,14,9,5,6,5,1
S01007357,137,60,77,122,52,70,94,36,58,26,16,10,2,0,2,15,8,7,14,8,6,1,0,1
S01007358,160,68,92,144,58,86,104,50,54,26,6,20,14,2,12,16,10,6,10,5,5,6,5,1
S01007359,161,82,79,120,60,60,90,40,50,18,10,8,12,10,2,41,22,19,20,13,7,21,9,12
S01007360,63,23,40,54,18,36,40,14,26,8,0,8,6,4,2,9,5,4,5,4,1,4,1,3
S01007361,140,62,78,124,56,68,102,40,62,16,12,4,6,4,2,16,6,10,11,6,5,5,0,5
S01007362,133,52,81,114,42,72,90,32,58,14,2,12,10,8,2,19,10,9,14,7,7,5,3,2
S01007363,90,42,48,74,30,44,48,22,26,20,8,12,6,0,6,16,12,4,12,8,4,4,4,0
S01007364,204,82,122,130,48,82,84,40,44,28,4,24,18,4,14,74,34,40,37,20,17,37,14,23
S01007365,90,39,51,68,28,40,42,18,24,26,10,16,0,0,0,22,11,11,10,5,5,12,6,6
S01007366,79,39,40,54,22,32,28,12,16,20,8,12,6,2,4,25,17,8,13,7,6,12,10,2
S01007367,88,46,42,68,34,34,48,28,20,20,6,14,0,0,0,20,12,8,12,7,5,8,5,3
S01007368,118,43,75,80,28,52,52,20,32,20,4,16,8,4,4,38,15,23,17,9,8,21,6,15
S01007369,156,65,91,124,50,74,92,36,56,24,10,14,8,4,4,32,15,17,17,9,8,15,6,9
S01007370,124,73,51,94,52,42,64,38,26,22,10,12,8,4,4,30,21,9,23,16,7,7,5,2
S01007371,159,62,97,126,42,84,94,34,60,30,8,22,2,0,2,33,20,13,23,12,11,10,8,2
S01007372,156,64,92,134,52,82,106,44,62,26,8,18,2,0,2,22,12,10,18,9,9,4,3,1
S01007373,91,36,55,86,34,52,54,24,30,30,10,20,2,0,2,5,2,3,5,2,3,0,0,0
S01007374,107,52,55,97,48,49,76,38,38,18,10,8,3,0,3,10,4,6,7,4,3,3,0,3
S01007375,64,26,38,52,18,34,26,12,14,24,4,20,2,2,0,12,8,4,8,4,4,4,4,0
S01007376,187,96,91,136,68,68,98,46,52,24,16,8,14,6,8,51,28,23,30,16,14,21,12,9
S01007377,133,63,70,112,52,60,86,36,50,26,16,10,0,0,0,21,11,10,19,9,10,2,2,0
S01007378,111,53,58,102,46,56,68,34,34,34,12,22,0,0,0,9,7,2,8,6,2,1,1,0
S01007379,100,51,49,84,42,42,58,26,32,22,12,10,4,4,0,16,9,7,8,3,5,8,6,2
S01007380,147,61,86,128,52,76,94,40,54,28,10,18,6,2,4,19,9,10,11,7,4,8,2,6
S01007381,90,30,60,82,26,56,50,20,30,30,6,24,2,0,2,8,4,4,4,2,2,4,2,2
S01007382,147,64,83,130,58,72,100,44,56,28,12,16,2,2,0,17,6,11,14,4,10,3,2,1
S01007383,127,55,72,112,46,66,86,36,50,24,8,16,2,2,0,15,9,6,9,5,4,6,4,2
S01007384,204,80,124,170,60,110,114,40,74,54,18,36,2,2,0,34,20,14,26,18,8,8,2,6
S01007385,140,86,54,122,76,46,88,60,28,28,14,14,6,2,4,18,10,8,15,9,6,3,1,2
S01007386,165,68,97,154,62,92,126,50,76,28,12,16,0,0,0,11,6,5,10,5,5,1,1,0
S01007387,163,56,107,156,52,104,120,46,74,32,6,26,4,0,4,7,4,3,3,1,2,4,3,1
S01007388,135,56,79,120,52,68,98,44,54,20,6,14,2,2,0,15,4,11,13,2,11,2,2,0
S01007389,198,83,115,162,60,102,66,26,40,88,30,58,8,4,4,36,23,13,21,12,9,15,11,4
S01007390,212,93,119,164,66,98,84,42,42,76,22,54,4,2,2,48,27,21,33,16,17,15,11,4
S01007391,110,46,64,104,44,60,80,40,40,22,4,18,2,0,2,6,2,4,4,1,3,2,1,1
S01007392,71,30,41,68,28,40,40,14,26,24,12,12,4,2,2,3,2,1,2,1,1,1,1,0
S01007393,126,48,78,116,44,72,66,24,42,44,16,28,6,4,2,10,4,6,8,3,5,2,1,1
S01007394,103,46,57,92,40,52,70,32,38,22,8,14,0,0,0,11,6,5,7,5,2,4,1,3
S01007395,90,55,35,66,40,26,38,22,16,22,14,8,6,4,2,24,15,9,18,13,5,6,2,4
S01007396,115,75,40,76,44,32,52,32,20,20,10,10,4,2,2,39,31,8,29,24,5,10,7,3
S01007397,179,72,107,158,62,96,120,48,72,34,12,22,4,2,2,21,10,11,14,7,7,7,3,4
S01007398,152,54,98,100,36,64,64,24,40,18,6,12,18,6,12,52,18,34,28,12,16,24,6,18
S01007399,131,65,66,84,38,46,46,20,26,22,8,14,16,10,6,47,27,20,27,19,8,20,8,12
S01007400,113,51,62,100,44,56,76,36,40,20,4,16,4,4,0,13,7,6,12,7,5,1,0,1
S01007401,128,62,66,106,52,54,90,44,46,14,8,6,2,0,2,22,10,12,15,5,10,7,5,2
S01007402,130,76,54,118,68,50,96,50,46,20,16,4,2,2,0,12,8,4,8,5,3,4,3,1
S01007403,312,103,209,296,96,200,198,66,132,94,28,66,4,2,2,16,7,9,10,5,5,6,2,4
S01007404,70,30,40,66,28,38,44,22,22,18,6,12,4,0,4,4,2,2,4,2,2,0,0,0
S01007405,141,55,86,136,52,84,98,38,60,34,12,22,4,2,2,5,3,2,4,2,2,1,1,0
S01007406,121,52,69,114,48,66,88,34,54,26,14,12,0,0,0,7,4,3,7,4,3,0,0,0
S01007407,153,54,99,140,46,94,118,40,78,20,6,14,2,0,2,13,8,5,12,7,5,1,1,0
S01007408,135,75,60,110,60,50,82,48,34,22,10,12,6,2,4,25,15,10,19,11,8,6,4,2
S01007409,123,66,57,102,52,50,82,40,42,20,12,8,0,0,0,21,14,7,13,9,4,8,5,3
S01007410,150,66,84,102,38,64,52,24,28,36,4,32,14,10,4,48,28,20,17,12,5,31,16,15
S01007411,203,116,87,142,78,64,86,48,38,36,20,16,20,10,10,61,38,23,21,13,8,40,25,15
S01007412,86,39,47,72,34,38,44,22,22,22,8,14,6,4,2,14,5,9,6,2,4,8,3,5
S01007413,231,109,122,206,92,114,166,74,92,28,10,18,12,8,4,25,17,8,18,13,5,7,4,3
S01007414,215,94,121,206,90,116,172,84,88,34,6,28,0,0,0,9,4,5,7,3,4,2,1,1
S01007415,186,91,95,136,60,76,88,44,44,32,10,22,16,6,10,50,31,19,24,13,11,26,18,8
S01007416,168,83,85,114,50,64,36,22,14,54,22,32,24,6,18,54,33,21,22,15,7,32,18,14
S01007417,232,102,130,206,88,118,160,82,78,36,4,32,10,2,8,26,14,12,19,9,10,7,5,2
S01007418,126,68,58,82,44,38,54,32,22,22,10,12,6,2,4,44,24,20,30,16,14,14,8,6
S01007419,202,83,119,144,56,88,66,26,40,50,20,30,28,10,18,58,27,31,28,16,12,30,11,19
S01007420,214,101,113,204,96,108,144,78,66,54,18,36,6,0,6,10,5,5,10,5,5,0,0,0
S01007421,180,103,77,162,92,70,124,72,52,34,18,16,4,2,2,18,11,7,11,6,5,7,5,2
S01007422,118,59,59,98,46,52,74,32,42,22,12,10,2,2,0,20,13,7,14,9,5,6,4,2
S01007423,191,95,96,174,84,90,124,72,52,48,10,38,2,2,0,17,11,6,12,8,4,5,3,2
S01007424,143,60,83,132,54,78,108,46,62,22,8,14,2,0,2,11,6,5,8,5,3,3,1,2
S01007425,183,89,94,154,70,84,120,56,64,28,10,18,6,4,2,29,19,10,16,11,5,13,8,5
S01007426,124,54,70,92,32,60,72,26,46,16,6,10,4,0,4,32,22,10,19,13,6,13,9,4
S01007427,109,68,41,82,48,34,42,28,14,16,8,8,24,12,12,27,20,7,16,14,2,11,6,5
S01007428,153,71,82,116,48,68,84,38,46,26,10,16,6,0,6,37,23,14,22,13,9,15,10,5
S01007429,134,66,68,110,50,60,78,40,38,24,6,18,8,4,4,24,16,8,15,9,6,9,7,2
S01007430,62,24,38,52,20,32,36,12,24,16,8,8,0,0,0,10,4,6,7,2,5,3,2,1
S01007431,116,52,64,110,48,62,88,40,48,16,4,12,6,4,2,6,4,2,5,4,1,1,0,1
S01007432,142,73,69,122,62,60,96,52,44,20,6,14,6,4,2,20,11,9,17,11,6,3,0,3
S01007433,152,56,96,132,46,86,98,36,62,28,10,18,6,0,6,20,10,10,14,6,8,6,4,2
S01007434,99,63,36,62,38,24,36,30,6,22,8,14,4,0,4,37,25,12,16,11,5,21,14,7
S01007435,129,55,74,110,42,68,84,30,54,22,8,14,4,4,0,19,13,6,13,8,5,6,5,1
S01007436,120,68,52,72,38,34,42,30,12,16,6,10,14,2,12,48,30,18,23,17,6,25,13,12
S01007437,75,44,31,46,26,20,26,14,12,14,6,8,6,6,0,29,18,11,13,9,4,16,9,7
S01007438,110,58,52,86,42,44,60,32,28,24,8,16,2,2,0,24,16,8,10,9,1,14,7,7
S01007439,128,90,38,112,78,34,64,48,16,38,24,14,10,6,4,16,12,4,12,10,2,4,2,2
S01007440,139,75,64,118,62,56,96,54,42,20,8,12,2,0,2,21,13,8,15,10,5,6,3,3
S01007441,129,62,67,120,54,66,88,40,48,26,10,16,6,4,2,9,8,1,9,8,1,0,0,0
S01007442,75,23,52,68,18,50,60,16,44,4,2,2,4,0,4,7,5,2,6,4,2,1,1,0
S01007443,184,83,101,172,76,96,114,48,66,48,24,24,10,4,6,12,7,5,10,7,3,2,0,2
S01007444,208,82,126,186,72,114,134,52,82,50,18,32,2,2,0,22,10,12,17,7,10,5,3,2
S01007445,138,55,83,124,48,76,90,40,50,32,8,24,2,0,2,14,7,7,10,4,6,4,3,1
S01007446,135,39,96,124,34,90,94,28,66,30,6,24,0,0,0,11,5,6,9,4,5,2,1,1
S01007447,98,45,53,92,42,50,72,32,40,20,10,10,0,0,0,6,3,3,6,3,3,0,0,0
S01007448,156,67,89,144,62,82,102,46,56,30,10,20,12,6,6,12,5,7,12,5,7,0,0,0
S01007449,189,114,75,148,88,60,114,70,44,16,8,8,18,10,8,41,26,15,19,14,5,22,12,10
S01007450,159,68,91,118,48,70,60,22,38,28,16,12,30,10,20,41,20,21,18,8,10,23,12,11
S01007451,117,53,64,102,44,58,86,40,46,14,4,10,2,0,2,15,9,6,11,9,2,4,0,4
S01007452,109,38,71,86,28,58,60,18,42,22,8,14,4,2,2,23,10,13,12,5,7,11,5,6
S01007453,199,76,123,190,72,118,146,62,84,36,6,30,8,4,4,9,4,5,7,4,3,2,0,2
S01007454,105,52,53,90,42,48,56,30,26,26,12,14,8,0,8,15,10,5,7,5,2,8,5,3
S01007455,190,108,82,142,84,58,76,44,32,48,32,16,18,8,10,48,24,24,17,11,6,31,13,18
S01007456,223,129,94,154,78,76,92,52,40,40,10,30,22,16,6,69,51,18,29,24,5,40,27,13
S01007457,245,113,132,208,90,118,156,68,88,32,10,22,20,12,8,37,23,14,19,13,6,18,10,8
S01007458,114,67,47,104,62,42,84,54,30,16,6,10,4,2,2,10,5,5,8,5,3,2,0,2
S01007459,112,55,57,102,50,52,80,40,40,16,6,10,6,4,2,10,5,5,7,4,3,3,1,2
S01007460,110,53,57,86,36,50,66,28,38,20,8,12,0,0,0,24,17,7,11,5,6,13,12,1
S01007461,125,77,48,72,38,34,30,18,12,32,14,18,10,6,4,53,39,14,28,20,8,25,19,6
S01007462,137,63,74,104,44,60,76,32,44,26,10,16,2,2,0,33,19,14,17,10,7,16,9,7
S01007463,218,77,141,140,38,102,64,20,44,46,10,36,30,8,22,78,39,39,30,18,12,48,21,27
S01007464,130,49,81,100,30,70,56,16,40,32,8,24,12,6,6,30,19,11,11,8,3,19,11,8
S01007465,176,101,75,98,54,44,40,26,14,28,12,16,30,16,14,78,47,31,24,13,11,54,34,20
S01007466,149,94,55,104,58,46,58,42,16,34,10,24,12,6,6,45,36,9,25,19,6,20,17,3
S01007467,185,110,75,140,78,62,108,64,44,26,10,16,6,4,2,45,32,13,25,17,8,20,15,5
S01007468,150,78,72,134,66,68,116,54,62,18,12,6,0,0,0,16,12,4,13,10,3,3,2,1
S01007469,145,66,79,106,44,62,62,30,32,34,10,24,10,4,6,39,22,17,27,17,10,12,5,7
S01007470,122,51,71,90,32,58,50,24,26,30,8,22,10,0,10,32,19,13,15,10,5,17,9,8
S01007471,125,68,57,108,58,50,88,48,40,14,8,6,6,2,4,17,10,7,8,6,2,9,4,5
S01007472,124,82,42,96,62,34,66,42,24,18,12,6,12,8,4,28,20,8,13,11,2,15,9,6
S01007473,85,53,32,62,34,28,48,24,24,12,8,4,2,2,0,23,19,4,13,12,1,10,7,3
S01007474,120,63,57,112,56,56,102,50,52,10,6,4,0,0,0,8,7,1,7,6,1,1,1,0
S01007475,119,53,66,100,42,58,84,36,48,12,6,6,4,0,4,19,11,8,11,5,6,8,6,2
S01007476,103,44,59,88,38,50,76,32,44,8,4,4,4,2,2,15,6,9,8,3,5,7,3,4
S01007477,111,42,69,98,36,62,66,28,38,28,8,20,4,0,4,13,6,7,10,4,6,3,2,1
S01007478,182,79,103,154,64,90,130,58,72,22,6,16,2,0,2,28,15,13,16,9,7,12,6,6
S01007479,149,74,75,124,56,68,98,40,58,22,12,10,4,4,0,25,18,7,15,10,5,10,8,2
S01007480,197,90,107,180,78,102,140,68,72,38,10,28,2,0,2,17,12,5,10,8,2,7,4,3
S01007481,123,58,65,114,52,62,92,40,52,20,12,8,2,0,2,9,6,3,8,6,2,1,0,1
S01007482,67,26,41,54,18,36,44,14,30,6,2,4,4,2,2,13,8,5,7,4,3,6,4,2
S01007483,188,105,83,156,84,72,114,64,50,40,20,20,2,0,2,32,21,11,22,15,7,10,6,4
S01007484,109,66,43,82,46,36,56,32,24,22,12,10,4,2,2,27,20,7,14,9,5,13,11,2
S01007485,121,64,57,86,42,44,32,14,18,26,8,18,28,20,8,35,22,13,19,12,7,16,10,6
S01007486,152,77,75,90,32,58,24,12,12,48,14,34,18,6,12,62,45,17,26,17,9,36,28,8
S01007487,142,72,70,102,50,52,80,40,40,16,6,10,6,4,2,40,22,18,18,11,7,22,11,11
S01007488,226,120,106,180,84,96,130,62,68,36,18,18,14,4,10,46,36,10,28,22,6,18,14,4
S01007489,176,99,77,144,74,70,112,62,50,26,8,18,6,4,2,32,25,7,23,19,4,9,6,3
S01007490,183,82,101,156,62,94,98,38,60,36,10,26,22,14,8,27,20,7,12,11,1,15,9,6
S01007491,293,138,155,218,96,122,156,78,78,48,12,36,14,6,8,75,42,33,40,25,15,35,17,18
S01007492,112,55,57,96,42,54,70,30,40,22,10,12,4,2,2,16,13,3,12,11,1,4,2,2
S01007493,182,102,80,150,84,66,102,62,40,36,16,20,12,6,6,32,18,14,18,9,9,14,9,5
S01007494,97,36,61,86,30,56,50,18,32,28,8,20,8,4,4,11,6,5,4,1,3,7,5,2
S01007495,191,81,110,170,70,100,144,56,88,24,12,12,2,2,0,21,11,10,13,6,7,8,5,3
S01007496,156,70,86,134,54,80,100,42,58,26,8,18,8,4,4,22,16,6,12,9,3,10,7,3
S01007497,120,46,74,98,30,68,58,18,40,34,8,26,6,4,2,22,16,6,11,11,0,11,5,6
S01007498,134,64,70,114,48,66,86,42,44,20,2,18,8,4,4,20,16,4,9,6,3,11,10,1
S01007499,182,82,100,162,72,90,106,48,58,42,12,30,14,12,2,20,10,10,13,6,7,7,4,3
S01007500,91,27,64,80,22,58,42,6,36,26,8,18,12,8,4,11,5,6,10,5,5,1,0,1
S01007501,92,48,44,80,42,38,58,34,24,20,8,12,2,0,2,12,6,6,5,3,2,7,3,4
S01007502,90,35,55,84,30,54,54,22,32,22,6,16,8,2,6,6,5,1,4,4,0,2,1,1
S01007503,190,75,115,160,52,108,110,30,80,40,18,22,10,4,6,30,23,7,20,17,3,10,6,4
S01007504,100,41,59,90,36,54,66,30,36,16,2,14,8,4,4,10,5,5,9,4,5,1,1,0
S01007505,92,37,55,80,30,50,48,20,28,22,6,16,10,4,6,12,7,5,6,3,3,6,4,2
S01007506,90,35,55,82,30,52,70,26,44,10,2,8,2,2,0,8,5,3,8,5,3,0,0,0
S01007507,168,88,80,144,70,74,108,50,58,32,18,14,4,2,2,24,18,6,13,11,2,11,7,4
S01007508,98,26,72,90,22,68,58,18,40,28,4,24,4,0,4,8,4,4,5,2,3,3,2,1
S01007509,107,40,67,98,36,62,68,22,46,24,12,12,6,2,4,9,4,5,6,4,2,3,0,3
S01007510,160,59,101,142,50,92,102,38,64,30,6,24,10,6,4,18,9,9,11,5,6,7,4,3
S01007511,142,49,93,116,40,76,76,26,50,26,8,18,14,6,8,26,9,17,8,3,5,18,6,12
S01007512,80,36,44,66,28,38,58,28,30,6,0,6,2,0,2,14,8,6,11,6,5,3,2,1
S01007513,257,130,127,212,100,112,136,68,68,56,20,36,20,12,8,45,30,15,25,18,7,20,12,8
S01007514,86,46,40,66,30,36,38,18,20,22,10,12,6,2,4,20,16,4,8,6,2,12,10,2
S01007515,109,41,68,102,36,66,68,24,44,28,8,20,6,4,2,7,5,2,5,4,1,2,1,1
S01007516,151,71,80,128,56,72,80,40,40,34,10,24,14,6,8,23,15,8,17,10,7,6,5,1
S01007517,47,24,23,42,20,22,32,16,16,6,2,4,4,2,2,5,4,1,2,2,0,3,2,1
S01007518,155,69,86,134,56,78,92,38,54,28,10,18,14,8,6,21,13,8,15,9,6,6,4,2
S01007519,50,31,19,46,30,16,34,20,14,8,8,0,4,2,2,4,1,3,3,1,2,1,0,1
S01007520,182,68,114,164,58,106,98,36,62,56,20,36,10,2,8,18,10,8,8,5,3,10,5,5
S01007521,78,26,52,70,24,46,52,16,36,18,8,10,0,0,0,8,2,6,3,1,2,5,1,4
S01007522,135,59,76,116,50,66,92,44,48,18,6,12,6,0,6,19,9,10,12,8,4,7,1,6
S01007523,92,33,59,86,30,56,50,22,28,30,8,22,6,0,6,6,3,3,4,2,2,2,1,1
S01007524,158,73,85,138,58,80,100,46,54,32,8,24,6,4,2,20,15,5,14,12,2,6,3,3
S01007525,81,33,48,74,30,44,52,22,30,20,8,12,2,0,2,7,3,4,5,3,2,2,0,2
S01007526,114,52,62,90,36,54,58,26,32,30,10,20,2,0,2,24,16,8,16,11,5,8,5,3
S01007527,133,67,66,120,58,62,96,50,46,24,8,16,0,0,0,13,9,4,10,8,2,3,1,2
S01007528,129,66,63,96,48,48,82,42,40,10,4,6,4,2,2,33,18,15,23,13,10,10,5,5
S01007529,120,59,61,110,50,60,84,38,46,20,10,10,6,2,4,10,9,1,7,6,1,3,3,0
S01007530,104,55,49,96,50,46,60,26,34,34,22,12,2,2,0,8,5,3,5,4,1,3,1,2
S01007531,132,58,74,116,50,66,80,38,42,32,10,22,4,2,2,16,8,8,10,5,5,6,3,3
S01007532,123,39,84,110,32,78,68,22,46,40,8,32,2,2,0,13,7,6,8,5,3,5,2,3
S01007533,98,36,62,96,34,62,76,32,44,20,2,18,0,0,0,2,2,0,1,1,0,1,1,0
S01007534,186,97,89,154,72,82,114,56,58,32,16,16,8,0,8,32,25,7,16,14,2,16,11,5
S01007535,207,91,116,154,56,98,126,48,78,22,6,16,6,2,4,53,35,18,33,25,8,20,10,10
S01007536,160,60,100,138,52,86,90,40,50,36,10,26,12,2,10,22,8,14,18,6,12,4,2,2
S01007537,161,79,82,126,56,70,94,34,60,24,16,8,8,6,2,35,23,12,25,18,7,10,5,5
S01007538,200,74,126,184,66,118,154,56,98,28,8,20,2,2,0,16,8,8,9,3,6,7,5,2
S01007539,104,43,61,94,36,58,78,30,48,16,6,10,0,0,0,10,7,3,9,6,3,1,1,0
S01007540,130,55,75,108,42,66,86,32,54,20,8,12,2,2,0,22,13,9,15,9,6,7,4,3
S01007541,134,62,72,120,54,66,92,44,48,24,6,18,4,4,0,14,8,6,11,6,5,3,2,1
S01007542,177,86,91,126,54,72,80,36,44,36,14,22,10,4,6,51,32,19,37,24,13,14,8,6
S01007543,226,95,131,178,62,116,120,44,76,40,12,28,18,6,12,48,33,15,30,21,9,18,12,6
S01007544,143,54,89,130,48,82,102,42,60,24,4,20,4,2,2,13,6,7,11,5,6,2,1,1
S01007545,171,68,103,160,58,102,114,36,78,34,16,18,12,6,6,11,10,1,7,6,1,4,4,0
S01007546,125,43,82,120,40,80,98,38,60,20,2,18,2,0,2,5,3,2,4,2,2,1,1,0
S01007547,109,43,66,102,38,64,70,28,42,26,8,18,6,2,4,7,5,2,6,4,2,1,1,0
S01007548,136,57,79,118,46,72,82,34,48,30,8,22,6,4,2,18,11,7,11,8,3,7,3,4
S01007549,96,38,58,76,26,50,50,14,36,20,12,8,6,0,6,20,12,8,13,9,4,7,3,4
S01007550,136,56,80,110,42,68,76,32,44,32,10,22,2,0,2,26,14,12,17,9,8,9,5,4
S01007551,120,47,73,114,44,70,82,36,46,28,6,22,4,2,2,6,3,3,4,3,1,2,0,2
S01007552,198,67,131,170,50,120,112,40,72,40,4,36,18,6,12,28,17,11,13,8,5,15,9,6
S01007553,178,69,109,148,54,94,70,28,42,34,12,22,44,14,30,30,15,15,12,8,4,18,7,11
S01007554,75,44,31,48,24,24,22,8,14,14,10,4,12,6,6,27,20,7,8,8,0,19,12,7
S01007555,88,45,43,80,42,38,66,34,32,12,6,6,2,2,0,8,3,5,5,2,3,3,1,2
S01007556,71,33,38,58,28,30,46,20,26,4,2,2,8,6,2,13,5,8,12,5,7,1,0,1
S01007557,256,108,148,206,72,134,124,38,86,60,24,36,22,10,12,50,36,14,29,22,7,21,14,7
S01007558,75,27,48,72,26,46,50,22,28,16,4,12,6,0,6,3,1,2,1,0,1,2,1,1
S01007559,160,60,100,144,48,96,110,30,80,30,14,16,4,4,0,16,12,4,13,10,3,3,2,1
S01007560,165,66,99,140,50,90,110,40,70,26,8,18,4,2,2,25,16,9,17,12,5,8,4,4
S01007561,99,54,45,82,44,38,58,30,28,20,12,8,4,2,2,17,10,7,12,7,5,5,3,2
S01007562,192,82,110,164,68,96,124,52,72,32,14,18,8,2,6,28,14,14,14,8,6,14,6,8
S01007563,174,58,116,142,40,102,106,26,80,26,8,18,10,6,4,32,18,14,26,15,11,6,3,3
S01007564,150,53,97,142,48,94,98,36,62,28,2,26,16,10,6,8,5,3,5,3,2,3,2,1
S01007565,177,65,112,164,60,104,100,44,56,56,8,48,8,8,0,13,5,8,9,3,6,4,2,2
S01007566,161,77,84,148,70,78,116,56,60,26,8,18,6,6,0,13,7,6,8,4,4,5,3,2
S01007567,142,58,84,136,54,82,108,44,64,28,10,18,0,0,0,6,4,2,5,3,2,1,1,0
S01007568,129,60,69,112,50,62,84,36,48,26,12,14,2,2,0,17,10,7,17,10,7,0,0,0
S01007569,149,70,79,138,66,72,84,40,44,50,24,26,4,2,2,11,4,7,8,4,4,3,0,3
S01007570,118,54,64,100,46,54,78,32,46,12,10,2,10,4,6,18,8,10,8,5,3,10,3,7
S01007571,101,43,58,98,42,56,72,34,38,20,6,14,6,2,4,3,1,2,1,0,1,2,1,1
S01007572,197,86,111,162,66,96,114,52,62,34,10,24,14,4,10,35,20,15,17,11,6,18,9,9
S01007573,300,136,164,278,126,152,236,110,126,32,12,20,10,4,6,22,10,12,20,10,10,2,0,2
S01007574,224,99,125,178,70,108,140,60,80,24,6,18,14,4,10,46,29,17,32,21,11,14,8,6
S01007575,156,92,64,102,56,46,74,44,30,24,12,12,4,0,4,54,36,18,28,23,5,26,13,13
S01007576,154,63,91,92,24,68,34,10,24,26,10,16,32,4,28,62,39,23,28,19,9,34,20,14
S01007577,154,83,71,100,48,52,48,32,16,34,10,24,18,6,12,54,35,19,25,19,6,29,16,13
S01007578,157,71,86,114,44,70,80,30,50,22,8,14,12,6,6,43,27,16,19,10,9,24,17,7
S01007579,167,74,93,112,40,72,68,32,36,34,6,28,10,2,8,55,34,21,34,22,12,21,12,9
S01007580,194,82,112,144,62,82,84,40,44,50,18,32,10,4,6,50,20,30,29,15,14,21,5,16
S01007581,110,48,62,84,36,48,54,22,32,20,14,6,10,0,10,26,12,14,15,9,6,11,3,8
S01007582,144,72,72,110,48,62,72,30,42,26,14,12,12,4,8,34,24,10,23,15,8,11,9,2
S01007583,226,113,113,140,56,84,92,44,48,34,8,26,14,4,10,86,57,29,45,31,14,41,26,15
S01007584,139,52,87,116,36,80,70,26,44,34,8,26,12,2,10,23,16,7,12,10,2,11,6,5
S01007585,118,54,64,106,50,56,88,38,50,18,12,6,0,0,0,12,4,8,8,2,6,4,2,2
S01007586,205,93,112,158,64,94,102,46,56,42,14,28,14,4,10,47,29,18,24,13,11,23,16,7
S01007587,103,48,55,90,40,50,70,32,38,20,8,12,0,0,0,13,8,5,9,6,3,4,2,2
S01007588,186,76,110,172,68,104,146,58,88,20,6,14,6,4,2,14,8,6,10,7,3,4,1,3
S01007589,113,66,47,92,52,40,78,44,34,8,4,4,6,4,2,21,14,7,14,11,3,7,3,4
S01007590,136,49,87,122,44,78,106,38,68,14,4,10,2,2,0,14,5,9,13,4,9,1,1,0
S01007591,111,57,54,96,46,50,78,38,40,14,6,8,4,2,2,15,11,4,13,9,4,2,2,0
S01007592,111,59,52,62,28,34,44,18,26,16,10,6,2,0,2,49,31,18,32,19,13,17,12,5
S01007593,211,97,114,190,86,104,154,68,86,30,14,16,6,4,2,21,11,10,19,10,9,2,1,1
S01007594,168,74,94,156,68,88,128,62,66,22,4,18,6,2,4,12,6,6,10,5,5,2,1,1
S01007595,178,68,110,166,60,106,128,50,78,38,10,28,0,0,0,12,8,4,12,8,4,0,0,0
S01007596,74,25,49,62,18,44,44,12,32,14,2,12,4,4,0,12,7,5,9,5,4,3,2,1
S01007597,144,61,83,134,56,78,102,46,56,26,6,20,6,4,2,10,5,5,7,3,4,3,2,1
S01007598,108,42,66,90,32,58,76,24,52,12,6,6,2,2,0,18,10,8,15,8,7,3,2,1
S01007599,182,91,91,156,74,82,116,62,54,36,8,28,4,4,0,26,17,9,19,12,7,7,5,2
S01007600,202,80,122,186,70,116,152,58,94,32,12,20,2,0,2,16,10,6,14,9,5,2,1,1
S01007601,138,88,50,112,70,42,96,60,36,14,8,6,2,2,0,26,18,8,18,12,6,8,6,2
S01007602,137,47,90,124,42,82,112,36,76,12,6,6,0,0,0,13,5,8,11,5,6,2,0,2
S01007603,171,82,89,156,72,84,132,62,70,20,8,12,4,2,2,15,10,5,14,10,4,1,0,1
S01007604,168,70,98,158,62,96,142,60,82,10,2,8,6,0,6,10,8,2,9,8,1,1,0,1
S01007605,151,63,88,140,58,82,124,54,70,16,4,12,0,0,0,11,5,6,8,5,3,3,0,3
S01007606,118,55,63,102,44,58,82,34,48,20,10,10,0,0,0,16,11,5,13,9,4,3,2,1
S01007607,149,72,77,140,66,74,126,60,66,14,6,8,0,0,0,9,6,3,8,5,3,1,1,0
S01007608,149,75,74,132,62,70,116,52,64,14,8,6,2,2,0,17,13,4,14,10,4,3,3,0
S01007609,198,99,99,144,62,82,92,36,56,34,20,14,18,6,12,54,37,17,29,22,7,25,15,10
S01007610,74,48,26,54,34,20,42,26,16,8,8,0,4,0,4,20,14,6,13,8,5,7,6,1
S01007611,136,81,55,100,56,44,62,40,22,26,8,18,12,8,4,36,25,11,17,13,4,19,12,7
S01007612,129,73,56,100,50,50,50,28,22,32,12,20,18,10,8,29,23,6,16,14,2,13,9,4
S01007613,144,69,75,136,64,72,102,46,56,26,12,14,8,6,2,8,5,3,7,4,3,1,1,0
S01007614,203,99,104,188,90,98,142,70,72,44,18,26,2,2,0,15,9,6,12,7,5,3,2,1
S01007615,221,92,129,190,74,116,152,60,92,30,12,18,8,2,6,31,18,13,27,15,12,4,3,1
S01007616,136,63,73,102,38,64,76,34,42,20,4,16,6,0,6,34,25,9,21,17,4,13,8,5
S01007617,107,68,39,90,54,36,66,42,24,20,12,8,4,0,4,17,14,3,11,10,1,6,4,2
S01007618,138,57,81,110,38,72,80,32,48,20,0,20,10,6,4,28,19,9,22,14,8,6,5,1
S01007619,127,54,73,106,42,64,82,38,44,18,2,16,6,2,4,21,12,9,14,9,5,7,3,4
S01007620,87,41,46,80,36,44,70,32,38,10,4,6,0,0,0,7,5,2,6,5,1,1,0,1
S01007621,122,67,55,108,60,48,86,48,38,20,12,8,2,0,2,14,7,7,9,4,5,5,3,2
S01007622,116,43,73,100,34,66,82,30,52,12,2,10,6,2,4,16,9,7,13,7,6,3,2,1
S01007623,138,68,70,128,62,66,118,58,60,10,4,6,0,0,0,10,6,4,7,4,3,3,2,1
S01007624,161,81,80,152,76,76,120,58,62,32,18,14,0,0,0,9,5,4,5,2,3,4,3,1
S01007625,101,50,51,92,44,48,80,36,44,12,8,4,0,0,0,9,6,3,7,6,1,2,0,2
S01007626,189,91,98,180,84,96,158,76,82,18,6,12,4,2,2,9,7,2,8,6,2,1,1,0
S01007627,125,52,73,114,46,68,94,40,54,16,4,12,4,2,2,11,6,5,9,5,4,2,1,1
S01007628,132,47,85,124,44,80,106,40,66,18,4,14,0,0,0,8,3,5,7,3,4,1,0,1
S01007629,133,60,73,122,58,64,104,52,52,16,6,10,2,0,2,11,2,9,6,2,4,5,0,5
S01007630,161,75,86,154,68,86,124,54,70,24,10,14,6,4,2,7,7,0,5,5,0,2,2,0
S01007631,119,44,75,110,38,72,96,34,62,14,4,10,0,0,0,9,6,3,6,5,1,3,1,2
S01007632,192,94,98,156,72,84,124,60,64,28,10,18,4,2,2,36,22,14,19,10,9,17,12,5
S01007633,192,99,93,162,74,88,120,56,64,34,14,20,8,4,4,30,25,5,21,17,4,9,8,1
S01007634,103,44,59,94,40,54,78,36,42,12,4,8,4,0,4,9,4,5,5,4,1,4,0,4
S01007635,98,39,59,88,34,54,68,20,48,14,10,4,6,4,2,10,5,5,7,3,4,3,2,1
S01007636,132,61,71,110,46,64,76,28,48,28,14,14,6,4,2,22,15,7,10,8,2,12,7,5
S01007637,178,89,89,150,72,78,110,50,60,30,16,14,10,6,4,28,17,11,18,12,6,10,5,5
S01007638,139,76,63,120,64,56,90,50,40,26,10,16,4,4,0,19,12,7,16,11,5,3,1,2
S01007639,257,106,151,200,78,122,136,58,78,54,18,36,10,2,8,57,28,29,33,16,17,24,12,12
S01007640,141,57,84,128,48,80,96,36,60,24,8,16,8,4,4,13,9,4,8,7,1,5,2,3
S01007641,194,84,110,166,64,102,100,46,54,52,10,42,14,8,6,28,20,8,19,14,5,9,6,3
S01007642,145,65,80,132,56,76,84,40,44,40,12,28,8,4,4,13,9,4,9,5,4,4,4,0
S01007643,153,61,92,126,50,76,90,34,56,30,16,14,6,0,6,27,11,16,21,11,10,6,0,6
S01007644,161,63,98,126,42,84,82,38,44,40,2,38,4,2,2,35,21,14,21,13,8,14,8,6
S01007645,92,50,42,84,46,38,56,32,24,22,10,12,6,4,2,8,4,4,6,2,4,2,2,0
S01007646,109,38,71,100,30,70,72,24,48,24,6,18,4,0,4,9,8,1,3,2,1,6,6,0
S01007647,128,66,62,106,52,54,94,48,46,10,4,6,2,0,2,22,14,8,13,8,5,9,6,3
S01007648,146,58,88,122,42,80,104,38,66,16,2,14,2,2,0,24,16,8,18,13,5,6,3,3
S01007649,142,49,93,124,36,88,102,28,74,14,6,8,8,2,6,18,13,5,13,11,2,5,2,3
S01007650,178,90,88,162,80,82,118,54,64,38,24,14,6,2,4,16,10,6,14,9,5,2,1,1
S01007651,123,43,80,116,38,78,86,30,56,28,6,22,2,2,0,7,5,2,5,3,2,2,2,0
S01007652,127,61,66,112,54,58,74,32,42,28,14,14,10,8,2,15,7,8,9,3,6,6,4,2
S01007653,166,71,95,146,62,84,120,52,68,22,8,14,4,2,2,20,9,11,17,7,10,3,2,1
S01007654,216,92,124,180,72,108,136,56,80,30,8,22,14,8,6,36,20,16,21,11,10,15,9,6
S01007655,145,67,78,134,62,72,92,48,44,40,12,28,2,2,0,11,5,6,10,4,6,1,1,0
S01007656,168,81,87,152,70,82,114,52,62,30,10,20,8,8,0,16,11,5,7,6,1,9,5,4
S01007657,82,40,42,72,36,36,52,30,22,18,6,12,2,0,2,10,4,6,7,3,4,3,1,2
S01007658,95,47,48,76,36,40,58,26,32,12,6,6,6,4,2,19,11,8,16,9,7,3,2,1
S01007659,162,72,90,140,58,82,96,42,54,36,10,26,8,6,2,22,14,8,16,9,7,6,5,1
S01007660,197,107,90,154,78,76,100,58,42,42,14,28,12,6,6,43,29,14,27,21,6,16,8,8
S01007661,119,70,49,100,58,42,82,50,32,12,8,4,6,0,6,19,12,7,10,6,4,9,6,3
S01007662,147,69,78,122,54,68,98,42,56,16,6,10,8,6,2,25,15,10,19,13,6,6,2,4
S01007663,139,66,73,124,56,68,88,46,42,36,10,26,0,0,0,15,10,5,10,6,4,5,4,1
S01007664,113,69,44,88,54,34,62,40,22,20,10,10,6,4,2,25,15,10,20,12,8,5,3,2
S01007665,161,69,92,134,56,78,106,40,66,16,8,8,12,8,4,27,13,14,19,10,9,8,3,5
S01007666,100,31,69,90,26,64,78,24,54,6,0,6,6,2,4,10,5,5,10,5,5,0,0,0
S01007667,144,56,88,138,52,86,122,42,80,16,10,6,0,0,0,6,4,2,6,4,2,0,0,0
S01007668,228,113,115,188,88,100,132,64,68,46,20,26,10,4,6,40,25,15,26,17,9,14,8,6
S01007669,164,83,81,110,48,62,66,30,36,34,14,20,10,4,6,54,35,19,29,21,8,25,14,11
S01007670,201,81,120,164,60,104,98,44,54,44,12,32,22,4,18,37,21,16,22,16,6,15,5,10
S01007671,138,62,76,134,58,76,104,50,54,20,6,14,10,2,8,4,4,0,4,4,0,0,0,0
S01007672,132,52,80,128,50,78,108,44,64,16,4,12,4,2,2,4,2,2,2,1,1,2,1,1
S01007673,154,76,78,146,72,74,114,58,56,26,10,16,6,4,2,8,4,4,8,4,4,0,0,0
S01007674,138,51,87,102,26,76,80,24,56,10,2,8,12,0,12,36,25,11,18,13,5,18,12,6
S01007675,110,44,66,98,38,60,74,30,44,18,6,12,6,2,4,12,6,6,7,3,4,5,3,2
S01007676,126,61,65,120,58,62,102,50,52,16,6,10,2,2,0,6,3,3,6,3,3,0,0,0
S01007677,122,54,68,108,48,60,82,38,44,20,6,14,6,4,2,14,6,8,11,4,7,3,2,1
S01007678,141,71,70,120,62,58,82,48,34,36,14,22,2,0,2,21,9,12,13,6,7,8,3,5
S01007679,142,67,75,106,48,58,60,32,28,30,10,20,16,6,10,36,19,17,14,11,3,22,8,14
S01007680,173,74,99,160,66,94,142,62,80,18,4,14,0,0,0,13,8,5,11,6,5,2,2,0
S01007681,43,13,30,40,12,28,28,10,18,12,2,10,0,0,0,3,1,2,3,1,2,0,0,0
S01007682,155,71,84,138,60,78,106,50,56,28,10,18,4,0,4,17,11,6,15,9,6,2,2,0
S01007683,152,61,91,144,56,88,100,40,60,36,12,24,8,4,4,8,5,3,8,5,3,0,0,0
S01007684,151,71,80,136,58,78,116,48,68,18,8,10,2,2,0,15,13,2,12,10,2,3,3,0
S01007685,129,49,80,120,48,72,96,44,52,24,4,20,0,0,0,9,1,8,8,1,7,1,0,1
S01007686,102,49,53,94,44,50,60,30,30,30,12,18,4,2,2,8,5,3,6,5,1,2,0,2
S01007687,124,49,75,106,36,70,78,22,56,24,10,14,4,4,0,18,13,5,12,8,4,6,5,1
S01007688,90,51,39,60,34,26,42,22,20,10,6,4,8,6,2,30,17,13,25,15,10,5,2,3
S01007689,55,31,24,44,22,22,30,14,16,10,4,6,4,4,0,11,9,2,9,8,1,2,1,1
S01007690,57,41,16,38,28,10,28,20,8,8,6,2,2,2,0,19,13,6,10,8,2,9,5,4
S01007691,63,42,21,38,22,16,22,14,8,12,6,6,4,2,2,25,20,5,14,11,3,11,9,2
S01007692,70,31,39,54,22,32,34,14,20,12,4,8,8,4,4,16,9,7,8,3,5,8,6,2
S01007693,43,18,25,32,12,20,8,4,4,16,4,12,8,4,4,11,6,5,7,3,4,4,3,1
S01007694,108,64,44,68,34,34,34,16,18,28,12,16,6,6,0,40,30,10,25,19,6,15,11,4
S01007695,82,51,31,64,38,26,38,24,14,14,10,4,12,4,8,18,13,5,15,12,3,3,1,2
S01007696,81,59,22,46,34,12,16,16,0,18,10,8,12,8,4,35,25,10,17,12,5,18,13,5
S01007697,85,64,21,64,46,18,40,26,14,20,16,4,4,4,0,21,18,3,15,12,3,6,6,0
S01007698,120,79,41,76,48,28,52,36,16,20,12,8,4,0,4,44,31,13,36,28,8,8,3,5
S01007699,93,34,59,58,20,38,36,8,28,18,8,10,4,4,0,35,14,21,13,9,4,22,5,17
S01007700,151,68,83,138,58,80,106,42,64,28,14,14,4,2,2,13,10,3,10,8,2,3,2,1
S01007701,47,34,13,28,22,6,8,6,2,12,8,4,8,8,0,19,12,7,10,5,5,9,7,2
S01007702,61,25,36,44,16,28,24,10,14,16,2,14,4,4,0,17,9,8,9,4,5,8,5,3
S01007703,102,53,49,74,38,36,56,34,22,16,4,12,2,0,2,28,15,13,20,11,9,8,4,4
S01007704,124,90,34,68,46,22,40,26,14,20,12,8,8,8,0,56,44,12,22,19,3,34,25,9
S01007705,15,11,4,10,6,4,6,4,2,2,0,2,2,2,0,5,5,0,5,5,0,0,0,0
S01007706,24,16,8,14,10,4,8,8,0,4,2,2,2,0,2,10,6,4,7,5,2,3,1,2
S01007707,105,69,36,86,58,28,36,24,12,28,20,8,22,14,8,19,11,8,10,7,3,9,4,5
S01007708,77,38,39,46,20,26,26,12,14,14,6,8,6,2,4,31,18,13,16,11,5,15,7,8
S01007709,57,28,29,46,22,24,18,6,12,22,12,10,6,4,2,11,6,5,7,5,2,4,1,3
S01007710,81,48,33,50,26,24,22,12,10,16,8,8,12,6,6,31,22,9,21,13,8,10,9,1
S01007711,82,53,29,58,36,22,34,20,14,14,10,4,10,6,4,24,17,7,18,13,5,6,4,2
S01007712,57,38,19,40,28,12,30,24,6,10,4,6,0,0,0,17,10,7,7,5,2,10,5,5
S01007713,70,37,33,50,24,26,32,14,18,14,8,6,4,2,2,20,13,7,10,7,3,10,6,4
S01007714,124,68,56,100,54,46,62,40,22,38,14,24,0,0,0,24,14,10,19,10,9,5,4,1
S01007715,93,61,32,54,32,22,34,24,10,18,6,12,2,2,0,39,29,10,18,14,4,21,15,6
S01007716,118,76,42,88,50,38,54,32,22,28,16,12,6,2,4,30,26,4,12,10,2,18,16,2
S01007717,169,97,72,106,58,48,52,32,20,40,22,18,14,4,10,63,39,24,25,16,9,38,23,15
S01007718,59,46,13,38,30,8,18,16,2,18,14,4,2,0,2,21,16,5,12,12,0,9,4,5
S01007719,115,95,20,82,68,14,56,48,8,22,18,4,4,2,2,33,27,6,19,17,2,14,10,4
S01007720,81,57,24,54,38,16,34,26,8,18,10,8,2,2,0,27,19,8,20,12,8,7,7,0
S01007721,103,74,29,70,52,18,40,30,10,20,14,6,10,8,2,33,22,11,25,19,6,8,3,5
S01007722,126,101,25,66,46,20,36,32,4,26,12,14,4,2,2,60,55,5,36,32,4,24,23,1
S01007723,135,101,34,98,72,26,62,44,18,24,22,2,12,6,6,37,29,8,21,20,1,16,9,7
S01007724,119,74,45,60,30,30,26,12,14,28,14,14,6,4,2,59,44,15,28,18,10,31,26,5
S01007725,80,48,32,48,26,22,24,16,8,14,6,8,10,4,6,32,22,10,17,12,5,15,10,5
S01007726,99,56,43,64,38,26,32,20,12,26,16,10,6,2,4,35,18,17,18,11,7,17,7,10
S01007727,134,74,60,72,32,40,36,16,20,26,12,14,10,4,6,62,42,20,29,23,6,33,19,14
S01007728,94,55,39,64,30,34,28,16,12,22,12,10,14,2,12,30,25,5,13,10,3,17,15,2
S01007729,109,68,41,64,34,30,34,20,14,22,12,10,8,2,6,45,34,11,27,21,6,18,13,5
S01007730,102,73,29,62,44,18,32,28,4,28,16,12,2,0,2,40,29,11,19,16,3,21,13,8
S01007731,121,55,66,84,26,58,52,14,38,24,6,18,8,6,2,37,29,8,23,18,5,14,11,3
S01007732,84,49,35,56,28,28,40,20,20,12,6,6,4,2,2,28,21,7,16,14,2,12,7,5
S01007733,194,93,101,178,82,96,122,60,62,42,22,20,14,0,14,16,11,5,8,6,2,8,5,3
S01007734,127,67,60,112,58,54,94,52,42,12,2,10,6,4,2,15,9,6,13,8,5,2,1,1
S01007735,146,64,82,124,52,72,94,46,48,26,6,20,4,0,4,22,12,10,16,9,7,6,3,3
S01007736,135,85,50,118,76,42,96,60,36,22,16,6,0,0,0,17,9,8,15,9,6,2,0,2
S01007737,178,90,88,122,48,74,88,42,46,26,4,22,8,2,6,56,42,14,42,34,8,14,8,6
S01007738,126,64,62,102,46,56,72,38,34,24,8,16,6,0,6,24,18,6,11,9,2,13,9,4
S01007739,69,37,32,52,28,24,44,22,22,8,6,2,0,0,0,17,9,8,12,7,5,5,2,3
S01007740,93,51,42,74,38,36,56,28,28,8,6,2,10,4,6,19,13,6,15,9,6,4,4,0
S01007741,111,56,55,88,40,48,78,36,42,6,2,4,4,2,2,23,16,7,19,14,5,4,2,2
S01007742,98,61,37,68,38,30,48,28,20,16,8,8,4,2,2,30,23,7,25,19,6,5,4,1
S01007743,182,107,75,122,68,54,94,52,42,22,14,8,6,2,4,60,39,21,35,21,14,25,18,7
S01007744,134,84,50,66,40,26,44,24,20,10,6,4,12,10,2,68,44,24,33,23,10,35,21,14
S01007745,115,75,40,78,50,28,56,36,20,18,10,8,4,4,0,37,25,12,25,19,6,12,6,6
S01007746,186,122,64,122,76,46,80,48,32,32,22,10,10,6,4,64,46,18,41,34,7,23,12,11
S01007747,113,82,31,74,52,22,50,36,14,22,16,6,2,0,2,39,30,9,13,10,3,26,20,6
S01007748,153,95,58,80,52,28,50,34,16,14,10,4,16,8,8,73,43,30,38,19,19,35,24,11
S01007749,139,60,79,120,50,70,94,40,54,22,8,14,4,2,2,19,10,9,16,10,6,3,0,3
S01007750,111,50,61,94,44,50,72,36,36,16,2,14,6,6,0,17,6,11,15,6,9,2,0,2
S01007751,113,36,77,106,34,72,70,22,48,26,8,18,10,4,6,7,2,5,4,2,2,3,0,3
S01007752,107,47,60,98,42,56,80,34,46,16,8,8,2,0,2,9,5,4,7,3,4,2,2,0
S01007753,125,71,54,82,44,38,60,36,24,16,8,8,6,0,6,43,27,16,18,11,7,25,16,9
S01007754,183,93,90,116,56,60,70,32,38,26,16,10,20,8,12,67,37,30,27,16,11,40,21,19
S01007755,184,90,94,102,44,58,52,24,28,32,10,22,18,10,8,82,46,36,34,23,11,48,23,25
S01007756,124,58,66,68,28,40,48,20,28,14,6,8,6,2,4,56,30,26,40,23,17,16,7,9
S01007757,167,68,99,160,64,96,128,48,80,26,14,12,6,2,4,7,4,3,2,2,0,5,2,3
S01007758,129,64,65,118,56,62,90,42,48,26,12,14,2,2,0,11,8,3,10,7,3,1,1,0
S01007759,100,51,49,58,26,32,48,24,24,8,2,6,2,0,2,42,25,17,27,15,12,15,10,5
S01007760,103,32,71,90,26,64,68,22,46,22,4,18,0,0,0,13,6,7,11,6,5,2,0,2
S01007761,153,68,85,132,56,76,118,50,68,14,6,8,0,0,0,21,12,9,18,12,6,3,0,3
S01007762,96,59,37,70,44,26,52,38,14,16,4,12,2,2,0,26,15,11,20,10,10,6,5,1
S01007763,71,41,30,56,32,24,42,26,16,12,6,6,2,0,2,15,9,6,9,6,3,6,3,3
S01007764,167,76,91,144,62,82,128,58,70,12,0,12,4,4,0,23,14,9,22,13,9,1,1,0
S01007765,138,56,82,124,52,72,104,44,60,16,6,10,4,2,2,14,4,10,12,4,8,2,0,2
S01007766,178,71,107,160,62,98,122,54,68,36,6,30,2,2,0,18,9,9,17,9,8,1,0,1
S01007767,157,69,88,144,64,80,128,60,68,14,4,10,2,0,2,13,5,8,12,4,8,1,1,0
S01007768,100,51,49,84,42,42,60,28,32,16,10,6,8,4,4,16,9,7,7,3,4,9,6,3
S01007769,115,53,62,102,48,54,76,34,42,24,14,10,2,0,2,13,5,8,8,4,4,5,1,4
S01007770,141,53,88,114,36,78,90,30,60,24,6,18,0,0,0,27,17,10,25,16,9,2,1,1
S01007771,97,38,59,86,34,52,76,32,44,10,2,8,0,0,0,11,4,7,9,3,6,2,1,1
S01007772,150,91,59,112,62,50,82,48,34,28,12,16,2,2,0,38,29,9,31,23,8,7,6,1
S01007773,136,70,66,124,62,62,110,52,58,14,10,4,0,0,0,12,8,4,10,7,3,2,1,1
S01007774,340,160,180,306,140,166,260,116,144,44,24,20,2,0,2,34,20,14,29,18,11,5,2,3
S01007775,222,112,110,200,98,102,166,84,82,28,12,16,6,2,4,22,14,8,20,12,8,2,2,0
S01007776,208,88,120,188,74,114,160,62,98,22,10,12,6,2,4,20,14,6,14,9,5,6,5,1
S01007777,364,145,219,338,132,206,282,112,170,56,20,36,0,0,0,26,13,13,21,12,9,5,1,4
S01007778,150,58,92,148,58,90,122,50,72,26,8,18,0,0,0,2,0,2,2,0,2,0,0,0
S01007779,123,73,50,106,60,46,82,48,34,20,10,10,4,2,2,17,13,4,15,12,3,2,1,1
S01007780,198,112,86,174,96,78,134,76,58,38,20,18,2,0,2,24,16,8,21,13,8,3,3,0
S01007781,216,140,76,182,118,64,162,110,52,16,4,12,4,4,0,34,22,12,21,17,4,13,5,8
S01007782,108,43,65,76,28,48,28,14,14,36,10,26,12,4,8,32,15,17,9,5,4,23,10,13
S01007783,132,79,53,62,36,26,22,12,10,24,18,6,16,6,10,70,43,27,30,21,9,40,22,18
S01007784,202,100,102,160,76,84,116,60,56,30,12,18,14,4,10,42,24,18,26,16,10,16,8,8
S01007785,139,58,81,54,14,40,32,10,22,16,4,12,6,0,6,85,44,41,36,18,18,49,26,23
S01007786,137,64,73,88,36,52,52,26,26,30,8,22,6,2,4,49,28,21,32,18,14,17,10,7
S01007787,137,69,68,88,46,42,54,30,24,24,10,14,10,6,4,49,23,26,27,14,13,22,9,13
S01007788,185,75,110,102,40,62,58,20,38,22,10,12,22,10,12,83,35,48,37,20,17,46,15,31
S01007789,154,70,84,90,30,60,42,18,24,34,6,28,14,6,8,64,40,24,33,22,11,31,18,13
S01007790,245,96,149,122,34,88,50,20,30,48,12,36,24,2,22,123,62,61,50,27,23,73,35,38
S01007791,130,69,61,120,64,56,104,58,46,14,6,8,2,0,2,10,5,5,10,5,5,0,0,0
S01007792,165,74,91,110,46,64,86,40,46,18,6,12,6,0,6,55,28,27,31,20,11,24,8,16
S01007793,219,113,106,130,66,64,72,38,34,36,16,20,22,12,10,89,47,42,43,21,22,46,26,20
S01007794,127,69,58,92,52,40,66,38,28,22,10,12,4,4,0,35,17,18,21,17,4,14,0,14
S01007795,128,56,72,78,30,48,58,22,36,12,4,8,8,4,4,50,26,24,30,18,12,20,8,12
S01007796,180,82,98,122,56,66,86,38,48,30,16,14,6,2,4,58,26,32,28,12,16,30,14,16
S01007797,111,53,58,62,22,40,38,18,20,16,4,12,8,0,8,49,31,18,25,15,10,24,16,8
S01007798,201,96,105,176,80,96,138,62,76,30,12,18,8,6,2,25,16,9,12,6,6,13,10,3
S01007799,227,105,122,210,94,116,168,76,92,38,18,20,4,0,4,17,11,6,13,8,5,4,3,1
S01007800,187,105,82,90,52,38,44,26,18,28,22,6,18,4,14,97,53,44,57,29,28,40,24,16
S01007801,145,56,89,84,32,52,30,12,18,26,10,16,28,10,18,61,24,37,26,11,15,35,13,22
S01007802,174,97,77,154,88,66,118,76,42,34,12,22,2,0,2,20,9,11,17,8,9,3,1,2
S01007803,217,91,126,116,50,66,62,28,34,36,18,18,18,4,14,101,41,60,34,15,19,67,26,41
S01007804,146,68,78,66,22,44,30,16,14,28,4,24,8,2,6,80,46,34,48,31,17,32,15,17
S01007805,126,59,67,64,34,30,40,30,10,12,2,10,12,2,10,62,25,37,29,12,17,33,13,20
S01007806,120,66,54,86,48,38,62,36,26,18,8,10,6,4,2,34,18,16,23,11,12,11,7,4
S01007807,183,80,103,158,68,90,126,58,68,28,8,20,4,2,2,25,12,13,20,10,10,5,2,3
S01007808,200,85,115,152,66,86,104,56,48,32,8,24,16,2,14,48,19,29,35,16,19,13,3,10
S01007809,176,88,88,150,72,78,136,66,70,12,4,8,2,2,0,26,16,10,18,12,6,8,4,4
S01007810,174,71,103,124,44,80,68,30,38,40,10,30,16,4,12,50,27,23,20,12,8,30,15,15
S01007811,198,74,124,136,44,92,82,32,50,36,10,26,18,2,16,62,30,32,28,12,16,34,18,16
S01007812,225,108,117,154,66,88,76,48,28,50,12,38,28,6,22,71,42,29,28,16,12,43,26,17
S01007813,165,68,97,94,36,58,46,22,24,24,10,14,24,4,20,71,32,39,41,18,23,30,14,16
S01007814,109,52,57,92,42,50,62,28,34,14,4,10,16,10,6,17,10,7,7,7,0,10,3,7
S01007815,161,89,72,144,80,64,128,70,58,14,10,4,2,0,2,17,9,8,14,7,7,3,2,1
S01007816,122,61,61,98,48,50,86,42,44,6,4,2,6,2,4,24,13,11,18,10,8,6,3,3
S01007817,69,40,29,52,26,26,46,22,24,2,2,0,4,2,2,17,14,3,11,8,3,6,6,0
S01007818,172,93,79,138,72,66,106,58,48,18,8,10,14,6,8,34,21,13,22,16,6,12,5,7
S01007819,141,49,92,120,38,82,106,32,74,6,2,4,8,4,4,21,11,10,16,9,7,5,2,3
S01007820,173,76,97,136,60,76,90,46,44,28,12,16,18,2,16,37,16,21,20,11,9,17,5,12
S01007821,105,55,50,84,38,46,54,26,28,28,12,16,2,0,2,21,17,4,18,15,3,3,2,1
S01007822,127,63,64,106,52,54,88,42,46,16,8,8,2,2,0,21,11,10,17,8,9,4,3,1
S01007823,119,63,56,104,50,54,96,50,46,6,0,6,2,0,2,15,13,2,14,12,2,1,1,0
S01007824,132,75,57,106,54,52,92,46,46,14,8,6,0,0,0,26,21,5,25,20,5,1,1,0
S01007825,179,87,92,160,70,90,118,48,70,40,22,18,2,0,2,19,17,2,17,15,2,2,2,0
S01007826,122,59,63,76,38,38,38,22,16,30,14,16,8,2,6,46,21,25,22,10,12,24,11,13
S01007827,99,61,38,62,30,32,48,28,20,8,0,8,6,2,4,37,31,6,27,22,5,10,9,1
S01007828,108,74,34,70,48,22,58,42,16,12,6,6,0,0,0,38,26,12,25,17,8,13,9,4
S01007829,52,31,21,38,18,20,28,10,18,8,6,2,2,2,0,14,13,1,8,7,1,6,6,0
S01007830,117,66,51,76,36,40,46,28,18,22,4,18,8,4,4,41,30,11,25,19,6,16,11,5
S01007831,136,62,74,80,34,46,34,16,18,32,10,22,14,8,6,56,28,28,36,20,16,20,8,12
S01007832,92,56,36,56,32,24,34,20,14,14,6,8,8,6,2,36,24,12,21,17,4,15,7,8
S01007833,77,49,28,64,38,26,46,28,18,8,4,4,10,6,4,13,11,2,6,6,0,7,5,2
S01007834,115,70,45,60,36,24,36,24,12,12,6,6,12,6,6,55,34,21,29,21,8,26,13,13
S01007835,136,72,64,110,54,56,94,50,44,14,2,12,2,2,0,26,18,8,18,13,5,8,5,3
S01007836,67,29,38,58,24,34,44,18,26,8,4,4,6,2,4,9,5,4,8,5,3,1,0,1
S01007837,110,51,59,94,40,54,84,34,50,10,6,4,0,0,0,16,11,5,13,8,5,3,3,0
S01007838,133,70,63,110,56,54,84,44,40,24,12,12,2,0,2,23,14,9,17,11,6,6,3,3
S01007839,68,37,31,54,28,26,38,18,20,14,10,4,2,0,2,14,9,5,9,7,2,5,2,3
S01007840,123,80,43,82,46,36,56,36,20,22,8,14,4,2,2,41,34,7,28,23,5,13,11,2
S01007841,144,71,73,88,46,42,58,32,26,18,8,10,12,6,6,56,25,31,38,21,17,18,4,14
S01007842,154,82,72,70,36,34,32,12,20,32,22,10,6,2,4,84,46,38,42,28,14,42,18,24
S01007843,143,90,53,96,58,38,60,38,22,18,12,6,18,8,10,47,32,15,33,23,10,14,9,5
S01007844,172,97,75,108,54,54,78,36,42,18,12,6,12,6,6,64,43,21,37,24,13,27,19,8
S01007845,198,105,93,118,68,50,56,42,14,46,18,28,16,8,8,80,37,43,42,23,19,38,14,24
S01007846,174,88,86,120,48,72,54,18,36,46,20,26,20,10,10,54,40,14,32,22,10,22,18,4
S01007847,185,104,81,116,62,54,70,44,26,36,16,20,10,2,8,69,42,27,42,27,15,27,15,12
S01007848,163,78,85,92,36,56,58,28,30,22,6,16,12,2,10,71,42,29,38,22,16,33,20,13
S01007849,236,118,118,156,78,78,102,52,50,28,12,16,26,14,12,80,40,40,39,24,15,41,16,25
S01007850,122,45,77,78,24,54,50,18,32,18,6,12,10,0,10,44,21,23,23,11,12,21,10,11
S01007851,144,64,80,116,44,72,78,30,48,28,12,16,10,2,8,28,20,8,21,17,4,7,3,4
S01007852,139,88,51,86,54,32,66,40,26,18,12,6,2,2,0,53,34,19,28,17,11,25,17,8
S01007853,87,58,29,42,26,16,24,18,6,10,4,6,8,4,4,45,32,13,17,14,3,28,18,10
S01007854,211,112,99,116,58,58,64,28,36,26,12,14,26,18,8,95,54,41,47,31,16,48,23,25
S01007855,74,50,24,42,26,16,28,16,12,10,6,4,4,4,0,32,24,8,22,16,6,10,8,2
S01007856,181,75,106,130,52,78,98,44,54,20,6,14,12,2,10,51,23,28,36,17,19,15,6,9
S01007857,112,63,49,66,32,34,44,26,18,18,4,14,4,2,2,46,31,15,23,15,8,23,16,7
S01007858,192,94,98,130,54,76,78,44,34,36,6,30,16,4,12,62,40,22,40,28,12,22,12,10
S01007859,106,41,65,56,16,40,32,10,22,12,0,12,12,6,6,50,25,25,29,17,12,21,8,13
S01007860,191,77,114,154,62,92,112,50,62,28,6,22,14,6,8,37,15,22,25,10,15,12,5,7
S01007861,125,61,64,88,44,44,46,30,16,30,12,18,12,2,10,37,17,20,21,13,8,16,4,12
S01007862,128,76,52,76,50,26,48,36,12,22,14,8,6,0,6,52,26,26,28,18,10,24,8,16
S01007863,223,139,84,128,80,48,64,40,24,40,26,14,24,14,10,95,59,36,30,19,11,65,40,25
S01007864,179,100,79,124,64,60,84,36,48,32,22,10,8,6,2,55,36,19,30,20,10,25,16,9
S01007865,258,120,138,242,110,132,206,98,108,32,12,20,4,0,4,16,10,6,14,9,5,2,1,1
S01007866,181,84,97,170,78,92,146,68,78,20,10,10,4,0,4,11,6,5,11,6,5,0,0,0
S01007867,118,62,56,96,52,44,72,38,34,24,14,10,0,0,0,22,10,12,13,10,3,9,0,9
S01007868,155,81,74,138,72,66,118,68,50,12,4,8,8,0,8,17,9,8,15,8,7,2,1,1
S01007869,220,101,119,194,84,110,134,56,78,50,24,26,10,4,6,26,17,9,20,13,7,6,4,2
S01007870,110,66,44,104,60,44,76,42,34,14,10,4,14,8,6,6,6,0,5,5,0,1,1,0
S01007871,131,63,68,92,42,50,42,22,20,28,8,20,22,12,10,39,21,18,20,11,9,19,10,9
S01007872,142,78,64,86,38,48,34,20,14,30,12,18,22,6,16,56,40,16,27,22,5,29,18,11
S01007873,119,63,56,98,52,46,82,44,38,8,2,6,8,6,2,21,11,10,17,9,8,4,2,2
S01007874,122,82,40,96,64,32,68,46,22,16,12,4,12,6,6,26,18,8,21,16,5,5,2,3
S01007875,99,56,43,74,40,34,52,28,24,18,10,8,4,2,2,25,16,9,16,12,4,9,4,5
S01007876,240,99,141,200,74,126,124,52,72,60,20,40,16,2,14,40,25,15,23,14,9,17,11,6
S01007877,149,67,82,128,58,70,82,36,46,32,14,18,14,8,6,21,9,12,13,6,7,8,3,5
S01007878,111,52,59,74,28,46,56,22,34,10,2,8,8,4,4,37,24,13,22,16,6,15,8,7
S01007879,179,83,96,128,54,74,72,34,38,38,8,30,18,12,6,51,29,22,23,19,4,28,10,18
S01007880,57,25,32,50,18,32,40,12,28,8,4,4,2,2,0,7,7,0,1,1,0,6,6,0
S01007881,118,59,59,102,50,52,64,32,32,24,8,16,14,10,4,16,9,7,6,3,3,10,6,4
S01007882,164,86,78,156,80,76,118,62,56,34,16,18,4,2,2,8,6,2,6,4,2,2,2,0
S01007883,219,114,105,188,98,90,134,64,70,40,20,20,14,14,0,31,16,15,17,5,12,14,11,3
S01007884,158,98,60,128,74,54,94,62,32,18,2,16,16,10,6,30,24,6,16,13,3,14,11,3
S01007885,137,81,56,96,52,44,58,36,22,24,8,16,14,8,6,41,29,12,18,11,7,23,18,5
S01007886,157,86,71,136,72,64,104,56,48,28,14,14,4,2,2,21,14,7,13,10,3,8,4,4
S01007887,114,46,68,108,42,66,88,38,50,18,4,14,2,0,2,6,4,2,2,1,1,4,3,1
S01007888,254,119,135,184,78,106,80,46,34,74,24,50,30,8,22,70,41,29,36,23,13,34,18,16
S01007889,100,55,45,76,42,34,52,30,22,20,8,12,4,4,0,24,13,11,17,9,8,7,4,3
S01007890,161,79,82,134,60,74,104,48,56,16,2,14,14,10,4,27,19,8,20,14,6,7,5,2
S01007891,189,89,100,168,78,90,142,62,80,22,12,10,4,4,0,21,11,10,16,9,7,5,2,3
S01007892,128,64,64,112,52,60,96,46,50,14,4,10,2,2,0,16,12,4,9,8,1,7,4,3
S01007893,218,105,113,190,86,104,158,74,84,30,10,20,2,2,0,28,19,9,15,12,3,13,7,6
S01007894,204,115,89,164,88,76,114,62,52,38,16,22,12,10,2,40,27,13,28,20,8,12,7,5
S01007895,99,41,58,84,32,52,56,24,32,26,6,20,2,2,0,15,9,6,9,6,3,6,3,3
S01007896,183,89,94,132,58,74,84,42,42,34,12,22,14,4,10,51,31,20,26,20,6,25,11,14
S01007897,97,31,66,92,28,64,82,22,60,8,4,4,2,2,0,5,3,2,3,2,1,2,1,1
S01007898,96,38,58,90,36,54,72,28,44,14,6,8,4,2,2,6,2,4,4,1,3,2,1,1
S01007899,62,32,30,60,30,30,42,18,24,16,10,6,2,2,0,2,2,0,2,2,0,0,0,0
S01007900,95,38,57,68,26,42,44,20,24,18,4,14,6,2,4,27,12,15,12,6,6,15,6,9
S01007901,155,72,83,130,58,72,84,46,38,26,4,22,20,8,12,25,14,11,8,2,6,17,12,5
S01007902,172,91,81,130,66,64,80,40,40,28,12,16,22,14,8,42,25,17,15,9,6,27,16,11
S01007903,104,60,44,88,46,42,50,32,18,28,8,20,10,6,4,16,14,2,7,7,0,9,7,2
S01007904,160,61,99,144,48,96,104,34,70,32,12,20,8,2,6,16,13,3,12,10,2,4,3,1
S01007905,164,92,72,114,54,60,50,30,20,40,14,26,24,10,14,50,38,12,17,14,3,33,24,9
S01007906,100,44,56,66,22,44,44,16,28,14,2,12,8,4,4,34,22,12,22,13,9,12,9,3
S01007907,76,37,39,62,30,32,54,30,24,4,0,4,4,0,4,14,7,7,5,2,3,9,5,4
S01007908,161,94,67,138,82,56,84,52,32,38,22,16,16,8,8,23,12,11,15,9,6,8,3,5
S01007909,148,78,70,120,58,62,64,34,30,40,16,24,16,8,8,28,20,8,15,10,5,13,10,3
S01007910,234,123,111,160,68,92,90,38,52,46,20,26,24,10,14,74,55,19,39,31,8,35,24,11
S01007911,175,98,77,142,76,66,122,64,58,18,10,8,2,2,0,33,22,11,15,10,5,18,12,6
S01007912,141,87,54,126,76,50,92,58,34,30,16,14,4,2,2,15,11,4,11,8,3,4,3,1
S01007913,119,63,56,88,42,46,44,24,20,38,16,22,6,2,4,31,21,10,18,12,6,13,9,4
S01007914,135,73,62,106,52,54,56,34,22,36,12,24,14,6,8,29,21,8,12,9,3,17,12,5
S01007915,190,111,79,152,84,68,98,62,36,38,16,22,16,6,10,38,27,11,20,15,5,18,12,6
S01007916,132,69,63,106,50,56,68,32,36,26,10,16,12,8,4,26,19,7,16,12,4,10,7,3
S01007917,141,83,58,116,70,46,82,48,34,28,16,12,6,6,0,25,13,12,14,7,7,11,6,5
S01007918,171,102,69,144,84,60,112,60,52,20,16,4,12,8,4,27,18,9,16,10,6,11,8,3
S01007919,175,88,87,168,84,84,138,70,68,26,10,16,4,4,0,7,4,3,6,4,2,1,0,1
S01007920,144,72,72,130,64,66,98,50,48,24,10,14,8,4,4,14,8,6,12,7,5,2,1,1
S01007921,193,129,64,150,94,56,102,66,36,38,24,14,10,4,6,43,35,8,25,22,3,18,13,5
S01007922,178,116,62,126,74,52,68,46,22,32,16,16,26,12,14,52,42,10,22,18,4,30,24,6
S01007923,192,91,101,170,78,92,124,64,60,38,14,24,8,0,8,22,13,9,15,9,6,7,4,3
S01007924,206,77,129,150,40,110,98,26,72,38,10,28,14,4,10,56,37,19,28,20,8,28,17,11
S01007925,92,30,62,86,26,60,62,20,42,14,2,12,10,4,6,6,4,2,5,4,1,1,0,1
S01007926,106,43,63,100,38,62,70,28,42,28,10,18,2,0,2,6,5,1,6,5,1,0,0,0
S01007927,130,64,66,126,62,64,104,52,52,22,10,12,0,0,0,4,2,2,3,1,2,1,1,0
S01007928,216,81,135,188,66,122,154,48,106,30,18,12,4,0,4,28,15,13,17,7,10,11,8,3
S01007929,175,88,87,166,84,82,126,64,62,32,16,16,8,4,4,9,4,5,5,3,2,4,1,3
S01007930,140,58,82,134,54,80,106,46,60,28,8,20,0,0,0,6,4,2,6,4,2,0,0,0
S01007931,264,135,129,244,126,118,188,102,86,50,22,28,6,2,4,20,9,11,11,4,7,9,5,4
S01007932,142,69,73,130,60,70,108,52,56,22,8,14,0,0,0,12,9,3,7,5,2,5,4,1
S01007933,247,109,138,218,96,122,146,78,68,60,10,50,12,8,4,29,13,16,17,7,10,12,6,6
S01007934,190,68,122,164,50,114,134,40,94,22,10,12,8,0,8,26,18,8,15,11,4,11,7,4
S01007935,135,78,57,88,44,44,70,36,34,18,8,10,0,0,0,47,34,13,19,15,4,28,19,9
S01007936,277,116,161,262,108,154,218,94,124,40,10,30,4,4,0,15,8,7,13,6,7,2,2,0
S01007937,235,108,127,206,92,114,168,78,90,36,12,24,2,2,0,29,16,13,20,11,9,9,5,4
S01007938,141,91,50,104,60,44,74,46,28,22,10,12,8,4,4,37,31,6,24,22,2,13,9,4
S01007939,173,86,87,114,54,60,52,30,22,48,18,30,14,6,8,59,32,27,40,22,18,19,10,9
S01007940,207,97,110,174,76,98,132,62,70,38,10,28,4,4,0,33,21,12,19,12,7,14,9,5
S01007941,121,54,67,106,46,60,90,40,50,12,4,8,4,2,2,15,8,7,8,6,2,7,2,5
S01007942,148,56,92,122,46,76,98,42,56,16,2,14,8,2,6,26,10,16,12,3,9,14,7,7
S01007943,106,48,58,86,34,52,66,32,34,20,2,18,0,0,0,20,14,6,11,7,4,9,7,2
S01007944,181,98,83,146,78,68,96,50,46,42,24,18,8,4,4,35,20,15,18,13,5,17,7,10
S01007945,148,74,74,118,62,56,82,44,38,22,10,12,14,8,6,30,12,18,19,9,10,11,3,8
S01007946,142,73,69,102,50,52,68,32,36,30,16,14,4,2,2,40,23,17,23,11,12,17,12,5
S01007947,158,68,90,138,60,78,84,46,38,38,14,24,16,0,16,20,8,12,12,6,6,8,2,6
S01007948,120,47,73,84,24,60,38,10,28,36,10,26,10,4,6,36,23,13,7,5,2,29,18,11
S01007949,132,69,63,114,58,56,102,52,50,10,4,6,2,2,0,18,11,7,12,6,6,6,5,1
S01007950,186,96,90,160,80,80,142,66,76,12,8,4,6,6,0,26,16,10,14,11,3,12,5,7
S01007951,167,78,89,148,68,80,104,46,58,36,18,18,8,4,4,19,10,9,6,3,3,13,7,6
S01007952,75,42,33,54,24,30,40,20,20,8,2,6,6,2,4,21,18,3,14,12,2,7,6,1
S01007953,219,116,103,174,82,92,122,64,58,46,18,28,6,0,6,45,34,11,23,18,5,22,16,6
S01007954,145,73,72,96,46,50,46,26,20,26,14,12,24,6,18,49,27,22,25,17,8,24,10,14
S01007955,207,119,88,152,80,72,80,48,32,54,22,32,18,10,8,55,39,16,34,26,8,21,13,8
S01007956,180,84,96,134,54,80,88,34,54,28,14,14,18,6,12,46,30,16,27,21,6,19,9,10
S01007957,167,83,84,140,72,68,106,58,48,28,12,16,6,2,4,27,11,16,15,6,9,12,5,7
S01007958,162,99,63,110,58,52,62,42,20,30,6,24,18,10,8,52,41,11,25,19,6,27,22,5
S01007959,107,65,42,98,58,40,82,48,34,16,10,6,0,0,0,9,7,2,9,7,2,0,0,0
S01007960,158,84,74,124,62,62,86,44,42,22,8,14,16,10,6,34,22,12,23,16,7,11,6,5
S01007961,120,48,72,112,42,70,82,28,54,22,10,12,8,4,4,8,6,2,6,5,1,2,1,1
S01007962,150,70,80,112,52,60,74,40,34,22,6,16,16,6,10,38,18,20,11,7,4,27,11,16
S01007963,233,96,137,140,46,94,58,30,28,32,2,30,50,14,36,93,50,43,27,17,10,66,33,33
S01007964,144,81,63,104,60,44,56,32,24,28,16,12,20,12,8,40,21,19,20,13,7,20,8,12
S01007965,106,44,62,76,30,46,44,18,26,14,4,10,18,8,10,30,14,16,11,8,3,19,6,13
S01007966,216,107,109,120,50,70,62,30,32,38,16,22,20,4,16,96,57,39,45,25,20,51,32,19
S01007967,151,70,81,86,36,50,42,28,14,16,4,12,28,4,24,65,34,31,43,23,20,22,11,11
S01007968,155,81,74,120,56,64,74,40,34,40,14,26,6,2,4,35,25,10,25,18,7,10,7,3
S01007969,159,77,82,130,62,68,88,46,42,32,12,20,10,4,6,29,15,14,12,7,5,17,8,9
S01007970,173,94,79,128,66,62,90,56,34,34,10,24,4,0,4,45,28,17,27,16,11,18,12,6
S01007971,154,75,79,116,50,66,78,34,44,32,14,18,6,2,4,38,25,13,21,13,8,17,12,5
S01007972,161,98,63,128,74,54,100,64,36,26,10,16,2,0,2,33,24,9,22,16,6,11,8,3
S01007973,140,86,54,136,84,52,112,76,36,18,4,14,6,4,2,4,2,2,3,2,1,1,0,1
S01007974,131,81,50,94,56,38,48,30,18,28,16,12,18,10,8,37,25,12,20,14,6,17,11,6
S01007975,118,70,48,96,56,40,60,40,20,22,8,14,14,8,6,22,14,8,12,8,4,10,6,4
S01007976,72,54,18,46,38,8,28,22,6,14,12,2,4,4,0,26,16,10,13,10,3,13,6,7
S01007977,132,81,51,112,68,44,86,48,38,22,16,6,4,4,0,20,13,7,19,12,7,1,1,0
S01007978,70,43,27,54,32,22,36,24,12,14,8,6,4,0,4,16,11,5,11,9,2,5,2,3
S01007979,164,82,82,152,76,76,126,66,60,24,8,16,2,2,0,12,6,6,6,3,3,6,3,3
S01007980,117,53,64,100,42,58,82,36,46,18,6,12,0,0,0,17,11,6,12,7,5,5,4,1
S01007981,71,35,36,64,32,32,54,26,28,6,2,4,4,4,0,7,3,4,3,0,3,4,3,1
S01007982,102,47,55,88,36,52,74,28,46,12,8,4,2,0,2,14,11,3,11,8,3,3,3,0
S01007983,147,79,68,100,50,50,68,36,32,26,12,14,6,2,4,47,29,18,32,20,12,15,9,6
S01007984,170,78,92,144,64,80,118,46,72,22,14,8,4,4,0,26,14,12,14,11,3,12,3,9
S01007985,192,92,100,142,72,70,70,36,34,58,24,34,14,12,2,50,20,30,21,11,10,29,9,20
S01007986,134,67,67,116,56,60,96,48,48,18,6,12,2,2,0,18,11,7,11,7,4,7,4,3
S01007987,157,59,98,126,40,86,102,30,72,22,10,12,2,0,2,31,19,12,22,14,8,9,5,4
S01007988,158,71,87,112,44,68,74,36,38,30,8,22,8,0,8,46,27,19,24,12,12,22,15,7
S01007989,180,105,75,118,70,48,68,46,22,38,18,20,12,6,6,62,35,27,33,20,13,29,15,14
S01007990,255,112,143,202,82,120,144,60,84,46,16,30,12,6,6,53,30,23,27,17,10,26,13,13
S01007991,294,126,168,272,112,160,234,96,138,32,12,20,6,4,2,22,14,8,19,12,7,3,2,1
S01007992,218,96,122,202,86,116,176,80,96,24,6,18,2,0,2,16,10,6,13,10,3,3,0,3
S01007993,155,75,80,140,66,74,122,58,64,16,8,8,2,0,2,15,9,6,9,6,3,6,3,3
S01007994,298,108,190,290,102,188,246,92,154,34,10,24,10,0,10,8,6,2,7,5,2,1,1,0
S01007995,258,98,160,246,94,152,216,84,132,26,8,18,4,2,2,12,4,8,7,3,4,5,1,4
S01007996,88,31,57,76,24,52,66,18,48,6,2,4,4,4,0,12,7,5,8,4,4,4,3,1
S01007997,107,52,55,98,44,54,76,38,38,16,4,12,6,2,4,9,8,1,7,6,1,2,2,0
S01007998,96,43,53,86,36,50,60,28,32,22,6,16,4,2,2,10,7,3,6,5,1,4,2,2
S01007999,135,80,55,98,54,44,66,40,26,26,14,12,6,0,6,37,26,11,17,12,5,20,14,6
S01008000,209,121,88,150,86,64,98,62,36,28,14,14,24,10,14,59,35,24,31,17,14,28,18,10
S01008001,198,105,93,122,60,62,64,34,30,36,16,20,22,10,12,76,45,31,33,17,16,43,28,15
S01008002,167,81,86,112,48,64,52,20,32,32,12,20,28,16,12,55,33,22,22,10,12,33,23,10
S01008003,147,80,67,118,66,52,78,46,32,36,18,18,4,2,2,29,14,15,14,8,6,15,6,9
S01008004,214,83,131,182,76,106,128,54,74,48,18,30,6,4,2,32,7,25,16,4,12,16,3,13
S01008005,185,103,82,132,68,64,86,52,34,34,12,22,12,4,8,53,35,18,33,24,9,20,11,9
S01008006,128,66,62,80,36,44,28,14,14,40,16,24,12,6,6,48,30,18,18,15,3,30,15,15
S01008007,97,58,39,60,40,20,30,24,6,18,8,10,12,8,4,37,18,19,12,7,5,25,11,14
S01008008,175,83,92,128,58,70,92,46,46,18,6,12,18,6,12,47,25,22,12,8,4,35,17,18
S01008009,182,91,91,122,58,64,72,34,38,30,20,10,20,4,16,60,33,27,28,16,12,32,17,15
S01008010,145,86,59,118,66,52,70,36,34,30,20,10,18,10,8,27,20,7,14,10,4,13,10,3
S01008011,52,36,16,36,24,12,16,10,6,10,4,6,10,10,0,16,12,4,8,7,1,8,5,3
S01008012,102,66,36,78,46,32,50,30,20,22,12,10,6,4,2,24,20,4,17,14,3,7,6,1
S01008013,92,57,35,74,42,32,58,36,22,14,6,8,2,0,2,18,15,3,12,9,3,6,6,0
S01008014,112,61,51,104,54,50,86,46,40,10,4,6,8,4,4,8,7,1,5,5,0,3,2,1
S01008015,132,88,44,94,60,34,70,46,24,16,6,10,8,8,0,38,28,10,14,13,1,24,15,9
S01008016,114,75,39,86,54,32,60,42,18,24,10,14,2,2,0,28,21,7,19,16,3,9,5,4
S01008017,165,80,85,152,70,82,130,62,68,22,8,14,0,0,0,13,10,3,7,6,1,6,4,2
S01008018,97,56,41,86,46,40,72,38,34,10,6,4,4,2,2,11,10,1,9,8,1,2,2,0
S01008019,168,77,91,162,74,88,130,58,72,28,14,14,4,2,2,6,3,3,5,2,3,1,1,0
S01008020,102,66,36,88,52,36,86,50,36,2,2,0,0,0,0,14,14,0,12,12,0,2,2,0
S01008021,111,43,68,106,42,64,86,34,52,14,6,8,6,2,4,5,1,4,3,1,2,2,0,2
S01008022,161,70,91,152,66,86,136,58,78,14,6,8,2,2,0,9,4,5,6,3,3,3,1,2
S01008023,236,94,142,220,86,134,198,76,122,20,10,10,2,0,2,16,8,8,15,7,8,1,1,0
S01008024,257,128,129,244,118,126,212,110,102,28,8,20,4,0,4,13,10,3,13,10,3,0,0,0
S01008025,137,68,69,126,60,66,102,48,54,24,12,12,0,0,0,11,8,3,10,7,3,1,1,0
S01008026,197,99,98,162,78,84,120,60,60,36,16,20,6,2,4,35,21,14,23,15,8,12,6,6
S01008027,105,57,48,84,46,38,62,34,28,14,8,6,8,4,4,21,11,10,13,10,3,8,1,7
S01008028,155,90,65,144,84,60,114,68,46,30,16,14,0,0,0,11,6,5,7,3,4,4,3,1
S01008029,133,71,62,120,64,56,86,42,44,34,22,12,0,0,0,13,7,6,9,5,4,4,2,2
S01008030,209,114,95,188,100,88,154,84,70,32,14,18,2,2,0,21,14,7,10,6,4,11,8,3
S01008031,180,88,92,146,66,80,98,44,54,38,20,18,10,2,8,34,22,12,21,17,4,13,5,8
S01008032,192,98,94,152,74,78,116,62,54,28,8,20,8,4,4,40,24,16,26,15,11,14,9,5
S01008033,234,72,162,218,64,154,178,48,130,36,12,24,4,4,0,16,8,8,16,8,8,0,0,0
S01008034,245,90,155,232,84,148,194,70,124,32,14,18,6,0,6,13,6,7,8,4,4,5,2,3
S01008035,122,67,55,98,52,46,72,40,32,26,12,14,0,0,0,24,15,9,18,10,8,6,5,1
S01008036,136,61,75,124,56,68,96,44,52,28,12,16,0,0,0,12,5,7,9,3,6,3,2,1
S01008037,194,84,110,144,60,84,98,46,52,38,10,28,8,4,4,50,24,26,31,19,12,19,5,14
S01008038,182,84,98,134,52,82,102,38,64,28,12,16,4,2,2,48,32,16,27,19,8,21,13,8
S01008039,226,107,119,190,86,104,142,68,74,44,18,26,4,0,4,36,21,15,18,11,7,18,10,8
S01008040,174,60,114,152,52,100,116,36,80,36,16,20,0,0,0,22,8,14,13,5,8,9,3,6
S01008041,122,50,72,100,38,62,76,30,46,24,8,16,0,0,0,22,12,10,15,10,5,7,2,5
S01008042,124,39,85,112,34,78,88,30,58,24,4,20,0,0,0,12,5,7,9,4,5,3,1,2
S01008043,230,94,136,208,78,130,184,70,114,22,6,16,2,2,0,22,16,6,15,14,1,7,2,5
S01008044,192,79,113,174,68,106,138,54,84,36,14,22,0,0,0,18,11,7,13,8,5,5,3,2
S01008045,177,78,99,158,64,94,132,52,80,22,8,14,4,4,0,19,14,5,3,2,1,16,12,4
S01008046,92,37,55,66,26,40,54,18,36,8,4,4,4,4,0,26,11,15,14,7,7,12,4,8
S01008047,145,42,103,140,40,100,120,34,86,20,6,14,0,0,0,5,2,3,4,2,2,1,0,1
S01008048,112,38,74,108,36,72,80,28,52,26,8,18,2,0,2,4,2,2,4,2,2,0,0,0
S01008049,192,74,118,186,72,114,138,56,82,42,12,30,6,4,2,6,2,4,6,2,4,0,0,0
S01008050,127,37,90,118,30,88,86,26,60,30,4,26,2,0,2,9,7,2,7,5,2,2,2,0
S01008051,243,88,155,232,82,150,190,72,118,42,10,32,0,0,0,11,6,5,8,6,2,3,0,3
S01008052,201,77,124,192,70,122,164,62,102,28,8,20,0,0,0,9,7,2,7,6,1,2,1,1
S01008053,132,49,83,120,42,78,94,34,60,24,6,18,2,2,0,12,7,5,11,7,4,1,0,1
S01008054,148,57,91,140,54,86,112,48,64,26,4,22,2,2,0,8,3,5,6,3,3,2,0,2
S01008055,269,94,175,260,90,170,192,72,120,68,18,50,0,0,0,9,4,5,8,3,5,1,1,0
S01008056,170,70,100,160,64,96,120,50,70,40,14,26,0,0,0,10,6,4,8,5,3,2,1,1
S01008057,210,66,144,202,62,140,154,46,108,46,14,32,2,2,0,8,4,4,7,4,3,1,0,1
S01008058,212,72,140,198,66,132,154,48,106,36,12,24,8,6,2,14,6,8,13,6,7,1,0,1
S01008059,136,49,87,122,42,80,104,36,68,18,6,12,0,0,0,14,7,7,12,7,5,2,0,2
S01008060,218,77,141,200,72,128,170,64,106,28,8,20,2,0,2,18,5,13,14,3,11,4,2,2
S01008061,215,88,127,196,78,118,162,68,94,30,8,22,4,2,2,19,10,9,17,8,9,2,2,0
S01008062,185,90,95,160,78,82,120,54,66,34,18,16,6,6,0,25,12,13,21,11,10,4,1,3
S01008063,223,94,129,200,78,122,162,68,94,38,10,28,0,0,0,23,16,7,15,11,4,8,5,3
S01008064,143,73,70,104,50,54,64,34,30,30,12,18,10,4,6,39,23,16,24,16,8,15,7,8
S01008065,264,98,166,254,92,162,196,78,118,56,12,44,2,2,0,10,6,4,9,6,3,1,0,1
S01008066,240,80,160,226,72,154,164,58,106,58,14,44,4,0,4,14,8,6,12,7,5,2,1,1
S01008067,141,65,76,130,58,72,102,42,60,26,14,12,2,2,0,11,7,4,9,7,2,2,0,2
S01008068,182,83,99,174,80,94,128,58,70,42,18,24,4,4,0,8,3,5,6,3,3,2,0,2
S01008069,223,128,95,202,114,88,166,90,76,26,16,10,10,8,2,21,14,7,13,9,4,8,5,3
S01008070,179,82,97,152,62,90,138,58,80,12,4,8,2,0,2,27,20,7,17,14,3,10,6,4
S01008071,174,94,80,152,84,68,134,78,56,18,6,12,0,0,0,22,10,12,17,8,9,5,2,3
S01008072,164,68,96,140,52,88,108,44,64,28,8,20,4,0,4,24,16,8,14,8,6,10,8,2
S01008073,93,38,55,92,38,54,78,36,42,14,2,12,0,0,0,1,0,1,1,0,1,0,0,0
S01008074,208,82,126,194,78,116,158,56,102,30,20,10,6,2,4,14,4,10,13,4,9,1,0,1
S01008075,141,48,93,134,48,86,102,36,66,28,10,18,4,2,2,7,0,7,2,0,2,5,0,5
S01008076,89,37,52,84,32,52,58,28,30,24,2,22,2,2,0,5,5,0,4,4,0,1,1,0
S01008077,180,66,114,170,60,110,124,44,80,46,16,30,0,0,0,10,6,4,6,5,1,4,1,3
S01008078,178,44,134,164,36,128,118,28,90,42,8,34,4,0,4,14,8,6,10,7,3,4,1,3
S01008079,180,63,117,168,58,110,116,40,76,48,16,32,4,2,2,12,5,7,5,2,3,7,3,4
S01008080,153,66,87,136,62,74,116,54,62,20,8,12,0,0,0,17,4,13,8,3,5,9,1,8
S01008081,128,53,75,118,46,72,86,34,52,30,12,18,2,0,2,10,7,3,4,3,1,6,4,2
S01008082,171,71,100,152,60,92,130,50,80,18,8,10,4,2,2,19,11,8,15,10,5,4,1,3
S01008083,162,57,105,144,50,94,114,42,72,30,8,22,0,0,0,18,7,11,12,5,7,6,2,4
S01008084,190,90,100,160,68,92,122,48,74,36,18,18,2,2,0,30,22,8,20,14,6,10,8,2
S01008085,235,105,130,220,98,122,188,90,98,32,8,24,0,0,0,15,7,8,8,4,4,7,3,4
S01008086,274,111,163,240,92,148,194,78,116,44,12,32,2,2,0,34,19,15,24,13,11,10,6,4
S01008087,186,70,116,168,60,108,144,54,90,20,4,16,4,2,2,18,10,8,11,6,5,7,4,3
S01008088,177,79,98,152,62,90,128,52,76,24,10,14,0,0,0,25,17,8,20,13,7,5,4,1
S01008089,143,54,89,138,52,86,112,42,70,26,10,16,0,0,0,5,2,3,1,0,1,4,2,2
S01008090,185,79,106,160,62,98,120,42,78,38,20,18,2,0,2,25,17,8,21,13,8,4,4,0
S01008091,70,37,33,60,30,30,58,30,28,0,0,0,2,0,2,10,7,3,9,6,3,1,1,0
S01008092,192,77,115,186,72,114,160,68,92,24,4,20,2,0,2,6,5,1,6,5,1,0,0,0
S01008093,169,66,103,148,50,98,124,42,82,24,8,16,0,0,0,21,16,5,17,12,5,4,4,0
S01008094,140,56,84,132,50,82,116,40,76,10,4,6,6,6,0,8,6,2,5,4,1,3,2,1
S01008095,128,57,71,108,42,66,92,42,50,14,0,14,2,0,2,20,15,5,16,12,4,4,3,1
S01008096,145,61,84,134,52,82,106,36,70,28,16,12,0,0,0,11,9,2,11,9,2,0,0,0
S01008097,118,64,54,106,60,46,92,52,40,12,8,4,2,0,2,12,4,8,9,3,6,3,1,2
S01008098,152,52,100,134,44,90,116,38,78,12,2,10,6,4,2,18,8,10,14,8,6,4,0,4
S01008099,121,64,57,108,56,52,94,54,40,14,2,12,0,0,0,13,8,5,10,6,4,3,2,1
S01008100,169,48,121,154,40,114,114,28,86,34,8,26,6,4,2,15,8,7,10,5,5,5,3,2
S01008101,192,90,102,158,72,86,138,66,72,18,6,12,2,0,2,34,18,16,17,12,5,17,6,11
S01008102,135,62,73,106,48,58,82,38,44,22,8,14,2,2,0,29,14,15,26,12,14,3,2,1
S01008103,102,65,37,72,42,30,62,38,24,10,4,6,0,0,0,30,23,7,21,14,7,9,9,0
S01008104,164,78,86,114,52,62,86,36,50,24,14,10,4,2,2,50,26,24,30,14,16,20,12,8
S01008105,225,117,108,146,70,76,112,56,56,30,12,18,4,2,2,79,47,32,46,30,16,33,17,16
S01008106,147,72,75,94,38,56,72,30,42,10,4,6,12,4,8,53,34,19,24,17,7,29,17,12
S01008107,312,90,222,298,80,218,248,66,182,40,10,30,10,4,6,14,10,4,11,8,3,3,2,1
S01008108,141,58,83,126,52,74,100,40,60,26,12,14,0,0,0,15,6,9,14,6,8,1,0,1
S01008109,219,100,119,188,84,104,158,64,94,26,18,8,4,2,2,31,16,15,19,13,6,12,3,9
S01008110,243,107,136,224,94,130,176,70,106,44,20,24,4,4,0,19,13,6,15,11,4,4,2,2
S01008111,171,81,90,156,72,84,128,60,68,26,10,16,2,2,0,15,9,6,9,6,3,6,3,3
S01008112,143,66,77,130,60,70,100,46,54,26,12,14,4,2,2,13,6,7,12,5,7,1,1,0
S01008113,152,72,80,138,62,76,110,54,56,28,8,20,0,0,0,14,10,4,9,7,2,5,3,2
S01008114,127,40,87,114,36,78,102,32,70,10,2,8,2,2,0,13,4,9,10,2,8,3,2,1
S01008115,204,98,106,174,80,94,144,68,76,28,12,16,2,0,2,30,18,12,21,15,6,9,3,6
S01008116,223,80,143,202,70,132,160,56,104,38,12,26,4,2,2,21,10,11,15,8,7,6,2,4
S01008117,148,48,100,128,40,88,112,38,74,16,2,14,0,0,0,20,8,12,10,4,6,10,4,6
S01008118,203,88,115,170,66,104,134,56,78,32,10,22,4,0,4,33,22,11,22,17,5,11,5,6
S01008119,120,57,63,90,38,52,52,24,28,26,12,14,12,2,10,30,19,11,19,13,6,11,6,5
S01008120,133,61,72,116,50,66,76,40,36,34,8,26,6,2,4,17,11,6,11,8,3,6,3,3
S01008121,139,44,95,132,38,94,112,36,76,20,2,18,0,0,0,7,6,1,4,3,1,3,3,0
S01008122,196,58,138,188,54,134,154,48,106,32,4,28,2,2,0,8,4,4,4,4,0,4,0,4
S01008123,182,69,113,162,60,102,148,56,92,14,4,10,0,0,0,20,9,11,11,6,5,9,3,6
S01008124,220,78,142,204,68,136,184,60,124,20,8,12,0,0,0,16,10,6,10,6,4,6,4,2
S01008125,186,79,107,170,70,100,136,56,80,30,14,16,4,0,4,16,9,7,10,8,2,6,1,5
S01008126,204,100,104,190,92,98,170,84,86,20,8,12,0,0,0,14,8,6,11,5,6,3,3,0
S01008127,88,28,60,80,24,56,68,24,44,12,0,12,0,0,0,8,4,4,6,4,2,2,0,2
S01008128,182,85,97,162,70,92,134,58,76,26,12,14,2,0,2,20,15,5,12,10,2,8,5,3
S01008129,158,80,78,122,58,64,88,38,50,24,10,14,10,10,0,36,22,14,24,16,8,12,6,6
S01008130,170,89,81,126,56,70,90,36,54,28,16,12,8,4,4,44,33,11,30,23,7,14,10,4
S01008131,124,56,68,86,30,56,60,28,32,26,2,24,0,0,0,38,26,12,23,18,5,15,8,7
S01008132,215,88,127,206,82,124,174,72,102,28,8,20,4,2,2,9,6,3,9,6,3,0,0,0
S01008133,100,37,63,80,20,60,56,10,46,22,8,14,2,2,0,20,17,3,9,7,2,11,10,1
S01008134,100,49,51,88,42,46,64,28,36,24,14,10,0,0,0,12,7,5,7,4,3,5,3,2
S01008135,316,175,141,270,148,122,226,120,106,34,20,14,10,8,2,46,27,19,20,9,11,26,18,8
S01008136,149,82,67,128,68,60,92,44,48,28,18,10,8,6,2,21,14,7,13,9,4,8,5,3
S01008137,198,85,113,94,34,60,56,24,32,24,6,18,14,4,10,104,51,53,55,30,25,49,21,28
S01008138,185,77,108,126,38,88,64,16,48,42,10,32,20,12,8,59,39,20,25,22,3,34,17,17
S01008139,181,92,89,134,60,74,84,46,38,36,8,28,14,6,8,47,32,15,33,24,9,14,8,6
S01008140,107,46,61,70,30,40,52,26,26,14,2,12,4,2,2,37,16,21,14,8,6,23,8,15
S01008141,178,80,98,164,72,92,142,62,80,22,10,12,0,0,0,14,8,6,8,5,3,6,3,3
S01008142,179,79,100,160,66,94,130,56,74,24,8,16,6,2,4,19,13,6,10,7,3,9,6,3
S01008143,163,74,89,114,42,72,92,34,58,20,8,12,2,0,2,49,32,17,29,18,11,20,14,6
S01008144,149,65,84,134,56,78,118,48,70,16,8,8,0,0,0,15,9,6,11,8,3,4,1,3
S01008145,178,90,88,146,70,76,90,48,42,46,12,34,10,10,0,32,20,12,19,12,7,13,8,5
S01008146,85,47,38,54,30,24,38,16,22,12,10,2,4,4,0,31,17,14,13,10,3,18,7,11
S01008147,150,82,68,116,60,56,92,50,42,18,8,10,6,2,4,34,22,12,24,15,9,10,7,3
S01008148,144,90,54,126,78,48,90,54,36,26,14,12,10,10,0,18,12,6,12,8,4,6,4,2
S01008149,156,87,69,112,60,52,86,48,38,22,8,14,4,4,0,44,27,17,21,12,9,23,15,8
S01008150,195,93,102,150,64,86,116,52,64,28,6,22,6,6,0,45,29,16,24,15,9,21,14,7
S01008151,150,75,75,122,58,64,92,46,46,26,12,14,4,0,4,28,17,11,20,12,8,8,5,3
S01008152,171,89,82,104,42,62,86,30,56,16,10,6,2,2,0,67,47,20,35,25,10,32,22,10
S01008153,183,88,95,168,80,88,136,64,72,30,14,16,2,2,0,15,8,7,9,6,3,6,2,4
S01008154,143,55,88,128,50,78,104,38,66,22,10,12,2,2,0,15,5,10,9,4,5,6,1,5
S01008155,125,55,70,112,46,66,80,38,42,26,6,20,6,2,4,13,9,4,12,8,4,1,1,0
S01008156,180,89,91,146,68,78,114,50,64,24,12,12,8,6,2,34,21,13,24,17,7,10,4,6
S01008157,170,65,105,138,54,84,114,42,72,20,8,12,4,4,0,32,11,21,19,8,11,13,3,10
S01008158,138,75,63,122,62,60,94,50,44,26,12,14,2,0,2,16,13,3,11,8,3,5,5,0
S01008159,205,99,106,132,58,74,76,36,40,42,16,26,14,6,8,73,41,32,44,28,16,29,13,16
S01008160,220,95,125,152,58,94,120,48,72,24,10,14,8,0,8,68,37,31,30,18,12,38,19,19
S01008161,275,116,159,262,108,154,222,96,126,36,12,24,4,0,4,13,8,5,10,6,4,3,2,1
S01008162,202,96,106,186,86,100,140,72,68,42,14,28,4,0,4,16,10,6,13,8,5,3,2,1
S01008163,167,90,77,112,52,60,74,38,36,26,12,14,12,2,10,55,38,17,31,25,6,24,13,11
S01008164,148,67,81,116,46,70,84,34,50,22,8,14,10,4,6,32,21,11,23,15,8,9,6,3
S01008165,258,129,129,244,122,122,214,108,106,24,10,14,6,4,2,14,7,7,12,7,5,2,0,2
S01008166,115,43,72,88,32,56,68,28,40,18,2,16,2,2,0,27,11,16,16,7,9,11,4,7
S01008167,169,87,82,124,66,58,70,40,30,40,16,24,14,10,4,45,21,24,28,14,14,17,7,10
S01008168,200,108,92,152,76,76,94,50,44,44,22,22,14,4,10,48,32,16,29,21,8,19,11,8
S01008169,159,97,62,116,66,50,90,54,36,18,8,10,8,4,4,43,31,12,32,24,8,11,7,4
S01008170,148,76,72,134,66,68,120,60,60,14,6,8,0,0,0,14,10,4,11,8,3,3,2,1
S01008171,145,88,57,114,64,50,78,40,38,22,16,6,14,8,6,31,24,7,19,14,5,12,10,2
S01008172,118,50,68,96,38,58,80,36,44,16,2,14,0,0,0,22,12,10,14,9,5,8,3,5
S01008173,184,86,98,160,70,90,134,58,76,26,12,14,0,0,0,24,16,8,17,12,5,7,4,3
S01008174,121,64,57,112,60,52,100,54,46,12,6,6,0,0,0,9,4,5,8,3,5,1,1,0
S01008175,154,83,71,124,58,66,84,40,44,38,16,22,2,2,0,30,25,5,20,17,3,10,8,2
S01008176,151,68,83,142,62,80,102,50,52,40,12,28,0,0,0,9,6,3,8,6,2,1,0,1
S01008177,164,80,84,142,64,78,102,50,52,28,10,18,12,4,8,22,16,6,14,10,4,8,6,2
S01008178,106,52,54,92,42,50,72,34,38,18,6,12,2,2,0,14,10,4,11,7,4,3,3,0
S01008179,167,63,104,156,58,98,130,54,76,24,4,20,2,0,2,11,5,6,10,5,5,1,0,1
S01008180,124,60,64,116,54,62,94,40,54,22,14,8,0,0,0,8,6,2,7,5,2,1,1,0
S01008181,129,52,77,122,48,74,86,38,48,32,10,22,4,0,4,7,4,3,4,2,2,3,2,1
S01008182,111,65,46,88,48,40,60,26,34,22,16,6,6,6,0,23,17,6,15,12,3,8,5,3
S01008183,156,87,69,134,78,56,112,68,44,18,8,10,4,2,2,22,9,13,18,9,9,4,0,4
S01008184,85,59,26,74,48,26,46,24,22,22,18,4,6,6,0,11,11,0,6,6,0,5,5,0
S01008185,159,103,56,122,78,44,96,58,38,20,18,2,6,2,4,37,25,12,26,19,7,11,6,5
S01008186,97,68,29,84,60,24,58,44,14,26,16,10,0,0,0,13,8,5,7,4,3,6,4,2
S01008187,135,69,66,98,42,56,76,36,40,20,6,14,2,0,2,37,27,10,22,15,7,15,12,3
S01008188,174,98,76,124,62,62,80,44,36,38,16,22,6,2,4,50,36,14,32,24,8,18,12,6
S01008189,104,54,50,88,42,46,58,22,36,30,20,10,0,0,0,16,12,4,13,10,3,3,2,1
S01008190,185,88,97,136,58,78,80,44,36,40,12,28,16,2,14,49,30,19,32,23,9,17,7,10
S01008191,97,52,45,76,44,32,48,32,16,18,10,8,10,2,8,21,8,13,12,5,7,9,3,6
S01008192,139,75,64,120,62,58,88,46,42,32,16,16,0,0,0,19,13,6,10,8,2,9,5,4
S01008193,185,82,103,164,70,94,124,58,66,34,10,24,6,2,4,21,12,9,13,7,6,8,5,3
S01008194,142,76,66,118,60,58,94,50,44,18,8,10,6,2,4,24,16,8,15,9,6,9,7,2
S01008195,203,104,99,156,70,86,112,52,60,30,14,16,14,4,10,47,34,13,21,14,7,26,20,6
S01008196,213,102,111,156,64,92,92,40,52,50,16,34,14,8,6,57,38,19,32,24,8,25,14,11
S01008197,265,166,99,234,142,92,168,108,60,52,28,24,14,6,8,31,24,7,15,12,3,16,12,4
S01008198,118,55,63,84,40,44,60,36,24,20,2,18,4,2,2,34,15,19,20,9,11,14,6,8
S01008199,183,92,91,140,64,76,78,46,32,40,10,30,22,8,14,43,28,15,21,14,7,22,14,8
S01008200,115,56,59,82,34,48,46,16,30,20,10,10,16,8,8,33,22,11,18,11,7,15,11,4
S01008201,150,66,84,106,36,70,62,20,42,36,12,24,8,4,4,44,30,14,18,11,7,26,19,7
S01008202,108,60,48,88,48,40,74,38,36,12,8,4,2,2,0,20,12,8,10,4,6,10,8,2
S01008203,100,66,34,62,38,24,20,14,6,30,16,14,12,8,4,38,28,10,22,15,7,16,13,3
S01008204,123,63,60,102,46,56,72,36,36,26,8,18,4,2,2,21,17,4,12,9,3,9,8,1
S01008205,141,75,66,114,58,56,86,40,46,22,14,8,6,4,2,27,17,10,18,14,4,9,3,6
S01008206,119,48,71,92,34,58,64,30,34,18,2,16,10,2,8,27,14,13,17,7,10,10,7,3
S01008207,158,60,98,118,38,80,74,24,50,36,10,26,8,4,4,40,22,18,23,16,7,17,6,11
S01008208,208,128,80,174,104,70,122,78,44,44,24,20,8,2,6,34,24,10,21,16,5,13,8,5
S01008209,186,93,93,166,80,86,138,68,70,28,12,16,0,0,0,20,13,7,19,13,6,1,0,1
S01008210,195,89,106,155,56,99,124,44,80,27,12,15,4,0,4,40,33,7,23,18,5,17,15,2
S01008211,169,91,78,134,68,66,100,54,46,30,14,16,4,0,4,35,23,12,14,9,5,21,14,7
S01008212,157,60,97,142,52,90,116,46,70,22,6,16,4,0,4,15,8,7,12,6,6,3,2,1
S01008213,300,113,187,272,98,174,210,78,132,56,16,40,6,4,2,28,15,13,20,10,10,8,5,3
S01008214,125,76,49,102,58,44,80,44,36,20,14,6,2,0,2,23,18,5,16,13,3,7,5,2
S01008215,154,76,78,142,68,74,106,56,50,24,8,16,12,4,8,12,8,4,10,7,3,2,1,1
S01008216,123,55,68,108,44,64,88,38,50,14,4,10,6,2,4,15,11,4,12,9,3,3,2,1
S01008217,127,51,76,122,48,74,102,42,60,20,6,14,0,0,0,5,3,2,5,3,2,0,0,0
S01008218,332,150,182,312,136,176,262,116,146,46,18,28,4,2,2,20,14,6,18,12,6,2,2,0
S01008219,205,125,80,172,102,70,132,76,56,32,20,12,8,6,2,33,23,10,18,12,6,15,11,4
S01008220,153,54,99,108,32,76,60,22,38,38,6,32,10,4,6,45,22,23,24,14,10,21,8,13
S01008221,173,79,94,124,46,78,62,28,34,46,12,34,16,6,10,49,33,16,15,12,3,34,21,13
S01008222,138,59,79,112,42,70,80,32,48,24,4,20,8,6,2,26,17,9,17,13,4,9,4,5
S01008223,108,57,51,92,46,46,70,34,36,16,8,8,6,4,2,16,11,5,6,5,1,10,6,4
S01008224,174,98,76,160,86,74,140,76,64,18,8,10,2,2,0,14,12,2,10,10,0,4,2,2
S01008225,154,73,81,136,64,72,110,52,58,24,10,14,2,2,0,18,9,9,14,8,6,4,1,3
S01008226,128,63,65,100,40,60,62,30,32,34,10,24,4,0,4,28,23,5,17,14,3,11,9,2
S01008227,150,72,78,116,46,70,92,40,52,22,6,16,2,0,2,34,26,8,24,19,5,10,7,3
S01008228,132,65,67,120,56,64,90,52,38,24,2,22,6,2,4,12,9,3,8,8,0,4,1,3
S01008229,155,86,69,118,60,58,90,52,38,24,8,16,4,0,4,37,26,11,27,17,10,10,9,1
S01008230,250,121,129,234,112,122,178,84,94,48,22,26,8,6,2,16,9,7,14,9,5,2,0,2
S01008231,310,121,189,302,116,186,262,100,162,38,14,24,2,2,0,8,5,3,4,3,1,4,2,2
S01008232,232,106,126,198,82,116,150,64,86,34,12,22,14,6,8,34,24,10,24,16,8,10,8,2
S01008233,144,69,75,130,60,70,110,54,56,18,6,12,2,0,2,14,9,5,8,6,2,6,3,3
S01008234,54,24,30,40,14,26,30,10,20,8,4,4,2,0,2,14,10,4,8,6,2,6,4,2
S01008235,164,79,85,134,58,76,96,42,54,28,12,16,10,4,6,30,21,9,20,16,4,10,5,5
S01008236,178,72,106,148,52,96,110,38,72,34,12,22,4,2,2,30,20,10,20,16,4,10,4,6
S01008237,194,92,102,158,70,88,122,50,72,30,16,14,6,4,2,36,22,14,23,15,8,13,7,6
S01008238,147,67,80,126,56,70,92,44,48,22,8,14,12,4,8,21,11,10,10,5,5,11,6,5
S01008239,155,62,93,132,46,86,114,44,70,16,0,16,2,2,0,23,16,7,14,9,5,9,7,2
S01008240,187,73,114,184,70,114,120,56,64,62,14,48,2,0,2,3,3,0,3,3,0,0,0,0
S01008241,114,46,68,106,40,66,78,30,48,26,10,16,2,0,2,8,6,2,8,6,2,0,0,0
S01008242,148,77,71,138,70,68,106,52,54,26,14,12,6,4,2,10,7,3,8,6,2,2,1,1
S01008243,270,106,164,250,94,156,188,78,110,62,16,46,0,0,0,20,12,8,18,12,6,2,0,2
S01008244,116,31,85,106,26,80,74,22,52,32,4,28,0,0,0,10,5,5,10,5,5,0,0,0
S01008245,235,78,157,218,70,148,174,54,120,38,12,26,6,4,2,17,8,9,14,7,7,3,1,2
S01008246,228,84,144,212,74,138,182,70,112,28,2,26,2,2,0,16,10,6,10,5,5,6,5,1
S01008247,180,82,98,164,72,92,126,56,70,36,14,22,2,2,0,16,10,6,12,9,3,4,1,3
S01008248,204,71,133,176,58,118,112,36,76,62,20,42,2,2,0,28,13,15,20,11,9,8,2,6
S01008249,179,57,122,166,52,114,114,42,72,50,10,40,2,0,2,13,5,8,8,3,5,5,2,3
S01008250,212,73,139,190,60,130,144,42,102,46,18,28,0,0,0,22,13,9,15,9,6,7,4,3
S01008251,262,85,177,252,78,174,204,68,136,48,10,38,0,0,0,10,7,3,9,6,3,1,1,0
S01008252,187,66,121,176,58,118,156,52,104,20,6,14,0,0,0,11,8,3,6,5,1,5,3,2
S01008253,138,60,78,128,50,78,96,42,54,26,8,18,6,0,6,10,10,0,6,6,0,4,4,0
S01008254,211,89,122,178,70,108,140,56,84,30,10,20,8,4,4,33,19,14,21,14,7,12,5,7
S01008255,174,67,107,146,54,92,110,46,64,32,6,26,4,2,2,28,13,15,22,11,11,6,2,4
S01008256,190,99,91,146,70,76,94,50,44,48,18,30,4,2,2,44,29,15,22,16,6,22,13,9
S01008257,102,49,53,86,40,46,68,26,42,14,10,4,4,4,0,16,9,7,9,6,3,7,3,4
S01008258,127,60,67,114,50,64,94,42,52,18,8,10,2,0,2,13,10,3,8,7,1,5,3,2
S01008259,163,73,90,146,60,86,106,38,68,34,18,16,6,4,2,17,13,4,11,9,2,6,4,2
S01008260,169,111,58,130,82,48,80,54,26,44,26,18,6,2,4,39,29,10,24,21,3,15,8,7
S01008261,203,82,121,164,60,104,98,38,60,54,16,38,12,6,6,39,22,17,27,14,13,12,8,4
S01008262,139,67,72,132,62,70,108,50,58,22,12,10,2,0,2,7,5,2,7,5,2,0,0,0
S01008263,93,37,56,82,32,50,62,26,36,20,6,14,0,0,0,11,5,6,8,4,4,3,1,2
S01008264,200,80,120,180,72,108,142,58,84,36,12,24,2,2,0,20,8,12,12,5,7,8,3,5
S01008265,151,42,109,142,38,104,100,24,76,42,14,28,0,0,0,9,4,5,9,4,5,0,0,0
S01008266,124,48,76,118,46,72,94,40,54,20,4,16,4,2,2,6,2,4,4,2,2,2,0,2
S01008267,177,68,109,162,56,106,106,36,70,52,18,34,4,2,2,15,12,3,9,7,2,6,5,1
S01008268,171,48,123,164,44,120,110,34,76,50,8,42,4,2,2,7,4,3,5,2,3,2,2,0
S01008269,137,41,96,130,40,90,94,36,58,34,4,30,2,0,2,7,1,6,7,1,6,0,0,0
S01008270,140,54,86,128,48,80,92,34,58,34,14,20,2,0,2,12,6,6,6,2,4,6,4,2
S01008271,107,53,54,80,34,46,52,26,26,28,8,20,0,0,0,27,19,8,17,14,3,10,5,5
S01008272,236,109,127,204,90,114,144,68,76,56,22,34,4,0,4,32,19,13,23,14,9,9,5,4
S01008273,194,57,137,176,48,128,120,38,82,54,10,44,2,0,2,18,9,9,16,9,7,2,0,2
S01008274,150,79,71,122,62,60,84,46,38,30,16,14,8,0,8,28,17,11,15,8,7,13,9,4
S01008275,109,42,67,96,38,58,62,24,38,30,10,20,4,4,0,13,4,9,8,3,5,5,1,4
S01008276,152,58,94,142,54,88,114,50,64,26,4,22,2,0,2,10,4,6,9,4,5,1,0,1
S01008277,118,58,60,108,54,54,72,34,38,34,18,16,2,2,0,10,4,6,3,2,1,7,2,5
S01008278,177,73,104,168,68,100,116,50,66,50,18,32,2,0,2,9,5,4,7,5,2,2,0,2
S01008279,148,62,86,132,56,76,100,40,60,24,12,12,8,4,4,16,6,10,12,4,8,4,2,2
S01008280,189,74,115,176,64,112,138,52,86,34,10,24,4,2,2,13,10,3,10,8,2,3,2,1
S01008281,142,46,96,122,36,86,96,30,66,22,6,16,4,0,4,20,10,10,15,8,7,5,2,3
S01008282,139,60,79,128,56,72,90,44,46,34,10,24,4,2,2,11,4,7,8,4,4,3,0,3
S01008283,129,41,88,122,36,86,98,28,70,20,6,14,4,2,2,7,5,2,4,2,2,3,3,0
S01008284,251,93,158,230,82,148,182,68,114,40,12,28,8,2,6,21,11,10,13,8,5,8,3,5
S01008285,147,66,81,120,46,74,78,24,54,34,20,14,8,2,6,27,20,7,13,10,3,14,10,4
S01008286,160,91,69,140,78,62,106,58,48,30,18,12,4,2,2,20,13,7,10,8,2,10,5,5
S01008287,148,55,93,128,42,86,86,28,58,38,10,28,4,4,0,20,13,7,12,9,3,8,4,4
S01008288,176,77,99,152,60,92,114,44,70,30,12,18,8,4,4,24,17,7,12,7,5,12,10,2
S01008289,98,61,37,72,46,26,56,40,16,14,6,8,2,0,2,26,15,11,16,8,8,10,7,3
S01008290,210,79,131,184,62,122,138,46,92,36,12,24,10,4,6,26,17,9,14,11,3,12,6,6
S01008291,91,46,45,82,44,38,66,36,30,16,8,8,0,0,0,9,2,7,6,1,5,3,1,2
S01008292,254,111,143,204,88,116,148,62,86,44,22,22,12,4,8,50,23,27,37,18,19,13,5,8
S01008293,213,66,147,208,62,146,170,54,116,34,6,28,4,2,2,5,4,1,3,2,1,2,2,0
S01008294,264,80,184,248,76,172,196,60,136,50,16,34,2,0,2,16,4,12,10,3,7,6,1,5
S01008295,207,102,105,176,84,92,140,70,70,32,10,22,4,4,0,31,18,13,23,11,12,8,7,1
S01008296,133,59,74,100,38,62,64,26,38,30,10,20,6,2,4,33,21,12,17,9,8,16,12,4
S01008297,221,94,127,194,78,116,164,66,98,28,12,16,2,0,2,27,16,11,12,7,5,15,9,6
S01008298,181,77,104,164,68,96,128,50,78,28,12,16,8,6,2,17,9,8,8,3,5,9,6,3
S01008299,144,47,97,94,30,64,56,20,36,22,2,20,16,8,8,50,17,33,24,12,12,26,5,21
S01008300,174,78,96,138,62,76,100,48,52,26,8,18,12,6,6,36,16,20,19,9,10,17,7,10
S01008301,201,96,105,184,86,98,142,66,76,38,16,22,4,4,0,17,10,7,15,8,7,2,2,0
S01008302,158,59,99,146,54,92,112,42,70,34,12,22,0,0,0,12,5,7,10,4,6,2,1,1
S01008303,115,62,53,94,50,44,80,44,36,14,6,8,0,0,0,21,12,9,11,7,4,10,5,5
S01008304,74,30,44,64,28,36,52,24,28,8,4,4,4,0,4,10,2,8,6,1,5,4,1,3
S01008305,153,69,84,140,62,78,120,54,66,18,6,12,2,2,0,13,7,6,10,5,5,3,2,1
S01008306,126,74,52,118,70,48,94,56,38,20,12,8,4,2,2,8,4,4,6,3,3,2,1,1
S01008307,176,68,108,158,60,98,132,52,80,26,8,18,0,0,0,18,8,10,14,7,7,4,1,3
S01008308,99,56,43,90,52,38,78,48,30,10,4,6,2,0,2,9,4,5,6,4,2,3,0,3
S01008309,135,71,64,76,30,46,46,16,30,26,12,14,4,2,2,59,41,18,36,30,6,23,11,12
S01008310,181,90,91,152,70,82,114,50,64,26,16,10,12,4,8,29,20,9,15,9,6,14,11,3
S01008311,99,59,40,84,48,36,70,38,32,14,10,4,0,0,0,15,11,4,6,5,1,9,6,3
S01008312,103,52,51,84,42,42,64,36,28,16,4,12,4,2,2,19,10,9,13,6,7,6,4,2
S01008313,135,72,63,82,36,46,48,18,30,28,16,12,6,2,4,53,36,17,27,16,11,26,20,6
S01008314,105,65,40,62,38,24,38,22,16,16,14,2,8,2,6,43,27,16,23,14,9,20,13,7
S01008315,127,74,53,68,32,36,42,26,16,24,6,18,2,0,2,59,42,17,20,13,7,39,29,10
S01008316,157,81,76,100,44,56,52,30,22,26,8,18,22,6,16,57,37,20,23,13,10,34,24,10
S01008317,199,101,98,156,76,80,110,52,58,34,16,18,12,8,4,43,25,18,17,10,7,26,15,11
S01008318,205,80,125,178,64,114,144,48,96,26,12,14,8,4,4,27,16,11,20,12,8,7,4,3
S01008319,136,72,64,106,56,50,76,38,38,24,18,6,6,0,6,30,16,14,21,10,11,9,6,3
S01008320,79,44,35,64,32,32,48,24,24,12,4,8,4,4,0,15,12,3,7,5,2,8,7,1
S01008321,140,53,87,128,48,80,110,42,68,14,6,8,4,0,4,12,5,7,9,3,6,3,2,1
S01008322,216,94,122,162,64,98,110,44,66,48,18,30,4,2,2,54,30,24,29,20,9,25,10,15
S01008323,155,64,91,95,38,57,62,24,38,22,10,12,11,4,7,60,26,34,22,11,11,38,15,23
S01008324,141,63,78,102,44,58,70,26,44,24,12,12,8,6,2,39,19,20,19,13,6,20,6,14
S01008325,202,98,104,148,78,70,94,52,42,38,22,16,16,4,12,54,20,34,23,8,15,31,12,19
S01008326,224,121,103,138,70,68,78,46,32,52,20,32,8,4,4,86,51,35,41,29,12,45,22,23
S01008327,156,71,85,110,44,66,82,34,48,22,8,14,6,2,4,46,27,19,24,14,10,22,13,9
S01008328,229,99,130,208,88,120,156,72,84,52,16,36,0,0,0,21,11,10,19,11,8,2,0,2
S01008329,240,91,149,226,84,142,174,68,106,44,12,32,8,4,4,14,7,7,8,5,3,6,2,4
S01008330,225,97,128,206,86,120,144,62,82,58,22,36,4,2,2,19,11,8,15,10,5,4,1,3
S01008331,157,78,79,136,64,72,114,58,56,20,6,14,2,0,2,21,14,7,16,13,3,5,1,4
S01008332,162,57,105,148,54,94,112,42,70,32,10,22,4,2,2,14,3,11,9,3,6,5,0,5
S01008333,156,64,92,144,60,84,116,54,62,24,4,20,4,2,2,12,4,8,9,3,6,3,1,2
S01008334,159,69,90,142,58,84,94,40,54,42,14,28,6,4,2,17,11,6,14,11,3,3,0,3
S01008335,190,78,112,154,54,100,108,44,64,38,6,32,8,4,4,36,24,12,22,14,8,14,10,4
S01008336,175,90,85,156,82,74,112,60,52,36,20,16,8,2,6,19,8,11,13,7,6,6,1,5
S01008337,269,109,160,242,98,144,192,80,112,44,14,30,6,4,2,27,11,16,17,6,11,10,5,5
S01008338,328,113,215,306,102,204,238,86,152,62,16,46,6,0,6,22,11,11,22,11,11,0,0,0
S01008339,170,61,109,156,56,100,116,46,70,32,8,24,8,2,6,14,5,9,12,4,8,2,1,1
S01008340,229,94,135,206,84,122,154,70,84,48,12,36,4,2,2,23,10,13,18,7,11,5,3,2
S01008341,246,81,165,236,74,162,192,56,136,44,18,26,0,0,0,10,7,3,8,6,2,2,1,1
S01008342,197,82,115,176,72,104,144,64,80,30,8,22,2,0,2,21,10,11,9,6,3,12,4,8
S01008343,189,67,122,180,60,120,154,48,106,24,12,12,2,0,2,9,7,2,8,7,1,1,0,1
S01008344,176,61,115,158,52,106,112,46,66,46,6,40,0,0,0,18,9,9,8,6,2,10,3,7
S01008345,185,58,127,170,52,118,104,40,64,58,10,48,8,2,6,15,6,9,9,4,5,6,2,4
S01008346,263,63,200,254,60,194,196,48,148,50,8,42,8,4,4,9,3,6,4,1,3,5,2,3
S01008347,169,61,108,144,46,98,118,40,78,26,6,20,0,0,0,25,15,10,15,12,3,10,3,7
S01008348,147,65,82,126,54,72,72,36,36,54,18,36,0,0,0,21,11,10,15,8,7,6,3,3
S01008349,271,80,191,250,72,178,166,58,108,80,14,66,4,0,4,21,8,13,17,6,11,4,2,2
S01008350,107,34,73,106,34,72,90,30,60,12,2,10,4,2,2,1,0,1,1,0,1,0,0,0
S01008351,210,79,131,198,74,124,152,58,94,42,14,28,4,2,2,12,5,7,8,4,4,4,1,3
S01008352,167,49,118,158,44,114,104,24,80,50,16,34,4,4,0,9,5,4,5,4,1,4,1,3
S01008353,145,34,111,138,30,108,90,24,66,48,6,42,0,0,0,7,4,3,3,2,1,4,2,2
S01008354,171,66,105,158,62,96,110,44,66,42,16,26,6,2,4,13,4,9,8,3,5,5,1,4
S01008355,125,54,71,98,36,62,68,26,42,26,8,18,4,2,2,27,18,9,17,13,4,10,5,5
S01008356,145,59,86,120,48,72,82,30,52,38,18,20,0,0,0,25,11,14,21,10,11,4,1,3
S01008357,173,69,104,158,58,100,142,52,90,14,4,10,2,2,0,15,11,4,9,6,3,6,5,1
S01008358,114,47,67,84,30,54,70,26,44,14,4,10,0,0,0,30,17,13,15,11,4,15,6,9
S01008359,160,52,108,146,48,98,128,44,84,16,2,14,2,2,0,14,4,10,10,3,7,4,1,3
S01008360,191,77,114,168,64,104,132,44,88,34,18,16,2,2,0,23,13,10,17,9,8,6,4,2
S01008361,124,60,64,106,46,60,82,34,48,24,12,12,0,0,0,18,14,4,12,10,2,6,4,2
S01008362,263,105,158,224,84,140,168,60,108,52,22,30,4,2,2,39,21,18,23,14,9,16,7,9
S01008363,160,72,88,136,54,82,108,48,60,24,4,20,4,2,2,24,18,6,17,14,3,7,4,3
S01008364,164,62,102,136,52,84,90,36,54,42,16,26,4,0,4,28,10,18,18,5,13,10,5,5
S01008365,141,53,88,132,48,84,104,44,60,26,4,22,2,0,2,9,5,4,8,4,4,1,1,0
S01008366,197,83,114,162,70,92,112,54,58,42,12,30,8,4,4,35,13,22,22,9,13,13,4,9
S01008367,130,52,78,104,34,70,86,26,60,16,6,10,2,2,0,26,18,8,17,11,6,9,7,2
S01008368,148,75,73,124,58,66,102,52,50,20,6,14,2,0,2,24,17,7,17,12,5,7,5,2
S01008369,126,66,60,106,54,52,82,42,40,22,12,10,2,0,2,20,12,8,15,9,6,5,3,2
S01008370,159,58,101,142,50,92,122,46,76,18,2,16,2,2,0,17,8,9,13,8,5,4,0,4
S01008371,214,76,138,190,64,126,164,54,110,22,6,16,4,4,0,24,12,12,19,11,8,5,1,4
S01008372,207,70,137,192,64,128,150,52,98,36,10,26,6,2,4,15,6,9,11,6,5,4,0,4
S01008373,231,92,139,222,86,136,186,74,112,34,12,22,2,0,2,9,6,3,7,4,3,2,2,0
S01008374,164,54,110,146,44,102,120,32,88,24,10,14,2,2,0,18,10,8,15,9,6,3,1,2
S01008375,197,68,129,184,62,122,150,48,102,34,14,20,0,0,0,13,6,7,7,4,3,6,2,4
S01008376,138,43,95,126,38,88,98,26,72,26,10,16,2,2,0,12,5,7,8,5,3,4,0,4
S01008377,188,58,130,174,52,122,134,44,90,38,8,30,2,0,2,14,6,8,11,5,6,3,1,2
S01008378,253,109,144,232,96,136,194,86,108,36,8,28,2,2,0,21,13,8,14,10,4,7,3,4
S01008379,100,28,72,90,24,66,68,18,50,20,4,16,2,2,0,10,4,6,3,1,2,7,3,4
S01008380,175,65,110,166,62,104,148,52,96,18,10,8,0,0,0,9,3,6,5,2,3,4,1,3
S01008381,195,83,112,184,78,106,164,68,96,18,8,10,2,2,0,11,5,6,10,4,6,1,1,0
S01008382,175,64,111,166,60,106,134,46,88,30,12,18,2,2,0,9,4,5,5,3,2,4,1,3
S01008383,133,60,73,128,56,72,108,46,62,20,10,10,0,0,0,5,4,1,1,1,0,4,3,1
S01008384,244,117,127,208,94,114,168,76,92,36,14,22,4,4,0,36,23,13,32,21,11,4,2,2
S01008385,156,45,111,150,42,108,126,34,92,20,6,14,4,2,2,6,3,3,5,2,3,1,1,0
S01008386,181,111,70,152,94,58,128,88,40,22,6,16,2,0,2,29,17,12,24,15,9,5,2,3
S01008387,179,83,96,166,76,90,134,66,68,28,10,18,4,0,4,13,7,6,11,5,6,2,2,0
S01008388,196,98,98,170,80,90,134,62,72,36,18,18,0,0,0,26,18,8,20,12,8,6,6,0
S01008389,80,19,61,72,18,54,56,14,42,16,4,12,0,0,0,8,1,7,5,1,4,3,0,3
S01008390,138,56,82,132,54,78,118,52,66,14,2,12,0,0,0,6,2,4,4,2,2,2,0,2
S01008391,172,55,117,158,48,110,122,38,84,36,10,26,0,0,0,14,7,7,8,5,3,6,2,4
S01008392,266,104,162,252,96,156,218,88,130,32,6,26,2,2,0,14,8,6,11,7,4,3,1,2
S01008393,202,76,126,190,72,118,160,60,100,30,12,18,0,0,0,12,4,8,9,3,6,3,1,2
S01008394,269,69,200,256,62,194,200,50,150,52,12,40,4,0,4,13,7,6,10,6,4,3,1,2
S01008395,140,52,88,126,44,82,104,38,66,22,6,16,0,0,0,14,8,6,13,8,5,1,0,1
S01008396,94,31,63,90,30,60,66,20,46,22,10,12,2,0,2,4,1,3,3,1,2,1,0,1
S01008397,216,81,135,196,68,128,158,58,100,36,10,26,2,0,2,20,13,7,17,12,5,3,1,2
S01008398,139,61,78,126,56,70,106,48,58,18,8,10,2,0,2,13,5,8,8,5,3,5,0,5
S01008399,85,25,60,84,24,60,60,20,40,20,2,18,4,2,2,1,1,0,1,1,0,0,0,0
S01008400,166,51,115,148,42,106,110,34,76,34,6,28,4,2,2,18,9,9,10,6,4,8,3,5
S01008401,196,81,115,180,72,108,136,56,80,38,12,26,6,4,2,16,9,7,10,6,4,6,3,3
S01008402,223,81,142,216,78,138,156,52,104,56,22,34,4,4,0,7,3,4,5,2,3,2,1,1
S01008403,160,49,111,154,44,110,128,32,96,26,12,14,0,0,0,6,5,1,4,3,1,2,2,0
S01008404,220,87,133,210,78,132,166,64,102,40,10,30,4,4,0,10,9,1,6,5,1,4,4,0
S01008405,192,72,120,180,66,114,140,54,86,36,10,26,4,2,2,12,6,6,10,5,5,2,1,1
S01008406,183,57,126,168,50,118,124,38,86,40,10,30,4,2,2,15,7,8,10,6,4,5,1,4
S01008407,80,46,34,66,38,28,52,36,16,14,2,12,0,0,0,14,8,6,8,5,3,6,3,3
S01008408,183,67,116,160,54,106,134,44,90,24,8,16,2,2,0,23,13,10,16,9,7,7,4,3
S01008409,160,86,74,120,60,60,88,48,40,26,8,18,6,4,2,40,26,14,23,18,5,17,8,9
S01008410,97,25,72,84,18,66,50,12,38,26,2,24,8,4,4,13,7,6,6,3,3,7,4,3
S01008411,127,49,78,114,42,72,102,36,66,8,4,4,4,2,2,13,7,6,12,6,6,1,1,0
S01008412,172,67,105,146,50,96,112,38,74,28,10,18,6,2,4,26,17,9,20,15,5,6,2,4
S01008413,108,33,75,94,26,68,68,18,50,26,8,18,0,0,0,14,7,7,10,5,5,4,2,2
S01008414,110,41,69,102,38,64,78,32,46,24,6,18,0,0,0,8,3,5,5,3,2,3,0,3
S01008415,185,80,105,156,62,94,112,48,64,36,14,22,8,0,8,29,18,11,23,13,10,6,5,1
S01008416,196,103,93,152,76,76,110,60,50,26,8,18,16,8,8,44,27,17,23,12,11,21,15,6
S01008417,168,69,99,154,58,96,116,38,78,36,20,16,2,0,2,14,11,3,11,8,3,3,3,0
S01008418,135,58,77,130,56,74,106,48,58,18,4,14,6,4,2,5,2,3,5,2,3,0,0,0
S01008419,140,29,111,134,26,108,106,16,90,28,10,18,0,0,0,6,3,3,6,3,3,0,0,0
S01008420,102,38,64,94,34,60,72,28,44,18,4,14,4,2,2,8,4,4,6,3,3,2,1,1
S01008421,207,101,106,172,82,90,130,66,64,36,14,22,6,2,4,35,19,16,25,14,11,10,5,5
S01008422,138,30,108,132,26,106,100,20,80,32,6,26,0,0,0,6,4,2,5,3,2,1,1,0
S01008423,293,102,191,286,98,188,218,84,134,62,10,52,6,4,2,7,4,3,5,3,2,2,1,1
S01008424,174,57,117,166,52,114,130,44,86,32,6,26,4,2,2,8,5,3,6,3,3,2,2,0
S01008425,182,60,122,172,50,122,146,44,102,24,4,20,2,2,0,10,10,0,7,7,0,3,3,0
S01008426,113,52,61,90,36,54,64,26,38,26,10,16,0,0,0,23,16,7,16,13,3,7,3,4
S01008427,276,140,136,258,128,130,198,94,104,54,30,24,6,4,2,18,12,6,16,11,5,2,1,1
S01008428,126,50,76,102,38,64,82,28,54,12,6,6,8,4,4,24,12,12,16,10,6,8,2,6
S01008429,175,65,110,164,58,106,138,48,90,24,8,16,2,2,0,11,7,4,6,5,1,5,2,3
S01008430,141,54,87,128,44,84,96,34,62,32,10,22,0,0,0,13,10,3,12,9,3,1,1,0
S01008431,188,86,102,174,80,94,152,68,84,22,12,10,0,0,0,14,6,8,10,3,7,4,3,1
S01008432,142,57,85,126,48,78,100,40,60,24,8,16,2,0,2,16,9,7,13,7,6,3,2,1
S01008433,158,72,86,150,66,84,132,62,70,16,2,14,2,2,0,8,6,2,8,6,2,0,0,0
S01008434,172,69,103,152,56,96,124,40,84,24,12,12,4,4,0,20,13,7,16,10,6,4,3,1
S01008435,150,59,91,142,56,86,106,44,62,32,12,20,4,0,4,8,3,5,7,3,4,1,0,1
S01008436,195,76,119,178,64,114,146,54,92,30,10,20,2,0,2,17,12,5,12,8,4,5,4,1
S01008437,125,51,74,108,40,68,82,30,52,22,8,14,4,2,2,17,11,6,15,11,4,2,0,2
S01008438,107,39,68,102,36,66,74,26,48,28,10,18,0,0,0,5,3,2,4,2,2,1,1,0
S01008439,319,110,209,298,98,200,232,72,160,66,26,40,0,0,0,21,12,9,15,11,4,6,1,5
S01008440,234,79,155,222,74,148,162,60,102,56,12,44,4,2,2,12,5,7,12,5,7,0,0,0
S01008441,111,39,72,104,34,70,88,30,58,16,4,12,0,0,0,7,5,2,7,5,2,0,0,0
S01008442,164,71,93,150,62,88,118,46,72,28,12,16,4,4,0,14,9,5,9,7,2,5,2,3
S01008443,126,48,78,118,44,74,98,36,62,18,6,12,2,2,0,8,4,4,5,4,1,3,0,3
S01008444,162,81,81,150,74,76,98,46,52,50,26,24,2,2,0,12,7,5,7,5,2,5,2,3
S01008445,240,64,176,232,60,172,124,48,76,94,8,86,14,4,10,8,4,4,4,3,1,4,1,3
S01008446,199,63,136,188,58,130,150,54,96,38,4,34,0,0,0,11,5,6,10,4,6,1,1,0
S01008447,150,61,89,142,58,84,108,44,64,32,12,20,2,2,0,8,3,5,4,2,2,4,1,3
S01008448,166,76,90,158,72,86,132,56,76,24,14,10,2,2,0,8,4,4,6,3,3,2,1,1
S01008449,185,89,96,128,54,74,62,40,22,32,6,26,34,8,26,57,35,22,30,22,8,27,13,14
S01008450,141,82,59,74,40,34,44,24,20,28,14,14,2,2,0,67,42,25,34,25,9,33,17,16
S01008451,161,78,83,92,38,54,48,26,22,30,8,22,14,4,10,69,40,29,31,22,9,38,18,20
S01008452,139,47,92,86,32,54,42,20,22,24,8,16,20,4,16,53,15,38,30,12,18,23,3,20
S01008453,124,69,55,94,56,38,62,46,16,22,8,14,10,2,8,30,13,17,10,6,4,20,7,13
S01008454,221,108,113,136,62,74,62,26,36,42,22,20,32,14,18,85,46,39,38,26,12,47,20,27
S01008455,195,121,74,118,70,48,42,28,14,44,20,24,32,22,10,77,51,26,30,24,6,47,27,20
S01008456,217,128,89,146,84,62,58,38,20,66,34,32,22,12,10,71,44,27,29,21,8,42,23,19
S01008457,86,52,34,56,28,28,24,14,10,24,14,10,8,0,8,30,24,6,11,9,2,19,15,4
S01008458,204,98,106,144,66,78,104,58,46,34,6,28,6,2,4,60,32,28,24,17,7,36,15,21
S01008459,134,78,56,88,56,32,52,34,18,14,10,4,22,12,10,46,22,24,14,10,4,32,12,20
S01008460,184,77,107,94,34,60,52,22,30,26,8,18,16,4,12,90,43,47,25,16,9,65,27,38
S01008461,201,112,89,109,52,57,68,42,26,34,8,26,7,2,5,92,60,32,33,25,8,59,35,24
S01008462,63,27,36,40,18,22,18,6,12,6,2,4,16,10,6,23,9,14,6,4,2,17,5,12
S01008463,128,82,46,88,58,30,48,30,18,24,16,8,16,12,4,40,24,16,13,10,3,27,14,13
S01008464,158,93,65,102,56,46,70,30,40,30,24,6,2,2,0,56,37,19,20,18,2,36,19,17
S01008465,130,68,62,88,44,44,70,38,32,16,6,10,2,0,2,42,24,18,23,16,7,19,8,11
S01008466,155,84,71,106,56,50,64,36,28,36,16,20,6,4,2,49,28,21,30,18,12,19,10,9
S01008467,165,89,76,132,66,66,100,52,48,22,6,16,10,8,2,33,23,10,14,12,2,19,11,8
S01008468,141,54,87,104,32,72,66,26,40,24,2,22,14,4,10,37,22,15,12,8,4,25,14,11
S01008469,109,60,49,92,50,42,52,32,20,28,12,16,12,6,6,17,10,7,11,6,5,6,4,2
S01008470,143,73,70,108,48,60,44,16,28,40,22,18,24,10,14,35,25,10,12,7,5,23,18,5
S01008471,186,64,122,106,30,76,58,18,40,34,6,28,14,6,8,80,34,46,29,14,15,51,20,31
S01008472,147,61,86,112,44,68,68,32,36,18,4,14,26,8,18,35,17,18,11,6,5,24,11,13
S01008473,147,72,75,104,48,56,72,32,40,22,14,8,10,2,8,43,24,19,23,15,8,20,9,11
S01008474,124,72,52,82,48,34,44,30,14,24,12,12,14,6,8,42,24,18,11,6,5,31,18,13
S01008475,102,57,45,58,24,34,38,20,18,18,2,16,2,2,0,44,33,11,24,18,6,20,15,5
S01008476,104,66,38,76,44,32,50,36,14,18,2,16,8,6,2,28,22,6,16,11,5,12,11,1
S01008477,101,63,38,66,36,30,26,16,10,24,6,18,16,14,2,35,27,8,16,11,5,19,16,3
S01008478,129,59,70,96,40,56,52,30,22,32,8,24,12,2,10,33,19,14,19,13,6,14,6,8
S01008479,125,85,40,80,52,28,54,38,16,18,12,6,8,2,6,45,33,12,15,13,2,30,20,10
S01008480,106,63,43,64,36,28,40,24,16,20,10,10,4,2,2,42,27,15,18,14,4,24,13,11
S01008481,205,87,118,152,66,86,102,54,48,38,6,32,12,6,6,53,21,32,16,11,5,37,10,27
S01008482,106,51,55,76,28,48,52,16,36,16,6,10,8,6,2,30,23,7,16,12,4,14,11,3
S01008483,82,49,33,62,34,28,54,32,22,6,2,4,2,0,2,20,15,5,10,5,5,10,10,0
S01008484,141,66,75,122,54,68,94,42,52,24,12,12,4,0,4,19,12,7,14,9,5,5,3,2
S01008485,241,101,140,216,92,124,130,72,58,74,16,58,12,4,8,25,9,16,18,7,11,7,2,5
S01008486,111,66,45,86,48,38,70,40,30,10,6,4,6,2,4,25,18,7,11,7,4,14,11,3
S01008487,109,78,31,90,64,26,64,42,22,20,18,2,6,4,2,19,14,5,17,12,5,2,2,0
S01008488,105,58,47,84,42,42,52,28,24,28,12,16,4,2,2,21,16,5,14,12,2,7,4,3
S01008489,102,68,34,80,54,26,56,40,16,22,12,10,2,2,0,22,14,8,14,7,7,8,7,1
S01008490,116,71,45,92,54,38,62,42,20,26,10,16,4,2,2,24,17,7,17,12,5,7,5,2
S01008491,123,80,43,106,72,34,70,46,24,28,20,8,8,6,2,17,8,9,10,7,3,7,1,6
S01008492,127,68,59,82,46,36,50,34,16,22,10,12,10,2,8,45,22,23,24,17,7,21,5,16
S01008493,113,60,53,82,44,38,56,32,24,22,10,12,4,2,2,31,16,15,15,11,4,16,5,11
S01008494,81,43,38,52,28,24,30,20,10,16,8,8,6,0,6,29,15,14,12,11,1,17,4,13
S01008495,66,58,8,56,48,8,30,26,4,22,18,4,4,4,0,10,10,0,3,3,0,7,7,0
S01008496,46,40,6,36,30,6,10,8,2,26,22,4,0,0,0,10,10,0,4,4,0,6,6,0
S01008497,50,41,9,46,38,8,32,26,6,14,12,2,0,0,0,4,3,1,4,3,1,0,0,0
S01008498,56,38,18,46,32,14,26,16,10,18,14,4,2,2,0,10,6,4,9,5,4,1,1,0
S01008499,82,62,20,64,46,18,30,26,4,18,12,6,16,8,8,18,16,2,11,9,2,7,7,0
S01008500,42,20,22,24,12,12,12,10,2,12,2,10,0,0,0,18,8,10,11,5,6,7,3,4
S01008501,60,32,28,56,30,26,16,14,2,36,16,20,4,0,4,4,2,2,3,2,1,1,0,1
S01008502,43,36,7,32,28,4,22,18,4,10,10,0,0,0,0,11,8,3,9,7,2,2,1,1
S01008503,112,68,44,100,58,42,84,46,38,14,10,4,2,2,0,12,10,2,12,10,2,0,0,0
S01008504,213,111,102,196,98,98,168,86,82,22,10,12,6,2,4,17,13,4,11,8,3,6,5,1
S01008505,142,62,80,128,50,78,102,42,60,24,6,18,2,2,0,14,12,2,10,8,2,4,4,0
S01008506,118,51,67,104,42,62,78,34,44,26,8,18,0,0,0,14,9,5,10,8,2,4,1,3
S01008507,118,55,63,102,46,56,90,38,52,10,8,2,2,0,2,16,9,7,11,7,4,5,2,3
S01008508,195,72,123,186,66,120,154,56,98,28,10,18,4,0,4,9,6,3,8,6,2,1,0,1
S01008509,173,82,91,154,72,82,130,68,62,22,2,20,2,2,0,19,10,9,15,9,6,4,1,3
S01008510,189,74,115,172,66,106,140,58,82,32,8,24,0,0,0,17,8,9,13,7,6,4,1,3
S01008511,220,97,123,206,88,118,152,70,82,52,18,34,2,0,2,14,9,5,10,6,4,4,3,1
S01008512,128,53,75,122,50,72,102,42,60,16,6,10,4,2,2,6,3,3,6,3,3,0,0,0
S01008513,171,52,119,166,50,116,126,44,82,40,6,34,0,0,0,5,2,3,4,1,3,1,1,0
S01008514,219,111,108,202,102,100,160,86,74,40,16,24,2,0,2,17,9,8,13,8,5,4,1,3
S01008515,213,70,143,200,62,138,158,54,104,42,8,34,0,0,0,13,8,5,9,6,3,4,2,2
S01008516,92,48,44,76,36,40,48,24,24,26,12,14,2,0,2,16,12,4,12,10,2,4,2,2
S01008517,92,54,38,80,44,36,58,34,24,20,10,10,2,0,2,12,10,2,10,9,1,2,1,1
S01008518,210,92,118,194,78,116,150,62,88,44,16,28,0,0,0,16,14,2,10,9,1,6,5,1
S01008519,221,73,148,206,62,144,160,50,110,46,12,34,0,0,0,15,11,4,12,8,4,3,3,0
S01008520,238,81,157,222,74,148,168,66,102,52,6,46,2,2,0,16,7,9,11,5,6,5,2,3
S01008521,231,65,166,222,60,162,174,50,124,46,10,36,2,0,2,9,5,4,8,5,3,1,0,1
S01008522,126,59,67,116,54,62,88,46,42,26,6,20,2,2,0,10,5,5,7,5,2,3,0,3
S01008523,248,108,140,226,98,128,166,72,94,54,20,34,6,6,0,22,10,12,18,9,9,4,1,3
S01008524,158,101,57,100,62,38,60,40,20,22,18,4,18,4,14,58,39,19,27,18,9,31,21,10
S01008525,142,43,99,102,34,68,60,28,32,30,4,26,12,2,10,40,9,31,22,7,15,18,2,16
S01008526,149,95,54,120,74,46,88,58,30,26,14,12,6,2,4,29,21,8,15,11,4,14,10,4
S01008527,149,88,61,100,62,38,68,40,28,30,22,8,2,0,2,49,26,23,30,21,9,19,5,14
S01008528,172,76,96,122,52,70,82,42,40,30,4,26,10,6,4,50,24,26,30,16,14,20,8,12
S01008529,116,65,51,86,48,38,68,38,30,16,8,8,2,2,0,30,17,13,13,8,5,17,9,8
S01008530,145,76,69,90,42,48,54,28,26,28,10,18,8,4,4,55,34,21,30,20,10,25,14,11
S01008531,129,75,54,80,40,40,52,28,24,18,6,12,10,6,4,49,35,14,29,22,7,20,13,7
S01008532,82,47,35,60,32,28,46,22,24,8,6,2,6,4,2,22,15,7,15,13,2,7,2,5
S01008533,187,69,118,180,68,112,78,42,36,100,26,74,2,0,2,7,1,6,5,1,4,2,0,2
S01008534,185,91,94,176,84,92,118,56,62,52,26,26,6,2,4,9,7,2,7,6,1,2,1,1
S01008535,164,78,86,156,74,82,132,64,68,24,10,14,0,0,0,8,4,4,6,4,2,2,0,2
S01008536,112,52,60,104,46,58,90,44,46,14,2,12,0,0,0,8,6,2,5,4,1,3,2,1
S01008537,138,66,72,130,62,68,102,52,50,22,4,18,6,6,0,8,4,4,7,4,3,1,0,1
S01008538,103,40,63,100,38,62,84,32,52,16,6,10,0,0,0,3,2,1,3,2,1,0,0,0
S01008539,209,114,95,202,108,94,166,86,80,32,18,14,4,4,0,7,6,1,5,4,1,2,2,0
S01008540,169,51,118,160,44,116,114,32,82,42,8,34,4,4,0,9,7,2,6,4,2,3,3,0
S01008541,250,91,159,228,80,148,198,70,128,30,10,20,0,0,0,22,11,11,19,9,10,3,2,1
S01008542,254,76,178,240,72,168,198,62,136,42,10,32,0,0,0,14,4,10,12,4,8,2,0,2
S01008543,217,79,138,208,74,134,160,62,98,48,12,36,0,0,0,9,5,4,7,4,3,2,1,1
S01008544,221,62,159,206,52,154,174,48,126,30,2,28,2,2,0,15,10,5,14,9,5,1,1,0
S01008545,248,79,169,238,74,164,180,60,120,54,12,42,4,2,2,10,5,5,8,4,4,2,1,1
S01008546,152,66,86,146,64,82,132,58,74,10,6,4,4,0,4,6,2,4,5,1,4,1,1,0
S01008547,228,98,130,200,86,114,140,66,74,54,16,38,6,4,2,28,12,16,17,9,8,11,3,8
S01008548,216,121,95,182,102,80,134,68,66,40,28,12,8,6,2,34,19,15,15,12,3,19,7,12
S01008549,184,99,85,154,78,76,112,58,54,38,20,18,4,0,4,30,21,9,20,17,3,10,4,6
S01008550,185,107,78,166,96,70,120,76,44,42,18,24,4,2,2,19,11,8,10,7,3,9,4,5
S01008551,150,83,67,134,74,60,118,68,50,12,4,8,4,2,2,16,9,7,11,8,3,5,1,4
S01008552,151,59,92,132,50,82,98,38,60,24,10,14,10,2,8,19,9,10,15,7,8,4,2,2
S01008553,80,47,33,66,40,26,48,32,16,14,4,10,4,4,0,14,7,7,6,2,4,8,5,3
S01008554,244,91,153,158,58,100,66,24,42,50,20,30,42,14,28,86,33,53,31,16,15,55,17,38
S01008555,229,127,102,130,70,60,78,44,34,34,16,18,18,10,8,99,57,42,42,28,14,57,29,28
S01008556,160,78,82,96,48,48,52,30,22,32,14,18,12,4,8,64,30,34,15,8,7,49,22,27
S01008557,177,69,108,108,44,64,70,36,34,26,6,20,12,2,10,69,25,44,28,16,12,41,9,32
S01008558,152,61,91,90,32,58,52,16,36,32,14,18,6,2,4,62,29,33,29,19,10,33,10,23
S01008559,131,58,73,92,38,54,62,30,32,22,4,18,8,4,4,39,20,19,19,14,5,20,6,14
S01008560,143,78,65,108,58,50,78,42,36,24,12,12,6,4,2,35,20,15,18,12,6,17,8,9
S01008561,149,67,82,118,54,64,82,44,38,22,6,16,14,4,10,31,13,18,14,6,8,17,7,10
S01008562,129,48,81,82,34,48,52,22,30,20,8,12,10,4,6,47,14,33,18,7,11,29,7,22
S01008563,175,97,78,118,68,50,88,58,30,28,8,20,2,2,0,57,29,28,17,10,7,40,19,21
S01008564,87,64,23,66,50,16,54,42,12,10,8,2,2,0,2,21,14,7,13,8,5,8,6,2
S01008565,201,95,106,140,62,78,96,42,54,28,16,12,16,4,12,61,33,28,28,17,11,33,16,17
S01008566,215,93,122,152,66,86,88,50,38,42,8,34,22,8,14,63,27,36,32,22,10,31,5,26
S01008567,178,81,97,148,64,84,90,40,50,40,22,18,18,2,16,30,17,13,14,8,6,16,9,7
S01008568,195,99,96,164,84,80,110,56,54,38,20,18,16,8,8,31,15,16,19,10,9,12,5,7
S01008569,109,60,49,54,24,30,20,8,12,24,10,14,10,6,4,55,36,19,24,14,10,31,22,9
S01008570,224,115,109,138,66,72,82,52,30,28,6,22,28,8,20,86,49,37,39,23,16,47,26,21
S01008571,110,43,67,78,26,52,52,22,30,22,2,20,4,2,2,32,17,15,22,15,7,10,2,8
S01008572,159,75,84,132,62,70,94,50,44,24,8,16,14,4,10,27,13,14,10,8,2,17,5,12
S01008573,215,89,126,190,78,112,146,62,84,30,6,24,14,10,4,25,11,14,14,9,5,11,2,9
S01008574,170,88,82,152,78,74,122,66,56,26,10,16,4,2,2,18,10,8,12,8,4,6,2,4
S01008575,192,88,104,170,80,90,126,64,62,42,16,26,2,0,2,22,8,14,13,6,7,9,2,7
S01008576,117,53,64,102,42,60,76,34,42,26,8,18,0,0,0,15,11,4,11,9,2,4,2,2
S01008577,150,67,83,142,64,78,108,54,54,24,6,18,10,4,6,8,3,5,7,3,4,1,0,1
S01008578,176,64,112,170,60,110,130,48,82,34,8,26,6,4,2,6,4,2,4,2,2,2,2,0
S01008579,106,56,50,94,50,44,84,48,36,10,2,8,0,0,0,12,6,6,6,4,2,6,2,4
S01008580,102,60,42,90,52,38,68,38,30,20,12,8,2,2,0,12,8,4,8,4,4,4,4,0
S01008581,137,68,69,98,42,56,56,24,32,28,10,18,14,8,6,39,26,13,23,18,5,16,8,8
S01008582,191,97,94,138,66,72,94,40,54,30,16,14,14,10,4,53,31,22,24,16,8,29,15,14
S01008583,136,71,65,112,52,60,58,34,24,32,10,22,22,8,14,24,19,5,15,11,4,9,8,1
S01008584,168,82,86,128,60,68,76,40,36,32,18,14,20,2,18,40,22,18,13,9,4,27,13,14
S01008585,110,43,67,82,32,50,60,22,38,18,8,10,4,2,2,28,11,17,13,7,6,15,4,11
S01008586,148,73,75,112,56,56,68,36,32,32,12,20,12,8,4,36,17,19,15,8,7,21,9,12
S01008587,148,70,78,138,64,74,102,44,58,26,14,12,10,6,4,10,6,4,5,5,0,5,1,4
S01008588,172,53,119,158,48,110,120,38,82,34,8,26,4,2,2,14,5,9,11,5,6,3,0,3
S01008589,81,25,56,76,22,54,66,22,44,8,0,8,2,0,2,5,3,2,4,3,1,1,0,1
S01008590,130,48,82,112,38,74,88,28,60,20,6,14,4,4,0,18,10,8,10,5,5,8,5,3
S01008591,169,64,105,158,56,102,118,38,80,36,16,20,4,2,2,11,8,3,8,5,3,3,3,0
S01008592,166,71,95,134,52,82,92,36,56,36,12,24,6,4,2,32,19,13,18,11,7,14,8,6
S01008593,173,47,126,166,44,122,114,28,86,48,12,36,4,4,0,7,3,4,7,3,4,0,0,0
S01008594,192,77,115,178,72,106,132,58,74,38,12,26,8,2,6,14,5,9,12,4,8,2,1,1
S01008595,103,70,33,82,54,28,54,36,18,26,16,10,2,2,0,21,16,5,10,7,3,11,9,2
S01008596,104,48,56,68,28,40,44,22,22,22,6,16,2,0,2,36,20,16,13,8,5,23,12,11
S01008597,184,93,91,174,90,84,140,70,70,24,18,6,10,2,8,10,3,7,5,3,2,5,0,5
S01008598,101,52,49,84,42,42,58,38,20,12,2,10,14,2,12,17,10,7,13,8,5,4,2,2
S01008599,150,72,78,142,70,72,104,48,56,28,18,10,10,4,6,8,2,6,7,1,6,1,1,0
S01008600,198,73,125,184,60,124,92,38,54,48,12,36,44,10,34,14,13,1,7,6,1,7,7,0
S01008601,61,22,39,56,20,36,40,16,24,12,2,10,4,2,2,5,2,3,3,2,1,2,0,2
S01008602,48,22,26,38,16,22,18,6,12,14,6,8,6,4,2,10,6,4,7,3,4,3,3,0
S01008603,74,47,27,64,38,26,40,22,18,20,12,8,4,4,0,10,9,1,6,5,1,4,4,0
S01008604,110,49,61,100,42,58,56,26,30,42,16,26,2,0,2,10,7,3,6,3,3,4,4,0
S01008605,86,39,47,74,32,42,60,24,36,14,8,6,0,0,0,12,7,5,7,6,1,5,1,4
S01008606,180,59,121,166,52,114,130,46,84,36,6,30,0,0,0,14,7,7,12,6,6,2,1,1
S01008607,134,55,79,126,52,74,98,44,54,24,4,20,4,4,0,8,3,5,5,2,3,3,1,2
S01008608,144,54,90,136,48,88,114,46,68,22,2,20,0,0,0,8,6,2,6,6,0,2,0,2
S01008609,195,68,127,176,58,118,136,48,88,38,10,28,2,0,2,19,10,9,17,8,9,2,2,0
S01008610,130,38,92,122,34,88,88,22,66,30,12,18,4,0,4,8,4,4,7,4,3,1,0,1
S01008611,116,64,52,102,54,48,68,36,32,28,12,16,6,6,0,14,10,4,11,8,3,3,2,1
S01008612,66,36,30,56,26,30,42,22,20,10,2,8,4,2,2,10,10,0,8,8,0,2,2,0
S01008613,111,32,79,102,24,78,64,16,48,32,6,26,6,2,4,9,8,1,9,8,1,0,0,0
S01008614,43,21,22,42,20,22,34,16,18,8,4,4,0,0,0,1,1,0,1,1,0,0,0,0
S01008615,99,32,67,90,28,62,64,20,44,24,8,16,2,0,2,9,4,5,5,1,4,4,3,1
S01008616,69,30,39,66,28,38,48,20,28,18,8,10,0,0,0,3,2,1,3,2,1,0,0,0
S01008617,87,50,37,72,42,30,58,32,26,12,10,2,2,0,2,15,8,7,11,6,5,4,2,2
S01008618,65,29,36,56,22,34,38,10,28,16,10,6,2,2,0,9,7,2,6,4,2,3,3,0
S01008619,44,29,15,38,24,14,28,20,8,10,4,6,0,0,0,6,5,1,4,3,1,2,2,0
S01008620,50,18,32,44,14,30,28,8,20,10,6,4,6,0,6,6,4,2,4,2,2,2,2,0
S01008621,66,39,27,52,30,22,36,20,16,12,10,2,4,0,4,14,9,5,11,7,4,3,2,1
S01008622,58,27,31,52,22,30,34,12,22,16,10,6,2,0,2,6,5,1,4,3,1,2,2,0
S01008623,108,45,63,102,42,60,74,28,46,26,14,12,2,0,2,6,3,3,3,1,2,3,2,1
S01008624,120,44,76,114,38,76,74,26,48,34,8,26,6,4,2,6,6,0,6,6,0,0,0,0
S01008625,135,51,84,128,46,82,92,34,58,34,10,24,2,2,0,7,5,2,5,4,1,2,1,1
S01008626,205,71,134,192,64,128,138,46,92,52,18,34,2,0,2,13,7,6,11,6,5,2,1,1
S01008627,205,80,125,196,76,120,154,58,96,40,18,22,2,0,2,9,4,5,5,3,2,4,1,3
S01008628,91,37,54,78,30,48,62,30,32,14,0,14,2,0,2,13,7,6,10,7,3,3,0,3
S01008629,98,49,49,84,38,46,56,26,30,26,12,14,2,0,2,14,11,3,10,9,1,4,2,2
S01008630,68,39,29,60,36,24,50,32,18,8,4,4,2,0,2,8,3,5,5,3,2,3,0,3
S01008631,97,66,31,74,52,22,60,42,18,12,8,4,2,2,0,23,14,9,13,8,5,10,6,4
S01008632,65,32,33,56,24,32,44,22,22,12,2,10,0,0,0,9,8,1,7,6,1,2,2,0
S01008633,167,54,113,144,44,100,116,34,82,26,10,16,2,0,2,23,10,13,14,8,6,9,2,7
S01008634,147,62,85,138,56,82,100,42,58,30,8,22,8,6,2,9,6,3,5,3,2,4,3,1
S01008635,127,54,73,118,50,68,84,36,48,32,12,20,2,2,0,9,4,5,6,4,2,3,0,3
S01008636,137,57,80,128,50,78,86,32,54,40,16,24,2,2,0,9,7,2,5,4,1,4,3,1
S01008637,109,35,74,98,30,68,66,22,44,32,8,24,0,0,0,11,5,6,3,2,1,8,3,5
S01008638,91,38,53,84,34,50,72,30,42,8,4,4,4,0,4,7,4,3,5,3,2,2,1,1
S01008639,107,42,65,92,34,58,76,30,46,14,4,10,2,0,2,15,8,7,6,4,2,9,4,5
S01008640,87,46,41,68,32,36,54,32,22,12,0,12,2,0,2,19,14,5,15,12,3,4,2,2
S01008641,62,42,20,52,34,18,44,28,16,8,6,2,0,0,0,10,8,2,8,6,2,2,2,0
S01008642,115,50,65,102,44,58,78,30,48,24,14,10,0,0,0,13,6,7,9,5,4,4,1,3
S01008643,119,57,62,108,52,56,82,40,42,26,12,14,0,0,0,11,5,6,6,3,3,5,2,3
S01008644,79,40,39,72,36,36,50,28,22,18,8,10,4,0,4,7,4,3,6,4,2,1,0,1
S01008645,122,69,53,106,58,48,74,46,28,30,12,18,2,0,2,16,11,5,13,9,4,3,2,1
S01008646,98,75,23,82,62,20,68,54,14,10,6,4,4,2,2,16,13,3,9,6,3,7,7,0
S01008647,58,32,26,56,30,26,34,18,16,18,10,8,4,2,2,2,2,0,2,2,0,0,0,0
S01008648,51,37,14,46,34,12,28,20,8,16,14,2,2,0,2,5,3,2,1,1,0,4,2,2
S01008649,46,36,10,40,32,8,24,20,4,12,8,4,4,4,0,6,4,2,5,4,1,1,0,1
S01008650,37,19,18,34,18,16,28,14,14,6,4,2,0,0,0,3,1,2,2,1,1,1,0,1
S01008651,22,12,10,18,8,10,10,6,4,4,0,4,4,2,2,4,4,0,2,2,0,2,2,0
S01008652,25,15,10,20,10,10,14,6,8,4,2,2,2,2,0,5,5,0,3,3,0,2,2,0
S01008653,49,23,26,42,18,24,12,12,0,22,6,16,8,0,8,7,5,2,5,3,2,2,2,0
S01008654,65,49,16,48,34,14,26,22,4,22,12,10,0,0,0,17,15,2,8,8,0,9,7,2
S01008655,58,41,17,52,38,14,30,24,6,20,12,8,2,2,0,6,3,3,3,1,2,3,2,1
S01008656,49,39,10,40,32,8,20,18,2,18,12,6,2,2,0,9,7,2,7,6,1,2,1,1
S01008657,87,56,31,68,42,26,44,34,10,10,6,4,14,2,12,19,14,5,6,4,2,13,10,3
S01008658,62,45,17,44,32,12,30,20,10,6,4,2,8,8,0,18,13,5,11,6,5,7,7,0
S01008659,38,24,14,22,14,8,10,4,6,12,10,2,0,0,0,16,10,6,9,6,3,7,4,3
S01008660,70,38,32,56,30,26,32,20,12,16,8,8,8,2,6,14,8,6,3,1,2,11,7,4
S01008661,40,18,22,26,12,14,18,8,10,4,2,2,4,2,2,14,6,8,6,3,3,8,3,5
S01008662,23,18,5,14,10,4,4,4,0,10,6,4,0,0,0,9,8,1,3,2,1,6,6,0
S01008663,37,28,9,24,18,6,16,12,4,4,4,0,4,2,2,13,10,3,6,5,1,7,5,2
S01008664,41,24,17,34,20,14,18,12,6,10,6,4,6,2,4,7,4,3,3,2,1,4,2,2
S01008665,90,59,31,64,38,26,38,24,14,24,14,10,2,0,2,26,21,5,12,11,1,14,10,4
S01008666,62,29,33,56,26,30,46,22,24,10,4,6,0,0,0,6,3,3,6,3,3,0,0,0
S01008667,74,41,33,56,26,30,36,18,18,12,2,10,8,6,2,18,15,3,13,12,1,5,3,2
S01008668,25,18,7,16,10,6,12,6,6,2,2,0,2,2,0,9,8,1,3,3,0,6,5,1
S01008669,24,9,15,18,8,10,8,4,4,10,4,6,0,0,0,6,1,5,1,0,1,5,1,4
S01008670,35,15,20,28,10,18,8,4,4,16,6,10,4,0,4,7,5,2,2,2,0,5,3,2
S01008671,14,10,4,8,6,2,6,4,2,2,2,0,0,0,0,6,4,2,3,2,1,3,2,1
S01008672,43,24,19,36,18,18,16,8,8,16,6,10,4,4,0,7,6,1,6,5,1,1,1,0
S01008673,80,51,29,60,36,24,24,16,8,12,4,8,24,16,8,20,15,5,8,7,1,12,8,4
S01008674,34,25,9,24,16,8,10,8,2,12,8,4,2,0,2,10,9,1,6,5,1,4,4,0
S01008675,42,24,18,32,18,14,8,6,2,10,8,2,14,4,10,10,6,4,1,1,0,9,5,4
S01008676,43,21,22,32,16,16,26,14,12,6,2,4,0,0,0,11,5,6,4,2,2,7,3,4
S01008677,36,31,5,28,24,4,20,18,2,6,6,0,2,0,2,8,7,1,7,6,1,1,1,0
S01008678,40,32,8,26,20,6,10,6,4,6,4,2,10,10,0,14,12,2,8,7,1,6,5,1
S01008679,36,25,11,18,10,8,14,8,6,4,2,2,0,0,0,18,15,3,10,7,3,8,8,0
S01008680,30,18,12,20,12,8,10,8,2,6,2,4,4,2,2,10,6,4,5,3,2,5,3,2
S01008681,35,17,18,22,10,12,10,4,6,10,4,6,2,2,0,13,7,6,6,6,0,7,1,6
S01008682,69,32,37,50,22,28,24,12,12,22,8,14,4,2,2,19,10,9,13,9,4,6,1,5
S01008683,129,67,62,66,32,34,26,16,10,30,12,18,10,4,6,63,35,28,22,17,5,41,18,23
S01008684,135,80,55,72,34,38,26,14,12,44,18,26,2,2,0,63,46,17,24,21,3,39,25,14
S01008685,65,37,28,50,26,24,30,14,16,18,10,8,2,2,0,15,11,4,12,10,2,3,1,2
S01008686,91,56,35,58,32,26,20,14,6,30,16,14,8,2,6,33,24,9,15,14,1,18,10,8
S01008687,34,25,9,22,16,6,14,12,2,8,4,4,0,0,0,12,9,3,5,4,1,7,5,2
S01008688,105,67,38,86,58,28,54,38,16,32,20,12,0,0,0,19,9,10,9,5,4,10,4,6
S01008689,73,49,24,62,38,24,50,28,22,12,10,2,0,0,0,11,11,0,3,3,0,8,8,0
S01008690,100,63,37,78,46,32,50,32,18,26,12,14,2,2,0,22,17,5,17,14,3,5,3,2
S01008691,84,63,21,72,52,20,44,34,10,22,14,8,6,4,2,12,11,1,7,7,0,5,4,1
S01008692,41,31,10,34,26,8,22,20,2,10,4,6,2,2,0,7,5,2,2,2,0,5,3,2
S01008693,92,53,39,86,50,36,72,42,30,12,8,4,2,0,2,6,3,3,2,2,0,4,1,3
S01008694,146,89,57,128,78,50,98,70,28,28,8,20,2,0,2,18,11,7,13,8,5,5,3,2
S01008695,158,100,58,134,86,48,100,60,40,30,22,8,4,4,0,24,14,10,9,8,1,15,6,9
S01008696,172,93,79,156,84,72,122,64,58,28,18,10,6,2,4,16,9,7,12,9,3,4,0,4
S01008697,203,103,100,186,94,92,154,82,72,26,8,18,6,4,2,17,9,8,13,9,4,4,0,4
S01008698,94,38,56,88,36,52,68,28,40,20,8,12,0,0,0,6,2,4,4,2,2,2,0,2
S01008699,154,80,74,102,50,52,80,42,38,18,6,12,4,2,2,52,30,22,26,19,7,26,11,15
S01008700,112,42,70,100,40,60,74,28,46,22,8,14,4,4,0,12,2,10,5,2,3,7,0,7
S01008701,79,43,36,58,34,24,22,16,6,20,10,10,16,8,8,21,9,12,10,4,6,11,5,6
S01008702,91,63,28,60,42,18,40,28,12,14,12,2,6,2,4,31,21,10,13,9,4,18,12,6
S01008703,203,99,104,138,60,78,68,30,38,50,14,36,20,16,4,65,39,26,20,14,6,45,25,20
S01008704,146,71,75,102,56,46,52,38,14,32,8,24,18,10,8,44,15,29,15,8,7,29,7,22
S01008705,110,67,43,76,48,28,38,28,10,26,16,10,12,4,8,34,19,15,12,9,3,22,10,12
S01008706,145,65,80,92,40,52,54,22,32,36,18,18,2,0,2,53,25,28,18,10,8,35,15,20
S01008707,200,81,119,108,34,74,50,18,32,46,12,34,12,4,8,92,47,45,24,15,9,68,32,36
S01008708,179,89,90,106,46,60,42,26,16,54,20,34,10,0,10,73,43,30,25,17,8,48,26,22
S01008709,190,78,112,128,50,78,62,34,28,44,14,30,22,2,20,62,28,34,24,13,11,38,15,23
S01008710,135,72,63,98,56,42,54,38,16,26,10,16,18,8,10,37,16,21,16,11,5,21,5,16
S01008711,135,67,68,82,30,52,40,20,20,26,6,20,16,4,12,53,37,16,25,16,9,28,21,7
S01008712,180,83,97,114,40,74,54,26,28,34,8,26,26,6,20,66,43,23,27,19,8,39,24,15
S01008713,165,101,64,90,58,32,46,34,12,22,10,12,22,14,8,75,43,32,33,22,11,42,21,21
S01008714,91,56,35,54,28,26,38,24,14,12,4,8,4,0,4,37,28,9,11,9,2,26,19,7
S01008715,126,59,67,86,34,52,60,30,30,24,4,20,2,0,2,40,25,15,22,14,8,18,11,7
S01008716,92,55,37,72,40,32,54,30,24,14,10,4,4,0,4,20,15,5,4,3,1,16,12,4
S01008717,114,57,57,90,44,46,50,26,24,34,12,22,6,6,0,24,13,11,12,9,3,12,4,8
S01008718,99,60,39,80,46,34,60,36,24,18,10,8,2,0,2,19,14,5,13,11,2,6,3,3
S01008719,223,101,122,164,68,96,96,44,52,56,20,36,12,4,8,59,33,26,25,16,9,34,17,17
S01008720,68,34,34,46,20,26,34,14,20,8,4,4,4,2,2,22,14,8,12,8,4,10,6,4
S01008721,212,95,117,190,80,110,168,70,98,16,10,6,6,0,6,22,15,7,18,14,4,4,1,3
S01008722,192,77,115,184,74,110,142,56,86,34,14,20,8,4,4,8,3,5,6,2,4,2,1,1
S01008723,133,64,69,120,60,60,104,48,56,16,12,4,0,0,0,13,4,9,8,4,4,5,0,5
S01008724,211,75,136,190,66,124,148,52,96,40,14,26,2,0,2,21,9,12,15,8,7,6,1,5
S01008725,162,73,89,144,60,84,118,46,72,24,12,12,2,2,0,18,13,5,14,10,4,4,3,1
S01008726,151,68,83,144,62,82,122,50,72,22,12,10,0,0,0,7,6,1,5,4,1,2,2,0
S01008727,214,78,136,188,64,124,138,42,96,38,18,20,12,4,8,26,14,12,16,10,6,10,4,6
S01008728,131,43,88,94,30,64,64,26,38,26,4,22,4,0,4,37,13,24,14,5,9,23,8,15
S01008729,208,82,126,182,68,114,134,50,84,46,16,30,2,2,0,26,14,12,20,10,10,6,4,2
S01008730,167,80,87,132,56,76,78,40,38,50,16,34,4,0,4,35,24,11,19,13,6,16,11,5
S01008731,61,44,17,46,34,12,38,30,8,8,4,4,0,0,0,15,10,5,8,6,2,7,4,3
S01008732,102,51,51,72,34,38,48,30,18,14,0,14,10,4,6,30,17,13,11,6,5,19,11,8
S01008733,91,54,37,68,38,30,52,34,18,14,4,10,2,0,2,23,16,7,6,3,3,17,13,4
S01008734,116,52,64,102,44,58,62,26,36,34,16,18,6,2,4,14,8,6,8,5,3,6,3,3
S01008735,224,75,149,212,70,142,152,54,98,52,14,38,8,2,6,12,5,7,6,3,3,6,2,4
S01008736,162,58,104,152,50,102,114,38,76,32,12,20,6,0,6,10,8,2,5,5,0,5,3,2
S01008737,155,70,85,142,66,76,106,54,52,32,10,22,4,2,2,13,4,9,10,4,6,3,0,3
S01008738,167,69,98,160,64,96,112,46,66,40,18,22,8,0,8,7,5,2,6,5,1,1,0,1
S01008739,122,63,59,100,48,52,82,36,46,14,10,4,4,2,2,22,15,7,14,8,6,8,7,1
S01008740,113,53,60,102,44,58,78,32,46,18,10,8,6,2,4,11,9,2,6,6,0,5,3,2
S01008741,194,61,133,176,50,126,150,42,108,24,8,16,2,0,2,18,11,7,12,9,3,6,2,4
S01008742,52,35,17,46,32,14,38,26,12,4,4,0,4,2,2,6,3,3,4,3,1,2,0,2
S01008743,148,79,69,98,54,44,64,34,30,24,12,12,10,8,2,50,25,25,22,10,12,28,15,13
S01008744,221,125,96,164,86,78,126,70,56,36,14,22,2,2,0,57,39,18,35,23,12,22,16,6
S01008745,74,34,40,56,26,30,42,18,24,14,8,6,0,0,0,18,8,10,8,5,3,10,3,7
S01008746,176,103,73,116,62,54,52,32,20,36,20,16,28,10,18,60,41,19,22,17,5,38,24,14
S01008747,99,43,56,86,36,50,72,26,46,14,10,4,0,0,0,13,7,6,9,6,3,4,1,3
S01008748,129,62,67,122,58,64,104,56,48,14,2,12,4,0,4,7,4,3,4,2,2,3,2,1
S01008749,178,87,91,158,80,78,124,68,56,32,12,20,2,0,2,20,7,13,15,6,9,5,1,4
S01008750,122,58,64,108,48,60,94,44,50,10,4,6,4,0,4,14,10,4,13,10,3,1,0,1
S01008751,104,36,68,78,24,54,66,20,46,8,0,8,4,4,0,26,12,14,10,7,3,16,5,11
S01008752,131,87,44,68,46,22,46,32,14,18,10,8,4,4,0,63,41,22,19,14,5,44,27,17
S01008753,79,53,26,46,24,22,28,16,12,12,4,8,6,4,2,33,29,4,16,14,2,17,15,2
S01008754,58,39,19,44,28,16,30,20,10,10,6,4,4,2,2,14,11,3,9,7,2,5,4,1
S01008755,148,98,50,90,54,36,62,42,20,20,10,10,8,2,6,58,44,14,17,16,1,41,28,13
S01008756,94,54,40,66,32,34,44,22,22,12,2,10,10,8,2,28,22,6,16,12,4,12,10,2
S01008757,94,60,34,52,32,20,28,24,4,12,2,10,12,6,6,42,28,14,13,9,4,29,19,10
S01008758,167,119,48,118,78,40,64,46,18,36,22,14,18,10,8,49,41,8,25,20,5,24,21,3
S01008759,98,52,46,58,30,28,30,16,14,20,10,10,8,4,4,40,22,18,19,11,8,21,11,10
S01008760,201,107,94,126,56,70,58,22,36,48,24,24,20,10,10,75,51,24,37,29,8,38,22,16
S01008761,173,93,80,142,72,70,100,48,52,38,22,16,4,2,2,31,21,10,20,14,6,11,7,4
S01008762,102,49,53,86,42,44,72,36,36,14,6,8,0,0,0,16,7,9,9,5,4,7,2,5
S01008763,206,116,90,190,106,84,158,92,66,26,12,14,6,2,4,16,10,6,13,10,3,3,0,3
S01008764,161,80,81,150,76,74,118,68,50,26,8,18,6,0,6,11,4,7,6,4,2,5,0,5
S01008765,181,71,110,158,58,100,118,42,76,40,16,24,0,0,0,23,13,10,18,12,6,5,1,4
S01008766,234,110,124,212,100,112,168,82,86,40,16,24,4,2,2,22,10,12,11,5,6,11,5,6
S01008767,118,67,51,98,54,44,76,44,32,16,6,10,6,4,2,20,13,7,16,12,4,4,1,3
S01008768,90,43,47,70,30,40,44,16,28,20,12,8,6,2,4,20,13,7,10,9,1,10,4,6
S01008769,64,46,18,54,38,16,42,32,10,8,4,4,4,2,2,10,8,2,6,5,1,4,3,1
S01008770,147,91,56,116,78,38,68,50,18,42,22,20,6,6,0,31,13,18,13,10,3,18,3,15
S01008771,152,95,57,110,74,36,82,60,22,26,12,14,2,2,0,42,21,21,17,11,6,25,10,15
S01008772,140,73,67,122,60,62,84,46,38,26,6,20,12,8,4,18,13,5,12,9,3,6,4,2
S01008773,148,93,55,118,68,50,78,50,28,28,12,16,12,6,6,30,25,5,21,17,4,9,8,1
S01008774,133,89,44,96,64,32,66,52,14,22,8,14,8,4,4,37,25,12,19,14,5,18,11,7
S01008775,72,30,42,60,22,38,48,18,30,12,4,8,0,0,0,12,8,4,7,4,3,5,4,1
S01008776,118,74,44,72,42,30,50,24,26,6,4,2,16,14,2,46,32,14,12,11,1,34,21,13
S01008777,82,60,22,58,40,18,28,26,2,22,8,14,8,6,2,24,20,4,7,7,0,17,13,4
S01008778,116,93,23,82,72,10,48,44,4,28,22,6,6,6,0,34,21,13,15,9,6,19,12,7
S01008779,80,51,29,74,46,28,48,32,16,26,14,12,0,0,0,6,5,1,3,3,0,3,2,1
S01008780,67,49,18,48,36,12,32,24,8,14,10,4,2,2,0,19,13,6,7,7,0,12,6,6
S01008781,118,87,31,70,50,20,44,36,8,22,12,10,4,2,2,48,37,11,23,19,4,25,18,7
S01008782,115,77,38,90,62,28,64,46,18,18,12,6,8,4,4,25,15,10,8,6,2,17,9,8
S01008783,58,45,13,36,26,10,26,20,6,8,4,4,2,2,0,22,19,3,9,9,0,13,10,3
S01008784,56,48,8,28,26,2,24,22,2,2,2,0,2,2,0,28,22,6,17,15,2,11,7,4
S01008785,133,89,44,74,54,20,44,34,10,24,14,10,6,6,0,59,35,24,18,14,4,41,21,20
S01008786,77,51,26,54,40,14,46,36,10,2,2,0,6,2,4,23,11,12,8,5,3,15,6,9
S01008787,87,53,34,40,22,18,20,12,8,18,8,10,2,2,0,47,31,16,13,10,3,34,21,13
S01008788,69,42,27,42,28,14,32,22,10,2,0,2,8,6,2,27,14,13,12,9,3,15,5,10
S01008789,80,51,29,60,38,22,38,26,12,14,6,8,8,6,2,20,13,7,10,7,3,10,6,4
S01008790,80,53,27,62,36,26,34,22,12,16,6,10,12,8,4,18,17,1,9,8,1,9,9,0
S01008791,110,66,44,80,48,32,44,28,16,36,20,16,0,0,0,30,18,12,12,8,4,18,10,8
S01008792,106,65,41,80,44,36,50,28,22,20,12,8,10,4,6,26,21,5,20,16,4,6,5,1
S01008793,47,32,15,32,22,10,20,16,4,4,0,4,8,6,2,15,10,5,9,7,2,6,3,3
S01008794,110,77,33,76,50,26,42,28,14,22,12,10,12,10,2,34,27,7,21,17,4,13,10,3
S01008795,145,94,51,116,74,42,72,52,20,36,18,18,8,4,4,29,20,9,18,12,6,11,8,3
S01008796,141,72,69,102,56,46,46,34,12,44,16,28,12,6,6,39,16,23,16,11,5,23,5,18
S01008797,72,45,27,56,36,20,30,20,10,26,16,10,0,0,0,16,9,7,7,5,2,9,4,5
S01008798,77,54,23,56,38,18,36,26,10,12,6,6,8,6,2,21,16,5,7,5,2,14,11,3
S01008799,107,69,38,66,48,18,38,36,2,26,12,14,2,0,2,41,21,20,20,12,8,21,9,12
S01008800,101,84,17,86,70,16,52,40,12,34,30,4,0,0,0,15,14,1,13,12,1,2,2,0
S01008801,95,74,21,76,60,16,40,34,6,28,22,6,8,4,4,19,14,5,14,12,2,5,2,3
S01008802,91,71,20,68,54,14,40,34,6,24,16,8,4,4,0,23,17,6,9,6,3,14,11,3
S01008803,102,70,32,72,58,14,46,40,6,24,16,8,2,2,0,30,12,18,12,6,6,18,6,12
S01008804,59,41,18,46,32,14,18,16,2,20,14,6,8,2,6,13,9,4,2,2,0,11,7,4
S01008805,54,39,15,48,34,14,20,14,6,26,18,8,2,2,0,6,5,1,4,4,0,2,1,1
S01008806,112,49,63,98,40,58,60,30,30,32,10,22,6,0,6,14,9,5,2,1,1,12,8,4
S01008807,69,48,21,58,40,18,36,22,14,20,16,4,2,2,0,11,8,3,10,7,3,1,1,0
S01008808,73,53,20,62,42,20,40,28,12,22,14,8,0,0,0,11,11,0,7,7,0,4,4,0
S01008809,73,30,43,62,24,38,36,16,20,22,6,16,4,2,2,11,6,5,7,3,4,4,3,1
S01008810,89,47,42,74,36,38,54,26,28,20,10,10,0,0,0,15,11,4,12,9,3,3,2,1
S01008811,63,35,28,58,30,28,44,26,18,12,4,8,2,0,2,5,5,0,5,5,0,0,0,0
S01008812,40,25,15,32,20,12,28,20,8,4,0,4,0,0,0,8,5,3,5,3,2,3,2,1
S01008813,146,78,68,106,54,52,60,32,28,44,22,22,2,0,2,40,24,16,15,11,4,25,13,12
S01008814,114,62,52,86,48,38,50,28,22,32,16,16,4,4,0,28,14,14,15,9,6,13,5,8
S01008815,108,69,39,78,52,26,40,30,10,34,20,14,4,2,2,30,17,13,15,10,5,15,7,8
S01008816,37,19,18,24,14,10,8,6,2,12,6,6,4,2,2,13,5,8,6,3,3,7,2,5
S01008817,135,102,33,96,74,22,68,50,18,16,12,4,12,12,0,39,28,11,18,15,3,21,13,8
S01008818,169,99,70,134,76,58,112,68,44,22,8,14,0,0,0,35,23,12,15,12,3,20,11,9
S01008819,128,64,64,112,58,54,88,42,46,24,16,8,0,0,0,16,6,10,7,4,3,9,2,7
S01008820,176,105,71,126,70,56,84,54,30,34,10,24,8,6,2,50,35,15,21,20,1,29,15,14
S01008821,176,69,107,160,66,94,134,62,72,24,4,20,2,0,2,16,3,13,8,1,7,8,2,6
S01008822,176,55,121,166,46,120,136,34,102,30,12,18,0,0,0,10,9,1,9,9,0,1,0,1
S01008823,149,68,81,142,64,78,108,50,58,34,14,20,0,0,0,7,4,3,7,4,3,0,0,0
S01008824,171,85,86,154,76,78,128,62,66,26,14,12,0,0,0,17,9,8,14,8,6,3,1,2
S01008825,146,80,66,134,74,60,112,68,44,22,6,16,0,0,0,12,6,6,12,6,6,0,0,0
S01008826,98,45,53,88,38,50,54,24,30,34,14,20,0,0,0,10,7,3,8,5,3,2,2,0
S01008827,190,62,128,180,56,124,124,42,82,54,12,42,2,2,0,10,6,4,10,6,4,0,0,0
S01008828,172,86,86,158,80,78,120,66,54,34,14,20,4,0,4,14,6,8,9,3,6,5,3,2
S01008829,176,76,100,158,68,90,112,52,60,36,14,22,10,2,8,18,8,10,9,3,6,9,5,4
S01008830,161,71,90,150,64,86,120,52,68,28,12,16,2,0,2,11,7,4,10,7,3,1,0,1
S01008831,161,71,90,156,66,90,124,60,64,26,6,20,6,0,6,5,5,0,3,3,0,2,2,0
S01008832,118,50,68,100,38,62,54,22,32,46,16,30,0,0,0,18,12,6,5,3,2,13,9,4
S01008833,155,73,82,136,62,74,98,54,44,38,8,30,0,0,0,19,11,8,16,10,6,3,1,2
S01008834,218,120,98,202,108,94,154,84,70,42,22,20,6,2,4,16,12,4,11,7,4,5,5,0
S01008835,143,81,62,120,66,54,100,54,46,16,8,8,4,4,0,23,15,8,16,12,4,7,3,4
S01008836,86,50,36,70,40,30,46,22,24,18,12,6,6,6,0,16,10,6,9,5,4,7,5,2
S01008837,111,86,25,92,70,22,76,60,16,12,8,4,4,2,2,19,16,3,9,7,2,10,9,1
S01008838,111,67,44,100,60,40,72,42,30,26,16,10,2,2,0,11,7,4,7,5,2,4,2,2
S01008839,140,64,76,130,58,72,96,42,54,30,14,16,4,2,2,10,6,4,8,5,3,2,1,1
S01008840,179,104,75,164,96,68,128,80,48,32,14,18,4,2,2,15,8,7,10,6,4,5,2,3
S01008841,82,54,28,64,44,20,48,32,16,14,10,4,2,2,0,18,10,8,9,8,1,9,2,7
S01008842,110,61,49,88,44,44,52,24,28,30,18,12,6,2,4,22,17,5,7,5,2,15,12,3
S01008843,100,67,33,92,62,30,64,46,18,28,16,12,0,0,0,8,5,3,6,4,2,2,1,1
S01008844,81,36,45,66,30,36,34,18,16,30,12,18,2,0,2,15,6,9,5,4,1,10,2,8
S01008845,74,44,30,66,38,28,46,26,20,16,12,4,4,0,4,8,6,2,6,5,1,2,1,1
S01008846,101,62,39,90,58,32,60,42,18,24,14,10,6,2,4,11,4,7,5,3,2,6,1,5
S01008847,56,29,27,50,26,24,42,24,18,8,2,6,0,0,0,6,3,3,3,2,1,3,1,2
S01008848,70,20,50,62,14,48,48,6,42,12,8,4,2,0,2,8,6,2,7,6,1,1,0,1
S01008849,71,42,29,62,38,24,36,24,12,22,12,10,4,2,2,9,4,5,4,4,0,5,0,5
S01008850,95,51,44,82,42,40,46,26,20,36,16,20,0,0,0,13,9,4,7,3,4,6,6,0
S01008851,92,49,43,80,42,38,60,30,30,14,8,6,6,4,2,12,7,5,2,2,0,10,5,5
S01008852,131,51,80,122,44,78,90,30,60,32,14,18,0,0,0,9,7,2,9,7,2,0,0,0
S01008853,84,50,34,70,40,30,50,34,16,16,6,10,4,0,4,14,10,4,10,8,2,4,2,2
S01008854,84,53,31,74,44,30,54,32,22,18,10,8,2,2,0,10,9,1,9,8,1,1,1,0
S01008855,116,81,35,100,68,32,70,50,20,30,18,12,0,0,0,16,13,3,12,11,1,4,2,2
S01008856,70,43,27,58,32,26,44,28,16,12,2,10,2,2,0,12,11,1,11,11,0,1,0,1
S01008857,102,71,31,84,58,26,62,44,18,20,12,8,2,2,0,18,13,5,16,11,5,2,2,0
S01008858,66,34,32,54,26,28,42,18,24,10,6,4,2,2,0,12,8,4,7,5,2,5,3,2
S01008859,102,64,38,94,60,34,68,40,28,20,18,2,6,2,4,8,4,4,7,3,4,1,1,0
S01008860,101,52,49,88,42,46,64,34,30,24,8,16,0,0,0,13,10,3,9,8,1,4,2,2
S01008861,152,55,97,144,52,92,88,30,58,52,22,30,4,0,4,8,3,5,5,3,2,3,0,3
S01008862,64,40,24,56,34,22,42,26,16,10,4,6,4,4,0,8,6,2,5,5,0,3,1,2
S01008863,122,72,50,110,62,48,74,46,28,32,14,18,4,2,2,12,10,2,12,10,2,0,0,0
S01008864,124,57,67,116,50,66,86,38,48,28,12,16,2,0,2,8,7,1,5,4,1,3,3,0
S01008865,123,59,64,98,46,52,56,30,26,40,14,26,2,2,0,25,13,12,16,9,7,9,4,5
S01008866,107,48,59,98,40,58,66,36,30,26,4,22,6,0,6,9,8,1,7,6,1,2,2,0
S01008867,136,66,70,124,56,68,92,46,46,32,10,22,0,0,0,12,10,2,5,4,1,7,6,1
S01008868,60,33,27,56,30,26,34,18,16,20,12,8,2,0,2,4,3,1,3,2,1,1,1,0
S01008869,85,56,29,76,48,28,58,36,22,14,10,4,4,2,2,9,8,1,5,5,0,4,3,1
S01008870,89,41,48,76,36,40,58,26,32,18,10,8,0,0,0,13,5,8,10,5,5,3,0,3
S01008871,127,67,60,116,60,56,76,42,34,32,12,20,8,6,2,11,7,4,8,5,3,3,2,1
S01008872,104,48,56,100,46,54,70,32,38,24,12,12,6,2,4,4,2,2,2,0,2,2,2,0
S01008873,136,60,76,134,58,76,92,38,54,40,20,20,2,0,2,2,2,0,1,1,0,1,1,0
S01008874,110,75,35,96,64,32,64,44,20,28,18,10,4,2,2,14,11,3,7,4,3,7,7,0
S01008875,87,55,32,74,48,26,52,36,16,22,12,10,0,0,0,13,7,6,7,5,2,6,2,4
S01008876,127,59,68,120,56,64,108,52,56,12,4,8,0,0,0,7,3,4,5,2,3,2,1,1
S01008877,140,60,80,132,56,76,100,40,60,30,16,14,2,0,2,8,4,4,6,4,2,2,0,2
S01008878,155,80,75,124,62,62,98,48,50,20,14,6,6,0,6,31,18,13,22,16,6,9,2,7
S01008879,149,95,54,122,76,46,88,60,28,30,16,14,4,0,4,27,19,8,18,13,5,9,6,3
S01008880,126,73,53,112,60,52,88,44,44,20,12,8,4,4,0,14,13,1,13,12,1,1,1,0
S01008881,81,36,45,76,34,42,52,28,24,24,6,18,0,0,0,5,2,3,4,2,2,1,0,1
S01008882,250,88,162,240,82,158,158,64,94,80,16,64,2,2,0,10,6,4,7,5,2,3,1,2
S01008883,214,80,134,204,76,128,128,46,82,76,30,46,0,0,0,10,4,6,8,3,5,2,1,1
S01008884,143,47,96,138,46,92,102,34,68,28,10,18,8,2,6,5,1,4,3,1,2,2,0,2
S01008885,257,94,163,244,86,158,186,66,120,56,18,38,2,2,0,13,8,5,9,6,3,4,2,2
S01008886,137,75,62,110,58,52,78,42,36,26,14,12,6,2,4,27,17,10,18,9,9,9,8,1
S01008887,166,68,98,148,58,90,120,42,78,22,10,12,6,6,0,18,10,8,15,10,5,3,0,3
S01008888,75,59,16,64,50,14,50,38,12,12,10,2,2,2,0,11,9,2,9,8,1,2,1,1
S01008889,95,41,54,82,34,48,62,24,38,20,10,10,0,0,0,13,7,6,4,3,1,9,4,5
S01008890,155,71,84,144,64,80,126,58,68,16,4,12,2,2,0,11,7,4,7,4,3,4,3,1
S01008891,169,69,100,156,64,92,126,56,70,28,6,22,2,2,0,13,5,8,10,5,5,3,0,3
S01008892,150,55,95,130,42,88,100,30,70,28,10,18,2,2,0,20,13,7,12,10,2,8,3,5
S01008893,240,85,155,232,80,152,186,66,120,38,10,28,8,4,4,8,5,3,5,3,2,3,2,1
S01008894,220,79,141,210,70,140,148,50,98,58,20,38,4,0,4,10,9,1,6,6,0,4,3,1
S01008895,195,81,114,188,76,112,140,60,80,46,14,32,2,2,0,7,5,2,6,5,1,1,0,1
S01008896,185,71,114,176,64,112,134,50,84,40,14,26,2,0,2,9,7,2,4,3,1,5,4,1
S01008897,151,58,93,134,46,88,108,38,70,24,6,18,2,2,0,17,12,5,10,7,3,7,5,2
S01008898,228,84,144,220,78,142,160,64,96,54,10,44,6,4,2,8,6,2,6,5,1,2,1,1
S01008899,151,64,87,84,24,60,56,16,40,18,6,12,10,2,8,67,40,27,22,16,6,45,24,21
S01008900,173,92,81,130,66,64,90,46,44,28,16,12,12,4,8,43,26,17,21,15,6,22,11,11
S01008901,179,87,92,144,68,76,90,54,36,40,14,26,14,0,14,35,19,16,12,6,6,23,13,10
S01008902,196,116,80,136,80,56,86,56,30,44,22,22,6,2,4,60,36,24,28,20,8,32,16,16
S01008903,158,80,78,118,60,58,86,44,42,28,12,16,4,4,0,40,20,20,23,13,10,17,7,10
S01008904,206,91,115,136,64,72,78,44,34,48,14,34,10,6,4,70,27,43,26,15,11,44,12,32
S01008905,214,95,119,130,58,72,56,26,30,56,20,36,18,12,6,84,37,47,21,12,9,63,25,38
S01008906,160,77,83,96,48,48,42,26,16,42,16,26,12,6,6,64,29,35,13,7,6,51,22,29
S01008907,171,59,112,96,32,64,44,16,28,34,12,22,18,4,14,75,27,48,22,13,9,53,14,39
S01008908,174,78,96,102,42,60,60,26,34,32,12,20,10,4,6,72,36,36,26,19,7,46,17,29
S01008909,189,111,78,138,80,58,100,68,32,38,12,26,0,0,0,51,31,20,25,19,6,26,12,14
S01008910,109,54,55,78,36,42,48,26,22,24,8,16,6,2,4,31,18,13,19,13,6,12,5,7
S01008911,151,90,61,116,64,52,52,32,20,54,30,24,10,2,8,35,26,9,22,17,5,13,9,4
S01008912,196,92,104,186,84,102,142,60,82,40,22,18,4,2,2,10,8,2,5,4,1,5,4,1
S01008913,188,91,97,150,70,80,124,64,60,14,4,10,12,2,10,38,21,17,18,15,3,20,6,14
S01008914,157,77,80,136,64,72,112,56,56,16,4,12,8,4,4,21,13,8,14,8,6,7,5,2
S01008915,141,70,71,124,60,64,98,50,48,20,8,12,6,2,4,17,10,7,11,8,3,6,2,4
S01008916,188,99,89,128,60,68,80,44,36,30,10,20,18,6,12,60,39,21,29,25,4,31,14,17
S01008917,129,78,51,78,46,32,36,26,10,32,14,18,10,6,4,51,32,19,25,14,11,26,18,8
S01008918,160,101,59,94,58,36,52,34,18,32,14,18,10,10,0,66,43,23,26,23,3,40,20,20
S01008919,135,76,59,80,44,36,38,24,14,36,16,20,6,4,2,55,32,23,18,12,6,37,20,17
S01008920,173,121,52,144,100,44,90,70,20,44,24,20,10,6,4,29,21,8,13,8,5,16,13,3
S01008921,173,97,76,124,70,54,60,38,22,38,20,18,26,12,14,49,27,22,13,8,5,36,19,17
S01008922,157,96,61,106,64,42,68,38,30,20,12,8,18,14,4,51,32,19,24,19,5,27,13,14
S01008923,150,92,58,102,66,36,74,52,22,26,14,12,2,0,2,48,26,22,24,16,8,24,10,14
S01008924,228,105,123,138,60,78,84,40,44,46,16,30,8,4,4,90,45,45,36,27,9,54,18,36
S01008925,161,75,86,108,52,56,64,34,30,34,14,20,10,4,6,53,23,30,18,8,10,35,15,20
S01008926,142,79,63,114,60,54,72,40,32,32,14,18,10,6,4,28,19,9,19,13,6,9,6,3
S01008927,187,143,44,140,108,32,84,70,14,46,32,14,10,6,4,47,35,12,22,20,2,25,15,10
S01008928,111,75,36,92,62,30,64,42,22,16,12,4,12,8,4,19,13,6,8,6,2,11,7,4
S01008929,124,73,51,62,32,30,22,10,12,30,16,14,10,6,4,62,41,21,15,10,5,47,31,16
S01008930,207,127,80,112,66,46,62,36,26,44,28,16,6,2,4,95,61,34,32,21,11,63,40,23
S01008931,170,85,85,108,54,54,62,36,26,30,14,16,16,4,12,62,31,31,32,22,10,30,9,21
S01008932,210,123,87,144,74,70,102,52,50,32,20,12,10,2,8,66,49,17,38,31,7,28,18,10
S01008933,189,103,86,132,68,64,76,34,42,42,26,16,14,8,6,57,35,22,19,8,11,38,27,11
S01008934,196,86,110,146,56,90,92,40,52,42,12,30,12,4,8,50,30,20,20,13,7,30,17,13
S01008935,194,92,102,168,76,92,130,62,68,34,12,22,4,2,2,26,16,10,12,6,6,14,10,4
S01008936,122,49,73,118,46,72,104,40,64,14,6,8,0,0,0,4,3,1,3,2,1,1,1,0
S01008937,160,75,85,132,56,76,98,48,50,32,8,24,2,0,2,28,19,9,22,16,6,6,3,3
S01008938,211,90,121,198,82,116,152,64,88,40,16,24,6,2,4,13,8,5,11,8,3,2,0,2
S01008939,163,70,93,138,58,80,106,42,64,28,12,16,4,4,0,25,12,13,15,8,7,10,4,6
S01008940,132,29,103,126,26,100,90,22,68,34,4,30,2,0,2,6,3,3,4,3,1,2,0,2
S01008941,236,76,160,218,66,152,150,46,104,64,18,46,4,2,2,18,10,8,13,9,4,5,1,4
S01008942,157,47,110,134,36,98,102,26,76,28,8,20,4,2,2,23,11,12,18,9,9,5,2,3
S01008943,186,46,140,176,40,136,122,34,88,52,6,46,2,0,2,10,6,4,4,3,1,6,3,3
S01008944,220,63,157,202,56,146,130,44,86,68,12,56,4,0,4,18,7,11,14,7,7,4,0,4
S01008945,186,63,123,180,58,122,142,50,92,30,4,26,8,4,4,6,5,1,6,5,1,0,0,0
S01008946,171,72,99,160,66,94,126,48,78,30,16,14,4,2,2,11,6,5,5,3,2,6,3,3
S01008947,237,90,147,220,80,140,178,68,110,40,12,28,2,0,2,17,10,7,13,7,6,4,3,1
S01008948,162,71,91,154,68,86,114,46,68,34,18,16,6,4,2,8,3,5,3,1,2,5,2,3
S01008949,213,98,115,180,78,102,140,60,80,34,16,18,6,2,4,33,20,13,22,16,6,11,4,7
S01008950,197,79,118,172,68,104,124,44,80,48,24,24,0,0,0,25,11,14,14,9,5,11,2,9
S01008951,126,71,55,86,48,38,54,32,22,24,12,12,8,4,4,40,23,17,19,15,4,21,8,13
S01008952,140,78,62,88,46,42,52,28,24,32,14,18,4,4,0,52,32,20,14,11,3,38,21,17
S01008953,166,86,80,126,60,66,90,44,46,26,12,14,10,4,6,40,26,14,24,19,5,16,7,9
S01008954,133,54,79,108,42,66,82,40,42,26,2,24,0,0,0,25,12,13,15,8,7,10,4,6
S01008955,141,74,67,116,58,58,86,46,40,22,12,10,8,0,8,25,16,9,21,14,7,4,2,2
S01008956,167,71,96,136,54,82,102,38,64,32,16,16,2,0,2,31,17,14,21,13,8,10,4,6
S01008957,194,91,103,154,78,76,116,68,48,28,6,22,10,4,6,40,13,27,21,9,12,19,4,15
S01008958,125,63,62,94,48,46,82,44,38,12,4,8,0,0,0,31,15,16,21,12,9,10,3,7
S01008959,150,52,98,130,44,86,96,32,64,28,10,18,6,2,4,20,8,12,13,6,7,7,2,5
S01008960,281,102,179,262,98,164,196,78,118,60,20,40,6,0,6,19,4,15,12,3,9,7,1,6
S01008961,140,73,67,120,60,60,86,50,36,30,8,22,4,2,2,20,13,7,15,9,6,5,4,1
S01008962,123,80,43,108,68,40,88,54,34,18,12,6,2,2,0,15,12,3,11,9,2,4,3,1
S01008963,148,74,74,136,66,70,118,58,60,16,6,10,2,2,0,12,8,4,9,7,2,3,1,2
S01008964,120,51,69,116,48,68,106,46,60,10,2,8,0,0,0,4,3,1,3,2,1,1,1,0
S01008965,141,53,88,138,52,86,112,46,66,26,6,20,0,0,0,3,1,2,3,1,2,0,0,0
S01008966,137,47,90,130,44,86,104,42,62,22,2,20,4,0,4,7,3,4,5,3,2,2,0,2
S01008967,225,76,149,214,70,144,168,54,114,44,16,28,2,0,2,11,6,5,7,4,3,4,2,2
S01008968,225,98,127,214,90,124,178,68,110,34,20,14,2,2,0,11,8,3,10,7,3,1,1,0
S01008969,233,110,123,210,94,116,162,76,86,44,16,28,4,2,2,23,16,7,14,10,4,9,6,3
S01008970,219,97,122,204,86,118,170,74,96,32,12,20,2,0,2,15,11,4,14,10,4,1,1,0
S01008971,180,85,95,172,78,94,140,66,74,32,12,20,0,0,0,8,7,1,8,7,1,0,0,0
S01008972,196,72,124,186,68,118,146,56,90,40,12,28,0,0,0,10,4,6,8,4,4,2,0,2
S01008973,112,60,52,100,50,50,76,38,38,24,12,12,0,0,0,12,10,2,9,8,1,3,2,1
S01008974,147,73,74,116,60,56,70,40,30,34,10,24,12,10,2,31,13,18,11,10,1,20,3,17
S01008975,84,43,41,62,30,32,46,26,20,12,2,10,4,2,2,22,13,9,14,10,4,8,3,5
S01008976,118,42,76,116,40,76,86,34,52,28,6,22,2,0,2,2,2,0,2,2,0,0,0,0
S01008977,118,55,63,112,52,60,90,46,44,18,6,12,4,0,4,6,3,3,4,3,1,2,0,2
S01008978,120,42,78,94,28,66,72,16,56,22,12,10,0,0,0,26,14,12,17,7,10,9,7,2
S01008979,211,122,89,152,80,72,106,56,50,42,24,18,4,0,4,59,42,17,37,26,11,22,16,6
S01008980,212,89,123,150,60,90,110,52,58,36,8,28,4,0,4,62,29,33,30,17,13,32,12,20
S01008981,124,48,76,112,40,72,92,36,56,20,4,16,0,0,0,12,8,4,9,7,2,3,1,2
S01008982,176,91,85,130,66,64,92,48,44,32,16,16,6,2,4,46,25,21,18,14,4,28,11,17
S01008983,141,94,47,102,68,34,78,58,20,18,8,10,6,2,4,39,26,13,16,11,5,23,15,8
S01008984,141,87,54,98,62,36,78,50,28,18,10,8,2,2,0,43,25,18,23,16,7,20,9,11
S01008985,120,76,44,100,62,38,84,54,30,14,8,6,2,0,2,20,14,6,10,8,2,10,6,4
S01008986,172,75,97,160,70,90,142,62,80,16,6,10,2,2,0,12,5,7,7,5,2,5,0,5
S01008987,145,54,91,142,52,90,122,40,82,18,12,6,2,0,2,3,2,1,3,2,1,0,0,0
S01008988,156,82,74,122,62,60,90,48,42,32,14,18,0,0,0,34,20,14,23,18,5,11,2,9
S01008989,133,89,44,110,74,36,84,54,30,22,16,6,4,4,0,23,15,8,16,11,5,7,4,3
S01008990,142,103,39,122,84,38,84,56,28,38,28,10,0,0,0,20,19,1,16,15,1,4,4,0
S01008991,254,129,125,234,116,118,186,96,90,46,20,26,2,0,2,20,13,7,17,12,5,3,1,2
S01008992,92,44,48,82,38,44,58,30,28,20,8,12,4,0,4,10,6,4,6,5,1,4,1,3
S01008993,221,111,110,190,98,92,152,78,74,36,18,18,2,2,0,31,13,18,20,11,9,11,2,9
S01008994,150,70,80,114,48,66,72,32,40,38,14,24,4,2,2,36,22,14,21,14,7,15,8,7
S01008995,199,95,104,182,86,96,142,74,68,38,10,28,2,2,0,17,9,8,12,6,6,5,3,2
S01008996,90,39,51,70,28,42,50,18,32,16,8,8,4,2,2,20,11,9,11,8,3,9,3,6
S01008997,250,116,134,218,96,122,166,82,84,46,10,36,6,4,2,32,20,12,21,15,6,11,5,6
S01008998,152,64,88,116,48,68,66,30,36,26,6,20,24,12,12,36,16,20,12,8,4,24,8,16
S01008999,159,62,97,128,42,86,82,28,54,32,6,26,14,8,6,31,20,11,20,12,8,11,8,3
S01009000,177,71,106,162,66,96,120,54,66,34,6,28,8,6,2,15,5,10,13,5,8,2,0,2
S01009001,256,83,173,244,76,168,188,62,126,56,14,42,0,0,0,12,7,5,11,7,4,1,0,1
S01009002,211,100,111,194,92,102,134,62,72,54,28,26,6,2,4,17,8,9,10,6,4,7,2,5
S01009003,241,92,149,220,78,142,176,66,110,42,12,30,2,0,2,21,14,7,14,10,4,7,4,3
S01009004,155,51,104,134,40,94,110,36,74,22,4,18,2,0,2,21,11,10,16,10,6,5,1,4
S01009005,153,66,87,134,56,78,102,50,52,30,6,24,2,0,2,19,10,9,13,6,7,6,4,2
S01009006,184,81,103,152,64,88,112,46,66,32,16,16,8,2,6,32,17,15,16,7,9,16,10,6
S01009007,161,74,87,124,54,70,86,38,48,32,14,18,6,2,4,37,20,17,20,11,9,17,9,8
S01009008,164,64,100,150,54,96,114,48,66,32,4,28,4,2,2,14,10,4,11,8,3,3,2,1
S01009009,85,38,47,56,24,32,32,14,18,18,8,10,6,2,4,29,14,15,14,6,8,15,8,7
S01009010,255,122,133,222,102,120,194,94,100,26,8,18,2,0,2,33,20,13,28,18,10,5,2,3
S01009011,230,116,114,214,110,104,184,96,88,30,14,16,0,0,0,16,6,10,11,4,7,5,2,3
S01009012,186,84,102,176,78,98,140,66,74,36,12,24,0,0,0,10,6,4,6,2,4,4,4,0
S01009013,206,95,111,188,80,108,148,70,78,32,10,22,8,0,8,18,15,3,13,10,3,5,5,0
S01009014,130,61,69,108,44,64,94,36,58,6,4,2,8,4,4,22,17,5,18,14,4,4,3,1
S01009015,126,56,70,100,42,58,66,32,34,28,8,20,6,2,4,26,14,12,22,14,8,4,0,4
S01009016,100,32,68,92,26,66,60,20,40,28,2,26,4,4,0,8,6,2,5,3,2,3,3,0
S01009017,117,55,62,96,42,54,74,32,42,20,8,12,2,2,0,21,13,8,11,7,4,10,6,4
S01009018,148,55,93,116,38,78,92,26,66,24,12,12,0,0,0,32,17,15,24,14,10,8,3,5
S01009019,96,44,52,80,30,50,48,24,24,30,6,24,2,0,2,16,14,2,15,14,1,1,0,1
S01009020,189,86,103,162,68,94,136,56,80,24,12,12,2,0,2,27,18,9,14,9,5,13,9,4
S01009021,117,49,68,102,40,62,80,32,48,20,6,14,2,2,0,15,9,6,12,7,5,3,2,1
S01009022,134,75,59,118,70,48,92,56,36,20,10,10,6,4,2,16,5,11,8,3,5,8,2,6
S01009023,154,68,86,146,64,82,108,48,60,36,16,20,2,0,2,8,4,4,4,1,3,4,3,1
S01009024,141,59,82,128,50,78,94,28,66,30,18,12,4,4,0,13,9,4,13,9,4,0,0,0
S01009025,171,62,109,154,52,102,112,38,74,38,14,24,4,0,4,17,10,7,9,6,3,8,4,4
S01009026,137,58,79,122,52,70,90,38,52,26,12,14,6,2,4,15,6,9,12,6,6,3,0,3
S01009027,125,63,62,108,52,56,76,42,34,24,8,16,8,2,6,17,11,6,15,9,6,2,2,0
S01009028,86,36,50,82,34,48,64,28,36,18,6,12,0,0,0,4,2,2,4,2,2,0,0,0
S01009029,100,35,65,88,28,60,56,16,40,24,8,16,8,4,4,12,7,5,6,4,2,6,3,3
S01009030,131,68,63,110,52,58,88,42,46,22,10,12,0,0,0,21,16,5,10,7,3,11,9,2
S01009031,128,63,65,110,52,58,76,36,40,30,14,16,4,2,2,18,11,7,13,6,7,5,5,0
S01009032,105,45,60,86,36,50,56,24,32,28,10,18,2,2,0,19,9,10,13,5,8,6,4,2
S01009033,156,55,101,144,46,98,112,36,76,26,8,18,6,2,4,12,9,3,10,8,2,2,1,1
S01009034,137,46,91,122,38,84,96,34,62,26,4,22,0,0,0,15,8,7,11,4,7,4,4,0
S01009035,199,92,107,180,80,100,132,60,72,46,18,28,2,2,0,19,12,7,15,12,3,4,0,4
S01009036,280,104,176,252,88,164,182,66,116,54,20,34,16,2,14,28,16,12,20,11,9,8,5,3
S01009037,224,114,110,186,88,98,144,62,82,40,26,14,2,0,2,38,26,12,25,18,7,13,8,5
S01009038,230,82,148,196,64,132,162,54,108,30,10,20,4,0,4,34,18,16,22,15,7,12,3,9
S01009039,123,70,53,70,32,38,52,24,28,16,8,8,2,0,2,53,38,15,36,28,8,17,10,7
S01009040,114,63,51,84,40,44,64,34,30,18,6,12,2,0,2,30,23,7,23,16,7,7,7,0
S01009041,130,73,57,114,62,52,86,46,40,22,12,10,6,4,2,16,11,5,13,8,5,3,3,0
S01009042,176,117,59,144,92,52,104,68,36,34,20,14,6,4,2,32,25,7,20,18,2,12,7,5
S01009043,95,51,44,80,42,38,62,32,30,14,10,4,4,0,4,15,9,6,10,7,3,5,2,3
S01009044,129,65,64,96,44,52,80,36,44,14,6,8,2,2,0,33,21,12,24,14,10,9,7,2
S01009045,114,46,68,96,32,64,66,20,46,26,8,18,4,4,0,18,14,4,13,12,1,5,2,3
S01009046,195,83,112,174,70,104,138,60,78,32,10,22,4,0,4,21,13,8,17,11,6,4,2,2
S01009047,188,99,89,170,88,82,124,64,60,36,20,16,10,4,6,18,11,7,15,8,7,3,3,0
S01009048,164,62,102,152,56,96,112,44,68,32,8,24,8,4,4,12,6,6,10,5,5,2,1,1
S01009049,126,56,70,114,50,64,94,42,52,16,6,10,4,2,2,12,6,6,9,4,5,3,2,1
S01009050,147,77,70,130,64,66,108,48,60,18,12,6,4,4,0,17,13,4,11,9,2,6,4,2
S01009051,217,98,119,184,78,106,152,66,86,22,8,14,10,4,6,33,20,13,18,11,7,15,9,6
S01009052,97,73,24,80,56,24,60,44,16,18,10,8,2,2,0,17,17,0,15,15,0,2,2,0
S01009053,112,60,52,64,28,36,38,10,28,12,6,6,14,12,2,48,32,16,20,15,5,28,17,11
S01009054,117,61,56,90,42,48,52,30,22,26,4,22,12,8,4,27,19,8,19,13,6,8,6,2
S01009055,141,72,69,122,62,60,98,46,52,20,12,8,4,4,0,19,10,9,14,5,9,5,5,0
S01009056,108,40,68,78,28,50,40,18,22,32,8,24,6,2,4,30,12,18,13,7,6,17,5,12
S01009057,107,71,36,74,50,24,48,32,16,26,18,8,0,0,0,33,21,12,16,9,7,17,12,5
S01009058,151,91,60,126,74,52,92,58,34,28,12,16,6,4,2,25,17,8,20,14,6,5,3,2
S01009059,243,111,132,214,96,118,180,80,100,28,14,14,6,2,4,29,15,14,16,7,9,13,8,5
S01009060,180,74,106,174,72,102,148,62,86,24,8,16,2,2,0,6,2,4,6,2,4,0,0,0
S01009061,197,113,84,158,88,70,128,78,50,22,6,16,8,4,4,39,25,14,29,19,10,10,6,4
S01009062,113,57,56,84,32,52,54,28,26,24,2,22,6,2,4,29,25,4,16,15,1,13,10,3
S01009063,156,86,70,142,76,66,108,66,42,32,10,22,2,0,2,14,10,4,14,10,4,0,0,0
S01009064,123,76,47,94,60,34,70,48,22,16,4,12,8,8,0,29,16,13,19,12,7,10,4,6
S01009065,149,75,74,96,46,50,66,36,30,20,6,14,10,4,6,53,29,24,25,13,12,28,16,12
S01009066,112,59,53,94,50,44,64,36,28,22,10,12,8,4,4,18,9,9,13,7,6,5,2,3
S01009067,256,104,152,246,98,148,204,86,118,38,12,26,4,0,4,10,6,4,9,6,3,1,0,1
S01009068,183,101,82,136,68,68,102,54,48,24,10,14,10,4,6,47,33,14,29,19,10,18,14,4
S01009069,140,67,73,132,62,70,112,56,56,18,6,12,2,0,2,8,5,3,7,5,2,1,0,1
S01009070,129,68,61,112,58,54,90,52,38,20,6,14,2,0,2,17,10,7,11,5,6,6,5,1
S01009071,112,60,52,94,48,46,68,36,32,24,12,12,2,0,2,18,12,6,13,9,4,5,3,2
S01009072,148,78,70,134,66,68,100,46,54,32,20,12,2,0,2,14,12,2,10,8,2,4,4,0
S01009073,118,63,55,78,44,34,52,26,26,16,12,4,10,6,4,40,19,21,26,14,12,14,5,9
S01009074,143,63,80,100,38,62,54,20,34,38,18,20,8,0,8,43,25,18,22,12,10,21,13,8
S01009075,97,50,47,80,40,40,52,26,26,20,10,10,8,4,4,17,10,7,9,5,4,8,5,3
S01009076,203,114,89,188,100,88,146,72,74,38,28,10,4,0,4,15,14,1,14,13,1,1,1,0
S01009077,131,63,68,114,52,62,82,42,40,26,6,20,6,4,2,17,11,6,9,7,2,8,4,4
S01009078,269,98,171,254,90,164,200,78,122,48,12,36,6,0,6,15,8,7,14,7,7,1,1,0
S01009079,137,68,69,102,46,56,66,32,34,30,10,20,6,4,2,35,22,13,20,15,5,15,7,8
S01009080,164,84,80,108,50,58,72,38,34,26,10,16,10,2,8,56,34,22,31,19,12,25,15,10
S01009081,119,67,52,108,60,48,94,60,34,12,0,12,2,0,2,11,7,4,9,6,3,2,1,1
S01009082,204,101,103,162,70,92,104,48,56,44,18,26,14,4,10,42,31,11,22,19,3,20,12,8
S01009083,156,68,88,118,46,72,84,32,52,24,8,16,10,6,4,38,22,16,21,11,10,17,11,6
S01009084,148,59,89,136,52,84,102,48,54,30,4,26,4,0,4,12,7,5,10,7,3,2,0,2
S01009085,301,121,180,290,114,176,258,106,152,28,8,20,4,0,4,11,7,4,8,6,2,3,1,2
S01009086,171,88,83,138,62,76,116,58,58,20,2,18,2,2,0,33,26,7,21,16,5,12,10,2
S01009087,116,64,52,88,46,42,64,34,30,16,8,8,8,4,4,28,18,10,13,9,4,15,9,6
S01009088,217,92,125,206,86,120,158,72,86,40,14,26,8,0,8,11,6,5,5,3,2,6,3,3
S01009089,354,140,214,342,134,208,284,108,176,52,22,30,6,4,2,12,6,6,12,6,6,0,0,0
S01009090,205,91,114,190,84,106,166,74,92,24,10,14,0,0,0,15,7,8,12,4,8,3,3,0
S01009091,262,75,187,250,66,184,204,48,156,44,16,28,2,2,0,12,9,3,10,7,3,2,2,0
S01009092,218,126,92,182,104,78,132,70,62,42,26,16,8,8,0,36,22,14,26,19,7,10,3,7
S01009093,190,100,90,136,60,76,84,38,46,46,20,26,6,2,4,54,40,14,34,27,7,20,13,7
S01009094,128,52,76,118,46,72,94,40,54,20,6,14,4,0,4,10,6,4,9,5,4,1,1,0
S01009095,154,76,78,140,70,70,108,48,60,28,18,10,4,4,0,14,6,8,12,4,8,2,2,0
S01009096,273,128,145,246,112,134,212,98,114,26,8,18,8,6,2,27,16,11,21,11,10,6,5,1
S01009097,265,112,153,254,104,150,198,84,114,52,16,36,4,4,0,11,8,3,9,7,2,2,1,1
S01009098,114,35,79,110,34,76,82,22,60,22,10,12,6,2,4,4,1,3,3,1,2,1,0,1
S01009099,128,73,55,112,60,52,96,50,46,12,8,4,4,2,2,16,13,3,14,12,2,2,1,1
S01009100,141,87,54,92,54,38,62,38,24,24,12,12,6,4,2,49,33,16,34,26,8,15,7,8
S01009101,178,85,93,140,72,68,84,44,40,38,22,16,18,6,12,38,13,25,20,8,12,18,5,13
S01009102,212,96,116,148,64,84,80,40,40,46,20,26,22,4,18,64,32,32,30,19,11,34,13,21
S01009103,121,65,56,110,58,52,80,44,36,24,12,12,6,2,4,11,7,4,6,2,4,5,5,0
S01009104,162,85,77,130,64,66,100,50,50,26,10,16,4,4,0,32,21,11,22,15,7,10,6,4
S01009105,185,86,99,158,68,90,114,54,60,44,14,30,0,0,0,27,18,9,23,15,8,4,3,1
S01009106,117,69,48,102,60,42,76,50,26,18,8,10,8,2,6,15,9,6,12,8,4,3,1,2
S01009107,216,97,119,198,88,110,166,80,86,32,8,24,0,0,0,18,9,9,14,8,6,4,1,3
S01009108,129,56,73,118,50,68,98,44,54,20,6,14,0,0,0,11,6,5,11,6,5,0,0,0
S01009109,156,85,71,146,78,68,124,72,52,20,4,16,2,2,0,10,7,3,7,5,2,3,2,1
S01009110,126,53,73,112,48,64,86,36,50,22,10,12,4,2,2,14,5,9,9,3,6,5,2,3
S01009111,195,108,87,164,88,76,140,70,70,22,16,6,2,2,0,31,20,11,18,9,9,13,11,2
S01009112,124,66,58,120,64,56,98,52,46,20,10,10,2,2,0,4,2,2,4,2,2,0,0,0
S01009113,183,93,90,164,80,84,134,66,68,28,12,16,2,2,0,19,13,6,18,12,6,1,1,0
S01009114,207,98,109,178,82,96,154,76,78,20,4,16,4,2,2,29,16,13,22,13,9,7,3,4
S01009115,145,82,63,122,66,56,114,58,56,8,8,0,0,0,0,23,16,7,14,9,5,9,7,2
S01009116,87,30,57,80,26,54,74,26,48,6,0,6,0,0,0,7,4,3,4,3,1,3,1,2
S01009117,224,118,106,178,84,94,150,76,74,20,6,14,8,2,6,46,34,12,29,22,7,17,12,5
S01009118,205,97,108,194,94,100,174,84,90,16,10,6,4,0,4,11,3,8,8,1,7,3,2,1
S01009119,157,65,92,126,44,82,74,32,42,40,10,30,12,2,10,31,21,10,17,11,6,14,10,4
S01009120,107,67,40,86,52,34,66,40,26,12,8,4,8,4,4,21,15,6,9,7,2,12,8,4
S01009121,149,86,63,118,60,58,94,54,40,18,4,14,6,2,4,31,26,5,23,19,4,8,7,1
S01009122,162,72,90,136,54,82,86,40,46,40,10,30,10,4,6,26,18,8,17,12,5,9,6,3
S01009123,185,112,73,168,102,66,126,80,46,36,18,18,6,4,2,17,10,7,16,10,6,1,0,1
S01009124,179,70,109,152,56,96,122,46,76,28,8,20,2,2,0,27,14,13,22,12,10,5,2,3
S01009125,117,66,51,94,52,42,68,42,26,24,8,16,2,2,0,23,14,9,18,13,5,5,1,4
S01009126,141,88,53,94,54,40,50,28,22,28,18,10,16,8,8,47,34,13,22,17,5,25,17,8
S01009127,164,83,81,106,44,62,48,26,22,46,18,28,12,0,12,58,39,19,28,21,7,30,18,12
S01009128,132,96,36,78,58,20,48,42,6,20,10,10,10,6,4,54,38,16,23,17,6,31,21,10
S01009129,97,45,52,72,32,40,44,24,20,14,6,8,14,2,12,25,13,12,14,10,4,11,3,8
S01009130,178,80,98,150,64,86,100,48,52,42,12,30,8,4,4,28,16,12,16,12,4,12,4,8
S01009131,88,65,23,60,40,20,54,38,16,4,2,2,2,0,2,28,25,3,15,12,3,13,13,0
S01009132,223,109,114,190,84,106,152,72,80,22,4,18,16,8,8,33,25,8,19,16,3,14,9,5
S01009133,109,70,39,82,52,30,46,36,10,26,10,16,10,6,4,27,18,9,14,9,5,13,9,4
S01009134,197,108,89,170,92,78,128,76,52,36,12,24,6,4,2,27,16,11,17,11,6,10,5,5
S01009135,144,65,79,132,58,74,110,46,64,18,12,6,4,0,4,12,7,5,9,6,3,3,1,2
S01009136,196,88,108,184,80,104,144,66,78,36,14,22,4,0,4,12,8,4,6,2,4,6,6,0
S01009137,209,89,120,198,84,114,160,74,86,38,10,28,0,0,0,11,5,6,11,5,6,0,0,0
S01009138,195,105,90,182,94,88,146,82,64,26,8,18,10,4,6,13,11,2,10,8,2,3,3,0
S01009139,68,44,24,42,24,18,28,12,16,6,4,2,8,8,0,26,20,6,19,14,5,7,6,1
S01009140,108,66,42,82,46,36,52,34,18,28,12,16,2,0,2,26,20,6,18,15,3,8,5,3
S01009141,122,65,57,96,46,50,72,36,36,22,8,14,2,2,0,26,19,7,14,10,4,12,9,3
S01009142,67,36,31,54,26,28,32,16,16,18,10,8,4,0,4,13,10,3,7,6,1,6,4,2
S01009143,110,65,45,72,46,26,50,30,20,18,14,4,4,2,2,38,19,19,22,14,8,16,5,11
S01009144,148,78,70,124,60,64,100,48,52,16,12,4,8,0,8,24,18,6,19,14,5,5,4,1
S01009145,206,111,95,164,76,88,122,60,62,34,12,22,8,4,4,42,35,7,31,26,5,11,9,2
S01009146,181,104,77,138,72,66,84,46,38,32,14,18,22,12,10,43,32,11,26,21,5,17,11,6
S01009147,183,90,93,126,56,70,60,26,34,52,24,28,14,6,8,57,34,23,32,18,14,25,16,9
S01009148,152,72,80,116,52,64,64,34,30,40,14,26,12,4,8,36,20,16,17,12,5,19,8,11
S01009149,154,74,80,136,62,74,108,52,56,24,10,14,4,0,4,18,12,6,15,11,4,3,1,2
S01009150,4,4,0,4,4,0,0,0,0,2,2,0,2,2,0,0,0,0,0,0,0,0,0,0
S01009151,131,43,88,112,34,78,88,28,60,20,6,14,4,0,4,19,9,10,14,6,8,5,3,2
S01009152,44,27,17,26,14,12,14,10,4,8,2,6,4,2,2,18,13,5,11,9,2,7,4,3
S01009153,54,21,33,48,16,32,34,16,18,10,0,10,4,0,4,6,5,1,5,4,1,1,1,0
S01009154,153,59,94,148,58,90,108,40,68,34,16,18,6,2,4,5,1,4,4,1,3,1,0,1
S01009155,123,43,80,114,36,78,80,18,62,28,16,12,6,2,4,9,7,2,5,5,0,4,2,2
S01009156,111,41,70,100,38,62,82,30,52,16,8,8,2,0,2,11,3,8,7,2,5,4,1,3
S01009157,182,85,97,144,64,80,112,56,56,28,6,22,4,2,2,38,21,17,27,14,13,11,7,4
S01009158,113,68,45,82,44,38,66,40,26,14,4,10,2,0,2,31,24,7,22,18,4,9,6,3
S01009159,101,54,47,54,26,28,26,16,10,16,0,16,12,10,2,47,28,19,28,19,9,19,9,10
S01009160,96,52,44,68,36,32,46,32,14,16,2,14,6,2,4,28,16,12,13,9,4,15,7,8
S01009161,111,60,51,70,40,30,44,24,20,18,8,10,8,8,0,41,20,21,21,13,8,20,7,13
S01009162,82,52,30,64,36,28,46,28,18,14,8,6,4,0,4,18,16,2,12,10,2,6,6,0
S01009163,64,40,24,50,30,20,40,24,16,8,6,2,2,0,2,14,10,4,9,7,2,5,3,2
S01009164,179,90,89,146,74,72,88,50,38,44,16,28,14,8,6,33,16,17,18,11,7,15,5,10
S01009165,128,63,65,92,40,52,44,18,26,38,22,16,10,0,10,36,23,13,12,8,4,24,15,9
S01009166,159,65,94,110,38,72,54,22,32,38,8,30,18,8,10,49,27,22,26,13,13,23,14,9
S01009167,115,44,71,88,34,54,46,24,22,30,8,22,12,2,10,27,10,17,13,6,7,14,4,10
S01009168,104,53,51,98,50,48,78,36,42,20,14,6,0,0,0,6,3,3,5,2,3,1,1,0
S01009169,87,50,37,62,36,26,46,24,22,14,12,2,2,0,2,25,14,11,13,7,6,12,7,5
S01009170,161,80,81,126,60,66,82,50,32,32,10,22,12,0,12,35,20,15,23,13,10,12,7,5
S01009171,159,77,82,128,54,74,90,42,48,26,8,18,12,4,8,31,23,8,12,12,0,19,11,8
S01009172,150,79,71,148,78,70,118,66,52,30,12,18,0,0,0,2,1,1,2,1,1,0,0,0
S01009173,170,78,92,152,64,88,120,50,70,32,14,18,0,0,0,18,14,4,15,12,3,3,2,1
S01009174,187,85,102,184,84,100,148,64,84,36,20,16,0,0,0,3,1,2,3,1,2,0,0,0
S01009175,256,101,155,236,90,146,208,76,132,24,10,14,4,4,0,20,11,9,19,10,9,1,1,0
S01009176,230,72,158,222,68,154,184,56,128,32,10,22,6,2,4,8,4,4,7,3,4,1,1,0
S01009177,169,91,78,110,54,56,60,34,26,34,12,22,16,8,8,59,37,22,34,23,11,25,14,11
S01009178,178,99,79,116,60,56,66,38,28,26,14,12,24,8,16,62,39,23,30,19,11,32,20,12
S01009179,146,64,82,114,42,72,78,28,50,24,6,18,12,8,4,32,22,10,18,15,3,14,7,7
S01009180,202,106,96,158,74,84,112,58,54,42,16,26,4,0,4,44,32,12,22,13,9,22,19,3
S01009181,186,92,94,144,64,80,100,50,50,36,14,22,8,0,8,42,28,14,26,18,8,16,10,6
S01009182,250,126,124,218,106,112,158,82,76,54,20,34,6,4,2,32,20,12,19,12,7,13,8,5
S01009183,174,81,93,158,74,84,138,68,70,18,6,12,2,0,2,16,7,9,16,7,9,0,0,0
S01009184,184,94,90,146,70,76,82,44,38,52,16,36,12,10,2,38,24,14,19,12,7,19,12,7
S01009185,187,88,99,148,68,80,82,42,40,54,22,32,12,4,8,39,20,19,23,15,8,16,5,11
S01009186,166,71,95,144,60,84,72,30,42,56,28,28,16,2,14,22,11,11,11,6,5,11,5,6
S01009187,107,43,64,96,38,58,62,20,42,28,12,16,6,6,0,11,5,6,8,3,5,3,2,1
S01009188,180,79,101,142,56,86,102,36,66,24,6,18,16,14,2,38,23,15,22,17,5,16,6,10
S01009189,165,69,96,134,48,86,72,32,40,50,12,38,12,4,8,31,21,10,17,11,6,14,10,4
S01009190,219,118,101,204,108,96,174,98,76,28,10,18,2,0,2,15,10,5,11,8,3,4,2,2
S01009191,279,106,173,264,102,162,212,94,118,50,6,44,2,2,0,15,4,11,12,3,9,3,1,2
S01009192,147,78,69,132,68,64,110,56,54,18,8,10,4,4,0,15,10,5,11,7,4,4,3,1
S01009193,89,38,51,86,36,50,80,36,44,4,0,4,2,0,2,3,2,1,3,2,1,0,0,0
S01009194,169,90,79,154,82,72,128,64,64,24,16,8,2,2,0,15,8,7,13,8,5,2,0,2
S01009195,264,124,140,248,116,132,218,102,116,30,14,16,0,0,0,16,8,8,12,7,5,4,1,3
S01009196,143,67,76,122,54,68,84,42,42,30,10,20,8,2,6,21,13,8,15,9,6,6,4,2
S01009197,292,139,153,268,128,140,202,98,104,60,28,32,6,2,4,24,11,13,16,6,10,8,5,3
S01009198,163,86,77,148,76,72,118,60,58,28,16,12,2,0,2,15,10,5,9,7,2,6,3,3
S01009199,157,64,93,144,58,86,126,54,72,16,4,12,2,0,2,13,6,7,10,5,5,3,1,2
S01009200,308,141,167,280,124,156,240,110,130,36,14,22,4,0,4,28,17,11,19,12,7,9,5,4
S01009201,147,81,66,112,56,56,82,44,38,28,10,18,2,2,0,35,25,10,21,15,6,14,10,4
S01009202,148,48,100,140,44,96,106,36,70,32,8,24,2,0,2,8,4,4,7,4,3,1,0,1
S01009203,129,54,75,90,32,58,52,24,28,20,2,18,18,6,12,39,22,17,22,14,8,17,8,9
S01009204,212,85,127,156,58,98,102,40,62,46,16,30,8,2,6,56,27,29,36,18,18,20,9,11
S01009205,129,58,71,120,52,68,102,42,60,16,8,8,2,2,0,9,6,3,7,4,3,2,2,0
S01009206,174,87,87,166,80,86,136,62,74,24,12,12,6,6,0,8,7,1,4,4,0,4,3,1
S01009207,101,52,49,94,46,48,70,30,40,20,12,8,4,4,0,7,6,1,6,5,1,1,1,0
S01009208,116,53,63,106,46,60,86,38,48,8,2,6,12,6,6,10,7,3,9,7,2,1,0,1
S01009209,84,41,43,72,34,38,56,22,34,14,10,4,2,2,0,12,7,5,11,6,5,1,1,0
S01009210,115,44,71,106,38,68,90,30,60,12,6,6,4,2,2,9,6,3,6,4,2,3,2,1
S01009211,146,57,89,116,36,80,76,30,46,28,6,22,12,0,12,30,21,9,17,12,5,13,9,4
S01009212,146,62,84,112,40,72,74,36,38,34,2,32,4,2,2,34,22,12,21,15,6,13,7,6
S01009213,185,104,81,150,82,68,114,64,50,26,14,12,10,4,6,35,22,13,21,16,5,14,6,8
S01009214,222,88,134,196,74,122,158,58,100,32,12,20,6,4,2,26,14,12,14,6,8,12,8,4
S01009215,188,89,99,156,68,88,108,56,52,40,12,28,8,0,8,32,21,11,27,19,8,5,2,3
S01009216,158,83,75,128,68,60,84,48,36,38,16,22,6,4,2,30,15,15,15,8,7,15,7,8
S01009217,131,66,65,76,32,44,46,20,26,22,10,12,8,2,6,55,34,21,25,21,4,30,13,17
S01009218,141,66,75,124,54,70,94,38,56,24,14,10,6,2,4,17,12,5,16,11,5,1,1,0
S01009219,108,68,40,86,52,34,64,44,20,16,6,10,6,2,4,22,16,6,12,9,3,10,7,3
S01009220,106,66,40,70,42,28,52,32,20,14,6,8,4,4,0,36,24,12,22,19,3,14,5,9
S01009221,118,53,65,98,44,54,64,30,34,22,8,14,12,6,6,20,9,11,10,6,4,10,3,7
S01009222,119,63,56,82,40,42,52,32,20,16,8,8,14,0,14,37,23,14,22,12,10,15,11,4
S01009223,111,49,62,96,40,56,70,32,38,24,6,18,2,2,0,15,9,6,8,6,2,7,3,4
S01009224,131,64,67,108,48,60,58,30,28,38,14,24,12,4,8,23,16,7,13,11,2,10,5,5
S01009225,98,49,49,84,40,44,62,28,34,18,10,8,4,2,2,14,9,5,10,6,4,4,3,1
S01009226,154,107,47,128,88,40,94,70,24,26,12,14,8,6,2,26,19,7,17,11,6,9,8,1
S01009227,75,47,28,60,34,26,46,28,18,12,6,6,2,0,2,15,13,2,9,7,2,6,6,0
S01009228,114,71,43,92,58,34,44,30,14,26,18,8,22,10,12,22,13,9,12,6,6,10,7,3
S01009229,109,56,53,88,38,50,62,32,30,22,4,18,4,2,2,21,18,3,13,12,1,8,6,2
S01009230,103,69,34,84,52,32,70,50,20,14,2,12,0,0,0,19,17,2,15,14,1,4,3,1
S01009231,191,85,106,166,70,96,130,46,84,34,22,12,2,2,0,25,15,10,14,10,4,11,5,6
S01009232,122,78,44,72,44,28,40,22,18,20,16,4,12,6,6,50,34,16,15,6,9,35,28,7
S01009233,91,26,65,82,22,60,62,18,44,16,2,14,4,2,2,9,4,5,7,2,5,2,2,0
S01009234,269,153,116,188,96,92,90,48,42,66,24,42,32,24,8,81,57,24,44,32,12,37,25,12
S01009235,184,107,77,132,68,64,76,50,26,40,12,28,16,6,10,52,39,13,28,20,8,24,19,5
S01009236,78,46,32,68,40,28,60,36,24,8,4,4,0,0,0,10,6,4,7,5,2,3,1,2
S01009237,163,84,79,156,78,78,140,72,68,14,4,10,2,2,0,7,6,1,5,4,1,2,2,0
S01009238,135,66,69,104,46,58,78,36,42,22,10,12,4,0,4,31,20,11,17,12,5,14,8,6
S01009239,194,89,105,156,64,92,126,62,64,20,0,20,10,2,8,38,25,13,27,21,6,11,4,7
S01009240,133,72,61,84,38,46,40,18,22,28,12,16,16,8,8,49,34,15,24,16,8,25,18,7
S01009241,192,113,79,130,74,56,84,42,42,26,16,10,20,16,4,62,39,23,28,16,12,34,23,11
S01009242,131,60,71,126,56,70,100,44,56,22,8,14,4,4,0,5,4,1,4,4,0,1,0,1
S01009243,231,99,132,194,84,110,126,60,66,58,18,40,10,6,4,37,15,22,29,11,18,8,4,4
S01009244,156,69,87,150,68,82,114,52,62,32,14,18,4,2,2,6,1,5,5,1,4,1,0,1
S01009245,171,86,85,158,78,80,130,60,70,18,12,6,10,6,4,13,8,5,10,6,4,3,2,1
S01009246,154,80,74,126,62,64,92,48,44,28,12,16,6,2,4,28,18,10,18,11,7,10,7,3
S01009247,217,112,105,166,84,82,122,62,60,36,22,14,8,0,8,51,28,23,28,15,13,23,13,10
S01009248,122,59,63,98,44,54,84,42,42,10,2,8,4,0,4,24,15,9,22,14,8,2,1,1
S01009249,168,86,82,132,62,70,84,48,36,42,14,28,6,0,6,36,24,12,17,13,4,19,11,8
S01009250,126,71,55,100,58,42,70,38,32,26,18,8,4,2,2,26,13,13,21,11,10,5,2,3
S01009251,119,63,56,106,56,50,68,42,26,22,8,14,16,6,10,13,7,6,8,6,2,5,1,4
S01009252,151,63,88,146,60,86,122,52,70,24,8,16,0,0,0,5,3,2,4,2,2,1,1,0
S01009253,81,40,41,56,26,30,32,20,12,18,6,12,6,0,6,25,14,11,16,9,7,9,5,4
S01009254,172,88,84,130,64,66,56,26,30,44,26,18,30,12,18,42,24,18,17,12,5,25,12,13
S01009255,97,60,37,72,40,32,54,32,22,18,8,10,0,0,0,25,20,5,12,10,2,13,10,3
S01009256,98,70,28,86,60,26,52,38,14,30,20,10,4,2,2,12,10,2,8,7,1,4,3,1
S01009257,106,61,45,90,50,40,62,38,24,28,12,16,0,0,0,16,11,5,9,5,4,7,6,1
S01009258,113,41,72,108,38,70,82,30,52,18,4,14,8,4,4,5,3,2,4,3,1,1,0,1
S01009259,210,72,138,198,64,134,168,56,112,28,8,20,2,0,2,12,8,4,10,7,3,2,1,1
S01009260,226,114,112,194,94,100,156,82,74,30,8,22,8,4,4,32,20,12,18,13,5,14,7,7
S01009261,114,57,57,78,34,44,48,24,24,22,6,16,8,4,4,36,23,13,17,12,5,19,11,8
S01009262,142,85,57,86,44,42,56,36,20,16,2,14,14,6,8,56,41,15,32,24,8,24,17,7
S01009263,221,127,94,196,108,88,172,100,72,20,8,12,4,0,4,25,19,6,19,14,5,6,5,1
S01009264,82,43,39,74,36,38,58,28,30,16,8,8,0,0,0,8,7,1,6,5,1,2,2,0
S01009265,152,83,69,120,68,52,82,46,36,32,18,14,6,4,2,32,15,17,25,13,12,7,2,5
S01009266,157,69,88,128,54,74,98,42,56,26,10,16,4,2,2,29,15,14,18,10,8,11,5,6
S01009267,149,76,73,122,58,64,98,42,56,18,10,8,6,6,0,27,18,9,22,16,6,5,2,3
S01009268,232,107,125,178,74,104,124,54,70,44,14,30,10,6,4,54,33,21,34,23,11,20,10,10
S01009269,209,78,131,150,48,102,84,28,56,40,10,30,26,10,16,59,30,29,40,22,18,19,8,11
S01009270,104,64,40,62,34,28,38,24,14,20,8,12,4,2,2,42,30,12,26,20,6,16,10,6
S01009271,188,81,107,174,76,98,144,70,74,24,2,22,6,4,2,14,5,9,11,4,7,3,1,2
S01009272,145,65,80,114,42,72,62,30,32,34,6,28,18,6,12,31,23,8,18,14,4,13,9,4
S01009273,78,50,28,74,48,26,52,34,18,20,12,8,2,2,0,4,2,2,3,2,1,1,0,1
S01009274,135,57,78,118,50,68,94,42,52,22,8,14,2,0,2,17,7,10,11,3,8,6,4,2
S01009275,113,43,70,104,38,66,76,32,44,24,4,20,4,2,2,9,5,4,6,4,2,3,1,2
S01009276,174,93,81,148,76,72,108,64,44,30,6,24,10,6,4,26,17,9,14,8,6,12,9,3
S01009277,97,32,65,94,32,62,70,24,46,18,6,12,6,2,4,3,0,3,3,0,3,0,0,0
S01009278,147,62,85,136,56,80,112,48,64,24,8,16,0,0,0,11,6,5,9,5,4,2,1,1
S01009279,103,57,46,88,48,40,52,26,26,28,16,12,8,6,2,15,9,6,8,6,2,7,3,4
S01009280,184,88,96,116,46,70,54,34,20,40,10,30,22,2,20,68,42,26,26,15,11,42,27,15
S01009281,173,88,85,124,60,64,72,38,34,36,12,24,16,10,6,49,28,21,21,12,9,28,16,12
S01009282,146,82,64,126,74,52,88,58,30,36,14,22,2,2,0,20,8,12,5,3,2,15,5,10
S01009283,108,48,60,100,42,58,78,36,42,18,4,14,4,2,2,8,6,2,6,4,2,2,2,0
S01009284,231,97,134,212,86,126,172,70,102,38,14,24,2,2,0,19,11,8,17,11,6,2,0,2
S01009285,257,116,141,220,90,130,180,74,106,32,12,20,8,4,4,37,26,11,29,22,7,8,4,4
S01009286,124,71,53,106,60,46,90,50,40,14,8,6,2,2,0,18,11,7,17,10,7,1,1,0
S01009287,150,60,90,140,54,86,112,40,72,24,12,12,4,2,2,10,6,4,8,4,4,2,2,0
S01009288,163,72,91,152,66,86,110,42,68,36,24,12,6,0,6,11,6,5,7,4,3,4,2,2
S01009289,141,61,80,124,48,76,94,34,60,28,14,14,2,0,2,17,13,4,8,5,3,9,8,1
S01009290,131,55,76,122,48,74,96,42,54,26,6,20,0,0,0,9,7,2,9,7,2,0,0,0
S01009291,206,76,130,186,64,122,152,52,100,32,10,22,2,2,0,20,12,8,16,10,6,4,2,2
S01009292,111,64,47,92,56,36,62,40,22,24,14,10,6,2,4,19,8,11,12,7,5,7,1,6
S01009293,154,59,95,136,50,86,112,44,68,20,4,16,4,2,2,18,9,9,11,7,4,7,2,5
S01009294,123,48,75,112,44,68,90,32,58,20,10,10,2,2,0,11,4,7,8,3,5,3,1,2
S01009295,108,52,56,96,42,54,74,40,34,18,0,18,4,2,2,12,10,2,8,6,2,4,4,0
S01009296,127,69,58,118,62,56,100,52,48,18,10,8,0,0,0,9,7,2,4,3,1,5,4,1
S01009297,199,86,113,188,80,108,150,68,82,34,12,22,4,0,4,11,6,5,8,5,3,3,1,2
S01009298,157,94,63,114,64,50,66,36,30,38,26,12,10,2,8,43,30,13,24,14,10,19,16,3
S01009299,196,74,122,174,62,112,128,48,80,40,12,28,6,2,4,22,12,10,17,11,6,5,1,4
S01009300,83,46,37,66,32,34,44,22,22,14,8,6,8,2,6,17,14,3,13,11,2,4,3,1
S01009301,159,117,42,108,74,34,56,34,22,32,20,12,20,20,0,51,43,8,22,19,3,29,24,5
S01009302,151,82,69,78,34,44,34,20,14,28,10,18,16,4,12,73,48,25,42,28,14,31,20,11
S01009303,147,60,87,138,54,84,112,42,70,22,10,12,4,2,2,9,6,3,6,5,1,3,1,2
S01009304,201,86,115,172,72,100,130,60,70,42,12,30,0,0,0,29,14,15,19,12,7,10,2,8
S01009305,120,75,45,100,60,40,74,48,26,22,8,14,4,4,0,20,15,5,15,10,5,5,5,0
S01009306,213,118,95,152,72,80,104,48,56,42,18,24,6,6,0,61,46,15,33,27,6,28,19,9
S01009307,141,70,71,114,54,60,78,46,32,32,8,24,4,0,4,27,16,11,16,8,8,11,8,3
S01009308,87,59,28,72,50,22,42,30,12,26,18,8,4,2,2,15,9,6,10,6,4,5,3,2
S01009309,134,75,59,120,70,50,92,58,34,20,10,10,8,2,6,14,5,9,10,5,5,4,0,4
S01009310,178,87,91,162,76,86,128,58,70,28,12,16,6,6,0,16,11,5,12,8,4,4,3,1
S01009311,166,60,106,130,44,86,52,24,28,60,10,50,18,10,8,36,16,20,16,10,6,20,6,14
S01009312,94,55,39,74,42,32,46,24,22,20,10,10,8,8,0,20,13,7,15,9,6,5,4,1
S01009313,99,58,41,72,34,38,52,24,28,14,10,4,6,0,6,27,24,3,15,12,3,12,12,0
S01009314,138,53,85,126,46,80,98,34,64,24,10,14,4,2,2,12,7,5,10,6,4,2,1,1
S01009315,114,57,57,86,38,48,62,26,36,20,10,10,4,2,2,28,19,9,19,12,7,9,7,2
S01009316,168,54,114,158,48,110,136,42,94,18,6,12,4,0,4,10,6,4,8,6,2,2,0,2
S01009317,165,57,108,150,50,100,122,42,80,28,8,20,0,0,0,15,7,8,12,6,6,3,1,2
S01009318,142,51,91,132,48,84,120,40,80,12,8,4,0,0,0,10,3,7,10,3,7,0,0,0
S01009319,161,67,94,154,62,92,132,54,78,18,8,10,4,0,4,7,5,2,6,5,1,1,0,1
S01009320,142,77,65,126,64,62,106,56,50,18,6,12,2,2,0,16,13,3,10,7,3,6,6,0
S01009321,147,75,72,138,68,70,108,58,50,24,8,16,6,2,4,9,7,2,7,5,2,2,2,0
S01009322,147,57,90,132,48,84,94,34,60,30,8,22,8,6,2,15,9,6,11,7,4,4,2,2
S01009323,89,51,38,60,30,30,52,26,26,8,4,4,0,0,0,29,21,8,20,15,5,9,6,3
S01009324,91,55,36,62,36,26,48,30,18,14,6,8,0,0,0,29,19,10,20,17,3,9,2,7
S01009325,220,102,118,198,92,106,176,80,96,20,12,8,2,0,2,22,10,12,17,8,9,5,2,3
S01009326,202,70,132,170,50,120,134,36,98,32,14,18,4,0,4,32,20,12,27,17,10,5,3,2
S01009327,107,46,61,90,36,54,62,28,34,26,8,18,2,0,2,17,10,7,12,8,4,5,2,3
S01009328,240,114,126,236,110,126,198,100,98,38,10,28,0,0,0,4,4,0,4,4,0,0,0,0
S01009329,107,41,66,88,30,58,66,24,42,18,4,14,4,2,2,19,11,8,14,8,6,5,3,2
S01009330,164,87,77,138,74,64,92,60,32,42,10,32,4,4,0,26,13,13,13,7,6,13,6,7
S01009331,212,95,117,204,90,114,164,80,84,38,8,30,2,2,0,8,5,3,8,5,3,0,0,0
S01009332,230,106,124,216,96,120,174,80,94,36,12,24,6,4,2,14,10,4,13,10,3,1,0,1
S01009333,155,76,79,120,54,66,98,50,48,18,4,14,4,0,4,35,22,13,20,13,7,15,9,6
S01009334,127,65,62,80,36,44,40,18,22,20,8,12,20,10,10,47,29,18,29,16,13,18,13,5
S01009335,151,79,72,116,60,56,84,42,42,20,14,6,12,4,8,35,19,16,15,8,7,20,11,9
S01009336,149,90,59,86,46,40,42,22,20,36,20,16,8,4,4,63,44,19,20,14,6,43,30,13
S01009337,173,78,95,120,48,72,62,22,40,40,18,22,18,8,10,53,30,23,24,11,13,29,19,10
S01009338,106,45,61,80,28,52,40,14,26,28,10,18,12,4,8,26,17,9,13,10,3,13,7,6
S01009339,196,95,101,128,60,68,78,32,46,36,20,16,14,8,6,68,35,33,29,16,13,39,19,20
S01009340,113,62,51,70,38,32,42,26,16,20,8,12,8,4,4,43,24,19,31,18,13,12,6,6
S01009341,104,54,50,82,42,40,56,38,18,18,4,14,8,0,8,22,12,10,11,8,3,11,4,7
S01009342,155,78,77,124,62,62,88,48,40,30,14,16,6,0,6,31,16,15,21,12,9,10,4,6
S01009343,135,77,58,104,56,48,82,44,38,20,10,10,2,2,0,31,21,10,22,15,7,9,6,3
S01009344,125,80,45,96,60,36,66,46,20,22,8,14,8,6,2,29,20,9,17,13,4,12,7,5
S01009345,225,101,124,174,68,106,128,50,78,34,14,20,12,4,8,51,33,18,38,26,12,13,7,6
S01009346,270,109,161,256,102,154,216,92,124,38,8,30,2,2,0,14,7,7,13,6,7,1,1,0
S01009347,268,100,168,262,98,164,216,84,132,42,14,28,4,0,4,6,2,4,5,2,3,1,0,1
S01009348,196,77,119,190,74,116,156,66,90,34,8,26,0,0,0,6,3,3,5,2,3,1,1,0
S01009349,271,95,176,254,86,168,200,76,124,50,8,42,4,2,2,17,9,8,15,8,7,2,1,1
S01009350,199,86,113,170,68,102,126,42,84,44,26,18,0,0,0,29,18,11,20,14,6,9,4,5
S01009351,148,65,83,138,60,78,110,50,60,22,4,18,6,6,0,10,5,5,7,3,4,3,2,1
S01009352,263,94,169,240,82,158,186,74,112,52,8,44,2,0,2,23,12,11,19,10,9,4,2,2
S01009353,122,46,76,114,40,74,82,32,50,30,8,22,2,0,2,8,6,2,6,4,2,2,2,0
S01009354,329,116,213,314,112,202,256,102,154,56,10,46,2,0,2,15,4,11,12,4,8,3,0,3
S01009355,162,73,89,146,66,80,124,60,64,18,2,16,4,4,0,16,7,9,14,6,8,2,1,1
S01009356,179,87,92,160,74,86,136,62,74,18,10,8,6,2,4,19,13,6,15,12,3,4,1,3
S01009357,138,52,86,126,46,80,110,42,68,16,4,12,0,0,0,12,6,6,11,5,6,1,1,0
S01009358,213,69,144,206,66,140,162,54,108,40,8,32,4,4,0,7,3,4,6,2,4,1,1,0
S01009359,245,104,141,222,92,130,170,76,94,48,16,32,4,0,4,23,12,11,16,11,5,7,1,6
S01009360,167,83,84,146,66,80,114,52,62,28,12,16,4,2,2,21,17,4,18,15,3,3,2,1
S01009361,147,66,81,130,56,74,106,48,58,22,6,16,2,2,0,17,10,7,13,8,5,4,2,2
S01009362,217,114,103,204,106,98,164,92,72,38,12,26,2,2,0,13,8,5,11,7,4,2,1,1
S01009363,173,80,93,144,62,82,114,46,68,20,12,8,10,4,6,29,18,11,20,11,9,9,7,2
S01009364,187,82,105,162,68,94,124,54,70,30,12,18,8,2,6,25,14,11,21,12,9,4,2,2
S01009365,102,57,45,80,44,36,62,36,26,18,8,10,0,0,0,22,13,9,18,11,7,4,2,2
S01009366,134,62,72,102,44,58,70,34,36,22,6,16,10,4,6,32,18,14,17,12,5,15,6,9
S01009367,142,78,64,112,56,56,78,44,34,24,10,14,10,2,8,30,22,8,24,18,6,6,4,2
S01009368,133,49,84,108,40,68,60,26,34,38,12,26,10,2,8,25,9,16,15,7,8,10,2,8
S01009369,139,80,59,116,68,48,94,56,38,20,10,10,2,2,0,23,12,11,13,7,6,10,5,5
S01009370,125,74,51,96,54,42,78,46,32,18,8,10,0,0,0,29,20,9,19,12,7,10,8,2
S01009371,110,58,52,92,46,46,64,36,28,18,4,14,10,6,4,18,12,6,10,8,2,8,4,4
S01009372,112,58,54,94,48,46,54,28,26,36,18,18,4,2,2,18,10,8,10,8,2,8,2,6
S01009373,170,88,82,124,60,64,64,36,28,44,22,22,16,2,14,46,28,18,28,19,9,18,9,9
S01009374,147,86,61,124,72,52,84,56,28,28,8,20,12,8,4,23,14,9,14,9,5,9,5,4
S01009375,174,79,95,132,50,82,92,34,58,32,12,20,8,4,4,42,29,13,21,13,8,21,16,5
S01009376,114,47,67,92,36,56,68,28,40,20,6,14,4,2,2,22,11,11,11,6,5,11,5,6
S01009377,280,128,152,232,96,136,170,80,90,52,10,42,10,6,4,48,32,16,33,24,9,15,8,7
S01009378,264,125,139,190,84,106,124,56,68,54,26,28,12,2,10,74,41,33,42,29,13,32,12,20
S01009379,329,143,186,290,122,168,220,104,116,60,12,48,10,6,4,39,21,18,18,13,5,21,8,13
S01009380,140,77,63,124,68,56,74,42,32,48,26,22,2,0,2,16,9,7,8,4,4,8,5,3
S01009381,138,87,51,120,74,46,92,64,28,24,8,16,4,2,2,18,13,5,14,12,2,4,1,3
S01009382,136,74,62,112,58,54,72,38,34,38,18,20,2,2,0,24,16,8,16,11,5,8,5,3
S01009383,142,84,58,98,54,44,74,42,32,16,8,8,8,4,4,44,30,14,25,17,8,19,13,6
S01009384,113,36,77,104,34,70,86,28,58,12,4,8,6,2,4,9,2,7,8,2,6,1,0,1
S01009385,99,45,54,78,34,44,60,24,36,18,10,8,0,0,0,21,11,10,15,10,5,6,1,5
S01009386,138,59,79,116,48,68,78,36,42,28,6,22,10,6,4,22,11,11,12,9,3,10,2,8
S01009387,127,69,58,90,48,42,52,34,18,30,14,16,8,0,8,37,21,16,13,8,5,24,13,11
S01009388,234,127,107,152,78,74,78,52,26,52,22,30,22,4,18,82,49,33,32,23,9,50,26,24
S01009389,141,67,74,128,56,72,90,36,54,28,12,16,10,8,2,13,11,2,5,5,0,8,6,2
S01009390,279,113,166,266,102,164,208,90,118,56,12,44,2,0,2,13,11,2,13,11,2,0,0,0
S01009391,224,98,126,208,88,120,172,74,98,32,12,20,4,2,2,16,10,6,14,8,6,2,2,0
S01009392,211,63,148,202,58,144,148,46,102,54,12,42,0,0,0,9,5,4,7,5,2,2,0,2
S01009393,161,88,73,144,80,64,108,66,42,34,14,20,2,0,2,17,8,9,15,8,7,2,0,2
S01009394,182,85,97,160,70,90,124,60,64,36,10,26,0,0,0,22,15,7,13,9,4,9,6,3
S01009395,110,45,65,100,42,58,82,38,44,18,4,14,0,0,0,10,3,7,9,3,6,1,0,1
S01009396,147,49,98,134,40,94,94,32,62,40,8,32,0,0,0,13,9,4,10,8,2,3,1,2
S01009397,120,37,83,108,30,78,90,24,66,18,6,12,0,0,0,12,7,5,12,7,5,0,0,0
S01009398,171,90,81,154,78,76,116,60,56,32,16,16,6,2,4,17,12,5,14,11,3,3,1,2
S01009399,126,46,80,114,38,76,86,26,60,22,12,10,6,0,6,12,8,4,9,5,4,3,3,0
S01009400,98,46,52,76,36,40,58,28,30,18,8,10,0,0,0,22,10,12,17,8,9,5,2,3
S01009401,134,54,80,122,48,74,92,36,56,30,12,18,0,0,0,12,6,6,7,2,5,5,4,1
S01009402,204,76,128,188,64,124,156,52,104,26,8,18,6,4,2,16,12,4,12,9,3,4,3,1
S01009403,152,62,90,136,52,84,106,48,58,28,4,24,2,0,2,16,10,6,12,8,4,4,2,2
S01009404,103,58,45,64,34,30,44,22,22,16,10,6,4,2,2,39,24,15,17,10,7,22,14,8
S01009405,89,29,60,88,28,60,70,22,48,14,6,8,4,0,4,1,1,0,1,1,0,0,0,0
S01009406,176,83,93,144,62,82,96,40,56,44,18,26,4,4,0,32,21,11,20,15,5,12,6,6
S01009407,109,56,53,98,50,48,74,38,36,24,12,12,0,0,0,11,6,5,6,4,2,5,2,3
S01009408,169,79,90,150,72,78,110,60,50,38,12,26,2,0,2,19,7,12,12,6,6,7,1,6
S01009409,132,77,55,102,54,48,76,46,30,16,2,14,10,6,4,30,23,7,18,13,5,12,10,2
S01009410,189,94,95,152,70,82,78,40,38,50,20,30,24,10,14,37,24,13,21,15,6,16,9,7
S01009411,185,85,100,156,66,90,92,50,42,50,16,34,14,0,14,29,19,10,14,11,3,15,8,7
S01009412,155,82,73,126,62,64,94,54,40,32,8,24,0,0,0,29,20,9,16,11,5,13,9,4
S01009413,190,110,80,168,94,74,126,78,48,38,16,22,4,0,4,22,16,6,13,9,4,9,7,2
S01009414,116,47,69,90,40,50,62,28,34,24,10,14,4,2,2,26,7,19,17,3,14,9,4,5
S01009415,149,76,73,122,54,68,84,38,46,30,12,18,8,4,4,27,22,5,12,10,2,15,12,3
S01009416,124,64,60,110,56,54,86,46,40,20,10,10,4,0,4,14,8,6,11,7,4,3,1,2
S01009417,85,31,54,78,28,50,68,26,42,8,2,6,2,0,2,7,3,4,6,2,4,1,1,0
S01009418,191,107,84,162,88,74,120,68,52,28,8,20,14,12,2,29,19,10,15,10,5,14,9,5
S01009419,128,60,68,102,44,58,66,30,36,32,14,18,4,0,4,26,16,10,13,8,5,13,8,5
S01009420,162,82,80,112,50,62,46,20,26,48,20,28,18,10,8,50,32,18,25,16,9,25,16,9
S01009421,157,65,92,110,40,70,56,24,32,34,6,28,20,10,10,47,25,22,19,10,9,28,15,13
S01009422,159,74,85,130,56,74,92,48,44,30,4,26,8,4,4,29,18,11,21,13,8,8,5,3
S01009423,276,117,159,262,108,154,222,94,128,36,14,22,4,0,4,14,9,5,10,6,4,4,3,1
S01009424,117,67,50,110,62,48,78,46,32,24,10,14,8,6,2,7,5,2,7,5,2,0,0,0
S01009425,114,70,44,86,48,38,64,36,28,16,10,6,6,2,4,28,22,6,16,14,2,12,8,4
S01009426,129,77,52,82,48,34,40,30,10,30,12,18,12,6,6,47,29,18,25,15,10,22,14,8
S01009427,106,72,34,74,52,22,44,32,12,18,10,8,12,10,2,32,20,12,23,17,6,9,3,6
S01009428,136,59,77,96,44,52,56,30,26,30,10,20,10,4,6,40,15,25,23,11,12,17,4,13
S01009429,119,61,58,80,36,44,56,32,24,20,4,16,4,0,4,39,25,14,19,14,5,20,11,9
S01009430,140,70,70,100,50,50,54,24,30,28,18,10,18,8,10,40,20,20,26,12,14,14,8,6
S01009431,127,70,57,92,48,44,64,30,34,22,16,6,6,2,4,35,22,13,15,11,4,20,11,9
S01009432,175,74,101,124,48,76,62,28,34,34,16,18,28,4,24,51,26,25,27,15,12,24,11,13
S01009433,188,93,95,130,60,70,52,32,20,56,20,36,22,8,14,58,33,25,29,14,15,29,19,10
S01009434,106,53,53,74,32,42,40,22,18,22,4,18,12,6,6,32,21,11,18,15,3,14,6,8
S01009435,172,84,88,104,36,68,46,18,28,40,12,28,18,6,12,68,48,20,25,18,7,43,30,13
S01009436,172,89,83,134,66,68,66,40,26,52,18,34,16,8,8,38,23,15,24,12,12,14,11,3
S01009437,139,80,59,120,66,54,90,54,36,22,8,14,8,4,4,19,14,5,15,13,2,4,1,3
S01009438,171,82,89,138,64,74,68,36,32,42,18,24,28,10,18,33,18,15,19,10,9,14,8,6
S01009439,202,106,96,150,82,68,84,52,32,42,20,22,24,10,14,52,24,28,22,12,10,30,12,18
S01009440,114,64,50,88,44,44,54,32,22,16,4,12,18,8,10,26,20,6,18,14,4,8,6,2
S01009441,198,94,104,128,52,76,78,36,42,38,16,22,12,0,12,70,42,28,36,26,10,34,16,18
S01009442,147,65,82,134,60,74,88,42,46,40,14,26,6,4,2,13,5,8,6,2,4,7,3,4
S01009443,136,60,76,114,44,70,94,36,58,16,4,12,4,4,0,22,16,6,15,12,3,7,4,3
S01009444,197,66,131,180,58,122,136,42,94,30,12,18,14,4,10,17,8,9,12,5,7,5,3,2
S01009445,153,71,82,124,54,70,88,38,50,30,14,16,6,2,4,29,17,12,18,10,8,11,7,4
S01009446,168,103,65,110,58,52,62,34,28,36,18,18,12,6,6,58,45,13,40,33,7,18,12,6
S01009447,83,51,32,58,32,26,40,22,18,6,0,6,12,10,2,25,19,6,13,10,3,12,9,3
S01009448,175,94,81,148,76,72,100,58,42,34,14,20,14,4,10,27,18,9,18,13,5,9,5,4
S01009449,105,47,58,80,34,46,52,26,26,18,6,12,10,2,8,25,13,12,15,8,7,10,5,5
S01009450,135,82,53,86,44,42,48,30,18,30,8,22,8,6,2,49,38,11,22,16,6,27,22,5
S01009451,230,104,126,172,72,100,96,46,50,54,18,36,22,8,14,58,32,26,23,14,9,35,18,17
S01009452,97,58,39,74,38,36,54,34,20,14,2,12,6,2,4,23,20,3,7,6,1,16,14,2
S01009453,195,112,83,144,78,66,98,54,44,26,14,12,20,10,10,51,34,17,33,24,9,18,10,8
S01009454,211,94,117,188,76,112,146,58,88,36,18,18,6,0,6,23,18,5,14,11,3,9,7,2
S01009455,152,55,97,144,50,94,92,34,58,50,16,34,2,0,2,8,5,3,7,4,3,1,1,0
S01009456,93,53,40,70,34,36,44,26,18,22,4,18,4,4,0,23,19,4,11,8,3,12,11,1
S01009457,116,50,66,104,42,62,74,32,42,24,8,16,6,2,4,12,8,4,12,8,4,0,0,0
S01009458,131,56,75,108,42,66,76,32,44,24,6,18,8,4,4,23,14,9,13,8,5,10,6,4
S01009459,175,85,90,148,66,82,94,46,48,40,14,26,14,6,8,27,19,8,16,9,7,11,10,1
S01009460,214,110,104,164,80,84,72,42,30,60,24,36,32,14,18,50,30,20,25,16,9,25,14,11
S01009461,179,67,112,170,62,108,136,48,88,30,12,18,4,2,2,9,5,4,7,3,4,2,2,0
S01009462,148,56,92,130,48,82,76,32,44,50,16,34,4,0,4,18,8,10,11,5,6,7,3,4
S01009463,116,59,57,92,50,42,62,38,24,24,10,14,6,2,4,24,9,15,15,6,9,9,3,6
S01009464,194,111,83,172,96,76,126,72,54,40,20,20,6,4,2,22,15,7,17,11,6,5,4,1
S01009465,125,48,77,104,36,68,74,28,46,26,8,18,4,0,4,21,12,9,15,9,6,6,3,3
S01009466,94,44,50,80,36,44,70,32,38,10,4,6,0,0,0,14,8,6,14,8,6,0,0,0
S01009467,161,61,100,142,50,92,112,38,74,30,12,18,0,0,0,19,11,8,15,8,7,4,3,1
S01009468,135,65,70,114,50,64,80,38,42,28,10,18,6,2,4,21,15,6,12,9,3,9,6,3
S01009469,142,61,81,118,46,72,86,34,52,28,10,18,4,2,2,24,15,9,17,11,6,7,4,3
S01009470,88,48,40,66,38,28,44,28,16,18,8,10,4,2,2,22,10,12,14,7,7,8,3,5
S01009471,77,54,23,56,38,18,34,28,6,12,6,6,10,4,6,21,16,5,7,6,1,14,10,4
S01009472,216,111,105,148,66,82,80,36,44,46,16,30,22,14,8,68,45,23,28,20,8,40,25,15
S01009473,183,121,62,122,74,48,64,48,16,34,16,18,24,10,14,61,47,14,35,26,9,26,21,5
S01009474,218,106,112,172,80,92,102,40,62,50,32,18,20,8,12,46,26,20,22,16,6,24,10,14
S01009475,152,74,78,132,62,70,106,50,56,20,10,10,6,2,4,20,12,8,15,7,8,5,5,0
S01009476,157,59,98,152,56,96,122,50,72,28,4,24,2,2,0,5,3,2,4,2,2,1,1,0
S01009477,149,67,82,132,56,76,98,40,58,28,12,16,6,4,2,17,11,6,10,7,3,7,4,3
S01009478,135,95,40,102,64,38,56,36,20,44,26,18,2,2,0,33,31,2,17,15,2,16,16,0
S01009479,112,48,64,96,36,60,60,18,42,34,18,16,2,0,2,16,12,4,7,3,4,9,9,0
S01009480,132,71,61,118,62,56,100,54,46,18,8,10,0,0,0,14,9,5,9,6,3,5,3,2
S01009481,139,74,65,114,60,54,96,50,46,18,10,8,0,0,0,25,14,11,17,9,8,8,5,3
S01009482,99,58,41,78,42,36,44,24,20,30,16,14,4,2,2,21,16,5,11,8,3,10,8,2
S01009483,123,63,60,94,44,50,60,26,34,32,16,16,2,2,0,29,19,10,16,9,7,13,10,3
S01009484,108,63,45,84,46,38,60,36,24,16,8,8,8,2,6,24,17,7,15,12,3,9,5,4
S01009485,148,77,71,120,60,60,68,36,32,34,14,20,18,10,8,28,17,11,11,6,5,17,11,6
S01009486,103,47,56,86,32,54,60,22,38,24,8,16,2,2,0,17,15,2,12,11,1,5,4,1
S01009487,154,85,69,122,58,64,82,46,36,32,10,22,8,2,6,32,27,5,17,15,2,15,12,3
S01009488,173,62,111,150,56,94,114,42,72,34,14,20,2,0,2,23,6,17,11,3,8,12,3,9
S01009489,145,65,80,110,42,68,70,24,46,32,18,14,8,0,8,35,23,12,16,8,8,19,15,4
S01009490,195,99,96,122,48,74,58,28,30,38,12,26,26,8,18,73,51,22,40,25,15,33,26,7
S01009491,114,58,56,86,42,44,62,30,32,18,8,10,6,4,2,28,16,12,11,6,5,17,10,7
S01009492,157,92,65,122,74,48,90,60,30,28,14,14,4,0,4,35,18,17,19,9,10,16,9,7
S01009493,143,60,83,140,58,82,94,40,54,40,14,26,6,4,2,3,2,1,3,2,1,0,0,0
S01009494,254,121,133,232,108,124,174,90,84,56,18,38,2,0,2,22,13,9,15,9,6,7,4,3
S01009495,199,102,97,178,88,90,144,74,70,30,14,16,4,0,4,21,14,7,17,13,4,4,1,3
S01009496,141,62,79,116,46,70,94,36,58,18,8,10,4,2,2,25,16,9,18,11,7,7,5,2
S01009497,203,103,100,170,82,88,130,62,68,38,18,20,2,2,0,33,21,12,27,17,10,6,4,2
S01009498,107,44,63,94,40,54,84,36,48,8,2,6,2,2,0,13,4,9,10,4,6,3,0,3
S01009499,147,66,81,122,50,72,90,42,48,24,8,16,8,0,8,25,16,9,16,9,7,9,7,2
S01009500,167,98,69,120,66,54,72,46,26,32,16,16,16,4,12,47,32,15,23,14,9,24,18,6
S01009501,130,71,59,100,52,48,46,20,26,38,26,12,16,6,10,30,19,11,16,12,4,14,7,7
S01009502,175,87,88,138,62,76,74,40,34,50,16,34,14,6,8,37,25,12,20,14,6,17,11,6
S01009503,162,83,79,126,58,68,100,54,46,24,4,20,2,0,2,36,25,11,23,17,6,13,8,5
S01009504,165,75,90,116,42,74,68,30,38,28,6,22,20,6,14,49,33,16,21,16,5,28,17,11
S01009505,203,110,93,124,56,68,48,26,22,48,16,32,28,14,14,79,54,25,34,20,14,45,34,11
S01009506,164,91,73,102,50,52,60,36,24,34,10,24,8,4,4,62,41,21,26,18,8,36,23,13
S01009507,232,104,128,196,88,108,138,74,64,44,6,38,14,8,6,36,16,20,16,7,9,20,9,11
S01009508,196,106,90,124,66,58,74,42,32,24,10,14,26,14,12,72,40,32,40,22,18,32,18,14
S01009509,202,80,122,156,64,92,78,34,44,70,26,44,8,4,4,46,16,30,21,9,12,25,7,18
S01009510,114,49,65,100,40,60,70,32,38,26,6,20,4,2,2,14,9,5,13,8,5,1,1,0
S01009511,103,51,52,90,42,48,78,38,40,8,2,6,4,2,2,13,9,4,11,7,4,2,2,0
S01009512,173,81,92,154,70,84,122,58,64,28,10,18,4,2,2,19,11,8,17,9,8,2,2,0
S01009513,111,52,59,98,48,50,82,36,46,16,12,4,0,0,0,13,4,9,12,4,8,1,0,1
S01009514,146,60,86,134,52,82,118,48,70,16,4,12,0,0,0,12,8,4,10,8,2,2,0,2
S01009515,140,73,67,108,52,56,86,50,36,14,2,12,8,0,8,32,21,11,21,16,5,11,5,6
S01009516,154,63,91,132,46,86,94,34,60,34,12,22,4,0,4,22,17,5,16,12,4,6,5,1
S01009517,330,139,191,304,124,180,252,110,142,48,12,36,4,2,2,26,15,11,19,14,5,7,1,6
S01009518,314,126,188,292,116,176,244,98,146,42,18,24,6,0,6,22,10,12,18,9,9,4,1,3
S01009519,115,62,53,104,54,50,76,36,40,20,16,4,8,2,6,11,8,3,7,7,0,4,1,3
S01009520,200,91,109,180,84,96,134,74,60,40,8,32,6,2,4,20,7,13,11,3,8,9,4,5
S01009521,145,68,77,94,42,52,38,18,20,40,14,26,16,10,6,51,26,25,25,13,12,26,13,13
S01009522,254,102,152,180,60,120,94,38,56,54,18,36,32,4,28,74,42,32,39,23,16,35,19,16
S01009523,118,64,54,80,42,38,38,20,18,30,16,14,12,6,6,38,22,16,24,15,9,14,7,7
S01009524,139,62,77,104,46,58,62,36,26,30,8,22,12,2,10,35,16,19,14,5,9,21,11,10
S01009525,87,45,42,56,26,30,30,14,16,20,10,10,6,2,4,31,19,12,16,15,1,15,4,11
S01009526,97,65,32,78,48,30,50,32,18,24,14,10,4,2,2,19,17,2,13,11,2,6,6,0
S01009527,69,28,41,54,20,34,34,10,24,18,10,8,2,0,2,15,8,7,6,5,1,9,3,6
S01009528,39,27,12,30,22,8,22,16,6,4,2,2,4,4,0,9,5,4,5,4,1,4,1,3
S01009529,96,47,49,92,44,48,74,42,32,16,0,16,2,2,0,4,3,1,3,2,1,1,1,0
S01009530,112,54,58,102,46,56,84,36,48,16,8,8,2,2,0,10,8,2,8,6,2,2,2,0
S01009531,136,71,65,100,48,52,64,32,32,24,6,18,12,10,2,36,23,13,15,11,4,21,12,9
S01009532,95,56,39,70,36,34,44,22,22,22,14,8,4,0,4,25,20,5,13,10,3,12,10,2
S01009533,128,66,62,84,34,50,48,20,28,24,12,12,12,2,10,44,32,12,26,18,8,18,14,4
S01009534,173,78,95,106,42,64,54,24,30,26,12,14,26,6,20,67,36,31,20,13,7,47,23,24
S01009535,143,80,63,98,52,46,38,22,16,38,16,22,22,14,8,45,28,17,15,11,4,30,17,13
S01009536,140,63,77,108,44,64,64,30,34,34,12,22,10,2,8,32,19,13,20,10,10,12,9,3
S01009537,100,52,48,76,36,40,52,26,26,18,8,10,6,2,4,24,16,8,17,12,5,7,4,3
S01009538,116,56,60,84,34,50,36,18,18,36,12,24,12,4,8,32,22,10,16,12,4,16,10,6
S01009539,157,75,82,126,52,74,86,42,44,34,10,24,6,0,6,31,23,8,18,14,4,13,9,4
S01009540,137,88,49,104,64,40,66,44,22,24,10,14,14,10,4,33,24,9,21,15,6,12,9,3
S01009541,150,71,79,132,62,70,98,48,50,24,12,12,10,2,8,18,9,9,10,6,4,8,3,5
S01009542,165,87,78,116,54,62,72,40,32,28,8,20,16,6,10,49,33,16,26,17,9,23,16,7
S01009543,62,39,23,54,32,22,44,28,16,4,0,4,6,4,2,8,7,1,3,3,0,5,4,1
S01009544,144,67,77,126,52,74,90,36,54,30,14,16,6,2,4,18,15,3,7,6,1,11,9,2
S01009545,162,78,84,122,56,66,72,34,38,38,18,20,12,4,8,40,22,18,24,15,9,16,7,9
S01009546,226,128,98,190,106,84,138,86,52,34,12,22,18,8,10,36,22,14,21,13,8,15,9,6
S01009547,143,86,57,86,50,36,64,40,24,14,8,6,8,2,6,57,36,21,36,26,10,21,10,11
S01009548,133,67,66,100,44,56,62,30,32,28,10,18,10,4,6,33,23,10,23,17,6,10,6,4
S01009549,149,75,74,124,56,68,76,36,40,38,16,22,10,4,6,25,19,6,14,12,2,11,7,4
S01009550,122,56,66,102,46,56,80,30,50,14,12,2,8,4,4,20,10,10,16,8,8,4,2,2
S01009551,121,60,61,100,52,48,56,32,24,30,14,16,14,6,8,21,8,13,15,7,8,6,1,5
S01009552,160,88,72,132,64,68,108,52,56,18,8,10,6,4,2,28,24,4,20,18,2,8,6,2
S01009553,173,105,68,116,68,48,70,48,22,30,14,16,16,6,10,57,37,20,22,15,7,35,22,13
S01009554,110,57,53,80,36,44,42,24,18,20,6,14,18,6,12,30,21,9,12,10,2,18,11,7
S01009555,128,78,50,94,56,38,82,52,30,6,2,4,6,2,4,34,22,12,20,12,8,14,10,4
S01009556,163,101,62,108,66,42,60,40,20,42,24,18,6,2,4,55,35,20,36,22,14,19,13,6
S01009557,149,74,75,116,58,58,58,42,16,30,8,22,28,8,20,33,16,17,15,11,4,18,5,13
S01009558,161,73,88,112,48,64,48,22,26,36,10,26,28,16,12,49,25,24,22,12,10,27,13,14
S01009559,175,79,96,120,48,72,64,32,32,34,10,24,22,6,16,55,31,24,31,18,13,24,13,11
S01009560,148,82,66,90,44,46,52,32,20,30,8,22,8,4,4,58,38,20,28,17,11,30,21,9
S01009561,116,61,55,84,48,36,60,38,22,12,8,4,12,2,10,32,13,19,19,9,10,13,4,9
S01009562,149,76,73,124,64,60,78,40,38,36,18,18,10,6,4,25,12,13,13,6,7,12,6,6
S01009563,156,61,95,124,46,78,84,36,48,26,6,20,14,4,10,32,15,17,19,10,9,13,5,8
S01009564,124,50,74,104,40,64,76,32,44,22,8,14,6,0,6,20,10,10,16,9,7,4,1,3
S01009565,148,67,81,116,48,68,58,26,32,42,12,30,16,10,6,32,19,13,16,10,6,16,9,7
S01009566,263,106,157,220,90,130,166,76,90,46,14,32,8,0,8,43,16,27,21,9,12,22,7,15
S01009567,178,86,92,140,64,76,82,46,36,34,10,24,24,8,16,38,22,16,23,15,8,15,7,8
S01009568,167,79,88,124,48,76,80,36,44,34,6,28,10,6,4,43,31,12,23,17,6,20,14,6
S01009569,174,102,72,144,86,58,106,66,40,24,12,12,14,8,6,30,16,14,20,10,10,10,6,4
S01009570,118,36,82,90,20,70,64,14,50,20,4,16,6,2,4,28,16,12,16,11,5,12,5,7
S01009571,145,73,72,92,38,54,38,22,16,28,10,18,26,6,20,53,35,18,19,14,5,34,21,13
S01009572,213,107,106,148,66,82,72,32,40,48,22,26,28,12,16,65,41,24,26,20,6,39,21,18
S01009573,163,83,80,120,56,64,66,34,32,30,12,18,24,10,14,43,27,16,15,12,3,28,15,13
S01009574,175,78,97,132,52,80,88,32,56,38,16,22,6,4,2,43,26,17,27,13,14,16,13,3
S01009575,107,52,55,88,44,44,56,38,18,26,6,20,6,0,6,19,8,11,11,8,3,8,0,8
S01009576,68,36,32,58,28,30,40,20,20,16,6,10,2,2,0,10,8,2,5,5,0,5,3,2
S01009577,134,67,67,120,60,60,88,36,52,24,18,6,8,6,2,14,7,7,10,5,5,4,2,2
S01009578,164,66,98,132,48,84,86,32,54,30,8,22,16,8,8,32,18,14,15,10,5,17,8,9
S01009579,237,125,112,202,104,98,150,82,68,38,14,24,14,8,6,35,21,14,15,9,6,20,12,8
S01009580,271,99,172,258,92,166,210,82,128,44,10,34,4,0,4,13,7,6,9,4,5,4,3,1
S01009581,93,43,50,68,24,44,48,16,32,16,6,10,4,2,2,25,19,6,14,14,0,11,5,6
S01009582,118,63,55,84,40,44,64,36,28,20,4,16,0,0,0,34,23,11,19,14,5,15,9,6
S01009583,190,84,106,146,56,90,82,36,46,42,12,30,22,8,14,44,28,16,29,18,11,15,10,5
S01009584,101,40,61,92,38,54,64,28,36,26,10,16,2,0,2,9,2,7,6,2,4,3,0,3
S01009585,212,99,113,166,72,94,118,62,56,38,6,32,10,4,6,46,27,19,27,17,10,19,10,9
S01009586,107,53,54,88,40,48,56,26,30,26,10,16,6,4,2,19,13,6,12,9,3,7,4,3
S01009587,115,68,47,84,44,40,62,30,32,20,14,6,2,0,2,31,24,7,18,15,3,13,9,4
S01009588,205,110,95,156,78,78,120,54,66,30,20,10,6,4,2,49,32,17,33,19,14,16,13,3
S01009589,230,111,119,190,88,102,136,72,64,42,14,28,12,2,10,40,23,17,30,19,11,10,4,6
S01009590,191,74,117,184,70,114,142,66,76,40,4,36,2,0,2,7,4,3,7,4,3,0,0,0
S01009591,97,52,45,86,44,42,60,30,30,26,14,12,0,0,0,11,8,3,8,5,3,3,3,0
S01009592,80,39,41,74,34,40,60,34,26,14,0,14,0,0,0,6,5,1,6,5,1,0,0,0
S01009593,120,55,65,112,50,62,92,44,48,18,4,14,2,2,0,8,5,3,6,3,3,2,2,0
S01009594,152,53,99,146,52,94,112,40,72,34,12,22,0,0,0,6,1,5,5,1,4,1,0,1
S01009595,154,70,84,148,66,82,114,52,62,34,14,20,0,0,0,6,4,2,5,4,1,1,0,1
S01009596,125,52,73,76,26,50,52,22,30,16,4,12,8,0,8,49,26,23,28,17,11,21,9,12
S01009597,215,85,130,152,52,100,70,30,40,60,16,44,22,6,16,63,33,30,32,22,10,31,11,20
S01009598,144,58,86,104,28,76,54,22,32,34,4,30,16,2,14,40,30,10,20,17,3,20,13,7
S01009599,175,78,97,132,56,76,96,42,54,24,6,18,12,8,4,43,22,21,27,16,11,16,6,10
S01009600,123,68,55,74,34,40,46,28,18,10,2,8,18,4,14,49,34,15,24,16,8,25,18,7
S01009601,141,57,84,110,40,70,54,22,32,40,10,30,16,8,8,31,17,14,17,9,8,14,8,6
S01009602,203,101,102,194,94,100,148,68,80,38,24,14,8,2,6,9,7,2,7,6,1,2,1,1
S01009603,101,42,59,90,36,54,70,30,40,20,6,14,0,0,0,11,6,5,5,4,1,6,2,4
S01009604,167,91,76,138,72,66,98,58,40,38,12,26,2,2,0,29,19,10,17,10,7,12,9,3
S01009605,149,79,70,120,56,64,70,32,38,38,16,22,12,8,4,29,23,6,19,14,5,10,9,1
S01009606,143,60,83,134,54,80,114,48,66,18,4,14,2,2,0,9,6,3,7,6,1,2,0,2
S01009607,113,61,52,106,56,50,90,48,42,12,6,6,4,2,2,7,5,2,6,4,2,1,1,0
S01009608,146,81,65,124,68,56,92,54,38,16,6,10,16,8,8,22,13,9,16,11,5,6,2,4
S01009609,184,78,106,166,68,98,126,50,76,30,16,14,10,2,8,18,10,8,14,7,7,4,3,1
S01009610,188,97,91,148,68,80,118,56,62,24,10,14,6,2,4,40,29,11,27,20,7,13,9,4
S01009611,100,59,41,90,54,36,70,42,28,20,12,8,0,0,0,10,5,5,9,4,5,1,1,0
S01009612,121,68,53,102,58,44,78,50,28,20,6,14,4,2,2,19,10,9,13,6,7,6,4,2
S01009613,97,44,53,94,44,50,76,38,38,18,6,12,0,0,0,3,0,3,3,0,3,0,0,0
S01009614,103,52,51,94,46,48,78,38,40,14,6,8,2,2,0,9,6,3,8,5,3,1,1,0
S01009615,82,45,37,74,40,34,56,30,26,16,8,8,2,2,0,8,5,3,5,3,2,3,2,1
S01009616,148,78,70,124,62,62,96,52,44,24,8,16,4,2,2,24,16,8,13,8,5,11,8,3
S01009617,160,62,98,148,58,90,124,50,74,24,8,16,0,0,0,12,4,8,8,3,5,4,1,3
S01009618,137,84,53,102,60,42,70,42,28,24,14,10,8,4,4,35,24,11,17,13,4,18,11,7
S01009619,127,68,59,100,52,48,72,38,34,18,8,10,10,6,4,27,16,11,10,7,3,17,9,8
S01009620,148,73,75,112,46,66,62,30,32,30,12,18,20,4,16,36,27,9,19,14,5,17,13,4
S01009621,116,57,59,82,38,44,60,32,28,10,0,10,12,6,6,34,19,15,11,5,6,23,14,9
S01009622,136,67,69,92,40,52,38,18,20,30,10,20,24,12,12,44,27,17,19,13,6,25,14,11
S01009623,100,69,31,68,46,22,40,32,8,22,10,12,6,4,2,32,23,9,14,10,4,18,13,5
S01009624,155,80,75,106,54,52,58,32,26,34,18,16,14,4,10,49,26,23,30,16,14,19,10,9
S01009625,206,112,94,162,92,70,102,56,46,44,30,14,16,6,10,44,20,24,26,13,13,18,7,11
S01009626,131,58,73,86,38,48,36,18,18,30,14,16,20,6,14,45,20,25,21,14,7,24,6,18
S01009627,174,81,93,130,58,72,80,48,32,40,8,32,10,2,8,44,23,21,19,11,8,25,12,13
S01009628,57,28,29,42,18,24,26,12,14,6,2,4,10,4,6,15,10,5,6,5,1,9,5,4
S01009629,278,150,128,210,102,108,114,66,48,66,28,38,30,8,22,68,48,20,29,20,9,39,28,11
S01009630,176,77,99,114,38,76,62,28,34,30,2,28,22,8,14,62,39,23,26,19,7,36,20,16
S01009631,87,43,44,60,24,36,30,12,18,20,8,12,10,4,6,27,19,8,11,9,2,16,10,6
S01009632,117,78,39,66,42,24,24,20,4,26,10,16,16,12,4,51,36,15,18,14,4,33,22,11
S01009633,182,75,107,122,42,80,44,16,28,54,20,34,24,6,18,60,33,27,25,14,11,35,19,16
S01009634,82,54,28,60,38,22,22,14,8,24,14,10,14,10,4,22,16,6,10,8,2,12,8,4
S01009635,170,92,78,140,72,68,94,50,44,28,14,14,18,8,10,30,20,10,18,14,4,12,6,6
S01009636,167,112,55,96,58,38,42,28,14,32,16,16,22,14,8,71,54,17,32,28,4,39,26,13
S01009637,143,93,50,104,64,40,76,48,28,18,10,8,10,6,4,39,29,10,23,19,4,16,10,6
S01009638,181,66,115,124,32,92,50,12,38,40,12,28,34,8,26,57,34,23,16,10,6,41,24,17
S01009639,149,64,85,130,52,78,102,36,66,20,10,10,8,6,2,19,12,7,12,7,5,7,5,2
S01009640,96,63,33,64,40,24,46,28,18,10,8,2,8,4,4,32,23,9,18,12,6,14,11,3
S01009641,97,65,32,62,38,24,32,22,10,20,8,12,10,8,2,35,27,8,23,20,3,12,7,5
S01009642,164,92,72,138,72,66,120,66,54,16,4,12,2,2,0,26,20,6,16,13,3,10,7,3
S01009643,181,90,91,168,84,84,140,76,64,26,8,18,2,0,2,13,6,7,7,4,3,6,2,4
S01009644,177,75,102,146,58,88,92,40,52,42,16,26,12,2,10,31,17,14,20,11,9,11,6,5
S01009645,129,62,67,100,42,58,62,24,38,30,14,16,8,4,4,29,20,9,13,11,2,16,9,7
S01009646,124,57,67,94,40,54,62,26,36,26,8,18,6,6,0,30,17,13,14,10,4,16,7,9
S01009647,99,58,41,60,30,30,40,20,20,10,8,2,10,2,8,39,28,11,18,17,1,21,11,10
S01009648,187,92,95,160,82,78,118,64,54,34,12,22,8,6,2,27,10,17,13,5,8,14,5,9
S01009649,233,125,108,188,96,92,132,72,60,38,12,26,18,12,6,45,29,16,20,11,9,25,18,7
S01009650,114,51,63,110,50,60,98,44,54,12,6,6,0,0,0,4,1,3,3,1,2,1,0,1
S01009651,160,80,80,138,62,76,102,52,50,26,8,18,10,2,8,22,18,4,14,10,4,8,8,0
S01009652,100,40,60,86,34,52,68,26,42,16,6,10,2,2,0,14,6,8,11,4,7,3,2,1
S01009653,118,59,59,110,52,58,92,46,46,16,6,10,2,0,2,8,7,1,8,7,1,0,0,0
S01009654,128,51,77,112,44,68,100,42,58,10,2,8,2,0,2,16,7,9,11,5,6,5,2,3
S01009655,152,57,95,106,38,68,68,24,44,30,12,18,8,2,6,46,19,27,27,15,12,19,4,15
S01009656,109,52,57,78,38,40,50,24,26,14,6,8,14,8,6,31,14,17,12,6,6,19,8,11
S01009657,143,70,73,128,60,68,86,42,44,28,14,14,14,4,10,15,10,5,7,5,2,8,5,3
S01009658,162,69,93,124,50,74,76,28,48,32,8,24,16,14,2,38,19,19,17,8,9,21,11,10
S01009659,92,51,41,78,38,40,56,30,26,20,8,12,2,0,2,14,13,1,6,5,1,8,8,0
S01009660,265,119,146,212,88,124,142,70,72,40,16,24,30,2,28,53,31,22,24,14,10,29,17,12
S01009661,160,68,92,150,62,88,124,58,66,24,4,20,2,0,2,10,6,4,7,6,1,3,0,3
S01009662,146,57,89,124,44,80,98,30,68,26,14,12,0,0,0,22,13,9,14,10,4,8,3,5
S01009663,139,64,75,116,46,70,84,32,52,30,14,16,2,0,2,23,18,5,17,13,4,6,5,1
S01009664,187,70,117,176,64,112,130,46,84,38,16,22,8,2,6,11,6,5,7,4,3,4,2,2
S01009665,134,51,83,114,42,72,90,34,56,20,4,16,4,4,0,20,9,11,10,6,4,10,3,7
S01009666,136,58,78,120,48,72,90,38,52,24,6,18,6,4,2,16,10,6,6,3,3,10,7,3
S01009667,111,43,68,106,38,68,90,34,56,16,4,12,0,0,0,5,5,0,4,4,0,1,1,0
S01009668,144,61,83,126,50,76,96,36,60,28,12,16,2,2,0,18,11,7,10,7,3,8,4,4
S01009669,84,41,43,76,36,40,68,30,38,8,6,2,0,0,0,8,5,3,7,4,3,1,1,0
S01009670,163,81,82,132,60,72,104,44,60,20,14,6,8,2,6,31,21,10,24,15,9,7,6,1
S01009671,122,69,53,100,56,44,80,46,34,18,10,8,2,0,2,22,13,9,16,11,5,6,2,4
S01009672,175,80,95,154,64,90,102,44,58,42,14,28,10,6,4,21,16,5,13,10,3,8,6,2
S01009673,163,78,85,148,68,80,104,52,52,40,16,24,4,0,4,15,10,5,9,7,2,6,3,3
S01009674,164,72,92,142,60,82,108,44,64,32,14,18,2,2,0,22,12,10,18,8,10,4,4,0
S01009675,170,71,99,152,64,88,120,54,66,30,8,22,2,2,0,18,7,11,14,5,9,4,2,2
S01009676,176,60,116,156,52,104,120,52,68,32,0,32,4,0,4,20,8,12,14,6,8,6,2,4
S01009677,132,56,76,122,50,72,86,38,48,30,10,20,6,2,4,10,6,4,8,5,3,2,1,1
S01009678,92,41,51,74,28,46,52,20,32,20,8,12,2,0,2,18,13,5,15,10,5,3,3,0
S01009679,179,80,99,152,60,92,112,46,66,34,12,22,6,2,4,27,20,7,19,14,5,8,6,2
S01009680,168,75,93,138,58,80,106,54,52,26,4,22,6,0,6,30,17,13,19,13,6,11,4,7
S01009681,112,60,52,96,50,46,76,48,28,20,2,18,0,0,0,16,10,6,13,10,3,3,0,3
S01009682,123,46,77,108,36,72,88,32,56,18,4,14,2,0,2,15,10,5,13,8,5,2,2,0
S01009683,133,67,66,122,60,62,92,50,42,28,8,20,2,2,0,11,7,4,9,7,2,2,0,2
S01009684,286,101,185,264,86,178,194,68,126,60,16,44,10,2,8,22,15,7,18,13,5,4,2,2
S01009685,132,60,72,118,54,64,84,46,38,20,4,16,14,4,10,14,6,8,7,4,3,7,2,5
S01009686,224,123,101,164,88,76,116,64,52,42,22,20,6,2,4,60,35,25,37,21,16,23,14,9
S01009687,187,98,89,168,84,84,114,56,58,52,28,24,2,0,2,19,14,5,10,8,2,9,6,3
S01009688,204,113,91,130,62,68,70,36,34,44,22,22,16,4,12,74,51,23,33,26,7,41,25,16
S01009689,116,72,44,94,58,36,58,36,22,30,16,14,6,6,0,22,14,8,16,10,6,6,4,2
S01009690,129,65,64,102,42,60,66,32,34,34,10,24,2,0,2,27,23,4,18,14,4,9,9,0
S01009691,130,56,74,114,48,66,92,42,50,22,6,16,0,0,0,16,8,8,10,4,6,6,4,2
S01009692,176,85,91,158,74,84,128,58,70,30,16,14,0,0,0,18,11,7,12,8,4,6,3,3
S01009693,143,60,83,132,54,78,106,44,62,22,8,14,4,2,2,11,6,5,10,6,4,1,0,1
S01009694,175,85,90,162,78,84,134,64,70,26,12,14,2,2,0,13,7,6,12,6,6,1,1,0
S01009695,118,59,59,100,50,50,74,40,34,24,10,14,2,0,2,18,9,9,11,4,7,7,5,2
S01009696,196,90,106,180,80,100,154,78,76,26,2,24,0,0,0,16,10,6,9,5,4,7,5,2
S01009697,126,47,79,120,44,76,86,34,52,30,10,20,4,0,4,6,3,3,2,1,1,4,2,2
S01009698,113,63,50,104,58,46,80,46,34,20,10,10,4,2,2,9,5,4,5,3,2,4,2,2
S01009699,58,24,34,50,18,32,26,8,18,20,8,12,4,2,2,8,6,2,7,5,2,1,1,0
S01009700,102,35,67,88,28,60,54,14,40,26,12,14,8,2,6,14,7,7,8,4,4,6,3,3
S01009701,48,19,29,42,18,24,32,16,16,10,2,8,0,0,0,6,1,5,5,1,4,1,0,1
S01009702,126,59,67,110,48,62,88,44,44,20,4,16,2,0,2,16,11,5,10,8,2,6,3,3
S01009703,94,43,51,76,32,44,54,26,28,20,4,16,2,2,0,18,11,7,15,10,5,3,1,2
S01009704,176,88,88,148,64,84,94,38,56,50,22,28,4,4,0,28,24,4,24,21,3,4,3,1
S01009705,118,55,63,94,38,56,56,28,28,34,8,26,4,2,2,24,17,7,16,11,5,8,6,2
S01009706,121,40,81,104,32,72,78,20,58,20,10,10,6,2,4,17,8,9,8,7,1,9,1,8
S01009707,93,43,50,84,38,46,64,34,30,18,4,14,2,0,2,9,5,4,9,5,4,0,0,0
S01009708,112,48,64,100,42,58,76,28,48,20,12,8,4,2,2,12,6,6,9,4,5,3,2,1
S01009709,116,59,57,100,48,52,68,34,34,26,12,14,6,2,4,16,11,5,13,8,5,3,3,0
S01009710,132,42,90,112,34,78,94,32,62,18,2,16,0,0,0,20,8,12,13,4,9,7,4,3
S01009711,146,69,77,112,44,68,80,30,50,28,12,16,4,2,2,34,25,9,23,15,8,11,10,1
S01009712,102,44,58,88,36,52,54,28,26,30,8,22,4,0,4,14,8,6,9,5,4,5,3,2
S01009713,137,70,67,112,52,60,86,46,40,24,6,18,2,0,2,25,18,7,18,13,5,7,5,2
S01009714,147,60,87,128,46,82,86,36,50,40,8,32,2,2,0,19,14,5,10,7,3,9,7,2
S01009715,95,52,43,82,42,40,46,26,20,34,16,18,2,0,2,13,10,3,9,7,2,4,3,1
S01009716,90,42,48,84,38,46,58,30,28,20,6,14,6,2,4,6,4,2,5,4,1,1,0,1
S01009717,115,56,59,88,38,50,48,22,26,32,10,22,8,6,2,27,18,9,14,9,5,13,9,4
S01009718,115,59,56,82,40,42,44,26,18,22,8,14,16,6,10,33,19,14,23,15,8,10,4,6
S01009719,110,49,61,88,40,48,66,28,38,20,12,8,2,0,2,22,9,13,14,6,8,8,3,5
S01009720,103,45,58,88,36,52,62,20,42,24,14,10,2,2,0,15,9,6,11,7,4,4,2,2
S01009721,20,15,5,18,14,4,14,10,4,2,2,0,2,2,0,2,1,1,0,0,0,2,1,1
S01009722,21,8,13,18,8,10,10,4,6,6,4,2,2,0,2,3,0,3,3,0,3,0,0,0
S01009723,19,15,4,14,10,4,8,6,2,2,0,2,4,4,0,5,5,0,2,2,0,3,3,0
S01009724,93,59,34,60,40,20,40,28,12,12,8,4,8,4,4,33,19,14,20,13,7,13,6,7
S01009725,31,26,5,26,24,2,12,10,2,12,12,0,2,2,0,5,2,3,4,2,2,1,0,1
S01009726,19,9,10,18,8,10,16,6,10,2,2,0,0,0,0,1,1,0,1,1,0,0,0,0
S01009727,209,77,132,194,68,126,134,44,90,50,18,32,10,6,4,15,9,6,8,4,4,7,5,2
S01009728,117,57,60,104,50,54,78,38,40,20,10,10,6,2,4,13,7,6,11,7,4,2,0,2
S01009729,84,40,44,76,32,44,50,22,28,22,10,12,4,0,4,8,8,0,6,6,0,2,2,0
S01009730,78,45,33,64,36,28,42,26,16,20,10,10,2,0,2,14,9,5,10,6,4,4,3,1
S01009731,69,27,42,66,24,42,56,18,38,10,6,4,0,0,0,3,3,0,1,1,0,2,2,0
S01009732,72,40,32,62,32,30,40,22,18,20,10,10,2,0,2,10,8,2,3,2,1,7,6,1
S01009733,86,33,53,82,30,52,68,28,40,14,2,12,0,0,0,4,3,1,2,1,1,2,2,0
S01009734,173,58,115,148,46,102,116,36,80,32,10,22,0,0,0,25,12,13,21,9,12,4,3,1
S01009735,108,38,70,98,32,66,66,14,52,28,16,12,4,2,2,10,6,4,8,6,2,2,0,2
S01009736,25,8,17,24,8,16,14,2,12,8,4,4,2,2,0,1,0,1,1,0,1,0,0,0
S01009737,199,136,63,178,120,58,104,74,30,68,42,26,6,4,2,21,16,5,17,13,4,4,3,1
S01009738,65,35,30,54,30,24,44,26,18,10,4,6,0,0,0,11,5,6,7,2,5,4,3,1
S01009739,233,89,144,218,76,142,140,52,88,70,22,48,8,2,6,15,13,2,13,12,1,2,1,1
S01009740,113,63,50,80,40,40,56,26,30,18,10,8,6,4,2,33,23,10,20,16,4,13,7,6
S01009741,233,61,172,224,56,168,88,30,58,132,24,108,4,2,2,9,5,4,6,3,3,3,2,1
S01009742,98,38,60,92,34,58,58,24,34,32,10,22,2,0,2,6,4,2,5,3,2,1,1,0
S01009743,181,93,88,158,74,84,120,66,54,32,6,26,6,2,4,23,19,4,16,12,4,7,7,0
S01009744,126,42,84,114,36,78,88,28,60,24,8,16,2,0,2,12,6,6,8,4,4,4,2,2
S01009745,264,114,150,240,100,140,190,78,112,46,22,24,4,0,4,24,14,10,23,14,9,1,0,1
S01009746,115,51,64,106,44,62,64,30,34,34,14,20,8,0,8,9,7,2,7,5,2,2,2,0
S01009747,120,73,47,96,52,44,74,44,30,14,4,10,8,4,4,24,21,3,19,18,1,5,3,2
S01009748,142,61,81,128,54,74,108,52,56,20,2,18,0,0,0,14,7,7,8,4,4,6,3,3
S01009749,183,96,87,166,84,82,128,70,58,38,14,24,0,0,0,17,12,5,13,9,4,4,3,1
S01009750,147,75,72,124,62,62,80,38,42,38,20,18,6,4,2,23,13,10,15,10,5,8,3,5
S01009751,149,57,92,118,44,74,94,36,58,18,8,10,6,0,6,31,13,18,24,11,13,7,2,5
S01009752,118,42,76,108,38,70,90,36,54,16,2,14,2,0,2,10,4,6,8,2,6,2,2,0
S01009753,135,46,89,122,38,84,102,34,68,12,0,12,8,4,4,13,8,5,11,6,5,2,2,0
S01009754,159,72,87,134,58,76,90,40,50,40,16,24,4,2,2,25,14,11,20,12,8,5,2,3
S01009755,157,74,83,134,58,76,100,48,52,28,10,18,6,0,6,23,16,7,19,14,5,4,2,2
S01009756,161,70,91,146,60,86,110,52,58,32,8,24,4,0,4,15,10,5,10,5,5,5,5,0
S01009757,156,65,91,142,54,88,112,42,70,28,10,18,2,2,0,14,11,3,12,10,2,2,1,1
S01009758,112,57,55,92,44,48,64,32,32,24,10,14,4,2,2,20,13,7,16,11,5,4,2,2
S01009759,243,136,107,132,68,64,50,32,18,60,26,34,22,10,12,111,68,43,41,31,10,70,37,33
S01009760,199,106,93,116,56,60,60,36,24,34,10,24,22,10,12,83,50,33,50,34,16,33,16,17
S01009761,187,72,115,148,48,100,102,40,62,42,8,34,4,0,4,39,24,15,20,17,3,19,7,12
S01009762,209,123,86,140,80,60,66,44,22,46,24,22,28,12,16,69,43,26,33,22,11,36,21,15
S01009763,205,75,130,180,62,118,130,54,76,42,8,34,8,0,8,25,13,12,18,11,7,7,2,5
S01009764,180,93,87,130,62,68,82,40,42,30,12,18,18,10,8,50,31,19,30,18,12,20,13,7
S01009765,261,106,155,214,82,132,140,62,78,60,14,46,14,6,8,47,24,23,28,14,14,19,10,9
S01009766,153,97,56,128,78,50,100,64,36,24,10,14,4,4,0,25,19,6,18,12,6,7,7,0
S01009767,83,41,42,52,22,30,24,8,16,18,8,10,10,6,4,31,19,12,15,11,4,16,8,8
S01009768,174,106,68,128,70,58,86,46,40,24,14,10,18,10,8,46,36,10,25,21,4,21,15,6
S01009769,170,95,75,144,76,68,114,64,50,22,10,12,8,2,6,26,19,7,13,9,4,13,10,3
S01009770,192,95,97,168,80,88,100,42,58,62,34,28,6,4,2,24,15,9,21,13,8,3,2,1
S01009771,256,102,154,232,86,146,136,56,80,80,26,54,16,4,12,24,16,8,19,12,7,5,4,1
S01009772,171,105,66,142,84,58,110,68,42,30,16,14,2,0,2,29,21,8,18,14,4,11,7,4
S01009773,213,70,143,204,66,138,116,44,72,74,16,58,14,6,8,9,4,5,5,4,1,4,0,4
S01009774,220,93,127,204,84,120,140,68,72,60,16,44,4,0,4,16,9,7,7,3,4,9,6,3
S01009775,132,78,54,78,48,30,38,28,10,22,14,8,18,6,12,54,30,24,28,17,11,26,13,13
S01009776,149,82,67,48,26,22,26,14,12,14,6,8,8,6,2,101,56,45,45,29,16,56,27,29
S01009777,98,67,31,54,36,18,30,18,12,24,18,6,0,0,0,44,31,13,26,17,9,18,14,4
S01009778,115,59,56,78,36,42,46,20,26,26,12,14,6,4,2,37,23,14,14,12,2,23,11,12
S01009779,95,60,35,40,22,18,16,10,6,14,10,4,10,2,8,55,38,17,25,19,6,30,19,11
S01009780,142,87,55,68,44,24,22,16,6,32,20,12,14,8,6,74,43,31,31,19,12,43,24,19
S01009781,98,39,59,48,12,36,22,6,16,16,4,12,10,2,8,50,27,23,26,17,9,24,10,14
S01009782,175,99,76,130,70,60,92,60,32,30,8,22,8,2,6,45,29,16,17,8,9,28,21,7
S01009783,169,86,83,106,54,52,68,30,38,20,10,10,18,14,4,63,32,31,36,20,16,27,12,15
S01009784,165,82,83,106,48,58,54,32,22,26,10,16,26,6,20,59,34,25,30,16,14,29,18,11
S01009785,133,60,73,68,22,46,26,16,10,28,4,24,14,2,12,65,38,27,32,19,13,33,19,14
S01009786,191,96,95,90,36,54,40,14,26,28,16,12,22,6,16,101,60,41,47,29,18,54,31,23
S01009787,146,70,76,70,28,42,32,20,12,22,4,18,16,4,12,76,42,34,44,26,18,32,16,16
S01009788,138,84,54,92,54,38,58,32,26,16,10,6,18,12,6,46,30,16,27,14,13,19,16,3
S01009789,145,67,78,96,40,56,54,26,28,36,12,24,6,2,4,49,27,22,29,20,9,20,7,13
S01009790,114,67,47,76,44,32,54,36,18,12,6,6,10,2,8,38,23,15,23,14,9,15,9,6
S01009791,122,64,58,70,36,34,34,16,18,16,6,10,20,14,6,52,28,24,23,16,7,29,12,17
S01009792,272,103,169,250,90,160,162,64,98,74,16,58,14,10,4,22,13,9,18,12,6,4,1,3
S01009793,159,89,70,140,74,66,100,54,46,32,16,16,8,4,4,19,15,4,12,11,1,7,4,3
S01009794,158,90,68,148,82,66,132,80,52,14,2,12,2,0,2,10,8,2,9,7,2,1,1,0
S01009795,229,91,138,208,84,124,180,76,104,24,4,20,4,4,0,21,7,14,17,5,12,4,2,2
S01009796,167,73,94,156,68,88,114,56,58,36,12,24,6,0,6,11,5,6,11,5,6,0,0,0
S01009797,180,94,86,158,80,78,120,64,56,32,14,18,6,2,4,22,14,8,18,12,6,4,2,2
S01009798,222,112,110,204,100,104,166,88,78,34,12,22,4,0,4,18,12,6,16,10,6,2,2,0
S01009799,160,82,78,84,36,48,50,30,20,18,2,16,16,4,12,76,46,30,36,28,8,40,18,22
S01009800,244,105,139,150,58,92,94,36,58,40,14,26,16,8,8,94,47,47,56,27,29,38,20,18
S01009801,186,94,92,118,54,64,60,32,28,42,16,26,16,6,10,68,40,28,25,16,9,43,24,19
S01009802,253,120,133,176,74,102,120,52,68,44,18,26,12,4,8,77,46,31,42,29,13,35,17,18
S01009803,154,70,84,102,42,60,62,32,30,28,6,22,12,4,8,52,28,24,25,16,9,27,12,15
S01009804,83,62,21,66,50,16,54,46,8,12,4,8,0,0,0,17,12,5,12,8,4,5,4,1
S01009805,196,97,99,116,54,62,78,40,38,28,8,20,10,6,4,80,43,37,40,22,18,40,21,19
S01009806,129,68,61,92,42,50,58,28,30,30,14,16,4,0,4,37,26,11,19,15,4,18,11,7
S01009807,226,111,115,166,78,88,104,54,50,34,16,18,28,8,20,60,33,27,21,14,7,39,19,20
S01009808,220,108,112,146,72,74,64,34,30,40,16,24,42,22,20,74,36,38,35,21,14,39,15,24
S01009809,128,62,66,84,36,48,58,32,26,22,4,18,4,0,4,44,26,18,23,14,9,21,12,9
S01009810,164,88,76,92,46,46,50,36,14,32,8,24,10,2,8,72,42,30,35,21,14,37,21,16
S01009811,157,79,78,94,38,56,60,28,32,28,10,18,6,0,6,63,41,22,31,21,10,32,20,12
S01009812,126,60,66,90,36,54,54,28,26,28,8,20,8,0,8,36,24,12,15,12,3,21,12,9
S01009813,154,40,114,104,20,84,34,12,22,26,6,20,44,2,42,50,20,30,24,13,11,26,7,19
S01009814,165,94,71,132,76,56,84,46,38,40,26,14,8,4,4,33,18,15,19,13,6,14,5,9
S01009815,141,89,52,96,58,38,76,48,28,12,6,6,8,4,4,45,31,14,32,22,10,13,9,4
S01009816,157,99,58,118,74,44,90,60,30,28,14,14,0,0,0,39,25,14,30,20,10,9,5,4
S01009817,112,56,56,74,34,40,50,24,26,18,8,10,6,2,4,38,22,16,21,9,12,17,13,4
S01009818,103,58,45,88,46,42,66,34,32,20,10,10,2,2,0,15,12,3,12,9,3,3,3,0
S01009819,95,42,53,76,32,44,54,24,30,18,6,12,4,2,2,19,10,9,12,7,5,7,3,4
S01009820,169,75,94,126,52,74,90,34,56,34,18,16,2,0,2,43,23,20,22,15,7,21,8,13
S01009821,152,88,64,120,68,52,84,44,40,28,18,10,8,6,2,32,20,12,21,16,5,11,4,7
S01009822,109,44,65,78,30,48,52,18,34,22,10,12,4,2,2,31,14,17,16,10,6,15,4,11
S01009823,122,59,63,70,30,40,44,20,24,18,6,12,8,4,4,52,29,23,25,17,8,27,12,15
S01009824,218,90,128,162,58,104,112,46,66,38,10,28,12,2,10,56,32,24,28,18,10,28,14,14
S01009825,208,102,106,144,60,84,94,42,52,30,8,22,20,10,10,64,42,22,33,21,12,31,21,10
S01009826,105,43,62,68,26,42,32,12,20,22,8,14,14,6,8,37,17,20,19,10,9,18,7,11
S01009827,168,83,85,120,52,68,56,24,32,46,16,30,18,12,6,48,31,17,25,17,8,23,14,9
S01009828,109,71,38,58,32,26,34,18,16,16,8,8,8,6,2,51,39,12,23,19,4,28,20,8
S01009829,186,110,76,122,66,56,84,46,38,34,16,18,4,4,0,64,44,20,35,22,13,29,22,7
S01009830,170,105,65,118,70,48,72,48,24,40,20,20,6,2,4,52,35,17,28,24,4,24,11,13
S01009831,191,89,102,140,64,76,108,54,54,22,6,16,10,4,6,51,25,26,31,14,17,20,11,9
S01009832,202,97,105,164,76,88,124,54,70,26,12,14,14,10,4,38,21,17,24,13,11,14,8,6
S01009833,107,55,52,86,40,46,62,32,30,20,4,16,4,4,0,21,15,6,16,13,3,5,2,3
S01009834,224,121,103,158,82,76,108,64,44,40,16,24,10,2,8,66,39,27,43,24,19,23,15,8
S01009835,103,60,43,50,30,20,28,22,6,20,6,14,2,2,0,53,30,23,28,13,15,25,17,8
S01009836,172,100,72,140,82,58,94,60,34,38,18,20,8,4,4,32,18,14,22,13,9,10,5,5
S01009837,90,60,30,56,34,22,44,26,18,8,4,4,4,4,0,34,26,8,25,20,5,9,6,3
S01009838,123,73,50,60,30,30,42,18,24,12,8,4,6,4,2,63,43,20,29,20,9,34,23,11
S01009839,157,98,59,70,42,28,28,22,6,32,16,16,10,4,6,87,56,31,43,29,14,44,27,17
S01009840,118,70,48,68,42,26,50,30,20,12,6,6,6,6,0,50,28,22,28,19,9,22,9,13
S01009841,139,92,47,84,50,34,44,30,14,28,14,14,12,6,6,55,42,13,32,28,4,23,14,9
S01009842,147,84,63,96,52,44,40,24,16,34,22,12,22,6,16,51,32,19,25,18,7,26,14,12
S01009843,115,56,59,72,30,42,22,14,8,28,12,16,22,4,18,43,26,17,19,12,7,24,14,10
S01009844,87,52,35,48,24,24,16,6,10,16,10,6,16,8,8,39,28,11,8,6,2,31,22,9
S01009845,133,81,52,72,34,38,16,10,6,34,20,14,22,4,18,61,47,14,24,19,5,37,28,9
S01009846,145,89,56,82,48,34,40,24,16,32,18,14,10,6,4,63,41,22,33,22,11,30,19,11
S01009847,129,93,36,62,46,16,36,26,10,20,18,2,6,2,4,67,47,20,38,27,11,29,20,9
S01009848,140,70,70,94,42,52,56,30,26,28,10,18,10,2,8,46,28,18,27,21,6,19,7,12
S01009849,93,65,28,62,40,22,50,34,16,8,4,4,4,2,2,31,25,6,18,13,5,13,12,1
S01009850,116,45,71,86,28,58,58,20,38,24,6,18,4,2,2,30,17,13,17,11,6,13,6,7
S01009851,103,56,47,68,32,36,48,26,22,16,4,12,4,2,2,35,24,11,20,14,6,15,10,5
S01009852,112,47,65,92,36,56,66,22,44,18,10,8,8,4,4,20,11,9,8,4,4,12,7,5
S01009853,167,81,86,120,50,70,84,44,40,26,0,26,10,6,4,47,31,16,23,18,5,24,13,11
S01009854,204,94,110,148,50,98,120,44,76,26,6,20,2,0,2,56,44,12,34,26,8,22,18,4
S01009855,97,55,42,80,44,36,66,36,30,10,6,4,4,2,2,17,11,6,12,9,3,5,2,3
S01009856,97,48,49,70,34,36,38,26,12,30,8,22,2,0,2,27,14,13,14,11,3,13,3,10
S01009857,189,95,94,152,78,74,92,52,40,48,20,28,12,6,6,37,17,20,23,12,11,14,5,9
S01009858,137,73,64,96,44,52,68,30,38,24,12,12,4,2,2,41,29,12,24,20,4,17,9,8
S01009859,142,84,58,80,44,36,36,26,10,22,6,16,22,12,10,62,40,22,30,22,8,32,18,14
S01009860,110,57,53,58,30,28,20,12,8,18,8,10,20,10,10,52,27,25,19,11,8,33,16,17
S01009861,176,89,87,100,50,50,50,30,20,28,8,20,22,12,10,76,39,37,27,18,9,49,21,28
S01009862,152,98,54,96,60,36,44,28,16,36,24,12,16,8,8,56,38,18,27,20,7,29,18,11
S01009863,117,74,43,74,44,30,28,20,8,40,20,20,6,4,2,43,30,13,20,17,3,23,13,10
S01009864,67,29,38,44,18,26,20,8,12,12,6,6,12,4,8,23,11,12,5,3,2,18,8,10
S01009865,65,33,32,52,22,30,18,12,6,18,8,10,16,2,14,13,11,2,6,6,0,7,5,2
S01009866,130,79,51,94,50,44,48,24,24,32,20,12,14,6,8,36,29,7,26,21,5,10,8,2
S01009867,81,49,32,60,36,24,44,32,12,6,2,4,10,2,8,21,13,8,14,8,6,7,5,2
S01009868,88,48,40,74,38,36,32,24,8,28,12,16,14,2,12,14,10,4,4,4,0,10,6,4
S01009869,87,61,26,74,52,22,46,34,12,20,12,8,8,6,2,13,9,4,6,4,2,7,5,2
S01009870,99,39,60,74,28,46,26,12,14,38,12,26,10,4,6,25,11,14,13,6,7,12,5,7
S01009871,139,64,75,110,44,66,60,28,32,36,14,22,14,2,12,29,20,9,17,13,4,12,7,5
S01009872,118,38,80,108,34,74,22,12,10,68,18,50,18,4,14,10,4,6,5,2,3,5,2,3
S01009873,151,62,89,136,54,82,84,32,52,44,20,24,8,2,6,15,8,7,6,2,4,9,6,3
S01009874,196,95,101,138,54,84,102,42,60,30,8,22,6,4,2,58,41,17,33,21,12,25,20,5
S01009875,155,64,91,120,50,70,22,12,10,70,20,50,28,18,10,35,14,21,9,8,1,26,6,20
S01009876,170,59,111,102,28,74,32,10,22,38,8,30,32,10,22,68,31,37,32,19,13,36,12,24
S01009877,162,74,88,148,64,84,76,34,42,64,26,38,8,4,4,14,10,4,6,5,1,8,5,3
S01009878,148,43,105,132,36,96,34,10,24,78,18,60,20,8,12,16,7,9,11,4,7,5,3,2
S01009879,199,71,128,188,64,124,130,48,82,50,12,38,8,4,4,11,7,4,6,5,1,5,2,3
S01009880,191,78,113,172,68,104,56,32,24,104,34,70,12,2,10,19,10,9,9,6,3,10,4,6
S01009881,117,54,63,100,46,54,16,8,8,68,32,36,16,6,10,17,8,9,5,2,3,12,6,6
S01009882,157,86,71,116,54,62,36,30,6,58,14,44,22,10,12,41,32,9,20,19,1,21,13,8
S01009883,198,66,132,176,58,118,46,30,16,102,20,82,28,8,20,22,8,14,3,3,0,19,5,14
S01009884,176,74,102,158,62,96,56,32,24,82,24,58,20,6,14,18,12,6,9,7,2,9,5,4
S01009885,219,83,136,192,74,118,66,44,22,110,24,86,16,6,10,27,9,18,11,6,5,16,3,13
S01009886,164,57,107,146,48,98,44,20,24,70,16,54,32,12,20,18,9,9,11,6,5,7,3,4
S01009887,168,55,113,138,46,92,42,20,22,66,20,46,30,6,24,30,9,21,15,5,10,15,4,11
S01009888,169,62,107,144,48,96,32,14,18,90,24,66,22,10,12,25,14,11,12,8,4,13,6,7
S01009889,151,55,96,116,40,76,42,20,22,54,16,38,20,4,16,35,15,20,11,6,5,24,9,15
S01009890,111,47,64,80,32,48,24,12,12,40,14,26,16,6,10,31,15,16,15,10,5,16,5,11
S01009891,95,48,47,78,36,42,20,10,10,28,12,16,30,14,16,17,12,5,6,5,1,11,7,4
S01009892,100,60,40,70,38,32,22,14,8,38,18,20,10,6,4,30,22,8,11,6,5,19,16,3
S01009893,156,58,98,136,48,88,40,14,26,72,26,46,24,8,16,20,10,10,7,6,1,13,4,9
S01009894,130,62,68,76,26,50,30,16,14,28,8,20,18,2,16,54,36,18,25,20,5,29,16,13
S01009895,110,52,58,88,36,52,40,26,14,38,8,30,10,2,8,22,16,6,11,7,4,11,9,2
S01009896,175,74,101,122,44,78,32,18,14,60,12,48,30,14,16,53,30,23,18,9,9,35,21,14
S01009897,134,75,59,110,60,50,62,40,22,32,12,20,16,8,8,24,15,9,11,6,5,13,9,4
S01009898,124,64,60,86,36,50,22,12,10,42,14,28,22,10,12,38,28,10,15,12,3,23,16,7
S01009899,108,66,42,86,48,38,52,38,14,28,4,24,6,6,0,22,18,4,12,10,2,10,8,2
S01009900,103,65,38,76,40,36,56,30,26,18,8,10,2,2,0,27,25,2,17,16,1,10,9,1
S01009901,137,67,70,108,54,54,80,44,36,22,6,16,6,4,2,29,13,16,18,10,8,11,3,8
S01009902,124,67,57,100,56,44,50,30,20,44,22,22,6,4,2,24,11,13,10,5,5,14,6,8
S01009903,173,50,123,156,38,118,80,28,52,64,8,56,12,2,10,17,12,5,8,4,4,9,8,1
S01009904,94,47,47,74,38,36,52,32,20,14,0,14,8,6,2,20,9,11,15,8,7,5,1,4
S01009905,131,67,64,112,56,56,48,24,24,46,22,24,18,10,8,19,11,8,8,6,2,11,5,6
S01009906,103,46,57,84,32,52,24,14,10,48,12,36,12,6,6,19,14,5,12,10,2,7,4,3
S01009907,54,43,11,34,26,8,22,20,2,10,6,4,2,0,2,20,17,3,15,13,2,5,4,1
S01009908,193,84,109,172,70,102,108,52,56,62,18,44,2,0,2,21,14,7,13,10,3,8,4,4
S01009909,94,61,33,82,54,28,48,34,14,34,20,14,0,0,0,12,7,5,7,6,1,5,1,4
S01009910,80,41,39,68,34,34,34,26,8,30,8,22,4,0,4,12,7,5,7,6,1,5,1,4
S01009911,207,91,116,188,80,108,132,56,76,50,20,30,6,4,2,19,11,8,14,7,7,5,4,1
S01009912,188,77,111,174,66,108,120,50,70,52,14,38,2,2,0,14,11,3,9,8,1,5,3,2
S01009913,160,80,80,148,74,74,72,38,34,58,26,32,18,10,8,12,6,6,7,6,1,5,0,5
S01009914,187,87,100,174,78,96,118,52,66,52,24,28,4,2,2,13,9,4,8,5,3,5,4,1
S01009915,148,87,61,136,80,56,82,56,26,44,18,26,10,6,4,12,7,5,11,7,4,1,0,1
S01009916,231,86,145,210,74,136,90,28,62,102,34,68,18,12,6,21,12,9,12,6,6,9,6,3
S01009917,147,71,76,140,66,74,100,50,50,30,12,18,10,4,6,7,5,2,4,3,1,3,2,1
S01009918,142,54,88,130,46,84,102,32,70,22,10,12,6,4,2,12,8,4,9,6,3,3,2,1
S01009919,158,75,83,116,44,72,34,18,16,72,22,50,10,4,6,42,31,11,15,13,2,27,18,9
S01009920,59,41,18,42,30,12,32,26,6,8,2,6,2,2,0,17,11,6,7,6,1,10,5,5
S01009921,42,29,13,34,24,10,24,18,6,10,6,4,0,0,0,8,5,3,5,4,1,3,1,2
S01009922,105,75,30,88,62,26,60,46,14,26,14,12,2,2,0,17,13,4,11,9,2,6,4,2
S01009923,63,28,35,42,14,28,26,6,20,14,8,6,2,0,2,21,14,7,10,7,3,11,7,4
S01009924,114,69,45,80,48,32,46,30,16,28,16,12,6,2,4,34,21,13,16,10,6,18,11,7
S01009925,61,35,26,46,24,22,26,18,8,10,4,6,10,2,8,15,11,4,8,5,3,7,6,1
S01009926,111,45,66,94,38,56,56,34,22,26,4,22,12,0,12,17,7,10,3,1,2,14,6,8
S01009927,85,49,36,70,36,34,60,34,26,10,2,8,0,0,0,15,13,2,10,9,1,5,4,1
S01009928,130,85,45,118,76,42,88,58,30,24,14,10,6,4,2,12,9,3,9,7,2,3,2,1
S01009929,97,51,46,92,48,44,74,44,30,14,4,10,4,0,4,5,3,2,4,2,2,1,1,0
S01009930,118,72,46,104,62,42,70,48,22,22,10,12,12,4,8,14,10,4,6,3,3,8,7,1
S01009931,71,43,28,56,30,26,48,28,20,8,2,6,0,0,0,15,13,2,11,10,1,4,3,1
S01009932,58,42,16,46,36,10,36,26,10,8,8,0,2,2,0,12,6,6,12,6,6,0,0,0
S01009933,141,80,61,88,48,40,40,30,10,28,12,16,20,6,14,53,32,21,17,11,6,36,21,15
S01009934,194,95,99,170,80,90,118,64,54,38,12,26,14,4,10,24,15,9,13,10,3,11,5,6
S01009935,44,25,19,22,12,10,18,10,8,4,2,2,0,0,0,22,13,9,8,5,3,14,8,6
S01009936,83,43,40,64,26,38,32,10,22,22,8,14,10,8,2,19,17,2,16,14,2,3,3,0
S01009937,105,47,58,56,24,32,26,18,8,22,6,16,8,0,8,49,23,26,13,6,7,36,17,19
S01009938,116,58,58,66,26,40,38,20,18,22,4,18,6,2,4,50,32,18,22,15,7,28,17,11
S01009939,177,85,92,84,28,56,18,6,12,22,6,16,44,16,28,93,57,36,34,22,12,59,35,24
S01009940,144,86,58,62,36,26,28,14,14,20,12,8,14,10,4,82,50,32,43,28,15,39,22,17
S01009941,299,116,183,268,102,166,146,64,82,102,32,70,20,6,14,31,14,17,22,9,13,9,5,4
S01009942,198,117,81,124,66,58,68,42,26,40,18,22,16,6,10,74,51,23,44,31,13,30,20,10
S01009943,172,100,72,92,46,46,48,26,22,30,14,16,14,6,8,80,54,26,37,29,8,43,25,18
S01009944,162,82,80,108,48,60,64,28,36,30,12,18,14,8,6,54,34,20,30,14,16,24,20,4
S01009945,177,103,74,96,52,44,58,36,22,22,6,16,16,10,6,81,51,30,42,33,9,39,18,21
S01009946,168,93,75,124,70,54,70,34,36,34,20,14,20,16,4,44,23,21,25,12,13,19,11,8
S01009947,101,42,59,80,28,52,52,20,32,22,6,16,6,2,4,21,14,7,11,10,1,10,4,6
S01009948,130,50,80,76,32,44,38,22,16,34,10,24,4,0,4,54,18,36,25,7,18,29,11,18
S01009949,160,90,70,114,60,54,72,48,24,30,6,24,12,6,6,46,30,16,32,23,9,14,7,7
S01009950,166,61,105,158,58,100,106,38,68,50,18,32,2,2,0,8,3,5,5,2,3,3,1,2
S01009951,179,53,126,168,46,122,110,22,88,54,20,34,4,4,0,11,7,4,7,5,2,4,2,2
S01009952,167,92,75,148,80,68,104,56,48,38,18,20,6,6,0,19,12,7,12,10,2,7,2,5
S01009953,195,98,97,176,86,90,128,56,72,40,24,16,8,6,2,19,12,7,14,10,4,5,2,3
S01009954,154,65,89,142,56,86,84,30,54,48,26,22,10,0,10,12,9,3,8,6,2,4,3,1
S01009955,183,82,101,154,62,92,102,46,56,50,16,34,2,0,2,29,20,9,14,11,3,15,9,6
S01009956,143,67,76,100,40,60,46,24,22,46,12,34,8,4,4,43,27,16,28,17,11,15,10,5
S01009957,167,67,100,160,64,96,134,52,82,20,12,8,6,0,6,7,3,4,6,3,3,1,0,1
S01009958,199,93,106,182,84,98,160,76,84,20,8,12,2,0,2,17,9,8,14,8,6,3,1,2
S01009959,114,35,79,104,28,76,72,18,54,28,10,18,4,0,4,10,7,3,7,7,0,3,0,3
S01009960,179,68,111,164,58,106,130,44,86,28,10,18,6,4,2,15,10,5,11,8,3,4,2,2
S01009961,121,61,60,106,54,52,70,38,32,32,14,18,4,2,2,15,7,8,6,3,3,9,4,5
S01009962,118,75,43,82,44,38,50,32,18,24,8,16,8,4,4,36,31,5,20,18,2,16,13,3
S01009963,172,72,100,158,64,94,126,54,72,26,8,18,6,2,4,14,8,6,10,5,5,4,3,1
S01009964,216,100,116,192,86,106,154,72,82,36,14,22,2,0,2,24,14,10,13,10,3,11,4,7
S01009965,128,51,77,116,40,76,90,32,58,26,8,18,0,0,0,12,11,1,10,9,1,2,2,0
S01009966,159,68,91,142,58,84,110,46,64,24,8,16,8,4,4,17,10,7,11,7,4,6,3,3
S01009967,128,55,73,114,46,68,92,42,50,22,4,18,0,0,0,14,9,5,12,7,5,2,2,0
S01009968,105,45,60,92,40,52,66,26,40,22,12,10,4,2,2,13,5,8,9,4,5,4,1,3
S01009969,189,88,101,168,80,88,126,62,64,38,14,24,4,4,0,21,8,13,17,7,10,4,1,3
S01009970,188,99,89,92,38,54,56,32,24,22,6,16,14,0,14,96,61,35,37,24,13,59,37,22
S01009971,236,117,119,160,80,80,94,48,46,54,28,26,12,4,8,76,37,39,30,15,15,46,22,24
S01009972,175,90,85,134,70,64,104,62,42,24,4,20,6,4,2,41,20,21,21,13,8,20,7,13
S01009973,184,91,93,136,54,82,108,46,62,18,6,12,10,2,8,48,37,11,30,25,5,18,12,6
S01009974,131,74,57,64,32,32,30,18,12,14,6,8,20,8,12,67,42,25,33,24,9,34,18,16
S01009975,130,55,75,56,20,36,16,4,12,16,8,8,24,8,16,74,35,39,29,18,11,45,17,28
S01009976,110,78,32,58,42,16,34,28,6,18,12,6,6,2,4,52,36,16,28,22,6,24,14,10
S01009977,99,46,53,46,16,30,12,6,6,14,4,10,20,6,14,53,30,23,23,11,12,30,19,11
S01009978,249,132,117,154,78,76,82,40,42,36,18,18,36,20,16,95,54,41,46,28,18,49,26,23
S01009979,60,40,20,30,24,6,20,16,4,8,6,2,2,2,0,30,16,14,11,5,6,19,11,8
S01009980,94,49,45,44,22,22,20,14,6,16,6,10,8,2,6,50,27,23,22,14,8,28,13,15
S01009981,151,73,78,90,34,56,40,28,12,34,4,30,16,2,14,61,39,22,34,21,13,27,18,9
S01009982,256,118,138,154,60,94,104,44,60,46,16,30,4,0,4,102,58,44,60,29,31,42,29,13
S01009983,137,75,62,58,22,36,18,4,14,26,12,14,14,6,8,79,53,26,37,24,13,42,29,13
S01009984,198,113,85,144,82,62,110,66,44,20,12,8,14,4,10,54,31,23,26,16,10,28,15,13
S01009985,121,61,60,64,28,36,18,12,6,34,12,22,12,4,8,57,33,24,20,12,8,37,21,16
S01009986,94,54,40,38,22,16,14,12,2,6,2,4,18,8,10,56,32,24,20,13,7,36,19,17
S01009987,133,71,62,82,40,42,46,28,18,22,8,14,14,4,10,51,31,20,35,22,13,16,9,7
S01009988,65,46,19,34,22,12,10,10,0,12,4,8,12,8,4,31,24,7,11,8,3,20,16,4
S01009989,156,88,68,108,54,54,78,40,38,22,12,10,8,2,6,48,34,14,30,22,8,18,12,6
S01009990,147,86,61,94,52,42,78,46,32,12,4,8,4,2,2,53,34,19,33,20,13,20,14,6
S01009991,192,110,82,130,78,52,90,58,32,26,10,16,14,10,4,62,32,30,41,24,17,21,8,13
S01009992,108,65,43,54,30,24,24,14,10,8,2,6,22,14,8,54,35,19,27,20,7,27,15,12
S01009993,184,102,82,140,80,60,98,60,38,30,12,18,12,8,4,44,22,22,24,12,12,20,10,10
S01009994,194,94,100,138,68,70,94,56,38,42,10,32,2,2,0,56,26,30,31,15,16,25,11,14
S01009995,150,93,57,112,72,40,82,50,32,30,22,8,0,0,0,38,21,17,24,15,9,14,6,8
S01009996,180,99,81,110,60,50,64,38,26,32,12,20,14,10,4,70,39,31,37,24,13,33,15,18
S01009997,117,63,54,90,46,44,62,32,30,22,10,12,6,4,2,27,17,10,14,10,4,13,7,6
S01009998,117,41,76,108,36,72,60,18,42,46,18,28,2,0,2,9,5,4,6,3,3,3,2,1
S01009999,157,77,80,126,58,68,86,40,46,36,16,20,4,2,2,31,19,12,16,8,8,15,11,4
S01010000,132,73,59,90,48,42,54,32,22,34,14,20,2,2,0,42,25,17,28,19,9,14,6,8
S01010001,197,89,108,140,52,88,100,42,58,28,8,20,12,2,10,57,37,20,25,19,6,32,18,14
S01010002,155,86,69,104,52,52,54,18,36,44,28,16,6,6,0,51,34,17,33,24,9,18,10,8
S01010003,160,67,93,136,58,78,112,50,62,16,4,12,8,4,4,24,9,15,16,6,10,8,3,5
S01010004,135,38,97,130,36,94,104,26,78,16,10,6,10,0,10,5,2,3,2,1,1,3,1,2
S01010005,63,31,32,42,20,22,22,14,8,20,6,14,0,0,0,21,11,10,13,8,5,8,3,5
S01010006,75,43,32,48,24,24,16,16,0,24,8,16,8,0,8,27,19,8,12,10,2,15,9,6
S01010007,202,82,120,182,68,114,138,50,88,42,18,24,2,0,2,20,14,6,14,9,5,6,5,1
S01010008,64,45,19,46,32,14,24,18,6,18,14,4,4,0,4,18,13,5,13,10,3,5,3,2
S01010009,35,26,9,28,20,8,16,14,2,10,4,6,2,2,0,7,6,1,3,3,0,4,3,1
S01010010,213,89,124,194,78,116,154,66,88,34,8,26,6,4,2,19,11,8,12,8,4,7,3,4
S01010011,33,27,6,20,16,4,16,14,2,4,2,2,0,0,0,13,11,2,7,5,2,6,6,0
S01010012,169,70,99,137,52,85,92,30,62,37,18,19,8,4,4,32,18,14,18,11,7,14,7,7
S01010013,101,63,38,76,42,34,64,40,24,12,2,10,0,0,0,25,21,4,18,17,1,7,4,3
S01010014,161,92,69,148,80,68,100,66,34,44,12,32,4,2,2,13,12,1,9,8,1,4,4,0
S01010015,120,65,55,94,50,44,56,26,30,28,16,12,10,8,2,26,15,11,13,8,5,13,7,6
S01010016,127,58,69,104,46,58,72,36,36,26,8,18,6,2,4,23,12,11,14,9,5,9,3,6
S01010017,144,81,63,76,46,30,40,18,22,28,22,6,8,6,2,68,35,33,37,21,16,31,14,17
S01010018,165,92,73,116,54,62,64,34,30,32,12,20,20,8,12,49,38,11,32,28,4,17,10,7
S01010019,116,69,47,34,16,18,18,12,6,12,2,10,4,2,2,82,53,29,43,30,13,39,23,16
S01010020,134,73,61,100,48,52,72,38,34,22,8,14,6,2,4,34,25,9,25,21,4,9,4,5
S01010021,165,81,84,92,32,60,24,10,14,36,10,26,32,12,20,73,49,24,29,23,6,44,26,18
S01010022,167,86,81,106,50,56,54,28,26,28,16,12,24,6,18,61,36,25,20,10,10,41,26,15
S01010023,92,53,39,40,24,16,18,12,6,10,4,6,12,8,4,52,29,23,18,13,5,34,16,18
S01010024,95,45,50,48,20,28,20,8,12,14,6,8,14,6,8,47,25,22,23,10,13,24,15,9
S01010025,77,48,29,48,28,20,24,20,4,12,6,6,12,2,10,29,20,9,10,7,3,19,13,6
S01010026,118,78,40,66,40,26,36,20,16,20,14,6,10,6,4,52,38,14,23,15,8,29,23,6
S01010027,129,72,57,80,44,36,48,34,14,20,4,16,12,6,6,49,28,21,25,15,10,24,13,11
S01010028,85,50,35,44,24,20,26,14,12,12,6,6,6,4,2,41,26,15,22,16,6,19,10,9
S01010029,84,44,40,44,18,26,12,4,8,16,4,12,16,10,6,40,26,14,26,18,8,14,8,6
S01010030,117,67,50,80,44,36,50,28,22,20,8,12,10,8,2,37,23,14,22,14,8,15,9,6
S01010031,33,25,8,26,20,6,18,16,2,6,4,2,2,0,2,7,5,2,0,0,0,7,5,2
S01010032,49,33,16,42,30,12,18,14,4,12,8,4,12,8,4,7,3,4,3,1,2,4,2,2
S01010033,146,65,81,116,42,74,20,18,2,66,18,48,30,6,24,30,23,7,15,10,5,15,13,2
S01010034,102,63,39,56,32,24,22,16,6,22,12,10,12,4,8,46,31,15,21,16,5,25,15,10
S01010035,99,40,59,56,14,42,10,2,8,30,6,24,16,6,10,43,26,17,18,11,7,25,15,10
S01010036,42,27,15,32,20,12,8,6,2,16,8,8,8,6,2,10,7,3,1,1,0,9,6,3
S01010037,85,51,34,52,26,26,22,14,8,24,8,16,6,4,2,33,25,8,16,11,5,17,14,3
S01010038,128,83,45,70,52,18,46,36,10,14,12,2,10,4,6,58,31,27,32,18,14,26,13,13
S01010039,52,45,7,44,40,4,34,30,4,8,8,0,2,2,0,8,5,3,2,1,1,6,4,2
S01010040,77,46,31,48,24,24,28,18,10,18,4,14,2,2,0,29,22,7,18,12,6,11,10,1
S01010041,21,16,5,10,6,4,6,6,0,2,0,2,2,0,2,11,10,1,7,6,1,4,4,0
S01010042,143,104,39,100,68,32,50,34,16,36,28,8,14,6,8,43,36,7,23,20,3,20,16,4
S01010043,118,74,44,64,36,28,26,18,8,22,10,12,16,8,8,54,38,16,25,21,4,29,17,12
S01010044,161,104,57,106,66,40,50,32,18,44,30,14,12,4,8,55,38,17,28,17,11,27,21,6
S01010045,92,40,52,36,18,18,12,8,4,6,2,4,18,8,10,56,22,34,22,8,14,34,14,20
S01010046,104,68,36,58,38,20,24,22,2,16,8,8,18,8,10,46,30,16,23,19,4,23,11,12
S01010047,113,67,46,48,24,24,30,16,14,6,4,2,12,4,8,65,43,22,27,18,9,38,25,13
S01010048,143,87,56,74,36,38,42,22,20,22,6,16,10,8,2,69,51,18,33,27,6,36,24,12
S01010049,169,92,77,86,48,38,44,26,18,22,10,12,20,12,8,83,44,39,28,13,15,55,31,24
S01010050,147,88,59,46,20,26,20,8,12,14,8,6,12,4,8,101,68,33,48,39,9,53,29,24
S01010051,88,59,29,30,18,12,22,12,10,6,4,2,2,2,0,58,41,17,19,15,4,39,26,13
S01010052,86,54,32,42,28,14,20,18,2,18,8,10,4,2,2,44,26,18,14,10,4,30,16,14
S01010053,144,78,66,84,40,44,28,20,8,36,16,20,20,4,16,60,38,22,20,14,6,40,24,16
S01010054,128,71,57,56,28,28,20,12,8,22,12,10,14,4,10,72,43,29,26,17,9,46,26,20
S01010055,164,88,76,96,46,50,62,38,24,22,8,14,12,0,12,68,42,26,31,23,8,37,19,18
S01010056,94,53,41,56,28,28,22,14,8,24,14,10,10,0,10,38,25,13,14,12,2,24,13,11
S01010057,86,60,26,52,36,16,28,20,8,10,6,4,14,10,4,34,24,10,19,15,4,15,9,6
S01010058,150,87,63,76,44,32,42,28,14,16,6,10,18,10,8,74,43,31,29,16,13,45,27,18
S01010059,87,65,22,50,36,14,26,18,8,18,12,6,6,6,0,37,29,8,25,21,4,12,8,4
S01010060,156,104,52,100,66,34,52,38,14,40,24,16,8,4,4,56,38,18,23,19,4,33,19,14
S01010061,112,77,35,82,62,20,64,48,16,12,10,2,6,4,2,30,15,15,19,11,8,11,4,7
S01010062,154,85,69,94,44,50,48,22,26,26,10,16,20,12,8,60,41,19,31,22,9,29,19,10
S01010063,136,95,41,62,42,20,32,28,4,24,8,16,6,6,0,74,53,21,34,26,8,40,27,13
S01010064,113,63,50,70,32,38,40,18,22,16,4,12,14,10,4,43,31,12,22,16,6,21,15,6
S01010065,126,79,47,60,36,24,28,24,4,16,8,8,16,4,12,66,43,23,30,19,11,36,24,12
S01010066,168,114,54,88,52,36,38,26,12,28,12,16,22,14,8,80,62,18,36,30,6,44,32,12
S01010067,121,78,43,48,36,12,20,18,2,18,14,4,10,4,6,73,42,31,29,17,12,44,25,19
S01010068,109,64,45,80,50,30,36,28,8,36,20,16,8,2,6,29,14,15,11,7,4,18,7,11
S01010069,169,90,79,140,72,68,114,64,50,22,6,16,4,2,2,29,18,11,22,14,8,7,4,3
S01010070,150,80,70,126,64,62,106,52,54,18,10,8,2,2,0,24,16,8,18,12,6,6,4,2
S01010071,141,70,71,106,46,60,70,28,42,28,12,16,8,6,2,35,24,11,27,17,10,8,7,1
S01010072,143,88,55,116,68,48,90,58,32,24,10,14,2,0,2,27,20,7,20,15,5,7,5,2
S01010073,150,86,64,128,74,54,110,60,50,18,14,4,0,0,0,22,12,10,18,11,7,4,1,3
S01010074,116,67,49,94,52,42,60,42,18,34,10,24,0,0,0,22,15,7,12,9,3,10,6,4
S01010075,93,50,43,64,32,32,38,26,12,18,4,14,8,2,6,29,18,11,17,11,6,12,7,5
S01010076,139,77,62,102,56,46,68,42,26,24,10,14,10,4,6,37,21,16,27,13,14,10,8,2
S01010077,106,56,50,66,36,30,36,28,8,20,4,16,10,4,6,40,20,20,25,12,13,15,8,7
S01010078,145,61,84,134,56,78,96,46,50,32,8,24,6,2,4,11,5,6,8,3,5,3,2,1
S01010079,175,72,103,162,64,98,122,44,78,36,16,20,4,4,0,13,8,5,12,8,4,1,0,1
S01010080,108,58,50,102,54,48,82,44,38,18,8,10,2,2,0,6,4,2,5,4,1,1,0,1
S01010081,112,71,41,98,62,36,82,50,32,16,12,4,0,0,0,14,9,5,11,7,4,3,2,1
S01010082,143,81,62,106,60,46,94,56,38,12,4,8,0,0,0,37,21,16,21,13,8,16,8,8
S01010083,116,57,59,76,32,44,40,18,22,18,4,14,18,10,8,40,25,15,25,17,8,15,8,7
S01010084,145,86,59,94,46,48,52,26,26,34,16,18,8,4,4,51,40,11,34,29,5,17,11,6
S01010085,141,65,76,130,58,72,96,38,58,26,16,10,8,4,4,11,7,4,5,3,2,6,4,2
S01010086,165,105,60,110,70,40,54,32,22,38,24,14,18,14,4,55,35,20,24,13,11,31,22,9
S01010087,104,54,50,98,48,50,86,42,44,10,4,6,2,2,0,6,6,0,3,3,0,3,3,0
S01010088,263,127,136,238,114,124,190,92,98,42,20,22,6,2,4,25,13,12,19,9,10,6,4,2
S01010089,97,60,37,76,42,34,46,22,24,20,12,8,10,8,2,21,18,3,14,12,2,7,6,1
S01010090,267,136,131,220,102,118,184,82,102,32,20,12,4,0,4,47,34,13,34,24,10,13,10,3
S01010091,233,118,115,200,98,102,158,74,84,34,20,14,8,4,4,33,20,13,23,15,8,10,5,5
S01010092,170,93,77,114,62,52,64,38,26,32,16,16,18,8,10,56,31,25,24,16,8,32,15,17
S01010093,182,112,70,136,78,58,108,62,46,28,16,12,0,0,0,46,34,12,32,25,7,14,9,5
S01010094,138,64,74,110,48,62,86,40,46,18,8,10,6,0,6,28,16,12,25,15,10,3,1,2
S01010095,127,67,60,106,54,52,88,48,40,14,4,10,4,2,2,21,13,8,15,10,5,6,3,3
S01010096,196,100,96,170,86,84,134,70,64,30,12,18,6,4,2,26,14,12,20,11,9,6,3,3
S01010097,164,86,78,130,66,64,110,56,54,14,6,8,6,4,2,34,20,14,13,11,2,21,9,12
S01010098,180,90,90,164,80,84,136,68,68,24,12,12,4,0,4,16,10,6,13,8,5,3,2,1
S01010099,145,74,71,128,62,66,108,56,52,20,6,14,0,0,0,17,12,5,11,9,2,6,3,3
S01010100,167,95,72,142,76,66,100,54,46,40,20,20,2,2,0,25,19,6,19,14,5,6,5,1
S01010101,133,82,51,110,66,44,80,50,30,30,16,14,0,0,0,23,16,7,12,10,2,11,6,5
S01010102,266,129,137,240,112,128,196,98,98,38,14,24,6,0,6,26,17,9,20,14,6,6,3,3
S01010103,283,167,116,252,146,106,196,118,78,52,26,26,4,2,2,31,21,10,27,19,8,4,2,2
S01010104,240,125,115,206,110,96,170,90,80,32,18,14,4,2,2,34,15,19,28,14,14,6,1,5
S01010105,86,55,31,44,28,16,16,16,0,18,10,8,10,2,8,42,27,15,20,16,4,22,11,11
S01010106,84,52,32,44,30,14,24,16,8,8,6,2,12,8,4,40,22,18,20,13,7,20,9,11
S01010107,149,100,49,74,52,22,44,34,10,24,14,10,6,4,2,75,48,27,38,25,13,37,23,14
S01010108,102,44,58,64,22,42,50,18,32,10,2,8,4,2,2,38,22,16,25,15,10,13,7,6
S01010109,136,76,60,70,36,34,38,24,14,26,12,14,6,0,6,66,40,26,32,22,10,34,18,16
S01010110,143,90,53,80,44,36,48,26,22,18,10,8,14,8,6,63,46,17,38,29,9,25,17,8
S01010111,201,90,111,106,38,68,44,16,28,36,12,24,26,10,16,95,52,43,38,24,14,57,28,29
S01010112,209,118,91,96,48,48,28,18,10,26,12,14,42,18,24,113,70,43,49,30,19,64,40,24
S01010113,138,80,58,78,44,34,38,32,6,24,8,16,16,4,12,60,36,24,25,19,6,35,17,18
S01010114,150,80,70,88,38,50,34,16,18,26,8,18,28,14,14,62,42,20,22,15,7,40,27,13
S01010115,169,85,84,126,58,68,94,44,50,22,10,12,10,4,6,43,27,16,28,19,9,15,8,7
S01010116,256,148,108,194,118,76,142,100,42,42,14,28,10,4,6,62,30,32,38,19,19,24,11,13
S01010117,171,95,76,140,78,62,104,54,50,34,22,12,2,2,0,31,17,14,21,12,9,10,5,5
S01010118,146,68,78,64,30,34,22,12,10,22,14,8,20,4,16,82,38,44,27,17,10,55,21,34
S01010119,126,61,65,70,34,36,44,18,26,16,12,4,10,4,6,56,27,29,29,11,18,27,16,11
S01010120,223,112,111,98,38,60,38,22,16,26,4,22,34,12,22,125,74,51,40,26,14,85,48,37
S01010121,142,86,56,78,40,38,26,14,12,24,16,8,28,10,18,64,46,18,36,27,9,28,19,9
S01010122,69,37,32,34,14,20,22,10,12,0,0,0,12,4,8,35,23,12,7,4,3,28,19,9
S01010123,171,94,77,96,54,42,58,36,22,20,8,12,18,10,8,75,40,35,44,26,18,31,14,17
S01010124,156,95,61,104,60,44,74,50,24,14,4,10,16,6,10,52,35,17,24,18,6,28,17,11
S01010125,139,82,57,82,46,36,46,30,16,24,14,10,12,2,10,57,36,21,30,20,10,27,16,11
S01010126,169,92,77,122,60,62,94,44,50,22,16,6,6,0,6,47,32,15,28,16,12,19,16,3
S01010127,85,46,39,50,22,28,24,14,10,12,4,8,14,4,10,35,24,11,18,13,5,17,11,6
S01010128,129,68,61,60,28,32,26,12,14,12,2,10,22,14,8,69,40,29,30,17,13,39,23,16
S01010129,160,99,61,80,42,38,30,16,14,20,10,10,30,16,14,80,57,23,25,15,10,55,42,13
S01010130,77,48,29,40,18,22,24,14,10,10,2,8,6,2,4,37,30,7,16,14,2,21,16,5
S01010131,194,107,87,176,96,80,144,78,66,28,18,10,4,0,4,18,11,7,13,7,6,5,4,1
S01010132,158,92,66,80,38,42,34,22,12,26,8,18,20,8,12,78,54,24,37,28,9,41,26,15
S01010133,99,59,40,56,36,20,32,26,6,12,6,6,12,4,8,43,23,20,20,12,8,23,11,12
S01010134,169,121,48,96,70,26,70,50,20,14,10,4,12,10,2,73,51,22,44,34,10,29,17,12
S01010135,124,67,57,82,46,36,46,24,22,26,18,8,10,4,6,42,21,21,20,12,8,22,9,13
S01010136,155,79,76,116,52,64,82,36,46,18,8,10,16,8,8,39,27,12,27,17,10,12,10,2
S01010137,124,80,44,64,42,22,46,30,16,12,8,4,6,4,2,60,38,22,38,25,13,22,13,9
S01010138,100,65,35,42,26,16,16,12,4,12,4,8,14,10,4,58,39,19,24,15,9,34,24,10
S01010139,139,89,50,84,52,32,50,36,14,24,12,12,10,4,6,55,37,18,28,16,12,27,21,6
S01010140,176,100,76,114,54,60,82,42,40,22,10,12,10,2,8,62,46,16,30,24,6,32,22,10
S01010141,138,78,60,60,28,32,22,10,12,22,8,14,16,10,6,78,50,28,38,25,13,40,25,15
S01010142,112,86,26,68,52,16,46,36,10,12,10,2,10,6,4,44,34,10,19,15,4,25,19,6
S01010143,119,77,42,76,48,28,56,38,18,16,8,8,4,2,2,43,29,14,25,14,11,18,15,3
S01010144,119,73,46,68,50,18,48,38,10,18,12,6,2,0,2,51,23,28,23,9,14,28,14,14
S01010145,143,87,56,92,54,38,50,30,20,24,12,12,18,12,6,51,33,18,28,20,8,23,13,10
S01010146,137,83,54,84,50,34,38,30,8,30,18,12,16,2,14,53,33,20,31,20,11,22,13,9
S01010147,187,101,86,80,42,38,36,18,18,22,12,10,22,12,10,107,59,48,50,29,21,57,30,27
S01010148,155,78,77,82,34,48,34,16,18,18,4,14,30,14,16,73,44,29,32,20,12,41,24,17
S01010149,112,64,48,82,40,42,66,34,32,12,6,6,4,0,4,30,24,6,22,19,3,8,5,3
S01010150,72,45,27,40,28,12,30,22,8,6,4,2,4,2,2,32,17,15,16,11,5,16,6,10
S01010151,76,32,44,50,16,34,24,10,14,22,6,16,4,0,4,26,16,10,6,3,3,20,13,7
S01010152,130,81,49,90,54,36,66,42,24,16,8,8,8,4,4,40,27,13,22,18,4,18,9,9
S01010153,150,93,57,106,54,52,74,42,32,26,10,16,6,2,4,44,39,5,24,21,3,20,18,2
S01010154,106,62,44,62,32,30,36,24,12,16,6,10,10,2,8,44,30,14,23,16,7,21,14,7
S01010155,88,37,51,64,20,44,48,18,30,10,0,10,6,2,4,24,17,7,12,10,2,12,7,5
S01010156,81,39,42,52,24,28,34,14,20,10,4,6,8,6,2,29,15,14,7,3,4,22,12,10
S01010157,87,55,32,46,22,24,14,6,8,14,4,10,18,12,6,41,33,8,14,12,2,27,21,6
S01010158,147,90,57,100,50,50,56,28,28,28,12,16,16,10,6,47,40,7,23,22,1,24,18,6
S01010159,107,51,56,72,26,46,34,14,20,24,6,18,14,6,8,35,25,10,23,19,4,12,6,6
S01010160,136,63,73,106,48,58,28,12,16,44,16,28,34,20,14,30,15,15,8,6,2,22,9,13
S01010161,165,84,81,122,54,68,86,36,50,24,10,14,12,8,4,43,30,13,24,16,8,19,14,5
S01010162,186,117,69,62,34,28,30,18,12,18,8,10,14,8,6,124,83,41,47,37,10,77,46,31
S01010163,122,65,57,64,30,34,28,12,16,16,10,6,20,8,12,58,35,23,24,17,7,34,18,16
S01010164,144,58,86,86,26,60,42,18,24,24,6,18,20,2,18,58,32,26,32,18,14,26,14,12
S01010165,102,54,48,30,16,14,8,4,4,10,8,2,12,4,8,72,38,34,25,10,15,47,28,19
S01010166,115,68,47,72,46,26,50,34,16,16,8,8,6,4,2,43,22,21,21,6,15,22,16,6
S01010167,99,57,42,42,18,24,22,12,10,16,2,14,4,4,0,57,39,18,29,20,9,28,19,9
S01010168,117,64,53,68,28,40,46,20,26,12,4,8,10,4,6,49,36,13,33,28,5,16,8,8
S01010169,202,120,82,122,68,54,78,50,28,24,12,12,20,6,14,80,52,28,35,30,5,45,22,23
S01010170,84,50,34,30,22,8,12,10,2,6,6,0,12,6,6,54,28,26,21,12,9,33,16,17
S01010171,225,127,98,102,48,54,40,24,16,28,12,16,34,12,22,123,79,44,51,33,18,72,46,26
S01010172,79,58,21,32,18,14,22,12,10,10,6,4,0,0,0,47,40,7,24,19,5,23,21,2
S01010173,128,66,62,92,40,52,58,26,32,24,8,16,10,6,4,36,26,10,21,14,7,15,12,3
S01010174,103,49,54,88,44,44,56,28,28,22,10,12,10,6,4,15,5,10,9,2,7,6,3,3
S01010175,88,39,49,62,26,36,50,24,26,8,2,6,4,0,4,26,13,13,8,6,2,18,7,11
S01010176,118,64,54,82,38,44,42,22,20,30,10,20,10,6,4,36,26,10,21,16,5,15,10,5
S01010177,158,70,88,78,34,44,30,12,18,30,16,14,18,6,12,80,36,44,29,16,13,51,20,31
S01010178,220,98,122,118,44,74,48,20,28,32,12,20,38,12,26,102,54,48,53,38,15,49,16,33
S01010179,141,86,55,70,36,34,36,22,14,20,10,10,14,4,10,71,50,21,27,21,6,44,29,15
S01010180,153,83,70,106,54,52,68,36,32,26,14,12,12,4,8,47,29,18,31,19,12,16,10,6
S01010181,111,56,55,48,20,28,28,16,12,8,2,6,12,2,10,63,36,27,16,12,4,47,24,23
S01010182,106,64,42,84,44,40,62,36,26,20,8,12,2,0,2,22,20,2,17,15,2,5,5,0
S01010183,72,49,23,34,26,8,22,18,4,6,4,2,6,4,2,38,23,15,18,13,5,20,10,10
S01010184,118,71,47,56,28,28,30,14,16,12,4,8,14,10,4,62,43,19,31,24,7,31,19,12
S01010185,139,79,60,70,32,38,40,18,22,14,8,6,16,6,10,69,47,22,31,22,9,38,25,13
S01010186,156,80,76,128,68,60,86,46,40,36,18,18,6,4,2,28,12,16,17,8,9,11,4,7
S01010187,122,77,45,96,54,42,70,42,28,24,10,14,2,2,0,26,23,3,19,17,2,7,6,1
S01010188,138,74,64,118,60,58,86,44,42,28,16,12,4,0,4,20,14,6,10,7,3,10,7,3
S01010189,306,140,166,284,126,158,240,106,134,44,20,24,0,0,0,22,14,8,15,8,7,7,6,1
S01010190,204,92,112,182,82,100,138,68,70,36,14,22,8,0,8,22,10,12,18,9,9,4,1,3
S01010191,228,106,122,194,90,104,154,78,76,36,10,26,4,2,2,34,16,18,24,11,13,10,5,5
S01010192,281,141,140,250,124,126,190,94,96,58,30,28,2,0,2,31,17,14,21,13,8,10,4,6
S01010193,168,100,68,140,76,64,114,62,52,22,12,10,4,2,2,28,24,4,26,23,3,2,1,1
S01010194,89,56,33,62,42,20,44,30,14,14,8,6,4,4,0,27,14,13,20,9,11,7,5,2
S01010195,115,62,53,86,44,42,44,22,22,26,14,12,16,8,8,29,18,11,17,11,6,12,7,5
S01010196,103,65,38,62,36,26,22,14,8,22,10,12,18,12,6,41,29,12,26,18,8,15,11,4
S01010197,122,65,57,74,32,42,36,10,26,14,6,8,24,16,8,48,33,15,23,18,5,25,15,10
S01010198,178,83,95,118,50,68,62,32,30,38,12,26,18,6,12,60,33,27,28,17,11,32,16,16
S01010199,93,54,39,36,18,18,16,4,12,10,8,2,10,6,4,57,36,21,27,21,6,30,15,15
S01010200,102,48,54,70,30,40,40,22,18,20,6,14,10,2,8,32,18,14,25,14,11,7,4,3
S01010201,141,64,77,110,46,64,78,36,42,22,8,14,10,2,8,31,18,13,21,12,9,10,6,4
S01010202,222,116,106,112,48,64,48,20,28,32,14,18,32,14,18,110,68,42,36,27,9,74,41,33
S01010203,181,96,85,144,72,72,118,58,60,22,12,10,4,2,2,37,24,13,24,16,8,13,8,5
S01010204,149,74,75,68,28,40,20,8,12,22,10,12,26,10,16,81,46,35,39,22,17,42,24,18
S01010205,96,65,31,50,30,20,42,28,14,6,2,4,2,0,2,46,35,11,20,16,4,26,19,7
S01010206,160,113,47,74,40,34,6,2,4,14,12,2,54,26,28,86,73,13,2,2,0,84,71,13
S01010207,174,43,131,104,16,88,12,6,6,28,4,24,64,6,58,70,27,43,20,7,13,50,20,30
S01010208,119,78,41,72,42,30,52,36,16,16,2,14,4,4,0,47,36,11,24,20,4,23,16,7
S01010209,141,90,51,76,44,32,40,30,10,24,10,14,12,4,8,65,46,19,34,27,7,31,19,12
S01010210,147,83,64,112,60,52,70,46,24,26,6,20,16,8,8,35,23,12,15,12,3,20,11,9
S01010211,160,106,54,92,62,30,44,34,10,26,16,10,22,12,10,68,44,24,32,23,9,36,21,15
S01010212,194,115,79,102,48,54,46,28,18,32,8,24,24,12,12,92,67,25,35,22,13,57,45,12
S01010213,145,97,48,94,58,36,54,38,16,28,10,18,12,10,2,51,39,12,28,24,4,23,15,8
S01010214,193,106,87,146,74,72,100,56,44,30,10,20,16,8,8,47,32,15,31,26,5,16,6,10
S01010215,133,80,53,54,22,32,20,14,6,16,2,14,18,6,12,79,58,21,40,29,11,39,29,10
S01010216,93,49,44,50,18,32,20,8,12,24,10,14,6,0,6,43,31,12,18,15,3,25,16,9
S01010217,151,57,94,70,24,46,16,6,10,28,10,18,26,8,18,81,33,48,22,11,11,59,22,37
S01010218,184,105,79,118,60,58,70,38,32,34,10,24,14,12,2,66,45,21,26,22,4,40,23,17
S01010219,98,56,42,64,32,32,30,14,16,24,12,12,10,6,4,34,24,10,16,13,3,18,11,7
S01010220,65,58,7,52,46,6,36,34,2,8,4,4,8,8,0,13,12,1,12,11,1,1,1,0
S01010221,63,35,28,24,16,8,12,8,4,10,8,2,2,0,2,39,19,20,20,11,9,19,8,11
S01010222,62,40,22,36,22,14,14,10,4,18,10,8,4,2,2,26,18,8,10,6,4,16,12,4
S01010223,68,50,18,32,26,6,18,18,0,10,6,4,4,2,2,36,24,12,18,13,5,18,11,7
S01010224,205,111,94,98,52,46,46,30,16,26,10,16,26,12,14,107,59,48,45,25,20,62,34,28
S01010225,151,93,58,82,38,44,34,12,22,30,16,14,18,10,8,69,55,14,23,21,2,46,34,12
S01010226,194,72,122,138,36,102,44,18,26,58,14,44,36,4,32,56,36,20,20,17,3,36,19,17
S01010227,195,80,115,134,52,82,48,12,36,36,16,20,50,24,26,61,28,33,14,7,7,47,21,26
S01010228,78,42,36,32,10,22,18,4,14,8,4,4,6,2,4,46,32,14,28,23,5,18,9,9
S01010229,203,121,82,124,66,58,90,52,38,18,8,10,16,6,10,79,55,24,44,32,12,35,23,12
S01010230,186,119,67,134,86,48,42,30,12,56,38,18,36,18,18,52,33,19,21,16,5,31,17,14
S01010231,210,122,88,110,54,56,64,36,28,32,14,18,14,4,10,100,68,32,53,41,12,47,27,20
S01010232,241,100,141,152,50,102,70,24,46,42,12,30,40,14,26,89,50,39,42,26,16,47,24,23
S01010233,221,129,92,130,72,58,48,30,18,44,20,24,38,22,16,91,57,34,28,18,10,63,39,24
S01010234,102,76,26,78,56,22,50,38,12,16,8,8,12,10,2,24,20,4,12,11,1,12,9,3
S01010235,58,43,15,42,30,12,26,18,8,12,10,2,4,2,2,16,13,3,6,5,1,10,8,2
S01010236,90,45,45,72,32,40,42,26,16,18,6,12,12,0,12,18,13,5,10,8,2,8,5,3
S01010237,70,33,37,52,22,30,30,14,16,14,6,8,8,2,6,18,11,7,9,5,4,9,6,3
S01010238,91,59,32,62,40,22,34,24,10,16,14,2,12,2,10,29,19,10,14,12,2,15,7,8
S01010239,101,57,44,56,32,24,24,18,6,16,10,6,16,4,12,45,25,20,25,19,6,20,6,14
S01010240,79,46,33,54,26,28,22,18,4,22,6,16,10,2,8,25,20,5,15,12,3,10,8,2
S01010241,90,52,38,58,34,24,36,16,20,16,12,4,6,6,0,32,18,14,21,13,8,11,5,6
S01010242,132,75,57,76,42,34,24,16,8,30,16,14,22,10,12,56,33,23,22,14,8,34,19,15
S01010243,153,96,57,84,52,32,32,26,6,26,12,14,26,14,12,69,44,25,27,23,4,42,21,21
S01010244,96,62,34,40,22,18,18,16,2,6,6,0,16,0,16,56,40,16,22,16,6,34,24,10
S01010245,161,111,50,48,26,22,14,10,4,16,12,4,18,4,14,113,85,28,42,32,10,71,53,18
S01010246,147,81,66,62,30,32,34,18,16,16,6,10,12,6,6,85,51,34,23,15,8,62,36,26
S01010247,124,86,38,100,70,30,78,56,22,16,8,8,6,6,0,24,16,8,17,13,4,7,3,4
S01010248,75,49,26,60,36,24,34,20,14,20,10,10,6,6,0,15,13,2,10,10,0,5,3,2
S01010249,50,44,6,34,30,4,16,14,2,14,12,2,4,4,0,16,14,2,6,6,0,10,8,2
S01010250,72,38,34,58,34,24,34,24,10,20,10,10,4,0,4,14,4,10,7,2,5,7,2,5
S01010251,100,53,47,80,42,38,52,34,18,24,6,18,4,2,2,20,11,9,12,7,5,8,4,4
S01010252,100,59,41,74,40,34,56,30,26,10,4,6,8,6,2,26,19,7,16,11,5,10,8,2
S01010253,89,51,38,42,22,20,26,16,10,8,6,2,8,0,8,47,29,18,22,17,5,25,12,13
S01010254,142,92,50,88,52,36,52,28,24,20,16,4,16,8,8,54,40,14,28,20,8,26,20,6
S01010255,127,61,66,68,26,42,28,10,18,16,6,10,24,10,14,59,35,24,29,13,16,30,22,8
S01010256,134,84,50,58,30,28,22,14,8,24,12,12,12,4,8,76,54,22,40,35,5,36,19,17
S01010257,28,24,4,10,8,2,4,4,0,2,2,0,4,2,2,18,16,2,9,8,1,9,8,1
S01010258,20,14,6,18,12,6,4,2,2,10,8,2,4,2,2,2,2,0,0,0,0,2,2,0
S01010259,94,56,38,48,28,20,16,12,4,16,10,6,16,6,10,46,28,18,25,16,9,21,12,9
S01010260,51,35,16,32,24,8,12,12,0,14,8,6,6,4,2,19,11,8,10,8,2,9,3,6
S01010261,67,36,31,38,16,22,8,6,2,10,2,8,20,8,12,29,20,9,14,9,5,15,11,4
S01010262,33,19,14,20,10,10,2,0,2,12,6,6,6,4,2,13,9,4,5,4,1,8,5,3
S01010263,25,23,2,18,18,0,14,14,0,4,4,0,0,0,0,7,5,2,3,2,1,4,3,1
S01010264,13,11,2,10,8,2,4,2,2,2,2,0,4,4,0,3,3,0,1,1,0,2,2,0
S01010265,21,14,7,16,12,4,6,6,0,6,4,2,4,2,2,5,2,3,3,2,1,2,0,2
S01010266,59,27,32,48,20,28,16,8,8,22,8,14,10,4,6,11,7,4,5,3,2,6,4,2
S01010267,31,20,11,26,16,10,10,4,6,12,8,4,4,4,0,5,4,1,3,3,0,2,1,1
S01010268,68,46,22,52,36,16,20,12,8,26,20,6,6,4,2,16,10,6,8,5,3,8,5,3
S01010269,34,21,13,30,18,12,14,8,6,8,4,4,8,6,2,4,3,1,2,2,0,2,1,1
S01010270,41,26,15,30,16,14,18,8,10,6,4,2,6,4,2,11,10,1,5,5,0,6,5,1
S01010271,45,16,29,38,12,26,16,10,6,18,2,16,4,0,4,7,4,3,3,2,1,4,2,2
S01010272,83,51,32,62,40,22,28,22,6,24,12,12,10,6,4,21,11,10,2,0,2,19,11,8
S01010273,19,16,3,12,10,2,10,8,2,2,2,0,0,0,0,7,6,1,2,2,0,5,4,1
S01010274,14,13,1,12,12,0,4,4,0,6,6,0,2,2,0,2,1,1,2,1,1,0,0,0
S01010275,25,18,7,18,12,6,12,10,2,2,0,2,4,2,2,7,6,1,4,4,0,3,2,1
S01010276,82,55,27,70,46,24,34,18,16,32,26,6,4,2,2,12,9,3,8,8,0,4,1,3
S01010277,81,37,44,58,24,34,26,14,12,26,10,16,6,0,6,23,13,10,15,8,7,8,5,3
S01010278,124,52,72,64,14,50,14,2,12,34,8,26,16,4,12,60,38,22,32,21,11,28,17,11
S01010279,75,45,30,52,32,20,26,16,10,20,10,10,6,6,0,23,13,10,8,6,2,15,7,8
S01010280,71,54,17,54,40,14,30,26,4,20,12,8,4,2,2,17,14,3,7,4,3,10,10,0
S01010281,66,44,22,62,40,22,16,16,0,22,16,6,24,8,16,4,4,0,3,3,0,1,1,0
S01010282,97,66,31,76,50,26,36,26,10,34,22,12,6,2,4,21,16,5,8,5,3,13,11,2
S01010283,47,29,18,30,16,14,12,6,6,12,4,8,6,6,0,17,13,4,8,6,2,9,7,2
S01010284,66,41,25,56,34,22,42,30,12,6,2,4,8,2,6,10,7,3,7,4,3,3,3,0
S01010285,106,61,45,78,46,32,42,26,16,26,14,12,10,6,4,28,15,13,14,8,6,14,7,7
S01010286,85,51,34,72,40,32,34,24,10,32,14,18,6,2,4,13,11,2,5,4,1,8,7,1
S01010287,66,51,15,58,44,14,46,36,10,8,4,4,4,4,0,8,7,1,5,4,1,3,3,0
S01010288,69,37,32,64,34,30,48,28,20,12,4,8,4,2,2,5,3,2,4,2,2,1,1,0
S01010289,111,63,48,106,58,48,84,48,36,20,10,10,2,0,2,5,5,0,4,4,0,1,1,0
S01010290,53,18,35,46,12,34,10,8,2,20,2,18,16,2,14,7,6,1,3,3,0,4,3,1
S01010291,85,48,37,62,34,28,18,10,8,26,16,10,18,8,10,23,14,9,17,10,7,6,4,2
S01010292,56,20,36,52,18,34,38,16,22,10,0,10,4,2,2,4,2,2,2,2,0,2,0,2
S01010293,80,29,51,66,20,46,8,4,4,34,10,24,24,6,18,14,9,5,3,0,3,11,9,2
S01010294,47,16,31,38,12,26,18,8,10,16,2,14,4,2,2,9,4,5,7,3,4,2,1,1
S01010295,77,38,39,62,28,34,22,12,10,26,10,16,14,6,8,15,10,5,6,5,1,9,5,4
S01010296,82,38,44,62,24,38,20,14,6,38,10,28,4,0,4,20,14,6,8,6,2,12,8,4
S01010297,76,47,29,42,22,20,18,4,14,16,14,2,8,4,4,34,25,9,12,8,4,22,17,5
S01010298,76,45,31,62,34,28,34,24,10,20,6,14,8,4,4,14,11,3,7,6,1,7,5,2
S01010299,81,38,43,58,24,34,8,6,2,38,12,26,12,6,6,23,14,9,4,3,1,19,11,8
S01010300,89,43,46,58,26,32,20,18,2,20,4,16,18,4,14,31,17,14,17,10,7,14,7,7
S01010301,56,33,23,40,24,16,14,12,2,16,8,8,10,4,6,16,9,7,10,7,3,6,2,4
S01010302,97,46,51,50,20,30,18,6,12,20,10,10,12,4,8,47,26,21,12,7,5,35,19,16
S01010303,168,75,93,112,38,74,26,16,10,34,16,18,52,6,46,56,37,19,21,16,5,35,21,14
S01010304,57,29,28,34,18,16,8,8,0,22,6,16,4,4,0,23,11,12,8,6,2,15,5,10
S01010305,56,37,19,38,22,16,16,10,6,18,12,6,4,0,4,18,15,3,9,9,0,9,6,3
S01010306,71,44,27,44,26,18,30,16,14,12,8,4,2,2,0,27,18,9,16,11,5,11,7,4
S01010307,89,54,35,76,44,32,58,36,22,14,8,6,4,0,4,13,10,3,10,8,2,3,2,1
S01010308,120,64,56,94,46,48,66,28,38,22,14,8,6,4,2,26,18,8,16,14,2,10,4,6
S01010309,34,21,13,24,16,8,14,8,6,8,6,2,2,2,0,10,5,5,3,1,2,7,4,3
S01010310,144,85,59,90,54,36,46,26,20,24,16,8,20,12,8,54,31,23,17,8,9,37,23,14
S01010311,135,84,51,70,40,30,30,24,6,22,10,12,18,6,12,65,44,21,26,22,4,39,22,17
S01010312,153,78,75,64,32,32,14,8,6,32,14,18,18,10,8,89,46,43,32,21,11,57,25,32
S01010313,104,58,46,62,38,24,30,18,12,6,2,4,26,18,8,42,20,22,19,12,7,23,8,15
S01010314,137,79,58,82,40,42,42,30,12,24,4,20,16,6,10,55,39,16,24,20,4,31,19,12
S01010315,216,130,86,138,74,64,86,50,36,40,20,20,12,4,8,78,56,22,38,31,7,40,25,15
S01010316,82,52,30,34,14,20,18,8,10,10,4,6,6,2,4,48,38,10,20,17,3,28,21,7
S01010317,54,47,7,42,36,6,24,20,4,14,14,0,4,2,2,12,11,1,9,8,1,3,3,0
S01010318,67,40,27,28,12,16,12,6,6,14,4,10,2,2,0,39,28,11,21,15,6,18,13,5
S01010319,84,60,24,60,44,16,38,32,6,18,8,10,4,4,0,24,16,8,13,7,6,11,9,2
S01010320,51,34,17,30,22,8,20,18,2,6,2,4,4,2,2,21,12,9,7,6,1,14,6,8
S01010321,52,29,23,30,16,14,12,10,2,8,4,4,10,2,8,22,13,9,13,6,7,9,7,2
S01010322,109,72,37,94,60,34,68,44,24,26,16,10,0,0,0,15,12,3,11,8,3,4,4,0
S01010323,88,56,32,34,22,12,16,16,0,12,0,12,6,6,0,54,34,20,19,12,7,35,22,13
S01010324,93,49,44,58,28,30,36,18,18,14,4,10,8,6,2,35,21,14,18,11,7,17,10,7
S01010325,126,62,64,88,38,50,40,18,22,18,12,6,30,8,22,38,24,14,23,15,8,15,9,6
S01010326,209,111,98,96,48,48,36,20,16,40,18,22,20,10,10,113,63,50,37,28,9,76,35,41
S01010327,223,120,103,154,76,78,92,54,38,48,16,32,14,6,8,69,44,25,38,23,15,31,21,10
S01010328,182,99,83,140,74,66,88,48,40,32,10,22,20,16,4,42,25,17,22,15,7,20,10,10
S01010329,77,43,34,52,24,28,28,16,12,12,4,8,12,4,8,25,19,6,16,11,5,9,8,1
S01010330,130,68,62,60,30,30,26,10,16,22,8,14,12,12,0,70,38,32,27,15,12,43,23,20
S01010331,131,74,57,58,30,28,42,26,16,10,2,8,6,2,4,73,44,29,36,23,13,37,21,16
S01010332,127,66,61,66,34,32,30,18,12,28,14,14,8,2,6,61,32,29,26,16,10,35,16,19
S01010333,170,96,74,94,44,50,60,28,32,18,8,10,16,8,8,76,52,24,42,31,11,34,21,13
S01010334,200,124,76,114,70,44,82,54,28,26,12,14,6,4,2,86,54,32,53,32,21,33,22,11
S01010335,137,62,75,96,40,56,48,22,26,22,2,20,26,16,10,41,22,19,23,12,11,18,10,8
S01010336,135,88,47,60,42,18,30,26,4,18,12,6,12,4,8,75,46,29,30,22,8,45,24,21
S01010337,105,64,41,58,36,22,34,22,12,6,4,2,18,10,8,47,28,19,24,19,5,23,9,14
S01010338,163,100,63,76,44,32,34,28,6,28,14,14,14,2,12,87,56,31,33,23,10,54,33,21
S01010339,134,81,53,84,52,32,48,36,12,24,12,12,12,4,8,50,29,21,25,15,10,25,14,11
S01010340,166,92,74,96,44,52,60,30,30,22,6,16,14,8,6,70,48,22,36,27,9,34,21,13
S01010341,120,62,58,84,42,42,58,30,28,18,8,10,8,4,4,36,20,16,20,13,7,16,7,9
S01010342,142,85,57,116,68,48,100,58,42,16,10,6,0,0,0,26,17,9,18,12,6,8,5,3
S01010343,235,109,126,200,86,114,166,74,92,32,12,20,2,0,2,35,23,12,27,17,10,8,6,2
S01010344,112,71,41,50,28,22,28,22,6,10,4,6,12,2,10,62,43,19,32,25,7,30,18,12
S01010345,155,64,91,138,58,80,104,42,62,32,16,16,2,0,2,17,6,11,15,5,10,2,1,1
S01010346,221,118,103,188,90,98,150,74,76,36,14,22,2,2,0,33,28,5,28,24,4,5,4,1
S01010347,188,116,72,92,54,38,56,40,16,24,8,16,12,6,6,96,62,34,52,33,19,44,29,15
S01010348,177,100,77,112,58,54,80,44,36,26,12,14,6,2,4,65,42,23,36,25,11,29,17,12
S01010349,152,80,72,100,48,52,70,36,34,24,6,18,6,6,0,52,32,20,35,19,16,17,13,4
S01010350,195,101,94,88,36,52,44,18,26,32,14,18,12,4,8,107,65,42,48,29,19,59,36,23
S01010351,178,90,88,104,50,54,76,38,38,18,6,12,10,6,4,74,40,34,45,26,19,29,14,15
S01010352,58,36,22,32,18,14,14,8,6,10,8,2,8,2,6,26,18,8,12,9,3,14,9,5
S01010353,197,115,82,94,50,44,36,20,16,30,16,14,28,14,14,103,65,38,31,22,9,72,43,29
S01010354,135,80,55,84,46,38,44,26,18,22,10,12,18,10,8,51,34,17,18,14,4,33,20,13
S01010355,107,57,50,56,30,26,22,16,6,22,8,14,12,6,6,51,27,24,24,14,10,27,13,14
S01010356,136,70,66,102,50,52,58,26,32,38,22,16,6,2,4,34,20,14,13,7,6,21,13,8
S01010357,84,50,34,48,22,26,24,14,10,10,2,8,14,6,8,36,28,8,17,13,4,19,15,4
S01010358,123,74,49,64,36,28,36,26,10,16,4,12,12,6,6,59,38,21,33,21,12,26,17,9
S01010359,156,105,51,48,32,16,28,20,8,10,4,6,10,8,2,108,73,35,46,34,12,62,39,23
S01010360,110,53,57,66,34,32,24,12,12,26,14,12,16,8,8,44,19,25,16,7,9,28,12,16
S01010361,91,61,30,34,18,16,18,8,10,14,8,6,2,2,0,57,43,14,35,27,8,22,16,6
S01010362,52,38,14,36,24,12,22,18,4,8,4,4,6,2,4,16,14,2,7,5,2,9,9,0
S01010363,125,71,54,98,52,46,66,38,28,28,12,16,4,2,2,27,19,8,18,14,4,9,5,4
S01010364,206,99,107,192,90,102,158,78,80,30,10,20,4,2,2,14,9,5,12,8,4,2,1,1
S01010365,183,91,92,168,78,90,124,62,62,36,14,22,8,2,6,15,13,2,11,11,0,4,2,2
S01010366,168,100,68,152,86,66,108,64,44,38,18,20,6,4,2,16,14,2,11,9,2,5,5,0
S01010367,187,88,99,166,78,88,122,48,74,40,26,14,4,4,0,21,10,11,17,8,9,4,2,2
S01010368,105,53,52,88,42,46,66,36,30,20,6,14,2,0,2,17,11,6,14,9,5,3,2,1
S01010369,108,56,52,84,38,46,62,26,36,18,12,6,4,0,4,24,18,6,15,11,4,9,7,2
S01010370,116,63,53,102,54,48,66,42,24,32,12,20,4,0,4,14,9,5,9,6,3,5,3,2
S01010371,125,61,64,116,58,58,84,44,40,30,14,16,2,0,2,9,3,6,6,3,3,3,0,3
S01010372,89,45,44,78,38,40,60,30,30,18,8,10,0,0,0,11,7,4,9,7,2,2,0,2
S01010373,86,44,42,76,38,38,46,24,22,26,12,14,4,2,2,10,6,4,8,4,4,2,2,0
S01010374,149,82,67,132,72,60,104,62,42,26,8,18,2,2,0,17,10,7,11,5,6,6,5,1
S01010375,26,8,18,22,8,14,16,6,10,6,2,4,0,0,0,4,0,4,2,0,2,2,0,2
S01010376,56,30,26,52,26,26,30,20,10,14,4,10,8,2,6,4,4,0,1,1,0,3,3,0
S01010377,88,47,41,72,42,30,40,22,18,18,10,8,14,10,4,16,5,11,8,3,5,8,2,6
S01010378,46,18,28,38,14,24,22,10,12,12,4,8,4,0,4,8,4,4,6,3,3,2,1,1
S01010379,61,29,32,52,24,28,36,12,24,4,2,2,12,10,2,9,5,4,6,3,3,3,2,1
S01010380,104,62,42,92,54,38,68,40,28,16,8,8,8,6,2,12,8,4,9,5,4,3,3,0
S01010381,37,21,16,26,14,12,12,12,0,2,0,2,12,2,10,11,7,4,8,5,3,3,2,1
S01010382,60,33,27,40,22,18,28,20,8,10,2,8,2,0,2,20,11,9,11,6,5,9,5,4
S01010383,61,39,22,36,24,12,20,16,4,10,6,4,6,2,4,25,15,10,13,6,7,12,9,3
S01010384,66,52,14,56,44,12,38,34,4,16,10,6,2,0,2,10,8,2,7,6,1,3,2,1
S01010385,70,48,22,46,32,14,26,18,8,16,12,4,4,2,2,24,16,8,16,10,6,8,6,2
S01010386,89,57,32,50,36,14,24,22,2,16,6,10,10,8,2,39,21,18,17,11,6,22,10,12
S01010387,92,62,30,68,44,24,46,28,18,18,16,2,4,0,4,24,18,6,16,12,4,8,6,2
S01010388,105,81,24,56,46,10,30,22,8,18,16,2,8,8,0,49,35,14,31,21,10,18,14,4
S01010389,64,48,16,44,34,10,26,24,2,16,10,6,2,0,2,20,14,6,13,9,4,7,5,2
S01010390,90,59,31,66,44,22,50,34,16,10,8,2,6,2,4,24,15,9,17,9,8,7,6,1
S01010391,56,42,14,26,22,4,14,12,2,10,10,0,2,0,2,30,20,10,19,13,6,11,7,4
S01010392,94,72,22,82,62,20,46,36,10,26,18,8,10,8,2,12,10,2,10,9,1,2,1,1
S01010393,60,39,21,50,32,18,38,24,14,8,6,2,4,2,2,10,7,3,6,5,1,4,2,2
S01010394,90,62,28,52,32,20,22,14,8,16,6,10,14,12,2,38,30,8,13,11,2,25,19,6
S01010395,104,69,35,78,52,26,54,42,12,14,10,4,10,0,10,26,17,9,16,13,3,10,4,6
S01010396,109,64,45,84,46,38,44,20,24,32,20,12,8,6,2,25,18,7,12,10,2,13,8,5
S01010397,64,42,22,62,40,22,42,32,10,16,8,8,4,0,4,2,2,0,0,0,0,2,2,0
S01010398,120,76,44,98,60,38,70,38,32,24,20,4,4,2,2,22,16,6,16,12,4,6,4,2
S01010399,101,78,23,94,72,22,78,62,16,14,8,6,2,2,0,7,6,1,5,5,0,2,1,1
S01010400,182,92,90,154,78,76,126,58,68,22,14,8,6,6,0,28,14,14,18,7,11,10,7,3
S01010401,60,37,23,48,28,20,40,26,14,8,2,6,0,0,0,12,9,3,9,8,1,3,1,2
S01010402,147,73,74,144,72,72,124,68,56,20,4,16,0,0,0,3,1,2,2,1,1,1,0,1
S01010403,149,79,70,134,66,68,110,52,58,24,14,10,0,0,0,15,13,2,15,13,2,0,0,0
S01010404,119,54,65,112,52,60,84,42,42,26,10,16,2,0,2,7,2,5,5,2,3,2,0,2
S01010405,125,63,62,112,54,58,88,44,44,24,10,14,0,0,0,13,9,4,9,6,3,4,3,1
S01010406,98,54,44,90,48,42,62,36,26,26,12,14,2,0,2,8,6,2,5,4,1,3,2,1
S01010407,61,38,23,48,30,18,32,22,10,10,4,6,6,4,2,13,8,5,6,5,1,7,3,4
S01010408,134,65,69,116,50,66,96,44,52,14,6,8,6,0,6,18,15,3,15,13,2,3,2,1
S01010409,186,57,129,172,52,120,130,48,82,42,4,38,0,0,0,14,5,9,12,4,8,2,1,1
S01010410,147,62,85,134,54,80,112,50,62,20,4,16,2,0,2,13,8,5,8,5,3,5,3,2
S01010411,328,79,249,314,72,242,242,54,188,68,18,50,4,0,4,14,7,7,11,5,6,3,2,1
S01010412,101,52,49,92,44,48,60,30,30,24,8,16,8,6,2,9,8,1,6,6,0,3,2,1
S01010413,124,58,66,116,52,64,86,36,50,30,16,14,0,0,0,8,6,2,7,5,2,1,1,0
S01010414,242,115,127,214,94,120,180,82,98,34,12,22,0,0,0,28,21,7,25,18,7,3,3,0
S01010415,154,70,84,116,42,74,82,34,48,26,8,18,8,0,8,38,28,10,16,11,5,22,17,5
S01010416,133,68,65,124,60,64,82,42,40,40,16,24,2,2,0,9,8,1,5,5,0,4,3,1
S01010417,107,51,56,94,44,50,76,38,38,16,6,10,2,0,2,13,7,6,11,6,5,2,1,1
S01010418,190,117,73,168,100,68,126,74,52,38,22,16,4,4,0,22,17,5,18,15,3,4,2,2
S01010419,188,77,111,172,68,104,136,64,72,32,4,28,4,0,4,16,9,7,10,7,3,6,2,4
S01010420,156,58,98,142,52,90,114,46,68,24,4,20,4,2,2,14,6,8,6,3,3,8,3,5
S01010421,230,85,145,220,80,140,162,56,106,52,18,34,6,6,0,10,5,5,7,3,4,3,2,1
S01010422,260,120,140,232,98,134,182,80,102,50,18,32,0,0,0,28,22,6,18,14,4,10,8,2
S01010423,136,90,46,72,46,26,32,26,6,24,10,14,16,10,6,64,44,20,36,22,14,28,22,6
S01010424,129,78,51,66,32,34,38,14,24,14,8,6,14,10,4,63,46,17,30,21,9,33,25,8
S01010425,175,123,52,96,72,24,54,44,10,20,14,6,22,14,8,79,51,28,44,32,12,35,19,16
S01010426,114,62,52,80,42,38,52,28,24,16,6,10,12,8,4,34,20,14,19,12,7,15,8,7
S01010427,233,100,133,174,68,106,58,34,24,62,28,34,54,6,48,59,32,27,22,17,5,37,15,22
S01010428,171,57,114,146,44,102,118,42,76,26,2,24,2,0,2,25,13,12,17,5,12,8,8,0
S01010429,254,127,127,234,114,120,188,92,96,42,22,20,4,0,4,20,13,7,15,11,4,5,2,3
S01010430,160,90,70,98,44,54,54,28,26,28,12,16,16,4,12,62,46,16,26,22,4,36,24,12
S01010431,194,74,120,178,60,118,142,50,92,36,10,26,0,0,0,16,14,2,14,12,2,2,2,0
S01010432,156,95,61,92,50,42,44,26,18,36,20,16,12,4,8,64,45,19,28,20,8,36,25,11
S01010433,196,53,143,140,30,110,24,6,18,68,10,58,48,14,34,56,23,33,16,6,10,40,17,23
S01010434,127,79,48,68,40,28,32,20,12,26,14,12,10,6,4,59,39,20,24,18,6,35,21,14
S01010435,108,53,55,76,34,42,64,28,36,12,6,6,0,0,0,32,19,13,16,10,6,16,9,7
S01010436,125,66,59,82,34,48,32,18,14,30,14,16,20,2,18,43,32,11,22,18,4,21,14,7
S01010437,102,57,45,68,34,34,46,28,18,20,4,16,2,2,0,34,23,11,25,17,8,9,6,3
S01010438,222,97,125,144,56,88,88,38,50,40,12,28,16,6,10,78,41,37,34,18,16,44,23,21
S01010439,172,94,78,96,52,44,56,38,18,36,12,24,4,2,2,76,42,34,32,25,7,44,17,27
S01010440,120,63,57,72,38,34,44,22,22,18,10,8,10,6,4,48,25,23,21,10,11,27,15,12
S01010441,106,78,28,66,48,18,50,38,12,6,2,4,10,8,2,40,30,10,22,17,5,18,13,5
S01010442,131,66,65,70,28,42,40,24,16,24,2,22,6,2,4,61,38,23,38,23,15,23,15,8
S01010443,103,42,61,72,28,44,54,24,30,12,4,8,6,0,6,31,14,17,16,11,5,15,3,12
S01010444,123,61,62,86,42,44,58,30,28,18,6,12,10,6,4,37,19,18,22,13,9,15,6,9
S01010445,154,68,86,106,48,58,72,38,34,18,6,12,16,4,12,48,20,28,20,10,10,28,10,18
S01010446,176,86,90,150,70,80,120,60,60,28,10,18,2,0,2,26,16,10,16,9,7,10,7,3
S01010447,214,113,101,136,68,68,94,44,50,28,18,10,14,6,8,78,45,33,38,23,15,40,22,18
S01010448,171,62,109,146,52,94,120,48,72,20,4,16,6,0,6,25,10,15,17,8,9,8,2,6
S01010449,140,84,56,102,54,48,66,34,32,20,12,8,16,8,8,38,30,8,16,11,5,22,19,3
S01010450,105,58,47,70,36,34,44,28,16,26,8,18,0,0,0,35,22,13,19,11,8,16,11,5
S01010451,166,79,87,116,40,76,58,20,38,44,12,32,14,8,6,50,39,11,24,17,7,26,22,4
S01010452,131,77,54,96,52,44,66,38,28,22,8,14,8,6,2,35,25,10,20,15,5,15,10,5
S01010453,129,83,46,76,54,22,40,30,10,18,16,2,18,8,10,53,29,24,14,12,2,39,17,22
S01010454,133,70,63,98,50,48,70,36,34,22,12,10,6,2,4,35,20,15,19,8,11,16,12,4
S01010455,127,94,33,62,42,20,30,24,6,16,4,12,16,14,2,65,52,13,41,36,5,24,16,8
S01010456,88,47,41,64,30,34,42,20,22,14,6,8,8,4,4,24,17,7,15,12,3,9,5,4
S01010457,126,70,56,102,54,48,52,22,30,30,20,10,20,12,8,24,16,8,12,8,4,12,8,4
S01010458,123,60,63,76,32,44,48,26,22,16,6,10,12,0,12,47,28,19,22,17,5,25,11,14
S01010459,83,54,29,60,42,18,36,28,8,16,10,6,8,4,4,23,12,11,12,6,6,11,6,5
S01010460,170,71,99,154,58,96,114,52,62,40,6,34,0,0,0,16,13,3,10,9,1,6,4,2
S01010461,131,83,48,88,48,40,56,34,22,26,10,16,6,4,2,43,35,8,13,11,2,30,24,6
S01010462,198,71,127,106,28,78,20,14,6,40,4,36,46,10,36,92,43,49,35,21,14,57,22,35
S01010463,163,70,93,134,48,86,98,40,58,32,6,26,4,2,2,29,22,7,20,17,3,9,5,4
S01010464,89,37,52,72,28,44,52,24,28,18,4,14,2,0,2,17,9,8,10,8,2,7,1,6
S01010465,198,104,94,166,82,84,138,74,64,26,8,18,2,0,2,32,22,10,22,15,7,10,7,3
S01010466,137,67,70,124,56,68,94,46,48,24,10,14,6,0,6,13,11,2,11,9,2,2,2,0
S01010467,105,42,63,88,34,54,52,28,24,24,6,18,12,0,12,17,8,9,13,7,6,4,1,3
S01010468,193,85,108,164,66,98,124,44,80,32,18,14,8,4,4,29,19,10,19,12,7,10,7,3
S01010469,50,31,19,34,18,16,12,8,4,16,6,10,6,4,2,16,13,3,7,6,1,9,7,2
S01010470,118,63,55,82,38,44,60,28,32,22,10,12,0,0,0,36,25,11,24,16,8,12,9,3
S01010471,127,69,58,88,46,42,50,32,18,24,4,20,14,10,4,39,23,16,13,9,4,26,14,12
S01010472,67,46,21,46,32,14,32,22,10,14,10,4,0,0,0,21,14,7,15,11,4,6,3,3
S01010473,97,48,49,72,26,46,30,14,16,34,10,24,8,2,6,25,22,3,18,16,2,7,6,1
S01010474,119,70,49,92,54,38,46,28,18,30,18,12,16,8,8,27,16,11,14,6,8,13,10,3
S01010475,97,51,46,82,40,42,54,28,26,24,12,12,4,0,4,15,11,4,12,9,3,3,2,1
S01010476,152,79,73,118,56,62,86,44,42,24,10,14,8,2,6,34,23,11,23,17,6,11,6,5
S01010477,116,66,50,86,46,40,62,34,28,16,6,10,8,6,2,30,20,10,18,12,6,12,8,4
S01010478,139,69,70,90,38,52,56,22,34,24,12,12,10,4,6,49,31,18,26,21,5,23,10,13
S01010479,203,111,92,144,80,64,100,62,38,32,12,20,12,6,6,59,31,28,34,17,17,25,14,11
S01010480,126,60,66,104,46,58,80,38,42,18,6,12,6,2,4,22,14,8,12,7,5,10,7,3
S01010481,149,66,83,78,30,48,32,8,24,24,10,14,22,12,10,71,36,35,23,17,6,48,19,29
S01010482,166,83,83,130,62,68,76,42,34,42,14,28,12,6,6,36,21,15,21,14,7,15,7,8
S01010483,199,109,90,154,78,76,104,64,40,38,8,30,12,6,6,45,31,14,23,21,2,22,10,12
S01010484,95,52,43,62,36,26,44,24,20,12,6,6,6,6,0,33,16,17,18,8,10,15,8,7
S01010485,203,84,119,156,64,92,108,48,60,36,14,22,12,2,10,47,20,27,27,10,17,20,10,10
S01010486,199,92,107,182,76,106,158,66,92,24,10,14,0,0,0,17,16,1,7,7,0,10,9,1
S01010487,201,86,115,160,64,96,122,50,72,30,8,22,8,6,2,41,22,19,23,13,10,18,9,9
S01010488,204,110,94,100,60,40,60,44,16,20,6,14,20,10,10,104,50,54,45,22,23,59,28,31
S01010489,173,87,86,108,46,62,76,40,36,24,0,24,8,6,2,65,41,24,33,23,10,32,18,14
S01010490,193,105,88,98,50,48,44,28,16,38,14,24,16,8,8,95,55,40,29,17,12,66,38,28
S01010491,242,137,105,120,66,54,54,38,16,40,16,24,26,12,14,122,71,51,55,35,20,67,36,31
S01010492,123,64,59,54,22,32,10,6,4,24,10,14,20,6,14,69,42,27,20,11,9,49,31,18
S01010493,182,97,85,88,46,42,28,20,8,32,10,22,28,16,12,94,51,43,31,23,8,63,28,35
S01010494,162,79,83,110,48,62,74,34,40,22,12,10,14,2,12,52,31,21,24,15,9,28,16,12
S01010495,192,107,85,80,40,40,48,20,28,24,14,10,8,6,2,112,67,45,51,34,17,61,33,28
S01010496,174,101,73,84,50,34,40,32,8,24,10,14,20,8,12,90,51,39,38,20,18,52,31,21
S01010497,186,86,100,122,48,74,66,32,34,20,4,16,36,12,24,64,38,26,31,21,10,33,17,16
S01010498,171,93,78,86,40,46,36,18,18,22,14,8,28,8,20,85,53,32,38,23,15,47,30,17
S01010499,154,88,66,76,36,40,16,8,8,22,10,12,38,18,20,78,52,26,29,20,9,49,32,17
S01010500,286,112,174,174,54,120,98,38,60,44,10,34,32,6,26,112,58,54,44,25,19,68,33,35
S01010501,196,103,93,132,66,66,84,42,42,28,20,8,20,4,16,64,37,27,35,22,13,29,15,14
S01010502,206,112,94,144,74,70,96,50,46,36,16,20,12,8,4,62,38,24,38,28,10,24,10,14
S01010503,110,67,43,54,30,24,24,14,10,10,2,8,20,14,6,56,37,19,30,19,11,26,18,8
S01010504,102,44,58,92,40,52,76,34,42,14,4,10,2,2,0,10,4,6,10,4,6,0,0,0
S01010505,105,38,67,88,28,60,72,20,52,10,6,4,6,2,4,17,10,7,12,7,5,5,3,2
S01010506,163,74,89,138,60,78,96,36,60,32,14,18,10,10,0,25,14,11,20,12,8,5,2,3
S01010507,168,65,103,144,52,92,110,46,64,28,4,24,6,2,4,24,13,11,15,10,5,9,3,6
S01010508,188,61,127,168,46,122,126,38,88,38,6,32,4,2,2,20,15,5,17,12,5,3,3,0
S01010509,182,80,102,168,76,92,126,62,64,40,14,26,2,0,2,14,4,10,11,4,7,3,0,3
S01010510,137,47,90,128,44,84,102,34,68,24,8,16,2,2,0,9,3,6,8,3,5,1,0,1
S01010511,204,97,107,152,64,88,98,42,56,50,20,30,4,2,2,52,33,19,32,23,9,20,10,10
S01010512,121,52,69,102,42,60,72,28,44,22,6,16,8,8,0,19,10,9,13,7,6,6,3,3
S01010513,162,56,106,152,50,102,122,34,88,28,16,12,2,0,2,10,6,4,7,4,3,3,2,1
S01010514,156,64,92,126,46,80,104,40,64,20,4,16,2,2,0,30,18,12,20,12,8,10,6,4
S01010515,170,93,77,136,64,72,92,46,46,42,18,24,2,0,2,34,29,5,21,20,1,13,9,4
S01010516,101,52,49,78,42,36,68,38,30,10,4,6,0,0,0,23,10,13,8,5,3,15,5,10
S01010517,190,103,87,148,76,72,96,54,42,42,20,22,10,2,8,42,27,15,20,15,5,22,12,10
S01010518,127,72,55,104,58,46,86,52,34,16,4,12,2,2,0,23,14,9,16,10,6,7,4,3
S01010519,169,73,96,134,52,82,94,40,54,26,10,16,14,2,12,35,21,14,17,10,7,18,11,7
S01010520,218,98,120,194,88,106,158,82,76,34,4,30,2,2,0,24,10,14,20,9,11,4,1,3
S01010521,174,84,90,138,60,78,96,42,54,38,18,20,4,0,4,36,24,12,27,17,10,9,7,2
S01010522,128,73,55,112,60,52,84,46,38,22,10,12,6,4,2,16,13,3,9,8,1,7,5,2
S01010523,194,101,93,144,70,74,92,40,52,36,20,16,16,10,6,50,31,19,35,24,11,15,7,8
S01010524,70,37,33,66,34,32,46,24,22,20,10,10,0,0,0,4,3,1,2,2,0,2,1,1
S01010525,127,63,64,120,60,60,70,38,32,42,18,24,8,4,4,7,3,4,5,3,2,2,0,2
S01010526,157,61,96,142,50,92,110,46,64,30,4,26,2,0,2,15,11,4,11,10,1,4,1,3
S01010527,159,78,81,120,54,66,86,38,48,32,16,16,2,0,2,39,24,15,27,20,7,12,4,8
S01010528,122,32,90,116,30,86,82,20,62,26,10,16,8,0,8,6,2,4,3,0,3,3,2,1
S01010529,139,61,78,126,54,72,102,46,56,20,6,14,4,2,2,13,7,6,11,6,5,2,1,1
S01010530,122,42,80,112,36,76,92,34,58,16,2,14,4,0,4,10,6,4,10,6,4,0,0,0
S01010531,190,79,111,176,70,106,140,60,80,30,8,22,6,2,4,14,9,5,11,8,3,3,1,2
S01010532,102,37,65,96,34,62,76,22,54,18,10,8,2,2,0,6,3,3,2,1,1,4,2,2
S01010533,82,25,57,74,20,54,56,18,38,14,2,12,4,0,4,8,5,3,7,5,2,1,0,1
S01010534,205,82,123,172,62,110,130,48,82,36,10,26,6,4,2,33,20,13,24,14,10,9,6,3
S01010535,154,61,93,132,54,78,104,42,62,28,12,16,0,0,0,22,7,15,11,2,9,11,5,6
S01010536,181,98,83,158,84,74,130,68,62,28,16,12,0,0,0,23,14,9,18,10,8,5,4,1
S01010537,121,66,55,96,46,50,72,36,36,18,10,8,6,0,6,25,20,5,19,16,3,6,4,2
S01010538,238,97,141,186,66,120,138,52,86,42,12,30,6,2,4,52,31,21,34,19,15,18,12,6
S01010539,172,92,80,146,76,70,118,58,60,26,18,8,2,0,2,26,16,10,21,12,9,5,4,1
S01010540,110,61,49,90,48,42,68,34,34,18,12,6,4,2,2,20,13,7,16,10,6,4,3,1
S01010541,157,74,83,136,58,78,112,44,68,22,14,8,2,0,2,21,16,5,20,15,5,1,1,0
S01010542,161,62,99,142,50,92,112,42,70,24,4,20,6,4,2,19,12,7,14,9,5,5,3,2
S01010543,110,37,73,102,34,68,82,24,58,16,6,10,4,4,0,8,3,5,4,2,2,4,1,3
S01010544,188,74,114,158,58,100,114,50,64,38,8,30,6,0,6,30,16,14,18,11,7,12,5,7
S01010545,146,52,94,124,38,86,100,36,64,18,2,16,6,0,6,22,14,8,12,8,4,10,6,4
S01010546,125,64,61,104,48,56,78,44,34,20,4,16,6,0,6,21,16,5,15,11,4,6,5,1
S01010547,152,56,96,138,50,88,92,38,54,38,8,30,8,4,4,14,6,8,12,5,7,2,1,1
S01010548,114,39,75,106,34,72,88,30,58,16,2,14,2,2,0,8,5,3,6,3,3,2,2,0
S01010549,258,83,175,238,68,170,178,60,118,54,8,46,6,0,6,20,15,5,16,11,5,4,4,0
S01010550,118,63,55,104,52,52,84,42,42,16,8,8,4,2,2,14,11,3,12,10,2,2,1,1
S01010551,172,68,104,144,56,88,98,40,58,42,14,28,4,2,2,28,12,16,20,8,12,8,4,4
S01010552,169,64,105,146,48,98,106,42,64,34,6,28,6,0,6,23,16,7,15,12,3,8,4,4
S01010553,123,57,66,110,52,58,76,42,34,28,6,22,6,4,2,13,5,8,9,5,4,4,0,4
S01010554,149,83,66,114,66,48,84,50,34,28,16,12,2,0,2,35,17,18,16,11,5,19,6,13
S01010555,177,98,79,134,70,64,96,54,42,28,14,14,10,2,8,43,28,15,19,12,7,24,16,8
S01010556,204,77,127,154,52,102,86,38,48,52,10,42,16,4,12,50,25,25,32,16,16,18,9,9
S01010557,137,65,72,104,40,64,78,30,48,20,10,10,6,0,6,33,25,8,12,10,2,21,15,6
S01010558,141,65,76,116,52,64,84,38,46,20,12,8,12,2,10,25,13,12,14,7,7,11,6,5
S01010559,124,51,73,112,44,68,82,32,50,30,12,18,0,0,0,12,7,5,9,6,3,3,1,2
S01010560,108,34,74,94,26,68,82,20,62,8,4,4,4,2,2,14,8,6,12,7,5,2,1,1
S01010561,150,60,90,138,54,84,106,44,62,30,10,20,2,0,2,12,6,6,9,4,5,3,2,1
S01010562,137,58,79,122,48,74,102,44,58,18,2,16,2,2,0,15,10,5,12,8,4,3,2,1
S01010563,100,48,52,82,40,42,52,32,20,30,8,22,0,0,0,18,8,10,9,3,6,9,5,4
S01010564,59,27,32,42,16,26,28,12,16,12,4,8,2,0,2,17,11,6,7,3,4,10,8,2
S01010565,136,52,84,126,44,82,76,30,46,34,10,24,16,4,12,10,8,2,5,4,1,5,4,1
S01010566,239,89,150,216,74,142,176,64,112,36,10,26,4,0,4,23,15,8,11,7,4,12,8,4
S01010567,228,82,146,216,76,140,184,70,114,28,4,24,4,2,2,12,6,6,11,6,5,1,0,1
S01010568,235,114,121,200,94,106,160,82,78,38,12,26,2,0,2,35,20,15,17,9,8,18,11,7
S01010569,146,69,77,132,60,72,92,44,48,38,14,24,2,2,0,14,9,5,10,7,3,4,2,2
S01010570,232,116,116,174,88,86,108,66,42,56,20,36,10,2,8,58,28,30,27,17,10,31,11,20
S01010571,139,67,72,118,52,66,92,34,58,24,16,8,2,2,0,21,15,6,17,12,5,4,3,1
S01010572,167,93,74,126,66,60,86,44,42,38,20,18,2,2,0,41,27,14,28,18,10,13,9,4
S01010573,125,64,61,106,52,54,90,50,40,14,2,12,2,0,2,19,12,7,15,11,4,4,1,3
S01010574,172,78,94,162,72,90,122,58,64,38,14,24,2,0,2,10,6,4,8,6,2,2,0,2
S01010575,140,63,77,130,60,70,100,46,54,28,14,14,2,0,2,10,3,7,8,3,5,2,0,2
S01010576,171,71,100,158,62,96,126,52,74,28,8,20,4,2,2,13,9,4,12,8,4,1,1,0
S01010577,188,67,121,130,42,88,90,32,58,30,6,24,10,4,6,58,25,33,35,19,16,23,6,17
S01010578,128,55,73,108,46,62,88,38,50,20,8,12,0,0,0,20,9,11,16,8,8,4,1,3
S01010579,156,86,70,142,76,66,116,66,50,22,8,14,4,2,2,14,10,4,14,10,4,0,0,0
S01010580,67,46,21,52,36,16,32,20,12,20,16,4,0,0,0,15,10,5,9,6,3,6,4,2
S01010581,123,64,59,108,54,54,76,38,38,32,16,16,0,0,0,15,10,5,11,6,5,4,4,0
S01010582,109,49,60,102,44,58,70,32,38,32,12,20,0,0,0,7,5,2,7,5,2,0,0,0
S01010583,231,118,113,206,102,104,170,82,88,34,18,16,2,2,0,25,16,9,22,14,8,3,2,1
S01010584,258,120,138,220,94,126,156,66,90,60,26,34,4,2,2,38,26,12,28,19,9,10,7,3
S01010585,288,143,145,252,126,126,196,100,96,52,26,26,4,0,4,36,17,19,31,15,16,5,2,3
S01010586,200,82,118,188,76,112,144,62,82,42,14,28,2,0,2,12,6,6,11,5,6,1,1,0
S01010587,140,65,75,130,60,70,112,54,58,14,4,10,4,2,2,10,5,5,7,3,4,3,2,1
S01010588,154,52,102,138,46,92,104,38,66,32,8,24,2,0,2,16,6,10,13,5,8,3,1,2
S01010589,126,64,62,98,48,50,74,36,38,18,10,8,6,2,4,28,16,12,13,8,5,15,8,7
S01010590,282,78,204,270,70,200,202,58,144,66,12,54,2,0,2,12,8,4,8,6,2,4,2,2
S01010591,236,111,125,194,88,106,148,80,68,34,4,30,12,4,8,42,23,19,29,16,13,13,7,6
S01010592,86,48,38,60,28,32,44,26,18,16,2,14,0,0,0,26,20,6,19,13,6,7,7,0
S01010593,161,57,104,150,52,98,126,46,80,22,4,18,2,2,0,11,5,6,9,5,4,2,0,2
S01010594,183,88,95,158,74,84,136,62,74,20,12,8,2,0,2,25,14,11,17,12,5,8,2,6
S01010595,285,109,176,242,88,154,186,68,118,44,14,30,12,6,6,43,21,22,35,19,16,8,2,6
S01010596,216,84,132,198,76,122,154,64,90,36,10,26,8,2,6,18,8,10,12,8,4,6,0,6
S01010597,190,108,82,150,82,68,128,74,54,16,6,10,6,2,4,40,26,14,29,21,8,11,5,6
S01010598,328,153,175,280,122,158,220,112,108,56,10,46,4,0,4,48,31,17,29,22,7,19,9,10
S01010599,157,66,91,142,58,84,100,44,56,38,10,28,4,4,0,15,8,7,11,5,6,4,3,1
S01010600,139,68,71,130,64,66,104,50,54,24,12,12,2,2,0,9,4,5,7,3,4,2,1,1
S01010601,135,61,74,124,52,72,104,48,56,16,2,14,4,2,2,11,9,2,8,7,1,3,2,1
S01010602,94,43,51,86,36,50,70,32,38,14,2,12,2,2,0,8,7,1,6,5,1,2,2,0
S01010603,135,53,82,126,46,80,94,34,60,24,10,14,8,2,6,9,7,2,5,4,1,4,3,1
S01010604,124,49,75,112,46,66,84,34,50,26,10,16,2,2,0,12,3,9,10,3,7,2,0,2
S01010605,171,73,98,160,68,92,130,54,76,26,12,14,4,2,2,11,5,6,9,5,4,2,0,2
S01010606,170,79,91,126,54,72,96,46,50,26,8,18,4,0,4,44,25,19,30,19,11,14,6,8
S01010607,181,79,102,172,74,98,144,62,82,28,12,16,0,0,0,9,5,4,9,5,4,0,0,0
S01010608,157,78,79,88,40,48,52,22,30,24,14,10,12,4,8,69,38,31,35,25,10,34,13,21
S01010609,131,70,61,92,40,52,52,30,22,36,10,26,4,0,4,39,30,9,30,22,8,9,8,1
S01010610,90,42,48,82,40,42,50,22,28,24,10,14,8,8,0,8,2,6,6,1,5,2,1,1
S01010611,166,86,80,126,58,68,100,48,52,24,8,16,2,2,0,40,28,12,30,25,5,10,3,7
S01010612,167,66,101,140,52,88,102,40,62,34,12,22,4,0,4,27,14,13,18,8,10,9,6,3
S01010613,113,59,54,90,46,44,64,32,32,26,14,12,0,0,0,23,13,10,15,7,8,8,6,2
S01010614,106,55,51,74,40,34,54,30,24,20,10,10,0,0,0,32,15,17,20,10,10,12,5,7
S01010615,209,118,91,174,94,80,138,74,64,32,18,14,4,2,2,35,24,11,23,16,7,12,8,4
S01010616,185,101,84,166,88,78,148,76,72,18,12,6,0,0,0,19,13,6,18,12,6,1,1,0
S01010617,194,74,120,168,58,110,148,54,94,20,4,16,0,0,0,26,16,10,23,15,8,3,1,2
S01010618,158,76,82,138,64,74,112,56,56,24,6,18,2,2,0,20,12,8,19,12,7,1,0,1
S01010619,104,60,44,68,36,32,32,16,16,36,20,16,0,0,0,36,24,12,22,17,5,14,7,7
S01010620,87,60,27,64,44,20,32,24,8,24,18,6,8,2,6,23,16,7,10,8,2,13,8,5
S01010621,173,83,90,156,68,88,94,42,52,54,20,34,8,6,2,17,15,2,10,10,0,7,5,2
S01010622,125,69,56,70,32,38,42,20,22,24,8,16,4,4,0,55,37,18,35,28,7,20,9,11
S01010623,320,123,197,290,110,180,128,56,72,154,48,106,8,6,2,30,13,17,14,7,7,16,6,10
S01010624,123,67,56,94,52,42,64,40,24,20,12,8,10,0,10,29,15,14,18,10,8,11,5,6
S01010625,124,53,71,114,46,68,84,34,50,28,12,16,2,0,2,10,7,3,8,7,1,2,0,2
S01010626,135,51,84,126,46,80,104,38,66,18,8,10,4,0,4,9,5,4,6,4,2,3,1,2
S01010627,125,66,59,102,46,56,80,38,42,20,8,12,2,0,2,23,20,3,16,13,3,7,7,0
S01010628,150,81,69,126,64,62,106,56,50,16,4,12,4,4,0,24,17,7,20,15,5,4,2,2
S01010629,162,70,92,132,54,78,94,34,60,32,16,16,6,4,2,30,16,14,23,13,10,7,3,4
S01010630,119,67,52,88,46,42,56,34,22,26,8,18,6,4,2,31,21,10,15,12,3,16,9,7
S01010631,73,48,25,52,34,18,30,20,10,20,12,8,2,2,0,21,14,7,12,9,3,9,5,4
S01010632,173,102,71,128,68,60,82,52,30,36,12,24,10,4,6,45,34,11,29,24,5,16,10,6
S01010633,214,97,117,158,68,90,78,40,38,60,20,40,20,8,12,56,29,27,33,19,14,23,10,13
S01010634,143,67,76,118,52,66,78,36,42,36,14,22,4,2,2,25,15,10,17,8,9,8,7,1
S01010635,161,69,92,122,50,72,88,38,50,22,8,14,12,4,8,39,19,20,22,10,12,17,9,8
S01010636,151,78,73,130,70,60,108,66,42,22,4,18,0,0,0,21,8,13,14,6,8,7,2,5
S01010637,39,31,8,34,26,8,26,20,6,4,4,0,4,2,2,5,5,0,4,4,0,1,1,0
S01010638,120,74,46,92,50,42,70,42,28,22,8,14,0,0,0,28,24,4,17,14,3,11,10,1
S01010639,209,130,79,136,78,58,90,50,40,34,18,16,12,10,2,73,52,21,42,32,10,31,20,11
S01010640,101,62,39,70,44,26,54,36,18,10,2,8,6,6,0,31,18,13,25,18,7,6,0,6
S01010641,218,103,115,156,70,86,74,38,36,66,20,46,16,12,4,62,33,29,37,21,16,25,12,13
S01010642,235,126,109,140,68,72,84,40,44,40,20,20,16,8,8,95,58,37,48,32,16,47,26,21
S01010643,206,97,109,138,58,80,64,26,38,56,22,34,18,10,8,68,39,29,30,20,10,38,19,19
S01010644,142,75,67,86,40,46,46,30,16,26,8,18,14,2,12,56,35,21,27,16,11,29,19,10
S01010645,96,66,30,90,62,28,74,54,20,14,6,8,2,2,0,6,4,2,6,4,2,0,0,0
S01010646,116,50,66,102,42,60,82,36,46,18,6,12,2,0,2,14,8,6,12,8,4,2,0,2
S01010647,97,53,44,86,46,40,74,38,36,10,6,4,2,2,0,11,7,4,9,6,3,2,1,1
S01010648,110,60,50,90,48,42,72,36,36,12,8,4,6,4,2,20,12,8,13,7,6,7,5,2
S01010649,95,60,35,86,56,30,78,54,24,8,2,6,0,0,0,9,4,5,8,4,4,1,0,1
S01010650,104,54,50,92,46,46,76,40,36,14,6,8,2,0,2,12,8,4,7,6,1,5,2,3
S01010651,118,46,72,100,40,60,70,26,44,22,10,12,8,4,4,18,6,12,10,4,6,8,2,6
S01010652,162,84,78,134,62,72,98,48,50,20,8,12,16,6,10,28,22,6,21,15,6,7,7,0
S01010653,82,50,32,68,38,30,58,34,24,8,2,6,2,2,0,14,12,2,13,11,2,1,1,0
S01010654,142,61,81,108,40,68,86,34,52,20,6,14,2,0,2,34,21,13,26,14,12,8,7,1
S01010655,195,61,134,180,52,128,134,40,94,42,12,30,4,0,4,15,9,6,14,8,6,1,1,0
S01010656,120,59,61,96,44,52,78,38,40,18,6,12,0,0,0,24,15,9,16,11,5,8,4,4
S01010657,123,46,77,114,42,72,92,36,56,20,6,14,2,0,2,9,4,5,7,3,4,2,1,1
S01010658,140,57,83,124,50,74,94,42,52,26,4,22,4,4,0,16,7,9,11,5,6,5,2,3
S01010659,113,40,73,102,36,66,80,26,54,20,10,10,2,0,2,11,4,7,9,4,5,2,0,2
S01010660,125,62,63,106,46,60,76,30,46,26,12,14,4,4,0,19,16,3,13,12,1,6,4,2
S01010661,70,38,32,54,24,30,42,20,22,12,4,8,0,0,0,16,14,2,8,6,2,8,8,0
S01010662,164,49,115,142,36,106,110,30,80,30,6,24,2,0,2,22,13,9,16,8,8,6,5,1
S01010663,186,61,125,174,56,118,130,48,82,42,6,36,2,2,0,12,5,7,8,4,4,4,1,3
S01010664,170,71,99,158,62,96,104,40,64,48,20,28,6,2,4,12,9,3,11,9,2,1,0,1
S01010665,174,73,101,144,58,86,84,44,40,54,12,42,6,2,4,30,15,15,23,13,10,7,2,5
S01010666,227,114,113,202,96,106,140,72,68,50,18,32,12,6,6,25,18,7,21,14,7,4,4,0
S01010667,168,85,83,160,78,82,118,60,58,32,18,14,10,0,10,8,7,1,7,6,1,1,1,0
S01010668,187,85,102,174,78,96,110,54,56,54,20,34,10,4,6,13,7,6,5,2,3,8,5,3
S01010669,106,27,79,98,22,76,58,16,42,36,4,32,4,2,2,8,5,3,5,3,2,3,2,1
S01010670,139,51,88,122,40,82,94,30,64,24,10,14,4,0,4,17,11,6,15,10,5,2,1,1
S01010671,136,57,79,112,48,64,88,38,50,24,10,14,0,0,0,24,9,15,10,2,8,14,7,7
S01010672,124,68,56,82,38,44,58,32,26,16,2,14,8,4,4,42,30,12,30,20,10,12,10,2
S01010673,145,66,79,122,54,68,88,42,46,24,10,14,10,2,8,23,12,11,17,9,8,6,3,3
S01010674,197,77,120,170,68,102,112,54,58,52,14,38,6,0,6,27,9,18,20,7,13,7,2,5
S01010675,114,52,62,104,46,58,76,36,40,24,6,18,4,4,0,10,6,4,5,4,1,5,2,3
S01010676,143,52,91,128,46,82,84,34,50,38,8,30,6,4,2,15,6,9,12,4,8,3,2,1
S01010677,85,39,46,70,32,38,54,24,30,14,6,8,2,2,0,15,7,8,10,5,5,5,2,3
S01010678,111,41,70,104,38,66,80,28,52,22,8,14,2,2,0,7,3,4,6,2,4,1,1,0
S01010679,82,39,43,66,28,38,52,22,30,12,4,8,2,2,0,16,11,5,12,7,5,4,4,0
S01010680,101,41,60,74,26,48,66,22,44,6,2,4,2,2,0,27,15,12,12,8,4,15,7,8
S01010681,277,130,147,230,106,124,150,80,70,66,20,46,14,6,8,47,24,23,27,16,11,20,8,12
S01010682,198,79,119,182,70,112,140,58,82,36,10,26,6,2,4,16,9,7,12,8,4,4,1,3
S01010683,171,76,95,164,72,92,108,50,58,44,16,28,12,6,6,7,4,3,4,2,2,3,2,1
S01010684,113,58,55,98,48,50,60,22,38,32,24,8,6,2,4,15,10,5,11,7,4,4,3,1
S01010685,90,42,48,78,38,40,50,24,26,20,8,12,8,6,2,12,4,8,5,4,1,7,0,7
S01010686,136,61,75,120,50,70,96,38,58,20,12,8,4,0,4,16,11,5,11,6,5,5,5,0
S01010687,154,77,77,138,70,68,112,58,54,20,10,10,6,2,4,16,7,9,10,3,7,6,4,2
S01010688,115,51,64,106,48,58,84,38,46,22,10,12,0,0,0,9,3,6,8,3,5,1,0,1
S01010689,94,42,52,84,36,48,54,22,32,24,10,14,6,4,2,10,6,4,10,6,4,0,0,0
S01010690,135,74,61,116,64,52,88,44,44,22,18,4,6,2,4,19,10,9,14,8,6,5,2,3
S01010691,138,59,79,124,50,74,86,42,44,36,8,28,2,0,2,14,9,5,11,7,4,3,2,1
S01010692,175,89,86,150,74,76,110,58,52,32,12,20,8,4,4,25,15,10,18,13,5,7,2,5
S01010693,84,34,50,78,30,48,64,20,44,10,6,4,4,4,0,6,4,2,6,4,2,0,0,0
S01010694,81,45,36,72,38,34,42,22,20,28,16,12,2,0,2,9,7,2,7,6,1,2,1,1
S01010695,122,56,66,108,48,60,80,44,36,28,4,24,0,0,0,14,8,6,13,7,6,1,1,0
S01010696,205,82,123,180,72,108,136,58,78,40,10,30,4,4,0,25,10,15,21,9,12,4,1,3
S01010697,237,104,133,216,90,126,142,60,82,60,22,38,14,8,6,21,14,7,17,12,5,4,2,2
S01010698,141,51,90,106,42,64,74,34,40,26,6,20,6,2,4,35,9,26,23,5,18,12,4,8
S01010699,130,46,84,122,40,82,86,26,60,32,10,22,4,4,0,8,6,2,8,6,2,0,0,0
S01010700,131,57,74,122,50,72,94,40,54,22,6,16,6,4,2,9,7,2,3,2,1,6,5,1
S01010701,242,90,152,210,70,140,142,52,90,50,12,38,18,6,12,32,20,12,25,14,11,7,6,1
S01010702,158,73,85,150,70,80,118,60,58,30,10,20,2,0,2,8,3,5,8,3,5,0,0,0
S01010703,157,71,86,146,64,82,112,52,60,28,10,18,6,2,4,11,7,4,8,5,3,3,2,1
S01010704,129,55,74,104,38,66,72,24,48,30,12,18,2,2,0,25,17,8,18,12,6,7,5,2
S01010705,263,126,137,230,110,120,150,78,72,68,26,42,12,6,6,33,16,17,19,10,9,14,6,8
S01010706,153,63,90,120,46,74,72,26,46,42,18,24,6,2,4,33,17,16,14,5,9,19,12,7
S01010707,118,42,76,114,38,76,88,34,54,22,4,18,4,0,4,4,4,0,2,2,0,2,2,0
S01010708,100,48,52,84,38,46,56,28,28,26,8,18,2,2,0,16,10,6,10,6,4,6,4,2
S01010709,177,69,108,156,60,96,128,44,84,28,16,12,0,0,0,21,9,12,14,7,7,7,2,5
S01010710,148,63,85,112,46,66,50,32,18,44,8,36,18,6,12,36,17,19,20,11,9,16,6,10
S01010711,170,56,114,158,52,106,126,44,82,30,8,22,2,0,2,12,4,8,8,3,5,4,1,3
S01010712,174,71,103,144,54,90,98,48,50,40,6,34,6,0,6,30,17,13,19,12,7,11,5,6
S01010713,173,64,109,144,44,100,102,34,68,38,8,30,4,2,2,29,20,9,19,13,6,10,7,3
S01010714,132,62,70,92,36,56,60,20,40,18,8,10,14,8,6,40,26,14,20,15,5,20,11,9
S01010715,117,42,75,92,26,66,74,26,48,16,0,16,2,0,2,25,16,9,16,10,6,9,6,3
S01010716,135,85,50,108,66,42,78,48,30,28,16,12,2,2,0,27,19,8,13,8,5,14,11,3
S01010717,110,47,63,104,44,60,90,36,54,12,6,6,2,2,0,6,3,3,5,3,2,1,0,1
S01010718,209,79,130,184,66,118,148,60,88,30,6,24,6,0,6,25,13,12,13,6,7,12,7,5
S01010719,137,54,83,124,48,76,96,34,62,24,12,12,4,2,2,13,6,7,7,5,2,6,1,5
S01010720,126,56,70,110,46,64,80,32,48,28,12,16,2,2,0,16,10,6,12,8,4,4,2,2
S01010721,108,41,67,100,38,62,82,30,52,14,6,8,4,2,2,8,3,5,7,2,5,1,1,0
S01010722,181,92,89,144,66,78,100,52,48,42,12,30,2,2,0,37,26,11,25,18,7,12,8,4
S01010723,215,75,140,202,70,132,158,58,100,44,12,32,0,0,0,13,5,8,10,4,6,3,1,2
S01010724,198,71,127,180,64,116,140,52,88,32,10,22,8,2,6,18,7,11,13,5,8,5,2,3
S01010725,115,38,77,106,34,72,86,30,56,20,4,16,0,0,0,9,4,5,9,4,5,0,0,0
S01010726,156,64,92,136,52,84,92,38,54,36,8,28,8,6,2,20,12,8,14,9,5,6,3,3
S01010727,145,57,88,140,54,86,102,48,54,28,6,22,10,0,10,5,3,2,4,2,2,1,1,0
S01010728,128,43,85,122,40,82,106,34,72,12,4,8,4,2,2,6,3,3,6,3,3,0,0,0
S01010729,158,56,102,150,54,96,116,44,72,32,10,22,2,0,2,8,2,6,8,2,6,0,0,0
S01010730,183,69,114,164,56,108,128,42,86,34,14,20,2,0,2,19,13,6,15,10,5,4,3,1
S01010731,182,78,104,154,62,92,122,52,70,30,10,20,2,0,2,28,16,12,18,11,7,10,5,5
S01010732,164,67,97,114,38,76,56,24,32,48,14,34,10,0,10,50,29,21,25,17,8,25,12,13
S01010733,144,72,72,102,42,60,50,18,32,42,22,20,10,2,8,42,30,12,18,16,2,24,14,10
S01010734,218,100,118,162,76,86,98,48,50,52,22,30,12,6,6,56,24,32,27,16,11,29,8,21
S01010735,199,98,101,154,72,82,60,40,20,70,26,44,24,6,18,45,26,19,18,13,5,27,13,14
S01010736,107,50,57,100,44,56,86,36,50,12,6,6,2,2,0,7,6,1,3,2,1,4,4,0
S01010737,189,101,88,148,74,74,94,52,42,50,18,32,4,4,0,41,27,14,27,19,8,14,8,6
S01010738,97,45,52,80,36,44,54,26,28,24,10,14,2,0,2,17,9,8,13,6,7,4,3,1
S01010739,185,82,103,150,64,86,92,42,50,42,16,26,16,6,10,35,18,17,17,9,8,18,9,9
S01010740,94,40,54,60,24,36,22,12,10,24,10,14,14,2,12,34,16,18,21,12,9,13,4,9
S01010741,120,50,70,104,40,64,64,26,38,34,12,22,6,2,4,16,10,6,12,8,4,4,2,2
S01010742,176,86,90,148,70,78,98,50,48,36,16,20,14,4,10,28,16,12,18,13,5,10,3,7
S01010743,186,66,120,144,50,94,60,24,36,58,22,36,26,4,22,42,16,26,24,11,13,18,5,13
S01010744,215,102,113,174,78,96,112,52,60,44,18,26,18,8,10,41,24,17,27,16,11,14,8,6
S01010745,98,50,48,80,36,44,50,20,30,24,12,12,6,4,2,18,14,4,9,8,1,9,6,3
S01010746,204,90,114,182,76,106,114,50,64,54,18,36,14,8,6,22,14,8,17,10,7,5,4,1
S01010747,164,59,105,124,36,88,84,28,56,34,8,26,6,0,6,40,23,17,19,11,8,21,12,9
S01010748,119,50,69,102,40,62,70,30,40,30,10,20,2,0,2,17,10,7,9,6,3,8,4,4
S01010749,128,52,76,112,44,68,70,32,38,40,12,28,2,0,2,16,8,8,12,7,5,4,1,3
S01010750,86,29,57,78,24,54,48,16,32,22,6,16,8,2,6,8,5,3,6,5,1,2,0,2
S01010751,168,83,85,132,66,66,66,38,28,36,14,22,30,14,16,36,17,19,12,6,6,24,11,13
S01010752,174,88,86,134,66,68,70,36,34,58,26,32,6,4,2,40,22,18,21,13,8,19,9,10
S01010753,264,112,152,216,88,128,126,56,70,74,28,46,16,4,12,48,24,24,25,13,12,23,11,12
S01010754,112,43,69,84,32,52,52,24,28,30,8,22,2,0,2,28,11,17,17,7,10,11,4,7
S01010755,111,48,63,94,36,58,70,24,46,24,12,12,0,0,0,17,12,5,9,5,4,8,7,1
S01010756,138,50,88,130,46,84,98,34,64,22,10,12,10,2,8,8,4,4,6,4,2,2,0,2
S01010757,95,39,56,84,34,50,50,20,30,26,8,18,8,6,2,11,5,6,9,5,4,2,0,2
S01010758,114,48,66,98,38,60,80,28,52,16,8,8,2,2,0,16,10,6,12,9,3,4,1,3
S01010759,109,43,66,86,32,54,54,24,30,26,4,22,6,4,2,23,11,12,19,7,12,4,4,0
S01010760,77,37,40,68,30,38,50,18,32,10,6,4,8,6,2,9,7,2,5,5,0,4,2,2
S01010761,95,30,65,90,30,60,68,24,44,16,6,10,6,0,6,5,0,5,1,0,1,4,0,4
S01010762,117,54,63,106,48,58,68,40,28,34,6,28,4,2,2,11,6,5,9,4,5,2,2,0
S01010763,142,54,88,118,46,72,80,30,50,34,14,20,4,2,2,24,8,16,16,6,10,8,2,6
S01010764,87,29,58,78,26,52,64,18,46,14,8,6,0,0,0,9,3,6,8,3,5,1,0,1
S01010765,172,66,106,148,50,98,96,30,66,42,16,26,10,4,6,24,16,8,14,12,2,10,4,6
S01010766,138,69,69,112,54,58,78,46,32,28,8,20,6,0,6,26,15,11,16,10,6,10,5,5
S01010767,132,67,65,100,48,52,70,36,34,20,10,10,10,2,8,32,19,13,20,12,8,12,7,5
S01010768,102,52,50,78,36,42,62,28,34,14,6,8,2,2,0,24,16,8,12,9,3,12,7,5
S01010769,79,34,45,74,32,42,54,26,28,18,6,12,2,0,2,5,2,3,3,0,3,2,2,0
S01010770,179,66,113,162,56,106,106,40,66,46,12,34,10,4,6,17,10,7,11,6,5,6,4,2
S01010771,130,56,74,110,46,64,64,36,28,40,10,30,6,0,6,20,10,10,11,5,6,9,5,4
S01010772,85,57,28,70,50,20,38,26,12,22,16,6,10,8,2,15,7,8,10,6,4,5,1,4
S01010773,140,60,80,122,52,70,90,44,46,24,4,20,8,4,4,18,8,10,11,4,7,7,4,3
S01010774,127,53,74,106,46,60,76,36,40,14,4,10,16,6,10,21,7,14,12,4,8,9,3,6
S01010775,142,59,83,134,54,80,110,48,62,22,4,18,2,2,0,8,5,3,8,5,3,0,0,0
S01010776,99,50,49,82,40,42,54,30,24,24,6,18,4,4,0,17,10,7,14,8,6,3,2,1
S01010777,84,36,48,72,26,46,48,16,32,14,4,10,10,6,4,12,10,2,8,7,1,4,3,1
S01010778,114,59,55,70,30,40,38,24,14,30,4,26,2,2,0,44,29,15,19,12,7,25,17,8
S01010779,138,65,73,98,44,54,56,24,32,18,12,6,24,8,16,40,21,19,15,9,6,25,12,13
S01010780,97,47,50,80,38,42,48,24,24,28,14,14,4,0,4,17,9,8,11,7,4,6,2,4
S01010781,157,69,88,138,56,82,104,42,62,32,14,18,2,0,2,19,13,6,14,10,4,5,3,2
S01010782,118,47,71,100,36,64,60,26,34,32,6,26,8,4,4,18,11,7,8,4,4,10,7,3
S01010783,94,60,34,74,46,28,48,30,18,20,14,6,6,2,4,20,14,6,10,8,2,10,6,4
S01010784,172,102,70,118,66,52,88,46,42,16,10,6,14,10,4,54,36,18,32,21,11,22,15,7
S01010785,132,64,68,120,56,64,74,36,38,40,18,22,6,2,4,12,8,4,9,7,2,3,1,2
S01010786,180,73,107,164,68,96,134,56,78,30,12,18,0,0,0,16,5,11,11,3,8,5,2,3
S01010787,196,68,128,188,62,126,144,48,96,42,14,28,2,0,2,8,6,2,6,4,2,2,2,0
S01010788,126,58,68,110,50,60,88,34,54,20,16,4,2,0,2,16,8,8,12,7,5,4,1,3
S01010789,156,47,109,142,36,106,104,26,78,34,6,28,4,4,0,14,11,3,12,9,3,2,2,0
S01010790,125,56,69,118,52,66,94,44,50,14,4,10,10,4,6,7,4,3,5,3,2,2,1,1
S01010791,156,82,74,148,76,72,98,52,46,48,24,24,2,0,2,8,6,2,5,4,1,3,2,1
S01010792,135,58,77,106,40,66,64,24,40,36,14,22,6,2,4,29,18,11,15,9,6,14,9,5
S01010793,137,58,79,120,50,70,92,44,48,26,4,22,2,2,0,17,8,9,12,6,6,5,2,3
S01010794,121,44,77,102,36,66,74,28,46,24,8,16,4,0,4,19,8,11,13,5,8,6,3,3
S01010795,187,90,97,164,74,90,126,60,66,38,14,24,0,0,0,23,16,7,12,12,0,11,4,7
S01010796,182,65,117,178,64,114,134,48,86,40,16,24,4,0,4,4,1,3,4,1,3,0,0,0
S01010797,166,81,85,158,78,80,122,60,62,30,14,16,6,4,2,8,3,5,6,2,4,2,1,1
S01010798,147,67,80,136,58,78,84,36,48,48,22,26,4,0,4,11,9,2,10,8,2,1,1,0
S01010799,113,81,32,92,66,26,66,48,18,22,16,6,4,2,2,21,15,6,16,12,4,5,3,2
S01010800,137,55,82,114,40,74,76,24,52,36,16,20,2,0,2,23,15,8,13,8,5,10,7,3
S01010801,130,68,62,106,52,54,78,44,34,24,4,20,4,4,0,24,16,8,17,13,4,7,3,4
S01010802,101,47,54,88,38,50,68,28,40,16,8,8,4,2,2,13,9,4,7,3,4,6,6,0
S01010803,122,59,63,84,36,48,56,30,26,26,4,22,2,2,0,38,23,15,22,11,11,16,12,4
S01010804,119,53,66,106,44,62,80,34,46,24,10,14,2,0,2,13,9,4,11,8,3,2,1,1
S01010805,159,68,91,126,54,72,86,42,44,36,10,26,4,2,2,33,14,19,23,11,12,10,3,7
S01010806,165,86,79,114,56,58,74,32,42,32,18,14,8,6,2,51,30,21,28,18,10,23,12,11
S01010807,131,66,65,108,52,56,80,42,38,20,10,10,8,0,8,23,14,9,14,9,5,9,5,4
S01010808,143,59,84,120,54,66,92,42,50,20,12,8,8,0,8,23,5,18,18,5,13,5,0,5
S01010809,142,80,62,130,72,58,110,64,46,18,6,12,2,2,0,12,8,4,8,5,3,4,3,1
S01010810,80,43,37,68,34,34,50,22,28,16,10,6,2,2,0,12,9,3,5,4,1,7,5,2
S01010811,146,71,75,136,66,70,104,56,48,28,8,20,4,2,2,10,5,5,7,5,2,3,0,3
S01010812,80,23,57,74,22,52,44,8,36,28,12,16,2,2,0,6,1,5,6,1,5,0,0,0
S01010813,89,38,51,72,30,42,50,18,32,20,10,10,2,2,0,17,8,9,13,6,7,4,2,2
S01010814,106,41,65,92,30,62,76,26,50,14,4,10,2,0,2,14,11,3,9,7,2,5,4,1
S01010815,86,27,59,78,22,56,64,18,46,12,4,8,2,0,2,8,5,3,5,2,3,3,3,0
S01010816,132,59,73,118,52,66,84,36,48,30,14,16,4,2,2,14,7,7,8,5,3,6,2,4
S01010817,222,93,129,202,84,118,152,64,88,48,20,28,2,0,2,20,9,11,13,5,8,7,4,3
S01010818,223,95,128,196,74,122,152,62,90,44,12,32,0,0,0,27,21,6,15,13,2,12,8,4
S01010819,140,61,79,118,46,72,90,32,58,26,12,14,2,2,0,22,15,7,14,10,4,8,5,3
S01010820,117,38,79,104,32,72,74,20,54,28,12,16,2,0,2,13,6,7,9,4,5,4,2,2
S01010821,118,45,73,114,42,72,98,34,64,10,4,6,6,4,2,4,3,1,4,3,1,0,0,0
S01010822,153,66,87,138,58,80,104,40,64,28,14,14,6,4,2,15,8,7,9,4,5,6,4,2
S01010823,143,76,67,124,68,56,84,46,38,28,16,12,12,6,6,19,8,11,18,7,11,1,1,0
S01010824,266,96,170,250,90,160,212,74,138,32,12,20,6,4,2,16,6,10,12,4,8,4,2,2
S01010825,121,49,72,114,44,70,104,40,64,10,4,6,0,0,0,7,5,2,4,3,1,3,2,1
S01010826,160,68,92,132,50,82,98,36,62,34,14,20,0,0,0,28,18,10,14,11,3,14,7,7
S01010827,147,65,82,138,60,78,114,46,68,22,12,10,2,2,0,9,5,4,7,5,2,2,0,2
S01010828,376,155,221,360,142,218,294,116,178,62,22,40,4,4,0,16,13,3,11,9,2,5,4,1
S01010829,124,67,57,114,58,56,78,44,34,32,12,20,4,2,2,10,9,1,7,6,1,3,3,0
S01010830,104,48,56,90,44,46,78,40,38,12,4,8,0,0,0,14,4,10,8,2,6,6,2,4
S01010831,218,89,129,210,84,126,188,76,112,16,6,10,6,2,4,8,5,3,3,2,1,5,3,2
S01010832,185,115,70,170,108,62,144,96,48,26,12,14,0,0,0,15,7,8,13,7,6,2,0,2
S01010833,228,100,128,224,98,126,190,86,104,34,12,22,0,0,0,4,2,2,4,2,2,0,0,0
S01010834,171,86,85,162,80,82,132,66,66,20,10,10,10,4,6,9,6,3,5,4,1,4,2,2
S01010835,108,44,64,102,42,60,82,40,42,20,2,18,0,0,0,6,2,4,4,2,2,2,0,2
S01010836,126,59,67,104,44,60,82,42,40,20,0,20,2,2,0,22,15,7,12,6,6,10,9,1
S01010837,121,63,58,92,44,48,78,40,38,10,2,8,4,2,2,29,19,10,19,12,7,10,7,3
S01010838,204,91,113,176,78,98,132,60,72,40,14,26,4,4,0,28,13,15,18,9,9,10,4,6
S01010839,157,75,82,130,58,72,106,50,56,22,6,16,2,2,0,27,17,10,16,9,7,11,8,3
S01010840,57,38,19,40,24,16,34,18,16,6,6,0,0,0,0,17,14,3,6,4,2,11,10,1
S01010841,129,82,47,102,60,42,76,42,34,22,14,8,4,4,0,27,22,5,15,12,3,12,10,2
S01010842,91,56,35,48,26,22,36,20,16,10,4,6,2,2,0,43,30,13,17,13,4,26,17,9
S01010843,66,32,34,44,16,28,36,12,24,4,2,2,4,2,2,22,16,6,15,12,3,7,4,3
S01010844,137,62,75,128,56,72,112,50,62,14,6,8,2,0,2,9,6,3,4,1,3,5,5,0
S01010845,123,60,63,110,52,58,82,38,44,28,14,14,0,0,0,13,8,5,6,5,1,7,3,4
S01010846,157,72,85,108,46,62,74,36,38,32,10,22,2,0,2,49,26,23,35,20,15,14,6,8
S01010847,158,81,77,136,62,74,120,58,62,16,4,12,0,0,0,22,19,3,11,8,3,11,11,0
S01010848,144,58,86,92,24,68,52,20,32,36,4,32,4,0,4,52,34,18,23,15,8,29,19,10
S01010849,203,101,102,130,64,66,70,38,32,48,24,24,12,2,10,73,37,36,33,19,14,40,18,22
S01010850,166,84,82,100,44,56,60,26,34,26,12,14,14,6,8,66,40,26,27,17,10,39,23,16
S01010851,190,89,101,110,48,62,78,38,40,24,6,18,8,4,4,80,41,39,34,24,10,46,17,29
S01010852,121,56,65,96,38,58,68,26,42,18,6,12,10,6,4,25,18,7,10,8,2,15,10,5
S01010853,177,83,94,130,56,74,98,42,56,26,8,18,6,6,0,47,27,20,26,15,11,21,12,9
S01010854,226,104,122,144,54,90,82,36,46,50,14,36,12,4,8,82,50,32,40,20,20,42,30,12
S01010855,111,45,66,82,34,48,50,16,34,28,14,14,4,4,0,29,11,18,15,7,8,14,4,10
S01010856,163,79,84,110,46,64,78,34,44,28,8,20,4,4,0,53,33,20,22,13,9,31,20,11
S01010857,249,128,121,192,90,102,154,72,82,32,12,20,6,6,0,57,38,19,28,23,5,29,15,14
S01010858,132,56,76,90,34,56,50,22,28,30,6,24,10,6,4,42,22,20,19,14,5,23,8,15
S01010859,142,65,77,92,42,50,56,26,30,26,10,16,10,6,4,50,23,27,23,12,11,27,11,16
S01010860,105,57,48,70,34,36,48,18,30,16,12,4,6,4,2,35,23,12,20,13,7,15,10,5
S01010861,115,63,52,64,28,36,42,16,26,8,6,2,14,6,8,51,35,16,23,17,6,28,18,10
S01010862,96,49,47,46,22,24,26,10,16,18,10,8,2,2,0,50,27,23,20,11,9,30,16,14
S01010863,143,55,88,128,46,82,88,34,54,38,10,28,2,2,0,15,9,6,10,7,3,5,2,3
S01010864,104,50,54,92,44,48,84,40,44,8,4,4,0,0,0,12,6,6,9,5,4,3,1,2
S01010865,85,43,42,76,36,40,62,30,32,10,4,6,4,2,2,9,7,2,4,3,1,5,4,1
S01010866,106,55,51,94,46,48,72,30,42,22,16,6,0,0,0,12,9,3,10,8,2,2,1,1
S01010867,126,61,65,116,56,60,82,40,42,32,14,18,2,2,0,10,5,5,7,4,3,3,1,2
S01010868,119,54,65,104,44,60,92,40,52,10,2,8,2,2,0,15,10,5,12,8,4,3,2,1
S01010869,156,55,101,144,48,96,108,34,74,34,14,20,2,0,2,12,7,5,10,6,4,2,1,1
S01010870,130,71,59,102,48,54,86,40,46,14,8,6,2,0,2,28,23,5,17,15,2,11,8,3
S01010871,167,82,85,144,68,76,124,60,64,18,8,10,2,0,2,23,14,9,8,7,1,15,7,8
S01010872,102,55,47,72,40,32,54,34,20,16,4,12,2,2,0,30,15,15,17,12,5,13,3,10
S01010873,48,30,18,18,10,8,10,6,4,8,4,4,0,0,0,30,20,10,18,15,3,12,5,7
S01010874,155,55,100,130,44,86,100,38,62,28,6,22,2,0,2,25,11,14,13,5,8,12,6,6
S01010875,109,68,41,78,44,34,58,32,26,16,12,4,4,0,4,31,24,7,17,12,5,14,12,2
S01010876,133,83,50,80,44,36,54,32,22,14,6,8,12,6,6,53,39,14,34,25,9,19,14,5
S01010877,178,92,86,124,58,66,90,40,50,30,14,16,4,4,0,54,34,20,27,17,10,27,17,10
S01010878,148,74,74,114,58,56,94,44,50,14,10,4,6,4,2,34,16,18,16,9,7,18,7,11
S01010879,162,96,66,132,78,54,114,70,44,18,8,10,0,0,0,30,18,12,24,16,8,6,2,4
S01010880,108,58,50,64,34,30,44,28,16,14,6,8,6,0,6,44,24,20,18,11,7,26,13,13
S01010881,99,47,52,84,40,44,72,34,38,10,6,4,2,0,2,15,7,8,7,4,3,8,3,5
S01010882,125,51,74,108,44,64,94,38,56,12,4,8,2,2,0,17,7,10,11,5,6,6,2,4
S01010883,208,107,101,190,92,98,164,76,88,22,14,8,4,2,2,18,15,3,15,13,2,3,2,1
S01010884,117,58,59,58,36,22,50,30,20,6,4,2,2,2,0,59,22,37,14,6,8,45,16,29
S01010885,170,108,62,90,54,36,58,40,18,26,10,16,6,4,2,80,54,26,34,27,7,46,27,19
S01010886,72,52,20,54,40,14,40,30,10,12,8,4,2,2,0,18,12,6,11,9,2,7,3,4
S01010887,132,88,44,84,54,30,44,32,12,30,16,14,10,6,4,48,34,14,18,13,5,30,21,9
S01010888,96,63,33,58,32,26,32,16,16,12,6,6,14,10,4,38,31,7,20,16,4,18,15,3
S01010889,54,34,20,28,16,12,18,14,4,10,2,8,0,0,0,26,18,8,15,10,5,11,8,3
S01010890,61,35,26,36,16,20,28,12,16,4,4,0,4,0,4,25,19,6,11,8,3,14,11,3
S01010891,32,19,13,12,10,2,10,8,2,2,2,0,0,0,0,20,9,11,5,4,1,15,5,10
S01010892,95,62,33,58,32,26,34,24,10,18,8,10,6,0,6,37,30,7,29,25,4,8,5,3
S01010893,52,31,21,32,20,12,22,16,6,10,4,6,0,0,0,20,11,9,8,6,2,12,5,7
S01010894,125,83,42,88,54,34,56,36,20,16,14,2,16,4,12,37,29,8,21,20,1,16,9,7
S01010895,52,26,26,24,8,16,14,4,10,6,2,4,4,2,2,28,18,10,11,8,3,17,10,7
S01010896,102,61,41,52,30,22,34,20,14,14,8,6,4,2,2,50,31,19,24,18,6,26,13,13
S01010897,156,86,70,82,46,36,42,26,16,20,10,10,20,10,10,74,40,34,29,25,4,45,15,30
S01010898,101,57,44,66,36,30,48,28,20,8,4,4,10,4,6,35,21,14,9,5,4,26,16,10
S01010899,137,74,63,114,60,54,88,46,42,18,10,8,8,4,4,23,14,9,14,12,2,9,2,7
S01010900,163,100,63,82,48,34,50,36,14,18,8,10,14,4,10,81,52,29,33,25,8,48,27,21
S01010901,93,44,49,46,24,22,18,14,4,24,8,16,4,2,2,47,20,27,17,11,6,30,9,21
S01010902,164,95,69,124,74,50,84,50,34,24,16,8,16,8,8,40,21,19,19,7,12,21,14,7
S01010903,132,86,46,66,42,24,28,20,8,18,10,8,20,12,8,66,44,22,32,21,11,34,23,11
S01010904,102,58,44,66,36,30,50,30,20,14,4,10,2,2,0,36,22,14,16,11,5,20,11,9
S01010905,142,84,58,88,50,38,62,36,26,18,10,8,8,4,4,54,34,20,26,16,10,28,18,10
S01010906,242,142,100,168,96,72,108,64,44,32,14,18,28,18,10,74,46,28,32,22,10,42,24,18
S01010907,153,75,78,140,66,74,112,52,60,24,12,12,4,2,2,13,9,4,11,7,4,2,2,0
S01010908,104,49,55,78,32,46,50,20,30,22,8,14,6,4,2,26,17,9,12,9,3,14,8,6
S01010909,129,55,74,118,46,72,102,40,62,16,6,10,0,0,0,11,9,2,9,7,2,2,2,0
S01010910,89,52,37,52,32,20,30,26,4,16,4,12,6,2,4,37,20,17,18,10,8,19,10,9
S01010911,46,33,13,20,14,6,14,10,4,6,4,2,0,0,0,26,19,7,8,7,1,18,12,6
S01010912,91,61,30,54,32,22,36,26,10,6,0,6,12,6,6,37,29,8,21,19,2,16,10,6
S01010913,128,63,65,108,52,56,80,40,40,20,10,10,8,2,6,20,11,9,12,9,3,8,2,6
S01010914,142,68,74,114,52,62,88,42,46,22,8,14,4,2,2,28,16,12,19,11,8,9,5,4
S01010915,172,79,93,140,60,80,110,46,64,20,10,10,10,4,6,32,19,13,16,11,5,16,8,8
S01010916,85,51,34,44,30,14,38,26,12,4,2,2,2,2,0,41,21,20,9,8,1,32,13,19
S01010917,107,70,37,74,48,26,56,40,16,12,8,4,6,0,6,33,22,11,16,12,4,17,10,7
S01010918,129,60,69,94,42,52,66,30,36,24,12,12,4,0,4,35,18,17,10,4,6,25,14,11
S01010919,160,91,69,118,64,54,84,46,38,20,10,10,14,8,6,42,27,15,18,13,5,24,14,10
S01010920,119,62,57,54,22,32,38,16,22,8,2,6,8,4,4,65,40,25,20,15,5,45,25,20
S01010921,120,56,64,88,36,52,46,20,26,26,6,20,16,10,6,32,20,12,12,8,4,20,12,8
S01010922,157,78,79,96,40,56,54,24,30,30,14,16,12,2,10,61,38,23,30,22,8,31,16,15
S01010923,156,79,77,116,56,60,72,38,34,34,16,18,10,2,8,40,23,17,25,19,6,15,4,11
S01010924,105,48,57,78,32,46,56,24,32,12,4,8,10,4,6,27,16,11,15,12,3,12,4,8
S01010925,180,90,90,108,42,66,68,30,38,28,4,24,12,8,4,72,48,24,39,28,11,33,20,13
S01010926,135,73,62,86,44,42,60,32,28,22,10,12,4,2,2,49,29,20,24,16,8,25,13,12
S01010927,117,61,56,76,38,38,52,28,24,20,6,14,4,4,0,41,23,18,19,8,11,22,15,7
S01010928,162,77,85,100,52,48,58,40,18,28,8,20,14,4,10,62,25,37,23,15,8,39,10,29
S01010929,130,65,65,74,38,36,36,24,12,20,6,14,18,8,10,56,27,29,28,15,13,28,12,16
S01010930,220,104,116,210,98,112,170,82,88,36,14,22,4,2,2,10,6,4,9,5,4,1,1,0
S01010931,73,32,41,62,22,40,44,20,24,16,2,14,2,0,2,11,10,1,5,4,1,6,6,0
S01010932,106,47,59,88,34,54,62,24,38,22,8,14,4,2,2,18,13,5,12,10,2,6,3,3
S01010933,221,103,118,210,96,114,152,70,82,50,22,28,8,4,4,11,7,4,9,7,2,2,0,2
S01010934,233,89,144,222,80,142,182,66,116,38,12,26,2,2,0,11,9,2,8,7,1,3,2,1
S01010935,96,35,61,84,28,56,64,24,40,16,4,12,4,0,4,12,7,5,7,5,2,5,2,3
S01010936,70,32,38,60,22,38,58,22,36,0,0,0,2,0,2,10,10,0,4,4,0,6,6,0
S01010937,125,58,67,108,50,58,88,46,42,20,4,16,0,0,0,17,8,9,9,5,4,8,3,5
S01010938,162,74,88,100,38,62,58,26,32,28,8,20,14,4,10,62,36,26,39,25,14,23,11,12
S01010939,114,47,67,106,42,64,76,32,44,26,6,20,4,4,0,8,5,3,5,3,2,3,2,1
S01010940,130,57,73,122,52,70,106,46,60,16,6,10,0,0,0,8,5,3,8,5,3,0,0,0
S01010941,196,84,112,184,78,106,164,74,90,18,4,14,2,0,2,12,6,6,11,6,5,1,0,1
S01010942,129,57,72,124,54,70,104,50,54,18,2,16,2,2,0,5,3,2,5,3,2,0,0,0
S01010943,130,52,78,96,32,64,64,22,42,20,8,12,12,2,10,34,20,14,18,14,4,16,6,10
S01010944,107,66,41,66,42,24,36,24,12,20,12,8,10,6,4,41,24,17,23,15,8,18,9,9
S01010945,99,42,57,80,34,46,66,22,44,12,10,2,2,2,0,19,8,11,12,6,6,7,2,5
S01010946,164,84,80,136,70,66,100,52,48,26,12,14,10,6,4,28,14,14,15,9,6,13,5,8
S01010947,93,51,42,64,36,28,36,20,16,26,16,10,2,0,2,29,15,14,14,8,6,15,7,8
S01010948,137,66,71,108,50,58,84,44,40,20,6,14,4,0,4,29,16,13,18,10,8,11,6,5
S01010949,216,82,134,198,72,126,166,60,106,32,12,20,0,0,0,18,10,8,14,9,5,4,1,3
S01010950,160,74,86,122,52,70,96,38,58,24,14,10,2,0,2,38,22,16,21,16,5,17,6,11
S01010951,140,71,69,108,48,60,80,42,38,28,6,22,0,0,0,32,23,9,20,14,6,12,9,3
S01010952,148,63,85,126,52,74,92,34,58,24,10,14,10,8,2,22,11,11,16,7,9,6,4,2
S01010953,119,67,52,96,50,46,80,44,36,16,6,10,0,0,0,23,17,6,14,12,2,9,5,4
S01010954,101,50,51,92,44,48,78,36,42,14,8,6,0,0,0,9,6,3,9,6,3,0,0,0
S01010955,315,127,188,296,112,184,168,70,98,110,38,72,18,4,14,19,15,4,9,7,2,10,8,2
S01010956,135,65,70,120,58,62,84,38,46,34,18,16,2,2,0,15,7,8,5,3,2,10,4,6
S01010957,117,41,76,108,36,72,98,32,66,8,2,6,2,2,0,9,5,4,7,5,2,2,0,2
S01010958,63,25,38,52,18,34,44,14,30,6,2,4,2,2,0,11,7,4,7,4,3,4,3,1
S01010959,124,73,51,98,54,44,60,32,28,34,22,12,4,0,4,26,19,7,20,14,6,6,5,1
S01010960,233,88,145,200,74,126,136,50,86,44,14,30,20,10,10,33,14,19,15,8,7,18,6,12
S01010961,99,45,54,74,28,46,54,26,28,12,2,10,8,0,8,25,17,8,17,15,2,8,2,6
S01010962,39,25,14,36,22,14,22,14,8,12,6,6,2,2,0,3,3,0,3,3,0,0,0,0
S01010963,226,104,122,200,88,112,166,76,90,30,8,22,4,4,0,26,16,10,19,10,9,7,6,1
S01010964,89,28,61,80,24,56,62,20,42,18,4,14,0,0,0,9,4,5,7,3,4,2,1,1
S01010965,88,47,41,50,24,26,26,16,10,18,4,14,6,4,2,38,23,15,22,15,7,16,8,8
S01010966,143,71,72,122,58,64,94,40,54,20,12,8,8,6,2,21,13,8,14,10,4,7,3,4
S01010967,150,68,82,104,38,66,68,30,38,22,4,18,14,4,10,46,30,16,25,14,11,21,16,5
S01010968,127,55,72,104,46,58,82,40,42,20,6,14,2,0,2,23,9,14,10,4,6,13,5,8
S01010969,72,31,41,58,24,34,44,14,30,10,6,4,4,4,0,14,7,7,10,5,5,4,2,2
S01010970,181,77,104,152,58,94,114,50,64,34,6,28,4,2,2,29,19,10,17,10,7,12,9,3
S01010971,243,100,143,188,74,114,154,68,86,32,6,26,2,0,2,55,26,29,30,16,14,25,10,15
S01010972,212,101,111,158,70,88,100,50,50,48,16,32,10,4,6,54,31,23,34,23,11,20,8,12
S01010973,79,33,46,66,28,38,50,22,28,12,4,8,4,2,2,13,5,8,6,3,3,7,2,5
S01010974,120,65,55,100,54,46,70,40,30,22,6,16,8,8,0,20,11,9,11,9,2,9,2,7
S01010975,110,49,61,90,38,52,50,26,24,26,6,20,14,6,8,20,11,9,6,4,2,14,7,7
S01010976,105,64,41,90,56,34,68,40,28,14,10,4,8,6,2,15,8,7,7,4,3,8,4,4
S01010977,152,70,82,128,56,72,102,42,60,24,12,12,2,2,0,24,14,10,17,11,6,7,3,4
S01010978,137,77,60,88,46,42,52,26,26,24,12,12,12,8,4,49,31,18,25,16,9,24,15,9
S01010979,195,91,104,162,70,92,116,54,62,38,16,22,8,0,8,33,21,12,22,17,5,11,4,7
S01010980,136,54,82,106,38,68,92,36,56,12,2,10,2,0,2,30,16,14,21,8,13,9,8,1
S01010981,142,70,72,116,54,62,82,32,50,26,16,10,8,6,2,26,16,10,15,11,4,11,5,6
S01010982,190,89,101,180,84,96,150,76,74,28,8,20,2,0,2,10,5,5,5,3,2,5,2,3
S01010983,158,98,60,128,74,54,108,58,50,18,14,4,2,2,0,30,24,6,17,13,4,13,11,2
S01010984,122,69,53,108,60,48,72,44,28,24,12,12,12,4,8,14,9,5,11,6,5,3,3,0
S01010985,139,57,82,110,42,68,84,32,52,20,6,14,6,4,2,29,15,14,20,10,10,9,5,4
S01010986,181,82,99,178,80,98,146,66,80,30,14,16,2,0,2,3,2,1,2,2,0,1,0,1
S01010987,242,81,161,232,76,156,190,68,122,40,8,32,2,0,2,10,5,5,6,4,2,4,1,3
S01010988,218,73,145,202,64,138,170,56,114,28,6,22,4,2,2,16,9,7,13,7,6,3,2,1
S01010989,288,156,132,274,146,128,244,134,110,30,12,18,0,0,0,14,10,4,11,7,4,3,3,0
S01010990,171,76,95,144,64,80,112,50,62,22,10,12,10,4,6,27,12,15,18,10,8,9,2,7
S01010991,115,60,55,102,54,48,82,50,32,18,2,16,2,2,0,13,6,7,10,4,6,3,2,1
S01010992,210,68,142,202,64,138,152,52,100,46,12,34,4,0,4,8,4,4,6,2,4,2,2,0
S01010993,154,69,85,138,62,76,110,54,56,24,8,16,4,0,4,16,7,9,12,7,5,4,0,4
S01010994,249,105,144,232,94,138,192,84,108,36,6,30,4,4,0,17,11,6,12,8,4,5,3,2
S01010995,139,64,75,128,56,72,112,48,64,12,4,8,4,4,0,11,8,3,7,7,0,4,1,3
S01010996,137,71,66,134,68,66,112,64,48,20,4,16,2,0,2,3,3,0,2,2,0,1,1,0
S01010997,99,43,56,96,40,56,80,38,42,12,2,10,4,0,4,3,3,0,3,3,0,0,0,0
S01010998,134,42,92,126,36,90,90,26,64,28,6,22,8,4,4,8,6,2,7,6,1,1,0,1
S01010999,166,44,122,158,40,118,118,38,80,36,2,34,4,0,4,8,4,4,7,3,4,1,1,0
S01011000,177,83,94,148,66,82,100,50,50,44,14,30,4,2,2,29,17,12,17,14,3,12,3,9
S01011001,133,59,74,112,46,66,88,40,48,16,4,12,8,2,6,21,13,8,12,8,4,9,5,4
S01011002,124,66,58,94,44,50,64,32,32,24,10,14,6,2,4,30,22,8,22,17,5,8,5,3
S01011003,154,70,84,128,54,74,80,36,44,36,14,22,12,4,8,26,16,10,15,8,7,11,8,3
S01011004,164,71,93,138,58,80,108,42,66,24,12,12,6,4,2,26,13,13,17,10,7,9,3,6
S01011005,119,63,56,90,44,46,52,28,24,34,14,20,4,2,2,29,19,10,19,15,4,10,4,6
S01011006,213,131,82,184,114,70,152,102,50,18,8,10,14,4,10,29,17,12,16,12,4,13,5,8
S01011007,150,72,78,112,52,60,90,44,46,12,4,8,10,4,6,38,20,18,25,15,10,13,5,8
S01011008,133,55,78,108,42,66,78,28,50,24,12,12,6,2,4,25,13,12,17,12,5,8,1,7
S01011009,101,47,54,80,34,46,54,26,28,24,6,18,2,2,0,21,13,8,15,11,4,6,2,4
S01011010,73,45,28,52,28,24,28,12,16,14,8,6,10,8,2,21,17,4,8,7,1,13,10,3
S01011011,110,62,48,64,30,34,44,22,22,18,8,10,2,0,2,46,32,14,23,19,4,23,13,10
S01011012,170,82,88,110,52,58,64,36,28,26,10,16,20,6,14,60,30,30,31,16,15,29,14,15
S01011013,161,86,75,134,66,68,102,50,52,30,16,14,2,0,2,27,20,7,18,15,3,9,5,4
S01011014,166,99,67,132,70,62,110,60,50,16,4,12,6,6,0,34,29,5,17,15,2,17,14,3
S01011015,72,35,37,56,26,30,50,24,26,4,2,2,2,0,2,16,9,7,6,4,2,10,5,5
S01011016,272,140,132,254,126,128,214,112,102,36,14,22,4,0,4,18,14,4,15,11,4,3,3,0
S01011017,177,87,90,160,76,84,134,70,64,22,4,18,4,2,2,17,11,6,13,8,5,4,3,1
S01011018,179,69,110,164,58,106,120,40,80,34,14,20,10,4,6,15,11,4,10,8,2,5,3,2
S01011019,248,109,139,220,94,126,166,76,90,50,16,34,4,2,2,28,15,13,10,5,5,18,10,8
S01011020,105,41,64,96,36,60,80,28,52,14,8,6,2,0,2,9,5,4,4,2,2,5,3,2
S01011021,157,70,87,124,56,68,80,42,38,32,12,20,12,2,10,33,14,19,13,7,6,20,7,13
S01011022,128,60,68,90,40,50,56,30,26,24,6,18,10,4,6,38,20,18,24,15,9,14,5,9
S01011023,176,93,83,146,80,66,102,62,40,32,14,18,12,4,8,30,13,17,13,6,7,17,7,10
S01011024,194,103,91,134,70,64,78,46,32,36,18,18,20,6,14,60,33,27,30,17,13,30,16,14
S01011025,148,80,68,110,50,60,80,38,42,20,8,12,10,4,6,38,30,8,25,19,6,13,11,2
S01011026,115,68,47,94,52,42,48,26,22,32,18,14,14,8,6,21,16,5,10,8,2,11,8,3
S01011027,232,121,111,158,72,86,106,54,52,38,14,24,14,4,10,74,49,25,33,23,10,41,26,15
S01011028,247,131,116,172,86,86,90,50,40,54,22,32,28,14,14,75,45,30,26,15,11,49,30,19
S01011029,131,54,77,108,38,70,82,34,48,24,2,22,2,2,0,23,16,7,9,7,2,14,9,5
S01011030,228,117,111,204,102,102,170,90,80,28,12,16,6,0,6,24,15,9,19,10,9,5,5,0
S01011031,159,77,82,118,52,66,80,40,40,28,6,22,10,6,4,41,25,16,24,18,6,17,7,10
S01011032,142,85,57,96,52,44,70,40,30,18,8,10,8,4,4,46,33,13,24,23,1,22,10,12
S01011033,139,68,71,128,60,68,94,42,52,30,18,12,4,0,4,11,8,3,10,8,2,1,0,1
S01011034,122,63,59,108,50,58,76,42,34,26,8,18,6,0,6,14,13,1,7,6,1,7,7,0
S01011035,161,89,72,130,68,62,72,28,44,42,26,16,16,14,2,31,21,10,20,14,6,11,7,4
S01011036,153,93,60,134,82,52,102,64,38,26,18,8,6,0,6,19,11,8,12,8,4,7,3,4
S01011037,250,130,120,200,96,104,106,52,54,64,24,40,30,20,10,50,34,16,26,20,6,24,14,10
S01011038,196,73,123,150,52,98,86,34,52,54,16,38,10,2,8,46,21,25,16,11,5,30,10,20
S01011039,151,95,56,136,84,52,104,68,36,26,10,16,6,6,0,15,11,4,9,8,1,6,3,3
S01011040,176,72,104,130,54,76,84,38,46,30,12,18,16,4,12,46,18,28,18,7,11,28,11,17
S01011041,189,64,125,128,32,96,80,22,58,32,6,26,16,4,12,61,32,29,28,18,10,33,14,19
S01011042,203,91,112,180,76,104,152,62,90,18,8,10,10,6,4,23,15,8,11,7,4,12,8,4
S01011043,157,79,78,122,58,64,82,42,40,36,16,20,4,0,4,35,21,14,16,11,5,19,10,9
S01011044,147,89,58,106,58,48,64,38,26,26,12,14,16,8,8,41,31,10,19,14,5,22,17,5
S01011045,187,80,107,154,60,94,106,44,62,36,12,24,12,4,8,33,20,13,24,14,10,9,6,3
S01011046,167,81,86,150,70,80,98,52,46,44,16,28,8,2,6,17,11,6,10,5,5,7,6,1
S01011047,215,75,140,200,66,134,128,44,84,62,16,46,10,6,4,15,9,6,9,5,4,6,4,2
S01011048,202,88,114,178,72,106,142,62,80,32,10,22,4,0,4,24,16,8,18,13,5,6,3,3
S01011049,120,57,63,98,42,56,74,32,42,24,10,14,0,0,0,22,15,7,17,10,7,5,5,0
S01011050,171,79,92,156,72,84,102,52,50,48,18,30,6,2,4,15,7,8,11,5,6,4,2,2
S01011051,183,68,115,172,60,112,132,42,90,36,14,22,4,4,0,11,8,3,10,7,3,1,1,0
S01011052,163,73,90,144,62,82,122,50,72,14,6,8,8,6,2,19,11,8,13,9,4,6,2,4
S01011053,122,37,85,92,22,70,54,16,38,32,4,28,6,2,4,30,15,15,20,11,9,10,4,6
S01011054,104,40,64,88,32,56,66,30,36,22,2,20,0,0,0,16,8,8,15,8,7,1,0,1
S01011055,132,55,77,122,48,74,88,38,50,30,8,22,4,2,2,10,7,3,6,4,2,4,3,1
S01011056,148,43,105,138,36,102,98,22,76,36,12,24,4,2,2,10,7,3,7,6,1,3,1,2
S01011057,104,41,63,92,34,58,60,22,38,30,10,20,2,2,0,12,7,5,9,5,4,3,2,1
S01011058,141,59,82,130,56,74,98,44,54,30,12,18,2,0,2,11,3,8,8,1,7,3,2,1
S01011059,134,43,91,128,38,90,78,24,54,44,14,30,6,0,6,6,5,1,5,4,1,1,1,0
S01011060,151,64,87,138,58,80,110,46,64,24,10,14,4,2,2,13,6,7,11,5,6,2,1,1
S01011061,164,81,83,130,58,72,80,34,46,46,20,26,4,4,0,34,23,11,21,15,6,13,8,5
S01011062,167,51,116,152,40,112,112,30,82,36,8,28,4,2,2,15,11,4,13,9,4,2,2,0
S01011063,206,86,120,162,56,106,108,40,68,48,16,32,6,0,6,44,30,14,33,24,9,11,6,5
S01011064,175,66,109,158,58,100,118,40,78,32,12,20,8,6,2,17,8,9,8,4,4,9,4,5
S01011065,133,40,93,114,34,80,80,20,60,28,12,16,6,2,4,19,6,13,8,4,4,11,2,9
S01011066,85,34,51,70,26,44,40,16,24,26,10,16,4,0,4,15,8,7,14,8,6,1,0,1
S01011067,114,51,63,100,42,58,56,18,38,36,18,18,8,6,2,14,9,5,10,7,3,4,2,2
S01011068,110,45,65,90,38,52,58,28,30,30,10,20,2,0,2,20,7,13,15,4,11,5,3,2
S01011069,105,35,70,86,28,58,48,18,30,30,6,24,8,4,4,19,7,12,13,6,7,6,1,5
S01011070,131,49,82,120,42,78,84,34,50,34,6,28,2,2,0,11,7,4,8,5,3,3,2,1
S01011071,126,58,68,114,48,66,64,26,38,46,18,28,4,4,0,12,10,2,8,8,0,4,2,2
S01011072,222,104,118,192,88,104,136,62,74,48,22,26,8,4,4,30,16,14,13,6,7,17,10,7
S01011073,144,69,75,134,64,70,90,48,42,40,14,26,4,2,2,10,5,5,7,4,3,3,1,2
S01011074,117,54,63,104,44,60,74,32,42,28,12,16,2,0,2,13,10,3,8,5,3,5,5,0
S01011075,160,82,78,124,60,64,82,48,34,38,10,28,4,2,2,36,22,14,21,16,5,15,6,9
S01011076,146,66,80,122,46,76,84,36,48,30,8,22,8,2,6,24,20,4,13,10,3,11,10,1
S01011077,170,70,100,118,38,80,64,26,38,42,8,34,12,4,8,52,32,20,37,24,13,15,8,7
S01011078,241,88,153,220,76,144,148,50,98,68,22,46,4,4,0,21,12,9,19,11,8,2,1,1
S01011079,202,88,114,188,78,110,130,62,68,56,16,40,2,0,2,14,10,4,11,9,2,3,1,2
S01011080,170,85,85,148,70,78,108,46,62,38,24,14,2,0,2,22,15,7,12,8,4,10,7,3
S01011081,179,79,100,144,60,84,98,42,56,42,16,26,4,2,2,35,19,16,25,13,12,10,6,4
S01011082,65,39,26,56,32,24,42,22,20,12,8,4,2,2,0,9,7,2,6,5,1,3,2,1
S01011083,133,60,73,108,46,62,66,38,28,36,6,30,6,2,4,25,14,11,15,10,5,10,4,6
S01011084,134,48,86,120,42,78,82,34,48,32,8,24,6,0,6,14,6,8,13,6,7,1,0,1
S01011085,161,56,105,140,44,96,110,40,70,28,4,24,2,0,2,21,12,9,18,11,7,3,1,2
S01011086,119,54,65,114,50,64,72,36,36,34,10,24,8,4,4,5,4,1,5,4,1,0,0,0
S01011087,118,53,65,98,40,58,74,30,44,18,8,10,6,2,4,20,13,7,10,8,2,10,5,5
S01011088,199,86,113,166,64,102,110,40,70,52,22,30,4,2,2,33,22,11,24,15,9,9,7,2
S01011089,120,49,71,96,34,62,60,22,38,28,6,22,8,6,2,24,15,9,12,10,2,12,5,7
S01011090,136,59,77,126,52,74,94,40,54,28,10,18,4,2,2,10,7,3,8,5,3,2,2,0
S01011091,105,48,57,96,42,54,68,30,38,28,12,16,0,0,0,9,6,3,9,6,3,0,0,0
S01011092,141,53,88,104,32,72,56,18,38,36,14,22,12,0,12,37,21,16,20,11,9,17,10,7
S01011093,139,70,69,130,64,66,100,56,44,28,8,20,2,0,2,9,6,3,7,4,3,2,2,0
S01011094,119,41,78,110,40,70,90,34,56,18,4,14,2,2,0,9,1,8,8,1,7,1,0,1
S01011095,168,70,98,154,62,92,114,48,66,40,14,26,0,0,0,14,8,6,10,7,3,4,1,3
S01011096,138,68,70,120,58,62,96,44,52,16,8,8,8,6,2,18,10,8,16,8,8,2,2,0
S01011097,173,65,108,156,58,98,114,42,72,32,10,22,10,6,4,17,7,10,11,4,7,6,3,3
S01011098,142,57,85,136,54,82,92,40,52,38,10,28,6,4,2,6,3,3,4,3,1,2,0,2
S01011099,176,78,98,128,48,80,58,32,26,54,14,40,16,2,14,48,30,18,24,20,4,24,10,14
S01011100,78,27,51,70,22,48,42,12,30,28,10,18,0,0,0,8,5,3,8,5,3,0,0,0
S01011101,129,39,90,98,28,70,54,16,38,38,12,26,6,0,6,31,11,20,16,7,9,15,4,11
S01011102,117,70,47,74,38,36,50,26,24,14,6,8,10,6,4,43,32,11,23,16,7,20,16,4
S01011103,95,63,32,74,46,28,60,36,24,12,8,4,2,2,0,21,17,4,12,9,3,9,8,1
S01011104,82,29,53,72,24,48,62,22,40,10,2,8,0,0,0,10,5,5,6,3,3,4,2,2
S01011105,148,93,55,114,64,50,68,40,28,34,16,18,12,8,4,34,29,5,24,19,5,10,10,0
S01011106,380,175,205,318,134,184,188,94,94,120,38,82,10,2,8,62,41,21,35,23,12,27,18,9
S01011107,310,119,191,264,94,170,182,72,110,72,22,50,10,0,10,46,25,21,30,18,12,16,7,9
S01011108,112,47,65,96,40,56,72,32,40,24,8,16,0,0,0,16,7,9,14,6,8,2,1,1
S01011109,136,70,66,118,60,58,90,42,48,22,14,8,6,4,2,18,10,8,13,6,7,5,4,1
S01011110,156,68,88,134,52,82,104,46,58,24,2,22,6,4,2,22,16,6,15,12,3,7,4,3
S01011111,195,109,86,142,70,72,92,46,46,42,20,22,8,4,4,53,39,14,33,24,9,20,15,5
S01011112,264,114,150,234,96,138,188,82,106,36,10,26,10,4,6,30,18,12,22,14,8,8,4,4
S01011113,127,66,61,104,50,54,88,46,42,16,4,12,0,0,0,23,16,7,19,13,6,4,3,1
S01011114,128,51,77,114,42,72,90,36,54,20,6,14,4,0,4,14,9,5,9,7,2,5,2,3
S01011115,180,94,86,146,70,76,98,52,46,44,18,26,4,0,4,34,24,10,23,17,6,11,7,4
S01011116,147,61,86,126,52,74,86,38,48,34,14,20,6,0,6,21,9,12,13,6,7,8,3,5
S01011117,125,53,72,114,46,68,90,34,56,20,10,10,4,2,2,11,7,4,9,6,3,2,1,1
S01011118,194,81,113,178,74,104,122,52,70,54,22,32,2,0,2,16,7,9,11,4,7,5,3,2
S01011119,174,63,111,160,54,106,118,34,84,36,16,20,6,4,2,14,9,5,13,8,5,1,1,0
S01011120,102,46,56,100,44,56,80,36,44,18,6,12,2,2,0,2,2,0,2,2,0,0,0,0
S01011121,54,23,31,46,18,28,36,14,22,8,2,6,2,2,0,8,5,3,6,5,1,2,0,2
S01011122,129,63,66,108,46,62,78,36,42,28,10,18,2,0,2,21,17,4,17,13,4,4,4,0
S01011123,232,106,126,198,88,110,144,72,72,48,12,36,6,4,2,34,18,16,19,12,7,15,6,9
S01011124,178,75,103,150,62,88,114,48,66,36,14,22,0,0,0,28,13,15,18,6,12,10,7,3
S01011125,105,64,41,66,40,26,52,32,20,10,4,6,4,4,0,39,24,15,29,18,11,10,6,4
S01011126,138,64,74,130,62,68,78,36,42,48,24,24,4,2,2,8,2,6,5,2,3,3,0,3
S01011127,225,77,148,220,74,146,100,42,58,116,32,84,4,0,4,5,3,2,2,2,0,3,1,2
S01011128,153,81,72,138,70,68,104,54,50,34,16,18,0,0,0,15,11,4,10,8,2,5,3,2
S01011129,313,120,193,308,118,190,198,88,110,108,30,78,2,0,2,5,2,3,3,0,3,2,2,0
S01011130,112,53,59,98,42,56,66,34,32,28,6,22,4,2,2,14,11,3,8,7,1,6,4,2
S01011131,93,42,51,82,36,46,56,26,30,22,8,14,4,2,2,11,6,5,8,3,5,3,3,0
S01011132,183,82,101,172,80,92,124,64,60,48,16,32,0,0,0,11,2,9,7,1,6,4,1,3
S01011133,75,25,50,66,18,48,48,14,34,14,2,12,4,2,2,9,7,2,9,7,2,0,0,0
S01011134,112,70,42,96,58,38,76,42,34,16,12,4,4,4,0,16,12,4,12,9,3,4,3,1
S01011135,146,79,67,114,60,54,78,42,36,34,18,16,2,0,2,32,19,13,18,9,9,14,10,4
S01011136,116,58,58,102,50,52,68,30,38,32,18,14,2,2,0,14,8,6,10,7,3,4,1,3
S01011137,118,36,82,86,20,66,54,16,38,30,4,26,2,0,2,32,16,16,22,13,9,10,3,7
S01011138,166,73,93,136,54,82,94,36,58,38,16,22,4,2,2,30,19,11,21,13,8,9,6,3
S01011139,256,108,148,242,100,142,164,70,94,74,30,44,4,0,4,14,8,6,12,7,5,2,1,1
S01011140,136,69,67,120,58,62,78,36,42,40,22,18,2,0,2,16,11,5,12,9,3,4,2,2
S01011141,122,52,70,94,32,62,56,22,34,32,8,24,6,2,4,28,20,8,18,13,5,10,7,3
S01011142,197,82,115,186,76,110,140,52,88,42,22,20,4,2,2,11,6,5,9,5,4,2,1,1
S01011143,223,96,127,198,78,120,154,62,92,40,14,26,4,2,2,25,18,7,18,16,2,7,2,5
S01011144,179,75,104,162,66,96,124,48,76,32,14,18,6,4,2,17,9,8,8,5,3,9,4,5
S01011145,129,53,76,120,50,70,92,34,58,24,12,12,4,4,0,9,3,6,7,2,5,2,1,1
S01011146,180,80,100,150,64,86,104,52,52,30,6,24,16,6,10,30,16,14,18,10,8,12,6,6
S01011147,187,86,101,164,66,98,114,42,72,38,18,20,12,6,6,23,20,3,17,15,2,6,5,1
S01011148,141,63,78,118,52,66,86,34,52,26,16,10,6,2,4,23,11,12,16,8,8,7,3,4
S01011149,193,72,121,182,66,116,96,44,52,82,22,60,4,0,4,11,6,5,11,6,5,0,0,0
S01011150,160,71,89,142,60,82,64,40,24,76,18,58,2,2,0,18,11,7,13,7,6,5,4,1
S01011151,178,82,96,164,74,90,90,42,48,72,32,40,2,0,2,14,8,6,12,7,5,2,1,1
S01011152,114,48,66,98,38,60,66,26,40,28,10,18,4,2,2,16,10,6,11,7,4,5,3,2
S01011153,135,45,90,120,40,80,88,36,52,28,2,26,4,2,2,15,5,10,10,2,8,5,3,2
S01011154,62,30,32,38,16,22,16,6,10,20,8,12,2,2,0,24,14,10,18,10,8,6,4,2
S01011155,107,51,56,92,40,52,72,34,38,16,4,12,4,2,2,15,11,4,9,7,2,6,4,2
S01011156,115,58,57,106,52,54,92,48,44,10,4,6,4,0,4,9,6,3,9,6,3,0,0,0
S01011157,87,45,42,78,38,40,64,28,36,12,8,4,2,2,0,9,7,2,6,5,1,3,2,1
S01011158,55,15,40,44,12,32,30,10,20,12,2,10,2,0,2,11,3,8,8,1,7,3,2,1
S01011159,79,44,35,64,36,28,54,32,22,8,4,4,2,0,2,15,8,7,8,4,4,7,4,3
S01011160,195,96,99,162,78,84,118,60,58,36,14,22,8,4,4,33,18,15,26,14,12,7,4,3
S01011161,144,67,77,114,48,66,70,28,42,34,12,22,10,8,2,30,19,11,21,12,9,9,7,2
S01011162,107,33,74,76,18,58,44,16,28,24,2,22,8,0,8,31,15,16,14,7,7,17,8,9
S01011163,148,81,67,108,56,52,74,40,34,30,14,16,4,2,2,40,25,15,28,17,11,12,8,4
S01011164,188,81,107,158,66,92,110,52,58,40,12,28,8,2,6,30,15,15,16,10,6,14,5,9
S01011165,147,69,78,110,48,62,66,36,30,42,10,32,2,2,0,37,21,16,16,11,5,21,10,11
S01011166,103,39,64,92,32,60,78,26,52,12,4,8,2,2,0,11,7,4,9,6,3,2,1,1
S01011167,110,46,64,108,44,64,84,34,50,22,10,12,2,0,2,2,2,0,2,2,0,0,0,0
S01011168,166,77,89,156,72,84,94,46,48,60,26,34,2,0,2,10,5,5,8,4,4,2,1,1
S01011169,301,121,180,278,114,164,196,94,102,74,18,56,8,2,6,23,7,16,14,5,9,9,2,7
S01011170,176,66,110,160,60,100,90,42,48,60,16,44,10,2,8,16,6,10,13,5,8,3,1,2
S01011171,132,57,75,120,50,70,98,38,60,20,10,10,2,2,0,12,7,5,7,4,3,5,3,2
S01011172,114,59,55,106,54,52,76,40,36,28,12,16,2,2,0,8,5,3,6,4,2,2,1,1
S01011173,105,49,56,98,44,54,76,32,44,18,10,8,4,2,2,7,5,2,5,3,2,2,2,0
S01011174,50,22,28,38,18,20,30,16,14,6,2,4,2,0,2,12,4,8,9,2,7,3,2,1
S01011175,90,34,56,74,24,50,56,18,38,16,4,12,2,2,0,16,10,6,11,8,3,5,2,3
S01011176,62,24,38,54,20,34,44,16,28,10,4,6,0,0,0,8,4,4,7,4,3,1,0,1
S01011177,129,56,73,108,42,66,98,38,60,8,2,6,2,2,0,21,14,7,16,11,5,5,3,2
S01011178,139,65,74,120,56,64,66,34,32,42,16,26,12,6,6,19,9,10,13,6,7,6,3,3
S01011179,111,84,27,88,66,22,62,46,16,20,14,6,6,6,0,23,18,5,17,13,4,6,5,1
S01011180,139,77,62,102,54,48,46,24,22,30,22,8,26,8,18,37,23,14,16,11,5,21,12,9
S01011181,76,40,36,72,38,34,56,28,28,12,8,4,4,2,2,4,2,2,2,1,1,2,1,1
S01011182,63,34,29,60,32,28,48,22,26,10,8,2,2,2,0,3,2,1,3,2,1,0,0,0
S01011183,114,54,60,96,42,54,66,26,40,22,12,10,8,4,4,18,12,6,8,4,4,10,8,2
S01011184,223,92,131,212,86,126,182,70,112,28,16,12,2,0,2,11,6,5,10,5,5,1,1,0
S01011185,105,53,52,92,44,48,82,44,38,10,0,10,0,0,0,13,9,4,6,4,2,7,5,2
S01011186,151,91,60,114,68,46,82,56,26,22,10,12,10,2,8,37,23,14,22,15,7,15,8,7
S01011187,103,54,49,94,50,44,82,44,38,10,6,4,2,0,2,9,4,5,8,4,4,1,0,1
S01011188,197,94,103,156,74,82,116,60,56,34,12,22,6,2,4,41,20,21,23,13,10,18,7,11
S01011189,146,78,68,112,54,58,92,44,48,16,6,10,4,4,0,34,24,10,23,15,8,11,9,2
S01011190,122,58,64,94,44,50,54,32,22,26,6,20,14,6,8,28,14,14,14,8,6,14,6,8
S01011191,117,64,53,84,42,42,56,30,26,16,4,12,12,8,4,33,22,11,21,16,5,12,6,6
S01011192,167,97,70,128,70,58,64,40,24,40,18,22,24,12,12,39,27,12,21,17,4,18,10,8
S01011193,178,85,93,136,60,76,78,36,42,40,14,26,18,10,8,42,25,17,17,9,8,25,16,9
S01011194,184,105,79,120,58,62,68,36,32,36,18,18,16,4,12,64,47,17,33,24,9,31,23,8
S01011195,182,77,105,128,50,78,70,30,40,42,12,30,16,8,8,54,27,27,29,16,13,25,11,14
S01011196,190,85,105,132,54,78,80,42,38,42,8,34,10,4,6,58,31,27,25,15,10,33,16,17
S01011197,193,82,111,138,54,84,66,30,36,48,14,34,24,10,14,55,28,27,21,16,5,34,12,22
S01011198,137,60,77,98,34,64,42,16,26,38,12,26,18,6,12,39,26,13,22,14,8,17,12,5
S01011199,170,97,73,134,72,62,98,52,46,26,16,10,10,4,6,36,25,11,18,12,6,18,13,5
S01011200,143,79,64,108,56,52,64,40,24,28,8,20,16,8,8,35,23,12,24,17,7,11,6,5
S01011201,111,63,48,98,52,46,86,44,42,10,6,4,2,2,0,13,11,2,5,4,1,8,7,1
S01011202,176,102,74,122,64,58,84,40,44,34,22,12,4,2,2,54,38,16,40,29,11,14,9,5
S01011203,189,110,79,154,88,66,120,78,42,28,10,18,6,0,6,35,22,13,23,13,10,12,9,3
S01011204,112,52,60,102,48,54,94,44,50,8,4,4,0,0,0,10,4,6,8,2,6,2,2,0
S01011205,275,116,159,244,98,146,194,82,112,50,16,34,0,0,0,31,18,13,22,15,7,9,3,6
S01011206,204,96,108,174,80,94,132,70,62,36,10,26,6,0,6,30,16,14,24,12,12,6,4,2
S01011207,173,96,77,156,86,70,102,54,48,50,30,20,4,2,2,17,10,7,12,7,5,5,3,2
S01011208,235,111,124,212,94,118,180,88,92,24,4,20,8,2,6,23,17,6,19,13,6,4,4,0
S01011209,134,70,64,102,52,50,56,34,22,34,16,18,12,2,10,32,18,14,16,12,4,16,6,10
S01011210,185,86,99,172,78,94,128,56,72,34,18,16,10,4,6,13,8,5,8,3,5,5,5,0
S01011211,195,79,116,172,66,106,144,50,94,18,8,10,10,8,2,23,13,10,21,13,8,2,0,2
S01011212,128,55,73,84,36,48,54,24,30,24,10,14,6,2,4,44,19,25,20,11,9,24,8,16
S01011213,237,101,136,156,54,102,84,28,56,48,12,36,24,14,10,81,47,34,36,20,16,45,27,18
S01011214,203,97,106,140,66,74,64,32,32,52,18,34,24,16,8,63,31,32,28,14,14,35,17,18
S01011215,143,67,76,106,42,64,44,20,24,26,14,12,36,8,28,37,25,12,20,11,9,17,14,3
S01011216,115,60,55,84,36,48,54,28,26,20,4,16,10,4,6,31,24,7,15,12,3,16,12,4
S01011217,168,92,76,106,48,58,60,28,32,22,6,16,24,14,10,62,44,18,30,25,5,32,19,13
S01011218,179,93,86,112,60,52,58,36,22,30,8,22,24,16,8,67,33,34,25,16,9,42,17,25
S01011219,169,97,72,122,66,56,78,40,38,24,12,12,20,14,6,47,31,16,23,20,3,24,11,13
S01011220,175,106,69,124,68,56,78,46,32,22,14,8,24,8,16,51,38,13,29,24,5,22,14,8
S01011221,223,126,97,164,86,78,124,66,58,30,12,18,10,8,2,59,40,19,33,22,11,26,18,8
S01011222,132,68,64,104,44,60,70,32,38,28,12,16,6,0,6,28,24,4,12,11,1,16,13,3
S01011223,161,74,87,118,50,68,88,40,48,26,8,18,4,2,2,43,24,19,26,14,12,17,10,7
S01011224,107,62,45,76,40,36,50,30,20,18,8,10,8,2,6,31,22,9,19,13,6,12,9,3
S01011225,122,61,61,76,36,40,26,20,6,38,12,26,12,4,8,46,25,21,21,10,11,25,15,10
S01011226,179,97,82,150,74,76,120,64,56,20,6,14,10,4,6,29,23,6,23,18,5,6,5,1
S01011227,99,56,43,64,36,28,38,22,16,18,10,8,8,4,4,35,20,15,12,9,3,23,11,12
S01011228,119,71,48,82,46,36,54,34,20,24,10,14,4,2,2,37,25,12,21,14,7,16,11,5
S01011229,92,56,36,50,24,26,28,16,12,18,8,10,4,0,4,42,32,10,15,12,3,27,20,7
S01011230,138,75,63,76,40,36,34,18,16,24,12,12,18,10,8,62,35,27,17,10,7,45,25,20
S01011231,116,63,53,82,40,42,40,20,20,26,12,14,16,8,8,34,23,11,13,10,3,21,13,8
S01011232,124,77,47,96,56,40,60,30,30,18,12,6,18,14,4,28,21,7,14,12,2,14,9,5
S01011233,77,45,32,56,32,24,18,12,6,26,14,12,12,6,6,21,13,8,6,3,3,15,10,5
S01011234,246,121,125,158,62,96,78,34,44,44,16,28,36,12,24,88,59,29,33,26,7,55,33,22
S01011235,71,34,37,40,16,24,24,10,14,10,4,6,6,2,4,31,18,13,14,9,5,17,9,8
S01011236,89,51,38,62,34,28,46,22,24,6,4,2,10,8,2,27,17,10,12,8,4,15,9,6
S01011237,178,97,81,120,60,60,68,42,26,48,16,32,4,2,2,58,37,21,30,25,5,28,12,16
S01011238,138,84,54,86,46,40,38,26,12,28,14,14,20,6,14,52,38,14,22,15,7,30,23,7
S01011239,98,61,37,76,48,28,48,32,16,18,10,8,10,6,4,22,13,9,8,5,3,14,8,6
S01011240,69,35,34,50,22,28,20,10,10,20,8,12,10,4,6,19,13,6,14,9,5,5,4,1
S01011241,136,69,67,104,46,58,70,36,34,30,6,24,4,4,0,32,23,9,16,10,6,16,13,3
S01011242,127,73,54,100,52,48,60,32,28,30,16,14,10,4,6,27,21,6,16,12,4,11,9,2
S01011243,117,79,38,50,36,14,22,18,4,14,12,2,14,6,8,67,43,24,20,13,7,47,30,17
S01011244,96,56,40,60,28,32,26,10,16,24,14,10,10,4,6,36,28,8,23,16,7,13,12,1
S01011245,136,74,62,84,40,44,48,26,22,22,8,14,14,6,8,52,34,18,33,18,15,19,16,3
S01011246,133,79,54,110,58,52,80,38,42,22,14,8,8,6,2,23,21,2,11,9,2,12,12,0
S01011247,122,52,70,110,44,66,82,32,50,18,6,12,10,6,4,12,8,4,12,8,4,0,0,0
S01011248,143,68,75,124,54,70,98,38,60,26,16,10,0,0,0,19,14,5,15,11,4,4,3,1
S01011249,158,81,77,146,74,72,120,60,60,18,10,8,8,4,4,12,7,5,10,5,5,2,2,0
S01011250,276,127,149,176,74,102,88,36,52,58,24,34,30,14,16,100,53,47,54,30,24,46,23,23
S01011251,192,99,93,128,56,72,86,42,44,32,12,20,10,2,8,64,43,21,39,27,12,25,16,9
S01011252,208,114,94,128,58,70,70,42,28,38,12,26,20,4,16,80,56,24,39,32,7,41,24,17
S01011253,188,98,90,132,58,74,78,40,38,36,14,22,18,4,14,56,40,16,32,25,7,24,15,9
S01011254,225,105,120,202,94,108,168,76,92,30,16,14,4,2,2,23,11,12,21,10,11,2,1,1
S01011255,257,105,152,246,98,148,216,88,128,28,10,18,2,0,2,11,7,4,7,5,2,4,2,2
S01011256,179,62,117,164,54,110,134,44,90,26,8,18,4,2,2,15,8,7,10,5,5,5,3,2
S01011257,53,28,25,52,28,24,42,24,18,8,2,6,2,2,0,1,0,1,1,0,1,0,0,0
S01011258,129,70,59,106,52,54,76,34,42,28,16,12,2,2,0,23,18,5,14,12,2,9,6,3
S01011259,118,69,49,92,52,40,58,30,28,22,10,12,12,12,0,26,17,9,12,8,4,14,9,5
S01011260,134,79,55,118,66,52,98,54,44,16,8,8,4,4,0,16,13,3,10,10,0,6,3,3
S01011261,153,51,102,93,26,67,50,16,34,24,2,22,19,8,11,60,25,35,31,16,15,29,9,20
S01011262,91,49,42,64,30,34,40,22,18,20,6,14,4,2,2,27,19,8,18,12,6,9,7,2
S01011263,299,137,162,240,98,142,182,76,106,46,18,28,12,4,8,59,39,20,34,24,10,25,15,10
S01011264,155,55,100,112,36,76,64,20,44,30,10,20,18,6,12,43,19,24,16,8,8,27,11,16
S01011265,277,137,140,166,66,100,72,30,42,70,18,52,24,18,6,111,71,40,58,37,21,53,34,19
S01011266,168,76,92,128,54,74,82,36,46,30,6,24,16,12,4,40,22,18,25,12,13,15,10,5
S01011267,101,48,53,84,36,48,62,22,40,14,10,4,8,4,4,17,12,5,10,5,5,7,7,0
S01011268,54,31,23,46,26,20,32,22,10,14,4,10,0,0,0,8,5,3,5,3,2,3,2,1
S01011269,81,46,35,58,28,30,42,22,20,6,2,4,10,4,6,23,18,5,10,9,1,13,9,4
S01011270,124,69,55,80,40,40,42,26,16,30,10,20,8,4,4,44,29,15,24,17,7,20,12,8
S01011271,121,49,72,96,38,58,54,28,26,28,4,24,14,6,8,25,11,14,17,7,10,8,4,4
S01011272,119,82,37,70,44,26,38,24,14,24,14,10,8,6,2,49,38,11,27,21,6,22,17,5
S01011273,228,90,138,144,48,96,82,32,50,40,12,28,22,4,18,84,42,42,39,24,15,45,18,27
S01011274,217,109,108,148,76,72,90,52,38,38,16,22,20,8,12,69,33,36,32,15,17,37,18,19
S01011275,168,71,97,108,42,66,34,22,12,40,12,28,34,8,26,60,29,31,29,17,12,31,12,19
S01011276,215,97,118,156,68,88,84,44,40,52,20,32,20,4,16,59,29,30,26,16,10,33,13,20
S01011277,116,74,42,100,62,38,78,50,28,20,10,10,2,2,0,16,12,4,12,10,2,4,2,2
S01011278,99,57,42,84,46,38,72,42,30,10,4,6,2,0,2,15,11,4,9,8,1,6,3,3
S01011279,112,60,52,90,42,48,74,32,42,16,10,6,0,0,0,22,18,4,12,9,3,10,9,1
S01011280,103,49,54,94,46,48,76,32,44,12,12,0,6,2,4,9,3,6,9,3,6,0,0,0
S01011281,171,81,90,154,72,82,118,58,60,34,14,20,2,0,2,17,9,8,13,5,8,4,4,0
S01011282,271,104,167,250,92,158,212,80,132,34,12,22,4,0,4,21,12,9,15,8,7,6,4,2
S01011283,243,102,141,234,98,136,188,80,108,38,14,24,8,4,4,9,4,5,8,3,5,1,1,0
S01011284,222,58,164,212,54,158,180,52,128,30,2,28,2,0,2,10,4,6,8,4,4,2,0,2
S01011285,161,73,88,112,48,64,62,28,34,36,14,22,14,6,8,49,25,24,30,16,14,19,9,10
S01011286,164,82,82,110,46,64,58,28,30,38,10,28,14,8,6,54,36,18,33,20,13,21,16,5
S01011287,185,98,87,120,52,68,78,40,38,28,10,18,14,2,12,65,46,19,34,25,9,31,21,10
S01011288,169,95,74,112,56,56,76,46,30,22,8,14,14,2,12,57,39,18,30,20,10,27,19,8
S01011289,208,100,108,152,64,88,98,44,54,42,20,22,12,0,12,56,36,20,26,19,7,30,17,13
S01011290,183,103,80,126,62,64,78,42,36,30,12,18,18,8,10,57,41,16,27,23,4,30,18,12
S01011291,161,86,75,116,58,58,66,38,28,38,20,18,12,0,12,45,28,17,22,13,9,23,15,8
S01011292,125,68,57,78,36,42,36,14,22,14,8,6,28,14,14,47,32,15,26,18,8,21,14,7
S01011293,163,93,70,112,60,52,74,42,32,26,14,12,12,4,8,51,33,18,25,18,7,26,15,11
S01011294,113,62,51,70,32,38,48,24,24,14,6,8,8,2,6,43,30,13,19,13,6,24,17,7
S01011295,182,104,78,158,88,70,124,70,54,20,10,10,14,8,6,24,16,8,13,8,5,11,8,3
S01011296,89,48,41,70,38,32,48,28,20,12,4,8,10,6,4,19,10,9,16,8,8,3,2,1
S01011297,195,94,101,136,60,76,78,36,42,32,12,20,26,12,14,59,34,25,42,29,13,17,5,12
S01011298,160,64,96,116,42,74,58,24,34,30,8,22,28,10,18,44,22,22,14,6,8,30,16,14
S01011299,92,41,51,90,40,50,60,28,32,26,10,16,4,2,2,2,1,1,1,0,1,1,1,0
S01011300,190,98,92,134,62,72,64,30,34,42,24,18,28,8,20,56,36,20,24,18,6,32,18,14
S01011301,127,50,77,112,42,70,84,36,48,28,6,22,0,0,0,15,8,7,7,4,3,8,4,4
S01011302,118,69,49,92,46,46,62,30,32,24,14,10,6,2,4,26,23,3,11,9,2,15,14,1
S01011303,227,113,114,208,98,110,168,80,88,36,16,20,4,2,2,19,15,4,12,10,2,7,5,2
S01011304,146,60,86,92,32,60,42,18,24,42,12,30,8,2,6,54,28,26,25,13,12,29,15,14
S01011305,203,94,109,156,58,98,100,46,54,46,10,36,10,2,8,47,36,11,20,18,2,27,18,9
S01011306,114,56,58,70,32,38,30,18,12,22,10,12,18,4,14,44,24,20,11,6,5,33,18,15
S01011307,97,37,60,90,34,56,64,26,38,24,6,18,2,2,0,7,3,4,5,2,3,2,1,1
S01011308,83,42,41,78,38,40,56,28,28,22,10,12,0,0,0,5,4,1,1,0,1,4,4,0
S01011309,119,55,64,108,48,60,90,42,48,16,4,12,2,2,0,11,7,4,10,6,4,1,1,0
S01011310,122,52,70,96,40,56,68,28,40,22,10,12,6,2,4,26,12,14,17,5,12,9,7,2
S01011311,102,38,64,94,34,60,72,26,46,22,8,14,0,0,0,8,4,4,3,2,1,5,2,3
S01011312,191,83,108,180,76,104,132,58,74,38,10,28,10,8,2,11,7,4,8,4,4,3,3,0
S01011313,140,58,82,120,46,74,78,24,54,40,22,18,2,0,2,20,12,8,14,7,7,6,5,1
S01011314,247,92,155,216,74,142,164,64,100,50,10,40,2,0,2,31,18,13,19,12,7,12,6,6
S01011315,98,46,52,82,36,46,52,24,28,24,8,16,6,4,2,16,10,6,8,6,2,8,4,4
S01011316,167,76,91,110,44,66,76,30,46,24,8,16,10,6,4,57,32,25,37,22,15,20,10,10
S01011317,109,40,69,100,32,68,76,22,54,20,10,10,4,0,4,9,8,1,6,5,1,3,3,0
S01011318,110,54,56,92,44,48,70,34,36,18,6,12,4,4,0,18,10,8,8,3,5,10,7,3
S01011319,143,59,84,136,54,82,92,36,56,42,18,24,2,0,2,7,5,2,4,3,1,3,2,1
S01011320,83,49,34,76,44,32,54,32,22,20,12,8,2,0,2,7,5,2,4,3,1,3,2,1
S01011321,137,69,68,114,54,60,90,44,46,22,10,12,2,0,2,23,15,8,18,12,6,5,3,2
S01011322,166,69,97,148,60,88,118,46,72,24,10,14,6,4,2,18,9,9,11,5,6,7,4,3
S01011323,238,100,138,190,70,120,118,46,72,56,24,32,16,0,16,48,30,18,32,22,10,16,8,8
S01011324,80,26,54,68,22,46,36,12,24,30,8,22,2,2,0,12,4,8,10,4,6,2,0,2
S01011325,95,57,38,56,32,24,32,20,12,16,10,6,8,2,6,39,25,14,15,6,9,24,19,5
S01011326,74,54,20,42,30,12,30,22,8,4,2,2,8,6,2,32,24,8,18,13,5,14,11,3
S01011327,59,26,33,46,22,24,36,12,24,8,8,0,2,2,0,13,4,9,7,2,5,6,2,4
S01011328,114,55,59,96,44,52,74,32,42,18,8,10,4,4,0,18,11,7,12,7,5,6,4,2
S01011329,126,61,65,90,38,52,62,26,36,18,4,14,10,8,2,36,23,13,20,12,8,16,11,5
S01011330,158,63,95,146,56,90,108,40,68,38,16,22,0,0,0,12,7,5,8,4,4,4,3,1
S01011331,134,50,84,126,46,80,96,32,64,30,14,16,0,0,0,8,4,4,7,4,3,1,0,1
S01011332,140,63,77,126,54,72,92,32,60,34,22,12,0,0,0,14,9,5,13,8,5,1,1,0
S01011333,75,24,51,72,22,50,46,14,32,20,6,14,6,2,4,3,2,1,3,2,1,0,0,0
S01011334,130,45,85,118,36,82,94,32,62,14,2,12,10,2,8,12,9,3,4,3,1,8,6,2
S01011335,150,74,76,136,62,74,94,44,50,40,16,24,2,2,0,14,12,2,7,6,1,7,6,1
S01011336,153,68,85,126,54,72,96,42,54,24,10,14,6,2,4,27,14,13,12,5,7,15,9,6
S01011337,108,42,66,102,38,64,68,28,40,30,8,22,4,2,2,6,4,2,4,3,1,2,1,1
S01011338,158,70,88,118,46,72,82,34,48,20,6,14,16,6,10,40,24,16,22,10,12,18,14,4
S01011339,127,63,64,88,44,44,56,30,26,24,10,14,8,4,4,39,19,20,28,14,14,11,5,6
S01011340,136,58,78,102,42,60,58,24,34,30,12,18,14,6,8,34,16,18,14,5,9,20,11,9
S01011341,157,89,68,120,64,56,94,48,46,22,12,10,4,4,0,37,25,12,20,13,7,17,12,5
S01011342,137,59,78,116,44,72,84,36,48,18,2,16,14,6,8,21,15,6,9,7,2,12,8,4
S01011343,139,73,66,100,48,52,68,34,34,22,8,14,10,6,4,39,25,14,21,15,6,18,10,8
S01011344,189,116,73,122,72,50,70,54,16,26,12,14,26,6,20,67,44,23,27,19,8,40,25,15
S01011345,184,90,94,108,40,68,54,26,28,38,12,26,16,2,14,76,50,26,43,29,14,33,21,12
S01011346,131,72,59,96,48,48,76,42,34,16,6,10,4,0,4,35,24,11,21,14,7,14,10,4
S01011347,184,94,90,150,72,78,102,54,48,36,16,20,12,2,10,34,22,12,25,15,10,9,7,2
S01011348,200,96,104,154,74,80,92,52,40,38,14,24,24,8,16,46,22,24,22,11,11,24,11,13
S01011349,251,140,111,236,128,108,206,116,90,26,8,18,4,4,0,15,12,3,8,7,1,7,5,2
S01011350,136,68,68,128,62,66,90,48,42,34,12,22,4,2,2,8,6,2,5,4,1,3,2,1
S01011351,141,74,67,106,50,56,58,36,22,30,6,24,18,8,10,35,24,11,20,13,7,15,11,4
S01011352,111,64,47,88,48,40,68,38,30,18,10,8,2,0,2,23,16,7,20,13,7,3,3,0
S01011353,113,55,58,92,40,52,60,24,36,28,14,14,4,2,2,21,15,6,10,8,2,11,7,4
S01011354,141,67,74,106,46,60,66,28,38,28,12,16,12,6,6,35,21,14,21,11,10,14,10,4
S01011355,176,81,95,154,70,84,108,50,58,44,20,24,2,0,2,22,11,11,15,9,6,7,2,5
S01011356,199,89,110,182,76,106,146,70,76,30,6,24,6,0,6,17,13,4,11,9,2,6,4,2
S01011357,176,70,106,154,56,98,110,34,76,38,18,20,6,4,2,22,14,8,19,12,7,3,2,1
S01011358,164,82,82,146,70,76,126,60,66,18,10,8,2,0,2,18,12,6,15,9,6,3,3,0
S01011359,108,56,52,92,44,48,62,32,30,22,10,12,8,2,6,16,12,4,5,5,0,11,7,4
S01011360,187,88,99,128,52,76,44,14,30,56,26,30,28,12,16,59,36,23,35,19,16,24,17,7
S01011361,80,51,29,52,32,20,26,16,10,18,12,6,8,4,4,28,19,9,9,5,4,19,14,5
S01011362,170,78,92,162,72,90,134,62,72,22,10,12,6,0,6,8,6,2,7,5,2,1,1,0
S01011363,153,84,69,124,62,62,82,42,40,32,18,14,10,2,8,29,22,7,17,13,4,12,9,3
S01011364,154,79,75,136,68,68,102,58,44,22,8,14,12,2,10,18,11,7,17,10,7,1,1,0
S01011365,216,85,131,198,76,122,174,66,108,20,10,10,4,0,4,18,9,9,12,5,7,6,4,2
S01011366,63,47,16,52,36,16,32,26,6,18,8,10,2,2,0,11,11,0,8,8,0,3,3,0
S01011367,168,82,86,126,54,72,86,34,52,34,14,20,6,6,0,42,28,14,30,20,10,12,8,4
S01011368,283,143,140,266,130,136,226,114,112,34,14,20,6,2,4,17,13,4,10,7,3,7,6,1
S01011369,176,100,76,144,82,62,106,66,40,28,10,18,10,6,4,32,18,14,18,10,8,14,8,6
S01011370,231,131,100,214,118,96,176,112,64,34,4,30,4,2,2,17,13,4,12,10,2,5,3,2
S01011371,180,94,86,126,64,62,74,44,30,40,12,28,12,8,4,54,30,24,28,16,12,26,14,12
S01011372,109,76,33,74,48,26,44,34,10,18,10,8,12,4,8,35,28,7,15,13,2,20,15,5
S01011373,125,67,58,84,40,44,42,22,20,24,4,20,18,14,4,41,27,14,22,14,8,19,13,6
S01011374,209,109,100,184,94,90,144,78,66,32,14,18,8,2,6,25,15,10,16,9,7,9,6,3
S01011375,128,55,73,108,42,66,80,32,48,22,8,14,6,2,4,20,13,7,12,8,4,8,5,3
S01011376,54,41,13,32,20,12,22,16,6,8,4,4,2,0,2,22,21,1,12,12,0,10,9,1
S01011377,114,45,69,104,40,64,86,34,52,18,6,12,0,0,0,10,5,5,8,4,4,2,1,1
S01011378,141,54,87,124,44,80,96,26,70,26,16,10,2,2,0,17,10,7,15,9,6,2,1,1
S01011379,217,90,127,202,78,124,178,72,106,24,6,18,0,0,0,15,12,3,13,10,3,2,2,0
S01011380,118,66,52,100,54,46,78,40,38,20,12,8,2,2,0,18,12,6,8,5,3,10,7,3
S01011381,113,60,53,98,50,48,74,46,28,18,4,14,6,0,6,15,10,5,12,7,5,3,3,0
S01011382,115,68,47,78,38,40,48,26,22,24,10,14,6,2,4,37,30,7,24,22,2,13,8,5
S01011383,119,52,67,72,26,46,44,18,26,18,8,10,10,0,10,47,26,21,22,16,6,25,10,15
S01011384,163,71,92,90,30,60,32,14,18,32,16,16,26,0,26,73,41,32,23,14,9,50,27,23
S01011385,165,81,84,96,38,58,42,20,22,38,16,22,16,2,14,69,43,26,35,25,10,34,18,16
S01011386,139,72,67,80,38,42,36,26,10,16,8,8,28,4,24,59,34,25,26,20,6,33,14,19
S01011387,156,66,90,104,42,62,74,30,44,22,10,12,8,2,6,52,24,28,16,9,7,36,15,21
S01011388,333,153,180,298,132,166,248,118,130,42,10,32,8,4,4,35,21,14,20,12,8,15,9,6
S01011389,109,67,42,74,42,32,58,34,24,10,6,4,6,2,4,35,25,10,21,15,6,14,10,4
S01011390,156,84,72,118,62,56,66,36,30,36,18,18,16,8,8,38,22,16,17,10,7,21,12,9
S01011391,146,85,61,100,56,44,64,42,22,28,10,18,8,4,4,46,29,17,21,17,4,25,12,13
S01011392,149,78,71,110,56,54,62,38,24,30,12,18,18,6,12,39,22,17,20,9,11,19,13,6
S01011393,147,73,74,120,54,66,80,40,40,30,8,22,10,6,4,27,19,8,14,9,5,13,10,3
S01011394,213,57,156,200,52,148,156,44,112,36,8,28,8,0,8,13,5,8,10,4,6,3,1,2
S01011395,92,59,33,50,32,18,32,18,14,18,14,4,0,0,0,42,27,15,26,19,7,16,8,8
S01011396,113,51,62,76,28,48,56,26,30,14,0,14,6,2,4,37,23,14,27,18,9,10,5,5
S01011397,152,79,73,112,54,58,86,44,42,22,8,14,4,2,2,40,25,15,17,14,3,23,11,12
S01011398,153,53,100,108,34,74,50,22,28,34,6,28,24,6,18,45,19,26,22,12,10,23,7,16
S01011399,96,59,37,64,36,28,40,24,16,16,8,8,8,4,4,32,23,9,12,10,2,20,13,7
S01011400,107,60,47,80,42,38,66,34,32,8,6,2,6,2,4,27,18,9,16,11,5,11,7,4
S01011401,115,54,61,92,40,52,72,34,38,14,2,12,6,4,2,23,14,9,17,11,6,6,3,3
S01011402,127,63,64,100,48,52,82,44,38,18,4,14,0,0,0,27,15,12,17,11,6,10,4,6
S01011403,132,65,67,112,58,54,88,48,40,20,8,12,4,2,2,20,7,13,16,6,10,4,1,3
S01011404,161,83,78,126,66,60,72,46,26,42,14,28,12,6,6,35,17,18,19,10,9,16,7,9
S01011405,126,61,65,102,46,56,76,34,42,18,8,10,8,4,4,24,15,9,9,5,4,15,10,5
S01011406,114,56,58,92,42,50,60,30,30,26,8,18,6,4,2,22,14,8,15,11,4,7,3,4
S01011407,210,123,87,176,102,74,126,84,42,44,14,30,6,4,2,34,21,13,21,14,7,13,7,6
S01011408,163,96,67,122,68,54,80,44,36,30,20,10,12,4,8,41,28,13,16,13,3,25,15,10
S01011409,216,115,101,148,76,72,96,60,36,34,12,22,18,4,14,68,39,29,32,24,8,36,15,21
S01011410,102,55,47,78,42,36,44,24,20,20,12,8,14,6,8,24,13,11,19,11,8,5,2,3
S01011411,136,69,67,116,58,58,74,40,34,34,14,20,8,4,4,20,11,9,13,9,4,7,2,5
S01011412,148,62,86,138,56,82,118,44,74,16,10,6,4,2,2,10,6,4,7,6,1,3,0,3
S01011413,154,75,79,140,64,76,108,52,56,28,10,18,4,2,2,14,11,3,11,8,3,3,3,0
S01011414,166,78,88,122,52,70,80,38,42,32,12,20,10,2,8,44,26,18,24,14,10,20,12,8
S01011415,168,72,96,148,58,90,120,46,74,20,10,10,8,2,6,20,14,6,13,9,4,7,5,2
S01011416,137,67,70,126,60,66,106,50,56,14,8,6,6,2,4,11,7,4,8,4,4,3,3,0
S01011417,146,74,72,122,62,60,84,46,38,32,14,18,6,2,4,24,12,12,12,7,5,12,5,7
S01011418,105,64,41,78,44,34,52,30,22,16,8,8,10,6,4,27,20,7,12,9,3,15,11,4
S01011419,102,52,50,74,34,40,56,26,30,18,8,10,0,0,0,28,18,10,16,11,5,12,7,5
S01011420,79,39,40,50,22,28,26,14,12,10,4,6,14,4,10,29,17,12,13,9,4,16,8,8
S01011421,192,83,109,164,72,92,122,56,66,28,8,20,14,8,6,28,11,17,16,6,10,12,5,7
S01011422,140,75,65,106,54,52,70,40,30,26,8,18,10,6,4,34,21,13,17,10,7,17,11,6
S01011423,151,68,83,120,50,70,52,28,24,40,12,28,28,10,18,31,18,13,13,10,3,18,8,10
S01011424,112,54,58,100,46,54,78,42,36,18,2,16,4,2,2,12,8,4,9,6,3,3,2,1
S01011425,200,78,122,156,62,94,80,46,34,52,10,42,24,6,18,44,16,28,20,8,12,24,8,16
S01011426,309,145,164,290,134,156,242,116,126,46,18,28,2,0,2,19,11,8,12,6,6,7,5,2
S01011427,139,65,74,112,42,70,52,22,30,32,10,22,28,10,18,27,23,4,17,15,2,10,8,2
S01011428,83,45,38,62,30,32,44,26,18,12,2,10,6,2,4,21,15,6,14,12,2,7,3,4
S01011429,159,76,83,150,72,78,124,68,56,26,4,22,0,0,0,9,4,5,5,2,3,4,2,2
S01011430,195,104,91,174,90,84,140,74,66,32,14,18,2,2,0,21,14,7,10,7,3,11,7,4
S01011431,189,106,83,148,78,70,92,50,42,48,22,26,8,6,2,41,28,13,20,14,6,21,14,7
S01011432,183,101,82,152,82,70,110,68,42,28,10,18,14,4,10,31,19,12,20,14,6,11,5,6
S01011433,235,121,114,148,72,76,76,40,36,58,26,32,14,6,8,87,49,38,40,23,17,47,26,21
S01011434,94,48,46,76,38,38,64,34,30,12,4,8,0,0,0,18,10,8,15,9,6,3,1,2
S01011435,200,97,103,178,84,94,158,80,78,16,4,12,4,0,4,22,13,9,17,10,7,5,3,2
S01011436,131,79,52,92,54,38,54,36,18,28,12,16,10,6,4,39,25,14,23,15,8,16,10,6
S01011437,127,77,50,82,50,32,48,28,20,22,14,8,12,8,4,45,27,18,24,14,10,21,13,8
S01011438,125,77,48,84,52,32,36,26,10,32,16,16,16,10,6,41,25,16,18,15,3,23,10,13
S01011439,174,86,88,140,66,74,94,38,56,22,14,8,24,14,10,34,20,14,22,13,9,12,7,5
S01011440,108,50,58,80,36,44,62,32,30,10,2,8,8,2,6,28,14,14,10,6,4,18,8,10
S01011441,143,85,58,102,58,44,58,32,26,36,18,18,8,8,0,41,27,14,22,15,7,19,12,7
S01011442,142,74,68,110,52,58,76,40,36,20,6,14,14,6,8,32,22,10,19,13,6,13,9,4
S01011443,121,51,70,92,36,56,60,26,34,18,4,14,14,6,8,29,15,14,20,8,12,9,7,2
S01011444,154,68,86,112,40,72,52,22,30,38,4,34,22,14,8,42,28,14,17,12,5,25,16,9
S01011445,121,53,68,98,42,56,60,24,36,30,12,18,8,6,2,23,11,12,14,7,7,9,4,5
S01011446,101,39,62,82,30,52,60,20,40,16,10,6,6,0,6,19,9,10,13,6,7,6,3,3
S01011447,237,116,121,170,84,86,116,66,50,36,10,26,18,8,10,67,32,35,33,17,16,34,15,19
S01011448,164,70,94,138,56,82,108,50,58,30,6,24,0,0,0,26,14,12,16,9,7,10,5,5
S01011449,88,47,41,68,34,34,44,18,26,22,16,6,2,0,2,20,13,7,12,9,3,8,4,4
S01011450,179,79,100,156,62,94,112,40,72,40,20,20,4,2,2,23,17,6,12,8,4,11,9,2
S01011451,219,88,131,202,80,122,152,66,86,42,12,30,8,2,6,17,8,9,14,6,8,3,2,1
S01011452,194,98,96,158,76,82,122,62,60,24,12,12,12,2,10,36,22,14,26,15,11,10,7,3
S01011453,148,61,87,124,46,78,86,36,50,26,6,20,12,4,8,24,15,9,12,9,3,12,6,6
S01011454,170,94,76,118,64,54,80,42,38,28,14,14,10,8,2,52,30,22,38,23,15,14,7,7
S01011455,143,81,62,106,60,46,66,40,26,24,10,14,16,10,6,37,21,16,21,12,9,16,9,7
S01011456,132,67,65,94,46,48,58,30,28,28,14,14,8,2,6,38,21,17,25,14,11,13,7,6
S01011457,193,102,91,128,62,66,70,36,34,34,14,20,24,12,12,65,40,25,41,25,16,24,15,9
S01011458,311,139,172,278,122,156,226,104,122,44,14,30,8,4,4,33,17,16,21,12,9,12,5,7
S01011459,290,143,147,242,118,124,188,110,78,44,8,36,10,0,10,48,25,23,36,19,17,12,6,6
S01011460,203,83,120,164,58,106,124,48,76,34,10,24,6,0,6,39,25,14,26,17,9,13,8,5
S01011461,158,85,73,102,50,52,58,32,26,32,12,20,12,6,6,56,35,21,36,25,11,20,10,10
S01011462,182,89,93,164,78,86,118,60,58,44,16,28,2,2,0,18,11,7,11,6,5,7,5,2
S01011463,153,93,60,122,66,56,88,48,40,32,18,14,2,0,2,31,27,4,23,19,4,8,8,0
S01011464,181,96,85,168,88,80,122,58,64,42,28,14,4,2,2,13,8,5,7,3,4,6,5,1
S01011465,122,56,66,76,40,36,30,18,12,30,10,20,16,12,4,46,16,30,25,11,14,21,5,16
S01011466,108,65,43,74,44,30,56,32,24,18,12,6,0,0,0,34,21,13,14,7,7,20,14,6
S01011467,130,59,71,102,40,62,82,36,46,12,2,10,8,2,6,28,19,9,15,12,3,13,7,6
S01011468,334,135,199,312,126,186,252,110,142,52,14,38,8,2,6,22,9,13,12,3,9,10,6,4
S01011469,203,81,122,150,52,98,92,32,60,44,16,28,14,4,10,53,29,24,31,19,12,22,10,12
S01011470,195,93,102,162,72,90,106,54,52,42,10,32,14,8,6,33,21,12,19,13,6,14,8,6
S01011471,127,81,46,100,62,38,86,56,30,12,4,8,2,2,0,27,19,8,17,12,5,10,7,3
S01011472,127,74,53,82,42,40,56,34,22,16,4,12,10,4,6,45,32,13,18,15,3,27,17,10
S01011473,63,41,22,40,22,18,16,10,6,24,12,12,0,0,0,23,19,4,14,11,3,9,8,1
S01011474,111,63,48,68,38,30,44,28,16,22,8,14,2,2,0,43,25,18,22,14,8,21,11,10
S01011475,80,47,33,42,20,22,24,10,14,14,8,6,4,2,2,38,27,11,21,17,4,17,10,7
S01011476,106,53,53,96,44,52,88,42,46,6,2,4,2,0,2,10,9,1,10,9,1,0,0,0
S01011477,166,63,103,146,54,92,122,48,74,22,6,16,2,0,2,20,9,11,17,8,9,3,1,2
S01011478,264,115,149,250,104,146,204,84,120,42,16,26,4,4,0,14,11,3,12,9,3,2,2,0
S01011479,129,77,52,114,66,48,98,58,40,16,8,8,0,0,0,15,11,4,10,7,3,5,4,1
S01011480,213,100,113,192,90,102,144,66,78,44,20,24,4,4,0,21,10,11,11,6,5,10,4,6
S01011481,230,122,108,204,106,98,174,90,84,22,10,12,8,6,2,26,16,10,21,13,8,5,3,2
S01011482,174,98,76,128,66,62,82,46,36,26,10,16,20,10,10,46,32,14,29,23,6,17,9,8
S01011483,110,46,64,98,38,60,78,28,50,20,10,10,0,0,0,12,8,4,10,7,3,2,1,1
S01011484,166,80,86,118,48,70,62,22,40,34,10,24,22,16,6,48,32,16,28,16,12,20,16,4
S01011485,203,85,118,136,54,82,62,30,32,42,16,26,32,8,24,67,31,36,33,22,11,34,9,25
S01011486,117,54,63,70,32,38,28,14,14,38,14,24,4,4,0,47,22,25,21,9,12,26,13,13
S01011487,256,127,129,170,84,86,126,68,58,32,12,20,12,4,8,86,43,43,54,32,22,32,11,21
S01011488,158,70,88,102,44,58,50,26,24,42,16,26,10,2,8,56,26,30,21,12,9,35,14,21
S01011489,250,123,127,216,104,112,166,86,80,42,14,28,8,4,4,34,19,15,23,9,14,11,10,1
S01011490,195,113,82,152,84,68,110,62,48,36,16,20,6,6,0,43,29,14,24,18,6,19,11,8
S01011491,85,40,45,52,24,28,38,18,20,12,6,6,2,0,2,33,16,17,11,8,3,22,8,14
S01011492,136,66,70,86,40,46,50,28,22,20,4,16,16,8,8,50,26,24,17,11,6,33,15,18
S01011493,190,80,110,180,72,108,154,62,92,24,10,14,2,0,2,10,8,2,9,7,2,1,1,0
S01011494,143,78,65,122,62,60,94,52,42,26,10,16,2,0,2,21,16,5,16,12,4,5,4,1
S01011495,141,66,75,88,34,54,56,28,28,24,4,20,8,2,6,53,32,21,31,18,13,22,14,8
S01011496,148,71,77,84,32,52,48,22,26,22,6,16,14,4,10,64,39,25,33,27,6,31,12,19
S01011497,147,70,77,128,62,66,98,46,52,24,12,12,6,4,2,19,8,11,15,7,8,4,1,3
S01011498,189,97,92,170,84,86,132,66,66,32,16,16,6,2,4,19,13,6,17,11,6,2,2,0
S01011499,169,98,71,144,80,64,122,70,52,20,10,10,2,0,2,25,18,7,14,12,2,11,6,5
S01011500,114,54,60,98,42,56,80,34,46,12,6,6,6,2,4,16,12,4,9,6,3,7,6,1
S01011501,125,74,51,68,46,22,52,36,16,8,6,2,8,4,4,57,28,29,22,13,9,35,15,20
S01011502,162,88,74,131,74,57,80,50,30,45,22,23,6,2,4,31,14,17,21,11,10,10,3,7
S01011503,126,40,86,96,28,68,66,18,48,24,8,16,6,2,4,30,12,18,17,8,9,13,4,9
S01011504,114,56,58,98,48,50,46,18,28,50,28,22,2,2,0,16,8,8,11,6,5,5,2,3
S01011505,165,91,74,118,64,54,80,44,36,24,10,14,14,10,4,47,27,20,23,13,10,24,14,10
S01011506,84,35,49,72,30,42,52,20,32,18,10,8,2,0,2,12,5,7,7,3,4,5,2,3
S01011507,103,48,55,76,34,42,46,16,30,24,14,10,6,4,2,27,14,13,13,5,8,14,9,5
S01011508,217,111,106,184,88,96,148,70,78,28,16,12,8,2,6,33,23,10,17,9,8,16,14,2
S01011509,108,63,45,78,44,34,52,34,18,20,6,14,6,4,2,30,19,11,15,9,6,15,10,5
S01011510,263,120,143,176,84,92,132,74,58,32,6,26,12,4,8,87,36,51,30,13,17,57,23,34
S01011511,105,65,40,80,50,30,46,28,18,20,16,4,14,6,8,25,15,10,14,7,7,11,8,3
S01011512,232,122,110,124,58,66,68,42,26,30,12,18,26,4,22,108,64,44,38,24,14,70,40,30
S01011513,161,77,84,102,42,60,56,26,30,34,10,24,12,6,6,59,35,24,31,20,11,28,15,13
S01011514,212,101,111,156,68,88,94,46,48,46,16,30,16,6,10,56,33,23,33,19,14,23,14,9
S01011515,98,57,41,86,48,38,72,38,34,12,8,4,2,2,0,12,9,3,10,8,2,2,1,1
S01011516,238,135,103,226,128,98,176,106,70,46,22,24,4,0,4,12,7,5,8,5,3,4,2,2
S01011517,118,50,68,102,42,60,72,28,44,26,14,12,4,0,4,16,8,8,11,5,6,5,3,2
S01011518,106,52,54,80,42,38,38,26,12,30,12,18,12,4,8,26,10,16,13,5,8,13,5,8
S01011519,146,50,96,122,38,84,84,30,54,30,4,26,8,4,4,24,12,12,16,10,6,8,2,6
S01011520,112,50,62,72,24,48,42,12,30,14,6,8,16,6,10,40,26,14,21,14,7,19,12,7
S01011521,208,104,104,146,70,76,70,36,34,52,22,30,24,12,12,62,34,28,31,21,10,31,13,18
S01011522,166,87,79,124,66,58,84,40,44,38,24,14,2,2,0,42,21,21,25,12,13,17,9,8
S01011523,138,74,64,102,54,48,78,48,30,18,4,14,6,2,4,36,20,16,25,13,12,11,7,4
S01011524,172,95,77,148,78,70,124,66,58,18,6,12,6,6,0,24,17,7,18,14,4,6,3,3
S01011525,224,91,133,198,80,118,170,70,100,26,8,18,2,2,0,26,11,15,16,8,8,10,3,7
S01011526,221,97,124,178,72,106,134,52,82,38,16,22,6,4,2,43,25,18,21,9,12,22,16,6
S01011527,126,69,57,108,60,48,84,48,36,18,10,8,6,2,4,18,9,9,9,6,3,9,3,6
S01011528,172,108,64,120,78,42,80,56,24,36,18,18,4,4,0,52,30,22,27,15,12,25,15,10
S01011529,102,59,43,54,30,24,38,18,20,10,6,4,6,6,0,48,29,19,19,16,3,29,13,16
S01011530,156,82,74,114,50,64,78,34,44,28,10,18,8,6,2,42,32,10,30,23,7,12,9,3
S01011531,249,134,115,218,114,104,172,90,82,38,18,20,8,6,2,31,20,11,15,11,4,16,9,7
S01011532,209,97,112,184,82,102,144,68,76,30,10,20,10,4,6,25,15,10,17,11,6,8,4,4
S01011533,110,66,44,72,42,30,22,16,6,34,20,14,16,6,10,38,24,14,22,15,7,16,9,7
S01011534,175,75,100,134,52,82,104,42,62,28,10,18,2,0,2,41,23,18,25,12,13,16,11,5
S01011535,159,85,74,84,42,42,38,22,16,34,18,16,12,2,10,75,43,32,35,21,14,40,22,18
S01011536,131,57,74,120,50,70,98,38,60,20,12,8,2,0,2,11,7,4,7,4,3,4,3,1
S01011537,118,72,46,102,58,44,84,52,32,18,6,12,0,0,0,16,14,2,10,9,1,6,5,1
S01011538,146,77,69,136,70,66,106,60,46,30,10,20,0,0,0,10,7,3,8,7,1,2,0,2
S01011539,125,57,68,90,40,50,54,30,24,26,8,18,10,2,8,35,17,18,17,7,10,18,10,8
S01011540,214,92,122,164,70,94,124,52,72,34,14,20,6,4,2,50,22,28,38,20,18,12,2,10
S01011541,238,124,114,162,76,86,96,50,46,58,24,34,8,2,6,76,48,28,42,26,16,34,22,12
S01011542,198,88,110,144,62,82,96,44,52,34,16,18,14,2,12,54,26,28,35,16,19,19,10,9
S01011543,198,98,100,138,68,70,82,42,40,28,14,14,28,12,16,60,30,30,32,17,15,28,13,15
S01011544,140,87,53,102,64,38,72,46,26,28,16,12,2,2,0,38,23,15,18,13,5,20,10,10
S01011545,101,53,48,76,38,38,62,32,30,10,4,6,4,2,2,25,15,10,17,11,6,8,4,4
S01011546,250,110,140,226,100,126,184,80,104,40,20,20,2,0,2,24,10,14,19,9,10,5,1,4
S01011547,200,97,103,176,84,92,160,78,82,14,6,8,2,0,2,24,13,11,15,11,4,9,2,7
S01011548,150,69,81,126,54,72,102,48,54,20,4,16,4,2,2,24,15,9,15,11,4,9,4,5
S01011549,163,76,87,144,64,80,110,52,58,28,10,18,6,2,4,19,12,7,13,10,3,6,2,4
S01011550,135,56,79,124,48,76,110,44,66,10,4,6,4,0,4,11,8,3,7,6,1,4,2,2
S01011551,116,55,61,90,36,54,58,24,34,28,10,18,4,2,2,26,19,7,13,10,3,13,9,4
S01011552,154,75,79,138,64,74,114,54,60,24,10,14,0,0,0,16,11,5,13,10,3,3,1,2
S01011553,283,108,175,266,100,166,222,94,128,38,4,34,6,2,4,17,8,9,10,5,5,7,3,4
S01011554,147,71,76,110,50,60,78,36,42,24,10,14,8,4,4,37,21,16,21,13,8,16,8,8
S01011555,120,72,48,84,46,38,52,30,22,32,16,16,0,0,0,36,26,10,20,17,3,16,9,7
S01011556,107,63,44,64,38,26,38,26,12,24,10,14,2,2,0,43,25,18,18,14,4,25,11,14
S01011557,155,78,77,114,58,56,78,42,36,22,10,12,14,6,8,41,20,21,31,16,15,10,4,6
S01011558,138,77,61,104,58,46,76,46,30,18,6,12,10,6,4,34,19,15,20,15,5,14,4,10
S01011559,119,48,71,84,30,54,42,18,24,24,6,18,18,6,12,35,18,17,19,12,7,16,6,10
S01011560,147,76,71,112,54,58,72,46,26,30,6,24,10,2,8,35,22,13,17,11,6,18,11,7
S01011561,168,57,111,118,40,78,62,18,44,36,10,26,20,12,8,50,17,33,33,12,21,17,5,12
S01011562,161,79,82,94,44,50,56,30,26,28,8,20,10,6,4,67,35,32,37,22,15,30,13,17
S01011563,191,87,104,128,56,72,62,36,26,40,14,26,26,6,20,63,31,32,41,20,21,22,11,11
S01011564,236,131,105,194,108,86,134,76,58,52,28,24,8,4,4,42,23,19,26,13,13,16,10,6
S01011565,207,102,105,154,70,84,98,50,48,40,14,26,16,6,10,53,32,21,35,26,9,18,6,12
S01011566,203,93,110,126,50,76,72,30,42,38,20,18,16,0,16,77,43,34,33,18,15,44,25,19
S01011567,159,88,71,124,62,62,78,38,40,40,20,20,6,4,2,35,26,9,26,22,4,9,4,5
S01011568,226,110,116,198,92,106,148,66,82,42,22,20,8,4,4,28,18,10,21,12,9,7,6,1
S01011569,193,103,90,162,82,80,120,70,50,38,10,28,4,2,2,31,21,10,22,19,3,9,2,7
S01011570,130,68,62,86,34,52,58,24,34,20,8,12,8,2,6,44,34,10,27,22,5,17,12,5
S01011571,80,47,33,46,24,22,30,16,14,16,8,8,0,0,0,34,23,11,20,16,4,14,7,7
S01011572,104,55,49,70,38,32,48,30,18,20,6,14,2,2,0,34,17,17,17,10,7,17,7,10
S01011573,288,133,155,258,118,140,208,98,110,40,14,26,10,6,4,30,15,15,22,13,9,8,2,6
S01011574,213,105,108,176,76,100,150,66,84,24,10,14,2,0,2,37,29,8,24,19,5,13,10,3
S01011575,131,48,83,110,36,74,74,20,54,24,10,14,12,6,6,21,12,9,12,9,3,9,3,6
S01011576,134,58,76,72,26,46,30,12,18,26,6,20,16,8,8,62,32,30,28,18,10,34,14,20
S01011577,145,91,54,102,64,38,68,42,26,26,20,6,8,2,6,43,27,16,27,18,9,16,9,7
S01011578,192,96,96,128,56,72,86,38,48,30,10,20,12,8,4,64,40,24,40,25,15,24,15,9
S01011579,232,92,140,216,84,132,172,70,102,38,14,24,6,0,6,16,8,8,13,7,6,3,1,2
S01011580,224,114,110,162,76,86,110,50,60,46,26,20,6,0,6,62,38,24,31,16,15,31,22,9
S01011581,112,64,48,78,40,38,54,32,22,20,8,12,4,0,4,34,24,10,16,14,2,18,10,8
S01011582,187,90,97,164,74,90,140,62,78,20,10,10,4,2,2,23,16,7,21,16,5,2,0,2
S01011583,116,56,60,82,38,44,44,24,20,26,8,18,12,6,6,34,18,16,15,7,8,19,11,8
S01011584,127,69,58,96,46,50,54,26,28,32,16,16,10,4,6,31,23,8,19,12,7,12,11,1
S01011585,146,82,64,92,42,50,58,26,32,22,10,12,12,6,6,54,40,14,33,30,3,21,10,11
S01011586,98,48,50,62,28,34,38,18,20,22,8,14,2,2,0,36,20,16,20,15,5,16,5,11
S01011587,125,69,56,72,34,38,38,16,22,32,18,14,2,0,2,53,35,18,31,25,6,22,10,12
S01011588,182,90,92,122,60,62,72,36,36,26,12,14,24,12,12,60,30,30,32,19,13,28,11,17
S01011589,177,82,95,140,60,80,98,42,56,38,16,22,4,2,2,37,22,15,24,12,12,13,10,3
S01011590,142,68,74,116,54,62,80,42,38,28,10,18,8,2,6,26,14,12,16,9,7,10,5,5
S01011591,107,61,46,78,38,40,46,24,22,16,6,10,16,8,8,29,23,6,18,14,4,11,9,2
S01011592,138,80,58,76,38,38,40,28,12,14,4,10,22,6,16,62,42,20,33,24,9,29,18,11
S01011593,143,70,73,116,54,62,96,50,46,20,4,16,0,0,0,27,16,11,19,12,7,8,4,4
S01011594,76,50,26,62,40,22,40,28,12,18,12,6,4,0,4,14,10,4,7,5,2,7,5,2
S01011595,104,59,45,90,48,42,68,38,30,20,10,10,2,0,2,14,11,3,8,6,2,6,5,1
S01011596,166,101,65,122,72,50,96,54,42,22,14,8,4,4,0,44,29,15,22,19,3,22,10,12
S01011597,98,53,45,84,44,40,58,28,30,24,16,8,2,0,2,14,9,5,11,8,3,3,1,2
S01011598,102,71,31,44,30,14,22,16,6,14,6,8,8,8,0,58,41,17,25,19,6,33,22,11
S01011599,157,72,85,114,48,66,82,42,40,26,4,22,6,2,4,43,24,19,26,18,8,17,6,11
S01011600,126,86,40,86,56,30,50,32,18,30,18,12,6,6,0,40,30,10,26,22,4,14,8,6
S01011601,244,138,106,202,114,88,176,98,78,20,12,8,6,4,2,42,24,18,28,17,11,14,7,7
S01011602,128,72,56,94,46,48,56,28,28,26,16,10,12,2,10,34,26,8,14,9,5,20,17,3
S01011603,114,51,63,76,32,44,54,22,32,16,8,8,6,2,4,38,19,19,15,10,5,23,9,14
S01011604,155,78,77,108,54,54,60,32,28,36,18,18,12,4,8,47,24,23,24,13,11,23,11,12
S01011605,151,66,85,124,50,74,94,44,50,26,4,22,4,2,2,27,16,11,16,11,5,11,5,6
S01011606,337,159,178,304,136,168,266,122,144,38,14,24,0,0,0,33,23,10,28,21,7,5,2,3
S01011607,127,69,58,112,60,52,88,48,40,24,12,12,0,0,0,15,9,6,8,4,4,7,5,2
S01011608,246,128,118,208,104,104,172,94,78,32,8,24,4,2,2,38,24,14,30,19,11,8,5,3
S01011609,202,112,90,118,58,60,70,36,34,28,14,14,20,8,12,84,54,30,39,25,14,45,29,16
S01011610,179,90,89,116,56,60,80,34,46,24,14,10,12,8,4,63,34,29,29,16,13,34,18,16
S01011611,138,77,61,116,66,50,86,46,40,28,18,10,2,2,0,22,11,11,18,11,7,4,0,4
S01011612,215,104,111,204,96,108,186,92,94,16,2,14,2,2,0,11,8,3,9,6,3,2,2,0
S01011613,184,95,89,158,78,80,124,70,54,30,6,24,4,2,2,26,17,9,18,13,5,8,4,4
S01011614,88,47,41,80,44,36,50,24,26,26,18,8,4,2,2,8,3,5,4,2,2,4,1,3
S01011615,170,82,88,118,54,64,72,34,38,30,14,16,16,6,10,52,28,24,23,15,8,29,13,16
S01011616,71,35,36,40,16,24,22,12,10,14,4,10,4,0,4,31,19,12,13,10,3,18,9,9
S01011617,142,74,68,98,38,60,68,28,40,24,8,16,6,2,4,44,36,8,32,26,6,12,10,2
S01011618,144,57,87,98,36,62,64,30,34,26,4,22,8,2,6,46,21,25,21,13,8,25,8,17
S01011619,278,139,139,244,118,126,184,92,92,56,22,34,4,4,0,34,21,13,22,15,7,12,6,6
S01011620,345,166,179,316,146,170,270,130,140,44,14,30,2,2,0,29,20,9,25,18,7,4,2,2
S01011621,192,79,113,160,62,98,110,50,60,42,8,34,8,4,4,32,17,15,22,11,11,10,6,4
S01011622,205,95,110,196,90,106,152,72,80,44,18,26,0,0,0,9,5,4,5,3,2,4,2,2
S01011623,151,76,75,110,54,56,66,32,34,36,18,18,8,4,4,41,22,19,25,14,11,16,8,8
S01011624,185,86,99,148,60,88,110,48,62,34,10,24,4,2,2,37,26,11,21,15,6,16,11,5
S01011625,117,58,59,88,42,46,62,34,28,24,8,16,2,0,2,29,16,13,18,14,4,11,2,9
S01011626,241,124,117,216,108,108,168,86,82,44,22,22,4,0,4,25,16,9,18,10,8,7,6,1
S01011627,239,99,140,218,84,134,184,68,116,28,10,18,6,6,0,21,15,6,18,14,4,3,1,2
S01011628,243,112,131,220,98,122,170,80,90,44,16,28,6,2,4,23,14,9,15,8,7,8,6,2
S01011629,127,56,71,84,32,52,48,28,20,26,2,24,10,2,8,43,24,19,21,14,7,22,10,12
S01011630,138,72,66,104,58,46,78,48,30,14,0,14,12,10,2,34,14,20,18,10,8,16,4,12
S01011631,136,59,77,82,36,46,38,20,18,36,14,22,8,2,6,54,23,31,16,11,5,38,12,26
S01011632,164,78,86,110,44,66,64,32,32,36,12,24,10,0,10,54,34,20,29,23,6,25,11,14
S01011633,150,68,82,106,44,62,60,32,28,36,10,26,10,2,8,44,24,20,21,12,9,23,12,11
S01011634,126,62,64,84,40,44,54,26,28,14,8,6,16,6,10,42,22,20,16,10,6,26,12,14
S01011635,152,60,92,112,40,72,64,24,40,38,12,26,10,4,6,40,20,20,21,13,8,19,7,12
S01011636,157,75,82,100,40,60,60,26,34,32,12,20,8,2,6,57,35,22,20,15,5,37,20,17
S01011637,140,75,65,100,50,50,54,32,22,28,10,18,18,8,10,40,25,15,19,14,5,21,11,10
S01011638,71,42,29,52,26,26,40,22,18,10,2,8,2,2,0,19,16,3,13,11,2,6,5,1
S01011639,120,58,62,70,28,42,36,14,22,24,8,16,10,6,4,50,30,20,24,20,4,26,10,16
S01011640,153,64,89,124,46,78,70,30,40,46,14,32,8,2,6,29,18,11,20,13,7,9,5,4
S01011641,109,63,46,102,58,44,92,54,38,10,4,6,0,0,0,7,5,2,7,5,2,0,0,0
S01011642,157,91,66,130,72,58,96,48,48,26,20,6,8,4,4,27,19,8,16,11,5,11,8,3
S01011643,152,68,84,144,62,82,122,54,68,14,4,10,8,4,4,8,6,2,4,4,0,4,2,2
S01011644,152,83,69,134,68,66,98,56,42,28,10,18,8,2,6,18,15,3,16,14,2,2,1,1
S01011645,88,45,43,62,26,36,50,22,28,10,2,8,2,2,0,26,19,7,22,15,7,4,4,0
S01011646,142,63,79,130,58,72,102,42,60,26,14,12,2,2,0,12,5,7,9,4,5,3,1,2
S01011647,236,127,109,204,106,98,170,94,76,32,12,20,2,0,2,32,21,11,23,14,9,9,7,2
S01011648,214,114,100,184,98,86,154,86,68,20,8,12,10,4,6,30,16,14,16,7,9,14,9,5
S01011649,111,58,53,74,34,40,60,28,32,12,6,6,2,0,2,37,24,13,19,15,4,18,9,9
S01011650,149,61,88,126,52,74,88,32,56,36,18,18,2,2,0,23,9,14,16,8,8,7,1,6
S01011651,179,101,78,140,80,60,84,54,30,44,20,24,12,6,6,39,21,18,29,15,14,10,6,4
S01011652,154,89,65,128,76,52,100,64,36,26,10,16,2,2,0,26,13,13,18,11,7,8,2,6
S01011653,184,81,103,138,50,88,70,30,40,50,12,38,18,8,10,46,31,15,22,17,5,24,14,10
S01011654,162,78,84,118,54,64,64,34,30,46,16,30,8,4,4,44,24,20,14,8,6,30,16,14
S01011655,118,77,41,48,26,22,22,12,10,20,14,6,6,0,6,70,51,19,31,22,9,39,29,10
S01011656,116,66,50,74,44,30,26,14,12,28,16,12,20,14,6,42,22,20,12,9,3,30,13,17
S01011657,92,54,38,56,34,22,38,26,12,18,8,10,0,0,0,36,20,16,18,10,8,18,10,8
S01011658,120,66,54,90,52,38,50,30,20,26,14,12,14,8,6,30,14,16,14,9,5,16,5,11
S01011659,147,91,56,88,54,34,54,38,16,24,14,10,10,2,8,59,37,22,40,27,13,19,10,9
S01011660,162,85,77,138,70,68,114,64,50,22,6,16,2,0,2,24,15,9,15,8,7,9,7,2
S01011661,105,61,44,80,42,38,52,28,24,16,10,6,12,4,8,25,19,6,18,14,4,7,5,2
S01011662,179,84,95,162,74,88,134,66,68,26,8,18,2,0,2,17,10,7,14,8,6,3,2,1
S01011663,209,117,92,140,74,66,98,54,44,32,14,18,10,6,4,69,43,26,34,26,8,35,17,18
S01011664,204,94,110,146,64,82,66,34,32,58,24,34,22,6,16,58,30,28,31,15,16,27,15,12
S01011665,150,90,60,98,58,40,62,40,22,26,12,14,10,6,4,52,32,20,27,17,10,25,15,10
S01011666,122,68,54,76,38,38,56,30,26,14,8,6,6,0,6,46,30,16,17,9,8,29,21,8
S01011667,135,81,54,102,60,42,66,40,26,24,10,14,12,10,2,33,21,12,16,10,6,17,11,6
S01011668,228,103,125,134,52,82,84,34,50,32,12,20,18,6,12,94,51,43,48,25,23,46,26,20
S01011669,98,63,35,78,46,32,60,38,22,14,4,10,4,4,0,20,17,3,14,12,2,6,5,1
S01011670,140,70,70,92,38,54,62,28,34,18,4,14,12,6,6,48,32,16,31,24,7,17,8,9
S01011671,104,55,49,84,42,42,62,24,38,20,16,4,2,2,0,20,13,7,11,8,3,9,5,4
S01011672,110,46,64,84,28,56,56,20,36,16,4,12,12,4,8,26,18,8,12,6,6,14,12,2
S01011673,138,86,52,98,60,38,52,30,22,28,18,10,18,12,6,40,26,14,19,15,4,21,11,10
S01011674,232,128,104,196,104,92,152,86,66,32,10,22,12,8,4,36,24,12,25,20,5,11,4,7
S01011675,179,92,87,136,68,68,86,38,48,42,24,18,8,6,2,43,24,19,21,17,4,22,7,15
S01011676,127,57,70,80,32,48,40,20,20,34,8,26,6,4,2,47,25,22,26,15,11,21,10,11
S01011677,158,69,89,124,48,76,88,38,50,34,10,24,2,0,2,34,21,13,18,13,5,16,8,8
S01011678,94,50,44,68,28,40,34,14,20,18,8,10,16,6,10,26,22,4,14,12,2,12,10,2
S01011679,174,92,82,158,86,72,114,68,46,40,16,24,4,2,2,16,6,10,11,4,7,5,2,3
S01011680,226,97,129,180,74,106,88,44,44,80,28,52,12,2,10,46,23,23,26,18,8,20,5,15
S01011681,196,96,100,150,72,78,102,56,46,40,14,26,8,2,6,46,24,22,28,13,15,18,11,7
S01011682,86,26,60,72,16,56,54,12,42,14,4,10,4,0,4,14,10,4,8,6,2,6,4,2
S01011683,157,78,79,134,60,74,74,36,38,48,18,30,12,6,6,23,18,5,8,7,1,15,11,4
S01011684,117,56,61,96,42,54,68,30,38,22,10,12,6,2,4,21,14,7,15,11,4,6,3,3
S01011685,235,102,133,212,88,124,182,82,100,24,6,18,6,0,6,23,14,9,15,9,6,8,5,3
S01011686,182,89,93,168,78,90,142,64,78,26,14,12,0,0,0,14,11,3,11,8,3,3,3,0
S01011687,195,112,83,150,78,72,98,50,48,42,22,20,10,6,4,45,34,11,23,23,0,22,11,11
S01011688,227,96,131,210,88,122,164,76,88,34,8,26,12,4,8,17,8,9,13,6,7,4,2,2
S01011689,164,58,106,154,54,100,130,46,84,20,8,12,4,0,4,10,4,6,8,3,5,2,1,1
S01011690,273,146,127,240,124,116,184,96,88,46,24,22,10,4,6,33,22,11,20,14,6,13,8,5
S01011691,191,93,98,164,80,84,128,70,58,30,10,20,6,0,6,27,13,14,22,11,11,5,2,3
S01011692,210,98,112,160,72,88,82,40,42,60,28,32,18,4,14,50,26,24,32,19,13,18,7,11
S01011693,173,88,85,144,72,72,116,62,54,16,6,10,12,4,8,29,16,13,23,13,10,6,3,3
S01011694,177,87,90,156,74,82,140,70,70,12,2,10,4,2,2,21,13,8,13,10,3,8,3,5
S01011695,288,136,152,268,126,142,230,108,122,36,16,20,2,2,0,20,10,10,19,9,10,1,1,0
S01011696,367,136,231,336,124,212,268,110,158,64,12,52,4,2,2,31,12,19,25,10,15,6,2,4
S01011697,294,134,160,256,114,142,200,98,102,44,10,34,12,6,6,38,20,18,27,17,10,11,3,8
S01011698,136,74,62,114,62,52,80,46,34,26,12,14,8,4,4,22,12,10,10,5,5,12,7,5
S01011699,211,101,110,186,84,102,144,68,76,32,12,20,10,4,6,25,17,8,17,11,6,8,6,2
S01011700,125,62,63,108,50,58,88,40,48,20,10,10,0,0,0,17,12,5,13,9,4,4,3,1
S01011701,218,83,135,184,64,120,150,54,96,30,10,20,4,0,4,34,19,15,22,13,9,12,6,6
S01011702,127,57,70,110,44,66,84,30,54,14,8,6,12,6,6,17,13,4,11,9,2,6,4,2
S01011703,145,57,88,136,52,84,108,44,64,26,8,18,2,0,2,9,5,4,7,3,4,2,2,0
S01011704,218,84,134,198,72,126,178,60,118,20,12,8,0,0,0,20,12,8,12,8,4,8,4,4
S01011705,177,99,78,118,60,58,84,48,36,24,8,16,10,4,6,59,39,20,31,20,11,28,19,9
S01011706,181,93,88,150,72,78,112,50,62,30,16,14,8,6,2,31,21,10,21,15,6,10,6,4
S01011707,139,58,81,126,52,74,102,44,58,22,6,16,2,2,0,13,6,7,8,3,5,5,3,2
S01011708,161,99,62,114,66,48,82,48,34,24,10,14,8,8,0,47,33,14,35,26,9,12,7,5
S01011709,218,114,104,188,98,90,140,78,62,40,16,24,8,4,4,30,16,14,21,11,10,9,5,4
S01011710,167,83,84,108,52,56,66,34,32,24,12,12,18,6,12,59,31,28,36,20,16,23,11,12
S01011711,142,84,58,84,50,34,56,32,24,24,18,6,4,0,4,58,34,24,29,18,11,29,16,13
S01011712,82,48,34,52,28,24,36,22,14,10,4,6,6,2,4,30,20,10,23,15,8,7,5,2
S01011713,135,82,53,120,74,46,94,60,34,22,12,10,4,2,2,15,8,7,12,7,5,3,1,2
S01011714,215,100,115,200,90,110,168,80,88,32,10,22,0,0,0,15,10,5,13,9,4,2,1,1
S01011715,135,70,65,84,40,44,66,34,32,12,4,8,6,2,4,51,30,21,22,13,9,29,17,12
S01011716,263,132,131,240,118,122,176,96,80,60,18,42,4,4,0,23,14,9,19,12,7,4,2,2
S01011717,117,51,66,108,46,62,98,42,56,8,4,4,2,0,2,9,5,4,6,4,2,3,1,2
S01011718,282,144,138,262,132,130,228,112,116,34,20,14,0,0,0,20,12,8,19,11,8,1,1,0
S01011719,171,87,84,156,78,78,132,70,62,24,8,16,0,0,0,15,9,6,15,9,6,0,0,0
S01011720,93,49,44,86,44,42,68,34,34,18,10,8,0,0,0,7,5,2,5,4,1,2,1,1
S01011721,144,63,81,118,50,68,86,40,46,26,6,20,6,4,2,26,13,13,19,10,9,7,3,4
S01011722,126,59,67,96,46,50,62,36,26,24,8,16,10,2,8,30,13,17,20,9,11,10,4,6
S01011723,214,92,122,192,76,116,122,42,80,60,28,32,10,6,4,22,16,6,18,14,4,4,2,2
S01011724,252,141,111,208,116,92,152,92,60,40,16,24,16,8,8,44,25,19,32,17,15,12,8,4
S01011725,182,86,96,170,80,90,150,72,78,20,8,12,0,0,0,12,6,6,10,4,6,2,2,0
S01011726,164,64,100,148,56,92,130,52,78,18,4,14,0,0,0,16,8,8,14,6,8,2,2,0
S01011727,251,90,161,238,80,158,196,64,132,42,16,26,0,0,0,13,10,3,12,9,3,1,1,0
S01011728,180,98,82,130,70,60,104,60,44,26,10,16,0,0,0,50,28,22,34,23,11,16,5,11
S01011729,136,67,69,86,38,48,56,28,28,24,10,14,6,0,6,50,29,21,26,16,10,24,13,11
S01011730,98,61,37,82,48,34,64,42,22,16,6,10,2,0,2,16,13,3,15,12,3,1,1,0
S01011731,168,75,93,138,60,78,118,54,64,18,6,12,2,0,2,30,15,15,22,12,10,8,3,5
S01011732,143,61,82,138,58,80,124,52,72,12,4,8,2,2,0,5,3,2,5,3,2,0,0,0
S01011733,165,70,95,136,52,84,102,42,60,30,8,22,4,2,2,29,18,11,13,9,4,16,9,7
S01011734,148,84,64,122,70,52,102,62,40,16,6,10,4,2,2,26,14,12,22,12,10,4,2,2
S01011735,129,56,73,112,48,64,90,42,48,22,6,16,0,0,0,17,8,9,13,5,8,4,3,1
S01011736,188,79,109,140,54,86,102,38,64,34,16,18,4,0,4,48,25,23,33,17,16,15,8,7
S01011737,160,55,105,126,40,86,70,24,46,38,12,26,18,4,14,34,15,19,16,8,8,18,7,11
S01011738,210,87,123,156,54,102,108,40,68,38,10,28,10,4,6,54,33,21,27,17,10,27,16,11
S01011739,89,41,48,72,28,44,54,22,32,12,2,10,6,4,2,17,13,4,13,11,2,4,2,2
S01011740,163,75,88,110,50,60,60,32,28,32,6,26,18,12,6,53,25,28,25,13,12,28,12,16
S01011741,122,62,60,82,38,44,54,28,26,22,6,16,6,4,2,40,24,16,19,14,5,21,10,11
S01011742,164,82,82,122,52,70,90,46,44,26,4,22,6,2,4,42,30,12,28,21,7,14,9,5
S01011743,155,90,65,114,68,46,76,50,26,28,14,14,10,4,6,41,22,19,31,17,14,10,5,5
S01011744,128,66,62,76,30,46,44,26,18,30,2,28,2,2,0,52,36,16,27,21,6,25,15,10
S01011745,102,71,31,72,50,22,60,42,18,8,4,4,4,4,0,30,21,9,17,12,5,13,9,4
S01011746,114,51,63,80,34,46,52,26,26,18,2,16,10,6,4,34,17,17,21,12,9,13,5,8
S01011747,217,104,113,128,58,70,68,32,36,44,20,24,16,6,10,89,46,43,41,24,17,48,22,26
S01011748,184,64,120,110,40,70,72,34,38,26,6,20,12,0,12,74,24,50,35,15,20,39,9,30
S01011749,161,83,78,88,44,44,38,26,12,28,10,18,22,8,14,73,39,34,28,21,7,45,18,27
S01011750,183,89,94,132,62,70,84,46,38,44,14,30,4,2,2,51,27,24,25,16,9,26,11,15
S01011751,206,142,64,108,70,38,58,36,22,28,16,12,22,18,4,98,72,26,54,45,9,44,27,17
S01011752,177,89,88,126,58,68,86,44,42,36,12,24,4,2,2,51,31,20,41,27,14,10,4,6
S01011753,143,71,72,114,54,60,88,42,46,20,6,14,6,6,0,29,17,12,20,12,8,9,5,4
S01011754,164,81,83,128,60,68,94,44,50,30,14,16,4,2,2,36,21,15,22,15,7,14,6,8
S01011755,192,101,91,144,74,70,114,62,52,28,10,18,2,2,0,48,27,21,22,12,10,26,15,11
S01011756,219,108,111,158,72,86,124,60,64,28,10,18,6,2,4,61,36,25,38,23,15,23,13,10
S01011757,165,78,87,130,62,68,94,44,50,24,12,12,12,6,6,35,16,19,23,12,11,12,4,8
S01011758,132,49,83,106,32,74,78,24,54,26,8,18,2,0,2,26,17,9,13,10,3,13,7,6
S01011759,179,85,94,142,66,76,102,54,48,38,10,28,2,2,0,37,19,18,28,15,13,9,4,5
S01011760,178,87,91,134,62,72,94,54,40,32,4,28,8,4,4,44,25,19,28,16,12,16,9,7
S01011761,198,87,111,152,66,86,94,46,48,46,14,32,12,6,6,46,21,25,28,17,11,18,4,14
S01011762,127,69,58,76,38,38,56,28,28,14,6,8,6,4,2,51,31,20,31,20,11,20,11,9
S01011763,151,81,70,122,64,58,94,46,48,26,16,10,2,2,0,29,17,12,19,12,7,10,5,5
S01011764,86,32,54,68,22,46,54,18,36,6,2,4,8,2,6,18,10,8,13,7,6,5,3,2
S01011765,247,145,102,214,122,92,176,102,74,28,12,16,10,8,2,33,23,10,27,20,7,6,3,3
S01011766,118,52,66,106,44,62,92,38,54,14,6,8,0,0,0,12,8,4,8,6,2,4,2,2
S01011767,123,75,48,80,46,34,60,36,24,18,10,8,2,0,2,43,29,14,27,17,10,16,12,4
S01011768,156,95,61,98,56,42,76,42,34,18,10,8,4,4,0,58,39,19,36,23,13,22,16,6
S01011769,91,42,49,66,26,40,46,24,22,20,2,18,0,0,0,25,16,9,17,10,7,8,6,2
S01011770,132,68,64,100,48,52,66,38,28,26,6,20,8,4,4,32,20,12,22,17,5,10,3,7
S01011771,188,94,94,174,88,86,138,68,70,30,14,16,6,6,0,14,6,8,12,6,6,2,0,2
S01011772,271,106,165,258,98,160,216,84,132,38,12,26,4,2,2,13,8,5,11,7,4,2,1,1
S01011773,198,90,108,184,84,100,154,68,86,28,14,14,2,2,0,14,6,8,10,6,4,4,0,4
S01011774,281,103,178,242,78,164,192,72,120,40,2,38,10,4,6,39,25,14,23,12,11,16,13,3
S01011775,241,104,137,224,94,130,202,90,112,22,4,18,0,0,0,17,10,7,15,8,7,2,2,0
S01011776,389,146,243,366,134,232,300,114,186,62,18,44,4,2,2,23,12,11,21,10,11,2,2,0
S01011777,190,85,105,172,74,98,142,58,84,28,16,12,2,0,2,18,11,7,10,6,4,8,5,3
S01011778,178,83,95,158,68,90,136,64,72,18,4,14,4,0,4,20,15,5,16,13,3,4,2,2
S01011779,191,62,129,180,54,126,146,48,98,34,6,28,0,0,0,11,8,3,9,6,3,2,2,0
S01011780,246,107,139,232,96,136,180,70,110,46,24,22,6,2,4,14,11,3,7,6,1,7,5,2
S01011781,154,71,83,144,68,76,122,64,58,16,4,12,6,0,6,10,3,7,9,2,7,1,1,0
S01011782,137,51,86,130,50,80,100,38,62,22,8,14,8,4,4,7,1,6,6,1,5,1,0,1
S01011783,125,62,63,116,56,60,80,42,38,30,14,16,6,0,6,9,6,3,6,4,2,3,2,1
S01011784,145,64,81,102,40,62,60,22,38,36,16,20,6,2,4,43,24,19,31,19,12,12,5,7
S01011785,151,60,91,108,34,74,78,22,56,28,10,18,2,2,0,43,26,17,28,20,8,15,6,9
S01011786,162,66,96,150,58,92,110,46,64,32,8,24,8,4,4,12,8,4,10,7,3,2,1,1
S01011787,215,99,116,148,58,90,98,40,58,44,16,28,6,2,4,67,41,26,37,25,12,30,16,14
S01011788,232,102,130,226,100,126,142,60,82,78,40,38,6,0,6,6,2,4,5,1,4,1,1,0
S01011789,126,55,71,106,42,64,78,30,48,22,8,14,6,4,2,20,13,7,17,11,6,3,2,1
S01011790,231,98,133,178,70,108,120,54,66,42,14,28,16,2,14,53,28,25,30,16,14,23,12,11
S01011791,143,77,66,108,54,54,74,36,38,28,16,12,6,2,4,35,23,12,19,13,6,16,10,6
S01011792,124,63,61,106,50,56,78,40,38,26,8,18,2,2,0,18,13,5,9,6,3,9,7,2
S01011793,101,46,55,94,40,54,76,30,46,14,8,6,4,2,2,7,6,1,3,2,1,4,4,0
S01011794,205,95,110,162,70,92,118,54,64,40,14,26,4,2,2,43,25,18,24,16,8,19,9,10
S01011795,123,88,35,74,50,24,44,24,20,24,20,4,6,6,0,49,38,11,23,20,3,26,18,8
S01011796,153,62,91,104,40,64,54,20,34,36,16,20,14,4,10,49,22,27,27,14,13,22,8,14
S01011797,225,105,120,212,94,118,170,80,90,38,12,26,4,2,2,13,11,2,11,9,2,2,2,0
S01011798,121,70,51,98,52,46,58,36,22,26,10,16,14,6,8,23,18,5,13,11,2,10,7,3
S01011799,164,53,111,134,38,96,104,30,74,24,6,18,6,2,4,30,15,15,19,10,9,11,5,6
S01011800,93,36,57,76,26,50,54,20,34,16,4,12,6,2,4,17,10,7,13,8,5,4,2,2
S01011801,152,79,73,116,56,60,54,30,24,38,16,22,24,10,14,36,23,13,19,15,4,17,8,9
S01011802,144,62,82,96,30,66,66,18,48,22,8,14,8,4,4,48,32,16,30,21,9,18,11,7
S01011803,121,41,80,96,30,66,66,22,44,24,6,18,6,2,4,25,11,14,14,6,8,11,5,6
S01011804,132,73,59,96,54,42,62,44,18,32,10,22,2,0,2,36,19,17,31,16,15,5,3,2
S01011805,81,26,55,72,22,50,58,18,40,14,4,10,0,0,0,9,4,5,8,3,5,1,1,0
S01011806,157,66,91,138,50,88,108,44,64,26,2,24,4,4,0,19,16,3,18,16,2,1,0,1
S01011807,202,65,137,186,64,122,148,52,96,36,12,24,2,0,2,16,1,15,13,1,12,3,0,3
S01011808,136,61,75,124,54,70,102,44,58,22,10,12,0,0,0,12,7,5,10,6,4,2,1,1
S01011809,137,59,78,130,56,74,100,44,56,30,12,18,0,0,0,7,3,4,5,3,2,2,0,2
S01011810,186,72,114,178,66,112,130,48,82,44,14,30,4,4,0,8,6,2,7,6,1,1,0,1
S01011811,218,79,139,202,68,134,152,60,92,46,6,40,4,2,2,16,11,5,14,10,4,2,1,1
S01011812,144,46,98,130,40,90,94,34,60,32,4,28,4,2,2,14,6,8,13,5,8,1,1,0
S01011813,158,66,92,146,58,88,114,46,68,32,12,20,0,0,0,12,8,4,9,6,3,3,2,1
S01011814,173,73,100,162,62,100,114,44,70,44,18,26,4,0,4,11,11,0,10,10,0,1,1,0
S01011815,208,80,128,184,68,116,160,60,100,18,8,10,6,0,6,24,12,12,16,9,7,8,3,5
S01011816,130,51,79,122,44,78,100,40,60,20,4,16,2,0,2,8,7,1,4,4,0,4,3,1
S01011817,168,57,111,162,54,108,138,52,86,22,2,20,2,0,2,6,3,3,6,3,3,0,0,0
S01011818,244,118,126,208,100,108,170,82,88,32,16,16,6,2,4,36,18,18,29,12,17,7,6,1
S01011819,138,88,50,102,60,42,70,46,24,30,12,18,2,2,0,36,28,8,22,16,6,14,12,2
S01011820,155,60,95,136,48,88,110,40,70,24,6,18,2,2,0,19,12,7,15,10,5,4,2,2
S01011821,77,25,52,64,20,44,44,12,32,16,6,10,4,2,2,13,5,8,4,1,3,9,4,5
S01011822,106,58,48,80,44,36,62,30,32,14,10,4,4,4,0,26,14,12,18,12,6,8,2,6
S01011823,119,58,61,92,40,52,74,32,42,14,4,10,4,4,0,27,18,9,21,15,6,6,3,3
S01011824,154,71,83,122,52,70,92,40,52,26,8,18,4,4,0,32,19,13,19,12,7,13,7,6
S01011825,86,41,45,68,28,40,58,24,34,8,2,6,2,2,0,18,13,5,15,11,4,3,2,1
S01011826,141,74,67,126,64,62,104,52,52,18,10,8,4,2,2,15,10,5,9,5,4,6,5,1
S01011827,50,16,34,44,12,32,30,12,18,14,0,14,0,0,0,6,4,2,5,3,2,1,1,0
S01011828,168,57,111,160,52,108,124,38,86,34,14,20,2,0,2,8,5,3,5,2,3,3,3,0
S01011829,67,31,36,64,28,36,56,26,30,8,2,6,0,0,0,3,3,0,2,2,0,1,1,0
S01011830,88,28,60,76,22,54,44,8,36,28,12,16,4,2,2,12,6,6,11,5,6,1,1,0
S01011831,155,47,108,130,36,94,92,32,60,34,4,30,4,0,4,25,11,14,13,6,7,12,5,7
S01011832,147,74,73,130,64,66,110,52,58,18,10,8,2,2,0,17,10,7,12,7,5,5,3,2
S01011833,235,87,148,220,78,142,156,64,92,62,14,48,2,0,2,15,9,6,11,7,4,4,2,2
S01011834,157,63,94,152,60,92,118,48,70,34,12,22,0,0,0,5,3,2,3,2,1,2,1,1
S01011835,146,53,93,132,44,88,122,40,82,8,2,6,2,2,0,14,9,5,9,5,4,5,4,1
S01011836,132,51,81,118,42,76,80,32,48,38,10,28,0,0,0,14,9,5,10,6,4,4,3,1
S01011837,138,62,76,130,56,74,88,40,48,38,16,22,4,0,4,8,6,2,7,5,2,1,1,0
S01011838,164,68,96,154,64,90,120,54,66,32,8,24,2,2,0,10,4,6,8,3,5,2,1,1
S01011839,186,85,101,176,80,96,150,70,80,22,8,14,4,2,2,10,5,5,7,4,3,3,1,2
S01011840,231,74,157,208,66,142,158,44,114,46,20,26,4,2,2,23,8,15,12,6,6,11,2,9
S01011841,220,99,121,178,76,102,140,60,80,34,12,22,4,4,0,42,23,19,33,16,17,9,7,2
S01011842,181,80,101,146,60,86,102,42,60,40,16,24,4,2,2,35,20,15,23,15,8,12,5,7
S01011843,216,83,133,200,74,126,142,58,84,50,16,34,8,0,8,16,9,7,8,5,3,8,4,4
S01011844,200,64,136,190,58,132,146,46,100,40,10,30,4,2,2,10,6,4,7,5,2,3,1,2
S01011845,201,95,106,168,80,88,136,68,68,32,12,20,0,0,0,33,15,18,29,14,15,4,1,3
S01011846,174,68,106,154,56,98,122,46,76,30,10,20,2,0,2,20,12,8,16,9,7,4,3,1
S01011847,104,41,63,102,40,62,76,28,48,22,10,12,4,2,2,2,1,1,2,1,1,0,0,0
S01011848,149,45,104,138,40,98,122,38,84,14,2,12,2,0,2,11,5,6,7,3,4,4,2,2
S01011849,182,96,86,160,88,72,118,66,52,36,18,18,6,4,2,22,8,14,17,8,9,5,0,5
S01011850,139,58,81,126,50,76,90,38,52,34,12,22,2,0,2,13,8,5,11,7,4,2,1,1
S01011851,185,76,109,168,66,102,128,56,72,34,8,26,6,2,4,17,10,7,11,5,6,6,5,1
S01011852,198,99,99,168,78,90,138,64,74,28,12,16,2,2,0,30,21,9,20,16,4,10,5,5
S01011853,160,80,80,132,56,76,110,44,66,14,4,10,8,8,0,28,24,4,18,16,2,10,8,2
S01011854,117,52,65,100,40,60,76,32,44,22,8,14,2,0,2,17,12,5,15,11,4,2,1,1
S01011855,168,78,90,144,64,80,112,54,58,30,8,22,2,2,0,24,14,10,16,11,5,8,3,5
S01011856,121,47,74,116,46,70,80,28,52,30,12,18,6,6,0,5,1,4,3,1,2,2,0,2
S01011857,153,78,75,146,76,70,106,52,54,38,22,16,2,2,0,7,2,5,6,2,4,1,0,1
S01011858,165,78,87,142,64,78,102,44,58,38,18,20,2,2,0,23,14,9,20,11,9,3,3,0
S01011859,113,52,61,104,48,56,76,40,36,22,4,18,6,4,2,9,4,5,6,1,5,3,3,0
S01011860,112,34,78,100,26,74,72,18,54,24,8,16,4,0,4,12,8,4,8,7,1,4,1,3
S01011861,138,65,73,118,54,64,86,38,48,32,16,16,0,0,0,20,11,9,15,8,7,5,3,2
S01011862,166,68,98,158,62,96,108,52,56,42,10,32,8,0,8,8,6,2,6,6,0,2,0,2
S01011863,144,55,89,126,42,84,102,28,74,20,12,8,4,2,2,18,13,5,13,8,5,5,5,0
S01011864,144,61,83,132,56,76,106,44,62,22,10,12,4,2,2,12,5,7,12,5,7,0,0,0
S01011865,109,44,65,96,32,64,70,22,48,22,8,14,4,2,2,13,12,1,7,6,1,6,6,0
S01011866,195,71,124,176,62,114,124,44,80,50,18,32,2,0,2,19,9,10,14,6,8,5,3,2
S01011867,225,116,109,184,90,94,152,80,72,30,10,20,2,0,2,41,26,15,30,20,10,11,6,5
S01011868,187,70,117,158,48,110,122,38,84,34,10,24,2,0,2,29,22,7,15,12,3,14,10,4
S01011869,132,79,53,114,66,48,86,62,24,24,4,20,4,0,4,18,13,5,13,10,3,5,3,2
S01011870,146,72,74,112,50,62,76,36,40,32,14,18,4,0,4,34,22,12,25,17,8,9,5,4
S01011871,257,104,153,228,86,142,162,72,90,58,12,46,8,2,6,29,18,11,20,11,9,9,7,2
S01011872,213,63,150,200,56,144,152,40,112,44,12,32,4,4,0,13,7,6,9,5,4,4,2,2
S01011873,175,65,110,158,56,102,124,44,80,30,8,22,4,4,0,17,9,8,13,8,5,4,1,3
S01011874,145,71,74,128,58,70,108,52,56,18,4,14,2,2,0,17,13,4,11,8,3,6,5,1
S01011875,112,43,69,98,38,60,76,30,46,20,6,14,2,2,0,14,5,9,12,4,8,2,1,1
S01011876,211,75,136,200,70,130,146,42,104,50,24,26,4,4,0,11,5,6,7,3,4,4,2,2
S01011877,78,27,51,68,22,46,58,22,36,10,0,10,0,0,0,10,5,5,8,4,4,2,1,1
S01011878,203,72,131,174,56,118,146,44,102,26,10,16,2,2,0,29,16,13,20,9,11,9,7,2
S01011879,144,68,76,132,66,66,98,46,52,30,16,14,4,4,0,12,2,10,10,1,9,2,1,1
S01011880,153,72,81,150,70,80,106,48,58,38,20,18,6,2,4,3,2,1,2,2,0,1,0,1
S01011881,208,89,119,176,68,108,134,54,80,38,14,24,4,0,4,32,21,11,22,14,8,10,7,3
S01011882,162,83,79,132,68,64,110,56,54,20,10,10,2,2,0,30,15,15,23,9,14,7,6,1
S01011883,225,94,131,204,82,122,148,62,86,48,18,30,8,2,6,21,12,9,16,11,5,5,1,4
S01011884,84,35,49,80,32,48,62,26,36,14,4,10,4,2,2,4,3,1,2,1,1,2,2,0
S01011885,178,66,112,168,60,108,134,54,80,32,6,26,2,0,2,10,6,4,10,6,4,0,0,0
S01011886,187,81,106,154,60,94,118,54,64,30,4,26,6,2,4,33,21,12,23,15,8,10,6,4
S01011887,134,52,82,112,40,72,90,30,60,20,8,12,2,2,0,22,12,10,15,8,7,7,4,3
S01011888,230,106,124,172,70,102,130,62,68,28,8,20,14,0,14,58,36,22,48,30,18,10,6,4
S01011889,176,75,101,158,64,94,134,50,84,20,12,8,4,2,2,18,11,7,15,9,6,3,2,1
S01011890,163,66,97,148,56,92,126,46,80,14,6,8,8,4,4,15,10,5,14,9,5,1,1,0
S01011891,144,65,79,102,36,66,72,28,44,26,6,20,4,2,2,42,29,13,24,18,6,18,11,7
S01011892,202,117,85,168,92,76,142,82,60,24,8,16,2,2,0,34,25,9,27,18,9,7,7,0
S01011893,166,107,59,130,82,48,108,72,36,16,6,10,6,4,2,36,25,11,28,22,6,8,3,5
S01011894,125,63,62,110,52,58,82,40,42,24,10,14,4,2,2,15,11,4,12,10,2,3,1,2
S01011895,112,47,65,104,40,64,82,36,46,14,2,12,8,2,6,8,7,1,5,5,0,3,2,1
S01011896,160,69,91,144,62,82,112,46,66,28,12,16,4,4,0,16,7,9,14,6,8,2,1,1
S01011897,225,78,147,200,62,138,142,48,94,50,10,40,8,4,4,25,16,9,16,9,7,9,7,2
S01011898,189,67,122,176,60,116,128,42,86,46,16,30,2,2,0,13,7,6,12,6,6,1,1,0
S01011899,150,61,89,144,58,86,116,52,64,24,4,20,4,2,2,6,3,3,5,2,3,1,1,0
S01011900,161,65,96,144,58,86,130,54,76,12,4,8,2,0,2,17,7,10,17,7,10,0,0,0
S01011901,184,64,120,166,56,110,128,48,80,38,8,30,0,0,0,18,8,10,13,6,7,5,2,3
S01011902,194,77,117,182,68,114,170,62,108,8,4,4,4,2,2,12,9,3,11,8,3,1,1,0
S01011903,139,51,88,130,46,84,118,44,74,12,2,10,0,0,0,9,5,4,9,5,4,0,0,0
S01011904,144,65,79,130,54,76,104,50,54,26,4,22,0,0,0,14,11,3,14,11,3,0,0,0
S01011905,220,93,127,204,84,120,184,78,106,20,6,14,0,0,0,16,9,7,13,8,5,3,1,2
S01011906,75,37,38,70,34,36,58,28,30,12,6,6,0,0,0,5,3,2,3,2,1,2,1,1
S01011907,146,73,73,126,60,66,114,56,58,12,4,8,0,0,0,20,13,7,14,8,6,6,5,1
S01011908,91,46,45,78,42,36,68,38,30,8,2,6,2,2,0,13,4,9,12,3,9,1,1,0
S01011909,322,176,146,294,160,134,256,142,114,38,18,20,0,0,0,28,16,12,25,14,11,3,2,1
S01011910,192,118,74,114,64,50,60,40,20,44,20,24,10,4,6,78,54,24,44,31,13,34,23,11
S01011911,123,61,62,104,46,58,88,40,48,14,6,8,2,0,2,19,15,4,16,13,3,3,2,1
S01011912,160,99,61,114,64,50,86,46,40,18,12,6,10,6,4,46,35,11,33,26,7,13,9,4
S01011913,163,92,71,110,58,52,76,34,42,26,18,8,8,6,2,53,34,19,36,24,12,17,10,7
S01011914,250,133,117,168,84,84,98,58,40,56,18,38,14,8,6,82,49,33,46,32,14,36,17,19
S01011915,157,56,101,126,38,88,78,22,56,42,10,32,6,6,0,31,18,13,23,12,11,8,6,2
S01011916,137,67,70,110,56,54,70,40,30,30,12,18,10,4,6,27,11,16,14,7,7,13,4,9
S01011917,94,47,47,62,26,36,48,22,26,10,2,8,4,2,2,32,21,11,22,15,7,10,6,4
S01011918,191,90,101,128,60,68,76,32,44,36,16,20,16,12,4,63,30,33,33,19,14,30,11,19
S01011919,151,93,58,108,64,44,76,50,26,28,12,16,4,2,2,43,29,14,27,18,9,16,11,5
S01011920,102,59,43,68,40,28,56,34,22,10,6,4,2,0,2,34,19,15,27,16,11,7,3,4
S01011921,125,72,53,70,36,34,48,24,24,16,8,8,6,4,2,55,36,19,36,23,13,19,13,6
S01011922,159,90,69,118,64,54,78,42,36,24,12,12,16,10,6,41,26,15,26,19,7,15,7,8
S01011923,227,107,120,174,76,98,100,58,42,54,8,46,20,10,10,53,31,22,27,16,11,26,15,11
S01011924,107,57,50,80,44,36,62,34,28,14,6,8,4,4,0,27,13,14,16,9,7,11,4,7
S01011925,236,103,133,218,94,124,186,88,98,30,6,24,2,0,2,18,9,9,12,6,6,6,3,3
S01011926,142,80,62,106,60,46,86,48,38,20,12,8,0,0,0,36,20,16,25,16,9,11,4,7
S01011927,134,81,53,90,48,42,68,34,34,12,8,4,10,6,4,44,33,11,32,26,6,12,7,5
S01011928,106,50,56,78,36,42,56,24,32,20,10,10,2,2,0,28,14,14,21,12,9,7,2,5
S01011929,129,66,63,104,50,54,76,40,36,26,10,16,2,0,2,25,16,9,17,11,6,8,5,3
S01011930,135,68,67,98,48,50,76,36,40,22,12,10,0,0,0,37,20,17,21,11,10,16,9,7
S01011931,136,65,71,98,48,50,46,24,22,34,18,16,18,6,12,38,17,21,17,9,8,21,8,13
S01011932,132,90,42,104,70,34,70,58,12,24,10,14,10,2,8,28,20,8,17,13,4,11,7,4
S01011933,89,55,34,70,40,30,54,30,24,16,10,6,0,0,0,19,15,4,12,11,1,7,4,3
S01011934,200,79,121,168,64,104,108,38,70,44,16,28,16,10,6,32,15,17,22,13,9,10,2,8
S01011935,100,72,28,76,50,26,52,38,14,24,12,12,0,0,0,24,22,2,16,15,1,8,7,1
S01011936,103,55,48,84,44,40,64,32,32,18,10,8,2,2,0,19,11,8,10,5,5,9,6,3
S01011937,64,51,13,38,30,8,24,20,4,8,4,4,6,6,0,26,21,5,17,14,3,9,7,2
S01011938,89,56,33,68,38,30,54,28,26,10,6,4,4,4,0,21,18,3,19,17,2,2,1,1
S01011939,81,47,34,56,28,28,26,8,18,28,20,8,2,0,2,25,19,6,10,8,2,15,11,4
S01011940,67,48,19,44,30,14,28,20,8,14,10,4,2,0,2,23,18,5,11,9,2,12,9,3
S01011941,66,50,16,42,34,8,34,28,6,8,6,2,0,0,0,24,16,8,13,9,4,11,7,4
S01011942,69,46,23,40,24,16,30,16,14,8,8,0,2,0,2,29,22,7,20,16,4,9,6,3
S01011943,134,103,31,86,58,28,52,34,18,32,22,10,2,2,0,48,45,3,30,29,1,18,16,2
S01011944,79,29,50,72,24,48,52,14,38,18,10,8,2,0,2,7,5,2,4,3,1,3,2,1
S01011945,144,44,100,142,42,100,110,40,70,26,2,24,6,0,6,2,2,0,2,2,0,0,0,0
S01011946,145,57,88,114,36,78,86,30,56,18,4,14,10,2,8,31,21,10,21,13,8,10,8,2
S01011947,78,22,56,66,20,46,48,12,36,18,8,10,0,0,0,12,2,10,11,2,9,1,0,1
S01011948,185,78,107,164,62,102,128,54,74,32,4,28,4,4,0,21,16,5,16,11,5,5,5,0
S01011949,123,38,85,106,28,78,78,24,54,24,2,22,4,2,2,17,10,7,13,9,4,4,1,3
S01011950,128,64,64,110,52,58,88,46,42,20,4,16,2,2,0,18,12,6,15,9,6,3,3,0
S01011951,141,61,80,118,48,70,84,30,54,32,16,16,2,2,0,23,13,10,16,9,7,7,4,3
S01011952,131,54,77,128,52,76,112,48,64,16,4,12,0,0,0,3,2,1,1,0,1,2,2,0
S01011953,172,73,99,154,64,90,120,52,68,30,10,20,4,2,2,18,9,9,15,6,9,3,3,0
S01011954,96,42,54,78,32,46,52,18,34,26,14,12,0,0,0,18,10,8,11,7,4,7,3,4
S01011955,155,73,82,130,60,70,104,48,56,18,8,10,8,4,4,25,13,12,19,8,11,6,5,1
S01011956,280,106,174,260,98,162,216,76,140,38,18,20,6,4,2,20,8,12,14,4,10,6,4,2
S01011957,141,53,88,126,42,84,80,32,48,46,10,36,0,0,0,15,11,4,12,9,3,3,2,1
S01011958,185,80,105,166,70,96,116,46,70,46,20,26,4,4,0,19,10,9,14,6,8,5,4,1
S01011959,172,76,96,156,66,90,126,52,74,22,10,12,8,4,4,16,10,6,12,8,4,4,2,2
S01011960,193,84,109,184,78,106,150,66,84,32,10,22,2,2,0,9,6,3,8,6,2,1,0,1
S01011961,161,59,102,134,46,88,98,38,60,36,8,28,0,0,0,27,13,14,26,13,13,1,0,1
S01011962,172,83,89,158,76,82,126,64,62,32,12,20,0,0,0,14,7,7,13,7,6,1,0,1
S01011963,131,60,71,120,52,68,94,46,48,24,6,18,2,0,2,11,8,3,8,5,3,3,3,0
S01011964,184,94,90,160,76,84,112,52,60,46,24,22,2,0,2,24,18,6,18,16,2,6,2,4
S01011965,150,67,83,128,54,74,110,48,62,16,4,12,2,2,0,22,13,9,17,9,8,5,4,1
S01011966,179,58,121,158,44,114,128,36,92,26,6,20,4,2,2,21,14,7,17,12,5,4,2,2
S01011967,222,91,131,204,84,120,164,68,96,38,16,22,2,0,2,18,7,11,12,6,6,6,1,5
S01011968,203,108,95,170,84,86,114,52,62,40,20,20,16,12,4,33,24,9,26,20,6,7,4,3
S01011969,194,90,104,164,72,92,114,48,66,48,22,26,2,2,0,30,18,12,20,13,7,10,5,5
S01011970,226,108,118,178,82,96,124,62,62,38,18,20,16,2,14,48,26,22,31,16,15,17,10,7
S01011971,135,52,83,120,42,78,92,38,54,26,2,24,2,2,0,15,10,5,12,8,4,3,2,1
S01011972,191,99,92,176,92,84,132,68,64,40,24,16,4,0,4,15,7,8,12,6,6,3,1,2
S01011973,115,41,74,104,36,68,82,32,50,22,4,18,0,0,0,11,5,6,8,4,4,3,1,2
S01011974,141,58,83,134,54,80,98,46,52,26,4,22,10,4,6,7,4,3,6,3,3,1,1,0
S01011975,76,46,30,66,42,24,48,34,14,14,6,8,4,2,2,10,4,6,8,4,4,2,0,2
S01011976,158,72,86,136,56,80,110,48,62,22,6,16,4,2,2,22,16,6,14,10,4,8,6,2
S01011977,202,118,84,172,104,68,128,80,48,32,12,20,12,12,0,30,14,16,15,9,6,15,5,10
S01011978,127,59,68,108,48,60,80,40,40,22,4,18,6,4,2,19,11,8,9,6,3,10,5,5
S01011979,188,64,124,180,60,120,140,44,96,34,12,22,6,4,2,8,4,4,7,3,4,1,1,0
S01011980,76,32,44,72,30,42,42,16,26,26,12,14,4,2,2,4,2,2,4,2,2,0,0,0
S01011981,179,86,93,162,76,86,116,58,58,36,10,26,10,8,2,17,10,7,15,9,6,2,1,1
S01011982,177,67,110,158,54,104,126,40,86,30,12,18,2,2,0,19,13,6,15,10,5,4,3,1
S01011983,85,40,45,78,34,44,64,26,38,14,8,6,0,0,0,7,6,1,6,5,1,1,1,0
S01011984,142,77,65,106,58,48,78,42,36,18,12,6,10,4,6,36,19,17,24,11,13,12,8,4
S01011985,115,55,60,102,48,54,84,40,44,14,4,10,4,4,0,13,7,6,9,5,4,4,2,2
S01011986,145,76,69,106,44,62,60,28,32,36,8,28,10,8,2,39,32,7,24,19,5,15,13,2
S01011987,208,102,106,174,82,92,126,70,56,42,10,32,6,2,4,34,20,14,27,16,11,7,4,3
S01011988,86,32,54,84,32,52,70,30,40,14,2,12,0,0,0,2,0,2,2,0,2,0,0,0
S01011989,174,84,90,144,66,78,120,56,64,22,8,14,2,2,0,30,18,12,27,16,11,3,2,1
S01011990,114,45,69,102,36,66,80,26,54,18,8,10,4,2,2,12,9,3,8,6,2,4,3,1
S01011991,144,76,68,122,64,58,82,44,38,22,14,8,18,6,12,22,12,10,12,6,6,10,6,4
S01011992,174,99,75,152,86,66,110,68,42,40,18,22,2,0,2,22,13,9,19,11,8,3,2,1
S01011993,135,68,67,98,44,54,72,32,40,20,10,10,6,2,4,37,24,13,26,19,7,11,5,6
S01011994,72,29,43,68,26,42,52,20,32,16,6,10,0,0,0,4,3,1,4,3,1,0,0,0
S01011995,179,76,103,174,74,100,132,60,72,32,8,24,10,6,4,5,2,3,5,2,3,0,0,0
S01011996,110,56,54,88,40,48,72,34,38,10,6,4,6,0,6,22,16,6,14,10,4,8,6,2
S01011997,175,89,86,136,64,72,114,58,56,22,6,16,0,0,0,39,25,14,28,17,11,11,8,3
S01011998,124,38,86,118,36,82,80,24,56,38,12,26,0,0,0,6,2,4,4,2,2,2,0,2
S01011999,115,45,70,98,40,58,88,36,52,6,2,4,4,2,2,17,5,12,14,5,9,3,0,3
S01012000,93,38,55,86,36,50,66,28,38,20,8,12,0,0,0,7,2,5,6,2,4,1,0,1
S01012001,130,59,71,122,54,68,84,44,40,34,10,24,4,0,4,8,5,3,4,2,2,4,3,1
S01012002,100,52,48,86,44,42,74,42,32,12,2,10,0,0,0,14,8,6,10,5,5,4,3,1
S01012003,85,43,42,72,36,36,62,32,30,8,2,6,2,2,0,13,7,6,7,5,2,6,2,4
S01012004,166,71,95,150,60,90,118,48,70,26,8,18,6,4,2,16,11,5,11,8,3,5,3,2
S01012005,229,86,143,208,74,134,180,66,114,26,6,20,2,2,0,21,12,9,17,9,8,4,3,1
S01012006,126,57,69,120,56,64,98,48,50,20,8,12,2,0,2,6,1,5,4,0,4,2,1,1
S01012007,125,48,77,114,42,72,86,28,58,28,14,14,0,0,0,11,6,5,10,6,4,1,0,1
S01012008,173,61,112,142,44,98,112,42,70,28,2,26,2,0,2,31,17,14,29,16,13,2,1,1
S01012009,124,65,59,104,52,52,84,38,46,14,10,4,6,4,2,20,13,7,10,6,4,10,7,3
S01012010,170,91,79,154,78,76,124,62,62,28,16,12,2,0,2,16,13,3,13,11,2,3,2,1
S01012011,181,88,93,134,54,80,108,44,64,20,6,14,6,4,2,47,34,13,41,31,10,6,3,3
S01012012,77,34,43,70,28,42,54,22,32,14,6,8,2,0,2,7,6,1,4,3,1,3,3,0
S01012013,103,48,55,88,38,50,68,30,38,16,8,8,4,0,4,15,10,5,11,6,5,4,4,0
S01012014,137,51,86,114,34,80,86,30,56,24,2,22,4,2,2,23,17,6,18,13,5,5,4,1
S01012015,194,66,128,158,46,112,126,34,92,26,6,20,6,6,0,36,20,16,26,15,11,10,5,5
S01012016,127,50,77,116,42,74,88,32,56,24,8,16,4,2,2,11,8,3,8,5,3,3,3,0
S01012017,70,17,53,68,16,52,46,10,36,16,4,12,6,2,4,2,1,1,2,1,1,0,0,0
S01012018,169,76,93,146,62,84,112,48,64,26,10,16,8,4,4,23,14,9,19,11,8,4,3,1
S01012019,213,78,135,198,68,130,154,58,96,40,10,30,4,0,4,15,10,5,11,8,3,4,2,2
S01012020,135,54,81,118,46,72,98,40,58,18,6,12,2,0,2,17,8,9,13,6,7,4,2,2
S01012021,119,48,71,106,42,64,70,28,42,32,14,18,4,0,4,13,6,7,9,2,7,4,4,0
S01012022,153,72,81,122,50,72,100,38,62,20,10,10,2,2,0,31,22,9,23,17,6,8,5,3
S01012023,111,42,69,106,40,66,88,34,54,14,4,10,4,2,2,5,2,3,4,1,3,1,1,0
S01012024,221,102,119,198,88,110,156,68,88,38,18,20,4,2,2,23,14,9,17,10,7,6,4,2
S01012025,151,67,84,132,52,80,106,40,66,26,12,14,0,0,0,19,15,4,12,10,2,7,5,2
S01012026,231,95,136,216,86,130,186,74,112,28,10,18,2,2,0,15,9,6,8,4,4,7,5,2
S01012027,210,97,113,198,94,104,170,82,88,26,10,16,2,2,0,12,3,9,4,3,1,8,0,8
S01012028,204,112,92,192,108,84,150,84,66,38,22,16,4,2,2,12,4,8,9,4,5,3,0,3
S01012029,197,107,90,180,98,82,140,78,62,38,18,20,2,2,0,17,9,8,13,8,5,4,1,3
S01012030,152,75,77,140,68,72,116,62,54,20,2,18,4,4,0,12,7,5,11,7,4,1,0,1
S01012031,111,44,67,104,40,64,78,30,48,22,10,12,4,0,4,7,4,3,4,3,1,3,1,2
S01012032,65,31,34,60,28,32,44,24,20,14,4,10,2,0,2,5,3,2,3,2,1,2,1,1
S01012033,121,63,58,106,52,54,90,42,48,14,8,6,2,2,0,15,11,4,9,7,2,6,4,2
S01012034,168,65,103,136,46,90,96,38,58,36,8,28,4,0,4,32,19,13,19,11,8,13,8,5
S01012035,175,83,92,150,66,84,108,52,56,34,8,26,8,6,2,25,17,8,19,13,6,6,4,2
S01012036,155,70,85,138,60,78,106,46,60,26,10,16,6,4,2,17,10,7,14,7,7,3,3,0
S01012037,230,114,116,158,82,76,106,60,46,36,18,18,16,4,12,72,32,40,30,13,17,42,19,23
S01012038,221,94,127,110,40,70,48,18,30,46,18,28,16,4,12,111,54,57,43,24,19,68,30,38
S01012039,186,91,95,144,68,76,100,48,52,28,16,12,16,4,12,42,23,19,21,9,12,21,14,7
S01012040,151,55,96,128,44,84,102,38,64,26,6,20,0,0,0,23,11,12,12,8,4,11,3,8
S01012041,206,84,122,162,58,104,124,46,78,26,8,18,12,4,8,44,26,18,27,21,6,17,5,12
S01012042,167,76,91,122,50,72,88,38,50,24,8,16,10,4,6,45,26,19,29,18,11,16,8,8
S01012043,211,91,120,140,58,82,94,46,48,30,12,18,16,0,16,71,33,38,27,13,14,44,20,24
S01012044,140,75,65,96,54,42,62,40,22,20,8,12,14,6,8,44,21,23,24,14,10,20,7,13
S01012045,182,116,66,136,94,42,98,70,28,28,20,8,10,4,6,46,22,24,18,9,9,28,13,15
S01012046,120,74,46,70,44,26,46,34,12,18,6,12,6,4,2,50,30,20,26,15,11,24,15,9
S01012047,153,101,52,104,62,42,82,48,34,16,8,8,6,6,0,49,39,10,23,18,5,26,21,5
S01012048,130,49,81,80,24,56,54,20,34,18,2,16,8,2,6,50,25,25,22,14,8,28,11,17
S01012049,111,68,43,88,54,34,70,46,24,12,4,8,6,4,2,23,14,9,15,10,5,8,4,4
S01012050,267,146,121,222,120,102,190,106,84,26,12,14,6,2,4,45,26,19,32,20,12,13,6,7
S01012051,90,46,44,74,38,36,62,32,30,8,4,4,4,2,2,16,8,8,10,3,7,6,5,1
S01012052,141,83,58,116,68,48,100,62,38,16,6,10,0,0,0,25,15,10,11,9,2,14,6,8
S01012053,169,91,78,112,52,60,68,34,34,36,12,24,8,6,2,57,39,18,29,24,5,28,15,13
S01012054,170,96,74,96,48,48,62,30,32,26,14,12,8,4,4,74,48,26,36,25,11,38,23,15
S01012055,155,85,70,94,54,40,70,46,24,20,6,14,4,2,2,61,31,30,29,19,10,32,12,20
S01012056,139,66,73,118,52,66,98,46,52,14,4,10,6,2,4,21,14,7,17,12,5,4,2,2
S01012057,151,78,73,136,70,66,110,58,52,24,12,12,2,0,2,15,8,7,11,6,5,4,2,2
S01012058,131,63,68,114,54,60,94,44,50,16,6,10,4,4,0,17,9,8,11,6,5,6,3,3
S01012059,148,72,76,100,50,50,70,34,36,22,10,12,8,6,2,48,22,26,24,18,6,24,4,20
S01012060,162,76,86,120,48,72,90,36,54,22,8,14,8,4,4,42,28,14,21,17,4,21,11,10
S01012061,183,94,89,154,78,76,114,62,52,38,14,24,2,2,0,29,16,13,16,11,5,13,5,8
S01012062,204,99,105,182,88,94,144,64,80,34,20,14,4,4,0,22,11,11,20,10,10,2,1,1
S01012063,145,70,75,120,56,64,92,48,44,24,6,18,4,2,2,25,14,11,12,7,5,13,7,6
S01012064,168,84,84,100,42,58,54,22,32,18,10,8,28,10,18,68,42,26,21,15,6,47,27,20
S01012065,151,60,91,76,28,48,42,16,26,14,6,8,20,6,14,75,32,43,23,16,7,52,16,36
S01012066,208,111,97,132,64,68,74,42,32,50,18,32,8,4,4,76,47,29,34,20,14,42,27,15
S01012067,115,66,49,58,28,30,32,22,10,16,4,12,10,2,8,57,38,19,23,18,5,34,20,14
S01012068,107,66,41,54,30,24,20,12,8,24,12,12,10,6,4,53,36,17,15,13,2,38,23,15
S01012069,83,57,26,46,34,12,34,26,8,6,4,2,6,4,2,37,23,14,19,13,6,18,10,8
S01012070,86,54,32,44,32,12,10,8,2,22,16,6,12,8,4,42,22,20,12,7,5,30,15,15
S01012071,140,86,54,74,42,32,44,28,16,26,14,12,4,0,4,66,44,22,32,22,10,34,22,12
S01012072,139,75,64,94,44,50,64,28,36,18,6,12,12,10,2,45,31,14,15,14,1,30,17,13
S01012073,177,99,78,140,74,66,112,60,52,24,14,10,4,0,4,37,25,12,20,14,6,17,11,6
S01012074,166,87,79,146,74,72,118,60,58,24,14,10,4,0,4,20,13,7,17,12,5,3,1,2
S01012075,221,115,106,204,106,98,180,94,86,24,12,12,0,0,0,17,9,8,16,8,8,1,1,0
S01012076,135,71,64,110,56,54,90,44,46,20,12,8,0,0,0,25,15,10,11,6,5,14,9,5
S01012077,157,88,69,96,48,48,78,40,38,10,4,6,8,4,4,61,40,21,22,19,3,39,21,18
S01012078,219,94,125,180,72,108,140,58,82,38,14,24,2,0,2,39,22,17,21,15,6,18,7,11
S01012079,159,75,84,112,54,58,74,38,36,28,8,20,10,8,2,47,21,26,24,14,10,23,7,16
S01012080,224,119,105,126,64,62,62,32,30,36,18,18,28,14,14,98,55,43,44,32,12,54,23,31
S01012081,136,67,69,80,40,40,58,32,26,14,6,8,8,2,6,56,27,29,27,17,10,29,10,19
S01012082,106,63,43,66,42,24,42,28,14,18,12,6,6,2,4,40,21,19,14,7,7,26,14,12
S01012083,120,64,56,78,28,50,44,22,22,26,4,22,8,2,6,42,36,6,24,21,3,18,15,3
S01012084,118,58,60,100,46,54,84,42,42,10,2,8,6,2,4,18,12,6,13,8,5,5,4,1
S01012085,110,50,60,98,42,56,74,32,42,18,6,12,6,4,2,12,8,4,7,5,2,5,3,2
S01012086,172,100,72,106,62,44,78,44,34,18,16,2,10,2,8,66,38,28,36,23,13,30,15,15
S01012087,130,76,54,86,52,34,64,40,24,18,10,8,4,2,2,44,24,20,31,18,13,13,6,7
S01012088,222,94,128,200,84,116,150,64,86,42,18,24,8,2,6,22,10,12,19,9,10,3,1,2
S01012089,179,82,97,160,68,92,142,64,78,14,4,10,4,0,4,19,14,5,13,9,4,6,5,1
S01012090,167,68,99,158,66,92,122,52,70,28,8,20,8,6,2,9,2,7,4,2,2,5,0,5
S01012091,103,68,35,86,58,28,82,54,28,2,2,0,2,2,0,17,10,7,15,9,6,2,1,1
S01012092,87,29,58,78,24,54,62,22,40,16,2,14,0,0,0,9,5,4,7,4,3,2,1,1
S01012093,82,55,27,74,50,24,58,38,20,16,12,4,0,0,0,8,5,3,5,3,2,3,2,1
S01012094,136,56,80,126,50,76,106,42,64,18,6,12,2,2,0,10,6,4,9,5,4,1,1,0
S01012095,277,136,141,226,104,122,178,84,94,36,18,18,12,2,10,51,32,19,27,17,10,24,15,9
S01012096,162,89,73,112,58,54,80,42,38,30,14,16,2,2,0,50,31,19,31,18,13,19,13,6
S01012097,148,65,83,106,44,62,60,26,34,36,16,20,10,2,8,42,21,21,24,15,9,18,6,12
S01012098,131,72,59,82,46,36,62,36,26,16,8,8,4,2,2,49,26,23,30,16,14,19,10,9
S01012099,158,94,64,106,60,46,58,30,28,30,16,14,18,14,4,52,34,18,34,22,12,18,12,6
S01012100,191,70,121,132,36,96,100,26,74,22,8,14,10,2,8,59,34,25,33,21,12,26,13,13
S01012101,160,66,94,148,60,88,134,52,82,14,8,6,0,0,0,12,6,6,9,4,5,3,2,1
S01012102,159,85,74,90,46,44,52,34,18,26,6,20,12,6,6,69,39,30,38,24,14,31,15,16
S01012103,203,108,95,162,86,76,128,68,60,28,14,14,6,4,2,41,22,19,28,19,9,13,3,10
S01012104,282,115,167,256,100,156,192,82,110,58,14,44,6,4,2,26,15,11,18,11,7,8,4,4
S01012105,220,96,124,190,78,112,162,72,90,28,6,22,0,0,0,30,18,12,20,13,7,10,5,5
S01012106,264,132,132,244,120,124,208,98,110,30,20,10,6,2,4,20,12,8,8,6,2,12,6,6
S01012107,124,49,75,118,44,74,92,30,62,24,12,12,2,2,0,6,5,1,4,4,0,2,1,1
S01012108,63,35,28,44,22,22,30,18,12,12,2,10,2,2,0,19,13,6,10,7,3,9,6,3
S01012109,158,100,58,86,46,40,54,28,26,24,10,14,8,8,0,72,54,18,31,26,5,41,28,13
S01012110,80,54,26,54,32,22,38,22,16,10,8,2,6,2,4,26,22,4,17,15,2,9,7,2
S01012111,97,47,50,68,34,34,50,28,22,12,2,10,6,4,2,29,13,16,15,8,7,14,5,9
S01012112,88,55,33,72,40,32,58,32,26,12,6,6,2,2,0,16,15,1,11,11,0,5,4,1
S01012113,175,90,85,152,76,76,112,58,54,34,16,18,6,2,4,23,14,9,19,12,7,4,2,2
S01012114,182,88,94,164,80,84,152,74,78,10,4,6,2,2,0,18,8,10,12,7,5,6,1,5
S01012115,97,47,50,70,30,40,54,22,32,12,4,8,4,4,0,27,17,10,20,13,7,7,4,3
S01012116,126,74,52,102,56,46,82,44,38,18,12,6,2,0,2,24,18,6,19,14,5,5,4,1
S01012117,290,132,158,276,124,152,242,110,132,30,14,16,4,0,4,14,8,6,9,5,4,5,3,2
S01012118,194,68,126,180,60,120,156,52,104,20,6,14,4,2,2,14,8,6,12,8,4,2,0,2
S01012119,211,88,123,194,78,116,166,70,96,22,4,18,6,4,2,17,10,7,13,7,6,4,3,1
S01012120,123,63,60,86,44,42,60,34,26,18,10,8,8,0,8,37,19,18,17,10,7,20,9,11
S01012121,182,100,82,126,70,56,68,40,28,44,22,22,14,8,6,56,30,26,27,12,15,29,18,11
S01012122,126,66,60,94,46,48,70,32,38,18,10,8,6,4,2,32,20,12,20,13,7,12,7,5
S01012123,98,51,47,80,42,38,64,32,32,12,8,4,4,2,2,18,9,9,12,7,5,6,2,4
S01012124,84,58,26,62,40,22,42,26,16,16,12,4,4,2,2,22,18,4,16,13,3,6,5,1
S01012125,122,79,43,64,42,22,28,18,10,24,18,6,12,6,6,58,37,21,27,22,5,31,15,16
S01012126,136,57,79,114,44,70,94,34,60,14,10,4,6,0,6,22,13,9,16,9,7,6,4,2
S01012127,102,63,39,66,40,26,30,20,10,20,14,6,16,6,10,36,23,13,17,13,4,19,10,9
S01012128,89,62,27,44,34,10,36,26,10,4,4,0,4,4,0,45,28,17,17,10,7,28,18,10
S01012129,80,59,21,44,30,14,34,20,14,6,6,0,4,4,0,36,29,7,17,13,4,19,16,3
S01012130,113,77,36,94,66,28,76,50,26,8,6,2,10,10,0,19,11,8,9,8,1,10,3,7
S01012131,107,62,45,60,34,26,42,28,14,14,4,10,4,2,2,47,28,19,17,9,8,30,19,11
S01012132,93,59,34,48,26,22,28,18,10,14,6,8,6,2,4,45,33,12,15,11,4,30,22,8
S01012133,131,77,54,100,60,40,78,48,30,20,10,10,2,2,0,31,17,14,14,11,3,17,6,11
S01012134,145,80,65,114,58,56,86,42,44,24,14,10,4,2,2,31,22,9,19,14,5,12,8,4
S01012135,116,63,53,56,32,24,36,20,16,14,8,6,6,4,2,60,31,29,34,22,12,26,9,17
S01012136,119,62,57,76,36,40,46,22,24,16,10,6,14,4,10,43,26,17,21,15,6,22,11,11
S01012137,79,61,18,42,26,16,24,12,12,12,10,2,6,4,2,37,35,2,19,18,1,18,17,1
S01012138,163,93,70,138,72,66,104,58,46,34,14,20,0,0,0,25,21,4,19,16,3,6,5,1
S01012139,179,81,98,152,64,88,136,58,78,16,6,10,0,0,0,27,17,10,13,10,3,14,7,7
S01012140,105,47,58,98,44,54,84,34,50,10,8,2,4,2,2,7,3,4,6,2,4,1,1,0
S01012141,238,92,146,212,78,134,174,58,116,36,18,18,2,2,0,26,14,12,20,12,8,6,2,4
S01012142,204,101,103,184,88,96,146,70,76,36,16,20,2,2,0,20,13,7,13,8,5,7,5,2
S01012143,151,72,79,140,70,70,114,54,60,24,16,8,2,0,2,11,2,9,6,1,5,5,1,4
S01012144,223,109,114,204,96,108,170,80,90,30,14,16,4,2,2,19,13,6,14,11,3,5,2,3
S01012145,247,114,133,226,102,124,184,84,100,38,16,22,4,2,2,21,12,9,20,12,8,1,0,1
S01012146,157,94,63,88,50,38,50,34,16,16,6,10,22,10,12,69,44,25,37,25,12,32,19,13
S01012147,124,68,56,60,28,32,32,24,8,20,2,18,8,2,6,64,40,24,28,17,11,36,23,13
S01012148,159,92,67,84,48,36,48,28,20,26,16,10,10,4,6,75,44,31,30,25,5,45,19,26
S01012149,166,64,102,126,42,84,82,30,52,36,8,28,8,4,4,40,22,18,18,10,8,22,12,10
S01012150,147,75,72,98,48,50,60,38,22,28,6,22,10,4,6,49,27,22,30,22,8,19,5,14
S01012151,133,59,74,94,34,60,68,30,38,16,0,16,10,4,6,39,25,14,24,17,7,15,8,7
S01012152,125,55,70,76,34,42,58,28,30,8,2,6,10,4,6,49,21,28,22,13,9,27,8,19
S01012153,91,56,35,52,30,22,36,20,16,12,8,4,4,2,2,39,26,13,25,20,5,14,6,8
S01012154,91,55,36,58,34,24,14,6,8,40,28,12,4,0,4,33,21,12,17,15,2,16,6,10
S01012155,58,42,16,38,28,10,18,14,4,14,10,4,6,4,2,20,14,6,13,11,2,7,3,4
S01012156,73,45,28,30,16,14,20,10,10,8,4,4,2,2,0,43,29,14,14,11,3,29,18,11
S01012157,205,106,99,156,74,82,114,62,52,32,10,22,10,2,8,49,32,17,31,22,9,18,10,8
S01012158,231,112,119,192,90,102,158,80,78,28,10,18,6,0,6,39,22,17,22,13,9,17,9,8
S01012159,80,45,35,74,40,34,64,34,30,10,6,4,0,0,0,6,5,1,6,5,1,0,0,0
S01012160,113,52,61,94,38,56,82,36,46,10,2,8,2,0,2,19,14,5,18,13,5,1,1,0
S01012161,98,59,39,48,28,20,36,20,16,8,6,2,4,2,2,50,31,19,18,15,3,32,16,16
S01012162,226,110,116,152,70,82,112,54,58,36,14,22,4,2,2,74,40,34,36,21,15,38,19,19
S01012163,167,74,93,122,50,72,82,36,46,36,12,24,4,2,2,45,24,21,21,17,4,24,7,17
S01012164,371,174,197,326,146,180,272,128,144,50,18,32,4,0,4,45,28,17,35,26,9,10,2,8
S01012165,193,93,100,118,56,62,72,38,34,34,12,22,12,6,6,75,37,38,35,19,16,40,18,22
S01012166,118,61,57,62,32,30,48,24,24,12,6,6,2,2,0,56,29,27,29,15,14,27,14,13
S01012167,111,51,60,92,42,50,74,34,40,14,6,8,4,2,2,19,9,10,11,8,3,8,1,7
S01012168,145,58,87,128,48,80,112,44,68,14,4,10,2,0,2,17,10,7,10,7,3,7,3,4
S01012169,140,61,79,108,40,68,80,30,50,22,6,16,6,4,2,32,21,11,23,18,5,9,3,6
S01012170,141,73,68,108,46,62,76,32,44,32,14,18,0,0,0,33,27,6,22,18,4,11,9,2
S01012171,187,96,91,136,60,76,108,48,60,20,6,14,8,6,2,51,36,15,37,26,11,14,10,4
S01012172,153,95,58,118,80,38,74,48,26,28,16,12,16,16,0,35,15,20,22,11,11,13,4,9
S01012173,91,33,58,82,28,54,66,22,44,12,4,8,4,2,2,9,5,4,8,4,4,1,1,0
S01012174,273,113,160,246,100,146,210,88,122,34,10,24,2,2,0,27,13,14,21,12,9,6,1,5
S01012175,157,77,80,134,64,70,114,56,58,18,8,10,2,0,2,23,13,10,18,12,6,5,1,4
S01012176,140,75,65,116,58,58,88,46,42,20,10,10,8,2,6,24,17,7,17,14,3,7,3,4
S01012177,127,63,64,112,58,54,90,48,42,16,8,8,6,2,4,15,5,10,11,4,7,4,1,3
S01012178,98,46,52,90,40,50,74,30,44,14,8,6,2,2,0,8,6,2,7,5,2,1,1,0
S01012179,92,48,44,68,32,36,60,32,28,4,0,4,4,0,4,24,16,8,10,4,6,14,12,2
S01012180,97,49,48,70,32,38,62,30,32,4,0,4,4,2,2,27,17,10,15,10,5,12,7,5
S01012181,112,47,65,92,36,56,74,30,44,14,4,10,4,2,2,20,11,9,14,6,8,6,5,1
S01012182,275,152,123,246,138,108,204,114,90,32,20,12,10,4,6,29,14,15,24,12,12,5,2,3
S01012183,105,55,50,74,40,34,48,26,22,20,12,8,6,2,4,31,15,16,12,7,5,19,8,11
S01012184,74,47,27,56,32,24,34,20,14,20,12,8,2,0,2,18,15,3,11,10,1,7,5,2
S01012185,82,58,24,46,30,16,32,22,10,6,4,2,8,4,4,36,28,8,21,17,4,15,11,4
S01012186,114,48,66,86,32,54,60,22,38,22,6,16,4,4,0,28,16,12,14,10,4,14,6,8
S01012187,94,52,42,58,30,28,34,18,16,18,8,10,6,4,2,36,22,14,26,18,8,10,4,6
S01012188,80,50,30,66,40,26,56,34,22,8,4,4,2,2,0,14,10,4,9,7,2,5,3,2
S01012189,144,75,69,136,74,62,110,56,54,18,14,4,8,4,4,8,1,7,7,1,6,1,0,1
S01012190,184,79,105,170,68,102,148,64,84,22,4,18,0,0,0,14,11,3,14,11,3,0,0,0
S01012191,183,74,109,162,62,100,130,52,78,32,10,22,0,0,0,21,12,9,17,10,7,4,2,2
S01012192,110,48,62,104,46,58,82,36,46,22,10,12,0,0,0,6,2,4,5,2,3,1,0,1
S01012193,173,63,110,160,54,106,146,48,98,14,6,8,0,0,0,13,9,4,11,8,3,2,1,1
S01012194,190,87,103,178,80,98,148,70,78,30,10,20,0,0,0,12,7,5,11,7,4,1,0,1
S01012195,283,112,171,260,98,162,222,86,136,36,10,26,2,2,0,23,14,9,18,12,6,5,2,3
S01012196,168,64,104,146,52,94,118,44,74,24,8,16,4,0,4,22,12,10,17,8,9,5,4,1
S01012197,146,54,92,116,42,74,78,28,50,34,14,20,4,0,4,30,12,18,20,9,11,10,3,7
S01012198,192,96,96,158,80,78,124,70,54,30,10,20,4,0,4,34,16,18,27,14,13,7,2,5
S01012199,135,55,80,106,40,66,72,26,46,26,10,16,8,4,4,29,15,14,19,12,7,10,3,7
S01012200,145,75,70,110,54,56,86,44,42,18,8,10,6,2,4,35,21,14,24,15,9,11,6,5
S01012201,177,71,106,154,60,94,106,36,70,34,16,18,14,8,6,23,11,12,20,10,10,3,1,2
S01012202,135,63,72,106,48,58,82,36,46,24,12,12,0,0,0,29,15,14,21,14,7,8,1,7
S01012203,126,51,75,114,44,70,94,38,56,20,6,14,0,0,0,12,7,5,9,5,4,3,2,1
S01012204,183,84,99,170,76,94,130,62,68,40,14,26,0,0,0,13,8,5,12,8,4,1,0,1
S01012205,144,73,71,126,58,68,114,56,58,8,2,6,4,0,4,18,15,3,15,12,3,3,3,0
S01012206,216,103,113,190,86,104,166,72,94,20,12,8,4,2,2,26,17,9,23,15,8,3,2,1
S01012207,208,93,115,156,68,88,124,54,70,32,14,18,0,0,0,52,25,27,28,17,11,24,8,16
S01012208,224,89,135,170,64,106,122,48,74,44,16,28,4,0,4,54,25,29,35,21,14,19,4,15
S01012209,161,70,91,130,54,76,90,40,50,34,10,24,6,4,2,31,16,15,19,12,7,12,4,8
S01012210,150,70,80,114,52,62,80,38,42,32,12,20,2,2,0,36,18,18,27,12,15,9,6,3
S01012211,203,90,113,174,72,102,144,58,86,26,14,12,4,0,4,29,18,11,25,15,10,4,3,1
S01012212,143,59,84,136,54,82,108,44,64,26,8,18,2,2,0,7,5,2,4,2,2,3,3,0
S01012213,129,59,70,116,50,66,100,42,58,14,8,6,2,0,2,13,9,4,13,9,4,0,0,0
S01012214,131,42,89,124,40,84,102,36,66,22,4,18,0,0,0,7,2,5,4,1,3,3,1,2
S01012215,182,94,88,166,80,86,140,72,68,26,8,18,0,0,0,16,14,2,13,12,1,3,2,1
S01012216,162,57,105,156,54,102,140,52,88,16,2,14,0,0,0,6,3,3,4,2,2,2,1,1
S01012217,115,59,56,66,28,38,40,22,18,16,2,14,10,4,6,49,31,18,23,17,6,26,14,12
S01012218,116,59,57,68,34,34,42,20,22,16,8,8,10,6,4,48,25,23,24,16,8,24,9,15
S01012219,130,68,62,84,42,42,52,32,20,22,4,18,10,6,4,46,26,20,22,13,9,24,13,11
S01012220,73,38,35,38,16,22,18,10,8,12,4,8,8,2,6,35,22,13,14,11,3,21,11,10
S01012221,102,66,36,70,42,28,48,28,20,16,12,4,6,2,4,32,24,8,22,17,5,10,7,3
S01012222,113,58,55,90,44,46,70,38,32,14,4,10,6,2,4,23,14,9,14,10,4,9,4,5
S01012223,132,70,62,82,40,42,52,30,22,20,8,12,10,2,8,50,30,20,26,17,9,24,13,11
S01012224,178,79,99,130,54,76,92,44,48,26,6,20,12,4,8,48,25,23,26,14,12,22,11,11
S01012225,247,107,140,186,78,108,126,60,66,46,12,34,14,6,8,61,29,32,37,22,15,24,7,17
S01012226,166,73,93,134,56,78,100,38,62,30,16,14,4,2,2,32,17,15,29,15,14,3,2,1
S01012227,142,59,83,104,42,62,82,38,44,20,4,16,2,0,2,38,17,21,24,12,12,14,5,9
S01012228,160,67,93,138,56,82,108,44,64,18,8,10,12,4,8,22,11,11,18,10,8,4,1,3
S01012229,135,68,67,122,58,64,94,42,52,24,12,12,4,4,0,13,10,3,12,10,2,1,0,1
S01012230,233,110,123,210,98,112,166,84,82,40,14,26,4,0,4,23,12,11,21,10,11,2,2,0
S01012231,232,79,153,220,72,148,176,56,120,40,14,26,4,2,2,12,7,5,9,6,3,3,1,2
S01012232,243,87,156,232,82,150,186,70,116,46,12,34,0,0,0,11,5,6,10,4,6,1,1,0
S01012233,225,84,141,208,78,130,162,66,96,38,10,28,8,2,6,17,6,11,16,6,10,1,0,1
S01012234,299,123,176,274,114,160,220,90,130,52,24,28,2,0,2,25,9,16,17,6,11,8,3,5
S01012235,66,29,37,64,28,36,52,24,28,12,4,8,0,0,0,2,1,1,2,1,1,0,0,0
S01012236,141,65,76,124,58,66,98,48,50,22,8,14,4,2,2,17,7,10,14,6,8,3,1,2
S01012237,206,76,130,192,72,120,160,62,98,26,6,20,6,4,2,14,4,10,10,4,6,4,0,4
S01012238,130,75,55,112,64,48,86,48,38,20,12,8,6,4,2,18,11,7,11,7,4,7,4,3
S01012239,120,71,49,84,46,38,54,38,16,26,8,18,4,0,4,36,25,11,22,14,8,14,11,3
S01012240,171,81,90,146,68,78,110,50,60,28,12,16,8,6,2,25,13,12,12,10,2,13,3,10
S01012241,132,36,96,124,34,90,90,32,58,30,2,28,4,0,4,8,2,6,5,1,4,3,1,2
S01012242,208,76,132,194,68,126,144,56,88,46,12,34,4,0,4,14,8,6,12,7,5,2,1,1
S01012243,169,60,109,158,56,102,120,48,72,28,6,22,10,2,8,11,4,7,6,2,4,5,2,3
S01012244,242,81,161,234,78,156,174,66,108,58,12,46,2,0,2,8,3,5,8,3,5,0,0,0
S01012245,169,58,111,156,48,108,114,40,74,42,8,34,0,0,0,13,10,3,10,10,0,3,0,3
S01012246,235,68,167,212,56,156,168,52,116,40,4,36,4,0,4,23,12,11,21,10,11,2,2,0
S01012247,161,66,95,148,60,88,118,46,72,30,14,16,0,0,0,13,6,7,10,4,6,3,2,1
S01012248,191,70,121,176,60,116,132,40,92,40,18,22,4,2,2,15,10,5,12,8,4,3,2,1
S01012249,209,105,104,186,96,90,134,78,56,50,16,34,2,2,0,23,9,14,15,6,9,8,3,5
S01012250,135,51,84,128,48,80,102,44,58,22,4,18,4,0,4,7,3,4,7,3,4,0,0,0
S01012251,203,89,114,166,66,100,128,56,72,34,10,24,4,0,4,37,23,14,26,19,7,11,4,7
S01012252,183,97,86,158,78,80,118,54,64,34,20,14,6,4,2,25,19,6,19,16,3,6,3,3
S01012253,103,48,55,92,40,52,68,26,42,16,8,8,8,6,2,11,8,3,9,7,2,2,1,1
S01012254,177,72,105,164,68,96,108,48,60,48,20,28,8,0,8,13,4,9,11,3,8,2,1,1
S01012255,125,49,76,106,36,70,90,28,62,16,8,8,0,0,0,19,13,6,11,10,1,8,3,5
S01012256,252,136,116,226,118,108,156,82,74,60,30,30,10,6,4,26,18,8,16,10,6,10,8,2
S01012257,190,81,109,158,62,96,140,54,86,14,6,8,4,2,2,32,19,13,26,14,12,6,5,1
S01012258,188,55,133,174,46,128,128,34,94,38,6,32,8,6,2,14,9,5,12,8,4,2,1,1
S01012259,111,37,74,108,34,74,90,32,58,16,0,16,2,2,0,3,3,0,3,3,0,0,0,0
S01012260,198,75,123,182,68,114,124,48,76,56,20,36,2,0,2,16,7,9,9,3,6,7,4,3
S01012261,273,84,189,256,78,178,198,64,134,56,14,42,2,0,2,17,6,11,12,4,8,5,2,3
S01012262,163,65,98,154,58,96,114,48,66,38,10,28,2,0,2,9,7,2,6,6,0,3,1,2
S01012263,135,77,58,108,60,48,68,38,30,36,22,14,4,0,4,27,17,10,18,13,5,9,4,5
S01012264,97,47,50,84,40,44,64,32,32,18,6,12,2,2,0,13,7,6,7,2,5,6,5,1
S01012265,167,74,93,136,54,82,92,34,58,36,18,18,8,2,6,31,20,11,22,16,6,9,4,5
S01012266,192,91,101,168,78,90,124,60,64,34,12,22,10,6,4,24,13,11,17,10,7,7,3,4
S01012267,134,58,76,122,50,72,94,42,52,26,6,20,2,2,0,12,8,4,9,5,4,3,3,0
S01012268,147,53,94,140,50,90,106,42,64,26,6,20,8,2,6,7,3,4,7,3,4,0,0,0
S01012269,197,74,123,180,64,116,148,56,92,30,8,22,2,0,2,17,10,7,16,9,7,1,1,0
S01012270,166,74,92,132,56,76,94,40,54,32,12,20,6,4,2,34,18,16,28,15,13,6,3,3
S01012271,242,98,144,234,96,138,180,66,114,46,28,18,8,2,6,8,2,6,7,2,5,1,0,1
S01012272,163,63,100,144,56,88,122,50,72,20,6,14,2,0,2,19,7,12,15,6,9,4,1,3
S01012273,132,52,80,120,42,78,94,30,64,22,10,12,4,2,2,12,10,2,9,7,2,3,3,0
S01012274,185,84,101,164,68,96,126,46,80,34,22,12,4,0,4,21,16,5,10,7,3,11,9,2
S01012275,108,68,40,84,48,36,54,34,20,26,12,14,4,2,2,24,20,4,17,16,1,7,4,3
S01012276,161,68,93,140,52,88,112,46,66,24,4,20,4,2,2,21,16,5,16,13,3,5,3,2
S01012277,237,107,130,202,84,118,148,64,84,30,10,20,24,10,14,35,23,12,26,18,8,9,5,4
S01012278,90,45,45,80,36,44,62,30,32,16,6,10,2,0,2,10,9,1,4,4,0,6,5,1
S01012279,149,79,70,106,52,54,64,28,36,32,18,14,10,6,4,43,27,16,20,9,11,23,18,5
S01012280,194,101,93,156,74,82,112,58,54,38,16,22,6,0,6,38,27,11,27,21,6,11,6,5
S01012281,104,58,46,90,48,42,74,40,34,14,8,6,2,0,2,14,10,4,11,8,3,3,2,1
S01012282,173,56,117,158,48,110,136,38,98,18,10,8,4,0,4,15,8,7,10,7,3,5,1,4
S01012283,204,88,116,180,72,108,152,56,96,22,12,10,6,4,2,24,16,8,17,12,5,7,4,3
S01012284,111,58,53,84,44,40,64,34,30,14,8,6,6,2,4,27,14,13,15,8,7,12,6,6
S01012285,75,36,39,72,36,36,60,32,28,12,4,8,0,0,0,3,0,3,3,0,3,0,0,0
S01012286,196,106,90,152,74,78,100,44,56,30,12,18,22,18,4,44,32,12,22,18,4,22,14,8
S01012287,246,135,111,184,98,86,104,58,46,50,28,22,30,12,18,62,37,25,30,19,11,32,18,14
S01012288,143,63,80,106,46,60,60,26,34,30,12,18,16,8,8,37,17,20,17,9,8,20,8,12
S01012289,145,67,78,134,62,72,110,50,60,22,10,12,2,2,0,11,5,6,8,5,3,3,0,3
S01012290,129,59,70,112,50,62,80,36,44,26,10,16,6,4,2,17,9,8,13,7,6,4,2,2
S01012291,241,75,166,208,58,150,174,54,120,26,4,22,8,0,8,33,17,16,25,15,10,8,2,6
S01012292,129,40,89,112,30,82,80,18,62,30,10,20,2,2,0,17,10,7,15,10,5,2,0,2
S01012293,107,45,62,98,40,58,66,34,32,28,6,22,4,0,4,9,5,4,8,5,3,1,0,1
S01012294,205,97,108,174,82,92,138,66,72,32,12,20,4,4,0,31,15,16,25,12,13,6,3,3
S01012295,223,102,121,200,90,110,156,70,86,30,14,16,14,6,8,23,12,11,14,7,7,9,5,4
S01012296,266,77,189,242,64,178,202,46,156,34,16,18,6,2,4,24,13,11,20,10,10,4,3,1
S01012297,122,50,72,114,48,66,90,40,50,22,6,16,2,2,0,8,2,6,7,2,5,1,0,1
S01012298,160,57,103,148,52,96,108,40,68,30,6,24,10,6,4,12,5,7,11,4,7,1,1,0
S01012299,143,60,83,130,56,74,100,52,48,26,4,22,4,0,4,13,4,9,12,4,8,1,0,1
S01012300,141,54,87,126,44,82,86,30,56,30,14,16,10,0,10,15,10,5,14,9,5,1,1,0
S01012301,181,70,111,160,60,100,104,48,56,48,10,38,8,2,6,21,10,11,10,7,3,11,3,8
S01012302,114,45,69,104,36,68,60,22,38,34,14,20,10,0,10,10,9,1,8,8,0,2,1,1
S01012303,192,53,139,178,44,134,128,34,94,48,8,40,2,2,0,14,9,5,14,9,5,0,0,0
S01012304,190,61,129,168,52,116,116,40,76,48,12,36,4,0,4,22,9,13,15,5,10,7,4,3
S01012305,130,69,61,108,54,54,82,40,42,24,14,10,2,0,2,22,15,7,13,9,4,9,6,3
S01012306,107,37,70,90,26,64,62,20,42,26,4,22,2,2,0,17,11,6,16,11,5,1,0,1
S01012307,101,50,51,82,38,44,62,32,30,16,4,12,4,2,2,19,12,7,15,10,5,4,2,2
S01012308,200,74,126,186,66,120,130,42,88,46,22,24,10,2,8,14,8,6,11,6,5,3,2,1
S01012309,79,37,42,70,32,38,50,28,22,12,2,10,8,2,6,9,5,4,7,5,2,2,0,2
S01012310,134,69,65,114,54,60,72,38,34,38,12,26,4,4,0,20,15,5,14,10,4,6,5,1
S01012311,92,41,51,84,34,50,56,20,36,26,12,14,2,2,0,8,7,1,7,6,1,1,1,0
S01012312,178,87,91,164,80,84,112,54,58,46,22,24,6,4,2,14,7,7,9,5,4,5,2,3
S01012313,151,76,75,140,70,70,108,50,58,28,18,10,4,2,2,11,6,5,9,6,3,2,0,2
S01012314,185,80,105,146,58,88,94,38,56,44,16,28,8,4,4,39,22,17,26,17,9,13,5,8
S01012315,76,34,42,64,30,34,48,22,26,12,4,8,4,4,0,12,4,8,7,3,4,5,1,4
S01012316,100,54,46,70,32,38,44,20,24,22,12,10,4,0,4,30,22,8,11,11,0,19,11,8
S01012317,152,51,101,132,46,86,104,38,66,22,8,14,6,0,6,20,5,15,11,3,8,9,2,7
S01012318,180,92,88,152,78,74,96,62,34,48,12,36,8,4,4,28,14,14,19,10,9,9,4,5
S01012319,144,58,86,130,48,82,92,40,52,36,6,30,2,2,0,14,10,4,8,6,2,6,4,2
S01012320,169,87,82,146,70,76,94,48,46,40,16,24,12,6,6,23,17,6,14,12,2,9,5,4
S01012321,168,65,103,148,54,94,86,36,50,56,12,44,6,6,0,20,11,9,10,4,6,10,7,3
S01012322,183,83,100,160,68,92,122,50,72,28,10,18,10,8,2,23,15,8,15,11,4,8,4,4
S01012323,130,62,68,120,56,64,88,38,50,24,10,14,8,8,0,10,6,4,9,6,3,1,0,1
S01012324,132,54,78,118,42,76,88,38,50,28,4,24,2,0,2,14,12,2,13,12,1,1,0,1
S01012325,72,41,31,56,30,26,36,22,14,20,8,12,0,0,0,16,11,5,11,7,4,5,4,1
S01012326,69,27,42,60,20,40,42,12,30,10,4,6,8,4,4,9,7,2,4,4,0,5,3,2
S01012327,158,81,77,130,62,68,94,44,50,32,16,16,4,2,2,28,19,9,17,12,5,11,7,4
S01012328,56,17,39,48,14,34,26,14,12,20,0,20,2,0,2,8,3,5,4,2,2,4,1,3
S01012329,155,56,99,142,50,92,106,36,70,32,12,20,4,2,2,13,6,7,6,4,2,7,2,5
S01012330,99,43,56,88,38,50,70,32,38,14,6,8,4,0,4,11,5,6,8,4,4,3,1,2
S01012331,161,43,118,152,38,114,122,28,94,28,8,20,2,2,0,9,5,4,8,5,3,1,0,1
S01012332,199,86,113,188,82,106,142,64,78,38,18,20,8,0,8,11,4,7,9,4,5,2,0,2
S01012333,190,75,115,168,62,106,120,44,76,42,16,26,6,2,4,22,13,9,14,9,5,8,4,4
S01012334,157,68,89,122,40,82,82,28,54,32,6,26,8,6,2,35,28,7,25,20,5,10,8,2
S01012335,226,102,124,198,88,110,176,78,98,12,4,8,10,6,4,28,14,14,22,12,10,6,2,4
S01012336,114,53,61,98,40,58,92,40,52,6,0,6,0,0,0,16,13,3,12,9,3,4,4,0
S01012337,141,73,68,110,52,58,58,26,32,42,24,18,10,2,8,31,21,10,18,14,4,13,7,6
S01012338,90,39,51,72,30,42,42,14,28,24,12,12,6,4,2,18,9,9,16,9,7,2,0,2
S01012339,72,37,35,54,24,30,32,14,18,14,6,8,8,4,4,18,13,5,10,9,1,8,4,4
S01012340,213,97,116,180,82,98,130,70,60,46,12,34,4,0,4,33,15,18,20,6,14,13,9,4
S01012341,193,72,121,188,70,118,146,58,88,32,8,24,10,4,6,5,2,3,4,2,2,1,0,1
S01012342,171,77,94,152,66,86,122,54,68,26,12,14,4,0,4,19,11,8,17,9,8,2,2,0
S01012343,184,71,113,168,60,108,116,50,66,44,8,36,8,2,6,16,11,5,9,6,3,7,5,2
S01012344,112,64,48,88,42,46,64,30,34,18,8,10,6,4,2,24,22,2,17,16,1,7,6,1
S01012345,148,77,71,130,66,64,108,50,58,20,16,4,2,0,2,18,11,7,13,8,5,5,3,2
S01012346,144,56,88,138,52,86,98,32,66,32,14,18,8,6,2,6,4,2,5,3,2,1,1,0
S01012347,147,54,93,128,40,88,96,32,64,26,6,20,6,2,4,19,14,5,16,11,5,3,3,0
S01012348,155,60,95,136,46,90,112,36,76,20,8,12,4,2,2,19,14,5,16,13,3,3,1,2
S01012349,183,95,88,144,74,70,108,60,48,28,10,18,8,4,4,39,21,18,29,17,12,10,4,6
S01012350,151,59,92,120,44,76,86,42,44,30,2,28,4,0,4,31,15,16,16,8,8,15,7,8
S01012351,204,95,109,164,74,90,126,54,72,24,14,10,14,6,8,40,21,19,29,18,11,11,3,8
S01012352,159,76,83,146,66,80,112,58,54,28,8,20,6,0,6,13,10,3,8,6,2,5,4,1
S01012353,97,50,47,74,34,40,54,28,26,16,4,12,4,2,2,23,16,7,17,11,6,6,5,1
S01012354,129,54,75,120,48,72,98,40,58,22,8,14,0,0,0,9,6,3,6,5,1,3,1,2
S01012355,143,54,89,130,48,82,98,40,58,24,8,16,8,0,8,13,6,7,10,5,5,3,1,2
S01012356,109,35,74,94,26,68,78,22,56,12,2,10,4,2,2,15,9,6,11,8,3,4,1,3
S01012357,121,53,68,114,50,64,94,40,54,20,10,10,0,0,0,7,3,4,6,2,4,1,1,0
S01012358,113,47,66,104,40,64,82,30,52,18,8,10,4,2,2,9,7,2,8,7,1,1,0,1
S01012359,164,80,84,112,52,60,70,38,32,22,12,10,20,2,18,52,28,24,29,17,12,23,11,12
S01012360,198,78,120,148,54,94,74,28,46,48,14,34,26,12,14,50,24,26,25,11,14,25,13,12
S01012361,138,53,85,100,40,60,56,20,36,32,16,16,12,4,8,38,13,25,13,4,9,25,9,16
S01012362,233,104,129,168,70,98,68,38,30,66,18,48,34,14,20,65,34,31,32,22,10,33,12,21
S01012363,130,70,60,96,46,50,68,30,38,22,10,12,6,6,0,34,24,10,16,10,6,18,14,4
S01012364,82,40,42,72,34,38,62,30,32,8,2,6,2,2,0,10,6,4,5,4,1,5,2,3
S01012365,174,97,77,158,88,70,144,84,60,14,4,10,0,0,0,16,9,7,13,7,6,3,2,1
S01012366,113,72,41,92,58,34,60,38,22,22,10,12,10,10,0,21,14,7,17,12,5,4,2,2
S01012367,149,69,80,124,50,74,94,38,56,24,12,12,6,0,6,25,19,6,20,17,3,5,2,3
S01012368,85,34,51,76,30,46,58,24,34,14,4,10,4,2,2,9,4,5,8,4,4,1,0,1
S01012369,190,84,106,174,70,104,146,64,82,22,6,16,6,0,6,16,14,2,11,10,1,5,4,1
S01012370,154,76,78,134,66,68,114,58,56,14,6,8,6,2,4,20,10,10,15,7,8,5,3,2
S01012371,147,73,74,112,50,62,86,42,44,24,6,18,2,2,0,35,23,12,22,15,7,13,8,5
S01012372,90,44,46,60,24,36,50,20,30,8,4,4,2,0,2,30,20,10,15,12,3,15,8,7
S01012373,177,76,101,164,66,98,134,46,88,14,6,8,16,14,2,13,10,3,8,5,3,5,5,0
S01012374,216,114,102,176,86,90,136,68,68,34,14,20,6,4,2,40,28,12,31,20,11,9,8,1
S01012375,206,101,105,164,78,86,128,68,60,26,4,22,10,6,4,42,23,19,21,13,8,21,10,11
S01012376,206,92,114,190,86,104,154,74,80,32,12,20,4,0,4,16,6,10,12,3,9,4,3,1
S01012377,118,55,63,106,50,56,90,44,46,12,6,6,4,0,4,12,5,7,11,5,6,1,0,1
S01012378,102,52,50,92,44,48,62,34,28,28,10,18,2,0,2,10,8,2,8,6,2,2,2,0
S01012379,93,29,64,84,24,60,52,16,36,28,6,22,4,2,2,9,5,4,8,5,3,1,0,1
S01012380,187,94,93,160,78,82,126,58,68,24,12,12,10,8,2,27,16,11,23,14,9,4,2,2
S01012381,142,69,73,104,44,60,76,32,44,20,8,12,8,4,4,38,25,13,28,19,9,10,6,4
S01012382,187,87,100,174,80,94,146,72,74,28,8,20,0,0,0,13,7,6,11,6,5,2,1,1
S01012383,135,60,75,116,48,68,88,40,48,28,8,20,0,0,0,19,12,7,12,8,4,7,4,3
S01012384,93,45,48,80,42,38,66,34,32,10,4,6,4,4,0,13,3,10,9,3,6,4,0,4
S01012385,131,63,68,122,58,64,102,52,50,18,6,12,2,0,2,9,5,4,8,4,4,1,1,0
S01012386,229,114,115,176,82,94,118,62,56,42,14,28,16,6,10,53,32,21,31,22,9,22,10,12
S01012387,187,76,111,162,62,100,134,52,82,24,8,16,4,2,2,25,14,11,20,10,10,5,4,1
S01012388,146,58,88,144,56,88,122,48,74,22,8,14,0,0,0,2,2,0,2,2,0,0,0,0
S01012389,235,81,154,212,66,146,168,52,116,44,14,30,0,0,0,23,15,8,19,12,7,4,3,1
S01012390,173,75,98,164,70,94,142,62,80,22,8,14,0,0,0,9,5,4,6,4,2,3,1,2
S01012391,339,108,231,320,96,224,276,86,190,40,10,30,4,0,4,19,12,7,12,9,3,7,3,4
S01012392,185,52,133,154,34,120,130,32,98,22,0,22,2,2,0,31,18,13,25,14,11,6,4,2
S01012393,177,67,110,154,54,100,138,52,86,16,2,14,0,0,0,23,13,10,20,11,9,3,2,1
S01012394,149,80,69,100,50,50,82,40,42,16,10,6,2,0,2,49,30,19,32,23,9,17,7,10
S01012395,108,41,67,92,32,60,86,32,54,6,0,6,0,0,0,16,9,7,15,9,6,1,0,1
S01012396,125,62,63,104,48,56,80,42,38,20,6,14,4,0,4,21,14,7,15,11,4,6,3,3
S01012397,122,51,71,102,34,68,82,24,58,20,10,10,0,0,0,20,17,3,18,15,3,2,2,0
S01012398,132,66,66,110,46,64,92,40,52,16,4,12,2,2,0,22,20,2,16,14,2,6,6,0
S01012399,136,71,65,110,56,54,100,52,48,8,2,6,2,2,0,26,15,11,19,12,7,7,3,4
S01012400,111,50,61,92,38,54,80,34,46,12,4,8,0,0,0,19,12,7,14,9,5,5,3,2
S01012401,127,71,56,104,54,50,86,46,40,18,8,10,0,0,0,23,17,6,20,15,5,3,2,1
S01012402,124,47,77,112,40,72,90,34,56,20,6,14,2,0,2,12,7,5,11,7,4,1,0,1
S01012403,210,108,102,188,92,96,156,84,72,30,8,22,2,0,2,22,16,6,19,13,6,3,3,0
S01012404,183,73,110,156,56,100,122,48,74,30,8,22,4,0,4,27,17,10,23,15,8,4,2,2
S01012405,185,52,133,172,42,130,142,32,110,30,10,20,0,0,0,13,10,3,13,10,3,0,0,0
S01012406,141,50,91,130,42,88,104,32,72,20,8,12,6,2,4,11,8,3,10,7,3,1,1,0
S01012407,194,79,115,174,70,104,142,62,80,28,8,20,4,0,4,20,9,11,13,4,9,7,5,2
S01012408,153,36,117,144,32,112,114,20,94,30,12,18,0,0,0,9,4,5,9,4,5,0,0,0
S01012409,141,43,98,132,40,92,108,32,76,18,6,12,6,2,4,9,3,6,9,3,6,0,0,0
S01012410,246,108,138,220,94,126,184,86,98,30,6,24,6,2,4,26,14,12,22,13,9,4,1,3
S01012411,212,81,131,178,64,114,128,48,80,48,16,32,2,0,2,34,17,17,27,12,15,7,5,2
S01012412,128,62,66,116,58,58,82,46,36,32,10,22,2,2,0,12,4,8,10,2,8,2,2,0
S01012413,185,68,117,174,60,114,140,48,92,32,10,22,2,2,0,11,8,3,7,6,1,4,2,2
S01012414,105,37,68,94,30,64,60,26,34,26,4,22,8,0,8,11,7,4,9,6,3,2,1,1
S01012415,118,24,94,114,20,94,88,18,70,20,0,20,6,2,4,4,4,0,2,2,0,2,2,0
S01012416,100,27,73,96,24,72,76,20,56,18,4,14,2,0,2,4,3,1,1,1,0,3,2,1
S01012417,107,43,64,96,40,56,64,26,38,22,8,14,10,6,4,11,3,8,8,2,6,3,1,2
S01012418,112,41,71,98,32,66,60,24,36,30,6,24,8,2,6,14,9,5,13,8,5,1,1,0
S01012419,156,71,85,144,66,78,96,48,48,40,16,24,8,2,6,12,5,7,4,1,3,8,4,4
S01012420,175,79,96,136,60,76,96,48,48,34,10,24,6,2,4,39,19,20,24,12,12,15,7,8
S01012421,123,55,68,98,38,60,70,24,46,20,10,10,8,4,4,25,17,8,19,13,6,6,4,2
S01012422,158,79,79,130,66,64,82,42,40,42,20,22,6,4,2,28,13,15,16,8,8,12,5,7
S01012423,134,55,79,118,44,74,76,28,48,30,10,20,12,6,6,16,11,5,10,7,3,6,4,2
S01012424,200,97,103,160,74,86,116,54,62,30,16,14,14,4,10,40,23,17,27,17,10,13,6,7
S01012425,135,54,81,96,30,66,42,12,30,44,14,30,10,4,6,39,24,15,15,9,6,24,15,9
S01012426,119,54,65,86,36,50,54,16,38,20,14,6,12,6,6,33,18,15,11,10,1,22,8,14
S01012427,154,73,81,120,54,66,70,32,38,36,18,18,14,4,10,34,19,15,17,11,6,17,8,9
S01012428,145,68,77,126,62,64,82,44,38,34,12,22,10,6,4,19,6,13,14,6,8,5,0,5
S01012429,104,53,51,80,42,38,52,28,24,24,10,14,4,4,0,24,11,13,8,4,4,16,7,9
S01012430,100,47,53,80,32,48,66,24,42,10,8,2,4,0,4,20,15,5,11,9,2,9,6,3
S01012431,160,76,84,138,58,80,102,44,58,26,8,18,10,6,4,22,18,4,13,10,3,9,8,1
S01012432,114,49,65,96,38,58,62,22,40,24,10,14,10,6,4,18,11,7,12,7,5,6,4,2
S01012433,75,40,35,62,32,30,46,26,20,8,2,6,8,4,4,13,8,5,11,6,5,2,2,0
S01012434,143,85,58,106,56,50,64,34,30,30,16,14,12,6,6,37,29,8,25,20,5,12,9,3
S01012435,132,63,69,100,34,66,60,26,34,28,6,22,12,2,10,32,29,3,22,20,2,10,9,1
S01012436,175,87,88,132,60,72,78,38,40,40,12,28,14,10,4,43,27,16,20,14,6,23,13,10
S01012437,149,92,57,132,86,46,102,70,32,22,14,8,8,2,6,17,6,11,11,4,7,6,2,4
S01012438,175,63,112,148,50,98,104,32,72,36,16,20,8,2,6,27,13,14,19,9,10,8,4,4
S01012439,164,71,93,130,48,82,68,22,46,42,18,24,20,8,12,34,23,11,20,14,6,14,9,5
S01012440,93,40,53,88,38,50,74,30,44,12,8,4,2,0,2,5,2,3,3,1,2,2,1,1
S01012441,152,68,84,138,60,78,100,42,58,26,14,12,12,4,8,14,8,6,12,8,4,2,0,2
S01012442,207,94,113,164,76,88,112,54,58,50,22,28,2,0,2,43,18,25,29,12,17,14,6,8
S01012443,169,71,98,152,62,90,110,50,60,34,10,24,8,2,6,17,9,8,10,6,4,7,3,4
S01012444,132,50,82,120,44,76,80,30,50,34,10,24,6,4,2,12,6,6,8,6,2,4,0,4
S01012445,168,64,104,158,58,100,116,44,72,40,12,28,2,2,0,10,6,4,3,0,3,7,6,1
S01012446,78,51,27,60,42,18,42,30,12,14,10,4,4,2,2,18,9,9,10,4,6,8,5,3
S01012447,189,89,100,170,78,92,132,62,70,34,12,22,4,4,0,19,11,8,15,9,6,4,2,2
S01012448,247,91,156,224,80,144,168,64,104,50,16,34,6,0,6,23,11,12,16,8,8,7,3,4
S01012449,107,54,53,80,38,42,64,34,30,14,4,10,2,0,2,27,16,11,21,11,10,6,5,1
S01012450,193,84,109,180,76,104,140,62,78,36,12,24,4,2,2,13,8,5,8,6,2,5,2,3
S01012451,148,63,85,136,56,80,96,42,54,34,10,24,6,4,2,12,7,5,7,4,3,5,3,2
S01012452,107,52,55,88,40,48,66,28,38,18,10,8,4,2,2,19,12,7,17,12,5,2,0,2
S01012453,190,67,123,186,64,122,130,52,78,54,12,42,2,0,2,4,3,1,3,2,1,1,1,0
S01012454,115,42,73,106,38,68,80,28,52,26,10,16,0,0,0,9,4,5,7,4,3,2,0,2
S01012455,142,44,98,138,40,98,84,30,54,44,6,38,10,4,6,4,4,0,3,3,0,1,1,0
S01012456,152,47,105,140,42,98,98,28,70,36,8,28,6,6,0,12,5,7,10,4,6,2,1,1
S01012457,114,57,57,106,54,52,76,34,42,30,20,10,0,0,0,8,3,5,4,1,3,4,2,2
S01012458,186,82,104,172,72,100,140,62,78,26,8,18,6,2,4,14,10,4,11,7,4,3,3,0
S01012459,196,93,103,178,80,98,142,68,74,36,12,24,0,0,0,18,13,5,9,8,1,9,5,4
S01012460,94,37,57,90,34,56,70,32,38,18,2,16,2,0,2,4,3,1,1,1,0,3,2,1
S01012461,98,44,54,72,34,38,70,34,36,2,0,2,0,0,0,26,10,16,16,6,10,10,4,6
S01012462,139,92,47,94,56,38,64,42,22,20,10,10,10,4,6,45,36,9,27,21,6,18,15,3
S01012463,115,63,52,86,42,44,48,24,24,22,8,14,16,10,6,29,21,8,14,11,3,15,10,5
S01012464,131,63,68,88,40,48,50,28,22,22,8,14,16,4,12,43,23,20,21,12,9,22,11,11
S01012465,138,55,83,98,38,60,62,30,32,34,8,26,2,0,2,40,17,23,17,8,9,23,9,14
S01012466,126,63,63,94,40,54,60,28,32,30,10,20,4,2,2,32,23,9,17,14,3,15,9,6
S01012467,151,75,76,114,54,60,76,34,42,26,14,12,12,6,6,37,21,16,24,14,10,13,7,6
S01012468,163,83,80,138,70,68,100,52,48,32,14,18,6,4,2,25,13,12,15,10,5,10,3,7
S01012469,147,49,98,138,44,94,100,34,66,38,10,28,0,0,0,9,5,4,9,5,4,0,0,0
S01012470,162,85,77,124,56,68,88,36,52,30,14,16,6,6,0,38,29,9,24,18,6,14,11,3
S01012471,154,73,81,142,62,80,108,44,64,28,14,14,6,4,2,12,11,1,11,10,1,1,1,0
S01012472,133,58,75,122,50,72,96,46,50,22,4,18,4,0,4,11,8,3,8,6,2,3,2,1
S01012473,124,63,61,120,60,60,92,48,44,22,6,16,6,6,0,4,3,1,4,3,1,0,0,0
S01012474,99,43,56,76,28,48,54,24,30,22,4,18,0,0,0,23,15,8,15,9,6,8,6,2
S01012475,104,58,46,94,52,42,74,38,36,16,12,4,4,2,2,10,6,4,6,4,2,4,2,2
S01012476,189,87,102,132,52,80,102,46,56,26,6,20,4,0,4,57,35,22,33,21,12,24,14,10
S01012477,138,71,67,120,58,62,106,54,52,14,4,10,0,0,0,18,13,5,15,10,5,3,3,0
S01012478,171,81,90,130,56,74,102,46,56,22,6,16,6,4,2,41,25,16,28,21,7,13,4,9
S01012479,165,75,90,150,66,84,122,50,72,28,16,12,0,0,0,15,9,6,11,8,3,4,1,3
S01012480,45,35,10,28,22,6,14,12,2,12,8,4,2,2,0,17,13,4,10,8,2,7,5,2
S01012481,107,52,55,86,38,48,58,24,34,22,10,12,6,4,2,21,14,7,18,13,5,3,1,2
S01012482,80,29,51,70,26,44,52,20,32,18,6,12,0,0,0,10,3,7,7,3,4,3,0,3
S01012483,92,58,34,68,40,28,40,20,20,20,14,6,8,6,2,24,18,6,12,10,2,12,8,4
S01012484,155,52,103,138,44,94,108,38,70,28,6,22,2,0,2,17,8,9,10,6,4,7,2,5
S01012485,133,54,79,108,40,68,70,24,46,38,16,22,0,0,0,25,14,11,14,11,3,11,3,8
S01012486,74,25,49,66,22,44,56,14,42,8,6,2,2,2,0,8,3,5,6,1,5,2,2,0
S01012487,105,63,42,86,48,38,64,38,26,20,10,10,2,0,2,19,15,4,11,10,1,8,5,3
S01012488,140,88,52,120,72,48,84,54,30,22,10,12,14,8,6,20,16,4,13,11,2,7,5,2
S01012489,181,105,76,94,56,38,46,32,14,32,18,14,16,6,10,87,49,38,36,26,10,51,23,28
S01012490,142,101,41,94,62,32,52,32,20,22,14,8,20,16,4,48,39,9,24,20,4,24,19,5
S01012491,83,49,34,46,24,22,24,12,12,14,8,6,8,4,4,37,25,12,15,12,3,22,13,9
S01012492,95,67,28,62,38,24,30,14,16,22,14,8,10,10,0,33,29,4,11,10,1,22,19,3
S01012493,62,34,28,54,30,24,36,18,18,12,6,6,6,6,0,8,4,4,4,2,2,4,2,2
S01012494,173,87,86,130,68,62,96,58,38,22,6,16,12,4,8,43,19,24,33,15,18,10,4,6
S01012495,181,113,68,128,78,50,90,58,32,28,12,16,10,8,2,53,35,18,31,22,9,22,13,9
S01012496,126,60,66,86,40,46,52,28,24,28,12,16,6,0,6,40,20,20,21,13,8,19,7,12
S01012497,76,43,33,50,26,24,30,14,16,16,10,6,4,2,2,26,17,9,18,13,5,8,4,4
S01012498,198,92,106,130,56,74,50,28,22,46,16,30,34,12,22,68,36,32,29,20,9,39,16,23
S01012499,160,82,78,92,44,48,42,22,20,34,16,18,16,6,10,68,38,30,36,23,13,32,15,17
S01012500,91,43,48,54,20,34,36,10,26,14,8,6,4,2,2,37,23,14,18,12,6,19,11,8
S01012501,141,69,72,74,32,42,18,14,4,38,14,24,18,4,14,67,37,30,31,17,14,36,20,16
S01012502,202,95,107,112,44,68,36,10,26,42,14,28,34,20,14,90,51,39,41,26,15,49,25,24
S01012503,117,49,68,76,24,52,42,14,28,24,10,14,10,0,10,41,25,16,22,11,11,19,14,5
S01012504,145,78,67,88,42,46,44,24,20,36,12,24,8,6,2,57,36,21,23,15,8,34,21,13
S01012505,172,102,70,110,54,56,64,34,30,40,18,22,6,2,4,62,48,14,34,28,6,28,20,8
S01012506,83,46,37,72,40,32,56,30,26,14,8,6,2,2,0,11,6,5,4,2,2,7,4,3
S01012507,163,100,63,126,66,60,82,42,40,36,18,18,8,6,2,37,34,3,28,26,2,9,8,1
S01012508,135,76,59,108,60,48,86,44,42,18,12,6,4,4,0,27,16,11,16,9,7,11,7,4
S01012509,99,45,54,88,38,50,66,32,34,20,4,16,2,2,0,11,7,4,5,3,2,6,4,2
S01012510,208,105,103,186,92,94,148,74,74,30,14,16,8,4,4,22,13,9,17,9,8,5,4,1
S01012511,102,49,53,88,38,50,70,32,38,18,6,12,0,0,0,14,11,3,14,11,3,0,0,0
S01012512,167,68,99,132,46,86,84,38,46,32,2,30,16,6,10,35,22,13,16,11,5,19,11,8
S01012513,128,67,61,104,52,52,92,50,42,12,2,10,0,0,0,24,15,9,19,11,8,5,4,1
S01012514,317,164,153,270,130,140,224,106,118,38,20,18,8,4,4,47,34,13,39,29,10,8,5,3
S01012515,94,45,49,68,28,40,44,20,24,16,4,12,8,4,4,26,17,9,17,11,6,9,6,3
S01012516,155,76,79,120,54,66,82,36,46,32,18,14,6,0,6,35,22,13,21,11,10,14,11,3
S01012517,196,97,99,160,70,90,104,42,62,48,22,26,8,6,2,36,27,9,16,13,3,20,14,6
S01012518,104,52,52,92,44,48,76,40,36,12,2,10,4,2,2,12,8,4,9,7,2,3,1,2
S01012519,78,43,35,64,34,30,46,28,18,16,4,12,2,2,0,14,9,5,9,4,5,5,5,0
S01012520,137,48,89,126,40,86,96,30,66,22,6,16,8,4,4,11,8,3,9,6,3,2,2,0
S01012521,79,27,52,66,22,44,50,22,28,14,0,14,2,0,2,13,5,8,8,3,5,5,2,3
S01012522,163,66,97,152,58,94,108,44,64,36,10,26,8,4,4,11,8,3,10,8,2,1,0,1
S01012523,153,62,91,138,54,84,114,48,66,22,4,18,2,2,0,15,8,7,11,5,6,4,3,1
S01012524,120,53,67,112,48,64,90,38,52,20,8,12,2,2,0,8,5,3,6,3,3,2,2,0
S01012525,126,71,55,116,62,54,94,50,44,18,10,8,4,2,2,10,9,1,6,6,0,4,3,1
S01012526,149,57,92,138,50,88,114,46,68,24,4,20,0,0,0,11,7,4,10,6,4,1,1,0
S01012527,100,47,53,92,44,48,84,40,44,8,4,4,0,0,0,8,3,5,5,2,3,3,1,2
S01012528,183,80,103,148,60,88,120,50,70,22,8,14,6,2,4,35,20,15,27,15,12,8,5,3
S01012529,134,74,60,98,50,48,74,40,34,20,8,12,4,2,2,36,24,12,18,12,6,18,12,6
S01012530,144,61,83,134,58,76,114,54,60,16,2,14,4,2,2,10,3,7,7,2,5,3,1,2
S01012531,181,106,75,158,90,68,132,74,58,24,16,8,2,0,2,23,16,7,14,10,4,9,6,3
S01012532,171,77,94,154,64,90,114,42,72,30,16,14,10,6,4,17,13,4,9,7,2,8,6,2
S01012533,75,32,43,62,24,38,44,20,24,16,4,12,2,0,2,13,8,5,6,4,2,7,4,3
S01012534,102,47,55,84,40,44,52,32,20,24,6,18,8,2,6,18,7,11,14,5,9,4,2,2
S01012535,184,107,77,148,80,68,108,60,48,34,18,16,6,2,4,36,27,9,22,17,5,14,10,4
S01012536,152,82,70,114,62,52,74,42,32,32,14,18,8,6,2,38,20,18,26,14,12,12,6,6
S01012537,127,52,75,102,34,68,62,24,38,34,6,28,6,4,2,25,18,7,16,10,6,9,8,1
S01012538,261,137,124,200,104,96,130,68,62,52,28,24,18,8,10,61,33,28,38,25,13,23,8,15
S01012539,129,58,71,104,40,64,88,32,56,10,4,6,6,4,2,25,18,7,17,11,6,8,7,1
S01012540,152,74,78,120,54,66,78,34,44,28,12,16,14,8,6,32,20,12,14,10,4,18,10,8
S01012541,227,86,141,192,70,122,148,54,94,38,12,26,6,4,2,35,16,19,29,12,17,6,4,2
S01012542,179,83,96,158,72,86,116,56,60,38,12,26,4,4,0,21,11,10,17,9,8,4,2,2
S01012543,166,80,86,148,68,80,92,50,42,50,18,32,6,0,6,18,12,6,15,11,4,3,1,2
S01012544,191,80,111,156,58,98,114,42,72,34,12,22,8,4,4,35,22,13,26,20,6,9,2,7
S01012545,106,58,48,86,46,40,58,32,26,18,10,8,10,4,6,20,12,8,13,7,6,7,5,2
S01012546,192,95,97,160,76,84,112,60,52,34,10,24,14,6,8,32,19,13,18,10,8,14,9,5
S01012547,138,57,81,128,52,76,84,34,50,32,10,22,12,8,4,10,5,5,6,5,1,4,0,4
S01012548,144,60,84,134,50,84,90,34,56,34,10,24,10,6,4,10,10,0,8,8,0,2,2,0
S01012549,117,64,53,86,44,42,58,30,28,22,14,8,6,0,6,31,20,11,20,13,7,11,7,4
S01012550,177,83,94,132,58,74,84,40,44,36,14,22,12,4,8,45,25,20,29,14,15,16,11,5
S01012551,173,74,99,156,62,94,130,52,78,24,10,14,2,0,2,17,12,5,13,10,3,4,2,2
S01012552,198,78,120,186,70,116,146,60,86,38,8,30,2,2,0,12,8,4,8,6,2,4,2,2
S01012553,232,103,129,208,90,118,164,76,88,44,14,30,0,0,0,24,13,11,16,12,4,8,1,7
S01012554,93,38,55,80,28,52,58,22,36,22,6,16,0,0,0,13,10,3,9,8,1,4,2,2
S01012555,139,65,74,130,60,70,100,48,52,28,12,16,2,0,2,9,5,4,7,3,4,2,2,0
S01012556,103,46,57,98,42,56,84,36,48,10,4,6,4,2,2,5,4,1,5,4,1,0,0,0
S01012557,112,41,71,104,38,66,78,24,54,22,10,12,4,4,0,8,3,5,5,2,3,3,1,2
S01012558,115,78,37,86,54,32,66,46,20,14,2,12,6,6,0,29,24,5,19,17,2,10,7,3
S01012559,116,73,43,80,48,32,46,36,10,24,10,14,10,2,8,36,25,11,25,19,6,11,6,5
S01012560,120,49,71,100,38,62,64,30,34,32,6,26,4,2,2,20,11,9,14,9,5,6,2,4
S01012561,166,78,88,138,58,80,92,42,50,44,14,30,2,2,0,28,20,8,21,14,7,7,6,1
S01012562,124,79,45,88,56,32,54,38,16,30,18,12,4,0,4,36,23,13,19,13,6,17,10,7
S01012563,104,44,60,102,44,58,78,30,48,20,12,8,4,2,2,2,0,2,1,0,1,1,0,1
S01012564,153,72,81,142,64,78,112,58,54,26,6,20,4,0,4,11,8,3,10,8,2,1,0,1
S01012565,137,57,80,122,46,76,88,34,54,26,8,18,8,4,4,15,11,4,13,10,3,2,1,1
S01012566,92,56,36,66,32,34,42,22,20,24,10,14,0,0,0,26,24,2,18,17,1,8,7,1
S01012567,169,99,70,122,62,60,78,36,42,28,12,16,16,14,2,47,37,10,28,23,5,19,14,5
S01012568,119,44,75,110,40,70,76,28,48,34,12,22,0,0,0,9,4,5,6,2,4,3,2,1
S01012569,125,50,75,116,46,70,84,34,50,30,10,20,2,2,0,9,4,5,6,3,3,3,1,2
S01012570,90,50,40,78,40,38,54,28,26,24,12,12,0,0,0,12,10,2,11,9,2,1,1,0
S01012571,161,84,77,140,72,68,106,54,52,32,16,16,2,2,0,21,12,9,14,11,3,7,1,6
S01012572,100,39,61,88,32,56,52,12,40,28,18,10,8,2,6,12,7,5,5,4,1,7,3,4
S01012573,173,65,108,164,62,102,116,46,70,48,16,32,0,0,0,9,3,6,8,3,5,1,0,1
S01012574,178,53,125,164,46,118,130,32,98,32,12,20,2,2,0,14,7,7,10,6,4,4,1,3
S01012575,136,52,84,118,42,76,94,34,60,24,8,16,0,0,0,18,10,8,15,9,6,3,1,2
S01012576,136,44,92,124,38,86,104,30,74,18,6,12,2,2,0,12,6,6,8,4,4,4,2,2
S01012577,172,74,98,152,68,84,116,50,66,32,16,16,4,2,2,20,6,14,15,3,12,5,3,2
S01012578,166,62,104,150,52,98,114,44,70,34,6,28,2,2,0,16,10,6,12,9,3,4,1,3
S01012579,168,69,99,140,54,86,84,34,50,42,14,28,14,6,8,28,15,13,17,9,8,11,6,5
S01012580,155,60,95,148,56,92,88,34,54,46,16,30,14,6,8,7,4,3,5,3,2,2,1,1
S01012581,159,68,91,118,46,72,72,32,40,32,12,20,14,2,12,41,22,19,16,8,8,25,14,11
S01012582,216,84,132,196,76,120,152,60,92,38,14,24,6,2,4,20,8,12,17,8,9,3,0,3
S01012583,141,84,57,120,74,46,98,64,34,18,8,10,4,2,2,21,10,11,12,7,5,9,3,6
S01012584,135,60,75,108,44,64,72,36,36,36,8,28,0,0,0,27,16,11,23,13,10,4,3,1
S01012585,172,88,84,128,58,70,88,42,46,32,12,20,8,4,4,44,30,14,28,21,7,16,9,7
S01012586,199,95,104,182,86,96,140,62,78,38,20,18,4,4,0,17,9,8,10,6,4,7,3,4
S01012587,182,86,96,166,80,86,124,62,62,40,16,24,2,2,0,16,6,10,13,6,7,3,0,3
S01012588,149,75,74,138,68,70,106,60,46,26,6,20,6,2,4,11,7,4,9,7,2,2,0,2
S01012589,138,67,71,110,50,60,82,42,40,20,6,14,8,2,6,28,17,11,16,11,5,12,6,6
S01012590,149,85,64,116,60,56,70,36,34,28,20,8,18,4,14,33,25,8,13,11,2,20,14,6
S01012591,139,59,80,108,38,70,66,26,40,32,8,24,10,4,6,31,21,10,13,11,2,18,10,8
S01012592,140,60,80,134,56,78,98,44,54,34,12,22,2,0,2,6,4,2,4,3,1,2,1,1
S01012593,212,109,103,198,100,98,166,82,84,32,18,14,0,0,0,14,9,5,10,8,2,4,1,3
S01012594,96,43,53,80,34,46,54,18,36,26,16,10,0,0,0,16,9,7,7,4,3,9,5,4
S01012595,86,36,50,64,24,40,36,16,20,24,6,18,4,2,2,22,12,10,12,5,7,10,7,3
S01012596,201,113,88,146,78,68,88,56,32,50,18,32,8,4,4,55,35,20,32,22,10,23,13,10
S01012597,147,84,63,134,80,54,114,64,50,14,10,4,6,6,0,13,4,9,7,3,4,6,1,5
S01012598,111,53,58,100,46,54,80,40,40,18,4,14,2,2,0,11,7,4,8,6,2,3,1,2
S01012599,102,36,66,86,26,60,56,20,36,22,4,18,8,2,6,16,10,6,9,6,3,7,4,3
S01012600,128,56,72,114,46,68,98,38,60,16,8,8,0,0,0,14,10,4,10,6,4,4,4,0
S01012601,220,100,120,200,88,112,178,78,100,18,6,12,4,4,0,20,12,8,16,11,5,4,1,3
S01012602,68,35,33,54,22,32,36,12,24,18,10,8,0,0,0,14,13,1,7,7,0,7,6,1
S01012603,85,45,40,74,38,36,62,34,28,8,4,4,4,0,4,11,7,4,7,4,3,4,3,1
S01012604,107,42,65,82,30,52,56,26,30,22,4,18,4,0,4,25,12,13,13,7,6,12,5,7
S01012605,104,62,42,82,50,32,60,40,20,14,6,8,8,4,4,22,12,10,13,8,5,9,4,5
S01012606,278,103,175,272,100,172,238,86,152,34,14,20,0,0,0,6,3,3,4,2,2,2,1,1
S01012607,151,80,71,130,64,66,108,56,52,12,6,6,10,2,8,21,16,5,8,7,1,13,9,4
S01012608,167,91,76,140,74,66,106,58,48,20,8,12,14,8,6,27,17,10,15,10,5,12,7,5
S01012609,163,86,77,114,54,60,78,38,40,32,16,16,4,0,4,49,32,17,21,15,6,28,17,11
S01012610,212,125,87,138,82,56,64,42,22,52,26,26,22,14,8,74,43,31,40,24,16,34,19,15
S01012611,148,79,69,128,68,60,104,56,48,22,12,10,2,0,2,20,11,9,10,5,5,10,6,4
S01012612,158,61,97,134,52,82,64,26,38,48,20,28,22,6,16,24,9,15,12,5,7,12,4,8
S01012613,130,64,66,98,46,52,60,26,34,26,12,14,12,8,4,32,18,14,23,12,11,9,6,3
S01012614,191,101,90,152,76,76,110,52,58,34,18,16,8,6,2,39,25,14,25,17,8,14,8,6
S01012615,131,56,75,118,50,68,96,42,54,20,6,14,2,2,0,13,6,7,10,5,5,3,1,2
S01012616,208,73,135,184,60,124,134,42,92,38,10,28,12,8,4,24,13,11,14,10,4,10,3,7
S01012617,75,42,33,66,36,30,50,30,20,14,6,8,2,0,2,9,6,3,7,4,3,2,2,0
S01012618,117,51,66,100,42,58,80,38,42,12,2,10,8,2,6,17,9,8,13,8,5,4,1,3
S01012619,62,36,26,46,28,18,36,22,14,4,2,2,6,4,2,16,8,8,7,3,4,9,5,4
S01012620,131,50,81,120,44,76,100,32,68,18,10,8,2,2,0,11,6,5,9,4,5,2,2,0
S01012621,81,30,51,72,28,44,62,24,38,10,4,6,0,0,0,9,2,7,8,1,7,1,1,0
S01012622,154,72,82,132,58,74,104,48,56,22,10,12,6,0,6,22,14,8,20,13,7,2,1,1
S01012623,107,57,50,76,34,42,46,20,26,26,12,14,4,2,2,31,23,8,15,10,5,16,13,3
S01012624,137,56,81,102,34,68,74,24,50,24,10,14,4,0,4,35,22,13,20,12,8,15,10,5
S01012625,93,51,42,74,36,38,62,26,36,12,10,2,0,0,0,19,15,4,15,11,4,4,4,0
S01012626,85,34,51,74,30,44,52,18,34,18,8,10,4,4,0,11,4,7,10,4,6,1,0,1
S01012627,110,55,55,82,38,44,50,24,26,28,12,16,4,2,2,28,17,11,15,10,5,13,7,6
S01012628,277,115,162,268,110,158,196,82,114,68,26,42,4,2,2,9,5,4,8,4,4,1,1,0
S01012629,112,59,53,104,52,52,88,48,40,14,4,10,2,0,2,8,7,1,5,5,0,3,2,1
S01012630,69,39,30,48,24,24,36,20,16,8,4,4,4,0,4,21,15,6,12,9,3,9,6,3
S01012631,224,106,118,172,74,98,116,54,62,34,8,26,22,12,10,52,32,20,28,20,8,24,12,12
S01012632,150,69,81,136,62,74,104,46,58,26,10,16,6,6,0,14,7,7,8,7,1,6,0,6
S01012633,132,62,70,122,56,66,86,34,52,30,20,10,6,2,4,10,6,4,5,3,2,5,3,2
S01012634,117,46,71,88,26,62,52,20,32,22,0,22,14,6,8,29,20,9,21,14,7,8,6,2
S01012635,264,147,117,234,128,106,184,102,82,44,22,22,6,4,2,30,19,11,13,9,4,17,10,7
S01012636,135,75,60,120,64,56,96,56,40,20,4,16,4,4,0,15,11,4,12,9,3,3,2,1
S01012637,197,87,110,152,64,88,90,38,52,46,16,30,16,10,6,45,23,22,22,11,11,23,12,11
S01012638,180,85,95,152,70,82,106,44,62,26,16,10,20,10,10,28,15,13,16,8,8,12,7,5
S01012639,191,97,94,158,78,80,116,62,54,32,10,22,10,6,4,33,19,14,19,14,5,14,5,9
S01012640,156,64,92,108,36,72,50,24,26,32,4,28,26,8,18,48,28,20,22,13,9,26,15,11
S01012641,186,90,96,146,68,78,114,56,58,26,10,16,6,2,4,40,22,18,27,13,14,13,9,4
S01012642,155,65,90,104,38,66,52,28,24,32,6,26,20,4,16,51,27,24,24,13,11,27,14,13
S01012643,99,50,49,76,44,32,46,32,14,24,8,16,6,4,2,23,6,17,9,2,7,14,4,10
S01012644,184,94,90,148,72,76,100,56,44,38,10,28,10,6,4,36,22,14,20,12,8,16,10,6
S01012645,170,77,93,158,74,84,126,58,68,26,14,12,6,2,4,12,3,9,6,1,5,6,2,4
S01012646,237,85,152,220,82,138,172,70,102,46,10,36,2,2,0,17,3,14,11,3,8,6,0,6
S01012647,243,121,122,220,110,110,164,90,74,50,16,34,6,4,2,23,11,12,15,9,6,8,2,6
S01012648,116,57,59,78,34,44,52,24,28,20,6,14,6,4,2,38,23,15,19,14,5,19,9,10
S01012649,144,73,71,114,50,64,78,38,40,28,8,20,8,4,4,30,23,7,18,15,3,12,8,4
S01012650,101,39,62,90,34,56,68,28,40,22,6,16,0,0,0,11,5,6,6,2,4,5,3,2
S01012651,119,56,63,84,36,48,52,20,32,14,6,8,18,10,8,35,20,15,21,14,7,14,6,8
S01012652,200,100,100,184,90,94,146,68,78,30,16,14,8,6,2,16,10,6,12,8,4,4,2,2
S01012653,205,107,98,160,78,82,98,54,44,42,14,28,20,10,10,45,29,16,22,17,5,23,12,11
S01012654,177,77,100,160,68,92,114,50,64,38,12,26,8,6,2,17,9,8,10,5,5,7,4,3
S01012655,197,107,90,156,82,74,122,68,54,26,8,18,8,6,2,41,25,16,24,17,7,17,8,9
S01012656,149,62,87,112,42,70,76,28,48,24,10,14,12,4,8,37,20,17,19,11,8,18,9,9
S01012657,116,75,41,88,54,34,62,38,24,18,8,10,8,8,0,28,21,7,17,13,4,11,8,3
S01012658,165,86,79,146,74,72,116,56,60,26,14,12,4,4,0,19,12,7,15,9,6,4,3,1
S01012659,351,134,217,326,114,212,276,102,174,44,10,34,6,2,4,25,20,5,21,17,4,4,3,1
S01012660,140,77,63,108,52,56,80,46,34,24,6,18,4,0,4,32,25,7,22,18,4,10,7,3
S01012661,130,74,56,110,60,50,88,56,32,18,4,14,4,0,4,20,14,6,11,9,2,9,5,4
S01012662,120,78,42,84,52,32,64,36,28,12,10,2,8,6,2,36,26,10,18,14,4,18,12,6
S01012663,123,71,52,104,62,42,90,54,36,12,6,6,2,2,0,19,9,10,14,7,7,5,2,3
S01012664,168,100,68,138,80,58,112,64,48,24,16,8,2,0,2,30,20,10,17,13,4,13,7,6
S01012665,149,86,63,88,42,46,54,30,24,24,10,14,10,2,8,61,44,17,32,24,8,29,20,9
S01012666,97,56,41,58,34,24,28,20,8,28,12,16,2,2,0,39,22,17,22,12,10,17,10,7
S01012667,114,60,54,78,32,46,44,18,26,22,8,14,12,6,6,36,28,8,20,18,2,16,10,6
S01012668,173,89,84,128,60,68,74,38,36,32,12,20,22,10,12,45,29,16,23,18,5,22,11,11
S01012669,141,64,77,126,56,70,100,46,54,26,10,16,0,0,0,15,8,7,13,8,5,2,0,2
S01012670,135,84,51,124,76,48,106,68,38,16,6,10,2,2,0,11,8,3,10,7,3,1,1,0
S01012671,199,94,105,158,68,90,128,52,76,24,10,14,6,6,0,41,26,15,25,17,8,16,9,7
S01012672,141,80,61,94,52,42,44,30,14,40,16,24,10,6,4,47,28,19,18,9,9,29,19,10
S01012673,98,61,37,44,30,14,26,18,8,12,10,2,6,2,4,54,31,23,19,15,4,35,16,19
S01012674,132,57,75,92,36,56,38,12,26,28,6,22,26,18,8,40,21,19,18,12,6,22,9,13
S01012675,138,79,59,94,50,44,62,36,26,16,6,10,16,8,8,44,29,15,22,14,8,22,15,7
S01012676,200,83,117,158,62,96,104,38,66,44,18,26,10,6,4,42,21,21,27,16,11,15,5,10
S01012677,104,41,63,78,28,50,46,20,26,22,6,16,10,2,8,26,13,13,16,10,6,10,3,7
S01012678,186,95,91,158,80,78,128,64,64,26,12,14,4,4,0,28,15,13,23,11,12,5,4,1
S01012679,141,73,68,116,54,62,98,44,54,18,10,8,0,0,0,25,19,6,12,10,2,13,9,4
S01012680,147,76,71,134,66,68,118,58,60,12,6,6,4,2,2,13,10,3,8,7,1,5,3,2
S01012681,146,59,87,118,48,70,84,38,46,22,6,16,12,4,8,28,11,17,20,8,12,8,3,5
S01012682,110,39,71,96,34,62,82,28,54,14,6,8,0,0,0,14,5,9,12,4,8,2,1,1
S01012683,169,88,81,130,66,64,92,48,44,26,12,14,12,6,6,39,22,17,24,12,12,15,10,5
S01012684,136,51,85,118,42,76,92,34,58,24,8,16,2,0,2,18,9,9,12,3,9,6,6,0
S01012685,169,85,84,126,60,66,80,42,38,40,16,24,6,2,4,43,25,18,27,16,11,16,9,7
S01012686,193,90,103,168,74,94,128,58,70,38,14,24,2,2,0,25,16,9,16,10,6,9,6,3
S01012687,91,33,58,84,30,54,64,26,38,20,4,16,0,0,0,7,3,4,6,3,3,1,0,1
S01012688,112,44,68,88,30,58,74,24,50,10,4,6,4,2,2,24,14,10,15,10,5,9,4,5
S01012689,99,37,62,82,26,56,54,18,36,26,8,18,2,0,2,17,11,6,16,11,5,1,0,1
S01012690,119,36,83,110,32,78,84,26,58,24,6,18,2,0,2,9,4,5,6,3,3,3,1,2
S01012691,197,71,126,178,64,114,140,44,96,36,20,16,2,0,2,19,7,12,16,6,10,3,1,2
S01012692,153,66,87,124,40,84,100,32,68,20,8,12,4,0,4,29,26,3,24,22,2,5,4,1
S01012693,247,88,159,226,76,150,184,58,126,42,18,24,0,0,0,21,12,9,17,10,7,4,2,2
S01012694,117,30,87,102,24,78,84,20,64,14,4,10,4,0,4,15,6,9,13,5,8,2,1,1
S01012695,188,60,128,174,58,116,120,38,82,36,12,24,18,8,10,14,2,12,8,1,7,6,1,5
S01012696,154,59,95,146,54,92,102,36,66,44,18,26,0,0,0,8,5,3,8,5,3,0,0,0
S01012697,114,42,72,104,38,66,88,34,54,16,4,12,0,0,0,10,4,6,7,3,4,3,1,2
S01012698,108,41,67,98,36,62,86,34,52,12,2,10,0,0,0,10,5,5,8,4,4,2,1,1
S01012699,226,104,122,184,82,102,140,62,78,42,20,22,2,0,2,42,22,20,26,15,11,16,7,9
S01012700,195,72,123,174,62,112,126,48,78,34,10,24,14,4,10,21,10,11,17,7,10,4,3,1
S01012701,116,55,61,106,52,54,76,38,38,26,10,16,4,4,0,10,3,7,9,3,6,1,0,1
S01012702,123,63,60,108,52,56,74,34,40,30,16,14,4,2,2,15,11,4,11,8,3,4,3,1
S01012703,180,73,107,168,68,100,146,56,90,22,12,10,0,0,0,12,5,7,6,2,4,6,3,3
S01012704,193,101,92,150,78,72,116,68,48,28,8,20,6,2,4,43,23,20,22,12,10,21,11,10
S01012705,251,98,153,236,86,150,196,76,120,40,10,30,0,0,0,15,12,3,10,8,2,5,4,1
S01012706,145,73,72,106,48,58,66,36,30,26,6,20,14,6,8,39,25,14,28,21,7,11,4,7
S01012707,218,91,127,208,84,124,182,76,106,20,4,16,6,4,2,10,7,3,9,6,3,1,1,0
S01012708,155,91,64,108,62,46,62,36,26,32,14,18,14,12,2,47,29,18,30,16,14,17,13,4
S01012709,81,37,44,58,24,34,38,16,22,18,8,10,2,0,2,23,13,10,14,7,7,9,6,3
S01012710,115,69,46,84,48,36,66,40,26,14,8,6,4,0,4,31,21,10,16,10,6,15,11,4
S01012711,108,64,44,66,36,30,44,22,22,18,10,8,4,4,0,42,28,14,28,18,10,14,10,4
S01012712,188,61,127,170,54,116,134,36,98,32,16,16,4,2,2,18,7,11,12,5,7,6,2,4
S01012713,130,55,75,120,48,72,88,40,48,26,6,20,6,2,4,10,7,3,8,6,2,2,1,1
S01012714,100,42,58,96,40,56,78,32,46,16,6,10,2,2,0,4,2,2,3,1,2,1,1,0
S01012715,87,59,28,54,34,20,36,26,10,18,8,10,0,0,0,33,25,8,17,14,3,16,11,5
S01012716,118,45,73,108,38,70,72,22,50,32,12,20,4,4,0,10,7,3,8,6,2,2,1,1
S01012717,89,44,45,70,30,40,52,24,28,18,6,12,0,0,0,19,14,5,9,8,1,10,6,4
S01012718,139,70,69,112,52,60,84,36,48,22,12,10,6,4,2,27,18,9,18,13,5,9,5,4
S01012719,108,61,47,82,42,40,48,26,22,22,10,12,12,6,6,26,19,7,19,14,5,7,5,2
S01012720,54,28,26,42,20,22,30,12,18,12,8,4,0,0,0,12,8,4,11,7,4,1,1,0
S01012721,132,73,59,114,62,52,92,48,44,20,12,8,2,2,0,18,11,7,11,9,2,7,2,5
S01012722,129,75,54,90,48,42,52,26,26,30,20,10,8,2,6,39,27,12,24,17,7,15,10,5
S01012723,106,52,54,66,24,42,42,20,22,14,2,12,10,2,8,40,28,12,24,16,8,16,12,4
S01012724,107,61,46,80,42,38,72,40,32,8,2,6,0,0,0,27,19,8,18,10,8,9,9,0
S01012725,158,86,72,134,70,64,106,54,52,22,12,10,6,4,2,24,16,8,15,10,5,9,6,3
S01012726,122,54,68,94,38,56,58,26,32,30,12,18,6,0,6,28,16,12,17,10,7,11,6,5
S01012727,137,68,69,88,38,50,50,20,30,22,10,12,16,8,8,49,30,19,22,15,7,27,15,12
S01012728,194,91,103,108,40,68,60,26,34,38,14,24,10,0,10,86,51,35,34,23,11,52,28,24
S01012729,189,98,91,146,68,78,116,54,62,28,12,16,2,2,0,43,30,13,31,18,13,12,12,0
S01012730,118,64,54,94,48,46,62,40,22,24,6,18,8,2,6,24,16,8,13,7,6,11,9,2
S01012731,180,86,94,140,62,78,100,48,52,34,12,22,6,2,4,40,24,16,21,16,5,19,8,11
S01012732,145,86,59,106,60,46,74,46,28,30,14,16,2,0,2,39,26,13,31,23,8,8,3,5
S01012733,375,146,229,346,132,214,290,114,176,54,16,38,2,2,0,29,14,15,25,14,11,4,0,4
S01012734,245,85,160,232,80,152,192,68,124,36,10,26,4,2,2,13,5,8,13,5,8,0,0,0
S01012735,91,49,42,68,34,34,46,24,22,16,10,6,6,0,6,23,15,8,12,8,4,11,7,4
S01012736,230,106,124,188,82,106,148,66,82,36,14,22,4,2,2,42,24,18,29,17,12,13,7,6
S01012737,191,82,109,166,68,98,126,62,64,38,4,34,2,2,0,25,14,11,20,14,6,5,0,5
S01012738,126,63,63,92,42,50,52,24,28,28,14,14,12,4,8,34,21,13,26,18,8,8,3,5
S01012739,292,150,142,280,144,136,204,100,104,66,36,30,10,8,2,12,6,6,10,5,5,2,1,1
S01012740,309,137,172,280,122,158,218,98,120,52,22,30,10,2,8,29,15,14,25,13,12,4,2,2
S01012741,101,66,35,90,56,34,72,50,22,18,6,12,0,0,0,11,10,1,10,9,1,1,1,0
S01012742,123,56,67,106,46,60,86,38,48,18,6,12,2,2,0,17,10,7,15,10,5,2,0,2
S01012743,103,55,48,94,50,44,82,44,38,12,6,6,0,0,0,9,5,4,8,5,3,1,0,1
S01012744,136,67,69,128,60,68,120,58,62,8,2,6,0,0,0,8,7,1,8,7,1,0,0,0
S01012745,134,68,66,122,62,60,104,54,50,16,8,8,2,0,2,12,6,6,8,4,4,4,2,2
S01012746,185,97,88,168,86,82,134,76,58,34,10,24,0,0,0,17,11,6,12,7,5,5,4,1
S01012747,166,76,90,130,56,74,86,44,42,36,12,24,8,0,8,36,20,16,18,12,6,18,8,10
S01012748,161,78,83,88,42,46,42,20,22,22,10,12,24,12,12,73,36,37,37,22,15,36,14,22
S01012749,210,120,90,134,74,60,56,22,34,60,40,20,18,12,6,76,46,30,37,22,15,39,24,15
S01012750,169,90,79,110,54,56,52,32,20,38,16,22,20,6,14,59,36,23,32,19,13,27,17,10
S01012751,141,89,52,112,64,48,80,50,30,22,10,12,10,4,6,29,25,4,14,11,3,15,14,1
S01012752,169,89,80,112,50,62,88,44,44,22,4,18,2,2,0,57,39,18,36,26,10,21,13,8
S01012753,104,59,45,60,32,28,36,24,12,18,6,12,6,2,4,44,27,17,27,21,6,17,6,11
S01012754,85,56,29,68,44,24,44,28,16,20,16,4,4,0,4,17,12,5,10,9,1,7,3,4
S01012755,83,43,40,48,22,26,32,16,16,14,4,10,2,2,0,35,21,14,22,11,11,13,10,3
S01012756,42,22,20,34,18,16,26,14,12,8,4,4,0,0,0,8,4,4,6,3,3,2,1,1
S01012757,64,37,27,42,22,20,32,20,12,8,2,6,2,0,2,22,15,7,16,10,6,6,5,1
S01012758,114,53,61,88,38,50,62,28,34,18,4,14,8,6,2,26,15,11,13,9,4,13,6,7
S01012759,125,54,71,82,26,56,46,14,32,30,10,20,6,2,4,43,28,15,27,19,8,16,9,7
S01012760,205,100,105,124,58,66,74,42,32,36,10,26,14,6,8,81,42,39,38,22,16,43,20,23
S01012761,124,74,50,98,58,40,70,42,28,22,12,10,6,4,2,26,16,10,15,8,7,11,8,3
S01012762,111,65,46,80,42,38,70,40,30,8,2,6,2,0,2,31,23,8,24,18,6,7,5,2
S01012763,65,38,27,42,22,20,28,16,12,12,4,8,2,2,0,23,16,7,16,12,4,7,4,3
S01012764,155,83,72,108,54,54,74,38,36,30,12,18,4,4,0,47,29,18,25,16,9,22,13,9
S01012765,142,62,80,112,44,68,86,34,52,20,6,14,6,4,2,30,18,12,21,11,10,9,7,2
S01012766,214,86,128,164,58,106,126,48,78,28,6,22,10,4,6,50,28,22,31,20,11,19,8,11
S01012767,117,56,61,110,52,58,88,44,44,22,8,14,0,0,0,7,4,3,4,1,3,3,3,0
S01012768,137,70,67,120,60,60,102,52,50,16,8,8,2,0,2,17,10,7,15,10,5,2,0,2
S01012769,131,48,83,126,46,80,100,38,62,26,8,18,0,0,0,5,2,3,4,1,3,1,1,0
S01012770,161,73,88,124,50,74,88,38,50,26,8,18,10,4,6,37,23,14,24,16,8,13,7,6
S01012771,123,65,58,92,46,46,64,36,28,26,10,16,2,0,2,31,19,12,21,14,7,10,5,5
S01012772,134,71,63,82,40,42,48,24,24,16,8,8,18,8,10,52,31,21,36,23,13,16,8,8
S01012773,129,66,63,90,48,42,54,28,26,34,18,16,2,2,0,39,18,21,25,12,13,14,6,8
S01012774,140,81,59,108,60,48,82,46,36,22,12,10,4,2,2,32,21,11,23,17,6,9,4,5
S01012775,54,30,24,44,24,20,34,22,12,6,0,6,4,2,2,10,6,4,7,6,1,3,0,3
S01012776,132,79,53,104,60,44,80,46,34,16,10,6,8,4,4,28,19,9,17,16,1,11,3,8
S01012777,333,175,158,296,150,146,252,128,124,36,18,18,8,4,4,37,25,12,31,20,11,6,5,1
S01012778,209,105,104,158,74,84,124,60,64,20,8,12,14,6,8,51,31,20,29,18,11,22,13,9
S01012779,123,61,62,90,42,48,54,30,24,28,10,18,8,2,6,33,19,14,18,16,2,15,3,12
S01012780,171,106,65,106,66,40,60,40,20,30,18,12,16,8,8,65,40,25,31,26,5,34,14,20
S01012781,123,64,59,104,56,48,88,50,38,12,4,8,4,2,2,19,8,11,11,5,6,8,3,5
S01012782,93,46,47,46,20,26,36,18,18,6,2,4,4,0,4,47,26,21,21,14,7,26,12,14
S01012783,167,107,60,112,70,42,76,42,34,16,16,0,20,12,8,55,37,18,32,22,10,23,15,8
S01012784,131,71,60,92,46,46,62,26,36,26,20,6,4,0,4,39,25,14,24,16,8,15,9,6
S01012785,123,86,37,64,42,22,40,30,10,12,8,4,12,4,8,59,44,15,30,22,8,29,22,7
S01012786,113,73,40,58,28,30,32,18,14,18,8,10,8,2,6,55,45,10,27,24,3,28,21,7
S01012787,133,81,52,108,60,48,84,52,32,18,6,12,6,2,4,25,21,4,21,17,4,4,4,0
S01012788,122,56,66,84,34,50,44,22,22,30,10,20,10,2,8,38,22,16,15,7,8,23,15,8
S01012789,139,60,79,118,46,72,94,42,52,24,4,20,0,0,0,21,14,7,14,10,4,7,4,3
S01012790,126,63,63,110,52,58,94,46,48,14,6,8,2,0,2,16,11,5,13,9,4,3,2,1
S01012791,134,55,79,120,46,74,94,38,56,24,6,18,2,2,0,14,9,5,13,8,5,1,1,0
S01012792,105,60,45,80,44,36,60,36,24,18,6,12,2,2,0,25,16,9,21,12,9,4,4,0
S01012793,80,42,38,50,24,26,32,16,16,14,4,10,4,4,0,30,18,12,12,8,4,18,10,8
S01012794,56,40,16,46,32,14,24,20,4,22,12,10,0,0,0,10,8,2,3,3,0,7,5,2
S01012795,197,105,92,116,52,64,72,36,36,38,14,24,6,2,4,81,53,28,45,31,14,36,22,14
S01012796,190,112,78,144,84,60,112,66,46,26,14,12,6,4,2,46,28,18,23,11,12,23,17,6
S01012797,155,78,77,114,60,54,84,52,32,16,6,10,14,2,12,41,18,23,18,10,8,23,8,15
S01012798,166,79,87,146,66,80,104,54,50,40,12,28,2,0,2,20,13,7,16,11,5,4,2,2
S01012799,143,65,78,128,56,72,104,40,64,20,14,6,4,2,2,15,9,6,13,8,5,2,1,1
S01012800,202,79,123,194,74,120,134,52,82,58,22,36,2,0,2,8,5,3,4,3,1,4,2,2
S01012801,48,25,23,40,18,22,28,12,16,6,2,4,6,4,2,8,7,1,6,6,0,2,1,1
S01012802,162,62,100,156,58,98,104,38,66,48,16,32,4,4,0,6,4,2,5,3,2,1,1,0
S01012803,159,85,74,144,78,66,120,66,54,22,10,12,2,2,0,15,7,8,14,6,8,1,1,0
S01012804,155,76,79,120,58,62,76,36,40,42,20,22,2,2,0,35,18,17,21,11,10,14,7,7
S01012805,182,82,100,134,54,80,104,46,58,20,6,14,10,2,8,48,28,20,34,20,14,14,8,6
S01012806,181,92,89,152,74,78,100,44,56,44,24,20,8,6,2,29,18,11,18,14,4,11,4,7
S01012807,139,53,86,132,50,82,110,40,70,16,6,10,6,4,2,7,3,4,7,3,4,0,0,0
S01012808,218,80,138,200,70,130,160,56,104,36,14,22,4,0,4,18,10,8,13,8,5,5,2,3
S01012809,100,55,45,80,46,34,64,38,26,14,6,8,2,2,0,20,9,11,10,5,5,10,4,6
S01012810,133,80,53,92,44,48,60,30,30,28,12,16,4,2,2,41,36,5,22,19,3,19,17,2
S01012811,139,81,58,114,64,50,92,50,42,20,14,6,2,0,2,25,17,8,15,11,4,10,6,4
S01012812,137,74,63,118,62,56,92,48,44,20,10,10,6,4,2,19,12,7,14,9,5,5,3,2
S01012813,159,77,82,152,74,78,126,66,60,26,8,18,0,0,0,7,3,4,5,2,3,2,1,1
S01012814,242,131,111,218,116,102,164,82,82,50,32,18,4,2,2,24,15,9,18,12,6,6,3,3
S01012815,296,150,146,270,136,134,216,118,98,46,18,28,8,0,8,26,14,12,19,10,9,7,4,3
S01012816,172,77,95,146,64,82,120,56,64,22,6,16,4,2,2,26,13,13,17,10,7,9,3,6
S01012817,208,89,119,192,84,108,172,76,96,18,8,10,2,0,2,16,5,11,12,4,8,4,1,3
S01012818,261,108,153,244,100,144,178,66,112,54,30,24,12,4,8,17,8,9,9,6,3,8,2,6
S01012819,133,80,53,80,46,34,60,34,26,16,10,6,4,2,2,53,34,19,23,18,5,30,16,14
S01012820,300,150,150,260,126,134,218,114,104,36,8,28,6,4,2,40,24,16,29,18,11,11,6,5
S01012821,257,114,143,226,96,130,166,82,84,52,12,40,8,2,6,31,18,13,19,9,10,12,9,3
S01012822,95,56,39,32,16,16,14,8,6,10,4,6,8,4,4,63,40,23,39,28,11,24,12,12
S01012823,260,93,167,240,84,156,196,72,124,36,10,26,8,2,6,20,9,11,17,7,10,3,2,1
S01012824,146,65,81,116,46,70,90,40,50,24,6,18,2,0,2,30,19,11,21,15,6,9,4,5
S01012825,74,53,21,48,34,14,42,28,14,4,4,0,2,2,0,26,19,7,10,5,5,16,14,2
S01012826,148,81,67,76,40,36,42,22,20,24,10,14,10,8,2,72,41,31,41,23,18,31,18,13
S01012827,251,100,151,230,90,140,196,80,116,28,8,20,6,2,4,21,10,11,15,7,8,6,3,3
S01012828,166,107,59,150,98,52,134,90,44,14,6,8,2,2,0,16,9,7,12,8,4,4,1,3
S01012829,189,103,86,116,62,54,60,38,22,46,16,30,10,8,2,73,41,32,41,27,14,32,14,18
S01012830,136,63,73,112,46,66,88,36,52,20,8,12,4,2,2,24,17,7,12,7,5,12,10,2
S01012831,82,49,33,64,38,26,34,20,14,22,12,10,8,6,2,18,11,7,11,8,3,7,3,4
S01012832,104,45,59,80,34,46,66,32,34,10,2,8,4,0,4,24,11,13,10,6,4,14,5,9
S01012833,118,60,58,52,28,24,30,18,12,6,4,2,16,6,10,66,32,34,40,20,20,26,12,14
S01012834,119,75,44,76,44,32,62,38,24,8,4,4,6,2,4,43,31,12,21,19,2,22,12,10
S01012835,132,85,47,96,58,38,78,44,34,18,14,4,0,0,0,36,27,9,25,21,4,11,6,5
S01012836,229,104,125,204,90,114,170,80,90,32,10,22,2,0,2,25,14,11,17,10,7,8,4,4
S01012837,163,107,56,88,54,34,48,38,10,18,8,10,22,8,14,75,53,22,32,26,6,43,27,16
S01012838,181,109,72,76,40,36,32,18,14,32,14,18,12,8,4,105,69,36,39,28,11,66,41,25
S01012839,115,62,53,94,48,46,74,40,34,18,6,12,2,2,0,21,14,7,18,12,6,3,2,1
S01012840,252,104,148,230,90,140,190,78,112,36,8,28,4,4,0,22,14,8,16,9,7,6,5,1
S01012841,117,54,63,100,40,60,88,36,52,8,2,6,4,2,2,17,14,3,14,12,2,3,2,1
S01012842,88,53,35,70,42,28,60,36,24,8,4,4,2,2,0,18,11,7,13,8,5,5,3,2
S01012843,230,82,148,216,74,142,166,58,108,44,16,28,6,0,6,14,8,6,11,6,5,3,2,1
S01012844,181,76,105,174,72,102,132,46,86,36,24,12,6,2,4,7,4,3,5,2,3,2,2,0
S01012845,164,81,83,146,70,76,114,58,56,20,6,14,12,6,6,18,11,7,12,7,5,6,4,2
S01012846,121,60,61,74,32,42,58,24,34,14,8,6,2,0,2,47,28,19,22,16,6,25,12,13
S01012847,129,69,60,112,56,56,84,38,46,26,16,10,2,2,0,17,13,4,13,10,3,4,3,1
S01012848,222,103,119,204,90,114,160,72,88,38,18,20,6,0,6,18,13,5,12,8,4,6,5,1
S01012849,147,102,45,112,76,36,76,48,28,28,24,4,8,4,4,35,26,9,19,16,3,16,10,6
S01012850,97,55,42,64,34,30,48,26,22,12,4,8,4,4,0,33,21,12,20,13,7,13,8,5
S01012851,135,68,67,106,52,54,82,36,46,20,12,8,4,4,0,29,16,13,21,12,9,8,4,4
S01012852,125,46,79,116,42,74,102,42,60,14,0,14,0,0,0,9,4,5,7,4,3,2,0,2
S01012853,113,62,51,98,54,44,80,42,38,12,10,2,6,2,4,15,8,7,9,6,3,6,2,4
S01012854,152,98,54,128,78,50,114,66,48,10,8,2,4,4,0,24,20,4,18,14,4,6,6,0
S01012855,142,92,50,126,80,46,102,62,40,16,12,4,8,6,2,16,12,4,12,9,3,4,3,1
S01012856,66,38,28,46,24,22,34,20,14,10,2,8,2,2,0,20,14,6,14,9,5,6,5,1
S01012857,106,53,53,76,36,40,50,20,30,16,8,8,10,8,2,30,17,13,21,11,10,9,6,3
S01012858,83,51,32,48,26,22,30,18,12,16,8,8,2,0,2,35,25,10,20,14,6,15,11,4
S01012859,206,115,91,170,94,76,118,64,54,36,16,20,16,14,2,36,21,15,24,16,8,12,5,7
S01012860,141,66,75,118,56,62,100,48,52,16,8,8,2,0,2,23,10,13,14,7,7,9,3,6
S01012861,138,77,61,118,62,56,88,40,48,26,18,8,4,4,0,20,15,5,15,12,3,5,3,2
S01012862,74,45,29,40,22,18,26,16,10,12,4,8,2,2,0,34,23,11,18,14,4,16,9,7
S01012863,68,45,23,32,14,18,22,10,12,6,4,2,4,0,4,36,31,5,12,12,0,24,19,5
S01012864,121,78,43,64,38,26,30,20,10,26,14,12,8,4,4,57,40,17,24,18,6,33,22,11
S01012865,136,75,61,110,56,54,86,44,42,16,8,8,8,4,4,26,19,7,17,13,4,9,6,3
S01012866,148,91,57,114,68,46,78,50,28,28,14,14,8,4,4,34,23,11,19,11,8,15,12,3
S01012867,91,63,28,58,38,20,36,26,10,16,10,6,6,2,4,33,25,8,19,16,3,14,9,5
S01012868,58,38,20,34,26,8,14,12,2,10,4,6,10,10,0,24,12,12,15,8,7,9,4,5
S01012869,122,86,36,58,40,18,26,16,10,22,16,6,10,8,2,64,46,18,36,30,6,28,16,12
S01012870,161,95,66,142,78,64,108,66,42,30,10,20,4,2,2,19,17,2,15,14,1,4,3,1
S01012871,149,89,60,120,66,54,72,42,30,42,20,22,6,4,2,29,23,6,17,15,2,12,8,4
S01012872,165,91,74,116,62,54,82,50,32,30,12,18,4,0,4,49,29,20,35,20,15,14,9,5
S01012873,177,116,61,122,78,44,88,64,24,26,12,14,8,2,6,55,38,17,40,27,13,15,11,4
S01012874,146,80,66,90,46,44,60,34,26,24,10,14,6,2,4,56,34,22,33,22,11,23,12,11
S01012875,109,68,41,80,46,34,56,32,24,14,6,8,10,8,2,29,22,7,15,10,5,14,12,2
S01012876,143,76,67,92,46,46,64,32,32,20,10,10,8,4,4,51,30,21,38,22,16,13,8,5
S01012877,122,74,48,86,46,40,64,40,24,14,4,10,8,2,6,36,28,8,23,19,4,13,9,4
S01012878,195,88,107,182,82,100,154,68,86,20,10,10,8,4,4,13,6,7,11,6,5,2,0,2
S01012879,170,85,85,148,68,80,114,50,64,26,16,10,8,2,6,22,17,5,15,11,4,7,6,1
S01012880,195,104,91,174,90,84,144,72,72,30,18,12,0,0,0,21,14,7,14,11,3,7,3,4
S01012881,124,71,53,110,60,50,92,56,36,12,2,10,6,2,4,14,11,3,8,6,2,6,5,1
S01012882,110,57,53,62,28,34,36,16,20,18,8,10,8,4,4,48,29,19,28,15,13,20,14,6
S01012883,107,58,49,62,28,34,26,14,12,28,10,18,8,4,4,45,30,15,18,12,6,27,18,9
S01012884,93,53,40,70,38,32,48,28,20,16,6,10,6,4,2,23,15,8,9,8,1,14,7,7
S01012885,65,45,20,48,32,16,34,24,10,12,8,4,2,0,2,17,13,4,2,2,0,15,11,4
S01012886,154,85,69,144,80,64,98,54,44,32,16,16,14,10,4,10,5,5,7,4,3,3,1,2
S01012887,135,68,67,128,62,66,104,52,52,18,8,10,6,2,4,7,6,1,5,4,1,2,2,0
S01012888,169,69,100,152,60,92,128,54,74,24,6,18,0,0,0,17,9,8,12,7,5,5,2,3
S01012889,254,142,112,222,126,96,182,108,74,36,16,20,4,2,2,32,16,16,20,12,8,12,4,8
S01012890,177,88,89,128,60,68,66,34,32,48,16,32,14,10,4,49,28,21,20,13,7,29,15,14
S01012891,98,39,59,76,24,52,50,16,34,18,4,14,8,4,4,22,15,7,17,11,6,5,4,1
S01012892,165,90,75,72,36,36,44,22,22,18,6,12,10,8,2,93,54,39,56,38,18,37,16,21
S01012893,131,77,54,64,32,32,40,24,16,16,6,10,8,2,6,67,45,22,37,26,11,30,19,11
S01012894,232,94,138,196,72,124,148,60,88,40,10,30,8,2,6,36,22,14,26,14,12,10,8,2
S01012895,139,63,76,128,56,72,96,48,48,32,8,24,0,0,0,11,7,4,8,4,4,3,3,0
S01012896,94,49,45,70,34,36,60,30,30,8,2,6,2,2,0,24,15,9,17,11,6,7,4,3
S01012897,164,66,98,146,52,94,126,48,78,20,4,16,0,0,0,18,14,4,13,10,3,5,4,1
S01012898,200,70,130,188,64,124,164,62,102,22,2,20,2,0,2,12,6,6,11,6,5,1,0,1
S01012899,62,33,29,46,22,24,30,18,12,16,4,12,0,0,0,16,11,5,13,8,5,3,3,0
S01012900,121,38,83,104,28,76,82,24,58,22,4,18,0,0,0,17,10,7,13,9,4,4,1,3
S01012901,140,67,73,118,54,64,82,40,42,34,12,22,2,2,0,22,13,9,14,9,5,8,4,4
S01012902,148,80,68,128,68,60,100,54,46,22,12,10,6,2,4,20,12,8,12,9,3,8,3,5
S01012903,159,78,81,122,52,70,94,40,54,24,10,14,4,2,2,37,26,11,27,21,6,10,5,5
S01012904,202,108,94,140,64,76,96,46,50,40,16,24,4,2,2,62,44,18,38,31,7,24,13,11
S01012905,137,71,66,88,48,40,54,30,24,28,12,16,6,6,0,49,23,26,26,16,10,23,7,16
S01012906,166,109,57,136,84,52,96,68,28,38,16,22,2,0,2,30,25,5,25,22,3,5,3,2
S01012907,149,84,65,116,62,54,94,44,50,14,12,2,8,6,2,33,22,11,22,13,9,11,9,2
S01012908,125,66,59,104,52,52,72,32,40,24,18,6,8,2,6,21,14,7,12,8,4,9,6,3
S01012909,106,45,61,88,36,52,64,28,36,22,8,14,2,0,2,18,9,9,12,7,5,6,2,4
S01012910,119,63,56,84,40,44,70,34,36,12,6,6,2,0,2,35,23,12,14,9,5,21,14,7
S01012911,119,57,62,100,42,58,70,32,38,30,10,20,0,0,0,19,15,4,11,10,1,8,5,3
S01012912,104,48,56,76,30,46,60,24,36,14,6,8,2,0,2,28,18,10,15,13,2,13,5,8
S01012913,165,76,89,130,56,74,104,42,62,16,8,8,10,6,4,35,20,15,20,14,6,15,6,9
S01012914,158,84,74,122,66,56,78,42,36,34,14,20,10,10,0,36,18,18,22,13,9,14,5,9
S01012915,273,105,168,242,86,156,198,72,126,38,10,28,6,4,2,31,19,12,22,15,7,9,4,5
S01012916,108,54,54,86,36,50,74,32,42,12,4,8,0,0,0,22,18,4,14,10,4,8,8,0
S01012917,171,77,94,152,68,84,138,62,76,12,4,8,2,2,0,19,9,10,14,6,8,5,3,2
S01012918,90,52,38,76,44,32,68,38,30,6,4,2,2,2,0,14,8,6,8,5,3,6,3,3
S01012919,73,37,36,58,24,34,50,20,30,4,0,4,4,4,0,15,13,2,12,11,1,3,2,1
S01012920,77,28,49,70,24,46,54,18,36,14,4,10,2,2,0,7,4,3,3,2,1,4,2,2
S01012921,136,78,58,102,50,52,72,38,34,20,8,12,10,4,6,34,28,6,20,15,5,14,13,1
S01012922,261,127,134,208,98,110,174,82,92,26,14,12,8,2,6,53,29,24,36,18,18,17,11,6
S01012923,150,78,72,118,58,60,98,52,46,12,2,10,8,4,4,32,20,12,22,14,8,10,6,4
S01012924,101,48,53,84,40,44,64,30,34,16,6,10,4,4,0,17,8,9,14,6,8,3,2,1
S01012925,112,68,44,98,56,42,72,42,30,24,14,10,2,0,2,14,12,2,8,7,1,6,5,1
S01012926,128,61,67,104,46,58,88,42,46,14,4,10,2,0,2,24,15,9,17,9,8,7,6,1
S01012927,176,82,94,144,68,76,118,54,64,24,12,12,2,2,0,32,14,18,25,12,13,7,2,5
S01012928,172,68,104,152,58,94,128,50,78,20,6,14,4,2,2,20,10,10,16,9,7,4,1,3
S01012929,148,73,75,126,56,70,98,38,60,26,18,8,2,0,2,22,17,5,19,15,4,3,2,1
S01012930,102,57,45,80,36,44,56,26,30,24,10,14,0,0,0,22,21,1,17,16,1,5,5,0
S01012931,167,80,87,130,62,68,84,44,40,38,18,20,8,0,8,37,18,19,22,12,10,15,6,9
S01012932,106,43,63,92,36,56,72,24,48,18,10,8,2,2,0,14,7,7,11,7,4,3,0,3
S01012933,155,84,71,126,66,60,96,54,42,24,12,12,6,0,6,29,18,11,21,15,6,8,3,5
S01012934,106,55,51,72,34,38,52,24,28,18,10,8,2,0,2,34,21,13,21,12,9,13,9,4
S01012935,209,93,116,184,78,106,152,62,90,24,16,8,8,0,8,25,15,10,13,6,7,12,9,3
S01012936,122,64,58,94,44,50,70,32,38,22,10,12,2,2,0,28,20,8,17,13,4,11,7,4
S01012937,150,73,77,128,58,70,94,44,50,30,14,16,4,0,4,22,15,7,9,6,3,13,9,4
S01012938,122,47,75,112,44,68,80,32,48,30,12,18,2,0,2,10,3,7,10,3,7,0,0,0
S01012939,183,60,123,176,56,120,144,42,102,24,10,14,8,4,4,7,4,3,7,4,3,0,0,0
S01012940,156,54,102,144,46,98,120,40,80,22,6,16,2,0,2,12,8,4,11,7,4,1,1,0
S01012941,235,97,138,226,94,132,184,82,102,36,8,28,6,4,2,9,3,6,7,3,4,2,0,2
S01012942,182,93,89,128,56,72,74,42,32,38,14,24,16,0,16,54,37,17,35,27,8,19,10,9
S01012943,219,87,132,192,74,118,160,56,104,30,18,12,2,0,2,27,13,14,20,9,11,7,4,3
S01012944,125,44,81,110,38,72,88,30,58,18,4,14,4,4,0,15,6,9,15,6,9,0,0,0
S01012945,231,82,149,222,78,144,174,68,106,44,8,36,4,2,2,9,4,5,7,3,4,2,1,1
S01012946,217,87,130,194,72,122,168,60,108,22,10,12,4,2,2,23,15,8,21,15,6,2,0,2
S01012947,110,35,75,102,32,70,78,22,56,22,8,14,2,2,0,8,3,5,7,3,4,1,0,1
S01012948,157,81,76,140,68,72,124,60,64,16,8,8,0,0,0,17,13,4,15,11,4,2,2,0
S01012949,106,55,51,92,44,48,68,28,40,22,14,8,2,2,0,14,11,3,12,9,3,2,2,0
S01012950,280,146,134,264,138,126,220,116,104,38,16,22,6,6,0,16,8,8,13,7,6,3,1,2
S01012951,333,152,181,320,144,176,270,124,146,48,18,30,2,2,0,13,8,5,10,5,5,3,3,0
S01012952,145,58,87,142,58,84,80,40,40,58,16,42,4,2,2,3,0,3,3,0,3,0,0,0
S01012953,150,93,57,126,78,48,108,70,38,14,8,6,4,0,4,24,15,9,15,9,6,9,6,3
S01012954,139,75,64,128,68,60,106,56,50,22,12,10,0,0,0,11,7,4,8,5,3,3,2,1
S01012955,226,93,133,212,84,128,174,72,102,34,10,24,4,2,2,14,9,5,8,4,4,6,5,1
S01012956,171,77,94,146,62,84,104,48,56,36,12,24,6,2,4,25,15,10,14,9,5,11,6,5
S01012957,122,64,58,106,54,52,84,44,40,20,8,12,2,2,0,16,10,6,11,7,4,5,3,2
S01012958,91,43,48,82,38,44,54,28,26,26,10,16,2,0,2,9,5,4,3,1,2,6,4,2
S01012959,141,67,74,122,56,66,106,48,58,12,4,8,4,4,0,19,11,8,14,8,6,5,3,2
S01012960,123,53,70,98,36,62,70,30,40,18,2,16,10,4,6,25,17,8,17,11,6,8,6,2
S01012961,135,72,63,122,62,60,98,48,50,20,10,10,4,4,0,13,10,3,8,8,0,5,2,3
S01012962,119,53,66,112,48,64,98,42,56,14,6,8,0,0,0,7,5,2,6,4,2,1,1,0
S01012963,247,101,146,232,94,138,180,74,106,50,20,30,2,0,2,15,7,8,14,6,8,1,1,0
S01012964,221,69,152,208,62,146,168,48,120,38,12,26,2,2,0,13,7,6,11,7,4,2,0,2
S01012965,197,80,117,176,68,108,108,50,58,64,16,48,4,2,2,21,12,9,8,5,3,13,7,6
S01012966,179,79,100,150,60,90,118,50,68,28,10,18,4,0,4,29,19,10,24,16,8,5,3,2
S01012967,100,49,51,86,42,44,56,36,20,28,6,22,2,0,2,14,7,7,10,5,5,4,2,2
S01012968,165,86,79,126,56,70,88,46,42,28,4,24,10,6,4,39,30,9,21,15,6,18,15,3
S01012969,135,61,74,112,50,62,78,38,40,26,8,18,8,4,4,23,11,12,15,10,5,8,1,7
S01012970,99,39,60,82,26,56,56,22,34,24,4,20,2,0,2,17,13,4,11,8,3,6,5,1
S01012971,214,112,102,142,72,70,88,46,42,40,20,20,14,6,8,72,40,32,39,22,17,33,18,15
S01012972,181,82,99,132,54,78,96,40,56,26,10,16,10,4,6,49,28,21,27,17,10,22,11,11
S01012973,174,92,82,150,74,76,112,58,54,30,12,18,8,4,4,24,18,6,20,17,3,4,1,3
S01012974,175,101,74,140,74,66,94,52,42,40,18,22,6,4,2,35,27,8,21,18,3,14,9,5
S01012975,120,48,72,92,34,58,72,24,48,18,10,8,2,0,2,28,14,14,16,8,8,12,6,6
S01012976,102,48,54,72,30,42,48,24,24,16,4,12,8,2,6,30,18,12,17,10,7,13,8,5
S01012977,165,65,100,114,40,74,70,30,40,36,10,26,8,0,8,51,25,26,37,17,20,14,8,6
S01012978,179,89,90,126,56,70,78,38,40,42,16,26,6,2,4,53,33,20,37,23,14,16,10,6
S01012979,171,61,110,154,54,100,112,36,76,38,16,22,4,2,2,17,7,10,13,6,7,4,1,3
S01012980,166,82,84,124,56,68,94,40,54,20,8,12,10,8,2,42,26,16,26,18,8,16,8,8
S01012981,159,86,73,116,54,62,80,34,46,24,10,14,12,10,2,43,32,11,35,26,9,8,6,2
S01012982,178,89,89,140,66,74,108,48,60,28,16,12,4,2,2,38,23,15,26,16,10,12,7,5
S01012983,142,57,85,124,44,80,100,36,64,18,8,10,6,0,6,18,13,5,10,7,3,8,6,2
S01012984,135,68,67,112,52,60,80,40,40,28,10,18,4,2,2,23,16,7,16,11,5,7,5,2
S01012985,163,73,90,142,64,78,118,58,60,22,6,16,2,0,2,21,9,12,14,6,8,7,3,4
S01012986,153,107,46,116,80,36,94,70,24,20,8,12,2,2,0,37,27,10,23,18,5,14,9,5
S01012987,138,73,65,122,62,60,100,56,44,20,6,14,2,0,2,16,11,5,12,10,2,4,1,3
S01012988,163,92,71,118,62,56,96,48,48,18,12,6,4,2,2,45,30,15,29,21,8,16,9,7
S01012989,175,76,99,138,54,84,106,44,62,30,10,20,2,0,2,37,22,15,26,17,9,11,5,6
S01012990,106,60,46,86,48,38,70,40,30,12,6,6,4,2,2,20,12,8,14,10,4,6,2,4
S01012991,174,73,101,132,52,80,98,38,60,32,12,20,2,2,0,42,21,21,21,10,11,21,11,10
S01012992,168,99,69,142,78,64,102,60,42,36,16,20,4,2,2,26,21,5,18,17,1,8,4,4
S01012993,126,76,50,92,52,40,62,38,24,24,12,12,6,2,4,34,24,10,24,17,7,10,7,3
S01012994,142,79,63,102,46,56,82,42,40,14,2,12,6,2,4,40,33,7,24,20,4,16,13,3
S01012995,154,83,71,126,66,60,104,56,48,20,10,10,2,0,2,28,17,11,21,14,7,7,3,4
S01012996,110,61,49,78,40,38,62,32,30,16,8,8,0,0,0,32,21,11,19,11,8,13,10,3
S01012997,95,39,56,72,30,42,52,20,32,14,6,8,6,4,2,23,9,14,10,2,8,13,7,6
S01012998,277,134,143,236,110,126,174,88,86,52,18,34,10,4,6,41,24,17,25,14,11,16,10,6
S01012999,97,49,48,78,36,42,62,32,30,14,4,10,2,0,2,19,13,6,11,7,4,8,6,2
S01013000,108,56,52,82,36,46,62,30,32,20,6,14,0,0,0,26,20,6,21,15,6,5,5,0
S01013001,81,38,43,72,30,42,52,24,28,20,6,14,0,0,0,9,8,1,6,6,0,3,2,1
S01013002,109,42,67,102,40,62,78,32,46,22,8,14,2,0,2,7,2,5,3,1,2,4,1,3
S01013003,148,47,101,142,46,96,112,36,76,26,8,18,4,2,2,6,1,5,6,1,5,0,0,0
S01013004,177,67,110,162,60,102,140,54,86,22,6,16,0,0,0,15,7,8,13,5,8,2,2,0
S01013005,158,63,95,136,54,82,110,40,70,24,14,10,2,0,2,22,9,13,21,9,12,1,0,1
S01013006,141,65,76,130,58,72,90,36,54,38,20,18,2,2,0,11,7,4,9,5,4,2,2,0
S01013007,192,81,111,180,78,102,140,60,80,34,14,20,6,4,2,12,3,9,10,3,7,2,0,2
S01013008,173,74,99,146,58,88,116,46,70,28,10,18,2,2,0,27,16,11,19,10,9,8,6,2
S01013009,125,63,62,102,52,50,78,38,40,20,10,10,4,4,0,23,11,12,15,8,7,8,3,5
S01013010,120,43,77,114,40,74,98,38,60,16,2,14,0,0,0,6,3,3,5,3,2,1,0,1
S01013011,223,76,147,200,66,134,160,56,104,40,10,30,0,0,0,23,10,13,17,6,11,6,4,2
S01013012,147,66,81,122,54,68,92,44,48,28,10,18,2,0,2,25,12,13,17,7,10,8,5,3
S01013013,162,49,113,140,40,100,102,32,70,36,6,30,2,2,0,22,9,13,17,8,9,5,1,4
S01013014,155,80,75,136,68,68,104,50,54,28,16,12,4,2,2,19,12,7,10,9,1,9,3,6
S01013015,178,61,117,164,52,112,126,48,78,34,4,30,4,0,4,14,9,5,14,9,5,0,0,0
S01013016,128,61,67,116,52,64,90,40,50,22,8,14,4,4,0,12,9,3,9,6,3,3,3,0
S01013017,195,72,123,164,56,108,132,48,84,28,6,22,4,2,2,31,16,15,22,13,9,9,3,6
S01013018,219,72,147,206,62,144,148,42,106,54,16,38,4,4,0,13,10,3,7,5,2,6,5,1
S01013019,236,78,158,216,66,150,164,56,108,46,8,38,6,2,4,20,12,8,15,8,7,5,4,1
S01013020,76,43,33,64,36,28,54,32,22,8,2,6,2,2,0,12,7,5,10,7,3,2,0,2
S01013021,92,37,55,74,32,42,56,28,28,14,2,12,4,2,2,18,5,13,14,3,11,4,2,2
S01013022,125,81,44,86,52,34,70,42,28,12,6,6,4,4,0,39,29,10,27,21,6,12,8,4
S01013023,183,67,116,168,58,110,140,48,92,24,8,16,4,2,2,15,9,6,11,7,4,4,2,2
S01013024,115,36,79,108,32,76,92,30,62,16,2,14,0,0,0,7,4,3,5,4,1,2,0,2
S01013025,76,32,44,68,28,40,58,24,34,10,4,6,0,0,0,8,4,4,6,3,3,2,1,1
S01013026,209,115,94,170,90,80,142,80,62,26,10,16,2,0,2,39,25,14,24,15,9,15,10,5
S01013027,219,97,122,148,60,88,78,42,36,50,12,38,20,6,14,71,37,34,28,15,13,43,22,21
S01013028,94,60,34,84,52,32,58,36,22,24,16,8,2,0,2,10,8,2,7,6,1,3,2,1
S01013029,118,71,47,96,54,42,72,42,30,22,10,12,2,2,0,22,17,5,12,9,3,10,8,2
S01013030,125,56,69,94,44,50,68,38,30,20,4,16,6,2,4,31,12,19,18,7,11,13,5,8
S01013031,137,67,70,94,40,54,62,26,36,28,10,18,4,4,0,43,27,16,34,19,15,9,8,1
S01013032,244,81,163,214,68,146,178,56,122,34,12,22,2,0,2,30,13,17,21,11,10,9,2,7
S01013033,186,93,93,160,74,86,122,54,68,26,16,10,12,4,8,26,19,7,19,14,5,7,5,2
S01013034,146,66,80,114,50,64,86,40,46,26,8,18,2,2,0,32,16,16,19,8,11,13,8,5
S01013035,150,82,68,108,48,60,78,42,36,28,4,24,2,2,0,42,34,8,17,14,3,25,20,5
S01013036,143,57,86,102,40,62,56,30,26,40,8,32,6,2,4,41,17,24,19,9,10,22,8,14
S01013037,144,52,92,130,46,84,112,44,68,14,0,14,4,2,2,14,6,8,7,3,4,7,3,4
S01013038,182,77,105,146,56,90,108,50,58,34,6,28,4,0,4,36,21,15,19,14,5,17,7,10
S01013039,147,62,85,138,58,80,114,50,64,24,8,16,0,0,0,9,4,5,8,4,4,1,0,1
S01013040,106,60,46,88,46,42,62,30,32,24,14,10,2,2,0,18,14,4,11,9,2,7,5,2
S01013041,114,50,64,96,38,58,72,26,46,18,10,8,6,2,4,18,12,6,13,10,3,5,2,3
S01013042,178,80,98,148,66,82,120,52,68,20,10,10,8,4,4,30,14,16,18,8,10,12,6,6
S01013043,150,68,82,120,54,66,72,36,36,32,12,20,16,6,10,30,14,16,18,9,9,12,5,7
S01013044,162,49,113,110,24,86,76,20,56,26,2,24,8,2,6,52,25,27,31,16,15,21,9,12
S01013045,178,71,107,148,56,92,110,42,68,32,12,20,6,2,4,30,15,15,15,6,9,15,9,6
S01013046,87,40,47,60,26,34,46,22,24,14,4,10,0,0,0,27,14,13,16,9,7,11,5,6
S01013047,280,93,187,270,86,184,224,76,148,44,8,36,2,2,0,10,7,3,9,7,2,1,0,1
S01013048,135,67,68,118,56,62,104,52,52,12,4,8,2,0,2,17,11,6,12,8,4,5,3,2
S01013049,143,62,81,128,52,76,102,42,60,22,8,14,4,2,2,15,10,5,14,9,5,1,1,0
S01013050,108,68,40,84,50,34,56,34,22,20,12,8,8,4,4,24,18,6,15,12,3,9,6,3
S01013051,179,85,94,130,50,80,88,32,56,36,12,24,6,6,0,49,35,14,27,22,5,22,13,9
S01013052,126,80,46,92,56,36,74,48,26,18,8,10,0,0,0,34,24,10,18,10,8,16,14,2
S01013053,109,73,36,74,46,28,44,28,16,18,10,8,12,8,4,35,27,8,15,12,3,20,15,5
S01013054,106,64,42,94,56,38,70,50,20,18,4,14,6,2,4,12,8,4,8,6,2,4,2,2
S01013055,122,50,72,98,36,62,60,16,44,32,16,16,6,4,2,24,14,10,15,10,5,9,4,5
S01013056,151,82,69,116,62,54,94,46,48,16,12,4,6,4,2,35,20,15,17,9,8,18,11,7
S01013057,207,104,103,120,50,70,70,38,32,36,6,30,14,6,8,87,54,33,42,29,13,45,25,20
S01013058,201,59,142,180,48,132,152,46,106,24,2,22,4,0,4,21,11,10,17,11,6,4,0,4
S01013059,111,45,66,102,42,60,72,30,42,26,8,18,4,4,0,9,3,6,3,1,2,6,2,4
S01013060,90,30,60,82,24,58,58,18,40,24,6,18,0,0,0,8,6,2,7,6,1,1,0,1
S01013061,140,56,84,134,54,80,108,48,60,26,6,20,0,0,0,6,2,4,4,2,2,2,0,2
S01013062,154,62,92,144,54,90,102,48,54,42,6,36,0,0,0,10,8,2,8,6,2,2,2,0
S01013063,154,50,104,144,44,100,98,36,62,38,4,34,8,4,4,10,6,4,9,5,4,1,1,0
S01013064,174,78,96,150,64,86,112,44,68,30,16,14,8,4,4,24,14,10,19,11,8,5,3,2
S01013065,148,86,62,112,62,50,84,48,36,26,12,14,2,2,0,36,24,12,22,16,6,14,8,6
S01013066,133,78,55,108,62,46,84,46,38,24,16,8,0,0,0,25,16,9,20,14,6,5,2,3
S01013067,56,37,19,42,28,14,16,6,10,24,20,4,2,2,0,14,9,5,6,4,2,8,5,3
S01013068,105,62,43,56,30,26,34,18,16,16,8,8,6,4,2,49,32,17,21,13,8,28,19,9
S01013069,80,52,28,62,40,22,44,26,18,10,6,4,8,8,0,18,12,6,9,5,4,9,7,2
S01013070,70,48,22,44,28,16,22,16,6,18,10,8,4,2,2,26,20,6,12,10,2,14,10,4
S01013071,41,26,15,28,18,10,16,8,8,12,10,2,0,0,0,13,8,5,6,3,3,7,5,2
S01013072,104,72,32,72,50,22,40,30,10,16,8,8,16,12,4,32,22,10,17,11,6,15,11,4
S01013073,152,90,62,84,48,36,56,30,26,16,12,4,12,6,6,68,42,26,38,28,10,30,14,16
S01013074,152,62,90,94,38,56,40,20,20,34,10,24,20,8,12,58,24,34,25,12,13,33,12,21
S01013075,112,64,48,74,44,30,40,26,14,22,16,6,12,2,10,38,20,18,19,12,7,19,8,11
S01013076,111,36,75,102,30,72,78,24,54,22,6,16,2,0,2,9,6,3,8,5,3,1,1,0
S01013077,145,67,78,94,44,50,52,26,26,24,4,20,18,14,4,51,23,28,22,6,16,29,17,12
S01013078,133,61,72,92,36,56,48,22,26,36,12,24,8,2,6,41,25,16,15,12,3,26,13,13
S01013079,307,125,182,276,110,166,228,102,126,36,6,30,12,2,10,31,15,16,19,12,7,12,3,9
S01013080,149,55,94,136,46,90,92,36,56,40,10,30,4,0,4,13,9,4,9,6,3,4,3,1
S01013081,121,63,58,112,58,54,82,52,30,28,6,22,2,0,2,9,5,4,8,5,3,1,0,1
S01013082,136,77,59,128,72,56,110,64,46,12,4,8,6,4,2,8,5,3,7,5,2,1,0,1
S01013083,108,39,69,102,34,68,86,30,56,16,4,12,0,0,0,6,5,1,6,5,1,0,0,0
S01013084,153,52,101,140,44,96,110,40,70,26,4,22,4,0,4,13,8,5,11,7,4,2,1,1
S01013085,104,38,66,84,30,54,56,28,28,26,2,24,2,0,2,20,8,12,12,5,7,8,3,5
S01013086,122,53,69,104,38,66,70,22,48,28,12,16,6,4,2,18,15,3,15,13,2,3,2,1
S01013087,181,72,109,170,66,104,108,40,68,50,20,30,12,6,6,11,6,5,5,2,3,6,4,2
S01013088,193,77,116,186,74,112,140,58,82,42,12,30,4,4,0,7,3,4,7,3,4,0,0,0
S01013089,125,45,80,106,38,68,74,24,50,24,12,12,8,2,6,19,7,12,11,6,5,8,1,7
S01013090,115,40,75,104,34,70,82,28,54,20,4,16,2,2,0,11,6,5,7,5,2,4,1,3
S01013091,44,33,11,32,24,8,16,12,4,14,10,4,2,2,0,12,9,3,5,4,1,7,5,2
S01013092,176,86,90,142,68,74,90,44,46,44,22,22,8,2,6,34,18,16,19,13,6,15,5,10
S01013093,72,26,46,64,24,40,56,22,34,6,0,6,2,2,0,8,2,6,8,2,6,0,0,0
S01013094,150,50,100,142,44,98,114,40,74,26,4,22,2,0,2,8,6,2,7,5,2,1,1,0
S01013095,291,73,218,282,68,214,206,54,152,74,14,60,2,0,2,9,5,4,8,4,4,1,1,0
S01013096,102,42,60,82,34,48,56,26,30,26,8,18,0,0,0,20,8,12,16,5,11,4,3,1
S01013097,148,56,92,140,50,90,104,38,66,34,12,22,2,0,2,8,6,2,6,4,2,2,2,0
S01013098,298,59,239,294,58,236,204,46,158,88,12,76,2,0,2,4,1,3,4,1,3,0,0,0
S01013099,146,63,83,128,54,74,94,46,48,34,8,26,0,0,0,18,9,9,11,5,6,7,4,3
S01013100,136,40,96,132,40,92,88,24,64,36,8,28,8,8,0,4,0,4,3,0,3,1,0,1
S01013101,182,93,89,142,68,74,102,54,48,34,12,22,6,2,4,40,25,15,22,16,6,18,9,9
S01013102,113,39,74,104,34,70,90,30,60,14,4,10,0,0,0,9,5,4,8,4,4,1,1,0
S01013103,276,90,186,260,84,176,212,78,134,46,4,42,2,2,0,16,6,10,14,5,9,2,1,1
S01013104,206,60,146,188,52,136,138,36,102,44,12,32,6,4,2,18,8,10,18,8,10,0,0,0
S01013105,203,73,130,194,68,126,154,52,102,38,14,24,2,2,0,9,5,4,9,5,4,0,0,0
S01013106,172,62,110,144,44,100,118,34,84,26,10,16,0,0,0,28,18,10,22,13,9,6,5,1
S01013107,122,36,86,116,34,82,90,26,64,22,8,14,4,0,4,6,2,4,5,2,3,1,0,1
S01013108,124,47,77,110,38,72,54,16,38,50,20,30,6,2,4,14,9,5,9,6,3,5,3,2
S01013109,232,81,151,212,70,142,170,54,116,40,14,26,2,2,0,20,11,9,15,8,7,5,3,2
S01013110,123,44,79,112,38,74,76,30,46,34,8,26,2,0,2,11,6,5,7,4,3,4,2,2
S01013111,113,51,62,106,46,60,82,32,50,22,12,10,2,2,0,7,5,2,6,5,1,1,0,1
S01013112,186,82,104,158,62,96,110,46,64,44,12,32,4,4,0,28,20,8,20,12,8,8,8,0
S01013113,147,50,97,124,34,90,102,30,72,20,4,16,2,0,2,23,16,7,12,8,4,11,8,3
S01013114,164,65,99,154,58,96,110,38,72,38,16,22,6,4,2,10,7,3,7,4,3,3,3,0
S01013115,70,39,31,60,32,28,44,24,20,14,8,6,2,0,2,10,7,3,9,6,3,1,1,0
S01013116,119,64,55,114,60,54,98,50,48,14,8,6,2,2,0,5,4,1,4,3,1,1,1,0
S01013117,144,65,79,118,48,70,102,40,62,10,2,8,6,6,0,26,17,9,17,11,6,9,6,3
S01013118,78,33,45,72,30,42,50,24,26,20,4,16,2,2,0,6,3,3,4,3,1,2,0,2
S01013119,125,56,69,108,48,60,76,36,40,26,8,18,6,4,2,17,8,9,13,4,9,4,4,0
S01013120,161,66,95,138,52,86,108,40,68,24,8,16,6,4,2,23,14,9,20,14,6,3,0,3
S01013121,77,35,42,70,30,40,46,16,30,16,10,6,8,4,4,7,5,2,6,4,2,1,1,0
S01013122,110,55,55,78,34,44,42,24,18,26,6,20,10,4,6,32,21,11,15,12,3,17,9,8
S01013123,169,105,64,108,62,46,82,44,38,20,16,4,6,2,4,61,43,18,25,17,8,36,26,10
S01013124,158,79,79,130,58,72,100,44,56,24,12,12,6,2,4,28,21,7,22,16,6,6,5,1
S01013125,140,87,53,112,68,44,72,52,20,28,12,16,12,4,8,28,19,9,17,12,5,11,7,4
S01013126,166,92,74,90,50,40,50,28,22,28,16,12,12,6,6,76,42,34,37,23,14,39,19,20
S01013127,176,85,91,86,34,52,34,14,20,36,10,26,16,10,6,90,51,39,35,22,13,55,29,26
S01013128,70,60,10,28,24,4,18,14,4,8,8,0,2,2,0,42,36,6,18,17,1,24,19,5
S01013129,208,99,109,150,66,84,104,48,56,30,10,20,16,8,8,58,33,25,23,16,7,35,17,18
S01013130,161,84,77,90,38,52,46,24,22,28,10,18,16,4,12,71,46,25,28,17,11,43,29,14
S01013131,162,88,74,110,54,56,82,52,30,24,2,22,4,0,4,52,34,18,32,22,10,20,12,8
S01013132,110,65,45,58,34,24,44,28,16,8,2,6,6,4,2,52,31,21,23,14,9,29,17,12
S01013133,133,74,59,92,42,50,70,34,36,18,8,10,4,0,4,41,32,9,20,12,8,21,20,1
S01013134,186,83,103,148,64,84,110,50,60,34,12,22,4,2,2,38,19,19,24,14,10,14,5,9
S01013135,165,86,79,100,54,46,52,32,20,34,16,18,14,6,8,65,32,33,33,18,15,32,14,18
S01013136,167,89,78,138,70,68,108,54,54,16,8,8,14,8,6,29,19,10,14,10,4,15,9,6
S01013137,140,65,75,110,46,64,64,30,34,30,12,18,16,4,12,30,19,11,19,12,7,11,7,4
S01013138,165,82,83,82,34,48,34,20,14,38,8,30,10,6,4,83,48,35,36,27,9,47,21,26
S01013139,148,61,87,94,34,60,50,20,30,36,10,26,8,4,4,54,27,27,20,11,9,34,16,18
S01013140,159,81,78,104,48,56,70,34,36,20,6,14,14,8,6,55,33,22,26,13,13,29,20,9
S01013141,109,55,54,72,32,40,48,24,24,18,6,12,6,2,4,37,23,14,19,11,8,18,12,6
S01013142,103,62,41,42,26,16,20,14,6,18,10,8,4,2,2,61,36,25,26,18,8,35,18,17
S01013143,154,83,71,108,46,62,80,36,44,20,4,16,8,6,2,46,37,9,28,26,2,18,11,7
S01013144,149,94,55,114,68,46,86,52,34,22,12,10,6,4,2,35,26,9,18,14,4,17,12,5
S01013145,108,48,60,82,32,50,52,24,28,26,8,18,4,0,4,26,16,10,12,8,4,14,8,6
S01013146,99,45,54,84,32,52,58,28,30,22,4,18,4,0,4,15,13,2,9,8,1,6,5,1
S01013147,170,85,85,140,62,78,114,48,66,24,14,10,2,0,2,30,23,7,14,10,4,16,13,3
S01013148,134,79,55,110,60,50,88,48,40,20,10,10,2,2,0,24,19,5,18,16,2,6,3,3
S01013149,165,104,61,118,70,48,94,60,34,20,10,10,4,0,4,47,34,13,31,25,6,16,9,7
S01013150,137,68,69,96,44,52,82,38,44,12,4,8,2,2,0,41,24,17,29,19,10,12,5,7
S01013151,112,51,61,92,36,56,84,36,48,4,0,4,4,0,4,20,15,5,8,7,1,12,8,4
S01013152,190,75,115,158,56,102,116,44,72,38,8,30,4,4,0,32,19,13,20,12,8,12,7,5
S01013153,211,106,105,132,58,74,52,24,28,62,22,40,18,12,6,79,48,31,34,22,12,45,26,19
S01013154,196,116,80,108,56,52,80,46,34,22,8,14,6,2,4,88,60,28,52,40,12,36,20,16
S01013155,226,124,102,122,66,56,66,42,24,40,18,22,16,6,10,104,58,46,43,26,17,61,32,29
S01013156,197,92,105,106,46,60,68,34,34,28,8,20,10,4,6,91,46,45,38,22,16,53,24,29
S01013157,227,107,120,142,58,84,70,32,38,48,18,30,24,8,16,85,49,36,36,24,12,49,25,24
S01013158,124,42,82,114,38,76,98,32,66,14,4,10,2,2,0,10,4,6,7,1,6,3,3,0
S01013159,125,67,58,108,56,52,92,50,42,14,6,8,2,0,2,17,11,6,10,9,1,7,2,5
S01013160,177,70,107,162,62,100,128,50,78,34,12,22,0,0,0,15,8,7,8,6,2,7,2,5
S01013161,216,125,91,170,92,78,138,82,56,22,6,16,10,4,6,46,33,13,26,19,7,20,14,6
S01013162,118,53,65,86,34,52,70,34,36,16,0,16,0,0,0,32,19,13,14,10,4,18,9,9
S01013163,162,86,76,142,78,64,114,66,48,24,10,14,4,2,2,20,8,12,11,6,5,9,2,7
S01013164,210,69,141,170,54,116,126,40,86,34,12,22,10,2,8,40,15,25,19,9,10,21,6,15
S01013165,164,76,88,134,58,76,108,40,68,22,16,6,4,2,2,30,18,12,17,11,6,13,7,6
S01013166,108,62,46,54,28,26,22,14,8,20,8,12,12,6,6,54,34,20,22,14,8,32,20,12
S01013167,131,81,50,78,46,32,46,30,16,20,12,8,12,4,8,53,35,18,14,7,7,39,28,11
S01013168,153,70,83,100,52,48,66,36,30,18,8,10,16,8,8,53,18,35,19,9,10,34,9,25
S01013169,144,72,72,110,54,56,78,38,40,24,14,10,8,2,6,34,18,16,14,11,3,20,7,13
S01013170,91,39,52,58,14,44,32,6,26,22,8,14,4,0,4,33,25,8,13,12,1,20,13,7
S01013171,184,75,109,160,62,98,136,50,86,20,10,10,4,2,2,24,13,11,11,5,6,13,8,5
S01013172,149,73,76,122,58,64,90,44,46,20,8,12,12,6,6,27,15,12,18,10,8,9,5,4
S01013173,182,93,89,154,74,80,138,68,70,14,6,8,2,0,2,28,19,9,16,12,4,12,7,5
S01013174,211,75,136,198,66,132,170,56,114,28,10,18,0,0,0,13,9,4,11,8,3,2,1,1
S01013175,240,110,130,210,100,110,172,82,90,36,18,18,2,0,2,30,10,20,18,5,13,12,5,7
S01013176,101,59,42,82,46,36,62,38,24,18,8,10,2,0,2,19,13,6,13,9,4,6,4,2
S01013177,118,57,61,108,52,56,98,46,52,8,4,4,2,2,0,10,5,5,9,5,4,1,0,1
S01013178,122,64,58,106,52,54,88,40,48,16,10,6,2,2,0,16,12,4,9,8,1,7,4,3
S01013179,108,72,36,74,52,22,54,38,16,16,12,4,4,2,2,34,20,14,21,9,12,13,11,2
S01013180,101,53,48,88,42,46,76,34,42,10,8,2,2,0,2,13,11,2,9,7,2,4,4,0
S01013181,137,58,79,124,50,74,100,32,68,18,12,6,6,6,0,13,8,5,11,7,4,2,1,1
S01013182,127,70,57,92,44,48,72,36,36,20,8,12,0,0,0,35,26,9,19,16,3,16,10,6
S01013183,160,62,98,150,56,94,120,40,80,22,12,10,8,4,4,10,6,4,8,4,4,2,2,0
S01013184,125,68,57,64,26,38,34,20,14,16,4,12,14,2,12,61,42,19,25,19,6,36,23,13
S01013185,192,87,105,134,54,80,100,40,60,22,8,14,12,6,6,58,33,25,32,19,13,26,14,12
S01013186,161,84,77,106,50,56,70,36,34,24,8,16,12,6,6,55,34,21,25,16,9,30,18,12
S01013187,171,80,91,122,52,70,88,46,42,28,6,22,6,0,6,49,28,21,21,14,7,28,14,14
S01013188,181,80,101,146,54,92,118,46,72,24,6,18,4,2,2,35,26,9,25,19,6,10,7,3
S01013189,117,44,73,104,32,72,88,32,56,14,0,14,2,0,2,13,12,1,8,7,1,5,5,0
S01013190,176,75,101,150,58,92,118,42,76,18,8,10,14,8,6,26,17,9,21,14,7,5,3,2
S01013191,284,121,163,268,114,154,224,92,132,44,22,22,0,0,0,16,7,9,13,5,8,3,2,1
S01013192,156,64,92,126,48,78,102,40,62,22,6,16,2,2,0,30,16,14,24,12,12,6,4,2
S01013193,108,63,45,74,38,36,66,36,30,8,2,6,0,0,0,34,25,9,20,15,5,14,10,4
S01013194,97,66,31,68,44,24,46,30,16,22,14,8,0,0,0,29,22,7,20,16,4,9,6,3
S01013195,127,66,61,102,48,54,88,40,48,12,6,6,2,2,0,25,18,7,18,13,5,7,5,2
S01013196,76,37,39,60,24,36,52,20,32,6,4,2,2,0,2,16,13,3,14,13,1,2,0,2
S01013197,91,47,44,82,42,40,70,36,34,8,2,6,4,4,0,9,5,4,5,4,1,4,1,3
S01013198,123,70,53,86,46,40,68,36,32,14,6,8,4,4,0,37,24,13,24,16,8,13,8,5
S01013199,127,70,57,108,58,50,82,46,36,22,10,12,4,2,2,19,12,7,10,8,2,9,4,5
S01013200,149,84,65,106,60,46,76,40,36,26,18,8,4,2,2,43,24,19,21,10,11,22,14,8
S01013201,134,76,58,84,44,40,50,24,26,14,8,6,20,12,8,50,32,18,23,16,7,27,16,11
S01013202,108,54,54,62,28,34,36,16,20,20,10,10,6,2,4,46,26,20,17,9,8,29,17,12
S01013203,159,82,77,120,52,68,90,44,46,22,8,14,8,0,8,39,30,9,15,12,3,24,18,6
S01013204,204,100,104,178,82,96,136,60,76,30,18,12,12,4,8,26,18,8,14,11,3,12,7,5
S01013205,127,49,78,84,32,52,52,26,26,20,6,14,12,0,12,43,17,26,11,7,4,32,10,22
S01013206,118,62,56,72,26,46,38,16,22,22,6,16,12,4,8,46,36,10,22,21,1,24,15,9
S01013207,127,54,73,98,42,56,68,30,38,22,8,14,8,4,4,29,12,17,17,6,11,12,6,6
S01013208,191,95,96,132,62,70,92,46,46,26,8,18,14,8,6,59,33,26,25,19,6,34,14,20
S01013209,125,79,46,86,50,36,70,44,26,12,6,6,4,0,4,39,29,10,17,13,4,22,16,6
S01013210,107,61,46,96,54,42,84,50,34,12,4,8,0,0,0,11,7,4,4,4,0,7,3,4
S01013211,158,86,72,128,64,64,108,52,56,18,10,8,2,2,0,30,22,8,20,15,5,10,7,3
S01013212,160,64,96,146,58,88,130,58,72,16,0,16,0,0,0,14,6,8,14,6,8,0,0,0
S01013213,149,70,79,138,64,74,116,52,64,20,10,10,2,2,0,11,6,5,10,5,5,1,1,0
S01013214,128,71,57,118,66,52,104,58,46,14,8,6,0,0,0,10,5,5,9,4,5,1,1,0
S01013215,135,84,51,104,62,42,74,44,30,18,6,12,12,12,0,31,22,9,20,15,5,11,7,4
S01013216,138,75,63,86,40,46,52,28,24,30,12,18,4,0,4,52,35,17,23,18,5,29,17,12
S01013217,154,88,66,108,56,52,86,42,44,18,10,8,4,4,0,46,32,14,30,22,8,16,10,6
S01013218,130,64,66,72,36,36,36,20,16,32,14,18,4,2,2,58,28,30,23,13,10,35,15,20
S01013219,98,49,49,62,28,34,22,18,4,28,8,20,12,2,10,36,21,15,16,8,8,20,13,7
S01013220,143,71,72,84,38,46,48,24,24,24,8,16,12,6,6,59,33,26,28,17,11,31,16,15
S01013221,207,111,96,142,66,76,90,40,50,42,22,20,10,4,6,65,45,20,35,28,7,30,17,13
S01013222,123,67,56,78,36,42,58,26,32,10,6,4,10,4,6,45,31,14,28,20,8,17,11,6
S01013223,199,103,96,148,72,76,106,50,56,30,14,16,12,8,4,51,31,20,26,15,11,25,16,9
S01013224,168,103,65,138,86,52,98,60,38,30,18,12,10,8,2,30,17,13,13,7,6,17,10,7
S01013225,179,85,94,124,58,66,84,38,46,30,10,20,10,10,0,55,27,28,33,22,11,22,5,17
S01013226,123,55,68,108,50,58,96,48,48,10,2,8,2,0,2,15,5,10,10,3,7,5,2,3
S01013227,148,74,74,102,50,52,64,32,32,26,12,14,12,6,6,46,24,22,20,10,10,26,14,12
S01013228,100,60,40,62,36,26,42,28,14,16,8,8,4,0,4,38,24,14,17,12,5,21,12,9
S01013229,167,95,72,112,62,50,84,48,36,22,8,14,6,6,0,55,33,22,32,18,14,23,15,8
S01013230,116,75,41,88,56,32,74,52,22,10,4,6,4,0,4,28,19,9,18,13,5,10,6,4
S01013231,138,79,59,108,60,48,84,46,38,20,10,10,4,4,0,30,19,11,22,14,8,8,5,3
S01013232,100,46,54,80,34,46,56,24,32,18,6,12,6,4,2,20,12,8,11,7,4,9,5,4
S01013233,76,29,47,68,24,44,50,16,34,18,8,10,0,0,0,8,5,3,6,3,3,2,2,0
S01013234,88,34,54,80,30,50,66,22,44,14,8,6,0,0,0,8,4,4,7,3,4,1,1,0
S01013235,114,67,47,96,50,46,68,32,36,18,12,6,10,6,4,18,17,1,11,10,1,7,7,0
S01013236,159,99,60,140,84,56,108,66,42,32,18,14,0,0,0,19,15,4,9,7,2,10,8,2
S01013237,194,109,85,160,90,70,134,78,56,20,8,12,6,4,2,34,19,15,14,6,8,20,13,7
S01013238,146,88,58,94,54,40,52,36,16,28,10,18,14,8,6,52,34,18,25,18,7,27,16,11
S01013239,189,103,86,120,58,62,70,30,40,44,26,18,6,2,4,69,45,24,21,18,3,48,27,21
S01013240,108,62,46,68,34,34,32,16,16,24,14,10,12,4,8,40,28,12,16,10,6,24,18,6
S01013241,140,68,72,138,68,70,124,60,64,12,8,4,2,0,2,2,0,2,1,0,1,1,0,1
S01013242,112,43,69,104,38,66,82,32,50,22,6,16,0,0,0,8,5,3,6,4,2,2,1,1
S01013243,152,69,83,126,50,76,74,34,40,36,10,26,16,6,10,26,19,7,19,13,6,7,6,1
S01013244,135,61,74,94,44,50,56,26,30,30,16,14,8,2,6,41,17,24,26,13,13,15,4,11
S01013245,255,137,118,230,120,110,184,106,78,42,12,30,4,2,2,25,17,8,15,10,5,10,7,3
S01013246,108,42,66,94,34,60,60,28,32,32,6,26,2,0,2,14,8,6,4,2,2,10,6,4
S01013247,170,93,77,118,66,52,74,42,32,36,18,18,8,6,2,52,27,25,22,13,9,30,14,16
S01013248,124,71,53,76,36,40,48,22,26,24,14,10,4,0,4,48,35,13,26,18,8,22,17,5
S01013249,98,51,47,78,42,36,56,32,24,16,8,8,6,2,4,20,9,11,13,5,8,7,4,3
S01013250,185,89,96,158,70,88,116,50,66,34,14,20,8,6,2,27,19,8,9,7,2,18,12,6
S01013251,216,95,121,166,68,98,86,46,40,58,10,48,22,12,10,50,27,23,19,12,7,31,15,16
S01013252,142,62,80,110,44,66,70,32,38,36,12,24,4,0,4,32,18,14,17,11,6,15,7,8
S01013253,137,71,66,112,56,56,72,36,36,30,12,18,10,8,2,25,15,10,14,9,5,11,6,5
S01013254,144,77,67,108,54,54,60,30,30,32,18,14,16,6,10,36,23,13,26,17,9,10,6,4
S01013255,173,89,84,134,70,64,110,60,50,16,4,12,8,6,2,39,19,20,29,16,13,10,3,7
S01013256,180,80,100,150,60,90,116,44,72,32,14,18,2,2,0,30,20,10,25,16,9,5,4,1
S01013257,139,70,69,118,58,60,78,38,40,32,14,18,8,6,2,21,12,9,16,9,7,5,3,2
S01013258,140,61,79,121,54,67,88,40,48,33,14,19,0,0,0,19,7,12,12,6,6,7,1,6
S01013259,164,68,96,112,38,74,76,22,54,34,14,20,2,2,0,52,30,22,31,19,12,21,11,10
S01013260,195,85,110,136,58,78,78,38,40,36,12,24,22,8,14,59,27,32,24,13,11,35,14,21
S01013261,190,94,96,146,68,78,82,46,36,50,22,28,14,0,14,44,26,18,19,11,8,25,15,10
S01013262,123,66,57,102,54,48,60,34,26,32,16,16,10,4,6,21,12,9,15,9,6,6,3,3
S01013263,154,33,121,144,30,114,98,26,72,42,4,38,4,0,4,10,3,7,7,2,5,3,1,2
S01013264,183,66,117,176,64,112,138,48,90,34,14,20,4,2,2,7,2,5,6,1,5,1,1,0
S01013265,227,75,152,216,72,144,178,62,116,38,10,28,0,0,0,11,3,8,8,3,5,3,0,3
S01013266,180,78,102,168,72,96,140,60,80,28,12,16,0,0,0,12,6,6,10,5,5,2,1,1
S01013267,126,66,60,92,46,46,66,34,32,16,8,8,10,4,6,34,20,14,20,12,8,14,8,6
S01013268,189,86,103,142,62,80,116,54,62,26,8,18,0,0,0,47,24,23,27,13,14,20,11,9
S01013269,257,118,139,228,98,130,172,70,102,52,26,26,4,2,2,29,20,9,23,16,7,6,4,2
S01013270,261,82,179,252,76,176,200,56,144,52,20,32,0,0,0,9,6,3,9,6,3,0,0,0
S01013271,119,43,76,112,40,72,82,30,52,30,10,20,0,0,0,7,3,4,5,1,4,2,2,0
S01013272,250,88,162,232,78,154,180,64,116,46,10,36,6,4,2,18,10,8,14,7,7,4,3,1
S01013273,352,137,215,334,132,202,286,118,168,48,14,34,0,0,0,18,5,13,16,4,12,2,1,1
S01013274,147,80,67,118,60,58,94,48,46,24,12,12,0,0,0,29,20,9,22,15,7,7,5,2
S01013275,176,73,103,156,62,94,124,44,80,32,18,14,0,0,0,20,11,9,15,8,7,5,3,2
S01013276,153,72,81,140,64,76,118,50,68,18,12,6,4,2,2,13,8,5,10,6,4,3,2,1
S01013277,188,104,84,138,72,66,100,52,48,28,14,14,10,6,4,50,32,18,29,20,9,21,12,9
S01013278,173,77,96,126,54,72,88,48,40,26,6,20,12,0,12,47,23,24,24,10,14,23,13,10
S01013279,171,72,99,114,42,72,62,28,34,38,8,30,14,6,8,57,30,27,24,13,11,33,17,16
S01013280,126,46,80,110,38,72,70,30,40,36,8,28,4,0,4,16,8,8,11,5,6,5,3,2
S01013281,212,81,131,166,60,106,104,38,66,50,16,34,12,6,6,46,21,25,23,12,11,23,9,14
S01013282,191,89,102,146,66,80,72,34,38,52,26,26,22,6,16,45,23,22,22,14,8,23,9,14
S01013283,117,69,48,88,54,34,54,36,18,28,14,14,6,4,2,29,15,14,19,12,7,10,3,7
S01013284,146,76,70,128,62,66,108,58,50,20,4,16,0,0,0,18,14,4,16,13,3,2,1,1
S01013285,146,70,76,118,48,70,102,38,64,14,10,4,2,0,2,28,22,6,19,16,3,9,6,3
S01013286,150,68,82,128,56,72,108,50,58,20,6,14,0,0,0,22,12,10,19,11,8,3,1,2
S01013287,207,94,113,192,84,108,170,74,96,22,10,12,0,0,0,15,10,5,13,8,5,2,2,0
S01013288,156,79,77,134,64,70,100,50,50,26,12,14,8,2,6,22,15,7,13,11,2,9,4,5
S01013289,190,72,118,172,64,108,130,50,80,40,12,28,2,2,0,18,8,10,17,8,9,1,0,1
S01013290,255,112,143,224,96,128,166,74,92,56,20,36,2,2,0,31,16,15,26,13,13,5,3,2
S01013291,224,78,146,196,60,136,174,54,120,22,6,16,0,0,0,28,18,10,21,14,7,7,4,3
S01013292,138,76,62,118,62,56,98,56,42,18,4,14,2,2,0,20,14,6,15,11,4,5,3,2
S01013293,189,91,98,174,82,92,152,76,76,20,6,14,2,0,2,15,9,6,12,7,5,3,2,1
S01013294,165,80,85,132,62,70,108,54,54,20,6,14,4,2,2,33,18,15,26,12,14,7,6,1
S01013295,156,83,73,132,66,66,110,56,54,18,10,8,4,0,4,24,17,7,18,13,5,6,4,2
S01013296,104,51,53,68,34,34,42,26,16,20,4,16,6,4,2,36,17,19,23,10,13,13,7,6
S01013297,148,69,79,126,56,70,100,46,54,18,6,12,8,4,4,22,13,9,19,12,7,3,1,2
S01013298,110,50,60,84,34,50,72,28,44,10,4,6,2,2,0,26,16,10,19,11,8,7,5,2
S01013299,244,127,117,198,104,94,156,88,68,30,12,18,12,4,8,46,23,23,26,15,11,20,8,12
S01013300,92,48,44,78,38,40,52,26,26,26,12,14,0,0,0,14,10,4,8,7,1,6,3,3
S01013301,79,43,36,56,26,30,38,16,22,16,8,8,2,2,0,23,17,6,12,9,3,11,8,3
S01013302,129,65,64,116,58,58,86,46,40,28,12,16,2,0,2,13,7,6,7,3,4,6,4,2
S01013303,143,62,81,128,54,74,92,40,52,28,12,16,8,2,6,15,8,7,12,8,4,3,0,3
S01013304,192,106,86,144,78,66,92,52,40,44,20,24,8,6,2,48,28,20,25,16,9,23,12,11
S01013305,165,80,85,122,58,64,92,46,46,20,6,14,10,6,4,43,22,21,28,15,13,15,7,8
S01013306,167,97,70,90,48,42,40,18,22,36,22,14,14,8,6,77,49,28,35,23,12,42,26,16
S01013307,237,112,125,184,84,100,102,52,50,58,26,32,24,6,18,53,28,25,19,11,8,34,17,17
S01013308,242,102,140,154,60,94,76,36,40,58,18,40,20,6,14,88,42,46,49,29,20,39,13,26
S01013309,153,56,97,130,40,90,100,34,66,24,6,18,6,0,6,23,16,7,18,15,3,5,1,4
S01013310,181,105,76,150,84,66,90,50,40,50,28,22,10,6,4,31,21,10,20,15,5,11,6,5
S01013311,172,65,107,126,42,84,72,30,42,44,8,36,10,4,6,46,23,23,23,8,15,23,15,8
S01013312,216,100,116,172,80,92,106,54,52,48,20,28,18,6,12,44,20,24,25,14,11,19,6,13
S01013313,148,62,86,116,44,72,78,32,46,28,6,22,10,6,4,32,18,14,24,11,13,8,7,1
S01013314,124,56,68,78,30,48,46,18,28,28,10,18,4,2,2,46,26,20,28,16,12,18,10,8
S01013315,225,90,135,220,86,134,176,78,98,40,8,32,4,0,4,5,4,1,5,4,1,0,0,0
S01013316,117,53,64,100,42,58,80,34,46,14,8,6,6,0,6,17,11,6,10,7,3,7,4,3
S01013317,93,59,34,78,50,28,64,38,26,14,12,2,0,0,0,15,9,6,11,7,4,4,2,2
S01013318,157,58,99,144,50,94,122,46,76,22,4,18,0,0,0,13,8,5,10,5,5,3,3,0
S01013319,160,67,93,132,46,86,108,42,66,20,2,18,4,2,2,28,21,7,21,18,3,7,3,4
S01013320,355,146,209,326,126,200,274,108,166,46,16,30,6,2,4,29,20,9,25,17,8,4,3,1
S01013321,69,43,26,52,30,22,32,14,18,18,14,4,2,2,0,17,13,4,10,9,1,7,4,3
S01013322,177,71,106,142,52,90,116,46,70,22,4,18,4,2,2,35,19,16,21,11,10,14,8,6
S01013323,206,110,96,152,74,78,110,54,56,32,16,16,10,4,6,54,36,18,33,21,12,21,15,6
S01013324,141,63,78,90,32,58,54,24,30,32,8,24,4,0,4,51,31,20,28,20,8,23,11,12
S01013325,244,135,109,140,66,74,100,46,54,20,8,12,20,12,8,104,69,35,53,42,11,51,27,24
S01013326,104,44,60,70,24,46,40,14,26,26,8,18,4,2,2,34,20,14,15,14,1,19,6,13
S01013327,141,56,85,94,38,56,54,24,30,26,8,18,14,6,8,47,18,29,27,12,15,20,6,14
S01013328,154,65,89,114,52,62,76,32,44,22,14,8,16,6,10,40,13,27,23,10,13,17,3,14
S01013329,103,44,59,80,36,44,52,24,28,16,6,10,12,6,6,23,8,15,11,5,6,12,3,9
S01013330,293,155,138,252,126,126,200,104,96,46,18,28,6,4,2,41,29,12,29,19,10,12,10,2
S01013331,199,93,106,178,78,100,124,50,74,50,24,26,4,4,0,21,15,6,15,11,4,6,4,2
S01013332,138,51,87,112,44,68,66,28,38,42,14,28,4,2,2,26,7,19,14,2,12,12,5,7
S01013333,227,113,114,198,96,102,138,64,74,50,24,26,10,8,2,29,17,12,18,10,8,11,7,4
S01013334,187,76,111,130,48,82,74,30,44,38,10,28,18,8,10,57,28,29,30,18,12,27,10,17
S01013335,227,100,127,156,74,82,92,46,46,50,20,30,14,8,6,71,26,45,24,13,11,47,13,34
S01013336,194,99,95,132,62,70,78,44,34,30,12,18,24,6,18,62,37,25,27,16,11,35,21,14
S01013337,189,67,122,170,54,116,132,40,92,30,10,20,8,4,4,19,13,6,17,11,6,2,2,0
S01013338,213,63,150,204,62,142,148,54,94,48,8,40,8,0,8,9,1,8,7,1,6,2,0,2
S01013339,135,62,73,116,52,64,98,44,54,18,8,10,0,0,0,19,10,9,18,10,8,1,0,1
S01013340,145,70,75,126,56,70,98,50,48,24,4,20,4,2,2,19,14,5,15,10,5,4,4,0
S01013341,213,104,109,190,90,100,146,72,74,38,12,26,6,6,0,23,14,9,18,11,7,5,3,2
S01013342,118,66,52,84,44,40,62,30,32,18,12,6,4,2,2,34,22,12,25,17,8,9,5,4
S01013343,168,92,76,142,76,66,100,54,46,40,20,20,2,2,0,26,16,10,17,13,4,9,3,6
S01013344,157,79,78,110,50,60,62,32,30,34,16,18,14,2,12,47,29,18,21,15,6,26,14,12
S01013345,182,77,105,134,54,80,64,20,44,60,28,32,10,6,4,48,23,25,27,17,10,21,6,15
S01013346,285,112,173,254,96,158,190,68,122,58,24,34,6,4,2,31,16,15,27,15,12,4,1,3
S01013347,150,68,82,134,60,74,108,50,58,24,8,16,2,2,0,16,8,8,13,7,6,3,1,2
S01013348,156,73,83,146,68,78,112,54,58,32,14,18,2,0,2,10,5,5,10,5,5,0,0,0
S01013349,203,121,82,162,90,72,112,56,56,38,22,16,12,12,0,41,31,10,21,19,2,20,12,8
S01013350,136,83,53,104,62,42,76,46,30,26,14,12,2,2,0,32,21,11,22,15,7,10,6,4
S01013351,174,84,90,140,68,72,98,50,48,30,14,16,12,4,8,34,16,18,25,15,10,9,1,8
S01013352,188,84,104,144,58,86,98,50,48,44,8,36,2,0,2,44,26,18,27,20,7,17,6,11
S01013353,146,62,84,108,44,64,70,26,44,28,14,14,10,4,6,38,18,20,24,10,14,14,8,6
S01013354,143,43,100,124,30,94,110,22,88,12,6,6,2,2,0,19,13,6,16,10,6,3,3,0
S01013355,157,66,91,132,50,82,88,34,54,36,14,22,8,2,6,25,16,9,16,11,5,9,5,4
S01013356,166,81,85,120,56,64,74,44,30,30,12,18,16,0,16,46,25,21,25,16,9,21,9,12
S01013357,187,92,95,160,78,82,130,66,64,18,8,10,12,4,8,27,14,13,16,10,6,11,4,7
S01013358,166,98,68,142,88,54,110,68,42,24,14,10,8,6,2,24,10,14,12,6,6,12,4,8
S01013359,117,59,58,74,32,42,46,26,20,18,6,12,10,0,10,43,27,16,26,18,8,17,9,8
S01013360,117,57,60,82,36,46,64,26,38,8,6,2,10,4,6,35,21,14,19,13,6,16,8,8
S01013361,82,43,39,56,24,32,42,18,24,10,4,6,4,2,2,26,19,7,24,18,6,2,1,1
S01013362,106,48,58,72,26,46,54,20,34,16,4,12,2,2,0,34,22,12,16,11,5,18,11,7
S01013363,139,74,65,84,34,50,56,20,36,14,8,6,14,6,8,55,40,15,31,24,7,24,16,8
S01013364,215,95,120,192,80,112,142,64,78,38,10,28,12,6,6,23,15,8,12,10,2,11,5,6
S01013365,141,80,61,114,62,52,94,52,42,18,8,10,2,2,0,27,18,9,13,9,4,14,9,5
S01013366,250,128,122,218,106,112,168,88,80,46,16,30,4,2,2,32,22,10,20,14,6,12,8,4
S01013367,159,69,90,152,64,88,118,52,66,28,8,20,6,4,2,7,5,2,5,4,1,2,1,1
S01013368,160,81,79,136,64,72,102,50,52,26,8,18,8,6,2,24,17,7,14,11,3,10,6,4
S01013369,198,103,95,136,72,64,72,46,26,52,18,34,12,8,4,62,31,31,32,17,15,30,14,16
S01013370,116,61,55,82,38,44,52,34,18,16,2,14,14,2,12,34,23,11,23,15,8,11,8,3
S01013371,101,46,55,70,28,42,58,24,34,8,2,6,4,2,2,31,18,13,17,12,5,14,6,8
S01013372,263,146,117,172,92,80,84,52,32,66,24,42,22,16,6,91,54,37,39,23,16,52,31,21
S01013373,173,73,100,120,44,76,84,30,54,24,10,14,12,4,8,53,29,24,26,17,9,27,12,15
S01013374,195,111,84,114,64,50,56,34,22,38,20,18,20,10,10,81,47,34,45,25,20,36,22,14
S01013375,124,68,56,92,50,42,66,40,26,12,4,8,14,6,8,32,18,14,19,10,9,13,8,5
S01013376,106,52,54,82,38,44,60,32,28,20,6,14,2,0,2,24,14,10,6,1,5,18,13,5
S01013377,123,53,70,94,38,56,64,26,38,22,10,12,8,2,6,29,15,14,19,10,9,10,5,5
S01013378,192,82,110,138,54,84,108,42,66,28,12,16,2,0,2,54,28,26,27,14,13,27,14,13
S01013379,152,81,71,120,58,62,102,50,52,10,6,4,8,2,6,32,23,9,13,10,3,19,13,6
S01013380,20,4,16,16,2,14,12,2,10,4,0,4,0,0,0,4,2,2,2,0,2,2,2,0
S01013381,97,34,63,78,26,52,62,18,44,10,4,6,6,4,2,19,8,11,8,3,5,11,5,6
S01013382,119,48,71,104,40,64,78,34,44,20,4,16,6,2,4,15,8,7,12,7,5,3,1,2
S01013383,122,73,49,92,52,40,70,36,34,20,16,4,2,0,2,30,21,9,12,9,3,18,12,6
S01013384,144,66,78,126,56,70,88,44,44,32,8,24,6,4,2,18,10,8,9,5,4,9,5,4
S01013385,82,34,48,66,26,40,48,24,24,16,2,14,2,0,2,16,8,8,16,8,8,0,0,0
S01013386,226,104,122,210,94,116,190,90,100,10,2,8,10,2,8,16,10,6,13,10,3,3,0,3
S01013387,136,66,70,98,46,52,56,26,30,32,16,16,10,4,6,38,20,18,18,9,9,20,11,9
S01013388,117,55,62,90,40,50,74,36,38,12,2,10,4,2,2,27,15,12,20,11,9,7,4,3
S01013389,160,79,81,126,60,66,102,50,52,20,8,12,4,2,2,34,19,15,23,14,9,11,5,6
S01013390,83,36,47,68,26,42,52,18,34,16,8,8,0,0,0,15,10,5,9,5,4,6,5,1
S01013391,87,40,47,74,30,44,46,16,30,22,10,12,6,4,2,13,10,3,10,10,0,3,0,3
S01013392,248,117,131,230,112,118,194,90,104,34,20,14,2,2,0,18,5,13,14,4,10,4,1,3
S01013393,174,82,92,142,60,82,96,44,52,34,10,24,12,6,6,32,22,10,14,11,3,18,11,7
S01013394,148,77,71,104,52,52,66,34,32,26,12,14,12,6,6,44,25,19,21,13,8,23,12,11
S01013395,198,118,80,118,70,48,42,30,12,50,20,30,26,20,6,80,48,32,32,20,12,48,28,20
S01013396,238,132,106,222,122,100,184,104,80,36,16,20,2,2,0,16,10,6,11,8,3,5,2,3
S01013397,171,89,82,142,70,72,108,56,52,24,12,12,10,2,8,29,19,10,12,8,4,17,11,6
S01013398,195,61,134,186,60,126,150,50,100,34,8,26,2,2,0,9,1,8,7,0,7,2,1,1
S01013399,296,147,149,270,136,134,226,118,108,38,12,26,6,6,0,26,11,15,20,7,13,6,4,2
S01013400,118,80,38,86,58,28,66,48,18,18,8,10,2,2,0,32,22,10,14,11,3,18,11,7
S01013401,233,114,119,206,96,110,166,86,80,30,10,20,10,0,10,27,18,9,9,7,2,18,11,7
S01013402,344,177,167,310,150,160,254,134,120,52,16,36,4,0,4,34,27,7,22,19,3,12,8,4
S01013403,304,131,173,276,114,162,230,100,130,40,10,30,6,4,2,28,17,11,19,10,9,9,7,2
S01013404,193,92,101,164,78,86,108,54,54,38,16,22,18,8,10,29,14,15,23,12,11,6,2,4
S01013405,112,63,49,96,50,46,72,36,36,14,6,8,10,8,2,16,13,3,9,6,3,7,7,0
S01013406,121,75,46,84,48,36,54,36,18,16,6,10,14,6,8,37,27,10,16,10,6,21,17,4
S01013407,100,49,51,72,34,38,50,26,24,22,8,14,0,0,0,28,15,13,12,7,5,16,8,8
S01013408,143,70,73,90,42,48,48,26,22,30,14,16,12,2,10,53,28,25,33,21,12,20,7,13
S01013409,248,114,134,194,78,116,148,58,90,26,14,12,20,6,14,54,36,18,37,26,11,17,10,7
S01013410,183,88,95,116,46,70,58,20,38,40,22,18,18,4,14,67,42,25,36,25,11,31,17,14
S01013411,125,51,74,104,42,62,74,34,40,28,8,20,2,0,2,21,9,12,15,6,9,6,3,3
S01013412,178,92,86,148,74,74,98,50,48,34,16,18,16,8,8,30,18,12,24,13,11,6,5,1
S01013413,167,74,93,158,68,90,122,50,72,32,18,14,4,0,4,9,6,3,6,3,3,3,3,0
S01013414,134,95,39,88,54,34,62,40,22,22,12,10,4,2,2,46,41,5,33,29,4,13,12,1
S01013415,86,49,37,52,26,26,32,14,18,8,8,0,12,4,8,34,23,11,16,11,5,18,12,6
S01013416,104,53,51,78,36,42,50,20,30,22,12,10,6,4,2,26,17,9,15,12,3,11,5,6
S01013417,118,71,47,100,56,44,64,38,26,30,14,16,6,4,2,18,15,3,11,10,1,7,5,2
S01013418,133,51,82,108,40,68,76,36,40,28,4,24,4,0,4,25,11,14,13,5,8,12,6,6
S01013419,108,52,56,98,46,52,80,42,38,18,4,14,0,0,0,10,6,4,7,4,3,3,2,1
S01013420,112,61,51,92,48,44,74,42,32,14,6,8,4,0,4,20,13,7,12,9,3,8,4,4
S01013421,283,127,156,264,116,148,220,100,120,44,16,28,0,0,0,19,11,8,13,8,5,6,3,3
S01013422,161,77,84,128,54,74,94,46,48,28,6,22,6,2,4,33,23,10,25,16,9,8,7,1
S01013423,184,76,108,162,64,98,126,46,80,30,14,16,6,4,2,22,12,10,15,9,6,7,3,4
S01013424,135,58,77,122,52,70,110,48,62,12,4,8,0,0,0,13,6,7,10,4,6,3,2,1
S01013425,89,46,43,78,38,40,64,34,30,10,4,6,4,0,4,11,8,3,7,6,1,4,2,2
S01013426,164,87,77,120,64,56,80,42,38,28,14,14,12,8,4,44,23,21,25,16,9,19,7,12
S01013427,119,44,75,108,38,70,88,32,56,20,6,14,0,0,0,11,6,5,8,5,3,3,1,2
S01013428,219,108,111,164,74,90,94,50,44,60,20,40,10,4,6,55,34,21,29,18,11,26,16,10
S01013429,132,60,72,102,42,60,66,34,32,28,8,20,8,0,8,30,18,12,20,13,7,10,5,5
S01013430,159,75,84,134,58,76,104,50,54,26,8,18,4,0,4,25,17,8,16,10,6,9,7,2
S01013431,132,68,64,104,54,50,76,40,36,20,8,12,8,6,2,28,14,14,17,11,6,11,3,8
S01013432,151,69,82,130,56,74,86,38,48,34,12,22,10,6,4,21,13,8,13,8,5,8,5,3
S01013433,177,77,100,160,68,92,118,46,72,28,14,14,14,8,6,17,9,8,12,6,6,5,3,2
S01013434,146,55,91,138,48,90,110,36,74,26,10,16,2,2,0,8,7,1,4,4,0,4,3,1
S01013435,207,48,159,196,40,156,150,36,114,46,4,42,0,0,0,11,8,3,11,8,3,0,0,0
S01013436,224,73,151,186,52,134,140,40,100,42,12,30,4,0,4,38,21,17,31,18,13,7,3,4
S01013437,101,53,48,78,38,40,60,30,30,16,6,10,2,2,0,23,15,8,15,11,4,8,4,4
S01013438,122,72,50,84,44,40,54,30,24,26,12,14,4,2,2,38,28,10,23,19,4,15,9,6
S01013439,204,63,141,196,58,138,150,46,104,44,10,34,2,2,0,8,5,3,8,5,3,0,0,0
S01013440,237,72,165,228,68,160,176,56,120,50,10,40,2,2,0,9,4,5,5,1,4,4,3,1
S01013441,169,70,99,164,66,98,130,52,78,28,12,16,6,2,4,5,4,1,4,3,1,1,1,0
S01013442,177,79,98,152,62,90,122,52,70,28,10,18,2,0,2,25,17,8,18,14,4,7,3,4
S01013443,132,48,84,114,40,74,82,30,52,30,10,20,2,0,2,18,8,10,12,5,7,6,3,3
S01013444,136,74,62,108,50,58,82,44,38,24,6,18,2,0,2,28,24,4,25,22,3,3,2,1
S01013445,151,38,113,146,34,112,114,28,86,30,4,26,2,2,0,5,4,1,4,3,1,1,1,0
S01013446,148,66,82,122,54,68,86,40,46,36,14,22,0,0,0,26,12,14,19,9,10,7,3,4
S01013447,247,60,187,236,52,184,184,44,140,50,8,42,2,0,2,11,8,3,10,7,3,1,1,0
S01013448,143,69,74,132,62,70,100,52,48,30,8,22,2,2,0,11,7,4,8,5,3,3,2,1
S01013449,153,61,92,142,54,88,128,48,80,12,4,8,2,2,0,11,7,4,10,6,4,1,1,0
S01013450,146,64,82,130,52,78,102,46,56,28,6,22,0,0,0,16,12,4,14,11,3,2,1,1
S01013451,276,99,177,256,88,168,212,70,142,40,18,22,4,0,4,20,11,9,16,10,6,4,1,3
S01013452,225,92,133,208,82,126,162,62,100,40,16,24,6,4,2,17,10,7,15,8,7,2,2,0
S01013453,171,78,93,114,40,74,68,32,36,32,6,26,14,2,12,57,38,19,30,19,11,27,19,8
S01013454,170,70,100,162,66,96,126,50,76,36,16,20,0,0,0,8,4,4,6,4,2,2,0,2
S01013455,98,32,66,92,30,62,70,28,42,20,2,18,2,0,2,6,2,4,2,1,1,4,1,3
S01013456,150,69,81,132,58,74,98,46,52,28,10,18,6,2,4,18,11,7,10,5,5,8,6,2
S01013457,188,93,95,134,56,78,94,40,54,30,14,16,10,2,8,54,37,17,24,17,7,30,20,10
S01013458,135,55,80,114,46,68,84,32,52,26,10,16,4,4,0,21,9,12,12,6,6,9,3,6
S01013459,129,63,66,104,46,58,72,32,40,26,10,16,6,4,2,25,17,8,18,10,8,7,7,0
S01013460,179,70,109,138,54,84,92,38,54,38,16,22,8,0,8,41,16,25,24,10,14,17,6,11
S01013461,308,159,149,258,126,132,186,98,88,50,22,28,22,6,16,50,33,17,33,23,10,17,10,7
S01013462,200,102,98,178,86,92,142,76,66,34,10,24,2,0,2,22,16,6,19,15,4,3,1,2
S01013463,182,81,101,132,54,78,94,46,48,22,2,20,16,6,10,50,27,23,27,17,10,23,10,13
S01013464,109,46,63,94,34,60,76,26,50,16,6,10,2,2,0,15,12,3,9,7,2,6,5,1
S01013465,100,48,52,86,44,42,60,32,28,18,6,12,8,6,2,14,4,10,9,2,7,5,2,3
S01013466,57,23,34,54,22,32,34,16,18,16,6,10,4,0,4,3,1,2,2,1,1,1,0,1
S01013467,305,162,143,292,154,138,244,140,104,46,12,34,2,2,0,13,8,5,10,6,4,3,2,1
S01013468,111,69,42,90,56,34,78,50,28,12,6,6,0,0,0,21,13,8,10,7,3,11,6,5
S01013469,119,54,65,100,44,56,90,38,52,6,2,4,4,4,0,19,10,9,15,8,7,4,2,2
S01013470,169,95,74,118,60,58,72,42,30,38,14,24,8,4,4,51,35,16,30,24,6,21,11,10
S01013471,201,91,110,148,60,88,102,48,54,40,10,30,6,2,4,53,31,22,33,17,16,20,14,6
S01013472,222,98,124,216,96,120,174,82,92,42,14,28,0,0,0,6,2,4,5,2,3,1,0,1
S01013473,254,96,158,244,88,156,184,72,112,56,16,40,4,0,4,10,8,2,8,6,2,2,2,0
S01013474,204,80,124,188,68,120,142,54,88,40,12,28,6,2,4,16,12,4,13,9,4,3,3,0
S01013475,144,75,69,128,62,66,100,48,52,24,12,12,4,2,2,16,13,3,5,3,2,11,10,1
S01013476,122,78,44,106,66,40,82,48,34,18,14,4,6,4,2,16,12,4,8,6,2,8,6,2
S01013477,101,57,44,72,38,34,50,26,24,18,10,8,4,2,2,29,19,10,15,10,5,14,9,5
S01013478,217,94,123,182,72,110,140,56,84,34,12,22,8,4,4,35,22,13,22,15,7,13,7,6
S01013479,119,69,50,84,44,40,56,38,18,28,6,22,0,0,0,35,25,10,24,19,5,11,6,5
S01013480,125,64,61,106,52,54,66,36,30,38,14,24,2,2,0,19,12,7,12,7,5,7,5,2
S01013481,66,33,33,56,24,32,46,20,26,8,4,4,2,0,2,10,9,1,5,4,1,5,5,0
