,LC2120SCdz0001,LC2120SCdz0002,LC2120SCdz0003,LC2120SCdz0004,LC2120SCdz0005,LC2120SCdz0006,LC2120SCdz0007,LC2120SCdz0008,LC2120SCdz0009,LC2120SCdz0010,LC2120SCdz0011,LC2120SCdz0012,LC2120SCdz0013,LC2120SCdz0014,LC2120SCdz0015,LC2120SCdz0016,LC2120SCdz0017,LC2120SCdz0018,LC2120SCdz0019,LC2120SCdz0020,LC2120SCdz0021
S92000003,5118223,87056,5031167,739151,9686,729465,632488,9653,622835,667327,10875,656452,1145683,19155,1126528,1043240,18999,1024241,890334,18688,871646
S01006506,834,13,821,85,1,84,79,0,79,152,5,147,213,3,210,181,2,179,124,2,122
S01006507,815,1,814,119,0,119,80,0,80,79,0,79,177,1,176,210,0,210,150,0,150
S01006508,618,13,605,66,0,66,63,0,63,121,6,115,172,5,167,141,1,140,55,1,54
S01006509,559,6,553,80,0,80,45,0,45,72,1,71,130,0,130,128,2,126,104,3,101
S01006510,626,10,616,77,0,77,64,0,64,54,0,54,140,2,138,123,2,121,168,6,162
S01006511,738,3,735,105,0,105,80,0,80,39,0,39,153,0,153,172,2,170,189,1,188
S01006512,504,2,502,144,1,143,45,0,45,18,0,18,145,0,145,103,0,103,49,1,48
S01006513,631,4,627,102,0,102,44,0,44,34,0,34,136,2,134,117,0,117,198,2,196
S01006514,1019,8,1011,210,0,210,101,1,100,72,1,71,233,1,232,218,4,214,185,1,184
S01006515,745,8,737,176,0,176,71,1,70,49,0,49,174,3,171,180,2,178,95,2,93
S01006516,527,8,519,75,2,73,75,0,75,56,3,53,117,0,117,117,1,116,87,2,85
S01006517,989,11,978,181,3,178,95,0,95,61,0,61,219,3,216,254,4,250,179,1,178
S01006518,613,4,609,99,0,99,57,0,57,38,0,38,128,3,125,165,0,165,126,1,125
S01006519,850,11,839,175,4,171,105,1,104,50,0,50,177,2,175,227,2,225,116,2,114
S01006520,707,2,705,202,0,202,78,0,78,19,0,19,212,0,212,159,2,157,37,0,37
S01006521,635,16,619,122,1,121,66,3,63,55,2,53,182,8,174,151,2,149,59,0,59
S01006522,544,7,537,106,0,106,42,0,42,47,0,47,134,1,133,129,2,127,86,4,82
S01006523,910,12,898,144,1,143,80,0,80,84,1,83,198,0,198,201,6,195,203,4,199
S01006524,895,6,889,123,0,123,84,1,83,78,0,78,166,1,165,202,3,199,242,1,241
S01006525,778,5,773,128,0,128,69,0,69,45,0,45,173,0,173,177,1,176,186,4,182
S01006526,873,10,863,89,0,89,185,6,179,139,2,137,149,1,148,139,0,139,172,1,171
S01006527,660,4,656,101,1,100,104,1,103,82,0,82,134,2,132,124,0,124,115,0,115
S01006528,1003,22,981,127,1,126,196,8,188,181,7,174,169,3,166,150,1,149,180,2,178
S01006529,867,14,853,77,0,77,144,2,142,203,7,196,157,2,155,129,2,127,157,1,156
S01006530,738,9,729,67,1,66,135,1,134,105,3,102,135,1,134,179,2,177,117,1,116
S01006531,928,13,915,117,0,117,190,3,187,145,3,142,165,4,161,152,1,151,159,2,157
S01006532,723,9,714,79,0,79,72,2,70,82,1,81,155,1,154,130,1,129,205,4,201
S01006533,683,8,675,89,0,89,66,0,66,68,1,67,170,2,168,169,4,165,121,1,120
S01006534,876,8,868,147,0,147,64,1,63,115,0,115,240,5,235,173,1,172,137,1,136
S01006535,1002,23,979,90,2,88,137,1,136,283,2,281,233,10,223,160,5,155,99,3,96
S01006536,980,18,962,60,0,60,182,7,175,312,4,308,214,6,208,125,1,124,87,0,87
S01006537,730,16,714,92,4,88,51,3,48,54,1,53,157,1,156,164,4,160,212,3,209
S01006538,548,15,533,68,0,68,54,1,53,41,0,41,124,6,118,127,3,124,134,5,129
S01006539,722,2,720,96,0,96,54,1,53,70,0,70,151,0,151,170,1,169,181,0,181
S01006540,918,11,907,93,0,93,85,2,83,146,5,141,220,2,218,204,0,204,170,2,168
S01006541,761,10,751,81,0,81,48,0,48,82,1,81,168,1,167,139,2,137,243,6,237
S01006542,973,10,963,99,0,99,64,0,64,95,0,95,210,3,207,219,4,215,286,3,283
S01006543,771,15,756,93,0,93,54,0,54,54,0,54,172,4,168,161,5,156,237,6,231
S01006544,1034,10,1024,104,1,103,103,1,102,203,3,200,231,1,230,211,4,207,182,0,182
S01006545,1028,21,1007,93,6,87,74,2,72,173,4,169,191,3,188,218,4,214,279,2,277
S01006546,613,5,608,87,0,87,58,0,58,48,1,47,137,2,135,149,1,148,134,1,133
S01006547,880,10,870,111,2,109,86,3,83,91,2,89,167,1,166,187,2,185,238,0,238
S01006548,700,10,690,82,1,81,58,0,58,59,2,57,138,4,134,145,1,144,218,2,216
S01006549,789,7,782,90,0,90,68,0,68,78,1,77,181,2,179,179,1,178,193,3,190
S01006550,921,9,912,100,0,100,73,0,73,72,4,68,182,3,179,227,1,226,267,1,266
S01006551,673,8,665,82,0,82,53,2,51,87,1,86,153,1,152,114,3,111,184,1,183
S01006552,842,2,840,89,0,89,75,0,75,158,1,157,163,0,163,219,1,218,138,0,138
S01006553,825,8,817,99,0,99,54,2,52,57,1,56,151,1,150,163,3,160,301,1,300
S01006554,691,11,680,76,0,76,70,1,69,103,1,102,141,3,138,137,4,133,164,2,162
S01006555,774,17,757,118,1,117,86,2,84,165,6,159,199,4,195,129,3,126,77,1,76
S01006556,808,6,802,101,0,101,87,2,85,118,0,118,159,1,158,154,2,152,189,1,188
S01006557,674,3,671,93,1,92,87,0,87,91,1,90,171,0,171,128,0,128,104,1,103
S01006558,607,11,596,44,0,44,77,0,77,150,5,145,134,1,133,111,3,108,91,2,89
S01006559,594,9,585,81,1,80,83,2,81,99,1,98,126,1,125,133,3,130,72,1,71
S01006560,998,10,988,151,1,150,95,0,95,135,2,133,235,2,233,174,4,170,208,1,207
S01006561,745,9,736,130,0,130,72,2,70,80,1,79,177,2,175,167,3,164,119,1,118
S01006562,708,4,704,100,0,100,64,0,64,60,1,59,157,0,157,171,3,168,156,0,156
S01006563,797,7,790,126,0,126,74,0,74,98,1,97,191,3,188,156,2,154,152,1,151
S01006564,957,36,921,66,2,64,207,10,197,247,8,239,204,9,195,122,3,119,111,4,107
S01006565,966,22,944,13,0,13,328,10,318,323,8,315,156,2,154,88,2,86,58,0,58
S01006566,735,17,718,51,0,51,105,3,102,245,8,237,150,3,147,125,3,122,59,0,59
S01006567,817,25,792,28,1,27,190,7,183,266,7,259,141,5,136,102,4,98,90,1,89
S01006568,901,14,887,25,0,25,209,6,203,390,3,387,171,4,167,80,1,79,26,0,26
S01006569,542,9,533,47,0,47,91,2,89,150,0,150,123,3,120,75,0,75,56,4,52
S01006570,758,6,752,101,0,101,98,0,98,156,0,156,184,2,182,117,3,114,102,1,101
S01006571,856,8,848,108,0,108,100,3,97,159,1,158,227,0,227,166,3,163,96,1,95
S01006572,873,8,865,155,2,153,75,1,74,66,1,65,214,2,212,209,2,207,154,0,154
S01006573,706,6,700,140,0,140,67,1,66,84,0,84,197,4,193,143,1,142,75,0,75
S01006574,974,11,963,165,2,163,97,0,97,112,1,111,221,1,220,240,3,237,139,4,135
S01006575,910,11,899,142,3,139,116,2,114,150,1,149,238,3,235,158,1,157,106,1,105
S01006576,695,7,688,118,0,118,79,0,79,132,2,130,190,4,186,106,1,105,70,0,70
S01006577,748,11,737,66,0,66,106,3,103,225,4,221,152,1,151,128,2,126,71,1,70
S01006578,1074,28,1046,49,0,49,207,6,201,391,12,379,202,8,194,119,2,117,106,0,106
S01006579,945,17,928,31,0,31,210,2,208,400,10,390,175,4,171,79,0,79,50,1,49
S01006580,700,12,688,57,0,57,96,2,94,223,3,220,152,3,149,113,2,111,59,2,57
S01006581,877,14,863,132,1,131,81,3,78,85,1,84,229,5,224,201,3,198,149,1,148
S01006582,847,19,828,30,0,30,205,7,198,331,6,325,151,2,149,99,4,95,31,0,31
S01006583,699,15,684,21,0,21,250,7,243,247,6,241,120,2,118,37,0,37,24,0,24
S01006584,607,10,597,34,0,34,179,4,175,194,5,189,114,0,114,61,0,61,25,1,24
S01006585,780,7,773,46,0,46,179,3,176,206,2,204,127,1,126,126,0,126,96,1,95
S01006586,1009,28,981,18,2,16,257,10,247,314,12,302,143,3,140,149,1,148,128,0,128
S01006587,517,14,503,13,0,13,153,8,145,199,4,195,91,2,89,48,0,48,13,0,13
S01006588,569,18,551,18,0,18,189,5,184,245,12,233,81,1,80,36,0,36,0,0,0
S01006589,667,19,648,37,0,37,205,9,196,235,4,231,103,1,102,67,3,64,20,2,18
S01006590,686,10,676,30,0,30,153,2,151,266,5,261,133,3,130,74,0,74,30,0,30
S01006591,707,13,694,53,1,52,160,2,158,228,4,224,144,3,141,102,3,99,20,0,20
S01006592,650,5,645,43,0,43,107,1,106,284,4,280,128,0,128,61,0,61,27,0,27
S01006593,748,21,727,41,0,41,168,6,162,253,8,245,148,1,147,83,3,80,55,3,52
S01006594,527,10,517,19,0,19,88,3,85,145,3,142,83,2,81,77,0,77,115,2,113
S01006595,909,11,898,57,0,57,158,5,153,352,3,349,184,2,182,110,1,109,48,0,48
S01006596,699,10,689,60,0,60,95,2,93,188,4,184,177,2,175,107,2,105,72,0,72
S01006597,513,12,501,15,0,15,119,4,115,217,6,211,97,1,96,39,0,39,26,1,25
S01006598,912,14,898,107,1,106,80,3,77,175,2,173,239,4,235,200,3,197,111,1,110
S01006599,791,19,772,40,1,39,128,2,126,177,2,175,145,7,138,142,2,140,159,5,154
S01006600,1081,17,1064,103,1,102,115,1,114,209,4,205,230,4,226,165,4,161,259,3,256
S01006601,977,31,946,78,5,73,139,4,135,236,6,230,246,12,234,156,1,155,122,3,119
S01006602,851,6,845,114,0,114,77,0,77,112,0,112,202,2,200,156,2,154,190,2,188
S01006603,813,10,803,109,2,107,85,0,85,126,4,122,167,1,166,166,2,164,160,1,159
S01006604,662,5,657,75,0,75,89,0,89,69,2,67,142,3,139,160,0,160,127,0,127
S01006605,759,12,747,101,0,101,79,0,79,136,5,131,144,2,142,120,4,116,179,1,178
S01006606,803,6,797,71,0,71,75,0,75,83,1,82,175,3,172,177,0,177,222,2,220
S01006607,906,3,903,137,0,137,110,2,108,98,0,98,224,0,224,168,0,168,169,1,168
S01006608,702,10,692,104,2,102,84,1,83,81,1,80,156,2,154,158,4,154,119,0,119
S01006609,1031,13,1018,145,1,144,108,0,108,128,7,121,210,2,208,228,2,226,212,1,211
S01006610,435,2,433,49,0,49,55,1,54,59,0,59,83,0,83,88,0,88,101,1,100
S01006611,891,6,885,119,0,119,101,0,101,136,1,135,181,1,180,171,2,169,183,2,181
S01006612,841,6,835,100,0,100,100,0,100,107,0,107,211,1,210,177,4,173,146,1,145
S01006613,593,8,585,100,0,100,73,1,72,80,3,77,182,2,180,111,1,110,47,1,46
S01006614,632,8,624,141,1,140,33,1,32,121,2,119,228,3,225,87,1,86,22,0,22
S01006615,744,12,732,181,2,179,56,2,54,133,1,132,243,3,240,96,3,93,35,1,34
S01006616,760,3,757,95,2,93,112,0,112,162,1,161,200,0,200,156,0,156,35,0,35
S01006617,665,2,663,91,0,91,71,0,71,65,0,65,163,1,162,163,1,162,112,0,112
S01006618,508,3,505,39,0,39,62,2,60,43,0,43,114,0,114,164,1,163,86,0,86
S01006619,860,10,850,116,0,116,91,0,91,104,2,102,219,0,219,229,6,223,101,2,99
S01006620,818,9,809,80,0,80,91,2,89,135,0,135,174,3,171,207,3,204,131,1,130
S01006621,499,1,498,71,0,71,48,0,48,70,0,70,119,1,118,128,0,128,63,0,63
S01006622,645,5,640,96,0,96,76,0,76,128,1,127,197,3,194,120,1,119,28,0,28
S01006623,743,6,737,73,1,72,84,1,83,118,1,117,171,2,169,140,0,140,157,1,156
S01006624,937,19,918,46,0,46,151,2,149,271,5,266,233,7,226,145,5,140,91,0,91
S01006625,599,6,593,52,0,52,85,0,85,94,3,91,136,1,135,140,1,139,92,1,91
S01006626,696,13,683,82,0,82,96,1,95,119,4,115,149,6,143,123,2,121,127,0,127
S01006627,822,27,795,49,0,49,138,4,134,227,12,215,222,6,216,135,4,131,51,1,50
S01006628,1046,27,1019,68,1,67,202,5,197,331,14,317,256,3,253,151,3,148,38,1,37
S01006629,771,12,759,121,0,121,115,5,110,110,1,109,156,4,152,137,1,136,132,1,131
S01006630,605,12,593,116,1,115,83,1,82,63,0,63,127,3,124,140,6,134,76,1,75
S01006631,908,7,901,103,0,103,98,0,98,163,0,163,194,5,189,165,2,163,185,0,185
S01006632,772,15,757,114,0,114,83,3,80,171,1,170,174,4,170,145,5,140,85,2,83
S01006633,670,10,660,141,0,141,97,0,97,98,4,94,146,1,145,121,4,117,67,1,66
S01006634,601,16,585,136,2,134,79,1,78,120,5,115,131,5,126,92,2,90,43,1,42
S01006635,631,5,626,109,0,109,81,1,80,83,0,83,161,3,158,99,1,98,98,0,98
S01006636,819,14,805,178,2,176,100,2,98,125,2,123,211,6,205,112,0,112,93,2,91
S01006637,730,18,712,31,0,31,136,6,130,185,2,183,133,6,127,127,3,124,118,1,117
S01006638,824,20,804,29,0,29,243,5,238,237,8,229,148,4,144,96,3,93,71,0,71
S01006639,929,16,913,29,0,29,258,5,253,241,7,234,128,3,125,120,0,120,153,1,152
S01006640,705,9,696,21,0,21,285,3,282,268,6,262,82,0,82,43,0,43,6,0,6
S01006641,1021,24,997,41,0,41,324,7,317,336,12,324,152,4,148,113,1,112,55,0,55
S01006642,1351,30,1321,19,1,18,801,14,787,276,5,271,124,7,117,89,3,86,42,0,42
S01006643,717,21,696,8,0,8,343,12,331,224,8,216,76,1,75,45,0,45,21,0,21
S01006644,950,25,925,35,0,35,365,10,355,276,8,268,147,5,142,84,1,83,43,1,42
S01006645,639,13,626,62,2,60,108,0,108,161,2,159,136,5,131,104,3,101,68,1,67
S01006646,993,21,972,14,0,14,597,16,581,219,2,217,66,1,65,41,2,39,56,0,56
S01006647,621,20,601,71,0,71,141,5,136,135,6,129,120,4,116,89,5,84,65,0,65
S01006648,1774,57,1717,44,1,43,956,29,927,451,14,437,200,8,192,95,5,90,28,0,28
S01006649,935,35,900,43,0,43,320,17,303,291,12,279,147,6,141,100,0,100,34,0,34
S01006650,845,21,824,32,0,32,294,11,283,270,8,262,123,1,122,85,1,84,41,0,41
S01006651,629,17,612,17,0,17,203,6,197,164,9,155,78,2,76,87,0,87,80,0,80
S01006652,539,9,530,23,0,23,184,2,182,182,4,178,84,2,82,32,1,31,34,0,34
S01006653,547,5,542,34,0,34,139,0,139,165,3,162,98,1,97,75,1,74,36,0,36
S01006654,884,15,869,86,1,85,155,5,150,172,5,167,183,1,182,154,3,151,134,0,134
S01006655,699,10,689,49,0,49,113,5,108,159,0,159,178,2,176,123,1,122,77,2,75
S01006656,940,24,916,82,0,82,245,8,237,274,8,266,181,2,179,101,4,97,57,2,55
S01006657,520,6,514,38,0,38,140,2,138,154,3,151,116,0,116,55,1,54,17,0,17
S01006658,993,37,956,115,5,110,295,19,276,283,12,271,178,1,177,80,0,80,42,0,42
S01006659,617,22,595,23,0,23,258,11,247,121,6,115,73,1,72,77,1,76,65,3,62
S01006660,507,16,491,82,0,82,157,10,147,130,3,127,101,1,100,30,2,28,7,0,7
S01006661,610,9,601,20,0,20,229,4,225,140,2,138,64,1,63,98,1,97,59,1,58
S01006662,805,17,788,67,2,65,333,6,327,201,5,196,117,3,114,67,0,67,20,1,19
S01006663,542,10,532,20,0,20,285,4,281,111,3,108,56,2,54,47,1,46,23,0,23
S01006664,501,11,490,30,0,30,206,6,200,118,4,114,61,0,61,57,0,57,29,1,28
S01006665,703,14,689,22,0,22,344,9,335,156,3,153,77,0,77,53,1,52,51,1,50
S01006666,830,15,815,88,0,88,105,5,100,159,4,155,142,0,142,159,5,154,177,1,176
S01006667,720,25,695,67,3,64,110,2,108,164,11,153,154,4,150,132,5,127,93,0,93
S01006668,894,28,866,36,0,36,426,12,414,228,11,217,94,4,90,69,1,68,41,0,41
S01006669,1202,40,1162,41,1,40,543,13,530,192,14,178,132,7,125,153,2,151,141,3,138
S01006670,915,14,901,14,0,14,435,7,428,191,3,188,107,3,104,72,0,72,96,1,95
S01006671,2402,73,2329,47,1,46,1817,65,1752,283,4,279,115,2,113,66,1,65,74,0,74
S01006672,771,23,748,86,2,84,206,8,198,168,6,162,134,4,130,82,1,81,95,2,93
S01006673,831,11,820,71,1,70,254,7,247,181,3,178,160,0,160,118,0,118,47,0,47
S01006674,887,17,870,108,0,108,97,0,97,169,5,164,168,3,165,153,5,148,192,4,188
S01006675,658,19,639,128,2,126,109,7,102,147,3,144,174,6,168,90,1,89,10,0,10
S01006676,702,11,691,96,0,96,105,2,103,139,2,137,135,2,133,125,5,120,102,0,102
S01006677,691,15,676,70,0,70,139,5,134,134,5,129,155,4,151,123,1,122,70,0,70
S01006678,1083,20,1063,148,1,147,179,6,173,234,9,225,230,4,226,176,0,176,116,0,116
S01006679,628,3,625,47,0,47,75,1,74,82,0,82,143,1,142,154,1,153,127,0,127
S01006680,792,8,784,124,2,122,80,0,80,226,4,222,172,2,170,109,0,109,81,0,81
S01006681,818,15,803,53,0,53,94,2,92,158,4,154,145,3,142,118,4,114,250,2,248
S01006682,810,14,796,148,1,147,129,2,127,158,5,153,180,1,179,121,5,116,74,0,74
S01006683,820,18,802,123,1,122,174,7,167,207,5,202,200,4,196,76,0,76,40,1,39
S01006684,651,22,629,46,2,44,116,2,114,158,7,151,171,7,164,116,3,113,44,1,43
S01006685,715,16,699,77,2,75,104,2,102,166,5,161,165,2,163,117,3,114,86,2,84
S01006686,594,8,586,73,0,73,78,1,77,114,0,114,130,2,128,107,2,105,92,3,89
S01006687,795,13,782,76,1,75,112,1,111,156,4,152,148,4,144,159,2,157,144,1,143
S01006688,925,5,920,74,0,74,84,0,84,98,1,97,149,0,149,206,2,204,314,2,312
S01006689,601,13,588,55,0,55,100,2,98,151,0,151,128,7,121,112,4,108,55,0,55
S01006690,570,8,562,37,0,37,110,0,110,125,3,122,103,1,102,96,2,94,99,2,97
S01006691,537,8,529,40,1,39,121,1,120,129,5,124,107,1,106,74,0,74,66,0,66
S01006692,715,9,706,46,0,46,125,0,125,103,1,102,121,3,118,172,4,168,148,1,147
S01006693,960,12,948,126,0,126,180,2,178,221,5,216,191,2,189,141,3,138,101,0,101
S01006694,823,9,814,88,3,85,80,0,80,92,1,91,110,1,109,146,2,144,307,2,305
S01006695,691,5,686,83,1,82,65,0,65,76,2,74,147,1,146,154,0,154,166,1,165
S01006696,824,8,816,129,2,127,126,1,125,121,0,121,160,5,155,135,0,135,153,0,153
S01006697,895,9,886,123,1,122,135,0,135,109,0,109,210,6,204,149,2,147,169,0,169
S01006698,664,6,658,56,0,56,93,1,92,152,0,152,103,0,103,96,3,93,164,2,162
S01006699,455,4,451,45,0,45,72,0,72,75,1,74,97,2,95,82,1,81,84,0,84
S01006700,813,23,790,59,2,57,117,7,110,140,4,136,133,2,131,162,5,157,202,3,199
S01006701,704,13,691,150,0,150,67,5,62,124,2,122,155,3,152,114,2,112,94,1,93
S01006702,728,1,727,93,0,93,63,0,63,99,0,99,147,0,147,173,0,173,153,1,152
S01006703,650,11,639,128,3,125,69,1,68,82,3,79,153,1,152,124,3,121,94,0,94
S01006704,573,6,567,92,1,91,65,0,65,95,1,94,124,0,124,122,4,118,75,0,75
S01006705,717,3,714,90,0,90,71,0,71,80,0,80,139,1,138,174,2,172,163,0,163
S01006706,592,1,591,97,0,97,76,0,76,82,1,81,143,0,143,110,0,110,84,0,84
S01006707,659,10,649,116,0,116,77,1,76,105,4,101,160,2,158,121,3,118,80,0,80
S01006708,770,9,761,102,0,102,71,0,71,76,3,73,167,3,164,155,1,154,199,2,197
S01006709,821,10,811,143,0,143,111,1,110,113,2,111,163,3,160,163,2,161,128,2,126
S01006710,835,5,830,82,0,82,69,0,69,77,2,75,153,1,152,225,1,224,229,1,228
S01006711,908,10,898,101,0,101,81,1,80,108,2,106,169,0,169,254,5,249,195,2,193
S01006712,502,4,498,48,0,48,40,1,39,60,0,60,104,2,102,121,0,121,129,1,128
S01006713,919,8,911,131,4,127,111,1,110,97,0,97,209,1,208,199,2,197,172,0,172
S01006714,688,6,682,99,0,99,71,2,69,68,1,67,136,0,136,168,1,167,146,2,144
S01006715,595,3,592,156,0,156,84,0,84,69,1,68,146,2,144,89,0,89,51,0,51
S01006716,586,11,575,90,1,89,88,2,86,73,4,69,132,2,130,134,1,133,69,1,68
S01006717,939,10,929,120,0,120,89,3,86,141,2,139,178,0,178,209,2,207,202,3,199
S01006718,616,3,613,97,0,97,89,0,89,53,0,53,145,2,143,134,1,133,98,0,98
S01006719,886,8,878,162,0,162,113,0,113,115,2,113,212,3,209,179,3,176,105,0,105
S01006720,565,1,564,88,0,88,57,0,57,81,1,80,125,0,125,140,0,140,74,0,74
S01006721,858,6,852,123,1,122,100,0,100,117,3,114,187,1,186,201,1,200,130,0,130
S01006722,748,2,746,129,1,128,94,0,94,107,0,107,141,0,141,166,1,165,111,0,111
S01006723,638,11,627,85,2,83,68,1,67,79,4,75,144,1,143,158,2,156,104,1,103
S01006724,954,21,933,267,3,264,156,2,154,132,4,128,238,10,228,122,0,122,39,2,37
S01006725,642,7,635,110,1,109,85,1,84,80,0,80,135,2,133,156,3,153,76,0,76
S01006726,1325,25,1300,340,5,335,215,2,213,236,10,226,316,4,312,165,4,161,53,0,53
S01006727,974,8,966,190,1,189,144,0,144,156,4,152,207,2,205,151,0,151,126,1,125
S01006728,716,13,703,128,2,126,94,3,91,103,1,102,158,3,155,130,3,127,103,1,102
S01006729,791,11,780,152,0,152,108,0,108,99,7,92,193,2,191,143,1,142,96,1,95
S01006730,687,9,678,108,0,108,84,1,83,91,2,89,156,1,155,163,5,158,85,0,85
S01006731,559,4,555,77,0,77,73,1,72,64,0,64,124,1,123,153,0,153,68,2,66
S01006732,1019,7,1012,161,0,161,182,4,178,110,1,109,239,1,238,186,1,185,141,0,141
S01006733,858,8,850,212,2,210,68,0,68,74,1,73,307,5,302,138,0,138,59,0,59
S01006734,924,5,919,168,0,168,63,0,63,127,1,126,274,4,270,166,0,166,126,0,126
S01006735,599,8,591,98,1,97,50,1,49,35,0,35,117,1,116,161,4,157,138,1,137
S01006736,997,11,986,225,1,224,68,1,67,199,0,199,329,6,323,146,2,144,30,1,29
S01006737,652,11,641,108,2,106,51,0,51,76,2,74,157,2,155,146,3,143,114,2,112
S01006738,793,9,784,79,0,79,85,3,82,231,1,230,191,3,188,143,1,142,64,1,63
S01006739,581,7,574,52,0,52,66,1,65,144,3,141,141,1,140,109,2,107,69,0,69
S01006740,712,10,702,75,0,75,81,0,81,94,0,94,143,4,139,178,3,175,141,3,138
S01006741,643,7,636,47,0,47,40,0,40,76,3,73,109,2,107,150,2,148,221,0,221
S01006742,440,4,436,52,0,52,27,1,26,62,1,61,91,0,91,70,0,70,138,2,136
S01006743,524,6,518,43,0,43,61,0,61,84,0,84,113,1,112,110,3,107,113,2,111
S01006744,584,4,580,60,0,60,60,1,59,98,2,96,144,0,144,143,1,142,79,0,79
S01006745,801,15,786,94,2,92,93,2,91,92,1,91,179,5,174,162,0,162,181,5,176
S01006746,814,1,813,102,0,102,101,1,100,97,0,97,169,0,169,149,0,149,196,0,196
S01006747,800,4,796,72,0,72,61,1,60,57,0,57,165,2,163,175,1,174,270,0,270
S01006748,896,7,889,124,0,124,74,2,72,92,0,92,196,2,194,212,1,211,198,2,196
S01006749,884,6,878,111,2,109,79,1,78,126,0,126,183,1,182,221,0,221,164,2,162
S01006750,699,8,691,72,3,69,76,2,74,70,0,70,129,1,128,168,1,167,184,1,183
S01006751,495,3,492,59,0,59,41,0,41,50,0,50,105,0,105,112,0,112,128,3,125
S01006752,688,8,680,92,0,92,65,1,64,84,2,82,128,1,127,148,2,146,171,2,169
S01006753,884,11,873,105,2,103,82,0,82,77,1,76,192,1,191,194,3,191,234,4,230
S01006754,881,8,873,73,0,73,85,0,85,72,0,72,201,3,198,222,1,221,228,4,224
S01006755,708,6,702,134,1,133,70,1,69,118,1,117,204,2,202,115,1,114,67,0,67
S01006756,695,13,682,79,1,78,101,2,99,183,3,180,161,6,155,83,1,82,88,0,88
S01006757,816,6,810,67,1,66,86,0,86,134,3,131,177,2,175,168,0,168,184,0,184
S01006758,677,7,670,78,0,78,70,0,70,96,3,93,173,1,172,179,1,178,81,2,79
S01006759,580,1,579,88,0,88,58,0,58,63,0,63,135,1,134,155,0,155,81,0,81
S01006760,469,5,464,48,0,48,57,0,57,102,0,102,107,0,107,104,1,103,51,4,47
S01006761,683,5,678,54,0,54,70,1,69,71,0,71,130,2,128,219,0,219,139,2,137
S01006762,792,4,788,74,0,74,48,0,48,62,0,62,127,1,126,238,1,237,243,2,241
S01006763,810,7,803,143,0,143,86,0,86,186,4,182,256,3,253,115,0,115,24,0,24
S01006764,756,12,744,91,0,91,92,2,90,158,1,157,190,5,185,186,3,183,39,1,38
S01006765,571,10,561,71,0,71,70,2,68,117,2,115,141,0,141,133,3,130,39,3,36
S01006766,597,11,586,92,2,90,78,0,78,81,4,77,149,1,148,158,2,156,39,2,37
S01006767,668,5,663,77,0,77,91,0,91,81,1,80,141,1,140,169,1,168,109,2,107
S01006768,586,3,583,79,0,79,87,0,87,51,0,51,137,2,135,180,1,179,52,0,52
S01006769,929,3,926,136,0,136,97,0,97,127,0,127,196,1,195,233,1,232,140,1,139
S01006770,642,8,634,75,0,75,47,0,47,74,1,73,114,2,112,234,5,229,98,0,98
S01006771,453,1,452,75,0,75,76,0,76,54,0,54,107,1,106,113,0,113,28,0,28
S01006772,823,4,819,95,0,95,86,1,85,103,0,103,193,1,192,246,2,244,100,0,100
S01006773,714,3,711,110,0,110,85,1,84,47,0,47,166,1,165,174,0,174,132,1,131
S01006774,635,4,631,95,0,95,86,0,86,60,1,59,134,1,133,213,2,211,47,0,47
S01006775,600,10,590,51,1,50,74,1,73,106,1,105,147,4,143,117,1,116,105,2,103
S01006776,488,5,483,41,0,41,29,0,29,57,2,55,77,0,77,121,2,119,163,1,162
S01006777,630,3,627,77,0,77,53,0,53,57,1,56,111,0,111,232,1,231,100,1,99
S01006778,622,2,620,56,0,56,65,0,65,67,2,65,124,0,124,185,0,185,125,0,125
S01006779,601,5,596,74,0,74,72,1,71,61,1,60,123,1,122,121,2,119,150,0,150
S01006780,563,4,559,65,0,65,58,1,57,78,1,77,95,0,95,158,2,156,109,0,109
S01006781,675,8,667,68,0,68,82,2,80,47,0,47,127,1,126,173,2,171,178,3,175
S01006782,723,9,714,99,0,99,79,1,78,103,1,102,194,3,191,153,4,149,95,0,95
S01006783,655,6,649,70,0,70,60,0,60,53,2,51,123,2,121,143,0,143,206,2,204
S01006784,586,16,570,38,0,38,67,1,66,104,2,102,131,7,124,137,5,132,109,1,108
S01006785,589,3,586,94,0,94,79,1,78,80,0,80,155,0,155,123,2,121,58,0,58
S01006786,806,9,797,134,0,134,88,2,86,109,1,108,204,1,203,195,2,193,76,3,73
S01006787,636,5,631,67,0,67,75,1,74,58,0,58,111,1,110,195,3,192,130,0,130
S01006788,793,16,777,131,0,131,71,2,69,131,3,128,220,8,212,141,2,139,99,1,98
S01006789,625,11,614,73,2,71,37,1,36,52,0,52,140,4,136,136,3,133,187,1,186
S01006790,875,18,857,109,6,103,65,1,64,53,2,51,176,2,174,188,2,186,284,5,279
S01006791,519,9,510,73,0,73,41,2,39,41,1,40,117,3,114,139,2,137,108,1,107
S01006792,476,3,473,60,0,60,33,0,33,34,0,34,123,1,122,113,2,111,113,0,113
S01006793,544,9,535,66,2,64,55,1,54,46,1,45,103,1,102,141,2,139,133,2,131
S01006794,552,4,548,53,1,52,52,1,51,41,0,41,100,0,100,162,1,161,144,1,143
S01006795,706,4,702,119,1,118,58,0,58,68,0,68,142,0,142,171,0,171,148,3,145
S01006796,545,6,539,109,0,109,58,2,56,69,0,69,133,3,130,90,1,89,86,0,86
S01006797,608,4,604,108,0,108,51,1,50,46,0,46,156,1,155,159,2,157,88,0,88
S01006798,611,4,607,118,2,116,53,0,53,40,0,40,141,1,140,164,0,164,95,1,94
S01006799,867,10,857,122,1,121,78,2,76,94,1,93,181,1,180,174,2,172,218,3,215
S01006800,832,7,825,145,2,143,95,0,95,49,1,48,172,3,169,236,1,235,135,0,135
S01006801,927,10,917,131,0,131,68,1,67,76,3,73,222,2,220,198,1,197,232,3,229
S01006802,646,5,641,90,0,90,71,0,71,64,0,64,164,2,162,138,2,136,119,1,118
S01006803,666,6,660,95,0,95,64,0,64,78,2,76,136,1,135,126,0,126,167,3,164
S01006804,705,2,703,127,0,127,40,0,40,123,1,122,192,0,192,126,1,125,97,0,97
S01006805,1083,11,1072,189,1,188,145,2,143,124,0,124,262,6,256,213,2,211,150,0,150
S01006806,999,10,989,150,0,150,95,2,93,117,0,117,236,4,232,247,2,245,154,2,152
S01006807,596,3,593,112,1,111,47,0,47,58,1,57,169,0,169,142,1,141,68,0,68
S01006808,613,11,602,106,1,105,53,2,51,48,1,47,136,3,133,172,2,170,98,2,96
S01006809,793,9,784,137,1,136,62,0,62,61,0,61,166,5,161,208,2,206,159,1,158
S01006810,848,4,844,144,0,144,82,0,82,74,0,74,210,2,208,205,2,203,133,0,133
S01006811,1051,4,1047,210,1,209,80,0,80,91,0,91,315,1,314,220,1,219,135,1,134
S01006812,718,6,712,117,0,117,59,0,59,96,2,94,197,1,196,174,1,173,75,2,73
S01006813,750,7,743,124,0,124,85,1,84,105,0,105,184,1,183,137,4,133,115,1,114
S01006814,756,7,749,132,0,132,97,0,97,57,0,57,211,3,208,171,1,170,88,3,85
S01006815,558,3,555,73,0,73,44,0,44,99,0,99,92,0,92,130,2,128,120,1,119
S01006816,694,7,687,108,0,108,67,0,67,68,1,67,165,3,162,166,2,164,120,1,119
S01006817,618,7,611,101,0,101,47,1,46,96,3,93,150,1,149,137,0,137,87,2,85
S01006818,704,6,698,124,0,124,62,1,61,65,0,65,185,1,184,173,4,169,95,0,95
S01006819,811,5,806,156,0,156,79,0,79,62,2,60,237,0,237,198,3,195,79,0,79
S01006820,429,1,428,46,0,46,42,0,42,39,0,39,131,1,130,92,0,92,79,0,79
S01006821,569,6,563,85,0,85,61,0,61,63,0,63,135,2,133,136,2,134,89,2,87
S01006822,742,15,727,133,0,133,87,1,86,50,4,46,187,5,182,205,3,202,80,2,78
S01006823,721,8,713,108,0,108,59,1,58,56,0,56,156,5,151,192,2,190,150,0,150
S01006824,788,13,775,136,2,134,93,1,92,127,3,124,184,3,181,139,3,136,109,1,108
S01006825,777,7,770,99,0,99,95,0,95,97,2,95,162,0,162,193,1,192,131,4,127
S01006826,931,8,923,146,0,146,96,0,96,44,2,42,242,1,241,204,2,202,199,3,196
S01006827,863,9,854,128,0,128,78,0,78,120,1,119,194,3,191,173,2,171,170,3,167
S01006828,888,13,875,89,0,89,95,1,94,119,5,114,219,3,216,172,1,171,194,3,191
S01006829,396,3,393,105,0,105,31,0,31,56,0,56,139,2,137,50,1,49,15,0,15
S01006830,716,4,712,89,0,89,116,0,116,56,2,54,164,1,163,163,1,162,128,0,128
S01006831,528,4,524,76,0,76,45,0,45,30,0,30,106,2,104,161,1,160,110,1,109
S01006832,996,2,994,134,0,134,116,0,116,106,0,106,202,0,202,242,0,242,196,2,194
S01006833,441,4,437,68,0,68,44,0,44,24,0,24,92,3,89,101,1,100,112,0,112
S01006834,513,4,509,138,2,136,69,0,69,53,0,53,177,2,175,68,0,68,8,0,8
S01006835,815,12,803,70,0,70,78,0,78,106,4,102,155,5,150,158,2,156,248,1,247
S01006836,491,2,489,119,0,119,43,0,43,70,0,70,168,2,166,70,0,70,21,0,21
S01006837,572,4,568,106,1,105,52,0,52,66,3,63,153,0,153,104,0,104,91,0,91
S01006838,623,3,620,113,0,113,69,0,69,63,1,62,175,1,174,148,1,147,55,0,55
S01006839,1010,12,998,146,3,143,96,2,94,108,0,108,213,5,208,254,2,252,193,0,193
S01006840,991,6,985,198,0,198,96,0,96,90,0,90,263,4,259,203,2,201,141,0,141
S01006841,882,3,879,153,0,153,110,0,110,116,1,115,257,0,257,170,2,168,76,0,76
S01006842,793,5,788,113,0,113,109,0,109,58,0,58,208,0,208,188,3,185,117,2,115
S01006843,805,4,801,136,0,136,101,0,101,86,0,86,246,4,242,160,0,160,76,0,76
S01006844,652,8,644,65,0,65,83,0,83,100,2,98,157,2,155,160,4,156,87,0,87
S01006845,925,8,917,147,0,147,124,0,124,108,0,108,262,5,257,213,3,210,71,0,71
S01006846,540,4,536,66,0,66,61,0,61,74,1,73,127,0,127,131,1,130,81,2,79
S01006847,685,5,680,102,0,102,91,0,91,83,0,83,188,3,185,116,1,115,105,1,104
S01006848,948,13,935,161,0,161,104,1,103,82,2,80,252,4,248,219,5,214,130,1,129
S01006849,883,17,866,183,5,178,98,3,95,278,4,274,223,3,220,80,1,79,21,1,20
S01006850,914,12,902,147,1,146,133,1,132,144,3,141,223,4,219,200,2,198,67,1,66
S01006851,786,7,779,135,1,134,100,1,99,67,0,67,185,4,181,166,0,166,133,1,132
S01006852,570,4,566,78,0,78,61,0,61,60,0,60,121,1,120,153,2,151,97,1,96
S01006853,834,10,824,168,1,167,80,0,80,60,0,60,225,4,221,212,4,208,89,1,88
S01006854,817,9,808,110,0,110,72,0,72,60,1,59,214,3,211,198,4,194,163,1,162
S01006855,768,5,763,146,2,144,60,0,60,52,1,51,201,2,199,189,0,189,120,0,120
S01006856,656,5,651,138,0,138,43,0,43,61,0,61,184,2,182,138,3,135,92,0,92
S01006857,973,8,965,164,0,164,98,0,98,77,0,77,232,2,230,248,5,243,154,1,153
S01006858,624,3,621,106,0,106,46,0,46,53,0,53,154,0,154,171,2,169,94,1,93
S01006859,1060,11,1049,199,1,198,118,1,117,73,0,73,245,5,240,268,1,267,157,3,154
S01006860,530,8,522,65,1,64,53,1,52,55,0,55,112,1,111,114,5,109,131,0,131
S01006861,559,3,556,146,0,146,45,0,45,84,1,83,205,2,203,62,0,62,17,0,17
S01006862,661,12,649,86,0,86,56,1,55,67,1,66,135,3,132,159,4,155,158,3,155
S01006863,658,7,651,98,1,97,66,0,66,81,1,80,145,4,141,133,1,132,135,0,135
S01006864,415,4,411,104,0,104,44,1,43,86,0,86,98,1,97,64,2,62,19,0,19
S01006865,911,8,903,109,0,109,94,0,94,125,2,123,174,2,172,230,2,228,179,2,177
S01006866,538,5,533,83,1,82,54,0,54,35,0,35,93,0,93,152,2,150,121,2,119
S01006867,708,6,702,94,0,94,76,1,75,51,0,51,114,3,111,199,1,198,174,1,173
S01006868,848,11,837,139,1,138,82,1,81,72,2,70,203,1,202,179,4,175,173,2,171
S01006869,478,5,473,73,1,72,64,1,63,48,0,48,106,0,106,116,3,113,71,0,71
S01006870,477,5,472,80,0,80,62,1,61,29,0,29,111,2,109,90,1,89,105,1,104
S01006871,721,23,698,150,4,146,62,0,62,55,0,55,159,3,156,142,2,140,153,14,139
S01006872,691,9,682,154,1,153,52,0,52,45,0,45,168,7,161,171,0,171,101,1,100
S01006873,974,4,970,141,0,141,63,0,63,66,2,64,183,1,182,204,1,203,317,0,317
S01006874,573,11,562,83,0,83,71,1,70,46,1,45,148,5,143,142,3,139,83,1,82
S01006875,671,8,663,102,3,99,66,1,65,62,1,61,142,1,141,130,1,129,169,1,168
S01006876,966,13,953,171,3,168,98,0,98,72,3,69,238,3,235,235,1,234,152,3,149
S01006877,927,17,910,147,2,145,89,4,85,69,1,68,258,4,254,221,4,217,143,2,141
S01006878,687,18,669,100,0,100,46,0,46,41,2,39,179,1,178,165,7,158,156,8,148
S01006879,764,22,742,105,12,93,72,0,72,47,0,47,180,4,176,180,3,177,180,3,177
S01006880,566,15,551,96,0,96,46,0,46,63,3,60,168,9,159,123,2,121,70,1,69
S01006881,561,8,553,100,0,100,43,0,43,28,2,26,152,1,151,152,3,149,86,2,84
S01006882,390,4,386,54,0,54,29,0,29,30,0,30,74,4,70,84,0,84,119,0,119
S01006883,442,5,437,61,0,61,42,0,42,46,0,46,104,4,100,94,0,94,95,1,94
S01006884,861,21,840,134,1,133,90,1,89,66,2,64,182,4,178,193,8,185,196,5,191
S01006885,518,11,507,70,1,69,45,1,44,28,1,27,112,2,110,141,3,138,122,3,119
S01006886,717,8,709,100,1,99,59,2,57,36,0,36,178,1,177,233,3,230,111,1,110
S01006887,564,4,560,130,0,130,46,0,46,52,0,52,169,2,167,113,2,111,54,0,54
S01006888,773,8,765,149,0,149,67,2,65,77,0,77,224,3,221,153,1,152,103,2,101
S01006889,797,10,787,138,0,138,78,0,78,97,4,93,146,3,143,216,2,214,122,1,121
S01006890,649,10,639,128,2,126,59,0,59,63,1,62,160,3,157,150,2,148,89,2,87
S01006891,922,10,912,125,0,125,87,1,86,115,4,111,213,1,212,206,2,204,176,2,174
S01006892,585,7,578,92,0,92,59,2,57,79,1,78,130,2,128,136,0,136,89,2,87
S01006893,531,14,517,114,2,112,60,3,57,46,2,44,125,3,122,109,2,107,77,2,75
S01006894,924,3,921,104,0,104,81,0,81,75,2,73,186,0,186,238,1,237,240,0,240
S01006895,513,7,506,63,0,63,56,3,53,109,1,108,108,2,106,91,1,90,86,0,86
S01006896,764,12,752,83,2,81,87,4,83,109,1,108,141,3,138,180,2,178,164,0,164
S01006897,687,10,677,83,1,82,91,1,90,97,1,96,158,4,154,160,2,158,98,1,97
S01006898,725,8,717,112,1,111,78,0,78,66,2,64,159,3,156,192,1,191,118,1,117
S01006899,581,8,573,91,0,91,62,1,61,81,2,79,186,3,183,101,1,100,60,1,59
S01006900,561,5,556,57,0,57,77,2,75,93,1,92,144,2,142,120,0,120,70,0,70
S01006901,583,10,573,66,0,66,83,1,82,77,2,75,115,2,113,125,0,125,117,5,112
S01006902,662,3,659,122,0,122,70,2,68,84,0,84,178,0,178,126,1,125,82,0,82
S01006903,791,12,779,119,3,116,81,0,81,119,0,119,164,3,161,149,3,146,159,3,156
S01006904,703,10,693,99,0,99,85,1,84,84,3,81,158,2,156,107,2,105,170,2,168
S01006905,865,12,853,102,0,102,81,1,80,76,1,75,156,4,152,211,4,207,239,2,237
S01006906,810,9,801,78,1,77,79,1,78,83,1,82,144,3,141,168,1,167,258,2,256
S01006907,585,9,576,51,0,51,77,1,76,109,3,106,124,1,123,132,4,128,92,0,92
S01006908,784,7,777,71,0,71,105,0,105,130,4,126,148,0,148,155,2,153,175,1,174
S01006909,718,4,714,140,0,140,52,0,52,116,0,116,216,4,212,135,0,135,59,0,59
S01006910,813,8,805,112,0,112,78,0,78,106,1,105,219,4,215,211,3,208,87,0,87
S01006911,591,7,584,140,0,140,49,0,49,190,6,184,164,1,163,39,0,39,9,0,9
S01006912,422,2,420,44,0,44,54,0,54,43,1,42,86,0,86,130,0,130,65,1,64
S01006913,510,1,509,125,0,125,45,0,45,80,0,80,167,0,167,78,0,78,15,1,14
S01006914,723,3,720,133,0,133,79,0,79,59,0,59,206,1,205,171,2,169,75,0,75
S01006915,791,9,782,151,0,151,74,0,74,63,0,63,203,2,201,210,3,207,90,4,86
S01006916,508,8,500,111,0,111,66,1,65,103,4,99,130,2,128,72,0,72,26,1,25
S01006917,898,11,887,255,1,254,50,0,50,162,1,161,344,8,336,69,1,68,18,0,18
S01006918,466,9,457,90,0,90,33,0,33,77,1,76,114,3,111,80,0,80,72,5,67
S01006919,468,5,463,50,0,50,49,0,49,53,0,53,91,2,89,126,0,126,99,3,96
S01006920,483,7,476,74,0,74,48,1,47,82,1,81,103,2,101,67,0,67,109,3,106
S01006921,752,9,743,192,2,190,48,0,48,134,1,133,245,6,239,101,0,101,32,0,32
S01006922,491,0,491,84,0,84,42,0,42,52,0,52,111,0,111,119,0,119,83,0,83
S01006923,778,13,765,111,3,108,56,0,56,62,5,57,155,4,151,194,1,193,200,0,200
S01006924,539,10,529,100,1,99,49,2,47,52,1,51,145,2,143,137,3,134,56,1,55
S01006925,486,12,474,76,1,75,38,0,38,40,0,40,103,5,98,149,5,144,80,1,79
S01006926,693,4,689,155,0,155,40,0,40,114,0,114,218,2,216,116,1,115,50,1,49
S01006927,886,9,877,179,1,178,46,2,44,308,4,304,274,0,274,67,2,65,12,0,12
S01006928,994,10,984,169,2,167,101,2,99,141,0,141,264,2,262,200,4,196,119,0,119
S01006929,821,8,813,174,0,174,102,0,102,51,1,50,209,2,207,231,5,226,54,0,54
S01006930,866,6,860,104,0,104,100,0,100,80,0,80,178,3,175,288,0,288,116,3,113
S01006931,378,3,375,60,0,60,37,1,36,30,1,29,102,1,101,97,0,97,52,0,52
S01006932,580,6,574,147,0,147,72,0,72,90,3,87,190,2,188,68,1,67,13,0,13
S01006933,561,0,561,80,0,80,73,0,73,55,0,55,148,0,148,173,0,173,32,0,32
S01006934,600,10,590,73,1,72,49,0,49,61,0,61,132,0,132,148,2,146,137,7,130
S01006935,688,4,684,90,0,90,73,0,73,53,1,52,129,1,128,203,2,201,140,0,140
S01006936,622,2,620,101,0,101,58,0,58,66,0,66,137,0,137,145,1,144,115,1,114
S01006937,712,7,705,99,0,99,70,2,68,101,3,98,161,1,160,175,0,175,106,1,105
S01006938,511,9,502,55,2,53,46,1,45,71,0,71,107,2,105,114,4,110,118,0,118
S01006939,601,3,598,89,0,89,69,0,69,61,0,61,141,1,140,150,2,148,91,0,91
S01006940,920,18,902,133,1,132,122,1,121,111,1,110,208,5,203,229,7,222,117,3,114
S01006941,601,4,597,111,0,111,61,0,61,84,2,82,148,1,147,109,1,108,88,0,88
S01006942,1036,1,1035,194,0,194,125,0,125,98,0,98,307,0,307,196,1,195,116,0,116
S01006943,644,1,643,202,0,202,47,0,47,71,1,70,249,0,249,66,0,66,9,0,9
S01006944,805,3,802,184,0,184,88,0,88,202,0,202,241,2,239,76,1,75,14,0,14
S01006945,493,7,486,66,0,66,55,1,54,56,1,55,115,2,113,142,2,140,59,1,58
S01006946,770,15,755,120,4,116,82,2,80,111,1,110,182,4,178,191,4,187,84,0,84
S01006947,812,13,799,191,1,190,73,0,73,153,3,150,255,3,252,108,5,103,32,1,31
S01006948,838,7,831,106,0,106,84,2,82,84,0,84,187,4,183,211,0,211,166,1,165
S01006949,629,7,622,124,0,124,44,0,44,42,0,42,198,1,197,156,4,152,65,2,63
S01006950,493,8,485,111,2,109,38,0,38,165,3,162,135,3,132,36,0,36,8,0,8
S01006951,462,5,457,78,0,78,45,0,45,49,0,49,99,1,98,128,3,125,63,1,62
S01006952,801,12,789,89,0,89,71,1,70,78,0,78,176,4,172,241,5,236,146,2,144
S01006953,753,3,750,124,0,124,80,0,80,95,0,95,216,1,215,164,0,164,74,2,72
S01006954,788,10,778,123,0,123,68,1,67,94,1,93,186,2,184,214,5,209,103,1,102
S01006955,584,10,574,100,2,98,49,0,49,131,4,127,132,0,132,105,4,101,67,0,67
S01006956,1037,12,1025,222,0,222,103,1,102,198,1,197,303,7,296,161,1,160,50,2,48
S01006957,1037,11,1026,190,2,188,104,0,104,119,2,117,297,4,293,215,2,213,112,1,111
S01006958,872,5,867,82,0,82,73,0,73,64,2,62,151,0,151,243,1,242,259,2,257
S01006959,699,9,690,74,0,74,56,0,56,88,4,84,137,1,136,131,3,128,213,1,212
S01006960,919,7,912,242,0,242,84,1,83,105,2,103,345,2,343,114,2,112,29,0,29
S01006961,898,8,890,225,0,225,70,2,68,185,1,184,294,1,293,101,3,98,23,1,22
S01006962,851,7,844,73,0,73,99,0,99,107,0,107,142,2,140,206,2,204,224,3,221
S01006963,650,6,644,78,0,78,87,3,84,57,0,57,149,2,147,197,1,196,82,0,82
S01006964,717,8,709,79,1,78,99,0,99,125,2,123,163,2,161,184,2,182,67,1,66
S01006965,489,1,488,55,0,55,59,0,59,48,0,48,91,0,91,137,0,137,99,1,98
S01006966,589,6,583,100,0,100,72,0,72,80,3,77,124,2,122,120,0,120,93,1,92
S01006967,609,3,606,102,0,102,76,0,76,74,1,73,155,0,155,142,2,140,60,0,60
S01006968,497,9,488,63,0,63,51,1,50,69,3,66,92,2,90,137,2,135,85,1,84
S01006969,921,15,906,95,0,95,96,1,95,109,1,108,197,5,192,184,2,182,240,6,234
S01006970,696,3,693,128,0,128,82,0,82,65,0,65,158,1,157,184,0,184,79,2,77
S01006971,492,6,486,39,2,37,67,0,67,40,0,40,94,3,91,121,1,120,131,0,131
S01006972,507,3,504,85,0,85,65,0,65,44,0,44,127,2,125,130,1,129,56,0,56
S01006973,508,5,503,47,0,47,43,0,43,45,0,45,118,0,118,156,4,152,99,1,98
S01006974,1001,11,990,187,0,187,112,1,111,97,2,95,250,2,248,243,5,238,112,1,111
S01006975,923,13,910,146,1,145,63,0,63,92,3,89,273,3,270,248,6,242,101,0,101
S01006976,436,1,435,61,0,61,41,0,41,34,0,34,115,1,114,133,0,133,52,0,52
S01006977,798,5,793,146,0,146,83,0,83,57,0,57,237,0,237,190,4,186,85,1,84
S01006978,829,11,818,111,0,111,71,0,71,86,2,84,211,8,203,213,0,213,137,1,136
S01006979,814,7,807,115,0,115,63,1,62,84,1,83,179,1,178,205,2,203,168,2,166
S01006980,816,8,808,129,0,129,83,0,83,75,0,75,211,1,210,213,4,209,105,3,102
S01006981,764,16,748,115,0,115,77,2,75,90,3,87,190,6,184,213,3,210,79,2,77
S01006982,864,13,851,181,1,180,87,0,87,112,0,112,251,6,245,142,4,138,91,2,89
S01006983,713,9,704,132,0,132,70,0,70,76,1,75,184,4,180,169,3,166,82,1,81
S01006984,680,6,674,114,0,114,74,0,74,61,1,60,196,2,194,154,1,153,81,2,79
S01006985,980,11,969,141,2,139,104,2,102,96,0,96,231,5,226,225,1,224,183,1,182
S01006986,638,6,632,124,0,124,65,0,65,117,3,114,163,1,162,98,2,96,71,0,71
S01006987,641,10,631,95,0,95,55,2,53,70,0,70,132,1,131,152,5,147,137,2,135
S01006988,584,5,579,129,0,129,60,1,59,71,0,71,191,4,187,91,0,91,42,0,42
S01006989,988,9,979,194,0,194,94,0,94,90,2,88,259,4,255,259,2,257,92,1,91
S01006990,850,11,839,193,0,193,70,0,70,156,4,152,281,5,276,109,0,109,41,2,39
S01006991,427,8,419,56,0,56,37,0,37,38,0,38,87,2,85,99,3,96,110,3,107
S01006992,582,9,573,81,0,81,57,0,57,63,1,62,145,3,142,156,1,155,80,4,76
S01006993,528,9,519,95,0,95,54,2,52,39,1,38,144,2,142,131,1,130,65,3,62
S01006994,562,8,554,67,0,67,66,1,65,55,3,52,149,4,145,163,0,163,62,0,62
S01006995,822,13,809,149,0,149,77,3,74,95,2,93,220,4,216,171,2,169,110,2,108
S01006996,740,10,730,136,1,135,88,2,86,95,2,93,209,3,206,113,0,113,99,2,97
S01006997,750,9,741,147,0,147,75,1,74,72,0,72,228,5,223,157,3,154,71,0,71
S01006998,1046,17,1029,147,0,147,93,3,90,127,3,124,267,4,263,265,7,258,147,0,147
S01006999,842,9,833,118,1,117,77,0,77,82,3,79,198,3,195,220,1,219,147,1,146
S01007000,886,10,876,120,0,120,94,3,91,108,1,107,210,1,209,173,2,171,181,3,178
S01007001,909,14,895,134,0,134,93,0,93,75,0,75,229,6,223,169,2,167,209,6,203
S01007002,569,6,563,119,0,119,52,2,50,92,1,91,130,2,128,106,1,105,70,0,70
S01007003,509,3,506,84,0,84,49,1,48,57,1,56,128,0,128,112,1,111,79,0,79
S01007004,693,4,689,105,0,105,70,0,70,51,0,51,170,1,169,198,3,195,99,0,99
S01007005,879,15,864,150,1,149,89,1,88,47,0,47,226,7,219,249,6,243,118,0,118
S01007006,872,9,863,137,0,137,77,0,77,78,1,77,208,3,205,211,3,208,161,2,159
S01007007,823,9,814,151,0,151,70,1,69,55,2,53,204,0,204,217,4,213,126,2,124
S01007008,1002,6,996,132,1,131,113,0,113,87,2,85,220,0,220,214,0,214,236,3,233
S01007009,982,17,965,108,2,106,119,2,117,104,3,101,200,5,195,224,3,221,227,2,225
S01007010,803,7,796,83,0,83,66,1,65,59,0,59,126,1,125,194,2,192,275,3,272
S01007011,832,3,829,102,1,101,89,0,89,109,1,108,151,0,151,163,1,162,218,0,218
S01007012,675,2,673,104,1,103,83,1,82,58,0,58,155,0,155,127,0,127,148,0,148
S01007013,544,6,538,86,0,86,53,0,53,37,0,37,130,3,127,148,3,145,90,0,90
S01007014,965,13,952,159,2,157,102,0,102,131,4,127,242,5,237,198,1,197,133,1,132
S01007015,601,7,594,96,0,96,54,0,54,60,2,58,143,4,139,153,1,152,95,0,95
S01007016,579,2,577,101,0,101,62,0,62,41,0,41,172,1,171,147,1,146,56,0,56
S01007017,961,10,951,132,0,132,109,0,109,117,2,115,195,3,192,189,3,186,219,2,217
S01007018,956,10,946,163,2,161,77,1,76,95,0,95,213,2,211,179,1,178,229,4,225
S01007019,643,5,638,69,0,69,82,1,81,77,2,75,122,1,121,135,0,135,158,1,157
S01007020,746,13,733,71,0,71,69,1,68,112,1,111,152,4,148,139,2,137,203,5,198
S01007021,903,12,891,129,2,127,76,1,75,98,1,97,206,2,204,152,0,152,242,6,236
S01007022,479,6,473,88,3,85,41,0,41,46,1,45,117,1,116,86,1,85,101,0,101
S01007023,477,7,470,83,0,83,38,0,38,40,2,38,114,2,112,105,3,102,97,0,97
S01007024,1018,11,1007,141,1,140,89,0,89,77,0,77,214,1,213,273,4,269,224,5,219
S01007025,826,10,816,118,0,118,82,0,82,93,0,93,165,1,164,185,4,181,183,5,178
S01007026,870,10,860,96,0,96,87,1,86,57,0,57,169,0,169,184,3,181,277,6,271
S01007027,1049,7,1042,169,2,167,102,0,102,100,0,100,202,1,201,241,0,241,235,4,231
S01007028,717,7,710,103,0,103,65,1,64,45,1,44,161,2,159,198,0,198,145,3,142
S01007029,538,9,529,80,0,80,46,0,46,41,2,39,128,2,126,118,4,114,125,1,124
S01007030,787,13,774,124,3,121,84,1,83,76,2,74,168,6,162,173,1,172,162,0,162
S01007031,610,13,597,93,3,90,68,2,66,70,2,68,128,2,126,125,2,123,126,2,124
S01007032,961,11,950,128,0,128,103,1,102,112,2,110,212,1,211,182,1,181,224,6,218
S01007033,707,12,695,104,0,104,78,1,77,76,2,74,147,3,144,161,2,159,141,4,137
S01007034,571,8,563,77,0,77,87,2,85,67,2,65,137,1,136,114,2,112,89,1,88
S01007035,760,15,745,117,1,116,83,3,80,104,4,100,129,2,127,162,4,158,165,1,164
S01007036,947,7,940,147,1,146,80,0,80,74,2,72,201,1,200,213,1,212,232,2,230
S01007037,983,8,975,153,0,153,114,2,112,116,0,116,220,2,218,161,1,160,219,3,216
S01007038,720,3,717,107,0,107,98,0,98,103,0,103,174,1,173,138,1,137,100,1,99
S01007039,818,15,803,133,0,133,87,1,86,108,4,104,198,2,196,153,7,146,139,1,138
S01007040,625,6,619,88,0,88,79,1,78,57,1,56,134,2,132,127,2,125,140,0,140
S01007041,712,9,703,84,0,84,91,4,87,77,3,74,150,0,150,166,2,164,144,0,144
S01007042,711,11,700,113,1,112,64,2,62,82,3,79,158,2,156,138,1,137,156,2,154
S01007043,974,10,964,139,0,139,85,1,84,89,0,89,220,5,215,284,3,281,157,1,156
S01007044,652,8,644,71,0,71,74,0,74,45,0,45,153,3,150,142,3,139,167,2,165
S01007045,784,5,779,101,0,101,70,0,70,70,0,70,150,4,146,253,1,252,140,0,140
S01007046,561,7,554,52,0,52,59,0,59,54,1,53,123,3,120,171,2,169,102,1,101
S01007047,649,5,644,99,0,99,53,1,52,54,2,52,170,1,169,155,0,155,118,1,117
S01007048,865,4,861,90,0,90,115,1,114,54,0,54,216,2,214,221,0,221,169,1,168
S01007049,903,21,882,136,2,134,73,4,69,121,0,121,212,9,203,188,4,184,173,2,171
S01007050,622,7,615,75,1,74,65,0,65,77,0,77,144,2,142,122,2,120,139,2,137
S01007051,743,4,739,129,1,128,79,0,79,94,0,94,177,3,174,142,0,142,122,0,122
S01007052,550,6,544,77,1,76,60,0,60,56,0,56,135,0,135,130,3,127,92,2,90
S01007053,483,1,482,81,0,81,51,0,51,36,0,36,107,0,107,134,1,133,74,0,74
S01007054,932,3,929,129,1,128,99,0,99,104,0,104,210,0,210,179,0,179,211,2,209
S01007055,498,2,496,76,0,76,66,2,64,41,0,41,128,0,128,125,0,125,62,0,62
S01007056,627,11,616,99,1,98,72,0,72,58,2,56,156,5,151,149,2,147,93,1,92
S01007057,508,4,504,49,0,49,39,0,39,45,1,44,90,1,89,130,1,129,155,1,154
S01007058,558,3,555,56,0,56,47,0,47,49,0,49,102,1,101,114,0,114,190,2,188
S01007059,984,8,976,171,1,170,96,0,96,112,4,108,229,1,228,192,1,191,184,1,183
S01007060,579,7,572,94,1,93,99,3,96,68,1,67,116,1,115,116,1,115,86,0,86
S01007061,903,5,898,164,0,164,84,1,83,95,0,95,226,4,222,241,0,241,93,0,93
S01007062,645,1,644,80,0,80,69,0,69,58,0,58,160,0,160,179,1,178,99,0,99
S01007063,653,7,646,104,0,104,64,0,64,60,1,59,132,3,129,173,1,172,120,2,118
S01007064,609,4,605,81,0,81,54,2,52,57,0,57,150,0,150,186,0,186,81,2,79
S01007065,556,6,550,82,2,80,42,0,42,48,2,46,154,0,154,139,0,139,91,2,89
S01007066,630,11,619,93,2,91,61,0,61,58,0,58,158,3,155,177,6,171,83,0,83
S01007067,545,10,535,56,0,56,46,0,46,75,2,73,121,0,121,138,6,132,109,2,107
S01007068,727,5,722,102,0,102,61,0,61,70,2,68,160,1,159,168,0,168,166,2,164
S01007069,805,6,799,161,0,161,93,0,93,109,4,105,182,1,181,152,1,151,108,0,108
S01007070,482,7,475,53,0,53,51,0,51,66,0,66,106,2,104,117,4,113,89,1,88
S01007071,802,11,791,114,0,114,96,1,95,110,0,110,210,5,205,166,4,162,106,1,105
S01007072,629,3,626,116,0,116,76,0,76,56,0,56,191,1,190,130,0,130,60,2,58
S01007073,1041,12,1029,138,0,138,128,1,127,127,3,124,261,5,256,219,3,216,168,0,168
S01007074,643,8,635,94,0,94,71,4,67,89,0,89,133,1,132,164,2,162,92,1,91
S01007075,700,11,689,115,2,113,95,0,95,84,3,81,153,4,149,134,1,133,119,1,118
S01007076,727,3,724,128,0,128,96,2,94,89,0,89,183,0,183,163,1,162,68,0,68
S01007077,656,3,653,62,0,62,74,0,74,63,0,63,126,1,125,165,0,165,166,2,164
S01007078,821,6,815,104,1,103,92,1,91,104,1,103,156,1,155,176,1,175,189,1,188
S01007079,958,8,950,100,1,99,116,1,115,133,1,132,192,4,188,165,0,165,252,1,251
S01007080,767,14,753,98,2,96,94,1,93,81,1,80,162,7,155,138,0,138,194,3,191
S01007081,901,6,895,167,0,167,136,1,135,138,4,134,193,1,192,165,0,165,102,0,102
S01007082,527,16,511,88,4,84,69,0,69,77,6,71,121,4,117,109,2,107,63,0,63
S01007083,892,14,878,98,0,98,130,3,127,129,3,126,160,4,156,171,2,169,204,2,202
S01007084,608,9,599,51,0,51,51,0,51,68,2,66,122,1,121,110,2,108,206,4,202
S01007085,779,28,751,95,2,93,122,6,116,126,5,121,184,6,178,150,5,145,102,4,98
S01007086,1070,22,1048,153,0,153,204,6,198,209,9,200,243,6,237,169,1,168,92,0,92
S01007087,859,14,845,106,1,105,136,6,130,136,1,135,184,3,181,146,1,145,151,2,149
S01007088,518,8,510,81,0,81,61,2,59,91,2,89,120,1,119,102,2,100,63,1,62
S01007089,513,1,512,90,0,90,38,0,38,49,0,49,130,0,130,119,1,118,87,0,87
S01007090,524,2,522,73,0,73,73,2,71,76,0,76,136,0,136,96,0,96,70,0,70
S01007091,781,9,772,194,0,194,140,2,138,114,2,112,234,4,230,72,0,72,27,1,26
S01007092,603,3,600,66,0,66,68,0,68,69,2,67,98,0,98,139,1,138,163,0,163
S01007093,975,5,970,122,0,122,100,0,100,91,1,90,203,0,203,235,2,233,224,2,222
S01007094,875,14,861,116,3,113,89,0,89,91,4,87,184,3,181,202,2,200,193,2,191
S01007095,537,6,531,90,0,90,49,1,48,51,0,51,139,1,138,124,3,121,84,1,83
S01007096,800,7,793,155,0,155,86,0,86,110,2,108,193,2,191,159,3,156,97,0,97
S01007097,469,3,466,73,0,73,47,0,47,61,0,61,115,1,114,116,0,116,57,2,55
S01007098,782,6,776,142,0,142,84,0,84,79,1,78,204,2,202,177,2,175,96,1,95
S01007099,845,4,841,151,0,151,95,1,94,112,0,112,230,2,228,143,0,143,114,1,113
S01007100,708,10,698,107,1,106,78,0,78,54,2,52,176,4,172,177,2,175,116,1,115
S01007101,817,8,809,111,2,109,93,0,93,93,1,92,165,2,163,179,3,176,176,0,176
S01007102,690,4,686,100,0,100,91,0,91,49,0,49,153,1,152,185,1,184,112,2,110
S01007103,803,5,798,125,0,125,96,0,96,84,2,82,196,3,193,165,0,165,137,0,137
S01007104,468,4,464,70,0,70,35,0,35,52,1,51,122,1,121,106,2,104,83,0,83
S01007105,525,1,524,78,0,78,62,0,62,57,0,57,104,0,104,103,0,103,121,1,120
S01007106,705,6,699,90,0,90,80,0,80,75,0,75,130,2,128,183,4,179,147,0,147
S01007107,665,5,660,122,0,122,58,0,58,63,1,62,157,2,155,171,0,171,94,2,92
S01007108,558,9,549,90,0,90,53,0,53,48,4,44,132,3,129,138,0,138,97,2,95
S01007109,794,15,779,126,1,125,85,1,84,114,3,111,167,4,163,162,5,157,140,1,139
S01007110,754,12,742,146,4,142,88,0,88,109,0,109,166,2,164,128,4,124,117,2,115
S01007111,510,7,503,75,0,75,66,0,66,40,0,40,108,2,106,117,2,115,104,3,101
S01007112,528,1,527,53,0,53,68,0,68,37,0,37,98,0,98,139,1,138,133,0,133
S01007113,533,7,526,45,2,43,51,1,50,64,1,63,105,1,104,106,1,105,162,1,161
S01007114,862,13,849,117,0,117,107,3,104,86,0,86,208,4,204,158,2,156,186,4,182
S01007115,679,5,674,95,1,94,79,0,79,62,1,61,135,2,133,152,1,151,156,0,156
S01007116,959,1,958,227,0,227,120,0,120,117,1,116,291,0,291,145,0,145,59,0,59
S01007117,460,1,459,62,0,62,65,0,65,28,0,28,98,0,98,124,0,124,83,1,82
S01007118,639,18,621,108,0,108,98,4,94,116,6,110,146,6,140,108,1,107,63,1,62
S01007119,781,10,771,123,0,123,113,1,112,118,5,113,155,1,154,179,2,177,93,1,92
S01007120,1031,11,1020,124,1,123,154,1,153,177,2,175,230,5,225,208,1,207,138,1,137
S01007121,520,12,508,54,1,53,58,1,57,76,5,71,85,2,83,78,0,78,169,3,166
S01007122,583,6,577,77,0,77,61,0,61,78,3,75,130,1,129,136,0,136,101,2,99
S01007123,650,7,643,84,1,83,61,0,61,77,2,75,128,2,126,127,0,127,173,2,171
S01007124,880,11,869,131,1,130,92,3,89,130,3,127,181,0,181,189,3,186,157,1,156
S01007125,825,8,817,149,1,148,109,2,107,121,1,120,168,2,166,142,1,141,136,1,135
S01007126,882,19,863,159,2,157,127,6,121,154,7,147,201,3,198,150,0,150,91,1,90
S01007127,996,39,957,163,10,153,112,8,104,239,11,228,229,8,221,159,2,157,94,0,94
S01007128,807,8,799,111,0,111,79,0,79,119,2,117,122,1,121,174,2,172,202,3,199
S01007129,933,7,926,194,0,194,65,0,65,56,0,56,285,3,282,206,2,204,127,2,125
S01007130,594,0,594,64,0,64,65,0,65,60,0,60,120,0,120,128,0,128,157,0,157
S01007131,760,6,754,105,0,105,71,1,70,44,0,44,167,3,164,208,2,206,165,0,165
S01007132,688,2,686,98,0,98,74,0,74,33,0,33,145,1,144,189,1,188,149,0,149
S01007133,659,5,654,105,0,105,76,0,76,52,0,52,156,1,155,164,3,161,106,1,105
S01007134,719,4,715,108,0,108,50,0,50,55,0,55,171,2,169,207,1,206,128,1,127
S01007135,545,4,541,108,0,108,38,0,38,46,0,46,126,2,124,142,1,141,85,1,84
S01007136,518,6,512,115,0,115,48,0,48,29,0,29,141,2,139,124,1,123,61,3,58
S01007137,708,3,705,189,1,188,58,0,58,75,0,75,260,2,258,107,0,107,19,0,19
S01007138,577,9,568,100,0,100,45,2,43,50,0,50,136,4,132,151,0,151,95,3,92
S01007139,760,3,757,133,0,133,54,0,54,56,0,56,203,1,202,163,2,161,151,0,151
S01007140,990,6,984,164,0,164,97,2,95,70,0,70,222,0,222,258,3,255,179,1,178
S01007141,658,5,653,117,0,117,71,0,71,62,0,62,140,1,139,173,2,171,95,2,93
S01007142,623,4,619,170,0,170,72,0,72,39,0,39,205,1,204,70,1,69,67,2,65
S01007143,619,4,615,184,0,184,45,0,45,95,1,94,220,2,218,57,1,56,18,0,18
S01007144,707,5,702,93,0,93,59,1,58,66,1,65,155,1,154,209,0,209,125,2,123
S01007145,866,8,858,93,0,93,70,0,70,67,1,66,151,0,151,217,2,215,268,5,263
S01007146,737,4,733,131,0,131,53,0,53,60,0,60,147,2,145,170,1,169,176,1,175
S01007147,696,3,693,89,0,89,74,0,74,46,0,46,125,2,123,187,0,187,175,1,174
S01007148,528,1,527,84,0,84,66,0,66,33,0,33,114,0,114,152,1,151,79,0,79
S01007149,535,4,531,63,0,63,47,0,47,25,0,25,97,0,97,152,2,150,151,2,149
S01007150,745,5,740,48,0,48,52,0,52,41,1,40,83,0,83,173,0,173,348,4,344
S01007151,865,4,861,151,0,151,89,0,89,59,1,58,214,2,212,193,0,193,159,1,158
S01007152,555,4,551,79,0,79,49,1,48,42,0,42,133,0,133,111,0,111,141,3,138
S01007153,618,2,616,92,0,92,42,0,42,43,0,43,125,0,125,156,2,154,160,0,160
S01007154,789,0,789,77,0,77,54,0,54,82,0,82,139,0,139,161,0,161,276,0,276
S01007155,624,5,619,83,0,83,45,0,45,54,0,54,121,2,119,140,1,139,181,2,179
S01007156,705,5,700,97,0,97,76,0,76,71,1,70,135,1,134,214,2,212,112,1,111
S01007157,618,2,616,115,0,115,63,0,63,86,0,86,147,0,147,128,2,126,79,0,79
S01007158,891,10,881,151,0,151,82,1,81,125,1,124,245,3,242,181,3,178,107,2,105
S01007159,814,5,809,127,2,125,84,0,84,126,1,125,163,0,163,154,2,152,160,0,160
S01007160,795,6,789,119,0,119,89,1,88,82,2,80,169,2,167,170,0,170,166,1,165
S01007161,676,6,670,100,1,99,69,0,69,86,2,84,135,2,133,150,0,150,136,1,135
S01007162,497,4,493,75,0,75,41,0,41,110,1,109,95,0,95,65,1,64,111,2,109
S01007163,853,9,844,108,0,108,69,0,69,73,0,73,158,1,157,208,3,205,237,5,232
S01007164,558,2,556,55,0,55,59,1,58,45,0,45,114,0,114,121,0,121,164,1,163
S01007165,826,12,814,119,1,118,70,1,69,51,0,51,172,3,169,204,0,204,210,7,203
S01007166,685,3,682,123,0,123,37,0,37,54,0,54,136,2,134,159,0,159,176,1,175
S01007167,784,10,774,105,0,105,80,1,79,51,0,51,133,3,130,239,3,236,176,3,173
S01007168,945,7,938,103,1,102,103,0,103,81,0,81,152,2,150,291,3,288,215,1,214
S01007169,741,0,741,105,0,105,86,0,86,57,0,57,148,0,148,189,0,189,156,0,156
S01007170,622,9,613,80,0,80,59,1,58,62,1,61,139,3,136,186,3,183,96,1,95
S01007171,834,9,825,92,0,92,104,4,100,142,2,140,181,1,180,180,2,178,135,0,135
S01007172,806,5,801,105,0,105,67,0,67,42,1,41,190,2,188,209,2,207,193,0,193
S01007173,857,8,849,187,2,185,81,0,81,94,2,92,248,1,247,182,1,181,65,2,63
S01007174,886,4,882,205,0,205,111,0,111,92,1,91,220,1,219,138,2,136,120,0,120
S01007175,651,1,650,103,0,103,45,0,45,60,0,60,116,0,116,127,1,126,200,0,200
S01007176,665,1,664,108,0,108,82,0,82,98,0,98,139,1,138,100,0,100,138,0,138
S01007177,595,6,589,87,0,87,82,0,82,86,1,85,122,1,121,95,1,94,123,3,120
S01007178,1009,10,999,172,0,172,134,0,134,153,1,152,226,7,219,166,2,164,158,0,158
S01007179,963,3,960,93,0,93,97,0,97,66,0,66,175,0,175,270,1,269,262,2,260
S01007180,736,5,731,102,1,101,52,0,52,48,0,48,138,1,137,159,0,159,237,3,234
S01007181,801,6,795,97,0,97,78,0,78,58,0,58,146,2,144,208,0,208,214,4,210
S01007182,1023,5,1018,116,0,116,97,0,97,116,0,116,200,2,198,244,1,243,250,2,248
S01007183,1053,4,1049,114,1,113,124,0,124,125,0,125,209,1,208,202,1,201,279,1,278
S01007184,1017,11,1006,101,1,100,133,0,133,155,1,154,201,6,195,215,3,212,212,0,212
S01007185,824,2,822,132,0,132,99,0,99,127,2,125,171,0,171,120,0,120,175,0,175
S01007186,570,5,565,76,0,76,95,2,93,116,1,115,108,1,107,105,1,104,70,0,70
S01007187,781,7,774,74,0,74,95,1,94,121,2,119,151,1,150,158,2,156,182,1,181
S01007188,582,8,574,67,1,66,80,1,79,104,3,101,101,1,100,149,1,148,81,1,80
S01007189,784,5,779,74,0,74,83,0,83,84,3,81,111,1,110,175,0,175,257,1,256
S01007190,799,4,795,88,0,88,64,0,64,64,0,64,147,1,146,180,1,179,256,2,254
S01007191,594,4,590,83,0,83,62,0,62,96,3,93,112,0,112,136,0,136,105,1,104
S01007192,582,3,579,81,0,81,77,0,77,84,1,83,118,0,118,125,1,124,97,1,96
S01007193,742,4,738,134,1,133,107,0,107,88,1,87,166,0,166,142,0,142,105,2,103
S01007194,609,3,606,146,0,146,80,0,80,80,0,80,133,1,132,81,2,79,89,0,89
S01007195,556,2,554,120,0,120,73,0,73,66,0,66,114,1,113,82,1,81,101,0,101
S01007196,720,4,716,180,0,180,97,0,97,119,2,117,178,1,177,92,0,92,54,1,53
S01007197,611,2,609,154,0,154,79,1,78,111,0,111,136,0,136,84,1,83,47,0,47
S01007198,512,3,509,110,0,110,67,0,67,76,1,75,110,1,109,80,1,79,69,0,69
S01007199,768,5,763,167,1,166,121,2,119,112,1,111,154,1,153,128,0,128,86,0,86
S01007200,822,3,819,107,0,107,96,1,95,121,0,121,184,2,182,189,0,189,125,0,125
S01007201,721,6,715,96,0,96,74,0,74,96,1,95,125,2,123,165,2,163,165,1,164
S01007202,704,4,700,85,0,85,92,0,92,91,0,91,123,2,121,195,2,193,118,0,118
S01007203,628,1,627,110,0,110,75,0,75,54,0,54,153,0,153,141,1,140,95,0,95
S01007204,955,5,950,130,0,130,77,0,77,104,1,103,233,2,231,266,1,265,145,1,144
S01007205,666,5,661,83,0,83,97,1,96,55,1,54,148,1,147,166,2,164,117,0,117
S01007206,381,3,378,50,0,50,31,1,30,51,0,51,68,0,68,92,2,90,89,0,89
S01007207,878,8,870,124,0,124,76,1,75,86,1,85,186,1,185,232,3,229,174,2,172
S01007208,952,15,937,144,2,142,126,2,124,157,2,155,208,3,205,167,1,166,150,5,145
S01007209,745,7,738,74,0,74,106,2,104,100,1,99,160,2,158,129,1,128,176,1,175
S01007210,734,5,729,106,0,106,102,2,100,124,1,123,155,0,155,129,2,127,118,0,118
S01007211,937,9,928,132,2,130,105,0,105,118,4,114,204,1,203,208,2,206,170,0,170
S01007212,522,1,521,66,0,66,56,1,55,74,0,74,105,0,105,135,0,135,86,0,86
S01007213,891,6,885,102,0,102,87,2,85,95,2,93,191,0,191,159,1,158,257,1,256
S01007214,717,6,711,61,2,59,65,0,65,105,0,105,159,1,158,147,3,144,180,0,180
S01007215,735,6,729,85,0,85,102,0,102,88,3,85,149,1,148,157,1,156,154,1,153
S01007216,710,3,707,94,0,94,80,0,80,60,0,60,143,0,143,158,2,156,175,1,174
S01007217,916,6,910,129,0,129,107,2,105,106,0,106,223,0,223,183,2,181,168,2,166
S01007218,857,3,854,135,0,135,78,0,78,63,0,63,184,1,183,215,2,213,182,0,182
S01007219,790,3,787,115,0,115,75,1,74,85,0,85,187,1,186,173,0,173,155,1,154
S01007220,676,5,671,120,0,120,58,0,58,86,0,86,167,1,166,146,0,146,99,4,95
S01007221,670,3,667,145,0,145,44,0,44,101,1,100,138,1,137,107,1,106,135,0,135
S01007222,783,6,777,143,0,143,73,0,73,96,1,95,172,2,170,191,1,190,108,2,106
S01007223,516,3,513,100,0,100,51,0,51,46,0,46,138,0,138,95,1,94,86,2,84
S01007224,591,7,584,100,0,100,33,0,33,62,0,62,128,2,126,113,2,111,155,3,152
S01007225,849,6,843,128,0,128,75,0,75,62,1,61,246,2,244,199,1,198,139,2,137
S01007226,778,6,772,109,0,109,79,0,79,63,0,63,178,1,177,207,1,206,142,4,138
S01007227,935,7,928,155,0,155,74,0,74,82,1,81,224,3,221,195,0,195,205,3,202
S01007228,639,6,633,122,0,122,50,0,50,54,1,53,167,2,165,153,2,151,93,1,92
S01007229,1071,15,1056,156,0,156,102,4,98,88,0,88,280,3,277,268,6,262,177,2,175
S01007230,714,11,703,126,0,126,103,6,97,123,0,123,139,1,138,116,0,116,107,4,103
S01007231,678,10,668,102,0,102,80,3,77,94,2,92,131,1,130,124,2,122,147,2,145
S01007232,697,3,694,96,0,96,104,1,103,102,0,102,134,0,134,117,1,116,144,1,143
S01007233,765,4,761,118,0,118,77,1,76,98,1,97,163,0,163,176,2,174,133,0,133
S01007234,613,4,609,108,0,108,73,0,73,50,0,50,136,2,134,105,1,104,141,1,140
S01007235,739,9,730,80,0,80,100,2,98,113,0,113,129,4,125,130,2,128,187,1,186
S01007236,600,3,597,79,0,79,71,0,71,69,1,68,152,0,152,112,0,112,117,2,115
S01007237,706,1,705,98,0,98,70,0,70,46,0,46,175,0,175,150,1,149,167,0,167
S01007238,891,4,887,113,0,113,111,0,111,93,0,93,167,0,167,208,1,207,199,3,196
S01007239,851,1,850,106,0,106,68,0,68,62,0,62,144,0,144,212,1,211,259,0,259
S01007240,531,3,528,68,0,68,44,0,44,53,0,53,125,2,123,147,1,146,94,0,94
S01007241,603,5,598,96,0,96,54,0,54,35,0,35,154,3,151,157,2,155,107,0,107
S01007242,970,7,963,137,2,135,87,0,87,74,0,74,204,2,202,235,3,232,233,0,233
S01007243,573,5,568,69,0,69,65,0,65,61,0,61,113,2,111,139,1,138,126,2,124
S01007244,709,1,708,89,0,89,56,0,56,50,0,50,148,0,148,221,1,220,145,0,145
S01007245,649,6,643,66,0,66,51,0,51,54,0,54,151,3,148,173,1,172,154,2,152
S01007246,548,1,547,75,0,75,42,0,42,49,0,49,120,0,120,180,0,180,82,1,81
S01007247,622,3,619,92,0,92,39,1,38,52,0,52,148,0,148,191,2,189,100,0,100
S01007248,750,7,743,107,1,106,72,1,71,35,0,35,153,0,153,201,4,197,182,1,181
S01007249,421,1,420,50,0,50,32,0,32,35,0,35,75,0,75,96,1,95,133,0,133
S01007250,801,4,797,85,0,85,104,0,104,129,1,128,158,2,156,170,1,169,155,0,155
S01007251,511,4,507,89,0,89,44,0,44,50,0,50,103,0,103,101,1,100,124,3,121
S01007252,776,9,767,134,3,131,92,0,92,108,1,107,163,3,160,149,2,147,130,0,130
S01007253,777,8,769,90,0,90,62,1,61,63,0,63,161,4,157,189,1,188,212,2,210
S01007254,775,5,770,96,0,96,77,1,76,113,2,111,167,0,167,137,1,136,185,1,184
S01007255,750,7,743,137,2,135,78,0,78,129,0,129,158,3,155,144,1,143,104,1,103
S01007256,768,8,760,121,3,118,81,0,81,125,0,125,153,2,151,150,2,148,138,1,137
S01007257,572,6,566,86,0,86,75,0,75,101,1,100,127,3,124,81,1,80,102,1,101
S01007258,854,8,846,121,1,120,92,1,91,107,0,107,168,0,168,171,4,167,195,2,193
S01007259,827,16,811,105,5,100,99,1,98,112,2,110,177,4,173,135,3,132,199,1,198
S01007260,853,8,845,134,2,132,133,1,132,119,0,119,187,1,186,161,2,159,119,2,117
S01007261,769,2,767,86,0,86,65,0,65,56,0,56,139,0,139,224,2,222,199,0,199
S01007262,689,3,686,104,0,104,74,0,74,83,1,82,174,1,173,116,0,116,138,1,137
S01007263,756,7,749,103,1,102,54,0,54,100,0,100,140,2,138,181,2,179,178,2,176
S01007264,758,6,752,95,3,92,64,1,63,57,1,56,159,0,159,158,0,158,225,1,224
S01007265,1072,4,1068,170,1,169,118,0,118,115,0,115,227,1,226,215,1,214,227,1,226
S01007266,661,3,658,92,0,92,65,0,65,63,0,63,150,1,149,148,2,146,143,0,143
S01007267,506,5,501,67,0,67,41,0,41,37,0,37,128,2,126,139,3,136,94,0,94
S01007268,585,6,579,89,0,89,56,1,55,47,0,47,129,1,128,162,2,160,102,2,100
S01007269,518,5,513,78,0,78,47,0,47,32,0,32,123,1,122,121,2,119,117,2,115
S01007270,450,7,443,66,0,66,34,0,34,39,2,37,119,1,118,100,4,96,92,0,92
S01007271,960,3,957,124,0,124,89,0,89,95,0,95,208,2,206,221,1,220,223,0,223
S01007272,811,8,803,139,0,139,115,2,113,109,0,109,175,1,174,117,4,113,156,1,155
S01007273,643,2,641,96,0,96,73,0,73,85,1,84,135,0,135,120,1,119,134,0,134
S01007274,800,13,787,83,1,82,107,0,107,86,1,85,164,5,159,157,3,154,203,3,200
S01007275,579,5,574,80,0,80,47,0,47,42,0,42,103,0,103,130,3,127,177,2,175
S01007276,816,11,805,138,0,138,81,1,80,95,0,95,181,6,175,157,1,156,164,3,161
S01007277,744,10,734,107,2,105,74,0,74,45,0,45,156,2,154,177,2,175,185,4,181
S01007278,526,7,519,77,0,77,47,0,47,37,0,37,122,2,120,120,1,119,123,4,119
S01007279,554,5,549,88,0,88,40,0,40,32,0,32,141,2,139,141,2,139,112,1,111
S01007280,546,7,539,101,0,101,41,0,41,66,1,65,107,1,106,145,4,141,86,1,85
S01007281,955,10,945,150,0,150,94,0,94,128,1,127,233,4,229,240,4,236,110,1,109
S01007282,526,5,521,90,0,90,59,1,58,53,0,53,118,2,116,135,0,135,71,2,69
S01007283,1004,8,996,138,0,138,51,1,50,61,0,61,203,3,200,209,1,208,342,3,339
S01007284,816,312,504,114,42,72,67,37,30,64,21,43,164,42,122,218,73,145,189,97,92
S01007285,846,130,716,122,44,78,55,12,43,77,13,64,184,17,167,201,18,183,207,26,181
S01007286,912,179,733,125,41,84,90,21,69,107,14,93,186,34,152,222,32,190,182,37,145
S01007287,591,70,521,68,6,62,40,3,37,63,6,57,133,14,119,162,16,146,125,25,100
S01007288,548,84,464,61,23,38,40,8,32,33,4,29,116,11,105,168,20,148,130,18,112
S01007289,780,110,670,106,24,82,79,14,65,58,4,54,178,21,157,218,30,188,141,17,124
S01007290,723,65,658,208,22,186,76,4,72,147,11,136,194,21,173,79,6,73,19,1,18
S01007291,669,91,578,86,12,74,57,3,54,75,7,68,131,13,118,139,20,119,181,36,145
S01007292,754,88,666,122,20,102,88,10,78,65,6,59,172,12,160,190,22,168,117,18,99
S01007293,750,89,661,173,16,157,112,12,100,106,6,100,181,26,155,109,12,97,69,17,52
S01007294,891,114,777,146,29,117,113,5,108,94,7,87,201,28,173,195,24,171,142,21,121
S01007295,497,42,455,65,5,60,62,4,58,75,0,75,87,10,77,107,14,93,101,9,92
S01007296,553,60,493,34,4,30,83,4,79,98,4,94,102,8,94,116,19,97,120,21,99
S01007297,880,92,788,97,17,80,99,10,89,147,16,131,186,12,174,202,18,184,149,19,130
S01007298,507,57,450,70,7,63,52,4,48,64,1,63,103,12,91,109,14,95,109,19,90
S01007299,819,79,740,86,6,80,113,11,102,147,8,139,163,10,153,166,20,146,144,24,120
S01007300,486,50,436,75,3,72,53,2,51,72,2,70,108,14,94,89,14,75,89,15,74
S01007301,716,58,658,90,7,83,56,5,51,45,0,45,153,12,141,189,16,173,183,18,165
S01007302,604,66,538,92,11,81,66,4,62,54,7,47,134,7,127,143,19,124,115,18,97
S01007303,903,71,832,124,15,109,69,5,64,84,8,76,194,14,180,208,13,195,224,16,208
S01007304,676,137,539,92,25,67,46,13,33,47,5,42,121,25,96,155,22,133,215,47,168
S01007305,713,48,665,105,11,94,62,6,56,48,1,47,158,9,149,202,12,190,138,9,129
S01007306,731,80,651,119,12,107,51,4,47,63,7,56,167,14,153,168,11,157,163,32,131
S01007307,772,85,687,109,17,92,61,7,54,47,3,44,190,22,168,212,19,193,153,17,136
S01007308,794,66,728,108,17,91,78,7,71,72,4,68,180,10,170,183,11,172,173,17,156
S01007309,628,36,592,78,4,74,39,0,39,56,3,53,138,4,134,202,15,187,115,10,105
S01007310,794,63,731,108,15,93,55,5,50,45,1,44,152,10,142,210,14,196,224,18,206
S01007311,751,52,699,98,13,85,62,1,61,105,10,95,172,8,164,164,5,159,150,15,135
S01007312,748,50,698,122,6,116,46,3,43,52,6,46,142,10,132,187,15,172,199,10,189
S01007313,959,43,916,133,7,126,61,2,59,59,2,57,218,8,210,250,6,244,238,18,220
S01007314,623,34,589,95,3,92,53,2,51,47,4,43,163,8,155,163,10,153,102,7,95
S01007315,908,28,880,127,3,124,103,5,98,109,1,108,226,4,222,162,8,154,181,7,174
S01007316,843,40,803,110,2,108,94,3,91,81,2,79,181,4,177,186,11,175,191,18,173
S01007317,650,38,612,120,6,114,62,1,61,67,2,65,180,4,176,135,13,122,86,12,74
S01007318,596,34,562,121,5,116,43,1,42,50,1,49,147,7,140,132,6,126,103,14,89
S01007319,724,37,687,92,5,87,67,3,64,68,2,66,146,1,145,167,8,159,184,18,166
S01007320,736,25,711,96,2,94,56,4,52,47,0,47,167,4,163,176,8,168,194,7,187
S01007321,584,22,562,56,4,52,31,1,30,40,1,39,116,4,112,178,6,172,163,6,157
S01007322,716,55,661,82,5,77,68,2,66,76,5,71,164,13,151,159,14,145,167,16,151
S01007323,442,23,419,48,3,45,30,2,28,39,0,39,102,7,95,118,6,112,105,5,100
S01007324,318,51,267,28,1,27,24,1,23,28,3,25,65,7,58,105,18,87,68,21,47
S01007325,815,216,599,130,26,104,54,9,45,63,13,50,170,35,135,198,58,140,200,75,125
S01007326,755,213,542,96,15,81,66,15,51,48,7,41,144,31,113,207,61,146,194,84,110
S01007327,761,196,565,104,24,80,73,13,60,73,16,57,174,31,143,153,44,109,184,68,116
S01007328,829,210,619,116,21,95,92,11,81,86,11,75,157,24,133,201,58,143,177,85,92
S01007329,678,41,637,110,8,102,62,1,61,29,1,28,163,7,156,165,6,159,149,18,131
S01007330,765,23,742,75,1,74,37,2,35,51,1,50,122,3,119,213,7,206,267,9,258
S01007331,966,32,934,151,6,145,84,3,81,74,2,72,225,9,216,242,6,236,190,6,184
S01007332,501,12,489,66,1,65,54,0,54,20,0,20,100,4,96,137,3,134,124,4,120
S01007333,783,23,760,95,3,92,69,1,68,57,0,57,140,2,138,203,6,197,219,11,208
S01007334,713,19,694,122,3,119,98,4,94,61,2,59,139,1,138,127,4,123,166,5,161
S01007335,766,14,752,99,3,96,87,0,87,100,1,99,139,4,135,163,1,162,178,5,173
S01007336,516,17,499,58,1,57,78,7,71,78,4,74,100,2,98,87,3,84,115,0,115
S01007337,641,23,618,79,0,79,46,2,44,60,3,57,123,3,120,127,4,123,206,11,195
S01007338,726,8,718,120,0,120,78,0,78,65,1,64,166,3,163,146,2,144,151,2,149
S01007339,604,13,591,77,1,76,40,1,39,35,0,35,121,3,118,138,3,135,193,5,188
S01007340,461,9,452,57,1,56,32,1,31,35,0,35,85,3,82,110,1,109,142,3,139
S01007341,728,10,718,74,2,72,53,0,53,33,0,33,128,3,125,192,2,190,248,3,245
S01007342,812,22,790,88,1,87,63,2,61,30,0,30,150,3,147,245,9,236,236,7,229
S01007343,641,9,632,72,0,72,46,0,46,32,0,32,122,1,121,184,4,180,185,4,181
S01007344,438,4,434,44,0,44,30,1,29,26,0,26,67,1,66,122,1,121,149,1,148
S01007345,558,6,552,104,2,102,67,0,67,81,0,81,108,2,106,91,0,91,107,2,105
S01007346,531,13,518,44,0,44,49,0,49,76,5,71,82,2,80,134,5,129,146,1,145
S01007347,592,6,586,49,0,49,78,1,77,42,0,42,96,0,96,161,3,158,166,2,164
S01007348,591,11,580,100,1,99,74,1,73,49,1,48,121,1,120,120,4,116,127,3,124
S01007349,436,10,426,96,4,92,51,0,51,38,0,38,80,4,76,101,0,101,70,2,68
S01007350,552,10,542,46,1,45,60,0,60,50,0,50,99,2,97,128,2,126,169,5,164
S01007351,648,27,621,56,4,52,29,2,27,39,1,38,105,4,101,177,6,171,242,10,232
S01007352,491,17,474,49,2,47,31,1,30,49,0,49,95,5,90,154,5,149,113,4,109
S01007353,629,21,608,91,8,83,37,1,36,54,1,53,100,4,96,168,5,163,179,2,177
S01007354,769,24,745,62,4,58,52,1,51,46,0,46,132,6,126,200,5,195,277,8,269
S01007355,933,33,900,79,5,74,55,2,53,52,2,50,160,3,157,305,8,297,282,13,269
S01007356,700,26,674,75,4,71,45,0,45,38,0,38,123,8,115,205,7,198,214,7,207
S01007357,784,21,763,103,3,100,33,0,33,49,2,47,162,4,158,205,5,200,232,7,225
S01007358,888,52,836,123,17,106,70,3,67,98,3,95,223,10,213,243,12,231,131,7,124
S01007359,801,46,755,133,14,119,72,2,70,64,5,59,161,13,148,172,4,168,199,8,191
S01007360,528,8,520,47,0,47,38,0,38,28,1,27,89,0,89,151,3,148,175,4,171
S01007361,1027,33,994,143,12,131,83,1,82,65,0,65,173,5,168,252,4,248,311,11,300
S01007362,767,37,730,108,8,100,68,1,67,64,4,60,114,5,109,160,7,153,253,12,241
S01007363,676,15,661,68,2,66,45,1,44,37,0,37,101,3,98,191,1,190,234,8,226
S01007364,858,19,839,171,4,167,117,0,117,110,1,109,194,5,189,143,6,137,123,3,120
S01007365,457,7,450,65,1,64,54,1,53,45,0,45,84,2,82,99,1,98,110,2,108
S01007366,450,5,445,52,0,52,52,0,52,37,1,36,74,2,72,100,0,100,135,2,133
S01007367,540,17,523,66,6,60,52,2,50,60,1,59,104,5,99,125,1,124,133,2,131
S01007368,516,10,506,112,4,108,72,0,72,48,3,45,121,2,119,95,0,95,68,1,67
S01007369,745,13,732,117,1,116,66,0,66,100,0,100,169,1,168,169,6,163,124,5,119
S01007370,717,30,687,77,1,76,112,5,107,75,2,73,170,10,160,173,7,166,110,5,105
S01007371,697,24,673,134,3,131,72,1,71,72,2,70,159,5,154,144,9,135,116,4,112
S01007372,883,38,845,124,7,117,65,0,65,60,2,58,169,10,159,182,6,176,283,13,270
S01007373,599,9,590,63,0,63,46,1,45,31,0,31,101,2,99,193,1,192,165,5,160
S01007374,508,8,500,73,0,73,59,3,56,35,2,33,134,1,133,124,1,123,83,1,82
S01007375,454,7,447,48,1,47,36,0,36,38,0,38,91,2,89,123,2,121,118,2,116
S01007376,809,9,800,121,1,120,108,0,108,91,0,91,173,0,173,189,3,186,127,5,122
S01007377,653,13,640,100,1,99,46,1,45,33,0,33,167,2,165,182,7,175,125,2,123
S01007378,1445,16,1429,78,2,76,568,0,568,369,5,364,190,1,189,133,3,130,107,5,102
S01007379,462,7,455,57,0,57,42,0,42,52,0,52,97,1,96,96,3,93,118,3,115
S01007380,559,8,551,111,1,110,65,0,65,66,0,66,141,5,136,114,2,112,62,0,62
S01007381,503,7,496,80,2,78,35,0,35,22,0,22,96,2,94,126,3,123,144,0,144
S01007382,651,11,640,117,1,116,57,1,56,35,0,35,170,5,165,148,4,144,124,0,124
S01007383,727,11,716,90,1,89,55,1,54,59,2,57,140,2,138,197,4,193,186,1,185
S01007384,754,17,737,143,2,141,75,0,75,84,4,80,198,5,193,137,2,135,117,4,113
S01007385,814,14,800,85,0,85,74,0,74,81,1,80,131,3,128,209,6,203,234,4,230
S01007386,794,14,780,110,2,108,76,0,76,28,0,28,160,3,157,216,4,212,204,5,199
S01007387,793,16,777,129,3,126,67,1,66,36,0,36,159,4,155,242,3,239,160,5,155
S01007388,671,10,661,99,0,99,91,2,89,35,0,35,148,3,145,161,0,161,137,5,132
S01007389,537,12,525,149,2,147,80,2,78,111,1,110,147,5,142,42,1,41,8,1,7
S01007390,528,6,522,165,0,165,66,1,65,112,2,110,131,2,129,46,1,45,8,0,8
S01007391,560,8,552,73,0,73,61,2,59,27,0,27,124,1,123,158,3,155,117,2,115
S01007392,463,9,454,50,1,49,35,0,35,18,0,18,92,5,87,132,1,131,136,2,134
S01007393,793,11,782,128,3,125,72,1,71,42,0,42,114,3,111,159,3,156,278,1,277
S01007394,630,7,623,71,2,69,46,0,46,30,1,29,115,0,115,138,2,136,230,2,228
S01007395,766,13,753,52,0,52,78,0,78,117,1,116,185,3,182,151,5,146,183,4,179
S01007396,759,18,741,68,0,68,84,1,83,110,2,108,171,3,168,146,8,138,180,4,176
S01007397,917,16,901,123,1,122,91,0,91,79,0,79,191,2,189,206,5,201,227,8,219
S01007398,663,10,653,148,5,143,87,0,87,94,1,93,151,2,149,122,1,121,61,1,60
S01007399,611,15,596,108,3,105,89,1,88,72,6,66,152,2,150,127,2,125,63,1,62
S01007400,688,15,673,83,3,80,68,1,67,52,0,52,133,4,129,175,4,171,177,3,174
S01007401,651,9,642,81,1,80,83,1,82,43,0,43,158,3,155,159,2,157,127,2,125
S01007402,593,12,581,72,1,71,64,1,63,48,1,47,139,1,138,137,6,131,133,2,131
S01007403,765,11,754,214,2,212,77,1,76,146,2,144,219,3,216,77,3,74,32,0,32
S01007404,414,13,401,43,0,43,26,1,25,39,0,39,92,4,88,113,3,110,101,5,96
S01007405,652,19,633,102,2,100,59,3,56,43,2,41,173,5,168,174,5,169,101,2,99
S01007406,605,7,598,84,0,84,46,0,46,34,0,34,128,0,128,164,4,160,149,3,146
S01007407,704,10,694,106,1,105,70,1,69,39,1,38,165,1,164,153,3,150,171,3,168
S01007408,575,5,570,91,0,91,54,1,53,67,0,67,142,1,141,128,1,127,93,2,91
S01007409,701,5,696,87,0,87,78,1,77,60,0,60,146,1,145,168,2,166,162,1,161
S01007410,674,1,673,133,0,133,89,0,89,79,0,79,158,0,158,114,0,114,101,1,100
S01007411,841,6,835,142,1,141,103,0,103,133,1,132,191,0,191,131,1,130,141,3,138
S01007412,465,2,463,69,0,69,52,0,52,35,2,33,104,0,104,107,0,107,98,0,98
S01007413,874,2,872,153,0,153,95,0,95,121,1,120,242,1,241,198,0,198,65,0,65
S01007414,663,6,657,138,0,138,65,0,65,61,1,60,232,3,229,120,1,119,47,1,46
S01007415,827,5,822,150,0,150,79,0,79,107,0,107,197,3,194,168,2,166,126,0,126
S01007416,556,2,554,133,0,133,85,0,85,81,0,81,138,2,136,86,0,86,33,0,33
S01007417,956,12,944,163,4,159,90,1,89,124,1,123,271,4,267,197,2,195,111,0,111
S01007418,642,0,642,108,0,108,67,0,67,67,0,67,151,0,151,164,0,164,85,0,85
S01007419,820,5,815,170,0,170,116,0,116,143,3,140,201,2,199,133,0,133,57,0,57
S01007420,1406,43,1363,123,1,122,195,1,194,346,10,336,471,23,448,190,3,187,81,5,76
S01007421,628,6,622,104,1,103,54,1,53,79,0,79,177,2,175,127,2,125,87,0,87
S01007422,566,8,558,74,0,74,43,2,41,56,0,56,139,2,137,130,2,128,124,2,122
S01007423,717,5,712,117,0,117,52,0,52,141,2,139,180,1,179,120,0,120,107,2,105
S01007424,772,13,759,99,0,99,58,1,57,69,0,69,142,3,139,221,7,214,183,2,181
S01007425,842,10,832,118,0,118,92,2,90,89,1,88,181,4,177,208,1,207,154,2,152
S01007426,644,4,640,101,0,101,61,0,61,68,1,67,151,0,151,134,2,132,129,1,128
S01007427,623,5,618,73,0,73,81,0,81,66,3,63,122,1,121,140,0,140,141,1,140
S01007428,859,13,846,110,3,107,96,1,95,99,0,99,205,4,201,162,2,160,187,3,184
S01007429,692,11,681,91,0,91,99,4,95,90,1,89,161,3,158,155,3,152,96,0,96
S01007430,436,6,430,41,1,40,53,0,53,42,1,41,88,2,86,116,1,115,96,1,95
S01007431,548,4,544,70,0,70,79,1,78,43,0,43,124,1,123,147,1,146,85,1,84
S01007432,799,9,790,91,0,91,69,0,69,95,6,89,176,0,176,200,1,199,168,2,166
S01007433,780,7,773,121,0,121,67,0,67,63,2,61,174,1,173,198,1,197,157,3,154
S01007434,478,8,470,76,1,75,68,3,65,70,1,69,105,0,105,99,1,98,60,2,58
S01007435,663,7,656,89,0,89,72,0,72,81,0,81,158,1,157,148,4,144,115,2,113
S01007436,650,9,641,107,1,106,71,2,69,100,2,98,138,2,136,135,2,133,99,0,99
S01007437,421,7,414,51,0,51,56,0,56,61,4,57,79,1,78,108,1,107,66,1,65
S01007438,647,10,637,75,0,75,68,0,68,66,3,63,150,3,147,137,4,133,151,0,151
S01007439,670,8,662,70,1,69,76,1,75,64,2,62,150,1,149,166,2,164,144,1,143
S01007440,637,13,624,98,0,98,66,0,66,58,0,58,128,3,125,174,7,167,113,3,110
S01007441,541,9,532,79,0,79,44,0,44,36,0,36,125,3,122,165,3,162,92,3,89
S01007442,472,3,469,54,0,54,43,0,43,32,0,32,88,0,88,162,3,159,93,0,93
S01007443,901,15,886,143,2,141,111,2,109,55,1,54,167,2,165,192,5,187,233,3,230
S01007444,927,12,915,154,0,154,63,0,63,40,0,40,227,3,224,233,4,229,210,5,205
S01007445,608,6,602,103,0,103,40,0,40,41,0,41,131,0,131,173,2,171,120,4,116
S01007446,532,3,529,110,0,110,53,0,53,22,0,22,138,0,138,112,1,111,97,2,95
S01007447,479,4,475,68,0,68,33,0,33,12,0,12,106,0,106,156,4,152,104,0,104
S01007448,852,11,841,116,2,114,73,0,73,52,0,52,207,7,200,219,1,218,185,1,184
S01007449,934,10,924,113,1,112,118,0,118,116,0,116,196,3,193,224,4,220,167,2,165
S01007450,739,3,736,141,0,141,88,1,87,91,0,91,165,1,164,146,1,145,108,0,108
S01007451,608,5,603,84,0,84,57,0,57,61,0,61,141,2,139,141,1,140,124,2,122
S01007452,515,5,510,101,2,99,75,1,74,42,0,42,119,0,119,96,2,94,82,0,82
S01007453,584,5,579,126,2,124,64,0,64,108,1,107,206,2,204,57,0,57,23,0,23
S01007454,496,4,492,78,0,78,57,1,56,63,1,62,112,1,111,118,0,118,68,1,67
S01007455,815,5,810,138,0,138,91,0,91,121,1,120,187,1,186,172,1,171,106,2,104
S01007456,831,8,823,129,2,127,119,0,119,152,0,152,170,3,167,129,3,126,132,0,132
S01007457,1047,11,1036,177,0,177,116,2,114,130,2,128,284,2,282,186,5,181,154,0,154
S01007458,509,1,508,66,0,66,53,0,53,41,0,41,122,0,122,118,1,117,109,0,109
S01007459,630,3,627,79,0,79,53,0,53,50,0,50,114,1,113,156,1,155,178,1,177
S01007460,709,8,701,90,0,90,64,2,62,64,0,64,148,4,144,208,1,207,135,1,134
S01007461,653,5,648,85,1,84,100,2,98,93,0,93,151,1,150,131,1,130,93,0,93
S01007462,766,13,753,105,2,103,92,5,87,132,0,132,181,3,178,167,2,165,89,1,88
S01007463,951,10,941,230,0,230,162,3,159,109,1,108,209,3,206,146,2,144,95,1,94
S01007464,654,5,649,106,0,106,77,1,76,74,2,72,148,0,148,141,2,139,108,0,108
S01007465,755,3,752,161,0,161,101,2,99,115,0,115,186,1,185,99,0,99,93,0,93
S01007466,936,7,929,85,2,83,144,0,144,153,1,152,239,4,235,172,0,172,143,0,143
S01007467,942,12,930,118,0,118,97,0,97,125,1,124,234,3,231,168,3,165,200,5,195
S01007468,699,11,688,92,2,90,65,0,65,72,4,68,185,0,185,183,3,180,102,2,100
S01007469,578,8,570,113,2,111,52,1,51,73,0,73,126,3,123,132,2,130,82,0,82
S01007470,682,5,677,110,1,109,79,0,79,84,0,84,144,2,142,136,0,136,129,2,127
S01007471,457,2,455,75,0,75,57,0,57,49,0,49,112,0,112,109,1,108,55,1,54
S01007472,529,6,523,71,1,70,59,1,58,65,0,65,110,1,109,115,3,112,109,0,109
S01007473,426,2,424,56,0,56,48,0,48,46,0,46,112,2,110,88,0,88,76,0,76
S01007474,519,2,517,74,0,74,53,1,52,53,0,53,129,0,129,132,1,131,78,0,78
S01007475,570,4,566,79,0,79,54,0,54,90,1,89,139,1,138,127,1,126,81,1,80
S01007476,642,3,639,77,0,77,45,1,44,43,0,43,146,1,145,140,0,140,191,1,190
S01007477,518,6,512,81,2,79,38,0,38,65,1,64,126,2,124,117,0,117,91,1,90
S01007478,880,6,874,129,0,129,78,0,78,115,0,115,222,4,218,155,1,154,181,1,180
S01007479,554,6,548,96,0,96,60,3,57,94,1,93,179,0,179,63,1,62,62,1,61
S01007480,736,8,728,127,0,127,81,0,81,125,2,123,202,2,200,136,3,133,65,1,64
S01007481,815,6,809,75,0,75,67,0,67,39,0,39,143,1,142,188,1,187,303,4,299
S01007482,465,3,462,57,0,57,31,0,31,48,2,46,75,0,75,98,1,97,156,0,156
S01007483,758,3,755,129,0,129,60,0,60,115,0,115,160,2,158,163,0,163,131,1,130
S01007484,536,6,530,66,0,66,74,0,74,54,1,53,108,3,105,115,1,114,119,1,118
S01007485,438,6,432,79,2,77,73,2,71,76,1,75,88,0,88,65,0,65,57,1,56
S01007486,496,3,493,114,0,114,74,1,73,80,0,80,87,2,85,76,0,76,65,0,65
S01007487,875,6,869,112,0,112,121,3,118,104,0,104,183,0,183,185,2,183,170,1,169
S01007488,997,8,989,159,0,159,125,2,123,103,0,103,239,4,235,186,1,185,185,1,184
S01007489,838,7,831,113,0,113,88,3,85,73,1,72,165,3,162,196,0,196,203,0,203
S01007490,888,3,885,131,1,130,99,0,99,77,2,75,176,0,176,177,0,177,228,0,228
S01007491,1107,10,1097,221,0,221,124,4,120,207,1,206,230,3,227,157,1,156,168,1,167
S01007492,671,5,666,74,0,74,64,0,64,58,1,57,138,2,136,181,2,179,156,0,156
S01007493,797,4,793,120,0,120,92,2,90,91,0,91,186,0,186,160,0,160,148,2,146
S01007494,518,0,518,70,0,70,43,0,43,36,0,36,116,0,116,128,0,128,125,0,125
S01007495,818,1,817,141,0,141,61,0,61,69,0,69,192,0,192,210,1,209,145,0,145
S01007496,988,8,980,106,0,106,81,1,80,80,0,80,163,1,162,279,3,276,279,3,276
S01007497,577,5,572,96,0,96,59,1,58,37,0,37,134,0,134,130,3,127,121,1,120
S01007498,820,3,817,83,1,82,65,0,65,60,0,60,149,0,149,248,1,247,215,1,214
S01007499,817,1,816,130,0,130,74,0,74,85,0,85,198,1,197,194,0,194,136,0,136
S01007500,592,2,590,76,0,76,37,0,37,47,0,47,116,0,116,168,1,167,148,1,147
S01007501,666,3,663,68,0,68,45,0,45,34,0,34,103,0,103,224,2,222,192,1,191
S01007502,515,3,512,68,0,68,44,1,43,34,0,34,111,1,110,153,1,152,105,0,105
S01007503,1018,8,1010,148,0,148,69,0,69,87,2,85,203,1,202,249,1,248,262,4,258
S01007504,662,6,656,74,0,74,62,1,61,55,0,55,131,0,131,175,5,170,165,0,165
S01007505,409,2,407,63,0,63,35,0,35,40,0,40,97,1,96,103,1,102,71,0,71
S01007506,500,2,498,74,0,74,31,0,31,34,0,34,89,0,89,113,0,113,159,2,157
S01007507,898,11,887,105,0,105,76,0,76,73,0,73,180,4,176,216,7,209,248,0,248
S01007508,680,10,670,76,0,76,61,1,60,70,1,69,105,2,103,203,4,199,165,2,163
S01007509,617,6,611,89,0,89,51,1,50,35,0,35,128,2,126,165,0,165,149,3,146
S01007510,1001,10,991,139,0,139,77,1,76,64,0,64,173,3,170,247,2,245,301,4,297
S01007511,804,12,792,129,2,127,94,1,93,77,2,75,129,3,126,199,2,197,176,2,174
S01007512,516,3,513,67,0,67,46,1,45,30,0,30,91,1,90,148,1,147,134,0,134
S01007513,1002,11,991,177,1,176,122,2,120,125,1,124,203,2,201,190,3,187,185,2,183
S01007514,504,2,502,59,0,59,54,0,54,57,0,57,112,0,112,116,2,114,106,0,106
S01007515,587,13,574,68,0,68,62,2,60,39,3,36,101,2,99,134,3,131,183,3,180
S01007516,593,2,591,118,1,117,66,1,65,86,0,86,121,0,121,90,0,90,112,0,112
S01007517,453,6,447,27,0,27,39,1,38,21,0,21,73,1,72,114,2,112,179,2,177
S01007518,808,4,804,109,0,109,74,1,73,81,1,80,186,0,186,166,2,164,192,0,192
S01007519,430,3,427,24,0,24,26,0,26,21,0,21,80,0,80,137,1,136,142,2,140
S01007520,953,10,943,143,0,143,72,1,71,69,3,66,201,3,198,214,2,212,254,1,253
S01007521,433,4,429,53,0,53,40,0,40,32,0,32,91,3,88,121,1,120,96,0,96
S01007522,966,9,957,98,0,98,75,1,74,58,1,57,167,1,166,218,2,216,350,4,346
S01007523,523,4,519,66,0,66,61,1,60,45,0,45,103,1,102,120,1,119,128,1,127
S01007524,927,10,917,109,1,108,83,0,83,64,1,63,194,3,191,247,3,244,230,2,228
S01007525,527,1,526,62,0,62,34,0,34,35,0,35,99,0,99,137,1,136,160,0,160
S01007526,722,4,718,89,1,88,67,2,65,65,0,65,143,0,143,155,0,155,203,1,202
S01007527,757,2,755,78,0,78,51,0,51,66,0,66,135,1,134,210,1,209,217,0,217
S01007528,736,3,733,103,0,103,82,0,82,67,0,67,146,0,146,154,2,152,184,1,183
S01007529,651,2,649,69,0,69,54,0,54,40,1,39,103,0,103,176,1,175,209,0,209
S01007530,513,4,509,67,0,67,54,1,53,49,0,49,101,0,101,121,1,120,121,2,119
S01007531,677,9,668,96,1,95,51,0,51,63,2,61,135,2,133,182,0,182,150,4,146
S01007532,584,4,580,104,0,104,55,0,55,52,1,51,125,2,123,141,0,141,107,1,106
S01007533,533,0,533,62,0,62,55,0,55,43,0,43,122,0,122,129,0,129,122,0,122
S01007534,914,5,909,124,0,124,94,0,94,69,0,69,177,1,176,217,1,216,233,3,230
S01007535,1037,10,1027,175,0,175,101,1,100,95,1,94,198,2,196,212,2,210,256,4,252
S01007536,907,4,903,124,0,124,104,0,104,107,0,107,179,3,176,186,1,185,207,0,207
S01007537,1020,10,1010,114,0,114,79,0,79,100,0,100,194,2,192,197,3,194,336,5,331
S01007538,909,5,904,149,0,149,73,0,73,69,0,69,214,2,212,202,1,201,202,2,200
S01007539,652,1,651,68,0,68,27,0,27,48,0,48,110,0,110,161,0,161,238,1,237
S01007540,820,6,814,98,1,97,63,0,63,70,0,70,154,0,154,207,3,204,228,2,226
S01007541,762,5,757,90,0,90,55,0,55,39,0,39,145,2,143,185,2,183,248,1,247
S01007542,843,5,838,131,0,131,91,0,91,108,0,108,165,1,164,190,3,187,158,1,157
S01007543,1030,11,1019,161,0,161,110,1,109,121,1,120,233,2,231,239,3,236,166,4,162
S01007544,1037,5,1032,107,0,107,61,0,61,41,0,41,164,1,163,266,1,265,398,3,395
S01007545,790,10,780,108,0,108,54,0,54,58,2,56,164,0,164,217,4,213,189,4,185
S01007546,543,3,540,85,0,85,37,0,37,54,1,53,131,2,129,125,0,125,111,0,111
S01007547,532,6,526,73,0,73,49,0,49,42,0,42,126,2,124,132,3,129,110,1,109
S01007548,688,6,682,110,0,110,70,0,70,58,2,56,135,3,132,175,0,175,140,1,139
S01007549,606,5,601,87,0,87,29,0,29,41,1,40,108,1,107,175,2,173,166,1,165
S01007550,901,10,891,112,1,111,56,2,54,64,1,63,149,0,149,242,4,238,278,2,276
S01007551,849,3,846,83,0,83,70,1,69,57,0,57,185,1,184,247,1,246,207,0,207
S01007552,882,3,879,145,0,145,116,0,116,112,0,112,187,1,186,191,1,190,131,1,130
S01007553,851,4,847,142,1,141,105,0,105,79,1,78,168,1,167,191,1,190,166,0,166
S01007554,416,3,413,45,0,45,53,0,53,43,0,43,77,2,75,95,0,95,103,1,102
S01007555,503,1,502,57,0,57,42,0,42,32,0,32,113,0,113,130,1,129,129,0,129
S01007556,499,1,498,60,0,60,56,0,56,35,0,35,93,0,93,107,0,107,148,1,147
S01007557,1096,3,1093,197,1,196,125,0,125,103,0,103,241,0,241,207,2,205,223,0,223
S01007558,416,1,415,50,0,50,32,0,32,24,0,24,97,1,96,117,0,117,96,0,96
S01007559,714,2,712,123,0,123,72,0,72,48,0,48,181,0,181,172,0,172,118,2,116
S01007560,937,10,927,141,1,140,67,2,65,68,1,67,167,3,164,224,2,222,270,1,269
S01007561,702,2,700,62,0,62,61,0,61,38,0,38,136,1,135,146,0,146,259,1,258
S01007562,836,5,831,148,0,148,77,0,77,66,1,65,208,3,205,176,1,175,161,0,161
S01007563,870,7,863,141,0,141,68,0,68,58,1,57,181,1,180,224,2,222,198,3,195
S01007564,752,1,751,100,0,100,74,0,74,51,0,51,147,1,146,212,0,212,168,0,168
S01007565,932,2,930,138,0,138,98,0,98,84,0,84,207,1,206,234,0,234,171,1,170
S01007566,715,4,711,112,0,112,100,0,100,53,1,52,159,1,158,166,1,165,125,1,124
S01007567,574,5,569,91,0,91,56,0,56,43,1,42,147,0,147,149,2,147,88,2,86
S01007568,639,4,635,89,0,89,42,0,42,67,1,66,119,0,119,198,2,196,124,1,123
S01007569,801,8,793,103,2,101,70,0,70,54,0,54,177,2,175,190,2,188,207,2,205
S01007570,662,0,662,95,0,95,62,0,62,63,0,63,135,0,135,179,0,179,128,0,128
S01007571,527,4,523,62,0,62,44,0,44,43,0,43,116,1,115,146,2,144,116,1,115
S01007572,935,3,932,147,0,147,93,1,92,75,0,75,197,1,196,180,1,179,243,0,243
S01007573,829,2,827,183,0,183,81,1,80,168,0,168,265,0,265,82,0,82,50,1,49
S01007574,979,5,974,159,2,157,131,0,131,117,1,116,210,1,209,177,1,176,185,0,185
S01007575,825,3,822,121,0,121,79,0,79,108,0,108,157,0,157,165,2,163,195,1,194
S01007576,675,1,674,133,0,133,104,0,104,99,1,98,140,0,140,107,0,107,92,0,92
S01007577,653,3,650,126,0,126,111,0,111,83,0,83,128,1,127,121,0,121,84,2,82
S01007578,653,2,651,113,0,113,87,0,87,84,0,84,134,1,133,131,0,131,104,1,103
S01007579,633,11,622,138,1,137,88,3,85,83,0,83,167,1,166,81,6,75,76,0,76
S01007580,811,12,799,173,1,172,131,2,129,97,1,96,180,5,175,114,1,113,116,2,114
S01007581,490,4,486,98,0,98,63,2,61,64,1,63,104,0,104,98,1,97,63,0,63
S01007582,633,3,630,100,0,100,94,0,94,74,0,74,142,2,140,121,1,120,102,0,102
S01007583,1018,4,1014,185,0,185,126,0,126,157,1,156,215,0,215,189,2,187,146,1,145
S01007584,595,2,593,102,0,102,70,0,70,66,1,65,153,0,153,110,1,109,94,0,94
S01007585,883,7,876,72,0,72,86,0,86,61,0,61,155,0,155,211,3,208,298,4,294
S01007586,809,6,803,139,0,139,119,2,117,83,2,81,183,1,182,160,0,160,125,1,124
S01007587,802,11,791,70,0,70,86,1,85,102,0,102,169,5,164,189,3,186,186,2,184
S01007588,825,5,820,114,0,114,87,0,87,41,0,41,181,1,180,198,3,195,204,1,203
S01007589,736,1,735,57,0,57,121,0,121,102,0,102,154,0,154,167,0,167,135,1,134
S01007590,646,3,643,107,0,107,46,1,45,36,0,36,136,0,136,141,2,139,180,0,180
S01007591,563,4,559,73,0,73,73,2,71,68,1,67,121,1,120,142,0,142,86,0,86
S01007592,671,9,662,91,0,91,85,0,85,110,2,108,147,4,143,126,2,124,112,1,111
S01007593,1070,7,1063,148,0,148,95,0,95,104,2,102,216,1,215,215,2,213,292,2,290
S01007594,824,5,819,112,0,112,72,0,72,81,1,80,157,1,156,217,1,216,185,2,183
S01007595,1030,6,1024,129,0,129,98,0,98,92,0,92,229,1,228,268,2,266,214,3,211
S01007596,545,0,545,62,0,62,38,0,38,36,0,36,108,0,108,145,0,145,156,0,156
S01007597,633,3,630,104,0,104,69,0,69,53,0,53,139,0,139,157,3,154,111,0,111
S01007598,624,7,617,73,0,73,73,0,73,47,2,45,125,1,124,168,3,165,138,1,137
S01007599,807,5,802,110,0,110,89,1,88,110,0,110,181,1,180,192,2,190,125,1,124
S01007600,1099,11,1088,147,1,146,114,2,112,89,1,88,244,2,242,233,1,232,272,4,268
S01007601,603,4,599,77,0,77,75,1,74,124,0,124,145,1,144,127,1,126,55,1,54
S01007602,624,1,623,96,0,96,62,0,62,84,1,83,118,0,118,202,0,202,62,0,62
S01007603,760,2,758,114,0,114,88,0,88,88,0,88,175,1,174,217,1,216,78,0,78
S01007604,879,4,875,119,1,118,78,1,77,72,0,72,179,1,178,238,0,238,193,1,192
S01007605,809,5,804,96,2,94,81,0,81,85,0,85,182,2,180,181,1,180,184,0,184
S01007606,594,7,587,72,0,72,56,2,54,73,1,72,129,1,128,143,3,140,121,0,121
S01007607,685,2,683,95,0,95,67,0,67,64,0,64,160,0,160,162,2,160,137,0,137
S01007608,728,0,728,88,0,88,88,0,88,67,0,67,152,0,152,180,0,180,153,0,153
S01007609,879,2,877,141,0,141,95,0,95,120,0,120,195,1,194,187,1,186,141,0,141
S01007610,502,4,498,52,0,52,58,1,57,57,0,57,99,1,98,91,1,90,145,1,144
S01007611,882,8,874,87,0,87,115,4,111,116,0,116,174,2,172,170,0,170,220,2,218
S01007612,1019,14,1005,81,1,80,192,7,185,174,2,172,244,3,241,175,0,175,153,1,152
S01007613,752,7,745,90,1,89,117,0,117,65,1,64,171,1,170,173,1,172,136,3,133
S01007614,823,2,821,128,0,128,64,0,64,48,0,48,229,1,228,171,0,171,183,1,182
S01007615,1046,11,1035,165,0,165,95,3,92,132,2,130,241,1,240,207,3,204,206,2,204
S01007616,712,12,700,102,0,102,81,3,78,109,1,108,161,2,159,125,1,124,134,5,129
S01007617,510,3,507,69,0,69,53,0,53,69,1,68,109,0,109,97,0,97,113,2,111
S01007618,617,2,615,100,0,100,66,0,66,57,0,57,122,1,121,96,1,95,176,0,176
S01007619,605,1,604,87,0,87,75,0,75,62,0,62,120,1,119,143,0,143,118,0,118
S01007620,564,2,562,57,0,57,49,0,49,68,0,68,116,0,116,129,2,127,145,0,145
S01007621,632,3,629,74,0,74,56,0,56,75,0,75,118,0,118,143,3,140,166,0,166
S01007622,564,2,562,93,0,93,50,0,50,64,0,64,118,2,116,110,0,110,129,0,129
S01007623,593,3,590,83,0,83,68,0,68,36,0,36,152,1,151,130,1,129,124,1,123
S01007624,641,5,636,102,0,102,75,1,74,84,1,83,165,2,163,135,0,135,80,1,79
S01007625,487,1,486,56,0,56,61,0,61,44,0,44,111,1,110,120,0,120,95,0,95
S01007626,619,2,617,118,0,118,64,0,64,92,1,91,198,1,197,88,0,88,59,0,59
S01007627,523,4,519,78,1,77,53,0,53,89,0,89,135,0,135,66,1,65,102,2,100
S01007628,704,5,699,99,1,98,58,0,58,41,1,40,150,1,149,161,2,159,195,0,195
S01007629,676,1,675,98,0,98,67,0,67,52,0,52,179,1,178,128,0,128,152,0,152
S01007630,796,7,789,100,0,100,81,0,81,56,0,56,199,1,198,216,4,212,144,2,142
S01007631,617,5,612,99,1,98,37,0,37,41,0,41,124,0,124,181,3,178,135,1,134
S01007632,934,4,930,131,0,131,92,0,92,98,0,98,211,2,209,198,1,197,204,1,203
S01007633,951,11,940,129,1,128,94,1,93,79,0,79,185,2,183,243,5,238,221,2,219
S01007634,560,3,557,75,0,75,59,0,59,37,0,37,130,2,128,142,1,141,117,0,117
S01007635,702,3,699,53,0,53,54,0,54,48,1,47,96,1,95,165,0,165,286,1,285
S01007636,834,5,829,91,0,91,88,1,87,82,1,81,144,0,144,171,0,171,258,3,255
S01007637,824,10,814,121,2,119,70,1,69,95,3,92,158,1,157,193,3,190,187,0,187
S01007638,742,4,738,89,0,89,78,0,78,98,3,95,153,0,153,152,1,151,172,0,172
S01007639,1043,3,1040,197,0,197,111,0,111,133,0,133,253,2,251,192,0,192,157,1,156
S01007640,701,4,697,101,0,101,65,0,65,76,0,76,155,0,155,179,1,178,125,3,122
S01007641,818,2,816,139,0,139,65,0,65,88,1,87,167,0,167,190,1,189,169,0,169
S01007642,816,4,812,98,0,98,61,0,61,55,1,54,156,2,154,195,0,195,251,1,250
S01007643,877,10,867,116,0,116,91,0,91,69,2,67,176,1,175,208,2,206,217,5,212
S01007644,831,6,825,133,0,133,71,0,71,56,0,56,151,0,151,197,2,195,223,4,219
S01007645,508,4,504,59,0,59,51,0,51,31,1,30,107,0,107,147,3,144,113,0,113
S01007646,616,6,610,82,0,82,54,0,54,60,0,60,127,0,127,175,4,171,118,2,116
S01007647,699,3,696,79,0,79,63,0,63,54,2,52,151,0,151,163,0,163,189,1,188
S01007648,851,2,849,108,0,108,64,0,64,88,0,88,182,1,181,191,1,190,218,0,218
S01007649,729,5,724,109,0,109,61,0,61,63,1,62,162,1,161,173,2,171,161,1,160
S01007650,936,7,929,109,0,109,84,0,84,63,0,63,189,4,185,258,3,255,233,0,233
S01007651,576,4,572,101,1,100,62,1,61,46,0,46,130,0,130,127,2,125,110,0,110
S01007652,590,2,588,87,0,87,52,0,52,49,0,49,115,0,115,127,1,126,160,1,159
S01007653,863,5,858,105,0,105,92,1,91,74,1,73,187,1,186,229,2,227,176,0,176
S01007654,1062,6,1056,155,0,155,113,0,113,91,3,88,228,1,227,227,0,227,248,2,246
S01007655,761,0,761,98,0,98,44,0,44,60,0,60,166,0,166,224,0,224,169,0,169
S01007656,825,4,821,109,0,109,84,1,83,63,0,63,185,1,184,209,2,207,175,0,175
S01007657,421,0,421,61,0,61,43,0,43,38,0,38,91,0,91,122,0,122,66,0,66
S01007658,497,3,494,68,0,68,48,1,47,32,0,32,106,0,106,121,0,121,122,2,120
S01007659,794,0,794,127,0,127,61,0,61,69,0,69,179,0,179,164,0,164,194,0,194
S01007660,799,7,792,119,0,119,90,0,90,132,1,131,163,2,161,191,2,189,104,2,102
S01007661,642,5,637,78,0,78,70,1,69,58,0,58,156,2,154,131,0,131,149,2,147
S01007662,874,6,868,99,0,99,85,0,85,75,0,75,185,1,184,175,4,171,255,1,254
S01007663,812,2,810,87,0,87,88,0,88,58,0,58,168,1,167,197,1,196,214,0,214
S01007664,552,5,547,67,1,66,55,0,55,69,0,69,118,3,115,118,1,117,125,0,125
S01007665,616,5,611,114,4,110,66,0,66,101,0,101,125,1,124,100,0,100,110,0,110
S01007666,498,2,496,83,0,83,41,0,41,28,0,28,121,0,121,113,1,112,112,1,111
S01007667,688,6,682,102,0,102,66,0,66,68,3,65,149,0,149,152,1,151,151,2,149
S01007668,1037,6,1031,158,0,158,114,1,113,131,2,129,220,0,220,189,1,188,225,2,223
S01007669,615,8,607,135,2,133,86,2,84,98,2,96,119,1,118,100,0,100,77,1,76
S01007670,696,5,691,157,1,156,88,1,87,75,0,75,173,1,172,118,1,117,85,1,84
S01007671,719,2,717,96,0,96,66,0,66,40,0,40,184,2,182,178,0,178,155,0,155
S01007672,867,8,859,97,1,96,50,0,50,56,2,54,153,0,153,234,3,231,277,2,275
S01007673,678,13,665,92,0,92,68,3,65,70,1,69,164,4,160,173,4,169,111,1,110
S01007674,771,4,767,106,0,106,77,0,77,76,1,75,164,1,163,192,2,190,156,0,156
S01007675,612,5,607,87,0,87,50,2,48,41,0,41,134,0,134,171,2,169,129,1,128
S01007676,668,0,668,95,0,95,60,0,60,57,0,57,149,0,149,178,0,178,129,0,129
S01007677,500,5,495,88,2,86,52,0,52,49,2,47,124,0,124,79,0,79,108,1,107
S01007678,767,7,760,99,0,99,81,0,81,72,1,71,144,2,142,154,2,152,217,2,215
S01007679,808,13,795,125,0,125,83,0,83,86,5,81,148,3,145,162,4,158,204,1,203
S01007680,905,3,902,122,0,122,85,0,85,85,0,85,179,2,177,240,1,239,194,0,194
S01007681,399,2,397,34,0,34,30,0,30,47,0,47,67,0,67,115,2,113,106,0,106
S01007682,858,10,848,92,0,92,93,1,92,101,1,100,167,0,167,225,4,221,180,4,176
S01007683,673,11,662,89,0,89,115,0,115,91,0,91,149,6,143,105,2,103,124,3,121
S01007684,787,5,782,93,0,93,81,0,81,51,1,50,138,2,136,192,2,190,232,0,232
S01007685,893,11,882,92,0,92,313,7,306,52,0,52,137,1,136,187,2,185,112,1,111
S01007686,662,2,660,71,0,71,118,0,118,65,0,65,117,0,117,154,1,153,137,1,136
S01007687,860,9,851,84,0,84,251,1,250,140,3,137,121,1,120,143,2,141,121,2,119
S01007688,992,8,984,62,0,62,368,4,364,253,0,253,152,2,150,106,1,105,51,1,50
S01007689,595,8,587,36,0,36,215,4,211,127,0,127,75,2,73,60,1,59,82,1,81
S01007690,857,9,848,35,0,35,403,3,400,152,4,148,81,1,80,121,0,121,65,1,64
S01007691,2878,75,2803,59,1,58,2094,49,2045,436,22,414,160,0,160,85,2,83,44,1,43
S01007692,922,18,904,57,1,56,483,11,472,181,3,178,88,2,86,58,0,58,55,1,54
S01007693,965,10,955,34,0,34,643,7,636,138,3,135,80,0,80,52,0,52,18,0,18
S01007694,1096,3,1093,85,0,85,511,3,508,209,0,209,132,0,132,81,0,81,78,0,78
S01007695,945,6,939,51,0,51,198,1,197,206,2,204,139,2,137,122,0,122,229,1,228
S01007696,780,13,767,61,3,58,352,4,348,159,0,159,95,1,94,60,3,57,53,2,51
S01007697,928,7,921,42,0,42,192,3,189,219,2,217,127,1,126,130,1,129,218,0,218
S01007698,1066,18,1048,82,0,82,361,13,348,268,3,265,193,1,192,101,0,101,61,1,60
S01007699,780,10,770,89,0,89,237,7,230,217,2,215,111,1,110,86,0,86,40,0,40
S01007700,963,16,947,105,1,104,128,4,124,146,3,143,196,6,190,229,2,227,159,0,159
S01007701,525,8,517,33,0,33,143,7,136,129,0,129,82,1,81,77,0,77,61,0,61
S01007702,1015,22,993,52,0,52,645,18,627,167,2,165,95,1,94,36,1,35,20,0,20
S01007703,767,3,764,71,0,71,134,2,132,117,0,117,144,0,144,164,0,164,137,1,136
S01007704,882,8,874,83,0,83,247,3,244,149,1,148,160,2,158,136,0,136,107,2,105
S01007705,742,10,732,7,0,7,477,8,469,185,0,185,53,1,52,16,0,16,4,1,3
S01007706,774,9,765,17,0,17,514,5,509,160,3,157,49,0,49,25,1,24,9,0,9
S01007707,825,8,817,59,2,57,282,1,281,289,3,286,120,1,119,54,0,54,21,1,20
S01007708,629,5,624,79,1,78,116,2,114,142,1,141,117,1,116,94,0,94,81,0,81
S01007709,568,9,559,38,0,38,120,2,118,137,3,134,90,2,88,93,1,92,90,1,89
S01007710,795,5,790,54,0,54,263,2,261,219,2,217,122,0,122,107,1,106,30,0,30
S01007711,1035,10,1025,55,0,55,393,7,386,185,2,183,131,1,130,136,0,136,135,0,135
S01007712,676,3,673,45,0,45,221,1,220,156,1,155,93,0,93,93,0,93,68,1,67
S01007713,472,4,468,55,0,55,87,0,87,92,3,89,101,0,101,85,1,84,52,0,52
S01007714,625,11,614,78,0,78,110,2,108,101,4,97,148,2,146,126,0,126,62,3,59
S01007715,500,10,490,66,0,66,96,3,93,102,2,100,104,3,101,67,0,67,65,2,63
S01007716,1007,16,991,64,0,64,224,1,223,188,8,180,149,0,149,155,4,151,227,3,224
S01007717,961,14,947,121,2,119,181,3,178,177,4,173,190,1,189,168,4,164,124,0,124
S01007718,671,1,670,38,0,38,84,0,84,153,0,153,122,1,121,120,0,120,154,0,154
S01007719,935,7,928,55,0,55,104,2,102,176,3,173,205,0,205,183,2,181,212,0,212
S01007720,692,1,691,45,0,45,64,0,64,76,1,75,128,0,128,135,0,135,244,0,244
S01007721,701,6,695,55,0,55,90,2,88,123,3,120,140,0,140,153,1,152,140,0,140
S01007722,817,9,808,84,0,84,89,1,88,119,4,115,195,0,195,168,0,168,162,4,158
S01007723,929,11,918,78,0,78,103,3,100,153,1,152,159,2,157,179,2,177,257,3,254
S01007724,620,2,618,92,0,92,135,0,135,158,2,156,126,0,126,88,0,88,21,0,21
S01007725,754,9,745,64,0,64,126,1,125,161,1,160,144,4,140,142,3,139,117,0,117
S01007726,767,2,765,90,0,90,160,0,160,175,1,174,154,1,153,109,0,109,79,0,79
S01007727,992,15,977,116,0,116,219,8,211,230,7,223,182,0,182,152,0,152,93,0,93
S01007728,754,7,747,70,0,70,230,2,228,180,4,176,120,0,120,113,1,112,41,0,41
S01007729,747,11,736,83,0,83,158,5,153,174,2,172,167,2,165,128,2,126,37,0,37
S01007730,732,8,724,58,0,58,139,3,136,256,2,254,141,1,140,101,2,99,37,0,37
S01007731,704,1,703,89,0,89,127,0,127,168,1,167,158,0,158,111,0,111,51,0,51
S01007732,646,4,642,52,0,52,171,4,167,176,0,176,102,0,102,79,0,79,66,0,66
S01007733,807,10,797,122,0,122,82,2,80,137,1,136,175,2,173,188,2,186,103,3,100
S01007734,808,3,805,83,0,83,76,0,76,80,0,80,141,0,141,232,0,232,196,3,193
S01007735,806,1,805,90,0,90,92,0,92,70,0,70,160,0,160,238,1,237,156,0,156
S01007736,703,1,702,85,0,85,95,0,95,100,0,100,136,0,136,143,0,143,144,1,143
S01007737,1021,7,1014,134,0,134,98,0,98,166,1,165,188,2,186,209,0,209,226,4,222
S01007738,709,6,703,83,0,83,57,0,57,62,0,62,140,2,138,147,1,146,220,3,217
S01007739,584,4,580,43,0,43,44,0,44,50,1,49,78,0,78,121,3,118,248,0,248
S01007740,560,1,559,63,0,63,53,0,53,61,0,61,105,1,104,135,0,135,143,0,143
S01007741,734,1,733,76,0,76,53,0,53,80,0,80,114,1,113,148,0,148,263,0,263
S01007742,601,3,598,49,0,49,69,0,69,58,2,56,104,0,104,150,1,149,171,0,171
S01007743,856,4,852,132,1,131,121,0,121,135,1,134,164,1,163,180,1,179,124,0,124
S01007744,738,1,737,121,0,121,78,0,78,112,0,112,119,0,119,144,0,144,164,1,163
S01007745,671,6,665,88,0,88,64,0,64,96,3,93,134,1,133,145,2,143,144,0,144
S01007746,849,5,844,129,2,127,117,0,117,105,0,105,197,0,197,194,2,192,107,1,106
S01007747,481,1,480,64,0,64,68,0,68,73,0,73,105,0,105,100,1,99,71,0,71
S01007748,664,2,662,121,0,121,84,1,83,113,0,113,139,1,138,119,0,119,88,0,88
S01007749,691,2,689,108,0,108,66,0,66,63,0,63,131,1,130,193,1,192,130,0,130
S01007750,797,4,793,77,0,77,69,0,69,54,0,54,112,2,110,214,1,213,271,1,270
S01007751,768,7,761,92,0,92,49,3,46,40,1,39,122,0,122,186,2,184,279,1,278
S01007752,735,4,731,77,0,77,39,0,39,38,1,37,110,1,109,157,0,157,314,2,312
S01007753,509,1,508,93,0,93,59,0,59,69,0,69,106,0,106,111,0,111,71,1,70
S01007754,835,9,826,145,1,144,103,3,100,98,0,98,175,2,173,160,3,157,154,0,154
S01007755,813,2,811,137,0,137,90,0,90,121,1,120,134,0,134,159,0,159,172,1,171
S01007756,598,4,594,117,0,117,53,0,53,85,1,84,105,1,104,115,1,114,123,1,122
S01007757,828,7,821,110,0,110,63,2,61,52,0,52,168,2,166,174,1,173,261,2,259
S01007758,889,4,885,98,0,98,60,0,60,60,0,60,140,0,140,210,2,208,321,2,319
S01007759,948,9,939,79,0,79,89,1,88,132,3,129,192,3,189,201,1,200,255,1,254
S01007760,600,1,599,82,0,82,41,0,41,37,0,37,109,1,108,150,0,150,181,0,181
S01007761,835,4,831,108,0,108,80,1,79,69,1,68,161,1,160,233,0,233,184,1,183
S01007762,805,4,801,76,0,76,53,0,53,101,2,99,149,0,149,178,1,177,248,1,247
S01007763,528,4,524,45,0,45,34,1,33,52,0,52,72,1,71,86,0,86,239,2,237
S01007764,736,6,730,102,0,102,86,0,86,62,0,62,188,2,186,168,2,166,130,2,128
S01007765,660,8,652,92,0,92,37,0,37,56,1,55,135,0,135,143,3,140,197,4,193
S01007766,897,2,895,120,0,120,95,0,95,59,0,59,171,0,171,210,0,210,242,2,240
S01007767,873,5,868,111,0,111,80,0,80,57,0,57,168,1,167,233,2,231,224,2,222
S01007768,638,13,625,66,0,66,65,0,65,54,0,54,140,6,134,143,5,138,170,2,168
S01007769,712,7,705,71,0,71,63,0,63,35,0,35,137,3,134,186,2,184,220,2,218
S01007770,724,3,721,111,0,111,68,0,68,43,0,43,137,2,135,167,0,167,198,1,197
S01007771,516,2,514,66,0,66,32,0,32,43,1,42,85,0,85,116,1,115,174,0,174
S01007772,940,5,935,94,0,94,91,1,90,136,2,134,188,1,187,159,0,159,272,1,271
S01007773,722,2,720,80,0,80,60,0,60,45,0,45,153,0,153,212,1,211,172,1,171
S01007774,895,1,894,214,0,214,76,0,76,157,0,157,311,1,310,103,0,103,34,0,34
S01007775,894,7,887,139,1,138,73,0,73,105,1,104,220,0,220,176,1,175,181,4,177
S01007776,704,3,701,143,0,143,82,1,81,60,0,60,197,1,196,149,1,148,73,0,73
S01007777,911,3,908,240,0,240,94,0,94,130,2,128,313,1,312,110,0,110,24,0,24
S01007778,467,4,463,95,0,95,31,0,31,50,1,49,161,2,159,93,1,92,37,0,37
S01007779,682,5,677,74,0,74,78,0,78,73,1,72,162,3,159,196,1,195,99,0,99
S01007780,759,1,758,110,0,110,89,0,89,102,0,102,242,1,241,153,0,153,63,0,63
S01007781,860,2,858,124,0,124,93,0,93,145,2,143,236,0,236,193,0,193,69,0,69
S01007782,475,4,471,100,0,100,82,0,82,75,2,73,115,2,113,64,0,64,39,0,39
S01007783,746,5,741,109,0,109,70,0,70,82,1,81,138,2,136,163,1,162,184,1,183
S01007784,684,3,681,153,0,153,80,1,79,125,2,123,190,0,190,107,0,107,29,0,29
S01007785,566,2,564,128,0,128,97,0,97,64,0,64,112,1,111,98,0,98,67,1,66
S01007786,742,4,738,130,0,130,69,0,69,80,1,79,131,1,130,190,1,189,142,1,141
S01007787,647,5,642,125,0,125,79,2,77,71,0,71,118,0,118,157,2,155,97,1,96
S01007788,666,11,655,200,0,200,97,3,94,108,0,108,139,3,136,89,4,85,33,1,32
S01007789,597,3,594,138,0,138,112,0,112,74,0,74,168,0,168,80,1,79,25,2,23
S01007790,850,4,846,290,2,288,113,0,113,125,0,125,202,1,201,91,1,90,29,0,29
S01007791,478,2,476,78,0,78,46,0,46,74,0,74,136,2,134,76,0,76,68,0,68
S01007792,851,4,847,142,0,142,84,0,84,102,1,101,147,2,145,222,0,222,154,1,153
S01007793,901,5,896,177,0,177,117,1,116,118,1,117,155,1,154,155,0,155,179,2,177
S01007794,539,3,536,91,0,91,61,1,60,75,0,75,96,1,95,131,0,131,85,1,84
S01007795,582,4,578,124,0,124,55,1,54,88,0,88,95,2,93,145,1,144,75,0,75
S01007796,681,4,677,153,0,153,80,0,80,90,0,90,156,1,155,117,2,115,85,1,84
S01007797,495,0,495,89,0,89,67,0,67,54,0,54,118,0,118,89,0,89,78,0,78
S01007798,630,3,627,136,0,136,85,0,85,104,1,103,190,1,189,84,1,83,31,0,31
S01007799,584,3,581,154,1,153,65,0,65,87,0,87,187,2,185,80,0,80,11,0,11
S01007800,921,8,913,201,3,198,110,0,110,110,0,110,189,2,187,168,2,166,143,1,142
S01007801,951,10,941,152,0,152,243,7,236,91,1,90,158,1,157,188,1,187,119,0,119
S01007802,518,2,516,115,0,115,56,0,56,98,1,97,161,0,161,74,1,73,14,0,14
S01007803,1031,14,1017,223,4,219,139,2,137,118,4,114,204,1,203,181,2,179,166,1,165
S01007804,602,3,599,150,0,150,93,0,93,89,0,89,106,1,105,113,1,112,51,1,50
S01007805,487,3,484,121,0,121,74,0,74,87,0,87,102,2,100,76,1,75,27,0,27
S01007806,602,4,598,82,0,82,55,0,55,99,0,99,105,1,104,141,3,138,120,0,120
S01007807,687,1,686,139,0,139,77,0,77,92,0,92,168,0,168,139,0,139,72,1,71
S01007808,820,1,819,185,0,185,103,0,103,113,0,113,216,1,215,138,0,138,65,0,65
S01007809,895,5,890,105,0,105,97,2,95,66,0,66,185,0,185,222,2,220,220,1,219
S01007810,852,7,845,162,0,162,101,0,101,94,0,94,178,1,177,173,2,171,144,4,140
S01007811,828,2,826,190,0,190,113,1,112,108,0,108,170,0,170,159,1,158,88,0,88
S01007812,812,5,807,223,0,223,113,0,113,98,1,97,207,1,206,130,2,128,41,1,40
S01007813,760,5,755,180,0,180,96,1,95,102,2,100,149,0,149,144,2,142,89,0,89
S01007814,549,3,546,81,0,81,66,0,66,53,0,53,127,2,125,137,1,136,85,0,85
S01007815,899,2,897,91,0,91,127,0,127,56,0,56,190,0,190,217,2,215,218,0,218
S01007816,647,3,644,89,0,89,66,1,65,80,0,80,131,0,131,177,0,177,104,2,102
S01007817,441,2,439,48,0,48,32,0,32,33,0,33,92,1,91,106,1,105,130,0,130
S01007818,725,2,723,118,0,118,74,0,74,80,0,80,194,0,194,156,2,154,103,0,103
S01007819,785,4,781,110,0,110,70,0,70,76,0,76,187,2,185,143,1,142,199,1,198
S01007820,956,5,951,148,2,146,113,0,113,95,0,95,209,1,208,183,0,183,208,2,206
S01007821,533,0,533,64,0,64,59,0,59,62,0,62,107,0,107,121,0,121,120,0,120
S01007822,726,4,722,92,0,92,59,0,59,56,0,56,136,2,134,187,1,186,196,1,195
S01007823,673,4,669,62,0,62,87,0,87,66,0,66,126,2,124,182,1,181,150,1,149
S01007824,716,9,707,84,1,83,70,2,68,68,2,66,135,0,135,167,3,164,192,1,191
S01007825,987,4,983,111,0,111,95,0,95,83,0,83,207,2,205,239,1,238,252,1,251
S01007826,572,0,572,107,0,107,57,0,57,66,0,66,117,0,117,100,0,100,125,0,125
S01007827,563,3,560,68,0,68,94,2,92,123,0,123,119,1,118,122,0,122,37,0,37
S01007828,951,5,946,62,0,62,95,1,94,180,1,179,167,0,167,179,2,177,268,1,267
S01007829,567,3,564,28,0,28,44,1,43,65,1,64,81,0,81,116,1,115,233,0,233
S01007830,895,7,888,77,1,76,102,1,101,134,0,134,155,2,153,173,2,171,254,1,253
S01007831,862,9,853,120,0,120,105,2,103,124,4,120,158,1,157,160,2,158,195,0,195
S01007832,610,5,605,59,0,59,67,0,67,86,3,83,126,0,126,135,2,133,137,0,137
S01007833,780,4,776,49,0,49,46,2,44,42,0,42,86,0,86,174,1,173,383,1,382
S01007834,717,5,712,92,0,92,98,0,98,153,1,152,141,2,139,121,1,120,112,1,111
S01007835,670,7,663,90,1,89,66,1,65,87,1,86,132,2,130,136,2,134,159,0,159
S01007836,511,4,507,43,0,43,41,0,41,62,1,61,96,2,94,128,0,128,141,1,140
S01007837,766,3,763,71,0,71,69,0,69,52,0,52,117,1,116,245,2,243,212,0,212
S01007838,830,7,823,92,1,91,86,0,86,61,1,60,147,1,146,187,2,185,257,2,255
S01007839,687,6,681,36,0,36,116,0,116,88,3,85,118,2,116,78,0,78,251,1,250
S01007840,730,2,728,83,0,83,90,0,90,119,0,119,156,1,155,118,1,117,164,0,164
S01007841,685,1,684,119,0,119,82,1,81,110,0,110,148,0,148,106,0,106,120,0,120
S01007842,725,11,714,150,1,149,108,4,104,174,3,171,130,1,129,101,2,99,62,0,62
S01007843,677,3,674,99,0,99,109,0,109,92,3,89,154,0,154,115,0,115,108,0,108
S01007844,905,11,894,132,0,132,127,0,127,177,3,174,202,3,199,150,4,146,117,1,116
S01007845,851,3,848,182,0,182,91,0,91,141,0,141,171,1,170,141,0,141,125,2,123
S01007846,710,7,703,134,0,134,58,0,58,97,0,97,132,0,132,168,3,165,121,4,117
S01007847,876,5,871,139,0,139,109,0,109,127,2,125,171,1,170,182,0,182,148,2,146
S01007848,786,5,781,143,0,143,90,1,89,121,1,120,178,1,177,139,2,137,115,0,115
S01007849,884,8,876,196,1,195,100,2,98,162,0,162,184,1,183,132,2,130,110,2,108
S01007850,728,4,724,113,0,113,102,0,102,68,1,67,128,1,127,173,2,171,144,0,144
S01007851,918,3,915,107,0,107,84,0,84,56,0,56,175,0,175,179,1,178,317,2,315
S01007852,638,3,635,98,0,98,93,1,92,99,0,99,141,0,141,123,0,123,84,2,82
S01007853,628,3,625,52,0,52,95,0,95,72,1,71,102,1,101,121,1,120,186,0,186
S01007854,1090,5,1085,199,0,199,132,0,132,151,4,147,226,1,225,185,0,185,197,0,197
S01007855,478,3,475,50,0,50,57,1,56,68,0,68,112,1,111,111,1,110,80,0,80
S01007856,824,2,822,150,0,150,101,0,101,97,1,96,170,0,170,186,0,186,120,1,119
S01007857,475,3,472,91,0,91,60,0,60,66,0,66,113,2,111,71,0,71,74,1,73
S01007858,1034,5,1029,155,0,155,100,0,100,112,1,111,229,0,229,194,4,190,244,0,244
S01007859,510,9,501,121,1,120,37,0,37,65,1,64,126,2,124,85,3,82,76,2,74
S01007860,604,1,603,159,0,159,74,0,74,73,0,73,204,0,204,68,1,67,26,0,26
S01007861,653,10,643,120,0,120,80,1,79,76,0,76,111,1,110,166,4,162,100,4,96
S01007862,673,0,673,98,0,98,80,0,80,81,0,81,146,0,146,158,0,158,110,0,110
S01007863,824,2,822,148,0,148,121,0,121,150,1,149,155,0,155,147,0,147,103,1,102
S01007864,897,5,892,126,0,126,107,1,106,137,1,136,160,0,160,165,2,163,202,1,201
S01007865,648,0,648,161,0,161,58,0,58,94,0,94,246,0,246,70,0,70,19,0,19
S01007866,557,2,555,107,0,107,67,0,67,80,1,79,179,1,178,105,0,105,19,0,19
S01007867,491,2,489,80,0,80,24,0,24,87,1,86,99,1,98,96,0,96,105,0,105
S01007868,849,1,848,91,0,91,93,0,93,77,0,77,159,1,158,291,0,291,138,0,138
S01007869,923,6,917,141,0,141,103,1,102,124,0,124,216,0,216,180,1,179,159,4,155
S01007870,527,2,525,69,0,69,58,0,58,45,0,45,128,0,128,137,2,135,90,0,90
S01007871,649,0,649,125,0,125,76,0,76,68,0,68,137,0,137,123,0,123,120,0,120
S01007872,683,5,678,125,1,124,103,0,103,83,1,82,146,2,144,142,1,141,84,0,84
S01007873,674,3,671,76,0,76,87,0,87,50,0,50,154,2,152,140,1,139,167,0,167
S01007874,710,8,702,72,0,72,80,1,79,57,1,56,159,1,158,151,3,148,191,2,189
S01007875,511,5,506,69,0,69,63,0,63,47,0,47,124,0,124,122,3,119,86,2,84
S01007876,952,2,950,176,0,176,95,0,95,139,0,139,226,1,225,174,1,173,142,0,142
S01007877,744,2,742,102,0,102,83,0,83,68,0,68,180,0,180,152,1,151,159,1,158
S01007878,647,7,640,87,0,87,66,0,66,54,1,53,147,2,145,135,1,134,158,3,155
S01007879,727,7,720,139,0,139,89,1,88,86,0,86,164,2,162,146,4,142,103,0,103
S01007880,374,4,370,38,0,38,27,0,27,24,0,24,98,2,96,116,2,114,71,0,71
S01007881,543,4,539,91,0,91,63,0,63,56,0,56,137,3,134,90,1,89,106,0,106
S01007882,718,7,711,104,1,103,82,0,82,67,1,66,206,1,205,176,3,173,83,1,82
S01007883,1013,16,997,140,1,139,98,0,98,131,3,128,251,0,251,226,8,218,167,4,163
S01007884,610,1,609,96,0,96,78,0,78,73,1,72,143,0,143,121,0,121,99,0,99
S01007885,711,8,703,98,3,95,112,2,110,74,2,72,166,0,166,134,1,133,127,0,127
S01007886,844,13,831,102,1,101,100,2,98,83,1,82,210,4,206,186,4,182,163,1,162
S01007887,566,3,563,85,0,85,59,0,59,49,1,48,138,0,138,134,2,132,101,0,101
S01007888,1018,1,1017,189,1,188,137,0,137,145,0,145,237,0,237,190,0,190,120,0,120
S01007889,519,5,514,76,1,75,56,0,56,51,0,51,109,4,105,103,0,103,124,0,124
S01007890,715,4,711,121,0,121,72,0,72,66,0,66,183,1,182,153,3,150,120,0,120
S01007891,842,3,839,128,0,128,90,0,90,114,0,114,170,0,170,178,3,175,162,0,162
S01007892,715,4,711,81,0,81,71,0,71,66,0,66,164,1,163,179,3,176,154,0,154
S01007893,1003,4,999,135,0,135,105,0,105,89,3,86,222,0,222,229,0,229,223,1,222
S01007894,889,6,883,128,0,128,117,0,117,84,1,83,203,2,201,204,3,201,153,0,153
S01007895,527,2,525,65,0,65,57,0,57,51,0,51,112,0,112,108,1,107,134,1,133
S01007896,833,1,832,132,0,132,103,0,103,91,1,90,194,0,194,162,0,162,151,0,151
S01007897,430,5,425,72,0,72,41,1,40,32,0,32,105,1,104,109,2,107,71,1,70
S01007898,432,9,423,69,0,69,48,0,48,24,0,24,118,5,113,116,4,112,57,0,57
S01007899,341,1,340,33,0,33,47,0,47,32,1,31,75,0,75,95,0,95,59,0,59
S01007900,531,3,528,80,0,80,76,0,76,46,0,46,120,1,119,104,2,102,105,0,105
S01007901,674,4,670,98,0,98,97,1,96,90,1,89,134,1,133,132,1,131,123,0,123
S01007902,849,7,842,117,1,116,97,0,97,117,0,117,170,2,168,190,2,188,158,2,156
S01007903,629,4,625,66,1,65,57,0,57,52,0,52,132,0,132,163,2,161,159,1,158
S01007904,833,6,827,136,0,136,118,0,118,50,0,50,193,2,191,195,4,191,141,0,141
S01007905,662,4,658,115,0,115,84,1,83,62,0,62,180,2,178,120,0,120,101,1,100
S01007906,704,4,700,79,0,79,63,1,62,56,0,56,144,1,143,148,1,147,214,1,213
S01007907,531,5,526,56,0,56,60,0,60,48,1,47,97,1,96,139,2,137,131,1,130
S01007908,891,10,881,95,1,94,100,0,100,70,2,68,173,3,170,223,2,221,230,2,228
S01007909,520,5,515,98,1,97,70,0,70,77,0,77,113,2,111,97,1,96,65,1,64
S01007910,869,5,864,174,2,172,131,0,131,119,2,117,190,1,189,166,0,166,89,0,89
S01007911,748,0,748,115,0,115,81,0,81,79,0,79,170,0,170,164,0,164,139,0,139
S01007912,727,2,725,65,1,64,96,0,96,70,0,70,173,0,173,156,1,155,167,0,167
S01007913,593,4,589,84,1,83,76,0,76,56,0,56,138,0,138,115,3,112,124,0,124
S01007914,606,2,604,89,0,89,89,1,88,77,1,76,124,0,124,124,0,124,103,0,103
S01007915,800,5,795,114,1,113,105,0,105,114,2,112,163,2,161,172,0,172,132,0,132
S01007916,794,5,789,90,2,88,79,0,79,60,0,60,163,0,163,177,1,176,225,2,223
S01007917,828,8,820,97,3,94,93,0,93,101,1,100,171,3,168,197,0,197,169,1,168
S01007918,903,12,891,109,0,109,112,2,110,88,2,86,206,2,204,202,4,198,186,2,184
S01007919,751,12,739,102,3,99,72,0,72,65,2,63,182,2,180,201,3,198,129,2,127
S01007920,589,3,586,96,0,96,58,0,58,92,0,92,117,0,117,131,1,130,95,2,93
S01007921,900,9,891,124,0,124,117,1,116,96,0,96,200,2,198,188,3,185,175,3,172
S01007922,847,6,841,129,1,128,110,0,110,103,0,103,205,3,202,162,1,161,138,1,137
S01007923,936,4,932,122,0,122,96,2,94,137,1,136,204,0,204,214,1,213,163,0,163
S01007924,993,7,986,167,2,165,112,0,112,102,0,102,231,4,227,198,0,198,183,1,182
S01007925,456,3,453,69,0,69,55,0,55,34,0,34,109,2,107,122,1,121,67,0,67
S01007926,464,2,462,71,0,71,42,0,42,30,0,30,122,1,121,125,1,124,74,0,74
S01007927,603,9,594,78,1,77,73,0,73,41,0,41,161,5,156,160,3,157,90,0,90
S01007928,1013,10,1003,163,3,160,91,0,91,61,0,61,255,2,253,222,2,220,221,3,218
S01007929,707,6,701,109,2,107,76,0,76,67,1,66,188,2,186,199,0,199,68,1,67
S01007930,573,14,559,100,3,97,55,1,54,41,0,41,158,3,155,141,3,138,78,4,74
S01007931,1069,14,1055,157,0,157,74,2,72,112,0,112,243,3,240,241,3,238,242,6,236
S01007932,813,9,804,88,0,88,81,1,80,72,0,72,139,1,138,225,3,222,208,4,204
S01007933,843,6,837,193,0,193,92,1,91,86,0,86,214,1,213,156,2,154,102,2,100
S01007934,688,3,685,127,0,127,99,0,99,61,1,60,175,2,173,117,0,117,109,0,109
S01007935,778,10,768,100,0,100,92,0,92,122,3,119,166,5,161,147,0,147,151,2,149
S01007936,973,6,967,182,0,182,91,0,91,97,0,97,288,0,288,195,3,192,120,3,117
S01007937,1010,7,1003,145,3,142,116,1,115,120,0,120,248,1,247,244,1,243,137,1,136
S01007938,716,2,714,84,0,84,90,0,90,86,1,85,144,0,144,159,0,159,153,1,152
S01007939,865,10,855,152,2,150,97,0,97,113,1,112,180,3,177,150,2,148,173,2,171
S01007940,1028,6,1022,157,1,156,93,0,93,108,0,108,240,2,238,217,0,217,213,3,210
S01007941,618,0,618,74,0,74,74,0,74,44,0,44,124,0,124,213,0,213,89,0,89
S01007942,468,3,465,106,1,105,47,2,45,74,0,74,124,0,124,75,0,75,42,0,42
S01007943,633,14,619,69,2,67,49,2,47,59,0,59,115,3,112,174,6,168,167,1,166
S01007944,888,9,879,124,2,122,86,0,86,89,1,88,210,1,209,196,4,192,183,1,182
S01007945,826,9,817,103,0,103,95,0,95,76,1,75,177,5,172,206,2,204,169,1,168
S01007946,757,7,750,94,0,94,86,0,86,82,3,79,198,3,195,166,1,165,131,0,131
S01007947,738,6,732,120,1,119,71,0,71,60,0,60,181,1,180,158,2,156,148,2,146
S01007948,641,12,629,115,6,109,78,2,76,68,2,66,139,2,137,140,0,140,101,0,101
S01007949,734,5,729,80,0,80,79,0,79,63,0,63,156,0,156,194,4,190,162,1,161
S01007950,861,2,859,126,1,125,93,0,93,72,0,72,217,0,217,203,1,202,150,0,150
S01007951,734,1,733,115,0,115,92,1,91,70,0,70,197,0,197,130,0,130,130,0,130
S01007952,601,1,600,58,0,58,73,0,73,61,0,61,108,0,108,137,1,136,164,0,164
S01007953,907,1,906,144,0,144,121,0,121,104,1,103,207,0,207,190,0,190,141,0,141
S01007954,706,9,697,120,1,119,90,0,90,100,0,100,157,3,154,149,2,147,90,3,87
S01007955,786,4,782,150,0,150,125,0,125,123,1,122,170,3,167,138,0,138,80,0,80
S01007956,714,2,712,137,0,137,105,0,105,99,1,98,155,1,154,109,0,109,109,0,109
S01007957,906,3,903,111,0,111,88,0,88,100,0,100,188,1,187,197,0,197,222,2,220
S01007958,847,11,836,107,0,107,112,3,109,105,2,103,177,1,176,174,4,170,172,1,171
S01007959,752,1,751,62,0,62,58,0,58,68,0,68,149,0,149,195,1,194,220,0,220
S01007960,675,9,666,104,1,103,70,1,69,82,1,81,182,4,178,134,0,134,103,2,101
S01007961,1188,28,1160,85,0,85,173,0,173,256,11,245,323,15,308,198,1,197,153,1,152
S01007962,565,12,553,122,7,115,70,0,70,74,0,74,155,1,154,84,2,82,60,2,58
S01007963,951,11,940,249,3,246,142,2,140,137,2,135,196,2,194,133,1,132,94,1,93
S01007964,762,7,755,119,0,119,98,1,97,95,0,95,151,2,149,141,2,139,158,2,156
S01007965,552,2,550,96,0,96,62,0,62,70,1,69,120,0,120,109,0,109,95,1,94
S01007966,930,6,924,197,2,195,116,0,116,114,1,113,188,1,187,177,1,176,138,1,137
S01007967,598,6,592,134,0,134,98,3,95,74,0,74,136,1,135,99,2,97,57,0,57
S01007968,842,1,841,101,0,101,88,0,88,108,0,108,161,1,160,187,0,187,197,0,197
S01007969,799,13,786,99,7,92,83,0,83,116,1,115,156,1,155,165,2,163,180,2,178
S01007970,841,9,832,134,3,131,79,0,79,135,2,133,179,1,178,159,1,158,155,2,153
S01007971,897,6,891,101,0,101,100,1,99,122,1,121,182,2,180,193,1,192,199,1,198
S01007972,808,5,803,103,0,103,95,0,95,93,0,93,168,1,167,174,1,173,175,3,172
S01007973,798,2,796,74,0,74,88,2,86,67,0,67,164,0,164,252,0,252,153,0,153
S01007974,789,11,778,90,5,85,79,0,79,110,0,110,195,1,194,140,4,136,175,1,174
S01007975,634,11,623,73,0,73,79,2,77,77,1,76,126,1,125,131,4,127,148,3,145
S01007976,685,2,683,40,0,40,60,2,58,104,0,104,119,0,119,159,0,159,203,0,203
S01007977,621,3,618,63,0,63,83,0,83,110,1,109,151,1,150,114,0,114,100,1,99
S01007978,544,5,539,39,0,39,62,2,60,126,1,125,141,2,139,85,0,85,91,0,91
S01007979,808,6,802,101,1,100,100,0,100,113,3,110,168,1,167,192,0,192,134,1,133
S01007980,692,3,689,81,1,80,84,0,84,62,0,62,145,1,144,154,0,154,166,1,165
S01007981,537,4,533,49,0,49,41,0,41,36,0,36,93,0,93,171,1,170,147,3,144
S01007982,504,1,503,65,0,65,60,0,60,25,1,24,100,0,100,133,0,133,121,0,121
S01007983,762,4,758,113,0,113,89,0,89,62,1,61,169,2,167,106,0,106,223,1,222
S01007984,796,4,792,115,0,115,65,0,65,84,4,80,189,0,189,137,0,137,206,0,206
S01007985,897,0,897,153,0,153,127,0,127,95,0,95,209,0,209,144,0,144,169,0,169
S01007986,554,3,551,79,0,79,75,0,75,38,0,38,144,1,143,87,0,87,131,2,129
S01007987,744,4,740,123,0,123,86,0,86,71,1,70,188,1,187,163,1,162,113,1,112
S01007988,785,3,782,118,0,118,77,0,77,108,0,108,151,3,148,178,0,178,153,0,153
S01007989,689,6,683,138,1,137,97,0,97,97,0,97,133,0,133,159,1,158,65,4,61
S01007990,900,2,898,217,1,216,120,0,120,104,1,103,266,0,266,128,0,128,65,0,65
S01007991,910,27,883,190,10,180,88,2,86,105,0,105,314,12,302,159,3,156,54,0,54
S01007992,630,8,622,136,2,134,77,1,76,83,1,82,199,3,196,107,1,106,28,0,28
S01007993,795,8,787,92,0,92,87,0,87,90,1,89,172,3,169,239,3,236,115,1,114
S01007994,805,12,793,200,3,197,59,2,57,114,2,112,293,2,291,110,3,107,29,0,29
S01007995,845,8,837,162,2,160,99,0,99,81,0,81,272,3,269,175,3,172,56,0,56
S01007996,455,4,451,63,1,62,51,1,50,26,0,26,113,0,113,127,1,126,75,1,74
S01007997,656,7,649,75,3,72,65,0,65,54,0,54,119,1,118,203,2,201,140,1,139
S01007998,505,11,494,54,1,53,49,0,49,54,0,54,107,5,102,126,3,123,115,2,113
S01007999,629,5,624,85,2,83,90,0,90,77,0,77,163,2,161,127,1,126,87,0,87
S01008000,877,12,865,144,1,143,116,2,114,113,1,112,199,3,196,135,4,131,170,1,169
S01008001,827,7,820,172,1,171,109,0,109,119,1,118,178,1,177,149,4,145,100,0,100
S01008002,754,6,748,143,1,142,118,1,117,91,0,91,171,3,168,170,1,169,61,0,61
S01008003,646,4,642,113,0,113,72,1,71,85,1,84,158,0,158,103,2,101,115,0,115
S01008004,631,7,624,166,2,164,60,0,60,132,2,130,174,1,173,72,0,72,27,2,25
S01008005,520,6,514,123,2,121,66,0,66,151,2,149,128,2,126,39,0,39,13,0,13
S01008006,557,3,554,112,0,112,83,1,82,64,0,64,130,2,128,89,0,89,79,0,79
S01008007,411,3,408,75,1,74,73,0,73,60,0,60,100,0,100,79,2,77,24,0,24
S01008008,606,7,599,147,3,144,75,1,74,95,1,94,160,2,158,85,0,85,44,0,44
S01008009,741,3,738,151,0,151,107,0,107,144,2,142,163,0,163,111,0,111,65,1,64
S01008010,830,9,821,83,1,82,117,1,116,140,1,139,226,5,221,171,0,171,93,1,92
S01008011,641,6,635,29,0,29,83,0,83,109,0,109,93,3,90,117,1,116,210,2,208
S01008012,752,10,742,51,0,51,101,2,99,148,1,147,197,7,190,137,0,137,118,0,118
S01008013,678,3,675,58,0,58,78,1,77,94,0,94,123,0,123,102,1,101,223,1,222
S01008014,606,1,605,61,0,61,78,0,78,63,0,63,149,0,149,139,0,139,116,1,115
S01008015,744,7,737,81,0,81,74,0,74,138,2,136,174,3,171,121,1,120,156,1,155
S01008016,762,8,754,73,2,71,76,0,76,80,2,78,163,2,161,157,2,155,213,0,213
S01008017,883,3,880,96,0,96,90,0,90,50,0,50,162,0,162,218,3,215,267,0,267
S01008018,622,2,620,49,0,49,63,0,63,58,1,57,121,0,121,166,0,166,165,1,164
S01008019,726,12,714,106,0,106,91,4,87,53,0,53,156,2,154,175,5,170,145,1,144
S01008020,569,6,563,45,2,43,74,0,74,95,1,94,128,2,126,146,0,146,81,1,80
S01008021,558,2,556,76,0,76,51,0,51,44,0,44,110,0,110,137,1,136,140,1,139
S01008022,709,5,704,104,0,104,74,0,74,67,0,67,150,1,149,190,1,189,124,3,121
S01008023,714,2,712,165,0,165,78,0,78,58,1,57,197,1,196,164,0,164,52,0,52
S01008024,626,0,626,144,0,144,59,0,59,140,0,140,207,0,207,62,0,62,14,0,14
S01008025,674,8,666,91,0,91,74,1,73,53,1,52,167,3,164,181,3,178,108,0,108
S01008026,991,7,984,138,0,138,108,0,108,122,1,121,219,1,218,212,4,208,192,1,191
S01008027,549,2,547,74,0,74,66,0,66,66,1,65,119,0,119,103,1,102,121,0,121
S01008028,566,3,563,97,2,95,55,0,55,78,0,78,173,1,172,93,0,93,70,0,70
S01008029,862,1,861,78,0,78,93,0,93,77,0,77,182,0,182,236,1,235,196,0,196
S01008030,1027,20,1007,115,2,113,103,0,103,107,0,107,215,4,211,265,7,258,222,7,215
S01008031,861,4,857,131,0,131,88,0,88,107,0,107,188,2,186,193,1,192,154,1,153
S01008032,872,8,864,139,1,138,99,2,97,80,1,79,203,1,202,213,3,210,138,0,138
S01008033,792,5,787,167,0,167,121,0,121,47,0,47,200,0,200,188,5,183,69,0,69
S01008034,764,2,762,165,0,165,98,0,98,58,0,58,221,1,220,163,0,163,59,1,58
S01008035,610,8,602,79,0,79,71,0,71,47,0,47,132,3,129,170,3,167,111,2,109
S01008036,652,11,641,85,0,85,84,0,84,44,0,44,129,3,126,173,2,171,137,6,131
S01008037,986,9,977,153,2,151,130,1,129,103,0,103,221,3,218,221,3,218,158,0,158
S01008038,724,4,720,132,0,132,99,0,99,82,0,82,170,2,168,129,0,129,112,2,110
S01008039,866,19,847,151,0,151,110,0,110,69,1,68,235,7,228,177,5,172,124,6,118
S01008040,789,9,780,136,2,134,68,0,68,42,0,42,151,2,149,205,1,204,187,4,183
S01008041,690,10,680,90,0,90,56,3,53,59,0,59,137,2,135,144,2,142,204,3,201
S01008042,584,2,582,104,0,104,36,0,36,27,1,26,112,1,111,158,0,158,147,0,147
S01008043,927,13,914,160,1,159,63,0,63,59,1,58,197,3,194,203,2,201,245,6,239
S01008044,940,11,929,125,0,125,90,0,90,64,0,64,195,0,195,232,5,227,234,6,228
S01008045,961,19,942,133,2,131,82,2,80,55,0,55,180,2,178,247,7,240,264,6,258
S01008046,826,7,819,71,0,71,48,0,48,75,1,74,174,1,173,152,1,151,306,4,302
S01008047,676,16,660,95,2,93,72,0,72,41,0,41,133,4,129,148,5,143,187,5,182
S01008048,563,6,557,75,0,75,51,0,51,30,0,30,105,1,104,159,1,158,143,4,139
S01008049,834,26,808,125,1,124,62,1,61,58,3,55,159,3,156,198,11,187,232,7,225
S01008050,608,4,604,100,0,100,50,0,50,36,0,36,121,0,121,116,2,114,185,2,183
S01008051,856,9,847,166,0,166,73,0,73,67,0,67,215,2,213,168,1,167,167,6,161
S01008052,803,17,786,135,1,134,60,2,58,48,0,48,199,3,196,222,7,215,139,4,135
S01008053,593,10,583,86,1,85,46,0,46,44,0,44,127,2,125,110,2,108,180,5,175
S01008054,764,14,750,102,1,101,64,0,64,51,1,50,144,3,141,173,3,170,230,6,224
S01008055,1006,15,991,171,1,170,107,1,106,54,1,53,223,1,222,248,4,244,203,7,196
S01008056,735,9,726,112,0,112,72,0,72,42,0,42,145,0,145,139,3,136,225,6,219
S01008057,918,21,897,160,0,160,74,1,73,70,0,70,213,4,209,188,7,181,213,9,204
S01008058,870,7,863,152,0,152,113,1,112,66,1,65,186,1,185,263,3,260,90,1,89
S01008059,658,13,645,99,3,96,76,0,76,54,0,54,131,2,129,177,3,174,121,5,116
S01008060,884,7,877,159,1,158,108,1,107,60,0,60,219,2,217,208,0,208,130,3,127
S01008061,775,3,772,148,0,148,67,0,67,60,0,60,212,2,210,115,0,115,173,1,172
S01008062,848,23,825,134,0,134,77,2,75,85,1,84,181,6,175,190,6,184,181,8,173
S01008063,909,17,892,145,1,144,96,0,96,66,2,64,208,4,204,192,4,188,202,6,196
S01008064,680,13,667,112,3,109,101,0,101,88,0,88,144,3,141,134,4,130,101,3,98
S01008065,964,15,949,189,2,187,105,0,105,63,1,62,243,6,237,214,3,211,150,3,147
S01008066,911,17,894,184,3,181,107,1,106,44,0,44,179,4,175,229,5,224,168,4,164
S01008067,617,16,601,93,3,90,67,1,66,29,0,29,109,4,105,172,4,168,147,4,143
S01008068,895,10,885,118,0,118,88,0,88,72,0,72,186,3,183,220,1,219,211,6,205
S01008069,908,16,892,131,1,130,103,0,103,72,2,70,236,5,231,182,4,178,184,4,180
S01008070,852,6,846,110,0,110,98,0,98,77,0,77,183,2,181,240,2,238,144,2,142
S01008071,678,25,653,98,4,94,76,2,74,60,5,55,157,5,152,168,7,161,119,2,117
S01008072,823,13,810,117,0,117,89,1,88,83,0,83,192,5,187,182,5,177,160,2,158
S01008073,460,10,450,57,0,57,50,0,50,30,0,30,97,3,94,112,4,108,114,3,111
S01008074,959,28,931,150,1,149,102,0,102,63,1,62,214,5,209,256,6,250,174,15,159
S01008075,604,6,598,112,1,111,54,0,54,21,0,21,126,2,124,113,1,112,178,2,176
S01008076,645,20,625,63,0,63,33,0,33,34,0,34,101,4,97,131,8,123,283,8,275
S01008077,816,22,794,137,4,133,68,0,68,38,2,36,165,5,160,212,7,205,196,4,192
S01008078,840,11,829,141,1,140,98,0,98,53,0,53,165,1,164,178,4,174,205,5,200
S01008079,873,18,855,138,0,138,61,1,60,71,0,71,171,3,168,209,5,204,223,9,214
S01008080,679,10,669,119,0,119,51,0,51,56,1,55,152,2,150,157,5,152,144,2,142
S01008081,583,7,576,91,0,91,63,0,63,51,1,50,116,1,115,151,3,148,111,2,109
S01008082,799,12,787,113,0,113,73,0,73,70,0,70,164,1,163,205,5,200,174,6,168
S01008083,703,12,691,117,0,117,74,0,74,65,0,65,152,2,150,145,4,141,150,6,144
S01008084,837,5,832,125,0,125,104,0,104,55,0,55,179,2,177,220,1,219,154,2,152
S01008085,951,10,941,157,0,157,134,0,134,62,3,59,194,0,194,286,3,283,118,4,114
S01008086,1062,16,1046,201,4,197,112,0,112,96,0,96,253,9,244,268,1,267,132,2,130
S01008087,838,20,818,144,12,132,87,1,86,41,0,41,183,2,181,170,0,170,213,5,208
S01008088,897,16,881,117,8,109,101,1,100,65,0,65,184,3,181,185,2,183,245,2,243
S01008089,635,13,622,92,9,83,88,0,88,50,0,50,135,0,135,140,2,138,130,2,128
S01008090,750,13,737,128,1,127,78,1,77,65,0,65,175,1,174,167,5,162,137,5,132
S01008091,375,2,373,43,0,43,43,0,43,22,0,22,67,0,67,115,1,114,85,1,84
S01008092,886,9,877,119,0,119,104,2,102,40,1,39,176,1,175,163,2,161,284,3,281
S01008093,786,11,775,114,3,111,103,1,102,45,1,44,159,2,157,161,2,159,204,2,202
S01008094,652,8,644,97,5,92,75,0,75,34,0,34,147,2,145,141,0,141,158,1,157
S01008095,731,17,714,86,6,80,83,0,83,58,2,56,150,1,149,160,1,159,194,7,187
S01008096,771,10,761,95,3,92,77,1,76,52,0,52,133,4,129,179,1,178,235,1,234
S01008097,614,14,600,71,3,68,77,1,76,25,0,25,115,3,112,126,3,123,200,4,196
S01008098,727,12,715,107,4,103,79,2,77,57,0,57,159,3,156,173,1,172,152,2,150
S01008099,521,9,512,77,3,74,74,1,73,43,0,43,128,5,123,115,0,115,84,0,84
S01008100,930,16,914,130,5,125,95,2,93,62,0,62,170,4,166,217,2,215,256,3,253
S01008101,763,14,749,134,8,126,82,0,82,101,1,100,214,1,213,151,4,147,81,0,81
S01008102,796,9,787,101,0,101,102,1,101,79,2,77,184,4,180,164,0,164,166,2,164
S01008103,591,17,574,67,9,58,57,1,56,83,2,81,161,3,158,87,0,87,136,2,134
S01008104,840,11,829,122,0,122,111,3,108,118,1,117,161,0,161,180,4,176,148,3,145
S01008105,1036,8,1028,180,0,180,110,1,109,119,0,119,256,3,253,208,0,208,163,4,159
S01008106,763,6,757,124,6,118,82,0,82,67,0,67,173,0,173,182,0,182,135,0,135
S01008107,869,6,863,244,2,242,92,0,92,91,1,90,290,2,288,121,1,120,31,0,31
S01008108,638,6,632,98,3,95,95,0,95,65,0,65,144,2,142,185,0,185,51,1,50
S01008109,910,14,896,154,2,152,111,3,108,86,1,85,185,2,183,233,3,230,141,3,138
S01008110,852,10,842,155,4,151,110,0,110,88,1,87,234,4,230,149,0,149,116,1,115
S01008111,847,6,841,96,0,96,117,0,117,65,0,65,157,1,156,198,4,194,214,1,213
S01008112,802,5,797,89,1,88,104,0,104,50,0,50,150,0,150,176,2,174,233,2,231
S01008113,874,6,868,95,2,93,117,0,117,70,1,69,160,1,159,223,2,221,209,0,209
S01008114,671,5,666,93,0,93,76,0,76,51,0,51,142,0,142,153,3,150,156,2,154
S01008115,898,5,893,137,1,136,127,1,126,101,0,101,231,0,231,215,2,213,87,1,86
S01008116,916,7,909,163,0,163,100,2,98,76,1,75,203,1,202,227,3,224,147,0,147
S01008117,782,9,773,106,1,105,92,2,90,32,0,32,150,2,148,197,1,196,205,3,202
S01008118,853,6,847,163,0,163,69,0,69,78,1,77,192,1,191,163,1,162,188,3,185
S01008119,646,4,642,104,1,103,88,0,88,68,1,67,123,1,122,149,0,149,114,1,113
S01008120,611,2,609,93,0,93,53,0,53,57,0,57,120,0,120,123,1,122,165,1,164
S01008121,649,6,643,93,0,93,57,0,57,42,0,42,123,2,121,153,3,150,181,1,180
S01008122,731,5,726,139,0,139,80,0,80,51,0,51,170,3,167,165,1,164,126,1,125
S01008123,886,14,872,123,4,119,109,1,108,64,0,64,172,3,169,196,2,194,222,4,218
S01008124,816,5,811,149,0,149,94,0,94,55,0,55,202,1,201,191,2,189,125,2,123
S01008125,850,19,831,122,3,119,89,0,89,75,2,73,185,8,177,217,2,215,162,4,158
S01008126,792,5,787,124,0,124,101,0,101,66,0,66,177,1,176,241,2,239,83,2,81
S01008127,474,10,464,63,1,62,44,0,44,38,1,37,111,3,108,122,2,120,96,3,93
S01008128,861,5,856,111,2,109,117,0,117,63,0,63,190,2,188,220,0,220,160,1,159
S01008129,865,10,855,117,0,117,105,1,104,115,1,114,212,3,209,179,3,176,137,2,135
S01008130,927,17,910,112,4,108,129,0,129,120,2,118,219,6,213,199,4,195,148,1,147
S01008131,740,4,736,98,0,98,91,0,91,106,0,106,188,2,186,140,2,138,117,0,117
S01008132,1009,14,995,159,1,158,76,1,75,58,0,58,229,2,227,212,3,209,275,7,268
S01008133,606,7,599,66,2,64,54,2,52,61,0,61,115,0,115,139,0,139,171,3,168
S01008134,583,4,579,63,0,63,59,0,59,105,2,103,138,1,137,117,0,117,101,1,100
S01008135,1122,8,1114,206,2,204,121,0,121,175,1,174,317,4,313,171,0,171,132,1,131
S01008136,858,3,855,102,0,102,88,0,88,109,0,109,207,0,207,177,2,175,175,1,174
S01008137,841,8,833,174,2,172,119,1,118,128,2,126,175,3,172,162,0,162,83,0,83
S01008138,810,5,805,165,1,164,103,0,103,95,0,95,207,3,204,164,1,163,76,0,76
S01008139,847,10,837,134,2,132,118,0,118,102,1,101,201,3,198,152,2,150,140,2,138
S01008140,496,1,495,89,0,89,57,0,57,65,0,65,103,0,103,80,0,80,102,1,101
S01008141,829,16,813,117,2,115,106,1,105,59,2,57,183,2,181,191,1,190,173,8,165
S01008142,783,4,779,119,0,119,114,0,114,72,1,71,183,1,182,216,2,214,79,0,79
S01008143,884,11,873,129,1,128,107,0,107,95,1,94,202,1,201,182,6,176,169,2,167
S01008144,602,7,595,97,0,97,80,0,80,50,1,49,120,2,118,158,3,155,97,1,96
S01008145,783,5,778,137,1,136,111,0,111,75,0,75,182,1,181,169,2,167,109,1,108
S01008146,478,6,472,64,1,63,72,0,72,49,2,47,85,0,85,101,2,99,107,1,106
S01008147,766,11,755,102,3,99,78,0,78,96,2,94,165,1,164,209,2,207,116,3,113
S01008148,724,6,718,76,0,76,96,0,96,79,0,79,181,2,179,194,3,191,98,1,97
S01008149,682,3,679,114,1,113,95,1,94,74,0,74,170,1,169,127,0,127,102,0,102
S01008150,896,8,888,132,0,132,108,0,108,130,1,129,193,0,193,144,3,141,189,4,185
S01008151,679,7,672,90,2,88,98,1,97,66,0,66,176,2,174,107,1,106,142,1,141
S01008152,1019,7,1012,128,1,127,113,0,113,103,1,102,203,3,200,212,2,210,260,0,260
S01008153,870,12,858,101,2,99,126,0,126,68,0,68,179,5,174,222,3,219,174,2,172
S01008154,807,14,793,97,0,97,85,1,84,76,2,74,132,2,130,212,6,206,205,3,202
S01008155,656,4,652,80,1,79,90,0,90,64,0,64,136,0,136,171,1,170,115,2,113
S01008156,891,9,882,120,0,120,115,0,115,86,1,85,185,1,184,224,5,219,161,2,159
S01008157,722,6,716,130,1,129,95,0,95,66,1,65,177,3,174,171,1,170,83,0,83
S01008158,698,5,693,71,0,71,115,0,115,92,1,91,151,2,149,208,2,206,61,0,61
S01008159,937,3,934,156,2,154,127,0,127,112,0,112,182,0,182,207,1,206,153,0,153
S01008160,963,12,951,192,4,188,100,0,100,86,1,85,239,3,236,170,2,168,176,2,174
S01008161,988,18,970,173,3,170,99,1,98,122,2,120,306,7,299,194,1,193,94,4,90
S01008162,958,16,942,127,1,126,94,0,94,100,1,99,257,6,251,188,4,184,192,4,188
S01008163,728,4,724,127,0,127,89,0,89,74,0,74,161,2,159,154,1,153,123,1,122
S01008164,1433,44,1389,115,0,115,787,34,753,158,6,152,168,0,168,125,3,122,80,1,79
S01008165,733,6,727,153,2,151,71,1,70,131,2,129,217,0,217,100,1,99,61,0,61
S01008166,543,4,539,100,0,100,67,0,67,56,0,56,122,0,122,115,3,112,83,1,82
S01008167,700,10,690,139,2,137,92,1,91,83,2,81,163,2,161,115,2,113,108,1,107
S01008168,815,3,812,147,0,147,91,0,91,98,0,98,207,0,207,142,3,139,130,0,130
S01008169,681,5,676,97,1,96,79,0,79,98,1,97,168,2,166,126,1,125,113,0,113
S01008170,580,1,579,88,0,88,69,0,69,38,0,38,153,0,153,134,1,133,98,0,98
S01008171,706,4,702,90,0,90,73,0,73,94,0,94,175,1,174,125,2,123,149,1,148
S01008172,540,1,539,83,0,83,54,0,54,40,0,40,118,0,118,131,1,130,114,0,114
S01008173,650,1,649,129,0,129,72,0,72,52,0,52,170,1,169,144,0,144,83,0,83
S01008174,516,7,509,68,1,67,66,2,64,52,0,52,102,1,101,151,2,149,77,1,76
S01008175,715,11,704,100,1,99,75,1,74,108,2,106,188,2,186,154,4,150,90,1,89
S01008176,708,5,703,98,0,98,71,1,70,58,0,58,167,0,167,194,2,192,120,2,118
S01008177,751,4,747,116,0,116,59,0,59,88,1,87,163,2,161,150,1,149,175,0,175
S01008178,620,5,615,60,0,60,71,1,70,57,0,57,105,1,104,184,0,184,143,3,140
S01008179,494,6,488,104,0,104,73,1,72,38,0,38,173,3,170,83,2,81,23,0,23
S01008180,463,5,458,82,2,80,67,1,66,35,0,35,117,1,116,141,1,140,21,0,21
S01008181,659,5,654,80,0,80,85,1,84,40,0,40,130,0,130,174,4,170,150,0,150
S01008182,893,13,880,60,0,60,100,1,99,195,4,191,199,4,195,201,2,199,138,2,136
S01008183,612,9,603,91,0,91,78,0,78,70,1,69,182,4,178,100,3,97,91,1,90
S01008184,777,6,771,42,0,42,77,0,77,140,0,140,151,1,150,155,3,152,212,2,210
S01008185,984,12,972,97,0,97,98,0,98,155,3,152,221,3,218,197,2,195,216,4,212
S01008186,826,13,813,104,3,101,193,0,193,115,2,113,144,5,139,108,0,108,162,3,159
S01008187,586,3,583,85,0,85,84,1,83,70,0,70,154,2,152,98,0,98,95,0,95
S01008188,880,8,872,111,1,110,112,2,110,123,0,123,182,1,181,153,1,152,199,3,196
S01008189,554,2,552,63,0,63,49,0,49,61,0,61,112,0,112,135,1,134,134,1,133
S01008190,845,2,843,136,0,136,112,0,112,75,0,75,182,0,182,193,1,192,147,1,146
S01008191,466,2,464,79,0,79,72,1,71,34,0,34,95,0,95,94,0,94,92,1,91
S01008192,769,2,767,89,0,89,109,0,109,123,1,122,178,1,177,169,0,169,101,0,101
S01008193,803,3,800,125,0,125,86,0,86,61,0,61,183,1,182,175,1,174,173,1,172
S01008194,598,4,594,89,0,89,57,0,57,70,0,70,132,1,131,128,3,125,122,0,122
S01008195,746,4,742,123,0,123,116,0,116,134,0,134,185,2,183,124,2,122,64,0,64
S01008196,758,7,751,162,0,162,118,1,117,106,1,105,170,2,168,124,2,122,78,1,77
S01008197,851,4,847,111,0,111,118,1,117,272,0,272,245,1,244,83,2,81,22,0,22
S01008198,676,3,673,101,0,101,73,0,73,70,1,69,144,1,143,141,1,140,147,0,147
S01008199,739,2,737,131,0,131,98,1,97,111,0,111,156,0,156,162,1,161,81,0,81
S01008200,605,4,601,94,1,93,55,1,54,57,1,56,128,0,128,107,0,107,164,1,163
S01008201,768,7,761,136,1,135,92,0,92,80,1,79,172,2,170,171,1,170,117,2,115
S01008202,553,4,549,66,1,65,59,0,59,37,0,37,136,0,136,125,0,125,130,3,127
S01008203,529,2,527,69,0,69,78,0,78,81,1,80,126,0,126,87,1,86,88,0,88
S01008204,860,11,849,84,0,84,48,0,48,68,1,67,187,4,183,172,2,170,301,4,297
S01008205,663,7,656,98,0,98,82,2,80,55,0,55,152,2,150,157,2,155,119,1,118
S01008206,630,1,629,101,0,101,58,0,58,58,1,57,134,0,134,141,0,141,138,0,138
S01008207,585,1,584,132,0,132,72,0,72,69,0,69,156,0,156,88,0,88,68,1,67
S01008208,735,7,728,113,0,113,96,2,94,178,4,174,196,1,195,105,0,105,47,0,47
S01008209,524,3,521,112,0,112,52,1,51,107,0,107,153,1,152,76,1,75,24,0,24
S01008210,898,10,888,145,0,145,97,1,96,84,0,84,205,4,201,213,2,211,154,3,151
S01008211,857,8,849,113,0,113,90,0,90,90,0,90,205,2,203,194,4,190,165,2,163
S01008212,560,4,556,113,0,113,63,0,63,43,0,43,156,3,153,141,1,140,44,0,44
S01008213,996,6,990,219,1,218,111,0,111,77,2,75,308,0,308,160,1,159,121,2,119
S01008214,691,2,689,80,0,80,52,0,52,59,0,59,141,1,140,166,1,165,193,0,193
S01008215,720,1,719,100,0,100,77,0,77,82,0,82,185,0,185,147,1,146,129,0,129
S01008216,506,3,503,87,0,87,66,0,66,35,0,35,126,0,126,140,3,137,52,0,52
S01008217,553,5,548,81,0,81,56,2,54,51,2,49,123,0,123,134,1,133,108,0,108
S01008218,1037,4,1033,216,0,216,107,1,106,80,1,79,366,2,364,185,0,185,83,0,83
S01008219,972,4,968,115,0,115,127,0,127,122,1,121,215,2,213,203,1,202,190,0,190
S01008220,609,5,604,150,0,150,94,2,92,58,0,58,150,2,148,110,0,110,47,1,46
S01008221,682,2,680,143,0,143,91,0,91,114,1,113,148,0,148,111,0,111,75,1,74
S01008222,616,0,616,110,0,110,65,0,65,56,0,56,122,0,122,102,0,102,161,0,161
S01008223,578,3,575,68,1,67,54,0,54,55,1,54,113,0,113,131,1,130,157,0,157
S01008224,872,2,870,89,0,89,96,0,96,129,1,128,191,0,191,244,1,243,123,0,123
S01008225,691,2,689,97,0,97,98,0,98,63,0,63,149,1,148,184,0,184,100,1,99
S01008226,732,6,726,94,0,94,70,0,70,84,1,83,146,1,145,161,3,158,177,1,176
S01008227,793,1,792,112,0,112,78,0,78,99,0,99,166,0,166,157,1,156,181,0,181
S01008228,620,2,618,81,0,81,62,1,61,61,1,60,163,0,163,124,0,124,129,0,129
S01008229,654,1,653,103,0,103,85,1,84,78,0,78,138,0,138,126,0,126,124,0,124
S01008230,763,1,762,149,0,149,85,0,85,131,1,130,242,0,242,123,0,123,33,0,33
S01008231,732,4,728,208,0,208,63,2,61,103,0,103,271,1,270,72,1,71,15,0,15
S01008232,619,2,617,133,0,133,81,0,81,147,1,146,191,1,190,54,0,54,13,0,13
S01008233,427,5,422,77,1,76,42,1,41,100,1,99,115,2,113,66,0,66,27,0,27
S01008234,382,5,377,42,0,42,38,0,38,23,1,22,87,0,87,85,4,81,107,0,107
S01008235,805,2,803,115,0,115,78,0,78,59,0,59,197,0,197,168,0,168,188,2,186
S01008236,816,4,812,125,2,123,64,0,64,86,0,86,188,1,187,194,0,194,159,1,158
S01008237,835,3,832,140,0,140,83,1,82,93,0,93,216,1,215,166,0,166,137,1,136
S01008238,732,6,726,101,0,101,73,0,73,73,1,72,170,1,169,144,1,143,171,3,168
S01008239,728,2,726,98,0,98,71,0,71,76,0,76,167,2,165,180,0,180,136,0,136
S01008240,868,7,861,136,0,136,69,0,69,47,1,46,183,1,182,237,3,234,196,2,194
S01008241,637,7,630,80,0,80,55,0,55,31,0,31,100,1,99,209,4,205,162,2,160
S01008242,885,12,873,98,0,98,58,0,58,51,2,49,174,2,172,239,4,235,265,4,261
S01008243,897,8,889,192,0,192,65,2,63,55,1,54,274,3,271,172,0,172,139,2,137
S01008244,571,3,568,101,0,101,37,0,37,22,0,22,143,2,141,119,0,119,149,1,148
S01008245,958,8,950,168,0,168,69,0,69,65,0,65,241,3,238,238,3,235,177,2,175
S01008246,959,2,957,172,0,172,76,0,76,55,0,55,247,1,246,254,1,253,155,0,155
S01008247,758,3,755,116,0,116,68,0,68,63,0,63,212,1,211,207,1,206,92,1,91
S01008248,900,11,889,158,0,158,79,0,79,65,3,62,214,2,212,184,3,181,200,3,197
S01008249,877,12,865,130,0,130,54,0,54,70,2,68,223,3,220,208,5,203,192,2,190
S01008250,995,8,987,160,0,160,83,0,83,76,0,76,242,3,239,253,4,249,181,1,180
S01008251,720,5,715,176,0,176,69,1,68,27,0,27,245,1,244,119,2,117,84,1,83
S01008252,821,1,820,132,0,132,71,0,71,43,0,43,185,1,184,192,0,192,198,0,198
S01008253,748,6,742,100,0,100,45,0,45,59,0,59,160,2,158,186,3,183,198,1,197
S01008254,977,8,969,158,1,157,94,0,94,91,3,88,206,2,204,213,2,211,215,0,215
S01008255,707,7,700,131,1,130,86,0,86,56,1,55,177,4,173,145,0,145,112,1,111
S01008256,798,3,795,133,0,133,114,0,114,110,3,107,189,0,189,135,0,135,117,0,117
S01008257,643,7,636,62,0,62,53,3,50,53,0,53,112,2,110,105,1,104,258,1,257
S01008258,796,5,791,86,0,86,86,0,86,92,0,92,166,1,165,224,0,224,142,4,138
S01008259,745,12,733,108,0,108,62,0,62,81,3,78,178,2,176,153,3,150,163,4,159
S01008260,754,4,750,104,0,104,93,1,92,94,0,94,166,0,166,188,1,187,109,2,107
S01008261,872,3,869,164,0,164,92,0,92,98,0,98,193,0,193,204,1,203,121,2,119
S01008262,588,4,584,95,0,95,65,0,65,44,0,44,134,2,132,164,1,163,86,1,85
S01008263,586,6,580,64,0,64,34,1,33,41,2,39,128,1,127,146,0,146,173,2,171
S01008264,705,8,697,130,2,128,49,1,48,74,1,73,182,3,179,127,1,126,143,0,143
S01008265,689,3,686,126,0,126,33,0,33,23,0,23,172,1,171,121,0,121,214,2,212
S01008266,660,3,657,83,0,83,36,0,36,21,0,21,136,2,134,137,1,136,247,0,247
S01008267,797,5,792,130,0,130,58,0,58,62,0,62,207,1,206,182,1,181,158,3,155
S01008268,859,8,851,135,0,135,56,0,56,39,0,39,179,3,176,198,4,194,252,1,251
S01008269,855,8,847,101,0,101,59,0,59,29,0,29,126,1,125,171,5,166,369,2,367
S01008270,800,10,790,95,1,94,53,1,52,36,0,36,131,3,128,179,2,177,306,3,303
S01008271,652,9,643,66,0,66,66,3,63,91,4,87,159,1,158,137,1,136,133,0,133
S01008272,976,6,970,160,0,160,104,0,104,56,1,55,216,0,216,258,3,255,182,2,180
S01008273,829,9,820,156,3,153,67,0,67,36,1,35,195,3,192,182,2,180,193,0,193
S01008274,713,5,708,120,0,120,60,0,60,59,0,59,155,1,154,149,1,148,170,3,167
S01008275,544,8,536,82,0,82,36,0,36,39,2,37,109,1,108,151,2,149,127,3,124
S01008276,540,2,538,117,0,117,54,0,54,30,0,30,135,0,135,134,1,133,70,1,69
S01008277,494,5,489,86,0,86,39,0,39,20,0,20,133,1,132,128,3,125,88,1,87
S01008278,753,7,746,116,0,116,46,0,46,37,0,37,169,3,166,213,2,211,172,2,170
S01008279,711,2,709,106,0,106,54,0,54,52,0,52,152,0,152,173,1,172,174,1,173
S01008280,911,7,904,133,0,133,70,0,70,88,0,88,212,2,210,217,2,215,191,3,188
S01008281,708,7,701,124,1,123,42,0,42,75,0,75,165,2,163,204,2,202,98,2,96
S01008282,682,7,675,95,1,94,45,0,45,56,1,55,184,3,181,172,1,171,130,1,129
S01008283,493,3,490,98,0,98,56,0,56,25,0,25,162,2,160,105,1,104,47,0,47
S01008284,848,4,844,176,1,175,65,0,65,83,0,83,235,0,235,173,0,173,116,3,113
S01008285,728,2,726,100,0,100,90,0,90,91,0,91,141,2,139,134,0,134,172,0,172
S01008286,729,3,726,109,0,109,82,0,82,58,1,57,153,0,153,172,1,171,155,1,154
S01008287,826,14,812,209,2,207,101,0,101,75,2,73,174,9,165,154,1,153,113,0,113
S01008288,872,8,864,119,0,119,81,0,81,61,0,61,184,1,183,212,6,206,215,1,214
S01008289,592,10,582,67,0,67,72,0,72,89,0,89,150,4,146,120,5,115,94,1,93
S01008290,879,10,869,142,1,141,91,2,89,90,0,90,232,2,230,158,3,155,166,2,164
S01008291,708,3,705,64,0,64,57,0,57,61,1,60,108,0,108,163,1,162,255,1,254
S01008292,788,6,782,196,0,196,95,0,95,80,0,80,213,5,208,140,1,139,64,0,64
S01008293,575,6,569,147,0,147,48,0,48,29,0,29,191,1,190,101,1,100,59,4,55
S01008294,898,6,892,215,0,215,70,0,70,80,1,79,279,4,275,158,0,158,96,1,95
S01008295,929,9,920,134,1,133,120,0,120,86,2,84,210,0,210,274,3,271,105,3,102
S01008296,660,5,655,93,1,92,93,1,92,58,0,58,127,0,127,133,1,132,156,2,154
S01008297,757,5,752,171,0,171,82,1,81,76,0,76,215,2,213,128,1,127,85,1,84
S01008298,732,13,719,124,0,124,82,0,82,70,2,68,200,2,198,153,6,147,103,3,100
S01008299,786,7,779,170,0,170,68,0,68,81,0,81,159,2,157,170,3,167,138,2,136
S01008300,829,8,821,119,0,119,110,0,110,84,1,83,160,4,156,209,3,206,147,0,147
S01008301,812,11,801,125,0,125,110,1,109,62,0,62,201,2,199,235,6,229,79,2,77
S01008302,722,5,717,105,0,105,76,0,76,56,0,56,148,0,148,175,3,172,162,2,160
S01008303,545,8,537,74,1,73,69,0,69,68,0,68,127,3,124,104,2,102,103,2,101
S01008304,471,5,466,60,0,60,64,0,64,34,0,34,84,1,83,146,2,144,83,2,81
S01008305,772,1,771,94,0,94,100,0,100,61,0,61,157,0,157,207,1,206,153,0,153
S01008306,601,5,596,63,0,63,91,0,91,45,0,45,153,1,152,157,3,154,92,1,91
S01008307,622,0,622,129,0,129,56,0,56,53,0,53,167,0,167,105,0,105,112,0,112
S01008308,556,9,547,55,0,55,61,1,60,52,0,52,91,2,89,150,4,146,147,2,145
S01008309,704,3,701,101,0,101,92,1,91,97,0,97,166,1,165,102,0,102,146,1,145
S01008310,936,7,929,118,0,118,105,0,105,92,1,91,201,2,199,209,3,206,211,1,210
S01008311,375,2,373,62,0,62,54,0,54,39,1,38,101,0,101,68,1,67,51,0,51
S01008312,389,2,387,60,0,60,54,0,54,51,0,51,94,0,94,70,1,69,60,1,59
S01008313,849,7,842,101,1,100,92,0,92,86,0,86,192,1,191,184,1,183,194,4,190
S01008314,540,2,538,70,0,70,83,0,83,109,0,109,127,0,127,113,2,111,38,0,38
S01008315,708,10,698,91,4,87,92,1,91,121,0,121,174,2,172,137,1,136,93,2,91
S01008316,567,7,560,146,0,146,78,3,75,75,0,75,160,3,157,84,1,83,24,0,24
S01008317,701,4,697,141,0,141,88,0,88,115,0,115,188,2,186,127,1,126,42,1,41
S01008318,943,8,935,144,0,144,99,0,99,96,1,95,228,1,227,184,1,183,192,5,187
S01008319,722,4,718,100,0,100,63,0,63,67,0,67,165,3,162,135,1,134,192,0,192
S01008320,622,8,614,48,1,47,63,2,61,51,0,51,126,2,124,135,0,135,199,3,196
S01008321,534,3,531,98,0,98,76,0,76,30,0,30,151,2,149,128,1,127,51,0,51
S01008322,1011,5,1006,172,0,172,120,0,120,118,0,118,240,3,237,193,1,192,168,1,167
S01008323,775,3,772,165,0,165,106,0,106,80,1,79,169,1,168,162,1,161,93,0,93
S01008324,623,9,614,127,1,126,78,1,77,72,0,72,142,4,138,138,2,136,66,1,65
S01008325,708,2,706,154,0,154,110,0,110,119,2,117,165,0,165,96,0,96,64,0,64
S01008326,932,3,929,179,0,179,116,0,116,142,0,142,222,1,221,143,1,142,130,1,129
S01008327,833,2,831,121,1,120,110,0,110,72,1,71,177,0,177,182,0,182,171,0,171
S01008328,664,11,653,163,3,160,72,0,72,60,2,58,198,3,195,115,1,114,56,2,54
S01008329,846,8,838,167,2,165,112,0,112,78,0,78,205,5,200,204,0,204,80,1,79
S01008330,847,13,834,162,1,161,113,0,113,82,1,81,201,6,195,200,3,197,89,2,87
S01008331,583,3,580,106,0,106,76,0,76,76,0,76,139,0,139,134,1,133,52,2,50
S01008332,933,11,922,119,0,119,116,0,116,59,1,58,167,3,164,202,1,201,270,6,264
S01008333,971,11,960,112,0,112,75,0,75,45,0,45,161,6,155,208,1,207,370,4,366
S01008334,707,6,701,105,0,105,76,0,76,64,0,64,150,3,147,142,1,141,170,2,168
S01008335,729,11,718,139,2,137,66,0,66,80,0,80,154,3,151,134,1,133,156,5,151
S01008336,642,12,630,134,0,134,60,1,59,57,2,55,157,3,154,130,2,128,104,4,100
S01008337,844,7,837,181,0,181,76,1,75,136,2,134,221,1,220,141,1,140,89,2,87
S01008338,870,5,865,250,1,249,94,0,94,72,0,72,282,4,278,101,0,101,71,0,71
S01008339,592,3,589,99,0,99,86,0,86,87,0,87,150,0,150,131,2,129,39,1,38
S01008340,793,9,784,150,1,149,111,0,111,97,0,97,196,5,191,177,2,175,62,1,61
S01008341,675,4,671,191,0,191,85,0,85,38,0,38,208,0,208,128,4,124,25,0,25
S01008342,826,9,817,132,0,132,116,2,114,70,0,70,183,0,183,206,3,203,119,4,115
S01008343,831,7,824,129,0,129,103,0,103,33,0,33,177,2,175,196,2,194,193,3,190
S01008344,850,8,842,139,0,139,90,2,88,49,0,49,166,1,165,226,2,224,180,3,177
S01008345,895,3,892,130,0,130,113,0,113,50,0,50,156,1,155,232,1,231,214,1,213
S01008346,991,6,985,217,0,217,103,0,103,42,0,42,234,3,231,215,1,214,180,2,178
S01008347,964,14,950,132,0,132,94,0,94,56,3,53,177,5,172,193,4,189,312,2,310
S01008348,720,5,715,102,0,102,74,0,74,52,1,51,138,3,135,154,0,154,200,1,199
S01008349,913,7,906,217,1,216,86,0,86,40,0,40,225,0,225,161,4,157,184,2,182
S01008350,577,4,573,73,0,73,49,0,49,24,0,24,99,0,99,143,1,142,189,3,186
S01008351,885,6,879,158,0,158,88,0,88,61,0,61,192,0,192,195,3,192,191,3,188
S01008352,655,9,646,126,1,125,68,1,67,33,1,32,141,0,141,152,4,148,135,2,133
S01008353,517,5,512,111,0,111,54,0,54,21,0,21,140,2,138,92,1,91,99,2,97
S01008354,679,2,677,139,0,139,55,0,55,62,0,62,162,0,162,124,0,124,137,2,135
S01008355,637,13,624,97,3,94,58,1,57,66,1,65,139,3,136,121,1,120,156,4,152
S01008356,559,8,551,102,0,102,59,0,59,57,1,56,158,5,153,128,1,127,55,1,54
S01008357,682,12,670,116,0,116,60,0,60,55,0,55,164,1,163,141,3,138,146,8,138
S01008358,671,7,664,89,1,88,59,0,59,59,1,58,138,2,136,145,3,142,181,0,181
S01008359,612,9,603,120,0,120,51,0,51,49,2,47,166,4,162,105,2,103,121,1,120
S01008360,824,8,816,137,0,137,105,0,105,43,1,42,165,0,165,207,4,203,167,3,164
S01008361,508,6,502,84,0,84,69,0,69,28,2,26,121,1,120,130,2,128,76,1,75
S01008362,921,12,909,200,0,200,93,0,93,88,0,88,275,3,272,164,3,161,101,6,95
S01008363,716,9,707,115,0,115,84,0,84,62,0,62,180,5,175,156,4,152,119,0,119
S01008364,749,6,743,121,0,121,94,1,93,50,1,49,165,1,164,163,1,162,156,2,154
S01008365,663,6,657,96,0,96,68,1,67,49,0,49,123,0,123,178,2,176,149,3,146
S01008366,910,9,901,164,0,164,97,0,97,61,2,59,183,3,180,166,1,165,239,3,236
S01008367,714,8,706,97,0,97,96,0,96,75,1,74,171,1,170,144,1,143,131,5,126
S01008368,635,8,627,94,0,94,64,0,64,62,2,60,148,2,146,152,1,151,115,3,112
S01008369,507,2,505,86,0,86,56,0,56,44,1,43,120,0,120,117,0,117,84,1,83
S01008370,672,1,671,119,0,119,91,0,91,61,0,61,167,0,167,122,0,122,112,1,111
S01008371,777,8,769,159,0,159,89,0,89,52,0,52,172,1,171,180,4,176,125,3,122
S01008372,766,4,762,153,0,153,92,0,92,73,2,71,175,1,174,165,1,164,108,0,108
S01008373,773,5,768,159,0,159,94,0,94,59,0,59,214,2,212,152,1,151,95,2,93
S01008374,686,8,678,128,1,127,73,1,72,28,0,28,165,1,164,167,2,165,125,3,122
S01008375,762,4,758,129,0,129,109,0,109,41,1,40,172,2,170,171,0,171,140,1,139
S01008376,514,5,509,99,0,99,54,0,54,42,0,42,128,1,127,115,2,113,76,2,74
S01008377,712,11,701,128,0,128,79,0,79,76,0,76,178,7,171,147,2,145,104,2,102
S01008378,988,13,975,177,3,174,111,0,111,75,1,74,207,5,202,199,2,197,219,2,217
S01008379,516,6,510,82,0,82,54,0,54,36,0,36,79,2,77,138,2,136,127,2,125
S01008380,625,8,617,113,2,111,81,0,81,43,0,43,160,4,156,149,2,147,79,0,79
S01008381,602,9,593,113,1,112,61,3,58,48,0,48,176,1,175,142,4,138,62,0,62
S01008382,626,9,617,124,1,123,47,1,46,59,0,59,153,1,152,121,5,116,122,1,121
S01008383,457,5,452,79,0,79,45,0,45,43,0,43,112,1,111,98,0,98,80,4,76
S01008384,945,8,937,166,0,166,109,0,109,98,3,95,219,3,216,205,0,205,148,2,146
S01008385,653,12,641,111,0,111,66,2,64,34,1,33,146,0,146,154,2,152,142,7,135
S01008386,770,4,766,109,0,109,86,0,86,99,0,99,174,2,172,174,0,174,128,2,126
S01008387,581,2,579,105,0,105,57,0,57,52,0,52,181,0,181,107,0,107,79,2,77
S01008388,612,3,609,124,0,124,69,0,69,71,0,71,161,3,158,153,0,153,34,0,34
S01008389,637,7,630,67,1,66,47,0,47,19,2,17,96,1,95,115,0,115,293,3,290
S01008390,599,11,588,84,0,84,63,0,63,35,0,35,122,3,119,162,5,157,133,3,130
S01008391,763,12,751,136,2,134,70,1,69,41,1,40,140,2,138,156,1,155,220,5,215
S01008392,879,6,873,172,1,171,100,0,100,67,0,67,244,2,242,189,2,187,107,1,106
S01008393,817,11,806,148,2,146,68,0,68,43,1,42,179,3,176,164,2,162,215,3,212
S01008394,798,7,791,198,2,196,90,0,90,40,0,40,213,2,211,165,1,164,92,2,90
S01008395,515,2,513,102,0,102,68,0,68,52,0,52,119,0,119,130,2,128,44,0,44
S01008396,619,9,610,65,0,65,58,1,57,42,0,42,88,1,87,155,3,152,211,4,207
S01008397,909,13,896,147,1,146,116,0,116,67,0,67,180,3,177,256,2,254,143,7,136
S01008398,569,5,564,90,0,90,53,1,52,39,0,39,124,2,122,122,1,121,141,1,140
S01008399,533,9,524,70,0,70,43,1,42,23,1,22,93,1,92,133,1,132,171,5,166
S01008400,661,5,656,125,0,125,70,0,70,62,0,62,142,1,141,132,1,131,130,3,127
S01008401,932,17,915,125,0,125,104,3,101,82,1,81,172,4,168,218,2,216,231,7,224
S01008402,1080,11,1069,180,0,180,120,0,120,44,0,44,187,2,185,276,7,269,273,2,271
S01008403,589,5,584,116,0,116,65,0,65,30,0,30,150,0,150,110,2,108,118,3,115
S01008404,940,14,926,141,3,138,97,0,97,68,1,67,164,2,162,204,6,198,266,2,264
S01008405,750,10,740,166,2,164,81,1,80,58,0,58,157,5,152,183,1,182,105,1,104
S01008406,946,17,929,155,0,155,79,1,78,64,1,63,177,3,174,185,6,179,286,6,280
S01008407,510,3,507,54,0,54,49,0,49,41,0,41,99,2,97,111,0,111,156,1,155
S01008408,646,7,639,134,3,131,72,1,71,47,0,47,179,1,178,128,1,127,86,1,85
S01008409,829,13,816,110,0,110,90,4,86,108,0,108,167,2,165,174,3,171,180,4,176
S01008410,577,8,569,82,0,82,55,1,54,62,0,62,109,1,108,115,4,111,154,2,152
S01008411,586,5,581,86,0,86,74,0,74,51,0,51,142,2,140,128,3,125,105,0,105
S01008412,687,9,678,126,2,124,105,0,105,32,1,31,160,2,158,143,1,142,121,3,118
S01008413,537,3,534,95,0,95,71,0,71,51,0,51,108,1,107,143,0,143,69,2,67
S01008414,435,4,431,74,0,74,60,0,60,44,0,44,87,1,86,108,2,106,62,1,61
S01008415,819,12,807,139,2,137,110,0,110,103,0,103,171,3,168,169,6,163,127,1,126
S01008416,913,10,903,133,1,132,121,2,119,117,1,116,224,3,221,194,2,192,124,1,123
S01008417,708,7,701,122,0,122,59,1,58,30,1,29,169,2,167,178,3,175,150,0,150
S01008418,665,8,657,81,0,81,51,0,51,73,0,73,141,2,139,166,2,164,153,4,149
S01008419,511,9,502,138,0,138,51,0,51,12,0,12,151,3,148,99,3,96,60,3,57
S01008420,458,2,456,62,0,62,50,0,50,46,0,46,93,0,93,113,0,113,94,2,92
S01008421,825,6,819,138,0,138,82,0,82,98,0,98,214,4,210,167,2,165,126,0,126
S01008422,606,3,603,116,0,116,50,1,49,13,0,13,137,0,137,164,2,162,126,0,126
S01008423,1027,5,1022,201,0,201,88,0,88,43,0,43,282,2,280,238,0,238,175,3,172
S01008424,811,4,807,113,0,113,78,0,78,29,0,29,157,0,157,186,3,183,248,1,247
S01008425,2452,42,2410,144,0,144,1281,27,1254,344,9,335,220,3,217,250,3,247,213,0,213
S01008426,555,4,551,73,0,73,58,0,58,60,1,59,121,1,120,96,2,94,147,0,147
S01008427,1022,5,1017,154,0,154,131,0,131,124,1,123,249,1,248,277,3,274,87,0,87
S01008428,652,9,643,91,0,91,63,0,63,58,3,55,130,2,128,143,1,142,167,3,164
S01008429,818,6,812,111,0,111,73,0,73,59,0,59,185,1,184,184,1,183,206,4,202
S01008430,649,6,643,94,0,94,73,0,73,34,0,34,151,1,150,138,0,138,159,5,154
S01008431,819,7,812,121,0,121,73,2,71,47,0,47,180,0,180,195,4,191,203,1,202
S01008432,682,8,674,92,1,91,66,0,66,35,0,35,130,2,128,161,2,159,198,3,195
S01008433,779,4,775,94,0,94,59,1,58,82,0,82,151,2,149,248,0,248,145,1,144
S01008434,778,4,774,117,0,117,79,0,79,51,0,51,157,2,155,248,2,246,126,0,126
S01008435,752,7,745,100,0,100,68,0,68,62,0,62,146,2,144,215,3,212,161,2,159
S01008436,842,7,835,119,0,119,86,1,85,48,1,47,210,1,209,201,2,199,178,2,176
S01008437,700,10,690,94,0,94,63,0,63,64,0,64,153,2,151,154,3,151,172,5,167
S01008438,432,5,427,69,0,69,38,0,38,33,2,31,120,0,120,121,1,120,51,2,49
S01008439,1081,5,1076,233,0,233,84,0,84,67,0,67,262,1,261,262,2,260,173,2,171
S01008440,975,10,965,167,0,167,69,0,69,55,0,55,203,0,203,231,6,225,250,4,246
S01008441,449,3,446,75,0,75,38,0,38,22,0,22,103,1,102,118,2,116,93,0,93
S01008442,656,3,653,102,0,102,44,0,44,92,2,90,182,1,181,155,0,155,81,0,81
S01008443,568,1,567,82,0,82,48,0,48,27,0,27,122,0,122,155,0,155,134,1,133
S01008444,608,11,597,95,0,95,73,2,71,88,2,86,154,6,148,126,1,125,72,0,72
S01008445,862,18,844,172,1,171,55,1,54,113,8,105,165,3,162,93,0,93,264,5,259
S01008446,1102,10,1092,292,4,288,201,1,200,53,0,53,195,1,194,180,2,178,181,2,179
S01008447,658,3,655,102,0,102,40,0,40,41,0,41,151,0,151,187,1,186,137,2,135
S01008448,734,3,731,97,1,96,72,0,72,50,0,50,171,0,171,194,2,192,150,0,150
S01008449,757,7,750,163,0,163,117,0,117,132,1,131,188,5,183,106,1,105,51,0,51
S01008450,548,3,545,119,0,119,63,0,63,100,3,97,120,0,120,84,0,84,62,0,62
S01008451,675,11,664,170,1,169,103,2,101,118,3,115,167,3,164,93,2,91,24,0,24
S01008452,602,17,585,160,6,154,102,2,100,88,3,85,141,4,137,84,2,82,27,0,27
S01008453,475,3,472,96,1,95,83,0,83,144,2,142,98,0,98,39,0,39,15,0,15
S01008454,890,8,882,202,5,197,144,1,143,146,0,146,218,1,217,134,1,133,46,0,46
S01008455,944,21,923,138,1,137,166,4,162,198,8,190,197,4,193,124,2,122,121,2,119
S01008456,895,8,887,120,0,120,148,3,145,208,2,206,178,1,177,153,2,151,88,0,88
S01008457,583,6,577,49,1,48,73,1,72,78,0,78,111,2,109,137,0,137,135,2,133
S01008458,942,9,933,163,1,162,142,3,139,144,0,144,212,1,211,179,4,175,102,0,102
S01008459,714,8,706,108,2,106,114,2,112,138,2,136,153,1,152,143,1,142,58,0,58
S01008460,746,14,732,179,5,174,118,4,114,140,4,136,165,0,165,102,1,101,42,0,42
S01008461,853,6,847,145,0,145,142,0,142,158,0,158,210,2,208,146,3,143,52,1,51
S01008462,546,5,541,60,0,60,39,0,39,44,1,43,131,1,130,191,3,188,81,0,81
S01008463,624,13,611,72,3,69,91,1,90,154,1,153,152,5,147,98,3,95,57,0,57
S01008464,805,6,799,110,1,109,90,0,90,159,1,158,146,0,146,165,1,164,135,3,132
S01008465,719,5,714,109,1,108,96,0,96,117,0,117,136,2,134,144,1,143,117,1,116
S01008466,704,3,701,108,0,108,102,0,102,137,2,135,124,0,124,133,1,132,100,0,100
S01008467,755,6,749,116,0,116,82,1,81,109,0,109,157,1,156,166,2,164,125,2,123
S01008468,640,6,634,111,1,110,88,0,88,81,0,81,137,4,133,93,0,93,130,1,129
S01008469,557,5,552,77,0,77,98,1,97,97,2,95,135,1,134,76,1,75,74,0,74
S01008470,702,9,693,116,2,114,92,0,92,110,2,108,136,4,132,159,0,159,89,1,88
S01008471,817,10,807,191,3,188,115,1,114,134,1,133,197,3,194,126,2,124,54,0,54
S01008472,674,3,671,133,0,133,90,0,90,127,2,125,147,1,146,103,0,103,74,0,74
S01008473,670,26,644,120,8,112,89,5,84,121,7,114,144,3,141,111,2,109,85,1,84
S01008474,747,20,727,81,6,75,91,1,90,145,3,142,160,5,155,116,2,114,154,3,151
S01008475,581,17,564,81,10,71,61,1,60,104,1,103,107,2,105,100,0,100,128,3,125
S01008476,668,9,659,54,2,52,59,2,57,141,1,140,155,3,152,98,0,98,161,1,160
S01008477,741,5,736,61,0,61,51,1,50,143,2,141,177,0,177,139,1,138,170,1,169
S01008478,818,8,810,112,2,110,84,1,83,126,3,123,155,0,155,141,2,139,200,0,200
S01008479,734,13,721,74,1,73,66,3,63,155,2,153,137,3,134,140,3,137,162,1,161
S01008480,586,6,580,83,2,81,92,0,92,177,0,177,112,2,110,79,2,77,43,0,43
S01008481,1591,34,1557,183,6,177,227,4,223,321,5,316,416,12,404,254,5,249,190,2,188
S01008482,593,5,588,71,2,69,45,0,45,78,0,78,142,1,141,109,0,109,148,2,146
S01008483,583,1,582,52,0,52,80,0,80,98,0,98,122,1,121,103,0,103,128,0,128
S01008484,733,11,722,105,6,99,58,0,58,98,0,98,149,1,148,182,4,178,141,0,141
S01008485,970,13,957,172,1,171,144,1,143,155,1,154,211,4,207,146,4,142,142,2,140
S01008486,845,9,836,68,4,64,98,0,98,88,0,88,139,2,137,207,2,205,245,1,244
S01008487,726,13,713,48,3,45,97,0,97,264,5,259,154,3,151,100,1,99,63,1,62
S01008488,737,5,732,62,0,62,104,0,104,182,3,179,138,1,137,123,0,123,128,1,127
S01008489,609,8,601,65,0,65,87,1,86,82,1,81,136,3,133,133,2,131,106,1,105
S01008490,863,7,856,68,2,66,110,1,109,221,2,219,200,1,199,140,1,139,124,0,124
S01008491,875,15,860,49,1,48,209,1,208,258,9,249,159,1,158,110,2,108,90,1,89
S01008492,909,8,901,95,1,94,166,4,162,332,2,330,177,0,177,104,1,103,35,0,35
S01008493,766,13,753,73,2,71,115,3,112,153,1,152,158,2,156,111,3,108,156,2,154
S01008494,659,8,651,61,1,60,95,2,93,213,4,209,152,1,151,72,0,72,66,0,66
S01008495,870,14,856,20,0,20,176,2,174,395,6,389,177,6,171,60,0,60,42,0,42
S01008496,945,18,927,16,0,16,185,3,182,415,11,404,212,3,209,79,1,78,38,0,38
S01008497,766,17,749,12,0,12,132,1,131,298,6,292,178,8,170,112,2,110,34,0,34
S01008498,755,18,737,23,1,22,136,4,132,273,9,264,167,2,165,113,2,111,43,0,43
S01008499,969,28,941,34,0,34,246,3,243,402,20,382,173,1,172,79,1,78,35,3,32
S01008500,390,8,382,38,0,38,100,3,97,106,2,104,92,3,89,48,0,48,6,0,6
S01008501,591,9,582,35,0,35,170,4,166,259,3,256,91,2,89,27,0,27,9,0,9
S01008502,620,11,609,16,0,16,156,1,155,284,5,279,113,5,108,40,0,40,11,0,11
S01008503,799,5,794,48,0,48,148,2,146,275,2,273,200,0,200,85,1,84,43,0,43
S01008504,1060,11,1049,110,0,110,148,2,146,269,0,269,293,2,291,151,5,146,89,2,87
S01008505,684,8,676,85,1,84,68,1,67,139,1,138,195,4,191,135,1,134,62,0,62
S01008506,831,16,815,71,2,69,64,4,60,143,1,142,178,4,174,117,1,116,258,4,254
S01008507,880,9,871,79,0,79,237,1,236,213,0,213,198,5,193,111,3,108,42,0,42
S01008508,814,10,804,132,0,132,78,0,78,85,1,84,188,3,185,191,4,187,140,2,138
S01008509,960,11,949,98,0,98,76,0,76,150,1,149,230,4,226,181,2,179,225,4,221
S01008510,875,6,869,120,2,118,101,0,101,84,0,84,191,3,188,192,1,191,187,0,187
S01008511,851,10,841,142,1,141,73,0,73,49,0,49,186,1,185,225,5,220,176,3,173
S01008512,492,3,489,82,0,82,42,0,42,31,1,30,115,1,114,115,1,114,107,0,107
S01008513,676,15,661,109,0,109,55,0,55,33,3,30,148,2,146,159,3,156,172,7,165
S01008514,900,21,879,143,2,141,61,1,60,56,0,56,206,8,198,191,4,187,243,6,237
S01008515,707,11,696,144,4,140,58,0,58,69,1,68,204,4,200,155,1,154,77,1,76
S01008516,878,24,854,51,0,51,145,8,137,250,3,247,235,9,226,102,1,101,95,3,92
S01008517,838,12,826,49,2,47,159,1,158,201,1,200,175,3,172,107,3,104,147,2,145
S01008518,880,15,865,147,0,147,117,1,116,111,1,110,191,2,189,207,6,201,107,5,102
S01008519,779,13,766,154,0,154,69,2,67,63,0,63,175,2,173,189,5,184,129,4,125
S01008520,1058,12,1046,190,2,188,78,0,78,49,0,49,220,0,220,270,6,264,251,4,247
S01008521,885,5,880,179,0,179,63,0,63,28,2,26,205,1,204,257,0,257,153,2,151
S01008522,515,8,507,81,0,81,49,1,48,43,1,42,121,1,120,130,4,126,91,1,90
S01008523,924,9,915,168,0,168,59,0,59,96,2,94,282,3,279,193,2,191,126,2,124
S01008524,831,6,825,117,0,117,124,1,123,138,0,138,184,3,181,153,2,151,115,0,115
S01008525,736,2,734,134,0,134,87,0,87,105,0,105,129,1,128,106,0,106,175,1,174
S01008526,820,6,814,83,0,83,96,0,96,125,3,122,164,0,164,168,2,166,184,1,183
S01008527,702,9,693,107,1,106,104,1,103,113,1,112,159,2,157,133,3,130,86,1,85
S01008528,684,6,678,144,0,144,71,0,71,101,2,99,164,3,161,112,0,112,92,1,91
S01008529,702,8,694,79,1,78,87,0,87,79,1,78,130,2,128,180,0,180,147,4,143
S01008530,688,10,678,118,0,118,58,0,58,142,5,137,157,3,154,111,0,111,102,2,100
S01008531,704,3,701,85,0,85,75,0,75,111,0,111,154,2,152,134,1,133,145,0,145
S01008532,434,6,428,65,0,65,46,1,45,41,0,41,86,3,83,100,1,99,96,1,95
S01008533,483,2,481,111,1,110,75,0,75,146,0,146,92,1,91,32,0,32,27,0,27
S01008534,680,5,675,104,0,104,102,0,102,101,3,98,155,0,155,153,2,151,65,0,65
S01008535,688,4,684,91,0,91,94,0,94,34,1,33,147,1,146,193,1,192,129,1,128
S01008536,553,8,545,69,1,68,36,1,35,38,1,37,122,2,120,122,2,120,166,1,165
S01008537,655,6,649,85,2,83,52,0,52,45,0,45,118,0,118,202,3,199,153,1,152
S01008538,533,5,528,66,0,66,43,0,43,29,0,29,84,1,83,146,2,144,165,2,163
S01008539,816,13,803,125,2,123,78,0,78,47,0,47,175,4,171,229,5,224,162,2,160
S01008540,849,13,836,121,5,116,52,0,52,52,0,52,173,4,169,219,2,217,232,2,230
S01008541,851,4,847,175,2,173,85,0,85,69,0,69,194,1,193,190,0,190,138,1,137
S01008542,914,3,911,193,0,193,94,0,94,47,0,47,228,0,228,230,1,229,122,2,120
S01008543,712,6,706,149,0,149,71,0,71,60,1,59,190,2,188,177,3,174,65,0,65
S01008544,635,4,631,156,0,156,91,0,91,35,0,35,171,1,170,156,3,153,26,0,26
S01008545,873,10,863,184,0,184,82,1,81,40,0,40,233,2,231,187,3,184,147,4,143
S01008546,791,10,781,90,0,90,66,0,66,45,0,45,143,0,143,267,5,262,180,5,175
S01008547,973,14,959,156,0,156,91,3,88,179,4,175,239,2,237,224,3,221,84,2,82
S01008548,775,8,767,122,3,119,98,0,98,152,1,151,218,3,215,140,0,140,45,1,44
S01008549,928,8,920,127,3,124,83,0,83,109,1,108,238,4,234,201,0,201,170,0,170
S01008550,771,15,756,111,5,106,79,1,78,96,0,96,179,5,174,204,2,202,102,2,100
S01008551,952,10,942,79,1,78,86,0,86,110,1,109,196,3,193,271,2,269,210,3,207
S01008552,847,9,838,102,2,100,94,1,93,98,0,98,149,1,148,225,1,224,179,4,175
S01008553,517,3,514,57,0,57,42,0,42,57,0,57,93,2,91,150,1,149,118,0,118
S01008554,1036,4,1032,271,0,271,145,0,145,134,0,134,220,1,219,180,3,177,86,0,86
S01008555,975,10,965,179,3,176,114,2,112,192,1,191,208,3,205,170,0,170,112,1,111
S01008556,726,10,716,136,0,136,101,3,98,111,2,109,144,3,141,112,2,110,122,0,122
S01008557,876,3,873,194,1,193,89,0,89,148,0,148,149,0,149,131,1,130,165,1,164
S01008558,878,4,874,166,0,166,97,0,97,131,0,131,164,1,163,152,2,150,168,1,167
S01008559,684,7,677,130,1,129,76,0,76,79,1,78,130,2,128,151,2,149,118,1,117
S01008560,665,3,662,115,0,115,81,0,81,89,2,87,157,0,157,101,0,101,122,1,121
S01008561,640,7,633,112,0,112,81,0,81,81,3,78,147,2,145,126,0,126,93,2,91
S01008562,636,7,629,147,0,147,53,0,53,86,1,85,137,1,136,95,2,93,118,3,115
S01008563,778,15,763,126,5,121,92,1,91,120,1,119,182,3,179,153,3,150,105,2,103
S01008564,571,5,566,44,0,44,60,2,58,79,0,79,124,3,121,115,0,115,149,0,149
S01008565,885,4,881,164,0,164,100,0,100,105,0,105,204,1,203,164,2,162,148,1,147
S01008566,1016,5,1011,199,0,199,106,0,106,139,1,138,226,2,224,197,0,197,149,2,147
S01008567,704,0,704,130,0,130,91,0,91,106,0,106,153,0,153,129,0,129,95,0,95
S01008568,745,3,742,118,0,118,91,1,90,131,0,131,178,1,177,145,1,144,82,0,82
S01008569,603,12,591,86,0,86,110,2,108,124,3,121,157,7,150,85,0,85,41,0,41
S01008570,900,7,893,181,0,181,136,1,135,139,0,139,202,4,198,149,2,147,93,0,93
S01008571,658,3,655,94,0,94,65,0,65,66,3,63,121,0,121,158,0,158,154,0,154
S01008572,856,6,850,121,0,121,80,0,80,106,1,105,178,3,175,175,2,173,196,0,196
S01008573,867,13,854,167,5,162,65,0,65,85,0,85,252,6,246,160,1,159,138,1,137
S01008574,733,6,727,109,1,108,88,0,88,79,1,78,197,0,197,185,3,182,75,1,74
S01008575,773,14,759,129,3,126,76,0,76,65,0,65,209,5,204,187,5,182,107,1,106
S01008576,801,9,792,76,1,75,83,2,81,109,0,109,158,3,155,211,0,211,164,3,161
S01008577,886,17,869,99,3,96,68,0,68,49,1,48,151,2,149,222,2,220,297,9,288
S01008578,781,15,766,122,6,116,60,0,60,35,0,35,154,1,153,200,4,196,210,4,206
S01008579,734,4,730,57,0,57,47,0,47,46,1,45,118,1,117,193,0,193,273,2,271
S01008580,523,5,518,57,0,57,69,1,68,78,0,78,100,1,99,122,3,119,97,0,97
S01008581,867,5,862,96,0,96,98,0,98,130,2,128,171,1,170,185,0,185,187,2,185
S01008582,972,6,966,135,1,134,98,0,98,153,0,153,221,3,218,207,0,207,158,2,156
S01008583,678,4,674,83,1,82,94,1,93,114,0,114,138,0,138,113,1,112,136,1,135
S01008584,819,5,814,134,1,133,93,0,93,113,0,113,194,1,193,150,2,148,135,1,134
S01008585,574,2,572,105,0,105,73,0,73,89,0,89,121,1,120,104,1,103,82,0,82
S01008586,781,7,774,116,1,115,96,1,95,85,0,85,163,0,163,168,4,164,153,1,152
S01008587,888,17,871,86,2,84,175,2,173,128,3,125,139,2,137,191,4,187,169,4,165
S01008588,745,16,729,124,6,118,96,1,95,66,1,65,180,2,178,141,4,137,138,2,136
S01008589,377,6,371,64,3,61,29,0,29,24,1,23,76,1,75,87,1,86,97,0,97
S01008590,736,13,723,90,4,86,81,0,81,127,1,126,131,2,129,101,2,99,206,4,202
S01008591,791,17,774,114,0,114,114,5,109,150,3,147,166,4,162,144,3,141,103,2,101
S01008592,730,20,710,118,2,116,103,1,102,110,5,105,170,6,164,106,3,103,123,3,120
S01008593,758,14,744,136,7,129,58,0,58,55,0,55,159,1,158,189,3,186,161,3,158
S01008594,1004,19,985,123,5,118,156,2,154,133,2,131,218,4,214,210,2,208,164,4,160
S01008595,879,14,865,61,1,60,97,1,96,117,2,115,164,3,161,171,4,167,269,3,266
S01008596,821,15,806,75,0,75,165,4,161,165,2,163,147,3,144,121,5,116,148,1,147
S01008597,858,11,847,118,2,116,72,0,72,68,0,68,191,1,190,212,7,205,197,1,196
S01008598,814,23,791,68,2,66,289,4,285,161,7,154,109,4,105,96,5,91,91,1,90
S01008599,900,13,887,94,0,94,221,4,217,162,2,160,154,3,151,161,1,160,108,3,105
S01008600,813,14,799,148,3,145,119,3,116,103,0,103,176,2,174,142,1,141,125,5,120
S01008601,2523,58,2465,52,2,50,2077,50,2027,156,2,154,97,3,94,78,0,78,63,1,62
S01008602,636,16,620,28,0,28,246,9,237,153,3,150,98,3,95,63,1,62,48,0,48
S01008603,1098,18,1080,29,1,28,481,8,473,312,2,310,129,4,125,89,1,88,58,2,56
S01008604,917,15,902,87,1,86,258,6,252,208,1,207,151,2,149,128,4,124,85,1,84
S01008605,692,9,683,63,0,63,206,1,205,155,2,153,132,2,130,92,3,89,44,1,43
S01008606,731,10,721,124,3,121,122,1,121,71,2,69,159,1,158,157,0,157,98,3,95
S01008607,605,3,602,92,0,92,46,0,46,26,0,26,116,0,116,152,1,151,173,2,171
S01008608,727,12,715,90,2,88,78,2,76,56,0,56,126,2,124,159,3,156,218,3,215
S01008609,944,15,929,144,2,142,66,2,64,68,1,67,178,2,176,209,3,206,279,5,274
S01008610,835,13,822,101,2,99,170,0,170,66,0,66,135,3,132,131,4,127,232,4,228
S01008611,1405,19,1386,76,1,75,661,10,651,296,3,293,163,1,162,120,3,117,89,1,88
S01008612,770,21,749,45,2,43,327,8,319,204,6,198,105,3,102,58,1,57,31,1,30
S01008613,776,15,761,83,2,81,223,1,222,133,3,130,119,5,114,115,3,112,103,1,102
S01008614,664,13,651,21,0,21,303,8,295,168,4,164,66,1,65,54,0,54,52,0,52
S01008615,852,14,838,70,3,67,385,4,381,131,1,130,115,0,115,86,3,83,65,3,62
S01008616,719,16,703,43,0,43,407,13,394,120,2,118,78,1,77,48,0,48,23,0,23
S01008617,812,13,799,58,3,55,452,3,449,109,2,107,91,3,88,61,0,61,41,2,39
S01008618,728,18,710,47,2,45,407,6,401,129,4,125,78,4,74,42,1,41,25,1,24
S01008619,506,10,496,13,0,13,248,5,243,98,4,94,59,1,58,60,0,60,28,0,28
S01008620,799,13,786,33,0,33,408,8,400,182,2,180,89,0,89,56,1,55,31,2,29
S01008621,760,11,749,50,2,48,407,2,405,132,3,129,75,0,75,59,4,55,37,0,37
S01008622,503,14,489,35,0,35,175,5,170,110,3,107,83,1,82,66,2,64,34,3,31
S01008623,935,13,922,77,1,76,356,1,355,145,3,142,116,1,115,130,2,128,111,5,106
S01008624,766,9,757,96,1,95,41,0,41,42,0,42,134,1,133,138,2,136,315,5,310
S01008625,553,7,546,89,0,89,42,0,42,37,0,37,109,2,107,161,3,158,115,2,113
S01008626,881,13,868,137,0,137,109,3,106,128,1,127,214,2,212,169,2,167,124,5,119
S01008627,729,12,717,148,0,148,61,2,59,54,1,53,168,1,167,147,7,140,151,1,150
S01008628,614,9,605,63,0,63,92,4,88,142,1,141,126,0,126,86,1,85,105,3,102
S01008629,552,17,535,60,4,56,91,2,89,80,3,77,127,2,125,112,1,111,82,5,77
S01008630,537,5,532,34,0,34,131,1,130,160,2,158,89,1,88,47,1,46,76,0,76
S01008631,763,26,737,51,1,50,127,6,121,253,10,243,155,4,151,115,3,112,62,2,60
S01008632,908,13,895,43,0,43,98,1,97,259,3,256,211,3,208,158,2,156,139,4,135
S01008633,932,11,921,147,0,147,97,0,97,63,2,61,172,0,172,183,4,179,270,5,265
S01008634,705,9,696,93,0,93,159,1,158,96,0,96,122,1,121,146,5,141,89,2,87
S01008635,829,8,821,83,0,83,170,2,168,139,5,134,184,0,184,147,1,146,106,0,106
S01008636,836,16,820,87,0,87,194,4,190,128,6,122,153,2,151,146,4,142,128,0,128
S01008637,695,18,677,87,1,86,89,2,87,146,3,143,142,3,139,96,4,92,135,5,130
S01008638,833,5,828,58,1,57,211,0,211,158,0,158,121,0,121,91,1,90,194,3,191
S01008639,867,22,845,72,5,67,165,2,163,280,6,274,188,4,184,107,4,103,55,1,54
S01008640,755,18,737,56,1,55,234,2,232,223,5,218,125,7,118,89,2,87,28,1,27
S01008641,816,10,806,32,0,32,344,4,340,233,3,230,105,1,104,71,1,70,31,1,30
S01008642,905,23,882,75,2,73,237,8,229,241,3,238,173,6,167,117,4,113,62,0,62
S01008643,684,15,669,76,2,74,113,5,108,195,2,193,154,3,151,111,3,108,35,0,35
S01008644,755,17,738,49,3,46,212,4,208,190,7,183,125,1,124,95,2,93,84,0,84
S01008645,799,16,783,69,3,66,258,4,254,204,2,202,143,3,140,55,2,53,70,2,68
S01008646,785,12,773,46,1,45,165,1,164,260,3,257,171,2,169,73,1,72,70,4,66
S01008647,568,15,553,20,6,14,111,2,109,230,4,226,138,3,135,43,0,43,26,0,26
S01008648,593,10,583,21,1,20,153,2,151,234,3,231,98,2,96,41,2,39,46,0,46
S01008649,887,16,871,18,0,18,174,5,169,362,7,355,155,2,153,74,2,72,104,0,104
S01008650,723,12,711,20,0,20,159,4,155,305,3,302,149,2,147,58,2,56,32,1,31
S01008651,960,18,942,14,2,12,379,11,368,289,3,286,163,1,162,81,1,80,34,0,34
S01008652,559,8,551,11,0,11,136,3,133,181,2,179,143,3,140,59,0,59,29,0,29
S01008653,673,9,664,33,0,33,181,6,175,229,2,227,115,0,115,72,1,71,43,0,43
S01008654,919,16,903,32,0,32,203,5,198,388,5,383,171,3,168,88,3,85,37,0,37
S01008655,782,14,768,28,0,28,191,11,180,332,2,330,121,0,121,74,1,73,36,0,36
S01008656,628,11,617,22,2,20,121,5,116,232,3,229,137,0,137,78,1,77,38,0,38
S01008657,731,7,724,41,2,39,175,3,172,248,1,247,148,1,147,74,0,74,45,0,45
S01008658,1101,24,1077,35,2,33,413,9,404,269,5,264,194,3,191,104,3,101,86,2,84
S01008659,816,13,803,32,0,32,322,3,319,240,6,234,123,0,123,56,3,53,43,1,42
S01008660,922,22,900,45,3,42,357,8,349,264,6,258,137,2,135,89,3,86,30,0,30
S01008661,984,13,971,36,0,36,408,3,405,237,4,233,131,2,129,105,3,102,67,1,66
S01008662,742,16,726,15,0,15,434,10,424,175,2,173,74,0,74,33,3,30,11,1,10
S01008663,837,21,816,20,2,18,310,5,305,225,5,220,135,6,129,75,3,72,72,0,72
S01008664,695,16,679,24,3,21,204,2,202,240,6,234,112,4,108,80,0,80,35,1,34
S01008665,1162,30,1132,49,2,47,476,15,461,296,7,289,173,3,170,126,3,123,42,0,42
S01008666,978,24,954,37,1,36,527,15,512,224,4,220,94,2,92,53,1,52,43,1,42
S01008667,969,26,943,47,4,43,484,10,474,180,3,177,104,2,102,96,5,91,58,2,56
S01008668,608,6,602,15,0,15,269,3,266,181,0,181,76,1,75,41,0,41,26,2,24
S01008669,567,15,552,23,0,23,409,9,400,79,3,76,28,1,27,15,1,14,13,1,12
S01008670,868,15,853,24,2,22,584,7,577,127,1,126,58,3,55,34,1,33,41,1,40
S01008671,749,12,737,11,1,10,451,8,443,144,0,144,72,2,70,34,0,34,37,1,36
S01008672,677,14,663,23,1,22,300,5,295,168,1,167,62,2,60,65,5,60,59,0,59
S01008673,1043,25,1018,53,5,48,407,7,400,284,2,282,150,5,145,101,3,98,48,3,45
S01008674,948,5,943,19,0,19,426,2,424,312,1,311,91,1,90,67,1,66,33,0,33
S01008675,722,12,710,31,0,31,157,1,156,219,2,217,158,5,153,99,3,96,58,1,57
S01008676,764,14,750,25,0,25,262,2,260,229,3,226,126,6,120,86,2,84,36,1,35
S01008677,816,18,798,25,4,21,292,5,287,257,3,254,125,4,121,77,0,77,40,2,38
S01008678,1185,22,1163,22,0,22,717,13,704,259,3,256,108,3,105,54,1,53,25,2,23
S01008679,1153,28,1125,21,1,20,580,16,564,197,4,193,162,2,160,102,3,99,91,2,89
S01008680,627,9,618,27,0,27,286,4,282,133,3,130,100,0,100,56,1,55,25,1,24
S01008681,961,14,947,28,0,28,414,9,405,189,3,186,139,1,138,86,0,86,105,1,104
S01008682,756,17,739,39,6,33,235,2,233,191,4,187,138,2,136,98,1,97,55,2,53
S01008683,1472,27,1445,102,4,98,529,8,521,380,5,375,204,4,200,163,4,159,94,2,92
S01008684,959,13,946,97,3,94,219,3,216,223,1,222,218,3,215,123,0,123,79,3,76
S01008685,1010,19,991,35,0,35,323,4,319,218,8,210,195,3,192,129,3,126,110,1,109
S01008686,941,21,920,63,3,60,131,2,129,224,6,218,191,3,188,148,1,147,184,6,178
S01008687,639,11,628,18,0,18,106,1,105,266,2,264,158,5,153,55,3,52,36,0,36
S01008688,867,16,851,56,2,54,97,1,96,294,7,287,198,4,194,123,2,121,99,0,99
S01008689,831,12,819,26,0,26,107,2,105,294,5,289,205,2,203,100,2,98,99,1,98
S01008690,958,23,935,48,2,46,122,5,117,345,9,336,237,5,232,124,2,122,82,0,82
S01008691,1022,25,997,33,0,33,120,6,114,397,10,387,273,7,266,134,2,132,65,0,65
S01008692,672,11,661,16,0,16,105,3,102,231,3,228,143,3,140,71,2,69,106,0,106
S01008693,474,4,470,52,0,52,39,0,39,40,0,40,97,1,96,123,2,121,123,1,122
S01008694,959,17,942,61,2,59,113,4,109,337,4,333,258,6,252,111,1,110,79,0,79
S01008695,652,8,644,74,0,74,74,0,74,151,2,149,181,5,176,112,1,111,60,0,60
S01008696,646,7,639,96,0,96,60,1,59,64,0,64,190,2,188,143,1,142,93,3,90
S01008697,1023,4,1019,116,0,116,99,2,97,128,1,127,221,0,221,243,1,242,216,0,216
S01008698,485,8,477,65,0,65,58,0,58,39,1,38,88,3,85,133,2,131,102,2,100
S01008699,874,7,867,112,0,112,84,0,84,154,1,153,155,2,153,158,2,156,211,2,209
S01008700,549,5,544,80,0,80,56,0,56,43,0,43,117,2,115,122,2,120,131,1,130
S01008701,374,1,373,70,0,70,48,0,48,76,0,76,93,1,92,66,0,66,21,0,21
S01008702,550,5,545,54,0,54,141,2,139,177,1,176,88,1,87,65,1,64,25,0,25
S01008703,916,13,903,159,6,153,130,0,130,184,1,183,202,3,199,166,3,163,75,0,75
S01008704,671,8,663,136,3,133,65,0,65,125,0,125,152,2,150,121,0,121,72,3,69
S01008705,474,7,467,79,0,79,52,0,52,82,0,82,108,2,106,78,2,76,75,3,72
S01008706,534,5,529,130,0,130,78,0,78,98,2,96,132,1,131,54,2,52,42,0,42
S01008707,792,10,782,188,1,187,115,0,115,147,5,142,173,0,173,115,4,111,54,0,54
S01008708,880,13,867,147,0,147,110,2,108,130,1,129,210,6,204,177,4,173,106,0,106
S01008709,713,2,711,167,2,165,76,0,76,131,0,131,155,0,155,120,0,120,64,0,64
S01008710,460,1,459,95,0,95,74,0,74,95,0,95,104,0,104,65,1,64,27,0,27
S01008711,675,11,664,105,0,105,70,0,70,107,3,104,119,5,114,148,1,147,126,2,124
S01008712,1102,8,1094,174,0,174,107,0,107,125,2,123,192,1,191,229,1,228,275,4,271
S01008713,597,5,592,127,0,127,80,0,80,90,1,89,136,4,132,108,0,108,56,0,56
S01008714,544,3,541,59,1,58,63,0,63,88,1,87,106,1,105,106,0,106,122,0,122
S01008715,737,7,730,89,0,89,79,1,78,68,0,68,130,2,128,188,1,187,183,3,180
S01008716,523,3,520,55,0,55,46,0,46,66,0,66,99,1,98,108,1,107,149,1,148
S01008717,413,3,410,74,0,74,56,0,56,60,1,59,114,1,113,80,1,79,29,0,29
S01008718,492,5,487,63,0,63,54,0,54,73,0,73,96,1,95,132,1,131,74,3,71
S01008719,938,7,931,155,0,155,117,0,117,169,5,164,212,1,211,193,1,192,92,0,92
S01008720,496,3,493,53,0,53,66,0,66,63,1,62,103,1,102,123,1,122,88,0,88
S01008721,773,5,768,132,2,130,94,0,94,76,0,76,224,2,222,185,1,184,62,0,62
S01008722,1032,4,1028,129,0,129,78,0,78,71,1,70,206,0,206,250,1,249,298,2,296
S01008723,661,15,646,80,3,77,119,5,114,59,0,59,149,5,144,156,2,154,98,0,98
S01008724,932,8,924,152,0,152,70,0,70,72,0,72,203,1,202,198,4,194,237,3,234
S01008725,727,7,720,113,1,112,57,0,57,55,0,55,193,0,193,182,6,176,127,0,127
S01008726,549,8,541,97,1,96,42,0,42,26,0,26,163,3,160,135,3,132,86,1,85
S01008727,1067,9,1058,157,0,157,83,0,83,109,3,106,257,1,256,242,2,240,219,3,216
S01008728,524,16,508,124,6,118,40,0,40,69,1,68,139,4,135,81,4,77,71,1,70
S01008729,703,2,701,152,0,152,64,0,64,54,0,54,211,2,209,136,0,136,86,0,86
S01008730,770,8,762,121,1,120,56,0,56,166,3,163,252,3,249,124,1,123,51,0,51
S01008731,420,4,416,34,0,34,28,0,28,44,0,44,90,1,89,89,3,86,135,0,135
S01008732,584,4,580,81,0,81,57,0,57,90,2,88,160,1,159,109,1,108,87,0,87
S01008733,754,10,744,38,0,38,71,0,71,184,3,181,198,2,196,155,4,151,108,1,107
S01008734,543,2,541,76,0,76,40,0,40,60,0,60,146,2,144,118,0,118,103,0,103
S01008735,960,3,957,154,0,154,106,0,106,57,0,57,213,0,213,220,2,218,210,1,209
S01008736,725,6,719,119,1,118,72,0,72,53,2,51,158,1,157,137,1,136,186,1,185
S01008737,780,3,777,106,0,106,80,0,80,46,0,46,146,0,146,191,1,190,211,2,209
S01008738,759,4,755,111,0,111,71,0,71,49,0,49,143,1,142,164,0,164,221,3,218
S01008739,544,4,540,73,1,72,66,0,66,43,0,43,118,0,118,142,1,141,102,2,100
S01008740,536,6,530,71,0,71,52,0,52,41,0,41,114,0,114,129,2,127,129,4,125
S01008741,937,11,926,145,3,142,87,1,86,64,1,63,198,3,195,212,0,212,231,3,228
S01008742,475,1,474,29,0,29,45,0,45,51,1,50,89,0,89,88,0,88,173,0,173
S01008743,893,9,884,120,0,120,98,1,97,191,3,188,188,3,185,129,0,129,167,2,165
S01008744,1028,4,1024,147,1,146,117,0,117,135,0,135,229,3,226,166,0,166,234,0,234
S01008745,455,3,452,53,0,53,46,0,46,61,0,61,107,0,107,94,3,91,94,0,94
S01008746,1022,19,1003,127,1,126,131,2,129,212,7,205,247,5,242,169,2,167,136,2,134
S01008747,490,5,485,69,0,69,39,1,38,46,2,44,117,0,117,98,2,96,121,0,121
S01008748,640,5,635,73,1,72,46,1,45,37,0,37,152,2,150,133,1,132,199,0,199
S01008749,958,7,951,117,0,117,98,0,98,79,2,77,188,1,187,245,1,244,231,3,228
S01008750,692,7,685,81,0,81,64,1,63,21,0,21,131,2,129,186,3,183,209,1,208
S01008751,603,6,597,99,0,99,54,0,54,62,2,60,126,0,126,124,0,124,138,4,134
S01008752,756,12,744,92,1,91,86,6,80,134,0,134,176,3,173,120,0,120,148,2,146
S01008753,522,2,520,64,0,64,51,2,49,82,0,82,124,0,124,98,0,98,103,0,103
S01008754,571,5,566,28,0,28,69,0,69,166,4,162,130,0,130,97,0,97,81,1,80
S01008755,895,6,889,80,0,80,110,0,110,254,1,253,210,1,209,122,3,119,119,1,118
S01008756,682,5,677,58,0,58,69,1,68,124,0,124,192,2,190,113,0,113,126,2,124
S01008757,614,4,610,75,1,74,43,1,42,98,1,97,125,0,125,145,1,144,128,0,128
S01008758,784,6,778,90,0,90,86,0,86,125,2,123,181,1,180,137,3,134,165,0,165
S01008759,541,6,535,77,1,76,58,0,58,69,2,67,138,3,135,98,0,98,101,0,101
S01008760,902,9,893,139,2,137,112,0,112,122,0,122,258,2,256,152,2,150,119,3,116
S01008761,698,8,690,99,0,99,110,3,107,184,2,182,150,2,148,96,0,96,59,1,58
S01008762,593,4,589,66,2,64,46,0,46,82,2,80,138,0,138,129,0,129,132,0,132
S01008763,876,7,869,110,0,110,63,0,63,155,4,151,285,0,285,151,3,148,112,0,112
S01008764,671,17,654,85,2,83,82,2,80,98,3,95,172,3,169,148,4,144,86,3,83
S01008765,808,11,797,120,0,120,69,0,69,134,1,133,267,4,263,129,6,123,89,0,89
S01008766,1013,10,1003,150,0,150,95,1,94,103,0,103,239,1,238,222,2,220,204,6,198
S01008767,522,8,514,60,0,60,57,0,57,60,2,58,149,3,146,110,1,109,86,2,84
S01008768,514,7,507,61,0,61,39,0,39,117,1,116,129,3,126,67,0,67,101,3,98
S01008769,642,12,630,21,2,19,81,2,79,274,2,272,166,6,160,75,0,75,25,0,25
S01008770,808,5,803,83,0,83,119,2,117,304,1,303,199,2,197,86,0,86,17,0,17
S01008771,728,6,722,84,2,82,83,0,83,196,2,194,206,2,204,102,0,102,57,0,57
S01008772,756,6,750,87,0,87,63,0,63,129,0,129,199,2,197,135,2,133,143,2,141
S01008773,988,13,975,80,0,80,88,1,87,255,2,253,283,3,280,150,4,146,132,3,129
S01008774,869,8,861,80,0,80,144,1,143,244,0,244,199,5,194,132,2,130,70,0,70
S01008775,467,13,454,55,1,54,59,0,59,94,6,88,128,3,125,79,2,77,52,1,51
S01008776,829,25,804,74,5,69,109,1,108,207,8,199,222,9,213,121,1,120,96,1,95
S01008777,990,21,969,41,3,38,105,1,104,216,6,210,252,4,248,223,6,217,153,1,152
S01008778,1043,17,1026,44,0,44,146,1,145,405,2,403,275,11,264,138,3,135,35,0,35
S01008779,683,3,680,21,0,21,92,1,91,272,2,270,180,0,180,87,0,87,31,0,31
S01008780,560,13,547,31,0,31,81,3,78,227,4,223,143,6,137,65,0,65,13,0,13
S01008781,840,17,823,53,2,51,112,1,111,368,11,357,202,3,199,82,0,82,23,0,23
S01008782,745,18,727,48,1,47,85,2,83,265,4,261,208,10,198,73,1,72,66,0,66
S01008783,392,4,388,26,0,26,31,0,31,163,3,160,108,1,107,57,0,57,7,0,7
S01008784,432,6,426,37,0,37,40,2,38,161,1,160,125,1,124,55,2,53,14,0,14
S01008785,821,7,814,89,0,89,109,3,106,224,2,222,172,2,170,104,0,104,123,0,123
S01008786,891,9,882,34,1,33,108,0,108,374,2,372,237,3,234,82,2,80,56,1,55
S01008787,342,4,338,62,0,62,54,1,53,71,0,71,86,1,85,33,1,32,36,1,35
S01008788,659,9,650,45,0,45,79,0,79,302,7,295,143,1,142,57,0,57,33,1,32
S01008789,638,7,631,56,1,55,52,0,52,131,2,129,121,1,120,102,2,100,176,1,175
S01008790,619,15,604,43,1,42,111,8,103,168,3,165,179,1,178,66,2,64,52,0,52
S01008791,851,16,835,72,2,70,145,7,138,336,6,330,167,0,167,88,0,88,43,1,42
S01008792,752,10,742,67,0,67,68,1,67,216,4,212,205,3,202,125,2,123,71,0,71
S01008793,416,7,409,28,0,28,74,1,73,100,1,99,88,2,86,54,3,51,72,0,72
S01008794,842,12,830,69,0,69,88,3,85,208,6,202,152,1,151,119,1,118,206,1,205
S01008795,1084,22,1062,84,1,83,166,6,160,401,6,395,252,6,246,106,2,104,75,1,74
S01008796,1065,15,1050,115,0,115,155,3,152,285,7,278,264,2,262,133,1,132,113,2,111
S01008797,930,26,904,42,1,41,119,2,117,304,13,291,251,5,246,102,3,99,112,2,110
S01008798,757,9,748,33,0,33,107,1,106,230,3,227,185,4,181,105,0,105,97,1,96
S01008799,636,14,622,71,1,70,136,2,134,239,4,235,130,7,123,33,0,33,27,0,27
S01008800,997,14,983,27,0,27,130,4,126,441,5,436,259,2,257,102,3,99,38,0,38
S01008801,902,13,889,32,0,32,126,1,125,395,7,388,210,2,208,94,1,93,45,2,43
S01008802,932,19,913,40,0,40,138,10,128,329,6,323,235,2,233,124,1,123,66,0,66
S01008803,929,18,911,67,0,67,136,2,134,301,6,295,231,8,223,116,2,114,78,0,78
S01008804,630,11,619,22,0,22,82,1,81,201,4,197,120,1,119,60,2,58,145,3,142
S01008805,609,15,594,20,0,20,168,4,164,236,5,231,101,4,97,42,1,41,42,1,41
S01008806,991,15,976,72,0,72,159,3,156,442,4,438,204,7,197,78,1,77,36,0,36
S01008807,776,18,758,34,0,34,100,3,97,264,4,260,207,6,201,108,3,105,63,2,61
S01008808,642,12,630,28,0,28,64,2,62,211,4,207,164,4,160,91,1,90,84,1,83
S01008809,625,10,615,55,0,55,117,4,113,132,2,130,145,2,143,99,1,98,77,1,76
S01008810,713,10,703,59,0,59,125,3,122,232,2,230,184,3,181,72,2,70,41,0,41
S01008811,828,27,801,34,1,33,199,13,186,262,4,258,167,3,164,113,4,109,53,2,51
S01008812,461,8,453,25,3,22,77,0,77,164,0,164,124,4,120,38,1,37,33,0,33
S01008813,940,16,924,112,2,110,116,2,114,213,4,209,255,5,250,163,3,160,81,0,81
S01008814,820,27,793,88,3,85,133,8,125,220,8,212,192,3,189,112,4,108,75,1,74
S01008815,874,18,856,68,1,67,96,7,89,307,5,302,246,4,242,109,0,109,48,1,47
S01008816,514,3,511,41,2,39,52,0,52,167,0,167,116,0,116,65,1,64,73,0,73
S01008817,731,12,719,73,0,73,71,2,69,265,4,261,174,4,170,105,2,103,43,0,43
S01008818,737,11,726,96,0,96,83,2,81,198,4,194,201,2,199,110,2,108,49,1,48
S01008819,730,13,717,84,3,81,42,1,41,162,4,158,200,2,198,121,2,119,121,1,120
S01008820,1074,26,1048,112,0,112,136,4,132,295,13,282,288,5,283,138,3,135,105,1,104
S01008821,677,7,670,127,0,127,78,0,78,85,3,82,182,1,181,146,3,143,59,0,59
S01008822,712,6,706,127,0,127,70,0,70,64,1,63,170,1,169,180,2,178,101,2,99
S01008823,648,2,646,92,0,92,43,0,43,73,1,72,152,0,152,139,1,138,149,0,149
S01008824,923,9,914,90,0,90,69,0,69,132,2,130,268,3,265,194,2,192,170,2,168
S01008825,586,6,580,74,0,74,31,0,31,101,0,101,150,2,148,123,4,119,107,0,107
S01008826,647,15,632,58,0,58,59,3,56,113,1,112,193,2,191,131,6,125,93,3,90
S01008827,708,7,701,138,0,138,45,1,44,43,1,42,172,3,169,166,0,166,144,2,142
S01008828,847,14,833,96,2,94,79,1,78,134,4,130,196,3,193,178,2,176,164,2,162
S01008829,687,6,681,123,0,123,58,0,58,76,2,74,163,1,162,129,3,126,138,0,138
S01008830,655,9,646,94,0,94,42,0,42,75,1,74,184,3,181,120,2,118,140,3,137
S01008831,751,10,741,93,0,93,64,1,63,34,1,33,181,3,178,167,3,164,212,2,210
S01008832,740,11,729,85,0,85,61,0,61,89,6,83,166,2,164,132,0,132,207,3,204
S01008833,966,12,954,103,0,103,85,1,84,167,3,164,237,1,236,150,5,145,224,2,222
S01008834,1092,8,1084,115,0,115,90,0,90,147,1,146,267,1,266,226,2,224,247,4,243
S01008835,784,5,779,89,0,89,69,0,69,75,2,73,176,0,176,201,0,201,174,3,171
S01008836,658,8,650,52,0,52,71,1,70,170,2,168,175,0,175,103,4,99,87,1,86
S01008837,980,20,960,41,2,39,105,1,104,403,9,394,262,6,256,110,2,108,59,0,59
S01008838,984,14,970,51,1,50,99,0,99,316,5,311,252,4,248,154,2,152,112,2,110
S01008839,990,17,973,72,0,72,132,5,127,268,6,262,262,4,258,155,1,154,101,1,100
S01008840,1017,9,1008,83,0,83,148,3,145,253,0,253,270,3,267,155,2,153,108,1,107
S01008841,544,11,533,42,1,41,73,1,72,171,3,168,134,2,132,71,3,68,53,1,52
S01008842,849,8,841,60,0,60,167,5,162,386,1,385,143,0,143,55,2,53,38,0,38
S01008843,961,17,944,49,0,49,225,8,217,349,4,345,195,2,193,89,1,88,54,2,52
S01008844,667,6,661,50,0,50,134,3,131,255,2,253,128,0,128,63,0,63,37,1,36
S01008845,832,9,823,37,0,37,251,3,248,267,2,265,150,3,147,80,1,79,47,0,47
S01008846,799,13,786,58,1,57,192,2,190,205,1,204,158,4,154,120,4,116,66,1,65
S01008847,568,11,557,31,2,29,144,2,142,168,6,162,127,0,127,57,1,56,41,0,41
S01008848,764,14,750,53,0,53,164,2,162,164,4,160,191,5,186,134,3,131,58,0,58
S01008849,711,11,700,48,0,48,138,0,138,180,5,175,159,2,157,100,2,98,86,2,84
S01008850,803,14,789,64,0,64,178,4,174,163,3,160,154,4,150,146,1,145,98,2,96
S01008851,1008,15,993,56,0,56,125,2,123,273,3,270,220,3,217,162,2,160,172,5,167
S01008852,980,9,971,96,0,96,147,0,147,142,2,140,220,0,220,206,4,202,169,3,166
S01008853,658,8,650,51,0,51,132,3,129,213,3,210,145,1,144,86,0,86,31,1,30
S01008854,888,13,875,42,0,42,193,0,193,242,8,234,194,3,191,139,1,138,78,1,77
S01008855,1031,16,1015,46,0,46,145,0,145,336,7,329,266,5,261,162,2,160,76,2,74
S01008856,546,8,538,39,0,39,72,1,71,209,4,205,140,2,138,53,1,52,33,0,33
S01008857,738,13,725,45,1,44,87,1,86,204,2,202,193,5,188,135,2,133,74,2,72
S01008858,536,9,527,37,0,37,43,0,43,127,3,124,132,5,127,115,0,115,82,1,81
S01008859,1088,18,1070,47,0,47,98,2,96,380,6,374,229,3,226,135,2,133,199,5,194
S01008860,864,7,857,58,0,58,116,0,116,259,4,255,201,0,201,130,2,128,100,1,99
S01008861,747,18,729,108,3,105,70,3,67,99,1,98,189,1,188,163,7,156,118,3,115
S01008862,865,9,856,37,1,36,77,2,75,318,3,315,206,2,204,145,1,144,82,0,82
S01008863,696,14,682,55,2,53,51,4,47,226,5,221,161,1,160,110,1,109,93,1,92
S01008864,1136,14,1122,256,0,256,318,7,311,154,2,152,196,3,193,78,1,77,134,1,133
S01008865,824,13,811,80,0,80,84,1,83,226,4,222,201,4,197,108,3,105,125,1,124
S01008866,770,21,749,59,6,53,63,2,61,240,3,237,219,5,214,108,3,105,81,2,79
S01008867,765,9,756,68,0,68,53,0,53,151,1,150,200,5,195,159,2,157,134,1,133
S01008868,758,14,744,30,0,30,180,2,178,270,2,268,144,5,139,96,4,92,38,1,37
S01008869,975,22,953,38,3,35,77,1,76,231,5,226,245,4,241,212,5,207,172,4,168
S01008870,752,13,739,55,0,55,50,2,48,183,7,176,187,2,185,149,2,147,128,0,128
S01008871,1045,19,1026,72,5,67,247,4,243,213,3,210,219,3,216,199,2,197,95,2,93
S01008872,823,11,812,56,0,56,196,4,192,195,3,192,198,1,197,109,0,109,69,3,66
S01008873,665,5,660,77,0,77,65,0,65,108,2,106,149,1,148,170,0,170,96,2,94
S01008874,822,6,816,48,0,48,74,0,74,198,1,197,223,2,221,139,0,139,140,3,137
S01008875,795,12,783,39,0,39,102,0,102,264,7,257,174,1,173,83,2,81,133,2,131
S01008876,567,4,563,70,0,70,43,0,43,37,0,37,136,2,134,117,0,117,164,2,162
S01008877,521,12,509,77,5,72,46,1,45,78,0,78,140,4,136,85,2,83,95,0,95
S01008878,887,11,876,109,2,107,61,1,60,102,2,100,186,4,182,196,0,196,233,2,231
S01008879,781,7,774,85,0,85,69,1,68,92,0,92,202,1,201,173,5,168,160,0,160
S01008880,600,11,589,67,2,65,50,1,49,65,0,65,139,2,137,154,3,151,125,3,122
S01008881,574,6,568,56,0,56,31,0,31,47,0,47,121,3,118,114,0,114,205,3,202
S01008882,1049,13,1036,198,0,198,121,2,119,60,1,59,269,4,265,236,1,235,165,5,160
S01008883,945,13,932,155,0,155,67,0,67,37,0,37,189,4,185,203,7,196,294,2,292
S01008884,690,5,685,100,0,100,52,0,52,22,0,22,127,1,126,160,1,159,229,3,226
S01008885,866,8,858,186,0,186,69,1,68,38,2,36,212,1,211,205,3,202,156,1,155
S01008886,820,3,817,108,0,108,101,0,101,133,0,133,136,0,136,193,2,191,149,1,148
S01008887,739,5,734,96,0,96,60,0,60,79,2,77,165,2,163,176,0,176,163,1,162
S01008888,569,11,558,27,0,27,63,0,63,155,3,152,130,2,128,114,3,111,80,3,77
S01008889,514,7,507,55,0,55,59,0,59,87,0,87,110,2,108,98,2,96,105,3,102
S01008890,694,6,688,95,0,95,55,0,55,41,0,41,164,4,160,163,1,162,176,1,175
S01008891,740,10,730,112,0,112,52,1,51,38,0,38,164,2,162,190,7,183,184,0,184
S01008892,944,10,934,107,1,106,73,0,73,134,0,134,189,3,186,188,4,184,253,2,251
S01008893,872,9,863,148,0,148,69,0,69,53,0,53,237,3,234,175,3,172,190,3,187
S01008894,835,12,823,147,0,147,68,0,68,37,0,37,204,4,200,207,4,203,172,4,168
S01008895,778,4,774,146,0,146,33,0,33,35,0,35,188,4,184,138,0,138,238,0,238
S01008896,542,1,541,132,0,132,29,0,29,40,0,40,174,1,173,94,0,94,73,0,73
S01008897,670,1,669,119,0,119,37,0,37,56,0,56,146,0,146,146,1,145,166,0,166
S01008898,838,2,836,149,0,149,70,0,70,42,0,42,188,1,187,203,1,202,186,0,186
S01008899,806,7,799,137,1,136,98,0,98,109,1,108,180,2,178,133,0,133,149,3,146
S01008900,908,6,902,119,3,116,120,0,120,139,0,139,196,1,195,177,1,176,157,1,156
S01008901,824,7,817,139,0,139,90,0,90,82,2,80,184,0,184,169,3,166,160,2,158
S01008902,973,9,964,142,1,141,129,0,129,185,5,180,209,1,208,163,2,161,145,0,145
S01008903,932,7,925,121,0,121,81,1,80,94,2,92,215,1,214,196,3,193,225,0,225
S01008904,1011,8,1003,201,0,201,154,3,151,182,3,179,239,1,238,144,0,144,91,1,90
S01008905,1053,4,1049,210,0,210,147,0,147,194,2,192,255,1,254,157,1,156,90,0,90
S01008906,765,12,753,149,0,149,95,2,93,173,3,170,195,4,191,116,3,113,37,0,37
S01008907,640,9,631,203,1,202,87,4,83,99,1,98,119,3,116,73,0,73,59,0,59
S01008908,883,14,869,166,0,166,113,3,110,133,5,128,213,5,208,147,0,147,111,1,110
S01008909,764,5,759,125,0,125,107,0,107,101,2,99,171,2,169,161,1,160,99,0,99
S01008910,452,1,451,78,0,78,63,0,63,85,1,84,108,0,108,62,0,62,56,0,56
S01008911,853,10,843,66,0,66,128,1,127,342,4,338,156,0,156,76,2,74,85,3,82
S01008912,759,4,755,119,1,118,67,0,67,87,0,87,194,3,191,170,0,170,122,0,122
S01008913,622,1,621,108,0,108,70,0,70,140,1,139,180,0,180,77,0,77,47,0,47
S01008914,848,11,837,109,2,107,85,2,83,80,1,79,208,1,207,165,2,163,201,3,198
S01008915,554,7,547,91,0,91,73,2,71,48,0,48,121,2,119,112,2,110,109,1,108
S01008916,1057,8,1049,151,2,149,81,0,81,139,0,139,213,2,211,221,2,219,252,2,250
S01008917,655,17,638,93,1,92,90,2,88,125,3,122,162,7,155,105,4,101,80,0,80
S01008918,541,9,532,118,0,118,68,3,65,127,2,125,131,1,130,72,3,69,25,0,25
S01008919,500,11,489,96,1,95,68,4,64,110,3,107,128,3,125,67,0,67,31,0,31
S01008920,1016,13,1003,68,3,65,143,2,141,376,4,372,270,3,267,117,1,116,42,0,42
S01008921,708,11,697,119,3,116,86,1,85,130,1,129,161,3,158,117,3,114,95,0,95
S01008922,763,7,756,115,0,115,80,0,80,126,1,125,172,2,170,140,3,137,130,1,129
S01008923,706,4,702,95,1,94,78,2,76,120,0,120,142,1,141,143,0,143,128,0,128
S01008924,940,2,938,236,1,235,137,0,137,135,0,135,199,1,198,167,0,167,66,0,66
S01008925,646,3,643,144,1,143,87,0,87,136,0,136,141,1,140,108,1,107,30,0,30
S01008926,581,4,577,106,0,106,68,1,67,113,1,112,139,2,137,106,0,106,49,0,49
S01008927,727,6,721,70,0,70,111,0,111,316,3,313,139,2,137,70,1,69,21,0,21
S01008928,681,9,672,53,0,53,137,2,135,150,1,149,87,4,83,90,1,89,164,1,163
S01008929,708,12,696,77,0,77,129,1,128,137,3,134,175,4,171,139,3,136,51,1,50
S01008930,877,5,872,194,1,193,106,0,106,134,0,134,193,3,190,152,1,151,98,0,98
S01008931,745,3,742,151,0,151,113,0,113,88,0,88,171,1,170,126,1,125,96,1,95
S01008932,812,6,806,118,1,117,128,1,127,250,1,249,178,2,176,76,1,75,62,0,62
S01008933,647,5,642,142,0,142,96,0,96,121,2,119,153,1,152,97,0,97,38,2,36
S01008934,746,11,735,152,5,147,100,0,100,118,1,117,196,3,193,110,1,109,70,1,69
S01008935,861,5,856,129,0,129,94,0,94,74,0,74,187,1,186,166,2,164,211,2,209
S01008936,383,4,379,83,0,83,19,0,19,23,0,23,105,2,103,74,1,73,79,1,78
S01008937,804,12,792,110,1,109,68,1,67,86,1,85,199,3,196,149,5,144,192,1,191
S01008938,720,8,712,137,2,135,68,0,68,34,0,34,198,3,195,119,3,116,164,0,164
S01008939,759,8,751,100,2,98,98,0,98,43,0,43,157,2,155,160,2,158,201,2,199
S01008940,620,4,616,112,0,112,39,0,39,27,0,27,127,0,127,133,0,133,182,4,178
S01008941,840,1,839,181,0,181,47,0,47,56,0,56,219,1,218,147,0,147,190,0,190
S01008942,706,9,697,125,0,125,57,0,57,65,1,64,189,1,188,139,3,136,131,4,127
S01008943,869,8,861,197,0,197,55,0,55,38,0,38,176,1,175,186,3,183,217,4,213
S01008944,989,5,984,180,0,180,60,0,60,48,1,47,207,0,207,237,1,236,257,3,254
S01008945,757,15,742,127,3,124,61,0,61,46,0,46,163,4,159,215,3,212,145,5,140
S01008946,889,8,881,120,0,120,79,1,78,46,1,45,178,2,176,222,1,221,244,3,241
S01008947,1040,6,1034,170,0,170,81,0,81,59,1,58,217,0,217,211,1,210,302,4,298
S01008948,677,5,672,104,1,103,62,0,62,64,0,64,174,2,172,172,2,170,101,0,101
S01008949,888,3,885,136,0,136,107,0,107,85,0,85,220,0,220,154,2,152,186,1,185
S01008950,904,8,896,129,0,129,109,1,108,77,0,77,212,5,207,172,1,171,205,1,204
S01008951,792,8,784,84,0,84,79,2,77,158,0,158,166,3,163,141,2,139,164,1,163
S01008952,768,11,757,105,0,105,111,1,110,149,3,146,163,5,158,133,1,132,107,1,106
S01008953,883,6,877,131,0,131,111,0,111,92,0,92,195,2,193,158,2,156,196,2,194
S01008954,853,9,844,106,0,106,68,0,68,110,0,110,171,3,168,135,3,132,263,3,260
S01008955,619,6,613,92,0,92,69,0,69,71,1,70,142,0,142,147,1,146,98,4,94
S01008956,842,12,830,115,3,112,99,1,98,139,2,137,202,6,196,203,0,203,84,0,84
S01008957,976,15,961,167,0,167,109,3,106,113,2,111,220,4,216,206,3,203,161,3,158
S01008958,697,4,693,92,0,92,54,0,54,103,0,103,159,0,159,143,1,142,146,3,143
S01008959,838,3,835,119,0,119,94,0,94,97,0,97,176,1,175,218,1,217,134,1,133
S01008960,867,4,863,195,0,195,95,0,95,108,0,108,272,2,270,167,2,165,30,0,30
S01008961,690,8,682,89,0,89,87,1,86,98,0,98,158,3,155,156,2,154,102,2,100
S01008962,595,6,589,65,2,63,46,0,46,81,1,80,128,3,125,170,0,170,105,0,105
S01008963,756,3,753,86,0,86,65,0,65,52,0,52,164,1,163,193,0,193,196,2,194
S01008964,512,7,505,75,2,73,60,0,60,26,0,26,108,2,106,99,0,99,144,3,141
S01008965,725,11,714,97,1,96,54,0,54,31,2,29,137,3,134,183,3,180,223,2,221
S01008966,564,1,563,81,0,81,51,0,51,44,0,44,114,0,114,146,0,146,128,1,127
S01008967,1019,11,1008,171,1,170,54,1,53,72,1,71,231,2,229,238,2,236,253,4,249
S01008968,956,11,945,132,1,131,94,1,93,69,2,67,220,3,217,223,2,221,218,2,216
S01008969,1047,10,1037,150,0,150,89,0,89,99,0,99,231,1,230,228,4,224,250,5,245
S01008970,974,11,963,136,0,136,87,1,86,88,2,86,257,2,255,222,2,220,184,4,180
S01008971,666,3,663,98,0,98,58,0,58,56,1,55,154,0,154,188,2,186,112,0,112
S01008972,772,8,764,139,0,139,61,0,61,57,1,56,188,3,185,152,2,150,175,2,173
S01008973,787,6,781,60,0,60,48,1,47,118,2,116,138,1,137,205,2,203,218,0,218
S01008974,768,13,755,116,3,113,60,0,60,118,4,114,156,5,151,135,0,135,183,1,182
S01008975,715,9,706,58,0,58,57,0,57,82,3,79,118,1,117,100,1,99,300,4,296
S01008976,498,6,492,72,0,72,45,0,45,30,0,30,138,2,136,107,2,105,106,2,104
S01008977,590,5,585,76,1,75,42,0,42,52,0,52,128,1,127,166,1,165,126,2,124
S01008978,558,4,554,85,0,85,69,1,68,86,0,86,129,1,128,108,0,108,81,2,79
S01008979,698,3,695,125,0,125,118,1,117,144,0,144,174,1,173,89,1,88,48,0,48
S01008980,793,14,779,173,7,166,99,0,99,146,0,146,186,7,179,123,0,123,66,0,66
S01008981,687,16,671,86,6,80,35,0,35,57,1,56,129,3,126,166,6,160,214,0,214
S01008982,751,19,732,122,4,118,98,4,94,138,2,136,168,4,164,133,4,129,92,1,91
S01008983,608,2,606,79,0,79,101,1,100,172,0,172,139,0,139,90,1,89,27,0,27
S01008984,481,2,479,91,0,91,49,0,49,98,0,98,102,2,100,88,0,88,53,0,53
S01008985,650,7,643,65,0,65,89,0,89,131,3,128,120,1,119,132,1,131,113,2,111
S01008986,774,9,765,113,2,111,60,0,60,79,0,79,133,2,131,195,2,193,194,3,191
S01008987,803,4,799,93,0,93,96,0,96,52,0,52,148,1,147,220,2,218,194,1,193
S01008988,1026,9,1017,98,2,96,98,0,98,167,2,165,186,1,185,154,1,153,323,3,320
S01008989,623,9,614,66,0,66,80,1,79,148,5,143,176,1,175,115,2,113,38,0,38
S01008990,703,10,693,60,2,58,79,0,79,188,6,182,167,0,167,162,1,161,47,1,46
S01008991,896,5,891,138,0,138,123,1,122,119,2,117,288,1,287,174,1,173,54,0,54
S01008992,543,2,541,56,0,56,58,0,58,76,0,76,117,0,117,130,1,129,106,1,105
S01008993,1045,8,1037,165,0,165,103,0,103,101,0,101,266,3,263,216,3,213,194,2,192
S01008994,743,7,736,115,0,115,84,0,84,81,0,81,179,4,175,152,1,151,132,2,130
S01008995,828,2,826,129,0,129,84,0,84,78,0,78,193,0,193,235,1,234,109,1,108
S01008996,547,5,542,64,0,64,60,0,60,52,0,52,125,2,123,128,1,127,118,2,116
S01008997,937,6,931,157,0,157,81,0,81,105,2,103,290,1,289,191,2,189,113,1,112
S01008998,604,4,600,140,0,140,104,1,103,88,0,88,128,1,127,102,2,100,42,0,42
S01008999,832,3,829,124,0,124,68,0,68,84,0,84,154,0,154,190,1,189,212,2,210
S01009000,886,11,875,129,0,129,70,0,70,80,0,80,185,3,182,246,7,239,176,1,175
S01009001,861,7,854,208,2,206,62,1,61,50,0,50,248,1,247,155,3,152,138,0,138
S01009002,781,10,771,124,0,124,65,0,65,93,2,91,221,5,216,147,1,146,131,2,129
S01009003,921,13,908,170,0,170,77,1,76,88,2,86,248,5,243,216,4,212,122,1,121
S01009004,652,3,649,118,0,118,65,0,65,78,0,78,157,2,155,148,0,148,86,1,85
S01009005,698,9,689,108,0,108,65,0,65,113,3,110,158,2,156,138,2,136,116,2,114
S01009006,728,7,721,126,0,126,77,1,76,99,0,99,160,3,157,135,2,133,131,1,130
S01009007,667,6,661,115,0,115,68,0,68,93,4,89,160,2,158,120,0,120,111,0,111
S01009008,897,10,887,117,0,117,67,0,67,87,0,87,205,4,201,206,4,202,215,2,213
S01009009,454,5,449,73,0,73,37,0,37,87,2,85,83,2,81,75,1,74,99,0,99
S01009010,984,6,978,164,0,164,122,0,122,128,0,128,255,2,253,225,4,221,90,0,90
S01009011,831,3,828,139,0,139,113,0,113,96,2,94,240,1,239,194,0,194,49,0,49
S01009012,731,5,726,122,0,122,67,0,67,89,0,89,189,1,188,183,2,181,81,2,79
S01009013,862,5,857,123,1,122,94,0,94,70,0,70,228,0,228,250,2,248,97,2,95
S01009014,598,411,187,101,66,35,55,33,22,58,34,24,151,105,46,118,82,36,115,91,24
S01009015,624,460,164,113,71,42,36,23,13,49,31,18,131,100,31,144,111,33,151,124,27
S01009016,516,412,104,80,68,12,37,28,9,28,26,2,102,74,28,136,104,32,133,112,21
S01009017,599,427,172,100,72,28,51,30,21,57,42,15,142,109,33,137,93,44,112,81,31
S01009018,724,535,189,123,83,40,72,50,22,63,54,9,146,108,38,203,148,55,117,92,25
S01009019,500,341,159,79,44,35,38,27,11,58,32,26,111,79,32,131,88,43,83,71,12
S01009020,783,459,324,148,79,69,83,53,30,107,61,46,182,98,84,163,102,61,100,66,34
S01009021,711,509,202,77,53,24,58,43,15,48,29,19,150,107,43,202,141,61,176,136,40
S01009022,868,568,300,80,45,35,84,55,29,54,33,21,171,115,56,232,140,92,247,180,67
S01009023,914,571,343,104,52,52,84,54,30,41,24,17,196,117,79,227,130,97,262,194,68
S01009024,955,685,270,111,81,30,65,37,28,77,50,27,190,132,58,224,160,64,288,225,63
S01009025,889,563,326,128,75,53,68,32,36,54,32,22,203,130,73,223,132,91,213,162,51
S01009026,873,529,344,103,38,65,71,30,41,81,49,32,190,97,93,206,138,68,222,177,45
S01009027,760,460,300,90,48,42,52,27,25,30,19,11,181,97,84,213,123,90,194,146,48
S01009028,484,323,161,54,38,16,41,27,14,37,25,12,97,57,40,133,79,54,122,97,25
S01009029,615,413,202,86,55,31,55,33,22,39,20,19,131,74,57,159,104,55,145,127,18
S01009030,720,494,226,109,59,50,73,37,36,56,31,25,151,98,53,188,141,47,143,128,15
S01009031,737,541,196,81,55,26,60,44,16,85,60,25,157,101,56,181,131,50,173,150,23
S01009032,646,474,172,87,63,24,45,25,20,67,45,22,109,82,27,147,105,42,191,154,37
S01009033,778,552,226,121,81,40,62,41,21,58,38,20,165,110,55,171,119,52,201,163,38
S01009034,694,449,245,136,65,71,52,30,22,60,32,28,144,84,60,132,92,40,170,146,24
S01009035,907,599,308,147,83,64,82,41,41,103,63,40,189,118,71,204,152,52,182,142,40
S01009036,1029,557,472,215,81,134,106,56,50,143,72,71,224,133,91,202,115,87,139,100,39
S01009037,866,484,382,161,50,111,88,43,45,113,53,60,226,134,92,151,103,48,127,101,26
S01009038,1054,531,523,186,60,126,123,46,77,115,54,61,258,135,123,208,111,97,164,125,39
S01009039,640,300,340,105,37,68,79,23,56,88,28,60,144,62,82,132,87,45,92,63,29
S01009040,639,330,309,79,25,54,87,28,59,78,34,44,118,65,53,125,67,58,152,111,41
S01009041,850,442,408,85,39,46,86,38,48,112,52,60,178,82,96,160,72,88,229,159,70
S01009042,822,399,423,98,29,69,96,28,68,108,37,71,167,76,91,174,97,77,179,132,47
S01009043,610,287,323,63,17,46,56,15,41,71,25,46,129,53,76,158,78,80,133,99,34
S01009044,847,447,400,98,30,68,73,31,42,84,34,50,146,73,73,155,77,78,291,202,89
S01009045,642,339,303,86,23,63,58,18,40,78,30,48,141,74,67,137,87,50,142,107,35
S01009046,850,404,446,140,29,111,84,32,52,92,43,49,202,95,107,171,97,74,161,108,53
S01009047,777,419,358,129,40,89,74,34,40,89,37,52,190,107,83,168,102,66,127,99,28
S01009048,811,471,340,125,52,73,70,32,38,85,37,48,153,89,64,223,140,83,155,121,34
S01009049,597,304,293,95,29,66,28,10,18,69,34,35,124,51,73,143,73,70,138,107,31
S01009050,768,10,758,92,3,89,49,0,49,101,1,100,185,4,181,173,1,172,168,1,167
S01009051,737,5,732,173,1,172,78,0,78,95,1,94,196,1,195,105,2,103,90,0,90
S01009052,585,8,577,46,2,44,69,0,69,67,0,67,121,1,120,136,4,132,146,1,145
S01009053,517,3,514,93,0,93,84,2,82,67,1,66,122,0,122,95,0,95,56,0,56
S01009054,560,3,557,80,0,80,62,0,62,66,1,65,116,1,115,147,1,146,89,0,89
S01009055,782,4,778,89,0,89,66,0,66,81,0,81,186,1,185,214,1,213,146,2,144
S01009056,535,0,535,103,0,103,71,0,71,60,0,60,121,0,121,116,0,116,64,0,64
S01009057,532,4,528,71,0,71,75,0,75,82,1,81,110,0,110,98,2,96,96,1,95
S01009058,759,2,757,85,0,85,85,0,85,105,0,105,166,2,164,143,0,143,175,0,175
S01009059,859,5,854,159,0,159,103,0,103,127,1,126,249,2,247,138,2,136,83,0,83
S01009060,535,2,533,124,1,123,50,0,50,67,0,67,178,0,178,83,1,82,33,0,33
S01009061,782,7,775,132,1,131,81,1,80,108,1,107,190,0,190,167,2,165,104,2,102
S01009062,626,3,623,88,0,88,59,0,59,67,0,67,121,0,121,156,2,154,135,1,134
S01009063,708,4,704,94,0,94,81,0,81,67,0,67,162,3,159,170,0,170,134,1,133
S01009064,557,4,553,84,1,83,69,0,69,87,1,86,117,2,115,86,0,86,114,0,114
S01009065,652,2,650,108,0,108,91,0,91,100,0,100,142,1,141,88,0,88,123,1,122
S01009066,672,6,666,78,0,78,75,0,75,91,1,90,143,0,143,140,1,139,145,4,141
S01009067,822,8,814,173,2,171,90,1,89,101,1,100,255,1,254,157,3,154,46,0,46
S01009068,859,3,856,127,0,127,107,0,107,114,0,114,195,2,193,186,0,186,130,1,129
S01009069,611,6,605,86,1,85,64,0,64,58,0,58,147,2,145,200,1,199,56,2,54
S01009070,611,3,608,86,0,86,62,0,62,75,1,74,130,1,129,171,1,170,87,0,87
S01009071,490,4,486,77,0,77,37,0,37,34,0,34,140,3,137,119,1,118,83,0,83
S01009072,504,2,502,91,0,91,54,0,54,51,0,51,147,1,146,98,0,98,63,1,62
S01009073,642,4,638,103,1,102,71,0,71,58,0,58,126,1,125,116,1,115,168,1,167
S01009074,699,3,696,117,1,116,81,0,81,97,0,97,154,0,154,140,1,139,110,1,109
S01009075,526,4,522,73,1,72,49,0,49,49,0,49,127,1,126,136,2,134,92,0,92
S01009076,890,4,886,122,2,120,102,0,102,148,0,148,212,0,212,236,2,234,70,0,70
S01009077,607,4,603,86,0,86,73,0,73,80,0,80,105,1,104,166,3,163,97,0,97
S01009078,771,8,763,200,2,198,56,0,56,122,0,122,273,5,268,97,1,96,23,0,23
S01009079,862,7,855,105,1,104,100,0,100,91,0,91,172,4,168,189,2,187,205,0,205
S01009080,910,3,907,135,0,135,88,0,88,96,0,96,178,1,177,240,1,239,173,1,172
S01009081,641,0,641,76,0,76,53,0,53,77,0,77,150,0,150,145,0,145,140,0,140
S01009082,987,10,977,155,1,154,101,0,101,114,1,113,235,3,232,208,4,204,174,1,173
S01009083,751,6,745,126,0,126,59,2,57,108,3,105,170,1,169,177,0,177,111,0,111
S01009084,498,6,492,113,2,111,38,0,38,59,0,59,143,1,142,86,2,84,59,1,58
S01009085,777,7,770,202,2,200,77,1,76,144,0,144,266,3,263,75,0,75,13,1,12
S01009086,678,8,670,114,0,114,52,0,52,98,1,97,174,2,172,143,4,139,97,1,96
S01009087,557,5,552,83,0,83,70,1,69,54,0,54,161,2,159,102,2,100,87,0,87
S01009088,989,5,984,151,1,150,97,0,97,97,0,97,243,1,242,241,2,239,160,1,159
S01009089,916,8,908,224,4,220,84,1,83,90,0,90,336,2,334,125,0,125,57,1,56
S01009090,762,8,754,119,1,118,72,1,71,240,4,236,224,1,223,71,1,70,36,0,36
S01009091,682,13,669,206,9,197,57,0,57,57,0,57,274,4,270,75,0,75,13,0,13
S01009092,1016,6,1010,144,0,144,96,2,94,132,2,130,225,0,225,207,1,206,212,1,211
S01009093,727,12,715,127,3,124,104,1,103,134,2,132,149,1,148,127,2,125,86,3,83
S01009094,670,4,666,94,0,94,45,0,45,34,0,34,156,1,155,132,1,131,209,2,207
S01009095,775,8,767,111,1,110,68,0,68,78,0,78,190,5,185,189,1,188,139,1,138
S01009096,946,9,937,167,1,166,78,0,78,151,2,149,279,4,275,112,2,110,159,0,159
S01009097,866,4,862,167,0,167,88,0,88,86,0,86,277,2,275,163,1,162,85,1,84
S01009098,511,4,507,85,0,85,45,0,45,25,0,25,127,0,127,128,3,125,101,1,100
S01009099,739,11,728,77,4,73,73,0,73,73,0,73,166,3,163,165,2,163,185,2,183
S01009100,750,6,744,99,1,98,65,1,64,99,2,97,137,0,137,160,1,159,190,1,189
S01009101,907,10,897,144,2,142,133,2,131,97,2,95,210,1,209,187,1,186,136,2,134
S01009102,780,4,776,180,0,180,114,0,114,108,0,108,179,1,178,140,3,137,59,0,59
S01009103,558,7,551,71,2,69,63,0,63,30,1,29,130,2,128,150,0,150,114,2,112
S01009104,756,6,750,106,2,104,83,0,83,94,1,93,166,0,166,181,2,179,126,1,125
S01009105,774,13,761,135,1,134,85,1,84,85,1,84,208,4,204,150,4,146,111,2,109
S01009106,533,3,530,76,2,74,45,0,45,83,1,82,125,0,125,96,0,96,108,0,108
S01009107,814,5,809,142,0,142,77,0,77,105,1,104,215,3,212,170,1,169,105,0,105
S01009108,694,2,692,82,1,81,70,0,70,77,0,77,148,1,147,170,0,170,147,0,147
S01009109,662,12,650,93,4,89,81,1,80,43,0,43,149,2,147,216,4,212,80,1,79
S01009110,588,6,582,89,2,87,51,0,51,63,1,62,136,1,135,120,0,120,129,2,127
S01009111,811,8,803,113,0,113,106,3,103,105,1,104,203,2,201,212,2,210,72,0,72
S01009112,544,3,541,74,0,74,42,0,42,27,0,27,141,0,141,130,2,128,130,1,129
S01009113,912,11,901,122,2,120,95,3,92,86,0,86,198,4,194,199,1,198,212,1,211
S01009114,759,9,750,144,2,142,94,1,93,87,0,87,253,3,250,119,2,117,62,1,61
S01009115,560,3,557,86,1,85,77,0,77,83,1,82,139,0,139,115,1,114,60,0,60
S01009116,458,1,457,53,0,53,55,0,55,33,0,33,109,0,109,135,0,135,73,1,72
S01009117,822,7,815,151,1,150,67,1,66,143,0,143,231,4,227,129,0,129,101,1,100
S01009118,607,1,606,136,1,135,74,0,74,66,0,66,201,0,201,95,0,95,35,0,35
S01009119,722,1,721,122,0,122,86,0,86,94,0,94,157,0,157,149,1,148,114,0,114
S01009120,517,5,512,73,0,73,65,0,65,76,2,74,115,1,114,111,1,110,77,1,76
S01009121,785,6,779,95,0,95,87,1,86,127,2,125,167,2,165,167,1,166,142,0,142
S01009122,898,11,887,120,1,119,91,0,91,87,1,86,209,7,202,235,1,234,156,1,155
S01009123,548,3,545,102,1,101,56,0,56,68,0,68,159,1,158,114,1,113,49,0,49
S01009124,553,5,548,146,1,145,30,0,30,80,1,79,159,2,157,85,0,85,53,1,52
S01009125,700,8,692,92,0,92,53,0,53,59,0,59,145,2,143,152,4,148,199,2,197
S01009126,551,4,547,90,0,90,102,1,101,74,0,74,122,1,121,96,2,94,67,0,67
S01009127,581,8,573,118,0,118,90,2,88,88,3,85,135,2,133,106,0,106,44,1,43
S01009128,773,6,767,86,0,86,103,1,102,101,0,101,165,1,164,147,1,146,171,3,168
S01009129,474,1,473,88,0,88,62,0,62,56,0,56,123,0,123,89,1,88,56,0,56
S01009130,613,2,611,109,0,109,81,0,81,102,2,100,178,0,178,82,0,82,61,0,61
S01009131,465,7,458,52,1,51,57,0,57,64,3,61,102,1,101,93,0,93,97,2,95
S01009132,781,6,775,148,1,147,87,2,85,114,1,113,230,2,228,152,0,152,50,0,50
S01009133,544,7,537,64,1,63,52,0,52,99,2,97,141,1,140,109,3,106,79,0,79
S01009134,886,11,875,122,2,120,90,0,90,90,1,89,245,4,241,174,1,173,165,3,162
S01009135,545,5,540,98,1,97,74,1,73,109,0,109,166,3,163,77,0,77,21,0,21
S01009136,743,8,735,123,4,119,80,2,78,100,0,100,209,1,208,83,0,83,148,1,147
S01009137,576,3,573,139,1,138,58,0,58,99,0,99,213,2,211,55,0,55,12,0,12
S01009138,817,2,815,105,1,104,75,1,74,138,0,138,226,0,226,181,0,181,92,0,92
S01009139,392,4,388,42,0,42,49,0,49,83,2,81,107,0,107,77,2,75,34,0,34
S01009140,682,6,676,66,0,66,87,2,85,116,0,116,172,3,169,138,0,138,103,1,102
S01009141,798,15,783,79,3,76,62,0,62,149,1,148,209,5,204,154,4,150,145,2,143
S01009142,589,5,584,41,0,41,69,2,67,101,0,101,155,0,155,114,3,111,109,0,109
S01009143,580,4,576,79,0,79,73,0,73,65,0,65,127,1,126,108,1,107,128,2,126
S01009144,630,3,627,88,1,87,88,0,88,180,1,179,181,1,180,71,0,71,22,0,22
S01009145,1016,3,1013,133,0,133,83,0,83,126,1,125,205,0,205,220,2,218,249,0,249
S01009146,874,7,867,116,0,116,122,0,122,151,0,151,198,4,194,159,1,158,128,2,126
S01009147,793,6,787,145,0,145,92,3,89,123,1,122,186,0,186,116,2,114,131,0,131
S01009148,676,3,673,127,0,127,100,1,99,55,0,55,168,1,167,125,1,124,101,0,101
S01009149,773,7,766,91,0,91,80,0,80,116,1,115,184,2,182,166,2,164,136,2,134
S01009150,746,5,741,1,0,1,1,0,1,6,0,6,29,0,29,158,4,154,551,1,550
S01009151,870,5,865,104,0,104,75,0,75,87,2,85,163,1,162,136,0,136,305,2,303
S01009152,655,2,653,30,0,30,57,0,57,94,0,94,118,1,117,126,0,126,230,1,229
S01009153,456,3,453,36,0,36,49,1,48,113,1,112,107,0,107,77,0,77,74,1,73
S01009154,947,6,941,95,0,95,87,0,87,109,1,108,214,2,212,163,2,161,279,1,278
S01009155,553,6,547,103,1,102,37,0,37,36,0,36,161,1,160,110,0,110,106,4,102
S01009156,528,4,524,67,0,67,50,0,50,37,2,35,128,1,127,125,0,125,121,1,120
S01009157,816,7,809,132,1,131,73,0,73,76,0,76,206,5,201,167,1,166,162,0,162
S01009158,540,8,532,75,2,73,45,0,45,111,1,110,108,0,108,82,1,81,119,4,115
S01009159,495,3,492,96,0,96,67,0,67,50,0,50,125,2,123,92,1,91,65,0,65
S01009160,655,11,644,72,1,71,59,2,57,93,3,90,154,0,154,125,5,120,152,0,152
S01009161,622,7,615,79,0,79,78,0,78,84,1,83,123,1,122,113,2,111,145,3,142
S01009162,686,3,683,43,1,42,74,0,74,106,2,104,185,0,185,149,0,149,129,0,129
S01009163,475,3,472,35,0,35,55,0,55,52,0,52,100,2,98,106,1,105,127,0,127
S01009164,719,5,714,121,0,121,83,2,81,99,0,99,165,2,163,134,1,133,117,0,117
S01009165,697,3,694,106,0,106,108,0,108,101,0,101,166,3,163,119,0,119,97,0,97
S01009166,803,5,798,130,1,129,110,1,109,105,2,103,184,1,183,163,0,163,111,0,111
S01009167,535,0,535,125,0,125,64,0,64,69,0,69,132,0,132,84,0,84,61,0,61
S01009168,623,2,621,61,0,61,60,1,59,52,0,52,117,0,117,173,1,172,160,0,160
S01009169,747,6,741,58,1,57,57,0,57,70,2,68,96,1,95,159,1,158,307,1,306
S01009170,652,4,648,123,2,121,75,0,75,88,1,87,159,1,158,135,0,135,72,0,72
S01009171,637,6,631,108,1,107,59,0,59,120,0,120,156,1,155,133,2,131,61,2,59
S01009172,639,4,635,83,0,83,71,1,70,57,0,57,170,0,170,148,2,146,110,1,109
S01009173,739,4,735,113,1,112,64,0,64,72,0,72,193,2,191,179,1,178,118,0,118
S01009174,443,3,440,97,1,96,34,0,34,78,0,78,174,0,174,48,0,48,12,2,10
S01009175,812,7,805,175,1,174,76,0,76,97,2,95,265,4,261,167,0,167,32,0,32
S01009176,957,12,945,156,1,155,61,0,61,65,1,64,247,4,243,204,1,203,224,5,219
S01009177,791,15,776,143,0,143,96,3,93,121,0,121,161,5,156,202,6,196,68,1,67
S01009178,701,8,693,133,0,133,98,0,98,119,1,118,162,4,158,131,2,129,58,1,57
S01009179,658,7,651,119,0,119,74,1,73,93,0,93,132,1,131,178,3,175,62,2,60
S01009180,940,4,936,135,1,134,112,0,112,138,1,137,191,1,190,206,1,205,158,0,158
S01009181,830,0,830,139,0,139,89,0,89,88,0,88,205,0,205,158,0,158,151,0,151
S01009182,979,9,970,171,0,171,98,1,97,117,0,117,254,4,250,207,2,205,132,2,130
S01009183,720,12,708,122,1,121,93,3,90,106,2,104,186,2,184,166,3,163,47,1,46
S01009184,841,9,832,148,0,148,84,0,84,90,2,88,195,3,192,164,2,162,160,2,158
S01009185,862,4,858,166,1,165,117,1,116,75,1,74,205,0,205,184,1,183,115,0,115
S01009186,782,6,776,126,0,126,95,0,95,101,1,100,203,2,201,131,1,130,126,2,124
S01009187,496,3,493,78,0,78,32,0,32,39,0,39,121,1,120,138,1,137,88,1,87
S01009188,861,6,855,148,1,147,89,0,89,90,0,90,224,1,223,181,2,179,129,2,127
S01009189,741,5,736,131,1,130,88,2,86,97,1,96,146,1,145,166,0,166,113,0,113
S01009190,771,5,766,132,0,132,69,0,69,127,2,125,220,1,219,145,2,143,78,0,78
S01009191,692,3,689,193,1,192,69,0,69,79,0,79,259,1,258,84,1,83,8,0,8
S01009192,1088,22,1066,94,0,94,537,20,517,72,1,71,153,0,153,114,0,114,118,1,117
S01009193,289,0,289,49,0,49,24,0,24,85,0,85,84,0,84,38,0,38,9,0,9
S01009194,776,6,770,103,1,102,73,0,73,34,0,34,192,0,192,228,1,227,146,4,142
S01009195,821,5,816,142,0,142,66,1,65,138,0,138,261,0,261,106,3,103,108,1,107
S01009196,673,1,672,89,0,89,83,0,83,58,0,58,160,1,159,145,0,145,138,0,138
S01009197,973,15,958,179,1,178,75,0,75,107,0,107,327,8,319,174,4,170,111,2,109
S01009198,705,2,703,93,0,93,73,1,72,74,1,73,147,0,147,192,0,192,126,0,126
S01009199,606,8,598,120,2,118,59,0,59,60,0,60,175,3,172,111,2,109,81,1,80
S01009200,1089,11,1078,197,3,194,81,2,79,134,1,133,277,3,274,220,0,220,180,2,178
S01009201,606,8,598,93,0,93,86,0,86,90,1,89,149,3,146,135,4,131,53,0,53
S01009202,510,1,509,108,0,108,55,0,55,49,0,49,154,0,154,85,1,84,59,0,59
S01009203,597,4,593,112,1,111,68,0,68,61,1,60,137,0,137,104,2,102,115,0,115
S01009204,857,5,852,172,0,172,126,1,125,108,0,108,223,3,220,153,1,152,75,0,75
S01009205,680,5,675,70,0,70,77,0,77,131,0,131,146,3,143,194,2,192,62,0,62
S01009206,785,4,781,96,0,96,88,0,88,119,2,117,210,0,210,193,1,192,79,1,78
S01009207,748,9,739,62,0,62,46,0,46,95,1,94,126,0,126,245,4,241,174,4,170
S01009208,611,3,608,71,0,71,58,0,58,48,0,48,117,1,116,157,0,157,160,2,158
S01009209,643,6,637,50,0,50,43,2,41,63,0,63,99,0,99,176,3,173,212,1,211
S01009210,554,7,547,82,1,81,46,0,46,42,0,42,150,3,147,136,2,134,98,1,97
S01009211,602,4,598,100,0,100,68,0,68,98,0,98,143,2,141,123,2,121,70,0,70
S01009212,800,0,800,117,0,117,89,0,89,90,0,90,153,0,153,175,0,175,176,0,176
S01009213,857,4,853,111,0,111,122,0,122,96,0,96,208,1,207,141,0,141,179,3,176
S01009214,976,1,975,151,0,151,92,0,92,122,0,122,223,0,223,223,0,223,165,1,164
S01009215,903,10,893,142,0,142,81,1,80,95,0,95,225,4,221,196,3,193,164,2,162
S01009216,863,6,857,108,0,108,116,0,116,73,0,73,214,2,212,207,0,207,145,4,141
S01009217,593,3,590,105,0,105,82,0,82,87,1,86,145,0,145,100,2,98,74,0,74
S01009218,808,1,807,91,0,91,76,0,76,69,0,69,186,1,185,170,0,170,216,0,216
S01009219,622,3,619,74,0,74,68,0,68,66,0,66,149,1,148,124,1,123,141,1,140
S01009220,535,2,533,89,0,89,50,0,50,67,0,67,104,0,104,97,1,96,128,1,127
S01009221,547,7,540,87,1,86,63,2,61,73,0,73,117,1,116,102,3,99,105,0,105
S01009222,506,4,502,92,0,92,63,1,62,71,0,71,117,1,116,85,0,85,78,2,76
S01009223,531,5,526,68,0,68,51,0,51,69,0,69,115,3,112,112,1,111,116,1,115
S01009224,594,8,586,75,1,74,69,1,68,75,1,74,149,4,145,125,0,125,101,1,100
S01009225,515,4,511,57,0,57,48,0,48,64,0,64,107,2,105,116,0,116,123,2,121
S01009226,871,4,867,75,0,75,77,0,77,119,0,119,186,1,185,199,2,197,215,1,214
S01009227,569,5,564,40,0,40,50,0,50,84,0,84,87,0,87,124,3,121,184,2,182
S01009228,580,4,576,81,0,81,71,0,71,83,2,81,116,2,114,107,0,107,122,0,122
S01009229,564,5,559,78,0,78,49,1,48,60,0,60,131,3,128,112,1,111,134,0,134
S01009230,546,6,540,55,0,55,45,0,45,129,0,129,135,4,131,109,2,107,73,0,73
S01009231,939,5,934,129,2,127,85,0,85,107,0,107,223,1,222,222,1,221,173,1,172
S01009232,548,8,540,82,1,81,89,1,88,105,2,103,140,4,136,67,0,67,65,0,65
S01009233,559,0,559,71,0,71,51,0,51,44,0,44,116,0,116,122,0,122,155,0,155
S01009234,945,11,934,164,1,163,141,5,136,186,1,185,200,3,197,156,1,155,98,0,98
S01009235,897,6,891,138,1,137,108,0,108,134,1,133,224,3,221,158,1,157,135,0,135
S01009236,475,2,473,56,0,56,36,0,36,45,0,45,99,2,97,103,0,103,136,0,136
S01009237,851,7,844,101,0,101,106,1,105,78,1,77,197,3,194,166,0,166,203,2,201
S01009238,720,6,714,90,0,90,103,2,101,72,0,72,145,3,142,124,0,124,186,1,185
S01009239,840,5,835,138,0,138,101,0,101,124,2,122,204,0,204,135,1,134,138,2,136
S01009240,638,13,625,97,1,96,108,1,107,112,1,111,137,4,133,98,3,95,86,3,83
S01009241,853,4,849,132,0,132,129,0,129,101,2,99,200,1,199,130,0,130,161,1,160
S01009242,710,3,707,77,1,76,88,0,88,68,0,68,158,0,158,162,1,161,157,1,156
S01009243,962,7,955,192,1,191,85,1,84,143,0,143,228,5,223,219,0,219,95,0,95
S01009244,797,3,794,103,0,103,68,0,68,59,0,59,189,1,188,221,0,221,157,2,155
S01009245,805,8,797,94,0,94,82,2,80,81,3,78,185,2,183,211,0,211,152,1,151
S01009246,791,2,789,104,0,104,72,0,72,83,0,83,176,2,174,192,0,192,164,0,164
S01009247,978,4,974,156,0,156,107,1,106,144,1,143,220,0,220,203,1,202,148,1,147
S01009248,668,4,664,79,0,79,81,0,81,43,0,43,142,3,139,181,0,181,142,1,141
S01009249,770,2,768,115,0,115,79,0,79,133,0,133,175,0,175,141,2,139,127,0,127
S01009250,615,4,611,92,0,92,55,0,55,78,1,77,119,1,118,144,1,143,127,1,126
S01009251,538,3,535,76,0,76,67,0,67,51,2,49,114,0,114,142,0,142,88,1,87
S01009252,459,2,457,100,1,99,56,0,56,38,0,38,147,1,146,95,0,95,23,0,23
S01009253,456,1,455,57,0,57,49,0,49,34,0,34,74,1,73,101,0,101,141,0,141
S01009254,785,5,780,129,0,129,72,0,72,124,0,124,166,1,165,146,2,144,148,2,146
S01009255,608,9,599,59,0,59,53,1,52,153,3,150,173,2,171,90,2,88,80,1,79
S01009256,461,4,457,49,0,49,20,0,20,48,2,46,94,2,92,131,0,131,119,0,119
S01009257,661,5,656,63,1,62,79,0,79,87,2,85,132,2,130,156,0,156,144,0,144
S01009258,626,6,620,86,0,86,36,0,36,48,0,48,157,3,154,168,1,167,131,2,129
S01009259,907,6,901,144,0,144,71,0,71,82,1,81,251,2,249,192,2,190,167,1,166
S01009260,1107,7,1100,142,0,142,128,3,125,168,1,167,287,2,285,211,1,210,171,0,171
S01009261,714,3,711,88,0,88,77,0,77,108,0,108,118,1,117,165,2,163,158,0,158
S01009262,574,8,566,115,1,114,63,1,62,83,2,81,118,2,116,96,0,96,99,2,97
S01009263,756,4,752,107,0,107,73,0,73,207,2,205,207,1,206,109,1,108,53,0,53
S01009264,507,0,507,42,0,42,58,0,58,33,0,33,106,0,106,140,0,140,128,0,128
S01009265,765,10,755,94,0,94,102,1,101,67,0,67,173,1,172,176,5,171,153,3,150
S01009266,830,3,827,120,0,120,58,0,58,90,1,89,165,0,165,210,1,209,187,1,186
S01009267,804,11,793,89,0,89,55,0,55,87,3,84,177,4,173,219,1,218,177,3,174
S01009268,963,4,959,189,2,187,88,0,88,150,1,149,232,1,231,161,0,161,143,0,143
S01009269,850,2,848,179,0,179,115,0,115,112,0,112,203,1,202,132,1,131,109,0,109
S01009270,578,4,574,77,0,77,58,1,57,75,1,74,124,2,122,108,0,108,136,0,136
S01009271,868,6,862,124,0,124,99,0,99,82,0,82,197,4,193,254,2,252,112,0,112
S01009272,663,2,661,111,0,111,100,0,100,92,0,92,146,0,146,143,2,141,71,0,71
S01009273,458,5,453,42,1,41,32,0,32,27,0,27,98,1,97,149,2,147,110,1,109
S01009274,615,6,609,101,0,101,63,0,63,33,0,33,144,2,142,143,1,142,131,3,128
S01009275,645,2,643,82,0,82,52,0,52,59,0,59,165,0,165,163,0,163,124,2,122
S01009276,872,13,859,116,0,116,85,0,85,75,2,73,183,4,179,234,3,231,179,4,175
S01009277,523,7,516,78,1,77,36,0,36,31,0,31,118,2,116,176,1,175,84,3,81
S01009278,530,0,530,93,0,93,31,0,31,67,0,67,160,0,160,93,0,93,86,0,86
S01009279,567,4,563,67,0,67,54,0,54,45,1,44,142,1,141,158,2,156,101,0,101
S01009280,857,10,847,159,0,159,117,0,117,98,0,98,176,4,172,149,5,144,158,1,157
S01009281,790,4,786,122,0,122,95,2,93,68,0,68,197,1,196,162,1,161,146,0,146
S01009282,713,9,704,88,1,87,64,0,64,43,1,42,191,0,191,208,7,201,119,0,119
S01009283,427,1,426,71,0,71,38,0,38,65,0,65,124,0,124,88,1,87,41,0,41
S01009284,804,8,796,154,0,154,91,2,89,64,0,64,216,1,215,197,4,193,82,1,81
S01009285,865,5,860,160,0,160,104,0,104,105,0,105,220,1,219,186,3,183,90,1,89
S01009286,725,1,724,72,0,72,67,0,67,78,1,77,129,0,129,218,0,218,161,0,161
S01009287,736,7,729,109,0,109,31,0,31,44,0,44,151,1,150,192,2,190,209,4,205
S01009288,811,6,805,111,0,111,39,1,38,52,0,52,190,1,189,185,1,184,234,3,231
S01009289,854,7,847,92,0,92,65,0,65,58,0,58,177,2,175,238,2,236,224,3,221
S01009290,629,3,626,91,0,91,37,0,37,22,0,22,128,0,128,188,1,187,163,2,161
S01009291,950,3,947,140,0,140,99,0,99,92,2,90,196,1,195,274,0,274,149,0,149
S01009292,492,3,489,67,0,67,69,0,69,62,1,61,116,2,114,100,0,100,78,0,78
S01009293,689,4,685,115,1,114,69,0,69,98,0,98,159,2,157,149,1,148,99,0,99
S01009294,491,0,491,90,0,90,48,0,48,33,0,33,153,0,153,101,0,101,66,0,66
S01009295,597,2,595,67,0,67,47,0,47,74,0,74,135,0,135,188,1,187,86,1,85
S01009296,493,0,493,67,0,67,67,0,67,48,0,48,157,0,157,95,0,95,59,0,59
S01009297,796,6,790,121,0,121,77,0,77,82,2,80,199,1,198,230,3,227,87,0,87
S01009298,935,8,927,90,0,90,99,1,98,147,4,143,189,2,187,188,1,187,222,0,222
S01009299,959,7,952,148,0,148,86,1,85,168,1,167,222,0,222,180,3,177,155,2,153
S01009300,500,5,495,56,0,56,66,1,65,85,0,85,134,3,131,96,1,95,63,0,63
S01009301,926,12,914,92,1,91,133,2,131,163,1,162,215,5,210,161,2,159,162,1,161
S01009302,803,10,793,113,0,113,109,2,107,150,3,147,195,2,193,157,3,154,79,0,79
S01009303,759,9,750,93,0,93,64,0,64,67,1,66,170,3,167,172,4,168,193,1,192
S01009304,938,5,933,168,1,167,87,0,87,107,2,105,207,0,207,210,1,209,159,1,158
S01009305,717,7,710,65,0,65,67,0,67,101,2,99,185,1,184,153,2,151,146,2,144
S01009306,1044,12,1032,147,0,147,139,0,139,203,1,202,272,6,266,168,3,165,115,2,113
S01009307,976,11,965,76,0,76,131,2,129,212,4,208,225,2,223,193,2,191,139,1,138
S01009308,492,6,486,56,0,56,65,0,65,96,1,95,138,2,136,60,2,58,77,1,76
S01009309,712,2,710,87,0,87,68,0,68,161,2,159,193,0,193,116,0,116,87,0,87
S01009310,909,6,903,105,0,105,89,0,89,85,0,85,180,2,178,257,3,254,193,1,192
S01009311,720,10,710,150,4,146,97,1,96,83,1,82,166,2,164,129,2,127,95,0,95
S01009312,633,2,631,55,0,55,80,0,80,157,1,156,145,1,144,113,0,113,83,0,83
S01009313,524,1,523,64,0,64,56,0,56,67,0,67,129,1,128,103,0,103,105,0,105
S01009314,638,3,635,97,0,97,61,0,61,69,0,69,151,2,149,160,1,159,100,0,100
S01009315,628,2,626,86,0,86,64,0,64,66,0,66,149,0,149,136,1,135,127,1,126
S01009316,741,9,732,120,0,120,83,0,83,63,0,63,175,3,172,191,4,187,109,2,107
S01009317,830,5,825,120,0,120,73,0,73,80,0,80,181,1,180,227,4,223,149,0,149
S01009318,599,8,591,99,0,99,65,2,63,35,0,35,145,1,144,177,4,173,78,1,77
S01009319,888,12,876,112,1,111,53,0,53,46,1,45,184,3,181,214,3,211,279,4,275
S01009320,691,3,688,92,0,92,44,0,44,64,0,64,159,2,157,140,0,140,192,1,191
S01009321,659,3,656,93,0,93,46,0,46,33,0,33,150,1,149,182,0,182,155,2,153
S01009322,777,6,771,104,0,104,52,0,52,82,1,81,162,3,159,200,1,199,177,1,176
S01009323,618,4,614,61,0,61,59,0,59,50,0,50,119,3,116,160,0,160,169,1,168
S01009324,510,2,508,62,0,62,43,0,43,87,0,87,107,1,106,117,1,116,94,0,94
S01009325,754,4,750,136,0,136,38,0,38,113,1,112,213,1,212,117,1,116,137,1,136
S01009326,606,4,602,158,0,158,62,0,62,87,0,87,183,1,182,65,3,62,51,0,51
S01009327,567,3,564,81,0,81,39,0,39,42,0,42,109,0,109,132,1,131,164,2,162
S01009328,604,2,602,126,0,126,54,0,54,177,2,175,190,0,190,50,0,50,7,0,7
S01009329,421,0,421,84,0,84,59,0,59,137,0,137,94,0,94,34,0,34,13,0,13
S01009330,468,3,465,115,1,114,50,0,50,101,0,101,140,1,139,50,0,50,12,1,11
S01009331,548,3,545,149,0,149,49,0,49,60,0,60,217,2,215,56,0,56,17,1,16
S01009332,892,5,887,142,0,142,78,1,77,86,0,86,229,1,228,212,1,211,145,2,143
S01009333,695,7,688,106,0,106,74,0,74,124,2,122,158,3,155,115,1,114,118,1,117
S01009334,618,7,611,107,0,107,67,2,65,90,1,89,127,1,126,119,2,117,108,1,107
S01009335,745,10,735,111,2,109,87,1,86,88,1,87,183,5,178,165,1,164,111,0,111
S01009336,623,5,618,105,1,104,99,1,98,106,0,106,127,1,126,97,2,95,89,0,89
S01009337,709,1,708,145,0,145,86,0,86,114,0,114,168,0,168,119,1,118,77,0,77
S01009338,708,7,701,82,0,82,83,0,83,98,1,97,143,3,140,158,1,157,144,2,142
S01009339,807,8,799,169,0,169,94,1,93,135,0,135,182,4,178,129,1,128,98,2,96
S01009340,577,7,570,94,2,92,62,0,62,68,0,68,132,3,129,113,2,111,108,0,108
S01009341,570,6,564,75,1,74,68,1,67,73,0,73,130,1,129,124,2,122,100,1,99
S01009342,716,6,710,107,2,105,73,0,73,109,0,109,170,1,169,129,1,128,128,2,126
S01009343,552,3,549,99,0,99,74,0,74,65,0,65,128,0,128,121,1,120,65,2,63
S01009344,615,7,608,85,0,85,64,1,63,90,3,87,135,0,135,113,2,111,128,1,127
S01009345,901,6,895,159,0,159,106,0,106,141,1,140,199,2,197,179,3,176,117,0,117
S01009346,655,4,651,176,0,176,43,1,42,130,0,130,234,1,233,53,1,52,19,1,18
S01009347,657,1,656,195,0,195,39,0,39,41,0,41,264,1,263,96,0,96,22,0,22
S01009348,473,3,470,122,0,122,44,0,44,53,0,53,188,3,185,56,0,56,10,0,10
S01009349,753,2,751,189,0,189,50,0,50,170,0,170,258,1,257,72,1,71,14,0,14
S01009350,587,0,587,141,0,141,58,0,58,123,0,123,192,0,192,48,0,48,25,0,25
S01009351,492,5,487,101,0,101,46,0,46,128,1,127,158,3,155,47,1,46,12,0,12
S01009352,735,8,727,172,1,171,59,1,58,176,2,174,249,3,246,63,1,62,16,0,16
S01009353,379,0,379,84,0,84,30,0,30,76,0,76,124,0,124,45,0,45,20,0,20
S01009354,859,2,857,224,0,224,67,0,67,127,0,127,327,2,325,91,0,91,23,0,23
S01009355,847,2,845,113,0,113,78,0,78,78,0,78,183,1,182,231,0,231,164,1,163
S01009356,942,6,936,114,0,114,85,1,84,98,1,97,186,0,186,264,1,263,195,3,192
S01009357,453,0,453,90,0,90,39,0,39,62,0,62,154,0,154,81,0,81,27,0,27
S01009358,707,1,706,151,0,151,55,0,55,37,0,37,228,0,228,160,0,160,76,1,75
S01009359,728,4,724,151,0,151,67,1,66,127,2,125,249,1,248,96,0,96,38,0,38
S01009360,810,5,805,106,0,106,83,0,83,99,0,99,176,0,176,186,3,183,160,2,158
S01009361,750,2,748,99,1,98,77,0,77,73,0,73,175,1,174,173,0,173,153,0,153
S01009362,984,7,977,116,0,116,123,0,123,87,1,86,220,0,220,243,3,240,195,3,192
S01009363,806,1,805,120,0,120,82,0,82,115,0,115,163,0,163,172,1,171,154,0,154
S01009364,825,2,823,131,0,131,118,0,118,117,1,116,194,0,194,190,1,189,75,0,75
S01009365,548,2,546,69,0,69,61,0,61,67,0,67,111,2,109,136,0,136,104,0,104
S01009366,730,6,724,102,1,101,55,0,55,104,1,103,174,2,172,133,2,131,162,0,162
S01009367,596,4,592,83,0,83,52,0,52,93,2,91,139,1,138,123,0,123,106,1,105
S01009368,557,4,553,112,0,112,55,1,54,65,0,65,135,1,134,136,2,134,54,0,54
S01009369,579,2,577,94,0,94,72,0,72,70,0,70,125,1,124,111,1,110,107,0,107
S01009370,817,7,810,80,0,80,87,1,86,100,1,99,153,0,153,225,2,223,172,3,169
S01009371,509,3,506,71,1,70,61,0,61,71,0,71,110,1,109,114,1,113,82,0,82
S01009372,503,2,501,75,0,75,68,0,68,58,0,58,144,0,144,85,1,84,73,1,72
S01009373,761,7,754,116,0,116,93,0,93,109,0,109,199,3,196,127,1,126,117,3,114
S01009374,834,4,830,89,0,89,94,0,94,113,0,113,136,0,136,214,1,213,188,3,185
S01009375,772,3,769,141,0,141,91,0,91,102,0,102,164,1,163,167,0,167,107,2,105
S01009376,547,1,546,68,0,68,52,0,52,80,0,80,104,0,104,142,1,141,101,0,101
S01009377,1209,7,1202,193,1,192,278,1,277,302,2,300,254,2,252,129,1,128,53,0,53
S01009378,953,8,945,212,0,212,133,1,132,135,2,133,246,2,244,153,3,150,74,0,74
S01009379,915,2,913,227,1,226,101,0,101,151,1,150,309,0,309,100,0,100,27,0,27
S01009380,565,4,561,94,2,92,71,0,71,88,1,87,145,1,144,143,0,143,24,0,24
S01009381,606,6,600,67,2,65,82,0,82,109,1,108,170,0,170,119,2,117,59,1,58
S01009382,763,6,757,85,0,85,94,0,94,76,1,75,161,2,159,178,3,175,169,0,169
S01009383,788,14,774,102,0,102,87,0,87,109,2,107,209,7,202,171,5,166,110,0,110
S01009384,556,9,547,90,0,90,36,0,36,36,3,33,147,3,144,140,0,140,107,3,104
S01009385,496,5,491,83,0,83,46,0,46,40,0,40,107,1,106,146,3,143,74,1,73
S01009386,643,3,640,108,0,108,62,0,62,94,0,94,126,1,125,115,0,115,138,2,136
S01009387,575,9,566,94,2,92,64,0,64,71,2,69,127,2,125,117,2,115,102,1,101
S01009388,873,1,872,190,0,190,116,0,116,172,0,172,199,1,198,118,0,118,78,0,78
S01009389,887,6,881,80,0,80,76,0,76,113,1,112,186,3,183,233,1,232,199,1,198
S01009390,748,2,746,190,0,190,73,0,73,51,0,51,275,1,274,118,1,117,41,0,41
S01009391,663,3,660,150,0,150,53,1,52,92,1,91,244,0,244,100,1,99,24,0,24
S01009392,542,2,540,163,0,163,28,0,28,62,1,61,203,1,202,62,0,62,24,0,24
S01009393,665,9,656,103,0,103,84,0,84,46,1,45,175,2,173,172,5,167,85,1,84
S01009394,902,9,893,110,0,110,66,0,66,133,0,133,216,5,211,177,2,175,200,2,198
S01009395,665,4,661,84,0,84,40,0,40,35,0,35,108,2,106,217,2,215,181,0,181
S01009396,723,10,713,110,4,106,49,0,49,51,0,51,148,3,145,202,3,199,163,0,163
S01009397,693,3,690,96,0,96,58,0,58,60,0,60,157,1,156,189,0,189,133,2,131
S01009398,665,5,660,104,0,104,61,0,61,80,0,80,167,3,164,165,0,165,88,2,86
S01009399,678,3,675,82,0,82,55,0,55,70,0,70,158,0,158,171,3,168,142,0,142
S01009400,508,3,505,81,0,81,43,0,43,47,0,47,137,2,135,92,0,92,108,1,107
S01009401,669,2,667,92,0,92,60,0,60,40,0,40,123,1,122,166,0,166,188,1,187
S01009402,926,8,918,145,0,145,83,0,83,54,1,53,206,2,204,220,4,216,218,1,217
S01009403,517,3,514,98,0,98,56,0,56,41,1,40,152,2,150,120,0,120,50,0,50
S01009404,528,3,525,83,0,83,73,1,72,84,0,84,111,0,111,103,2,101,74,0,74
S01009405,389,2,387,58,0,58,35,0,35,29,0,29,100,0,100,94,0,94,73,2,71
S01009406,948,4,944,126,0,126,88,0,88,116,0,116,205,1,204,187,0,187,226,3,223
S01009407,498,1,497,71,0,71,37,0,37,61,0,61,113,1,112,121,0,121,95,0,95
S01009408,702,4,698,103,0,103,69,1,68,94,0,94,182,1,181,179,1,178,75,1,74
S01009409,639,2,637,82,0,82,67,0,67,61,0,61,141,1,140,126,0,126,162,1,161
S01009410,846,3,843,148,0,148,116,0,116,127,0,127,192,3,189,169,0,169,94,0,94
S01009411,838,9,829,145,2,143,99,2,97,102,1,101,193,3,190,184,0,184,115,1,114
S01009412,824,5,819,112,0,112,77,0,77,110,1,109,198,1,197,170,1,169,157,2,155
S01009413,952,4,948,104,0,104,108,0,108,132,0,132,209,2,207,218,1,217,181,1,180
S01009414,664,3,661,105,0,105,50,0,50,63,1,62,133,2,131,177,0,177,136,0,136
S01009415,784,4,780,98,0,98,86,0,86,85,0,85,178,1,177,183,2,181,154,1,153
S01009416,519,0,519,79,0,79,64,0,64,31,0,31,139,0,139,128,0,128,78,0,78
S01009417,283,0,283,54,0,54,19,0,19,59,0,59,80,0,80,46,0,46,25,0,25
S01009418,1051,7,1044,116,0,116,111,0,111,126,1,125,270,3,267,213,1,212,215,2,213
S01009419,550,2,548,92,0,92,76,0,76,56,0,56,148,2,146,98,0,98,80,0,80
S01009420,609,3,606,132,0,132,89,0,89,67,0,67,140,1,139,120,1,119,61,1,60
S01009421,692,2,690,139,0,139,83,0,83,90,0,90,148,2,146,130,0,130,102,0,102
S01009422,781,5,776,106,0,106,95,2,93,72,1,71,176,1,175,171,1,170,161,0,161
S01009423,869,3,866,166,0,166,85,0,85,194,2,192,257,0,257,125,1,124,42,0,42
S01009424,573,5,568,62,0,62,45,2,43,44,0,44,133,0,133,151,2,149,138,1,137
S01009425,711,1,710,62,0,62,82,0,82,82,0,82,147,0,147,152,0,152,186,1,185
S01009426,757,6,751,102,0,102,69,2,67,101,0,101,150,3,147,159,1,158,176,0,176
S01009427,583,3,580,79,0,79,48,0,48,64,0,64,128,1,127,119,1,118,145,1,144
S01009428,643,2,641,121,0,121,65,0,65,58,1,57,138,0,138,114,0,114,147,1,146
S01009429,676,0,676,86,0,86,92,0,92,63,0,63,139,0,139,129,0,129,167,0,167
S01009430,700,3,697,96,0,96,91,0,91,69,0,69,159,0,159,159,2,157,126,1,125
S01009431,646,6,640,93,1,92,62,0,62,66,1,65,147,2,145,130,1,129,148,1,147
S01009432,779,3,776,153,0,153,99,1,98,100,0,100,159,0,159,168,1,167,100,1,99
S01009433,800,2,798,168,0,168,114,0,114,96,0,96,175,1,174,143,0,143,104,1,103
S01009434,518,1,517,74,0,74,61,0,61,61,0,61,113,0,113,105,1,104,104,0,104
S01009435,743,3,740,158,0,158,90,0,90,103,0,103,169,3,166,128,0,128,95,0,95
S01009436,662,2,660,120,0,120,73,0,73,98,0,98,151,1,150,131,1,130,89,0,89
S01009437,651,3,648,83,0,83,77,0,77,83,2,81,142,0,142,131,1,130,135,0,135
S01009438,838,7,831,117,0,117,88,2,86,88,0,88,176,2,174,195,1,194,174,2,172
S01009439,896,2,894,162,0,162,103,0,103,106,2,104,191,0,191,196,0,196,138,0,138
S01009440,647,3,644,81,0,81,55,1,54,76,1,75,121,0,121,123,1,122,191,0,191
S01009441,790,1,789,156,0,156,100,1,99,118,0,118,168,0,168,139,0,139,109,0,109
S01009442,532,3,529,99,0,99,51,0,51,78,0,78,129,0,129,125,2,123,50,1,49
S01009443,672,3,669,104,0,104,56,0,56,55,0,55,157,0,157,171,0,171,129,3,126
S01009444,823,5,818,151,0,151,97,0,97,57,0,57,221,2,219,198,2,196,99,1,98
S01009445,747,3,744,105,0,105,91,1,90,85,0,85,157,1,156,185,1,184,124,0,124
S01009446,862,9,853,111,2,109,100,0,100,107,0,107,195,3,192,155,3,152,194,1,193
S01009447,469,6,463,48,0,48,57,0,57,66,0,66,97,3,94,116,0,116,85,3,82
S01009448,781,1,780,113,0,113,76,0,76,104,0,104,198,0,198,180,1,179,110,0,110
S01009449,506,1,505,80,0,80,52,0,52,57,1,56,94,0,94,126,0,126,97,0,97
S01009450,569,6,563,90,0,90,65,0,65,104,0,104,129,2,127,95,2,93,86,2,84
S01009451,967,7,960,192,1,191,120,1,119,145,2,143,222,2,220,151,1,150,137,0,137
S01009452,484,5,479,55,2,53,62,0,62,70,1,69,88,1,87,108,1,107,101,0,101
S01009453,989,4,985,112,0,112,117,0,117,115,0,115,223,1,222,202,3,199,220,0,220
S01009454,877,12,865,161,1,160,51,1,50,89,1,88,215,3,212,214,3,211,147,3,144
S01009455,830,10,820,113,0,113,62,2,60,58,0,58,161,2,159,239,3,236,197,3,194
S01009456,648,5,643,67,0,67,57,0,57,70,1,69,150,1,149,167,2,165,137,1,136
S01009457,611,1,610,89,0,89,32,0,32,39,0,39,142,0,142,148,1,147,161,0,161
S01009458,662,6,656,94,1,93,51,0,51,62,1,61,156,1,155,137,2,135,162,1,161
S01009459,832,12,820,114,1,113,86,0,86,99,1,98,184,5,179,185,5,180,164,0,164
S01009460,801,3,798,151,0,151,117,0,117,121,1,120,179,1,178,135,1,134,98,0,98
S01009461,531,2,529,118,0,118,30,0,30,111,0,111,153,0,153,87,1,86,32,1,31
S01009462,686,5,681,131,0,131,54,1,53,59,0,59,165,1,164,142,3,139,135,0,135
S01009463,645,0,645,85,0,85,62,0,62,54,0,54,135,0,135,147,0,147,162,0,162
S01009464,809,2,807,118,0,118,61,0,61,98,0,98,198,2,196,187,0,187,147,0,147
S01009465,592,2,590,103,0,103,61,0,61,48,0,48,151,1,150,97,1,96,132,0,132
S01009466,560,3,557,67,0,67,49,0,49,37,0,37,112,0,112,143,3,140,152,0,152
S01009467,776,4,772,120,0,120,55,0,55,53,0,53,173,3,170,189,0,189,186,1,185
S01009468,725,3,722,87,0,87,79,0,79,69,0,69,173,0,173,142,0,142,175,3,172
S01009469,790,4,786,98,0,98,86,0,86,63,0,63,164,1,163,207,2,205,172,1,171
S01009470,460,6,454,61,0,61,43,0,43,39,0,39,88,1,87,108,0,108,121,5,116
S01009471,644,8,636,49,0,49,47,0,47,63,0,63,119,2,117,156,1,155,210,5,205
S01009472,885,8,877,155,1,154,111,0,111,122,3,119,191,1,190,172,2,170,134,1,133
S01009473,856,9,847,117,0,117,108,4,104,194,1,193,183,1,182,129,1,128,125,2,123
S01009474,857,6,851,172,0,172,116,1,115,120,2,118,221,3,218,143,0,143,85,0,85
S01009475,560,4,556,113,0,113,45,1,44,65,0,65,145,2,143,131,0,131,61,1,60
S01009476,459,0,459,104,0,104,52,0,52,46,0,46,161,0,161,64,0,64,32,0,32
S01009477,723,5,718,94,0,94,56,0,56,65,1,64,175,3,172,156,0,156,177,1,176
S01009478,797,10,787,61,0,61,102,1,101,181,3,178,188,5,183,166,0,166,99,1,98
S01009479,818,7,811,68,0,68,97,1,96,137,3,134,163,2,161,149,1,148,204,0,204
S01009480,804,6,798,84,0,84,52,0,52,77,0,77,171,2,169,205,2,203,215,2,213
S01009481,899,10,889,98,3,95,109,0,109,178,2,176,186,2,184,151,1,150,177,2,175
S01009482,616,2,614,50,1,49,85,0,85,136,0,136,115,0,115,96,0,96,134,1,133
S01009483,700,7,693,86,0,86,61,1,60,148,3,145,199,1,198,129,1,128,77,1,76
S01009484,758,5,753,75,0,75,92,0,92,96,1,95,148,2,146,145,2,143,202,0,202
S01009485,757,7,750,103,0,103,72,0,72,91,0,91,154,3,151,146,0,146,191,4,187
S01009486,637,3,634,68,0,68,47,0,47,60,0,60,109,0,109,143,0,143,210,3,207
S01009487,756,13,743,88,4,84,78,1,77,97,2,95,142,3,139,154,1,153,197,2,195
S01009488,679,1,678,143,0,143,82,0,82,71,1,70,159,0,159,118,0,118,106,0,106
S01009489,786,3,783,113,0,113,68,0,68,95,0,95,170,0,170,157,1,156,183,2,181
S01009490,811,4,807,156,0,156,114,1,113,124,0,124,155,1,154,156,1,155,106,1,105
S01009491,675,1,674,81,0,81,47,0,47,73,1,72,139,0,139,138,0,138,197,0,197
S01009492,719,1,718,106,0,106,95,0,95,76,0,76,162,1,161,151,0,151,129,0,129
S01009493,823,2,821,86,0,86,63,0,63,31,0,31,139,2,137,237,0,237,267,0,267
S01009494,909,6,903,166,0,166,88,0,88,96,0,96,273,2,271,182,2,180,104,2,102
S01009495,845,3,842,118,0,118,86,0,86,97,0,97,218,0,218,205,3,202,121,0,121
S01009496,762,3,759,102,0,102,87,0,87,87,1,86,162,1,161,156,0,156,168,1,167
S01009497,938,2,936,130,0,130,103,0,103,129,0,129,219,2,217,171,0,171,186,0,186
S01009498,629,2,627,75,0,75,44,0,44,42,0,42,121,1,120,199,0,199,148,1,147
S01009499,766,3,763,101,0,101,76,1,75,77,0,77,165,0,165,191,0,191,156,2,154
S01009500,747,5,742,113,0,113,73,0,73,92,1,91,169,3,166,143,0,143,157,1,156
S01009501,648,3,645,78,0,78,67,0,67,80,0,80,121,0,121,138,3,135,164,0,164
S01009502,784,2,782,116,1,115,95,0,95,101,0,101,184,1,183,171,0,171,117,0,117
S01009503,701,0,701,110,0,110,67,0,67,83,0,83,168,0,168,157,0,157,116,0,116
S01009504,657,10,647,130,4,126,87,0,87,92,3,89,155,1,154,118,1,117,75,1,74
S01009505,763,0,763,168,0,168,135,0,135,124,0,124,150,0,150,107,0,107,79,0,79
S01009506,700,4,696,130,0,130,63,2,61,116,0,116,136,0,136,157,1,156,98,1,97
S01009507,845,1,844,181,0,181,91,0,91,108,0,108,230,0,230,137,0,137,98,1,97
S01009508,821,13,808,145,2,143,125,1,124,104,2,102,173,4,169,165,2,163,109,2,107
S01009509,965,8,957,168,4,164,148,0,148,120,1,119,213,2,211,166,1,165,150,0,150
S01009510,685,4,681,83,1,82,71,0,71,59,1,58,116,2,114,202,0,202,154,0,154
S01009511,582,8,574,56,2,54,64,1,63,61,2,59,100,2,98,124,1,123,177,0,177
S01009512,744,2,742,112,0,112,59,0,59,83,1,82,161,1,160,188,0,188,141,0,141
S01009513,559,1,558,72,0,72,46,0,46,58,0,58,100,0,100,164,1,163,119,0,119
S01009514,680,3,677,96,0,96,64,0,64,89,1,88,132,2,130,189,0,189,110,0,110
S01009515,706,1,705,91,0,91,73,0,73,64,1,63,140,0,140,148,0,148,190,0,190
S01009516,853,2,851,95,0,95,65,0,65,96,0,96,151,1,150,170,1,169,276,0,276
S01009517,915,5,910,212,0,212,81,0,81,169,0,169,324,4,320,99,1,98,30,0,30
S01009518,866,2,864,205,0,205,92,0,92,182,0,182,279,2,277,87,0,87,21,0,21
S01009519,467,0,467,66,0,66,59,0,59,65,0,65,97,0,97,122,0,122,58,0,58
S01009520,808,5,803,149,0,149,82,2,80,92,1,91,188,0,188,212,0,212,85,2,83
S01009521,844,4,840,142,0,142,110,1,109,85,1,84,151,1,150,154,0,154,202,1,201
S01009522,986,9,977,228,0,228,118,1,117,149,2,147,232,4,228,149,0,149,110,2,108
S01009523,562,6,556,80,0,80,92,2,90,74,1,73,108,2,106,112,1,111,96,0,96
S01009524,638,8,630,107,2,105,58,0,58,116,2,114,134,3,131,139,0,139,84,1,83
S01009525,514,7,507,67,0,67,78,0,78,55,1,54,129,2,127,79,4,75,106,0,106
S01009526,632,5,627,56,0,56,82,1,81,174,1,173,123,0,123,117,3,114,80,0,80
S01009527,620,4,616,47,0,47,98,0,98,114,0,114,129,3,126,108,0,108,124,1,123
S01009528,516,2,514,25,0,25,29,0,29,57,0,57,62,0,62,115,1,114,228,1,227
S01009529,565,7,558,60,0,60,54,1,53,39,2,37,117,2,115,134,1,133,161,1,160
S01009530,563,4,559,66,0,66,47,0,47,30,0,30,140,3,137,140,1,139,140,0,140
S01009531,775,8,767,95,0,95,95,0,95,99,2,97,146,1,145,150,2,148,190,3,187
S01009532,764,6,758,58,0,58,60,0,60,92,1,91,115,0,115,175,3,172,264,2,262
S01009533,740,11,729,87,1,86,84,2,82,125,4,121,146,3,143,171,0,171,127,1,126
S01009534,802,7,795,151,0,151,118,1,117,119,0,119,180,6,174,116,0,116,118,0,118
S01009535,586,5,581,100,0,100,102,0,102,93,2,91,142,1,141,96,0,96,53,2,51
S01009536,541,4,537,124,0,124,54,0,54,72,3,69,125,1,124,77,0,77,89,0,89
S01009537,515,4,511,64,0,64,40,0,40,74,2,72,108,1,107,107,0,107,122,1,121
S01009538,754,2,752,83,0,83,53,0,53,108,1,107,174,1,173,181,0,181,155,0,155
S01009539,849,4,845,111,0,111,103,2,101,81,1,80,158,1,157,221,0,221,175,0,175
S01009540,785,9,776,69,1,68,102,1,101,130,1,129,192,2,190,149,3,146,143,1,142
S01009541,744,6,738,105,1,104,63,0,63,74,1,73,201,0,201,172,4,168,129,0,129
S01009542,707,4,703,121,0,121,98,0,98,125,1,124,142,1,141,135,0,135,86,2,84
S01009543,513,4,509,33,0,33,39,0,39,42,0,42,101,2,99,153,1,152,145,1,144
S01009544,833,7,826,109,0,109,52,0,52,84,0,84,203,3,200,201,2,199,184,2,182
S01009545,753,4,749,107,0,107,98,0,98,86,1,85,153,1,152,154,1,153,155,1,154
S01009546,931,5,926,139,1,138,93,2,91,193,0,193,198,1,197,203,1,202,105,0,105
S01009547,712,7,705,112,0,112,91,0,91,95,0,95,153,0,153,151,4,147,110,3,107
S01009548,676,3,673,104,0,104,73,0,73,80,1,79,150,0,150,144,1,143,125,1,124
S01009549,759,7,752,110,0,110,76,2,74,93,2,91,179,0,179,173,2,171,128,1,127
S01009550,504,3,501,89,0,89,61,0,61,48,0,48,124,1,123,93,0,93,89,2,87
S01009551,506,0,506,85,0,85,53,0,53,75,0,75,97,0,97,111,0,111,85,0,85
S01009552,874,3,871,98,0,98,77,0,77,84,2,82,169,0,169,207,1,206,239,0,239
S01009553,817,9,808,116,0,116,123,0,123,106,2,104,163,4,159,168,1,167,141,2,139
S01009554,629,8,621,75,0,75,81,0,81,59,1,58,133,1,132,171,4,167,110,2,108
S01009555,716,5,711,83,0,83,73,0,73,71,0,71,169,3,166,175,2,173,145,0,145
S01009556,735,4,731,130,0,130,97,0,97,98,0,98,165,2,163,144,1,143,101,1,100
S01009557,635,6,629,109,0,109,76,0,76,102,4,98,144,0,144,117,2,115,87,0,87
S01009558,641,0,641,128,0,128,82,0,82,97,0,97,147,0,147,99,0,99,88,0,88
S01009559,814,6,808,132,0,132,102,0,102,140,1,139,186,1,185,147,1,146,107,3,104
S01009560,718,6,712,124,1,123,91,0,91,113,0,113,154,4,150,122,1,121,114,0,114
S01009561,514,5,509,91,0,91,53,0,53,69,0,69,119,2,117,87,1,86,95,2,93
S01009562,714,8,706,102,2,100,82,0,82,80,2,78,146,2,144,160,1,159,144,1,143
S01009563,765,6,759,122,0,122,81,1,80,83,2,81,143,2,141,141,1,140,195,0,195
S01009564,662,5,657,96,0,96,60,0,60,69,0,69,131,2,129,112,1,111,194,2,192
S01009565,568,4,564,111,0,111,75,0,75,61,0,61,151,1,150,86,3,83,84,0,84
S01009566,1023,10,1013,207,0,207,110,0,110,154,1,153,249,2,247,179,6,173,124,1,123
S01009567,848,5,843,133,0,133,82,0,82,113,2,111,194,1,193,171,2,169,155,0,155
S01009568,707,5,702,123,0,123,84,1,83,81,0,81,163,2,161,119,2,117,137,0,137
S01009569,789,13,776,123,4,119,81,1,80,97,5,92,155,0,155,143,1,142,190,2,188
S01009570,546,1,545,97,0,97,62,0,62,52,0,52,128,0,128,102,0,102,105,1,104
S01009571,645,11,634,105,0,105,128,4,124,102,3,99,115,2,113,125,2,123,70,0,70
S01009572,1000,6,994,158,0,158,130,0,130,141,0,141,231,3,228,177,3,174,163,0,163
S01009573,720,4,716,135,1,134,96,0,96,80,2,78,165,0,165,139,0,139,105,1,104
S01009574,1001,0,1001,141,0,141,115,0,115,110,0,110,191,0,191,194,0,194,250,0,250
S01009575,510,3,507,81,0,81,55,0,55,59,0,59,121,2,119,101,0,101,93,1,92
S01009576,510,1,509,51,0,51,40,0,40,55,0,55,86,0,86,187,1,186,91,0,91
S01009577,687,3,684,89,0,89,65,0,65,55,0,55,144,1,143,233,1,232,101,1,100
S01009578,734,3,731,121,0,121,92,0,92,101,0,101,159,1,158,165,1,164,96,1,95
S01009579,996,7,989,154,2,152,112,0,112,126,1,125,285,0,285,200,3,197,119,1,118
S01009580,936,2,934,188,0,188,104,0,104,97,0,97,287,2,285,173,0,173,87,0,87
S01009581,540,1,539,67,0,67,54,0,54,75,0,75,108,0,108,136,1,135,100,0,100
S01009582,512,4,508,98,0,98,50,0,50,83,0,83,106,0,106,84,2,82,91,2,89
S01009583,763,8,755,140,0,140,86,0,86,121,1,120,163,2,161,139,3,136,114,2,112
S01009584,513,3,510,81,0,81,57,1,56,66,0,66,101,0,101,81,0,81,127,2,125
S01009585,937,2,935,162,0,162,99,0,99,143,1,142,191,0,191,237,1,236,105,0,105
S01009586,665,6,659,76,0,76,60,0,60,66,1,65,101,2,99,170,2,168,192,1,191
S01009587,693,6,687,74,0,74,51,0,51,68,0,68,141,4,137,140,1,139,219,1,218
S01009588,1029,5,1024,132,0,132,106,0,106,96,0,96,209,1,208,217,2,215,269,2,267
S01009589,919,4,915,175,0,175,111,0,111,135,0,135,192,1,191,158,1,157,148,2,146
S01009590,699,1,698,117,0,117,60,0,60,70,0,70,164,1,163,168,0,168,120,0,120
S01009591,633,3,630,66,0,66,65,0,65,70,1,69,147,1,146,173,0,173,112,1,111
S01009592,544,7,537,51,0,51,41,1,40,24,0,24,106,2,104,172,2,170,150,2,148
S01009593,578,1,577,86,1,85,63,0,63,36,0,36,139,0,139,163,0,163,91,0,91
S01009594,648,0,648,105,0,105,57,0,57,69,0,69,166,0,166,181,0,181,70,0,70
S01009595,493,5,488,95,1,94,62,0,62,47,1,46,164,2,162,94,1,93,31,0,31
S01009596,758,2,756,118,0,118,96,1,95,99,1,98,186,0,186,170,0,170,89,0,89
S01009597,834,9,825,201,0,201,109,0,109,146,1,145,176,3,173,153,5,148,49,0,49
S01009598,634,5,629,116,0,116,108,0,108,81,3,78,152,1,151,106,1,105,71,0,71
S01009599,858,6,852,135,0,135,94,0,94,107,2,105,196,0,196,205,3,202,121,1,120
S01009600,606,5,601,95,0,95,61,0,61,98,0,98,125,2,123,111,3,108,116,0,116
S01009601,649,5,644,115,2,113,76,0,76,103,1,102,146,1,145,149,1,148,60,0,60
S01009602,748,6,742,134,0,134,64,0,64,70,1,69,215,0,215,195,4,191,70,1,69
S01009603,552,1,551,81,0,81,58,0,58,35,0,35,134,1,133,169,0,169,75,0,75
S01009604,818,9,809,114,2,112,77,0,77,122,4,118,167,0,167,194,0,194,144,3,141
S01009605,742,3,739,98,0,98,100,0,100,72,0,72,166,1,165,174,2,172,132,0,132
S01009606,558,2,556,90,0,90,39,0,39,91,0,91,149,1,148,105,0,105,84,1,83
S01009607,511,2,509,66,0,66,49,0,49,48,0,48,95,0,95,139,1,138,114,1,113
S01009608,587,7,580,98,1,97,61,0,61,56,1,55,141,2,139,125,0,125,106,3,103
S01009609,783,8,775,118,1,117,66,0,66,73,1,72,217,3,214,165,2,163,144,1,143
S01009610,947,3,944,112,0,112,83,0,83,112,0,112,219,2,217,202,0,202,219,1,218
S01009611,513,0,513,66,0,66,49,0,49,25,0,25,121,0,121,142,0,142,110,0,110
S01009612,584,8,576,78,1,77,70,1,69,67,1,66,144,1,143,113,3,110,112,1,111
S01009613,452,3,449,72,0,72,43,1,42,31,0,31,104,1,103,142,1,141,60,0,60
S01009614,499,1,498,65,0,65,38,0,38,35,0,35,97,0,97,153,0,153,111,1,110
S01009615,389,0,389,45,0,45,33,0,33,32,0,32,76,0,76,82,0,82,121,0,121
S01009616,701,5,696,90,0,90,81,0,81,106,3,103,150,0,150,168,1,167,106,1,105
S01009617,709,5,704,112,0,112,73,0,73,63,1,62,196,2,194,170,2,168,95,0,95
S01009618,662,2,660,93,1,92,70,0,70,95,1,94,143,0,143,154,0,154,107,0,107
S01009619,599,6,593,79,0,79,66,0,66,74,2,72,119,0,119,139,1,138,122,3,119
S01009620,761,3,758,99,0,99,81,1,80,94,0,94,144,0,144,171,0,171,172,2,170
S01009621,756,8,748,101,1,100,70,2,68,76,0,76,153,2,151,201,2,199,155,1,154
S01009622,692,2,690,105,0,105,88,0,88,97,1,96,168,0,168,132,1,131,102,0,102
S01009623,481,6,475,71,0,71,47,1,46,50,0,50,98,1,97,107,2,105,108,2,106
S01009624,850,1,849,117,0,117,100,0,100,85,0,85,163,1,162,218,0,218,167,0,167
S01009625,835,10,825,150,1,149,101,0,101,106,1,105,195,1,194,137,6,131,146,1,145
S01009626,579,4,575,127,1,126,85,0,85,60,0,60,118,0,118,98,2,96,91,1,90
S01009627,797,4,793,141,0,141,101,0,101,91,1,90,177,1,176,139,1,138,148,1,147
S01009628,509,1,508,36,1,35,40,0,40,38,0,38,54,0,54,107,0,107,234,0,234
S01009629,1036,2,1034,209,0,209,134,1,133,135,0,135,249,0,249,160,0,160,149,1,148
S01009630,775,7,768,143,2,141,118,0,118,91,2,89,168,0,168,149,3,146,106,0,106
S01009631,654,12,642,67,0,67,71,1,70,87,3,84,151,5,146,170,1,169,108,2,106
S01009632,524,3,521,72,0,72,72,0,72,85,0,85,95,0,95,95,3,92,105,0,105
S01009633,710,2,708,162,0,162,104,1,103,87,1,86,162,0,162,111,0,111,84,0,84
S01009634,515,0,515,46,0,46,52,0,52,50,0,50,85,0,85,95,0,95,187,0,187
S01009635,814,4,810,108,0,108,72,1,71,97,1,96,188,1,187,212,1,211,137,0,137
S01009636,852,10,842,100,0,100,137,4,133,115,0,115,179,3,176,191,3,188,130,0,130
S01009637,706,3,703,91,0,91,88,1,87,72,1,71,170,0,170,154,0,154,131,1,130
S01009638,750,2,748,195,0,195,93,0,93,96,0,96,159,1,158,104,0,104,103,1,102
S01009639,796,3,793,102,0,102,77,0,77,38,1,37,168,0,168,181,0,181,230,2,228
S01009640,569,5,564,57,0,57,47,1,46,64,2,62,134,2,132,102,0,102,165,0,165
S01009641,756,11,745,72,0,72,67,1,66,87,1,86,153,1,152,163,6,157,214,2,212
S01009642,888,10,878,106,0,106,98,0,98,140,3,137,206,4,202,170,2,168,168,1,167
S01009643,545,0,545,109,0,109,50,0,50,112,0,112,162,0,162,73,0,73,39,0,39
S01009644,792,3,789,131,0,131,87,0,87,85,0,85,182,3,179,157,0,157,150,0,150
S01009645,622,3,619,90,0,90,60,0,60,88,1,87,131,0,131,118,0,118,135,2,133
S01009646,570,6,564,99,1,98,78,1,77,44,1,43,133,0,133,114,2,112,102,1,101
S01009647,568,3,565,56,0,56,65,0,65,72,2,70,108,1,107,115,0,115,152,0,152
S01009648,856,3,853,139,0,139,80,0,80,89,2,87,202,1,201,155,0,155,191,0,191
S01009649,990,1,989,145,0,145,123,0,123,99,0,99,249,0,249,211,1,210,163,0,163
S01009650,764,0,764,72,0,72,54,0,54,41,0,41,120,0,120,224,0,224,253,0,253
S01009651,895,4,891,105,0,105,77,0,77,54,0,54,195,2,193,219,1,218,245,1,244
S01009652,782,4,778,83,0,83,50,0,50,27,0,27,128,1,127,199,2,197,295,1,294
S01009653,522,2,520,77,0,77,39,0,39,29,0,29,122,0,122,138,0,138,117,2,115
S01009654,564,7,557,89,0,89,44,1,43,48,1,47,97,2,95,150,3,147,136,0,136
S01009655,833,3,830,147,0,147,96,0,96,83,0,83,180,2,178,190,0,190,137,1,136
S01009656,701,6,695,88,0,88,59,0,59,87,2,85,116,3,113,159,0,159,192,1,191
S01009657,748,7,741,91,1,90,83,0,83,84,0,84,171,2,169,195,3,192,124,1,123
S01009658,710,6,704,143,0,143,75,0,75,112,3,109,133,1,132,171,2,169,76,0,76
S01009659,469,6,463,54,0,54,68,1,67,56,3,53,106,1,105,104,0,104,81,1,80
S01009660,1042,5,1037,197,0,197,115,0,115,130,0,130,240,2,238,225,1,224,135,2,133
S01009661,819,6,813,111,0,111,54,0,54,56,0,56,194,0,194,233,1,232,171,5,166
S01009662,687,5,682,99,0,99,69,0,69,53,1,52,154,2,152,188,2,186,124,0,124
S01009663,628,2,626,97,0,97,58,0,58,59,0,59,146,0,146,171,1,170,97,1,96
S01009664,864,10,854,130,0,130,63,0,63,70,2,68,208,3,205,220,2,218,173,3,170
S01009665,643,3,640,108,0,108,63,0,63,62,0,62,137,0,137,134,0,134,139,3,136
S01009666,740,4,736,100,0,100,74,0,74,69,0,69,159,1,158,171,2,169,167,1,166
S01009667,510,3,507,73,1,72,42,0,42,35,0,35,133,0,133,111,1,110,116,1,115
S01009668,568,5,563,105,0,105,53,1,52,60,0,60,150,1,149,117,2,115,83,1,82
S01009669,492,7,485,54,0,54,39,0,39,27,0,27,103,3,100,120,2,118,149,2,147
S01009670,761,5,756,110,0,110,97,0,97,57,1,56,165,2,163,197,2,195,135,0,135
S01009671,612,4,608,88,0,88,71,0,71,47,1,46,166,1,165,146,1,145,94,1,93
S01009672,777,4,773,127,0,127,64,1,63,87,0,87,171,0,171,185,0,185,143,3,140
S01009673,796,3,793,122,0,122,55,0,55,81,0,81,181,2,179,178,0,178,179,1,178
S01009674,854,7,847,126,0,126,65,0,65,63,0,63,185,2,183,228,2,226,187,3,184
S01009675,864,7,857,116,0,116,89,0,89,52,1,51,202,3,199,224,2,222,181,1,180
S01009676,808,7,801,149,1,148,62,2,60,55,1,54,184,1,183,202,2,200,156,0,156
S01009677,572,5,567,88,0,88,36,1,35,39,1,38,136,1,135,165,2,163,108,0,108
S01009678,574,3,571,65,0,65,55,0,55,45,0,45,118,3,115,142,0,142,149,0,149
S01009679,879,8,871,127,0,127,68,0,68,98,0,98,208,1,207,197,6,191,181,1,180
S01009680,779,4,775,112,0,112,95,0,95,84,0,84,180,0,180,165,2,163,143,2,141
S01009681,668,11,657,76,0,76,59,0,59,73,0,73,187,3,184,164,6,158,109,2,107
S01009682,597,3,594,92,0,92,38,0,38,70,1,69,122,0,122,144,1,143,131,1,130
S01009683,845,8,837,86,0,86,115,2,113,64,1,63,136,2,134,200,1,199,244,2,242
S01009684,1058,5,1053,218,0,218,108,0,108,70,0,70,299,1,298,239,3,236,124,1,123
S01009685,618,8,610,95,0,95,46,0,46,68,1,67,136,3,133,146,3,143,127,1,126
S01009686,1075,12,1063,152,0,152,150,2,148,162,3,159,250,2,248,156,4,152,205,1,204
S01009687,687,8,679,115,2,113,69,0,69,91,0,91,159,3,156,135,1,134,118,2,116
S01009688,854,7,847,148,1,147,132,0,132,118,0,118,202,3,199,106,2,104,148,1,147
S01009689,577,2,575,58,0,58,85,0,85,96,1,95,136,1,135,100,0,100,102,0,102
S01009690,687,4,683,94,0,94,74,0,74,73,1,72,204,2,202,131,1,130,111,0,111
S01009691,595,6,589,93,1,92,64,1,63,42,0,42,127,2,125,124,2,122,145,0,145
S01009692,1039,11,1028,121,0,121,77,0,77,66,0,66,198,1,197,244,4,240,333,6,327
S01009693,610,5,605,88,0,88,61,0,61,54,1,53,138,1,137,138,2,136,131,1,130
S01009694,991,8,983,117,0,117,67,0,67,42,0,42,200,1,199,233,4,229,332,3,329
S01009695,608,6,602,87,2,85,35,0,35,40,0,40,133,2,131,153,1,152,160,1,159
S01009696,932,8,924,139,0,139,67,0,67,67,1,66,212,3,209,226,1,225,221,3,218
S01009697,680,6,674,91,0,91,41,0,41,66,1,65,148,1,147,174,2,172,160,2,158
S01009698,560,6,554,74,0,74,59,0,59,52,0,52,123,0,123,168,2,166,84,4,80
S01009699,461,6,455,49,0,49,33,0,33,30,2,28,77,0,77,107,2,105,165,2,163
S01009700,635,10,625,84,2,82,58,2,56,50,1,49,137,1,136,151,3,148,155,1,154
S01009701,442,1,441,37,0,37,24,0,24,22,0,22,59,0,59,94,1,93,206,0,206
S01009702,623,12,611,105,2,103,61,3,58,59,2,57,146,0,146,125,1,124,127,4,123
S01009703,553,4,549,68,0,68,47,0,47,38,0,38,119,0,119,137,2,135,144,2,142
S01009704,895,8,887,111,1,110,72,1,71,63,0,63,199,3,196,222,2,220,228,1,227
S01009705,712,9,703,94,0,94,58,0,58,83,2,81,151,2,149,169,2,167,157,3,154
S01009706,606,6,600,97,0,97,51,0,51,65,0,65,135,1,134,117,1,116,141,4,137
S01009707,463,1,462,59,0,59,49,0,49,52,0,52,115,0,115,111,1,110,77,0,77
S01009708,604,8,596,85,0,85,48,0,48,47,0,47,122,1,121,142,1,141,160,6,154
S01009709,774,6,768,81,0,81,51,1,50,69,0,69,146,2,144,224,2,222,203,1,202
S01009710,542,3,539,100,0,100,55,0,55,55,0,55,148,1,147,102,2,100,82,0,82
S01009711,763,4,759,104,0,104,86,0,86,70,2,68,144,0,144,171,2,169,188,0,188
S01009712,578,5,573,76,0,76,52,0,52,51,0,51,124,1,123,144,2,142,131,2,129
S01009713,879,6,873,104,0,104,80,1,79,57,1,56,168,0,168,191,3,188,279,1,278
S01009714,902,6,896,100,0,100,83,0,83,66,0,66,160,1,159,205,2,203,288,3,285
S01009715,624,7,617,60,0,60,40,0,40,54,0,54,131,2,129,188,3,185,151,2,149
S01009716,712,9,703,61,0,61,109,1,108,66,1,65,109,2,107,154,2,152,213,3,210
S01009717,987,14,973,82,0,82,453,9,444,122,3,119,138,1,137,78,0,78,114,1,113
S01009718,708,8,700,82,0,82,146,2,144,119,3,116,122,1,121,122,2,120,117,0,117
S01009719,723,8,715,76,0,76,129,2,127,85,1,84,144,1,143,130,2,128,159,2,157
S01009720,765,3,762,54,0,54,139,0,139,125,0,125,99,0,99,154,1,153,194,2,192
S01009721,578,6,572,14,0,14,419,6,413,83,0,83,21,0,21,18,0,18,23,0,23
S01009722,1127,18,1109,49,2,47,738,11,727,94,1,93,55,2,53,72,0,72,119,2,117
S01009723,768,4,764,12,0,12,443,2,441,134,0,134,37,0,37,49,0,49,93,2,91
S01009724,965,8,957,74,0,74,335,2,333,144,3,141,138,0,138,122,1,121,152,2,150
S01009725,677,5,672,18,0,18,448,4,444,48,0,48,49,0,49,39,1,38,75,0,75
S01009726,1040,12,1028,14,0,14,811,9,802,64,1,63,41,1,40,43,1,42,67,0,67
S01009727,836,10,826,161,0,161,119,2,117,91,2,89,166,2,164,181,3,178,118,1,117
S01009728,713,7,706,73,0,73,70,1,69,80,2,78,113,1,112,213,0,213,164,3,161
S01009729,613,9,604,59,1,58,47,1,46,42,0,42,97,1,96,169,1,168,199,5,194
S01009730,564,3,561,54,0,54,101,0,101,99,1,98,72,0,72,104,0,104,134,2,132
S01009731,572,6,566,42,0,42,84,0,84,38,0,38,60,3,57,127,0,127,221,3,218
S01009732,791,3,788,46,0,46,337,1,336,71,0,71,78,1,77,110,0,110,149,1,148
S01009733,484,4,480,63,0,63,40,0,40,26,0,26,103,1,102,156,2,154,96,1,95
S01009734,873,9,864,139,0,139,106,0,106,65,0,65,191,0,191,199,6,193,173,3,170
S01009735,1226,14,1212,93,0,93,467,8,459,104,1,103,102,0,102,191,1,190,269,4,265
S01009736,2668,42,2626,33,0,33,2212,38,2174,136,1,135,41,1,40,57,1,56,189,1,188
S01009737,734,11,723,98,0,98,91,1,90,166,4,162,162,2,160,111,4,107,106,0,106
S01009738,406,4,402,35,0,35,40,0,40,70,2,68,94,0,94,103,2,101,64,0,64
S01009739,730,4,726,158,0,158,84,0,84,138,2,136,241,1,240,80,0,80,29,1,28
S01009740,526,4,522,79,0,79,60,0,60,79,0,79,130,1,129,65,1,64,113,2,111
S01009741,882,7,875,178,1,177,226,2,224,248,3,245,172,1,171,28,0,28,30,0,30
S01009742,481,1,480,63,0,63,44,0,44,21,0,21,120,0,120,144,1,143,89,0,89
S01009743,917,4,913,122,0,122,58,0,58,65,1,64,193,0,193,250,1,249,229,2,227
S01009744,680,11,669,86,2,84,59,1,58,42,2,40,145,3,142,201,2,199,147,1,146
S01009745,1050,7,1043,179,0,179,76,0,76,79,1,78,258,3,255,256,3,253,202,0,202
S01009746,546,3,543,89,0,89,37,1,36,31,0,31,151,1,150,161,1,160,77,0,77
S01009747,632,3,629,74,0,74,52,0,52,85,0,85,172,2,170,134,0,134,115,1,114
S01009748,679,4,675,91,0,91,53,0,53,50,1,49,167,2,165,186,1,185,132,0,132
S01009749,937,7,930,122,1,121,92,1,91,72,1,71,218,1,217,234,2,232,199,1,198
S01009750,657,7,650,97,0,97,74,0,74,79,0,79,151,1,150,127,2,125,129,4,125
S01009751,794,11,783,114,0,114,92,1,91,97,1,96,170,3,167,195,3,192,126,3,123
S01009752,580,2,578,85,0,85,44,0,44,42,2,40,115,0,115,159,0,159,135,0,135
S01009753,695,9,686,93,0,93,37,0,37,55,0,55,134,2,132,159,3,156,217,4,213
S01009754,825,10,815,105,2,103,86,2,84,104,0,104,134,4,130,186,0,186,210,2,208
S01009755,652,3,649,105,0,105,62,0,62,67,1,66,158,1,157,146,0,146,114,1,113
S01009756,724,6,718,102,0,102,66,0,66,46,0,46,175,0,175,182,2,180,153,4,149
S01009757,651,8,643,112,0,112,52,0,52,38,0,38,142,3,139,176,3,173,131,2,129
S01009758,581,7,574,67,0,67,70,0,70,70,2,68,138,1,137,133,3,130,103,1,102
S01009759,871,9,862,188,2,186,161,2,159,164,2,162,201,0,201,97,1,96,60,2,58
S01009760,854,4,850,172,0,172,116,0,116,123,1,122,188,0,188,134,2,132,121,1,120
S01009761,898,15,883,157,3,154,110,2,108,111,4,107,223,2,221,185,2,183,112,2,110
S01009762,875,18,857,141,2,139,149,7,142,152,2,150,199,4,195,164,1,163,70,2,68
S01009763,739,8,731,152,0,152,104,2,102,91,4,87,196,1,195,147,1,146,49,0,49
S01009764,645,4,641,146,0,146,74,0,74,101,0,101,185,1,184,95,2,93,44,1,43
S01009765,977,4,973,210,0,210,96,0,96,126,0,126,252,1,251,143,0,143,150,3,147
S01009766,545,6,539,87,0,87,72,0,72,78,3,75,140,2,138,129,1,128,39,0,39
S01009767,540,4,536,70,0,70,60,1,59,70,0,70,118,1,117,111,2,109,111,0,111
S01009768,559,7,552,94,0,94,74,2,72,119,0,119,159,3,156,88,2,86,25,0,25
S01009769,667,6,661,100,2,98,73,0,73,150,0,150,169,2,167,62,0,62,113,2,111
S01009770,676,3,673,114,1,113,95,0,95,72,1,71,194,0,194,138,0,138,63,1,62
S01009771,855,15,840,184,2,182,121,3,118,98,7,91,227,1,226,170,0,170,55,2,53
S01009772,608,11,597,105,1,104,73,1,72,93,2,91,167,3,164,113,2,111,57,2,55
S01009773,591,4,587,170,2,168,92,0,92,74,0,74,201,2,199,43,0,43,11,0,11
S01009774,500,7,493,145,1,144,50,1,49,100,2,98,154,3,151,44,0,44,7,0,7
S01009775,782,7,775,100,0,100,125,1,124,96,1,95,168,1,167,162,2,160,131,2,129
S01009776,681,9,672,152,1,151,103,2,101,91,1,90,138,1,137,108,1,107,89,3,86
S01009777,455,7,448,68,0,68,61,0,61,99,2,97,114,4,110,63,0,63,50,1,49
S01009778,806,4,802,95,0,95,93,1,92,63,0,63,147,0,147,179,1,178,229,2,227
S01009779,539,5,534,90,1,89,67,1,66,64,0,64,88,1,87,106,1,105,124,1,123
S01009780,578,7,571,133,1,132,110,0,110,72,1,71,129,4,125,106,1,105,28,0,28
S01009781,530,7,523,104,0,104,64,0,64,64,2,62,116,1,115,94,3,91,88,1,87
S01009782,510,2,508,114,0,114,63,1,62,121,1,120,127,0,127,74,0,74,11,0,11
S01009783,703,5,698,137,1,136,99,0,99,99,1,98,197,0,197,109,3,106,62,0,62
S01009784,741,5,736,150,0,150,105,0,105,98,0,98,163,4,159,131,1,130,94,0,94
S01009785,774,5,769,122,0,122,105,0,105,81,2,79,176,2,174,160,0,160,130,1,129
S01009786,941,6,935,195,0,195,125,0,125,101,2,99,219,3,216,152,1,151,149,0,149
S01009787,837,2,835,137,0,137,113,0,113,92,0,92,179,0,179,164,1,163,152,1,151
S01009788,815,2,813,98,0,98,86,0,86,68,0,68,163,0,163,177,1,176,223,1,222
S01009789,868,13,855,120,1,119,109,0,109,84,2,82,192,3,189,176,3,173,187,4,183
S01009790,619,6,613,100,3,97,87,0,87,51,1,50,163,1,162,106,1,105,112,0,112
S01009791,644,6,638,113,0,113,104,1,103,65,1,64,143,0,143,109,0,109,110,4,106
S01009792,916,14,902,198,4,194,128,2,126,119,0,119,298,7,291,140,1,139,33,0,33
S01009793,854,23,831,93,4,89,80,3,77,119,0,119,172,7,165,215,7,208,175,2,173
S01009794,495,6,489,96,1,95,46,0,46,70,1,69,179,3,176,77,1,76,27,0,27
S01009795,821,15,806,176,7,169,111,1,110,60,0,60,271,4,267,164,2,162,39,1,38
S01009796,727,18,709,104,0,104,66,2,64,88,1,87,177,5,172,170,7,163,122,3,119
S01009797,747,7,740,117,1,116,98,1,97,100,0,100,198,1,197,141,1,140,93,3,90
S01009798,702,5,697,147,0,147,98,0,98,49,1,48,232,0,232,131,2,129,45,2,43
S01009799,815,9,806,139,0,139,115,1,114,111,0,111,163,2,161,150,1,149,137,5,132
S01009800,1063,17,1046,217,6,211,145,1,144,140,4,136,251,5,246,188,0,188,122,1,121
S01009801,865,10,855,167,2,165,132,1,131,82,1,81,198,6,192,158,0,158,128,0,128
S01009802,972,9,963,200,0,200,126,0,126,157,3,154,265,5,260,131,0,131,93,1,92
S01009803,772,3,769,136,0,136,110,0,110,90,1,89,173,0,173,125,0,125,138,2,136
S01009804,486,4,482,30,0,30,36,0,36,117,1,116,144,1,143,105,2,103,54,0,54
S01009805,923,15,908,180,4,176,153,0,153,82,3,79,220,5,215,167,0,167,121,3,118
S01009806,871,15,856,85,0,85,85,1,84,131,3,128,127,1,126,170,7,163,273,3,270
S01009807,957,12,945,162,0,162,112,4,108,162,0,162,210,1,209,178,3,175,133,4,129
S01009808,857,16,841,164,1,163,109,1,108,152,7,145,238,4,234,97,1,96,97,2,95
S01009809,652,11,641,90,0,90,74,3,71,118,2,116,133,0,133,142,0,142,95,6,89
S01009810,806,16,790,135,2,133,67,2,65,144,3,141,145,1,144,163,6,157,152,2,150
S01009811,1039,10,1029,131,1,130,118,0,118,118,1,117,238,2,236,206,1,205,228,5,223
S01009812,715,7,708,88,0,88,73,2,71,89,2,87,159,1,158,141,0,141,165,2,163
S01009813,742,9,733,180,0,180,102,0,102,68,4,64,152,2,150,128,3,125,112,0,112
S01009814,810,18,792,114,3,111,113,4,109,79,3,76,165,3,162,172,2,170,167,3,164
S01009815,681,22,659,91,0,91,75,7,68,121,7,114,154,2,152,145,4,141,95,2,93
S01009816,677,21,656,90,0,90,84,2,82,115,7,108,170,4,166,130,4,126,88,4,84
S01009817,679,11,668,94,0,94,71,3,68,56,1,55,137,0,137,142,7,135,179,0,179
S01009818,916,20,896,64,3,61,95,2,93,87,3,84,125,2,123,245,5,240,300,5,295
S01009819,655,27,628,89,8,81,46,3,43,50,2,48,124,9,115,138,1,137,208,4,204
S01009820,930,18,912,140,1,139,90,1,89,98,5,93,203,2,201,199,3,196,200,6,194
S01009821,642,23,619,109,4,105,93,1,92,73,3,70,142,2,140,108,4,104,117,9,108
S01009822,457,3,454,97,0,97,47,1,46,75,0,75,106,1,105,65,0,65,67,1,66
S01009823,701,14,687,101,3,98,86,3,83,99,0,99,126,2,124,132,0,132,157,6,151
S01009824,852,14,838,193,5,188,72,2,70,110,2,108,245,4,241,100,0,100,132,1,131
S01009825,965,8,957,159,0,159,129,0,129,135,3,132,214,3,211,178,1,177,150,1,149
S01009826,561,5,556,105,0,105,77,0,77,62,0,62,128,0,128,95,3,92,94,2,92
S01009827,825,4,821,130,0,130,109,0,109,97,2,95,179,1,178,163,1,162,147,0,147
S01009828,745,6,739,87,0,87,73,2,71,94,1,93,164,0,164,137,0,137,190,3,187
S01009829,911,17,894,118,0,118,100,4,96,211,8,203,192,4,188,143,1,142,147,0,147
S01009830,736,8,728,117,0,117,99,1,98,125,1,124,151,3,148,135,0,135,109,3,106
S01009831,740,17,723,146,2,144,98,1,97,124,6,118,170,5,165,125,1,124,77,2,75
S01009832,965,13,952,140,3,137,97,0,97,131,1,130,215,5,210,188,2,186,194,2,192
S01009833,539,7,532,77,0,77,56,1,55,74,2,72,143,1,142,135,3,132,54,0,54
S01009834,800,8,792,170,1,169,91,0,91,159,4,155,210,2,208,119,0,119,51,1,50
S01009835,502,3,499,85,0,85,68,1,67,70,0,70,123,2,121,76,0,76,80,0,80
S01009836,942,11,931,127,1,126,100,1,99,100,1,99,213,2,211,223,4,219,179,2,177
S01009837,668,7,661,58,0,58,49,0,49,89,2,87,106,0,106,167,2,165,199,3,196
S01009838,736,13,723,101,0,101,72,1,71,125,1,124,174,3,171,118,4,114,146,4,142
S01009839,923,34,889,105,1,104,153,6,147,223,17,206,200,5,195,170,1,169,72,4,68
S01009840,947,7,940,99,1,98,101,1,100,103,0,103,169,0,169,226,5,221,249,0,249
S01009841,784,22,762,89,4,85,109,1,108,166,2,164,172,8,164,140,4,136,108,3,105
S01009842,630,9,621,106,0,106,96,2,94,145,3,142,159,3,156,97,0,97,27,1,26
S01009843,614,4,610,118,0,118,63,0,63,108,3,105,148,1,147,99,0,99,78,0,78
S01009844,549,5,544,72,0,72,83,0,83,105,1,104,130,2,128,78,2,76,81,0,81
S01009845,702,9,693,90,1,89,119,2,117,190,3,187,173,2,171,108,1,107,22,0,22
S01009846,825,15,810,111,1,110,108,3,105,133,5,128,193,4,189,194,0,194,86,2,84
S01009847,555,10,545,86,1,85,71,1,70,141,4,137,112,4,108,104,0,104,41,0,41
S01009848,844,15,829,106,1,105,123,2,121,96,0,96,178,4,174,192,4,188,149,4,145
S01009849,725,19,706,63,1,62,49,1,48,125,7,118,150,3,147,121,2,119,217,5,212
S01009850,861,14,847,96,0,96,86,1,85,120,4,116,203,5,198,148,1,147,208,3,205
S01009851,811,11,800,72,0,72,73,0,73,73,1,72,162,4,158,187,3,184,244,3,241
S01009852,591,13,578,96,6,90,66,1,65,67,2,65,121,4,117,101,0,101,140,0,140
S01009853,839,22,817,131,4,127,81,0,81,107,1,106,177,5,172,159,7,152,184,5,179
S01009854,840,15,825,150,1,149,90,0,90,146,7,139,205,2,203,154,4,150,95,1,94
S01009855,552,15,537,62,1,61,72,2,70,53,1,52,135,2,133,125,6,119,105,3,102
S01009856,622,13,609,74,0,74,82,2,80,55,2,53,126,3,123,133,4,129,152,2,150
S01009857,872,24,848,140,8,132,106,0,106,84,4,80,194,7,187,165,2,163,183,3,180
S01009858,725,11,714,92,2,90,94,1,93,74,1,73,150,2,148,164,3,161,151,2,149
S01009859,1003,16,987,119,0,119,132,6,126,159,3,156,201,3,198,203,1,202,189,3,186
S01009860,899,6,893,106,0,106,128,2,126,107,3,104,193,1,192,173,0,173,192,0,192
S01009861,1058,28,1030,162,1,161,145,2,143,211,11,200,250,3,247,143,3,140,147,8,139
S01009862,1074,36,1038,113,3,110,113,4,109,278,12,266,237,6,231,174,5,169,159,6,153
S01009863,760,16,744,74,2,72,109,0,109,206,7,199,195,1,194,119,3,116,57,3,54
S01009864,577,34,543,64,3,61,111,12,99,134,10,124,141,6,135,77,0,77,50,3,47
S01009865,439,10,429,44,0,44,59,2,57,111,5,106,115,0,115,64,0,64,46,3,43
S01009866,851,23,828,69,2,67,122,2,120,169,6,163,173,3,170,180,6,174,138,4,134
S01009867,1001,28,973,53,1,52,150,7,143,277,10,267,250,7,243,135,1,134,136,2,134
S01009868,682,23,659,60,1,59,105,5,100,215,7,208,129,0,129,75,2,73,98,8,90
S01009869,507,19,488,43,3,40,90,3,87,201,4,197,107,4,103,39,1,38,27,4,23
S01009870,586,16,570,88,0,88,85,7,78,149,4,145,133,2,131,89,1,88,42,2,40
S01009871,953,15,938,100,2,98,78,0,78,137,3,134,233,6,227,161,1,160,244,3,241
S01009872,693,17,676,88,1,87,101,0,101,200,4,196,160,5,155,84,1,83,60,6,54
S01009873,891,16,875,103,0,103,84,0,84,122,5,117,215,3,212,166,2,164,201,6,195
S01009874,1007,22,985,139,3,136,108,0,108,121,4,117,213,6,207,250,6,244,176,3,173
S01009875,656,4,652,139,0,139,136,1,135,173,0,173,110,1,109,65,2,63,33,0,33
S01009876,697,12,685,171,0,171,111,0,111,132,5,127,173,2,171,67,2,65,43,3,40
S01009877,857,19,838,96,7,89,103,2,101,120,1,119,191,3,188,182,2,180,165,4,161
S01009878,680,13,667,138,1,137,102,2,100,135,6,129,167,4,163,75,0,75,63,0,63
S01009879,893,8,885,160,1,159,79,1,78,71,0,71,226,2,224,215,2,213,142,2,140
S01009880,763,10,753,151,1,150,107,4,103,117,0,117,167,2,165,129,2,127,92,1,91
S01009881,496,12,484,94,0,94,87,2,85,129,5,124,107,0,107,60,4,56,19,1,18
S01009882,1025,28,997,89,1,88,149,5,144,455,12,443,223,8,215,83,2,81,26,0,26
S01009883,774,15,759,172,0,172,111,4,107,213,3,210,158,6,152,88,1,87,32,1,31
S01009884,774,9,765,140,2,138,87,1,86,211,3,208,221,3,218,72,0,72,43,0,43
S01009885,846,6,840,183,2,181,125,1,124,181,1,180,166,2,164,115,0,115,76,0,76
S01009886,777,3,774,151,0,151,129,1,128,138,0,138,153,1,152,107,0,107,99,1,98
S01009887,927,21,906,153,3,150,138,7,131,217,2,215,263,7,256,94,2,92,62,0,62
S01009888,680,12,668,153,0,153,89,4,85,143,2,141,184,3,181,66,2,64,45,1,44
S01009889,782,18,764,130,1,129,107,3,104,202,5,197,186,5,181,69,2,67,88,2,86
S01009890,523,8,515,84,0,84,68,3,65,109,4,105,141,1,140,70,0,70,51,0,51
S01009891,704,13,691,69,2,67,83,0,83,159,5,154,152,2,150,125,3,122,116,1,115
S01009892,772,15,757,64,0,64,85,2,83,184,3,181,217,6,211,135,2,133,87,2,85
S01009893,796,26,770,124,6,118,105,7,98,220,7,213,192,3,189,98,1,97,57,2,55
S01009894,779,10,769,90,1,89,68,1,67,179,3,176,177,4,173,130,0,130,135,1,134
S01009895,699,12,687,79,0,79,75,3,72,118,1,117,215,2,213,144,6,138,68,0,68
S01009896,934,24,910,165,0,165,108,1,107,153,7,146,223,5,218,180,11,169,105,0,105
S01009897,914,10,904,104,0,104,92,0,92,195,2,193,186,2,184,161,3,158,176,3,173
S01009898,595,8,587,105,0,105,72,2,70,85,2,83,117,2,115,111,1,110,105,1,104
S01009899,746,16,730,62,3,59,49,1,48,259,7,252,181,3,178,100,1,99,95,1,94
S01009900,798,18,780,57,1,56,56,2,54,310,9,301,221,5,216,109,0,109,45,1,44
S01009901,826,18,808,85,1,84,66,2,64,295,7,288,238,3,235,87,3,84,55,2,53
S01009902,885,9,876,81,0,81,86,0,86,105,5,100,167,3,164,206,1,205,240,0,240
S01009903,785,17,768,133,2,131,115,3,112,180,0,180,209,5,204,103,7,96,45,0,45
S01009904,762,8,754,66,0,66,75,0,75,220,4,216,176,3,173,106,1,105,119,0,119
S01009905,714,15,699,92,2,90,114,0,114,211,4,207,187,5,182,68,3,65,42,1,41
S01009906,633,17,616,76,3,73,91,3,88,188,3,185,164,6,158,75,2,73,39,0,39
S01009907,761,11,750,31,0,31,125,2,123,248,5,243,189,1,188,123,2,121,45,1,44
S01009908,992,24,968,136,6,130,122,0,122,240,7,233,274,5,269,152,5,147,68,1,67
S01009909,814,16,798,47,0,47,103,4,99,286,3,283,214,6,208,111,1,110,53,2,51
S01009910,513,12,501,58,0,58,62,1,61,177,7,170,144,3,141,51,1,50,21,0,21
S01009911,960,20,940,120,4,116,83,0,83,148,3,145,239,9,230,198,3,195,172,1,171
S01009912,934,14,920,144,1,143,85,0,85,97,0,97,217,5,212,168,2,166,223,6,217
S01009913,695,3,692,104,0,104,108,1,107,103,0,103,135,2,133,179,0,179,66,0,66
S01009914,950,16,934,131,5,126,98,0,98,96,0,96,214,3,211,225,4,221,186,4,182
S01009915,838,16,822,86,1,85,94,0,94,116,0,116,198,8,190,208,3,205,136,4,132
S01009916,950,9,941,174,3,171,115,0,115,128,1,127,207,1,206,188,0,188,138,4,134
S01009917,674,6,668,82,0,82,47,0,47,125,2,123,174,0,174,149,3,146,97,1,96
S01009918,693,10,683,115,2,113,66,1,65,69,1,68,163,3,160,186,2,184,94,1,93
S01009919,1057,18,1039,109,1,108,125,5,120,300,6,294,182,0,182,153,3,150,188,3,185
S01009920,811,20,791,29,0,29,79,2,77,331,11,320,189,1,188,100,2,98,83,4,79
S01009921,615,13,602,22,0,22,60,1,59,252,5,247,158,3,155,76,2,74,47,2,45
S01009922,990,23,967,50,1,49,95,3,92,396,8,388,217,5,212,144,4,140,88,2,86
S01009923,838,19,819,50,0,50,67,1,66,225,3,222,208,3,205,161,6,155,127,6,121
S01009924,986,23,963,90,1,89,107,5,102,351,7,344,214,6,208,131,2,129,93,2,91
S01009925,635,16,619,33,0,33,63,1,62,287,6,281,157,7,150,64,1,63,31,1,30
S01009926,749,17,732,89,1,88,81,2,79,219,6,213,189,7,182,81,0,81,90,1,89
S01009927,485,11,474,42,2,40,48,1,47,121,1,120,104,4,100,76,0,76,94,3,91
S01009928,823,11,812,60,0,60,63,0,63,174,5,169,230,4,226,180,2,178,116,0,116
S01009929,477,8,469,54,0,54,34,1,33,74,1,73,130,3,127,100,3,97,85,0,85
S01009930,814,17,797,56,2,54,75,1,74,309,3,306,187,7,180,118,3,115,69,1,68
S01009931,727,18,709,35,0,35,69,1,68,290,7,283,190,6,184,96,3,93,47,1,46
S01009932,601,11,590,25,0,25,51,1,50,235,4,231,142,2,140,77,2,75,71,2,69
S01009933,868,17,851,106,5,101,78,2,76,202,1,201,251,8,243,138,1,137,93,0,93
S01009934,886,15,871,133,2,131,84,4,80,210,4,206,197,3,194,150,1,149,112,1,111
S01009935,535,12,523,33,2,31,31,1,30,56,0,56,114,4,110,121,1,120,180,4,176
S01009936,624,9,615,56,0,56,55,0,55,115,4,111,154,1,153,135,1,134,109,3,106
S01009937,503,8,495,102,1,101,73,0,73,57,1,56,97,1,96,74,2,72,100,3,97
S01009938,914,8,906,96,0,96,76,0,76,115,2,113,161,1,160,194,1,193,272,4,268
S01009939,856,23,833,169,10,159,137,3,134,154,4,150,245,5,240,94,0,94,57,1,56
S01009940,808,1,807,130,0,130,96,0,96,95,0,95,157,0,157,193,1,192,137,0,137
S01009941,983,9,974,229,3,226,152,1,151,122,3,119,275,1,274,159,1,158,46,0,46
S01009942,987,10,977,151,1,150,138,0,138,137,4,133,235,1,234,158,2,156,168,2,166
S01009943,812,5,807,141,0,141,108,1,107,101,0,101,163,2,161,155,2,153,144,0,144
S01009944,775,6,769,117,0,117,109,0,109,111,2,109,145,0,145,145,1,144,148,3,145
S01009945,928,20,908,138,1,137,113,0,113,153,8,145,200,4,196,147,3,144,177,4,173
S01009946,786,9,777,114,3,111,119,1,118,84,1,83,188,1,187,148,1,147,133,2,131
S01009947,554,6,548,84,0,84,49,1,48,86,0,86,106,2,104,117,2,115,112,1,111
S01009948,803,13,790,132,1,131,87,1,86,91,3,88,172,4,168,154,1,153,167,3,164
S01009949,788,9,779,121,0,121,95,0,95,120,4,116,162,1,161,136,1,135,154,3,151
S01009950,699,9,690,106,0,106,87,0,87,78,1,77,152,0,152,168,6,162,108,2,106
S01009951,739,15,724,124,0,124,97,5,92,59,0,59,153,2,151,209,4,205,97,4,93
S01009952,701,14,687,102,0,102,65,0,65,67,0,67,165,5,160,156,3,153,146,6,140
S01009953,849,10,839,115,2,113,90,0,90,117,0,117,172,5,167,205,0,205,150,3,147
S01009954,616,2,614,105,0,105,87,0,87,67,1,66,144,0,144,140,1,139,73,0,73
S01009955,976,16,960,122,2,120,101,0,101,119,2,117,217,7,210,187,3,184,230,2,228
S01009956,718,6,712,101,0,101,82,0,82,128,1,127,124,1,123,153,1,152,130,3,127
S01009957,735,14,721,124,0,124,57,0,57,76,3,73,168,3,165,188,5,183,122,3,119
S01009958,878,15,863,131,2,129,67,3,64,119,1,118,229,4,225,210,2,208,122,3,119
S01009959,642,8,634,86,0,86,64,0,64,57,0,57,108,0,108,176,3,173,151,5,146
S01009960,874,16,858,116,3,113,99,0,99,96,1,95,158,3,155,186,1,185,219,8,211
S01009961,656,11,645,76,0,76,88,1,87,63,0,63,135,2,133,151,5,146,143,3,140
S01009962,966,15,951,78,2,76,95,1,94,217,3,214,267,7,260,155,0,155,154,2,152
S01009963,784,8,776,119,2,117,94,1,93,89,0,89,175,3,172,183,0,183,124,2,122
S01009964,884,15,869,141,0,141,108,2,106,122,0,122,228,3,225,184,5,179,101,5,96
S01009965,699,10,689,86,1,85,75,1,74,50,3,47,141,1,140,198,4,194,149,0,149
S01009966,743,14,729,98,2,96,83,0,83,84,1,83,156,4,152,211,5,206,111,2,109
S01009967,787,13,774,87,0,87,74,2,72,81,2,79,173,3,170,208,3,205,164,3,161
S01009968,597,9,588,74,0,74,85,1,84,57,1,56,116,1,115,157,4,153,108,2,106
S01009969,828,5,823,128,0,128,89,0,89,53,0,53,193,0,193,185,3,182,180,2,178
S01009970,902,8,894,169,2,167,103,0,103,149,0,149,184,0,184,149,3,146,148,3,145
S01009971,1053,14,1039,193,1,192,136,1,135,115,0,115,311,9,302,187,3,184,111,0,111
S01009972,794,5,789,114,0,114,85,0,85,122,1,121,166,1,165,145,0,145,162,3,159
S01009973,700,0,700,135,0,135,90,0,90,76,0,76,202,0,202,153,0,153,44,0,44
S01009974,593,1,592,125,0,125,70,1,69,96,0,96,114,0,114,120,0,120,68,0,68
S01009975,763,4,759,134,1,133,100,0,100,77,0,77,172,0,172,155,2,153,125,1,124
S01009976,469,5,464,84,0,84,53,1,52,81,2,79,109,2,107,94,0,94,48,0,48
S01009977,909,5,904,96,1,95,79,0,79,99,0,99,193,3,190,246,1,245,196,0,196
S01009978,985,9,976,212,0,212,147,0,147,128,4,124,260,3,257,177,0,177,61,2,59
S01009979,576,4,572,60,0,60,50,0,50,52,1,51,102,0,102,133,2,131,179,1,178
S01009980,631,6,625,90,0,90,102,0,102,57,1,56,129,2,127,136,1,135,117,2,115
S01009981,667,4,663,135,0,135,88,1,87,100,0,100,157,2,155,113,1,112,74,0,74
S01009982,976,7,969,209,1,208,135,0,135,159,2,157,255,2,253,153,2,151,65,0,65
S01009983,546,11,535,120,2,118,92,1,91,109,4,105,125,2,123,69,2,67,31,0,31
S01009984,720,12,708,140,2,138,84,1,83,147,3,144,183,4,179,117,2,115,49,0,49
S01009985,590,4,586,123,0,123,97,0,97,105,1,104,139,2,137,85,1,84,41,0,41
S01009986,529,2,527,83,0,83,57,0,57,61,0,61,118,1,117,121,0,121,89,1,88
S01009987,865,4,861,118,0,118,73,0,73,97,0,97,157,0,157,198,1,197,222,3,219
S01009988,492,7,485,45,1,44,57,1,56,56,0,56,98,0,98,112,1,111,124,4,120
S01009989,783,10,773,113,0,113,110,2,108,118,3,115,175,3,172,154,1,153,113,1,112
S01009990,656,5,651,103,0,103,95,0,95,129,1,128,148,2,146,108,0,108,73,2,71
S01009991,761,0,761,136,0,136,121,0,121,122,0,122,184,0,184,139,0,139,59,0,59
S01009992,682,5,677,109,1,108,73,0,73,75,2,73,149,0,149,138,2,136,138,0,138
S01009993,789,12,777,130,1,129,101,3,98,151,0,151,187,4,183,136,2,134,84,2,82
S01009994,681,12,669,149,1,148,87,2,85,113,3,110,169,3,166,106,2,104,57,1,56
S01009995,630,5,625,95,1,94,120,1,119,93,1,92,146,2,144,122,0,122,54,0,54
S01009996,706,8,698,134,1,133,102,0,102,140,2,138,141,2,139,127,1,126,62,2,60
S01009997,556,13,543,86,5,81,76,0,76,115,5,110,119,1,118,100,2,98,60,0,60
S01009998,621,9,612,97,2,95,68,0,68,63,1,62,117,4,113,135,2,133,141,0,141
S01009999,707,3,704,110,0,110,95,1,94,71,0,71,147,0,147,158,2,156,126,0,126
S01010000,595,16,579,104,2,102,79,3,76,119,5,114,130,2,128,114,2,112,49,2,47
S01010001,752,6,746,135,1,134,99,0,99,124,3,121,177,1,176,128,1,127,89,0,89
S01010002,755,7,748,111,0,111,112,0,112,105,0,105,188,5,183,156,2,154,83,0,83
S01010003,688,5,683,117,0,117,82,1,81,71,1,70,148,0,148,172,3,169,98,0,98
S01010004,712,14,698,95,2,93,100,2,98,68,0,68,132,3,129,182,1,181,135,6,129
S01010005,735,17,718,53,0,53,84,2,82,184,6,178,203,3,200,116,2,114,95,4,91
S01010006,858,17,841,48,1,47,78,4,74,272,4,268,180,6,174,139,2,137,141,0,141
S01010007,924,18,906,119,5,114,118,0,118,134,0,134,215,6,209,193,3,190,145,4,141
S01010008,596,8,588,29,0,29,60,0,60,201,6,195,136,1,135,113,0,113,57,1,56
S01010009,546,9,537,18,0,18,59,1,58,204,2,202,153,4,149,74,2,72,38,0,38
S01010010,1005,14,991,147,1,146,105,0,105,133,0,133,236,3,233,206,4,202,178,6,172
S01010011,715,8,707,12,0,12,37,0,37,191,2,189,147,3,144,139,2,137,189,1,188
S01010012,810,4,806,125,0,125,109,0,109,83,1,82,167,0,167,188,1,187,138,2,136
S01010013,760,19,741,62,0,62,83,0,83,186,5,181,215,9,206,109,3,106,105,2,103
S01010014,971,13,958,97,0,97,89,2,87,183,4,179,296,3,293,192,1,191,114,3,111
S01010015,791,9,782,80,1,79,99,4,95,266,1,265,218,1,217,90,1,89,38,1,37
S01010016,704,9,695,93,2,91,82,0,82,83,1,82,135,1,134,136,3,133,175,2,173
S01010017,708,8,700,102,1,101,115,1,114,84,3,81,174,3,171,109,0,109,124,0,124
S01010018,898,11,887,100,0,100,102,2,100,151,3,148,202,3,199,142,1,141,201,2,199
S01010019,698,6,692,112,0,112,85,1,84,88,1,87,148,0,148,134,2,132,131,2,129
S01010020,723,12,711,96,2,94,89,1,88,64,3,61,161,2,159,149,1,148,164,3,161
S01010021,769,6,763,145,0,145,128,2,126,120,0,120,190,1,189,112,1,111,74,2,72
S01010022,902,10,892,129,1,128,118,0,118,187,3,184,205,3,202,150,1,149,113,2,111
S01010023,625,4,621,89,0,89,53,0,53,71,0,71,115,3,112,119,0,119,178,1,177
S01010024,717,11,706,92,1,91,103,3,100,130,2,128,170,4,166,128,0,128,94,1,93
S01010025,525,10,515,54,1,53,62,1,61,86,3,83,150,3,147,107,1,106,66,1,65
S01010026,844,15,829,86,3,83,130,1,129,184,6,178,241,4,237,134,0,134,69,1,68
S01010027,871,13,858,110,0,110,158,4,154,206,5,201,194,3,191,110,1,109,93,0,93
S01010028,620,5,615,73,0,73,65,3,62,116,0,116,137,0,137,91,2,89,138,0,138
S01010029,644,9,635,70,1,69,53,0,53,67,1,66,122,2,120,133,4,129,199,1,198
S01010030,786,18,768,82,0,82,121,7,114,216,5,211,201,5,196,96,0,96,70,1,69
S01010031,739,18,721,9,0,9,207,8,199,325,6,319,122,1,121,57,3,54,19,0,19
S01010032,827,39,788,23,0,23,363,27,336,271,5,266,129,6,123,34,1,33,7,0,7
S01010033,883,8,875,114,1,113,117,0,117,217,4,213,213,2,211,134,1,133,88,0,88
S01010034,965,30,935,83,0,83,196,10,186,167,10,157,169,6,163,156,2,154,194,2,192
S01010035,651,21,630,78,1,77,99,10,89,135,7,128,184,2,182,85,0,85,70,1,69
S01010036,786,35,751,19,0,19,374,27,347,298,7,291,72,0,72,23,1,22,0,0,0
S01010037,624,11,613,59,2,57,61,4,57,92,3,89,114,1,113,110,0,110,188,1,187
S01010038,969,11,958,102,1,101,162,2,160,165,4,161,191,0,191,192,3,189,157,1,156
S01010039,948,35,913,17,1,16,341,21,320,345,11,334,163,1,162,60,1,59,22,0,22
S01010040,720,18,702,54,0,54,81,3,78,234,6,228,186,6,180,117,3,114,48,0,48
S01010041,642,15,627,15,1,14,147,7,140,163,2,161,177,3,174,89,2,87,51,0,51
S01010042,1047,31,1016,73,0,73,217,15,202,425,10,415,186,4,182,97,2,95,49,0,49
S01010043,736,11,725,80,0,80,91,5,86,171,4,167,179,2,177,128,0,128,87,0,87
S01010044,1089,17,1072,96,0,96,126,0,126,287,6,281,201,8,193,165,0,165,214,3,211
S01010045,517,5,512,99,0,99,75,3,72,68,1,67,90,0,90,89,0,89,96,1,95
S01010046,724,4,720,77,0,77,80,2,78,142,2,140,163,0,163,150,0,150,112,0,112
S01010047,808,12,796,114,0,114,90,2,88,101,2,99,191,6,185,143,1,142,169,1,168
S01010048,919,3,916,109,0,109,118,2,116,129,0,129,182,1,181,203,0,203,178,0,178
S01010049,760,20,740,156,6,150,99,1,98,126,11,115,168,1,167,127,0,127,84,1,83
S01010050,959,7,952,152,0,152,133,1,132,159,0,159,199,5,194,180,1,179,136,0,136
S01010051,688,5,683,82,0,82,65,1,64,93,0,93,142,1,141,149,3,146,157,0,157
S01010052,627,8,619,72,0,72,64,0,64,135,6,129,152,1,151,127,1,126,77,0,77
S01010053,823,5,818,123,0,123,160,2,158,179,0,179,153,1,152,109,0,109,99,2,97
S01010054,533,3,530,122,0,122,70,0,70,87,0,87,119,2,117,96,1,95,39,0,39
S01010055,1099,11,1088,138,0,138,139,0,139,152,2,150,271,4,267,226,3,223,173,2,171
S01010056,434,0,434,74,0,74,65,0,65,60,0,60,117,0,117,83,0,83,35,0,35
S01010057,383,4,379,49,1,48,58,0,58,85,3,82,83,0,83,46,0,46,62,0,62
S01010058,750,2,748,137,0,137,111,1,110,129,0,129,196,0,196,109,1,108,68,0,68
S01010059,589,8,581,41,0,41,97,2,95,146,2,144,134,3,131,94,0,94,77,1,76
S01010060,873,11,862,105,1,104,106,2,104,136,1,135,226,5,221,188,2,186,112,0,112
S01010061,482,2,480,63,0,63,65,0,65,122,0,122,119,1,118,65,1,64,48,0,48
S01010062,718,2,716,124,0,124,82,1,81,105,0,105,156,1,155,121,0,121,130,0,130
S01010063,956,9,947,102,0,102,132,2,130,157,3,154,207,3,204,198,1,197,160,0,160
S01010064,525,4,521,83,0,83,59,3,56,88,0,88,118,1,117,110,0,110,67,0,67
S01010065,820,1,819,111,0,111,99,0,99,111,0,111,152,0,152,192,1,191,155,0,155
S01010066,727,2,725,119,0,119,125,1,124,89,0,89,170,1,169,121,0,121,103,0,103
S01010067,581,6,575,113,1,112,92,1,91,95,2,93,121,2,119,98,0,98,62,0,62
S01010068,599,2,597,75,0,75,96,1,95,141,1,140,117,0,117,79,0,79,91,0,91
S01010069,814,6,808,116,2,114,101,0,101,137,1,136,180,3,177,189,0,189,91,0,91
S01010070,653,1,652,97,0,97,105,0,105,73,1,72,145,0,145,193,0,193,40,0,40
S01010071,786,1,785,106,0,106,81,0,81,83,0,83,195,0,195,161,1,160,160,0,160
S01010072,776,6,770,83,1,82,80,0,80,84,0,84,162,1,161,203,4,199,164,0,164
S01010073,767,8,759,96,0,96,69,0,69,57,2,55,164,0,164,178,2,176,203,4,199
S01010074,761,9,752,67,0,67,76,1,75,73,0,73,129,2,127,177,1,176,239,5,234
S01010075,604,2,602,63,0,63,52,0,52,64,0,64,93,0,93,139,1,138,193,1,192
S01010076,658,9,649,105,3,102,75,0,75,93,2,91,148,4,144,135,0,135,102,0,102
S01010077,605,3,602,94,0,94,65,1,64,63,0,63,138,2,136,139,0,139,106,0,106
S01010078,613,2,611,103,0,103,72,0,72,51,0,51,137,0,137,185,1,184,65,1,64
S01010079,910,5,905,117,0,117,126,0,126,48,0,48,211,4,207,226,1,225,182,0,182
S01010080,640,2,638,63,0,63,71,0,71,36,0,36,127,0,127,162,1,161,181,1,180
S01010081,698,3,695,81,0,81,89,1,88,39,0,39,130,0,130,172,1,171,187,1,186
S01010082,841,5,836,99,0,99,107,0,107,108,0,108,195,0,195,177,3,174,155,2,153
S01010083,691,3,688,82,0,82,90,0,90,82,0,82,136,2,134,137,0,137,164,1,163
S01010084,856,4,852,106,2,104,96,1,95,101,0,101,187,0,187,174,1,173,192,0,192
S01010085,745,2,743,88,0,88,86,0,86,62,0,62,161,0,161,191,1,190,157,1,156
S01010086,892,2,890,114,1,113,121,0,121,85,0,85,196,1,195,202,0,202,174,0,174
S01010087,565,5,560,59,0,59,52,0,52,25,0,25,118,2,116,156,0,156,155,3,152
S01010088,790,9,781,178,0,178,78,0,78,137,3,134,303,5,298,70,1,69,24,0,24
S01010089,666,6,660,48,0,48,94,0,94,91,0,91,133,1,132,147,1,146,153,4,149
S01010090,1062,5,1057,187,0,187,158,0,158,104,0,104,258,1,257,226,2,224,129,2,127
S01010091,821,7,814,147,3,144,105,2,103,136,1,135,247,0,247,131,0,131,55,1,54
S01010092,949,6,943,127,1,126,104,1,103,93,1,92,190,1,189,197,0,197,238,2,236
S01010093,838,2,836,107,0,107,127,0,127,104,0,104,191,0,191,187,0,187,122,2,120
S01010094,667,5,662,103,0,103,77,1,76,58,1,57,136,0,136,151,1,150,142,2,140
S01010095,679,2,677,85,0,85,88,0,88,53,0,53,154,1,153,162,0,162,137,1,136
S01010096,734,0,734,117,0,117,97,0,97,59,0,59,207,0,207,154,0,154,100,0,100
S01010097,713,3,710,110,0,110,94,0,94,54,0,54,182,1,181,143,1,142,130,1,129
S01010098,707,7,700,107,0,107,83,1,82,49,0,49,176,2,174,161,3,158,131,1,130
S01010099,680,5,675,88,0,88,81,0,81,44,0,44,162,1,161,150,3,147,155,1,154
S01010100,868,10,858,102,0,102,96,2,94,72,2,70,187,3,184,226,2,224,185,1,184
S01010101,727,3,724,83,0,83,80,0,80,65,0,65,141,0,141,200,1,199,158,2,156
S01010102,913,2,911,164,0,164,150,0,150,100,0,100,258,1,257,200,1,199,41,0,41
S01010103,937,8,929,163,3,160,146,2,144,101,0,101,303,2,301,177,0,177,47,1,46
S01010104,723,2,721,169,0,169,96,0,96,95,0,95,237,1,236,102,1,101,24,0,24
S01010105,391,2,389,78,0,78,81,1,80,67,0,67,85,0,85,65,1,64,15,0,15
S01010106,419,2,417,62,1,61,49,0,49,59,0,59,97,0,97,73,1,72,79,0,79
S01010107,759,5,754,112,0,112,130,1,129,107,0,107,183,0,183,146,3,143,81,1,80
S01010108,713,5,708,90,0,90,61,0,61,88,0,88,142,2,140,222,2,220,110,1,109
S01010109,778,3,775,119,0,119,135,0,135,126,0,126,162,2,160,121,1,120,115,0,115
S01010110,789,1,788,105,0,105,86,0,86,81,1,80,174,0,174,176,0,176,167,0,167
S01010111,944,5,939,190,1,189,139,0,139,121,0,121,206,0,206,188,4,184,100,0,100
S01010112,907,5,902,179,1,178,155,0,155,114,2,112,228,1,227,159,1,158,72,0,72
S01010113,523,2,521,128,0,128,58,0,58,92,0,92,117,2,115,79,0,79,49,0,49
S01010114,741,13,728,127,5,122,97,0,97,107,2,105,163,6,157,152,0,152,95,0,95
S01010115,616,4,612,130,0,130,86,1,85,78,1,77,173,1,172,110,1,109,39,0,39
S01010116,954,4,950,160,0,160,160,1,159,229,0,229,237,1,236,129,2,127,39,0,39
S01010117,610,2,608,108,0,108,62,0,62,137,1,136,192,1,191,76,0,76,35,0,35
S01010118,653,2,651,175,0,175,94,1,93,76,0,76,147,0,147,107,1,106,54,0,54
S01010119,516,1,515,127,0,127,83,0,83,90,1,89,123,0,123,67,0,67,26,0,26
S01010120,1014,9,1005,242,1,241,159,1,158,130,3,127,257,2,255,151,1,150,75,1,74
S01010121,642,1,641,110,0,110,112,0,112,85,1,84,139,0,139,125,0,125,71,0,71
S01010122,455,1,454,75,0,75,57,0,57,37,0,37,102,0,102,110,0,110,74,1,73
S01010123,697,6,691,162,1,161,100,3,97,126,0,126,154,0,154,89,2,87,66,0,66
S01010124,615,5,610,109,0,109,83,1,82,129,1,128,156,2,154,107,1,106,31,0,31
S01010125,515,2,513,113,0,113,60,1,59,99,1,98,136,0,136,81,0,81,26,0,26
S01010126,702,0,702,109,0,109,90,0,90,83,0,83,208,0,208,147,0,147,65,0,65
S01010127,605,6,599,79,0,79,64,1,63,58,1,57,129,3,126,142,0,142,133,1,132
S01010128,465,2,463,122,0,122,85,0,85,58,2,56,107,0,107,60,0,60,33,0,33
S01010129,693,7,686,143,2,141,119,1,118,90,0,90,173,3,170,104,1,103,64,0,64
S01010130,398,0,398,57,0,57,53,0,53,33,0,33,82,0,82,76,0,76,97,0,97
S01010131,962,4,958,122,0,122,112,0,112,54,0,54,212,0,212,244,3,241,218,1,217
S01010132,936,5,931,127,0,127,123,0,123,95,3,92,201,1,200,171,0,171,219,1,218
S01010133,700,7,693,93,0,93,73,0,73,76,1,75,142,0,142,143,2,141,173,4,169
S01010134,957,4,953,117,0,117,97,0,97,118,0,118,204,0,204,178,2,176,243,2,241
S01010135,753,13,740,114,0,114,81,6,75,62,1,61,165,1,164,145,2,143,186,3,183
S01010136,783,9,774,104,3,101,101,1,100,71,1,70,189,1,188,168,3,165,150,0,150
S01010137,929,9,920,80,1,79,97,0,97,125,3,122,181,2,179,131,0,131,315,3,312
S01010138,917,5,912,76,0,76,71,0,71,107,0,107,215,2,213,255,2,253,193,1,192
S01010139,993,5,988,96,1,95,112,0,112,143,0,143,204,2,202,196,0,196,242,2,240
S01010140,700,7,693,104,4,100,92,0,92,172,2,170,193,0,193,102,0,102,37,1,36
S01010141,770,5,765,108,0,108,110,0,110,114,2,112,153,2,151,153,1,152,132,0,132
S01010142,552,1,551,61,0,61,95,0,95,73,0,73,132,0,132,129,1,128,62,0,62
S01010143,718,5,713,86,0,86,62,0,62,68,1,67,145,1,144,149,2,147,208,1,207
S01010144,675,13,662,100,0,100,77,0,77,157,2,155,171,6,165,119,3,116,51,2,49
S01010145,748,7,741,98,0,98,90,3,87,156,2,154,132,1,131,147,0,147,125,1,124
S01010146,730,8,722,103,1,102,108,1,107,124,3,121,199,1,198,137,2,135,59,0,59
S01010147,907,4,903,161,0,161,148,0,148,147,2,145,220,2,218,151,0,151,80,0,80
S01010148,753,1,752,152,0,152,115,0,115,111,0,111,165,0,165,117,1,116,93,0,93
S01010149,562,6,556,66,0,66,86,0,86,116,3,113,126,1,125,48,1,47,120,1,119
S01010150,598,3,595,58,0,58,60,0,60,46,0,46,119,0,119,147,1,146,168,2,166
S01010151,616,1,615,66,0,66,59,0,59,47,1,46,105,0,105,114,0,114,225,0,225
S01010152,822,10,812,86,0,86,87,6,81,102,0,102,154,0,154,169,3,166,224,1,223
S01010153,920,10,910,95,1,94,100,1,99,69,1,68,192,3,189,194,3,191,270,1,269
S01010154,865,11,854,82,2,80,63,1,62,77,2,75,148,2,146,205,1,204,290,3,287
S01010155,724,4,720,60,0,60,62,0,62,56,0,56,117,1,116,184,2,182,245,1,244
S01010156,542,5,537,65,1,64,53,0,53,61,0,61,95,2,93,114,1,113,154,1,153
S01010157,557,1,556,70,0,70,82,0,82,47,0,47,122,0,122,120,0,120,116,1,115
S01010158,892,8,884,102,1,101,92,0,92,98,0,98,168,4,164,194,1,193,238,2,236
S01010159,716,7,709,88,0,88,53,0,53,75,4,71,138,1,137,142,2,140,220,0,220
S01010160,572,10,562,99,2,97,98,1,97,124,3,121,142,3,139,80,1,79,29,0,29
S01010161,615,2,613,131,0,131,84,0,84,68,0,68,191,0,191,96,1,95,45,1,44
S01010162,806,5,801,167,1,166,116,1,115,133,2,131,147,0,147,104,0,104,139,1,138
S01010163,579,4,575,114,0,114,92,0,92,76,0,76,139,2,137,85,0,85,73,2,71
S01010164,778,5,773,150,2,148,102,0,102,92,0,92,141,2,139,144,1,143,149,0,149
S01010165,597,6,591,107,0,107,99,1,98,85,3,82,107,0,107,114,2,112,85,0,85
S01010166,685,1,684,79,0,79,69,0,69,84,0,84,144,0,144,172,1,171,137,0,137
S01010167,756,1,755,64,0,64,58,0,58,85,0,85,131,1,130,207,0,207,211,0,211
S01010168,474,2,472,77,0,77,62,0,62,89,0,89,110,0,110,76,2,74,60,0,60
S01010169,848,8,840,182,0,182,127,0,127,130,5,125,198,2,196,104,1,103,107,0,107
S01010170,505,2,503,70,0,70,64,0,64,74,1,73,118,0,118,117,1,116,62,0,62
S01010171,977,3,974,194,1,193,170,0,170,112,1,111,216,0,216,149,0,149,136,1,135
S01010172,681,7,674,57,1,56,28,1,27,98,1,97,120,0,120,152,0,152,226,4,222
S01010173,736,6,730,97,2,95,82,0,82,72,0,72,169,4,165,131,0,131,185,0,185
S01010174,1394,32,1362,85,0,85,218,4,214,409,10,399,388,15,373,175,3,172,119,0,119
S01010175,460,0,460,76,0,76,56,0,56,47,0,47,109,0,109,94,0,94,78,0,78
S01010176,684,6,678,94,0,94,54,1,53,70,2,68,141,0,141,152,1,151,173,2,171
S01010177,728,5,723,157,0,157,116,0,116,101,1,100,155,1,154,118,3,115,81,0,81
S01010178,989,9,980,250,2,248,159,1,158,123,0,123,205,4,201,158,2,156,94,0,94
S01010179,805,8,797,115,2,113,101,1,100,118,0,118,169,1,168,184,3,181,118,1,117
S01010180,502,5,497,103,0,103,58,2,56,130,1,129,138,1,137,48,1,47,25,0,25
S01010181,606,6,600,117,1,116,65,1,64,66,0,66,124,0,124,125,1,124,109,3,106
S01010182,645,6,639,65,0,65,63,1,62,102,0,102,140,4,136,181,1,180,94,0,94
S01010183,454,3,451,63,0,63,46,0,46,38,0,38,94,3,91,103,0,103,110,0,110
S01010184,610,3,607,93,0,93,88,1,87,79,0,79,126,1,125,110,0,110,114,1,113
S01010185,610,3,607,123,0,123,74,0,74,76,1,75,147,0,147,88,0,88,102,2,100
S01010186,624,3,621,101,0,101,85,2,83,79,0,79,156,1,155,141,0,141,62,0,62
S01010187,611,1,610,63,0,63,82,0,82,93,0,93,160,1,159,152,0,152,61,0,61
S01010188,692,8,684,82,1,81,78,0,78,96,0,96,188,3,185,145,2,143,103,2,101
S01010189,933,24,909,194,9,185,120,1,119,134,4,130,317,9,308,143,0,143,25,1,24
S01010190,699,2,697,118,2,116,91,0,91,125,0,125,239,0,239,106,0,106,20,0,20
S01010191,693,2,691,162,0,162,70,0,70,101,0,101,219,2,217,112,0,112,29,0,29
S01010192,823,8,815,192,2,190,74,0,74,126,1,125,279,4,275,135,1,134,17,0,17
S01010193,778,4,774,93,0,93,92,0,92,88,0,88,199,0,199,138,2,136,168,2,166
S01010194,618,5,613,70,2,68,85,0,85,42,0,42,145,1,144,118,0,118,158,2,156
S01010195,524,2,522,93,1,92,71,1,70,45,0,45,138,0,138,90,0,90,87,0,87
S01010196,721,3,718,87,0,87,95,0,95,79,2,77,126,0,126,165,0,165,169,1,168
S01010197,644,5,639,96,0,96,99,0,99,84,1,83,130,0,130,139,2,137,96,2,94
S01010198,1013,3,1010,163,0,163,129,1,128,105,1,104,228,0,228,177,0,177,211,1,210
S01010199,497,4,493,85,3,82,72,0,72,59,0,59,114,0,114,86,0,86,81,1,80
S01010200,676,0,676,96,0,96,69,0,69,57,0,57,137,0,137,130,0,130,187,0,187
S01010201,622,3,619,111,0,111,63,1,62,72,0,72,153,0,153,99,0,99,124,2,122
S01010202,716,13,703,181,4,177,97,0,97,152,5,147,170,3,167,73,1,72,43,0,43
S01010203,647,3,644,130,0,130,83,1,82,84,0,84,204,1,203,99,0,99,47,1,46
S01010204,771,6,765,143,1,142,113,0,113,98,4,94,173,0,173,142,1,141,102,0,102
S01010205,637,11,626,69,0,69,64,1,63,113,2,111,158,2,156,132,5,127,101,1,100
S01010206,400,4,396,59,0,59,81,2,79,165,2,163,78,0,78,12,0,12,5,0,5
S01010207,726,17,709,250,9,241,105,1,104,99,1,98,161,6,155,59,0,59,52,0,52
S01010208,872,11,861,78,1,77,95,1,94,190,5,185,245,1,244,151,2,149,113,1,112
S01010209,941,11,930,121,1,120,93,1,92,126,3,123,220,1,219,154,2,152,227,3,224
S01010210,858,9,849,105,0,105,95,0,95,89,1,88,186,5,181,170,2,168,213,1,212
S01010211,836,12,824,123,1,122,116,1,115,84,3,81,177,4,173,145,1,144,191,2,189
S01010212,1038,12,1026,161,1,160,144,0,144,150,3,147,229,3,226,167,5,162,187,0,187
S01010213,900,9,891,104,0,104,78,0,78,106,4,102,189,1,188,177,2,175,246,2,244
S01010214,939,7,932,139,4,135,118,1,117,79,0,79,225,1,224,193,0,193,185,1,184
S01010215,812,11,801,107,3,104,81,1,80,95,1,94,175,1,174,140,1,139,214,4,210
S01010216,599,11,588,71,2,69,76,1,75,104,2,102,127,4,123,107,2,105,114,0,114
S01010217,787,3,784,165,0,165,136,2,134,167,0,167,182,1,181,89,0,89,48,0,48
S01010218,966,11,955,127,1,126,102,1,101,223,4,219,278,2,276,123,2,121,113,1,112
S01010219,469,19,450,69,5,64,60,1,59,127,8,119,119,3,116,49,1,48,45,1,44
S01010220,453,8,445,19,1,18,94,2,92,194,4,190,99,1,98,41,0,41,6,0,6
S01010221,534,6,528,64,0,64,71,1,70,69,1,68,104,3,101,85,0,85,141,1,140
S01010222,479,7,472,42,0,42,77,2,75,96,2,94,111,1,110,83,1,82,70,1,69
S01010223,538,5,533,43,0,43,69,1,68,80,1,79,133,1,132,120,1,119,93,1,92
S01010224,989,13,976,190,4,186,141,1,140,159,3,156,208,2,206,162,2,160,129,1,128
S01010225,761,6,755,97,2,95,114,0,114,155,2,153,178,0,178,133,0,133,84,2,82
S01010226,767,15,752,178,3,175,100,2,98,130,6,124,232,4,228,78,0,78,49,0,49
S01010227,628,9,619,162,0,162,94,2,92,110,4,106,178,0,178,54,2,52,30,1,29
S01010228,679,11,668,64,0,64,64,1,63,90,5,85,133,2,131,117,1,116,211,2,209
S01010229,975,12,963,148,3,145,117,1,116,131,1,130,265,4,261,198,3,195,116,0,116
S01010230,934,9,925,100,0,100,96,1,95,253,4,249,232,4,228,125,0,125,128,0,128
S01010231,962,10,952,180,1,179,122,0,122,162,3,159,224,4,220,121,2,119,153,0,153
S01010232,1009,15,994,204,3,201,163,0,163,173,4,169,281,6,275,138,2,136,50,0,50
S01010233,901,13,888,163,2,161,115,2,113,195,3,192,223,4,219,119,2,117,86,0,86
S01010234,912,14,898,44,0,44,164,6,158,278,7,271,176,0,176,97,0,97,153,1,152
S01010235,859,10,849,22,0,22,274,5,269,324,3,321,107,0,107,23,2,21,109,0,109
S01010236,715,16,699,63,0,63,130,3,127,209,7,202,135,0,135,107,5,102,71,1,70
S01010237,625,14,611,50,2,48,87,4,83,203,4,199,133,3,130,85,1,84,67,0,67
S01010238,804,15,789,60,1,59,149,3,146,228,3,225,160,6,154,111,1,110,96,1,95
S01010239,765,11,754,91,0,91,92,4,88,158,2,156,127,1,126,169,2,167,128,2,126
S01010240,670,17,653,54,0,54,103,7,96,162,7,155,142,1,141,135,2,133,74,0,74
S01010241,997,22,975,61,1,60,94,8,86,292,8,284,201,3,198,160,2,158,189,0,189
S01010242,772,12,760,116,2,114,126,2,124,180,6,174,200,2,198,102,0,102,48,0,48
S01010243,985,15,970,137,2,135,189,1,188,244,2,242,250,8,242,112,1,111,53,1,52
S01010244,714,8,706,81,0,81,104,1,103,132,3,129,172,3,169,129,1,128,96,0,96
S01010245,910,11,899,126,1,125,141,2,139,138,3,135,213,3,210,182,2,180,110,0,110
S01010246,806,7,799,128,4,124,143,0,143,133,0,133,181,2,179,144,0,144,77,1,76
S01010247,713,2,711,66,0,66,82,0,82,96,0,96,134,0,134,195,1,194,140,1,139
S01010248,819,19,800,41,0,41,180,9,171,277,4,273,132,0,132,96,4,92,93,2,91
S01010249,659,27,632,25,0,25,173,12,161,199,10,189,130,2,128,65,2,63,67,1,66
S01010250,745,16,729,45,0,45,221,5,216,249,7,242,122,2,120,54,2,52,54,0,54
S01010251,639,15,624,73,1,72,172,6,166,241,5,236,96,2,94,43,1,42,14,0,14
S01010252,595,9,586,52,0,52,110,2,108,170,4,166,121,3,118,91,0,91,51,0,51
S01010253,601,2,599,74,0,74,89,1,88,103,1,102,125,0,125,114,0,114,96,0,96
S01010254,1015,15,1000,82,0,82,157,4,153,219,2,217,171,5,166,198,2,196,188,2,186
S01010255,699,15,684,141,13,128,105,0,105,132,2,130,153,0,153,91,0,91,77,0,77
S01010256,828,10,818,107,0,107,123,3,120,162,2,160,180,1,179,148,3,145,108,1,107
S01010257,809,11,798,16,0,16,335,7,328,224,3,221,112,1,111,79,0,79,43,0,43
S01010258,1477,37,1440,8,0,8,1004,30,974,343,3,340,74,2,72,36,2,34,12,0,12
S01010259,1243,24,1219,80,1,79,600,17,583,144,5,139,175,0,175,111,1,110,133,0,133
S01010260,1860,40,1820,33,1,32,1093,25,1068,348,6,342,191,4,187,105,3,102,90,1,89
S01010261,2528,96,2432,59,0,59,1696,81,1615,317,8,309,154,2,152,101,2,99,201,3,198
S01010262,839,10,829,28,1,27,164,3,161,56,2,54,120,2,118,196,2,194,275,0,275
S01010263,734,18,716,13,1,12,229,10,219,310,3,307,106,1,105,52,3,49,24,0,24
S01010264,817,20,797,2,0,2,214,8,206,277,9,268,191,2,189,81,1,80,52,0,52
S01010265,1031,24,1007,12,0,12,497,17,480,326,3,323,141,4,137,47,0,47,8,0,8
S01010266,534,19,515,44,1,43,220,13,207,114,1,113,83,1,82,36,0,36,37,3,34
S01010267,602,18,584,19,0,19,308,13,295,197,4,193,61,1,60,12,0,12,5,0,5
S01010268,821,16,805,48,0,48,304,6,298,204,2,202,129,3,126,78,2,76,58,3,55
S01010269,521,14,507,15,0,15,184,4,180,168,6,162,80,1,79,48,1,47,26,2,24
S01010270,1141,18,1123,19,0,19,182,7,175,188,3,185,179,1,178,268,4,264,305,3,302
S01010271,761,22,739,39,0,39,334,12,322,157,5,152,101,2,99,66,3,63,64,0,64
S01010272,987,16,971,59,0,59,206,6,200,236,5,231,247,3,244,141,2,139,98,0,98
S01010273,652,11,641,9,0,9,271,7,264,255,2,253,92,1,91,17,1,16,8,0,8
S01010274,556,13,543,4,0,4,193,5,188,209,2,207,88,3,85,42,3,39,20,0,20
S01010275,591,15,576,12,0,12,250,3,247,207,6,201,78,3,75,35,2,33,9,1,8
S01010276,969,17,952,43,0,43,214,4,210,372,4,368,200,6,194,118,1,117,22,2,20
S01010277,594,6,588,73,0,73,109,1,108,85,0,85,107,3,104,101,1,100,119,1,118
S01010278,626,17,609,118,2,116,92,0,92,130,8,122,137,4,133,84,1,83,65,2,63
S01010279,584,15,569,47,0,47,163,4,159,147,3,144,117,5,112,71,2,69,39,1,38
S01010280,764,22,742,34,2,32,228,10,218,267,7,260,135,3,132,74,0,74,26,0,26
S01010281,756,29,727,25,0,25,214,17,197,291,3,288,140,4,136,67,3,64,19,2,17
S01010282,952,30,922,50,4,46,197,5,192,271,9,262,216,6,210,115,3,112,103,3,100
S01010283,527,18,509,31,0,31,142,7,135,213,8,205,85,1,84,40,1,39,16,1,15
S01010284,1388,44,1344,34,1,33,547,14,533,486,12,474,193,7,186,88,7,81,40,3,37
S01010285,817,32,785,81,4,77,285,11,274,172,12,160,175,4,171,64,1,63,40,0,40
S01010286,1502,56,1446,47,0,47,908,34,874,344,10,334,125,7,118,56,4,52,22,1,21
S01010287,857,22,835,30,0,30,388,6,382,224,7,217,124,4,120,49,2,47,42,3,39
S01010288,790,30,760,36,5,31,316,13,303,210,4,206,133,5,128,70,3,67,25,0,25
S01010289,740,24,716,51,2,49,129,2,127,192,4,188,235,6,229,114,10,104,19,0,19
S01010290,532,10,522,39,3,36,173,2,171,140,2,138,104,1,103,57,2,55,19,0,19
S01010291,1054,39,1015,57,1,56,473,19,454,223,7,216,148,5,143,74,3,71,79,4,75
S01010292,879,29,850,35,4,31,351,8,343,242,7,235,139,6,133,72,2,70,40,2,38
S01010293,821,25,796,65,3,62,350,11,339,210,7,203,92,1,91,49,2,47,55,1,54
S01010294,681,22,659,38,3,35,347,11,336,148,2,146,76,5,71,43,0,43,29,1,28
S01010295,956,37,919,64,2,62,430,25,405,251,4,247,115,3,112,57,2,55,39,1,38
S01010296,644,8,636,69,1,68,217,6,211,145,0,145,103,1,102,74,0,74,36,0,36
S01010297,1047,28,1019,58,0,58,181,7,174,238,9,229,201,3,198,175,5,170,194,4,190
S01010298,862,14,848,42,1,41,183,4,179,167,3,164,135,3,132,104,3,101,231,0,231
S01010299,521,2,519,65,0,65,79,0,79,74,0,74,100,2,98,101,0,101,102,0,102
S01010300,913,14,899,76,0,76,235,2,233,214,5,209,148,3,145,106,2,104,134,2,132
S01010301,508,15,493,42,1,41,170,6,164,153,4,149,88,1,87,31,1,30,24,2,22
S01010302,649,19,630,92,2,90,76,5,71,119,2,117,153,5,148,84,4,80,125,1,124
S01010303,531,7,524,133,1,132,67,0,67,107,3,104,136,2,134,60,1,59,28,0,28
S01010304,531,10,521,50,1,49,109,2,107,138,2,136,105,0,105,72,4,68,57,1,56
S01010305,794,24,770,28,1,27,147,6,141,168,2,166,173,6,167,129,2,127,149,7,142
S01010306,740,20,720,48,4,44,189,6,183,239,2,237,156,3,153,75,3,72,33,2,31
S01010307,803,18,785,49,2,47,204,4,200,240,5,235,160,4,156,94,1,93,56,2,54
S01010308,949,23,926,73,2,71,239,6,233,302,6,296,177,5,172,104,2,102,54,2,52
S01010309,413,8,405,25,0,25,42,2,40,53,2,51,96,1,95,113,2,111,84,1,83
S01010310,659,12,647,103,0,103,96,1,95,144,6,138,184,4,180,97,1,96,35,0,35
S01010311,697,13,684,115,0,115,89,9,80,105,1,104,161,1,160,134,1,133,93,1,92
S01010312,827,4,823,151,1,150,143,0,143,80,1,79,204,2,202,155,0,155,94,0,94
S01010313,627,12,615,79,2,77,95,1,94,98,4,94,159,1,158,110,3,107,86,1,85
S01010314,1229,19,1210,117,0,117,294,6,288,221,4,217,212,6,206,216,2,214,169,1,168
S01010315,862,13,849,159,3,156,155,3,152,168,2,166,191,4,187,122,1,121,67,0,67
S01010316,496,8,488,74,0,74,94,0,94,117,1,116,116,6,110,68,1,67,27,0,27
S01010317,717,20,697,27,0,27,209,5,204,232,8,224,128,4,124,58,1,57,63,2,61
S01010318,1570,53,1517,57,0,57,1158,45,1113,127,4,123,125,3,122,61,1,60,42,0,42
S01010319,686,18,668,39,0,39,126,1,125,211,11,200,149,2,147,106,4,102,55,0,55
S01010320,661,22,639,37,4,33,133,6,127,216,5,211,116,2,114,91,5,86,68,0,68
S01010321,829,14,815,45,0,45,124,3,121,210,3,207,133,2,131,126,1,125,191,5,186
S01010322,1001,21,980,49,1,48,194,4,190,308,7,301,219,8,211,129,0,129,102,1,101
S01010323,578,6,572,66,2,64,78,1,77,98,1,97,122,2,120,98,0,98,116,0,116
S01010324,734,8,726,71,0,71,67,0,67,80,3,77,133,0,133,151,3,148,232,2,230
S01010325,922,6,916,98,0,98,73,0,73,82,1,81,160,2,158,198,1,197,311,2,309
S01010326,939,15,924,197,3,194,128,2,126,135,3,132,218,3,215,165,1,164,96,3,93
S01010327,938,15,923,168,3,165,105,0,105,164,3,161,195,4,191,146,4,142,160,1,159
S01010328,933,16,917,122,7,115,95,2,93,172,2,170,178,5,173,173,0,173,193,0,193
S01010329,556,4,552,61,0,61,53,0,53,72,1,71,112,0,112,128,3,125,130,0,130
S01010330,634,6,628,128,1,127,71,2,69,110,0,110,133,3,130,99,0,99,93,0,93
S01010331,893,13,880,117,6,111,82,1,81,101,1,100,181,3,178,174,1,173,238,1,237
S01010332,702,7,695,124,1,123,109,0,109,70,1,69,160,3,157,141,0,141,98,2,96
S01010333,937,16,921,144,4,140,119,2,117,127,0,127,205,7,198,164,2,162,178,1,177
S01010334,889,2,887,153,0,153,99,0,99,128,1,127,221,0,221,138,0,138,150,1,149
S01010335,805,3,802,110,1,109,111,0,111,81,0,81,148,0,148,146,1,145,209,1,208
S01010336,623,7,616,121,0,121,92,2,90,91,1,90,164,2,162,86,1,85,69,1,68
S01010337,610,2,608,81,0,81,79,0,79,61,0,61,138,0,138,137,0,137,114,2,112
S01010338,716,4,712,146,1,145,91,0,91,109,0,109,162,0,162,117,2,115,91,1,90
S01010339,669,3,666,117,1,116,75,1,74,70,0,70,138,0,138,116,0,116,153,1,152
S01010340,713,9,704,118,1,117,110,4,106,101,2,99,161,1,160,112,1,111,111,0,111
S01010341,570,7,563,102,0,102,64,0,64,56,0,56,132,4,128,126,3,123,90,0,90
S01010342,619,13,606,87,6,81,77,0,77,69,0,69,186,4,182,131,2,129,69,1,68
S01010343,905,10,895,148,1,147,131,0,131,124,1,123,256,4,252,198,3,195,48,1,47
S01010344,661,2,659,77,0,77,80,0,80,95,0,95,173,2,171,115,0,115,121,0,121
S01010345,463,12,451,113,5,108,66,0,66,55,3,52,157,4,153,51,0,51,21,0,21
S01010346,1025,16,1009,149,3,146,105,0,105,110,0,110,228,6,222,261,4,257,172,3,169
S01010347,1076,19,1057,137,1,136,319,6,313,150,2,148,188,7,181,142,3,139,140,0,140
S01010348,935,2,933,129,0,129,82,0,82,162,1,161,142,0,142,209,0,209,211,1,210
S01010349,852,17,835,107,5,102,83,0,83,105,1,104,182,6,176,193,1,192,182,4,178
S01010350,910,6,904,181,1,180,107,1,106,102,0,102,206,2,204,158,0,158,156,2,154
S01010351,844,7,837,153,0,153,144,2,142,133,1,132,198,2,196,120,2,118,96,0,96
S01010352,491,4,487,37,0,37,60,1,59,68,2,66,105,1,104,97,0,97,124,0,124
S01010353,894,8,886,130,0,130,119,0,119,172,2,170,199,3,196,143,0,143,131,3,128
S01010354,707,16,691,94,5,89,99,0,99,134,3,131,146,2,144,127,4,123,107,2,105
S01010355,722,9,713,101,0,101,110,2,108,128,0,128,166,4,162,112,1,111,105,2,103
S01010356,645,8,637,96,0,96,82,1,81,127,2,125,199,4,195,108,1,107,33,0,33
S01010357,564,8,556,61,0,61,86,0,86,79,2,77,124,1,123,120,4,116,94,1,93
S01010358,812,8,804,98,0,98,92,2,90,105,2,103,179,0,179,173,3,170,165,1,164
S01010359,775,5,770,127,0,127,99,1,98,117,0,117,139,2,137,142,1,141,151,1,150
S01010360,545,18,527,100,2,98,80,5,75,80,5,75,141,3,138,110,0,110,34,3,31
S01010361,593,5,588,75,0,75,71,1,70,102,0,102,156,2,154,105,1,104,84,1,83
S01010362,773,11,762,31,0,31,116,1,115,129,0,129,222,5,217,143,4,139,132,1,131
S01010363,732,39,693,77,4,73,92,10,82,143,7,136,173,9,164,156,7,149,91,2,89
S01010364,883,28,855,121,0,121,104,3,101,93,1,92,201,8,193,226,6,220,138,10,128
S01010365,985,12,973,116,0,116,99,1,98,110,1,109,236,0,236,253,5,248,171,5,166
S01010366,988,31,957,79,1,78,150,4,146,223,8,215,203,5,198,194,8,186,139,5,134
S01010367,1604,30,1574,116,1,115,622,13,609,261,6,255,229,3,226,220,4,216,156,3,153
S01010368,713,18,695,74,2,72,68,2,66,97,0,97,149,4,145,172,2,170,153,8,145
S01010369,739,16,723,67,0,67,111,3,108,224,6,218,172,2,170,117,3,114,48,2,46
S01010370,710,15,695,80,3,77,137,3,134,162,3,159,182,3,179,110,3,107,39,0,39
S01010371,980,17,963,72,1,71,268,1,267,228,4,224,216,5,211,120,2,118,76,4,72
S01010372,508,19,489,54,5,49,77,3,74,96,2,94,135,6,129,87,2,85,59,1,58
S01010373,731,23,708,44,0,44,150,2,148,211,7,204,151,9,142,96,3,93,79,2,77
S01010374,916,26,890,86,3,83,219,8,211,183,8,175,197,4,193,140,1,139,91,2,89
S01010375,523,3,520,22,0,22,313,2,311,81,1,80,56,0,56,28,0,28,23,0,23
S01010376,696,31,665,29,0,29,284,13,271,188,7,181,112,7,105,55,2,53,28,2,26
S01010377,914,29,885,57,3,54,427,11,416,204,9,195,130,4,126,64,2,62,32,0,32
S01010378,723,17,706,34,1,33,433,10,423,121,2,119,65,2,63,48,2,46,22,0,22
S01010379,1121,21,1100,45,0,45,594,12,582,192,4,188,120,1,119,111,4,107,59,0,59
S01010380,937,36,901,48,4,44,226,6,220,234,3,231,176,6,170,153,5,148,100,12,88
S01010381,597,15,582,28,0,28,216,6,210,210,5,205,86,2,84,42,1,41,15,1,14
S01010382,836,25,811,43,0,43,216,8,208,274,4,270,146,6,140,93,4,89,64,3,61
S01010383,646,28,618,51,1,50,160,7,153,133,4,129,136,6,130,100,6,94,66,4,62
S01010384,800,17,783,30,0,30,216,6,210,237,4,233,157,2,155,96,3,93,64,2,62
S01010385,827,41,786,44,0,44,196,10,186,248,13,235,157,1,156,95,7,88,87,10,77
S01010386,888,26,862,66,0,66,182,10,172,204,3,201,198,8,190,116,3,113,122,2,120
S01010387,1018,50,968,46,1,45,250,30,220,343,5,338,169,10,159,134,1,133,76,3,73
S01010388,996,33,963,71,2,69,178,8,170,216,6,210,214,11,203,172,5,167,145,1,144
S01010389,997,29,968,24,0,24,263,20,243,375,8,367,215,1,214,103,0,103,17,0,17
S01010390,1060,55,1005,58,2,56,146,12,134,377,20,357,289,10,279,140,8,132,50,3,47
S01010391,773,46,727,36,1,35,118,11,107,283,13,270,165,9,156,104,6,98,67,6,61
S01010392,666,16,650,32,0,32,113,2,111,245,9,236,189,2,187,69,2,67,18,1,17
S01010393,985,54,931,34,3,31,174,7,167,322,24,298,187,13,174,144,5,139,124,2,122
S01010394,789,31,758,58,2,56,105,10,95,114,2,112,210,3,207,143,4,139,159,10,149
S01010395,979,62,917,62,1,61,148,16,132,273,29,244,203,5,198,147,6,141,146,5,141
S01010396,1007,29,978,62,1,61,189,8,181,250,9,241,192,4,188,156,2,154,158,5,153
S01010397,522,24,498,22,1,21,136,2,134,113,3,110,121,3,118,78,10,68,52,5,47
S01010398,1056,35,1021,56,0,56,166,6,160,332,7,325,201,5,196,143,5,138,158,12,146
S01010399,1002,27,975,23,0,23,174,9,165,383,5,378,208,4,204,131,5,126,83,4,79
S01010400,1079,20,1059,130,0,130,160,4,156,198,0,198,234,4,230,219,8,211,138,4,134
S01010401,705,13,692,36,0,36,142,1,141,147,7,140,110,1,109,134,2,132,136,2,134
S01010402,1008,33,975,87,0,87,136,6,130,218,5,213,254,4,250,191,8,183,122,10,112
S01010403,1005,33,972,75,1,74,137,4,133,180,1,179,250,2,248,191,9,182,172,16,156
S01010404,763,19,744,72,0,72,79,1,78,116,2,114,185,6,179,176,7,169,135,3,132
S01010405,757,16,741,68,2,66,67,3,64,143,1,142,228,7,221,182,3,179,69,0,69
S01010406,807,28,779,49,2,47,191,5,186,210,8,202,184,9,175,113,2,111,60,2,58
S01010407,889,22,867,45,2,43,417,6,411,185,4,181,100,4,96,91,4,87,51,2,49
S01010408,526,7,519,90,0,90,42,1,41,66,0,66,124,0,124,97,0,97,107,6,101
S01010409,684,18,666,143,2,141,79,3,76,40,0,40,171,5,166,144,5,139,107,3,104
S01010410,572,23,549,102,1,101,64,2,62,52,2,50,149,3,146,125,13,112,80,2,78
S01010411,1055,17,1038,257,2,255,120,1,119,55,0,55,255,5,250,237,4,233,131,5,126
S01010412,833,18,815,71,2,69,87,1,86,206,6,200,207,2,205,139,2,137,123,5,118
S01010413,692,14,678,80,0,80,63,1,62,70,0,70,124,0,124,150,5,145,205,8,197
S01010414,1029,26,1003,157,0,157,100,1,99,127,4,123,225,5,220,217,9,208,203,7,196
S01010415,995,34,961,109,9,100,128,5,123,102,4,98,246,9,237,194,5,189,216,2,214
S01010416,655,34,621,69,1,68,67,2,65,93,1,92,154,4,150,142,14,128,130,12,118
S01010417,570,20,550,82,0,82,52,1,51,93,1,92,144,7,137,106,9,97,93,2,91
S01010418,1035,29,1006,98,0,98,129,5,124,220,5,215,289,7,282,205,4,201,94,8,86
S01010419,957,17,940,121,1,120,90,0,90,165,1,164,237,3,234,206,6,200,138,6,132
S01010420,694,19,675,116,0,116,91,1,90,45,3,42,135,0,135,142,8,134,165,7,158
S01010421,861,22,839,157,2,155,99,1,98,71,1,70,212,5,207,188,8,180,134,5,129
S01010422,1054,29,1025,159,6,153,117,1,116,104,6,98,278,9,269,202,3,199,194,4,190
S01010423,807,33,774,105,0,105,115,8,107,163,4,159,203,12,191,132,6,126,89,3,86
S01010424,805,26,779,98,1,97,118,7,111,142,12,130,193,2,191,118,1,117,136,3,133
S01010425,1002,24,978,127,0,127,120,7,113,179,4,175,290,5,285,178,3,175,108,5,103
S01010426,682,16,666,79,0,79,73,1,72,161,1,160,168,6,162,149,4,145,52,4,48
S01010427,995,34,961,193,10,183,91,1,90,154,3,151,233,12,221,160,3,157,164,5,159
S01010428,714,26,688,137,4,133,63,5,58,69,2,67,159,10,149,146,3,143,140,2,138
S01010429,927,21,906,155,0,155,84,4,80,161,6,155,212,5,207,204,5,199,111,1,110
S01010430,817,26,791,119,3,116,124,4,120,166,3,163,188,6,182,108,6,102,112,4,108
S01010431,664,33,631,115,10,105,69,0,69,52,0,52,177,14,163,170,7,163,81,2,79
S01010432,855,24,831,128,0,128,139,10,129,159,10,149,193,2,191,161,2,159,75,0,75
S01010433,730,15,715,184,1,183,106,9,97,177,4,173,171,0,171,72,1,71,20,0,20
S01010434,590,21,569,97,1,96,89,6,83,141,10,131,117,1,116,89,1,88,57,2,55
S01010435,618,5,613,90,0,90,68,0,68,54,0,54,135,1,134,128,2,126,143,2,141
S01010436,744,16,728,84,0,84,81,9,72,173,2,171,201,2,199,126,1,125,79,2,77
S01010437,543,5,538,76,0,76,65,1,64,72,1,71,114,2,112,101,0,101,115,1,114
S01010438,799,14,785,189,2,187,107,1,106,124,8,116,224,0,224,119,3,116,36,0,36
S01010439,940,28,912,142,3,139,142,8,134,250,7,243,228,6,222,118,2,116,60,2,58
S01010440,624,11,613,90,5,85,89,0,89,76,1,75,143,4,139,130,1,129,96,0,96
S01010441,753,22,731,59,0,59,114,2,112,249,9,240,198,8,190,103,3,100,30,0,30
S01010442,709,22,687,114,6,108,103,2,101,171,7,164,182,5,177,115,2,113,24,0,24
S01010443,538,4,534,102,2,100,59,0,59,49,2,47,124,0,124,102,0,102,102,0,102
S01010444,657,9,648,99,2,97,75,0,75,69,0,69,153,1,152,123,2,121,138,4,134
S01010445,933,13,920,148,1,147,79,0,79,111,3,108,168,3,165,140,2,138,287,4,283
S01010446,820,11,809,120,1,119,107,0,107,62,0,62,185,3,182,206,3,203,140,4,136
S01010447,995,28,967,179,11,168,105,2,103,124,3,121,248,9,239,184,1,183,155,2,153
S01010448,843,17,826,133,4,129,110,2,108,82,2,80,211,5,206,164,4,160,143,0,143
S01010449,743,5,738,89,0,89,70,0,70,87,1,86,160,0,160,145,0,145,192,4,188
S01010450,760,22,738,69,4,65,76,4,72,95,3,92,167,7,160,166,2,164,187,2,185
S01010451,814,13,801,111,0,111,93,2,91,119,1,118,194,3,191,133,3,130,164,4,160
S01010452,787,8,779,86,0,86,88,0,88,77,3,74,164,1,163,145,1,144,227,3,224
S01010453,629,10,619,90,0,90,90,0,90,135,3,132,167,1,166,86,3,83,61,3,58
S01010454,829,9,820,95,0,95,81,2,79,81,1,80,157,1,156,160,3,157,255,2,253
S01010455,917,11,906,84,1,83,92,1,91,123,1,122,169,0,169,218,5,213,231,3,228
S01010456,547,9,538,60,1,59,43,0,43,58,1,57,117,0,117,106,4,102,163,3,160
S01010457,619,4,615,84,0,84,53,0,53,81,0,81,159,1,158,111,1,110,131,2,129
S01010458,739,17,722,89,2,87,86,0,86,94,1,93,149,3,146,126,3,123,195,8,187
S01010459,524,10,514,50,0,50,71,0,71,43,3,40,115,1,114,112,1,111,133,5,128
S01010460,712,33,679,120,11,109,66,1,65,124,4,120,185,10,175,112,5,107,105,2,103
S01010461,700,9,691,84,1,83,70,1,69,92,2,90,146,4,142,139,0,139,169,1,168
S01010462,848,16,832,222,7,215,111,1,110,178,3,175,214,3,211,96,1,95,27,1,26
S01010463,766,18,748,101,3,98,83,1,82,64,3,61,184,6,178,158,2,156,176,3,173
S01010464,507,15,492,59,0,59,48,0,48,68,2,66,114,4,110,103,4,99,115,5,110
S01010465,907,36,871,109,6,103,98,2,96,170,6,164,279,19,260,159,2,157,92,1,91
S01010466,850,22,828,70,3,67,136,1,135,232,6,226,191,7,184,149,5,144,72,0,72
S01010467,862,18,844,76,0,76,61,2,59,119,3,116,147,3,144,174,3,171,285,7,278
S01010468,910,35,875,127,3,124,134,9,125,163,6,157,193,6,187,176,4,172,117,7,110
S01010469,550,13,537,30,0,30,66,3,63,128,3,125,142,4,138,99,1,98,85,2,83
S01010470,759,18,741,85,4,81,78,2,76,74,1,73,167,6,161,132,2,130,223,3,220
S01010471,644,9,635,108,0,108,58,0,58,94,3,91,136,1,135,123,2,121,125,3,122
S01010472,496,18,478,34,2,32,73,7,66,180,4,176,112,3,109,63,2,61,34,0,34
S01010473,730,16,714,62,3,59,86,0,86,177,6,171,154,6,148,148,1,147,103,0,103
S01010474,791,28,763,77,0,77,154,14,140,219,7,212,160,1,159,99,4,95,82,2,80
S01010475,648,17,631,57,4,53,81,4,77,210,3,207,150,4,146,92,2,90,58,0,58
S01010476,1019,29,990,91,5,86,143,2,141,161,3,158,205,6,199,146,3,143,273,10,263
S01010477,702,15,687,74,2,72,77,0,77,85,1,84,160,5,155,154,3,151,152,4,148
S01010478,953,20,933,89,2,87,96,1,95,164,4,160,260,3,257,175,6,169,169,4,165
S01010479,982,28,954,143,5,138,97,6,91,133,4,129,212,6,206,184,0,184,213,7,206
S01010480,608,12,596,103,1,102,51,0,51,52,0,52,151,6,145,107,0,107,144,5,139
S01010481,638,15,623,162,2,160,90,4,86,107,4,103,131,2,129,87,2,85,61,1,60
S01010482,774,14,760,119,1,118,73,0,73,62,0,62,203,6,197,132,0,132,185,7,178
S01010483,997,23,974,139,1,138,60,0,60,134,5,129,254,5,249,198,5,193,212,7,205
S01010484,528,9,519,68,0,68,73,0,73,61,2,59,122,3,119,119,2,117,85,2,83
S01010485,963,25,938,169,10,159,118,0,118,73,1,72,235,5,230,198,5,193,170,4,166
S01010486,907,19,888,123,1,122,111,1,110,70,3,67,231,6,225,231,5,226,141,3,138
S01010487,971,27,944,156,6,150,93,0,93,97,2,95,213,6,207,200,11,189,212,2,210
S01010488,776,8,768,193,0,193,107,0,107,136,2,134,169,3,166,122,0,122,49,3,46
S01010489,1022,12,1010,145,1,144,116,1,115,141,4,137,189,1,188,171,0,171,260,5,255
S01010490,688,7,681,162,0,162,123,1,122,131,1,130,147,4,143,74,0,74,51,1,50
S01010491,843,8,835,210,1,209,116,1,115,170,3,167,173,2,171,110,0,110,64,1,63
S01010492,549,6,543,124,0,124,85,0,85,58,0,58,121,1,120,77,0,77,84,5,79
S01010493,669,7,662,182,0,182,97,2,95,113,0,113,159,5,154,86,0,86,32,0,32
S01010494,595,2,593,128,0,128,91,0,91,83,0,83,160,2,158,103,0,103,30,0,30
S01010495,817,6,811,173,0,173,120,1,119,153,0,153,174,3,171,136,1,135,61,1,60
S01010496,794,6,788,143,3,140,127,0,127,115,1,114,165,1,164,139,0,139,105,1,104
S01010497,718,7,711,166,1,165,108,1,107,106,4,102,178,1,177,129,0,129,31,0,31
S01010498,815,2,813,173,0,173,113,0,113,120,0,120,182,1,181,155,1,154,72,0,72
S01010499,803,8,795,111,3,108,116,2,114,134,0,134,157,2,155,116,1,115,169,0,169
S01010500,1027,4,1023,280,0,280,146,0,146,152,1,151,246,2,244,140,1,139,63,0,63
S01010501,901,0,901,173,0,173,106,0,106,145,0,145,198,0,198,159,0,159,120,0,120
S01010502,768,7,761,156,1,155,103,0,103,115,3,112,211,2,209,142,1,141,41,0,41
S01010503,635,5,630,88,1,87,85,0,85,81,0,81,149,0,149,120,3,117,112,1,111
S01010504,515,104,411,82,25,57,28,8,20,28,3,25,110,19,91,153,27,126,114,22,92
S01010505,538,167,371,85,42,43,40,19,21,39,8,31,130,36,94,140,30,110,104,32,72
S01010506,817,121,696,127,23,104,63,5,58,63,7,56,193,20,173,208,24,184,163,42,121
S01010507,777,121,656,128,43,85,87,11,76,98,10,88,181,24,157,156,11,145,127,22,105
S01010508,964,179,785,144,36,108,65,14,51,78,13,65,216,35,181,239,35,204,222,46,176
S01010509,924,101,823,131,19,112,74,6,68,93,12,81,242,23,219,239,20,219,145,21,124
S01010510,801,95,706,105,15,90,55,12,43,81,6,75,135,16,119,188,12,176,237,34,203
S01010511,830,73,757,161,14,147,100,8,92,88,5,83,186,12,174,179,15,164,116,19,97
S01010512,591,52,539,90,6,84,51,6,45,71,4,67,120,9,111,111,9,102,148,18,130
S01010513,747,69,678,129,18,111,64,7,57,60,3,57,178,17,161,182,13,169,134,11,123
S01010514,685,66,619,127,8,119,78,17,61,72,3,69,162,14,148,135,6,129,111,18,93
S01010515,774,66,708,112,5,107,83,1,82,91,6,85,181,9,172,167,18,149,140,27,113
S01010516,589,57,532,74,10,64,46,2,44,77,4,73,130,10,120,159,15,144,103,16,87
S01010517,827,63,764,142,10,132,106,10,96,115,8,107,202,11,191,157,11,146,105,13,92
S01010518,631,53,578,88,8,80,99,3,96,104,9,95,111,11,100,143,9,134,86,13,73
S01010519,718,47,671,150,7,143,90,13,77,88,1,87,169,15,154,131,7,124,90,4,86
S01010520,917,75,842,162,16,146,79,9,70,100,5,95,223,16,207,171,11,160,182,18,164
S01010521,734,64,670,126,11,115,72,8,64,104,3,101,162,14,148,146,8,138,124,20,104
S01010522,596,61,535,82,6,76,68,8,60,80,3,77,155,11,144,95,11,84,116,22,94
S01010523,602,52,550,145,15,130,65,7,58,107,3,104,136,12,124,89,8,81,60,7,53
S01010524,510,45,465,48,0,48,28,3,25,38,1,37,99,5,94,187,18,169,110,18,92
S01010525,642,42,600,97,5,92,60,5,55,40,4,36,144,9,135,150,6,144,151,13,138
S01010526,786,80,706,111,6,105,58,3,55,81,5,76,175,11,164,191,14,177,170,41,129
S01010527,863,52,811,121,5,116,65,1,64,96,3,93,179,8,171,212,13,199,190,22,168
S01010528,600,60,540,97,8,89,50,4,46,56,7,49,143,10,133,148,13,135,106,18,88
S01010529,689,68,621,105,8,97,57,7,50,60,3,57,147,16,131,183,11,172,137,23,114
S01010530,642,62,580,95,6,89,41,6,35,55,7,48,125,13,112,198,12,186,128,18,110
S01010531,1072,114,958,142,34,108,84,15,69,110,5,105,214,19,195,270,19,251,252,22,230
S01010532,541,37,504,79,12,67,46,3,43,35,2,33,116,4,112,141,8,133,124,8,116
S01010533,587,41,546,69,6,63,53,3,50,44,1,43,111,10,101,137,6,131,173,15,158
S01010534,855,45,810,149,7,142,83,2,81,84,4,80,200,12,188,203,10,193,136,10,126
S01010535,694,30,664,122,6,116,54,3,51,53,3,50,161,8,153,164,7,157,140,3,137
S01010536,814,22,792,111,2,109,79,3,76,105,4,101,191,3,188,161,3,158,167,7,160
S01010537,757,37,720,85,1,84,113,4,109,122,6,116,147,6,141,178,14,164,112,6,106
S01010538,803,22,781,203,6,197,84,1,83,134,2,132,217,4,213,121,5,116,44,4,40
S01010539,1079,34,1045,117,1,116,113,1,112,211,2,209,229,10,219,265,16,249,144,4,140
S01010540,614,22,592,74,4,70,58,1,57,49,1,48,137,3,134,145,8,137,151,5,146
S01010541,820,31,789,114,1,113,69,2,67,78,1,77,186,8,178,215,11,204,158,8,150
S01010542,884,26,858,129,2,127,77,1,76,73,2,71,164,2,162,251,8,243,190,11,179
S01010543,590,18,572,82,2,80,46,1,45,51,0,51,142,6,136,154,7,147,115,2,113
S01010544,845,18,827,153,1,152,73,2,71,100,4,96,174,3,171,187,5,182,158,3,155
S01010545,716,12,704,130,0,130,46,0,46,74,3,71,151,2,149,155,2,153,160,5,155
S01010546,791,19,772,81,0,81,66,0,66,78,4,74,155,1,154,165,4,161,246,10,236
S01010547,738,10,728,116,4,112,68,1,67,52,0,52,179,1,178,173,3,170,150,1,149
S01010548,661,20,641,87,0,87,39,0,39,38,2,36,110,3,107,173,8,165,214,7,207
S01010549,895,26,869,185,6,179,68,3,65,101,0,101,244,11,233,168,2,166,129,4,125
S01010550,522,23,499,75,7,68,61,0,61,56,2,54,124,7,117,106,5,101,100,2,98
S01010551,659,10,649,148,2,146,43,0,43,57,0,57,175,4,171,163,3,160,73,1,72
S01010552,767,27,740,137,3,134,53,1,52,61,3,58,189,9,180,196,7,189,131,4,127
S01010553,608,17,591,94,0,94,55,0,55,31,3,28,162,6,156,175,5,170,91,3,88
S01010554,750,40,710,113,14,99,53,4,49,86,0,86,188,13,175,157,6,151,153,3,150
S01010555,882,31,851,111,2,109,120,3,117,146,4,142,182,8,174,189,10,179,134,4,130
S01010556,988,21,967,178,3,175,108,3,105,107,0,107,202,4,198,163,3,160,230,8,222
S01010557,615,25,590,105,4,101,71,1,70,45,4,41,156,7,149,93,2,91,145,7,138
S01010558,779,28,751,110,4,106,62,0,62,69,3,66,148,7,141,155,8,147,235,6,229
S01010559,778,29,749,104,5,99,44,2,42,34,1,33,138,7,131,177,7,170,281,7,274
S01010560,654,17,637,90,0,90,56,1,55,36,0,36,127,9,118,168,4,164,177,3,174
S01010561,700,27,673,96,8,88,48,1,47,63,3,60,115,5,110,191,3,188,187,7,180
S01010562,712,18,694,89,2,87,64,1,63,73,1,72,148,2,146,185,7,178,153,5,148
S01010563,504,26,478,89,4,85,66,2,64,54,0,54,116,4,112,112,7,105,67,9,58
S01010564,484,16,468,42,0,42,45,1,44,48,2,46,103,4,99,135,7,128,111,2,109
S01010565,638,18,620,95,3,92,78,3,75,61,3,58,125,3,122,147,4,143,132,2,130
S01010566,1052,60,992,176,9,167,100,9,91,89,6,83,254,11,243,259,14,245,174,11,163
S01010567,1045,75,970,160,14,146,105,9,96,67,4,63,257,23,234,281,18,263,175,7,168
S01010568,961,39,922,172,7,165,87,8,79,107,5,102,251,7,244,212,5,207,132,7,125
S01010569,809,18,791,87,0,87,151,3,148,96,1,95,192,4,188,177,2,175,106,8,98
S01010570,1050,33,1017,190,7,183,119,2,117,96,6,90,248,12,236,222,2,220,175,4,171
S01010571,751,35,716,96,3,93,75,3,72,118,5,113,198,11,187,175,6,169,89,7,82
S01010572,732,34,698,119,0,119,109,5,104,155,7,148,133,5,128,146,11,135,70,6,64
S01010573,506,15,491,80,2,78,44,1,43,104,1,103,116,1,115,100,6,94,62,4,58
S01010574,580,20,560,107,1,106,44,1,43,57,2,55,149,6,143,130,7,123,93,3,90
S01010575,675,36,639,98,3,95,61,3,58,40,5,35,122,6,116,197,6,191,157,13,144
S01010576,805,42,763,125,3,122,68,2,66,42,1,41,191,13,178,222,15,207,157,8,149
S01010577,868,49,819,177,9,168,115,6,109,134,5,129,172,8,164,167,12,155,103,9,94
S01010578,563,35,528,102,10,92,86,2,84,58,3,55,169,12,157,97,5,92,51,3,48
S01010579,706,45,661,75,3,72,82,6,76,87,3,84,168,10,158,173,15,158,121,8,113
S01010580,493,29,464,29,1,28,65,3,62,150,4,146,97,4,93,92,6,86,60,11,49
S01010581,502,29,473,79,2,77,56,3,53,117,9,108,120,5,115,93,6,87,37,4,33
S01010582,487,26,461,77,1,76,33,0,33,58,1,57,116,9,107,110,7,103,93,8,85
S01010583,950,58,892,140,5,135,92,6,86,99,9,90,266,16,250,199,9,190,154,13,141
S01010584,764,42,722,168,5,163,95,5,90,135,13,122,217,12,205,105,6,99,44,1,43
S01010585,782,35,747,183,7,176,76,0,76,193,6,187,264,17,247,48,3,45,18,2,16
S01010586,758,56,702,137,6,131,50,3,47,85,4,81,204,15,189,175,12,163,107,16,91
S01010587,667,59,608,79,10,69,73,1,72,53,3,50,154,18,136,169,15,154,139,12,127
S01010588,629,55,574,120,5,115,51,2,49,73,3,70,168,18,150,119,5,114,98,22,76
S01010589,590,29,561,86,2,84,68,3,65,97,5,92,161,7,154,119,6,113,59,6,53
S01010590,849,79,770,222,16,206,59,8,51,78,6,72,264,28,236,157,11,146,69,10,59
S01010591,696,40,656,156,7,149,55,3,52,227,20,207,175,5,170,62,5,57,21,0,21
S01010592,490,37,453,61,2,59,43,5,38,108,8,100,124,6,118,90,6,84,64,10,54
S01010593,633,30,603,121,8,113,43,1,42,64,3,61,175,9,166,124,3,121,106,6,100
S01010594,630,32,598,122,2,120,77,4,73,146,6,140,155,6,149,76,8,68,54,6,48
S01010595,769,42,727,208,4,204,68,2,66,181,11,170,230,17,213,59,8,51,23,0,23
S01010596,787,54,733,159,8,151,73,4,69,109,5,104,202,16,186,179,18,161,65,3,62
S01010597,588,34,554,103,6,97,81,1,80,175,14,161,157,9,148,53,2,51,19,2,17
S01010598,954,69,885,214,12,202,114,7,107,219,13,206,294,25,269,83,9,74,30,3,27
S01010599,578,42,536,104,5,99,64,9,55,78,6,72,161,13,148,93,3,90,78,6,72
S01010600,899,74,825,91,4,87,92,6,86,80,8,72,179,15,164,231,19,212,226,22,204
S01010601,693,74,619,90,8,82,49,4,45,46,3,43,126,13,113,136,15,121,246,31,215
S01010602,513,50,463,64,0,64,64,9,55,81,11,70,123,5,118,118,16,102,63,9,54
S01010603,792,56,736,95,8,87,77,5,72,71,2,69,167,11,156,193,12,181,189,18,171
S01010604,482,33,449,89,10,79,45,0,45,31,5,26,136,10,126,92,5,87,89,3,86
S01010605,865,67,798,100,7,93,82,8,74,84,2,82,168,16,152,213,16,197,218,18,200
S01010606,781,46,735,122,9,113,82,7,75,114,6,108,159,9,150,137,7,130,167,8,159
S01010607,830,60,770,135,13,122,68,2,66,82,3,79,200,16,184,182,13,169,163,13,150
S01010608,642,43,599,139,7,132,87,4,83,109,9,100,125,6,119,109,8,101,73,9,64
S01010609,544,31,513,92,3,89,70,6,64,99,3,96,125,6,119,90,7,83,68,6,62
S01010610,680,48,632,64,2,62,65,4,61,65,2,63,130,11,119,176,10,166,180,19,161
S01010611,890,59,831,111,10,101,94,5,89,148,8,140,212,10,202,171,19,152,154,7,147
S01010612,754,54,700,134,10,124,69,3,66,98,6,92,162,9,153,164,14,150,127,12,115
S01010613,680,55,625,78,0,78,65,6,59,82,5,77,130,12,118,156,19,137,169,13,156
S01010614,520,25,495,77,3,74,63,4,59,75,3,72,120,5,115,97,5,92,88,5,83
S01010615,780,48,732,122,3,119,94,10,84,168,11,157,213,13,200,120,5,115,63,6,57
S01010616,837,72,765,106,8,98,90,4,86,80,8,72,202,16,186,174,16,158,185,20,165
S01010617,873,82,791,136,8,128,87,11,76,93,9,84,223,15,208,191,15,176,143,24,119
S01010618,728,66,662,95,5,90,76,5,71,104,10,94,169,13,156,196,20,176,88,13,75
S01010619,595,37,558,76,2,74,91,11,80,166,11,155,137,10,127,85,1,84,40,2,38
S01010620,605,34,571,45,0,45,157,11,146,179,10,169,132,9,123,55,3,52,37,1,36
S01010621,921,58,863,118,9,109,114,6,108,157,5,152,197,14,183,193,15,178,142,9,133
S01010622,619,41,578,99,6,93,67,0,67,133,9,124,119,6,113,110,12,98,91,8,83
S01010623,787,29,758,233,4,229,98,3,95,207,3,204,163,4,159,69,13,56,17,2,15
S01010624,645,36,609,92,3,89,101,9,92,110,2,108,149,5,144,117,9,108,76,8,68
S01010625,769,60,709,82,4,78,57,3,54,76,4,72,147,6,141,179,16,163,228,27,201
S01010626,895,59,836,101,6,95,63,5,58,53,2,51,160,7,153,213,16,197,305,23,282
S01010627,815,57,758,86,2,84,85,6,79,166,6,160,169,11,158,146,12,134,163,20,143
S01010628,987,63,924,92,2,90,136,10,126,202,10,192,236,17,219,149,11,138,172,13,159
S01010629,953,72,881,141,7,134,76,9,67,96,4,92,184,11,173,194,14,180,262,27,235
S01010630,559,21,538,73,1,72,69,2,67,92,3,89,118,4,114,121,10,111,86,1,85
S01010631,593,45,548,35,4,31,86,3,83,132,7,125,111,10,101,91,4,87,138,17,121
S01010632,921,55,866,116,6,110,89,9,80,121,4,117,190,6,184,162,12,150,243,18,225
S01010633,992,54,938,178,13,165,118,4,114,142,6,136,183,13,170,179,11,168,192,7,185
S01010634,631,20,611,96,5,91,91,3,88,93,1,92,114,3,111,122,4,118,115,4,111
S01010635,775,32,743,134,9,125,82,1,81,87,2,85,183,10,173,131,4,127,158,6,152
S01010636,786,54,732,94,3,91,74,4,70,103,8,95,182,5,177,172,17,155,161,17,144
S01010637,528,29,499,19,1,18,61,4,57,97,3,94,119,7,112,111,7,104,121,7,114
S01010638,818,41,777,77,5,72,82,3,79,96,1,95,144,5,139,154,10,144,265,17,248
S01010639,1100,72,1028,148,2,146,150,15,135,213,16,197,245,8,237,189,13,176,155,18,137
S01010640,799,61,738,72,0,72,115,10,105,173,10,163,199,17,182,153,17,136,87,7,80
S01010641,954,50,904,172,4,168,108,6,102,211,9,202,208,12,196,140,6,134,115,13,102
S01010642,930,44,886,194,10,184,103,1,102,169,11,158,211,7,204,137,13,124,116,2,114
S01010643,691,26,665,171,4,167,114,1,113,94,4,90,159,7,152,116,4,112,37,6,31
S01010644,645,24,621,130,0,130,84,3,81,96,7,89,142,4,138,118,5,113,75,5,70
S01010645,523,36,487,47,6,41,56,8,48,67,4,63,145,8,137,139,5,134,69,5,64
S01010646,652,45,607,75,9,66,69,3,66,77,7,70,130,8,122,192,11,181,109,7,102
S01010647,688,51,637,55,0,55,77,12,65,73,2,71,132,7,125,185,16,169,166,14,152
S01010648,638,52,586,77,6,71,78,8,70,90,5,85,133,8,125,157,15,142,103,10,93
S01010649,572,38,534,53,2,51,47,1,46,71,5,66,113,5,108,107,9,98,181,16,165
S01010650,482,26,456,66,2,64,59,7,52,67,1,66,128,3,125,106,12,94,56,1,55
S01010651,656,40,616,90,2,88,63,4,59,94,5,89,139,7,132,189,12,177,81,10,71
S01010652,716,36,680,102,1,101,74,3,71,101,5,96,173,8,165,171,14,157,95,5,90
S01010653,573,33,540,39,1,38,61,6,55,63,1,62,130,5,125,161,13,148,119,7,112
S01010654,738,60,678,100,8,92,96,7,89,114,4,110,152,11,141,177,23,154,99,7,92
S01010655,894,49,845,165,10,155,52,0,52,74,6,68,231,9,222,219,15,204,153,9,144
S01010656,457,30,427,93,3,90,36,3,33,54,5,49,95,4,91,96,8,88,83,7,76
S01010657,616,42,574,82,7,75,61,4,57,61,5,56,138,3,135,162,17,145,112,6,106
S01010658,715,33,682,113,6,107,60,3,57,40,2,38,165,9,156,198,8,190,139,5,134
S01010659,637,35,602,93,3,90,49,2,47,43,1,42,151,10,141,169,8,161,132,11,121
S01010660,589,35,554,78,3,75,64,5,59,61,4,57,126,8,118,124,5,119,136,10,126
S01010661,569,32,537,51,2,49,44,5,39,74,5,69,123,7,116,140,6,134,137,7,130
S01010662,733,34,699,119,2,117,70,6,64,54,3,51,173,4,169,192,11,181,125,8,117
S01010663,930,52,878,153,8,145,74,2,72,64,4,60,194,10,184,258,17,241,187,11,176
S01010664,801,70,731,123,11,112,75,6,69,52,5,47,190,15,175,209,19,190,152,14,138
S01010665,932,62,870,158,16,142,53,6,47,58,5,53,225,14,211,244,12,232,194,9,185
S01010666,921,52,869,152,7,145,73,1,72,62,2,60,236,17,219,198,11,187,200,14,186
S01010667,682,48,634,112,7,105,54,3,51,67,3,64,152,9,143,181,18,163,116,8,108
S01010668,1073,45,1028,125,1,124,97,3,94,83,2,81,227,6,221,290,15,275,251,18,233
S01010669,593,142,451,104,24,80,29,12,17,44,6,38,133,20,113,150,37,113,133,43,90
S01010670,676,110,566,100,18,82,65,16,49,40,4,36,149,16,133,199,31,168,123,25,98
S01010671,744,158,586,116,28,88,77,32,45,47,2,45,154,29,125,212,41,171,138,26,112
S01010672,636,134,502,104,25,79,66,11,55,60,10,50,150,24,126,144,28,116,112,36,76
S01010673,884,231,653,112,46,66,69,13,56,79,10,69,182,36,146,246,62,184,196,64,132
S01010674,926,283,643,167,52,115,70,25,45,77,14,63,235,73,162,234,68,166,143,51,92
S01010675,609,193,416,75,17,58,37,14,23,43,5,38,137,35,102,170,48,122,147,74,73
S01010676,888,406,482,118,83,35,98,53,45,87,51,36,176,77,99,234,81,153,175,61,114
S01010677,487,206,281,67,33,34,43,26,17,25,11,14,88,32,56,149,51,98,115,53,62
S01010678,615,323,292,84,60,24,48,26,22,29,11,18,155,71,84,167,71,96,132,84,48
S01010679,566,217,349,58,28,30,55,16,39,54,15,39,104,29,75,154,54,100,141,75,66
S01010680,611,251,360,78,34,44,56,28,28,55,19,36,122,40,82,179,67,112,121,63,58
S01010681,1046,404,642,215,84,131,114,50,64,157,53,104,245,83,162,192,77,115,123,57,66
S01010682,931,331,600,154,54,100,68,24,44,90,30,60,220,71,149,246,75,171,153,77,76
S01010683,943,439,504,110,69,41,72,31,41,75,33,42,193,79,114,278,113,165,215,114,101
S01010684,761,237,524,77,29,48,53,13,40,50,17,33,139,43,96,243,58,185,199,77,122
S01010685,601,157,444,69,18,51,43,16,27,38,17,21,104,15,89,203,52,151,144,39,105
S01010686,687,128,559,102,24,78,51,10,41,43,7,36,159,25,134,187,28,159,145,34,111
S01010687,809,156,653,110,34,76,46,4,42,76,15,61,137,20,117,230,30,200,210,53,157
S01010688,699,159,540,80,17,63,53,12,41,54,9,45,147,22,125,186,43,143,179,56,123
S01010689,736,144,592,67,23,44,40,10,30,43,4,39,126,18,108,224,36,188,236,53,183
S01010690,663,111,552,97,28,69,53,11,42,78,7,71,129,18,111,150,22,128,156,25,131
S01010691,730,86,644,108,19,89,41,7,34,58,8,50,155,16,139,217,13,204,151,23,128
S01010692,724,103,621,125,26,99,81,17,64,82,4,78,184,25,159,141,15,126,111,16,95
S01010693,467,59,408,70,11,59,25,3,22,22,2,20,113,14,99,127,11,116,110,18,92
S01010694,572,100,472,52,5,47,41,9,32,30,3,27,95,8,87,166,28,138,188,47,141
S01010695,707,40,667,93,6,87,63,3,60,52,1,51,149,12,137,198,5,193,152,13,139
S01010696,1008,53,955,170,8,162,108,3,105,108,7,101,225,13,212,183,6,177,214,16,198
S01010697,1095,65,1030,174,12,162,81,8,73,79,1,78,268,15,253,250,16,234,243,13,230
S01010698,740,53,687,130,10,120,52,6,46,55,3,52,154,12,142,203,17,186,146,5,141
S01010699,587,20,567,96,3,93,55,2,53,52,4,48,153,5,148,151,3,148,80,3,77
S01010700,594,25,569,91,10,81,39,1,38,60,0,60,138,4,134,153,7,146,113,3,110
S01010701,1026,48,978,185,4,181,110,5,105,115,9,106,233,2,231,227,18,209,156,10,146
S01010702,977,45,932,102,1,101,71,6,65,81,3,78,183,5,178,295,12,283,245,18,227
S01010703,812,47,765,104,10,94,76,4,72,65,4,61,176,10,166,216,12,204,175,7,168
S01010704,643,35,608,106,6,100,49,3,46,67,1,66,140,9,131,125,5,120,156,11,145
S01010705,1080,48,1032,183,7,176,119,6,113,129,1,128,271,13,258,201,8,193,177,13,164
S01010706,665,26,639,112,2,110,65,4,61,113,4,109,144,7,137,123,6,117,108,3,105
S01010707,675,50,625,82,6,76,77,11,66,49,1,48,148,11,137,180,18,162,139,3,136
S01010708,533,37,496,69,6,63,57,1,56,59,7,52,104,8,96,135,3,132,109,12,97
S01010709,722,60,662,131,11,120,72,6,66,84,5,79,181,12,169,142,11,131,112,15,97
S01010710,734,28,706,124,3,121,100,3,97,89,9,80,127,5,122,172,1,171,122,7,115
S01010711,754,64,690,136,10,126,55,7,48,61,3,58,169,13,156,188,20,168,145,11,134
S01010712,706,62,644,150,22,128,102,10,92,73,2,71,174,15,159,127,6,121,80,7,73
S01010713,768,36,732,135,8,127,77,4,73,140,3,137,137,5,132,179,8,171,100,8,92
S01010714,711,43,668,98,8,90,80,10,70,90,1,89,136,11,125,144,7,137,163,6,157
S01010715,680,46,634,92,13,79,60,3,57,79,8,71,133,5,128,150,7,143,166,10,156
S01010716,861,71,790,79,15,64,101,8,93,142,3,139,179,10,169,157,13,144,203,22,181
S01010717,610,54,556,71,10,61,60,10,50,52,3,49,104,6,98,163,12,151,160,13,147
S01010718,906,52,854,151,12,139,97,5,92,113,2,111,196,9,187,223,11,212,126,13,113
S01010719,659,28,631,95,1,94,55,1,54,57,3,54,116,5,111,158,8,150,178,10,168
S01010720,720,22,698,91,1,90,55,0,55,40,0,40,138,6,132,177,8,169,219,7,212
S01010721,616,11,605,70,0,70,45,1,44,42,0,42,129,3,126,173,4,169,157,3,154
S01010722,849,28,821,139,8,131,67,2,65,88,3,85,184,8,176,174,3,171,197,4,193
S01010723,886,32,854,176,5,171,100,3,97,44,0,44,235,11,224,219,10,209,112,3,109
S01010724,856,37,819,150,8,142,67,2,65,87,3,84,184,8,176,220,10,210,148,6,142
S01010725,680,58,622,80,8,72,69,4,65,49,4,45,122,10,112,214,20,194,146,12,134
S01010726,904,66,838,110,3,107,75,4,71,69,7,62,171,10,161,232,20,212,247,22,225
S01010727,628,34,594,100,0,100,61,4,57,39,5,34,147,5,142,157,13,144,124,7,117
S01010728,514,26,488,96,0,96,35,1,34,23,0,23,141,9,132,117,6,111,102,10,92
S01010729,706,30,676,116,4,112,63,3,60,53,0,53,160,6,154,196,8,188,118,9,109
S01010730,816,33,783,118,2,116,69,4,65,63,1,62,182,6,176,246,11,235,138,9,129
S01010731,883,30,853,131,3,128,86,2,84,58,1,57,215,2,213,227,12,215,166,10,156
S01010732,803,44,759,152,5,147,101,9,92,85,5,80,155,12,143,213,6,207,97,7,90
S01010733,549,17,532,112,2,110,62,3,59,73,4,69,122,3,119,116,4,112,64,1,63
S01010734,901,45,856,178,6,172,127,7,120,115,3,112,214,9,205,142,6,136,125,14,111
S01010735,595,17,578,140,0,140,79,5,74,115,2,113,135,2,133,88,4,84,38,4,34
S01010736,486,25,461,67,6,61,39,1,38,58,1,57,91,7,84,127,7,120,104,3,101
S01010737,1014,47,967,125,1,124,112,7,105,96,7,89,219,8,211,217,13,204,245,11,234
S01010738,533,15,518,75,3,72,45,4,41,54,0,54,108,1,107,128,3,125,123,4,119
S01010739,836,41,795,141,6,135,75,3,72,115,3,112,188,9,179,183,8,175,134,12,122
S01010740,477,29,448,90,4,86,54,1,53,69,10,59,82,6,76,105,2,103,77,6,71
S01010741,587,28,559,74,5,69,58,0,58,56,3,53,102,8,94,138,6,132,159,6,153
S01010742,687,31,656,116,6,110,78,4,74,102,5,97,160,10,150,100,2,98,131,4,127
S01010743,721,28,693,190,6,184,95,1,94,86,7,79,156,5,151,105,3,102,89,6,83
S01010744,1054,36,1018,153,1,152,113,2,111,99,5,94,219,4,215,241,13,228,229,11,218
S01010745,590,25,565,61,0,61,68,1,67,65,1,64,110,2,108,142,7,135,144,14,130
S01010746,992,41,951,150,9,141,100,1,99,104,6,98,242,10,232,222,8,214,174,7,167
S01010747,803,28,775,143,4,139,98,3,95,71,2,69,170,4,166,198,9,189,123,6,117
S01010748,609,27,582,83,10,73,46,4,42,59,0,59,107,5,102,180,5,175,134,3,131
S01010749,594,22,572,90,4,86,51,1,50,56,1,55,122,7,115,156,6,150,119,3,116
S01010750,608,29,579,66,6,60,33,1,32,51,4,47,105,4,101,177,3,174,176,11,165
S01010751,713,27,686,130,4,126,91,3,88,66,0,66,148,6,142,158,6,152,120,8,112
S01010752,722,22,700,136,1,135,85,3,82,104,3,101,139,3,136,158,8,150,100,4,96
S01010753,1013,66,947,214,19,195,121,5,116,125,7,118,227,14,213,217,14,203,109,7,102
S01010754,669,37,632,97,8,89,74,2,72,74,1,73,107,4,103,156,8,148,161,14,147
S01010755,627,23,604,85,2,83,67,3,64,67,3,64,111,5,106,132,6,126,165,4,161
S01010756,647,38,609,103,6,97,58,5,53,57,0,57,126,5,121,156,11,145,147,11,136
S01010757,730,41,689,71,6,65,40,4,36,55,2,53,148,5,143,208,14,194,208,10,198
S01010758,691,54,637,87,7,80,61,0,61,54,4,50,122,8,114,168,10,158,199,25,174
S01010759,587,25,562,93,2,91,64,7,57,83,2,81,104,2,102,116,2,114,127,10,117
S01010760,593,30,563,53,0,53,42,3,39,54,2,52,76,4,72,127,6,121,241,15,226
S01010761,525,17,508,82,1,81,47,0,47,46,0,46,104,3,101,134,8,126,112,5,107
S01010762,582,24,558,82,7,75,44,2,42,39,1,38,131,4,127,141,5,136,145,5,140
S01010763,662,43,619,113,10,103,53,0,53,60,3,57,113,8,105,170,9,161,153,13,140
S01010764,568,24,544,71,2,69,33,1,32,21,1,20,108,2,106,174,13,161,161,5,156
S01010765,981,43,938,126,6,120,72,5,67,74,2,72,179,8,171,270,9,261,260,13,247
S01010766,764,48,716,111,2,109,79,3,76,56,2,54,129,8,121,188,8,180,201,25,176
S01010767,685,25,660,103,4,99,74,0,74,64,0,64,122,6,116,145,5,140,177,10,167
S01010768,549,17,532,59,0,59,61,3,58,36,4,32,103,4,99,114,3,111,176,3,173
S01010769,472,8,464,48,1,47,39,0,39,25,2,23,74,1,73,168,3,165,118,1,117
S01010770,849,33,816,129,4,125,78,0,78,88,2,86,169,5,164,218,12,206,167,10,157
S01010771,846,36,810,97,1,96,58,2,56,54,2,52,157,14,143,224,5,219,256,12,244
S01010772,751,13,738,54,1,53,60,1,59,43,2,41,162,2,160,215,6,209,217,1,216
S01010773,756,9,747,105,0,105,50,0,50,62,0,62,184,3,181,199,5,194,156,1,155
S01010774,703,9,694,113,1,112,66,2,64,47,0,47,149,1,148,183,4,179,145,1,144
S01010775,623,8,615,97,0,97,64,0,64,63,1,62,163,2,161,145,1,144,91,4,87
S01010776,520,7,513,64,0,64,54,1,53,84,0,84,95,1,94,112,2,110,111,3,108
S01010777,492,12,480,43,0,43,72,3,69,57,1,56,88,2,86,115,2,113,117,4,113
S01010778,469,7,462,98,0,98,79,1,78,64,0,64,102,2,100,85,1,84,41,3,38
S01010779,748,10,738,136,2,134,104,2,102,86,1,85,146,1,145,140,3,137,136,1,135
S01010780,556,3,553,77,0,77,49,0,49,51,2,49,122,0,122,125,1,124,132,0,132
S01010781,751,10,741,105,0,105,96,1,95,93,0,93,166,1,165,170,5,165,121,3,118
S01010782,601,17,584,88,2,86,59,4,55,69,3,66,121,3,118,130,4,126,134,1,133
S01010783,532,5,527,68,0,68,86,0,86,67,1,66,99,1,98,103,1,102,109,2,107
S01010784,705,7,698,123,0,123,98,1,97,103,2,101,151,1,150,125,0,125,105,3,102
S01010785,666,12,654,86,1,85,67,1,66,68,0,68,126,2,124,193,0,193,126,8,118
S01010786,672,11,661,138,1,137,67,1,66,68,0,68,164,2,162,133,0,133,102,7,95
S01010787,880,21,859,147,5,142,71,1,70,77,1,76,193,4,189,216,7,209,176,3,173
S01010788,605,9,596,99,2,97,51,0,51,75,0,75,135,1,134,150,5,145,95,1,94
S01010789,700,11,689,110,1,109,81,2,79,76,0,76,153,3,150,155,2,153,125,3,122
S01010790,657,9,648,87,0,87,64,1,63,51,1,50,140,2,138,171,4,167,144,1,143
S01010791,813,6,807,93,0,93,65,1,64,71,1,70,157,1,156,220,2,218,207,1,206
S01010792,600,5,595,110,0,110,65,0,65,75,1,74,131,2,129,127,2,125,92,0,92
S01010793,632,13,619,102,3,99,41,3,38,48,0,48,170,3,167,149,3,146,122,1,121
S01010794,530,11,519,95,2,93,50,0,50,77,1,76,141,5,136,91,0,91,76,3,73
S01010795,956,25,931,135,3,132,77,4,73,91,1,90,208,4,204,215,9,206,230,4,226
S01010796,803,11,792,123,1,122,61,1,60,74,0,74,192,4,188,199,0,199,154,5,149
S01010797,736,10,726,103,2,101,60,2,58,78,0,78,192,3,189,181,1,180,122,2,120
S01010798,679,17,662,100,3,97,40,1,39,52,0,52,147,5,142,172,6,166,168,2,166
S01010799,885,25,860,68,2,66,84,3,81,117,5,112,172,7,165,189,3,186,255,5,250
S01010800,700,17,683,92,3,89,75,2,73,97,1,96,153,6,147,144,3,141,139,2,137
S01010801,689,25,664,86,6,80,58,5,53,79,5,74,133,4,129,150,5,145,183,0,183
S01010802,544,7,537,69,0,69,70,0,70,83,2,81,111,1,110,103,4,99,108,0,108
S01010803,590,8,582,91,0,91,83,1,82,83,1,82,115,3,112,95,0,95,123,3,120
S01010804,579,18,561,82,1,81,57,3,54,43,2,41,123,4,119,136,3,133,138,5,133
S01010805,830,25,805,125,3,122,106,1,105,82,2,80,172,8,164,181,7,174,164,4,160
S01010806,886,20,866,145,3,142,123,4,119,117,2,115,179,4,175,181,4,177,141,3,138
S01010807,547,15,532,97,2,95,48,0,48,79,0,79,117,7,110,94,0,94,112,6,106
S01010808,537,4,533,115,1,114,49,0,49,67,1,66,111,2,109,111,0,111,84,0,84
S01010809,747,14,733,72,0,72,66,0,66,88,1,87,156,3,153,195,3,192,170,7,163
S01010810,488,38,450,59,7,52,41,7,34,32,1,31,87,5,82,128,4,124,141,14,127
S01010811,832,109,723,87,21,66,73,18,55,74,6,68,184,19,165,218,14,204,196,31,165
S01010812,514,74,440,80,10,70,37,5,32,36,2,34,110,8,102,134,18,116,117,31,86
S01010813,524,20,504,70,2,68,48,1,47,56,3,53,110,1,109,144,4,140,96,9,87
S01010814,621,69,552,85,3,82,42,2,40,37,1,36,139,11,128,187,29,158,131,23,108
S01010815,441,35,406,64,0,64,37,3,34,33,4,29,81,3,78,140,14,126,86,11,75
S01010816,621,4,617,98,0,98,56,0,56,41,1,40,114,2,112,123,1,122,189,0,189
S01010817,885,10,875,173,0,173,62,0,62,57,0,57,207,0,207,237,10,227,149,0,149
S01010818,990,15,975,164,0,164,56,0,56,59,0,59,268,5,263,217,3,214,226,7,219
S01010819,777,6,771,101,0,101,54,1,53,55,0,55,156,1,155,204,3,201,207,1,206
S01010820,515,9,506,84,0,84,37,0,37,39,1,38,128,2,126,127,1,126,100,5,95
S01010821,583,9,574,84,0,84,47,0,47,25,0,25,109,0,109,153,3,150,165,6,159
S01010822,759,3,756,118,0,118,52,1,51,51,0,51,214,2,212,197,0,197,127,0,127
S01010823,467,5,462,99,4,95,51,0,51,76,1,75,125,0,125,68,0,68,48,0,48
S01010824,734,6,728,199,0,199,69,1,68,58,2,56,275,2,273,90,1,89,43,0,43
S01010825,339,2,337,80,0,80,17,0,17,57,0,57,116,2,114,38,0,38,31,0,31
S01010826,731,17,714,111,0,111,82,1,81,55,0,55,162,4,158,202,8,194,119,4,115
S01010827,578,4,574,87,0,87,66,0,66,49,0,49,150,1,149,158,1,157,68,2,66
S01010828,1204,18,1186,243,2,241,154,0,154,69,2,67,368,2,366,281,9,272,89,3,86
S01010829,875,9,866,66,0,66,76,0,76,93,3,90,182,1,181,267,5,262,191,0,191
S01010830,542,4,538,66,0,66,80,0,80,57,0,57,112,2,110,134,0,134,93,2,91
S01010831,577,2,575,141,0,141,65,0,65,44,0,44,234,1,233,71,0,71,22,1,21
S01010832,707,7,700,94,1,93,104,1,103,102,1,101,179,0,179,165,3,162,63,1,62
S01010833,879,9,870,140,1,139,106,1,105,61,1,60,237,4,233,222,2,220,113,0,113
S01010834,895,9,886,101,0,101,77,0,77,65,1,64,178,2,176,243,4,239,231,2,229
S01010835,638,5,633,62,1,61,83,0,83,29,0,29,121,0,121,172,2,170,171,2,169
S01010836,783,11,772,87,1,86,60,0,60,77,0,77,196,4,192,194,3,191,169,3,166
S01010837,652,2,650,92,0,92,77,0,77,40,0,40,137,0,137,141,0,141,165,2,163
S01010838,814,8,806,150,3,147,90,0,90,87,1,86,210,1,209,149,3,146,128,0,128
S01010839,710,6,704,117,0,117,74,0,74,62,0,62,186,1,185,114,1,113,157,4,153
S01010840,478,5,473,30,0,30,41,0,41,70,0,70,109,0,109,100,3,97,128,2,126
S01010841,723,11,712,66,0,66,70,1,69,111,1,110,174,3,171,156,6,150,146,0,146
S01010842,874,15,859,66,2,64,62,1,61,111,0,111,183,7,176,170,1,169,282,4,278
S01010843,627,3,624,45,0,45,54,0,54,85,0,85,127,3,124,119,0,119,197,0,197
S01010844,654,8,646,83,0,83,78,1,77,34,0,34,135,1,134,179,3,176,145,3,142
S01010845,601,3,598,73,0,73,60,0,60,61,0,61,122,0,122,145,1,144,140,2,138
S01010846,743,5,738,123,2,121,129,0,129,85,1,84,177,2,175,163,0,163,66,0,66
S01010847,628,7,621,110,0,110,71,1,70,87,0,87,160,2,158,143,3,140,57,1,56
S01010848,640,4,636,121,2,119,98,0,98,75,0,75,163,2,161,122,0,122,61,0,61
S01010849,910,4,906,178,2,176,141,0,141,94,0,94,206,0,206,177,1,176,114,1,113
S01010850,843,5,838,132,1,131,102,0,102,91,0,91,166,2,164,188,1,187,164,1,163
S01010851,779,5,774,171,1,170,91,0,91,116,0,116,185,3,182,136,1,135,80,0,80
S01010852,708,4,704,96,3,93,84,0,84,67,0,67,169,0,169,168,1,167,124,0,124
S01010853,857,10,847,131,1,130,97,1,96,104,0,104,161,1,160,221,6,215,143,1,142
S01010854,883,11,872,182,4,178,129,0,129,109,2,107,221,3,218,155,2,153,87,0,87
S01010855,542,3,539,93,0,93,71,1,70,64,1,63,94,0,94,118,1,117,102,0,102
S01010856,869,8,861,114,2,112,80,0,80,97,1,96,199,2,197,177,1,176,202,2,200
S01010857,814,3,811,170,0,170,114,0,114,89,0,89,237,3,234,148,0,148,56,0,56
S01010858,703,5,698,111,1,110,87,0,87,84,0,84,177,3,174,102,1,101,142,0,142
S01010859,713,2,711,127,0,127,103,0,103,77,0,77,140,0,140,143,2,141,123,0,123
S01010860,609,1,608,81,1,80,79,0,79,60,0,60,135,0,135,150,0,150,104,0,104
S01010861,614,2,612,81,0,81,77,0,77,76,0,76,136,0,136,119,1,118,125,1,124
S01010862,519,7,512,80,1,79,106,2,104,71,0,71,115,2,113,87,2,85,60,0,60
S01010863,777,7,770,100,2,98,78,0,78,56,0,56,153,1,152,187,2,185,203,2,201
S01010864,552,5,547,65,0,65,53,1,52,55,0,55,101,0,101,149,3,146,129,1,128
S01010865,694,8,686,51,0,51,66,0,66,46,0,46,101,2,99,192,5,187,238,1,237
S01010866,738,7,731,68,0,68,58,0,58,39,0,39,102,0,102,179,2,177,292,5,287
S01010867,655,12,643,64,0,64,72,1,71,54,0,54,121,2,119,143,2,141,201,7,194
S01010868,818,16,802,75,0,75,69,0,69,47,1,46,170,4,166,194,3,191,263,8,255
S01010869,732,6,726,100,0,100,100,1,99,52,0,52,160,0,160,182,1,181,138,4,134
S01010870,750,11,739,83,0,83,81,2,79,92,2,90,152,0,152,145,2,143,197,5,192
S01010871,874,12,862,115,1,114,100,1,99,117,4,113,175,0,175,159,2,157,208,4,204
S01010872,690,12,678,66,1,65,75,1,74,110,3,107,158,3,155,150,2,148,131,2,129
S01010873,535,6,529,38,1,37,39,1,38,65,0,65,98,1,97,96,1,95,199,2,197
S01010874,740,7,733,108,1,107,116,1,115,90,3,87,182,1,181,151,1,150,93,0,93
S01010875,494,4,490,68,1,67,61,0,61,94,1,93,125,0,125,81,0,81,65,2,63
S01010876,700,5,695,92,0,92,99,1,98,133,3,130,147,1,146,133,0,133,96,0,96
S01010877,922,11,911,130,0,130,113,2,111,135,1,134,187,1,186,212,2,210,145,5,140
S01010878,1161,24,1137,113,7,106,117,3,114,162,3,159,288,3,285,216,3,213,265,5,260
S01010879,813,5,808,108,0,108,87,0,87,105,1,104,186,1,185,200,3,197,127,0,127
S01010880,533,1,532,89,0,89,65,0,65,81,0,81,117,0,117,92,1,91,89,0,89
S01010881,610,3,607,68,1,67,78,1,77,52,0,52,119,0,119,109,0,109,184,1,183
S01010882,554,4,550,97,1,96,82,0,82,48,0,48,150,0,150,118,1,117,59,2,57
S01010883,859,5,854,123,1,122,139,0,139,57,0,57,234,0,234,193,3,190,113,1,112
S01010884,683,7,676,101,2,99,69,0,69,71,2,69,161,2,159,142,0,142,139,1,138
S01010885,915,12,903,137,1,136,115,0,115,141,2,139,207,5,202,175,1,174,140,3,137
S01010886,438,7,431,39,2,37,73,2,71,59,1,58,121,1,120,93,1,92,53,0,53
S01010887,797,9,788,90,2,88,95,1,94,103,2,101,157,2,155,148,0,148,204,2,202
S01010888,749,8,741,67,1,66,76,0,76,121,1,120,180,5,175,160,1,159,145,0,145
S01010889,507,6,501,35,2,33,46,0,46,97,0,97,126,3,123,111,0,111,92,1,91
S01010890,755,7,748,42,1,41,43,0,43,79,0,79,131,2,129,153,2,151,307,2,305
S01010891,423,12,411,33,0,33,57,3,54,48,3,45,70,4,66,87,1,86,128,1,127
S01010892,817,10,807,59,2,57,63,0,63,114,0,114,164,4,160,190,3,187,227,1,226
S01010893,511,5,506,46,0,46,38,0,38,66,0,66,109,2,107,117,2,115,135,1,134
S01010894,650,8,642,71,0,71,70,2,68,148,2,146,110,1,109,83,0,83,168,3,165
S01010895,400,0,400,42,0,42,47,0,47,54,0,54,77,0,77,103,0,103,77,0,77
S01010896,648,3,645,80,0,80,88,1,87,69,0,69,140,0,140,155,2,153,116,0,116
S01010897,808,4,804,138,0,138,110,2,108,93,0,93,180,2,178,182,0,182,105,0,105
S01010898,586,2,584,81,0,81,93,0,93,65,1,64,143,1,142,124,0,124,80,0,80
S01010899,564,3,561,86,1,85,81,0,81,90,0,90,149,2,147,102,0,102,56,0,56
S01010900,645,3,642,137,0,137,84,2,82,117,0,117,150,0,150,95,1,94,62,0,62
S01010901,452,0,452,101,0,101,51,0,51,59,0,59,104,0,104,79,0,79,58,0,58
S01010902,935,8,927,110,2,108,99,2,97,111,0,111,215,0,215,200,0,200,200,4,196
S01010903,768,3,765,101,1,100,95,0,95,89,1,88,162,0,162,162,1,161,159,0,159
S01010904,525,4,521,79,0,79,82,1,81,51,1,50,154,1,153,104,1,103,55,0,55
S01010905,612,2,610,110,1,109,90,0,90,129,0,129,147,1,146,91,0,91,45,0,45
S01010906,922,6,916,176,1,175,127,1,126,146,2,144,235,1,234,181,0,181,57,1,56
S01010907,480,2,478,86,0,86,49,0,49,119,0,119,146,2,144,59,0,59,21,0,21
S01010908,594,4,590,82,2,80,66,0,66,70,0,70,119,1,118,147,0,147,110,1,109
S01010909,701,1,700,85,0,85,97,0,97,66,0,66,149,0,149,159,0,159,145,1,144
S01010910,472,0,472,67,0,67,64,0,64,77,0,77,113,0,113,94,0,94,57,0,57
S01010911,524,2,522,29,0,29,38,0,38,54,0,54,89,2,87,144,0,144,170,0,170
S01010912,659,2,657,66,0,66,66,0,66,74,1,73,112,0,112,148,0,148,193,1,192
S01010913,618,3,615,81,1,80,74,0,74,78,0,78,149,1,148,156,1,155,80,0,80
S01010914,646,4,642,107,0,107,99,1,98,80,0,80,152,1,151,148,1,147,60,1,59
S01010915,714,1,713,122,0,122,90,0,90,110,0,110,147,1,146,180,0,180,65,0,65
S01010916,553,1,552,67,0,67,74,0,74,81,0,81,131,1,130,114,0,114,86,0,86
S01010917,690,3,687,70,0,70,74,0,74,79,0,79,147,0,147,170,2,168,150,1,149
S01010918,711,2,709,99,0,99,85,0,85,76,0,76,144,1,143,123,0,123,184,1,183
S01010919,766,3,763,108,0,108,101,0,101,97,1,96,160,2,158,158,0,158,142,0,142
S01010920,570,2,568,118,0,118,81,0,81,71,0,71,144,1,143,106,1,105,50,0,50
S01010921,613,1,612,92,0,92,72,0,72,79,0,79,137,0,137,144,1,143,89,0,89
S01010922,841,4,837,120,0,120,118,1,117,81,0,81,144,1,143,194,2,192,184,0,184
S01010923,857,7,850,128,0,128,88,0,88,111,0,111,188,4,184,191,2,189,151,1,150
S01010924,597,0,597,85,0,85,70,0,70,52,0,52,130,0,130,147,0,147,113,0,113
S01010925,822,3,819,144,0,144,105,0,105,89,0,89,182,0,182,128,1,127,174,2,172
S01010926,762,1,761,113,0,113,100,0,100,86,0,86,140,1,139,193,0,193,130,0,130
S01010927,560,2,558,99,0,99,39,0,39,79,1,78,118,1,117,132,0,132,93,0,93
S01010928,705,7,698,144,0,144,81,0,81,106,4,102,145,2,143,134,1,133,95,0,95
S01010929,643,1,642,127,0,127,86,0,86,67,0,67,142,1,141,142,0,142,79,0,79
S01010930,852,10,842,140,2,138,58,0,58,105,0,105,264,6,258,169,2,167,116,0,116
S01010931,417,4,413,45,0,45,31,0,31,28,0,28,114,1,113,110,2,108,89,1,88
S01010932,541,3,538,73,0,73,40,0,40,65,0,65,128,2,126,134,1,133,101,0,101
S01010933,704,6,698,128,1,127,54,0,54,70,0,70,226,2,224,153,1,152,73,2,71
S01010934,1001,11,990,166,0,166,98,2,96,101,0,101,235,4,231,244,2,242,157,3,154
S01010935,644,5,639,69,1,68,54,0,54,46,0,46,100,3,97,155,1,154,220,0,220
S01010936,669,6,663,42,0,42,65,1,64,96,1,95,135,1,134,147,2,145,184,1,183
S01010937,709,7,702,82,0,82,91,1,90,58,0,58,155,1,154,208,1,207,115,4,111
S01010938,788,5,783,152,0,152,85,0,85,99,2,97,178,2,176,142,0,142,132,1,131
S01010939,501,3,498,80,0,80,67,2,65,59,0,59,94,0,94,140,1,139,61,0,61
S01010940,674,5,669,87,0,87,75,0,75,45,0,45,118,2,116,190,0,190,159,3,156
S01010941,843,8,835,127,0,127,103,0,103,60,0,60,180,3,177,220,3,217,153,2,151
S01010942,631,5,626,68,0,68,62,0,62,51,1,50,119,1,118,185,2,183,146,1,145
S01010943,600,1,599,114,0,114,78,0,78,93,0,93,120,0,120,128,0,128,67,1,66
S01010944,613,3,610,88,0,88,64,1,63,91,1,90,92,0,92,118,0,118,160,1,159
S01010945,525,7,518,84,1,83,50,0,50,65,1,64,109,1,108,132,4,128,85,0,85
S01010946,792,4,788,110,0,110,94,0,94,92,0,92,178,1,177,163,3,160,155,0,155
S01010947,520,3,517,80,1,79,66,0,66,52,0,52,109,0,109,121,1,120,92,1,91
S01010948,655,5,650,102,0,102,58,0,58,82,0,82,154,1,153,145,2,143,114,2,112
S01010949,980,4,976,148,0,148,107,0,107,73,0,73,193,1,192,261,2,259,198,1,197
S01010950,819,10,809,124,0,124,76,0,76,95,4,91,181,1,180,147,1,146,196,4,192
S01010951,600,2,598,93,1,92,73,0,73,59,1,58,153,0,153,115,0,115,107,0,107
S01010952,523,3,520,113,0,113,61,0,61,62,0,62,130,3,127,108,0,108,49,0,49
S01010953,541,1,540,74,0,74,78,0,78,75,1,74,119,0,119,121,0,121,74,0,74
S01010954,596,1,595,68,0,68,123,0,123,95,0,95,113,0,113,144,1,143,53,0,53
S01010955,954,6,948,234,1,233,107,0,107,164,4,160,214,1,213,159,0,159,76,0,76
S01010956,671,8,663,96,1,95,54,0,54,77,2,75,171,3,168,176,1,175,97,1,96
S01010957,563,4,559,90,1,89,44,0,44,47,0,47,126,0,126,148,2,146,108,1,107
S01010958,471,1,470,47,0,47,41,0,41,41,0,41,75,1,74,121,0,121,146,0,146
S01010959,569,9,560,83,0,83,60,2,58,69,2,67,144,4,140,111,1,110,102,0,102
S01010960,1077,9,1068,201,0,201,118,0,118,124,3,121,253,1,252,235,4,231,146,1,145
S01010961,544,1,543,72,0,72,72,0,72,55,0,55,108,0,108,117,1,116,120,0,120
S01010962,525,5,520,17,0,17,27,0,27,33,0,33,82,1,81,212,1,211,154,3,151
S01010963,922,10,912,156,0,156,98,2,96,90,2,88,258,3,255,174,2,172,146,1,145
S01010964,510,5,505,66,0,66,44,1,43,42,1,41,98,0,98,135,2,133,125,1,124
S01010965,493,2,491,74,0,74,69,0,69,65,0,65,106,1,105,115,0,115,64,1,63
S01010966,671,4,667,89,1,88,79,0,79,73,0,73,145,3,142,148,0,148,137,0,137
S01010967,664,4,660,112,1,111,91,1,90,87,1,86,160,0,160,110,0,110,104,1,103
S01010968,697,10,687,94,0,94,59,0,59,72,2,70,158,4,154,146,3,143,168,1,167
S01010969,606,5,601,61,0,61,54,1,53,47,0,47,95,1,94,166,3,163,183,0,183
S01010970,928,5,923,138,1,137,107,0,107,82,1,81,211,3,208,212,0,212,178,0,178
S01010971,1015,12,1003,190,2,188,132,1,131,95,0,95,245,5,240,218,3,215,135,1,134
S01010972,818,2,816,175,0,175,130,0,130,120,2,118,147,0,147,149,0,149,97,0,97
S01010973,482,0,482,63,0,63,63,0,63,30,0,30,103,0,103,116,0,116,107,0,107
S01010974,678,8,670,85,0,85,76,1,75,67,0,67,128,1,127,176,3,173,146,3,143
S01010975,473,3,470,93,0,93,58,0,58,53,1,52,114,1,113,74,0,74,81,1,80
S01010976,539,3,536,62,0,62,59,0,59,63,0,63,115,0,115,103,1,102,137,2,135
S01010977,717,5,712,113,0,113,101,0,101,48,0,48,171,2,169,145,2,143,139,1,138
S01010978,710,7,703,111,1,110,95,1,94,96,2,94,131,1,130,143,0,143,134,2,132
S01010979,799,14,785,148,2,146,110,1,109,101,1,100,177,7,170,142,0,142,121,3,118
S01010980,705,0,705,104,0,104,85,0,85,72,0,72,140,0,140,164,0,164,140,0,140
S01010981,717,13,704,105,3,102,71,2,69,78,0,78,130,4,126,173,1,172,160,3,157
S01010982,1186,18,1168,137,0,137,78,0,78,106,1,105,216,5,211,361,7,354,288,5,283
S01010983,756,3,753,91,1,90,62,0,62,69,0,69,177,0,177,172,2,170,185,0,185
S01010984,650,2,648,72,0,72,44,0,44,41,0,41,125,1,124,159,0,159,209,1,208
S01010985,611,5,606,108,0,108,79,0,79,62,0,62,137,2,135,108,2,106,117,1,116
S01010986,505,2,503,108,0,108,54,0,54,71,1,70,146,1,145,83,0,83,43,0,43
S01010987,641,2,639,188,1,187,48,0,48,41,0,41,233,0,233,89,1,88,42,0,42
S01010988,604,3,601,154,0,154,67,1,66,52,1,51,206,0,206,95,1,94,30,0,30
S01010989,828,0,828,136,0,136,104,0,104,279,0,279,230,0,230,66,0,66,13,0,13
S01010990,777,4,773,141,0,141,79,0,79,81,1,80,172,0,172,165,2,163,139,1,138
S01010991,514,1,513,79,0,79,62,0,62,55,0,55,122,0,122,122,1,121,74,0,74
S01010992,558,1,557,156,0,156,43,0,43,55,0,55,228,1,227,61,0,61,15,0,15
S01010993,620,4,616,112,1,111,56,2,54,51,0,51,166,0,166,143,0,143,92,1,91
S01010994,1069,9,1060,173,0,173,77,1,76,129,2,127,267,0,267,208,2,206,215,4,211
S01010995,702,1,701,94,0,94,72,0,72,60,0,60,133,1,132,242,0,242,101,0,101
S01010996,589,4,585,75,2,73,49,0,49,44,0,44,144,0,144,143,1,142,134,1,133
S01010997,622,7,615,61,1,60,49,0,49,25,0,25,109,3,106,193,2,191,185,1,184
S01010998,599,6,593,104,0,104,59,0,59,27,1,26,141,2,139,140,3,137,128,0,128
S01010999,876,2,874,130,0,130,55,0,55,73,0,73,179,0,179,182,0,182,257,2,255
S01011000,819,8,811,139,0,139,73,0,73,80,3,77,206,2,204,202,2,200,119,1,118
S01011001,632,5,627,98,0,98,65,1,64,64,0,64,126,3,123,150,0,150,129,1,128
S01011002,689,8,681,95,0,95,59,1,58,72,0,72,151,2,149,163,3,160,149,2,147
S01011003,663,4,659,110,0,110,84,1,83,71,0,71,141,0,141,141,2,139,116,1,115
S01011004,600,2,598,114,0,114,53,0,53,62,0,62,158,0,158,129,1,128,84,1,83
S01011005,639,0,639,83,0,83,66,0,66,101,0,101,118,0,118,141,0,141,130,0,130
S01011006,959,5,954,155,0,155,112,0,112,179,1,178,219,3,216,161,0,161,133,1,132
S01011007,667,0,667,125,0,125,71,0,71,64,0,64,138,0,138,144,0,144,125,0,125
S01011008,758,1,757,105,0,105,73,0,73,75,0,75,165,0,165,180,1,179,160,0,160
S01011009,497,1,496,81,0,81,61,0,61,54,0,54,124,0,124,127,0,127,50,1,49
S01011010,551,4,547,41,0,41,62,3,59,94,1,93,141,0,141,104,0,104,109,0,109
S01011011,739,7,732,76,1,75,99,1,98,119,0,119,152,2,150,148,2,146,145,1,144
S01011012,679,6,673,139,0,139,110,2,108,91,2,89,145,1,144,112,0,112,82,1,81
S01011013,777,5,772,109,0,109,75,0,75,74,0,74,167,3,164,166,2,164,186,0,186
S01011014,791,2,789,100,0,100,102,0,102,83,0,83,175,0,175,231,2,229,100,0,100
S01011015,431,3,428,51,0,51,55,0,55,30,0,30,83,1,82,141,1,140,71,1,70
S01011016,785,5,780,153,0,153,97,1,96,156,2,154,260,2,258,97,0,97,22,0,22
S01011017,807,9,798,115,3,112,71,0,71,43,0,43,198,2,196,216,1,215,164,3,161
S01011018,832,7,825,123,0,123,92,1,91,71,0,71,205,4,201,181,2,179,160,0,160
S01011019,982,5,977,188,0,188,81,0,81,152,1,151,240,3,237,187,0,187,134,1,133
S01011020,455,2,453,77,0,77,20,0,20,47,0,47,125,1,124,119,0,119,67,1,66
S01011021,860,9,851,141,2,139,131,0,131,94,0,94,171,4,167,157,2,155,166,1,165
S01011022,564,7,557,113,1,112,76,0,76,72,0,72,110,5,105,119,1,118,74,0,74
S01011023,780,12,768,115,2,113,98,0,98,101,2,99,169,1,168,183,5,178,114,2,112
S01011024,742,5,737,156,1,155,101,0,101,120,1,119,162,0,162,116,0,116,87,3,84
S01011025,654,0,654,98,0,98,100,0,100,96,0,96,154,0,154,145,0,145,61,0,61
S01011026,523,1,522,67,0,67,75,0,75,81,0,81,125,1,124,117,0,117,58,0,58
S01011027,878,7,871,172,0,172,108,0,108,141,1,140,179,1,178,139,4,135,139,1,138
S01011028,922,3,919,183,0,183,122,0,122,134,0,134,190,0,190,132,1,131,161,2,159
S01011029,607,0,607,98,0,98,82,0,82,82,0,82,129,0,129,121,0,121,95,0,95
S01011030,937,4,933,139,0,139,131,1,130,100,0,100,259,2,257,197,1,196,111,0,111
S01011031,698,4,694,122,1,121,73,0,73,78,0,78,151,2,149,123,1,122,151,0,151
S01011032,750,0,750,98,0,98,107,0,107,90,0,90,154,0,154,167,0,167,134,0,134
S01011033,613,5,608,89,1,88,60,0,60,70,2,68,172,1,171,134,1,133,88,0,88
S01011034,641,4,637,78,1,77,61,1,60,56,1,55,152,0,152,127,0,127,167,1,166
S01011035,634,5,629,117,0,117,93,2,91,70,1,69,140,0,140,158,2,156,56,0,56
S01011036,624,3,621,83,0,83,74,0,74,70,0,70,160,1,159,143,1,142,94,1,93
S01011037,903,9,894,161,0,161,129,0,129,155,4,151,183,1,182,161,4,157,114,0,114
S01011038,836,3,833,173,0,173,110,0,110,107,0,107,179,1,178,169,2,167,98,0,98
S01011039,754,5,749,78,0,78,91,1,90,113,1,112,170,0,170,155,1,154,147,2,145
S01011040,718,4,714,156,0,156,114,2,112,74,0,74,171,2,169,109,0,109,94,0,94
S01011041,799,2,797,170,0,170,110,0,110,103,1,102,152,0,152,102,1,101,162,0,162
S01011042,784,3,781,142,0,142,87,0,87,94,1,93,222,1,221,152,0,152,87,1,86
S01011043,683,2,681,122,0,122,68,0,68,76,0,76,153,1,152,132,1,131,132,0,132
S01011044,661,9,652,93,0,93,96,2,94,77,0,77,152,3,149,139,2,137,104,2,102
S01011045,789,20,769,145,3,142,68,0,68,73,4,69,173,6,167,160,3,157,170,4,166
S01011046,831,14,817,114,1,113,76,0,76,59,0,59,204,0,204,230,3,227,148,10,138
S01011047,953,14,939,164,4,160,77,0,77,90,1,89,203,3,200,226,3,223,193,3,190
S01011048,956,6,950,151,0,151,92,0,92,83,0,83,218,3,215,184,3,181,228,0,228
S01011049,661,2,659,80,0,80,53,0,53,55,0,55,150,0,150,155,1,154,168,1,167
S01011050,780,10,770,129,1,128,73,0,73,60,1,59,184,4,180,186,2,184,148,2,146
S01011051,927,12,915,147,0,147,72,1,71,68,2,66,225,5,220,218,3,215,197,1,196
S01011052,831,7,824,119,1,118,70,1,69,72,0,72,167,0,167,147,1,146,256,4,252
S01011053,636,20,616,101,1,100,62,3,59,86,5,81,125,5,120,137,5,132,125,1,124
S01011054,522,6,516,80,1,79,42,0,42,45,0,45,116,1,115,128,2,126,111,2,109
S01011055,555,0,555,102,0,102,51,0,51,41,0,41,139,0,139,140,0,140,82,0,82
S01011056,668,11,657,113,0,113,61,0,61,64,3,61,164,1,163,147,2,145,119,5,114
S01011057,556,3,553,81,0,81,56,0,56,54,0,54,126,2,124,137,1,136,102,0,102
S01011058,623,6,617,100,0,100,55,1,54,52,0,52,152,3,149,168,0,168,96,2,94
S01011059,615,1,614,105,0,105,60,0,60,47,0,47,136,1,135,177,0,177,90,0,90
S01011060,884,10,874,104,0,104,75,2,73,64,1,63,163,2,161,183,5,178,295,0,295
S01011061,815,6,809,116,0,116,93,0,93,95,2,93,194,1,193,159,3,156,158,0,158
S01011062,899,9,890,144,0,144,106,0,106,70,2,68,222,3,219,191,3,188,166,1,165
S01011063,1004,6,998,149,0,149,108,0,108,117,0,117,191,2,189,200,2,198,239,2,237
S01011064,994,16,978,134,3,131,95,0,95,102,3,99,189,7,182,237,2,235,237,1,236
S01011065,708,10,698,116,1,115,59,0,59,55,0,55,162,2,160,171,5,166,145,2,143
S01011066,497,4,493,70,0,70,32,1,31,54,0,54,91,0,91,119,2,117,131,1,130
S01011067,552,5,547,74,0,74,50,1,49,49,0,49,94,1,93,118,1,117,167,2,165
S01011068,515,4,511,94,0,94,46,1,45,45,0,45,120,1,119,106,0,106,104,2,102
S01011069,566,6,560,99,0,99,51,1,50,38,0,38,142,4,138,110,0,110,126,1,125
S01011070,608,1,607,98,0,98,47,0,47,75,0,75,110,0,110,156,0,156,122,1,121
S01011071,817,13,804,91,0,91,94,2,92,69,0,69,149,3,146,212,2,210,202,6,196
S01011072,955,4,951,154,0,154,105,0,105,109,3,106,214,0,214,227,1,226,146,0,146
S01011073,682,3,679,86,0,86,91,0,91,55,0,55,158,2,156,151,0,151,141,1,140
S01011074,586,10,576,77,0,77,62,3,59,64,0,64,140,3,137,129,3,126,114,1,113
S01011075,682,5,677,112,0,112,68,1,67,87,1,86,158,1,157,125,2,123,132,0,132
S01011076,713,5,708,108,0,108,65,0,65,90,1,89,160,0,160,129,2,127,161,2,159
S01011077,733,7,726,147,0,147,98,1,97,95,1,94,130,2,128,114,1,113,149,2,147
S01011078,1112,3,1109,171,0,171,116,0,116,88,2,86,257,0,257,193,0,193,287,1,286
S01011079,1025,10,1015,137,1,136,101,2,99,161,2,159,225,4,221,197,1,196,204,0,204
S01011080,951,10,941,113,3,110,99,1,98,103,0,103,193,4,189,215,0,215,228,2,226
S01011081,797,3,794,135,0,135,106,0,106,96,1,95,178,1,177,134,0,134,148,1,147
S01011082,517,4,513,43,0,43,53,0,53,51,2,49,61,0,61,130,1,129,179,1,178
S01011083,772,10,762,124,1,123,57,0,57,73,1,72,157,0,157,183,5,178,178,3,175
S01011084,764,14,750,110,0,110,66,0,66,55,1,54,165,5,160,203,3,200,165,5,160
S01011085,870,8,862,126,0,126,72,0,72,58,0,58,199,1,198,228,4,224,187,3,184
S01011086,632,6,626,86,0,86,65,1,64,40,1,39,133,3,130,155,0,155,153,1,152
S01011087,563,6,557,84,2,82,47,0,47,65,1,64,136,2,134,108,0,108,123,1,122
S01011088,962,19,943,159,2,157,88,2,86,91,2,89,202,4,198,219,8,211,203,1,202
S01011089,635,10,625,93,1,92,61,0,61,68,2,66,104,1,103,153,3,150,156,3,153
S01011090,702,6,696,90,0,90,57,3,54,58,0,58,161,1,160,181,1,180,155,1,154
S01011091,612,5,607,86,0,86,40,0,40,50,1,49,149,1,148,186,3,183,101,0,101
S01011092,444,5,439,124,1,123,62,0,62,79,2,77,105,2,103,52,0,52,22,0,22
S01011093,588,8,580,86,0,86,52,1,51,43,0,43,168,3,165,137,2,135,102,2,100
S01011094,536,4,532,89,0,89,35,0,35,41,2,39,134,0,134,120,1,119,117,1,116
S01011095,772,7,765,121,0,121,79,2,77,31,0,31,210,4,206,207,0,207,124,1,123
S01011096,565,5,560,86,0,86,75,0,75,59,0,59,150,2,148,100,0,100,95,3,92
S01011097,695,11,684,136,2,134,52,0,52,52,0,52,180,1,179,182,4,178,93,4,89
S01011098,723,14,709,88,0,88,75,0,75,103,3,100,160,5,155,156,3,153,141,3,138
S01011099,783,9,774,132,0,132,113,2,111,106,1,105,180,1,179,173,4,169,79,1,78
S01011100,443,3,440,51,0,51,39,0,39,45,0,45,81,0,81,103,3,100,124,0,124
S01011101,597,3,594,115,0,115,82,0,82,77,0,77,137,0,137,103,1,102,83,2,81
S01011102,613,6,607,79,1,78,81,1,80,107,2,105,131,0,131,115,2,113,100,0,100
S01011103,557,16,541,54,1,53,71,3,68,103,5,98,94,2,92,117,3,114,118,2,116
S01011104,686,6,680,58,0,58,57,1,56,63,1,62,115,1,114,122,1,121,271,2,269
S01011105,766,7,759,84,0,84,90,0,90,151,2,149,130,0,130,145,2,143,166,3,163
S01011106,876,13,863,232,0,232,104,4,100,264,6,258,182,1,181,56,2,54,38,0,38
S01011107,860,5,855,224,1,223,119,0,119,191,0,191,242,3,239,69,1,68,15,0,15
S01011108,537,4,533,90,1,89,87,1,86,54,0,54,141,1,140,97,1,96,68,0,68
S01011109,789,7,782,99,1,98,77,0,77,95,3,92,169,1,168,174,0,174,175,2,173
S01011110,670,5,665,102,1,101,80,1,79,109,0,109,151,2,149,153,1,152,75,0,75
S01011111,843,14,829,144,2,142,99,1,98,114,3,111,199,4,195,174,3,171,113,1,112
S01011112,818,8,810,170,0,170,85,1,84,166,1,165,254,1,253,95,3,92,48,2,46
S01011113,905,7,898,84,1,83,96,1,95,86,0,86,177,1,176,222,2,220,240,2,238
S01011114,693,7,686,78,0,78,84,0,84,59,0,59,148,1,147,218,3,215,106,3,103
S01011115,880,22,858,129,4,125,107,2,105,108,2,106,216,6,210,182,2,180,138,6,132
S01011116,650,5,645,106,0,106,64,0,64,82,1,81,140,0,140,142,1,141,116,3,113
S01011117,726,15,711,91,1,90,67,1,66,92,4,88,149,0,149,150,3,147,177,6,171
S01011118,857,15,842,133,1,132,75,0,75,85,2,83,195,4,191,160,2,158,209,6,203
S01011119,917,14,903,128,0,128,65,0,65,57,0,57,206,3,203,233,5,228,228,6,222
S01011120,666,10,656,58,0,58,46,0,46,24,0,24,113,0,113,198,2,196,227,8,219
S01011121,512,7,505,39,0,39,78,1,77,97,4,93,98,0,98,97,1,96,103,1,102
S01011122,627,4,623,86,0,86,67,1,66,82,0,82,142,2,140,140,0,140,110,1,109
S01011123,1094,12,1082,178,3,175,116,0,116,142,0,142,247,6,241,189,2,187,222,1,221
S01011124,625,6,619,120,0,120,56,0,56,85,1,84,174,2,172,101,3,98,89,0,89
S01011125,475,8,467,83,0,83,87,1,86,65,4,61,125,1,124,79,1,78,36,1,35
S01011126,470,3,467,91,0,91,53,0,53,92,2,90,90,1,89,78,0,78,66,0,66
S01011127,469,7,462,142,1,141,66,3,63,140,1,139,108,2,106,8,0,8,5,0,5
S01011128,692,7,685,92,1,91,81,0,81,97,1,96,172,2,170,144,1,143,106,2,104
S01011129,968,4,964,197,1,196,63,2,61,138,0,138,262,1,261,147,0,147,161,0,161
S01011130,578,7,571,80,1,79,52,1,51,82,1,81,123,0,123,109,4,105,132,0,132
S01011131,619,7,612,54,2,52,77,0,77,96,0,96,140,4,136,141,1,140,111,0,111
S01011132,866,6,860,121,0,121,87,0,87,107,0,107,209,3,206,170,3,167,172,0,172
S01011133,430,12,418,55,2,53,46,0,46,56,4,52,82,1,81,90,5,85,101,0,101
S01011134,727,9,718,62,2,60,70,2,68,89,0,89,163,0,163,157,2,155,186,3,183
S01011135,720,5,715,87,0,87,87,0,87,101,0,101,131,2,129,166,1,165,148,2,146
S01011136,638,6,632,75,0,75,76,1,75,77,2,75,130,0,130,134,2,132,146,1,145
S01011137,472,11,461,103,2,101,58,3,55,66,2,64,116,4,112,74,0,74,55,0,55
S01011138,611,7,604,129,2,127,80,1,79,105,1,104,139,1,138,94,1,93,64,1,63
S01011139,1278,21,1257,161,0,161,392,4,388,388,12,376,215,3,212,77,1,76,45,1,44
S01011140,520,6,514,92,0,92,72,0,72,92,1,91,117,5,112,89,0,89,58,0,58
S01011141,536,8,528,101,0,101,69,2,67,86,3,83,116,0,116,108,3,105,56,0,56
S01011142,1255,12,1243,323,5,318,329,1,328,53,0,53,225,3,222,185,1,184,140,2,138
S01011143,932,9,923,152,0,152,86,0,86,75,1,74,220,3,217,197,1,196,202,4,198
S01011144,746,4,742,149,0,149,67,0,67,69,0,69,176,1,175,159,1,158,126,2,124
S01011145,645,9,636,104,0,104,50,0,50,46,1,45,163,2,161,158,2,156,124,4,120
S01011146,718,5,713,132,1,131,70,0,70,76,1,75,163,0,163,163,2,161,114,1,113
S01011147,987,13,974,146,0,146,101,2,99,100,1,99,236,2,234,239,3,236,165,5,160
S01011148,762,9,753,110,0,110,70,0,70,72,1,71,188,6,182,185,1,184,137,1,136
S01011149,829,10,819,128,1,127,126,1,125,182,2,180,201,4,197,130,1,129,62,1,61
S01011150,433,6,427,114,0,114,36,0,36,136,3,133,116,3,113,27,0,27,4,0,4
S01011151,548,14,534,119,3,116,73,2,71,95,2,93,152,5,147,70,2,68,39,0,39
S01011152,683,2,681,94,0,94,44,0,44,65,1,64,116,0,116,192,1,191,172,0,172
S01011153,847,34,813,99,5,94,92,2,90,83,1,82,174,12,162,199,8,191,200,6,194
S01011154,551,11,540,56,0,56,52,0,52,53,1,52,110,1,109,127,5,122,153,4,149
S01011155,625,10,615,69,0,69,54,1,53,56,2,54,124,1,123,145,5,140,177,1,176
S01011156,554,6,548,66,0,66,62,0,62,44,0,44,129,2,127,146,2,144,107,2,105
S01011157,569,6,563,55,0,55,42,0,42,43,0,43,120,0,120,165,6,159,144,0,144
S01011158,501,11,490,55,0,55,35,2,33,20,0,20,68,1,67,166,1,165,157,7,150
S01011159,522,6,516,51,0,51,40,0,40,48,1,47,96,3,93,122,0,122,165,2,163
S01011160,871,13,858,125,0,125,114,3,111,126,1,125,179,2,177,191,4,187,136,3,133
S01011161,616,12,604,120,2,118,63,2,61,80,0,80,136,3,133,112,3,109,105,2,103
S01011162,476,10,466,110,3,107,65,1,64,43,0,43,114,4,110,84,2,82,60,0,60
S01011163,763,9,754,92,0,92,106,0,106,80,1,79,165,2,163,190,4,186,130,2,128
S01011164,753,9,744,163,0,163,78,0,78,63,1,62,171,1,170,147,1,146,131,6,125
S01011165,728,10,718,104,2,102,66,0,66,110,1,109,138,2,136,150,2,148,160,3,157
S01011166,500,3,497,66,0,66,37,0,37,29,0,29,102,0,102,131,2,129,135,1,134
S01011167,715,12,703,74,3,71,49,0,49,41,1,40,140,4,136,232,3,229,179,1,178
S01011168,819,22,797,112,0,112,75,1,74,60,0,60,199,7,192,213,11,202,160,3,157
S01011169,928,9,919,222,2,220,110,0,110,103,0,103,331,3,328,101,2,99,61,2,59
S01011170,893,7,886,137,0,137,71,0,71,66,0,66,203,2,201,254,4,250,162,1,161
S01011171,889,29,860,100,5,95,71,1,70,52,0,52,159,2,157,254,10,244,253,11,242
S01011172,738,21,717,91,11,80,47,1,46,53,0,53,126,2,124,220,2,218,201,5,196
S01011173,586,22,564,79,8,71,39,0,39,30,1,29,110,5,105,129,2,127,199,6,193
S01011174,453,13,440,45,1,44,33,0,33,32,2,30,64,4,60,101,3,98,178,3,175
S01011175,520,13,507,81,3,78,47,0,47,27,0,27,105,4,101,109,2,107,151,4,147
S01011176,534,12,522,38,3,35,48,0,48,32,0,32,66,0,66,145,1,144,205,8,197
S01011177,852,31,821,111,4,107,65,1,64,75,1,74,163,8,155,197,7,190,241,10,231
S01011178,484,8,476,90,3,87,50,0,50,65,0,65,107,3,104,101,1,100,71,1,70
S01011179,572,3,569,63,0,63,71,0,71,60,0,60,125,1,124,145,1,144,108,1,107
S01011180,647,1,646,107,0,107,94,0,94,65,0,65,146,0,146,110,1,109,125,0,125
S01011181,450,1,449,49,0,49,39,0,39,32,0,32,107,0,107,135,1,134,88,0,88
S01011182,394,2,392,45,0,45,28,0,28,21,0,21,79,1,78,147,1,146,74,0,74
S01011183,551,3,548,76,0,76,64,0,64,48,0,48,132,1,131,133,2,131,98,0,98
S01011184,804,2,802,154,0,154,73,0,73,65,0,65,236,0,236,158,2,156,118,0,118
S01011185,665,5,660,65,0,65,79,1,78,46,0,46,125,0,125,185,3,182,165,1,164
S01011186,884,2,882,94,0,94,75,0,75,71,0,71,187,0,187,214,1,213,243,1,242
S01011187,655,2,653,56,0,56,74,0,74,62,0,62,122,0,122,216,1,215,125,1,124
S01011188,928,8,920,143,0,143,95,0,95,108,1,107,226,1,225,180,3,177,176,3,173
S01011189,790,7,783,84,3,81,98,0,98,94,0,94,179,1,178,156,1,155,179,2,177
S01011190,614,9,605,89,3,86,84,2,82,74,0,74,136,2,134,111,1,110,120,1,119
S01011191,516,7,509,80,1,79,62,0,62,61,1,60,100,2,98,121,2,119,92,1,91
S01011192,673,4,669,119,1,118,79,1,78,87,1,86,165,0,165,155,0,155,68,1,67
S01011193,672,3,669,132,0,132,96,2,94,104,0,104,158,0,158,136,1,135,46,0,46
S01011194,690,6,684,137,0,137,103,0,103,99,3,96,149,1,148,139,1,138,63,1,62
S01011195,747,5,742,159,0,159,92,0,92,106,0,106,160,2,158,164,2,162,66,1,65
S01011196,863,2,861,159,0,159,95,0,95,119,0,119,171,0,171,204,2,202,115,0,115
S01011197,820,6,814,163,1,162,109,0,109,106,1,105,181,1,180,176,2,174,85,1,84
S01011198,599,0,599,113,0,113,94,0,94,69,0,69,138,0,138,116,0,116,69,0,69
S01011199,752,3,749,113,0,113,99,0,99,90,0,90,201,2,199,159,1,158,90,0,90
S01011200,722,5,717,102,0,102,74,0,74,95,0,95,151,1,150,187,2,185,113,2,111
S01011201,568,1,567,60,0,60,63,0,63,74,0,74,110,1,109,153,0,153,108,0,108
S01011202,813,1,812,124,0,124,94,0,94,107,0,107,191,0,191,169,1,168,128,0,128
S01011203,770,4,766,106,0,106,91,0,91,100,0,100,164,0,164,159,3,156,150,1,149
S01011204,545,7,538,71,0,71,60,0,60,33,0,33,118,2,116,160,4,156,103,1,102
S01011205,653,1,652,157,0,157,70,0,70,123,1,122,220,0,220,76,0,76,7,0,7
S01011206,709,8,701,142,2,140,89,1,88,85,0,85,201,4,197,143,1,142,49,0,49
S01011207,744,1,743,122,0,122,94,1,93,58,0,58,202,0,202,162,0,162,106,0,106
S01011208,884,10,874,156,1,155,115,2,113,106,0,106,252,5,247,174,1,173,81,1,80
S01011209,611,3,608,97,0,97,71,1,70,79,0,79,137,1,136,129,1,128,98,0,98
S01011210,720,3,717,118,0,118,100,0,100,48,0,48,190,0,190,183,2,181,81,1,80
S01011211,685,3,682,138,1,137,89,0,89,52,0,52,217,2,215,131,0,131,58,0,58
S01011212,527,1,526,108,0,108,70,0,70,46,0,46,109,1,108,124,0,124,70,0,70
S01011213,1010,7,1003,195,0,195,144,0,144,110,5,105,205,1,204,212,1,211,144,0,144
S01011214,902,2,900,173,1,172,101,0,101,113,1,112,169,0,169,127,0,127,219,0,219
S01011215,570,3,567,111,1,110,83,0,83,71,1,70,142,0,142,78,1,77,85,0,85
S01011216,453,1,452,77,0,77,58,0,58,82,0,82,97,1,96,73,0,73,66,0,66
S01011217,765,10,755,122,0,122,118,2,116,88,1,87,185,4,181,136,1,135,116,2,114
S01011218,659,4,655,155,1,154,98,0,98,100,2,98,117,0,117,109,0,109,80,1,79
S01011219,754,4,750,110,0,110,95,2,93,92,0,92,185,1,184,157,1,156,115,0,115
S01011220,846,5,841,109,0,109,107,0,107,112,2,110,201,1,200,158,2,156,159,0,159
S01011221,908,1,907,141,0,141,118,0,118,110,0,110,220,1,219,170,0,170,149,0,149
S01011222,641,2,639,86,0,86,66,0,66,66,0,66,133,2,131,148,0,148,142,0,142
S01011223,771,5,766,125,0,125,78,0,78,98,0,98,159,0,159,157,1,156,154,4,150
S01011224,667,5,662,69,0,69,69,0,69,69,0,69,126,2,124,165,2,163,169,1,168
S01011225,679,4,675,115,0,115,92,1,91,80,0,80,122,1,121,157,0,157,113,2,111
S01011226,975,6,969,117,0,117,75,1,74,65,0,65,187,0,187,230,3,227,301,2,299
S01011227,697,4,693,94,0,94,97,0,97,79,0,79,149,2,147,153,2,151,125,0,125
S01011228,751,6,745,77,1,76,89,1,88,89,2,87,172,0,172,123,1,122,201,1,200
S01011229,513,7,506,68,1,67,55,2,53,78,0,78,92,3,89,103,0,103,117,1,116
S01011230,948,6,942,123,0,123,111,0,111,120,3,117,176,2,174,181,1,180,237,0,237
S01011231,583,2,581,80,0,80,63,0,63,82,0,82,111,0,111,119,0,119,128,2,126
S01011232,891,5,886,70,1,69,99,0,99,156,1,155,221,0,221,213,3,210,132,0,132
S01011233,365,4,361,54,0,54,50,0,50,40,0,40,80,2,78,81,1,80,60,1,59
S01011234,979,9,970,191,1,190,146,0,146,127,1,126,218,3,215,198,1,197,99,3,96
S01011235,365,3,362,54,0,54,46,0,46,52,0,52,76,1,75,77,1,76,60,1,59
S01011236,548,3,545,72,0,72,64,0,64,59,0,59,118,3,115,122,0,122,113,0,113
S01011237,751,2,749,155,0,155,97,0,97,92,0,92,164,1,163,134,0,134,109,1,108
S01011238,615,1,614,99,0,99,89,0,89,88,1,87,149,0,149,112,0,112,78,0,78
S01011239,694,5,689,66,0,66,72,0,72,88,0,88,124,2,122,168,3,165,176,0,176
S01011240,680,11,669,47,0,47,77,0,77,107,0,107,130,8,122,179,3,176,140,0,140
S01011241,1020,7,1013,106,0,106,108,0,108,96,0,96,190,3,187,256,1,255,264,3,261
S01011242,755,6,749,74,0,74,77,0,77,55,0,55,169,1,168,177,5,172,203,0,203
S01011243,850,7,843,93,1,92,129,0,129,98,1,97,176,1,175,180,4,176,174,0,174
S01011244,643,6,637,67,0,67,102,0,102,106,0,106,132,1,131,147,4,143,89,1,88
S01011245,820,7,813,100,0,100,82,1,81,111,0,111,172,2,170,188,3,185,167,1,166
S01011246,819,11,808,72,0,72,64,0,64,95,0,95,192,6,186,235,2,233,161,3,158
S01011247,813,12,801,92,0,92,59,0,59,39,0,39,162,6,156,201,2,199,260,4,256
S01011248,714,2,712,84,0,84,87,0,87,71,0,71,169,1,168,187,1,186,116,0,116
S01011249,709,5,704,92,0,92,92,1,91,44,0,44,191,2,189,151,2,149,139,0,139
S01011250,1028,4,1024,228,0,228,150,0,150,146,0,146,248,2,246,161,1,160,95,1,94
S01011251,844,3,841,144,0,144,117,0,117,99,1,98,185,1,184,178,1,177,121,0,121
S01011252,782,3,779,150,0,150,112,0,112,120,2,118,168,1,167,147,0,147,85,0,85
S01011253,824,5,819,132,1,131,124,0,124,97,0,97,194,2,192,159,0,159,118,2,116
S01011254,924,3,921,133,0,133,119,0,119,105,0,105,217,1,216,236,2,234,114,0,114
S01011255,741,5,736,165,0,165,71,0,71,93,1,92,253,3,250,109,0,109,50,1,49
S01011256,473,3,470,137,1,136,39,1,38,56,0,56,162,0,162,53,0,53,26,1,25
S01011257,402,3,399,30,0,30,32,0,32,23,0,23,51,0,51,133,3,130,133,0,133
S01011258,566,5,561,86,0,86,71,0,71,35,1,34,118,1,117,146,0,146,110,3,107
S01011259,744,7,737,80,0,80,81,0,81,76,0,76,126,1,125,184,3,181,197,3,194
S01011260,711,3,708,78,0,78,81,0,81,48,1,47,153,2,151,166,0,166,185,0,185
S01011261,775,4,771,161,0,161,114,0,114,97,0,97,157,1,156,138,3,135,108,0,108
S01011262,478,2,476,75,0,75,54,0,54,50,1,49,110,1,109,108,0,108,81,0,81
S01011263,1119,7,1112,201,0,201,130,2,128,190,1,189,253,1,252,133,0,133,212,3,209
S01011264,659,2,657,149,0,149,85,0,85,78,0,78,154,2,152,121,0,121,72,0,72
S01011265,1018,6,1012,219,0,219,141,0,141,148,0,148,253,3,250,147,2,145,110,1,109
S01011266,881,4,877,136,0,136,94,0,94,96,2,94,194,2,192,171,0,171,190,0,190
S01011267,570,2,568,70,0,70,53,0,53,45,0,45,114,0,114,144,1,143,144,1,143
S01011268,366,3,363,33,0,33,29,0,29,35,0,35,75,0,75,102,2,100,92,1,91
S01011269,497,7,490,56,2,54,47,0,47,46,1,45,90,2,88,123,2,121,135,0,135
S01011270,661,4,657,92,0,92,88,0,88,88,1,87,154,3,151,131,0,131,108,0,108
S01011271,804,5,799,90,1,89,85,1,84,60,1,59,155,0,155,199,1,198,215,1,214
S01011272,713,2,711,85,1,84,88,0,88,95,0,95,146,1,145,161,0,161,138,0,138
S01011273,869,7,862,221,3,218,115,0,115,98,2,96,185,2,183,160,0,160,90,0,90
S01011274,831,1,830,155,0,155,123,0,123,124,0,124,196,0,196,143,0,143,90,1,89
S01011275,669,1,668,155,0,155,94,0,94,86,0,86,159,1,158,107,0,107,68,0,68
S01011276,944,13,931,175,0,175,127,2,125,98,1,97,223,7,216,179,2,177,142,1,141
S01011277,640,3,637,61,0,61,77,0,77,90,0,90,136,0,136,183,2,181,93,1,92
S01011278,482,1,481,65,0,65,44,0,44,84,0,84,121,0,121,124,1,123,44,0,44
S01011279,638,6,632,77,1,76,60,0,60,94,1,93,108,0,108,166,3,163,133,1,132
S01011280,582,3,579,65,0,65,68,0,68,38,0,38,100,0,100,202,2,200,109,1,108
S01011281,626,5,621,107,1,106,89,0,89,62,0,62,184,1,183,121,1,120,63,2,61
S01011282,883,1,882,188,0,188,84,0,84,108,0,108,273,1,272,156,0,156,74,0,74
S01011283,705,3,702,156,0,156,72,0,72,96,0,96,226,1,225,130,1,129,25,1,24
S01011284,583,3,580,173,0,173,37,0,37,75,0,75,215,0,215,71,1,70,12,2,10
S01011285,698,2,696,149,1,148,87,0,87,110,0,110,126,0,126,143,1,142,83,0,83
S01011286,686,4,682,135,0,135,107,0,107,89,0,89,167,2,165,111,0,111,77,2,75
S01011287,776,6,770,143,0,143,100,0,100,118,1,117,166,1,165,156,2,154,93,2,91
S01011288,724,1,723,129,0,129,108,0,108,93,0,93,141,0,141,135,0,135,118,1,117
S01011289,899,4,895,146,0,146,109,1,108,108,0,108,184,0,184,208,0,208,144,3,141
S01011290,1130,8,1122,132,2,130,141,1,140,126,1,125,212,2,210,233,0,233,286,2,284
S01011291,785,6,779,112,1,111,77,0,77,102,1,101,178,1,177,167,2,165,149,1,148
S01011292,667,2,665,95,1,94,125,0,125,74,0,74,121,0,121,145,0,145,107,1,106
S01011293,712,0,712,121,0,121,83,0,83,80,0,80,150,0,150,138,0,138,140,0,140
S01011294,831,5,826,83,0,83,78,0,78,100,1,99,135,2,133,172,1,171,263,1,262
S01011295,914,8,906,93,0,93,93,0,93,99,1,98,206,2,204,199,3,196,224,2,222
S01011296,546,5,541,54,1,53,66,0,66,30,0,30,113,1,112,152,3,149,131,0,131
S01011297,809,6,803,159,3,156,139,0,139,99,0,99,175,2,173,149,1,148,88,0,88
S01011298,616,3,613,136,0,136,98,0,98,68,0,68,150,1,149,107,2,105,57,0,57
S01011299,480,5,475,65,0,65,34,0,34,46,1,45,98,1,97,146,3,143,91,0,91
S01011300,908,6,902,141,0,141,105,1,104,105,0,105,207,2,205,200,3,197,150,0,150
S01011301,690,7,683,96,2,94,74,0,74,52,1,51,146,3,143,188,0,188,134,1,133
S01011302,833,12,821,68,1,67,75,1,74,90,0,90,166,2,164,176,3,173,258,5,253
S01011303,992,8,984,145,0,145,92,1,91,118,2,116,232,1,231,217,2,215,188,2,186
S01011304,680,2,678,140,0,140,80,0,80,78,0,78,149,1,148,139,1,138,94,0,94
S01011305,798,9,789,157,2,155,96,0,96,100,2,98,234,3,231,125,2,123,86,0,86
S01011306,569,0,569,95,0,95,63,0,63,60,0,60,94,0,94,135,0,135,122,0,122
S01011307,458,12,446,76,1,75,29,3,26,45,0,45,105,2,103,112,2,110,91,4,87
S01011308,426,8,418,52,0,52,49,1,48,26,0,26,89,1,88,128,4,124,82,2,80
S01011309,709,14,695,91,1,90,47,1,46,21,2,19,140,1,139,209,4,205,201,5,196
S01011310,690,8,682,99,0,99,64,1,63,57,0,57,137,1,136,161,3,158,172,3,169
S01011311,667,4,663,61,0,61,45,0,45,64,0,64,108,1,107,183,1,182,206,2,204
S01011312,1082,11,1071,127,0,127,81,2,79,47,0,47,201,3,198,311,3,308,315,3,312
S01011313,720,9,711,106,0,106,56,0,56,56,0,56,171,6,165,162,2,160,169,1,168
S01011314,1069,19,1050,193,1,192,95,3,92,77,2,75,272,5,267,247,3,244,185,5,180
S01011315,392,2,390,72,0,72,41,0,41,43,0,43,93,1,92,72,1,71,71,0,71
S01011316,714,11,703,140,2,138,90,0,90,73,0,73,144,4,140,149,3,146,118,2,116
S01011317,821,3,818,77,0,77,52,0,52,32,0,32,110,0,110,183,1,182,367,2,365
S01011318,952,9,943,81,0,81,64,0,64,58,1,57,152,1,151,192,2,190,405,5,400
S01011319,858,11,847,100,2,98,70,0,70,30,1,29,138,0,138,219,3,216,301,5,296
S01011320,515,4,511,49,0,49,42,0,42,50,1,49,94,0,94,103,2,101,177,1,176
S01011321,580,7,573,93,0,93,71,2,69,63,0,63,142,2,140,137,2,135,74,1,73
S01011322,611,8,603,117,0,117,69,0,69,60,1,59,162,3,159,129,1,128,74,3,71
S01011323,915,9,906,178,1,177,111,0,111,102,0,102,224,4,220,159,1,158,141,3,138
S01011324,436,7,429,73,0,73,47,0,47,41,0,41,98,3,95,91,3,88,86,1,85
S01011325,722,5,717,70,0,70,74,0,74,74,0,74,158,0,158,170,4,166,176,1,175
S01011326,730,5,725,44,0,44,82,0,82,82,1,81,119,1,118,155,1,154,248,2,246
S01011327,670,16,654,46,1,45,39,0,39,44,0,44,123,4,119,183,4,179,235,7,228
S01011328,688,16,672,93,7,86,39,1,38,45,0,45,127,0,127,177,6,171,207,2,205
S01011329,894,8,886,98,0,98,76,0,76,67,0,67,146,1,145,206,0,206,301,7,294
S01011330,736,2,734,120,0,120,50,1,49,53,0,53,139,1,138,183,0,183,191,0,191
S01011331,725,5,720,89,1,88,43,0,43,51,0,51,116,1,115,191,0,191,235,3,232
S01011332,887,11,876,96,2,94,56,0,56,53,1,52,173,3,170,216,2,214,293,3,290
S01011333,730,8,722,58,4,54,48,0,48,31,0,31,79,2,77,203,0,203,311,2,309
S01011334,687,6,681,96,0,96,54,0,54,67,1,66,168,0,168,164,0,164,138,5,133
S01011335,923,24,899,97,5,92,76,0,76,33,1,32,172,5,167,255,7,248,290,6,284
S01011336,591,2,589,109,0,109,59,0,59,63,0,63,148,0,148,97,1,96,115,1,114
S01011337,676,13,663,88,0,88,53,0,53,38,0,38,130,1,129,206,6,200,161,6,155
S01011338,637,5,632,127,3,124,70,1,69,72,0,72,143,0,143,149,0,149,76,1,75
S01011339,565,3,562,111,0,111,80,0,80,74,1,73,112,1,111,112,0,112,76,1,75
S01011340,665,2,663,112,0,112,83,0,83,72,0,72,140,1,139,136,1,135,122,0,122
S01011341,684,9,675,89,1,88,110,0,110,110,2,108,139,1,138,143,1,142,93,4,89
S01011342,673,7,666,90,0,90,77,1,76,88,2,86,157,3,154,128,0,128,133,1,132
S01011343,804,12,792,106,1,105,77,1,76,95,1,94,192,2,190,169,6,163,165,1,164
S01011344,845,12,833,149,2,147,101,1,100,92,1,91,204,2,202,150,5,145,149,1,148
S01011345,751,8,743,153,3,150,97,0,97,106,1,105,170,2,168,137,1,136,88,1,87
S01011346,658,5,653,89,2,87,59,0,59,78,1,77,160,2,158,133,0,133,139,0,139
S01011347,1021,11,1010,135,3,132,83,0,83,122,1,121,237,1,236,212,4,208,232,2,230
S01011348,896,8,888,158,0,158,92,0,92,88,1,87,229,5,224,178,1,177,151,1,150
S01011349,892,11,881,151,0,151,103,0,103,106,1,105,255,3,252,199,6,193,78,1,77
S01011350,649,8,641,78,3,75,68,0,68,53,0,53,117,3,114,177,1,176,156,1,155
S01011351,671,8,663,95,0,95,85,1,84,87,0,87,159,2,157,134,1,133,111,4,107
S01011352,631,4,627,79,0,79,71,1,70,90,1,89,132,0,132,131,1,130,128,1,127
S01011353,634,4,630,78,0,78,53,0,53,62,0,62,130,2,128,166,1,165,145,1,144
S01011354,713,6,707,105,0,105,80,1,79,56,0,56,168,0,168,152,2,150,152,3,149
S01011355,941,5,936,136,1,135,85,0,85,97,1,96,200,0,200,199,0,199,224,3,221
S01011356,933,8,925,142,0,142,89,0,89,73,0,73,245,1,244,229,4,225,155,3,152
S01011357,836,1,835,125,0,125,86,0,86,65,0,65,186,1,185,190,0,190,184,0,184
S01011358,535,1,534,101,0,101,81,0,81,50,0,50,164,1,163,115,0,115,24,0,24
S01011359,722,5,717,76,4,72,60,0,60,81,0,81,139,0,139,177,0,177,189,1,188
S01011360,723,2,721,150,0,150,111,0,111,138,0,138,181,1,180,100,1,99,43,0,43
S01011361,512,13,499,48,2,46,82,2,80,94,3,91,126,3,123,97,3,94,65,0,65
S01011362,529,4,525,101,0,101,42,0,42,103,0,103,140,1,139,87,0,87,56,3,53
S01011363,867,3,864,103,0,103,76,0,76,92,0,92,181,2,179,218,0,218,197,1,196
S01011364,628,4,624,107,1,106,56,0,56,90,2,88,146,1,145,105,0,105,124,0,124
S01011365,620,0,620,171,0,171,56,0,56,60,0,60,204,0,204,94,0,94,35,0,35
S01011366,486,3,483,32,0,32,27,0,27,57,0,57,86,0,86,100,1,99,184,2,182
S01011367,810,1,809,122,0,122,86,0,86,105,0,105,188,0,188,151,0,151,158,1,157
S01011368,773,0,773,145,0,145,95,0,95,181,0,181,238,0,238,95,0,95,19,0,19
S01011369,784,3,781,107,0,107,109,2,107,98,0,98,191,0,191,117,1,116,162,0,162
S01011370,754,1,753,123,0,123,85,0,85,189,0,189,185,0,185,92,1,91,80,0,80
S01011371,881,11,870,118,0,118,124,0,124,146,1,145,210,4,206,142,5,137,141,1,140
S01011372,636,2,634,62,0,62,104,0,104,122,1,121,136,1,135,83,0,83,129,0,129
S01011373,651,4,647,97,0,97,92,0,92,106,0,106,155,1,154,106,3,103,95,0,95
S01011374,670,2,668,133,1,132,86,0,86,116,0,116,214,1,213,85,0,85,36,0,36
S01011375,618,0,618,83,0,83,87,0,87,87,0,87,152,0,152,110,0,110,99,0,99
S01011376,459,3,456,28,0,28,30,0,30,73,1,72,83,1,82,96,1,95,149,0,149
S01011377,581,0,581,75,0,75,65,0,65,61,0,61,124,0,124,146,0,146,110,0,110
S01011378,770,5,765,94,0,94,63,0,63,77,0,77,140,2,138,153,2,151,243,1,242
S01011379,881,10,871,141,0,141,114,0,114,80,3,77,218,0,218,218,5,213,110,2,108
S01011380,654,3,651,71,0,71,65,1,64,80,0,80,171,0,171,132,2,130,135,0,135
S01011381,602,3,599,74,1,73,64,1,63,77,0,77,127,0,127,143,1,142,117,0,117
S01011382,499,3,496,62,0,62,75,1,74,117,1,116,127,1,126,71,0,71,47,0,47
S01011383,652,6,646,84,0,84,68,0,68,100,0,100,130,3,127,147,2,145,123,1,122
S01011384,693,14,679,171,4,167,82,3,79,113,2,111,148,2,146,119,2,117,60,1,59
S01011385,927,3,924,157,0,157,105,0,105,132,0,132,192,1,191,195,1,194,146,1,145
S01011386,617,2,615,149,0,149,80,1,79,77,0,77,125,0,125,83,1,82,103,0,103
S01011387,801,6,795,144,0,144,107,2,105,104,0,104,187,3,184,144,1,143,115,0,115
S01011388,1029,7,1022,213,0,213,101,0,101,214,1,213,329,5,324,115,1,114,57,0,57
S01011389,735,2,733,68,0,68,125,0,125,130,1,129,141,1,140,135,0,135,136,0,136
S01011390,791,1,790,125,0,125,92,0,92,84,1,83,172,0,172,166,0,166,152,0,152
S01011391,620,2,618,111,0,111,88,1,87,77,0,77,154,1,153,113,0,113,77,0,77
S01011392,656,3,653,114,1,113,84,0,84,88,1,87,148,0,148,138,1,137,84,0,84
S01011393,820,5,815,107,2,105,85,0,85,87,1,86,173,0,173,166,1,165,202,1,201
S01011394,586,1,585,167,0,167,62,0,62,44,0,44,207,1,206,67,0,67,39,0,39
S01011395,722,3,719,76,0,76,73,0,73,90,1,89,154,1,153,185,1,184,144,0,144
S01011396,748,9,739,85,0,85,79,0,79,98,0,98,134,0,134,154,1,153,198,8,190
S01011397,795,5,790,106,0,106,103,1,102,90,0,90,165,2,163,108,2,106,223,0,223
S01011398,750,2,748,159,1,158,84,0,84,107,0,107,154,1,153,138,0,138,108,0,108
S01011399,488,5,483,65,0,65,58,2,56,79,0,79,92,0,92,113,1,112,81,2,79
S01011400,641,2,639,60,0,60,71,0,71,138,0,138,141,1,140,134,1,133,97,0,97
S01011401,633,2,631,81,0,81,52,0,52,63,1,62,149,1,148,132,0,132,156,0,156
S01011402,935,3,932,95,0,95,72,1,71,84,0,84,143,1,142,195,1,194,346,0,346
S01011403,518,3,515,94,0,94,70,2,68,65,0,65,115,0,115,124,0,124,50,1,49
S01011404,902,3,899,105,0,105,111,0,111,108,1,107,200,0,200,184,1,183,194,1,193
S01011405,610,2,608,85,0,85,72,0,72,67,2,65,121,0,121,118,0,118,147,0,147
S01011406,629,2,627,78,0,78,82,0,82,60,0,60,135,0,135,127,1,126,147,1,146
S01011407,1074,6,1068,138,2,136,124,0,124,128,2,126,230,0,230,229,2,227,225,0,225
S01011408,803,1,802,112,1,111,106,0,106,104,0,104,140,0,140,182,0,182,159,0,159
S01011409,797,4,793,166,0,166,112,0,112,118,0,118,167,3,164,143,1,142,91,0,91
S01011410,609,1,608,69,0,69,62,0,62,101,0,101,99,1,98,136,0,136,142,0,142
S01011411,649,2,647,94,0,94,78,0,78,82,0,82,127,0,127,129,1,128,139,1,138
S01011412,843,2,841,92,0,92,102,0,102,59,0,59,162,0,162,222,0,222,206,2,204
S01011413,543,5,538,84,0,84,81,0,81,75,2,73,158,1,157,105,2,103,40,0,40
S01011414,802,1,801,134,0,134,86,0,86,113,1,112,157,0,157,165,0,165,147,0,147
S01011415,851,2,849,123,1,122,93,0,93,105,0,105,215,1,214,179,0,179,136,0,136
S01011416,608,2,606,78,0,78,79,1,78,65,0,65,133,0,133,174,0,174,79,1,78
S01011417,793,2,791,107,0,107,77,0,77,92,0,92,142,2,140,169,0,169,206,0,206
S01011418,534,4,530,71,0,71,56,0,56,62,0,62,106,2,104,131,1,130,108,1,107
S01011419,540,5,535,69,0,69,65,0,65,41,1,40,148,1,147,118,3,115,99,0,99
S01011420,474,1,473,69,0,69,69,0,69,74,0,74,99,0,99,90,0,90,73,1,72
S01011421,578,3,575,133,0,133,61,1,60,141,1,140,171,1,170,48,0,48,24,0,24
S01011422,638,4,634,98,1,97,83,1,82,65,0,65,147,2,145,141,0,141,104,0,104
S01011423,534,3,531,118,1,117,51,0,51,87,0,87,131,1,130,75,1,74,72,0,72
S01011424,539,3,536,73,0,73,54,0,54,81,0,81,118,0,118,114,2,112,99,1,98
S01011425,864,5,859,173,1,172,105,1,104,99,0,99,186,1,185,165,2,163,136,0,136
S01011426,995,3,992,190,0,190,78,0,78,175,0,175,283,1,282,114,2,112,155,0,155
S01011427,655,3,652,93,0,93,75,0,75,93,0,93,163,0,163,126,3,123,105,0,105
S01011428,489,2,487,56,0,56,46,0,46,69,1,68,88,1,87,124,0,124,106,0,106
S01011429,1139,24,1115,91,0,91,138,1,137,263,10,253,415,8,407,170,4,166,62,1,61
S01011430,889,6,883,127,0,127,96,0,96,140,0,140,195,1,194,179,2,177,152,3,149
S01011431,1041,5,1036,130,0,130,118,0,118,132,0,132,219,1,218,212,1,211,230,3,227
S01011432,992,4,988,120,0,120,115,0,115,117,0,117,209,1,208,240,2,238,191,1,190
S01011433,866,6,860,200,1,199,134,1,133,128,0,128,222,2,220,108,0,108,74,2,72
S01011434,550,1,549,66,0,66,56,0,56,68,0,68,116,0,116,125,0,125,119,1,118
S01011435,893,1,892,128,0,128,117,0,117,102,1,101,230,0,230,190,0,190,126,0,126
S01011436,689,9,680,85,1,84,94,0,94,117,0,117,160,5,155,119,2,117,114,1,113
S01011437,707,5,702,97,0,97,88,0,88,102,2,100,144,2,142,150,1,149,126,0,126
S01011438,515,1,514,88,1,87,86,0,86,83,0,83,113,0,113,86,0,86,59,0,59
S01011439,865,1,864,126,0,126,82,0,82,115,0,115,180,1,179,203,0,203,159,0,159
S01011440,566,2,564,81,0,81,62,1,61,70,0,70,133,0,133,124,1,123,96,0,96
S01011441,743,4,739,103,0,103,103,1,102,87,1,86,172,2,170,168,0,168,110,0,110
S01011442,655,1,654,88,0,88,74,1,73,75,0,75,152,0,152,129,0,129,137,0,137
S01011443,607,0,607,94,0,94,69,0,69,52,0,52,141,0,141,125,0,125,126,0,126
S01011444,738,3,735,127,0,127,71,0,71,100,0,100,169,2,167,144,0,144,127,1,126
S01011445,525,2,523,94,0,94,49,0,49,80,0,80,128,0,128,100,1,99,74,1,73
S01011446,507,5,502,82,1,81,48,0,48,61,2,59,119,2,117,110,0,110,87,0,87
S01011447,879,7,872,197,2,195,95,2,93,117,0,117,206,2,204,179,1,178,85,0,85
S01011448,876,4,872,116,0,116,109,1,108,116,0,116,190,2,188,204,1,203,141,0,141
S01011449,514,0,514,63,0,63,49,0,49,77,0,77,98,0,98,119,0,119,108,0,108
S01011450,619,2,617,126,0,126,69,0,69,72,0,72,175,0,175,97,0,97,80,2,78
S01011451,725,2,723,177,0,177,132,1,131,59,0,59,196,0,196,134,1,133,27,0,27
S01011452,905,1,904,127,0,127,106,0,106,142,0,142,220,1,219,211,0,211,99,0,99
S01011453,703,0,703,118,0,118,90,0,90,76,0,76,153,0,153,137,0,137,129,0,129
S01011454,776,5,771,142,0,142,94,0,94,93,0,93,159,1,158,150,3,147,138,1,137
S01011455,723,4,719,100,1,99,96,2,94,60,0,60,157,0,157,177,0,177,133,1,132
S01011456,790,7,783,100,1,99,113,3,110,89,3,86,151,0,151,199,0,199,138,0,138
S01011457,888,3,885,157,0,157,120,1,119,115,0,115,188,0,188,204,1,203,104,1,103
S01011458,1082,4,1078,209,0,209,176,0,176,122,0,122,314,1,313,207,3,204,54,0,54
S01011459,980,4,976,193,0,193,105,0,105,212,2,210,291,2,289,108,0,108,71,0,71
S01011460,729,2,727,175,0,175,80,0,80,110,0,110,178,0,178,120,2,118,66,0,66
S01011461,697,1,696,117,0,117,99,0,99,118,0,118,171,1,170,136,0,136,56,0,56
S01011462,873,5,868,113,2,111,118,0,118,99,2,97,222,1,221,169,0,169,152,0,152
S01011463,647,2,645,91,0,91,69,0,69,85,0,85,157,0,157,136,0,136,109,2,107
S01011464,527,1,526,91,0,91,82,0,82,128,0,128,164,1,163,47,0,47,15,0,15
S01011465,526,0,526,120,0,120,62,0,62,60,0,60,126,0,126,91,0,91,67,0,67
S01011466,566,5,561,72,0,72,65,0,65,80,0,80,120,4,116,123,0,123,106,1,105
S01011467,519,2,517,101,0,101,60,0,60,60,0,60,151,2,149,97,0,97,50,0,50
S01011468,851,1,850,228,0,228,76,0,76,182,1,181,276,0,276,73,0,73,16,0,16
S01011469,817,9,808,178,4,174,144,2,142,119,1,118,200,2,198,115,0,115,61,0,61
S01011470,1058,12,1046,130,2,128,134,0,134,137,1,136,247,3,244,203,1,202,207,5,202
S01011471,852,3,849,76,0,76,76,1,75,91,0,91,181,0,181,184,0,184,244,2,242
S01011472,852,8,844,84,2,82,103,1,102,139,1,138,197,1,196,145,3,142,184,0,184
S01011473,655,6,649,42,2,40,51,1,50,58,0,58,109,1,108,150,2,148,245,0,245
S01011474,782,3,779,92,0,92,65,0,65,115,0,115,148,1,147,130,2,128,232,0,232
S01011475,590,6,584,70,2,68,42,0,42,75,3,72,106,0,106,113,1,112,184,0,184
S01011476,476,1,475,63,0,63,59,0,59,39,0,39,112,1,111,118,0,118,85,0,85
S01011477,835,4,831,125,0,125,92,0,92,49,1,48,172,0,172,235,2,233,162,1,161
S01011478,1031,8,1023,170,1,169,100,1,99,106,1,105,257,2,255,233,1,232,165,2,163
S01011479,764,1,763,71,0,71,67,0,67,98,0,98,158,1,157,194,0,194,176,0,176
S01011480,999,7,992,143,0,143,87,0,87,112,1,111,246,1,245,194,1,193,217,4,213
S01011481,767,1,766,130,0,130,72,1,71,138,0,138,231,0,231,98,0,98,98,0,98
S01011482,870,3,867,123,0,123,96,0,96,130,0,130,163,2,161,146,0,146,212,1,211
S01011483,517,3,514,79,0,79,49,0,49,62,0,62,121,0,121,142,3,139,64,0,64
S01011484,841,2,839,131,0,131,102,0,102,104,0,104,172,1,171,192,1,191,140,0,140
S01011485,929,2,927,175,0,175,136,1,135,90,0,90,208,0,208,169,0,169,151,1,150
S01011486,545,2,543,108,0,108,70,0,70,67,0,67,112,0,112,90,2,88,98,0,98
S01011487,1088,3,1085,211,0,211,154,0,154,170,2,168,258,0,258,141,0,141,154,1,153
S01011488,674,0,674,155,0,155,75,0,75,102,0,102,137,0,137,94,0,94,111,0,111
S01011489,711,1,710,168,0,168,90,0,90,105,0,105,255,0,255,83,1,82,10,0,10
S01011490,992,6,986,128,0,128,85,0,85,148,1,147,228,2,226,192,2,190,211,1,210
S01011491,490,1,489,75,0,75,52,0,52,69,1,68,114,0,114,104,0,104,76,0,76
S01011492,722,13,709,125,3,122,94,3,91,212,2,210,135,2,133,91,3,88,65,0,65
S01011493,525,1,524,127,0,127,70,0,70,57,1,56,168,0,168,85,0,85,18,0,18
S01011494,710,4,706,93,0,93,59,0,59,95,2,93,160,2,158,153,0,153,150,0,150
S01011495,783,5,778,119,1,118,96,0,96,108,3,105,164,1,163,152,0,152,144,0,144
S01011496,610,3,607,116,0,116,83,1,82,106,1,105,165,0,165,88,1,87,52,0,52
S01011497,591,0,591,99,0,99,85,0,85,108,0,108,168,0,168,97,0,97,34,0,34
S01011498,656,2,654,117,0,117,103,1,102,89,0,89,210,0,210,110,1,109,27,0,27
S01011499,771,1,770,95,0,95,114,0,114,125,0,125,160,1,159,175,0,175,102,0,102
S01011500,487,2,485,63,0,63,51,0,51,70,0,70,108,0,108,117,2,115,78,0,78
S01011501,650,1,649,113,0,113,83,0,83,80,0,80,142,1,141,124,0,124,108,0,108
S01011502,728,8,720,118,2,116,87,2,85,116,0,116,133,2,131,148,2,146,126,0,126
S01011503,624,4,620,116,2,114,72,0,72,74,0,74,144,1,143,128,1,127,90,0,90
S01011504,565,1,564,82,0,82,73,0,73,45,0,45,138,1,137,121,0,121,106,0,106
S01011505,668,1,667,116,0,116,87,0,87,96,0,96,194,0,194,106,1,105,69,0,69
S01011506,492,0,492,60,0,60,51,0,51,46,0,46,85,0,85,116,0,116,134,0,134
S01011507,589,4,585,75,0,75,48,0,48,74,0,74,132,1,131,145,2,143,115,1,114
S01011508,924,4,920,136,0,136,111,0,111,186,1,185,255,2,253,157,0,157,79,1,78
S01011509,591,4,587,70,0,70,91,0,91,69,1,68,119,0,119,161,2,159,81,1,80
S01011510,1077,2,1075,237,0,237,155,0,155,135,1,134,249,1,248,159,0,159,142,0,142
S01011511,502,0,502,67,0,67,57,0,57,73,0,73,113,0,113,101,0,101,91,0,91
S01011512,888,5,883,195,0,195,118,0,118,134,1,133,206,1,205,147,1,146,88,2,86
S01011513,741,4,737,132,0,132,100,0,100,102,2,100,151,2,149,166,0,166,90,0,90
S01011514,909,11,898,177,0,177,130,1,129,122,0,122,182,5,177,185,0,185,113,5,108
S01011515,511,2,509,60,0,60,63,0,63,75,0,75,149,0,149,117,0,117,47,2,45
S01011516,852,9,843,134,2,132,97,0,97,118,2,116,258,3,255,189,1,188,56,1,55
S01011517,547,2,545,94,0,94,64,0,64,53,0,53,114,0,114,120,2,118,102,0,102
S01011518,647,0,647,95,0,95,72,0,72,65,0,65,123,0,123,138,0,138,154,0,154
S01011519,761,2,759,119,0,119,97,0,97,92,1,91,152,0,152,183,1,182,118,0,118
S01011520,575,1,574,105,0,105,72,0,72,77,0,77,124,0,124,101,1,100,96,0,96
S01011521,920,7,913,167,3,164,121,0,121,161,1,160,192,1,191,168,1,167,111,1,110
S01011522,866,2,864,122,0,122,96,0,96,111,0,111,207,0,207,179,1,178,151,1,150
S01011523,716,1,715,105,0,105,90,0,90,113,0,113,191,0,191,139,0,139,78,1,77
S01011524,866,5,861,104,0,104,94,0,94,106,1,105,214,3,211,239,1,238,109,0,109
S01011525,941,4,937,158,0,158,74,1,73,90,0,90,226,2,224,225,1,224,168,0,168
S01011526,980,3,977,166,0,166,121,0,121,113,0,113,231,0,231,197,2,195,152,1,151
S01011527,693,2,691,83,0,83,76,0,76,58,1,57,134,1,133,174,0,174,168,0,168
S01011528,944,1,943,114,0,114,110,0,110,123,0,123,193,0,193,194,1,193,210,0,210
S01011529,513,3,510,91,0,91,52,0,52,77,0,77,94,2,92,98,0,98,101,1,100
S01011530,921,4,917,111,0,111,122,0,122,124,0,124,193,2,191,206,2,204,165,0,165
S01011531,1050,3,1047,140,0,140,112,0,112,179,1,178,224,0,224,195,0,195,200,2,198
S01011532,616,4,612,141,0,141,64,2,62,82,0,82,204,1,203,93,1,92,32,0,32
S01011533,659,2,657,89,0,89,82,0,82,72,0,72,135,0,135,133,2,131,148,0,148
S01011534,730,2,728,134,0,134,64,0,64,91,0,91,187,1,186,135,1,134,119,0,119
S01011535,899,3,896,134,0,134,99,1,98,129,1,128,189,0,189,111,0,111,237,1,236
S01011536,659,3,656,86,0,86,82,0,82,82,1,81,126,1,125,210,1,209,73,0,73
S01011537,512,0,512,67,0,67,70,0,70,93,0,93,161,0,161,84,0,84,37,0,37
S01011538,633,8,625,74,2,72,83,0,83,80,2,78,137,1,136,170,2,168,89,1,88
S01011539,710,1,709,91,0,91,98,0,98,104,0,104,141,0,141,148,1,147,128,0,128
S01011540,1024,6,1018,175,0,175,103,0,103,135,0,135,233,4,229,212,1,211,166,1,165
S01011541,904,0,904,188,0,188,131,0,131,126,0,126,219,0,219,159,0,159,81,0,81
S01011542,897,5,892,162,0,162,102,0,102,115,1,114,223,4,219,179,0,179,116,0,116
S01011543,775,1,774,164,0,164,108,0,108,108,0,108,189,0,189,141,0,141,65,1,64
S01011544,657,4,653,107,0,107,71,1,70,81,0,81,126,1,125,164,1,163,108,1,107
S01011545,556,3,553,68,1,67,70,1,69,83,0,83,98,1,97,121,0,121,116,0,116
S01011546,725,1,724,175,0,175,111,0,111,59,0,59,232,1,231,133,0,133,15,0,15
S01011547,580,4,576,146,1,145,73,1,72,77,0,77,195,2,193,72,0,72,17,0,17
S01011548,722,4,718,108,1,107,71,0,71,93,0,93,157,2,155,126,1,125,167,0,167
S01011549,777,4,773,99,0,99,84,1,83,72,0,72,144,0,144,235,0,235,143,3,140
S01011550,695,1,694,88,0,88,80,0,80,65,0,65,115,0,115,231,1,230,116,0,116
S01011551,533,1,532,83,0,83,65,0,65,54,0,54,119,0,119,117,0,117,95,1,94
S01011552,693,4,689,91,0,91,103,1,102,60,1,59,172,2,170,176,0,176,91,0,91
S01011553,814,1,813,196,0,196,103,0,103,96,1,95,275,0,275,128,0,128,16,0,16
S01011554,859,3,856,126,0,126,89,0,89,76,0,76,183,1,182,179,0,179,206,2,204
S01011555,537,1,536,79,0,79,98,0,98,78,0,78,137,0,137,90,1,89,55,0,55
S01011556,490,0,490,88,0,88,53,0,53,71,0,71,127,0,127,89,0,89,62,0,62
S01011557,731,0,731,137,0,137,84,0,84,97,0,97,170,0,170,152,0,152,91,0,91
S01011558,552,5,547,95,1,94,71,0,71,73,1,72,131,2,129,118,1,117,64,0,64
S01011559,600,1,599,106,0,106,79,1,78,89,0,89,118,0,118,131,0,131,77,0,77
S01011560,736,6,730,118,0,118,93,2,91,96,0,96,170,2,168,163,0,163,96,2,94
S01011561,811,2,809,165,0,165,112,0,112,99,1,98,176,0,176,140,1,139,119,0,119
S01011562,613,1,612,128,0,128,92,0,92,84,0,84,175,1,174,78,0,78,56,0,56
S01011563,739,10,729,154,3,151,112,2,110,101,0,101,189,4,185,106,1,105,77,0,77
S01011564,924,4,920,153,0,153,99,0,99,129,0,129,223,1,222,179,3,176,141,0,141
S01011565,910,5,905,167,0,167,114,0,114,151,0,151,222,0,222,165,3,162,91,2,89
S01011566,872,8,864,177,1,176,114,0,114,138,1,137,194,2,192,173,4,169,76,0,76
S01011567,936,3,933,105,0,105,88,0,88,133,0,133,159,2,157,224,0,224,227,1,226
S01011568,813,0,813,161,0,161,73,0,73,117,0,117,220,0,220,127,0,127,115,0,115
S01011569,923,12,911,119,2,117,98,1,97,109,1,108,216,4,212,222,3,219,159,1,158
S01011570,707,5,702,101,0,101,69,2,67,82,1,81,161,1,160,134,1,133,160,0,160
S01011571,630,4,626,58,0,58,63,0,63,113,2,111,130,0,130,121,2,119,145,0,145
S01011572,561,0,561,75,0,75,65,0,65,93,0,93,128,0,128,107,0,107,93,0,93
S01011573,1037,2,1035,195,0,195,106,0,106,136,0,136,321,1,320,163,0,163,116,1,115
S01011574,760,1,759,154,0,154,82,0,82,86,0,86,220,0,220,139,0,139,79,1,78
S01011575,513,6,507,105,1,104,60,0,60,63,0,63,128,2,126,78,2,76,79,1,78
S01011576,874,4,870,137,0,137,88,1,87,76,0,76,174,2,172,158,0,158,241,1,240
S01011577,671,5,666,99,0,99,72,1,71,117,1,116,169,3,166,156,0,156,58,0,58
S01011578,802,7,795,126,2,124,146,1,145,128,2,126,178,1,177,143,0,143,81,1,80
S01011579,1056,3,1053,150,0,150,136,1,135,96,0,96,232,0,232,258,1,257,184,1,183
S01011580,719,4,715,162,1,161,88,0,88,136,0,136,187,3,184,82,0,82,64,0,64
S01011581,771,3,768,78,1,77,71,0,71,94,0,94,158,1,157,139,1,138,231,0,231
S01011582,1073,9,1064,116,2,114,110,1,109,118,2,116,252,1,251,255,2,253,222,1,221
S01011583,639,0,639,80,0,80,79,0,79,143,0,143,135,0,135,123,0,123,79,0,79
S01011584,684,0,684,93,0,93,85,0,85,98,0,98,134,0,134,159,0,159,115,0,115
S01011585,685,3,682,100,0,100,85,0,85,101,0,101,146,1,145,124,1,123,129,1,128
S01011586,562,2,560,80,0,80,70,0,70,81,1,80,129,0,129,98,1,97,104,0,104
S01011587,555,4,551,104,0,104,79,0,79,68,0,68,142,2,140,85,1,84,77,1,76
S01011588,764,6,758,155,2,153,115,1,114,80,0,80,169,1,168,141,2,139,104,0,104
S01011589,853,4,849,146,0,146,102,0,102,84,0,84,189,1,188,152,0,152,180,3,177
S01011590,668,5,663,116,0,116,71,1,70,83,1,82,148,2,146,142,1,141,108,0,108
S01011591,580,0,580,79,0,79,83,0,83,83,0,83,133,0,133,129,0,129,73,0,73
S01011592,675,2,673,112,0,112,83,0,83,114,1,113,145,0,145,114,0,114,107,1,106
S01011593,695,4,691,94,1,93,75,0,75,93,0,93,164,1,163,131,2,129,138,0,138
S01011594,425,1,424,40,0,40,49,0,49,46,0,46,96,0,96,92,0,92,102,1,101
S01011595,569,9,560,56,1,55,64,1,63,110,1,109,130,2,128,122,2,120,87,2,85
S01011596,968,9,959,103,2,101,124,1,123,178,3,175,204,1,203,184,2,182,175,0,175
S01011597,602,0,602,65,0,65,75,0,75,84,0,84,131,0,131,113,0,113,134,0,134
S01011598,750,7,743,68,0,68,126,3,123,132,0,132,199,3,196,144,1,143,81,0,81
S01011599,790,6,784,128,1,127,88,0,88,99,3,96,154,1,153,173,1,172,148,0,148
S01011600,711,7,704,67,0,67,88,1,87,104,1,103,145,1,144,129,2,127,178,2,176
S01011601,800,2,798,144,0,144,95,1,94,114,0,114,234,1,233,157,0,157,56,0,56
S01011602,587,7,580,92,2,90,62,0,62,85,2,83,130,3,127,114,0,114,104,0,104
S01011603,763,4,759,90,1,89,63,0,63,89,1,88,160,1,159,157,1,156,204,0,204
S01011604,650,2,648,122,0,122,90,0,90,93,1,92,137,0,137,90,0,90,118,1,117
S01011605,816,1,815,101,0,101,92,0,92,86,0,86,156,1,155,186,0,186,195,0,195
S01011606,940,5,935,210,3,207,110,0,110,142,2,140,328,0,328,127,0,127,23,0,23
S01011607,551,4,547,74,0,74,61,1,60,83,0,83,132,2,130,156,0,156,45,1,44
S01011608,907,0,907,166,0,166,103,0,103,140,0,140,272,0,272,175,0,175,51,0,51
S01011609,924,10,914,162,0,162,137,5,132,142,3,139,221,2,219,155,0,155,107,0,107
S01011610,791,8,783,138,2,136,113,1,112,116,1,115,191,1,190,130,1,129,103,2,101
S01011611,675,4,671,88,0,88,85,0,85,78,2,76,133,0,133,167,1,166,124,1,123
S01011612,585,4,581,132,2,130,58,0,58,113,0,113,228,2,226,45,0,45,9,0,9
S01011613,919,8,911,121,4,117,101,0,101,83,0,83,172,1,171,279,2,277,163,1,162
S01011614,434,2,432,55,0,55,52,1,51,50,0,50,100,0,100,101,1,100,76,0,76
S01011615,698,4,694,139,0,139,96,1,95,96,2,94,155,1,154,128,0,128,84,0,84
S01011616,406,3,403,63,1,62,31,0,31,61,0,61,71,0,71,99,2,97,81,0,81
S01011617,817,3,814,106,0,106,102,0,102,90,1,89,169,1,168,194,0,194,156,1,155
S01011618,628,7,621,137,2,135,64,1,63,82,2,80,136,2,134,109,0,109,100,0,100
S01011619,1015,6,1009,202,1,201,102,0,102,140,1,139,317,2,315,186,1,185,68,1,67
S01011620,1028,4,1024,222,4,218,99,0,99,202,0,202,359,0,359,103,0,103,43,0,43
S01011621,744,6,738,153,2,151,98,0,98,90,1,89,160,3,157,160,0,160,83,0,83
S01011622,620,0,620,138,0,138,55,0,55,92,0,92,195,0,195,98,0,98,42,0,42
S01011623,683,2,681,120,0,120,72,0,72,82,0,82,143,0,143,129,0,129,137,2,135
S01011624,689,2,687,139,0,139,74,0,74,110,1,109,207,1,206,99,0,99,60,0,60
S01011625,531,5,526,88,2,86,56,0,56,65,0,65,124,3,121,134,0,134,64,0,64
S01011626,773,3,770,139,0,139,136,1,135,90,1,89,232,1,231,133,0,133,43,0,43
S01011627,697,4,693,165,1,164,63,0,63,112,0,112,232,1,231,94,2,92,31,0,31
S01011628,1056,7,1049,167,1,166,115,0,115,91,2,89,283,3,280,216,1,215,184,0,184
S01011629,611,2,609,121,0,121,74,0,74,51,0,51,145,0,145,126,1,125,94,1,93
S01011630,625,3,622,119,1,118,69,1,68,70,0,70,141,0,141,124,1,123,102,0,102
S01011631,610,5,605,155,1,154,89,0,89,82,1,81,133,1,132,108,2,106,43,0,43
S01011632,720,0,720,140,0,140,87,0,87,98,0,98,174,0,174,144,0,144,77,0,77
S01011633,708,1,707,116,0,116,88,0,88,100,0,100,132,0,132,134,1,133,138,0,138
S01011634,546,5,541,111,1,110,70,1,69,76,0,76,126,1,125,93,1,92,70,1,69
S01011635,655,3,652,132,0,132,65,1,64,106,1,105,143,0,143,142,1,141,67,0,67
S01011636,685,0,685,135,0,135,93,0,93,86,0,86,157,0,157,116,0,116,98,0,98
S01011637,664,10,654,104,3,101,93,0,93,88,4,84,139,1,138,146,2,144,94,0,94
S01011638,470,3,467,41,1,40,51,0,51,45,1,44,105,0,105,111,0,111,117,1,116
S01011639,573,4,569,118,2,116,75,1,74,73,1,72,112,0,112,101,0,101,94,0,94
S01011640,650,14,636,115,5,110,90,1,89,78,1,77,138,5,133,138,1,137,91,1,90
S01011641,465,7,458,59,1,58,50,2,48,46,0,46,103,3,100,117,0,117,90,1,89
S01011642,762,8,754,94,2,92,107,0,107,82,0,82,174,3,171,182,1,181,123,2,121
S01011643,546,4,542,82,1,81,66,1,65,81,1,80,140,1,139,86,0,86,91,0,91
S01011644,702,7,695,100,4,96,52,0,52,76,0,76,141,0,141,150,0,150,183,3,180
S01011645,524,8,516,72,2,70,35,0,35,65,0,65,101,1,100,97,0,97,154,5,149
S01011646,677,8,669,88,1,87,83,2,81,53,1,52,123,1,122,211,1,210,119,2,117
S01011647,848,5,843,147,1,146,109,0,109,113,2,111,250,2,248,153,0,153,76,0,76
S01011648,641,6,635,127,2,125,62,2,60,155,0,155,183,0,183,71,2,69,43,0,43
S01011649,474,10,464,79,2,77,50,2,48,86,2,84,109,3,106,71,1,70,79,0,79
S01011650,700,8,692,117,2,115,62,0,62,83,1,82,147,1,146,165,3,162,126,1,125
S01011651,893,4,889,121,0,121,89,0,89,141,2,139,212,1,211,141,1,140,189,0,189
S01011652,740,5,735,98,0,98,121,0,121,96,0,96,151,0,151,183,4,179,91,1,90
S01011653,874,4,870,155,2,153,131,0,131,87,0,87,206,1,205,163,1,162,132,0,132
S01011654,942,8,934,115,1,114,98,0,98,157,2,155,194,2,192,180,0,180,198,3,195
S01011655,813,5,808,95,1,94,109,1,108,117,1,116,155,0,155,182,1,181,155,1,154
S01011656,577,1,576,85,0,85,91,0,91,95,0,95,126,0,126,118,1,117,62,0,62
S01011657,492,2,490,66,0,66,87,0,87,74,1,73,104,1,103,106,0,106,55,0,55
S01011658,638,4,634,86,0,86,83,0,83,75,0,75,131,4,127,151,0,151,112,0,112
S01011659,782,5,777,122,0,122,108,2,106,68,0,68,158,2,156,146,1,145,180,0,180
S01011660,887,2,885,97,0,97,126,0,126,100,0,100,181,1,180,234,0,234,149,1,148
S01011661,505,1,504,71,0,71,65,0,65,42,0,42,135,1,134,80,0,80,112,0,112
S01011662,610,2,608,123,0,123,60,0,60,84,0,84,185,0,185,111,1,110,47,1,46
S01011663,917,9,908,164,1,163,132,1,131,182,1,181,247,3,244,127,2,125,65,1,64
S01011664,1018,12,1006,184,8,176,119,2,117,118,0,118,229,2,227,195,0,195,173,0,173
S01011665,814,3,811,96,1,95,120,0,120,116,0,116,167,2,165,161,0,161,154,0,154
S01011666,834,6,828,98,3,95,87,1,86,110,0,110,193,2,191,154,0,154,192,0,192
S01011667,769,4,765,88,0,88,79,0,79,96,2,94,164,1,163,156,1,155,186,0,186
S01011668,991,9,982,209,0,209,146,3,143,150,3,147,220,0,220,171,1,170,95,2,93
S01011669,616,9,607,56,3,53,49,0,49,68,0,68,130,2,128,148,1,147,165,3,162
S01011670,510,2,508,104,0,104,57,0,57,100,0,100,122,2,120,76,0,76,51,0,51
S01011671,661,3,658,72,1,71,48,0,48,67,0,67,146,1,145,153,0,153,175,1,174
S01011672,592,7,585,94,3,91,54,0,54,76,0,76,106,0,106,131,2,129,131,2,129
S01011673,633,8,625,96,5,91,79,1,78,93,0,93,138,2,136,139,0,139,88,0,88
S01011674,970,3,967,145,0,145,107,0,107,181,1,180,220,1,219,172,1,171,145,0,145
S01011675,885,1,884,135,0,135,89,0,89,97,0,97,207,0,207,180,0,180,177,1,176
S01011676,674,5,669,107,1,106,82,0,82,87,1,86,158,0,158,119,0,119,121,3,118
S01011677,589,4,585,126,2,124,75,1,74,112,0,112,155,1,154,87,0,87,34,0,34
S01011678,448,6,442,68,0,68,58,0,58,46,2,44,101,3,98,86,1,85,89,0,89
S01011679,525,5,520,108,1,107,48,0,48,118,2,116,157,1,156,66,1,65,28,0,28
S01011680,1070,6,1064,206,2,204,121,0,121,115,0,115,251,4,247,182,0,182,195,0,195
S01011681,812,6,806,145,2,143,77,0,77,129,2,127,174,2,172,171,0,171,116,0,116
S01011682,492,3,489,63,1,62,41,0,41,40,0,40,129,1,128,127,1,126,92,0,92
S01011683,724,1,723,111,0,111,109,0,109,78,0,78,173,1,172,152,0,152,101,0,101
S01011684,527,4,523,90,1,89,51,0,51,58,1,57,120,1,119,105,1,104,103,0,103
S01011685,761,4,757,159,0,159,87,0,87,119,2,117,241,0,241,98,2,96,57,0,57
S01011686,805,6,799,102,0,102,89,0,89,97,1,96,188,2,186,210,1,209,119,2,117
S01011687,841,8,833,139,0,139,100,0,100,110,1,109,188,2,186,171,3,168,133,2,131
S01011688,799,1,798,168,1,167,97,0,97,77,0,77,258,0,258,118,0,118,81,0,81
S01011689,639,15,624,101,6,95,65,0,65,72,0,72,188,5,183,134,3,131,79,1,78
S01011690,930,14,916,183,2,181,79,1,78,163,4,159,288,5,283,138,1,137,79,1,78
S01011691,590,3,587,134,1,133,50,0,50,90,0,90,175,0,175,86,1,85,55,1,54
S01011692,1046,5,1041,186,0,186,119,0,119,117,0,117,236,2,234,208,1,207,180,2,178
S01011693,771,9,762,107,3,104,82,0,82,139,2,137,176,2,174,157,0,157,110,2,108
S01011694,506,7,499,123,2,121,35,1,34,98,2,96,167,2,165,65,0,65,18,0,18
S01011695,883,2,881,194,0,194,62,0,62,130,2,128,280,0,280,156,0,156,61,0,61
S01011696,995,6,989,267,0,267,69,1,68,129,1,128,368,4,364,144,0,144,18,0,18
S01011697,983,6,977,226,0,226,85,1,84,158,1,157,298,3,295,129,1,128,87,0,87
S01011698,621,4,617,84,3,81,76,0,76,81,0,81,141,0,141,142,0,142,97,1,96
S01011699,879,8,871,115,1,114,105,2,103,94,1,93,196,0,196,216,4,212,153,0,153
S01011700,744,10,734,83,3,80,88,0,88,73,2,71,152,2,150,179,2,177,169,1,168
S01011701,987,10,977,165,1,164,103,1,102,112,0,112,240,1,239,212,5,207,155,2,153
S01011702,708,11,697,82,2,80,71,0,71,62,0,62,141,3,138,200,4,196,152,2,150
S01011703,618,11,607,116,0,116,58,3,55,52,1,51,136,2,134,151,4,147,105,1,104
S01011704,715,6,709,160,1,159,75,1,74,60,1,59,239,0,239,107,1,106,74,2,72
S01011705,722,3,719,120,0,120,116,0,116,84,0,84,198,2,196,113,1,112,91,0,91
S01011706,1009,6,1003,126,1,125,104,0,104,103,0,103,231,0,231,190,4,186,255,1,254
S01011707,698,2,696,114,0,114,58,0,58,59,0,59,153,1,152,163,0,163,151,1,150
S01011708,905,3,902,108,0,108,103,0,103,101,0,101,190,2,188,220,1,219,183,0,183
S01011709,929,5,924,147,1,146,118,0,118,101,0,101,240,2,238,181,2,179,142,0,142
S01011710,620,2,618,143,0,143,86,0,86,88,0,88,130,0,130,108,1,107,65,1,64
S01011711,653,2,651,102,0,102,88,0,88,93,1,92,138,1,137,116,0,116,116,0,116
S01011712,516,5,511,55,0,55,57,0,57,93,1,92,130,2,128,97,1,96,84,1,83
S01011713,841,2,839,82,0,82,88,0,88,95,0,95,165,0,165,248,1,247,163,1,162
S01011714,533,3,530,137,1,136,43,0,43,76,0,76,187,0,187,75,2,73,15,0,15
S01011715,605,1,604,112,0,112,70,0,70,84,0,84,144,0,144,95,1,94,100,0,100
S01011716,871,6,865,170,1,169,110,0,110,138,3,135,247,1,246,142,1,141,64,0,64
S01011717,694,9,685,79,0,79,65,0,65,70,1,69,146,3,143,207,5,202,127,0,127
S01011718,737,24,713,160,13,147,62,0,62,160,4,156,251,6,245,81,1,80,23,0,23
S01011719,613,13,600,84,7,77,108,0,108,56,0,56,194,4,190,148,2,146,23,0,23
S01011720,519,7,512,54,0,54,63,1,62,48,0,48,99,0,99,164,3,161,91,3,88
S01011721,688,5,683,102,0,102,60,0,60,90,0,90,125,0,125,182,3,179,129,2,127
S01011722,693,11,682,104,2,102,66,2,64,76,0,76,128,3,125,177,2,175,142,2,140
S01011723,911,5,906,144,2,142,77,0,77,113,1,112,218,0,218,209,0,209,150,2,148
S01011724,695,5,690,170,4,166,95,0,95,109,0,109,218,1,217,88,0,88,15,0,15
S01011725,616,7,609,118,0,118,92,3,89,72,1,71,194,2,192,112,1,111,28,0,28
S01011726,532,6,526,108,3,105,45,0,45,84,3,81,158,0,158,110,0,110,27,0,27
S01011727,733,14,719,175,6,169,76,1,75,108,3,105,249,4,245,95,0,95,30,0,30
S01011728,900,19,881,133,7,126,123,0,123,140,2,138,176,2,174,201,8,193,127,0,127
S01011729,682,9,673,120,5,115,79,1,78,87,0,87,142,2,140,134,1,133,120,0,120
S01011730,834,5,829,52,0,52,66,1,65,91,2,89,137,1,136,287,0,287,201,1,200
S01011731,837,20,817,117,11,106,82,1,81,88,4,84,168,1,167,176,1,175,206,2,204
S01011732,768,13,755,88,1,87,85,2,83,73,1,72,142,2,140,270,2,268,110,5,105
S01011733,830,20,810,125,11,114,85,0,85,105,1,104,157,5,152,186,3,183,172,0,172
S01011734,730,10,720,84,1,83,79,2,77,81,0,81,166,2,164,154,3,151,166,2,164
S01011735,718,15,703,97,4,93,67,0,67,53,1,52,142,4,138,200,2,198,159,4,155
S01011736,734,9,725,156,3,153,91,2,89,104,1,103,188,2,186,108,1,107,87,0,87
S01011737,702,17,685,150,5,145,94,0,94,77,1,76,163,4,159,108,4,104,110,3,107
S01011738,1026,6,1020,175,1,174,143,1,142,138,0,138,229,2,227,193,1,192,148,1,147
S01011739,492,11,481,62,1,61,54,0,54,52,0,52,126,3,123,99,5,94,99,2,97
S01011740,743,4,739,141,0,141,98,2,96,114,0,114,166,0,166,124,1,123,100,1,99
S01011741,635,6,629,99,2,97,83,0,83,79,0,79,143,1,142,118,1,117,113,2,111
S01011742,726,7,719,112,0,112,84,0,84,82,0,82,160,3,157,151,4,147,137,0,137
S01011743,761,7,754,104,2,102,85,0,85,131,1,130,144,1,143,143,2,141,154,1,153
S01011744,802,10,792,87,0,87,84,1,83,134,2,132,149,2,147,149,3,146,199,2,197
S01011745,695,2,693,62,0,62,62,0,62,72,0,72,140,0,140,97,1,96,262,1,261
S01011746,524,1,523,112,0,112,59,0,59,58,0,58,117,0,117,105,1,104,73,0,73
S01011747,950,10,940,196,3,193,147,1,146,108,1,107,215,3,212,169,2,167,115,0,115
S01011748,836,3,833,189,0,189,107,0,107,142,0,142,188,2,186,125,0,125,85,1,84
S01011749,723,13,710,163,4,159,146,0,146,120,3,117,174,6,168,84,0,84,36,0,36
S01011750,839,5,834,130,1,129,99,2,97,111,1,110,189,0,189,140,0,140,170,1,169
S01011751,919,6,913,139,0,139,139,1,138,182,2,180,223,0,223,153,2,151,83,1,82
S01011752,892,13,879,142,5,137,88,0,88,166,5,161,210,2,208,152,1,151,134,0,134
S01011753,754,18,736,94,5,89,74,0,74,107,1,106,161,2,159,160,3,157,158,7,151
S01011754,733,9,724,114,1,113,91,2,89,74,2,72,143,0,143,151,0,151,160,4,156
S01011755,898,10,888,137,0,137,106,0,106,150,6,144,242,1,241,166,2,164,97,1,96
S01011756,951,10,941,168,2,166,129,1,128,141,4,137,220,0,220,176,2,174,117,1,116
S01011757,706,22,684,133,12,121,76,2,74,106,0,106,138,6,132,143,0,143,110,2,108
S01011758,607,13,594,109,5,104,76,0,76,77,2,75,141,1,140,128,2,126,76,3,73
S01011759,811,13,798,141,3,138,78,1,77,78,1,77,168,5,163,187,3,184,159,0,159
S01011760,858,9,849,129,1,128,106,1,105,144,2,142,183,1,182,155,3,152,141,1,140
S01011761,677,8,669,170,0,170,68,0,68,129,4,125,172,3,169,93,0,93,45,1,44
S01011762,628,6,622,96,0,96,105,1,104,115,0,115,131,3,128,92,1,91,89,1,88
S01011763,752,5,747,99,1,98,74,0,74,86,1,85,153,0,153,216,1,215,124,2,122
S01011764,392,2,390,60,0,60,62,0,62,40,0,40,86,0,86,98,1,97,46,1,45
S01011765,939,5,934,121,0,121,149,0,149,111,2,109,237,0,237,246,2,244,75,1,74
S01011766,498,3,495,82,0,82,48,1,47,30,1,29,135,1,134,136,0,136,67,0,67
S01011767,823,13,810,79,1,78,107,1,106,95,2,93,150,3,147,210,5,205,182,1,181
S01011768,704,5,699,113,2,111,84,0,84,114,1,113,169,1,168,101,1,100,123,0,123
S01011769,613,4,609,59,0,59,57,0,57,70,2,68,117,0,117,121,1,120,189,1,188
S01011770,779,18,761,99,4,95,90,2,88,127,2,125,153,7,146,150,0,150,160,3,157
S01011771,653,4,649,122,0,122,79,0,79,72,0,72,177,3,174,158,0,158,45,1,44
S01011772,1075,10,1065,189,3,186,140,2,138,48,1,47,269,2,267,286,0,286,143,2,141
S01011773,571,9,562,124,2,122,73,2,71,67,1,66,192,4,188,92,0,92,23,0,23
S01011774,916,3,913,224,1,223,112,1,111,92,0,92,298,1,297,150,0,150,40,0,40
S01011775,639,6,633,159,3,156,62,0,62,59,0,59,236,3,233,85,0,85,38,0,38
S01011776,1102,6,1096,313,1,312,86,0,86,95,1,94,381,3,378,130,0,130,97,1,96
S01011777,608,1,607,131,0,131,41,0,41,73,0,73,209,1,208,95,0,95,59,0,59
S01011778,612,8,604,119,3,116,74,0,74,86,0,86,170,2,168,102,2,100,61,1,60
S01011779,763,7,756,123,1,122,66,0,66,86,0,86,197,2,195,163,3,160,128,1,127
S01011780,923,10,913,195,5,190,110,0,110,56,0,56,252,5,247,231,0,231,79,0,79
S01011781,569,6,563,110,3,107,75,1,74,25,0,25,160,0,160,131,0,131,68,2,66
S01011782,669,4,665,87,1,86,85,0,85,59,0,59,124,1,123,214,1,213,100,1,99
S01011783,553,1,552,67,0,67,76,0,76,57,0,57,111,0,111,172,1,171,70,0,70
S01011784,768,11,757,108,3,105,93,1,92,100,0,100,163,2,161,208,4,204,96,1,95
S01011785,854,3,851,143,0,143,67,0,67,109,0,109,144,0,144,230,2,228,161,1,160
S01011786,405,1,404,109,0,109,50,0,50,80,0,80,123,1,122,33,0,33,10,0,10
S01011787,995,3,992,173,0,173,131,0,131,113,0,113,240,2,238,164,0,164,174,1,173
S01011788,680,7,673,167,1,166,68,0,68,38,0,38,223,1,222,141,4,137,43,1,42
S01011789,647,11,636,97,3,94,60,0,60,51,0,51,145,2,143,162,0,162,132,6,126
S01011790,970,10,960,192,1,191,123,0,123,136,1,135,217,5,212,203,2,201,99,1,98
S01011791,706,8,698,96,1,95,90,1,89,100,0,100,139,2,137,153,3,150,128,1,127
S01011792,863,6,857,79,0,79,63,1,62,101,3,98,167,0,167,177,0,177,276,2,274
S01011793,672,5,667,61,0,61,60,0,60,90,1,89,135,1,134,163,2,161,163,1,162
S01011794,849,3,846,140,0,140,79,0,79,113,1,112,195,0,195,180,2,178,142,0,142
S01011795,605,6,599,90,0,90,63,0,63,89,1,88,122,1,121,147,2,145,94,2,92
S01011796,744,4,740,145,0,145,100,1,99,108,0,108,168,1,167,118,2,116,105,0,105
S01011797,1000,3,997,135,0,135,136,0,136,71,0,71,238,0,238,259,2,257,161,1,160
S01011798,527,1,526,74,0,74,68,0,68,79,0,79,117,0,117,105,1,104,84,0,84
S01011799,901,3,898,144,0,144,103,0,103,75,0,75,188,1,187,231,2,229,160,0,160
S01011800,501,1,500,76,0,76,43,0,43,50,0,50,111,0,111,114,0,114,107,1,106
S01011801,580,2,578,124,0,124,81,0,81,88,0,88,116,0,116,108,0,108,63,2,61
S01011802,703,5,698,121,1,120,61,0,61,96,0,96,150,1,149,102,3,99,173,0,173
S01011803,581,2,579,116,0,116,67,0,67,52,0,52,134,0,134,126,1,125,86,1,85
S01011804,731,12,719,100,0,100,55,0,55,87,1,86,158,4,154,166,2,164,165,5,160
S01011805,529,9,520,60,0,60,59,4,55,60,2,58,120,1,119,114,2,112,116,0,116
S01011806,736,13,723,109,0,109,66,1,65,66,2,64,158,4,154,165,1,164,172,5,167
S01011807,1069,18,1051,155,6,149,97,1,96,72,2,70,225,2,223,286,4,282,234,3,231
S01011808,605,7,598,84,1,83,77,2,75,68,2,66,138,1,137,110,1,109,128,0,128
S01011809,701,11,690,106,1,105,65,0,65,50,0,50,177,7,170,179,1,178,124,2,122
S01011810,910,5,905,125,2,123,66,0,66,96,1,95,198,1,197,244,1,243,181,0,181
S01011811,1017,11,1006,166,3,163,80,0,80,99,3,96,232,2,230,235,0,235,205,3,202
S01011812,648,3,645,103,0,103,52,1,51,51,0,51,145,1,144,184,1,183,113,0,113
S01011813,736,12,724,111,2,109,85,0,85,71,3,68,178,4,174,162,1,161,129,2,127
S01011814,700,6,694,125,0,125,58,0,58,54,1,53,173,3,170,152,2,150,138,0,138
S01011815,775,8,767,161,1,160,90,1,89,111,0,111,176,1,175,128,2,126,109,3,106
S01011816,623,5,618,93,1,92,57,0,57,55,1,54,146,0,146,161,2,159,111,1,110
S01011817,703,12,691,111,2,109,83,3,80,68,2,66,182,2,180,147,2,145,112,1,111
S01011818,1069,14,1055,175,2,173,115,0,115,110,0,110,240,6,234,222,6,216,207,0,207
S01011819,818,8,810,89,1,88,115,1,114,102,1,101,182,1,181,168,2,166,162,2,160
S01011820,745,8,737,105,0,105,101,0,101,82,1,81,151,1,150,112,2,110,194,4,190
S01011821,416,1,415,62,0,62,76,0,76,60,0,60,113,1,112,51,0,51,54,0,54
S01011822,684,11,673,69,2,67,131,1,130,115,1,114,120,4,116,111,3,108,138,0,138
S01011823,592,3,589,86,1,85,62,0,62,73,0,73,124,0,124,133,2,131,114,0,114
S01011824,677,3,674,124,0,124,91,1,90,95,1,94,131,1,130,154,0,154,82,0,82
S01011825,522,4,518,60,0,60,69,0,69,64,2,62,107,0,107,106,2,104,116,0,116
S01011826,628,4,624,78,1,77,91,1,90,86,1,85,137,0,137,128,1,127,108,0,108
S01011827,518,7,511,46,0,46,25,0,25,27,2,25,92,2,90,168,0,168,160,3,157
S01011828,873,4,869,109,1,108,76,1,75,79,0,79,195,1,194,224,1,223,190,0,190
S01011829,401,1,400,44,0,44,28,0,28,50,0,50,87,0,87,112,1,111,80,0,80
S01011830,563,2,561,83,0,83,25,0,25,49,0,49,110,1,109,164,1,163,132,0,132
S01011831,903,11,892,149,2,147,60,0,60,48,0,48,169,3,166,244,3,241,233,3,230
S01011832,812,4,808,93,2,91,74,0,74,65,0,65,153,0,153,215,2,213,212,0,212
S01011833,993,14,979,188,1,187,94,0,94,55,2,53,214,2,212,248,3,245,194,6,188
S01011834,479,4,475,103,0,103,33,0,33,21,0,21,153,2,151,103,2,101,66,0,66
S01011835,669,6,663,120,0,120,45,0,45,40,1,39,190,1,189,184,2,182,90,2,88
S01011836,744,7,737,83,0,83,71,1,70,35,0,35,156,3,153,241,2,239,158,1,157
S01011837,657,6,651,91,0,91,55,0,55,25,0,25,160,4,156,182,2,180,144,0,144
S01011838,804,6,798,111,0,111,83,1,82,53,1,52,184,0,184,203,3,200,170,1,169
S01011839,932,6,926,107,0,107,94,1,93,91,0,91,184,0,184,249,3,246,207,2,205
S01011840,978,5,973,190,0,190,90,0,90,89,1,88,228,3,225,241,1,240,140,0,140
S01011841,921,7,914,176,0,176,82,0,82,81,1,80,208,3,205,189,1,188,185,2,183
S01011842,943,12,931,152,1,151,93,1,92,92,2,90,195,5,190,202,1,201,209,2,207
S01011843,961,10,951,149,0,149,68,0,68,55,1,54,240,4,236,269,3,266,180,2,178
S01011844,764,6,758,153,0,153,61,0,61,33,1,32,209,2,207,126,0,126,182,3,179
S01011845,814,4,810,140,0,140,75,1,74,80,0,80,184,0,184,163,3,160,172,0,172
S01011846,849,8,841,125,0,125,77,0,77,65,0,65,189,1,188,221,4,217,172,3,169
S01011847,421,4,417,78,1,77,22,0,22,25,0,25,117,1,116,109,1,108,70,1,69
S01011848,710,7,703,122,2,120,52,0,52,63,0,63,152,1,151,172,3,169,149,1,148
S01011849,786,7,779,136,2,134,63,0,63,91,1,90,197,0,197,175,3,172,124,1,123
S01011850,681,7,674,98,0,98,61,0,61,71,1,70,166,1,165,151,3,148,134,2,132
S01011851,869,17,852,134,3,131,86,0,86,82,0,82,202,6,196,187,3,184,178,5,173
S01011852,980,10,970,133,1,132,115,1,114,108,1,107,204,1,203,177,3,174,243,3,240
S01011853,684,11,673,113,2,111,77,0,77,78,3,75,160,1,159,140,1,139,116,4,112
S01011854,797,12,785,85,0,85,70,1,69,71,4,67,123,1,122,182,1,181,266,5,261
S01011855,825,5,820,119,0,119,100,0,100,79,0,79,173,3,170,166,1,165,188,1,187
S01011856,672,7,665,75,0,75,51,0,51,37,0,37,135,3,132,144,2,142,230,2,228
S01011857,674,9,665,102,1,101,59,0,59,50,0,50,149,2,147,153,3,150,161,3,158
S01011858,862,13,849,109,0,109,58,0,58,30,2,28,168,3,165,176,1,175,321,7,314
S01011859,819,13,806,67,0,67,56,0,56,44,0,44,136,2,134,197,6,191,319,5,314
S01011860,622,5,617,93,0,93,88,1,87,75,0,75,130,2,128,146,1,145,90,1,89
S01011861,743,7,736,107,1,106,57,0,57,44,0,44,158,1,157,204,4,200,173,1,172
S01011862,1045,27,1018,218,3,215,77,0,77,49,1,48,185,5,180,226,6,220,290,12,278
S01011863,815,22,793,93,0,93,90,0,90,48,1,47,140,3,137,167,7,160,277,11,266
S01011864,707,17,690,95,1,94,63,1,62,38,0,38,157,3,154,173,7,166,181,5,176
S01011865,602,7,595,86,0,86,53,0,53,43,1,42,116,1,115,137,2,135,167,3,164
S01011866,788,17,771,152,5,147,55,0,55,76,2,74,177,3,174,159,0,159,169,7,162
S01011867,917,21,896,151,3,148,100,0,100,109,3,106,215,4,211,156,3,153,186,8,178
S01011868,856,13,843,139,0,139,89,0,89,107,3,104,180,4,176,166,4,162,175,2,173
S01011869,749,17,732,70,0,70,96,1,95,95,2,93,176,5,171,150,6,144,162,3,159
S01011870,682,10,672,117,2,115,80,0,80,66,0,66,166,3,163,132,3,129,121,2,119
S01011871,1050,9,1041,184,0,184,109,1,108,106,0,106,248,5,243,253,1,252,150,2,148
S01011872,891,6,885,168,0,168,67,0,67,63,0,63,230,3,227,220,2,218,143,1,142
S01011873,784,8,776,138,0,138,71,0,71,65,1,64,213,4,209,195,1,194,102,2,100
S01011874,641,9,632,99,0,99,60,0,60,56,1,55,174,1,173,153,6,147,99,1,98
S01011875,656,18,638,85,3,82,47,0,47,55,1,54,127,3,124,151,4,147,191,7,184
S01011876,933,6,927,163,0,163,70,1,69,87,0,87,220,4,216,232,1,231,161,0,161
S01011877,536,7,529,67,1,66,39,0,39,48,1,47,112,3,109,133,1,132,137,1,136
S01011878,1309,26,1283,333,7,326,267,6,261,66,2,64,223,5,218,235,3,232,185,3,182
S01011879,534,7,527,90,0,90,74,0,74,21,1,20,135,3,132,135,2,133,79,1,78
S01011880,574,8,566,92,0,92,43,0,43,32,0,32,168,5,163,131,2,129,108,1,107
S01011881,805,6,799,141,0,141,77,0,77,90,1,89,184,1,183,139,1,138,174,3,171
S01011882,917,10,907,107,0,107,83,0,83,84,0,84,170,3,167,213,3,210,260,4,256
S01011883,1138,17,1121,222,2,220,149,1,148,98,0,98,218,5,213,280,6,274,171,3,168
S01011884,402,4,398,55,0,55,29,0,29,32,0,32,108,1,107,113,0,113,65,3,62
S01011885,659,11,648,132,2,130,33,1,32,80,0,80,205,5,200,119,2,117,90,1,89
S01011886,855,12,843,152,0,152,76,1,75,64,0,64,188,4,184,221,6,215,154,1,153
S01011887,571,12,559,103,1,102,49,2,47,66,1,65,142,4,138,111,3,108,100,1,99
S01011888,835,13,822,166,0,166,90,2,88,103,3,100,209,2,207,156,4,152,111,2,109
S01011889,912,16,896,133,0,133,69,4,65,62,0,62,194,2,192,196,6,190,258,4,254
S01011890,680,3,677,110,0,110,64,0,64,81,1,80,165,0,165,142,2,140,118,0,118
S01011891,1234,29,1205,113,0,113,174,0,174,362,17,345,295,6,289,158,3,155,132,3,129
S01011892,941,11,930,124,0,124,125,3,122,190,4,186,243,2,241,157,1,156,102,1,101
S01011893,899,8,891,101,2,99,93,1,92,163,0,163,199,2,197,173,0,173,170,3,167
S01011894,620,7,613,89,4,85,76,0,76,89,0,89,139,1,138,138,0,138,89,2,87
S01011895,647,7,640,68,0,68,54,0,54,45,0,45,119,1,118,148,3,145,213,3,210
S01011896,840,11,829,113,0,113,63,0,63,105,3,102,192,5,187,175,1,174,192,2,190
S01011897,993,16,977,167,3,164,82,2,80,85,3,82,225,4,221,216,4,212,218,0,218
S01011898,666,1,665,146,0,146,65,0,65,38,0,38,170,0,170,159,0,159,88,1,87
S01011899,759,6,753,97,0,97,55,0,55,64,0,64,134,0,134,206,1,205,203,5,198
S01011900,722,8,714,120,0,120,66,1,65,43,0,43,164,1,163,175,4,171,154,2,152
S01011901,870,7,863,141,0,141,78,1,77,95,0,95,213,0,213,168,5,163,175,1,174
S01011902,1047,12,1035,140,0,140,93,2,91,59,1,58,223,2,221,247,4,243,285,3,282
S01011903,786,6,780,108,0,108,55,0,55,61,0,61,131,0,131,208,4,204,223,2,221
S01011904,804,10,794,106,2,104,58,0,58,55,2,53,146,0,146,204,2,202,235,4,231
S01011905,786,5,781,145,0,145,83,0,83,40,0,40,214,0,214,161,1,160,143,4,139
S01011906,414,3,411,44,1,43,30,0,30,33,0,33,103,0,103,109,0,109,95,2,93
S01011907,726,12,714,94,0,94,89,2,87,86,0,86,173,7,166,175,1,174,109,2,107
S01011908,359,4,355,65,0,65,30,0,30,63,2,61,85,0,85,82,2,80,34,0,34
S01011909,972,6,966,189,0,189,94,1,93,200,2,198,324,1,323,132,1,131,33,1,32
S01011910,864,15,849,144,2,142,132,2,130,153,3,150,169,2,167,145,3,142,121,3,118
S01011911,624,1,623,86,0,86,65,0,65,74,0,74,123,0,123,132,0,132,144,1,143
S01011912,693,9,684,115,2,113,76,0,76,101,2,99,157,2,155,130,1,129,114,2,112
S01011913,694,16,678,113,1,112,92,1,91,108,2,106,139,6,133,143,5,138,99,1,98
S01011914,822,11,811,201,2,199,118,1,117,147,3,144,180,2,178,104,2,102,72,1,71
S01011915,784,24,760,141,12,129,96,2,94,99,3,96,149,4,145,182,0,182,117,3,114
S01011916,578,11,567,119,7,112,72,1,71,58,0,58,148,2,146,96,0,96,85,1,84
S01011917,493,7,486,72,0,72,57,3,54,56,1,55,113,0,113,103,2,101,92,1,91
S01011918,743,16,727,161,3,158,105,1,104,117,2,115,173,8,165,113,1,112,74,1,73
S01011919,860,15,845,102,4,98,203,3,200,173,1,172,162,4,158,132,0,132,88,3,85
S01011920,600,4,596,79,1,78,80,0,80,86,1,85,122,0,122,125,2,123,108,0,108
S01011921,563,6,557,98,1,97,60,0,60,78,1,77,122,0,122,104,3,101,101,1,100
S01011922,729,7,722,109,1,108,97,0,97,115,2,113,166,1,165,139,2,137,103,1,102
S01011923,892,11,881,162,1,161,113,1,112,137,2,135,193,2,191,148,2,146,139,3,136
S01011924,432,7,425,78,1,77,48,0,48,65,3,62,81,0,81,85,2,83,75,1,74
S01011925,717,7,710,166,3,163,79,0,79,120,1,119,217,3,214,113,0,113,22,0,22
S01011926,632,7,625,109,0,109,67,1,66,80,1,79,137,0,137,152,2,150,87,3,84
S01011927,593,6,587,91,0,91,69,0,69,70,2,68,120,0,120,152,3,149,91,1,90
S01011928,678,6,672,73,0,73,73,1,72,88,2,86,138,1,137,188,1,187,118,1,117
S01011929,669,3,666,81,0,81,85,0,85,93,1,92,135,0,135,142,1,141,133,1,132
S01011930,616,4,612,108,1,107,63,0,63,90,1,89,125,0,125,124,1,123,106,1,105
S01011931,604,5,599,130,0,130,86,2,84,82,0,82,151,1,150,107,2,105,48,0,48
S01011932,580,8,572,68,2,66,109,1,108,184,1,183,103,2,101,77,0,77,39,2,37
S01011933,609,18,591,48,0,48,94,5,89,128,4,124,135,4,131,114,1,113,90,4,86
S01011934,1087,11,1076,146,0,146,135,6,129,174,1,173,227,1,226,175,0,175,230,3,227
S01011935,799,12,787,48,0,48,134,2,132,200,3,197,162,1,161,136,5,131,119,1,118
S01011936,749,8,741,65,0,65,111,0,111,136,1,135,136,1,135,118,1,117,183,5,178
S01011937,648,6,642,33,0,33,115,0,115,174,4,170,114,1,113,89,0,89,123,1,122
S01011938,658,4,654,47,0,47,69,1,68,144,0,144,137,0,137,113,2,111,148,1,147
S01011939,713,19,694,47,1,46,157,4,153,191,8,183,136,4,132,121,0,121,61,2,59
S01011940,416,10,406,35,1,34,71,0,71,146,2,144,65,3,62,41,4,37,58,0,58
S01011941,685,25,660,35,0,35,144,8,136,219,9,210,147,7,140,95,1,94,45,0,45
S01011942,823,14,809,39,0,39,158,7,151,224,5,219,133,0,133,103,1,102,166,1,165
S01011943,1120,21,1099,65,0,65,201,4,197,270,6,264,233,3,230,166,5,161,185,3,182
S01011944,432,4,428,48,0,48,38,0,38,22,0,22,84,0,84,134,4,130,106,0,106
S01011945,813,8,805,114,1,113,50,1,49,53,1,52,145,0,145,226,3,223,225,2,223
S01011946,783,14,769,112,0,112,82,2,80,54,0,54,158,1,157,155,7,148,222,4,218
S01011947,486,3,483,71,0,71,43,0,43,17,1,16,83,0,83,126,2,124,146,0,146
S01011948,1134,10,1124,138,0,138,86,0,86,88,1,87,227,2,225,252,3,249,343,4,339
S01011949,812,7,805,99,0,99,45,0,45,30,0,30,128,0,128,199,0,199,311,7,304
S01011950,757,9,748,88,0,88,49,1,48,47,2,45,123,1,122,170,1,169,280,4,276
S01011951,659,7,652,96,2,94,55,0,55,76,1,75,133,1,132,127,0,127,172,3,169
S01011952,476,4,472,83,0,83,22,0,22,56,0,56,122,2,120,97,2,95,96,0,96
S01011953,733,5,728,124,0,124,63,0,63,48,0,48,162,1,161,179,2,177,157,2,155
S01011954,477,7,470,75,0,75,32,0,32,56,2,54,100,3,97,97,1,96,117,1,116
S01011955,957,5,952,121,0,121,77,0,77,98,2,96,169,0,169,233,1,232,259,2,257
S01011956,996,10,986,213,0,213,67,0,67,91,0,91,261,1,260,204,4,200,160,5,155
S01011957,880,11,869,115,0,115,116,2,114,123,0,123,206,3,203,183,5,178,137,1,136
S01011958,1046,16,1030,143,1,142,81,1,80,89,0,89,214,1,213,284,9,275,235,4,231
S01011959,878,3,875,128,0,128,85,0,85,46,1,45,226,2,224,210,0,210,183,0,183
S01011960,757,9,748,120,1,119,58,0,58,102,1,101,193,2,191,183,3,180,101,2,99
S01011961,701,8,693,128,0,128,63,1,62,114,1,113,147,4,143,155,0,155,94,2,92
S01011962,658,9,649,117,0,117,39,0,39,67,1,66,190,4,186,140,2,138,105,2,103
S01011963,493,1,492,79,0,79,33,0,33,72,0,72,115,1,114,94,0,94,100,0,100
S01011964,944,7,937,117,0,117,76,0,76,120,2,118,230,1,229,199,1,198,202,3,199
S01011965,787,8,779,109,0,109,61,0,61,55,0,55,150,0,150,175,2,173,237,6,231
S01011966,819,8,811,144,0,144,61,0,61,57,0,57,206,1,205,175,2,173,176,5,171
S01011967,1118,9,1109,155,0,155,82,0,82,144,1,143,308,3,305,263,5,258,166,0,166
S01011968,950,6,944,118,0,118,97,1,96,158,2,156,205,2,203,185,1,184,187,0,187
S01011969,1017,7,1010,144,0,144,72,0,72,120,0,120,205,1,204,244,1,243,232,5,227
S01011970,946,13,933,185,2,183,95,0,95,159,4,155,197,3,194,178,0,178,132,4,128
S01011971,550,10,540,105,2,103,44,0,44,54,2,52,130,3,127,107,3,104,110,0,110
S01011972,1096,12,1084,118,0,118,87,1,86,83,1,82,232,6,226,330,0,330,246,4,242
S01011973,635,10,625,88,0,88,45,0,45,58,4,54,132,1,131,147,3,144,165,2,163
S01011974,741,16,725,92,0,92,60,0,60,68,0,68,160,2,158,203,7,196,158,7,151
S01011975,433,9,424,40,0,40,43,0,43,42,2,40,84,5,79,126,1,125,98,1,97
S01011976,755,4,751,110,0,110,75,0,75,69,2,67,166,1,165,159,1,158,176,0,176
S01011977,1095,13,1082,130,0,130,121,0,121,109,0,109,228,2,226,275,5,270,232,6,226
S01011978,668,4,664,81,0,81,59,0,59,61,0,61,115,1,114,138,2,136,214,1,213
S01011979,982,8,974,147,2,145,61,0,61,103,1,102,215,1,214,224,2,222,232,2,230
S01011980,389,5,384,47,0,47,39,0,39,38,0,38,80,0,80,110,5,105,75,0,75
S01011981,915,16,899,126,1,125,106,2,104,76,0,76,180,1,179,244,7,237,183,5,178
S01011982,909,11,898,123,3,120,68,1,67,81,1,80,211,1,210,245,2,243,181,3,178
S01011983,719,24,695,62,1,61,50,1,49,45,0,45,139,5,134,193,5,188,230,12,218
S01011984,645,4,641,106,0,106,64,0,64,88,1,87,126,0,126,128,1,127,133,2,131
S01011985,701,6,695,78,0,78,85,1,84,54,0,54,142,2,140,164,0,164,178,3,175
S01011986,632,8,624,102,0,102,74,1,73,98,2,96,120,2,118,128,1,127,110,2,108
S01011987,912,9,903,141,0,141,91,0,91,120,1,119,180,6,174,190,0,190,190,2,188
S01011988,654,9,645,52,0,52,50,1,49,42,0,42,98,1,97,204,0,204,208,7,201
S01011989,844,5,839,125,0,125,89,0,89,70,0,70,175,1,174,177,2,175,208,2,206
S01011990,732,9,723,78,0,78,54,0,54,49,1,48,122,4,118,174,2,172,255,2,253
S01011991,692,11,681,98,0,98,81,1,80,60,0,60,140,2,138,165,5,160,148,3,145
S01011992,959,12,947,103,0,103,80,2,78,86,2,84,167,0,167,213,4,209,310,4,306
S01011993,808,10,798,93,0,93,111,1,110,150,3,147,151,1,150,107,2,105,196,3,193
S01011994,701,8,693,46,0,46,36,0,36,30,0,30,82,1,81,223,1,222,284,6,278
S01011995,792,22,770,128,4,124,63,3,60,62,0,62,211,5,206,201,5,196,127,5,122
S01011996,540,6,534,78,0,78,65,1,64,46,0,46,118,2,116,124,2,122,109,1,108
S01011997,867,3,864,122,0,122,92,0,92,108,0,108,193,2,191,192,1,191,160,0,160
S01011998,526,7,519,100,1,99,27,0,27,30,1,29,136,2,134,113,2,111,120,1,119
S01011999,610,8,602,83,0,83,50,0,50,55,0,55,145,1,144,152,4,148,125,3,122
S01012000,434,4,430,59,1,58,27,0,27,59,1,58,101,1,100,97,0,97,91,1,90
S01012001,609,11,598,87,1,86,43,1,42,68,1,67,137,4,133,145,2,143,129,2,127
S01012002,548,9,539,64,0,64,44,0,44,37,0,37,89,1,88,142,2,140,172,6,166
S01012003,521,3,518,64,0,64,58,1,57,43,0,43,130,0,130,117,1,116,109,1,108
S01012004,866,13,853,111,0,111,70,1,69,66,2,64,180,2,178,199,2,197,240,6,234
S01012005,856,11,845,181,0,181,87,1,86,61,3,58,229,1,228,197,4,193,101,2,99
S01012006,987,15,972,242,3,239,235,8,227,75,0,75,145,0,145,181,4,177,109,0,109
S01012007,795,37,758,91,15,76,49,4,45,66,0,66,151,7,144,209,8,201,229,3,226
S01012008,952,60,892,148,30,118,87,6,81,101,2,99,227,14,213,200,5,195,189,3,186
S01012009,706,20,686,88,6,82,97,2,95,80,1,79,154,2,152,150,4,146,137,5,132
S01012010,1188,42,1146,108,1,107,96,4,92,149,1,148,205,8,197,263,11,252,367,17,350
S01012011,1107,34,1073,147,1,146,113,6,107,125,2,123,226,6,220,227,11,216,269,8,261
S01012012,639,12,627,51,0,51,43,1,42,37,0,37,98,2,96,193,5,188,217,4,213
S01012013,732,31,701,83,16,67,58,3,55,63,1,62,129,1,128,214,5,209,185,5,180
S01012014,833,49,784,118,20,98,72,1,71,106,6,100,168,4,164,172,9,163,197,9,188
S01012015,961,75,886,181,33,148,93,11,82,87,3,84,214,8,206,154,7,147,232,13,219
S01012016,833,47,786,93,15,78,77,5,72,88,3,85,179,10,169,229,6,223,167,8,159
S01012017,495,32,463,63,11,52,30,1,29,42,3,39,107,7,100,146,5,141,107,5,102
S01012018,856,60,796,131,22,109,70,6,64,74,1,73,182,9,173,217,9,208,182,13,169
S01012019,806,13,793,145,0,145,66,1,65,100,1,99,212,3,209,174,6,168,109,2,107
S01012020,681,7,674,95,0,95,59,2,57,57,1,56,147,2,145,169,2,167,154,0,154
S01012021,552,6,546,80,0,80,74,1,73,35,1,34,136,4,132,149,0,149,78,0,78
S01012022,638,6,632,109,1,108,44,0,44,75,0,75,166,3,163,154,1,153,90,1,89
S01012023,527,6,521,78,0,78,46,0,46,30,1,29,146,3,143,129,2,127,98,0,98
S01012024,838,9,829,148,0,148,59,0,59,94,0,94,253,2,251,176,5,171,108,2,106
S01012025,678,6,672,115,0,115,58,1,57,68,1,67,182,2,180,144,0,144,111,2,109
S01012026,605,2,603,140,0,140,69,0,69,68,0,68,200,0,200,91,1,90,37,1,36
S01012027,975,2,973,134,0,134,74,0,74,122,0,122,204,0,204,168,1,167,273,1,272
S01012028,910,13,897,130,0,130,91,1,90,47,0,47,202,1,201,277,3,274,163,8,155
S01012029,1201,19,1182,123,2,121,127,0,127,82,0,82,246,6,240,252,5,247,371,6,365
S01012030,633,8,625,99,0,99,80,1,79,62,0,62,161,1,160,143,3,140,88,3,85
S01012031,539,8,531,78,1,77,33,0,33,38,0,38,116,2,114,130,1,129,144,4,140
S01012032,345,4,341,44,0,44,35,0,35,18,0,18,76,2,74,102,1,101,70,1,69
S01012033,787,11,776,91,2,89,80,1,79,81,0,81,152,3,149,208,3,205,175,2,173
S01012034,787,11,776,129,0,129,76,0,76,85,2,83,207,4,203,152,3,149,138,2,136
S01012035,894,16,878,122,2,120,79,2,77,89,2,87,187,4,183,232,2,230,185,4,181
S01012036,830,9,821,95,0,95,104,1,103,65,1,64,161,3,158,227,3,224,178,1,177
S01012037,950,8,942,188,0,188,115,1,114,137,0,137,205,1,204,142,2,140,163,4,159
S01012038,854,4,850,224,1,223,136,1,135,118,0,118,191,1,190,115,1,114,70,0,70
S01012039,931,7,924,130,0,130,115,3,112,105,1,104,211,1,210,186,0,186,184,2,182
S01012040,675,0,675,117,0,117,101,0,101,66,0,66,175,0,175,137,0,137,79,0,79
S01012041,885,8,877,164,0,164,94,1,93,106,0,106,214,0,214,144,3,141,163,4,159
S01012042,886,4,882,132,0,132,98,0,98,76,0,76,206,2,204,181,1,180,193,1,192
S01012043,878,3,875,191,0,191,112,0,112,99,0,99,209,1,208,167,2,165,100,0,100
S01012044,873,6,867,117,0,117,101,0,101,73,1,72,191,2,189,165,0,165,226,3,223
S01012045,1031,10,1021,128,0,128,130,1,129,175,1,174,249,3,246,198,5,193,151,0,151
S01012046,658,3,655,87,0,87,84,0,84,82,0,82,139,0,139,116,2,114,150,1,149
S01012047,898,6,892,93,1,92,91,0,91,112,1,111,187,3,184,171,1,170,244,0,244
S01012048,740,3,737,125,0,125,68,1,67,104,1,103,155,0,155,111,0,111,177,1,176
S01012049,642,4,638,67,0,67,67,0,67,93,1,92,150,1,149,145,2,143,120,0,120
S01012050,980,6,974,179,0,179,107,1,106,134,1,133,286,3,283,184,1,183,90,0,90
S01012051,483,6,477,56,0,56,59,0,59,38,0,38,89,1,88,119,1,118,122,4,118
S01012052,838,14,824,75,0,75,99,2,97,105,1,104,189,2,187,166,6,160,204,3,201
S01012053,875,5,870,125,0,125,104,0,104,122,2,120,177,0,177,176,2,174,171,1,170
S01012054,776,6,770,126,0,126,121,1,120,171,1,170,163,1,162,130,3,127,65,0,65
S01012055,851,3,848,116,0,116,97,0,97,96,0,96,173,1,172,180,2,178,189,0,189
S01012056,768,5,763,97,0,97,95,0,95,41,0,41,187,2,185,167,1,166,181,2,179
S01012057,756,8,748,87,0,87,87,0,87,45,0,45,163,2,161,198,1,197,176,5,171
S01012058,717,7,710,84,0,84,89,0,89,62,0,62,149,1,148,170,2,168,163,4,159
S01012059,839,3,836,133,0,133,87,0,87,99,0,99,164,1,163,197,1,196,159,1,158
S01012060,838,5,833,125,1,124,82,0,82,90,0,90,188,1,187,169,0,169,184,3,181
S01012061,950,5,945,120,0,120,87,0,87,103,0,103,227,2,225,238,2,236,175,1,174
S01012062,817,7,810,125,0,125,107,2,105,109,0,109,213,1,212,164,4,160,99,0,99
S01012063,518,0,518,112,0,112,48,0,48,88,0,88,166,0,166,76,0,76,28,0,28
S01012064,614,7,607,141,1,140,82,0,82,122,2,120,148,1,147,89,3,86,32,0,32
S01012065,586,4,582,170,0,170,88,1,87,91,1,90,113,2,111,93,0,93,31,0,31
S01012066,808,3,805,173,1,172,95,0,95,144,0,144,203,0,203,149,1,148,44,1,43
S01012067,519,8,511,100,0,100,75,1,74,74,0,74,129,3,126,100,3,97,41,1,40
S01012068,514,6,508,81,1,80,86,1,85,78,0,78,120,4,116,77,0,77,72,0,72
S01012069,453,3,450,50,0,50,50,0,50,91,0,91,129,2,127,82,0,82,51,1,50
S01012070,682,12,670,67,2,65,84,3,81,121,1,120,142,4,138,135,2,133,133,0,133
S01012071,1008,11,997,93,0,93,158,5,153,218,3,215,209,1,208,178,2,176,152,0,152
S01012072,1079,23,1056,108,0,108,163,8,155,201,6,195,231,5,226,197,2,195,179,2,177
S01012073,668,3,665,104,1,103,75,0,75,130,0,130,192,1,191,107,1,106,60,0,60
S01012074,695,5,690,107,0,107,80,1,79,112,4,108,207,0,207,105,0,105,84,0,84
S01012075,705,7,698,123,1,122,111,2,109,53,0,53,228,0,228,158,3,155,32,1,31
S01012076,692,5,687,77,0,77,71,0,71,96,1,95,159,1,158,135,2,133,154,1,153
S01012077,717,2,715,130,0,130,107,0,107,130,0,130,146,1,145,139,1,138,65,0,65
S01012078,938,6,932,155,0,155,107,1,106,115,0,115,238,2,236,160,3,157,163,0,163
S01012079,893,10,883,130,1,129,92,0,92,111,2,109,180,2,178,187,3,184,193,2,191
S01012080,759,3,756,195,0,195,95,0,95,144,1,143,186,1,185,93,1,92,46,0,46
S01012081,711,5,706,130,0,130,77,1,76,127,2,125,164,1,163,126,1,125,87,0,87
S01012082,604,8,596,92,0,92,81,2,79,60,2,58,137,2,135,129,1,128,105,1,104
S01012083,733,6,727,90,1,89,81,0,81,71,1,70,152,1,151,144,1,143,195,2,193
S01012084,562,2,560,75,0,75,77,0,77,51,0,51,128,0,128,128,0,128,103,2,101
S01012085,665,4,661,77,0,77,80,0,80,52,0,52,136,1,135,182,1,181,138,2,136
S01012086,878,7,871,128,2,126,109,1,108,114,0,114,208,2,206,149,1,148,170,1,169
S01012087,699,2,697,91,0,91,67,1,66,88,0,88,171,0,171,114,1,113,168,0,168
S01012088,713,2,711,158,0,158,79,2,77,72,0,72,211,0,211,137,0,137,56,0,56
S01012089,814,5,809,122,1,121,68,0,68,86,0,86,216,2,214,187,1,186,135,1,134
S01012090,889,3,886,119,1,118,88,0,88,56,0,56,171,1,170,280,1,279,175,0,175
S01012091,523,2,521,58,0,58,64,0,64,42,0,42,111,2,109,151,0,151,97,0,97
S01012092,493,0,493,60,0,60,43,0,43,41,0,41,113,0,113,146,0,146,90,0,90
S01012093,518,0,518,40,0,40,51,0,51,59,0,59,117,0,117,135,0,135,116,0,116
S01012094,780,2,778,97,0,97,71,1,70,53,0,53,169,0,169,194,1,193,196,0,196
S01012095,1072,11,1061,198,0,198,152,4,148,121,1,120,288,2,286,210,4,206,103,0,103
S01012096,854,5,849,129,1,128,109,1,108,82,0,82,192,2,190,160,0,160,182,1,181
S01012097,668,1,667,131,0,131,65,0,65,73,0,73,148,0,148,136,0,136,115,1,114
S01012098,608,3,605,99,0,99,81,0,81,50,0,50,149,1,148,130,2,128,99,0,99
S01012099,864,7,857,127,1,126,98,1,97,94,0,94,147,2,145,166,1,165,232,2,230
S01012100,1069,7,1062,193,1,192,105,0,105,101,0,101,230,3,227,211,2,209,229,1,228
S01012101,772,2,770,110,0,110,110,0,110,57,0,57,163,0,163,179,1,178,153,1,152
S01012102,629,3,626,128,0,128,89,0,89,92,1,91,152,2,150,106,0,106,62,0,62
S01012103,892,9,883,129,1,128,95,0,95,137,1,136,251,6,245,173,1,172,107,0,107
S01012104,888,8,880,188,0,188,98,1,97,78,0,78,308,5,303,139,0,139,77,2,75
S01012105,1098,4,1094,170,0,170,119,0,119,115,0,115,240,1,239,273,2,271,181,1,180
S01012106,1045,10,1035,148,2,146,103,0,103,151,0,151,300,6,294,202,2,200,141,0,141
S01012107,676,2,674,89,0,89,62,0,62,56,0,56,136,0,136,188,2,186,145,0,145
S01012108,896,3,893,44,0,44,59,1,58,89,0,89,143,0,143,176,2,174,385,0,385
S01012109,880,8,872,114,0,114,117,0,117,178,3,175,227,1,226,152,2,150,92,2,90
S01012110,680,3,677,45,0,45,46,0,46,126,0,126,140,3,137,138,0,138,185,0,185
S01012111,539,7,532,78,0,78,81,0,81,87,1,86,134,0,134,82,3,79,77,3,74
S01012112,714,2,712,48,0,48,50,0,50,89,1,88,128,0,128,154,0,154,245,1,244
S01012113,969,7,962,103,0,103,101,1,100,85,0,85,215,2,213,203,0,203,262,4,258
S01012114,950,16,934,116,6,110,240,4,236,81,0,81,177,3,174,176,1,175,160,2,158
S01012115,504,2,502,75,0,75,46,0,46,47,1,46,132,0,132,70,0,70,134,1,133
S01012116,574,2,572,76,0,76,64,0,64,50,0,50,147,0,147,93,0,93,144,2,142
S01012117,755,3,752,180,0,180,56,0,56,127,1,126,258,1,257,93,0,93,41,1,40
S01012118,638,7,631,144,0,144,72,1,71,40,1,39,197,0,197,147,2,145,38,3,35
S01012119,877,7,870,136,1,135,98,0,98,51,1,50,206,1,205,219,1,218,167,3,164
S01012120,555,7,548,87,0,87,73,0,73,71,0,71,144,3,141,99,1,98,81,3,78
S01012121,920,5,915,133,0,133,103,0,103,107,0,107,166,3,163,197,0,197,214,2,212
S01012122,760,4,756,89,0,89,117,0,117,72,0,72,166,1,165,168,1,167,148,2,146
S01012123,501,5,496,72,0,72,82,2,80,77,0,77,92,1,91,111,1,110,67,1,66
S01012124,488,2,486,41,0,41,70,0,70,78,0,78,114,1,113,135,0,135,50,1,49
S01012125,741,4,737,76,0,76,89,0,89,148,2,146,183,2,181,142,0,142,103,0,103
S01012126,765,3,762,92,0,92,81,1,80,175,0,175,235,2,233,101,0,101,81,0,81
S01012127,819,15,804,74,4,70,150,0,150,216,4,212,188,4,184,128,1,127,63,2,61
S01012128,474,5,469,53,1,52,72,2,70,165,2,163,106,0,106,50,0,50,28,0,28
S01012129,647,6,641,40,0,40,90,1,89,116,3,113,166,0,166,143,1,142,92,1,91
S01012130,1042,17,1025,60,0,60,83,2,81,137,3,134,215,3,212,206,5,201,341,4,337
S01012131,1080,21,1059,83,0,83,223,4,219,228,10,218,250,3,247,166,2,164,130,2,128
S01012132,667,9,658,75,1,74,131,1,130,150,3,147,139,1,138,97,2,95,75,1,74
S01012133,864,15,849,76,1,75,227,4,223,209,4,205,167,4,163,134,2,132,51,0,51
S01012134,1148,18,1130,88,0,88,146,4,142,153,0,153,231,5,226,212,3,209,318,6,312
S01012135,839,7,832,95,0,95,123,0,123,141,2,139,204,4,200,173,1,172,103,0,103
S01012136,806,12,794,91,0,91,156,1,155,182,5,177,207,3,204,126,0,126,44,3,41
S01012137,648,16,632,40,0,40,75,0,75,111,3,108,143,8,135,122,1,121,157,4,153
S01012138,888,12,876,103,2,101,101,0,101,125,2,123,187,2,185,193,1,192,179,5,174
S01012139,899,6,893,116,0,116,72,0,72,98,0,98,183,0,183,212,3,209,218,3,215
S01012140,501,4,497,60,0,60,50,0,50,39,0,39,113,3,110,141,0,141,98,1,97
S01012141,994,29,965,165,6,159,95,2,93,74,0,74,224,8,216,246,6,240,190,7,183
S01012142,928,24,904,128,3,125,77,2,75,53,0,53,193,2,191,242,6,236,235,11,224
S01012143,861,9,852,95,0,95,99,0,99,45,0,45,142,1,141,247,5,242,233,3,230
S01012144,1017,14,1003,143,2,141,95,2,93,72,1,71,230,4,226,236,2,234,241,3,238
S01012145,991,18,973,155,1,154,108,0,108,53,1,52,228,4,224,237,4,233,210,8,202
S01012146,938,16,922,119,0,119,111,0,111,147,4,143,200,6,194,159,3,156,202,3,199
S01012147,708,5,703,86,0,86,96,0,96,120,3,117,149,1,148,129,1,128,128,0,128
S01012148,710,2,708,136,0,136,87,0,87,101,0,101,163,2,161,121,0,121,102,0,102
S01012149,823,8,815,130,0,130,115,1,114,102,1,101,186,1,185,144,2,142,146,3,143
S01012150,750,4,746,127,0,127,93,1,92,78,2,76,156,1,155,132,0,132,164,0,164
S01012151,733,2,731,107,0,107,88,0,88,67,0,67,168,2,166,117,0,117,186,0,186
S01012152,713,7,706,112,0,112,104,0,104,103,4,99,174,0,174,127,1,126,93,2,91
S01012153,516,6,510,69,0,69,78,2,76,114,2,112,123,0,123,93,1,92,39,1,38
S01012154,749,7,742,61,0,61,105,1,104,164,6,158,189,0,189,122,0,122,108,0,108
S01012155,532,7,525,35,0,35,69,0,69,94,0,94,145,3,142,110,3,107,79,1,78
S01012156,586,9,577,57,1,56,60,0,60,75,0,75,141,4,137,132,0,132,121,4,117
S01012157,945,4,941,143,1,142,115,1,114,182,1,181,218,0,218,144,1,143,143,0,143
S01012158,1089,15,1074,212,0,212,136,7,129,210,4,206,283,1,282,157,1,156,91,2,89
S01012159,498,13,485,44,0,44,46,0,46,42,3,39,106,1,105,136,4,132,124,5,119
S01012160,650,7,643,81,0,81,56,0,56,52,2,50,143,1,142,186,1,185,132,3,129
S01012161,434,6,428,91,0,91,62,2,60,79,1,78,75,0,75,75,2,73,52,1,51
S01012162,910,2,908,179,0,179,97,0,97,174,0,174,239,2,237,109,0,109,112,0,112
S01012163,720,10,710,134,1,133,74,0,74,158,2,156,174,3,171,112,3,109,68,1,67
S01012164,1015,16,999,211,1,210,95,1,94,201,4,197,354,8,346,123,0,123,31,2,29
S01012165,874,2,872,162,0,162,124,0,124,122,0,122,207,2,205,160,0,160,99,0,99
S01012166,581,4,577,91,0,91,93,0,93,95,0,95,122,3,119,125,1,124,55,0,55
S01012167,772,8,764,82,1,81,92,1,91,105,0,105,178,2,176,159,4,155,156,0,156
S01012168,825,11,814,111,2,109,75,0,75,70,3,67,160,2,158,217,0,217,192,4,188
S01012169,830,9,821,105,0,105,68,1,67,112,0,112,158,2,156,202,3,199,185,3,182
S01012170,951,7,944,102,0,102,58,0,58,116,3,113,186,1,185,206,1,205,283,2,281
S01012171,967,3,964,135,0,135,104,0,104,125,2,123,206,0,206,197,0,197,200,1,199
S01012172,714,5,709,103,0,103,89,1,88,98,0,98,131,0,131,127,2,125,166,2,164
S01012173,701,8,693,68,0,68,66,0,66,40,1,39,116,1,115,156,2,154,255,4,251
S01012174,873,5,868,208,0,208,106,0,106,78,3,75,281,2,279,170,0,170,30,0,30
S01012175,784,7,777,98,0,98,80,1,79,124,0,124,160,0,160,220,6,214,102,0,102
S01012176,818,6,812,91,1,90,104,0,104,121,0,121,156,1,155,253,2,251,93,2,91
S01012177,604,6,598,81,0,81,76,0,76,59,1,58,112,1,111,178,2,176,98,2,96
S01012178,509,5,504,58,0,58,54,0,54,40,0,40,98,3,95,182,2,180,77,0,77
S01012179,588,6,582,68,0,68,61,0,61,58,1,57,105,1,104,131,2,129,165,2,163
S01012180,551,6,545,71,0,71,46,0,46,58,0,58,103,2,101,107,2,105,166,2,164
S01012181,741,6,735,93,0,93,69,0,69,89,2,87,156,2,154,151,1,150,183,1,182
S01012182,998,19,979,145,2,143,144,2,142,204,5,199,271,6,265,171,4,167,63,0,63
S01012183,691,9,682,75,0,75,93,1,92,166,2,164,140,1,139,123,3,120,94,2,92
S01012184,482,2,480,35,0,35,76,0,76,171,1,170,103,1,102,65,0,65,32,0,32
S01012185,684,13,671,58,0,58,60,0,60,168,2,166,206,2,204,141,7,134,51,2,49
S01012186,688,8,680,95,0,95,52,1,51,86,0,86,121,0,121,165,4,161,169,3,166
S01012187,653,2,651,69,0,69,78,0,78,84,0,84,125,1,124,162,0,162,135,1,134
S01012188,558,7,551,52,0,52,45,0,45,49,0,49,98,1,97,145,5,140,169,1,168
S01012189,557,3,554,88,0,88,46,0,46,65,0,65,148,1,147,129,2,127,81,0,81
S01012190,519,3,516,117,0,117,40,0,40,82,0,82,155,1,154,86,2,84,39,0,39
S01012191,851,2,849,133,0,133,125,0,125,57,0,57,195,1,194,236,1,235,105,0,105
S01012192,496,7,489,70,0,70,70,1,69,44,1,43,118,1,117,105,3,102,89,1,88
S01012193,548,6,542,121,0,121,78,0,78,56,0,56,154,3,151,120,1,119,19,2,17
S01012194,549,6,543,122,0,122,96,1,95,45,0,45,152,4,148,107,0,107,27,1,26
S01012195,1080,6,1074,181,0,181,136,0,136,100,1,99,296,2,294,218,0,218,149,3,146
S01012196,554,3,551,116,0,116,70,0,70,68,0,68,152,1,151,118,0,118,30,2,28
S01012197,703,9,694,124,0,124,68,1,67,80,1,79,148,3,145,155,2,153,128,2,126
S01012198,905,11,894,135,2,133,78,0,78,94,1,93,220,2,218,197,1,196,181,5,176
S01012199,714,4,710,112,0,112,87,0,87,72,0,72,161,1,160,155,1,154,127,2,125
S01012200,623,1,622,107,0,107,66,0,66,67,0,67,145,0,145,133,1,132,105,0,105
S01012201,748,5,743,138,0,138,79,0,79,77,1,76,170,1,169,159,0,159,125,3,122
S01012202,571,6,565,98,0,98,66,0,66,66,1,65,132,1,131,104,1,103,105,3,102
S01012203,759,4,755,83,0,83,88,0,88,51,0,51,128,0,128,252,2,250,157,2,155
S01012204,774,5,769,112,0,112,138,0,138,62,1,61,174,1,173,239,3,236,49,0,49
S01012205,663,5,658,91,0,91,76,0,76,81,0,81,137,0,137,205,4,201,73,1,72
S01012206,818,13,805,136,0,136,112,3,109,88,1,87,224,3,221,165,4,161,93,2,91
S01012207,881,7,874,157,0,157,94,1,93,89,0,89,208,3,205,148,1,147,185,2,183
S01012208,1017,9,1008,187,0,187,93,1,92,134,1,133,212,0,212,195,4,191,196,3,193
S01012209,711,12,699,123,2,121,81,0,81,73,1,72,167,4,163,142,2,140,125,3,122
S01012210,750,15,735,103,2,101,84,0,84,95,0,95,155,3,152,92,1,91,221,9,212
S01012211,885,21,864,146,4,142,86,1,85,94,0,94,217,6,211,188,7,181,154,3,151
S01012212,749,11,738,84,0,84,81,1,80,61,0,61,145,1,144,224,6,218,154,3,151
S01012213,790,6,784,83,0,83,91,0,91,59,0,59,155,1,154,266,1,265,136,4,132
S01012214,664,8,656,97,0,97,59,0,59,41,0,41,129,0,129,187,5,182,151,3,148
S01012215,820,9,811,98,0,98,108,1,107,93,0,93,157,4,153,237,3,234,127,1,126
S01012216,692,12,680,106,1,105,86,3,83,44,0,44,164,2,162,189,5,184,103,1,102
S01012217,535,4,531,95,1,94,62,0,62,106,1,105,128,1,127,79,0,79,65,1,64
S01012218,468,3,465,114,0,114,61,1,60,79,0,79,99,1,98,62,0,62,53,1,52
S01012219,821,7,814,100,0,100,95,0,95,98,1,97,142,3,139,157,2,155,229,1,228
S01012220,607,6,601,63,0,63,73,2,71,72,1,71,116,1,115,130,0,130,153,2,151
S01012221,607,9,598,61,1,60,63,4,59,78,0,78,107,2,105,110,2,108,188,0,188
S01012222,769,3,766,84,0,84,82,0,82,72,1,71,154,1,153,180,0,180,197,1,196
S01012223,696,1,695,112,0,112,88,0,88,76,0,76,138,0,138,102,0,102,180,1,179
S01012224,739,5,734,150,0,150,92,0,92,95,0,95,186,3,183,110,1,109,106,1,105
S01012225,1019,10,1009,202,0,202,146,2,144,111,0,111,262,2,260,136,4,132,162,2,160
S01012226,716,1,715,136,0,136,84,0,84,65,0,65,168,1,167,142,0,142,121,0,121
S01012227,652,2,650,125,0,125,85,0,85,67,0,67,168,0,168,102,1,101,105,1,104
S01012228,671,3,668,129,0,129,78,0,78,77,1,76,164,0,164,133,0,133,90,2,88
S01012229,667,6,661,87,0,87,62,0,62,89,0,89,152,5,147,192,0,192,85,1,84
S01012230,884,4,880,149,0,149,89,0,89,81,0,81,237,1,236,204,1,203,124,2,122
S01012231,812,9,803,167,0,167,104,0,104,57,0,57,187,0,187,215,5,210,82,4,78
S01012232,845,6,839,171,0,171,102,1,101,49,0,49,226,2,224,195,2,193,102,1,101
S01012233,931,11,920,178,0,178,96,1,95,69,1,68,217,4,213,228,5,223,143,0,143
S01012234,1041,12,1029,198,0,198,130,0,130,90,0,90,273,2,271,244,6,238,106,4,102
S01012235,455,5,450,48,0,48,43,0,43,21,0,21,68,0,68,144,4,140,131,1,130
S01012236,593,9,584,93,1,92,59,0,59,43,1,42,152,2,150,127,2,125,119,3,116
S01012237,779,9,770,144,2,142,78,0,78,46,0,46,184,3,181,172,3,169,155,1,154
S01012238,579,6,573,70,0,70,61,0,61,84,0,84,141,2,139,106,1,105,117,3,114
S01012239,568,4,564,83,0,83,66,1,65,59,1,58,142,0,142,126,1,125,92,1,91
S01012240,824,10,814,123,2,121,84,0,84,70,1,69,176,5,171,175,1,174,196,1,195
S01012241,550,10,540,106,0,106,27,0,27,36,1,35,136,2,134,153,6,147,92,1,91
S01012242,781,11,770,142,0,142,85,0,85,30,2,28,178,2,176,205,1,204,141,6,135
S01012243,622,7,615,137,0,137,53,0,53,50,0,50,146,4,142,129,2,127,107,1,106
S01012244,927,7,920,178,1,177,70,0,70,67,0,67,267,3,264,218,2,216,127,1,126
S01012245,710,8,702,123,0,123,40,1,39,38,0,38,155,4,151,181,1,180,173,2,171
S01012246,787,2,785,206,0,206,50,0,50,39,0,39,221,1,220,176,0,176,95,1,94
S01012247,723,4,719,110,0,110,51,0,51,44,0,44,191,2,189,181,1,180,146,1,145
S01012248,802,2,800,146,0,146,70,0,70,56,0,56,229,2,227,183,0,183,118,0,118
S01012249,827,3,824,133,0,133,66,0,66,53,0,53,232,1,231,200,2,198,143,0,143
S01012250,664,3,661,101,0,101,38,0,38,51,0,51,169,2,167,176,1,175,129,0,129
S01012251,931,7,924,151,0,151,96,1,95,88,2,86,220,0,220,193,3,190,183,1,182
S01012252,683,4,679,117,0,117,73,1,72,73,0,73,169,0,169,138,2,136,113,1,112
S01012253,865,7,858,76,0,76,83,0,83,89,0,89,174,5,169,231,2,229,212,0,212
S01012254,831,8,823,131,0,131,71,0,71,96,0,96,192,3,189,174,4,170,167,1,166
S01012255,889,4,885,74,0,74,81,0,81,74,0,74,196,0,196,165,2,163,299,2,297
S01012256,824,6,818,153,0,153,79,0,79,73,0,73,210,3,207,187,3,184,122,0,122
S01012257,904,8,896,140,0,140,81,0,81,75,0,75,199,0,199,210,4,206,199,4,195
S01012258,743,4,739,158,2,156,46,0,46,28,0,28,193,2,191,166,0,166,152,0,152
S01012259,596,7,589,78,0,78,43,0,43,22,0,22,92,2,90,161,4,157,200,1,199
S01012260,859,10,849,146,1,145,72,0,72,47,1,46,212,1,211,163,3,160,219,4,215
S01012261,849,11,838,217,0,217,58,0,58,53,0,53,271,5,266,143,2,141,107,4,103
S01012262,772,7,765,119,0,119,53,0,53,46,0,46,190,3,187,235,2,233,129,2,127
S01012263,678,12,666,82,0,82,73,0,73,75,1,74,164,3,161,156,3,153,128,5,123
S01012264,457,4,453,72,0,72,32,0,32,43,1,42,106,2,104,103,1,102,101,0,101
S01012265,758,7,751,120,2,118,78,1,77,77,0,77,178,2,176,159,1,158,146,1,145
S01012266,1018,7,1011,114,0,114,78,1,77,106,0,106,238,0,238,205,2,203,277,4,273
S01012267,694,7,687,98,0,98,42,0,42,47,0,47,172,3,169,176,2,174,159,2,157
S01012268,613,6,607,109,0,109,49,0,49,52,0,52,147,1,146,166,4,162,90,1,89
S01012269,977,6,971,147,0,147,80,2,78,74,1,73,209,3,206,228,0,228,239,0,239
S01012270,755,6,749,129,0,129,84,0,84,73,0,73,194,4,190,131,2,129,144,0,144
S01012271,987,9,978,170,1,169,70,0,70,89,1,88,274,3,271,252,3,249,132,1,131
S01012272,698,6,692,129,0,129,61,1,60,55,1,54,180,1,179,161,1,160,112,2,110
S01012273,680,6,674,88,0,88,65,0,65,40,1,39,160,0,160,176,4,172,151,1,150
S01012274,883,7,876,120,0,120,86,0,86,98,2,96,218,3,215,247,2,245,114,0,114
S01012275,781,9,772,57,0,57,207,3,204,146,2,144,143,0,143,134,3,131,94,1,93
S01012276,920,9,911,113,1,112,99,0,99,133,5,128,187,0,187,215,2,213,173,1,172
S01012277,994,7,987,152,0,152,109,0,109,171,1,170,250,4,246,176,0,176,136,2,134
S01012278,701,4,697,52,0,52,137,4,133,72,0,72,141,0,141,120,0,120,179,0,179
S01012279,740,8,732,101,0,101,121,1,120,125,2,123,168,2,166,140,2,138,85,1,84
S01012280,908,4,904,144,0,144,117,0,117,99,1,98,207,2,205,213,1,212,128,0,128
S01012281,687,7,680,70,0,70,87,1,86,120,1,119,151,1,150,116,1,115,143,3,140
S01012282,1093,11,1082,115,0,115,235,6,229,80,1,79,177,3,174,211,0,211,275,1,274
S01012283,842,11,831,129,0,129,103,1,102,67,7,60,185,0,185,209,2,207,149,1,148
S01012284,748,4,744,79,0,79,114,2,112,90,0,90,154,0,154,134,2,132,177,0,177
S01012285,528,3,525,41,1,40,39,1,38,24,0,24,88,0,88,192,1,191,144,0,144
S01012286,1016,6,1010,137,0,137,155,2,153,119,0,119,213,0,213,226,1,225,166,3,163
S01012287,917,12,905,153,2,151,111,1,110,167,4,163,202,2,200,144,1,143,140,2,138
S01012288,746,9,737,123,0,123,95,0,95,104,3,101,161,3,158,134,2,132,129,1,128
S01012289,843,5,838,103,0,103,48,0,48,54,1,53,136,1,135,243,3,240,259,0,259
S01012290,571,4,567,96,0,96,34,0,34,53,0,53,129,1,128,109,1,108,150,2,148
S01012291,929,1,928,195,0,195,76,0,76,81,0,81,273,1,272,179,0,179,125,0,125
S01012292,739,8,731,114,0,114,37,0,37,42,0,42,140,2,138,141,4,137,265,2,263
S01012293,458,3,455,78,0,78,30,0,30,52,0,52,90,0,90,119,1,118,89,2,87
S01012294,841,2,839,137,0,137,88,0,88,73,0,73,223,0,223,210,2,208,110,0,110
S01012295,708,4,704,139,0,139,76,1,75,108,2,106,228,1,227,93,0,93,64,0,64
S01012296,837,7,830,206,0,206,51,0,51,73,0,73,282,4,278,158,3,155,67,0,67
S01012297,575,1,574,99,0,99,27,0,27,44,0,44,146,0,146,156,1,155,103,0,103
S01012298,779,1,778,100,0,100,56,0,56,64,0,64,180,0,180,204,0,204,175,1,174
S01012299,610,10,600,104,0,104,47,1,46,48,4,44,159,3,156,161,0,161,91,2,89
S01012300,640,3,637,102,0,102,61,0,61,39,0,39,163,2,161,141,0,141,134,1,133
S01012301,932,4,928,144,0,144,78,0,78,71,0,71,200,3,197,265,1,264,174,0,174
S01012302,577,2,575,94,0,94,45,0,45,67,0,67,146,1,145,142,0,142,83,1,82
S01012303,873,5,868,153,0,153,57,0,57,78,0,78,210,2,208,212,0,212,163,3,160
S01012304,961,9,952,172,0,172,69,1,68,68,0,68,218,3,215,229,3,226,205,2,203
S01012305,680,4,676,88,0,88,70,0,70,46,0,46,129,0,129,170,2,168,177,2,175
S01012306,579,4,575,93,0,93,39,0,39,60,1,59,99,0,99,118,2,116,170,1,169
S01012307,609,3,606,76,0,76,53,0,53,57,1,56,144,2,142,136,0,136,143,0,143
S01012308,815,3,812,138,0,138,87,1,86,73,0,73,211,0,211,169,1,168,137,1,136
S01012309,524,3,521,59,0,59,50,0,50,47,0,47,93,0,93,137,0,137,138,3,135
S01012310,874,3,871,96,0,96,57,0,57,51,0,51,201,1,200,239,1,238,230,1,229
S01012311,556,3,553,62,0,62,52,0,52,21,0,21,117,0,117,141,1,140,163,2,161
S01012312,981,8,973,111,1,110,108,0,108,80,1,79,182,0,182,295,3,292,205,3,202
S01012313,742,7,735,99,0,99,63,0,63,65,1,64,170,3,167,200,1,199,145,2,143
S01012314,818,5,813,145,0,145,89,1,88,88,0,88,165,1,164,160,2,158,171,1,170
S01012315,719,4,715,56,0,56,64,1,63,65,0,65,115,0,115,185,0,185,234,3,231
S01012316,587,3,584,70,0,70,55,0,55,70,0,70,104,2,102,140,0,140,148,1,147
S01012317,537,1,536,131,0,131,44,0,44,47,0,47,142,0,142,88,1,87,85,0,85
S01012318,760,9,751,114,0,114,102,0,102,94,0,94,168,3,165,179,4,175,103,2,101
S01012319,751,2,749,109,1,108,67,0,67,85,0,85,166,1,165,184,0,184,140,0,140
S01012320,659,5,654,105,0,105,83,0,83,65,1,64,155,3,152,123,0,123,128,1,127
S01012321,739,4,735,116,0,116,81,1,80,77,1,76,140,0,140,160,1,159,165,1,164
S01012322,970,3,967,137,0,137,70,0,70,65,1,64,212,0,212,254,1,253,232,1,231
S01012323,856,4,852,93,0,93,59,0,59,56,0,56,168,1,167,254,1,253,226,2,224
S01012324,793,5,788,101,1,100,55,0,55,44,0,44,170,3,167,226,1,225,197,0,197
S01012325,580,3,577,47,0,47,34,0,34,28,0,28,97,1,96,130,1,129,244,1,243
S01012326,538,4,534,49,0,49,49,0,49,54,1,53,90,0,90,138,0,138,158,3,155
S01012327,779,11,768,120,0,120,74,3,71,67,1,66,150,3,147,169,2,167,199,2,197
S01012328,535,4,531,46,0,46,32,0,32,33,0,33,76,1,75,144,1,143,204,2,202
S01012329,805,6,799,111,0,111,53,0,53,66,0,66,172,1,171,198,2,196,205,3,202
S01012330,568,5,563,60,0,60,44,0,44,41,0,41,108,1,107,151,1,150,164,3,161
S01012331,611,5,606,119,0,119,35,0,35,58,0,58,180,0,180,129,4,125,90,1,89
S01012332,967,9,958,137,0,137,84,0,84,57,0,57,216,1,215,263,2,261,210,6,204
S01012333,970,4,966,153,0,153,51,0,51,69,2,67,212,0,212,258,1,257,227,1,226
S01012334,827,10,817,116,4,112,70,0,70,70,3,67,151,1,150,171,1,170,249,1,248
S01012335,965,6,959,166,0,166,98,0,98,91,0,91,241,1,240,223,2,221,146,3,143
S01012336,590,1,589,78,0,78,40,0,40,51,0,51,116,1,115,125,0,125,180,0,180
S01012337,834,10,824,86,0,86,85,1,84,90,2,88,136,1,135,192,3,189,245,3,242
S01012338,706,8,698,75,0,75,62,0,62,76,1,75,124,0,124,140,3,137,229,4,225
S01012339,567,4,563,42,0,42,80,0,80,92,0,92,82,0,82,97,1,96,174,3,171
S01012340,997,7,990,167,0,167,79,1,78,91,1,90,191,0,191,234,2,232,235,3,232
S01012341,923,4,919,127,0,127,80,0,80,64,0,64,232,0,232,260,1,259,160,3,157
S01012342,908,8,900,122,2,120,74,0,74,59,0,59,185,3,182,229,1,228,239,2,237
S01012343,958,7,951,137,1,136,58,0,58,66,1,65,232,1,231,272,3,269,193,1,192
S01012344,554,2,552,71,0,71,53,1,52,59,1,58,134,0,134,145,0,145,92,0,92
S01012345,684,3,681,98,0,98,56,0,56,52,0,52,166,0,166,162,1,161,150,2,148
S01012346,807,13,794,99,0,99,61,1,60,63,2,61,188,3,185,188,5,183,208,2,206
S01012347,746,5,741,107,1,106,46,0,46,64,1,63,170,1,169,174,1,173,185,1,184
S01012348,693,5,688,106,0,106,43,0,43,52,0,52,152,0,152,150,5,145,190,0,190
S01012349,867,2,865,121,0,121,94,0,94,92,0,92,179,0,179,187,2,185,194,0,194
S01012350,745,8,737,120,0,120,77,2,75,66,2,64,144,1,143,154,2,152,184,1,183
S01012351,818,2,816,144,0,144,88,0,88,93,1,92,203,1,202,146,0,146,144,0,144
S01012352,738,3,735,108,1,107,57,1,56,68,1,67,168,0,168,156,0,156,181,0,181
S01012353,729,11,718,59,0,59,102,1,101,89,2,87,142,2,140,153,4,149,184,2,182
S01012354,758,5,753,90,0,90,55,1,54,54,0,54,159,0,159,164,2,162,236,2,234
S01012355,869,2,867,101,0,101,85,0,85,58,0,58,163,0,163,305,1,304,157,1,156
S01012356,638,6,632,83,0,83,38,1,37,39,0,39,141,0,141,159,4,155,178,1,177
S01012357,829,8,821,89,0,89,65,0,65,34,1,33,149,2,147,293,3,290,199,2,197
S01012358,761,3,758,81,0,81,63,0,63,59,0,59,160,1,159,220,1,219,178,1,177
S01012359,766,3,763,147,0,147,65,0,65,76,1,75,165,0,165,180,1,179,133,1,132
S01012360,767,2,765,177,0,177,108,2,106,100,0,100,168,0,168,127,0,127,87,0,87
S01012361,619,4,615,132,2,130,73,1,72,67,1,66,132,0,132,127,0,127,88,0,88
S01012362,774,6,768,195,1,194,113,2,111,120,1,119,181,2,179,97,0,97,68,0,68
S01012363,938,6,932,93,0,93,106,2,104,115,1,114,207,1,206,193,2,191,224,0,224
S01012364,646,3,643,51,0,51,71,0,71,79,0,79,133,1,132,151,0,151,161,2,159
S01012365,893,2,891,101,0,101,70,0,70,85,0,85,210,0,210,214,1,213,213,1,212
S01012366,843,5,838,60,0,60,83,1,82,110,1,109,164,0,164,187,0,187,239,3,236
S01012367,897,3,894,110,0,110,84,0,84,63,1,62,189,1,188,223,1,222,228,0,228
S01012368,600,0,600,69,0,69,32,0,32,39,0,39,116,0,116,164,0,164,180,0,180
S01012369,851,4,847,125,0,125,84,0,84,61,1,60,191,0,191,196,1,195,194,2,192
S01012370,925,3,922,107,1,106,73,0,73,95,0,95,204,0,204,205,1,204,241,1,240
S01012371,918,11,907,105,0,105,93,1,92,116,2,114,187,2,185,159,3,156,258,3,255
S01012372,716,3,713,59,0,59,87,0,87,77,1,76,160,1,159,130,1,129,203,0,203
S01012373,969,7,962,121,0,121,103,2,101,90,0,90,213,3,210,229,2,227,213,0,213
S01012374,898,7,891,156,2,154,72,0,72,88,2,86,208,1,207,211,2,209,163,0,163
S01012375,889,4,885,134,0,134,104,2,102,107,0,107,201,0,201,169,0,169,174,2,172
S01012376,942,3,939,152,0,152,79,0,79,44,1,43,226,0,226,266,0,266,175,2,173
S01012377,690,5,685,82,0,82,46,0,46,55,0,55,132,2,130,203,2,201,172,1,171
S01012378,556,8,548,62,0,62,50,0,50,40,0,40,112,3,109,172,4,168,120,1,119
S01012379,505,6,499,78,0,78,49,2,47,38,0,38,115,0,115,119,2,117,106,2,104
S01012380,863,6,857,132,0,132,88,0,88,94,0,94,220,2,218,193,1,192,136,3,133
S01012381,821,3,818,108,0,108,70,0,70,69,0,69,165,0,165,154,3,151,255,0,255
S01012382,950,5,945,139,0,139,65,0,65,71,1,70,200,0,200,273,3,270,202,1,201
S01012383,831,1,830,97,0,97,45,0,45,69,0,69,140,0,140,227,1,226,253,0,253
S01012384,491,1,490,58,0,58,51,0,51,58,0,58,100,0,100,113,1,112,111,0,111
S01012385,680,6,674,85,0,85,80,0,80,73,1,72,166,1,165,175,3,172,101,1,100
S01012386,985,9,976,179,0,179,107,1,106,117,1,116,225,2,223,185,1,184,172,4,168
S01012387,901,7,894,146,2,144,72,1,71,95,1,94,203,1,202,213,2,211,172,0,172
S01012388,680,4,676,101,0,101,56,0,56,62,0,62,153,2,151,180,1,179,128,1,127
S01012389,847,11,836,186,2,184,88,0,88,88,1,87,225,3,222,169,5,164,91,0,91
S01012390,743,7,736,123,1,122,91,0,91,63,0,63,191,0,191,173,5,168,102,1,101
S01012391,1058,9,1049,273,1,272,86,0,86,111,1,110,303,5,298,171,1,170,114,1,113
S01012392,753,7,746,147,0,147,96,0,96,95,0,95,162,3,159,153,3,150,100,1,99
S01012393,877,7,870,149,0,149,86,0,86,105,0,105,193,1,192,215,6,209,129,0,129
S01012394,639,1,638,108,0,108,106,0,106,70,1,69,128,0,128,119,0,119,108,0,108
S01012395,605,2,603,91,0,91,66,0,66,83,0,83,124,1,123,104,0,104,137,1,136
S01012396,624,4,620,91,1,90,74,1,73,84,1,83,133,0,133,117,1,116,125,0,125
S01012397,824,14,810,94,1,93,75,1,74,85,0,85,167,6,161,182,5,177,221,1,220
S01012398,853,12,841,85,1,84,123,0,123,134,1,133,186,3,183,163,7,156,162,0,162
S01012399,601,4,597,96,0,96,77,1,76,74,1,73,127,1,126,111,1,110,116,0,116
S01012400,572,6,566,85,0,85,104,3,101,78,2,76,145,0,145,78,1,77,82,0,82
S01012401,744,12,732,82,0,82,113,0,113,112,1,111,162,6,156,162,5,157,113,0,113
S01012402,441,2,439,89,0,89,31,0,31,63,1,62,114,1,113,104,0,104,40,0,40
S01012403,982,5,977,122,0,122,107,0,107,137,0,137,221,3,218,254,1,253,141,1,140
S01012404,953,18,935,127,2,125,98,2,96,154,2,152,186,7,179,224,3,221,164,2,162
S01012405,684,5,679,130,0,130,66,1,65,71,0,71,213,4,209,120,0,120,84,0,84
S01012406,598,5,593,98,0,98,58,0,58,81,2,79,123,0,123,140,3,137,98,0,98
S01012407,779,5,774,140,0,140,84,2,82,95,0,95,196,0,196,145,3,142,119,0,119
S01012408,624,4,620,122,2,120,78,0,78,44,0,44,152,2,150,125,0,125,103,0,103
S01012409,676,2,674,113,0,113,59,0,59,81,0,81,136,1,135,152,0,152,135,1,134
S01012410,1022,12,1010,179,5,174,139,0,139,129,0,129,230,2,228,216,4,212,129,1,128
S01012411,919,10,909,156,1,155,122,1,121,121,1,120,218,4,214,197,3,194,105,0,105
S01012412,621,0,621,81,0,81,67,0,67,80,0,80,115,0,115,168,0,168,110,0,110
S01012413,939,5,934,145,0,145,53,0,53,92,1,91,194,1,193,224,2,222,231,1,230
S01012414,675,3,672,86,1,85,48,0,48,47,0,47,134,1,133,188,1,187,172,0,172
S01012415,553,0,553,102,0,102,62,0,62,65,0,65,109,0,109,99,0,99,116,0,116
S01012416,539,4,535,83,1,82,55,2,53,57,0,57,101,0,101,113,1,112,130,0,130
S01012417,621,4,617,77,0,77,41,0,41,59,0,59,99,2,97,162,0,162,183,2,181
S01012418,774,3,771,94,0,94,69,1,68,57,0,57,155,1,154,211,0,211,188,1,187
S01012419,789,4,785,111,0,111,58,0,58,60,0,60,164,0,164,171,1,170,225,3,222
S01012420,823,9,814,129,0,129,102,0,102,71,0,71,176,1,175,185,5,180,160,3,157
S01012421,715,4,711,86,0,86,85,0,85,56,0,56,159,0,159,157,2,155,172,2,170
S01012422,842,7,835,117,0,117,65,0,65,66,1,65,175,1,174,232,4,228,187,1,186
S01012423,806,2,804,110,0,110,80,0,80,60,0,60,173,0,173,216,2,214,167,0,167
S01012424,918,5,913,166,1,165,83,0,83,120,0,120,186,2,184,201,1,200,162,1,161
S01012425,599,6,593,102,2,100,56,1,55,66,0,66,114,1,113,120,2,118,141,0,141
S01012426,474,5,469,91,0,91,60,1,59,57,0,57,101,2,99,81,0,81,84,2,82
S01012427,645,3,642,122,0,122,82,0,82,78,0,78,135,1,134,116,0,116,112,2,110
S01012428,638,5,633,99,0,99,58,0,58,59,0,59,137,1,136,148,1,147,137,3,134
S01012429,546,5,541,80,0,80,45,0,45,40,0,40,98,1,97,138,2,136,145,2,143
S01012430,540,7,533,65,0,65,47,0,47,45,0,45,131,2,129,114,2,112,138,3,135
S01012431,903,12,891,113,0,113,88,0,88,52,2,50,154,1,153,217,6,211,279,3,276
S01012432,699,2,697,77,0,77,71,0,71,41,0,41,130,0,130,162,1,161,218,1,217
S01012433,492,0,492,52,0,52,45,0,45,46,0,46,108,0,108,112,0,112,129,0,129
S01012434,690,3,687,112,0,112,78,0,78,94,0,94,147,1,146,125,2,123,134,0,134
S01012435,616,6,610,89,0,89,86,1,85,85,3,82,136,1,135,124,0,124,96,1,95
S01012436,715,2,713,120,0,120,90,1,89,84,0,84,169,0,169,131,1,130,121,0,121
S01012437,710,2,708,94,0,94,79,0,79,69,0,69,146,0,146,177,1,176,145,1,144
S01012438,672,2,670,138,0,138,78,1,77,91,0,91,152,0,152,136,1,135,77,0,77
S01012439,762,2,760,117,0,117,79,0,79,104,1,103,135,0,135,161,0,161,166,1,165
S01012440,514,5,509,70,0,70,47,0,47,41,1,40,96,0,96,162,1,161,98,3,95
S01012441,871,9,862,107,0,107,79,0,79,59,0,59,163,1,162,301,5,296,162,3,159
S01012442,967,15,952,159,1,158,85,0,85,104,1,103,239,7,232,213,4,209,167,2,165
S01012443,713,6,707,97,0,97,68,0,68,76,1,75,191,0,191,160,3,157,121,2,119
S01012444,802,5,797,90,0,90,75,0,75,63,1,62,163,1,162,215,1,214,196,2,194
S01012445,521,1,520,118,0,118,57,0,57,50,1,49,146,0,146,92,0,92,58,0,58
S01012446,488,5,483,58,1,57,57,1,56,65,1,64,95,1,94,103,0,103,110,1,109
S01012447,839,5,834,114,0,114,88,0,88,84,1,83,194,1,193,187,3,184,172,0,172
S01012448,897,5,892,185,2,183,69,0,69,88,0,88,242,1,241,179,2,177,134,0,134
S01012449,551,3,548,69,0,69,68,0,68,84,1,83,134,2,132,106,0,106,90,0,90
S01012450,830,2,828,130,0,130,84,0,84,60,0,60,204,0,204,206,2,204,146,0,146
S01012451,905,4,901,118,0,118,51,0,51,27,0,27,156,0,156,206,1,205,347,3,344
S01012452,577,3,574,72,0,72,42,0,42,47,0,47,100,0,100,128,1,127,188,2,186
S01012453,840,4,836,141,0,141,53,1,52,48,0,48,164,1,163,228,1,227,206,1,205
S01012454,656,5,651,78,0,78,54,1,53,21,1,20,117,0,117,159,1,158,227,2,225
S01012455,596,4,592,98,0,98,39,0,39,28,0,28,122,1,121,155,3,152,154,0,154
S01012456,767,0,767,118,0,118,59,0,59,36,0,36,127,0,127,203,0,203,224,0,224
S01012457,832,7,825,75,0,75,49,0,49,33,0,33,118,1,117,272,1,271,285,5,280
S01012458,790,7,783,121,0,121,73,0,73,34,0,34,157,1,156,192,1,191,213,5,208
S01012459,708,4,704,124,1,123,75,0,75,72,0,72,179,0,179,151,1,150,107,2,105
S01012460,536,6,530,63,1,62,41,0,41,35,1,34,93,0,93,142,1,141,162,3,159
S01012461,533,3,530,83,1,82,53,0,53,69,0,69,108,0,108,101,0,101,119,2,117
S01012462,732,8,724,79,2,77,97,1,96,74,0,74,169,3,166,142,2,140,171,0,171
S01012463,555,5,550,75,0,75,76,0,76,69,2,67,131,1,130,115,1,114,89,1,88
S01012464,602,2,600,111,0,111,76,0,76,83,0,83,134,1,133,150,1,149,48,0,48
S01012465,677,0,677,111,0,111,76,0,76,99,0,99,139,0,139,161,0,161,91,0,91
S01012466,759,6,753,86,0,86,97,0,97,68,0,68,131,1,130,186,1,185,191,4,187
S01012467,682,2,680,120,0,120,69,0,69,81,0,81,154,1,153,123,1,122,135,0,135
S01012468,737,4,733,119,0,119,79,1,78,73,1,72,159,0,159,158,2,156,149,0,149
S01012469,779,12,767,103,0,103,53,1,52,37,2,35,141,1,140,226,6,220,219,2,217
S01012470,935,3,932,108,0,108,87,0,87,95,1,94,179,0,179,218,0,218,248,2,246
S01012471,820,8,812,88,0,88,70,0,70,30,0,30,146,0,146,221,6,215,265,2,263
S01012472,707,10,697,93,3,90,48,2,46,41,0,41,110,1,109,170,1,169,245,3,242
S01012473,548,2,546,78,0,78,54,1,53,32,0,32,109,0,109,157,0,157,118,1,117
S01012474,704,6,698,75,0,75,68,0,68,45,0,45,134,1,133,183,1,182,199,4,195
S01012475,617,3,614,59,0,59,59,0,59,42,0,42,112,1,111,152,2,150,193,0,193
S01012476,915,6,909,145,0,145,97,0,97,120,1,119,179,1,178,177,2,175,197,2,195
S01012477,661,5,656,90,0,90,65,0,65,56,0,56,130,1,129,195,1,194,125,3,122
S01012478,823,1,822,133,0,133,90,0,90,95,1,94,173,0,173,172,0,172,160,0,160
S01012479,670,4,666,116,0,116,75,1,74,65,0,65,171,1,170,160,1,159,83,1,82
S01012480,505,7,498,25,1,24,72,1,71,99,0,99,99,1,98,127,2,125,83,2,81
S01012481,787,11,776,73,0,73,118,4,114,150,3,147,168,1,167,163,0,163,115,3,112
S01012482,801,6,795,60,0,60,85,3,82,100,1,99,119,1,118,151,1,150,286,0,286
S01012483,863,18,845,52,0,52,136,7,129,121,4,117,159,1,158,196,4,192,199,2,197
S01012484,802,3,799,128,0,128,57,0,57,61,0,61,177,0,177,181,1,180,198,2,196
S01012485,853,7,846,110,0,110,58,0,58,56,1,55,162,1,161,206,1,205,261,4,257
S01012486,647,6,641,60,0,60,33,0,33,18,0,18,89,0,89,112,2,110,335,4,331
S01012487,590,3,587,61,0,61,61,0,61,71,1,70,145,1,144,145,1,144,107,0,107
S01012488,874,10,864,67,0,67,90,2,88,94,0,94,180,1,179,232,3,229,211,4,207
S01012489,1001,9,992,156,0,156,154,1,153,200,0,200,216,5,211,170,2,168,105,1,104
S01012490,939,10,929,79,2,77,139,0,139,187,4,183,195,2,193,165,2,163,174,0,174
S01012491,416,4,412,57,0,57,70,0,70,85,1,84,89,0,89,69,3,66,46,0,46
S01012492,748,8,740,49,0,49,132,2,130,119,0,119,165,0,165,136,5,131,147,1,146
S01012493,647,5,642,41,0,41,46,0,46,37,0,37,85,1,84,188,2,186,250,2,248
S01012494,926,8,918,124,0,124,172,5,167,92,1,91,182,0,182,165,1,164,191,1,190
S01012495,986,12,974,124,0,124,135,4,131,100,3,97,210,1,209,226,1,225,191,3,188
S01012496,744,3,741,105,0,105,101,1,100,76,0,76,158,1,157,157,0,157,147,1,146
S01012497,478,1,477,52,0,52,59,0,59,55,0,55,105,0,105,112,0,112,95,1,94
S01012498,819,2,817,182,2,180,117,0,117,95,0,95,168,0,168,150,0,150,107,0,107
S01012499,736,3,733,147,0,147,84,0,84,106,0,106,154,1,153,115,0,115,130,2,128
S01012500,451,1,450,74,0,74,68,0,68,55,0,55,100,1,99,86,0,86,68,0,68
S01012501,575,5,570,126,0,126,106,0,106,83,0,83,129,4,125,75,1,74,56,0,56
S01012502,782,2,780,180,0,180,132,0,132,111,0,111,178,1,177,114,0,114,67,1,66
S01012503,616,5,611,93,0,93,92,1,91,81,1,80,123,1,122,103,2,101,124,0,124
S01012504,604,2,602,115,1,114,74,0,74,80,1,79,123,0,123,115,0,115,97,0,97
S01012505,981,3,978,112,0,112,139,0,139,121,0,121,195,0,195,214,2,212,200,1,199
S01012506,483,0,483,49,0,49,47,0,47,33,0,33,95,0,95,114,0,114,145,0,145
S01012507,914,5,909,99,0,99,92,0,92,123,1,122,196,0,196,203,2,201,201,2,199
S01012508,743,6,737,90,0,90,65,1,64,95,0,95,187,3,184,156,0,156,150,2,148
S01012509,533,3,530,74,0,74,48,0,48,45,0,45,124,2,122,121,1,120,121,0,121
S01012510,841,3,838,131,0,131,68,0,68,123,0,123,201,2,199,180,0,180,138,1,137
S01012511,611,2,609,59,0,59,66,0,66,75,0,75,135,0,135,165,0,165,111,2,109
S01012512,648,2,646,133,0,133,76,0,76,65,1,64,161,1,160,122,0,122,91,0,91
S01012513,531,3,528,85,0,85,50,0,50,59,0,59,123,1,122,138,2,136,76,0,76
S01012514,940,4,936,202,0,202,83,0,83,135,2,133,340,0,340,130,2,128,50,0,50
S01012515,596,1,595,67,0,67,52,0,52,83,1,82,112,0,112,125,0,125,157,0,157
S01012516,648,7,641,112,1,111,58,1,57,63,0,63,144,2,142,125,0,125,146,3,143
S01012517,816,0,816,122,0,122,106,0,106,119,0,119,184,0,184,151,0,151,134,0,134
S01012518,549,2,547,61,0,61,57,0,57,45,1,44,110,0,110,138,1,137,138,0,138
S01012519,499,7,492,39,0,39,58,0,58,37,0,37,113,4,109,105,1,104,147,2,145
S01012520,808,11,797,93,0,93,71,1,70,59,1,58,148,3,145,194,2,192,243,4,239
S01012521,504,7,497,67,1,66,39,0,39,58,1,57,132,2,130,96,3,93,112,0,112
S01012522,841,3,838,104,0,104,76,0,76,43,0,43,169,1,168,238,1,237,211,1,210
S01012523,841,6,835,91,0,91,91,0,91,86,0,86,162,0,162,205,3,202,206,3,203
S01012524,861,10,851,76,0,76,52,0,52,53,2,51,166,1,165,208,1,207,306,6,300
S01012525,698,4,694,66,0,66,56,0,56,52,1,51,169,1,168,206,0,206,149,2,147
S01012526,761,7,754,96,1,95,65,0,65,53,1,52,155,2,153,184,1,183,208,2,206
S01012527,606,1,605,67,0,67,40,0,40,36,0,36,106,0,106,189,1,188,168,0,168
S01012528,796,6,790,136,0,136,111,2,109,85,2,83,177,1,176,163,1,162,124,0,124
S01012529,713,5,708,92,0,92,83,0,83,66,0,66,150,1,149,164,3,161,158,1,157
S01012530,855,4,851,96,0,96,72,0,72,47,0,47,169,0,169,206,0,206,265,4,261
S01012531,731,7,724,110,0,110,69,0,69,83,3,80,196,3,193,139,1,138,134,0,134
S01012532,767,4,763,107,2,105,70,0,70,74,1,73,182,0,182,177,1,176,157,0,157
S01012533,522,4,518,55,0,55,51,2,49,90,1,89,96,1,95,101,0,101,129,0,129
S01012534,610,1,609,73,0,73,53,0,53,64,0,64,132,0,132,106,0,106,182,1,181
S01012535,784,0,784,99,0,99,99,0,99,98,0,98,181,0,181,161,0,161,146,0,146
S01012536,724,2,722,101,0,101,106,1,105,80,0,80,163,0,163,148,1,147,126,0,126
S01012537,764,6,758,90,0,90,137,3,134,88,2,86,136,0,136,155,1,154,158,0,158
S01012538,1094,11,1083,185,0,185,114,2,112,149,2,147,231,2,229,173,0,173,242,5,237
S01012539,684,1,683,100,0,100,70,0,70,58,0,58,155,0,155,160,1,159,141,0,141
S01012540,689,0,689,121,0,121,94,0,94,75,0,75,166,0,166,116,0,116,117,0,117
S01012541,1038,11,1027,179,1,178,93,1,92,124,1,123,247,4,243,228,3,225,167,1,166
S01012542,917,6,911,120,1,119,85,1,84,58,0,58,199,0,199,229,3,226,226,1,225
S01012543,665,8,657,116,0,116,56,1,55,46,0,46,188,2,186,163,0,163,96,5,91
S01012544,822,7,815,152,0,152,52,0,52,75,0,75,206,0,206,163,4,159,174,3,171
S01012545,449,1,448,72,0,72,41,0,41,53,0,53,104,0,104,96,0,96,83,1,82
S01012546,776,7,769,128,0,128,80,1,79,84,0,84,200,1,199,162,3,159,122,2,120
S01012547,730,1,729,103,0,103,54,0,54,50,0,50,153,1,152,183,0,183,187,0,187
S01012548,819,4,815,107,0,107,46,0,46,51,0,51,182,1,181,215,1,214,218,2,216
S01012549,512,5,507,74,0,74,60,0,60,89,1,88,115,2,113,92,0,92,82,2,80
S01012550,796,7,789,126,0,126,100,0,100,73,1,72,177,4,173,174,0,174,146,2,144
S01012551,794,3,791,117,0,117,86,0,86,69,0,69,171,0,171,199,1,198,152,2,150
S01012552,887,2,885,126,0,126,91,0,91,61,0,61,192,2,190,250,0,250,167,0,167
S01012553,798,5,793,146,0,146,79,1,78,105,0,105,228,3,225,176,1,175,64,0,64
S01012554,451,0,451,64,0,64,53,0,53,33,0,33,95,0,95,123,0,123,83,0,83
S01012555,528,1,527,91,0,91,58,0,58,48,0,48,124,1,123,139,0,139,68,0,68
S01012556,543,2,541,57,0,57,68,0,68,34,0,34,84,0,84,192,1,191,108,1,107
S01012557,625,4,621,92,0,92,55,0,55,32,0,32,109,1,108,173,1,172,164,2,162
S01012558,559,0,559,70,0,70,69,0,69,78,0,78,140,0,140,117,0,117,85,0,85
S01012559,736,4,732,75,0,75,58,0,58,109,0,109,130,1,129,147,2,145,217,1,216
S01012560,535,3,532,89,0,89,36,1,35,50,0,50,104,0,104,94,1,93,162,1,161
S01012561,734,3,731,108,0,108,69,0,69,61,0,61,165,0,165,169,1,168,162,2,160
S01012562,719,4,715,78,0,78,69,0,69,126,1,125,153,1,152,147,1,146,146,1,145
S01012563,622,5,617,62,0,62,61,1,60,22,0,22,108,3,105,170,1,169,199,0,199
S01012564,810,4,806,107,0,107,61,0,61,44,0,44,165,1,164,202,1,201,231,2,229
S01012565,761,3,758,98,0,98,55,0,55,44,0,44,150,0,150,176,1,175,238,2,236
S01012566,695,9,686,53,0,53,61,0,61,93,0,93,153,2,151,151,5,146,184,2,182
S01012567,1000,12,988,103,0,103,103,0,103,124,0,124,221,5,216,231,2,229,218,5,213
S01012568,603,5,598,84,0,84,53,0,53,20,0,20,108,1,107,162,2,160,176,2,174
S01012569,793,13,780,84,0,84,80,1,79,38,0,38,130,6,124,181,4,177,280,2,278
S01012570,443,1,442,51,0,51,49,0,49,36,0,36,113,1,112,124,0,124,70,0,70
S01012571,781,5,776,109,0,109,80,1,79,64,0,64,220,1,219,185,2,183,123,1,122
S01012572,499,6,493,64,0,64,52,0,52,34,0,34,124,1,123,137,4,133,88,1,87
S01012573,810,4,806,133,0,133,43,0,43,59,1,58,209,2,207,252,1,251,114,0,114
S01012574,858,3,855,143,0,143,68,0,68,67,0,67,207,2,205,204,1,203,169,0,169
S01012575,642,7,635,100,0,100,56,0,56,47,1,46,158,3,155,149,2,147,132,1,131
S01012576,750,4,746,104,0,104,46,0,46,79,1,78,154,0,154,168,2,166,199,1,198
S01012577,745,3,742,127,0,127,50,0,50,60,0,60,185,0,185,179,1,178,144,2,142
S01012578,969,8,961,118,0,118,72,0,72,77,0,77,185,1,184,198,3,195,319,4,315
S01012579,697,7,690,150,1,149,76,1,75,52,1,51,162,3,159,172,1,171,85,0,85
S01012580,730,9,721,110,0,110,57,0,57,75,0,75,186,2,184,205,5,200,97,2,95
S01012581,713,3,710,136,0,136,96,0,96,62,0,62,170,0,170,152,1,151,97,2,95
S01012582,890,7,883,158,1,157,84,0,84,108,2,106,234,2,232,180,2,178,126,0,126
S01012583,658,4,654,74,0,74,74,0,74,88,2,86,148,1,147,157,0,157,117,1,116
S01012584,729,9,720,108,0,108,68,0,68,64,0,64,189,6,183,152,3,149,148,0,148
S01012585,817,9,808,141,0,141,94,2,92,91,1,90,195,4,191,147,2,145,149,0,149
S01012586,913,10,903,123,1,122,99,0,99,95,0,95,290,2,288,209,5,204,97,2,95
S01012587,836,5,831,128,0,128,85,0,85,53,0,53,242,4,238,217,1,216,111,0,111
S01012588,618,6,612,98,0,98,60,0,60,50,1,49,182,2,180,139,3,136,89,0,89
S01012589,671,2,669,106,0,106,83,0,83,64,0,64,153,0,153,150,2,148,115,0,115
S01012590,751,3,748,98,0,98,92,0,92,100,1,99,158,0,158,158,0,158,145,2,143
S01012591,758,6,752,105,0,105,69,0,69,70,0,70,148,2,146,145,2,143,221,2,219
S01012592,541,8,533,86,0,86,46,1,45,67,1,66,141,2,139,128,2,126,73,2,71
S01012593,791,4,787,115,0,115,91,0,91,93,0,93,194,2,192,207,0,207,91,2,89
S01012594,450,2,448,55,0,55,50,0,50,57,0,57,89,1,88,115,0,115,84,1,83
S01012595,603,5,598,71,1,70,63,1,62,72,0,72,138,1,137,147,1,146,112,1,111
S01012596,757,6,751,143,1,142,73,0,73,98,0,98,198,3,195,138,1,137,107,1,106
S01012597,442,1,441,91,0,91,43,0,43,102,1,101,110,0,110,60,0,60,36,0,36
S01012598,652,3,649,67,0,67,77,0,77,87,0,87,125,0,125,186,2,184,110,1,109
S01012599,645,3,642,80,1,79,57,1,56,70,0,70,127,1,126,170,0,170,141,0,141
S01012600,669,1,668,74,0,74,69,0,69,99,0,99,139,0,139,212,1,211,76,0,76
S01012601,864,7,857,140,0,140,89,0,89,104,1,103,217,2,215,207,1,206,107,3,104
S01012602,579,1,578,42,0,42,72,0,72,71,0,71,96,1,95,130,0,130,168,0,168
S01012603,633,2,631,45,0,45,68,0,68,79,0,79,133,0,133,167,2,165,141,0,141
S01012604,651,4,647,90,0,90,84,1,83,75,0,75,111,0,111,164,2,162,127,1,126
S01012605,501,4,497,65,0,65,49,0,49,51,1,50,91,0,91,120,0,120,125,3,122
S01012606,735,2,733,185,0,185,64,0,64,131,0,131,273,2,271,68,0,68,14,0,14
S01012607,719,5,714,95,1,94,84,0,84,92,0,92,156,2,154,190,1,189,102,1,101
S01012608,778,4,774,104,0,104,96,0,96,103,0,103,169,1,168,167,2,165,139,1,138
S01012609,806,1,805,126,0,126,84,0,84,104,0,104,195,0,195,150,0,150,147,1,146
S01012610,897,3,894,149,1,148,109,1,108,138,0,138,198,0,198,180,1,179,123,0,123
S01012611,789,8,781,92,0,92,101,0,101,98,0,98,144,0,144,217,5,212,137,3,134
S01012612,735,1,734,129,0,129,95,0,95,69,0,69,154,0,154,157,0,157,131,1,130
S01012613,653,2,651,104,0,104,78,0,78,78,0,78,148,0,148,156,2,154,89,0,89
S01012614,1005,6,999,121,0,121,136,0,136,123,0,123,180,2,178,243,3,240,202,1,201
S01012615,660,3,657,88,0,88,66,0,66,35,0,35,145,0,145,177,1,176,149,2,147
S01012616,924,5,919,135,0,135,93,0,93,76,0,76,209,1,208,213,4,209,198,0,198
S01012617,400,3,397,46,0,46,47,0,47,41,1,40,84,1,83,98,0,98,84,1,83
S01012618,520,2,518,77,0,77,70,0,70,45,0,45,125,0,125,152,1,151,51,1,50
S01012619,532,3,529,42,0,42,35,0,35,83,0,83,73,0,73,151,2,149,148,1,147
S01012620,737,7,730,91,0,91,62,0,62,47,0,47,133,2,131,219,1,218,185,4,181
S01012621,566,1,565,54,0,54,52,0,52,52,0,52,99,0,99,151,1,150,158,0,158
S01012622,708,2,706,108,0,108,52,0,52,89,0,89,173,2,171,146,0,146,140,0,140
S01012623,625,5,620,70,0,70,55,0,55,97,1,96,123,2,121,162,2,160,118,0,118
S01012624,692,3,689,104,0,104,68,1,67,92,0,92,154,2,152,140,0,140,134,0,134
S01012625,504,0,504,49,0,49,74,0,74,57,0,57,119,0,119,106,0,106,99,0,99
S01012626,467,2,465,55,0,55,48,0,48,42,0,42,99,1,98,128,0,128,95,1,94
S01012627,509,4,505,78,0,78,64,0,64,36,0,36,128,2,126,122,2,120,81,0,81
S01012628,969,11,958,174,0,174,82,1,81,98,1,97,265,3,262,152,1,151,198,5,193
S01012629,474,3,471,73,0,73,44,0,44,32,0,32,129,1,128,104,2,102,92,0,92
S01012630,814,4,810,45,0,45,81,0,81,81,1,80,142,1,141,189,2,187,276,0,276
S01012631,890,3,887,163,1,162,118,0,118,92,0,92,239,1,238,171,1,170,107,0,107
S01012632,707,5,702,117,0,117,47,0,47,59,2,57,186,1,185,183,1,182,115,1,114
S01012633,661,3,658,93,1,92,60,0,60,46,0,46,151,0,151,189,0,189,122,2,120
S01012634,668,4,664,94,0,94,53,0,53,63,0,63,148,1,147,167,3,164,143,0,143
S01012635,1035,5,1030,157,1,156,105,0,105,102,0,102,269,1,268,222,1,221,180,2,178
S01012636,594,3,591,92,0,92,56,0,56,52,0,52,165,2,163,129,0,129,100,1,99
S01012637,818,5,813,154,0,154,103,0,103,118,1,117,178,2,176,139,1,138,126,1,125
S01012638,846,4,842,123,0,123,78,0,78,78,0,78,190,2,188,188,2,186,189,0,189
S01012639,817,4,813,134,0,134,93,0,93,114,1,113,184,1,183,141,0,141,151,2,149
S01012640,913,9,904,138,0,138,94,1,93,118,2,116,177,4,173,212,2,210,174,0,174
S01012641,1079,2,1077,135,0,135,103,0,103,100,0,100,193,0,193,169,0,169,379,2,377
S01012642,777,8,769,124,0,124,100,0,100,90,2,88,163,2,161,158,3,155,142,1,141
S01012643,456,3,453,81,0,81,43,0,43,55,3,52,89,0,89,108,0,108,80,0,80
S01012644,672,3,669,136,0,136,64,0,64,82,2,80,168,1,167,103,0,103,119,0,119
S01012645,804,8,796,120,0,120,54,2,52,83,0,83,186,2,184,171,1,170,190,3,187
S01012646,939,7,932,175,1,174,79,1,78,72,0,72,263,3,260,210,2,208,140,0,140
S01012647,678,4,674,149,0,149,71,0,71,141,0,141,221,1,220,78,3,75,18,0,18
S01012648,529,0,529,91,0,91,73,0,73,63,0,63,114,0,114,100,0,100,88,0,88
S01012649,657,2,655,107,0,107,82,0,82,68,1,67,151,1,150,135,0,135,114,0,114
S01012650,579,2,577,82,0,82,39,0,39,62,1,61,142,0,142,155,1,154,99,0,99
S01012651,620,1,619,97,0,97,58,0,58,79,1,78,144,0,144,112,0,112,130,0,130
S01012652,1019,4,1015,136,0,136,112,0,112,97,0,97,230,1,229,287,2,285,157,1,156
S01012653,850,9,841,146,2,144,122,0,122,104,3,101,218,1,217,175,2,173,85,1,84
S01012654,736,6,730,122,0,122,71,0,71,62,0,62,212,3,209,153,1,152,116,2,114
S01012655,1092,3,1089,128,0,128,105,0,105,113,2,111,220,1,219,258,0,258,268,0,268
S01012656,792,5,787,119,0,119,67,0,67,101,2,99,168,1,167,164,0,164,173,2,171
S01012657,519,4,515,64,0,64,64,2,62,63,0,63,118,1,117,86,0,86,124,1,123
S01012658,910,0,910,92,0,92,96,0,96,84,0,84,200,0,200,248,0,248,190,0,190
S01012659,1013,6,1007,242,1,241,89,0,89,115,0,115,345,2,343,151,2,149,71,1,70
S01012660,688,0,688,97,0,97,79,0,79,83,0,83,154,0,154,155,0,155,120,0,120
S01012661,722,1,721,77,0,77,99,0,99,61,0,61,181,1,180,169,0,169,135,0,135
S01012662,715,2,713,82,0,82,74,0,74,89,0,89,139,2,137,165,0,165,166,0,166
S01012663,676,6,670,79,2,77,65,0,65,62,1,61,142,1,141,172,0,172,156,2,154
S01012664,922,3,919,107,0,107,87,0,87,108,1,107,214,1,213,183,1,182,223,0,223
S01012665,686,2,684,121,0,121,78,0,78,83,0,83,153,1,152,119,0,119,132,1,131
S01012666,637,3,634,84,0,84,54,0,54,72,0,72,133,1,132,147,2,145,147,0,147
S01012667,566,1,565,84,0,84,79,0,79,71,0,71,122,0,122,97,0,97,113,1,112
S01012668,733,3,730,136,0,136,89,0,89,91,0,91,167,1,166,141,1,140,109,1,108
S01012669,706,3,703,88,1,87,82,0,82,61,0,61,153,0,153,177,1,176,145,1,144
S01012670,684,7,677,71,1,70,84,0,84,49,0,49,128,1,127,182,2,180,170,3,167
S01012671,902,2,900,140,0,140,90,1,89,108,0,108,197,1,196,216,0,216,151,0,151
S01012672,697,1,696,109,0,109,70,0,70,86,0,86,158,1,157,150,0,150,124,0,124
S01012673,562,2,560,84,0,84,87,0,87,60,0,60,121,1,120,139,1,138,71,0,71
S01012674,562,9,553,121,3,118,68,0,68,74,1,73,127,5,122,99,0,99,73,0,73
S01012675,737,5,732,96,0,96,102,1,101,90,0,90,169,3,166,172,0,172,108,1,107
S01012676,801,3,798,167,0,167,109,0,109,93,0,93,203,1,202,137,0,137,92,2,90
S01012677,562,1,561,86,0,86,72,0,72,58,0,58,115,0,115,137,1,136,94,0,94
S01012678,700,5,695,125,2,123,77,0,77,85,0,85,179,2,177,155,1,154,79,0,79
S01012679,766,2,764,98,0,98,66,0,66,80,0,80,160,0,160,189,0,189,173,2,171
S01012680,533,3,530,96,1,95,48,1,47,68,0,68,159,1,158,84,0,84,78,0,78
S01012681,674,8,666,106,4,102,82,0,82,81,0,81,144,0,144,137,2,135,124,2,122
S01012682,753,2,751,88,0,88,58,0,58,66,1,65,130,0,130,167,0,167,244,1,243
S01012683,709,4,705,105,0,105,96,2,94,95,1,94,173,0,173,174,0,174,66,1,65
S01012684,550,2,548,109,0,109,37,1,36,47,1,46,176,0,176,100,0,100,81,0,81
S01012685,755,4,751,132,0,132,87,0,87,68,0,68,199,3,196,164,1,163,105,0,105
S01012686,920,3,917,126,0,126,86,0,86,104,0,104,216,1,215,205,0,205,183,2,181
S01012687,527,1,526,71,0,71,35,0,35,25,0,25,76,0,76,128,1,127,192,0,192
S01012688,771,9,762,79,4,75,59,0,59,111,3,108,171,2,169,157,0,157,194,0,194
S01012689,476,2,474,84,2,82,53,0,53,29,0,29,101,0,101,127,0,127,82,0,82
S01012690,521,2,519,97,0,97,50,0,50,34,0,34,116,0,116,139,2,137,85,0,85
S01012691,742,5,737,147,0,147,72,0,72,58,0,58,184,2,182,154,1,153,127,2,125
S01012692,733,10,723,108,0,108,64,0,64,72,0,72,170,2,168,160,3,157,159,5,154
S01012693,882,8,874,181,3,178,100,0,100,45,0,45,245,5,240,218,0,218,93,0,93
S01012694,459,1,458,96,0,96,24,0,24,39,0,39,124,0,124,96,1,95,80,0,80
S01012695,800,6,794,149,0,149,73,1,72,83,0,83,188,0,188,196,3,193,111,2,109
S01012696,850,12,838,116,2,114,104,2,102,120,3,117,242,1,241,165,3,162,103,1,102
S01012697,491,5,486,86,0,86,36,0,36,38,0,38,126,1,125,115,1,114,90,3,87
S01012698,730,6,724,77,0,77,67,0,67,56,0,56,147,1,146,226,3,223,157,2,155
S01012699,1025,6,1019,178,0,178,99,0,99,85,0,85,256,2,254,250,3,247,157,1,156
S01012700,820,3,817,149,0,149,93,0,93,54,0,54,201,0,201,170,1,169,153,2,151
S01012701,543,1,542,76,0,76,54,0,54,30,0,30,115,0,115,139,1,138,129,0,129
S01012702,560,1,559,77,0,77,56,0,56,106,0,106,140,0,140,94,1,93,87,0,87
S01012703,587,1,586,123,0,123,80,0,80,48,0,48,191,0,191,116,1,115,29,0,29
S01012704,731,5,726,134,0,134,81,2,79,124,1,123,173,2,171,125,0,125,94,0,94
S01012705,747,0,747,163,0,163,96,0,96,60,0,60,238,0,238,148,0,148,42,0,42
S01012706,668,3,665,111,0,111,71,0,71,96,1,95,155,0,155,140,0,140,95,2,93
S01012707,869,5,864,141,0,141,99,0,99,81,1,80,203,0,203,239,2,237,106,2,104
S01012708,701,2,699,106,0,106,82,0,82,84,0,84,157,1,156,152,1,151,120,0,120
S01012709,495,5,490,65,0,65,44,1,43,59,0,59,95,1,94,110,2,108,122,1,121
S01012710,687,3,684,82,0,82,70,0,70,77,0,77,165,3,162,148,0,148,145,0,145
S01012711,805,14,791,89,2,87,75,0,75,107,4,103,162,2,160,179,3,176,193,3,190
S01012712,835,6,829,140,0,140,83,0,83,59,0,59,168,1,167,183,3,180,202,2,200
S01012713,707,6,701,93,0,93,60,0,60,59,0,59,151,0,151,159,2,157,185,4,181
S01012714,587,3,584,71,0,71,40,0,40,40,0,40,118,1,117,140,1,139,178,1,177
S01012715,676,2,674,52,0,52,74,0,74,106,0,106,137,1,136,142,1,141,165,0,165
S01012716,834,2,832,95,0,95,68,0,68,66,2,64,136,0,136,220,0,220,249,0,249
S01012717,929,5,924,60,0,60,82,1,81,122,2,120,184,0,184,213,0,213,268,2,266
S01012718,962,5,957,94,0,94,84,0,84,143,1,142,191,2,189,220,2,218,230,0,230
S01012719,756,9,747,61,0,61,130,2,128,120,1,119,176,5,171,138,1,137,131,0,131
S01012720,500,5,495,36,0,36,85,2,83,124,0,124,112,2,110,91,0,91,52,1,51
S01012721,624,2,622,86,0,86,55,0,55,66,0,66,140,0,140,135,1,134,142,1,141
S01012722,715,6,709,84,0,84,61,0,61,124,2,122,143,1,142,158,1,157,145,2,143
S01012723,667,4,663,95,0,95,83,1,82,79,0,79,146,0,146,129,1,128,135,2,133
S01012724,706,6,700,75,0,75,61,0,61,119,0,119,145,1,144,138,0,138,168,5,163
S01012725,855,6,849,88,0,88,92,0,92,165,0,165,227,1,226,139,3,136,144,2,142
S01012726,620,2,618,101,0,101,65,0,65,53,0,53,138,0,138,94,0,94,169,2,167
S01012727,685,1,684,119,0,119,90,0,90,83,0,83,146,1,145,142,0,142,105,0,105
S01012728,772,10,762,200,3,197,102,0,102,113,4,109,193,1,192,97,2,95,67,0,67
S01012729,806,5,801,135,0,135,89,0,89,106,1,105,194,2,192,173,1,172,109,1,108
S01012730,527,7,520,76,2,74,51,1,50,89,0,89,119,3,116,115,0,115,77,1,76
S01012731,757,0,757,131,0,131,82,0,82,103,0,103,177,0,177,136,0,136,128,0,128
S01012732,653,3,650,103,0,103,58,1,57,86,0,86,163,1,162,134,1,133,109,0,109
S01012733,1009,2,1007,245,1,244,92,0,92,199,0,199,345,1,344,97,0,97,31,0,31
S01012734,598,4,594,173,0,173,46,0,46,87,1,86,228,2,226,53,1,52,11,0,11
S01012735,460,1,459,59,0,59,50,0,50,52,1,51,123,0,123,71,0,71,105,0,105
S01012736,918,3,915,179,0,179,86,1,85,113,0,113,273,1,272,172,1,171,95,0,95
S01012737,772,4,768,138,0,138,65,0,65,128,1,127,230,2,228,128,1,127,83,0,83
S01012738,597,5,592,91,0,91,78,1,77,65,0,65,146,3,143,129,1,128,88,0,88
S01012739,777,3,774,163,2,161,67,0,67,169,0,169,275,1,274,88,0,88,15,0,15
S01012740,822,7,815,198,2,196,73,0,73,162,2,160,266,3,263,105,0,105,18,0,18
S01012741,537,4,533,48,0,48,60,0,60,84,0,84,156,2,154,140,1,139,49,1,48
S01012742,673,5,668,80,1,79,71,1,70,74,0,74,120,2,118,210,1,209,118,0,118
S01012743,570,2,568,64,0,64,75,0,75,37,0,37,103,0,103,171,1,170,120,1,119
S01012744,656,4,652,81,0,81,80,0,80,79,0,79,161,2,159,193,2,191,62,0,62
S01012745,686,3,683,84,0,84,58,0,58,75,0,75,150,1,149,159,0,159,160,2,158
S01012746,744,16,728,114,6,108,84,1,83,116,2,114,205,6,199,147,1,146,78,0,78
S01012747,802,4,798,118,0,118,96,0,96,102,0,102,157,0,157,202,4,198,127,0,127
S01012748,805,3,802,157,0,157,107,0,107,111,0,111,173,0,173,148,1,147,109,2,107
S01012749,845,1,844,160,0,160,132,0,132,145,0,145,167,0,167,162,1,161,79,0,79
S01012750,762,1,761,147,0,147,102,0,102,138,1,137,162,0,162,138,0,138,75,0,75
S01012751,800,2,798,94,0,94,63,0,63,102,1,101,182,0,182,132,0,132,227,1,226
S01012752,801,3,798,131,0,131,86,0,86,128,1,127,184,1,183,174,1,173,98,0,98
S01012753,472,2,470,86,0,86,48,0,48,79,0,79,81,1,80,114,0,114,64,1,63
S01012754,526,1,525,50,0,50,75,0,75,68,0,68,92,0,92,141,0,141,100,1,99
S01012755,506,7,499,64,0,64,50,0,50,85,2,83,87,0,87,102,4,98,118,1,117
S01012756,493,4,489,33,0,33,38,0,38,35,0,35,94,1,93,114,0,114,179,3,176
S01012757,448,2,446,48,0,48,36,0,36,56,0,56,101,1,100,108,0,108,99,1,98
S01012758,586,2,584,87,1,86,67,0,67,71,0,71,130,0,130,139,0,139,92,1,91
S01012759,697,4,693,112,0,112,72,0,72,99,0,99,158,2,156,139,2,137,117,0,117
S01012760,966,17,949,182,1,181,113,3,110,131,4,127,222,4,218,150,2,148,168,3,165
S01012761,741,6,735,87,0,87,73,0,73,118,3,115,154,1,153,168,0,168,141,2,139
S01012762,685,1,684,76,0,76,78,0,78,68,0,68,133,0,133,170,1,169,160,0,160
S01012763,392,2,390,43,0,43,56,0,56,44,0,44,88,1,87,91,1,90,70,0,70
S01012764,748,4,744,125,1,124,93,0,93,92,0,92,166,0,166,145,1,144,127,2,125
S01012765,695,5,690,109,0,109,84,0,84,57,0,57,153,2,151,183,2,181,109,1,108
S01012766,871,3,868,178,1,177,101,0,101,96,0,96,231,1,230,173,1,172,92,0,92
S01012767,550,4,546,67,1,66,47,0,47,62,0,62,122,1,121,163,2,161,89,0,89
S01012768,705,6,699,89,0,89,72,0,72,56,0,56,148,1,147,233,2,231,107,3,104
S01012769,456,1,455,98,0,98,51,0,51,29,0,29,144,0,144,90,1,89,44,0,44
S01012770,821,8,813,123,1,122,80,0,80,96,1,95,190,3,187,171,3,168,161,0,161
S01012771,682,15,667,80,0,80,67,0,67,92,5,87,160,3,157,156,5,151,127,2,125
S01012772,657,1,656,113,0,113,80,0,80,86,0,86,116,1,115,162,0,162,100,0,100
S01012773,827,6,821,96,1,95,77,0,77,99,2,97,171,1,170,219,2,217,165,0,165
S01012774,836,10,826,91,2,89,111,4,107,127,1,126,198,2,196,181,1,180,128,0,128
S01012775,401,1,400,32,0,32,53,0,53,41,1,40,92,0,92,93,0,93,90,0,90
S01012776,718,2,716,81,0,81,81,0,81,108,2,106,164,0,164,170,0,170,114,0,114
S01012777,908,6,902,198,2,196,106,1,105,166,1,165,286,2,284,117,0,117,35,0,35
S01012778,693,4,689,150,0,150,75,0,75,106,2,104,219,2,217,94,0,94,49,0,49
S01012779,444,1,443,104,0,104,52,0,52,72,0,72,120,0,120,72,0,72,24,1,23
S01012780,696,0,696,129,0,129,89,0,89,113,0,113,155,0,155,107,0,107,103,0,103
S01012781,637,5,632,83,0,83,62,2,60,87,0,87,139,2,137,160,0,160,106,1,105
S01012782,582,2,580,73,0,73,72,0,72,86,0,86,113,0,113,136,2,134,102,0,102
S01012783,665,5,660,107,0,107,90,1,89,106,0,106,165,1,164,112,2,110,85,1,84
S01012784,717,0,717,88,0,88,72,0,72,140,0,140,173,0,173,137,0,137,107,0,107
S01012785,706,5,701,89,0,89,70,0,70,120,0,120,147,4,143,125,0,125,155,1,154
S01012786,663,3,660,74,0,74,98,0,98,131,0,131,135,1,134,134,0,134,91,2,89
S01012787,513,4,509,66,0,66,72,0,72,132,2,130,116,0,116,86,2,84,41,0,41
S01012788,590,2,588,95,0,95,73,0,73,105,1,104,125,1,124,131,0,131,61,0,61
S01012789,716,4,712,97,0,97,80,0,80,78,1,77,174,0,174,157,1,156,130,2,128
S01012790,577,3,574,70,0,70,73,0,73,121,0,121,135,0,135,78,1,77,100,2,98
S01012791,704,4,700,97,0,97,54,0,54,52,0,52,139,0,139,165,2,163,197,2,195
S01012792,939,3,936,67,0,67,70,1,69,122,0,122,188,0,188,195,2,193,297,0,297
S01012793,751,14,737,61,0,61,149,3,146,108,4,104,148,3,145,169,4,165,116,0,116
S01012794,575,1,574,24,0,24,50,0,50,101,0,101,129,0,129,153,1,152,118,0,118
S01012795,1027,9,1018,159,0,159,141,2,139,123,1,122,228,2,226,183,2,181,193,2,191
S01012796,737,4,733,126,0,126,87,0,87,154,1,153,185,2,183,109,1,108,76,0,76
S01012797,671,4,667,123,0,123,92,0,92,113,1,112,179,0,179,104,2,102,60,1,59
S01012798,698,3,695,105,0,105,69,0,69,57,0,57,175,3,172,159,0,159,133,0,133
S01012799,756,4,752,90,0,90,61,0,61,72,0,72,148,0,148,189,0,189,196,4,192
S01012800,866,9,857,132,4,128,80,0,80,80,0,80,208,1,207,211,0,211,155,4,151
S01012801,419,2,417,29,0,29,29,0,29,44,0,44,78,0,78,82,0,82,157,2,155
S01012802,599,0,599,113,0,113,80,0,80,39,0,39,136,0,136,165,0,165,66,0,66
S01012803,661,1,660,88,0,88,93,0,93,51,0,51,131,0,131,203,0,203,95,1,94
S01012804,741,8,733,117,3,114,84,0,84,107,2,105,149,1,148,156,2,154,128,0,128
S01012805,884,3,881,142,0,142,98,0,98,115,2,113,201,0,201,185,1,184,143,0,143
S01012806,712,3,709,129,0,129,76,0,76,96,0,96,162,1,161,153,1,152,96,1,95
S01012807,568,3,565,94,0,94,77,0,77,37,0,37,142,0,142,139,0,139,79,3,76
S01012808,1038,1,1037,165,0,165,91,0,91,91,1,90,238,0,238,223,0,223,230,0,230
S01012809,599,4,595,68,0,68,56,0,56,135,0,135,119,0,119,121,3,118,100,1,99
S01012810,880,6,874,94,1,93,83,0,83,131,2,129,173,1,172,182,1,181,217,1,216
S01012811,747,2,745,84,0,84,77,0,77,69,0,69,153,1,152,166,0,166,198,1,197
S01012812,642,4,638,85,0,85,72,2,70,90,1,89,163,1,162,154,0,154,78,0,78
S01012813,864,5,859,96,0,96,85,0,85,60,0,60,187,2,185,223,1,222,213,2,211
S01012814,803,1,802,163,0,163,65,0,65,129,1,128,256,0,256,134,0,134,56,0,56
S01012815,825,7,818,200,1,199,75,0,75,160,0,160,268,6,262,97,0,97,25,0,25
S01012816,552,4,548,118,1,117,53,0,53,92,0,92,171,0,171,80,1,79,38,2,36
S01012817,534,3,531,151,0,151,54,0,54,60,2,58,195,1,194,64,0,64,10,0,10
S01012818,817,4,813,190,0,190,100,1,99,79,1,78,247,1,246,144,1,143,57,0,57
S01012819,715,4,711,109,0,109,83,0,83,86,0,86,140,3,137,162,1,161,135,0,135
S01012820,967,6,961,189,0,189,114,0,114,163,0,163,304,4,300,172,1,171,25,1,24
S01012821,717,7,710,164,3,161,78,0,78,159,3,156,226,1,225,72,0,72,18,0,18
S01012822,459,5,454,94,0,94,43,1,42,93,0,93,104,4,100,81,0,81,44,0,44
S01012823,825,1,824,190,0,190,100,0,100,103,0,103,273,1,272,131,0,131,28,0,28
S01012824,629,5,624,108,0,108,63,0,63,105,3,102,168,0,168,106,2,104,79,0,79
S01012825,467,3,464,47,1,46,37,0,37,67,1,66,99,0,99,128,1,127,89,0,89
S01012826,577,4,573,138,1,137,110,0,110,90,1,89,154,0,154,68,1,67,17,1,16
S01012827,651,3,648,173,0,173,56,0,56,147,0,147,216,2,214,45,1,44,14,0,14
S01012828,542,1,541,80,0,80,49,0,49,156,0,156,157,0,157,76,0,76,24,1,23
S01012829,835,4,831,182,1,181,93,0,93,113,2,111,197,1,196,138,0,138,112,0,112
S01012830,668,11,657,103,3,100,64,0,64,66,1,65,148,3,145,170,3,167,117,1,116
S01012831,615,4,611,55,0,55,35,0,35,66,2,64,102,0,102,176,2,174,181,0,181
S01012832,522,4,518,86,0,86,74,0,74,54,0,54,110,0,110,118,2,116,80,2,78
S01012833,693,1,692,121,0,121,77,1,76,86,0,86,156,0,156,139,0,139,114,0,114
S01012834,648,5,643,87,0,87,58,0,58,77,2,75,132,2,130,165,1,164,129,0,129
S01012835,863,6,857,92,0,92,71,0,71,114,2,112,183,1,182,219,2,217,184,1,183
S01012836,661,10,651,134,2,132,78,1,77,109,1,108,193,6,187,99,0,99,48,0,48
S01012837,695,1,694,116,0,116,112,0,112,125,0,125,175,1,174,106,0,106,61,0,61
S01012838,860,6,854,152,1,151,129,2,127,173,1,172,214,2,212,141,0,141,51,0,51
S01012839,647,9,638,69,0,69,59,0,59,102,2,100,119,2,117,219,4,215,79,1,78
S01012840,744,10,734,160,2,158,65,1,64,122,3,119,246,2,244,122,1,121,29,1,28
S01012841,576,4,572,79,0,79,51,0,51,47,3,44,140,0,140,183,0,183,76,1,75
S01012842,459,7,452,52,0,52,51,1,50,60,0,60,98,4,94,150,2,148,48,0,48
S01012843,946,3,943,172,0,172,81,0,81,71,0,71,248,3,245,202,0,202,172,0,172
S01012844,670,7,663,109,0,109,74,0,74,59,0,59,167,3,164,183,2,181,78,2,76
S01012845,664,10,654,110,4,106,77,1,76,44,1,43,174,2,172,163,2,161,96,0,96
S01012846,897,4,893,90,0,90,93,1,92,123,2,121,160,0,160,191,1,190,240,0,240
S01012847,535,2,533,79,0,79,57,0,57,55,0,55,118,0,118,125,1,124,101,1,100
S01012848,723,4,719,141,1,140,64,0,64,121,0,121,174,2,172,134,1,133,89,0,89
S01012849,638,6,632,74,0,74,84,0,84,166,1,165,129,1,128,100,2,98,85,2,83
S01012850,698,5,693,75,0,75,60,0,60,59,0,59,144,1,143,172,0,172,188,4,184
S01012851,788,5,783,90,0,90,77,0,77,61,3,58,162,0,162,215,1,214,183,1,182
S01012852,678,1,677,86,0,86,70,0,70,65,0,65,148,0,148,176,0,176,133,1,132
S01012853,762,2,760,74,0,74,80,0,80,52,1,51,132,1,131,226,0,226,198,0,198
S01012854,765,10,755,70,0,70,81,0,81,122,4,118,184,3,181,197,2,195,111,1,110
S01012855,618,6,612,79,0,79,81,3,78,119,1,118,150,0,150,144,1,143,45,1,44
S01012856,650,2,648,42,0,42,58,0,58,95,1,94,143,0,143,133,0,133,179,1,178
S01012857,840,3,837,75,0,75,57,1,56,87,0,87,157,0,157,175,0,175,289,2,287
S01012858,685,4,681,64,0,64,65,0,65,132,2,130,151,0,151,159,0,159,114,2,112
S01012859,977,8,969,132,1,131,135,0,135,205,5,200,233,0,233,158,1,157,114,1,113
S01012860,1037,9,1028,89,2,87,97,0,97,69,0,69,157,4,153,208,1,207,417,2,415
S01012861,661,2,659,69,0,69,70,0,70,85,0,85,163,1,162,156,0,156,118,1,117
S01012862,569,6,563,50,0,50,69,1,68,76,2,74,134,3,131,117,0,117,123,0,123
S01012863,603,17,586,47,0,47,63,5,58,143,3,140,130,6,124,147,2,145,73,1,72
S01012864,737,2,735,77,0,77,78,0,78,162,0,162,211,2,209,118,0,118,91,0,91
S01012865,753,6,747,83,1,82,69,0,69,65,0,65,146,3,143,177,2,175,213,0,213
S01012866,730,5,725,92,0,92,94,0,94,92,2,90,167,2,165,166,1,165,119,0,119
S01012867,698,4,694,53,0,53,60,1,59,78,2,76,136,1,135,179,0,179,192,0,192
S01012868,540,3,537,39,0,39,54,0,54,67,0,67,135,0,135,130,1,129,115,2,113
S01012869,523,11,512,99,4,95,95,1,94,74,1,73,124,5,119,77,0,77,54,0,54
S01012870,898,11,887,92,1,91,79,0,79,77,0,77,187,2,185,260,3,257,203,5,198
S01012871,788,9,779,89,0,89,71,0,71,108,0,108,157,4,153,209,2,207,154,3,151
S01012872,701,13,688,124,0,124,99,5,94,120,2,118,160,1,159,119,5,114,79,0,79
S01012873,767,16,751,112,3,109,94,1,93,139,1,138,151,6,145,191,3,188,80,2,78
S01012874,756,5,751,118,0,118,100,1,99,83,0,83,147,3,144,179,0,179,129,1,128
S01012875,557,2,555,71,0,71,80,0,80,87,0,87,132,1,131,107,1,106,80,0,80
S01012876,782,3,779,117,0,117,101,0,101,77,1,76,159,1,158,141,0,141,187,1,186
S01012877,715,2,713,84,0,84,71,0,71,54,0,54,160,0,160,171,2,169,175,0,175
S01012878,894,4,890,120,0,120,115,1,114,103,0,103,213,1,212,219,1,218,124,1,123
S01012879,702,8,694,93,0,93,89,2,87,78,0,78,148,2,146,153,1,152,141,3,138
S01012880,875,7,868,116,0,116,108,0,108,57,1,56,184,4,180,203,1,202,207,1,206
S01012881,848,7,841,74,1,73,76,0,76,70,0,70,157,3,154,189,1,188,282,2,280
S01012882,585,2,583,91,0,91,67,0,67,87,0,87,112,2,110,127,0,127,101,0,101
S01012883,608,9,599,79,0,79,50,0,50,89,3,86,117,3,114,133,3,130,140,0,140
S01012884,509,3,506,58,0,58,49,0,49,57,0,57,89,1,88,108,0,108,148,2,146
S01012885,429,2,427,38,0,38,64,0,64,53,0,53,94,1,93,99,1,98,81,0,81
S01012886,744,5,739,93,0,93,62,0,62,85,2,83,170,0,170,169,3,166,165,0,165
S01012887,717,8,709,86,1,85,54,0,54,54,1,53,155,3,152,178,1,177,190,2,188
S01012888,800,4,796,106,2,104,77,0,77,51,0,51,178,1,177,191,0,191,197,1,196
S01012889,821,2,819,160,0,160,65,0,65,143,2,141,244,0,244,158,0,158,51,0,51
S01012890,690,7,683,141,0,141,95,0,95,94,5,89,162,1,161,116,1,115,82,0,82
S01012891,533,5,528,77,2,75,45,0,45,60,0,60,127,1,126,106,1,105,118,1,117
S01012892,1076,9,1067,146,1,145,124,1,123,125,1,124,217,3,214,261,3,258,203,0,203
S01012893,719,3,716,121,0,121,67,0,67,97,0,97,137,1,136,155,0,155,142,2,140
S01012894,782,7,775,176,1,175,89,1,88,105,3,102,214,1,213,131,1,130,67,0,67
S01012895,499,1,498,88,0,88,56,0,56,68,0,68,155,1,154,86,0,86,46,0,46
S01012896,834,15,819,73,4,69,77,2,75,41,0,41,174,0,174,245,3,242,224,6,218
S01012897,571,1,570,98,0,98,53,0,53,97,0,97,148,0,148,110,0,110,65,1,64
S01012898,531,1,530,130,0,130,61,0,61,48,0,48,224,1,223,59,0,59,9,0,9
S01012899,517,7,510,40,0,40,49,1,48,40,1,39,113,3,110,165,2,163,110,0,110
S01012900,718,3,715,100,0,100,59,0,59,49,1,48,130,0,130,138,1,137,242,1,241
S01012901,659,5,654,90,0,90,70,0,70,99,1,98,169,2,167,115,0,115,116,2,114
S01012902,718,3,715,89,0,89,85,1,84,116,0,116,175,1,174,131,1,130,122,0,122
S01012903,784,9,775,101,1,100,99,1,98,129,0,129,178,6,172,137,1,136,140,0,140
S01012904,776,5,771,143,2,141,98,0,98,109,0,109,173,1,172,135,1,134,118,1,117
S01012905,599,2,597,109,0,109,109,1,108,72,0,72,159,0,159,86,1,85,64,0,64
S01012906,875,6,869,92,2,90,97,3,94,124,0,124,209,0,209,190,1,189,163,0,163
S01012907,837,7,830,101,2,99,68,0,68,108,0,108,188,5,183,148,0,148,224,0,224
S01012908,673,6,667,70,1,69,92,1,91,75,0,75,138,1,137,131,2,129,167,1,166
S01012909,587,5,582,75,0,75,50,0,50,79,0,79,122,2,120,99,3,96,162,0,162
S01012910,859,7,852,85,1,84,70,1,69,96,1,95,189,2,187,207,0,207,212,2,210
S01012911,710,5,705,79,0,79,85,0,85,67,1,66,152,0,152,147,4,143,180,0,180
S01012912,653,8,645,73,1,72,62,0,62,78,2,76,125,2,123,126,1,125,189,2,187
S01012913,862,5,857,130,0,130,106,0,106,82,0,82,164,2,162,175,2,173,205,1,204
S01012914,820,9,811,109,0,109,90,0,90,120,3,117,174,1,173,195,2,193,132,3,129
S01012915,1011,11,1000,201,4,197,105,1,104,142,2,140,282,1,281,154,1,153,127,2,125
S01012916,639,2,637,67,0,67,78,0,78,60,0,60,129,0,129,133,0,133,172,2,170
S01012917,700,4,696,113,0,113,95,0,95,35,1,34,160,0,160,170,1,169,127,2,125
S01012918,477,3,474,60,0,60,61,0,61,60,1,59,119,2,117,73,0,73,104,0,104
S01012919,447,2,445,50,0,50,43,0,43,50,0,50,91,0,91,68,0,68,145,2,143
S01012920,564,5,559,58,0,58,56,0,56,26,0,26,100,3,97,156,1,155,168,1,167
S01012921,680,3,677,86,0,86,98,0,98,64,1,63,161,2,159,110,0,110,161,0,161
S01012922,974,8,966,190,3,187,115,0,115,107,0,107,284,2,282,123,2,121,155,1,154
S01012923,687,7,680,109,1,108,98,2,96,78,0,78,169,0,169,120,1,119,113,3,110
S01012924,484,4,480,62,1,61,59,2,57,75,0,75,117,1,116,87,0,87,84,0,84
S01012925,472,1,471,59,0,59,67,0,67,39,0,39,95,0,95,123,1,122,89,0,89
S01012926,678,13,665,85,4,81,89,0,89,98,1,97,148,2,146,145,5,140,113,1,112
S01012927,747,3,744,119,0,119,84,0,84,107,2,105,173,0,173,134,1,133,130,0,130
S01012928,790,7,783,115,2,113,100,2,98,66,0,66,196,1,195,148,2,146,165,0,165
S01012929,734,8,726,93,3,90,78,1,77,88,1,87,131,2,129,139,1,138,205,0,205
S01012930,849,7,842,70,1,69,68,0,68,121,0,121,165,2,163,144,2,142,281,2,279
S01012931,855,14,841,125,2,123,76,1,75,110,0,110,194,4,190,177,1,176,173,6,167
S01012932,497,4,493,74,0,74,63,1,62,38,1,37,111,1,110,118,0,118,93,1,92
S01012933,782,8,774,107,5,102,95,0,95,79,0,79,184,1,183,162,2,160,155,0,155
S01012934,682,8,674,77,0,77,57,0,57,77,1,76,121,1,120,159,5,154,191,1,190
S01012935,856,12,844,139,3,136,107,1,106,98,0,98,187,2,185,164,2,162,161,4,157
S01012936,710,5,705,91,0,91,76,2,74,80,1,79,148,1,147,151,1,150,164,0,164
S01012937,675,8,667,94,1,93,94,0,94,67,0,67,167,4,163,145,0,145,108,3,105
S01012938,684,2,682,84,0,84,79,0,79,35,0,35,132,0,132,189,2,187,165,0,165
S01012939,634,2,632,134,0,134,90,0,90,42,0,42,159,2,157,137,0,137,72,0,72
S01012940,682,5,677,103,0,103,85,1,84,58,0,58,162,1,161,200,3,197,74,0,74
S01012941,772,3,769,172,0,172,105,0,105,51,0,51,216,0,216,186,3,183,42,0,42
S01012942,751,11,740,127,6,121,101,0,101,101,0,101,176,2,174,129,2,127,117,1,116
S01012943,724,9,715,149,1,148,80,0,80,83,1,82,191,4,187,136,1,135,85,2,83
S01012944,512,8,504,94,4,90,50,0,50,36,0,36,129,4,125,103,0,103,100,0,100
S01012945,724,10,714,156,3,153,76,0,76,49,1,48,220,4,216,156,2,154,67,0,67
S01012946,833,1,832,142,0,142,106,0,106,88,1,87,223,0,223,195,0,195,79,0,79
S01012947,446,0,446,74,0,74,75,0,75,19,0,19,103,0,103,142,0,142,33,0,33
S01012948,667,4,663,95,0,95,96,0,96,64,0,64,161,1,160,176,1,175,75,2,73
S01012949,658,4,654,63,0,63,101,0,101,53,0,53,123,0,123,226,1,225,92,3,89
S01012950,841,7,834,163,1,162,139,0,139,59,0,59,253,4,249,190,1,189,37,1,36
S01012951,833,4,829,184,1,183,83,0,83,125,0,125,319,3,316,102,0,102,20,0,20
S01012952,622,5,617,97,0,97,74,0,74,30,0,30,133,1,132,145,1,144,143,3,140
S01012953,669,5,664,101,0,101,67,1,66,74,1,73,154,0,154,192,3,189,81,0,81
S01012954,468,3,465,76,0,76,66,0,66,48,0,48,125,2,123,113,1,112,40,0,40
S01012955,913,10,903,150,2,148,112,1,111,100,0,100,242,4,238,184,2,182,125,1,124
S01012956,969,4,965,118,0,118,101,0,101,88,0,88,198,0,198,158,0,158,306,4,302
S01012957,611,4,607,71,0,71,76,0,76,74,0,74,143,2,141,114,0,114,133,2,131
S01012958,489,5,484,54,2,52,60,0,60,67,0,67,110,1,109,138,1,137,60,1,59
S01012959,560,13,547,94,1,93,88,3,85,61,1,60,183,5,178,102,3,99,32,0,32
S01012960,588,5,583,86,1,85,85,0,85,70,0,70,122,2,120,155,0,155,70,2,68
S01012961,502,1,501,86,0,86,58,0,58,45,0,45,119,0,119,139,1,138,55,0,55
S01012962,638,8,630,83,1,82,93,0,93,52,1,51,115,2,113,191,4,187,104,0,104
S01012963,786,16,770,170,7,163,93,2,91,58,0,58,249,6,243,166,0,166,50,1,49
S01012964,607,19,588,158,7,151,79,1,78,63,3,60,206,6,200,82,2,80,19,0,19
S01012965,701,18,683,138,8,130,87,1,86,66,2,64,185,5,180,99,1,98,126,1,125
S01012966,728,6,722,135,2,133,76,0,76,79,0,79,181,1,180,133,2,131,124,1,123
S01012967,481,12,469,84,3,81,70,2,68,57,1,56,102,0,102,123,6,117,45,0,45
S01012968,627,6,621,110,3,107,78,0,78,92,1,91,139,2,137,144,0,144,64,0,64
S01012969,666,4,662,96,1,95,67,1,66,83,0,83,145,0,145,140,2,138,135,0,135
S01012970,564,8,556,75,3,72,57,1,56,73,1,72,128,0,128,143,0,143,88,3,85
S01012971,796,4,792,158,3,155,134,0,134,119,0,119,194,1,193,132,0,132,59,0,59
S01012972,757,6,751,145,0,145,96,0,96,111,0,111,151,1,150,145,4,141,109,1,108
S01012973,766,1,765,119,0,119,83,0,83,95,1,94,166,0,166,153,0,153,150,0,150
S01012974,997,11,986,113,2,111,77,0,77,117,1,116,188,4,184,212,3,209,290,1,289
S01012975,591,7,584,100,1,99,59,1,58,69,0,69,129,1,128,111,3,108,123,1,122
S01012976,508,5,503,81,1,80,59,0,59,80,0,80,94,2,92,97,0,97,97,2,95
S01012977,695,4,691,136,1,135,97,1,96,109,0,109,166,1,165,121,1,120,66,0,66
S01012978,783,2,781,136,0,136,114,2,112,98,0,98,174,0,174,166,0,166,95,0,95
S01012979,654,3,651,138,0,138,77,0,77,67,0,67,164,3,161,127,0,127,81,0,81
S01012980,636,8,628,109,0,109,80,1,79,122,3,119,143,3,140,95,0,95,87,1,86
S01012981,727,4,723,105,0,105,108,0,108,97,0,97,204,1,203,130,2,128,83,1,82
S01012982,779,7,772,117,0,117,92,2,90,107,3,104,198,2,196,130,0,130,135,0,135
S01012983,728,12,716,95,4,91,91,2,89,43,0,43,184,2,182,163,3,160,152,1,151
S01012984,617,12,605,87,3,84,78,2,76,76,0,76,166,2,164,108,5,103,102,0,102
S01012985,768,3,765,109,0,109,99,0,99,77,1,76,179,0,179,161,2,159,143,0,143
S01012986,719,4,715,93,0,93,68,0,68,121,1,120,169,1,168,141,0,141,127,2,125
S01012987,713,12,701,81,0,81,88,3,85,74,0,74,168,2,166,129,0,129,173,7,166
S01012988,853,9,844,109,0,109,88,0,88,93,3,90,171,5,166,162,1,161,230,0,230
S01012989,922,2,920,113,1,112,104,0,104,131,0,131,160,1,159,189,0,189,225,0,225
S01012990,587,3,584,71,0,71,71,0,71,47,0,47,130,1,129,128,0,128,140,2,138
S01012991,801,5,796,132,2,130,83,0,83,77,0,77,189,0,189,142,1,141,178,2,176
S01012992,758,5,753,99,0,99,90,1,89,88,0,88,173,1,172,130,2,128,178,1,177
S01012993,663,0,663,78,0,78,73,0,73,86,0,86,142,0,142,138,0,138,146,0,146
S01012994,847,9,838,87,0,87,113,1,112,123,0,123,188,1,187,170,2,168,166,5,161
S01012995,770,13,757,108,3,105,90,2,88,111,0,111,182,4,178,181,2,179,98,2,96
S01012996,632,4,628,82,2,80,124,0,124,82,0,82,149,0,149,144,2,142,51,0,51
S01012997,475,1,474,83,0,83,47,0,47,52,0,52,105,0,105,86,0,86,102,1,101
S01012998,1018,15,1003,181,6,175,139,0,139,114,1,113,280,3,277,182,1,181,122,4,118
S01012999,466,0,466,69,0,69,51,0,51,59,0,59,121,0,121,77,0,77,89,0,89
S01013000,622,2,620,73,0,73,57,0,57,81,0,81,139,1,138,119,1,118,153,0,153
S01013001,373,3,370,52,0,52,33,0,33,20,0,20,77,0,77,114,1,113,77,2,75
S01013002,486,5,481,81,0,81,45,0,45,21,0,21,124,0,124,112,0,112,103,5,98
S01013003,637,6,631,115,0,115,54,0,54,19,0,19,130,2,128,168,2,166,151,2,149
S01013004,661,8,653,128,0,128,59,0,59,28,0,28,139,3,136,182,2,180,125,3,122
S01013005,722,13,709,147,5,142,59,0,59,40,0,40,144,4,140,179,1,178,153,3,150
S01013006,602,8,594,99,1,98,60,1,59,30,0,30,142,2,140,160,1,159,111,3,108
S01013007,926,12,914,128,0,128,69,0,69,49,0,49,189,2,187,199,5,194,292,5,287
S01013008,750,11,739,134,0,134,57,0,57,53,0,53,173,2,171,176,3,173,157,6,151
S01013009,618,12,606,92,1,91,51,1,50,50,0,50,140,1,139,106,3,103,179,6,173
S01013010,584,11,573,103,0,103,47,0,47,28,0,28,135,1,134,155,7,148,116,3,113
S01013011,680,9,671,168,1,167,55,0,55,52,0,52,214,5,209,110,2,108,81,1,80
S01013012,647,7,640,107,0,107,71,0,71,61,1,60,149,2,147,132,2,130,127,2,125
S01013013,709,10,699,143,0,143,59,0,59,46,1,45,152,4,148,174,1,173,135,4,131
S01013014,717,8,709,110,0,110,56,0,56,44,0,44,156,4,152,183,3,180,168,1,167
S01013015,744,9,735,136,0,136,64,0,64,46,4,42,162,1,161,178,2,176,158,2,156
S01013016,587,8,579,90,0,90,49,1,48,31,0,31,130,2,128,187,4,183,100,1,99
S01013017,819,16,803,160,7,153,65,0,65,56,2,54,195,2,193,173,4,169,170,1,169
S01013018,940,16,924,170,1,169,69,0,69,50,0,50,229,5,224,233,5,228,189,5,184
S01013019,866,9,857,179,1,178,84,1,83,96,0,96,247,1,246,145,4,141,115,2,113
S01013020,451,9,442,46,0,46,41,3,38,54,1,53,79,1,78,103,1,102,128,3,125
S01013021,449,3,446,73,0,73,42,0,42,61,1,60,109,1,108,89,0,89,75,1,74
S01013022,398,3,395,74,0,74,52,1,51,82,1,81,97,1,96,53,0,53,40,0,40
S01013023,841,5,836,132,0,132,64,0,64,59,0,59,183,3,180,224,1,223,179,1,178
S01013024,515,13,502,93,1,92,44,1,43,39,1,38,113,0,113,112,2,110,114,8,106
S01013025,537,7,530,59,0,59,45,0,45,44,1,43,115,1,114,159,4,155,115,1,114
S01013026,953,6,947,141,1,140,81,0,81,161,0,161,236,1,235,197,2,195,137,2,135
S01013027,987,5,982,193,1,192,128,0,128,111,0,111,218,1,217,175,2,173,162,1,161
S01013028,446,12,434,53,3,50,51,1,50,54,2,52,116,3,113,109,2,107,63,1,62
S01013029,559,1,558,69,0,69,66,0,66,59,0,59,113,1,112,107,0,107,145,0,145
S01013030,612,0,612,131,0,131,82,0,82,68,0,68,131,0,131,131,0,131,69,0,69
S01013031,614,3,611,109,0,109,87,0,87,84,0,84,136,2,134,118,1,117,80,0,80
S01013032,772,3,769,201,0,201,51,0,51,146,0,146,248,2,246,96,1,95,30,0,30
S01013033,636,6,630,124,1,123,65,0,65,156,2,154,170,2,168,81,1,80,40,0,40
S01013034,678,3,675,102,1,101,78,1,77,101,0,101,142,0,142,128,1,127,127,0,127
S01013035,655,0,655,107,0,107,89,0,89,88,0,88,143,0,143,128,0,128,100,0,100
S01013036,749,2,747,144,0,144,126,0,126,91,1,90,165,1,164,154,0,154,69,0,69
S01013037,753,2,751,99,0,99,84,0,84,69,0,69,187,2,185,166,0,166,148,0,148
S01013038,953,5,948,142,1,141,126,0,126,101,2,99,231,1,230,171,0,171,182,1,181
S01013039,516,1,515,89,0,89,88,0,88,41,0,41,147,0,147,120,1,119,31,0,31
S01013040,618,4,614,74,1,73,59,2,57,72,0,72,124,0,124,128,0,128,161,1,160
S01013041,572,8,564,87,1,86,68,0,68,74,1,73,124,4,120,134,2,132,85,0,85
S01013042,764,10,754,114,2,112,102,1,101,106,0,106,237,4,233,124,2,122,81,1,80
S01013043,676,2,674,118,0,118,103,0,103,78,1,77,144,0,144,134,1,133,99,0,99
S01013044,808,3,805,159,0,159,99,0,99,96,1,95,162,0,162,170,1,169,122,1,121
S01013045,686,3,683,145,0,145,63,0,63,88,0,88,167,1,166,136,1,135,87,1,86
S01013046,488,3,485,67,1,66,65,0,65,60,0,60,98,0,98,105,2,103,93,0,93
S01013047,899,7,892,196,1,195,80,1,79,124,1,123,282,2,280,151,1,150,66,1,65
S01013048,769,4,765,85,0,85,78,1,77,149,1,148,212,0,212,148,2,146,97,0,97
S01013049,792,11,781,107,1,106,72,0,72,111,3,108,175,0,175,188,3,185,139,4,135
S01013050,715,6,709,66,0,66,82,0,82,92,2,90,146,0,146,196,4,192,133,0,133
S01013051,902,5,897,139,0,139,116,0,116,85,2,83,204,0,204,182,2,180,176,1,175
S01013052,713,6,707,76,0,76,80,1,79,73,0,73,138,1,137,157,1,156,189,3,186
S01013053,592,9,583,66,1,65,65,1,64,82,1,81,132,3,129,123,3,120,124,0,124
S01013054,639,4,635,62,3,59,73,0,73,69,0,69,160,1,159,130,0,130,145,0,145
S01013055,667,5,662,86,1,85,76,1,75,103,0,103,147,1,146,116,1,115,139,1,138
S01013056,881,8,873,107,3,104,102,1,101,102,0,102,207,4,203,166,0,166,197,0,197
S01013057,832,3,829,191,1,190,110,0,110,119,0,119,197,1,196,122,0,122,93,1,92
S01013058,582,5,577,162,0,162,46,2,44,102,1,101,186,2,184,69,0,69,17,0,17
S01013059,765,12,753,96,4,92,41,0,41,77,0,77,155,3,152,136,1,135,260,4,256
S01013060,507,6,501,58,0,58,44,0,44,52,1,51,90,1,89,133,3,130,130,1,129
S01013061,771,6,765,88,0,88,47,0,47,59,1,58,148,0,148,184,3,181,245,2,243
S01013062,855,9,846,109,0,109,69,1,68,62,1,61,177,2,175,170,0,170,268,5,263
S01013063,797,10,787,119,1,118,86,1,85,42,0,42,163,1,162,193,2,191,194,5,189
S01013064,842,4,838,128,0,128,82,0,82,96,0,96,182,0,182,143,2,141,211,2,209
S01013065,840,10,830,109,1,108,125,2,123,153,2,151,170,2,168,118,2,116,165,1,164
S01013066,697,12,685,83,2,81,69,2,67,119,4,115,170,2,168,135,0,135,121,2,119
S01013067,820,18,802,46,3,43,401,11,390,199,4,195,105,0,105,48,0,48,21,0,21
S01013068,751,14,737,92,4,88,219,1,218,140,3,137,143,1,142,98,3,95,59,2,57
S01013069,712,15,697,42,2,40,323,6,317,122,2,120,113,3,110,76,2,74,36,0,36
S01013070,606,25,581,45,6,39,257,11,246,120,0,120,96,5,91,48,0,48,40,3,37
S01013071,950,20,930,26,3,23,592,6,586,155,2,153,95,5,90,60,4,56,22,0,22
S01013072,504,5,499,71,2,69,68,0,68,53,0,53,110,0,110,128,3,125,74,0,74
S01013073,747,10,737,108,2,106,148,3,145,172,2,170,137,0,137,91,2,89,91,1,90
S01013074,690,9,681,164,3,161,89,1,88,90,2,88,144,1,143,134,1,133,69,1,68
S01013075,848,24,824,98,8,90,108,0,108,80,5,75,171,8,163,184,1,183,207,2,205
S01013076,719,16,703,67,3,64,341,6,335,109,2,107,107,2,105,63,0,63,32,3,29
S01013077,686,5,681,142,1,141,80,1,79,82,0,82,137,2,135,127,1,126,118,0,118
S01013078,546,2,544,110,0,110,84,0,84,84,1,83,120,1,119,101,0,101,47,0,47
S01013079,1288,19,1269,202,3,199,187,3,184,207,7,200,422,3,419,145,2,143,125,1,124
S01013080,846,23,823,108,12,96,152,2,150,92,2,90,171,2,169,158,2,156,165,3,162
S01013081,625,20,605,77,10,67,54,0,54,53,1,52,133,3,130,172,3,169,136,3,133
S01013082,813,17,796,77,8,69,81,0,81,78,0,78,167,5,162,226,2,224,184,2,182
S01013083,2296,58,2238,89,2,87,1808,47,1761,74,1,73,125,1,124,101,4,97,99,3,96
S01013084,734,10,724,110,0,110,61,0,61,46,0,46,144,0,144,179,3,176,194,7,187
S01013085,681,13,668,85,0,85,135,2,133,108,3,105,96,2,94,84,4,80,173,2,171
S01013086,842,15,827,82,2,80,129,4,125,127,1,126,185,4,181,161,2,159,158,2,156
S01013087,819,8,811,130,1,129,94,1,93,76,0,76,173,0,173,175,2,173,171,4,167
S01013088,908,8,900,135,0,135,67,1,66,55,0,55,179,0,179,239,2,237,233,5,228
S01013089,725,13,712,92,1,91,84,3,81,96,4,92,136,3,133,144,1,143,173,1,172
S01013090,773,28,745,85,14,71,225,5,220,136,1,135,155,3,152,101,1,100,71,4,67
S01013091,480,11,469,18,1,17,202,3,199,136,4,132,58,2,56,42,0,42,24,1,23
S01013092,859,27,832,118,16,102,119,0,119,154,4,150,208,6,202,144,0,144,116,1,115
S01013093,466,14,452,56,10,46,44,2,42,18,0,18,99,2,97,117,0,117,132,0,132
S01013094,591,6,585,114,0,114,44,0,44,23,0,23,136,0,136,149,1,148,125,5,120
S01013095,861,5,856,229,3,226,77,0,77,26,0,26,257,0,257,192,2,190,80,0,80
S01013096,710,10,700,262,2,260,119,2,117,50,0,50,97,2,95,108,3,105,74,1,73
S01013097,604,10,594,110,3,107,49,0,49,41,1,40,161,2,159,167,0,167,76,4,72
S01013098,687,3,684,266,2,264,47,0,47,28,0,28,261,1,260,67,0,67,18,0,18
S01013099,876,16,860,85,3,82,65,1,64,112,4,108,177,3,174,188,3,185,249,2,247
S01013100,611,15,596,116,3,113,31,0,31,25,1,24,131,3,128,127,4,123,181,4,177
S01013101,962,19,943,127,2,125,104,0,104,115,1,114,193,3,190,200,7,193,223,6,217
S01013102,597,14,583,96,2,94,38,0,38,17,0,17,126,3,123,139,6,133,181,3,178
S01013103,837,7,830,218,6,212,81,0,81,38,0,38,251,1,250,160,0,160,89,0,89
S01013104,963,16,947,168,3,165,76,0,76,59,2,57,212,5,207,245,2,243,203,4,199
S01013105,876,16,860,144,2,142,63,0,63,64,0,64,195,6,189,228,4,224,182,4,178
S01013106,793,20,773,134,9,125,87,1,86,74,2,72,178,2,176,153,3,150,167,3,164
S01013107,653,11,642,97,5,92,50,0,50,37,0,37,130,2,128,190,3,187,149,1,148
S01013108,579,13,566,101,5,96,46,1,45,46,0,46,136,1,135,135,4,131,115,2,113
S01013109,1064,16,1048,176,4,172,106,1,105,94,1,93,256,2,254,263,4,259,169,4,165
S01013110,578,12,566,90,2,88,39,1,38,41,0,41,131,5,126,154,2,152,123,2,121
S01013111,442,15,427,66,7,59,43,2,41,22,1,21,105,3,102,110,1,109,96,1,95
S01013112,637,24,613,148,8,140,55,1,54,56,2,54,178,6,172,116,3,113,84,4,80
S01013113,794,33,761,114,5,109,69,1,68,60,1,59,173,6,167,168,4,164,210,16,194
S01013114,787,22,765,111,9,102,76,0,76,84,2,82,184,2,182,179,3,176,153,6,147
S01013115,614,15,599,40,1,39,72,0,72,69,3,66,105,3,102,133,2,131,195,6,189
S01013116,754,31,723,72,3,69,50,2,48,38,1,37,139,5,134,208,7,201,247,13,234
S01013117,611,17,594,101,1,100,62,2,60,86,0,86,153,4,149,134,5,129,75,5,70
S01013118,514,21,493,60,3,57,56,2,54,54,2,52,123,9,114,132,3,129,89,2,87
S01013119,762,25,737,94,2,92,52,0,52,58,2,56,152,2,150,239,6,233,167,13,154
S01013120,951,40,911,119,7,112,92,0,92,95,5,90,193,9,184,243,9,234,209,10,199
S01013121,392,16,376,60,3,57,39,1,38,55,2,53,116,1,115,66,6,60,56,3,53
S01013122,572,11,561,91,1,90,64,1,63,96,4,92,154,2,152,95,3,92,72,0,72
S01013123,733,4,729,119,0,119,75,0,75,140,0,140,163,3,160,130,1,129,106,0,106
S01013124,702,6,696,105,0,105,70,0,70,64,1,63,177,2,175,160,1,159,126,2,124
S01013125,776,12,764,88,1,87,79,0,79,65,1,64,163,1,162,181,4,177,200,5,195
S01013126,707,3,704,127,0,127,110,0,110,95,0,95,181,2,179,130,0,130,64,1,63
S01013127,822,6,816,197,1,196,99,0,99,105,1,104,182,3,179,132,0,132,107,1,106
S01013128,599,11,588,40,0,40,62,0,62,143,4,139,183,5,178,94,2,92,77,0,77
S01013129,1128,6,1122,156,0,156,130,0,130,201,0,201,228,4,224,194,1,193,219,1,218
S01013130,661,6,655,120,1,119,107,0,107,119,1,118,185,4,181,71,0,71,59,0,59
S01013131,611,0,611,104,0,104,92,0,92,108,0,108,147,0,147,102,0,102,58,0,58
S01013132,558,5,553,77,0,77,75,0,75,90,2,88,121,2,119,108,0,108,87,1,86
S01013133,859,4,855,85,0,85,78,1,77,117,0,117,202,3,199,144,0,144,233,0,233
S01013134,814,12,802,145,3,142,82,1,81,94,1,93,185,4,181,163,3,160,145,0,145
S01013135,737,2,735,133,0,133,92,1,91,124,0,124,154,0,154,144,1,143,90,0,90
S01013136,911,6,905,124,2,122,118,0,118,79,1,78,190,0,190,178,1,177,222,2,220
S01013137,730,2,728,103,0,103,89,0,89,67,0,67,170,1,169,150,1,149,151,0,151
S01013138,670,3,667,153,0,153,92,0,92,96,1,95,154,1,153,116,1,115,59,0,59
S01013139,857,6,851,147,1,146,104,2,102,85,0,85,198,2,196,163,0,163,160,1,159
S01013140,786,4,782,114,0,114,118,2,116,83,0,83,159,0,159,157,2,155,155,0,155
S01013141,620,5,615,81,0,81,69,0,69,80,0,80,107,0,107,127,1,126,156,4,152
S01013142,844,8,836,94,1,93,85,1,84,85,3,82,146,1,145,173,2,171,261,0,261
S01013143,833,7,826,105,1,104,101,0,101,115,1,114,181,2,179,149,2,147,182,1,181
S01013144,880,5,875,98,0,98,94,0,94,87,2,85,173,1,172,194,1,193,234,1,233
S01013145,692,10,682,84,0,84,81,0,81,86,0,86,149,2,147,134,2,132,158,6,152
S01013146,436,2,434,67,0,67,33,0,33,49,1,48,106,1,105,87,0,87,94,0,94
S01013147,710,13,697,115,0,115,88,0,88,54,1,53,170,2,168,137,4,133,146,6,140
S01013148,732,4,728,83,0,83,71,0,71,118,1,117,132,2,130,160,1,159,168,0,168
S01013149,785,16,769,93,0,93,105,12,93,113,1,112,172,1,171,166,2,164,136,0,136
S01013150,825,7,818,96,0,96,83,0,83,91,2,89,167,2,165,178,1,177,210,2,208
S01013151,551,3,548,75,1,74,56,0,56,62,0,62,135,1,134,128,1,127,95,0,95
S01013152,878,6,872,142,2,140,91,1,90,105,0,105,209,1,208,163,0,163,168,2,166
S01013153,841,7,834,164,3,161,105,0,105,116,2,114,189,1,188,155,0,155,112,1,111
S01013154,945,8,937,162,3,159,129,1,128,132,0,132,205,0,205,172,4,168,145,0,145
S01013155,853,7,846,187,0,187,141,3,138,158,0,158,193,1,192,133,3,130,41,0,41
S01013156,840,11,829,193,5,188,131,0,131,117,0,117,198,3,195,127,2,125,74,1,73
S01013157,932,16,916,192,5,187,157,7,150,132,2,130,200,1,199,163,1,162,88,0,88
S01013158,586,6,580,91,0,91,60,0,60,39,0,39,130,2,128,141,3,138,125,1,124
S01013159,682,1,681,78,0,78,86,0,86,70,0,70,121,0,121,192,1,191,135,0,135
S01013160,703,6,697,122,0,122,68,0,68,61,1,60,167,1,166,174,0,174,111,4,107
S01013161,974,4,970,138,0,138,112,0,112,174,0,174,219,2,217,168,1,167,163,1,162
S01013162,782,6,776,78,0,78,66,1,65,92,1,91,169,2,167,161,1,160,216,1,215
S01013163,676,6,670,99,0,99,94,0,94,67,1,66,141,0,141,188,1,187,87,4,83
S01013164,1028,18,1010,170,4,166,109,1,108,81,0,81,236,4,232,254,5,249,178,4,174
S01013165,884,7,877,112,0,112,99,0,99,75,0,75,182,2,180,196,3,193,220,2,218
S01013166,619,4,615,88,0,88,96,1,95,83,0,83,143,2,141,133,1,132,76,0,76
S01013167,612,11,601,83,2,81,85,1,84,121,0,121,158,6,152,112,2,110,53,0,53
S01013168,896,9,887,136,0,136,103,1,102,107,1,106,169,3,166,172,2,170,209,2,207
S01013169,824,2,822,101,0,101,85,0,85,79,0,79,159,2,157,186,0,186,214,0,214
S01013170,510,5,505,73,0,73,69,1,68,57,0,57,119,3,116,99,1,98,93,0,93
S01013171,653,5,648,130,2,128,85,0,85,49,0,49,192,3,189,129,0,129,68,0,68
S01013172,724,6,718,111,2,109,91,0,91,77,0,77,156,1,155,173,2,171,116,1,115
S01013173,776,6,770,118,0,118,94,0,94,96,3,93,187,2,185,188,1,187,93,0,93
S01013174,779,8,771,154,1,153,91,0,91,75,1,74,220,2,218,175,2,173,64,2,62
S01013175,838,4,834,179,0,179,76,1,75,70,1,69,247,1,246,165,0,165,101,1,100
S01013176,762,6,756,60,2,58,69,0,69,90,0,90,140,2,138,191,1,190,212,1,211
S01013177,604,6,598,72,0,72,60,1,59,92,0,92,128,2,126,145,2,143,107,1,106
S01013178,703,10,693,80,0,80,77,0,77,96,0,96,155,2,153,157,4,153,138,4,134
S01013179,768,16,752,62,0,62,107,0,107,87,1,86,142,5,137,232,4,228,138,6,132
S01013180,424,2,422,64,0,64,57,1,56,44,0,44,113,0,113,112,1,111,34,0,34
S01013181,707,5,702,96,0,96,67,0,67,55,0,55,175,0,175,181,3,178,133,2,131
S01013182,728,11,717,95,0,95,78,1,77,86,2,84,134,2,132,157,1,156,178,5,173
S01013183,809,10,799,103,0,103,85,0,85,87,1,86,182,4,178,239,3,236,113,2,111
S01013184,543,5,538,104,0,104,78,2,76,97,1,96,122,2,120,97,0,97,45,0,45
S01013185,769,8,761,151,1,150,93,1,92,102,2,100,173,3,170,127,0,127,123,1,122
S01013186,637,10,627,115,0,115,115,1,114,89,3,86,138,2,136,115,3,112,65,1,64
S01013187,796,8,788,137,1,136,104,2,102,136,0,136,174,0,174,133,4,129,112,1,111
S01013188,852,4,848,119,0,119,112,0,112,112,0,112,199,1,198,173,2,171,137,1,136
S01013189,603,0,603,79,0,79,78,0,78,52,0,52,133,0,133,142,0,142,119,0,119
S01013190,776,14,762,124,1,123,87,0,87,85,4,81,200,3,197,145,4,141,135,2,133
S01013191,1027,12,1015,193,2,191,115,1,114,88,0,88,311,2,309,214,3,211,106,4,102
S01013192,932,13,919,113,0,113,104,2,102,103,1,102,180,3,177,227,3,224,205,4,201
S01013193,625,7,618,68,2,66,70,1,69,100,1,99,135,0,135,141,0,141,111,3,108
S01013194,552,10,542,57,1,56,67,0,67,109,4,105,144,2,142,103,2,101,72,1,71
S01013195,967,7,960,76,0,76,140,2,138,169,1,168,224,2,222,160,2,158,198,0,198
S01013196,612,11,601,49,0,49,56,0,56,131,0,131,147,3,144,122,3,119,107,5,102
S01013197,563,7,556,61,1,60,51,0,51,38,0,38,107,0,107,143,3,140,163,3,160
S01013198,789,10,779,88,2,86,86,0,86,89,3,86,137,3,134,206,2,204,183,0,183
S01013199,887,6,881,71,1,70,66,0,66,103,1,102,160,1,159,242,3,239,245,0,245
S01013200,692,3,689,95,0,95,78,0,78,90,1,89,146,0,146,139,0,139,144,2,142
S01013201,708,4,704,108,0,108,88,0,88,93,0,93,182,2,180,137,2,135,100,0,100
S01013202,552,11,541,86,1,85,92,1,91,61,2,59,119,1,118,101,3,98,93,3,90
S01013203,684,9,675,108,0,108,97,1,96,79,2,77,155,3,152,152,3,149,93,0,93
S01013204,758,7,751,125,2,123,80,2,78,77,0,77,245,1,244,156,2,154,75,0,75
S01013205,599,2,597,136,0,136,84,0,84,88,0,88,115,0,115,111,1,110,65,1,64
S01013206,604,7,597,85,3,82,81,0,81,80,3,77,139,0,139,130,1,129,89,0,89
S01013207,761,13,748,97,0,97,79,2,77,102,2,100,145,1,144,186,3,183,152,5,147
S01013208,884,7,877,143,0,143,121,0,121,100,0,100,238,4,234,194,2,192,88,1,87
S01013209,790,5,785,82,0,82,89,0,89,91,0,91,175,1,174,182,1,181,171,3,168
S01013210,572,5,567,60,0,60,68,0,68,58,0,58,122,2,120,161,0,161,103,3,100
S01013211,834,10,824,101,0,101,95,1,94,110,1,109,199,5,194,202,3,199,127,0,127
S01013212,578,2,576,105,0,105,109,0,109,36,0,36,157,1,156,153,1,152,18,0,18
S01013213,543,3,540,84,0,84,87,1,86,38,0,38,154,0,154,141,2,139,39,0,39
S01013214,426,9,417,78,0,78,52,0,52,52,2,50,138,2,136,78,2,76,28,3,25
S01013215,736,7,729,86,0,86,96,1,95,115,0,115,186,5,181,176,1,175,77,0,77
S01013216,554,7,547,103,0,103,81,2,79,91,2,89,121,1,120,121,2,119,37,0,37
S01013217,654,4,650,112,0,112,83,1,82,92,0,92,138,3,135,152,0,152,77,0,77
S01013218,568,8,560,113,0,113,81,3,78,94,1,93,116,3,113,109,1,108,55,0,55
S01013219,509,5,504,85,0,85,64,0,64,77,2,75,101,2,99,132,1,131,50,0,50
S01013220,662,16,646,138,7,131,94,1,93,67,4,63,153,2,151,97,1,96,113,1,112
S01013221,876,9,867,155,1,154,106,1,105,101,0,101,199,4,195,179,2,177,136,1,135
S01013222,574,6,568,97,0,97,70,0,70,59,1,58,124,0,124,122,1,121,102,4,98
S01013223,1069,12,1057,131,0,131,128,1,127,154,2,152,224,5,219,170,1,169,262,3,259
S01013224,793,8,785,119,0,119,105,0,105,97,0,97,196,6,190,188,1,187,88,1,87
S01013225,782,7,775,162,0,162,98,0,98,92,1,91,179,3,176,155,2,153,96,1,95
S01013226,491,4,487,89,0,89,48,1,47,72,0,72,138,0,138,106,1,105,38,2,36
S01013227,672,8,664,108,0,108,76,1,75,88,2,86,150,1,149,124,1,123,126,3,123
S01013228,682,11,671,76,0,76,78,0,78,124,4,120,164,4,160,147,3,144,93,0,93
S01013229,734,8,726,114,0,114,84,0,84,100,0,100,162,2,160,157,4,153,117,2,115
S01013230,635,4,631,72,0,72,55,0,55,67,0,67,121,0,121,144,0,144,176,4,172
S01013231,710,4,706,88,0,88,83,0,83,80,0,80,156,0,156,174,2,172,129,2,127
S01013232,676,8,668,73,2,71,69,0,69,85,2,83,126,0,126,160,2,158,163,2,161
S01013233,571,7,564,61,0,61,60,1,59,48,1,47,99,1,98,169,1,168,134,3,131
S01013234,374,5,369,63,0,63,46,0,46,26,1,25,102,2,100,102,2,100,35,0,35
S01013235,737,8,729,56,0,56,83,2,81,82,2,80,177,2,175,176,1,175,163,1,162
S01013236,853,11,842,90,0,90,71,0,71,70,2,68,183,3,180,220,1,219,219,5,214
S01013237,788,6,782,140,0,140,93,0,93,113,3,110,221,2,219,140,0,140,81,1,80
S01013238,746,6,740,119,0,119,92,0,92,94,1,93,165,3,162,152,2,150,124,0,124
S01013239,848,13,835,139,2,137,105,0,105,107,2,105,205,5,200,168,3,165,124,1,123
S01013240,513,4,509,80,0,80,79,0,79,72,1,71,117,2,115,101,0,101,64,1,63
S01013241,804,10,794,77,0,77,86,0,86,49,1,48,174,1,173,256,3,253,162,5,157
S01013242,583,4,579,74,0,74,61,0,61,45,0,45,113,0,113,159,3,156,131,1,130
S01013243,710,5,705,110,0,110,77,0,77,94,3,91,168,1,167,163,1,162,98,0,98
S01013244,725,2,723,108,0,108,76,0,76,80,0,80,128,1,127,157,0,157,176,1,175
S01013245,968,2,966,171,0,171,99,0,99,114,0,114,262,0,262,178,0,178,144,2,142
S01013246,448,0,448,82,0,82,49,0,49,50,0,50,116,0,116,99,0,99,52,0,52
S01013247,767,3,764,138,0,138,105,0,105,96,0,96,175,1,174,120,1,119,133,1,132
S01013248,606,1,605,95,0,95,77,0,77,85,1,84,134,0,134,114,0,114,101,0,101
S01013249,447,3,444,72,0,72,42,0,42,43,0,43,121,3,118,99,0,99,70,0,70
S01013250,837,5,832,132,1,131,102,0,102,87,1,86,195,0,195,208,3,205,113,0,113
S01013251,735,7,728,177,1,176,78,0,78,133,2,131,161,2,159,114,2,112,72,0,72
S01013252,655,4,651,109,0,109,72,0,72,84,1,83,142,1,141,157,1,156,91,1,90
S01013253,683,4,679,98,1,97,75,0,75,95,1,94,140,0,140,146,2,144,129,0,129
S01013254,602,4,598,103,0,103,69,0,69,101,2,99,114,2,112,118,0,118,97,0,97
S01013255,1332,20,1312,132,1,131,204,1,203,296,13,283,352,3,349,212,1,211,136,1,135
S01013256,718,2,716,114,0,114,61,0,61,79,0,79,176,0,176,128,1,127,160,1,159
S01013257,784,8,776,88,0,88,81,1,80,96,1,95,152,2,150,157,2,155,210,2,208
S01013258,742,0,742,104,0,104,72,0,72,72,0,72,139,0,139,233,0,233,122,0,122
S01013259,818,5,813,140,0,140,92,1,91,93,1,92,181,0,181,164,2,162,148,1,147
S01013260,848,1,847,171,0,171,112,0,112,105,1,104,190,0,190,169,0,169,101,0,101
S01013261,775,8,767,153,2,151,85,1,84,99,1,98,197,1,196,137,2,135,104,1,103
S01013262,627,4,623,98,0,98,81,0,81,59,2,57,163,0,163,124,1,123,102,1,101
S01013263,546,3,543,139,1,138,44,0,44,33,0,33,155,2,153,123,0,123,52,0,52
S01013264,510,9,501,129,3,126,62,1,61,35,1,34,167,2,165,93,2,91,24,0,24
S01013265,661,2,659,176,0,176,85,0,85,29,0,29,238,1,237,111,1,110,22,0,22
S01013266,543,2,541,118,0,118,55,0,55,47,0,47,195,1,194,97,1,96,31,0,31
S01013267,566,4,562,104,0,104,58,0,58,44,0,44,146,1,145,111,3,108,103,0,103
S01013268,800,7,793,143,0,143,99,0,99,102,2,100,174,2,172,186,2,184,96,1,95
S01013269,912,8,904,164,0,164,88,2,86,135,1,134,271,3,268,184,1,183,70,1,69
S01013270,810,1,809,199,0,199,76,0,76,55,0,55,271,1,270,154,0,154,55,0,55
S01013271,581,3,578,80,0,80,33,0,33,39,0,39,137,0,137,181,3,178,111,0,111
S01013272,755,5,750,190,1,189,85,0,85,51,0,51,239,4,235,151,0,151,39,0,39
S01013273,891,10,881,250,1,249,86,1,85,75,1,74,343,4,339,102,3,99,35,0,35
S01013274,771,1,770,85,0,85,113,0,113,89,0,89,168,0,168,209,1,208,107,0,107
S01013275,695,6,689,126,1,125,61,1,60,61,1,60,155,1,154,184,0,184,108,2,106
S01013276,600,7,593,99,0,99,72,0,72,56,1,55,171,3,168,153,1,152,49,2,47
S01013277,857,8,849,138,0,138,104,0,104,102,2,100,199,0,199,203,4,199,111,2,109
S01013278,856,12,844,152,2,150,96,2,94,117,0,117,167,3,164,155,3,152,169,2,167
S01013279,718,6,712,168,0,168,101,1,100,84,0,84,165,1,164,130,3,127,70,1,69
S01013280,560,4,556,104,0,104,59,0,59,77,1,76,121,0,121,101,2,99,98,1,97
S01013281,922,4,918,181,1,180,100,0,100,102,1,101,210,0,210,174,0,174,155,2,153
S01013282,787,6,781,158,0,158,124,2,122,121,1,120,209,1,208,128,2,126,47,0,47
S01013283,607,5,602,72,0,72,94,0,94,190,2,188,135,0,135,82,2,80,34,1,33
S01013284,628,5,623,90,0,90,68,0,68,98,0,98,161,1,160,148,2,146,63,2,61
S01013285,626,2,624,84,0,84,84,1,83,93,0,93,155,0,155,146,0,146,64,1,63
S01013286,647,10,637,91,1,90,74,2,72,71,2,69,172,0,172,168,4,164,71,1,70
S01013287,764,0,764,130,0,130,124,0,124,33,0,33,229,0,229,200,0,200,48,0,48
S01013288,636,3,633,92,0,92,54,1,53,70,0,70,148,2,146,147,0,147,125,0,125
S01013289,737,3,734,143,0,143,60,0,60,44,0,44,200,3,197,171,0,171,119,0,119
S01013290,869,8,861,177,1,176,93,1,92,73,2,71,294,4,290,147,0,147,85,0,85
S01013291,690,6,684,163,0,163,63,0,63,86,2,84,230,0,230,120,2,118,28,2,26
S01013292,711,6,705,91,0,91,117,0,117,69,0,69,179,0,179,175,4,171,80,2,78
S01013293,696,6,690,114,3,111,81,0,81,57,0,57,186,2,184,179,1,178,79,0,79
S01013294,710,5,705,111,0,111,96,0,96,93,2,91,179,1,178,158,2,156,73,0,73
S01013295,723,7,716,96,0,96,104,0,104,97,0,97,179,1,178,179,4,175,68,2,66
S01013296,703,5,698,106,0,106,83,0,83,68,0,68,153,2,151,161,2,159,132,1,131
S01013297,664,2,662,89,0,89,86,0,86,50,0,50,182,0,182,132,1,131,125,1,124
S01013298,664,3,661,83,0,83,71,0,71,63,1,62,152,1,151,131,1,130,164,0,164
S01013299,972,2,970,150,0,150,118,0,118,107,1,106,279,1,278,174,0,174,144,0,144
S01013300,544,4,540,59,0,59,51,0,51,61,0,61,133,0,133,128,2,126,112,2,110
S01013301,469,1,468,60,0,60,47,0,47,56,0,56,105,0,105,112,0,112,89,1,88
S01013302,594,9,585,79,0,79,59,2,57,64,1,63,146,3,143,157,3,154,89,0,89
S01013303,874,8,866,113,0,113,89,0,89,54,0,54,217,3,214,192,2,190,209,3,206
S01013304,898,10,888,151,0,151,130,0,130,151,1,150,231,6,225,137,1,136,98,2,96
S01013305,917,15,902,127,2,125,112,2,110,158,5,153,221,4,217,164,1,163,135,1,134
S01013306,886,7,879,130,0,130,160,0,160,155,4,151,218,1,217,140,2,138,83,0,83
S01013307,999,11,988,184,0,184,141,4,137,205,5,200,225,1,224,157,0,157,87,1,86
S01013308,945,10,935,236,0,236,141,1,140,161,2,159,198,3,195,101,1,100,108,3,105
S01013309,622,6,616,129,0,129,73,1,72,80,0,80,193,5,188,103,0,103,44,0,44
S01013310,623,6,617,117,0,117,71,0,71,99,1,98,148,1,147,111,0,111,77,4,73
S01013311,774,2,772,155,0,155,92,0,92,106,0,106,179,2,177,166,0,166,76,0,76
S01013312,1007,8,999,174,0,174,108,0,108,162,1,161,250,5,245,172,0,172,141,2,139
S01013313,663,14,649,125,4,121,98,2,96,85,2,83,161,4,157,96,0,96,98,2,96
S01013314,656,5,651,119,0,119,73,0,73,93,1,92,136,0,136,112,1,111,123,3,120
S01013315,532,3,529,150,0,150,40,0,40,64,0,64,207,0,207,55,2,53,16,1,15
S01013316,637,9,628,89,0,89,53,2,51,63,0,63,111,3,108,186,3,183,135,1,134
S01013317,509,5,504,50,0,50,55,0,55,51,2,49,122,2,120,138,1,137,93,0,93
S01013318,591,1,590,111,0,111,40,0,40,102,0,102,178,1,177,109,0,109,51,0,51
S01013319,544,3,541,114,0,114,64,1,63,64,1,63,182,1,181,82,0,82,38,0,38
S01013320,979,13,966,246,3,243,91,2,89,176,0,176,339,8,331,106,0,106,21,0,21
S01013321,404,5,399,36,0,36,37,1,36,56,2,54,115,0,115,82,0,82,78,2,76
S01013322,778,1,777,136,0,136,104,0,104,76,0,76,160,0,160,163,1,162,139,0,139
S01013323,904,8,896,134,0,134,117,0,117,141,4,137,226,2,224,179,0,179,107,2,105
S01013324,622,4,618,122,1,121,105,1,104,82,0,82,142,1,141,110,0,110,61,1,60
S01013325,877,10,867,215,2,213,123,2,121,104,1,103,197,4,193,147,1,146,91,0,91
S01013326,516,0,516,87,0,87,98,0,98,69,0,69,115,0,115,93,0,93,54,0,54
S01013327,675,7,668,133,1,132,99,3,96,81,0,81,176,0,176,127,2,125,59,1,58
S01013328,619,8,611,139,2,137,87,0,87,82,1,81,147,5,142,114,0,114,50,0,50
S01013329,519,3,516,84,0,84,81,1,80,54,0,54,107,0,107,113,2,111,80,0,80
S01013330,1002,5,997,183,0,183,142,1,141,210,2,208,282,1,281,144,1,143,41,0,41
S01013331,611,9,602,130,0,130,97,1,96,104,4,100,190,2,188,71,2,69,19,0,19
S01013332,655,4,651,119,0,119,81,0,81,71,0,71,141,1,140,140,0,140,103,3,100
S01013333,782,9,773,139,1,138,93,1,92,104,2,102,234,3,231,135,1,134,77,1,76
S01013334,737,4,733,167,0,167,113,0,113,111,2,109,159,0,159,136,1,135,51,1,50
S01013335,788,6,782,217,0,217,110,0,110,119,0,119,175,1,174,123,4,119,44,1,43
S01013336,825,6,819,165,0,165,130,0,130,130,0,130,184,2,182,155,3,152,61,1,60
S01013337,921,7,914,137,0,137,93,3,90,97,1,96,219,3,216,226,0,226,149,0,149
S01013338,559,4,555,171,1,170,59,1,58,46,1,45,220,1,219,45,0,45,18,0,18
S01013339,564,2,562,91,0,91,57,0,57,75,0,75,134,0,134,146,2,144,61,0,61
S01013340,792,5,787,97,0,97,95,1,94,62,1,61,170,1,169,246,1,245,122,1,121
S01013341,867,2,865,141,0,141,59,0,59,137,1,136,260,1,259,185,0,185,85,0,85
S01013342,622,7,615,106,2,104,74,0,74,98,2,96,126,2,124,114,0,114,104,1,103
S01013343,639,1,638,113,0,113,74,0,74,106,1,105,156,0,156,117,0,117,73,0,73
S01013344,772,2,770,118,0,118,99,0,99,95,1,94,156,0,156,150,1,149,154,0,154
S01013345,731,12,719,156,1,155,85,0,85,107,0,107,167,4,163,140,5,135,76,2,74
S01013346,841,4,837,220,0,220,99,0,99,81,0,81,274,1,273,131,3,128,36,0,36
S01013347,677,5,672,102,0,102,65,0,65,94,0,94,208,1,207,141,0,141,67,4,63
S01013348,451,3,448,108,0,108,40,0,40,51,0,51,174,3,171,62,0,62,16,0,16
S01013349,723,12,711,108,1,107,117,4,113,248,6,242,186,1,185,48,0,48,16,0,16
S01013350,633,6,627,82,0,82,93,1,92,107,0,107,152,2,150,111,0,111,88,3,85
S01013351,757,7,750,126,0,126,85,0,85,122,0,122,169,1,168,170,6,164,85,0,85
S01013352,852,5,847,137,0,137,101,0,101,134,0,134,171,0,171,196,3,193,113,2,111
S01013353,641,4,637,131,0,131,86,1,85,83,0,83,143,1,142,134,2,132,64,0,64
S01013354,706,4,702,117,0,117,48,0,48,65,0,65,194,0,194,155,3,152,127,1,126
S01013355,636,5,631,114,0,114,63,0,63,52,0,52,175,3,172,126,2,124,106,0,106
S01013356,720,5,715,137,0,137,74,0,74,118,0,118,171,2,169,122,2,120,98,1,97
S01013357,796,5,791,138,0,138,76,0,76,88,0,88,224,2,222,152,1,151,118,2,116
S01013358,782,3,779,105,0,105,79,0,79,87,0,87,184,0,184,143,0,143,184,3,181
S01013359,595,1,594,92,0,92,66,0,66,87,0,87,118,0,118,122,0,122,110,1,109
S01013360,666,9,657,93,0,93,79,0,79,67,2,65,138,1,137,158,4,154,131,2,129
S01013361,540,2,538,58,0,58,60,0,60,77,1,76,131,0,131,120,1,119,94,0,94
S01013362,475,2,473,86,0,86,50,0,50,68,0,68,86,0,86,81,2,79,104,0,104
S01013363,713,4,709,103,0,103,101,0,101,113,0,113,160,1,159,116,2,114,120,1,119
S01013364,859,3,856,140,0,140,95,0,95,95,1,94,242,0,242,160,1,159,127,1,126
S01013365,760,10,750,92,0,92,67,1,66,91,3,88,180,1,179,211,4,207,119,1,118
S01013366,863,5,858,164,0,164,103,0,103,117,2,115,248,2,246,155,1,154,76,0,76
S01013367,566,2,564,96,0,96,71,0,71,48,0,48,181,1,180,122,1,121,48,0,48
S01013368,742,4,738,103,0,103,90,0,90,58,0,58,184,2,182,154,1,153,153,1,152
S01013369,856,5,851,145,0,145,94,0,94,105,1,104,185,3,182,156,0,156,171,1,170
S01013370,592,1,591,93,0,93,83,0,83,69,1,68,122,0,122,103,0,103,122,0,122
S01013371,636,2,634,78,0,78,66,0,66,48,1,47,118,1,117,114,0,114,212,0,212
S01013372,1055,4,1051,212,0,212,156,1,155,127,0,127,258,3,255,171,0,171,131,0,131
S01013373,890,5,885,133,0,133,83,0,83,109,1,108,217,2,215,162,0,162,186,2,184
S01013374,907,3,904,160,0,160,128,0,128,130,0,130,174,2,172,145,1,144,170,0,170
S01013375,550,2,548,83,0,83,59,1,58,76,0,76,114,0,114,102,1,101,116,0,116
S01013376,575,1,574,95,0,95,57,0,57,55,0,55,113,0,113,124,1,123,131,0,131
S01013377,749,4,745,95,0,95,74,0,74,79,0,79,149,0,149,165,1,164,187,3,184
S01013378,945,8,937,157,1,156,131,1,130,112,0,112,226,4,222,190,1,189,129,1,128
S01013379,799,1,798,94,0,94,85,0,85,90,0,90,192,1,191,214,0,214,124,0,124
S01013380,145,0,145,19,0,19,18,0,18,5,0,5,23,0,23,23,0,23,57,0,57
S01013381,475,7,468,72,0,72,54,0,54,53,2,51,109,3,106,90,1,89,97,1,96
S01013382,530,6,524,84,0,84,54,0,54,81,2,79,135,2,133,105,1,104,71,1,70
S01013383,652,4,648,71,0,71,88,0,88,58,0,58,150,0,150,118,3,115,167,1,166
S01013384,726,1,725,107,0,107,72,0,72,77,0,77,168,0,168,144,0,144,158,1,157
S01013385,469,1,468,62,0,62,42,0,42,67,0,67,95,0,95,115,0,115,88,1,87
S01013386,834,7,827,145,0,145,86,0,86,80,0,80,209,4,205,195,1,194,119,2,117
S01013387,592,3,589,121,1,120,60,0,60,72,0,72,122,0,122,106,1,105,111,1,110
S01013388,734,3,731,95,0,95,56,0,56,73,0,73,145,0,145,136,1,135,229,2,227
S01013389,726,0,726,103,0,103,80,0,80,115,0,115,170,0,170,160,0,160,98,0,98
S01013390,451,3,448,69,0,69,35,0,35,53,1,52,103,0,103,116,2,114,75,0,75
S01013391,422,0,422,66,0,66,38,0,38,57,0,57,85,0,85,100,0,100,76,0,76
S01013392,697,4,693,148,1,147,53,0,53,139,1,138,264,2,262,72,0,72,21,0,21
S01013393,666,2,664,103,0,103,69,0,69,108,0,108,160,0,160,106,0,106,120,2,118
S01013394,648,10,638,114,1,113,83,1,82,78,2,76,152,4,148,125,0,125,96,2,94
S01013395,672,3,669,154,0,154,109,1,108,135,2,133,133,0,133,86,0,86,55,0,55
S01013396,630,1,629,129,0,129,55,0,55,185,0,185,202,1,201,49,0,49,10,0,10
S01013397,825,4,821,120,0,120,91,0,91,125,2,123,192,0,192,169,1,168,128,1,127
S01013398,580,2,578,134,1,133,86,0,86,62,0,62,207,1,206,70,0,70,21,0,21
S01013399,1029,6,1023,190,1,189,76,1,75,208,2,206,287,1,286,126,1,125,142,0,142
S01013400,608,6,602,71,1,70,72,0,72,111,2,109,140,2,138,131,1,130,83,0,83
S01013401,739,5,734,123,0,123,88,1,87,210,1,209,238,2,236,62,1,61,18,0,18
S01013402,962,1,961,193,0,193,91,1,90,298,0,298,308,0,308,59,0,59,13,0,13
S01013403,816,3,813,194,0,194,97,1,96,188,0,188,263,2,261,56,0,56,18,0,18
S01013404,555,4,551,133,0,133,72,0,72,102,2,100,171,1,170,61,1,60,16,0,16
S01013405,652,3,649,81,0,81,62,0,62,75,1,74,142,1,141,121,1,120,171,0,171
S01013406,587,5,582,82,0,82,69,1,68,89,1,88,138,1,137,103,2,101,106,0,106
S01013407,510,0,510,74,0,74,48,0,48,66,0,66,131,0,131,92,0,92,99,0,99
S01013408,630,7,623,111,1,110,97,2,95,80,0,80,122,3,119,81,0,81,139,1,138
S01013409,1026,7,1019,192,0,192,146,1,145,137,0,137,248,4,244,193,2,191,110,0,110
S01013410,630,5,625,144,0,144,102,0,102,149,0,149,120,0,120,70,4,66,45,1,44
S01013411,694,6,688,90,1,89,86,0,86,102,2,100,177,1,176,131,2,129,108,0,108
S01013412,763,5,758,102,1,101,112,0,112,105,1,104,210,2,208,138,1,137,96,0,96
S01013413,754,5,749,118,0,118,59,1,58,71,0,71,188,1,187,158,0,158,160,3,157
S01013414,837,5,832,71,0,71,90,1,89,129,0,129,148,1,147,134,1,133,265,2,263
S01013415,628,8,620,62,0,62,67,3,64,102,1,101,116,1,115,124,1,123,157,2,155
S01013416,558,4,554,67,0,67,64,1,63,78,0,78,133,2,131,125,1,124,91,0,91
S01013417,801,8,793,71,0,71,102,2,100,141,0,141,175,3,172,171,1,170,141,2,139
S01013418,616,3,613,106,0,106,67,0,67,93,2,91,151,0,151,120,1,119,79,0,79
S01013419,453,4,449,66,0,66,47,0,47,44,1,43,116,0,116,108,1,107,72,2,70
S01013420,547,3,544,79,0,79,62,0,62,71,0,71,142,1,141,102,2,100,91,0,91
S01013421,757,6,751,192,0,192,62,1,61,111,0,111,264,2,262,97,2,95,31,1,30
S01013422,705,3,702,114,0,114,78,0,78,89,0,89,166,1,165,141,1,140,117,1,116
S01013423,794,4,790,126,1,125,94,0,94,67,1,66,214,0,214,171,1,170,122,1,121
S01013424,475,3,472,89,1,88,50,0,50,34,2,32,148,0,148,96,0,96,58,0,58
S01013425,412,2,410,54,0,54,36,0,36,50,1,49,98,1,97,102,0,102,72,0,72
S01013426,795,10,785,124,0,124,81,2,79,98,1,97,166,3,163,178,1,177,148,3,145
S01013427,432,3,429,84,0,84,47,0,47,47,0,47,166,2,164,60,1,59,28,0,28
S01013428,909,6,903,170,1,169,145,1,144,133,1,132,211,2,209,160,1,159,90,0,90
S01013429,647,2,645,98,0,98,72,0,72,110,0,110,163,1,162,120,1,119,84,0,84
S01013430,644,5,639,92,2,90,66,0,66,77,1,76,165,2,163,153,0,153,91,0,91
S01013431,667,3,664,104,1,103,90,0,90,59,0,59,153,1,152,130,1,129,131,0,131
S01013432,705,8,697,114,2,112,61,2,59,77,0,77,180,2,178,165,1,164,108,1,107
S01013433,720,4,716,119,0,119,57,0,57,44,0,44,183,3,180,182,1,181,135,0,135
S01013434,517,2,515,96,0,96,54,0,54,32,1,31,150,0,150,124,1,123,61,0,61
S01013435,648,6,642,160,2,158,76,0,76,30,0,30,191,2,189,157,1,156,34,1,33
S01013436,849,8,841,187,0,187,91,0,91,64,1,63,231,5,226,162,0,162,114,2,112
S01013437,628,7,621,67,0,67,74,0,74,118,2,116,150,3,147,132,2,130,87,0,87
S01013438,548,4,544,79,1,78,50,0,50,86,0,86,130,2,128,103,1,102,100,0,100
S01013439,872,11,861,134,0,134,70,0,70,41,1,40,198,4,194,241,3,238,188,3,185
S01013440,990,9,981,163,1,162,102,0,102,53,0,53,215,2,213,281,3,278,176,3,173
S01013441,740,5,735,101,0,101,46,0,46,78,0,78,166,2,164,186,2,184,163,1,162
S01013442,748,8,740,115,0,115,85,0,85,103,0,103,175,3,172,178,5,173,92,0,92
S01013443,612,6,606,103,0,103,49,0,49,76,1,75,152,4,148,126,0,126,106,1,105
S01013444,907,10,897,93,2,91,98,0,98,139,1,138,193,3,190,199,4,195,185,0,185
S01013445,708,4,704,128,0,128,45,0,45,27,0,27,140,2,138,148,2,146,220,0,220
S01013446,695,3,692,117,0,117,54,0,54,64,0,64,151,2,149,169,1,168,140,0,140
S01013447,613,4,609,192,0,192,60,0,60,38,3,35,232,1,231,80,0,80,11,0,11
S01013448,775,10,765,87,0,87,51,0,51,73,2,71,141,4,137,206,4,202,217,0,217
S01013449,622,10,612,98,0,98,59,0,59,61,0,61,146,5,141,162,3,159,96,2,94
S01013450,566,4,562,96,0,96,55,0,55,85,0,85,141,1,140,130,1,129,59,2,57
S01013451,845,5,840,177,1,176,118,0,118,54,0,54,238,1,237,221,3,218,37,0,37
S01013452,756,6,750,150,0,150,78,0,78,69,0,69,209,3,206,173,1,172,77,2,75
S01013453,742,6,736,143,0,143,88,1,87,101,0,101,176,2,174,125,0,125,109,3,106
S01013454,713,6,707,113,0,113,43,0,43,75,0,75,201,2,199,166,1,165,115,3,112
S01013455,541,4,537,74,0,74,39,0,39,77,1,76,125,1,124,118,1,117,108,1,107
S01013456,735,2,733,86,0,86,74,1,73,107,0,107,174,1,173,141,0,141,153,0,153
S01013457,871,6,865,143,0,143,118,2,116,94,4,90,188,0,188,175,0,175,153,0,153
S01013458,678,4,674,90,0,90,71,1,70,82,1,81,164,1,163,169,0,169,102,1,101
S01013459,822,9,813,99,0,99,74,5,69,97,1,96,186,2,184,180,1,179,186,0,186
S01013460,817,0,817,164,0,164,93,0,93,81,0,81,186,0,186,147,0,147,146,0,146
S01013461,1044,5,1039,215,0,215,116,0,116,172,0,172,291,3,288,154,1,153,96,1,95
S01013462,803,5,798,122,0,122,82,0,82,117,0,117,241,3,238,172,1,171,69,1,68
S01013463,553,2,551,149,0,149,49,0,49,104,0,104,163,1,162,67,0,67,21,1,20
S01013464,690,5,685,70,0,70,68,0,68,64,0,64,151,2,149,171,1,170,166,2,164
S01013465,655,4,651,68,0,68,51,0,51,66,0,66,141,0,141,157,2,155,172,2,170
S01013466,448,7,441,47,0,47,179,5,174,28,0,28,67,0,67,79,1,78,48,1,47
S01013467,883,4,879,162,0,162,58,0,58,122,0,122,271,3,268,138,0,138,132,1,131
S01013468,656,12,644,70,0,70,58,1,57,74,1,73,139,3,136,125,4,121,190,3,187
S01013469,723,3,720,78,0,78,60,0,60,64,0,64,149,1,148,191,1,190,181,1,180
S01013470,704,4,700,127,0,127,79,0,79,106,0,106,166,1,165,139,2,137,87,1,86
S01013471,897,8,889,154,0,154,119,1,118,120,2,118,185,2,183,194,3,191,125,0,125
S01013472,607,5,602,138,2,136,47,0,47,82,0,82,212,2,210,79,1,78,49,0,49
S01013473,638,4,634,169,0,169,55,0,55,74,0,74,253,3,250,66,0,66,21,1,20
S01013474,599,4,595,134,0,134,49,0,49,81,0,81,200,0,200,86,4,82,49,0,49
S01013475,598,7,591,87,2,85,85,0,85,53,1,52,142,2,140,147,2,145,84,0,84
S01013476,600,1,599,62,0,62,75,0,75,56,0,56,135,0,135,138,1,137,134,0,134
S01013477,575,6,569,63,0,63,62,0,62,76,0,76,128,3,125,137,0,137,109,3,106
S01013478,827,5,822,156,0,156,105,1,104,109,2,107,238,0,238,161,1,160,58,1,57
S01013479,761,2,759,78,0,78,78,1,77,120,0,120,150,0,150,153,0,153,182,1,181
S01013480,649,1,648,83,0,83,63,0,63,87,0,87,124,0,124,123,1,122,169,0,169
S01013481,436,2,434,43,0,43,51,0,51,41,0,41,102,1,101,93,1,92,106,0,106
