,,All people aged 3 and over,Understands speaks reads or writes Gaelic,No skills in Gaelic
S92000003,All people aged 3 and over,5118223,87056,5031167
S92000003,3 to 15,739151,9686,729465
S92000003,16 to 24,632488,9653,622835
S92000003,25 to 34,667327,10875,656452
S92000003,35 to 49,1145683,19155,1126528
S92000003,50 to 64,1043240,18999,1024241
S92000003,65 and over,890334,18688,871646
S01006506,All people aged 3 and over,834,13,821
S01006506,3 to 15,85,1,84
S01006506,16 to 24,79,0,79
S01006506,25 to 34,152,5,147
S01006506,35 to 49,213,3,210
S01006506,50 to 64,181,2,179
S01006506,65 and over,124,2,122
S01006507,All people aged 3 and over,815,1,814
S01006507,3 to 15,119,0,119
S01006507,16 to 24,80,0,80
S01006507,25 to 34,79,0,79
S01006507,35 to 49,177,1,176
S01006507,50 to 64,210,0,210
S01006507,65 and over,150,0,150
S01006508,All people aged 3 and over,618,13,605
S01006508,3 to 15,66,0,66
S01006508,16 to 24,63,0,63
S01006508,25 to 34,121,6,115
S01006508,35 to 49,172,5,167
S01006508,50 to 64,141,1,140
S01006508,65 and over,55,1,54
S01006509,All people aged 3 and over,559,6,553
S01006509,3 to 15,80,0,80
S01006509,16 to 24,45,0,45
S01006509,25 to 34,72,1,71
S01006509,35 to 49,130,0,130
S01006509,50 to 64,128,2,126
S01006509,65 and over,104,3,101
S01006510,All people aged 3 and over,626,10,616
S01006510,3 to 15,77,0,77
S01006510,16 to 24,64,0,64
S01006510,25 to 34,54,0,54
S01006510,35 to 49,140,2,138
S01006510,50 to 64,123,2,121
S01006510,65 and over,168,6,162
S01006511,All people aged 3 and over,738,3,735
S01006511,3 to 15,105,0,105
S01006511,16 to 24,80,0,80
S01006511,25 to 34,39,0,39
S01006511,35 to 49,153,0,153
S01006511,50 to 64,172,2,170
S01006511,65 and over,189,1,188
S01006512,All people aged 3 and over,504,2,502
S01006512,3 to 15,144,1,143
S01006512,16 to 24,45,0,45
S01006512,25 to 34,18,0,18
S01006512,35 to 49,145,0,145
S01006512,50 to 64,103,0,103
S01006512,65 and over,49,1,48
S01006513,All people aged 3 and over,631,4,627
S01006513,3 to 15,102,0,102
S01006513,16 to 24,44,0,44
S01006513,25 to 34,34,0,34
S01006513,35 to 49,136,2,134
S01006513,50 to 64,117,0,117
S01006513,65 and over,198,2,196
S01006514,All people aged 3 and over,1019,8,1011
S01006514,3 to 15,210,0,210
S01006514,16 to 24,101,1,100
S01006514,25 to 34,72,1,71
S01006514,35 to 49,233,1,232
S01006514,50 to 64,218,4,214
S01006514,65 and over,185,1,184
S01006515,All people aged 3 and over,745,8,737
S01006515,3 to 15,176,0,176
S01006515,16 to 24,71,1,70
S01006515,25 to 34,49,0,49
S01006515,35 to 49,174,3,171
S01006515,50 to 64,180,2,178
S01006515,65 and over,95,2,93
S01006516,All people aged 3 and over,527,8,519
S01006516,3 to 15,75,2,73
S01006516,16 to 24,75,0,75
S01006516,25 to 34,56,3,53
S01006516,35 to 49,117,0,117
S01006516,50 to 64,117,1,116
S01006516,65 and over,87,2,85
S01006517,All people aged 3 and over,989,11,978
S01006517,3 to 15,181,3,178
S01006517,16 to 24,95,0,95
S01006517,25 to 34,61,0,61
S01006517,35 to 49,219,3,216
S01006517,50 to 64,254,4,250
S01006517,65 and over,179,1,178
S01006518,All people aged 3 and over,613,4,609
S01006518,3 to 15,99,0,99
S01006518,16 to 24,57,0,57
S01006518,25 to 34,38,0,38
S01006518,35 to 49,128,3,125
S01006518,50 to 64,165,0,165
S01006518,65 and over,126,1,125
S01006519,All people aged 3 and over,850,11,839
S01006519,3 to 15,175,4,171
S01006519,16 to 24,105,1,104
S01006519,25 to 34,50,0,50
S01006519,35 to 49,177,2,175
S01006519,50 to 64,227,2,225
S01006519,65 and over,116,2,114
S01006520,All people aged 3 and over,707,2,705
S01006520,3 to 15,202,0,202
S01006520,16 to 24,78,0,78
S01006520,25 to 34,19,0,19
S01006520,35 to 49,212,0,212
S01006520,50 to 64,159,2,157
S01006520,65 and over,37,0,37
S01006521,All people aged 3 and over,635,16,619
S01006521,3 to 15,122,1,121
S01006521,16 to 24,66,3,63
S01006521,25 to 34,55,2,53
S01006521,35 to 49,182,8,174
S01006521,50 to 64,151,2,149
S01006521,65 and over,59,0,59
S01006522,All people aged 3 and over,544,7,537
S01006522,3 to 15,106,0,106
S01006522,16 to 24,42,0,42
S01006522,25 to 34,47,0,47
S01006522,35 to 49,134,1,133
S01006522,50 to 64,129,2,127
S01006522,65 and over,86,4,82
S01006523,All people aged 3 and over,910,12,898
S01006523,3 to 15,144,1,143
S01006523,16 to 24,80,0,80
S01006523,25 to 34,84,1,83
S01006523,35 to 49,198,0,198
S01006523,50 to 64,201,6,195
S01006523,65 and over,203,4,199
S01006524,All people aged 3 and over,895,6,889
S01006524,3 to 15,123,0,123
S01006524,16 to 24,84,1,83
S01006524,25 to 34,78,0,78
S01006524,35 to 49,166,1,165
S01006524,50 to 64,202,3,199
S01006524,65 and over,242,1,241
S01006525,All people aged 3 and over,778,5,773
S01006525,3 to 15,128,0,128
S01006525,16 to 24,69,0,69
S01006525,25 to 34,45,0,45
S01006525,35 to 49,173,0,173
S01006525,50 to 64,177,1,176
S01006525,65 and over,186,4,182
S01006526,All people aged 3 and over,873,10,863
S01006526,3 to 15,89,0,89
S01006526,16 to 24,185,6,179
S01006526,25 to 34,139,2,137
S01006526,35 to 49,149,1,148
S01006526,50 to 64,139,0,139
S01006526,65 and over,172,1,171
S01006527,All people aged 3 and over,660,4,656
S01006527,3 to 15,101,1,100
S01006527,16 to 24,104,1,103
S01006527,25 to 34,82,0,82
S01006527,35 to 49,134,2,132
S01006527,50 to 64,124,0,124
S01006527,65 and over,115,0,115
S01006528,All people aged 3 and over,1003,22,981
S01006528,3 to 15,127,1,126
S01006528,16 to 24,196,8,188
S01006528,25 to 34,181,7,174
S01006528,35 to 49,169,3,166
S01006528,50 to 64,150,1,149
S01006528,65 and over,180,2,178
S01006529,All people aged 3 and over,867,14,853
S01006529,3 to 15,77,0,77
S01006529,16 to 24,144,2,142
S01006529,25 to 34,203,7,196
S01006529,35 to 49,157,2,155
S01006529,50 to 64,129,2,127
S01006529,65 and over,157,1,156
S01006530,All people aged 3 and over,738,9,729
S01006530,3 to 15,67,1,66
S01006530,16 to 24,135,1,134
S01006530,25 to 34,105,3,102
S01006530,35 to 49,135,1,134
S01006530,50 to 64,179,2,177
S01006530,65 and over,117,1,116
S01006531,All people aged 3 and over,928,13,915
S01006531,3 to 15,117,0,117
S01006531,16 to 24,190,3,187
S01006531,25 to 34,145,3,142
S01006531,35 to 49,165,4,161
S01006531,50 to 64,152,1,151
S01006531,65 and over,159,2,157
S01006532,All people aged 3 and over,723,9,714
S01006532,3 to 15,79,0,79
S01006532,16 to 24,72,2,70
S01006532,25 to 34,82,1,81
S01006532,35 to 49,155,1,154
S01006532,50 to 64,130,1,129
S01006532,65 and over,205,4,201
S01006533,All people aged 3 and over,683,8,675
S01006533,3 to 15,89,0,89
S01006533,16 to 24,66,0,66
S01006533,25 to 34,68,1,67
S01006533,35 to 49,170,2,168
S01006533,50 to 64,169,4,165
S01006533,65 and over,121,1,120
S01006534,All people aged 3 and over,876,8,868
S01006534,3 to 15,147,0,147
S01006534,16 to 24,64,1,63
S01006534,25 to 34,115,0,115
S01006534,35 to 49,240,5,235
S01006534,50 to 64,173,1,172
S01006534,65 and over,137,1,136
S01006535,All people aged 3 and over,1002,23,979
S01006535,3 to 15,90,2,88
S01006535,16 to 24,137,1,136
S01006535,25 to 34,283,2,281
S01006535,35 to 49,233,10,223
S01006535,50 to 64,160,5,155
S01006535,65 and over,99,3,96
S01006536,All people aged 3 and over,980,18,962
S01006536,3 to 15,60,0,60
S01006536,16 to 24,182,7,175
S01006536,25 to 34,312,4,308
S01006536,35 to 49,214,6,208
S01006536,50 to 64,125,1,124
S01006536,65 and over,87,0,87
S01006537,All people aged 3 and over,730,16,714
S01006537,3 to 15,92,4,88
S01006537,16 to 24,51,3,48
S01006537,25 to 34,54,1,53
S01006537,35 to 49,157,1,156
S01006537,50 to 64,164,4,160
S01006537,65 and over,212,3,209
S01006538,All people aged 3 and over,548,15,533
S01006538,3 to 15,68,0,68
S01006538,16 to 24,54,1,53
S01006538,25 to 34,41,0,41
S01006538,35 to 49,124,6,118
S01006538,50 to 64,127,3,124
S01006538,65 and over,134,5,129
S01006539,All people aged 3 and over,722,2,720
S01006539,3 to 15,96,0,96
S01006539,16 to 24,54,1,53
S01006539,25 to 34,70,0,70
S01006539,35 to 49,151,0,151
S01006539,50 to 64,170,1,169
S01006539,65 and over,181,0,181
S01006540,All people aged 3 and over,918,11,907
S01006540,3 to 15,93,0,93
S01006540,16 to 24,85,2,83
S01006540,25 to 34,146,5,141
S01006540,35 to 49,220,2,218
S01006540,50 to 64,204,0,204
S01006540,65 and over,170,2,168
S01006541,All people aged 3 and over,761,10,751
S01006541,3 to 15,81,0,81
S01006541,16 to 24,48,0,48
S01006541,25 to 34,82,1,81
S01006541,35 to 49,168,1,167
S01006541,50 to 64,139,2,137
S01006541,65 and over,243,6,237
S01006542,All people aged 3 and over,973,10,963
S01006542,3 to 15,99,0,99
S01006542,16 to 24,64,0,64
S01006542,25 to 34,95,0,95
S01006542,35 to 49,210,3,207
S01006542,50 to 64,219,4,215
S01006542,65 and over,286,3,283
S01006543,All people aged 3 and over,771,15,756
S01006543,3 to 15,93,0,93
S01006543,16 to 24,54,0,54
S01006543,25 to 34,54,0,54
S01006543,35 to 49,172,4,168
S01006543,50 to 64,161,5,156
S01006543,65 and over,237,6,231
S01006544,All people aged 3 and over,1034,10,1024
S01006544,3 to 15,104,1,103
S01006544,16 to 24,103,1,102
S01006544,25 to 34,203,3,200
S01006544,35 to 49,231,1,230
S01006544,50 to 64,211,4,207
S01006544,65 and over,182,0,182
S01006545,All people aged 3 and over,1028,21,1007
S01006545,3 to 15,93,6,87
S01006545,16 to 24,74,2,72
S01006545,25 to 34,173,4,169
S01006545,35 to 49,191,3,188
S01006545,50 to 64,218,4,214
S01006545,65 and over,279,2,277
S01006546,All people aged 3 and over,613,5,608
S01006546,3 to 15,87,0,87
S01006546,16 to 24,58,0,58
S01006546,25 to 34,48,1,47
S01006546,35 to 49,137,2,135
S01006546,50 to 64,149,1,148
S01006546,65 and over,134,1,133
S01006547,All people aged 3 and over,880,10,870
S01006547,3 to 15,111,2,109
S01006547,16 to 24,86,3,83
S01006547,25 to 34,91,2,89
S01006547,35 to 49,167,1,166
S01006547,50 to 64,187,2,185
S01006547,65 and over,238,0,238
S01006548,All people aged 3 and over,700,10,690
S01006548,3 to 15,82,1,81
S01006548,16 to 24,58,0,58
S01006548,25 to 34,59,2,57
S01006548,35 to 49,138,4,134
S01006548,50 to 64,145,1,144
S01006548,65 and over,218,2,216
S01006549,All people aged 3 and over,789,7,782
S01006549,3 to 15,90,0,90
S01006549,16 to 24,68,0,68
S01006549,25 to 34,78,1,77
S01006549,35 to 49,181,2,179
S01006549,50 to 64,179,1,178
S01006549,65 and over,193,3,190
S01006550,All people aged 3 and over,921,9,912
S01006550,3 to 15,100,0,100
S01006550,16 to 24,73,0,73
S01006550,25 to 34,72,4,68
S01006550,35 to 49,182,3,179
S01006550,50 to 64,227,1,226
S01006550,65 and over,267,1,266
S01006551,All people aged 3 and over,673,8,665
S01006551,3 to 15,82,0,82
S01006551,16 to 24,53,2,51
S01006551,25 to 34,87,1,86
S01006551,35 to 49,153,1,152
S01006551,50 to 64,114,3,111
S01006551,65 and over,184,1,183
S01006552,All people aged 3 and over,842,2,840
S01006552,3 to 15,89,0,89
S01006552,16 to 24,75,0,75
S01006552,25 to 34,158,1,157
S01006552,35 to 49,163,0,163
S01006552,50 to 64,219,1,218
S01006552,65 and over,138,0,138
S01006553,All people aged 3 and over,825,8,817
S01006553,3 to 15,99,0,99
S01006553,16 to 24,54,2,52
S01006553,25 to 34,57,1,56
S01006553,35 to 49,151,1,150
S01006553,50 to 64,163,3,160
S01006553,65 and over,301,1,300
S01006554,All people aged 3 and over,691,11,680
S01006554,3 to 15,76,0,76
S01006554,16 to 24,70,1,69
S01006554,25 to 34,103,1,102
S01006554,35 to 49,141,3,138
S01006554,50 to 64,137,4,133
S01006554,65 and over,164,2,162
S01006555,All people aged 3 and over,774,17,757
S01006555,3 to 15,118,1,117
S01006555,16 to 24,86,2,84
S01006555,25 to 34,165,6,159
S01006555,35 to 49,199,4,195
S01006555,50 to 64,129,3,126
S01006555,65 and over,77,1,76
S01006556,All people aged 3 and over,808,6,802
S01006556,3 to 15,101,0,101
S01006556,16 to 24,87,2,85
S01006556,25 to 34,118,0,118
S01006556,35 to 49,159,1,158
S01006556,50 to 64,154,2,152
S01006556,65 and over,189,1,188
S01006557,All people aged 3 and over,674,3,671
S01006557,3 to 15,93,1,92
S01006557,16 to 24,87,0,87
S01006557,25 to 34,91,1,90
S01006557,35 to 49,171,0,171
S01006557,50 to 64,128,0,128
S01006557,65 and over,104,1,103
S01006558,All people aged 3 and over,607,11,596
S01006558,3 to 15,44,0,44
S01006558,16 to 24,77,0,77
S01006558,25 to 34,150,5,145
S01006558,35 to 49,134,1,133
S01006558,50 to 64,111,3,108
S01006558,65 and over,91,2,89
S01006559,All people aged 3 and over,594,9,585
S01006559,3 to 15,81,1,80
S01006559,16 to 24,83,2,81
S01006559,25 to 34,99,1,98
S01006559,35 to 49,126,1,125
S01006559,50 to 64,133,3,130
S01006559,65 and over,72,1,71
S01006560,All people aged 3 and over,998,10,988
S01006560,3 to 15,151,1,150
S01006560,16 to 24,95,0,95
S01006560,25 to 34,135,2,133
S01006560,35 to 49,235,2,233
S01006560,50 to 64,174,4,170
S01006560,65 and over,208,1,207
S01006561,All people aged 3 and over,745,9,736
S01006561,3 to 15,130,0,130
S01006561,16 to 24,72,2,70
S01006561,25 to 34,80,1,79
S01006561,35 to 49,177,2,175
S01006561,50 to 64,167,3,164
S01006561,65 and over,119,1,118
S01006562,All people aged 3 and over,708,4,704
S01006562,3 to 15,100,0,100
S01006562,16 to 24,64,0,64
S01006562,25 to 34,60,1,59
S01006562,35 to 49,157,0,157
S01006562,50 to 64,171,3,168
S01006562,65 and over,156,0,156
S01006563,All people aged 3 and over,797,7,790
S01006563,3 to 15,126,0,126
S01006563,16 to 24,74,0,74
S01006563,25 to 34,98,1,97
S01006563,35 to 49,191,3,188
S01006563,50 to 64,156,2,154
S01006563,65 and over,152,1,151
S01006564,All people aged 3 and over,957,36,921
S01006564,3 to 15,66,2,64
S01006564,16 to 24,207,10,197
S01006564,25 to 34,247,8,239
S01006564,35 to 49,204,9,195
S01006564,50 to 64,122,3,119
S01006564,65 and over,111,4,107
S01006565,All people aged 3 and over,966,22,944
S01006565,3 to 15,13,0,13
S01006565,16 to 24,328,10,318
S01006565,25 to 34,323,8,315
S01006565,35 to 49,156,2,154
S01006565,50 to 64,88,2,86
S01006565,65 and over,58,0,58
S01006566,All people aged 3 and over,735,17,718
S01006566,3 to 15,51,0,51
S01006566,16 to 24,105,3,102
S01006566,25 to 34,245,8,237
S01006566,35 to 49,150,3,147
S01006566,50 to 64,125,3,122
S01006566,65 and over,59,0,59
S01006567,All people aged 3 and over,817,25,792
S01006567,3 to 15,28,1,27
S01006567,16 to 24,190,7,183
S01006567,25 to 34,266,7,259
S01006567,35 to 49,141,5,136
S01006567,50 to 64,102,4,98
S01006567,65 and over,90,1,89
S01006568,All people aged 3 and over,901,14,887
S01006568,3 to 15,25,0,25
S01006568,16 to 24,209,6,203
S01006568,25 to 34,390,3,387
S01006568,35 to 49,171,4,167
S01006568,50 to 64,80,1,79
S01006568,65 and over,26,0,26
S01006569,All people aged 3 and over,542,9,533
S01006569,3 to 15,47,0,47
S01006569,16 to 24,91,2,89
S01006569,25 to 34,150,0,150
S01006569,35 to 49,123,3,120
S01006569,50 to 64,75,0,75
S01006569,65 and over,56,4,52
S01006570,All people aged 3 and over,758,6,752
S01006570,3 to 15,101,0,101
S01006570,16 to 24,98,0,98
S01006570,25 to 34,156,0,156
S01006570,35 to 49,184,2,182
S01006570,50 to 64,117,3,114
S01006570,65 and over,102,1,101
S01006571,All people aged 3 and over,856,8,848
S01006571,3 to 15,108,0,108
S01006571,16 to 24,100,3,97
S01006571,25 to 34,159,1,158
S01006571,35 to 49,227,0,227
S01006571,50 to 64,166,3,163
S01006571,65 and over,96,1,95
S01006572,All people aged 3 and over,873,8,865
S01006572,3 to 15,155,2,153
S01006572,16 to 24,75,1,74
S01006572,25 to 34,66,1,65
S01006572,35 to 49,214,2,212
S01006572,50 to 64,209,2,207
S01006572,65 and over,154,0,154
S01006573,All people aged 3 and over,706,6,700
S01006573,3 to 15,140,0,140
S01006573,16 to 24,67,1,66
S01006573,25 to 34,84,0,84
S01006573,35 to 49,197,4,193
S01006573,50 to 64,143,1,142
S01006573,65 and over,75,0,75
S01006574,All people aged 3 and over,974,11,963
S01006574,3 to 15,165,2,163
S01006574,16 to 24,97,0,97
S01006574,25 to 34,112,1,111
S01006574,35 to 49,221,1,220
S01006574,50 to 64,240,3,237
S01006574,65 and over,139,4,135
S01006575,All people aged 3 and over,910,11,899
S01006575,3 to 15,142,3,139
S01006575,16 to 24,116,2,114
S01006575,25 to 34,150,1,149
S01006575,35 to 49,238,3,235
S01006575,50 to 64,158,1,157
S01006575,65 and over,106,1,105
S01006576,All people aged 3 and over,695,7,688
S01006576,3 to 15,118,0,118
S01006576,16 to 24,79,0,79
S01006576,25 to 34,132,2,130
S01006576,35 to 49,190,4,186
S01006576,50 to 64,106,1,105
S01006576,65 and over,70,0,70
S01006577,All people aged 3 and over,748,11,737
S01006577,3 to 15,66,0,66
S01006577,16 to 24,106,3,103
S01006577,25 to 34,225,4,221
S01006577,35 to 49,152,1,151
S01006577,50 to 64,128,2,126
S01006577,65 and over,71,1,70
S01006578,All people aged 3 and over,1074,28,1046
S01006578,3 to 15,49,0,49
S01006578,16 to 24,207,6,201
S01006578,25 to 34,391,12,379
S01006578,35 to 49,202,8,194
S01006578,50 to 64,119,2,117
S01006578,65 and over,106,0,106
S01006579,All people aged 3 and over,945,17,928
S01006579,3 to 15,31,0,31
S01006579,16 to 24,210,2,208
S01006579,25 to 34,400,10,390
S01006579,35 to 49,175,4,171
S01006579,50 to 64,79,0,79
S01006579,65 and over,50,1,49
S01006580,All people aged 3 and over,700,12,688
S01006580,3 to 15,57,0,57
S01006580,16 to 24,96,2,94
S01006580,25 to 34,223,3,220
S01006580,35 to 49,152,3,149
S01006580,50 to 64,113,2,111
S01006580,65 and over,59,2,57
S01006581,All people aged 3 and over,877,14,863
S01006581,3 to 15,132,1,131
S01006581,16 to 24,81,3,78
S01006581,25 to 34,85,1,84
S01006581,35 to 49,229,5,224
S01006581,50 to 64,201,3,198
S01006581,65 and over,149,1,148
S01006582,All people aged 3 and over,847,19,828
S01006582,3 to 15,30,0,30
S01006582,16 to 24,205,7,198
S01006582,25 to 34,331,6,325
S01006582,35 to 49,151,2,149
S01006582,50 to 64,99,4,95
S01006582,65 and over,31,0,31
S01006583,All people aged 3 and over,699,15,684
S01006583,3 to 15,21,0,21
S01006583,16 to 24,250,7,243
S01006583,25 to 34,247,6,241
S01006583,35 to 49,120,2,118
S01006583,50 to 64,37,0,37
S01006583,65 and over,24,0,24
S01006584,All people aged 3 and over,607,10,597
S01006584,3 to 15,34,0,34
S01006584,16 to 24,179,4,175
S01006584,25 to 34,194,5,189
S01006584,35 to 49,114,0,114
S01006584,50 to 64,61,0,61
S01006584,65 and over,25,1,24
S01006585,All people aged 3 and over,780,7,773
S01006585,3 to 15,46,0,46
S01006585,16 to 24,179,3,176
S01006585,25 to 34,206,2,204
S01006585,35 to 49,127,1,126
S01006585,50 to 64,126,0,126
S01006585,65 and over,96,1,95
S01006586,All people aged 3 and over,1009,28,981
S01006586,3 to 15,18,2,16
S01006586,16 to 24,257,10,247
S01006586,25 to 34,314,12,302
S01006586,35 to 49,143,3,140
S01006586,50 to 64,149,1,148
S01006586,65 and over,128,0,128
S01006587,All people aged 3 and over,517,14,503
S01006587,3 to 15,13,0,13
S01006587,16 to 24,153,8,145
S01006587,25 to 34,199,4,195
S01006587,35 to 49,91,2,89
S01006587,50 to 64,48,0,48
S01006587,65 and over,13,0,13
S01006588,All people aged 3 and over,569,18,551
S01006588,3 to 15,18,0,18
S01006588,16 to 24,189,5,184
S01006588,25 to 34,245,12,233
S01006588,35 to 49,81,1,80
S01006588,50 to 64,36,0,36
S01006588,65 and over,0,0,0
S01006589,All people aged 3 and over,667,19,648
S01006589,3 to 15,37,0,37
S01006589,16 to 24,205,9,196
S01006589,25 to 34,235,4,231
S01006589,35 to 49,103,1,102
S01006589,50 to 64,67,3,64
S01006589,65 and over,20,2,18
S01006590,All people aged 3 and over,686,10,676
S01006590,3 to 15,30,0,30
S01006590,16 to 24,153,2,151
S01006590,25 to 34,266,5,261
S01006590,35 to 49,133,3,130
S01006590,50 to 64,74,0,74
S01006590,65 and over,30,0,30
S01006591,All people aged 3 and over,707,13,694
S01006591,3 to 15,53,1,52
S01006591,16 to 24,160,2,158
S01006591,25 to 34,228,4,224
S01006591,35 to 49,144,3,141
S01006591,50 to 64,102,3,99
S01006591,65 and over,20,0,20
S01006592,All people aged 3 and over,650,5,645
S01006592,3 to 15,43,0,43
S01006592,16 to 24,107,1,106
S01006592,25 to 34,284,4,280
S01006592,35 to 49,128,0,128
S01006592,50 to 64,61,0,61
S01006592,65 and over,27,0,27
S01006593,All people aged 3 and over,748,21,727
S01006593,3 to 15,41,0,41
S01006593,16 to 24,168,6,162
S01006593,25 to 34,253,8,245
S01006593,35 to 49,148,1,147
S01006593,50 to 64,83,3,80
S01006593,65 and over,55,3,52
S01006594,All people aged 3 and over,527,10,517
S01006594,3 to 15,19,0,19
S01006594,16 to 24,88,3,85
S01006594,25 to 34,145,3,142
S01006594,35 to 49,83,2,81
S01006594,50 to 64,77,0,77
S01006594,65 and over,115,2,113
S01006595,All people aged 3 and over,909,11,898
S01006595,3 to 15,57,0,57
S01006595,16 to 24,158,5,153
S01006595,25 to 34,352,3,349
S01006595,35 to 49,184,2,182
S01006595,50 to 64,110,1,109
S01006595,65 and over,48,0,48
S01006596,All people aged 3 and over,699,10,689
S01006596,3 to 15,60,0,60
S01006596,16 to 24,95,2,93
S01006596,25 to 34,188,4,184
S01006596,35 to 49,177,2,175
S01006596,50 to 64,107,2,105
S01006596,65 and over,72,0,72
S01006597,All people aged 3 and over,513,12,501
S01006597,3 to 15,15,0,15
S01006597,16 to 24,119,4,115
S01006597,25 to 34,217,6,211
S01006597,35 to 49,97,1,96
S01006597,50 to 64,39,0,39
S01006597,65 and over,26,1,25
S01006598,All people aged 3 and over,912,14,898
S01006598,3 to 15,107,1,106
S01006598,16 to 24,80,3,77
S01006598,25 to 34,175,2,173
S01006598,35 to 49,239,4,235
S01006598,50 to 64,200,3,197
S01006598,65 and over,111,1,110
S01006599,All people aged 3 and over,791,19,772
S01006599,3 to 15,40,1,39
S01006599,16 to 24,128,2,126
S01006599,25 to 34,177,2,175
S01006599,35 to 49,145,7,138
S01006599,50 to 64,142,2,140
S01006599,65 and over,159,5,154
S01006600,All people aged 3 and over,1081,17,1064
S01006600,3 to 15,103,1,102
S01006600,16 to 24,115,1,114
S01006600,25 to 34,209,4,205
S01006600,35 to 49,230,4,226
S01006600,50 to 64,165,4,161
S01006600,65 and over,259,3,256
S01006601,All people aged 3 and over,977,31,946
S01006601,3 to 15,78,5,73
S01006601,16 to 24,139,4,135
S01006601,25 to 34,236,6,230
S01006601,35 to 49,246,12,234
S01006601,50 to 64,156,1,155
S01006601,65 and over,122,3,119
S01006602,All people aged 3 and over,851,6,845
S01006602,3 to 15,114,0,114
S01006602,16 to 24,77,0,77
S01006602,25 to 34,112,0,112
S01006602,35 to 49,202,2,200
S01006602,50 to 64,156,2,154
S01006602,65 and over,190,2,188
S01006603,All people aged 3 and over,813,10,803
S01006603,3 to 15,109,2,107
S01006603,16 to 24,85,0,85
S01006603,25 to 34,126,4,122
S01006603,35 to 49,167,1,166
S01006603,50 to 64,166,2,164
S01006603,65 and over,160,1,159
S01006604,All people aged 3 and over,662,5,657
S01006604,3 to 15,75,0,75
S01006604,16 to 24,89,0,89
S01006604,25 to 34,69,2,67
S01006604,35 to 49,142,3,139
S01006604,50 to 64,160,0,160
S01006604,65 and over,127,0,127
S01006605,All people aged 3 and over,759,12,747
S01006605,3 to 15,101,0,101
S01006605,16 to 24,79,0,79
S01006605,25 to 34,136,5,131
S01006605,35 to 49,144,2,142
S01006605,50 to 64,120,4,116
S01006605,65 and over,179,1,178
S01006606,All people aged 3 and over,803,6,797
S01006606,3 to 15,71,0,71
S01006606,16 to 24,75,0,75
S01006606,25 to 34,83,1,82
S01006606,35 to 49,175,3,172
S01006606,50 to 64,177,0,177
S01006606,65 and over,222,2,220
S01006607,All people aged 3 and over,906,3,903
S01006607,3 to 15,137,0,137
S01006607,16 to 24,110,2,108
S01006607,25 to 34,98,0,98
S01006607,35 to 49,224,0,224
S01006607,50 to 64,168,0,168
S01006607,65 and over,169,1,168
S01006608,All people aged 3 and over,702,10,692
S01006608,3 to 15,104,2,102
S01006608,16 to 24,84,1,83
S01006608,25 to 34,81,1,80
S01006608,35 to 49,156,2,154
S01006608,50 to 64,158,4,154
S01006608,65 and over,119,0,119
S01006609,All people aged 3 and over,1031,13,1018
S01006609,3 to 15,145,1,144
S01006609,16 to 24,108,0,108
S01006609,25 to 34,128,7,121
S01006609,35 to 49,210,2,208
S01006609,50 to 64,228,2,226
S01006609,65 and over,212,1,211
S01006610,All people aged 3 and over,435,2,433
S01006610,3 to 15,49,0,49
S01006610,16 to 24,55,1,54
S01006610,25 to 34,59,0,59
S01006610,35 to 49,83,0,83
S01006610,50 to 64,88,0,88
S01006610,65 and over,101,1,100
S01006611,All people aged 3 and over,891,6,885
S01006611,3 to 15,119,0,119
S01006611,16 to 24,101,0,101
S01006611,25 to 34,136,1,135
S01006611,35 to 49,181,1,180
S01006611,50 to 64,171,2,169
S01006611,65 and over,183,2,181
S01006612,All people aged 3 and over,841,6,835
S01006612,3 to 15,100,0,100
S01006612,16 to 24,100,0,100
S01006612,25 to 34,107,0,107
S01006612,35 to 49,211,1,210
S01006612,50 to 64,177,4,173
S01006612,65 and over,146,1,145
S01006613,All people aged 3 and over,593,8,585
S01006613,3 to 15,100,0,100
S01006613,16 to 24,73,1,72
S01006613,25 to 34,80,3,77
S01006613,35 to 49,182,2,180
S01006613,50 to 64,111,1,110
S01006613,65 and over,47,1,46
S01006614,All people aged 3 and over,632,8,624
S01006614,3 to 15,141,1,140
S01006614,16 to 24,33,1,32
S01006614,25 to 34,121,2,119
S01006614,35 to 49,228,3,225
S01006614,50 to 64,87,1,86
S01006614,65 and over,22,0,22
S01006615,All people aged 3 and over,744,12,732
S01006615,3 to 15,181,2,179
S01006615,16 to 24,56,2,54
S01006615,25 to 34,133,1,132
S01006615,35 to 49,243,3,240
S01006615,50 to 64,96,3,93
S01006615,65 and over,35,1,34
S01006616,All people aged 3 and over,760,3,757
S01006616,3 to 15,95,2,93
S01006616,16 to 24,112,0,112
S01006616,25 to 34,162,1,161
S01006616,35 to 49,200,0,200
S01006616,50 to 64,156,0,156
S01006616,65 and over,35,0,35
S01006617,All people aged 3 and over,665,2,663
S01006617,3 to 15,91,0,91
S01006617,16 to 24,71,0,71
S01006617,25 to 34,65,0,65
S01006617,35 to 49,163,1,162
S01006617,50 to 64,163,1,162
S01006617,65 and over,112,0,112
S01006618,All people aged 3 and over,508,3,505
S01006618,3 to 15,39,0,39
S01006618,16 to 24,62,2,60
S01006618,25 to 34,43,0,43
S01006618,35 to 49,114,0,114
S01006618,50 to 64,164,1,163
S01006618,65 and over,86,0,86
S01006619,All people aged 3 and over,860,10,850
S01006619,3 to 15,116,0,116
S01006619,16 to 24,91,0,91
S01006619,25 to 34,104,2,102
S01006619,35 to 49,219,0,219
S01006619,50 to 64,229,6,223
S01006619,65 and over,101,2,99
S01006620,All people aged 3 and over,818,9,809
S01006620,3 to 15,80,0,80
S01006620,16 to 24,91,2,89
S01006620,25 to 34,135,0,135
S01006620,35 to 49,174,3,171
S01006620,50 to 64,207,3,204
S01006620,65 and over,131,1,130
S01006621,All people aged 3 and over,499,1,498
S01006621,3 to 15,71,0,71
S01006621,16 to 24,48,0,48
S01006621,25 to 34,70,0,70
S01006621,35 to 49,119,1,118
S01006621,50 to 64,128,0,128
S01006621,65 and over,63,0,63
S01006622,All people aged 3 and over,645,5,640
S01006622,3 to 15,96,0,96
S01006622,16 to 24,76,0,76
S01006622,25 to 34,128,1,127
S01006622,35 to 49,197,3,194
S01006622,50 to 64,120,1,119
S01006622,65 and over,28,0,28
S01006623,All people aged 3 and over,743,6,737
S01006623,3 to 15,73,1,72
S01006623,16 to 24,84,1,83
S01006623,25 to 34,118,1,117
S01006623,35 to 49,171,2,169
S01006623,50 to 64,140,0,140
S01006623,65 and over,157,1,156
S01006624,All people aged 3 and over,937,19,918
S01006624,3 to 15,46,0,46
S01006624,16 to 24,151,2,149
S01006624,25 to 34,271,5,266
S01006624,35 to 49,233,7,226
S01006624,50 to 64,145,5,140
S01006624,65 and over,91,0,91
S01006625,All people aged 3 and over,599,6,593
S01006625,3 to 15,52,0,52
S01006625,16 to 24,85,0,85
S01006625,25 to 34,94,3,91
S01006625,35 to 49,136,1,135
S01006625,50 to 64,140,1,139
S01006625,65 and over,92,1,91
S01006626,All people aged 3 and over,696,13,683
S01006626,3 to 15,82,0,82
S01006626,16 to 24,96,1,95
S01006626,25 to 34,119,4,115
S01006626,35 to 49,149,6,143
S01006626,50 to 64,123,2,121
S01006626,65 and over,127,0,127
S01006627,All people aged 3 and over,822,27,795
S01006627,3 to 15,49,0,49
S01006627,16 to 24,138,4,134
S01006627,25 to 34,227,12,215
S01006627,35 to 49,222,6,216
S01006627,50 to 64,135,4,131
S01006627,65 and over,51,1,50
S01006628,All people aged 3 and over,1046,27,1019
S01006628,3 to 15,68,1,67
S01006628,16 to 24,202,5,197
S01006628,25 to 34,331,14,317
S01006628,35 to 49,256,3,253
S01006628,50 to 64,151,3,148
S01006628,65 and over,38,1,37
S01006629,All people aged 3 and over,771,12,759
S01006629,3 to 15,121,0,121
S01006629,16 to 24,115,5,110
S01006629,25 to 34,110,1,109
S01006629,35 to 49,156,4,152
S01006629,50 to 64,137,1,136
S01006629,65 and over,132,1,131
S01006630,All people aged 3 and over,605,12,593
S01006630,3 to 15,116,1,115
S01006630,16 to 24,83,1,82
S01006630,25 to 34,63,0,63
S01006630,35 to 49,127,3,124
S01006630,50 to 64,140,6,134
S01006630,65 and over,76,1,75
S01006631,All people aged 3 and over,908,7,901
S01006631,3 to 15,103,0,103
S01006631,16 to 24,98,0,98
S01006631,25 to 34,163,0,163
S01006631,35 to 49,194,5,189
S01006631,50 to 64,165,2,163
S01006631,65 and over,185,0,185
S01006632,All people aged 3 and over,772,15,757
S01006632,3 to 15,114,0,114
S01006632,16 to 24,83,3,80
S01006632,25 to 34,171,1,170
S01006632,35 to 49,174,4,170
S01006632,50 to 64,145,5,140
S01006632,65 and over,85,2,83
S01006633,All people aged 3 and over,670,10,660
S01006633,3 to 15,141,0,141
S01006633,16 to 24,97,0,97
S01006633,25 to 34,98,4,94
S01006633,35 to 49,146,1,145
S01006633,50 to 64,121,4,117
S01006633,65 and over,67,1,66
S01006634,All people aged 3 and over,601,16,585
S01006634,3 to 15,136,2,134
S01006634,16 to 24,79,1,78
S01006634,25 to 34,120,5,115
S01006634,35 to 49,131,5,126
S01006634,50 to 64,92,2,90
S01006634,65 and over,43,1,42
S01006635,All people aged 3 and over,631,5,626
S01006635,3 to 15,109,0,109
S01006635,16 to 24,81,1,80
S01006635,25 to 34,83,0,83
S01006635,35 to 49,161,3,158
S01006635,50 to 64,99,1,98
S01006635,65 and over,98,0,98
S01006636,All people aged 3 and over,819,14,805
S01006636,3 to 15,178,2,176
S01006636,16 to 24,100,2,98
S01006636,25 to 34,125,2,123
S01006636,35 to 49,211,6,205
S01006636,50 to 64,112,0,112
S01006636,65 and over,93,2,91
S01006637,All people aged 3 and over,730,18,712
S01006637,3 to 15,31,0,31
S01006637,16 to 24,136,6,130
S01006637,25 to 34,185,2,183
S01006637,35 to 49,133,6,127
S01006637,50 to 64,127,3,124
S01006637,65 and over,118,1,117
S01006638,All people aged 3 and over,824,20,804
S01006638,3 to 15,29,0,29
S01006638,16 to 24,243,5,238
S01006638,25 to 34,237,8,229
S01006638,35 to 49,148,4,144
S01006638,50 to 64,96,3,93
S01006638,65 and over,71,0,71
S01006639,All people aged 3 and over,929,16,913
S01006639,3 to 15,29,0,29
S01006639,16 to 24,258,5,253
S01006639,25 to 34,241,7,234
S01006639,35 to 49,128,3,125
S01006639,50 to 64,120,0,120
S01006639,65 and over,153,1,152
S01006640,All people aged 3 and over,705,9,696
S01006640,3 to 15,21,0,21
S01006640,16 to 24,285,3,282
S01006640,25 to 34,268,6,262
S01006640,35 to 49,82,0,82
S01006640,50 to 64,43,0,43
S01006640,65 and over,6,0,6
S01006641,All people aged 3 and over,1021,24,997
S01006641,3 to 15,41,0,41
S01006641,16 to 24,324,7,317
S01006641,25 to 34,336,12,324
S01006641,35 to 49,152,4,148
S01006641,50 to 64,113,1,112
S01006641,65 and over,55,0,55
S01006642,All people aged 3 and over,1351,30,1321
S01006642,3 to 15,19,1,18
S01006642,16 to 24,801,14,787
S01006642,25 to 34,276,5,271
S01006642,35 to 49,124,7,117
S01006642,50 to 64,89,3,86
S01006642,65 and over,42,0,42
S01006643,All people aged 3 and over,717,21,696
S01006643,3 to 15,8,0,8
S01006643,16 to 24,343,12,331
S01006643,25 to 34,224,8,216
S01006643,35 to 49,76,1,75
S01006643,50 to 64,45,0,45
S01006643,65 and over,21,0,21
S01006644,All people aged 3 and over,950,25,925
S01006644,3 to 15,35,0,35
S01006644,16 to 24,365,10,355
S01006644,25 to 34,276,8,268
S01006644,35 to 49,147,5,142
S01006644,50 to 64,84,1,83
S01006644,65 and over,43,1,42
S01006645,All people aged 3 and over,639,13,626
S01006645,3 to 15,62,2,60
S01006645,16 to 24,108,0,108
S01006645,25 to 34,161,2,159
S01006645,35 to 49,136,5,131
S01006645,50 to 64,104,3,101
S01006645,65 and over,68,1,67
S01006646,All people aged 3 and over,993,21,972
S01006646,3 to 15,14,0,14
S01006646,16 to 24,597,16,581
S01006646,25 to 34,219,2,217
S01006646,35 to 49,66,1,65
S01006646,50 to 64,41,2,39
S01006646,65 and over,56,0,56
S01006647,All people aged 3 and over,621,20,601
S01006647,3 to 15,71,0,71
S01006647,16 to 24,141,5,136
S01006647,25 to 34,135,6,129
S01006647,35 to 49,120,4,116
S01006647,50 to 64,89,5,84
S01006647,65 and over,65,0,65
S01006648,All people aged 3 and over,1774,57,1717
S01006648,3 to 15,44,1,43
S01006648,16 to 24,956,29,927
S01006648,25 to 34,451,14,437
S01006648,35 to 49,200,8,192
S01006648,50 to 64,95,5,90
S01006648,65 and over,28,0,28
S01006649,All people aged 3 and over,935,35,900
S01006649,3 to 15,43,0,43
S01006649,16 to 24,320,17,303
S01006649,25 to 34,291,12,279
S01006649,35 to 49,147,6,141
S01006649,50 to 64,100,0,100
S01006649,65 and over,34,0,34
S01006650,All people aged 3 and over,845,21,824
S01006650,3 to 15,32,0,32
S01006650,16 to 24,294,11,283
S01006650,25 to 34,270,8,262
S01006650,35 to 49,123,1,122
S01006650,50 to 64,85,1,84
S01006650,65 and over,41,0,41
S01006651,All people aged 3 and over,629,17,612
S01006651,3 to 15,17,0,17
S01006651,16 to 24,203,6,197
S01006651,25 to 34,164,9,155
S01006651,35 to 49,78,2,76
S01006651,50 to 64,87,0,87
S01006651,65 and over,80,0,80
S01006652,All people aged 3 and over,539,9,530
S01006652,3 to 15,23,0,23
S01006652,16 to 24,184,2,182
S01006652,25 to 34,182,4,178
S01006652,35 to 49,84,2,82
S01006652,50 to 64,32,1,31
S01006652,65 and over,34,0,34
S01006653,All people aged 3 and over,547,5,542
S01006653,3 to 15,34,0,34
S01006653,16 to 24,139,0,139
S01006653,25 to 34,165,3,162
S01006653,35 to 49,98,1,97
S01006653,50 to 64,75,1,74
S01006653,65 and over,36,0,36
S01006654,All people aged 3 and over,884,15,869
S01006654,3 to 15,86,1,85
S01006654,16 to 24,155,5,150
S01006654,25 to 34,172,5,167
S01006654,35 to 49,183,1,182
S01006654,50 to 64,154,3,151
S01006654,65 and over,134,0,134
S01006655,All people aged 3 and over,699,10,689
S01006655,3 to 15,49,0,49
S01006655,16 to 24,113,5,108
S01006655,25 to 34,159,0,159
S01006655,35 to 49,178,2,176
S01006655,50 to 64,123,1,122
S01006655,65 and over,77,2,75
S01006656,All people aged 3 and over,940,24,916
S01006656,3 to 15,82,0,82
S01006656,16 to 24,245,8,237
S01006656,25 to 34,274,8,266
S01006656,35 to 49,181,2,179
S01006656,50 to 64,101,4,97
S01006656,65 and over,57,2,55
S01006657,All people aged 3 and over,520,6,514
S01006657,3 to 15,38,0,38
S01006657,16 to 24,140,2,138
S01006657,25 to 34,154,3,151
S01006657,35 to 49,116,0,116
S01006657,50 to 64,55,1,54
S01006657,65 and over,17,0,17
S01006658,All people aged 3 and over,993,37,956
S01006658,3 to 15,115,5,110
S01006658,16 to 24,295,19,276
S01006658,25 to 34,283,12,271
S01006658,35 to 49,178,1,177
S01006658,50 to 64,80,0,80
S01006658,65 and over,42,0,42
S01006659,All people aged 3 and over,617,22,595
S01006659,3 to 15,23,0,23
S01006659,16 to 24,258,11,247
S01006659,25 to 34,121,6,115
S01006659,35 to 49,73,1,72
S01006659,50 to 64,77,1,76
S01006659,65 and over,65,3,62
S01006660,All people aged 3 and over,507,16,491
S01006660,3 to 15,82,0,82
S01006660,16 to 24,157,10,147
S01006660,25 to 34,130,3,127
S01006660,35 to 49,101,1,100
S01006660,50 to 64,30,2,28
S01006660,65 and over,7,0,7
S01006661,All people aged 3 and over,610,9,601
S01006661,3 to 15,20,0,20
S01006661,16 to 24,229,4,225
S01006661,25 to 34,140,2,138
S01006661,35 to 49,64,1,63
S01006661,50 to 64,98,1,97
S01006661,65 and over,59,1,58
S01006662,All people aged 3 and over,805,17,788
S01006662,3 to 15,67,2,65
S01006662,16 to 24,333,6,327
S01006662,25 to 34,201,5,196
S01006662,35 to 49,117,3,114
S01006662,50 to 64,67,0,67
S01006662,65 and over,20,1,19
S01006663,All people aged 3 and over,542,10,532
S01006663,3 to 15,20,0,20
S01006663,16 to 24,285,4,281
S01006663,25 to 34,111,3,108
S01006663,35 to 49,56,2,54
S01006663,50 to 64,47,1,46
S01006663,65 and over,23,0,23
S01006664,All people aged 3 and over,501,11,490
S01006664,3 to 15,30,0,30
S01006664,16 to 24,206,6,200
S01006664,25 to 34,118,4,114
S01006664,35 to 49,61,0,61
S01006664,50 to 64,57,0,57
S01006664,65 and over,29,1,28
S01006665,All people aged 3 and over,703,14,689
S01006665,3 to 15,22,0,22
S01006665,16 to 24,344,9,335
S01006665,25 to 34,156,3,153
S01006665,35 to 49,77,0,77
S01006665,50 to 64,53,1,52
S01006665,65 and over,51,1,50
S01006666,All people aged 3 and over,830,15,815
S01006666,3 to 15,88,0,88
S01006666,16 to 24,105,5,100
S01006666,25 to 34,159,4,155
S01006666,35 to 49,142,0,142
S01006666,50 to 64,159,5,154
S01006666,65 and over,177,1,176
S01006667,All people aged 3 and over,720,25,695
S01006667,3 to 15,67,3,64
S01006667,16 to 24,110,2,108
S01006667,25 to 34,164,11,153
S01006667,35 to 49,154,4,150
S01006667,50 to 64,132,5,127
S01006667,65 and over,93,0,93
S01006668,All people aged 3 and over,894,28,866
S01006668,3 to 15,36,0,36
S01006668,16 to 24,426,12,414
S01006668,25 to 34,228,11,217
S01006668,35 to 49,94,4,90
S01006668,50 to 64,69,1,68
S01006668,65 and over,41,0,41
S01006669,All people aged 3 and over,1202,40,1162
S01006669,3 to 15,41,1,40
S01006669,16 to 24,543,13,530
S01006669,25 to 34,192,14,178
S01006669,35 to 49,132,7,125
S01006669,50 to 64,153,2,151
S01006669,65 and over,141,3,138
S01006670,All people aged 3 and over,915,14,901
S01006670,3 to 15,14,0,14
S01006670,16 to 24,435,7,428
S01006670,25 to 34,191,3,188
S01006670,35 to 49,107,3,104
S01006670,50 to 64,72,0,72
S01006670,65 and over,96,1,95
S01006671,All people aged 3 and over,2402,73,2329
S01006671,3 to 15,47,1,46
S01006671,16 to 24,1817,65,1752
S01006671,25 to 34,283,4,279
S01006671,35 to 49,115,2,113
S01006671,50 to 64,66,1,65
S01006671,65 and over,74,0,74
S01006672,All people aged 3 and over,771,23,748
S01006672,3 to 15,86,2,84
S01006672,16 to 24,206,8,198
S01006672,25 to 34,168,6,162
S01006672,35 to 49,134,4,130
S01006672,50 to 64,82,1,81
S01006672,65 and over,95,2,93
S01006673,All people aged 3 and over,831,11,820
S01006673,3 to 15,71,1,70
S01006673,16 to 24,254,7,247
S01006673,25 to 34,181,3,178
S01006673,35 to 49,160,0,160
S01006673,50 to 64,118,0,118
S01006673,65 and over,47,0,47
S01006674,All people aged 3 and over,887,17,870
S01006674,3 to 15,108,0,108
S01006674,16 to 24,97,0,97
S01006674,25 to 34,169,5,164
S01006674,35 to 49,168,3,165
S01006674,50 to 64,153,5,148
S01006674,65 and over,192,4,188
S01006675,All people aged 3 and over,658,19,639
S01006675,3 to 15,128,2,126
S01006675,16 to 24,109,7,102
S01006675,25 to 34,147,3,144
S01006675,35 to 49,174,6,168
S01006675,50 to 64,90,1,89
S01006675,65 and over,10,0,10
S01006676,All people aged 3 and over,702,11,691
S01006676,3 to 15,96,0,96
S01006676,16 to 24,105,2,103
S01006676,25 to 34,139,2,137
S01006676,35 to 49,135,2,133
S01006676,50 to 64,125,5,120
S01006676,65 and over,102,0,102
S01006677,All people aged 3 and over,691,15,676
S01006677,3 to 15,70,0,70
S01006677,16 to 24,139,5,134
S01006677,25 to 34,134,5,129
S01006677,35 to 49,155,4,151
S01006677,50 to 64,123,1,122
S01006677,65 and over,70,0,70
S01006678,All people aged 3 and over,1083,20,1063
S01006678,3 to 15,148,1,147
S01006678,16 to 24,179,6,173
S01006678,25 to 34,234,9,225
S01006678,35 to 49,230,4,226
S01006678,50 to 64,176,0,176
S01006678,65 and over,116,0,116
S01006679,All people aged 3 and over,628,3,625
S01006679,3 to 15,47,0,47
S01006679,16 to 24,75,1,74
S01006679,25 to 34,82,0,82
S01006679,35 to 49,143,1,142
S01006679,50 to 64,154,1,153
S01006679,65 and over,127,0,127
S01006680,All people aged 3 and over,792,8,784
S01006680,3 to 15,124,2,122
S01006680,16 to 24,80,0,80
S01006680,25 to 34,226,4,222
S01006680,35 to 49,172,2,170
S01006680,50 to 64,109,0,109
S01006680,65 and over,81,0,81
S01006681,All people aged 3 and over,818,15,803
S01006681,3 to 15,53,0,53
S01006681,16 to 24,94,2,92
S01006681,25 to 34,158,4,154
S01006681,35 to 49,145,3,142
S01006681,50 to 64,118,4,114
S01006681,65 and over,250,2,248
S01006682,All people aged 3 and over,810,14,796
S01006682,3 to 15,148,1,147
S01006682,16 to 24,129,2,127
S01006682,25 to 34,158,5,153
S01006682,35 to 49,180,1,179
S01006682,50 to 64,121,5,116
S01006682,65 and over,74,0,74
S01006683,All people aged 3 and over,820,18,802
S01006683,3 to 15,123,1,122
S01006683,16 to 24,174,7,167
S01006683,25 to 34,207,5,202
S01006683,35 to 49,200,4,196
S01006683,50 to 64,76,0,76
S01006683,65 and over,40,1,39
S01006684,All people aged 3 and over,651,22,629
S01006684,3 to 15,46,2,44
S01006684,16 to 24,116,2,114
S01006684,25 to 34,158,7,151
S01006684,35 to 49,171,7,164
S01006684,50 to 64,116,3,113
S01006684,65 and over,44,1,43
S01006685,All people aged 3 and over,715,16,699
S01006685,3 to 15,77,2,75
S01006685,16 to 24,104,2,102
S01006685,25 to 34,166,5,161
S01006685,35 to 49,165,2,163
S01006685,50 to 64,117,3,114
S01006685,65 and over,86,2,84
S01006686,All people aged 3 and over,594,8,586
S01006686,3 to 15,73,0,73
S01006686,16 to 24,78,1,77
S01006686,25 to 34,114,0,114
S01006686,35 to 49,130,2,128
S01006686,50 to 64,107,2,105
S01006686,65 and over,92,3,89
S01006687,All people aged 3 and over,795,13,782
S01006687,3 to 15,76,1,75
S01006687,16 to 24,112,1,111
S01006687,25 to 34,156,4,152
S01006687,35 to 49,148,4,144
S01006687,50 to 64,159,2,157
S01006687,65 and over,144,1,143
S01006688,All people aged 3 and over,925,5,920
S01006688,3 to 15,74,0,74
S01006688,16 to 24,84,0,84
S01006688,25 to 34,98,1,97
S01006688,35 to 49,149,0,149
S01006688,50 to 64,206,2,204
S01006688,65 and over,314,2,312
S01006689,All people aged 3 and over,601,13,588
S01006689,3 to 15,55,0,55
S01006689,16 to 24,100,2,98
S01006689,25 to 34,151,0,151
S01006689,35 to 49,128,7,121
S01006689,50 to 64,112,4,108
S01006689,65 and over,55,0,55
S01006690,All people aged 3 and over,570,8,562
S01006690,3 to 15,37,0,37
S01006690,16 to 24,110,0,110
S01006690,25 to 34,125,3,122
S01006690,35 to 49,103,1,102
S01006690,50 to 64,96,2,94
S01006690,65 and over,99,2,97
S01006691,All people aged 3 and over,537,8,529
S01006691,3 to 15,40,1,39
S01006691,16 to 24,121,1,120
S01006691,25 to 34,129,5,124
S01006691,35 to 49,107,1,106
S01006691,50 to 64,74,0,74
S01006691,65 and over,66,0,66
S01006692,All people aged 3 and over,715,9,706
S01006692,3 to 15,46,0,46
S01006692,16 to 24,125,0,125
S01006692,25 to 34,103,1,102
S01006692,35 to 49,121,3,118
S01006692,50 to 64,172,4,168
S01006692,65 and over,148,1,147
S01006693,All people aged 3 and over,960,12,948
S01006693,3 to 15,126,0,126
S01006693,16 to 24,180,2,178
S01006693,25 to 34,221,5,216
S01006693,35 to 49,191,2,189
S01006693,50 to 64,141,3,138
S01006693,65 and over,101,0,101
S01006694,All people aged 3 and over,823,9,814
S01006694,3 to 15,88,3,85
S01006694,16 to 24,80,0,80
S01006694,25 to 34,92,1,91
S01006694,35 to 49,110,1,109
S01006694,50 to 64,146,2,144
S01006694,65 and over,307,2,305
S01006695,All people aged 3 and over,691,5,686
S01006695,3 to 15,83,1,82
S01006695,16 to 24,65,0,65
S01006695,25 to 34,76,2,74
S01006695,35 to 49,147,1,146
S01006695,50 to 64,154,0,154
S01006695,65 and over,166,1,165
S01006696,All people aged 3 and over,824,8,816
S01006696,3 to 15,129,2,127
S01006696,16 to 24,126,1,125
S01006696,25 to 34,121,0,121
S01006696,35 to 49,160,5,155
S01006696,50 to 64,135,0,135
S01006696,65 and over,153,0,153
S01006697,All people aged 3 and over,895,9,886
S01006697,3 to 15,123,1,122
S01006697,16 to 24,135,0,135
S01006697,25 to 34,109,0,109
S01006697,35 to 49,210,6,204
S01006697,50 to 64,149,2,147
S01006697,65 and over,169,0,169
S01006698,All people aged 3 and over,664,6,658
S01006698,3 to 15,56,0,56
S01006698,16 to 24,93,1,92
S01006698,25 to 34,152,0,152
S01006698,35 to 49,103,0,103
S01006698,50 to 64,96,3,93
S01006698,65 and over,164,2,162
S01006699,All people aged 3 and over,455,4,451
S01006699,3 to 15,45,0,45
S01006699,16 to 24,72,0,72
S01006699,25 to 34,75,1,74
S01006699,35 to 49,97,2,95
S01006699,50 to 64,82,1,81
S01006699,65 and over,84,0,84
S01006700,All people aged 3 and over,813,23,790
S01006700,3 to 15,59,2,57
S01006700,16 to 24,117,7,110
S01006700,25 to 34,140,4,136
S01006700,35 to 49,133,2,131
S01006700,50 to 64,162,5,157
S01006700,65 and over,202,3,199
S01006701,All people aged 3 and over,704,13,691
S01006701,3 to 15,150,0,150
S01006701,16 to 24,67,5,62
S01006701,25 to 34,124,2,122
S01006701,35 to 49,155,3,152
S01006701,50 to 64,114,2,112
S01006701,65 and over,94,1,93
S01006702,All people aged 3 and over,728,1,727
S01006702,3 to 15,93,0,93
S01006702,16 to 24,63,0,63
S01006702,25 to 34,99,0,99
S01006702,35 to 49,147,0,147
S01006702,50 to 64,173,0,173
S01006702,65 and over,153,1,152
S01006703,All people aged 3 and over,650,11,639
S01006703,3 to 15,128,3,125
S01006703,16 to 24,69,1,68
S01006703,25 to 34,82,3,79
S01006703,35 to 49,153,1,152
S01006703,50 to 64,124,3,121
S01006703,65 and over,94,0,94
S01006704,All people aged 3 and over,573,6,567
S01006704,3 to 15,92,1,91
S01006704,16 to 24,65,0,65
S01006704,25 to 34,95,1,94
S01006704,35 to 49,124,0,124
S01006704,50 to 64,122,4,118
S01006704,65 and over,75,0,75
S01006705,All people aged 3 and over,717,3,714
S01006705,3 to 15,90,0,90
S01006705,16 to 24,71,0,71
S01006705,25 to 34,80,0,80
S01006705,35 to 49,139,1,138
S01006705,50 to 64,174,2,172
S01006705,65 and over,163,0,163
S01006706,All people aged 3 and over,592,1,591
S01006706,3 to 15,97,0,97
S01006706,16 to 24,76,0,76
S01006706,25 to 34,82,1,81
S01006706,35 to 49,143,0,143
S01006706,50 to 64,110,0,110
S01006706,65 and over,84,0,84
S01006707,All people aged 3 and over,659,10,649
S01006707,3 to 15,116,0,116
S01006707,16 to 24,77,1,76
S01006707,25 to 34,105,4,101
S01006707,35 to 49,160,2,158
S01006707,50 to 64,121,3,118
S01006707,65 and over,80,0,80
S01006708,All people aged 3 and over,770,9,761
S01006708,3 to 15,102,0,102
S01006708,16 to 24,71,0,71
S01006708,25 to 34,76,3,73
S01006708,35 to 49,167,3,164
S01006708,50 to 64,155,1,154
S01006708,65 and over,199,2,197
S01006709,All people aged 3 and over,821,10,811
S01006709,3 to 15,143,0,143
S01006709,16 to 24,111,1,110
S01006709,25 to 34,113,2,111
S01006709,35 to 49,163,3,160
S01006709,50 to 64,163,2,161
S01006709,65 and over,128,2,126
S01006710,All people aged 3 and over,835,5,830
S01006710,3 to 15,82,0,82
S01006710,16 to 24,69,0,69
S01006710,25 to 34,77,2,75
S01006710,35 to 49,153,1,152
S01006710,50 to 64,225,1,224
S01006710,65 and over,229,1,228
S01006711,All people aged 3 and over,908,10,898
S01006711,3 to 15,101,0,101
S01006711,16 to 24,81,1,80
S01006711,25 to 34,108,2,106
S01006711,35 to 49,169,0,169
S01006711,50 to 64,254,5,249
S01006711,65 and over,195,2,193
S01006712,All people aged 3 and over,502,4,498
S01006712,3 to 15,48,0,48
S01006712,16 to 24,40,1,39
S01006712,25 to 34,60,0,60
S01006712,35 to 49,104,2,102
S01006712,50 to 64,121,0,121
S01006712,65 and over,129,1,128
S01006713,All people aged 3 and over,919,8,911
S01006713,3 to 15,131,4,127
S01006713,16 to 24,111,1,110
S01006713,25 to 34,97,0,97
S01006713,35 to 49,209,1,208
S01006713,50 to 64,199,2,197
S01006713,65 and over,172,0,172
S01006714,All people aged 3 and over,688,6,682
S01006714,3 to 15,99,0,99
S01006714,16 to 24,71,2,69
S01006714,25 to 34,68,1,67
S01006714,35 to 49,136,0,136
S01006714,50 to 64,168,1,167
S01006714,65 and over,146,2,144
S01006715,All people aged 3 and over,595,3,592
S01006715,3 to 15,156,0,156
S01006715,16 to 24,84,0,84
S01006715,25 to 34,69,1,68
S01006715,35 to 49,146,2,144
S01006715,50 to 64,89,0,89
S01006715,65 and over,51,0,51
S01006716,All people aged 3 and over,586,11,575
S01006716,3 to 15,90,1,89
S01006716,16 to 24,88,2,86
S01006716,25 to 34,73,4,69
S01006716,35 to 49,132,2,130
S01006716,50 to 64,134,1,133
S01006716,65 and over,69,1,68
S01006717,All people aged 3 and over,939,10,929
S01006717,3 to 15,120,0,120
S01006717,16 to 24,89,3,86
S01006717,25 to 34,141,2,139
S01006717,35 to 49,178,0,178
S01006717,50 to 64,209,2,207
S01006717,65 and over,202,3,199
S01006718,All people aged 3 and over,616,3,613
S01006718,3 to 15,97,0,97
S01006718,16 to 24,89,0,89
S01006718,25 to 34,53,0,53
S01006718,35 to 49,145,2,143
S01006718,50 to 64,134,1,133
S01006718,65 and over,98,0,98
S01006719,All people aged 3 and over,886,8,878
S01006719,3 to 15,162,0,162
S01006719,16 to 24,113,0,113
S01006719,25 to 34,115,2,113
S01006719,35 to 49,212,3,209
S01006719,50 to 64,179,3,176
S01006719,65 and over,105,0,105
S01006720,All people aged 3 and over,565,1,564
S01006720,3 to 15,88,0,88
S01006720,16 to 24,57,0,57
S01006720,25 to 34,81,1,80
S01006720,35 to 49,125,0,125
S01006720,50 to 64,140,0,140
S01006720,65 and over,74,0,74
S01006721,All people aged 3 and over,858,6,852
S01006721,3 to 15,123,1,122
S01006721,16 to 24,100,0,100
S01006721,25 to 34,117,3,114
S01006721,35 to 49,187,1,186
S01006721,50 to 64,201,1,200
S01006721,65 and over,130,0,130
S01006722,All people aged 3 and over,748,2,746
S01006722,3 to 15,129,1,128
S01006722,16 to 24,94,0,94
S01006722,25 to 34,107,0,107
S01006722,35 to 49,141,0,141
S01006722,50 to 64,166,1,165
S01006722,65 and over,111,0,111
S01006723,All people aged 3 and over,638,11,627
S01006723,3 to 15,85,2,83
S01006723,16 to 24,68,1,67
S01006723,25 to 34,79,4,75
S01006723,35 to 49,144,1,143
S01006723,50 to 64,158,2,156
S01006723,65 and over,104,1,103
S01006724,All people aged 3 and over,954,21,933
S01006724,3 to 15,267,3,264
S01006724,16 to 24,156,2,154
S01006724,25 to 34,132,4,128
S01006724,35 to 49,238,10,228
S01006724,50 to 64,122,0,122
S01006724,65 and over,39,2,37
S01006725,All people aged 3 and over,642,7,635
S01006725,3 to 15,110,1,109
S01006725,16 to 24,85,1,84
S01006725,25 to 34,80,0,80
S01006725,35 to 49,135,2,133
S01006725,50 to 64,156,3,153
S01006725,65 and over,76,0,76
S01006726,All people aged 3 and over,1325,25,1300
S01006726,3 to 15,340,5,335
S01006726,16 to 24,215,2,213
S01006726,25 to 34,236,10,226
S01006726,35 to 49,316,4,312
S01006726,50 to 64,165,4,161
S01006726,65 and over,53,0,53
S01006727,All people aged 3 and over,974,8,966
S01006727,3 to 15,190,1,189
S01006727,16 to 24,144,0,144
S01006727,25 to 34,156,4,152
S01006727,35 to 49,207,2,205
S01006727,50 to 64,151,0,151
S01006727,65 and over,126,1,125
S01006728,All people aged 3 and over,716,13,703
S01006728,3 to 15,128,2,126
S01006728,16 to 24,94,3,91
S01006728,25 to 34,103,1,102
S01006728,35 to 49,158,3,155
S01006728,50 to 64,130,3,127
S01006728,65 and over,103,1,102
S01006729,All people aged 3 and over,791,11,780
S01006729,3 to 15,152,0,152
S01006729,16 to 24,108,0,108
S01006729,25 to 34,99,7,92
S01006729,35 to 49,193,2,191
S01006729,50 to 64,143,1,142
S01006729,65 and over,96,1,95
S01006730,All people aged 3 and over,687,9,678
S01006730,3 to 15,108,0,108
S01006730,16 to 24,84,1,83
S01006730,25 to 34,91,2,89
S01006730,35 to 49,156,1,155
S01006730,50 to 64,163,5,158
S01006730,65 and over,85,0,85
S01006731,All people aged 3 and over,559,4,555
S01006731,3 to 15,77,0,77
S01006731,16 to 24,73,1,72
S01006731,25 to 34,64,0,64
S01006731,35 to 49,124,1,123
S01006731,50 to 64,153,0,153
S01006731,65 and over,68,2,66
S01006732,All people aged 3 and over,1019,7,1012
S01006732,3 to 15,161,0,161
S01006732,16 to 24,182,4,178
S01006732,25 to 34,110,1,109
S01006732,35 to 49,239,1,238
S01006732,50 to 64,186,1,185
S01006732,65 and over,141,0,141
S01006733,All people aged 3 and over,858,8,850
S01006733,3 to 15,212,2,210
S01006733,16 to 24,68,0,68
S01006733,25 to 34,74,1,73
S01006733,35 to 49,307,5,302
S01006733,50 to 64,138,0,138
S01006733,65 and over,59,0,59
S01006734,All people aged 3 and over,924,5,919
S01006734,3 to 15,168,0,168
S01006734,16 to 24,63,0,63
S01006734,25 to 34,127,1,126
S01006734,35 to 49,274,4,270
S01006734,50 to 64,166,0,166
S01006734,65 and over,126,0,126
S01006735,All people aged 3 and over,599,8,591
S01006735,3 to 15,98,1,97
S01006735,16 to 24,50,1,49
S01006735,25 to 34,35,0,35
S01006735,35 to 49,117,1,116
S01006735,50 to 64,161,4,157
S01006735,65 and over,138,1,137
S01006736,All people aged 3 and over,997,11,986
S01006736,3 to 15,225,1,224
S01006736,16 to 24,68,1,67
S01006736,25 to 34,199,0,199
S01006736,35 to 49,329,6,323
S01006736,50 to 64,146,2,144
S01006736,65 and over,30,1,29
S01006737,All people aged 3 and over,652,11,641
S01006737,3 to 15,108,2,106
S01006737,16 to 24,51,0,51
S01006737,25 to 34,76,2,74
S01006737,35 to 49,157,2,155
S01006737,50 to 64,146,3,143
S01006737,65 and over,114,2,112
S01006738,All people aged 3 and over,793,9,784
S01006738,3 to 15,79,0,79
S01006738,16 to 24,85,3,82
S01006738,25 to 34,231,1,230
S01006738,35 to 49,191,3,188
S01006738,50 to 64,143,1,142
S01006738,65 and over,64,1,63
S01006739,All people aged 3 and over,581,7,574
S01006739,3 to 15,52,0,52
S01006739,16 to 24,66,1,65
S01006739,25 to 34,144,3,141
S01006739,35 to 49,141,1,140
S01006739,50 to 64,109,2,107
S01006739,65 and over,69,0,69
S01006740,All people aged 3 and over,712,10,702
S01006740,3 to 15,75,0,75
S01006740,16 to 24,81,0,81
S01006740,25 to 34,94,0,94
S01006740,35 to 49,143,4,139
S01006740,50 to 64,178,3,175
S01006740,65 and over,141,3,138
S01006741,All people aged 3 and over,643,7,636
S01006741,3 to 15,47,0,47
S01006741,16 to 24,40,0,40
S01006741,25 to 34,76,3,73
S01006741,35 to 49,109,2,107
S01006741,50 to 64,150,2,148
S01006741,65 and over,221,0,221
S01006742,All people aged 3 and over,440,4,436
S01006742,3 to 15,52,0,52
S01006742,16 to 24,27,1,26
S01006742,25 to 34,62,1,61
S01006742,35 to 49,91,0,91
S01006742,50 to 64,70,0,70
S01006742,65 and over,138,2,136
S01006743,All people aged 3 and over,524,6,518
S01006743,3 to 15,43,0,43
S01006743,16 to 24,61,0,61
S01006743,25 to 34,84,0,84
S01006743,35 to 49,113,1,112
S01006743,50 to 64,110,3,107
S01006743,65 and over,113,2,111
S01006744,All people aged 3 and over,584,4,580
S01006744,3 to 15,60,0,60
S01006744,16 to 24,60,1,59
S01006744,25 to 34,98,2,96
S01006744,35 to 49,144,0,144
S01006744,50 to 64,143,1,142
S01006744,65 and over,79,0,79
S01006745,All people aged 3 and over,801,15,786
S01006745,3 to 15,94,2,92
S01006745,16 to 24,93,2,91
S01006745,25 to 34,92,1,91
S01006745,35 to 49,179,5,174
S01006745,50 to 64,162,0,162
S01006745,65 and over,181,5,176
S01006746,All people aged 3 and over,814,1,813
S01006746,3 to 15,102,0,102
S01006746,16 to 24,101,1,100
S01006746,25 to 34,97,0,97
S01006746,35 to 49,169,0,169
S01006746,50 to 64,149,0,149
S01006746,65 and over,196,0,196
S01006747,All people aged 3 and over,800,4,796
S01006747,3 to 15,72,0,72
S01006747,16 to 24,61,1,60
S01006747,25 to 34,57,0,57
S01006747,35 to 49,165,2,163
S01006747,50 to 64,175,1,174
S01006747,65 and over,270,0,270
S01006748,All people aged 3 and over,896,7,889
S01006748,3 to 15,124,0,124
S01006748,16 to 24,74,2,72
S01006748,25 to 34,92,0,92
S01006748,35 to 49,196,2,194
S01006748,50 to 64,212,1,211
S01006748,65 and over,198,2,196
S01006749,All people aged 3 and over,884,6,878
S01006749,3 to 15,111,2,109
S01006749,16 to 24,79,1,78
S01006749,25 to 34,126,0,126
S01006749,35 to 49,183,1,182
S01006749,50 to 64,221,0,221
S01006749,65 and over,164,2,162
S01006750,All people aged 3 and over,699,8,691
S01006750,3 to 15,72,3,69
S01006750,16 to 24,76,2,74
S01006750,25 to 34,70,0,70
S01006750,35 to 49,129,1,128
S01006750,50 to 64,168,1,167
S01006750,65 and over,184,1,183
S01006751,All people aged 3 and over,495,3,492
S01006751,3 to 15,59,0,59
S01006751,16 to 24,41,0,41
S01006751,25 to 34,50,0,50
S01006751,35 to 49,105,0,105
S01006751,50 to 64,112,0,112
S01006751,65 and over,128,3,125
S01006752,All people aged 3 and over,688,8,680
S01006752,3 to 15,92,0,92
S01006752,16 to 24,65,1,64
S01006752,25 to 34,84,2,82
S01006752,35 to 49,128,1,127
S01006752,50 to 64,148,2,146
S01006752,65 and over,171,2,169
S01006753,All people aged 3 and over,884,11,873
S01006753,3 to 15,105,2,103
S01006753,16 to 24,82,0,82
S01006753,25 to 34,77,1,76
S01006753,35 to 49,192,1,191
S01006753,50 to 64,194,3,191
S01006753,65 and over,234,4,230
S01006754,All people aged 3 and over,881,8,873
S01006754,3 to 15,73,0,73
S01006754,16 to 24,85,0,85
S01006754,25 to 34,72,0,72
S01006754,35 to 49,201,3,198
S01006754,50 to 64,222,1,221
S01006754,65 and over,228,4,224
S01006755,All people aged 3 and over,708,6,702
S01006755,3 to 15,134,1,133
S01006755,16 to 24,70,1,69
S01006755,25 to 34,118,1,117
S01006755,35 to 49,204,2,202
S01006755,50 to 64,115,1,114
S01006755,65 and over,67,0,67
S01006756,All people aged 3 and over,695,13,682
S01006756,3 to 15,79,1,78
S01006756,16 to 24,101,2,99
S01006756,25 to 34,183,3,180
S01006756,35 to 49,161,6,155
S01006756,50 to 64,83,1,82
S01006756,65 and over,88,0,88
S01006757,All people aged 3 and over,816,6,810
S01006757,3 to 15,67,1,66
S01006757,16 to 24,86,0,86
S01006757,25 to 34,134,3,131
S01006757,35 to 49,177,2,175
S01006757,50 to 64,168,0,168
S01006757,65 and over,184,0,184
S01006758,All people aged 3 and over,677,7,670
S01006758,3 to 15,78,0,78
S01006758,16 to 24,70,0,70
S01006758,25 to 34,96,3,93
S01006758,35 to 49,173,1,172
S01006758,50 to 64,179,1,178
S01006758,65 and over,81,2,79
S01006759,All people aged 3 and over,580,1,579
S01006759,3 to 15,88,0,88
S01006759,16 to 24,58,0,58
S01006759,25 to 34,63,0,63
S01006759,35 to 49,135,1,134
S01006759,50 to 64,155,0,155
S01006759,65 and over,81,0,81
S01006760,All people aged 3 and over,469,5,464
S01006760,3 to 15,48,0,48
S01006760,16 to 24,57,0,57
S01006760,25 to 34,102,0,102
S01006760,35 to 49,107,0,107
S01006760,50 to 64,104,1,103
S01006760,65 and over,51,4,47
S01006761,All people aged 3 and over,683,5,678
S01006761,3 to 15,54,0,54
S01006761,16 to 24,70,1,69
S01006761,25 to 34,71,0,71
S01006761,35 to 49,130,2,128
S01006761,50 to 64,219,0,219
S01006761,65 and over,139,2,137
S01006762,All people aged 3 and over,792,4,788
S01006762,3 to 15,74,0,74
S01006762,16 to 24,48,0,48
S01006762,25 to 34,62,0,62
S01006762,35 to 49,127,1,126
S01006762,50 to 64,238,1,237
S01006762,65 and over,243,2,241
S01006763,All people aged 3 and over,810,7,803
S01006763,3 to 15,143,0,143
S01006763,16 to 24,86,0,86
S01006763,25 to 34,186,4,182
S01006763,35 to 49,256,3,253
S01006763,50 to 64,115,0,115
S01006763,65 and over,24,0,24
S01006764,All people aged 3 and over,756,12,744
S01006764,3 to 15,91,0,91
S01006764,16 to 24,92,2,90
S01006764,25 to 34,158,1,157
S01006764,35 to 49,190,5,185
S01006764,50 to 64,186,3,183
S01006764,65 and over,39,1,38
S01006765,All people aged 3 and over,571,10,561
S01006765,3 to 15,71,0,71
S01006765,16 to 24,70,2,68
S01006765,25 to 34,117,2,115
S01006765,35 to 49,141,0,141
S01006765,50 to 64,133,3,130
S01006765,65 and over,39,3,36
S01006766,All people aged 3 and over,597,11,586
S01006766,3 to 15,92,2,90
S01006766,16 to 24,78,0,78
S01006766,25 to 34,81,4,77
S01006766,35 to 49,149,1,148
S01006766,50 to 64,158,2,156
S01006766,65 and over,39,2,37
S01006767,All people aged 3 and over,668,5,663
S01006767,3 to 15,77,0,77
S01006767,16 to 24,91,0,91
S01006767,25 to 34,81,1,80
S01006767,35 to 49,141,1,140
S01006767,50 to 64,169,1,168
S01006767,65 and over,109,2,107
S01006768,All people aged 3 and over,586,3,583
S01006768,3 to 15,79,0,79
S01006768,16 to 24,87,0,87
S01006768,25 to 34,51,0,51
S01006768,35 to 49,137,2,135
S01006768,50 to 64,180,1,179
S01006768,65 and over,52,0,52
S01006769,All people aged 3 and over,929,3,926
S01006769,3 to 15,136,0,136
S01006769,16 to 24,97,0,97
S01006769,25 to 34,127,0,127
S01006769,35 to 49,196,1,195
S01006769,50 to 64,233,1,232
S01006769,65 and over,140,1,139
S01006770,All people aged 3 and over,642,8,634
S01006770,3 to 15,75,0,75
S01006770,16 to 24,47,0,47
S01006770,25 to 34,74,1,73
S01006770,35 to 49,114,2,112
S01006770,50 to 64,234,5,229
S01006770,65 and over,98,0,98
S01006771,All people aged 3 and over,453,1,452
S01006771,3 to 15,75,0,75
S01006771,16 to 24,76,0,76
S01006771,25 to 34,54,0,54
S01006771,35 to 49,107,1,106
S01006771,50 to 64,113,0,113
S01006771,65 and over,28,0,28
S01006772,All people aged 3 and over,823,4,819
S01006772,3 to 15,95,0,95
S01006772,16 to 24,86,1,85
S01006772,25 to 34,103,0,103
S01006772,35 to 49,193,1,192
S01006772,50 to 64,246,2,244
S01006772,65 and over,100,0,100
S01006773,All people aged 3 and over,714,3,711
S01006773,3 to 15,110,0,110
S01006773,16 to 24,85,1,84
S01006773,25 to 34,47,0,47
S01006773,35 to 49,166,1,165
S01006773,50 to 64,174,0,174
S01006773,65 and over,132,1,131
S01006774,All people aged 3 and over,635,4,631
S01006774,3 to 15,95,0,95
S01006774,16 to 24,86,0,86
S01006774,25 to 34,60,1,59
S01006774,35 to 49,134,1,133
S01006774,50 to 64,213,2,211
S01006774,65 and over,47,0,47
S01006775,All people aged 3 and over,600,10,590
S01006775,3 to 15,51,1,50
S01006775,16 to 24,74,1,73
S01006775,25 to 34,106,1,105
S01006775,35 to 49,147,4,143
S01006775,50 to 64,117,1,116
S01006775,65 and over,105,2,103
S01006776,All people aged 3 and over,488,5,483
S01006776,3 to 15,41,0,41
S01006776,16 to 24,29,0,29
S01006776,25 to 34,57,2,55
S01006776,35 to 49,77,0,77
S01006776,50 to 64,121,2,119
S01006776,65 and over,163,1,162
S01006777,All people aged 3 and over,630,3,627
S01006777,3 to 15,77,0,77
S01006777,16 to 24,53,0,53
S01006777,25 to 34,57,1,56
S01006777,35 to 49,111,0,111
S01006777,50 to 64,232,1,231
S01006777,65 and over,100,1,99
S01006778,All people aged 3 and over,622,2,620
S01006778,3 to 15,56,0,56
S01006778,16 to 24,65,0,65
S01006778,25 to 34,67,2,65
S01006778,35 to 49,124,0,124
S01006778,50 to 64,185,0,185
S01006778,65 and over,125,0,125
S01006779,All people aged 3 and over,601,5,596
S01006779,3 to 15,74,0,74
S01006779,16 to 24,72,1,71
S01006779,25 to 34,61,1,60
S01006779,35 to 49,123,1,122
S01006779,50 to 64,121,2,119
S01006779,65 and over,150,0,150
S01006780,All people aged 3 and over,563,4,559
S01006780,3 to 15,65,0,65
S01006780,16 to 24,58,1,57
S01006780,25 to 34,78,1,77
S01006780,35 to 49,95,0,95
S01006780,50 to 64,158,2,156
S01006780,65 and over,109,0,109
S01006781,All people aged 3 and over,675,8,667
S01006781,3 to 15,68,0,68
S01006781,16 to 24,82,2,80
S01006781,25 to 34,47,0,47
S01006781,35 to 49,127,1,126
S01006781,50 to 64,173,2,171
S01006781,65 and over,178,3,175
S01006782,All people aged 3 and over,723,9,714
S01006782,3 to 15,99,0,99
S01006782,16 to 24,79,1,78
S01006782,25 to 34,103,1,102
S01006782,35 to 49,194,3,191
S01006782,50 to 64,153,4,149
S01006782,65 and over,95,0,95
S01006783,All people aged 3 and over,655,6,649
S01006783,3 to 15,70,0,70
S01006783,16 to 24,60,0,60
S01006783,25 to 34,53,2,51
S01006783,35 to 49,123,2,121
S01006783,50 to 64,143,0,143
S01006783,65 and over,206,2,204
S01006784,All people aged 3 and over,586,16,570
S01006784,3 to 15,38,0,38
S01006784,16 to 24,67,1,66
S01006784,25 to 34,104,2,102
S01006784,35 to 49,131,7,124
S01006784,50 to 64,137,5,132
S01006784,65 and over,109,1,108
S01006785,All people aged 3 and over,589,3,586
S01006785,3 to 15,94,0,94
S01006785,16 to 24,79,1,78
S01006785,25 to 34,80,0,80
S01006785,35 to 49,155,0,155
S01006785,50 to 64,123,2,121
S01006785,65 and over,58,0,58
S01006786,All people aged 3 and over,806,9,797
S01006786,3 to 15,134,0,134
S01006786,16 to 24,88,2,86
S01006786,25 to 34,109,1,108
S01006786,35 to 49,204,1,203
S01006786,50 to 64,195,2,193
S01006786,65 and over,76,3,73
S01006787,All people aged 3 and over,636,5,631
S01006787,3 to 15,67,0,67
S01006787,16 to 24,75,1,74
S01006787,25 to 34,58,0,58
S01006787,35 to 49,111,1,110
S01006787,50 to 64,195,3,192
S01006787,65 and over,130,0,130
S01006788,All people aged 3 and over,793,16,777
S01006788,3 to 15,131,0,131
S01006788,16 to 24,71,2,69
S01006788,25 to 34,131,3,128
S01006788,35 to 49,220,8,212
S01006788,50 to 64,141,2,139
S01006788,65 and over,99,1,98
S01006789,All people aged 3 and over,625,11,614
S01006789,3 to 15,73,2,71
S01006789,16 to 24,37,1,36
S01006789,25 to 34,52,0,52
S01006789,35 to 49,140,4,136
S01006789,50 to 64,136,3,133
S01006789,65 and over,187,1,186
S01006790,All people aged 3 and over,875,18,857
S01006790,3 to 15,109,6,103
S01006790,16 to 24,65,1,64
S01006790,25 to 34,53,2,51
S01006790,35 to 49,176,2,174
S01006790,50 to 64,188,2,186
S01006790,65 and over,284,5,279
S01006791,All people aged 3 and over,519,9,510
S01006791,3 to 15,73,0,73
S01006791,16 to 24,41,2,39
S01006791,25 to 34,41,1,40
S01006791,35 to 49,117,3,114
S01006791,50 to 64,139,2,137
S01006791,65 and over,108,1,107
S01006792,All people aged 3 and over,476,3,473
S01006792,3 to 15,60,0,60
S01006792,16 to 24,33,0,33
S01006792,25 to 34,34,0,34
S01006792,35 to 49,123,1,122
S01006792,50 to 64,113,2,111
S01006792,65 and over,113,0,113
S01006793,All people aged 3 and over,544,9,535
S01006793,3 to 15,66,2,64
S01006793,16 to 24,55,1,54
S01006793,25 to 34,46,1,45
S01006793,35 to 49,103,1,102
S01006793,50 to 64,141,2,139
S01006793,65 and over,133,2,131
S01006794,All people aged 3 and over,552,4,548
S01006794,3 to 15,53,1,52
S01006794,16 to 24,52,1,51
S01006794,25 to 34,41,0,41
S01006794,35 to 49,100,0,100
S01006794,50 to 64,162,1,161
S01006794,65 and over,144,1,143
S01006795,All people aged 3 and over,706,4,702
S01006795,3 to 15,119,1,118
S01006795,16 to 24,58,0,58
S01006795,25 to 34,68,0,68
S01006795,35 to 49,142,0,142
S01006795,50 to 64,171,0,171
S01006795,65 and over,148,3,145
S01006796,All people aged 3 and over,545,6,539
S01006796,3 to 15,109,0,109
S01006796,16 to 24,58,2,56
S01006796,25 to 34,69,0,69
S01006796,35 to 49,133,3,130
S01006796,50 to 64,90,1,89
S01006796,65 and over,86,0,86
S01006797,All people aged 3 and over,608,4,604
S01006797,3 to 15,108,0,108
S01006797,16 to 24,51,1,50
S01006797,25 to 34,46,0,46
S01006797,35 to 49,156,1,155
S01006797,50 to 64,159,2,157
S01006797,65 and over,88,0,88
S01006798,All people aged 3 and over,611,4,607
S01006798,3 to 15,118,2,116
S01006798,16 to 24,53,0,53
S01006798,25 to 34,40,0,40
S01006798,35 to 49,141,1,140
S01006798,50 to 64,164,0,164
S01006798,65 and over,95,1,94
S01006799,All people aged 3 and over,867,10,857
S01006799,3 to 15,122,1,121
S01006799,16 to 24,78,2,76
S01006799,25 to 34,94,1,93
S01006799,35 to 49,181,1,180
S01006799,50 to 64,174,2,172
S01006799,65 and over,218,3,215
S01006800,All people aged 3 and over,832,7,825
S01006800,3 to 15,145,2,143
S01006800,16 to 24,95,0,95
S01006800,25 to 34,49,1,48
S01006800,35 to 49,172,3,169
S01006800,50 to 64,236,1,235
S01006800,65 and over,135,0,135
S01006801,All people aged 3 and over,927,10,917
S01006801,3 to 15,131,0,131
S01006801,16 to 24,68,1,67
S01006801,25 to 34,76,3,73
S01006801,35 to 49,222,2,220
S01006801,50 to 64,198,1,197
S01006801,65 and over,232,3,229
S01006802,All people aged 3 and over,646,5,641
S01006802,3 to 15,90,0,90
S01006802,16 to 24,71,0,71
S01006802,25 to 34,64,0,64
S01006802,35 to 49,164,2,162
S01006802,50 to 64,138,2,136
S01006802,65 and over,119,1,118
S01006803,All people aged 3 and over,666,6,660
S01006803,3 to 15,95,0,95
S01006803,16 to 24,64,0,64
S01006803,25 to 34,78,2,76
S01006803,35 to 49,136,1,135
S01006803,50 to 64,126,0,126
S01006803,65 and over,167,3,164
S01006804,All people aged 3 and over,705,2,703
S01006804,3 to 15,127,0,127
S01006804,16 to 24,40,0,40
S01006804,25 to 34,123,1,122
S01006804,35 to 49,192,0,192
S01006804,50 to 64,126,1,125
S01006804,65 and over,97,0,97
S01006805,All people aged 3 and over,1083,11,1072
S01006805,3 to 15,189,1,188
S01006805,16 to 24,145,2,143
S01006805,25 to 34,124,0,124
S01006805,35 to 49,262,6,256
S01006805,50 to 64,213,2,211
S01006805,65 and over,150,0,150
S01006806,All people aged 3 and over,999,10,989
S01006806,3 to 15,150,0,150
S01006806,16 to 24,95,2,93
S01006806,25 to 34,117,0,117
S01006806,35 to 49,236,4,232
S01006806,50 to 64,247,2,245
S01006806,65 and over,154,2,152
S01006807,All people aged 3 and over,596,3,593
S01006807,3 to 15,112,1,111
S01006807,16 to 24,47,0,47
S01006807,25 to 34,58,1,57
S01006807,35 to 49,169,0,169
S01006807,50 to 64,142,1,141
S01006807,65 and over,68,0,68
S01006808,All people aged 3 and over,613,11,602
S01006808,3 to 15,106,1,105
S01006808,16 to 24,53,2,51
S01006808,25 to 34,48,1,47
S01006808,35 to 49,136,3,133
S01006808,50 to 64,172,2,170
S01006808,65 and over,98,2,96
S01006809,All people aged 3 and over,793,9,784
S01006809,3 to 15,137,1,136
S01006809,16 to 24,62,0,62
S01006809,25 to 34,61,0,61
S01006809,35 to 49,166,5,161
S01006809,50 to 64,208,2,206
S01006809,65 and over,159,1,158
S01006810,All people aged 3 and over,848,4,844
S01006810,3 to 15,144,0,144
S01006810,16 to 24,82,0,82
S01006810,25 to 34,74,0,74
S01006810,35 to 49,210,2,208
S01006810,50 to 64,205,2,203
S01006810,65 and over,133,0,133
S01006811,All people aged 3 and over,1051,4,1047
S01006811,3 to 15,210,1,209
S01006811,16 to 24,80,0,80
S01006811,25 to 34,91,0,91
S01006811,35 to 49,315,1,314
S01006811,50 to 64,220,1,219
S01006811,65 and over,135,1,134
S01006812,All people aged 3 and over,718,6,712
S01006812,3 to 15,117,0,117
S01006812,16 to 24,59,0,59
S01006812,25 to 34,96,2,94
S01006812,35 to 49,197,1,196
S01006812,50 to 64,174,1,173
S01006812,65 and over,75,2,73
S01006813,All people aged 3 and over,750,7,743
S01006813,3 to 15,124,0,124
S01006813,16 to 24,85,1,84
S01006813,25 to 34,105,0,105
S01006813,35 to 49,184,1,183
S01006813,50 to 64,137,4,133
S01006813,65 and over,115,1,114
S01006814,All people aged 3 and over,756,7,749
S01006814,3 to 15,132,0,132
S01006814,16 to 24,97,0,97
S01006814,25 to 34,57,0,57
S01006814,35 to 49,211,3,208
S01006814,50 to 64,171,1,170
S01006814,65 and over,88,3,85
S01006815,All people aged 3 and over,558,3,555
S01006815,3 to 15,73,0,73
S01006815,16 to 24,44,0,44
S01006815,25 to 34,99,0,99
S01006815,35 to 49,92,0,92
S01006815,50 to 64,130,2,128
S01006815,65 and over,120,1,119
S01006816,All people aged 3 and over,694,7,687
S01006816,3 to 15,108,0,108
S01006816,16 to 24,67,0,67
S01006816,25 to 34,68,1,67
S01006816,35 to 49,165,3,162
S01006816,50 to 64,166,2,164
S01006816,65 and over,120,1,119
S01006817,All people aged 3 and over,618,7,611
S01006817,3 to 15,101,0,101
S01006817,16 to 24,47,1,46
S01006817,25 to 34,96,3,93
S01006817,35 to 49,150,1,149
S01006817,50 to 64,137,0,137
S01006817,65 and over,87,2,85
S01006818,All people aged 3 and over,704,6,698
S01006818,3 to 15,124,0,124
S01006818,16 to 24,62,1,61
S01006818,25 to 34,65,0,65
S01006818,35 to 49,185,1,184
S01006818,50 to 64,173,4,169
S01006818,65 and over,95,0,95
S01006819,All people aged 3 and over,811,5,806
S01006819,3 to 15,156,0,156
S01006819,16 to 24,79,0,79
S01006819,25 to 34,62,2,60
S01006819,35 to 49,237,0,237
S01006819,50 to 64,198,3,195
S01006819,65 and over,79,0,79
S01006820,All people aged 3 and over,429,1,428
S01006820,3 to 15,46,0,46
S01006820,16 to 24,42,0,42
S01006820,25 to 34,39,0,39
S01006820,35 to 49,131,1,130
S01006820,50 to 64,92,0,92
S01006820,65 and over,79,0,79
S01006821,All people aged 3 and over,569,6,563
S01006821,3 to 15,85,0,85
S01006821,16 to 24,61,0,61
S01006821,25 to 34,63,0,63
S01006821,35 to 49,135,2,133
S01006821,50 to 64,136,2,134
S01006821,65 and over,89,2,87
S01006822,All people aged 3 and over,742,15,727
S01006822,3 to 15,133,0,133
S01006822,16 to 24,87,1,86
S01006822,25 to 34,50,4,46
S01006822,35 to 49,187,5,182
S01006822,50 to 64,205,3,202
S01006822,65 and over,80,2,78
S01006823,All people aged 3 and over,721,8,713
S01006823,3 to 15,108,0,108
S01006823,16 to 24,59,1,58
S01006823,25 to 34,56,0,56
S01006823,35 to 49,156,5,151
S01006823,50 to 64,192,2,190
S01006823,65 and over,150,0,150
S01006824,All people aged 3 and over,788,13,775
S01006824,3 to 15,136,2,134
S01006824,16 to 24,93,1,92
S01006824,25 to 34,127,3,124
S01006824,35 to 49,184,3,181
S01006824,50 to 64,139,3,136
S01006824,65 and over,109,1,108
S01006825,All people aged 3 and over,777,7,770
S01006825,3 to 15,99,0,99
S01006825,16 to 24,95,0,95
S01006825,25 to 34,97,2,95
S01006825,35 to 49,162,0,162
S01006825,50 to 64,193,1,192
S01006825,65 and over,131,4,127
S01006826,All people aged 3 and over,931,8,923
S01006826,3 to 15,146,0,146
S01006826,16 to 24,96,0,96
S01006826,25 to 34,44,2,42
S01006826,35 to 49,242,1,241
S01006826,50 to 64,204,2,202
S01006826,65 and over,199,3,196
S01006827,All people aged 3 and over,863,9,854
S01006827,3 to 15,128,0,128
S01006827,16 to 24,78,0,78
S01006827,25 to 34,120,1,119
S01006827,35 to 49,194,3,191
S01006827,50 to 64,173,2,171
S01006827,65 and over,170,3,167
S01006828,All people aged 3 and over,888,13,875
S01006828,3 to 15,89,0,89
S01006828,16 to 24,95,1,94
S01006828,25 to 34,119,5,114
S01006828,35 to 49,219,3,216
S01006828,50 to 64,172,1,171
S01006828,65 and over,194,3,191
S01006829,All people aged 3 and over,396,3,393
S01006829,3 to 15,105,0,105
S01006829,16 to 24,31,0,31
S01006829,25 to 34,56,0,56
S01006829,35 to 49,139,2,137
S01006829,50 to 64,50,1,49
S01006829,65 and over,15,0,15
S01006830,All people aged 3 and over,716,4,712
S01006830,3 to 15,89,0,89
S01006830,16 to 24,116,0,116
S01006830,25 to 34,56,2,54
S01006830,35 to 49,164,1,163
S01006830,50 to 64,163,1,162
S01006830,65 and over,128,0,128
S01006831,All people aged 3 and over,528,4,524
S01006831,3 to 15,76,0,76
S01006831,16 to 24,45,0,45
S01006831,25 to 34,30,0,30
S01006831,35 to 49,106,2,104
S01006831,50 to 64,161,1,160
S01006831,65 and over,110,1,109
S01006832,All people aged 3 and over,996,2,994
S01006832,3 to 15,134,0,134
S01006832,16 to 24,116,0,116
S01006832,25 to 34,106,0,106
S01006832,35 to 49,202,0,202
S01006832,50 to 64,242,0,242
S01006832,65 and over,196,2,194
S01006833,All people aged 3 and over,441,4,437
S01006833,3 to 15,68,0,68
S01006833,16 to 24,44,0,44
S01006833,25 to 34,24,0,24
S01006833,35 to 49,92,3,89
S01006833,50 to 64,101,1,100
S01006833,65 and over,112,0,112
S01006834,All people aged 3 and over,513,4,509
S01006834,3 to 15,138,2,136
S01006834,16 to 24,69,0,69
S01006834,25 to 34,53,0,53
S01006834,35 to 49,177,2,175
S01006834,50 to 64,68,0,68
S01006834,65 and over,8,0,8
S01006835,All people aged 3 and over,815,12,803
S01006835,3 to 15,70,0,70
S01006835,16 to 24,78,0,78
S01006835,25 to 34,106,4,102
S01006835,35 to 49,155,5,150
S01006835,50 to 64,158,2,156
S01006835,65 and over,248,1,247
S01006836,All people aged 3 and over,491,2,489
S01006836,3 to 15,119,0,119
S01006836,16 to 24,43,0,43
S01006836,25 to 34,70,0,70
S01006836,35 to 49,168,2,166
S01006836,50 to 64,70,0,70
S01006836,65 and over,21,0,21
S01006837,All people aged 3 and over,572,4,568
S01006837,3 to 15,106,1,105
S01006837,16 to 24,52,0,52
S01006837,25 to 34,66,3,63
S01006837,35 to 49,153,0,153
S01006837,50 to 64,104,0,104
S01006837,65 and over,91,0,91
S01006838,All people aged 3 and over,623,3,620
S01006838,3 to 15,113,0,113
S01006838,16 to 24,69,0,69
S01006838,25 to 34,63,1,62
S01006838,35 to 49,175,1,174
S01006838,50 to 64,148,1,147
S01006838,65 and over,55,0,55
S01006839,All people aged 3 and over,1010,12,998
S01006839,3 to 15,146,3,143
S01006839,16 to 24,96,2,94
S01006839,25 to 34,108,0,108
S01006839,35 to 49,213,5,208
S01006839,50 to 64,254,2,252
S01006839,65 and over,193,0,193
S01006840,All people aged 3 and over,991,6,985
S01006840,3 to 15,198,0,198
S01006840,16 to 24,96,0,96
S01006840,25 to 34,90,0,90
S01006840,35 to 49,263,4,259
S01006840,50 to 64,203,2,201
S01006840,65 and over,141,0,141
S01006841,All people aged 3 and over,882,3,879
S01006841,3 to 15,153,0,153
S01006841,16 to 24,110,0,110
S01006841,25 to 34,116,1,115
S01006841,35 to 49,257,0,257
S01006841,50 to 64,170,2,168
S01006841,65 and over,76,0,76
S01006842,All people aged 3 and over,793,5,788
S01006842,3 to 15,113,0,113
S01006842,16 to 24,109,0,109
S01006842,25 to 34,58,0,58
S01006842,35 to 49,208,0,208
S01006842,50 to 64,188,3,185
S01006842,65 and over,117,2,115
S01006843,All people aged 3 and over,805,4,801
S01006843,3 to 15,136,0,136
S01006843,16 to 24,101,0,101
S01006843,25 to 34,86,0,86
S01006843,35 to 49,246,4,242
S01006843,50 to 64,160,0,160
S01006843,65 and over,76,0,76
S01006844,All people aged 3 and over,652,8,644
S01006844,3 to 15,65,0,65
S01006844,16 to 24,83,0,83
S01006844,25 to 34,100,2,98
S01006844,35 to 49,157,2,155
S01006844,50 to 64,160,4,156
S01006844,65 and over,87,0,87
S01006845,All people aged 3 and over,925,8,917
S01006845,3 to 15,147,0,147
S01006845,16 to 24,124,0,124
S01006845,25 to 34,108,0,108
S01006845,35 to 49,262,5,257
S01006845,50 to 64,213,3,210
S01006845,65 and over,71,0,71
S01006846,All people aged 3 and over,540,4,536
S01006846,3 to 15,66,0,66
S01006846,16 to 24,61,0,61
S01006846,25 to 34,74,1,73
S01006846,35 to 49,127,0,127
S01006846,50 to 64,131,1,130
S01006846,65 and over,81,2,79
S01006847,All people aged 3 and over,685,5,680
S01006847,3 to 15,102,0,102
S01006847,16 to 24,91,0,91
S01006847,25 to 34,83,0,83
S01006847,35 to 49,188,3,185
S01006847,50 to 64,116,1,115
S01006847,65 and over,105,1,104
S01006848,All people aged 3 and over,948,13,935
S01006848,3 to 15,161,0,161
S01006848,16 to 24,104,1,103
S01006848,25 to 34,82,2,80
S01006848,35 to 49,252,4,248
S01006848,50 to 64,219,5,214
S01006848,65 and over,130,1,129
S01006849,All people aged 3 and over,883,17,866
S01006849,3 to 15,183,5,178
S01006849,16 to 24,98,3,95
S01006849,25 to 34,278,4,274
S01006849,35 to 49,223,3,220
S01006849,50 to 64,80,1,79
S01006849,65 and over,21,1,20
S01006850,All people aged 3 and over,914,12,902
S01006850,3 to 15,147,1,146
S01006850,16 to 24,133,1,132
S01006850,25 to 34,144,3,141
S01006850,35 to 49,223,4,219
S01006850,50 to 64,200,2,198
S01006850,65 and over,67,1,66
S01006851,All people aged 3 and over,786,7,779
S01006851,3 to 15,135,1,134
S01006851,16 to 24,100,1,99
S01006851,25 to 34,67,0,67
S01006851,35 to 49,185,4,181
S01006851,50 to 64,166,0,166
S01006851,65 and over,133,1,132
S01006852,All people aged 3 and over,570,4,566
S01006852,3 to 15,78,0,78
S01006852,16 to 24,61,0,61
S01006852,25 to 34,60,0,60
S01006852,35 to 49,121,1,120
S01006852,50 to 64,153,2,151
S01006852,65 and over,97,1,96
S01006853,All people aged 3 and over,834,10,824
S01006853,3 to 15,168,1,167
S01006853,16 to 24,80,0,80
S01006853,25 to 34,60,0,60
S01006853,35 to 49,225,4,221
S01006853,50 to 64,212,4,208
S01006853,65 and over,89,1,88
S01006854,All people aged 3 and over,817,9,808
S01006854,3 to 15,110,0,110
S01006854,16 to 24,72,0,72
S01006854,25 to 34,60,1,59
S01006854,35 to 49,214,3,211
S01006854,50 to 64,198,4,194
S01006854,65 and over,163,1,162
S01006855,All people aged 3 and over,768,5,763
S01006855,3 to 15,146,2,144
S01006855,16 to 24,60,0,60
S01006855,25 to 34,52,1,51
S01006855,35 to 49,201,2,199
S01006855,50 to 64,189,0,189
S01006855,65 and over,120,0,120
S01006856,All people aged 3 and over,656,5,651
S01006856,3 to 15,138,0,138
S01006856,16 to 24,43,0,43
S01006856,25 to 34,61,0,61
S01006856,35 to 49,184,2,182
S01006856,50 to 64,138,3,135
S01006856,65 and over,92,0,92
S01006857,All people aged 3 and over,973,8,965
S01006857,3 to 15,164,0,164
S01006857,16 to 24,98,0,98
S01006857,25 to 34,77,0,77
S01006857,35 to 49,232,2,230
S01006857,50 to 64,248,5,243
S01006857,65 and over,154,1,153
S01006858,All people aged 3 and over,624,3,621
S01006858,3 to 15,106,0,106
S01006858,16 to 24,46,0,46
S01006858,25 to 34,53,0,53
S01006858,35 to 49,154,0,154
S01006858,50 to 64,171,2,169
S01006858,65 and over,94,1,93
S01006859,All people aged 3 and over,1060,11,1049
S01006859,3 to 15,199,1,198
S01006859,16 to 24,118,1,117
S01006859,25 to 34,73,0,73
S01006859,35 to 49,245,5,240
S01006859,50 to 64,268,1,267
S01006859,65 and over,157,3,154
S01006860,All people aged 3 and over,530,8,522
S01006860,3 to 15,65,1,64
S01006860,16 to 24,53,1,52
S01006860,25 to 34,55,0,55
S01006860,35 to 49,112,1,111
S01006860,50 to 64,114,5,109
S01006860,65 and over,131,0,131
S01006861,All people aged 3 and over,559,3,556
S01006861,3 to 15,146,0,146
S01006861,16 to 24,45,0,45
S01006861,25 to 34,84,1,83
S01006861,35 to 49,205,2,203
S01006861,50 to 64,62,0,62
S01006861,65 and over,17,0,17
S01006862,All people aged 3 and over,661,12,649
S01006862,3 to 15,86,0,86
S01006862,16 to 24,56,1,55
S01006862,25 to 34,67,1,66
S01006862,35 to 49,135,3,132
S01006862,50 to 64,159,4,155
S01006862,65 and over,158,3,155
S01006863,All people aged 3 and over,658,7,651
S01006863,3 to 15,98,1,97
S01006863,16 to 24,66,0,66
S01006863,25 to 34,81,1,80
S01006863,35 to 49,145,4,141
S01006863,50 to 64,133,1,132
S01006863,65 and over,135,0,135
S01006864,All people aged 3 and over,415,4,411
S01006864,3 to 15,104,0,104
S01006864,16 to 24,44,1,43
S01006864,25 to 34,86,0,86
S01006864,35 to 49,98,1,97
S01006864,50 to 64,64,2,62
S01006864,65 and over,19,0,19
S01006865,All people aged 3 and over,911,8,903
S01006865,3 to 15,109,0,109
S01006865,16 to 24,94,0,94
S01006865,25 to 34,125,2,123
S01006865,35 to 49,174,2,172
S01006865,50 to 64,230,2,228
S01006865,65 and over,179,2,177
S01006866,All people aged 3 and over,538,5,533
S01006866,3 to 15,83,1,82
S01006866,16 to 24,54,0,54
S01006866,25 to 34,35,0,35
S01006866,35 to 49,93,0,93
S01006866,50 to 64,152,2,150
S01006866,65 and over,121,2,119
S01006867,All people aged 3 and over,708,6,702
S01006867,3 to 15,94,0,94
S01006867,16 to 24,76,1,75
S01006867,25 to 34,51,0,51
S01006867,35 to 49,114,3,111
S01006867,50 to 64,199,1,198
S01006867,65 and over,174,1,173
S01006868,All people aged 3 and over,848,11,837
S01006868,3 to 15,139,1,138
S01006868,16 to 24,82,1,81
S01006868,25 to 34,72,2,70
S01006868,35 to 49,203,1,202
S01006868,50 to 64,179,4,175
S01006868,65 and over,173,2,171
S01006869,All people aged 3 and over,478,5,473
S01006869,3 to 15,73,1,72
S01006869,16 to 24,64,1,63
S01006869,25 to 34,48,0,48
S01006869,35 to 49,106,0,106
S01006869,50 to 64,116,3,113
S01006869,65 and over,71,0,71
S01006870,All people aged 3 and over,477,5,472
S01006870,3 to 15,80,0,80
S01006870,16 to 24,62,1,61
S01006870,25 to 34,29,0,29
S01006870,35 to 49,111,2,109
S01006870,50 to 64,90,1,89
S01006870,65 and over,105,1,104
S01006871,All people aged 3 and over,721,23,698
S01006871,3 to 15,150,4,146
S01006871,16 to 24,62,0,62
S01006871,25 to 34,55,0,55
S01006871,35 to 49,159,3,156
S01006871,50 to 64,142,2,140
S01006871,65 and over,153,14,139
S01006872,All people aged 3 and over,691,9,682
S01006872,3 to 15,154,1,153
S01006872,16 to 24,52,0,52
S01006872,25 to 34,45,0,45
S01006872,35 to 49,168,7,161
S01006872,50 to 64,171,0,171
S01006872,65 and over,101,1,100
S01006873,All people aged 3 and over,974,4,970
S01006873,3 to 15,141,0,141
S01006873,16 to 24,63,0,63
S01006873,25 to 34,66,2,64
S01006873,35 to 49,183,1,182
S01006873,50 to 64,204,1,203
S01006873,65 and over,317,0,317
S01006874,All people aged 3 and over,573,11,562
S01006874,3 to 15,83,0,83
S01006874,16 to 24,71,1,70
S01006874,25 to 34,46,1,45
S01006874,35 to 49,148,5,143
S01006874,50 to 64,142,3,139
S01006874,65 and over,83,1,82
S01006875,All people aged 3 and over,671,8,663
S01006875,3 to 15,102,3,99
S01006875,16 to 24,66,1,65
S01006875,25 to 34,62,1,61
S01006875,35 to 49,142,1,141
S01006875,50 to 64,130,1,129
S01006875,65 and over,169,1,168
S01006876,All people aged 3 and over,966,13,953
S01006876,3 to 15,171,3,168
S01006876,16 to 24,98,0,98
S01006876,25 to 34,72,3,69
S01006876,35 to 49,238,3,235
S01006876,50 to 64,235,1,234
S01006876,65 and over,152,3,149
S01006877,All people aged 3 and over,927,17,910
S01006877,3 to 15,147,2,145
S01006877,16 to 24,89,4,85
S01006877,25 to 34,69,1,68
S01006877,35 to 49,258,4,254
S01006877,50 to 64,221,4,217
S01006877,65 and over,143,2,141
S01006878,All people aged 3 and over,687,18,669
S01006878,3 to 15,100,0,100
S01006878,16 to 24,46,0,46
S01006878,25 to 34,41,2,39
S01006878,35 to 49,179,1,178
S01006878,50 to 64,165,7,158
S01006878,65 and over,156,8,148
S01006879,All people aged 3 and over,764,22,742
S01006879,3 to 15,105,12,93
S01006879,16 to 24,72,0,72
S01006879,25 to 34,47,0,47
S01006879,35 to 49,180,4,176
S01006879,50 to 64,180,3,177
S01006879,65 and over,180,3,177
S01006880,All people aged 3 and over,566,15,551
S01006880,3 to 15,96,0,96
S01006880,16 to 24,46,0,46
S01006880,25 to 34,63,3,60
S01006880,35 to 49,168,9,159
S01006880,50 to 64,123,2,121
S01006880,65 and over,70,1,69
S01006881,All people aged 3 and over,561,8,553
S01006881,3 to 15,100,0,100
S01006881,16 to 24,43,0,43
S01006881,25 to 34,28,2,26
S01006881,35 to 49,152,1,151
S01006881,50 to 64,152,3,149
S01006881,65 and over,86,2,84
S01006882,All people aged 3 and over,390,4,386
S01006882,3 to 15,54,0,54
S01006882,16 to 24,29,0,29
S01006882,25 to 34,30,0,30
S01006882,35 to 49,74,4,70
S01006882,50 to 64,84,0,84
S01006882,65 and over,119,0,119
S01006883,All people aged 3 and over,442,5,437
S01006883,3 to 15,61,0,61
S01006883,16 to 24,42,0,42
S01006883,25 to 34,46,0,46
S01006883,35 to 49,104,4,100
S01006883,50 to 64,94,0,94
S01006883,65 and over,95,1,94
S01006884,All people aged 3 and over,861,21,840
S01006884,3 to 15,134,1,133
S01006884,16 to 24,90,1,89
S01006884,25 to 34,66,2,64
S01006884,35 to 49,182,4,178
S01006884,50 to 64,193,8,185
S01006884,65 and over,196,5,191
S01006885,All people aged 3 and over,518,11,507
S01006885,3 to 15,70,1,69
S01006885,16 to 24,45,1,44
S01006885,25 to 34,28,1,27
S01006885,35 to 49,112,2,110
S01006885,50 to 64,141,3,138
S01006885,65 and over,122,3,119
S01006886,All people aged 3 and over,717,8,709
S01006886,3 to 15,100,1,99
S01006886,16 to 24,59,2,57
S01006886,25 to 34,36,0,36
S01006886,35 to 49,178,1,177
S01006886,50 to 64,233,3,230
S01006886,65 and over,111,1,110
S01006887,All people aged 3 and over,564,4,560
S01006887,3 to 15,130,0,130
S01006887,16 to 24,46,0,46
S01006887,25 to 34,52,0,52
S01006887,35 to 49,169,2,167
S01006887,50 to 64,113,2,111
S01006887,65 and over,54,0,54
S01006888,All people aged 3 and over,773,8,765
S01006888,3 to 15,149,0,149
S01006888,16 to 24,67,2,65
S01006888,25 to 34,77,0,77
S01006888,35 to 49,224,3,221
S01006888,50 to 64,153,1,152
S01006888,65 and over,103,2,101
S01006889,All people aged 3 and over,797,10,787
S01006889,3 to 15,138,0,138
S01006889,16 to 24,78,0,78
S01006889,25 to 34,97,4,93
S01006889,35 to 49,146,3,143
S01006889,50 to 64,216,2,214
S01006889,65 and over,122,1,121
S01006890,All people aged 3 and over,649,10,639
S01006890,3 to 15,128,2,126
S01006890,16 to 24,59,0,59
S01006890,25 to 34,63,1,62
S01006890,35 to 49,160,3,157
S01006890,50 to 64,150,2,148
S01006890,65 and over,89,2,87
S01006891,All people aged 3 and over,922,10,912
S01006891,3 to 15,125,0,125
S01006891,16 to 24,87,1,86
S01006891,25 to 34,115,4,111
S01006891,35 to 49,213,1,212
S01006891,50 to 64,206,2,204
S01006891,65 and over,176,2,174
S01006892,All people aged 3 and over,585,7,578
S01006892,3 to 15,92,0,92
S01006892,16 to 24,59,2,57
S01006892,25 to 34,79,1,78
S01006892,35 to 49,130,2,128
S01006892,50 to 64,136,0,136
S01006892,65 and over,89,2,87
S01006893,All people aged 3 and over,531,14,517
S01006893,3 to 15,114,2,112
S01006893,16 to 24,60,3,57
S01006893,25 to 34,46,2,44
S01006893,35 to 49,125,3,122
S01006893,50 to 64,109,2,107
S01006893,65 and over,77,2,75
S01006894,All people aged 3 and over,924,3,921
S01006894,3 to 15,104,0,104
S01006894,16 to 24,81,0,81
S01006894,25 to 34,75,2,73
S01006894,35 to 49,186,0,186
S01006894,50 to 64,238,1,237
S01006894,65 and over,240,0,240
S01006895,All people aged 3 and over,513,7,506
S01006895,3 to 15,63,0,63
S01006895,16 to 24,56,3,53
S01006895,25 to 34,109,1,108
S01006895,35 to 49,108,2,106
S01006895,50 to 64,91,1,90
S01006895,65 and over,86,0,86
S01006896,All people aged 3 and over,764,12,752
S01006896,3 to 15,83,2,81
S01006896,16 to 24,87,4,83
S01006896,25 to 34,109,1,108
S01006896,35 to 49,141,3,138
S01006896,50 to 64,180,2,178
S01006896,65 and over,164,0,164
S01006897,All people aged 3 and over,687,10,677
S01006897,3 to 15,83,1,82
S01006897,16 to 24,91,1,90
S01006897,25 to 34,97,1,96
S01006897,35 to 49,158,4,154
S01006897,50 to 64,160,2,158
S01006897,65 and over,98,1,97
S01006898,All people aged 3 and over,725,8,717
S01006898,3 to 15,112,1,111
S01006898,16 to 24,78,0,78
S01006898,25 to 34,66,2,64
S01006898,35 to 49,159,3,156
S01006898,50 to 64,192,1,191
S01006898,65 and over,118,1,117
S01006899,All people aged 3 and over,581,8,573
S01006899,3 to 15,91,0,91
S01006899,16 to 24,62,1,61
S01006899,25 to 34,81,2,79
S01006899,35 to 49,186,3,183
S01006899,50 to 64,101,1,100
S01006899,65 and over,60,1,59
S01006900,All people aged 3 and over,561,5,556
S01006900,3 to 15,57,0,57
S01006900,16 to 24,77,2,75
S01006900,25 to 34,93,1,92
S01006900,35 to 49,144,2,142
S01006900,50 to 64,120,0,120
S01006900,65 and over,70,0,70
S01006901,All people aged 3 and over,583,10,573
S01006901,3 to 15,66,0,66
S01006901,16 to 24,83,1,82
S01006901,25 to 34,77,2,75
S01006901,35 to 49,115,2,113
S01006901,50 to 64,125,0,125
S01006901,65 and over,117,5,112
S01006902,All people aged 3 and over,662,3,659
S01006902,3 to 15,122,0,122
S01006902,16 to 24,70,2,68
S01006902,25 to 34,84,0,84
S01006902,35 to 49,178,0,178
S01006902,50 to 64,126,1,125
S01006902,65 and over,82,0,82
S01006903,All people aged 3 and over,791,12,779
S01006903,3 to 15,119,3,116
S01006903,16 to 24,81,0,81
S01006903,25 to 34,119,0,119
S01006903,35 to 49,164,3,161
S01006903,50 to 64,149,3,146
S01006903,65 and over,159,3,156
S01006904,All people aged 3 and over,703,10,693
S01006904,3 to 15,99,0,99
S01006904,16 to 24,85,1,84
S01006904,25 to 34,84,3,81
S01006904,35 to 49,158,2,156
S01006904,50 to 64,107,2,105
S01006904,65 and over,170,2,168
S01006905,All people aged 3 and over,865,12,853
S01006905,3 to 15,102,0,102
S01006905,16 to 24,81,1,80
S01006905,25 to 34,76,1,75
S01006905,35 to 49,156,4,152
S01006905,50 to 64,211,4,207
S01006905,65 and over,239,2,237
S01006906,All people aged 3 and over,810,9,801
S01006906,3 to 15,78,1,77
S01006906,16 to 24,79,1,78
S01006906,25 to 34,83,1,82
S01006906,35 to 49,144,3,141
S01006906,50 to 64,168,1,167
S01006906,65 and over,258,2,256
S01006907,All people aged 3 and over,585,9,576
S01006907,3 to 15,51,0,51
S01006907,16 to 24,77,1,76
S01006907,25 to 34,109,3,106
S01006907,35 to 49,124,1,123
S01006907,50 to 64,132,4,128
S01006907,65 and over,92,0,92
S01006908,All people aged 3 and over,784,7,777
S01006908,3 to 15,71,0,71
S01006908,16 to 24,105,0,105
S01006908,25 to 34,130,4,126
S01006908,35 to 49,148,0,148
S01006908,50 to 64,155,2,153
S01006908,65 and over,175,1,174
S01006909,All people aged 3 and over,718,4,714
S01006909,3 to 15,140,0,140
S01006909,16 to 24,52,0,52
S01006909,25 to 34,116,0,116
S01006909,35 to 49,216,4,212
S01006909,50 to 64,135,0,135
S01006909,65 and over,59,0,59
S01006910,All people aged 3 and over,813,8,805
S01006910,3 to 15,112,0,112
S01006910,16 to 24,78,0,78
S01006910,25 to 34,106,1,105
S01006910,35 to 49,219,4,215
S01006910,50 to 64,211,3,208
S01006910,65 and over,87,0,87
S01006911,All people aged 3 and over,591,7,584
S01006911,3 to 15,140,0,140
S01006911,16 to 24,49,0,49
S01006911,25 to 34,190,6,184
S01006911,35 to 49,164,1,163
S01006911,50 to 64,39,0,39
S01006911,65 and over,9,0,9
S01006912,All people aged 3 and over,422,2,420
S01006912,3 to 15,44,0,44
S01006912,16 to 24,54,0,54
S01006912,25 to 34,43,1,42
S01006912,35 to 49,86,0,86
S01006912,50 to 64,130,0,130
S01006912,65 and over,65,1,64
S01006913,All people aged 3 and over,510,1,509
S01006913,3 to 15,125,0,125
S01006913,16 to 24,45,0,45
S01006913,25 to 34,80,0,80
S01006913,35 to 49,167,0,167
S01006913,50 to 64,78,0,78
S01006913,65 and over,15,1,14
S01006914,All people aged 3 and over,723,3,720
S01006914,3 to 15,133,0,133
S01006914,16 to 24,79,0,79
S01006914,25 to 34,59,0,59
S01006914,35 to 49,206,1,205
S01006914,50 to 64,171,2,169
S01006914,65 and over,75,0,75
S01006915,All people aged 3 and over,791,9,782
S01006915,3 to 15,151,0,151
S01006915,16 to 24,74,0,74
S01006915,25 to 34,63,0,63
S01006915,35 to 49,203,2,201
S01006915,50 to 64,210,3,207
S01006915,65 and over,90,4,86
S01006916,All people aged 3 and over,508,8,500
S01006916,3 to 15,111,0,111
S01006916,16 to 24,66,1,65
S01006916,25 to 34,103,4,99
S01006916,35 to 49,130,2,128
S01006916,50 to 64,72,0,72
S01006916,65 and over,26,1,25
S01006917,All people aged 3 and over,898,11,887
S01006917,3 to 15,255,1,254
S01006917,16 to 24,50,0,50
S01006917,25 to 34,162,1,161
S01006917,35 to 49,344,8,336
S01006917,50 to 64,69,1,68
S01006917,65 and over,18,0,18
S01006918,All people aged 3 and over,466,9,457
S01006918,3 to 15,90,0,90
S01006918,16 to 24,33,0,33
S01006918,25 to 34,77,1,76
S01006918,35 to 49,114,3,111
S01006918,50 to 64,80,0,80
S01006918,65 and over,72,5,67
S01006919,All people aged 3 and over,468,5,463
S01006919,3 to 15,50,0,50
S01006919,16 to 24,49,0,49
S01006919,25 to 34,53,0,53
S01006919,35 to 49,91,2,89
S01006919,50 to 64,126,0,126
S01006919,65 and over,99,3,96
S01006920,All people aged 3 and over,483,7,476
S01006920,3 to 15,74,0,74
S01006920,16 to 24,48,1,47
S01006920,25 to 34,82,1,81
S01006920,35 to 49,103,2,101
S01006920,50 to 64,67,0,67
S01006920,65 and over,109,3,106
S01006921,All people aged 3 and over,752,9,743
S01006921,3 to 15,192,2,190
S01006921,16 to 24,48,0,48
S01006921,25 to 34,134,1,133
S01006921,35 to 49,245,6,239
S01006921,50 to 64,101,0,101
S01006921,65 and over,32,0,32
S01006922,All people aged 3 and over,491,0,491
S01006922,3 to 15,84,0,84
S01006922,16 to 24,42,0,42
S01006922,25 to 34,52,0,52
S01006922,35 to 49,111,0,111
S01006922,50 to 64,119,0,119
S01006922,65 and over,83,0,83
S01006923,All people aged 3 and over,778,13,765
S01006923,3 to 15,111,3,108
S01006923,16 to 24,56,0,56
S01006923,25 to 34,62,5,57
S01006923,35 to 49,155,4,151
S01006923,50 to 64,194,1,193
S01006923,65 and over,200,0,200
S01006924,All people aged 3 and over,539,10,529
S01006924,3 to 15,100,1,99
S01006924,16 to 24,49,2,47
S01006924,25 to 34,52,1,51
S01006924,35 to 49,145,2,143
S01006924,50 to 64,137,3,134
S01006924,65 and over,56,1,55
S01006925,All people aged 3 and over,486,12,474
S01006925,3 to 15,76,1,75
S01006925,16 to 24,38,0,38
S01006925,25 to 34,40,0,40
S01006925,35 to 49,103,5,98
S01006925,50 to 64,149,5,144
S01006925,65 and over,80,1,79
S01006926,All people aged 3 and over,693,4,689
S01006926,3 to 15,155,0,155
S01006926,16 to 24,40,0,40
S01006926,25 to 34,114,0,114
S01006926,35 to 49,218,2,216
S01006926,50 to 64,116,1,115
S01006926,65 and over,50,1,49
S01006927,All people aged 3 and over,886,9,877
S01006927,3 to 15,179,1,178
S01006927,16 to 24,46,2,44
S01006927,25 to 34,308,4,304
S01006927,35 to 49,274,0,274
S01006927,50 to 64,67,2,65
S01006927,65 and over,12,0,12
S01006928,All people aged 3 and over,994,10,984
S01006928,3 to 15,169,2,167
S01006928,16 to 24,101,2,99
S01006928,25 to 34,141,0,141
S01006928,35 to 49,264,2,262
S01006928,50 to 64,200,4,196
S01006928,65 and over,119,0,119
S01006929,All people aged 3 and over,821,8,813
S01006929,3 to 15,174,0,174
S01006929,16 to 24,102,0,102
S01006929,25 to 34,51,1,50
S01006929,35 to 49,209,2,207
S01006929,50 to 64,231,5,226
S01006929,65 and over,54,0,54
S01006930,All people aged 3 and over,866,6,860
S01006930,3 to 15,104,0,104
S01006930,16 to 24,100,0,100
S01006930,25 to 34,80,0,80
S01006930,35 to 49,178,3,175
S01006930,50 to 64,288,0,288
S01006930,65 and over,116,3,113
S01006931,All people aged 3 and over,378,3,375
S01006931,3 to 15,60,0,60
S01006931,16 to 24,37,1,36
S01006931,25 to 34,30,1,29
S01006931,35 to 49,102,1,101
S01006931,50 to 64,97,0,97
S01006931,65 and over,52,0,52
S01006932,All people aged 3 and over,580,6,574
S01006932,3 to 15,147,0,147
S01006932,16 to 24,72,0,72
S01006932,25 to 34,90,3,87
S01006932,35 to 49,190,2,188
S01006932,50 to 64,68,1,67
S01006932,65 and over,13,0,13
S01006933,All people aged 3 and over,561,0,561
S01006933,3 to 15,80,0,80
S01006933,16 to 24,73,0,73
S01006933,25 to 34,55,0,55
S01006933,35 to 49,148,0,148
S01006933,50 to 64,173,0,173
S01006933,65 and over,32,0,32
S01006934,All people aged 3 and over,600,10,590
S01006934,3 to 15,73,1,72
S01006934,16 to 24,49,0,49
S01006934,25 to 34,61,0,61
S01006934,35 to 49,132,0,132
S01006934,50 to 64,148,2,146
S01006934,65 and over,137,7,130
S01006935,All people aged 3 and over,688,4,684
S01006935,3 to 15,90,0,90
S01006935,16 to 24,73,0,73
S01006935,25 to 34,53,1,52
S01006935,35 to 49,129,1,128
S01006935,50 to 64,203,2,201
S01006935,65 and over,140,0,140
S01006936,All people aged 3 and over,622,2,620
S01006936,3 to 15,101,0,101
S01006936,16 to 24,58,0,58
S01006936,25 to 34,66,0,66
S01006936,35 to 49,137,0,137
S01006936,50 to 64,145,1,144
S01006936,65 and over,115,1,114
S01006937,All people aged 3 and over,712,7,705
S01006937,3 to 15,99,0,99
S01006937,16 to 24,70,2,68
S01006937,25 to 34,101,3,98
S01006937,35 to 49,161,1,160
S01006937,50 to 64,175,0,175
S01006937,65 and over,106,1,105
S01006938,All people aged 3 and over,511,9,502
S01006938,3 to 15,55,2,53
S01006938,16 to 24,46,1,45
S01006938,25 to 34,71,0,71
S01006938,35 to 49,107,2,105
S01006938,50 to 64,114,4,110
S01006938,65 and over,118,0,118
S01006939,All people aged 3 and over,601,3,598
S01006939,3 to 15,89,0,89
S01006939,16 to 24,69,0,69
S01006939,25 to 34,61,0,61
S01006939,35 to 49,141,1,140
S01006939,50 to 64,150,2,148
S01006939,65 and over,91,0,91
S01006940,All people aged 3 and over,920,18,902
S01006940,3 to 15,133,1,132
S01006940,16 to 24,122,1,121
S01006940,25 to 34,111,1,110
S01006940,35 to 49,208,5,203
S01006940,50 to 64,229,7,222
S01006940,65 and over,117,3,114
S01006941,All people aged 3 and over,601,4,597
S01006941,3 to 15,111,0,111
S01006941,16 to 24,61,0,61
S01006941,25 to 34,84,2,82
S01006941,35 to 49,148,1,147
S01006941,50 to 64,109,1,108
S01006941,65 and over,88,0,88
S01006942,All people aged 3 and over,1036,1,1035
S01006942,3 to 15,194,0,194
S01006942,16 to 24,125,0,125
S01006942,25 to 34,98,0,98
S01006942,35 to 49,307,0,307
S01006942,50 to 64,196,1,195
S01006942,65 and over,116,0,116
S01006943,All people aged 3 and over,644,1,643
S01006943,3 to 15,202,0,202
S01006943,16 to 24,47,0,47
S01006943,25 to 34,71,1,70
S01006943,35 to 49,249,0,249
S01006943,50 to 64,66,0,66
S01006943,65 and over,9,0,9
S01006944,All people aged 3 and over,805,3,802
S01006944,3 to 15,184,0,184
S01006944,16 to 24,88,0,88
S01006944,25 to 34,202,0,202
S01006944,35 to 49,241,2,239
S01006944,50 to 64,76,1,75
S01006944,65 and over,14,0,14
S01006945,All people aged 3 and over,493,7,486
S01006945,3 to 15,66,0,66
S01006945,16 to 24,55,1,54
S01006945,25 to 34,56,1,55
S01006945,35 to 49,115,2,113
S01006945,50 to 64,142,2,140
S01006945,65 and over,59,1,58
S01006946,All people aged 3 and over,770,15,755
S01006946,3 to 15,120,4,116
S01006946,16 to 24,82,2,80
S01006946,25 to 34,111,1,110
S01006946,35 to 49,182,4,178
S01006946,50 to 64,191,4,187
S01006946,65 and over,84,0,84
S01006947,All people aged 3 and over,812,13,799
S01006947,3 to 15,191,1,190
S01006947,16 to 24,73,0,73
S01006947,25 to 34,153,3,150
S01006947,35 to 49,255,3,252
S01006947,50 to 64,108,5,103
S01006947,65 and over,32,1,31
S01006948,All people aged 3 and over,838,7,831
S01006948,3 to 15,106,0,106
S01006948,16 to 24,84,2,82
S01006948,25 to 34,84,0,84
S01006948,35 to 49,187,4,183
S01006948,50 to 64,211,0,211
S01006948,65 and over,166,1,165
S01006949,All people aged 3 and over,629,7,622
S01006949,3 to 15,124,0,124
S01006949,16 to 24,44,0,44
S01006949,25 to 34,42,0,42
S01006949,35 to 49,198,1,197
S01006949,50 to 64,156,4,152
S01006949,65 and over,65,2,63
S01006950,All people aged 3 and over,493,8,485
S01006950,3 to 15,111,2,109
S01006950,16 to 24,38,0,38
S01006950,25 to 34,165,3,162
S01006950,35 to 49,135,3,132
S01006950,50 to 64,36,0,36
S01006950,65 and over,8,0,8
S01006951,All people aged 3 and over,462,5,457
S01006951,3 to 15,78,0,78
S01006951,16 to 24,45,0,45
S01006951,25 to 34,49,0,49
S01006951,35 to 49,99,1,98
S01006951,50 to 64,128,3,125
S01006951,65 and over,63,1,62
S01006952,All people aged 3 and over,801,12,789
S01006952,3 to 15,89,0,89
S01006952,16 to 24,71,1,70
S01006952,25 to 34,78,0,78
S01006952,35 to 49,176,4,172
S01006952,50 to 64,241,5,236
S01006952,65 and over,146,2,144
S01006953,All people aged 3 and over,753,3,750
S01006953,3 to 15,124,0,124
S01006953,16 to 24,80,0,80
S01006953,25 to 34,95,0,95
S01006953,35 to 49,216,1,215
S01006953,50 to 64,164,0,164
S01006953,65 and over,74,2,72
S01006954,All people aged 3 and over,788,10,778
S01006954,3 to 15,123,0,123
S01006954,16 to 24,68,1,67
S01006954,25 to 34,94,1,93
S01006954,35 to 49,186,2,184
S01006954,50 to 64,214,5,209
S01006954,65 and over,103,1,102
S01006955,All people aged 3 and over,584,10,574
S01006955,3 to 15,100,2,98
S01006955,16 to 24,49,0,49
S01006955,25 to 34,131,4,127
S01006955,35 to 49,132,0,132
S01006955,50 to 64,105,4,101
S01006955,65 and over,67,0,67
S01006956,All people aged 3 and over,1037,12,1025
S01006956,3 to 15,222,0,222
S01006956,16 to 24,103,1,102
S01006956,25 to 34,198,1,197
S01006956,35 to 49,303,7,296
S01006956,50 to 64,161,1,160
S01006956,65 and over,50,2,48
S01006957,All people aged 3 and over,1037,11,1026
S01006957,3 to 15,190,2,188
S01006957,16 to 24,104,0,104
S01006957,25 to 34,119,2,117
S01006957,35 to 49,297,4,293
S01006957,50 to 64,215,2,213
S01006957,65 and over,112,1,111
S01006958,All people aged 3 and over,872,5,867
S01006958,3 to 15,82,0,82
S01006958,16 to 24,73,0,73
S01006958,25 to 34,64,2,62
S01006958,35 to 49,151,0,151
S01006958,50 to 64,243,1,242
S01006958,65 and over,259,2,257
S01006959,All people aged 3 and over,699,9,690
S01006959,3 to 15,74,0,74
S01006959,16 to 24,56,0,56
S01006959,25 to 34,88,4,84
S01006959,35 to 49,137,1,136
S01006959,50 to 64,131,3,128
S01006959,65 and over,213,1,212
S01006960,All people aged 3 and over,919,7,912
S01006960,3 to 15,242,0,242
S01006960,16 to 24,84,1,83
S01006960,25 to 34,105,2,103
S01006960,35 to 49,345,2,343
S01006960,50 to 64,114,2,112
S01006960,65 and over,29,0,29
S01006961,All people aged 3 and over,898,8,890
S01006961,3 to 15,225,0,225
S01006961,16 to 24,70,2,68
S01006961,25 to 34,185,1,184
S01006961,35 to 49,294,1,293
S01006961,50 to 64,101,3,98
S01006961,65 and over,23,1,22
S01006962,All people aged 3 and over,851,7,844
S01006962,3 to 15,73,0,73
S01006962,16 to 24,99,0,99
S01006962,25 to 34,107,0,107
S01006962,35 to 49,142,2,140
S01006962,50 to 64,206,2,204
S01006962,65 and over,224,3,221
S01006963,All people aged 3 and over,650,6,644
S01006963,3 to 15,78,0,78
S01006963,16 to 24,87,3,84
S01006963,25 to 34,57,0,57
S01006963,35 to 49,149,2,147
S01006963,50 to 64,197,1,196
S01006963,65 and over,82,0,82
S01006964,All people aged 3 and over,717,8,709
S01006964,3 to 15,79,1,78
S01006964,16 to 24,99,0,99
S01006964,25 to 34,125,2,123
S01006964,35 to 49,163,2,161
S01006964,50 to 64,184,2,182
S01006964,65 and over,67,1,66
S01006965,All people aged 3 and over,489,1,488
S01006965,3 to 15,55,0,55
S01006965,16 to 24,59,0,59
S01006965,25 to 34,48,0,48
S01006965,35 to 49,91,0,91
S01006965,50 to 64,137,0,137
S01006965,65 and over,99,1,98
S01006966,All people aged 3 and over,589,6,583
S01006966,3 to 15,100,0,100
S01006966,16 to 24,72,0,72
S01006966,25 to 34,80,3,77
S01006966,35 to 49,124,2,122
S01006966,50 to 64,120,0,120
S01006966,65 and over,93,1,92
S01006967,All people aged 3 and over,609,3,606
S01006967,3 to 15,102,0,102
S01006967,16 to 24,76,0,76
S01006967,25 to 34,74,1,73
S01006967,35 to 49,155,0,155
S01006967,50 to 64,142,2,140
S01006967,65 and over,60,0,60
S01006968,All people aged 3 and over,497,9,488
S01006968,3 to 15,63,0,63
S01006968,16 to 24,51,1,50
S01006968,25 to 34,69,3,66
S01006968,35 to 49,92,2,90
S01006968,50 to 64,137,2,135
S01006968,65 and over,85,1,84
S01006969,All people aged 3 and over,921,15,906
S01006969,3 to 15,95,0,95
S01006969,16 to 24,96,1,95
S01006969,25 to 34,109,1,108
S01006969,35 to 49,197,5,192
S01006969,50 to 64,184,2,182
S01006969,65 and over,240,6,234
S01006970,All people aged 3 and over,696,3,693
S01006970,3 to 15,128,0,128
S01006970,16 to 24,82,0,82
S01006970,25 to 34,65,0,65
S01006970,35 to 49,158,1,157
S01006970,50 to 64,184,0,184
S01006970,65 and over,79,2,77
S01006971,All people aged 3 and over,492,6,486
S01006971,3 to 15,39,2,37
S01006971,16 to 24,67,0,67
S01006971,25 to 34,40,0,40
S01006971,35 to 49,94,3,91
S01006971,50 to 64,121,1,120
S01006971,65 and over,131,0,131
S01006972,All people aged 3 and over,507,3,504
S01006972,3 to 15,85,0,85
S01006972,16 to 24,65,0,65
S01006972,25 to 34,44,0,44
S01006972,35 to 49,127,2,125
S01006972,50 to 64,130,1,129
S01006972,65 and over,56,0,56
S01006973,All people aged 3 and over,508,5,503
S01006973,3 to 15,47,0,47
S01006973,16 to 24,43,0,43
S01006973,25 to 34,45,0,45
S01006973,35 to 49,118,0,118
S01006973,50 to 64,156,4,152
S01006973,65 and over,99,1,98
S01006974,All people aged 3 and over,1001,11,990
S01006974,3 to 15,187,0,187
S01006974,16 to 24,112,1,111
S01006974,25 to 34,97,2,95
S01006974,35 to 49,250,2,248
S01006974,50 to 64,243,5,238
S01006974,65 and over,112,1,111
S01006975,All people aged 3 and over,923,13,910
S01006975,3 to 15,146,1,145
S01006975,16 to 24,63,0,63
S01006975,25 to 34,92,3,89
S01006975,35 to 49,273,3,270
S01006975,50 to 64,248,6,242
S01006975,65 and over,101,0,101
S01006976,All people aged 3 and over,436,1,435
S01006976,3 to 15,61,0,61
S01006976,16 to 24,41,0,41
S01006976,25 to 34,34,0,34
S01006976,35 to 49,115,1,114
S01006976,50 to 64,133,0,133
S01006976,65 and over,52,0,52
S01006977,All people aged 3 and over,798,5,793
S01006977,3 to 15,146,0,146
S01006977,16 to 24,83,0,83
S01006977,25 to 34,57,0,57
S01006977,35 to 49,237,0,237
S01006977,50 to 64,190,4,186
S01006977,65 and over,85,1,84
S01006978,All people aged 3 and over,829,11,818
S01006978,3 to 15,111,0,111
S01006978,16 to 24,71,0,71
S01006978,25 to 34,86,2,84
S01006978,35 to 49,211,8,203
S01006978,50 to 64,213,0,213
S01006978,65 and over,137,1,136
S01006979,All people aged 3 and over,814,7,807
S01006979,3 to 15,115,0,115
S01006979,16 to 24,63,1,62
S01006979,25 to 34,84,1,83
S01006979,35 to 49,179,1,178
S01006979,50 to 64,205,2,203
S01006979,65 and over,168,2,166
S01006980,All people aged 3 and over,816,8,808
S01006980,3 to 15,129,0,129
S01006980,16 to 24,83,0,83
S01006980,25 to 34,75,0,75
S01006980,35 to 49,211,1,210
S01006980,50 to 64,213,4,209
S01006980,65 and over,105,3,102
S01006981,All people aged 3 and over,764,16,748
S01006981,3 to 15,115,0,115
S01006981,16 to 24,77,2,75
S01006981,25 to 34,90,3,87
S01006981,35 to 49,190,6,184
S01006981,50 to 64,213,3,210
S01006981,65 and over,79,2,77
S01006982,All people aged 3 and over,864,13,851
S01006982,3 to 15,181,1,180
S01006982,16 to 24,87,0,87
S01006982,25 to 34,112,0,112
S01006982,35 to 49,251,6,245
S01006982,50 to 64,142,4,138
S01006982,65 and over,91,2,89
S01006983,All people aged 3 and over,713,9,704
S01006983,3 to 15,132,0,132
S01006983,16 to 24,70,0,70
S01006983,25 to 34,76,1,75
S01006983,35 to 49,184,4,180
S01006983,50 to 64,169,3,166
S01006983,65 and over,82,1,81
S01006984,All people aged 3 and over,680,6,674
S01006984,3 to 15,114,0,114
S01006984,16 to 24,74,0,74
S01006984,25 to 34,61,1,60
S01006984,35 to 49,196,2,194
S01006984,50 to 64,154,1,153
S01006984,65 and over,81,2,79
S01006985,All people aged 3 and over,980,11,969
S01006985,3 to 15,141,2,139
S01006985,16 to 24,104,2,102
S01006985,25 to 34,96,0,96
S01006985,35 to 49,231,5,226
S01006985,50 to 64,225,1,224
S01006985,65 and over,183,1,182
S01006986,All people aged 3 and over,638,6,632
S01006986,3 to 15,124,0,124
S01006986,16 to 24,65,0,65
S01006986,25 to 34,117,3,114
S01006986,35 to 49,163,1,162
S01006986,50 to 64,98,2,96
S01006986,65 and over,71,0,71
S01006987,All people aged 3 and over,641,10,631
S01006987,3 to 15,95,0,95
S01006987,16 to 24,55,2,53
S01006987,25 to 34,70,0,70
S01006987,35 to 49,132,1,131
S01006987,50 to 64,152,5,147
S01006987,65 and over,137,2,135
S01006988,All people aged 3 and over,584,5,579
S01006988,3 to 15,129,0,129
S01006988,16 to 24,60,1,59
S01006988,25 to 34,71,0,71
S01006988,35 to 49,191,4,187
S01006988,50 to 64,91,0,91
S01006988,65 and over,42,0,42
S01006989,All people aged 3 and over,988,9,979
S01006989,3 to 15,194,0,194
S01006989,16 to 24,94,0,94
S01006989,25 to 34,90,2,88
S01006989,35 to 49,259,4,255
S01006989,50 to 64,259,2,257
S01006989,65 and over,92,1,91
S01006990,All people aged 3 and over,850,11,839
S01006990,3 to 15,193,0,193
S01006990,16 to 24,70,0,70
S01006990,25 to 34,156,4,152
S01006990,35 to 49,281,5,276
S01006990,50 to 64,109,0,109
S01006990,65 and over,41,2,39
S01006991,All people aged 3 and over,427,8,419
S01006991,3 to 15,56,0,56
S01006991,16 to 24,37,0,37
S01006991,25 to 34,38,0,38
S01006991,35 to 49,87,2,85
S01006991,50 to 64,99,3,96
S01006991,65 and over,110,3,107
S01006992,All people aged 3 and over,582,9,573
S01006992,3 to 15,81,0,81
S01006992,16 to 24,57,0,57
S01006992,25 to 34,63,1,62
S01006992,35 to 49,145,3,142
S01006992,50 to 64,156,1,155
S01006992,65 and over,80,4,76
S01006993,All people aged 3 and over,528,9,519
S01006993,3 to 15,95,0,95
S01006993,16 to 24,54,2,52
S01006993,25 to 34,39,1,38
S01006993,35 to 49,144,2,142
S01006993,50 to 64,131,1,130
S01006993,65 and over,65,3,62
S01006994,All people aged 3 and over,562,8,554
S01006994,3 to 15,67,0,67
S01006994,16 to 24,66,1,65
S01006994,25 to 34,55,3,52
S01006994,35 to 49,149,4,145
S01006994,50 to 64,163,0,163
S01006994,65 and over,62,0,62
S01006995,All people aged 3 and over,822,13,809
S01006995,3 to 15,149,0,149
S01006995,16 to 24,77,3,74
S01006995,25 to 34,95,2,93
S01006995,35 to 49,220,4,216
S01006995,50 to 64,171,2,169
S01006995,65 and over,110,2,108
S01006996,All people aged 3 and over,740,10,730
S01006996,3 to 15,136,1,135
S01006996,16 to 24,88,2,86
S01006996,25 to 34,95,2,93
S01006996,35 to 49,209,3,206
S01006996,50 to 64,113,0,113
S01006996,65 and over,99,2,97
S01006997,All people aged 3 and over,750,9,741
S01006997,3 to 15,147,0,147
S01006997,16 to 24,75,1,74
S01006997,25 to 34,72,0,72
S01006997,35 to 49,228,5,223
S01006997,50 to 64,157,3,154
S01006997,65 and over,71,0,71
S01006998,All people aged 3 and over,1046,17,1029
S01006998,3 to 15,147,0,147
S01006998,16 to 24,93,3,90
S01006998,25 to 34,127,3,124
S01006998,35 to 49,267,4,263
S01006998,50 to 64,265,7,258
S01006998,65 and over,147,0,147
S01006999,All people aged 3 and over,842,9,833
S01006999,3 to 15,118,1,117
S01006999,16 to 24,77,0,77
S01006999,25 to 34,82,3,79
S01006999,35 to 49,198,3,195
S01006999,50 to 64,220,1,219
S01006999,65 and over,147,1,146
S01007000,All people aged 3 and over,886,10,876
S01007000,3 to 15,120,0,120
S01007000,16 to 24,94,3,91
S01007000,25 to 34,108,1,107
S01007000,35 to 49,210,1,209
S01007000,50 to 64,173,2,171
S01007000,65 and over,181,3,178
S01007001,All people aged 3 and over,909,14,895
S01007001,3 to 15,134,0,134
S01007001,16 to 24,93,0,93
S01007001,25 to 34,75,0,75
S01007001,35 to 49,229,6,223
S01007001,50 to 64,169,2,167
S01007001,65 and over,209,6,203
S01007002,All people aged 3 and over,569,6,563
S01007002,3 to 15,119,0,119
S01007002,16 to 24,52,2,50
S01007002,25 to 34,92,1,91
S01007002,35 to 49,130,2,128
S01007002,50 to 64,106,1,105
S01007002,65 and over,70,0,70
S01007003,All people aged 3 and over,509,3,506
S01007003,3 to 15,84,0,84
S01007003,16 to 24,49,1,48
S01007003,25 to 34,57,1,56
S01007003,35 to 49,128,0,128
S01007003,50 to 64,112,1,111
S01007003,65 and over,79,0,79
S01007004,All people aged 3 and over,693,4,689
S01007004,3 to 15,105,0,105
S01007004,16 to 24,70,0,70
S01007004,25 to 34,51,0,51
S01007004,35 to 49,170,1,169
S01007004,50 to 64,198,3,195
S01007004,65 and over,99,0,99
S01007005,All people aged 3 and over,879,15,864
S01007005,3 to 15,150,1,149
S01007005,16 to 24,89,1,88
S01007005,25 to 34,47,0,47
S01007005,35 to 49,226,7,219
S01007005,50 to 64,249,6,243
S01007005,65 and over,118,0,118
S01007006,All people aged 3 and over,872,9,863
S01007006,3 to 15,137,0,137
S01007006,16 to 24,77,0,77
S01007006,25 to 34,78,1,77
S01007006,35 to 49,208,3,205
S01007006,50 to 64,211,3,208
S01007006,65 and over,161,2,159
S01007007,All people aged 3 and over,823,9,814
S01007007,3 to 15,151,0,151
S01007007,16 to 24,70,1,69
S01007007,25 to 34,55,2,53
S01007007,35 to 49,204,0,204
S01007007,50 to 64,217,4,213
S01007007,65 and over,126,2,124
S01007008,All people aged 3 and over,1002,6,996
S01007008,3 to 15,132,1,131
S01007008,16 to 24,113,0,113
S01007008,25 to 34,87,2,85
S01007008,35 to 49,220,0,220
S01007008,50 to 64,214,0,214
S01007008,65 and over,236,3,233
S01007009,All people aged 3 and over,982,17,965
S01007009,3 to 15,108,2,106
S01007009,16 to 24,119,2,117
S01007009,25 to 34,104,3,101
S01007009,35 to 49,200,5,195
S01007009,50 to 64,224,3,221
S01007009,65 and over,227,2,225
S01007010,All people aged 3 and over,803,7,796
S01007010,3 to 15,83,0,83
S01007010,16 to 24,66,1,65
S01007010,25 to 34,59,0,59
S01007010,35 to 49,126,1,125
S01007010,50 to 64,194,2,192
S01007010,65 and over,275,3,272
S01007011,All people aged 3 and over,832,3,829
S01007011,3 to 15,102,1,101
S01007011,16 to 24,89,0,89
S01007011,25 to 34,109,1,108
S01007011,35 to 49,151,0,151
S01007011,50 to 64,163,1,162
S01007011,65 and over,218,0,218
S01007012,All people aged 3 and over,675,2,673
S01007012,3 to 15,104,1,103
S01007012,16 to 24,83,1,82
S01007012,25 to 34,58,0,58
S01007012,35 to 49,155,0,155
S01007012,50 to 64,127,0,127
S01007012,65 and over,148,0,148
S01007013,All people aged 3 and over,544,6,538
S01007013,3 to 15,86,0,86
S01007013,16 to 24,53,0,53
S01007013,25 to 34,37,0,37
S01007013,35 to 49,130,3,127
S01007013,50 to 64,148,3,145
S01007013,65 and over,90,0,90
S01007014,All people aged 3 and over,965,13,952
S01007014,3 to 15,159,2,157
S01007014,16 to 24,102,0,102
S01007014,25 to 34,131,4,127
S01007014,35 to 49,242,5,237
S01007014,50 to 64,198,1,197
S01007014,65 and over,133,1,132
S01007015,All people aged 3 and over,601,7,594
S01007015,3 to 15,96,0,96
S01007015,16 to 24,54,0,54
S01007015,25 to 34,60,2,58
S01007015,35 to 49,143,4,139
S01007015,50 to 64,153,1,152
S01007015,65 and over,95,0,95
S01007016,All people aged 3 and over,579,2,577
S01007016,3 to 15,101,0,101
S01007016,16 to 24,62,0,62
S01007016,25 to 34,41,0,41
S01007016,35 to 49,172,1,171
S01007016,50 to 64,147,1,146
S01007016,65 and over,56,0,56
S01007017,All people aged 3 and over,961,10,951
S01007017,3 to 15,132,0,132
S01007017,16 to 24,109,0,109
S01007017,25 to 34,117,2,115
S01007017,35 to 49,195,3,192
S01007017,50 to 64,189,3,186
S01007017,65 and over,219,2,217
S01007018,All people aged 3 and over,956,10,946
S01007018,3 to 15,163,2,161
S01007018,16 to 24,77,1,76
S01007018,25 to 34,95,0,95
S01007018,35 to 49,213,2,211
S01007018,50 to 64,179,1,178
S01007018,65 and over,229,4,225
S01007019,All people aged 3 and over,643,5,638
S01007019,3 to 15,69,0,69
S01007019,16 to 24,82,1,81
S01007019,25 to 34,77,2,75
S01007019,35 to 49,122,1,121
S01007019,50 to 64,135,0,135
S01007019,65 and over,158,1,157
S01007020,All people aged 3 and over,746,13,733
S01007020,3 to 15,71,0,71
S01007020,16 to 24,69,1,68
S01007020,25 to 34,112,1,111
S01007020,35 to 49,152,4,148
S01007020,50 to 64,139,2,137
S01007020,65 and over,203,5,198
S01007021,All people aged 3 and over,903,12,891
S01007021,3 to 15,129,2,127
S01007021,16 to 24,76,1,75
S01007021,25 to 34,98,1,97
S01007021,35 to 49,206,2,204
S01007021,50 to 64,152,0,152
S01007021,65 and over,242,6,236
S01007022,All people aged 3 and over,479,6,473
S01007022,3 to 15,88,3,85
S01007022,16 to 24,41,0,41
S01007022,25 to 34,46,1,45
S01007022,35 to 49,117,1,116
S01007022,50 to 64,86,1,85
S01007022,65 and over,101,0,101
S01007023,All people aged 3 and over,477,7,470
S01007023,3 to 15,83,0,83
S01007023,16 to 24,38,0,38
S01007023,25 to 34,40,2,38
S01007023,35 to 49,114,2,112
S01007023,50 to 64,105,3,102
S01007023,65 and over,97,0,97
S01007024,All people aged 3 and over,1018,11,1007
S01007024,3 to 15,141,1,140
S01007024,16 to 24,89,0,89
S01007024,25 to 34,77,0,77
S01007024,35 to 49,214,1,213
S01007024,50 to 64,273,4,269
S01007024,65 and over,224,5,219
S01007025,All people aged 3 and over,826,10,816
S01007025,3 to 15,118,0,118
S01007025,16 to 24,82,0,82
S01007025,25 to 34,93,0,93
S01007025,35 to 49,165,1,164
S01007025,50 to 64,185,4,181
S01007025,65 and over,183,5,178
S01007026,All people aged 3 and over,870,10,860
S01007026,3 to 15,96,0,96
S01007026,16 to 24,87,1,86
S01007026,25 to 34,57,0,57
S01007026,35 to 49,169,0,169
S01007026,50 to 64,184,3,181
S01007026,65 and over,277,6,271
S01007027,All people aged 3 and over,1049,7,1042
S01007027,3 to 15,169,2,167
S01007027,16 to 24,102,0,102
S01007027,25 to 34,100,0,100
S01007027,35 to 49,202,1,201
S01007027,50 to 64,241,0,241
S01007027,65 and over,235,4,231
S01007028,All people aged 3 and over,717,7,710
S01007028,3 to 15,103,0,103
S01007028,16 to 24,65,1,64
S01007028,25 to 34,45,1,44
S01007028,35 to 49,161,2,159
S01007028,50 to 64,198,0,198
S01007028,65 and over,145,3,142
S01007029,All people aged 3 and over,538,9,529
S01007029,3 to 15,80,0,80
S01007029,16 to 24,46,0,46
S01007029,25 to 34,41,2,39
S01007029,35 to 49,128,2,126
S01007029,50 to 64,118,4,114
S01007029,65 and over,125,1,124
S01007030,All people aged 3 and over,787,13,774
S01007030,3 to 15,124,3,121
S01007030,16 to 24,84,1,83
S01007030,25 to 34,76,2,74
S01007030,35 to 49,168,6,162
S01007030,50 to 64,173,1,172
S01007030,65 and over,162,0,162
S01007031,All people aged 3 and over,610,13,597
S01007031,3 to 15,93,3,90
S01007031,16 to 24,68,2,66
S01007031,25 to 34,70,2,68
S01007031,35 to 49,128,2,126
S01007031,50 to 64,125,2,123
S01007031,65 and over,126,2,124
S01007032,All people aged 3 and over,961,11,950
S01007032,3 to 15,128,0,128
S01007032,16 to 24,103,1,102
S01007032,25 to 34,112,2,110
S01007032,35 to 49,212,1,211
S01007032,50 to 64,182,1,181
S01007032,65 and over,224,6,218
S01007033,All people aged 3 and over,707,12,695
S01007033,3 to 15,104,0,104
S01007033,16 to 24,78,1,77
S01007033,25 to 34,76,2,74
S01007033,35 to 49,147,3,144
S01007033,50 to 64,161,2,159
S01007033,65 and over,141,4,137
S01007034,All people aged 3 and over,571,8,563
S01007034,3 to 15,77,0,77
S01007034,16 to 24,87,2,85
S01007034,25 to 34,67,2,65
S01007034,35 to 49,137,1,136
S01007034,50 to 64,114,2,112
S01007034,65 and over,89,1,88
S01007035,All people aged 3 and over,760,15,745
S01007035,3 to 15,117,1,116
S01007035,16 to 24,83,3,80
S01007035,25 to 34,104,4,100
S01007035,35 to 49,129,2,127
S01007035,50 to 64,162,4,158
S01007035,65 and over,165,1,164
S01007036,All people aged 3 and over,947,7,940
S01007036,3 to 15,147,1,146
S01007036,16 to 24,80,0,80
S01007036,25 to 34,74,2,72
S01007036,35 to 49,201,1,200
S01007036,50 to 64,213,1,212
S01007036,65 and over,232,2,230
S01007037,All people aged 3 and over,983,8,975
S01007037,3 to 15,153,0,153
S01007037,16 to 24,114,2,112
S01007037,25 to 34,116,0,116
S01007037,35 to 49,220,2,218
S01007037,50 to 64,161,1,160
S01007037,65 and over,219,3,216
S01007038,All people aged 3 and over,720,3,717
S01007038,3 to 15,107,0,107
S01007038,16 to 24,98,0,98
S01007038,25 to 34,103,0,103
S01007038,35 to 49,174,1,173
S01007038,50 to 64,138,1,137
S01007038,65 and over,100,1,99
S01007039,All people aged 3 and over,818,15,803
S01007039,3 to 15,133,0,133
S01007039,16 to 24,87,1,86
S01007039,25 to 34,108,4,104
S01007039,35 to 49,198,2,196
S01007039,50 to 64,153,7,146
S01007039,65 and over,139,1,138
S01007040,All people aged 3 and over,625,6,619
S01007040,3 to 15,88,0,88
S01007040,16 to 24,79,1,78
S01007040,25 to 34,57,1,56
S01007040,35 to 49,134,2,132
S01007040,50 to 64,127,2,125
S01007040,65 and over,140,0,140
S01007041,All people aged 3 and over,712,9,703
S01007041,3 to 15,84,0,84
S01007041,16 to 24,91,4,87
S01007041,25 to 34,77,3,74
S01007041,35 to 49,150,0,150
S01007041,50 to 64,166,2,164
S01007041,65 and over,144,0,144
S01007042,All people aged 3 and over,711,11,700
S01007042,3 to 15,113,1,112
S01007042,16 to 24,64,2,62
S01007042,25 to 34,82,3,79
S01007042,35 to 49,158,2,156
S01007042,50 to 64,138,1,137
S01007042,65 and over,156,2,154
S01007043,All people aged 3 and over,974,10,964
S01007043,3 to 15,139,0,139
S01007043,16 to 24,85,1,84
S01007043,25 to 34,89,0,89
S01007043,35 to 49,220,5,215
S01007043,50 to 64,284,3,281
S01007043,65 and over,157,1,156
S01007044,All people aged 3 and over,652,8,644
S01007044,3 to 15,71,0,71
S01007044,16 to 24,74,0,74
S01007044,25 to 34,45,0,45
S01007044,35 to 49,153,3,150
S01007044,50 to 64,142,3,139
S01007044,65 and over,167,2,165
S01007045,All people aged 3 and over,784,5,779
S01007045,3 to 15,101,0,101
S01007045,16 to 24,70,0,70
S01007045,25 to 34,70,0,70
S01007045,35 to 49,150,4,146
S01007045,50 to 64,253,1,252
S01007045,65 and over,140,0,140
S01007046,All people aged 3 and over,561,7,554
S01007046,3 to 15,52,0,52
S01007046,16 to 24,59,0,59
S01007046,25 to 34,54,1,53
S01007046,35 to 49,123,3,120
S01007046,50 to 64,171,2,169
S01007046,65 and over,102,1,101
S01007047,All people aged 3 and over,649,5,644
S01007047,3 to 15,99,0,99
S01007047,16 to 24,53,1,52
S01007047,25 to 34,54,2,52
S01007047,35 to 49,170,1,169
S01007047,50 to 64,155,0,155
S01007047,65 and over,118,1,117
S01007048,All people aged 3 and over,865,4,861
S01007048,3 to 15,90,0,90
S01007048,16 to 24,115,1,114
S01007048,25 to 34,54,0,54
S01007048,35 to 49,216,2,214
S01007048,50 to 64,221,0,221
S01007048,65 and over,169,1,168
S01007049,All people aged 3 and over,903,21,882
S01007049,3 to 15,136,2,134
S01007049,16 to 24,73,4,69
S01007049,25 to 34,121,0,121
S01007049,35 to 49,212,9,203
S01007049,50 to 64,188,4,184
S01007049,65 and over,173,2,171
S01007050,All people aged 3 and over,622,7,615
S01007050,3 to 15,75,1,74
S01007050,16 to 24,65,0,65
S01007050,25 to 34,77,0,77
S01007050,35 to 49,144,2,142
S01007050,50 to 64,122,2,120
S01007050,65 and over,139,2,137
S01007051,All people aged 3 and over,743,4,739
S01007051,3 to 15,129,1,128
S01007051,16 to 24,79,0,79
S01007051,25 to 34,94,0,94
S01007051,35 to 49,177,3,174
S01007051,50 to 64,142,0,142
S01007051,65 and over,122,0,122
S01007052,All people aged 3 and over,550,6,544
S01007052,3 to 15,77,1,76
S01007052,16 to 24,60,0,60
S01007052,25 to 34,56,0,56
S01007052,35 to 49,135,0,135
S01007052,50 to 64,130,3,127
S01007052,65 and over,92,2,90
S01007053,All people aged 3 and over,483,1,482
S01007053,3 to 15,81,0,81
S01007053,16 to 24,51,0,51
S01007053,25 to 34,36,0,36
S01007053,35 to 49,107,0,107
S01007053,50 to 64,134,1,133
S01007053,65 and over,74,0,74
S01007054,All people aged 3 and over,932,3,929
S01007054,3 to 15,129,1,128
S01007054,16 to 24,99,0,99
S01007054,25 to 34,104,0,104
S01007054,35 to 49,210,0,210
S01007054,50 to 64,179,0,179
S01007054,65 and over,211,2,209
S01007055,All people aged 3 and over,498,2,496
S01007055,3 to 15,76,0,76
S01007055,16 to 24,66,2,64
S01007055,25 to 34,41,0,41
S01007055,35 to 49,128,0,128
S01007055,50 to 64,125,0,125
S01007055,65 and over,62,0,62
S01007056,All people aged 3 and over,627,11,616
S01007056,3 to 15,99,1,98
S01007056,16 to 24,72,0,72
S01007056,25 to 34,58,2,56
S01007056,35 to 49,156,5,151
S01007056,50 to 64,149,2,147
S01007056,65 and over,93,1,92
S01007057,All people aged 3 and over,508,4,504
S01007057,3 to 15,49,0,49
S01007057,16 to 24,39,0,39
S01007057,25 to 34,45,1,44
S01007057,35 to 49,90,1,89
S01007057,50 to 64,130,1,129
S01007057,65 and over,155,1,154
S01007058,All people aged 3 and over,558,3,555
S01007058,3 to 15,56,0,56
S01007058,16 to 24,47,0,47
S01007058,25 to 34,49,0,49
S01007058,35 to 49,102,1,101
S01007058,50 to 64,114,0,114
S01007058,65 and over,190,2,188
S01007059,All people aged 3 and over,984,8,976
S01007059,3 to 15,171,1,170
S01007059,16 to 24,96,0,96
S01007059,25 to 34,112,4,108
S01007059,35 to 49,229,1,228
S01007059,50 to 64,192,1,191
S01007059,65 and over,184,1,183
S01007060,All people aged 3 and over,579,7,572
S01007060,3 to 15,94,1,93
S01007060,16 to 24,99,3,96
S01007060,25 to 34,68,1,67
S01007060,35 to 49,116,1,115
S01007060,50 to 64,116,1,115
S01007060,65 and over,86,0,86
S01007061,All people aged 3 and over,903,5,898
S01007061,3 to 15,164,0,164
S01007061,16 to 24,84,1,83
S01007061,25 to 34,95,0,95
S01007061,35 to 49,226,4,222
S01007061,50 to 64,241,0,241
S01007061,65 and over,93,0,93
S01007062,All people aged 3 and over,645,1,644
S01007062,3 to 15,80,0,80
S01007062,16 to 24,69,0,69
S01007062,25 to 34,58,0,58
S01007062,35 to 49,160,0,160
S01007062,50 to 64,179,1,178
S01007062,65 and over,99,0,99
S01007063,All people aged 3 and over,653,7,646
S01007063,3 to 15,104,0,104
S01007063,16 to 24,64,0,64
S01007063,25 to 34,60,1,59
S01007063,35 to 49,132,3,129
S01007063,50 to 64,173,1,172
S01007063,65 and over,120,2,118
S01007064,All people aged 3 and over,609,4,605
S01007064,3 to 15,81,0,81
S01007064,16 to 24,54,2,52
S01007064,25 to 34,57,0,57
S01007064,35 to 49,150,0,150
S01007064,50 to 64,186,0,186
S01007064,65 and over,81,2,79
S01007065,All people aged 3 and over,556,6,550
S01007065,3 to 15,82,2,80
S01007065,16 to 24,42,0,42
S01007065,25 to 34,48,2,46
S01007065,35 to 49,154,0,154
S01007065,50 to 64,139,0,139
S01007065,65 and over,91,2,89
S01007066,All people aged 3 and over,630,11,619
S01007066,3 to 15,93,2,91
S01007066,16 to 24,61,0,61
S01007066,25 to 34,58,0,58
S01007066,35 to 49,158,3,155
S01007066,50 to 64,177,6,171
S01007066,65 and over,83,0,83
S01007067,All people aged 3 and over,545,10,535
S01007067,3 to 15,56,0,56
S01007067,16 to 24,46,0,46
S01007067,25 to 34,75,2,73
S01007067,35 to 49,121,0,121
S01007067,50 to 64,138,6,132
S01007067,65 and over,109,2,107
S01007068,All people aged 3 and over,727,5,722
S01007068,3 to 15,102,0,102
S01007068,16 to 24,61,0,61
S01007068,25 to 34,70,2,68
S01007068,35 to 49,160,1,159
S01007068,50 to 64,168,0,168
S01007068,65 and over,166,2,164
S01007069,All people aged 3 and over,805,6,799
S01007069,3 to 15,161,0,161
S01007069,16 to 24,93,0,93
S01007069,25 to 34,109,4,105
S01007069,35 to 49,182,1,181
S01007069,50 to 64,152,1,151
S01007069,65 and over,108,0,108
S01007070,All people aged 3 and over,482,7,475
S01007070,3 to 15,53,0,53
S01007070,16 to 24,51,0,51
S01007070,25 to 34,66,0,66
S01007070,35 to 49,106,2,104
S01007070,50 to 64,117,4,113
S01007070,65 and over,89,1,88
S01007071,All people aged 3 and over,802,11,791
S01007071,3 to 15,114,0,114
S01007071,16 to 24,96,1,95
S01007071,25 to 34,110,0,110
S01007071,35 to 49,210,5,205
S01007071,50 to 64,166,4,162
S01007071,65 and over,106,1,105
S01007072,All people aged 3 and over,629,3,626
S01007072,3 to 15,116,0,116
S01007072,16 to 24,76,0,76
S01007072,25 to 34,56,0,56
S01007072,35 to 49,191,1,190
S01007072,50 to 64,130,0,130
S01007072,65 and over,60,2,58
S01007073,All people aged 3 and over,1041,12,1029
S01007073,3 to 15,138,0,138
S01007073,16 to 24,128,1,127
S01007073,25 to 34,127,3,124
S01007073,35 to 49,261,5,256
S01007073,50 to 64,219,3,216
S01007073,65 and over,168,0,168
S01007074,All people aged 3 and over,643,8,635
S01007074,3 to 15,94,0,94
S01007074,16 to 24,71,4,67
S01007074,25 to 34,89,0,89
S01007074,35 to 49,133,1,132
S01007074,50 to 64,164,2,162
S01007074,65 and over,92,1,91
S01007075,All people aged 3 and over,700,11,689
S01007075,3 to 15,115,2,113
S01007075,16 to 24,95,0,95
S01007075,25 to 34,84,3,81
S01007075,35 to 49,153,4,149
S01007075,50 to 64,134,1,133
S01007075,65 and over,119,1,118
S01007076,All people aged 3 and over,727,3,724
S01007076,3 to 15,128,0,128
S01007076,16 to 24,96,2,94
S01007076,25 to 34,89,0,89
S01007076,35 to 49,183,0,183
S01007076,50 to 64,163,1,162
S01007076,65 and over,68,0,68
S01007077,All people aged 3 and over,656,3,653
S01007077,3 to 15,62,0,62
S01007077,16 to 24,74,0,74
S01007077,25 to 34,63,0,63
S01007077,35 to 49,126,1,125
S01007077,50 to 64,165,0,165
S01007077,65 and over,166,2,164
S01007078,All people aged 3 and over,821,6,815
S01007078,3 to 15,104,1,103
S01007078,16 to 24,92,1,91
S01007078,25 to 34,104,1,103
S01007078,35 to 49,156,1,155
S01007078,50 to 64,176,1,175
S01007078,65 and over,189,1,188
S01007079,All people aged 3 and over,958,8,950
S01007079,3 to 15,100,1,99
S01007079,16 to 24,116,1,115
S01007079,25 to 34,133,1,132
S01007079,35 to 49,192,4,188
S01007079,50 to 64,165,0,165
S01007079,65 and over,252,1,251
S01007080,All people aged 3 and over,767,14,753
S01007080,3 to 15,98,2,96
S01007080,16 to 24,94,1,93
S01007080,25 to 34,81,1,80
S01007080,35 to 49,162,7,155
S01007080,50 to 64,138,0,138
S01007080,65 and over,194,3,191
S01007081,All people aged 3 and over,901,6,895
S01007081,3 to 15,167,0,167
S01007081,16 to 24,136,1,135
S01007081,25 to 34,138,4,134
S01007081,35 to 49,193,1,192
S01007081,50 to 64,165,0,165
S01007081,65 and over,102,0,102
S01007082,All people aged 3 and over,527,16,511
S01007082,3 to 15,88,4,84
S01007082,16 to 24,69,0,69
S01007082,25 to 34,77,6,71
S01007082,35 to 49,121,4,117
S01007082,50 to 64,109,2,107
S01007082,65 and over,63,0,63
S01007083,All people aged 3 and over,892,14,878
S01007083,3 to 15,98,0,98
S01007083,16 to 24,130,3,127
S01007083,25 to 34,129,3,126
S01007083,35 to 49,160,4,156
S01007083,50 to 64,171,2,169
S01007083,65 and over,204,2,202
S01007084,All people aged 3 and over,608,9,599
S01007084,3 to 15,51,0,51
S01007084,16 to 24,51,0,51
S01007084,25 to 34,68,2,66
S01007084,35 to 49,122,1,121
S01007084,50 to 64,110,2,108
S01007084,65 and over,206,4,202
S01007085,All people aged 3 and over,779,28,751
S01007085,3 to 15,95,2,93
S01007085,16 to 24,122,6,116
S01007085,25 to 34,126,5,121
S01007085,35 to 49,184,6,178
S01007085,50 to 64,150,5,145
S01007085,65 and over,102,4,98
S01007086,All people aged 3 and over,1070,22,1048
S01007086,3 to 15,153,0,153
S01007086,16 to 24,204,6,198
S01007086,25 to 34,209,9,200
S01007086,35 to 49,243,6,237
S01007086,50 to 64,169,1,168
S01007086,65 and over,92,0,92
S01007087,All people aged 3 and over,859,14,845
S01007087,3 to 15,106,1,105
S01007087,16 to 24,136,6,130
S01007087,25 to 34,136,1,135
S01007087,35 to 49,184,3,181
S01007087,50 to 64,146,1,145
S01007087,65 and over,151,2,149
S01007088,All people aged 3 and over,518,8,510
S01007088,3 to 15,81,0,81
S01007088,16 to 24,61,2,59
S01007088,25 to 34,91,2,89
S01007088,35 to 49,120,1,119
S01007088,50 to 64,102,2,100
S01007088,65 and over,63,1,62
S01007089,All people aged 3 and over,513,1,512
S01007089,3 to 15,90,0,90
S01007089,16 to 24,38,0,38
S01007089,25 to 34,49,0,49
S01007089,35 to 49,130,0,130
S01007089,50 to 64,119,1,118
S01007089,65 and over,87,0,87
S01007090,All people aged 3 and over,524,2,522
S01007090,3 to 15,73,0,73
S01007090,16 to 24,73,2,71
S01007090,25 to 34,76,0,76
S01007090,35 to 49,136,0,136
S01007090,50 to 64,96,0,96
S01007090,65 and over,70,0,70
S01007091,All people aged 3 and over,781,9,772
S01007091,3 to 15,194,0,194
S01007091,16 to 24,140,2,138
S01007091,25 to 34,114,2,112
S01007091,35 to 49,234,4,230
S01007091,50 to 64,72,0,72
S01007091,65 and over,27,1,26
S01007092,All people aged 3 and over,603,3,600
S01007092,3 to 15,66,0,66
S01007092,16 to 24,68,0,68
S01007092,25 to 34,69,2,67
S01007092,35 to 49,98,0,98
S01007092,50 to 64,139,1,138
S01007092,65 and over,163,0,163
S01007093,All people aged 3 and over,975,5,970
S01007093,3 to 15,122,0,122
S01007093,16 to 24,100,0,100
S01007093,25 to 34,91,1,90
S01007093,35 to 49,203,0,203
S01007093,50 to 64,235,2,233
S01007093,65 and over,224,2,222
S01007094,All people aged 3 and over,875,14,861
S01007094,3 to 15,116,3,113
S01007094,16 to 24,89,0,89
S01007094,25 to 34,91,4,87
S01007094,35 to 49,184,3,181
S01007094,50 to 64,202,2,200
S01007094,65 and over,193,2,191
S01007095,All people aged 3 and over,537,6,531
S01007095,3 to 15,90,0,90
S01007095,16 to 24,49,1,48
S01007095,25 to 34,51,0,51
S01007095,35 to 49,139,1,138
S01007095,50 to 64,124,3,121
S01007095,65 and over,84,1,83
S01007096,All people aged 3 and over,800,7,793
S01007096,3 to 15,155,0,155
S01007096,16 to 24,86,0,86
S01007096,25 to 34,110,2,108
S01007096,35 to 49,193,2,191
S01007096,50 to 64,159,3,156
S01007096,65 and over,97,0,97
S01007097,All people aged 3 and over,469,3,466
S01007097,3 to 15,73,0,73
S01007097,16 to 24,47,0,47
S01007097,25 to 34,61,0,61
S01007097,35 to 49,115,1,114
S01007097,50 to 64,116,0,116
S01007097,65 and over,57,2,55
S01007098,All people aged 3 and over,782,6,776
S01007098,3 to 15,142,0,142
S01007098,16 to 24,84,0,84
S01007098,25 to 34,79,1,78
S01007098,35 to 49,204,2,202
S01007098,50 to 64,177,2,175
S01007098,65 and over,96,1,95
S01007099,All people aged 3 and over,845,4,841
S01007099,3 to 15,151,0,151
S01007099,16 to 24,95,1,94
S01007099,25 to 34,112,0,112
S01007099,35 to 49,230,2,228
S01007099,50 to 64,143,0,143
S01007099,65 and over,114,1,113
S01007100,All people aged 3 and over,708,10,698
S01007100,3 to 15,107,1,106
S01007100,16 to 24,78,0,78
S01007100,25 to 34,54,2,52
S01007100,35 to 49,176,4,172
S01007100,50 to 64,177,2,175
S01007100,65 and over,116,1,115
S01007101,All people aged 3 and over,817,8,809
S01007101,3 to 15,111,2,109
S01007101,16 to 24,93,0,93
S01007101,25 to 34,93,1,92
S01007101,35 to 49,165,2,163
S01007101,50 to 64,179,3,176
S01007101,65 and over,176,0,176
S01007102,All people aged 3 and over,690,4,686
S01007102,3 to 15,100,0,100
S01007102,16 to 24,91,0,91
S01007102,25 to 34,49,0,49
S01007102,35 to 49,153,1,152
S01007102,50 to 64,185,1,184
S01007102,65 and over,112,2,110
S01007103,All people aged 3 and over,803,5,798
S01007103,3 to 15,125,0,125
S01007103,16 to 24,96,0,96
S01007103,25 to 34,84,2,82
S01007103,35 to 49,196,3,193
S01007103,50 to 64,165,0,165
S01007103,65 and over,137,0,137
S01007104,All people aged 3 and over,468,4,464
S01007104,3 to 15,70,0,70
S01007104,16 to 24,35,0,35
S01007104,25 to 34,52,1,51
S01007104,35 to 49,122,1,121
S01007104,50 to 64,106,2,104
S01007104,65 and over,83,0,83
S01007105,All people aged 3 and over,525,1,524
S01007105,3 to 15,78,0,78
S01007105,16 to 24,62,0,62
S01007105,25 to 34,57,0,57
S01007105,35 to 49,104,0,104
S01007105,50 to 64,103,0,103
S01007105,65 and over,121,1,120
S01007106,All people aged 3 and over,705,6,699
S01007106,3 to 15,90,0,90
S01007106,16 to 24,80,0,80
S01007106,25 to 34,75,0,75
S01007106,35 to 49,130,2,128
S01007106,50 to 64,183,4,179
S01007106,65 and over,147,0,147
S01007107,All people aged 3 and over,665,5,660
S01007107,3 to 15,122,0,122
S01007107,16 to 24,58,0,58
S01007107,25 to 34,63,1,62
S01007107,35 to 49,157,2,155
S01007107,50 to 64,171,0,171
S01007107,65 and over,94,2,92
S01007108,All people aged 3 and over,558,9,549
S01007108,3 to 15,90,0,90
S01007108,16 to 24,53,0,53
S01007108,25 to 34,48,4,44
S01007108,35 to 49,132,3,129
S01007108,50 to 64,138,0,138
S01007108,65 and over,97,2,95
S01007109,All people aged 3 and over,794,15,779
S01007109,3 to 15,126,1,125
S01007109,16 to 24,85,1,84
S01007109,25 to 34,114,3,111
S01007109,35 to 49,167,4,163
S01007109,50 to 64,162,5,157
S01007109,65 and over,140,1,139
S01007110,All people aged 3 and over,754,12,742
S01007110,3 to 15,146,4,142
S01007110,16 to 24,88,0,88
S01007110,25 to 34,109,0,109
S01007110,35 to 49,166,2,164
S01007110,50 to 64,128,4,124
S01007110,65 and over,117,2,115
S01007111,All people aged 3 and over,510,7,503
S01007111,3 to 15,75,0,75
S01007111,16 to 24,66,0,66
S01007111,25 to 34,40,0,40
S01007111,35 to 49,108,2,106
S01007111,50 to 64,117,2,115
S01007111,65 and over,104,3,101
S01007112,All people aged 3 and over,528,1,527
S01007112,3 to 15,53,0,53
S01007112,16 to 24,68,0,68
S01007112,25 to 34,37,0,37
S01007112,35 to 49,98,0,98
S01007112,50 to 64,139,1,138
S01007112,65 and over,133,0,133
S01007113,All people aged 3 and over,533,7,526
S01007113,3 to 15,45,2,43
S01007113,16 to 24,51,1,50
S01007113,25 to 34,64,1,63
S01007113,35 to 49,105,1,104
S01007113,50 to 64,106,1,105
S01007113,65 and over,162,1,161
S01007114,All people aged 3 and over,862,13,849
S01007114,3 to 15,117,0,117
S01007114,16 to 24,107,3,104
S01007114,25 to 34,86,0,86
S01007114,35 to 49,208,4,204
S01007114,50 to 64,158,2,156
S01007114,65 and over,186,4,182
S01007115,All people aged 3 and over,679,5,674
S01007115,3 to 15,95,1,94
S01007115,16 to 24,79,0,79
S01007115,25 to 34,62,1,61
S01007115,35 to 49,135,2,133
S01007115,50 to 64,152,1,151
S01007115,65 and over,156,0,156
S01007116,All people aged 3 and over,959,1,958
S01007116,3 to 15,227,0,227
S01007116,16 to 24,120,0,120
S01007116,25 to 34,117,1,116
S01007116,35 to 49,291,0,291
S01007116,50 to 64,145,0,145
S01007116,65 and over,59,0,59
S01007117,All people aged 3 and over,460,1,459
S01007117,3 to 15,62,0,62
S01007117,16 to 24,65,0,65
S01007117,25 to 34,28,0,28
S01007117,35 to 49,98,0,98
S01007117,50 to 64,124,0,124
S01007117,65 and over,83,1,82
S01007118,All people aged 3 and over,639,18,621
S01007118,3 to 15,108,0,108
S01007118,16 to 24,98,4,94
S01007118,25 to 34,116,6,110
S01007118,35 to 49,146,6,140
S01007118,50 to 64,108,1,107
S01007118,65 and over,63,1,62
S01007119,All people aged 3 and over,781,10,771
S01007119,3 to 15,123,0,123
S01007119,16 to 24,113,1,112
S01007119,25 to 34,118,5,113
S01007119,35 to 49,155,1,154
S01007119,50 to 64,179,2,177
S01007119,65 and over,93,1,92
S01007120,All people aged 3 and over,1031,11,1020
S01007120,3 to 15,124,1,123
S01007120,16 to 24,154,1,153
S01007120,25 to 34,177,2,175
S01007120,35 to 49,230,5,225
S01007120,50 to 64,208,1,207
S01007120,65 and over,138,1,137
S01007121,All people aged 3 and over,520,12,508
S01007121,3 to 15,54,1,53
S01007121,16 to 24,58,1,57
S01007121,25 to 34,76,5,71
S01007121,35 to 49,85,2,83
S01007121,50 to 64,78,0,78
S01007121,65 and over,169,3,166
S01007122,All people aged 3 and over,583,6,577
S01007122,3 to 15,77,0,77
S01007122,16 to 24,61,0,61
S01007122,25 to 34,78,3,75
S01007122,35 to 49,130,1,129
S01007122,50 to 64,136,0,136
S01007122,65 and over,101,2,99
S01007123,All people aged 3 and over,650,7,643
S01007123,3 to 15,84,1,83
S01007123,16 to 24,61,0,61
S01007123,25 to 34,77,2,75
S01007123,35 to 49,128,2,126
S01007123,50 to 64,127,0,127
S01007123,65 and over,173,2,171
S01007124,All people aged 3 and over,880,11,869
S01007124,3 to 15,131,1,130
S01007124,16 to 24,92,3,89
S01007124,25 to 34,130,3,127
S01007124,35 to 49,181,0,181
S01007124,50 to 64,189,3,186
S01007124,65 and over,157,1,156
S01007125,All people aged 3 and over,825,8,817
S01007125,3 to 15,149,1,148
S01007125,16 to 24,109,2,107
S01007125,25 to 34,121,1,120
S01007125,35 to 49,168,2,166
S01007125,50 to 64,142,1,141
S01007125,65 and over,136,1,135
S01007126,All people aged 3 and over,882,19,863
S01007126,3 to 15,159,2,157
S01007126,16 to 24,127,6,121
S01007126,25 to 34,154,7,147
S01007126,35 to 49,201,3,198
S01007126,50 to 64,150,0,150
S01007126,65 and over,91,1,90
S01007127,All people aged 3 and over,996,39,957
S01007127,3 to 15,163,10,153
S01007127,16 to 24,112,8,104
S01007127,25 to 34,239,11,228
S01007127,35 to 49,229,8,221
S01007127,50 to 64,159,2,157
S01007127,65 and over,94,0,94
S01007128,All people aged 3 and over,807,8,799
S01007128,3 to 15,111,0,111
S01007128,16 to 24,79,0,79
S01007128,25 to 34,119,2,117
S01007128,35 to 49,122,1,121
S01007128,50 to 64,174,2,172
S01007128,65 and over,202,3,199
S01007129,All people aged 3 and over,933,7,926
S01007129,3 to 15,194,0,194
S01007129,16 to 24,65,0,65
S01007129,25 to 34,56,0,56
S01007129,35 to 49,285,3,282
S01007129,50 to 64,206,2,204
S01007129,65 and over,127,2,125
S01007130,All people aged 3 and over,594,0,594
S01007130,3 to 15,64,0,64
S01007130,16 to 24,65,0,65
S01007130,25 to 34,60,0,60
S01007130,35 to 49,120,0,120
S01007130,50 to 64,128,0,128
S01007130,65 and over,157,0,157
S01007131,All people aged 3 and over,760,6,754
S01007131,3 to 15,105,0,105
S01007131,16 to 24,71,1,70
S01007131,25 to 34,44,0,44
S01007131,35 to 49,167,3,164
S01007131,50 to 64,208,2,206
S01007131,65 and over,165,0,165
S01007132,All people aged 3 and over,688,2,686
S01007132,3 to 15,98,0,98
S01007132,16 to 24,74,0,74
S01007132,25 to 34,33,0,33
S01007132,35 to 49,145,1,144
S01007132,50 to 64,189,1,188
S01007132,65 and over,149,0,149
S01007133,All people aged 3 and over,659,5,654
S01007133,3 to 15,105,0,105
S01007133,16 to 24,76,0,76
S01007133,25 to 34,52,0,52
S01007133,35 to 49,156,1,155
S01007133,50 to 64,164,3,161
S01007133,65 and over,106,1,105
S01007134,All people aged 3 and over,719,4,715
S01007134,3 to 15,108,0,108
S01007134,16 to 24,50,0,50
S01007134,25 to 34,55,0,55
S01007134,35 to 49,171,2,169
S01007134,50 to 64,207,1,206
S01007134,65 and over,128,1,127
S01007135,All people aged 3 and over,545,4,541
S01007135,3 to 15,108,0,108
S01007135,16 to 24,38,0,38
S01007135,25 to 34,46,0,46
S01007135,35 to 49,126,2,124
S01007135,50 to 64,142,1,141
S01007135,65 and over,85,1,84
S01007136,All people aged 3 and over,518,6,512
S01007136,3 to 15,115,0,115
S01007136,16 to 24,48,0,48
S01007136,25 to 34,29,0,29
S01007136,35 to 49,141,2,139
S01007136,50 to 64,124,1,123
S01007136,65 and over,61,3,58
S01007137,All people aged 3 and over,708,3,705
S01007137,3 to 15,189,1,188
S01007137,16 to 24,58,0,58
S01007137,25 to 34,75,0,75
S01007137,35 to 49,260,2,258
S01007137,50 to 64,107,0,107
S01007137,65 and over,19,0,19
S01007138,All people aged 3 and over,577,9,568
S01007138,3 to 15,100,0,100
S01007138,16 to 24,45,2,43
S01007138,25 to 34,50,0,50
S01007138,35 to 49,136,4,132
S01007138,50 to 64,151,0,151
S01007138,65 and over,95,3,92
S01007139,All people aged 3 and over,760,3,757
S01007139,3 to 15,133,0,133
S01007139,16 to 24,54,0,54
S01007139,25 to 34,56,0,56
S01007139,35 to 49,203,1,202
S01007139,50 to 64,163,2,161
S01007139,65 and over,151,0,151
S01007140,All people aged 3 and over,990,6,984
S01007140,3 to 15,164,0,164
S01007140,16 to 24,97,2,95
S01007140,25 to 34,70,0,70
S01007140,35 to 49,222,0,222
S01007140,50 to 64,258,3,255
S01007140,65 and over,179,1,178
S01007141,All people aged 3 and over,658,5,653
S01007141,3 to 15,117,0,117
S01007141,16 to 24,71,0,71
S01007141,25 to 34,62,0,62
S01007141,35 to 49,140,1,139
S01007141,50 to 64,173,2,171
S01007141,65 and over,95,2,93
S01007142,All people aged 3 and over,623,4,619
S01007142,3 to 15,170,0,170
S01007142,16 to 24,72,0,72
S01007142,25 to 34,39,0,39
S01007142,35 to 49,205,1,204
S01007142,50 to 64,70,1,69
S01007142,65 and over,67,2,65
S01007143,All people aged 3 and over,619,4,615
S01007143,3 to 15,184,0,184
S01007143,16 to 24,45,0,45
S01007143,25 to 34,95,1,94
S01007143,35 to 49,220,2,218
S01007143,50 to 64,57,1,56
S01007143,65 and over,18,0,18
S01007144,All people aged 3 and over,707,5,702
S01007144,3 to 15,93,0,93
S01007144,16 to 24,59,1,58
S01007144,25 to 34,66,1,65
S01007144,35 to 49,155,1,154
S01007144,50 to 64,209,0,209
S01007144,65 and over,125,2,123
S01007145,All people aged 3 and over,866,8,858
S01007145,3 to 15,93,0,93
S01007145,16 to 24,70,0,70
S01007145,25 to 34,67,1,66
S01007145,35 to 49,151,0,151
S01007145,50 to 64,217,2,215
S01007145,65 and over,268,5,263
S01007146,All people aged 3 and over,737,4,733
S01007146,3 to 15,131,0,131
S01007146,16 to 24,53,0,53
S01007146,25 to 34,60,0,60
S01007146,35 to 49,147,2,145
S01007146,50 to 64,170,1,169
S01007146,65 and over,176,1,175
S01007147,All people aged 3 and over,696,3,693
S01007147,3 to 15,89,0,89
S01007147,16 to 24,74,0,74
S01007147,25 to 34,46,0,46
S01007147,35 to 49,125,2,123
S01007147,50 to 64,187,0,187
S01007147,65 and over,175,1,174
S01007148,All people aged 3 and over,528,1,527
S01007148,3 to 15,84,0,84
S01007148,16 to 24,66,0,66
S01007148,25 to 34,33,0,33
S01007148,35 to 49,114,0,114
S01007148,50 to 64,152,1,151
S01007148,65 and over,79,0,79
S01007149,All people aged 3 and over,535,4,531
S01007149,3 to 15,63,0,63
S01007149,16 to 24,47,0,47
S01007149,25 to 34,25,0,25
S01007149,35 to 49,97,0,97
S01007149,50 to 64,152,2,150
S01007149,65 and over,151,2,149
S01007150,All people aged 3 and over,745,5,740
S01007150,3 to 15,48,0,48
S01007150,16 to 24,52,0,52
S01007150,25 to 34,41,1,40
S01007150,35 to 49,83,0,83
S01007150,50 to 64,173,0,173
S01007150,65 and over,348,4,344
S01007151,All people aged 3 and over,865,4,861
S01007151,3 to 15,151,0,151
S01007151,16 to 24,89,0,89
S01007151,25 to 34,59,1,58
S01007151,35 to 49,214,2,212
S01007151,50 to 64,193,0,193
S01007151,65 and over,159,1,158
S01007152,All people aged 3 and over,555,4,551
S01007152,3 to 15,79,0,79
S01007152,16 to 24,49,1,48
S01007152,25 to 34,42,0,42
S01007152,35 to 49,133,0,133
S01007152,50 to 64,111,0,111
S01007152,65 and over,141,3,138
S01007153,All people aged 3 and over,618,2,616
S01007153,3 to 15,92,0,92
S01007153,16 to 24,42,0,42
S01007153,25 to 34,43,0,43
S01007153,35 to 49,125,0,125
S01007153,50 to 64,156,2,154
S01007153,65 and over,160,0,160
S01007154,All people aged 3 and over,789,0,789
S01007154,3 to 15,77,0,77
S01007154,16 to 24,54,0,54
S01007154,25 to 34,82,0,82
S01007154,35 to 49,139,0,139
S01007154,50 to 64,161,0,161
S01007154,65 and over,276,0,276
S01007155,All people aged 3 and over,624,5,619
S01007155,3 to 15,83,0,83
S01007155,16 to 24,45,0,45
S01007155,25 to 34,54,0,54
S01007155,35 to 49,121,2,119
S01007155,50 to 64,140,1,139
S01007155,65 and over,181,2,179
S01007156,All people aged 3 and over,705,5,700
S01007156,3 to 15,97,0,97
S01007156,16 to 24,76,0,76
S01007156,25 to 34,71,1,70
S01007156,35 to 49,135,1,134
S01007156,50 to 64,214,2,212
S01007156,65 and over,112,1,111
S01007157,All people aged 3 and over,618,2,616
S01007157,3 to 15,115,0,115
S01007157,16 to 24,63,0,63
S01007157,25 to 34,86,0,86
S01007157,35 to 49,147,0,147
S01007157,50 to 64,128,2,126
S01007157,65 and over,79,0,79
S01007158,All people aged 3 and over,891,10,881
S01007158,3 to 15,151,0,151
S01007158,16 to 24,82,1,81
S01007158,25 to 34,125,1,124
S01007158,35 to 49,245,3,242
S01007158,50 to 64,181,3,178
S01007158,65 and over,107,2,105
S01007159,All people aged 3 and over,814,5,809
S01007159,3 to 15,127,2,125
S01007159,16 to 24,84,0,84
S01007159,25 to 34,126,1,125
S01007159,35 to 49,163,0,163
S01007159,50 to 64,154,2,152
S01007159,65 and over,160,0,160
S01007160,All people aged 3 and over,795,6,789
S01007160,3 to 15,119,0,119
S01007160,16 to 24,89,1,88
S01007160,25 to 34,82,2,80
S01007160,35 to 49,169,2,167
S01007160,50 to 64,170,0,170
S01007160,65 and over,166,1,165
S01007161,All people aged 3 and over,676,6,670
S01007161,3 to 15,100,1,99
S01007161,16 to 24,69,0,69
S01007161,25 to 34,86,2,84
S01007161,35 to 49,135,2,133
S01007161,50 to 64,150,0,150
S01007161,65 and over,136,1,135
S01007162,All people aged 3 and over,497,4,493
S01007162,3 to 15,75,0,75
S01007162,16 to 24,41,0,41
S01007162,25 to 34,110,1,109
S01007162,35 to 49,95,0,95
S01007162,50 to 64,65,1,64
S01007162,65 and over,111,2,109
S01007163,All people aged 3 and over,853,9,844
S01007163,3 to 15,108,0,108
S01007163,16 to 24,69,0,69
S01007163,25 to 34,73,0,73
S01007163,35 to 49,158,1,157
S01007163,50 to 64,208,3,205
S01007163,65 and over,237,5,232
S01007164,All people aged 3 and over,558,2,556
S01007164,3 to 15,55,0,55
S01007164,16 to 24,59,1,58
S01007164,25 to 34,45,0,45
S01007164,35 to 49,114,0,114
S01007164,50 to 64,121,0,121
S01007164,65 and over,164,1,163
S01007165,All people aged 3 and over,826,12,814
S01007165,3 to 15,119,1,118
S01007165,16 to 24,70,1,69
S01007165,25 to 34,51,0,51
S01007165,35 to 49,172,3,169
S01007165,50 to 64,204,0,204
S01007165,65 and over,210,7,203
S01007166,All people aged 3 and over,685,3,682
S01007166,3 to 15,123,0,123
S01007166,16 to 24,37,0,37
S01007166,25 to 34,54,0,54
S01007166,35 to 49,136,2,134
S01007166,50 to 64,159,0,159
S01007166,65 and over,176,1,175
S01007167,All people aged 3 and over,784,10,774
S01007167,3 to 15,105,0,105
S01007167,16 to 24,80,1,79
S01007167,25 to 34,51,0,51
S01007167,35 to 49,133,3,130
S01007167,50 to 64,239,3,236
S01007167,65 and over,176,3,173
S01007168,All people aged 3 and over,945,7,938
S01007168,3 to 15,103,1,102
S01007168,16 to 24,103,0,103
S01007168,25 to 34,81,0,81
S01007168,35 to 49,152,2,150
S01007168,50 to 64,291,3,288
S01007168,65 and over,215,1,214
S01007169,All people aged 3 and over,741,0,741
S01007169,3 to 15,105,0,105
S01007169,16 to 24,86,0,86
S01007169,25 to 34,57,0,57
S01007169,35 to 49,148,0,148
S01007169,50 to 64,189,0,189
S01007169,65 and over,156,0,156
S01007170,All people aged 3 and over,622,9,613
S01007170,3 to 15,80,0,80
S01007170,16 to 24,59,1,58
S01007170,25 to 34,62,1,61
S01007170,35 to 49,139,3,136
S01007170,50 to 64,186,3,183
S01007170,65 and over,96,1,95
S01007171,All people aged 3 and over,834,9,825
S01007171,3 to 15,92,0,92
S01007171,16 to 24,104,4,100
S01007171,25 to 34,142,2,140
S01007171,35 to 49,181,1,180
S01007171,50 to 64,180,2,178
S01007171,65 and over,135,0,135
S01007172,All people aged 3 and over,806,5,801
S01007172,3 to 15,105,0,105
S01007172,16 to 24,67,0,67
S01007172,25 to 34,42,1,41
S01007172,35 to 49,190,2,188
S01007172,50 to 64,209,2,207
S01007172,65 and over,193,0,193
S01007173,All people aged 3 and over,857,8,849
S01007173,3 to 15,187,2,185
S01007173,16 to 24,81,0,81
S01007173,25 to 34,94,2,92
S01007173,35 to 49,248,1,247
S01007173,50 to 64,182,1,181
S01007173,65 and over,65,2,63
S01007174,All people aged 3 and over,886,4,882
S01007174,3 to 15,205,0,205
S01007174,16 to 24,111,0,111
S01007174,25 to 34,92,1,91
S01007174,35 to 49,220,1,219
S01007174,50 to 64,138,2,136
S01007174,65 and over,120,0,120
S01007175,All people aged 3 and over,651,1,650
S01007175,3 to 15,103,0,103
S01007175,16 to 24,45,0,45
S01007175,25 to 34,60,0,60
S01007175,35 to 49,116,0,116
S01007175,50 to 64,127,1,126
S01007175,65 and over,200,0,200
S01007176,All people aged 3 and over,665,1,664
S01007176,3 to 15,108,0,108
S01007176,16 to 24,82,0,82
S01007176,25 to 34,98,0,98
S01007176,35 to 49,139,1,138
S01007176,50 to 64,100,0,100
S01007176,65 and over,138,0,138
S01007177,All people aged 3 and over,595,6,589
S01007177,3 to 15,87,0,87
S01007177,16 to 24,82,0,82
S01007177,25 to 34,86,1,85
S01007177,35 to 49,122,1,121
S01007177,50 to 64,95,1,94
S01007177,65 and over,123,3,120
S01007178,All people aged 3 and over,1009,10,999
S01007178,3 to 15,172,0,172
S01007178,16 to 24,134,0,134
S01007178,25 to 34,153,1,152
S01007178,35 to 49,226,7,219
S01007178,50 to 64,166,2,164
S01007178,65 and over,158,0,158
S01007179,All people aged 3 and over,963,3,960
S01007179,3 to 15,93,0,93
S01007179,16 to 24,97,0,97
S01007179,25 to 34,66,0,66
S01007179,35 to 49,175,0,175
S01007179,50 to 64,270,1,269
S01007179,65 and over,262,2,260
S01007180,All people aged 3 and over,736,5,731
S01007180,3 to 15,102,1,101
S01007180,16 to 24,52,0,52
S01007180,25 to 34,48,0,48
S01007180,35 to 49,138,1,137
S01007180,50 to 64,159,0,159
S01007180,65 and over,237,3,234
S01007181,All people aged 3 and over,801,6,795
S01007181,3 to 15,97,0,97
S01007181,16 to 24,78,0,78
S01007181,25 to 34,58,0,58
S01007181,35 to 49,146,2,144
S01007181,50 to 64,208,0,208
S01007181,65 and over,214,4,210
S01007182,All people aged 3 and over,1023,5,1018
S01007182,3 to 15,116,0,116
S01007182,16 to 24,97,0,97
S01007182,25 to 34,116,0,116
S01007182,35 to 49,200,2,198
S01007182,50 to 64,244,1,243
S01007182,65 and over,250,2,248
S01007183,All people aged 3 and over,1053,4,1049
S01007183,3 to 15,114,1,113
S01007183,16 to 24,124,0,124
S01007183,25 to 34,125,0,125
S01007183,35 to 49,209,1,208
S01007183,50 to 64,202,1,201
S01007183,65 and over,279,1,278
S01007184,All people aged 3 and over,1017,11,1006
S01007184,3 to 15,101,1,100
S01007184,16 to 24,133,0,133
S01007184,25 to 34,155,1,154
S01007184,35 to 49,201,6,195
S01007184,50 to 64,215,3,212
S01007184,65 and over,212,0,212
S01007185,All people aged 3 and over,824,2,822
S01007185,3 to 15,132,0,132
S01007185,16 to 24,99,0,99
S01007185,25 to 34,127,2,125
S01007185,35 to 49,171,0,171
S01007185,50 to 64,120,0,120
S01007185,65 and over,175,0,175
S01007186,All people aged 3 and over,570,5,565
S01007186,3 to 15,76,0,76
S01007186,16 to 24,95,2,93
S01007186,25 to 34,116,1,115
S01007186,35 to 49,108,1,107
S01007186,50 to 64,105,1,104
S01007186,65 and over,70,0,70
S01007187,All people aged 3 and over,781,7,774
S01007187,3 to 15,74,0,74
S01007187,16 to 24,95,1,94
S01007187,25 to 34,121,2,119
S01007187,35 to 49,151,1,150
S01007187,50 to 64,158,2,156
S01007187,65 and over,182,1,181
S01007188,All people aged 3 and over,582,8,574
S01007188,3 to 15,67,1,66
S01007188,16 to 24,80,1,79
S01007188,25 to 34,104,3,101
S01007188,35 to 49,101,1,100
S01007188,50 to 64,149,1,148
S01007188,65 and over,81,1,80
S01007189,All people aged 3 and over,784,5,779
S01007189,3 to 15,74,0,74
S01007189,16 to 24,83,0,83
S01007189,25 to 34,84,3,81
S01007189,35 to 49,111,1,110
S01007189,50 to 64,175,0,175
S01007189,65 and over,257,1,256
S01007190,All people aged 3 and over,799,4,795
S01007190,3 to 15,88,0,88
S01007190,16 to 24,64,0,64
S01007190,25 to 34,64,0,64
S01007190,35 to 49,147,1,146
S01007190,50 to 64,180,1,179
S01007190,65 and over,256,2,254
S01007191,All people aged 3 and over,594,4,590
S01007191,3 to 15,83,0,83
S01007191,16 to 24,62,0,62
S01007191,25 to 34,96,3,93
S01007191,35 to 49,112,0,112
S01007191,50 to 64,136,0,136
S01007191,65 and over,105,1,104
S01007192,All people aged 3 and over,582,3,579
S01007192,3 to 15,81,0,81
S01007192,16 to 24,77,0,77
S01007192,25 to 34,84,1,83
S01007192,35 to 49,118,0,118
S01007192,50 to 64,125,1,124
S01007192,65 and over,97,1,96
S01007193,All people aged 3 and over,742,4,738
S01007193,3 to 15,134,1,133
S01007193,16 to 24,107,0,107
S01007193,25 to 34,88,1,87
S01007193,35 to 49,166,0,166
S01007193,50 to 64,142,0,142
S01007193,65 and over,105,2,103
S01007194,All people aged 3 and over,609,3,606
S01007194,3 to 15,146,0,146
S01007194,16 to 24,80,0,80
S01007194,25 to 34,80,0,80
S01007194,35 to 49,133,1,132
S01007194,50 to 64,81,2,79
S01007194,65 and over,89,0,89
S01007195,All people aged 3 and over,556,2,554
S01007195,3 to 15,120,0,120
S01007195,16 to 24,73,0,73
S01007195,25 to 34,66,0,66
S01007195,35 to 49,114,1,113
S01007195,50 to 64,82,1,81
S01007195,65 and over,101,0,101
S01007196,All people aged 3 and over,720,4,716
S01007196,3 to 15,180,0,180
S01007196,16 to 24,97,0,97
S01007196,25 to 34,119,2,117
S01007196,35 to 49,178,1,177
S01007196,50 to 64,92,0,92
S01007196,65 and over,54,1,53
S01007197,All people aged 3 and over,611,2,609
S01007197,3 to 15,154,0,154
S01007197,16 to 24,79,1,78
S01007197,25 to 34,111,0,111
S01007197,35 to 49,136,0,136
S01007197,50 to 64,84,1,83
S01007197,65 and over,47,0,47
S01007198,All people aged 3 and over,512,3,509
S01007198,3 to 15,110,0,110
S01007198,16 to 24,67,0,67
S01007198,25 to 34,76,1,75
S01007198,35 to 49,110,1,109
S01007198,50 to 64,80,1,79
S01007198,65 and over,69,0,69
S01007199,All people aged 3 and over,768,5,763
S01007199,3 to 15,167,1,166
S01007199,16 to 24,121,2,119
S01007199,25 to 34,112,1,111
S01007199,35 to 49,154,1,153
S01007199,50 to 64,128,0,128
S01007199,65 and over,86,0,86
S01007200,All people aged 3 and over,822,3,819
S01007200,3 to 15,107,0,107
S01007200,16 to 24,96,1,95
S01007200,25 to 34,121,0,121
S01007200,35 to 49,184,2,182
S01007200,50 to 64,189,0,189
S01007200,65 and over,125,0,125
S01007201,All people aged 3 and over,721,6,715
S01007201,3 to 15,96,0,96
S01007201,16 to 24,74,0,74
S01007201,25 to 34,96,1,95
S01007201,35 to 49,125,2,123
S01007201,50 to 64,165,2,163
S01007201,65 and over,165,1,164
S01007202,All people aged 3 and over,704,4,700
S01007202,3 to 15,85,0,85
S01007202,16 to 24,92,0,92
S01007202,25 to 34,91,0,91
S01007202,35 to 49,123,2,121
S01007202,50 to 64,195,2,193
S01007202,65 and over,118,0,118
S01007203,All people aged 3 and over,628,1,627
S01007203,3 to 15,110,0,110
S01007203,16 to 24,75,0,75
S01007203,25 to 34,54,0,54
S01007203,35 to 49,153,0,153
S01007203,50 to 64,141,1,140
S01007203,65 and over,95,0,95
S01007204,All people aged 3 and over,955,5,950
S01007204,3 to 15,130,0,130
S01007204,16 to 24,77,0,77
S01007204,25 to 34,104,1,103
S01007204,35 to 49,233,2,231
S01007204,50 to 64,266,1,265
S01007204,65 and over,145,1,144
S01007205,All people aged 3 and over,666,5,661
S01007205,3 to 15,83,0,83
S01007205,16 to 24,97,1,96
S01007205,25 to 34,55,1,54
S01007205,35 to 49,148,1,147
S01007205,50 to 64,166,2,164
S01007205,65 and over,117,0,117
S01007206,All people aged 3 and over,381,3,378
S01007206,3 to 15,50,0,50
S01007206,16 to 24,31,1,30
S01007206,25 to 34,51,0,51
S01007206,35 to 49,68,0,68
S01007206,50 to 64,92,2,90
S01007206,65 and over,89,0,89
S01007207,All people aged 3 and over,878,8,870
S01007207,3 to 15,124,0,124
S01007207,16 to 24,76,1,75
S01007207,25 to 34,86,1,85
S01007207,35 to 49,186,1,185
S01007207,50 to 64,232,3,229
S01007207,65 and over,174,2,172
S01007208,All people aged 3 and over,952,15,937
S01007208,3 to 15,144,2,142
S01007208,16 to 24,126,2,124
S01007208,25 to 34,157,2,155
S01007208,35 to 49,208,3,205
S01007208,50 to 64,167,1,166
S01007208,65 and over,150,5,145
S01007209,All people aged 3 and over,745,7,738
S01007209,3 to 15,74,0,74
S01007209,16 to 24,106,2,104
S01007209,25 to 34,100,1,99
S01007209,35 to 49,160,2,158
S01007209,50 to 64,129,1,128
S01007209,65 and over,176,1,175
S01007210,All people aged 3 and over,734,5,729
S01007210,3 to 15,106,0,106
S01007210,16 to 24,102,2,100
S01007210,25 to 34,124,1,123
S01007210,35 to 49,155,0,155
S01007210,50 to 64,129,2,127
S01007210,65 and over,118,0,118
S01007211,All people aged 3 and over,937,9,928
S01007211,3 to 15,132,2,130
S01007211,16 to 24,105,0,105
S01007211,25 to 34,118,4,114
S01007211,35 to 49,204,1,203
S01007211,50 to 64,208,2,206
S01007211,65 and over,170,0,170
S01007212,All people aged 3 and over,522,1,521
S01007212,3 to 15,66,0,66
S01007212,16 to 24,56,1,55
S01007212,25 to 34,74,0,74
S01007212,35 to 49,105,0,105
S01007212,50 to 64,135,0,135
S01007212,65 and over,86,0,86
S01007213,All people aged 3 and over,891,6,885
S01007213,3 to 15,102,0,102
S01007213,16 to 24,87,2,85
S01007213,25 to 34,95,2,93
S01007213,35 to 49,191,0,191
S01007213,50 to 64,159,1,158
S01007213,65 and over,257,1,256
S01007214,All people aged 3 and over,717,6,711
S01007214,3 to 15,61,2,59
S01007214,16 to 24,65,0,65
S01007214,25 to 34,105,0,105
S01007214,35 to 49,159,1,158
S01007214,50 to 64,147,3,144
S01007214,65 and over,180,0,180
S01007215,All people aged 3 and over,735,6,729
S01007215,3 to 15,85,0,85
S01007215,16 to 24,102,0,102
S01007215,25 to 34,88,3,85
S01007215,35 to 49,149,1,148
S01007215,50 to 64,157,1,156
S01007215,65 and over,154,1,153
S01007216,All people aged 3 and over,710,3,707
S01007216,3 to 15,94,0,94
S01007216,16 to 24,80,0,80
S01007216,25 to 34,60,0,60
S01007216,35 to 49,143,0,143
S01007216,50 to 64,158,2,156
S01007216,65 and over,175,1,174
S01007217,All people aged 3 and over,916,6,910
S01007217,3 to 15,129,0,129
S01007217,16 to 24,107,2,105
S01007217,25 to 34,106,0,106
S01007217,35 to 49,223,0,223
S01007217,50 to 64,183,2,181
S01007217,65 and over,168,2,166
S01007218,All people aged 3 and over,857,3,854
S01007218,3 to 15,135,0,135
S01007218,16 to 24,78,0,78
S01007218,25 to 34,63,0,63
S01007218,35 to 49,184,1,183
S01007218,50 to 64,215,2,213
S01007218,65 and over,182,0,182
S01007219,All people aged 3 and over,790,3,787
S01007219,3 to 15,115,0,115
S01007219,16 to 24,75,1,74
S01007219,25 to 34,85,0,85
S01007219,35 to 49,187,1,186
S01007219,50 to 64,173,0,173
S01007219,65 and over,155,1,154
S01007220,All people aged 3 and over,676,5,671
S01007220,3 to 15,120,0,120
S01007220,16 to 24,58,0,58
S01007220,25 to 34,86,0,86
S01007220,35 to 49,167,1,166
S01007220,50 to 64,146,0,146
S01007220,65 and over,99,4,95
S01007221,All people aged 3 and over,670,3,667
S01007221,3 to 15,145,0,145
S01007221,16 to 24,44,0,44
S01007221,25 to 34,101,1,100
S01007221,35 to 49,138,1,137
S01007221,50 to 64,107,1,106
S01007221,65 and over,135,0,135
S01007222,All people aged 3 and over,783,6,777
S01007222,3 to 15,143,0,143
S01007222,16 to 24,73,0,73
S01007222,25 to 34,96,1,95
S01007222,35 to 49,172,2,170
S01007222,50 to 64,191,1,190
S01007222,65 and over,108,2,106
S01007223,All people aged 3 and over,516,3,513
S01007223,3 to 15,100,0,100
S01007223,16 to 24,51,0,51
S01007223,25 to 34,46,0,46
S01007223,35 to 49,138,0,138
S01007223,50 to 64,95,1,94
S01007223,65 and over,86,2,84
S01007224,All people aged 3 and over,591,7,584
S01007224,3 to 15,100,0,100
S01007224,16 to 24,33,0,33
S01007224,25 to 34,62,0,62
S01007224,35 to 49,128,2,126
S01007224,50 to 64,113,2,111
S01007224,65 and over,155,3,152
S01007225,All people aged 3 and over,849,6,843
S01007225,3 to 15,128,0,128
S01007225,16 to 24,75,0,75
S01007225,25 to 34,62,1,61
S01007225,35 to 49,246,2,244
S01007225,50 to 64,199,1,198
S01007225,65 and over,139,2,137
S01007226,All people aged 3 and over,778,6,772
S01007226,3 to 15,109,0,109
S01007226,16 to 24,79,0,79
S01007226,25 to 34,63,0,63
S01007226,35 to 49,178,1,177
S01007226,50 to 64,207,1,206
S01007226,65 and over,142,4,138
S01007227,All people aged 3 and over,935,7,928
S01007227,3 to 15,155,0,155
S01007227,16 to 24,74,0,74
S01007227,25 to 34,82,1,81
S01007227,35 to 49,224,3,221
S01007227,50 to 64,195,0,195
S01007227,65 and over,205,3,202
S01007228,All people aged 3 and over,639,6,633
S01007228,3 to 15,122,0,122
S01007228,16 to 24,50,0,50
S01007228,25 to 34,54,1,53
S01007228,35 to 49,167,2,165
S01007228,50 to 64,153,2,151
S01007228,65 and over,93,1,92
S01007229,All people aged 3 and over,1071,15,1056
S01007229,3 to 15,156,0,156
S01007229,16 to 24,102,4,98
S01007229,25 to 34,88,0,88
S01007229,35 to 49,280,3,277
S01007229,50 to 64,268,6,262
S01007229,65 and over,177,2,175
S01007230,All people aged 3 and over,714,11,703
S01007230,3 to 15,126,0,126
S01007230,16 to 24,103,6,97
S01007230,25 to 34,123,0,123
S01007230,35 to 49,139,1,138
S01007230,50 to 64,116,0,116
S01007230,65 and over,107,4,103
S01007231,All people aged 3 and over,678,10,668
S01007231,3 to 15,102,0,102
S01007231,16 to 24,80,3,77
S01007231,25 to 34,94,2,92
S01007231,35 to 49,131,1,130
S01007231,50 to 64,124,2,122
S01007231,65 and over,147,2,145
S01007232,All people aged 3 and over,697,3,694
S01007232,3 to 15,96,0,96
S01007232,16 to 24,104,1,103
S01007232,25 to 34,102,0,102
S01007232,35 to 49,134,0,134
S01007232,50 to 64,117,1,116
S01007232,65 and over,144,1,143
S01007233,All people aged 3 and over,765,4,761
S01007233,3 to 15,118,0,118
S01007233,16 to 24,77,1,76
S01007233,25 to 34,98,1,97
S01007233,35 to 49,163,0,163
S01007233,50 to 64,176,2,174
S01007233,65 and over,133,0,133
S01007234,All people aged 3 and over,613,4,609
S01007234,3 to 15,108,0,108
S01007234,16 to 24,73,0,73
S01007234,25 to 34,50,0,50
S01007234,35 to 49,136,2,134
S01007234,50 to 64,105,1,104
S01007234,65 and over,141,1,140
S01007235,All people aged 3 and over,739,9,730
S01007235,3 to 15,80,0,80
S01007235,16 to 24,100,2,98
S01007235,25 to 34,113,0,113
S01007235,35 to 49,129,4,125
S01007235,50 to 64,130,2,128
S01007235,65 and over,187,1,186
S01007236,All people aged 3 and over,600,3,597
S01007236,3 to 15,79,0,79
S01007236,16 to 24,71,0,71
S01007236,25 to 34,69,1,68
S01007236,35 to 49,152,0,152
S01007236,50 to 64,112,0,112
S01007236,65 and over,117,2,115
S01007237,All people aged 3 and over,706,1,705
S01007237,3 to 15,98,0,98
S01007237,16 to 24,70,0,70
S01007237,25 to 34,46,0,46
S01007237,35 to 49,175,0,175
S01007237,50 to 64,150,1,149
S01007237,65 and over,167,0,167
S01007238,All people aged 3 and over,891,4,887
S01007238,3 to 15,113,0,113
S01007238,16 to 24,111,0,111
S01007238,25 to 34,93,0,93
S01007238,35 to 49,167,0,167
S01007238,50 to 64,208,1,207
S01007238,65 and over,199,3,196
S01007239,All people aged 3 and over,851,1,850
S01007239,3 to 15,106,0,106
S01007239,16 to 24,68,0,68
S01007239,25 to 34,62,0,62
S01007239,35 to 49,144,0,144
S01007239,50 to 64,212,1,211
S01007239,65 and over,259,0,259
S01007240,All people aged 3 and over,531,3,528
S01007240,3 to 15,68,0,68
S01007240,16 to 24,44,0,44
S01007240,25 to 34,53,0,53
S01007240,35 to 49,125,2,123
S01007240,50 to 64,147,1,146
S01007240,65 and over,94,0,94
S01007241,All people aged 3 and over,603,5,598
S01007241,3 to 15,96,0,96
S01007241,16 to 24,54,0,54
S01007241,25 to 34,35,0,35
S01007241,35 to 49,154,3,151
S01007241,50 to 64,157,2,155
S01007241,65 and over,107,0,107
S01007242,All people aged 3 and over,970,7,963
S01007242,3 to 15,137,2,135
S01007242,16 to 24,87,0,87
S01007242,25 to 34,74,0,74
S01007242,35 to 49,204,2,202
S01007242,50 to 64,235,3,232
S01007242,65 and over,233,0,233
S01007243,All people aged 3 and over,573,5,568
S01007243,3 to 15,69,0,69
S01007243,16 to 24,65,0,65
S01007243,25 to 34,61,0,61
S01007243,35 to 49,113,2,111
S01007243,50 to 64,139,1,138
S01007243,65 and over,126,2,124
S01007244,All people aged 3 and over,709,1,708
S01007244,3 to 15,89,0,89
S01007244,16 to 24,56,0,56
S01007244,25 to 34,50,0,50
S01007244,35 to 49,148,0,148
S01007244,50 to 64,221,1,220
S01007244,65 and over,145,0,145
S01007245,All people aged 3 and over,649,6,643
S01007245,3 to 15,66,0,66
S01007245,16 to 24,51,0,51
S01007245,25 to 34,54,0,54
S01007245,35 to 49,151,3,148
S01007245,50 to 64,173,1,172
S01007245,65 and over,154,2,152
S01007246,All people aged 3 and over,548,1,547
S01007246,3 to 15,75,0,75
S01007246,16 to 24,42,0,42
S01007246,25 to 34,49,0,49
S01007246,35 to 49,120,0,120
S01007246,50 to 64,180,0,180
S01007246,65 and over,82,1,81
S01007247,All people aged 3 and over,622,3,619
S01007247,3 to 15,92,0,92
S01007247,16 to 24,39,1,38
S01007247,25 to 34,52,0,52
S01007247,35 to 49,148,0,148
S01007247,50 to 64,191,2,189
S01007247,65 and over,100,0,100
S01007248,All people aged 3 and over,750,7,743
S01007248,3 to 15,107,1,106
S01007248,16 to 24,72,1,71
S01007248,25 to 34,35,0,35
S01007248,35 to 49,153,0,153
S01007248,50 to 64,201,4,197
S01007248,65 and over,182,1,181
S01007249,All people aged 3 and over,421,1,420
S01007249,3 to 15,50,0,50
S01007249,16 to 24,32,0,32
S01007249,25 to 34,35,0,35
S01007249,35 to 49,75,0,75
S01007249,50 to 64,96,1,95
S01007249,65 and over,133,0,133
S01007250,All people aged 3 and over,801,4,797
S01007250,3 to 15,85,0,85
S01007250,16 to 24,104,0,104
S01007250,25 to 34,129,1,128
S01007250,35 to 49,158,2,156
S01007250,50 to 64,170,1,169
S01007250,65 and over,155,0,155
S01007251,All people aged 3 and over,511,4,507
S01007251,3 to 15,89,0,89
S01007251,16 to 24,44,0,44
S01007251,25 to 34,50,0,50
S01007251,35 to 49,103,0,103
S01007251,50 to 64,101,1,100
S01007251,65 and over,124,3,121
S01007252,All people aged 3 and over,776,9,767
S01007252,3 to 15,134,3,131
S01007252,16 to 24,92,0,92
S01007252,25 to 34,108,1,107
S01007252,35 to 49,163,3,160
S01007252,50 to 64,149,2,147
S01007252,65 and over,130,0,130
S01007253,All people aged 3 and over,777,8,769
S01007253,3 to 15,90,0,90
S01007253,16 to 24,62,1,61
S01007253,25 to 34,63,0,63
S01007253,35 to 49,161,4,157
S01007253,50 to 64,189,1,188
S01007253,65 and over,212,2,210
S01007254,All people aged 3 and over,775,5,770
S01007254,3 to 15,96,0,96
S01007254,16 to 24,77,1,76
S01007254,25 to 34,113,2,111
S01007254,35 to 49,167,0,167
S01007254,50 to 64,137,1,136
S01007254,65 and over,185,1,184
S01007255,All people aged 3 and over,750,7,743
S01007255,3 to 15,137,2,135
S01007255,16 to 24,78,0,78
S01007255,25 to 34,129,0,129
S01007255,35 to 49,158,3,155
S01007255,50 to 64,144,1,143
S01007255,65 and over,104,1,103
S01007256,All people aged 3 and over,768,8,760
S01007256,3 to 15,121,3,118
S01007256,16 to 24,81,0,81
S01007256,25 to 34,125,0,125
S01007256,35 to 49,153,2,151
S01007256,50 to 64,150,2,148
S01007256,65 and over,138,1,137
S01007257,All people aged 3 and over,572,6,566
S01007257,3 to 15,86,0,86
S01007257,16 to 24,75,0,75
S01007257,25 to 34,101,1,100
S01007257,35 to 49,127,3,124
S01007257,50 to 64,81,1,80
S01007257,65 and over,102,1,101
S01007258,All people aged 3 and over,854,8,846
S01007258,3 to 15,121,1,120
S01007258,16 to 24,92,1,91
S01007258,25 to 34,107,0,107
S01007258,35 to 49,168,0,168
S01007258,50 to 64,171,4,167
S01007258,65 and over,195,2,193
S01007259,All people aged 3 and over,827,16,811
S01007259,3 to 15,105,5,100
S01007259,16 to 24,99,1,98
S01007259,25 to 34,112,2,110
S01007259,35 to 49,177,4,173
S01007259,50 to 64,135,3,132
S01007259,65 and over,199,1,198
S01007260,All people aged 3 and over,853,8,845
S01007260,3 to 15,134,2,132
S01007260,16 to 24,133,1,132
S01007260,25 to 34,119,0,119
S01007260,35 to 49,187,1,186
S01007260,50 to 64,161,2,159
S01007260,65 and over,119,2,117
S01007261,All people aged 3 and over,769,2,767
S01007261,3 to 15,86,0,86
S01007261,16 to 24,65,0,65
S01007261,25 to 34,56,0,56
S01007261,35 to 49,139,0,139
S01007261,50 to 64,224,2,222
S01007261,65 and over,199,0,199
S01007262,All people aged 3 and over,689,3,686
S01007262,3 to 15,104,0,104
S01007262,16 to 24,74,0,74
S01007262,25 to 34,83,1,82
S01007262,35 to 49,174,1,173
S01007262,50 to 64,116,0,116
S01007262,65 and over,138,1,137
S01007263,All people aged 3 and over,756,7,749
S01007263,3 to 15,103,1,102
S01007263,16 to 24,54,0,54
S01007263,25 to 34,100,0,100
S01007263,35 to 49,140,2,138
S01007263,50 to 64,181,2,179
S01007263,65 and over,178,2,176
S01007264,All people aged 3 and over,758,6,752
S01007264,3 to 15,95,3,92
S01007264,16 to 24,64,1,63
S01007264,25 to 34,57,1,56
S01007264,35 to 49,159,0,159
S01007264,50 to 64,158,0,158
S01007264,65 and over,225,1,224
S01007265,All people aged 3 and over,1072,4,1068
S01007265,3 to 15,170,1,169
S01007265,16 to 24,118,0,118
S01007265,25 to 34,115,0,115
S01007265,35 to 49,227,1,226
S01007265,50 to 64,215,1,214
S01007265,65 and over,227,1,226
S01007266,All people aged 3 and over,661,3,658
S01007266,3 to 15,92,0,92
S01007266,16 to 24,65,0,65
S01007266,25 to 34,63,0,63
S01007266,35 to 49,150,1,149
S01007266,50 to 64,148,2,146
S01007266,65 and over,143,0,143
S01007267,All people aged 3 and over,506,5,501
S01007267,3 to 15,67,0,67
S01007267,16 to 24,41,0,41
S01007267,25 to 34,37,0,37
S01007267,35 to 49,128,2,126
S01007267,50 to 64,139,3,136
S01007267,65 and over,94,0,94
S01007268,All people aged 3 and over,585,6,579
S01007268,3 to 15,89,0,89
S01007268,16 to 24,56,1,55
S01007268,25 to 34,47,0,47
S01007268,35 to 49,129,1,128
S01007268,50 to 64,162,2,160
S01007268,65 and over,102,2,100
S01007269,All people aged 3 and over,518,5,513
S01007269,3 to 15,78,0,78
S01007269,16 to 24,47,0,47
S01007269,25 to 34,32,0,32
S01007269,35 to 49,123,1,122
S01007269,50 to 64,121,2,119
S01007269,65 and over,117,2,115
S01007270,All people aged 3 and over,450,7,443
S01007270,3 to 15,66,0,66
S01007270,16 to 24,34,0,34
S01007270,25 to 34,39,2,37
S01007270,35 to 49,119,1,118
S01007270,50 to 64,100,4,96
S01007270,65 and over,92,0,92
S01007271,All people aged 3 and over,960,3,957
S01007271,3 to 15,124,0,124
S01007271,16 to 24,89,0,89
S01007271,25 to 34,95,0,95
S01007271,35 to 49,208,2,206
S01007271,50 to 64,221,1,220
S01007271,65 and over,223,0,223
S01007272,All people aged 3 and over,811,8,803
S01007272,3 to 15,139,0,139
S01007272,16 to 24,115,2,113
S01007272,25 to 34,109,0,109
S01007272,35 to 49,175,1,174
S01007272,50 to 64,117,4,113
S01007272,65 and over,156,1,155
S01007273,All people aged 3 and over,643,2,641
S01007273,3 to 15,96,0,96
S01007273,16 to 24,73,0,73
S01007273,25 to 34,85,1,84
S01007273,35 to 49,135,0,135
S01007273,50 to 64,120,1,119
S01007273,65 and over,134,0,134
S01007274,All people aged 3 and over,800,13,787
S01007274,3 to 15,83,1,82
S01007274,16 to 24,107,0,107
S01007274,25 to 34,86,1,85
S01007274,35 to 49,164,5,159
S01007274,50 to 64,157,3,154
S01007274,65 and over,203,3,200
S01007275,All people aged 3 and over,579,5,574
S01007275,3 to 15,80,0,80
S01007275,16 to 24,47,0,47
S01007275,25 to 34,42,0,42
S01007275,35 to 49,103,0,103
S01007275,50 to 64,130,3,127
S01007275,65 and over,177,2,175
S01007276,All people aged 3 and over,816,11,805
S01007276,3 to 15,138,0,138
S01007276,16 to 24,81,1,80
S01007276,25 to 34,95,0,95
S01007276,35 to 49,181,6,175
S01007276,50 to 64,157,1,156
S01007276,65 and over,164,3,161
S01007277,All people aged 3 and over,744,10,734
S01007277,3 to 15,107,2,105
S01007277,16 to 24,74,0,74
S01007277,25 to 34,45,0,45
S01007277,35 to 49,156,2,154
S01007277,50 to 64,177,2,175
S01007277,65 and over,185,4,181
S01007278,All people aged 3 and over,526,7,519
S01007278,3 to 15,77,0,77
S01007278,16 to 24,47,0,47
S01007278,25 to 34,37,0,37
S01007278,35 to 49,122,2,120
S01007278,50 to 64,120,1,119
S01007278,65 and over,123,4,119
S01007279,All people aged 3 and over,554,5,549
S01007279,3 to 15,88,0,88
S01007279,16 to 24,40,0,40
S01007279,25 to 34,32,0,32
S01007279,35 to 49,141,2,139
S01007279,50 to 64,141,2,139
S01007279,65 and over,112,1,111
S01007280,All people aged 3 and over,546,7,539
S01007280,3 to 15,101,0,101
S01007280,16 to 24,41,0,41
S01007280,25 to 34,66,1,65
S01007280,35 to 49,107,1,106
S01007280,50 to 64,145,4,141
S01007280,65 and over,86,1,85
S01007281,All people aged 3 and over,955,10,945
S01007281,3 to 15,150,0,150
S01007281,16 to 24,94,0,94
S01007281,25 to 34,128,1,127
S01007281,35 to 49,233,4,229
S01007281,50 to 64,240,4,236
S01007281,65 and over,110,1,109
S01007282,All people aged 3 and over,526,5,521
S01007282,3 to 15,90,0,90
S01007282,16 to 24,59,1,58
S01007282,25 to 34,53,0,53
S01007282,35 to 49,118,2,116
S01007282,50 to 64,135,0,135
S01007282,65 and over,71,2,69
S01007283,All people aged 3 and over,1004,8,996
S01007283,3 to 15,138,0,138
S01007283,16 to 24,51,1,50
S01007283,25 to 34,61,0,61
S01007283,35 to 49,203,3,200
S01007283,50 to 64,209,1,208
S01007283,65 and over,342,3,339
S01007284,All people aged 3 and over,816,312,504
S01007284,3 to 15,114,42,72
S01007284,16 to 24,67,37,30
S01007284,25 to 34,64,21,43
S01007284,35 to 49,164,42,122
S01007284,50 to 64,218,73,145
S01007284,65 and over,189,97,92
S01007285,All people aged 3 and over,846,130,716
S01007285,3 to 15,122,44,78
S01007285,16 to 24,55,12,43
S01007285,25 to 34,77,13,64
S01007285,35 to 49,184,17,167
S01007285,50 to 64,201,18,183
S01007285,65 and over,207,26,181
S01007286,All people aged 3 and over,912,179,733
S01007286,3 to 15,125,41,84
S01007286,16 to 24,90,21,69
S01007286,25 to 34,107,14,93
S01007286,35 to 49,186,34,152
S01007286,50 to 64,222,32,190
S01007286,65 and over,182,37,145
S01007287,All people aged 3 and over,591,70,521
S01007287,3 to 15,68,6,62
S01007287,16 to 24,40,3,37
S01007287,25 to 34,63,6,57
S01007287,35 to 49,133,14,119
S01007287,50 to 64,162,16,146
S01007287,65 and over,125,25,100
S01007288,All people aged 3 and over,548,84,464
S01007288,3 to 15,61,23,38
S01007288,16 to 24,40,8,32
S01007288,25 to 34,33,4,29
S01007288,35 to 49,116,11,105
S01007288,50 to 64,168,20,148
S01007288,65 and over,130,18,112
S01007289,All people aged 3 and over,780,110,670
S01007289,3 to 15,106,24,82
S01007289,16 to 24,79,14,65
S01007289,25 to 34,58,4,54
S01007289,35 to 49,178,21,157
S01007289,50 to 64,218,30,188
S01007289,65 and over,141,17,124
S01007290,All people aged 3 and over,723,65,658
S01007290,3 to 15,208,22,186
S01007290,16 to 24,76,4,72
S01007290,25 to 34,147,11,136
S01007290,35 to 49,194,21,173
S01007290,50 to 64,79,6,73
S01007290,65 and over,19,1,18
S01007291,All people aged 3 and over,669,91,578
S01007291,3 to 15,86,12,74
S01007291,16 to 24,57,3,54
S01007291,25 to 34,75,7,68
S01007291,35 to 49,131,13,118
S01007291,50 to 64,139,20,119
S01007291,65 and over,181,36,145
S01007292,All people aged 3 and over,754,88,666
S01007292,3 to 15,122,20,102
S01007292,16 to 24,88,10,78
S01007292,25 to 34,65,6,59
S01007292,35 to 49,172,12,160
S01007292,50 to 64,190,22,168
S01007292,65 and over,117,18,99
S01007293,All people aged 3 and over,750,89,661
S01007293,3 to 15,173,16,157
S01007293,16 to 24,112,12,100
S01007293,25 to 34,106,6,100
S01007293,35 to 49,181,26,155
S01007293,50 to 64,109,12,97
S01007293,65 and over,69,17,52
S01007294,All people aged 3 and over,891,114,777
S01007294,3 to 15,146,29,117
S01007294,16 to 24,113,5,108
S01007294,25 to 34,94,7,87
S01007294,35 to 49,201,28,173
S01007294,50 to 64,195,24,171
S01007294,65 and over,142,21,121
S01007295,All people aged 3 and over,497,42,455
S01007295,3 to 15,65,5,60
S01007295,16 to 24,62,4,58
S01007295,25 to 34,75,0,75
S01007295,35 to 49,87,10,77
S01007295,50 to 64,107,14,93
S01007295,65 and over,101,9,92
S01007296,All people aged 3 and over,553,60,493
S01007296,3 to 15,34,4,30
S01007296,16 to 24,83,4,79
S01007296,25 to 34,98,4,94
S01007296,35 to 49,102,8,94
S01007296,50 to 64,116,19,97
S01007296,65 and over,120,21,99
S01007297,All people aged 3 and over,880,92,788
S01007297,3 to 15,97,17,80
S01007297,16 to 24,99,10,89
S01007297,25 to 34,147,16,131
S01007297,35 to 49,186,12,174
S01007297,50 to 64,202,18,184
S01007297,65 and over,149,19,130
S01007298,All people aged 3 and over,507,57,450
S01007298,3 to 15,70,7,63
S01007298,16 to 24,52,4,48
S01007298,25 to 34,64,1,63
S01007298,35 to 49,103,12,91
S01007298,50 to 64,109,14,95
S01007298,65 and over,109,19,90
S01007299,All people aged 3 and over,819,79,740
S01007299,3 to 15,86,6,80
S01007299,16 to 24,113,11,102
S01007299,25 to 34,147,8,139
S01007299,35 to 49,163,10,153
S01007299,50 to 64,166,20,146
S01007299,65 and over,144,24,120
S01007300,All people aged 3 and over,486,50,436
S01007300,3 to 15,75,3,72
S01007300,16 to 24,53,2,51
S01007300,25 to 34,72,2,70
S01007300,35 to 49,108,14,94
S01007300,50 to 64,89,14,75
S01007300,65 and over,89,15,74
S01007301,All people aged 3 and over,716,58,658
S01007301,3 to 15,90,7,83
S01007301,16 to 24,56,5,51
S01007301,25 to 34,45,0,45
S01007301,35 to 49,153,12,141
S01007301,50 to 64,189,16,173
S01007301,65 and over,183,18,165
S01007302,All people aged 3 and over,604,66,538
S01007302,3 to 15,92,11,81
S01007302,16 to 24,66,4,62
S01007302,25 to 34,54,7,47
S01007302,35 to 49,134,7,127
S01007302,50 to 64,143,19,124
S01007302,65 and over,115,18,97
S01007303,All people aged 3 and over,903,71,832
S01007303,3 to 15,124,15,109
S01007303,16 to 24,69,5,64
S01007303,25 to 34,84,8,76
S01007303,35 to 49,194,14,180
S01007303,50 to 64,208,13,195
S01007303,65 and over,224,16,208
S01007304,All people aged 3 and over,676,137,539
S01007304,3 to 15,92,25,67
S01007304,16 to 24,46,13,33
S01007304,25 to 34,47,5,42
S01007304,35 to 49,121,25,96
S01007304,50 to 64,155,22,133
S01007304,65 and over,215,47,168
S01007305,All people aged 3 and over,713,48,665
S01007305,3 to 15,105,11,94
S01007305,16 to 24,62,6,56
S01007305,25 to 34,48,1,47
S01007305,35 to 49,158,9,149
S01007305,50 to 64,202,12,190
S01007305,65 and over,138,9,129
S01007306,All people aged 3 and over,731,80,651
S01007306,3 to 15,119,12,107
S01007306,16 to 24,51,4,47
S01007306,25 to 34,63,7,56
S01007306,35 to 49,167,14,153
S01007306,50 to 64,168,11,157
S01007306,65 and over,163,32,131
S01007307,All people aged 3 and over,772,85,687
S01007307,3 to 15,109,17,92
S01007307,16 to 24,61,7,54
S01007307,25 to 34,47,3,44
S01007307,35 to 49,190,22,168
S01007307,50 to 64,212,19,193
S01007307,65 and over,153,17,136
S01007308,All people aged 3 and over,794,66,728
S01007308,3 to 15,108,17,91
S01007308,16 to 24,78,7,71
S01007308,25 to 34,72,4,68
S01007308,35 to 49,180,10,170
S01007308,50 to 64,183,11,172
S01007308,65 and over,173,17,156
S01007309,All people aged 3 and over,628,36,592
S01007309,3 to 15,78,4,74
S01007309,16 to 24,39,0,39
S01007309,25 to 34,56,3,53
S01007309,35 to 49,138,4,134
S01007309,50 to 64,202,15,187
S01007309,65 and over,115,10,105
S01007310,All people aged 3 and over,794,63,731
S01007310,3 to 15,108,15,93
S01007310,16 to 24,55,5,50
S01007310,25 to 34,45,1,44
S01007310,35 to 49,152,10,142
S01007310,50 to 64,210,14,196
S01007310,65 and over,224,18,206
S01007311,All people aged 3 and over,751,52,699
S01007311,3 to 15,98,13,85
S01007311,16 to 24,62,1,61
S01007311,25 to 34,105,10,95
S01007311,35 to 49,172,8,164
S01007311,50 to 64,164,5,159
S01007311,65 and over,150,15,135
S01007312,All people aged 3 and over,748,50,698
S01007312,3 to 15,122,6,116
S01007312,16 to 24,46,3,43
S01007312,25 to 34,52,6,46
S01007312,35 to 49,142,10,132
S01007312,50 to 64,187,15,172
S01007312,65 and over,199,10,189
S01007313,All people aged 3 and over,959,43,916
S01007313,3 to 15,133,7,126
S01007313,16 to 24,61,2,59
S01007313,25 to 34,59,2,57
S01007313,35 to 49,218,8,210
S01007313,50 to 64,250,6,244
S01007313,65 and over,238,18,220
S01007314,All people aged 3 and over,623,34,589
S01007314,3 to 15,95,3,92
S01007314,16 to 24,53,2,51
S01007314,25 to 34,47,4,43
S01007314,35 to 49,163,8,155
S01007314,50 to 64,163,10,153
S01007314,65 and over,102,7,95
S01007315,All people aged 3 and over,908,28,880
S01007315,3 to 15,127,3,124
S01007315,16 to 24,103,5,98
S01007315,25 to 34,109,1,108
S01007315,35 to 49,226,4,222
S01007315,50 to 64,162,8,154
S01007315,65 and over,181,7,174
S01007316,All people aged 3 and over,843,40,803
S01007316,3 to 15,110,2,108
S01007316,16 to 24,94,3,91
S01007316,25 to 34,81,2,79
S01007316,35 to 49,181,4,177
S01007316,50 to 64,186,11,175
S01007316,65 and over,191,18,173
S01007317,All people aged 3 and over,650,38,612
S01007317,3 to 15,120,6,114
S01007317,16 to 24,62,1,61
S01007317,25 to 34,67,2,65
S01007317,35 to 49,180,4,176
S01007317,50 to 64,135,13,122
S01007317,65 and over,86,12,74
S01007318,All people aged 3 and over,596,34,562
S01007318,3 to 15,121,5,116
S01007318,16 to 24,43,1,42
S01007318,25 to 34,50,1,49
S01007318,35 to 49,147,7,140
S01007318,50 to 64,132,6,126
S01007318,65 and over,103,14,89
S01007319,All people aged 3 and over,724,37,687
S01007319,3 to 15,92,5,87
S01007319,16 to 24,67,3,64
S01007319,25 to 34,68,2,66
S01007319,35 to 49,146,1,145
S01007319,50 to 64,167,8,159
S01007319,65 and over,184,18,166
S01007320,All people aged 3 and over,736,25,711
S01007320,3 to 15,96,2,94
S01007320,16 to 24,56,4,52
S01007320,25 to 34,47,0,47
S01007320,35 to 49,167,4,163
S01007320,50 to 64,176,8,168
S01007320,65 and over,194,7,187
S01007321,All people aged 3 and over,584,22,562
S01007321,3 to 15,56,4,52
S01007321,16 to 24,31,1,30
S01007321,25 to 34,40,1,39
S01007321,35 to 49,116,4,112
S01007321,50 to 64,178,6,172
S01007321,65 and over,163,6,157
S01007322,All people aged 3 and over,716,55,661
S01007322,3 to 15,82,5,77
S01007322,16 to 24,68,2,66
S01007322,25 to 34,76,5,71
S01007322,35 to 49,164,13,151
S01007322,50 to 64,159,14,145
S01007322,65 and over,167,16,151
S01007323,All people aged 3 and over,442,23,419
S01007323,3 to 15,48,3,45
S01007323,16 to 24,30,2,28
S01007323,25 to 34,39,0,39
S01007323,35 to 49,102,7,95
S01007323,50 to 64,118,6,112
S01007323,65 and over,105,5,100
S01007324,All people aged 3 and over,318,51,267
S01007324,3 to 15,28,1,27
S01007324,16 to 24,24,1,23
S01007324,25 to 34,28,3,25
S01007324,35 to 49,65,7,58
S01007324,50 to 64,105,18,87
S01007324,65 and over,68,21,47
S01007325,All people aged 3 and over,815,216,599
S01007325,3 to 15,130,26,104
S01007325,16 to 24,54,9,45
S01007325,25 to 34,63,13,50
S01007325,35 to 49,170,35,135
S01007325,50 to 64,198,58,140
S01007325,65 and over,200,75,125
S01007326,All people aged 3 and over,755,213,542
S01007326,3 to 15,96,15,81
S01007326,16 to 24,66,15,51
S01007326,25 to 34,48,7,41
S01007326,35 to 49,144,31,113
S01007326,50 to 64,207,61,146
S01007326,65 and over,194,84,110
S01007327,All people aged 3 and over,761,196,565
S01007327,3 to 15,104,24,80
S01007327,16 to 24,73,13,60
S01007327,25 to 34,73,16,57
S01007327,35 to 49,174,31,143
S01007327,50 to 64,153,44,109
S01007327,65 and over,184,68,116
S01007328,All people aged 3 and over,829,210,619
S01007328,3 to 15,116,21,95
S01007328,16 to 24,92,11,81
S01007328,25 to 34,86,11,75
S01007328,35 to 49,157,24,133
S01007328,50 to 64,201,58,143
S01007328,65 and over,177,85,92
S01007329,All people aged 3 and over,678,41,637
S01007329,3 to 15,110,8,102
S01007329,16 to 24,62,1,61
S01007329,25 to 34,29,1,28
S01007329,35 to 49,163,7,156
S01007329,50 to 64,165,6,159
S01007329,65 and over,149,18,131
S01007330,All people aged 3 and over,765,23,742
S01007330,3 to 15,75,1,74
S01007330,16 to 24,37,2,35
S01007330,25 to 34,51,1,50
S01007330,35 to 49,122,3,119
S01007330,50 to 64,213,7,206
S01007330,65 and over,267,9,258
S01007331,All people aged 3 and over,966,32,934
S01007331,3 to 15,151,6,145
S01007331,16 to 24,84,3,81
S01007331,25 to 34,74,2,72
S01007331,35 to 49,225,9,216
S01007331,50 to 64,242,6,236
S01007331,65 and over,190,6,184
S01007332,All people aged 3 and over,501,12,489
S01007332,3 to 15,66,1,65
S01007332,16 to 24,54,0,54
S01007332,25 to 34,20,0,20
S01007332,35 to 49,100,4,96
S01007332,50 to 64,137,3,134
S01007332,65 and over,124,4,120
S01007333,All people aged 3 and over,783,23,760
S01007333,3 to 15,95,3,92
S01007333,16 to 24,69,1,68
S01007333,25 to 34,57,0,57
S01007333,35 to 49,140,2,138
S01007333,50 to 64,203,6,197
S01007333,65 and over,219,11,208
S01007334,All people aged 3 and over,713,19,694
S01007334,3 to 15,122,3,119
S01007334,16 to 24,98,4,94
S01007334,25 to 34,61,2,59
S01007334,35 to 49,139,1,138
S01007334,50 to 64,127,4,123
S01007334,65 and over,166,5,161
S01007335,All people aged 3 and over,766,14,752
S01007335,3 to 15,99,3,96
S01007335,16 to 24,87,0,87
S01007335,25 to 34,100,1,99
S01007335,35 to 49,139,4,135
S01007335,50 to 64,163,1,162
S01007335,65 and over,178,5,173
S01007336,All people aged 3 and over,516,17,499
S01007336,3 to 15,58,1,57
S01007336,16 to 24,78,7,71
S01007336,25 to 34,78,4,74
S01007336,35 to 49,100,2,98
S01007336,50 to 64,87,3,84
S01007336,65 and over,115,0,115
S01007337,All people aged 3 and over,641,23,618
S01007337,3 to 15,79,0,79
S01007337,16 to 24,46,2,44
S01007337,25 to 34,60,3,57
S01007337,35 to 49,123,3,120
S01007337,50 to 64,127,4,123
S01007337,65 and over,206,11,195
S01007338,All people aged 3 and over,726,8,718
S01007338,3 to 15,120,0,120
S01007338,16 to 24,78,0,78
S01007338,25 to 34,65,1,64
S01007338,35 to 49,166,3,163
S01007338,50 to 64,146,2,144
S01007338,65 and over,151,2,149
S01007339,All people aged 3 and over,604,13,591
S01007339,3 to 15,77,1,76
S01007339,16 to 24,40,1,39
S01007339,25 to 34,35,0,35
S01007339,35 to 49,121,3,118
S01007339,50 to 64,138,3,135
S01007339,65 and over,193,5,188
S01007340,All people aged 3 and over,461,9,452
S01007340,3 to 15,57,1,56
S01007340,16 to 24,32,1,31
S01007340,25 to 34,35,0,35
S01007340,35 to 49,85,3,82
S01007340,50 to 64,110,1,109
S01007340,65 and over,142,3,139
S01007341,All people aged 3 and over,728,10,718
S01007341,3 to 15,74,2,72
S01007341,16 to 24,53,0,53
S01007341,25 to 34,33,0,33
S01007341,35 to 49,128,3,125
S01007341,50 to 64,192,2,190
S01007341,65 and over,248,3,245
S01007342,All people aged 3 and over,812,22,790
S01007342,3 to 15,88,1,87
S01007342,16 to 24,63,2,61
S01007342,25 to 34,30,0,30
S01007342,35 to 49,150,3,147
S01007342,50 to 64,245,9,236
S01007342,65 and over,236,7,229
S01007343,All people aged 3 and over,641,9,632
S01007343,3 to 15,72,0,72
S01007343,16 to 24,46,0,46
S01007343,25 to 34,32,0,32
S01007343,35 to 49,122,1,121
S01007343,50 to 64,184,4,180
S01007343,65 and over,185,4,181
S01007344,All people aged 3 and over,438,4,434
S01007344,3 to 15,44,0,44
S01007344,16 to 24,30,1,29
S01007344,25 to 34,26,0,26
S01007344,35 to 49,67,1,66
S01007344,50 to 64,122,1,121
S01007344,65 and over,149,1,148
S01007345,All people aged 3 and over,558,6,552
S01007345,3 to 15,104,2,102
S01007345,16 to 24,67,0,67
S01007345,25 to 34,81,0,81
S01007345,35 to 49,108,2,106
S01007345,50 to 64,91,0,91
S01007345,65 and over,107,2,105
S01007346,All people aged 3 and over,531,13,518
S01007346,3 to 15,44,0,44
S01007346,16 to 24,49,0,49
S01007346,25 to 34,76,5,71
S01007346,35 to 49,82,2,80
S01007346,50 to 64,134,5,129
S01007346,65 and over,146,1,145
S01007347,All people aged 3 and over,592,6,586
S01007347,3 to 15,49,0,49
S01007347,16 to 24,78,1,77
S01007347,25 to 34,42,0,42
S01007347,35 to 49,96,0,96
S01007347,50 to 64,161,3,158
S01007347,65 and over,166,2,164
S01007348,All people aged 3 and over,591,11,580
S01007348,3 to 15,100,1,99
S01007348,16 to 24,74,1,73
S01007348,25 to 34,49,1,48
S01007348,35 to 49,121,1,120
S01007348,50 to 64,120,4,116
S01007348,65 and over,127,3,124
S01007349,All people aged 3 and over,436,10,426
S01007349,3 to 15,96,4,92
S01007349,16 to 24,51,0,51
S01007349,25 to 34,38,0,38
S01007349,35 to 49,80,4,76
S01007349,50 to 64,101,0,101
S01007349,65 and over,70,2,68
S01007350,All people aged 3 and over,552,10,542
S01007350,3 to 15,46,1,45
S01007350,16 to 24,60,0,60
S01007350,25 to 34,50,0,50
S01007350,35 to 49,99,2,97
S01007350,50 to 64,128,2,126
S01007350,65 and over,169,5,164
S01007351,All people aged 3 and over,648,27,621
S01007351,3 to 15,56,4,52
S01007351,16 to 24,29,2,27
S01007351,25 to 34,39,1,38
S01007351,35 to 49,105,4,101
S01007351,50 to 64,177,6,171
S01007351,65 and over,242,10,232
S01007352,All people aged 3 and over,491,17,474
S01007352,3 to 15,49,2,47
S01007352,16 to 24,31,1,30
S01007352,25 to 34,49,0,49
S01007352,35 to 49,95,5,90
S01007352,50 to 64,154,5,149
S01007352,65 and over,113,4,109
S01007353,All people aged 3 and over,629,21,608
S01007353,3 to 15,91,8,83
S01007353,16 to 24,37,1,36
S01007353,25 to 34,54,1,53
S01007353,35 to 49,100,4,96
S01007353,50 to 64,168,5,163
S01007353,65 and over,179,2,177
S01007354,All people aged 3 and over,769,24,745
S01007354,3 to 15,62,4,58
S01007354,16 to 24,52,1,51
S01007354,25 to 34,46,0,46
S01007354,35 to 49,132,6,126
S01007354,50 to 64,200,5,195
S01007354,65 and over,277,8,269
S01007355,All people aged 3 and over,933,33,900
S01007355,3 to 15,79,5,74
S01007355,16 to 24,55,2,53
S01007355,25 to 34,52,2,50
S01007355,35 to 49,160,3,157
S01007355,50 to 64,305,8,297
S01007355,65 and over,282,13,269
S01007356,All people aged 3 and over,700,26,674
S01007356,3 to 15,75,4,71
S01007356,16 to 24,45,0,45
S01007356,25 to 34,38,0,38
S01007356,35 to 49,123,8,115
S01007356,50 to 64,205,7,198
S01007356,65 and over,214,7,207
S01007357,All people aged 3 and over,784,21,763
S01007357,3 to 15,103,3,100
S01007357,16 to 24,33,0,33
S01007357,25 to 34,49,2,47
S01007357,35 to 49,162,4,158
S01007357,50 to 64,205,5,200
S01007357,65 and over,232,7,225
S01007358,All people aged 3 and over,888,52,836
S01007358,3 to 15,123,17,106
S01007358,16 to 24,70,3,67
S01007358,25 to 34,98,3,95
S01007358,35 to 49,223,10,213
S01007358,50 to 64,243,12,231
S01007358,65 and over,131,7,124
S01007359,All people aged 3 and over,801,46,755
S01007359,3 to 15,133,14,119
S01007359,16 to 24,72,2,70
S01007359,25 to 34,64,5,59
S01007359,35 to 49,161,13,148
S01007359,50 to 64,172,4,168
S01007359,65 and over,199,8,191
S01007360,All people aged 3 and over,528,8,520
S01007360,3 to 15,47,0,47
S01007360,16 to 24,38,0,38
S01007360,25 to 34,28,1,27
S01007360,35 to 49,89,0,89
S01007360,50 to 64,151,3,148
S01007360,65 and over,175,4,171
S01007361,All people aged 3 and over,1027,33,994
S01007361,3 to 15,143,12,131
S01007361,16 to 24,83,1,82
S01007361,25 to 34,65,0,65
S01007361,35 to 49,173,5,168
S01007361,50 to 64,252,4,248
S01007361,65 and over,311,11,300
S01007362,All people aged 3 and over,767,37,730
S01007362,3 to 15,108,8,100
S01007362,16 to 24,68,1,67
S01007362,25 to 34,64,4,60
S01007362,35 to 49,114,5,109
S01007362,50 to 64,160,7,153
S01007362,65 and over,253,12,241
S01007363,All people aged 3 and over,676,15,661
S01007363,3 to 15,68,2,66
S01007363,16 to 24,45,1,44
S01007363,25 to 34,37,0,37
S01007363,35 to 49,101,3,98
S01007363,50 to 64,191,1,190
S01007363,65 and over,234,8,226
S01007364,All people aged 3 and over,858,19,839
S01007364,3 to 15,171,4,167
S01007364,16 to 24,117,0,117
S01007364,25 to 34,110,1,109
S01007364,35 to 49,194,5,189
S01007364,50 to 64,143,6,137
S01007364,65 and over,123,3,120
S01007365,All people aged 3 and over,457,7,450
S01007365,3 to 15,65,1,64
S01007365,16 to 24,54,1,53
S01007365,25 to 34,45,0,45
S01007365,35 to 49,84,2,82
S01007365,50 to 64,99,1,98
S01007365,65 and over,110,2,108
S01007366,All people aged 3 and over,450,5,445
S01007366,3 to 15,52,0,52
S01007366,16 to 24,52,0,52
S01007366,25 to 34,37,1,36
S01007366,35 to 49,74,2,72
S01007366,50 to 64,100,0,100
S01007366,65 and over,135,2,133
S01007367,All people aged 3 and over,540,17,523
S01007367,3 to 15,66,6,60
S01007367,16 to 24,52,2,50
S01007367,25 to 34,60,1,59
S01007367,35 to 49,104,5,99
S01007367,50 to 64,125,1,124
S01007367,65 and over,133,2,131
S01007368,All people aged 3 and over,516,10,506
S01007368,3 to 15,112,4,108
S01007368,16 to 24,72,0,72
S01007368,25 to 34,48,3,45
S01007368,35 to 49,121,2,119
S01007368,50 to 64,95,0,95
S01007368,65 and over,68,1,67
S01007369,All people aged 3 and over,745,13,732
S01007369,3 to 15,117,1,116
S01007369,16 to 24,66,0,66
S01007369,25 to 34,100,0,100
S01007369,35 to 49,169,1,168
S01007369,50 to 64,169,6,163
S01007369,65 and over,124,5,119
S01007370,All people aged 3 and over,717,30,687
S01007370,3 to 15,77,1,76
S01007370,16 to 24,112,5,107
S01007370,25 to 34,75,2,73
S01007370,35 to 49,170,10,160
S01007370,50 to 64,173,7,166
S01007370,65 and over,110,5,105
S01007371,All people aged 3 and over,697,24,673
S01007371,3 to 15,134,3,131
S01007371,16 to 24,72,1,71
S01007371,25 to 34,72,2,70
S01007371,35 to 49,159,5,154
S01007371,50 to 64,144,9,135
S01007371,65 and over,116,4,112
S01007372,All people aged 3 and over,883,38,845
S01007372,3 to 15,124,7,117
S01007372,16 to 24,65,0,65
S01007372,25 to 34,60,2,58
S01007372,35 to 49,169,10,159
S01007372,50 to 64,182,6,176
S01007372,65 and over,283,13,270
S01007373,All people aged 3 and over,599,9,590
S01007373,3 to 15,63,0,63
S01007373,16 to 24,46,1,45
S01007373,25 to 34,31,0,31
S01007373,35 to 49,101,2,99
S01007373,50 to 64,193,1,192
S01007373,65 and over,165,5,160
S01007374,All people aged 3 and over,508,8,500
S01007374,3 to 15,73,0,73
S01007374,16 to 24,59,3,56
S01007374,25 to 34,35,2,33
S01007374,35 to 49,134,1,133
S01007374,50 to 64,124,1,123
S01007374,65 and over,83,1,82
S01007375,All people aged 3 and over,454,7,447
S01007375,3 to 15,48,1,47
S01007375,16 to 24,36,0,36
S01007375,25 to 34,38,0,38
S01007375,35 to 49,91,2,89
S01007375,50 to 64,123,2,121
S01007375,65 and over,118,2,116
S01007376,All people aged 3 and over,809,9,800
S01007376,3 to 15,121,1,120
S01007376,16 to 24,108,0,108
S01007376,25 to 34,91,0,91
S01007376,35 to 49,173,0,173
S01007376,50 to 64,189,3,186
S01007376,65 and over,127,5,122
S01007377,All people aged 3 and over,653,13,640
S01007377,3 to 15,100,1,99
S01007377,16 to 24,46,1,45
S01007377,25 to 34,33,0,33
S01007377,35 to 49,167,2,165
S01007377,50 to 64,182,7,175
S01007377,65 and over,125,2,123
S01007378,All people aged 3 and over,1445,16,1429
S01007378,3 to 15,78,2,76
S01007378,16 to 24,568,0,568
S01007378,25 to 34,369,5,364
S01007378,35 to 49,190,1,189
S01007378,50 to 64,133,3,130
S01007378,65 and over,107,5,102
S01007379,All people aged 3 and over,462,7,455
S01007379,3 to 15,57,0,57
S01007379,16 to 24,42,0,42
S01007379,25 to 34,52,0,52
S01007379,35 to 49,97,1,96
S01007379,50 to 64,96,3,93
S01007379,65 and over,118,3,115
S01007380,All people aged 3 and over,559,8,551
S01007380,3 to 15,111,1,110
S01007380,16 to 24,65,0,65
S01007380,25 to 34,66,0,66
S01007380,35 to 49,141,5,136
S01007380,50 to 64,114,2,112
S01007380,65 and over,62,0,62
S01007381,All people aged 3 and over,503,7,496
S01007381,3 to 15,80,2,78
S01007381,16 to 24,35,0,35
S01007381,25 to 34,22,0,22
S01007381,35 to 49,96,2,94
S01007381,50 to 64,126,3,123
S01007381,65 and over,144,0,144
S01007382,All people aged 3 and over,651,11,640
S01007382,3 to 15,117,1,116
S01007382,16 to 24,57,1,56
S01007382,25 to 34,35,0,35
S01007382,35 to 49,170,5,165
S01007382,50 to 64,148,4,144
S01007382,65 and over,124,0,124
S01007383,All people aged 3 and over,727,11,716
S01007383,3 to 15,90,1,89
S01007383,16 to 24,55,1,54
S01007383,25 to 34,59,2,57
S01007383,35 to 49,140,2,138
S01007383,50 to 64,197,4,193
S01007383,65 and over,186,1,185
S01007384,All people aged 3 and over,754,17,737
S01007384,3 to 15,143,2,141
S01007384,16 to 24,75,0,75
S01007384,25 to 34,84,4,80
S01007384,35 to 49,198,5,193
S01007384,50 to 64,137,2,135
S01007384,65 and over,117,4,113
S01007385,All people aged 3 and over,814,14,800
S01007385,3 to 15,85,0,85
S01007385,16 to 24,74,0,74
S01007385,25 to 34,81,1,80
S01007385,35 to 49,131,3,128
S01007385,50 to 64,209,6,203
S01007385,65 and over,234,4,230
S01007386,All people aged 3 and over,794,14,780
S01007386,3 to 15,110,2,108
S01007386,16 to 24,76,0,76
S01007386,25 to 34,28,0,28
S01007386,35 to 49,160,3,157
S01007386,50 to 64,216,4,212
S01007386,65 and over,204,5,199
S01007387,All people aged 3 and over,793,16,777
S01007387,3 to 15,129,3,126
S01007387,16 to 24,67,1,66
S01007387,25 to 34,36,0,36
S01007387,35 to 49,159,4,155
S01007387,50 to 64,242,3,239
S01007387,65 and over,160,5,155
S01007388,All people aged 3 and over,671,10,661
S01007388,3 to 15,99,0,99
S01007388,16 to 24,91,2,89
S01007388,25 to 34,35,0,35
S01007388,35 to 49,148,3,145
S01007388,50 to 64,161,0,161
S01007388,65 and over,137,5,132
S01007389,All people aged 3 and over,537,12,525
S01007389,3 to 15,149,2,147
S01007389,16 to 24,80,2,78
S01007389,25 to 34,111,1,110
S01007389,35 to 49,147,5,142
S01007389,50 to 64,42,1,41
S01007389,65 and over,8,1,7
S01007390,All people aged 3 and over,528,6,522
S01007390,3 to 15,165,0,165
S01007390,16 to 24,66,1,65
S01007390,25 to 34,112,2,110
S01007390,35 to 49,131,2,129
S01007390,50 to 64,46,1,45
S01007390,65 and over,8,0,8
S01007391,All people aged 3 and over,560,8,552
S01007391,3 to 15,73,0,73
S01007391,16 to 24,61,2,59
S01007391,25 to 34,27,0,27
S01007391,35 to 49,124,1,123
S01007391,50 to 64,158,3,155
S01007391,65 and over,117,2,115
S01007392,All people aged 3 and over,463,9,454
S01007392,3 to 15,50,1,49
S01007392,16 to 24,35,0,35
S01007392,25 to 34,18,0,18
S01007392,35 to 49,92,5,87
S01007392,50 to 64,132,1,131
S01007392,65 and over,136,2,134
S01007393,All people aged 3 and over,793,11,782
S01007393,3 to 15,128,3,125
S01007393,16 to 24,72,1,71
S01007393,25 to 34,42,0,42
S01007393,35 to 49,114,3,111
S01007393,50 to 64,159,3,156
S01007393,65 and over,278,1,277
S01007394,All people aged 3 and over,630,7,623
S01007394,3 to 15,71,2,69
S01007394,16 to 24,46,0,46
S01007394,25 to 34,30,1,29
S01007394,35 to 49,115,0,115
S01007394,50 to 64,138,2,136
S01007394,65 and over,230,2,228
S01007395,All people aged 3 and over,766,13,753
S01007395,3 to 15,52,0,52
S01007395,16 to 24,78,0,78
S01007395,25 to 34,117,1,116
S01007395,35 to 49,185,3,182
S01007395,50 to 64,151,5,146
S01007395,65 and over,183,4,179
S01007396,All people aged 3 and over,759,18,741
S01007396,3 to 15,68,0,68
S01007396,16 to 24,84,1,83
S01007396,25 to 34,110,2,108
S01007396,35 to 49,171,3,168
S01007396,50 to 64,146,8,138
S01007396,65 and over,180,4,176
S01007397,All people aged 3 and over,917,16,901
S01007397,3 to 15,123,1,122
S01007397,16 to 24,91,0,91
S01007397,25 to 34,79,0,79
S01007397,35 to 49,191,2,189
S01007397,50 to 64,206,5,201
S01007397,65 and over,227,8,219
S01007398,All people aged 3 and over,663,10,653
S01007398,3 to 15,148,5,143
S01007398,16 to 24,87,0,87
S01007398,25 to 34,94,1,93
S01007398,35 to 49,151,2,149
S01007398,50 to 64,122,1,121
S01007398,65 and over,61,1,60
S01007399,All people aged 3 and over,611,15,596
S01007399,3 to 15,108,3,105
S01007399,16 to 24,89,1,88
S01007399,25 to 34,72,6,66
S01007399,35 to 49,152,2,150
S01007399,50 to 64,127,2,125
S01007399,65 and over,63,1,62
S01007400,All people aged 3 and over,688,15,673
S01007400,3 to 15,83,3,80
S01007400,16 to 24,68,1,67
S01007400,25 to 34,52,0,52
S01007400,35 to 49,133,4,129
S01007400,50 to 64,175,4,171
S01007400,65 and over,177,3,174
S01007401,All people aged 3 and over,651,9,642
S01007401,3 to 15,81,1,80
S01007401,16 to 24,83,1,82
S01007401,25 to 34,43,0,43
S01007401,35 to 49,158,3,155
S01007401,50 to 64,159,2,157
S01007401,65 and over,127,2,125
S01007402,All people aged 3 and over,593,12,581
S01007402,3 to 15,72,1,71
S01007402,16 to 24,64,1,63
S01007402,25 to 34,48,1,47
S01007402,35 to 49,139,1,138
S01007402,50 to 64,137,6,131
S01007402,65 and over,133,2,131
S01007403,All people aged 3 and over,765,11,754
S01007403,3 to 15,214,2,212
S01007403,16 to 24,77,1,76
S01007403,25 to 34,146,2,144
S01007403,35 to 49,219,3,216
S01007403,50 to 64,77,3,74
S01007403,65 and over,32,0,32
S01007404,All people aged 3 and over,414,13,401
S01007404,3 to 15,43,0,43
S01007404,16 to 24,26,1,25
S01007404,25 to 34,39,0,39
S01007404,35 to 49,92,4,88
S01007404,50 to 64,113,3,110
S01007404,65 and over,101,5,96
S01007405,All people aged 3 and over,652,19,633
S01007405,3 to 15,102,2,100
S01007405,16 to 24,59,3,56
S01007405,25 to 34,43,2,41
S01007405,35 to 49,173,5,168
S01007405,50 to 64,174,5,169
S01007405,65 and over,101,2,99
S01007406,All people aged 3 and over,605,7,598
S01007406,3 to 15,84,0,84
S01007406,16 to 24,46,0,46
S01007406,25 to 34,34,0,34
S01007406,35 to 49,128,0,128
S01007406,50 to 64,164,4,160
S01007406,65 and over,149,3,146
S01007407,All people aged 3 and over,704,10,694
S01007407,3 to 15,106,1,105
S01007407,16 to 24,70,1,69
S01007407,25 to 34,39,1,38
S01007407,35 to 49,165,1,164
S01007407,50 to 64,153,3,150
S01007407,65 and over,171,3,168
S01007408,All people aged 3 and over,575,5,570
S01007408,3 to 15,91,0,91
S01007408,16 to 24,54,1,53
S01007408,25 to 34,67,0,67
S01007408,35 to 49,142,1,141
S01007408,50 to 64,128,1,127
S01007408,65 and over,93,2,91
S01007409,All people aged 3 and over,701,5,696
S01007409,3 to 15,87,0,87
S01007409,16 to 24,78,1,77
S01007409,25 to 34,60,0,60
S01007409,35 to 49,146,1,145
S01007409,50 to 64,168,2,166
S01007409,65 and over,162,1,161
S01007410,All people aged 3 and over,674,1,673
S01007410,3 to 15,133,0,133
S01007410,16 to 24,89,0,89
S01007410,25 to 34,79,0,79
S01007410,35 to 49,158,0,158
S01007410,50 to 64,114,0,114
S01007410,65 and over,101,1,100
S01007411,All people aged 3 and over,841,6,835
S01007411,3 to 15,142,1,141
S01007411,16 to 24,103,0,103
S01007411,25 to 34,133,1,132
S01007411,35 to 49,191,0,191
S01007411,50 to 64,131,1,130
S01007411,65 and over,141,3,138
S01007412,All people aged 3 and over,465,2,463
S01007412,3 to 15,69,0,69
S01007412,16 to 24,52,0,52
S01007412,25 to 34,35,2,33
S01007412,35 to 49,104,0,104
S01007412,50 to 64,107,0,107
S01007412,65 and over,98,0,98
S01007413,All people aged 3 and over,874,2,872
S01007413,3 to 15,153,0,153
S01007413,16 to 24,95,0,95
S01007413,25 to 34,121,1,120
S01007413,35 to 49,242,1,241
S01007413,50 to 64,198,0,198
S01007413,65 and over,65,0,65
S01007414,All people aged 3 and over,663,6,657
S01007414,3 to 15,138,0,138
S01007414,16 to 24,65,0,65
S01007414,25 to 34,61,1,60
S01007414,35 to 49,232,3,229
S01007414,50 to 64,120,1,119
S01007414,65 and over,47,1,46
S01007415,All people aged 3 and over,827,5,822
S01007415,3 to 15,150,0,150
S01007415,16 to 24,79,0,79
S01007415,25 to 34,107,0,107
S01007415,35 to 49,197,3,194
S01007415,50 to 64,168,2,166
S01007415,65 and over,126,0,126
S01007416,All people aged 3 and over,556,2,554
S01007416,3 to 15,133,0,133
S01007416,16 to 24,85,0,85
S01007416,25 to 34,81,0,81
S01007416,35 to 49,138,2,136
S01007416,50 to 64,86,0,86
S01007416,65 and over,33,0,33
S01007417,All people aged 3 and over,956,12,944
S01007417,3 to 15,163,4,159
S01007417,16 to 24,90,1,89
S01007417,25 to 34,124,1,123
S01007417,35 to 49,271,4,267
S01007417,50 to 64,197,2,195
S01007417,65 and over,111,0,111
S01007418,All people aged 3 and over,642,0,642
S01007418,3 to 15,108,0,108
S01007418,16 to 24,67,0,67
S01007418,25 to 34,67,0,67
S01007418,35 to 49,151,0,151
S01007418,50 to 64,164,0,164
S01007418,65 and over,85,0,85
S01007419,All people aged 3 and over,820,5,815
S01007419,3 to 15,170,0,170
S01007419,16 to 24,116,0,116
S01007419,25 to 34,143,3,140
S01007419,35 to 49,201,2,199
S01007419,50 to 64,133,0,133
S01007419,65 and over,57,0,57
S01007420,All people aged 3 and over,1406,43,1363
S01007420,3 to 15,123,1,122
S01007420,16 to 24,195,1,194
S01007420,25 to 34,346,10,336
S01007420,35 to 49,471,23,448
S01007420,50 to 64,190,3,187
S01007420,65 and over,81,5,76
S01007421,All people aged 3 and over,628,6,622
S01007421,3 to 15,104,1,103
S01007421,16 to 24,54,1,53
S01007421,25 to 34,79,0,79
S01007421,35 to 49,177,2,175
S01007421,50 to 64,127,2,125
S01007421,65 and over,87,0,87
S01007422,All people aged 3 and over,566,8,558
S01007422,3 to 15,74,0,74
S01007422,16 to 24,43,2,41
S01007422,25 to 34,56,0,56
S01007422,35 to 49,139,2,137
S01007422,50 to 64,130,2,128
S01007422,65 and over,124,2,122
S01007423,All people aged 3 and over,717,5,712
S01007423,3 to 15,117,0,117
S01007423,16 to 24,52,0,52
S01007423,25 to 34,141,2,139
S01007423,35 to 49,180,1,179
S01007423,50 to 64,120,0,120
S01007423,65 and over,107,2,105
S01007424,All people aged 3 and over,772,13,759
S01007424,3 to 15,99,0,99
S01007424,16 to 24,58,1,57
S01007424,25 to 34,69,0,69
S01007424,35 to 49,142,3,139
S01007424,50 to 64,221,7,214
S01007424,65 and over,183,2,181
S01007425,All people aged 3 and over,842,10,832
S01007425,3 to 15,118,0,118
S01007425,16 to 24,92,2,90
S01007425,25 to 34,89,1,88
S01007425,35 to 49,181,4,177
S01007425,50 to 64,208,1,207
S01007425,65 and over,154,2,152
S01007426,All people aged 3 and over,644,4,640
S01007426,3 to 15,101,0,101
S01007426,16 to 24,61,0,61
S01007426,25 to 34,68,1,67
S01007426,35 to 49,151,0,151
S01007426,50 to 64,134,2,132
S01007426,65 and over,129,1,128
S01007427,All people aged 3 and over,623,5,618
S01007427,3 to 15,73,0,73
S01007427,16 to 24,81,0,81
S01007427,25 to 34,66,3,63
S01007427,35 to 49,122,1,121
S01007427,50 to 64,140,0,140
S01007427,65 and over,141,1,140
S01007428,All people aged 3 and over,859,13,846
S01007428,3 to 15,110,3,107
S01007428,16 to 24,96,1,95
S01007428,25 to 34,99,0,99
S01007428,35 to 49,205,4,201
S01007428,50 to 64,162,2,160
S01007428,65 and over,187,3,184
S01007429,All people aged 3 and over,692,11,681
S01007429,3 to 15,91,0,91
S01007429,16 to 24,99,4,95
S01007429,25 to 34,90,1,89
S01007429,35 to 49,161,3,158
S01007429,50 to 64,155,3,152
S01007429,65 and over,96,0,96
S01007430,All people aged 3 and over,436,6,430
S01007430,3 to 15,41,1,40
S01007430,16 to 24,53,0,53
S01007430,25 to 34,42,1,41
S01007430,35 to 49,88,2,86
S01007430,50 to 64,116,1,115
S01007430,65 and over,96,1,95
S01007431,All people aged 3 and over,548,4,544
S01007431,3 to 15,70,0,70
S01007431,16 to 24,79,1,78
S01007431,25 to 34,43,0,43
S01007431,35 to 49,124,1,123
S01007431,50 to 64,147,1,146
S01007431,65 and over,85,1,84
S01007432,All people aged 3 and over,799,9,790
S01007432,3 to 15,91,0,91
S01007432,16 to 24,69,0,69
S01007432,25 to 34,95,6,89
S01007432,35 to 49,176,0,176
S01007432,50 to 64,200,1,199
S01007432,65 and over,168,2,166
S01007433,All people aged 3 and over,780,7,773
S01007433,3 to 15,121,0,121
S01007433,16 to 24,67,0,67
S01007433,25 to 34,63,2,61
S01007433,35 to 49,174,1,173
S01007433,50 to 64,198,1,197
S01007433,65 and over,157,3,154
S01007434,All people aged 3 and over,478,8,470
S01007434,3 to 15,76,1,75
S01007434,16 to 24,68,3,65
S01007434,25 to 34,70,1,69
S01007434,35 to 49,105,0,105
S01007434,50 to 64,99,1,98
S01007434,65 and over,60,2,58
S01007435,All people aged 3 and over,663,7,656
S01007435,3 to 15,89,0,89
S01007435,16 to 24,72,0,72
S01007435,25 to 34,81,0,81
S01007435,35 to 49,158,1,157
S01007435,50 to 64,148,4,144
S01007435,65 and over,115,2,113
S01007436,All people aged 3 and over,650,9,641
S01007436,3 to 15,107,1,106
S01007436,16 to 24,71,2,69
S01007436,25 to 34,100,2,98
S01007436,35 to 49,138,2,136
S01007436,50 to 64,135,2,133
S01007436,65 and over,99,0,99
S01007437,All people aged 3 and over,421,7,414
S01007437,3 to 15,51,0,51
S01007437,16 to 24,56,0,56
S01007437,25 to 34,61,4,57
S01007437,35 to 49,79,1,78
S01007437,50 to 64,108,1,107
S01007437,65 and over,66,1,65
S01007438,All people aged 3 and over,647,10,637
S01007438,3 to 15,75,0,75
S01007438,16 to 24,68,0,68
S01007438,25 to 34,66,3,63
S01007438,35 to 49,150,3,147
S01007438,50 to 64,137,4,133
S01007438,65 and over,151,0,151
S01007439,All people aged 3 and over,670,8,662
S01007439,3 to 15,70,1,69
S01007439,16 to 24,76,1,75
S01007439,25 to 34,64,2,62
S01007439,35 to 49,150,1,149
S01007439,50 to 64,166,2,164
S01007439,65 and over,144,1,143
S01007440,All people aged 3 and over,637,13,624
S01007440,3 to 15,98,0,98
S01007440,16 to 24,66,0,66
S01007440,25 to 34,58,0,58
S01007440,35 to 49,128,3,125
S01007440,50 to 64,174,7,167
S01007440,65 and over,113,3,110
S01007441,All people aged 3 and over,541,9,532
S01007441,3 to 15,79,0,79
S01007441,16 to 24,44,0,44
S01007441,25 to 34,36,0,36
S01007441,35 to 49,125,3,122
S01007441,50 to 64,165,3,162
S01007441,65 and over,92,3,89
S01007442,All people aged 3 and over,472,3,469
S01007442,3 to 15,54,0,54
S01007442,16 to 24,43,0,43
S01007442,25 to 34,32,0,32
S01007442,35 to 49,88,0,88
S01007442,50 to 64,162,3,159
S01007442,65 and over,93,0,93
S01007443,All people aged 3 and over,901,15,886
S01007443,3 to 15,143,2,141
S01007443,16 to 24,111,2,109
S01007443,25 to 34,55,1,54
S01007443,35 to 49,167,2,165
S01007443,50 to 64,192,5,187
S01007443,65 and over,233,3,230
S01007444,All people aged 3 and over,927,12,915
S01007444,3 to 15,154,0,154
S01007444,16 to 24,63,0,63
S01007444,25 to 34,40,0,40
S01007444,35 to 49,227,3,224
S01007444,50 to 64,233,4,229
S01007444,65 and over,210,5,205
S01007445,All people aged 3 and over,608,6,602
S01007445,3 to 15,103,0,103
S01007445,16 to 24,40,0,40
S01007445,25 to 34,41,0,41
S01007445,35 to 49,131,0,131
S01007445,50 to 64,173,2,171
S01007445,65 and over,120,4,116
S01007446,All people aged 3 and over,532,3,529
S01007446,3 to 15,110,0,110
S01007446,16 to 24,53,0,53
S01007446,25 to 34,22,0,22
S01007446,35 to 49,138,0,138
S01007446,50 to 64,112,1,111
S01007446,65 and over,97,2,95
S01007447,All people aged 3 and over,479,4,475
S01007447,3 to 15,68,0,68
S01007447,16 to 24,33,0,33
S01007447,25 to 34,12,0,12
S01007447,35 to 49,106,0,106
S01007447,50 to 64,156,4,152
S01007447,65 and over,104,0,104
S01007448,All people aged 3 and over,852,11,841
S01007448,3 to 15,116,2,114
S01007448,16 to 24,73,0,73
S01007448,25 to 34,52,0,52
S01007448,35 to 49,207,7,200
S01007448,50 to 64,219,1,218
S01007448,65 and over,185,1,184
S01007449,All people aged 3 and over,934,10,924
S01007449,3 to 15,113,1,112
S01007449,16 to 24,118,0,118
S01007449,25 to 34,116,0,116
S01007449,35 to 49,196,3,193
S01007449,50 to 64,224,4,220
S01007449,65 and over,167,2,165
S01007450,All people aged 3 and over,739,3,736
S01007450,3 to 15,141,0,141
S01007450,16 to 24,88,1,87
S01007450,25 to 34,91,0,91
S01007450,35 to 49,165,1,164
S01007450,50 to 64,146,1,145
S01007450,65 and over,108,0,108
S01007451,All people aged 3 and over,608,5,603
S01007451,3 to 15,84,0,84
S01007451,16 to 24,57,0,57
S01007451,25 to 34,61,0,61
S01007451,35 to 49,141,2,139
S01007451,50 to 64,141,1,140
S01007451,65 and over,124,2,122
S01007452,All people aged 3 and over,515,5,510
S01007452,3 to 15,101,2,99
S01007452,16 to 24,75,1,74
S01007452,25 to 34,42,0,42
S01007452,35 to 49,119,0,119
S01007452,50 to 64,96,2,94
S01007452,65 and over,82,0,82
S01007453,All people aged 3 and over,584,5,579
S01007453,3 to 15,126,2,124
S01007453,16 to 24,64,0,64
S01007453,25 to 34,108,1,107
S01007453,35 to 49,206,2,204
S01007453,50 to 64,57,0,57
S01007453,65 and over,23,0,23
S01007454,All people aged 3 and over,496,4,492
S01007454,3 to 15,78,0,78
S01007454,16 to 24,57,1,56
S01007454,25 to 34,63,1,62
S01007454,35 to 49,112,1,111
S01007454,50 to 64,118,0,118
S01007454,65 and over,68,1,67
S01007455,All people aged 3 and over,815,5,810
S01007455,3 to 15,138,0,138
S01007455,16 to 24,91,0,91
S01007455,25 to 34,121,1,120
S01007455,35 to 49,187,1,186
S01007455,50 to 64,172,1,171
S01007455,65 and over,106,2,104
S01007456,All people aged 3 and over,831,8,823
S01007456,3 to 15,129,2,127
S01007456,16 to 24,119,0,119
S01007456,25 to 34,152,0,152
S01007456,35 to 49,170,3,167
S01007456,50 to 64,129,3,126
S01007456,65 and over,132,0,132
S01007457,All people aged 3 and over,1047,11,1036
S01007457,3 to 15,177,0,177
S01007457,16 to 24,116,2,114
S01007457,25 to 34,130,2,128
S01007457,35 to 49,284,2,282
S01007457,50 to 64,186,5,181
S01007457,65 and over,154,0,154
S01007458,All people aged 3 and over,509,1,508
S01007458,3 to 15,66,0,66
S01007458,16 to 24,53,0,53
S01007458,25 to 34,41,0,41
S01007458,35 to 49,122,0,122
S01007458,50 to 64,118,1,117
S01007458,65 and over,109,0,109
S01007459,All people aged 3 and over,630,3,627
S01007459,3 to 15,79,0,79
S01007459,16 to 24,53,0,53
S01007459,25 to 34,50,0,50
S01007459,35 to 49,114,1,113
S01007459,50 to 64,156,1,155
S01007459,65 and over,178,1,177
S01007460,All people aged 3 and over,709,8,701
S01007460,3 to 15,90,0,90
S01007460,16 to 24,64,2,62
S01007460,25 to 34,64,0,64
S01007460,35 to 49,148,4,144
S01007460,50 to 64,208,1,207
S01007460,65 and over,135,1,134
S01007461,All people aged 3 and over,653,5,648
S01007461,3 to 15,85,1,84
S01007461,16 to 24,100,2,98
S01007461,25 to 34,93,0,93
S01007461,35 to 49,151,1,150
S01007461,50 to 64,131,1,130
S01007461,65 and over,93,0,93
S01007462,All people aged 3 and over,766,13,753
S01007462,3 to 15,105,2,103
S01007462,16 to 24,92,5,87
S01007462,25 to 34,132,0,132
S01007462,35 to 49,181,3,178
S01007462,50 to 64,167,2,165
S01007462,65 and over,89,1,88
S01007463,All people aged 3 and over,951,10,941
S01007463,3 to 15,230,0,230
S01007463,16 to 24,162,3,159
S01007463,25 to 34,109,1,108
S01007463,35 to 49,209,3,206
S01007463,50 to 64,146,2,144
S01007463,65 and over,95,1,94
S01007464,All people aged 3 and over,654,5,649
S01007464,3 to 15,106,0,106
S01007464,16 to 24,77,1,76
S01007464,25 to 34,74,2,72
S01007464,35 to 49,148,0,148
S01007464,50 to 64,141,2,139
S01007464,65 and over,108,0,108
S01007465,All people aged 3 and over,755,3,752
S01007465,3 to 15,161,0,161
S01007465,16 to 24,101,2,99
S01007465,25 to 34,115,0,115
S01007465,35 to 49,186,1,185
S01007465,50 to 64,99,0,99
S01007465,65 and over,93,0,93
S01007466,All people aged 3 and over,936,7,929
S01007466,3 to 15,85,2,83
S01007466,16 to 24,144,0,144
S01007466,25 to 34,153,1,152
S01007466,35 to 49,239,4,235
S01007466,50 to 64,172,0,172
S01007466,65 and over,143,0,143
S01007467,All people aged 3 and over,942,12,930
S01007467,3 to 15,118,0,118
S01007467,16 to 24,97,0,97
S01007467,25 to 34,125,1,124
S01007467,35 to 49,234,3,231
S01007467,50 to 64,168,3,165
S01007467,65 and over,200,5,195
S01007468,All people aged 3 and over,699,11,688
S01007468,3 to 15,92,2,90
S01007468,16 to 24,65,0,65
S01007468,25 to 34,72,4,68
S01007468,35 to 49,185,0,185
S01007468,50 to 64,183,3,180
S01007468,65 and over,102,2,100
S01007469,All people aged 3 and over,578,8,570
S01007469,3 to 15,113,2,111
S01007469,16 to 24,52,1,51
S01007469,25 to 34,73,0,73
S01007469,35 to 49,126,3,123
S01007469,50 to 64,132,2,130
S01007469,65 and over,82,0,82
S01007470,All people aged 3 and over,682,5,677
S01007470,3 to 15,110,1,109
S01007470,16 to 24,79,0,79
S01007470,25 to 34,84,0,84
S01007470,35 to 49,144,2,142
S01007470,50 to 64,136,0,136
S01007470,65 and over,129,2,127
S01007471,All people aged 3 and over,457,2,455
S01007471,3 to 15,75,0,75
S01007471,16 to 24,57,0,57
S01007471,25 to 34,49,0,49
S01007471,35 to 49,112,0,112
S01007471,50 to 64,109,1,108
S01007471,65 and over,55,1,54
S01007472,All people aged 3 and over,529,6,523
S01007472,3 to 15,71,1,70
S01007472,16 to 24,59,1,58
S01007472,25 to 34,65,0,65
S01007472,35 to 49,110,1,109
S01007472,50 to 64,115,3,112
S01007472,65 and over,109,0,109
S01007473,All people aged 3 and over,426,2,424
S01007473,3 to 15,56,0,56
S01007473,16 to 24,48,0,48
S01007473,25 to 34,46,0,46
S01007473,35 to 49,112,2,110
S01007473,50 to 64,88,0,88
S01007473,65 and over,76,0,76
S01007474,All people aged 3 and over,519,2,517
S01007474,3 to 15,74,0,74
S01007474,16 to 24,53,1,52
S01007474,25 to 34,53,0,53
S01007474,35 to 49,129,0,129
S01007474,50 to 64,132,1,131
S01007474,65 and over,78,0,78
S01007475,All people aged 3 and over,570,4,566
S01007475,3 to 15,79,0,79
S01007475,16 to 24,54,0,54
S01007475,25 to 34,90,1,89
S01007475,35 to 49,139,1,138
S01007475,50 to 64,127,1,126
S01007475,65 and over,81,1,80
S01007476,All people aged 3 and over,642,3,639
S01007476,3 to 15,77,0,77
S01007476,16 to 24,45,1,44
S01007476,25 to 34,43,0,43
S01007476,35 to 49,146,1,145
S01007476,50 to 64,140,0,140
S01007476,65 and over,191,1,190
S01007477,All people aged 3 and over,518,6,512
S01007477,3 to 15,81,2,79
S01007477,16 to 24,38,0,38
S01007477,25 to 34,65,1,64
S01007477,35 to 49,126,2,124
S01007477,50 to 64,117,0,117
S01007477,65 and over,91,1,90
S01007478,All people aged 3 and over,880,6,874
S01007478,3 to 15,129,0,129
S01007478,16 to 24,78,0,78
S01007478,25 to 34,115,0,115
S01007478,35 to 49,222,4,218
S01007478,50 to 64,155,1,154
S01007478,65 and over,181,1,180
S01007479,All people aged 3 and over,554,6,548
S01007479,3 to 15,96,0,96
S01007479,16 to 24,60,3,57
S01007479,25 to 34,94,1,93
S01007479,35 to 49,179,0,179
S01007479,50 to 64,63,1,62
S01007479,65 and over,62,1,61
S01007480,All people aged 3 and over,736,8,728
S01007480,3 to 15,127,0,127
S01007480,16 to 24,81,0,81
S01007480,25 to 34,125,2,123
S01007480,35 to 49,202,2,200
S01007480,50 to 64,136,3,133
S01007480,65 and over,65,1,64
S01007481,All people aged 3 and over,815,6,809
S01007481,3 to 15,75,0,75
S01007481,16 to 24,67,0,67
S01007481,25 to 34,39,0,39
S01007481,35 to 49,143,1,142
S01007481,50 to 64,188,1,187
S01007481,65 and over,303,4,299
S01007482,All people aged 3 and over,465,3,462
S01007482,3 to 15,57,0,57
S01007482,16 to 24,31,0,31
S01007482,25 to 34,48,2,46
S01007482,35 to 49,75,0,75
S01007482,50 to 64,98,1,97
S01007482,65 and over,156,0,156
S01007483,All people aged 3 and over,758,3,755
S01007483,3 to 15,129,0,129
S01007483,16 to 24,60,0,60
S01007483,25 to 34,115,0,115
S01007483,35 to 49,160,2,158
S01007483,50 to 64,163,0,163
S01007483,65 and over,131,1,130
S01007484,All people aged 3 and over,536,6,530
S01007484,3 to 15,66,0,66
S01007484,16 to 24,74,0,74
S01007484,25 to 34,54,1,53
S01007484,35 to 49,108,3,105
S01007484,50 to 64,115,1,114
S01007484,65 and over,119,1,118
S01007485,All people aged 3 and over,438,6,432
S01007485,3 to 15,79,2,77
S01007485,16 to 24,73,2,71
S01007485,25 to 34,76,1,75
S01007485,35 to 49,88,0,88
S01007485,50 to 64,65,0,65
S01007485,65 and over,57,1,56
S01007486,All people aged 3 and over,496,3,493
S01007486,3 to 15,114,0,114
S01007486,16 to 24,74,1,73
S01007486,25 to 34,80,0,80
S01007486,35 to 49,87,2,85
S01007486,50 to 64,76,0,76
S01007486,65 and over,65,0,65
S01007487,All people aged 3 and over,875,6,869
S01007487,3 to 15,112,0,112
S01007487,16 to 24,121,3,118
S01007487,25 to 34,104,0,104
S01007487,35 to 49,183,0,183
S01007487,50 to 64,185,2,183
S01007487,65 and over,170,1,169
S01007488,All people aged 3 and over,997,8,989
S01007488,3 to 15,159,0,159
S01007488,16 to 24,125,2,123
S01007488,25 to 34,103,0,103
S01007488,35 to 49,239,4,235
S01007488,50 to 64,186,1,185
S01007488,65 and over,185,1,184
S01007489,All people aged 3 and over,838,7,831
S01007489,3 to 15,113,0,113
S01007489,16 to 24,88,3,85
S01007489,25 to 34,73,1,72
S01007489,35 to 49,165,3,162
S01007489,50 to 64,196,0,196
S01007489,65 and over,203,0,203
S01007490,All people aged 3 and over,888,3,885
S01007490,3 to 15,131,1,130
S01007490,16 to 24,99,0,99
S01007490,25 to 34,77,2,75
S01007490,35 to 49,176,0,176
S01007490,50 to 64,177,0,177
S01007490,65 and over,228,0,228
S01007491,All people aged 3 and over,1107,10,1097
S01007491,3 to 15,221,0,221
S01007491,16 to 24,124,4,120
S01007491,25 to 34,207,1,206
S01007491,35 to 49,230,3,227
S01007491,50 to 64,157,1,156
S01007491,65 and over,168,1,167
S01007492,All people aged 3 and over,671,5,666
S01007492,3 to 15,74,0,74
S01007492,16 to 24,64,0,64
S01007492,25 to 34,58,1,57
S01007492,35 to 49,138,2,136
S01007492,50 to 64,181,2,179
S01007492,65 and over,156,0,156
S01007493,All people aged 3 and over,797,4,793
S01007493,3 to 15,120,0,120
S01007493,16 to 24,92,2,90
S01007493,25 to 34,91,0,91
S01007493,35 to 49,186,0,186
S01007493,50 to 64,160,0,160
S01007493,65 and over,148,2,146
S01007494,All people aged 3 and over,518,0,518
S01007494,3 to 15,70,0,70
S01007494,16 to 24,43,0,43
S01007494,25 to 34,36,0,36
S01007494,35 to 49,116,0,116
S01007494,50 to 64,128,0,128
S01007494,65 and over,125,0,125
S01007495,All people aged 3 and over,818,1,817
S01007495,3 to 15,141,0,141
S01007495,16 to 24,61,0,61
S01007495,25 to 34,69,0,69
S01007495,35 to 49,192,0,192
S01007495,50 to 64,210,1,209
S01007495,65 and over,145,0,145
S01007496,All people aged 3 and over,988,8,980
S01007496,3 to 15,106,0,106
S01007496,16 to 24,81,1,80
S01007496,25 to 34,80,0,80
S01007496,35 to 49,163,1,162
S01007496,50 to 64,279,3,276
S01007496,65 and over,279,3,276
S01007497,All people aged 3 and over,577,5,572
S01007497,3 to 15,96,0,96
S01007497,16 to 24,59,1,58
S01007497,25 to 34,37,0,37
S01007497,35 to 49,134,0,134
S01007497,50 to 64,130,3,127
S01007497,65 and over,121,1,120
S01007498,All people aged 3 and over,820,3,817
S01007498,3 to 15,83,1,82
S01007498,16 to 24,65,0,65
S01007498,25 to 34,60,0,60
S01007498,35 to 49,149,0,149
S01007498,50 to 64,248,1,247
S01007498,65 and over,215,1,214
S01007499,All people aged 3 and over,817,1,816
S01007499,3 to 15,130,0,130
S01007499,16 to 24,74,0,74
S01007499,25 to 34,85,0,85
S01007499,35 to 49,198,1,197
S01007499,50 to 64,194,0,194
S01007499,65 and over,136,0,136
S01007500,All people aged 3 and over,592,2,590
S01007500,3 to 15,76,0,76
S01007500,16 to 24,37,0,37
S01007500,25 to 34,47,0,47
S01007500,35 to 49,116,0,116
S01007500,50 to 64,168,1,167
S01007500,65 and over,148,1,147
S01007501,All people aged 3 and over,666,3,663
S01007501,3 to 15,68,0,68
S01007501,16 to 24,45,0,45
S01007501,25 to 34,34,0,34
S01007501,35 to 49,103,0,103
S01007501,50 to 64,224,2,222
S01007501,65 and over,192,1,191
S01007502,All people aged 3 and over,515,3,512
S01007502,3 to 15,68,0,68
S01007502,16 to 24,44,1,43
S01007502,25 to 34,34,0,34
S01007502,35 to 49,111,1,110
S01007502,50 to 64,153,1,152
S01007502,65 and over,105,0,105
S01007503,All people aged 3 and over,1018,8,1010
S01007503,3 to 15,148,0,148
S01007503,16 to 24,69,0,69
S01007503,25 to 34,87,2,85
S01007503,35 to 49,203,1,202
S01007503,50 to 64,249,1,248
S01007503,65 and over,262,4,258
S01007504,All people aged 3 and over,662,6,656
S01007504,3 to 15,74,0,74
S01007504,16 to 24,62,1,61
S01007504,25 to 34,55,0,55
S01007504,35 to 49,131,0,131
S01007504,50 to 64,175,5,170
S01007504,65 and over,165,0,165
S01007505,All people aged 3 and over,409,2,407
S01007505,3 to 15,63,0,63
S01007505,16 to 24,35,0,35
S01007505,25 to 34,40,0,40
S01007505,35 to 49,97,1,96
S01007505,50 to 64,103,1,102
S01007505,65 and over,71,0,71
S01007506,All people aged 3 and over,500,2,498
S01007506,3 to 15,74,0,74
S01007506,16 to 24,31,0,31
S01007506,25 to 34,34,0,34
S01007506,35 to 49,89,0,89
S01007506,50 to 64,113,0,113
S01007506,65 and over,159,2,157
S01007507,All people aged 3 and over,898,11,887
S01007507,3 to 15,105,0,105
S01007507,16 to 24,76,0,76
S01007507,25 to 34,73,0,73
S01007507,35 to 49,180,4,176
S01007507,50 to 64,216,7,209
S01007507,65 and over,248,0,248
S01007508,All people aged 3 and over,680,10,670
S01007508,3 to 15,76,0,76
S01007508,16 to 24,61,1,60
S01007508,25 to 34,70,1,69
S01007508,35 to 49,105,2,103
S01007508,50 to 64,203,4,199
S01007508,65 and over,165,2,163
S01007509,All people aged 3 and over,617,6,611
S01007509,3 to 15,89,0,89
S01007509,16 to 24,51,1,50
S01007509,25 to 34,35,0,35
S01007509,35 to 49,128,2,126
S01007509,50 to 64,165,0,165
S01007509,65 and over,149,3,146
S01007510,All people aged 3 and over,1001,10,991
S01007510,3 to 15,139,0,139
S01007510,16 to 24,77,1,76
S01007510,25 to 34,64,0,64
S01007510,35 to 49,173,3,170
S01007510,50 to 64,247,2,245
S01007510,65 and over,301,4,297
S01007511,All people aged 3 and over,804,12,792
S01007511,3 to 15,129,2,127
S01007511,16 to 24,94,1,93
S01007511,25 to 34,77,2,75
S01007511,35 to 49,129,3,126
S01007511,50 to 64,199,2,197
S01007511,65 and over,176,2,174
S01007512,All people aged 3 and over,516,3,513
S01007512,3 to 15,67,0,67
S01007512,16 to 24,46,1,45
S01007512,25 to 34,30,0,30
S01007512,35 to 49,91,1,90
S01007512,50 to 64,148,1,147
S01007512,65 and over,134,0,134
S01007513,All people aged 3 and over,1002,11,991
S01007513,3 to 15,177,1,176
S01007513,16 to 24,122,2,120
S01007513,25 to 34,125,1,124
S01007513,35 to 49,203,2,201
S01007513,50 to 64,190,3,187
S01007513,65 and over,185,2,183
S01007514,All people aged 3 and over,504,2,502
S01007514,3 to 15,59,0,59
S01007514,16 to 24,54,0,54
S01007514,25 to 34,57,0,57
S01007514,35 to 49,112,0,112
S01007514,50 to 64,116,2,114
S01007514,65 and over,106,0,106
S01007515,All people aged 3 and over,587,13,574
S01007515,3 to 15,68,0,68
S01007515,16 to 24,62,2,60
S01007515,25 to 34,39,3,36
S01007515,35 to 49,101,2,99
S01007515,50 to 64,134,3,131
S01007515,65 and over,183,3,180
S01007516,All people aged 3 and over,593,2,591
S01007516,3 to 15,118,1,117
S01007516,16 to 24,66,1,65
S01007516,25 to 34,86,0,86
S01007516,35 to 49,121,0,121
S01007516,50 to 64,90,0,90
S01007516,65 and over,112,0,112
S01007517,All people aged 3 and over,453,6,447
S01007517,3 to 15,27,0,27
S01007517,16 to 24,39,1,38
S01007517,25 to 34,21,0,21
S01007517,35 to 49,73,1,72
S01007517,50 to 64,114,2,112
S01007517,65 and over,179,2,177
S01007518,All people aged 3 and over,808,4,804
S01007518,3 to 15,109,0,109
S01007518,16 to 24,74,1,73
S01007518,25 to 34,81,1,80
S01007518,35 to 49,186,0,186
S01007518,50 to 64,166,2,164
S01007518,65 and over,192,0,192
S01007519,All people aged 3 and over,430,3,427
S01007519,3 to 15,24,0,24
S01007519,16 to 24,26,0,26
S01007519,25 to 34,21,0,21
S01007519,35 to 49,80,0,80
S01007519,50 to 64,137,1,136
S01007519,65 and over,142,2,140
S01007520,All people aged 3 and over,953,10,943
S01007520,3 to 15,143,0,143
S01007520,16 to 24,72,1,71
S01007520,25 to 34,69,3,66
S01007520,35 to 49,201,3,198
S01007520,50 to 64,214,2,212
S01007520,65 and over,254,1,253
S01007521,All people aged 3 and over,433,4,429
S01007521,3 to 15,53,0,53
S01007521,16 to 24,40,0,40
S01007521,25 to 34,32,0,32
S01007521,35 to 49,91,3,88
S01007521,50 to 64,121,1,120
S01007521,65 and over,96,0,96
S01007522,All people aged 3 and over,966,9,957
S01007522,3 to 15,98,0,98
S01007522,16 to 24,75,1,74
S01007522,25 to 34,58,1,57
S01007522,35 to 49,167,1,166
S01007522,50 to 64,218,2,216
S01007522,65 and over,350,4,346
S01007523,All people aged 3 and over,523,4,519
S01007523,3 to 15,66,0,66
S01007523,16 to 24,61,1,60
S01007523,25 to 34,45,0,45
S01007523,35 to 49,103,1,102
S01007523,50 to 64,120,1,119
S01007523,65 and over,128,1,127
S01007524,All people aged 3 and over,927,10,917
S01007524,3 to 15,109,1,108
S01007524,16 to 24,83,0,83
S01007524,25 to 34,64,1,63
S01007524,35 to 49,194,3,191
S01007524,50 to 64,247,3,244
S01007524,65 and over,230,2,228
S01007525,All people aged 3 and over,527,1,526
S01007525,3 to 15,62,0,62
S01007525,16 to 24,34,0,34
S01007525,25 to 34,35,0,35
S01007525,35 to 49,99,0,99
S01007525,50 to 64,137,1,136
S01007525,65 and over,160,0,160
S01007526,All people aged 3 and over,722,4,718
S01007526,3 to 15,89,1,88
S01007526,16 to 24,67,2,65
S01007526,25 to 34,65,0,65
S01007526,35 to 49,143,0,143
S01007526,50 to 64,155,0,155
S01007526,65 and over,203,1,202
S01007527,All people aged 3 and over,757,2,755
S01007527,3 to 15,78,0,78
S01007527,16 to 24,51,0,51
S01007527,25 to 34,66,0,66
S01007527,35 to 49,135,1,134
S01007527,50 to 64,210,1,209
S01007527,65 and over,217,0,217
S01007528,All people aged 3 and over,736,3,733
S01007528,3 to 15,103,0,103
S01007528,16 to 24,82,0,82
S01007528,25 to 34,67,0,67
S01007528,35 to 49,146,0,146
S01007528,50 to 64,154,2,152
S01007528,65 and over,184,1,183
S01007529,All people aged 3 and over,651,2,649
S01007529,3 to 15,69,0,69
S01007529,16 to 24,54,0,54
S01007529,25 to 34,40,1,39
S01007529,35 to 49,103,0,103
S01007529,50 to 64,176,1,175
S01007529,65 and over,209,0,209
S01007530,All people aged 3 and over,513,4,509
S01007530,3 to 15,67,0,67
S01007530,16 to 24,54,1,53
S01007530,25 to 34,49,0,49
S01007530,35 to 49,101,0,101
S01007530,50 to 64,121,1,120
S01007530,65 and over,121,2,119
S01007531,All people aged 3 and over,677,9,668
S01007531,3 to 15,96,1,95
S01007531,16 to 24,51,0,51
S01007531,25 to 34,63,2,61
S01007531,35 to 49,135,2,133
S01007531,50 to 64,182,0,182
S01007531,65 and over,150,4,146
S01007532,All people aged 3 and over,584,4,580
S01007532,3 to 15,104,0,104
S01007532,16 to 24,55,0,55
S01007532,25 to 34,52,1,51
S01007532,35 to 49,125,2,123
S01007532,50 to 64,141,0,141
S01007532,65 and over,107,1,106
S01007533,All people aged 3 and over,533,0,533
S01007533,3 to 15,62,0,62
S01007533,16 to 24,55,0,55
S01007533,25 to 34,43,0,43
S01007533,35 to 49,122,0,122
S01007533,50 to 64,129,0,129
S01007533,65 and over,122,0,122
S01007534,All people aged 3 and over,914,5,909
S01007534,3 to 15,124,0,124
S01007534,16 to 24,94,0,94
S01007534,25 to 34,69,0,69
S01007534,35 to 49,177,1,176
S01007534,50 to 64,217,1,216
S01007534,65 and over,233,3,230
S01007535,All people aged 3 and over,1037,10,1027
S01007535,3 to 15,175,0,175
S01007535,16 to 24,101,1,100
S01007535,25 to 34,95,1,94
S01007535,35 to 49,198,2,196
S01007535,50 to 64,212,2,210
S01007535,65 and over,256,4,252
S01007536,All people aged 3 and over,907,4,903
S01007536,3 to 15,124,0,124
S01007536,16 to 24,104,0,104
S01007536,25 to 34,107,0,107
S01007536,35 to 49,179,3,176
S01007536,50 to 64,186,1,185
S01007536,65 and over,207,0,207
S01007537,All people aged 3 and over,1020,10,1010
S01007537,3 to 15,114,0,114
S01007537,16 to 24,79,0,79
S01007537,25 to 34,100,0,100
S01007537,35 to 49,194,2,192
S01007537,50 to 64,197,3,194
S01007537,65 and over,336,5,331
S01007538,All people aged 3 and over,909,5,904
S01007538,3 to 15,149,0,149
S01007538,16 to 24,73,0,73
S01007538,25 to 34,69,0,69
S01007538,35 to 49,214,2,212
S01007538,50 to 64,202,1,201
S01007538,65 and over,202,2,200
S01007539,All people aged 3 and over,652,1,651
S01007539,3 to 15,68,0,68
S01007539,16 to 24,27,0,27
S01007539,25 to 34,48,0,48
S01007539,35 to 49,110,0,110
S01007539,50 to 64,161,0,161
S01007539,65 and over,238,1,237
S01007540,All people aged 3 and over,820,6,814
S01007540,3 to 15,98,1,97
S01007540,16 to 24,63,0,63
S01007540,25 to 34,70,0,70
S01007540,35 to 49,154,0,154
S01007540,50 to 64,207,3,204
S01007540,65 and over,228,2,226
S01007541,All people aged 3 and over,762,5,757
S01007541,3 to 15,90,0,90
S01007541,16 to 24,55,0,55
S01007541,25 to 34,39,0,39
S01007541,35 to 49,145,2,143
S01007541,50 to 64,185,2,183
S01007541,65 and over,248,1,247
S01007542,All people aged 3 and over,843,5,838
S01007542,3 to 15,131,0,131
S01007542,16 to 24,91,0,91
S01007542,25 to 34,108,0,108
S01007542,35 to 49,165,1,164
S01007542,50 to 64,190,3,187
S01007542,65 and over,158,1,157
S01007543,All people aged 3 and over,1030,11,1019
S01007543,3 to 15,161,0,161
S01007543,16 to 24,110,1,109
S01007543,25 to 34,121,1,120
S01007543,35 to 49,233,2,231
S01007543,50 to 64,239,3,236
S01007543,65 and over,166,4,162
S01007544,All people aged 3 and over,1037,5,1032
S01007544,3 to 15,107,0,107
S01007544,16 to 24,61,0,61
S01007544,25 to 34,41,0,41
S01007544,35 to 49,164,1,163
S01007544,50 to 64,266,1,265
S01007544,65 and over,398,3,395
S01007545,All people aged 3 and over,790,10,780
S01007545,3 to 15,108,0,108
S01007545,16 to 24,54,0,54
S01007545,25 to 34,58,2,56
S01007545,35 to 49,164,0,164
S01007545,50 to 64,217,4,213
S01007545,65 and over,189,4,185
S01007546,All people aged 3 and over,543,3,540
S01007546,3 to 15,85,0,85
S01007546,16 to 24,37,0,37
S01007546,25 to 34,54,1,53
S01007546,35 to 49,131,2,129
S01007546,50 to 64,125,0,125
S01007546,65 and over,111,0,111
S01007547,All people aged 3 and over,532,6,526
S01007547,3 to 15,73,0,73
S01007547,16 to 24,49,0,49
S01007547,25 to 34,42,0,42
S01007547,35 to 49,126,2,124
S01007547,50 to 64,132,3,129
S01007547,65 and over,110,1,109
S01007548,All people aged 3 and over,688,6,682
S01007548,3 to 15,110,0,110
S01007548,16 to 24,70,0,70
S01007548,25 to 34,58,2,56
S01007548,35 to 49,135,3,132
S01007548,50 to 64,175,0,175
S01007548,65 and over,140,1,139
S01007549,All people aged 3 and over,606,5,601
S01007549,3 to 15,87,0,87
S01007549,16 to 24,29,0,29
S01007549,25 to 34,41,1,40
S01007549,35 to 49,108,1,107
S01007549,50 to 64,175,2,173
S01007549,65 and over,166,1,165
S01007550,All people aged 3 and over,901,10,891
S01007550,3 to 15,112,1,111
S01007550,16 to 24,56,2,54
S01007550,25 to 34,64,1,63
S01007550,35 to 49,149,0,149
S01007550,50 to 64,242,4,238
S01007550,65 and over,278,2,276
S01007551,All people aged 3 and over,849,3,846
S01007551,3 to 15,83,0,83
S01007551,16 to 24,70,1,69
S01007551,25 to 34,57,0,57
S01007551,35 to 49,185,1,184
S01007551,50 to 64,247,1,246
S01007551,65 and over,207,0,207
S01007552,All people aged 3 and over,882,3,879
S01007552,3 to 15,145,0,145
S01007552,16 to 24,116,0,116
S01007552,25 to 34,112,0,112
S01007552,35 to 49,187,1,186
S01007552,50 to 64,191,1,190
S01007552,65 and over,131,1,130
S01007553,All people aged 3 and over,851,4,847
S01007553,3 to 15,142,1,141
S01007553,16 to 24,105,0,105
S01007553,25 to 34,79,1,78
S01007553,35 to 49,168,1,167
S01007553,50 to 64,191,1,190
S01007553,65 and over,166,0,166
S01007554,All people aged 3 and over,416,3,413
S01007554,3 to 15,45,0,45
S01007554,16 to 24,53,0,53
S01007554,25 to 34,43,0,43
S01007554,35 to 49,77,2,75
S01007554,50 to 64,95,0,95
S01007554,65 and over,103,1,102
S01007555,All people aged 3 and over,503,1,502
S01007555,3 to 15,57,0,57
S01007555,16 to 24,42,0,42
S01007555,25 to 34,32,0,32
S01007555,35 to 49,113,0,113
S01007555,50 to 64,130,1,129
S01007555,65 and over,129,0,129
S01007556,All people aged 3 and over,499,1,498
S01007556,3 to 15,60,0,60
S01007556,16 to 24,56,0,56
S01007556,25 to 34,35,0,35
S01007556,35 to 49,93,0,93
S01007556,50 to 64,107,0,107
S01007556,65 and over,148,1,147
S01007557,All people aged 3 and over,1096,3,1093
S01007557,3 to 15,197,1,196
S01007557,16 to 24,125,0,125
S01007557,25 to 34,103,0,103
S01007557,35 to 49,241,0,241
S01007557,50 to 64,207,2,205
S01007557,65 and over,223,0,223
S01007558,All people aged 3 and over,416,1,415
S01007558,3 to 15,50,0,50
S01007558,16 to 24,32,0,32
S01007558,25 to 34,24,0,24
S01007558,35 to 49,97,1,96
S01007558,50 to 64,117,0,117
S01007558,65 and over,96,0,96
S01007559,All people aged 3 and over,714,2,712
S01007559,3 to 15,123,0,123
S01007559,16 to 24,72,0,72
S01007559,25 to 34,48,0,48
S01007559,35 to 49,181,0,181
S01007559,50 to 64,172,0,172
S01007559,65 and over,118,2,116
S01007560,All people aged 3 and over,937,10,927
S01007560,3 to 15,141,1,140
S01007560,16 to 24,67,2,65
S01007560,25 to 34,68,1,67
S01007560,35 to 49,167,3,164
S01007560,50 to 64,224,2,222
S01007560,65 and over,270,1,269
S01007561,All people aged 3 and over,702,2,700
S01007561,3 to 15,62,0,62
S01007561,16 to 24,61,0,61
S01007561,25 to 34,38,0,38
S01007561,35 to 49,136,1,135
S01007561,50 to 64,146,0,146
S01007561,65 and over,259,1,258
S01007562,All people aged 3 and over,836,5,831
S01007562,3 to 15,148,0,148
S01007562,16 to 24,77,0,77
S01007562,25 to 34,66,1,65
S01007562,35 to 49,208,3,205
S01007562,50 to 64,176,1,175
S01007562,65 and over,161,0,161
S01007563,All people aged 3 and over,870,7,863
S01007563,3 to 15,141,0,141
S01007563,16 to 24,68,0,68
S01007563,25 to 34,58,1,57
S01007563,35 to 49,181,1,180
S01007563,50 to 64,224,2,222
S01007563,65 and over,198,3,195
S01007564,All people aged 3 and over,752,1,751
S01007564,3 to 15,100,0,100
S01007564,16 to 24,74,0,74
S01007564,25 to 34,51,0,51
S01007564,35 to 49,147,1,146
S01007564,50 to 64,212,0,212
S01007564,65 and over,168,0,168
S01007565,All people aged 3 and over,932,2,930
S01007565,3 to 15,138,0,138
S01007565,16 to 24,98,0,98
S01007565,25 to 34,84,0,84
S01007565,35 to 49,207,1,206
S01007565,50 to 64,234,0,234
S01007565,65 and over,171,1,170
S01007566,All people aged 3 and over,715,4,711
S01007566,3 to 15,112,0,112
S01007566,16 to 24,100,0,100
S01007566,25 to 34,53,1,52
S01007566,35 to 49,159,1,158
S01007566,50 to 64,166,1,165
S01007566,65 and over,125,1,124
S01007567,All people aged 3 and over,574,5,569
S01007567,3 to 15,91,0,91
S01007567,16 to 24,56,0,56
S01007567,25 to 34,43,1,42
S01007567,35 to 49,147,0,147
S01007567,50 to 64,149,2,147
S01007567,65 and over,88,2,86
S01007568,All people aged 3 and over,639,4,635
S01007568,3 to 15,89,0,89
S01007568,16 to 24,42,0,42
S01007568,25 to 34,67,1,66
S01007568,35 to 49,119,0,119
S01007568,50 to 64,198,2,196
S01007568,65 and over,124,1,123
S01007569,All people aged 3 and over,801,8,793
S01007569,3 to 15,103,2,101
S01007569,16 to 24,70,0,70
S01007569,25 to 34,54,0,54
S01007569,35 to 49,177,2,175
S01007569,50 to 64,190,2,188
S01007569,65 and over,207,2,205
S01007570,All people aged 3 and over,662,0,662
S01007570,3 to 15,95,0,95
S01007570,16 to 24,62,0,62
S01007570,25 to 34,63,0,63
S01007570,35 to 49,135,0,135
S01007570,50 to 64,179,0,179
S01007570,65 and over,128,0,128
S01007571,All people aged 3 and over,527,4,523
S01007571,3 to 15,62,0,62
S01007571,16 to 24,44,0,44
S01007571,25 to 34,43,0,43
S01007571,35 to 49,116,1,115
S01007571,50 to 64,146,2,144
S01007571,65 and over,116,1,115
S01007572,All people aged 3 and over,935,3,932
S01007572,3 to 15,147,0,147
S01007572,16 to 24,93,1,92
S01007572,25 to 34,75,0,75
S01007572,35 to 49,197,1,196
S01007572,50 to 64,180,1,179
S01007572,65 and over,243,0,243
S01007573,All people aged 3 and over,829,2,827
S01007573,3 to 15,183,0,183
S01007573,16 to 24,81,1,80
S01007573,25 to 34,168,0,168
S01007573,35 to 49,265,0,265
S01007573,50 to 64,82,0,82
S01007573,65 and over,50,1,49
S01007574,All people aged 3 and over,979,5,974
S01007574,3 to 15,159,2,157
S01007574,16 to 24,131,0,131
S01007574,25 to 34,117,1,116
S01007574,35 to 49,210,1,209
S01007574,50 to 64,177,1,176
S01007574,65 and over,185,0,185
S01007575,All people aged 3 and over,825,3,822
S01007575,3 to 15,121,0,121
S01007575,16 to 24,79,0,79
S01007575,25 to 34,108,0,108
S01007575,35 to 49,157,0,157
S01007575,50 to 64,165,2,163
S01007575,65 and over,195,1,194
S01007576,All people aged 3 and over,675,1,674
S01007576,3 to 15,133,0,133
S01007576,16 to 24,104,0,104
S01007576,25 to 34,99,1,98
S01007576,35 to 49,140,0,140
S01007576,50 to 64,107,0,107
S01007576,65 and over,92,0,92
S01007577,All people aged 3 and over,653,3,650
S01007577,3 to 15,126,0,126
S01007577,16 to 24,111,0,111
S01007577,25 to 34,83,0,83
S01007577,35 to 49,128,1,127
S01007577,50 to 64,121,0,121
S01007577,65 and over,84,2,82
S01007578,All people aged 3 and over,653,2,651
S01007578,3 to 15,113,0,113
S01007578,16 to 24,87,0,87
S01007578,25 to 34,84,0,84
S01007578,35 to 49,134,1,133
S01007578,50 to 64,131,0,131
S01007578,65 and over,104,1,103
S01007579,All people aged 3 and over,633,11,622
S01007579,3 to 15,138,1,137
S01007579,16 to 24,88,3,85
S01007579,25 to 34,83,0,83
S01007579,35 to 49,167,1,166
S01007579,50 to 64,81,6,75
S01007579,65 and over,76,0,76
S01007580,All people aged 3 and over,811,12,799
S01007580,3 to 15,173,1,172
S01007580,16 to 24,131,2,129
S01007580,25 to 34,97,1,96
S01007580,35 to 49,180,5,175
S01007580,50 to 64,114,1,113
S01007580,65 and over,116,2,114
S01007581,All people aged 3 and over,490,4,486
S01007581,3 to 15,98,0,98
S01007581,16 to 24,63,2,61
S01007581,25 to 34,64,1,63
S01007581,35 to 49,104,0,104
S01007581,50 to 64,98,1,97
S01007581,65 and over,63,0,63
S01007582,All people aged 3 and over,633,3,630
S01007582,3 to 15,100,0,100
S01007582,16 to 24,94,0,94
S01007582,25 to 34,74,0,74
S01007582,35 to 49,142,2,140
S01007582,50 to 64,121,1,120
S01007582,65 and over,102,0,102
S01007583,All people aged 3 and over,1018,4,1014
S01007583,3 to 15,185,0,185
S01007583,16 to 24,126,0,126
S01007583,25 to 34,157,1,156
S01007583,35 to 49,215,0,215
S01007583,50 to 64,189,2,187
S01007583,65 and over,146,1,145
S01007584,All people aged 3 and over,595,2,593
S01007584,3 to 15,102,0,102
S01007584,16 to 24,70,0,70
S01007584,25 to 34,66,1,65
S01007584,35 to 49,153,0,153
S01007584,50 to 64,110,1,109
S01007584,65 and over,94,0,94
S01007585,All people aged 3 and over,883,7,876
S01007585,3 to 15,72,0,72
S01007585,16 to 24,86,0,86
S01007585,25 to 34,61,0,61
S01007585,35 to 49,155,0,155
S01007585,50 to 64,211,3,208
S01007585,65 and over,298,4,294
S01007586,All people aged 3 and over,809,6,803
S01007586,3 to 15,139,0,139
S01007586,16 to 24,119,2,117
S01007586,25 to 34,83,2,81
S01007586,35 to 49,183,1,182
S01007586,50 to 64,160,0,160
S01007586,65 and over,125,1,124
S01007587,All people aged 3 and over,802,11,791
S01007587,3 to 15,70,0,70
S01007587,16 to 24,86,1,85
S01007587,25 to 34,102,0,102
S01007587,35 to 49,169,5,164
S01007587,50 to 64,189,3,186
S01007587,65 and over,186,2,184
S01007588,All people aged 3 and over,825,5,820
S01007588,3 to 15,114,0,114
S01007588,16 to 24,87,0,87
S01007588,25 to 34,41,0,41
S01007588,35 to 49,181,1,180
S01007588,50 to 64,198,3,195
S01007588,65 and over,204,1,203
S01007589,All people aged 3 and over,736,1,735
S01007589,3 to 15,57,0,57
S01007589,16 to 24,121,0,121
S01007589,25 to 34,102,0,102
S01007589,35 to 49,154,0,154
S01007589,50 to 64,167,0,167
S01007589,65 and over,135,1,134
S01007590,All people aged 3 and over,646,3,643
S01007590,3 to 15,107,0,107
S01007590,16 to 24,46,1,45
S01007590,25 to 34,36,0,36
S01007590,35 to 49,136,0,136
S01007590,50 to 64,141,2,139
S01007590,65 and over,180,0,180
S01007591,All people aged 3 and over,563,4,559
S01007591,3 to 15,73,0,73
S01007591,16 to 24,73,2,71
S01007591,25 to 34,68,1,67
S01007591,35 to 49,121,1,120
S01007591,50 to 64,142,0,142
S01007591,65 and over,86,0,86
S01007592,All people aged 3 and over,671,9,662
S01007592,3 to 15,91,0,91
S01007592,16 to 24,85,0,85
S01007592,25 to 34,110,2,108
S01007592,35 to 49,147,4,143
S01007592,50 to 64,126,2,124
S01007592,65 and over,112,1,111
S01007593,All people aged 3 and over,1070,7,1063
S01007593,3 to 15,148,0,148
S01007593,16 to 24,95,0,95
S01007593,25 to 34,104,2,102
S01007593,35 to 49,216,1,215
S01007593,50 to 64,215,2,213
S01007593,65 and over,292,2,290
S01007594,All people aged 3 and over,824,5,819
S01007594,3 to 15,112,0,112
S01007594,16 to 24,72,0,72
S01007594,25 to 34,81,1,80
S01007594,35 to 49,157,1,156
S01007594,50 to 64,217,1,216
S01007594,65 and over,185,2,183
S01007595,All people aged 3 and over,1030,6,1024
S01007595,3 to 15,129,0,129
S01007595,16 to 24,98,0,98
S01007595,25 to 34,92,0,92
S01007595,35 to 49,229,1,228
S01007595,50 to 64,268,2,266
S01007595,65 and over,214,3,211
S01007596,All people aged 3 and over,545,0,545
S01007596,3 to 15,62,0,62
S01007596,16 to 24,38,0,38
S01007596,25 to 34,36,0,36
S01007596,35 to 49,108,0,108
S01007596,50 to 64,145,0,145
S01007596,65 and over,156,0,156
S01007597,All people aged 3 and over,633,3,630
S01007597,3 to 15,104,0,104
S01007597,16 to 24,69,0,69
S01007597,25 to 34,53,0,53
S01007597,35 to 49,139,0,139
S01007597,50 to 64,157,3,154
S01007597,65 and over,111,0,111
S01007598,All people aged 3 and over,624,7,617
S01007598,3 to 15,73,0,73
S01007598,16 to 24,73,0,73
S01007598,25 to 34,47,2,45
S01007598,35 to 49,125,1,124
S01007598,50 to 64,168,3,165
S01007598,65 and over,138,1,137
S01007599,All people aged 3 and over,807,5,802
S01007599,3 to 15,110,0,110
S01007599,16 to 24,89,1,88
S01007599,25 to 34,110,0,110
S01007599,35 to 49,181,1,180
S01007599,50 to 64,192,2,190
S01007599,65 and over,125,1,124
S01007600,All people aged 3 and over,1099,11,1088
S01007600,3 to 15,147,1,146
S01007600,16 to 24,114,2,112
S01007600,25 to 34,89,1,88
S01007600,35 to 49,244,2,242
S01007600,50 to 64,233,1,232
S01007600,65 and over,272,4,268
S01007601,All people aged 3 and over,603,4,599
S01007601,3 to 15,77,0,77
S01007601,16 to 24,75,1,74
S01007601,25 to 34,124,0,124
S01007601,35 to 49,145,1,144
S01007601,50 to 64,127,1,126
S01007601,65 and over,55,1,54
S01007602,All people aged 3 and over,624,1,623
S01007602,3 to 15,96,0,96
S01007602,16 to 24,62,0,62
S01007602,25 to 34,84,1,83
S01007602,35 to 49,118,0,118
S01007602,50 to 64,202,0,202
S01007602,65 and over,62,0,62
S01007603,All people aged 3 and over,760,2,758
S01007603,3 to 15,114,0,114
S01007603,16 to 24,88,0,88
S01007603,25 to 34,88,0,88
S01007603,35 to 49,175,1,174
S01007603,50 to 64,217,1,216
S01007603,65 and over,78,0,78
S01007604,All people aged 3 and over,879,4,875
S01007604,3 to 15,119,1,118
S01007604,16 to 24,78,1,77
S01007604,25 to 34,72,0,72
S01007604,35 to 49,179,1,178
S01007604,50 to 64,238,0,238
S01007604,65 and over,193,1,192
S01007605,All people aged 3 and over,809,5,804
S01007605,3 to 15,96,2,94
S01007605,16 to 24,81,0,81
S01007605,25 to 34,85,0,85
S01007605,35 to 49,182,2,180
S01007605,50 to 64,181,1,180
S01007605,65 and over,184,0,184
S01007606,All people aged 3 and over,594,7,587
S01007606,3 to 15,72,0,72
S01007606,16 to 24,56,2,54
S01007606,25 to 34,73,1,72
S01007606,35 to 49,129,1,128
S01007606,50 to 64,143,3,140
S01007606,65 and over,121,0,121
S01007607,All people aged 3 and over,685,2,683
S01007607,3 to 15,95,0,95
S01007607,16 to 24,67,0,67
S01007607,25 to 34,64,0,64
S01007607,35 to 49,160,0,160
S01007607,50 to 64,162,2,160
S01007607,65 and over,137,0,137
S01007608,All people aged 3 and over,728,0,728
S01007608,3 to 15,88,0,88
S01007608,16 to 24,88,0,88
S01007608,25 to 34,67,0,67
S01007608,35 to 49,152,0,152
S01007608,50 to 64,180,0,180
S01007608,65 and over,153,0,153
S01007609,All people aged 3 and over,879,2,877
S01007609,3 to 15,141,0,141
S01007609,16 to 24,95,0,95
S01007609,25 to 34,120,0,120
S01007609,35 to 49,195,1,194
S01007609,50 to 64,187,1,186
S01007609,65 and over,141,0,141
S01007610,All people aged 3 and over,502,4,498
S01007610,3 to 15,52,0,52
S01007610,16 to 24,58,1,57
S01007610,25 to 34,57,0,57
S01007610,35 to 49,99,1,98
S01007610,50 to 64,91,1,90
S01007610,65 and over,145,1,144
S01007611,All people aged 3 and over,882,8,874
S01007611,3 to 15,87,0,87
S01007611,16 to 24,115,4,111
S01007611,25 to 34,116,0,116
S01007611,35 to 49,174,2,172
S01007611,50 to 64,170,0,170
S01007611,65 and over,220,2,218
S01007612,All people aged 3 and over,1019,14,1005
S01007612,3 to 15,81,1,80
S01007612,16 to 24,192,7,185
S01007612,25 to 34,174,2,172
S01007612,35 to 49,244,3,241
S01007612,50 to 64,175,0,175
S01007612,65 and over,153,1,152
S01007613,All people aged 3 and over,752,7,745
S01007613,3 to 15,90,1,89
S01007613,16 to 24,117,0,117
S01007613,25 to 34,65,1,64
S01007613,35 to 49,171,1,170
S01007613,50 to 64,173,1,172
S01007613,65 and over,136,3,133
S01007614,All people aged 3 and over,823,2,821
S01007614,3 to 15,128,0,128
S01007614,16 to 24,64,0,64
S01007614,25 to 34,48,0,48
S01007614,35 to 49,229,1,228
S01007614,50 to 64,171,0,171
S01007614,65 and over,183,1,182
S01007615,All people aged 3 and over,1046,11,1035
S01007615,3 to 15,165,0,165
S01007615,16 to 24,95,3,92
S01007615,25 to 34,132,2,130
S01007615,35 to 49,241,1,240
S01007615,50 to 64,207,3,204
S01007615,65 and over,206,2,204
S01007616,All people aged 3 and over,712,12,700
S01007616,3 to 15,102,0,102
S01007616,16 to 24,81,3,78
S01007616,25 to 34,109,1,108
S01007616,35 to 49,161,2,159
S01007616,50 to 64,125,1,124
S01007616,65 and over,134,5,129
S01007617,All people aged 3 and over,510,3,507
S01007617,3 to 15,69,0,69
S01007617,16 to 24,53,0,53
S01007617,25 to 34,69,1,68
S01007617,35 to 49,109,0,109
S01007617,50 to 64,97,0,97
S01007617,65 and over,113,2,111
S01007618,All people aged 3 and over,617,2,615
S01007618,3 to 15,100,0,100
S01007618,16 to 24,66,0,66
S01007618,25 to 34,57,0,57
S01007618,35 to 49,122,1,121
S01007618,50 to 64,96,1,95
S01007618,65 and over,176,0,176
S01007619,All people aged 3 and over,605,1,604
S01007619,3 to 15,87,0,87
S01007619,16 to 24,75,0,75
S01007619,25 to 34,62,0,62
S01007619,35 to 49,120,1,119
S01007619,50 to 64,143,0,143
S01007619,65 and over,118,0,118
S01007620,All people aged 3 and over,564,2,562
S01007620,3 to 15,57,0,57
S01007620,16 to 24,49,0,49
S01007620,25 to 34,68,0,68
S01007620,35 to 49,116,0,116
S01007620,50 to 64,129,2,127
S01007620,65 and over,145,0,145
S01007621,All people aged 3 and over,632,3,629
S01007621,3 to 15,74,0,74
S01007621,16 to 24,56,0,56
S01007621,25 to 34,75,0,75
S01007621,35 to 49,118,0,118
S01007621,50 to 64,143,3,140
S01007621,65 and over,166,0,166
S01007622,All people aged 3 and over,564,2,562
S01007622,3 to 15,93,0,93
S01007622,16 to 24,50,0,50
S01007622,25 to 34,64,0,64
S01007622,35 to 49,118,2,116
S01007622,50 to 64,110,0,110
S01007622,65 and over,129,0,129
S01007623,All people aged 3 and over,593,3,590
S01007623,3 to 15,83,0,83
S01007623,16 to 24,68,0,68
S01007623,25 to 34,36,0,36
S01007623,35 to 49,152,1,151
S01007623,50 to 64,130,1,129
S01007623,65 and over,124,1,123
S01007624,All people aged 3 and over,641,5,636
S01007624,3 to 15,102,0,102
S01007624,16 to 24,75,1,74
S01007624,25 to 34,84,1,83
S01007624,35 to 49,165,2,163
S01007624,50 to 64,135,0,135
S01007624,65 and over,80,1,79
S01007625,All people aged 3 and over,487,1,486
S01007625,3 to 15,56,0,56
S01007625,16 to 24,61,0,61
S01007625,25 to 34,44,0,44
S01007625,35 to 49,111,1,110
S01007625,50 to 64,120,0,120
S01007625,65 and over,95,0,95
S01007626,All people aged 3 and over,619,2,617
S01007626,3 to 15,118,0,118
S01007626,16 to 24,64,0,64
S01007626,25 to 34,92,1,91
S01007626,35 to 49,198,1,197
S01007626,50 to 64,88,0,88
S01007626,65 and over,59,0,59
S01007627,All people aged 3 and over,523,4,519
S01007627,3 to 15,78,1,77
S01007627,16 to 24,53,0,53
S01007627,25 to 34,89,0,89
S01007627,35 to 49,135,0,135
S01007627,50 to 64,66,1,65
S01007627,65 and over,102,2,100
S01007628,All people aged 3 and over,704,5,699
S01007628,3 to 15,99,1,98
S01007628,16 to 24,58,0,58
S01007628,25 to 34,41,1,40
S01007628,35 to 49,150,1,149
S01007628,50 to 64,161,2,159
S01007628,65 and over,195,0,195
S01007629,All people aged 3 and over,676,1,675
S01007629,3 to 15,98,0,98
S01007629,16 to 24,67,0,67
S01007629,25 to 34,52,0,52
S01007629,35 to 49,179,1,178
S01007629,50 to 64,128,0,128
S01007629,65 and over,152,0,152
S01007630,All people aged 3 and over,796,7,789
S01007630,3 to 15,100,0,100
S01007630,16 to 24,81,0,81
S01007630,25 to 34,56,0,56
S01007630,35 to 49,199,1,198
S01007630,50 to 64,216,4,212
S01007630,65 and over,144,2,142
S01007631,All people aged 3 and over,617,5,612
S01007631,3 to 15,99,1,98
S01007631,16 to 24,37,0,37
S01007631,25 to 34,41,0,41
S01007631,35 to 49,124,0,124
S01007631,50 to 64,181,3,178
S01007631,65 and over,135,1,134
S01007632,All people aged 3 and over,934,4,930
S01007632,3 to 15,131,0,131
S01007632,16 to 24,92,0,92
S01007632,25 to 34,98,0,98
S01007632,35 to 49,211,2,209
S01007632,50 to 64,198,1,197
S01007632,65 and over,204,1,203
S01007633,All people aged 3 and over,951,11,940
S01007633,3 to 15,129,1,128
S01007633,16 to 24,94,1,93
S01007633,25 to 34,79,0,79
S01007633,35 to 49,185,2,183
S01007633,50 to 64,243,5,238
S01007633,65 and over,221,2,219
S01007634,All people aged 3 and over,560,3,557
S01007634,3 to 15,75,0,75
S01007634,16 to 24,59,0,59
S01007634,25 to 34,37,0,37
S01007634,35 to 49,130,2,128
S01007634,50 to 64,142,1,141
S01007634,65 and over,117,0,117
S01007635,All people aged 3 and over,702,3,699
S01007635,3 to 15,53,0,53
S01007635,16 to 24,54,0,54
S01007635,25 to 34,48,1,47
S01007635,35 to 49,96,1,95
S01007635,50 to 64,165,0,165
S01007635,65 and over,286,1,285
S01007636,All people aged 3 and over,834,5,829
S01007636,3 to 15,91,0,91
S01007636,16 to 24,88,1,87
S01007636,25 to 34,82,1,81
S01007636,35 to 49,144,0,144
S01007636,50 to 64,171,0,171
S01007636,65 and over,258,3,255
S01007637,All people aged 3 and over,824,10,814
S01007637,3 to 15,121,2,119
S01007637,16 to 24,70,1,69
S01007637,25 to 34,95,3,92
S01007637,35 to 49,158,1,157
S01007637,50 to 64,193,3,190
S01007637,65 and over,187,0,187
S01007638,All people aged 3 and over,742,4,738
S01007638,3 to 15,89,0,89
S01007638,16 to 24,78,0,78
S01007638,25 to 34,98,3,95
S01007638,35 to 49,153,0,153
S01007638,50 to 64,152,1,151
S01007638,65 and over,172,0,172
S01007639,All people aged 3 and over,1043,3,1040
S01007639,3 to 15,197,0,197
S01007639,16 to 24,111,0,111
S01007639,25 to 34,133,0,133
S01007639,35 to 49,253,2,251
S01007639,50 to 64,192,0,192
S01007639,65 and over,157,1,156
S01007640,All people aged 3 and over,701,4,697
S01007640,3 to 15,101,0,101
S01007640,16 to 24,65,0,65
S01007640,25 to 34,76,0,76
S01007640,35 to 49,155,0,155
S01007640,50 to 64,179,1,178
S01007640,65 and over,125,3,122
S01007641,All people aged 3 and over,818,2,816
S01007641,3 to 15,139,0,139
S01007641,16 to 24,65,0,65
S01007641,25 to 34,88,1,87
S01007641,35 to 49,167,0,167
S01007641,50 to 64,190,1,189
S01007641,65 and over,169,0,169
S01007642,All people aged 3 and over,816,4,812
S01007642,3 to 15,98,0,98
S01007642,16 to 24,61,0,61
S01007642,25 to 34,55,1,54
S01007642,35 to 49,156,2,154
S01007642,50 to 64,195,0,195
S01007642,65 and over,251,1,250
S01007643,All people aged 3 and over,877,10,867
S01007643,3 to 15,116,0,116
S01007643,16 to 24,91,0,91
S01007643,25 to 34,69,2,67
S01007643,35 to 49,176,1,175
S01007643,50 to 64,208,2,206
S01007643,65 and over,217,5,212
S01007644,All people aged 3 and over,831,6,825
S01007644,3 to 15,133,0,133
S01007644,16 to 24,71,0,71
S01007644,25 to 34,56,0,56
S01007644,35 to 49,151,0,151
S01007644,50 to 64,197,2,195
S01007644,65 and over,223,4,219
S01007645,All people aged 3 and over,508,4,504
S01007645,3 to 15,59,0,59
S01007645,16 to 24,51,0,51
S01007645,25 to 34,31,1,30
S01007645,35 to 49,107,0,107
S01007645,50 to 64,147,3,144
S01007645,65 and over,113,0,113
S01007646,All people aged 3 and over,616,6,610
S01007646,3 to 15,82,0,82
S01007646,16 to 24,54,0,54
S01007646,25 to 34,60,0,60
S01007646,35 to 49,127,0,127
S01007646,50 to 64,175,4,171
S01007646,65 and over,118,2,116
S01007647,All people aged 3 and over,699,3,696
S01007647,3 to 15,79,0,79
S01007647,16 to 24,63,0,63
S01007647,25 to 34,54,2,52
S01007647,35 to 49,151,0,151
S01007647,50 to 64,163,0,163
S01007647,65 and over,189,1,188
S01007648,All people aged 3 and over,851,2,849
S01007648,3 to 15,108,0,108
S01007648,16 to 24,64,0,64
S01007648,25 to 34,88,0,88
S01007648,35 to 49,182,1,181
S01007648,50 to 64,191,1,190
S01007648,65 and over,218,0,218
S01007649,All people aged 3 and over,729,5,724
S01007649,3 to 15,109,0,109
S01007649,16 to 24,61,0,61
S01007649,25 to 34,63,1,62
S01007649,35 to 49,162,1,161
S01007649,50 to 64,173,2,171
S01007649,65 and over,161,1,160
S01007650,All people aged 3 and over,936,7,929
S01007650,3 to 15,109,0,109
S01007650,16 to 24,84,0,84
S01007650,25 to 34,63,0,63
S01007650,35 to 49,189,4,185
S01007650,50 to 64,258,3,255
S01007650,65 and over,233,0,233
S01007651,All people aged 3 and over,576,4,572
S01007651,3 to 15,101,1,100
S01007651,16 to 24,62,1,61
S01007651,25 to 34,46,0,46
S01007651,35 to 49,130,0,130
S01007651,50 to 64,127,2,125
S01007651,65 and over,110,0,110
S01007652,All people aged 3 and over,590,2,588
S01007652,3 to 15,87,0,87
S01007652,16 to 24,52,0,52
S01007652,25 to 34,49,0,49
S01007652,35 to 49,115,0,115
S01007652,50 to 64,127,1,126
S01007652,65 and over,160,1,159
S01007653,All people aged 3 and over,863,5,858
S01007653,3 to 15,105,0,105
S01007653,16 to 24,92,1,91
S01007653,25 to 34,74,1,73
S01007653,35 to 49,187,1,186
S01007653,50 to 64,229,2,227
S01007653,65 and over,176,0,176
S01007654,All people aged 3 and over,1062,6,1056
S01007654,3 to 15,155,0,155
S01007654,16 to 24,113,0,113
S01007654,25 to 34,91,3,88
S01007654,35 to 49,228,1,227
S01007654,50 to 64,227,0,227
S01007654,65 and over,248,2,246
S01007655,All people aged 3 and over,761,0,761
S01007655,3 to 15,98,0,98
S01007655,16 to 24,44,0,44
S01007655,25 to 34,60,0,60
S01007655,35 to 49,166,0,166
S01007655,50 to 64,224,0,224
S01007655,65 and over,169,0,169
S01007656,All people aged 3 and over,825,4,821
S01007656,3 to 15,109,0,109
S01007656,16 to 24,84,1,83
S01007656,25 to 34,63,0,63
S01007656,35 to 49,185,1,184
S01007656,50 to 64,209,2,207
S01007656,65 and over,175,0,175
S01007657,All people aged 3 and over,421,0,421
S01007657,3 to 15,61,0,61
S01007657,16 to 24,43,0,43
S01007657,25 to 34,38,0,38
S01007657,35 to 49,91,0,91
S01007657,50 to 64,122,0,122
S01007657,65 and over,66,0,66
S01007658,All people aged 3 and over,497,3,494
S01007658,3 to 15,68,0,68
S01007658,16 to 24,48,1,47
S01007658,25 to 34,32,0,32
S01007658,35 to 49,106,0,106
S01007658,50 to 64,121,0,121
S01007658,65 and over,122,2,120
S01007659,All people aged 3 and over,794,0,794
S01007659,3 to 15,127,0,127
S01007659,16 to 24,61,0,61
S01007659,25 to 34,69,0,69
S01007659,35 to 49,179,0,179
S01007659,50 to 64,164,0,164
S01007659,65 and over,194,0,194
S01007660,All people aged 3 and over,799,7,792
S01007660,3 to 15,119,0,119
S01007660,16 to 24,90,0,90
S01007660,25 to 34,132,1,131
S01007660,35 to 49,163,2,161
S01007660,50 to 64,191,2,189
S01007660,65 and over,104,2,102
S01007661,All people aged 3 and over,642,5,637
S01007661,3 to 15,78,0,78
S01007661,16 to 24,70,1,69
S01007661,25 to 34,58,0,58
S01007661,35 to 49,156,2,154
S01007661,50 to 64,131,0,131
S01007661,65 and over,149,2,147
S01007662,All people aged 3 and over,874,6,868
S01007662,3 to 15,99,0,99
S01007662,16 to 24,85,0,85
S01007662,25 to 34,75,0,75
S01007662,35 to 49,185,1,184
S01007662,50 to 64,175,4,171
S01007662,65 and over,255,1,254
S01007663,All people aged 3 and over,812,2,810
S01007663,3 to 15,87,0,87
S01007663,16 to 24,88,0,88
S01007663,25 to 34,58,0,58
S01007663,35 to 49,168,1,167
S01007663,50 to 64,197,1,196
S01007663,65 and over,214,0,214
S01007664,All people aged 3 and over,552,5,547
S01007664,3 to 15,67,1,66
S01007664,16 to 24,55,0,55
S01007664,25 to 34,69,0,69
S01007664,35 to 49,118,3,115
S01007664,50 to 64,118,1,117
S01007664,65 and over,125,0,125
S01007665,All people aged 3 and over,616,5,611
S01007665,3 to 15,114,4,110
S01007665,16 to 24,66,0,66
S01007665,25 to 34,101,0,101
S01007665,35 to 49,125,1,124
S01007665,50 to 64,100,0,100
S01007665,65 and over,110,0,110
S01007666,All people aged 3 and over,498,2,496
S01007666,3 to 15,83,0,83
S01007666,16 to 24,41,0,41
S01007666,25 to 34,28,0,28
S01007666,35 to 49,121,0,121
S01007666,50 to 64,113,1,112
S01007666,65 and over,112,1,111
S01007667,All people aged 3 and over,688,6,682
S01007667,3 to 15,102,0,102
S01007667,16 to 24,66,0,66
S01007667,25 to 34,68,3,65
S01007667,35 to 49,149,0,149
S01007667,50 to 64,152,1,151
S01007667,65 and over,151,2,149
S01007668,All people aged 3 and over,1037,6,1031
S01007668,3 to 15,158,0,158
S01007668,16 to 24,114,1,113
S01007668,25 to 34,131,2,129
S01007668,35 to 49,220,0,220
S01007668,50 to 64,189,1,188
S01007668,65 and over,225,2,223
S01007669,All people aged 3 and over,615,8,607
S01007669,3 to 15,135,2,133
S01007669,16 to 24,86,2,84
S01007669,25 to 34,98,2,96
S01007669,35 to 49,119,1,118
S01007669,50 to 64,100,0,100
S01007669,65 and over,77,1,76
S01007670,All people aged 3 and over,696,5,691
S01007670,3 to 15,157,1,156
S01007670,16 to 24,88,1,87
S01007670,25 to 34,75,0,75
S01007670,35 to 49,173,1,172
S01007670,50 to 64,118,1,117
S01007670,65 and over,85,1,84
S01007671,All people aged 3 and over,719,2,717
S01007671,3 to 15,96,0,96
S01007671,16 to 24,66,0,66
S01007671,25 to 34,40,0,40
S01007671,35 to 49,184,2,182
S01007671,50 to 64,178,0,178
S01007671,65 and over,155,0,155
S01007672,All people aged 3 and over,867,8,859
S01007672,3 to 15,97,1,96
S01007672,16 to 24,50,0,50
S01007672,25 to 34,56,2,54
S01007672,35 to 49,153,0,153
S01007672,50 to 64,234,3,231
S01007672,65 and over,277,2,275
S01007673,All people aged 3 and over,678,13,665
S01007673,3 to 15,92,0,92
S01007673,16 to 24,68,3,65
S01007673,25 to 34,70,1,69
S01007673,35 to 49,164,4,160
S01007673,50 to 64,173,4,169
S01007673,65 and over,111,1,110
S01007674,All people aged 3 and over,771,4,767
S01007674,3 to 15,106,0,106
S01007674,16 to 24,77,0,77
S01007674,25 to 34,76,1,75
S01007674,35 to 49,164,1,163
S01007674,50 to 64,192,2,190
S01007674,65 and over,156,0,156
S01007675,All people aged 3 and over,612,5,607
S01007675,3 to 15,87,0,87
S01007675,16 to 24,50,2,48
S01007675,25 to 34,41,0,41
S01007675,35 to 49,134,0,134
S01007675,50 to 64,171,2,169
S01007675,65 and over,129,1,128
S01007676,All people aged 3 and over,668,0,668
S01007676,3 to 15,95,0,95
S01007676,16 to 24,60,0,60
S01007676,25 to 34,57,0,57
S01007676,35 to 49,149,0,149
S01007676,50 to 64,178,0,178
S01007676,65 and over,129,0,129
S01007677,All people aged 3 and over,500,5,495
S01007677,3 to 15,88,2,86
S01007677,16 to 24,52,0,52
S01007677,25 to 34,49,2,47
S01007677,35 to 49,124,0,124
S01007677,50 to 64,79,0,79
S01007677,65 and over,108,1,107
S01007678,All people aged 3 and over,767,7,760
S01007678,3 to 15,99,0,99
S01007678,16 to 24,81,0,81
S01007678,25 to 34,72,1,71
S01007678,35 to 49,144,2,142
S01007678,50 to 64,154,2,152
S01007678,65 and over,217,2,215
S01007679,All people aged 3 and over,808,13,795
S01007679,3 to 15,125,0,125
S01007679,16 to 24,83,0,83
S01007679,25 to 34,86,5,81
S01007679,35 to 49,148,3,145
S01007679,50 to 64,162,4,158
S01007679,65 and over,204,1,203
S01007680,All people aged 3 and over,905,3,902
S01007680,3 to 15,122,0,122
S01007680,16 to 24,85,0,85
S01007680,25 to 34,85,0,85
S01007680,35 to 49,179,2,177
S01007680,50 to 64,240,1,239
S01007680,65 and over,194,0,194
S01007681,All people aged 3 and over,399,2,397
S01007681,3 to 15,34,0,34
S01007681,16 to 24,30,0,30
S01007681,25 to 34,47,0,47
S01007681,35 to 49,67,0,67
S01007681,50 to 64,115,2,113
S01007681,65 and over,106,0,106
S01007682,All people aged 3 and over,858,10,848
S01007682,3 to 15,92,0,92
S01007682,16 to 24,93,1,92
S01007682,25 to 34,101,1,100
S01007682,35 to 49,167,0,167
S01007682,50 to 64,225,4,221
S01007682,65 and over,180,4,176
S01007683,All people aged 3 and over,673,11,662
S01007683,3 to 15,89,0,89
S01007683,16 to 24,115,0,115
S01007683,25 to 34,91,0,91
S01007683,35 to 49,149,6,143
S01007683,50 to 64,105,2,103
S01007683,65 and over,124,3,121
S01007684,All people aged 3 and over,787,5,782
S01007684,3 to 15,93,0,93
S01007684,16 to 24,81,0,81
S01007684,25 to 34,51,1,50
S01007684,35 to 49,138,2,136
S01007684,50 to 64,192,2,190
S01007684,65 and over,232,0,232
S01007685,All people aged 3 and over,893,11,882
S01007685,3 to 15,92,0,92
S01007685,16 to 24,313,7,306
S01007685,25 to 34,52,0,52
S01007685,35 to 49,137,1,136
S01007685,50 to 64,187,2,185
S01007685,65 and over,112,1,111
S01007686,All people aged 3 and over,662,2,660
S01007686,3 to 15,71,0,71
S01007686,16 to 24,118,0,118
S01007686,25 to 34,65,0,65
S01007686,35 to 49,117,0,117
S01007686,50 to 64,154,1,153
S01007686,65 and over,137,1,136
S01007687,All people aged 3 and over,860,9,851
S01007687,3 to 15,84,0,84
S01007687,16 to 24,251,1,250
S01007687,25 to 34,140,3,137
S01007687,35 to 49,121,1,120
S01007687,50 to 64,143,2,141
S01007687,65 and over,121,2,119
S01007688,All people aged 3 and over,992,8,984
S01007688,3 to 15,62,0,62
S01007688,16 to 24,368,4,364
S01007688,25 to 34,253,0,253
S01007688,35 to 49,152,2,150
S01007688,50 to 64,106,1,105
S01007688,65 and over,51,1,50
S01007689,All people aged 3 and over,595,8,587
S01007689,3 to 15,36,0,36
S01007689,16 to 24,215,4,211
S01007689,25 to 34,127,0,127
S01007689,35 to 49,75,2,73
S01007689,50 to 64,60,1,59
S01007689,65 and over,82,1,81
S01007690,All people aged 3 and over,857,9,848
S01007690,3 to 15,35,0,35
S01007690,16 to 24,403,3,400
S01007690,25 to 34,152,4,148
S01007690,35 to 49,81,1,80
S01007690,50 to 64,121,0,121
S01007690,65 and over,65,1,64
S01007691,All people aged 3 and over,2878,75,2803
S01007691,3 to 15,59,1,58
S01007691,16 to 24,2094,49,2045
S01007691,25 to 34,436,22,414
S01007691,35 to 49,160,0,160
S01007691,50 to 64,85,2,83
S01007691,65 and over,44,1,43
S01007692,All people aged 3 and over,922,18,904
S01007692,3 to 15,57,1,56
S01007692,16 to 24,483,11,472
S01007692,25 to 34,181,3,178
S01007692,35 to 49,88,2,86
S01007692,50 to 64,58,0,58
S01007692,65 and over,55,1,54
S01007693,All people aged 3 and over,965,10,955
S01007693,3 to 15,34,0,34
S01007693,16 to 24,643,7,636
S01007693,25 to 34,138,3,135
S01007693,35 to 49,80,0,80
S01007693,50 to 64,52,0,52
S01007693,65 and over,18,0,18
S01007694,All people aged 3 and over,1096,3,1093
S01007694,3 to 15,85,0,85
S01007694,16 to 24,511,3,508
S01007694,25 to 34,209,0,209
S01007694,35 to 49,132,0,132
S01007694,50 to 64,81,0,81
S01007694,65 and over,78,0,78
S01007695,All people aged 3 and over,945,6,939
S01007695,3 to 15,51,0,51
S01007695,16 to 24,198,1,197
S01007695,25 to 34,206,2,204
S01007695,35 to 49,139,2,137
S01007695,50 to 64,122,0,122
S01007695,65 and over,229,1,228
S01007696,All people aged 3 and over,780,13,767
S01007696,3 to 15,61,3,58
S01007696,16 to 24,352,4,348
S01007696,25 to 34,159,0,159
S01007696,35 to 49,95,1,94
S01007696,50 to 64,60,3,57
S01007696,65 and over,53,2,51
S01007697,All people aged 3 and over,928,7,921
S01007697,3 to 15,42,0,42
S01007697,16 to 24,192,3,189
S01007697,25 to 34,219,2,217
S01007697,35 to 49,127,1,126
S01007697,50 to 64,130,1,129
S01007697,65 and over,218,0,218
S01007698,All people aged 3 and over,1066,18,1048
S01007698,3 to 15,82,0,82
S01007698,16 to 24,361,13,348
S01007698,25 to 34,268,3,265
S01007698,35 to 49,193,1,192
S01007698,50 to 64,101,0,101
S01007698,65 and over,61,1,60
S01007699,All people aged 3 and over,780,10,770
S01007699,3 to 15,89,0,89
S01007699,16 to 24,237,7,230
S01007699,25 to 34,217,2,215
S01007699,35 to 49,111,1,110
S01007699,50 to 64,86,0,86
S01007699,65 and over,40,0,40
S01007700,All people aged 3 and over,963,16,947
S01007700,3 to 15,105,1,104
S01007700,16 to 24,128,4,124
S01007700,25 to 34,146,3,143
S01007700,35 to 49,196,6,190
S01007700,50 to 64,229,2,227
S01007700,65 and over,159,0,159
S01007701,All people aged 3 and over,525,8,517
S01007701,3 to 15,33,0,33
S01007701,16 to 24,143,7,136
S01007701,25 to 34,129,0,129
S01007701,35 to 49,82,1,81
S01007701,50 to 64,77,0,77
S01007701,65 and over,61,0,61
S01007702,All people aged 3 and over,1015,22,993
S01007702,3 to 15,52,0,52
S01007702,16 to 24,645,18,627
S01007702,25 to 34,167,2,165
S01007702,35 to 49,95,1,94
S01007702,50 to 64,36,1,35
S01007702,65 and over,20,0,20
S01007703,All people aged 3 and over,767,3,764
S01007703,3 to 15,71,0,71
S01007703,16 to 24,134,2,132
S01007703,25 to 34,117,0,117
S01007703,35 to 49,144,0,144
S01007703,50 to 64,164,0,164
S01007703,65 and over,137,1,136
S01007704,All people aged 3 and over,882,8,874
S01007704,3 to 15,83,0,83
S01007704,16 to 24,247,3,244
S01007704,25 to 34,149,1,148
S01007704,35 to 49,160,2,158
S01007704,50 to 64,136,0,136
S01007704,65 and over,107,2,105
S01007705,All people aged 3 and over,742,10,732
S01007705,3 to 15,7,0,7
S01007705,16 to 24,477,8,469
S01007705,25 to 34,185,0,185
S01007705,35 to 49,53,1,52
S01007705,50 to 64,16,0,16
S01007705,65 and over,4,1,3
S01007706,All people aged 3 and over,774,9,765
S01007706,3 to 15,17,0,17
S01007706,16 to 24,514,5,509
S01007706,25 to 34,160,3,157
S01007706,35 to 49,49,0,49
S01007706,50 to 64,25,1,24
S01007706,65 and over,9,0,9
S01007707,All people aged 3 and over,825,8,817
S01007707,3 to 15,59,2,57
S01007707,16 to 24,282,1,281
S01007707,25 to 34,289,3,286
S01007707,35 to 49,120,1,119
S01007707,50 to 64,54,0,54
S01007707,65 and over,21,1,20
S01007708,All people aged 3 and over,629,5,624
S01007708,3 to 15,79,1,78
S01007708,16 to 24,116,2,114
S01007708,25 to 34,142,1,141
S01007708,35 to 49,117,1,116
S01007708,50 to 64,94,0,94
S01007708,65 and over,81,0,81
S01007709,All people aged 3 and over,568,9,559
S01007709,3 to 15,38,0,38
S01007709,16 to 24,120,2,118
S01007709,25 to 34,137,3,134
S01007709,35 to 49,90,2,88
S01007709,50 to 64,93,1,92
S01007709,65 and over,90,1,89
S01007710,All people aged 3 and over,795,5,790
S01007710,3 to 15,54,0,54
S01007710,16 to 24,263,2,261
S01007710,25 to 34,219,2,217
S01007710,35 to 49,122,0,122
S01007710,50 to 64,107,1,106
S01007710,65 and over,30,0,30
S01007711,All people aged 3 and over,1035,10,1025
S01007711,3 to 15,55,0,55
S01007711,16 to 24,393,7,386
S01007711,25 to 34,185,2,183
S01007711,35 to 49,131,1,130
S01007711,50 to 64,136,0,136
S01007711,65 and over,135,0,135
S01007712,All people aged 3 and over,676,3,673
S01007712,3 to 15,45,0,45
S01007712,16 to 24,221,1,220
S01007712,25 to 34,156,1,155
S01007712,35 to 49,93,0,93
S01007712,50 to 64,93,0,93
S01007712,65 and over,68,1,67
S01007713,All people aged 3 and over,472,4,468
S01007713,3 to 15,55,0,55
S01007713,16 to 24,87,0,87
S01007713,25 to 34,92,3,89
S01007713,35 to 49,101,0,101
S01007713,50 to 64,85,1,84
S01007713,65 and over,52,0,52
S01007714,All people aged 3 and over,625,11,614
S01007714,3 to 15,78,0,78
S01007714,16 to 24,110,2,108
S01007714,25 to 34,101,4,97
S01007714,35 to 49,148,2,146
S01007714,50 to 64,126,0,126
S01007714,65 and over,62,3,59
S01007715,All people aged 3 and over,500,10,490
S01007715,3 to 15,66,0,66
S01007715,16 to 24,96,3,93
S01007715,25 to 34,102,2,100
S01007715,35 to 49,104,3,101
S01007715,50 to 64,67,0,67
S01007715,65 and over,65,2,63
S01007716,All people aged 3 and over,1007,16,991
S01007716,3 to 15,64,0,64
S01007716,16 to 24,224,1,223
S01007716,25 to 34,188,8,180
S01007716,35 to 49,149,0,149
S01007716,50 to 64,155,4,151
S01007716,65 and over,227,3,224
S01007717,All people aged 3 and over,961,14,947
S01007717,3 to 15,121,2,119
S01007717,16 to 24,181,3,178
S01007717,25 to 34,177,4,173
S01007717,35 to 49,190,1,189
S01007717,50 to 64,168,4,164
S01007717,65 and over,124,0,124
S01007718,All people aged 3 and over,671,1,670
S01007718,3 to 15,38,0,38
S01007718,16 to 24,84,0,84
S01007718,25 to 34,153,0,153
S01007718,35 to 49,122,1,121
S01007718,50 to 64,120,0,120
S01007718,65 and over,154,0,154
S01007719,All people aged 3 and over,935,7,928
S01007719,3 to 15,55,0,55
S01007719,16 to 24,104,2,102
S01007719,25 to 34,176,3,173
S01007719,35 to 49,205,0,205
S01007719,50 to 64,183,2,181
S01007719,65 and over,212,0,212
S01007720,All people aged 3 and over,692,1,691
S01007720,3 to 15,45,0,45
S01007720,16 to 24,64,0,64
S01007720,25 to 34,76,1,75
S01007720,35 to 49,128,0,128
S01007720,50 to 64,135,0,135
S01007720,65 and over,244,0,244
S01007721,All people aged 3 and over,701,6,695
S01007721,3 to 15,55,0,55
S01007721,16 to 24,90,2,88
S01007721,25 to 34,123,3,120
S01007721,35 to 49,140,0,140
S01007721,50 to 64,153,1,152
S01007721,65 and over,140,0,140
S01007722,All people aged 3 and over,817,9,808
S01007722,3 to 15,84,0,84
S01007722,16 to 24,89,1,88
S01007722,25 to 34,119,4,115
S01007722,35 to 49,195,0,195
S01007722,50 to 64,168,0,168
S01007722,65 and over,162,4,158
S01007723,All people aged 3 and over,929,11,918
S01007723,3 to 15,78,0,78
S01007723,16 to 24,103,3,100
S01007723,25 to 34,153,1,152
S01007723,35 to 49,159,2,157
S01007723,50 to 64,179,2,177
S01007723,65 and over,257,3,254
S01007724,All people aged 3 and over,620,2,618
S01007724,3 to 15,92,0,92
S01007724,16 to 24,135,0,135
S01007724,25 to 34,158,2,156
S01007724,35 to 49,126,0,126
S01007724,50 to 64,88,0,88
S01007724,65 and over,21,0,21
S01007725,All people aged 3 and over,754,9,745
S01007725,3 to 15,64,0,64
S01007725,16 to 24,126,1,125
S01007725,25 to 34,161,1,160
S01007725,35 to 49,144,4,140
S01007725,50 to 64,142,3,139
S01007725,65 and over,117,0,117
S01007726,All people aged 3 and over,767,2,765
S01007726,3 to 15,90,0,90
S01007726,16 to 24,160,0,160
S01007726,25 to 34,175,1,174
S01007726,35 to 49,154,1,153
S01007726,50 to 64,109,0,109
S01007726,65 and over,79,0,79
S01007727,All people aged 3 and over,992,15,977
S01007727,3 to 15,116,0,116
S01007727,16 to 24,219,8,211
S01007727,25 to 34,230,7,223
S01007727,35 to 49,182,0,182
S01007727,50 to 64,152,0,152
S01007727,65 and over,93,0,93
S01007728,All people aged 3 and over,754,7,747
S01007728,3 to 15,70,0,70
S01007728,16 to 24,230,2,228
S01007728,25 to 34,180,4,176
S01007728,35 to 49,120,0,120
S01007728,50 to 64,113,1,112
S01007728,65 and over,41,0,41
S01007729,All people aged 3 and over,747,11,736
S01007729,3 to 15,83,0,83
S01007729,16 to 24,158,5,153
S01007729,25 to 34,174,2,172
S01007729,35 to 49,167,2,165
S01007729,50 to 64,128,2,126
S01007729,65 and over,37,0,37
S01007730,All people aged 3 and over,732,8,724
S01007730,3 to 15,58,0,58
S01007730,16 to 24,139,3,136
S01007730,25 to 34,256,2,254
S01007730,35 to 49,141,1,140
S01007730,50 to 64,101,2,99
S01007730,65 and over,37,0,37
S01007731,All people aged 3 and over,704,1,703
S01007731,3 to 15,89,0,89
S01007731,16 to 24,127,0,127
S01007731,25 to 34,168,1,167
S01007731,35 to 49,158,0,158
S01007731,50 to 64,111,0,111
S01007731,65 and over,51,0,51
S01007732,All people aged 3 and over,646,4,642
S01007732,3 to 15,52,0,52
S01007732,16 to 24,171,4,167
S01007732,25 to 34,176,0,176
S01007732,35 to 49,102,0,102
S01007732,50 to 64,79,0,79
S01007732,65 and over,66,0,66
S01007733,All people aged 3 and over,807,10,797
S01007733,3 to 15,122,0,122
S01007733,16 to 24,82,2,80
S01007733,25 to 34,137,1,136
S01007733,35 to 49,175,2,173
S01007733,50 to 64,188,2,186
S01007733,65 and over,103,3,100
S01007734,All people aged 3 and over,808,3,805
S01007734,3 to 15,83,0,83
S01007734,16 to 24,76,0,76
S01007734,25 to 34,80,0,80
S01007734,35 to 49,141,0,141
S01007734,50 to 64,232,0,232
S01007734,65 and over,196,3,193
S01007735,All people aged 3 and over,806,1,805
S01007735,3 to 15,90,0,90
S01007735,16 to 24,92,0,92
S01007735,25 to 34,70,0,70
S01007735,35 to 49,160,0,160
S01007735,50 to 64,238,1,237
S01007735,65 and over,156,0,156
S01007736,All people aged 3 and over,703,1,702
S01007736,3 to 15,85,0,85
S01007736,16 to 24,95,0,95
S01007736,25 to 34,100,0,100
S01007736,35 to 49,136,0,136
S01007736,50 to 64,143,0,143
S01007736,65 and over,144,1,143
S01007737,All people aged 3 and over,1021,7,1014
S01007737,3 to 15,134,0,134
S01007737,16 to 24,98,0,98
S01007737,25 to 34,166,1,165
S01007737,35 to 49,188,2,186
S01007737,50 to 64,209,0,209
S01007737,65 and over,226,4,222
S01007738,All people aged 3 and over,709,6,703
S01007738,3 to 15,83,0,83
S01007738,16 to 24,57,0,57
S01007738,25 to 34,62,0,62
S01007738,35 to 49,140,2,138
S01007738,50 to 64,147,1,146
S01007738,65 and over,220,3,217
S01007739,All people aged 3 and over,584,4,580
S01007739,3 to 15,43,0,43
S01007739,16 to 24,44,0,44
S01007739,25 to 34,50,1,49
S01007739,35 to 49,78,0,78
S01007739,50 to 64,121,3,118
S01007739,65 and over,248,0,248
S01007740,All people aged 3 and over,560,1,559
S01007740,3 to 15,63,0,63
S01007740,16 to 24,53,0,53
S01007740,25 to 34,61,0,61
S01007740,35 to 49,105,1,104
S01007740,50 to 64,135,0,135
S01007740,65 and over,143,0,143
S01007741,All people aged 3 and over,734,1,733
S01007741,3 to 15,76,0,76
S01007741,16 to 24,53,0,53
S01007741,25 to 34,80,0,80
S01007741,35 to 49,114,1,113
S01007741,50 to 64,148,0,148
S01007741,65 and over,263,0,263
S01007742,All people aged 3 and over,601,3,598
S01007742,3 to 15,49,0,49
S01007742,16 to 24,69,0,69
S01007742,25 to 34,58,2,56
S01007742,35 to 49,104,0,104
S01007742,50 to 64,150,1,149
S01007742,65 and over,171,0,171
S01007743,All people aged 3 and over,856,4,852
S01007743,3 to 15,132,1,131
S01007743,16 to 24,121,0,121
S01007743,25 to 34,135,1,134
S01007743,35 to 49,164,1,163
S01007743,50 to 64,180,1,179
S01007743,65 and over,124,0,124
S01007744,All people aged 3 and over,738,1,737
S01007744,3 to 15,121,0,121
S01007744,16 to 24,78,0,78
S01007744,25 to 34,112,0,112
S01007744,35 to 49,119,0,119
S01007744,50 to 64,144,0,144
S01007744,65 and over,164,1,163
S01007745,All people aged 3 and over,671,6,665
S01007745,3 to 15,88,0,88
S01007745,16 to 24,64,0,64
S01007745,25 to 34,96,3,93
S01007745,35 to 49,134,1,133
S01007745,50 to 64,145,2,143
S01007745,65 and over,144,0,144
S01007746,All people aged 3 and over,849,5,844
S01007746,3 to 15,129,2,127
S01007746,16 to 24,117,0,117
S01007746,25 to 34,105,0,105
S01007746,35 to 49,197,0,197
S01007746,50 to 64,194,2,192
S01007746,65 and over,107,1,106
S01007747,All people aged 3 and over,481,1,480
S01007747,3 to 15,64,0,64
S01007747,16 to 24,68,0,68
S01007747,25 to 34,73,0,73
S01007747,35 to 49,105,0,105
S01007747,50 to 64,100,1,99
S01007747,65 and over,71,0,71
S01007748,All people aged 3 and over,664,2,662
S01007748,3 to 15,121,0,121
S01007748,16 to 24,84,1,83
S01007748,25 to 34,113,0,113
S01007748,35 to 49,139,1,138
S01007748,50 to 64,119,0,119
S01007748,65 and over,88,0,88
S01007749,All people aged 3 and over,691,2,689
S01007749,3 to 15,108,0,108
S01007749,16 to 24,66,0,66
S01007749,25 to 34,63,0,63
S01007749,35 to 49,131,1,130
S01007749,50 to 64,193,1,192
S01007749,65 and over,130,0,130
S01007750,All people aged 3 and over,797,4,793
S01007750,3 to 15,77,0,77
S01007750,16 to 24,69,0,69
S01007750,25 to 34,54,0,54
S01007750,35 to 49,112,2,110
S01007750,50 to 64,214,1,213
S01007750,65 and over,271,1,270
S01007751,All people aged 3 and over,768,7,761
S01007751,3 to 15,92,0,92
S01007751,16 to 24,49,3,46
S01007751,25 to 34,40,1,39
S01007751,35 to 49,122,0,122
S01007751,50 to 64,186,2,184
S01007751,65 and over,279,1,278
S01007752,All people aged 3 and over,735,4,731
S01007752,3 to 15,77,0,77
S01007752,16 to 24,39,0,39
S01007752,25 to 34,38,1,37
S01007752,35 to 49,110,1,109
S01007752,50 to 64,157,0,157
S01007752,65 and over,314,2,312
S01007753,All people aged 3 and over,509,1,508
S01007753,3 to 15,93,0,93
S01007753,16 to 24,59,0,59
S01007753,25 to 34,69,0,69
S01007753,35 to 49,106,0,106
S01007753,50 to 64,111,0,111
S01007753,65 and over,71,1,70
S01007754,All people aged 3 and over,835,9,826
S01007754,3 to 15,145,1,144
S01007754,16 to 24,103,3,100
S01007754,25 to 34,98,0,98
S01007754,35 to 49,175,2,173
S01007754,50 to 64,160,3,157
S01007754,65 and over,154,0,154
S01007755,All people aged 3 and over,813,2,811
S01007755,3 to 15,137,0,137
S01007755,16 to 24,90,0,90
S01007755,25 to 34,121,1,120
S01007755,35 to 49,134,0,134
S01007755,50 to 64,159,0,159
S01007755,65 and over,172,1,171
S01007756,All people aged 3 and over,598,4,594
S01007756,3 to 15,117,0,117
S01007756,16 to 24,53,0,53
S01007756,25 to 34,85,1,84
S01007756,35 to 49,105,1,104
S01007756,50 to 64,115,1,114
S01007756,65 and over,123,1,122
S01007757,All people aged 3 and over,828,7,821
S01007757,3 to 15,110,0,110
S01007757,16 to 24,63,2,61
S01007757,25 to 34,52,0,52
S01007757,35 to 49,168,2,166
S01007757,50 to 64,174,1,173
S01007757,65 and over,261,2,259
S01007758,All people aged 3 and over,889,4,885
S01007758,3 to 15,98,0,98
S01007758,16 to 24,60,0,60
S01007758,25 to 34,60,0,60
S01007758,35 to 49,140,0,140
S01007758,50 to 64,210,2,208
S01007758,65 and over,321,2,319
S01007759,All people aged 3 and over,948,9,939
S01007759,3 to 15,79,0,79
S01007759,16 to 24,89,1,88
S01007759,25 to 34,132,3,129
S01007759,35 to 49,192,3,189
S01007759,50 to 64,201,1,200
S01007759,65 and over,255,1,254
S01007760,All people aged 3 and over,600,1,599
S01007760,3 to 15,82,0,82
S01007760,16 to 24,41,0,41
S01007760,25 to 34,37,0,37
S01007760,35 to 49,109,1,108
S01007760,50 to 64,150,0,150
S01007760,65 and over,181,0,181
S01007761,All people aged 3 and over,835,4,831
S01007761,3 to 15,108,0,108
S01007761,16 to 24,80,1,79
S01007761,25 to 34,69,1,68
S01007761,35 to 49,161,1,160
S01007761,50 to 64,233,0,233
S01007761,65 and over,184,1,183
S01007762,All people aged 3 and over,805,4,801
S01007762,3 to 15,76,0,76
S01007762,16 to 24,53,0,53
S01007762,25 to 34,101,2,99
S01007762,35 to 49,149,0,149
S01007762,50 to 64,178,1,177
S01007762,65 and over,248,1,247
S01007763,All people aged 3 and over,528,4,524
S01007763,3 to 15,45,0,45
S01007763,16 to 24,34,1,33
S01007763,25 to 34,52,0,52
S01007763,35 to 49,72,1,71
S01007763,50 to 64,86,0,86
S01007763,65 and over,239,2,237
S01007764,All people aged 3 and over,736,6,730
S01007764,3 to 15,102,0,102
S01007764,16 to 24,86,0,86
S01007764,25 to 34,62,0,62
S01007764,35 to 49,188,2,186
S01007764,50 to 64,168,2,166
S01007764,65 and over,130,2,128
S01007765,All people aged 3 and over,660,8,652
S01007765,3 to 15,92,0,92
S01007765,16 to 24,37,0,37
S01007765,25 to 34,56,1,55
S01007765,35 to 49,135,0,135
S01007765,50 to 64,143,3,140
S01007765,65 and over,197,4,193
S01007766,All people aged 3 and over,897,2,895
S01007766,3 to 15,120,0,120
S01007766,16 to 24,95,0,95
S01007766,25 to 34,59,0,59
S01007766,35 to 49,171,0,171
S01007766,50 to 64,210,0,210
S01007766,65 and over,242,2,240
S01007767,All people aged 3 and over,873,5,868
S01007767,3 to 15,111,0,111
S01007767,16 to 24,80,0,80
S01007767,25 to 34,57,0,57
S01007767,35 to 49,168,1,167
S01007767,50 to 64,233,2,231
S01007767,65 and over,224,2,222
S01007768,All people aged 3 and over,638,13,625
S01007768,3 to 15,66,0,66
S01007768,16 to 24,65,0,65
S01007768,25 to 34,54,0,54
S01007768,35 to 49,140,6,134
S01007768,50 to 64,143,5,138
S01007768,65 and over,170,2,168
S01007769,All people aged 3 and over,712,7,705
S01007769,3 to 15,71,0,71
S01007769,16 to 24,63,0,63
S01007769,25 to 34,35,0,35
S01007769,35 to 49,137,3,134
S01007769,50 to 64,186,2,184
S01007769,65 and over,220,2,218
S01007770,All people aged 3 and over,724,3,721
S01007770,3 to 15,111,0,111
S01007770,16 to 24,68,0,68
S01007770,25 to 34,43,0,43
S01007770,35 to 49,137,2,135
S01007770,50 to 64,167,0,167
S01007770,65 and over,198,1,197
S01007771,All people aged 3 and over,516,2,514
S01007771,3 to 15,66,0,66
S01007771,16 to 24,32,0,32
S01007771,25 to 34,43,1,42
S01007771,35 to 49,85,0,85
S01007771,50 to 64,116,1,115
S01007771,65 and over,174,0,174
S01007772,All people aged 3 and over,940,5,935
S01007772,3 to 15,94,0,94
S01007772,16 to 24,91,1,90
S01007772,25 to 34,136,2,134
S01007772,35 to 49,188,1,187
S01007772,50 to 64,159,0,159
S01007772,65 and over,272,1,271
S01007773,All people aged 3 and over,722,2,720
S01007773,3 to 15,80,0,80
S01007773,16 to 24,60,0,60
S01007773,25 to 34,45,0,45
S01007773,35 to 49,153,0,153
S01007773,50 to 64,212,1,211
S01007773,65 and over,172,1,171
S01007774,All people aged 3 and over,895,1,894
S01007774,3 to 15,214,0,214
S01007774,16 to 24,76,0,76
S01007774,25 to 34,157,0,157
S01007774,35 to 49,311,1,310
S01007774,50 to 64,103,0,103
S01007774,65 and over,34,0,34
S01007775,All people aged 3 and over,894,7,887
S01007775,3 to 15,139,1,138
S01007775,16 to 24,73,0,73
S01007775,25 to 34,105,1,104
S01007775,35 to 49,220,0,220
S01007775,50 to 64,176,1,175
S01007775,65 and over,181,4,177
S01007776,All people aged 3 and over,704,3,701
S01007776,3 to 15,143,0,143
S01007776,16 to 24,82,1,81
S01007776,25 to 34,60,0,60
S01007776,35 to 49,197,1,196
S01007776,50 to 64,149,1,148
S01007776,65 and over,73,0,73
S01007777,All people aged 3 and over,911,3,908
S01007777,3 to 15,240,0,240
S01007777,16 to 24,94,0,94
S01007777,25 to 34,130,2,128
S01007777,35 to 49,313,1,312
S01007777,50 to 64,110,0,110
S01007777,65 and over,24,0,24
S01007778,All people aged 3 and over,467,4,463
S01007778,3 to 15,95,0,95
S01007778,16 to 24,31,0,31
S01007778,25 to 34,50,1,49
S01007778,35 to 49,161,2,159
S01007778,50 to 64,93,1,92
S01007778,65 and over,37,0,37
S01007779,All people aged 3 and over,682,5,677
S01007779,3 to 15,74,0,74
S01007779,16 to 24,78,0,78
S01007779,25 to 34,73,1,72
S01007779,35 to 49,162,3,159
S01007779,50 to 64,196,1,195
S01007779,65 and over,99,0,99
S01007780,All people aged 3 and over,759,1,758
S01007780,3 to 15,110,0,110
S01007780,16 to 24,89,0,89
S01007780,25 to 34,102,0,102
S01007780,35 to 49,242,1,241
S01007780,50 to 64,153,0,153
S01007780,65 and over,63,0,63
S01007781,All people aged 3 and over,860,2,858
S01007781,3 to 15,124,0,124
S01007781,16 to 24,93,0,93
S01007781,25 to 34,145,2,143
S01007781,35 to 49,236,0,236
S01007781,50 to 64,193,0,193
S01007781,65 and over,69,0,69
S01007782,All people aged 3 and over,475,4,471
S01007782,3 to 15,100,0,100
S01007782,16 to 24,82,0,82
S01007782,25 to 34,75,2,73
S01007782,35 to 49,115,2,113
S01007782,50 to 64,64,0,64
S01007782,65 and over,39,0,39
S01007783,All people aged 3 and over,746,5,741
S01007783,3 to 15,109,0,109
S01007783,16 to 24,70,0,70
S01007783,25 to 34,82,1,81
S01007783,35 to 49,138,2,136
S01007783,50 to 64,163,1,162
S01007783,65 and over,184,1,183
S01007784,All people aged 3 and over,684,3,681
S01007784,3 to 15,153,0,153
S01007784,16 to 24,80,1,79
S01007784,25 to 34,125,2,123
S01007784,35 to 49,190,0,190
S01007784,50 to 64,107,0,107
S01007784,65 and over,29,0,29
S01007785,All people aged 3 and over,566,2,564
S01007785,3 to 15,128,0,128
S01007785,16 to 24,97,0,97
S01007785,25 to 34,64,0,64
S01007785,35 to 49,112,1,111
S01007785,50 to 64,98,0,98
S01007785,65 and over,67,1,66
S01007786,All people aged 3 and over,742,4,738
S01007786,3 to 15,130,0,130
S01007786,16 to 24,69,0,69
S01007786,25 to 34,80,1,79
S01007786,35 to 49,131,1,130
S01007786,50 to 64,190,1,189
S01007786,65 and over,142,1,141
S01007787,All people aged 3 and over,647,5,642
S01007787,3 to 15,125,0,125
S01007787,16 to 24,79,2,77
S01007787,25 to 34,71,0,71
S01007787,35 to 49,118,0,118
S01007787,50 to 64,157,2,155
S01007787,65 and over,97,1,96
S01007788,All people aged 3 and over,666,11,655
S01007788,3 to 15,200,0,200
S01007788,16 to 24,97,3,94
S01007788,25 to 34,108,0,108
S01007788,35 to 49,139,3,136
S01007788,50 to 64,89,4,85
S01007788,65 and over,33,1,32
S01007789,All people aged 3 and over,597,3,594
S01007789,3 to 15,138,0,138
S01007789,16 to 24,112,0,112
S01007789,25 to 34,74,0,74
S01007789,35 to 49,168,0,168
S01007789,50 to 64,80,1,79
S01007789,65 and over,25,2,23
S01007790,All people aged 3 and over,850,4,846
S01007790,3 to 15,290,2,288
S01007790,16 to 24,113,0,113
S01007790,25 to 34,125,0,125
S01007790,35 to 49,202,1,201
S01007790,50 to 64,91,1,90
S01007790,65 and over,29,0,29
S01007791,All people aged 3 and over,478,2,476
S01007791,3 to 15,78,0,78
S01007791,16 to 24,46,0,46
S01007791,25 to 34,74,0,74
S01007791,35 to 49,136,2,134
S01007791,50 to 64,76,0,76
S01007791,65 and over,68,0,68
S01007792,All people aged 3 and over,851,4,847
S01007792,3 to 15,142,0,142
S01007792,16 to 24,84,0,84
S01007792,25 to 34,102,1,101
S01007792,35 to 49,147,2,145
S01007792,50 to 64,222,0,222
S01007792,65 and over,154,1,153
S01007793,All people aged 3 and over,901,5,896
S01007793,3 to 15,177,0,177
S01007793,16 to 24,117,1,116
S01007793,25 to 34,118,1,117
S01007793,35 to 49,155,1,154
S01007793,50 to 64,155,0,155
S01007793,65 and over,179,2,177
S01007794,All people aged 3 and over,539,3,536
S01007794,3 to 15,91,0,91
S01007794,16 to 24,61,1,60
S01007794,25 to 34,75,0,75
S01007794,35 to 49,96,1,95
S01007794,50 to 64,131,0,131
S01007794,65 and over,85,1,84
S01007795,All people aged 3 and over,582,4,578
S01007795,3 to 15,124,0,124
S01007795,16 to 24,55,1,54
S01007795,25 to 34,88,0,88
S01007795,35 to 49,95,2,93
S01007795,50 to 64,145,1,144
S01007795,65 and over,75,0,75
S01007796,All people aged 3 and over,681,4,677
S01007796,3 to 15,153,0,153
S01007796,16 to 24,80,0,80
S01007796,25 to 34,90,0,90
S01007796,35 to 49,156,1,155
S01007796,50 to 64,117,2,115
S01007796,65 and over,85,1,84
S01007797,All people aged 3 and over,495,0,495
S01007797,3 to 15,89,0,89
S01007797,16 to 24,67,0,67
S01007797,25 to 34,54,0,54
S01007797,35 to 49,118,0,118
S01007797,50 to 64,89,0,89
S01007797,65 and over,78,0,78
S01007798,All people aged 3 and over,630,3,627
S01007798,3 to 15,136,0,136
S01007798,16 to 24,85,0,85
S01007798,25 to 34,104,1,103
S01007798,35 to 49,190,1,189
S01007798,50 to 64,84,1,83
S01007798,65 and over,31,0,31
S01007799,All people aged 3 and over,584,3,581
S01007799,3 to 15,154,1,153
S01007799,16 to 24,65,0,65
S01007799,25 to 34,87,0,87
S01007799,35 to 49,187,2,185
S01007799,50 to 64,80,0,80
S01007799,65 and over,11,0,11
S01007800,All people aged 3 and over,921,8,913
S01007800,3 to 15,201,3,198
S01007800,16 to 24,110,0,110
S01007800,25 to 34,110,0,110
S01007800,35 to 49,189,2,187
S01007800,50 to 64,168,2,166
S01007800,65 and over,143,1,142
S01007801,All people aged 3 and over,951,10,941
S01007801,3 to 15,152,0,152
S01007801,16 to 24,243,7,236
S01007801,25 to 34,91,1,90
S01007801,35 to 49,158,1,157
S01007801,50 to 64,188,1,187
S01007801,65 and over,119,0,119
S01007802,All people aged 3 and over,518,2,516
S01007802,3 to 15,115,0,115
S01007802,16 to 24,56,0,56
S01007802,25 to 34,98,1,97
S01007802,35 to 49,161,0,161
S01007802,50 to 64,74,1,73
S01007802,65 and over,14,0,14
S01007803,All people aged 3 and over,1031,14,1017
S01007803,3 to 15,223,4,219
S01007803,16 to 24,139,2,137
S01007803,25 to 34,118,4,114
S01007803,35 to 49,204,1,203
S01007803,50 to 64,181,2,179
S01007803,65 and over,166,1,165
S01007804,All people aged 3 and over,602,3,599
S01007804,3 to 15,150,0,150
S01007804,16 to 24,93,0,93
S01007804,25 to 34,89,0,89
S01007804,35 to 49,106,1,105
S01007804,50 to 64,113,1,112
S01007804,65 and over,51,1,50
S01007805,All people aged 3 and over,487,3,484
S01007805,3 to 15,121,0,121
S01007805,16 to 24,74,0,74
S01007805,25 to 34,87,0,87
S01007805,35 to 49,102,2,100
S01007805,50 to 64,76,1,75
S01007805,65 and over,27,0,27
S01007806,All people aged 3 and over,602,4,598
S01007806,3 to 15,82,0,82
S01007806,16 to 24,55,0,55
S01007806,25 to 34,99,0,99
S01007806,35 to 49,105,1,104
S01007806,50 to 64,141,3,138
S01007806,65 and over,120,0,120
S01007807,All people aged 3 and over,687,1,686
S01007807,3 to 15,139,0,139
S01007807,16 to 24,77,0,77
S01007807,25 to 34,92,0,92
S01007807,35 to 49,168,0,168
S01007807,50 to 64,139,0,139
S01007807,65 and over,72,1,71
S01007808,All people aged 3 and over,820,1,819
S01007808,3 to 15,185,0,185
S01007808,16 to 24,103,0,103
S01007808,25 to 34,113,0,113
S01007808,35 to 49,216,1,215
S01007808,50 to 64,138,0,138
S01007808,65 and over,65,0,65
S01007809,All people aged 3 and over,895,5,890
S01007809,3 to 15,105,0,105
S01007809,16 to 24,97,2,95
S01007809,25 to 34,66,0,66
S01007809,35 to 49,185,0,185
S01007809,50 to 64,222,2,220
S01007809,65 and over,220,1,219
S01007810,All people aged 3 and over,852,7,845
S01007810,3 to 15,162,0,162
S01007810,16 to 24,101,0,101
S01007810,25 to 34,94,0,94
S01007810,35 to 49,178,1,177
S01007810,50 to 64,173,2,171
S01007810,65 and over,144,4,140
S01007811,All people aged 3 and over,828,2,826
S01007811,3 to 15,190,0,190
S01007811,16 to 24,113,1,112
S01007811,25 to 34,108,0,108
S01007811,35 to 49,170,0,170
S01007811,50 to 64,159,1,158
S01007811,65 and over,88,0,88
S01007812,All people aged 3 and over,812,5,807
S01007812,3 to 15,223,0,223
S01007812,16 to 24,113,0,113
S01007812,25 to 34,98,1,97
S01007812,35 to 49,207,1,206
S01007812,50 to 64,130,2,128
S01007812,65 and over,41,1,40
S01007813,All people aged 3 and over,760,5,755
S01007813,3 to 15,180,0,180
S01007813,16 to 24,96,1,95
S01007813,25 to 34,102,2,100
S01007813,35 to 49,149,0,149
S01007813,50 to 64,144,2,142
S01007813,65 and over,89,0,89
S01007814,All people aged 3 and over,549,3,546
S01007814,3 to 15,81,0,81
S01007814,16 to 24,66,0,66
S01007814,25 to 34,53,0,53
S01007814,35 to 49,127,2,125
S01007814,50 to 64,137,1,136
S01007814,65 and over,85,0,85
S01007815,All people aged 3 and over,899,2,897
S01007815,3 to 15,91,0,91
S01007815,16 to 24,127,0,127
S01007815,25 to 34,56,0,56
S01007815,35 to 49,190,0,190
S01007815,50 to 64,217,2,215
S01007815,65 and over,218,0,218
S01007816,All people aged 3 and over,647,3,644
S01007816,3 to 15,89,0,89
S01007816,16 to 24,66,1,65
S01007816,25 to 34,80,0,80
S01007816,35 to 49,131,0,131
S01007816,50 to 64,177,0,177
S01007816,65 and over,104,2,102
S01007817,All people aged 3 and over,441,2,439
S01007817,3 to 15,48,0,48
S01007817,16 to 24,32,0,32
S01007817,25 to 34,33,0,33
S01007817,35 to 49,92,1,91
S01007817,50 to 64,106,1,105
S01007817,65 and over,130,0,130
S01007818,All people aged 3 and over,725,2,723
S01007818,3 to 15,118,0,118
S01007818,16 to 24,74,0,74
S01007818,25 to 34,80,0,80
S01007818,35 to 49,194,0,194
S01007818,50 to 64,156,2,154
S01007818,65 and over,103,0,103
S01007819,All people aged 3 and over,785,4,781
S01007819,3 to 15,110,0,110
S01007819,16 to 24,70,0,70
S01007819,25 to 34,76,0,76
S01007819,35 to 49,187,2,185
S01007819,50 to 64,143,1,142
S01007819,65 and over,199,1,198
S01007820,All people aged 3 and over,956,5,951
S01007820,3 to 15,148,2,146
S01007820,16 to 24,113,0,113
S01007820,25 to 34,95,0,95
S01007820,35 to 49,209,1,208
S01007820,50 to 64,183,0,183
S01007820,65 and over,208,2,206
S01007821,All people aged 3 and over,533,0,533
S01007821,3 to 15,64,0,64
S01007821,16 to 24,59,0,59
S01007821,25 to 34,62,0,62
S01007821,35 to 49,107,0,107
S01007821,50 to 64,121,0,121
S01007821,65 and over,120,0,120
S01007822,All people aged 3 and over,726,4,722
S01007822,3 to 15,92,0,92
S01007822,16 to 24,59,0,59
S01007822,25 to 34,56,0,56
S01007822,35 to 49,136,2,134
S01007822,50 to 64,187,1,186
S01007822,65 and over,196,1,195
S01007823,All people aged 3 and over,673,4,669
S01007823,3 to 15,62,0,62
S01007823,16 to 24,87,0,87
S01007823,25 to 34,66,0,66
S01007823,35 to 49,126,2,124
S01007823,50 to 64,182,1,181
S01007823,65 and over,150,1,149
S01007824,All people aged 3 and over,716,9,707
S01007824,3 to 15,84,1,83
S01007824,16 to 24,70,2,68
S01007824,25 to 34,68,2,66
S01007824,35 to 49,135,0,135
S01007824,50 to 64,167,3,164
S01007824,65 and over,192,1,191
S01007825,All people aged 3 and over,987,4,983
S01007825,3 to 15,111,0,111
S01007825,16 to 24,95,0,95
S01007825,25 to 34,83,0,83
S01007825,35 to 49,207,2,205
S01007825,50 to 64,239,1,238
S01007825,65 and over,252,1,251
S01007826,All people aged 3 and over,572,0,572
S01007826,3 to 15,107,0,107
S01007826,16 to 24,57,0,57
S01007826,25 to 34,66,0,66
S01007826,35 to 49,117,0,117
S01007826,50 to 64,100,0,100
S01007826,65 and over,125,0,125
S01007827,All people aged 3 and over,563,3,560
S01007827,3 to 15,68,0,68
S01007827,16 to 24,94,2,92
S01007827,25 to 34,123,0,123
S01007827,35 to 49,119,1,118
S01007827,50 to 64,122,0,122
S01007827,65 and over,37,0,37
S01007828,All people aged 3 and over,951,5,946
S01007828,3 to 15,62,0,62
S01007828,16 to 24,95,1,94
S01007828,25 to 34,180,1,179
S01007828,35 to 49,167,0,167
S01007828,50 to 64,179,2,177
S01007828,65 and over,268,1,267
S01007829,All people aged 3 and over,567,3,564
S01007829,3 to 15,28,0,28
S01007829,16 to 24,44,1,43
S01007829,25 to 34,65,1,64
S01007829,35 to 49,81,0,81
S01007829,50 to 64,116,1,115
S01007829,65 and over,233,0,233
S01007830,All people aged 3 and over,895,7,888
S01007830,3 to 15,77,1,76
S01007830,16 to 24,102,1,101
S01007830,25 to 34,134,0,134
S01007830,35 to 49,155,2,153
S01007830,50 to 64,173,2,171
S01007830,65 and over,254,1,253
S01007831,All people aged 3 and over,862,9,853
S01007831,3 to 15,120,0,120
S01007831,16 to 24,105,2,103
S01007831,25 to 34,124,4,120
S01007831,35 to 49,158,1,157
S01007831,50 to 64,160,2,158
S01007831,65 and over,195,0,195
S01007832,All people aged 3 and over,610,5,605
S01007832,3 to 15,59,0,59
S01007832,16 to 24,67,0,67
S01007832,25 to 34,86,3,83
S01007832,35 to 49,126,0,126
S01007832,50 to 64,135,2,133
S01007832,65 and over,137,0,137
S01007833,All people aged 3 and over,780,4,776
S01007833,3 to 15,49,0,49
S01007833,16 to 24,46,2,44
S01007833,25 to 34,42,0,42
S01007833,35 to 49,86,0,86
S01007833,50 to 64,174,1,173
S01007833,65 and over,383,1,382
S01007834,All people aged 3 and over,717,5,712
S01007834,3 to 15,92,0,92
S01007834,16 to 24,98,0,98
S01007834,25 to 34,153,1,152
S01007834,35 to 49,141,2,139
S01007834,50 to 64,121,1,120
S01007834,65 and over,112,1,111
S01007835,All people aged 3 and over,670,7,663
S01007835,3 to 15,90,1,89
S01007835,16 to 24,66,1,65
S01007835,25 to 34,87,1,86
S01007835,35 to 49,132,2,130
S01007835,50 to 64,136,2,134
S01007835,65 and over,159,0,159
S01007836,All people aged 3 and over,511,4,507
S01007836,3 to 15,43,0,43
S01007836,16 to 24,41,0,41
S01007836,25 to 34,62,1,61
S01007836,35 to 49,96,2,94
S01007836,50 to 64,128,0,128
S01007836,65 and over,141,1,140
S01007837,All people aged 3 and over,766,3,763
S01007837,3 to 15,71,0,71
S01007837,16 to 24,69,0,69
S01007837,25 to 34,52,0,52
S01007837,35 to 49,117,1,116
S01007837,50 to 64,245,2,243
S01007837,65 and over,212,0,212
S01007838,All people aged 3 and over,830,7,823
S01007838,3 to 15,92,1,91
S01007838,16 to 24,86,0,86
S01007838,25 to 34,61,1,60
S01007838,35 to 49,147,1,146
S01007838,50 to 64,187,2,185
S01007838,65 and over,257,2,255
S01007839,All people aged 3 and over,687,6,681
S01007839,3 to 15,36,0,36
S01007839,16 to 24,116,0,116
S01007839,25 to 34,88,3,85
S01007839,35 to 49,118,2,116
S01007839,50 to 64,78,0,78
S01007839,65 and over,251,1,250
S01007840,All people aged 3 and over,730,2,728
S01007840,3 to 15,83,0,83
S01007840,16 to 24,90,0,90
S01007840,25 to 34,119,0,119
S01007840,35 to 49,156,1,155
S01007840,50 to 64,118,1,117
S01007840,65 and over,164,0,164
S01007841,All people aged 3 and over,685,1,684
S01007841,3 to 15,119,0,119
S01007841,16 to 24,82,1,81
S01007841,25 to 34,110,0,110
S01007841,35 to 49,148,0,148
S01007841,50 to 64,106,0,106
S01007841,65 and over,120,0,120
S01007842,All people aged 3 and over,725,11,714
S01007842,3 to 15,150,1,149
S01007842,16 to 24,108,4,104
S01007842,25 to 34,174,3,171
S01007842,35 to 49,130,1,129
S01007842,50 to 64,101,2,99
S01007842,65 and over,62,0,62
S01007843,All people aged 3 and over,677,3,674
S01007843,3 to 15,99,0,99
S01007843,16 to 24,109,0,109
S01007843,25 to 34,92,3,89
S01007843,35 to 49,154,0,154
S01007843,50 to 64,115,0,115
S01007843,65 and over,108,0,108
S01007844,All people aged 3 and over,905,11,894
S01007844,3 to 15,132,0,132
S01007844,16 to 24,127,0,127
S01007844,25 to 34,177,3,174
S01007844,35 to 49,202,3,199
S01007844,50 to 64,150,4,146
S01007844,65 and over,117,1,116
S01007845,All people aged 3 and over,851,3,848
S01007845,3 to 15,182,0,182
S01007845,16 to 24,91,0,91
S01007845,25 to 34,141,0,141
S01007845,35 to 49,171,1,170
S01007845,50 to 64,141,0,141
S01007845,65 and over,125,2,123
S01007846,All people aged 3 and over,710,7,703
S01007846,3 to 15,134,0,134
S01007846,16 to 24,58,0,58
S01007846,25 to 34,97,0,97
S01007846,35 to 49,132,0,132
S01007846,50 to 64,168,3,165
S01007846,65 and over,121,4,117
S01007847,All people aged 3 and over,876,5,871
S01007847,3 to 15,139,0,139
S01007847,16 to 24,109,0,109
S01007847,25 to 34,127,2,125
S01007847,35 to 49,171,1,170
S01007847,50 to 64,182,0,182
S01007847,65 and over,148,2,146
S01007848,All people aged 3 and over,786,5,781
S01007848,3 to 15,143,0,143
S01007848,16 to 24,90,1,89
S01007848,25 to 34,121,1,120
S01007848,35 to 49,178,1,177
S01007848,50 to 64,139,2,137
S01007848,65 and over,115,0,115
S01007849,All people aged 3 and over,884,8,876
S01007849,3 to 15,196,1,195
S01007849,16 to 24,100,2,98
S01007849,25 to 34,162,0,162
S01007849,35 to 49,184,1,183
S01007849,50 to 64,132,2,130
S01007849,65 and over,110,2,108
S01007850,All people aged 3 and over,728,4,724
S01007850,3 to 15,113,0,113
S01007850,16 to 24,102,0,102
S01007850,25 to 34,68,1,67
S01007850,35 to 49,128,1,127
S01007850,50 to 64,173,2,171
S01007850,65 and over,144,0,144
S01007851,All people aged 3 and over,918,3,915
S01007851,3 to 15,107,0,107
S01007851,16 to 24,84,0,84
S01007851,25 to 34,56,0,56
S01007851,35 to 49,175,0,175
S01007851,50 to 64,179,1,178
S01007851,65 and over,317,2,315
S01007852,All people aged 3 and over,638,3,635
S01007852,3 to 15,98,0,98
S01007852,16 to 24,93,1,92
S01007852,25 to 34,99,0,99
S01007852,35 to 49,141,0,141
S01007852,50 to 64,123,0,123
S01007852,65 and over,84,2,82
S01007853,All people aged 3 and over,628,3,625
S01007853,3 to 15,52,0,52
S01007853,16 to 24,95,0,95
S01007853,25 to 34,72,1,71
S01007853,35 to 49,102,1,101
S01007853,50 to 64,121,1,120
S01007853,65 and over,186,0,186
S01007854,All people aged 3 and over,1090,5,1085
S01007854,3 to 15,199,0,199
S01007854,16 to 24,132,0,132
S01007854,25 to 34,151,4,147
S01007854,35 to 49,226,1,225
S01007854,50 to 64,185,0,185
S01007854,65 and over,197,0,197
S01007855,All people aged 3 and over,478,3,475
S01007855,3 to 15,50,0,50
S01007855,16 to 24,57,1,56
S01007855,25 to 34,68,0,68
S01007855,35 to 49,112,1,111
S01007855,50 to 64,111,1,110
S01007855,65 and over,80,0,80
S01007856,All people aged 3 and over,824,2,822
S01007856,3 to 15,150,0,150
S01007856,16 to 24,101,0,101
S01007856,25 to 34,97,1,96
S01007856,35 to 49,170,0,170
S01007856,50 to 64,186,0,186
S01007856,65 and over,120,1,119
S01007857,All people aged 3 and over,475,3,472
S01007857,3 to 15,91,0,91
S01007857,16 to 24,60,0,60
S01007857,25 to 34,66,0,66
S01007857,35 to 49,113,2,111
S01007857,50 to 64,71,0,71
S01007857,65 and over,74,1,73
S01007858,All people aged 3 and over,1034,5,1029
S01007858,3 to 15,155,0,155
S01007858,16 to 24,100,0,100
S01007858,25 to 34,112,1,111
S01007858,35 to 49,229,0,229
S01007858,50 to 64,194,4,190
S01007858,65 and over,244,0,244
S01007859,All people aged 3 and over,510,9,501
S01007859,3 to 15,121,1,120
S01007859,16 to 24,37,0,37
S01007859,25 to 34,65,1,64
S01007859,35 to 49,126,2,124
S01007859,50 to 64,85,3,82
S01007859,65 and over,76,2,74
S01007860,All people aged 3 and over,604,1,603
S01007860,3 to 15,159,0,159
S01007860,16 to 24,74,0,74
S01007860,25 to 34,73,0,73
S01007860,35 to 49,204,0,204
S01007860,50 to 64,68,1,67
S01007860,65 and over,26,0,26
S01007861,All people aged 3 and over,653,10,643
S01007861,3 to 15,120,0,120
S01007861,16 to 24,80,1,79
S01007861,25 to 34,76,0,76
S01007861,35 to 49,111,1,110
S01007861,50 to 64,166,4,162
S01007861,65 and over,100,4,96
S01007862,All people aged 3 and over,673,0,673
S01007862,3 to 15,98,0,98
S01007862,16 to 24,80,0,80
S01007862,25 to 34,81,0,81
S01007862,35 to 49,146,0,146
S01007862,50 to 64,158,0,158
S01007862,65 and over,110,0,110
S01007863,All people aged 3 and over,824,2,822
S01007863,3 to 15,148,0,148
S01007863,16 to 24,121,0,121
S01007863,25 to 34,150,1,149
S01007863,35 to 49,155,0,155
S01007863,50 to 64,147,0,147
S01007863,65 and over,103,1,102
S01007864,All people aged 3 and over,897,5,892
S01007864,3 to 15,126,0,126
S01007864,16 to 24,107,1,106
S01007864,25 to 34,137,1,136
S01007864,35 to 49,160,0,160
S01007864,50 to 64,165,2,163
S01007864,65 and over,202,1,201
S01007865,All people aged 3 and over,648,0,648
S01007865,3 to 15,161,0,161
S01007865,16 to 24,58,0,58
S01007865,25 to 34,94,0,94
S01007865,35 to 49,246,0,246
S01007865,50 to 64,70,0,70
S01007865,65 and over,19,0,19
S01007866,All people aged 3 and over,557,2,555
S01007866,3 to 15,107,0,107
S01007866,16 to 24,67,0,67
S01007866,25 to 34,80,1,79
S01007866,35 to 49,179,1,178
S01007866,50 to 64,105,0,105
S01007866,65 and over,19,0,19
S01007867,All people aged 3 and over,491,2,489
S01007867,3 to 15,80,0,80
S01007867,16 to 24,24,0,24
S01007867,25 to 34,87,1,86
S01007867,35 to 49,99,1,98
S01007867,50 to 64,96,0,96
S01007867,65 and over,105,0,105
S01007868,All people aged 3 and over,849,1,848
S01007868,3 to 15,91,0,91
S01007868,16 to 24,93,0,93
S01007868,25 to 34,77,0,77
S01007868,35 to 49,159,1,158
S01007868,50 to 64,291,0,291
S01007868,65 and over,138,0,138
S01007869,All people aged 3 and over,923,6,917
S01007869,3 to 15,141,0,141
S01007869,16 to 24,103,1,102
S01007869,25 to 34,124,0,124
S01007869,35 to 49,216,0,216
S01007869,50 to 64,180,1,179
S01007869,65 and over,159,4,155
S01007870,All people aged 3 and over,527,2,525
S01007870,3 to 15,69,0,69
S01007870,16 to 24,58,0,58
S01007870,25 to 34,45,0,45
S01007870,35 to 49,128,0,128
S01007870,50 to 64,137,2,135
S01007870,65 and over,90,0,90
S01007871,All people aged 3 and over,649,0,649
S01007871,3 to 15,125,0,125
S01007871,16 to 24,76,0,76
S01007871,25 to 34,68,0,68
S01007871,35 to 49,137,0,137
S01007871,50 to 64,123,0,123
S01007871,65 and over,120,0,120
S01007872,All people aged 3 and over,683,5,678
S01007872,3 to 15,125,1,124
S01007872,16 to 24,103,0,103
S01007872,25 to 34,83,1,82
S01007872,35 to 49,146,2,144
S01007872,50 to 64,142,1,141
S01007872,65 and over,84,0,84
S01007873,All people aged 3 and over,674,3,671
S01007873,3 to 15,76,0,76
S01007873,16 to 24,87,0,87
S01007873,25 to 34,50,0,50
S01007873,35 to 49,154,2,152
S01007873,50 to 64,140,1,139
S01007873,65 and over,167,0,167
S01007874,All people aged 3 and over,710,8,702
S01007874,3 to 15,72,0,72
S01007874,16 to 24,80,1,79
S01007874,25 to 34,57,1,56
S01007874,35 to 49,159,1,158
S01007874,50 to 64,151,3,148
S01007874,65 and over,191,2,189
S01007875,All people aged 3 and over,511,5,506
S01007875,3 to 15,69,0,69
S01007875,16 to 24,63,0,63
S01007875,25 to 34,47,0,47
S01007875,35 to 49,124,0,124
S01007875,50 to 64,122,3,119
S01007875,65 and over,86,2,84
S01007876,All people aged 3 and over,952,2,950
S01007876,3 to 15,176,0,176
S01007876,16 to 24,95,0,95
S01007876,25 to 34,139,0,139
S01007876,35 to 49,226,1,225
S01007876,50 to 64,174,1,173
S01007876,65 and over,142,0,142
S01007877,All people aged 3 and over,744,2,742
S01007877,3 to 15,102,0,102
S01007877,16 to 24,83,0,83
S01007877,25 to 34,68,0,68
S01007877,35 to 49,180,0,180
S01007877,50 to 64,152,1,151
S01007877,65 and over,159,1,158
S01007878,All people aged 3 and over,647,7,640
S01007878,3 to 15,87,0,87
S01007878,16 to 24,66,0,66
S01007878,25 to 34,54,1,53
S01007878,35 to 49,147,2,145
S01007878,50 to 64,135,1,134
S01007878,65 and over,158,3,155
S01007879,All people aged 3 and over,727,7,720
S01007879,3 to 15,139,0,139
S01007879,16 to 24,89,1,88
S01007879,25 to 34,86,0,86
S01007879,35 to 49,164,2,162
S01007879,50 to 64,146,4,142
S01007879,65 and over,103,0,103
S01007880,All people aged 3 and over,374,4,370
S01007880,3 to 15,38,0,38
S01007880,16 to 24,27,0,27
S01007880,25 to 34,24,0,24
S01007880,35 to 49,98,2,96
S01007880,50 to 64,116,2,114
S01007880,65 and over,71,0,71
S01007881,All people aged 3 and over,543,4,539
S01007881,3 to 15,91,0,91
S01007881,16 to 24,63,0,63
S01007881,25 to 34,56,0,56
S01007881,35 to 49,137,3,134
S01007881,50 to 64,90,1,89
S01007881,65 and over,106,0,106
S01007882,All people aged 3 and over,718,7,711
S01007882,3 to 15,104,1,103
S01007882,16 to 24,82,0,82
S01007882,25 to 34,67,1,66
S01007882,35 to 49,206,1,205
S01007882,50 to 64,176,3,173
S01007882,65 and over,83,1,82
S01007883,All people aged 3 and over,1013,16,997
S01007883,3 to 15,140,1,139
S01007883,16 to 24,98,0,98
S01007883,25 to 34,131,3,128
S01007883,35 to 49,251,0,251
S01007883,50 to 64,226,8,218
S01007883,65 and over,167,4,163
S01007884,All people aged 3 and over,610,1,609
S01007884,3 to 15,96,0,96
S01007884,16 to 24,78,0,78
S01007884,25 to 34,73,1,72
S01007884,35 to 49,143,0,143
S01007884,50 to 64,121,0,121
S01007884,65 and over,99,0,99
S01007885,All people aged 3 and over,711,8,703
S01007885,3 to 15,98,3,95
S01007885,16 to 24,112,2,110
S01007885,25 to 34,74,2,72
S01007885,35 to 49,166,0,166
S01007885,50 to 64,134,1,133
S01007885,65 and over,127,0,127
S01007886,All people aged 3 and over,844,13,831
S01007886,3 to 15,102,1,101
S01007886,16 to 24,100,2,98
S01007886,25 to 34,83,1,82
S01007886,35 to 49,210,4,206
S01007886,50 to 64,186,4,182
S01007886,65 and over,163,1,162
S01007887,All people aged 3 and over,566,3,563
S01007887,3 to 15,85,0,85
S01007887,16 to 24,59,0,59
S01007887,25 to 34,49,1,48
S01007887,35 to 49,138,0,138
S01007887,50 to 64,134,2,132
S01007887,65 and over,101,0,101
S01007888,All people aged 3 and over,1018,1,1017
S01007888,3 to 15,189,1,188
S01007888,16 to 24,137,0,137
S01007888,25 to 34,145,0,145
S01007888,35 to 49,237,0,237
S01007888,50 to 64,190,0,190
S01007888,65 and over,120,0,120
S01007889,All people aged 3 and over,519,5,514
S01007889,3 to 15,76,1,75
S01007889,16 to 24,56,0,56
S01007889,25 to 34,51,0,51
S01007889,35 to 49,109,4,105
S01007889,50 to 64,103,0,103
S01007889,65 and over,124,0,124
S01007890,All people aged 3 and over,715,4,711
S01007890,3 to 15,121,0,121
S01007890,16 to 24,72,0,72
S01007890,25 to 34,66,0,66
S01007890,35 to 49,183,1,182
S01007890,50 to 64,153,3,150
S01007890,65 and over,120,0,120
S01007891,All people aged 3 and over,842,3,839
S01007891,3 to 15,128,0,128
S01007891,16 to 24,90,0,90
S01007891,25 to 34,114,0,114
S01007891,35 to 49,170,0,170
S01007891,50 to 64,178,3,175
S01007891,65 and over,162,0,162
S01007892,All people aged 3 and over,715,4,711
S01007892,3 to 15,81,0,81
S01007892,16 to 24,71,0,71
S01007892,25 to 34,66,0,66
S01007892,35 to 49,164,1,163
S01007892,50 to 64,179,3,176
S01007892,65 and over,154,0,154
S01007893,All people aged 3 and over,1003,4,999
S01007893,3 to 15,135,0,135
S01007893,16 to 24,105,0,105
S01007893,25 to 34,89,3,86
S01007893,35 to 49,222,0,222
S01007893,50 to 64,229,0,229
S01007893,65 and over,223,1,222
S01007894,All people aged 3 and over,889,6,883
S01007894,3 to 15,128,0,128
S01007894,16 to 24,117,0,117
S01007894,25 to 34,84,1,83
S01007894,35 to 49,203,2,201
S01007894,50 to 64,204,3,201
S01007894,65 and over,153,0,153
S01007895,All people aged 3 and over,527,2,525
S01007895,3 to 15,65,0,65
S01007895,16 to 24,57,0,57
S01007895,25 to 34,51,0,51
S01007895,35 to 49,112,0,112
S01007895,50 to 64,108,1,107
S01007895,65 and over,134,1,133
S01007896,All people aged 3 and over,833,1,832
S01007896,3 to 15,132,0,132
S01007896,16 to 24,103,0,103
S01007896,25 to 34,91,1,90
S01007896,35 to 49,194,0,194
S01007896,50 to 64,162,0,162
S01007896,65 and over,151,0,151
S01007897,All people aged 3 and over,430,5,425
S01007897,3 to 15,72,0,72
S01007897,16 to 24,41,1,40
S01007897,25 to 34,32,0,32
S01007897,35 to 49,105,1,104
S01007897,50 to 64,109,2,107
S01007897,65 and over,71,1,70
S01007898,All people aged 3 and over,432,9,423
S01007898,3 to 15,69,0,69
S01007898,16 to 24,48,0,48
S01007898,25 to 34,24,0,24
S01007898,35 to 49,118,5,113
S01007898,50 to 64,116,4,112
S01007898,65 and over,57,0,57
S01007899,All people aged 3 and over,341,1,340
S01007899,3 to 15,33,0,33
S01007899,16 to 24,47,0,47
S01007899,25 to 34,32,1,31
S01007899,35 to 49,75,0,75
S01007899,50 to 64,95,0,95
S01007899,65 and over,59,0,59
S01007900,All people aged 3 and over,531,3,528
S01007900,3 to 15,80,0,80
S01007900,16 to 24,76,0,76
S01007900,25 to 34,46,0,46
S01007900,35 to 49,120,1,119
S01007900,50 to 64,104,2,102
S01007900,65 and over,105,0,105
S01007901,All people aged 3 and over,674,4,670
S01007901,3 to 15,98,0,98
S01007901,16 to 24,97,1,96
S01007901,25 to 34,90,1,89
S01007901,35 to 49,134,1,133
S01007901,50 to 64,132,1,131
S01007901,65 and over,123,0,123
S01007902,All people aged 3 and over,849,7,842
S01007902,3 to 15,117,1,116
S01007902,16 to 24,97,0,97
S01007902,25 to 34,117,0,117
S01007902,35 to 49,170,2,168
S01007902,50 to 64,190,2,188
S01007902,65 and over,158,2,156
S01007903,All people aged 3 and over,629,4,625
S01007903,3 to 15,66,1,65
S01007903,16 to 24,57,0,57
S01007903,25 to 34,52,0,52
S01007903,35 to 49,132,0,132
S01007903,50 to 64,163,2,161
S01007903,65 and over,159,1,158
S01007904,All people aged 3 and over,833,6,827
S01007904,3 to 15,136,0,136
S01007904,16 to 24,118,0,118
S01007904,25 to 34,50,0,50
S01007904,35 to 49,193,2,191
S01007904,50 to 64,195,4,191
S01007904,65 and over,141,0,141
S01007905,All people aged 3 and over,662,4,658
S01007905,3 to 15,115,0,115
S01007905,16 to 24,84,1,83
S01007905,25 to 34,62,0,62
S01007905,35 to 49,180,2,178
S01007905,50 to 64,120,0,120
S01007905,65 and over,101,1,100
S01007906,All people aged 3 and over,704,4,700
S01007906,3 to 15,79,0,79
S01007906,16 to 24,63,1,62
S01007906,25 to 34,56,0,56
S01007906,35 to 49,144,1,143
S01007906,50 to 64,148,1,147
S01007906,65 and over,214,1,213
S01007907,All people aged 3 and over,531,5,526
S01007907,3 to 15,56,0,56
S01007907,16 to 24,60,0,60
S01007907,25 to 34,48,1,47
S01007907,35 to 49,97,1,96
S01007907,50 to 64,139,2,137
S01007907,65 and over,131,1,130
S01007908,All people aged 3 and over,891,10,881
S01007908,3 to 15,95,1,94
S01007908,16 to 24,100,0,100
S01007908,25 to 34,70,2,68
S01007908,35 to 49,173,3,170
S01007908,50 to 64,223,2,221
S01007908,65 and over,230,2,228
S01007909,All people aged 3 and over,520,5,515
S01007909,3 to 15,98,1,97
S01007909,16 to 24,70,0,70
S01007909,25 to 34,77,0,77
S01007909,35 to 49,113,2,111
S01007909,50 to 64,97,1,96
S01007909,65 and over,65,1,64
S01007910,All people aged 3 and over,869,5,864
S01007910,3 to 15,174,2,172
S01007910,16 to 24,131,0,131
S01007910,25 to 34,119,2,117
S01007910,35 to 49,190,1,189
S01007910,50 to 64,166,0,166
S01007910,65 and over,89,0,89
S01007911,All people aged 3 and over,748,0,748
S01007911,3 to 15,115,0,115
S01007911,16 to 24,81,0,81
S01007911,25 to 34,79,0,79
S01007911,35 to 49,170,0,170
S01007911,50 to 64,164,0,164
S01007911,65 and over,139,0,139
S01007912,All people aged 3 and over,727,2,725
S01007912,3 to 15,65,1,64
S01007912,16 to 24,96,0,96
S01007912,25 to 34,70,0,70
S01007912,35 to 49,173,0,173
S01007912,50 to 64,156,1,155
S01007912,65 and over,167,0,167
S01007913,All people aged 3 and over,593,4,589
S01007913,3 to 15,84,1,83
S01007913,16 to 24,76,0,76
S01007913,25 to 34,56,0,56
S01007913,35 to 49,138,0,138
S01007913,50 to 64,115,3,112
S01007913,65 and over,124,0,124
S01007914,All people aged 3 and over,606,2,604
S01007914,3 to 15,89,0,89
S01007914,16 to 24,89,1,88
S01007914,25 to 34,77,1,76
S01007914,35 to 49,124,0,124
S01007914,50 to 64,124,0,124
S01007914,65 and over,103,0,103
S01007915,All people aged 3 and over,800,5,795
S01007915,3 to 15,114,1,113
S01007915,16 to 24,105,0,105
S01007915,25 to 34,114,2,112
S01007915,35 to 49,163,2,161
S01007915,50 to 64,172,0,172
S01007915,65 and over,132,0,132
S01007916,All people aged 3 and over,794,5,789
S01007916,3 to 15,90,2,88
S01007916,16 to 24,79,0,79
S01007916,25 to 34,60,0,60
S01007916,35 to 49,163,0,163
S01007916,50 to 64,177,1,176
S01007916,65 and over,225,2,223
S01007917,All people aged 3 and over,828,8,820
S01007917,3 to 15,97,3,94
S01007917,16 to 24,93,0,93
S01007917,25 to 34,101,1,100
S01007917,35 to 49,171,3,168
S01007917,50 to 64,197,0,197
S01007917,65 and over,169,1,168
S01007918,All people aged 3 and over,903,12,891
S01007918,3 to 15,109,0,109
S01007918,16 to 24,112,2,110
S01007918,25 to 34,88,2,86
S01007918,35 to 49,206,2,204
S01007918,50 to 64,202,4,198
S01007918,65 and over,186,2,184
S01007919,All people aged 3 and over,751,12,739
S01007919,3 to 15,102,3,99
S01007919,16 to 24,72,0,72
S01007919,25 to 34,65,2,63
S01007919,35 to 49,182,2,180
S01007919,50 to 64,201,3,198
S01007919,65 and over,129,2,127
S01007920,All people aged 3 and over,589,3,586
S01007920,3 to 15,96,0,96
S01007920,16 to 24,58,0,58
S01007920,25 to 34,92,0,92
S01007920,35 to 49,117,0,117
S01007920,50 to 64,131,1,130
S01007920,65 and over,95,2,93
S01007921,All people aged 3 and over,900,9,891
S01007921,3 to 15,124,0,124
S01007921,16 to 24,117,1,116
S01007921,25 to 34,96,0,96
S01007921,35 to 49,200,2,198
S01007921,50 to 64,188,3,185
S01007921,65 and over,175,3,172
S01007922,All people aged 3 and over,847,6,841
S01007922,3 to 15,129,1,128
S01007922,16 to 24,110,0,110
S01007922,25 to 34,103,0,103
S01007922,35 to 49,205,3,202
S01007922,50 to 64,162,1,161
S01007922,65 and over,138,1,137
S01007923,All people aged 3 and over,936,4,932
S01007923,3 to 15,122,0,122
S01007923,16 to 24,96,2,94
S01007923,25 to 34,137,1,136
S01007923,35 to 49,204,0,204
S01007923,50 to 64,214,1,213
S01007923,65 and over,163,0,163
S01007924,All people aged 3 and over,993,7,986
S01007924,3 to 15,167,2,165
S01007924,16 to 24,112,0,112
S01007924,25 to 34,102,0,102
S01007924,35 to 49,231,4,227
S01007924,50 to 64,198,0,198
S01007924,65 and over,183,1,182
S01007925,All people aged 3 and over,456,3,453
S01007925,3 to 15,69,0,69
S01007925,16 to 24,55,0,55
S01007925,25 to 34,34,0,34
S01007925,35 to 49,109,2,107
S01007925,50 to 64,122,1,121
S01007925,65 and over,67,0,67
S01007926,All people aged 3 and over,464,2,462
S01007926,3 to 15,71,0,71
S01007926,16 to 24,42,0,42
S01007926,25 to 34,30,0,30
S01007926,35 to 49,122,1,121
S01007926,50 to 64,125,1,124
S01007926,65 and over,74,0,74
S01007927,All people aged 3 and over,603,9,594
S01007927,3 to 15,78,1,77
S01007927,16 to 24,73,0,73
S01007927,25 to 34,41,0,41
S01007927,35 to 49,161,5,156
S01007927,50 to 64,160,3,157
S01007927,65 and over,90,0,90
S01007928,All people aged 3 and over,1013,10,1003
S01007928,3 to 15,163,3,160
S01007928,16 to 24,91,0,91
S01007928,25 to 34,61,0,61
S01007928,35 to 49,255,2,253
S01007928,50 to 64,222,2,220
S01007928,65 and over,221,3,218
S01007929,All people aged 3 and over,707,6,701
S01007929,3 to 15,109,2,107
S01007929,16 to 24,76,0,76
S01007929,25 to 34,67,1,66
S01007929,35 to 49,188,2,186
S01007929,50 to 64,199,0,199
S01007929,65 and over,68,1,67
S01007930,All people aged 3 and over,573,14,559
S01007930,3 to 15,100,3,97
S01007930,16 to 24,55,1,54
S01007930,25 to 34,41,0,41
S01007930,35 to 49,158,3,155
S01007930,50 to 64,141,3,138
S01007930,65 and over,78,4,74
S01007931,All people aged 3 and over,1069,14,1055
S01007931,3 to 15,157,0,157
S01007931,16 to 24,74,2,72
S01007931,25 to 34,112,0,112
S01007931,35 to 49,243,3,240
S01007931,50 to 64,241,3,238
S01007931,65 and over,242,6,236
S01007932,All people aged 3 and over,813,9,804
S01007932,3 to 15,88,0,88
S01007932,16 to 24,81,1,80
S01007932,25 to 34,72,0,72
S01007932,35 to 49,139,1,138
S01007932,50 to 64,225,3,222
S01007932,65 and over,208,4,204
S01007933,All people aged 3 and over,843,6,837
S01007933,3 to 15,193,0,193
S01007933,16 to 24,92,1,91
S01007933,25 to 34,86,0,86
S01007933,35 to 49,214,1,213
S01007933,50 to 64,156,2,154
S01007933,65 and over,102,2,100
S01007934,All people aged 3 and over,688,3,685
S01007934,3 to 15,127,0,127
S01007934,16 to 24,99,0,99
S01007934,25 to 34,61,1,60
S01007934,35 to 49,175,2,173
S01007934,50 to 64,117,0,117
S01007934,65 and over,109,0,109
S01007935,All people aged 3 and over,778,10,768
S01007935,3 to 15,100,0,100
S01007935,16 to 24,92,0,92
S01007935,25 to 34,122,3,119
S01007935,35 to 49,166,5,161
S01007935,50 to 64,147,0,147
S01007935,65 and over,151,2,149
S01007936,All people aged 3 and over,973,6,967
S01007936,3 to 15,182,0,182
S01007936,16 to 24,91,0,91
S01007936,25 to 34,97,0,97
S01007936,35 to 49,288,0,288
S01007936,50 to 64,195,3,192
S01007936,65 and over,120,3,117
S01007937,All people aged 3 and over,1010,7,1003
S01007937,3 to 15,145,3,142
S01007937,16 to 24,116,1,115
S01007937,25 to 34,120,0,120
S01007937,35 to 49,248,1,247
S01007937,50 to 64,244,1,243
S01007937,65 and over,137,1,136
S01007938,All people aged 3 and over,716,2,714
S01007938,3 to 15,84,0,84
S01007938,16 to 24,90,0,90
S01007938,25 to 34,86,1,85
S01007938,35 to 49,144,0,144
S01007938,50 to 64,159,0,159
S01007938,65 and over,153,1,152
S01007939,All people aged 3 and over,865,10,855
S01007939,3 to 15,152,2,150
S01007939,16 to 24,97,0,97
S01007939,25 to 34,113,1,112
S01007939,35 to 49,180,3,177
S01007939,50 to 64,150,2,148
S01007939,65 and over,173,2,171
S01007940,All people aged 3 and over,1028,6,1022
S01007940,3 to 15,157,1,156
S01007940,16 to 24,93,0,93
S01007940,25 to 34,108,0,108
S01007940,35 to 49,240,2,238
S01007940,50 to 64,217,0,217
S01007940,65 and over,213,3,210
S01007941,All people aged 3 and over,618,0,618
S01007941,3 to 15,74,0,74
S01007941,16 to 24,74,0,74
S01007941,25 to 34,44,0,44
S01007941,35 to 49,124,0,124
S01007941,50 to 64,213,0,213
S01007941,65 and over,89,0,89
S01007942,All people aged 3 and over,468,3,465
S01007942,3 to 15,106,1,105
S01007942,16 to 24,47,2,45
S01007942,25 to 34,74,0,74
S01007942,35 to 49,124,0,124
S01007942,50 to 64,75,0,75
S01007942,65 and over,42,0,42
S01007943,All people aged 3 and over,633,14,619
S01007943,3 to 15,69,2,67
S01007943,16 to 24,49,2,47
S01007943,25 to 34,59,0,59
S01007943,35 to 49,115,3,112
S01007943,50 to 64,174,6,168
S01007943,65 and over,167,1,166
S01007944,All people aged 3 and over,888,9,879
S01007944,3 to 15,124,2,122
S01007944,16 to 24,86,0,86
S01007944,25 to 34,89,1,88
S01007944,35 to 49,210,1,209
S01007944,50 to 64,196,4,192
S01007944,65 and over,183,1,182
S01007945,All people aged 3 and over,826,9,817
S01007945,3 to 15,103,0,103
S01007945,16 to 24,95,0,95
S01007945,25 to 34,76,1,75
S01007945,35 to 49,177,5,172
S01007945,50 to 64,206,2,204
S01007945,65 and over,169,1,168
S01007946,All people aged 3 and over,757,7,750
S01007946,3 to 15,94,0,94
S01007946,16 to 24,86,0,86
S01007946,25 to 34,82,3,79
S01007946,35 to 49,198,3,195
S01007946,50 to 64,166,1,165
S01007946,65 and over,131,0,131
S01007947,All people aged 3 and over,738,6,732
S01007947,3 to 15,120,1,119
S01007947,16 to 24,71,0,71
S01007947,25 to 34,60,0,60
S01007947,35 to 49,181,1,180
S01007947,50 to 64,158,2,156
S01007947,65 and over,148,2,146
S01007948,All people aged 3 and over,641,12,629
S01007948,3 to 15,115,6,109
S01007948,16 to 24,78,2,76
S01007948,25 to 34,68,2,66
S01007948,35 to 49,139,2,137
S01007948,50 to 64,140,0,140
S01007948,65 and over,101,0,101
S01007949,All people aged 3 and over,734,5,729
S01007949,3 to 15,80,0,80
S01007949,16 to 24,79,0,79
S01007949,25 to 34,63,0,63
S01007949,35 to 49,156,0,156
S01007949,50 to 64,194,4,190
S01007949,65 and over,162,1,161
S01007950,All people aged 3 and over,861,2,859
S01007950,3 to 15,126,1,125
S01007950,16 to 24,93,0,93
S01007950,25 to 34,72,0,72
S01007950,35 to 49,217,0,217
S01007950,50 to 64,203,1,202
S01007950,65 and over,150,0,150
S01007951,All people aged 3 and over,734,1,733
S01007951,3 to 15,115,0,115
S01007951,16 to 24,92,1,91
S01007951,25 to 34,70,0,70
S01007951,35 to 49,197,0,197
S01007951,50 to 64,130,0,130
S01007951,65 and over,130,0,130
S01007952,All people aged 3 and over,601,1,600
S01007952,3 to 15,58,0,58
S01007952,16 to 24,73,0,73
S01007952,25 to 34,61,0,61
S01007952,35 to 49,108,0,108
S01007952,50 to 64,137,1,136
S01007952,65 and over,164,0,164
S01007953,All people aged 3 and over,907,1,906
S01007953,3 to 15,144,0,144
S01007953,16 to 24,121,0,121
S01007953,25 to 34,104,1,103
S01007953,35 to 49,207,0,207
S01007953,50 to 64,190,0,190
S01007953,65 and over,141,0,141
S01007954,All people aged 3 and over,706,9,697
S01007954,3 to 15,120,1,119
S01007954,16 to 24,90,0,90
S01007954,25 to 34,100,0,100
S01007954,35 to 49,157,3,154
S01007954,50 to 64,149,2,147
S01007954,65 and over,90,3,87
S01007955,All people aged 3 and over,786,4,782
S01007955,3 to 15,150,0,150
S01007955,16 to 24,125,0,125
S01007955,25 to 34,123,1,122
S01007955,35 to 49,170,3,167
S01007955,50 to 64,138,0,138
S01007955,65 and over,80,0,80
S01007956,All people aged 3 and over,714,2,712
S01007956,3 to 15,137,0,137
S01007956,16 to 24,105,0,105
S01007956,25 to 34,99,1,98
S01007956,35 to 49,155,1,154
S01007956,50 to 64,109,0,109
S01007956,65 and over,109,0,109
S01007957,All people aged 3 and over,906,3,903
S01007957,3 to 15,111,0,111
S01007957,16 to 24,88,0,88
S01007957,25 to 34,100,0,100
S01007957,35 to 49,188,1,187
S01007957,50 to 64,197,0,197
S01007957,65 and over,222,2,220
S01007958,All people aged 3 and over,847,11,836
S01007958,3 to 15,107,0,107
S01007958,16 to 24,112,3,109
S01007958,25 to 34,105,2,103
S01007958,35 to 49,177,1,176
S01007958,50 to 64,174,4,170
S01007958,65 and over,172,1,171
S01007959,All people aged 3 and over,752,1,751
S01007959,3 to 15,62,0,62
S01007959,16 to 24,58,0,58
S01007959,25 to 34,68,0,68
S01007959,35 to 49,149,0,149
S01007959,50 to 64,195,1,194
S01007959,65 and over,220,0,220
S01007960,All people aged 3 and over,675,9,666
S01007960,3 to 15,104,1,103
S01007960,16 to 24,70,1,69
S01007960,25 to 34,82,1,81
S01007960,35 to 49,182,4,178
S01007960,50 to 64,134,0,134
S01007960,65 and over,103,2,101
S01007961,All people aged 3 and over,1188,28,1160
S01007961,3 to 15,85,0,85
S01007961,16 to 24,173,0,173
S01007961,25 to 34,256,11,245
S01007961,35 to 49,323,15,308
S01007961,50 to 64,198,1,197
S01007961,65 and over,153,1,152
S01007962,All people aged 3 and over,565,12,553
S01007962,3 to 15,122,7,115
S01007962,16 to 24,70,0,70
S01007962,25 to 34,74,0,74
S01007962,35 to 49,155,1,154
S01007962,50 to 64,84,2,82
S01007962,65 and over,60,2,58
S01007963,All people aged 3 and over,951,11,940
S01007963,3 to 15,249,3,246
S01007963,16 to 24,142,2,140
S01007963,25 to 34,137,2,135
S01007963,35 to 49,196,2,194
S01007963,50 to 64,133,1,132
S01007963,65 and over,94,1,93
S01007964,All people aged 3 and over,762,7,755
S01007964,3 to 15,119,0,119
S01007964,16 to 24,98,1,97
S01007964,25 to 34,95,0,95
S01007964,35 to 49,151,2,149
S01007964,50 to 64,141,2,139
S01007964,65 and over,158,2,156
S01007965,All people aged 3 and over,552,2,550
S01007965,3 to 15,96,0,96
S01007965,16 to 24,62,0,62
S01007965,25 to 34,70,1,69
S01007965,35 to 49,120,0,120
S01007965,50 to 64,109,0,109
S01007965,65 and over,95,1,94
S01007966,All people aged 3 and over,930,6,924
S01007966,3 to 15,197,2,195
S01007966,16 to 24,116,0,116
S01007966,25 to 34,114,1,113
S01007966,35 to 49,188,1,187
S01007966,50 to 64,177,1,176
S01007966,65 and over,138,1,137
S01007967,All people aged 3 and over,598,6,592
S01007967,3 to 15,134,0,134
S01007967,16 to 24,98,3,95
S01007967,25 to 34,74,0,74
S01007967,35 to 49,136,1,135
S01007967,50 to 64,99,2,97
S01007967,65 and over,57,0,57
S01007968,All people aged 3 and over,842,1,841
S01007968,3 to 15,101,0,101
S01007968,16 to 24,88,0,88
S01007968,25 to 34,108,0,108
S01007968,35 to 49,161,1,160
S01007968,50 to 64,187,0,187
S01007968,65 and over,197,0,197
S01007969,All people aged 3 and over,799,13,786
S01007969,3 to 15,99,7,92
S01007969,16 to 24,83,0,83
S01007969,25 to 34,116,1,115
S01007969,35 to 49,156,1,155
S01007969,50 to 64,165,2,163
S01007969,65 and over,180,2,178
S01007970,All people aged 3 and over,841,9,832
S01007970,3 to 15,134,3,131
S01007970,16 to 24,79,0,79
S01007970,25 to 34,135,2,133
S01007970,35 to 49,179,1,178
S01007970,50 to 64,159,1,158
S01007970,65 and over,155,2,153
S01007971,All people aged 3 and over,897,6,891
S01007971,3 to 15,101,0,101
S01007971,16 to 24,100,1,99
S01007971,25 to 34,122,1,121
S01007971,35 to 49,182,2,180
S01007971,50 to 64,193,1,192
S01007971,65 and over,199,1,198
S01007972,All people aged 3 and over,808,5,803
S01007972,3 to 15,103,0,103
S01007972,16 to 24,95,0,95
S01007972,25 to 34,93,0,93
S01007972,35 to 49,168,1,167
S01007972,50 to 64,174,1,173
S01007972,65 and over,175,3,172
S01007973,All people aged 3 and over,798,2,796
S01007973,3 to 15,74,0,74
S01007973,16 to 24,88,2,86
S01007973,25 to 34,67,0,67
S01007973,35 to 49,164,0,164
S01007973,50 to 64,252,0,252
S01007973,65 and over,153,0,153
S01007974,All people aged 3 and over,789,11,778
S01007974,3 to 15,90,5,85
S01007974,16 to 24,79,0,79
S01007974,25 to 34,110,0,110
S01007974,35 to 49,195,1,194
S01007974,50 to 64,140,4,136
S01007974,65 and over,175,1,174
S01007975,All people aged 3 and over,634,11,623
S01007975,3 to 15,73,0,73
S01007975,16 to 24,79,2,77
S01007975,25 to 34,77,1,76
S01007975,35 to 49,126,1,125
S01007975,50 to 64,131,4,127
S01007975,65 and over,148,3,145
S01007976,All people aged 3 and over,685,2,683
S01007976,3 to 15,40,0,40
S01007976,16 to 24,60,2,58
S01007976,25 to 34,104,0,104
S01007976,35 to 49,119,0,119
S01007976,50 to 64,159,0,159
S01007976,65 and over,203,0,203
S01007977,All people aged 3 and over,621,3,618
S01007977,3 to 15,63,0,63
S01007977,16 to 24,83,0,83
S01007977,25 to 34,110,1,109
S01007977,35 to 49,151,1,150
S01007977,50 to 64,114,0,114
S01007977,65 and over,100,1,99
S01007978,All people aged 3 and over,544,5,539
S01007978,3 to 15,39,0,39
S01007978,16 to 24,62,2,60
S01007978,25 to 34,126,1,125
S01007978,35 to 49,141,2,139
S01007978,50 to 64,85,0,85
S01007978,65 and over,91,0,91
S01007979,All people aged 3 and over,808,6,802
S01007979,3 to 15,101,1,100
S01007979,16 to 24,100,0,100
S01007979,25 to 34,113,3,110
S01007979,35 to 49,168,1,167
S01007979,50 to 64,192,0,192
S01007979,65 and over,134,1,133
S01007980,All people aged 3 and over,692,3,689
S01007980,3 to 15,81,1,80
S01007980,16 to 24,84,0,84
S01007980,25 to 34,62,0,62
S01007980,35 to 49,145,1,144
S01007980,50 to 64,154,0,154
S01007980,65 and over,166,1,165
S01007981,All people aged 3 and over,537,4,533
S01007981,3 to 15,49,0,49
S01007981,16 to 24,41,0,41
S01007981,25 to 34,36,0,36
S01007981,35 to 49,93,0,93
S01007981,50 to 64,171,1,170
S01007981,65 and over,147,3,144
S01007982,All people aged 3 and over,504,1,503
S01007982,3 to 15,65,0,65
S01007982,16 to 24,60,0,60
S01007982,25 to 34,25,1,24
S01007982,35 to 49,100,0,100
S01007982,50 to 64,133,0,133
S01007982,65 and over,121,0,121
S01007983,All people aged 3 and over,762,4,758
S01007983,3 to 15,113,0,113
S01007983,16 to 24,89,0,89
S01007983,25 to 34,62,1,61
S01007983,35 to 49,169,2,167
S01007983,50 to 64,106,0,106
S01007983,65 and over,223,1,222
S01007984,All people aged 3 and over,796,4,792
S01007984,3 to 15,115,0,115
S01007984,16 to 24,65,0,65
S01007984,25 to 34,84,4,80
S01007984,35 to 49,189,0,189
S01007984,50 to 64,137,0,137
S01007984,65 and over,206,0,206
S01007985,All people aged 3 and over,897,0,897
S01007985,3 to 15,153,0,153
S01007985,16 to 24,127,0,127
S01007985,25 to 34,95,0,95
S01007985,35 to 49,209,0,209
S01007985,50 to 64,144,0,144
S01007985,65 and over,169,0,169
S01007986,All people aged 3 and over,554,3,551
S01007986,3 to 15,79,0,79
S01007986,16 to 24,75,0,75
S01007986,25 to 34,38,0,38
S01007986,35 to 49,144,1,143
S01007986,50 to 64,87,0,87
S01007986,65 and over,131,2,129
S01007987,All people aged 3 and over,744,4,740
S01007987,3 to 15,123,0,123
S01007987,16 to 24,86,0,86
S01007987,25 to 34,71,1,70
S01007987,35 to 49,188,1,187
S01007987,50 to 64,163,1,162
S01007987,65 and over,113,1,112
S01007988,All people aged 3 and over,785,3,782
S01007988,3 to 15,118,0,118
S01007988,16 to 24,77,0,77
S01007988,25 to 34,108,0,108
S01007988,35 to 49,151,3,148
S01007988,50 to 64,178,0,178
S01007988,65 and over,153,0,153
S01007989,All people aged 3 and over,689,6,683
S01007989,3 to 15,138,1,137
S01007989,16 to 24,97,0,97
S01007989,25 to 34,97,0,97
S01007989,35 to 49,133,0,133
S01007989,50 to 64,159,1,158
S01007989,65 and over,65,4,61
S01007990,All people aged 3 and over,900,2,898
S01007990,3 to 15,217,1,216
S01007990,16 to 24,120,0,120
S01007990,25 to 34,104,1,103
S01007990,35 to 49,266,0,266
S01007990,50 to 64,128,0,128
S01007990,65 and over,65,0,65
S01007991,All people aged 3 and over,910,27,883
S01007991,3 to 15,190,10,180
S01007991,16 to 24,88,2,86
S01007991,25 to 34,105,0,105
S01007991,35 to 49,314,12,302
S01007991,50 to 64,159,3,156
S01007991,65 and over,54,0,54
S01007992,All people aged 3 and over,630,8,622
S01007992,3 to 15,136,2,134
S01007992,16 to 24,77,1,76
S01007992,25 to 34,83,1,82
S01007992,35 to 49,199,3,196
S01007992,50 to 64,107,1,106
S01007992,65 and over,28,0,28
S01007993,All people aged 3 and over,795,8,787
S01007993,3 to 15,92,0,92
S01007993,16 to 24,87,0,87
S01007993,25 to 34,90,1,89
S01007993,35 to 49,172,3,169
S01007993,50 to 64,239,3,236
S01007993,65 and over,115,1,114
S01007994,All people aged 3 and over,805,12,793
S01007994,3 to 15,200,3,197
S01007994,16 to 24,59,2,57
S01007994,25 to 34,114,2,112
S01007994,35 to 49,293,2,291
S01007994,50 to 64,110,3,107
S01007994,65 and over,29,0,29
S01007995,All people aged 3 and over,845,8,837
S01007995,3 to 15,162,2,160
S01007995,16 to 24,99,0,99
S01007995,25 to 34,81,0,81
S01007995,35 to 49,272,3,269
S01007995,50 to 64,175,3,172
S01007995,65 and over,56,0,56
S01007996,All people aged 3 and over,455,4,451
S01007996,3 to 15,63,1,62
S01007996,16 to 24,51,1,50
S01007996,25 to 34,26,0,26
S01007996,35 to 49,113,0,113
S01007996,50 to 64,127,1,126
S01007996,65 and over,75,1,74
S01007997,All people aged 3 and over,656,7,649
S01007997,3 to 15,75,3,72
S01007997,16 to 24,65,0,65
S01007997,25 to 34,54,0,54
S01007997,35 to 49,119,1,118
S01007997,50 to 64,203,2,201
S01007997,65 and over,140,1,139
S01007998,All people aged 3 and over,505,11,494
S01007998,3 to 15,54,1,53
S01007998,16 to 24,49,0,49
S01007998,25 to 34,54,0,54
S01007998,35 to 49,107,5,102
S01007998,50 to 64,126,3,123
S01007998,65 and over,115,2,113
S01007999,All people aged 3 and over,629,5,624
S01007999,3 to 15,85,2,83
S01007999,16 to 24,90,0,90
S01007999,25 to 34,77,0,77
S01007999,35 to 49,163,2,161
S01007999,50 to 64,127,1,126
S01007999,65 and over,87,0,87
S01008000,All people aged 3 and over,877,12,865
S01008000,3 to 15,144,1,143
S01008000,16 to 24,116,2,114
S01008000,25 to 34,113,1,112
S01008000,35 to 49,199,3,196
S01008000,50 to 64,135,4,131
S01008000,65 and over,170,1,169
S01008001,All people aged 3 and over,827,7,820
S01008001,3 to 15,172,1,171
S01008001,16 to 24,109,0,109
S01008001,25 to 34,119,1,118
S01008001,35 to 49,178,1,177
S01008001,50 to 64,149,4,145
S01008001,65 and over,100,0,100
S01008002,All people aged 3 and over,754,6,748
S01008002,3 to 15,143,1,142
S01008002,16 to 24,118,1,117
S01008002,25 to 34,91,0,91
S01008002,35 to 49,171,3,168
S01008002,50 to 64,170,1,169
S01008002,65 and over,61,0,61
S01008003,All people aged 3 and over,646,4,642
S01008003,3 to 15,113,0,113
S01008003,16 to 24,72,1,71
S01008003,25 to 34,85,1,84
S01008003,35 to 49,158,0,158
S01008003,50 to 64,103,2,101
S01008003,65 and over,115,0,115
S01008004,All people aged 3 and over,631,7,624
S01008004,3 to 15,166,2,164
S01008004,16 to 24,60,0,60
S01008004,25 to 34,132,2,130
S01008004,35 to 49,174,1,173
S01008004,50 to 64,72,0,72
S01008004,65 and over,27,2,25
S01008005,All people aged 3 and over,520,6,514
S01008005,3 to 15,123,2,121
S01008005,16 to 24,66,0,66
S01008005,25 to 34,151,2,149
S01008005,35 to 49,128,2,126
S01008005,50 to 64,39,0,39
S01008005,65 and over,13,0,13
S01008006,All people aged 3 and over,557,3,554
S01008006,3 to 15,112,0,112
S01008006,16 to 24,83,1,82
S01008006,25 to 34,64,0,64
S01008006,35 to 49,130,2,128
S01008006,50 to 64,89,0,89
S01008006,65 and over,79,0,79
S01008007,All people aged 3 and over,411,3,408
S01008007,3 to 15,75,1,74
S01008007,16 to 24,73,0,73
S01008007,25 to 34,60,0,60
S01008007,35 to 49,100,0,100
S01008007,50 to 64,79,2,77
S01008007,65 and over,24,0,24
S01008008,All people aged 3 and over,606,7,599
S01008008,3 to 15,147,3,144
S01008008,16 to 24,75,1,74
S01008008,25 to 34,95,1,94
S01008008,35 to 49,160,2,158
S01008008,50 to 64,85,0,85
S01008008,65 and over,44,0,44
S01008009,All people aged 3 and over,741,3,738
S01008009,3 to 15,151,0,151
S01008009,16 to 24,107,0,107
S01008009,25 to 34,144,2,142
S01008009,35 to 49,163,0,163
S01008009,50 to 64,111,0,111
S01008009,65 and over,65,1,64
S01008010,All people aged 3 and over,830,9,821
S01008010,3 to 15,83,1,82
S01008010,16 to 24,117,1,116
S01008010,25 to 34,140,1,139
S01008010,35 to 49,226,5,221
S01008010,50 to 64,171,0,171
S01008010,65 and over,93,1,92
S01008011,All people aged 3 and over,641,6,635
S01008011,3 to 15,29,0,29
S01008011,16 to 24,83,0,83
S01008011,25 to 34,109,0,109
S01008011,35 to 49,93,3,90
S01008011,50 to 64,117,1,116
S01008011,65 and over,210,2,208
S01008012,All people aged 3 and over,752,10,742
S01008012,3 to 15,51,0,51
S01008012,16 to 24,101,2,99
S01008012,25 to 34,148,1,147
S01008012,35 to 49,197,7,190
S01008012,50 to 64,137,0,137
S01008012,65 and over,118,0,118
S01008013,All people aged 3 and over,678,3,675
S01008013,3 to 15,58,0,58
S01008013,16 to 24,78,1,77
S01008013,25 to 34,94,0,94
S01008013,35 to 49,123,0,123
S01008013,50 to 64,102,1,101
S01008013,65 and over,223,1,222
S01008014,All people aged 3 and over,606,1,605
S01008014,3 to 15,61,0,61
S01008014,16 to 24,78,0,78
S01008014,25 to 34,63,0,63
S01008014,35 to 49,149,0,149
S01008014,50 to 64,139,0,139
S01008014,65 and over,116,1,115
S01008015,All people aged 3 and over,744,7,737
S01008015,3 to 15,81,0,81
S01008015,16 to 24,74,0,74
S01008015,25 to 34,138,2,136
S01008015,35 to 49,174,3,171
S01008015,50 to 64,121,1,120
S01008015,65 and over,156,1,155
S01008016,All people aged 3 and over,762,8,754
S01008016,3 to 15,73,2,71
S01008016,16 to 24,76,0,76
S01008016,25 to 34,80,2,78
S01008016,35 to 49,163,2,161
S01008016,50 to 64,157,2,155
S01008016,65 and over,213,0,213
S01008017,All people aged 3 and over,883,3,880
S01008017,3 to 15,96,0,96
S01008017,16 to 24,90,0,90
S01008017,25 to 34,50,0,50
S01008017,35 to 49,162,0,162
S01008017,50 to 64,218,3,215
S01008017,65 and over,267,0,267
S01008018,All people aged 3 and over,622,2,620
S01008018,3 to 15,49,0,49
S01008018,16 to 24,63,0,63
S01008018,25 to 34,58,1,57
S01008018,35 to 49,121,0,121
S01008018,50 to 64,166,0,166
S01008018,65 and over,165,1,164
S01008019,All people aged 3 and over,726,12,714
S01008019,3 to 15,106,0,106
S01008019,16 to 24,91,4,87
S01008019,25 to 34,53,0,53
S01008019,35 to 49,156,2,154
S01008019,50 to 64,175,5,170
S01008019,65 and over,145,1,144
S01008020,All people aged 3 and over,569,6,563
S01008020,3 to 15,45,2,43
S01008020,16 to 24,74,0,74
S01008020,25 to 34,95,1,94
S01008020,35 to 49,128,2,126
S01008020,50 to 64,146,0,146
S01008020,65 and over,81,1,80
S01008021,All people aged 3 and over,558,2,556
S01008021,3 to 15,76,0,76
S01008021,16 to 24,51,0,51
S01008021,25 to 34,44,0,44
S01008021,35 to 49,110,0,110
S01008021,50 to 64,137,1,136
S01008021,65 and over,140,1,139
S01008022,All people aged 3 and over,709,5,704
S01008022,3 to 15,104,0,104
S01008022,16 to 24,74,0,74
S01008022,25 to 34,67,0,67
S01008022,35 to 49,150,1,149
S01008022,50 to 64,190,1,189
S01008022,65 and over,124,3,121
S01008023,All people aged 3 and over,714,2,712
S01008023,3 to 15,165,0,165
S01008023,16 to 24,78,0,78
S01008023,25 to 34,58,1,57
S01008023,35 to 49,197,1,196
S01008023,50 to 64,164,0,164
S01008023,65 and over,52,0,52
S01008024,All people aged 3 and over,626,0,626
S01008024,3 to 15,144,0,144
S01008024,16 to 24,59,0,59
S01008024,25 to 34,140,0,140
S01008024,35 to 49,207,0,207
S01008024,50 to 64,62,0,62
S01008024,65 and over,14,0,14
S01008025,All people aged 3 and over,674,8,666
S01008025,3 to 15,91,0,91
S01008025,16 to 24,74,1,73
S01008025,25 to 34,53,1,52
S01008025,35 to 49,167,3,164
S01008025,50 to 64,181,3,178
S01008025,65 and over,108,0,108
S01008026,All people aged 3 and over,991,7,984
S01008026,3 to 15,138,0,138
S01008026,16 to 24,108,0,108
S01008026,25 to 34,122,1,121
S01008026,35 to 49,219,1,218
S01008026,50 to 64,212,4,208
S01008026,65 and over,192,1,191
S01008027,All people aged 3 and over,549,2,547
S01008027,3 to 15,74,0,74
S01008027,16 to 24,66,0,66
S01008027,25 to 34,66,1,65
S01008027,35 to 49,119,0,119
S01008027,50 to 64,103,1,102
S01008027,65 and over,121,0,121
S01008028,All people aged 3 and over,566,3,563
S01008028,3 to 15,97,2,95
S01008028,16 to 24,55,0,55
S01008028,25 to 34,78,0,78
S01008028,35 to 49,173,1,172
S01008028,50 to 64,93,0,93
S01008028,65 and over,70,0,70
S01008029,All people aged 3 and over,862,1,861
S01008029,3 to 15,78,0,78
S01008029,16 to 24,93,0,93
S01008029,25 to 34,77,0,77
S01008029,35 to 49,182,0,182
S01008029,50 to 64,236,1,235
S01008029,65 and over,196,0,196
S01008030,All people aged 3 and over,1027,20,1007
S01008030,3 to 15,115,2,113
S01008030,16 to 24,103,0,103
S01008030,25 to 34,107,0,107
S01008030,35 to 49,215,4,211
S01008030,50 to 64,265,7,258
S01008030,65 and over,222,7,215
S01008031,All people aged 3 and over,861,4,857
S01008031,3 to 15,131,0,131
S01008031,16 to 24,88,0,88
S01008031,25 to 34,107,0,107
S01008031,35 to 49,188,2,186
S01008031,50 to 64,193,1,192
S01008031,65 and over,154,1,153
S01008032,All people aged 3 and over,872,8,864
S01008032,3 to 15,139,1,138
S01008032,16 to 24,99,2,97
S01008032,25 to 34,80,1,79
S01008032,35 to 49,203,1,202
S01008032,50 to 64,213,3,210
S01008032,65 and over,138,0,138
S01008033,All people aged 3 and over,792,5,787
S01008033,3 to 15,167,0,167
S01008033,16 to 24,121,0,121
S01008033,25 to 34,47,0,47
S01008033,35 to 49,200,0,200
S01008033,50 to 64,188,5,183
S01008033,65 and over,69,0,69
S01008034,All people aged 3 and over,764,2,762
S01008034,3 to 15,165,0,165
S01008034,16 to 24,98,0,98
S01008034,25 to 34,58,0,58
S01008034,35 to 49,221,1,220
S01008034,50 to 64,163,0,163
S01008034,65 and over,59,1,58
S01008035,All people aged 3 and over,610,8,602
S01008035,3 to 15,79,0,79
S01008035,16 to 24,71,0,71
S01008035,25 to 34,47,0,47
S01008035,35 to 49,132,3,129
S01008035,50 to 64,170,3,167
S01008035,65 and over,111,2,109
S01008036,All people aged 3 and over,652,11,641
S01008036,3 to 15,85,0,85
S01008036,16 to 24,84,0,84
S01008036,25 to 34,44,0,44
S01008036,35 to 49,129,3,126
S01008036,50 to 64,173,2,171
S01008036,65 and over,137,6,131
S01008037,All people aged 3 and over,986,9,977
S01008037,3 to 15,153,2,151
S01008037,16 to 24,130,1,129
S01008037,25 to 34,103,0,103
S01008037,35 to 49,221,3,218
S01008037,50 to 64,221,3,218
S01008037,65 and over,158,0,158
S01008038,All people aged 3 and over,724,4,720
S01008038,3 to 15,132,0,132
S01008038,16 to 24,99,0,99
S01008038,25 to 34,82,0,82
S01008038,35 to 49,170,2,168
S01008038,50 to 64,129,0,129
S01008038,65 and over,112,2,110
S01008039,All people aged 3 and over,866,19,847
S01008039,3 to 15,151,0,151
S01008039,16 to 24,110,0,110
S01008039,25 to 34,69,1,68
S01008039,35 to 49,235,7,228
S01008039,50 to 64,177,5,172
S01008039,65 and over,124,6,118
S01008040,All people aged 3 and over,789,9,780
S01008040,3 to 15,136,2,134
S01008040,16 to 24,68,0,68
S01008040,25 to 34,42,0,42
S01008040,35 to 49,151,2,149
S01008040,50 to 64,205,1,204
S01008040,65 and over,187,4,183
S01008041,All people aged 3 and over,690,10,680
S01008041,3 to 15,90,0,90
S01008041,16 to 24,56,3,53
S01008041,25 to 34,59,0,59
S01008041,35 to 49,137,2,135
S01008041,50 to 64,144,2,142
S01008041,65 and over,204,3,201
S01008042,All people aged 3 and over,584,2,582
S01008042,3 to 15,104,0,104
S01008042,16 to 24,36,0,36
S01008042,25 to 34,27,1,26
S01008042,35 to 49,112,1,111
S01008042,50 to 64,158,0,158
S01008042,65 and over,147,0,147
S01008043,All people aged 3 and over,927,13,914
S01008043,3 to 15,160,1,159
S01008043,16 to 24,63,0,63
S01008043,25 to 34,59,1,58
S01008043,35 to 49,197,3,194
S01008043,50 to 64,203,2,201
S01008043,65 and over,245,6,239
S01008044,All people aged 3 and over,940,11,929
S01008044,3 to 15,125,0,125
S01008044,16 to 24,90,0,90
S01008044,25 to 34,64,0,64
S01008044,35 to 49,195,0,195
S01008044,50 to 64,232,5,227
S01008044,65 and over,234,6,228
S01008045,All people aged 3 and over,961,19,942
S01008045,3 to 15,133,2,131
S01008045,16 to 24,82,2,80
S01008045,25 to 34,55,0,55
S01008045,35 to 49,180,2,178
S01008045,50 to 64,247,7,240
S01008045,65 and over,264,6,258
S01008046,All people aged 3 and over,826,7,819
S01008046,3 to 15,71,0,71
S01008046,16 to 24,48,0,48
S01008046,25 to 34,75,1,74
S01008046,35 to 49,174,1,173
S01008046,50 to 64,152,1,151
S01008046,65 and over,306,4,302
S01008047,All people aged 3 and over,676,16,660
S01008047,3 to 15,95,2,93
S01008047,16 to 24,72,0,72
S01008047,25 to 34,41,0,41
S01008047,35 to 49,133,4,129
S01008047,50 to 64,148,5,143
S01008047,65 and over,187,5,182
S01008048,All people aged 3 and over,563,6,557
S01008048,3 to 15,75,0,75
S01008048,16 to 24,51,0,51
S01008048,25 to 34,30,0,30
S01008048,35 to 49,105,1,104
S01008048,50 to 64,159,1,158
S01008048,65 and over,143,4,139
S01008049,All people aged 3 and over,834,26,808
S01008049,3 to 15,125,1,124
S01008049,16 to 24,62,1,61
S01008049,25 to 34,58,3,55
S01008049,35 to 49,159,3,156
S01008049,50 to 64,198,11,187
S01008049,65 and over,232,7,225
S01008050,All people aged 3 and over,608,4,604
S01008050,3 to 15,100,0,100
S01008050,16 to 24,50,0,50
S01008050,25 to 34,36,0,36
S01008050,35 to 49,121,0,121
S01008050,50 to 64,116,2,114
S01008050,65 and over,185,2,183
S01008051,All people aged 3 and over,856,9,847
S01008051,3 to 15,166,0,166
S01008051,16 to 24,73,0,73
S01008051,25 to 34,67,0,67
S01008051,35 to 49,215,2,213
S01008051,50 to 64,168,1,167
S01008051,65 and over,167,6,161
S01008052,All people aged 3 and over,803,17,786
S01008052,3 to 15,135,1,134
S01008052,16 to 24,60,2,58
S01008052,25 to 34,48,0,48
S01008052,35 to 49,199,3,196
S01008052,50 to 64,222,7,215
S01008052,65 and over,139,4,135
S01008053,All people aged 3 and over,593,10,583
S01008053,3 to 15,86,1,85
S01008053,16 to 24,46,0,46
S01008053,25 to 34,44,0,44
S01008053,35 to 49,127,2,125
S01008053,50 to 64,110,2,108
S01008053,65 and over,180,5,175
S01008054,All people aged 3 and over,764,14,750
S01008054,3 to 15,102,1,101
S01008054,16 to 24,64,0,64
S01008054,25 to 34,51,1,50
S01008054,35 to 49,144,3,141
S01008054,50 to 64,173,3,170
S01008054,65 and over,230,6,224
S01008055,All people aged 3 and over,1006,15,991
S01008055,3 to 15,171,1,170
S01008055,16 to 24,107,1,106
S01008055,25 to 34,54,1,53
S01008055,35 to 49,223,1,222
S01008055,50 to 64,248,4,244
S01008055,65 and over,203,7,196
S01008056,All people aged 3 and over,735,9,726
S01008056,3 to 15,112,0,112
S01008056,16 to 24,72,0,72
S01008056,25 to 34,42,0,42
S01008056,35 to 49,145,0,145
S01008056,50 to 64,139,3,136
S01008056,65 and over,225,6,219
S01008057,All people aged 3 and over,918,21,897
S01008057,3 to 15,160,0,160
S01008057,16 to 24,74,1,73
S01008057,25 to 34,70,0,70
S01008057,35 to 49,213,4,209
S01008057,50 to 64,188,7,181
S01008057,65 and over,213,9,204
S01008058,All people aged 3 and over,870,7,863
S01008058,3 to 15,152,0,152
S01008058,16 to 24,113,1,112
S01008058,25 to 34,66,1,65
S01008058,35 to 49,186,1,185
S01008058,50 to 64,263,3,260
S01008058,65 and over,90,1,89
S01008059,All people aged 3 and over,658,13,645
S01008059,3 to 15,99,3,96
S01008059,16 to 24,76,0,76
S01008059,25 to 34,54,0,54
S01008059,35 to 49,131,2,129
S01008059,50 to 64,177,3,174
S01008059,65 and over,121,5,116
S01008060,All people aged 3 and over,884,7,877
S01008060,3 to 15,159,1,158
S01008060,16 to 24,108,1,107
S01008060,25 to 34,60,0,60
S01008060,35 to 49,219,2,217
S01008060,50 to 64,208,0,208
S01008060,65 and over,130,3,127
S01008061,All people aged 3 and over,775,3,772
S01008061,3 to 15,148,0,148
S01008061,16 to 24,67,0,67
S01008061,25 to 34,60,0,60
S01008061,35 to 49,212,2,210
S01008061,50 to 64,115,0,115
S01008061,65 and over,173,1,172
S01008062,All people aged 3 and over,848,23,825
S01008062,3 to 15,134,0,134
S01008062,16 to 24,77,2,75
S01008062,25 to 34,85,1,84
S01008062,35 to 49,181,6,175
S01008062,50 to 64,190,6,184
S01008062,65 and over,181,8,173
S01008063,All people aged 3 and over,909,17,892
S01008063,3 to 15,145,1,144
S01008063,16 to 24,96,0,96
S01008063,25 to 34,66,2,64
S01008063,35 to 49,208,4,204
S01008063,50 to 64,192,4,188
S01008063,65 and over,202,6,196
S01008064,All people aged 3 and over,680,13,667
S01008064,3 to 15,112,3,109
S01008064,16 to 24,101,0,101
S01008064,25 to 34,88,0,88
S01008064,35 to 49,144,3,141
S01008064,50 to 64,134,4,130
S01008064,65 and over,101,3,98
S01008065,All people aged 3 and over,964,15,949
S01008065,3 to 15,189,2,187
S01008065,16 to 24,105,0,105
S01008065,25 to 34,63,1,62
S01008065,35 to 49,243,6,237
S01008065,50 to 64,214,3,211
S01008065,65 and over,150,3,147
S01008066,All people aged 3 and over,911,17,894
S01008066,3 to 15,184,3,181
S01008066,16 to 24,107,1,106
S01008066,25 to 34,44,0,44
S01008066,35 to 49,179,4,175
S01008066,50 to 64,229,5,224
S01008066,65 and over,168,4,164
S01008067,All people aged 3 and over,617,16,601
S01008067,3 to 15,93,3,90
S01008067,16 to 24,67,1,66
S01008067,25 to 34,29,0,29
S01008067,35 to 49,109,4,105
S01008067,50 to 64,172,4,168
S01008067,65 and over,147,4,143
S01008068,All people aged 3 and over,895,10,885
S01008068,3 to 15,118,0,118
S01008068,16 to 24,88,0,88
S01008068,25 to 34,72,0,72
S01008068,35 to 49,186,3,183
S01008068,50 to 64,220,1,219
S01008068,65 and over,211,6,205
S01008069,All people aged 3 and over,908,16,892
S01008069,3 to 15,131,1,130
S01008069,16 to 24,103,0,103
S01008069,25 to 34,72,2,70
S01008069,35 to 49,236,5,231
S01008069,50 to 64,182,4,178
S01008069,65 and over,184,4,180
S01008070,All people aged 3 and over,852,6,846
S01008070,3 to 15,110,0,110
S01008070,16 to 24,98,0,98
S01008070,25 to 34,77,0,77
S01008070,35 to 49,183,2,181
S01008070,50 to 64,240,2,238
S01008070,65 and over,144,2,142
S01008071,All people aged 3 and over,678,25,653
S01008071,3 to 15,98,4,94
S01008071,16 to 24,76,2,74
S01008071,25 to 34,60,5,55
S01008071,35 to 49,157,5,152
S01008071,50 to 64,168,7,161
S01008071,65 and over,119,2,117
S01008072,All people aged 3 and over,823,13,810
S01008072,3 to 15,117,0,117
S01008072,16 to 24,89,1,88
S01008072,25 to 34,83,0,83
S01008072,35 to 49,192,5,187
S01008072,50 to 64,182,5,177
S01008072,65 and over,160,2,158
S01008073,All people aged 3 and over,460,10,450
S01008073,3 to 15,57,0,57
S01008073,16 to 24,50,0,50
S01008073,25 to 34,30,0,30
S01008073,35 to 49,97,3,94
S01008073,50 to 64,112,4,108
S01008073,65 and over,114,3,111
S01008074,All people aged 3 and over,959,28,931
S01008074,3 to 15,150,1,149
S01008074,16 to 24,102,0,102
S01008074,25 to 34,63,1,62
S01008074,35 to 49,214,5,209
S01008074,50 to 64,256,6,250
S01008074,65 and over,174,15,159
S01008075,All people aged 3 and over,604,6,598
S01008075,3 to 15,112,1,111
S01008075,16 to 24,54,0,54
S01008075,25 to 34,21,0,21
S01008075,35 to 49,126,2,124
S01008075,50 to 64,113,1,112
S01008075,65 and over,178,2,176
S01008076,All people aged 3 and over,645,20,625
S01008076,3 to 15,63,0,63
S01008076,16 to 24,33,0,33
S01008076,25 to 34,34,0,34
S01008076,35 to 49,101,4,97
S01008076,50 to 64,131,8,123
S01008076,65 and over,283,8,275
S01008077,All people aged 3 and over,816,22,794
S01008077,3 to 15,137,4,133
S01008077,16 to 24,68,0,68
S01008077,25 to 34,38,2,36
S01008077,35 to 49,165,5,160
S01008077,50 to 64,212,7,205
S01008077,65 and over,196,4,192
S01008078,All people aged 3 and over,840,11,829
S01008078,3 to 15,141,1,140
S01008078,16 to 24,98,0,98
S01008078,25 to 34,53,0,53
S01008078,35 to 49,165,1,164
S01008078,50 to 64,178,4,174
S01008078,65 and over,205,5,200
S01008079,All people aged 3 and over,873,18,855
S01008079,3 to 15,138,0,138
S01008079,16 to 24,61,1,60
S01008079,25 to 34,71,0,71
S01008079,35 to 49,171,3,168
S01008079,50 to 64,209,5,204
S01008079,65 and over,223,9,214
S01008080,All people aged 3 and over,679,10,669
S01008080,3 to 15,119,0,119
S01008080,16 to 24,51,0,51
S01008080,25 to 34,56,1,55
S01008080,35 to 49,152,2,150
S01008080,50 to 64,157,5,152
S01008080,65 and over,144,2,142
S01008081,All people aged 3 and over,583,7,576
S01008081,3 to 15,91,0,91
S01008081,16 to 24,63,0,63
S01008081,25 to 34,51,1,50
S01008081,35 to 49,116,1,115
S01008081,50 to 64,151,3,148
S01008081,65 and over,111,2,109
S01008082,All people aged 3 and over,799,12,787
S01008082,3 to 15,113,0,113
S01008082,16 to 24,73,0,73
S01008082,25 to 34,70,0,70
S01008082,35 to 49,164,1,163
S01008082,50 to 64,205,5,200
S01008082,65 and over,174,6,168
S01008083,All people aged 3 and over,703,12,691
S01008083,3 to 15,117,0,117
S01008083,16 to 24,74,0,74
S01008083,25 to 34,65,0,65
S01008083,35 to 49,152,2,150
S01008083,50 to 64,145,4,141
S01008083,65 and over,150,6,144
S01008084,All people aged 3 and over,837,5,832
S01008084,3 to 15,125,0,125
S01008084,16 to 24,104,0,104
S01008084,25 to 34,55,0,55
S01008084,35 to 49,179,2,177
S01008084,50 to 64,220,1,219
S01008084,65 and over,154,2,152
S01008085,All people aged 3 and over,951,10,941
S01008085,3 to 15,157,0,157
S01008085,16 to 24,134,0,134
S01008085,25 to 34,62,3,59
S01008085,35 to 49,194,0,194
S01008085,50 to 64,286,3,283
S01008085,65 and over,118,4,114
S01008086,All people aged 3 and over,1062,16,1046
S01008086,3 to 15,201,4,197
S01008086,16 to 24,112,0,112
S01008086,25 to 34,96,0,96
S01008086,35 to 49,253,9,244
S01008086,50 to 64,268,1,267
S01008086,65 and over,132,2,130
S01008087,All people aged 3 and over,838,20,818
S01008087,3 to 15,144,12,132
S01008087,16 to 24,87,1,86
S01008087,25 to 34,41,0,41
S01008087,35 to 49,183,2,181
S01008087,50 to 64,170,0,170
S01008087,65 and over,213,5,208
S01008088,All people aged 3 and over,897,16,881
S01008088,3 to 15,117,8,109
S01008088,16 to 24,101,1,100
S01008088,25 to 34,65,0,65
S01008088,35 to 49,184,3,181
S01008088,50 to 64,185,2,183
S01008088,65 and over,245,2,243
S01008089,All people aged 3 and over,635,13,622
S01008089,3 to 15,92,9,83
S01008089,16 to 24,88,0,88
S01008089,25 to 34,50,0,50
S01008089,35 to 49,135,0,135
S01008089,50 to 64,140,2,138
S01008089,65 and over,130,2,128
S01008090,All people aged 3 and over,750,13,737
S01008090,3 to 15,128,1,127
S01008090,16 to 24,78,1,77
S01008090,25 to 34,65,0,65
S01008090,35 to 49,175,1,174
S01008090,50 to 64,167,5,162
S01008090,65 and over,137,5,132
S01008091,All people aged 3 and over,375,2,373
S01008091,3 to 15,43,0,43
S01008091,16 to 24,43,0,43
S01008091,25 to 34,22,0,22
S01008091,35 to 49,67,0,67
S01008091,50 to 64,115,1,114
S01008091,65 and over,85,1,84
S01008092,All people aged 3 and over,886,9,877
S01008092,3 to 15,119,0,119
S01008092,16 to 24,104,2,102
S01008092,25 to 34,40,1,39
S01008092,35 to 49,176,1,175
S01008092,50 to 64,163,2,161
S01008092,65 and over,284,3,281
S01008093,All people aged 3 and over,786,11,775
S01008093,3 to 15,114,3,111
S01008093,16 to 24,103,1,102
S01008093,25 to 34,45,1,44
S01008093,35 to 49,159,2,157
S01008093,50 to 64,161,2,159
S01008093,65 and over,204,2,202
S01008094,All people aged 3 and over,652,8,644
S01008094,3 to 15,97,5,92
S01008094,16 to 24,75,0,75
S01008094,25 to 34,34,0,34
S01008094,35 to 49,147,2,145
S01008094,50 to 64,141,0,141
S01008094,65 and over,158,1,157
S01008095,All people aged 3 and over,731,17,714
S01008095,3 to 15,86,6,80
S01008095,16 to 24,83,0,83
S01008095,25 to 34,58,2,56
S01008095,35 to 49,150,1,149
S01008095,50 to 64,160,1,159
S01008095,65 and over,194,7,187
S01008096,All people aged 3 and over,771,10,761
S01008096,3 to 15,95,3,92
S01008096,16 to 24,77,1,76
S01008096,25 to 34,52,0,52
S01008096,35 to 49,133,4,129
S01008096,50 to 64,179,1,178
S01008096,65 and over,235,1,234
S01008097,All people aged 3 and over,614,14,600
S01008097,3 to 15,71,3,68
S01008097,16 to 24,77,1,76
S01008097,25 to 34,25,0,25
S01008097,35 to 49,115,3,112
S01008097,50 to 64,126,3,123
S01008097,65 and over,200,4,196
S01008098,All people aged 3 and over,727,12,715
S01008098,3 to 15,107,4,103
S01008098,16 to 24,79,2,77
S01008098,25 to 34,57,0,57
S01008098,35 to 49,159,3,156
S01008098,50 to 64,173,1,172
S01008098,65 and over,152,2,150
S01008099,All people aged 3 and over,521,9,512
S01008099,3 to 15,77,3,74
S01008099,16 to 24,74,1,73
S01008099,25 to 34,43,0,43
S01008099,35 to 49,128,5,123
S01008099,50 to 64,115,0,115
S01008099,65 and over,84,0,84
S01008100,All people aged 3 and over,930,16,914
S01008100,3 to 15,130,5,125
S01008100,16 to 24,95,2,93
S01008100,25 to 34,62,0,62
S01008100,35 to 49,170,4,166
S01008100,50 to 64,217,2,215
S01008100,65 and over,256,3,253
S01008101,All people aged 3 and over,763,14,749
S01008101,3 to 15,134,8,126
S01008101,16 to 24,82,0,82
S01008101,25 to 34,101,1,100
S01008101,35 to 49,214,1,213
S01008101,50 to 64,151,4,147
S01008101,65 and over,81,0,81
S01008102,All people aged 3 and over,796,9,787
S01008102,3 to 15,101,0,101
S01008102,16 to 24,102,1,101
S01008102,25 to 34,79,2,77
S01008102,35 to 49,184,4,180
S01008102,50 to 64,164,0,164
S01008102,65 and over,166,2,164
S01008103,All people aged 3 and over,591,17,574
S01008103,3 to 15,67,9,58
S01008103,16 to 24,57,1,56
S01008103,25 to 34,83,2,81
S01008103,35 to 49,161,3,158
S01008103,50 to 64,87,0,87
S01008103,65 and over,136,2,134
S01008104,All people aged 3 and over,840,11,829
S01008104,3 to 15,122,0,122
S01008104,16 to 24,111,3,108
S01008104,25 to 34,118,1,117
S01008104,35 to 49,161,0,161
S01008104,50 to 64,180,4,176
S01008104,65 and over,148,3,145
S01008105,All people aged 3 and over,1036,8,1028
S01008105,3 to 15,180,0,180
S01008105,16 to 24,110,1,109
S01008105,25 to 34,119,0,119
S01008105,35 to 49,256,3,253
S01008105,50 to 64,208,0,208
S01008105,65 and over,163,4,159
S01008106,All people aged 3 and over,763,6,757
S01008106,3 to 15,124,6,118
S01008106,16 to 24,82,0,82
S01008106,25 to 34,67,0,67
S01008106,35 to 49,173,0,173
S01008106,50 to 64,182,0,182
S01008106,65 and over,135,0,135
S01008107,All people aged 3 and over,869,6,863
S01008107,3 to 15,244,2,242
S01008107,16 to 24,92,0,92
S01008107,25 to 34,91,1,90
S01008107,35 to 49,290,2,288
S01008107,50 to 64,121,1,120
S01008107,65 and over,31,0,31
S01008108,All people aged 3 and over,638,6,632
S01008108,3 to 15,98,3,95
S01008108,16 to 24,95,0,95
S01008108,25 to 34,65,0,65
S01008108,35 to 49,144,2,142
S01008108,50 to 64,185,0,185
S01008108,65 and over,51,1,50
S01008109,All people aged 3 and over,910,14,896
S01008109,3 to 15,154,2,152
S01008109,16 to 24,111,3,108
S01008109,25 to 34,86,1,85
S01008109,35 to 49,185,2,183
S01008109,50 to 64,233,3,230
S01008109,65 and over,141,3,138
S01008110,All people aged 3 and over,852,10,842
S01008110,3 to 15,155,4,151
S01008110,16 to 24,110,0,110
S01008110,25 to 34,88,1,87
S01008110,35 to 49,234,4,230
S01008110,50 to 64,149,0,149
S01008110,65 and over,116,1,115
S01008111,All people aged 3 and over,847,6,841
S01008111,3 to 15,96,0,96
S01008111,16 to 24,117,0,117
S01008111,25 to 34,65,0,65
S01008111,35 to 49,157,1,156
S01008111,50 to 64,198,4,194
S01008111,65 and over,214,1,213
S01008112,All people aged 3 and over,802,5,797
S01008112,3 to 15,89,1,88
S01008112,16 to 24,104,0,104
S01008112,25 to 34,50,0,50
S01008112,35 to 49,150,0,150
S01008112,50 to 64,176,2,174
S01008112,65 and over,233,2,231
S01008113,All people aged 3 and over,874,6,868
S01008113,3 to 15,95,2,93
S01008113,16 to 24,117,0,117
S01008113,25 to 34,70,1,69
S01008113,35 to 49,160,1,159
S01008113,50 to 64,223,2,221
S01008113,65 and over,209,0,209
S01008114,All people aged 3 and over,671,5,666
S01008114,3 to 15,93,0,93
S01008114,16 to 24,76,0,76
S01008114,25 to 34,51,0,51
S01008114,35 to 49,142,0,142
S01008114,50 to 64,153,3,150
S01008114,65 and over,156,2,154
S01008115,All people aged 3 and over,898,5,893
S01008115,3 to 15,137,1,136
S01008115,16 to 24,127,1,126
S01008115,25 to 34,101,0,101
S01008115,35 to 49,231,0,231
S01008115,50 to 64,215,2,213
S01008115,65 and over,87,1,86
S01008116,All people aged 3 and over,916,7,909
S01008116,3 to 15,163,0,163
S01008116,16 to 24,100,2,98
S01008116,25 to 34,76,1,75
S01008116,35 to 49,203,1,202
S01008116,50 to 64,227,3,224
S01008116,65 and over,147,0,147
S01008117,All people aged 3 and over,782,9,773
S01008117,3 to 15,106,1,105
S01008117,16 to 24,92,2,90
S01008117,25 to 34,32,0,32
S01008117,35 to 49,150,2,148
S01008117,50 to 64,197,1,196
S01008117,65 and over,205,3,202
S01008118,All people aged 3 and over,853,6,847
S01008118,3 to 15,163,0,163
S01008118,16 to 24,69,0,69
S01008118,25 to 34,78,1,77
S01008118,35 to 49,192,1,191
S01008118,50 to 64,163,1,162
S01008118,65 and over,188,3,185
S01008119,All people aged 3 and over,646,4,642
S01008119,3 to 15,104,1,103
S01008119,16 to 24,88,0,88
S01008119,25 to 34,68,1,67
S01008119,35 to 49,123,1,122
S01008119,50 to 64,149,0,149
S01008119,65 and over,114,1,113
S01008120,All people aged 3 and over,611,2,609
S01008120,3 to 15,93,0,93
S01008120,16 to 24,53,0,53
S01008120,25 to 34,57,0,57
S01008120,35 to 49,120,0,120
S01008120,50 to 64,123,1,122
S01008120,65 and over,165,1,164
S01008121,All people aged 3 and over,649,6,643
S01008121,3 to 15,93,0,93
S01008121,16 to 24,57,0,57
S01008121,25 to 34,42,0,42
S01008121,35 to 49,123,2,121
S01008121,50 to 64,153,3,150
S01008121,65 and over,181,1,180
S01008122,All people aged 3 and over,731,5,726
S01008122,3 to 15,139,0,139
S01008122,16 to 24,80,0,80
S01008122,25 to 34,51,0,51
S01008122,35 to 49,170,3,167
S01008122,50 to 64,165,1,164
S01008122,65 and over,126,1,125
S01008123,All people aged 3 and over,886,14,872
S01008123,3 to 15,123,4,119
S01008123,16 to 24,109,1,108
S01008123,25 to 34,64,0,64
S01008123,35 to 49,172,3,169
S01008123,50 to 64,196,2,194
S01008123,65 and over,222,4,218
S01008124,All people aged 3 and over,816,5,811
S01008124,3 to 15,149,0,149
S01008124,16 to 24,94,0,94
S01008124,25 to 34,55,0,55
S01008124,35 to 49,202,1,201
S01008124,50 to 64,191,2,189
S01008124,65 and over,125,2,123
S01008125,All people aged 3 and over,850,19,831
S01008125,3 to 15,122,3,119
S01008125,16 to 24,89,0,89
S01008125,25 to 34,75,2,73
S01008125,35 to 49,185,8,177
S01008125,50 to 64,217,2,215
S01008125,65 and over,162,4,158
S01008126,All people aged 3 and over,792,5,787
S01008126,3 to 15,124,0,124
S01008126,16 to 24,101,0,101
S01008126,25 to 34,66,0,66
S01008126,35 to 49,177,1,176
S01008126,50 to 64,241,2,239
S01008126,65 and over,83,2,81
S01008127,All people aged 3 and over,474,10,464
S01008127,3 to 15,63,1,62
S01008127,16 to 24,44,0,44
S01008127,25 to 34,38,1,37
S01008127,35 to 49,111,3,108
S01008127,50 to 64,122,2,120
S01008127,65 and over,96,3,93
S01008128,All people aged 3 and over,861,5,856
S01008128,3 to 15,111,2,109
S01008128,16 to 24,117,0,117
S01008128,25 to 34,63,0,63
S01008128,35 to 49,190,2,188
S01008128,50 to 64,220,0,220
S01008128,65 and over,160,1,159
S01008129,All people aged 3 and over,865,10,855
S01008129,3 to 15,117,0,117
S01008129,16 to 24,105,1,104
S01008129,25 to 34,115,1,114
S01008129,35 to 49,212,3,209
S01008129,50 to 64,179,3,176
S01008129,65 and over,137,2,135
S01008130,All people aged 3 and over,927,17,910
S01008130,3 to 15,112,4,108
S01008130,16 to 24,129,0,129
S01008130,25 to 34,120,2,118
S01008130,35 to 49,219,6,213
S01008130,50 to 64,199,4,195
S01008130,65 and over,148,1,147
S01008131,All people aged 3 and over,740,4,736
S01008131,3 to 15,98,0,98
S01008131,16 to 24,91,0,91
S01008131,25 to 34,106,0,106
S01008131,35 to 49,188,2,186
S01008131,50 to 64,140,2,138
S01008131,65 and over,117,0,117
S01008132,All people aged 3 and over,1009,14,995
S01008132,3 to 15,159,1,158
S01008132,16 to 24,76,1,75
S01008132,25 to 34,58,0,58
S01008132,35 to 49,229,2,227
S01008132,50 to 64,212,3,209
S01008132,65 and over,275,7,268
S01008133,All people aged 3 and over,606,7,599
S01008133,3 to 15,66,2,64
S01008133,16 to 24,54,2,52
S01008133,25 to 34,61,0,61
S01008133,35 to 49,115,0,115
S01008133,50 to 64,139,0,139
S01008133,65 and over,171,3,168
S01008134,All people aged 3 and over,583,4,579
S01008134,3 to 15,63,0,63
S01008134,16 to 24,59,0,59
S01008134,25 to 34,105,2,103
S01008134,35 to 49,138,1,137
S01008134,50 to 64,117,0,117
S01008134,65 and over,101,1,100
S01008135,All people aged 3 and over,1122,8,1114
S01008135,3 to 15,206,2,204
S01008135,16 to 24,121,0,121
S01008135,25 to 34,175,1,174
S01008135,35 to 49,317,4,313
S01008135,50 to 64,171,0,171
S01008135,65 and over,132,1,131
S01008136,All people aged 3 and over,858,3,855
S01008136,3 to 15,102,0,102
S01008136,16 to 24,88,0,88
S01008136,25 to 34,109,0,109
S01008136,35 to 49,207,0,207
S01008136,50 to 64,177,2,175
S01008136,65 and over,175,1,174
S01008137,All people aged 3 and over,841,8,833
S01008137,3 to 15,174,2,172
S01008137,16 to 24,119,1,118
S01008137,25 to 34,128,2,126
S01008137,35 to 49,175,3,172
S01008137,50 to 64,162,0,162
S01008137,65 and over,83,0,83
S01008138,All people aged 3 and over,810,5,805
S01008138,3 to 15,165,1,164
S01008138,16 to 24,103,0,103
S01008138,25 to 34,95,0,95
S01008138,35 to 49,207,3,204
S01008138,50 to 64,164,1,163
S01008138,65 and over,76,0,76
S01008139,All people aged 3 and over,847,10,837
S01008139,3 to 15,134,2,132
S01008139,16 to 24,118,0,118
S01008139,25 to 34,102,1,101
S01008139,35 to 49,201,3,198
S01008139,50 to 64,152,2,150
S01008139,65 and over,140,2,138
S01008140,All people aged 3 and over,496,1,495
S01008140,3 to 15,89,0,89
S01008140,16 to 24,57,0,57
S01008140,25 to 34,65,0,65
S01008140,35 to 49,103,0,103
S01008140,50 to 64,80,0,80
S01008140,65 and over,102,1,101
S01008141,All people aged 3 and over,829,16,813
S01008141,3 to 15,117,2,115
S01008141,16 to 24,106,1,105
S01008141,25 to 34,59,2,57
S01008141,35 to 49,183,2,181
S01008141,50 to 64,191,1,190
S01008141,65 and over,173,8,165
S01008142,All people aged 3 and over,783,4,779
S01008142,3 to 15,119,0,119
S01008142,16 to 24,114,0,114
S01008142,25 to 34,72,1,71
S01008142,35 to 49,183,1,182
S01008142,50 to 64,216,2,214
S01008142,65 and over,79,0,79
S01008143,All people aged 3 and over,884,11,873
S01008143,3 to 15,129,1,128
S01008143,16 to 24,107,0,107
S01008143,25 to 34,95,1,94
S01008143,35 to 49,202,1,201
S01008143,50 to 64,182,6,176
S01008143,65 and over,169,2,167
S01008144,All people aged 3 and over,602,7,595
S01008144,3 to 15,97,0,97
S01008144,16 to 24,80,0,80
S01008144,25 to 34,50,1,49
S01008144,35 to 49,120,2,118
S01008144,50 to 64,158,3,155
S01008144,65 and over,97,1,96
S01008145,All people aged 3 and over,783,5,778
S01008145,3 to 15,137,1,136
S01008145,16 to 24,111,0,111
S01008145,25 to 34,75,0,75
S01008145,35 to 49,182,1,181
S01008145,50 to 64,169,2,167
S01008145,65 and over,109,1,108
S01008146,All people aged 3 and over,478,6,472
S01008146,3 to 15,64,1,63
S01008146,16 to 24,72,0,72
S01008146,25 to 34,49,2,47
S01008146,35 to 49,85,0,85
S01008146,50 to 64,101,2,99
S01008146,65 and over,107,1,106
S01008147,All people aged 3 and over,766,11,755
S01008147,3 to 15,102,3,99
S01008147,16 to 24,78,0,78
S01008147,25 to 34,96,2,94
S01008147,35 to 49,165,1,164
S01008147,50 to 64,209,2,207
S01008147,65 and over,116,3,113
S01008148,All people aged 3 and over,724,6,718
S01008148,3 to 15,76,0,76
S01008148,16 to 24,96,0,96
S01008148,25 to 34,79,0,79
S01008148,35 to 49,181,2,179
S01008148,50 to 64,194,3,191
S01008148,65 and over,98,1,97
S01008149,All people aged 3 and over,682,3,679
S01008149,3 to 15,114,1,113
S01008149,16 to 24,95,1,94
S01008149,25 to 34,74,0,74
S01008149,35 to 49,170,1,169
S01008149,50 to 64,127,0,127
S01008149,65 and over,102,0,102
S01008150,All people aged 3 and over,896,8,888
S01008150,3 to 15,132,0,132
S01008150,16 to 24,108,0,108
S01008150,25 to 34,130,1,129
S01008150,35 to 49,193,0,193
S01008150,50 to 64,144,3,141
S01008150,65 and over,189,4,185
S01008151,All people aged 3 and over,679,7,672
S01008151,3 to 15,90,2,88
S01008151,16 to 24,98,1,97
S01008151,25 to 34,66,0,66
S01008151,35 to 49,176,2,174
S01008151,50 to 64,107,1,106
S01008151,65 and over,142,1,141
S01008152,All people aged 3 and over,1019,7,1012
S01008152,3 to 15,128,1,127
S01008152,16 to 24,113,0,113
S01008152,25 to 34,103,1,102
S01008152,35 to 49,203,3,200
S01008152,50 to 64,212,2,210
S01008152,65 and over,260,0,260
S01008153,All people aged 3 and over,870,12,858
S01008153,3 to 15,101,2,99
S01008153,16 to 24,126,0,126
S01008153,25 to 34,68,0,68
S01008153,35 to 49,179,5,174
S01008153,50 to 64,222,3,219
S01008153,65 and over,174,2,172
S01008154,All people aged 3 and over,807,14,793
S01008154,3 to 15,97,0,97
S01008154,16 to 24,85,1,84
S01008154,25 to 34,76,2,74
S01008154,35 to 49,132,2,130
S01008154,50 to 64,212,6,206
S01008154,65 and over,205,3,202
S01008155,All people aged 3 and over,656,4,652
S01008155,3 to 15,80,1,79
S01008155,16 to 24,90,0,90
S01008155,25 to 34,64,0,64
S01008155,35 to 49,136,0,136
S01008155,50 to 64,171,1,170
S01008155,65 and over,115,2,113
S01008156,All people aged 3 and over,891,9,882
S01008156,3 to 15,120,0,120
S01008156,16 to 24,115,0,115
S01008156,25 to 34,86,1,85
S01008156,35 to 49,185,1,184
S01008156,50 to 64,224,5,219
S01008156,65 and over,161,2,159
S01008157,All people aged 3 and over,722,6,716
S01008157,3 to 15,130,1,129
S01008157,16 to 24,95,0,95
S01008157,25 to 34,66,1,65
S01008157,35 to 49,177,3,174
S01008157,50 to 64,171,1,170
S01008157,65 and over,83,0,83
S01008158,All people aged 3 and over,698,5,693
S01008158,3 to 15,71,0,71
S01008158,16 to 24,115,0,115
S01008158,25 to 34,92,1,91
S01008158,35 to 49,151,2,149
S01008158,50 to 64,208,2,206
S01008158,65 and over,61,0,61
S01008159,All people aged 3 and over,937,3,934
S01008159,3 to 15,156,2,154
S01008159,16 to 24,127,0,127
S01008159,25 to 34,112,0,112
S01008159,35 to 49,182,0,182
S01008159,50 to 64,207,1,206
S01008159,65 and over,153,0,153
S01008160,All people aged 3 and over,963,12,951
S01008160,3 to 15,192,4,188
S01008160,16 to 24,100,0,100
S01008160,25 to 34,86,1,85
S01008160,35 to 49,239,3,236
S01008160,50 to 64,170,2,168
S01008160,65 and over,176,2,174
S01008161,All people aged 3 and over,988,18,970
S01008161,3 to 15,173,3,170
S01008161,16 to 24,99,1,98
S01008161,25 to 34,122,2,120
S01008161,35 to 49,306,7,299
S01008161,50 to 64,194,1,193
S01008161,65 and over,94,4,90
S01008162,All people aged 3 and over,958,16,942
S01008162,3 to 15,127,1,126
S01008162,16 to 24,94,0,94
S01008162,25 to 34,100,1,99
S01008162,35 to 49,257,6,251
S01008162,50 to 64,188,4,184
S01008162,65 and over,192,4,188
S01008163,All people aged 3 and over,728,4,724
S01008163,3 to 15,127,0,127
S01008163,16 to 24,89,0,89
S01008163,25 to 34,74,0,74
S01008163,35 to 49,161,2,159
S01008163,50 to 64,154,1,153
S01008163,65 and over,123,1,122
S01008164,All people aged 3 and over,1433,44,1389
S01008164,3 to 15,115,0,115
S01008164,16 to 24,787,34,753
S01008164,25 to 34,158,6,152
S01008164,35 to 49,168,0,168
S01008164,50 to 64,125,3,122
S01008164,65 and over,80,1,79
S01008165,All people aged 3 and over,733,6,727
S01008165,3 to 15,153,2,151
S01008165,16 to 24,71,1,70
S01008165,25 to 34,131,2,129
S01008165,35 to 49,217,0,217
S01008165,50 to 64,100,1,99
S01008165,65 and over,61,0,61
S01008166,All people aged 3 and over,543,4,539
S01008166,3 to 15,100,0,100
S01008166,16 to 24,67,0,67
S01008166,25 to 34,56,0,56
S01008166,35 to 49,122,0,122
S01008166,50 to 64,115,3,112
S01008166,65 and over,83,1,82
S01008167,All people aged 3 and over,700,10,690
S01008167,3 to 15,139,2,137
S01008167,16 to 24,92,1,91
S01008167,25 to 34,83,2,81
S01008167,35 to 49,163,2,161
S01008167,50 to 64,115,2,113
S01008167,65 and over,108,1,107
S01008168,All people aged 3 and over,815,3,812
S01008168,3 to 15,147,0,147
S01008168,16 to 24,91,0,91
S01008168,25 to 34,98,0,98
S01008168,35 to 49,207,0,207
S01008168,50 to 64,142,3,139
S01008168,65 and over,130,0,130
S01008169,All people aged 3 and over,681,5,676
S01008169,3 to 15,97,1,96
S01008169,16 to 24,79,0,79
S01008169,25 to 34,98,1,97
S01008169,35 to 49,168,2,166
S01008169,50 to 64,126,1,125
S01008169,65 and over,113,0,113
S01008170,All people aged 3 and over,580,1,579
S01008170,3 to 15,88,0,88
S01008170,16 to 24,69,0,69
S01008170,25 to 34,38,0,38
S01008170,35 to 49,153,0,153
S01008170,50 to 64,134,1,133
S01008170,65 and over,98,0,98
S01008171,All people aged 3 and over,706,4,702
S01008171,3 to 15,90,0,90
S01008171,16 to 24,73,0,73
S01008171,25 to 34,94,0,94
S01008171,35 to 49,175,1,174
S01008171,50 to 64,125,2,123
S01008171,65 and over,149,1,148
S01008172,All people aged 3 and over,540,1,539
S01008172,3 to 15,83,0,83
S01008172,16 to 24,54,0,54
S01008172,25 to 34,40,0,40
S01008172,35 to 49,118,0,118
S01008172,50 to 64,131,1,130
S01008172,65 and over,114,0,114
S01008173,All people aged 3 and over,650,1,649
S01008173,3 to 15,129,0,129
S01008173,16 to 24,72,0,72
S01008173,25 to 34,52,0,52
S01008173,35 to 49,170,1,169
S01008173,50 to 64,144,0,144
S01008173,65 and over,83,0,83
S01008174,All people aged 3 and over,516,7,509
S01008174,3 to 15,68,1,67
S01008174,16 to 24,66,2,64
S01008174,25 to 34,52,0,52
S01008174,35 to 49,102,1,101
S01008174,50 to 64,151,2,149
S01008174,65 and over,77,1,76
S01008175,All people aged 3 and over,715,11,704
S01008175,3 to 15,100,1,99
S01008175,16 to 24,75,1,74
S01008175,25 to 34,108,2,106
S01008175,35 to 49,188,2,186
S01008175,50 to 64,154,4,150
S01008175,65 and over,90,1,89
S01008176,All people aged 3 and over,708,5,703
S01008176,3 to 15,98,0,98
S01008176,16 to 24,71,1,70
S01008176,25 to 34,58,0,58
S01008176,35 to 49,167,0,167
S01008176,50 to 64,194,2,192
S01008176,65 and over,120,2,118
S01008177,All people aged 3 and over,751,4,747
S01008177,3 to 15,116,0,116
S01008177,16 to 24,59,0,59
S01008177,25 to 34,88,1,87
S01008177,35 to 49,163,2,161
S01008177,50 to 64,150,1,149
S01008177,65 and over,175,0,175
S01008178,All people aged 3 and over,620,5,615
S01008178,3 to 15,60,0,60
S01008178,16 to 24,71,1,70
S01008178,25 to 34,57,0,57
S01008178,35 to 49,105,1,104
S01008178,50 to 64,184,0,184
S01008178,65 and over,143,3,140
S01008179,All people aged 3 and over,494,6,488
S01008179,3 to 15,104,0,104
S01008179,16 to 24,73,1,72
S01008179,25 to 34,38,0,38
S01008179,35 to 49,173,3,170
S01008179,50 to 64,83,2,81
S01008179,65 and over,23,0,23
S01008180,All people aged 3 and over,463,5,458
S01008180,3 to 15,82,2,80
S01008180,16 to 24,67,1,66
S01008180,25 to 34,35,0,35
S01008180,35 to 49,117,1,116
S01008180,50 to 64,141,1,140
S01008180,65 and over,21,0,21
S01008181,All people aged 3 and over,659,5,654
S01008181,3 to 15,80,0,80
S01008181,16 to 24,85,1,84
S01008181,25 to 34,40,0,40
S01008181,35 to 49,130,0,130
S01008181,50 to 64,174,4,170
S01008181,65 and over,150,0,150
S01008182,All people aged 3 and over,893,13,880
S01008182,3 to 15,60,0,60
S01008182,16 to 24,100,1,99
S01008182,25 to 34,195,4,191
S01008182,35 to 49,199,4,195
S01008182,50 to 64,201,2,199
S01008182,65 and over,138,2,136
S01008183,All people aged 3 and over,612,9,603
S01008183,3 to 15,91,0,91
S01008183,16 to 24,78,0,78
S01008183,25 to 34,70,1,69
S01008183,35 to 49,182,4,178
S01008183,50 to 64,100,3,97
S01008183,65 and over,91,1,90
S01008184,All people aged 3 and over,777,6,771
S01008184,3 to 15,42,0,42
S01008184,16 to 24,77,0,77
S01008184,25 to 34,140,0,140
S01008184,35 to 49,151,1,150
S01008184,50 to 64,155,3,152
S01008184,65 and over,212,2,210
S01008185,All people aged 3 and over,984,12,972
S01008185,3 to 15,97,0,97
S01008185,16 to 24,98,0,98
S01008185,25 to 34,155,3,152
S01008185,35 to 49,221,3,218
S01008185,50 to 64,197,2,195
S01008185,65 and over,216,4,212
S01008186,All people aged 3 and over,826,13,813
S01008186,3 to 15,104,3,101
S01008186,16 to 24,193,0,193
S01008186,25 to 34,115,2,113
S01008186,35 to 49,144,5,139
S01008186,50 to 64,108,0,108
S01008186,65 and over,162,3,159
S01008187,All people aged 3 and over,586,3,583
S01008187,3 to 15,85,0,85
S01008187,16 to 24,84,1,83
S01008187,25 to 34,70,0,70
S01008187,35 to 49,154,2,152
S01008187,50 to 64,98,0,98
S01008187,65 and over,95,0,95
S01008188,All people aged 3 and over,880,8,872
S01008188,3 to 15,111,1,110
S01008188,16 to 24,112,2,110
S01008188,25 to 34,123,0,123
S01008188,35 to 49,182,1,181
S01008188,50 to 64,153,1,152
S01008188,65 and over,199,3,196
S01008189,All people aged 3 and over,554,2,552
S01008189,3 to 15,63,0,63
S01008189,16 to 24,49,0,49
S01008189,25 to 34,61,0,61
S01008189,35 to 49,112,0,112
S01008189,50 to 64,135,1,134
S01008189,65 and over,134,1,133
S01008190,All people aged 3 and over,845,2,843
S01008190,3 to 15,136,0,136
S01008190,16 to 24,112,0,112
S01008190,25 to 34,75,0,75
S01008190,35 to 49,182,0,182
S01008190,50 to 64,193,1,192
S01008190,65 and over,147,1,146
S01008191,All people aged 3 and over,466,2,464
S01008191,3 to 15,79,0,79
S01008191,16 to 24,72,1,71
S01008191,25 to 34,34,0,34
S01008191,35 to 49,95,0,95
S01008191,50 to 64,94,0,94
S01008191,65 and over,92,1,91
S01008192,All people aged 3 and over,769,2,767
S01008192,3 to 15,89,0,89
S01008192,16 to 24,109,0,109
S01008192,25 to 34,123,1,122
S01008192,35 to 49,178,1,177
S01008192,50 to 64,169,0,169
S01008192,65 and over,101,0,101
S01008193,All people aged 3 and over,803,3,800
S01008193,3 to 15,125,0,125
S01008193,16 to 24,86,0,86
S01008193,25 to 34,61,0,61
S01008193,35 to 49,183,1,182
S01008193,50 to 64,175,1,174
S01008193,65 and over,173,1,172
S01008194,All people aged 3 and over,598,4,594
S01008194,3 to 15,89,0,89
S01008194,16 to 24,57,0,57
S01008194,25 to 34,70,0,70
S01008194,35 to 49,132,1,131
S01008194,50 to 64,128,3,125
S01008194,65 and over,122,0,122
S01008195,All people aged 3 and over,746,4,742
S01008195,3 to 15,123,0,123
S01008195,16 to 24,116,0,116
S01008195,25 to 34,134,0,134
S01008195,35 to 49,185,2,183
S01008195,50 to 64,124,2,122
S01008195,65 and over,64,0,64
S01008196,All people aged 3 and over,758,7,751
S01008196,3 to 15,162,0,162
S01008196,16 to 24,118,1,117
S01008196,25 to 34,106,1,105
S01008196,35 to 49,170,2,168
S01008196,50 to 64,124,2,122
S01008196,65 and over,78,1,77
S01008197,All people aged 3 and over,851,4,847
S01008197,3 to 15,111,0,111
S01008197,16 to 24,118,1,117
S01008197,25 to 34,272,0,272
S01008197,35 to 49,245,1,244
S01008197,50 to 64,83,2,81
S01008197,65 and over,22,0,22
S01008198,All people aged 3 and over,676,3,673
S01008198,3 to 15,101,0,101
S01008198,16 to 24,73,0,73
S01008198,25 to 34,70,1,69
S01008198,35 to 49,144,1,143
S01008198,50 to 64,141,1,140
S01008198,65 and over,147,0,147
S01008199,All people aged 3 and over,739,2,737
S01008199,3 to 15,131,0,131
S01008199,16 to 24,98,1,97
S01008199,25 to 34,111,0,111
S01008199,35 to 49,156,0,156
S01008199,50 to 64,162,1,161
S01008199,65 and over,81,0,81
S01008200,All people aged 3 and over,605,4,601
S01008200,3 to 15,94,1,93
S01008200,16 to 24,55,1,54
S01008200,25 to 34,57,1,56
S01008200,35 to 49,128,0,128
S01008200,50 to 64,107,0,107
S01008200,65 and over,164,1,163
S01008201,All people aged 3 and over,768,7,761
S01008201,3 to 15,136,1,135
S01008201,16 to 24,92,0,92
S01008201,25 to 34,80,1,79
S01008201,35 to 49,172,2,170
S01008201,50 to 64,171,1,170
S01008201,65 and over,117,2,115
S01008202,All people aged 3 and over,553,4,549
S01008202,3 to 15,66,1,65
S01008202,16 to 24,59,0,59
S01008202,25 to 34,37,0,37
S01008202,35 to 49,136,0,136
S01008202,50 to 64,125,0,125
S01008202,65 and over,130,3,127
S01008203,All people aged 3 and over,529,2,527
S01008203,3 to 15,69,0,69
S01008203,16 to 24,78,0,78
S01008203,25 to 34,81,1,80
S01008203,35 to 49,126,0,126
S01008203,50 to 64,87,1,86
S01008203,65 and over,88,0,88
S01008204,All people aged 3 and over,860,11,849
S01008204,3 to 15,84,0,84
S01008204,16 to 24,48,0,48
S01008204,25 to 34,68,1,67
S01008204,35 to 49,187,4,183
S01008204,50 to 64,172,2,170
S01008204,65 and over,301,4,297
S01008205,All people aged 3 and over,663,7,656
S01008205,3 to 15,98,0,98
S01008205,16 to 24,82,2,80
S01008205,25 to 34,55,0,55
S01008205,35 to 49,152,2,150
S01008205,50 to 64,157,2,155
S01008205,65 and over,119,1,118
S01008206,All people aged 3 and over,630,1,629
S01008206,3 to 15,101,0,101
S01008206,16 to 24,58,0,58
S01008206,25 to 34,58,1,57
S01008206,35 to 49,134,0,134
S01008206,50 to 64,141,0,141
S01008206,65 and over,138,0,138
S01008207,All people aged 3 and over,585,1,584
S01008207,3 to 15,132,0,132
S01008207,16 to 24,72,0,72
S01008207,25 to 34,69,0,69
S01008207,35 to 49,156,0,156
S01008207,50 to 64,88,0,88
S01008207,65 and over,68,1,67
S01008208,All people aged 3 and over,735,7,728
S01008208,3 to 15,113,0,113
S01008208,16 to 24,96,2,94
S01008208,25 to 34,178,4,174
S01008208,35 to 49,196,1,195
S01008208,50 to 64,105,0,105
S01008208,65 and over,47,0,47
S01008209,All people aged 3 and over,524,3,521
S01008209,3 to 15,112,0,112
S01008209,16 to 24,52,1,51
S01008209,25 to 34,107,0,107
S01008209,35 to 49,153,1,152
S01008209,50 to 64,76,1,75
S01008209,65 and over,24,0,24
S01008210,All people aged 3 and over,898,10,888
S01008210,3 to 15,145,0,145
S01008210,16 to 24,97,1,96
S01008210,25 to 34,84,0,84
S01008210,35 to 49,205,4,201
S01008210,50 to 64,213,2,211
S01008210,65 and over,154,3,151
S01008211,All people aged 3 and over,857,8,849
S01008211,3 to 15,113,0,113
S01008211,16 to 24,90,0,90
S01008211,25 to 34,90,0,90
S01008211,35 to 49,205,2,203
S01008211,50 to 64,194,4,190
S01008211,65 and over,165,2,163
S01008212,All people aged 3 and over,560,4,556
S01008212,3 to 15,113,0,113
S01008212,16 to 24,63,0,63
S01008212,25 to 34,43,0,43
S01008212,35 to 49,156,3,153
S01008212,50 to 64,141,1,140
S01008212,65 and over,44,0,44
S01008213,All people aged 3 and over,996,6,990
S01008213,3 to 15,219,1,218
S01008213,16 to 24,111,0,111
S01008213,25 to 34,77,2,75
S01008213,35 to 49,308,0,308
S01008213,50 to 64,160,1,159
S01008213,65 and over,121,2,119
S01008214,All people aged 3 and over,691,2,689
S01008214,3 to 15,80,0,80
S01008214,16 to 24,52,0,52
S01008214,25 to 34,59,0,59
S01008214,35 to 49,141,1,140
S01008214,50 to 64,166,1,165
S01008214,65 and over,193,0,193
S01008215,All people aged 3 and over,720,1,719
S01008215,3 to 15,100,0,100
S01008215,16 to 24,77,0,77
S01008215,25 to 34,82,0,82
S01008215,35 to 49,185,0,185
S01008215,50 to 64,147,1,146
S01008215,65 and over,129,0,129
S01008216,All people aged 3 and over,506,3,503
S01008216,3 to 15,87,0,87
S01008216,16 to 24,66,0,66
S01008216,25 to 34,35,0,35
S01008216,35 to 49,126,0,126
S01008216,50 to 64,140,3,137
S01008216,65 and over,52,0,52
S01008217,All people aged 3 and over,553,5,548
S01008217,3 to 15,81,0,81
S01008217,16 to 24,56,2,54
S01008217,25 to 34,51,2,49
S01008217,35 to 49,123,0,123
S01008217,50 to 64,134,1,133
S01008217,65 and over,108,0,108
S01008218,All people aged 3 and over,1037,4,1033
S01008218,3 to 15,216,0,216
S01008218,16 to 24,107,1,106
S01008218,25 to 34,80,1,79
S01008218,35 to 49,366,2,364
S01008218,50 to 64,185,0,185
S01008218,65 and over,83,0,83
S01008219,All people aged 3 and over,972,4,968
S01008219,3 to 15,115,0,115
S01008219,16 to 24,127,0,127
S01008219,25 to 34,122,1,121
S01008219,35 to 49,215,2,213
S01008219,50 to 64,203,1,202
S01008219,65 and over,190,0,190
S01008220,All people aged 3 and over,609,5,604
S01008220,3 to 15,150,0,150
S01008220,16 to 24,94,2,92
S01008220,25 to 34,58,0,58
S01008220,35 to 49,150,2,148
S01008220,50 to 64,110,0,110
S01008220,65 and over,47,1,46
S01008221,All people aged 3 and over,682,2,680
S01008221,3 to 15,143,0,143
S01008221,16 to 24,91,0,91
S01008221,25 to 34,114,1,113
S01008221,35 to 49,148,0,148
S01008221,50 to 64,111,0,111
S01008221,65 and over,75,1,74
S01008222,All people aged 3 and over,616,0,616
S01008222,3 to 15,110,0,110
S01008222,16 to 24,65,0,65
S01008222,25 to 34,56,0,56
S01008222,35 to 49,122,0,122
S01008222,50 to 64,102,0,102
S01008222,65 and over,161,0,161
S01008223,All people aged 3 and over,578,3,575
S01008223,3 to 15,68,1,67
S01008223,16 to 24,54,0,54
S01008223,25 to 34,55,1,54
S01008223,35 to 49,113,0,113
S01008223,50 to 64,131,1,130
S01008223,65 and over,157,0,157
S01008224,All people aged 3 and over,872,2,870
S01008224,3 to 15,89,0,89
S01008224,16 to 24,96,0,96
S01008224,25 to 34,129,1,128
S01008224,35 to 49,191,0,191
S01008224,50 to 64,244,1,243
S01008224,65 and over,123,0,123
S01008225,All people aged 3 and over,691,2,689
S01008225,3 to 15,97,0,97
S01008225,16 to 24,98,0,98
S01008225,25 to 34,63,0,63
S01008225,35 to 49,149,1,148
S01008225,50 to 64,184,0,184
S01008225,65 and over,100,1,99
S01008226,All people aged 3 and over,732,6,726
S01008226,3 to 15,94,0,94
S01008226,16 to 24,70,0,70
S01008226,25 to 34,84,1,83
S01008226,35 to 49,146,1,145
S01008226,50 to 64,161,3,158
S01008226,65 and over,177,1,176
S01008227,All people aged 3 and over,793,1,792
S01008227,3 to 15,112,0,112
S01008227,16 to 24,78,0,78
S01008227,25 to 34,99,0,99
S01008227,35 to 49,166,0,166
S01008227,50 to 64,157,1,156
S01008227,65 and over,181,0,181
S01008228,All people aged 3 and over,620,2,618
S01008228,3 to 15,81,0,81
S01008228,16 to 24,62,1,61
S01008228,25 to 34,61,1,60
S01008228,35 to 49,163,0,163
S01008228,50 to 64,124,0,124
S01008228,65 and over,129,0,129
S01008229,All people aged 3 and over,654,1,653
S01008229,3 to 15,103,0,103
S01008229,16 to 24,85,1,84
S01008229,25 to 34,78,0,78
S01008229,35 to 49,138,0,138
S01008229,50 to 64,126,0,126
S01008229,65 and over,124,0,124
S01008230,All people aged 3 and over,763,1,762
S01008230,3 to 15,149,0,149
S01008230,16 to 24,85,0,85
S01008230,25 to 34,131,1,130
S01008230,35 to 49,242,0,242
S01008230,50 to 64,123,0,123
S01008230,65 and over,33,0,33
S01008231,All people aged 3 and over,732,4,728
S01008231,3 to 15,208,0,208
S01008231,16 to 24,63,2,61
S01008231,25 to 34,103,0,103
S01008231,35 to 49,271,1,270
S01008231,50 to 64,72,1,71
S01008231,65 and over,15,0,15
S01008232,All people aged 3 and over,619,2,617
S01008232,3 to 15,133,0,133
S01008232,16 to 24,81,0,81
S01008232,25 to 34,147,1,146
S01008232,35 to 49,191,1,190
S01008232,50 to 64,54,0,54
S01008232,65 and over,13,0,13
S01008233,All people aged 3 and over,427,5,422
S01008233,3 to 15,77,1,76
S01008233,16 to 24,42,1,41
S01008233,25 to 34,100,1,99
S01008233,35 to 49,115,2,113
S01008233,50 to 64,66,0,66
S01008233,65 and over,27,0,27
S01008234,All people aged 3 and over,382,5,377
S01008234,3 to 15,42,0,42
S01008234,16 to 24,38,0,38
S01008234,25 to 34,23,1,22
S01008234,35 to 49,87,0,87
S01008234,50 to 64,85,4,81
S01008234,65 and over,107,0,107
S01008235,All people aged 3 and over,805,2,803
S01008235,3 to 15,115,0,115
S01008235,16 to 24,78,0,78
S01008235,25 to 34,59,0,59
S01008235,35 to 49,197,0,197
S01008235,50 to 64,168,0,168
S01008235,65 and over,188,2,186
S01008236,All people aged 3 and over,816,4,812
S01008236,3 to 15,125,2,123
S01008236,16 to 24,64,0,64
S01008236,25 to 34,86,0,86
S01008236,35 to 49,188,1,187
S01008236,50 to 64,194,0,194
S01008236,65 and over,159,1,158
S01008237,All people aged 3 and over,835,3,832
S01008237,3 to 15,140,0,140
S01008237,16 to 24,83,1,82
S01008237,25 to 34,93,0,93
S01008237,35 to 49,216,1,215
S01008237,50 to 64,166,0,166
S01008237,65 and over,137,1,136
S01008238,All people aged 3 and over,732,6,726
S01008238,3 to 15,101,0,101
S01008238,16 to 24,73,0,73
S01008238,25 to 34,73,1,72
S01008238,35 to 49,170,1,169
S01008238,50 to 64,144,1,143
S01008238,65 and over,171,3,168
S01008239,All people aged 3 and over,728,2,726
S01008239,3 to 15,98,0,98
S01008239,16 to 24,71,0,71
S01008239,25 to 34,76,0,76
S01008239,35 to 49,167,2,165
S01008239,50 to 64,180,0,180
S01008239,65 and over,136,0,136
S01008240,All people aged 3 and over,868,7,861
S01008240,3 to 15,136,0,136
S01008240,16 to 24,69,0,69
S01008240,25 to 34,47,1,46
S01008240,35 to 49,183,1,182
S01008240,50 to 64,237,3,234
S01008240,65 and over,196,2,194
S01008241,All people aged 3 and over,637,7,630
S01008241,3 to 15,80,0,80
S01008241,16 to 24,55,0,55
S01008241,25 to 34,31,0,31
S01008241,35 to 49,100,1,99
S01008241,50 to 64,209,4,205
S01008241,65 and over,162,2,160
S01008242,All people aged 3 and over,885,12,873
S01008242,3 to 15,98,0,98
S01008242,16 to 24,58,0,58
S01008242,25 to 34,51,2,49
S01008242,35 to 49,174,2,172
S01008242,50 to 64,239,4,235
S01008242,65 and over,265,4,261
S01008243,All people aged 3 and over,897,8,889
S01008243,3 to 15,192,0,192
S01008243,16 to 24,65,2,63
S01008243,25 to 34,55,1,54
S01008243,35 to 49,274,3,271
S01008243,50 to 64,172,0,172
S01008243,65 and over,139,2,137
S01008244,All people aged 3 and over,571,3,568
S01008244,3 to 15,101,0,101
S01008244,16 to 24,37,0,37
S01008244,25 to 34,22,0,22
S01008244,35 to 49,143,2,141
S01008244,50 to 64,119,0,119
S01008244,65 and over,149,1,148
S01008245,All people aged 3 and over,958,8,950
S01008245,3 to 15,168,0,168
S01008245,16 to 24,69,0,69
S01008245,25 to 34,65,0,65
S01008245,35 to 49,241,3,238
S01008245,50 to 64,238,3,235
S01008245,65 and over,177,2,175
S01008246,All people aged 3 and over,959,2,957
S01008246,3 to 15,172,0,172
S01008246,16 to 24,76,0,76
S01008246,25 to 34,55,0,55
S01008246,35 to 49,247,1,246
S01008246,50 to 64,254,1,253
S01008246,65 and over,155,0,155
S01008247,All people aged 3 and over,758,3,755
S01008247,3 to 15,116,0,116
S01008247,16 to 24,68,0,68
S01008247,25 to 34,63,0,63
S01008247,35 to 49,212,1,211
S01008247,50 to 64,207,1,206
S01008247,65 and over,92,1,91
S01008248,All people aged 3 and over,900,11,889
S01008248,3 to 15,158,0,158
S01008248,16 to 24,79,0,79
S01008248,25 to 34,65,3,62
S01008248,35 to 49,214,2,212
S01008248,50 to 64,184,3,181
S01008248,65 and over,200,3,197
S01008249,All people aged 3 and over,877,12,865
S01008249,3 to 15,130,0,130
S01008249,16 to 24,54,0,54
S01008249,25 to 34,70,2,68
S01008249,35 to 49,223,3,220
S01008249,50 to 64,208,5,203
S01008249,65 and over,192,2,190
S01008250,All people aged 3 and over,995,8,987
S01008250,3 to 15,160,0,160
S01008250,16 to 24,83,0,83
S01008250,25 to 34,76,0,76
S01008250,35 to 49,242,3,239
S01008250,50 to 64,253,4,249
S01008250,65 and over,181,1,180
S01008251,All people aged 3 and over,720,5,715
S01008251,3 to 15,176,0,176
S01008251,16 to 24,69,1,68
S01008251,25 to 34,27,0,27
S01008251,35 to 49,245,1,244
S01008251,50 to 64,119,2,117
S01008251,65 and over,84,1,83
S01008252,All people aged 3 and over,821,1,820
S01008252,3 to 15,132,0,132
S01008252,16 to 24,71,0,71
S01008252,25 to 34,43,0,43
S01008252,35 to 49,185,1,184
S01008252,50 to 64,192,0,192
S01008252,65 and over,198,0,198
S01008253,All people aged 3 and over,748,6,742
S01008253,3 to 15,100,0,100
S01008253,16 to 24,45,0,45
S01008253,25 to 34,59,0,59
S01008253,35 to 49,160,2,158
S01008253,50 to 64,186,3,183
S01008253,65 and over,198,1,197
S01008254,All people aged 3 and over,977,8,969
S01008254,3 to 15,158,1,157
S01008254,16 to 24,94,0,94
S01008254,25 to 34,91,3,88
S01008254,35 to 49,206,2,204
S01008254,50 to 64,213,2,211
S01008254,65 and over,215,0,215
S01008255,All people aged 3 and over,707,7,700
S01008255,3 to 15,131,1,130
S01008255,16 to 24,86,0,86
S01008255,25 to 34,56,1,55
S01008255,35 to 49,177,4,173
S01008255,50 to 64,145,0,145
S01008255,65 and over,112,1,111
S01008256,All people aged 3 and over,798,3,795
S01008256,3 to 15,133,0,133
S01008256,16 to 24,114,0,114
S01008256,25 to 34,110,3,107
S01008256,35 to 49,189,0,189
S01008256,50 to 64,135,0,135
S01008256,65 and over,117,0,117
S01008257,All people aged 3 and over,643,7,636
S01008257,3 to 15,62,0,62
S01008257,16 to 24,53,3,50
S01008257,25 to 34,53,0,53
S01008257,35 to 49,112,2,110
S01008257,50 to 64,105,1,104
S01008257,65 and over,258,1,257
S01008258,All people aged 3 and over,796,5,791
S01008258,3 to 15,86,0,86
S01008258,16 to 24,86,0,86
S01008258,25 to 34,92,0,92
S01008258,35 to 49,166,1,165
S01008258,50 to 64,224,0,224
S01008258,65 and over,142,4,138
S01008259,All people aged 3 and over,745,12,733
S01008259,3 to 15,108,0,108
S01008259,16 to 24,62,0,62
S01008259,25 to 34,81,3,78
S01008259,35 to 49,178,2,176
S01008259,50 to 64,153,3,150
S01008259,65 and over,163,4,159
S01008260,All people aged 3 and over,754,4,750
S01008260,3 to 15,104,0,104
S01008260,16 to 24,93,1,92
S01008260,25 to 34,94,0,94
S01008260,35 to 49,166,0,166
S01008260,50 to 64,188,1,187
S01008260,65 and over,109,2,107
S01008261,All people aged 3 and over,872,3,869
S01008261,3 to 15,164,0,164
S01008261,16 to 24,92,0,92
S01008261,25 to 34,98,0,98
S01008261,35 to 49,193,0,193
S01008261,50 to 64,204,1,203
S01008261,65 and over,121,2,119
S01008262,All people aged 3 and over,588,4,584
S01008262,3 to 15,95,0,95
S01008262,16 to 24,65,0,65
S01008262,25 to 34,44,0,44
S01008262,35 to 49,134,2,132
S01008262,50 to 64,164,1,163
S01008262,65 and over,86,1,85
S01008263,All people aged 3 and over,586,6,580
S01008263,3 to 15,64,0,64
S01008263,16 to 24,34,1,33
S01008263,25 to 34,41,2,39
S01008263,35 to 49,128,1,127
S01008263,50 to 64,146,0,146
S01008263,65 and over,173,2,171
S01008264,All people aged 3 and over,705,8,697
S01008264,3 to 15,130,2,128
S01008264,16 to 24,49,1,48
S01008264,25 to 34,74,1,73
S01008264,35 to 49,182,3,179
S01008264,50 to 64,127,1,126
S01008264,65 and over,143,0,143
S01008265,All people aged 3 and over,689,3,686
S01008265,3 to 15,126,0,126
S01008265,16 to 24,33,0,33
S01008265,25 to 34,23,0,23
S01008265,35 to 49,172,1,171
S01008265,50 to 64,121,0,121
S01008265,65 and over,214,2,212
S01008266,All people aged 3 and over,660,3,657
S01008266,3 to 15,83,0,83
S01008266,16 to 24,36,0,36
S01008266,25 to 34,21,0,21
S01008266,35 to 49,136,2,134
S01008266,50 to 64,137,1,136
S01008266,65 and over,247,0,247
S01008267,All people aged 3 and over,797,5,792
S01008267,3 to 15,130,0,130
S01008267,16 to 24,58,0,58
S01008267,25 to 34,62,0,62
S01008267,35 to 49,207,1,206
S01008267,50 to 64,182,1,181
S01008267,65 and over,158,3,155
S01008268,All people aged 3 and over,859,8,851
S01008268,3 to 15,135,0,135
S01008268,16 to 24,56,0,56
S01008268,25 to 34,39,0,39
S01008268,35 to 49,179,3,176
S01008268,50 to 64,198,4,194
S01008268,65 and over,252,1,251
S01008269,All people aged 3 and over,855,8,847
S01008269,3 to 15,101,0,101
S01008269,16 to 24,59,0,59
S01008269,25 to 34,29,0,29
S01008269,35 to 49,126,1,125
S01008269,50 to 64,171,5,166
S01008269,65 and over,369,2,367
S01008270,All people aged 3 and over,800,10,790
S01008270,3 to 15,95,1,94
S01008270,16 to 24,53,1,52
S01008270,25 to 34,36,0,36
S01008270,35 to 49,131,3,128
S01008270,50 to 64,179,2,177
S01008270,65 and over,306,3,303
S01008271,All people aged 3 and over,652,9,643
S01008271,3 to 15,66,0,66
S01008271,16 to 24,66,3,63
S01008271,25 to 34,91,4,87
S01008271,35 to 49,159,1,158
S01008271,50 to 64,137,1,136
S01008271,65 and over,133,0,133
S01008272,All people aged 3 and over,976,6,970
S01008272,3 to 15,160,0,160
S01008272,16 to 24,104,0,104
S01008272,25 to 34,56,1,55
S01008272,35 to 49,216,0,216
S01008272,50 to 64,258,3,255
S01008272,65 and over,182,2,180
S01008273,All people aged 3 and over,829,9,820
S01008273,3 to 15,156,3,153
S01008273,16 to 24,67,0,67
S01008273,25 to 34,36,1,35
S01008273,35 to 49,195,3,192
S01008273,50 to 64,182,2,180
S01008273,65 and over,193,0,193
S01008274,All people aged 3 and over,713,5,708
S01008274,3 to 15,120,0,120
S01008274,16 to 24,60,0,60
S01008274,25 to 34,59,0,59
S01008274,35 to 49,155,1,154
S01008274,50 to 64,149,1,148
S01008274,65 and over,170,3,167
S01008275,All people aged 3 and over,544,8,536
S01008275,3 to 15,82,0,82
S01008275,16 to 24,36,0,36
S01008275,25 to 34,39,2,37
S01008275,35 to 49,109,1,108
S01008275,50 to 64,151,2,149
S01008275,65 and over,127,3,124
S01008276,All people aged 3 and over,540,2,538
S01008276,3 to 15,117,0,117
S01008276,16 to 24,54,0,54
S01008276,25 to 34,30,0,30
S01008276,35 to 49,135,0,135
S01008276,50 to 64,134,1,133
S01008276,65 and over,70,1,69
S01008277,All people aged 3 and over,494,5,489
S01008277,3 to 15,86,0,86
S01008277,16 to 24,39,0,39
S01008277,25 to 34,20,0,20
S01008277,35 to 49,133,1,132
S01008277,50 to 64,128,3,125
S01008277,65 and over,88,1,87
S01008278,All people aged 3 and over,753,7,746
S01008278,3 to 15,116,0,116
S01008278,16 to 24,46,0,46
S01008278,25 to 34,37,0,37
S01008278,35 to 49,169,3,166
S01008278,50 to 64,213,2,211
S01008278,65 and over,172,2,170
S01008279,All people aged 3 and over,711,2,709
S01008279,3 to 15,106,0,106
S01008279,16 to 24,54,0,54
S01008279,25 to 34,52,0,52
S01008279,35 to 49,152,0,152
S01008279,50 to 64,173,1,172
S01008279,65 and over,174,1,173
S01008280,All people aged 3 and over,911,7,904
S01008280,3 to 15,133,0,133
S01008280,16 to 24,70,0,70
S01008280,25 to 34,88,0,88
S01008280,35 to 49,212,2,210
S01008280,50 to 64,217,2,215
S01008280,65 and over,191,3,188
S01008281,All people aged 3 and over,708,7,701
S01008281,3 to 15,124,1,123
S01008281,16 to 24,42,0,42
S01008281,25 to 34,75,0,75
S01008281,35 to 49,165,2,163
S01008281,50 to 64,204,2,202
S01008281,65 and over,98,2,96
S01008282,All people aged 3 and over,682,7,675
S01008282,3 to 15,95,1,94
S01008282,16 to 24,45,0,45
S01008282,25 to 34,56,1,55
S01008282,35 to 49,184,3,181
S01008282,50 to 64,172,1,171
S01008282,65 and over,130,1,129
S01008283,All people aged 3 and over,493,3,490
S01008283,3 to 15,98,0,98
S01008283,16 to 24,56,0,56
S01008283,25 to 34,25,0,25
S01008283,35 to 49,162,2,160
S01008283,50 to 64,105,1,104
S01008283,65 and over,47,0,47
S01008284,All people aged 3 and over,848,4,844
S01008284,3 to 15,176,1,175
S01008284,16 to 24,65,0,65
S01008284,25 to 34,83,0,83
S01008284,35 to 49,235,0,235
S01008284,50 to 64,173,0,173
S01008284,65 and over,116,3,113
S01008285,All people aged 3 and over,728,2,726
S01008285,3 to 15,100,0,100
S01008285,16 to 24,90,0,90
S01008285,25 to 34,91,0,91
S01008285,35 to 49,141,2,139
S01008285,50 to 64,134,0,134
S01008285,65 and over,172,0,172
S01008286,All people aged 3 and over,729,3,726
S01008286,3 to 15,109,0,109
S01008286,16 to 24,82,0,82
S01008286,25 to 34,58,1,57
S01008286,35 to 49,153,0,153
S01008286,50 to 64,172,1,171
S01008286,65 and over,155,1,154
S01008287,All people aged 3 and over,826,14,812
S01008287,3 to 15,209,2,207
S01008287,16 to 24,101,0,101
S01008287,25 to 34,75,2,73
S01008287,35 to 49,174,9,165
S01008287,50 to 64,154,1,153
S01008287,65 and over,113,0,113
S01008288,All people aged 3 and over,872,8,864
S01008288,3 to 15,119,0,119
S01008288,16 to 24,81,0,81
S01008288,25 to 34,61,0,61
S01008288,35 to 49,184,1,183
S01008288,50 to 64,212,6,206
S01008288,65 and over,215,1,214
S01008289,All people aged 3 and over,592,10,582
S01008289,3 to 15,67,0,67
S01008289,16 to 24,72,0,72
S01008289,25 to 34,89,0,89
S01008289,35 to 49,150,4,146
S01008289,50 to 64,120,5,115
S01008289,65 and over,94,1,93
S01008290,All people aged 3 and over,879,10,869
S01008290,3 to 15,142,1,141
S01008290,16 to 24,91,2,89
S01008290,25 to 34,90,0,90
S01008290,35 to 49,232,2,230
S01008290,50 to 64,158,3,155
S01008290,65 and over,166,2,164
S01008291,All people aged 3 and over,708,3,705
S01008291,3 to 15,64,0,64
S01008291,16 to 24,57,0,57
S01008291,25 to 34,61,1,60
S01008291,35 to 49,108,0,108
S01008291,50 to 64,163,1,162
S01008291,65 and over,255,1,254
S01008292,All people aged 3 and over,788,6,782
S01008292,3 to 15,196,0,196
S01008292,16 to 24,95,0,95
S01008292,25 to 34,80,0,80
S01008292,35 to 49,213,5,208
S01008292,50 to 64,140,1,139
S01008292,65 and over,64,0,64
S01008293,All people aged 3 and over,575,6,569
S01008293,3 to 15,147,0,147
S01008293,16 to 24,48,0,48
S01008293,25 to 34,29,0,29
S01008293,35 to 49,191,1,190
S01008293,50 to 64,101,1,100
S01008293,65 and over,59,4,55
S01008294,All people aged 3 and over,898,6,892
S01008294,3 to 15,215,0,215
S01008294,16 to 24,70,0,70
S01008294,25 to 34,80,1,79
S01008294,35 to 49,279,4,275
S01008294,50 to 64,158,0,158
S01008294,65 and over,96,1,95
S01008295,All people aged 3 and over,929,9,920
S01008295,3 to 15,134,1,133
S01008295,16 to 24,120,0,120
S01008295,25 to 34,86,2,84
S01008295,35 to 49,210,0,210
S01008295,50 to 64,274,3,271
S01008295,65 and over,105,3,102
S01008296,All people aged 3 and over,660,5,655
S01008296,3 to 15,93,1,92
S01008296,16 to 24,93,1,92
S01008296,25 to 34,58,0,58
S01008296,35 to 49,127,0,127
S01008296,50 to 64,133,1,132
S01008296,65 and over,156,2,154
S01008297,All people aged 3 and over,757,5,752
S01008297,3 to 15,171,0,171
S01008297,16 to 24,82,1,81
S01008297,25 to 34,76,0,76
S01008297,35 to 49,215,2,213
S01008297,50 to 64,128,1,127
S01008297,65 and over,85,1,84
S01008298,All people aged 3 and over,732,13,719
S01008298,3 to 15,124,0,124
S01008298,16 to 24,82,0,82
S01008298,25 to 34,70,2,68
S01008298,35 to 49,200,2,198
S01008298,50 to 64,153,6,147
S01008298,65 and over,103,3,100
S01008299,All people aged 3 and over,786,7,779
S01008299,3 to 15,170,0,170
S01008299,16 to 24,68,0,68
S01008299,25 to 34,81,0,81
S01008299,35 to 49,159,2,157
S01008299,50 to 64,170,3,167
S01008299,65 and over,138,2,136
S01008300,All people aged 3 and over,829,8,821
S01008300,3 to 15,119,0,119
S01008300,16 to 24,110,0,110
S01008300,25 to 34,84,1,83
S01008300,35 to 49,160,4,156
S01008300,50 to 64,209,3,206
S01008300,65 and over,147,0,147
S01008301,All people aged 3 and over,812,11,801
S01008301,3 to 15,125,0,125
S01008301,16 to 24,110,1,109
S01008301,25 to 34,62,0,62
S01008301,35 to 49,201,2,199
S01008301,50 to 64,235,6,229
S01008301,65 and over,79,2,77
S01008302,All people aged 3 and over,722,5,717
S01008302,3 to 15,105,0,105
S01008302,16 to 24,76,0,76
S01008302,25 to 34,56,0,56
S01008302,35 to 49,148,0,148
S01008302,50 to 64,175,3,172
S01008302,65 and over,162,2,160
S01008303,All people aged 3 and over,545,8,537
S01008303,3 to 15,74,1,73
S01008303,16 to 24,69,0,69
S01008303,25 to 34,68,0,68
S01008303,35 to 49,127,3,124
S01008303,50 to 64,104,2,102
S01008303,65 and over,103,2,101
S01008304,All people aged 3 and over,471,5,466
S01008304,3 to 15,60,0,60
S01008304,16 to 24,64,0,64
S01008304,25 to 34,34,0,34
S01008304,35 to 49,84,1,83
S01008304,50 to 64,146,2,144
S01008304,65 and over,83,2,81
S01008305,All people aged 3 and over,772,1,771
S01008305,3 to 15,94,0,94
S01008305,16 to 24,100,0,100
S01008305,25 to 34,61,0,61
S01008305,35 to 49,157,0,157
S01008305,50 to 64,207,1,206
S01008305,65 and over,153,0,153
S01008306,All people aged 3 and over,601,5,596
S01008306,3 to 15,63,0,63
S01008306,16 to 24,91,0,91
S01008306,25 to 34,45,0,45
S01008306,35 to 49,153,1,152
S01008306,50 to 64,157,3,154
S01008306,65 and over,92,1,91
S01008307,All people aged 3 and over,622,0,622
S01008307,3 to 15,129,0,129
S01008307,16 to 24,56,0,56
S01008307,25 to 34,53,0,53
S01008307,35 to 49,167,0,167
S01008307,50 to 64,105,0,105
S01008307,65 and over,112,0,112
S01008308,All people aged 3 and over,556,9,547
S01008308,3 to 15,55,0,55
S01008308,16 to 24,61,1,60
S01008308,25 to 34,52,0,52
S01008308,35 to 49,91,2,89
S01008308,50 to 64,150,4,146
S01008308,65 and over,147,2,145
S01008309,All people aged 3 and over,704,3,701
S01008309,3 to 15,101,0,101
S01008309,16 to 24,92,1,91
S01008309,25 to 34,97,0,97
S01008309,35 to 49,166,1,165
S01008309,50 to 64,102,0,102
S01008309,65 and over,146,1,145
S01008310,All people aged 3 and over,936,7,929
S01008310,3 to 15,118,0,118
S01008310,16 to 24,105,0,105
S01008310,25 to 34,92,1,91
S01008310,35 to 49,201,2,199
S01008310,50 to 64,209,3,206
S01008310,65 and over,211,1,210
S01008311,All people aged 3 and over,375,2,373
S01008311,3 to 15,62,0,62
S01008311,16 to 24,54,0,54
S01008311,25 to 34,39,1,38
S01008311,35 to 49,101,0,101
S01008311,50 to 64,68,1,67
S01008311,65 and over,51,0,51
S01008312,All people aged 3 and over,389,2,387
S01008312,3 to 15,60,0,60
S01008312,16 to 24,54,0,54
S01008312,25 to 34,51,0,51
S01008312,35 to 49,94,0,94
S01008312,50 to 64,70,1,69
S01008312,65 and over,60,1,59
S01008313,All people aged 3 and over,849,7,842
S01008313,3 to 15,101,1,100
S01008313,16 to 24,92,0,92
S01008313,25 to 34,86,0,86
S01008313,35 to 49,192,1,191
S01008313,50 to 64,184,1,183
S01008313,65 and over,194,4,190
S01008314,All people aged 3 and over,540,2,538
S01008314,3 to 15,70,0,70
S01008314,16 to 24,83,0,83
S01008314,25 to 34,109,0,109
S01008314,35 to 49,127,0,127
S01008314,50 to 64,113,2,111
S01008314,65 and over,38,0,38
S01008315,All people aged 3 and over,708,10,698
S01008315,3 to 15,91,4,87
S01008315,16 to 24,92,1,91
S01008315,25 to 34,121,0,121
S01008315,35 to 49,174,2,172
S01008315,50 to 64,137,1,136
S01008315,65 and over,93,2,91
S01008316,All people aged 3 and over,567,7,560
S01008316,3 to 15,146,0,146
S01008316,16 to 24,78,3,75
S01008316,25 to 34,75,0,75
S01008316,35 to 49,160,3,157
S01008316,50 to 64,84,1,83
S01008316,65 and over,24,0,24
S01008317,All people aged 3 and over,701,4,697
S01008317,3 to 15,141,0,141
S01008317,16 to 24,88,0,88
S01008317,25 to 34,115,0,115
S01008317,35 to 49,188,2,186
S01008317,50 to 64,127,1,126
S01008317,65 and over,42,1,41
S01008318,All people aged 3 and over,943,8,935
S01008318,3 to 15,144,0,144
S01008318,16 to 24,99,0,99
S01008318,25 to 34,96,1,95
S01008318,35 to 49,228,1,227
S01008318,50 to 64,184,1,183
S01008318,65 and over,192,5,187
S01008319,All people aged 3 and over,722,4,718
S01008319,3 to 15,100,0,100
S01008319,16 to 24,63,0,63
S01008319,25 to 34,67,0,67
S01008319,35 to 49,165,3,162
S01008319,50 to 64,135,1,134
S01008319,65 and over,192,0,192
S01008320,All people aged 3 and over,622,8,614
S01008320,3 to 15,48,1,47
S01008320,16 to 24,63,2,61
S01008320,25 to 34,51,0,51
S01008320,35 to 49,126,2,124
S01008320,50 to 64,135,0,135
S01008320,65 and over,199,3,196
S01008321,All people aged 3 and over,534,3,531
S01008321,3 to 15,98,0,98
S01008321,16 to 24,76,0,76
S01008321,25 to 34,30,0,30
S01008321,35 to 49,151,2,149
S01008321,50 to 64,128,1,127
S01008321,65 and over,51,0,51
S01008322,All people aged 3 and over,1011,5,1006
S01008322,3 to 15,172,0,172
S01008322,16 to 24,120,0,120
S01008322,25 to 34,118,0,118
S01008322,35 to 49,240,3,237
S01008322,50 to 64,193,1,192
S01008322,65 and over,168,1,167
S01008323,All people aged 3 and over,775,3,772
S01008323,3 to 15,165,0,165
S01008323,16 to 24,106,0,106
S01008323,25 to 34,80,1,79
S01008323,35 to 49,169,1,168
S01008323,50 to 64,162,1,161
S01008323,65 and over,93,0,93
S01008324,All people aged 3 and over,623,9,614
S01008324,3 to 15,127,1,126
S01008324,16 to 24,78,1,77
S01008324,25 to 34,72,0,72
S01008324,35 to 49,142,4,138
S01008324,50 to 64,138,2,136
S01008324,65 and over,66,1,65
S01008325,All people aged 3 and over,708,2,706
S01008325,3 to 15,154,0,154
S01008325,16 to 24,110,0,110
S01008325,25 to 34,119,2,117
S01008325,35 to 49,165,0,165
S01008325,50 to 64,96,0,96
S01008325,65 and over,64,0,64
S01008326,All people aged 3 and over,932,3,929
S01008326,3 to 15,179,0,179
S01008326,16 to 24,116,0,116
S01008326,25 to 34,142,0,142
S01008326,35 to 49,222,1,221
S01008326,50 to 64,143,1,142
S01008326,65 and over,130,1,129
S01008327,All people aged 3 and over,833,2,831
S01008327,3 to 15,121,1,120
S01008327,16 to 24,110,0,110
S01008327,25 to 34,72,1,71
S01008327,35 to 49,177,0,177
S01008327,50 to 64,182,0,182
S01008327,65 and over,171,0,171
S01008328,All people aged 3 and over,664,11,653
S01008328,3 to 15,163,3,160
S01008328,16 to 24,72,0,72
S01008328,25 to 34,60,2,58
S01008328,35 to 49,198,3,195
S01008328,50 to 64,115,1,114
S01008328,65 and over,56,2,54
S01008329,All people aged 3 and over,846,8,838
S01008329,3 to 15,167,2,165
S01008329,16 to 24,112,0,112
S01008329,25 to 34,78,0,78
S01008329,35 to 49,205,5,200
S01008329,50 to 64,204,0,204
S01008329,65 and over,80,1,79
S01008330,All people aged 3 and over,847,13,834
S01008330,3 to 15,162,1,161
S01008330,16 to 24,113,0,113
S01008330,25 to 34,82,1,81
S01008330,35 to 49,201,6,195
S01008330,50 to 64,200,3,197
S01008330,65 and over,89,2,87
S01008331,All people aged 3 and over,583,3,580
S01008331,3 to 15,106,0,106
S01008331,16 to 24,76,0,76
S01008331,25 to 34,76,0,76
S01008331,35 to 49,139,0,139
S01008331,50 to 64,134,1,133
S01008331,65 and over,52,2,50
S01008332,All people aged 3 and over,933,11,922
S01008332,3 to 15,119,0,119
S01008332,16 to 24,116,0,116
S01008332,25 to 34,59,1,58
S01008332,35 to 49,167,3,164
S01008332,50 to 64,202,1,201
S01008332,65 and over,270,6,264
S01008333,All people aged 3 and over,971,11,960
S01008333,3 to 15,112,0,112
S01008333,16 to 24,75,0,75
S01008333,25 to 34,45,0,45
S01008333,35 to 49,161,6,155
S01008333,50 to 64,208,1,207
S01008333,65 and over,370,4,366
S01008334,All people aged 3 and over,707,6,701
S01008334,3 to 15,105,0,105
S01008334,16 to 24,76,0,76
S01008334,25 to 34,64,0,64
S01008334,35 to 49,150,3,147
S01008334,50 to 64,142,1,141
S01008334,65 and over,170,2,168
S01008335,All people aged 3 and over,729,11,718
S01008335,3 to 15,139,2,137
S01008335,16 to 24,66,0,66
S01008335,25 to 34,80,0,80
S01008335,35 to 49,154,3,151
S01008335,50 to 64,134,1,133
S01008335,65 and over,156,5,151
S01008336,All people aged 3 and over,642,12,630
S01008336,3 to 15,134,0,134
S01008336,16 to 24,60,1,59
S01008336,25 to 34,57,2,55
S01008336,35 to 49,157,3,154
S01008336,50 to 64,130,2,128
S01008336,65 and over,104,4,100
S01008337,All people aged 3 and over,844,7,837
S01008337,3 to 15,181,0,181
S01008337,16 to 24,76,1,75
S01008337,25 to 34,136,2,134
S01008337,35 to 49,221,1,220
S01008337,50 to 64,141,1,140
S01008337,65 and over,89,2,87
S01008338,All people aged 3 and over,870,5,865
S01008338,3 to 15,250,1,249
S01008338,16 to 24,94,0,94
S01008338,25 to 34,72,0,72
S01008338,35 to 49,282,4,278
S01008338,50 to 64,101,0,101
S01008338,65 and over,71,0,71
S01008339,All people aged 3 and over,592,3,589
S01008339,3 to 15,99,0,99
S01008339,16 to 24,86,0,86
S01008339,25 to 34,87,0,87
S01008339,35 to 49,150,0,150
S01008339,50 to 64,131,2,129
S01008339,65 and over,39,1,38
S01008340,All people aged 3 and over,793,9,784
S01008340,3 to 15,150,1,149
S01008340,16 to 24,111,0,111
S01008340,25 to 34,97,0,97
S01008340,35 to 49,196,5,191
S01008340,50 to 64,177,2,175
S01008340,65 and over,62,1,61
S01008341,All people aged 3 and over,675,4,671
S01008341,3 to 15,191,0,191
S01008341,16 to 24,85,0,85
S01008341,25 to 34,38,0,38
S01008341,35 to 49,208,0,208
S01008341,50 to 64,128,4,124
S01008341,65 and over,25,0,25
S01008342,All people aged 3 and over,826,9,817
S01008342,3 to 15,132,0,132
S01008342,16 to 24,116,2,114
S01008342,25 to 34,70,0,70
S01008342,35 to 49,183,0,183
S01008342,50 to 64,206,3,203
S01008342,65 and over,119,4,115
S01008343,All people aged 3 and over,831,7,824
S01008343,3 to 15,129,0,129
S01008343,16 to 24,103,0,103
S01008343,25 to 34,33,0,33
S01008343,35 to 49,177,2,175
S01008343,50 to 64,196,2,194
S01008343,65 and over,193,3,190
S01008344,All people aged 3 and over,850,8,842
S01008344,3 to 15,139,0,139
S01008344,16 to 24,90,2,88
S01008344,25 to 34,49,0,49
S01008344,35 to 49,166,1,165
S01008344,50 to 64,226,2,224
S01008344,65 and over,180,3,177
S01008345,All people aged 3 and over,895,3,892
S01008345,3 to 15,130,0,130
S01008345,16 to 24,113,0,113
S01008345,25 to 34,50,0,50
S01008345,35 to 49,156,1,155
S01008345,50 to 64,232,1,231
S01008345,65 and over,214,1,213
S01008346,All people aged 3 and over,991,6,985
S01008346,3 to 15,217,0,217
S01008346,16 to 24,103,0,103
S01008346,25 to 34,42,0,42
S01008346,35 to 49,234,3,231
S01008346,50 to 64,215,1,214
S01008346,65 and over,180,2,178
S01008347,All people aged 3 and over,964,14,950
S01008347,3 to 15,132,0,132
S01008347,16 to 24,94,0,94
S01008347,25 to 34,56,3,53
S01008347,35 to 49,177,5,172
S01008347,50 to 64,193,4,189
S01008347,65 and over,312,2,310
S01008348,All people aged 3 and over,720,5,715
S01008348,3 to 15,102,0,102
S01008348,16 to 24,74,0,74
S01008348,25 to 34,52,1,51
S01008348,35 to 49,138,3,135
S01008348,50 to 64,154,0,154
S01008348,65 and over,200,1,199
S01008349,All people aged 3 and over,913,7,906
S01008349,3 to 15,217,1,216
S01008349,16 to 24,86,0,86
S01008349,25 to 34,40,0,40
S01008349,35 to 49,225,0,225
S01008349,50 to 64,161,4,157
S01008349,65 and over,184,2,182
S01008350,All people aged 3 and over,577,4,573
S01008350,3 to 15,73,0,73
S01008350,16 to 24,49,0,49
S01008350,25 to 34,24,0,24
S01008350,35 to 49,99,0,99
S01008350,50 to 64,143,1,142
S01008350,65 and over,189,3,186
S01008351,All people aged 3 and over,885,6,879
S01008351,3 to 15,158,0,158
S01008351,16 to 24,88,0,88
S01008351,25 to 34,61,0,61
S01008351,35 to 49,192,0,192
S01008351,50 to 64,195,3,192
S01008351,65 and over,191,3,188
S01008352,All people aged 3 and over,655,9,646
S01008352,3 to 15,126,1,125
S01008352,16 to 24,68,1,67
S01008352,25 to 34,33,1,32
S01008352,35 to 49,141,0,141
S01008352,50 to 64,152,4,148
S01008352,65 and over,135,2,133
S01008353,All people aged 3 and over,517,5,512
S01008353,3 to 15,111,0,111
S01008353,16 to 24,54,0,54
S01008353,25 to 34,21,0,21
S01008353,35 to 49,140,2,138
S01008353,50 to 64,92,1,91
S01008353,65 and over,99,2,97
S01008354,All people aged 3 and over,679,2,677
S01008354,3 to 15,139,0,139
S01008354,16 to 24,55,0,55
S01008354,25 to 34,62,0,62
S01008354,35 to 49,162,0,162
S01008354,50 to 64,124,0,124
S01008354,65 and over,137,2,135
S01008355,All people aged 3 and over,637,13,624
S01008355,3 to 15,97,3,94
S01008355,16 to 24,58,1,57
S01008355,25 to 34,66,1,65
S01008355,35 to 49,139,3,136
S01008355,50 to 64,121,1,120
S01008355,65 and over,156,4,152
S01008356,All people aged 3 and over,559,8,551
S01008356,3 to 15,102,0,102
S01008356,16 to 24,59,0,59
S01008356,25 to 34,57,1,56
S01008356,35 to 49,158,5,153
S01008356,50 to 64,128,1,127
S01008356,65 and over,55,1,54
S01008357,All people aged 3 and over,682,12,670
S01008357,3 to 15,116,0,116
S01008357,16 to 24,60,0,60
S01008357,25 to 34,55,0,55
S01008357,35 to 49,164,1,163
S01008357,50 to 64,141,3,138
S01008357,65 and over,146,8,138
S01008358,All people aged 3 and over,671,7,664
S01008358,3 to 15,89,1,88
S01008358,16 to 24,59,0,59
S01008358,25 to 34,59,1,58
S01008358,35 to 49,138,2,136
S01008358,50 to 64,145,3,142
S01008358,65 and over,181,0,181
S01008359,All people aged 3 and over,612,9,603
S01008359,3 to 15,120,0,120
S01008359,16 to 24,51,0,51
S01008359,25 to 34,49,2,47
S01008359,35 to 49,166,4,162
S01008359,50 to 64,105,2,103
S01008359,65 and over,121,1,120
S01008360,All people aged 3 and over,824,8,816
S01008360,3 to 15,137,0,137
S01008360,16 to 24,105,0,105
S01008360,25 to 34,43,1,42
S01008360,35 to 49,165,0,165
S01008360,50 to 64,207,4,203
S01008360,65 and over,167,3,164
S01008361,All people aged 3 and over,508,6,502
S01008361,3 to 15,84,0,84
S01008361,16 to 24,69,0,69
S01008361,25 to 34,28,2,26
S01008361,35 to 49,121,1,120
S01008361,50 to 64,130,2,128
S01008361,65 and over,76,1,75
S01008362,All people aged 3 and over,921,12,909
S01008362,3 to 15,200,0,200
S01008362,16 to 24,93,0,93
S01008362,25 to 34,88,0,88
S01008362,35 to 49,275,3,272
S01008362,50 to 64,164,3,161
S01008362,65 and over,101,6,95
S01008363,All people aged 3 and over,716,9,707
S01008363,3 to 15,115,0,115
S01008363,16 to 24,84,0,84
S01008363,25 to 34,62,0,62
S01008363,35 to 49,180,5,175
S01008363,50 to 64,156,4,152
S01008363,65 and over,119,0,119
S01008364,All people aged 3 and over,749,6,743
S01008364,3 to 15,121,0,121
S01008364,16 to 24,94,1,93
S01008364,25 to 34,50,1,49
S01008364,35 to 49,165,1,164
S01008364,50 to 64,163,1,162
S01008364,65 and over,156,2,154
S01008365,All people aged 3 and over,663,6,657
S01008365,3 to 15,96,0,96
S01008365,16 to 24,68,1,67
S01008365,25 to 34,49,0,49
S01008365,35 to 49,123,0,123
S01008365,50 to 64,178,2,176
S01008365,65 and over,149,3,146
S01008366,All people aged 3 and over,910,9,901
S01008366,3 to 15,164,0,164
S01008366,16 to 24,97,0,97
S01008366,25 to 34,61,2,59
S01008366,35 to 49,183,3,180
S01008366,50 to 64,166,1,165
S01008366,65 and over,239,3,236
S01008367,All people aged 3 and over,714,8,706
S01008367,3 to 15,97,0,97
S01008367,16 to 24,96,0,96
S01008367,25 to 34,75,1,74
S01008367,35 to 49,171,1,170
S01008367,50 to 64,144,1,143
S01008367,65 and over,131,5,126
S01008368,All people aged 3 and over,635,8,627
S01008368,3 to 15,94,0,94
S01008368,16 to 24,64,0,64
S01008368,25 to 34,62,2,60
S01008368,35 to 49,148,2,146
S01008368,50 to 64,152,1,151
S01008368,65 and over,115,3,112
S01008369,All people aged 3 and over,507,2,505
S01008369,3 to 15,86,0,86
S01008369,16 to 24,56,0,56
S01008369,25 to 34,44,1,43
S01008369,35 to 49,120,0,120
S01008369,50 to 64,117,0,117
S01008369,65 and over,84,1,83
S01008370,All people aged 3 and over,672,1,671
S01008370,3 to 15,119,0,119
S01008370,16 to 24,91,0,91
S01008370,25 to 34,61,0,61
S01008370,35 to 49,167,0,167
S01008370,50 to 64,122,0,122
S01008370,65 and over,112,1,111
S01008371,All people aged 3 and over,777,8,769
S01008371,3 to 15,159,0,159
S01008371,16 to 24,89,0,89
S01008371,25 to 34,52,0,52
S01008371,35 to 49,172,1,171
S01008371,50 to 64,180,4,176
S01008371,65 and over,125,3,122
S01008372,All people aged 3 and over,766,4,762
S01008372,3 to 15,153,0,153
S01008372,16 to 24,92,0,92
S01008372,25 to 34,73,2,71
S01008372,35 to 49,175,1,174
S01008372,50 to 64,165,1,164
S01008372,65 and over,108,0,108
S01008373,All people aged 3 and over,773,5,768
S01008373,3 to 15,159,0,159
S01008373,16 to 24,94,0,94
S01008373,25 to 34,59,0,59
S01008373,35 to 49,214,2,212
S01008373,50 to 64,152,1,151
S01008373,65 and over,95,2,93
S01008374,All people aged 3 and over,686,8,678
S01008374,3 to 15,128,1,127
S01008374,16 to 24,73,1,72
S01008374,25 to 34,28,0,28
S01008374,35 to 49,165,1,164
S01008374,50 to 64,167,2,165
S01008374,65 and over,125,3,122
S01008375,All people aged 3 and over,762,4,758
S01008375,3 to 15,129,0,129
S01008375,16 to 24,109,0,109
S01008375,25 to 34,41,1,40
S01008375,35 to 49,172,2,170
S01008375,50 to 64,171,0,171
S01008375,65 and over,140,1,139
S01008376,All people aged 3 and over,514,5,509
S01008376,3 to 15,99,0,99
S01008376,16 to 24,54,0,54
S01008376,25 to 34,42,0,42
S01008376,35 to 49,128,1,127
S01008376,50 to 64,115,2,113
S01008376,65 and over,76,2,74
S01008377,All people aged 3 and over,712,11,701
S01008377,3 to 15,128,0,128
S01008377,16 to 24,79,0,79
S01008377,25 to 34,76,0,76
S01008377,35 to 49,178,7,171
S01008377,50 to 64,147,2,145
S01008377,65 and over,104,2,102
S01008378,All people aged 3 and over,988,13,975
S01008378,3 to 15,177,3,174
S01008378,16 to 24,111,0,111
S01008378,25 to 34,75,1,74
S01008378,35 to 49,207,5,202
S01008378,50 to 64,199,2,197
S01008378,65 and over,219,2,217
S01008379,All people aged 3 and over,516,6,510
S01008379,3 to 15,82,0,82
S01008379,16 to 24,54,0,54
S01008379,25 to 34,36,0,36
S01008379,35 to 49,79,2,77
S01008379,50 to 64,138,2,136
S01008379,65 and over,127,2,125
S01008380,All people aged 3 and over,625,8,617
S01008380,3 to 15,113,2,111
S01008380,16 to 24,81,0,81
S01008380,25 to 34,43,0,43
S01008380,35 to 49,160,4,156
S01008380,50 to 64,149,2,147
S01008380,65 and over,79,0,79
S01008381,All people aged 3 and over,602,9,593
S01008381,3 to 15,113,1,112
S01008381,16 to 24,61,3,58
S01008381,25 to 34,48,0,48
S01008381,35 to 49,176,1,175
S01008381,50 to 64,142,4,138
S01008381,65 and over,62,0,62
S01008382,All people aged 3 and over,626,9,617
S01008382,3 to 15,124,1,123
S01008382,16 to 24,47,1,46
S01008382,25 to 34,59,0,59
S01008382,35 to 49,153,1,152
S01008382,50 to 64,121,5,116
S01008382,65 and over,122,1,121
S01008383,All people aged 3 and over,457,5,452
S01008383,3 to 15,79,0,79
S01008383,16 to 24,45,0,45
S01008383,25 to 34,43,0,43
S01008383,35 to 49,112,1,111
S01008383,50 to 64,98,0,98
S01008383,65 and over,80,4,76
S01008384,All people aged 3 and over,945,8,937
S01008384,3 to 15,166,0,166
S01008384,16 to 24,109,0,109
S01008384,25 to 34,98,3,95
S01008384,35 to 49,219,3,216
S01008384,50 to 64,205,0,205
S01008384,65 and over,148,2,146
S01008385,All people aged 3 and over,653,12,641
S01008385,3 to 15,111,0,111
S01008385,16 to 24,66,2,64
S01008385,25 to 34,34,1,33
S01008385,35 to 49,146,0,146
S01008385,50 to 64,154,2,152
S01008385,65 and over,142,7,135
S01008386,All people aged 3 and over,770,4,766
S01008386,3 to 15,109,0,109
S01008386,16 to 24,86,0,86
S01008386,25 to 34,99,0,99
S01008386,35 to 49,174,2,172
S01008386,50 to 64,174,0,174
S01008386,65 and over,128,2,126
S01008387,All people aged 3 and over,581,2,579
S01008387,3 to 15,105,0,105
S01008387,16 to 24,57,0,57
S01008387,25 to 34,52,0,52
S01008387,35 to 49,181,0,181
S01008387,50 to 64,107,0,107
S01008387,65 and over,79,2,77
S01008388,All people aged 3 and over,612,3,609
S01008388,3 to 15,124,0,124
S01008388,16 to 24,69,0,69
S01008388,25 to 34,71,0,71
S01008388,35 to 49,161,3,158
S01008388,50 to 64,153,0,153
S01008388,65 and over,34,0,34
S01008389,All people aged 3 and over,637,7,630
S01008389,3 to 15,67,1,66
S01008389,16 to 24,47,0,47
S01008389,25 to 34,19,2,17
S01008389,35 to 49,96,1,95
S01008389,50 to 64,115,0,115
S01008389,65 and over,293,3,290
S01008390,All people aged 3 and over,599,11,588
S01008390,3 to 15,84,0,84
S01008390,16 to 24,63,0,63
S01008390,25 to 34,35,0,35
S01008390,35 to 49,122,3,119
S01008390,50 to 64,162,5,157
S01008390,65 and over,133,3,130
S01008391,All people aged 3 and over,763,12,751
S01008391,3 to 15,136,2,134
S01008391,16 to 24,70,1,69
S01008391,25 to 34,41,1,40
S01008391,35 to 49,140,2,138
S01008391,50 to 64,156,1,155
S01008391,65 and over,220,5,215
S01008392,All people aged 3 and over,879,6,873
S01008392,3 to 15,172,1,171
S01008392,16 to 24,100,0,100
S01008392,25 to 34,67,0,67
S01008392,35 to 49,244,2,242
S01008392,50 to 64,189,2,187
S01008392,65 and over,107,1,106
S01008393,All people aged 3 and over,817,11,806
S01008393,3 to 15,148,2,146
S01008393,16 to 24,68,0,68
S01008393,25 to 34,43,1,42
S01008393,35 to 49,179,3,176
S01008393,50 to 64,164,2,162
S01008393,65 and over,215,3,212
S01008394,All people aged 3 and over,798,7,791
S01008394,3 to 15,198,2,196
S01008394,16 to 24,90,0,90
S01008394,25 to 34,40,0,40
S01008394,35 to 49,213,2,211
S01008394,50 to 64,165,1,164
S01008394,65 and over,92,2,90
S01008395,All people aged 3 and over,515,2,513
S01008395,3 to 15,102,0,102
S01008395,16 to 24,68,0,68
S01008395,25 to 34,52,0,52
S01008395,35 to 49,119,0,119
S01008395,50 to 64,130,2,128
S01008395,65 and over,44,0,44
S01008396,All people aged 3 and over,619,9,610
S01008396,3 to 15,65,0,65
S01008396,16 to 24,58,1,57
S01008396,25 to 34,42,0,42
S01008396,35 to 49,88,1,87
S01008396,50 to 64,155,3,152
S01008396,65 and over,211,4,207
S01008397,All people aged 3 and over,909,13,896
S01008397,3 to 15,147,1,146
S01008397,16 to 24,116,0,116
S01008397,25 to 34,67,0,67
S01008397,35 to 49,180,3,177
S01008397,50 to 64,256,2,254
S01008397,65 and over,143,7,136
S01008398,All people aged 3 and over,569,5,564
S01008398,3 to 15,90,0,90
S01008398,16 to 24,53,1,52
S01008398,25 to 34,39,0,39
S01008398,35 to 49,124,2,122
S01008398,50 to 64,122,1,121
S01008398,65 and over,141,1,140
S01008399,All people aged 3 and over,533,9,524
S01008399,3 to 15,70,0,70
S01008399,16 to 24,43,1,42
S01008399,25 to 34,23,1,22
S01008399,35 to 49,93,1,92
S01008399,50 to 64,133,1,132
S01008399,65 and over,171,5,166
S01008400,All people aged 3 and over,661,5,656
S01008400,3 to 15,125,0,125
S01008400,16 to 24,70,0,70
S01008400,25 to 34,62,0,62
S01008400,35 to 49,142,1,141
S01008400,50 to 64,132,1,131
S01008400,65 and over,130,3,127
S01008401,All people aged 3 and over,932,17,915
S01008401,3 to 15,125,0,125
S01008401,16 to 24,104,3,101
S01008401,25 to 34,82,1,81
S01008401,35 to 49,172,4,168
S01008401,50 to 64,218,2,216
S01008401,65 and over,231,7,224
S01008402,All people aged 3 and over,1080,11,1069
S01008402,3 to 15,180,0,180
S01008402,16 to 24,120,0,120
S01008402,25 to 34,44,0,44
S01008402,35 to 49,187,2,185
S01008402,50 to 64,276,7,269
S01008402,65 and over,273,2,271
S01008403,All people aged 3 and over,589,5,584
S01008403,3 to 15,116,0,116
S01008403,16 to 24,65,0,65
S01008403,25 to 34,30,0,30
S01008403,35 to 49,150,0,150
S01008403,50 to 64,110,2,108
S01008403,65 and over,118,3,115
S01008404,All people aged 3 and over,940,14,926
S01008404,3 to 15,141,3,138
S01008404,16 to 24,97,0,97
S01008404,25 to 34,68,1,67
S01008404,35 to 49,164,2,162
S01008404,50 to 64,204,6,198
S01008404,65 and over,266,2,264
S01008405,All people aged 3 and over,750,10,740
S01008405,3 to 15,166,2,164
S01008405,16 to 24,81,1,80
S01008405,25 to 34,58,0,58
S01008405,35 to 49,157,5,152
S01008405,50 to 64,183,1,182
S01008405,65 and over,105,1,104
S01008406,All people aged 3 and over,946,17,929
S01008406,3 to 15,155,0,155
S01008406,16 to 24,79,1,78
S01008406,25 to 34,64,1,63
S01008406,35 to 49,177,3,174
S01008406,50 to 64,185,6,179
S01008406,65 and over,286,6,280
S01008407,All people aged 3 and over,510,3,507
S01008407,3 to 15,54,0,54
S01008407,16 to 24,49,0,49
S01008407,25 to 34,41,0,41
S01008407,35 to 49,99,2,97
S01008407,50 to 64,111,0,111
S01008407,65 and over,156,1,155
S01008408,All people aged 3 and over,646,7,639
S01008408,3 to 15,134,3,131
S01008408,16 to 24,72,1,71
S01008408,25 to 34,47,0,47
S01008408,35 to 49,179,1,178
S01008408,50 to 64,128,1,127
S01008408,65 and over,86,1,85
S01008409,All people aged 3 and over,829,13,816
S01008409,3 to 15,110,0,110
S01008409,16 to 24,90,4,86
S01008409,25 to 34,108,0,108
S01008409,35 to 49,167,2,165
S01008409,50 to 64,174,3,171
S01008409,65 and over,180,4,176
S01008410,All people aged 3 and over,577,8,569
S01008410,3 to 15,82,0,82
S01008410,16 to 24,55,1,54
S01008410,25 to 34,62,0,62
S01008410,35 to 49,109,1,108
S01008410,50 to 64,115,4,111
S01008410,65 and over,154,2,152
S01008411,All people aged 3 and over,586,5,581
S01008411,3 to 15,86,0,86
S01008411,16 to 24,74,0,74
S01008411,25 to 34,51,0,51
S01008411,35 to 49,142,2,140
S01008411,50 to 64,128,3,125
S01008411,65 and over,105,0,105
S01008412,All people aged 3 and over,687,9,678
S01008412,3 to 15,126,2,124
S01008412,16 to 24,105,0,105
S01008412,25 to 34,32,1,31
S01008412,35 to 49,160,2,158
S01008412,50 to 64,143,1,142
S01008412,65 and over,121,3,118
S01008413,All people aged 3 and over,537,3,534
S01008413,3 to 15,95,0,95
S01008413,16 to 24,71,0,71
S01008413,25 to 34,51,0,51
S01008413,35 to 49,108,1,107
S01008413,50 to 64,143,0,143
S01008413,65 and over,69,2,67
S01008414,All people aged 3 and over,435,4,431
S01008414,3 to 15,74,0,74
S01008414,16 to 24,60,0,60
S01008414,25 to 34,44,0,44
S01008414,35 to 49,87,1,86
S01008414,50 to 64,108,2,106
S01008414,65 and over,62,1,61
S01008415,All people aged 3 and over,819,12,807
S01008415,3 to 15,139,2,137
S01008415,16 to 24,110,0,110
S01008415,25 to 34,103,0,103
S01008415,35 to 49,171,3,168
S01008415,50 to 64,169,6,163
S01008415,65 and over,127,1,126
S01008416,All people aged 3 and over,913,10,903
S01008416,3 to 15,133,1,132
S01008416,16 to 24,121,2,119
S01008416,25 to 34,117,1,116
S01008416,35 to 49,224,3,221
S01008416,50 to 64,194,2,192
S01008416,65 and over,124,1,123
S01008417,All people aged 3 and over,708,7,701
S01008417,3 to 15,122,0,122
S01008417,16 to 24,59,1,58
S01008417,25 to 34,30,1,29
S01008417,35 to 49,169,2,167
S01008417,50 to 64,178,3,175
S01008417,65 and over,150,0,150
S01008418,All people aged 3 and over,665,8,657
S01008418,3 to 15,81,0,81
S01008418,16 to 24,51,0,51
S01008418,25 to 34,73,0,73
S01008418,35 to 49,141,2,139
S01008418,50 to 64,166,2,164
S01008418,65 and over,153,4,149
S01008419,All people aged 3 and over,511,9,502
S01008419,3 to 15,138,0,138
S01008419,16 to 24,51,0,51
S01008419,25 to 34,12,0,12
S01008419,35 to 49,151,3,148
S01008419,50 to 64,99,3,96
S01008419,65 and over,60,3,57
S01008420,All people aged 3 and over,458,2,456
S01008420,3 to 15,62,0,62
S01008420,16 to 24,50,0,50
S01008420,25 to 34,46,0,46
S01008420,35 to 49,93,0,93
S01008420,50 to 64,113,0,113
S01008420,65 and over,94,2,92
S01008421,All people aged 3 and over,825,6,819
S01008421,3 to 15,138,0,138
S01008421,16 to 24,82,0,82
S01008421,25 to 34,98,0,98
S01008421,35 to 49,214,4,210
S01008421,50 to 64,167,2,165
S01008421,65 and over,126,0,126
S01008422,All people aged 3 and over,606,3,603
S01008422,3 to 15,116,0,116
S01008422,16 to 24,50,1,49
S01008422,25 to 34,13,0,13
S01008422,35 to 49,137,0,137
S01008422,50 to 64,164,2,162
S01008422,65 and over,126,0,126
S01008423,All people aged 3 and over,1027,5,1022
S01008423,3 to 15,201,0,201
S01008423,16 to 24,88,0,88
S01008423,25 to 34,43,0,43
S01008423,35 to 49,282,2,280
S01008423,50 to 64,238,0,238
S01008423,65 and over,175,3,172
S01008424,All people aged 3 and over,811,4,807
S01008424,3 to 15,113,0,113
S01008424,16 to 24,78,0,78
S01008424,25 to 34,29,0,29
S01008424,35 to 49,157,0,157
S01008424,50 to 64,186,3,183
S01008424,65 and over,248,1,247
S01008425,All people aged 3 and over,2452,42,2410
S01008425,3 to 15,144,0,144
S01008425,16 to 24,1281,27,1254
S01008425,25 to 34,344,9,335
S01008425,35 to 49,220,3,217
S01008425,50 to 64,250,3,247
S01008425,65 and over,213,0,213
S01008426,All people aged 3 and over,555,4,551
S01008426,3 to 15,73,0,73
S01008426,16 to 24,58,0,58
S01008426,25 to 34,60,1,59
S01008426,35 to 49,121,1,120
S01008426,50 to 64,96,2,94
S01008426,65 and over,147,0,147
S01008427,All people aged 3 and over,1022,5,1017
S01008427,3 to 15,154,0,154
S01008427,16 to 24,131,0,131
S01008427,25 to 34,124,1,123
S01008427,35 to 49,249,1,248
S01008427,50 to 64,277,3,274
S01008427,65 and over,87,0,87
S01008428,All people aged 3 and over,652,9,643
S01008428,3 to 15,91,0,91
S01008428,16 to 24,63,0,63
S01008428,25 to 34,58,3,55
S01008428,35 to 49,130,2,128
S01008428,50 to 64,143,1,142
S01008428,65 and over,167,3,164
S01008429,All people aged 3 and over,818,6,812
S01008429,3 to 15,111,0,111
S01008429,16 to 24,73,0,73
S01008429,25 to 34,59,0,59
S01008429,35 to 49,185,1,184
S01008429,50 to 64,184,1,183
S01008429,65 and over,206,4,202
S01008430,All people aged 3 and over,649,6,643
S01008430,3 to 15,94,0,94
S01008430,16 to 24,73,0,73
S01008430,25 to 34,34,0,34
S01008430,35 to 49,151,1,150
S01008430,50 to 64,138,0,138
S01008430,65 and over,159,5,154
S01008431,All people aged 3 and over,819,7,812
S01008431,3 to 15,121,0,121
S01008431,16 to 24,73,2,71
S01008431,25 to 34,47,0,47
S01008431,35 to 49,180,0,180
S01008431,50 to 64,195,4,191
S01008431,65 and over,203,1,202
S01008432,All people aged 3 and over,682,8,674
S01008432,3 to 15,92,1,91
S01008432,16 to 24,66,0,66
S01008432,25 to 34,35,0,35
S01008432,35 to 49,130,2,128
S01008432,50 to 64,161,2,159
S01008432,65 and over,198,3,195
S01008433,All people aged 3 and over,779,4,775
S01008433,3 to 15,94,0,94
S01008433,16 to 24,59,1,58
S01008433,25 to 34,82,0,82
S01008433,35 to 49,151,2,149
S01008433,50 to 64,248,0,248
S01008433,65 and over,145,1,144
S01008434,All people aged 3 and over,778,4,774
S01008434,3 to 15,117,0,117
S01008434,16 to 24,79,0,79
S01008434,25 to 34,51,0,51
S01008434,35 to 49,157,2,155
S01008434,50 to 64,248,2,246
S01008434,65 and over,126,0,126
S01008435,All people aged 3 and over,752,7,745
S01008435,3 to 15,100,0,100
S01008435,16 to 24,68,0,68
S01008435,25 to 34,62,0,62
S01008435,35 to 49,146,2,144
S01008435,50 to 64,215,3,212
S01008435,65 and over,161,2,159
S01008436,All people aged 3 and over,842,7,835
S01008436,3 to 15,119,0,119
S01008436,16 to 24,86,1,85
S01008436,25 to 34,48,1,47
S01008436,35 to 49,210,1,209
S01008436,50 to 64,201,2,199
S01008436,65 and over,178,2,176
S01008437,All people aged 3 and over,700,10,690
S01008437,3 to 15,94,0,94
S01008437,16 to 24,63,0,63
S01008437,25 to 34,64,0,64
S01008437,35 to 49,153,2,151
S01008437,50 to 64,154,3,151
S01008437,65 and over,172,5,167
S01008438,All people aged 3 and over,432,5,427
S01008438,3 to 15,69,0,69
S01008438,16 to 24,38,0,38
S01008438,25 to 34,33,2,31
S01008438,35 to 49,120,0,120
S01008438,50 to 64,121,1,120
S01008438,65 and over,51,2,49
S01008439,All people aged 3 and over,1081,5,1076
S01008439,3 to 15,233,0,233
S01008439,16 to 24,84,0,84
S01008439,25 to 34,67,0,67
S01008439,35 to 49,262,1,261
S01008439,50 to 64,262,2,260
S01008439,65 and over,173,2,171
S01008440,All people aged 3 and over,975,10,965
S01008440,3 to 15,167,0,167
S01008440,16 to 24,69,0,69
S01008440,25 to 34,55,0,55
S01008440,35 to 49,203,0,203
S01008440,50 to 64,231,6,225
S01008440,65 and over,250,4,246
S01008441,All people aged 3 and over,449,3,446
S01008441,3 to 15,75,0,75
S01008441,16 to 24,38,0,38
S01008441,25 to 34,22,0,22
S01008441,35 to 49,103,1,102
S01008441,50 to 64,118,2,116
S01008441,65 and over,93,0,93
S01008442,All people aged 3 and over,656,3,653
S01008442,3 to 15,102,0,102
S01008442,16 to 24,44,0,44
S01008442,25 to 34,92,2,90
S01008442,35 to 49,182,1,181
S01008442,50 to 64,155,0,155
S01008442,65 and over,81,0,81
S01008443,All people aged 3 and over,568,1,567
S01008443,3 to 15,82,0,82
S01008443,16 to 24,48,0,48
S01008443,25 to 34,27,0,27
S01008443,35 to 49,122,0,122
S01008443,50 to 64,155,0,155
S01008443,65 and over,134,1,133
S01008444,All people aged 3 and over,608,11,597
S01008444,3 to 15,95,0,95
S01008444,16 to 24,73,2,71
S01008444,25 to 34,88,2,86
S01008444,35 to 49,154,6,148
S01008444,50 to 64,126,1,125
S01008444,65 and over,72,0,72
S01008445,All people aged 3 and over,862,18,844
S01008445,3 to 15,172,1,171
S01008445,16 to 24,55,1,54
S01008445,25 to 34,113,8,105
S01008445,35 to 49,165,3,162
S01008445,50 to 64,93,0,93
S01008445,65 and over,264,5,259
S01008446,All people aged 3 and over,1102,10,1092
S01008446,3 to 15,292,4,288
S01008446,16 to 24,201,1,200
S01008446,25 to 34,53,0,53
S01008446,35 to 49,195,1,194
S01008446,50 to 64,180,2,178
S01008446,65 and over,181,2,179
S01008447,All people aged 3 and over,658,3,655
S01008447,3 to 15,102,0,102
S01008447,16 to 24,40,0,40
S01008447,25 to 34,41,0,41
S01008447,35 to 49,151,0,151
S01008447,50 to 64,187,1,186
S01008447,65 and over,137,2,135
S01008448,All people aged 3 and over,734,3,731
S01008448,3 to 15,97,1,96
S01008448,16 to 24,72,0,72
S01008448,25 to 34,50,0,50
S01008448,35 to 49,171,0,171
S01008448,50 to 64,194,2,192
S01008448,65 and over,150,0,150
S01008449,All people aged 3 and over,757,7,750
S01008449,3 to 15,163,0,163
S01008449,16 to 24,117,0,117
S01008449,25 to 34,132,1,131
S01008449,35 to 49,188,5,183
S01008449,50 to 64,106,1,105
S01008449,65 and over,51,0,51
S01008450,All people aged 3 and over,548,3,545
S01008450,3 to 15,119,0,119
S01008450,16 to 24,63,0,63
S01008450,25 to 34,100,3,97
S01008450,35 to 49,120,0,120
S01008450,50 to 64,84,0,84
S01008450,65 and over,62,0,62
S01008451,All people aged 3 and over,675,11,664
S01008451,3 to 15,170,1,169
S01008451,16 to 24,103,2,101
S01008451,25 to 34,118,3,115
S01008451,35 to 49,167,3,164
S01008451,50 to 64,93,2,91
S01008451,65 and over,24,0,24
S01008452,All people aged 3 and over,602,17,585
S01008452,3 to 15,160,6,154
S01008452,16 to 24,102,2,100
S01008452,25 to 34,88,3,85
S01008452,35 to 49,141,4,137
S01008452,50 to 64,84,2,82
S01008452,65 and over,27,0,27
S01008453,All people aged 3 and over,475,3,472
S01008453,3 to 15,96,1,95
S01008453,16 to 24,83,0,83
S01008453,25 to 34,144,2,142
S01008453,35 to 49,98,0,98
S01008453,50 to 64,39,0,39
S01008453,65 and over,15,0,15
S01008454,All people aged 3 and over,890,8,882
S01008454,3 to 15,202,5,197
S01008454,16 to 24,144,1,143
S01008454,25 to 34,146,0,146
S01008454,35 to 49,218,1,217
S01008454,50 to 64,134,1,133
S01008454,65 and over,46,0,46
S01008455,All people aged 3 and over,944,21,923
S01008455,3 to 15,138,1,137
S01008455,16 to 24,166,4,162
S01008455,25 to 34,198,8,190
S01008455,35 to 49,197,4,193
S01008455,50 to 64,124,2,122
S01008455,65 and over,121,2,119
S01008456,All people aged 3 and over,895,8,887
S01008456,3 to 15,120,0,120
S01008456,16 to 24,148,3,145
S01008456,25 to 34,208,2,206
S01008456,35 to 49,178,1,177
S01008456,50 to 64,153,2,151
S01008456,65 and over,88,0,88
S01008457,All people aged 3 and over,583,6,577
S01008457,3 to 15,49,1,48
S01008457,16 to 24,73,1,72
S01008457,25 to 34,78,0,78
S01008457,35 to 49,111,2,109
S01008457,50 to 64,137,0,137
S01008457,65 and over,135,2,133
S01008458,All people aged 3 and over,942,9,933
S01008458,3 to 15,163,1,162
S01008458,16 to 24,142,3,139
S01008458,25 to 34,144,0,144
S01008458,35 to 49,212,1,211
S01008458,50 to 64,179,4,175
S01008458,65 and over,102,0,102
S01008459,All people aged 3 and over,714,8,706
S01008459,3 to 15,108,2,106
S01008459,16 to 24,114,2,112
S01008459,25 to 34,138,2,136
S01008459,35 to 49,153,1,152
S01008459,50 to 64,143,1,142
S01008459,65 and over,58,0,58
S01008460,All people aged 3 and over,746,14,732
S01008460,3 to 15,179,5,174
S01008460,16 to 24,118,4,114
S01008460,25 to 34,140,4,136
S01008460,35 to 49,165,0,165
S01008460,50 to 64,102,1,101
S01008460,65 and over,42,0,42
S01008461,All people aged 3 and over,853,6,847
S01008461,3 to 15,145,0,145
S01008461,16 to 24,142,0,142
S01008461,25 to 34,158,0,158
S01008461,35 to 49,210,2,208
S01008461,50 to 64,146,3,143
S01008461,65 and over,52,1,51
S01008462,All people aged 3 and over,546,5,541
S01008462,3 to 15,60,0,60
S01008462,16 to 24,39,0,39
S01008462,25 to 34,44,1,43
S01008462,35 to 49,131,1,130
S01008462,50 to 64,191,3,188
S01008462,65 and over,81,0,81
S01008463,All people aged 3 and over,624,13,611
S01008463,3 to 15,72,3,69
S01008463,16 to 24,91,1,90
S01008463,25 to 34,154,1,153
S01008463,35 to 49,152,5,147
S01008463,50 to 64,98,3,95
S01008463,65 and over,57,0,57
S01008464,All people aged 3 and over,805,6,799
S01008464,3 to 15,110,1,109
S01008464,16 to 24,90,0,90
S01008464,25 to 34,159,1,158
S01008464,35 to 49,146,0,146
S01008464,50 to 64,165,1,164
S01008464,65 and over,135,3,132
S01008465,All people aged 3 and over,719,5,714
S01008465,3 to 15,109,1,108
S01008465,16 to 24,96,0,96
S01008465,25 to 34,117,0,117
S01008465,35 to 49,136,2,134
S01008465,50 to 64,144,1,143
S01008465,65 and over,117,1,116
S01008466,All people aged 3 and over,704,3,701
S01008466,3 to 15,108,0,108
S01008466,16 to 24,102,0,102
S01008466,25 to 34,137,2,135
S01008466,35 to 49,124,0,124
S01008466,50 to 64,133,1,132
S01008466,65 and over,100,0,100
S01008467,All people aged 3 and over,755,6,749
S01008467,3 to 15,116,0,116
S01008467,16 to 24,82,1,81
S01008467,25 to 34,109,0,109
S01008467,35 to 49,157,1,156
S01008467,50 to 64,166,2,164
S01008467,65 and over,125,2,123
S01008468,All people aged 3 and over,640,6,634
S01008468,3 to 15,111,1,110
S01008468,16 to 24,88,0,88
S01008468,25 to 34,81,0,81
S01008468,35 to 49,137,4,133
S01008468,50 to 64,93,0,93
S01008468,65 and over,130,1,129
S01008469,All people aged 3 and over,557,5,552
S01008469,3 to 15,77,0,77
S01008469,16 to 24,98,1,97
S01008469,25 to 34,97,2,95
S01008469,35 to 49,135,1,134
S01008469,50 to 64,76,1,75
S01008469,65 and over,74,0,74
S01008470,All people aged 3 and over,702,9,693
S01008470,3 to 15,116,2,114
S01008470,16 to 24,92,0,92
S01008470,25 to 34,110,2,108
S01008470,35 to 49,136,4,132
S01008470,50 to 64,159,0,159
S01008470,65 and over,89,1,88
S01008471,All people aged 3 and over,817,10,807
S01008471,3 to 15,191,3,188
S01008471,16 to 24,115,1,114
S01008471,25 to 34,134,1,133
S01008471,35 to 49,197,3,194
S01008471,50 to 64,126,2,124
S01008471,65 and over,54,0,54
S01008472,All people aged 3 and over,674,3,671
S01008472,3 to 15,133,0,133
S01008472,16 to 24,90,0,90
S01008472,25 to 34,127,2,125
S01008472,35 to 49,147,1,146
S01008472,50 to 64,103,0,103
S01008472,65 and over,74,0,74
S01008473,All people aged 3 and over,670,26,644
S01008473,3 to 15,120,8,112
S01008473,16 to 24,89,5,84
S01008473,25 to 34,121,7,114
S01008473,35 to 49,144,3,141
S01008473,50 to 64,111,2,109
S01008473,65 and over,85,1,84
S01008474,All people aged 3 and over,747,20,727
S01008474,3 to 15,81,6,75
S01008474,16 to 24,91,1,90
S01008474,25 to 34,145,3,142
S01008474,35 to 49,160,5,155
S01008474,50 to 64,116,2,114
S01008474,65 and over,154,3,151
S01008475,All people aged 3 and over,581,17,564
S01008475,3 to 15,81,10,71
S01008475,16 to 24,61,1,60
S01008475,25 to 34,104,1,103
S01008475,35 to 49,107,2,105
S01008475,50 to 64,100,0,100
S01008475,65 and over,128,3,125
S01008476,All people aged 3 and over,668,9,659
S01008476,3 to 15,54,2,52
S01008476,16 to 24,59,2,57
S01008476,25 to 34,141,1,140
S01008476,35 to 49,155,3,152
S01008476,50 to 64,98,0,98
S01008476,65 and over,161,1,160
S01008477,All people aged 3 and over,741,5,736
S01008477,3 to 15,61,0,61
S01008477,16 to 24,51,1,50
S01008477,25 to 34,143,2,141
S01008477,35 to 49,177,0,177
S01008477,50 to 64,139,1,138
S01008477,65 and over,170,1,169
S01008478,All people aged 3 and over,818,8,810
S01008478,3 to 15,112,2,110
S01008478,16 to 24,84,1,83
S01008478,25 to 34,126,3,123
S01008478,35 to 49,155,0,155
S01008478,50 to 64,141,2,139
S01008478,65 and over,200,0,200
S01008479,All people aged 3 and over,734,13,721
S01008479,3 to 15,74,1,73
S01008479,16 to 24,66,3,63
S01008479,25 to 34,155,2,153
S01008479,35 to 49,137,3,134
S01008479,50 to 64,140,3,137
S01008479,65 and over,162,1,161
S01008480,All people aged 3 and over,586,6,580
S01008480,3 to 15,83,2,81
S01008480,16 to 24,92,0,92
S01008480,25 to 34,177,0,177
S01008480,35 to 49,112,2,110
S01008480,50 to 64,79,2,77
S01008480,65 and over,43,0,43
S01008481,All people aged 3 and over,1591,34,1557
S01008481,3 to 15,183,6,177
S01008481,16 to 24,227,4,223
S01008481,25 to 34,321,5,316
S01008481,35 to 49,416,12,404
S01008481,50 to 64,254,5,249
S01008481,65 and over,190,2,188
S01008482,All people aged 3 and over,593,5,588
S01008482,3 to 15,71,2,69
S01008482,16 to 24,45,0,45
S01008482,25 to 34,78,0,78
S01008482,35 to 49,142,1,141
S01008482,50 to 64,109,0,109
S01008482,65 and over,148,2,146
S01008483,All people aged 3 and over,583,1,582
S01008483,3 to 15,52,0,52
S01008483,16 to 24,80,0,80
S01008483,25 to 34,98,0,98
S01008483,35 to 49,122,1,121
S01008483,50 to 64,103,0,103
S01008483,65 and over,128,0,128
S01008484,All people aged 3 and over,733,11,722
S01008484,3 to 15,105,6,99
S01008484,16 to 24,58,0,58
S01008484,25 to 34,98,0,98
S01008484,35 to 49,149,1,148
S01008484,50 to 64,182,4,178
S01008484,65 and over,141,0,141
S01008485,All people aged 3 and over,970,13,957
S01008485,3 to 15,172,1,171
S01008485,16 to 24,144,1,143
S01008485,25 to 34,155,1,154
S01008485,35 to 49,211,4,207
S01008485,50 to 64,146,4,142
S01008485,65 and over,142,2,140
S01008486,All people aged 3 and over,845,9,836
S01008486,3 to 15,68,4,64
S01008486,16 to 24,98,0,98
S01008486,25 to 34,88,0,88
S01008486,35 to 49,139,2,137
S01008486,50 to 64,207,2,205
S01008486,65 and over,245,1,244
S01008487,All people aged 3 and over,726,13,713
S01008487,3 to 15,48,3,45
S01008487,16 to 24,97,0,97
S01008487,25 to 34,264,5,259
S01008487,35 to 49,154,3,151
S01008487,50 to 64,100,1,99
S01008487,65 and over,63,1,62
S01008488,All people aged 3 and over,737,5,732
S01008488,3 to 15,62,0,62
S01008488,16 to 24,104,0,104
S01008488,25 to 34,182,3,179
S01008488,35 to 49,138,1,137
S01008488,50 to 64,123,0,123
S01008488,65 and over,128,1,127
S01008489,All people aged 3 and over,609,8,601
S01008489,3 to 15,65,0,65
S01008489,16 to 24,87,1,86
S01008489,25 to 34,82,1,81
S01008489,35 to 49,136,3,133
S01008489,50 to 64,133,2,131
S01008489,65 and over,106,1,105
S01008490,All people aged 3 and over,863,7,856
S01008490,3 to 15,68,2,66
S01008490,16 to 24,110,1,109
S01008490,25 to 34,221,2,219
S01008490,35 to 49,200,1,199
S01008490,50 to 64,140,1,139
S01008490,65 and over,124,0,124
S01008491,All people aged 3 and over,875,15,860
S01008491,3 to 15,49,1,48
S01008491,16 to 24,209,1,208
S01008491,25 to 34,258,9,249
S01008491,35 to 49,159,1,158
S01008491,50 to 64,110,2,108
S01008491,65 and over,90,1,89
S01008492,All people aged 3 and over,909,8,901
S01008492,3 to 15,95,1,94
S01008492,16 to 24,166,4,162
S01008492,25 to 34,332,2,330
S01008492,35 to 49,177,0,177
S01008492,50 to 64,104,1,103
S01008492,65 and over,35,0,35
S01008493,All people aged 3 and over,766,13,753
S01008493,3 to 15,73,2,71
S01008493,16 to 24,115,3,112
S01008493,25 to 34,153,1,152
S01008493,35 to 49,158,2,156
S01008493,50 to 64,111,3,108
S01008493,65 and over,156,2,154
S01008494,All people aged 3 and over,659,8,651
S01008494,3 to 15,61,1,60
S01008494,16 to 24,95,2,93
S01008494,25 to 34,213,4,209
S01008494,35 to 49,152,1,151
S01008494,50 to 64,72,0,72
S01008494,65 and over,66,0,66
S01008495,All people aged 3 and over,870,14,856
S01008495,3 to 15,20,0,20
S01008495,16 to 24,176,2,174
S01008495,25 to 34,395,6,389
S01008495,35 to 49,177,6,171
S01008495,50 to 64,60,0,60
S01008495,65 and over,42,0,42
S01008496,All people aged 3 and over,945,18,927
S01008496,3 to 15,16,0,16
S01008496,16 to 24,185,3,182
S01008496,25 to 34,415,11,404
S01008496,35 to 49,212,3,209
S01008496,50 to 64,79,1,78
S01008496,65 and over,38,0,38
S01008497,All people aged 3 and over,766,17,749
S01008497,3 to 15,12,0,12
S01008497,16 to 24,132,1,131
S01008497,25 to 34,298,6,292
S01008497,35 to 49,178,8,170
S01008497,50 to 64,112,2,110
S01008497,65 and over,34,0,34
S01008498,All people aged 3 and over,755,18,737
S01008498,3 to 15,23,1,22
S01008498,16 to 24,136,4,132
S01008498,25 to 34,273,9,264
S01008498,35 to 49,167,2,165
S01008498,50 to 64,113,2,111
S01008498,65 and over,43,0,43
S01008499,All people aged 3 and over,969,28,941
S01008499,3 to 15,34,0,34
S01008499,16 to 24,246,3,243
S01008499,25 to 34,402,20,382
S01008499,35 to 49,173,1,172
S01008499,50 to 64,79,1,78
S01008499,65 and over,35,3,32
S01008500,All people aged 3 and over,390,8,382
S01008500,3 to 15,38,0,38
S01008500,16 to 24,100,3,97
S01008500,25 to 34,106,2,104
S01008500,35 to 49,92,3,89
S01008500,50 to 64,48,0,48
S01008500,65 and over,6,0,6
S01008501,All people aged 3 and over,591,9,582
S01008501,3 to 15,35,0,35
S01008501,16 to 24,170,4,166
S01008501,25 to 34,259,3,256
S01008501,35 to 49,91,2,89
S01008501,50 to 64,27,0,27
S01008501,65 and over,9,0,9
S01008502,All people aged 3 and over,620,11,609
S01008502,3 to 15,16,0,16
S01008502,16 to 24,156,1,155
S01008502,25 to 34,284,5,279
S01008502,35 to 49,113,5,108
S01008502,50 to 64,40,0,40
S01008502,65 and over,11,0,11
S01008503,All people aged 3 and over,799,5,794
S01008503,3 to 15,48,0,48
S01008503,16 to 24,148,2,146
S01008503,25 to 34,275,2,273
S01008503,35 to 49,200,0,200
S01008503,50 to 64,85,1,84
S01008503,65 and over,43,0,43
S01008504,All people aged 3 and over,1060,11,1049
S01008504,3 to 15,110,0,110
S01008504,16 to 24,148,2,146
S01008504,25 to 34,269,0,269
S01008504,35 to 49,293,2,291
S01008504,50 to 64,151,5,146
S01008504,65 and over,89,2,87
S01008505,All people aged 3 and over,684,8,676
S01008505,3 to 15,85,1,84
S01008505,16 to 24,68,1,67
S01008505,25 to 34,139,1,138
S01008505,35 to 49,195,4,191
S01008505,50 to 64,135,1,134
S01008505,65 and over,62,0,62
S01008506,All people aged 3 and over,831,16,815
S01008506,3 to 15,71,2,69
S01008506,16 to 24,64,4,60
S01008506,25 to 34,143,1,142
S01008506,35 to 49,178,4,174
S01008506,50 to 64,117,1,116
S01008506,65 and over,258,4,254
S01008507,All people aged 3 and over,880,9,871
S01008507,3 to 15,79,0,79
S01008507,16 to 24,237,1,236
S01008507,25 to 34,213,0,213
S01008507,35 to 49,198,5,193
S01008507,50 to 64,111,3,108
S01008507,65 and over,42,0,42
S01008508,All people aged 3 and over,814,10,804
S01008508,3 to 15,132,0,132
S01008508,16 to 24,78,0,78
S01008508,25 to 34,85,1,84
S01008508,35 to 49,188,3,185
S01008508,50 to 64,191,4,187
S01008508,65 and over,140,2,138
S01008509,All people aged 3 and over,960,11,949
S01008509,3 to 15,98,0,98
S01008509,16 to 24,76,0,76
S01008509,25 to 34,150,1,149
S01008509,35 to 49,230,4,226
S01008509,50 to 64,181,2,179
S01008509,65 and over,225,4,221
S01008510,All people aged 3 and over,875,6,869
S01008510,3 to 15,120,2,118
S01008510,16 to 24,101,0,101
S01008510,25 to 34,84,0,84
S01008510,35 to 49,191,3,188
S01008510,50 to 64,192,1,191
S01008510,65 and over,187,0,187
S01008511,All people aged 3 and over,851,10,841
S01008511,3 to 15,142,1,141
S01008511,16 to 24,73,0,73
S01008511,25 to 34,49,0,49
S01008511,35 to 49,186,1,185
S01008511,50 to 64,225,5,220
S01008511,65 and over,176,3,173
S01008512,All people aged 3 and over,492,3,489
S01008512,3 to 15,82,0,82
S01008512,16 to 24,42,0,42
S01008512,25 to 34,31,1,30
S01008512,35 to 49,115,1,114
S01008512,50 to 64,115,1,114
S01008512,65 and over,107,0,107
S01008513,All people aged 3 and over,676,15,661
S01008513,3 to 15,109,0,109
S01008513,16 to 24,55,0,55
S01008513,25 to 34,33,3,30
S01008513,35 to 49,148,2,146
S01008513,50 to 64,159,3,156
S01008513,65 and over,172,7,165
S01008514,All people aged 3 and over,900,21,879
S01008514,3 to 15,143,2,141
S01008514,16 to 24,61,1,60
S01008514,25 to 34,56,0,56
S01008514,35 to 49,206,8,198
S01008514,50 to 64,191,4,187
S01008514,65 and over,243,6,237
S01008515,All people aged 3 and over,707,11,696
S01008515,3 to 15,144,4,140
S01008515,16 to 24,58,0,58
S01008515,25 to 34,69,1,68
S01008515,35 to 49,204,4,200
S01008515,50 to 64,155,1,154
S01008515,65 and over,77,1,76
S01008516,All people aged 3 and over,878,24,854
S01008516,3 to 15,51,0,51
S01008516,16 to 24,145,8,137
S01008516,25 to 34,250,3,247
S01008516,35 to 49,235,9,226
S01008516,50 to 64,102,1,101
S01008516,65 and over,95,3,92
S01008517,All people aged 3 and over,838,12,826
S01008517,3 to 15,49,2,47
S01008517,16 to 24,159,1,158
S01008517,25 to 34,201,1,200
S01008517,35 to 49,175,3,172
S01008517,50 to 64,107,3,104
S01008517,65 and over,147,2,145
S01008518,All people aged 3 and over,880,15,865
S01008518,3 to 15,147,0,147
S01008518,16 to 24,117,1,116
S01008518,25 to 34,111,1,110
S01008518,35 to 49,191,2,189
S01008518,50 to 64,207,6,201
S01008518,65 and over,107,5,102
S01008519,All people aged 3 and over,779,13,766
S01008519,3 to 15,154,0,154
S01008519,16 to 24,69,2,67
S01008519,25 to 34,63,0,63
S01008519,35 to 49,175,2,173
S01008519,50 to 64,189,5,184
S01008519,65 and over,129,4,125
S01008520,All people aged 3 and over,1058,12,1046
S01008520,3 to 15,190,2,188
S01008520,16 to 24,78,0,78
S01008520,25 to 34,49,0,49
S01008520,35 to 49,220,0,220
S01008520,50 to 64,270,6,264
S01008520,65 and over,251,4,247
S01008521,All people aged 3 and over,885,5,880
S01008521,3 to 15,179,0,179
S01008521,16 to 24,63,0,63
S01008521,25 to 34,28,2,26
S01008521,35 to 49,205,1,204
S01008521,50 to 64,257,0,257
S01008521,65 and over,153,2,151
S01008522,All people aged 3 and over,515,8,507
S01008522,3 to 15,81,0,81
S01008522,16 to 24,49,1,48
S01008522,25 to 34,43,1,42
S01008522,35 to 49,121,1,120
S01008522,50 to 64,130,4,126
S01008522,65 and over,91,1,90
S01008523,All people aged 3 and over,924,9,915
S01008523,3 to 15,168,0,168
S01008523,16 to 24,59,0,59
S01008523,25 to 34,96,2,94
S01008523,35 to 49,282,3,279
S01008523,50 to 64,193,2,191
S01008523,65 and over,126,2,124
S01008524,All people aged 3 and over,831,6,825
S01008524,3 to 15,117,0,117
S01008524,16 to 24,124,1,123
S01008524,25 to 34,138,0,138
S01008524,35 to 49,184,3,181
S01008524,50 to 64,153,2,151
S01008524,65 and over,115,0,115
S01008525,All people aged 3 and over,736,2,734
S01008525,3 to 15,134,0,134
S01008525,16 to 24,87,0,87
S01008525,25 to 34,105,0,105
S01008525,35 to 49,129,1,128
S01008525,50 to 64,106,0,106
S01008525,65 and over,175,1,174
S01008526,All people aged 3 and over,820,6,814
S01008526,3 to 15,83,0,83
S01008526,16 to 24,96,0,96
S01008526,25 to 34,125,3,122
S01008526,35 to 49,164,0,164
S01008526,50 to 64,168,2,166
S01008526,65 and over,184,1,183
S01008527,All people aged 3 and over,702,9,693
S01008527,3 to 15,107,1,106
S01008527,16 to 24,104,1,103
S01008527,25 to 34,113,1,112
S01008527,35 to 49,159,2,157
S01008527,50 to 64,133,3,130
S01008527,65 and over,86,1,85
S01008528,All people aged 3 and over,684,6,678
S01008528,3 to 15,144,0,144
S01008528,16 to 24,71,0,71
S01008528,25 to 34,101,2,99
S01008528,35 to 49,164,3,161
S01008528,50 to 64,112,0,112
S01008528,65 and over,92,1,91
S01008529,All people aged 3 and over,702,8,694
S01008529,3 to 15,79,1,78
S01008529,16 to 24,87,0,87
S01008529,25 to 34,79,1,78
S01008529,35 to 49,130,2,128
S01008529,50 to 64,180,0,180
S01008529,65 and over,147,4,143
S01008530,All people aged 3 and over,688,10,678
S01008530,3 to 15,118,0,118
S01008530,16 to 24,58,0,58
S01008530,25 to 34,142,5,137
S01008530,35 to 49,157,3,154
S01008530,50 to 64,111,0,111
S01008530,65 and over,102,2,100
S01008531,All people aged 3 and over,704,3,701
S01008531,3 to 15,85,0,85
S01008531,16 to 24,75,0,75
S01008531,25 to 34,111,0,111
S01008531,35 to 49,154,2,152
S01008531,50 to 64,134,1,133
S01008531,65 and over,145,0,145
S01008532,All people aged 3 and over,434,6,428
S01008532,3 to 15,65,0,65
S01008532,16 to 24,46,1,45
S01008532,25 to 34,41,0,41
S01008532,35 to 49,86,3,83
S01008532,50 to 64,100,1,99
S01008532,65 and over,96,1,95
S01008533,All people aged 3 and over,483,2,481
S01008533,3 to 15,111,1,110
S01008533,16 to 24,75,0,75
S01008533,25 to 34,146,0,146
S01008533,35 to 49,92,1,91
S01008533,50 to 64,32,0,32
S01008533,65 and over,27,0,27
S01008534,All people aged 3 and over,680,5,675
S01008534,3 to 15,104,0,104
S01008534,16 to 24,102,0,102
S01008534,25 to 34,101,3,98
S01008534,35 to 49,155,0,155
S01008534,50 to 64,153,2,151
S01008534,65 and over,65,0,65
S01008535,All people aged 3 and over,688,4,684
S01008535,3 to 15,91,0,91
S01008535,16 to 24,94,0,94
S01008535,25 to 34,34,1,33
S01008535,35 to 49,147,1,146
S01008535,50 to 64,193,1,192
S01008535,65 and over,129,1,128
S01008536,All people aged 3 and over,553,8,545
S01008536,3 to 15,69,1,68
S01008536,16 to 24,36,1,35
S01008536,25 to 34,38,1,37
S01008536,35 to 49,122,2,120
S01008536,50 to 64,122,2,120
S01008536,65 and over,166,1,165
S01008537,All people aged 3 and over,655,6,649
S01008537,3 to 15,85,2,83
S01008537,16 to 24,52,0,52
S01008537,25 to 34,45,0,45
S01008537,35 to 49,118,0,118
S01008537,50 to 64,202,3,199
S01008537,65 and over,153,1,152
S01008538,All people aged 3 and over,533,5,528
S01008538,3 to 15,66,0,66
S01008538,16 to 24,43,0,43
S01008538,25 to 34,29,0,29
S01008538,35 to 49,84,1,83
S01008538,50 to 64,146,2,144
S01008538,65 and over,165,2,163
S01008539,All people aged 3 and over,816,13,803
S01008539,3 to 15,125,2,123
S01008539,16 to 24,78,0,78
S01008539,25 to 34,47,0,47
S01008539,35 to 49,175,4,171
S01008539,50 to 64,229,5,224
S01008539,65 and over,162,2,160
S01008540,All people aged 3 and over,849,13,836
S01008540,3 to 15,121,5,116
S01008540,16 to 24,52,0,52
S01008540,25 to 34,52,0,52
S01008540,35 to 49,173,4,169
S01008540,50 to 64,219,2,217
S01008540,65 and over,232,2,230
S01008541,All people aged 3 and over,851,4,847
S01008541,3 to 15,175,2,173
S01008541,16 to 24,85,0,85
S01008541,25 to 34,69,0,69
S01008541,35 to 49,194,1,193
S01008541,50 to 64,190,0,190
S01008541,65 and over,138,1,137
S01008542,All people aged 3 and over,914,3,911
S01008542,3 to 15,193,0,193
S01008542,16 to 24,94,0,94
S01008542,25 to 34,47,0,47
S01008542,35 to 49,228,0,228
S01008542,50 to 64,230,1,229
S01008542,65 and over,122,2,120
S01008543,All people aged 3 and over,712,6,706
S01008543,3 to 15,149,0,149
S01008543,16 to 24,71,0,71
S01008543,25 to 34,60,1,59
S01008543,35 to 49,190,2,188
S01008543,50 to 64,177,3,174
S01008543,65 and over,65,0,65
S01008544,All people aged 3 and over,635,4,631
S01008544,3 to 15,156,0,156
S01008544,16 to 24,91,0,91
S01008544,25 to 34,35,0,35
S01008544,35 to 49,171,1,170
S01008544,50 to 64,156,3,153
S01008544,65 and over,26,0,26
S01008545,All people aged 3 and over,873,10,863
S01008545,3 to 15,184,0,184
S01008545,16 to 24,82,1,81
S01008545,25 to 34,40,0,40
S01008545,35 to 49,233,2,231
S01008545,50 to 64,187,3,184
S01008545,65 and over,147,4,143
S01008546,All people aged 3 and over,791,10,781
S01008546,3 to 15,90,0,90
S01008546,16 to 24,66,0,66
S01008546,25 to 34,45,0,45
S01008546,35 to 49,143,0,143
S01008546,50 to 64,267,5,262
S01008546,65 and over,180,5,175
S01008547,All people aged 3 and over,973,14,959
S01008547,3 to 15,156,0,156
S01008547,16 to 24,91,3,88
S01008547,25 to 34,179,4,175
S01008547,35 to 49,239,2,237
S01008547,50 to 64,224,3,221
S01008547,65 and over,84,2,82
S01008548,All people aged 3 and over,775,8,767
S01008548,3 to 15,122,3,119
S01008548,16 to 24,98,0,98
S01008548,25 to 34,152,1,151
S01008548,35 to 49,218,3,215
S01008548,50 to 64,140,0,140
S01008548,65 and over,45,1,44
S01008549,All people aged 3 and over,928,8,920
S01008549,3 to 15,127,3,124
S01008549,16 to 24,83,0,83
S01008549,25 to 34,109,1,108
S01008549,35 to 49,238,4,234
S01008549,50 to 64,201,0,201
S01008549,65 and over,170,0,170
S01008550,All people aged 3 and over,771,15,756
S01008550,3 to 15,111,5,106
S01008550,16 to 24,79,1,78
S01008550,25 to 34,96,0,96
S01008550,35 to 49,179,5,174
S01008550,50 to 64,204,2,202
S01008550,65 and over,102,2,100
S01008551,All people aged 3 and over,952,10,942
S01008551,3 to 15,79,1,78
S01008551,16 to 24,86,0,86
S01008551,25 to 34,110,1,109
S01008551,35 to 49,196,3,193
S01008551,50 to 64,271,2,269
S01008551,65 and over,210,3,207
S01008552,All people aged 3 and over,847,9,838
S01008552,3 to 15,102,2,100
S01008552,16 to 24,94,1,93
S01008552,25 to 34,98,0,98
S01008552,35 to 49,149,1,148
S01008552,50 to 64,225,1,224
S01008552,65 and over,179,4,175
S01008553,All people aged 3 and over,517,3,514
S01008553,3 to 15,57,0,57
S01008553,16 to 24,42,0,42
S01008553,25 to 34,57,0,57
S01008553,35 to 49,93,2,91
S01008553,50 to 64,150,1,149
S01008553,65 and over,118,0,118
S01008554,All people aged 3 and over,1036,4,1032
S01008554,3 to 15,271,0,271
S01008554,16 to 24,145,0,145
S01008554,25 to 34,134,0,134
S01008554,35 to 49,220,1,219
S01008554,50 to 64,180,3,177
S01008554,65 and over,86,0,86
S01008555,All people aged 3 and over,975,10,965
S01008555,3 to 15,179,3,176
S01008555,16 to 24,114,2,112
S01008555,25 to 34,192,1,191
S01008555,35 to 49,208,3,205
S01008555,50 to 64,170,0,170
S01008555,65 and over,112,1,111
S01008556,All people aged 3 and over,726,10,716
S01008556,3 to 15,136,0,136
S01008556,16 to 24,101,3,98
S01008556,25 to 34,111,2,109
S01008556,35 to 49,144,3,141
S01008556,50 to 64,112,2,110
S01008556,65 and over,122,0,122
S01008557,All people aged 3 and over,876,3,873
S01008557,3 to 15,194,1,193
S01008557,16 to 24,89,0,89
S01008557,25 to 34,148,0,148
S01008557,35 to 49,149,0,149
S01008557,50 to 64,131,1,130
S01008557,65 and over,165,1,164
S01008558,All people aged 3 and over,878,4,874
S01008558,3 to 15,166,0,166
S01008558,16 to 24,97,0,97
S01008558,25 to 34,131,0,131
S01008558,35 to 49,164,1,163
S01008558,50 to 64,152,2,150
S01008558,65 and over,168,1,167
S01008559,All people aged 3 and over,684,7,677
S01008559,3 to 15,130,1,129
S01008559,16 to 24,76,0,76
S01008559,25 to 34,79,1,78
S01008559,35 to 49,130,2,128
S01008559,50 to 64,151,2,149
S01008559,65 and over,118,1,117
S01008560,All people aged 3 and over,665,3,662
S01008560,3 to 15,115,0,115
S01008560,16 to 24,81,0,81
S01008560,25 to 34,89,2,87
S01008560,35 to 49,157,0,157
S01008560,50 to 64,101,0,101
S01008560,65 and over,122,1,121
S01008561,All people aged 3 and over,640,7,633
S01008561,3 to 15,112,0,112
S01008561,16 to 24,81,0,81
S01008561,25 to 34,81,3,78
S01008561,35 to 49,147,2,145
S01008561,50 to 64,126,0,126
S01008561,65 and over,93,2,91
S01008562,All people aged 3 and over,636,7,629
S01008562,3 to 15,147,0,147
S01008562,16 to 24,53,0,53
S01008562,25 to 34,86,1,85
S01008562,35 to 49,137,1,136
S01008562,50 to 64,95,2,93
S01008562,65 and over,118,3,115
S01008563,All people aged 3 and over,778,15,763
S01008563,3 to 15,126,5,121
S01008563,16 to 24,92,1,91
S01008563,25 to 34,120,1,119
S01008563,35 to 49,182,3,179
S01008563,50 to 64,153,3,150
S01008563,65 and over,105,2,103
S01008564,All people aged 3 and over,571,5,566
S01008564,3 to 15,44,0,44
S01008564,16 to 24,60,2,58
S01008564,25 to 34,79,0,79
S01008564,35 to 49,124,3,121
S01008564,50 to 64,115,0,115
S01008564,65 and over,149,0,149
S01008565,All people aged 3 and over,885,4,881
S01008565,3 to 15,164,0,164
S01008565,16 to 24,100,0,100
S01008565,25 to 34,105,0,105
S01008565,35 to 49,204,1,203
S01008565,50 to 64,164,2,162
S01008565,65 and over,148,1,147
S01008566,All people aged 3 and over,1016,5,1011
S01008566,3 to 15,199,0,199
S01008566,16 to 24,106,0,106
S01008566,25 to 34,139,1,138
S01008566,35 to 49,226,2,224
S01008566,50 to 64,197,0,197
S01008566,65 and over,149,2,147
S01008567,All people aged 3 and over,704,0,704
S01008567,3 to 15,130,0,130
S01008567,16 to 24,91,0,91
S01008567,25 to 34,106,0,106
S01008567,35 to 49,153,0,153
S01008567,50 to 64,129,0,129
S01008567,65 and over,95,0,95
S01008568,All people aged 3 and over,745,3,742
S01008568,3 to 15,118,0,118
S01008568,16 to 24,91,1,90
S01008568,25 to 34,131,0,131
S01008568,35 to 49,178,1,177
S01008568,50 to 64,145,1,144
S01008568,65 and over,82,0,82
S01008569,All people aged 3 and over,603,12,591
S01008569,3 to 15,86,0,86
S01008569,16 to 24,110,2,108
S01008569,25 to 34,124,3,121
S01008569,35 to 49,157,7,150
S01008569,50 to 64,85,0,85
S01008569,65 and over,41,0,41
S01008570,All people aged 3 and over,900,7,893
S01008570,3 to 15,181,0,181
S01008570,16 to 24,136,1,135
S01008570,25 to 34,139,0,139
S01008570,35 to 49,202,4,198
S01008570,50 to 64,149,2,147
S01008570,65 and over,93,0,93
S01008571,All people aged 3 and over,658,3,655
S01008571,3 to 15,94,0,94
S01008571,16 to 24,65,0,65
S01008571,25 to 34,66,3,63
S01008571,35 to 49,121,0,121
S01008571,50 to 64,158,0,158
S01008571,65 and over,154,0,154
S01008572,All people aged 3 and over,856,6,850
S01008572,3 to 15,121,0,121
S01008572,16 to 24,80,0,80
S01008572,25 to 34,106,1,105
S01008572,35 to 49,178,3,175
S01008572,50 to 64,175,2,173
S01008572,65 and over,196,0,196
S01008573,All people aged 3 and over,867,13,854
S01008573,3 to 15,167,5,162
S01008573,16 to 24,65,0,65
S01008573,25 to 34,85,0,85
S01008573,35 to 49,252,6,246
S01008573,50 to 64,160,1,159
S01008573,65 and over,138,1,137
S01008574,All people aged 3 and over,733,6,727
S01008574,3 to 15,109,1,108
S01008574,16 to 24,88,0,88
S01008574,25 to 34,79,1,78
S01008574,35 to 49,197,0,197
S01008574,50 to 64,185,3,182
S01008574,65 and over,75,1,74
S01008575,All people aged 3 and over,773,14,759
S01008575,3 to 15,129,3,126
S01008575,16 to 24,76,0,76
S01008575,25 to 34,65,0,65
S01008575,35 to 49,209,5,204
S01008575,50 to 64,187,5,182
S01008575,65 and over,107,1,106
S01008576,All people aged 3 and over,801,9,792
S01008576,3 to 15,76,1,75
S01008576,16 to 24,83,2,81
S01008576,25 to 34,109,0,109
S01008576,35 to 49,158,3,155
S01008576,50 to 64,211,0,211
S01008576,65 and over,164,3,161
S01008577,All people aged 3 and over,886,17,869
S01008577,3 to 15,99,3,96
S01008577,16 to 24,68,0,68
S01008577,25 to 34,49,1,48
S01008577,35 to 49,151,2,149
S01008577,50 to 64,222,2,220
S01008577,65 and over,297,9,288
S01008578,All people aged 3 and over,781,15,766
S01008578,3 to 15,122,6,116
S01008578,16 to 24,60,0,60
S01008578,25 to 34,35,0,35
S01008578,35 to 49,154,1,153
S01008578,50 to 64,200,4,196
S01008578,65 and over,210,4,206
S01008579,All people aged 3 and over,734,4,730
S01008579,3 to 15,57,0,57
S01008579,16 to 24,47,0,47
S01008579,25 to 34,46,1,45
S01008579,35 to 49,118,1,117
S01008579,50 to 64,193,0,193
S01008579,65 and over,273,2,271
S01008580,All people aged 3 and over,523,5,518
S01008580,3 to 15,57,0,57
S01008580,16 to 24,69,1,68
S01008580,25 to 34,78,0,78
S01008580,35 to 49,100,1,99
S01008580,50 to 64,122,3,119
S01008580,65 and over,97,0,97
S01008581,All people aged 3 and over,867,5,862
S01008581,3 to 15,96,0,96
S01008581,16 to 24,98,0,98
S01008581,25 to 34,130,2,128
S01008581,35 to 49,171,1,170
S01008581,50 to 64,185,0,185
S01008581,65 and over,187,2,185
S01008582,All people aged 3 and over,972,6,966
S01008582,3 to 15,135,1,134
S01008582,16 to 24,98,0,98
S01008582,25 to 34,153,0,153
S01008582,35 to 49,221,3,218
S01008582,50 to 64,207,0,207
S01008582,65 and over,158,2,156
S01008583,All people aged 3 and over,678,4,674
S01008583,3 to 15,83,1,82
S01008583,16 to 24,94,1,93
S01008583,25 to 34,114,0,114
S01008583,35 to 49,138,0,138
S01008583,50 to 64,113,1,112
S01008583,65 and over,136,1,135
S01008584,All people aged 3 and over,819,5,814
S01008584,3 to 15,134,1,133
S01008584,16 to 24,93,0,93
S01008584,25 to 34,113,0,113
S01008584,35 to 49,194,1,193
S01008584,50 to 64,150,2,148
S01008584,65 and over,135,1,134
S01008585,All people aged 3 and over,574,2,572
S01008585,3 to 15,105,0,105
S01008585,16 to 24,73,0,73
S01008585,25 to 34,89,0,89
S01008585,35 to 49,121,1,120
S01008585,50 to 64,104,1,103
S01008585,65 and over,82,0,82
S01008586,All people aged 3 and over,781,7,774
S01008586,3 to 15,116,1,115
S01008586,16 to 24,96,1,95
S01008586,25 to 34,85,0,85
S01008586,35 to 49,163,0,163
S01008586,50 to 64,168,4,164
S01008586,65 and over,153,1,152
S01008587,All people aged 3 and over,888,17,871
S01008587,3 to 15,86,2,84
S01008587,16 to 24,175,2,173
S01008587,25 to 34,128,3,125
S01008587,35 to 49,139,2,137
S01008587,50 to 64,191,4,187
S01008587,65 and over,169,4,165
S01008588,All people aged 3 and over,745,16,729
S01008588,3 to 15,124,6,118
S01008588,16 to 24,96,1,95
S01008588,25 to 34,66,1,65
S01008588,35 to 49,180,2,178
S01008588,50 to 64,141,4,137
S01008588,65 and over,138,2,136
S01008589,All people aged 3 and over,377,6,371
S01008589,3 to 15,64,3,61
S01008589,16 to 24,29,0,29
S01008589,25 to 34,24,1,23
S01008589,35 to 49,76,1,75
S01008589,50 to 64,87,1,86
S01008589,65 and over,97,0,97
S01008590,All people aged 3 and over,736,13,723
S01008590,3 to 15,90,4,86
S01008590,16 to 24,81,0,81
S01008590,25 to 34,127,1,126
S01008590,35 to 49,131,2,129
S01008590,50 to 64,101,2,99
S01008590,65 and over,206,4,202
S01008591,All people aged 3 and over,791,17,774
S01008591,3 to 15,114,0,114
S01008591,16 to 24,114,5,109
S01008591,25 to 34,150,3,147
S01008591,35 to 49,166,4,162
S01008591,50 to 64,144,3,141
S01008591,65 and over,103,2,101
S01008592,All people aged 3 and over,730,20,710
S01008592,3 to 15,118,2,116
S01008592,16 to 24,103,1,102
S01008592,25 to 34,110,5,105
S01008592,35 to 49,170,6,164
S01008592,50 to 64,106,3,103
S01008592,65 and over,123,3,120
S01008593,All people aged 3 and over,758,14,744
S01008593,3 to 15,136,7,129
S01008593,16 to 24,58,0,58
S01008593,25 to 34,55,0,55
S01008593,35 to 49,159,1,158
S01008593,50 to 64,189,3,186
S01008593,65 and over,161,3,158
S01008594,All people aged 3 and over,1004,19,985
S01008594,3 to 15,123,5,118
S01008594,16 to 24,156,2,154
S01008594,25 to 34,133,2,131
S01008594,35 to 49,218,4,214
S01008594,50 to 64,210,2,208
S01008594,65 and over,164,4,160
S01008595,All people aged 3 and over,879,14,865
S01008595,3 to 15,61,1,60
S01008595,16 to 24,97,1,96
S01008595,25 to 34,117,2,115
S01008595,35 to 49,164,3,161
S01008595,50 to 64,171,4,167
S01008595,65 and over,269,3,266
S01008596,All people aged 3 and over,821,15,806
S01008596,3 to 15,75,0,75
S01008596,16 to 24,165,4,161
S01008596,25 to 34,165,2,163
S01008596,35 to 49,147,3,144
S01008596,50 to 64,121,5,116
S01008596,65 and over,148,1,147
S01008597,All people aged 3 and over,858,11,847
S01008597,3 to 15,118,2,116
S01008597,16 to 24,72,0,72
S01008597,25 to 34,68,0,68
S01008597,35 to 49,191,1,190
S01008597,50 to 64,212,7,205
S01008597,65 and over,197,1,196
S01008598,All people aged 3 and over,814,23,791
S01008598,3 to 15,68,2,66
S01008598,16 to 24,289,4,285
S01008598,25 to 34,161,7,154
S01008598,35 to 49,109,4,105
S01008598,50 to 64,96,5,91
S01008598,65 and over,91,1,90
S01008599,All people aged 3 and over,900,13,887
S01008599,3 to 15,94,0,94
S01008599,16 to 24,221,4,217
S01008599,25 to 34,162,2,160
S01008599,35 to 49,154,3,151
S01008599,50 to 64,161,1,160
S01008599,65 and over,108,3,105
S01008600,All people aged 3 and over,813,14,799
S01008600,3 to 15,148,3,145
S01008600,16 to 24,119,3,116
S01008600,25 to 34,103,0,103
S01008600,35 to 49,176,2,174
S01008600,50 to 64,142,1,141
S01008600,65 and over,125,5,120
S01008601,All people aged 3 and over,2523,58,2465
S01008601,3 to 15,52,2,50
S01008601,16 to 24,2077,50,2027
S01008601,25 to 34,156,2,154
S01008601,35 to 49,97,3,94
S01008601,50 to 64,78,0,78
S01008601,65 and over,63,1,62
S01008602,All people aged 3 and over,636,16,620
S01008602,3 to 15,28,0,28
S01008602,16 to 24,246,9,237
S01008602,25 to 34,153,3,150
S01008602,35 to 49,98,3,95
S01008602,50 to 64,63,1,62
S01008602,65 and over,48,0,48
S01008603,All people aged 3 and over,1098,18,1080
S01008603,3 to 15,29,1,28
S01008603,16 to 24,481,8,473
S01008603,25 to 34,312,2,310
S01008603,35 to 49,129,4,125
S01008603,50 to 64,89,1,88
S01008603,65 and over,58,2,56
S01008604,All people aged 3 and over,917,15,902
S01008604,3 to 15,87,1,86
S01008604,16 to 24,258,6,252
S01008604,25 to 34,208,1,207
S01008604,35 to 49,151,2,149
S01008604,50 to 64,128,4,124
S01008604,65 and over,85,1,84
S01008605,All people aged 3 and over,692,9,683
S01008605,3 to 15,63,0,63
S01008605,16 to 24,206,1,205
S01008605,25 to 34,155,2,153
S01008605,35 to 49,132,2,130
S01008605,50 to 64,92,3,89
S01008605,65 and over,44,1,43
S01008606,All people aged 3 and over,731,10,721
S01008606,3 to 15,124,3,121
S01008606,16 to 24,122,1,121
S01008606,25 to 34,71,2,69
S01008606,35 to 49,159,1,158
S01008606,50 to 64,157,0,157
S01008606,65 and over,98,3,95
S01008607,All people aged 3 and over,605,3,602
S01008607,3 to 15,92,0,92
S01008607,16 to 24,46,0,46
S01008607,25 to 34,26,0,26
S01008607,35 to 49,116,0,116
S01008607,50 to 64,152,1,151
S01008607,65 and over,173,2,171
S01008608,All people aged 3 and over,727,12,715
S01008608,3 to 15,90,2,88
S01008608,16 to 24,78,2,76
S01008608,25 to 34,56,0,56
S01008608,35 to 49,126,2,124
S01008608,50 to 64,159,3,156
S01008608,65 and over,218,3,215
S01008609,All people aged 3 and over,944,15,929
S01008609,3 to 15,144,2,142
S01008609,16 to 24,66,2,64
S01008609,25 to 34,68,1,67
S01008609,35 to 49,178,2,176
S01008609,50 to 64,209,3,206
S01008609,65 and over,279,5,274
S01008610,All people aged 3 and over,835,13,822
S01008610,3 to 15,101,2,99
S01008610,16 to 24,170,0,170
S01008610,25 to 34,66,0,66
S01008610,35 to 49,135,3,132
S01008610,50 to 64,131,4,127
S01008610,65 and over,232,4,228
S01008611,All people aged 3 and over,1405,19,1386
S01008611,3 to 15,76,1,75
S01008611,16 to 24,661,10,651
S01008611,25 to 34,296,3,293
S01008611,35 to 49,163,1,162
S01008611,50 to 64,120,3,117
S01008611,65 and over,89,1,88
S01008612,All people aged 3 and over,770,21,749
S01008612,3 to 15,45,2,43
S01008612,16 to 24,327,8,319
S01008612,25 to 34,204,6,198
S01008612,35 to 49,105,3,102
S01008612,50 to 64,58,1,57
S01008612,65 and over,31,1,30
S01008613,All people aged 3 and over,776,15,761
S01008613,3 to 15,83,2,81
S01008613,16 to 24,223,1,222
S01008613,25 to 34,133,3,130
S01008613,35 to 49,119,5,114
S01008613,50 to 64,115,3,112
S01008613,65 and over,103,1,102
S01008614,All people aged 3 and over,664,13,651
S01008614,3 to 15,21,0,21
S01008614,16 to 24,303,8,295
S01008614,25 to 34,168,4,164
S01008614,35 to 49,66,1,65
S01008614,50 to 64,54,0,54
S01008614,65 and over,52,0,52
S01008615,All people aged 3 and over,852,14,838
S01008615,3 to 15,70,3,67
S01008615,16 to 24,385,4,381
S01008615,25 to 34,131,1,130
S01008615,35 to 49,115,0,115
S01008615,50 to 64,86,3,83
S01008615,65 and over,65,3,62
S01008616,All people aged 3 and over,719,16,703
S01008616,3 to 15,43,0,43
S01008616,16 to 24,407,13,394
S01008616,25 to 34,120,2,118
S01008616,35 to 49,78,1,77
S01008616,50 to 64,48,0,48
S01008616,65 and over,23,0,23
S01008617,All people aged 3 and over,812,13,799
S01008617,3 to 15,58,3,55
S01008617,16 to 24,452,3,449
S01008617,25 to 34,109,2,107
S01008617,35 to 49,91,3,88
S01008617,50 to 64,61,0,61
S01008617,65 and over,41,2,39
S01008618,All people aged 3 and over,728,18,710
S01008618,3 to 15,47,2,45
S01008618,16 to 24,407,6,401
S01008618,25 to 34,129,4,125
S01008618,35 to 49,78,4,74
S01008618,50 to 64,42,1,41
S01008618,65 and over,25,1,24
S01008619,All people aged 3 and over,506,10,496
S01008619,3 to 15,13,0,13
S01008619,16 to 24,248,5,243
S01008619,25 to 34,98,4,94
S01008619,35 to 49,59,1,58
S01008619,50 to 64,60,0,60
S01008619,65 and over,28,0,28
S01008620,All people aged 3 and over,799,13,786
S01008620,3 to 15,33,0,33
S01008620,16 to 24,408,8,400
S01008620,25 to 34,182,2,180
S01008620,35 to 49,89,0,89
S01008620,50 to 64,56,1,55
S01008620,65 and over,31,2,29
S01008621,All people aged 3 and over,760,11,749
S01008621,3 to 15,50,2,48
S01008621,16 to 24,407,2,405
S01008621,25 to 34,132,3,129
S01008621,35 to 49,75,0,75
S01008621,50 to 64,59,4,55
S01008621,65 and over,37,0,37
S01008622,All people aged 3 and over,503,14,489
S01008622,3 to 15,35,0,35
S01008622,16 to 24,175,5,170
S01008622,25 to 34,110,3,107
S01008622,35 to 49,83,1,82
S01008622,50 to 64,66,2,64
S01008622,65 and over,34,3,31
S01008623,All people aged 3 and over,935,13,922
S01008623,3 to 15,77,1,76
S01008623,16 to 24,356,1,355
S01008623,25 to 34,145,3,142
S01008623,35 to 49,116,1,115
S01008623,50 to 64,130,2,128
S01008623,65 and over,111,5,106
S01008624,All people aged 3 and over,766,9,757
S01008624,3 to 15,96,1,95
S01008624,16 to 24,41,0,41
S01008624,25 to 34,42,0,42
S01008624,35 to 49,134,1,133
S01008624,50 to 64,138,2,136
S01008624,65 and over,315,5,310
S01008625,All people aged 3 and over,553,7,546
S01008625,3 to 15,89,0,89
S01008625,16 to 24,42,0,42
S01008625,25 to 34,37,0,37
S01008625,35 to 49,109,2,107
S01008625,50 to 64,161,3,158
S01008625,65 and over,115,2,113
S01008626,All people aged 3 and over,881,13,868
S01008626,3 to 15,137,0,137
S01008626,16 to 24,109,3,106
S01008626,25 to 34,128,1,127
S01008626,35 to 49,214,2,212
S01008626,50 to 64,169,2,167
S01008626,65 and over,124,5,119
S01008627,All people aged 3 and over,729,12,717
S01008627,3 to 15,148,0,148
S01008627,16 to 24,61,2,59
S01008627,25 to 34,54,1,53
S01008627,35 to 49,168,1,167
S01008627,50 to 64,147,7,140
S01008627,65 and over,151,1,150
S01008628,All people aged 3 and over,614,9,605
S01008628,3 to 15,63,0,63
S01008628,16 to 24,92,4,88
S01008628,25 to 34,142,1,141
S01008628,35 to 49,126,0,126
S01008628,50 to 64,86,1,85
S01008628,65 and over,105,3,102
S01008629,All people aged 3 and over,552,17,535
S01008629,3 to 15,60,4,56
S01008629,16 to 24,91,2,89
S01008629,25 to 34,80,3,77
S01008629,35 to 49,127,2,125
S01008629,50 to 64,112,1,111
S01008629,65 and over,82,5,77
S01008630,All people aged 3 and over,537,5,532
S01008630,3 to 15,34,0,34
S01008630,16 to 24,131,1,130
S01008630,25 to 34,160,2,158
S01008630,35 to 49,89,1,88
S01008630,50 to 64,47,1,46
S01008630,65 and over,76,0,76
S01008631,All people aged 3 and over,763,26,737
S01008631,3 to 15,51,1,50
S01008631,16 to 24,127,6,121
S01008631,25 to 34,253,10,243
S01008631,35 to 49,155,4,151
S01008631,50 to 64,115,3,112
S01008631,65 and over,62,2,60
S01008632,All people aged 3 and over,908,13,895
S01008632,3 to 15,43,0,43
S01008632,16 to 24,98,1,97
S01008632,25 to 34,259,3,256
S01008632,35 to 49,211,3,208
S01008632,50 to 64,158,2,156
S01008632,65 and over,139,4,135
S01008633,All people aged 3 and over,932,11,921
S01008633,3 to 15,147,0,147
S01008633,16 to 24,97,0,97
S01008633,25 to 34,63,2,61
S01008633,35 to 49,172,0,172
S01008633,50 to 64,183,4,179
S01008633,65 and over,270,5,265
S01008634,All people aged 3 and over,705,9,696
S01008634,3 to 15,93,0,93
S01008634,16 to 24,159,1,158
S01008634,25 to 34,96,0,96
S01008634,35 to 49,122,1,121
S01008634,50 to 64,146,5,141
S01008634,65 and over,89,2,87
S01008635,All people aged 3 and over,829,8,821
S01008635,3 to 15,83,0,83
S01008635,16 to 24,170,2,168
S01008635,25 to 34,139,5,134
S01008635,35 to 49,184,0,184
S01008635,50 to 64,147,1,146
S01008635,65 and over,106,0,106
S01008636,All people aged 3 and over,836,16,820
S01008636,3 to 15,87,0,87
S01008636,16 to 24,194,4,190
S01008636,25 to 34,128,6,122
S01008636,35 to 49,153,2,151
S01008636,50 to 64,146,4,142
S01008636,65 and over,128,0,128
S01008637,All people aged 3 and over,695,18,677
S01008637,3 to 15,87,1,86
S01008637,16 to 24,89,2,87
S01008637,25 to 34,146,3,143
S01008637,35 to 49,142,3,139
S01008637,50 to 64,96,4,92
S01008637,65 and over,135,5,130
S01008638,All people aged 3 and over,833,5,828
S01008638,3 to 15,58,1,57
S01008638,16 to 24,211,0,211
S01008638,25 to 34,158,0,158
S01008638,35 to 49,121,0,121
S01008638,50 to 64,91,1,90
S01008638,65 and over,194,3,191
S01008639,All people aged 3 and over,867,22,845
S01008639,3 to 15,72,5,67
S01008639,16 to 24,165,2,163
S01008639,25 to 34,280,6,274
S01008639,35 to 49,188,4,184
S01008639,50 to 64,107,4,103
S01008639,65 and over,55,1,54
S01008640,All people aged 3 and over,755,18,737
S01008640,3 to 15,56,1,55
S01008640,16 to 24,234,2,232
S01008640,25 to 34,223,5,218
S01008640,35 to 49,125,7,118
S01008640,50 to 64,89,2,87
S01008640,65 and over,28,1,27
S01008641,All people aged 3 and over,816,10,806
S01008641,3 to 15,32,0,32
S01008641,16 to 24,344,4,340
S01008641,25 to 34,233,3,230
S01008641,35 to 49,105,1,104
S01008641,50 to 64,71,1,70
S01008641,65 and over,31,1,30
S01008642,All people aged 3 and over,905,23,882
S01008642,3 to 15,75,2,73
S01008642,16 to 24,237,8,229
S01008642,25 to 34,241,3,238
S01008642,35 to 49,173,6,167
S01008642,50 to 64,117,4,113
S01008642,65 and over,62,0,62
S01008643,All people aged 3 and over,684,15,669
S01008643,3 to 15,76,2,74
S01008643,16 to 24,113,5,108
S01008643,25 to 34,195,2,193
S01008643,35 to 49,154,3,151
S01008643,50 to 64,111,3,108
S01008643,65 and over,35,0,35
S01008644,All people aged 3 and over,755,17,738
S01008644,3 to 15,49,3,46
S01008644,16 to 24,212,4,208
S01008644,25 to 34,190,7,183
S01008644,35 to 49,125,1,124
S01008644,50 to 64,95,2,93
S01008644,65 and over,84,0,84
S01008645,All people aged 3 and over,799,16,783
S01008645,3 to 15,69,3,66
S01008645,16 to 24,258,4,254
S01008645,25 to 34,204,2,202
S01008645,35 to 49,143,3,140
S01008645,50 to 64,55,2,53
S01008645,65 and over,70,2,68
S01008646,All people aged 3 and over,785,12,773
S01008646,3 to 15,46,1,45
S01008646,16 to 24,165,1,164
S01008646,25 to 34,260,3,257
S01008646,35 to 49,171,2,169
S01008646,50 to 64,73,1,72
S01008646,65 and over,70,4,66
S01008647,All people aged 3 and over,568,15,553
S01008647,3 to 15,20,6,14
S01008647,16 to 24,111,2,109
S01008647,25 to 34,230,4,226
S01008647,35 to 49,138,3,135
S01008647,50 to 64,43,0,43
S01008647,65 and over,26,0,26
S01008648,All people aged 3 and over,593,10,583
S01008648,3 to 15,21,1,20
S01008648,16 to 24,153,2,151
S01008648,25 to 34,234,3,231
S01008648,35 to 49,98,2,96
S01008648,50 to 64,41,2,39
S01008648,65 and over,46,0,46
S01008649,All people aged 3 and over,887,16,871
S01008649,3 to 15,18,0,18
S01008649,16 to 24,174,5,169
S01008649,25 to 34,362,7,355
S01008649,35 to 49,155,2,153
S01008649,50 to 64,74,2,72
S01008649,65 and over,104,0,104
S01008650,All people aged 3 and over,723,12,711
S01008650,3 to 15,20,0,20
S01008650,16 to 24,159,4,155
S01008650,25 to 34,305,3,302
S01008650,35 to 49,149,2,147
S01008650,50 to 64,58,2,56
S01008650,65 and over,32,1,31
S01008651,All people aged 3 and over,960,18,942
S01008651,3 to 15,14,2,12
S01008651,16 to 24,379,11,368
S01008651,25 to 34,289,3,286
S01008651,35 to 49,163,1,162
S01008651,50 to 64,81,1,80
S01008651,65 and over,34,0,34
S01008652,All people aged 3 and over,559,8,551
S01008652,3 to 15,11,0,11
S01008652,16 to 24,136,3,133
S01008652,25 to 34,181,2,179
S01008652,35 to 49,143,3,140
S01008652,50 to 64,59,0,59
S01008652,65 and over,29,0,29
S01008653,All people aged 3 and over,673,9,664
S01008653,3 to 15,33,0,33
S01008653,16 to 24,181,6,175
S01008653,25 to 34,229,2,227
S01008653,35 to 49,115,0,115
S01008653,50 to 64,72,1,71
S01008653,65 and over,43,0,43
S01008654,All people aged 3 and over,919,16,903
S01008654,3 to 15,32,0,32
S01008654,16 to 24,203,5,198
S01008654,25 to 34,388,5,383
S01008654,35 to 49,171,3,168
S01008654,50 to 64,88,3,85
S01008654,65 and over,37,0,37
S01008655,All people aged 3 and over,782,14,768
S01008655,3 to 15,28,0,28
S01008655,16 to 24,191,11,180
S01008655,25 to 34,332,2,330
S01008655,35 to 49,121,0,121
S01008655,50 to 64,74,1,73
S01008655,65 and over,36,0,36
S01008656,All people aged 3 and over,628,11,617
S01008656,3 to 15,22,2,20
S01008656,16 to 24,121,5,116
S01008656,25 to 34,232,3,229
S01008656,35 to 49,137,0,137
S01008656,50 to 64,78,1,77
S01008656,65 and over,38,0,38
S01008657,All people aged 3 and over,731,7,724
S01008657,3 to 15,41,2,39
S01008657,16 to 24,175,3,172
S01008657,25 to 34,248,1,247
S01008657,35 to 49,148,1,147
S01008657,50 to 64,74,0,74
S01008657,65 and over,45,0,45
S01008658,All people aged 3 and over,1101,24,1077
S01008658,3 to 15,35,2,33
S01008658,16 to 24,413,9,404
S01008658,25 to 34,269,5,264
S01008658,35 to 49,194,3,191
S01008658,50 to 64,104,3,101
S01008658,65 and over,86,2,84
S01008659,All people aged 3 and over,816,13,803
S01008659,3 to 15,32,0,32
S01008659,16 to 24,322,3,319
S01008659,25 to 34,240,6,234
S01008659,35 to 49,123,0,123
S01008659,50 to 64,56,3,53
S01008659,65 and over,43,1,42
S01008660,All people aged 3 and over,922,22,900
S01008660,3 to 15,45,3,42
S01008660,16 to 24,357,8,349
S01008660,25 to 34,264,6,258
S01008660,35 to 49,137,2,135
S01008660,50 to 64,89,3,86
S01008660,65 and over,30,0,30
S01008661,All people aged 3 and over,984,13,971
S01008661,3 to 15,36,0,36
S01008661,16 to 24,408,3,405
S01008661,25 to 34,237,4,233
S01008661,35 to 49,131,2,129
S01008661,50 to 64,105,3,102
S01008661,65 and over,67,1,66
S01008662,All people aged 3 and over,742,16,726
S01008662,3 to 15,15,0,15
S01008662,16 to 24,434,10,424
S01008662,25 to 34,175,2,173
S01008662,35 to 49,74,0,74
S01008662,50 to 64,33,3,30
S01008662,65 and over,11,1,10
S01008663,All people aged 3 and over,837,21,816
S01008663,3 to 15,20,2,18
S01008663,16 to 24,310,5,305
S01008663,25 to 34,225,5,220
S01008663,35 to 49,135,6,129
S01008663,50 to 64,75,3,72
S01008663,65 and over,72,0,72
S01008664,All people aged 3 and over,695,16,679
S01008664,3 to 15,24,3,21
S01008664,16 to 24,204,2,202
S01008664,25 to 34,240,6,234
S01008664,35 to 49,112,4,108
S01008664,50 to 64,80,0,80
S01008664,65 and over,35,1,34
S01008665,All people aged 3 and over,1162,30,1132
S01008665,3 to 15,49,2,47
S01008665,16 to 24,476,15,461
S01008665,25 to 34,296,7,289
S01008665,35 to 49,173,3,170
S01008665,50 to 64,126,3,123
S01008665,65 and over,42,0,42
S01008666,All people aged 3 and over,978,24,954
S01008666,3 to 15,37,1,36
S01008666,16 to 24,527,15,512
S01008666,25 to 34,224,4,220
S01008666,35 to 49,94,2,92
S01008666,50 to 64,53,1,52
S01008666,65 and over,43,1,42
S01008667,All people aged 3 and over,969,26,943
S01008667,3 to 15,47,4,43
S01008667,16 to 24,484,10,474
S01008667,25 to 34,180,3,177
S01008667,35 to 49,104,2,102
S01008667,50 to 64,96,5,91
S01008667,65 and over,58,2,56
S01008668,All people aged 3 and over,608,6,602
S01008668,3 to 15,15,0,15
S01008668,16 to 24,269,3,266
S01008668,25 to 34,181,0,181
S01008668,35 to 49,76,1,75
S01008668,50 to 64,41,0,41
S01008668,65 and over,26,2,24
S01008669,All people aged 3 and over,567,15,552
S01008669,3 to 15,23,0,23
S01008669,16 to 24,409,9,400
S01008669,25 to 34,79,3,76
S01008669,35 to 49,28,1,27
S01008669,50 to 64,15,1,14
S01008669,65 and over,13,1,12
S01008670,All people aged 3 and over,868,15,853
S01008670,3 to 15,24,2,22
S01008670,16 to 24,584,7,577
S01008670,25 to 34,127,1,126
S01008670,35 to 49,58,3,55
S01008670,50 to 64,34,1,33
S01008670,65 and over,41,1,40
S01008671,All people aged 3 and over,749,12,737
S01008671,3 to 15,11,1,10
S01008671,16 to 24,451,8,443
S01008671,25 to 34,144,0,144
S01008671,35 to 49,72,2,70
S01008671,50 to 64,34,0,34
S01008671,65 and over,37,1,36
S01008672,All people aged 3 and over,677,14,663
S01008672,3 to 15,23,1,22
S01008672,16 to 24,300,5,295
S01008672,25 to 34,168,1,167
S01008672,35 to 49,62,2,60
S01008672,50 to 64,65,5,60
S01008672,65 and over,59,0,59
S01008673,All people aged 3 and over,1043,25,1018
S01008673,3 to 15,53,5,48
S01008673,16 to 24,407,7,400
S01008673,25 to 34,284,2,282
S01008673,35 to 49,150,5,145
S01008673,50 to 64,101,3,98
S01008673,65 and over,48,3,45
S01008674,All people aged 3 and over,948,5,943
S01008674,3 to 15,19,0,19
S01008674,16 to 24,426,2,424
S01008674,25 to 34,312,1,311
S01008674,35 to 49,91,1,90
S01008674,50 to 64,67,1,66
S01008674,65 and over,33,0,33
S01008675,All people aged 3 and over,722,12,710
S01008675,3 to 15,31,0,31
S01008675,16 to 24,157,1,156
S01008675,25 to 34,219,2,217
S01008675,35 to 49,158,5,153
S01008675,50 to 64,99,3,96
S01008675,65 and over,58,1,57
S01008676,All people aged 3 and over,764,14,750
S01008676,3 to 15,25,0,25
S01008676,16 to 24,262,2,260
S01008676,25 to 34,229,3,226
S01008676,35 to 49,126,6,120
S01008676,50 to 64,86,2,84
S01008676,65 and over,36,1,35
S01008677,All people aged 3 and over,816,18,798
S01008677,3 to 15,25,4,21
S01008677,16 to 24,292,5,287
S01008677,25 to 34,257,3,254
S01008677,35 to 49,125,4,121
S01008677,50 to 64,77,0,77
S01008677,65 and over,40,2,38
S01008678,All people aged 3 and over,1185,22,1163
S01008678,3 to 15,22,0,22
S01008678,16 to 24,717,13,704
S01008678,25 to 34,259,3,256
S01008678,35 to 49,108,3,105
S01008678,50 to 64,54,1,53
S01008678,65 and over,25,2,23
S01008679,All people aged 3 and over,1153,28,1125
S01008679,3 to 15,21,1,20
S01008679,16 to 24,580,16,564
S01008679,25 to 34,197,4,193
S01008679,35 to 49,162,2,160
S01008679,50 to 64,102,3,99
S01008679,65 and over,91,2,89
S01008680,All people aged 3 and over,627,9,618
S01008680,3 to 15,27,0,27
S01008680,16 to 24,286,4,282
S01008680,25 to 34,133,3,130
S01008680,35 to 49,100,0,100
S01008680,50 to 64,56,1,55
S01008680,65 and over,25,1,24
S01008681,All people aged 3 and over,961,14,947
S01008681,3 to 15,28,0,28
S01008681,16 to 24,414,9,405
S01008681,25 to 34,189,3,186
S01008681,35 to 49,139,1,138
S01008681,50 to 64,86,0,86
S01008681,65 and over,105,1,104
S01008682,All people aged 3 and over,756,17,739
S01008682,3 to 15,39,6,33
S01008682,16 to 24,235,2,233
S01008682,25 to 34,191,4,187
S01008682,35 to 49,138,2,136
S01008682,50 to 64,98,1,97
S01008682,65 and over,55,2,53
S01008683,All people aged 3 and over,1472,27,1445
S01008683,3 to 15,102,4,98
S01008683,16 to 24,529,8,521
S01008683,25 to 34,380,5,375
S01008683,35 to 49,204,4,200
S01008683,50 to 64,163,4,159
S01008683,65 and over,94,2,92
S01008684,All people aged 3 and over,959,13,946
S01008684,3 to 15,97,3,94
S01008684,16 to 24,219,3,216
S01008684,25 to 34,223,1,222
S01008684,35 to 49,218,3,215
S01008684,50 to 64,123,0,123
S01008684,65 and over,79,3,76
S01008685,All people aged 3 and over,1010,19,991
S01008685,3 to 15,35,0,35
S01008685,16 to 24,323,4,319
S01008685,25 to 34,218,8,210
S01008685,35 to 49,195,3,192
S01008685,50 to 64,129,3,126
S01008685,65 and over,110,1,109
S01008686,All people aged 3 and over,941,21,920
S01008686,3 to 15,63,3,60
S01008686,16 to 24,131,2,129
S01008686,25 to 34,224,6,218
S01008686,35 to 49,191,3,188
S01008686,50 to 64,148,1,147
S01008686,65 and over,184,6,178
S01008687,All people aged 3 and over,639,11,628
S01008687,3 to 15,18,0,18
S01008687,16 to 24,106,1,105
S01008687,25 to 34,266,2,264
S01008687,35 to 49,158,5,153
S01008687,50 to 64,55,3,52
S01008687,65 and over,36,0,36
S01008688,All people aged 3 and over,867,16,851
S01008688,3 to 15,56,2,54
S01008688,16 to 24,97,1,96
S01008688,25 to 34,294,7,287
S01008688,35 to 49,198,4,194
S01008688,50 to 64,123,2,121
S01008688,65 and over,99,0,99
S01008689,All people aged 3 and over,831,12,819
S01008689,3 to 15,26,0,26
S01008689,16 to 24,107,2,105
S01008689,25 to 34,294,5,289
S01008689,35 to 49,205,2,203
S01008689,50 to 64,100,2,98
S01008689,65 and over,99,1,98
S01008690,All people aged 3 and over,958,23,935
S01008690,3 to 15,48,2,46
S01008690,16 to 24,122,5,117
S01008690,25 to 34,345,9,336
S01008690,35 to 49,237,5,232
S01008690,50 to 64,124,2,122
S01008690,65 and over,82,0,82
S01008691,All people aged 3 and over,1022,25,997
S01008691,3 to 15,33,0,33
S01008691,16 to 24,120,6,114
S01008691,25 to 34,397,10,387
S01008691,35 to 49,273,7,266
S01008691,50 to 64,134,2,132
S01008691,65 and over,65,0,65
S01008692,All people aged 3 and over,672,11,661
S01008692,3 to 15,16,0,16
S01008692,16 to 24,105,3,102
S01008692,25 to 34,231,3,228
S01008692,35 to 49,143,3,140
S01008692,50 to 64,71,2,69
S01008692,65 and over,106,0,106
S01008693,All people aged 3 and over,474,4,470
S01008693,3 to 15,52,0,52
S01008693,16 to 24,39,0,39
S01008693,25 to 34,40,0,40
S01008693,35 to 49,97,1,96
S01008693,50 to 64,123,2,121
S01008693,65 and over,123,1,122
S01008694,All people aged 3 and over,959,17,942
S01008694,3 to 15,61,2,59
S01008694,16 to 24,113,4,109
S01008694,25 to 34,337,4,333
S01008694,35 to 49,258,6,252
S01008694,50 to 64,111,1,110
S01008694,65 and over,79,0,79
S01008695,All people aged 3 and over,652,8,644
S01008695,3 to 15,74,0,74
S01008695,16 to 24,74,0,74
S01008695,25 to 34,151,2,149
S01008695,35 to 49,181,5,176
S01008695,50 to 64,112,1,111
S01008695,65 and over,60,0,60
S01008696,All people aged 3 and over,646,7,639
S01008696,3 to 15,96,0,96
S01008696,16 to 24,60,1,59
S01008696,25 to 34,64,0,64
S01008696,35 to 49,190,2,188
S01008696,50 to 64,143,1,142
S01008696,65 and over,93,3,90
S01008697,All people aged 3 and over,1023,4,1019
S01008697,3 to 15,116,0,116
S01008697,16 to 24,99,2,97
S01008697,25 to 34,128,1,127
S01008697,35 to 49,221,0,221
S01008697,50 to 64,243,1,242
S01008697,65 and over,216,0,216
S01008698,All people aged 3 and over,485,8,477
S01008698,3 to 15,65,0,65
S01008698,16 to 24,58,0,58
S01008698,25 to 34,39,1,38
S01008698,35 to 49,88,3,85
S01008698,50 to 64,133,2,131
S01008698,65 and over,102,2,100
S01008699,All people aged 3 and over,874,7,867
S01008699,3 to 15,112,0,112
S01008699,16 to 24,84,0,84
S01008699,25 to 34,154,1,153
S01008699,35 to 49,155,2,153
S01008699,50 to 64,158,2,156
S01008699,65 and over,211,2,209
S01008700,All people aged 3 and over,549,5,544
S01008700,3 to 15,80,0,80
S01008700,16 to 24,56,0,56
S01008700,25 to 34,43,0,43
S01008700,35 to 49,117,2,115
S01008700,50 to 64,122,2,120
S01008700,65 and over,131,1,130
S01008701,All people aged 3 and over,374,1,373
S01008701,3 to 15,70,0,70
S01008701,16 to 24,48,0,48
S01008701,25 to 34,76,0,76
S01008701,35 to 49,93,1,92
S01008701,50 to 64,66,0,66
S01008701,65 and over,21,0,21
S01008702,All people aged 3 and over,550,5,545
S01008702,3 to 15,54,0,54
S01008702,16 to 24,141,2,139
S01008702,25 to 34,177,1,176
S01008702,35 to 49,88,1,87
S01008702,50 to 64,65,1,64
S01008702,65 and over,25,0,25
S01008703,All people aged 3 and over,916,13,903
S01008703,3 to 15,159,6,153
S01008703,16 to 24,130,0,130
S01008703,25 to 34,184,1,183
S01008703,35 to 49,202,3,199
S01008703,50 to 64,166,3,163
S01008703,65 and over,75,0,75
S01008704,All people aged 3 and over,671,8,663
S01008704,3 to 15,136,3,133
S01008704,16 to 24,65,0,65
S01008704,25 to 34,125,0,125
S01008704,35 to 49,152,2,150
S01008704,50 to 64,121,0,121
S01008704,65 and over,72,3,69
S01008705,All people aged 3 and over,474,7,467
S01008705,3 to 15,79,0,79
S01008705,16 to 24,52,0,52
S01008705,25 to 34,82,0,82
S01008705,35 to 49,108,2,106
S01008705,50 to 64,78,2,76
S01008705,65 and over,75,3,72
S01008706,All people aged 3 and over,534,5,529
S01008706,3 to 15,130,0,130
S01008706,16 to 24,78,0,78
S01008706,25 to 34,98,2,96
S01008706,35 to 49,132,1,131
S01008706,50 to 64,54,2,52
S01008706,65 and over,42,0,42
S01008707,All people aged 3 and over,792,10,782
S01008707,3 to 15,188,1,187
S01008707,16 to 24,115,0,115
S01008707,25 to 34,147,5,142
S01008707,35 to 49,173,0,173
S01008707,50 to 64,115,4,111
S01008707,65 and over,54,0,54
S01008708,All people aged 3 and over,880,13,867
S01008708,3 to 15,147,0,147
S01008708,16 to 24,110,2,108
S01008708,25 to 34,130,1,129
S01008708,35 to 49,210,6,204
S01008708,50 to 64,177,4,173
S01008708,65 and over,106,0,106
S01008709,All people aged 3 and over,713,2,711
S01008709,3 to 15,167,2,165
S01008709,16 to 24,76,0,76
S01008709,25 to 34,131,0,131
S01008709,35 to 49,155,0,155
S01008709,50 to 64,120,0,120
S01008709,65 and over,64,0,64
S01008710,All people aged 3 and over,460,1,459
S01008710,3 to 15,95,0,95
S01008710,16 to 24,74,0,74
S01008710,25 to 34,95,0,95
S01008710,35 to 49,104,0,104
S01008710,50 to 64,65,1,64
S01008710,65 and over,27,0,27
S01008711,All people aged 3 and over,675,11,664
S01008711,3 to 15,105,0,105
S01008711,16 to 24,70,0,70
S01008711,25 to 34,107,3,104
S01008711,35 to 49,119,5,114
S01008711,50 to 64,148,1,147
S01008711,65 and over,126,2,124
S01008712,All people aged 3 and over,1102,8,1094
S01008712,3 to 15,174,0,174
S01008712,16 to 24,107,0,107
S01008712,25 to 34,125,2,123
S01008712,35 to 49,192,1,191
S01008712,50 to 64,229,1,228
S01008712,65 and over,275,4,271
S01008713,All people aged 3 and over,597,5,592
S01008713,3 to 15,127,0,127
S01008713,16 to 24,80,0,80
S01008713,25 to 34,90,1,89
S01008713,35 to 49,136,4,132
S01008713,50 to 64,108,0,108
S01008713,65 and over,56,0,56
S01008714,All people aged 3 and over,544,3,541
S01008714,3 to 15,59,1,58
S01008714,16 to 24,63,0,63
S01008714,25 to 34,88,1,87
S01008714,35 to 49,106,1,105
S01008714,50 to 64,106,0,106
S01008714,65 and over,122,0,122
S01008715,All people aged 3 and over,737,7,730
S01008715,3 to 15,89,0,89
S01008715,16 to 24,79,1,78
S01008715,25 to 34,68,0,68
S01008715,35 to 49,130,2,128
S01008715,50 to 64,188,1,187
S01008715,65 and over,183,3,180
S01008716,All people aged 3 and over,523,3,520
S01008716,3 to 15,55,0,55
S01008716,16 to 24,46,0,46
S01008716,25 to 34,66,0,66
S01008716,35 to 49,99,1,98
S01008716,50 to 64,108,1,107
S01008716,65 and over,149,1,148
S01008717,All people aged 3 and over,413,3,410
S01008717,3 to 15,74,0,74
S01008717,16 to 24,56,0,56
S01008717,25 to 34,60,1,59
S01008717,35 to 49,114,1,113
S01008717,50 to 64,80,1,79
S01008717,65 and over,29,0,29
S01008718,All people aged 3 and over,492,5,487
S01008718,3 to 15,63,0,63
S01008718,16 to 24,54,0,54
S01008718,25 to 34,73,0,73
S01008718,35 to 49,96,1,95
S01008718,50 to 64,132,1,131
S01008718,65 and over,74,3,71
S01008719,All people aged 3 and over,938,7,931
S01008719,3 to 15,155,0,155
S01008719,16 to 24,117,0,117
S01008719,25 to 34,169,5,164
S01008719,35 to 49,212,1,211
S01008719,50 to 64,193,1,192
S01008719,65 and over,92,0,92
S01008720,All people aged 3 and over,496,3,493
S01008720,3 to 15,53,0,53
S01008720,16 to 24,66,0,66
S01008720,25 to 34,63,1,62
S01008720,35 to 49,103,1,102
S01008720,50 to 64,123,1,122
S01008720,65 and over,88,0,88
S01008721,All people aged 3 and over,773,5,768
S01008721,3 to 15,132,2,130
S01008721,16 to 24,94,0,94
S01008721,25 to 34,76,0,76
S01008721,35 to 49,224,2,222
S01008721,50 to 64,185,1,184
S01008721,65 and over,62,0,62
S01008722,All people aged 3 and over,1032,4,1028
S01008722,3 to 15,129,0,129
S01008722,16 to 24,78,0,78
S01008722,25 to 34,71,1,70
S01008722,35 to 49,206,0,206
S01008722,50 to 64,250,1,249
S01008722,65 and over,298,2,296
S01008723,All people aged 3 and over,661,15,646
S01008723,3 to 15,80,3,77
S01008723,16 to 24,119,5,114
S01008723,25 to 34,59,0,59
S01008723,35 to 49,149,5,144
S01008723,50 to 64,156,2,154
S01008723,65 and over,98,0,98
S01008724,All people aged 3 and over,932,8,924
S01008724,3 to 15,152,0,152
S01008724,16 to 24,70,0,70
S01008724,25 to 34,72,0,72
S01008724,35 to 49,203,1,202
S01008724,50 to 64,198,4,194
S01008724,65 and over,237,3,234
S01008725,All people aged 3 and over,727,7,720
S01008725,3 to 15,113,1,112
S01008725,16 to 24,57,0,57
S01008725,25 to 34,55,0,55
S01008725,35 to 49,193,0,193
S01008725,50 to 64,182,6,176
S01008725,65 and over,127,0,127
S01008726,All people aged 3 and over,549,8,541
S01008726,3 to 15,97,1,96
S01008726,16 to 24,42,0,42
S01008726,25 to 34,26,0,26
S01008726,35 to 49,163,3,160
S01008726,50 to 64,135,3,132
S01008726,65 and over,86,1,85
S01008727,All people aged 3 and over,1067,9,1058
S01008727,3 to 15,157,0,157
S01008727,16 to 24,83,0,83
S01008727,25 to 34,109,3,106
S01008727,35 to 49,257,1,256
S01008727,50 to 64,242,2,240
S01008727,65 and over,219,3,216
S01008728,All people aged 3 and over,524,16,508
S01008728,3 to 15,124,6,118
S01008728,16 to 24,40,0,40
S01008728,25 to 34,69,1,68
S01008728,35 to 49,139,4,135
S01008728,50 to 64,81,4,77
S01008728,65 and over,71,1,70
S01008729,All people aged 3 and over,703,2,701
S01008729,3 to 15,152,0,152
S01008729,16 to 24,64,0,64
S01008729,25 to 34,54,0,54
S01008729,35 to 49,211,2,209
S01008729,50 to 64,136,0,136
S01008729,65 and over,86,0,86
S01008730,All people aged 3 and over,770,8,762
S01008730,3 to 15,121,1,120
S01008730,16 to 24,56,0,56
S01008730,25 to 34,166,3,163
S01008730,35 to 49,252,3,249
S01008730,50 to 64,124,1,123
S01008730,65 and over,51,0,51
S01008731,All people aged 3 and over,420,4,416
S01008731,3 to 15,34,0,34
S01008731,16 to 24,28,0,28
S01008731,25 to 34,44,0,44
S01008731,35 to 49,90,1,89
S01008731,50 to 64,89,3,86
S01008731,65 and over,135,0,135
S01008732,All people aged 3 and over,584,4,580
S01008732,3 to 15,81,0,81
S01008732,16 to 24,57,0,57
S01008732,25 to 34,90,2,88
S01008732,35 to 49,160,1,159
S01008732,50 to 64,109,1,108
S01008732,65 and over,87,0,87
S01008733,All people aged 3 and over,754,10,744
S01008733,3 to 15,38,0,38
S01008733,16 to 24,71,0,71
S01008733,25 to 34,184,3,181
S01008733,35 to 49,198,2,196
S01008733,50 to 64,155,4,151
S01008733,65 and over,108,1,107
S01008734,All people aged 3 and over,543,2,541
S01008734,3 to 15,76,0,76
S01008734,16 to 24,40,0,40
S01008734,25 to 34,60,0,60
S01008734,35 to 49,146,2,144
S01008734,50 to 64,118,0,118
S01008734,65 and over,103,0,103
S01008735,All people aged 3 and over,960,3,957
S01008735,3 to 15,154,0,154
S01008735,16 to 24,106,0,106
S01008735,25 to 34,57,0,57
S01008735,35 to 49,213,0,213
S01008735,50 to 64,220,2,218
S01008735,65 and over,210,1,209
S01008736,All people aged 3 and over,725,6,719
S01008736,3 to 15,119,1,118
S01008736,16 to 24,72,0,72
S01008736,25 to 34,53,2,51
S01008736,35 to 49,158,1,157
S01008736,50 to 64,137,1,136
S01008736,65 and over,186,1,185
S01008737,All people aged 3 and over,780,3,777
S01008737,3 to 15,106,0,106
S01008737,16 to 24,80,0,80
S01008737,25 to 34,46,0,46
S01008737,35 to 49,146,0,146
S01008737,50 to 64,191,1,190
S01008737,65 and over,211,2,209
S01008738,All people aged 3 and over,759,4,755
S01008738,3 to 15,111,0,111
S01008738,16 to 24,71,0,71
S01008738,25 to 34,49,0,49
S01008738,35 to 49,143,1,142
S01008738,50 to 64,164,0,164
S01008738,65 and over,221,3,218
S01008739,All people aged 3 and over,544,4,540
S01008739,3 to 15,73,1,72
S01008739,16 to 24,66,0,66
S01008739,25 to 34,43,0,43
S01008739,35 to 49,118,0,118
S01008739,50 to 64,142,1,141
S01008739,65 and over,102,2,100
S01008740,All people aged 3 and over,536,6,530
S01008740,3 to 15,71,0,71
S01008740,16 to 24,52,0,52
S01008740,25 to 34,41,0,41
S01008740,35 to 49,114,0,114
S01008740,50 to 64,129,2,127
S01008740,65 and over,129,4,125
S01008741,All people aged 3 and over,937,11,926
S01008741,3 to 15,145,3,142
S01008741,16 to 24,87,1,86
S01008741,25 to 34,64,1,63
S01008741,35 to 49,198,3,195
S01008741,50 to 64,212,0,212
S01008741,65 and over,231,3,228
S01008742,All people aged 3 and over,475,1,474
S01008742,3 to 15,29,0,29
S01008742,16 to 24,45,0,45
S01008742,25 to 34,51,1,50
S01008742,35 to 49,89,0,89
S01008742,50 to 64,88,0,88
S01008742,65 and over,173,0,173
S01008743,All people aged 3 and over,893,9,884
S01008743,3 to 15,120,0,120
S01008743,16 to 24,98,1,97
S01008743,25 to 34,191,3,188
S01008743,35 to 49,188,3,185
S01008743,50 to 64,129,0,129
S01008743,65 and over,167,2,165
S01008744,All people aged 3 and over,1028,4,1024
S01008744,3 to 15,147,1,146
S01008744,16 to 24,117,0,117
S01008744,25 to 34,135,0,135
S01008744,35 to 49,229,3,226
S01008744,50 to 64,166,0,166
S01008744,65 and over,234,0,234
S01008745,All people aged 3 and over,455,3,452
S01008745,3 to 15,53,0,53
S01008745,16 to 24,46,0,46
S01008745,25 to 34,61,0,61
S01008745,35 to 49,107,0,107
S01008745,50 to 64,94,3,91
S01008745,65 and over,94,0,94
S01008746,All people aged 3 and over,1022,19,1003
S01008746,3 to 15,127,1,126
S01008746,16 to 24,131,2,129
S01008746,25 to 34,212,7,205
S01008746,35 to 49,247,5,242
S01008746,50 to 64,169,2,167
S01008746,65 and over,136,2,134
S01008747,All people aged 3 and over,490,5,485
S01008747,3 to 15,69,0,69
S01008747,16 to 24,39,1,38
S01008747,25 to 34,46,2,44
S01008747,35 to 49,117,0,117
S01008747,50 to 64,98,2,96
S01008747,65 and over,121,0,121
S01008748,All people aged 3 and over,640,5,635
S01008748,3 to 15,73,1,72
S01008748,16 to 24,46,1,45
S01008748,25 to 34,37,0,37
S01008748,35 to 49,152,2,150
S01008748,50 to 64,133,1,132
S01008748,65 and over,199,0,199
S01008749,All people aged 3 and over,958,7,951
S01008749,3 to 15,117,0,117
S01008749,16 to 24,98,0,98
S01008749,25 to 34,79,2,77
S01008749,35 to 49,188,1,187
S01008749,50 to 64,245,1,244
S01008749,65 and over,231,3,228
S01008750,All people aged 3 and over,692,7,685
S01008750,3 to 15,81,0,81
S01008750,16 to 24,64,1,63
S01008750,25 to 34,21,0,21
S01008750,35 to 49,131,2,129
S01008750,50 to 64,186,3,183
S01008750,65 and over,209,1,208
S01008751,All people aged 3 and over,603,6,597
S01008751,3 to 15,99,0,99
S01008751,16 to 24,54,0,54
S01008751,25 to 34,62,2,60
S01008751,35 to 49,126,0,126
S01008751,50 to 64,124,0,124
S01008751,65 and over,138,4,134
S01008752,All people aged 3 and over,756,12,744
S01008752,3 to 15,92,1,91
S01008752,16 to 24,86,6,80
S01008752,25 to 34,134,0,134
S01008752,35 to 49,176,3,173
S01008752,50 to 64,120,0,120
S01008752,65 and over,148,2,146
S01008753,All people aged 3 and over,522,2,520
S01008753,3 to 15,64,0,64
S01008753,16 to 24,51,2,49
S01008753,25 to 34,82,0,82
S01008753,35 to 49,124,0,124
S01008753,50 to 64,98,0,98
S01008753,65 and over,103,0,103
S01008754,All people aged 3 and over,571,5,566
S01008754,3 to 15,28,0,28
S01008754,16 to 24,69,0,69
S01008754,25 to 34,166,4,162
S01008754,35 to 49,130,0,130
S01008754,50 to 64,97,0,97
S01008754,65 and over,81,1,80
S01008755,All people aged 3 and over,895,6,889
S01008755,3 to 15,80,0,80
S01008755,16 to 24,110,0,110
S01008755,25 to 34,254,1,253
S01008755,35 to 49,210,1,209
S01008755,50 to 64,122,3,119
S01008755,65 and over,119,1,118
S01008756,All people aged 3 and over,682,5,677
S01008756,3 to 15,58,0,58
S01008756,16 to 24,69,1,68
S01008756,25 to 34,124,0,124
S01008756,35 to 49,192,2,190
S01008756,50 to 64,113,0,113
S01008756,65 and over,126,2,124
S01008757,All people aged 3 and over,614,4,610
S01008757,3 to 15,75,1,74
S01008757,16 to 24,43,1,42
S01008757,25 to 34,98,1,97
S01008757,35 to 49,125,0,125
S01008757,50 to 64,145,1,144
S01008757,65 and over,128,0,128
S01008758,All people aged 3 and over,784,6,778
S01008758,3 to 15,90,0,90
S01008758,16 to 24,86,0,86
S01008758,25 to 34,125,2,123
S01008758,35 to 49,181,1,180
S01008758,50 to 64,137,3,134
S01008758,65 and over,165,0,165
S01008759,All people aged 3 and over,541,6,535
S01008759,3 to 15,77,1,76
S01008759,16 to 24,58,0,58
S01008759,25 to 34,69,2,67
S01008759,35 to 49,138,3,135
S01008759,50 to 64,98,0,98
S01008759,65 and over,101,0,101
S01008760,All people aged 3 and over,902,9,893
S01008760,3 to 15,139,2,137
S01008760,16 to 24,112,0,112
S01008760,25 to 34,122,0,122
S01008760,35 to 49,258,2,256
S01008760,50 to 64,152,2,150
S01008760,65 and over,119,3,116
S01008761,All people aged 3 and over,698,8,690
S01008761,3 to 15,99,0,99
S01008761,16 to 24,110,3,107
S01008761,25 to 34,184,2,182
S01008761,35 to 49,150,2,148
S01008761,50 to 64,96,0,96
S01008761,65 and over,59,1,58
S01008762,All people aged 3 and over,593,4,589
S01008762,3 to 15,66,2,64
S01008762,16 to 24,46,0,46
S01008762,25 to 34,82,2,80
S01008762,35 to 49,138,0,138
S01008762,50 to 64,129,0,129
S01008762,65 and over,132,0,132
S01008763,All people aged 3 and over,876,7,869
S01008763,3 to 15,110,0,110
S01008763,16 to 24,63,0,63
S01008763,25 to 34,155,4,151
S01008763,35 to 49,285,0,285
S01008763,50 to 64,151,3,148
S01008763,65 and over,112,0,112
S01008764,All people aged 3 and over,671,17,654
S01008764,3 to 15,85,2,83
S01008764,16 to 24,82,2,80
S01008764,25 to 34,98,3,95
S01008764,35 to 49,172,3,169
S01008764,50 to 64,148,4,144
S01008764,65 and over,86,3,83
S01008765,All people aged 3 and over,808,11,797
S01008765,3 to 15,120,0,120
S01008765,16 to 24,69,0,69
S01008765,25 to 34,134,1,133
S01008765,35 to 49,267,4,263
S01008765,50 to 64,129,6,123
S01008765,65 and over,89,0,89
S01008766,All people aged 3 and over,1013,10,1003
S01008766,3 to 15,150,0,150
S01008766,16 to 24,95,1,94
S01008766,25 to 34,103,0,103
S01008766,35 to 49,239,1,238
S01008766,50 to 64,222,2,220
S01008766,65 and over,204,6,198
S01008767,All people aged 3 and over,522,8,514
S01008767,3 to 15,60,0,60
S01008767,16 to 24,57,0,57
S01008767,25 to 34,60,2,58
S01008767,35 to 49,149,3,146
S01008767,50 to 64,110,1,109
S01008767,65 and over,86,2,84
S01008768,All people aged 3 and over,514,7,507
S01008768,3 to 15,61,0,61
S01008768,16 to 24,39,0,39
S01008768,25 to 34,117,1,116
S01008768,35 to 49,129,3,126
S01008768,50 to 64,67,0,67
S01008768,65 and over,101,3,98
S01008769,All people aged 3 and over,642,12,630
S01008769,3 to 15,21,2,19
S01008769,16 to 24,81,2,79
S01008769,25 to 34,274,2,272
S01008769,35 to 49,166,6,160
S01008769,50 to 64,75,0,75
S01008769,65 and over,25,0,25
S01008770,All people aged 3 and over,808,5,803
S01008770,3 to 15,83,0,83
S01008770,16 to 24,119,2,117
S01008770,25 to 34,304,1,303
S01008770,35 to 49,199,2,197
S01008770,50 to 64,86,0,86
S01008770,65 and over,17,0,17
S01008771,All people aged 3 and over,728,6,722
S01008771,3 to 15,84,2,82
S01008771,16 to 24,83,0,83
S01008771,25 to 34,196,2,194
S01008771,35 to 49,206,2,204
S01008771,50 to 64,102,0,102
S01008771,65 and over,57,0,57
S01008772,All people aged 3 and over,756,6,750
S01008772,3 to 15,87,0,87
S01008772,16 to 24,63,0,63
S01008772,25 to 34,129,0,129
S01008772,35 to 49,199,2,197
S01008772,50 to 64,135,2,133
S01008772,65 and over,143,2,141
S01008773,All people aged 3 and over,988,13,975
S01008773,3 to 15,80,0,80
S01008773,16 to 24,88,1,87
S01008773,25 to 34,255,2,253
S01008773,35 to 49,283,3,280
S01008773,50 to 64,150,4,146
S01008773,65 and over,132,3,129
S01008774,All people aged 3 and over,869,8,861
S01008774,3 to 15,80,0,80
S01008774,16 to 24,144,1,143
S01008774,25 to 34,244,0,244
S01008774,35 to 49,199,5,194
S01008774,50 to 64,132,2,130
S01008774,65 and over,70,0,70
S01008775,All people aged 3 and over,467,13,454
S01008775,3 to 15,55,1,54
S01008775,16 to 24,59,0,59
S01008775,25 to 34,94,6,88
S01008775,35 to 49,128,3,125
S01008775,50 to 64,79,2,77
S01008775,65 and over,52,1,51
S01008776,All people aged 3 and over,829,25,804
S01008776,3 to 15,74,5,69
S01008776,16 to 24,109,1,108
S01008776,25 to 34,207,8,199
S01008776,35 to 49,222,9,213
S01008776,50 to 64,121,1,120
S01008776,65 and over,96,1,95
S01008777,All people aged 3 and over,990,21,969
S01008777,3 to 15,41,3,38
S01008777,16 to 24,105,1,104
S01008777,25 to 34,216,6,210
S01008777,35 to 49,252,4,248
S01008777,50 to 64,223,6,217
S01008777,65 and over,153,1,152
S01008778,All people aged 3 and over,1043,17,1026
S01008778,3 to 15,44,0,44
S01008778,16 to 24,146,1,145
S01008778,25 to 34,405,2,403
S01008778,35 to 49,275,11,264
S01008778,50 to 64,138,3,135
S01008778,65 and over,35,0,35
S01008779,All people aged 3 and over,683,3,680
S01008779,3 to 15,21,0,21
S01008779,16 to 24,92,1,91
S01008779,25 to 34,272,2,270
S01008779,35 to 49,180,0,180
S01008779,50 to 64,87,0,87
S01008779,65 and over,31,0,31
S01008780,All people aged 3 and over,560,13,547
S01008780,3 to 15,31,0,31
S01008780,16 to 24,81,3,78
S01008780,25 to 34,227,4,223
S01008780,35 to 49,143,6,137
S01008780,50 to 64,65,0,65
S01008780,65 and over,13,0,13
S01008781,All people aged 3 and over,840,17,823
S01008781,3 to 15,53,2,51
S01008781,16 to 24,112,1,111
S01008781,25 to 34,368,11,357
S01008781,35 to 49,202,3,199
S01008781,50 to 64,82,0,82
S01008781,65 and over,23,0,23
S01008782,All people aged 3 and over,745,18,727
S01008782,3 to 15,48,1,47
S01008782,16 to 24,85,2,83
S01008782,25 to 34,265,4,261
S01008782,35 to 49,208,10,198
S01008782,50 to 64,73,1,72
S01008782,65 and over,66,0,66
S01008783,All people aged 3 and over,392,4,388
S01008783,3 to 15,26,0,26
S01008783,16 to 24,31,0,31
S01008783,25 to 34,163,3,160
S01008783,35 to 49,108,1,107
S01008783,50 to 64,57,0,57
S01008783,65 and over,7,0,7
S01008784,All people aged 3 and over,432,6,426
S01008784,3 to 15,37,0,37
S01008784,16 to 24,40,2,38
S01008784,25 to 34,161,1,160
S01008784,35 to 49,125,1,124
S01008784,50 to 64,55,2,53
S01008784,65 and over,14,0,14
S01008785,All people aged 3 and over,821,7,814
S01008785,3 to 15,89,0,89
S01008785,16 to 24,109,3,106
S01008785,25 to 34,224,2,222
S01008785,35 to 49,172,2,170
S01008785,50 to 64,104,0,104
S01008785,65 and over,123,0,123
S01008786,All people aged 3 and over,891,9,882
S01008786,3 to 15,34,1,33
S01008786,16 to 24,108,0,108
S01008786,25 to 34,374,2,372
S01008786,35 to 49,237,3,234
S01008786,50 to 64,82,2,80
S01008786,65 and over,56,1,55
S01008787,All people aged 3 and over,342,4,338
S01008787,3 to 15,62,0,62
S01008787,16 to 24,54,1,53
S01008787,25 to 34,71,0,71
S01008787,35 to 49,86,1,85
S01008787,50 to 64,33,1,32
S01008787,65 and over,36,1,35
S01008788,All people aged 3 and over,659,9,650
S01008788,3 to 15,45,0,45
S01008788,16 to 24,79,0,79
S01008788,25 to 34,302,7,295
S01008788,35 to 49,143,1,142
S01008788,50 to 64,57,0,57
S01008788,65 and over,33,1,32
S01008789,All people aged 3 and over,638,7,631
S01008789,3 to 15,56,1,55
S01008789,16 to 24,52,0,52
S01008789,25 to 34,131,2,129
S01008789,35 to 49,121,1,120
S01008789,50 to 64,102,2,100
S01008789,65 and over,176,1,175
S01008790,All people aged 3 and over,619,15,604
S01008790,3 to 15,43,1,42
S01008790,16 to 24,111,8,103
S01008790,25 to 34,168,3,165
S01008790,35 to 49,179,1,178
S01008790,50 to 64,66,2,64
S01008790,65 and over,52,0,52
S01008791,All people aged 3 and over,851,16,835
S01008791,3 to 15,72,2,70
S01008791,16 to 24,145,7,138
S01008791,25 to 34,336,6,330
S01008791,35 to 49,167,0,167
S01008791,50 to 64,88,0,88
S01008791,65 and over,43,1,42
S01008792,All people aged 3 and over,752,10,742
S01008792,3 to 15,67,0,67
S01008792,16 to 24,68,1,67
S01008792,25 to 34,216,4,212
S01008792,35 to 49,205,3,202
S01008792,50 to 64,125,2,123
S01008792,65 and over,71,0,71
S01008793,All people aged 3 and over,416,7,409
S01008793,3 to 15,28,0,28
S01008793,16 to 24,74,1,73
S01008793,25 to 34,100,1,99
S01008793,35 to 49,88,2,86
S01008793,50 to 64,54,3,51
S01008793,65 and over,72,0,72
S01008794,All people aged 3 and over,842,12,830
S01008794,3 to 15,69,0,69
S01008794,16 to 24,88,3,85
S01008794,25 to 34,208,6,202
S01008794,35 to 49,152,1,151
S01008794,50 to 64,119,1,118
S01008794,65 and over,206,1,205
S01008795,All people aged 3 and over,1084,22,1062
S01008795,3 to 15,84,1,83
S01008795,16 to 24,166,6,160
S01008795,25 to 34,401,6,395
S01008795,35 to 49,252,6,246
S01008795,50 to 64,106,2,104
S01008795,65 and over,75,1,74
S01008796,All people aged 3 and over,1065,15,1050
S01008796,3 to 15,115,0,115
S01008796,16 to 24,155,3,152
S01008796,25 to 34,285,7,278
S01008796,35 to 49,264,2,262
S01008796,50 to 64,133,1,132
S01008796,65 and over,113,2,111
S01008797,All people aged 3 and over,930,26,904
S01008797,3 to 15,42,1,41
S01008797,16 to 24,119,2,117
S01008797,25 to 34,304,13,291
S01008797,35 to 49,251,5,246
S01008797,50 to 64,102,3,99
S01008797,65 and over,112,2,110
S01008798,All people aged 3 and over,757,9,748
S01008798,3 to 15,33,0,33
S01008798,16 to 24,107,1,106
S01008798,25 to 34,230,3,227
S01008798,35 to 49,185,4,181
S01008798,50 to 64,105,0,105
S01008798,65 and over,97,1,96
S01008799,All people aged 3 and over,636,14,622
S01008799,3 to 15,71,1,70
S01008799,16 to 24,136,2,134
S01008799,25 to 34,239,4,235
S01008799,35 to 49,130,7,123
S01008799,50 to 64,33,0,33
S01008799,65 and over,27,0,27
S01008800,All people aged 3 and over,997,14,983
S01008800,3 to 15,27,0,27
S01008800,16 to 24,130,4,126
S01008800,25 to 34,441,5,436
S01008800,35 to 49,259,2,257
S01008800,50 to 64,102,3,99
S01008800,65 and over,38,0,38
S01008801,All people aged 3 and over,902,13,889
S01008801,3 to 15,32,0,32
S01008801,16 to 24,126,1,125
S01008801,25 to 34,395,7,388
S01008801,35 to 49,210,2,208
S01008801,50 to 64,94,1,93
S01008801,65 and over,45,2,43
S01008802,All people aged 3 and over,932,19,913
S01008802,3 to 15,40,0,40
S01008802,16 to 24,138,10,128
S01008802,25 to 34,329,6,323
S01008802,35 to 49,235,2,233
S01008802,50 to 64,124,1,123
S01008802,65 and over,66,0,66
S01008803,All people aged 3 and over,929,18,911
S01008803,3 to 15,67,0,67
S01008803,16 to 24,136,2,134
S01008803,25 to 34,301,6,295
S01008803,35 to 49,231,8,223
S01008803,50 to 64,116,2,114
S01008803,65 and over,78,0,78
S01008804,All people aged 3 and over,630,11,619
S01008804,3 to 15,22,0,22
S01008804,16 to 24,82,1,81
S01008804,25 to 34,201,4,197
S01008804,35 to 49,120,1,119
S01008804,50 to 64,60,2,58
S01008804,65 and over,145,3,142
S01008805,All people aged 3 and over,609,15,594
S01008805,3 to 15,20,0,20
S01008805,16 to 24,168,4,164
S01008805,25 to 34,236,5,231
S01008805,35 to 49,101,4,97
S01008805,50 to 64,42,1,41
S01008805,65 and over,42,1,41
S01008806,All people aged 3 and over,991,15,976
S01008806,3 to 15,72,0,72
S01008806,16 to 24,159,3,156
S01008806,25 to 34,442,4,438
S01008806,35 to 49,204,7,197
S01008806,50 to 64,78,1,77
S01008806,65 and over,36,0,36
S01008807,All people aged 3 and over,776,18,758
S01008807,3 to 15,34,0,34
S01008807,16 to 24,100,3,97
S01008807,25 to 34,264,4,260
S01008807,35 to 49,207,6,201
S01008807,50 to 64,108,3,105
S01008807,65 and over,63,2,61
S01008808,All people aged 3 and over,642,12,630
S01008808,3 to 15,28,0,28
S01008808,16 to 24,64,2,62
S01008808,25 to 34,211,4,207
S01008808,35 to 49,164,4,160
S01008808,50 to 64,91,1,90
S01008808,65 and over,84,1,83
S01008809,All people aged 3 and over,625,10,615
S01008809,3 to 15,55,0,55
S01008809,16 to 24,117,4,113
S01008809,25 to 34,132,2,130
S01008809,35 to 49,145,2,143
S01008809,50 to 64,99,1,98
S01008809,65 and over,77,1,76
S01008810,All people aged 3 and over,713,10,703
S01008810,3 to 15,59,0,59
S01008810,16 to 24,125,3,122
S01008810,25 to 34,232,2,230
S01008810,35 to 49,184,3,181
S01008810,50 to 64,72,2,70
S01008810,65 and over,41,0,41
S01008811,All people aged 3 and over,828,27,801
S01008811,3 to 15,34,1,33
S01008811,16 to 24,199,13,186
S01008811,25 to 34,262,4,258
S01008811,35 to 49,167,3,164
S01008811,50 to 64,113,4,109
S01008811,65 and over,53,2,51
S01008812,All people aged 3 and over,461,8,453
S01008812,3 to 15,25,3,22
S01008812,16 to 24,77,0,77
S01008812,25 to 34,164,0,164
S01008812,35 to 49,124,4,120
S01008812,50 to 64,38,1,37
S01008812,65 and over,33,0,33
S01008813,All people aged 3 and over,940,16,924
S01008813,3 to 15,112,2,110
S01008813,16 to 24,116,2,114
S01008813,25 to 34,213,4,209
S01008813,35 to 49,255,5,250
S01008813,50 to 64,163,3,160
S01008813,65 and over,81,0,81
S01008814,All people aged 3 and over,820,27,793
S01008814,3 to 15,88,3,85
S01008814,16 to 24,133,8,125
S01008814,25 to 34,220,8,212
S01008814,35 to 49,192,3,189
S01008814,50 to 64,112,4,108
S01008814,65 and over,75,1,74
S01008815,All people aged 3 and over,874,18,856
S01008815,3 to 15,68,1,67
S01008815,16 to 24,96,7,89
S01008815,25 to 34,307,5,302
S01008815,35 to 49,246,4,242
S01008815,50 to 64,109,0,109
S01008815,65 and over,48,1,47
S01008816,All people aged 3 and over,514,3,511
S01008816,3 to 15,41,2,39
S01008816,16 to 24,52,0,52
S01008816,25 to 34,167,0,167
S01008816,35 to 49,116,0,116
S01008816,50 to 64,65,1,64
S01008816,65 and over,73,0,73
S01008817,All people aged 3 and over,731,12,719
S01008817,3 to 15,73,0,73
S01008817,16 to 24,71,2,69
S01008817,25 to 34,265,4,261
S01008817,35 to 49,174,4,170
S01008817,50 to 64,105,2,103
S01008817,65 and over,43,0,43
S01008818,All people aged 3 and over,737,11,726
S01008818,3 to 15,96,0,96
S01008818,16 to 24,83,2,81
S01008818,25 to 34,198,4,194
S01008818,35 to 49,201,2,199
S01008818,50 to 64,110,2,108
S01008818,65 and over,49,1,48
S01008819,All people aged 3 and over,730,13,717
S01008819,3 to 15,84,3,81
S01008819,16 to 24,42,1,41
S01008819,25 to 34,162,4,158
S01008819,35 to 49,200,2,198
S01008819,50 to 64,121,2,119
S01008819,65 and over,121,1,120
S01008820,All people aged 3 and over,1074,26,1048
S01008820,3 to 15,112,0,112
S01008820,16 to 24,136,4,132
S01008820,25 to 34,295,13,282
S01008820,35 to 49,288,5,283
S01008820,50 to 64,138,3,135
S01008820,65 and over,105,1,104
S01008821,All people aged 3 and over,677,7,670
S01008821,3 to 15,127,0,127
S01008821,16 to 24,78,0,78
S01008821,25 to 34,85,3,82
S01008821,35 to 49,182,1,181
S01008821,50 to 64,146,3,143
S01008821,65 and over,59,0,59
S01008822,All people aged 3 and over,712,6,706
S01008822,3 to 15,127,0,127
S01008822,16 to 24,70,0,70
S01008822,25 to 34,64,1,63
S01008822,35 to 49,170,1,169
S01008822,50 to 64,180,2,178
S01008822,65 and over,101,2,99
S01008823,All people aged 3 and over,648,2,646
S01008823,3 to 15,92,0,92
S01008823,16 to 24,43,0,43
S01008823,25 to 34,73,1,72
S01008823,35 to 49,152,0,152
S01008823,50 to 64,139,1,138
S01008823,65 and over,149,0,149
S01008824,All people aged 3 and over,923,9,914
S01008824,3 to 15,90,0,90
S01008824,16 to 24,69,0,69
S01008824,25 to 34,132,2,130
S01008824,35 to 49,268,3,265
S01008824,50 to 64,194,2,192
S01008824,65 and over,170,2,168
S01008825,All people aged 3 and over,586,6,580
S01008825,3 to 15,74,0,74
S01008825,16 to 24,31,0,31
S01008825,25 to 34,101,0,101
S01008825,35 to 49,150,2,148
S01008825,50 to 64,123,4,119
S01008825,65 and over,107,0,107
S01008826,All people aged 3 and over,647,15,632
S01008826,3 to 15,58,0,58
S01008826,16 to 24,59,3,56
S01008826,25 to 34,113,1,112
S01008826,35 to 49,193,2,191
S01008826,50 to 64,131,6,125
S01008826,65 and over,93,3,90
S01008827,All people aged 3 and over,708,7,701
S01008827,3 to 15,138,0,138
S01008827,16 to 24,45,1,44
S01008827,25 to 34,43,1,42
S01008827,35 to 49,172,3,169
S01008827,50 to 64,166,0,166
S01008827,65 and over,144,2,142
S01008828,All people aged 3 and over,847,14,833
S01008828,3 to 15,96,2,94
S01008828,16 to 24,79,1,78
S01008828,25 to 34,134,4,130
S01008828,35 to 49,196,3,193
S01008828,50 to 64,178,2,176
S01008828,65 and over,164,2,162
S01008829,All people aged 3 and over,687,6,681
S01008829,3 to 15,123,0,123
S01008829,16 to 24,58,0,58
S01008829,25 to 34,76,2,74
S01008829,35 to 49,163,1,162
S01008829,50 to 64,129,3,126
S01008829,65 and over,138,0,138
S01008830,All people aged 3 and over,655,9,646
S01008830,3 to 15,94,0,94
S01008830,16 to 24,42,0,42
S01008830,25 to 34,75,1,74
S01008830,35 to 49,184,3,181
S01008830,50 to 64,120,2,118
S01008830,65 and over,140,3,137
S01008831,All people aged 3 and over,751,10,741
S01008831,3 to 15,93,0,93
S01008831,16 to 24,64,1,63
S01008831,25 to 34,34,1,33
S01008831,35 to 49,181,3,178
S01008831,50 to 64,167,3,164
S01008831,65 and over,212,2,210
S01008832,All people aged 3 and over,740,11,729
S01008832,3 to 15,85,0,85
S01008832,16 to 24,61,0,61
S01008832,25 to 34,89,6,83
S01008832,35 to 49,166,2,164
S01008832,50 to 64,132,0,132
S01008832,65 and over,207,3,204
S01008833,All people aged 3 and over,966,12,954
S01008833,3 to 15,103,0,103
S01008833,16 to 24,85,1,84
S01008833,25 to 34,167,3,164
S01008833,35 to 49,237,1,236
S01008833,50 to 64,150,5,145
S01008833,65 and over,224,2,222
S01008834,All people aged 3 and over,1092,8,1084
S01008834,3 to 15,115,0,115
S01008834,16 to 24,90,0,90
S01008834,25 to 34,147,1,146
S01008834,35 to 49,267,1,266
S01008834,50 to 64,226,2,224
S01008834,65 and over,247,4,243
S01008835,All people aged 3 and over,784,5,779
S01008835,3 to 15,89,0,89
S01008835,16 to 24,69,0,69
S01008835,25 to 34,75,2,73
S01008835,35 to 49,176,0,176
S01008835,50 to 64,201,0,201
S01008835,65 and over,174,3,171
S01008836,All people aged 3 and over,658,8,650
S01008836,3 to 15,52,0,52
S01008836,16 to 24,71,1,70
S01008836,25 to 34,170,2,168
S01008836,35 to 49,175,0,175
S01008836,50 to 64,103,4,99
S01008836,65 and over,87,1,86
S01008837,All people aged 3 and over,980,20,960
S01008837,3 to 15,41,2,39
S01008837,16 to 24,105,1,104
S01008837,25 to 34,403,9,394
S01008837,35 to 49,262,6,256
S01008837,50 to 64,110,2,108
S01008837,65 and over,59,0,59
S01008838,All people aged 3 and over,984,14,970
S01008838,3 to 15,51,1,50
S01008838,16 to 24,99,0,99
S01008838,25 to 34,316,5,311
S01008838,35 to 49,252,4,248
S01008838,50 to 64,154,2,152
S01008838,65 and over,112,2,110
S01008839,All people aged 3 and over,990,17,973
S01008839,3 to 15,72,0,72
S01008839,16 to 24,132,5,127
S01008839,25 to 34,268,6,262
S01008839,35 to 49,262,4,258
S01008839,50 to 64,155,1,154
S01008839,65 and over,101,1,100
S01008840,All people aged 3 and over,1017,9,1008
S01008840,3 to 15,83,0,83
S01008840,16 to 24,148,3,145
S01008840,25 to 34,253,0,253
S01008840,35 to 49,270,3,267
S01008840,50 to 64,155,2,153
S01008840,65 and over,108,1,107
S01008841,All people aged 3 and over,544,11,533
S01008841,3 to 15,42,1,41
S01008841,16 to 24,73,1,72
S01008841,25 to 34,171,3,168
S01008841,35 to 49,134,2,132
S01008841,50 to 64,71,3,68
S01008841,65 and over,53,1,52
S01008842,All people aged 3 and over,849,8,841
S01008842,3 to 15,60,0,60
S01008842,16 to 24,167,5,162
S01008842,25 to 34,386,1,385
S01008842,35 to 49,143,0,143
S01008842,50 to 64,55,2,53
S01008842,65 and over,38,0,38
S01008843,All people aged 3 and over,961,17,944
S01008843,3 to 15,49,0,49
S01008843,16 to 24,225,8,217
S01008843,25 to 34,349,4,345
S01008843,35 to 49,195,2,193
S01008843,50 to 64,89,1,88
S01008843,65 and over,54,2,52
S01008844,All people aged 3 and over,667,6,661
S01008844,3 to 15,50,0,50
S01008844,16 to 24,134,3,131
S01008844,25 to 34,255,2,253
S01008844,35 to 49,128,0,128
S01008844,50 to 64,63,0,63
S01008844,65 and over,37,1,36
S01008845,All people aged 3 and over,832,9,823
S01008845,3 to 15,37,0,37
S01008845,16 to 24,251,3,248
S01008845,25 to 34,267,2,265
S01008845,35 to 49,150,3,147
S01008845,50 to 64,80,1,79
S01008845,65 and over,47,0,47
S01008846,All people aged 3 and over,799,13,786
S01008846,3 to 15,58,1,57
S01008846,16 to 24,192,2,190
S01008846,25 to 34,205,1,204
S01008846,35 to 49,158,4,154
S01008846,50 to 64,120,4,116
S01008846,65 and over,66,1,65
S01008847,All people aged 3 and over,568,11,557
S01008847,3 to 15,31,2,29
S01008847,16 to 24,144,2,142
S01008847,25 to 34,168,6,162
S01008847,35 to 49,127,0,127
S01008847,50 to 64,57,1,56
S01008847,65 and over,41,0,41
S01008848,All people aged 3 and over,764,14,750
S01008848,3 to 15,53,0,53
S01008848,16 to 24,164,2,162
S01008848,25 to 34,164,4,160
S01008848,35 to 49,191,5,186
S01008848,50 to 64,134,3,131
S01008848,65 and over,58,0,58
S01008849,All people aged 3 and over,711,11,700
S01008849,3 to 15,48,0,48
S01008849,16 to 24,138,0,138
S01008849,25 to 34,180,5,175
S01008849,35 to 49,159,2,157
S01008849,50 to 64,100,2,98
S01008849,65 and over,86,2,84
S01008850,All people aged 3 and over,803,14,789
S01008850,3 to 15,64,0,64
S01008850,16 to 24,178,4,174
S01008850,25 to 34,163,3,160
S01008850,35 to 49,154,4,150
S01008850,50 to 64,146,1,145
S01008850,65 and over,98,2,96
S01008851,All people aged 3 and over,1008,15,993
S01008851,3 to 15,56,0,56
S01008851,16 to 24,125,2,123
S01008851,25 to 34,273,3,270
S01008851,35 to 49,220,3,217
S01008851,50 to 64,162,2,160
S01008851,65 and over,172,5,167
S01008852,All people aged 3 and over,980,9,971
S01008852,3 to 15,96,0,96
S01008852,16 to 24,147,0,147
S01008852,25 to 34,142,2,140
S01008852,35 to 49,220,0,220
S01008852,50 to 64,206,4,202
S01008852,65 and over,169,3,166
S01008853,All people aged 3 and over,658,8,650
S01008853,3 to 15,51,0,51
S01008853,16 to 24,132,3,129
S01008853,25 to 34,213,3,210
S01008853,35 to 49,145,1,144
S01008853,50 to 64,86,0,86
S01008853,65 and over,31,1,30
S01008854,All people aged 3 and over,888,13,875
S01008854,3 to 15,42,0,42
S01008854,16 to 24,193,0,193
S01008854,25 to 34,242,8,234
S01008854,35 to 49,194,3,191
S01008854,50 to 64,139,1,138
S01008854,65 and over,78,1,77
S01008855,All people aged 3 and over,1031,16,1015
S01008855,3 to 15,46,0,46
S01008855,16 to 24,145,0,145
S01008855,25 to 34,336,7,329
S01008855,35 to 49,266,5,261
S01008855,50 to 64,162,2,160
S01008855,65 and over,76,2,74
S01008856,All people aged 3 and over,546,8,538
S01008856,3 to 15,39,0,39
S01008856,16 to 24,72,1,71
S01008856,25 to 34,209,4,205
S01008856,35 to 49,140,2,138
S01008856,50 to 64,53,1,52
S01008856,65 and over,33,0,33
S01008857,All people aged 3 and over,738,13,725
S01008857,3 to 15,45,1,44
S01008857,16 to 24,87,1,86
S01008857,25 to 34,204,2,202
S01008857,35 to 49,193,5,188
S01008857,50 to 64,135,2,133
S01008857,65 and over,74,2,72
S01008858,All people aged 3 and over,536,9,527
S01008858,3 to 15,37,0,37
S01008858,16 to 24,43,0,43
S01008858,25 to 34,127,3,124
S01008858,35 to 49,132,5,127
S01008858,50 to 64,115,0,115
S01008858,65 and over,82,1,81
S01008859,All people aged 3 and over,1088,18,1070
S01008859,3 to 15,47,0,47
S01008859,16 to 24,98,2,96
S01008859,25 to 34,380,6,374
S01008859,35 to 49,229,3,226
S01008859,50 to 64,135,2,133
S01008859,65 and over,199,5,194
S01008860,All people aged 3 and over,864,7,857
S01008860,3 to 15,58,0,58
S01008860,16 to 24,116,0,116
S01008860,25 to 34,259,4,255
S01008860,35 to 49,201,0,201
S01008860,50 to 64,130,2,128
S01008860,65 and over,100,1,99
S01008861,All people aged 3 and over,747,18,729
S01008861,3 to 15,108,3,105
S01008861,16 to 24,70,3,67
S01008861,25 to 34,99,1,98
S01008861,35 to 49,189,1,188
S01008861,50 to 64,163,7,156
S01008861,65 and over,118,3,115
S01008862,All people aged 3 and over,865,9,856
S01008862,3 to 15,37,1,36
S01008862,16 to 24,77,2,75
S01008862,25 to 34,318,3,315
S01008862,35 to 49,206,2,204
S01008862,50 to 64,145,1,144
S01008862,65 and over,82,0,82
S01008863,All people aged 3 and over,696,14,682
S01008863,3 to 15,55,2,53
S01008863,16 to 24,51,4,47
S01008863,25 to 34,226,5,221
S01008863,35 to 49,161,1,160
S01008863,50 to 64,110,1,109
S01008863,65 and over,93,1,92
S01008864,All people aged 3 and over,1136,14,1122
S01008864,3 to 15,256,0,256
S01008864,16 to 24,318,7,311
S01008864,25 to 34,154,2,152
S01008864,35 to 49,196,3,193
S01008864,50 to 64,78,1,77
S01008864,65 and over,134,1,133
S01008865,All people aged 3 and over,824,13,811
S01008865,3 to 15,80,0,80
S01008865,16 to 24,84,1,83
S01008865,25 to 34,226,4,222
S01008865,35 to 49,201,4,197
S01008865,50 to 64,108,3,105
S01008865,65 and over,125,1,124
S01008866,All people aged 3 and over,770,21,749
S01008866,3 to 15,59,6,53
S01008866,16 to 24,63,2,61
S01008866,25 to 34,240,3,237
S01008866,35 to 49,219,5,214
S01008866,50 to 64,108,3,105
S01008866,65 and over,81,2,79
S01008867,All people aged 3 and over,765,9,756
S01008867,3 to 15,68,0,68
S01008867,16 to 24,53,0,53
S01008867,25 to 34,151,1,150
S01008867,35 to 49,200,5,195
S01008867,50 to 64,159,2,157
S01008867,65 and over,134,1,133
S01008868,All people aged 3 and over,758,14,744
S01008868,3 to 15,30,0,30
S01008868,16 to 24,180,2,178
S01008868,25 to 34,270,2,268
S01008868,35 to 49,144,5,139
S01008868,50 to 64,96,4,92
S01008868,65 and over,38,1,37
S01008869,All people aged 3 and over,975,22,953
S01008869,3 to 15,38,3,35
S01008869,16 to 24,77,1,76
S01008869,25 to 34,231,5,226
S01008869,35 to 49,245,4,241
S01008869,50 to 64,212,5,207
S01008869,65 and over,172,4,168
S01008870,All people aged 3 and over,752,13,739
S01008870,3 to 15,55,0,55
S01008870,16 to 24,50,2,48
S01008870,25 to 34,183,7,176
S01008870,35 to 49,187,2,185
S01008870,50 to 64,149,2,147
S01008870,65 and over,128,0,128
S01008871,All people aged 3 and over,1045,19,1026
S01008871,3 to 15,72,5,67
S01008871,16 to 24,247,4,243
S01008871,25 to 34,213,3,210
S01008871,35 to 49,219,3,216
S01008871,50 to 64,199,2,197
S01008871,65 and over,95,2,93
S01008872,All people aged 3 and over,823,11,812
S01008872,3 to 15,56,0,56
S01008872,16 to 24,196,4,192
S01008872,25 to 34,195,3,192
S01008872,35 to 49,198,1,197
S01008872,50 to 64,109,0,109
S01008872,65 and over,69,3,66
S01008873,All people aged 3 and over,665,5,660
S01008873,3 to 15,77,0,77
S01008873,16 to 24,65,0,65
S01008873,25 to 34,108,2,106
S01008873,35 to 49,149,1,148
S01008873,50 to 64,170,0,170
S01008873,65 and over,96,2,94
S01008874,All people aged 3 and over,822,6,816
S01008874,3 to 15,48,0,48
S01008874,16 to 24,74,0,74
S01008874,25 to 34,198,1,197
S01008874,35 to 49,223,2,221
S01008874,50 to 64,139,0,139
S01008874,65 and over,140,3,137
S01008875,All people aged 3 and over,795,12,783
S01008875,3 to 15,39,0,39
S01008875,16 to 24,102,0,102
S01008875,25 to 34,264,7,257
S01008875,35 to 49,174,1,173
S01008875,50 to 64,83,2,81
S01008875,65 and over,133,2,131
S01008876,All people aged 3 and over,567,4,563
S01008876,3 to 15,70,0,70
S01008876,16 to 24,43,0,43
S01008876,25 to 34,37,0,37
S01008876,35 to 49,136,2,134
S01008876,50 to 64,117,0,117
S01008876,65 and over,164,2,162
S01008877,All people aged 3 and over,521,12,509
S01008877,3 to 15,77,5,72
S01008877,16 to 24,46,1,45
S01008877,25 to 34,78,0,78
S01008877,35 to 49,140,4,136
S01008877,50 to 64,85,2,83
S01008877,65 and over,95,0,95
S01008878,All people aged 3 and over,887,11,876
S01008878,3 to 15,109,2,107
S01008878,16 to 24,61,1,60
S01008878,25 to 34,102,2,100
S01008878,35 to 49,186,4,182
S01008878,50 to 64,196,0,196
S01008878,65 and over,233,2,231
S01008879,All people aged 3 and over,781,7,774
S01008879,3 to 15,85,0,85
S01008879,16 to 24,69,1,68
S01008879,25 to 34,92,0,92
S01008879,35 to 49,202,1,201
S01008879,50 to 64,173,5,168
S01008879,65 and over,160,0,160
S01008880,All people aged 3 and over,600,11,589
S01008880,3 to 15,67,2,65
S01008880,16 to 24,50,1,49
S01008880,25 to 34,65,0,65
S01008880,35 to 49,139,2,137
S01008880,50 to 64,154,3,151
S01008880,65 and over,125,3,122
S01008881,All people aged 3 and over,574,6,568
S01008881,3 to 15,56,0,56
S01008881,16 to 24,31,0,31
S01008881,25 to 34,47,0,47
S01008881,35 to 49,121,3,118
S01008881,50 to 64,114,0,114
S01008881,65 and over,205,3,202
S01008882,All people aged 3 and over,1049,13,1036
S01008882,3 to 15,198,0,198
S01008882,16 to 24,121,2,119
S01008882,25 to 34,60,1,59
S01008882,35 to 49,269,4,265
S01008882,50 to 64,236,1,235
S01008882,65 and over,165,5,160
S01008883,All people aged 3 and over,945,13,932
S01008883,3 to 15,155,0,155
S01008883,16 to 24,67,0,67
S01008883,25 to 34,37,0,37
S01008883,35 to 49,189,4,185
S01008883,50 to 64,203,7,196
S01008883,65 and over,294,2,292
S01008884,All people aged 3 and over,690,5,685
S01008884,3 to 15,100,0,100
S01008884,16 to 24,52,0,52
S01008884,25 to 34,22,0,22
S01008884,35 to 49,127,1,126
S01008884,50 to 64,160,1,159
S01008884,65 and over,229,3,226
S01008885,All people aged 3 and over,866,8,858
S01008885,3 to 15,186,0,186
S01008885,16 to 24,69,1,68
S01008885,25 to 34,38,2,36
S01008885,35 to 49,212,1,211
S01008885,50 to 64,205,3,202
S01008885,65 and over,156,1,155
S01008886,All people aged 3 and over,820,3,817
S01008886,3 to 15,108,0,108
S01008886,16 to 24,101,0,101
S01008886,25 to 34,133,0,133
S01008886,35 to 49,136,0,136
S01008886,50 to 64,193,2,191
S01008886,65 and over,149,1,148
S01008887,All people aged 3 and over,739,5,734
S01008887,3 to 15,96,0,96
S01008887,16 to 24,60,0,60
S01008887,25 to 34,79,2,77
S01008887,35 to 49,165,2,163
S01008887,50 to 64,176,0,176
S01008887,65 and over,163,1,162
S01008888,All people aged 3 and over,569,11,558
S01008888,3 to 15,27,0,27
S01008888,16 to 24,63,0,63
S01008888,25 to 34,155,3,152
S01008888,35 to 49,130,2,128
S01008888,50 to 64,114,3,111
S01008888,65 and over,80,3,77
S01008889,All people aged 3 and over,514,7,507
S01008889,3 to 15,55,0,55
S01008889,16 to 24,59,0,59
S01008889,25 to 34,87,0,87
S01008889,35 to 49,110,2,108
S01008889,50 to 64,98,2,96
S01008889,65 and over,105,3,102
S01008890,All people aged 3 and over,694,6,688
S01008890,3 to 15,95,0,95
S01008890,16 to 24,55,0,55
S01008890,25 to 34,41,0,41
S01008890,35 to 49,164,4,160
S01008890,50 to 64,163,1,162
S01008890,65 and over,176,1,175
S01008891,All people aged 3 and over,740,10,730
S01008891,3 to 15,112,0,112
S01008891,16 to 24,52,1,51
S01008891,25 to 34,38,0,38
S01008891,35 to 49,164,2,162
S01008891,50 to 64,190,7,183
S01008891,65 and over,184,0,184
S01008892,All people aged 3 and over,944,10,934
S01008892,3 to 15,107,1,106
S01008892,16 to 24,73,0,73
S01008892,25 to 34,134,0,134
S01008892,35 to 49,189,3,186
S01008892,50 to 64,188,4,184
S01008892,65 and over,253,2,251
S01008893,All people aged 3 and over,872,9,863
S01008893,3 to 15,148,0,148
S01008893,16 to 24,69,0,69
S01008893,25 to 34,53,0,53
S01008893,35 to 49,237,3,234
S01008893,50 to 64,175,3,172
S01008893,65 and over,190,3,187
S01008894,All people aged 3 and over,835,12,823
S01008894,3 to 15,147,0,147
S01008894,16 to 24,68,0,68
S01008894,25 to 34,37,0,37
S01008894,35 to 49,204,4,200
S01008894,50 to 64,207,4,203
S01008894,65 and over,172,4,168
S01008895,All people aged 3 and over,778,4,774
S01008895,3 to 15,146,0,146
S01008895,16 to 24,33,0,33
S01008895,25 to 34,35,0,35
S01008895,35 to 49,188,4,184
S01008895,50 to 64,138,0,138
S01008895,65 and over,238,0,238
S01008896,All people aged 3 and over,542,1,541
S01008896,3 to 15,132,0,132
S01008896,16 to 24,29,0,29
S01008896,25 to 34,40,0,40
S01008896,35 to 49,174,1,173
S01008896,50 to 64,94,0,94
S01008896,65 and over,73,0,73
S01008897,All people aged 3 and over,670,1,669
S01008897,3 to 15,119,0,119
S01008897,16 to 24,37,0,37
S01008897,25 to 34,56,0,56
S01008897,35 to 49,146,0,146
S01008897,50 to 64,146,1,145
S01008897,65 and over,166,0,166
S01008898,All people aged 3 and over,838,2,836
S01008898,3 to 15,149,0,149
S01008898,16 to 24,70,0,70
S01008898,25 to 34,42,0,42
S01008898,35 to 49,188,1,187
S01008898,50 to 64,203,1,202
S01008898,65 and over,186,0,186
S01008899,All people aged 3 and over,806,7,799
S01008899,3 to 15,137,1,136
S01008899,16 to 24,98,0,98
S01008899,25 to 34,109,1,108
S01008899,35 to 49,180,2,178
S01008899,50 to 64,133,0,133
S01008899,65 and over,149,3,146
S01008900,All people aged 3 and over,908,6,902
S01008900,3 to 15,119,3,116
S01008900,16 to 24,120,0,120
S01008900,25 to 34,139,0,139
S01008900,35 to 49,196,1,195
S01008900,50 to 64,177,1,176
S01008900,65 and over,157,1,156
S01008901,All people aged 3 and over,824,7,817
S01008901,3 to 15,139,0,139
S01008901,16 to 24,90,0,90
S01008901,25 to 34,82,2,80
S01008901,35 to 49,184,0,184
S01008901,50 to 64,169,3,166
S01008901,65 and over,160,2,158
S01008902,All people aged 3 and over,973,9,964
S01008902,3 to 15,142,1,141
S01008902,16 to 24,129,0,129
S01008902,25 to 34,185,5,180
S01008902,35 to 49,209,1,208
S01008902,50 to 64,163,2,161
S01008902,65 and over,145,0,145
S01008903,All people aged 3 and over,932,7,925
S01008903,3 to 15,121,0,121
S01008903,16 to 24,81,1,80
S01008903,25 to 34,94,2,92
S01008903,35 to 49,215,1,214
S01008903,50 to 64,196,3,193
S01008903,65 and over,225,0,225
S01008904,All people aged 3 and over,1011,8,1003
S01008904,3 to 15,201,0,201
S01008904,16 to 24,154,3,151
S01008904,25 to 34,182,3,179
S01008904,35 to 49,239,1,238
S01008904,50 to 64,144,0,144
S01008904,65 and over,91,1,90
S01008905,All people aged 3 and over,1053,4,1049
S01008905,3 to 15,210,0,210
S01008905,16 to 24,147,0,147
S01008905,25 to 34,194,2,192
S01008905,35 to 49,255,1,254
S01008905,50 to 64,157,1,156
S01008905,65 and over,90,0,90
S01008906,All people aged 3 and over,765,12,753
S01008906,3 to 15,149,0,149
S01008906,16 to 24,95,2,93
S01008906,25 to 34,173,3,170
S01008906,35 to 49,195,4,191
S01008906,50 to 64,116,3,113
S01008906,65 and over,37,0,37
S01008907,All people aged 3 and over,640,9,631
S01008907,3 to 15,203,1,202
S01008907,16 to 24,87,4,83
S01008907,25 to 34,99,1,98
S01008907,35 to 49,119,3,116
S01008907,50 to 64,73,0,73
S01008907,65 and over,59,0,59
S01008908,All people aged 3 and over,883,14,869
S01008908,3 to 15,166,0,166
S01008908,16 to 24,113,3,110
S01008908,25 to 34,133,5,128
S01008908,35 to 49,213,5,208
S01008908,50 to 64,147,0,147
S01008908,65 and over,111,1,110
S01008909,All people aged 3 and over,764,5,759
S01008909,3 to 15,125,0,125
S01008909,16 to 24,107,0,107
S01008909,25 to 34,101,2,99
S01008909,35 to 49,171,2,169
S01008909,50 to 64,161,1,160
S01008909,65 and over,99,0,99
S01008910,All people aged 3 and over,452,1,451
S01008910,3 to 15,78,0,78
S01008910,16 to 24,63,0,63
S01008910,25 to 34,85,1,84
S01008910,35 to 49,108,0,108
S01008910,50 to 64,62,0,62
S01008910,65 and over,56,0,56
S01008911,All people aged 3 and over,853,10,843
S01008911,3 to 15,66,0,66
S01008911,16 to 24,128,1,127
S01008911,25 to 34,342,4,338
S01008911,35 to 49,156,0,156
S01008911,50 to 64,76,2,74
S01008911,65 and over,85,3,82
S01008912,All people aged 3 and over,759,4,755
S01008912,3 to 15,119,1,118
S01008912,16 to 24,67,0,67
S01008912,25 to 34,87,0,87
S01008912,35 to 49,194,3,191
S01008912,50 to 64,170,0,170
S01008912,65 and over,122,0,122
S01008913,All people aged 3 and over,622,1,621
S01008913,3 to 15,108,0,108
S01008913,16 to 24,70,0,70
S01008913,25 to 34,140,1,139
S01008913,35 to 49,180,0,180
S01008913,50 to 64,77,0,77
S01008913,65 and over,47,0,47
S01008914,All people aged 3 and over,848,11,837
S01008914,3 to 15,109,2,107
S01008914,16 to 24,85,2,83
S01008914,25 to 34,80,1,79
S01008914,35 to 49,208,1,207
S01008914,50 to 64,165,2,163
S01008914,65 and over,201,3,198
S01008915,All people aged 3 and over,554,7,547
S01008915,3 to 15,91,0,91
S01008915,16 to 24,73,2,71
S01008915,25 to 34,48,0,48
S01008915,35 to 49,121,2,119
S01008915,50 to 64,112,2,110
S01008915,65 and over,109,1,108
S01008916,All people aged 3 and over,1057,8,1049
S01008916,3 to 15,151,2,149
S01008916,16 to 24,81,0,81
S01008916,25 to 34,139,0,139
S01008916,35 to 49,213,2,211
S01008916,50 to 64,221,2,219
S01008916,65 and over,252,2,250
S01008917,All people aged 3 and over,655,17,638
S01008917,3 to 15,93,1,92
S01008917,16 to 24,90,2,88
S01008917,25 to 34,125,3,122
S01008917,35 to 49,162,7,155
S01008917,50 to 64,105,4,101
S01008917,65 and over,80,0,80
S01008918,All people aged 3 and over,541,9,532
S01008918,3 to 15,118,0,118
S01008918,16 to 24,68,3,65
S01008918,25 to 34,127,2,125
S01008918,35 to 49,131,1,130
S01008918,50 to 64,72,3,69
S01008918,65 and over,25,0,25
S01008919,All people aged 3 and over,500,11,489
S01008919,3 to 15,96,1,95
S01008919,16 to 24,68,4,64
S01008919,25 to 34,110,3,107
S01008919,35 to 49,128,3,125
S01008919,50 to 64,67,0,67
S01008919,65 and over,31,0,31
S01008920,All people aged 3 and over,1016,13,1003
S01008920,3 to 15,68,3,65
S01008920,16 to 24,143,2,141
S01008920,25 to 34,376,4,372
S01008920,35 to 49,270,3,267
S01008920,50 to 64,117,1,116
S01008920,65 and over,42,0,42
S01008921,All people aged 3 and over,708,11,697
S01008921,3 to 15,119,3,116
S01008921,16 to 24,86,1,85
S01008921,25 to 34,130,1,129
S01008921,35 to 49,161,3,158
S01008921,50 to 64,117,3,114
S01008921,65 and over,95,0,95
S01008922,All people aged 3 and over,763,7,756
S01008922,3 to 15,115,0,115
S01008922,16 to 24,80,0,80
S01008922,25 to 34,126,1,125
S01008922,35 to 49,172,2,170
S01008922,50 to 64,140,3,137
S01008922,65 and over,130,1,129
S01008923,All people aged 3 and over,706,4,702
S01008923,3 to 15,95,1,94
S01008923,16 to 24,78,2,76
S01008923,25 to 34,120,0,120
S01008923,35 to 49,142,1,141
S01008923,50 to 64,143,0,143
S01008923,65 and over,128,0,128
S01008924,All people aged 3 and over,940,2,938
S01008924,3 to 15,236,1,235
S01008924,16 to 24,137,0,137
S01008924,25 to 34,135,0,135
S01008924,35 to 49,199,1,198
S01008924,50 to 64,167,0,167
S01008924,65 and over,66,0,66
S01008925,All people aged 3 and over,646,3,643
S01008925,3 to 15,144,1,143
S01008925,16 to 24,87,0,87
S01008925,25 to 34,136,0,136
S01008925,35 to 49,141,1,140
S01008925,50 to 64,108,1,107
S01008925,65 and over,30,0,30
S01008926,All people aged 3 and over,581,4,577
S01008926,3 to 15,106,0,106
S01008926,16 to 24,68,1,67
S01008926,25 to 34,113,1,112
S01008926,35 to 49,139,2,137
S01008926,50 to 64,106,0,106
S01008926,65 and over,49,0,49
S01008927,All people aged 3 and over,727,6,721
S01008927,3 to 15,70,0,70
S01008927,16 to 24,111,0,111
S01008927,25 to 34,316,3,313
S01008927,35 to 49,139,2,137
S01008927,50 to 64,70,1,69
S01008927,65 and over,21,0,21
S01008928,All people aged 3 and over,681,9,672
S01008928,3 to 15,53,0,53
S01008928,16 to 24,137,2,135
S01008928,25 to 34,150,1,149
S01008928,35 to 49,87,4,83
S01008928,50 to 64,90,1,89
S01008928,65 and over,164,1,163
S01008929,All people aged 3 and over,708,12,696
S01008929,3 to 15,77,0,77
S01008929,16 to 24,129,1,128
S01008929,25 to 34,137,3,134
S01008929,35 to 49,175,4,171
S01008929,50 to 64,139,3,136
S01008929,65 and over,51,1,50
S01008930,All people aged 3 and over,877,5,872
S01008930,3 to 15,194,1,193
S01008930,16 to 24,106,0,106
S01008930,25 to 34,134,0,134
S01008930,35 to 49,193,3,190
S01008930,50 to 64,152,1,151
S01008930,65 and over,98,0,98
S01008931,All people aged 3 and over,745,3,742
S01008931,3 to 15,151,0,151
S01008931,16 to 24,113,0,113
S01008931,25 to 34,88,0,88
S01008931,35 to 49,171,1,170
S01008931,50 to 64,126,1,125
S01008931,65 and over,96,1,95
S01008932,All people aged 3 and over,812,6,806
S01008932,3 to 15,118,1,117
S01008932,16 to 24,128,1,127
S01008932,25 to 34,250,1,249
S01008932,35 to 49,178,2,176
S01008932,50 to 64,76,1,75
S01008932,65 and over,62,0,62
S01008933,All people aged 3 and over,647,5,642
S01008933,3 to 15,142,0,142
S01008933,16 to 24,96,0,96
S01008933,25 to 34,121,2,119
S01008933,35 to 49,153,1,152
S01008933,50 to 64,97,0,97
S01008933,65 and over,38,2,36
S01008934,All people aged 3 and over,746,11,735
S01008934,3 to 15,152,5,147
S01008934,16 to 24,100,0,100
S01008934,25 to 34,118,1,117
S01008934,35 to 49,196,3,193
S01008934,50 to 64,110,1,109
S01008934,65 and over,70,1,69
S01008935,All people aged 3 and over,861,5,856
S01008935,3 to 15,129,0,129
S01008935,16 to 24,94,0,94
S01008935,25 to 34,74,0,74
S01008935,35 to 49,187,1,186
S01008935,50 to 64,166,2,164
S01008935,65 and over,211,2,209
S01008936,All people aged 3 and over,383,4,379
S01008936,3 to 15,83,0,83
S01008936,16 to 24,19,0,19
S01008936,25 to 34,23,0,23
S01008936,35 to 49,105,2,103
S01008936,50 to 64,74,1,73
S01008936,65 and over,79,1,78
S01008937,All people aged 3 and over,804,12,792
S01008937,3 to 15,110,1,109
S01008937,16 to 24,68,1,67
S01008937,25 to 34,86,1,85
S01008937,35 to 49,199,3,196
S01008937,50 to 64,149,5,144
S01008937,65 and over,192,1,191
S01008938,All people aged 3 and over,720,8,712
S01008938,3 to 15,137,2,135
S01008938,16 to 24,68,0,68
S01008938,25 to 34,34,0,34
S01008938,35 to 49,198,3,195
S01008938,50 to 64,119,3,116
S01008938,65 and over,164,0,164
S01008939,All people aged 3 and over,759,8,751
S01008939,3 to 15,100,2,98
S01008939,16 to 24,98,0,98
S01008939,25 to 34,43,0,43
S01008939,35 to 49,157,2,155
S01008939,50 to 64,160,2,158
S01008939,65 and over,201,2,199
S01008940,All people aged 3 and over,620,4,616
S01008940,3 to 15,112,0,112
S01008940,16 to 24,39,0,39
S01008940,25 to 34,27,0,27
S01008940,35 to 49,127,0,127
S01008940,50 to 64,133,0,133
S01008940,65 and over,182,4,178
S01008941,All people aged 3 and over,840,1,839
S01008941,3 to 15,181,0,181
S01008941,16 to 24,47,0,47
S01008941,25 to 34,56,0,56
S01008941,35 to 49,219,1,218
S01008941,50 to 64,147,0,147
S01008941,65 and over,190,0,190
S01008942,All people aged 3 and over,706,9,697
S01008942,3 to 15,125,0,125
S01008942,16 to 24,57,0,57
S01008942,25 to 34,65,1,64
S01008942,35 to 49,189,1,188
S01008942,50 to 64,139,3,136
S01008942,65 and over,131,4,127
S01008943,All people aged 3 and over,869,8,861
S01008943,3 to 15,197,0,197
S01008943,16 to 24,55,0,55
S01008943,25 to 34,38,0,38
S01008943,35 to 49,176,1,175
S01008943,50 to 64,186,3,183
S01008943,65 and over,217,4,213
S01008944,All people aged 3 and over,989,5,984
S01008944,3 to 15,180,0,180
S01008944,16 to 24,60,0,60
S01008944,25 to 34,48,1,47
S01008944,35 to 49,207,0,207
S01008944,50 to 64,237,1,236
S01008944,65 and over,257,3,254
S01008945,All people aged 3 and over,757,15,742
S01008945,3 to 15,127,3,124
S01008945,16 to 24,61,0,61
S01008945,25 to 34,46,0,46
S01008945,35 to 49,163,4,159
S01008945,50 to 64,215,3,212
S01008945,65 and over,145,5,140
S01008946,All people aged 3 and over,889,8,881
S01008946,3 to 15,120,0,120
S01008946,16 to 24,79,1,78
S01008946,25 to 34,46,1,45
S01008946,35 to 49,178,2,176
S01008946,50 to 64,222,1,221
S01008946,65 and over,244,3,241
S01008947,All people aged 3 and over,1040,6,1034
S01008947,3 to 15,170,0,170
S01008947,16 to 24,81,0,81
S01008947,25 to 34,59,1,58
S01008947,35 to 49,217,0,217
S01008947,50 to 64,211,1,210
S01008947,65 and over,302,4,298
S01008948,All people aged 3 and over,677,5,672
S01008948,3 to 15,104,1,103
S01008948,16 to 24,62,0,62
S01008948,25 to 34,64,0,64
S01008948,35 to 49,174,2,172
S01008948,50 to 64,172,2,170
S01008948,65 and over,101,0,101
S01008949,All people aged 3 and over,888,3,885
S01008949,3 to 15,136,0,136
S01008949,16 to 24,107,0,107
S01008949,25 to 34,85,0,85
S01008949,35 to 49,220,0,220
S01008949,50 to 64,154,2,152
S01008949,65 and over,186,1,185
S01008950,All people aged 3 and over,904,8,896
S01008950,3 to 15,129,0,129
S01008950,16 to 24,109,1,108
S01008950,25 to 34,77,0,77
S01008950,35 to 49,212,5,207
S01008950,50 to 64,172,1,171
S01008950,65 and over,205,1,204
S01008951,All people aged 3 and over,792,8,784
S01008951,3 to 15,84,0,84
S01008951,16 to 24,79,2,77
S01008951,25 to 34,158,0,158
S01008951,35 to 49,166,3,163
S01008951,50 to 64,141,2,139
S01008951,65 and over,164,1,163
S01008952,All people aged 3 and over,768,11,757
S01008952,3 to 15,105,0,105
S01008952,16 to 24,111,1,110
S01008952,25 to 34,149,3,146
S01008952,35 to 49,163,5,158
S01008952,50 to 64,133,1,132
S01008952,65 and over,107,1,106
S01008953,All people aged 3 and over,883,6,877
S01008953,3 to 15,131,0,131
S01008953,16 to 24,111,0,111
S01008953,25 to 34,92,0,92
S01008953,35 to 49,195,2,193
S01008953,50 to 64,158,2,156
S01008953,65 and over,196,2,194
S01008954,All people aged 3 and over,853,9,844
S01008954,3 to 15,106,0,106
S01008954,16 to 24,68,0,68
S01008954,25 to 34,110,0,110
S01008954,35 to 49,171,3,168
S01008954,50 to 64,135,3,132
S01008954,65 and over,263,3,260
S01008955,All people aged 3 and over,619,6,613
S01008955,3 to 15,92,0,92
S01008955,16 to 24,69,0,69
S01008955,25 to 34,71,1,70
S01008955,35 to 49,142,0,142
S01008955,50 to 64,147,1,146
S01008955,65 and over,98,4,94
S01008956,All people aged 3 and over,842,12,830
S01008956,3 to 15,115,3,112
S01008956,16 to 24,99,1,98
S01008956,25 to 34,139,2,137
S01008956,35 to 49,202,6,196
S01008956,50 to 64,203,0,203
S01008956,65 and over,84,0,84
S01008957,All people aged 3 and over,976,15,961
S01008957,3 to 15,167,0,167
S01008957,16 to 24,109,3,106
S01008957,25 to 34,113,2,111
S01008957,35 to 49,220,4,216
S01008957,50 to 64,206,3,203
S01008957,65 and over,161,3,158
S01008958,All people aged 3 and over,697,4,693
S01008958,3 to 15,92,0,92
S01008958,16 to 24,54,0,54
S01008958,25 to 34,103,0,103
S01008958,35 to 49,159,0,159
S01008958,50 to 64,143,1,142
S01008958,65 and over,146,3,143
S01008959,All people aged 3 and over,838,3,835
S01008959,3 to 15,119,0,119
S01008959,16 to 24,94,0,94
S01008959,25 to 34,97,0,97
S01008959,35 to 49,176,1,175
S01008959,50 to 64,218,1,217
S01008959,65 and over,134,1,133
S01008960,All people aged 3 and over,867,4,863
S01008960,3 to 15,195,0,195
S01008960,16 to 24,95,0,95
S01008960,25 to 34,108,0,108
S01008960,35 to 49,272,2,270
S01008960,50 to 64,167,2,165
S01008960,65 and over,30,0,30
S01008961,All people aged 3 and over,690,8,682
S01008961,3 to 15,89,0,89
S01008961,16 to 24,87,1,86
S01008961,25 to 34,98,0,98
S01008961,35 to 49,158,3,155
S01008961,50 to 64,156,2,154
S01008961,65 and over,102,2,100
S01008962,All people aged 3 and over,595,6,589
S01008962,3 to 15,65,2,63
S01008962,16 to 24,46,0,46
S01008962,25 to 34,81,1,80
S01008962,35 to 49,128,3,125
S01008962,50 to 64,170,0,170
S01008962,65 and over,105,0,105
S01008963,All people aged 3 and over,756,3,753
S01008963,3 to 15,86,0,86
S01008963,16 to 24,65,0,65
S01008963,25 to 34,52,0,52
S01008963,35 to 49,164,1,163
S01008963,50 to 64,193,0,193
S01008963,65 and over,196,2,194
S01008964,All people aged 3 and over,512,7,505
S01008964,3 to 15,75,2,73
S01008964,16 to 24,60,0,60
S01008964,25 to 34,26,0,26
S01008964,35 to 49,108,2,106
S01008964,50 to 64,99,0,99
S01008964,65 and over,144,3,141
S01008965,All people aged 3 and over,725,11,714
S01008965,3 to 15,97,1,96
S01008965,16 to 24,54,0,54
S01008965,25 to 34,31,2,29
S01008965,35 to 49,137,3,134
S01008965,50 to 64,183,3,180
S01008965,65 and over,223,2,221
S01008966,All people aged 3 and over,564,1,563
S01008966,3 to 15,81,0,81
S01008966,16 to 24,51,0,51
S01008966,25 to 34,44,0,44
S01008966,35 to 49,114,0,114
S01008966,50 to 64,146,0,146
S01008966,65 and over,128,1,127
S01008967,All people aged 3 and over,1019,11,1008
S01008967,3 to 15,171,1,170
S01008967,16 to 24,54,1,53
S01008967,25 to 34,72,1,71
S01008967,35 to 49,231,2,229
S01008967,50 to 64,238,2,236
S01008967,65 and over,253,4,249
S01008968,All people aged 3 and over,956,11,945
S01008968,3 to 15,132,1,131
S01008968,16 to 24,94,1,93
S01008968,25 to 34,69,2,67
S01008968,35 to 49,220,3,217
S01008968,50 to 64,223,2,221
S01008968,65 and over,218,2,216
S01008969,All people aged 3 and over,1047,10,1037
S01008969,3 to 15,150,0,150
S01008969,16 to 24,89,0,89
S01008969,25 to 34,99,0,99
S01008969,35 to 49,231,1,230
S01008969,50 to 64,228,4,224
S01008969,65 and over,250,5,245
S01008970,All people aged 3 and over,974,11,963
S01008970,3 to 15,136,0,136
S01008970,16 to 24,87,1,86
S01008970,25 to 34,88,2,86
S01008970,35 to 49,257,2,255
S01008970,50 to 64,222,2,220
S01008970,65 and over,184,4,180
S01008971,All people aged 3 and over,666,3,663
S01008971,3 to 15,98,0,98
S01008971,16 to 24,58,0,58
S01008971,25 to 34,56,1,55
S01008971,35 to 49,154,0,154
S01008971,50 to 64,188,2,186
S01008971,65 and over,112,0,112
S01008972,All people aged 3 and over,772,8,764
S01008972,3 to 15,139,0,139
S01008972,16 to 24,61,0,61
S01008972,25 to 34,57,1,56
S01008972,35 to 49,188,3,185
S01008972,50 to 64,152,2,150
S01008972,65 and over,175,2,173
S01008973,All people aged 3 and over,787,6,781
S01008973,3 to 15,60,0,60
S01008973,16 to 24,48,1,47
S01008973,25 to 34,118,2,116
S01008973,35 to 49,138,1,137
S01008973,50 to 64,205,2,203
S01008973,65 and over,218,0,218
S01008974,All people aged 3 and over,768,13,755
S01008974,3 to 15,116,3,113
S01008974,16 to 24,60,0,60
S01008974,25 to 34,118,4,114
S01008974,35 to 49,156,5,151
S01008974,50 to 64,135,0,135
S01008974,65 and over,183,1,182
S01008975,All people aged 3 and over,715,9,706
S01008975,3 to 15,58,0,58
S01008975,16 to 24,57,0,57
S01008975,25 to 34,82,3,79
S01008975,35 to 49,118,1,117
S01008975,50 to 64,100,1,99
S01008975,65 and over,300,4,296
S01008976,All people aged 3 and over,498,6,492
S01008976,3 to 15,72,0,72
S01008976,16 to 24,45,0,45
S01008976,25 to 34,30,0,30
S01008976,35 to 49,138,2,136
S01008976,50 to 64,107,2,105
S01008976,65 and over,106,2,104
S01008977,All people aged 3 and over,590,5,585
S01008977,3 to 15,76,1,75
S01008977,16 to 24,42,0,42
S01008977,25 to 34,52,0,52
S01008977,35 to 49,128,1,127
S01008977,50 to 64,166,1,165
S01008977,65 and over,126,2,124
S01008978,All people aged 3 and over,558,4,554
S01008978,3 to 15,85,0,85
S01008978,16 to 24,69,1,68
S01008978,25 to 34,86,0,86
S01008978,35 to 49,129,1,128
S01008978,50 to 64,108,0,108
S01008978,65 and over,81,2,79
S01008979,All people aged 3 and over,698,3,695
S01008979,3 to 15,125,0,125
S01008979,16 to 24,118,1,117
S01008979,25 to 34,144,0,144
S01008979,35 to 49,174,1,173
S01008979,50 to 64,89,1,88
S01008979,65 and over,48,0,48
S01008980,All people aged 3 and over,793,14,779
S01008980,3 to 15,173,7,166
S01008980,16 to 24,99,0,99
S01008980,25 to 34,146,0,146
S01008980,35 to 49,186,7,179
S01008980,50 to 64,123,0,123
S01008980,65 and over,66,0,66
S01008981,All people aged 3 and over,687,16,671
S01008981,3 to 15,86,6,80
S01008981,16 to 24,35,0,35
S01008981,25 to 34,57,1,56
S01008981,35 to 49,129,3,126
S01008981,50 to 64,166,6,160
S01008981,65 and over,214,0,214
S01008982,All people aged 3 and over,751,19,732
S01008982,3 to 15,122,4,118
S01008982,16 to 24,98,4,94
S01008982,25 to 34,138,2,136
S01008982,35 to 49,168,4,164
S01008982,50 to 64,133,4,129
S01008982,65 and over,92,1,91
S01008983,All people aged 3 and over,608,2,606
S01008983,3 to 15,79,0,79
S01008983,16 to 24,101,1,100
S01008983,25 to 34,172,0,172
S01008983,35 to 49,139,0,139
S01008983,50 to 64,90,1,89
S01008983,65 and over,27,0,27
S01008984,All people aged 3 and over,481,2,479
S01008984,3 to 15,91,0,91
S01008984,16 to 24,49,0,49
S01008984,25 to 34,98,0,98
S01008984,35 to 49,102,2,100
S01008984,50 to 64,88,0,88
S01008984,65 and over,53,0,53
S01008985,All people aged 3 and over,650,7,643
S01008985,3 to 15,65,0,65
S01008985,16 to 24,89,0,89
S01008985,25 to 34,131,3,128
S01008985,35 to 49,120,1,119
S01008985,50 to 64,132,1,131
S01008985,65 and over,113,2,111
S01008986,All people aged 3 and over,774,9,765
S01008986,3 to 15,113,2,111
S01008986,16 to 24,60,0,60
S01008986,25 to 34,79,0,79
S01008986,35 to 49,133,2,131
S01008986,50 to 64,195,2,193
S01008986,65 and over,194,3,191
S01008987,All people aged 3 and over,803,4,799
S01008987,3 to 15,93,0,93
S01008987,16 to 24,96,0,96
S01008987,25 to 34,52,0,52
S01008987,35 to 49,148,1,147
S01008987,50 to 64,220,2,218
S01008987,65 and over,194,1,193
S01008988,All people aged 3 and over,1026,9,1017
S01008988,3 to 15,98,2,96
S01008988,16 to 24,98,0,98
S01008988,25 to 34,167,2,165
S01008988,35 to 49,186,1,185
S01008988,50 to 64,154,1,153
S01008988,65 and over,323,3,320
S01008989,All people aged 3 and over,623,9,614
S01008989,3 to 15,66,0,66
S01008989,16 to 24,80,1,79
S01008989,25 to 34,148,5,143
S01008989,35 to 49,176,1,175
S01008989,50 to 64,115,2,113
S01008989,65 and over,38,0,38
S01008990,All people aged 3 and over,703,10,693
S01008990,3 to 15,60,2,58
S01008990,16 to 24,79,0,79
S01008990,25 to 34,188,6,182
S01008990,35 to 49,167,0,167
S01008990,50 to 64,162,1,161
S01008990,65 and over,47,1,46
S01008991,All people aged 3 and over,896,5,891
S01008991,3 to 15,138,0,138
S01008991,16 to 24,123,1,122
S01008991,25 to 34,119,2,117
S01008991,35 to 49,288,1,287
S01008991,50 to 64,174,1,173
S01008991,65 and over,54,0,54
S01008992,All people aged 3 and over,543,2,541
S01008992,3 to 15,56,0,56
S01008992,16 to 24,58,0,58
S01008992,25 to 34,76,0,76
S01008992,35 to 49,117,0,117
S01008992,50 to 64,130,1,129
S01008992,65 and over,106,1,105
S01008993,All people aged 3 and over,1045,8,1037
S01008993,3 to 15,165,0,165
S01008993,16 to 24,103,0,103
S01008993,25 to 34,101,0,101
S01008993,35 to 49,266,3,263
S01008993,50 to 64,216,3,213
S01008993,65 and over,194,2,192
S01008994,All people aged 3 and over,743,7,736
S01008994,3 to 15,115,0,115
S01008994,16 to 24,84,0,84
S01008994,25 to 34,81,0,81
S01008994,35 to 49,179,4,175
S01008994,50 to 64,152,1,151
S01008994,65 and over,132,2,130
S01008995,All people aged 3 and over,828,2,826
S01008995,3 to 15,129,0,129
S01008995,16 to 24,84,0,84
S01008995,25 to 34,78,0,78
S01008995,35 to 49,193,0,193
S01008995,50 to 64,235,1,234
S01008995,65 and over,109,1,108
S01008996,All people aged 3 and over,547,5,542
S01008996,3 to 15,64,0,64
S01008996,16 to 24,60,0,60
S01008996,25 to 34,52,0,52
S01008996,35 to 49,125,2,123
S01008996,50 to 64,128,1,127
S01008996,65 and over,118,2,116
S01008997,All people aged 3 and over,937,6,931
S01008997,3 to 15,157,0,157
S01008997,16 to 24,81,0,81
S01008997,25 to 34,105,2,103
S01008997,35 to 49,290,1,289
S01008997,50 to 64,191,2,189
S01008997,65 and over,113,1,112
S01008998,All people aged 3 and over,604,4,600
S01008998,3 to 15,140,0,140
S01008998,16 to 24,104,1,103
S01008998,25 to 34,88,0,88
S01008998,35 to 49,128,1,127
S01008998,50 to 64,102,2,100
S01008998,65 and over,42,0,42
S01008999,All people aged 3 and over,832,3,829
S01008999,3 to 15,124,0,124
S01008999,16 to 24,68,0,68
S01008999,25 to 34,84,0,84
S01008999,35 to 49,154,0,154
S01008999,50 to 64,190,1,189
S01008999,65 and over,212,2,210
S01009000,All people aged 3 and over,886,11,875
S01009000,3 to 15,129,0,129
S01009000,16 to 24,70,0,70
S01009000,25 to 34,80,0,80
S01009000,35 to 49,185,3,182
S01009000,50 to 64,246,7,239
S01009000,65 and over,176,1,175
S01009001,All people aged 3 and over,861,7,854
S01009001,3 to 15,208,2,206
S01009001,16 to 24,62,1,61
S01009001,25 to 34,50,0,50
S01009001,35 to 49,248,1,247
S01009001,50 to 64,155,3,152
S01009001,65 and over,138,0,138
S01009002,All people aged 3 and over,781,10,771
S01009002,3 to 15,124,0,124
S01009002,16 to 24,65,0,65
S01009002,25 to 34,93,2,91
S01009002,35 to 49,221,5,216
S01009002,50 to 64,147,1,146
S01009002,65 and over,131,2,129
S01009003,All people aged 3 and over,921,13,908
S01009003,3 to 15,170,0,170
S01009003,16 to 24,77,1,76
S01009003,25 to 34,88,2,86
S01009003,35 to 49,248,5,243
S01009003,50 to 64,216,4,212
S01009003,65 and over,122,1,121
S01009004,All people aged 3 and over,652,3,649
S01009004,3 to 15,118,0,118
S01009004,16 to 24,65,0,65
S01009004,25 to 34,78,0,78
S01009004,35 to 49,157,2,155
S01009004,50 to 64,148,0,148
S01009004,65 and over,86,1,85
S01009005,All people aged 3 and over,698,9,689
S01009005,3 to 15,108,0,108
S01009005,16 to 24,65,0,65
S01009005,25 to 34,113,3,110
S01009005,35 to 49,158,2,156
S01009005,50 to 64,138,2,136
S01009005,65 and over,116,2,114
S01009006,All people aged 3 and over,728,7,721
S01009006,3 to 15,126,0,126
S01009006,16 to 24,77,1,76
S01009006,25 to 34,99,0,99
S01009006,35 to 49,160,3,157
S01009006,50 to 64,135,2,133
S01009006,65 and over,131,1,130
S01009007,All people aged 3 and over,667,6,661
S01009007,3 to 15,115,0,115
S01009007,16 to 24,68,0,68
S01009007,25 to 34,93,4,89
S01009007,35 to 49,160,2,158
S01009007,50 to 64,120,0,120
S01009007,65 and over,111,0,111
S01009008,All people aged 3 and over,897,10,887
S01009008,3 to 15,117,0,117
S01009008,16 to 24,67,0,67
S01009008,25 to 34,87,0,87
S01009008,35 to 49,205,4,201
S01009008,50 to 64,206,4,202
S01009008,65 and over,215,2,213
S01009009,All people aged 3 and over,454,5,449
S01009009,3 to 15,73,0,73
S01009009,16 to 24,37,0,37
S01009009,25 to 34,87,2,85
S01009009,35 to 49,83,2,81
S01009009,50 to 64,75,1,74
S01009009,65 and over,99,0,99
S01009010,All people aged 3 and over,984,6,978
S01009010,3 to 15,164,0,164
S01009010,16 to 24,122,0,122
S01009010,25 to 34,128,0,128
S01009010,35 to 49,255,2,253
S01009010,50 to 64,225,4,221
S01009010,65 and over,90,0,90
S01009011,All people aged 3 and over,831,3,828
S01009011,3 to 15,139,0,139
S01009011,16 to 24,113,0,113
S01009011,25 to 34,96,2,94
S01009011,35 to 49,240,1,239
S01009011,50 to 64,194,0,194
S01009011,65 and over,49,0,49
S01009012,All people aged 3 and over,731,5,726
S01009012,3 to 15,122,0,122
S01009012,16 to 24,67,0,67
S01009012,25 to 34,89,0,89
S01009012,35 to 49,189,1,188
S01009012,50 to 64,183,2,181
S01009012,65 and over,81,2,79
S01009013,All people aged 3 and over,862,5,857
S01009013,3 to 15,123,1,122
S01009013,16 to 24,94,0,94
S01009013,25 to 34,70,0,70
S01009013,35 to 49,228,0,228
S01009013,50 to 64,250,2,248
S01009013,65 and over,97,2,95
S01009014,All people aged 3 and over,598,411,187
S01009014,3 to 15,101,66,35
S01009014,16 to 24,55,33,22
S01009014,25 to 34,58,34,24
S01009014,35 to 49,151,105,46
S01009014,50 to 64,118,82,36
S01009014,65 and over,115,91,24
S01009015,All people aged 3 and over,624,460,164
S01009015,3 to 15,113,71,42
S01009015,16 to 24,36,23,13
S01009015,25 to 34,49,31,18
S01009015,35 to 49,131,100,31
S01009015,50 to 64,144,111,33
S01009015,65 and over,151,124,27
S01009016,All people aged 3 and over,516,412,104
S01009016,3 to 15,80,68,12
S01009016,16 to 24,37,28,9
S01009016,25 to 34,28,26,2
S01009016,35 to 49,102,74,28
S01009016,50 to 64,136,104,32
S01009016,65 and over,133,112,21
S01009017,All people aged 3 and over,599,427,172
S01009017,3 to 15,100,72,28
S01009017,16 to 24,51,30,21
S01009017,25 to 34,57,42,15
S01009017,35 to 49,142,109,33
S01009017,50 to 64,137,93,44
S01009017,65 and over,112,81,31
S01009018,All people aged 3 and over,724,535,189
S01009018,3 to 15,123,83,40
S01009018,16 to 24,72,50,22
S01009018,25 to 34,63,54,9
S01009018,35 to 49,146,108,38
S01009018,50 to 64,203,148,55
S01009018,65 and over,117,92,25
S01009019,All people aged 3 and over,500,341,159
S01009019,3 to 15,79,44,35
S01009019,16 to 24,38,27,11
S01009019,25 to 34,58,32,26
S01009019,35 to 49,111,79,32
S01009019,50 to 64,131,88,43
S01009019,65 and over,83,71,12
S01009020,All people aged 3 and over,783,459,324
S01009020,3 to 15,148,79,69
S01009020,16 to 24,83,53,30
S01009020,25 to 34,107,61,46
S01009020,35 to 49,182,98,84
S01009020,50 to 64,163,102,61
S01009020,65 and over,100,66,34
S01009021,All people aged 3 and over,711,509,202
S01009021,3 to 15,77,53,24
S01009021,16 to 24,58,43,15
S01009021,25 to 34,48,29,19
S01009021,35 to 49,150,107,43
S01009021,50 to 64,202,141,61
S01009021,65 and over,176,136,40
S01009022,All people aged 3 and over,868,568,300
S01009022,3 to 15,80,45,35
S01009022,16 to 24,84,55,29
S01009022,25 to 34,54,33,21
S01009022,35 to 49,171,115,56
S01009022,50 to 64,232,140,92
S01009022,65 and over,247,180,67
S01009023,All people aged 3 and over,914,571,343
S01009023,3 to 15,104,52,52
S01009023,16 to 24,84,54,30
S01009023,25 to 34,41,24,17
S01009023,35 to 49,196,117,79
S01009023,50 to 64,227,130,97
S01009023,65 and over,262,194,68
S01009024,All people aged 3 and over,955,685,270
S01009024,3 to 15,111,81,30
S01009024,16 to 24,65,37,28
S01009024,25 to 34,77,50,27
S01009024,35 to 49,190,132,58
S01009024,50 to 64,224,160,64
S01009024,65 and over,288,225,63
S01009025,All people aged 3 and over,889,563,326
S01009025,3 to 15,128,75,53
S01009025,16 to 24,68,32,36
S01009025,25 to 34,54,32,22
S01009025,35 to 49,203,130,73
S01009025,50 to 64,223,132,91
S01009025,65 and over,213,162,51
S01009026,All people aged 3 and over,873,529,344
S01009026,3 to 15,103,38,65
S01009026,16 to 24,71,30,41
S01009026,25 to 34,81,49,32
S01009026,35 to 49,190,97,93
S01009026,50 to 64,206,138,68
S01009026,65 and over,222,177,45
S01009027,All people aged 3 and over,760,460,300
S01009027,3 to 15,90,48,42
S01009027,16 to 24,52,27,25
S01009027,25 to 34,30,19,11
S01009027,35 to 49,181,97,84
S01009027,50 to 64,213,123,90
S01009027,65 and over,194,146,48
S01009028,All people aged 3 and over,484,323,161
S01009028,3 to 15,54,38,16
S01009028,16 to 24,41,27,14
S01009028,25 to 34,37,25,12
S01009028,35 to 49,97,57,40
S01009028,50 to 64,133,79,54
S01009028,65 and over,122,97,25
S01009029,All people aged 3 and over,615,413,202
S01009029,3 to 15,86,55,31
S01009029,16 to 24,55,33,22
S01009029,25 to 34,39,20,19
S01009029,35 to 49,131,74,57
S01009029,50 to 64,159,104,55
S01009029,65 and over,145,127,18
S01009030,All people aged 3 and over,720,494,226
S01009030,3 to 15,109,59,50
S01009030,16 to 24,73,37,36
S01009030,25 to 34,56,31,25
S01009030,35 to 49,151,98,53
S01009030,50 to 64,188,141,47
S01009030,65 and over,143,128,15
S01009031,All people aged 3 and over,737,541,196
S01009031,3 to 15,81,55,26
S01009031,16 to 24,60,44,16
S01009031,25 to 34,85,60,25
S01009031,35 to 49,157,101,56
S01009031,50 to 64,181,131,50
S01009031,65 and over,173,150,23
S01009032,All people aged 3 and over,646,474,172
S01009032,3 to 15,87,63,24
S01009032,16 to 24,45,25,20
S01009032,25 to 34,67,45,22
S01009032,35 to 49,109,82,27
S01009032,50 to 64,147,105,42
S01009032,65 and over,191,154,37
S01009033,All people aged 3 and over,778,552,226
S01009033,3 to 15,121,81,40
S01009033,16 to 24,62,41,21
S01009033,25 to 34,58,38,20
S01009033,35 to 49,165,110,55
S01009033,50 to 64,171,119,52
S01009033,65 and over,201,163,38
S01009034,All people aged 3 and over,694,449,245
S01009034,3 to 15,136,65,71
S01009034,16 to 24,52,30,22
S01009034,25 to 34,60,32,28
S01009034,35 to 49,144,84,60
S01009034,50 to 64,132,92,40
S01009034,65 and over,170,146,24
S01009035,All people aged 3 and over,907,599,308
S01009035,3 to 15,147,83,64
S01009035,16 to 24,82,41,41
S01009035,25 to 34,103,63,40
S01009035,35 to 49,189,118,71
S01009035,50 to 64,204,152,52
S01009035,65 and over,182,142,40
S01009036,All people aged 3 and over,1029,557,472
S01009036,3 to 15,215,81,134
S01009036,16 to 24,106,56,50
S01009036,25 to 34,143,72,71
S01009036,35 to 49,224,133,91
S01009036,50 to 64,202,115,87
S01009036,65 and over,139,100,39
S01009037,All people aged 3 and over,866,484,382
S01009037,3 to 15,161,50,111
S01009037,16 to 24,88,43,45
S01009037,25 to 34,113,53,60
S01009037,35 to 49,226,134,92
S01009037,50 to 64,151,103,48
S01009037,65 and over,127,101,26
S01009038,All people aged 3 and over,1054,531,523
S01009038,3 to 15,186,60,126
S01009038,16 to 24,123,46,77
S01009038,25 to 34,115,54,61
S01009038,35 to 49,258,135,123
S01009038,50 to 64,208,111,97
S01009038,65 and over,164,125,39
S01009039,All people aged 3 and over,640,300,340
S01009039,3 to 15,105,37,68
S01009039,16 to 24,79,23,56
S01009039,25 to 34,88,28,60
S01009039,35 to 49,144,62,82
S01009039,50 to 64,132,87,45
S01009039,65 and over,92,63,29
S01009040,All people aged 3 and over,639,330,309
S01009040,3 to 15,79,25,54
S01009040,16 to 24,87,28,59
S01009040,25 to 34,78,34,44
S01009040,35 to 49,118,65,53
S01009040,50 to 64,125,67,58
S01009040,65 and over,152,111,41
S01009041,All people aged 3 and over,850,442,408
S01009041,3 to 15,85,39,46
S01009041,16 to 24,86,38,48
S01009041,25 to 34,112,52,60
S01009041,35 to 49,178,82,96
S01009041,50 to 64,160,72,88
S01009041,65 and over,229,159,70
S01009042,All people aged 3 and over,822,399,423
S01009042,3 to 15,98,29,69
S01009042,16 to 24,96,28,68
S01009042,25 to 34,108,37,71
S01009042,35 to 49,167,76,91
S01009042,50 to 64,174,97,77
S01009042,65 and over,179,132,47
S01009043,All people aged 3 and over,610,287,323
S01009043,3 to 15,63,17,46
S01009043,16 to 24,56,15,41
S01009043,25 to 34,71,25,46
S01009043,35 to 49,129,53,76
S01009043,50 to 64,158,78,80
S01009043,65 and over,133,99,34
S01009044,All people aged 3 and over,847,447,400
S01009044,3 to 15,98,30,68
S01009044,16 to 24,73,31,42
S01009044,25 to 34,84,34,50
S01009044,35 to 49,146,73,73
S01009044,50 to 64,155,77,78
S01009044,65 and over,291,202,89
S01009045,All people aged 3 and over,642,339,303
S01009045,3 to 15,86,23,63
S01009045,16 to 24,58,18,40
S01009045,25 to 34,78,30,48
S01009045,35 to 49,141,74,67
S01009045,50 to 64,137,87,50
S01009045,65 and over,142,107,35
S01009046,All people aged 3 and over,850,404,446
S01009046,3 to 15,140,29,111
S01009046,16 to 24,84,32,52
S01009046,25 to 34,92,43,49
S01009046,35 to 49,202,95,107
S01009046,50 to 64,171,97,74
S01009046,65 and over,161,108,53
S01009047,All people aged 3 and over,777,419,358
S01009047,3 to 15,129,40,89
S01009047,16 to 24,74,34,40
S01009047,25 to 34,89,37,52
S01009047,35 to 49,190,107,83
S01009047,50 to 64,168,102,66
S01009047,65 and over,127,99,28
S01009048,All people aged 3 and over,811,471,340
S01009048,3 to 15,125,52,73
S01009048,16 to 24,70,32,38
S01009048,25 to 34,85,37,48
S01009048,35 to 49,153,89,64
S01009048,50 to 64,223,140,83
S01009048,65 and over,155,121,34
S01009049,All people aged 3 and over,597,304,293
S01009049,3 to 15,95,29,66
S01009049,16 to 24,28,10,18
S01009049,25 to 34,69,34,35
S01009049,35 to 49,124,51,73
S01009049,50 to 64,143,73,70
S01009049,65 and over,138,107,31
S01009050,All people aged 3 and over,768,10,758
S01009050,3 to 15,92,3,89
S01009050,16 to 24,49,0,49
S01009050,25 to 34,101,1,100
S01009050,35 to 49,185,4,181
S01009050,50 to 64,173,1,172
S01009050,65 and over,168,1,167
S01009051,All people aged 3 and over,737,5,732
S01009051,3 to 15,173,1,172
S01009051,16 to 24,78,0,78
S01009051,25 to 34,95,1,94
S01009051,35 to 49,196,1,195
S01009051,50 to 64,105,2,103
S01009051,65 and over,90,0,90
S01009052,All people aged 3 and over,585,8,577
S01009052,3 to 15,46,2,44
S01009052,16 to 24,69,0,69
S01009052,25 to 34,67,0,67
S01009052,35 to 49,121,1,120
S01009052,50 to 64,136,4,132
S01009052,65 and over,146,1,145
S01009053,All people aged 3 and over,517,3,514
S01009053,3 to 15,93,0,93
S01009053,16 to 24,84,2,82
S01009053,25 to 34,67,1,66
S01009053,35 to 49,122,0,122
S01009053,50 to 64,95,0,95
S01009053,65 and over,56,0,56
S01009054,All people aged 3 and over,560,3,557
S01009054,3 to 15,80,0,80
S01009054,16 to 24,62,0,62
S01009054,25 to 34,66,1,65
S01009054,35 to 49,116,1,115
S01009054,50 to 64,147,1,146
S01009054,65 and over,89,0,89
S01009055,All people aged 3 and over,782,4,778
S01009055,3 to 15,89,0,89
S01009055,16 to 24,66,0,66
S01009055,25 to 34,81,0,81
S01009055,35 to 49,186,1,185
S01009055,50 to 64,214,1,213
S01009055,65 and over,146,2,144
S01009056,All people aged 3 and over,535,0,535
S01009056,3 to 15,103,0,103
S01009056,16 to 24,71,0,71
S01009056,25 to 34,60,0,60
S01009056,35 to 49,121,0,121
S01009056,50 to 64,116,0,116
S01009056,65 and over,64,0,64
S01009057,All people aged 3 and over,532,4,528
S01009057,3 to 15,71,0,71
S01009057,16 to 24,75,0,75
S01009057,25 to 34,82,1,81
S01009057,35 to 49,110,0,110
S01009057,50 to 64,98,2,96
S01009057,65 and over,96,1,95
S01009058,All people aged 3 and over,759,2,757
S01009058,3 to 15,85,0,85
S01009058,16 to 24,85,0,85
S01009058,25 to 34,105,0,105
S01009058,35 to 49,166,2,164
S01009058,50 to 64,143,0,143
S01009058,65 and over,175,0,175
S01009059,All people aged 3 and over,859,5,854
S01009059,3 to 15,159,0,159
S01009059,16 to 24,103,0,103
S01009059,25 to 34,127,1,126
S01009059,35 to 49,249,2,247
S01009059,50 to 64,138,2,136
S01009059,65 and over,83,0,83
S01009060,All people aged 3 and over,535,2,533
S01009060,3 to 15,124,1,123
S01009060,16 to 24,50,0,50
S01009060,25 to 34,67,0,67
S01009060,35 to 49,178,0,178
S01009060,50 to 64,83,1,82
S01009060,65 and over,33,0,33
S01009061,All people aged 3 and over,782,7,775
S01009061,3 to 15,132,1,131
S01009061,16 to 24,81,1,80
S01009061,25 to 34,108,1,107
S01009061,35 to 49,190,0,190
S01009061,50 to 64,167,2,165
S01009061,65 and over,104,2,102
S01009062,All people aged 3 and over,626,3,623
S01009062,3 to 15,88,0,88
S01009062,16 to 24,59,0,59
S01009062,25 to 34,67,0,67
S01009062,35 to 49,121,0,121
S01009062,50 to 64,156,2,154
S01009062,65 and over,135,1,134
S01009063,All people aged 3 and over,708,4,704
S01009063,3 to 15,94,0,94
S01009063,16 to 24,81,0,81
S01009063,25 to 34,67,0,67
S01009063,35 to 49,162,3,159
S01009063,50 to 64,170,0,170
S01009063,65 and over,134,1,133
S01009064,All people aged 3 and over,557,4,553
S01009064,3 to 15,84,1,83
S01009064,16 to 24,69,0,69
S01009064,25 to 34,87,1,86
S01009064,35 to 49,117,2,115
S01009064,50 to 64,86,0,86
S01009064,65 and over,114,0,114
S01009065,All people aged 3 and over,652,2,650
S01009065,3 to 15,108,0,108
S01009065,16 to 24,91,0,91
S01009065,25 to 34,100,0,100
S01009065,35 to 49,142,1,141
S01009065,50 to 64,88,0,88
S01009065,65 and over,123,1,122
S01009066,All people aged 3 and over,672,6,666
S01009066,3 to 15,78,0,78
S01009066,16 to 24,75,0,75
S01009066,25 to 34,91,1,90
S01009066,35 to 49,143,0,143
S01009066,50 to 64,140,1,139
S01009066,65 and over,145,4,141
S01009067,All people aged 3 and over,822,8,814
S01009067,3 to 15,173,2,171
S01009067,16 to 24,90,1,89
S01009067,25 to 34,101,1,100
S01009067,35 to 49,255,1,254
S01009067,50 to 64,157,3,154
S01009067,65 and over,46,0,46
S01009068,All people aged 3 and over,859,3,856
S01009068,3 to 15,127,0,127
S01009068,16 to 24,107,0,107
S01009068,25 to 34,114,0,114
S01009068,35 to 49,195,2,193
S01009068,50 to 64,186,0,186
S01009068,65 and over,130,1,129
S01009069,All people aged 3 and over,611,6,605
S01009069,3 to 15,86,1,85
S01009069,16 to 24,64,0,64
S01009069,25 to 34,58,0,58
S01009069,35 to 49,147,2,145
S01009069,50 to 64,200,1,199
S01009069,65 and over,56,2,54
S01009070,All people aged 3 and over,611,3,608
S01009070,3 to 15,86,0,86
S01009070,16 to 24,62,0,62
S01009070,25 to 34,75,1,74
S01009070,35 to 49,130,1,129
S01009070,50 to 64,171,1,170
S01009070,65 and over,87,0,87
S01009071,All people aged 3 and over,490,4,486
S01009071,3 to 15,77,0,77
S01009071,16 to 24,37,0,37
S01009071,25 to 34,34,0,34
S01009071,35 to 49,140,3,137
S01009071,50 to 64,119,1,118
S01009071,65 and over,83,0,83
S01009072,All people aged 3 and over,504,2,502
S01009072,3 to 15,91,0,91
S01009072,16 to 24,54,0,54
S01009072,25 to 34,51,0,51
S01009072,35 to 49,147,1,146
S01009072,50 to 64,98,0,98
S01009072,65 and over,63,1,62
S01009073,All people aged 3 and over,642,4,638
S01009073,3 to 15,103,1,102
S01009073,16 to 24,71,0,71
S01009073,25 to 34,58,0,58
S01009073,35 to 49,126,1,125
S01009073,50 to 64,116,1,115
S01009073,65 and over,168,1,167
S01009074,All people aged 3 and over,699,3,696
S01009074,3 to 15,117,1,116
S01009074,16 to 24,81,0,81
S01009074,25 to 34,97,0,97
S01009074,35 to 49,154,0,154
S01009074,50 to 64,140,1,139
S01009074,65 and over,110,1,109
S01009075,All people aged 3 and over,526,4,522
S01009075,3 to 15,73,1,72
S01009075,16 to 24,49,0,49
S01009075,25 to 34,49,0,49
S01009075,35 to 49,127,1,126
S01009075,50 to 64,136,2,134
S01009075,65 and over,92,0,92
S01009076,All people aged 3 and over,890,4,886
S01009076,3 to 15,122,2,120
S01009076,16 to 24,102,0,102
S01009076,25 to 34,148,0,148
S01009076,35 to 49,212,0,212
S01009076,50 to 64,236,2,234
S01009076,65 and over,70,0,70
S01009077,All people aged 3 and over,607,4,603
S01009077,3 to 15,86,0,86
S01009077,16 to 24,73,0,73
S01009077,25 to 34,80,0,80
S01009077,35 to 49,105,1,104
S01009077,50 to 64,166,3,163
S01009077,65 and over,97,0,97
S01009078,All people aged 3 and over,771,8,763
S01009078,3 to 15,200,2,198
S01009078,16 to 24,56,0,56
S01009078,25 to 34,122,0,122
S01009078,35 to 49,273,5,268
S01009078,50 to 64,97,1,96
S01009078,65 and over,23,0,23
S01009079,All people aged 3 and over,862,7,855
S01009079,3 to 15,105,1,104
S01009079,16 to 24,100,0,100
S01009079,25 to 34,91,0,91
S01009079,35 to 49,172,4,168
S01009079,50 to 64,189,2,187
S01009079,65 and over,205,0,205
S01009080,All people aged 3 and over,910,3,907
S01009080,3 to 15,135,0,135
S01009080,16 to 24,88,0,88
S01009080,25 to 34,96,0,96
S01009080,35 to 49,178,1,177
S01009080,50 to 64,240,1,239
S01009080,65 and over,173,1,172
S01009081,All people aged 3 and over,641,0,641
S01009081,3 to 15,76,0,76
S01009081,16 to 24,53,0,53
S01009081,25 to 34,77,0,77
S01009081,35 to 49,150,0,150
S01009081,50 to 64,145,0,145
S01009081,65 and over,140,0,140
S01009082,All people aged 3 and over,987,10,977
S01009082,3 to 15,155,1,154
S01009082,16 to 24,101,0,101
S01009082,25 to 34,114,1,113
S01009082,35 to 49,235,3,232
S01009082,50 to 64,208,4,204
S01009082,65 and over,174,1,173
S01009083,All people aged 3 and over,751,6,745
S01009083,3 to 15,126,0,126
S01009083,16 to 24,59,2,57
S01009083,25 to 34,108,3,105
S01009083,35 to 49,170,1,169
S01009083,50 to 64,177,0,177
S01009083,65 and over,111,0,111
S01009084,All people aged 3 and over,498,6,492
S01009084,3 to 15,113,2,111
S01009084,16 to 24,38,0,38
S01009084,25 to 34,59,0,59
S01009084,35 to 49,143,1,142
S01009084,50 to 64,86,2,84
S01009084,65 and over,59,1,58
S01009085,All people aged 3 and over,777,7,770
S01009085,3 to 15,202,2,200
S01009085,16 to 24,77,1,76
S01009085,25 to 34,144,0,144
S01009085,35 to 49,266,3,263
S01009085,50 to 64,75,0,75
S01009085,65 and over,13,1,12
S01009086,All people aged 3 and over,678,8,670
S01009086,3 to 15,114,0,114
S01009086,16 to 24,52,0,52
S01009086,25 to 34,98,1,97
S01009086,35 to 49,174,2,172
S01009086,50 to 64,143,4,139
S01009086,65 and over,97,1,96
S01009087,All people aged 3 and over,557,5,552
S01009087,3 to 15,83,0,83
S01009087,16 to 24,70,1,69
S01009087,25 to 34,54,0,54
S01009087,35 to 49,161,2,159
S01009087,50 to 64,102,2,100
S01009087,65 and over,87,0,87
S01009088,All people aged 3 and over,989,5,984
S01009088,3 to 15,151,1,150
S01009088,16 to 24,97,0,97
S01009088,25 to 34,97,0,97
S01009088,35 to 49,243,1,242
S01009088,50 to 64,241,2,239
S01009088,65 and over,160,1,159
S01009089,All people aged 3 and over,916,8,908
S01009089,3 to 15,224,4,220
S01009089,16 to 24,84,1,83
S01009089,25 to 34,90,0,90
S01009089,35 to 49,336,2,334
S01009089,50 to 64,125,0,125
S01009089,65 and over,57,1,56
S01009090,All people aged 3 and over,762,8,754
S01009090,3 to 15,119,1,118
S01009090,16 to 24,72,1,71
S01009090,25 to 34,240,4,236
S01009090,35 to 49,224,1,223
S01009090,50 to 64,71,1,70
S01009090,65 and over,36,0,36
S01009091,All people aged 3 and over,682,13,669
S01009091,3 to 15,206,9,197
S01009091,16 to 24,57,0,57
S01009091,25 to 34,57,0,57
S01009091,35 to 49,274,4,270
S01009091,50 to 64,75,0,75
S01009091,65 and over,13,0,13
S01009092,All people aged 3 and over,1016,6,1010
S01009092,3 to 15,144,0,144
S01009092,16 to 24,96,2,94
S01009092,25 to 34,132,2,130
S01009092,35 to 49,225,0,225
S01009092,50 to 64,207,1,206
S01009092,65 and over,212,1,211
S01009093,All people aged 3 and over,727,12,715
S01009093,3 to 15,127,3,124
S01009093,16 to 24,104,1,103
S01009093,25 to 34,134,2,132
S01009093,35 to 49,149,1,148
S01009093,50 to 64,127,2,125
S01009093,65 and over,86,3,83
S01009094,All people aged 3 and over,670,4,666
S01009094,3 to 15,94,0,94
S01009094,16 to 24,45,0,45
S01009094,25 to 34,34,0,34
S01009094,35 to 49,156,1,155
S01009094,50 to 64,132,1,131
S01009094,65 and over,209,2,207
S01009095,All people aged 3 and over,775,8,767
S01009095,3 to 15,111,1,110
S01009095,16 to 24,68,0,68
S01009095,25 to 34,78,0,78
S01009095,35 to 49,190,5,185
S01009095,50 to 64,189,1,188
S01009095,65 and over,139,1,138
S01009096,All people aged 3 and over,946,9,937
S01009096,3 to 15,167,1,166
S01009096,16 to 24,78,0,78
S01009096,25 to 34,151,2,149
S01009096,35 to 49,279,4,275
S01009096,50 to 64,112,2,110
S01009096,65 and over,159,0,159
S01009097,All people aged 3 and over,866,4,862
S01009097,3 to 15,167,0,167
S01009097,16 to 24,88,0,88
S01009097,25 to 34,86,0,86
S01009097,35 to 49,277,2,275
S01009097,50 to 64,163,1,162
S01009097,65 and over,85,1,84
S01009098,All people aged 3 and over,511,4,507
S01009098,3 to 15,85,0,85
S01009098,16 to 24,45,0,45
S01009098,25 to 34,25,0,25
S01009098,35 to 49,127,0,127
S01009098,50 to 64,128,3,125
S01009098,65 and over,101,1,100
S01009099,All people aged 3 and over,739,11,728
S01009099,3 to 15,77,4,73
S01009099,16 to 24,73,0,73
S01009099,25 to 34,73,0,73
S01009099,35 to 49,166,3,163
S01009099,50 to 64,165,2,163
S01009099,65 and over,185,2,183
S01009100,All people aged 3 and over,750,6,744
S01009100,3 to 15,99,1,98
S01009100,16 to 24,65,1,64
S01009100,25 to 34,99,2,97
S01009100,35 to 49,137,0,137
S01009100,50 to 64,160,1,159
S01009100,65 and over,190,1,189
S01009101,All people aged 3 and over,907,10,897
S01009101,3 to 15,144,2,142
S01009101,16 to 24,133,2,131
S01009101,25 to 34,97,2,95
S01009101,35 to 49,210,1,209
S01009101,50 to 64,187,1,186
S01009101,65 and over,136,2,134
S01009102,All people aged 3 and over,780,4,776
S01009102,3 to 15,180,0,180
S01009102,16 to 24,114,0,114
S01009102,25 to 34,108,0,108
S01009102,35 to 49,179,1,178
S01009102,50 to 64,140,3,137
S01009102,65 and over,59,0,59
S01009103,All people aged 3 and over,558,7,551
S01009103,3 to 15,71,2,69
S01009103,16 to 24,63,0,63
S01009103,25 to 34,30,1,29
S01009103,35 to 49,130,2,128
S01009103,50 to 64,150,0,150
S01009103,65 and over,114,2,112
S01009104,All people aged 3 and over,756,6,750
S01009104,3 to 15,106,2,104
S01009104,16 to 24,83,0,83
S01009104,25 to 34,94,1,93
S01009104,35 to 49,166,0,166
S01009104,50 to 64,181,2,179
S01009104,65 and over,126,1,125
S01009105,All people aged 3 and over,774,13,761
S01009105,3 to 15,135,1,134
S01009105,16 to 24,85,1,84
S01009105,25 to 34,85,1,84
S01009105,35 to 49,208,4,204
S01009105,50 to 64,150,4,146
S01009105,65 and over,111,2,109
S01009106,All people aged 3 and over,533,3,530
S01009106,3 to 15,76,2,74
S01009106,16 to 24,45,0,45
S01009106,25 to 34,83,1,82
S01009106,35 to 49,125,0,125
S01009106,50 to 64,96,0,96
S01009106,65 and over,108,0,108
S01009107,All people aged 3 and over,814,5,809
S01009107,3 to 15,142,0,142
S01009107,16 to 24,77,0,77
S01009107,25 to 34,105,1,104
S01009107,35 to 49,215,3,212
S01009107,50 to 64,170,1,169
S01009107,65 and over,105,0,105
S01009108,All people aged 3 and over,694,2,692
S01009108,3 to 15,82,1,81
S01009108,16 to 24,70,0,70
S01009108,25 to 34,77,0,77
S01009108,35 to 49,148,1,147
S01009108,50 to 64,170,0,170
S01009108,65 and over,147,0,147
S01009109,All people aged 3 and over,662,12,650
S01009109,3 to 15,93,4,89
S01009109,16 to 24,81,1,80
S01009109,25 to 34,43,0,43
S01009109,35 to 49,149,2,147
S01009109,50 to 64,216,4,212
S01009109,65 and over,80,1,79
S01009110,All people aged 3 and over,588,6,582
S01009110,3 to 15,89,2,87
S01009110,16 to 24,51,0,51
S01009110,25 to 34,63,1,62
S01009110,35 to 49,136,1,135
S01009110,50 to 64,120,0,120
S01009110,65 and over,129,2,127
S01009111,All people aged 3 and over,811,8,803
S01009111,3 to 15,113,0,113
S01009111,16 to 24,106,3,103
S01009111,25 to 34,105,1,104
S01009111,35 to 49,203,2,201
S01009111,50 to 64,212,2,210
S01009111,65 and over,72,0,72
S01009112,All people aged 3 and over,544,3,541
S01009112,3 to 15,74,0,74
S01009112,16 to 24,42,0,42
S01009112,25 to 34,27,0,27
S01009112,35 to 49,141,0,141
S01009112,50 to 64,130,2,128
S01009112,65 and over,130,1,129
S01009113,All people aged 3 and over,912,11,901
S01009113,3 to 15,122,2,120
S01009113,16 to 24,95,3,92
S01009113,25 to 34,86,0,86
S01009113,35 to 49,198,4,194
S01009113,50 to 64,199,1,198
S01009113,65 and over,212,1,211
S01009114,All people aged 3 and over,759,9,750
S01009114,3 to 15,144,2,142
S01009114,16 to 24,94,1,93
S01009114,25 to 34,87,0,87
S01009114,35 to 49,253,3,250
S01009114,50 to 64,119,2,117
S01009114,65 and over,62,1,61
S01009115,All people aged 3 and over,560,3,557
S01009115,3 to 15,86,1,85
S01009115,16 to 24,77,0,77
S01009115,25 to 34,83,1,82
S01009115,35 to 49,139,0,139
S01009115,50 to 64,115,1,114
S01009115,65 and over,60,0,60
S01009116,All people aged 3 and over,458,1,457
S01009116,3 to 15,53,0,53
S01009116,16 to 24,55,0,55
S01009116,25 to 34,33,0,33
S01009116,35 to 49,109,0,109
S01009116,50 to 64,135,0,135
S01009116,65 and over,73,1,72
S01009117,All people aged 3 and over,822,7,815
S01009117,3 to 15,151,1,150
S01009117,16 to 24,67,1,66
S01009117,25 to 34,143,0,143
S01009117,35 to 49,231,4,227
S01009117,50 to 64,129,0,129
S01009117,65 and over,101,1,100
S01009118,All people aged 3 and over,607,1,606
S01009118,3 to 15,136,1,135
S01009118,16 to 24,74,0,74
S01009118,25 to 34,66,0,66
S01009118,35 to 49,201,0,201
S01009118,50 to 64,95,0,95
S01009118,65 and over,35,0,35
S01009119,All people aged 3 and over,722,1,721
S01009119,3 to 15,122,0,122
S01009119,16 to 24,86,0,86
S01009119,25 to 34,94,0,94
S01009119,35 to 49,157,0,157
S01009119,50 to 64,149,1,148
S01009119,65 and over,114,0,114
S01009120,All people aged 3 and over,517,5,512
S01009120,3 to 15,73,0,73
S01009120,16 to 24,65,0,65
S01009120,25 to 34,76,2,74
S01009120,35 to 49,115,1,114
S01009120,50 to 64,111,1,110
S01009120,65 and over,77,1,76
S01009121,All people aged 3 and over,785,6,779
S01009121,3 to 15,95,0,95
S01009121,16 to 24,87,1,86
S01009121,25 to 34,127,2,125
S01009121,35 to 49,167,2,165
S01009121,50 to 64,167,1,166
S01009121,65 and over,142,0,142
S01009122,All people aged 3 and over,898,11,887
S01009122,3 to 15,120,1,119
S01009122,16 to 24,91,0,91
S01009122,25 to 34,87,1,86
S01009122,35 to 49,209,7,202
S01009122,50 to 64,235,1,234
S01009122,65 and over,156,1,155
S01009123,All people aged 3 and over,548,3,545
S01009123,3 to 15,102,1,101
S01009123,16 to 24,56,0,56
S01009123,25 to 34,68,0,68
S01009123,35 to 49,159,1,158
S01009123,50 to 64,114,1,113
S01009123,65 and over,49,0,49
S01009124,All people aged 3 and over,553,5,548
S01009124,3 to 15,146,1,145
S01009124,16 to 24,30,0,30
S01009124,25 to 34,80,1,79
S01009124,35 to 49,159,2,157
S01009124,50 to 64,85,0,85
S01009124,65 and over,53,1,52
S01009125,All people aged 3 and over,700,8,692
S01009125,3 to 15,92,0,92
S01009125,16 to 24,53,0,53
S01009125,25 to 34,59,0,59
S01009125,35 to 49,145,2,143
S01009125,50 to 64,152,4,148
S01009125,65 and over,199,2,197
S01009126,All people aged 3 and over,551,4,547
S01009126,3 to 15,90,0,90
S01009126,16 to 24,102,1,101
S01009126,25 to 34,74,0,74
S01009126,35 to 49,122,1,121
S01009126,50 to 64,96,2,94
S01009126,65 and over,67,0,67
S01009127,All people aged 3 and over,581,8,573
S01009127,3 to 15,118,0,118
S01009127,16 to 24,90,2,88
S01009127,25 to 34,88,3,85
S01009127,35 to 49,135,2,133
S01009127,50 to 64,106,0,106
S01009127,65 and over,44,1,43
S01009128,All people aged 3 and over,773,6,767
S01009128,3 to 15,86,0,86
S01009128,16 to 24,103,1,102
S01009128,25 to 34,101,0,101
S01009128,35 to 49,165,1,164
S01009128,50 to 64,147,1,146
S01009128,65 and over,171,3,168
S01009129,All people aged 3 and over,474,1,473
S01009129,3 to 15,88,0,88
S01009129,16 to 24,62,0,62
S01009129,25 to 34,56,0,56
S01009129,35 to 49,123,0,123
S01009129,50 to 64,89,1,88
S01009129,65 and over,56,0,56
S01009130,All people aged 3 and over,613,2,611
S01009130,3 to 15,109,0,109
S01009130,16 to 24,81,0,81
S01009130,25 to 34,102,2,100
S01009130,35 to 49,178,0,178
S01009130,50 to 64,82,0,82
S01009130,65 and over,61,0,61
S01009131,All people aged 3 and over,465,7,458
S01009131,3 to 15,52,1,51
S01009131,16 to 24,57,0,57
S01009131,25 to 34,64,3,61
S01009131,35 to 49,102,1,101
S01009131,50 to 64,93,0,93
S01009131,65 and over,97,2,95
S01009132,All people aged 3 and over,781,6,775
S01009132,3 to 15,148,1,147
S01009132,16 to 24,87,2,85
S01009132,25 to 34,114,1,113
S01009132,35 to 49,230,2,228
S01009132,50 to 64,152,0,152
S01009132,65 and over,50,0,50
S01009133,All people aged 3 and over,544,7,537
S01009133,3 to 15,64,1,63
S01009133,16 to 24,52,0,52
S01009133,25 to 34,99,2,97
S01009133,35 to 49,141,1,140
S01009133,50 to 64,109,3,106
S01009133,65 and over,79,0,79
S01009134,All people aged 3 and over,886,11,875
S01009134,3 to 15,122,2,120
S01009134,16 to 24,90,0,90
S01009134,25 to 34,90,1,89
S01009134,35 to 49,245,4,241
S01009134,50 to 64,174,1,173
S01009134,65 and over,165,3,162
S01009135,All people aged 3 and over,545,5,540
S01009135,3 to 15,98,1,97
S01009135,16 to 24,74,1,73
S01009135,25 to 34,109,0,109
S01009135,35 to 49,166,3,163
S01009135,50 to 64,77,0,77
S01009135,65 and over,21,0,21
S01009136,All people aged 3 and over,743,8,735
S01009136,3 to 15,123,4,119
S01009136,16 to 24,80,2,78
S01009136,25 to 34,100,0,100
S01009136,35 to 49,209,1,208
S01009136,50 to 64,83,0,83
S01009136,65 and over,148,1,147
S01009137,All people aged 3 and over,576,3,573
S01009137,3 to 15,139,1,138
S01009137,16 to 24,58,0,58
S01009137,25 to 34,99,0,99
S01009137,35 to 49,213,2,211
S01009137,50 to 64,55,0,55
S01009137,65 and over,12,0,12
S01009138,All people aged 3 and over,817,2,815
S01009138,3 to 15,105,1,104
S01009138,16 to 24,75,1,74
S01009138,25 to 34,138,0,138
S01009138,35 to 49,226,0,226
S01009138,50 to 64,181,0,181
S01009138,65 and over,92,0,92
S01009139,All people aged 3 and over,392,4,388
S01009139,3 to 15,42,0,42
S01009139,16 to 24,49,0,49
S01009139,25 to 34,83,2,81
S01009139,35 to 49,107,0,107
S01009139,50 to 64,77,2,75
S01009139,65 and over,34,0,34
S01009140,All people aged 3 and over,682,6,676
S01009140,3 to 15,66,0,66
S01009140,16 to 24,87,2,85
S01009140,25 to 34,116,0,116
S01009140,35 to 49,172,3,169
S01009140,50 to 64,138,0,138
S01009140,65 and over,103,1,102
S01009141,All people aged 3 and over,798,15,783
S01009141,3 to 15,79,3,76
S01009141,16 to 24,62,0,62
S01009141,25 to 34,149,1,148
S01009141,35 to 49,209,5,204
S01009141,50 to 64,154,4,150
S01009141,65 and over,145,2,143
S01009142,All people aged 3 and over,589,5,584
S01009142,3 to 15,41,0,41
S01009142,16 to 24,69,2,67
S01009142,25 to 34,101,0,101
S01009142,35 to 49,155,0,155
S01009142,50 to 64,114,3,111
S01009142,65 and over,109,0,109
S01009143,All people aged 3 and over,580,4,576
S01009143,3 to 15,79,0,79
S01009143,16 to 24,73,0,73
S01009143,25 to 34,65,0,65
S01009143,35 to 49,127,1,126
S01009143,50 to 64,108,1,107
S01009143,65 and over,128,2,126
S01009144,All people aged 3 and over,630,3,627
S01009144,3 to 15,88,1,87
S01009144,16 to 24,88,0,88
S01009144,25 to 34,180,1,179
S01009144,35 to 49,181,1,180
S01009144,50 to 64,71,0,71
S01009144,65 and over,22,0,22
S01009145,All people aged 3 and over,1016,3,1013
S01009145,3 to 15,133,0,133
S01009145,16 to 24,83,0,83
S01009145,25 to 34,126,1,125
S01009145,35 to 49,205,0,205
S01009145,50 to 64,220,2,218
S01009145,65 and over,249,0,249
S01009146,All people aged 3 and over,874,7,867
S01009146,3 to 15,116,0,116
S01009146,16 to 24,122,0,122
S01009146,25 to 34,151,0,151
S01009146,35 to 49,198,4,194
S01009146,50 to 64,159,1,158
S01009146,65 and over,128,2,126
S01009147,All people aged 3 and over,793,6,787
S01009147,3 to 15,145,0,145
S01009147,16 to 24,92,3,89
S01009147,25 to 34,123,1,122
S01009147,35 to 49,186,0,186
S01009147,50 to 64,116,2,114
S01009147,65 and over,131,0,131
S01009148,All people aged 3 and over,676,3,673
S01009148,3 to 15,127,0,127
S01009148,16 to 24,100,1,99
S01009148,25 to 34,55,0,55
S01009148,35 to 49,168,1,167
S01009148,50 to 64,125,1,124
S01009148,65 and over,101,0,101
S01009149,All people aged 3 and over,773,7,766
S01009149,3 to 15,91,0,91
S01009149,16 to 24,80,0,80
S01009149,25 to 34,116,1,115
S01009149,35 to 49,184,2,182
S01009149,50 to 64,166,2,164
S01009149,65 and over,136,2,134
S01009150,All people aged 3 and over,746,5,741
S01009150,3 to 15,1,0,1
S01009150,16 to 24,1,0,1
S01009150,25 to 34,6,0,6
S01009150,35 to 49,29,0,29
S01009150,50 to 64,158,4,154
S01009150,65 and over,551,1,550
S01009151,All people aged 3 and over,870,5,865
S01009151,3 to 15,104,0,104
S01009151,16 to 24,75,0,75
S01009151,25 to 34,87,2,85
S01009151,35 to 49,163,1,162
S01009151,50 to 64,136,0,136
S01009151,65 and over,305,2,303
S01009152,All people aged 3 and over,655,2,653
S01009152,3 to 15,30,0,30
S01009152,16 to 24,57,0,57
S01009152,25 to 34,94,0,94
S01009152,35 to 49,118,1,117
S01009152,50 to 64,126,0,126
S01009152,65 and over,230,1,229
S01009153,All people aged 3 and over,456,3,453
S01009153,3 to 15,36,0,36
S01009153,16 to 24,49,1,48
S01009153,25 to 34,113,1,112
S01009153,35 to 49,107,0,107
S01009153,50 to 64,77,0,77
S01009153,65 and over,74,1,73
S01009154,All people aged 3 and over,947,6,941
S01009154,3 to 15,95,0,95
S01009154,16 to 24,87,0,87
S01009154,25 to 34,109,1,108
S01009154,35 to 49,214,2,212
S01009154,50 to 64,163,2,161
S01009154,65 and over,279,1,278
S01009155,All people aged 3 and over,553,6,547
S01009155,3 to 15,103,1,102
S01009155,16 to 24,37,0,37
S01009155,25 to 34,36,0,36
S01009155,35 to 49,161,1,160
S01009155,50 to 64,110,0,110
S01009155,65 and over,106,4,102
S01009156,All people aged 3 and over,528,4,524
S01009156,3 to 15,67,0,67
S01009156,16 to 24,50,0,50
S01009156,25 to 34,37,2,35
S01009156,35 to 49,128,1,127
S01009156,50 to 64,125,0,125
S01009156,65 and over,121,1,120
S01009157,All people aged 3 and over,816,7,809
S01009157,3 to 15,132,1,131
S01009157,16 to 24,73,0,73
S01009157,25 to 34,76,0,76
S01009157,35 to 49,206,5,201
S01009157,50 to 64,167,1,166
S01009157,65 and over,162,0,162
S01009158,All people aged 3 and over,540,8,532
S01009158,3 to 15,75,2,73
S01009158,16 to 24,45,0,45
S01009158,25 to 34,111,1,110
S01009158,35 to 49,108,0,108
S01009158,50 to 64,82,1,81
S01009158,65 and over,119,4,115
S01009159,All people aged 3 and over,495,3,492
S01009159,3 to 15,96,0,96
S01009159,16 to 24,67,0,67
S01009159,25 to 34,50,0,50
S01009159,35 to 49,125,2,123
S01009159,50 to 64,92,1,91
S01009159,65 and over,65,0,65
S01009160,All people aged 3 and over,655,11,644
S01009160,3 to 15,72,1,71
S01009160,16 to 24,59,2,57
S01009160,25 to 34,93,3,90
S01009160,35 to 49,154,0,154
S01009160,50 to 64,125,5,120
S01009160,65 and over,152,0,152
S01009161,All people aged 3 and over,622,7,615
S01009161,3 to 15,79,0,79
S01009161,16 to 24,78,0,78
S01009161,25 to 34,84,1,83
S01009161,35 to 49,123,1,122
S01009161,50 to 64,113,2,111
S01009161,65 and over,145,3,142
S01009162,All people aged 3 and over,686,3,683
S01009162,3 to 15,43,1,42
S01009162,16 to 24,74,0,74
S01009162,25 to 34,106,2,104
S01009162,35 to 49,185,0,185
S01009162,50 to 64,149,0,149
S01009162,65 and over,129,0,129
S01009163,All people aged 3 and over,475,3,472
S01009163,3 to 15,35,0,35
S01009163,16 to 24,55,0,55
S01009163,25 to 34,52,0,52
S01009163,35 to 49,100,2,98
S01009163,50 to 64,106,1,105
S01009163,65 and over,127,0,127
S01009164,All people aged 3 and over,719,5,714
S01009164,3 to 15,121,0,121
S01009164,16 to 24,83,2,81
S01009164,25 to 34,99,0,99
S01009164,35 to 49,165,2,163
S01009164,50 to 64,134,1,133
S01009164,65 and over,117,0,117
S01009165,All people aged 3 and over,697,3,694
S01009165,3 to 15,106,0,106
S01009165,16 to 24,108,0,108
S01009165,25 to 34,101,0,101
S01009165,35 to 49,166,3,163
S01009165,50 to 64,119,0,119
S01009165,65 and over,97,0,97
S01009166,All people aged 3 and over,803,5,798
S01009166,3 to 15,130,1,129
S01009166,16 to 24,110,1,109
S01009166,25 to 34,105,2,103
S01009166,35 to 49,184,1,183
S01009166,50 to 64,163,0,163
S01009166,65 and over,111,0,111
S01009167,All people aged 3 and over,535,0,535
S01009167,3 to 15,125,0,125
S01009167,16 to 24,64,0,64
S01009167,25 to 34,69,0,69
S01009167,35 to 49,132,0,132
S01009167,50 to 64,84,0,84
S01009167,65 and over,61,0,61
S01009168,All people aged 3 and over,623,2,621
S01009168,3 to 15,61,0,61
S01009168,16 to 24,60,1,59
S01009168,25 to 34,52,0,52
S01009168,35 to 49,117,0,117
S01009168,50 to 64,173,1,172
S01009168,65 and over,160,0,160
S01009169,All people aged 3 and over,747,6,741
S01009169,3 to 15,58,1,57
S01009169,16 to 24,57,0,57
S01009169,25 to 34,70,2,68
S01009169,35 to 49,96,1,95
S01009169,50 to 64,159,1,158
S01009169,65 and over,307,1,306
S01009170,All people aged 3 and over,652,4,648
S01009170,3 to 15,123,2,121
S01009170,16 to 24,75,0,75
S01009170,25 to 34,88,1,87
S01009170,35 to 49,159,1,158
S01009170,50 to 64,135,0,135
S01009170,65 and over,72,0,72
S01009171,All people aged 3 and over,637,6,631
S01009171,3 to 15,108,1,107
S01009171,16 to 24,59,0,59
S01009171,25 to 34,120,0,120
S01009171,35 to 49,156,1,155
S01009171,50 to 64,133,2,131
S01009171,65 and over,61,2,59
S01009172,All people aged 3 and over,639,4,635
S01009172,3 to 15,83,0,83
S01009172,16 to 24,71,1,70
S01009172,25 to 34,57,0,57
S01009172,35 to 49,170,0,170
S01009172,50 to 64,148,2,146
S01009172,65 and over,110,1,109
S01009173,All people aged 3 and over,739,4,735
S01009173,3 to 15,113,1,112
S01009173,16 to 24,64,0,64
S01009173,25 to 34,72,0,72
S01009173,35 to 49,193,2,191
S01009173,50 to 64,179,1,178
S01009173,65 and over,118,0,118
S01009174,All people aged 3 and over,443,3,440
S01009174,3 to 15,97,1,96
S01009174,16 to 24,34,0,34
S01009174,25 to 34,78,0,78
S01009174,35 to 49,174,0,174
S01009174,50 to 64,48,0,48
S01009174,65 and over,12,2,10
S01009175,All people aged 3 and over,812,7,805
S01009175,3 to 15,175,1,174
S01009175,16 to 24,76,0,76
S01009175,25 to 34,97,2,95
S01009175,35 to 49,265,4,261
S01009175,50 to 64,167,0,167
S01009175,65 and over,32,0,32
S01009176,All people aged 3 and over,957,12,945
S01009176,3 to 15,156,1,155
S01009176,16 to 24,61,0,61
S01009176,25 to 34,65,1,64
S01009176,35 to 49,247,4,243
S01009176,50 to 64,204,1,203
S01009176,65 and over,224,5,219
S01009177,All people aged 3 and over,791,15,776
S01009177,3 to 15,143,0,143
S01009177,16 to 24,96,3,93
S01009177,25 to 34,121,0,121
S01009177,35 to 49,161,5,156
S01009177,50 to 64,202,6,196
S01009177,65 and over,68,1,67
S01009178,All people aged 3 and over,701,8,693
S01009178,3 to 15,133,0,133
S01009178,16 to 24,98,0,98
S01009178,25 to 34,119,1,118
S01009178,35 to 49,162,4,158
S01009178,50 to 64,131,2,129
S01009178,65 and over,58,1,57
S01009179,All people aged 3 and over,658,7,651
S01009179,3 to 15,119,0,119
S01009179,16 to 24,74,1,73
S01009179,25 to 34,93,0,93
S01009179,35 to 49,132,1,131
S01009179,50 to 64,178,3,175
S01009179,65 and over,62,2,60
S01009180,All people aged 3 and over,940,4,936
S01009180,3 to 15,135,1,134
S01009180,16 to 24,112,0,112
S01009180,25 to 34,138,1,137
S01009180,35 to 49,191,1,190
S01009180,50 to 64,206,1,205
S01009180,65 and over,158,0,158
S01009181,All people aged 3 and over,830,0,830
S01009181,3 to 15,139,0,139
S01009181,16 to 24,89,0,89
S01009181,25 to 34,88,0,88
S01009181,35 to 49,205,0,205
S01009181,50 to 64,158,0,158
S01009181,65 and over,151,0,151
S01009182,All people aged 3 and over,979,9,970
S01009182,3 to 15,171,0,171
S01009182,16 to 24,98,1,97
S01009182,25 to 34,117,0,117
S01009182,35 to 49,254,4,250
S01009182,50 to 64,207,2,205
S01009182,65 and over,132,2,130
S01009183,All people aged 3 and over,720,12,708
S01009183,3 to 15,122,1,121
S01009183,16 to 24,93,3,90
S01009183,25 to 34,106,2,104
S01009183,35 to 49,186,2,184
S01009183,50 to 64,166,3,163
S01009183,65 and over,47,1,46
S01009184,All people aged 3 and over,841,9,832
S01009184,3 to 15,148,0,148
S01009184,16 to 24,84,0,84
S01009184,25 to 34,90,2,88
S01009184,35 to 49,195,3,192
S01009184,50 to 64,164,2,162
S01009184,65 and over,160,2,158
S01009185,All people aged 3 and over,862,4,858
S01009185,3 to 15,166,1,165
S01009185,16 to 24,117,1,116
S01009185,25 to 34,75,1,74
S01009185,35 to 49,205,0,205
S01009185,50 to 64,184,1,183
S01009185,65 and over,115,0,115
S01009186,All people aged 3 and over,782,6,776
S01009186,3 to 15,126,0,126
S01009186,16 to 24,95,0,95
S01009186,25 to 34,101,1,100
S01009186,35 to 49,203,2,201
S01009186,50 to 64,131,1,130
S01009186,65 and over,126,2,124
S01009187,All people aged 3 and over,496,3,493
S01009187,3 to 15,78,0,78
S01009187,16 to 24,32,0,32
S01009187,25 to 34,39,0,39
S01009187,35 to 49,121,1,120
S01009187,50 to 64,138,1,137
S01009187,65 and over,88,1,87
S01009188,All people aged 3 and over,861,6,855
S01009188,3 to 15,148,1,147
S01009188,16 to 24,89,0,89
S01009188,25 to 34,90,0,90
S01009188,35 to 49,224,1,223
S01009188,50 to 64,181,2,179
S01009188,65 and over,129,2,127
S01009189,All people aged 3 and over,741,5,736
S01009189,3 to 15,131,1,130
S01009189,16 to 24,88,2,86
S01009189,25 to 34,97,1,96
S01009189,35 to 49,146,1,145
S01009189,50 to 64,166,0,166
S01009189,65 and over,113,0,113
S01009190,All people aged 3 and over,771,5,766
S01009190,3 to 15,132,0,132
S01009190,16 to 24,69,0,69
S01009190,25 to 34,127,2,125
S01009190,35 to 49,220,1,219
S01009190,50 to 64,145,2,143
S01009190,65 and over,78,0,78
S01009191,All people aged 3 and over,692,3,689
S01009191,3 to 15,193,1,192
S01009191,16 to 24,69,0,69
S01009191,25 to 34,79,0,79
S01009191,35 to 49,259,1,258
S01009191,50 to 64,84,1,83
S01009191,65 and over,8,0,8
S01009192,All people aged 3 and over,1088,22,1066
S01009192,3 to 15,94,0,94
S01009192,16 to 24,537,20,517
S01009192,25 to 34,72,1,71
S01009192,35 to 49,153,0,153
S01009192,50 to 64,114,0,114
S01009192,65 and over,118,1,117
S01009193,All people aged 3 and over,289,0,289
S01009193,3 to 15,49,0,49
S01009193,16 to 24,24,0,24
S01009193,25 to 34,85,0,85
S01009193,35 to 49,84,0,84
S01009193,50 to 64,38,0,38
S01009193,65 and over,9,0,9
S01009194,All people aged 3 and over,776,6,770
S01009194,3 to 15,103,1,102
S01009194,16 to 24,73,0,73
S01009194,25 to 34,34,0,34
S01009194,35 to 49,192,0,192
S01009194,50 to 64,228,1,227
S01009194,65 and over,146,4,142
S01009195,All people aged 3 and over,821,5,816
S01009195,3 to 15,142,0,142
S01009195,16 to 24,66,1,65
S01009195,25 to 34,138,0,138
S01009195,35 to 49,261,0,261
S01009195,50 to 64,106,3,103
S01009195,65 and over,108,1,107
S01009196,All people aged 3 and over,673,1,672
S01009196,3 to 15,89,0,89
S01009196,16 to 24,83,0,83
S01009196,25 to 34,58,0,58
S01009196,35 to 49,160,1,159
S01009196,50 to 64,145,0,145
S01009196,65 and over,138,0,138
S01009197,All people aged 3 and over,973,15,958
S01009197,3 to 15,179,1,178
S01009197,16 to 24,75,0,75
S01009197,25 to 34,107,0,107
S01009197,35 to 49,327,8,319
S01009197,50 to 64,174,4,170
S01009197,65 and over,111,2,109
S01009198,All people aged 3 and over,705,2,703
S01009198,3 to 15,93,0,93
S01009198,16 to 24,73,1,72
S01009198,25 to 34,74,1,73
S01009198,35 to 49,147,0,147
S01009198,50 to 64,192,0,192
S01009198,65 and over,126,0,126
S01009199,All people aged 3 and over,606,8,598
S01009199,3 to 15,120,2,118
S01009199,16 to 24,59,0,59
S01009199,25 to 34,60,0,60
S01009199,35 to 49,175,3,172
S01009199,50 to 64,111,2,109
S01009199,65 and over,81,1,80
S01009200,All people aged 3 and over,1089,11,1078
S01009200,3 to 15,197,3,194
S01009200,16 to 24,81,2,79
S01009200,25 to 34,134,1,133
S01009200,35 to 49,277,3,274
S01009200,50 to 64,220,0,220
S01009200,65 and over,180,2,178
S01009201,All people aged 3 and over,606,8,598
S01009201,3 to 15,93,0,93
S01009201,16 to 24,86,0,86
S01009201,25 to 34,90,1,89
S01009201,35 to 49,149,3,146
S01009201,50 to 64,135,4,131
S01009201,65 and over,53,0,53
S01009202,All people aged 3 and over,510,1,509
S01009202,3 to 15,108,0,108
S01009202,16 to 24,55,0,55
S01009202,25 to 34,49,0,49
S01009202,35 to 49,154,0,154
S01009202,50 to 64,85,1,84
S01009202,65 and over,59,0,59
S01009203,All people aged 3 and over,597,4,593
S01009203,3 to 15,112,1,111
S01009203,16 to 24,68,0,68
S01009203,25 to 34,61,1,60
S01009203,35 to 49,137,0,137
S01009203,50 to 64,104,2,102
S01009203,65 and over,115,0,115
S01009204,All people aged 3 and over,857,5,852
S01009204,3 to 15,172,0,172
S01009204,16 to 24,126,1,125
S01009204,25 to 34,108,0,108
S01009204,35 to 49,223,3,220
S01009204,50 to 64,153,1,152
S01009204,65 and over,75,0,75
S01009205,All people aged 3 and over,680,5,675
S01009205,3 to 15,70,0,70
S01009205,16 to 24,77,0,77
S01009205,25 to 34,131,0,131
S01009205,35 to 49,146,3,143
S01009205,50 to 64,194,2,192
S01009205,65 and over,62,0,62
S01009206,All people aged 3 and over,785,4,781
S01009206,3 to 15,96,0,96
S01009206,16 to 24,88,0,88
S01009206,25 to 34,119,2,117
S01009206,35 to 49,210,0,210
S01009206,50 to 64,193,1,192
S01009206,65 and over,79,1,78
S01009207,All people aged 3 and over,748,9,739
S01009207,3 to 15,62,0,62
S01009207,16 to 24,46,0,46
S01009207,25 to 34,95,1,94
S01009207,35 to 49,126,0,126
S01009207,50 to 64,245,4,241
S01009207,65 and over,174,4,170
S01009208,All people aged 3 and over,611,3,608
S01009208,3 to 15,71,0,71
S01009208,16 to 24,58,0,58
S01009208,25 to 34,48,0,48
S01009208,35 to 49,117,1,116
S01009208,50 to 64,157,0,157
S01009208,65 and over,160,2,158
S01009209,All people aged 3 and over,643,6,637
S01009209,3 to 15,50,0,50
S01009209,16 to 24,43,2,41
S01009209,25 to 34,63,0,63
S01009209,35 to 49,99,0,99
S01009209,50 to 64,176,3,173
S01009209,65 and over,212,1,211
S01009210,All people aged 3 and over,554,7,547
S01009210,3 to 15,82,1,81
S01009210,16 to 24,46,0,46
S01009210,25 to 34,42,0,42
S01009210,35 to 49,150,3,147
S01009210,50 to 64,136,2,134
S01009210,65 and over,98,1,97
S01009211,All people aged 3 and over,602,4,598
S01009211,3 to 15,100,0,100
S01009211,16 to 24,68,0,68
S01009211,25 to 34,98,0,98
S01009211,35 to 49,143,2,141
S01009211,50 to 64,123,2,121
S01009211,65 and over,70,0,70
S01009212,All people aged 3 and over,800,0,800
S01009212,3 to 15,117,0,117
S01009212,16 to 24,89,0,89
S01009212,25 to 34,90,0,90
S01009212,35 to 49,153,0,153
S01009212,50 to 64,175,0,175
S01009212,65 and over,176,0,176
S01009213,All people aged 3 and over,857,4,853
S01009213,3 to 15,111,0,111
S01009213,16 to 24,122,0,122
S01009213,25 to 34,96,0,96
S01009213,35 to 49,208,1,207
S01009213,50 to 64,141,0,141
S01009213,65 and over,179,3,176
S01009214,All people aged 3 and over,976,1,975
S01009214,3 to 15,151,0,151
S01009214,16 to 24,92,0,92
S01009214,25 to 34,122,0,122
S01009214,35 to 49,223,0,223
S01009214,50 to 64,223,0,223
S01009214,65 and over,165,1,164
S01009215,All people aged 3 and over,903,10,893
S01009215,3 to 15,142,0,142
S01009215,16 to 24,81,1,80
S01009215,25 to 34,95,0,95
S01009215,35 to 49,225,4,221
S01009215,50 to 64,196,3,193
S01009215,65 and over,164,2,162
S01009216,All people aged 3 and over,863,6,857
S01009216,3 to 15,108,0,108
S01009216,16 to 24,116,0,116
S01009216,25 to 34,73,0,73
S01009216,35 to 49,214,2,212
S01009216,50 to 64,207,0,207
S01009216,65 and over,145,4,141
S01009217,All people aged 3 and over,593,3,590
S01009217,3 to 15,105,0,105
S01009217,16 to 24,82,0,82
S01009217,25 to 34,87,1,86
S01009217,35 to 49,145,0,145
S01009217,50 to 64,100,2,98
S01009217,65 and over,74,0,74
S01009218,All people aged 3 and over,808,1,807
S01009218,3 to 15,91,0,91
S01009218,16 to 24,76,0,76
S01009218,25 to 34,69,0,69
S01009218,35 to 49,186,1,185
S01009218,50 to 64,170,0,170
S01009218,65 and over,216,0,216
S01009219,All people aged 3 and over,622,3,619
S01009219,3 to 15,74,0,74
S01009219,16 to 24,68,0,68
S01009219,25 to 34,66,0,66
S01009219,35 to 49,149,1,148
S01009219,50 to 64,124,1,123
S01009219,65 and over,141,1,140
S01009220,All people aged 3 and over,535,2,533
S01009220,3 to 15,89,0,89
S01009220,16 to 24,50,0,50
S01009220,25 to 34,67,0,67
S01009220,35 to 49,104,0,104
S01009220,50 to 64,97,1,96
S01009220,65 and over,128,1,127
S01009221,All people aged 3 and over,547,7,540
S01009221,3 to 15,87,1,86
S01009221,16 to 24,63,2,61
S01009221,25 to 34,73,0,73
S01009221,35 to 49,117,1,116
S01009221,50 to 64,102,3,99
S01009221,65 and over,105,0,105
S01009222,All people aged 3 and over,506,4,502
S01009222,3 to 15,92,0,92
S01009222,16 to 24,63,1,62
S01009222,25 to 34,71,0,71
S01009222,35 to 49,117,1,116
S01009222,50 to 64,85,0,85
S01009222,65 and over,78,2,76
S01009223,All people aged 3 and over,531,5,526
S01009223,3 to 15,68,0,68
S01009223,16 to 24,51,0,51
S01009223,25 to 34,69,0,69
S01009223,35 to 49,115,3,112
S01009223,50 to 64,112,1,111
S01009223,65 and over,116,1,115
S01009224,All people aged 3 and over,594,8,586
S01009224,3 to 15,75,1,74
S01009224,16 to 24,69,1,68
S01009224,25 to 34,75,1,74
S01009224,35 to 49,149,4,145
S01009224,50 to 64,125,0,125
S01009224,65 and over,101,1,100
S01009225,All people aged 3 and over,515,4,511
S01009225,3 to 15,57,0,57
S01009225,16 to 24,48,0,48
S01009225,25 to 34,64,0,64
S01009225,35 to 49,107,2,105
S01009225,50 to 64,116,0,116
S01009225,65 and over,123,2,121
S01009226,All people aged 3 and over,871,4,867
S01009226,3 to 15,75,0,75
S01009226,16 to 24,77,0,77
S01009226,25 to 34,119,0,119
S01009226,35 to 49,186,1,185
S01009226,50 to 64,199,2,197
S01009226,65 and over,215,1,214
S01009227,All people aged 3 and over,569,5,564
S01009227,3 to 15,40,0,40
S01009227,16 to 24,50,0,50
S01009227,25 to 34,84,0,84
S01009227,35 to 49,87,0,87
S01009227,50 to 64,124,3,121
S01009227,65 and over,184,2,182
S01009228,All people aged 3 and over,580,4,576
S01009228,3 to 15,81,0,81
S01009228,16 to 24,71,0,71
S01009228,25 to 34,83,2,81
S01009228,35 to 49,116,2,114
S01009228,50 to 64,107,0,107
S01009228,65 and over,122,0,122
S01009229,All people aged 3 and over,564,5,559
S01009229,3 to 15,78,0,78
S01009229,16 to 24,49,1,48
S01009229,25 to 34,60,0,60
S01009229,35 to 49,131,3,128
S01009229,50 to 64,112,1,111
S01009229,65 and over,134,0,134
S01009230,All people aged 3 and over,546,6,540
S01009230,3 to 15,55,0,55
S01009230,16 to 24,45,0,45
S01009230,25 to 34,129,0,129
S01009230,35 to 49,135,4,131
S01009230,50 to 64,109,2,107
S01009230,65 and over,73,0,73
S01009231,All people aged 3 and over,939,5,934
S01009231,3 to 15,129,2,127
S01009231,16 to 24,85,0,85
S01009231,25 to 34,107,0,107
S01009231,35 to 49,223,1,222
S01009231,50 to 64,222,1,221
S01009231,65 and over,173,1,172
S01009232,All people aged 3 and over,548,8,540
S01009232,3 to 15,82,1,81
S01009232,16 to 24,89,1,88
S01009232,25 to 34,105,2,103
S01009232,35 to 49,140,4,136
S01009232,50 to 64,67,0,67
S01009232,65 and over,65,0,65
S01009233,All people aged 3 and over,559,0,559
S01009233,3 to 15,71,0,71
S01009233,16 to 24,51,0,51
S01009233,25 to 34,44,0,44
S01009233,35 to 49,116,0,116
S01009233,50 to 64,122,0,122
S01009233,65 and over,155,0,155
S01009234,All people aged 3 and over,945,11,934
S01009234,3 to 15,164,1,163
S01009234,16 to 24,141,5,136
S01009234,25 to 34,186,1,185
S01009234,35 to 49,200,3,197
S01009234,50 to 64,156,1,155
S01009234,65 and over,98,0,98
S01009235,All people aged 3 and over,897,6,891
S01009235,3 to 15,138,1,137
S01009235,16 to 24,108,0,108
S01009235,25 to 34,134,1,133
S01009235,35 to 49,224,3,221
S01009235,50 to 64,158,1,157
S01009235,65 and over,135,0,135
S01009236,All people aged 3 and over,475,2,473
S01009236,3 to 15,56,0,56
S01009236,16 to 24,36,0,36
S01009236,25 to 34,45,0,45
S01009236,35 to 49,99,2,97
S01009236,50 to 64,103,0,103
S01009236,65 and over,136,0,136
S01009237,All people aged 3 and over,851,7,844
S01009237,3 to 15,101,0,101
S01009237,16 to 24,106,1,105
S01009237,25 to 34,78,1,77
S01009237,35 to 49,197,3,194
S01009237,50 to 64,166,0,166
S01009237,65 and over,203,2,201
S01009238,All people aged 3 and over,720,6,714
S01009238,3 to 15,90,0,90
S01009238,16 to 24,103,2,101
S01009238,25 to 34,72,0,72
S01009238,35 to 49,145,3,142
S01009238,50 to 64,124,0,124
S01009238,65 and over,186,1,185
S01009239,All people aged 3 and over,840,5,835
S01009239,3 to 15,138,0,138
S01009239,16 to 24,101,0,101
S01009239,25 to 34,124,2,122
S01009239,35 to 49,204,0,204
S01009239,50 to 64,135,1,134
S01009239,65 and over,138,2,136
S01009240,All people aged 3 and over,638,13,625
S01009240,3 to 15,97,1,96
S01009240,16 to 24,108,1,107
S01009240,25 to 34,112,1,111
S01009240,35 to 49,137,4,133
S01009240,50 to 64,98,3,95
S01009240,65 and over,86,3,83
S01009241,All people aged 3 and over,853,4,849
S01009241,3 to 15,132,0,132
S01009241,16 to 24,129,0,129
S01009241,25 to 34,101,2,99
S01009241,35 to 49,200,1,199
S01009241,50 to 64,130,0,130
S01009241,65 and over,161,1,160
S01009242,All people aged 3 and over,710,3,707
S01009242,3 to 15,77,1,76
S01009242,16 to 24,88,0,88
S01009242,25 to 34,68,0,68
S01009242,35 to 49,158,0,158
S01009242,50 to 64,162,1,161
S01009242,65 and over,157,1,156
S01009243,All people aged 3 and over,962,7,955
S01009243,3 to 15,192,1,191
S01009243,16 to 24,85,1,84
S01009243,25 to 34,143,0,143
S01009243,35 to 49,228,5,223
S01009243,50 to 64,219,0,219
S01009243,65 and over,95,0,95
S01009244,All people aged 3 and over,797,3,794
S01009244,3 to 15,103,0,103
S01009244,16 to 24,68,0,68
S01009244,25 to 34,59,0,59
S01009244,35 to 49,189,1,188
S01009244,50 to 64,221,0,221
S01009244,65 and over,157,2,155
S01009245,All people aged 3 and over,805,8,797
S01009245,3 to 15,94,0,94
S01009245,16 to 24,82,2,80
S01009245,25 to 34,81,3,78
S01009245,35 to 49,185,2,183
S01009245,50 to 64,211,0,211
S01009245,65 and over,152,1,151
S01009246,All people aged 3 and over,791,2,789
S01009246,3 to 15,104,0,104
S01009246,16 to 24,72,0,72
S01009246,25 to 34,83,0,83
S01009246,35 to 49,176,2,174
S01009246,50 to 64,192,0,192
S01009246,65 and over,164,0,164
S01009247,All people aged 3 and over,978,4,974
S01009247,3 to 15,156,0,156
S01009247,16 to 24,107,1,106
S01009247,25 to 34,144,1,143
S01009247,35 to 49,220,0,220
S01009247,50 to 64,203,1,202
S01009247,65 and over,148,1,147
S01009248,All people aged 3 and over,668,4,664
S01009248,3 to 15,79,0,79
S01009248,16 to 24,81,0,81
S01009248,25 to 34,43,0,43
S01009248,35 to 49,142,3,139
S01009248,50 to 64,181,0,181
S01009248,65 and over,142,1,141
S01009249,All people aged 3 and over,770,2,768
S01009249,3 to 15,115,0,115
S01009249,16 to 24,79,0,79
S01009249,25 to 34,133,0,133
S01009249,35 to 49,175,0,175
S01009249,50 to 64,141,2,139
S01009249,65 and over,127,0,127
S01009250,All people aged 3 and over,615,4,611
S01009250,3 to 15,92,0,92
S01009250,16 to 24,55,0,55
S01009250,25 to 34,78,1,77
S01009250,35 to 49,119,1,118
S01009250,50 to 64,144,1,143
S01009250,65 and over,127,1,126
S01009251,All people aged 3 and over,538,3,535
S01009251,3 to 15,76,0,76
S01009251,16 to 24,67,0,67
S01009251,25 to 34,51,2,49
S01009251,35 to 49,114,0,114
S01009251,50 to 64,142,0,142
S01009251,65 and over,88,1,87
S01009252,All people aged 3 and over,459,2,457
S01009252,3 to 15,100,1,99
S01009252,16 to 24,56,0,56
S01009252,25 to 34,38,0,38
S01009252,35 to 49,147,1,146
S01009252,50 to 64,95,0,95
S01009252,65 and over,23,0,23
S01009253,All people aged 3 and over,456,1,455
S01009253,3 to 15,57,0,57
S01009253,16 to 24,49,0,49
S01009253,25 to 34,34,0,34
S01009253,35 to 49,74,1,73
S01009253,50 to 64,101,0,101
S01009253,65 and over,141,0,141
S01009254,All people aged 3 and over,785,5,780
S01009254,3 to 15,129,0,129
S01009254,16 to 24,72,0,72
S01009254,25 to 34,124,0,124
S01009254,35 to 49,166,1,165
S01009254,50 to 64,146,2,144
S01009254,65 and over,148,2,146
S01009255,All people aged 3 and over,608,9,599
S01009255,3 to 15,59,0,59
S01009255,16 to 24,53,1,52
S01009255,25 to 34,153,3,150
S01009255,35 to 49,173,2,171
S01009255,50 to 64,90,2,88
S01009255,65 and over,80,1,79
S01009256,All people aged 3 and over,461,4,457
S01009256,3 to 15,49,0,49
S01009256,16 to 24,20,0,20
S01009256,25 to 34,48,2,46
S01009256,35 to 49,94,2,92
S01009256,50 to 64,131,0,131
S01009256,65 and over,119,0,119
S01009257,All people aged 3 and over,661,5,656
S01009257,3 to 15,63,1,62
S01009257,16 to 24,79,0,79
S01009257,25 to 34,87,2,85
S01009257,35 to 49,132,2,130
S01009257,50 to 64,156,0,156
S01009257,65 and over,144,0,144
S01009258,All people aged 3 and over,626,6,620
S01009258,3 to 15,86,0,86
S01009258,16 to 24,36,0,36
S01009258,25 to 34,48,0,48
S01009258,35 to 49,157,3,154
S01009258,50 to 64,168,1,167
S01009258,65 and over,131,2,129
S01009259,All people aged 3 and over,907,6,901
S01009259,3 to 15,144,0,144
S01009259,16 to 24,71,0,71
S01009259,25 to 34,82,1,81
S01009259,35 to 49,251,2,249
S01009259,50 to 64,192,2,190
S01009259,65 and over,167,1,166
S01009260,All people aged 3 and over,1107,7,1100
S01009260,3 to 15,142,0,142
S01009260,16 to 24,128,3,125
S01009260,25 to 34,168,1,167
S01009260,35 to 49,287,2,285
S01009260,50 to 64,211,1,210
S01009260,65 and over,171,0,171
S01009261,All people aged 3 and over,714,3,711
S01009261,3 to 15,88,0,88
S01009261,16 to 24,77,0,77
S01009261,25 to 34,108,0,108
S01009261,35 to 49,118,1,117
S01009261,50 to 64,165,2,163
S01009261,65 and over,158,0,158
S01009262,All people aged 3 and over,574,8,566
S01009262,3 to 15,115,1,114
S01009262,16 to 24,63,1,62
S01009262,25 to 34,83,2,81
S01009262,35 to 49,118,2,116
S01009262,50 to 64,96,0,96
S01009262,65 and over,99,2,97
S01009263,All people aged 3 and over,756,4,752
S01009263,3 to 15,107,0,107
S01009263,16 to 24,73,0,73
S01009263,25 to 34,207,2,205
S01009263,35 to 49,207,1,206
S01009263,50 to 64,109,1,108
S01009263,65 and over,53,0,53
S01009264,All people aged 3 and over,507,0,507
S01009264,3 to 15,42,0,42
S01009264,16 to 24,58,0,58
S01009264,25 to 34,33,0,33
S01009264,35 to 49,106,0,106
S01009264,50 to 64,140,0,140
S01009264,65 and over,128,0,128
S01009265,All people aged 3 and over,765,10,755
S01009265,3 to 15,94,0,94
S01009265,16 to 24,102,1,101
S01009265,25 to 34,67,0,67
S01009265,35 to 49,173,1,172
S01009265,50 to 64,176,5,171
S01009265,65 and over,153,3,150
S01009266,All people aged 3 and over,830,3,827
S01009266,3 to 15,120,0,120
S01009266,16 to 24,58,0,58
S01009266,25 to 34,90,1,89
S01009266,35 to 49,165,0,165
S01009266,50 to 64,210,1,209
S01009266,65 and over,187,1,186
S01009267,All people aged 3 and over,804,11,793
S01009267,3 to 15,89,0,89
S01009267,16 to 24,55,0,55
S01009267,25 to 34,87,3,84
S01009267,35 to 49,177,4,173
S01009267,50 to 64,219,1,218
S01009267,65 and over,177,3,174
S01009268,All people aged 3 and over,963,4,959
S01009268,3 to 15,189,2,187
S01009268,16 to 24,88,0,88
S01009268,25 to 34,150,1,149
S01009268,35 to 49,232,1,231
S01009268,50 to 64,161,0,161
S01009268,65 and over,143,0,143
S01009269,All people aged 3 and over,850,2,848
S01009269,3 to 15,179,0,179
S01009269,16 to 24,115,0,115
S01009269,25 to 34,112,0,112
S01009269,35 to 49,203,1,202
S01009269,50 to 64,132,1,131
S01009269,65 and over,109,0,109
S01009270,All people aged 3 and over,578,4,574
S01009270,3 to 15,77,0,77
S01009270,16 to 24,58,1,57
S01009270,25 to 34,75,1,74
S01009270,35 to 49,124,2,122
S01009270,50 to 64,108,0,108
S01009270,65 and over,136,0,136
S01009271,All people aged 3 and over,868,6,862
S01009271,3 to 15,124,0,124
S01009271,16 to 24,99,0,99
S01009271,25 to 34,82,0,82
S01009271,35 to 49,197,4,193
S01009271,50 to 64,254,2,252
S01009271,65 and over,112,0,112
S01009272,All people aged 3 and over,663,2,661
S01009272,3 to 15,111,0,111
S01009272,16 to 24,100,0,100
S01009272,25 to 34,92,0,92
S01009272,35 to 49,146,0,146
S01009272,50 to 64,143,2,141
S01009272,65 and over,71,0,71
S01009273,All people aged 3 and over,458,5,453
S01009273,3 to 15,42,1,41
S01009273,16 to 24,32,0,32
S01009273,25 to 34,27,0,27
S01009273,35 to 49,98,1,97
S01009273,50 to 64,149,2,147
S01009273,65 and over,110,1,109
S01009274,All people aged 3 and over,615,6,609
S01009274,3 to 15,101,0,101
S01009274,16 to 24,63,0,63
S01009274,25 to 34,33,0,33
S01009274,35 to 49,144,2,142
S01009274,50 to 64,143,1,142
S01009274,65 and over,131,3,128
S01009275,All people aged 3 and over,645,2,643
S01009275,3 to 15,82,0,82
S01009275,16 to 24,52,0,52
S01009275,25 to 34,59,0,59
S01009275,35 to 49,165,0,165
S01009275,50 to 64,163,0,163
S01009275,65 and over,124,2,122
S01009276,All people aged 3 and over,872,13,859
S01009276,3 to 15,116,0,116
S01009276,16 to 24,85,0,85
S01009276,25 to 34,75,2,73
S01009276,35 to 49,183,4,179
S01009276,50 to 64,234,3,231
S01009276,65 and over,179,4,175
S01009277,All people aged 3 and over,523,7,516
S01009277,3 to 15,78,1,77
S01009277,16 to 24,36,0,36
S01009277,25 to 34,31,0,31
S01009277,35 to 49,118,2,116
S01009277,50 to 64,176,1,175
S01009277,65 and over,84,3,81
S01009278,All people aged 3 and over,530,0,530
S01009278,3 to 15,93,0,93
S01009278,16 to 24,31,0,31
S01009278,25 to 34,67,0,67
S01009278,35 to 49,160,0,160
S01009278,50 to 64,93,0,93
S01009278,65 and over,86,0,86
S01009279,All people aged 3 and over,567,4,563
S01009279,3 to 15,67,0,67
S01009279,16 to 24,54,0,54
S01009279,25 to 34,45,1,44
S01009279,35 to 49,142,1,141
S01009279,50 to 64,158,2,156
S01009279,65 and over,101,0,101
S01009280,All people aged 3 and over,857,10,847
S01009280,3 to 15,159,0,159
S01009280,16 to 24,117,0,117
S01009280,25 to 34,98,0,98
S01009280,35 to 49,176,4,172
S01009280,50 to 64,149,5,144
S01009280,65 and over,158,1,157
S01009281,All people aged 3 and over,790,4,786
S01009281,3 to 15,122,0,122
S01009281,16 to 24,95,2,93
S01009281,25 to 34,68,0,68
S01009281,35 to 49,197,1,196
S01009281,50 to 64,162,1,161
S01009281,65 and over,146,0,146
S01009282,All people aged 3 and over,713,9,704
S01009282,3 to 15,88,1,87
S01009282,16 to 24,64,0,64
S01009282,25 to 34,43,1,42
S01009282,35 to 49,191,0,191
S01009282,50 to 64,208,7,201
S01009282,65 and over,119,0,119
S01009283,All people aged 3 and over,427,1,426
S01009283,3 to 15,71,0,71
S01009283,16 to 24,38,0,38
S01009283,25 to 34,65,0,65
S01009283,35 to 49,124,0,124
S01009283,50 to 64,88,1,87
S01009283,65 and over,41,0,41
S01009284,All people aged 3 and over,804,8,796
S01009284,3 to 15,154,0,154
S01009284,16 to 24,91,2,89
S01009284,25 to 34,64,0,64
S01009284,35 to 49,216,1,215
S01009284,50 to 64,197,4,193
S01009284,65 and over,82,1,81
S01009285,All people aged 3 and over,865,5,860
S01009285,3 to 15,160,0,160
S01009285,16 to 24,104,0,104
S01009285,25 to 34,105,0,105
S01009285,35 to 49,220,1,219
S01009285,50 to 64,186,3,183
S01009285,65 and over,90,1,89
S01009286,All people aged 3 and over,725,1,724
S01009286,3 to 15,72,0,72
S01009286,16 to 24,67,0,67
S01009286,25 to 34,78,1,77
S01009286,35 to 49,129,0,129
S01009286,50 to 64,218,0,218
S01009286,65 and over,161,0,161
S01009287,All people aged 3 and over,736,7,729
S01009287,3 to 15,109,0,109
S01009287,16 to 24,31,0,31
S01009287,25 to 34,44,0,44
S01009287,35 to 49,151,1,150
S01009287,50 to 64,192,2,190
S01009287,65 and over,209,4,205
S01009288,All people aged 3 and over,811,6,805
S01009288,3 to 15,111,0,111
S01009288,16 to 24,39,1,38
S01009288,25 to 34,52,0,52
S01009288,35 to 49,190,1,189
S01009288,50 to 64,185,1,184
S01009288,65 and over,234,3,231
S01009289,All people aged 3 and over,854,7,847
S01009289,3 to 15,92,0,92
S01009289,16 to 24,65,0,65
S01009289,25 to 34,58,0,58
S01009289,35 to 49,177,2,175
S01009289,50 to 64,238,2,236
S01009289,65 and over,224,3,221
S01009290,All people aged 3 and over,629,3,626
S01009290,3 to 15,91,0,91
S01009290,16 to 24,37,0,37
S01009290,25 to 34,22,0,22
S01009290,35 to 49,128,0,128
S01009290,50 to 64,188,1,187
S01009290,65 and over,163,2,161
S01009291,All people aged 3 and over,950,3,947
S01009291,3 to 15,140,0,140
S01009291,16 to 24,99,0,99
S01009291,25 to 34,92,2,90
S01009291,35 to 49,196,1,195
S01009291,50 to 64,274,0,274
S01009291,65 and over,149,0,149
S01009292,All people aged 3 and over,492,3,489
S01009292,3 to 15,67,0,67
S01009292,16 to 24,69,0,69
S01009292,25 to 34,62,1,61
S01009292,35 to 49,116,2,114
S01009292,50 to 64,100,0,100
S01009292,65 and over,78,0,78
S01009293,All people aged 3 and over,689,4,685
S01009293,3 to 15,115,1,114
S01009293,16 to 24,69,0,69
S01009293,25 to 34,98,0,98
S01009293,35 to 49,159,2,157
S01009293,50 to 64,149,1,148
S01009293,65 and over,99,0,99
S01009294,All people aged 3 and over,491,0,491
S01009294,3 to 15,90,0,90
S01009294,16 to 24,48,0,48
S01009294,25 to 34,33,0,33
S01009294,35 to 49,153,0,153
S01009294,50 to 64,101,0,101
S01009294,65 and over,66,0,66
S01009295,All people aged 3 and over,597,2,595
S01009295,3 to 15,67,0,67
S01009295,16 to 24,47,0,47
S01009295,25 to 34,74,0,74
S01009295,35 to 49,135,0,135
S01009295,50 to 64,188,1,187
S01009295,65 and over,86,1,85
S01009296,All people aged 3 and over,493,0,493
S01009296,3 to 15,67,0,67
S01009296,16 to 24,67,0,67
S01009296,25 to 34,48,0,48
S01009296,35 to 49,157,0,157
S01009296,50 to 64,95,0,95
S01009296,65 and over,59,0,59
S01009297,All people aged 3 and over,796,6,790
S01009297,3 to 15,121,0,121
S01009297,16 to 24,77,0,77
S01009297,25 to 34,82,2,80
S01009297,35 to 49,199,1,198
S01009297,50 to 64,230,3,227
S01009297,65 and over,87,0,87
S01009298,All people aged 3 and over,935,8,927
S01009298,3 to 15,90,0,90
S01009298,16 to 24,99,1,98
S01009298,25 to 34,147,4,143
S01009298,35 to 49,189,2,187
S01009298,50 to 64,188,1,187
S01009298,65 and over,222,0,222
S01009299,All people aged 3 and over,959,7,952
S01009299,3 to 15,148,0,148
S01009299,16 to 24,86,1,85
S01009299,25 to 34,168,1,167
S01009299,35 to 49,222,0,222
S01009299,50 to 64,180,3,177
S01009299,65 and over,155,2,153
S01009300,All people aged 3 and over,500,5,495
S01009300,3 to 15,56,0,56
S01009300,16 to 24,66,1,65
S01009300,25 to 34,85,0,85
S01009300,35 to 49,134,3,131
S01009300,50 to 64,96,1,95
S01009300,65 and over,63,0,63
S01009301,All people aged 3 and over,926,12,914
S01009301,3 to 15,92,1,91
S01009301,16 to 24,133,2,131
S01009301,25 to 34,163,1,162
S01009301,35 to 49,215,5,210
S01009301,50 to 64,161,2,159
S01009301,65 and over,162,1,161
S01009302,All people aged 3 and over,803,10,793
S01009302,3 to 15,113,0,113
S01009302,16 to 24,109,2,107
S01009302,25 to 34,150,3,147
S01009302,35 to 49,195,2,193
S01009302,50 to 64,157,3,154
S01009302,65 and over,79,0,79
S01009303,All people aged 3 and over,759,9,750
S01009303,3 to 15,93,0,93
S01009303,16 to 24,64,0,64
S01009303,25 to 34,67,1,66
S01009303,35 to 49,170,3,167
S01009303,50 to 64,172,4,168
S01009303,65 and over,193,1,192
S01009304,All people aged 3 and over,938,5,933
S01009304,3 to 15,168,1,167
S01009304,16 to 24,87,0,87
S01009304,25 to 34,107,2,105
S01009304,35 to 49,207,0,207
S01009304,50 to 64,210,1,209
S01009304,65 and over,159,1,158
S01009305,All people aged 3 and over,717,7,710
S01009305,3 to 15,65,0,65
S01009305,16 to 24,67,0,67
S01009305,25 to 34,101,2,99
S01009305,35 to 49,185,1,184
S01009305,50 to 64,153,2,151
S01009305,65 and over,146,2,144
S01009306,All people aged 3 and over,1044,12,1032
S01009306,3 to 15,147,0,147
S01009306,16 to 24,139,0,139
S01009306,25 to 34,203,1,202
S01009306,35 to 49,272,6,266
S01009306,50 to 64,168,3,165
S01009306,65 and over,115,2,113
S01009307,All people aged 3 and over,976,11,965
S01009307,3 to 15,76,0,76
S01009307,16 to 24,131,2,129
S01009307,25 to 34,212,4,208
S01009307,35 to 49,225,2,223
S01009307,50 to 64,193,2,191
S01009307,65 and over,139,1,138
S01009308,All people aged 3 and over,492,6,486
S01009308,3 to 15,56,0,56
S01009308,16 to 24,65,0,65
S01009308,25 to 34,96,1,95
S01009308,35 to 49,138,2,136
S01009308,50 to 64,60,2,58
S01009308,65 and over,77,1,76
S01009309,All people aged 3 and over,712,2,710
S01009309,3 to 15,87,0,87
S01009309,16 to 24,68,0,68
S01009309,25 to 34,161,2,159
S01009309,35 to 49,193,0,193
S01009309,50 to 64,116,0,116
S01009309,65 and over,87,0,87
S01009310,All people aged 3 and over,909,6,903
S01009310,3 to 15,105,0,105
S01009310,16 to 24,89,0,89
S01009310,25 to 34,85,0,85
S01009310,35 to 49,180,2,178
S01009310,50 to 64,257,3,254
S01009310,65 and over,193,1,192
S01009311,All people aged 3 and over,720,10,710
S01009311,3 to 15,150,4,146
S01009311,16 to 24,97,1,96
S01009311,25 to 34,83,1,82
S01009311,35 to 49,166,2,164
S01009311,50 to 64,129,2,127
S01009311,65 and over,95,0,95
S01009312,All people aged 3 and over,633,2,631
S01009312,3 to 15,55,0,55
S01009312,16 to 24,80,0,80
S01009312,25 to 34,157,1,156
S01009312,35 to 49,145,1,144
S01009312,50 to 64,113,0,113
S01009312,65 and over,83,0,83
S01009313,All people aged 3 and over,524,1,523
S01009313,3 to 15,64,0,64
S01009313,16 to 24,56,0,56
S01009313,25 to 34,67,0,67
S01009313,35 to 49,129,1,128
S01009313,50 to 64,103,0,103
S01009313,65 and over,105,0,105
S01009314,All people aged 3 and over,638,3,635
S01009314,3 to 15,97,0,97
S01009314,16 to 24,61,0,61
S01009314,25 to 34,69,0,69
S01009314,35 to 49,151,2,149
S01009314,50 to 64,160,1,159
S01009314,65 and over,100,0,100
S01009315,All people aged 3 and over,628,2,626
S01009315,3 to 15,86,0,86
S01009315,16 to 24,64,0,64
S01009315,25 to 34,66,0,66
S01009315,35 to 49,149,0,149
S01009315,50 to 64,136,1,135
S01009315,65 and over,127,1,126
S01009316,All people aged 3 and over,741,9,732
S01009316,3 to 15,120,0,120
S01009316,16 to 24,83,0,83
S01009316,25 to 34,63,0,63
S01009316,35 to 49,175,3,172
S01009316,50 to 64,191,4,187
S01009316,65 and over,109,2,107
S01009317,All people aged 3 and over,830,5,825
S01009317,3 to 15,120,0,120
S01009317,16 to 24,73,0,73
S01009317,25 to 34,80,0,80
S01009317,35 to 49,181,1,180
S01009317,50 to 64,227,4,223
S01009317,65 and over,149,0,149
S01009318,All people aged 3 and over,599,8,591
S01009318,3 to 15,99,0,99
S01009318,16 to 24,65,2,63
S01009318,25 to 34,35,0,35
S01009318,35 to 49,145,1,144
S01009318,50 to 64,177,4,173
S01009318,65 and over,78,1,77
S01009319,All people aged 3 and over,888,12,876
S01009319,3 to 15,112,1,111
S01009319,16 to 24,53,0,53
S01009319,25 to 34,46,1,45
S01009319,35 to 49,184,3,181
S01009319,50 to 64,214,3,211
S01009319,65 and over,279,4,275
S01009320,All people aged 3 and over,691,3,688
S01009320,3 to 15,92,0,92
S01009320,16 to 24,44,0,44
S01009320,25 to 34,64,0,64
S01009320,35 to 49,159,2,157
S01009320,50 to 64,140,0,140
S01009320,65 and over,192,1,191
S01009321,All people aged 3 and over,659,3,656
S01009321,3 to 15,93,0,93
S01009321,16 to 24,46,0,46
S01009321,25 to 34,33,0,33
S01009321,35 to 49,150,1,149
S01009321,50 to 64,182,0,182
S01009321,65 and over,155,2,153
S01009322,All people aged 3 and over,777,6,771
S01009322,3 to 15,104,0,104
S01009322,16 to 24,52,0,52
S01009322,25 to 34,82,1,81
S01009322,35 to 49,162,3,159
S01009322,50 to 64,200,1,199
S01009322,65 and over,177,1,176
S01009323,All people aged 3 and over,618,4,614
S01009323,3 to 15,61,0,61
S01009323,16 to 24,59,0,59
S01009323,25 to 34,50,0,50
S01009323,35 to 49,119,3,116
S01009323,50 to 64,160,0,160
S01009323,65 and over,169,1,168
S01009324,All people aged 3 and over,510,2,508
S01009324,3 to 15,62,0,62
S01009324,16 to 24,43,0,43
S01009324,25 to 34,87,0,87
S01009324,35 to 49,107,1,106
S01009324,50 to 64,117,1,116
S01009324,65 and over,94,0,94
S01009325,All people aged 3 and over,754,4,750
S01009325,3 to 15,136,0,136
S01009325,16 to 24,38,0,38
S01009325,25 to 34,113,1,112
S01009325,35 to 49,213,1,212
S01009325,50 to 64,117,1,116
S01009325,65 and over,137,1,136
S01009326,All people aged 3 and over,606,4,602
S01009326,3 to 15,158,0,158
S01009326,16 to 24,62,0,62
S01009326,25 to 34,87,0,87
S01009326,35 to 49,183,1,182
S01009326,50 to 64,65,3,62
S01009326,65 and over,51,0,51
S01009327,All people aged 3 and over,567,3,564
S01009327,3 to 15,81,0,81
S01009327,16 to 24,39,0,39
S01009327,25 to 34,42,0,42
S01009327,35 to 49,109,0,109
S01009327,50 to 64,132,1,131
S01009327,65 and over,164,2,162
S01009328,All people aged 3 and over,604,2,602
S01009328,3 to 15,126,0,126
S01009328,16 to 24,54,0,54
S01009328,25 to 34,177,2,175
S01009328,35 to 49,190,0,190
S01009328,50 to 64,50,0,50
S01009328,65 and over,7,0,7
S01009329,All people aged 3 and over,421,0,421
S01009329,3 to 15,84,0,84
S01009329,16 to 24,59,0,59
S01009329,25 to 34,137,0,137
S01009329,35 to 49,94,0,94
S01009329,50 to 64,34,0,34
S01009329,65 and over,13,0,13
S01009330,All people aged 3 and over,468,3,465
S01009330,3 to 15,115,1,114
S01009330,16 to 24,50,0,50
S01009330,25 to 34,101,0,101
S01009330,35 to 49,140,1,139
S01009330,50 to 64,50,0,50
S01009330,65 and over,12,1,11
S01009331,All people aged 3 and over,548,3,545
S01009331,3 to 15,149,0,149
S01009331,16 to 24,49,0,49
S01009331,25 to 34,60,0,60
S01009331,35 to 49,217,2,215
S01009331,50 to 64,56,0,56
S01009331,65 and over,17,1,16
S01009332,All people aged 3 and over,892,5,887
S01009332,3 to 15,142,0,142
S01009332,16 to 24,78,1,77
S01009332,25 to 34,86,0,86
S01009332,35 to 49,229,1,228
S01009332,50 to 64,212,1,211
S01009332,65 and over,145,2,143
S01009333,All people aged 3 and over,695,7,688
S01009333,3 to 15,106,0,106
S01009333,16 to 24,74,0,74
S01009333,25 to 34,124,2,122
S01009333,35 to 49,158,3,155
S01009333,50 to 64,115,1,114
S01009333,65 and over,118,1,117
S01009334,All people aged 3 and over,618,7,611
S01009334,3 to 15,107,0,107
S01009334,16 to 24,67,2,65
S01009334,25 to 34,90,1,89
S01009334,35 to 49,127,1,126
S01009334,50 to 64,119,2,117
S01009334,65 and over,108,1,107
S01009335,All people aged 3 and over,745,10,735
S01009335,3 to 15,111,2,109
S01009335,16 to 24,87,1,86
S01009335,25 to 34,88,1,87
S01009335,35 to 49,183,5,178
S01009335,50 to 64,165,1,164
S01009335,65 and over,111,0,111
S01009336,All people aged 3 and over,623,5,618
S01009336,3 to 15,105,1,104
S01009336,16 to 24,99,1,98
S01009336,25 to 34,106,0,106
S01009336,35 to 49,127,1,126
S01009336,50 to 64,97,2,95
S01009336,65 and over,89,0,89
S01009337,All people aged 3 and over,709,1,708
S01009337,3 to 15,145,0,145
S01009337,16 to 24,86,0,86
S01009337,25 to 34,114,0,114
S01009337,35 to 49,168,0,168
S01009337,50 to 64,119,1,118
S01009337,65 and over,77,0,77
S01009338,All people aged 3 and over,708,7,701
S01009338,3 to 15,82,0,82
S01009338,16 to 24,83,0,83
S01009338,25 to 34,98,1,97
S01009338,35 to 49,143,3,140
S01009338,50 to 64,158,1,157
S01009338,65 and over,144,2,142
S01009339,All people aged 3 and over,807,8,799
S01009339,3 to 15,169,0,169
S01009339,16 to 24,94,1,93
S01009339,25 to 34,135,0,135
S01009339,35 to 49,182,4,178
S01009339,50 to 64,129,1,128
S01009339,65 and over,98,2,96
S01009340,All people aged 3 and over,577,7,570
S01009340,3 to 15,94,2,92
S01009340,16 to 24,62,0,62
S01009340,25 to 34,68,0,68
S01009340,35 to 49,132,3,129
S01009340,50 to 64,113,2,111
S01009340,65 and over,108,0,108
S01009341,All people aged 3 and over,570,6,564
S01009341,3 to 15,75,1,74
S01009341,16 to 24,68,1,67
S01009341,25 to 34,73,0,73
S01009341,35 to 49,130,1,129
S01009341,50 to 64,124,2,122
S01009341,65 and over,100,1,99
S01009342,All people aged 3 and over,716,6,710
S01009342,3 to 15,107,2,105
S01009342,16 to 24,73,0,73
S01009342,25 to 34,109,0,109
S01009342,35 to 49,170,1,169
S01009342,50 to 64,129,1,128
S01009342,65 and over,128,2,126
S01009343,All people aged 3 and over,552,3,549
S01009343,3 to 15,99,0,99
S01009343,16 to 24,74,0,74
S01009343,25 to 34,65,0,65
S01009343,35 to 49,128,0,128
S01009343,50 to 64,121,1,120
S01009343,65 and over,65,2,63
S01009344,All people aged 3 and over,615,7,608
S01009344,3 to 15,85,0,85
S01009344,16 to 24,64,1,63
S01009344,25 to 34,90,3,87
S01009344,35 to 49,135,0,135
S01009344,50 to 64,113,2,111
S01009344,65 and over,128,1,127
S01009345,All people aged 3 and over,901,6,895
S01009345,3 to 15,159,0,159
S01009345,16 to 24,106,0,106
S01009345,25 to 34,141,1,140
S01009345,35 to 49,199,2,197
S01009345,50 to 64,179,3,176
S01009345,65 and over,117,0,117
S01009346,All people aged 3 and over,655,4,651
S01009346,3 to 15,176,0,176
S01009346,16 to 24,43,1,42
S01009346,25 to 34,130,0,130
S01009346,35 to 49,234,1,233
S01009346,50 to 64,53,1,52
S01009346,65 and over,19,1,18
S01009347,All people aged 3 and over,657,1,656
S01009347,3 to 15,195,0,195
S01009347,16 to 24,39,0,39
S01009347,25 to 34,41,0,41
S01009347,35 to 49,264,1,263
S01009347,50 to 64,96,0,96
S01009347,65 and over,22,0,22
S01009348,All people aged 3 and over,473,3,470
S01009348,3 to 15,122,0,122
S01009348,16 to 24,44,0,44
S01009348,25 to 34,53,0,53
S01009348,35 to 49,188,3,185
S01009348,50 to 64,56,0,56
S01009348,65 and over,10,0,10
S01009349,All people aged 3 and over,753,2,751
S01009349,3 to 15,189,0,189
S01009349,16 to 24,50,0,50
S01009349,25 to 34,170,0,170
S01009349,35 to 49,258,1,257
S01009349,50 to 64,72,1,71
S01009349,65 and over,14,0,14
S01009350,All people aged 3 and over,587,0,587
S01009350,3 to 15,141,0,141
S01009350,16 to 24,58,0,58
S01009350,25 to 34,123,0,123
S01009350,35 to 49,192,0,192
S01009350,50 to 64,48,0,48
S01009350,65 and over,25,0,25
S01009351,All people aged 3 and over,492,5,487
S01009351,3 to 15,101,0,101
S01009351,16 to 24,46,0,46
S01009351,25 to 34,128,1,127
S01009351,35 to 49,158,3,155
S01009351,50 to 64,47,1,46
S01009351,65 and over,12,0,12
S01009352,All people aged 3 and over,735,8,727
S01009352,3 to 15,172,1,171
S01009352,16 to 24,59,1,58
S01009352,25 to 34,176,2,174
S01009352,35 to 49,249,3,246
S01009352,50 to 64,63,1,62
S01009352,65 and over,16,0,16
S01009353,All people aged 3 and over,379,0,379
S01009353,3 to 15,84,0,84
S01009353,16 to 24,30,0,30
S01009353,25 to 34,76,0,76
S01009353,35 to 49,124,0,124
S01009353,50 to 64,45,0,45
S01009353,65 and over,20,0,20
S01009354,All people aged 3 and over,859,2,857
S01009354,3 to 15,224,0,224
S01009354,16 to 24,67,0,67
S01009354,25 to 34,127,0,127
S01009354,35 to 49,327,2,325
S01009354,50 to 64,91,0,91
S01009354,65 and over,23,0,23
S01009355,All people aged 3 and over,847,2,845
S01009355,3 to 15,113,0,113
S01009355,16 to 24,78,0,78
S01009355,25 to 34,78,0,78
S01009355,35 to 49,183,1,182
S01009355,50 to 64,231,0,231
S01009355,65 and over,164,1,163
S01009356,All people aged 3 and over,942,6,936
S01009356,3 to 15,114,0,114
S01009356,16 to 24,85,1,84
S01009356,25 to 34,98,1,97
S01009356,35 to 49,186,0,186
S01009356,50 to 64,264,1,263
S01009356,65 and over,195,3,192
S01009357,All people aged 3 and over,453,0,453
S01009357,3 to 15,90,0,90
S01009357,16 to 24,39,0,39
S01009357,25 to 34,62,0,62
S01009357,35 to 49,154,0,154
S01009357,50 to 64,81,0,81
S01009357,65 and over,27,0,27
S01009358,All people aged 3 and over,707,1,706
S01009358,3 to 15,151,0,151
S01009358,16 to 24,55,0,55
S01009358,25 to 34,37,0,37
S01009358,35 to 49,228,0,228
S01009358,50 to 64,160,0,160
S01009358,65 and over,76,1,75
S01009359,All people aged 3 and over,728,4,724
S01009359,3 to 15,151,0,151
S01009359,16 to 24,67,1,66
S01009359,25 to 34,127,2,125
S01009359,35 to 49,249,1,248
S01009359,50 to 64,96,0,96
S01009359,65 and over,38,0,38
S01009360,All people aged 3 and over,810,5,805
S01009360,3 to 15,106,0,106
S01009360,16 to 24,83,0,83
S01009360,25 to 34,99,0,99
S01009360,35 to 49,176,0,176
S01009360,50 to 64,186,3,183
S01009360,65 and over,160,2,158
S01009361,All people aged 3 and over,750,2,748
S01009361,3 to 15,99,1,98
S01009361,16 to 24,77,0,77
S01009361,25 to 34,73,0,73
S01009361,35 to 49,175,1,174
S01009361,50 to 64,173,0,173
S01009361,65 and over,153,0,153
S01009362,All people aged 3 and over,984,7,977
S01009362,3 to 15,116,0,116
S01009362,16 to 24,123,0,123
S01009362,25 to 34,87,1,86
S01009362,35 to 49,220,0,220
S01009362,50 to 64,243,3,240
S01009362,65 and over,195,3,192
S01009363,All people aged 3 and over,806,1,805
S01009363,3 to 15,120,0,120
S01009363,16 to 24,82,0,82
S01009363,25 to 34,115,0,115
S01009363,35 to 49,163,0,163
S01009363,50 to 64,172,1,171
S01009363,65 and over,154,0,154
S01009364,All people aged 3 and over,825,2,823
S01009364,3 to 15,131,0,131
S01009364,16 to 24,118,0,118
S01009364,25 to 34,117,1,116
S01009364,35 to 49,194,0,194
S01009364,50 to 64,190,1,189
S01009364,65 and over,75,0,75
S01009365,All people aged 3 and over,548,2,546
S01009365,3 to 15,69,0,69
S01009365,16 to 24,61,0,61
S01009365,25 to 34,67,0,67
S01009365,35 to 49,111,2,109
S01009365,50 to 64,136,0,136
S01009365,65 and over,104,0,104
S01009366,All people aged 3 and over,730,6,724
S01009366,3 to 15,102,1,101
S01009366,16 to 24,55,0,55
S01009366,25 to 34,104,1,103
S01009366,35 to 49,174,2,172
S01009366,50 to 64,133,2,131
S01009366,65 and over,162,0,162
S01009367,All people aged 3 and over,596,4,592
S01009367,3 to 15,83,0,83
S01009367,16 to 24,52,0,52
S01009367,25 to 34,93,2,91
S01009367,35 to 49,139,1,138
S01009367,50 to 64,123,0,123
S01009367,65 and over,106,1,105
S01009368,All people aged 3 and over,557,4,553
S01009368,3 to 15,112,0,112
S01009368,16 to 24,55,1,54
S01009368,25 to 34,65,0,65
S01009368,35 to 49,135,1,134
S01009368,50 to 64,136,2,134
S01009368,65 and over,54,0,54
S01009369,All people aged 3 and over,579,2,577
S01009369,3 to 15,94,0,94
S01009369,16 to 24,72,0,72
S01009369,25 to 34,70,0,70
S01009369,35 to 49,125,1,124
S01009369,50 to 64,111,1,110
S01009369,65 and over,107,0,107
S01009370,All people aged 3 and over,817,7,810
S01009370,3 to 15,80,0,80
S01009370,16 to 24,87,1,86
S01009370,25 to 34,100,1,99
S01009370,35 to 49,153,0,153
S01009370,50 to 64,225,2,223
S01009370,65 and over,172,3,169
S01009371,All people aged 3 and over,509,3,506
S01009371,3 to 15,71,1,70
S01009371,16 to 24,61,0,61
S01009371,25 to 34,71,0,71
S01009371,35 to 49,110,1,109
S01009371,50 to 64,114,1,113
S01009371,65 and over,82,0,82
S01009372,All people aged 3 and over,503,2,501
S01009372,3 to 15,75,0,75
S01009372,16 to 24,68,0,68
S01009372,25 to 34,58,0,58
S01009372,35 to 49,144,0,144
S01009372,50 to 64,85,1,84
S01009372,65 and over,73,1,72
S01009373,All people aged 3 and over,761,7,754
S01009373,3 to 15,116,0,116
S01009373,16 to 24,93,0,93
S01009373,25 to 34,109,0,109
S01009373,35 to 49,199,3,196
S01009373,50 to 64,127,1,126
S01009373,65 and over,117,3,114
S01009374,All people aged 3 and over,834,4,830
S01009374,3 to 15,89,0,89
S01009374,16 to 24,94,0,94
S01009374,25 to 34,113,0,113
S01009374,35 to 49,136,0,136
S01009374,50 to 64,214,1,213
S01009374,65 and over,188,3,185
S01009375,All people aged 3 and over,772,3,769
S01009375,3 to 15,141,0,141
S01009375,16 to 24,91,0,91
S01009375,25 to 34,102,0,102
S01009375,35 to 49,164,1,163
S01009375,50 to 64,167,0,167
S01009375,65 and over,107,2,105
S01009376,All people aged 3 and over,547,1,546
S01009376,3 to 15,68,0,68
S01009376,16 to 24,52,0,52
S01009376,25 to 34,80,0,80
S01009376,35 to 49,104,0,104
S01009376,50 to 64,142,1,141
S01009376,65 and over,101,0,101
S01009377,All people aged 3 and over,1209,7,1202
S01009377,3 to 15,193,1,192
S01009377,16 to 24,278,1,277
S01009377,25 to 34,302,2,300
S01009377,35 to 49,254,2,252
S01009377,50 to 64,129,1,128
S01009377,65 and over,53,0,53
S01009378,All people aged 3 and over,953,8,945
S01009378,3 to 15,212,0,212
S01009378,16 to 24,133,1,132
S01009378,25 to 34,135,2,133
S01009378,35 to 49,246,2,244
S01009378,50 to 64,153,3,150
S01009378,65 and over,74,0,74
S01009379,All people aged 3 and over,915,2,913
S01009379,3 to 15,227,1,226
S01009379,16 to 24,101,0,101
S01009379,25 to 34,151,1,150
S01009379,35 to 49,309,0,309
S01009379,50 to 64,100,0,100
S01009379,65 and over,27,0,27
S01009380,All people aged 3 and over,565,4,561
S01009380,3 to 15,94,2,92
S01009380,16 to 24,71,0,71
S01009380,25 to 34,88,1,87
S01009380,35 to 49,145,1,144
S01009380,50 to 64,143,0,143
S01009380,65 and over,24,0,24
S01009381,All people aged 3 and over,606,6,600
S01009381,3 to 15,67,2,65
S01009381,16 to 24,82,0,82
S01009381,25 to 34,109,1,108
S01009381,35 to 49,170,0,170
S01009381,50 to 64,119,2,117
S01009381,65 and over,59,1,58
S01009382,All people aged 3 and over,763,6,757
S01009382,3 to 15,85,0,85
S01009382,16 to 24,94,0,94
S01009382,25 to 34,76,1,75
S01009382,35 to 49,161,2,159
S01009382,50 to 64,178,3,175
S01009382,65 and over,169,0,169
S01009383,All people aged 3 and over,788,14,774
S01009383,3 to 15,102,0,102
S01009383,16 to 24,87,0,87
S01009383,25 to 34,109,2,107
S01009383,35 to 49,209,7,202
S01009383,50 to 64,171,5,166
S01009383,65 and over,110,0,110
S01009384,All people aged 3 and over,556,9,547
S01009384,3 to 15,90,0,90
S01009384,16 to 24,36,0,36
S01009384,25 to 34,36,3,33
S01009384,35 to 49,147,3,144
S01009384,50 to 64,140,0,140
S01009384,65 and over,107,3,104
S01009385,All people aged 3 and over,496,5,491
S01009385,3 to 15,83,0,83
S01009385,16 to 24,46,0,46
S01009385,25 to 34,40,0,40
S01009385,35 to 49,107,1,106
S01009385,50 to 64,146,3,143
S01009385,65 and over,74,1,73
S01009386,All people aged 3 and over,643,3,640
S01009386,3 to 15,108,0,108
S01009386,16 to 24,62,0,62
S01009386,25 to 34,94,0,94
S01009386,35 to 49,126,1,125
S01009386,50 to 64,115,0,115
S01009386,65 and over,138,2,136
S01009387,All people aged 3 and over,575,9,566
S01009387,3 to 15,94,2,92
S01009387,16 to 24,64,0,64
S01009387,25 to 34,71,2,69
S01009387,35 to 49,127,2,125
S01009387,50 to 64,117,2,115
S01009387,65 and over,102,1,101
S01009388,All people aged 3 and over,873,1,872
S01009388,3 to 15,190,0,190
S01009388,16 to 24,116,0,116
S01009388,25 to 34,172,0,172
S01009388,35 to 49,199,1,198
S01009388,50 to 64,118,0,118
S01009388,65 and over,78,0,78
S01009389,All people aged 3 and over,887,6,881
S01009389,3 to 15,80,0,80
S01009389,16 to 24,76,0,76
S01009389,25 to 34,113,1,112
S01009389,35 to 49,186,3,183
S01009389,50 to 64,233,1,232
S01009389,65 and over,199,1,198
S01009390,All people aged 3 and over,748,2,746
S01009390,3 to 15,190,0,190
S01009390,16 to 24,73,0,73
S01009390,25 to 34,51,0,51
S01009390,35 to 49,275,1,274
S01009390,50 to 64,118,1,117
S01009390,65 and over,41,0,41
S01009391,All people aged 3 and over,663,3,660
S01009391,3 to 15,150,0,150
S01009391,16 to 24,53,1,52
S01009391,25 to 34,92,1,91
S01009391,35 to 49,244,0,244
S01009391,50 to 64,100,1,99
S01009391,65 and over,24,0,24
S01009392,All people aged 3 and over,542,2,540
S01009392,3 to 15,163,0,163
S01009392,16 to 24,28,0,28
S01009392,25 to 34,62,1,61
S01009392,35 to 49,203,1,202
S01009392,50 to 64,62,0,62
S01009392,65 and over,24,0,24
S01009393,All people aged 3 and over,665,9,656
S01009393,3 to 15,103,0,103
S01009393,16 to 24,84,0,84
S01009393,25 to 34,46,1,45
S01009393,35 to 49,175,2,173
S01009393,50 to 64,172,5,167
S01009393,65 and over,85,1,84
S01009394,All people aged 3 and over,902,9,893
S01009394,3 to 15,110,0,110
S01009394,16 to 24,66,0,66
S01009394,25 to 34,133,0,133
S01009394,35 to 49,216,5,211
S01009394,50 to 64,177,2,175
S01009394,65 and over,200,2,198
S01009395,All people aged 3 and over,665,4,661
S01009395,3 to 15,84,0,84
S01009395,16 to 24,40,0,40
S01009395,25 to 34,35,0,35
S01009395,35 to 49,108,2,106
S01009395,50 to 64,217,2,215
S01009395,65 and over,181,0,181
S01009396,All people aged 3 and over,723,10,713
S01009396,3 to 15,110,4,106
S01009396,16 to 24,49,0,49
S01009396,25 to 34,51,0,51
S01009396,35 to 49,148,3,145
S01009396,50 to 64,202,3,199
S01009396,65 and over,163,0,163
S01009397,All people aged 3 and over,693,3,690
S01009397,3 to 15,96,0,96
S01009397,16 to 24,58,0,58
S01009397,25 to 34,60,0,60
S01009397,35 to 49,157,1,156
S01009397,50 to 64,189,0,189
S01009397,65 and over,133,2,131
S01009398,All people aged 3 and over,665,5,660
S01009398,3 to 15,104,0,104
S01009398,16 to 24,61,0,61
S01009398,25 to 34,80,0,80
S01009398,35 to 49,167,3,164
S01009398,50 to 64,165,0,165
S01009398,65 and over,88,2,86
S01009399,All people aged 3 and over,678,3,675
S01009399,3 to 15,82,0,82
S01009399,16 to 24,55,0,55
S01009399,25 to 34,70,0,70
S01009399,35 to 49,158,0,158
S01009399,50 to 64,171,3,168
S01009399,65 and over,142,0,142
S01009400,All people aged 3 and over,508,3,505
S01009400,3 to 15,81,0,81
S01009400,16 to 24,43,0,43
S01009400,25 to 34,47,0,47
S01009400,35 to 49,137,2,135
S01009400,50 to 64,92,0,92
S01009400,65 and over,108,1,107
S01009401,All people aged 3 and over,669,2,667
S01009401,3 to 15,92,0,92
S01009401,16 to 24,60,0,60
S01009401,25 to 34,40,0,40
S01009401,35 to 49,123,1,122
S01009401,50 to 64,166,0,166
S01009401,65 and over,188,1,187
S01009402,All people aged 3 and over,926,8,918
S01009402,3 to 15,145,0,145
S01009402,16 to 24,83,0,83
S01009402,25 to 34,54,1,53
S01009402,35 to 49,206,2,204
S01009402,50 to 64,220,4,216
S01009402,65 and over,218,1,217
S01009403,All people aged 3 and over,517,3,514
S01009403,3 to 15,98,0,98
S01009403,16 to 24,56,0,56
S01009403,25 to 34,41,1,40
S01009403,35 to 49,152,2,150
S01009403,50 to 64,120,0,120
S01009403,65 and over,50,0,50
S01009404,All people aged 3 and over,528,3,525
S01009404,3 to 15,83,0,83
S01009404,16 to 24,73,1,72
S01009404,25 to 34,84,0,84
S01009404,35 to 49,111,0,111
S01009404,50 to 64,103,2,101
S01009404,65 and over,74,0,74
S01009405,All people aged 3 and over,389,2,387
S01009405,3 to 15,58,0,58
S01009405,16 to 24,35,0,35
S01009405,25 to 34,29,0,29
S01009405,35 to 49,100,0,100
S01009405,50 to 64,94,0,94
S01009405,65 and over,73,2,71
S01009406,All people aged 3 and over,948,4,944
S01009406,3 to 15,126,0,126
S01009406,16 to 24,88,0,88
S01009406,25 to 34,116,0,116
S01009406,35 to 49,205,1,204
S01009406,50 to 64,187,0,187
S01009406,65 and over,226,3,223
S01009407,All people aged 3 and over,498,1,497
S01009407,3 to 15,71,0,71
S01009407,16 to 24,37,0,37
S01009407,25 to 34,61,0,61
S01009407,35 to 49,113,1,112
S01009407,50 to 64,121,0,121
S01009407,65 and over,95,0,95
S01009408,All people aged 3 and over,702,4,698
S01009408,3 to 15,103,0,103
S01009408,16 to 24,69,1,68
S01009408,25 to 34,94,0,94
S01009408,35 to 49,182,1,181
S01009408,50 to 64,179,1,178
S01009408,65 and over,75,1,74
S01009409,All people aged 3 and over,639,2,637
S01009409,3 to 15,82,0,82
S01009409,16 to 24,67,0,67
S01009409,25 to 34,61,0,61
S01009409,35 to 49,141,1,140
S01009409,50 to 64,126,0,126
S01009409,65 and over,162,1,161
S01009410,All people aged 3 and over,846,3,843
S01009410,3 to 15,148,0,148
S01009410,16 to 24,116,0,116
S01009410,25 to 34,127,0,127
S01009410,35 to 49,192,3,189
S01009410,50 to 64,169,0,169
S01009410,65 and over,94,0,94
S01009411,All people aged 3 and over,838,9,829
S01009411,3 to 15,145,2,143
S01009411,16 to 24,99,2,97
S01009411,25 to 34,102,1,101
S01009411,35 to 49,193,3,190
S01009411,50 to 64,184,0,184
S01009411,65 and over,115,1,114
S01009412,All people aged 3 and over,824,5,819
S01009412,3 to 15,112,0,112
S01009412,16 to 24,77,0,77
S01009412,25 to 34,110,1,109
S01009412,35 to 49,198,1,197
S01009412,50 to 64,170,1,169
S01009412,65 and over,157,2,155
S01009413,All people aged 3 and over,952,4,948
S01009413,3 to 15,104,0,104
S01009413,16 to 24,108,0,108
S01009413,25 to 34,132,0,132
S01009413,35 to 49,209,2,207
S01009413,50 to 64,218,1,217
S01009413,65 and over,181,1,180
S01009414,All people aged 3 and over,664,3,661
S01009414,3 to 15,105,0,105
S01009414,16 to 24,50,0,50
S01009414,25 to 34,63,1,62
S01009414,35 to 49,133,2,131
S01009414,50 to 64,177,0,177
S01009414,65 and over,136,0,136
S01009415,All people aged 3 and over,784,4,780
S01009415,3 to 15,98,0,98
S01009415,16 to 24,86,0,86
S01009415,25 to 34,85,0,85
S01009415,35 to 49,178,1,177
S01009415,50 to 64,183,2,181
S01009415,65 and over,154,1,153
S01009416,All people aged 3 and over,519,0,519
S01009416,3 to 15,79,0,79
S01009416,16 to 24,64,0,64
S01009416,25 to 34,31,0,31
S01009416,35 to 49,139,0,139
S01009416,50 to 64,128,0,128
S01009416,65 and over,78,0,78
S01009417,All people aged 3 and over,283,0,283
S01009417,3 to 15,54,0,54
S01009417,16 to 24,19,0,19
S01009417,25 to 34,59,0,59
S01009417,35 to 49,80,0,80
S01009417,50 to 64,46,0,46
S01009417,65 and over,25,0,25
S01009418,All people aged 3 and over,1051,7,1044
S01009418,3 to 15,116,0,116
S01009418,16 to 24,111,0,111
S01009418,25 to 34,126,1,125
S01009418,35 to 49,270,3,267
S01009418,50 to 64,213,1,212
S01009418,65 and over,215,2,213
S01009419,All people aged 3 and over,550,2,548
S01009419,3 to 15,92,0,92
S01009419,16 to 24,76,0,76
S01009419,25 to 34,56,0,56
S01009419,35 to 49,148,2,146
S01009419,50 to 64,98,0,98
S01009419,65 and over,80,0,80
S01009420,All people aged 3 and over,609,3,606
S01009420,3 to 15,132,0,132
S01009420,16 to 24,89,0,89
S01009420,25 to 34,67,0,67
S01009420,35 to 49,140,1,139
S01009420,50 to 64,120,1,119
S01009420,65 and over,61,1,60
S01009421,All people aged 3 and over,692,2,690
S01009421,3 to 15,139,0,139
S01009421,16 to 24,83,0,83
S01009421,25 to 34,90,0,90
S01009421,35 to 49,148,2,146
S01009421,50 to 64,130,0,130
S01009421,65 and over,102,0,102
S01009422,All people aged 3 and over,781,5,776
S01009422,3 to 15,106,0,106
S01009422,16 to 24,95,2,93
S01009422,25 to 34,72,1,71
S01009422,35 to 49,176,1,175
S01009422,50 to 64,171,1,170
S01009422,65 and over,161,0,161
S01009423,All people aged 3 and over,869,3,866
S01009423,3 to 15,166,0,166
S01009423,16 to 24,85,0,85
S01009423,25 to 34,194,2,192
S01009423,35 to 49,257,0,257
S01009423,50 to 64,125,1,124
S01009423,65 and over,42,0,42
S01009424,All people aged 3 and over,573,5,568
S01009424,3 to 15,62,0,62
S01009424,16 to 24,45,2,43
S01009424,25 to 34,44,0,44
S01009424,35 to 49,133,0,133
S01009424,50 to 64,151,2,149
S01009424,65 and over,138,1,137
S01009425,All people aged 3 and over,711,1,710
S01009425,3 to 15,62,0,62
S01009425,16 to 24,82,0,82
S01009425,25 to 34,82,0,82
S01009425,35 to 49,147,0,147
S01009425,50 to 64,152,0,152
S01009425,65 and over,186,1,185
S01009426,All people aged 3 and over,757,6,751
S01009426,3 to 15,102,0,102
S01009426,16 to 24,69,2,67
S01009426,25 to 34,101,0,101
S01009426,35 to 49,150,3,147
S01009426,50 to 64,159,1,158
S01009426,65 and over,176,0,176
S01009427,All people aged 3 and over,583,3,580
S01009427,3 to 15,79,0,79
S01009427,16 to 24,48,0,48
S01009427,25 to 34,64,0,64
S01009427,35 to 49,128,1,127
S01009427,50 to 64,119,1,118
S01009427,65 and over,145,1,144
S01009428,All people aged 3 and over,643,2,641
S01009428,3 to 15,121,0,121
S01009428,16 to 24,65,0,65
S01009428,25 to 34,58,1,57
S01009428,35 to 49,138,0,138
S01009428,50 to 64,114,0,114
S01009428,65 and over,147,1,146
S01009429,All people aged 3 and over,676,0,676
S01009429,3 to 15,86,0,86
S01009429,16 to 24,92,0,92
S01009429,25 to 34,63,0,63
S01009429,35 to 49,139,0,139
S01009429,50 to 64,129,0,129
S01009429,65 and over,167,0,167
S01009430,All people aged 3 and over,700,3,697
S01009430,3 to 15,96,0,96
S01009430,16 to 24,91,0,91
S01009430,25 to 34,69,0,69
S01009430,35 to 49,159,0,159
S01009430,50 to 64,159,2,157
S01009430,65 and over,126,1,125
S01009431,All people aged 3 and over,646,6,640
S01009431,3 to 15,93,1,92
S01009431,16 to 24,62,0,62
S01009431,25 to 34,66,1,65
S01009431,35 to 49,147,2,145
S01009431,50 to 64,130,1,129
S01009431,65 and over,148,1,147
S01009432,All people aged 3 and over,779,3,776
S01009432,3 to 15,153,0,153
S01009432,16 to 24,99,1,98
S01009432,25 to 34,100,0,100
S01009432,35 to 49,159,0,159
S01009432,50 to 64,168,1,167
S01009432,65 and over,100,1,99
S01009433,All people aged 3 and over,800,2,798
S01009433,3 to 15,168,0,168
S01009433,16 to 24,114,0,114
S01009433,25 to 34,96,0,96
S01009433,35 to 49,175,1,174
S01009433,50 to 64,143,0,143
S01009433,65 and over,104,1,103
S01009434,All people aged 3 and over,518,1,517
S01009434,3 to 15,74,0,74
S01009434,16 to 24,61,0,61
S01009434,25 to 34,61,0,61
S01009434,35 to 49,113,0,113
S01009434,50 to 64,105,1,104
S01009434,65 and over,104,0,104
S01009435,All people aged 3 and over,743,3,740
S01009435,3 to 15,158,0,158
S01009435,16 to 24,90,0,90
S01009435,25 to 34,103,0,103
S01009435,35 to 49,169,3,166
S01009435,50 to 64,128,0,128
S01009435,65 and over,95,0,95
S01009436,All people aged 3 and over,662,2,660
S01009436,3 to 15,120,0,120
S01009436,16 to 24,73,0,73
S01009436,25 to 34,98,0,98
S01009436,35 to 49,151,1,150
S01009436,50 to 64,131,1,130
S01009436,65 and over,89,0,89
S01009437,All people aged 3 and over,651,3,648
S01009437,3 to 15,83,0,83
S01009437,16 to 24,77,0,77
S01009437,25 to 34,83,2,81
S01009437,35 to 49,142,0,142
S01009437,50 to 64,131,1,130
S01009437,65 and over,135,0,135
S01009438,All people aged 3 and over,838,7,831
S01009438,3 to 15,117,0,117
S01009438,16 to 24,88,2,86
S01009438,25 to 34,88,0,88
S01009438,35 to 49,176,2,174
S01009438,50 to 64,195,1,194
S01009438,65 and over,174,2,172
S01009439,All people aged 3 and over,896,2,894
S01009439,3 to 15,162,0,162
S01009439,16 to 24,103,0,103
S01009439,25 to 34,106,2,104
S01009439,35 to 49,191,0,191
S01009439,50 to 64,196,0,196
S01009439,65 and over,138,0,138
S01009440,All people aged 3 and over,647,3,644
S01009440,3 to 15,81,0,81
S01009440,16 to 24,55,1,54
S01009440,25 to 34,76,1,75
S01009440,35 to 49,121,0,121
S01009440,50 to 64,123,1,122
S01009440,65 and over,191,0,191
S01009441,All people aged 3 and over,790,1,789
S01009441,3 to 15,156,0,156
S01009441,16 to 24,100,1,99
S01009441,25 to 34,118,0,118
S01009441,35 to 49,168,0,168
S01009441,50 to 64,139,0,139
S01009441,65 and over,109,0,109
S01009442,All people aged 3 and over,532,3,529
S01009442,3 to 15,99,0,99
S01009442,16 to 24,51,0,51
S01009442,25 to 34,78,0,78
S01009442,35 to 49,129,0,129
S01009442,50 to 64,125,2,123
S01009442,65 and over,50,1,49
S01009443,All people aged 3 and over,672,3,669
S01009443,3 to 15,104,0,104
S01009443,16 to 24,56,0,56
S01009443,25 to 34,55,0,55
S01009443,35 to 49,157,0,157
S01009443,50 to 64,171,0,171
S01009443,65 and over,129,3,126
S01009444,All people aged 3 and over,823,5,818
S01009444,3 to 15,151,0,151
S01009444,16 to 24,97,0,97
S01009444,25 to 34,57,0,57
S01009444,35 to 49,221,2,219
S01009444,50 to 64,198,2,196
S01009444,65 and over,99,1,98
S01009445,All people aged 3 and over,747,3,744
S01009445,3 to 15,105,0,105
S01009445,16 to 24,91,1,90
S01009445,25 to 34,85,0,85
S01009445,35 to 49,157,1,156
S01009445,50 to 64,185,1,184
S01009445,65 and over,124,0,124
S01009446,All people aged 3 and over,862,9,853
S01009446,3 to 15,111,2,109
S01009446,16 to 24,100,0,100
S01009446,25 to 34,107,0,107
S01009446,35 to 49,195,3,192
S01009446,50 to 64,155,3,152
S01009446,65 and over,194,1,193
S01009447,All people aged 3 and over,469,6,463
S01009447,3 to 15,48,0,48
S01009447,16 to 24,57,0,57
S01009447,25 to 34,66,0,66
S01009447,35 to 49,97,3,94
S01009447,50 to 64,116,0,116
S01009447,65 and over,85,3,82
S01009448,All people aged 3 and over,781,1,780
S01009448,3 to 15,113,0,113
S01009448,16 to 24,76,0,76
S01009448,25 to 34,104,0,104
S01009448,35 to 49,198,0,198
S01009448,50 to 64,180,1,179
S01009448,65 and over,110,0,110
S01009449,All people aged 3 and over,506,1,505
S01009449,3 to 15,80,0,80
S01009449,16 to 24,52,0,52
S01009449,25 to 34,57,1,56
S01009449,35 to 49,94,0,94
S01009449,50 to 64,126,0,126
S01009449,65 and over,97,0,97
S01009450,All people aged 3 and over,569,6,563
S01009450,3 to 15,90,0,90
S01009450,16 to 24,65,0,65
S01009450,25 to 34,104,0,104
S01009450,35 to 49,129,2,127
S01009450,50 to 64,95,2,93
S01009450,65 and over,86,2,84
S01009451,All people aged 3 and over,967,7,960
S01009451,3 to 15,192,1,191
S01009451,16 to 24,120,1,119
S01009451,25 to 34,145,2,143
S01009451,35 to 49,222,2,220
S01009451,50 to 64,151,1,150
S01009451,65 and over,137,0,137
S01009452,All people aged 3 and over,484,5,479
S01009452,3 to 15,55,2,53
S01009452,16 to 24,62,0,62
S01009452,25 to 34,70,1,69
S01009452,35 to 49,88,1,87
S01009452,50 to 64,108,1,107
S01009452,65 and over,101,0,101
S01009453,All people aged 3 and over,989,4,985
S01009453,3 to 15,112,0,112
S01009453,16 to 24,117,0,117
S01009453,25 to 34,115,0,115
S01009453,35 to 49,223,1,222
S01009453,50 to 64,202,3,199
S01009453,65 and over,220,0,220
S01009454,All people aged 3 and over,877,12,865
S01009454,3 to 15,161,1,160
S01009454,16 to 24,51,1,50
S01009454,25 to 34,89,1,88
S01009454,35 to 49,215,3,212
S01009454,50 to 64,214,3,211
S01009454,65 and over,147,3,144
S01009455,All people aged 3 and over,830,10,820
S01009455,3 to 15,113,0,113
S01009455,16 to 24,62,2,60
S01009455,25 to 34,58,0,58
S01009455,35 to 49,161,2,159
S01009455,50 to 64,239,3,236
S01009455,65 and over,197,3,194
S01009456,All people aged 3 and over,648,5,643
S01009456,3 to 15,67,0,67
S01009456,16 to 24,57,0,57
S01009456,25 to 34,70,1,69
S01009456,35 to 49,150,1,149
S01009456,50 to 64,167,2,165
S01009456,65 and over,137,1,136
S01009457,All people aged 3 and over,611,1,610
S01009457,3 to 15,89,0,89
S01009457,16 to 24,32,0,32
S01009457,25 to 34,39,0,39
S01009457,35 to 49,142,0,142
S01009457,50 to 64,148,1,147
S01009457,65 and over,161,0,161
S01009458,All people aged 3 and over,662,6,656
S01009458,3 to 15,94,1,93
S01009458,16 to 24,51,0,51
S01009458,25 to 34,62,1,61
S01009458,35 to 49,156,1,155
S01009458,50 to 64,137,2,135
S01009458,65 and over,162,1,161
S01009459,All people aged 3 and over,832,12,820
S01009459,3 to 15,114,1,113
S01009459,16 to 24,86,0,86
S01009459,25 to 34,99,1,98
S01009459,35 to 49,184,5,179
S01009459,50 to 64,185,5,180
S01009459,65 and over,164,0,164
S01009460,All people aged 3 and over,801,3,798
S01009460,3 to 15,151,0,151
S01009460,16 to 24,117,0,117
S01009460,25 to 34,121,1,120
S01009460,35 to 49,179,1,178
S01009460,50 to 64,135,1,134
S01009460,65 and over,98,0,98
S01009461,All people aged 3 and over,531,2,529
S01009461,3 to 15,118,0,118
S01009461,16 to 24,30,0,30
S01009461,25 to 34,111,0,111
S01009461,35 to 49,153,0,153
S01009461,50 to 64,87,1,86
S01009461,65 and over,32,1,31
S01009462,All people aged 3 and over,686,5,681
S01009462,3 to 15,131,0,131
S01009462,16 to 24,54,1,53
S01009462,25 to 34,59,0,59
S01009462,35 to 49,165,1,164
S01009462,50 to 64,142,3,139
S01009462,65 and over,135,0,135
S01009463,All people aged 3 and over,645,0,645
S01009463,3 to 15,85,0,85
S01009463,16 to 24,62,0,62
S01009463,25 to 34,54,0,54
S01009463,35 to 49,135,0,135
S01009463,50 to 64,147,0,147
S01009463,65 and over,162,0,162
S01009464,All people aged 3 and over,809,2,807
S01009464,3 to 15,118,0,118
S01009464,16 to 24,61,0,61
S01009464,25 to 34,98,0,98
S01009464,35 to 49,198,2,196
S01009464,50 to 64,187,0,187
S01009464,65 and over,147,0,147
S01009465,All people aged 3 and over,592,2,590
S01009465,3 to 15,103,0,103
S01009465,16 to 24,61,0,61
S01009465,25 to 34,48,0,48
S01009465,35 to 49,151,1,150
S01009465,50 to 64,97,1,96
S01009465,65 and over,132,0,132
S01009466,All people aged 3 and over,560,3,557
S01009466,3 to 15,67,0,67
S01009466,16 to 24,49,0,49
S01009466,25 to 34,37,0,37
S01009466,35 to 49,112,0,112
S01009466,50 to 64,143,3,140
S01009466,65 and over,152,0,152
S01009467,All people aged 3 and over,776,4,772
S01009467,3 to 15,120,0,120
S01009467,16 to 24,55,0,55
S01009467,25 to 34,53,0,53
S01009467,35 to 49,173,3,170
S01009467,50 to 64,189,0,189
S01009467,65 and over,186,1,185
S01009468,All people aged 3 and over,725,3,722
S01009468,3 to 15,87,0,87
S01009468,16 to 24,79,0,79
S01009468,25 to 34,69,0,69
S01009468,35 to 49,173,0,173
S01009468,50 to 64,142,0,142
S01009468,65 and over,175,3,172
S01009469,All people aged 3 and over,790,4,786
S01009469,3 to 15,98,0,98
S01009469,16 to 24,86,0,86
S01009469,25 to 34,63,0,63
S01009469,35 to 49,164,1,163
S01009469,50 to 64,207,2,205
S01009469,65 and over,172,1,171
S01009470,All people aged 3 and over,460,6,454
S01009470,3 to 15,61,0,61
S01009470,16 to 24,43,0,43
S01009470,25 to 34,39,0,39
S01009470,35 to 49,88,1,87
S01009470,50 to 64,108,0,108
S01009470,65 and over,121,5,116
S01009471,All people aged 3 and over,644,8,636
S01009471,3 to 15,49,0,49
S01009471,16 to 24,47,0,47
S01009471,25 to 34,63,0,63
S01009471,35 to 49,119,2,117
S01009471,50 to 64,156,1,155
S01009471,65 and over,210,5,205
S01009472,All people aged 3 and over,885,8,877
S01009472,3 to 15,155,1,154
S01009472,16 to 24,111,0,111
S01009472,25 to 34,122,3,119
S01009472,35 to 49,191,1,190
S01009472,50 to 64,172,2,170
S01009472,65 and over,134,1,133
S01009473,All people aged 3 and over,856,9,847
S01009473,3 to 15,117,0,117
S01009473,16 to 24,108,4,104
S01009473,25 to 34,194,1,193
S01009473,35 to 49,183,1,182
S01009473,50 to 64,129,1,128
S01009473,65 and over,125,2,123
S01009474,All people aged 3 and over,857,6,851
S01009474,3 to 15,172,0,172
S01009474,16 to 24,116,1,115
S01009474,25 to 34,120,2,118
S01009474,35 to 49,221,3,218
S01009474,50 to 64,143,0,143
S01009474,65 and over,85,0,85
S01009475,All people aged 3 and over,560,4,556
S01009475,3 to 15,113,0,113
S01009475,16 to 24,45,1,44
S01009475,25 to 34,65,0,65
S01009475,35 to 49,145,2,143
S01009475,50 to 64,131,0,131
S01009475,65 and over,61,1,60
S01009476,All people aged 3 and over,459,0,459
S01009476,3 to 15,104,0,104
S01009476,16 to 24,52,0,52
S01009476,25 to 34,46,0,46
S01009476,35 to 49,161,0,161
S01009476,50 to 64,64,0,64
S01009476,65 and over,32,0,32
S01009477,All people aged 3 and over,723,5,718
S01009477,3 to 15,94,0,94
S01009477,16 to 24,56,0,56
S01009477,25 to 34,65,1,64
S01009477,35 to 49,175,3,172
S01009477,50 to 64,156,0,156
S01009477,65 and over,177,1,176
S01009478,All people aged 3 and over,797,10,787
S01009478,3 to 15,61,0,61
S01009478,16 to 24,102,1,101
S01009478,25 to 34,181,3,178
S01009478,35 to 49,188,5,183
S01009478,50 to 64,166,0,166
S01009478,65 and over,99,1,98
S01009479,All people aged 3 and over,818,7,811
S01009479,3 to 15,68,0,68
S01009479,16 to 24,97,1,96
S01009479,25 to 34,137,3,134
S01009479,35 to 49,163,2,161
S01009479,50 to 64,149,1,148
S01009479,65 and over,204,0,204
S01009480,All people aged 3 and over,804,6,798
S01009480,3 to 15,84,0,84
S01009480,16 to 24,52,0,52
S01009480,25 to 34,77,0,77
S01009480,35 to 49,171,2,169
S01009480,50 to 64,205,2,203
S01009480,65 and over,215,2,213
S01009481,All people aged 3 and over,899,10,889
S01009481,3 to 15,98,3,95
S01009481,16 to 24,109,0,109
S01009481,25 to 34,178,2,176
S01009481,35 to 49,186,2,184
S01009481,50 to 64,151,1,150
S01009481,65 and over,177,2,175
S01009482,All people aged 3 and over,616,2,614
S01009482,3 to 15,50,1,49
S01009482,16 to 24,85,0,85
S01009482,25 to 34,136,0,136
S01009482,35 to 49,115,0,115
S01009482,50 to 64,96,0,96
S01009482,65 and over,134,1,133
S01009483,All people aged 3 and over,700,7,693
S01009483,3 to 15,86,0,86
S01009483,16 to 24,61,1,60
S01009483,25 to 34,148,3,145
S01009483,35 to 49,199,1,198
S01009483,50 to 64,129,1,128
S01009483,65 and over,77,1,76
S01009484,All people aged 3 and over,758,5,753
S01009484,3 to 15,75,0,75
S01009484,16 to 24,92,0,92
S01009484,25 to 34,96,1,95
S01009484,35 to 49,148,2,146
S01009484,50 to 64,145,2,143
S01009484,65 and over,202,0,202
S01009485,All people aged 3 and over,757,7,750
S01009485,3 to 15,103,0,103
S01009485,16 to 24,72,0,72
S01009485,25 to 34,91,0,91
S01009485,35 to 49,154,3,151
S01009485,50 to 64,146,0,146
S01009485,65 and over,191,4,187
S01009486,All people aged 3 and over,637,3,634
S01009486,3 to 15,68,0,68
S01009486,16 to 24,47,0,47
S01009486,25 to 34,60,0,60
S01009486,35 to 49,109,0,109
S01009486,50 to 64,143,0,143
S01009486,65 and over,210,3,207
S01009487,All people aged 3 and over,756,13,743
S01009487,3 to 15,88,4,84
S01009487,16 to 24,78,1,77
S01009487,25 to 34,97,2,95
S01009487,35 to 49,142,3,139
S01009487,50 to 64,154,1,153
S01009487,65 and over,197,2,195
S01009488,All people aged 3 and over,679,1,678
S01009488,3 to 15,143,0,143
S01009488,16 to 24,82,0,82
S01009488,25 to 34,71,1,70
S01009488,35 to 49,159,0,159
S01009488,50 to 64,118,0,118
S01009488,65 and over,106,0,106
S01009489,All people aged 3 and over,786,3,783
S01009489,3 to 15,113,0,113
S01009489,16 to 24,68,0,68
S01009489,25 to 34,95,0,95
S01009489,35 to 49,170,0,170
S01009489,50 to 64,157,1,156
S01009489,65 and over,183,2,181
S01009490,All people aged 3 and over,811,4,807
S01009490,3 to 15,156,0,156
S01009490,16 to 24,114,1,113
S01009490,25 to 34,124,0,124
S01009490,35 to 49,155,1,154
S01009490,50 to 64,156,1,155
S01009490,65 and over,106,1,105
S01009491,All people aged 3 and over,675,1,674
S01009491,3 to 15,81,0,81
S01009491,16 to 24,47,0,47
S01009491,25 to 34,73,1,72
S01009491,35 to 49,139,0,139
S01009491,50 to 64,138,0,138
S01009491,65 and over,197,0,197
S01009492,All people aged 3 and over,719,1,718
S01009492,3 to 15,106,0,106
S01009492,16 to 24,95,0,95
S01009492,25 to 34,76,0,76
S01009492,35 to 49,162,1,161
S01009492,50 to 64,151,0,151
S01009492,65 and over,129,0,129
S01009493,All people aged 3 and over,823,2,821
S01009493,3 to 15,86,0,86
S01009493,16 to 24,63,0,63
S01009493,25 to 34,31,0,31
S01009493,35 to 49,139,2,137
S01009493,50 to 64,237,0,237
S01009493,65 and over,267,0,267
S01009494,All people aged 3 and over,909,6,903
S01009494,3 to 15,166,0,166
S01009494,16 to 24,88,0,88
S01009494,25 to 34,96,0,96
S01009494,35 to 49,273,2,271
S01009494,50 to 64,182,2,180
S01009494,65 and over,104,2,102
S01009495,All people aged 3 and over,845,3,842
S01009495,3 to 15,118,0,118
S01009495,16 to 24,86,0,86
S01009495,25 to 34,97,0,97
S01009495,35 to 49,218,0,218
S01009495,50 to 64,205,3,202
S01009495,65 and over,121,0,121
S01009496,All people aged 3 and over,762,3,759
S01009496,3 to 15,102,0,102
S01009496,16 to 24,87,0,87
S01009496,25 to 34,87,1,86
S01009496,35 to 49,162,1,161
S01009496,50 to 64,156,0,156
S01009496,65 and over,168,1,167
S01009497,All people aged 3 and over,938,2,936
S01009497,3 to 15,130,0,130
S01009497,16 to 24,103,0,103
S01009497,25 to 34,129,0,129
S01009497,35 to 49,219,2,217
S01009497,50 to 64,171,0,171
S01009497,65 and over,186,0,186
S01009498,All people aged 3 and over,629,2,627
S01009498,3 to 15,75,0,75
S01009498,16 to 24,44,0,44
S01009498,25 to 34,42,0,42
S01009498,35 to 49,121,1,120
S01009498,50 to 64,199,0,199
S01009498,65 and over,148,1,147
S01009499,All people aged 3 and over,766,3,763
S01009499,3 to 15,101,0,101
S01009499,16 to 24,76,1,75
S01009499,25 to 34,77,0,77
S01009499,35 to 49,165,0,165
S01009499,50 to 64,191,0,191
S01009499,65 and over,156,2,154
S01009500,All people aged 3 and over,747,5,742
S01009500,3 to 15,113,0,113
S01009500,16 to 24,73,0,73
S01009500,25 to 34,92,1,91
S01009500,35 to 49,169,3,166
S01009500,50 to 64,143,0,143
S01009500,65 and over,157,1,156
S01009501,All people aged 3 and over,648,3,645
S01009501,3 to 15,78,0,78
S01009501,16 to 24,67,0,67
S01009501,25 to 34,80,0,80
S01009501,35 to 49,121,0,121
S01009501,50 to 64,138,3,135
S01009501,65 and over,164,0,164
S01009502,All people aged 3 and over,784,2,782
S01009502,3 to 15,116,1,115
S01009502,16 to 24,95,0,95
S01009502,25 to 34,101,0,101
S01009502,35 to 49,184,1,183
S01009502,50 to 64,171,0,171
S01009502,65 and over,117,0,117
S01009503,All people aged 3 and over,701,0,701
S01009503,3 to 15,110,0,110
S01009503,16 to 24,67,0,67
S01009503,25 to 34,83,0,83
S01009503,35 to 49,168,0,168
S01009503,50 to 64,157,0,157
S01009503,65 and over,116,0,116
S01009504,All people aged 3 and over,657,10,647
S01009504,3 to 15,130,4,126
S01009504,16 to 24,87,0,87
S01009504,25 to 34,92,3,89
S01009504,35 to 49,155,1,154
S01009504,50 to 64,118,1,117
S01009504,65 and over,75,1,74
S01009505,All people aged 3 and over,763,0,763
S01009505,3 to 15,168,0,168
S01009505,16 to 24,135,0,135
S01009505,25 to 34,124,0,124
S01009505,35 to 49,150,0,150
S01009505,50 to 64,107,0,107
S01009505,65 and over,79,0,79
S01009506,All people aged 3 and over,700,4,696
S01009506,3 to 15,130,0,130
S01009506,16 to 24,63,2,61
S01009506,25 to 34,116,0,116
S01009506,35 to 49,136,0,136
S01009506,50 to 64,157,1,156
S01009506,65 and over,98,1,97
S01009507,All people aged 3 and over,845,1,844
S01009507,3 to 15,181,0,181
S01009507,16 to 24,91,0,91
S01009507,25 to 34,108,0,108
S01009507,35 to 49,230,0,230
S01009507,50 to 64,137,0,137
S01009507,65 and over,98,1,97
S01009508,All people aged 3 and over,821,13,808
S01009508,3 to 15,145,2,143
S01009508,16 to 24,125,1,124
S01009508,25 to 34,104,2,102
S01009508,35 to 49,173,4,169
S01009508,50 to 64,165,2,163
S01009508,65 and over,109,2,107
S01009509,All people aged 3 and over,965,8,957
S01009509,3 to 15,168,4,164
S01009509,16 to 24,148,0,148
S01009509,25 to 34,120,1,119
S01009509,35 to 49,213,2,211
S01009509,50 to 64,166,1,165
S01009509,65 and over,150,0,150
S01009510,All people aged 3 and over,685,4,681
S01009510,3 to 15,83,1,82
S01009510,16 to 24,71,0,71
S01009510,25 to 34,59,1,58
S01009510,35 to 49,116,2,114
S01009510,50 to 64,202,0,202
S01009510,65 and over,154,0,154
S01009511,All people aged 3 and over,582,8,574
S01009511,3 to 15,56,2,54
S01009511,16 to 24,64,1,63
S01009511,25 to 34,61,2,59
S01009511,35 to 49,100,2,98
S01009511,50 to 64,124,1,123
S01009511,65 and over,177,0,177
S01009512,All people aged 3 and over,744,2,742
S01009512,3 to 15,112,0,112
S01009512,16 to 24,59,0,59
S01009512,25 to 34,83,1,82
S01009512,35 to 49,161,1,160
S01009512,50 to 64,188,0,188
S01009512,65 and over,141,0,141
S01009513,All people aged 3 and over,559,1,558
S01009513,3 to 15,72,0,72
S01009513,16 to 24,46,0,46
S01009513,25 to 34,58,0,58
S01009513,35 to 49,100,0,100
S01009513,50 to 64,164,1,163
S01009513,65 and over,119,0,119
S01009514,All people aged 3 and over,680,3,677
S01009514,3 to 15,96,0,96
S01009514,16 to 24,64,0,64
S01009514,25 to 34,89,1,88
S01009514,35 to 49,132,2,130
S01009514,50 to 64,189,0,189
S01009514,65 and over,110,0,110
S01009515,All people aged 3 and over,706,1,705
S01009515,3 to 15,91,0,91
S01009515,16 to 24,73,0,73
S01009515,25 to 34,64,1,63
S01009515,35 to 49,140,0,140
S01009515,50 to 64,148,0,148
S01009515,65 and over,190,0,190
S01009516,All people aged 3 and over,853,2,851
S01009516,3 to 15,95,0,95
S01009516,16 to 24,65,0,65
S01009516,25 to 34,96,0,96
S01009516,35 to 49,151,1,150
S01009516,50 to 64,170,1,169
S01009516,65 and over,276,0,276
S01009517,All people aged 3 and over,915,5,910
S01009517,3 to 15,212,0,212
S01009517,16 to 24,81,0,81
S01009517,25 to 34,169,0,169
S01009517,35 to 49,324,4,320
S01009517,50 to 64,99,1,98
S01009517,65 and over,30,0,30
S01009518,All people aged 3 and over,866,2,864
S01009518,3 to 15,205,0,205
S01009518,16 to 24,92,0,92
S01009518,25 to 34,182,0,182
S01009518,35 to 49,279,2,277
S01009518,50 to 64,87,0,87
S01009518,65 and over,21,0,21
S01009519,All people aged 3 and over,467,0,467
S01009519,3 to 15,66,0,66
S01009519,16 to 24,59,0,59
S01009519,25 to 34,65,0,65
S01009519,35 to 49,97,0,97
S01009519,50 to 64,122,0,122
S01009519,65 and over,58,0,58
S01009520,All people aged 3 and over,808,5,803
S01009520,3 to 15,149,0,149
S01009520,16 to 24,82,2,80
S01009520,25 to 34,92,1,91
S01009520,35 to 49,188,0,188
S01009520,50 to 64,212,0,212
S01009520,65 and over,85,2,83
S01009521,All people aged 3 and over,844,4,840
S01009521,3 to 15,142,0,142
S01009521,16 to 24,110,1,109
S01009521,25 to 34,85,1,84
S01009521,35 to 49,151,1,150
S01009521,50 to 64,154,0,154
S01009521,65 and over,202,1,201
S01009522,All people aged 3 and over,986,9,977
S01009522,3 to 15,228,0,228
S01009522,16 to 24,118,1,117
S01009522,25 to 34,149,2,147
S01009522,35 to 49,232,4,228
S01009522,50 to 64,149,0,149
S01009522,65 and over,110,2,108
S01009523,All people aged 3 and over,562,6,556
S01009523,3 to 15,80,0,80
S01009523,16 to 24,92,2,90
S01009523,25 to 34,74,1,73
S01009523,35 to 49,108,2,106
S01009523,50 to 64,112,1,111
S01009523,65 and over,96,0,96
S01009524,All people aged 3 and over,638,8,630
S01009524,3 to 15,107,2,105
S01009524,16 to 24,58,0,58
S01009524,25 to 34,116,2,114
S01009524,35 to 49,134,3,131
S01009524,50 to 64,139,0,139
S01009524,65 and over,84,1,83
S01009525,All people aged 3 and over,514,7,507
S01009525,3 to 15,67,0,67
S01009525,16 to 24,78,0,78
S01009525,25 to 34,55,1,54
S01009525,35 to 49,129,2,127
S01009525,50 to 64,79,4,75
S01009525,65 and over,106,0,106
S01009526,All people aged 3 and over,632,5,627
S01009526,3 to 15,56,0,56
S01009526,16 to 24,82,1,81
S01009526,25 to 34,174,1,173
S01009526,35 to 49,123,0,123
S01009526,50 to 64,117,3,114
S01009526,65 and over,80,0,80
S01009527,All people aged 3 and over,620,4,616
S01009527,3 to 15,47,0,47
S01009527,16 to 24,98,0,98
S01009527,25 to 34,114,0,114
S01009527,35 to 49,129,3,126
S01009527,50 to 64,108,0,108
S01009527,65 and over,124,1,123
S01009528,All people aged 3 and over,516,2,514
S01009528,3 to 15,25,0,25
S01009528,16 to 24,29,0,29
S01009528,25 to 34,57,0,57
S01009528,35 to 49,62,0,62
S01009528,50 to 64,115,1,114
S01009528,65 and over,228,1,227
S01009529,All people aged 3 and over,565,7,558
S01009529,3 to 15,60,0,60
S01009529,16 to 24,54,1,53
S01009529,25 to 34,39,2,37
S01009529,35 to 49,117,2,115
S01009529,50 to 64,134,1,133
S01009529,65 and over,161,1,160
S01009530,All people aged 3 and over,563,4,559
S01009530,3 to 15,66,0,66
S01009530,16 to 24,47,0,47
S01009530,25 to 34,30,0,30
S01009530,35 to 49,140,3,137
S01009530,50 to 64,140,1,139
S01009530,65 and over,140,0,140
S01009531,All people aged 3 and over,775,8,767
S01009531,3 to 15,95,0,95
S01009531,16 to 24,95,0,95
S01009531,25 to 34,99,2,97
S01009531,35 to 49,146,1,145
S01009531,50 to 64,150,2,148
S01009531,65 and over,190,3,187
S01009532,All people aged 3 and over,764,6,758
S01009532,3 to 15,58,0,58
S01009532,16 to 24,60,0,60
S01009532,25 to 34,92,1,91
S01009532,35 to 49,115,0,115
S01009532,50 to 64,175,3,172
S01009532,65 and over,264,2,262
S01009533,All people aged 3 and over,740,11,729
S01009533,3 to 15,87,1,86
S01009533,16 to 24,84,2,82
S01009533,25 to 34,125,4,121
S01009533,35 to 49,146,3,143
S01009533,50 to 64,171,0,171
S01009533,65 and over,127,1,126
S01009534,All people aged 3 and over,802,7,795
S01009534,3 to 15,151,0,151
S01009534,16 to 24,118,1,117
S01009534,25 to 34,119,0,119
S01009534,35 to 49,180,6,174
S01009534,50 to 64,116,0,116
S01009534,65 and over,118,0,118
S01009535,All people aged 3 and over,586,5,581
S01009535,3 to 15,100,0,100
S01009535,16 to 24,102,0,102
S01009535,25 to 34,93,2,91
S01009535,35 to 49,142,1,141
S01009535,50 to 64,96,0,96
S01009535,65 and over,53,2,51
S01009536,All people aged 3 and over,541,4,537
S01009536,3 to 15,124,0,124
S01009536,16 to 24,54,0,54
S01009536,25 to 34,72,3,69
S01009536,35 to 49,125,1,124
S01009536,50 to 64,77,0,77
S01009536,65 and over,89,0,89
S01009537,All people aged 3 and over,515,4,511
S01009537,3 to 15,64,0,64
S01009537,16 to 24,40,0,40
S01009537,25 to 34,74,2,72
S01009537,35 to 49,108,1,107
S01009537,50 to 64,107,0,107
S01009537,65 and over,122,1,121
S01009538,All people aged 3 and over,754,2,752
S01009538,3 to 15,83,0,83
S01009538,16 to 24,53,0,53
S01009538,25 to 34,108,1,107
S01009538,35 to 49,174,1,173
S01009538,50 to 64,181,0,181
S01009538,65 and over,155,0,155
S01009539,All people aged 3 and over,849,4,845
S01009539,3 to 15,111,0,111
S01009539,16 to 24,103,2,101
S01009539,25 to 34,81,1,80
S01009539,35 to 49,158,1,157
S01009539,50 to 64,221,0,221
S01009539,65 and over,175,0,175
S01009540,All people aged 3 and over,785,9,776
S01009540,3 to 15,69,1,68
S01009540,16 to 24,102,1,101
S01009540,25 to 34,130,1,129
S01009540,35 to 49,192,2,190
S01009540,50 to 64,149,3,146
S01009540,65 and over,143,1,142
S01009541,All people aged 3 and over,744,6,738
S01009541,3 to 15,105,1,104
S01009541,16 to 24,63,0,63
S01009541,25 to 34,74,1,73
S01009541,35 to 49,201,0,201
S01009541,50 to 64,172,4,168
S01009541,65 and over,129,0,129
S01009542,All people aged 3 and over,707,4,703
S01009542,3 to 15,121,0,121
S01009542,16 to 24,98,0,98
S01009542,25 to 34,125,1,124
S01009542,35 to 49,142,1,141
S01009542,50 to 64,135,0,135
S01009542,65 and over,86,2,84
S01009543,All people aged 3 and over,513,4,509
S01009543,3 to 15,33,0,33
S01009543,16 to 24,39,0,39
S01009543,25 to 34,42,0,42
S01009543,35 to 49,101,2,99
S01009543,50 to 64,153,1,152
S01009543,65 and over,145,1,144
S01009544,All people aged 3 and over,833,7,826
S01009544,3 to 15,109,0,109
S01009544,16 to 24,52,0,52
S01009544,25 to 34,84,0,84
S01009544,35 to 49,203,3,200
S01009544,50 to 64,201,2,199
S01009544,65 and over,184,2,182
S01009545,All people aged 3 and over,753,4,749
S01009545,3 to 15,107,0,107
S01009545,16 to 24,98,0,98
S01009545,25 to 34,86,1,85
S01009545,35 to 49,153,1,152
S01009545,50 to 64,154,1,153
S01009545,65 and over,155,1,154
S01009546,All people aged 3 and over,931,5,926
S01009546,3 to 15,139,1,138
S01009546,16 to 24,93,2,91
S01009546,25 to 34,193,0,193
S01009546,35 to 49,198,1,197
S01009546,50 to 64,203,1,202
S01009546,65 and over,105,0,105
S01009547,All people aged 3 and over,712,7,705
S01009547,3 to 15,112,0,112
S01009547,16 to 24,91,0,91
S01009547,25 to 34,95,0,95
S01009547,35 to 49,153,0,153
S01009547,50 to 64,151,4,147
S01009547,65 and over,110,3,107
S01009548,All people aged 3 and over,676,3,673
S01009548,3 to 15,104,0,104
S01009548,16 to 24,73,0,73
S01009548,25 to 34,80,1,79
S01009548,35 to 49,150,0,150
S01009548,50 to 64,144,1,143
S01009548,65 and over,125,1,124
S01009549,All people aged 3 and over,759,7,752
S01009549,3 to 15,110,0,110
S01009549,16 to 24,76,2,74
S01009549,25 to 34,93,2,91
S01009549,35 to 49,179,0,179
S01009549,50 to 64,173,2,171
S01009549,65 and over,128,1,127
S01009550,All people aged 3 and over,504,3,501
S01009550,3 to 15,89,0,89
S01009550,16 to 24,61,0,61
S01009550,25 to 34,48,0,48
S01009550,35 to 49,124,1,123
S01009550,50 to 64,93,0,93
S01009550,65 and over,89,2,87
S01009551,All people aged 3 and over,506,0,506
S01009551,3 to 15,85,0,85
S01009551,16 to 24,53,0,53
S01009551,25 to 34,75,0,75
S01009551,35 to 49,97,0,97
S01009551,50 to 64,111,0,111
S01009551,65 and over,85,0,85
S01009552,All people aged 3 and over,874,3,871
S01009552,3 to 15,98,0,98
S01009552,16 to 24,77,0,77
S01009552,25 to 34,84,2,82
S01009552,35 to 49,169,0,169
S01009552,50 to 64,207,1,206
S01009552,65 and over,239,0,239
S01009553,All people aged 3 and over,817,9,808
S01009553,3 to 15,116,0,116
S01009553,16 to 24,123,0,123
S01009553,25 to 34,106,2,104
S01009553,35 to 49,163,4,159
S01009553,50 to 64,168,1,167
S01009553,65 and over,141,2,139
S01009554,All people aged 3 and over,629,8,621
S01009554,3 to 15,75,0,75
S01009554,16 to 24,81,0,81
S01009554,25 to 34,59,1,58
S01009554,35 to 49,133,1,132
S01009554,50 to 64,171,4,167
S01009554,65 and over,110,2,108
S01009555,All people aged 3 and over,716,5,711
S01009555,3 to 15,83,0,83
S01009555,16 to 24,73,0,73
S01009555,25 to 34,71,0,71
S01009555,35 to 49,169,3,166
S01009555,50 to 64,175,2,173
S01009555,65 and over,145,0,145
S01009556,All people aged 3 and over,735,4,731
S01009556,3 to 15,130,0,130
S01009556,16 to 24,97,0,97
S01009556,25 to 34,98,0,98
S01009556,35 to 49,165,2,163
S01009556,50 to 64,144,1,143
S01009556,65 and over,101,1,100
S01009557,All people aged 3 and over,635,6,629
S01009557,3 to 15,109,0,109
S01009557,16 to 24,76,0,76
S01009557,25 to 34,102,4,98
S01009557,35 to 49,144,0,144
S01009557,50 to 64,117,2,115
S01009557,65 and over,87,0,87
S01009558,All people aged 3 and over,641,0,641
S01009558,3 to 15,128,0,128
S01009558,16 to 24,82,0,82
S01009558,25 to 34,97,0,97
S01009558,35 to 49,147,0,147
S01009558,50 to 64,99,0,99
S01009558,65 and over,88,0,88
S01009559,All people aged 3 and over,814,6,808
S01009559,3 to 15,132,0,132
S01009559,16 to 24,102,0,102
S01009559,25 to 34,140,1,139
S01009559,35 to 49,186,1,185
S01009559,50 to 64,147,1,146
S01009559,65 and over,107,3,104
S01009560,All people aged 3 and over,718,6,712
S01009560,3 to 15,124,1,123
S01009560,16 to 24,91,0,91
S01009560,25 to 34,113,0,113
S01009560,35 to 49,154,4,150
S01009560,50 to 64,122,1,121
S01009560,65 and over,114,0,114
S01009561,All people aged 3 and over,514,5,509
S01009561,3 to 15,91,0,91
S01009561,16 to 24,53,0,53
S01009561,25 to 34,69,0,69
S01009561,35 to 49,119,2,117
S01009561,50 to 64,87,1,86
S01009561,65 and over,95,2,93
S01009562,All people aged 3 and over,714,8,706
S01009562,3 to 15,102,2,100
S01009562,16 to 24,82,0,82
S01009562,25 to 34,80,2,78
S01009562,35 to 49,146,2,144
S01009562,50 to 64,160,1,159
S01009562,65 and over,144,1,143
S01009563,All people aged 3 and over,765,6,759
S01009563,3 to 15,122,0,122
S01009563,16 to 24,81,1,80
S01009563,25 to 34,83,2,81
S01009563,35 to 49,143,2,141
S01009563,50 to 64,141,1,140
S01009563,65 and over,195,0,195
S01009564,All people aged 3 and over,662,5,657
S01009564,3 to 15,96,0,96
S01009564,16 to 24,60,0,60
S01009564,25 to 34,69,0,69
S01009564,35 to 49,131,2,129
S01009564,50 to 64,112,1,111
S01009564,65 and over,194,2,192
S01009565,All people aged 3 and over,568,4,564
S01009565,3 to 15,111,0,111
S01009565,16 to 24,75,0,75
S01009565,25 to 34,61,0,61
S01009565,35 to 49,151,1,150
S01009565,50 to 64,86,3,83
S01009565,65 and over,84,0,84
S01009566,All people aged 3 and over,1023,10,1013
S01009566,3 to 15,207,0,207
S01009566,16 to 24,110,0,110
S01009566,25 to 34,154,1,153
S01009566,35 to 49,249,2,247
S01009566,50 to 64,179,6,173
S01009566,65 and over,124,1,123
S01009567,All people aged 3 and over,848,5,843
S01009567,3 to 15,133,0,133
S01009567,16 to 24,82,0,82
S01009567,25 to 34,113,2,111
S01009567,35 to 49,194,1,193
S01009567,50 to 64,171,2,169
S01009567,65 and over,155,0,155
S01009568,All people aged 3 and over,707,5,702
S01009568,3 to 15,123,0,123
S01009568,16 to 24,84,1,83
S01009568,25 to 34,81,0,81
S01009568,35 to 49,163,2,161
S01009568,50 to 64,119,2,117
S01009568,65 and over,137,0,137
S01009569,All people aged 3 and over,789,13,776
S01009569,3 to 15,123,4,119
S01009569,16 to 24,81,1,80
S01009569,25 to 34,97,5,92
S01009569,35 to 49,155,0,155
S01009569,50 to 64,143,1,142
S01009569,65 and over,190,2,188
S01009570,All people aged 3 and over,546,1,545
S01009570,3 to 15,97,0,97
S01009570,16 to 24,62,0,62
S01009570,25 to 34,52,0,52
S01009570,35 to 49,128,0,128
S01009570,50 to 64,102,0,102
S01009570,65 and over,105,1,104
S01009571,All people aged 3 and over,645,11,634
S01009571,3 to 15,105,0,105
S01009571,16 to 24,128,4,124
S01009571,25 to 34,102,3,99
S01009571,35 to 49,115,2,113
S01009571,50 to 64,125,2,123
S01009571,65 and over,70,0,70
S01009572,All people aged 3 and over,1000,6,994
S01009572,3 to 15,158,0,158
S01009572,16 to 24,130,0,130
S01009572,25 to 34,141,0,141
S01009572,35 to 49,231,3,228
S01009572,50 to 64,177,3,174
S01009572,65 and over,163,0,163
S01009573,All people aged 3 and over,720,4,716
S01009573,3 to 15,135,1,134
S01009573,16 to 24,96,0,96
S01009573,25 to 34,80,2,78
S01009573,35 to 49,165,0,165
S01009573,50 to 64,139,0,139
S01009573,65 and over,105,1,104
S01009574,All people aged 3 and over,1001,0,1001
S01009574,3 to 15,141,0,141
S01009574,16 to 24,115,0,115
S01009574,25 to 34,110,0,110
S01009574,35 to 49,191,0,191
S01009574,50 to 64,194,0,194
S01009574,65 and over,250,0,250
S01009575,All people aged 3 and over,510,3,507
S01009575,3 to 15,81,0,81
S01009575,16 to 24,55,0,55
S01009575,25 to 34,59,0,59
S01009575,35 to 49,121,2,119
S01009575,50 to 64,101,0,101
S01009575,65 and over,93,1,92
S01009576,All people aged 3 and over,510,1,509
S01009576,3 to 15,51,0,51
S01009576,16 to 24,40,0,40
S01009576,25 to 34,55,0,55
S01009576,35 to 49,86,0,86
S01009576,50 to 64,187,1,186
S01009576,65 and over,91,0,91
S01009577,All people aged 3 and over,687,3,684
S01009577,3 to 15,89,0,89
S01009577,16 to 24,65,0,65
S01009577,25 to 34,55,0,55
S01009577,35 to 49,144,1,143
S01009577,50 to 64,233,1,232
S01009577,65 and over,101,1,100
S01009578,All people aged 3 and over,734,3,731
S01009578,3 to 15,121,0,121
S01009578,16 to 24,92,0,92
S01009578,25 to 34,101,0,101
S01009578,35 to 49,159,1,158
S01009578,50 to 64,165,1,164
S01009578,65 and over,96,1,95
S01009579,All people aged 3 and over,996,7,989
S01009579,3 to 15,154,2,152
S01009579,16 to 24,112,0,112
S01009579,25 to 34,126,1,125
S01009579,35 to 49,285,0,285
S01009579,50 to 64,200,3,197
S01009579,65 and over,119,1,118
S01009580,All people aged 3 and over,936,2,934
S01009580,3 to 15,188,0,188
S01009580,16 to 24,104,0,104
S01009580,25 to 34,97,0,97
S01009580,35 to 49,287,2,285
S01009580,50 to 64,173,0,173
S01009580,65 and over,87,0,87
S01009581,All people aged 3 and over,540,1,539
S01009581,3 to 15,67,0,67
S01009581,16 to 24,54,0,54
S01009581,25 to 34,75,0,75
S01009581,35 to 49,108,0,108
S01009581,50 to 64,136,1,135
S01009581,65 and over,100,0,100
S01009582,All people aged 3 and over,512,4,508
S01009582,3 to 15,98,0,98
S01009582,16 to 24,50,0,50
S01009582,25 to 34,83,0,83
S01009582,35 to 49,106,0,106
S01009582,50 to 64,84,2,82
S01009582,65 and over,91,2,89
S01009583,All people aged 3 and over,763,8,755
S01009583,3 to 15,140,0,140
S01009583,16 to 24,86,0,86
S01009583,25 to 34,121,1,120
S01009583,35 to 49,163,2,161
S01009583,50 to 64,139,3,136
S01009583,65 and over,114,2,112
S01009584,All people aged 3 and over,513,3,510
S01009584,3 to 15,81,0,81
S01009584,16 to 24,57,1,56
S01009584,25 to 34,66,0,66
S01009584,35 to 49,101,0,101
S01009584,50 to 64,81,0,81
S01009584,65 and over,127,2,125
S01009585,All people aged 3 and over,937,2,935
S01009585,3 to 15,162,0,162
S01009585,16 to 24,99,0,99
S01009585,25 to 34,143,1,142
S01009585,35 to 49,191,0,191
S01009585,50 to 64,237,1,236
S01009585,65 and over,105,0,105
S01009586,All people aged 3 and over,665,6,659
S01009586,3 to 15,76,0,76
S01009586,16 to 24,60,0,60
S01009586,25 to 34,66,1,65
S01009586,35 to 49,101,2,99
S01009586,50 to 64,170,2,168
S01009586,65 and over,192,1,191
S01009587,All people aged 3 and over,693,6,687
S01009587,3 to 15,74,0,74
S01009587,16 to 24,51,0,51
S01009587,25 to 34,68,0,68
S01009587,35 to 49,141,4,137
S01009587,50 to 64,140,1,139
S01009587,65 and over,219,1,218
S01009588,All people aged 3 and over,1029,5,1024
S01009588,3 to 15,132,0,132
S01009588,16 to 24,106,0,106
S01009588,25 to 34,96,0,96
S01009588,35 to 49,209,1,208
S01009588,50 to 64,217,2,215
S01009588,65 and over,269,2,267
S01009589,All people aged 3 and over,919,4,915
S01009589,3 to 15,175,0,175
S01009589,16 to 24,111,0,111
S01009589,25 to 34,135,0,135
S01009589,35 to 49,192,1,191
S01009589,50 to 64,158,1,157
S01009589,65 and over,148,2,146
S01009590,All people aged 3 and over,699,1,698
S01009590,3 to 15,117,0,117
S01009590,16 to 24,60,0,60
S01009590,25 to 34,70,0,70
S01009590,35 to 49,164,1,163
S01009590,50 to 64,168,0,168
S01009590,65 and over,120,0,120
S01009591,All people aged 3 and over,633,3,630
S01009591,3 to 15,66,0,66
S01009591,16 to 24,65,0,65
S01009591,25 to 34,70,1,69
S01009591,35 to 49,147,1,146
S01009591,50 to 64,173,0,173
S01009591,65 and over,112,1,111
S01009592,All people aged 3 and over,544,7,537
S01009592,3 to 15,51,0,51
S01009592,16 to 24,41,1,40
S01009592,25 to 34,24,0,24
S01009592,35 to 49,106,2,104
S01009592,50 to 64,172,2,170
S01009592,65 and over,150,2,148
S01009593,All people aged 3 and over,578,1,577
S01009593,3 to 15,86,1,85
S01009593,16 to 24,63,0,63
S01009593,25 to 34,36,0,36
S01009593,35 to 49,139,0,139
S01009593,50 to 64,163,0,163
S01009593,65 and over,91,0,91
S01009594,All people aged 3 and over,648,0,648
S01009594,3 to 15,105,0,105
S01009594,16 to 24,57,0,57
S01009594,25 to 34,69,0,69
S01009594,35 to 49,166,0,166
S01009594,50 to 64,181,0,181
S01009594,65 and over,70,0,70
S01009595,All people aged 3 and over,493,5,488
S01009595,3 to 15,95,1,94
S01009595,16 to 24,62,0,62
S01009595,25 to 34,47,1,46
S01009595,35 to 49,164,2,162
S01009595,50 to 64,94,1,93
S01009595,65 and over,31,0,31
S01009596,All people aged 3 and over,758,2,756
S01009596,3 to 15,118,0,118
S01009596,16 to 24,96,1,95
S01009596,25 to 34,99,1,98
S01009596,35 to 49,186,0,186
S01009596,50 to 64,170,0,170
S01009596,65 and over,89,0,89
S01009597,All people aged 3 and over,834,9,825
S01009597,3 to 15,201,0,201
S01009597,16 to 24,109,0,109
S01009597,25 to 34,146,1,145
S01009597,35 to 49,176,3,173
S01009597,50 to 64,153,5,148
S01009597,65 and over,49,0,49
S01009598,All people aged 3 and over,634,5,629
S01009598,3 to 15,116,0,116
S01009598,16 to 24,108,0,108
S01009598,25 to 34,81,3,78
S01009598,35 to 49,152,1,151
S01009598,50 to 64,106,1,105
S01009598,65 and over,71,0,71
S01009599,All people aged 3 and over,858,6,852
S01009599,3 to 15,135,0,135
S01009599,16 to 24,94,0,94
S01009599,25 to 34,107,2,105
S01009599,35 to 49,196,0,196
S01009599,50 to 64,205,3,202
S01009599,65 and over,121,1,120
S01009600,All people aged 3 and over,606,5,601
S01009600,3 to 15,95,0,95
S01009600,16 to 24,61,0,61
S01009600,25 to 34,98,0,98
S01009600,35 to 49,125,2,123
S01009600,50 to 64,111,3,108
S01009600,65 and over,116,0,116
S01009601,All people aged 3 and over,649,5,644
S01009601,3 to 15,115,2,113
S01009601,16 to 24,76,0,76
S01009601,25 to 34,103,1,102
S01009601,35 to 49,146,1,145
S01009601,50 to 64,149,1,148
S01009601,65 and over,60,0,60
S01009602,All people aged 3 and over,748,6,742
S01009602,3 to 15,134,0,134
S01009602,16 to 24,64,0,64
S01009602,25 to 34,70,1,69
S01009602,35 to 49,215,0,215
S01009602,50 to 64,195,4,191
S01009602,65 and over,70,1,69
S01009603,All people aged 3 and over,552,1,551
S01009603,3 to 15,81,0,81
S01009603,16 to 24,58,0,58
S01009603,25 to 34,35,0,35
S01009603,35 to 49,134,1,133
S01009603,50 to 64,169,0,169
S01009603,65 and over,75,0,75
S01009604,All people aged 3 and over,818,9,809
S01009604,3 to 15,114,2,112
S01009604,16 to 24,77,0,77
S01009604,25 to 34,122,4,118
S01009604,35 to 49,167,0,167
S01009604,50 to 64,194,0,194
S01009604,65 and over,144,3,141
S01009605,All people aged 3 and over,742,3,739
S01009605,3 to 15,98,0,98
S01009605,16 to 24,100,0,100
S01009605,25 to 34,72,0,72
S01009605,35 to 49,166,1,165
S01009605,50 to 64,174,2,172
S01009605,65 and over,132,0,132
S01009606,All people aged 3 and over,558,2,556
S01009606,3 to 15,90,0,90
S01009606,16 to 24,39,0,39
S01009606,25 to 34,91,0,91
S01009606,35 to 49,149,1,148
S01009606,50 to 64,105,0,105
S01009606,65 and over,84,1,83
S01009607,All people aged 3 and over,511,2,509
S01009607,3 to 15,66,0,66
S01009607,16 to 24,49,0,49
S01009607,25 to 34,48,0,48
S01009607,35 to 49,95,0,95
S01009607,50 to 64,139,1,138
S01009607,65 and over,114,1,113
S01009608,All people aged 3 and over,587,7,580
S01009608,3 to 15,98,1,97
S01009608,16 to 24,61,0,61
S01009608,25 to 34,56,1,55
S01009608,35 to 49,141,2,139
S01009608,50 to 64,125,0,125
S01009608,65 and over,106,3,103
S01009609,All people aged 3 and over,783,8,775
S01009609,3 to 15,118,1,117
S01009609,16 to 24,66,0,66
S01009609,25 to 34,73,1,72
S01009609,35 to 49,217,3,214
S01009609,50 to 64,165,2,163
S01009609,65 and over,144,1,143
S01009610,All people aged 3 and over,947,3,944
S01009610,3 to 15,112,0,112
S01009610,16 to 24,83,0,83
S01009610,25 to 34,112,0,112
S01009610,35 to 49,219,2,217
S01009610,50 to 64,202,0,202
S01009610,65 and over,219,1,218
S01009611,All people aged 3 and over,513,0,513
S01009611,3 to 15,66,0,66
S01009611,16 to 24,49,0,49
S01009611,25 to 34,25,0,25
S01009611,35 to 49,121,0,121
S01009611,50 to 64,142,0,142
S01009611,65 and over,110,0,110
S01009612,All people aged 3 and over,584,8,576
S01009612,3 to 15,78,1,77
S01009612,16 to 24,70,1,69
S01009612,25 to 34,67,1,66
S01009612,35 to 49,144,1,143
S01009612,50 to 64,113,3,110
S01009612,65 and over,112,1,111
S01009613,All people aged 3 and over,452,3,449
S01009613,3 to 15,72,0,72
S01009613,16 to 24,43,1,42
S01009613,25 to 34,31,0,31
S01009613,35 to 49,104,1,103
S01009613,50 to 64,142,1,141
S01009613,65 and over,60,0,60
S01009614,All people aged 3 and over,499,1,498
S01009614,3 to 15,65,0,65
S01009614,16 to 24,38,0,38
S01009614,25 to 34,35,0,35
S01009614,35 to 49,97,0,97
S01009614,50 to 64,153,0,153
S01009614,65 and over,111,1,110
S01009615,All people aged 3 and over,389,0,389
S01009615,3 to 15,45,0,45
S01009615,16 to 24,33,0,33
S01009615,25 to 34,32,0,32
S01009615,35 to 49,76,0,76
S01009615,50 to 64,82,0,82
S01009615,65 and over,121,0,121
S01009616,All people aged 3 and over,701,5,696
S01009616,3 to 15,90,0,90
S01009616,16 to 24,81,0,81
S01009616,25 to 34,106,3,103
S01009616,35 to 49,150,0,150
S01009616,50 to 64,168,1,167
S01009616,65 and over,106,1,105
S01009617,All people aged 3 and over,709,5,704
S01009617,3 to 15,112,0,112
S01009617,16 to 24,73,0,73
S01009617,25 to 34,63,1,62
S01009617,35 to 49,196,2,194
S01009617,50 to 64,170,2,168
S01009617,65 and over,95,0,95
S01009618,All people aged 3 and over,662,2,660
S01009618,3 to 15,93,1,92
S01009618,16 to 24,70,0,70
S01009618,25 to 34,95,1,94
S01009618,35 to 49,143,0,143
S01009618,50 to 64,154,0,154
S01009618,65 and over,107,0,107
S01009619,All people aged 3 and over,599,6,593
S01009619,3 to 15,79,0,79
S01009619,16 to 24,66,0,66
S01009619,25 to 34,74,2,72
S01009619,35 to 49,119,0,119
S01009619,50 to 64,139,1,138
S01009619,65 and over,122,3,119
S01009620,All people aged 3 and over,761,3,758
S01009620,3 to 15,99,0,99
S01009620,16 to 24,81,1,80
S01009620,25 to 34,94,0,94
S01009620,35 to 49,144,0,144
S01009620,50 to 64,171,0,171
S01009620,65 and over,172,2,170
S01009621,All people aged 3 and over,756,8,748
S01009621,3 to 15,101,1,100
S01009621,16 to 24,70,2,68
S01009621,25 to 34,76,0,76
S01009621,35 to 49,153,2,151
S01009621,50 to 64,201,2,199
S01009621,65 and over,155,1,154
S01009622,All people aged 3 and over,692,2,690
S01009622,3 to 15,105,0,105
S01009622,16 to 24,88,0,88
S01009622,25 to 34,97,1,96
S01009622,35 to 49,168,0,168
S01009622,50 to 64,132,1,131
S01009622,65 and over,102,0,102
S01009623,All people aged 3 and over,481,6,475
S01009623,3 to 15,71,0,71
S01009623,16 to 24,47,1,46
S01009623,25 to 34,50,0,50
S01009623,35 to 49,98,1,97
S01009623,50 to 64,107,2,105
S01009623,65 and over,108,2,106
S01009624,All people aged 3 and over,850,1,849
S01009624,3 to 15,117,0,117
S01009624,16 to 24,100,0,100
S01009624,25 to 34,85,0,85
S01009624,35 to 49,163,1,162
S01009624,50 to 64,218,0,218
S01009624,65 and over,167,0,167
S01009625,All people aged 3 and over,835,10,825
S01009625,3 to 15,150,1,149
S01009625,16 to 24,101,0,101
S01009625,25 to 34,106,1,105
S01009625,35 to 49,195,1,194
S01009625,50 to 64,137,6,131
S01009625,65 and over,146,1,145
S01009626,All people aged 3 and over,579,4,575
S01009626,3 to 15,127,1,126
S01009626,16 to 24,85,0,85
S01009626,25 to 34,60,0,60
S01009626,35 to 49,118,0,118
S01009626,50 to 64,98,2,96
S01009626,65 and over,91,1,90
S01009627,All people aged 3 and over,797,4,793
S01009627,3 to 15,141,0,141
S01009627,16 to 24,101,0,101
S01009627,25 to 34,91,1,90
S01009627,35 to 49,177,1,176
S01009627,50 to 64,139,1,138
S01009627,65 and over,148,1,147
S01009628,All people aged 3 and over,509,1,508
S01009628,3 to 15,36,1,35
S01009628,16 to 24,40,0,40
S01009628,25 to 34,38,0,38
S01009628,35 to 49,54,0,54
S01009628,50 to 64,107,0,107
S01009628,65 and over,234,0,234
S01009629,All people aged 3 and over,1036,2,1034
S01009629,3 to 15,209,0,209
S01009629,16 to 24,134,1,133
S01009629,25 to 34,135,0,135
S01009629,35 to 49,249,0,249
S01009629,50 to 64,160,0,160
S01009629,65 and over,149,1,148
S01009630,All people aged 3 and over,775,7,768
S01009630,3 to 15,143,2,141
S01009630,16 to 24,118,0,118
S01009630,25 to 34,91,2,89
S01009630,35 to 49,168,0,168
S01009630,50 to 64,149,3,146
S01009630,65 and over,106,0,106
S01009631,All people aged 3 and over,654,12,642
S01009631,3 to 15,67,0,67
S01009631,16 to 24,71,1,70
S01009631,25 to 34,87,3,84
S01009631,35 to 49,151,5,146
S01009631,50 to 64,170,1,169
S01009631,65 and over,108,2,106
S01009632,All people aged 3 and over,524,3,521
S01009632,3 to 15,72,0,72
S01009632,16 to 24,72,0,72
S01009632,25 to 34,85,0,85
S01009632,35 to 49,95,0,95
S01009632,50 to 64,95,3,92
S01009632,65 and over,105,0,105
S01009633,All people aged 3 and over,710,2,708
S01009633,3 to 15,162,0,162
S01009633,16 to 24,104,1,103
S01009633,25 to 34,87,1,86
S01009633,35 to 49,162,0,162
S01009633,50 to 64,111,0,111
S01009633,65 and over,84,0,84
S01009634,All people aged 3 and over,515,0,515
S01009634,3 to 15,46,0,46
S01009634,16 to 24,52,0,52
S01009634,25 to 34,50,0,50
S01009634,35 to 49,85,0,85
S01009634,50 to 64,95,0,95
S01009634,65 and over,187,0,187
S01009635,All people aged 3 and over,814,4,810
S01009635,3 to 15,108,0,108
S01009635,16 to 24,72,1,71
S01009635,25 to 34,97,1,96
S01009635,35 to 49,188,1,187
S01009635,50 to 64,212,1,211
S01009635,65 and over,137,0,137
S01009636,All people aged 3 and over,852,10,842
S01009636,3 to 15,100,0,100
S01009636,16 to 24,137,4,133
S01009636,25 to 34,115,0,115
S01009636,35 to 49,179,3,176
S01009636,50 to 64,191,3,188
S01009636,65 and over,130,0,130
S01009637,All people aged 3 and over,706,3,703
S01009637,3 to 15,91,0,91
S01009637,16 to 24,88,1,87
S01009637,25 to 34,72,1,71
S01009637,35 to 49,170,0,170
S01009637,50 to 64,154,0,154
S01009637,65 and over,131,1,130
S01009638,All people aged 3 and over,750,2,748
S01009638,3 to 15,195,0,195
S01009638,16 to 24,93,0,93
S01009638,25 to 34,96,0,96
S01009638,35 to 49,159,1,158
S01009638,50 to 64,104,0,104
S01009638,65 and over,103,1,102
S01009639,All people aged 3 and over,796,3,793
S01009639,3 to 15,102,0,102
S01009639,16 to 24,77,0,77
S01009639,25 to 34,38,1,37
S01009639,35 to 49,168,0,168
S01009639,50 to 64,181,0,181
S01009639,65 and over,230,2,228
S01009640,All people aged 3 and over,569,5,564
S01009640,3 to 15,57,0,57
S01009640,16 to 24,47,1,46
S01009640,25 to 34,64,2,62
S01009640,35 to 49,134,2,132
S01009640,50 to 64,102,0,102
S01009640,65 and over,165,0,165
S01009641,All people aged 3 and over,756,11,745
S01009641,3 to 15,72,0,72
S01009641,16 to 24,67,1,66
S01009641,25 to 34,87,1,86
S01009641,35 to 49,153,1,152
S01009641,50 to 64,163,6,157
S01009641,65 and over,214,2,212
S01009642,All people aged 3 and over,888,10,878
S01009642,3 to 15,106,0,106
S01009642,16 to 24,98,0,98
S01009642,25 to 34,140,3,137
S01009642,35 to 49,206,4,202
S01009642,50 to 64,170,2,168
S01009642,65 and over,168,1,167
S01009643,All people aged 3 and over,545,0,545
S01009643,3 to 15,109,0,109
S01009643,16 to 24,50,0,50
S01009643,25 to 34,112,0,112
S01009643,35 to 49,162,0,162
S01009643,50 to 64,73,0,73
S01009643,65 and over,39,0,39
S01009644,All people aged 3 and over,792,3,789
S01009644,3 to 15,131,0,131
S01009644,16 to 24,87,0,87
S01009644,25 to 34,85,0,85
S01009644,35 to 49,182,3,179
S01009644,50 to 64,157,0,157
S01009644,65 and over,150,0,150
S01009645,All people aged 3 and over,622,3,619
S01009645,3 to 15,90,0,90
S01009645,16 to 24,60,0,60
S01009645,25 to 34,88,1,87
S01009645,35 to 49,131,0,131
S01009645,50 to 64,118,0,118
S01009645,65 and over,135,2,133
S01009646,All people aged 3 and over,570,6,564
S01009646,3 to 15,99,1,98
S01009646,16 to 24,78,1,77
S01009646,25 to 34,44,1,43
S01009646,35 to 49,133,0,133
S01009646,50 to 64,114,2,112
S01009646,65 and over,102,1,101
S01009647,All people aged 3 and over,568,3,565
S01009647,3 to 15,56,0,56
S01009647,16 to 24,65,0,65
S01009647,25 to 34,72,2,70
S01009647,35 to 49,108,1,107
S01009647,50 to 64,115,0,115
S01009647,65 and over,152,0,152
S01009648,All people aged 3 and over,856,3,853
S01009648,3 to 15,139,0,139
S01009648,16 to 24,80,0,80
S01009648,25 to 34,89,2,87
S01009648,35 to 49,202,1,201
S01009648,50 to 64,155,0,155
S01009648,65 and over,191,0,191
S01009649,All people aged 3 and over,990,1,989
S01009649,3 to 15,145,0,145
S01009649,16 to 24,123,0,123
S01009649,25 to 34,99,0,99
S01009649,35 to 49,249,0,249
S01009649,50 to 64,211,1,210
S01009649,65 and over,163,0,163
S01009650,All people aged 3 and over,764,0,764
S01009650,3 to 15,72,0,72
S01009650,16 to 24,54,0,54
S01009650,25 to 34,41,0,41
S01009650,35 to 49,120,0,120
S01009650,50 to 64,224,0,224
S01009650,65 and over,253,0,253
S01009651,All people aged 3 and over,895,4,891
S01009651,3 to 15,105,0,105
S01009651,16 to 24,77,0,77
S01009651,25 to 34,54,0,54
S01009651,35 to 49,195,2,193
S01009651,50 to 64,219,1,218
S01009651,65 and over,245,1,244
S01009652,All people aged 3 and over,782,4,778
S01009652,3 to 15,83,0,83
S01009652,16 to 24,50,0,50
S01009652,25 to 34,27,0,27
S01009652,35 to 49,128,1,127
S01009652,50 to 64,199,2,197
S01009652,65 and over,295,1,294
S01009653,All people aged 3 and over,522,2,520
S01009653,3 to 15,77,0,77
S01009653,16 to 24,39,0,39
S01009653,25 to 34,29,0,29
S01009653,35 to 49,122,0,122
S01009653,50 to 64,138,0,138
S01009653,65 and over,117,2,115
S01009654,All people aged 3 and over,564,7,557
S01009654,3 to 15,89,0,89
S01009654,16 to 24,44,1,43
S01009654,25 to 34,48,1,47
S01009654,35 to 49,97,2,95
S01009654,50 to 64,150,3,147
S01009654,65 and over,136,0,136
S01009655,All people aged 3 and over,833,3,830
S01009655,3 to 15,147,0,147
S01009655,16 to 24,96,0,96
S01009655,25 to 34,83,0,83
S01009655,35 to 49,180,2,178
S01009655,50 to 64,190,0,190
S01009655,65 and over,137,1,136
S01009656,All people aged 3 and over,701,6,695
S01009656,3 to 15,88,0,88
S01009656,16 to 24,59,0,59
S01009656,25 to 34,87,2,85
S01009656,35 to 49,116,3,113
S01009656,50 to 64,159,0,159
S01009656,65 and over,192,1,191
S01009657,All people aged 3 and over,748,7,741
S01009657,3 to 15,91,1,90
S01009657,16 to 24,83,0,83
S01009657,25 to 34,84,0,84
S01009657,35 to 49,171,2,169
S01009657,50 to 64,195,3,192
S01009657,65 and over,124,1,123
S01009658,All people aged 3 and over,710,6,704
S01009658,3 to 15,143,0,143
S01009658,16 to 24,75,0,75
S01009658,25 to 34,112,3,109
S01009658,35 to 49,133,1,132
S01009658,50 to 64,171,2,169
S01009658,65 and over,76,0,76
S01009659,All people aged 3 and over,469,6,463
S01009659,3 to 15,54,0,54
S01009659,16 to 24,68,1,67
S01009659,25 to 34,56,3,53
S01009659,35 to 49,106,1,105
S01009659,50 to 64,104,0,104
S01009659,65 and over,81,1,80
S01009660,All people aged 3 and over,1042,5,1037
S01009660,3 to 15,197,0,197
S01009660,16 to 24,115,0,115
S01009660,25 to 34,130,0,130
S01009660,35 to 49,240,2,238
S01009660,50 to 64,225,1,224
S01009660,65 and over,135,2,133
S01009661,All people aged 3 and over,819,6,813
S01009661,3 to 15,111,0,111
S01009661,16 to 24,54,0,54
S01009661,25 to 34,56,0,56
S01009661,35 to 49,194,0,194
S01009661,50 to 64,233,1,232
S01009661,65 and over,171,5,166
S01009662,All people aged 3 and over,687,5,682
S01009662,3 to 15,99,0,99
S01009662,16 to 24,69,0,69
S01009662,25 to 34,53,1,52
S01009662,35 to 49,154,2,152
S01009662,50 to 64,188,2,186
S01009662,65 and over,124,0,124
S01009663,All people aged 3 and over,628,2,626
S01009663,3 to 15,97,0,97
S01009663,16 to 24,58,0,58
S01009663,25 to 34,59,0,59
S01009663,35 to 49,146,0,146
S01009663,50 to 64,171,1,170
S01009663,65 and over,97,1,96
S01009664,All people aged 3 and over,864,10,854
S01009664,3 to 15,130,0,130
S01009664,16 to 24,63,0,63
S01009664,25 to 34,70,2,68
S01009664,35 to 49,208,3,205
S01009664,50 to 64,220,2,218
S01009664,65 and over,173,3,170
S01009665,All people aged 3 and over,643,3,640
S01009665,3 to 15,108,0,108
S01009665,16 to 24,63,0,63
S01009665,25 to 34,62,0,62
S01009665,35 to 49,137,0,137
S01009665,50 to 64,134,0,134
S01009665,65 and over,139,3,136
S01009666,All people aged 3 and over,740,4,736
S01009666,3 to 15,100,0,100
S01009666,16 to 24,74,0,74
S01009666,25 to 34,69,0,69
S01009666,35 to 49,159,1,158
S01009666,50 to 64,171,2,169
S01009666,65 and over,167,1,166
S01009667,All people aged 3 and over,510,3,507
S01009667,3 to 15,73,1,72
S01009667,16 to 24,42,0,42
S01009667,25 to 34,35,0,35
S01009667,35 to 49,133,0,133
S01009667,50 to 64,111,1,110
S01009667,65 and over,116,1,115
S01009668,All people aged 3 and over,568,5,563
S01009668,3 to 15,105,0,105
S01009668,16 to 24,53,1,52
S01009668,25 to 34,60,0,60
S01009668,35 to 49,150,1,149
S01009668,50 to 64,117,2,115
S01009668,65 and over,83,1,82
S01009669,All people aged 3 and over,492,7,485
S01009669,3 to 15,54,0,54
S01009669,16 to 24,39,0,39
S01009669,25 to 34,27,0,27
S01009669,35 to 49,103,3,100
S01009669,50 to 64,120,2,118
S01009669,65 and over,149,2,147
S01009670,All people aged 3 and over,761,5,756
S01009670,3 to 15,110,0,110
S01009670,16 to 24,97,0,97
S01009670,25 to 34,57,1,56
S01009670,35 to 49,165,2,163
S01009670,50 to 64,197,2,195
S01009670,65 and over,135,0,135
S01009671,All people aged 3 and over,612,4,608
S01009671,3 to 15,88,0,88
S01009671,16 to 24,71,0,71
S01009671,25 to 34,47,1,46
S01009671,35 to 49,166,1,165
S01009671,50 to 64,146,1,145
S01009671,65 and over,94,1,93
S01009672,All people aged 3 and over,777,4,773
S01009672,3 to 15,127,0,127
S01009672,16 to 24,64,1,63
S01009672,25 to 34,87,0,87
S01009672,35 to 49,171,0,171
S01009672,50 to 64,185,0,185
S01009672,65 and over,143,3,140
S01009673,All people aged 3 and over,796,3,793
S01009673,3 to 15,122,0,122
S01009673,16 to 24,55,0,55
S01009673,25 to 34,81,0,81
S01009673,35 to 49,181,2,179
S01009673,50 to 64,178,0,178
S01009673,65 and over,179,1,178
S01009674,All people aged 3 and over,854,7,847
S01009674,3 to 15,126,0,126
S01009674,16 to 24,65,0,65
S01009674,25 to 34,63,0,63
S01009674,35 to 49,185,2,183
S01009674,50 to 64,228,2,226
S01009674,65 and over,187,3,184
S01009675,All people aged 3 and over,864,7,857
S01009675,3 to 15,116,0,116
S01009675,16 to 24,89,0,89
S01009675,25 to 34,52,1,51
S01009675,35 to 49,202,3,199
S01009675,50 to 64,224,2,222
S01009675,65 and over,181,1,180
S01009676,All people aged 3 and over,808,7,801
S01009676,3 to 15,149,1,148
S01009676,16 to 24,62,2,60
S01009676,25 to 34,55,1,54
S01009676,35 to 49,184,1,183
S01009676,50 to 64,202,2,200
S01009676,65 and over,156,0,156
S01009677,All people aged 3 and over,572,5,567
S01009677,3 to 15,88,0,88
S01009677,16 to 24,36,1,35
S01009677,25 to 34,39,1,38
S01009677,35 to 49,136,1,135
S01009677,50 to 64,165,2,163
S01009677,65 and over,108,0,108
S01009678,All people aged 3 and over,574,3,571
S01009678,3 to 15,65,0,65
S01009678,16 to 24,55,0,55
S01009678,25 to 34,45,0,45
S01009678,35 to 49,118,3,115
S01009678,50 to 64,142,0,142
S01009678,65 and over,149,0,149
S01009679,All people aged 3 and over,879,8,871
S01009679,3 to 15,127,0,127
S01009679,16 to 24,68,0,68
S01009679,25 to 34,98,0,98
S01009679,35 to 49,208,1,207
S01009679,50 to 64,197,6,191
S01009679,65 and over,181,1,180
S01009680,All people aged 3 and over,779,4,775
S01009680,3 to 15,112,0,112
S01009680,16 to 24,95,0,95
S01009680,25 to 34,84,0,84
S01009680,35 to 49,180,0,180
S01009680,50 to 64,165,2,163
S01009680,65 and over,143,2,141
S01009681,All people aged 3 and over,668,11,657
S01009681,3 to 15,76,0,76
S01009681,16 to 24,59,0,59
S01009681,25 to 34,73,0,73
S01009681,35 to 49,187,3,184
S01009681,50 to 64,164,6,158
S01009681,65 and over,109,2,107
S01009682,All people aged 3 and over,597,3,594
S01009682,3 to 15,92,0,92
S01009682,16 to 24,38,0,38
S01009682,25 to 34,70,1,69
S01009682,35 to 49,122,0,122
S01009682,50 to 64,144,1,143
S01009682,65 and over,131,1,130
S01009683,All people aged 3 and over,845,8,837
S01009683,3 to 15,86,0,86
S01009683,16 to 24,115,2,113
S01009683,25 to 34,64,1,63
S01009683,35 to 49,136,2,134
S01009683,50 to 64,200,1,199
S01009683,65 and over,244,2,242
S01009684,All people aged 3 and over,1058,5,1053
S01009684,3 to 15,218,0,218
S01009684,16 to 24,108,0,108
S01009684,25 to 34,70,0,70
S01009684,35 to 49,299,1,298
S01009684,50 to 64,239,3,236
S01009684,65 and over,124,1,123
S01009685,All people aged 3 and over,618,8,610
S01009685,3 to 15,95,0,95
S01009685,16 to 24,46,0,46
S01009685,25 to 34,68,1,67
S01009685,35 to 49,136,3,133
S01009685,50 to 64,146,3,143
S01009685,65 and over,127,1,126
S01009686,All people aged 3 and over,1075,12,1063
S01009686,3 to 15,152,0,152
S01009686,16 to 24,150,2,148
S01009686,25 to 34,162,3,159
S01009686,35 to 49,250,2,248
S01009686,50 to 64,156,4,152
S01009686,65 and over,205,1,204
S01009687,All people aged 3 and over,687,8,679
S01009687,3 to 15,115,2,113
S01009687,16 to 24,69,0,69
S01009687,25 to 34,91,0,91
S01009687,35 to 49,159,3,156
S01009687,50 to 64,135,1,134
S01009687,65 and over,118,2,116
S01009688,All people aged 3 and over,854,7,847
S01009688,3 to 15,148,1,147
S01009688,16 to 24,132,0,132
S01009688,25 to 34,118,0,118
S01009688,35 to 49,202,3,199
S01009688,50 to 64,106,2,104
S01009688,65 and over,148,1,147
S01009689,All people aged 3 and over,577,2,575
S01009689,3 to 15,58,0,58
S01009689,16 to 24,85,0,85
S01009689,25 to 34,96,1,95
S01009689,35 to 49,136,1,135
S01009689,50 to 64,100,0,100
S01009689,65 and over,102,0,102
S01009690,All people aged 3 and over,687,4,683
S01009690,3 to 15,94,0,94
S01009690,16 to 24,74,0,74
S01009690,25 to 34,73,1,72
S01009690,35 to 49,204,2,202
S01009690,50 to 64,131,1,130
S01009690,65 and over,111,0,111
S01009691,All people aged 3 and over,595,6,589
S01009691,3 to 15,93,1,92
S01009691,16 to 24,64,1,63
S01009691,25 to 34,42,0,42
S01009691,35 to 49,127,2,125
S01009691,50 to 64,124,2,122
S01009691,65 and over,145,0,145
S01009692,All people aged 3 and over,1039,11,1028
S01009692,3 to 15,121,0,121
S01009692,16 to 24,77,0,77
S01009692,25 to 34,66,0,66
S01009692,35 to 49,198,1,197
S01009692,50 to 64,244,4,240
S01009692,65 and over,333,6,327
S01009693,All people aged 3 and over,610,5,605
S01009693,3 to 15,88,0,88
S01009693,16 to 24,61,0,61
S01009693,25 to 34,54,1,53
S01009693,35 to 49,138,1,137
S01009693,50 to 64,138,2,136
S01009693,65 and over,131,1,130
S01009694,All people aged 3 and over,991,8,983
S01009694,3 to 15,117,0,117
S01009694,16 to 24,67,0,67
S01009694,25 to 34,42,0,42
S01009694,35 to 49,200,1,199
S01009694,50 to 64,233,4,229
S01009694,65 and over,332,3,329
S01009695,All people aged 3 and over,608,6,602
S01009695,3 to 15,87,2,85
S01009695,16 to 24,35,0,35
S01009695,25 to 34,40,0,40
S01009695,35 to 49,133,2,131
S01009695,50 to 64,153,1,152
S01009695,65 and over,160,1,159
S01009696,All people aged 3 and over,932,8,924
S01009696,3 to 15,139,0,139
S01009696,16 to 24,67,0,67
S01009696,25 to 34,67,1,66
S01009696,35 to 49,212,3,209
S01009696,50 to 64,226,1,225
S01009696,65 and over,221,3,218
S01009697,All people aged 3 and over,680,6,674
S01009697,3 to 15,91,0,91
S01009697,16 to 24,41,0,41
S01009697,25 to 34,66,1,65
S01009697,35 to 49,148,1,147
S01009697,50 to 64,174,2,172
S01009697,65 and over,160,2,158
S01009698,All people aged 3 and over,560,6,554
S01009698,3 to 15,74,0,74
S01009698,16 to 24,59,0,59
S01009698,25 to 34,52,0,52
S01009698,35 to 49,123,0,123
S01009698,50 to 64,168,2,166
S01009698,65 and over,84,4,80
S01009699,All people aged 3 and over,461,6,455
S01009699,3 to 15,49,0,49
S01009699,16 to 24,33,0,33
S01009699,25 to 34,30,2,28
S01009699,35 to 49,77,0,77
S01009699,50 to 64,107,2,105
S01009699,65 and over,165,2,163
S01009700,All people aged 3 and over,635,10,625
S01009700,3 to 15,84,2,82
S01009700,16 to 24,58,2,56
S01009700,25 to 34,50,1,49
S01009700,35 to 49,137,1,136
S01009700,50 to 64,151,3,148
S01009700,65 and over,155,1,154
S01009701,All people aged 3 and over,442,1,441
S01009701,3 to 15,37,0,37
S01009701,16 to 24,24,0,24
S01009701,25 to 34,22,0,22
S01009701,35 to 49,59,0,59
S01009701,50 to 64,94,1,93
S01009701,65 and over,206,0,206
S01009702,All people aged 3 and over,623,12,611
S01009702,3 to 15,105,2,103
S01009702,16 to 24,61,3,58
S01009702,25 to 34,59,2,57
S01009702,35 to 49,146,0,146
S01009702,50 to 64,125,1,124
S01009702,65 and over,127,4,123
S01009703,All people aged 3 and over,553,4,549
S01009703,3 to 15,68,0,68
S01009703,16 to 24,47,0,47
S01009703,25 to 34,38,0,38
S01009703,35 to 49,119,0,119
S01009703,50 to 64,137,2,135
S01009703,65 and over,144,2,142
S01009704,All people aged 3 and over,895,8,887
S01009704,3 to 15,111,1,110
S01009704,16 to 24,72,1,71
S01009704,25 to 34,63,0,63
S01009704,35 to 49,199,3,196
S01009704,50 to 64,222,2,220
S01009704,65 and over,228,1,227
S01009705,All people aged 3 and over,712,9,703
S01009705,3 to 15,94,0,94
S01009705,16 to 24,58,0,58
S01009705,25 to 34,83,2,81
S01009705,35 to 49,151,2,149
S01009705,50 to 64,169,2,167
S01009705,65 and over,157,3,154
S01009706,All people aged 3 and over,606,6,600
S01009706,3 to 15,97,0,97
S01009706,16 to 24,51,0,51
S01009706,25 to 34,65,0,65
S01009706,35 to 49,135,1,134
S01009706,50 to 64,117,1,116
S01009706,65 and over,141,4,137
S01009707,All people aged 3 and over,463,1,462
S01009707,3 to 15,59,0,59
S01009707,16 to 24,49,0,49
S01009707,25 to 34,52,0,52
S01009707,35 to 49,115,0,115
S01009707,50 to 64,111,1,110
S01009707,65 and over,77,0,77
S01009708,All people aged 3 and over,604,8,596
S01009708,3 to 15,85,0,85
S01009708,16 to 24,48,0,48
S01009708,25 to 34,47,0,47
S01009708,35 to 49,122,1,121
S01009708,50 to 64,142,1,141
S01009708,65 and over,160,6,154
S01009709,All people aged 3 and over,774,6,768
S01009709,3 to 15,81,0,81
S01009709,16 to 24,51,1,50
S01009709,25 to 34,69,0,69
S01009709,35 to 49,146,2,144
S01009709,50 to 64,224,2,222
S01009709,65 and over,203,1,202
S01009710,All people aged 3 and over,542,3,539
S01009710,3 to 15,100,0,100
S01009710,16 to 24,55,0,55
S01009710,25 to 34,55,0,55
S01009710,35 to 49,148,1,147
S01009710,50 to 64,102,2,100
S01009710,65 and over,82,0,82
S01009711,All people aged 3 and over,763,4,759
S01009711,3 to 15,104,0,104
S01009711,16 to 24,86,0,86
S01009711,25 to 34,70,2,68
S01009711,35 to 49,144,0,144
S01009711,50 to 64,171,2,169
S01009711,65 and over,188,0,188
S01009712,All people aged 3 and over,578,5,573
S01009712,3 to 15,76,0,76
S01009712,16 to 24,52,0,52
S01009712,25 to 34,51,0,51
S01009712,35 to 49,124,1,123
S01009712,50 to 64,144,2,142
S01009712,65 and over,131,2,129
S01009713,All people aged 3 and over,879,6,873
S01009713,3 to 15,104,0,104
S01009713,16 to 24,80,1,79
S01009713,25 to 34,57,1,56
S01009713,35 to 49,168,0,168
S01009713,50 to 64,191,3,188
S01009713,65 and over,279,1,278
S01009714,All people aged 3 and over,902,6,896
S01009714,3 to 15,100,0,100
S01009714,16 to 24,83,0,83
S01009714,25 to 34,66,0,66
S01009714,35 to 49,160,1,159
S01009714,50 to 64,205,2,203
S01009714,65 and over,288,3,285
S01009715,All people aged 3 and over,624,7,617
S01009715,3 to 15,60,0,60
S01009715,16 to 24,40,0,40
S01009715,25 to 34,54,0,54
S01009715,35 to 49,131,2,129
S01009715,50 to 64,188,3,185
S01009715,65 and over,151,2,149
S01009716,All people aged 3 and over,712,9,703
S01009716,3 to 15,61,0,61
S01009716,16 to 24,109,1,108
S01009716,25 to 34,66,1,65
S01009716,35 to 49,109,2,107
S01009716,50 to 64,154,2,152
S01009716,65 and over,213,3,210
S01009717,All people aged 3 and over,987,14,973
S01009717,3 to 15,82,0,82
S01009717,16 to 24,453,9,444
S01009717,25 to 34,122,3,119
S01009717,35 to 49,138,1,137
S01009717,50 to 64,78,0,78
S01009717,65 and over,114,1,113
S01009718,All people aged 3 and over,708,8,700
S01009718,3 to 15,82,0,82
S01009718,16 to 24,146,2,144
S01009718,25 to 34,119,3,116
S01009718,35 to 49,122,1,121
S01009718,50 to 64,122,2,120
S01009718,65 and over,117,0,117
S01009719,All people aged 3 and over,723,8,715
S01009719,3 to 15,76,0,76
S01009719,16 to 24,129,2,127
S01009719,25 to 34,85,1,84
S01009719,35 to 49,144,1,143
S01009719,50 to 64,130,2,128
S01009719,65 and over,159,2,157
S01009720,All people aged 3 and over,765,3,762
S01009720,3 to 15,54,0,54
S01009720,16 to 24,139,0,139
S01009720,25 to 34,125,0,125
S01009720,35 to 49,99,0,99
S01009720,50 to 64,154,1,153
S01009720,65 and over,194,2,192
S01009721,All people aged 3 and over,578,6,572
S01009721,3 to 15,14,0,14
S01009721,16 to 24,419,6,413
S01009721,25 to 34,83,0,83
S01009721,35 to 49,21,0,21
S01009721,50 to 64,18,0,18
S01009721,65 and over,23,0,23
S01009722,All people aged 3 and over,1127,18,1109
S01009722,3 to 15,49,2,47
S01009722,16 to 24,738,11,727
S01009722,25 to 34,94,1,93
S01009722,35 to 49,55,2,53
S01009722,50 to 64,72,0,72
S01009722,65 and over,119,2,117
S01009723,All people aged 3 and over,768,4,764
S01009723,3 to 15,12,0,12
S01009723,16 to 24,443,2,441
S01009723,25 to 34,134,0,134
S01009723,35 to 49,37,0,37
S01009723,50 to 64,49,0,49
S01009723,65 and over,93,2,91
S01009724,All people aged 3 and over,965,8,957
S01009724,3 to 15,74,0,74
S01009724,16 to 24,335,2,333
S01009724,25 to 34,144,3,141
S01009724,35 to 49,138,0,138
S01009724,50 to 64,122,1,121
S01009724,65 and over,152,2,150
S01009725,All people aged 3 and over,677,5,672
S01009725,3 to 15,18,0,18
S01009725,16 to 24,448,4,444
S01009725,25 to 34,48,0,48
S01009725,35 to 49,49,0,49
S01009725,50 to 64,39,1,38
S01009725,65 and over,75,0,75
S01009726,All people aged 3 and over,1040,12,1028
S01009726,3 to 15,14,0,14
S01009726,16 to 24,811,9,802
S01009726,25 to 34,64,1,63
S01009726,35 to 49,41,1,40
S01009726,50 to 64,43,1,42
S01009726,65 and over,67,0,67
S01009727,All people aged 3 and over,836,10,826
S01009727,3 to 15,161,0,161
S01009727,16 to 24,119,2,117
S01009727,25 to 34,91,2,89
S01009727,35 to 49,166,2,164
S01009727,50 to 64,181,3,178
S01009727,65 and over,118,1,117
S01009728,All people aged 3 and over,713,7,706
S01009728,3 to 15,73,0,73
S01009728,16 to 24,70,1,69
S01009728,25 to 34,80,2,78
S01009728,35 to 49,113,1,112
S01009728,50 to 64,213,0,213
S01009728,65 and over,164,3,161
S01009729,All people aged 3 and over,613,9,604
S01009729,3 to 15,59,1,58
S01009729,16 to 24,47,1,46
S01009729,25 to 34,42,0,42
S01009729,35 to 49,97,1,96
S01009729,50 to 64,169,1,168
S01009729,65 and over,199,5,194
S01009730,All people aged 3 and over,564,3,561
S01009730,3 to 15,54,0,54
S01009730,16 to 24,101,0,101
S01009730,25 to 34,99,1,98
S01009730,35 to 49,72,0,72
S01009730,50 to 64,104,0,104
S01009730,65 and over,134,2,132
S01009731,All people aged 3 and over,572,6,566
S01009731,3 to 15,42,0,42
S01009731,16 to 24,84,0,84
S01009731,25 to 34,38,0,38
S01009731,35 to 49,60,3,57
S01009731,50 to 64,127,0,127
S01009731,65 and over,221,3,218
S01009732,All people aged 3 and over,791,3,788
S01009732,3 to 15,46,0,46
S01009732,16 to 24,337,1,336
S01009732,25 to 34,71,0,71
S01009732,35 to 49,78,1,77
S01009732,50 to 64,110,0,110
S01009732,65 and over,149,1,148
S01009733,All people aged 3 and over,484,4,480
S01009733,3 to 15,63,0,63
S01009733,16 to 24,40,0,40
S01009733,25 to 34,26,0,26
S01009733,35 to 49,103,1,102
S01009733,50 to 64,156,2,154
S01009733,65 and over,96,1,95
S01009734,All people aged 3 and over,873,9,864
S01009734,3 to 15,139,0,139
S01009734,16 to 24,106,0,106
S01009734,25 to 34,65,0,65
S01009734,35 to 49,191,0,191
S01009734,50 to 64,199,6,193
S01009734,65 and over,173,3,170
S01009735,All people aged 3 and over,1226,14,1212
S01009735,3 to 15,93,0,93
S01009735,16 to 24,467,8,459
S01009735,25 to 34,104,1,103
S01009735,35 to 49,102,0,102
S01009735,50 to 64,191,1,190
S01009735,65 and over,269,4,265
S01009736,All people aged 3 and over,2668,42,2626
S01009736,3 to 15,33,0,33
S01009736,16 to 24,2212,38,2174
S01009736,25 to 34,136,1,135
S01009736,35 to 49,41,1,40
S01009736,50 to 64,57,1,56
S01009736,65 and over,189,1,188
S01009737,All people aged 3 and over,734,11,723
S01009737,3 to 15,98,0,98
S01009737,16 to 24,91,1,90
S01009737,25 to 34,166,4,162
S01009737,35 to 49,162,2,160
S01009737,50 to 64,111,4,107
S01009737,65 and over,106,0,106
S01009738,All people aged 3 and over,406,4,402
S01009738,3 to 15,35,0,35
S01009738,16 to 24,40,0,40
S01009738,25 to 34,70,2,68
S01009738,35 to 49,94,0,94
S01009738,50 to 64,103,2,101
S01009738,65 and over,64,0,64
S01009739,All people aged 3 and over,730,4,726
S01009739,3 to 15,158,0,158
S01009739,16 to 24,84,0,84
S01009739,25 to 34,138,2,136
S01009739,35 to 49,241,1,240
S01009739,50 to 64,80,0,80
S01009739,65 and over,29,1,28
S01009740,All people aged 3 and over,526,4,522
S01009740,3 to 15,79,0,79
S01009740,16 to 24,60,0,60
S01009740,25 to 34,79,0,79
S01009740,35 to 49,130,1,129
S01009740,50 to 64,65,1,64
S01009740,65 and over,113,2,111
S01009741,All people aged 3 and over,882,7,875
S01009741,3 to 15,178,1,177
S01009741,16 to 24,226,2,224
S01009741,25 to 34,248,3,245
S01009741,35 to 49,172,1,171
S01009741,50 to 64,28,0,28
S01009741,65 and over,30,0,30
S01009742,All people aged 3 and over,481,1,480
S01009742,3 to 15,63,0,63
S01009742,16 to 24,44,0,44
S01009742,25 to 34,21,0,21
S01009742,35 to 49,120,0,120
S01009742,50 to 64,144,1,143
S01009742,65 and over,89,0,89
S01009743,All people aged 3 and over,917,4,913
S01009743,3 to 15,122,0,122
S01009743,16 to 24,58,0,58
S01009743,25 to 34,65,1,64
S01009743,35 to 49,193,0,193
S01009743,50 to 64,250,1,249
S01009743,65 and over,229,2,227
S01009744,All people aged 3 and over,680,11,669
S01009744,3 to 15,86,2,84
S01009744,16 to 24,59,1,58
S01009744,25 to 34,42,2,40
S01009744,35 to 49,145,3,142
S01009744,50 to 64,201,2,199
S01009744,65 and over,147,1,146
S01009745,All people aged 3 and over,1050,7,1043
S01009745,3 to 15,179,0,179
S01009745,16 to 24,76,0,76
S01009745,25 to 34,79,1,78
S01009745,35 to 49,258,3,255
S01009745,50 to 64,256,3,253
S01009745,65 and over,202,0,202
S01009746,All people aged 3 and over,546,3,543
S01009746,3 to 15,89,0,89
S01009746,16 to 24,37,1,36
S01009746,25 to 34,31,0,31
S01009746,35 to 49,151,1,150
S01009746,50 to 64,161,1,160
S01009746,65 and over,77,0,77
S01009747,All people aged 3 and over,632,3,629
S01009747,3 to 15,74,0,74
S01009747,16 to 24,52,0,52
S01009747,25 to 34,85,0,85
S01009747,35 to 49,172,2,170
S01009747,50 to 64,134,0,134
S01009747,65 and over,115,1,114
S01009748,All people aged 3 and over,679,4,675
S01009748,3 to 15,91,0,91
S01009748,16 to 24,53,0,53
S01009748,25 to 34,50,1,49
S01009748,35 to 49,167,2,165
S01009748,50 to 64,186,1,185
S01009748,65 and over,132,0,132
S01009749,All people aged 3 and over,937,7,930
S01009749,3 to 15,122,1,121
S01009749,16 to 24,92,1,91
S01009749,25 to 34,72,1,71
S01009749,35 to 49,218,1,217
S01009749,50 to 64,234,2,232
S01009749,65 and over,199,1,198
S01009750,All people aged 3 and over,657,7,650
S01009750,3 to 15,97,0,97
S01009750,16 to 24,74,0,74
S01009750,25 to 34,79,0,79
S01009750,35 to 49,151,1,150
S01009750,50 to 64,127,2,125
S01009750,65 and over,129,4,125
S01009751,All people aged 3 and over,794,11,783
S01009751,3 to 15,114,0,114
S01009751,16 to 24,92,1,91
S01009751,25 to 34,97,1,96
S01009751,35 to 49,170,3,167
S01009751,50 to 64,195,3,192
S01009751,65 and over,126,3,123
S01009752,All people aged 3 and over,580,2,578
S01009752,3 to 15,85,0,85
S01009752,16 to 24,44,0,44
S01009752,25 to 34,42,2,40
S01009752,35 to 49,115,0,115
S01009752,50 to 64,159,0,159
S01009752,65 and over,135,0,135
S01009753,All people aged 3 and over,695,9,686
S01009753,3 to 15,93,0,93
S01009753,16 to 24,37,0,37
S01009753,25 to 34,55,0,55
S01009753,35 to 49,134,2,132
S01009753,50 to 64,159,3,156
S01009753,65 and over,217,4,213
S01009754,All people aged 3 and over,825,10,815
S01009754,3 to 15,105,2,103
S01009754,16 to 24,86,2,84
S01009754,25 to 34,104,0,104
S01009754,35 to 49,134,4,130
S01009754,50 to 64,186,0,186
S01009754,65 and over,210,2,208
S01009755,All people aged 3 and over,652,3,649
S01009755,3 to 15,105,0,105
S01009755,16 to 24,62,0,62
S01009755,25 to 34,67,1,66
S01009755,35 to 49,158,1,157
S01009755,50 to 64,146,0,146
S01009755,65 and over,114,1,113
S01009756,All people aged 3 and over,724,6,718
S01009756,3 to 15,102,0,102
S01009756,16 to 24,66,0,66
S01009756,25 to 34,46,0,46
S01009756,35 to 49,175,0,175
S01009756,50 to 64,182,2,180
S01009756,65 and over,153,4,149
S01009757,All people aged 3 and over,651,8,643
S01009757,3 to 15,112,0,112
S01009757,16 to 24,52,0,52
S01009757,25 to 34,38,0,38
S01009757,35 to 49,142,3,139
S01009757,50 to 64,176,3,173
S01009757,65 and over,131,2,129
S01009758,All people aged 3 and over,581,7,574
S01009758,3 to 15,67,0,67
S01009758,16 to 24,70,0,70
S01009758,25 to 34,70,2,68
S01009758,35 to 49,138,1,137
S01009758,50 to 64,133,3,130
S01009758,65 and over,103,1,102
S01009759,All people aged 3 and over,871,9,862
S01009759,3 to 15,188,2,186
S01009759,16 to 24,161,2,159
S01009759,25 to 34,164,2,162
S01009759,35 to 49,201,0,201
S01009759,50 to 64,97,1,96
S01009759,65 and over,60,2,58
S01009760,All people aged 3 and over,854,4,850
S01009760,3 to 15,172,0,172
S01009760,16 to 24,116,0,116
S01009760,25 to 34,123,1,122
S01009760,35 to 49,188,0,188
S01009760,50 to 64,134,2,132
S01009760,65 and over,121,1,120
S01009761,All people aged 3 and over,898,15,883
S01009761,3 to 15,157,3,154
S01009761,16 to 24,110,2,108
S01009761,25 to 34,111,4,107
S01009761,35 to 49,223,2,221
S01009761,50 to 64,185,2,183
S01009761,65 and over,112,2,110
S01009762,All people aged 3 and over,875,18,857
S01009762,3 to 15,141,2,139
S01009762,16 to 24,149,7,142
S01009762,25 to 34,152,2,150
S01009762,35 to 49,199,4,195
S01009762,50 to 64,164,1,163
S01009762,65 and over,70,2,68
S01009763,All people aged 3 and over,739,8,731
S01009763,3 to 15,152,0,152
S01009763,16 to 24,104,2,102
S01009763,25 to 34,91,4,87
S01009763,35 to 49,196,1,195
S01009763,50 to 64,147,1,146
S01009763,65 and over,49,0,49
S01009764,All people aged 3 and over,645,4,641
S01009764,3 to 15,146,0,146
S01009764,16 to 24,74,0,74
S01009764,25 to 34,101,0,101
S01009764,35 to 49,185,1,184
S01009764,50 to 64,95,2,93
S01009764,65 and over,44,1,43
S01009765,All people aged 3 and over,977,4,973
S01009765,3 to 15,210,0,210
S01009765,16 to 24,96,0,96
S01009765,25 to 34,126,0,126
S01009765,35 to 49,252,1,251
S01009765,50 to 64,143,0,143
S01009765,65 and over,150,3,147
S01009766,All people aged 3 and over,545,6,539
S01009766,3 to 15,87,0,87
S01009766,16 to 24,72,0,72
S01009766,25 to 34,78,3,75
S01009766,35 to 49,140,2,138
S01009766,50 to 64,129,1,128
S01009766,65 and over,39,0,39
S01009767,All people aged 3 and over,540,4,536
S01009767,3 to 15,70,0,70
S01009767,16 to 24,60,1,59
S01009767,25 to 34,70,0,70
S01009767,35 to 49,118,1,117
S01009767,50 to 64,111,2,109
S01009767,65 and over,111,0,111
S01009768,All people aged 3 and over,559,7,552
S01009768,3 to 15,94,0,94
S01009768,16 to 24,74,2,72
S01009768,25 to 34,119,0,119
S01009768,35 to 49,159,3,156
S01009768,50 to 64,88,2,86
S01009768,65 and over,25,0,25
S01009769,All people aged 3 and over,667,6,661
S01009769,3 to 15,100,2,98
S01009769,16 to 24,73,0,73
S01009769,25 to 34,150,0,150
S01009769,35 to 49,169,2,167
S01009769,50 to 64,62,0,62
S01009769,65 and over,113,2,111
S01009770,All people aged 3 and over,676,3,673
S01009770,3 to 15,114,1,113
S01009770,16 to 24,95,0,95
S01009770,25 to 34,72,1,71
S01009770,35 to 49,194,0,194
S01009770,50 to 64,138,0,138
S01009770,65 and over,63,1,62
S01009771,All people aged 3 and over,855,15,840
S01009771,3 to 15,184,2,182
S01009771,16 to 24,121,3,118
S01009771,25 to 34,98,7,91
S01009771,35 to 49,227,1,226
S01009771,50 to 64,170,0,170
S01009771,65 and over,55,2,53
S01009772,All people aged 3 and over,608,11,597
S01009772,3 to 15,105,1,104
S01009772,16 to 24,73,1,72
S01009772,25 to 34,93,2,91
S01009772,35 to 49,167,3,164
S01009772,50 to 64,113,2,111
S01009772,65 and over,57,2,55
S01009773,All people aged 3 and over,591,4,587
S01009773,3 to 15,170,2,168
S01009773,16 to 24,92,0,92
S01009773,25 to 34,74,0,74
S01009773,35 to 49,201,2,199
S01009773,50 to 64,43,0,43
S01009773,65 and over,11,0,11
S01009774,All people aged 3 and over,500,7,493
S01009774,3 to 15,145,1,144
S01009774,16 to 24,50,1,49
S01009774,25 to 34,100,2,98
S01009774,35 to 49,154,3,151
S01009774,50 to 64,44,0,44
S01009774,65 and over,7,0,7
S01009775,All people aged 3 and over,782,7,775
S01009775,3 to 15,100,0,100
S01009775,16 to 24,125,1,124
S01009775,25 to 34,96,1,95
S01009775,35 to 49,168,1,167
S01009775,50 to 64,162,2,160
S01009775,65 and over,131,2,129
S01009776,All people aged 3 and over,681,9,672
S01009776,3 to 15,152,1,151
S01009776,16 to 24,103,2,101
S01009776,25 to 34,91,1,90
S01009776,35 to 49,138,1,137
S01009776,50 to 64,108,1,107
S01009776,65 and over,89,3,86
S01009777,All people aged 3 and over,455,7,448
S01009777,3 to 15,68,0,68
S01009777,16 to 24,61,0,61
S01009777,25 to 34,99,2,97
S01009777,35 to 49,114,4,110
S01009777,50 to 64,63,0,63
S01009777,65 and over,50,1,49
S01009778,All people aged 3 and over,806,4,802
S01009778,3 to 15,95,0,95
S01009778,16 to 24,93,1,92
S01009778,25 to 34,63,0,63
S01009778,35 to 49,147,0,147
S01009778,50 to 64,179,1,178
S01009778,65 and over,229,2,227
S01009779,All people aged 3 and over,539,5,534
S01009779,3 to 15,90,1,89
S01009779,16 to 24,67,1,66
S01009779,25 to 34,64,0,64
S01009779,35 to 49,88,1,87
S01009779,50 to 64,106,1,105
S01009779,65 and over,124,1,123
S01009780,All people aged 3 and over,578,7,571
S01009780,3 to 15,133,1,132
S01009780,16 to 24,110,0,110
S01009780,25 to 34,72,1,71
S01009780,35 to 49,129,4,125
S01009780,50 to 64,106,1,105
S01009780,65 and over,28,0,28
S01009781,All people aged 3 and over,530,7,523
S01009781,3 to 15,104,0,104
S01009781,16 to 24,64,0,64
S01009781,25 to 34,64,2,62
S01009781,35 to 49,116,1,115
S01009781,50 to 64,94,3,91
S01009781,65 and over,88,1,87
S01009782,All people aged 3 and over,510,2,508
S01009782,3 to 15,114,0,114
S01009782,16 to 24,63,1,62
S01009782,25 to 34,121,1,120
S01009782,35 to 49,127,0,127
S01009782,50 to 64,74,0,74
S01009782,65 and over,11,0,11
S01009783,All people aged 3 and over,703,5,698
S01009783,3 to 15,137,1,136
S01009783,16 to 24,99,0,99
S01009783,25 to 34,99,1,98
S01009783,35 to 49,197,0,197
S01009783,50 to 64,109,3,106
S01009783,65 and over,62,0,62
S01009784,All people aged 3 and over,741,5,736
S01009784,3 to 15,150,0,150
S01009784,16 to 24,105,0,105
S01009784,25 to 34,98,0,98
S01009784,35 to 49,163,4,159
S01009784,50 to 64,131,1,130
S01009784,65 and over,94,0,94
S01009785,All people aged 3 and over,774,5,769
S01009785,3 to 15,122,0,122
S01009785,16 to 24,105,0,105
S01009785,25 to 34,81,2,79
S01009785,35 to 49,176,2,174
S01009785,50 to 64,160,0,160
S01009785,65 and over,130,1,129
S01009786,All people aged 3 and over,941,6,935
S01009786,3 to 15,195,0,195
S01009786,16 to 24,125,0,125
S01009786,25 to 34,101,2,99
S01009786,35 to 49,219,3,216
S01009786,50 to 64,152,1,151
S01009786,65 and over,149,0,149
S01009787,All people aged 3 and over,837,2,835
S01009787,3 to 15,137,0,137
S01009787,16 to 24,113,0,113
S01009787,25 to 34,92,0,92
S01009787,35 to 49,179,0,179
S01009787,50 to 64,164,1,163
S01009787,65 and over,152,1,151
S01009788,All people aged 3 and over,815,2,813
S01009788,3 to 15,98,0,98
S01009788,16 to 24,86,0,86
S01009788,25 to 34,68,0,68
S01009788,35 to 49,163,0,163
S01009788,50 to 64,177,1,176
S01009788,65 and over,223,1,222
S01009789,All people aged 3 and over,868,13,855
S01009789,3 to 15,120,1,119
S01009789,16 to 24,109,0,109
S01009789,25 to 34,84,2,82
S01009789,35 to 49,192,3,189
S01009789,50 to 64,176,3,173
S01009789,65 and over,187,4,183
S01009790,All people aged 3 and over,619,6,613
S01009790,3 to 15,100,3,97
S01009790,16 to 24,87,0,87
S01009790,25 to 34,51,1,50
S01009790,35 to 49,163,1,162
S01009790,50 to 64,106,1,105
S01009790,65 and over,112,0,112
S01009791,All people aged 3 and over,644,6,638
S01009791,3 to 15,113,0,113
S01009791,16 to 24,104,1,103
S01009791,25 to 34,65,1,64
S01009791,35 to 49,143,0,143
S01009791,50 to 64,109,0,109
S01009791,65 and over,110,4,106
S01009792,All people aged 3 and over,916,14,902
S01009792,3 to 15,198,4,194
S01009792,16 to 24,128,2,126
S01009792,25 to 34,119,0,119
S01009792,35 to 49,298,7,291
S01009792,50 to 64,140,1,139
S01009792,65 and over,33,0,33
S01009793,All people aged 3 and over,854,23,831
S01009793,3 to 15,93,4,89
S01009793,16 to 24,80,3,77
S01009793,25 to 34,119,0,119
S01009793,35 to 49,172,7,165
S01009793,50 to 64,215,7,208
S01009793,65 and over,175,2,173
S01009794,All people aged 3 and over,495,6,489
S01009794,3 to 15,96,1,95
S01009794,16 to 24,46,0,46
S01009794,25 to 34,70,1,69
S01009794,35 to 49,179,3,176
S01009794,50 to 64,77,1,76
S01009794,65 and over,27,0,27
S01009795,All people aged 3 and over,821,15,806
S01009795,3 to 15,176,7,169
S01009795,16 to 24,111,1,110
S01009795,25 to 34,60,0,60
S01009795,35 to 49,271,4,267
S01009795,50 to 64,164,2,162
S01009795,65 and over,39,1,38
S01009796,All people aged 3 and over,727,18,709
S01009796,3 to 15,104,0,104
S01009796,16 to 24,66,2,64
S01009796,25 to 34,88,1,87
S01009796,35 to 49,177,5,172
S01009796,50 to 64,170,7,163
S01009796,65 and over,122,3,119
S01009797,All people aged 3 and over,747,7,740
S01009797,3 to 15,117,1,116
S01009797,16 to 24,98,1,97
S01009797,25 to 34,100,0,100
S01009797,35 to 49,198,1,197
S01009797,50 to 64,141,1,140
S01009797,65 and over,93,3,90
S01009798,All people aged 3 and over,702,5,697
S01009798,3 to 15,147,0,147
S01009798,16 to 24,98,0,98
S01009798,25 to 34,49,1,48
S01009798,35 to 49,232,0,232
S01009798,50 to 64,131,2,129
S01009798,65 and over,45,2,43
S01009799,All people aged 3 and over,815,9,806
S01009799,3 to 15,139,0,139
S01009799,16 to 24,115,1,114
S01009799,25 to 34,111,0,111
S01009799,35 to 49,163,2,161
S01009799,50 to 64,150,1,149
S01009799,65 and over,137,5,132
S01009800,All people aged 3 and over,1063,17,1046
S01009800,3 to 15,217,6,211
S01009800,16 to 24,145,1,144
S01009800,25 to 34,140,4,136
S01009800,35 to 49,251,5,246
S01009800,50 to 64,188,0,188
S01009800,65 and over,122,1,121
S01009801,All people aged 3 and over,865,10,855
S01009801,3 to 15,167,2,165
S01009801,16 to 24,132,1,131
S01009801,25 to 34,82,1,81
S01009801,35 to 49,198,6,192
S01009801,50 to 64,158,0,158
S01009801,65 and over,128,0,128
S01009802,All people aged 3 and over,972,9,963
S01009802,3 to 15,200,0,200
S01009802,16 to 24,126,0,126
S01009802,25 to 34,157,3,154
S01009802,35 to 49,265,5,260
S01009802,50 to 64,131,0,131
S01009802,65 and over,93,1,92
S01009803,All people aged 3 and over,772,3,769
S01009803,3 to 15,136,0,136
S01009803,16 to 24,110,0,110
S01009803,25 to 34,90,1,89
S01009803,35 to 49,173,0,173
S01009803,50 to 64,125,0,125
S01009803,65 and over,138,2,136
S01009804,All people aged 3 and over,486,4,482
S01009804,3 to 15,30,0,30
S01009804,16 to 24,36,0,36
S01009804,25 to 34,117,1,116
S01009804,35 to 49,144,1,143
S01009804,50 to 64,105,2,103
S01009804,65 and over,54,0,54
S01009805,All people aged 3 and over,923,15,908
S01009805,3 to 15,180,4,176
S01009805,16 to 24,153,0,153
S01009805,25 to 34,82,3,79
S01009805,35 to 49,220,5,215
S01009805,50 to 64,167,0,167
S01009805,65 and over,121,3,118
S01009806,All people aged 3 and over,871,15,856
S01009806,3 to 15,85,0,85
S01009806,16 to 24,85,1,84
S01009806,25 to 34,131,3,128
S01009806,35 to 49,127,1,126
S01009806,50 to 64,170,7,163
S01009806,65 and over,273,3,270
S01009807,All people aged 3 and over,957,12,945
S01009807,3 to 15,162,0,162
S01009807,16 to 24,112,4,108
S01009807,25 to 34,162,0,162
S01009807,35 to 49,210,1,209
S01009807,50 to 64,178,3,175
S01009807,65 and over,133,4,129
S01009808,All people aged 3 and over,857,16,841
S01009808,3 to 15,164,1,163
S01009808,16 to 24,109,1,108
S01009808,25 to 34,152,7,145
S01009808,35 to 49,238,4,234
S01009808,50 to 64,97,1,96
S01009808,65 and over,97,2,95
S01009809,All people aged 3 and over,652,11,641
S01009809,3 to 15,90,0,90
S01009809,16 to 24,74,3,71
S01009809,25 to 34,118,2,116
S01009809,35 to 49,133,0,133
S01009809,50 to 64,142,0,142
S01009809,65 and over,95,6,89
S01009810,All people aged 3 and over,806,16,790
S01009810,3 to 15,135,2,133
S01009810,16 to 24,67,2,65
S01009810,25 to 34,144,3,141
S01009810,35 to 49,145,1,144
S01009810,50 to 64,163,6,157
S01009810,65 and over,152,2,150
S01009811,All people aged 3 and over,1039,10,1029
S01009811,3 to 15,131,1,130
S01009811,16 to 24,118,0,118
S01009811,25 to 34,118,1,117
S01009811,35 to 49,238,2,236
S01009811,50 to 64,206,1,205
S01009811,65 and over,228,5,223
S01009812,All people aged 3 and over,715,7,708
S01009812,3 to 15,88,0,88
S01009812,16 to 24,73,2,71
S01009812,25 to 34,89,2,87
S01009812,35 to 49,159,1,158
S01009812,50 to 64,141,0,141
S01009812,65 and over,165,2,163
S01009813,All people aged 3 and over,742,9,733
S01009813,3 to 15,180,0,180
S01009813,16 to 24,102,0,102
S01009813,25 to 34,68,4,64
S01009813,35 to 49,152,2,150
S01009813,50 to 64,128,3,125
S01009813,65 and over,112,0,112
S01009814,All people aged 3 and over,810,18,792
S01009814,3 to 15,114,3,111
S01009814,16 to 24,113,4,109
S01009814,25 to 34,79,3,76
S01009814,35 to 49,165,3,162
S01009814,50 to 64,172,2,170
S01009814,65 and over,167,3,164
S01009815,All people aged 3 and over,681,22,659
S01009815,3 to 15,91,0,91
S01009815,16 to 24,75,7,68
S01009815,25 to 34,121,7,114
S01009815,35 to 49,154,2,152
S01009815,50 to 64,145,4,141
S01009815,65 and over,95,2,93
S01009816,All people aged 3 and over,677,21,656
S01009816,3 to 15,90,0,90
S01009816,16 to 24,84,2,82
S01009816,25 to 34,115,7,108
S01009816,35 to 49,170,4,166
S01009816,50 to 64,130,4,126
S01009816,65 and over,88,4,84
S01009817,All people aged 3 and over,679,11,668
S01009817,3 to 15,94,0,94
S01009817,16 to 24,71,3,68
S01009817,25 to 34,56,1,55
S01009817,35 to 49,137,0,137
S01009817,50 to 64,142,7,135
S01009817,65 and over,179,0,179
S01009818,All people aged 3 and over,916,20,896
S01009818,3 to 15,64,3,61
S01009818,16 to 24,95,2,93
S01009818,25 to 34,87,3,84
S01009818,35 to 49,125,2,123
S01009818,50 to 64,245,5,240
S01009818,65 and over,300,5,295
S01009819,All people aged 3 and over,655,27,628
S01009819,3 to 15,89,8,81
S01009819,16 to 24,46,3,43
S01009819,25 to 34,50,2,48
S01009819,35 to 49,124,9,115
S01009819,50 to 64,138,1,137
S01009819,65 and over,208,4,204
S01009820,All people aged 3 and over,930,18,912
S01009820,3 to 15,140,1,139
S01009820,16 to 24,90,1,89
S01009820,25 to 34,98,5,93
S01009820,35 to 49,203,2,201
S01009820,50 to 64,199,3,196
S01009820,65 and over,200,6,194
S01009821,All people aged 3 and over,642,23,619
S01009821,3 to 15,109,4,105
S01009821,16 to 24,93,1,92
S01009821,25 to 34,73,3,70
S01009821,35 to 49,142,2,140
S01009821,50 to 64,108,4,104
S01009821,65 and over,117,9,108
S01009822,All people aged 3 and over,457,3,454
S01009822,3 to 15,97,0,97
S01009822,16 to 24,47,1,46
S01009822,25 to 34,75,0,75
S01009822,35 to 49,106,1,105
S01009822,50 to 64,65,0,65
S01009822,65 and over,67,1,66
S01009823,All people aged 3 and over,701,14,687
S01009823,3 to 15,101,3,98
S01009823,16 to 24,86,3,83
S01009823,25 to 34,99,0,99
S01009823,35 to 49,126,2,124
S01009823,50 to 64,132,0,132
S01009823,65 and over,157,6,151
S01009824,All people aged 3 and over,852,14,838
S01009824,3 to 15,193,5,188
S01009824,16 to 24,72,2,70
S01009824,25 to 34,110,2,108
S01009824,35 to 49,245,4,241
S01009824,50 to 64,100,0,100
S01009824,65 and over,132,1,131
S01009825,All people aged 3 and over,965,8,957
S01009825,3 to 15,159,0,159
S01009825,16 to 24,129,0,129
S01009825,25 to 34,135,3,132
S01009825,35 to 49,214,3,211
S01009825,50 to 64,178,1,177
S01009825,65 and over,150,1,149
S01009826,All people aged 3 and over,561,5,556
S01009826,3 to 15,105,0,105
S01009826,16 to 24,77,0,77
S01009826,25 to 34,62,0,62
S01009826,35 to 49,128,0,128
S01009826,50 to 64,95,3,92
S01009826,65 and over,94,2,92
S01009827,All people aged 3 and over,825,4,821
S01009827,3 to 15,130,0,130
S01009827,16 to 24,109,0,109
S01009827,25 to 34,97,2,95
S01009827,35 to 49,179,1,178
S01009827,50 to 64,163,1,162
S01009827,65 and over,147,0,147
S01009828,All people aged 3 and over,745,6,739
S01009828,3 to 15,87,0,87
S01009828,16 to 24,73,2,71
S01009828,25 to 34,94,1,93
S01009828,35 to 49,164,0,164
S01009828,50 to 64,137,0,137
S01009828,65 and over,190,3,187
S01009829,All people aged 3 and over,911,17,894
S01009829,3 to 15,118,0,118
S01009829,16 to 24,100,4,96
S01009829,25 to 34,211,8,203
S01009829,35 to 49,192,4,188
S01009829,50 to 64,143,1,142
S01009829,65 and over,147,0,147
S01009830,All people aged 3 and over,736,8,728
S01009830,3 to 15,117,0,117
S01009830,16 to 24,99,1,98
S01009830,25 to 34,125,1,124
S01009830,35 to 49,151,3,148
S01009830,50 to 64,135,0,135
S01009830,65 and over,109,3,106
S01009831,All people aged 3 and over,740,17,723
S01009831,3 to 15,146,2,144
S01009831,16 to 24,98,1,97
S01009831,25 to 34,124,6,118
S01009831,35 to 49,170,5,165
S01009831,50 to 64,125,1,124
S01009831,65 and over,77,2,75
S01009832,All people aged 3 and over,965,13,952
S01009832,3 to 15,140,3,137
S01009832,16 to 24,97,0,97
S01009832,25 to 34,131,1,130
S01009832,35 to 49,215,5,210
S01009832,50 to 64,188,2,186
S01009832,65 and over,194,2,192
S01009833,All people aged 3 and over,539,7,532
S01009833,3 to 15,77,0,77
S01009833,16 to 24,56,1,55
S01009833,25 to 34,74,2,72
S01009833,35 to 49,143,1,142
S01009833,50 to 64,135,3,132
S01009833,65 and over,54,0,54
S01009834,All people aged 3 and over,800,8,792
S01009834,3 to 15,170,1,169
S01009834,16 to 24,91,0,91
S01009834,25 to 34,159,4,155
S01009834,35 to 49,210,2,208
S01009834,50 to 64,119,0,119
S01009834,65 and over,51,1,50
S01009835,All people aged 3 and over,502,3,499
S01009835,3 to 15,85,0,85
S01009835,16 to 24,68,1,67
S01009835,25 to 34,70,0,70
S01009835,35 to 49,123,2,121
S01009835,50 to 64,76,0,76
S01009835,65 and over,80,0,80
S01009836,All people aged 3 and over,942,11,931
S01009836,3 to 15,127,1,126
S01009836,16 to 24,100,1,99
S01009836,25 to 34,100,1,99
S01009836,35 to 49,213,2,211
S01009836,50 to 64,223,4,219
S01009836,65 and over,179,2,177
S01009837,All people aged 3 and over,668,7,661
S01009837,3 to 15,58,0,58
S01009837,16 to 24,49,0,49
S01009837,25 to 34,89,2,87
S01009837,35 to 49,106,0,106
S01009837,50 to 64,167,2,165
S01009837,65 and over,199,3,196
S01009838,All people aged 3 and over,736,13,723
S01009838,3 to 15,101,0,101
S01009838,16 to 24,72,1,71
S01009838,25 to 34,125,1,124
S01009838,35 to 49,174,3,171
S01009838,50 to 64,118,4,114
S01009838,65 and over,146,4,142
S01009839,All people aged 3 and over,923,34,889
S01009839,3 to 15,105,1,104
S01009839,16 to 24,153,6,147
S01009839,25 to 34,223,17,206
S01009839,35 to 49,200,5,195
S01009839,50 to 64,170,1,169
S01009839,65 and over,72,4,68
S01009840,All people aged 3 and over,947,7,940
S01009840,3 to 15,99,1,98
S01009840,16 to 24,101,1,100
S01009840,25 to 34,103,0,103
S01009840,35 to 49,169,0,169
S01009840,50 to 64,226,5,221
S01009840,65 and over,249,0,249
S01009841,All people aged 3 and over,784,22,762
S01009841,3 to 15,89,4,85
S01009841,16 to 24,109,1,108
S01009841,25 to 34,166,2,164
S01009841,35 to 49,172,8,164
S01009841,50 to 64,140,4,136
S01009841,65 and over,108,3,105
S01009842,All people aged 3 and over,630,9,621
S01009842,3 to 15,106,0,106
S01009842,16 to 24,96,2,94
S01009842,25 to 34,145,3,142
S01009842,35 to 49,159,3,156
S01009842,50 to 64,97,0,97
S01009842,65 and over,27,1,26
S01009843,All people aged 3 and over,614,4,610
S01009843,3 to 15,118,0,118
S01009843,16 to 24,63,0,63
S01009843,25 to 34,108,3,105
S01009843,35 to 49,148,1,147
S01009843,50 to 64,99,0,99
S01009843,65 and over,78,0,78
S01009844,All people aged 3 and over,549,5,544
S01009844,3 to 15,72,0,72
S01009844,16 to 24,83,0,83
S01009844,25 to 34,105,1,104
S01009844,35 to 49,130,2,128
S01009844,50 to 64,78,2,76
S01009844,65 and over,81,0,81
S01009845,All people aged 3 and over,702,9,693
S01009845,3 to 15,90,1,89
S01009845,16 to 24,119,2,117
S01009845,25 to 34,190,3,187
S01009845,35 to 49,173,2,171
S01009845,50 to 64,108,1,107
S01009845,65 and over,22,0,22
S01009846,All people aged 3 and over,825,15,810
S01009846,3 to 15,111,1,110
S01009846,16 to 24,108,3,105
S01009846,25 to 34,133,5,128
S01009846,35 to 49,193,4,189
S01009846,50 to 64,194,0,194
S01009846,65 and over,86,2,84
S01009847,All people aged 3 and over,555,10,545
S01009847,3 to 15,86,1,85
S01009847,16 to 24,71,1,70
S01009847,25 to 34,141,4,137
S01009847,35 to 49,112,4,108
S01009847,50 to 64,104,0,104
S01009847,65 and over,41,0,41
S01009848,All people aged 3 and over,844,15,829
S01009848,3 to 15,106,1,105
S01009848,16 to 24,123,2,121
S01009848,25 to 34,96,0,96
S01009848,35 to 49,178,4,174
S01009848,50 to 64,192,4,188
S01009848,65 and over,149,4,145
S01009849,All people aged 3 and over,725,19,706
S01009849,3 to 15,63,1,62
S01009849,16 to 24,49,1,48
S01009849,25 to 34,125,7,118
S01009849,35 to 49,150,3,147
S01009849,50 to 64,121,2,119
S01009849,65 and over,217,5,212
S01009850,All people aged 3 and over,861,14,847
S01009850,3 to 15,96,0,96
S01009850,16 to 24,86,1,85
S01009850,25 to 34,120,4,116
S01009850,35 to 49,203,5,198
S01009850,50 to 64,148,1,147
S01009850,65 and over,208,3,205
S01009851,All people aged 3 and over,811,11,800
S01009851,3 to 15,72,0,72
S01009851,16 to 24,73,0,73
S01009851,25 to 34,73,1,72
S01009851,35 to 49,162,4,158
S01009851,50 to 64,187,3,184
S01009851,65 and over,244,3,241
S01009852,All people aged 3 and over,591,13,578
S01009852,3 to 15,96,6,90
S01009852,16 to 24,66,1,65
S01009852,25 to 34,67,2,65
S01009852,35 to 49,121,4,117
S01009852,50 to 64,101,0,101
S01009852,65 and over,140,0,140
S01009853,All people aged 3 and over,839,22,817
S01009853,3 to 15,131,4,127
S01009853,16 to 24,81,0,81
S01009853,25 to 34,107,1,106
S01009853,35 to 49,177,5,172
S01009853,50 to 64,159,7,152
S01009853,65 and over,184,5,179
S01009854,All people aged 3 and over,840,15,825
S01009854,3 to 15,150,1,149
S01009854,16 to 24,90,0,90
S01009854,25 to 34,146,7,139
S01009854,35 to 49,205,2,203
S01009854,50 to 64,154,4,150
S01009854,65 and over,95,1,94
S01009855,All people aged 3 and over,552,15,537
S01009855,3 to 15,62,1,61
S01009855,16 to 24,72,2,70
S01009855,25 to 34,53,1,52
S01009855,35 to 49,135,2,133
S01009855,50 to 64,125,6,119
S01009855,65 and over,105,3,102
S01009856,All people aged 3 and over,622,13,609
S01009856,3 to 15,74,0,74
S01009856,16 to 24,82,2,80
S01009856,25 to 34,55,2,53
S01009856,35 to 49,126,3,123
S01009856,50 to 64,133,4,129
S01009856,65 and over,152,2,150
S01009857,All people aged 3 and over,872,24,848
S01009857,3 to 15,140,8,132
S01009857,16 to 24,106,0,106
S01009857,25 to 34,84,4,80
S01009857,35 to 49,194,7,187
S01009857,50 to 64,165,2,163
S01009857,65 and over,183,3,180
S01009858,All people aged 3 and over,725,11,714
S01009858,3 to 15,92,2,90
S01009858,16 to 24,94,1,93
S01009858,25 to 34,74,1,73
S01009858,35 to 49,150,2,148
S01009858,50 to 64,164,3,161
S01009858,65 and over,151,2,149
S01009859,All people aged 3 and over,1003,16,987
S01009859,3 to 15,119,0,119
S01009859,16 to 24,132,6,126
S01009859,25 to 34,159,3,156
S01009859,35 to 49,201,3,198
S01009859,50 to 64,203,1,202
S01009859,65 and over,189,3,186
S01009860,All people aged 3 and over,899,6,893
S01009860,3 to 15,106,0,106
S01009860,16 to 24,128,2,126
S01009860,25 to 34,107,3,104
S01009860,35 to 49,193,1,192
S01009860,50 to 64,173,0,173
S01009860,65 and over,192,0,192
S01009861,All people aged 3 and over,1058,28,1030
S01009861,3 to 15,162,1,161
S01009861,16 to 24,145,2,143
S01009861,25 to 34,211,11,200
S01009861,35 to 49,250,3,247
S01009861,50 to 64,143,3,140
S01009861,65 and over,147,8,139
S01009862,All people aged 3 and over,1074,36,1038
S01009862,3 to 15,113,3,110
S01009862,16 to 24,113,4,109
S01009862,25 to 34,278,12,266
S01009862,35 to 49,237,6,231
S01009862,50 to 64,174,5,169
S01009862,65 and over,159,6,153
S01009863,All people aged 3 and over,760,16,744
S01009863,3 to 15,74,2,72
S01009863,16 to 24,109,0,109
S01009863,25 to 34,206,7,199
S01009863,35 to 49,195,1,194
S01009863,50 to 64,119,3,116
S01009863,65 and over,57,3,54
S01009864,All people aged 3 and over,577,34,543
S01009864,3 to 15,64,3,61
S01009864,16 to 24,111,12,99
S01009864,25 to 34,134,10,124
S01009864,35 to 49,141,6,135
S01009864,50 to 64,77,0,77
S01009864,65 and over,50,3,47
S01009865,All people aged 3 and over,439,10,429
S01009865,3 to 15,44,0,44
S01009865,16 to 24,59,2,57
S01009865,25 to 34,111,5,106
S01009865,35 to 49,115,0,115
S01009865,50 to 64,64,0,64
S01009865,65 and over,46,3,43
S01009866,All people aged 3 and over,851,23,828
S01009866,3 to 15,69,2,67
S01009866,16 to 24,122,2,120
S01009866,25 to 34,169,6,163
S01009866,35 to 49,173,3,170
S01009866,50 to 64,180,6,174
S01009866,65 and over,138,4,134
S01009867,All people aged 3 and over,1001,28,973
S01009867,3 to 15,53,1,52
S01009867,16 to 24,150,7,143
S01009867,25 to 34,277,10,267
S01009867,35 to 49,250,7,243
S01009867,50 to 64,135,1,134
S01009867,65 and over,136,2,134
S01009868,All people aged 3 and over,682,23,659
S01009868,3 to 15,60,1,59
S01009868,16 to 24,105,5,100
S01009868,25 to 34,215,7,208
S01009868,35 to 49,129,0,129
S01009868,50 to 64,75,2,73
S01009868,65 and over,98,8,90
S01009869,All people aged 3 and over,507,19,488
S01009869,3 to 15,43,3,40
S01009869,16 to 24,90,3,87
S01009869,25 to 34,201,4,197
S01009869,35 to 49,107,4,103
S01009869,50 to 64,39,1,38
S01009869,65 and over,27,4,23
S01009870,All people aged 3 and over,586,16,570
S01009870,3 to 15,88,0,88
S01009870,16 to 24,85,7,78
S01009870,25 to 34,149,4,145
S01009870,35 to 49,133,2,131
S01009870,50 to 64,89,1,88
S01009870,65 and over,42,2,40
S01009871,All people aged 3 and over,953,15,938
S01009871,3 to 15,100,2,98
S01009871,16 to 24,78,0,78
S01009871,25 to 34,137,3,134
S01009871,35 to 49,233,6,227
S01009871,50 to 64,161,1,160
S01009871,65 and over,244,3,241
S01009872,All people aged 3 and over,693,17,676
S01009872,3 to 15,88,1,87
S01009872,16 to 24,101,0,101
S01009872,25 to 34,200,4,196
S01009872,35 to 49,160,5,155
S01009872,50 to 64,84,1,83
S01009872,65 and over,60,6,54
S01009873,All people aged 3 and over,891,16,875
S01009873,3 to 15,103,0,103
S01009873,16 to 24,84,0,84
S01009873,25 to 34,122,5,117
S01009873,35 to 49,215,3,212
S01009873,50 to 64,166,2,164
S01009873,65 and over,201,6,195
S01009874,All people aged 3 and over,1007,22,985
S01009874,3 to 15,139,3,136
S01009874,16 to 24,108,0,108
S01009874,25 to 34,121,4,117
S01009874,35 to 49,213,6,207
S01009874,50 to 64,250,6,244
S01009874,65 and over,176,3,173
S01009875,All people aged 3 and over,656,4,652
S01009875,3 to 15,139,0,139
S01009875,16 to 24,136,1,135
S01009875,25 to 34,173,0,173
S01009875,35 to 49,110,1,109
S01009875,50 to 64,65,2,63
S01009875,65 and over,33,0,33
S01009876,All people aged 3 and over,697,12,685
S01009876,3 to 15,171,0,171
S01009876,16 to 24,111,0,111
S01009876,25 to 34,132,5,127
S01009876,35 to 49,173,2,171
S01009876,50 to 64,67,2,65
S01009876,65 and over,43,3,40
S01009877,All people aged 3 and over,857,19,838
S01009877,3 to 15,96,7,89
S01009877,16 to 24,103,2,101
S01009877,25 to 34,120,1,119
S01009877,35 to 49,191,3,188
S01009877,50 to 64,182,2,180
S01009877,65 and over,165,4,161
S01009878,All people aged 3 and over,680,13,667
S01009878,3 to 15,138,1,137
S01009878,16 to 24,102,2,100
S01009878,25 to 34,135,6,129
S01009878,35 to 49,167,4,163
S01009878,50 to 64,75,0,75
S01009878,65 and over,63,0,63
S01009879,All people aged 3 and over,893,8,885
S01009879,3 to 15,160,1,159
S01009879,16 to 24,79,1,78
S01009879,25 to 34,71,0,71
S01009879,35 to 49,226,2,224
S01009879,50 to 64,215,2,213
S01009879,65 and over,142,2,140
S01009880,All people aged 3 and over,763,10,753
S01009880,3 to 15,151,1,150
S01009880,16 to 24,107,4,103
S01009880,25 to 34,117,0,117
S01009880,35 to 49,167,2,165
S01009880,50 to 64,129,2,127
S01009880,65 and over,92,1,91
S01009881,All people aged 3 and over,496,12,484
S01009881,3 to 15,94,0,94
S01009881,16 to 24,87,2,85
S01009881,25 to 34,129,5,124
S01009881,35 to 49,107,0,107
S01009881,50 to 64,60,4,56
S01009881,65 and over,19,1,18
S01009882,All people aged 3 and over,1025,28,997
S01009882,3 to 15,89,1,88
S01009882,16 to 24,149,5,144
S01009882,25 to 34,455,12,443
S01009882,35 to 49,223,8,215
S01009882,50 to 64,83,2,81
S01009882,65 and over,26,0,26
S01009883,All people aged 3 and over,774,15,759
S01009883,3 to 15,172,0,172
S01009883,16 to 24,111,4,107
S01009883,25 to 34,213,3,210
S01009883,35 to 49,158,6,152
S01009883,50 to 64,88,1,87
S01009883,65 and over,32,1,31
S01009884,All people aged 3 and over,774,9,765
S01009884,3 to 15,140,2,138
S01009884,16 to 24,87,1,86
S01009884,25 to 34,211,3,208
S01009884,35 to 49,221,3,218
S01009884,50 to 64,72,0,72
S01009884,65 and over,43,0,43
S01009885,All people aged 3 and over,846,6,840
S01009885,3 to 15,183,2,181
S01009885,16 to 24,125,1,124
S01009885,25 to 34,181,1,180
S01009885,35 to 49,166,2,164
S01009885,50 to 64,115,0,115
S01009885,65 and over,76,0,76
S01009886,All people aged 3 and over,777,3,774
S01009886,3 to 15,151,0,151
S01009886,16 to 24,129,1,128
S01009886,25 to 34,138,0,138
S01009886,35 to 49,153,1,152
S01009886,50 to 64,107,0,107
S01009886,65 and over,99,1,98
S01009887,All people aged 3 and over,927,21,906
S01009887,3 to 15,153,3,150
S01009887,16 to 24,138,7,131
S01009887,25 to 34,217,2,215
S01009887,35 to 49,263,7,256
S01009887,50 to 64,94,2,92
S01009887,65 and over,62,0,62
S01009888,All people aged 3 and over,680,12,668
S01009888,3 to 15,153,0,153
S01009888,16 to 24,89,4,85
S01009888,25 to 34,143,2,141
S01009888,35 to 49,184,3,181
S01009888,50 to 64,66,2,64
S01009888,65 and over,45,1,44
S01009889,All people aged 3 and over,782,18,764
S01009889,3 to 15,130,1,129
S01009889,16 to 24,107,3,104
S01009889,25 to 34,202,5,197
S01009889,35 to 49,186,5,181
S01009889,50 to 64,69,2,67
S01009889,65 and over,88,2,86
S01009890,All people aged 3 and over,523,8,515
S01009890,3 to 15,84,0,84
S01009890,16 to 24,68,3,65
S01009890,25 to 34,109,4,105
S01009890,35 to 49,141,1,140
S01009890,50 to 64,70,0,70
S01009890,65 and over,51,0,51
S01009891,All people aged 3 and over,704,13,691
S01009891,3 to 15,69,2,67
S01009891,16 to 24,83,0,83
S01009891,25 to 34,159,5,154
S01009891,35 to 49,152,2,150
S01009891,50 to 64,125,3,122
S01009891,65 and over,116,1,115
S01009892,All people aged 3 and over,772,15,757
S01009892,3 to 15,64,0,64
S01009892,16 to 24,85,2,83
S01009892,25 to 34,184,3,181
S01009892,35 to 49,217,6,211
S01009892,50 to 64,135,2,133
S01009892,65 and over,87,2,85
S01009893,All people aged 3 and over,796,26,770
S01009893,3 to 15,124,6,118
S01009893,16 to 24,105,7,98
S01009893,25 to 34,220,7,213
S01009893,35 to 49,192,3,189
S01009893,50 to 64,98,1,97
S01009893,65 and over,57,2,55
S01009894,All people aged 3 and over,779,10,769
S01009894,3 to 15,90,1,89
S01009894,16 to 24,68,1,67
S01009894,25 to 34,179,3,176
S01009894,35 to 49,177,4,173
S01009894,50 to 64,130,0,130
S01009894,65 and over,135,1,134
S01009895,All people aged 3 and over,699,12,687
S01009895,3 to 15,79,0,79
S01009895,16 to 24,75,3,72
S01009895,25 to 34,118,1,117
S01009895,35 to 49,215,2,213
S01009895,50 to 64,144,6,138
S01009895,65 and over,68,0,68
S01009896,All people aged 3 and over,934,24,910
S01009896,3 to 15,165,0,165
S01009896,16 to 24,108,1,107
S01009896,25 to 34,153,7,146
S01009896,35 to 49,223,5,218
S01009896,50 to 64,180,11,169
S01009896,65 and over,105,0,105
S01009897,All people aged 3 and over,914,10,904
S01009897,3 to 15,104,0,104
S01009897,16 to 24,92,0,92
S01009897,25 to 34,195,2,193
S01009897,35 to 49,186,2,184
S01009897,50 to 64,161,3,158
S01009897,65 and over,176,3,173
S01009898,All people aged 3 and over,595,8,587
S01009898,3 to 15,105,0,105
S01009898,16 to 24,72,2,70
S01009898,25 to 34,85,2,83
S01009898,35 to 49,117,2,115
S01009898,50 to 64,111,1,110
S01009898,65 and over,105,1,104
S01009899,All people aged 3 and over,746,16,730
S01009899,3 to 15,62,3,59
S01009899,16 to 24,49,1,48
S01009899,25 to 34,259,7,252
S01009899,35 to 49,181,3,178
S01009899,50 to 64,100,1,99
S01009899,65 and over,95,1,94
S01009900,All people aged 3 and over,798,18,780
S01009900,3 to 15,57,1,56
S01009900,16 to 24,56,2,54
S01009900,25 to 34,310,9,301
S01009900,35 to 49,221,5,216
S01009900,50 to 64,109,0,109
S01009900,65 and over,45,1,44
S01009901,All people aged 3 and over,826,18,808
S01009901,3 to 15,85,1,84
S01009901,16 to 24,66,2,64
S01009901,25 to 34,295,7,288
S01009901,35 to 49,238,3,235
S01009901,50 to 64,87,3,84
S01009901,65 and over,55,2,53
S01009902,All people aged 3 and over,885,9,876
S01009902,3 to 15,81,0,81
S01009902,16 to 24,86,0,86
S01009902,25 to 34,105,5,100
S01009902,35 to 49,167,3,164
S01009902,50 to 64,206,1,205
S01009902,65 and over,240,0,240
S01009903,All people aged 3 and over,785,17,768
S01009903,3 to 15,133,2,131
S01009903,16 to 24,115,3,112
S01009903,25 to 34,180,0,180
S01009903,35 to 49,209,5,204
S01009903,50 to 64,103,7,96
S01009903,65 and over,45,0,45
S01009904,All people aged 3 and over,762,8,754
S01009904,3 to 15,66,0,66
S01009904,16 to 24,75,0,75
S01009904,25 to 34,220,4,216
S01009904,35 to 49,176,3,173
S01009904,50 to 64,106,1,105
S01009904,65 and over,119,0,119
S01009905,All people aged 3 and over,714,15,699
S01009905,3 to 15,92,2,90
S01009905,16 to 24,114,0,114
S01009905,25 to 34,211,4,207
S01009905,35 to 49,187,5,182
S01009905,50 to 64,68,3,65
S01009905,65 and over,42,1,41
S01009906,All people aged 3 and over,633,17,616
S01009906,3 to 15,76,3,73
S01009906,16 to 24,91,3,88
S01009906,25 to 34,188,3,185
S01009906,35 to 49,164,6,158
S01009906,50 to 64,75,2,73
S01009906,65 and over,39,0,39
S01009907,All people aged 3 and over,761,11,750
S01009907,3 to 15,31,0,31
S01009907,16 to 24,125,2,123
S01009907,25 to 34,248,5,243
S01009907,35 to 49,189,1,188
S01009907,50 to 64,123,2,121
S01009907,65 and over,45,1,44
S01009908,All people aged 3 and over,992,24,968
S01009908,3 to 15,136,6,130
S01009908,16 to 24,122,0,122
S01009908,25 to 34,240,7,233
S01009908,35 to 49,274,5,269
S01009908,50 to 64,152,5,147
S01009908,65 and over,68,1,67
S01009909,All people aged 3 and over,814,16,798
S01009909,3 to 15,47,0,47
S01009909,16 to 24,103,4,99
S01009909,25 to 34,286,3,283
S01009909,35 to 49,214,6,208
S01009909,50 to 64,111,1,110
S01009909,65 and over,53,2,51
S01009910,All people aged 3 and over,513,12,501
S01009910,3 to 15,58,0,58
S01009910,16 to 24,62,1,61
S01009910,25 to 34,177,7,170
S01009910,35 to 49,144,3,141
S01009910,50 to 64,51,1,50
S01009910,65 and over,21,0,21
S01009911,All people aged 3 and over,960,20,940
S01009911,3 to 15,120,4,116
S01009911,16 to 24,83,0,83
S01009911,25 to 34,148,3,145
S01009911,35 to 49,239,9,230
S01009911,50 to 64,198,3,195
S01009911,65 and over,172,1,171
S01009912,All people aged 3 and over,934,14,920
S01009912,3 to 15,144,1,143
S01009912,16 to 24,85,0,85
S01009912,25 to 34,97,0,97
S01009912,35 to 49,217,5,212
S01009912,50 to 64,168,2,166
S01009912,65 and over,223,6,217
S01009913,All people aged 3 and over,695,3,692
S01009913,3 to 15,104,0,104
S01009913,16 to 24,108,1,107
S01009913,25 to 34,103,0,103
S01009913,35 to 49,135,2,133
S01009913,50 to 64,179,0,179
S01009913,65 and over,66,0,66
S01009914,All people aged 3 and over,950,16,934
S01009914,3 to 15,131,5,126
S01009914,16 to 24,98,0,98
S01009914,25 to 34,96,0,96
S01009914,35 to 49,214,3,211
S01009914,50 to 64,225,4,221
S01009914,65 and over,186,4,182
S01009915,All people aged 3 and over,838,16,822
S01009915,3 to 15,86,1,85
S01009915,16 to 24,94,0,94
S01009915,25 to 34,116,0,116
S01009915,35 to 49,198,8,190
S01009915,50 to 64,208,3,205
S01009915,65 and over,136,4,132
S01009916,All people aged 3 and over,950,9,941
S01009916,3 to 15,174,3,171
S01009916,16 to 24,115,0,115
S01009916,25 to 34,128,1,127
S01009916,35 to 49,207,1,206
S01009916,50 to 64,188,0,188
S01009916,65 and over,138,4,134
S01009917,All people aged 3 and over,674,6,668
S01009917,3 to 15,82,0,82
S01009917,16 to 24,47,0,47
S01009917,25 to 34,125,2,123
S01009917,35 to 49,174,0,174
S01009917,50 to 64,149,3,146
S01009917,65 and over,97,1,96
S01009918,All people aged 3 and over,693,10,683
S01009918,3 to 15,115,2,113
S01009918,16 to 24,66,1,65
S01009918,25 to 34,69,1,68
S01009918,35 to 49,163,3,160
S01009918,50 to 64,186,2,184
S01009918,65 and over,94,1,93
S01009919,All people aged 3 and over,1057,18,1039
S01009919,3 to 15,109,1,108
S01009919,16 to 24,125,5,120
S01009919,25 to 34,300,6,294
S01009919,35 to 49,182,0,182
S01009919,50 to 64,153,3,150
S01009919,65 and over,188,3,185
S01009920,All people aged 3 and over,811,20,791
S01009920,3 to 15,29,0,29
S01009920,16 to 24,79,2,77
S01009920,25 to 34,331,11,320
S01009920,35 to 49,189,1,188
S01009920,50 to 64,100,2,98
S01009920,65 and over,83,4,79
S01009921,All people aged 3 and over,615,13,602
S01009921,3 to 15,22,0,22
S01009921,16 to 24,60,1,59
S01009921,25 to 34,252,5,247
S01009921,35 to 49,158,3,155
S01009921,50 to 64,76,2,74
S01009921,65 and over,47,2,45
S01009922,All people aged 3 and over,990,23,967
S01009922,3 to 15,50,1,49
S01009922,16 to 24,95,3,92
S01009922,25 to 34,396,8,388
S01009922,35 to 49,217,5,212
S01009922,50 to 64,144,4,140
S01009922,65 and over,88,2,86
S01009923,All people aged 3 and over,838,19,819
S01009923,3 to 15,50,0,50
S01009923,16 to 24,67,1,66
S01009923,25 to 34,225,3,222
S01009923,35 to 49,208,3,205
S01009923,50 to 64,161,6,155
S01009923,65 and over,127,6,121
S01009924,All people aged 3 and over,986,23,963
S01009924,3 to 15,90,1,89
S01009924,16 to 24,107,5,102
S01009924,25 to 34,351,7,344
S01009924,35 to 49,214,6,208
S01009924,50 to 64,131,2,129
S01009924,65 and over,93,2,91
S01009925,All people aged 3 and over,635,16,619
S01009925,3 to 15,33,0,33
S01009925,16 to 24,63,1,62
S01009925,25 to 34,287,6,281
S01009925,35 to 49,157,7,150
S01009925,50 to 64,64,1,63
S01009925,65 and over,31,1,30
S01009926,All people aged 3 and over,749,17,732
S01009926,3 to 15,89,1,88
S01009926,16 to 24,81,2,79
S01009926,25 to 34,219,6,213
S01009926,35 to 49,189,7,182
S01009926,50 to 64,81,0,81
S01009926,65 and over,90,1,89
S01009927,All people aged 3 and over,485,11,474
S01009927,3 to 15,42,2,40
S01009927,16 to 24,48,1,47
S01009927,25 to 34,121,1,120
S01009927,35 to 49,104,4,100
S01009927,50 to 64,76,0,76
S01009927,65 and over,94,3,91
S01009928,All people aged 3 and over,823,11,812
S01009928,3 to 15,60,0,60
S01009928,16 to 24,63,0,63
S01009928,25 to 34,174,5,169
S01009928,35 to 49,230,4,226
S01009928,50 to 64,180,2,178
S01009928,65 and over,116,0,116
S01009929,All people aged 3 and over,477,8,469
S01009929,3 to 15,54,0,54
S01009929,16 to 24,34,1,33
S01009929,25 to 34,74,1,73
S01009929,35 to 49,130,3,127
S01009929,50 to 64,100,3,97
S01009929,65 and over,85,0,85
S01009930,All people aged 3 and over,814,17,797
S01009930,3 to 15,56,2,54
S01009930,16 to 24,75,1,74
S01009930,25 to 34,309,3,306
S01009930,35 to 49,187,7,180
S01009930,50 to 64,118,3,115
S01009930,65 and over,69,1,68
S01009931,All people aged 3 and over,727,18,709
S01009931,3 to 15,35,0,35
S01009931,16 to 24,69,1,68
S01009931,25 to 34,290,7,283
S01009931,35 to 49,190,6,184
S01009931,50 to 64,96,3,93
S01009931,65 and over,47,1,46
S01009932,All people aged 3 and over,601,11,590
S01009932,3 to 15,25,0,25
S01009932,16 to 24,51,1,50
S01009932,25 to 34,235,4,231
S01009932,35 to 49,142,2,140
S01009932,50 to 64,77,2,75
S01009932,65 and over,71,2,69
S01009933,All people aged 3 and over,868,17,851
S01009933,3 to 15,106,5,101
S01009933,16 to 24,78,2,76
S01009933,25 to 34,202,1,201
S01009933,35 to 49,251,8,243
S01009933,50 to 64,138,1,137
S01009933,65 and over,93,0,93
S01009934,All people aged 3 and over,886,15,871
S01009934,3 to 15,133,2,131
S01009934,16 to 24,84,4,80
S01009934,25 to 34,210,4,206
S01009934,35 to 49,197,3,194
S01009934,50 to 64,150,1,149
S01009934,65 and over,112,1,111
S01009935,All people aged 3 and over,535,12,523
S01009935,3 to 15,33,2,31
S01009935,16 to 24,31,1,30
S01009935,25 to 34,56,0,56
S01009935,35 to 49,114,4,110
S01009935,50 to 64,121,1,120
S01009935,65 and over,180,4,176
S01009936,All people aged 3 and over,624,9,615
S01009936,3 to 15,56,0,56
S01009936,16 to 24,55,0,55
S01009936,25 to 34,115,4,111
S01009936,35 to 49,154,1,153
S01009936,50 to 64,135,1,134
S01009936,65 and over,109,3,106
S01009937,All people aged 3 and over,503,8,495
S01009937,3 to 15,102,1,101
S01009937,16 to 24,73,0,73
S01009937,25 to 34,57,1,56
S01009937,35 to 49,97,1,96
S01009937,50 to 64,74,2,72
S01009937,65 and over,100,3,97
S01009938,All people aged 3 and over,914,8,906
S01009938,3 to 15,96,0,96
S01009938,16 to 24,76,0,76
S01009938,25 to 34,115,2,113
S01009938,35 to 49,161,1,160
S01009938,50 to 64,194,1,193
S01009938,65 and over,272,4,268
S01009939,All people aged 3 and over,856,23,833
S01009939,3 to 15,169,10,159
S01009939,16 to 24,137,3,134
S01009939,25 to 34,154,4,150
S01009939,35 to 49,245,5,240
S01009939,50 to 64,94,0,94
S01009939,65 and over,57,1,56
S01009940,All people aged 3 and over,808,1,807
S01009940,3 to 15,130,0,130
S01009940,16 to 24,96,0,96
S01009940,25 to 34,95,0,95
S01009940,35 to 49,157,0,157
S01009940,50 to 64,193,1,192
S01009940,65 and over,137,0,137
S01009941,All people aged 3 and over,983,9,974
S01009941,3 to 15,229,3,226
S01009941,16 to 24,152,1,151
S01009941,25 to 34,122,3,119
S01009941,35 to 49,275,1,274
S01009941,50 to 64,159,1,158
S01009941,65 and over,46,0,46
S01009942,All people aged 3 and over,987,10,977
S01009942,3 to 15,151,1,150
S01009942,16 to 24,138,0,138
S01009942,25 to 34,137,4,133
S01009942,35 to 49,235,1,234
S01009942,50 to 64,158,2,156
S01009942,65 and over,168,2,166
S01009943,All people aged 3 and over,812,5,807
S01009943,3 to 15,141,0,141
S01009943,16 to 24,108,1,107
S01009943,25 to 34,101,0,101
S01009943,35 to 49,163,2,161
S01009943,50 to 64,155,2,153
S01009943,65 and over,144,0,144
S01009944,All people aged 3 and over,775,6,769
S01009944,3 to 15,117,0,117
S01009944,16 to 24,109,0,109
S01009944,25 to 34,111,2,109
S01009944,35 to 49,145,0,145
S01009944,50 to 64,145,1,144
S01009944,65 and over,148,3,145
S01009945,All people aged 3 and over,928,20,908
S01009945,3 to 15,138,1,137
S01009945,16 to 24,113,0,113
S01009945,25 to 34,153,8,145
S01009945,35 to 49,200,4,196
S01009945,50 to 64,147,3,144
S01009945,65 and over,177,4,173
S01009946,All people aged 3 and over,786,9,777
S01009946,3 to 15,114,3,111
S01009946,16 to 24,119,1,118
S01009946,25 to 34,84,1,83
S01009946,35 to 49,188,1,187
S01009946,50 to 64,148,1,147
S01009946,65 and over,133,2,131
S01009947,All people aged 3 and over,554,6,548
S01009947,3 to 15,84,0,84
S01009947,16 to 24,49,1,48
S01009947,25 to 34,86,0,86
S01009947,35 to 49,106,2,104
S01009947,50 to 64,117,2,115
S01009947,65 and over,112,1,111
S01009948,All people aged 3 and over,803,13,790
S01009948,3 to 15,132,1,131
S01009948,16 to 24,87,1,86
S01009948,25 to 34,91,3,88
S01009948,35 to 49,172,4,168
S01009948,50 to 64,154,1,153
S01009948,65 and over,167,3,164
S01009949,All people aged 3 and over,788,9,779
S01009949,3 to 15,121,0,121
S01009949,16 to 24,95,0,95
S01009949,25 to 34,120,4,116
S01009949,35 to 49,162,1,161
S01009949,50 to 64,136,1,135
S01009949,65 and over,154,3,151
S01009950,All people aged 3 and over,699,9,690
S01009950,3 to 15,106,0,106
S01009950,16 to 24,87,0,87
S01009950,25 to 34,78,1,77
S01009950,35 to 49,152,0,152
S01009950,50 to 64,168,6,162
S01009950,65 and over,108,2,106
S01009951,All people aged 3 and over,739,15,724
S01009951,3 to 15,124,0,124
S01009951,16 to 24,97,5,92
S01009951,25 to 34,59,0,59
S01009951,35 to 49,153,2,151
S01009951,50 to 64,209,4,205
S01009951,65 and over,97,4,93
S01009952,All people aged 3 and over,701,14,687
S01009952,3 to 15,102,0,102
S01009952,16 to 24,65,0,65
S01009952,25 to 34,67,0,67
S01009952,35 to 49,165,5,160
S01009952,50 to 64,156,3,153
S01009952,65 and over,146,6,140
S01009953,All people aged 3 and over,849,10,839
S01009953,3 to 15,115,2,113
S01009953,16 to 24,90,0,90
S01009953,25 to 34,117,0,117
S01009953,35 to 49,172,5,167
S01009953,50 to 64,205,0,205
S01009953,65 and over,150,3,147
S01009954,All people aged 3 and over,616,2,614
S01009954,3 to 15,105,0,105
S01009954,16 to 24,87,0,87
S01009954,25 to 34,67,1,66
S01009954,35 to 49,144,0,144
S01009954,50 to 64,140,1,139
S01009954,65 and over,73,0,73
S01009955,All people aged 3 and over,976,16,960
S01009955,3 to 15,122,2,120
S01009955,16 to 24,101,0,101
S01009955,25 to 34,119,2,117
S01009955,35 to 49,217,7,210
S01009955,50 to 64,187,3,184
S01009955,65 and over,230,2,228
S01009956,All people aged 3 and over,718,6,712
S01009956,3 to 15,101,0,101
S01009956,16 to 24,82,0,82
S01009956,25 to 34,128,1,127
S01009956,35 to 49,124,1,123
S01009956,50 to 64,153,1,152
S01009956,65 and over,130,3,127
S01009957,All people aged 3 and over,735,14,721
S01009957,3 to 15,124,0,124
S01009957,16 to 24,57,0,57
S01009957,25 to 34,76,3,73
S01009957,35 to 49,168,3,165
S01009957,50 to 64,188,5,183
S01009957,65 and over,122,3,119
S01009958,All people aged 3 and over,878,15,863
S01009958,3 to 15,131,2,129
S01009958,16 to 24,67,3,64
S01009958,25 to 34,119,1,118
S01009958,35 to 49,229,4,225
S01009958,50 to 64,210,2,208
S01009958,65 and over,122,3,119
S01009959,All people aged 3 and over,642,8,634
S01009959,3 to 15,86,0,86
S01009959,16 to 24,64,0,64
S01009959,25 to 34,57,0,57
S01009959,35 to 49,108,0,108
S01009959,50 to 64,176,3,173
S01009959,65 and over,151,5,146
S01009960,All people aged 3 and over,874,16,858
S01009960,3 to 15,116,3,113
S01009960,16 to 24,99,0,99
S01009960,25 to 34,96,1,95
S01009960,35 to 49,158,3,155
S01009960,50 to 64,186,1,185
S01009960,65 and over,219,8,211
S01009961,All people aged 3 and over,656,11,645
S01009961,3 to 15,76,0,76
S01009961,16 to 24,88,1,87
S01009961,25 to 34,63,0,63
S01009961,35 to 49,135,2,133
S01009961,50 to 64,151,5,146
S01009961,65 and over,143,3,140
S01009962,All people aged 3 and over,966,15,951
S01009962,3 to 15,78,2,76
S01009962,16 to 24,95,1,94
S01009962,25 to 34,217,3,214
S01009962,35 to 49,267,7,260
S01009962,50 to 64,155,0,155
S01009962,65 and over,154,2,152
S01009963,All people aged 3 and over,784,8,776
S01009963,3 to 15,119,2,117
S01009963,16 to 24,94,1,93
S01009963,25 to 34,89,0,89
S01009963,35 to 49,175,3,172
S01009963,50 to 64,183,0,183
S01009963,65 and over,124,2,122
S01009964,All people aged 3 and over,884,15,869
S01009964,3 to 15,141,0,141
S01009964,16 to 24,108,2,106
S01009964,25 to 34,122,0,122
S01009964,35 to 49,228,3,225
S01009964,50 to 64,184,5,179
S01009964,65 and over,101,5,96
S01009965,All people aged 3 and over,699,10,689
S01009965,3 to 15,86,1,85
S01009965,16 to 24,75,1,74
S01009965,25 to 34,50,3,47
S01009965,35 to 49,141,1,140
S01009965,50 to 64,198,4,194
S01009965,65 and over,149,0,149
S01009966,All people aged 3 and over,743,14,729
S01009966,3 to 15,98,2,96
S01009966,16 to 24,83,0,83
S01009966,25 to 34,84,1,83
S01009966,35 to 49,156,4,152
S01009966,50 to 64,211,5,206
S01009966,65 and over,111,2,109
S01009967,All people aged 3 and over,787,13,774
S01009967,3 to 15,87,0,87
S01009967,16 to 24,74,2,72
S01009967,25 to 34,81,2,79
S01009967,35 to 49,173,3,170
S01009967,50 to 64,208,3,205
S01009967,65 and over,164,3,161
S01009968,All people aged 3 and over,597,9,588
S01009968,3 to 15,74,0,74
S01009968,16 to 24,85,1,84
S01009968,25 to 34,57,1,56
S01009968,35 to 49,116,1,115
S01009968,50 to 64,157,4,153
S01009968,65 and over,108,2,106
S01009969,All people aged 3 and over,828,5,823
S01009969,3 to 15,128,0,128
S01009969,16 to 24,89,0,89
S01009969,25 to 34,53,0,53
S01009969,35 to 49,193,0,193
S01009969,50 to 64,185,3,182
S01009969,65 and over,180,2,178
S01009970,All people aged 3 and over,902,8,894
S01009970,3 to 15,169,2,167
S01009970,16 to 24,103,0,103
S01009970,25 to 34,149,0,149
S01009970,35 to 49,184,0,184
S01009970,50 to 64,149,3,146
S01009970,65 and over,148,3,145
S01009971,All people aged 3 and over,1053,14,1039
S01009971,3 to 15,193,1,192
S01009971,16 to 24,136,1,135
S01009971,25 to 34,115,0,115
S01009971,35 to 49,311,9,302
S01009971,50 to 64,187,3,184
S01009971,65 and over,111,0,111
S01009972,All people aged 3 and over,794,5,789
S01009972,3 to 15,114,0,114
S01009972,16 to 24,85,0,85
S01009972,25 to 34,122,1,121
S01009972,35 to 49,166,1,165
S01009972,50 to 64,145,0,145
S01009972,65 and over,162,3,159
S01009973,All people aged 3 and over,700,0,700
S01009973,3 to 15,135,0,135
S01009973,16 to 24,90,0,90
S01009973,25 to 34,76,0,76
S01009973,35 to 49,202,0,202
S01009973,50 to 64,153,0,153
S01009973,65 and over,44,0,44
S01009974,All people aged 3 and over,593,1,592
S01009974,3 to 15,125,0,125
S01009974,16 to 24,70,1,69
S01009974,25 to 34,96,0,96
S01009974,35 to 49,114,0,114
S01009974,50 to 64,120,0,120
S01009974,65 and over,68,0,68
S01009975,All people aged 3 and over,763,4,759
S01009975,3 to 15,134,1,133
S01009975,16 to 24,100,0,100
S01009975,25 to 34,77,0,77
S01009975,35 to 49,172,0,172
S01009975,50 to 64,155,2,153
S01009975,65 and over,125,1,124
S01009976,All people aged 3 and over,469,5,464
S01009976,3 to 15,84,0,84
S01009976,16 to 24,53,1,52
S01009976,25 to 34,81,2,79
S01009976,35 to 49,109,2,107
S01009976,50 to 64,94,0,94
S01009976,65 and over,48,0,48
S01009977,All people aged 3 and over,909,5,904
S01009977,3 to 15,96,1,95
S01009977,16 to 24,79,0,79
S01009977,25 to 34,99,0,99
S01009977,35 to 49,193,3,190
S01009977,50 to 64,246,1,245
S01009977,65 and over,196,0,196
S01009978,All people aged 3 and over,985,9,976
S01009978,3 to 15,212,0,212
S01009978,16 to 24,147,0,147
S01009978,25 to 34,128,4,124
S01009978,35 to 49,260,3,257
S01009978,50 to 64,177,0,177
S01009978,65 and over,61,2,59
S01009979,All people aged 3 and over,576,4,572
S01009979,3 to 15,60,0,60
S01009979,16 to 24,50,0,50
S01009979,25 to 34,52,1,51
S01009979,35 to 49,102,0,102
S01009979,50 to 64,133,2,131
S01009979,65 and over,179,1,178
S01009980,All people aged 3 and over,631,6,625
S01009980,3 to 15,90,0,90
S01009980,16 to 24,102,0,102
S01009980,25 to 34,57,1,56
S01009980,35 to 49,129,2,127
S01009980,50 to 64,136,1,135
S01009980,65 and over,117,2,115
S01009981,All people aged 3 and over,667,4,663
S01009981,3 to 15,135,0,135
S01009981,16 to 24,88,1,87
S01009981,25 to 34,100,0,100
S01009981,35 to 49,157,2,155
S01009981,50 to 64,113,1,112
S01009981,65 and over,74,0,74
S01009982,All people aged 3 and over,976,7,969
S01009982,3 to 15,209,1,208
S01009982,16 to 24,135,0,135
S01009982,25 to 34,159,2,157
S01009982,35 to 49,255,2,253
S01009982,50 to 64,153,2,151
S01009982,65 and over,65,0,65
S01009983,All people aged 3 and over,546,11,535
S01009983,3 to 15,120,2,118
S01009983,16 to 24,92,1,91
S01009983,25 to 34,109,4,105
S01009983,35 to 49,125,2,123
S01009983,50 to 64,69,2,67
S01009983,65 and over,31,0,31
S01009984,All people aged 3 and over,720,12,708
S01009984,3 to 15,140,2,138
S01009984,16 to 24,84,1,83
S01009984,25 to 34,147,3,144
S01009984,35 to 49,183,4,179
S01009984,50 to 64,117,2,115
S01009984,65 and over,49,0,49
S01009985,All people aged 3 and over,590,4,586
S01009985,3 to 15,123,0,123
S01009985,16 to 24,97,0,97
S01009985,25 to 34,105,1,104
S01009985,35 to 49,139,2,137
S01009985,50 to 64,85,1,84
S01009985,65 and over,41,0,41
S01009986,All people aged 3 and over,529,2,527
S01009986,3 to 15,83,0,83
S01009986,16 to 24,57,0,57
S01009986,25 to 34,61,0,61
S01009986,35 to 49,118,1,117
S01009986,50 to 64,121,0,121
S01009986,65 and over,89,1,88
S01009987,All people aged 3 and over,865,4,861
S01009987,3 to 15,118,0,118
S01009987,16 to 24,73,0,73
S01009987,25 to 34,97,0,97
S01009987,35 to 49,157,0,157
S01009987,50 to 64,198,1,197
S01009987,65 and over,222,3,219
S01009988,All people aged 3 and over,492,7,485
S01009988,3 to 15,45,1,44
S01009988,16 to 24,57,1,56
S01009988,25 to 34,56,0,56
S01009988,35 to 49,98,0,98
S01009988,50 to 64,112,1,111
S01009988,65 and over,124,4,120
S01009989,All people aged 3 and over,783,10,773
S01009989,3 to 15,113,0,113
S01009989,16 to 24,110,2,108
S01009989,25 to 34,118,3,115
S01009989,35 to 49,175,3,172
S01009989,50 to 64,154,1,153
S01009989,65 and over,113,1,112
S01009990,All people aged 3 and over,656,5,651
S01009990,3 to 15,103,0,103
S01009990,16 to 24,95,0,95
S01009990,25 to 34,129,1,128
S01009990,35 to 49,148,2,146
S01009990,50 to 64,108,0,108
S01009990,65 and over,73,2,71
S01009991,All people aged 3 and over,761,0,761
S01009991,3 to 15,136,0,136
S01009991,16 to 24,121,0,121
S01009991,25 to 34,122,0,122
S01009991,35 to 49,184,0,184
S01009991,50 to 64,139,0,139
S01009991,65 and over,59,0,59
S01009992,All people aged 3 and over,682,5,677
S01009992,3 to 15,109,1,108
S01009992,16 to 24,73,0,73
S01009992,25 to 34,75,2,73
S01009992,35 to 49,149,0,149
S01009992,50 to 64,138,2,136
S01009992,65 and over,138,0,138
S01009993,All people aged 3 and over,789,12,777
S01009993,3 to 15,130,1,129
S01009993,16 to 24,101,3,98
S01009993,25 to 34,151,0,151
S01009993,35 to 49,187,4,183
S01009993,50 to 64,136,2,134
S01009993,65 and over,84,2,82
S01009994,All people aged 3 and over,681,12,669
S01009994,3 to 15,149,1,148
S01009994,16 to 24,87,2,85
S01009994,25 to 34,113,3,110
S01009994,35 to 49,169,3,166
S01009994,50 to 64,106,2,104
S01009994,65 and over,57,1,56
S01009995,All people aged 3 and over,630,5,625
S01009995,3 to 15,95,1,94
S01009995,16 to 24,120,1,119
S01009995,25 to 34,93,1,92
S01009995,35 to 49,146,2,144
S01009995,50 to 64,122,0,122
S01009995,65 and over,54,0,54
S01009996,All people aged 3 and over,706,8,698
S01009996,3 to 15,134,1,133
S01009996,16 to 24,102,0,102
S01009996,25 to 34,140,2,138
S01009996,35 to 49,141,2,139
S01009996,50 to 64,127,1,126
S01009996,65 and over,62,2,60
S01009997,All people aged 3 and over,556,13,543
S01009997,3 to 15,86,5,81
S01009997,16 to 24,76,0,76
S01009997,25 to 34,115,5,110
S01009997,35 to 49,119,1,118
S01009997,50 to 64,100,2,98
S01009997,65 and over,60,0,60
S01009998,All people aged 3 and over,621,9,612
S01009998,3 to 15,97,2,95
S01009998,16 to 24,68,0,68
S01009998,25 to 34,63,1,62
S01009998,35 to 49,117,4,113
S01009998,50 to 64,135,2,133
S01009998,65 and over,141,0,141
S01009999,All people aged 3 and over,707,3,704
S01009999,3 to 15,110,0,110
S01009999,16 to 24,95,1,94
S01009999,25 to 34,71,0,71
S01009999,35 to 49,147,0,147
S01009999,50 to 64,158,2,156
S01009999,65 and over,126,0,126
S01010000,All people aged 3 and over,595,16,579
S01010000,3 to 15,104,2,102
S01010000,16 to 24,79,3,76
S01010000,25 to 34,119,5,114
S01010000,35 to 49,130,2,128
S01010000,50 to 64,114,2,112
S01010000,65 and over,49,2,47
S01010001,All people aged 3 and over,752,6,746
S01010001,3 to 15,135,1,134
S01010001,16 to 24,99,0,99
S01010001,25 to 34,124,3,121
S01010001,35 to 49,177,1,176
S01010001,50 to 64,128,1,127
S01010001,65 and over,89,0,89
S01010002,All people aged 3 and over,755,7,748
S01010002,3 to 15,111,0,111
S01010002,16 to 24,112,0,112
S01010002,25 to 34,105,0,105
S01010002,35 to 49,188,5,183
S01010002,50 to 64,156,2,154
S01010002,65 and over,83,0,83
S01010003,All people aged 3 and over,688,5,683
S01010003,3 to 15,117,0,117
S01010003,16 to 24,82,1,81
S01010003,25 to 34,71,1,70
S01010003,35 to 49,148,0,148
S01010003,50 to 64,172,3,169
S01010003,65 and over,98,0,98
S01010004,All people aged 3 and over,712,14,698
S01010004,3 to 15,95,2,93
S01010004,16 to 24,100,2,98
S01010004,25 to 34,68,0,68
S01010004,35 to 49,132,3,129
S01010004,50 to 64,182,1,181
S01010004,65 and over,135,6,129
S01010005,All people aged 3 and over,735,17,718
S01010005,3 to 15,53,0,53
S01010005,16 to 24,84,2,82
S01010005,25 to 34,184,6,178
S01010005,35 to 49,203,3,200
S01010005,50 to 64,116,2,114
S01010005,65 and over,95,4,91
S01010006,All people aged 3 and over,858,17,841
S01010006,3 to 15,48,1,47
S01010006,16 to 24,78,4,74
S01010006,25 to 34,272,4,268
S01010006,35 to 49,180,6,174
S01010006,50 to 64,139,2,137
S01010006,65 and over,141,0,141
S01010007,All people aged 3 and over,924,18,906
S01010007,3 to 15,119,5,114
S01010007,16 to 24,118,0,118
S01010007,25 to 34,134,0,134
S01010007,35 to 49,215,6,209
S01010007,50 to 64,193,3,190
S01010007,65 and over,145,4,141
S01010008,All people aged 3 and over,596,8,588
S01010008,3 to 15,29,0,29
S01010008,16 to 24,60,0,60
S01010008,25 to 34,201,6,195
S01010008,35 to 49,136,1,135
S01010008,50 to 64,113,0,113
S01010008,65 and over,57,1,56
S01010009,All people aged 3 and over,546,9,537
S01010009,3 to 15,18,0,18
S01010009,16 to 24,59,1,58
S01010009,25 to 34,204,2,202
S01010009,35 to 49,153,4,149
S01010009,50 to 64,74,2,72
S01010009,65 and over,38,0,38
S01010010,All people aged 3 and over,1005,14,991
S01010010,3 to 15,147,1,146
S01010010,16 to 24,105,0,105
S01010010,25 to 34,133,0,133
S01010010,35 to 49,236,3,233
S01010010,50 to 64,206,4,202
S01010010,65 and over,178,6,172
S01010011,All people aged 3 and over,715,8,707
S01010011,3 to 15,12,0,12
S01010011,16 to 24,37,0,37
S01010011,25 to 34,191,2,189
S01010011,35 to 49,147,3,144
S01010011,50 to 64,139,2,137
S01010011,65 and over,189,1,188
S01010012,All people aged 3 and over,810,4,806
S01010012,3 to 15,125,0,125
S01010012,16 to 24,109,0,109
S01010012,25 to 34,83,1,82
S01010012,35 to 49,167,0,167
S01010012,50 to 64,188,1,187
S01010012,65 and over,138,2,136
S01010013,All people aged 3 and over,760,19,741
S01010013,3 to 15,62,0,62
S01010013,16 to 24,83,0,83
S01010013,25 to 34,186,5,181
S01010013,35 to 49,215,9,206
S01010013,50 to 64,109,3,106
S01010013,65 and over,105,2,103
S01010014,All people aged 3 and over,971,13,958
S01010014,3 to 15,97,0,97
S01010014,16 to 24,89,2,87
S01010014,25 to 34,183,4,179
S01010014,35 to 49,296,3,293
S01010014,50 to 64,192,1,191
S01010014,65 and over,114,3,111
S01010015,All people aged 3 and over,791,9,782
S01010015,3 to 15,80,1,79
S01010015,16 to 24,99,4,95
S01010015,25 to 34,266,1,265
S01010015,35 to 49,218,1,217
S01010015,50 to 64,90,1,89
S01010015,65 and over,38,1,37
S01010016,All people aged 3 and over,704,9,695
S01010016,3 to 15,93,2,91
S01010016,16 to 24,82,0,82
S01010016,25 to 34,83,1,82
S01010016,35 to 49,135,1,134
S01010016,50 to 64,136,3,133
S01010016,65 and over,175,2,173
S01010017,All people aged 3 and over,708,8,700
S01010017,3 to 15,102,1,101
S01010017,16 to 24,115,1,114
S01010017,25 to 34,84,3,81
S01010017,35 to 49,174,3,171
S01010017,50 to 64,109,0,109
S01010017,65 and over,124,0,124
S01010018,All people aged 3 and over,898,11,887
S01010018,3 to 15,100,0,100
S01010018,16 to 24,102,2,100
S01010018,25 to 34,151,3,148
S01010018,35 to 49,202,3,199
S01010018,50 to 64,142,1,141
S01010018,65 and over,201,2,199
S01010019,All people aged 3 and over,698,6,692
S01010019,3 to 15,112,0,112
S01010019,16 to 24,85,1,84
S01010019,25 to 34,88,1,87
S01010019,35 to 49,148,0,148
S01010019,50 to 64,134,2,132
S01010019,65 and over,131,2,129
S01010020,All people aged 3 and over,723,12,711
S01010020,3 to 15,96,2,94
S01010020,16 to 24,89,1,88
S01010020,25 to 34,64,3,61
S01010020,35 to 49,161,2,159
S01010020,50 to 64,149,1,148
S01010020,65 and over,164,3,161
S01010021,All people aged 3 and over,769,6,763
S01010021,3 to 15,145,0,145
S01010021,16 to 24,128,2,126
S01010021,25 to 34,120,0,120
S01010021,35 to 49,190,1,189
S01010021,50 to 64,112,1,111
S01010021,65 and over,74,2,72
S01010022,All people aged 3 and over,902,10,892
S01010022,3 to 15,129,1,128
S01010022,16 to 24,118,0,118
S01010022,25 to 34,187,3,184
S01010022,35 to 49,205,3,202
S01010022,50 to 64,150,1,149
S01010022,65 and over,113,2,111
S01010023,All people aged 3 and over,625,4,621
S01010023,3 to 15,89,0,89
S01010023,16 to 24,53,0,53
S01010023,25 to 34,71,0,71
S01010023,35 to 49,115,3,112
S01010023,50 to 64,119,0,119
S01010023,65 and over,178,1,177
S01010024,All people aged 3 and over,717,11,706
S01010024,3 to 15,92,1,91
S01010024,16 to 24,103,3,100
S01010024,25 to 34,130,2,128
S01010024,35 to 49,170,4,166
S01010024,50 to 64,128,0,128
S01010024,65 and over,94,1,93
S01010025,All people aged 3 and over,525,10,515
S01010025,3 to 15,54,1,53
S01010025,16 to 24,62,1,61
S01010025,25 to 34,86,3,83
S01010025,35 to 49,150,3,147
S01010025,50 to 64,107,1,106
S01010025,65 and over,66,1,65
S01010026,All people aged 3 and over,844,15,829
S01010026,3 to 15,86,3,83
S01010026,16 to 24,130,1,129
S01010026,25 to 34,184,6,178
S01010026,35 to 49,241,4,237
S01010026,50 to 64,134,0,134
S01010026,65 and over,69,1,68
S01010027,All people aged 3 and over,871,13,858
S01010027,3 to 15,110,0,110
S01010027,16 to 24,158,4,154
S01010027,25 to 34,206,5,201
S01010027,35 to 49,194,3,191
S01010027,50 to 64,110,1,109
S01010027,65 and over,93,0,93
S01010028,All people aged 3 and over,620,5,615
S01010028,3 to 15,73,0,73
S01010028,16 to 24,65,3,62
S01010028,25 to 34,116,0,116
S01010028,35 to 49,137,0,137
S01010028,50 to 64,91,2,89
S01010028,65 and over,138,0,138
S01010029,All people aged 3 and over,644,9,635
S01010029,3 to 15,70,1,69
S01010029,16 to 24,53,0,53
S01010029,25 to 34,67,1,66
S01010029,35 to 49,122,2,120
S01010029,50 to 64,133,4,129
S01010029,65 and over,199,1,198
S01010030,All people aged 3 and over,786,18,768
S01010030,3 to 15,82,0,82
S01010030,16 to 24,121,7,114
S01010030,25 to 34,216,5,211
S01010030,35 to 49,201,5,196
S01010030,50 to 64,96,0,96
S01010030,65 and over,70,1,69
S01010031,All people aged 3 and over,739,18,721
S01010031,3 to 15,9,0,9
S01010031,16 to 24,207,8,199
S01010031,25 to 34,325,6,319
S01010031,35 to 49,122,1,121
S01010031,50 to 64,57,3,54
S01010031,65 and over,19,0,19
S01010032,All people aged 3 and over,827,39,788
S01010032,3 to 15,23,0,23
S01010032,16 to 24,363,27,336
S01010032,25 to 34,271,5,266
S01010032,35 to 49,129,6,123
S01010032,50 to 64,34,1,33
S01010032,65 and over,7,0,7
S01010033,All people aged 3 and over,883,8,875
S01010033,3 to 15,114,1,113
S01010033,16 to 24,117,0,117
S01010033,25 to 34,217,4,213
S01010033,35 to 49,213,2,211
S01010033,50 to 64,134,1,133
S01010033,65 and over,88,0,88
S01010034,All people aged 3 and over,965,30,935
S01010034,3 to 15,83,0,83
S01010034,16 to 24,196,10,186
S01010034,25 to 34,167,10,157
S01010034,35 to 49,169,6,163
S01010034,50 to 64,156,2,154
S01010034,65 and over,194,2,192
S01010035,All people aged 3 and over,651,21,630
S01010035,3 to 15,78,1,77
S01010035,16 to 24,99,10,89
S01010035,25 to 34,135,7,128
S01010035,35 to 49,184,2,182
S01010035,50 to 64,85,0,85
S01010035,65 and over,70,1,69
S01010036,All people aged 3 and over,786,35,751
S01010036,3 to 15,19,0,19
S01010036,16 to 24,374,27,347
S01010036,25 to 34,298,7,291
S01010036,35 to 49,72,0,72
S01010036,50 to 64,23,1,22
S01010036,65 and over,0,0,0
S01010037,All people aged 3 and over,624,11,613
S01010037,3 to 15,59,2,57
S01010037,16 to 24,61,4,57
S01010037,25 to 34,92,3,89
S01010037,35 to 49,114,1,113
S01010037,50 to 64,110,0,110
S01010037,65 and over,188,1,187
S01010038,All people aged 3 and over,969,11,958
S01010038,3 to 15,102,1,101
S01010038,16 to 24,162,2,160
S01010038,25 to 34,165,4,161
S01010038,35 to 49,191,0,191
S01010038,50 to 64,192,3,189
S01010038,65 and over,157,1,156
S01010039,All people aged 3 and over,948,35,913
S01010039,3 to 15,17,1,16
S01010039,16 to 24,341,21,320
S01010039,25 to 34,345,11,334
S01010039,35 to 49,163,1,162
S01010039,50 to 64,60,1,59
S01010039,65 and over,22,0,22
S01010040,All people aged 3 and over,720,18,702
S01010040,3 to 15,54,0,54
S01010040,16 to 24,81,3,78
S01010040,25 to 34,234,6,228
S01010040,35 to 49,186,6,180
S01010040,50 to 64,117,3,114
S01010040,65 and over,48,0,48
S01010041,All people aged 3 and over,642,15,627
S01010041,3 to 15,15,1,14
S01010041,16 to 24,147,7,140
S01010041,25 to 34,163,2,161
S01010041,35 to 49,177,3,174
S01010041,50 to 64,89,2,87
S01010041,65 and over,51,0,51
S01010042,All people aged 3 and over,1047,31,1016
S01010042,3 to 15,73,0,73
S01010042,16 to 24,217,15,202
S01010042,25 to 34,425,10,415
S01010042,35 to 49,186,4,182
S01010042,50 to 64,97,2,95
S01010042,65 and over,49,0,49
S01010043,All people aged 3 and over,736,11,725
S01010043,3 to 15,80,0,80
S01010043,16 to 24,91,5,86
S01010043,25 to 34,171,4,167
S01010043,35 to 49,179,2,177
S01010043,50 to 64,128,0,128
S01010043,65 and over,87,0,87
S01010044,All people aged 3 and over,1089,17,1072
S01010044,3 to 15,96,0,96
S01010044,16 to 24,126,0,126
S01010044,25 to 34,287,6,281
S01010044,35 to 49,201,8,193
S01010044,50 to 64,165,0,165
S01010044,65 and over,214,3,211
S01010045,All people aged 3 and over,517,5,512
S01010045,3 to 15,99,0,99
S01010045,16 to 24,75,3,72
S01010045,25 to 34,68,1,67
S01010045,35 to 49,90,0,90
S01010045,50 to 64,89,0,89
S01010045,65 and over,96,1,95
S01010046,All people aged 3 and over,724,4,720
S01010046,3 to 15,77,0,77
S01010046,16 to 24,80,2,78
S01010046,25 to 34,142,2,140
S01010046,35 to 49,163,0,163
S01010046,50 to 64,150,0,150
S01010046,65 and over,112,0,112
S01010047,All people aged 3 and over,808,12,796
S01010047,3 to 15,114,0,114
S01010047,16 to 24,90,2,88
S01010047,25 to 34,101,2,99
S01010047,35 to 49,191,6,185
S01010047,50 to 64,143,1,142
S01010047,65 and over,169,1,168
S01010048,All people aged 3 and over,919,3,916
S01010048,3 to 15,109,0,109
S01010048,16 to 24,118,2,116
S01010048,25 to 34,129,0,129
S01010048,35 to 49,182,1,181
S01010048,50 to 64,203,0,203
S01010048,65 and over,178,0,178
S01010049,All people aged 3 and over,760,20,740
S01010049,3 to 15,156,6,150
S01010049,16 to 24,99,1,98
S01010049,25 to 34,126,11,115
S01010049,35 to 49,168,1,167
S01010049,50 to 64,127,0,127
S01010049,65 and over,84,1,83
S01010050,All people aged 3 and over,959,7,952
S01010050,3 to 15,152,0,152
S01010050,16 to 24,133,1,132
S01010050,25 to 34,159,0,159
S01010050,35 to 49,199,5,194
S01010050,50 to 64,180,1,179
S01010050,65 and over,136,0,136
S01010051,All people aged 3 and over,688,5,683
S01010051,3 to 15,82,0,82
S01010051,16 to 24,65,1,64
S01010051,25 to 34,93,0,93
S01010051,35 to 49,142,1,141
S01010051,50 to 64,149,3,146
S01010051,65 and over,157,0,157
S01010052,All people aged 3 and over,627,8,619
S01010052,3 to 15,72,0,72
S01010052,16 to 24,64,0,64
S01010052,25 to 34,135,6,129
S01010052,35 to 49,152,1,151
S01010052,50 to 64,127,1,126
S01010052,65 and over,77,0,77
S01010053,All people aged 3 and over,823,5,818
S01010053,3 to 15,123,0,123
S01010053,16 to 24,160,2,158
S01010053,25 to 34,179,0,179
S01010053,35 to 49,153,1,152
S01010053,50 to 64,109,0,109
S01010053,65 and over,99,2,97
S01010054,All people aged 3 and over,533,3,530
S01010054,3 to 15,122,0,122
S01010054,16 to 24,70,0,70
S01010054,25 to 34,87,0,87
S01010054,35 to 49,119,2,117
S01010054,50 to 64,96,1,95
S01010054,65 and over,39,0,39
S01010055,All people aged 3 and over,1099,11,1088
S01010055,3 to 15,138,0,138
S01010055,16 to 24,139,0,139
S01010055,25 to 34,152,2,150
S01010055,35 to 49,271,4,267
S01010055,50 to 64,226,3,223
S01010055,65 and over,173,2,171
S01010056,All people aged 3 and over,434,0,434
S01010056,3 to 15,74,0,74
S01010056,16 to 24,65,0,65
S01010056,25 to 34,60,0,60
S01010056,35 to 49,117,0,117
S01010056,50 to 64,83,0,83
S01010056,65 and over,35,0,35
S01010057,All people aged 3 and over,383,4,379
S01010057,3 to 15,49,1,48
S01010057,16 to 24,58,0,58
S01010057,25 to 34,85,3,82
S01010057,35 to 49,83,0,83
S01010057,50 to 64,46,0,46
S01010057,65 and over,62,0,62
S01010058,All people aged 3 and over,750,2,748
S01010058,3 to 15,137,0,137
S01010058,16 to 24,111,1,110
S01010058,25 to 34,129,0,129
S01010058,35 to 49,196,0,196
S01010058,50 to 64,109,1,108
S01010058,65 and over,68,0,68
S01010059,All people aged 3 and over,589,8,581
S01010059,3 to 15,41,0,41
S01010059,16 to 24,97,2,95
S01010059,25 to 34,146,2,144
S01010059,35 to 49,134,3,131
S01010059,50 to 64,94,0,94
S01010059,65 and over,77,1,76
S01010060,All people aged 3 and over,873,11,862
S01010060,3 to 15,105,1,104
S01010060,16 to 24,106,2,104
S01010060,25 to 34,136,1,135
S01010060,35 to 49,226,5,221
S01010060,50 to 64,188,2,186
S01010060,65 and over,112,0,112
S01010061,All people aged 3 and over,482,2,480
S01010061,3 to 15,63,0,63
S01010061,16 to 24,65,0,65
S01010061,25 to 34,122,0,122
S01010061,35 to 49,119,1,118
S01010061,50 to 64,65,1,64
S01010061,65 and over,48,0,48
S01010062,All people aged 3 and over,718,2,716
S01010062,3 to 15,124,0,124
S01010062,16 to 24,82,1,81
S01010062,25 to 34,105,0,105
S01010062,35 to 49,156,1,155
S01010062,50 to 64,121,0,121
S01010062,65 and over,130,0,130
S01010063,All people aged 3 and over,956,9,947
S01010063,3 to 15,102,0,102
S01010063,16 to 24,132,2,130
S01010063,25 to 34,157,3,154
S01010063,35 to 49,207,3,204
S01010063,50 to 64,198,1,197
S01010063,65 and over,160,0,160
S01010064,All people aged 3 and over,525,4,521
S01010064,3 to 15,83,0,83
S01010064,16 to 24,59,3,56
S01010064,25 to 34,88,0,88
S01010064,35 to 49,118,1,117
S01010064,50 to 64,110,0,110
S01010064,65 and over,67,0,67
S01010065,All people aged 3 and over,820,1,819
S01010065,3 to 15,111,0,111
S01010065,16 to 24,99,0,99
S01010065,25 to 34,111,0,111
S01010065,35 to 49,152,0,152
S01010065,50 to 64,192,1,191
S01010065,65 and over,155,0,155
S01010066,All people aged 3 and over,727,2,725
S01010066,3 to 15,119,0,119
S01010066,16 to 24,125,1,124
S01010066,25 to 34,89,0,89
S01010066,35 to 49,170,1,169
S01010066,50 to 64,121,0,121
S01010066,65 and over,103,0,103
S01010067,All people aged 3 and over,581,6,575
S01010067,3 to 15,113,1,112
S01010067,16 to 24,92,1,91
S01010067,25 to 34,95,2,93
S01010067,35 to 49,121,2,119
S01010067,50 to 64,98,0,98
S01010067,65 and over,62,0,62
S01010068,All people aged 3 and over,599,2,597
S01010068,3 to 15,75,0,75
S01010068,16 to 24,96,1,95
S01010068,25 to 34,141,1,140
S01010068,35 to 49,117,0,117
S01010068,50 to 64,79,0,79
S01010068,65 and over,91,0,91
S01010069,All people aged 3 and over,814,6,808
S01010069,3 to 15,116,2,114
S01010069,16 to 24,101,0,101
S01010069,25 to 34,137,1,136
S01010069,35 to 49,180,3,177
S01010069,50 to 64,189,0,189
S01010069,65 and over,91,0,91
S01010070,All people aged 3 and over,653,1,652
S01010070,3 to 15,97,0,97
S01010070,16 to 24,105,0,105
S01010070,25 to 34,73,1,72
S01010070,35 to 49,145,0,145
S01010070,50 to 64,193,0,193
S01010070,65 and over,40,0,40
S01010071,All people aged 3 and over,786,1,785
S01010071,3 to 15,106,0,106
S01010071,16 to 24,81,0,81
S01010071,25 to 34,83,0,83
S01010071,35 to 49,195,0,195
S01010071,50 to 64,161,1,160
S01010071,65 and over,160,0,160
S01010072,All people aged 3 and over,776,6,770
S01010072,3 to 15,83,1,82
S01010072,16 to 24,80,0,80
S01010072,25 to 34,84,0,84
S01010072,35 to 49,162,1,161
S01010072,50 to 64,203,4,199
S01010072,65 and over,164,0,164
S01010073,All people aged 3 and over,767,8,759
S01010073,3 to 15,96,0,96
S01010073,16 to 24,69,0,69
S01010073,25 to 34,57,2,55
S01010073,35 to 49,164,0,164
S01010073,50 to 64,178,2,176
S01010073,65 and over,203,4,199
S01010074,All people aged 3 and over,761,9,752
S01010074,3 to 15,67,0,67
S01010074,16 to 24,76,1,75
S01010074,25 to 34,73,0,73
S01010074,35 to 49,129,2,127
S01010074,50 to 64,177,1,176
S01010074,65 and over,239,5,234
S01010075,All people aged 3 and over,604,2,602
S01010075,3 to 15,63,0,63
S01010075,16 to 24,52,0,52
S01010075,25 to 34,64,0,64
S01010075,35 to 49,93,0,93
S01010075,50 to 64,139,1,138
S01010075,65 and over,193,1,192
S01010076,All people aged 3 and over,658,9,649
S01010076,3 to 15,105,3,102
S01010076,16 to 24,75,0,75
S01010076,25 to 34,93,2,91
S01010076,35 to 49,148,4,144
S01010076,50 to 64,135,0,135
S01010076,65 and over,102,0,102
S01010077,All people aged 3 and over,605,3,602
S01010077,3 to 15,94,0,94
S01010077,16 to 24,65,1,64
S01010077,25 to 34,63,0,63
S01010077,35 to 49,138,2,136
S01010077,50 to 64,139,0,139
S01010077,65 and over,106,0,106
S01010078,All people aged 3 and over,613,2,611
S01010078,3 to 15,103,0,103
S01010078,16 to 24,72,0,72
S01010078,25 to 34,51,0,51
S01010078,35 to 49,137,0,137
S01010078,50 to 64,185,1,184
S01010078,65 and over,65,1,64
S01010079,All people aged 3 and over,910,5,905
S01010079,3 to 15,117,0,117
S01010079,16 to 24,126,0,126
S01010079,25 to 34,48,0,48
S01010079,35 to 49,211,4,207
S01010079,50 to 64,226,1,225
S01010079,65 and over,182,0,182
S01010080,All people aged 3 and over,640,2,638
S01010080,3 to 15,63,0,63
S01010080,16 to 24,71,0,71
S01010080,25 to 34,36,0,36
S01010080,35 to 49,127,0,127
S01010080,50 to 64,162,1,161
S01010080,65 and over,181,1,180
S01010081,All people aged 3 and over,698,3,695
S01010081,3 to 15,81,0,81
S01010081,16 to 24,89,1,88
S01010081,25 to 34,39,0,39
S01010081,35 to 49,130,0,130
S01010081,50 to 64,172,1,171
S01010081,65 and over,187,1,186
S01010082,All people aged 3 and over,841,5,836
S01010082,3 to 15,99,0,99
S01010082,16 to 24,107,0,107
S01010082,25 to 34,108,0,108
S01010082,35 to 49,195,0,195
S01010082,50 to 64,177,3,174
S01010082,65 and over,155,2,153
S01010083,All people aged 3 and over,691,3,688
S01010083,3 to 15,82,0,82
S01010083,16 to 24,90,0,90
S01010083,25 to 34,82,0,82
S01010083,35 to 49,136,2,134
S01010083,50 to 64,137,0,137
S01010083,65 and over,164,1,163
S01010084,All people aged 3 and over,856,4,852
S01010084,3 to 15,106,2,104
S01010084,16 to 24,96,1,95
S01010084,25 to 34,101,0,101
S01010084,35 to 49,187,0,187
S01010084,50 to 64,174,1,173
S01010084,65 and over,192,0,192
S01010085,All people aged 3 and over,745,2,743
S01010085,3 to 15,88,0,88
S01010085,16 to 24,86,0,86
S01010085,25 to 34,62,0,62
S01010085,35 to 49,161,0,161
S01010085,50 to 64,191,1,190
S01010085,65 and over,157,1,156
S01010086,All people aged 3 and over,892,2,890
S01010086,3 to 15,114,1,113
S01010086,16 to 24,121,0,121
S01010086,25 to 34,85,0,85
S01010086,35 to 49,196,1,195
S01010086,50 to 64,202,0,202
S01010086,65 and over,174,0,174
S01010087,All people aged 3 and over,565,5,560
S01010087,3 to 15,59,0,59
S01010087,16 to 24,52,0,52
S01010087,25 to 34,25,0,25
S01010087,35 to 49,118,2,116
S01010087,50 to 64,156,0,156
S01010087,65 and over,155,3,152
S01010088,All people aged 3 and over,790,9,781
S01010088,3 to 15,178,0,178
S01010088,16 to 24,78,0,78
S01010088,25 to 34,137,3,134
S01010088,35 to 49,303,5,298
S01010088,50 to 64,70,1,69
S01010088,65 and over,24,0,24
S01010089,All people aged 3 and over,666,6,660
S01010089,3 to 15,48,0,48
S01010089,16 to 24,94,0,94
S01010089,25 to 34,91,0,91
S01010089,35 to 49,133,1,132
S01010089,50 to 64,147,1,146
S01010089,65 and over,153,4,149
S01010090,All people aged 3 and over,1062,5,1057
S01010090,3 to 15,187,0,187
S01010090,16 to 24,158,0,158
S01010090,25 to 34,104,0,104
S01010090,35 to 49,258,1,257
S01010090,50 to 64,226,2,224
S01010090,65 and over,129,2,127
S01010091,All people aged 3 and over,821,7,814
S01010091,3 to 15,147,3,144
S01010091,16 to 24,105,2,103
S01010091,25 to 34,136,1,135
S01010091,35 to 49,247,0,247
S01010091,50 to 64,131,0,131
S01010091,65 and over,55,1,54
S01010092,All people aged 3 and over,949,6,943
S01010092,3 to 15,127,1,126
S01010092,16 to 24,104,1,103
S01010092,25 to 34,93,1,92
S01010092,35 to 49,190,1,189
S01010092,50 to 64,197,0,197
S01010092,65 and over,238,2,236
S01010093,All people aged 3 and over,838,2,836
S01010093,3 to 15,107,0,107
S01010093,16 to 24,127,0,127
S01010093,25 to 34,104,0,104
S01010093,35 to 49,191,0,191
S01010093,50 to 64,187,0,187
S01010093,65 and over,122,2,120
S01010094,All people aged 3 and over,667,5,662
S01010094,3 to 15,103,0,103
S01010094,16 to 24,77,1,76
S01010094,25 to 34,58,1,57
S01010094,35 to 49,136,0,136
S01010094,50 to 64,151,1,150
S01010094,65 and over,142,2,140
S01010095,All people aged 3 and over,679,2,677
S01010095,3 to 15,85,0,85
S01010095,16 to 24,88,0,88
S01010095,25 to 34,53,0,53
S01010095,35 to 49,154,1,153
S01010095,50 to 64,162,0,162
S01010095,65 and over,137,1,136
S01010096,All people aged 3 and over,734,0,734
S01010096,3 to 15,117,0,117
S01010096,16 to 24,97,0,97
S01010096,25 to 34,59,0,59
S01010096,35 to 49,207,0,207
S01010096,50 to 64,154,0,154
S01010096,65 and over,100,0,100
S01010097,All people aged 3 and over,713,3,710
S01010097,3 to 15,110,0,110
S01010097,16 to 24,94,0,94
S01010097,25 to 34,54,0,54
S01010097,35 to 49,182,1,181
S01010097,50 to 64,143,1,142
S01010097,65 and over,130,1,129
S01010098,All people aged 3 and over,707,7,700
S01010098,3 to 15,107,0,107
S01010098,16 to 24,83,1,82
S01010098,25 to 34,49,0,49
S01010098,35 to 49,176,2,174
S01010098,50 to 64,161,3,158
S01010098,65 and over,131,1,130
S01010099,All people aged 3 and over,680,5,675
S01010099,3 to 15,88,0,88
S01010099,16 to 24,81,0,81
S01010099,25 to 34,44,0,44
S01010099,35 to 49,162,1,161
S01010099,50 to 64,150,3,147
S01010099,65 and over,155,1,154
S01010100,All people aged 3 and over,868,10,858
S01010100,3 to 15,102,0,102
S01010100,16 to 24,96,2,94
S01010100,25 to 34,72,2,70
S01010100,35 to 49,187,3,184
S01010100,50 to 64,226,2,224
S01010100,65 and over,185,1,184
S01010101,All people aged 3 and over,727,3,724
S01010101,3 to 15,83,0,83
S01010101,16 to 24,80,0,80
S01010101,25 to 34,65,0,65
S01010101,35 to 49,141,0,141
S01010101,50 to 64,200,1,199
S01010101,65 and over,158,2,156
S01010102,All people aged 3 and over,913,2,911
S01010102,3 to 15,164,0,164
S01010102,16 to 24,150,0,150
S01010102,25 to 34,100,0,100
S01010102,35 to 49,258,1,257
S01010102,50 to 64,200,1,199
S01010102,65 and over,41,0,41
S01010103,All people aged 3 and over,937,8,929
S01010103,3 to 15,163,3,160
S01010103,16 to 24,146,2,144
S01010103,25 to 34,101,0,101
S01010103,35 to 49,303,2,301
S01010103,50 to 64,177,0,177
S01010103,65 and over,47,1,46
S01010104,All people aged 3 and over,723,2,721
S01010104,3 to 15,169,0,169
S01010104,16 to 24,96,0,96
S01010104,25 to 34,95,0,95
S01010104,35 to 49,237,1,236
S01010104,50 to 64,102,1,101
S01010104,65 and over,24,0,24
S01010105,All people aged 3 and over,391,2,389
S01010105,3 to 15,78,0,78
S01010105,16 to 24,81,1,80
S01010105,25 to 34,67,0,67
S01010105,35 to 49,85,0,85
S01010105,50 to 64,65,1,64
S01010105,65 and over,15,0,15
S01010106,All people aged 3 and over,419,2,417
S01010106,3 to 15,62,1,61
S01010106,16 to 24,49,0,49
S01010106,25 to 34,59,0,59
S01010106,35 to 49,97,0,97
S01010106,50 to 64,73,1,72
S01010106,65 and over,79,0,79
S01010107,All people aged 3 and over,759,5,754
S01010107,3 to 15,112,0,112
S01010107,16 to 24,130,1,129
S01010107,25 to 34,107,0,107
S01010107,35 to 49,183,0,183
S01010107,50 to 64,146,3,143
S01010107,65 and over,81,1,80
S01010108,All people aged 3 and over,713,5,708
S01010108,3 to 15,90,0,90
S01010108,16 to 24,61,0,61
S01010108,25 to 34,88,0,88
S01010108,35 to 49,142,2,140
S01010108,50 to 64,222,2,220
S01010108,65 and over,110,1,109
S01010109,All people aged 3 and over,778,3,775
S01010109,3 to 15,119,0,119
S01010109,16 to 24,135,0,135
S01010109,25 to 34,126,0,126
S01010109,35 to 49,162,2,160
S01010109,50 to 64,121,1,120
S01010109,65 and over,115,0,115
S01010110,All people aged 3 and over,789,1,788
S01010110,3 to 15,105,0,105
S01010110,16 to 24,86,0,86
S01010110,25 to 34,81,1,80
S01010110,35 to 49,174,0,174
S01010110,50 to 64,176,0,176
S01010110,65 and over,167,0,167
S01010111,All people aged 3 and over,944,5,939
S01010111,3 to 15,190,1,189
S01010111,16 to 24,139,0,139
S01010111,25 to 34,121,0,121
S01010111,35 to 49,206,0,206
S01010111,50 to 64,188,4,184
S01010111,65 and over,100,0,100
S01010112,All people aged 3 and over,907,5,902
S01010112,3 to 15,179,1,178
S01010112,16 to 24,155,0,155
S01010112,25 to 34,114,2,112
S01010112,35 to 49,228,1,227
S01010112,50 to 64,159,1,158
S01010112,65 and over,72,0,72
S01010113,All people aged 3 and over,523,2,521
S01010113,3 to 15,128,0,128
S01010113,16 to 24,58,0,58
S01010113,25 to 34,92,0,92
S01010113,35 to 49,117,2,115
S01010113,50 to 64,79,0,79
S01010113,65 and over,49,0,49
S01010114,All people aged 3 and over,741,13,728
S01010114,3 to 15,127,5,122
S01010114,16 to 24,97,0,97
S01010114,25 to 34,107,2,105
S01010114,35 to 49,163,6,157
S01010114,50 to 64,152,0,152
S01010114,65 and over,95,0,95
S01010115,All people aged 3 and over,616,4,612
S01010115,3 to 15,130,0,130
S01010115,16 to 24,86,1,85
S01010115,25 to 34,78,1,77
S01010115,35 to 49,173,1,172
S01010115,50 to 64,110,1,109
S01010115,65 and over,39,0,39
S01010116,All people aged 3 and over,954,4,950
S01010116,3 to 15,160,0,160
S01010116,16 to 24,160,1,159
S01010116,25 to 34,229,0,229
S01010116,35 to 49,237,1,236
S01010116,50 to 64,129,2,127
S01010116,65 and over,39,0,39
S01010117,All people aged 3 and over,610,2,608
S01010117,3 to 15,108,0,108
S01010117,16 to 24,62,0,62
S01010117,25 to 34,137,1,136
S01010117,35 to 49,192,1,191
S01010117,50 to 64,76,0,76
S01010117,65 and over,35,0,35
S01010118,All people aged 3 and over,653,2,651
S01010118,3 to 15,175,0,175
S01010118,16 to 24,94,1,93
S01010118,25 to 34,76,0,76
S01010118,35 to 49,147,0,147
S01010118,50 to 64,107,1,106
S01010118,65 and over,54,0,54
S01010119,All people aged 3 and over,516,1,515
S01010119,3 to 15,127,0,127
S01010119,16 to 24,83,0,83
S01010119,25 to 34,90,1,89
S01010119,35 to 49,123,0,123
S01010119,50 to 64,67,0,67
S01010119,65 and over,26,0,26
S01010120,All people aged 3 and over,1014,9,1005
S01010120,3 to 15,242,1,241
S01010120,16 to 24,159,1,158
S01010120,25 to 34,130,3,127
S01010120,35 to 49,257,2,255
S01010120,50 to 64,151,1,150
S01010120,65 and over,75,1,74
S01010121,All people aged 3 and over,642,1,641
S01010121,3 to 15,110,0,110
S01010121,16 to 24,112,0,112
S01010121,25 to 34,85,1,84
S01010121,35 to 49,139,0,139
S01010121,50 to 64,125,0,125
S01010121,65 and over,71,0,71
S01010122,All people aged 3 and over,455,1,454
S01010122,3 to 15,75,0,75
S01010122,16 to 24,57,0,57
S01010122,25 to 34,37,0,37
S01010122,35 to 49,102,0,102
S01010122,50 to 64,110,0,110
S01010122,65 and over,74,1,73
S01010123,All people aged 3 and over,697,6,691
S01010123,3 to 15,162,1,161
S01010123,16 to 24,100,3,97
S01010123,25 to 34,126,0,126
S01010123,35 to 49,154,0,154
S01010123,50 to 64,89,2,87
S01010123,65 and over,66,0,66
S01010124,All people aged 3 and over,615,5,610
S01010124,3 to 15,109,0,109
S01010124,16 to 24,83,1,82
S01010124,25 to 34,129,1,128
S01010124,35 to 49,156,2,154
S01010124,50 to 64,107,1,106
S01010124,65 and over,31,0,31
S01010125,All people aged 3 and over,515,2,513
S01010125,3 to 15,113,0,113
S01010125,16 to 24,60,1,59
S01010125,25 to 34,99,1,98
S01010125,35 to 49,136,0,136
S01010125,50 to 64,81,0,81
S01010125,65 and over,26,0,26
S01010126,All people aged 3 and over,702,0,702
S01010126,3 to 15,109,0,109
S01010126,16 to 24,90,0,90
S01010126,25 to 34,83,0,83
S01010126,35 to 49,208,0,208
S01010126,50 to 64,147,0,147
S01010126,65 and over,65,0,65
S01010127,All people aged 3 and over,605,6,599
S01010127,3 to 15,79,0,79
S01010127,16 to 24,64,1,63
S01010127,25 to 34,58,1,57
S01010127,35 to 49,129,3,126
S01010127,50 to 64,142,0,142
S01010127,65 and over,133,1,132
S01010128,All people aged 3 and over,465,2,463
S01010128,3 to 15,122,0,122
S01010128,16 to 24,85,0,85
S01010128,25 to 34,58,2,56
S01010128,35 to 49,107,0,107
S01010128,50 to 64,60,0,60
S01010128,65 and over,33,0,33
S01010129,All people aged 3 and over,693,7,686
S01010129,3 to 15,143,2,141
S01010129,16 to 24,119,1,118
S01010129,25 to 34,90,0,90
S01010129,35 to 49,173,3,170
S01010129,50 to 64,104,1,103
S01010129,65 and over,64,0,64
S01010130,All people aged 3 and over,398,0,398
S01010130,3 to 15,57,0,57
S01010130,16 to 24,53,0,53
S01010130,25 to 34,33,0,33
S01010130,35 to 49,82,0,82
S01010130,50 to 64,76,0,76
S01010130,65 and over,97,0,97
S01010131,All people aged 3 and over,962,4,958
S01010131,3 to 15,122,0,122
S01010131,16 to 24,112,0,112
S01010131,25 to 34,54,0,54
S01010131,35 to 49,212,0,212
S01010131,50 to 64,244,3,241
S01010131,65 and over,218,1,217
S01010132,All people aged 3 and over,936,5,931
S01010132,3 to 15,127,0,127
S01010132,16 to 24,123,0,123
S01010132,25 to 34,95,3,92
S01010132,35 to 49,201,1,200
S01010132,50 to 64,171,0,171
S01010132,65 and over,219,1,218
S01010133,All people aged 3 and over,700,7,693
S01010133,3 to 15,93,0,93
S01010133,16 to 24,73,0,73
S01010133,25 to 34,76,1,75
S01010133,35 to 49,142,0,142
S01010133,50 to 64,143,2,141
S01010133,65 and over,173,4,169
S01010134,All people aged 3 and over,957,4,953
S01010134,3 to 15,117,0,117
S01010134,16 to 24,97,0,97
S01010134,25 to 34,118,0,118
S01010134,35 to 49,204,0,204
S01010134,50 to 64,178,2,176
S01010134,65 and over,243,2,241
S01010135,All people aged 3 and over,753,13,740
S01010135,3 to 15,114,0,114
S01010135,16 to 24,81,6,75
S01010135,25 to 34,62,1,61
S01010135,35 to 49,165,1,164
S01010135,50 to 64,145,2,143
S01010135,65 and over,186,3,183
S01010136,All people aged 3 and over,783,9,774
S01010136,3 to 15,104,3,101
S01010136,16 to 24,101,1,100
S01010136,25 to 34,71,1,70
S01010136,35 to 49,189,1,188
S01010136,50 to 64,168,3,165
S01010136,65 and over,150,0,150
S01010137,All people aged 3 and over,929,9,920
S01010137,3 to 15,80,1,79
S01010137,16 to 24,97,0,97
S01010137,25 to 34,125,3,122
S01010137,35 to 49,181,2,179
S01010137,50 to 64,131,0,131
S01010137,65 and over,315,3,312
S01010138,All people aged 3 and over,917,5,912
S01010138,3 to 15,76,0,76
S01010138,16 to 24,71,0,71
S01010138,25 to 34,107,0,107
S01010138,35 to 49,215,2,213
S01010138,50 to 64,255,2,253
S01010138,65 and over,193,1,192
S01010139,All people aged 3 and over,993,5,988
S01010139,3 to 15,96,1,95
S01010139,16 to 24,112,0,112
S01010139,25 to 34,143,0,143
S01010139,35 to 49,204,2,202
S01010139,50 to 64,196,0,196
S01010139,65 and over,242,2,240
S01010140,All people aged 3 and over,700,7,693
S01010140,3 to 15,104,4,100
S01010140,16 to 24,92,0,92
S01010140,25 to 34,172,2,170
S01010140,35 to 49,193,0,193
S01010140,50 to 64,102,0,102
S01010140,65 and over,37,1,36
S01010141,All people aged 3 and over,770,5,765
S01010141,3 to 15,108,0,108
S01010141,16 to 24,110,0,110
S01010141,25 to 34,114,2,112
S01010141,35 to 49,153,2,151
S01010141,50 to 64,153,1,152
S01010141,65 and over,132,0,132
S01010142,All people aged 3 and over,552,1,551
S01010142,3 to 15,61,0,61
S01010142,16 to 24,95,0,95
S01010142,25 to 34,73,0,73
S01010142,35 to 49,132,0,132
S01010142,50 to 64,129,1,128
S01010142,65 and over,62,0,62
S01010143,All people aged 3 and over,718,5,713
S01010143,3 to 15,86,0,86
S01010143,16 to 24,62,0,62
S01010143,25 to 34,68,1,67
S01010143,35 to 49,145,1,144
S01010143,50 to 64,149,2,147
S01010143,65 and over,208,1,207
S01010144,All people aged 3 and over,675,13,662
S01010144,3 to 15,100,0,100
S01010144,16 to 24,77,0,77
S01010144,25 to 34,157,2,155
S01010144,35 to 49,171,6,165
S01010144,50 to 64,119,3,116
S01010144,65 and over,51,2,49
S01010145,All people aged 3 and over,748,7,741
S01010145,3 to 15,98,0,98
S01010145,16 to 24,90,3,87
S01010145,25 to 34,156,2,154
S01010145,35 to 49,132,1,131
S01010145,50 to 64,147,0,147
S01010145,65 and over,125,1,124
S01010146,All people aged 3 and over,730,8,722
S01010146,3 to 15,103,1,102
S01010146,16 to 24,108,1,107
S01010146,25 to 34,124,3,121
S01010146,35 to 49,199,1,198
S01010146,50 to 64,137,2,135
S01010146,65 and over,59,0,59
S01010147,All people aged 3 and over,907,4,903
S01010147,3 to 15,161,0,161
S01010147,16 to 24,148,0,148
S01010147,25 to 34,147,2,145
S01010147,35 to 49,220,2,218
S01010147,50 to 64,151,0,151
S01010147,65 and over,80,0,80
S01010148,All people aged 3 and over,753,1,752
S01010148,3 to 15,152,0,152
S01010148,16 to 24,115,0,115
S01010148,25 to 34,111,0,111
S01010148,35 to 49,165,0,165
S01010148,50 to 64,117,1,116
S01010148,65 and over,93,0,93
S01010149,All people aged 3 and over,562,6,556
S01010149,3 to 15,66,0,66
S01010149,16 to 24,86,0,86
S01010149,25 to 34,116,3,113
S01010149,35 to 49,126,1,125
S01010149,50 to 64,48,1,47
S01010149,65 and over,120,1,119
S01010150,All people aged 3 and over,598,3,595
S01010150,3 to 15,58,0,58
S01010150,16 to 24,60,0,60
S01010150,25 to 34,46,0,46
S01010150,35 to 49,119,0,119
S01010150,50 to 64,147,1,146
S01010150,65 and over,168,2,166
S01010151,All people aged 3 and over,616,1,615
S01010151,3 to 15,66,0,66
S01010151,16 to 24,59,0,59
S01010151,25 to 34,47,1,46
S01010151,35 to 49,105,0,105
S01010151,50 to 64,114,0,114
S01010151,65 and over,225,0,225
S01010152,All people aged 3 and over,822,10,812
S01010152,3 to 15,86,0,86
S01010152,16 to 24,87,6,81
S01010152,25 to 34,102,0,102
S01010152,35 to 49,154,0,154
S01010152,50 to 64,169,3,166
S01010152,65 and over,224,1,223
S01010153,All people aged 3 and over,920,10,910
S01010153,3 to 15,95,1,94
S01010153,16 to 24,100,1,99
S01010153,25 to 34,69,1,68
S01010153,35 to 49,192,3,189
S01010153,50 to 64,194,3,191
S01010153,65 and over,270,1,269
S01010154,All people aged 3 and over,865,11,854
S01010154,3 to 15,82,2,80
S01010154,16 to 24,63,1,62
S01010154,25 to 34,77,2,75
S01010154,35 to 49,148,2,146
S01010154,50 to 64,205,1,204
S01010154,65 and over,290,3,287
S01010155,All people aged 3 and over,724,4,720
S01010155,3 to 15,60,0,60
S01010155,16 to 24,62,0,62
S01010155,25 to 34,56,0,56
S01010155,35 to 49,117,1,116
S01010155,50 to 64,184,2,182
S01010155,65 and over,245,1,244
S01010156,All people aged 3 and over,542,5,537
S01010156,3 to 15,65,1,64
S01010156,16 to 24,53,0,53
S01010156,25 to 34,61,0,61
S01010156,35 to 49,95,2,93
S01010156,50 to 64,114,1,113
S01010156,65 and over,154,1,153
S01010157,All people aged 3 and over,557,1,556
S01010157,3 to 15,70,0,70
S01010157,16 to 24,82,0,82
S01010157,25 to 34,47,0,47
S01010157,35 to 49,122,0,122
S01010157,50 to 64,120,0,120
S01010157,65 and over,116,1,115
S01010158,All people aged 3 and over,892,8,884
S01010158,3 to 15,102,1,101
S01010158,16 to 24,92,0,92
S01010158,25 to 34,98,0,98
S01010158,35 to 49,168,4,164
S01010158,50 to 64,194,1,193
S01010158,65 and over,238,2,236
S01010159,All people aged 3 and over,716,7,709
S01010159,3 to 15,88,0,88
S01010159,16 to 24,53,0,53
S01010159,25 to 34,75,4,71
S01010159,35 to 49,138,1,137
S01010159,50 to 64,142,2,140
S01010159,65 and over,220,0,220
S01010160,All people aged 3 and over,572,10,562
S01010160,3 to 15,99,2,97
S01010160,16 to 24,98,1,97
S01010160,25 to 34,124,3,121
S01010160,35 to 49,142,3,139
S01010160,50 to 64,80,1,79
S01010160,65 and over,29,0,29
S01010161,All people aged 3 and over,615,2,613
S01010161,3 to 15,131,0,131
S01010161,16 to 24,84,0,84
S01010161,25 to 34,68,0,68
S01010161,35 to 49,191,0,191
S01010161,50 to 64,96,1,95
S01010161,65 and over,45,1,44
S01010162,All people aged 3 and over,806,5,801
S01010162,3 to 15,167,1,166
S01010162,16 to 24,116,1,115
S01010162,25 to 34,133,2,131
S01010162,35 to 49,147,0,147
S01010162,50 to 64,104,0,104
S01010162,65 and over,139,1,138
S01010163,All people aged 3 and over,579,4,575
S01010163,3 to 15,114,0,114
S01010163,16 to 24,92,0,92
S01010163,25 to 34,76,0,76
S01010163,35 to 49,139,2,137
S01010163,50 to 64,85,0,85
S01010163,65 and over,73,2,71
S01010164,All people aged 3 and over,778,5,773
S01010164,3 to 15,150,2,148
S01010164,16 to 24,102,0,102
S01010164,25 to 34,92,0,92
S01010164,35 to 49,141,2,139
S01010164,50 to 64,144,1,143
S01010164,65 and over,149,0,149
S01010165,All people aged 3 and over,597,6,591
S01010165,3 to 15,107,0,107
S01010165,16 to 24,99,1,98
S01010165,25 to 34,85,3,82
S01010165,35 to 49,107,0,107
S01010165,50 to 64,114,2,112
S01010165,65 and over,85,0,85
S01010166,All people aged 3 and over,685,1,684
S01010166,3 to 15,79,0,79
S01010166,16 to 24,69,0,69
S01010166,25 to 34,84,0,84
S01010166,35 to 49,144,0,144
S01010166,50 to 64,172,1,171
S01010166,65 and over,137,0,137
S01010167,All people aged 3 and over,756,1,755
S01010167,3 to 15,64,0,64
S01010167,16 to 24,58,0,58
S01010167,25 to 34,85,0,85
S01010167,35 to 49,131,1,130
S01010167,50 to 64,207,0,207
S01010167,65 and over,211,0,211
S01010168,All people aged 3 and over,474,2,472
S01010168,3 to 15,77,0,77
S01010168,16 to 24,62,0,62
S01010168,25 to 34,89,0,89
S01010168,35 to 49,110,0,110
S01010168,50 to 64,76,2,74
S01010168,65 and over,60,0,60
S01010169,All people aged 3 and over,848,8,840
S01010169,3 to 15,182,0,182
S01010169,16 to 24,127,0,127
S01010169,25 to 34,130,5,125
S01010169,35 to 49,198,2,196
S01010169,50 to 64,104,1,103
S01010169,65 and over,107,0,107
S01010170,All people aged 3 and over,505,2,503
S01010170,3 to 15,70,0,70
S01010170,16 to 24,64,0,64
S01010170,25 to 34,74,1,73
S01010170,35 to 49,118,0,118
S01010170,50 to 64,117,1,116
S01010170,65 and over,62,0,62
S01010171,All people aged 3 and over,977,3,974
S01010171,3 to 15,194,1,193
S01010171,16 to 24,170,0,170
S01010171,25 to 34,112,1,111
S01010171,35 to 49,216,0,216
S01010171,50 to 64,149,0,149
S01010171,65 and over,136,1,135
S01010172,All people aged 3 and over,681,7,674
S01010172,3 to 15,57,1,56
S01010172,16 to 24,28,1,27
S01010172,25 to 34,98,1,97
S01010172,35 to 49,120,0,120
S01010172,50 to 64,152,0,152
S01010172,65 and over,226,4,222
S01010173,All people aged 3 and over,736,6,730
S01010173,3 to 15,97,2,95
S01010173,16 to 24,82,0,82
S01010173,25 to 34,72,0,72
S01010173,35 to 49,169,4,165
S01010173,50 to 64,131,0,131
S01010173,65 and over,185,0,185
S01010174,All people aged 3 and over,1394,32,1362
S01010174,3 to 15,85,0,85
S01010174,16 to 24,218,4,214
S01010174,25 to 34,409,10,399
S01010174,35 to 49,388,15,373
S01010174,50 to 64,175,3,172
S01010174,65 and over,119,0,119
S01010175,All people aged 3 and over,460,0,460
S01010175,3 to 15,76,0,76
S01010175,16 to 24,56,0,56
S01010175,25 to 34,47,0,47
S01010175,35 to 49,109,0,109
S01010175,50 to 64,94,0,94
S01010175,65 and over,78,0,78
S01010176,All people aged 3 and over,684,6,678
S01010176,3 to 15,94,0,94
S01010176,16 to 24,54,1,53
S01010176,25 to 34,70,2,68
S01010176,35 to 49,141,0,141
S01010176,50 to 64,152,1,151
S01010176,65 and over,173,2,171
S01010177,All people aged 3 and over,728,5,723
S01010177,3 to 15,157,0,157
S01010177,16 to 24,116,0,116
S01010177,25 to 34,101,1,100
S01010177,35 to 49,155,1,154
S01010177,50 to 64,118,3,115
S01010177,65 and over,81,0,81
S01010178,All people aged 3 and over,989,9,980
S01010178,3 to 15,250,2,248
S01010178,16 to 24,159,1,158
S01010178,25 to 34,123,0,123
S01010178,35 to 49,205,4,201
S01010178,50 to 64,158,2,156
S01010178,65 and over,94,0,94
S01010179,All people aged 3 and over,805,8,797
S01010179,3 to 15,115,2,113
S01010179,16 to 24,101,1,100
S01010179,25 to 34,118,0,118
S01010179,35 to 49,169,1,168
S01010179,50 to 64,184,3,181
S01010179,65 and over,118,1,117
S01010180,All people aged 3 and over,502,5,497
S01010180,3 to 15,103,0,103
S01010180,16 to 24,58,2,56
S01010180,25 to 34,130,1,129
S01010180,35 to 49,138,1,137
S01010180,50 to 64,48,1,47
S01010180,65 and over,25,0,25
S01010181,All people aged 3 and over,606,6,600
S01010181,3 to 15,117,1,116
S01010181,16 to 24,65,1,64
S01010181,25 to 34,66,0,66
S01010181,35 to 49,124,0,124
S01010181,50 to 64,125,1,124
S01010181,65 and over,109,3,106
S01010182,All people aged 3 and over,645,6,639
S01010182,3 to 15,65,0,65
S01010182,16 to 24,63,1,62
S01010182,25 to 34,102,0,102
S01010182,35 to 49,140,4,136
S01010182,50 to 64,181,1,180
S01010182,65 and over,94,0,94
S01010183,All people aged 3 and over,454,3,451
S01010183,3 to 15,63,0,63
S01010183,16 to 24,46,0,46
S01010183,25 to 34,38,0,38
S01010183,35 to 49,94,3,91
S01010183,50 to 64,103,0,103
S01010183,65 and over,110,0,110
S01010184,All people aged 3 and over,610,3,607
S01010184,3 to 15,93,0,93
S01010184,16 to 24,88,1,87
S01010184,25 to 34,79,0,79
S01010184,35 to 49,126,1,125
S01010184,50 to 64,110,0,110
S01010184,65 and over,114,1,113
S01010185,All people aged 3 and over,610,3,607
S01010185,3 to 15,123,0,123
S01010185,16 to 24,74,0,74
S01010185,25 to 34,76,1,75
S01010185,35 to 49,147,0,147
S01010185,50 to 64,88,0,88
S01010185,65 and over,102,2,100
S01010186,All people aged 3 and over,624,3,621
S01010186,3 to 15,101,0,101
S01010186,16 to 24,85,2,83
S01010186,25 to 34,79,0,79
S01010186,35 to 49,156,1,155
S01010186,50 to 64,141,0,141
S01010186,65 and over,62,0,62
S01010187,All people aged 3 and over,611,1,610
S01010187,3 to 15,63,0,63
S01010187,16 to 24,82,0,82
S01010187,25 to 34,93,0,93
S01010187,35 to 49,160,1,159
S01010187,50 to 64,152,0,152
S01010187,65 and over,61,0,61
S01010188,All people aged 3 and over,692,8,684
S01010188,3 to 15,82,1,81
S01010188,16 to 24,78,0,78
S01010188,25 to 34,96,0,96
S01010188,35 to 49,188,3,185
S01010188,50 to 64,145,2,143
S01010188,65 and over,103,2,101
S01010189,All people aged 3 and over,933,24,909
S01010189,3 to 15,194,9,185
S01010189,16 to 24,120,1,119
S01010189,25 to 34,134,4,130
S01010189,35 to 49,317,9,308
S01010189,50 to 64,143,0,143
S01010189,65 and over,25,1,24
S01010190,All people aged 3 and over,699,2,697
S01010190,3 to 15,118,2,116
S01010190,16 to 24,91,0,91
S01010190,25 to 34,125,0,125
S01010190,35 to 49,239,0,239
S01010190,50 to 64,106,0,106
S01010190,65 and over,20,0,20
S01010191,All people aged 3 and over,693,2,691
S01010191,3 to 15,162,0,162
S01010191,16 to 24,70,0,70
S01010191,25 to 34,101,0,101
S01010191,35 to 49,219,2,217
S01010191,50 to 64,112,0,112
S01010191,65 and over,29,0,29
S01010192,All people aged 3 and over,823,8,815
S01010192,3 to 15,192,2,190
S01010192,16 to 24,74,0,74
S01010192,25 to 34,126,1,125
S01010192,35 to 49,279,4,275
S01010192,50 to 64,135,1,134
S01010192,65 and over,17,0,17
S01010193,All people aged 3 and over,778,4,774
S01010193,3 to 15,93,0,93
S01010193,16 to 24,92,0,92
S01010193,25 to 34,88,0,88
S01010193,35 to 49,199,0,199
S01010193,50 to 64,138,2,136
S01010193,65 and over,168,2,166
S01010194,All people aged 3 and over,618,5,613
S01010194,3 to 15,70,2,68
S01010194,16 to 24,85,0,85
S01010194,25 to 34,42,0,42
S01010194,35 to 49,145,1,144
S01010194,50 to 64,118,0,118
S01010194,65 and over,158,2,156
S01010195,All people aged 3 and over,524,2,522
S01010195,3 to 15,93,1,92
S01010195,16 to 24,71,1,70
S01010195,25 to 34,45,0,45
S01010195,35 to 49,138,0,138
S01010195,50 to 64,90,0,90
S01010195,65 and over,87,0,87
S01010196,All people aged 3 and over,721,3,718
S01010196,3 to 15,87,0,87
S01010196,16 to 24,95,0,95
S01010196,25 to 34,79,2,77
S01010196,35 to 49,126,0,126
S01010196,50 to 64,165,0,165
S01010196,65 and over,169,1,168
S01010197,All people aged 3 and over,644,5,639
S01010197,3 to 15,96,0,96
S01010197,16 to 24,99,0,99
S01010197,25 to 34,84,1,83
S01010197,35 to 49,130,0,130
S01010197,50 to 64,139,2,137
S01010197,65 and over,96,2,94
S01010198,All people aged 3 and over,1013,3,1010
S01010198,3 to 15,163,0,163
S01010198,16 to 24,129,1,128
S01010198,25 to 34,105,1,104
S01010198,35 to 49,228,0,228
S01010198,50 to 64,177,0,177
S01010198,65 and over,211,1,210
S01010199,All people aged 3 and over,497,4,493
S01010199,3 to 15,85,3,82
S01010199,16 to 24,72,0,72
S01010199,25 to 34,59,0,59
S01010199,35 to 49,114,0,114
S01010199,50 to 64,86,0,86
S01010199,65 and over,81,1,80
S01010200,All people aged 3 and over,676,0,676
S01010200,3 to 15,96,0,96
S01010200,16 to 24,69,0,69
S01010200,25 to 34,57,0,57
S01010200,35 to 49,137,0,137
S01010200,50 to 64,130,0,130
S01010200,65 and over,187,0,187
S01010201,All people aged 3 and over,622,3,619
S01010201,3 to 15,111,0,111
S01010201,16 to 24,63,1,62
S01010201,25 to 34,72,0,72
S01010201,35 to 49,153,0,153
S01010201,50 to 64,99,0,99
S01010201,65 and over,124,2,122
S01010202,All people aged 3 and over,716,13,703
S01010202,3 to 15,181,4,177
S01010202,16 to 24,97,0,97
S01010202,25 to 34,152,5,147
S01010202,35 to 49,170,3,167
S01010202,50 to 64,73,1,72
S01010202,65 and over,43,0,43
S01010203,All people aged 3 and over,647,3,644
S01010203,3 to 15,130,0,130
S01010203,16 to 24,83,1,82
S01010203,25 to 34,84,0,84
S01010203,35 to 49,204,1,203
S01010203,50 to 64,99,0,99
S01010203,65 and over,47,1,46
S01010204,All people aged 3 and over,771,6,765
S01010204,3 to 15,143,1,142
S01010204,16 to 24,113,0,113
S01010204,25 to 34,98,4,94
S01010204,35 to 49,173,0,173
S01010204,50 to 64,142,1,141
S01010204,65 and over,102,0,102
S01010205,All people aged 3 and over,637,11,626
S01010205,3 to 15,69,0,69
S01010205,16 to 24,64,1,63
S01010205,25 to 34,113,2,111
S01010205,35 to 49,158,2,156
S01010205,50 to 64,132,5,127
S01010205,65 and over,101,1,100
S01010206,All people aged 3 and over,400,4,396
S01010206,3 to 15,59,0,59
S01010206,16 to 24,81,2,79
S01010206,25 to 34,165,2,163
S01010206,35 to 49,78,0,78
S01010206,50 to 64,12,0,12
S01010206,65 and over,5,0,5
S01010207,All people aged 3 and over,726,17,709
S01010207,3 to 15,250,9,241
S01010207,16 to 24,105,1,104
S01010207,25 to 34,99,1,98
S01010207,35 to 49,161,6,155
S01010207,50 to 64,59,0,59
S01010207,65 and over,52,0,52
S01010208,All people aged 3 and over,872,11,861
S01010208,3 to 15,78,1,77
S01010208,16 to 24,95,1,94
S01010208,25 to 34,190,5,185
S01010208,35 to 49,245,1,244
S01010208,50 to 64,151,2,149
S01010208,65 and over,113,1,112
S01010209,All people aged 3 and over,941,11,930
S01010209,3 to 15,121,1,120
S01010209,16 to 24,93,1,92
S01010209,25 to 34,126,3,123
S01010209,35 to 49,220,1,219
S01010209,50 to 64,154,2,152
S01010209,65 and over,227,3,224
S01010210,All people aged 3 and over,858,9,849
S01010210,3 to 15,105,0,105
S01010210,16 to 24,95,0,95
S01010210,25 to 34,89,1,88
S01010210,35 to 49,186,5,181
S01010210,50 to 64,170,2,168
S01010210,65 and over,213,1,212
S01010211,All people aged 3 and over,836,12,824
S01010211,3 to 15,123,1,122
S01010211,16 to 24,116,1,115
S01010211,25 to 34,84,3,81
S01010211,35 to 49,177,4,173
S01010211,50 to 64,145,1,144
S01010211,65 and over,191,2,189
S01010212,All people aged 3 and over,1038,12,1026
S01010212,3 to 15,161,1,160
S01010212,16 to 24,144,0,144
S01010212,25 to 34,150,3,147
S01010212,35 to 49,229,3,226
S01010212,50 to 64,167,5,162
S01010212,65 and over,187,0,187
S01010213,All people aged 3 and over,900,9,891
S01010213,3 to 15,104,0,104
S01010213,16 to 24,78,0,78
S01010213,25 to 34,106,4,102
S01010213,35 to 49,189,1,188
S01010213,50 to 64,177,2,175
S01010213,65 and over,246,2,244
S01010214,All people aged 3 and over,939,7,932
S01010214,3 to 15,139,4,135
S01010214,16 to 24,118,1,117
S01010214,25 to 34,79,0,79
S01010214,35 to 49,225,1,224
S01010214,50 to 64,193,0,193
S01010214,65 and over,185,1,184
S01010215,All people aged 3 and over,812,11,801
S01010215,3 to 15,107,3,104
S01010215,16 to 24,81,1,80
S01010215,25 to 34,95,1,94
S01010215,35 to 49,175,1,174
S01010215,50 to 64,140,1,139
S01010215,65 and over,214,4,210
S01010216,All people aged 3 and over,599,11,588
S01010216,3 to 15,71,2,69
S01010216,16 to 24,76,1,75
S01010216,25 to 34,104,2,102
S01010216,35 to 49,127,4,123
S01010216,50 to 64,107,2,105
S01010216,65 and over,114,0,114
S01010217,All people aged 3 and over,787,3,784
S01010217,3 to 15,165,0,165
S01010217,16 to 24,136,2,134
S01010217,25 to 34,167,0,167
S01010217,35 to 49,182,1,181
S01010217,50 to 64,89,0,89
S01010217,65 and over,48,0,48
S01010218,All people aged 3 and over,966,11,955
S01010218,3 to 15,127,1,126
S01010218,16 to 24,102,1,101
S01010218,25 to 34,223,4,219
S01010218,35 to 49,278,2,276
S01010218,50 to 64,123,2,121
S01010218,65 and over,113,1,112
S01010219,All people aged 3 and over,469,19,450
S01010219,3 to 15,69,5,64
S01010219,16 to 24,60,1,59
S01010219,25 to 34,127,8,119
S01010219,35 to 49,119,3,116
S01010219,50 to 64,49,1,48
S01010219,65 and over,45,1,44
S01010220,All people aged 3 and over,453,8,445
S01010220,3 to 15,19,1,18
S01010220,16 to 24,94,2,92
S01010220,25 to 34,194,4,190
S01010220,35 to 49,99,1,98
S01010220,50 to 64,41,0,41
S01010220,65 and over,6,0,6
S01010221,All people aged 3 and over,534,6,528
S01010221,3 to 15,64,0,64
S01010221,16 to 24,71,1,70
S01010221,25 to 34,69,1,68
S01010221,35 to 49,104,3,101
S01010221,50 to 64,85,0,85
S01010221,65 and over,141,1,140
S01010222,All people aged 3 and over,479,7,472
S01010222,3 to 15,42,0,42
S01010222,16 to 24,77,2,75
S01010222,25 to 34,96,2,94
S01010222,35 to 49,111,1,110
S01010222,50 to 64,83,1,82
S01010222,65 and over,70,1,69
S01010223,All people aged 3 and over,538,5,533
S01010223,3 to 15,43,0,43
S01010223,16 to 24,69,1,68
S01010223,25 to 34,80,1,79
S01010223,35 to 49,133,1,132
S01010223,50 to 64,120,1,119
S01010223,65 and over,93,1,92
S01010224,All people aged 3 and over,989,13,976
S01010224,3 to 15,190,4,186
S01010224,16 to 24,141,1,140
S01010224,25 to 34,159,3,156
S01010224,35 to 49,208,2,206
S01010224,50 to 64,162,2,160
S01010224,65 and over,129,1,128
S01010225,All people aged 3 and over,761,6,755
S01010225,3 to 15,97,2,95
S01010225,16 to 24,114,0,114
S01010225,25 to 34,155,2,153
S01010225,35 to 49,178,0,178
S01010225,50 to 64,133,0,133
S01010225,65 and over,84,2,82
S01010226,All people aged 3 and over,767,15,752
S01010226,3 to 15,178,3,175
S01010226,16 to 24,100,2,98
S01010226,25 to 34,130,6,124
S01010226,35 to 49,232,4,228
S01010226,50 to 64,78,0,78
S01010226,65 and over,49,0,49
S01010227,All people aged 3 and over,628,9,619
S01010227,3 to 15,162,0,162
S01010227,16 to 24,94,2,92
S01010227,25 to 34,110,4,106
S01010227,35 to 49,178,0,178
S01010227,50 to 64,54,2,52
S01010227,65 and over,30,1,29
S01010228,All people aged 3 and over,679,11,668
S01010228,3 to 15,64,0,64
S01010228,16 to 24,64,1,63
S01010228,25 to 34,90,5,85
S01010228,35 to 49,133,2,131
S01010228,50 to 64,117,1,116
S01010228,65 and over,211,2,209
S01010229,All people aged 3 and over,975,12,963
S01010229,3 to 15,148,3,145
S01010229,16 to 24,117,1,116
S01010229,25 to 34,131,1,130
S01010229,35 to 49,265,4,261
S01010229,50 to 64,198,3,195
S01010229,65 and over,116,0,116
S01010230,All people aged 3 and over,934,9,925
S01010230,3 to 15,100,0,100
S01010230,16 to 24,96,1,95
S01010230,25 to 34,253,4,249
S01010230,35 to 49,232,4,228
S01010230,50 to 64,125,0,125
S01010230,65 and over,128,0,128
S01010231,All people aged 3 and over,962,10,952
S01010231,3 to 15,180,1,179
S01010231,16 to 24,122,0,122
S01010231,25 to 34,162,3,159
S01010231,35 to 49,224,4,220
S01010231,50 to 64,121,2,119
S01010231,65 and over,153,0,153
S01010232,All people aged 3 and over,1009,15,994
S01010232,3 to 15,204,3,201
S01010232,16 to 24,163,0,163
S01010232,25 to 34,173,4,169
S01010232,35 to 49,281,6,275
S01010232,50 to 64,138,2,136
S01010232,65 and over,50,0,50
S01010233,All people aged 3 and over,901,13,888
S01010233,3 to 15,163,2,161
S01010233,16 to 24,115,2,113
S01010233,25 to 34,195,3,192
S01010233,35 to 49,223,4,219
S01010233,50 to 64,119,2,117
S01010233,65 and over,86,0,86
S01010234,All people aged 3 and over,912,14,898
S01010234,3 to 15,44,0,44
S01010234,16 to 24,164,6,158
S01010234,25 to 34,278,7,271
S01010234,35 to 49,176,0,176
S01010234,50 to 64,97,0,97
S01010234,65 and over,153,1,152
S01010235,All people aged 3 and over,859,10,849
S01010235,3 to 15,22,0,22
S01010235,16 to 24,274,5,269
S01010235,25 to 34,324,3,321
S01010235,35 to 49,107,0,107
S01010235,50 to 64,23,2,21
S01010235,65 and over,109,0,109
S01010236,All people aged 3 and over,715,16,699
S01010236,3 to 15,63,0,63
S01010236,16 to 24,130,3,127
S01010236,25 to 34,209,7,202
S01010236,35 to 49,135,0,135
S01010236,50 to 64,107,5,102
S01010236,65 and over,71,1,70
S01010237,All people aged 3 and over,625,14,611
S01010237,3 to 15,50,2,48
S01010237,16 to 24,87,4,83
S01010237,25 to 34,203,4,199
S01010237,35 to 49,133,3,130
S01010237,50 to 64,85,1,84
S01010237,65 and over,67,0,67
S01010238,All people aged 3 and over,804,15,789
S01010238,3 to 15,60,1,59
S01010238,16 to 24,149,3,146
S01010238,25 to 34,228,3,225
S01010238,35 to 49,160,6,154
S01010238,50 to 64,111,1,110
S01010238,65 and over,96,1,95
S01010239,All people aged 3 and over,765,11,754
S01010239,3 to 15,91,0,91
S01010239,16 to 24,92,4,88
S01010239,25 to 34,158,2,156
S01010239,35 to 49,127,1,126
S01010239,50 to 64,169,2,167
S01010239,65 and over,128,2,126
S01010240,All people aged 3 and over,670,17,653
S01010240,3 to 15,54,0,54
S01010240,16 to 24,103,7,96
S01010240,25 to 34,162,7,155
S01010240,35 to 49,142,1,141
S01010240,50 to 64,135,2,133
S01010240,65 and over,74,0,74
S01010241,All people aged 3 and over,997,22,975
S01010241,3 to 15,61,1,60
S01010241,16 to 24,94,8,86
S01010241,25 to 34,292,8,284
S01010241,35 to 49,201,3,198
S01010241,50 to 64,160,2,158
S01010241,65 and over,189,0,189
S01010242,All people aged 3 and over,772,12,760
S01010242,3 to 15,116,2,114
S01010242,16 to 24,126,2,124
S01010242,25 to 34,180,6,174
S01010242,35 to 49,200,2,198
S01010242,50 to 64,102,0,102
S01010242,65 and over,48,0,48
S01010243,All people aged 3 and over,985,15,970
S01010243,3 to 15,137,2,135
S01010243,16 to 24,189,1,188
S01010243,25 to 34,244,2,242
S01010243,35 to 49,250,8,242
S01010243,50 to 64,112,1,111
S01010243,65 and over,53,1,52
S01010244,All people aged 3 and over,714,8,706
S01010244,3 to 15,81,0,81
S01010244,16 to 24,104,1,103
S01010244,25 to 34,132,3,129
S01010244,35 to 49,172,3,169
S01010244,50 to 64,129,1,128
S01010244,65 and over,96,0,96
S01010245,All people aged 3 and over,910,11,899
S01010245,3 to 15,126,1,125
S01010245,16 to 24,141,2,139
S01010245,25 to 34,138,3,135
S01010245,35 to 49,213,3,210
S01010245,50 to 64,182,2,180
S01010245,65 and over,110,0,110
S01010246,All people aged 3 and over,806,7,799
S01010246,3 to 15,128,4,124
S01010246,16 to 24,143,0,143
S01010246,25 to 34,133,0,133
S01010246,35 to 49,181,2,179
S01010246,50 to 64,144,0,144
S01010246,65 and over,77,1,76
S01010247,All people aged 3 and over,713,2,711
S01010247,3 to 15,66,0,66
S01010247,16 to 24,82,0,82
S01010247,25 to 34,96,0,96
S01010247,35 to 49,134,0,134
S01010247,50 to 64,195,1,194
S01010247,65 and over,140,1,139
S01010248,All people aged 3 and over,819,19,800
S01010248,3 to 15,41,0,41
S01010248,16 to 24,180,9,171
S01010248,25 to 34,277,4,273
S01010248,35 to 49,132,0,132
S01010248,50 to 64,96,4,92
S01010248,65 and over,93,2,91
S01010249,All people aged 3 and over,659,27,632
S01010249,3 to 15,25,0,25
S01010249,16 to 24,173,12,161
S01010249,25 to 34,199,10,189
S01010249,35 to 49,130,2,128
S01010249,50 to 64,65,2,63
S01010249,65 and over,67,1,66
S01010250,All people aged 3 and over,745,16,729
S01010250,3 to 15,45,0,45
S01010250,16 to 24,221,5,216
S01010250,25 to 34,249,7,242
S01010250,35 to 49,122,2,120
S01010250,50 to 64,54,2,52
S01010250,65 and over,54,0,54
S01010251,All people aged 3 and over,639,15,624
S01010251,3 to 15,73,1,72
S01010251,16 to 24,172,6,166
S01010251,25 to 34,241,5,236
S01010251,35 to 49,96,2,94
S01010251,50 to 64,43,1,42
S01010251,65 and over,14,0,14
S01010252,All people aged 3 and over,595,9,586
S01010252,3 to 15,52,0,52
S01010252,16 to 24,110,2,108
S01010252,25 to 34,170,4,166
S01010252,35 to 49,121,3,118
S01010252,50 to 64,91,0,91
S01010252,65 and over,51,0,51
S01010253,All people aged 3 and over,601,2,599
S01010253,3 to 15,74,0,74
S01010253,16 to 24,89,1,88
S01010253,25 to 34,103,1,102
S01010253,35 to 49,125,0,125
S01010253,50 to 64,114,0,114
S01010253,65 and over,96,0,96
S01010254,All people aged 3 and over,1015,15,1000
S01010254,3 to 15,82,0,82
S01010254,16 to 24,157,4,153
S01010254,25 to 34,219,2,217
S01010254,35 to 49,171,5,166
S01010254,50 to 64,198,2,196
S01010254,65 and over,188,2,186
S01010255,All people aged 3 and over,699,15,684
S01010255,3 to 15,141,13,128
S01010255,16 to 24,105,0,105
S01010255,25 to 34,132,2,130
S01010255,35 to 49,153,0,153
S01010255,50 to 64,91,0,91
S01010255,65 and over,77,0,77
S01010256,All people aged 3 and over,828,10,818
S01010256,3 to 15,107,0,107
S01010256,16 to 24,123,3,120
S01010256,25 to 34,162,2,160
S01010256,35 to 49,180,1,179
S01010256,50 to 64,148,3,145
S01010256,65 and over,108,1,107
S01010257,All people aged 3 and over,809,11,798
S01010257,3 to 15,16,0,16
S01010257,16 to 24,335,7,328
S01010257,25 to 34,224,3,221
S01010257,35 to 49,112,1,111
S01010257,50 to 64,79,0,79
S01010257,65 and over,43,0,43
S01010258,All people aged 3 and over,1477,37,1440
S01010258,3 to 15,8,0,8
S01010258,16 to 24,1004,30,974
S01010258,25 to 34,343,3,340
S01010258,35 to 49,74,2,72
S01010258,50 to 64,36,2,34
S01010258,65 and over,12,0,12
S01010259,All people aged 3 and over,1243,24,1219
S01010259,3 to 15,80,1,79
S01010259,16 to 24,600,17,583
S01010259,25 to 34,144,5,139
S01010259,35 to 49,175,0,175
S01010259,50 to 64,111,1,110
S01010259,65 and over,133,0,133
S01010260,All people aged 3 and over,1860,40,1820
S01010260,3 to 15,33,1,32
S01010260,16 to 24,1093,25,1068
S01010260,25 to 34,348,6,342
S01010260,35 to 49,191,4,187
S01010260,50 to 64,105,3,102
S01010260,65 and over,90,1,89
S01010261,All people aged 3 and over,2528,96,2432
S01010261,3 to 15,59,0,59
S01010261,16 to 24,1696,81,1615
S01010261,25 to 34,317,8,309
S01010261,35 to 49,154,2,152
S01010261,50 to 64,101,2,99
S01010261,65 and over,201,3,198
S01010262,All people aged 3 and over,839,10,829
S01010262,3 to 15,28,1,27
S01010262,16 to 24,164,3,161
S01010262,25 to 34,56,2,54
S01010262,35 to 49,120,2,118
S01010262,50 to 64,196,2,194
S01010262,65 and over,275,0,275
S01010263,All people aged 3 and over,734,18,716
S01010263,3 to 15,13,1,12
S01010263,16 to 24,229,10,219
S01010263,25 to 34,310,3,307
S01010263,35 to 49,106,1,105
S01010263,50 to 64,52,3,49
S01010263,65 and over,24,0,24
S01010264,All people aged 3 and over,817,20,797
S01010264,3 to 15,2,0,2
S01010264,16 to 24,214,8,206
S01010264,25 to 34,277,9,268
S01010264,35 to 49,191,2,189
S01010264,50 to 64,81,1,80
S01010264,65 and over,52,0,52
S01010265,All people aged 3 and over,1031,24,1007
S01010265,3 to 15,12,0,12
S01010265,16 to 24,497,17,480
S01010265,25 to 34,326,3,323
S01010265,35 to 49,141,4,137
S01010265,50 to 64,47,0,47
S01010265,65 and over,8,0,8
S01010266,All people aged 3 and over,534,19,515
S01010266,3 to 15,44,1,43
S01010266,16 to 24,220,13,207
S01010266,25 to 34,114,1,113
S01010266,35 to 49,83,1,82
S01010266,50 to 64,36,0,36
S01010266,65 and over,37,3,34
S01010267,All people aged 3 and over,602,18,584
S01010267,3 to 15,19,0,19
S01010267,16 to 24,308,13,295
S01010267,25 to 34,197,4,193
S01010267,35 to 49,61,1,60
S01010267,50 to 64,12,0,12
S01010267,65 and over,5,0,5
S01010268,All people aged 3 and over,821,16,805
S01010268,3 to 15,48,0,48
S01010268,16 to 24,304,6,298
S01010268,25 to 34,204,2,202
S01010268,35 to 49,129,3,126
S01010268,50 to 64,78,2,76
S01010268,65 and over,58,3,55
S01010269,All people aged 3 and over,521,14,507
S01010269,3 to 15,15,0,15
S01010269,16 to 24,184,4,180
S01010269,25 to 34,168,6,162
S01010269,35 to 49,80,1,79
S01010269,50 to 64,48,1,47
S01010269,65 and over,26,2,24
S01010270,All people aged 3 and over,1141,18,1123
S01010270,3 to 15,19,0,19
S01010270,16 to 24,182,7,175
S01010270,25 to 34,188,3,185
S01010270,35 to 49,179,1,178
S01010270,50 to 64,268,4,264
S01010270,65 and over,305,3,302
S01010271,All people aged 3 and over,761,22,739
S01010271,3 to 15,39,0,39
S01010271,16 to 24,334,12,322
S01010271,25 to 34,157,5,152
S01010271,35 to 49,101,2,99
S01010271,50 to 64,66,3,63
S01010271,65 and over,64,0,64
S01010272,All people aged 3 and over,987,16,971
S01010272,3 to 15,59,0,59
S01010272,16 to 24,206,6,200
S01010272,25 to 34,236,5,231
S01010272,35 to 49,247,3,244
S01010272,50 to 64,141,2,139
S01010272,65 and over,98,0,98
S01010273,All people aged 3 and over,652,11,641
S01010273,3 to 15,9,0,9
S01010273,16 to 24,271,7,264
S01010273,25 to 34,255,2,253
S01010273,35 to 49,92,1,91
S01010273,50 to 64,17,1,16
S01010273,65 and over,8,0,8
S01010274,All people aged 3 and over,556,13,543
S01010274,3 to 15,4,0,4
S01010274,16 to 24,193,5,188
S01010274,25 to 34,209,2,207
S01010274,35 to 49,88,3,85
S01010274,50 to 64,42,3,39
S01010274,65 and over,20,0,20
S01010275,All people aged 3 and over,591,15,576
S01010275,3 to 15,12,0,12
S01010275,16 to 24,250,3,247
S01010275,25 to 34,207,6,201
S01010275,35 to 49,78,3,75
S01010275,50 to 64,35,2,33
S01010275,65 and over,9,1,8
S01010276,All people aged 3 and over,969,17,952
S01010276,3 to 15,43,0,43
S01010276,16 to 24,214,4,210
S01010276,25 to 34,372,4,368
S01010276,35 to 49,200,6,194
S01010276,50 to 64,118,1,117
S01010276,65 and over,22,2,20
S01010277,All people aged 3 and over,594,6,588
S01010277,3 to 15,73,0,73
S01010277,16 to 24,109,1,108
S01010277,25 to 34,85,0,85
S01010277,35 to 49,107,3,104
S01010277,50 to 64,101,1,100
S01010277,65 and over,119,1,118
S01010278,All people aged 3 and over,626,17,609
S01010278,3 to 15,118,2,116
S01010278,16 to 24,92,0,92
S01010278,25 to 34,130,8,122
S01010278,35 to 49,137,4,133
S01010278,50 to 64,84,1,83
S01010278,65 and over,65,2,63
S01010279,All people aged 3 and over,584,15,569
S01010279,3 to 15,47,0,47
S01010279,16 to 24,163,4,159
S01010279,25 to 34,147,3,144
S01010279,35 to 49,117,5,112
S01010279,50 to 64,71,2,69
S01010279,65 and over,39,1,38
S01010280,All people aged 3 and over,764,22,742
S01010280,3 to 15,34,2,32
S01010280,16 to 24,228,10,218
S01010280,25 to 34,267,7,260
S01010280,35 to 49,135,3,132
S01010280,50 to 64,74,0,74
S01010280,65 and over,26,0,26
S01010281,All people aged 3 and over,756,29,727
S01010281,3 to 15,25,0,25
S01010281,16 to 24,214,17,197
S01010281,25 to 34,291,3,288
S01010281,35 to 49,140,4,136
S01010281,50 to 64,67,3,64
S01010281,65 and over,19,2,17
S01010282,All people aged 3 and over,952,30,922
S01010282,3 to 15,50,4,46
S01010282,16 to 24,197,5,192
S01010282,25 to 34,271,9,262
S01010282,35 to 49,216,6,210
S01010282,50 to 64,115,3,112
S01010282,65 and over,103,3,100
S01010283,All people aged 3 and over,527,18,509
S01010283,3 to 15,31,0,31
S01010283,16 to 24,142,7,135
S01010283,25 to 34,213,8,205
S01010283,35 to 49,85,1,84
S01010283,50 to 64,40,1,39
S01010283,65 and over,16,1,15
S01010284,All people aged 3 and over,1388,44,1344
S01010284,3 to 15,34,1,33
S01010284,16 to 24,547,14,533
S01010284,25 to 34,486,12,474
S01010284,35 to 49,193,7,186
S01010284,50 to 64,88,7,81
S01010284,65 and over,40,3,37
S01010285,All people aged 3 and over,817,32,785
S01010285,3 to 15,81,4,77
S01010285,16 to 24,285,11,274
S01010285,25 to 34,172,12,160
S01010285,35 to 49,175,4,171
S01010285,50 to 64,64,1,63
S01010285,65 and over,40,0,40
S01010286,All people aged 3 and over,1502,56,1446
S01010286,3 to 15,47,0,47
S01010286,16 to 24,908,34,874
S01010286,25 to 34,344,10,334
S01010286,35 to 49,125,7,118
S01010286,50 to 64,56,4,52
S01010286,65 and over,22,1,21
S01010287,All people aged 3 and over,857,22,835
S01010287,3 to 15,30,0,30
S01010287,16 to 24,388,6,382
S01010287,25 to 34,224,7,217
S01010287,35 to 49,124,4,120
S01010287,50 to 64,49,2,47
S01010287,65 and over,42,3,39
S01010288,All people aged 3 and over,790,30,760
S01010288,3 to 15,36,5,31
S01010288,16 to 24,316,13,303
S01010288,25 to 34,210,4,206
S01010288,35 to 49,133,5,128
S01010288,50 to 64,70,3,67
S01010288,65 and over,25,0,25
S01010289,All people aged 3 and over,740,24,716
S01010289,3 to 15,51,2,49
S01010289,16 to 24,129,2,127
S01010289,25 to 34,192,4,188
S01010289,35 to 49,235,6,229
S01010289,50 to 64,114,10,104
S01010289,65 and over,19,0,19
S01010290,All people aged 3 and over,532,10,522
S01010290,3 to 15,39,3,36
S01010290,16 to 24,173,2,171
S01010290,25 to 34,140,2,138
S01010290,35 to 49,104,1,103
S01010290,50 to 64,57,2,55
S01010290,65 and over,19,0,19
S01010291,All people aged 3 and over,1054,39,1015
S01010291,3 to 15,57,1,56
S01010291,16 to 24,473,19,454
S01010291,25 to 34,223,7,216
S01010291,35 to 49,148,5,143
S01010291,50 to 64,74,3,71
S01010291,65 and over,79,4,75
S01010292,All people aged 3 and over,879,29,850
S01010292,3 to 15,35,4,31
S01010292,16 to 24,351,8,343
S01010292,25 to 34,242,7,235
S01010292,35 to 49,139,6,133
S01010292,50 to 64,72,2,70
S01010292,65 and over,40,2,38
S01010293,All people aged 3 and over,821,25,796
S01010293,3 to 15,65,3,62
S01010293,16 to 24,350,11,339
S01010293,25 to 34,210,7,203
S01010293,35 to 49,92,1,91
S01010293,50 to 64,49,2,47
S01010293,65 and over,55,1,54
S01010294,All people aged 3 and over,681,22,659
S01010294,3 to 15,38,3,35
S01010294,16 to 24,347,11,336
S01010294,25 to 34,148,2,146
S01010294,35 to 49,76,5,71
S01010294,50 to 64,43,0,43
S01010294,65 and over,29,1,28
S01010295,All people aged 3 and over,956,37,919
S01010295,3 to 15,64,2,62
S01010295,16 to 24,430,25,405
S01010295,25 to 34,251,4,247
S01010295,35 to 49,115,3,112
S01010295,50 to 64,57,2,55
S01010295,65 and over,39,1,38
S01010296,All people aged 3 and over,644,8,636
S01010296,3 to 15,69,1,68
S01010296,16 to 24,217,6,211
S01010296,25 to 34,145,0,145
S01010296,35 to 49,103,1,102
S01010296,50 to 64,74,0,74
S01010296,65 and over,36,0,36
S01010297,All people aged 3 and over,1047,28,1019
S01010297,3 to 15,58,0,58
S01010297,16 to 24,181,7,174
S01010297,25 to 34,238,9,229
S01010297,35 to 49,201,3,198
S01010297,50 to 64,175,5,170
S01010297,65 and over,194,4,190
S01010298,All people aged 3 and over,862,14,848
S01010298,3 to 15,42,1,41
S01010298,16 to 24,183,4,179
S01010298,25 to 34,167,3,164
S01010298,35 to 49,135,3,132
S01010298,50 to 64,104,3,101
S01010298,65 and over,231,0,231
S01010299,All people aged 3 and over,521,2,519
S01010299,3 to 15,65,0,65
S01010299,16 to 24,79,0,79
S01010299,25 to 34,74,0,74
S01010299,35 to 49,100,2,98
S01010299,50 to 64,101,0,101
S01010299,65 and over,102,0,102
S01010300,All people aged 3 and over,913,14,899
S01010300,3 to 15,76,0,76
S01010300,16 to 24,235,2,233
S01010300,25 to 34,214,5,209
S01010300,35 to 49,148,3,145
S01010300,50 to 64,106,2,104
S01010300,65 and over,134,2,132
S01010301,All people aged 3 and over,508,15,493
S01010301,3 to 15,42,1,41
S01010301,16 to 24,170,6,164
S01010301,25 to 34,153,4,149
S01010301,35 to 49,88,1,87
S01010301,50 to 64,31,1,30
S01010301,65 and over,24,2,22
S01010302,All people aged 3 and over,649,19,630
S01010302,3 to 15,92,2,90
S01010302,16 to 24,76,5,71
S01010302,25 to 34,119,2,117
S01010302,35 to 49,153,5,148
S01010302,50 to 64,84,4,80
S01010302,65 and over,125,1,124
S01010303,All people aged 3 and over,531,7,524
S01010303,3 to 15,133,1,132
S01010303,16 to 24,67,0,67
S01010303,25 to 34,107,3,104
S01010303,35 to 49,136,2,134
S01010303,50 to 64,60,1,59
S01010303,65 and over,28,0,28
S01010304,All people aged 3 and over,531,10,521
S01010304,3 to 15,50,1,49
S01010304,16 to 24,109,2,107
S01010304,25 to 34,138,2,136
S01010304,35 to 49,105,0,105
S01010304,50 to 64,72,4,68
S01010304,65 and over,57,1,56
S01010305,All people aged 3 and over,794,24,770
S01010305,3 to 15,28,1,27
S01010305,16 to 24,147,6,141
S01010305,25 to 34,168,2,166
S01010305,35 to 49,173,6,167
S01010305,50 to 64,129,2,127
S01010305,65 and over,149,7,142
S01010306,All people aged 3 and over,740,20,720
S01010306,3 to 15,48,4,44
S01010306,16 to 24,189,6,183
S01010306,25 to 34,239,2,237
S01010306,35 to 49,156,3,153
S01010306,50 to 64,75,3,72
S01010306,65 and over,33,2,31
S01010307,All people aged 3 and over,803,18,785
S01010307,3 to 15,49,2,47
S01010307,16 to 24,204,4,200
S01010307,25 to 34,240,5,235
S01010307,35 to 49,160,4,156
S01010307,50 to 64,94,1,93
S01010307,65 and over,56,2,54
S01010308,All people aged 3 and over,949,23,926
S01010308,3 to 15,73,2,71
S01010308,16 to 24,239,6,233
S01010308,25 to 34,302,6,296
S01010308,35 to 49,177,5,172
S01010308,50 to 64,104,2,102
S01010308,65 and over,54,2,52
S01010309,All people aged 3 and over,413,8,405
S01010309,3 to 15,25,0,25
S01010309,16 to 24,42,2,40
S01010309,25 to 34,53,2,51
S01010309,35 to 49,96,1,95
S01010309,50 to 64,113,2,111
S01010309,65 and over,84,1,83
S01010310,All people aged 3 and over,659,12,647
S01010310,3 to 15,103,0,103
S01010310,16 to 24,96,1,95
S01010310,25 to 34,144,6,138
S01010310,35 to 49,184,4,180
S01010310,50 to 64,97,1,96
S01010310,65 and over,35,0,35
S01010311,All people aged 3 and over,697,13,684
S01010311,3 to 15,115,0,115
S01010311,16 to 24,89,9,80
S01010311,25 to 34,105,1,104
S01010311,35 to 49,161,1,160
S01010311,50 to 64,134,1,133
S01010311,65 and over,93,1,92
S01010312,All people aged 3 and over,827,4,823
S01010312,3 to 15,151,1,150
S01010312,16 to 24,143,0,143
S01010312,25 to 34,80,1,79
S01010312,35 to 49,204,2,202
S01010312,50 to 64,155,0,155
S01010312,65 and over,94,0,94
S01010313,All people aged 3 and over,627,12,615
S01010313,3 to 15,79,2,77
S01010313,16 to 24,95,1,94
S01010313,25 to 34,98,4,94
S01010313,35 to 49,159,1,158
S01010313,50 to 64,110,3,107
S01010313,65 and over,86,1,85
S01010314,All people aged 3 and over,1229,19,1210
S01010314,3 to 15,117,0,117
S01010314,16 to 24,294,6,288
S01010314,25 to 34,221,4,217
S01010314,35 to 49,212,6,206
S01010314,50 to 64,216,2,214
S01010314,65 and over,169,1,168
S01010315,All people aged 3 and over,862,13,849
S01010315,3 to 15,159,3,156
S01010315,16 to 24,155,3,152
S01010315,25 to 34,168,2,166
S01010315,35 to 49,191,4,187
S01010315,50 to 64,122,1,121
S01010315,65 and over,67,0,67
S01010316,All people aged 3 and over,496,8,488
S01010316,3 to 15,74,0,74
S01010316,16 to 24,94,0,94
S01010316,25 to 34,117,1,116
S01010316,35 to 49,116,6,110
S01010316,50 to 64,68,1,67
S01010316,65 and over,27,0,27
S01010317,All people aged 3 and over,717,20,697
S01010317,3 to 15,27,0,27
S01010317,16 to 24,209,5,204
S01010317,25 to 34,232,8,224
S01010317,35 to 49,128,4,124
S01010317,50 to 64,58,1,57
S01010317,65 and over,63,2,61
S01010318,All people aged 3 and over,1570,53,1517
S01010318,3 to 15,57,0,57
S01010318,16 to 24,1158,45,1113
S01010318,25 to 34,127,4,123
S01010318,35 to 49,125,3,122
S01010318,50 to 64,61,1,60
S01010318,65 and over,42,0,42
S01010319,All people aged 3 and over,686,18,668
S01010319,3 to 15,39,0,39
S01010319,16 to 24,126,1,125
S01010319,25 to 34,211,11,200
S01010319,35 to 49,149,2,147
S01010319,50 to 64,106,4,102
S01010319,65 and over,55,0,55
S01010320,All people aged 3 and over,661,22,639
S01010320,3 to 15,37,4,33
S01010320,16 to 24,133,6,127
S01010320,25 to 34,216,5,211
S01010320,35 to 49,116,2,114
S01010320,50 to 64,91,5,86
S01010320,65 and over,68,0,68
S01010321,All people aged 3 and over,829,14,815
S01010321,3 to 15,45,0,45
S01010321,16 to 24,124,3,121
S01010321,25 to 34,210,3,207
S01010321,35 to 49,133,2,131
S01010321,50 to 64,126,1,125
S01010321,65 and over,191,5,186
S01010322,All people aged 3 and over,1001,21,980
S01010322,3 to 15,49,1,48
S01010322,16 to 24,194,4,190
S01010322,25 to 34,308,7,301
S01010322,35 to 49,219,8,211
S01010322,50 to 64,129,0,129
S01010322,65 and over,102,1,101
S01010323,All people aged 3 and over,578,6,572
S01010323,3 to 15,66,2,64
S01010323,16 to 24,78,1,77
S01010323,25 to 34,98,1,97
S01010323,35 to 49,122,2,120
S01010323,50 to 64,98,0,98
S01010323,65 and over,116,0,116
S01010324,All people aged 3 and over,734,8,726
S01010324,3 to 15,71,0,71
S01010324,16 to 24,67,0,67
S01010324,25 to 34,80,3,77
S01010324,35 to 49,133,0,133
S01010324,50 to 64,151,3,148
S01010324,65 and over,232,2,230
S01010325,All people aged 3 and over,922,6,916
S01010325,3 to 15,98,0,98
S01010325,16 to 24,73,0,73
S01010325,25 to 34,82,1,81
S01010325,35 to 49,160,2,158
S01010325,50 to 64,198,1,197
S01010325,65 and over,311,2,309
S01010326,All people aged 3 and over,939,15,924
S01010326,3 to 15,197,3,194
S01010326,16 to 24,128,2,126
S01010326,25 to 34,135,3,132
S01010326,35 to 49,218,3,215
S01010326,50 to 64,165,1,164
S01010326,65 and over,96,3,93
S01010327,All people aged 3 and over,938,15,923
S01010327,3 to 15,168,3,165
S01010327,16 to 24,105,0,105
S01010327,25 to 34,164,3,161
S01010327,35 to 49,195,4,191
S01010327,50 to 64,146,4,142
S01010327,65 and over,160,1,159
S01010328,All people aged 3 and over,933,16,917
S01010328,3 to 15,122,7,115
S01010328,16 to 24,95,2,93
S01010328,25 to 34,172,2,170
S01010328,35 to 49,178,5,173
S01010328,50 to 64,173,0,173
S01010328,65 and over,193,0,193
S01010329,All people aged 3 and over,556,4,552
S01010329,3 to 15,61,0,61
S01010329,16 to 24,53,0,53
S01010329,25 to 34,72,1,71
S01010329,35 to 49,112,0,112
S01010329,50 to 64,128,3,125
S01010329,65 and over,130,0,130
S01010330,All people aged 3 and over,634,6,628
S01010330,3 to 15,128,1,127
S01010330,16 to 24,71,2,69
S01010330,25 to 34,110,0,110
S01010330,35 to 49,133,3,130
S01010330,50 to 64,99,0,99
S01010330,65 and over,93,0,93
S01010331,All people aged 3 and over,893,13,880
S01010331,3 to 15,117,6,111
S01010331,16 to 24,82,1,81
S01010331,25 to 34,101,1,100
S01010331,35 to 49,181,3,178
S01010331,50 to 64,174,1,173
S01010331,65 and over,238,1,237
S01010332,All people aged 3 and over,702,7,695
S01010332,3 to 15,124,1,123
S01010332,16 to 24,109,0,109
S01010332,25 to 34,70,1,69
S01010332,35 to 49,160,3,157
S01010332,50 to 64,141,0,141
S01010332,65 and over,98,2,96
S01010333,All people aged 3 and over,937,16,921
S01010333,3 to 15,144,4,140
S01010333,16 to 24,119,2,117
S01010333,25 to 34,127,0,127
S01010333,35 to 49,205,7,198
S01010333,50 to 64,164,2,162
S01010333,65 and over,178,1,177
S01010334,All people aged 3 and over,889,2,887
S01010334,3 to 15,153,0,153
S01010334,16 to 24,99,0,99
S01010334,25 to 34,128,1,127
S01010334,35 to 49,221,0,221
S01010334,50 to 64,138,0,138
S01010334,65 and over,150,1,149
S01010335,All people aged 3 and over,805,3,802
S01010335,3 to 15,110,1,109
S01010335,16 to 24,111,0,111
S01010335,25 to 34,81,0,81
S01010335,35 to 49,148,0,148
S01010335,50 to 64,146,1,145
S01010335,65 and over,209,1,208
S01010336,All people aged 3 and over,623,7,616
S01010336,3 to 15,121,0,121
S01010336,16 to 24,92,2,90
S01010336,25 to 34,91,1,90
S01010336,35 to 49,164,2,162
S01010336,50 to 64,86,1,85
S01010336,65 and over,69,1,68
S01010337,All people aged 3 and over,610,2,608
S01010337,3 to 15,81,0,81
S01010337,16 to 24,79,0,79
S01010337,25 to 34,61,0,61
S01010337,35 to 49,138,0,138
S01010337,50 to 64,137,0,137
S01010337,65 and over,114,2,112
S01010338,All people aged 3 and over,716,4,712
S01010338,3 to 15,146,1,145
S01010338,16 to 24,91,0,91
S01010338,25 to 34,109,0,109
S01010338,35 to 49,162,0,162
S01010338,50 to 64,117,2,115
S01010338,65 and over,91,1,90
S01010339,All people aged 3 and over,669,3,666
S01010339,3 to 15,117,1,116
S01010339,16 to 24,75,1,74
S01010339,25 to 34,70,0,70
S01010339,35 to 49,138,0,138
S01010339,50 to 64,116,0,116
S01010339,65 and over,153,1,152
S01010340,All people aged 3 and over,713,9,704
S01010340,3 to 15,118,1,117
S01010340,16 to 24,110,4,106
S01010340,25 to 34,101,2,99
S01010340,35 to 49,161,1,160
S01010340,50 to 64,112,1,111
S01010340,65 and over,111,0,111
S01010341,All people aged 3 and over,570,7,563
S01010341,3 to 15,102,0,102
S01010341,16 to 24,64,0,64
S01010341,25 to 34,56,0,56
S01010341,35 to 49,132,4,128
S01010341,50 to 64,126,3,123
S01010341,65 and over,90,0,90
S01010342,All people aged 3 and over,619,13,606
S01010342,3 to 15,87,6,81
S01010342,16 to 24,77,0,77
S01010342,25 to 34,69,0,69
S01010342,35 to 49,186,4,182
S01010342,50 to 64,131,2,129
S01010342,65 and over,69,1,68
S01010343,All people aged 3 and over,905,10,895
S01010343,3 to 15,148,1,147
S01010343,16 to 24,131,0,131
S01010343,25 to 34,124,1,123
S01010343,35 to 49,256,4,252
S01010343,50 to 64,198,3,195
S01010343,65 and over,48,1,47
S01010344,All people aged 3 and over,661,2,659
S01010344,3 to 15,77,0,77
S01010344,16 to 24,80,0,80
S01010344,25 to 34,95,0,95
S01010344,35 to 49,173,2,171
S01010344,50 to 64,115,0,115
S01010344,65 and over,121,0,121
S01010345,All people aged 3 and over,463,12,451
S01010345,3 to 15,113,5,108
S01010345,16 to 24,66,0,66
S01010345,25 to 34,55,3,52
S01010345,35 to 49,157,4,153
S01010345,50 to 64,51,0,51
S01010345,65 and over,21,0,21
S01010346,All people aged 3 and over,1025,16,1009
S01010346,3 to 15,149,3,146
S01010346,16 to 24,105,0,105
S01010346,25 to 34,110,0,110
S01010346,35 to 49,228,6,222
S01010346,50 to 64,261,4,257
S01010346,65 and over,172,3,169
S01010347,All people aged 3 and over,1076,19,1057
S01010347,3 to 15,137,1,136
S01010347,16 to 24,319,6,313
S01010347,25 to 34,150,2,148
S01010347,35 to 49,188,7,181
S01010347,50 to 64,142,3,139
S01010347,65 and over,140,0,140
S01010348,All people aged 3 and over,935,2,933
S01010348,3 to 15,129,0,129
S01010348,16 to 24,82,0,82
S01010348,25 to 34,162,1,161
S01010348,35 to 49,142,0,142
S01010348,50 to 64,209,0,209
S01010348,65 and over,211,1,210
S01010349,All people aged 3 and over,852,17,835
S01010349,3 to 15,107,5,102
S01010349,16 to 24,83,0,83
S01010349,25 to 34,105,1,104
S01010349,35 to 49,182,6,176
S01010349,50 to 64,193,1,192
S01010349,65 and over,182,4,178
S01010350,All people aged 3 and over,910,6,904
S01010350,3 to 15,181,1,180
S01010350,16 to 24,107,1,106
S01010350,25 to 34,102,0,102
S01010350,35 to 49,206,2,204
S01010350,50 to 64,158,0,158
S01010350,65 and over,156,2,154
S01010351,All people aged 3 and over,844,7,837
S01010351,3 to 15,153,0,153
S01010351,16 to 24,144,2,142
S01010351,25 to 34,133,1,132
S01010351,35 to 49,198,2,196
S01010351,50 to 64,120,2,118
S01010351,65 and over,96,0,96
S01010352,All people aged 3 and over,491,4,487
S01010352,3 to 15,37,0,37
S01010352,16 to 24,60,1,59
S01010352,25 to 34,68,2,66
S01010352,35 to 49,105,1,104
S01010352,50 to 64,97,0,97
S01010352,65 and over,124,0,124
S01010353,All people aged 3 and over,894,8,886
S01010353,3 to 15,130,0,130
S01010353,16 to 24,119,0,119
S01010353,25 to 34,172,2,170
S01010353,35 to 49,199,3,196
S01010353,50 to 64,143,0,143
S01010353,65 and over,131,3,128
S01010354,All people aged 3 and over,707,16,691
S01010354,3 to 15,94,5,89
S01010354,16 to 24,99,0,99
S01010354,25 to 34,134,3,131
S01010354,35 to 49,146,2,144
S01010354,50 to 64,127,4,123
S01010354,65 and over,107,2,105
S01010355,All people aged 3 and over,722,9,713
S01010355,3 to 15,101,0,101
S01010355,16 to 24,110,2,108
S01010355,25 to 34,128,0,128
S01010355,35 to 49,166,4,162
S01010355,50 to 64,112,1,111
S01010355,65 and over,105,2,103
S01010356,All people aged 3 and over,645,8,637
S01010356,3 to 15,96,0,96
S01010356,16 to 24,82,1,81
S01010356,25 to 34,127,2,125
S01010356,35 to 49,199,4,195
S01010356,50 to 64,108,1,107
S01010356,65 and over,33,0,33
S01010357,All people aged 3 and over,564,8,556
S01010357,3 to 15,61,0,61
S01010357,16 to 24,86,0,86
S01010357,25 to 34,79,2,77
S01010357,35 to 49,124,1,123
S01010357,50 to 64,120,4,116
S01010357,65 and over,94,1,93
S01010358,All people aged 3 and over,812,8,804
S01010358,3 to 15,98,0,98
S01010358,16 to 24,92,2,90
S01010358,25 to 34,105,2,103
S01010358,35 to 49,179,0,179
S01010358,50 to 64,173,3,170
S01010358,65 and over,165,1,164
S01010359,All people aged 3 and over,775,5,770
S01010359,3 to 15,127,0,127
S01010359,16 to 24,99,1,98
S01010359,25 to 34,117,0,117
S01010359,35 to 49,139,2,137
S01010359,50 to 64,142,1,141
S01010359,65 and over,151,1,150
S01010360,All people aged 3 and over,545,18,527
S01010360,3 to 15,100,2,98
S01010360,16 to 24,80,5,75
S01010360,25 to 34,80,5,75
S01010360,35 to 49,141,3,138
S01010360,50 to 64,110,0,110
S01010360,65 and over,34,3,31
S01010361,All people aged 3 and over,593,5,588
S01010361,3 to 15,75,0,75
S01010361,16 to 24,71,1,70
S01010361,25 to 34,102,0,102
S01010361,35 to 49,156,2,154
S01010361,50 to 64,105,1,104
S01010361,65 and over,84,1,83
S01010362,All people aged 3 and over,773,11,762
S01010362,3 to 15,31,0,31
S01010362,16 to 24,116,1,115
S01010362,25 to 34,129,0,129
S01010362,35 to 49,222,5,217
S01010362,50 to 64,143,4,139
S01010362,65 and over,132,1,131
S01010363,All people aged 3 and over,732,39,693
S01010363,3 to 15,77,4,73
S01010363,16 to 24,92,10,82
S01010363,25 to 34,143,7,136
S01010363,35 to 49,173,9,164
S01010363,50 to 64,156,7,149
S01010363,65 and over,91,2,89
S01010364,All people aged 3 and over,883,28,855
S01010364,3 to 15,121,0,121
S01010364,16 to 24,104,3,101
S01010364,25 to 34,93,1,92
S01010364,35 to 49,201,8,193
S01010364,50 to 64,226,6,220
S01010364,65 and over,138,10,128
S01010365,All people aged 3 and over,985,12,973
S01010365,3 to 15,116,0,116
S01010365,16 to 24,99,1,98
S01010365,25 to 34,110,1,109
S01010365,35 to 49,236,0,236
S01010365,50 to 64,253,5,248
S01010365,65 and over,171,5,166
S01010366,All people aged 3 and over,988,31,957
S01010366,3 to 15,79,1,78
S01010366,16 to 24,150,4,146
S01010366,25 to 34,223,8,215
S01010366,35 to 49,203,5,198
S01010366,50 to 64,194,8,186
S01010366,65 and over,139,5,134
S01010367,All people aged 3 and over,1604,30,1574
S01010367,3 to 15,116,1,115
S01010367,16 to 24,622,13,609
S01010367,25 to 34,261,6,255
S01010367,35 to 49,229,3,226
S01010367,50 to 64,220,4,216
S01010367,65 and over,156,3,153
S01010368,All people aged 3 and over,713,18,695
S01010368,3 to 15,74,2,72
S01010368,16 to 24,68,2,66
S01010368,25 to 34,97,0,97
S01010368,35 to 49,149,4,145
S01010368,50 to 64,172,2,170
S01010368,65 and over,153,8,145
S01010369,All people aged 3 and over,739,16,723
S01010369,3 to 15,67,0,67
S01010369,16 to 24,111,3,108
S01010369,25 to 34,224,6,218
S01010369,35 to 49,172,2,170
S01010369,50 to 64,117,3,114
S01010369,65 and over,48,2,46
S01010370,All people aged 3 and over,710,15,695
S01010370,3 to 15,80,3,77
S01010370,16 to 24,137,3,134
S01010370,25 to 34,162,3,159
S01010370,35 to 49,182,3,179
S01010370,50 to 64,110,3,107
S01010370,65 and over,39,0,39
S01010371,All people aged 3 and over,980,17,963
S01010371,3 to 15,72,1,71
S01010371,16 to 24,268,1,267
S01010371,25 to 34,228,4,224
S01010371,35 to 49,216,5,211
S01010371,50 to 64,120,2,118
S01010371,65 and over,76,4,72
S01010372,All people aged 3 and over,508,19,489
S01010372,3 to 15,54,5,49
S01010372,16 to 24,77,3,74
S01010372,25 to 34,96,2,94
S01010372,35 to 49,135,6,129
S01010372,50 to 64,87,2,85
S01010372,65 and over,59,1,58
S01010373,All people aged 3 and over,731,23,708
S01010373,3 to 15,44,0,44
S01010373,16 to 24,150,2,148
S01010373,25 to 34,211,7,204
S01010373,35 to 49,151,9,142
S01010373,50 to 64,96,3,93
S01010373,65 and over,79,2,77
S01010374,All people aged 3 and over,916,26,890
S01010374,3 to 15,86,3,83
S01010374,16 to 24,219,8,211
S01010374,25 to 34,183,8,175
S01010374,35 to 49,197,4,193
S01010374,50 to 64,140,1,139
S01010374,65 and over,91,2,89
S01010375,All people aged 3 and over,523,3,520
S01010375,3 to 15,22,0,22
S01010375,16 to 24,313,2,311
S01010375,25 to 34,81,1,80
S01010375,35 to 49,56,0,56
S01010375,50 to 64,28,0,28
S01010375,65 and over,23,0,23
S01010376,All people aged 3 and over,696,31,665
S01010376,3 to 15,29,0,29
S01010376,16 to 24,284,13,271
S01010376,25 to 34,188,7,181
S01010376,35 to 49,112,7,105
S01010376,50 to 64,55,2,53
S01010376,65 and over,28,2,26
S01010377,All people aged 3 and over,914,29,885
S01010377,3 to 15,57,3,54
S01010377,16 to 24,427,11,416
S01010377,25 to 34,204,9,195
S01010377,35 to 49,130,4,126
S01010377,50 to 64,64,2,62
S01010377,65 and over,32,0,32
S01010378,All people aged 3 and over,723,17,706
S01010378,3 to 15,34,1,33
S01010378,16 to 24,433,10,423
S01010378,25 to 34,121,2,119
S01010378,35 to 49,65,2,63
S01010378,50 to 64,48,2,46
S01010378,65 and over,22,0,22
S01010379,All people aged 3 and over,1121,21,1100
S01010379,3 to 15,45,0,45
S01010379,16 to 24,594,12,582
S01010379,25 to 34,192,4,188
S01010379,35 to 49,120,1,119
S01010379,50 to 64,111,4,107
S01010379,65 and over,59,0,59
S01010380,All people aged 3 and over,937,36,901
S01010380,3 to 15,48,4,44
S01010380,16 to 24,226,6,220
S01010380,25 to 34,234,3,231
S01010380,35 to 49,176,6,170
S01010380,50 to 64,153,5,148
S01010380,65 and over,100,12,88
S01010381,All people aged 3 and over,597,15,582
S01010381,3 to 15,28,0,28
S01010381,16 to 24,216,6,210
S01010381,25 to 34,210,5,205
S01010381,35 to 49,86,2,84
S01010381,50 to 64,42,1,41
S01010381,65 and over,15,1,14
S01010382,All people aged 3 and over,836,25,811
S01010382,3 to 15,43,0,43
S01010382,16 to 24,216,8,208
S01010382,25 to 34,274,4,270
S01010382,35 to 49,146,6,140
S01010382,50 to 64,93,4,89
S01010382,65 and over,64,3,61
S01010383,All people aged 3 and over,646,28,618
S01010383,3 to 15,51,1,50
S01010383,16 to 24,160,7,153
S01010383,25 to 34,133,4,129
S01010383,35 to 49,136,6,130
S01010383,50 to 64,100,6,94
S01010383,65 and over,66,4,62
S01010384,All people aged 3 and over,800,17,783
S01010384,3 to 15,30,0,30
S01010384,16 to 24,216,6,210
S01010384,25 to 34,237,4,233
S01010384,35 to 49,157,2,155
S01010384,50 to 64,96,3,93
S01010384,65 and over,64,2,62
S01010385,All people aged 3 and over,827,41,786
S01010385,3 to 15,44,0,44
S01010385,16 to 24,196,10,186
S01010385,25 to 34,248,13,235
S01010385,35 to 49,157,1,156
S01010385,50 to 64,95,7,88
S01010385,65 and over,87,10,77
S01010386,All people aged 3 and over,888,26,862
S01010386,3 to 15,66,0,66
S01010386,16 to 24,182,10,172
S01010386,25 to 34,204,3,201
S01010386,35 to 49,198,8,190
S01010386,50 to 64,116,3,113
S01010386,65 and over,122,2,120
S01010387,All people aged 3 and over,1018,50,968
S01010387,3 to 15,46,1,45
S01010387,16 to 24,250,30,220
S01010387,25 to 34,343,5,338
S01010387,35 to 49,169,10,159
S01010387,50 to 64,134,1,133
S01010387,65 and over,76,3,73
S01010388,All people aged 3 and over,996,33,963
S01010388,3 to 15,71,2,69
S01010388,16 to 24,178,8,170
S01010388,25 to 34,216,6,210
S01010388,35 to 49,214,11,203
S01010388,50 to 64,172,5,167
S01010388,65 and over,145,1,144
S01010389,All people aged 3 and over,997,29,968
S01010389,3 to 15,24,0,24
S01010389,16 to 24,263,20,243
S01010389,25 to 34,375,8,367
S01010389,35 to 49,215,1,214
S01010389,50 to 64,103,0,103
S01010389,65 and over,17,0,17
S01010390,All people aged 3 and over,1060,55,1005
S01010390,3 to 15,58,2,56
S01010390,16 to 24,146,12,134
S01010390,25 to 34,377,20,357
S01010390,35 to 49,289,10,279
S01010390,50 to 64,140,8,132
S01010390,65 and over,50,3,47
S01010391,All people aged 3 and over,773,46,727
S01010391,3 to 15,36,1,35
S01010391,16 to 24,118,11,107
S01010391,25 to 34,283,13,270
S01010391,35 to 49,165,9,156
S01010391,50 to 64,104,6,98
S01010391,65 and over,67,6,61
S01010392,All people aged 3 and over,666,16,650
S01010392,3 to 15,32,0,32
S01010392,16 to 24,113,2,111
S01010392,25 to 34,245,9,236
S01010392,35 to 49,189,2,187
S01010392,50 to 64,69,2,67
S01010392,65 and over,18,1,17
S01010393,All people aged 3 and over,985,54,931
S01010393,3 to 15,34,3,31
S01010393,16 to 24,174,7,167
S01010393,25 to 34,322,24,298
S01010393,35 to 49,187,13,174
S01010393,50 to 64,144,5,139
S01010393,65 and over,124,2,122
S01010394,All people aged 3 and over,789,31,758
S01010394,3 to 15,58,2,56
S01010394,16 to 24,105,10,95
S01010394,25 to 34,114,2,112
S01010394,35 to 49,210,3,207
S01010394,50 to 64,143,4,139
S01010394,65 and over,159,10,149
S01010395,All people aged 3 and over,979,62,917
S01010395,3 to 15,62,1,61
S01010395,16 to 24,148,16,132
S01010395,25 to 34,273,29,244
S01010395,35 to 49,203,5,198
S01010395,50 to 64,147,6,141
S01010395,65 and over,146,5,141
S01010396,All people aged 3 and over,1007,29,978
S01010396,3 to 15,62,1,61
S01010396,16 to 24,189,8,181
S01010396,25 to 34,250,9,241
S01010396,35 to 49,192,4,188
S01010396,50 to 64,156,2,154
S01010396,65 and over,158,5,153
S01010397,All people aged 3 and over,522,24,498
S01010397,3 to 15,22,1,21
S01010397,16 to 24,136,2,134
S01010397,25 to 34,113,3,110
S01010397,35 to 49,121,3,118
S01010397,50 to 64,78,10,68
S01010397,65 and over,52,5,47
S01010398,All people aged 3 and over,1056,35,1021
S01010398,3 to 15,56,0,56
S01010398,16 to 24,166,6,160
S01010398,25 to 34,332,7,325
S01010398,35 to 49,201,5,196
S01010398,50 to 64,143,5,138
S01010398,65 and over,158,12,146
S01010399,All people aged 3 and over,1002,27,975
S01010399,3 to 15,23,0,23
S01010399,16 to 24,174,9,165
S01010399,25 to 34,383,5,378
S01010399,35 to 49,208,4,204
S01010399,50 to 64,131,5,126
S01010399,65 and over,83,4,79
S01010400,All people aged 3 and over,1079,20,1059
S01010400,3 to 15,130,0,130
S01010400,16 to 24,160,4,156
S01010400,25 to 34,198,0,198
S01010400,35 to 49,234,4,230
S01010400,50 to 64,219,8,211
S01010400,65 and over,138,4,134
S01010401,All people aged 3 and over,705,13,692
S01010401,3 to 15,36,0,36
S01010401,16 to 24,142,1,141
S01010401,25 to 34,147,7,140
S01010401,35 to 49,110,1,109
S01010401,50 to 64,134,2,132
S01010401,65 and over,136,2,134
S01010402,All people aged 3 and over,1008,33,975
S01010402,3 to 15,87,0,87
S01010402,16 to 24,136,6,130
S01010402,25 to 34,218,5,213
S01010402,35 to 49,254,4,250
S01010402,50 to 64,191,8,183
S01010402,65 and over,122,10,112
S01010403,All people aged 3 and over,1005,33,972
S01010403,3 to 15,75,1,74
S01010403,16 to 24,137,4,133
S01010403,25 to 34,180,1,179
S01010403,35 to 49,250,2,248
S01010403,50 to 64,191,9,182
S01010403,65 and over,172,16,156
S01010404,All people aged 3 and over,763,19,744
S01010404,3 to 15,72,0,72
S01010404,16 to 24,79,1,78
S01010404,25 to 34,116,2,114
S01010404,35 to 49,185,6,179
S01010404,50 to 64,176,7,169
S01010404,65 and over,135,3,132
S01010405,All people aged 3 and over,757,16,741
S01010405,3 to 15,68,2,66
S01010405,16 to 24,67,3,64
S01010405,25 to 34,143,1,142
S01010405,35 to 49,228,7,221
S01010405,50 to 64,182,3,179
S01010405,65 and over,69,0,69
S01010406,All people aged 3 and over,807,28,779
S01010406,3 to 15,49,2,47
S01010406,16 to 24,191,5,186
S01010406,25 to 34,210,8,202
S01010406,35 to 49,184,9,175
S01010406,50 to 64,113,2,111
S01010406,65 and over,60,2,58
S01010407,All people aged 3 and over,889,22,867
S01010407,3 to 15,45,2,43
S01010407,16 to 24,417,6,411
S01010407,25 to 34,185,4,181
S01010407,35 to 49,100,4,96
S01010407,50 to 64,91,4,87
S01010407,65 and over,51,2,49
S01010408,All people aged 3 and over,526,7,519
S01010408,3 to 15,90,0,90
S01010408,16 to 24,42,1,41
S01010408,25 to 34,66,0,66
S01010408,35 to 49,124,0,124
S01010408,50 to 64,97,0,97
S01010408,65 and over,107,6,101
S01010409,All people aged 3 and over,684,18,666
S01010409,3 to 15,143,2,141
S01010409,16 to 24,79,3,76
S01010409,25 to 34,40,0,40
S01010409,35 to 49,171,5,166
S01010409,50 to 64,144,5,139
S01010409,65 and over,107,3,104
S01010410,All people aged 3 and over,572,23,549
S01010410,3 to 15,102,1,101
S01010410,16 to 24,64,2,62
S01010410,25 to 34,52,2,50
S01010410,35 to 49,149,3,146
S01010410,50 to 64,125,13,112
S01010410,65 and over,80,2,78
S01010411,All people aged 3 and over,1055,17,1038
S01010411,3 to 15,257,2,255
S01010411,16 to 24,120,1,119
S01010411,25 to 34,55,0,55
S01010411,35 to 49,255,5,250
S01010411,50 to 64,237,4,233
S01010411,65 and over,131,5,126
S01010412,All people aged 3 and over,833,18,815
S01010412,3 to 15,71,2,69
S01010412,16 to 24,87,1,86
S01010412,25 to 34,206,6,200
S01010412,35 to 49,207,2,205
S01010412,50 to 64,139,2,137
S01010412,65 and over,123,5,118
S01010413,All people aged 3 and over,692,14,678
S01010413,3 to 15,80,0,80
S01010413,16 to 24,63,1,62
S01010413,25 to 34,70,0,70
S01010413,35 to 49,124,0,124
S01010413,50 to 64,150,5,145
S01010413,65 and over,205,8,197
S01010414,All people aged 3 and over,1029,26,1003
S01010414,3 to 15,157,0,157
S01010414,16 to 24,100,1,99
S01010414,25 to 34,127,4,123
S01010414,35 to 49,225,5,220
S01010414,50 to 64,217,9,208
S01010414,65 and over,203,7,196
S01010415,All people aged 3 and over,995,34,961
S01010415,3 to 15,109,9,100
S01010415,16 to 24,128,5,123
S01010415,25 to 34,102,4,98
S01010415,35 to 49,246,9,237
S01010415,50 to 64,194,5,189
S01010415,65 and over,216,2,214
S01010416,All people aged 3 and over,655,34,621
S01010416,3 to 15,69,1,68
S01010416,16 to 24,67,2,65
S01010416,25 to 34,93,1,92
S01010416,35 to 49,154,4,150
S01010416,50 to 64,142,14,128
S01010416,65 and over,130,12,118
S01010417,All people aged 3 and over,570,20,550
S01010417,3 to 15,82,0,82
S01010417,16 to 24,52,1,51
S01010417,25 to 34,93,1,92
S01010417,35 to 49,144,7,137
S01010417,50 to 64,106,9,97
S01010417,65 and over,93,2,91
S01010418,All people aged 3 and over,1035,29,1006
S01010418,3 to 15,98,0,98
S01010418,16 to 24,129,5,124
S01010418,25 to 34,220,5,215
S01010418,35 to 49,289,7,282
S01010418,50 to 64,205,4,201
S01010418,65 and over,94,8,86
S01010419,All people aged 3 and over,957,17,940
S01010419,3 to 15,121,1,120
S01010419,16 to 24,90,0,90
S01010419,25 to 34,165,1,164
S01010419,35 to 49,237,3,234
S01010419,50 to 64,206,6,200
S01010419,65 and over,138,6,132
S01010420,All people aged 3 and over,694,19,675
S01010420,3 to 15,116,0,116
S01010420,16 to 24,91,1,90
S01010420,25 to 34,45,3,42
S01010420,35 to 49,135,0,135
S01010420,50 to 64,142,8,134
S01010420,65 and over,165,7,158
S01010421,All people aged 3 and over,861,22,839
S01010421,3 to 15,157,2,155
S01010421,16 to 24,99,1,98
S01010421,25 to 34,71,1,70
S01010421,35 to 49,212,5,207
S01010421,50 to 64,188,8,180
S01010421,65 and over,134,5,129
S01010422,All people aged 3 and over,1054,29,1025
S01010422,3 to 15,159,6,153
S01010422,16 to 24,117,1,116
S01010422,25 to 34,104,6,98
S01010422,35 to 49,278,9,269
S01010422,50 to 64,202,3,199
S01010422,65 and over,194,4,190
S01010423,All people aged 3 and over,807,33,774
S01010423,3 to 15,105,0,105
S01010423,16 to 24,115,8,107
S01010423,25 to 34,163,4,159
S01010423,35 to 49,203,12,191
S01010423,50 to 64,132,6,126
S01010423,65 and over,89,3,86
S01010424,All people aged 3 and over,805,26,779
S01010424,3 to 15,98,1,97
S01010424,16 to 24,118,7,111
S01010424,25 to 34,142,12,130
S01010424,35 to 49,193,2,191
S01010424,50 to 64,118,1,117
S01010424,65 and over,136,3,133
S01010425,All people aged 3 and over,1002,24,978
S01010425,3 to 15,127,0,127
S01010425,16 to 24,120,7,113
S01010425,25 to 34,179,4,175
S01010425,35 to 49,290,5,285
S01010425,50 to 64,178,3,175
S01010425,65 and over,108,5,103
S01010426,All people aged 3 and over,682,16,666
S01010426,3 to 15,79,0,79
S01010426,16 to 24,73,1,72
S01010426,25 to 34,161,1,160
S01010426,35 to 49,168,6,162
S01010426,50 to 64,149,4,145
S01010426,65 and over,52,4,48
S01010427,All people aged 3 and over,995,34,961
S01010427,3 to 15,193,10,183
S01010427,16 to 24,91,1,90
S01010427,25 to 34,154,3,151
S01010427,35 to 49,233,12,221
S01010427,50 to 64,160,3,157
S01010427,65 and over,164,5,159
S01010428,All people aged 3 and over,714,26,688
S01010428,3 to 15,137,4,133
S01010428,16 to 24,63,5,58
S01010428,25 to 34,69,2,67
S01010428,35 to 49,159,10,149
S01010428,50 to 64,146,3,143
S01010428,65 and over,140,2,138
S01010429,All people aged 3 and over,927,21,906
S01010429,3 to 15,155,0,155
S01010429,16 to 24,84,4,80
S01010429,25 to 34,161,6,155
S01010429,35 to 49,212,5,207
S01010429,50 to 64,204,5,199
S01010429,65 and over,111,1,110
S01010430,All people aged 3 and over,817,26,791
S01010430,3 to 15,119,3,116
S01010430,16 to 24,124,4,120
S01010430,25 to 34,166,3,163
S01010430,35 to 49,188,6,182
S01010430,50 to 64,108,6,102
S01010430,65 and over,112,4,108
S01010431,All people aged 3 and over,664,33,631
S01010431,3 to 15,115,10,105
S01010431,16 to 24,69,0,69
S01010431,25 to 34,52,0,52
S01010431,35 to 49,177,14,163
S01010431,50 to 64,170,7,163
S01010431,65 and over,81,2,79
S01010432,All people aged 3 and over,855,24,831
S01010432,3 to 15,128,0,128
S01010432,16 to 24,139,10,129
S01010432,25 to 34,159,10,149
S01010432,35 to 49,193,2,191
S01010432,50 to 64,161,2,159
S01010432,65 and over,75,0,75
S01010433,All people aged 3 and over,730,15,715
S01010433,3 to 15,184,1,183
S01010433,16 to 24,106,9,97
S01010433,25 to 34,177,4,173
S01010433,35 to 49,171,0,171
S01010433,50 to 64,72,1,71
S01010433,65 and over,20,0,20
S01010434,All people aged 3 and over,590,21,569
S01010434,3 to 15,97,1,96
S01010434,16 to 24,89,6,83
S01010434,25 to 34,141,10,131
S01010434,35 to 49,117,1,116
S01010434,50 to 64,89,1,88
S01010434,65 and over,57,2,55
S01010435,All people aged 3 and over,618,5,613
S01010435,3 to 15,90,0,90
S01010435,16 to 24,68,0,68
S01010435,25 to 34,54,0,54
S01010435,35 to 49,135,1,134
S01010435,50 to 64,128,2,126
S01010435,65 and over,143,2,141
S01010436,All people aged 3 and over,744,16,728
S01010436,3 to 15,84,0,84
S01010436,16 to 24,81,9,72
S01010436,25 to 34,173,2,171
S01010436,35 to 49,201,2,199
S01010436,50 to 64,126,1,125
S01010436,65 and over,79,2,77
S01010437,All people aged 3 and over,543,5,538
S01010437,3 to 15,76,0,76
S01010437,16 to 24,65,1,64
S01010437,25 to 34,72,1,71
S01010437,35 to 49,114,2,112
S01010437,50 to 64,101,0,101
S01010437,65 and over,115,1,114
S01010438,All people aged 3 and over,799,14,785
S01010438,3 to 15,189,2,187
S01010438,16 to 24,107,1,106
S01010438,25 to 34,124,8,116
S01010438,35 to 49,224,0,224
S01010438,50 to 64,119,3,116
S01010438,65 and over,36,0,36
S01010439,All people aged 3 and over,940,28,912
S01010439,3 to 15,142,3,139
S01010439,16 to 24,142,8,134
S01010439,25 to 34,250,7,243
S01010439,35 to 49,228,6,222
S01010439,50 to 64,118,2,116
S01010439,65 and over,60,2,58
S01010440,All people aged 3 and over,624,11,613
S01010440,3 to 15,90,5,85
S01010440,16 to 24,89,0,89
S01010440,25 to 34,76,1,75
S01010440,35 to 49,143,4,139
S01010440,50 to 64,130,1,129
S01010440,65 and over,96,0,96
S01010441,All people aged 3 and over,753,22,731
S01010441,3 to 15,59,0,59
S01010441,16 to 24,114,2,112
S01010441,25 to 34,249,9,240
S01010441,35 to 49,198,8,190
S01010441,50 to 64,103,3,100
S01010441,65 and over,30,0,30
S01010442,All people aged 3 and over,709,22,687
S01010442,3 to 15,114,6,108
S01010442,16 to 24,103,2,101
S01010442,25 to 34,171,7,164
S01010442,35 to 49,182,5,177
S01010442,50 to 64,115,2,113
S01010442,65 and over,24,0,24
S01010443,All people aged 3 and over,538,4,534
S01010443,3 to 15,102,2,100
S01010443,16 to 24,59,0,59
S01010443,25 to 34,49,2,47
S01010443,35 to 49,124,0,124
S01010443,50 to 64,102,0,102
S01010443,65 and over,102,0,102
S01010444,All people aged 3 and over,657,9,648
S01010444,3 to 15,99,2,97
S01010444,16 to 24,75,0,75
S01010444,25 to 34,69,0,69
S01010444,35 to 49,153,1,152
S01010444,50 to 64,123,2,121
S01010444,65 and over,138,4,134
S01010445,All people aged 3 and over,933,13,920
S01010445,3 to 15,148,1,147
S01010445,16 to 24,79,0,79
S01010445,25 to 34,111,3,108
S01010445,35 to 49,168,3,165
S01010445,50 to 64,140,2,138
S01010445,65 and over,287,4,283
S01010446,All people aged 3 and over,820,11,809
S01010446,3 to 15,120,1,119
S01010446,16 to 24,107,0,107
S01010446,25 to 34,62,0,62
S01010446,35 to 49,185,3,182
S01010446,50 to 64,206,3,203
S01010446,65 and over,140,4,136
S01010447,All people aged 3 and over,995,28,967
S01010447,3 to 15,179,11,168
S01010447,16 to 24,105,2,103
S01010447,25 to 34,124,3,121
S01010447,35 to 49,248,9,239
S01010447,50 to 64,184,1,183
S01010447,65 and over,155,2,153
S01010448,All people aged 3 and over,843,17,826
S01010448,3 to 15,133,4,129
S01010448,16 to 24,110,2,108
S01010448,25 to 34,82,2,80
S01010448,35 to 49,211,5,206
S01010448,50 to 64,164,4,160
S01010448,65 and over,143,0,143
S01010449,All people aged 3 and over,743,5,738
S01010449,3 to 15,89,0,89
S01010449,16 to 24,70,0,70
S01010449,25 to 34,87,1,86
S01010449,35 to 49,160,0,160
S01010449,50 to 64,145,0,145
S01010449,65 and over,192,4,188
S01010450,All people aged 3 and over,760,22,738
S01010450,3 to 15,69,4,65
S01010450,16 to 24,76,4,72
S01010450,25 to 34,95,3,92
S01010450,35 to 49,167,7,160
S01010450,50 to 64,166,2,164
S01010450,65 and over,187,2,185
S01010451,All people aged 3 and over,814,13,801
S01010451,3 to 15,111,0,111
S01010451,16 to 24,93,2,91
S01010451,25 to 34,119,1,118
S01010451,35 to 49,194,3,191
S01010451,50 to 64,133,3,130
S01010451,65 and over,164,4,160
S01010452,All people aged 3 and over,787,8,779
S01010452,3 to 15,86,0,86
S01010452,16 to 24,88,0,88
S01010452,25 to 34,77,3,74
S01010452,35 to 49,164,1,163
S01010452,50 to 64,145,1,144
S01010452,65 and over,227,3,224
S01010453,All people aged 3 and over,629,10,619
S01010453,3 to 15,90,0,90
S01010453,16 to 24,90,0,90
S01010453,25 to 34,135,3,132
S01010453,35 to 49,167,1,166
S01010453,50 to 64,86,3,83
S01010453,65 and over,61,3,58
S01010454,All people aged 3 and over,829,9,820
S01010454,3 to 15,95,0,95
S01010454,16 to 24,81,2,79
S01010454,25 to 34,81,1,80
S01010454,35 to 49,157,1,156
S01010454,50 to 64,160,3,157
S01010454,65 and over,255,2,253
S01010455,All people aged 3 and over,917,11,906
S01010455,3 to 15,84,1,83
S01010455,16 to 24,92,1,91
S01010455,25 to 34,123,1,122
S01010455,35 to 49,169,0,169
S01010455,50 to 64,218,5,213
S01010455,65 and over,231,3,228
S01010456,All people aged 3 and over,547,9,538
S01010456,3 to 15,60,1,59
S01010456,16 to 24,43,0,43
S01010456,25 to 34,58,1,57
S01010456,35 to 49,117,0,117
S01010456,50 to 64,106,4,102
S01010456,65 and over,163,3,160
S01010457,All people aged 3 and over,619,4,615
S01010457,3 to 15,84,0,84
S01010457,16 to 24,53,0,53
S01010457,25 to 34,81,0,81
S01010457,35 to 49,159,1,158
S01010457,50 to 64,111,1,110
S01010457,65 and over,131,2,129
S01010458,All people aged 3 and over,739,17,722
S01010458,3 to 15,89,2,87
S01010458,16 to 24,86,0,86
S01010458,25 to 34,94,1,93
S01010458,35 to 49,149,3,146
S01010458,50 to 64,126,3,123
S01010458,65 and over,195,8,187
S01010459,All people aged 3 and over,524,10,514
S01010459,3 to 15,50,0,50
S01010459,16 to 24,71,0,71
S01010459,25 to 34,43,3,40
S01010459,35 to 49,115,1,114
S01010459,50 to 64,112,1,111
S01010459,65 and over,133,5,128
S01010460,All people aged 3 and over,712,33,679
S01010460,3 to 15,120,11,109
S01010460,16 to 24,66,1,65
S01010460,25 to 34,124,4,120
S01010460,35 to 49,185,10,175
S01010460,50 to 64,112,5,107
S01010460,65 and over,105,2,103
S01010461,All people aged 3 and over,700,9,691
S01010461,3 to 15,84,1,83
S01010461,16 to 24,70,1,69
S01010461,25 to 34,92,2,90
S01010461,35 to 49,146,4,142
S01010461,50 to 64,139,0,139
S01010461,65 and over,169,1,168
S01010462,All people aged 3 and over,848,16,832
S01010462,3 to 15,222,7,215
S01010462,16 to 24,111,1,110
S01010462,25 to 34,178,3,175
S01010462,35 to 49,214,3,211
S01010462,50 to 64,96,1,95
S01010462,65 and over,27,1,26
S01010463,All people aged 3 and over,766,18,748
S01010463,3 to 15,101,3,98
S01010463,16 to 24,83,1,82
S01010463,25 to 34,64,3,61
S01010463,35 to 49,184,6,178
S01010463,50 to 64,158,2,156
S01010463,65 and over,176,3,173
S01010464,All people aged 3 and over,507,15,492
S01010464,3 to 15,59,0,59
S01010464,16 to 24,48,0,48
S01010464,25 to 34,68,2,66
S01010464,35 to 49,114,4,110
S01010464,50 to 64,103,4,99
S01010464,65 and over,115,5,110
S01010465,All people aged 3 and over,907,36,871
S01010465,3 to 15,109,6,103
S01010465,16 to 24,98,2,96
S01010465,25 to 34,170,6,164
S01010465,35 to 49,279,19,260
S01010465,50 to 64,159,2,157
S01010465,65 and over,92,1,91
S01010466,All people aged 3 and over,850,22,828
S01010466,3 to 15,70,3,67
S01010466,16 to 24,136,1,135
S01010466,25 to 34,232,6,226
S01010466,35 to 49,191,7,184
S01010466,50 to 64,149,5,144
S01010466,65 and over,72,0,72
S01010467,All people aged 3 and over,862,18,844
S01010467,3 to 15,76,0,76
S01010467,16 to 24,61,2,59
S01010467,25 to 34,119,3,116
S01010467,35 to 49,147,3,144
S01010467,50 to 64,174,3,171
S01010467,65 and over,285,7,278
S01010468,All people aged 3 and over,910,35,875
S01010468,3 to 15,127,3,124
S01010468,16 to 24,134,9,125
S01010468,25 to 34,163,6,157
S01010468,35 to 49,193,6,187
S01010468,50 to 64,176,4,172
S01010468,65 and over,117,7,110
S01010469,All people aged 3 and over,550,13,537
S01010469,3 to 15,30,0,30
S01010469,16 to 24,66,3,63
S01010469,25 to 34,128,3,125
S01010469,35 to 49,142,4,138
S01010469,50 to 64,99,1,98
S01010469,65 and over,85,2,83
S01010470,All people aged 3 and over,759,18,741
S01010470,3 to 15,85,4,81
S01010470,16 to 24,78,2,76
S01010470,25 to 34,74,1,73
S01010470,35 to 49,167,6,161
S01010470,50 to 64,132,2,130
S01010470,65 and over,223,3,220
S01010471,All people aged 3 and over,644,9,635
S01010471,3 to 15,108,0,108
S01010471,16 to 24,58,0,58
S01010471,25 to 34,94,3,91
S01010471,35 to 49,136,1,135
S01010471,50 to 64,123,2,121
S01010471,65 and over,125,3,122
S01010472,All people aged 3 and over,496,18,478
S01010472,3 to 15,34,2,32
S01010472,16 to 24,73,7,66
S01010472,25 to 34,180,4,176
S01010472,35 to 49,112,3,109
S01010472,50 to 64,63,2,61
S01010472,65 and over,34,0,34
S01010473,All people aged 3 and over,730,16,714
S01010473,3 to 15,62,3,59
S01010473,16 to 24,86,0,86
S01010473,25 to 34,177,6,171
S01010473,35 to 49,154,6,148
S01010473,50 to 64,148,1,147
S01010473,65 and over,103,0,103
S01010474,All people aged 3 and over,791,28,763
S01010474,3 to 15,77,0,77
S01010474,16 to 24,154,14,140
S01010474,25 to 34,219,7,212
S01010474,35 to 49,160,1,159
S01010474,50 to 64,99,4,95
S01010474,65 and over,82,2,80
S01010475,All people aged 3 and over,648,17,631
S01010475,3 to 15,57,4,53
S01010475,16 to 24,81,4,77
S01010475,25 to 34,210,3,207
S01010475,35 to 49,150,4,146
S01010475,50 to 64,92,2,90
S01010475,65 and over,58,0,58
S01010476,All people aged 3 and over,1019,29,990
S01010476,3 to 15,91,5,86
S01010476,16 to 24,143,2,141
S01010476,25 to 34,161,3,158
S01010476,35 to 49,205,6,199
S01010476,50 to 64,146,3,143
S01010476,65 and over,273,10,263
S01010477,All people aged 3 and over,702,15,687
S01010477,3 to 15,74,2,72
S01010477,16 to 24,77,0,77
S01010477,25 to 34,85,1,84
S01010477,35 to 49,160,5,155
S01010477,50 to 64,154,3,151
S01010477,65 and over,152,4,148
S01010478,All people aged 3 and over,953,20,933
S01010478,3 to 15,89,2,87
S01010478,16 to 24,96,1,95
S01010478,25 to 34,164,4,160
S01010478,35 to 49,260,3,257
S01010478,50 to 64,175,6,169
S01010478,65 and over,169,4,165
S01010479,All people aged 3 and over,982,28,954
S01010479,3 to 15,143,5,138
S01010479,16 to 24,97,6,91
S01010479,25 to 34,133,4,129
S01010479,35 to 49,212,6,206
S01010479,50 to 64,184,0,184
S01010479,65 and over,213,7,206
S01010480,All people aged 3 and over,608,12,596
S01010480,3 to 15,103,1,102
S01010480,16 to 24,51,0,51
S01010480,25 to 34,52,0,52
S01010480,35 to 49,151,6,145
S01010480,50 to 64,107,0,107
S01010480,65 and over,144,5,139
S01010481,All people aged 3 and over,638,15,623
S01010481,3 to 15,162,2,160
S01010481,16 to 24,90,4,86
S01010481,25 to 34,107,4,103
S01010481,35 to 49,131,2,129
S01010481,50 to 64,87,2,85
S01010481,65 and over,61,1,60
S01010482,All people aged 3 and over,774,14,760
S01010482,3 to 15,119,1,118
S01010482,16 to 24,73,0,73
S01010482,25 to 34,62,0,62
S01010482,35 to 49,203,6,197
S01010482,50 to 64,132,0,132
S01010482,65 and over,185,7,178
S01010483,All people aged 3 and over,997,23,974
S01010483,3 to 15,139,1,138
S01010483,16 to 24,60,0,60
S01010483,25 to 34,134,5,129
S01010483,35 to 49,254,5,249
S01010483,50 to 64,198,5,193
S01010483,65 and over,212,7,205
S01010484,All people aged 3 and over,528,9,519
S01010484,3 to 15,68,0,68
S01010484,16 to 24,73,0,73
S01010484,25 to 34,61,2,59
S01010484,35 to 49,122,3,119
S01010484,50 to 64,119,2,117
S01010484,65 and over,85,2,83
S01010485,All people aged 3 and over,963,25,938
S01010485,3 to 15,169,10,159
S01010485,16 to 24,118,0,118
S01010485,25 to 34,73,1,72
S01010485,35 to 49,235,5,230
S01010485,50 to 64,198,5,193
S01010485,65 and over,170,4,166
S01010486,All people aged 3 and over,907,19,888
S01010486,3 to 15,123,1,122
S01010486,16 to 24,111,1,110
S01010486,25 to 34,70,3,67
S01010486,35 to 49,231,6,225
S01010486,50 to 64,231,5,226
S01010486,65 and over,141,3,138
S01010487,All people aged 3 and over,971,27,944
S01010487,3 to 15,156,6,150
S01010487,16 to 24,93,0,93
S01010487,25 to 34,97,2,95
S01010487,35 to 49,213,6,207
S01010487,50 to 64,200,11,189
S01010487,65 and over,212,2,210
S01010488,All people aged 3 and over,776,8,768
S01010488,3 to 15,193,0,193
S01010488,16 to 24,107,0,107
S01010488,25 to 34,136,2,134
S01010488,35 to 49,169,3,166
S01010488,50 to 64,122,0,122
S01010488,65 and over,49,3,46
S01010489,All people aged 3 and over,1022,12,1010
S01010489,3 to 15,145,1,144
S01010489,16 to 24,116,1,115
S01010489,25 to 34,141,4,137
S01010489,35 to 49,189,1,188
S01010489,50 to 64,171,0,171
S01010489,65 and over,260,5,255
S01010490,All people aged 3 and over,688,7,681
S01010490,3 to 15,162,0,162
S01010490,16 to 24,123,1,122
S01010490,25 to 34,131,1,130
S01010490,35 to 49,147,4,143
S01010490,50 to 64,74,0,74
S01010490,65 and over,51,1,50
S01010491,All people aged 3 and over,843,8,835
S01010491,3 to 15,210,1,209
S01010491,16 to 24,116,1,115
S01010491,25 to 34,170,3,167
S01010491,35 to 49,173,2,171
S01010491,50 to 64,110,0,110
S01010491,65 and over,64,1,63
S01010492,All people aged 3 and over,549,6,543
S01010492,3 to 15,124,0,124
S01010492,16 to 24,85,0,85
S01010492,25 to 34,58,0,58
S01010492,35 to 49,121,1,120
S01010492,50 to 64,77,0,77
S01010492,65 and over,84,5,79
S01010493,All people aged 3 and over,669,7,662
S01010493,3 to 15,182,0,182
S01010493,16 to 24,97,2,95
S01010493,25 to 34,113,0,113
S01010493,35 to 49,159,5,154
S01010493,50 to 64,86,0,86
S01010493,65 and over,32,0,32
S01010494,All people aged 3 and over,595,2,593
S01010494,3 to 15,128,0,128
S01010494,16 to 24,91,0,91
S01010494,25 to 34,83,0,83
S01010494,35 to 49,160,2,158
S01010494,50 to 64,103,0,103
S01010494,65 and over,30,0,30
S01010495,All people aged 3 and over,817,6,811
S01010495,3 to 15,173,0,173
S01010495,16 to 24,120,1,119
S01010495,25 to 34,153,0,153
S01010495,35 to 49,174,3,171
S01010495,50 to 64,136,1,135
S01010495,65 and over,61,1,60
S01010496,All people aged 3 and over,794,6,788
S01010496,3 to 15,143,3,140
S01010496,16 to 24,127,0,127
S01010496,25 to 34,115,1,114
S01010496,35 to 49,165,1,164
S01010496,50 to 64,139,0,139
S01010496,65 and over,105,1,104
S01010497,All people aged 3 and over,718,7,711
S01010497,3 to 15,166,1,165
S01010497,16 to 24,108,1,107
S01010497,25 to 34,106,4,102
S01010497,35 to 49,178,1,177
S01010497,50 to 64,129,0,129
S01010497,65 and over,31,0,31
S01010498,All people aged 3 and over,815,2,813
S01010498,3 to 15,173,0,173
S01010498,16 to 24,113,0,113
S01010498,25 to 34,120,0,120
S01010498,35 to 49,182,1,181
S01010498,50 to 64,155,1,154
S01010498,65 and over,72,0,72
S01010499,All people aged 3 and over,803,8,795
S01010499,3 to 15,111,3,108
S01010499,16 to 24,116,2,114
S01010499,25 to 34,134,0,134
S01010499,35 to 49,157,2,155
S01010499,50 to 64,116,1,115
S01010499,65 and over,169,0,169
S01010500,All people aged 3 and over,1027,4,1023
S01010500,3 to 15,280,0,280
S01010500,16 to 24,146,0,146
S01010500,25 to 34,152,1,151
S01010500,35 to 49,246,2,244
S01010500,50 to 64,140,1,139
S01010500,65 and over,63,0,63
S01010501,All people aged 3 and over,901,0,901
S01010501,3 to 15,173,0,173
S01010501,16 to 24,106,0,106
S01010501,25 to 34,145,0,145
S01010501,35 to 49,198,0,198
S01010501,50 to 64,159,0,159
S01010501,65 and over,120,0,120
S01010502,All people aged 3 and over,768,7,761
S01010502,3 to 15,156,1,155
S01010502,16 to 24,103,0,103
S01010502,25 to 34,115,3,112
S01010502,35 to 49,211,2,209
S01010502,50 to 64,142,1,141
S01010502,65 and over,41,0,41
S01010503,All people aged 3 and over,635,5,630
S01010503,3 to 15,88,1,87
S01010503,16 to 24,85,0,85
S01010503,25 to 34,81,0,81
S01010503,35 to 49,149,0,149
S01010503,50 to 64,120,3,117
S01010503,65 and over,112,1,111
S01010504,All people aged 3 and over,515,104,411
S01010504,3 to 15,82,25,57
S01010504,16 to 24,28,8,20
S01010504,25 to 34,28,3,25
S01010504,35 to 49,110,19,91
S01010504,50 to 64,153,27,126
S01010504,65 and over,114,22,92
S01010505,All people aged 3 and over,538,167,371
S01010505,3 to 15,85,42,43
S01010505,16 to 24,40,19,21
S01010505,25 to 34,39,8,31
S01010505,35 to 49,130,36,94
S01010505,50 to 64,140,30,110
S01010505,65 and over,104,32,72
S01010506,All people aged 3 and over,817,121,696
S01010506,3 to 15,127,23,104
S01010506,16 to 24,63,5,58
S01010506,25 to 34,63,7,56
S01010506,35 to 49,193,20,173
S01010506,50 to 64,208,24,184
S01010506,65 and over,163,42,121
S01010507,All people aged 3 and over,777,121,656
S01010507,3 to 15,128,43,85
S01010507,16 to 24,87,11,76
S01010507,25 to 34,98,10,88
S01010507,35 to 49,181,24,157
S01010507,50 to 64,156,11,145
S01010507,65 and over,127,22,105
S01010508,All people aged 3 and over,964,179,785
S01010508,3 to 15,144,36,108
S01010508,16 to 24,65,14,51
S01010508,25 to 34,78,13,65
S01010508,35 to 49,216,35,181
S01010508,50 to 64,239,35,204
S01010508,65 and over,222,46,176
S01010509,All people aged 3 and over,924,101,823
S01010509,3 to 15,131,19,112
S01010509,16 to 24,74,6,68
S01010509,25 to 34,93,12,81
S01010509,35 to 49,242,23,219
S01010509,50 to 64,239,20,219
S01010509,65 and over,145,21,124
S01010510,All people aged 3 and over,801,95,706
S01010510,3 to 15,105,15,90
S01010510,16 to 24,55,12,43
S01010510,25 to 34,81,6,75
S01010510,35 to 49,135,16,119
S01010510,50 to 64,188,12,176
S01010510,65 and over,237,34,203
S01010511,All people aged 3 and over,830,73,757
S01010511,3 to 15,161,14,147
S01010511,16 to 24,100,8,92
S01010511,25 to 34,88,5,83
S01010511,35 to 49,186,12,174
S01010511,50 to 64,179,15,164
S01010511,65 and over,116,19,97
S01010512,All people aged 3 and over,591,52,539
S01010512,3 to 15,90,6,84
S01010512,16 to 24,51,6,45
S01010512,25 to 34,71,4,67
S01010512,35 to 49,120,9,111
S01010512,50 to 64,111,9,102
S01010512,65 and over,148,18,130
S01010513,All people aged 3 and over,747,69,678
S01010513,3 to 15,129,18,111
S01010513,16 to 24,64,7,57
S01010513,25 to 34,60,3,57
S01010513,35 to 49,178,17,161
S01010513,50 to 64,182,13,169
S01010513,65 and over,134,11,123
S01010514,All people aged 3 and over,685,66,619
S01010514,3 to 15,127,8,119
S01010514,16 to 24,78,17,61
S01010514,25 to 34,72,3,69
S01010514,35 to 49,162,14,148
S01010514,50 to 64,135,6,129
S01010514,65 and over,111,18,93
S01010515,All people aged 3 and over,774,66,708
S01010515,3 to 15,112,5,107
S01010515,16 to 24,83,1,82
S01010515,25 to 34,91,6,85
S01010515,35 to 49,181,9,172
S01010515,50 to 64,167,18,149
S01010515,65 and over,140,27,113
S01010516,All people aged 3 and over,589,57,532
S01010516,3 to 15,74,10,64
S01010516,16 to 24,46,2,44
S01010516,25 to 34,77,4,73
S01010516,35 to 49,130,10,120
S01010516,50 to 64,159,15,144
S01010516,65 and over,103,16,87
S01010517,All people aged 3 and over,827,63,764
S01010517,3 to 15,142,10,132
S01010517,16 to 24,106,10,96
S01010517,25 to 34,115,8,107
S01010517,35 to 49,202,11,191
S01010517,50 to 64,157,11,146
S01010517,65 and over,105,13,92
S01010518,All people aged 3 and over,631,53,578
S01010518,3 to 15,88,8,80
S01010518,16 to 24,99,3,96
S01010518,25 to 34,104,9,95
S01010518,35 to 49,111,11,100
S01010518,50 to 64,143,9,134
S01010518,65 and over,86,13,73
S01010519,All people aged 3 and over,718,47,671
S01010519,3 to 15,150,7,143
S01010519,16 to 24,90,13,77
S01010519,25 to 34,88,1,87
S01010519,35 to 49,169,15,154
S01010519,50 to 64,131,7,124
S01010519,65 and over,90,4,86
S01010520,All people aged 3 and over,917,75,842
S01010520,3 to 15,162,16,146
S01010520,16 to 24,79,9,70
S01010520,25 to 34,100,5,95
S01010520,35 to 49,223,16,207
S01010520,50 to 64,171,11,160
S01010520,65 and over,182,18,164
S01010521,All people aged 3 and over,734,64,670
S01010521,3 to 15,126,11,115
S01010521,16 to 24,72,8,64
S01010521,25 to 34,104,3,101
S01010521,35 to 49,162,14,148
S01010521,50 to 64,146,8,138
S01010521,65 and over,124,20,104
S01010522,All people aged 3 and over,596,61,535
S01010522,3 to 15,82,6,76
S01010522,16 to 24,68,8,60
S01010522,25 to 34,80,3,77
S01010522,35 to 49,155,11,144
S01010522,50 to 64,95,11,84
S01010522,65 and over,116,22,94
S01010523,All people aged 3 and over,602,52,550
S01010523,3 to 15,145,15,130
S01010523,16 to 24,65,7,58
S01010523,25 to 34,107,3,104
S01010523,35 to 49,136,12,124
S01010523,50 to 64,89,8,81
S01010523,65 and over,60,7,53
S01010524,All people aged 3 and over,510,45,465
S01010524,3 to 15,48,0,48
S01010524,16 to 24,28,3,25
S01010524,25 to 34,38,1,37
S01010524,35 to 49,99,5,94
S01010524,50 to 64,187,18,169
S01010524,65 and over,110,18,92
S01010525,All people aged 3 and over,642,42,600
S01010525,3 to 15,97,5,92
S01010525,16 to 24,60,5,55
S01010525,25 to 34,40,4,36
S01010525,35 to 49,144,9,135
S01010525,50 to 64,150,6,144
S01010525,65 and over,151,13,138
S01010526,All people aged 3 and over,786,80,706
S01010526,3 to 15,111,6,105
S01010526,16 to 24,58,3,55
S01010526,25 to 34,81,5,76
S01010526,35 to 49,175,11,164
S01010526,50 to 64,191,14,177
S01010526,65 and over,170,41,129
S01010527,All people aged 3 and over,863,52,811
S01010527,3 to 15,121,5,116
S01010527,16 to 24,65,1,64
S01010527,25 to 34,96,3,93
S01010527,35 to 49,179,8,171
S01010527,50 to 64,212,13,199
S01010527,65 and over,190,22,168
S01010528,All people aged 3 and over,600,60,540
S01010528,3 to 15,97,8,89
S01010528,16 to 24,50,4,46
S01010528,25 to 34,56,7,49
S01010528,35 to 49,143,10,133
S01010528,50 to 64,148,13,135
S01010528,65 and over,106,18,88
S01010529,All people aged 3 and over,689,68,621
S01010529,3 to 15,105,8,97
S01010529,16 to 24,57,7,50
S01010529,25 to 34,60,3,57
S01010529,35 to 49,147,16,131
S01010529,50 to 64,183,11,172
S01010529,65 and over,137,23,114
S01010530,All people aged 3 and over,642,62,580
S01010530,3 to 15,95,6,89
S01010530,16 to 24,41,6,35
S01010530,25 to 34,55,7,48
S01010530,35 to 49,125,13,112
S01010530,50 to 64,198,12,186
S01010530,65 and over,128,18,110
S01010531,All people aged 3 and over,1072,114,958
S01010531,3 to 15,142,34,108
S01010531,16 to 24,84,15,69
S01010531,25 to 34,110,5,105
S01010531,35 to 49,214,19,195
S01010531,50 to 64,270,19,251
S01010531,65 and over,252,22,230
S01010532,All people aged 3 and over,541,37,504
S01010532,3 to 15,79,12,67
S01010532,16 to 24,46,3,43
S01010532,25 to 34,35,2,33
S01010532,35 to 49,116,4,112
S01010532,50 to 64,141,8,133
S01010532,65 and over,124,8,116
S01010533,All people aged 3 and over,587,41,546
S01010533,3 to 15,69,6,63
S01010533,16 to 24,53,3,50
S01010533,25 to 34,44,1,43
S01010533,35 to 49,111,10,101
S01010533,50 to 64,137,6,131
S01010533,65 and over,173,15,158
S01010534,All people aged 3 and over,855,45,810
S01010534,3 to 15,149,7,142
S01010534,16 to 24,83,2,81
S01010534,25 to 34,84,4,80
S01010534,35 to 49,200,12,188
S01010534,50 to 64,203,10,193
S01010534,65 and over,136,10,126
S01010535,All people aged 3 and over,694,30,664
S01010535,3 to 15,122,6,116
S01010535,16 to 24,54,3,51
S01010535,25 to 34,53,3,50
S01010535,35 to 49,161,8,153
S01010535,50 to 64,164,7,157
S01010535,65 and over,140,3,137
S01010536,All people aged 3 and over,814,22,792
S01010536,3 to 15,111,2,109
S01010536,16 to 24,79,3,76
S01010536,25 to 34,105,4,101
S01010536,35 to 49,191,3,188
S01010536,50 to 64,161,3,158
S01010536,65 and over,167,7,160
S01010537,All people aged 3 and over,757,37,720
S01010537,3 to 15,85,1,84
S01010537,16 to 24,113,4,109
S01010537,25 to 34,122,6,116
S01010537,35 to 49,147,6,141
S01010537,50 to 64,178,14,164
S01010537,65 and over,112,6,106
S01010538,All people aged 3 and over,803,22,781
S01010538,3 to 15,203,6,197
S01010538,16 to 24,84,1,83
S01010538,25 to 34,134,2,132
S01010538,35 to 49,217,4,213
S01010538,50 to 64,121,5,116
S01010538,65 and over,44,4,40
S01010539,All people aged 3 and over,1079,34,1045
S01010539,3 to 15,117,1,116
S01010539,16 to 24,113,1,112
S01010539,25 to 34,211,2,209
S01010539,35 to 49,229,10,219
S01010539,50 to 64,265,16,249
S01010539,65 and over,144,4,140
S01010540,All people aged 3 and over,614,22,592
S01010540,3 to 15,74,4,70
S01010540,16 to 24,58,1,57
S01010540,25 to 34,49,1,48
S01010540,35 to 49,137,3,134
S01010540,50 to 64,145,8,137
S01010540,65 and over,151,5,146
S01010541,All people aged 3 and over,820,31,789
S01010541,3 to 15,114,1,113
S01010541,16 to 24,69,2,67
S01010541,25 to 34,78,1,77
S01010541,35 to 49,186,8,178
S01010541,50 to 64,215,11,204
S01010541,65 and over,158,8,150
S01010542,All people aged 3 and over,884,26,858
S01010542,3 to 15,129,2,127
S01010542,16 to 24,77,1,76
S01010542,25 to 34,73,2,71
S01010542,35 to 49,164,2,162
S01010542,50 to 64,251,8,243
S01010542,65 and over,190,11,179
S01010543,All people aged 3 and over,590,18,572
S01010543,3 to 15,82,2,80
S01010543,16 to 24,46,1,45
S01010543,25 to 34,51,0,51
S01010543,35 to 49,142,6,136
S01010543,50 to 64,154,7,147
S01010543,65 and over,115,2,113
S01010544,All people aged 3 and over,845,18,827
S01010544,3 to 15,153,1,152
S01010544,16 to 24,73,2,71
S01010544,25 to 34,100,4,96
S01010544,35 to 49,174,3,171
S01010544,50 to 64,187,5,182
S01010544,65 and over,158,3,155
S01010545,All people aged 3 and over,716,12,704
S01010545,3 to 15,130,0,130
S01010545,16 to 24,46,0,46
S01010545,25 to 34,74,3,71
S01010545,35 to 49,151,2,149
S01010545,50 to 64,155,2,153
S01010545,65 and over,160,5,155
S01010546,All people aged 3 and over,791,19,772
S01010546,3 to 15,81,0,81
S01010546,16 to 24,66,0,66
S01010546,25 to 34,78,4,74
S01010546,35 to 49,155,1,154
S01010546,50 to 64,165,4,161
S01010546,65 and over,246,10,236
S01010547,All people aged 3 and over,738,10,728
S01010547,3 to 15,116,4,112
S01010547,16 to 24,68,1,67
S01010547,25 to 34,52,0,52
S01010547,35 to 49,179,1,178
S01010547,50 to 64,173,3,170
S01010547,65 and over,150,1,149
S01010548,All people aged 3 and over,661,20,641
S01010548,3 to 15,87,0,87
S01010548,16 to 24,39,0,39
S01010548,25 to 34,38,2,36
S01010548,35 to 49,110,3,107
S01010548,50 to 64,173,8,165
S01010548,65 and over,214,7,207
S01010549,All people aged 3 and over,895,26,869
S01010549,3 to 15,185,6,179
S01010549,16 to 24,68,3,65
S01010549,25 to 34,101,0,101
S01010549,35 to 49,244,11,233
S01010549,50 to 64,168,2,166
S01010549,65 and over,129,4,125
S01010550,All people aged 3 and over,522,23,499
S01010550,3 to 15,75,7,68
S01010550,16 to 24,61,0,61
S01010550,25 to 34,56,2,54
S01010550,35 to 49,124,7,117
S01010550,50 to 64,106,5,101
S01010550,65 and over,100,2,98
S01010551,All people aged 3 and over,659,10,649
S01010551,3 to 15,148,2,146
S01010551,16 to 24,43,0,43
S01010551,25 to 34,57,0,57
S01010551,35 to 49,175,4,171
S01010551,50 to 64,163,3,160
S01010551,65 and over,73,1,72
S01010552,All people aged 3 and over,767,27,740
S01010552,3 to 15,137,3,134
S01010552,16 to 24,53,1,52
S01010552,25 to 34,61,3,58
S01010552,35 to 49,189,9,180
S01010552,50 to 64,196,7,189
S01010552,65 and over,131,4,127
S01010553,All people aged 3 and over,608,17,591
S01010553,3 to 15,94,0,94
S01010553,16 to 24,55,0,55
S01010553,25 to 34,31,3,28
S01010553,35 to 49,162,6,156
S01010553,50 to 64,175,5,170
S01010553,65 and over,91,3,88
S01010554,All people aged 3 and over,750,40,710
S01010554,3 to 15,113,14,99
S01010554,16 to 24,53,4,49
S01010554,25 to 34,86,0,86
S01010554,35 to 49,188,13,175
S01010554,50 to 64,157,6,151
S01010554,65 and over,153,3,150
S01010555,All people aged 3 and over,882,31,851
S01010555,3 to 15,111,2,109
S01010555,16 to 24,120,3,117
S01010555,25 to 34,146,4,142
S01010555,35 to 49,182,8,174
S01010555,50 to 64,189,10,179
S01010555,65 and over,134,4,130
S01010556,All people aged 3 and over,988,21,967
S01010556,3 to 15,178,3,175
S01010556,16 to 24,108,3,105
S01010556,25 to 34,107,0,107
S01010556,35 to 49,202,4,198
S01010556,50 to 64,163,3,160
S01010556,65 and over,230,8,222
S01010557,All people aged 3 and over,615,25,590
S01010557,3 to 15,105,4,101
S01010557,16 to 24,71,1,70
S01010557,25 to 34,45,4,41
S01010557,35 to 49,156,7,149
S01010557,50 to 64,93,2,91
S01010557,65 and over,145,7,138
S01010558,All people aged 3 and over,779,28,751
S01010558,3 to 15,110,4,106
S01010558,16 to 24,62,0,62
S01010558,25 to 34,69,3,66
S01010558,35 to 49,148,7,141
S01010558,50 to 64,155,8,147
S01010558,65 and over,235,6,229
S01010559,All people aged 3 and over,778,29,749
S01010559,3 to 15,104,5,99
S01010559,16 to 24,44,2,42
S01010559,25 to 34,34,1,33
S01010559,35 to 49,138,7,131
S01010559,50 to 64,177,7,170
S01010559,65 and over,281,7,274
S01010560,All people aged 3 and over,654,17,637
S01010560,3 to 15,90,0,90
S01010560,16 to 24,56,1,55
S01010560,25 to 34,36,0,36
S01010560,35 to 49,127,9,118
S01010560,50 to 64,168,4,164
S01010560,65 and over,177,3,174
S01010561,All people aged 3 and over,700,27,673
S01010561,3 to 15,96,8,88
S01010561,16 to 24,48,1,47
S01010561,25 to 34,63,3,60
S01010561,35 to 49,115,5,110
S01010561,50 to 64,191,3,188
S01010561,65 and over,187,7,180
S01010562,All people aged 3 and over,712,18,694
S01010562,3 to 15,89,2,87
S01010562,16 to 24,64,1,63
S01010562,25 to 34,73,1,72
S01010562,35 to 49,148,2,146
S01010562,50 to 64,185,7,178
S01010562,65 and over,153,5,148
S01010563,All people aged 3 and over,504,26,478
S01010563,3 to 15,89,4,85
S01010563,16 to 24,66,2,64
S01010563,25 to 34,54,0,54
S01010563,35 to 49,116,4,112
S01010563,50 to 64,112,7,105
S01010563,65 and over,67,9,58
S01010564,All people aged 3 and over,484,16,468
S01010564,3 to 15,42,0,42
S01010564,16 to 24,45,1,44
S01010564,25 to 34,48,2,46
S01010564,35 to 49,103,4,99
S01010564,50 to 64,135,7,128
S01010564,65 and over,111,2,109
S01010565,All people aged 3 and over,638,18,620
S01010565,3 to 15,95,3,92
S01010565,16 to 24,78,3,75
S01010565,25 to 34,61,3,58
S01010565,35 to 49,125,3,122
S01010565,50 to 64,147,4,143
S01010565,65 and over,132,2,130
S01010566,All people aged 3 and over,1052,60,992
S01010566,3 to 15,176,9,167
S01010566,16 to 24,100,9,91
S01010566,25 to 34,89,6,83
S01010566,35 to 49,254,11,243
S01010566,50 to 64,259,14,245
S01010566,65 and over,174,11,163
S01010567,All people aged 3 and over,1045,75,970
S01010567,3 to 15,160,14,146
S01010567,16 to 24,105,9,96
S01010567,25 to 34,67,4,63
S01010567,35 to 49,257,23,234
S01010567,50 to 64,281,18,263
S01010567,65 and over,175,7,168
S01010568,All people aged 3 and over,961,39,922
S01010568,3 to 15,172,7,165
S01010568,16 to 24,87,8,79
S01010568,25 to 34,107,5,102
S01010568,35 to 49,251,7,244
S01010568,50 to 64,212,5,207
S01010568,65 and over,132,7,125
S01010569,All people aged 3 and over,809,18,791
S01010569,3 to 15,87,0,87
S01010569,16 to 24,151,3,148
S01010569,25 to 34,96,1,95
S01010569,35 to 49,192,4,188
S01010569,50 to 64,177,2,175
S01010569,65 and over,106,8,98
S01010570,All people aged 3 and over,1050,33,1017
S01010570,3 to 15,190,7,183
S01010570,16 to 24,119,2,117
S01010570,25 to 34,96,6,90
S01010570,35 to 49,248,12,236
S01010570,50 to 64,222,2,220
S01010570,65 and over,175,4,171
S01010571,All people aged 3 and over,751,35,716
S01010571,3 to 15,96,3,93
S01010571,16 to 24,75,3,72
S01010571,25 to 34,118,5,113
S01010571,35 to 49,198,11,187
S01010571,50 to 64,175,6,169
S01010571,65 and over,89,7,82
S01010572,All people aged 3 and over,732,34,698
S01010572,3 to 15,119,0,119
S01010572,16 to 24,109,5,104
S01010572,25 to 34,155,7,148
S01010572,35 to 49,133,5,128
S01010572,50 to 64,146,11,135
S01010572,65 and over,70,6,64
S01010573,All people aged 3 and over,506,15,491
S01010573,3 to 15,80,2,78
S01010573,16 to 24,44,1,43
S01010573,25 to 34,104,1,103
S01010573,35 to 49,116,1,115
S01010573,50 to 64,100,6,94
S01010573,65 and over,62,4,58
S01010574,All people aged 3 and over,580,20,560
S01010574,3 to 15,107,1,106
S01010574,16 to 24,44,1,43
S01010574,25 to 34,57,2,55
S01010574,35 to 49,149,6,143
S01010574,50 to 64,130,7,123
S01010574,65 and over,93,3,90
S01010575,All people aged 3 and over,675,36,639
S01010575,3 to 15,98,3,95
S01010575,16 to 24,61,3,58
S01010575,25 to 34,40,5,35
S01010575,35 to 49,122,6,116
S01010575,50 to 64,197,6,191
S01010575,65 and over,157,13,144
S01010576,All people aged 3 and over,805,42,763
S01010576,3 to 15,125,3,122
S01010576,16 to 24,68,2,66
S01010576,25 to 34,42,1,41
S01010576,35 to 49,191,13,178
S01010576,50 to 64,222,15,207
S01010576,65 and over,157,8,149
S01010577,All people aged 3 and over,868,49,819
S01010577,3 to 15,177,9,168
S01010577,16 to 24,115,6,109
S01010577,25 to 34,134,5,129
S01010577,35 to 49,172,8,164
S01010577,50 to 64,167,12,155
S01010577,65 and over,103,9,94
S01010578,All people aged 3 and over,563,35,528
S01010578,3 to 15,102,10,92
S01010578,16 to 24,86,2,84
S01010578,25 to 34,58,3,55
S01010578,35 to 49,169,12,157
S01010578,50 to 64,97,5,92
S01010578,65 and over,51,3,48
S01010579,All people aged 3 and over,706,45,661
S01010579,3 to 15,75,3,72
S01010579,16 to 24,82,6,76
S01010579,25 to 34,87,3,84
S01010579,35 to 49,168,10,158
S01010579,50 to 64,173,15,158
S01010579,65 and over,121,8,113
S01010580,All people aged 3 and over,493,29,464
S01010580,3 to 15,29,1,28
S01010580,16 to 24,65,3,62
S01010580,25 to 34,150,4,146
S01010580,35 to 49,97,4,93
S01010580,50 to 64,92,6,86
S01010580,65 and over,60,11,49
S01010581,All people aged 3 and over,502,29,473
S01010581,3 to 15,79,2,77
S01010581,16 to 24,56,3,53
S01010581,25 to 34,117,9,108
S01010581,35 to 49,120,5,115
S01010581,50 to 64,93,6,87
S01010581,65 and over,37,4,33
S01010582,All people aged 3 and over,487,26,461
S01010582,3 to 15,77,1,76
S01010582,16 to 24,33,0,33
S01010582,25 to 34,58,1,57
S01010582,35 to 49,116,9,107
S01010582,50 to 64,110,7,103
S01010582,65 and over,93,8,85
S01010583,All people aged 3 and over,950,58,892
S01010583,3 to 15,140,5,135
S01010583,16 to 24,92,6,86
S01010583,25 to 34,99,9,90
S01010583,35 to 49,266,16,250
S01010583,50 to 64,199,9,190
S01010583,65 and over,154,13,141
S01010584,All people aged 3 and over,764,42,722
S01010584,3 to 15,168,5,163
S01010584,16 to 24,95,5,90
S01010584,25 to 34,135,13,122
S01010584,35 to 49,217,12,205
S01010584,50 to 64,105,6,99
S01010584,65 and over,44,1,43
S01010585,All people aged 3 and over,782,35,747
S01010585,3 to 15,183,7,176
S01010585,16 to 24,76,0,76
S01010585,25 to 34,193,6,187
S01010585,35 to 49,264,17,247
S01010585,50 to 64,48,3,45
S01010585,65 and over,18,2,16
S01010586,All people aged 3 and over,758,56,702
S01010586,3 to 15,137,6,131
S01010586,16 to 24,50,3,47
S01010586,25 to 34,85,4,81
S01010586,35 to 49,204,15,189
S01010586,50 to 64,175,12,163
S01010586,65 and over,107,16,91
S01010587,All people aged 3 and over,667,59,608
S01010587,3 to 15,79,10,69
S01010587,16 to 24,73,1,72
S01010587,25 to 34,53,3,50
S01010587,35 to 49,154,18,136
S01010587,50 to 64,169,15,154
S01010587,65 and over,139,12,127
S01010588,All people aged 3 and over,629,55,574
S01010588,3 to 15,120,5,115
S01010588,16 to 24,51,2,49
S01010588,25 to 34,73,3,70
S01010588,35 to 49,168,18,150
S01010588,50 to 64,119,5,114
S01010588,65 and over,98,22,76
S01010589,All people aged 3 and over,590,29,561
S01010589,3 to 15,86,2,84
S01010589,16 to 24,68,3,65
S01010589,25 to 34,97,5,92
S01010589,35 to 49,161,7,154
S01010589,50 to 64,119,6,113
S01010589,65 and over,59,6,53
S01010590,All people aged 3 and over,849,79,770
S01010590,3 to 15,222,16,206
S01010590,16 to 24,59,8,51
S01010590,25 to 34,78,6,72
S01010590,35 to 49,264,28,236
S01010590,50 to 64,157,11,146
S01010590,65 and over,69,10,59
S01010591,All people aged 3 and over,696,40,656
S01010591,3 to 15,156,7,149
S01010591,16 to 24,55,3,52
S01010591,25 to 34,227,20,207
S01010591,35 to 49,175,5,170
S01010591,50 to 64,62,5,57
S01010591,65 and over,21,0,21
S01010592,All people aged 3 and over,490,37,453
S01010592,3 to 15,61,2,59
S01010592,16 to 24,43,5,38
S01010592,25 to 34,108,8,100
S01010592,35 to 49,124,6,118
S01010592,50 to 64,90,6,84
S01010592,65 and over,64,10,54
S01010593,All people aged 3 and over,633,30,603
S01010593,3 to 15,121,8,113
S01010593,16 to 24,43,1,42
S01010593,25 to 34,64,3,61
S01010593,35 to 49,175,9,166
S01010593,50 to 64,124,3,121
S01010593,65 and over,106,6,100
S01010594,All people aged 3 and over,630,32,598
S01010594,3 to 15,122,2,120
S01010594,16 to 24,77,4,73
S01010594,25 to 34,146,6,140
S01010594,35 to 49,155,6,149
S01010594,50 to 64,76,8,68
S01010594,65 and over,54,6,48
S01010595,All people aged 3 and over,769,42,727
S01010595,3 to 15,208,4,204
S01010595,16 to 24,68,2,66
S01010595,25 to 34,181,11,170
S01010595,35 to 49,230,17,213
S01010595,50 to 64,59,8,51
S01010595,65 and over,23,0,23
S01010596,All people aged 3 and over,787,54,733
S01010596,3 to 15,159,8,151
S01010596,16 to 24,73,4,69
S01010596,25 to 34,109,5,104
S01010596,35 to 49,202,16,186
S01010596,50 to 64,179,18,161
S01010596,65 and over,65,3,62
S01010597,All people aged 3 and over,588,34,554
S01010597,3 to 15,103,6,97
S01010597,16 to 24,81,1,80
S01010597,25 to 34,175,14,161
S01010597,35 to 49,157,9,148
S01010597,50 to 64,53,2,51
S01010597,65 and over,19,2,17
S01010598,All people aged 3 and over,954,69,885
S01010598,3 to 15,214,12,202
S01010598,16 to 24,114,7,107
S01010598,25 to 34,219,13,206
S01010598,35 to 49,294,25,269
S01010598,50 to 64,83,9,74
S01010598,65 and over,30,3,27
S01010599,All people aged 3 and over,578,42,536
S01010599,3 to 15,104,5,99
S01010599,16 to 24,64,9,55
S01010599,25 to 34,78,6,72
S01010599,35 to 49,161,13,148
S01010599,50 to 64,93,3,90
S01010599,65 and over,78,6,72
S01010600,All people aged 3 and over,899,74,825
S01010600,3 to 15,91,4,87
S01010600,16 to 24,92,6,86
S01010600,25 to 34,80,8,72
S01010600,35 to 49,179,15,164
S01010600,50 to 64,231,19,212
S01010600,65 and over,226,22,204
S01010601,All people aged 3 and over,693,74,619
S01010601,3 to 15,90,8,82
S01010601,16 to 24,49,4,45
S01010601,25 to 34,46,3,43
S01010601,35 to 49,126,13,113
S01010601,50 to 64,136,15,121
S01010601,65 and over,246,31,215
S01010602,All people aged 3 and over,513,50,463
S01010602,3 to 15,64,0,64
S01010602,16 to 24,64,9,55
S01010602,25 to 34,81,11,70
S01010602,35 to 49,123,5,118
S01010602,50 to 64,118,16,102
S01010602,65 and over,63,9,54
S01010603,All people aged 3 and over,792,56,736
S01010603,3 to 15,95,8,87
S01010603,16 to 24,77,5,72
S01010603,25 to 34,71,2,69
S01010603,35 to 49,167,11,156
S01010603,50 to 64,193,12,181
S01010603,65 and over,189,18,171
S01010604,All people aged 3 and over,482,33,449
S01010604,3 to 15,89,10,79
S01010604,16 to 24,45,0,45
S01010604,25 to 34,31,5,26
S01010604,35 to 49,136,10,126
S01010604,50 to 64,92,5,87
S01010604,65 and over,89,3,86
S01010605,All people aged 3 and over,865,67,798
S01010605,3 to 15,100,7,93
S01010605,16 to 24,82,8,74
S01010605,25 to 34,84,2,82
S01010605,35 to 49,168,16,152
S01010605,50 to 64,213,16,197
S01010605,65 and over,218,18,200
S01010606,All people aged 3 and over,781,46,735
S01010606,3 to 15,122,9,113
S01010606,16 to 24,82,7,75
S01010606,25 to 34,114,6,108
S01010606,35 to 49,159,9,150
S01010606,50 to 64,137,7,130
S01010606,65 and over,167,8,159
S01010607,All people aged 3 and over,830,60,770
S01010607,3 to 15,135,13,122
S01010607,16 to 24,68,2,66
S01010607,25 to 34,82,3,79
S01010607,35 to 49,200,16,184
S01010607,50 to 64,182,13,169
S01010607,65 and over,163,13,150
S01010608,All people aged 3 and over,642,43,599
S01010608,3 to 15,139,7,132
S01010608,16 to 24,87,4,83
S01010608,25 to 34,109,9,100
S01010608,35 to 49,125,6,119
S01010608,50 to 64,109,8,101
S01010608,65 and over,73,9,64
S01010609,All people aged 3 and over,544,31,513
S01010609,3 to 15,92,3,89
S01010609,16 to 24,70,6,64
S01010609,25 to 34,99,3,96
S01010609,35 to 49,125,6,119
S01010609,50 to 64,90,7,83
S01010609,65 and over,68,6,62
S01010610,All people aged 3 and over,680,48,632
S01010610,3 to 15,64,2,62
S01010610,16 to 24,65,4,61
S01010610,25 to 34,65,2,63
S01010610,35 to 49,130,11,119
S01010610,50 to 64,176,10,166
S01010610,65 and over,180,19,161
S01010611,All people aged 3 and over,890,59,831
S01010611,3 to 15,111,10,101
S01010611,16 to 24,94,5,89
S01010611,25 to 34,148,8,140
S01010611,35 to 49,212,10,202
S01010611,50 to 64,171,19,152
S01010611,65 and over,154,7,147
S01010612,All people aged 3 and over,754,54,700
S01010612,3 to 15,134,10,124
S01010612,16 to 24,69,3,66
S01010612,25 to 34,98,6,92
S01010612,35 to 49,162,9,153
S01010612,50 to 64,164,14,150
S01010612,65 and over,127,12,115
S01010613,All people aged 3 and over,680,55,625
S01010613,3 to 15,78,0,78
S01010613,16 to 24,65,6,59
S01010613,25 to 34,82,5,77
S01010613,35 to 49,130,12,118
S01010613,50 to 64,156,19,137
S01010613,65 and over,169,13,156
S01010614,All people aged 3 and over,520,25,495
S01010614,3 to 15,77,3,74
S01010614,16 to 24,63,4,59
S01010614,25 to 34,75,3,72
S01010614,35 to 49,120,5,115
S01010614,50 to 64,97,5,92
S01010614,65 and over,88,5,83
S01010615,All people aged 3 and over,780,48,732
S01010615,3 to 15,122,3,119
S01010615,16 to 24,94,10,84
S01010615,25 to 34,168,11,157
S01010615,35 to 49,213,13,200
S01010615,50 to 64,120,5,115
S01010615,65 and over,63,6,57
S01010616,All people aged 3 and over,837,72,765
S01010616,3 to 15,106,8,98
S01010616,16 to 24,90,4,86
S01010616,25 to 34,80,8,72
S01010616,35 to 49,202,16,186
S01010616,50 to 64,174,16,158
S01010616,65 and over,185,20,165
S01010617,All people aged 3 and over,873,82,791
S01010617,3 to 15,136,8,128
S01010617,16 to 24,87,11,76
S01010617,25 to 34,93,9,84
S01010617,35 to 49,223,15,208
S01010617,50 to 64,191,15,176
S01010617,65 and over,143,24,119
S01010618,All people aged 3 and over,728,66,662
S01010618,3 to 15,95,5,90
S01010618,16 to 24,76,5,71
S01010618,25 to 34,104,10,94
S01010618,35 to 49,169,13,156
S01010618,50 to 64,196,20,176
S01010618,65 and over,88,13,75
S01010619,All people aged 3 and over,595,37,558
S01010619,3 to 15,76,2,74
S01010619,16 to 24,91,11,80
S01010619,25 to 34,166,11,155
S01010619,35 to 49,137,10,127
S01010619,50 to 64,85,1,84
S01010619,65 and over,40,2,38
S01010620,All people aged 3 and over,605,34,571
S01010620,3 to 15,45,0,45
S01010620,16 to 24,157,11,146
S01010620,25 to 34,179,10,169
S01010620,35 to 49,132,9,123
S01010620,50 to 64,55,3,52
S01010620,65 and over,37,1,36
S01010621,All people aged 3 and over,921,58,863
S01010621,3 to 15,118,9,109
S01010621,16 to 24,114,6,108
S01010621,25 to 34,157,5,152
S01010621,35 to 49,197,14,183
S01010621,50 to 64,193,15,178
S01010621,65 and over,142,9,133
S01010622,All people aged 3 and over,619,41,578
S01010622,3 to 15,99,6,93
S01010622,16 to 24,67,0,67
S01010622,25 to 34,133,9,124
S01010622,35 to 49,119,6,113
S01010622,50 to 64,110,12,98
S01010622,65 and over,91,8,83
S01010623,All people aged 3 and over,787,29,758
S01010623,3 to 15,233,4,229
S01010623,16 to 24,98,3,95
S01010623,25 to 34,207,3,204
S01010623,35 to 49,163,4,159
S01010623,50 to 64,69,13,56
S01010623,65 and over,17,2,15
S01010624,All people aged 3 and over,645,36,609
S01010624,3 to 15,92,3,89
S01010624,16 to 24,101,9,92
S01010624,25 to 34,110,2,108
S01010624,35 to 49,149,5,144
S01010624,50 to 64,117,9,108
S01010624,65 and over,76,8,68
S01010625,All people aged 3 and over,769,60,709
S01010625,3 to 15,82,4,78
S01010625,16 to 24,57,3,54
S01010625,25 to 34,76,4,72
S01010625,35 to 49,147,6,141
S01010625,50 to 64,179,16,163
S01010625,65 and over,228,27,201
S01010626,All people aged 3 and over,895,59,836
S01010626,3 to 15,101,6,95
S01010626,16 to 24,63,5,58
S01010626,25 to 34,53,2,51
S01010626,35 to 49,160,7,153
S01010626,50 to 64,213,16,197
S01010626,65 and over,305,23,282
S01010627,All people aged 3 and over,815,57,758
S01010627,3 to 15,86,2,84
S01010627,16 to 24,85,6,79
S01010627,25 to 34,166,6,160
S01010627,35 to 49,169,11,158
S01010627,50 to 64,146,12,134
S01010627,65 and over,163,20,143
S01010628,All people aged 3 and over,987,63,924
S01010628,3 to 15,92,2,90
S01010628,16 to 24,136,10,126
S01010628,25 to 34,202,10,192
S01010628,35 to 49,236,17,219
S01010628,50 to 64,149,11,138
S01010628,65 and over,172,13,159
S01010629,All people aged 3 and over,953,72,881
S01010629,3 to 15,141,7,134
S01010629,16 to 24,76,9,67
S01010629,25 to 34,96,4,92
S01010629,35 to 49,184,11,173
S01010629,50 to 64,194,14,180
S01010629,65 and over,262,27,235
S01010630,All people aged 3 and over,559,21,538
S01010630,3 to 15,73,1,72
S01010630,16 to 24,69,2,67
S01010630,25 to 34,92,3,89
S01010630,35 to 49,118,4,114
S01010630,50 to 64,121,10,111
S01010630,65 and over,86,1,85
S01010631,All people aged 3 and over,593,45,548
S01010631,3 to 15,35,4,31
S01010631,16 to 24,86,3,83
S01010631,25 to 34,132,7,125
S01010631,35 to 49,111,10,101
S01010631,50 to 64,91,4,87
S01010631,65 and over,138,17,121
S01010632,All people aged 3 and over,921,55,866
S01010632,3 to 15,116,6,110
S01010632,16 to 24,89,9,80
S01010632,25 to 34,121,4,117
S01010632,35 to 49,190,6,184
S01010632,50 to 64,162,12,150
S01010632,65 and over,243,18,225
S01010633,All people aged 3 and over,992,54,938
S01010633,3 to 15,178,13,165
S01010633,16 to 24,118,4,114
S01010633,25 to 34,142,6,136
S01010633,35 to 49,183,13,170
S01010633,50 to 64,179,11,168
S01010633,65 and over,192,7,185
S01010634,All people aged 3 and over,631,20,611
S01010634,3 to 15,96,5,91
S01010634,16 to 24,91,3,88
S01010634,25 to 34,93,1,92
S01010634,35 to 49,114,3,111
S01010634,50 to 64,122,4,118
S01010634,65 and over,115,4,111
S01010635,All people aged 3 and over,775,32,743
S01010635,3 to 15,134,9,125
S01010635,16 to 24,82,1,81
S01010635,25 to 34,87,2,85
S01010635,35 to 49,183,10,173
S01010635,50 to 64,131,4,127
S01010635,65 and over,158,6,152
S01010636,All people aged 3 and over,786,54,732
S01010636,3 to 15,94,3,91
S01010636,16 to 24,74,4,70
S01010636,25 to 34,103,8,95
S01010636,35 to 49,182,5,177
S01010636,50 to 64,172,17,155
S01010636,65 and over,161,17,144
S01010637,All people aged 3 and over,528,29,499
S01010637,3 to 15,19,1,18
S01010637,16 to 24,61,4,57
S01010637,25 to 34,97,3,94
S01010637,35 to 49,119,7,112
S01010637,50 to 64,111,7,104
S01010637,65 and over,121,7,114
S01010638,All people aged 3 and over,818,41,777
S01010638,3 to 15,77,5,72
S01010638,16 to 24,82,3,79
S01010638,25 to 34,96,1,95
S01010638,35 to 49,144,5,139
S01010638,50 to 64,154,10,144
S01010638,65 and over,265,17,248
S01010639,All people aged 3 and over,1100,72,1028
S01010639,3 to 15,148,2,146
S01010639,16 to 24,150,15,135
S01010639,25 to 34,213,16,197
S01010639,35 to 49,245,8,237
S01010639,50 to 64,189,13,176
S01010639,65 and over,155,18,137
S01010640,All people aged 3 and over,799,61,738
S01010640,3 to 15,72,0,72
S01010640,16 to 24,115,10,105
S01010640,25 to 34,173,10,163
S01010640,35 to 49,199,17,182
S01010640,50 to 64,153,17,136
S01010640,65 and over,87,7,80
S01010641,All people aged 3 and over,954,50,904
S01010641,3 to 15,172,4,168
S01010641,16 to 24,108,6,102
S01010641,25 to 34,211,9,202
S01010641,35 to 49,208,12,196
S01010641,50 to 64,140,6,134
S01010641,65 and over,115,13,102
S01010642,All people aged 3 and over,930,44,886
S01010642,3 to 15,194,10,184
S01010642,16 to 24,103,1,102
S01010642,25 to 34,169,11,158
S01010642,35 to 49,211,7,204
S01010642,50 to 64,137,13,124
S01010642,65 and over,116,2,114
S01010643,All people aged 3 and over,691,26,665
S01010643,3 to 15,171,4,167
S01010643,16 to 24,114,1,113
S01010643,25 to 34,94,4,90
S01010643,35 to 49,159,7,152
S01010643,50 to 64,116,4,112
S01010643,65 and over,37,6,31
S01010644,All people aged 3 and over,645,24,621
S01010644,3 to 15,130,0,130
S01010644,16 to 24,84,3,81
S01010644,25 to 34,96,7,89
S01010644,35 to 49,142,4,138
S01010644,50 to 64,118,5,113
S01010644,65 and over,75,5,70
S01010645,All people aged 3 and over,523,36,487
S01010645,3 to 15,47,6,41
S01010645,16 to 24,56,8,48
S01010645,25 to 34,67,4,63
S01010645,35 to 49,145,8,137
S01010645,50 to 64,139,5,134
S01010645,65 and over,69,5,64
S01010646,All people aged 3 and over,652,45,607
S01010646,3 to 15,75,9,66
S01010646,16 to 24,69,3,66
S01010646,25 to 34,77,7,70
S01010646,35 to 49,130,8,122
S01010646,50 to 64,192,11,181
S01010646,65 and over,109,7,102
S01010647,All people aged 3 and over,688,51,637
S01010647,3 to 15,55,0,55
S01010647,16 to 24,77,12,65
S01010647,25 to 34,73,2,71
S01010647,35 to 49,132,7,125
S01010647,50 to 64,185,16,169
S01010647,65 and over,166,14,152
S01010648,All people aged 3 and over,638,52,586
S01010648,3 to 15,77,6,71
S01010648,16 to 24,78,8,70
S01010648,25 to 34,90,5,85
S01010648,35 to 49,133,8,125
S01010648,50 to 64,157,15,142
S01010648,65 and over,103,10,93
S01010649,All people aged 3 and over,572,38,534
S01010649,3 to 15,53,2,51
S01010649,16 to 24,47,1,46
S01010649,25 to 34,71,5,66
S01010649,35 to 49,113,5,108
S01010649,50 to 64,107,9,98
S01010649,65 and over,181,16,165
S01010650,All people aged 3 and over,482,26,456
S01010650,3 to 15,66,2,64
S01010650,16 to 24,59,7,52
S01010650,25 to 34,67,1,66
S01010650,35 to 49,128,3,125
S01010650,50 to 64,106,12,94
S01010650,65 and over,56,1,55
S01010651,All people aged 3 and over,656,40,616
S01010651,3 to 15,90,2,88
S01010651,16 to 24,63,4,59
S01010651,25 to 34,94,5,89
S01010651,35 to 49,139,7,132
S01010651,50 to 64,189,12,177
S01010651,65 and over,81,10,71
S01010652,All people aged 3 and over,716,36,680
S01010652,3 to 15,102,1,101
S01010652,16 to 24,74,3,71
S01010652,25 to 34,101,5,96
S01010652,35 to 49,173,8,165
S01010652,50 to 64,171,14,157
S01010652,65 and over,95,5,90
S01010653,All people aged 3 and over,573,33,540
S01010653,3 to 15,39,1,38
S01010653,16 to 24,61,6,55
S01010653,25 to 34,63,1,62
S01010653,35 to 49,130,5,125
S01010653,50 to 64,161,13,148
S01010653,65 and over,119,7,112
S01010654,All people aged 3 and over,738,60,678
S01010654,3 to 15,100,8,92
S01010654,16 to 24,96,7,89
S01010654,25 to 34,114,4,110
S01010654,35 to 49,152,11,141
S01010654,50 to 64,177,23,154
S01010654,65 and over,99,7,92
S01010655,All people aged 3 and over,894,49,845
S01010655,3 to 15,165,10,155
S01010655,16 to 24,52,0,52
S01010655,25 to 34,74,6,68
S01010655,35 to 49,231,9,222
S01010655,50 to 64,219,15,204
S01010655,65 and over,153,9,144
S01010656,All people aged 3 and over,457,30,427
S01010656,3 to 15,93,3,90
S01010656,16 to 24,36,3,33
S01010656,25 to 34,54,5,49
S01010656,35 to 49,95,4,91
S01010656,50 to 64,96,8,88
S01010656,65 and over,83,7,76
S01010657,All people aged 3 and over,616,42,574
S01010657,3 to 15,82,7,75
S01010657,16 to 24,61,4,57
S01010657,25 to 34,61,5,56
S01010657,35 to 49,138,3,135
S01010657,50 to 64,162,17,145
S01010657,65 and over,112,6,106
S01010658,All people aged 3 and over,715,33,682
S01010658,3 to 15,113,6,107
S01010658,16 to 24,60,3,57
S01010658,25 to 34,40,2,38
S01010658,35 to 49,165,9,156
S01010658,50 to 64,198,8,190
S01010658,65 and over,139,5,134
S01010659,All people aged 3 and over,637,35,602
S01010659,3 to 15,93,3,90
S01010659,16 to 24,49,2,47
S01010659,25 to 34,43,1,42
S01010659,35 to 49,151,10,141
S01010659,50 to 64,169,8,161
S01010659,65 and over,132,11,121
S01010660,All people aged 3 and over,589,35,554
S01010660,3 to 15,78,3,75
S01010660,16 to 24,64,5,59
S01010660,25 to 34,61,4,57
S01010660,35 to 49,126,8,118
S01010660,50 to 64,124,5,119
S01010660,65 and over,136,10,126
S01010661,All people aged 3 and over,569,32,537
S01010661,3 to 15,51,2,49
S01010661,16 to 24,44,5,39
S01010661,25 to 34,74,5,69
S01010661,35 to 49,123,7,116
S01010661,50 to 64,140,6,134
S01010661,65 and over,137,7,130
S01010662,All people aged 3 and over,733,34,699
S01010662,3 to 15,119,2,117
S01010662,16 to 24,70,6,64
S01010662,25 to 34,54,3,51
S01010662,35 to 49,173,4,169
S01010662,50 to 64,192,11,181
S01010662,65 and over,125,8,117
S01010663,All people aged 3 and over,930,52,878
S01010663,3 to 15,153,8,145
S01010663,16 to 24,74,2,72
S01010663,25 to 34,64,4,60
S01010663,35 to 49,194,10,184
S01010663,50 to 64,258,17,241
S01010663,65 and over,187,11,176
S01010664,All people aged 3 and over,801,70,731
S01010664,3 to 15,123,11,112
S01010664,16 to 24,75,6,69
S01010664,25 to 34,52,5,47
S01010664,35 to 49,190,15,175
S01010664,50 to 64,209,19,190
S01010664,65 and over,152,14,138
S01010665,All people aged 3 and over,932,62,870
S01010665,3 to 15,158,16,142
S01010665,16 to 24,53,6,47
S01010665,25 to 34,58,5,53
S01010665,35 to 49,225,14,211
S01010665,50 to 64,244,12,232
S01010665,65 and over,194,9,185
S01010666,All people aged 3 and over,921,52,869
S01010666,3 to 15,152,7,145
S01010666,16 to 24,73,1,72
S01010666,25 to 34,62,2,60
S01010666,35 to 49,236,17,219
S01010666,50 to 64,198,11,187
S01010666,65 and over,200,14,186
S01010667,All people aged 3 and over,682,48,634
S01010667,3 to 15,112,7,105
S01010667,16 to 24,54,3,51
S01010667,25 to 34,67,3,64
S01010667,35 to 49,152,9,143
S01010667,50 to 64,181,18,163
S01010667,65 and over,116,8,108
S01010668,All people aged 3 and over,1073,45,1028
S01010668,3 to 15,125,1,124
S01010668,16 to 24,97,3,94
S01010668,25 to 34,83,2,81
S01010668,35 to 49,227,6,221
S01010668,50 to 64,290,15,275
S01010668,65 and over,251,18,233
S01010669,All people aged 3 and over,593,142,451
S01010669,3 to 15,104,24,80
S01010669,16 to 24,29,12,17
S01010669,25 to 34,44,6,38
S01010669,35 to 49,133,20,113
S01010669,50 to 64,150,37,113
S01010669,65 and over,133,43,90
S01010670,All people aged 3 and over,676,110,566
S01010670,3 to 15,100,18,82
S01010670,16 to 24,65,16,49
S01010670,25 to 34,40,4,36
S01010670,35 to 49,149,16,133
S01010670,50 to 64,199,31,168
S01010670,65 and over,123,25,98
S01010671,All people aged 3 and over,744,158,586
S01010671,3 to 15,116,28,88
S01010671,16 to 24,77,32,45
S01010671,25 to 34,47,2,45
S01010671,35 to 49,154,29,125
S01010671,50 to 64,212,41,171
S01010671,65 and over,138,26,112
S01010672,All people aged 3 and over,636,134,502
S01010672,3 to 15,104,25,79
S01010672,16 to 24,66,11,55
S01010672,25 to 34,60,10,50
S01010672,35 to 49,150,24,126
S01010672,50 to 64,144,28,116
S01010672,65 and over,112,36,76
S01010673,All people aged 3 and over,884,231,653
S01010673,3 to 15,112,46,66
S01010673,16 to 24,69,13,56
S01010673,25 to 34,79,10,69
S01010673,35 to 49,182,36,146
S01010673,50 to 64,246,62,184
S01010673,65 and over,196,64,132
S01010674,All people aged 3 and over,926,283,643
S01010674,3 to 15,167,52,115
S01010674,16 to 24,70,25,45
S01010674,25 to 34,77,14,63
S01010674,35 to 49,235,73,162
S01010674,50 to 64,234,68,166
S01010674,65 and over,143,51,92
S01010675,All people aged 3 and over,609,193,416
S01010675,3 to 15,75,17,58
S01010675,16 to 24,37,14,23
S01010675,25 to 34,43,5,38
S01010675,35 to 49,137,35,102
S01010675,50 to 64,170,48,122
S01010675,65 and over,147,74,73
S01010676,All people aged 3 and over,888,406,482
S01010676,3 to 15,118,83,35
S01010676,16 to 24,98,53,45
S01010676,25 to 34,87,51,36
S01010676,35 to 49,176,77,99
S01010676,50 to 64,234,81,153
S01010676,65 and over,175,61,114
S01010677,All people aged 3 and over,487,206,281
S01010677,3 to 15,67,33,34
S01010677,16 to 24,43,26,17
S01010677,25 to 34,25,11,14
S01010677,35 to 49,88,32,56
S01010677,50 to 64,149,51,98
S01010677,65 and over,115,53,62
S01010678,All people aged 3 and over,615,323,292
S01010678,3 to 15,84,60,24
S01010678,16 to 24,48,26,22
S01010678,25 to 34,29,11,18
S01010678,35 to 49,155,71,84
S01010678,50 to 64,167,71,96
S01010678,65 and over,132,84,48
S01010679,All people aged 3 and over,566,217,349
S01010679,3 to 15,58,28,30
S01010679,16 to 24,55,16,39
S01010679,25 to 34,54,15,39
S01010679,35 to 49,104,29,75
S01010679,50 to 64,154,54,100
S01010679,65 and over,141,75,66
S01010680,All people aged 3 and over,611,251,360
S01010680,3 to 15,78,34,44
S01010680,16 to 24,56,28,28
S01010680,25 to 34,55,19,36
S01010680,35 to 49,122,40,82
S01010680,50 to 64,179,67,112
S01010680,65 and over,121,63,58
S01010681,All people aged 3 and over,1046,404,642
S01010681,3 to 15,215,84,131
S01010681,16 to 24,114,50,64
S01010681,25 to 34,157,53,104
S01010681,35 to 49,245,83,162
S01010681,50 to 64,192,77,115
S01010681,65 and over,123,57,66
S01010682,All people aged 3 and over,931,331,600
S01010682,3 to 15,154,54,100
S01010682,16 to 24,68,24,44
S01010682,25 to 34,90,30,60
S01010682,35 to 49,220,71,149
S01010682,50 to 64,246,75,171
S01010682,65 and over,153,77,76
S01010683,All people aged 3 and over,943,439,504
S01010683,3 to 15,110,69,41
S01010683,16 to 24,72,31,41
S01010683,25 to 34,75,33,42
S01010683,35 to 49,193,79,114
S01010683,50 to 64,278,113,165
S01010683,65 and over,215,114,101
S01010684,All people aged 3 and over,761,237,524
S01010684,3 to 15,77,29,48
S01010684,16 to 24,53,13,40
S01010684,25 to 34,50,17,33
S01010684,35 to 49,139,43,96
S01010684,50 to 64,243,58,185
S01010684,65 and over,199,77,122
S01010685,All people aged 3 and over,601,157,444
S01010685,3 to 15,69,18,51
S01010685,16 to 24,43,16,27
S01010685,25 to 34,38,17,21
S01010685,35 to 49,104,15,89
S01010685,50 to 64,203,52,151
S01010685,65 and over,144,39,105
S01010686,All people aged 3 and over,687,128,559
S01010686,3 to 15,102,24,78
S01010686,16 to 24,51,10,41
S01010686,25 to 34,43,7,36
S01010686,35 to 49,159,25,134
S01010686,50 to 64,187,28,159
S01010686,65 and over,145,34,111
S01010687,All people aged 3 and over,809,156,653
S01010687,3 to 15,110,34,76
S01010687,16 to 24,46,4,42
S01010687,25 to 34,76,15,61
S01010687,35 to 49,137,20,117
S01010687,50 to 64,230,30,200
S01010687,65 and over,210,53,157
S01010688,All people aged 3 and over,699,159,540
S01010688,3 to 15,80,17,63
S01010688,16 to 24,53,12,41
S01010688,25 to 34,54,9,45
S01010688,35 to 49,147,22,125
S01010688,50 to 64,186,43,143
S01010688,65 and over,179,56,123
S01010689,All people aged 3 and over,736,144,592
S01010689,3 to 15,67,23,44
S01010689,16 to 24,40,10,30
S01010689,25 to 34,43,4,39
S01010689,35 to 49,126,18,108
S01010689,50 to 64,224,36,188
S01010689,65 and over,236,53,183
S01010690,All people aged 3 and over,663,111,552
S01010690,3 to 15,97,28,69
S01010690,16 to 24,53,11,42
S01010690,25 to 34,78,7,71
S01010690,35 to 49,129,18,111
S01010690,50 to 64,150,22,128
S01010690,65 and over,156,25,131
S01010691,All people aged 3 and over,730,86,644
S01010691,3 to 15,108,19,89
S01010691,16 to 24,41,7,34
S01010691,25 to 34,58,8,50
S01010691,35 to 49,155,16,139
S01010691,50 to 64,217,13,204
S01010691,65 and over,151,23,128
S01010692,All people aged 3 and over,724,103,621
S01010692,3 to 15,125,26,99
S01010692,16 to 24,81,17,64
S01010692,25 to 34,82,4,78
S01010692,35 to 49,184,25,159
S01010692,50 to 64,141,15,126
S01010692,65 and over,111,16,95
S01010693,All people aged 3 and over,467,59,408
S01010693,3 to 15,70,11,59
S01010693,16 to 24,25,3,22
S01010693,25 to 34,22,2,20
S01010693,35 to 49,113,14,99
S01010693,50 to 64,127,11,116
S01010693,65 and over,110,18,92
S01010694,All people aged 3 and over,572,100,472
S01010694,3 to 15,52,5,47
S01010694,16 to 24,41,9,32
S01010694,25 to 34,30,3,27
S01010694,35 to 49,95,8,87
S01010694,50 to 64,166,28,138
S01010694,65 and over,188,47,141
S01010695,All people aged 3 and over,707,40,667
S01010695,3 to 15,93,6,87
S01010695,16 to 24,63,3,60
S01010695,25 to 34,52,1,51
S01010695,35 to 49,149,12,137
S01010695,50 to 64,198,5,193
S01010695,65 and over,152,13,139
S01010696,All people aged 3 and over,1008,53,955
S01010696,3 to 15,170,8,162
S01010696,16 to 24,108,3,105
S01010696,25 to 34,108,7,101
S01010696,35 to 49,225,13,212
S01010696,50 to 64,183,6,177
S01010696,65 and over,214,16,198
S01010697,All people aged 3 and over,1095,65,1030
S01010697,3 to 15,174,12,162
S01010697,16 to 24,81,8,73
S01010697,25 to 34,79,1,78
S01010697,35 to 49,268,15,253
S01010697,50 to 64,250,16,234
S01010697,65 and over,243,13,230
S01010698,All people aged 3 and over,740,53,687
S01010698,3 to 15,130,10,120
S01010698,16 to 24,52,6,46
S01010698,25 to 34,55,3,52
S01010698,35 to 49,154,12,142
S01010698,50 to 64,203,17,186
S01010698,65 and over,146,5,141
S01010699,All people aged 3 and over,587,20,567
S01010699,3 to 15,96,3,93
S01010699,16 to 24,55,2,53
S01010699,25 to 34,52,4,48
S01010699,35 to 49,153,5,148
S01010699,50 to 64,151,3,148
S01010699,65 and over,80,3,77
S01010700,All people aged 3 and over,594,25,569
S01010700,3 to 15,91,10,81
S01010700,16 to 24,39,1,38
S01010700,25 to 34,60,0,60
S01010700,35 to 49,138,4,134
S01010700,50 to 64,153,7,146
S01010700,65 and over,113,3,110
S01010701,All people aged 3 and over,1026,48,978
S01010701,3 to 15,185,4,181
S01010701,16 to 24,110,5,105
S01010701,25 to 34,115,9,106
S01010701,35 to 49,233,2,231
S01010701,50 to 64,227,18,209
S01010701,65 and over,156,10,146
S01010702,All people aged 3 and over,977,45,932
S01010702,3 to 15,102,1,101
S01010702,16 to 24,71,6,65
S01010702,25 to 34,81,3,78
S01010702,35 to 49,183,5,178
S01010702,50 to 64,295,12,283
S01010702,65 and over,245,18,227
S01010703,All people aged 3 and over,812,47,765
S01010703,3 to 15,104,10,94
S01010703,16 to 24,76,4,72
S01010703,25 to 34,65,4,61
S01010703,35 to 49,176,10,166
S01010703,50 to 64,216,12,204
S01010703,65 and over,175,7,168
S01010704,All people aged 3 and over,643,35,608
S01010704,3 to 15,106,6,100
S01010704,16 to 24,49,3,46
S01010704,25 to 34,67,1,66
S01010704,35 to 49,140,9,131
S01010704,50 to 64,125,5,120
S01010704,65 and over,156,11,145
S01010705,All people aged 3 and over,1080,48,1032
S01010705,3 to 15,183,7,176
S01010705,16 to 24,119,6,113
S01010705,25 to 34,129,1,128
S01010705,35 to 49,271,13,258
S01010705,50 to 64,201,8,193
S01010705,65 and over,177,13,164
S01010706,All people aged 3 and over,665,26,639
S01010706,3 to 15,112,2,110
S01010706,16 to 24,65,4,61
S01010706,25 to 34,113,4,109
S01010706,35 to 49,144,7,137
S01010706,50 to 64,123,6,117
S01010706,65 and over,108,3,105
S01010707,All people aged 3 and over,675,50,625
S01010707,3 to 15,82,6,76
S01010707,16 to 24,77,11,66
S01010707,25 to 34,49,1,48
S01010707,35 to 49,148,11,137
S01010707,50 to 64,180,18,162
S01010707,65 and over,139,3,136
S01010708,All people aged 3 and over,533,37,496
S01010708,3 to 15,69,6,63
S01010708,16 to 24,57,1,56
S01010708,25 to 34,59,7,52
S01010708,35 to 49,104,8,96
S01010708,50 to 64,135,3,132
S01010708,65 and over,109,12,97
S01010709,All people aged 3 and over,722,60,662
S01010709,3 to 15,131,11,120
S01010709,16 to 24,72,6,66
S01010709,25 to 34,84,5,79
S01010709,35 to 49,181,12,169
S01010709,50 to 64,142,11,131
S01010709,65 and over,112,15,97
S01010710,All people aged 3 and over,734,28,706
S01010710,3 to 15,124,3,121
S01010710,16 to 24,100,3,97
S01010710,25 to 34,89,9,80
S01010710,35 to 49,127,5,122
S01010710,50 to 64,172,1,171
S01010710,65 and over,122,7,115
S01010711,All people aged 3 and over,754,64,690
S01010711,3 to 15,136,10,126
S01010711,16 to 24,55,7,48
S01010711,25 to 34,61,3,58
S01010711,35 to 49,169,13,156
S01010711,50 to 64,188,20,168
S01010711,65 and over,145,11,134
S01010712,All people aged 3 and over,706,62,644
S01010712,3 to 15,150,22,128
S01010712,16 to 24,102,10,92
S01010712,25 to 34,73,2,71
S01010712,35 to 49,174,15,159
S01010712,50 to 64,127,6,121
S01010712,65 and over,80,7,73
S01010713,All people aged 3 and over,768,36,732
S01010713,3 to 15,135,8,127
S01010713,16 to 24,77,4,73
S01010713,25 to 34,140,3,137
S01010713,35 to 49,137,5,132
S01010713,50 to 64,179,8,171
S01010713,65 and over,100,8,92
S01010714,All people aged 3 and over,711,43,668
S01010714,3 to 15,98,8,90
S01010714,16 to 24,80,10,70
S01010714,25 to 34,90,1,89
S01010714,35 to 49,136,11,125
S01010714,50 to 64,144,7,137
S01010714,65 and over,163,6,157
S01010715,All people aged 3 and over,680,46,634
S01010715,3 to 15,92,13,79
S01010715,16 to 24,60,3,57
S01010715,25 to 34,79,8,71
S01010715,35 to 49,133,5,128
S01010715,50 to 64,150,7,143
S01010715,65 and over,166,10,156
S01010716,All people aged 3 and over,861,71,790
S01010716,3 to 15,79,15,64
S01010716,16 to 24,101,8,93
S01010716,25 to 34,142,3,139
S01010716,35 to 49,179,10,169
S01010716,50 to 64,157,13,144
S01010716,65 and over,203,22,181
S01010717,All people aged 3 and over,610,54,556
S01010717,3 to 15,71,10,61
S01010717,16 to 24,60,10,50
S01010717,25 to 34,52,3,49
S01010717,35 to 49,104,6,98
S01010717,50 to 64,163,12,151
S01010717,65 and over,160,13,147
S01010718,All people aged 3 and over,906,52,854
S01010718,3 to 15,151,12,139
S01010718,16 to 24,97,5,92
S01010718,25 to 34,113,2,111
S01010718,35 to 49,196,9,187
S01010718,50 to 64,223,11,212
S01010718,65 and over,126,13,113
S01010719,All people aged 3 and over,659,28,631
S01010719,3 to 15,95,1,94
S01010719,16 to 24,55,1,54
S01010719,25 to 34,57,3,54
S01010719,35 to 49,116,5,111
S01010719,50 to 64,158,8,150
S01010719,65 and over,178,10,168
S01010720,All people aged 3 and over,720,22,698
S01010720,3 to 15,91,1,90
S01010720,16 to 24,55,0,55
S01010720,25 to 34,40,0,40
S01010720,35 to 49,138,6,132
S01010720,50 to 64,177,8,169
S01010720,65 and over,219,7,212
S01010721,All people aged 3 and over,616,11,605
S01010721,3 to 15,70,0,70
S01010721,16 to 24,45,1,44
S01010721,25 to 34,42,0,42
S01010721,35 to 49,129,3,126
S01010721,50 to 64,173,4,169
S01010721,65 and over,157,3,154
S01010722,All people aged 3 and over,849,28,821
S01010722,3 to 15,139,8,131
S01010722,16 to 24,67,2,65
S01010722,25 to 34,88,3,85
S01010722,35 to 49,184,8,176
S01010722,50 to 64,174,3,171
S01010722,65 and over,197,4,193
S01010723,All people aged 3 and over,886,32,854
S01010723,3 to 15,176,5,171
S01010723,16 to 24,100,3,97
S01010723,25 to 34,44,0,44
S01010723,35 to 49,235,11,224
S01010723,50 to 64,219,10,209
S01010723,65 and over,112,3,109
S01010724,All people aged 3 and over,856,37,819
S01010724,3 to 15,150,8,142
S01010724,16 to 24,67,2,65
S01010724,25 to 34,87,3,84
S01010724,35 to 49,184,8,176
S01010724,50 to 64,220,10,210
S01010724,65 and over,148,6,142
S01010725,All people aged 3 and over,680,58,622
S01010725,3 to 15,80,8,72
S01010725,16 to 24,69,4,65
S01010725,25 to 34,49,4,45
S01010725,35 to 49,122,10,112
S01010725,50 to 64,214,20,194
S01010725,65 and over,146,12,134
S01010726,All people aged 3 and over,904,66,838
S01010726,3 to 15,110,3,107
S01010726,16 to 24,75,4,71
S01010726,25 to 34,69,7,62
S01010726,35 to 49,171,10,161
S01010726,50 to 64,232,20,212
S01010726,65 and over,247,22,225
S01010727,All people aged 3 and over,628,34,594
S01010727,3 to 15,100,0,100
S01010727,16 to 24,61,4,57
S01010727,25 to 34,39,5,34
S01010727,35 to 49,147,5,142
S01010727,50 to 64,157,13,144
S01010727,65 and over,124,7,117
S01010728,All people aged 3 and over,514,26,488
S01010728,3 to 15,96,0,96
S01010728,16 to 24,35,1,34
S01010728,25 to 34,23,0,23
S01010728,35 to 49,141,9,132
S01010728,50 to 64,117,6,111
S01010728,65 and over,102,10,92
S01010729,All people aged 3 and over,706,30,676
S01010729,3 to 15,116,4,112
S01010729,16 to 24,63,3,60
S01010729,25 to 34,53,0,53
S01010729,35 to 49,160,6,154
S01010729,50 to 64,196,8,188
S01010729,65 and over,118,9,109
S01010730,All people aged 3 and over,816,33,783
S01010730,3 to 15,118,2,116
S01010730,16 to 24,69,4,65
S01010730,25 to 34,63,1,62
S01010730,35 to 49,182,6,176
S01010730,50 to 64,246,11,235
S01010730,65 and over,138,9,129
S01010731,All people aged 3 and over,883,30,853
S01010731,3 to 15,131,3,128
S01010731,16 to 24,86,2,84
S01010731,25 to 34,58,1,57
S01010731,35 to 49,215,2,213
S01010731,50 to 64,227,12,215
S01010731,65 and over,166,10,156
S01010732,All people aged 3 and over,803,44,759
S01010732,3 to 15,152,5,147
S01010732,16 to 24,101,9,92
S01010732,25 to 34,85,5,80
S01010732,35 to 49,155,12,143
S01010732,50 to 64,213,6,207
S01010732,65 and over,97,7,90
S01010733,All people aged 3 and over,549,17,532
S01010733,3 to 15,112,2,110
S01010733,16 to 24,62,3,59
S01010733,25 to 34,73,4,69
S01010733,35 to 49,122,3,119
S01010733,50 to 64,116,4,112
S01010733,65 and over,64,1,63
S01010734,All people aged 3 and over,901,45,856
S01010734,3 to 15,178,6,172
S01010734,16 to 24,127,7,120
S01010734,25 to 34,115,3,112
S01010734,35 to 49,214,9,205
S01010734,50 to 64,142,6,136
S01010734,65 and over,125,14,111
S01010735,All people aged 3 and over,595,17,578
S01010735,3 to 15,140,0,140
S01010735,16 to 24,79,5,74
S01010735,25 to 34,115,2,113
S01010735,35 to 49,135,2,133
S01010735,50 to 64,88,4,84
S01010735,65 and over,38,4,34
S01010736,All people aged 3 and over,486,25,461
S01010736,3 to 15,67,6,61
S01010736,16 to 24,39,1,38
S01010736,25 to 34,58,1,57
S01010736,35 to 49,91,7,84
S01010736,50 to 64,127,7,120
S01010736,65 and over,104,3,101
S01010737,All people aged 3 and over,1014,47,967
S01010737,3 to 15,125,1,124
S01010737,16 to 24,112,7,105
S01010737,25 to 34,96,7,89
S01010737,35 to 49,219,8,211
S01010737,50 to 64,217,13,204
S01010737,65 and over,245,11,234
S01010738,All people aged 3 and over,533,15,518
S01010738,3 to 15,75,3,72
S01010738,16 to 24,45,4,41
S01010738,25 to 34,54,0,54
S01010738,35 to 49,108,1,107
S01010738,50 to 64,128,3,125
S01010738,65 and over,123,4,119
S01010739,All people aged 3 and over,836,41,795
S01010739,3 to 15,141,6,135
S01010739,16 to 24,75,3,72
S01010739,25 to 34,115,3,112
S01010739,35 to 49,188,9,179
S01010739,50 to 64,183,8,175
S01010739,65 and over,134,12,122
S01010740,All people aged 3 and over,477,29,448
S01010740,3 to 15,90,4,86
S01010740,16 to 24,54,1,53
S01010740,25 to 34,69,10,59
S01010740,35 to 49,82,6,76
S01010740,50 to 64,105,2,103
S01010740,65 and over,77,6,71
S01010741,All people aged 3 and over,587,28,559
S01010741,3 to 15,74,5,69
S01010741,16 to 24,58,0,58
S01010741,25 to 34,56,3,53
S01010741,35 to 49,102,8,94
S01010741,50 to 64,138,6,132
S01010741,65 and over,159,6,153
S01010742,All people aged 3 and over,687,31,656
S01010742,3 to 15,116,6,110
S01010742,16 to 24,78,4,74
S01010742,25 to 34,102,5,97
S01010742,35 to 49,160,10,150
S01010742,50 to 64,100,2,98
S01010742,65 and over,131,4,127
S01010743,All people aged 3 and over,721,28,693
S01010743,3 to 15,190,6,184
S01010743,16 to 24,95,1,94
S01010743,25 to 34,86,7,79
S01010743,35 to 49,156,5,151
S01010743,50 to 64,105,3,102
S01010743,65 and over,89,6,83
S01010744,All people aged 3 and over,1054,36,1018
S01010744,3 to 15,153,1,152
S01010744,16 to 24,113,2,111
S01010744,25 to 34,99,5,94
S01010744,35 to 49,219,4,215
S01010744,50 to 64,241,13,228
S01010744,65 and over,229,11,218
S01010745,All people aged 3 and over,590,25,565
S01010745,3 to 15,61,0,61
S01010745,16 to 24,68,1,67
S01010745,25 to 34,65,1,64
S01010745,35 to 49,110,2,108
S01010745,50 to 64,142,7,135
S01010745,65 and over,144,14,130
S01010746,All people aged 3 and over,992,41,951
S01010746,3 to 15,150,9,141
S01010746,16 to 24,100,1,99
S01010746,25 to 34,104,6,98
S01010746,35 to 49,242,10,232
S01010746,50 to 64,222,8,214
S01010746,65 and over,174,7,167
S01010747,All people aged 3 and over,803,28,775
S01010747,3 to 15,143,4,139
S01010747,16 to 24,98,3,95
S01010747,25 to 34,71,2,69
S01010747,35 to 49,170,4,166
S01010747,50 to 64,198,9,189
S01010747,65 and over,123,6,117
S01010748,All people aged 3 and over,609,27,582
S01010748,3 to 15,83,10,73
S01010748,16 to 24,46,4,42
S01010748,25 to 34,59,0,59
S01010748,35 to 49,107,5,102
S01010748,50 to 64,180,5,175
S01010748,65 and over,134,3,131
S01010749,All people aged 3 and over,594,22,572
S01010749,3 to 15,90,4,86
S01010749,16 to 24,51,1,50
S01010749,25 to 34,56,1,55
S01010749,35 to 49,122,7,115
S01010749,50 to 64,156,6,150
S01010749,65 and over,119,3,116
S01010750,All people aged 3 and over,608,29,579
S01010750,3 to 15,66,6,60
S01010750,16 to 24,33,1,32
S01010750,25 to 34,51,4,47
S01010750,35 to 49,105,4,101
S01010750,50 to 64,177,3,174
S01010750,65 and over,176,11,165
S01010751,All people aged 3 and over,713,27,686
S01010751,3 to 15,130,4,126
S01010751,16 to 24,91,3,88
S01010751,25 to 34,66,0,66
S01010751,35 to 49,148,6,142
S01010751,50 to 64,158,6,152
S01010751,65 and over,120,8,112
S01010752,All people aged 3 and over,722,22,700
S01010752,3 to 15,136,1,135
S01010752,16 to 24,85,3,82
S01010752,25 to 34,104,3,101
S01010752,35 to 49,139,3,136
S01010752,50 to 64,158,8,150
S01010752,65 and over,100,4,96
S01010753,All people aged 3 and over,1013,66,947
S01010753,3 to 15,214,19,195
S01010753,16 to 24,121,5,116
S01010753,25 to 34,125,7,118
S01010753,35 to 49,227,14,213
S01010753,50 to 64,217,14,203
S01010753,65 and over,109,7,102
S01010754,All people aged 3 and over,669,37,632
S01010754,3 to 15,97,8,89
S01010754,16 to 24,74,2,72
S01010754,25 to 34,74,1,73
S01010754,35 to 49,107,4,103
S01010754,50 to 64,156,8,148
S01010754,65 and over,161,14,147
S01010755,All people aged 3 and over,627,23,604
S01010755,3 to 15,85,2,83
S01010755,16 to 24,67,3,64
S01010755,25 to 34,67,3,64
S01010755,35 to 49,111,5,106
S01010755,50 to 64,132,6,126
S01010755,65 and over,165,4,161
S01010756,All people aged 3 and over,647,38,609
S01010756,3 to 15,103,6,97
S01010756,16 to 24,58,5,53
S01010756,25 to 34,57,0,57
S01010756,35 to 49,126,5,121
S01010756,50 to 64,156,11,145
S01010756,65 and over,147,11,136
S01010757,All people aged 3 and over,730,41,689
S01010757,3 to 15,71,6,65
S01010757,16 to 24,40,4,36
S01010757,25 to 34,55,2,53
S01010757,35 to 49,148,5,143
S01010757,50 to 64,208,14,194
S01010757,65 and over,208,10,198
S01010758,All people aged 3 and over,691,54,637
S01010758,3 to 15,87,7,80
S01010758,16 to 24,61,0,61
S01010758,25 to 34,54,4,50
S01010758,35 to 49,122,8,114
S01010758,50 to 64,168,10,158
S01010758,65 and over,199,25,174
S01010759,All people aged 3 and over,587,25,562
S01010759,3 to 15,93,2,91
S01010759,16 to 24,64,7,57
S01010759,25 to 34,83,2,81
S01010759,35 to 49,104,2,102
S01010759,50 to 64,116,2,114
S01010759,65 and over,127,10,117
S01010760,All people aged 3 and over,593,30,563
S01010760,3 to 15,53,0,53
S01010760,16 to 24,42,3,39
S01010760,25 to 34,54,2,52
S01010760,35 to 49,76,4,72
S01010760,50 to 64,127,6,121
S01010760,65 and over,241,15,226
S01010761,All people aged 3 and over,525,17,508
S01010761,3 to 15,82,1,81
S01010761,16 to 24,47,0,47
S01010761,25 to 34,46,0,46
S01010761,35 to 49,104,3,101
S01010761,50 to 64,134,8,126
S01010761,65 and over,112,5,107
S01010762,All people aged 3 and over,582,24,558
S01010762,3 to 15,82,7,75
S01010762,16 to 24,44,2,42
S01010762,25 to 34,39,1,38
S01010762,35 to 49,131,4,127
S01010762,50 to 64,141,5,136
S01010762,65 and over,145,5,140
S01010763,All people aged 3 and over,662,43,619
S01010763,3 to 15,113,10,103
S01010763,16 to 24,53,0,53
S01010763,25 to 34,60,3,57
S01010763,35 to 49,113,8,105
S01010763,50 to 64,170,9,161
S01010763,65 and over,153,13,140
S01010764,All people aged 3 and over,568,24,544
S01010764,3 to 15,71,2,69
S01010764,16 to 24,33,1,32
S01010764,25 to 34,21,1,20
S01010764,35 to 49,108,2,106
S01010764,50 to 64,174,13,161
S01010764,65 and over,161,5,156
S01010765,All people aged 3 and over,981,43,938
S01010765,3 to 15,126,6,120
S01010765,16 to 24,72,5,67
S01010765,25 to 34,74,2,72
S01010765,35 to 49,179,8,171
S01010765,50 to 64,270,9,261
S01010765,65 and over,260,13,247
S01010766,All people aged 3 and over,764,48,716
S01010766,3 to 15,111,2,109
S01010766,16 to 24,79,3,76
S01010766,25 to 34,56,2,54
S01010766,35 to 49,129,8,121
S01010766,50 to 64,188,8,180
S01010766,65 and over,201,25,176
S01010767,All people aged 3 and over,685,25,660
S01010767,3 to 15,103,4,99
S01010767,16 to 24,74,0,74
S01010767,25 to 34,64,0,64
S01010767,35 to 49,122,6,116
S01010767,50 to 64,145,5,140
S01010767,65 and over,177,10,167
S01010768,All people aged 3 and over,549,17,532
S01010768,3 to 15,59,0,59
S01010768,16 to 24,61,3,58
S01010768,25 to 34,36,4,32
S01010768,35 to 49,103,4,99
S01010768,50 to 64,114,3,111
S01010768,65 and over,176,3,173
S01010769,All people aged 3 and over,472,8,464
S01010769,3 to 15,48,1,47
S01010769,16 to 24,39,0,39
S01010769,25 to 34,25,2,23
S01010769,35 to 49,74,1,73
S01010769,50 to 64,168,3,165
S01010769,65 and over,118,1,117
S01010770,All people aged 3 and over,849,33,816
S01010770,3 to 15,129,4,125
S01010770,16 to 24,78,0,78
S01010770,25 to 34,88,2,86
S01010770,35 to 49,169,5,164
S01010770,50 to 64,218,12,206
S01010770,65 and over,167,10,157
S01010771,All people aged 3 and over,846,36,810
S01010771,3 to 15,97,1,96
S01010771,16 to 24,58,2,56
S01010771,25 to 34,54,2,52
S01010771,35 to 49,157,14,143
S01010771,50 to 64,224,5,219
S01010771,65 and over,256,12,244
S01010772,All people aged 3 and over,751,13,738
S01010772,3 to 15,54,1,53
S01010772,16 to 24,60,1,59
S01010772,25 to 34,43,2,41
S01010772,35 to 49,162,2,160
S01010772,50 to 64,215,6,209
S01010772,65 and over,217,1,216
S01010773,All people aged 3 and over,756,9,747
S01010773,3 to 15,105,0,105
S01010773,16 to 24,50,0,50
S01010773,25 to 34,62,0,62
S01010773,35 to 49,184,3,181
S01010773,50 to 64,199,5,194
S01010773,65 and over,156,1,155
S01010774,All people aged 3 and over,703,9,694
S01010774,3 to 15,113,1,112
S01010774,16 to 24,66,2,64
S01010774,25 to 34,47,0,47
S01010774,35 to 49,149,1,148
S01010774,50 to 64,183,4,179
S01010774,65 and over,145,1,144
S01010775,All people aged 3 and over,623,8,615
S01010775,3 to 15,97,0,97
S01010775,16 to 24,64,0,64
S01010775,25 to 34,63,1,62
S01010775,35 to 49,163,2,161
S01010775,50 to 64,145,1,144
S01010775,65 and over,91,4,87
S01010776,All people aged 3 and over,520,7,513
S01010776,3 to 15,64,0,64
S01010776,16 to 24,54,1,53
S01010776,25 to 34,84,0,84
S01010776,35 to 49,95,1,94
S01010776,50 to 64,112,2,110
S01010776,65 and over,111,3,108
S01010777,All people aged 3 and over,492,12,480
S01010777,3 to 15,43,0,43
S01010777,16 to 24,72,3,69
S01010777,25 to 34,57,1,56
S01010777,35 to 49,88,2,86
S01010777,50 to 64,115,2,113
S01010777,65 and over,117,4,113
S01010778,All people aged 3 and over,469,7,462
S01010778,3 to 15,98,0,98
S01010778,16 to 24,79,1,78
S01010778,25 to 34,64,0,64
S01010778,35 to 49,102,2,100
S01010778,50 to 64,85,1,84
S01010778,65 and over,41,3,38
S01010779,All people aged 3 and over,748,10,738
S01010779,3 to 15,136,2,134
S01010779,16 to 24,104,2,102
S01010779,25 to 34,86,1,85
S01010779,35 to 49,146,1,145
S01010779,50 to 64,140,3,137
S01010779,65 and over,136,1,135
S01010780,All people aged 3 and over,556,3,553
S01010780,3 to 15,77,0,77
S01010780,16 to 24,49,0,49
S01010780,25 to 34,51,2,49
S01010780,35 to 49,122,0,122
S01010780,50 to 64,125,1,124
S01010780,65 and over,132,0,132
S01010781,All people aged 3 and over,751,10,741
S01010781,3 to 15,105,0,105
S01010781,16 to 24,96,1,95
S01010781,25 to 34,93,0,93
S01010781,35 to 49,166,1,165
S01010781,50 to 64,170,5,165
S01010781,65 and over,121,3,118
S01010782,All people aged 3 and over,601,17,584
S01010782,3 to 15,88,2,86
S01010782,16 to 24,59,4,55
S01010782,25 to 34,69,3,66
S01010782,35 to 49,121,3,118
S01010782,50 to 64,130,4,126
S01010782,65 and over,134,1,133
S01010783,All people aged 3 and over,532,5,527
S01010783,3 to 15,68,0,68
S01010783,16 to 24,86,0,86
S01010783,25 to 34,67,1,66
S01010783,35 to 49,99,1,98
S01010783,50 to 64,103,1,102
S01010783,65 and over,109,2,107
S01010784,All people aged 3 and over,705,7,698
S01010784,3 to 15,123,0,123
S01010784,16 to 24,98,1,97
S01010784,25 to 34,103,2,101
S01010784,35 to 49,151,1,150
S01010784,50 to 64,125,0,125
S01010784,65 and over,105,3,102
S01010785,All people aged 3 and over,666,12,654
S01010785,3 to 15,86,1,85
S01010785,16 to 24,67,1,66
S01010785,25 to 34,68,0,68
S01010785,35 to 49,126,2,124
S01010785,50 to 64,193,0,193
S01010785,65 and over,126,8,118
S01010786,All people aged 3 and over,672,11,661
S01010786,3 to 15,138,1,137
S01010786,16 to 24,67,1,66
S01010786,25 to 34,68,0,68
S01010786,35 to 49,164,2,162
S01010786,50 to 64,133,0,133
S01010786,65 and over,102,7,95
S01010787,All people aged 3 and over,880,21,859
S01010787,3 to 15,147,5,142
S01010787,16 to 24,71,1,70
S01010787,25 to 34,77,1,76
S01010787,35 to 49,193,4,189
S01010787,50 to 64,216,7,209
S01010787,65 and over,176,3,173
S01010788,All people aged 3 and over,605,9,596
S01010788,3 to 15,99,2,97
S01010788,16 to 24,51,0,51
S01010788,25 to 34,75,0,75
S01010788,35 to 49,135,1,134
S01010788,50 to 64,150,5,145
S01010788,65 and over,95,1,94
S01010789,All people aged 3 and over,700,11,689
S01010789,3 to 15,110,1,109
S01010789,16 to 24,81,2,79
S01010789,25 to 34,76,0,76
S01010789,35 to 49,153,3,150
S01010789,50 to 64,155,2,153
S01010789,65 and over,125,3,122
S01010790,All people aged 3 and over,657,9,648
S01010790,3 to 15,87,0,87
S01010790,16 to 24,64,1,63
S01010790,25 to 34,51,1,50
S01010790,35 to 49,140,2,138
S01010790,50 to 64,171,4,167
S01010790,65 and over,144,1,143
S01010791,All people aged 3 and over,813,6,807
S01010791,3 to 15,93,0,93
S01010791,16 to 24,65,1,64
S01010791,25 to 34,71,1,70
S01010791,35 to 49,157,1,156
S01010791,50 to 64,220,2,218
S01010791,65 and over,207,1,206
S01010792,All people aged 3 and over,600,5,595
S01010792,3 to 15,110,0,110
S01010792,16 to 24,65,0,65
S01010792,25 to 34,75,1,74
S01010792,35 to 49,131,2,129
S01010792,50 to 64,127,2,125
S01010792,65 and over,92,0,92
S01010793,All people aged 3 and over,632,13,619
S01010793,3 to 15,102,3,99
S01010793,16 to 24,41,3,38
S01010793,25 to 34,48,0,48
S01010793,35 to 49,170,3,167
S01010793,50 to 64,149,3,146
S01010793,65 and over,122,1,121
S01010794,All people aged 3 and over,530,11,519
S01010794,3 to 15,95,2,93
S01010794,16 to 24,50,0,50
S01010794,25 to 34,77,1,76
S01010794,35 to 49,141,5,136
S01010794,50 to 64,91,0,91
S01010794,65 and over,76,3,73
S01010795,All people aged 3 and over,956,25,931
S01010795,3 to 15,135,3,132
S01010795,16 to 24,77,4,73
S01010795,25 to 34,91,1,90
S01010795,35 to 49,208,4,204
S01010795,50 to 64,215,9,206
S01010795,65 and over,230,4,226
S01010796,All people aged 3 and over,803,11,792
S01010796,3 to 15,123,1,122
S01010796,16 to 24,61,1,60
S01010796,25 to 34,74,0,74
S01010796,35 to 49,192,4,188
S01010796,50 to 64,199,0,199
S01010796,65 and over,154,5,149
S01010797,All people aged 3 and over,736,10,726
S01010797,3 to 15,103,2,101
S01010797,16 to 24,60,2,58
S01010797,25 to 34,78,0,78
S01010797,35 to 49,192,3,189
S01010797,50 to 64,181,1,180
S01010797,65 and over,122,2,120
S01010798,All people aged 3 and over,679,17,662
S01010798,3 to 15,100,3,97
S01010798,16 to 24,40,1,39
S01010798,25 to 34,52,0,52
S01010798,35 to 49,147,5,142
S01010798,50 to 64,172,6,166
S01010798,65 and over,168,2,166
S01010799,All people aged 3 and over,885,25,860
S01010799,3 to 15,68,2,66
S01010799,16 to 24,84,3,81
S01010799,25 to 34,117,5,112
S01010799,35 to 49,172,7,165
S01010799,50 to 64,189,3,186
S01010799,65 and over,255,5,250
S01010800,All people aged 3 and over,700,17,683
S01010800,3 to 15,92,3,89
S01010800,16 to 24,75,2,73
S01010800,25 to 34,97,1,96
S01010800,35 to 49,153,6,147
S01010800,50 to 64,144,3,141
S01010800,65 and over,139,2,137
S01010801,All people aged 3 and over,689,25,664
S01010801,3 to 15,86,6,80
S01010801,16 to 24,58,5,53
S01010801,25 to 34,79,5,74
S01010801,35 to 49,133,4,129
S01010801,50 to 64,150,5,145
S01010801,65 and over,183,0,183
S01010802,All people aged 3 and over,544,7,537
S01010802,3 to 15,69,0,69
S01010802,16 to 24,70,0,70
S01010802,25 to 34,83,2,81
S01010802,35 to 49,111,1,110
S01010802,50 to 64,103,4,99
S01010802,65 and over,108,0,108
S01010803,All people aged 3 and over,590,8,582
S01010803,3 to 15,91,0,91
S01010803,16 to 24,83,1,82
S01010803,25 to 34,83,1,82
S01010803,35 to 49,115,3,112
S01010803,50 to 64,95,0,95
S01010803,65 and over,123,3,120
S01010804,All people aged 3 and over,579,18,561
S01010804,3 to 15,82,1,81
S01010804,16 to 24,57,3,54
S01010804,25 to 34,43,2,41
S01010804,35 to 49,123,4,119
S01010804,50 to 64,136,3,133
S01010804,65 and over,138,5,133
S01010805,All people aged 3 and over,830,25,805
S01010805,3 to 15,125,3,122
S01010805,16 to 24,106,1,105
S01010805,25 to 34,82,2,80
S01010805,35 to 49,172,8,164
S01010805,50 to 64,181,7,174
S01010805,65 and over,164,4,160
S01010806,All people aged 3 and over,886,20,866
S01010806,3 to 15,145,3,142
S01010806,16 to 24,123,4,119
S01010806,25 to 34,117,2,115
S01010806,35 to 49,179,4,175
S01010806,50 to 64,181,4,177
S01010806,65 and over,141,3,138
S01010807,All people aged 3 and over,547,15,532
S01010807,3 to 15,97,2,95
S01010807,16 to 24,48,0,48
S01010807,25 to 34,79,0,79
S01010807,35 to 49,117,7,110
S01010807,50 to 64,94,0,94
S01010807,65 and over,112,6,106
S01010808,All people aged 3 and over,537,4,533
S01010808,3 to 15,115,1,114
S01010808,16 to 24,49,0,49
S01010808,25 to 34,67,1,66
S01010808,35 to 49,111,2,109
S01010808,50 to 64,111,0,111
S01010808,65 and over,84,0,84
S01010809,All people aged 3 and over,747,14,733
S01010809,3 to 15,72,0,72
S01010809,16 to 24,66,0,66
S01010809,25 to 34,88,1,87
S01010809,35 to 49,156,3,153
S01010809,50 to 64,195,3,192
S01010809,65 and over,170,7,163
S01010810,All people aged 3 and over,488,38,450
S01010810,3 to 15,59,7,52
S01010810,16 to 24,41,7,34
S01010810,25 to 34,32,1,31
S01010810,35 to 49,87,5,82
S01010810,50 to 64,128,4,124
S01010810,65 and over,141,14,127
S01010811,All people aged 3 and over,832,109,723
S01010811,3 to 15,87,21,66
S01010811,16 to 24,73,18,55
S01010811,25 to 34,74,6,68
S01010811,35 to 49,184,19,165
S01010811,50 to 64,218,14,204
S01010811,65 and over,196,31,165
S01010812,All people aged 3 and over,514,74,440
S01010812,3 to 15,80,10,70
S01010812,16 to 24,37,5,32
S01010812,25 to 34,36,2,34
S01010812,35 to 49,110,8,102
S01010812,50 to 64,134,18,116
S01010812,65 and over,117,31,86
S01010813,All people aged 3 and over,524,20,504
S01010813,3 to 15,70,2,68
S01010813,16 to 24,48,1,47
S01010813,25 to 34,56,3,53
S01010813,35 to 49,110,1,109
S01010813,50 to 64,144,4,140
S01010813,65 and over,96,9,87
S01010814,All people aged 3 and over,621,69,552
S01010814,3 to 15,85,3,82
S01010814,16 to 24,42,2,40
S01010814,25 to 34,37,1,36
S01010814,35 to 49,139,11,128
S01010814,50 to 64,187,29,158
S01010814,65 and over,131,23,108
S01010815,All people aged 3 and over,441,35,406
S01010815,3 to 15,64,0,64
S01010815,16 to 24,37,3,34
S01010815,25 to 34,33,4,29
S01010815,35 to 49,81,3,78
S01010815,50 to 64,140,14,126
S01010815,65 and over,86,11,75
S01010816,All people aged 3 and over,621,4,617
S01010816,3 to 15,98,0,98
S01010816,16 to 24,56,0,56
S01010816,25 to 34,41,1,40
S01010816,35 to 49,114,2,112
S01010816,50 to 64,123,1,122
S01010816,65 and over,189,0,189
S01010817,All people aged 3 and over,885,10,875
S01010817,3 to 15,173,0,173
S01010817,16 to 24,62,0,62
S01010817,25 to 34,57,0,57
S01010817,35 to 49,207,0,207
S01010817,50 to 64,237,10,227
S01010817,65 and over,149,0,149
S01010818,All people aged 3 and over,990,15,975
S01010818,3 to 15,164,0,164
S01010818,16 to 24,56,0,56
S01010818,25 to 34,59,0,59
S01010818,35 to 49,268,5,263
S01010818,50 to 64,217,3,214
S01010818,65 and over,226,7,219
S01010819,All people aged 3 and over,777,6,771
S01010819,3 to 15,101,0,101
S01010819,16 to 24,54,1,53
S01010819,25 to 34,55,0,55
S01010819,35 to 49,156,1,155
S01010819,50 to 64,204,3,201
S01010819,65 and over,207,1,206
S01010820,All people aged 3 and over,515,9,506
S01010820,3 to 15,84,0,84
S01010820,16 to 24,37,0,37
S01010820,25 to 34,39,1,38
S01010820,35 to 49,128,2,126
S01010820,50 to 64,127,1,126
S01010820,65 and over,100,5,95
S01010821,All people aged 3 and over,583,9,574
S01010821,3 to 15,84,0,84
S01010821,16 to 24,47,0,47
S01010821,25 to 34,25,0,25
S01010821,35 to 49,109,0,109
S01010821,50 to 64,153,3,150
S01010821,65 and over,165,6,159
S01010822,All people aged 3 and over,759,3,756
S01010822,3 to 15,118,0,118
S01010822,16 to 24,52,1,51
S01010822,25 to 34,51,0,51
S01010822,35 to 49,214,2,212
S01010822,50 to 64,197,0,197
S01010822,65 and over,127,0,127
S01010823,All people aged 3 and over,467,5,462
S01010823,3 to 15,99,4,95
S01010823,16 to 24,51,0,51
S01010823,25 to 34,76,1,75
S01010823,35 to 49,125,0,125
S01010823,50 to 64,68,0,68
S01010823,65 and over,48,0,48
S01010824,All people aged 3 and over,734,6,728
S01010824,3 to 15,199,0,199
S01010824,16 to 24,69,1,68
S01010824,25 to 34,58,2,56
S01010824,35 to 49,275,2,273
S01010824,50 to 64,90,1,89
S01010824,65 and over,43,0,43
S01010825,All people aged 3 and over,339,2,337
S01010825,3 to 15,80,0,80
S01010825,16 to 24,17,0,17
S01010825,25 to 34,57,0,57
S01010825,35 to 49,116,2,114
S01010825,50 to 64,38,0,38
S01010825,65 and over,31,0,31
S01010826,All people aged 3 and over,731,17,714
S01010826,3 to 15,111,0,111
S01010826,16 to 24,82,1,81
S01010826,25 to 34,55,0,55
S01010826,35 to 49,162,4,158
S01010826,50 to 64,202,8,194
S01010826,65 and over,119,4,115
S01010827,All people aged 3 and over,578,4,574
S01010827,3 to 15,87,0,87
S01010827,16 to 24,66,0,66
S01010827,25 to 34,49,0,49
S01010827,35 to 49,150,1,149
S01010827,50 to 64,158,1,157
S01010827,65 and over,68,2,66
S01010828,All people aged 3 and over,1204,18,1186
S01010828,3 to 15,243,2,241
S01010828,16 to 24,154,0,154
S01010828,25 to 34,69,2,67
S01010828,35 to 49,368,2,366
S01010828,50 to 64,281,9,272
S01010828,65 and over,89,3,86
S01010829,All people aged 3 and over,875,9,866
S01010829,3 to 15,66,0,66
S01010829,16 to 24,76,0,76
S01010829,25 to 34,93,3,90
S01010829,35 to 49,182,1,181
S01010829,50 to 64,267,5,262
S01010829,65 and over,191,0,191
S01010830,All people aged 3 and over,542,4,538
S01010830,3 to 15,66,0,66
S01010830,16 to 24,80,0,80
S01010830,25 to 34,57,0,57
S01010830,35 to 49,112,2,110
S01010830,50 to 64,134,0,134
S01010830,65 and over,93,2,91
S01010831,All people aged 3 and over,577,2,575
S01010831,3 to 15,141,0,141
S01010831,16 to 24,65,0,65
S01010831,25 to 34,44,0,44
S01010831,35 to 49,234,1,233
S01010831,50 to 64,71,0,71
S01010831,65 and over,22,1,21
S01010832,All people aged 3 and over,707,7,700
S01010832,3 to 15,94,1,93
S01010832,16 to 24,104,1,103
S01010832,25 to 34,102,1,101
S01010832,35 to 49,179,0,179
S01010832,50 to 64,165,3,162
S01010832,65 and over,63,1,62
S01010833,All people aged 3 and over,879,9,870
S01010833,3 to 15,140,1,139
S01010833,16 to 24,106,1,105
S01010833,25 to 34,61,1,60
S01010833,35 to 49,237,4,233
S01010833,50 to 64,222,2,220
S01010833,65 and over,113,0,113
S01010834,All people aged 3 and over,895,9,886
S01010834,3 to 15,101,0,101
S01010834,16 to 24,77,0,77
S01010834,25 to 34,65,1,64
S01010834,35 to 49,178,2,176
S01010834,50 to 64,243,4,239
S01010834,65 and over,231,2,229
S01010835,All people aged 3 and over,638,5,633
S01010835,3 to 15,62,1,61
S01010835,16 to 24,83,0,83
S01010835,25 to 34,29,0,29
S01010835,35 to 49,121,0,121
S01010835,50 to 64,172,2,170
S01010835,65 and over,171,2,169
S01010836,All people aged 3 and over,783,11,772
S01010836,3 to 15,87,1,86
S01010836,16 to 24,60,0,60
S01010836,25 to 34,77,0,77
S01010836,35 to 49,196,4,192
S01010836,50 to 64,194,3,191
S01010836,65 and over,169,3,166
S01010837,All people aged 3 and over,652,2,650
S01010837,3 to 15,92,0,92
S01010837,16 to 24,77,0,77
S01010837,25 to 34,40,0,40
S01010837,35 to 49,137,0,137
S01010837,50 to 64,141,0,141
S01010837,65 and over,165,2,163
S01010838,All people aged 3 and over,814,8,806
S01010838,3 to 15,150,3,147
S01010838,16 to 24,90,0,90
S01010838,25 to 34,87,1,86
S01010838,35 to 49,210,1,209
S01010838,50 to 64,149,3,146
S01010838,65 and over,128,0,128
S01010839,All people aged 3 and over,710,6,704
S01010839,3 to 15,117,0,117
S01010839,16 to 24,74,0,74
S01010839,25 to 34,62,0,62
S01010839,35 to 49,186,1,185
S01010839,50 to 64,114,1,113
S01010839,65 and over,157,4,153
S01010840,All people aged 3 and over,478,5,473
S01010840,3 to 15,30,0,30
S01010840,16 to 24,41,0,41
S01010840,25 to 34,70,0,70
S01010840,35 to 49,109,0,109
S01010840,50 to 64,100,3,97
S01010840,65 and over,128,2,126
S01010841,All people aged 3 and over,723,11,712
S01010841,3 to 15,66,0,66
S01010841,16 to 24,70,1,69
S01010841,25 to 34,111,1,110
S01010841,35 to 49,174,3,171
S01010841,50 to 64,156,6,150
S01010841,65 and over,146,0,146
S01010842,All people aged 3 and over,874,15,859
S01010842,3 to 15,66,2,64
S01010842,16 to 24,62,1,61
S01010842,25 to 34,111,0,111
S01010842,35 to 49,183,7,176
S01010842,50 to 64,170,1,169
S01010842,65 and over,282,4,278
S01010843,All people aged 3 and over,627,3,624
S01010843,3 to 15,45,0,45
S01010843,16 to 24,54,0,54
S01010843,25 to 34,85,0,85
S01010843,35 to 49,127,3,124
S01010843,50 to 64,119,0,119
S01010843,65 and over,197,0,197
S01010844,All people aged 3 and over,654,8,646
S01010844,3 to 15,83,0,83
S01010844,16 to 24,78,1,77
S01010844,25 to 34,34,0,34
S01010844,35 to 49,135,1,134
S01010844,50 to 64,179,3,176
S01010844,65 and over,145,3,142
S01010845,All people aged 3 and over,601,3,598
S01010845,3 to 15,73,0,73
S01010845,16 to 24,60,0,60
S01010845,25 to 34,61,0,61
S01010845,35 to 49,122,0,122
S01010845,50 to 64,145,1,144
S01010845,65 and over,140,2,138
S01010846,All people aged 3 and over,743,5,738
S01010846,3 to 15,123,2,121
S01010846,16 to 24,129,0,129
S01010846,25 to 34,85,1,84
S01010846,35 to 49,177,2,175
S01010846,50 to 64,163,0,163
S01010846,65 and over,66,0,66
S01010847,All people aged 3 and over,628,7,621
S01010847,3 to 15,110,0,110
S01010847,16 to 24,71,1,70
S01010847,25 to 34,87,0,87
S01010847,35 to 49,160,2,158
S01010847,50 to 64,143,3,140
S01010847,65 and over,57,1,56
S01010848,All people aged 3 and over,640,4,636
S01010848,3 to 15,121,2,119
S01010848,16 to 24,98,0,98
S01010848,25 to 34,75,0,75
S01010848,35 to 49,163,2,161
S01010848,50 to 64,122,0,122
S01010848,65 and over,61,0,61
S01010849,All people aged 3 and over,910,4,906
S01010849,3 to 15,178,2,176
S01010849,16 to 24,141,0,141
S01010849,25 to 34,94,0,94
S01010849,35 to 49,206,0,206
S01010849,50 to 64,177,1,176
S01010849,65 and over,114,1,113
S01010850,All people aged 3 and over,843,5,838
S01010850,3 to 15,132,1,131
S01010850,16 to 24,102,0,102
S01010850,25 to 34,91,0,91
S01010850,35 to 49,166,2,164
S01010850,50 to 64,188,1,187
S01010850,65 and over,164,1,163
S01010851,All people aged 3 and over,779,5,774
S01010851,3 to 15,171,1,170
S01010851,16 to 24,91,0,91
S01010851,25 to 34,116,0,116
S01010851,35 to 49,185,3,182
S01010851,50 to 64,136,1,135
S01010851,65 and over,80,0,80
S01010852,All people aged 3 and over,708,4,704
S01010852,3 to 15,96,3,93
S01010852,16 to 24,84,0,84
S01010852,25 to 34,67,0,67
S01010852,35 to 49,169,0,169
S01010852,50 to 64,168,1,167
S01010852,65 and over,124,0,124
S01010853,All people aged 3 and over,857,10,847
S01010853,3 to 15,131,1,130
S01010853,16 to 24,97,1,96
S01010853,25 to 34,104,0,104
S01010853,35 to 49,161,1,160
S01010853,50 to 64,221,6,215
S01010853,65 and over,143,1,142
S01010854,All people aged 3 and over,883,11,872
S01010854,3 to 15,182,4,178
S01010854,16 to 24,129,0,129
S01010854,25 to 34,109,2,107
S01010854,35 to 49,221,3,218
S01010854,50 to 64,155,2,153
S01010854,65 and over,87,0,87
S01010855,All people aged 3 and over,542,3,539
S01010855,3 to 15,93,0,93
S01010855,16 to 24,71,1,70
S01010855,25 to 34,64,1,63
S01010855,35 to 49,94,0,94
S01010855,50 to 64,118,1,117
S01010855,65 and over,102,0,102
S01010856,All people aged 3 and over,869,8,861
S01010856,3 to 15,114,2,112
S01010856,16 to 24,80,0,80
S01010856,25 to 34,97,1,96
S01010856,35 to 49,199,2,197
S01010856,50 to 64,177,1,176
S01010856,65 and over,202,2,200
S01010857,All people aged 3 and over,814,3,811
S01010857,3 to 15,170,0,170
S01010857,16 to 24,114,0,114
S01010857,25 to 34,89,0,89
S01010857,35 to 49,237,3,234
S01010857,50 to 64,148,0,148
S01010857,65 and over,56,0,56
S01010858,All people aged 3 and over,703,5,698
S01010858,3 to 15,111,1,110
S01010858,16 to 24,87,0,87
S01010858,25 to 34,84,0,84
S01010858,35 to 49,177,3,174
S01010858,50 to 64,102,1,101
S01010858,65 and over,142,0,142
S01010859,All people aged 3 and over,713,2,711
S01010859,3 to 15,127,0,127
S01010859,16 to 24,103,0,103
S01010859,25 to 34,77,0,77
S01010859,35 to 49,140,0,140
S01010859,50 to 64,143,2,141
S01010859,65 and over,123,0,123
S01010860,All people aged 3 and over,609,1,608
S01010860,3 to 15,81,1,80
S01010860,16 to 24,79,0,79
S01010860,25 to 34,60,0,60
S01010860,35 to 49,135,0,135
S01010860,50 to 64,150,0,150
S01010860,65 and over,104,0,104
S01010861,All people aged 3 and over,614,2,612
S01010861,3 to 15,81,0,81
S01010861,16 to 24,77,0,77
S01010861,25 to 34,76,0,76
S01010861,35 to 49,136,0,136
S01010861,50 to 64,119,1,118
S01010861,65 and over,125,1,124
S01010862,All people aged 3 and over,519,7,512
S01010862,3 to 15,80,1,79
S01010862,16 to 24,106,2,104
S01010862,25 to 34,71,0,71
S01010862,35 to 49,115,2,113
S01010862,50 to 64,87,2,85
S01010862,65 and over,60,0,60
S01010863,All people aged 3 and over,777,7,770
S01010863,3 to 15,100,2,98
S01010863,16 to 24,78,0,78
S01010863,25 to 34,56,0,56
S01010863,35 to 49,153,1,152
S01010863,50 to 64,187,2,185
S01010863,65 and over,203,2,201
S01010864,All people aged 3 and over,552,5,547
S01010864,3 to 15,65,0,65
S01010864,16 to 24,53,1,52
S01010864,25 to 34,55,0,55
S01010864,35 to 49,101,0,101
S01010864,50 to 64,149,3,146
S01010864,65 and over,129,1,128
S01010865,All people aged 3 and over,694,8,686
S01010865,3 to 15,51,0,51
S01010865,16 to 24,66,0,66
S01010865,25 to 34,46,0,46
S01010865,35 to 49,101,2,99
S01010865,50 to 64,192,5,187
S01010865,65 and over,238,1,237
S01010866,All people aged 3 and over,738,7,731
S01010866,3 to 15,68,0,68
S01010866,16 to 24,58,0,58
S01010866,25 to 34,39,0,39
S01010866,35 to 49,102,0,102
S01010866,50 to 64,179,2,177
S01010866,65 and over,292,5,287
S01010867,All people aged 3 and over,655,12,643
S01010867,3 to 15,64,0,64
S01010867,16 to 24,72,1,71
S01010867,25 to 34,54,0,54
S01010867,35 to 49,121,2,119
S01010867,50 to 64,143,2,141
S01010867,65 and over,201,7,194
S01010868,All people aged 3 and over,818,16,802
S01010868,3 to 15,75,0,75
S01010868,16 to 24,69,0,69
S01010868,25 to 34,47,1,46
S01010868,35 to 49,170,4,166
S01010868,50 to 64,194,3,191
S01010868,65 and over,263,8,255
S01010869,All people aged 3 and over,732,6,726
S01010869,3 to 15,100,0,100
S01010869,16 to 24,100,1,99
S01010869,25 to 34,52,0,52
S01010869,35 to 49,160,0,160
S01010869,50 to 64,182,1,181
S01010869,65 and over,138,4,134
S01010870,All people aged 3 and over,750,11,739
S01010870,3 to 15,83,0,83
S01010870,16 to 24,81,2,79
S01010870,25 to 34,92,2,90
S01010870,35 to 49,152,0,152
S01010870,50 to 64,145,2,143
S01010870,65 and over,197,5,192
S01010871,All people aged 3 and over,874,12,862
S01010871,3 to 15,115,1,114
S01010871,16 to 24,100,1,99
S01010871,25 to 34,117,4,113
S01010871,35 to 49,175,0,175
S01010871,50 to 64,159,2,157
S01010871,65 and over,208,4,204
S01010872,All people aged 3 and over,690,12,678
S01010872,3 to 15,66,1,65
S01010872,16 to 24,75,1,74
S01010872,25 to 34,110,3,107
S01010872,35 to 49,158,3,155
S01010872,50 to 64,150,2,148
S01010872,65 and over,131,2,129
S01010873,All people aged 3 and over,535,6,529
S01010873,3 to 15,38,1,37
S01010873,16 to 24,39,1,38
S01010873,25 to 34,65,0,65
S01010873,35 to 49,98,1,97
S01010873,50 to 64,96,1,95
S01010873,65 and over,199,2,197
S01010874,All people aged 3 and over,740,7,733
S01010874,3 to 15,108,1,107
S01010874,16 to 24,116,1,115
S01010874,25 to 34,90,3,87
S01010874,35 to 49,182,1,181
S01010874,50 to 64,151,1,150
S01010874,65 and over,93,0,93
S01010875,All people aged 3 and over,494,4,490
S01010875,3 to 15,68,1,67
S01010875,16 to 24,61,0,61
S01010875,25 to 34,94,1,93
S01010875,35 to 49,125,0,125
S01010875,50 to 64,81,0,81
S01010875,65 and over,65,2,63
S01010876,All people aged 3 and over,700,5,695
S01010876,3 to 15,92,0,92
S01010876,16 to 24,99,1,98
S01010876,25 to 34,133,3,130
S01010876,35 to 49,147,1,146
S01010876,50 to 64,133,0,133
S01010876,65 and over,96,0,96
S01010877,All people aged 3 and over,922,11,911
S01010877,3 to 15,130,0,130
S01010877,16 to 24,113,2,111
S01010877,25 to 34,135,1,134
S01010877,35 to 49,187,1,186
S01010877,50 to 64,212,2,210
S01010877,65 and over,145,5,140
S01010878,All people aged 3 and over,1161,24,1137
S01010878,3 to 15,113,7,106
S01010878,16 to 24,117,3,114
S01010878,25 to 34,162,3,159
S01010878,35 to 49,288,3,285
S01010878,50 to 64,216,3,213
S01010878,65 and over,265,5,260
S01010879,All people aged 3 and over,813,5,808
S01010879,3 to 15,108,0,108
S01010879,16 to 24,87,0,87
S01010879,25 to 34,105,1,104
S01010879,35 to 49,186,1,185
S01010879,50 to 64,200,3,197
S01010879,65 and over,127,0,127
S01010880,All people aged 3 and over,533,1,532
S01010880,3 to 15,89,0,89
S01010880,16 to 24,65,0,65
S01010880,25 to 34,81,0,81
S01010880,35 to 49,117,0,117
S01010880,50 to 64,92,1,91
S01010880,65 and over,89,0,89
S01010881,All people aged 3 and over,610,3,607
S01010881,3 to 15,68,1,67
S01010881,16 to 24,78,1,77
S01010881,25 to 34,52,0,52
S01010881,35 to 49,119,0,119
S01010881,50 to 64,109,0,109
S01010881,65 and over,184,1,183
S01010882,All people aged 3 and over,554,4,550
S01010882,3 to 15,97,1,96
S01010882,16 to 24,82,0,82
S01010882,25 to 34,48,0,48
S01010882,35 to 49,150,0,150
S01010882,50 to 64,118,1,117
S01010882,65 and over,59,2,57
S01010883,All people aged 3 and over,859,5,854
S01010883,3 to 15,123,1,122
S01010883,16 to 24,139,0,139
S01010883,25 to 34,57,0,57
S01010883,35 to 49,234,0,234
S01010883,50 to 64,193,3,190
S01010883,65 and over,113,1,112
S01010884,All people aged 3 and over,683,7,676
S01010884,3 to 15,101,2,99
S01010884,16 to 24,69,0,69
S01010884,25 to 34,71,2,69
S01010884,35 to 49,161,2,159
S01010884,50 to 64,142,0,142
S01010884,65 and over,139,1,138
S01010885,All people aged 3 and over,915,12,903
S01010885,3 to 15,137,1,136
S01010885,16 to 24,115,0,115
S01010885,25 to 34,141,2,139
S01010885,35 to 49,207,5,202
S01010885,50 to 64,175,1,174
S01010885,65 and over,140,3,137
S01010886,All people aged 3 and over,438,7,431
S01010886,3 to 15,39,2,37
S01010886,16 to 24,73,2,71
S01010886,25 to 34,59,1,58
S01010886,35 to 49,121,1,120
S01010886,50 to 64,93,1,92
S01010886,65 and over,53,0,53
S01010887,All people aged 3 and over,797,9,788
S01010887,3 to 15,90,2,88
S01010887,16 to 24,95,1,94
S01010887,25 to 34,103,2,101
S01010887,35 to 49,157,2,155
S01010887,50 to 64,148,0,148
S01010887,65 and over,204,2,202
S01010888,All people aged 3 and over,749,8,741
S01010888,3 to 15,67,1,66
S01010888,16 to 24,76,0,76
S01010888,25 to 34,121,1,120
S01010888,35 to 49,180,5,175
S01010888,50 to 64,160,1,159
S01010888,65 and over,145,0,145
S01010889,All people aged 3 and over,507,6,501
S01010889,3 to 15,35,2,33
S01010889,16 to 24,46,0,46
S01010889,25 to 34,97,0,97
S01010889,35 to 49,126,3,123
S01010889,50 to 64,111,0,111
S01010889,65 and over,92,1,91
S01010890,All people aged 3 and over,755,7,748
S01010890,3 to 15,42,1,41
S01010890,16 to 24,43,0,43
S01010890,25 to 34,79,0,79
S01010890,35 to 49,131,2,129
S01010890,50 to 64,153,2,151
S01010890,65 and over,307,2,305
S01010891,All people aged 3 and over,423,12,411
S01010891,3 to 15,33,0,33
S01010891,16 to 24,57,3,54
S01010891,25 to 34,48,3,45
S01010891,35 to 49,70,4,66
S01010891,50 to 64,87,1,86
S01010891,65 and over,128,1,127
S01010892,All people aged 3 and over,817,10,807
S01010892,3 to 15,59,2,57
S01010892,16 to 24,63,0,63
S01010892,25 to 34,114,0,114
S01010892,35 to 49,164,4,160
S01010892,50 to 64,190,3,187
S01010892,65 and over,227,1,226
S01010893,All people aged 3 and over,511,5,506
S01010893,3 to 15,46,0,46
S01010893,16 to 24,38,0,38
S01010893,25 to 34,66,0,66
S01010893,35 to 49,109,2,107
S01010893,50 to 64,117,2,115
S01010893,65 and over,135,1,134
S01010894,All people aged 3 and over,650,8,642
S01010894,3 to 15,71,0,71
S01010894,16 to 24,70,2,68
S01010894,25 to 34,148,2,146
S01010894,35 to 49,110,1,109
S01010894,50 to 64,83,0,83
S01010894,65 and over,168,3,165
S01010895,All people aged 3 and over,400,0,400
S01010895,3 to 15,42,0,42
S01010895,16 to 24,47,0,47
S01010895,25 to 34,54,0,54
S01010895,35 to 49,77,0,77
S01010895,50 to 64,103,0,103
S01010895,65 and over,77,0,77
S01010896,All people aged 3 and over,648,3,645
S01010896,3 to 15,80,0,80
S01010896,16 to 24,88,1,87
S01010896,25 to 34,69,0,69
S01010896,35 to 49,140,0,140
S01010896,50 to 64,155,2,153
S01010896,65 and over,116,0,116
S01010897,All people aged 3 and over,808,4,804
S01010897,3 to 15,138,0,138
S01010897,16 to 24,110,2,108
S01010897,25 to 34,93,0,93
S01010897,35 to 49,180,2,178
S01010897,50 to 64,182,0,182
S01010897,65 and over,105,0,105
S01010898,All people aged 3 and over,586,2,584
S01010898,3 to 15,81,0,81
S01010898,16 to 24,93,0,93
S01010898,25 to 34,65,1,64
S01010898,35 to 49,143,1,142
S01010898,50 to 64,124,0,124
S01010898,65 and over,80,0,80
S01010899,All people aged 3 and over,564,3,561
S01010899,3 to 15,86,1,85
S01010899,16 to 24,81,0,81
S01010899,25 to 34,90,0,90
S01010899,35 to 49,149,2,147
S01010899,50 to 64,102,0,102
S01010899,65 and over,56,0,56
S01010900,All people aged 3 and over,645,3,642
S01010900,3 to 15,137,0,137
S01010900,16 to 24,84,2,82
S01010900,25 to 34,117,0,117
S01010900,35 to 49,150,0,150
S01010900,50 to 64,95,1,94
S01010900,65 and over,62,0,62
S01010901,All people aged 3 and over,452,0,452
S01010901,3 to 15,101,0,101
S01010901,16 to 24,51,0,51
S01010901,25 to 34,59,0,59
S01010901,35 to 49,104,0,104
S01010901,50 to 64,79,0,79
S01010901,65 and over,58,0,58
S01010902,All people aged 3 and over,935,8,927
S01010902,3 to 15,110,2,108
S01010902,16 to 24,99,2,97
S01010902,25 to 34,111,0,111
S01010902,35 to 49,215,0,215
S01010902,50 to 64,200,0,200
S01010902,65 and over,200,4,196
S01010903,All people aged 3 and over,768,3,765
S01010903,3 to 15,101,1,100
S01010903,16 to 24,95,0,95
S01010903,25 to 34,89,1,88
S01010903,35 to 49,162,0,162
S01010903,50 to 64,162,1,161
S01010903,65 and over,159,0,159
S01010904,All people aged 3 and over,525,4,521
S01010904,3 to 15,79,0,79
S01010904,16 to 24,82,1,81
S01010904,25 to 34,51,1,50
S01010904,35 to 49,154,1,153
S01010904,50 to 64,104,1,103
S01010904,65 and over,55,0,55
S01010905,All people aged 3 and over,612,2,610
S01010905,3 to 15,110,1,109
S01010905,16 to 24,90,0,90
S01010905,25 to 34,129,0,129
S01010905,35 to 49,147,1,146
S01010905,50 to 64,91,0,91
S01010905,65 and over,45,0,45
S01010906,All people aged 3 and over,922,6,916
S01010906,3 to 15,176,1,175
S01010906,16 to 24,127,1,126
S01010906,25 to 34,146,2,144
S01010906,35 to 49,235,1,234
S01010906,50 to 64,181,0,181
S01010906,65 and over,57,1,56
S01010907,All people aged 3 and over,480,2,478
S01010907,3 to 15,86,0,86
S01010907,16 to 24,49,0,49
S01010907,25 to 34,119,0,119
S01010907,35 to 49,146,2,144
S01010907,50 to 64,59,0,59
S01010907,65 and over,21,0,21
S01010908,All people aged 3 and over,594,4,590
S01010908,3 to 15,82,2,80
S01010908,16 to 24,66,0,66
S01010908,25 to 34,70,0,70
S01010908,35 to 49,119,1,118
S01010908,50 to 64,147,0,147
S01010908,65 and over,110,1,109
S01010909,All people aged 3 and over,701,1,700
S01010909,3 to 15,85,0,85
S01010909,16 to 24,97,0,97
S01010909,25 to 34,66,0,66
S01010909,35 to 49,149,0,149
S01010909,50 to 64,159,0,159
S01010909,65 and over,145,1,144
S01010910,All people aged 3 and over,472,0,472
S01010910,3 to 15,67,0,67
S01010910,16 to 24,64,0,64
S01010910,25 to 34,77,0,77
S01010910,35 to 49,113,0,113
S01010910,50 to 64,94,0,94
S01010910,65 and over,57,0,57
S01010911,All people aged 3 and over,524,2,522
S01010911,3 to 15,29,0,29
S01010911,16 to 24,38,0,38
S01010911,25 to 34,54,0,54
S01010911,35 to 49,89,2,87
S01010911,50 to 64,144,0,144
S01010911,65 and over,170,0,170
S01010912,All people aged 3 and over,659,2,657
S01010912,3 to 15,66,0,66
S01010912,16 to 24,66,0,66
S01010912,25 to 34,74,1,73
S01010912,35 to 49,112,0,112
S01010912,50 to 64,148,0,148
S01010912,65 and over,193,1,192
S01010913,All people aged 3 and over,618,3,615
S01010913,3 to 15,81,1,80
S01010913,16 to 24,74,0,74
S01010913,25 to 34,78,0,78
S01010913,35 to 49,149,1,148
S01010913,50 to 64,156,1,155
S01010913,65 and over,80,0,80
S01010914,All people aged 3 and over,646,4,642
S01010914,3 to 15,107,0,107
S01010914,16 to 24,99,1,98
S01010914,25 to 34,80,0,80
S01010914,35 to 49,152,1,151
S01010914,50 to 64,148,1,147
S01010914,65 and over,60,1,59
S01010915,All people aged 3 and over,714,1,713
S01010915,3 to 15,122,0,122
S01010915,16 to 24,90,0,90
S01010915,25 to 34,110,0,110
S01010915,35 to 49,147,1,146
S01010915,50 to 64,180,0,180
S01010915,65 and over,65,0,65
S01010916,All people aged 3 and over,553,1,552
S01010916,3 to 15,67,0,67
S01010916,16 to 24,74,0,74
S01010916,25 to 34,81,0,81
S01010916,35 to 49,131,1,130
S01010916,50 to 64,114,0,114
S01010916,65 and over,86,0,86
S01010917,All people aged 3 and over,690,3,687
S01010917,3 to 15,70,0,70
S01010917,16 to 24,74,0,74
S01010917,25 to 34,79,0,79
S01010917,35 to 49,147,0,147
S01010917,50 to 64,170,2,168
S01010917,65 and over,150,1,149
S01010918,All people aged 3 and over,711,2,709
S01010918,3 to 15,99,0,99
S01010918,16 to 24,85,0,85
S01010918,25 to 34,76,0,76
S01010918,35 to 49,144,1,143
S01010918,50 to 64,123,0,123
S01010918,65 and over,184,1,183
S01010919,All people aged 3 and over,766,3,763
S01010919,3 to 15,108,0,108
S01010919,16 to 24,101,0,101
S01010919,25 to 34,97,1,96
S01010919,35 to 49,160,2,158
S01010919,50 to 64,158,0,158
S01010919,65 and over,142,0,142
S01010920,All people aged 3 and over,570,2,568
S01010920,3 to 15,118,0,118
S01010920,16 to 24,81,0,81
S01010920,25 to 34,71,0,71
S01010920,35 to 49,144,1,143
S01010920,50 to 64,106,1,105
S01010920,65 and over,50,0,50
S01010921,All people aged 3 and over,613,1,612
S01010921,3 to 15,92,0,92
S01010921,16 to 24,72,0,72
S01010921,25 to 34,79,0,79
S01010921,35 to 49,137,0,137
S01010921,50 to 64,144,1,143
S01010921,65 and over,89,0,89
S01010922,All people aged 3 and over,841,4,837
S01010922,3 to 15,120,0,120
S01010922,16 to 24,118,1,117
S01010922,25 to 34,81,0,81
S01010922,35 to 49,144,1,143
S01010922,50 to 64,194,2,192
S01010922,65 and over,184,0,184
S01010923,All people aged 3 and over,857,7,850
S01010923,3 to 15,128,0,128
S01010923,16 to 24,88,0,88
S01010923,25 to 34,111,0,111
S01010923,35 to 49,188,4,184
S01010923,50 to 64,191,2,189
S01010923,65 and over,151,1,150
S01010924,All people aged 3 and over,597,0,597
S01010924,3 to 15,85,0,85
S01010924,16 to 24,70,0,70
S01010924,25 to 34,52,0,52
S01010924,35 to 49,130,0,130
S01010924,50 to 64,147,0,147
S01010924,65 and over,113,0,113
S01010925,All people aged 3 and over,822,3,819
S01010925,3 to 15,144,0,144
S01010925,16 to 24,105,0,105
S01010925,25 to 34,89,0,89
S01010925,35 to 49,182,0,182
S01010925,50 to 64,128,1,127
S01010925,65 and over,174,2,172
S01010926,All people aged 3 and over,762,1,761
S01010926,3 to 15,113,0,113
S01010926,16 to 24,100,0,100
S01010926,25 to 34,86,0,86
S01010926,35 to 49,140,1,139
S01010926,50 to 64,193,0,193
S01010926,65 and over,130,0,130
S01010927,All people aged 3 and over,560,2,558
S01010927,3 to 15,99,0,99
S01010927,16 to 24,39,0,39
S01010927,25 to 34,79,1,78
S01010927,35 to 49,118,1,117
S01010927,50 to 64,132,0,132
S01010927,65 and over,93,0,93
S01010928,All people aged 3 and over,705,7,698
S01010928,3 to 15,144,0,144
S01010928,16 to 24,81,0,81
S01010928,25 to 34,106,4,102
S01010928,35 to 49,145,2,143
S01010928,50 to 64,134,1,133
S01010928,65 and over,95,0,95
S01010929,All people aged 3 and over,643,1,642
S01010929,3 to 15,127,0,127
S01010929,16 to 24,86,0,86
S01010929,25 to 34,67,0,67
S01010929,35 to 49,142,1,141
S01010929,50 to 64,142,0,142
S01010929,65 and over,79,0,79
S01010930,All people aged 3 and over,852,10,842
S01010930,3 to 15,140,2,138
S01010930,16 to 24,58,0,58
S01010930,25 to 34,105,0,105
S01010930,35 to 49,264,6,258
S01010930,50 to 64,169,2,167
S01010930,65 and over,116,0,116
S01010931,All people aged 3 and over,417,4,413
S01010931,3 to 15,45,0,45
S01010931,16 to 24,31,0,31
S01010931,25 to 34,28,0,28
S01010931,35 to 49,114,1,113
S01010931,50 to 64,110,2,108
S01010931,65 and over,89,1,88
S01010932,All people aged 3 and over,541,3,538
S01010932,3 to 15,73,0,73
S01010932,16 to 24,40,0,40
S01010932,25 to 34,65,0,65
S01010932,35 to 49,128,2,126
S01010932,50 to 64,134,1,133
S01010932,65 and over,101,0,101
S01010933,All people aged 3 and over,704,6,698
S01010933,3 to 15,128,1,127
S01010933,16 to 24,54,0,54
S01010933,25 to 34,70,0,70
S01010933,35 to 49,226,2,224
S01010933,50 to 64,153,1,152
S01010933,65 and over,73,2,71
S01010934,All people aged 3 and over,1001,11,990
S01010934,3 to 15,166,0,166
S01010934,16 to 24,98,2,96
S01010934,25 to 34,101,0,101
S01010934,35 to 49,235,4,231
S01010934,50 to 64,244,2,242
S01010934,65 and over,157,3,154
S01010935,All people aged 3 and over,644,5,639
S01010935,3 to 15,69,1,68
S01010935,16 to 24,54,0,54
S01010935,25 to 34,46,0,46
S01010935,35 to 49,100,3,97
S01010935,50 to 64,155,1,154
S01010935,65 and over,220,0,220
S01010936,All people aged 3 and over,669,6,663
S01010936,3 to 15,42,0,42
S01010936,16 to 24,65,1,64
S01010936,25 to 34,96,1,95
S01010936,35 to 49,135,1,134
S01010936,50 to 64,147,2,145
S01010936,65 and over,184,1,183
S01010937,All people aged 3 and over,709,7,702
S01010937,3 to 15,82,0,82
S01010937,16 to 24,91,1,90
S01010937,25 to 34,58,0,58
S01010937,35 to 49,155,1,154
S01010937,50 to 64,208,1,207
S01010937,65 and over,115,4,111
S01010938,All people aged 3 and over,788,5,783
S01010938,3 to 15,152,0,152
S01010938,16 to 24,85,0,85
S01010938,25 to 34,99,2,97
S01010938,35 to 49,178,2,176
S01010938,50 to 64,142,0,142
S01010938,65 and over,132,1,131
S01010939,All people aged 3 and over,501,3,498
S01010939,3 to 15,80,0,80
S01010939,16 to 24,67,2,65
S01010939,25 to 34,59,0,59
S01010939,35 to 49,94,0,94
S01010939,50 to 64,140,1,139
S01010939,65 and over,61,0,61
S01010940,All people aged 3 and over,674,5,669
S01010940,3 to 15,87,0,87
S01010940,16 to 24,75,0,75
S01010940,25 to 34,45,0,45
S01010940,35 to 49,118,2,116
S01010940,50 to 64,190,0,190
S01010940,65 and over,159,3,156
S01010941,All people aged 3 and over,843,8,835
S01010941,3 to 15,127,0,127
S01010941,16 to 24,103,0,103
S01010941,25 to 34,60,0,60
S01010941,35 to 49,180,3,177
S01010941,50 to 64,220,3,217
S01010941,65 and over,153,2,151
S01010942,All people aged 3 and over,631,5,626
S01010942,3 to 15,68,0,68
S01010942,16 to 24,62,0,62
S01010942,25 to 34,51,1,50
S01010942,35 to 49,119,1,118
S01010942,50 to 64,185,2,183
S01010942,65 and over,146,1,145
S01010943,All people aged 3 and over,600,1,599
S01010943,3 to 15,114,0,114
S01010943,16 to 24,78,0,78
S01010943,25 to 34,93,0,93
S01010943,35 to 49,120,0,120
S01010943,50 to 64,128,0,128
S01010943,65 and over,67,1,66
S01010944,All people aged 3 and over,613,3,610
S01010944,3 to 15,88,0,88
S01010944,16 to 24,64,1,63
S01010944,25 to 34,91,1,90
S01010944,35 to 49,92,0,92
S01010944,50 to 64,118,0,118
S01010944,65 and over,160,1,159
S01010945,All people aged 3 and over,525,7,518
S01010945,3 to 15,84,1,83
S01010945,16 to 24,50,0,50
S01010945,25 to 34,65,1,64
S01010945,35 to 49,109,1,108
S01010945,50 to 64,132,4,128
S01010945,65 and over,85,0,85
S01010946,All people aged 3 and over,792,4,788
S01010946,3 to 15,110,0,110
S01010946,16 to 24,94,0,94
S01010946,25 to 34,92,0,92
S01010946,35 to 49,178,1,177
S01010946,50 to 64,163,3,160
S01010946,65 and over,155,0,155
S01010947,All people aged 3 and over,520,3,517
S01010947,3 to 15,80,1,79
S01010947,16 to 24,66,0,66
S01010947,25 to 34,52,0,52
S01010947,35 to 49,109,0,109
S01010947,50 to 64,121,1,120
S01010947,65 and over,92,1,91
S01010948,All people aged 3 and over,655,5,650
S01010948,3 to 15,102,0,102
S01010948,16 to 24,58,0,58
S01010948,25 to 34,82,0,82
S01010948,35 to 49,154,1,153
S01010948,50 to 64,145,2,143
S01010948,65 and over,114,2,112
S01010949,All people aged 3 and over,980,4,976
S01010949,3 to 15,148,0,148
S01010949,16 to 24,107,0,107
S01010949,25 to 34,73,0,73
S01010949,35 to 49,193,1,192
S01010949,50 to 64,261,2,259
S01010949,65 and over,198,1,197
S01010950,All people aged 3 and over,819,10,809
S01010950,3 to 15,124,0,124
S01010950,16 to 24,76,0,76
S01010950,25 to 34,95,4,91
S01010950,35 to 49,181,1,180
S01010950,50 to 64,147,1,146
S01010950,65 and over,196,4,192
S01010951,All people aged 3 and over,600,2,598
S01010951,3 to 15,93,1,92
S01010951,16 to 24,73,0,73
S01010951,25 to 34,59,1,58
S01010951,35 to 49,153,0,153
S01010951,50 to 64,115,0,115
S01010951,65 and over,107,0,107
S01010952,All people aged 3 and over,523,3,520
S01010952,3 to 15,113,0,113
S01010952,16 to 24,61,0,61
S01010952,25 to 34,62,0,62
S01010952,35 to 49,130,3,127
S01010952,50 to 64,108,0,108
S01010952,65 and over,49,0,49
S01010953,All people aged 3 and over,541,1,540
S01010953,3 to 15,74,0,74
S01010953,16 to 24,78,0,78
S01010953,25 to 34,75,1,74
S01010953,35 to 49,119,0,119
S01010953,50 to 64,121,0,121
S01010953,65 and over,74,0,74
S01010954,All people aged 3 and over,596,1,595
S01010954,3 to 15,68,0,68
S01010954,16 to 24,123,0,123
S01010954,25 to 34,95,0,95
S01010954,35 to 49,113,0,113
S01010954,50 to 64,144,1,143
S01010954,65 and over,53,0,53
S01010955,All people aged 3 and over,954,6,948
S01010955,3 to 15,234,1,233
S01010955,16 to 24,107,0,107
S01010955,25 to 34,164,4,160
S01010955,35 to 49,214,1,213
S01010955,50 to 64,159,0,159
S01010955,65 and over,76,0,76
S01010956,All people aged 3 and over,671,8,663
S01010956,3 to 15,96,1,95
S01010956,16 to 24,54,0,54
S01010956,25 to 34,77,2,75
S01010956,35 to 49,171,3,168
S01010956,50 to 64,176,1,175
S01010956,65 and over,97,1,96
S01010957,All people aged 3 and over,563,4,559
S01010957,3 to 15,90,1,89
S01010957,16 to 24,44,0,44
S01010957,25 to 34,47,0,47
S01010957,35 to 49,126,0,126
S01010957,50 to 64,148,2,146
S01010957,65 and over,108,1,107
S01010958,All people aged 3 and over,471,1,470
S01010958,3 to 15,47,0,47
S01010958,16 to 24,41,0,41
S01010958,25 to 34,41,0,41
S01010958,35 to 49,75,1,74
S01010958,50 to 64,121,0,121
S01010958,65 and over,146,0,146
S01010959,All people aged 3 and over,569,9,560
S01010959,3 to 15,83,0,83
S01010959,16 to 24,60,2,58
S01010959,25 to 34,69,2,67
S01010959,35 to 49,144,4,140
S01010959,50 to 64,111,1,110
S01010959,65 and over,102,0,102
S01010960,All people aged 3 and over,1077,9,1068
S01010960,3 to 15,201,0,201
S01010960,16 to 24,118,0,118
S01010960,25 to 34,124,3,121
S01010960,35 to 49,253,1,252
S01010960,50 to 64,235,4,231
S01010960,65 and over,146,1,145
S01010961,All people aged 3 and over,544,1,543
S01010961,3 to 15,72,0,72
S01010961,16 to 24,72,0,72
S01010961,25 to 34,55,0,55
S01010961,35 to 49,108,0,108
S01010961,50 to 64,117,1,116
S01010961,65 and over,120,0,120
S01010962,All people aged 3 and over,525,5,520
S01010962,3 to 15,17,0,17
S01010962,16 to 24,27,0,27
S01010962,25 to 34,33,0,33
S01010962,35 to 49,82,1,81
S01010962,50 to 64,212,1,211
S01010962,65 and over,154,3,151
S01010963,All people aged 3 and over,922,10,912
S01010963,3 to 15,156,0,156
S01010963,16 to 24,98,2,96
S01010963,25 to 34,90,2,88
S01010963,35 to 49,258,3,255
S01010963,50 to 64,174,2,172
S01010963,65 and over,146,1,145
S01010964,All people aged 3 and over,510,5,505
S01010964,3 to 15,66,0,66
S01010964,16 to 24,44,1,43
S01010964,25 to 34,42,1,41
S01010964,35 to 49,98,0,98
S01010964,50 to 64,135,2,133
S01010964,65 and over,125,1,124
S01010965,All people aged 3 and over,493,2,491
S01010965,3 to 15,74,0,74
S01010965,16 to 24,69,0,69
S01010965,25 to 34,65,0,65
S01010965,35 to 49,106,1,105
S01010965,50 to 64,115,0,115
S01010965,65 and over,64,1,63
S01010966,All people aged 3 and over,671,4,667
S01010966,3 to 15,89,1,88
S01010966,16 to 24,79,0,79
S01010966,25 to 34,73,0,73
S01010966,35 to 49,145,3,142
S01010966,50 to 64,148,0,148
S01010966,65 and over,137,0,137
S01010967,All people aged 3 and over,664,4,660
S01010967,3 to 15,112,1,111
S01010967,16 to 24,91,1,90
S01010967,25 to 34,87,1,86
S01010967,35 to 49,160,0,160
S01010967,50 to 64,110,0,110
S01010967,65 and over,104,1,103
S01010968,All people aged 3 and over,697,10,687
S01010968,3 to 15,94,0,94
S01010968,16 to 24,59,0,59
S01010968,25 to 34,72,2,70
S01010968,35 to 49,158,4,154
S01010968,50 to 64,146,3,143
S01010968,65 and over,168,1,167
S01010969,All people aged 3 and over,606,5,601
S01010969,3 to 15,61,0,61
S01010969,16 to 24,54,1,53
S01010969,25 to 34,47,0,47
S01010969,35 to 49,95,1,94
S01010969,50 to 64,166,3,163
S01010969,65 and over,183,0,183
S01010970,All people aged 3 and over,928,5,923
S01010970,3 to 15,138,1,137
S01010970,16 to 24,107,0,107
S01010970,25 to 34,82,1,81
S01010970,35 to 49,211,3,208
S01010970,50 to 64,212,0,212
S01010970,65 and over,178,0,178
S01010971,All people aged 3 and over,1015,12,1003
S01010971,3 to 15,190,2,188
S01010971,16 to 24,132,1,131
S01010971,25 to 34,95,0,95
S01010971,35 to 49,245,5,240
S01010971,50 to 64,218,3,215
S01010971,65 and over,135,1,134
S01010972,All people aged 3 and over,818,2,816
S01010972,3 to 15,175,0,175
S01010972,16 to 24,130,0,130
S01010972,25 to 34,120,2,118
S01010972,35 to 49,147,0,147
S01010972,50 to 64,149,0,149
S01010972,65 and over,97,0,97
S01010973,All people aged 3 and over,482,0,482
S01010973,3 to 15,63,0,63
S01010973,16 to 24,63,0,63
S01010973,25 to 34,30,0,30
S01010973,35 to 49,103,0,103
S01010973,50 to 64,116,0,116
S01010973,65 and over,107,0,107
S01010974,All people aged 3 and over,678,8,670
S01010974,3 to 15,85,0,85
S01010974,16 to 24,76,1,75
S01010974,25 to 34,67,0,67
S01010974,35 to 49,128,1,127
S01010974,50 to 64,176,3,173
S01010974,65 and over,146,3,143
S01010975,All people aged 3 and over,473,3,470
S01010975,3 to 15,93,0,93
S01010975,16 to 24,58,0,58
S01010975,25 to 34,53,1,52
S01010975,35 to 49,114,1,113
S01010975,50 to 64,74,0,74
S01010975,65 and over,81,1,80
S01010976,All people aged 3 and over,539,3,536
S01010976,3 to 15,62,0,62
S01010976,16 to 24,59,0,59
S01010976,25 to 34,63,0,63
S01010976,35 to 49,115,0,115
S01010976,50 to 64,103,1,102
S01010976,65 and over,137,2,135
S01010977,All people aged 3 and over,717,5,712
S01010977,3 to 15,113,0,113
S01010977,16 to 24,101,0,101
S01010977,25 to 34,48,0,48
S01010977,35 to 49,171,2,169
S01010977,50 to 64,145,2,143
S01010977,65 and over,139,1,138
S01010978,All people aged 3 and over,710,7,703
S01010978,3 to 15,111,1,110
S01010978,16 to 24,95,1,94
S01010978,25 to 34,96,2,94
S01010978,35 to 49,131,1,130
S01010978,50 to 64,143,0,143
S01010978,65 and over,134,2,132
S01010979,All people aged 3 and over,799,14,785
S01010979,3 to 15,148,2,146
S01010979,16 to 24,110,1,109
S01010979,25 to 34,101,1,100
S01010979,35 to 49,177,7,170
S01010979,50 to 64,142,0,142
S01010979,65 and over,121,3,118
S01010980,All people aged 3 and over,705,0,705
S01010980,3 to 15,104,0,104
S01010980,16 to 24,85,0,85
S01010980,25 to 34,72,0,72
S01010980,35 to 49,140,0,140
S01010980,50 to 64,164,0,164
S01010980,65 and over,140,0,140
S01010981,All people aged 3 and over,717,13,704
S01010981,3 to 15,105,3,102
S01010981,16 to 24,71,2,69
S01010981,25 to 34,78,0,78
S01010981,35 to 49,130,4,126
S01010981,50 to 64,173,1,172
S01010981,65 and over,160,3,157
S01010982,All people aged 3 and over,1186,18,1168
S01010982,3 to 15,137,0,137
S01010982,16 to 24,78,0,78
S01010982,25 to 34,106,1,105
S01010982,35 to 49,216,5,211
S01010982,50 to 64,361,7,354
S01010982,65 and over,288,5,283
S01010983,All people aged 3 and over,756,3,753
S01010983,3 to 15,91,1,90
S01010983,16 to 24,62,0,62
S01010983,25 to 34,69,0,69
S01010983,35 to 49,177,0,177
S01010983,50 to 64,172,2,170
S01010983,65 and over,185,0,185
S01010984,All people aged 3 and over,650,2,648
S01010984,3 to 15,72,0,72
S01010984,16 to 24,44,0,44
S01010984,25 to 34,41,0,41
S01010984,35 to 49,125,1,124
S01010984,50 to 64,159,0,159
S01010984,65 and over,209,1,208
S01010985,All people aged 3 and over,611,5,606
S01010985,3 to 15,108,0,108
S01010985,16 to 24,79,0,79
S01010985,25 to 34,62,0,62
S01010985,35 to 49,137,2,135
S01010985,50 to 64,108,2,106
S01010985,65 and over,117,1,116
S01010986,All people aged 3 and over,505,2,503
S01010986,3 to 15,108,0,108
S01010986,16 to 24,54,0,54
S01010986,25 to 34,71,1,70
S01010986,35 to 49,146,1,145
S01010986,50 to 64,83,0,83
S01010986,65 and over,43,0,43
S01010987,All people aged 3 and over,641,2,639
S01010987,3 to 15,188,1,187
S01010987,16 to 24,48,0,48
S01010987,25 to 34,41,0,41
S01010987,35 to 49,233,0,233
S01010987,50 to 64,89,1,88
S01010987,65 and over,42,0,42
S01010988,All people aged 3 and over,604,3,601
S01010988,3 to 15,154,0,154
S01010988,16 to 24,67,1,66
S01010988,25 to 34,52,1,51
S01010988,35 to 49,206,0,206
S01010988,50 to 64,95,1,94
S01010988,65 and over,30,0,30
S01010989,All people aged 3 and over,828,0,828
S01010989,3 to 15,136,0,136
S01010989,16 to 24,104,0,104
S01010989,25 to 34,279,0,279
S01010989,35 to 49,230,0,230
S01010989,50 to 64,66,0,66
S01010989,65 and over,13,0,13
S01010990,All people aged 3 and over,777,4,773
S01010990,3 to 15,141,0,141
S01010990,16 to 24,79,0,79
S01010990,25 to 34,81,1,80
S01010990,35 to 49,172,0,172
S01010990,50 to 64,165,2,163
S01010990,65 and over,139,1,138
S01010991,All people aged 3 and over,514,1,513
S01010991,3 to 15,79,0,79
S01010991,16 to 24,62,0,62
S01010991,25 to 34,55,0,55
S01010991,35 to 49,122,0,122
S01010991,50 to 64,122,1,121
S01010991,65 and over,74,0,74
S01010992,All people aged 3 and over,558,1,557
S01010992,3 to 15,156,0,156
S01010992,16 to 24,43,0,43
S01010992,25 to 34,55,0,55
S01010992,35 to 49,228,1,227
S01010992,50 to 64,61,0,61
S01010992,65 and over,15,0,15
S01010993,All people aged 3 and over,620,4,616
S01010993,3 to 15,112,1,111
S01010993,16 to 24,56,2,54
S01010993,25 to 34,51,0,51
S01010993,35 to 49,166,0,166
S01010993,50 to 64,143,0,143
S01010993,65 and over,92,1,91
S01010994,All people aged 3 and over,1069,9,1060
S01010994,3 to 15,173,0,173
S01010994,16 to 24,77,1,76
S01010994,25 to 34,129,2,127
S01010994,35 to 49,267,0,267
S01010994,50 to 64,208,2,206
S01010994,65 and over,215,4,211
S01010995,All people aged 3 and over,702,1,701
S01010995,3 to 15,94,0,94
S01010995,16 to 24,72,0,72
S01010995,25 to 34,60,0,60
S01010995,35 to 49,133,1,132
S01010995,50 to 64,242,0,242
S01010995,65 and over,101,0,101
S01010996,All people aged 3 and over,589,4,585
S01010996,3 to 15,75,2,73
S01010996,16 to 24,49,0,49
S01010996,25 to 34,44,0,44
S01010996,35 to 49,144,0,144
S01010996,50 to 64,143,1,142
S01010996,65 and over,134,1,133
S01010997,All people aged 3 and over,622,7,615
S01010997,3 to 15,61,1,60
S01010997,16 to 24,49,0,49
S01010997,25 to 34,25,0,25
S01010997,35 to 49,109,3,106
S01010997,50 to 64,193,2,191
S01010997,65 and over,185,1,184
S01010998,All people aged 3 and over,599,6,593
S01010998,3 to 15,104,0,104
S01010998,16 to 24,59,0,59
S01010998,25 to 34,27,1,26
S01010998,35 to 49,141,2,139
S01010998,50 to 64,140,3,137
S01010998,65 and over,128,0,128
S01010999,All people aged 3 and over,876,2,874
S01010999,3 to 15,130,0,130
S01010999,16 to 24,55,0,55
S01010999,25 to 34,73,0,73
S01010999,35 to 49,179,0,179
S01010999,50 to 64,182,0,182
S01010999,65 and over,257,2,255
S01011000,All people aged 3 and over,819,8,811
S01011000,3 to 15,139,0,139
S01011000,16 to 24,73,0,73
S01011000,25 to 34,80,3,77
S01011000,35 to 49,206,2,204
S01011000,50 to 64,202,2,200
S01011000,65 and over,119,1,118
S01011001,All people aged 3 and over,632,5,627
S01011001,3 to 15,98,0,98
S01011001,16 to 24,65,1,64
S01011001,25 to 34,64,0,64
S01011001,35 to 49,126,3,123
S01011001,50 to 64,150,0,150
S01011001,65 and over,129,1,128
S01011002,All people aged 3 and over,689,8,681
S01011002,3 to 15,95,0,95
S01011002,16 to 24,59,1,58
S01011002,25 to 34,72,0,72
S01011002,35 to 49,151,2,149
S01011002,50 to 64,163,3,160
S01011002,65 and over,149,2,147
S01011003,All people aged 3 and over,663,4,659
S01011003,3 to 15,110,0,110
S01011003,16 to 24,84,1,83
S01011003,25 to 34,71,0,71
S01011003,35 to 49,141,0,141
S01011003,50 to 64,141,2,139
S01011003,65 and over,116,1,115
S01011004,All people aged 3 and over,600,2,598
S01011004,3 to 15,114,0,114
S01011004,16 to 24,53,0,53
S01011004,25 to 34,62,0,62
S01011004,35 to 49,158,0,158
S01011004,50 to 64,129,1,128
S01011004,65 and over,84,1,83
S01011005,All people aged 3 and over,639,0,639
S01011005,3 to 15,83,0,83
S01011005,16 to 24,66,0,66
S01011005,25 to 34,101,0,101
S01011005,35 to 49,118,0,118
S01011005,50 to 64,141,0,141
S01011005,65 and over,130,0,130
S01011006,All people aged 3 and over,959,5,954
S01011006,3 to 15,155,0,155
S01011006,16 to 24,112,0,112
S01011006,25 to 34,179,1,178
S01011006,35 to 49,219,3,216
S01011006,50 to 64,161,0,161
S01011006,65 and over,133,1,132
S01011007,All people aged 3 and over,667,0,667
S01011007,3 to 15,125,0,125
S01011007,16 to 24,71,0,71
S01011007,25 to 34,64,0,64
S01011007,35 to 49,138,0,138
S01011007,50 to 64,144,0,144
S01011007,65 and over,125,0,125
S01011008,All people aged 3 and over,758,1,757
S01011008,3 to 15,105,0,105
S01011008,16 to 24,73,0,73
S01011008,25 to 34,75,0,75
S01011008,35 to 49,165,0,165
S01011008,50 to 64,180,1,179
S01011008,65 and over,160,0,160
S01011009,All people aged 3 and over,497,1,496
S01011009,3 to 15,81,0,81
S01011009,16 to 24,61,0,61
S01011009,25 to 34,54,0,54
S01011009,35 to 49,124,0,124
S01011009,50 to 64,127,0,127
S01011009,65 and over,50,1,49
S01011010,All people aged 3 and over,551,4,547
S01011010,3 to 15,41,0,41
S01011010,16 to 24,62,3,59
S01011010,25 to 34,94,1,93
S01011010,35 to 49,141,0,141
S01011010,50 to 64,104,0,104
S01011010,65 and over,109,0,109
S01011011,All people aged 3 and over,739,7,732
S01011011,3 to 15,76,1,75
S01011011,16 to 24,99,1,98
S01011011,25 to 34,119,0,119
S01011011,35 to 49,152,2,150
S01011011,50 to 64,148,2,146
S01011011,65 and over,145,1,144
S01011012,All people aged 3 and over,679,6,673
S01011012,3 to 15,139,0,139
S01011012,16 to 24,110,2,108
S01011012,25 to 34,91,2,89
S01011012,35 to 49,145,1,144
S01011012,50 to 64,112,0,112
S01011012,65 and over,82,1,81
S01011013,All people aged 3 and over,777,5,772
S01011013,3 to 15,109,0,109
S01011013,16 to 24,75,0,75
S01011013,25 to 34,74,0,74
S01011013,35 to 49,167,3,164
S01011013,50 to 64,166,2,164
S01011013,65 and over,186,0,186
S01011014,All people aged 3 and over,791,2,789
S01011014,3 to 15,100,0,100
S01011014,16 to 24,102,0,102
S01011014,25 to 34,83,0,83
S01011014,35 to 49,175,0,175
S01011014,50 to 64,231,2,229
S01011014,65 and over,100,0,100
S01011015,All people aged 3 and over,431,3,428
S01011015,3 to 15,51,0,51
S01011015,16 to 24,55,0,55
S01011015,25 to 34,30,0,30
S01011015,35 to 49,83,1,82
S01011015,50 to 64,141,1,140
S01011015,65 and over,71,1,70
S01011016,All people aged 3 and over,785,5,780
S01011016,3 to 15,153,0,153
S01011016,16 to 24,97,1,96
S01011016,25 to 34,156,2,154
S01011016,35 to 49,260,2,258
S01011016,50 to 64,97,0,97
S01011016,65 and over,22,0,22
S01011017,All people aged 3 and over,807,9,798
S01011017,3 to 15,115,3,112
S01011017,16 to 24,71,0,71
S01011017,25 to 34,43,0,43
S01011017,35 to 49,198,2,196
S01011017,50 to 64,216,1,215
S01011017,65 and over,164,3,161
S01011018,All people aged 3 and over,832,7,825
S01011018,3 to 15,123,0,123
S01011018,16 to 24,92,1,91
S01011018,25 to 34,71,0,71
S01011018,35 to 49,205,4,201
S01011018,50 to 64,181,2,179
S01011018,65 and over,160,0,160
S01011019,All people aged 3 and over,982,5,977
S01011019,3 to 15,188,0,188
S01011019,16 to 24,81,0,81
S01011019,25 to 34,152,1,151
S01011019,35 to 49,240,3,237
S01011019,50 to 64,187,0,187
S01011019,65 and over,134,1,133
S01011020,All people aged 3 and over,455,2,453
S01011020,3 to 15,77,0,77
S01011020,16 to 24,20,0,20
S01011020,25 to 34,47,0,47
S01011020,35 to 49,125,1,124
S01011020,50 to 64,119,0,119
S01011020,65 and over,67,1,66
S01011021,All people aged 3 and over,860,9,851
S01011021,3 to 15,141,2,139
S01011021,16 to 24,131,0,131
S01011021,25 to 34,94,0,94
S01011021,35 to 49,171,4,167
S01011021,50 to 64,157,2,155
S01011021,65 and over,166,1,165
S01011022,All people aged 3 and over,564,7,557
S01011022,3 to 15,113,1,112
S01011022,16 to 24,76,0,76
S01011022,25 to 34,72,0,72
S01011022,35 to 49,110,5,105
S01011022,50 to 64,119,1,118
S01011022,65 and over,74,0,74
S01011023,All people aged 3 and over,780,12,768
S01011023,3 to 15,115,2,113
S01011023,16 to 24,98,0,98
S01011023,25 to 34,101,2,99
S01011023,35 to 49,169,1,168
S01011023,50 to 64,183,5,178
S01011023,65 and over,114,2,112
S01011024,All people aged 3 and over,742,5,737
S01011024,3 to 15,156,1,155
S01011024,16 to 24,101,0,101
S01011024,25 to 34,120,1,119
S01011024,35 to 49,162,0,162
S01011024,50 to 64,116,0,116
S01011024,65 and over,87,3,84
S01011025,All people aged 3 and over,654,0,654
S01011025,3 to 15,98,0,98
S01011025,16 to 24,100,0,100
S01011025,25 to 34,96,0,96
S01011025,35 to 49,154,0,154
S01011025,50 to 64,145,0,145
S01011025,65 and over,61,0,61
S01011026,All people aged 3 and over,523,1,522
S01011026,3 to 15,67,0,67
S01011026,16 to 24,75,0,75
S01011026,25 to 34,81,0,81
S01011026,35 to 49,125,1,124
S01011026,50 to 64,117,0,117
S01011026,65 and over,58,0,58
S01011027,All people aged 3 and over,878,7,871
S01011027,3 to 15,172,0,172
S01011027,16 to 24,108,0,108
S01011027,25 to 34,141,1,140
S01011027,35 to 49,179,1,178
S01011027,50 to 64,139,4,135
S01011027,65 and over,139,1,138
S01011028,All people aged 3 and over,922,3,919
S01011028,3 to 15,183,0,183
S01011028,16 to 24,122,0,122
S01011028,25 to 34,134,0,134
S01011028,35 to 49,190,0,190
S01011028,50 to 64,132,1,131
S01011028,65 and over,161,2,159
S01011029,All people aged 3 and over,607,0,607
S01011029,3 to 15,98,0,98
S01011029,16 to 24,82,0,82
S01011029,25 to 34,82,0,82
S01011029,35 to 49,129,0,129
S01011029,50 to 64,121,0,121
S01011029,65 and over,95,0,95
S01011030,All people aged 3 and over,937,4,933
S01011030,3 to 15,139,0,139
S01011030,16 to 24,131,1,130
S01011030,25 to 34,100,0,100
S01011030,35 to 49,259,2,257
S01011030,50 to 64,197,1,196
S01011030,65 and over,111,0,111
S01011031,All people aged 3 and over,698,4,694
S01011031,3 to 15,122,1,121
S01011031,16 to 24,73,0,73
S01011031,25 to 34,78,0,78
S01011031,35 to 49,151,2,149
S01011031,50 to 64,123,1,122
S01011031,65 and over,151,0,151
S01011032,All people aged 3 and over,750,0,750
S01011032,3 to 15,98,0,98
S01011032,16 to 24,107,0,107
S01011032,25 to 34,90,0,90
S01011032,35 to 49,154,0,154
S01011032,50 to 64,167,0,167
S01011032,65 and over,134,0,134
S01011033,All people aged 3 and over,613,5,608
S01011033,3 to 15,89,1,88
S01011033,16 to 24,60,0,60
S01011033,25 to 34,70,2,68
S01011033,35 to 49,172,1,171
S01011033,50 to 64,134,1,133
S01011033,65 and over,88,0,88
S01011034,All people aged 3 and over,641,4,637
S01011034,3 to 15,78,1,77
S01011034,16 to 24,61,1,60
S01011034,25 to 34,56,1,55
S01011034,35 to 49,152,0,152
S01011034,50 to 64,127,0,127
S01011034,65 and over,167,1,166
S01011035,All people aged 3 and over,634,5,629
S01011035,3 to 15,117,0,117
S01011035,16 to 24,93,2,91
S01011035,25 to 34,70,1,69
S01011035,35 to 49,140,0,140
S01011035,50 to 64,158,2,156
S01011035,65 and over,56,0,56
S01011036,All people aged 3 and over,624,3,621
S01011036,3 to 15,83,0,83
S01011036,16 to 24,74,0,74
S01011036,25 to 34,70,0,70
S01011036,35 to 49,160,1,159
S01011036,50 to 64,143,1,142
S01011036,65 and over,94,1,93
S01011037,All people aged 3 and over,903,9,894
S01011037,3 to 15,161,0,161
S01011037,16 to 24,129,0,129
S01011037,25 to 34,155,4,151
S01011037,35 to 49,183,1,182
S01011037,50 to 64,161,4,157
S01011037,65 and over,114,0,114
S01011038,All people aged 3 and over,836,3,833
S01011038,3 to 15,173,0,173
S01011038,16 to 24,110,0,110
S01011038,25 to 34,107,0,107
S01011038,35 to 49,179,1,178
S01011038,50 to 64,169,2,167
S01011038,65 and over,98,0,98
S01011039,All people aged 3 and over,754,5,749
S01011039,3 to 15,78,0,78
S01011039,16 to 24,91,1,90
S01011039,25 to 34,113,1,112
S01011039,35 to 49,170,0,170
S01011039,50 to 64,155,1,154
S01011039,65 and over,147,2,145
S01011040,All people aged 3 and over,718,4,714
S01011040,3 to 15,156,0,156
S01011040,16 to 24,114,2,112
S01011040,25 to 34,74,0,74
S01011040,35 to 49,171,2,169
S01011040,50 to 64,109,0,109
S01011040,65 and over,94,0,94
S01011041,All people aged 3 and over,799,2,797
S01011041,3 to 15,170,0,170
S01011041,16 to 24,110,0,110
S01011041,25 to 34,103,1,102
S01011041,35 to 49,152,0,152
S01011041,50 to 64,102,1,101
S01011041,65 and over,162,0,162
S01011042,All people aged 3 and over,784,3,781
S01011042,3 to 15,142,0,142
S01011042,16 to 24,87,0,87
S01011042,25 to 34,94,1,93
S01011042,35 to 49,222,1,221
S01011042,50 to 64,152,0,152
S01011042,65 and over,87,1,86
S01011043,All people aged 3 and over,683,2,681
S01011043,3 to 15,122,0,122
S01011043,16 to 24,68,0,68
S01011043,25 to 34,76,0,76
S01011043,35 to 49,153,1,152
S01011043,50 to 64,132,1,131
S01011043,65 and over,132,0,132
S01011044,All people aged 3 and over,661,9,652
S01011044,3 to 15,93,0,93
S01011044,16 to 24,96,2,94
S01011044,25 to 34,77,0,77
S01011044,35 to 49,152,3,149
S01011044,50 to 64,139,2,137
S01011044,65 and over,104,2,102
S01011045,All people aged 3 and over,789,20,769
S01011045,3 to 15,145,3,142
S01011045,16 to 24,68,0,68
S01011045,25 to 34,73,4,69
S01011045,35 to 49,173,6,167
S01011045,50 to 64,160,3,157
S01011045,65 and over,170,4,166
S01011046,All people aged 3 and over,831,14,817
S01011046,3 to 15,114,1,113
S01011046,16 to 24,76,0,76
S01011046,25 to 34,59,0,59
S01011046,35 to 49,204,0,204
S01011046,50 to 64,230,3,227
S01011046,65 and over,148,10,138
S01011047,All people aged 3 and over,953,14,939
S01011047,3 to 15,164,4,160
S01011047,16 to 24,77,0,77
S01011047,25 to 34,90,1,89
S01011047,35 to 49,203,3,200
S01011047,50 to 64,226,3,223
S01011047,65 and over,193,3,190
S01011048,All people aged 3 and over,956,6,950
S01011048,3 to 15,151,0,151
S01011048,16 to 24,92,0,92
S01011048,25 to 34,83,0,83
S01011048,35 to 49,218,3,215
S01011048,50 to 64,184,3,181
S01011048,65 and over,228,0,228
S01011049,All people aged 3 and over,661,2,659
S01011049,3 to 15,80,0,80
S01011049,16 to 24,53,0,53
S01011049,25 to 34,55,0,55
S01011049,35 to 49,150,0,150
S01011049,50 to 64,155,1,154
S01011049,65 and over,168,1,167
S01011050,All people aged 3 and over,780,10,770
S01011050,3 to 15,129,1,128
S01011050,16 to 24,73,0,73
S01011050,25 to 34,60,1,59
S01011050,35 to 49,184,4,180
S01011050,50 to 64,186,2,184
S01011050,65 and over,148,2,146
S01011051,All people aged 3 and over,927,12,915
S01011051,3 to 15,147,0,147
S01011051,16 to 24,72,1,71
S01011051,25 to 34,68,2,66
S01011051,35 to 49,225,5,220
S01011051,50 to 64,218,3,215
S01011051,65 and over,197,1,196
S01011052,All people aged 3 and over,831,7,824
S01011052,3 to 15,119,1,118
S01011052,16 to 24,70,1,69
S01011052,25 to 34,72,0,72
S01011052,35 to 49,167,0,167
S01011052,50 to 64,147,1,146
S01011052,65 and over,256,4,252
S01011053,All people aged 3 and over,636,20,616
S01011053,3 to 15,101,1,100
S01011053,16 to 24,62,3,59
S01011053,25 to 34,86,5,81
S01011053,35 to 49,125,5,120
S01011053,50 to 64,137,5,132
S01011053,65 and over,125,1,124
S01011054,All people aged 3 and over,522,6,516
S01011054,3 to 15,80,1,79
S01011054,16 to 24,42,0,42
S01011054,25 to 34,45,0,45
S01011054,35 to 49,116,1,115
S01011054,50 to 64,128,2,126
S01011054,65 and over,111,2,109
S01011055,All people aged 3 and over,555,0,555
S01011055,3 to 15,102,0,102
S01011055,16 to 24,51,0,51
S01011055,25 to 34,41,0,41
S01011055,35 to 49,139,0,139
S01011055,50 to 64,140,0,140
S01011055,65 and over,82,0,82
S01011056,All people aged 3 and over,668,11,657
S01011056,3 to 15,113,0,113
S01011056,16 to 24,61,0,61
S01011056,25 to 34,64,3,61
S01011056,35 to 49,164,1,163
S01011056,50 to 64,147,2,145
S01011056,65 and over,119,5,114
S01011057,All people aged 3 and over,556,3,553
S01011057,3 to 15,81,0,81
S01011057,16 to 24,56,0,56
S01011057,25 to 34,54,0,54
S01011057,35 to 49,126,2,124
S01011057,50 to 64,137,1,136
S01011057,65 and over,102,0,102
S01011058,All people aged 3 and over,623,6,617
S01011058,3 to 15,100,0,100
S01011058,16 to 24,55,1,54
S01011058,25 to 34,52,0,52
S01011058,35 to 49,152,3,149
S01011058,50 to 64,168,0,168
S01011058,65 and over,96,2,94
S01011059,All people aged 3 and over,615,1,614
S01011059,3 to 15,105,0,105
S01011059,16 to 24,60,0,60
S01011059,25 to 34,47,0,47
S01011059,35 to 49,136,1,135
S01011059,50 to 64,177,0,177
S01011059,65 and over,90,0,90
S01011060,All people aged 3 and over,884,10,874
S01011060,3 to 15,104,0,104
S01011060,16 to 24,75,2,73
S01011060,25 to 34,64,1,63
S01011060,35 to 49,163,2,161
S01011060,50 to 64,183,5,178
S01011060,65 and over,295,0,295
S01011061,All people aged 3 and over,815,6,809
S01011061,3 to 15,116,0,116
S01011061,16 to 24,93,0,93
S01011061,25 to 34,95,2,93
S01011061,35 to 49,194,1,193
S01011061,50 to 64,159,3,156
S01011061,65 and over,158,0,158
S01011062,All people aged 3 and over,899,9,890
S01011062,3 to 15,144,0,144
S01011062,16 to 24,106,0,106
S01011062,25 to 34,70,2,68
S01011062,35 to 49,222,3,219
S01011062,50 to 64,191,3,188
S01011062,65 and over,166,1,165
S01011063,All people aged 3 and over,1004,6,998
S01011063,3 to 15,149,0,149
S01011063,16 to 24,108,0,108
S01011063,25 to 34,117,0,117
S01011063,35 to 49,191,2,189
S01011063,50 to 64,200,2,198
S01011063,65 and over,239,2,237
S01011064,All people aged 3 and over,994,16,978
S01011064,3 to 15,134,3,131
S01011064,16 to 24,95,0,95
S01011064,25 to 34,102,3,99
S01011064,35 to 49,189,7,182
S01011064,50 to 64,237,2,235
S01011064,65 and over,237,1,236
S01011065,All people aged 3 and over,708,10,698
S01011065,3 to 15,116,1,115
S01011065,16 to 24,59,0,59
S01011065,25 to 34,55,0,55
S01011065,35 to 49,162,2,160
S01011065,50 to 64,171,5,166
S01011065,65 and over,145,2,143
S01011066,All people aged 3 and over,497,4,493
S01011066,3 to 15,70,0,70
S01011066,16 to 24,32,1,31
S01011066,25 to 34,54,0,54
S01011066,35 to 49,91,0,91
S01011066,50 to 64,119,2,117
S01011066,65 and over,131,1,130
S01011067,All people aged 3 and over,552,5,547
S01011067,3 to 15,74,0,74
S01011067,16 to 24,50,1,49
S01011067,25 to 34,49,0,49
S01011067,35 to 49,94,1,93
S01011067,50 to 64,118,1,117
S01011067,65 and over,167,2,165
S01011068,All people aged 3 and over,515,4,511
S01011068,3 to 15,94,0,94
S01011068,16 to 24,46,1,45
S01011068,25 to 34,45,0,45
S01011068,35 to 49,120,1,119
S01011068,50 to 64,106,0,106
S01011068,65 and over,104,2,102
S01011069,All people aged 3 and over,566,6,560
S01011069,3 to 15,99,0,99
S01011069,16 to 24,51,1,50
S01011069,25 to 34,38,0,38
S01011069,35 to 49,142,4,138
S01011069,50 to 64,110,0,110
S01011069,65 and over,126,1,125
S01011070,All people aged 3 and over,608,1,607
S01011070,3 to 15,98,0,98
S01011070,16 to 24,47,0,47
S01011070,25 to 34,75,0,75
S01011070,35 to 49,110,0,110
S01011070,50 to 64,156,0,156
S01011070,65 and over,122,1,121
S01011071,All people aged 3 and over,817,13,804
S01011071,3 to 15,91,0,91
S01011071,16 to 24,94,2,92
S01011071,25 to 34,69,0,69
S01011071,35 to 49,149,3,146
S01011071,50 to 64,212,2,210
S01011071,65 and over,202,6,196
S01011072,All people aged 3 and over,955,4,951
S01011072,3 to 15,154,0,154
S01011072,16 to 24,105,0,105
S01011072,25 to 34,109,3,106
S01011072,35 to 49,214,0,214
S01011072,50 to 64,227,1,226
S01011072,65 and over,146,0,146
S01011073,All people aged 3 and over,682,3,679
S01011073,3 to 15,86,0,86
S01011073,16 to 24,91,0,91
S01011073,25 to 34,55,0,55
S01011073,35 to 49,158,2,156
S01011073,50 to 64,151,0,151
S01011073,65 and over,141,1,140
S01011074,All people aged 3 and over,586,10,576
S01011074,3 to 15,77,0,77
S01011074,16 to 24,62,3,59
S01011074,25 to 34,64,0,64
S01011074,35 to 49,140,3,137
S01011074,50 to 64,129,3,126
S01011074,65 and over,114,1,113
S01011075,All people aged 3 and over,682,5,677
S01011075,3 to 15,112,0,112
S01011075,16 to 24,68,1,67
S01011075,25 to 34,87,1,86
S01011075,35 to 49,158,1,157
S01011075,50 to 64,125,2,123
S01011075,65 and over,132,0,132
S01011076,All people aged 3 and over,713,5,708
S01011076,3 to 15,108,0,108
S01011076,16 to 24,65,0,65
S01011076,25 to 34,90,1,89
S01011076,35 to 49,160,0,160
S01011076,50 to 64,129,2,127
S01011076,65 and over,161,2,159
S01011077,All people aged 3 and over,733,7,726
S01011077,3 to 15,147,0,147
S01011077,16 to 24,98,1,97
S01011077,25 to 34,95,1,94
S01011077,35 to 49,130,2,128
S01011077,50 to 64,114,1,113
S01011077,65 and over,149,2,147
S01011078,All people aged 3 and over,1112,3,1109
S01011078,3 to 15,171,0,171
S01011078,16 to 24,116,0,116
S01011078,25 to 34,88,2,86
S01011078,35 to 49,257,0,257
S01011078,50 to 64,193,0,193
S01011078,65 and over,287,1,286
S01011079,All people aged 3 and over,1025,10,1015
S01011079,3 to 15,137,1,136
S01011079,16 to 24,101,2,99
S01011079,25 to 34,161,2,159
S01011079,35 to 49,225,4,221
S01011079,50 to 64,197,1,196
S01011079,65 and over,204,0,204
S01011080,All people aged 3 and over,951,10,941
S01011080,3 to 15,113,3,110
S01011080,16 to 24,99,1,98
S01011080,25 to 34,103,0,103
S01011080,35 to 49,193,4,189
S01011080,50 to 64,215,0,215
S01011080,65 and over,228,2,226
S01011081,All people aged 3 and over,797,3,794
S01011081,3 to 15,135,0,135
S01011081,16 to 24,106,0,106
S01011081,25 to 34,96,1,95
S01011081,35 to 49,178,1,177
S01011081,50 to 64,134,0,134
S01011081,65 and over,148,1,147
S01011082,All people aged 3 and over,517,4,513
S01011082,3 to 15,43,0,43
S01011082,16 to 24,53,0,53
S01011082,25 to 34,51,2,49
S01011082,35 to 49,61,0,61
S01011082,50 to 64,130,1,129
S01011082,65 and over,179,1,178
S01011083,All people aged 3 and over,772,10,762
S01011083,3 to 15,124,1,123
S01011083,16 to 24,57,0,57
S01011083,25 to 34,73,1,72
S01011083,35 to 49,157,0,157
S01011083,50 to 64,183,5,178
S01011083,65 and over,178,3,175
S01011084,All people aged 3 and over,764,14,750
S01011084,3 to 15,110,0,110
S01011084,16 to 24,66,0,66
S01011084,25 to 34,55,1,54
S01011084,35 to 49,165,5,160
S01011084,50 to 64,203,3,200
S01011084,65 and over,165,5,160
S01011085,All people aged 3 and over,870,8,862
S01011085,3 to 15,126,0,126
S01011085,16 to 24,72,0,72
S01011085,25 to 34,58,0,58
S01011085,35 to 49,199,1,198
S01011085,50 to 64,228,4,224
S01011085,65 and over,187,3,184
S01011086,All people aged 3 and over,632,6,626
S01011086,3 to 15,86,0,86
S01011086,16 to 24,65,1,64
S01011086,25 to 34,40,1,39
S01011086,35 to 49,133,3,130
S01011086,50 to 64,155,0,155
S01011086,65 and over,153,1,152
S01011087,All people aged 3 and over,563,6,557
S01011087,3 to 15,84,2,82
S01011087,16 to 24,47,0,47
S01011087,25 to 34,65,1,64
S01011087,35 to 49,136,2,134
S01011087,50 to 64,108,0,108
S01011087,65 and over,123,1,122
S01011088,All people aged 3 and over,962,19,943
S01011088,3 to 15,159,2,157
S01011088,16 to 24,88,2,86
S01011088,25 to 34,91,2,89
S01011088,35 to 49,202,4,198
S01011088,50 to 64,219,8,211
S01011088,65 and over,203,1,202
S01011089,All people aged 3 and over,635,10,625
S01011089,3 to 15,93,1,92
S01011089,16 to 24,61,0,61
S01011089,25 to 34,68,2,66
S01011089,35 to 49,104,1,103
S01011089,50 to 64,153,3,150
S01011089,65 and over,156,3,153
S01011090,All people aged 3 and over,702,6,696
S01011090,3 to 15,90,0,90
S01011090,16 to 24,57,3,54
S01011090,25 to 34,58,0,58
S01011090,35 to 49,161,1,160
S01011090,50 to 64,181,1,180
S01011090,65 and over,155,1,154
S01011091,All people aged 3 and over,612,5,607
S01011091,3 to 15,86,0,86
S01011091,16 to 24,40,0,40
S01011091,25 to 34,50,1,49
S01011091,35 to 49,149,1,148
S01011091,50 to 64,186,3,183
S01011091,65 and over,101,0,101
S01011092,All people aged 3 and over,444,5,439
S01011092,3 to 15,124,1,123
S01011092,16 to 24,62,0,62
S01011092,25 to 34,79,2,77
S01011092,35 to 49,105,2,103
S01011092,50 to 64,52,0,52
S01011092,65 and over,22,0,22
S01011093,All people aged 3 and over,588,8,580
S01011093,3 to 15,86,0,86
S01011093,16 to 24,52,1,51
S01011093,25 to 34,43,0,43
S01011093,35 to 49,168,3,165
S01011093,50 to 64,137,2,135
S01011093,65 and over,102,2,100
S01011094,All people aged 3 and over,536,4,532
S01011094,3 to 15,89,0,89
S01011094,16 to 24,35,0,35
S01011094,25 to 34,41,2,39
S01011094,35 to 49,134,0,134
S01011094,50 to 64,120,1,119
S01011094,65 and over,117,1,116
S01011095,All people aged 3 and over,772,7,765
S01011095,3 to 15,121,0,121
S01011095,16 to 24,79,2,77
S01011095,25 to 34,31,0,31
S01011095,35 to 49,210,4,206
S01011095,50 to 64,207,0,207
S01011095,65 and over,124,1,123
S01011096,All people aged 3 and over,565,5,560
S01011096,3 to 15,86,0,86
S01011096,16 to 24,75,0,75
S01011096,25 to 34,59,0,59
S01011096,35 to 49,150,2,148
S01011096,50 to 64,100,0,100
S01011096,65 and over,95,3,92
S01011097,All people aged 3 and over,695,11,684
S01011097,3 to 15,136,2,134
S01011097,16 to 24,52,0,52
S01011097,25 to 34,52,0,52
S01011097,35 to 49,180,1,179
S01011097,50 to 64,182,4,178
S01011097,65 and over,93,4,89
S01011098,All people aged 3 and over,723,14,709
S01011098,3 to 15,88,0,88
S01011098,16 to 24,75,0,75
S01011098,25 to 34,103,3,100
S01011098,35 to 49,160,5,155
S01011098,50 to 64,156,3,153
S01011098,65 and over,141,3,138
S01011099,All people aged 3 and over,783,9,774
S01011099,3 to 15,132,0,132
S01011099,16 to 24,113,2,111
S01011099,25 to 34,106,1,105
S01011099,35 to 49,180,1,179
S01011099,50 to 64,173,4,169
S01011099,65 and over,79,1,78
S01011100,All people aged 3 and over,443,3,440
S01011100,3 to 15,51,0,51
S01011100,16 to 24,39,0,39
S01011100,25 to 34,45,0,45
S01011100,35 to 49,81,0,81
S01011100,50 to 64,103,3,100
S01011100,65 and over,124,0,124
S01011101,All people aged 3 and over,597,3,594
S01011101,3 to 15,115,0,115
S01011101,16 to 24,82,0,82
S01011101,25 to 34,77,0,77
S01011101,35 to 49,137,0,137
S01011101,50 to 64,103,1,102
S01011101,65 and over,83,2,81
S01011102,All people aged 3 and over,613,6,607
S01011102,3 to 15,79,1,78
S01011102,16 to 24,81,1,80
S01011102,25 to 34,107,2,105
S01011102,35 to 49,131,0,131
S01011102,50 to 64,115,2,113
S01011102,65 and over,100,0,100
S01011103,All people aged 3 and over,557,16,541
S01011103,3 to 15,54,1,53
S01011103,16 to 24,71,3,68
S01011103,25 to 34,103,5,98
S01011103,35 to 49,94,2,92
S01011103,50 to 64,117,3,114
S01011103,65 and over,118,2,116
S01011104,All people aged 3 and over,686,6,680
S01011104,3 to 15,58,0,58
S01011104,16 to 24,57,1,56
S01011104,25 to 34,63,1,62
S01011104,35 to 49,115,1,114
S01011104,50 to 64,122,1,121
S01011104,65 and over,271,2,269
S01011105,All people aged 3 and over,766,7,759
S01011105,3 to 15,84,0,84
S01011105,16 to 24,90,0,90
S01011105,25 to 34,151,2,149
S01011105,35 to 49,130,0,130
S01011105,50 to 64,145,2,143
S01011105,65 and over,166,3,163
S01011106,All people aged 3 and over,876,13,863
S01011106,3 to 15,232,0,232
S01011106,16 to 24,104,4,100
S01011106,25 to 34,264,6,258
S01011106,35 to 49,182,1,181
S01011106,50 to 64,56,2,54
S01011106,65 and over,38,0,38
S01011107,All people aged 3 and over,860,5,855
S01011107,3 to 15,224,1,223
S01011107,16 to 24,119,0,119
S01011107,25 to 34,191,0,191
S01011107,35 to 49,242,3,239
S01011107,50 to 64,69,1,68
S01011107,65 and over,15,0,15
S01011108,All people aged 3 and over,537,4,533
S01011108,3 to 15,90,1,89
S01011108,16 to 24,87,1,86
S01011108,25 to 34,54,0,54
S01011108,35 to 49,141,1,140
S01011108,50 to 64,97,1,96
S01011108,65 and over,68,0,68
S01011109,All people aged 3 and over,789,7,782
S01011109,3 to 15,99,1,98
S01011109,16 to 24,77,0,77
S01011109,25 to 34,95,3,92
S01011109,35 to 49,169,1,168
S01011109,50 to 64,174,0,174
S01011109,65 and over,175,2,173
S01011110,All people aged 3 and over,670,5,665
S01011110,3 to 15,102,1,101
S01011110,16 to 24,80,1,79
S01011110,25 to 34,109,0,109
S01011110,35 to 49,151,2,149
S01011110,50 to 64,153,1,152
S01011110,65 and over,75,0,75
S01011111,All people aged 3 and over,843,14,829
S01011111,3 to 15,144,2,142
S01011111,16 to 24,99,1,98
S01011111,25 to 34,114,3,111
S01011111,35 to 49,199,4,195
S01011111,50 to 64,174,3,171
S01011111,65 and over,113,1,112
S01011112,All people aged 3 and over,818,8,810
S01011112,3 to 15,170,0,170
S01011112,16 to 24,85,1,84
S01011112,25 to 34,166,1,165
S01011112,35 to 49,254,1,253
S01011112,50 to 64,95,3,92
S01011112,65 and over,48,2,46
S01011113,All people aged 3 and over,905,7,898
S01011113,3 to 15,84,1,83
S01011113,16 to 24,96,1,95
S01011113,25 to 34,86,0,86
S01011113,35 to 49,177,1,176
S01011113,50 to 64,222,2,220
S01011113,65 and over,240,2,238
S01011114,All people aged 3 and over,693,7,686
S01011114,3 to 15,78,0,78
S01011114,16 to 24,84,0,84
S01011114,25 to 34,59,0,59
S01011114,35 to 49,148,1,147
S01011114,50 to 64,218,3,215
S01011114,65 and over,106,3,103
S01011115,All people aged 3 and over,880,22,858
S01011115,3 to 15,129,4,125
S01011115,16 to 24,107,2,105
S01011115,25 to 34,108,2,106
S01011115,35 to 49,216,6,210
S01011115,50 to 64,182,2,180
S01011115,65 and over,138,6,132
S01011116,All people aged 3 and over,650,5,645
S01011116,3 to 15,106,0,106
S01011116,16 to 24,64,0,64
S01011116,25 to 34,82,1,81
S01011116,35 to 49,140,0,140
S01011116,50 to 64,142,1,141
S01011116,65 and over,116,3,113
S01011117,All people aged 3 and over,726,15,711
S01011117,3 to 15,91,1,90
S01011117,16 to 24,67,1,66
S01011117,25 to 34,92,4,88
S01011117,35 to 49,149,0,149
S01011117,50 to 64,150,3,147
S01011117,65 and over,177,6,171
S01011118,All people aged 3 and over,857,15,842
S01011118,3 to 15,133,1,132
S01011118,16 to 24,75,0,75
S01011118,25 to 34,85,2,83
S01011118,35 to 49,195,4,191
S01011118,50 to 64,160,2,158
S01011118,65 and over,209,6,203
S01011119,All people aged 3 and over,917,14,903
S01011119,3 to 15,128,0,128
S01011119,16 to 24,65,0,65
S01011119,25 to 34,57,0,57
S01011119,35 to 49,206,3,203
S01011119,50 to 64,233,5,228
S01011119,65 and over,228,6,222
S01011120,All people aged 3 and over,666,10,656
S01011120,3 to 15,58,0,58
S01011120,16 to 24,46,0,46
S01011120,25 to 34,24,0,24
S01011120,35 to 49,113,0,113
S01011120,50 to 64,198,2,196
S01011120,65 and over,227,8,219
S01011121,All people aged 3 and over,512,7,505
S01011121,3 to 15,39,0,39
S01011121,16 to 24,78,1,77
S01011121,25 to 34,97,4,93
S01011121,35 to 49,98,0,98
S01011121,50 to 64,97,1,96
S01011121,65 and over,103,1,102
S01011122,All people aged 3 and over,627,4,623
S01011122,3 to 15,86,0,86
S01011122,16 to 24,67,1,66
S01011122,25 to 34,82,0,82
S01011122,35 to 49,142,2,140
S01011122,50 to 64,140,0,140
S01011122,65 and over,110,1,109
S01011123,All people aged 3 and over,1094,12,1082
S01011123,3 to 15,178,3,175
S01011123,16 to 24,116,0,116
S01011123,25 to 34,142,0,142
S01011123,35 to 49,247,6,241
S01011123,50 to 64,189,2,187
S01011123,65 and over,222,1,221
S01011124,All people aged 3 and over,625,6,619
S01011124,3 to 15,120,0,120
S01011124,16 to 24,56,0,56
S01011124,25 to 34,85,1,84
S01011124,35 to 49,174,2,172
S01011124,50 to 64,101,3,98
S01011124,65 and over,89,0,89
S01011125,All people aged 3 and over,475,8,467
S01011125,3 to 15,83,0,83
S01011125,16 to 24,87,1,86
S01011125,25 to 34,65,4,61
S01011125,35 to 49,125,1,124
S01011125,50 to 64,79,1,78
S01011125,65 and over,36,1,35
S01011126,All people aged 3 and over,470,3,467
S01011126,3 to 15,91,0,91
S01011126,16 to 24,53,0,53
S01011126,25 to 34,92,2,90
S01011126,35 to 49,90,1,89
S01011126,50 to 64,78,0,78
S01011126,65 and over,66,0,66
S01011127,All people aged 3 and over,469,7,462
S01011127,3 to 15,142,1,141
S01011127,16 to 24,66,3,63
S01011127,25 to 34,140,1,139
S01011127,35 to 49,108,2,106
S01011127,50 to 64,8,0,8
S01011127,65 and over,5,0,5
S01011128,All people aged 3 and over,692,7,685
S01011128,3 to 15,92,1,91
S01011128,16 to 24,81,0,81
S01011128,25 to 34,97,1,96
S01011128,35 to 49,172,2,170
S01011128,50 to 64,144,1,143
S01011128,65 and over,106,2,104
S01011129,All people aged 3 and over,968,4,964
S01011129,3 to 15,197,1,196
S01011129,16 to 24,63,2,61
S01011129,25 to 34,138,0,138
S01011129,35 to 49,262,1,261
S01011129,50 to 64,147,0,147
S01011129,65 and over,161,0,161
S01011130,All people aged 3 and over,578,7,571
S01011130,3 to 15,80,1,79
S01011130,16 to 24,52,1,51
S01011130,25 to 34,82,1,81
S01011130,35 to 49,123,0,123
S01011130,50 to 64,109,4,105
S01011130,65 and over,132,0,132
S01011131,All people aged 3 and over,619,7,612
S01011131,3 to 15,54,2,52
S01011131,16 to 24,77,0,77
S01011131,25 to 34,96,0,96
S01011131,35 to 49,140,4,136
S01011131,50 to 64,141,1,140
S01011131,65 and over,111,0,111
S01011132,All people aged 3 and over,866,6,860
S01011132,3 to 15,121,0,121
S01011132,16 to 24,87,0,87
S01011132,25 to 34,107,0,107
S01011132,35 to 49,209,3,206
S01011132,50 to 64,170,3,167
S01011132,65 and over,172,0,172
S01011133,All people aged 3 and over,430,12,418
S01011133,3 to 15,55,2,53
S01011133,16 to 24,46,0,46
S01011133,25 to 34,56,4,52
S01011133,35 to 49,82,1,81
S01011133,50 to 64,90,5,85
S01011133,65 and over,101,0,101
S01011134,All people aged 3 and over,727,9,718
S01011134,3 to 15,62,2,60
S01011134,16 to 24,70,2,68
S01011134,25 to 34,89,0,89
S01011134,35 to 49,163,0,163
S01011134,50 to 64,157,2,155
S01011134,65 and over,186,3,183
S01011135,All people aged 3 and over,720,5,715
S01011135,3 to 15,87,0,87
S01011135,16 to 24,87,0,87
S01011135,25 to 34,101,0,101
S01011135,35 to 49,131,2,129
S01011135,50 to 64,166,1,165
S01011135,65 and over,148,2,146
S01011136,All people aged 3 and over,638,6,632
S01011136,3 to 15,75,0,75
S01011136,16 to 24,76,1,75
S01011136,25 to 34,77,2,75
S01011136,35 to 49,130,0,130
S01011136,50 to 64,134,2,132
S01011136,65 and over,146,1,145
S01011137,All people aged 3 and over,472,11,461
S01011137,3 to 15,103,2,101
S01011137,16 to 24,58,3,55
S01011137,25 to 34,66,2,64
S01011137,35 to 49,116,4,112
S01011137,50 to 64,74,0,74
S01011137,65 and over,55,0,55
S01011138,All people aged 3 and over,611,7,604
S01011138,3 to 15,129,2,127
S01011138,16 to 24,80,1,79
S01011138,25 to 34,105,1,104
S01011138,35 to 49,139,1,138
S01011138,50 to 64,94,1,93
S01011138,65 and over,64,1,63
S01011139,All people aged 3 and over,1278,21,1257
S01011139,3 to 15,161,0,161
S01011139,16 to 24,392,4,388
S01011139,25 to 34,388,12,376
S01011139,35 to 49,215,3,212
S01011139,50 to 64,77,1,76
S01011139,65 and over,45,1,44
S01011140,All people aged 3 and over,520,6,514
S01011140,3 to 15,92,0,92
S01011140,16 to 24,72,0,72
S01011140,25 to 34,92,1,91
S01011140,35 to 49,117,5,112
S01011140,50 to 64,89,0,89
S01011140,65 and over,58,0,58
S01011141,All people aged 3 and over,536,8,528
S01011141,3 to 15,101,0,101
S01011141,16 to 24,69,2,67
S01011141,25 to 34,86,3,83
S01011141,35 to 49,116,0,116
S01011141,50 to 64,108,3,105
S01011141,65 and over,56,0,56
S01011142,All people aged 3 and over,1255,12,1243
S01011142,3 to 15,323,5,318
S01011142,16 to 24,329,1,328
S01011142,25 to 34,53,0,53
S01011142,35 to 49,225,3,222
S01011142,50 to 64,185,1,184
S01011142,65 and over,140,2,138
S01011143,All people aged 3 and over,932,9,923
S01011143,3 to 15,152,0,152
S01011143,16 to 24,86,0,86
S01011143,25 to 34,75,1,74
S01011143,35 to 49,220,3,217
S01011143,50 to 64,197,1,196
S01011143,65 and over,202,4,198
S01011144,All people aged 3 and over,746,4,742
S01011144,3 to 15,149,0,149
S01011144,16 to 24,67,0,67
S01011144,25 to 34,69,0,69
S01011144,35 to 49,176,1,175
S01011144,50 to 64,159,1,158
S01011144,65 and over,126,2,124
S01011145,All people aged 3 and over,645,9,636
S01011145,3 to 15,104,0,104
S01011145,16 to 24,50,0,50
S01011145,25 to 34,46,1,45
S01011145,35 to 49,163,2,161
S01011145,50 to 64,158,2,156
S01011145,65 and over,124,4,120
S01011146,All people aged 3 and over,718,5,713
S01011146,3 to 15,132,1,131
S01011146,16 to 24,70,0,70
S01011146,25 to 34,76,1,75
S01011146,35 to 49,163,0,163
S01011146,50 to 64,163,2,161
S01011146,65 and over,114,1,113
S01011147,All people aged 3 and over,987,13,974
S01011147,3 to 15,146,0,146
S01011147,16 to 24,101,2,99
S01011147,25 to 34,100,1,99
S01011147,35 to 49,236,2,234
S01011147,50 to 64,239,3,236
S01011147,65 and over,165,5,160
S01011148,All people aged 3 and over,762,9,753
S01011148,3 to 15,110,0,110
S01011148,16 to 24,70,0,70
S01011148,25 to 34,72,1,71
S01011148,35 to 49,188,6,182
S01011148,50 to 64,185,1,184
S01011148,65 and over,137,1,136
S01011149,All people aged 3 and over,829,10,819
S01011149,3 to 15,128,1,127
S01011149,16 to 24,126,1,125
S01011149,25 to 34,182,2,180
S01011149,35 to 49,201,4,197
S01011149,50 to 64,130,1,129
S01011149,65 and over,62,1,61
S01011150,All people aged 3 and over,433,6,427
S01011150,3 to 15,114,0,114
S01011150,16 to 24,36,0,36
S01011150,25 to 34,136,3,133
S01011150,35 to 49,116,3,113
S01011150,50 to 64,27,0,27
S01011150,65 and over,4,0,4
S01011151,All people aged 3 and over,548,14,534
S01011151,3 to 15,119,3,116
S01011151,16 to 24,73,2,71
S01011151,25 to 34,95,2,93
S01011151,35 to 49,152,5,147
S01011151,50 to 64,70,2,68
S01011151,65 and over,39,0,39
S01011152,All people aged 3 and over,683,2,681
S01011152,3 to 15,94,0,94
S01011152,16 to 24,44,0,44
S01011152,25 to 34,65,1,64
S01011152,35 to 49,116,0,116
S01011152,50 to 64,192,1,191
S01011152,65 and over,172,0,172
S01011153,All people aged 3 and over,847,34,813
S01011153,3 to 15,99,5,94
S01011153,16 to 24,92,2,90
S01011153,25 to 34,83,1,82
S01011153,35 to 49,174,12,162
S01011153,50 to 64,199,8,191
S01011153,65 and over,200,6,194
S01011154,All people aged 3 and over,551,11,540
S01011154,3 to 15,56,0,56
S01011154,16 to 24,52,0,52
S01011154,25 to 34,53,1,52
S01011154,35 to 49,110,1,109
S01011154,50 to 64,127,5,122
S01011154,65 and over,153,4,149
S01011155,All people aged 3 and over,625,10,615
S01011155,3 to 15,69,0,69
S01011155,16 to 24,54,1,53
S01011155,25 to 34,56,2,54
S01011155,35 to 49,124,1,123
S01011155,50 to 64,145,5,140
S01011155,65 and over,177,1,176
S01011156,All people aged 3 and over,554,6,548
S01011156,3 to 15,66,0,66
S01011156,16 to 24,62,0,62
S01011156,25 to 34,44,0,44
S01011156,35 to 49,129,2,127
S01011156,50 to 64,146,2,144
S01011156,65 and over,107,2,105
S01011157,All people aged 3 and over,569,6,563
S01011157,3 to 15,55,0,55
S01011157,16 to 24,42,0,42
S01011157,25 to 34,43,0,43
S01011157,35 to 49,120,0,120
S01011157,50 to 64,165,6,159
S01011157,65 and over,144,0,144
S01011158,All people aged 3 and over,501,11,490
S01011158,3 to 15,55,0,55
S01011158,16 to 24,35,2,33
S01011158,25 to 34,20,0,20
S01011158,35 to 49,68,1,67
S01011158,50 to 64,166,1,165
S01011158,65 and over,157,7,150
S01011159,All people aged 3 and over,522,6,516
S01011159,3 to 15,51,0,51
S01011159,16 to 24,40,0,40
S01011159,25 to 34,48,1,47
S01011159,35 to 49,96,3,93
S01011159,50 to 64,122,0,122
S01011159,65 and over,165,2,163
S01011160,All people aged 3 and over,871,13,858
S01011160,3 to 15,125,0,125
S01011160,16 to 24,114,3,111
S01011160,25 to 34,126,1,125
S01011160,35 to 49,179,2,177
S01011160,50 to 64,191,4,187
S01011160,65 and over,136,3,133
S01011161,All people aged 3 and over,616,12,604
S01011161,3 to 15,120,2,118
S01011161,16 to 24,63,2,61
S01011161,25 to 34,80,0,80
S01011161,35 to 49,136,3,133
S01011161,50 to 64,112,3,109
S01011161,65 and over,105,2,103
S01011162,All people aged 3 and over,476,10,466
S01011162,3 to 15,110,3,107
S01011162,16 to 24,65,1,64
S01011162,25 to 34,43,0,43
S01011162,35 to 49,114,4,110
S01011162,50 to 64,84,2,82
S01011162,65 and over,60,0,60
S01011163,All people aged 3 and over,763,9,754
S01011163,3 to 15,92,0,92
S01011163,16 to 24,106,0,106
S01011163,25 to 34,80,1,79
S01011163,35 to 49,165,2,163
S01011163,50 to 64,190,4,186
S01011163,65 and over,130,2,128
S01011164,All people aged 3 and over,753,9,744
S01011164,3 to 15,163,0,163
S01011164,16 to 24,78,0,78
S01011164,25 to 34,63,1,62
S01011164,35 to 49,171,1,170
S01011164,50 to 64,147,1,146
S01011164,65 and over,131,6,125
S01011165,All people aged 3 and over,728,10,718
S01011165,3 to 15,104,2,102
S01011165,16 to 24,66,0,66
S01011165,25 to 34,110,1,109
S01011165,35 to 49,138,2,136
S01011165,50 to 64,150,2,148
S01011165,65 and over,160,3,157
S01011166,All people aged 3 and over,500,3,497
S01011166,3 to 15,66,0,66
S01011166,16 to 24,37,0,37
S01011166,25 to 34,29,0,29
S01011166,35 to 49,102,0,102
S01011166,50 to 64,131,2,129
S01011166,65 and over,135,1,134
S01011167,All people aged 3 and over,715,12,703
S01011167,3 to 15,74,3,71
S01011167,16 to 24,49,0,49
S01011167,25 to 34,41,1,40
S01011167,35 to 49,140,4,136
S01011167,50 to 64,232,3,229
S01011167,65 and over,179,1,178
S01011168,All people aged 3 and over,819,22,797
S01011168,3 to 15,112,0,112
S01011168,16 to 24,75,1,74
S01011168,25 to 34,60,0,60
S01011168,35 to 49,199,7,192
S01011168,50 to 64,213,11,202
S01011168,65 and over,160,3,157
S01011169,All people aged 3 and over,928,9,919
S01011169,3 to 15,222,2,220
S01011169,16 to 24,110,0,110
S01011169,25 to 34,103,0,103
S01011169,35 to 49,331,3,328
S01011169,50 to 64,101,2,99
S01011169,65 and over,61,2,59
S01011170,All people aged 3 and over,893,7,886
S01011170,3 to 15,137,0,137
S01011170,16 to 24,71,0,71
S01011170,25 to 34,66,0,66
S01011170,35 to 49,203,2,201
S01011170,50 to 64,254,4,250
S01011170,65 and over,162,1,161
S01011171,All people aged 3 and over,889,29,860
S01011171,3 to 15,100,5,95
S01011171,16 to 24,71,1,70
S01011171,25 to 34,52,0,52
S01011171,35 to 49,159,2,157
S01011171,50 to 64,254,10,244
S01011171,65 and over,253,11,242
S01011172,All people aged 3 and over,738,21,717
S01011172,3 to 15,91,11,80
S01011172,16 to 24,47,1,46
S01011172,25 to 34,53,0,53
S01011172,35 to 49,126,2,124
S01011172,50 to 64,220,2,218
S01011172,65 and over,201,5,196
S01011173,All people aged 3 and over,586,22,564
S01011173,3 to 15,79,8,71
S01011173,16 to 24,39,0,39
S01011173,25 to 34,30,1,29
S01011173,35 to 49,110,5,105
S01011173,50 to 64,129,2,127
S01011173,65 and over,199,6,193
S01011174,All people aged 3 and over,453,13,440
S01011174,3 to 15,45,1,44
S01011174,16 to 24,33,0,33
S01011174,25 to 34,32,2,30
S01011174,35 to 49,64,4,60
S01011174,50 to 64,101,3,98
S01011174,65 and over,178,3,175
S01011175,All people aged 3 and over,520,13,507
S01011175,3 to 15,81,3,78
S01011175,16 to 24,47,0,47
S01011175,25 to 34,27,0,27
S01011175,35 to 49,105,4,101
S01011175,50 to 64,109,2,107
S01011175,65 and over,151,4,147
S01011176,All people aged 3 and over,534,12,522
S01011176,3 to 15,38,3,35
S01011176,16 to 24,48,0,48
S01011176,25 to 34,32,0,32
S01011176,35 to 49,66,0,66
S01011176,50 to 64,145,1,144
S01011176,65 and over,205,8,197
S01011177,All people aged 3 and over,852,31,821
S01011177,3 to 15,111,4,107
S01011177,16 to 24,65,1,64
S01011177,25 to 34,75,1,74
S01011177,35 to 49,163,8,155
S01011177,50 to 64,197,7,190
S01011177,65 and over,241,10,231
S01011178,All people aged 3 and over,484,8,476
S01011178,3 to 15,90,3,87
S01011178,16 to 24,50,0,50
S01011178,25 to 34,65,0,65
S01011178,35 to 49,107,3,104
S01011178,50 to 64,101,1,100
S01011178,65 and over,71,1,70
S01011179,All people aged 3 and over,572,3,569
S01011179,3 to 15,63,0,63
S01011179,16 to 24,71,0,71
S01011179,25 to 34,60,0,60
S01011179,35 to 49,125,1,124
S01011179,50 to 64,145,1,144
S01011179,65 and over,108,1,107
S01011180,All people aged 3 and over,647,1,646
S01011180,3 to 15,107,0,107
S01011180,16 to 24,94,0,94
S01011180,25 to 34,65,0,65
S01011180,35 to 49,146,0,146
S01011180,50 to 64,110,1,109
S01011180,65 and over,125,0,125
S01011181,All people aged 3 and over,450,1,449
S01011181,3 to 15,49,0,49
S01011181,16 to 24,39,0,39
S01011181,25 to 34,32,0,32
S01011181,35 to 49,107,0,107
S01011181,50 to 64,135,1,134
S01011181,65 and over,88,0,88
S01011182,All people aged 3 and over,394,2,392
S01011182,3 to 15,45,0,45
S01011182,16 to 24,28,0,28
S01011182,25 to 34,21,0,21
S01011182,35 to 49,79,1,78
S01011182,50 to 64,147,1,146
S01011182,65 and over,74,0,74
S01011183,All people aged 3 and over,551,3,548
S01011183,3 to 15,76,0,76
S01011183,16 to 24,64,0,64
S01011183,25 to 34,48,0,48
S01011183,35 to 49,132,1,131
S01011183,50 to 64,133,2,131
S01011183,65 and over,98,0,98
S01011184,All people aged 3 and over,804,2,802
S01011184,3 to 15,154,0,154
S01011184,16 to 24,73,0,73
S01011184,25 to 34,65,0,65
S01011184,35 to 49,236,0,236
S01011184,50 to 64,158,2,156
S01011184,65 and over,118,0,118
S01011185,All people aged 3 and over,665,5,660
S01011185,3 to 15,65,0,65
S01011185,16 to 24,79,1,78
S01011185,25 to 34,46,0,46
S01011185,35 to 49,125,0,125
S01011185,50 to 64,185,3,182
S01011185,65 and over,165,1,164
S01011186,All people aged 3 and over,884,2,882
S01011186,3 to 15,94,0,94
S01011186,16 to 24,75,0,75
S01011186,25 to 34,71,0,71
S01011186,35 to 49,187,0,187
S01011186,50 to 64,214,1,213
S01011186,65 and over,243,1,242
S01011187,All people aged 3 and over,655,2,653
S01011187,3 to 15,56,0,56
S01011187,16 to 24,74,0,74
S01011187,25 to 34,62,0,62
S01011187,35 to 49,122,0,122
S01011187,50 to 64,216,1,215
S01011187,65 and over,125,1,124
S01011188,All people aged 3 and over,928,8,920
S01011188,3 to 15,143,0,143
S01011188,16 to 24,95,0,95
S01011188,25 to 34,108,1,107
S01011188,35 to 49,226,1,225
S01011188,50 to 64,180,3,177
S01011188,65 and over,176,3,173
S01011189,All people aged 3 and over,790,7,783
S01011189,3 to 15,84,3,81
S01011189,16 to 24,98,0,98
S01011189,25 to 34,94,0,94
S01011189,35 to 49,179,1,178
S01011189,50 to 64,156,1,155
S01011189,65 and over,179,2,177
S01011190,All people aged 3 and over,614,9,605
S01011190,3 to 15,89,3,86
S01011190,16 to 24,84,2,82
S01011190,25 to 34,74,0,74
S01011190,35 to 49,136,2,134
S01011190,50 to 64,111,1,110
S01011190,65 and over,120,1,119
S01011191,All people aged 3 and over,516,7,509
S01011191,3 to 15,80,1,79
S01011191,16 to 24,62,0,62
S01011191,25 to 34,61,1,60
S01011191,35 to 49,100,2,98
S01011191,50 to 64,121,2,119
S01011191,65 and over,92,1,91
S01011192,All people aged 3 and over,673,4,669
S01011192,3 to 15,119,1,118
S01011192,16 to 24,79,1,78
S01011192,25 to 34,87,1,86
S01011192,35 to 49,165,0,165
S01011192,50 to 64,155,0,155
S01011192,65 and over,68,1,67
S01011193,All people aged 3 and over,672,3,669
S01011193,3 to 15,132,0,132
S01011193,16 to 24,96,2,94
S01011193,25 to 34,104,0,104
S01011193,35 to 49,158,0,158
S01011193,50 to 64,136,1,135
S01011193,65 and over,46,0,46
S01011194,All people aged 3 and over,690,6,684
S01011194,3 to 15,137,0,137
S01011194,16 to 24,103,0,103
S01011194,25 to 34,99,3,96
S01011194,35 to 49,149,1,148
S01011194,50 to 64,139,1,138
S01011194,65 and over,63,1,62
S01011195,All people aged 3 and over,747,5,742
S01011195,3 to 15,159,0,159
S01011195,16 to 24,92,0,92
S01011195,25 to 34,106,0,106
S01011195,35 to 49,160,2,158
S01011195,50 to 64,164,2,162
S01011195,65 and over,66,1,65
S01011196,All people aged 3 and over,863,2,861
S01011196,3 to 15,159,0,159
S01011196,16 to 24,95,0,95
S01011196,25 to 34,119,0,119
S01011196,35 to 49,171,0,171
S01011196,50 to 64,204,2,202
S01011196,65 and over,115,0,115
S01011197,All people aged 3 and over,820,6,814
S01011197,3 to 15,163,1,162
S01011197,16 to 24,109,0,109
S01011197,25 to 34,106,1,105
S01011197,35 to 49,181,1,180
S01011197,50 to 64,176,2,174
S01011197,65 and over,85,1,84
S01011198,All people aged 3 and over,599,0,599
S01011198,3 to 15,113,0,113
S01011198,16 to 24,94,0,94
S01011198,25 to 34,69,0,69
S01011198,35 to 49,138,0,138
S01011198,50 to 64,116,0,116
S01011198,65 and over,69,0,69
S01011199,All people aged 3 and over,752,3,749
S01011199,3 to 15,113,0,113
S01011199,16 to 24,99,0,99
S01011199,25 to 34,90,0,90
S01011199,35 to 49,201,2,199
S01011199,50 to 64,159,1,158
S01011199,65 and over,90,0,90
S01011200,All people aged 3 and over,722,5,717
S01011200,3 to 15,102,0,102
S01011200,16 to 24,74,0,74
S01011200,25 to 34,95,0,95
S01011200,35 to 49,151,1,150
S01011200,50 to 64,187,2,185
S01011200,65 and over,113,2,111
S01011201,All people aged 3 and over,568,1,567
S01011201,3 to 15,60,0,60
S01011201,16 to 24,63,0,63
S01011201,25 to 34,74,0,74
S01011201,35 to 49,110,1,109
S01011201,50 to 64,153,0,153
S01011201,65 and over,108,0,108
S01011202,All people aged 3 and over,813,1,812
S01011202,3 to 15,124,0,124
S01011202,16 to 24,94,0,94
S01011202,25 to 34,107,0,107
S01011202,35 to 49,191,0,191
S01011202,50 to 64,169,1,168
S01011202,65 and over,128,0,128
S01011203,All people aged 3 and over,770,4,766
S01011203,3 to 15,106,0,106
S01011203,16 to 24,91,0,91
S01011203,25 to 34,100,0,100
S01011203,35 to 49,164,0,164
S01011203,50 to 64,159,3,156
S01011203,65 and over,150,1,149
S01011204,All people aged 3 and over,545,7,538
S01011204,3 to 15,71,0,71
S01011204,16 to 24,60,0,60
S01011204,25 to 34,33,0,33
S01011204,35 to 49,118,2,116
S01011204,50 to 64,160,4,156
S01011204,65 and over,103,1,102
S01011205,All people aged 3 and over,653,1,652
S01011205,3 to 15,157,0,157
S01011205,16 to 24,70,0,70
S01011205,25 to 34,123,1,122
S01011205,35 to 49,220,0,220
S01011205,50 to 64,76,0,76
S01011205,65 and over,7,0,7
S01011206,All people aged 3 and over,709,8,701
S01011206,3 to 15,142,2,140
S01011206,16 to 24,89,1,88
S01011206,25 to 34,85,0,85
S01011206,35 to 49,201,4,197
S01011206,50 to 64,143,1,142
S01011206,65 and over,49,0,49
S01011207,All people aged 3 and over,744,1,743
S01011207,3 to 15,122,0,122
S01011207,16 to 24,94,1,93
S01011207,25 to 34,58,0,58
S01011207,35 to 49,202,0,202
S01011207,50 to 64,162,0,162
S01011207,65 and over,106,0,106
S01011208,All people aged 3 and over,884,10,874
S01011208,3 to 15,156,1,155
S01011208,16 to 24,115,2,113
S01011208,25 to 34,106,0,106
S01011208,35 to 49,252,5,247
S01011208,50 to 64,174,1,173
S01011208,65 and over,81,1,80
S01011209,All people aged 3 and over,611,3,608
S01011209,3 to 15,97,0,97
S01011209,16 to 24,71,1,70
S01011209,25 to 34,79,0,79
S01011209,35 to 49,137,1,136
S01011209,50 to 64,129,1,128
S01011209,65 and over,98,0,98
S01011210,All people aged 3 and over,720,3,717
S01011210,3 to 15,118,0,118
S01011210,16 to 24,100,0,100
S01011210,25 to 34,48,0,48
S01011210,35 to 49,190,0,190
S01011210,50 to 64,183,2,181
S01011210,65 and over,81,1,80
S01011211,All people aged 3 and over,685,3,682
S01011211,3 to 15,138,1,137
S01011211,16 to 24,89,0,89
S01011211,25 to 34,52,0,52
S01011211,35 to 49,217,2,215
S01011211,50 to 64,131,0,131
S01011211,65 and over,58,0,58
S01011212,All people aged 3 and over,527,1,526
S01011212,3 to 15,108,0,108
S01011212,16 to 24,70,0,70
S01011212,25 to 34,46,0,46
S01011212,35 to 49,109,1,108
S01011212,50 to 64,124,0,124
S01011212,65 and over,70,0,70
S01011213,All people aged 3 and over,1010,7,1003
S01011213,3 to 15,195,0,195
S01011213,16 to 24,144,0,144
S01011213,25 to 34,110,5,105
S01011213,35 to 49,205,1,204
S01011213,50 to 64,212,1,211
S01011213,65 and over,144,0,144
S01011214,All people aged 3 and over,902,2,900
S01011214,3 to 15,173,1,172
S01011214,16 to 24,101,0,101
S01011214,25 to 34,113,1,112
S01011214,35 to 49,169,0,169
S01011214,50 to 64,127,0,127
S01011214,65 and over,219,0,219
S01011215,All people aged 3 and over,570,3,567
S01011215,3 to 15,111,1,110
S01011215,16 to 24,83,0,83
S01011215,25 to 34,71,1,70
S01011215,35 to 49,142,0,142
S01011215,50 to 64,78,1,77
S01011215,65 and over,85,0,85
S01011216,All people aged 3 and over,453,1,452
S01011216,3 to 15,77,0,77
S01011216,16 to 24,58,0,58
S01011216,25 to 34,82,0,82
S01011216,35 to 49,97,1,96
S01011216,50 to 64,73,0,73
S01011216,65 and over,66,0,66
S01011217,All people aged 3 and over,765,10,755
S01011217,3 to 15,122,0,122
S01011217,16 to 24,118,2,116
S01011217,25 to 34,88,1,87
S01011217,35 to 49,185,4,181
S01011217,50 to 64,136,1,135
S01011217,65 and over,116,2,114
S01011218,All people aged 3 and over,659,4,655
S01011218,3 to 15,155,1,154
S01011218,16 to 24,98,0,98
S01011218,25 to 34,100,2,98
S01011218,35 to 49,117,0,117
S01011218,50 to 64,109,0,109
S01011218,65 and over,80,1,79
S01011219,All people aged 3 and over,754,4,750
S01011219,3 to 15,110,0,110
S01011219,16 to 24,95,2,93
S01011219,25 to 34,92,0,92
S01011219,35 to 49,185,1,184
S01011219,50 to 64,157,1,156
S01011219,65 and over,115,0,115
S01011220,All people aged 3 and over,846,5,841
S01011220,3 to 15,109,0,109
S01011220,16 to 24,107,0,107
S01011220,25 to 34,112,2,110
S01011220,35 to 49,201,1,200
S01011220,50 to 64,158,2,156
S01011220,65 and over,159,0,159
S01011221,All people aged 3 and over,908,1,907
S01011221,3 to 15,141,0,141
S01011221,16 to 24,118,0,118
S01011221,25 to 34,110,0,110
S01011221,35 to 49,220,1,219
S01011221,50 to 64,170,0,170
S01011221,65 and over,149,0,149
S01011222,All people aged 3 and over,641,2,639
S01011222,3 to 15,86,0,86
S01011222,16 to 24,66,0,66
S01011222,25 to 34,66,0,66
S01011222,35 to 49,133,2,131
S01011222,50 to 64,148,0,148
S01011222,65 and over,142,0,142
S01011223,All people aged 3 and over,771,5,766
S01011223,3 to 15,125,0,125
S01011223,16 to 24,78,0,78
S01011223,25 to 34,98,0,98
S01011223,35 to 49,159,0,159
S01011223,50 to 64,157,1,156
S01011223,65 and over,154,4,150
S01011224,All people aged 3 and over,667,5,662
S01011224,3 to 15,69,0,69
S01011224,16 to 24,69,0,69
S01011224,25 to 34,69,0,69
S01011224,35 to 49,126,2,124
S01011224,50 to 64,165,2,163
S01011224,65 and over,169,1,168
S01011225,All people aged 3 and over,679,4,675
S01011225,3 to 15,115,0,115
S01011225,16 to 24,92,1,91
S01011225,25 to 34,80,0,80
S01011225,35 to 49,122,1,121
S01011225,50 to 64,157,0,157
S01011225,65 and over,113,2,111
S01011226,All people aged 3 and over,975,6,969
S01011226,3 to 15,117,0,117
S01011226,16 to 24,75,1,74
S01011226,25 to 34,65,0,65
S01011226,35 to 49,187,0,187
S01011226,50 to 64,230,3,227
S01011226,65 and over,301,2,299
S01011227,All people aged 3 and over,697,4,693
S01011227,3 to 15,94,0,94
S01011227,16 to 24,97,0,97
S01011227,25 to 34,79,0,79
S01011227,35 to 49,149,2,147
S01011227,50 to 64,153,2,151
S01011227,65 and over,125,0,125
S01011228,All people aged 3 and over,751,6,745
S01011228,3 to 15,77,1,76
S01011228,16 to 24,89,1,88
S01011228,25 to 34,89,2,87
S01011228,35 to 49,172,0,172
S01011228,50 to 64,123,1,122
S01011228,65 and over,201,1,200
S01011229,All people aged 3 and over,513,7,506
S01011229,3 to 15,68,1,67
S01011229,16 to 24,55,2,53
S01011229,25 to 34,78,0,78
S01011229,35 to 49,92,3,89
S01011229,50 to 64,103,0,103
S01011229,65 and over,117,1,116
S01011230,All people aged 3 and over,948,6,942
S01011230,3 to 15,123,0,123
S01011230,16 to 24,111,0,111
S01011230,25 to 34,120,3,117
S01011230,35 to 49,176,2,174
S01011230,50 to 64,181,1,180
S01011230,65 and over,237,0,237
S01011231,All people aged 3 and over,583,2,581
S01011231,3 to 15,80,0,80
S01011231,16 to 24,63,0,63
S01011231,25 to 34,82,0,82
S01011231,35 to 49,111,0,111
S01011231,50 to 64,119,0,119
S01011231,65 and over,128,2,126
S01011232,All people aged 3 and over,891,5,886
S01011232,3 to 15,70,1,69
S01011232,16 to 24,99,0,99
S01011232,25 to 34,156,1,155
S01011232,35 to 49,221,0,221
S01011232,50 to 64,213,3,210
S01011232,65 and over,132,0,132
S01011233,All people aged 3 and over,365,4,361
S01011233,3 to 15,54,0,54
S01011233,16 to 24,50,0,50
S01011233,25 to 34,40,0,40
S01011233,35 to 49,80,2,78
S01011233,50 to 64,81,1,80
S01011233,65 and over,60,1,59
S01011234,All people aged 3 and over,979,9,970
S01011234,3 to 15,191,1,190
S01011234,16 to 24,146,0,146
S01011234,25 to 34,127,1,126
S01011234,35 to 49,218,3,215
S01011234,50 to 64,198,1,197
S01011234,65 and over,99,3,96
S01011235,All people aged 3 and over,365,3,362
S01011235,3 to 15,54,0,54
S01011235,16 to 24,46,0,46
S01011235,25 to 34,52,0,52
S01011235,35 to 49,76,1,75
S01011235,50 to 64,77,1,76
S01011235,65 and over,60,1,59
S01011236,All people aged 3 and over,548,3,545
S01011236,3 to 15,72,0,72
S01011236,16 to 24,64,0,64
S01011236,25 to 34,59,0,59
S01011236,35 to 49,118,3,115
S01011236,50 to 64,122,0,122
S01011236,65 and over,113,0,113
S01011237,All people aged 3 and over,751,2,749
S01011237,3 to 15,155,0,155
S01011237,16 to 24,97,0,97
S01011237,25 to 34,92,0,92
S01011237,35 to 49,164,1,163
S01011237,50 to 64,134,0,134
S01011237,65 and over,109,1,108
S01011238,All people aged 3 and over,615,1,614
S01011238,3 to 15,99,0,99
S01011238,16 to 24,89,0,89
S01011238,25 to 34,88,1,87
S01011238,35 to 49,149,0,149
S01011238,50 to 64,112,0,112
S01011238,65 and over,78,0,78
S01011239,All people aged 3 and over,694,5,689
S01011239,3 to 15,66,0,66
S01011239,16 to 24,72,0,72
S01011239,25 to 34,88,0,88
S01011239,35 to 49,124,2,122
S01011239,50 to 64,168,3,165
S01011239,65 and over,176,0,176
S01011240,All people aged 3 and over,680,11,669
S01011240,3 to 15,47,0,47
S01011240,16 to 24,77,0,77
S01011240,25 to 34,107,0,107
S01011240,35 to 49,130,8,122
S01011240,50 to 64,179,3,176
S01011240,65 and over,140,0,140
S01011241,All people aged 3 and over,1020,7,1013
S01011241,3 to 15,106,0,106
S01011241,16 to 24,108,0,108
S01011241,25 to 34,96,0,96
S01011241,35 to 49,190,3,187
S01011241,50 to 64,256,1,255
S01011241,65 and over,264,3,261
S01011242,All people aged 3 and over,755,6,749
S01011242,3 to 15,74,0,74
S01011242,16 to 24,77,0,77
S01011242,25 to 34,55,0,55
S01011242,35 to 49,169,1,168
S01011242,50 to 64,177,5,172
S01011242,65 and over,203,0,203
S01011243,All people aged 3 and over,850,7,843
S01011243,3 to 15,93,1,92
S01011243,16 to 24,129,0,129
S01011243,25 to 34,98,1,97
S01011243,35 to 49,176,1,175
S01011243,50 to 64,180,4,176
S01011243,65 and over,174,0,174
S01011244,All people aged 3 and over,643,6,637
S01011244,3 to 15,67,0,67
S01011244,16 to 24,102,0,102
S01011244,25 to 34,106,0,106
S01011244,35 to 49,132,1,131
S01011244,50 to 64,147,4,143
S01011244,65 and over,89,1,88
S01011245,All people aged 3 and over,820,7,813
S01011245,3 to 15,100,0,100
S01011245,16 to 24,82,1,81
S01011245,25 to 34,111,0,111
S01011245,35 to 49,172,2,170
S01011245,50 to 64,188,3,185
S01011245,65 and over,167,1,166
S01011246,All people aged 3 and over,819,11,808
S01011246,3 to 15,72,0,72
S01011246,16 to 24,64,0,64
S01011246,25 to 34,95,0,95
S01011246,35 to 49,192,6,186
S01011246,50 to 64,235,2,233
S01011246,65 and over,161,3,158
S01011247,All people aged 3 and over,813,12,801
S01011247,3 to 15,92,0,92
S01011247,16 to 24,59,0,59
S01011247,25 to 34,39,0,39
S01011247,35 to 49,162,6,156
S01011247,50 to 64,201,2,199
S01011247,65 and over,260,4,256
S01011248,All people aged 3 and over,714,2,712
S01011248,3 to 15,84,0,84
S01011248,16 to 24,87,0,87
S01011248,25 to 34,71,0,71
S01011248,35 to 49,169,1,168
S01011248,50 to 64,187,1,186
S01011248,65 and over,116,0,116
S01011249,All people aged 3 and over,709,5,704
S01011249,3 to 15,92,0,92
S01011249,16 to 24,92,1,91
S01011249,25 to 34,44,0,44
S01011249,35 to 49,191,2,189
S01011249,50 to 64,151,2,149
S01011249,65 and over,139,0,139
S01011250,All people aged 3 and over,1028,4,1024
S01011250,3 to 15,228,0,228
S01011250,16 to 24,150,0,150
S01011250,25 to 34,146,0,146
S01011250,35 to 49,248,2,246
S01011250,50 to 64,161,1,160
S01011250,65 and over,95,1,94
S01011251,All people aged 3 and over,844,3,841
S01011251,3 to 15,144,0,144
S01011251,16 to 24,117,0,117
S01011251,25 to 34,99,1,98
S01011251,35 to 49,185,1,184
S01011251,50 to 64,178,1,177
S01011251,65 and over,121,0,121
S01011252,All people aged 3 and over,782,3,779
S01011252,3 to 15,150,0,150
S01011252,16 to 24,112,0,112
S01011252,25 to 34,120,2,118
S01011252,35 to 49,168,1,167
S01011252,50 to 64,147,0,147
S01011252,65 and over,85,0,85
S01011253,All people aged 3 and over,824,5,819
S01011253,3 to 15,132,1,131
S01011253,16 to 24,124,0,124
S01011253,25 to 34,97,0,97
S01011253,35 to 49,194,2,192
S01011253,50 to 64,159,0,159
S01011253,65 and over,118,2,116
S01011254,All people aged 3 and over,924,3,921
S01011254,3 to 15,133,0,133
S01011254,16 to 24,119,0,119
S01011254,25 to 34,105,0,105
S01011254,35 to 49,217,1,216
S01011254,50 to 64,236,2,234
S01011254,65 and over,114,0,114
S01011255,All people aged 3 and over,741,5,736
S01011255,3 to 15,165,0,165
S01011255,16 to 24,71,0,71
S01011255,25 to 34,93,1,92
S01011255,35 to 49,253,3,250
S01011255,50 to 64,109,0,109
S01011255,65 and over,50,1,49
S01011256,All people aged 3 and over,473,3,470
S01011256,3 to 15,137,1,136
S01011256,16 to 24,39,1,38
S01011256,25 to 34,56,0,56
S01011256,35 to 49,162,0,162
S01011256,50 to 64,53,0,53
S01011256,65 and over,26,1,25
S01011257,All people aged 3 and over,402,3,399
S01011257,3 to 15,30,0,30
S01011257,16 to 24,32,0,32
S01011257,25 to 34,23,0,23
S01011257,35 to 49,51,0,51
S01011257,50 to 64,133,3,130
S01011257,65 and over,133,0,133
S01011258,All people aged 3 and over,566,5,561
S01011258,3 to 15,86,0,86
S01011258,16 to 24,71,0,71
S01011258,25 to 34,35,1,34
S01011258,35 to 49,118,1,117
S01011258,50 to 64,146,0,146
S01011258,65 and over,110,3,107
S01011259,All people aged 3 and over,744,7,737
S01011259,3 to 15,80,0,80
S01011259,16 to 24,81,0,81
S01011259,25 to 34,76,0,76
S01011259,35 to 49,126,1,125
S01011259,50 to 64,184,3,181
S01011259,65 and over,197,3,194
S01011260,All people aged 3 and over,711,3,708
S01011260,3 to 15,78,0,78
S01011260,16 to 24,81,0,81
S01011260,25 to 34,48,1,47
S01011260,35 to 49,153,2,151
S01011260,50 to 64,166,0,166
S01011260,65 and over,185,0,185
S01011261,All people aged 3 and over,775,4,771
S01011261,3 to 15,161,0,161
S01011261,16 to 24,114,0,114
S01011261,25 to 34,97,0,97
S01011261,35 to 49,157,1,156
S01011261,50 to 64,138,3,135
S01011261,65 and over,108,0,108
S01011262,All people aged 3 and over,478,2,476
S01011262,3 to 15,75,0,75
S01011262,16 to 24,54,0,54
S01011262,25 to 34,50,1,49
S01011262,35 to 49,110,1,109
S01011262,50 to 64,108,0,108
S01011262,65 and over,81,0,81
S01011263,All people aged 3 and over,1119,7,1112
S01011263,3 to 15,201,0,201
S01011263,16 to 24,130,2,128
S01011263,25 to 34,190,1,189
S01011263,35 to 49,253,1,252
S01011263,50 to 64,133,0,133
S01011263,65 and over,212,3,209
S01011264,All people aged 3 and over,659,2,657
S01011264,3 to 15,149,0,149
S01011264,16 to 24,85,0,85
S01011264,25 to 34,78,0,78
S01011264,35 to 49,154,2,152
S01011264,50 to 64,121,0,121
S01011264,65 and over,72,0,72
S01011265,All people aged 3 and over,1018,6,1012
S01011265,3 to 15,219,0,219
S01011265,16 to 24,141,0,141
S01011265,25 to 34,148,0,148
S01011265,35 to 49,253,3,250
S01011265,50 to 64,147,2,145
S01011265,65 and over,110,1,109
S01011266,All people aged 3 and over,881,4,877
S01011266,3 to 15,136,0,136
S01011266,16 to 24,94,0,94
S01011266,25 to 34,96,2,94
S01011266,35 to 49,194,2,192
S01011266,50 to 64,171,0,171
S01011266,65 and over,190,0,190
S01011267,All people aged 3 and over,570,2,568
S01011267,3 to 15,70,0,70
S01011267,16 to 24,53,0,53
S01011267,25 to 34,45,0,45
S01011267,35 to 49,114,0,114
S01011267,50 to 64,144,1,143
S01011267,65 and over,144,1,143
S01011268,All people aged 3 and over,366,3,363
S01011268,3 to 15,33,0,33
S01011268,16 to 24,29,0,29
S01011268,25 to 34,35,0,35
S01011268,35 to 49,75,0,75
S01011268,50 to 64,102,2,100
S01011268,65 and over,92,1,91
S01011269,All people aged 3 and over,497,7,490
S01011269,3 to 15,56,2,54
S01011269,16 to 24,47,0,47
S01011269,25 to 34,46,1,45
S01011269,35 to 49,90,2,88
S01011269,50 to 64,123,2,121
S01011269,65 and over,135,0,135
S01011270,All people aged 3 and over,661,4,657
S01011270,3 to 15,92,0,92
S01011270,16 to 24,88,0,88
S01011270,25 to 34,88,1,87
S01011270,35 to 49,154,3,151
S01011270,50 to 64,131,0,131
S01011270,65 and over,108,0,108
S01011271,All people aged 3 and over,804,5,799
S01011271,3 to 15,90,1,89
S01011271,16 to 24,85,1,84
S01011271,25 to 34,60,1,59
S01011271,35 to 49,155,0,155
S01011271,50 to 64,199,1,198
S01011271,65 and over,215,1,214
S01011272,All people aged 3 and over,713,2,711
S01011272,3 to 15,85,1,84
S01011272,16 to 24,88,0,88
S01011272,25 to 34,95,0,95
S01011272,35 to 49,146,1,145
S01011272,50 to 64,161,0,161
S01011272,65 and over,138,0,138
S01011273,All people aged 3 and over,869,7,862
S01011273,3 to 15,221,3,218
S01011273,16 to 24,115,0,115
S01011273,25 to 34,98,2,96
S01011273,35 to 49,185,2,183
S01011273,50 to 64,160,0,160
S01011273,65 and over,90,0,90
S01011274,All people aged 3 and over,831,1,830
S01011274,3 to 15,155,0,155
S01011274,16 to 24,123,0,123
S01011274,25 to 34,124,0,124
S01011274,35 to 49,196,0,196
S01011274,50 to 64,143,0,143
S01011274,65 and over,90,1,89
S01011275,All people aged 3 and over,669,1,668
S01011275,3 to 15,155,0,155
S01011275,16 to 24,94,0,94
S01011275,25 to 34,86,0,86
S01011275,35 to 49,159,1,158
S01011275,50 to 64,107,0,107
S01011275,65 and over,68,0,68
S01011276,All people aged 3 and over,944,13,931
S01011276,3 to 15,175,0,175
S01011276,16 to 24,127,2,125
S01011276,25 to 34,98,1,97
S01011276,35 to 49,223,7,216
S01011276,50 to 64,179,2,177
S01011276,65 and over,142,1,141
S01011277,All people aged 3 and over,640,3,637
S01011277,3 to 15,61,0,61
S01011277,16 to 24,77,0,77
S01011277,25 to 34,90,0,90
S01011277,35 to 49,136,0,136
S01011277,50 to 64,183,2,181
S01011277,65 and over,93,1,92
S01011278,All people aged 3 and over,482,1,481
S01011278,3 to 15,65,0,65
S01011278,16 to 24,44,0,44
S01011278,25 to 34,84,0,84
S01011278,35 to 49,121,0,121
S01011278,50 to 64,124,1,123
S01011278,65 and over,44,0,44
S01011279,All people aged 3 and over,638,6,632
S01011279,3 to 15,77,1,76
S01011279,16 to 24,60,0,60
S01011279,25 to 34,94,1,93
S01011279,35 to 49,108,0,108
S01011279,50 to 64,166,3,163
S01011279,65 and over,133,1,132
S01011280,All people aged 3 and over,582,3,579
S01011280,3 to 15,65,0,65
S01011280,16 to 24,68,0,68
S01011280,25 to 34,38,0,38
S01011280,35 to 49,100,0,100
S01011280,50 to 64,202,2,200
S01011280,65 and over,109,1,108
S01011281,All people aged 3 and over,626,5,621
S01011281,3 to 15,107,1,106
S01011281,16 to 24,89,0,89
S01011281,25 to 34,62,0,62
S01011281,35 to 49,184,1,183
S01011281,50 to 64,121,1,120
S01011281,65 and over,63,2,61
S01011282,All people aged 3 and over,883,1,882
S01011282,3 to 15,188,0,188
S01011282,16 to 24,84,0,84
S01011282,25 to 34,108,0,108
S01011282,35 to 49,273,1,272
S01011282,50 to 64,156,0,156
S01011282,65 and over,74,0,74
S01011283,All people aged 3 and over,705,3,702
S01011283,3 to 15,156,0,156
S01011283,16 to 24,72,0,72
S01011283,25 to 34,96,0,96
S01011283,35 to 49,226,1,225
S01011283,50 to 64,130,1,129
S01011283,65 and over,25,1,24
S01011284,All people aged 3 and over,583,3,580
S01011284,3 to 15,173,0,173
S01011284,16 to 24,37,0,37
S01011284,25 to 34,75,0,75
S01011284,35 to 49,215,0,215
S01011284,50 to 64,71,1,70
S01011284,65 and over,12,2,10
S01011285,All people aged 3 and over,698,2,696
S01011285,3 to 15,149,1,148
S01011285,16 to 24,87,0,87
S01011285,25 to 34,110,0,110
S01011285,35 to 49,126,0,126
S01011285,50 to 64,143,1,142
S01011285,65 and over,83,0,83
S01011286,All people aged 3 and over,686,4,682
S01011286,3 to 15,135,0,135
S01011286,16 to 24,107,0,107
S01011286,25 to 34,89,0,89
S01011286,35 to 49,167,2,165
S01011286,50 to 64,111,0,111
S01011286,65 and over,77,2,75
S01011287,All people aged 3 and over,776,6,770
S01011287,3 to 15,143,0,143
S01011287,16 to 24,100,0,100
S01011287,25 to 34,118,1,117
S01011287,35 to 49,166,1,165
S01011287,50 to 64,156,2,154
S01011287,65 and over,93,2,91
S01011288,All people aged 3 and over,724,1,723
S01011288,3 to 15,129,0,129
S01011288,16 to 24,108,0,108
S01011288,25 to 34,93,0,93
S01011288,35 to 49,141,0,141
S01011288,50 to 64,135,0,135
S01011288,65 and over,118,1,117
S01011289,All people aged 3 and over,899,4,895
S01011289,3 to 15,146,0,146
S01011289,16 to 24,109,1,108
S01011289,25 to 34,108,0,108
S01011289,35 to 49,184,0,184
S01011289,50 to 64,208,0,208
S01011289,65 and over,144,3,141
S01011290,All people aged 3 and over,1130,8,1122
S01011290,3 to 15,132,2,130
S01011290,16 to 24,141,1,140
S01011290,25 to 34,126,1,125
S01011290,35 to 49,212,2,210
S01011290,50 to 64,233,0,233
S01011290,65 and over,286,2,284
S01011291,All people aged 3 and over,785,6,779
S01011291,3 to 15,112,1,111
S01011291,16 to 24,77,0,77
S01011291,25 to 34,102,1,101
S01011291,35 to 49,178,1,177
S01011291,50 to 64,167,2,165
S01011291,65 and over,149,1,148
S01011292,All people aged 3 and over,667,2,665
S01011292,3 to 15,95,1,94
S01011292,16 to 24,125,0,125
S01011292,25 to 34,74,0,74
S01011292,35 to 49,121,0,121
S01011292,50 to 64,145,0,145
S01011292,65 and over,107,1,106
S01011293,All people aged 3 and over,712,0,712
S01011293,3 to 15,121,0,121
S01011293,16 to 24,83,0,83
S01011293,25 to 34,80,0,80
S01011293,35 to 49,150,0,150
S01011293,50 to 64,138,0,138
S01011293,65 and over,140,0,140
S01011294,All people aged 3 and over,831,5,826
S01011294,3 to 15,83,0,83
S01011294,16 to 24,78,0,78
S01011294,25 to 34,100,1,99
S01011294,35 to 49,135,2,133
S01011294,50 to 64,172,1,171
S01011294,65 and over,263,1,262
S01011295,All people aged 3 and over,914,8,906
S01011295,3 to 15,93,0,93
S01011295,16 to 24,93,0,93
S01011295,25 to 34,99,1,98
S01011295,35 to 49,206,2,204
S01011295,50 to 64,199,3,196
S01011295,65 and over,224,2,222
S01011296,All people aged 3 and over,546,5,541
S01011296,3 to 15,54,1,53
S01011296,16 to 24,66,0,66
S01011296,25 to 34,30,0,30
S01011296,35 to 49,113,1,112
S01011296,50 to 64,152,3,149
S01011296,65 and over,131,0,131
S01011297,All people aged 3 and over,809,6,803
S01011297,3 to 15,159,3,156
S01011297,16 to 24,139,0,139
S01011297,25 to 34,99,0,99
S01011297,35 to 49,175,2,173
S01011297,50 to 64,149,1,148
S01011297,65 and over,88,0,88
S01011298,All people aged 3 and over,616,3,613
S01011298,3 to 15,136,0,136
S01011298,16 to 24,98,0,98
S01011298,25 to 34,68,0,68
S01011298,35 to 49,150,1,149
S01011298,50 to 64,107,2,105
S01011298,65 and over,57,0,57
S01011299,All people aged 3 and over,480,5,475
S01011299,3 to 15,65,0,65
S01011299,16 to 24,34,0,34
S01011299,25 to 34,46,1,45
S01011299,35 to 49,98,1,97
S01011299,50 to 64,146,3,143
S01011299,65 and over,91,0,91
S01011300,All people aged 3 and over,908,6,902
S01011300,3 to 15,141,0,141
S01011300,16 to 24,105,1,104
S01011300,25 to 34,105,0,105
S01011300,35 to 49,207,2,205
S01011300,50 to 64,200,3,197
S01011300,65 and over,150,0,150
S01011301,All people aged 3 and over,690,7,683
S01011301,3 to 15,96,2,94
S01011301,16 to 24,74,0,74
S01011301,25 to 34,52,1,51
S01011301,35 to 49,146,3,143
S01011301,50 to 64,188,0,188
S01011301,65 and over,134,1,133
S01011302,All people aged 3 and over,833,12,821
S01011302,3 to 15,68,1,67
S01011302,16 to 24,75,1,74
S01011302,25 to 34,90,0,90
S01011302,35 to 49,166,2,164
S01011302,50 to 64,176,3,173
S01011302,65 and over,258,5,253
S01011303,All people aged 3 and over,992,8,984
S01011303,3 to 15,145,0,145
S01011303,16 to 24,92,1,91
S01011303,25 to 34,118,2,116
S01011303,35 to 49,232,1,231
S01011303,50 to 64,217,2,215
S01011303,65 and over,188,2,186
S01011304,All people aged 3 and over,680,2,678
S01011304,3 to 15,140,0,140
S01011304,16 to 24,80,0,80
S01011304,25 to 34,78,0,78
S01011304,35 to 49,149,1,148
S01011304,50 to 64,139,1,138
S01011304,65 and over,94,0,94
S01011305,All people aged 3 and over,798,9,789
S01011305,3 to 15,157,2,155
S01011305,16 to 24,96,0,96
S01011305,25 to 34,100,2,98
S01011305,35 to 49,234,3,231
S01011305,50 to 64,125,2,123
S01011305,65 and over,86,0,86
S01011306,All people aged 3 and over,569,0,569
S01011306,3 to 15,95,0,95
S01011306,16 to 24,63,0,63
S01011306,25 to 34,60,0,60
S01011306,35 to 49,94,0,94
S01011306,50 to 64,135,0,135
S01011306,65 and over,122,0,122
S01011307,All people aged 3 and over,458,12,446
S01011307,3 to 15,76,1,75
S01011307,16 to 24,29,3,26
S01011307,25 to 34,45,0,45
S01011307,35 to 49,105,2,103
S01011307,50 to 64,112,2,110
S01011307,65 and over,91,4,87
S01011308,All people aged 3 and over,426,8,418
S01011308,3 to 15,52,0,52
S01011308,16 to 24,49,1,48
S01011308,25 to 34,26,0,26
S01011308,35 to 49,89,1,88
S01011308,50 to 64,128,4,124
S01011308,65 and over,82,2,80
S01011309,All people aged 3 and over,709,14,695
S01011309,3 to 15,91,1,90
S01011309,16 to 24,47,1,46
S01011309,25 to 34,21,2,19
S01011309,35 to 49,140,1,139
S01011309,50 to 64,209,4,205
S01011309,65 and over,201,5,196
S01011310,All people aged 3 and over,690,8,682
S01011310,3 to 15,99,0,99
S01011310,16 to 24,64,1,63
S01011310,25 to 34,57,0,57
S01011310,35 to 49,137,1,136
S01011310,50 to 64,161,3,158
S01011310,65 and over,172,3,169
S01011311,All people aged 3 and over,667,4,663
S01011311,3 to 15,61,0,61
S01011311,16 to 24,45,0,45
S01011311,25 to 34,64,0,64
S01011311,35 to 49,108,1,107
S01011311,50 to 64,183,1,182
S01011311,65 and over,206,2,204
S01011312,All people aged 3 and over,1082,11,1071
S01011312,3 to 15,127,0,127
S01011312,16 to 24,81,2,79
S01011312,25 to 34,47,0,47
S01011312,35 to 49,201,3,198
S01011312,50 to 64,311,3,308
S01011312,65 and over,315,3,312
S01011313,All people aged 3 and over,720,9,711
S01011313,3 to 15,106,0,106
S01011313,16 to 24,56,0,56
S01011313,25 to 34,56,0,56
S01011313,35 to 49,171,6,165
S01011313,50 to 64,162,2,160
S01011313,65 and over,169,1,168
S01011314,All people aged 3 and over,1069,19,1050
S01011314,3 to 15,193,1,192
S01011314,16 to 24,95,3,92
S01011314,25 to 34,77,2,75
S01011314,35 to 49,272,5,267
S01011314,50 to 64,247,3,244
S01011314,65 and over,185,5,180
S01011315,All people aged 3 and over,392,2,390
S01011315,3 to 15,72,0,72
S01011315,16 to 24,41,0,41
S01011315,25 to 34,43,0,43
S01011315,35 to 49,93,1,92
S01011315,50 to 64,72,1,71
S01011315,65 and over,71,0,71
S01011316,All people aged 3 and over,714,11,703
S01011316,3 to 15,140,2,138
S01011316,16 to 24,90,0,90
S01011316,25 to 34,73,0,73
S01011316,35 to 49,144,4,140
S01011316,50 to 64,149,3,146
S01011316,65 and over,118,2,116
S01011317,All people aged 3 and over,821,3,818
S01011317,3 to 15,77,0,77
S01011317,16 to 24,52,0,52
S01011317,25 to 34,32,0,32
S01011317,35 to 49,110,0,110
S01011317,50 to 64,183,1,182
S01011317,65 and over,367,2,365
S01011318,All people aged 3 and over,952,9,943
S01011318,3 to 15,81,0,81
S01011318,16 to 24,64,0,64
S01011318,25 to 34,58,1,57
S01011318,35 to 49,152,1,151
S01011318,50 to 64,192,2,190
S01011318,65 and over,405,5,400
S01011319,All people aged 3 and over,858,11,847
S01011319,3 to 15,100,2,98
S01011319,16 to 24,70,0,70
S01011319,25 to 34,30,1,29
S01011319,35 to 49,138,0,138
S01011319,50 to 64,219,3,216
S01011319,65 and over,301,5,296
S01011320,All people aged 3 and over,515,4,511
S01011320,3 to 15,49,0,49
S01011320,16 to 24,42,0,42
S01011320,25 to 34,50,1,49
S01011320,35 to 49,94,0,94
S01011320,50 to 64,103,2,101
S01011320,65 and over,177,1,176
S01011321,All people aged 3 and over,580,7,573
S01011321,3 to 15,93,0,93
S01011321,16 to 24,71,2,69
S01011321,25 to 34,63,0,63
S01011321,35 to 49,142,2,140
S01011321,50 to 64,137,2,135
S01011321,65 and over,74,1,73
S01011322,All people aged 3 and over,611,8,603
S01011322,3 to 15,117,0,117
S01011322,16 to 24,69,0,69
S01011322,25 to 34,60,1,59
S01011322,35 to 49,162,3,159
S01011322,50 to 64,129,1,128
S01011322,65 and over,74,3,71
S01011323,All people aged 3 and over,915,9,906
S01011323,3 to 15,178,1,177
S01011323,16 to 24,111,0,111
S01011323,25 to 34,102,0,102
S01011323,35 to 49,224,4,220
S01011323,50 to 64,159,1,158
S01011323,65 and over,141,3,138
S01011324,All people aged 3 and over,436,7,429
S01011324,3 to 15,73,0,73
S01011324,16 to 24,47,0,47
S01011324,25 to 34,41,0,41
S01011324,35 to 49,98,3,95
S01011324,50 to 64,91,3,88
S01011324,65 and over,86,1,85
S01011325,All people aged 3 and over,722,5,717
S01011325,3 to 15,70,0,70
S01011325,16 to 24,74,0,74
S01011325,25 to 34,74,0,74
S01011325,35 to 49,158,0,158
S01011325,50 to 64,170,4,166
S01011325,65 and over,176,1,175
S01011326,All people aged 3 and over,730,5,725
S01011326,3 to 15,44,0,44
S01011326,16 to 24,82,0,82
S01011326,25 to 34,82,1,81
S01011326,35 to 49,119,1,118
S01011326,50 to 64,155,1,154
S01011326,65 and over,248,2,246
S01011327,All people aged 3 and over,670,16,654
S01011327,3 to 15,46,1,45
S01011327,16 to 24,39,0,39
S01011327,25 to 34,44,0,44
S01011327,35 to 49,123,4,119
S01011327,50 to 64,183,4,179
S01011327,65 and over,235,7,228
S01011328,All people aged 3 and over,688,16,672
S01011328,3 to 15,93,7,86
S01011328,16 to 24,39,1,38
S01011328,25 to 34,45,0,45
S01011328,35 to 49,127,0,127
S01011328,50 to 64,177,6,171
S01011328,65 and over,207,2,205
S01011329,All people aged 3 and over,894,8,886
S01011329,3 to 15,98,0,98
S01011329,16 to 24,76,0,76
S01011329,25 to 34,67,0,67
S01011329,35 to 49,146,1,145
S01011329,50 to 64,206,0,206
S01011329,65 and over,301,7,294
S01011330,All people aged 3 and over,736,2,734
S01011330,3 to 15,120,0,120
S01011330,16 to 24,50,1,49
S01011330,25 to 34,53,0,53
S01011330,35 to 49,139,1,138
S01011330,50 to 64,183,0,183
S01011330,65 and over,191,0,191
S01011331,All people aged 3 and over,725,5,720
S01011331,3 to 15,89,1,88
S01011331,16 to 24,43,0,43
S01011331,25 to 34,51,0,51
S01011331,35 to 49,116,1,115
S01011331,50 to 64,191,0,191
S01011331,65 and over,235,3,232
S01011332,All people aged 3 and over,887,11,876
S01011332,3 to 15,96,2,94
S01011332,16 to 24,56,0,56
S01011332,25 to 34,53,1,52
S01011332,35 to 49,173,3,170
S01011332,50 to 64,216,2,214
S01011332,65 and over,293,3,290
S01011333,All people aged 3 and over,730,8,722
S01011333,3 to 15,58,4,54
S01011333,16 to 24,48,0,48
S01011333,25 to 34,31,0,31
S01011333,35 to 49,79,2,77
S01011333,50 to 64,203,0,203
S01011333,65 and over,311,2,309
S01011334,All people aged 3 and over,687,6,681
S01011334,3 to 15,96,0,96
S01011334,16 to 24,54,0,54
S01011334,25 to 34,67,1,66
S01011334,35 to 49,168,0,168
S01011334,50 to 64,164,0,164
S01011334,65 and over,138,5,133
S01011335,All people aged 3 and over,923,24,899
S01011335,3 to 15,97,5,92
S01011335,16 to 24,76,0,76
S01011335,25 to 34,33,1,32
S01011335,35 to 49,172,5,167
S01011335,50 to 64,255,7,248
S01011335,65 and over,290,6,284
S01011336,All people aged 3 and over,591,2,589
S01011336,3 to 15,109,0,109
S01011336,16 to 24,59,0,59
S01011336,25 to 34,63,0,63
S01011336,35 to 49,148,0,148
S01011336,50 to 64,97,1,96
S01011336,65 and over,115,1,114
S01011337,All people aged 3 and over,676,13,663
S01011337,3 to 15,88,0,88
S01011337,16 to 24,53,0,53
S01011337,25 to 34,38,0,38
S01011337,35 to 49,130,1,129
S01011337,50 to 64,206,6,200
S01011337,65 and over,161,6,155
S01011338,All people aged 3 and over,637,5,632
S01011338,3 to 15,127,3,124
S01011338,16 to 24,70,1,69
S01011338,25 to 34,72,0,72
S01011338,35 to 49,143,0,143
S01011338,50 to 64,149,0,149
S01011338,65 and over,76,1,75
S01011339,All people aged 3 and over,565,3,562
S01011339,3 to 15,111,0,111
S01011339,16 to 24,80,0,80
S01011339,25 to 34,74,1,73
S01011339,35 to 49,112,1,111
S01011339,50 to 64,112,0,112
S01011339,65 and over,76,1,75
S01011340,All people aged 3 and over,665,2,663
S01011340,3 to 15,112,0,112
S01011340,16 to 24,83,0,83
S01011340,25 to 34,72,0,72
S01011340,35 to 49,140,1,139
S01011340,50 to 64,136,1,135
S01011340,65 and over,122,0,122
S01011341,All people aged 3 and over,684,9,675
S01011341,3 to 15,89,1,88
S01011341,16 to 24,110,0,110
S01011341,25 to 34,110,2,108
S01011341,35 to 49,139,1,138
S01011341,50 to 64,143,1,142
S01011341,65 and over,93,4,89
S01011342,All people aged 3 and over,673,7,666
S01011342,3 to 15,90,0,90
S01011342,16 to 24,77,1,76
S01011342,25 to 34,88,2,86
S01011342,35 to 49,157,3,154
S01011342,50 to 64,128,0,128
S01011342,65 and over,133,1,132
S01011343,All people aged 3 and over,804,12,792
S01011343,3 to 15,106,1,105
S01011343,16 to 24,77,1,76
S01011343,25 to 34,95,1,94
S01011343,35 to 49,192,2,190
S01011343,50 to 64,169,6,163
S01011343,65 and over,165,1,164
S01011344,All people aged 3 and over,845,12,833
S01011344,3 to 15,149,2,147
S01011344,16 to 24,101,1,100
S01011344,25 to 34,92,1,91
S01011344,35 to 49,204,2,202
S01011344,50 to 64,150,5,145
S01011344,65 and over,149,1,148
S01011345,All people aged 3 and over,751,8,743
S01011345,3 to 15,153,3,150
S01011345,16 to 24,97,0,97
S01011345,25 to 34,106,1,105
S01011345,35 to 49,170,2,168
S01011345,50 to 64,137,1,136
S01011345,65 and over,88,1,87
S01011346,All people aged 3 and over,658,5,653
S01011346,3 to 15,89,2,87
S01011346,16 to 24,59,0,59
S01011346,25 to 34,78,1,77
S01011346,35 to 49,160,2,158
S01011346,50 to 64,133,0,133
S01011346,65 and over,139,0,139
S01011347,All people aged 3 and over,1021,11,1010
S01011347,3 to 15,135,3,132
S01011347,16 to 24,83,0,83
S01011347,25 to 34,122,1,121
S01011347,35 to 49,237,1,236
S01011347,50 to 64,212,4,208
S01011347,65 and over,232,2,230
S01011348,All people aged 3 and over,896,8,888
S01011348,3 to 15,158,0,158
S01011348,16 to 24,92,0,92
S01011348,25 to 34,88,1,87
S01011348,35 to 49,229,5,224
S01011348,50 to 64,178,1,177
S01011348,65 and over,151,1,150
S01011349,All people aged 3 and over,892,11,881
S01011349,3 to 15,151,0,151
S01011349,16 to 24,103,0,103
S01011349,25 to 34,106,1,105
S01011349,35 to 49,255,3,252
S01011349,50 to 64,199,6,193
S01011349,65 and over,78,1,77
S01011350,All people aged 3 and over,649,8,641
S01011350,3 to 15,78,3,75
S01011350,16 to 24,68,0,68
S01011350,25 to 34,53,0,53
S01011350,35 to 49,117,3,114
S01011350,50 to 64,177,1,176
S01011350,65 and over,156,1,155
S01011351,All people aged 3 and over,671,8,663
S01011351,3 to 15,95,0,95
S01011351,16 to 24,85,1,84
S01011351,25 to 34,87,0,87
S01011351,35 to 49,159,2,157
S01011351,50 to 64,134,1,133
S01011351,65 and over,111,4,107
S01011352,All people aged 3 and over,631,4,627
S01011352,3 to 15,79,0,79
S01011352,16 to 24,71,1,70
S01011352,25 to 34,90,1,89
S01011352,35 to 49,132,0,132
S01011352,50 to 64,131,1,130
S01011352,65 and over,128,1,127
S01011353,All people aged 3 and over,634,4,630
S01011353,3 to 15,78,0,78
S01011353,16 to 24,53,0,53
S01011353,25 to 34,62,0,62
S01011353,35 to 49,130,2,128
S01011353,50 to 64,166,1,165
S01011353,65 and over,145,1,144
S01011354,All people aged 3 and over,713,6,707
S01011354,3 to 15,105,0,105
S01011354,16 to 24,80,1,79
S01011354,25 to 34,56,0,56
S01011354,35 to 49,168,0,168
S01011354,50 to 64,152,2,150
S01011354,65 and over,152,3,149
S01011355,All people aged 3 and over,941,5,936
S01011355,3 to 15,136,1,135
S01011355,16 to 24,85,0,85
S01011355,25 to 34,97,1,96
S01011355,35 to 49,200,0,200
S01011355,50 to 64,199,0,199
S01011355,65 and over,224,3,221
S01011356,All people aged 3 and over,933,8,925
S01011356,3 to 15,142,0,142
S01011356,16 to 24,89,0,89
S01011356,25 to 34,73,0,73
S01011356,35 to 49,245,1,244
S01011356,50 to 64,229,4,225
S01011356,65 and over,155,3,152
S01011357,All people aged 3 and over,836,1,835
S01011357,3 to 15,125,0,125
S01011357,16 to 24,86,0,86
S01011357,25 to 34,65,0,65
S01011357,35 to 49,186,1,185
S01011357,50 to 64,190,0,190
S01011357,65 and over,184,0,184
S01011358,All people aged 3 and over,535,1,534
S01011358,3 to 15,101,0,101
S01011358,16 to 24,81,0,81
S01011358,25 to 34,50,0,50
S01011358,35 to 49,164,1,163
S01011358,50 to 64,115,0,115
S01011358,65 and over,24,0,24
S01011359,All people aged 3 and over,722,5,717
S01011359,3 to 15,76,4,72
S01011359,16 to 24,60,0,60
S01011359,25 to 34,81,0,81
S01011359,35 to 49,139,0,139
S01011359,50 to 64,177,0,177
S01011359,65 and over,189,1,188
S01011360,All people aged 3 and over,723,2,721
S01011360,3 to 15,150,0,150
S01011360,16 to 24,111,0,111
S01011360,25 to 34,138,0,138
S01011360,35 to 49,181,1,180
S01011360,50 to 64,100,1,99
S01011360,65 and over,43,0,43
S01011361,All people aged 3 and over,512,13,499
S01011361,3 to 15,48,2,46
S01011361,16 to 24,82,2,80
S01011361,25 to 34,94,3,91
S01011361,35 to 49,126,3,123
S01011361,50 to 64,97,3,94
S01011361,65 and over,65,0,65
S01011362,All people aged 3 and over,529,4,525
S01011362,3 to 15,101,0,101
S01011362,16 to 24,42,0,42
S01011362,25 to 34,103,0,103
S01011362,35 to 49,140,1,139
S01011362,50 to 64,87,0,87
S01011362,65 and over,56,3,53
S01011363,All people aged 3 and over,867,3,864
S01011363,3 to 15,103,0,103
S01011363,16 to 24,76,0,76
S01011363,25 to 34,92,0,92
S01011363,35 to 49,181,2,179
S01011363,50 to 64,218,0,218
S01011363,65 and over,197,1,196
S01011364,All people aged 3 and over,628,4,624
S01011364,3 to 15,107,1,106
S01011364,16 to 24,56,0,56
S01011364,25 to 34,90,2,88
S01011364,35 to 49,146,1,145
S01011364,50 to 64,105,0,105
S01011364,65 and over,124,0,124
S01011365,All people aged 3 and over,620,0,620
S01011365,3 to 15,171,0,171
S01011365,16 to 24,56,0,56
S01011365,25 to 34,60,0,60
S01011365,35 to 49,204,0,204
S01011365,50 to 64,94,0,94
S01011365,65 and over,35,0,35
S01011366,All people aged 3 and over,486,3,483
S01011366,3 to 15,32,0,32
S01011366,16 to 24,27,0,27
S01011366,25 to 34,57,0,57
S01011366,35 to 49,86,0,86
S01011366,50 to 64,100,1,99
S01011366,65 and over,184,2,182
S01011367,All people aged 3 and over,810,1,809
S01011367,3 to 15,122,0,122
S01011367,16 to 24,86,0,86
S01011367,25 to 34,105,0,105
S01011367,35 to 49,188,0,188
S01011367,50 to 64,151,0,151
S01011367,65 and over,158,1,157
S01011368,All people aged 3 and over,773,0,773
S01011368,3 to 15,145,0,145
S01011368,16 to 24,95,0,95
S01011368,25 to 34,181,0,181
S01011368,35 to 49,238,0,238
S01011368,50 to 64,95,0,95
S01011368,65 and over,19,0,19
S01011369,All people aged 3 and over,784,3,781
S01011369,3 to 15,107,0,107
S01011369,16 to 24,109,2,107
S01011369,25 to 34,98,0,98
S01011369,35 to 49,191,0,191
S01011369,50 to 64,117,1,116
S01011369,65 and over,162,0,162
S01011370,All people aged 3 and over,754,1,753
S01011370,3 to 15,123,0,123
S01011370,16 to 24,85,0,85
S01011370,25 to 34,189,0,189
S01011370,35 to 49,185,0,185
S01011370,50 to 64,92,1,91
S01011370,65 and over,80,0,80
S01011371,All people aged 3 and over,881,11,870
S01011371,3 to 15,118,0,118
S01011371,16 to 24,124,0,124
S01011371,25 to 34,146,1,145
S01011371,35 to 49,210,4,206
S01011371,50 to 64,142,5,137
S01011371,65 and over,141,1,140
S01011372,All people aged 3 and over,636,2,634
S01011372,3 to 15,62,0,62
S01011372,16 to 24,104,0,104
S01011372,25 to 34,122,1,121
S01011372,35 to 49,136,1,135
S01011372,50 to 64,83,0,83
S01011372,65 and over,129,0,129
S01011373,All people aged 3 and over,651,4,647
S01011373,3 to 15,97,0,97
S01011373,16 to 24,92,0,92
S01011373,25 to 34,106,0,106
S01011373,35 to 49,155,1,154
S01011373,50 to 64,106,3,103
S01011373,65 and over,95,0,95
S01011374,All people aged 3 and over,670,2,668
S01011374,3 to 15,133,1,132
S01011374,16 to 24,86,0,86
S01011374,25 to 34,116,0,116
S01011374,35 to 49,214,1,213
S01011374,50 to 64,85,0,85
S01011374,65 and over,36,0,36
S01011375,All people aged 3 and over,618,0,618
S01011375,3 to 15,83,0,83
S01011375,16 to 24,87,0,87
S01011375,25 to 34,87,0,87
S01011375,35 to 49,152,0,152
S01011375,50 to 64,110,0,110
S01011375,65 and over,99,0,99
S01011376,All people aged 3 and over,459,3,456
S01011376,3 to 15,28,0,28
S01011376,16 to 24,30,0,30
S01011376,25 to 34,73,1,72
S01011376,35 to 49,83,1,82
S01011376,50 to 64,96,1,95
S01011376,65 and over,149,0,149
S01011377,All people aged 3 and over,581,0,581
S01011377,3 to 15,75,0,75
S01011377,16 to 24,65,0,65
S01011377,25 to 34,61,0,61
S01011377,35 to 49,124,0,124
S01011377,50 to 64,146,0,146
S01011377,65 and over,110,0,110
S01011378,All people aged 3 and over,770,5,765
S01011378,3 to 15,94,0,94
S01011378,16 to 24,63,0,63
S01011378,25 to 34,77,0,77
S01011378,35 to 49,140,2,138
S01011378,50 to 64,153,2,151
S01011378,65 and over,243,1,242
S01011379,All people aged 3 and over,881,10,871
S01011379,3 to 15,141,0,141
S01011379,16 to 24,114,0,114
S01011379,25 to 34,80,3,77
S01011379,35 to 49,218,0,218
S01011379,50 to 64,218,5,213
S01011379,65 and over,110,2,108
S01011380,All people aged 3 and over,654,3,651
S01011380,3 to 15,71,0,71
S01011380,16 to 24,65,1,64
S01011380,25 to 34,80,0,80
S01011380,35 to 49,171,0,171
S01011380,50 to 64,132,2,130
S01011380,65 and over,135,0,135
S01011381,All people aged 3 and over,602,3,599
S01011381,3 to 15,74,1,73
S01011381,16 to 24,64,1,63
S01011381,25 to 34,77,0,77
S01011381,35 to 49,127,0,127
S01011381,50 to 64,143,1,142
S01011381,65 and over,117,0,117
S01011382,All people aged 3 and over,499,3,496
S01011382,3 to 15,62,0,62
S01011382,16 to 24,75,1,74
S01011382,25 to 34,117,1,116
S01011382,35 to 49,127,1,126
S01011382,50 to 64,71,0,71
S01011382,65 and over,47,0,47
S01011383,All people aged 3 and over,652,6,646
S01011383,3 to 15,84,0,84
S01011383,16 to 24,68,0,68
S01011383,25 to 34,100,0,100
S01011383,35 to 49,130,3,127
S01011383,50 to 64,147,2,145
S01011383,65 and over,123,1,122
S01011384,All people aged 3 and over,693,14,679
S01011384,3 to 15,171,4,167
S01011384,16 to 24,82,3,79
S01011384,25 to 34,113,2,111
S01011384,35 to 49,148,2,146
S01011384,50 to 64,119,2,117
S01011384,65 and over,60,1,59
S01011385,All people aged 3 and over,927,3,924
S01011385,3 to 15,157,0,157
S01011385,16 to 24,105,0,105
S01011385,25 to 34,132,0,132
S01011385,35 to 49,192,1,191
S01011385,50 to 64,195,1,194
S01011385,65 and over,146,1,145
S01011386,All people aged 3 and over,617,2,615
S01011386,3 to 15,149,0,149
S01011386,16 to 24,80,1,79
S01011386,25 to 34,77,0,77
S01011386,35 to 49,125,0,125
S01011386,50 to 64,83,1,82
S01011386,65 and over,103,0,103
S01011387,All people aged 3 and over,801,6,795
S01011387,3 to 15,144,0,144
S01011387,16 to 24,107,2,105
S01011387,25 to 34,104,0,104
S01011387,35 to 49,187,3,184
S01011387,50 to 64,144,1,143
S01011387,65 and over,115,0,115
S01011388,All people aged 3 and over,1029,7,1022
S01011388,3 to 15,213,0,213
S01011388,16 to 24,101,0,101
S01011388,25 to 34,214,1,213
S01011388,35 to 49,329,5,324
S01011388,50 to 64,115,1,114
S01011388,65 and over,57,0,57
S01011389,All people aged 3 and over,735,2,733
S01011389,3 to 15,68,0,68
S01011389,16 to 24,125,0,125
S01011389,25 to 34,130,1,129
S01011389,35 to 49,141,1,140
S01011389,50 to 64,135,0,135
S01011389,65 and over,136,0,136
S01011390,All people aged 3 and over,791,1,790
S01011390,3 to 15,125,0,125
S01011390,16 to 24,92,0,92
S01011390,25 to 34,84,1,83
S01011390,35 to 49,172,0,172
S01011390,50 to 64,166,0,166
S01011390,65 and over,152,0,152
S01011391,All people aged 3 and over,620,2,618
S01011391,3 to 15,111,0,111
S01011391,16 to 24,88,1,87
S01011391,25 to 34,77,0,77
S01011391,35 to 49,154,1,153
S01011391,50 to 64,113,0,113
S01011391,65 and over,77,0,77
S01011392,All people aged 3 and over,656,3,653
S01011392,3 to 15,114,1,113
S01011392,16 to 24,84,0,84
S01011392,25 to 34,88,1,87
S01011392,35 to 49,148,0,148
S01011392,50 to 64,138,1,137
S01011392,65 and over,84,0,84
S01011393,All people aged 3 and over,820,5,815
S01011393,3 to 15,107,2,105
S01011393,16 to 24,85,0,85
S01011393,25 to 34,87,1,86
S01011393,35 to 49,173,0,173
S01011393,50 to 64,166,1,165
S01011393,65 and over,202,1,201
S01011394,All people aged 3 and over,586,1,585
S01011394,3 to 15,167,0,167
S01011394,16 to 24,62,0,62
S01011394,25 to 34,44,0,44
S01011394,35 to 49,207,1,206
S01011394,50 to 64,67,0,67
S01011394,65 and over,39,0,39
S01011395,All people aged 3 and over,722,3,719
S01011395,3 to 15,76,0,76
S01011395,16 to 24,73,0,73
S01011395,25 to 34,90,1,89
S01011395,35 to 49,154,1,153
S01011395,50 to 64,185,1,184
S01011395,65 and over,144,0,144
S01011396,All people aged 3 and over,748,9,739
S01011396,3 to 15,85,0,85
S01011396,16 to 24,79,0,79
S01011396,25 to 34,98,0,98
S01011396,35 to 49,134,0,134
S01011396,50 to 64,154,1,153
S01011396,65 and over,198,8,190
S01011397,All people aged 3 and over,795,5,790
S01011397,3 to 15,106,0,106
S01011397,16 to 24,103,1,102
S01011397,25 to 34,90,0,90
S01011397,35 to 49,165,2,163
S01011397,50 to 64,108,2,106
S01011397,65 and over,223,0,223
S01011398,All people aged 3 and over,750,2,748
S01011398,3 to 15,159,1,158
S01011398,16 to 24,84,0,84
S01011398,25 to 34,107,0,107
S01011398,35 to 49,154,1,153
S01011398,50 to 64,138,0,138
S01011398,65 and over,108,0,108
S01011399,All people aged 3 and over,488,5,483
S01011399,3 to 15,65,0,65
S01011399,16 to 24,58,2,56
S01011399,25 to 34,79,0,79
S01011399,35 to 49,92,0,92
S01011399,50 to 64,113,1,112
S01011399,65 and over,81,2,79
S01011400,All people aged 3 and over,641,2,639
S01011400,3 to 15,60,0,60
S01011400,16 to 24,71,0,71
S01011400,25 to 34,138,0,138
S01011400,35 to 49,141,1,140
S01011400,50 to 64,134,1,133
S01011400,65 and over,97,0,97
S01011401,All people aged 3 and over,633,2,631
S01011401,3 to 15,81,0,81
S01011401,16 to 24,52,0,52
S01011401,25 to 34,63,1,62
S01011401,35 to 49,149,1,148
S01011401,50 to 64,132,0,132
S01011401,65 and over,156,0,156
S01011402,All people aged 3 and over,935,3,932
S01011402,3 to 15,95,0,95
S01011402,16 to 24,72,1,71
S01011402,25 to 34,84,0,84
S01011402,35 to 49,143,1,142
S01011402,50 to 64,195,1,194
S01011402,65 and over,346,0,346
S01011403,All people aged 3 and over,518,3,515
S01011403,3 to 15,94,0,94
S01011403,16 to 24,70,2,68
S01011403,25 to 34,65,0,65
S01011403,35 to 49,115,0,115
S01011403,50 to 64,124,0,124
S01011403,65 and over,50,1,49
S01011404,All people aged 3 and over,902,3,899
S01011404,3 to 15,105,0,105
S01011404,16 to 24,111,0,111
S01011404,25 to 34,108,1,107
S01011404,35 to 49,200,0,200
S01011404,50 to 64,184,1,183
S01011404,65 and over,194,1,193
S01011405,All people aged 3 and over,610,2,608
S01011405,3 to 15,85,0,85
S01011405,16 to 24,72,0,72
S01011405,25 to 34,67,2,65
S01011405,35 to 49,121,0,121
S01011405,50 to 64,118,0,118
S01011405,65 and over,147,0,147
S01011406,All people aged 3 and over,629,2,627
S01011406,3 to 15,78,0,78
S01011406,16 to 24,82,0,82
S01011406,25 to 34,60,0,60
S01011406,35 to 49,135,0,135
S01011406,50 to 64,127,1,126
S01011406,65 and over,147,1,146
S01011407,All people aged 3 and over,1074,6,1068
S01011407,3 to 15,138,2,136
S01011407,16 to 24,124,0,124
S01011407,25 to 34,128,2,126
S01011407,35 to 49,230,0,230
S01011407,50 to 64,229,2,227
S01011407,65 and over,225,0,225
S01011408,All people aged 3 and over,803,1,802
S01011408,3 to 15,112,1,111
S01011408,16 to 24,106,0,106
S01011408,25 to 34,104,0,104
S01011408,35 to 49,140,0,140
S01011408,50 to 64,182,0,182
S01011408,65 and over,159,0,159
S01011409,All people aged 3 and over,797,4,793
S01011409,3 to 15,166,0,166
S01011409,16 to 24,112,0,112
S01011409,25 to 34,118,0,118
S01011409,35 to 49,167,3,164
S01011409,50 to 64,143,1,142
S01011409,65 and over,91,0,91
S01011410,All people aged 3 and over,609,1,608
S01011410,3 to 15,69,0,69
S01011410,16 to 24,62,0,62
S01011410,25 to 34,101,0,101
S01011410,35 to 49,99,1,98
S01011410,50 to 64,136,0,136
S01011410,65 and over,142,0,142
S01011411,All people aged 3 and over,649,2,647
S01011411,3 to 15,94,0,94
S01011411,16 to 24,78,0,78
S01011411,25 to 34,82,0,82
S01011411,35 to 49,127,0,127
S01011411,50 to 64,129,1,128
S01011411,65 and over,139,1,138
S01011412,All people aged 3 and over,843,2,841
S01011412,3 to 15,92,0,92
S01011412,16 to 24,102,0,102
S01011412,25 to 34,59,0,59
S01011412,35 to 49,162,0,162
S01011412,50 to 64,222,0,222
S01011412,65 and over,206,2,204
S01011413,All people aged 3 and over,543,5,538
S01011413,3 to 15,84,0,84
S01011413,16 to 24,81,0,81
S01011413,25 to 34,75,2,73
S01011413,35 to 49,158,1,157
S01011413,50 to 64,105,2,103
S01011413,65 and over,40,0,40
S01011414,All people aged 3 and over,802,1,801
S01011414,3 to 15,134,0,134
S01011414,16 to 24,86,0,86
S01011414,25 to 34,113,1,112
S01011414,35 to 49,157,0,157
S01011414,50 to 64,165,0,165
S01011414,65 and over,147,0,147
S01011415,All people aged 3 and over,851,2,849
S01011415,3 to 15,123,1,122
S01011415,16 to 24,93,0,93
S01011415,25 to 34,105,0,105
S01011415,35 to 49,215,1,214
S01011415,50 to 64,179,0,179
S01011415,65 and over,136,0,136
S01011416,All people aged 3 and over,608,2,606
S01011416,3 to 15,78,0,78
S01011416,16 to 24,79,1,78
S01011416,25 to 34,65,0,65
S01011416,35 to 49,133,0,133
S01011416,50 to 64,174,0,174
S01011416,65 and over,79,1,78
S01011417,All people aged 3 and over,793,2,791
S01011417,3 to 15,107,0,107
S01011417,16 to 24,77,0,77
S01011417,25 to 34,92,0,92
S01011417,35 to 49,142,2,140
S01011417,50 to 64,169,0,169
S01011417,65 and over,206,0,206
S01011418,All people aged 3 and over,534,4,530
S01011418,3 to 15,71,0,71
S01011418,16 to 24,56,0,56
S01011418,25 to 34,62,0,62
S01011418,35 to 49,106,2,104
S01011418,50 to 64,131,1,130
S01011418,65 and over,108,1,107
S01011419,All people aged 3 and over,540,5,535
S01011419,3 to 15,69,0,69
S01011419,16 to 24,65,0,65
S01011419,25 to 34,41,1,40
S01011419,35 to 49,148,1,147
S01011419,50 to 64,118,3,115
S01011419,65 and over,99,0,99
S01011420,All people aged 3 and over,474,1,473
S01011420,3 to 15,69,0,69
S01011420,16 to 24,69,0,69
S01011420,25 to 34,74,0,74
S01011420,35 to 49,99,0,99
S01011420,50 to 64,90,0,90
S01011420,65 and over,73,1,72
S01011421,All people aged 3 and over,578,3,575
S01011421,3 to 15,133,0,133
S01011421,16 to 24,61,1,60
S01011421,25 to 34,141,1,140
S01011421,35 to 49,171,1,170
S01011421,50 to 64,48,0,48
S01011421,65 and over,24,0,24
S01011422,All people aged 3 and over,638,4,634
S01011422,3 to 15,98,1,97
S01011422,16 to 24,83,1,82
S01011422,25 to 34,65,0,65
S01011422,35 to 49,147,2,145
S01011422,50 to 64,141,0,141
S01011422,65 and over,104,0,104
S01011423,All people aged 3 and over,534,3,531
S01011423,3 to 15,118,1,117
S01011423,16 to 24,51,0,51
S01011423,25 to 34,87,0,87
S01011423,35 to 49,131,1,130
S01011423,50 to 64,75,1,74
S01011423,65 and over,72,0,72
S01011424,All people aged 3 and over,539,3,536
S01011424,3 to 15,73,0,73
S01011424,16 to 24,54,0,54
S01011424,25 to 34,81,0,81
S01011424,35 to 49,118,0,118
S01011424,50 to 64,114,2,112
S01011424,65 and over,99,1,98
S01011425,All people aged 3 and over,864,5,859
S01011425,3 to 15,173,1,172
S01011425,16 to 24,105,1,104
S01011425,25 to 34,99,0,99
S01011425,35 to 49,186,1,185
S01011425,50 to 64,165,2,163
S01011425,65 and over,136,0,136
S01011426,All people aged 3 and over,995,3,992
S01011426,3 to 15,190,0,190
S01011426,16 to 24,78,0,78
S01011426,25 to 34,175,0,175
S01011426,35 to 49,283,1,282
S01011426,50 to 64,114,2,112
S01011426,65 and over,155,0,155
S01011427,All people aged 3 and over,655,3,652
S01011427,3 to 15,93,0,93
S01011427,16 to 24,75,0,75
S01011427,25 to 34,93,0,93
S01011427,35 to 49,163,0,163
S01011427,50 to 64,126,3,123
S01011427,65 and over,105,0,105
S01011428,All people aged 3 and over,489,2,487
S01011428,3 to 15,56,0,56
S01011428,16 to 24,46,0,46
S01011428,25 to 34,69,1,68
S01011428,35 to 49,88,1,87
S01011428,50 to 64,124,0,124
S01011428,65 and over,106,0,106
S01011429,All people aged 3 and over,1139,24,1115
S01011429,3 to 15,91,0,91
S01011429,16 to 24,138,1,137
S01011429,25 to 34,263,10,253
S01011429,35 to 49,415,8,407
S01011429,50 to 64,170,4,166
S01011429,65 and over,62,1,61
S01011430,All people aged 3 and over,889,6,883
S01011430,3 to 15,127,0,127
S01011430,16 to 24,96,0,96
S01011430,25 to 34,140,0,140
S01011430,35 to 49,195,1,194
S01011430,50 to 64,179,2,177
S01011430,65 and over,152,3,149
S01011431,All people aged 3 and over,1041,5,1036
S01011431,3 to 15,130,0,130
S01011431,16 to 24,118,0,118
S01011431,25 to 34,132,0,132
S01011431,35 to 49,219,1,218
S01011431,50 to 64,212,1,211
S01011431,65 and over,230,3,227
S01011432,All people aged 3 and over,992,4,988
S01011432,3 to 15,120,0,120
S01011432,16 to 24,115,0,115
S01011432,25 to 34,117,0,117
S01011432,35 to 49,209,1,208
S01011432,50 to 64,240,2,238
S01011432,65 and over,191,1,190
S01011433,All people aged 3 and over,866,6,860
S01011433,3 to 15,200,1,199
S01011433,16 to 24,134,1,133
S01011433,25 to 34,128,0,128
S01011433,35 to 49,222,2,220
S01011433,50 to 64,108,0,108
S01011433,65 and over,74,2,72
S01011434,All people aged 3 and over,550,1,549
S01011434,3 to 15,66,0,66
S01011434,16 to 24,56,0,56
S01011434,25 to 34,68,0,68
S01011434,35 to 49,116,0,116
S01011434,50 to 64,125,0,125
S01011434,65 and over,119,1,118
S01011435,All people aged 3 and over,893,1,892
S01011435,3 to 15,128,0,128
S01011435,16 to 24,117,0,117
S01011435,25 to 34,102,1,101
S01011435,35 to 49,230,0,230
S01011435,50 to 64,190,0,190
S01011435,65 and over,126,0,126
S01011436,All people aged 3 and over,689,9,680
S01011436,3 to 15,85,1,84
S01011436,16 to 24,94,0,94
S01011436,25 to 34,117,0,117
S01011436,35 to 49,160,5,155
S01011436,50 to 64,119,2,117
S01011436,65 and over,114,1,113
S01011437,All people aged 3 and over,707,5,702
S01011437,3 to 15,97,0,97
S01011437,16 to 24,88,0,88
S01011437,25 to 34,102,2,100
S01011437,35 to 49,144,2,142
S01011437,50 to 64,150,1,149
S01011437,65 and over,126,0,126
S01011438,All people aged 3 and over,515,1,514
S01011438,3 to 15,88,1,87
S01011438,16 to 24,86,0,86
S01011438,25 to 34,83,0,83
S01011438,35 to 49,113,0,113
S01011438,50 to 64,86,0,86
S01011438,65 and over,59,0,59
S01011439,All people aged 3 and over,865,1,864
S01011439,3 to 15,126,0,126
S01011439,16 to 24,82,0,82
S01011439,25 to 34,115,0,115
S01011439,35 to 49,180,1,179
S01011439,50 to 64,203,0,203
S01011439,65 and over,159,0,159
S01011440,All people aged 3 and over,566,2,564
S01011440,3 to 15,81,0,81
S01011440,16 to 24,62,1,61
S01011440,25 to 34,70,0,70
S01011440,35 to 49,133,0,133
S01011440,50 to 64,124,1,123
S01011440,65 and over,96,0,96
S01011441,All people aged 3 and over,743,4,739
S01011441,3 to 15,103,0,103
S01011441,16 to 24,103,1,102
S01011441,25 to 34,87,1,86
S01011441,35 to 49,172,2,170
S01011441,50 to 64,168,0,168
S01011441,65 and over,110,0,110
S01011442,All people aged 3 and over,655,1,654
S01011442,3 to 15,88,0,88
S01011442,16 to 24,74,1,73
S01011442,25 to 34,75,0,75
S01011442,35 to 49,152,0,152
S01011442,50 to 64,129,0,129
S01011442,65 and over,137,0,137
S01011443,All people aged 3 and over,607,0,607
S01011443,3 to 15,94,0,94
S01011443,16 to 24,69,0,69
S01011443,25 to 34,52,0,52
S01011443,35 to 49,141,0,141
S01011443,50 to 64,125,0,125
S01011443,65 and over,126,0,126
S01011444,All people aged 3 and over,738,3,735
S01011444,3 to 15,127,0,127
S01011444,16 to 24,71,0,71
S01011444,25 to 34,100,0,100
S01011444,35 to 49,169,2,167
S01011444,50 to 64,144,0,144
S01011444,65 and over,127,1,126
S01011445,All people aged 3 and over,525,2,523
S01011445,3 to 15,94,0,94
S01011445,16 to 24,49,0,49
S01011445,25 to 34,80,0,80
S01011445,35 to 49,128,0,128
S01011445,50 to 64,100,1,99
S01011445,65 and over,74,1,73
S01011446,All people aged 3 and over,507,5,502
S01011446,3 to 15,82,1,81
S01011446,16 to 24,48,0,48
S01011446,25 to 34,61,2,59
S01011446,35 to 49,119,2,117
S01011446,50 to 64,110,0,110
S01011446,65 and over,87,0,87
S01011447,All people aged 3 and over,879,7,872
S01011447,3 to 15,197,2,195
S01011447,16 to 24,95,2,93
S01011447,25 to 34,117,0,117
S01011447,35 to 49,206,2,204
S01011447,50 to 64,179,1,178
S01011447,65 and over,85,0,85
S01011448,All people aged 3 and over,876,4,872
S01011448,3 to 15,116,0,116
S01011448,16 to 24,109,1,108
S01011448,25 to 34,116,0,116
S01011448,35 to 49,190,2,188
S01011448,50 to 64,204,1,203
S01011448,65 and over,141,0,141
S01011449,All people aged 3 and over,514,0,514
S01011449,3 to 15,63,0,63
S01011449,16 to 24,49,0,49
S01011449,25 to 34,77,0,77
S01011449,35 to 49,98,0,98
S01011449,50 to 64,119,0,119
S01011449,65 and over,108,0,108
S01011450,All people aged 3 and over,619,2,617
S01011450,3 to 15,126,0,126
S01011450,16 to 24,69,0,69
S01011450,25 to 34,72,0,72
S01011450,35 to 49,175,0,175
S01011450,50 to 64,97,0,97
S01011450,65 and over,80,2,78
S01011451,All people aged 3 and over,725,2,723
S01011451,3 to 15,177,0,177
S01011451,16 to 24,132,1,131
S01011451,25 to 34,59,0,59
S01011451,35 to 49,196,0,196
S01011451,50 to 64,134,1,133
S01011451,65 and over,27,0,27
S01011452,All people aged 3 and over,905,1,904
S01011452,3 to 15,127,0,127
S01011452,16 to 24,106,0,106
S01011452,25 to 34,142,0,142
S01011452,35 to 49,220,1,219
S01011452,50 to 64,211,0,211
S01011452,65 and over,99,0,99
S01011453,All people aged 3 and over,703,0,703
S01011453,3 to 15,118,0,118
S01011453,16 to 24,90,0,90
S01011453,25 to 34,76,0,76
S01011453,35 to 49,153,0,153
S01011453,50 to 64,137,0,137
S01011453,65 and over,129,0,129
S01011454,All people aged 3 and over,776,5,771
S01011454,3 to 15,142,0,142
S01011454,16 to 24,94,0,94
S01011454,25 to 34,93,0,93
S01011454,35 to 49,159,1,158
S01011454,50 to 64,150,3,147
S01011454,65 and over,138,1,137
S01011455,All people aged 3 and over,723,4,719
S01011455,3 to 15,100,1,99
S01011455,16 to 24,96,2,94
S01011455,25 to 34,60,0,60
S01011455,35 to 49,157,0,157
S01011455,50 to 64,177,0,177
S01011455,65 and over,133,1,132
S01011456,All people aged 3 and over,790,7,783
S01011456,3 to 15,100,1,99
S01011456,16 to 24,113,3,110
S01011456,25 to 34,89,3,86
S01011456,35 to 49,151,0,151
S01011456,50 to 64,199,0,199
S01011456,65 and over,138,0,138
S01011457,All people aged 3 and over,888,3,885
S01011457,3 to 15,157,0,157
S01011457,16 to 24,120,1,119
S01011457,25 to 34,115,0,115
S01011457,35 to 49,188,0,188
S01011457,50 to 64,204,1,203
S01011457,65 and over,104,1,103
S01011458,All people aged 3 and over,1082,4,1078
S01011458,3 to 15,209,0,209
S01011458,16 to 24,176,0,176
S01011458,25 to 34,122,0,122
S01011458,35 to 49,314,1,313
S01011458,50 to 64,207,3,204
S01011458,65 and over,54,0,54
S01011459,All people aged 3 and over,980,4,976
S01011459,3 to 15,193,0,193
S01011459,16 to 24,105,0,105
S01011459,25 to 34,212,2,210
S01011459,35 to 49,291,2,289
S01011459,50 to 64,108,0,108
S01011459,65 and over,71,0,71
S01011460,All people aged 3 and over,729,2,727
S01011460,3 to 15,175,0,175
S01011460,16 to 24,80,0,80
S01011460,25 to 34,110,0,110
S01011460,35 to 49,178,0,178
S01011460,50 to 64,120,2,118
S01011460,65 and over,66,0,66
S01011461,All people aged 3 and over,697,1,696
S01011461,3 to 15,117,0,117
S01011461,16 to 24,99,0,99
S01011461,25 to 34,118,0,118
S01011461,35 to 49,171,1,170
S01011461,50 to 64,136,0,136
S01011461,65 and over,56,0,56
S01011462,All people aged 3 and over,873,5,868
S01011462,3 to 15,113,2,111
S01011462,16 to 24,118,0,118
S01011462,25 to 34,99,2,97
S01011462,35 to 49,222,1,221
S01011462,50 to 64,169,0,169
S01011462,65 and over,152,0,152
S01011463,All people aged 3 and over,647,2,645
S01011463,3 to 15,91,0,91
S01011463,16 to 24,69,0,69
S01011463,25 to 34,85,0,85
S01011463,35 to 49,157,0,157
S01011463,50 to 64,136,0,136
S01011463,65 and over,109,2,107
S01011464,All people aged 3 and over,527,1,526
S01011464,3 to 15,91,0,91
S01011464,16 to 24,82,0,82
S01011464,25 to 34,128,0,128
S01011464,35 to 49,164,1,163
S01011464,50 to 64,47,0,47
S01011464,65 and over,15,0,15
S01011465,All people aged 3 and over,526,0,526
S01011465,3 to 15,120,0,120
S01011465,16 to 24,62,0,62
S01011465,25 to 34,60,0,60
S01011465,35 to 49,126,0,126
S01011465,50 to 64,91,0,91
S01011465,65 and over,67,0,67
S01011466,All people aged 3 and over,566,5,561
S01011466,3 to 15,72,0,72
S01011466,16 to 24,65,0,65
S01011466,25 to 34,80,0,80
S01011466,35 to 49,120,4,116
S01011466,50 to 64,123,0,123
S01011466,65 and over,106,1,105
S01011467,All people aged 3 and over,519,2,517
S01011467,3 to 15,101,0,101
S01011467,16 to 24,60,0,60
S01011467,25 to 34,60,0,60
S01011467,35 to 49,151,2,149
S01011467,50 to 64,97,0,97
S01011467,65 and over,50,0,50
S01011468,All people aged 3 and over,851,1,850
S01011468,3 to 15,228,0,228
S01011468,16 to 24,76,0,76
S01011468,25 to 34,182,1,181
S01011468,35 to 49,276,0,276
S01011468,50 to 64,73,0,73
S01011468,65 and over,16,0,16
S01011469,All people aged 3 and over,817,9,808
S01011469,3 to 15,178,4,174
S01011469,16 to 24,144,2,142
S01011469,25 to 34,119,1,118
S01011469,35 to 49,200,2,198
S01011469,50 to 64,115,0,115
S01011469,65 and over,61,0,61
S01011470,All people aged 3 and over,1058,12,1046
S01011470,3 to 15,130,2,128
S01011470,16 to 24,134,0,134
S01011470,25 to 34,137,1,136
S01011470,35 to 49,247,3,244
S01011470,50 to 64,203,1,202
S01011470,65 and over,207,5,202
S01011471,All people aged 3 and over,852,3,849
S01011471,3 to 15,76,0,76
S01011471,16 to 24,76,1,75
S01011471,25 to 34,91,0,91
S01011471,35 to 49,181,0,181
S01011471,50 to 64,184,0,184
S01011471,65 and over,244,2,242
S01011472,All people aged 3 and over,852,8,844
S01011472,3 to 15,84,2,82
S01011472,16 to 24,103,1,102
S01011472,25 to 34,139,1,138
S01011472,35 to 49,197,1,196
S01011472,50 to 64,145,3,142
S01011472,65 and over,184,0,184
S01011473,All people aged 3 and over,655,6,649
S01011473,3 to 15,42,2,40
S01011473,16 to 24,51,1,50
S01011473,25 to 34,58,0,58
S01011473,35 to 49,109,1,108
S01011473,50 to 64,150,2,148
S01011473,65 and over,245,0,245
S01011474,All people aged 3 and over,782,3,779
S01011474,3 to 15,92,0,92
S01011474,16 to 24,65,0,65
S01011474,25 to 34,115,0,115
S01011474,35 to 49,148,1,147
S01011474,50 to 64,130,2,128
S01011474,65 and over,232,0,232
S01011475,All people aged 3 and over,590,6,584
S01011475,3 to 15,70,2,68
S01011475,16 to 24,42,0,42
S01011475,25 to 34,75,3,72
S01011475,35 to 49,106,0,106
S01011475,50 to 64,113,1,112
S01011475,65 and over,184,0,184
S01011476,All people aged 3 and over,476,1,475
S01011476,3 to 15,63,0,63
S01011476,16 to 24,59,0,59
S01011476,25 to 34,39,0,39
S01011476,35 to 49,112,1,111
S01011476,50 to 64,118,0,118
S01011476,65 and over,85,0,85
S01011477,All people aged 3 and over,835,4,831
S01011477,3 to 15,125,0,125
S01011477,16 to 24,92,0,92
S01011477,25 to 34,49,1,48
S01011477,35 to 49,172,0,172
S01011477,50 to 64,235,2,233
S01011477,65 and over,162,1,161
S01011478,All people aged 3 and over,1031,8,1023
S01011478,3 to 15,170,1,169
S01011478,16 to 24,100,1,99
S01011478,25 to 34,106,1,105
S01011478,35 to 49,257,2,255
S01011478,50 to 64,233,1,232
S01011478,65 and over,165,2,163
S01011479,All people aged 3 and over,764,1,763
S01011479,3 to 15,71,0,71
S01011479,16 to 24,67,0,67
S01011479,25 to 34,98,0,98
S01011479,35 to 49,158,1,157
S01011479,50 to 64,194,0,194
S01011479,65 and over,176,0,176
S01011480,All people aged 3 and over,999,7,992
S01011480,3 to 15,143,0,143
S01011480,16 to 24,87,0,87
S01011480,25 to 34,112,1,111
S01011480,35 to 49,246,1,245
S01011480,50 to 64,194,1,193
S01011480,65 and over,217,4,213
S01011481,All people aged 3 and over,767,1,766
S01011481,3 to 15,130,0,130
S01011481,16 to 24,72,1,71
S01011481,25 to 34,138,0,138
S01011481,35 to 49,231,0,231
S01011481,50 to 64,98,0,98
S01011481,65 and over,98,0,98
S01011482,All people aged 3 and over,870,3,867
S01011482,3 to 15,123,0,123
S01011482,16 to 24,96,0,96
S01011482,25 to 34,130,0,130
S01011482,35 to 49,163,2,161
S01011482,50 to 64,146,0,146
S01011482,65 and over,212,1,211
S01011483,All people aged 3 and over,517,3,514
S01011483,3 to 15,79,0,79
S01011483,16 to 24,49,0,49
S01011483,25 to 34,62,0,62
S01011483,35 to 49,121,0,121
S01011483,50 to 64,142,3,139
S01011483,65 and over,64,0,64
S01011484,All people aged 3 and over,841,2,839
S01011484,3 to 15,131,0,131
S01011484,16 to 24,102,0,102
S01011484,25 to 34,104,0,104
S01011484,35 to 49,172,1,171
S01011484,50 to 64,192,1,191
S01011484,65 and over,140,0,140
S01011485,All people aged 3 and over,929,2,927
S01011485,3 to 15,175,0,175
S01011485,16 to 24,136,1,135
S01011485,25 to 34,90,0,90
S01011485,35 to 49,208,0,208
S01011485,50 to 64,169,0,169
S01011485,65 and over,151,1,150
S01011486,All people aged 3 and over,545,2,543
S01011486,3 to 15,108,0,108
S01011486,16 to 24,70,0,70
S01011486,25 to 34,67,0,67
S01011486,35 to 49,112,0,112
S01011486,50 to 64,90,2,88
S01011486,65 and over,98,0,98
S01011487,All people aged 3 and over,1088,3,1085
S01011487,3 to 15,211,0,211
S01011487,16 to 24,154,0,154
S01011487,25 to 34,170,2,168
S01011487,35 to 49,258,0,258
S01011487,50 to 64,141,0,141
S01011487,65 and over,154,1,153
S01011488,All people aged 3 and over,674,0,674
S01011488,3 to 15,155,0,155
S01011488,16 to 24,75,0,75
S01011488,25 to 34,102,0,102
S01011488,35 to 49,137,0,137
S01011488,50 to 64,94,0,94
S01011488,65 and over,111,0,111
S01011489,All people aged 3 and over,711,1,710
S01011489,3 to 15,168,0,168
S01011489,16 to 24,90,0,90
S01011489,25 to 34,105,0,105
S01011489,35 to 49,255,0,255
S01011489,50 to 64,83,1,82
S01011489,65 and over,10,0,10
S01011490,All people aged 3 and over,992,6,986
S01011490,3 to 15,128,0,128
S01011490,16 to 24,85,0,85
S01011490,25 to 34,148,1,147
S01011490,35 to 49,228,2,226
S01011490,50 to 64,192,2,190
S01011490,65 and over,211,1,210
S01011491,All people aged 3 and over,490,1,489
S01011491,3 to 15,75,0,75
S01011491,16 to 24,52,0,52
S01011491,25 to 34,69,1,68
S01011491,35 to 49,114,0,114
S01011491,50 to 64,104,0,104
S01011491,65 and over,76,0,76
S01011492,All people aged 3 and over,722,13,709
S01011492,3 to 15,125,3,122
S01011492,16 to 24,94,3,91
S01011492,25 to 34,212,2,210
S01011492,35 to 49,135,2,133
S01011492,50 to 64,91,3,88
S01011492,65 and over,65,0,65
S01011493,All people aged 3 and over,525,1,524
S01011493,3 to 15,127,0,127
S01011493,16 to 24,70,0,70
S01011493,25 to 34,57,1,56
S01011493,35 to 49,168,0,168
S01011493,50 to 64,85,0,85
S01011493,65 and over,18,0,18
S01011494,All people aged 3 and over,710,4,706
S01011494,3 to 15,93,0,93
S01011494,16 to 24,59,0,59
S01011494,25 to 34,95,2,93
S01011494,35 to 49,160,2,158
S01011494,50 to 64,153,0,153
S01011494,65 and over,150,0,150
S01011495,All people aged 3 and over,783,5,778
S01011495,3 to 15,119,1,118
S01011495,16 to 24,96,0,96
S01011495,25 to 34,108,3,105
S01011495,35 to 49,164,1,163
S01011495,50 to 64,152,0,152
S01011495,65 and over,144,0,144
S01011496,All people aged 3 and over,610,3,607
S01011496,3 to 15,116,0,116
S01011496,16 to 24,83,1,82
S01011496,25 to 34,106,1,105
S01011496,35 to 49,165,0,165
S01011496,50 to 64,88,1,87
S01011496,65 and over,52,0,52
S01011497,All people aged 3 and over,591,0,591
S01011497,3 to 15,99,0,99
S01011497,16 to 24,85,0,85
S01011497,25 to 34,108,0,108
S01011497,35 to 49,168,0,168
S01011497,50 to 64,97,0,97
S01011497,65 and over,34,0,34
S01011498,All people aged 3 and over,656,2,654
S01011498,3 to 15,117,0,117
S01011498,16 to 24,103,1,102
S01011498,25 to 34,89,0,89
S01011498,35 to 49,210,0,210
S01011498,50 to 64,110,1,109
S01011498,65 and over,27,0,27
S01011499,All people aged 3 and over,771,1,770
S01011499,3 to 15,95,0,95
S01011499,16 to 24,114,0,114
S01011499,25 to 34,125,0,125
S01011499,35 to 49,160,1,159
S01011499,50 to 64,175,0,175
S01011499,65 and over,102,0,102
S01011500,All people aged 3 and over,487,2,485
S01011500,3 to 15,63,0,63
S01011500,16 to 24,51,0,51
S01011500,25 to 34,70,0,70
S01011500,35 to 49,108,0,108
S01011500,50 to 64,117,2,115
S01011500,65 and over,78,0,78
S01011501,All people aged 3 and over,650,1,649
S01011501,3 to 15,113,0,113
S01011501,16 to 24,83,0,83
S01011501,25 to 34,80,0,80
S01011501,35 to 49,142,1,141
S01011501,50 to 64,124,0,124
S01011501,65 and over,108,0,108
S01011502,All people aged 3 and over,728,8,720
S01011502,3 to 15,118,2,116
S01011502,16 to 24,87,2,85
S01011502,25 to 34,116,0,116
S01011502,35 to 49,133,2,131
S01011502,50 to 64,148,2,146
S01011502,65 and over,126,0,126
S01011503,All people aged 3 and over,624,4,620
S01011503,3 to 15,116,2,114
S01011503,16 to 24,72,0,72
S01011503,25 to 34,74,0,74
S01011503,35 to 49,144,1,143
S01011503,50 to 64,128,1,127
S01011503,65 and over,90,0,90
S01011504,All people aged 3 and over,565,1,564
S01011504,3 to 15,82,0,82
S01011504,16 to 24,73,0,73
S01011504,25 to 34,45,0,45
S01011504,35 to 49,138,1,137
S01011504,50 to 64,121,0,121
S01011504,65 and over,106,0,106
S01011505,All people aged 3 and over,668,1,667
S01011505,3 to 15,116,0,116
S01011505,16 to 24,87,0,87
S01011505,25 to 34,96,0,96
S01011505,35 to 49,194,0,194
S01011505,50 to 64,106,1,105
S01011505,65 and over,69,0,69
S01011506,All people aged 3 and over,492,0,492
S01011506,3 to 15,60,0,60
S01011506,16 to 24,51,0,51
S01011506,25 to 34,46,0,46
S01011506,35 to 49,85,0,85
S01011506,50 to 64,116,0,116
S01011506,65 and over,134,0,134
S01011507,All people aged 3 and over,589,4,585
S01011507,3 to 15,75,0,75
S01011507,16 to 24,48,0,48
S01011507,25 to 34,74,0,74
S01011507,35 to 49,132,1,131
S01011507,50 to 64,145,2,143
S01011507,65 and over,115,1,114
S01011508,All people aged 3 and over,924,4,920
S01011508,3 to 15,136,0,136
S01011508,16 to 24,111,0,111
S01011508,25 to 34,186,1,185
S01011508,35 to 49,255,2,253
S01011508,50 to 64,157,0,157
S01011508,65 and over,79,1,78
S01011509,All people aged 3 and over,591,4,587
S01011509,3 to 15,70,0,70
S01011509,16 to 24,91,0,91
S01011509,25 to 34,69,1,68
S01011509,35 to 49,119,0,119
S01011509,50 to 64,161,2,159
S01011509,65 and over,81,1,80
S01011510,All people aged 3 and over,1077,2,1075
S01011510,3 to 15,237,0,237
S01011510,16 to 24,155,0,155
S01011510,25 to 34,135,1,134
S01011510,35 to 49,249,1,248
S01011510,50 to 64,159,0,159
S01011510,65 and over,142,0,142
S01011511,All people aged 3 and over,502,0,502
S01011511,3 to 15,67,0,67
S01011511,16 to 24,57,0,57
S01011511,25 to 34,73,0,73
S01011511,35 to 49,113,0,113
S01011511,50 to 64,101,0,101
S01011511,65 and over,91,0,91
S01011512,All people aged 3 and over,888,5,883
S01011512,3 to 15,195,0,195
S01011512,16 to 24,118,0,118
S01011512,25 to 34,134,1,133
S01011512,35 to 49,206,1,205
S01011512,50 to 64,147,1,146
S01011512,65 and over,88,2,86
S01011513,All people aged 3 and over,741,4,737
S01011513,3 to 15,132,0,132
S01011513,16 to 24,100,0,100
S01011513,25 to 34,102,2,100
S01011513,35 to 49,151,2,149
S01011513,50 to 64,166,0,166
S01011513,65 and over,90,0,90
S01011514,All people aged 3 and over,909,11,898
S01011514,3 to 15,177,0,177
S01011514,16 to 24,130,1,129
S01011514,25 to 34,122,0,122
S01011514,35 to 49,182,5,177
S01011514,50 to 64,185,0,185
S01011514,65 and over,113,5,108
S01011515,All people aged 3 and over,511,2,509
S01011515,3 to 15,60,0,60
S01011515,16 to 24,63,0,63
S01011515,25 to 34,75,0,75
S01011515,35 to 49,149,0,149
S01011515,50 to 64,117,0,117
S01011515,65 and over,47,2,45
S01011516,All people aged 3 and over,852,9,843
S01011516,3 to 15,134,2,132
S01011516,16 to 24,97,0,97
S01011516,25 to 34,118,2,116
S01011516,35 to 49,258,3,255
S01011516,50 to 64,189,1,188
S01011516,65 and over,56,1,55
S01011517,All people aged 3 and over,547,2,545
S01011517,3 to 15,94,0,94
S01011517,16 to 24,64,0,64
S01011517,25 to 34,53,0,53
S01011517,35 to 49,114,0,114
S01011517,50 to 64,120,2,118
S01011517,65 and over,102,0,102
S01011518,All people aged 3 and over,647,0,647
S01011518,3 to 15,95,0,95
S01011518,16 to 24,72,0,72
S01011518,25 to 34,65,0,65
S01011518,35 to 49,123,0,123
S01011518,50 to 64,138,0,138
S01011518,65 and over,154,0,154
S01011519,All people aged 3 and over,761,2,759
S01011519,3 to 15,119,0,119
S01011519,16 to 24,97,0,97
S01011519,25 to 34,92,1,91
S01011519,35 to 49,152,0,152
S01011519,50 to 64,183,1,182
S01011519,65 and over,118,0,118
S01011520,All people aged 3 and over,575,1,574
S01011520,3 to 15,105,0,105
S01011520,16 to 24,72,0,72
S01011520,25 to 34,77,0,77
S01011520,35 to 49,124,0,124
S01011520,50 to 64,101,1,100
S01011520,65 and over,96,0,96
S01011521,All people aged 3 and over,920,7,913
S01011521,3 to 15,167,3,164
S01011521,16 to 24,121,0,121
S01011521,25 to 34,161,1,160
S01011521,35 to 49,192,1,191
S01011521,50 to 64,168,1,167
S01011521,65 and over,111,1,110
S01011522,All people aged 3 and over,866,2,864
S01011522,3 to 15,122,0,122
S01011522,16 to 24,96,0,96
S01011522,25 to 34,111,0,111
S01011522,35 to 49,207,0,207
S01011522,50 to 64,179,1,178
S01011522,65 and over,151,1,150
S01011523,All people aged 3 and over,716,1,715
S01011523,3 to 15,105,0,105
S01011523,16 to 24,90,0,90
S01011523,25 to 34,113,0,113
S01011523,35 to 49,191,0,191
S01011523,50 to 64,139,0,139
S01011523,65 and over,78,1,77
S01011524,All people aged 3 and over,866,5,861
S01011524,3 to 15,104,0,104
S01011524,16 to 24,94,0,94
S01011524,25 to 34,106,1,105
S01011524,35 to 49,214,3,211
S01011524,50 to 64,239,1,238
S01011524,65 and over,109,0,109
S01011525,All people aged 3 and over,941,4,937
S01011525,3 to 15,158,0,158
S01011525,16 to 24,74,1,73
S01011525,25 to 34,90,0,90
S01011525,35 to 49,226,2,224
S01011525,50 to 64,225,1,224
S01011525,65 and over,168,0,168
S01011526,All people aged 3 and over,980,3,977
S01011526,3 to 15,166,0,166
S01011526,16 to 24,121,0,121
S01011526,25 to 34,113,0,113
S01011526,35 to 49,231,0,231
S01011526,50 to 64,197,2,195
S01011526,65 and over,152,1,151
S01011527,All people aged 3 and over,693,2,691
S01011527,3 to 15,83,0,83
S01011527,16 to 24,76,0,76
S01011527,25 to 34,58,1,57
S01011527,35 to 49,134,1,133
S01011527,50 to 64,174,0,174
S01011527,65 and over,168,0,168
S01011528,All people aged 3 and over,944,1,943
S01011528,3 to 15,114,0,114
S01011528,16 to 24,110,0,110
S01011528,25 to 34,123,0,123
S01011528,35 to 49,193,0,193
S01011528,50 to 64,194,1,193
S01011528,65 and over,210,0,210
S01011529,All people aged 3 and over,513,3,510
S01011529,3 to 15,91,0,91
S01011529,16 to 24,52,0,52
S01011529,25 to 34,77,0,77
S01011529,35 to 49,94,2,92
S01011529,50 to 64,98,0,98
S01011529,65 and over,101,1,100
S01011530,All people aged 3 and over,921,4,917
S01011530,3 to 15,111,0,111
S01011530,16 to 24,122,0,122
S01011530,25 to 34,124,0,124
S01011530,35 to 49,193,2,191
S01011530,50 to 64,206,2,204
S01011530,65 and over,165,0,165
S01011531,All people aged 3 and over,1050,3,1047
S01011531,3 to 15,140,0,140
S01011531,16 to 24,112,0,112
S01011531,25 to 34,179,1,178
S01011531,35 to 49,224,0,224
S01011531,50 to 64,195,0,195
S01011531,65 and over,200,2,198
S01011532,All people aged 3 and over,616,4,612
S01011532,3 to 15,141,0,141
S01011532,16 to 24,64,2,62
S01011532,25 to 34,82,0,82
S01011532,35 to 49,204,1,203
S01011532,50 to 64,93,1,92
S01011532,65 and over,32,0,32
S01011533,All people aged 3 and over,659,2,657
S01011533,3 to 15,89,0,89
S01011533,16 to 24,82,0,82
S01011533,25 to 34,72,0,72
S01011533,35 to 49,135,0,135
S01011533,50 to 64,133,2,131
S01011533,65 and over,148,0,148
S01011534,All people aged 3 and over,730,2,728
S01011534,3 to 15,134,0,134
S01011534,16 to 24,64,0,64
S01011534,25 to 34,91,0,91
S01011534,35 to 49,187,1,186
S01011534,50 to 64,135,1,134
S01011534,65 and over,119,0,119
S01011535,All people aged 3 and over,899,3,896
S01011535,3 to 15,134,0,134
S01011535,16 to 24,99,1,98
S01011535,25 to 34,129,1,128
S01011535,35 to 49,189,0,189
S01011535,50 to 64,111,0,111
S01011535,65 and over,237,1,236
S01011536,All people aged 3 and over,659,3,656
S01011536,3 to 15,86,0,86
S01011536,16 to 24,82,0,82
S01011536,25 to 34,82,1,81
S01011536,35 to 49,126,1,125
S01011536,50 to 64,210,1,209
S01011536,65 and over,73,0,73
S01011537,All people aged 3 and over,512,0,512
S01011537,3 to 15,67,0,67
S01011537,16 to 24,70,0,70
S01011537,25 to 34,93,0,93
S01011537,35 to 49,161,0,161
S01011537,50 to 64,84,0,84
S01011537,65 and over,37,0,37
S01011538,All people aged 3 and over,633,8,625
S01011538,3 to 15,74,2,72
S01011538,16 to 24,83,0,83
S01011538,25 to 34,80,2,78
S01011538,35 to 49,137,1,136
S01011538,50 to 64,170,2,168
S01011538,65 and over,89,1,88
S01011539,All people aged 3 and over,710,1,709
S01011539,3 to 15,91,0,91
S01011539,16 to 24,98,0,98
S01011539,25 to 34,104,0,104
S01011539,35 to 49,141,0,141
S01011539,50 to 64,148,1,147
S01011539,65 and over,128,0,128
S01011540,All people aged 3 and over,1024,6,1018
S01011540,3 to 15,175,0,175
S01011540,16 to 24,103,0,103
S01011540,25 to 34,135,0,135
S01011540,35 to 49,233,4,229
S01011540,50 to 64,212,1,211
S01011540,65 and over,166,1,165
S01011541,All people aged 3 and over,904,0,904
S01011541,3 to 15,188,0,188
S01011541,16 to 24,131,0,131
S01011541,25 to 34,126,0,126
S01011541,35 to 49,219,0,219
S01011541,50 to 64,159,0,159
S01011541,65 and over,81,0,81
S01011542,All people aged 3 and over,897,5,892
S01011542,3 to 15,162,0,162
S01011542,16 to 24,102,0,102
S01011542,25 to 34,115,1,114
S01011542,35 to 49,223,4,219
S01011542,50 to 64,179,0,179
S01011542,65 and over,116,0,116
S01011543,All people aged 3 and over,775,1,774
S01011543,3 to 15,164,0,164
S01011543,16 to 24,108,0,108
S01011543,25 to 34,108,0,108
S01011543,35 to 49,189,0,189
S01011543,50 to 64,141,0,141
S01011543,65 and over,65,1,64
S01011544,All people aged 3 and over,657,4,653
S01011544,3 to 15,107,0,107
S01011544,16 to 24,71,1,70
S01011544,25 to 34,81,0,81
S01011544,35 to 49,126,1,125
S01011544,50 to 64,164,1,163
S01011544,65 and over,108,1,107
S01011545,All people aged 3 and over,556,3,553
S01011545,3 to 15,68,1,67
S01011545,16 to 24,70,1,69
S01011545,25 to 34,83,0,83
S01011545,35 to 49,98,1,97
S01011545,50 to 64,121,0,121
S01011545,65 and over,116,0,116
S01011546,All people aged 3 and over,725,1,724
S01011546,3 to 15,175,0,175
S01011546,16 to 24,111,0,111
S01011546,25 to 34,59,0,59
S01011546,35 to 49,232,1,231
S01011546,50 to 64,133,0,133
S01011546,65 and over,15,0,15
S01011547,All people aged 3 and over,580,4,576
S01011547,3 to 15,146,1,145
S01011547,16 to 24,73,1,72
S01011547,25 to 34,77,0,77
S01011547,35 to 49,195,2,193
S01011547,50 to 64,72,0,72
S01011547,65 and over,17,0,17
S01011548,All people aged 3 and over,722,4,718
S01011548,3 to 15,108,1,107
S01011548,16 to 24,71,0,71
S01011548,25 to 34,93,0,93
S01011548,35 to 49,157,2,155
S01011548,50 to 64,126,1,125
S01011548,65 and over,167,0,167
S01011549,All people aged 3 and over,777,4,773
S01011549,3 to 15,99,0,99
S01011549,16 to 24,84,1,83
S01011549,25 to 34,72,0,72
S01011549,35 to 49,144,0,144
S01011549,50 to 64,235,0,235
S01011549,65 and over,143,3,140
S01011550,All people aged 3 and over,695,1,694
S01011550,3 to 15,88,0,88
S01011550,16 to 24,80,0,80
S01011550,25 to 34,65,0,65
S01011550,35 to 49,115,0,115
S01011550,50 to 64,231,1,230
S01011550,65 and over,116,0,116
S01011551,All people aged 3 and over,533,1,532
S01011551,3 to 15,83,0,83
S01011551,16 to 24,65,0,65
S01011551,25 to 34,54,0,54
S01011551,35 to 49,119,0,119
S01011551,50 to 64,117,0,117
S01011551,65 and over,95,1,94
S01011552,All people aged 3 and over,693,4,689
S01011552,3 to 15,91,0,91
S01011552,16 to 24,103,1,102
S01011552,25 to 34,60,1,59
S01011552,35 to 49,172,2,170
S01011552,50 to 64,176,0,176
S01011552,65 and over,91,0,91
S01011553,All people aged 3 and over,814,1,813
S01011553,3 to 15,196,0,196
S01011553,16 to 24,103,0,103
S01011553,25 to 34,96,1,95
S01011553,35 to 49,275,0,275
S01011553,50 to 64,128,0,128
S01011553,65 and over,16,0,16
S01011554,All people aged 3 and over,859,3,856
S01011554,3 to 15,126,0,126
S01011554,16 to 24,89,0,89
S01011554,25 to 34,76,0,76
S01011554,35 to 49,183,1,182
S01011554,50 to 64,179,0,179
S01011554,65 and over,206,2,204
S01011555,All people aged 3 and over,537,1,536
S01011555,3 to 15,79,0,79
S01011555,16 to 24,98,0,98
S01011555,25 to 34,78,0,78
S01011555,35 to 49,137,0,137
S01011555,50 to 64,90,1,89
S01011555,65 and over,55,0,55
S01011556,All people aged 3 and over,490,0,490
S01011556,3 to 15,88,0,88
S01011556,16 to 24,53,0,53
S01011556,25 to 34,71,0,71
S01011556,35 to 49,127,0,127
S01011556,50 to 64,89,0,89
S01011556,65 and over,62,0,62
S01011557,All people aged 3 and over,731,0,731
S01011557,3 to 15,137,0,137
S01011557,16 to 24,84,0,84
S01011557,25 to 34,97,0,97
S01011557,35 to 49,170,0,170
S01011557,50 to 64,152,0,152
S01011557,65 and over,91,0,91
S01011558,All people aged 3 and over,552,5,547
S01011558,3 to 15,95,1,94
S01011558,16 to 24,71,0,71
S01011558,25 to 34,73,1,72
S01011558,35 to 49,131,2,129
S01011558,50 to 64,118,1,117
S01011558,65 and over,64,0,64
S01011559,All people aged 3 and over,600,1,599
S01011559,3 to 15,106,0,106
S01011559,16 to 24,79,1,78
S01011559,25 to 34,89,0,89
S01011559,35 to 49,118,0,118
S01011559,50 to 64,131,0,131
S01011559,65 and over,77,0,77
S01011560,All people aged 3 and over,736,6,730
S01011560,3 to 15,118,0,118
S01011560,16 to 24,93,2,91
S01011560,25 to 34,96,0,96
S01011560,35 to 49,170,2,168
S01011560,50 to 64,163,0,163
S01011560,65 and over,96,2,94
S01011561,All people aged 3 and over,811,2,809
S01011561,3 to 15,165,0,165
S01011561,16 to 24,112,0,112
S01011561,25 to 34,99,1,98
S01011561,35 to 49,176,0,176
S01011561,50 to 64,140,1,139
S01011561,65 and over,119,0,119
S01011562,All people aged 3 and over,613,1,612
S01011562,3 to 15,128,0,128
S01011562,16 to 24,92,0,92
S01011562,25 to 34,84,0,84
S01011562,35 to 49,175,1,174
S01011562,50 to 64,78,0,78
S01011562,65 and over,56,0,56
S01011563,All people aged 3 and over,739,10,729
S01011563,3 to 15,154,3,151
S01011563,16 to 24,112,2,110
S01011563,25 to 34,101,0,101
S01011563,35 to 49,189,4,185
S01011563,50 to 64,106,1,105
S01011563,65 and over,77,0,77
S01011564,All people aged 3 and over,924,4,920
S01011564,3 to 15,153,0,153
S01011564,16 to 24,99,0,99
S01011564,25 to 34,129,0,129
S01011564,35 to 49,223,1,222
S01011564,50 to 64,179,3,176
S01011564,65 and over,141,0,141
S01011565,All people aged 3 and over,910,5,905
S01011565,3 to 15,167,0,167
S01011565,16 to 24,114,0,114
S01011565,25 to 34,151,0,151
S01011565,35 to 49,222,0,222
S01011565,50 to 64,165,3,162
S01011565,65 and over,91,2,89
S01011566,All people aged 3 and over,872,8,864
S01011566,3 to 15,177,1,176
S01011566,16 to 24,114,0,114
S01011566,25 to 34,138,1,137
S01011566,35 to 49,194,2,192
S01011566,50 to 64,173,4,169
S01011566,65 and over,76,0,76
S01011567,All people aged 3 and over,936,3,933
S01011567,3 to 15,105,0,105
S01011567,16 to 24,88,0,88
S01011567,25 to 34,133,0,133
S01011567,35 to 49,159,2,157
S01011567,50 to 64,224,0,224
S01011567,65 and over,227,1,226
S01011568,All people aged 3 and over,813,0,813
S01011568,3 to 15,161,0,161
S01011568,16 to 24,73,0,73
S01011568,25 to 34,117,0,117
S01011568,35 to 49,220,0,220
S01011568,50 to 64,127,0,127
S01011568,65 and over,115,0,115
S01011569,All people aged 3 and over,923,12,911
S01011569,3 to 15,119,2,117
S01011569,16 to 24,98,1,97
S01011569,25 to 34,109,1,108
S01011569,35 to 49,216,4,212
S01011569,50 to 64,222,3,219
S01011569,65 and over,159,1,158
S01011570,All people aged 3 and over,707,5,702
S01011570,3 to 15,101,0,101
S01011570,16 to 24,69,2,67
S01011570,25 to 34,82,1,81
S01011570,35 to 49,161,1,160
S01011570,50 to 64,134,1,133
S01011570,65 and over,160,0,160
S01011571,All people aged 3 and over,630,4,626
S01011571,3 to 15,58,0,58
S01011571,16 to 24,63,0,63
S01011571,25 to 34,113,2,111
S01011571,35 to 49,130,0,130
S01011571,50 to 64,121,2,119
S01011571,65 and over,145,0,145
S01011572,All people aged 3 and over,561,0,561
S01011572,3 to 15,75,0,75
S01011572,16 to 24,65,0,65
S01011572,25 to 34,93,0,93
S01011572,35 to 49,128,0,128
S01011572,50 to 64,107,0,107
S01011572,65 and over,93,0,93
S01011573,All people aged 3 and over,1037,2,1035
S01011573,3 to 15,195,0,195
S01011573,16 to 24,106,0,106
S01011573,25 to 34,136,0,136
S01011573,35 to 49,321,1,320
S01011573,50 to 64,163,0,163
S01011573,65 and over,116,1,115
S01011574,All people aged 3 and over,760,1,759
S01011574,3 to 15,154,0,154
S01011574,16 to 24,82,0,82
S01011574,25 to 34,86,0,86
S01011574,35 to 49,220,0,220
S01011574,50 to 64,139,0,139
S01011574,65 and over,79,1,78
S01011575,All people aged 3 and over,513,6,507
S01011575,3 to 15,105,1,104
S01011575,16 to 24,60,0,60
S01011575,25 to 34,63,0,63
S01011575,35 to 49,128,2,126
S01011575,50 to 64,78,2,76
S01011575,65 and over,79,1,78
S01011576,All people aged 3 and over,874,4,870
S01011576,3 to 15,137,0,137
S01011576,16 to 24,88,1,87
S01011576,25 to 34,76,0,76
S01011576,35 to 49,174,2,172
S01011576,50 to 64,158,0,158
S01011576,65 and over,241,1,240
S01011577,All people aged 3 and over,671,5,666
S01011577,3 to 15,99,0,99
S01011577,16 to 24,72,1,71
S01011577,25 to 34,117,1,116
S01011577,35 to 49,169,3,166
S01011577,50 to 64,156,0,156
S01011577,65 and over,58,0,58
S01011578,All people aged 3 and over,802,7,795
S01011578,3 to 15,126,2,124
S01011578,16 to 24,146,1,145
S01011578,25 to 34,128,2,126
S01011578,35 to 49,178,1,177
S01011578,50 to 64,143,0,143
S01011578,65 and over,81,1,80
S01011579,All people aged 3 and over,1056,3,1053
S01011579,3 to 15,150,0,150
S01011579,16 to 24,136,1,135
S01011579,25 to 34,96,0,96
S01011579,35 to 49,232,0,232
S01011579,50 to 64,258,1,257
S01011579,65 and over,184,1,183
S01011580,All people aged 3 and over,719,4,715
S01011580,3 to 15,162,1,161
S01011580,16 to 24,88,0,88
S01011580,25 to 34,136,0,136
S01011580,35 to 49,187,3,184
S01011580,50 to 64,82,0,82
S01011580,65 and over,64,0,64
S01011581,All people aged 3 and over,771,3,768
S01011581,3 to 15,78,1,77
S01011581,16 to 24,71,0,71
S01011581,25 to 34,94,0,94
S01011581,35 to 49,158,1,157
S01011581,50 to 64,139,1,138
S01011581,65 and over,231,0,231
S01011582,All people aged 3 and over,1073,9,1064
S01011582,3 to 15,116,2,114
S01011582,16 to 24,110,1,109
S01011582,25 to 34,118,2,116
S01011582,35 to 49,252,1,251
S01011582,50 to 64,255,2,253
S01011582,65 and over,222,1,221
S01011583,All people aged 3 and over,639,0,639
S01011583,3 to 15,80,0,80
S01011583,16 to 24,79,0,79
S01011583,25 to 34,143,0,143
S01011583,35 to 49,135,0,135
S01011583,50 to 64,123,0,123
S01011583,65 and over,79,0,79
S01011584,All people aged 3 and over,684,0,684
S01011584,3 to 15,93,0,93
S01011584,16 to 24,85,0,85
S01011584,25 to 34,98,0,98
S01011584,35 to 49,134,0,134
S01011584,50 to 64,159,0,159
S01011584,65 and over,115,0,115
S01011585,All people aged 3 and over,685,3,682
S01011585,3 to 15,100,0,100
S01011585,16 to 24,85,0,85
S01011585,25 to 34,101,0,101
S01011585,35 to 49,146,1,145
S01011585,50 to 64,124,1,123
S01011585,65 and over,129,1,128
S01011586,All people aged 3 and over,562,2,560
S01011586,3 to 15,80,0,80
S01011586,16 to 24,70,0,70
S01011586,25 to 34,81,1,80
S01011586,35 to 49,129,0,129
S01011586,50 to 64,98,1,97
S01011586,65 and over,104,0,104
S01011587,All people aged 3 and over,555,4,551
S01011587,3 to 15,104,0,104
S01011587,16 to 24,79,0,79
S01011587,25 to 34,68,0,68
S01011587,35 to 49,142,2,140
S01011587,50 to 64,85,1,84
S01011587,65 and over,77,1,76
S01011588,All people aged 3 and over,764,6,758
S01011588,3 to 15,155,2,153
S01011588,16 to 24,115,1,114
S01011588,25 to 34,80,0,80
S01011588,35 to 49,169,1,168
S01011588,50 to 64,141,2,139
S01011588,65 and over,104,0,104
S01011589,All people aged 3 and over,853,4,849
S01011589,3 to 15,146,0,146
S01011589,16 to 24,102,0,102
S01011589,25 to 34,84,0,84
S01011589,35 to 49,189,1,188
S01011589,50 to 64,152,0,152
S01011589,65 and over,180,3,177
S01011590,All people aged 3 and over,668,5,663
S01011590,3 to 15,116,0,116
S01011590,16 to 24,71,1,70
S01011590,25 to 34,83,1,82
S01011590,35 to 49,148,2,146
S01011590,50 to 64,142,1,141
S01011590,65 and over,108,0,108
S01011591,All people aged 3 and over,580,0,580
S01011591,3 to 15,79,0,79
S01011591,16 to 24,83,0,83
S01011591,25 to 34,83,0,83
S01011591,35 to 49,133,0,133
S01011591,50 to 64,129,0,129
S01011591,65 and over,73,0,73
S01011592,All people aged 3 and over,675,2,673
S01011592,3 to 15,112,0,112
S01011592,16 to 24,83,0,83
S01011592,25 to 34,114,1,113
S01011592,35 to 49,145,0,145
S01011592,50 to 64,114,0,114
S01011592,65 and over,107,1,106
S01011593,All people aged 3 and over,695,4,691
S01011593,3 to 15,94,1,93
S01011593,16 to 24,75,0,75
S01011593,25 to 34,93,0,93
S01011593,35 to 49,164,1,163
S01011593,50 to 64,131,2,129
S01011593,65 and over,138,0,138
S01011594,All people aged 3 and over,425,1,424
S01011594,3 to 15,40,0,40
S01011594,16 to 24,49,0,49
S01011594,25 to 34,46,0,46
S01011594,35 to 49,96,0,96
S01011594,50 to 64,92,0,92
S01011594,65 and over,102,1,101
S01011595,All people aged 3 and over,569,9,560
S01011595,3 to 15,56,1,55
S01011595,16 to 24,64,1,63
S01011595,25 to 34,110,1,109
S01011595,35 to 49,130,2,128
S01011595,50 to 64,122,2,120
S01011595,65 and over,87,2,85
S01011596,All people aged 3 and over,968,9,959
S01011596,3 to 15,103,2,101
S01011596,16 to 24,124,1,123
S01011596,25 to 34,178,3,175
S01011596,35 to 49,204,1,203
S01011596,50 to 64,184,2,182
S01011596,65 and over,175,0,175
S01011597,All people aged 3 and over,602,0,602
S01011597,3 to 15,65,0,65
S01011597,16 to 24,75,0,75
S01011597,25 to 34,84,0,84
S01011597,35 to 49,131,0,131
S01011597,50 to 64,113,0,113
S01011597,65 and over,134,0,134
S01011598,All people aged 3 and over,750,7,743
S01011598,3 to 15,68,0,68
S01011598,16 to 24,126,3,123
S01011598,25 to 34,132,0,132
S01011598,35 to 49,199,3,196
S01011598,50 to 64,144,1,143
S01011598,65 and over,81,0,81
S01011599,All people aged 3 and over,790,6,784
S01011599,3 to 15,128,1,127
S01011599,16 to 24,88,0,88
S01011599,25 to 34,99,3,96
S01011599,35 to 49,154,1,153
S01011599,50 to 64,173,1,172
S01011599,65 and over,148,0,148
S01011600,All people aged 3 and over,711,7,704
S01011600,3 to 15,67,0,67
S01011600,16 to 24,88,1,87
S01011600,25 to 34,104,1,103
S01011600,35 to 49,145,1,144
S01011600,50 to 64,129,2,127
S01011600,65 and over,178,2,176
S01011601,All people aged 3 and over,800,2,798
S01011601,3 to 15,144,0,144
S01011601,16 to 24,95,1,94
S01011601,25 to 34,114,0,114
S01011601,35 to 49,234,1,233
S01011601,50 to 64,157,0,157
S01011601,65 and over,56,0,56
S01011602,All people aged 3 and over,587,7,580
S01011602,3 to 15,92,2,90
S01011602,16 to 24,62,0,62
S01011602,25 to 34,85,2,83
S01011602,35 to 49,130,3,127
S01011602,50 to 64,114,0,114
S01011602,65 and over,104,0,104
S01011603,All people aged 3 and over,763,4,759
S01011603,3 to 15,90,1,89
S01011603,16 to 24,63,0,63
S01011603,25 to 34,89,1,88
S01011603,35 to 49,160,1,159
S01011603,50 to 64,157,1,156
S01011603,65 and over,204,0,204
S01011604,All people aged 3 and over,650,2,648
S01011604,3 to 15,122,0,122
S01011604,16 to 24,90,0,90
S01011604,25 to 34,93,1,92
S01011604,35 to 49,137,0,137
S01011604,50 to 64,90,0,90
S01011604,65 and over,118,1,117
S01011605,All people aged 3 and over,816,1,815
S01011605,3 to 15,101,0,101
S01011605,16 to 24,92,0,92
S01011605,25 to 34,86,0,86
S01011605,35 to 49,156,1,155
S01011605,50 to 64,186,0,186
S01011605,65 and over,195,0,195
S01011606,All people aged 3 and over,940,5,935
S01011606,3 to 15,210,3,207
S01011606,16 to 24,110,0,110
S01011606,25 to 34,142,2,140
S01011606,35 to 49,328,0,328
S01011606,50 to 64,127,0,127
S01011606,65 and over,23,0,23
S01011607,All people aged 3 and over,551,4,547
S01011607,3 to 15,74,0,74
S01011607,16 to 24,61,1,60
S01011607,25 to 34,83,0,83
S01011607,35 to 49,132,2,130
S01011607,50 to 64,156,0,156
S01011607,65 and over,45,1,44
S01011608,All people aged 3 and over,907,0,907
S01011608,3 to 15,166,0,166
S01011608,16 to 24,103,0,103
S01011608,25 to 34,140,0,140
S01011608,35 to 49,272,0,272
S01011608,50 to 64,175,0,175
S01011608,65 and over,51,0,51
S01011609,All people aged 3 and over,924,10,914
S01011609,3 to 15,162,0,162
S01011609,16 to 24,137,5,132
S01011609,25 to 34,142,3,139
S01011609,35 to 49,221,2,219
S01011609,50 to 64,155,0,155
S01011609,65 and over,107,0,107
S01011610,All people aged 3 and over,791,8,783
S01011610,3 to 15,138,2,136
S01011610,16 to 24,113,1,112
S01011610,25 to 34,116,1,115
S01011610,35 to 49,191,1,190
S01011610,50 to 64,130,1,129
S01011610,65 and over,103,2,101
S01011611,All people aged 3 and over,675,4,671
S01011611,3 to 15,88,0,88
S01011611,16 to 24,85,0,85
S01011611,25 to 34,78,2,76
S01011611,35 to 49,133,0,133
S01011611,50 to 64,167,1,166
S01011611,65 and over,124,1,123
S01011612,All people aged 3 and over,585,4,581
S01011612,3 to 15,132,2,130
S01011612,16 to 24,58,0,58
S01011612,25 to 34,113,0,113
S01011612,35 to 49,228,2,226
S01011612,50 to 64,45,0,45
S01011612,65 and over,9,0,9
S01011613,All people aged 3 and over,919,8,911
S01011613,3 to 15,121,4,117
S01011613,16 to 24,101,0,101
S01011613,25 to 34,83,0,83
S01011613,35 to 49,172,1,171
S01011613,50 to 64,279,2,277
S01011613,65 and over,163,1,162
S01011614,All people aged 3 and over,434,2,432
S01011614,3 to 15,55,0,55
S01011614,16 to 24,52,1,51
S01011614,25 to 34,50,0,50
S01011614,35 to 49,100,0,100
S01011614,50 to 64,101,1,100
S01011614,65 and over,76,0,76
S01011615,All people aged 3 and over,698,4,694
S01011615,3 to 15,139,0,139
S01011615,16 to 24,96,1,95
S01011615,25 to 34,96,2,94
S01011615,35 to 49,155,1,154
S01011615,50 to 64,128,0,128
S01011615,65 and over,84,0,84
S01011616,All people aged 3 and over,406,3,403
S01011616,3 to 15,63,1,62
S01011616,16 to 24,31,0,31
S01011616,25 to 34,61,0,61
S01011616,35 to 49,71,0,71
S01011616,50 to 64,99,2,97
S01011616,65 and over,81,0,81
S01011617,All people aged 3 and over,817,3,814
S01011617,3 to 15,106,0,106
S01011617,16 to 24,102,0,102
S01011617,25 to 34,90,1,89
S01011617,35 to 49,169,1,168
S01011617,50 to 64,194,0,194
S01011617,65 and over,156,1,155
S01011618,All people aged 3 and over,628,7,621
S01011618,3 to 15,137,2,135
S01011618,16 to 24,64,1,63
S01011618,25 to 34,82,2,80
S01011618,35 to 49,136,2,134
S01011618,50 to 64,109,0,109
S01011618,65 and over,100,0,100
S01011619,All people aged 3 and over,1015,6,1009
S01011619,3 to 15,202,1,201
S01011619,16 to 24,102,0,102
S01011619,25 to 34,140,1,139
S01011619,35 to 49,317,2,315
S01011619,50 to 64,186,1,185
S01011619,65 and over,68,1,67
S01011620,All people aged 3 and over,1028,4,1024
S01011620,3 to 15,222,4,218
S01011620,16 to 24,99,0,99
S01011620,25 to 34,202,0,202
S01011620,35 to 49,359,0,359
S01011620,50 to 64,103,0,103
S01011620,65 and over,43,0,43
S01011621,All people aged 3 and over,744,6,738
S01011621,3 to 15,153,2,151
S01011621,16 to 24,98,0,98
S01011621,25 to 34,90,1,89
S01011621,35 to 49,160,3,157
S01011621,50 to 64,160,0,160
S01011621,65 and over,83,0,83
S01011622,All people aged 3 and over,620,0,620
S01011622,3 to 15,138,0,138
S01011622,16 to 24,55,0,55
S01011622,25 to 34,92,0,92
S01011622,35 to 49,195,0,195
S01011622,50 to 64,98,0,98
S01011622,65 and over,42,0,42
S01011623,All people aged 3 and over,683,2,681
S01011623,3 to 15,120,0,120
S01011623,16 to 24,72,0,72
S01011623,25 to 34,82,0,82
S01011623,35 to 49,143,0,143
S01011623,50 to 64,129,0,129
S01011623,65 and over,137,2,135
S01011624,All people aged 3 and over,689,2,687
S01011624,3 to 15,139,0,139
S01011624,16 to 24,74,0,74
S01011624,25 to 34,110,1,109
S01011624,35 to 49,207,1,206
S01011624,50 to 64,99,0,99
S01011624,65 and over,60,0,60
S01011625,All people aged 3 and over,531,5,526
S01011625,3 to 15,88,2,86
S01011625,16 to 24,56,0,56
S01011625,25 to 34,65,0,65
S01011625,35 to 49,124,3,121
S01011625,50 to 64,134,0,134
S01011625,65 and over,64,0,64
S01011626,All people aged 3 and over,773,3,770
S01011626,3 to 15,139,0,139
S01011626,16 to 24,136,1,135
S01011626,25 to 34,90,1,89
S01011626,35 to 49,232,1,231
S01011626,50 to 64,133,0,133
S01011626,65 and over,43,0,43
S01011627,All people aged 3 and over,697,4,693
S01011627,3 to 15,165,1,164
S01011627,16 to 24,63,0,63
S01011627,25 to 34,112,0,112
S01011627,35 to 49,232,1,231
S01011627,50 to 64,94,2,92
S01011627,65 and over,31,0,31
S01011628,All people aged 3 and over,1056,7,1049
S01011628,3 to 15,167,1,166
S01011628,16 to 24,115,0,115
S01011628,25 to 34,91,2,89
S01011628,35 to 49,283,3,280
S01011628,50 to 64,216,1,215
S01011628,65 and over,184,0,184
S01011629,All people aged 3 and over,611,2,609
S01011629,3 to 15,121,0,121
S01011629,16 to 24,74,0,74
S01011629,25 to 34,51,0,51
S01011629,35 to 49,145,0,145
S01011629,50 to 64,126,1,125
S01011629,65 and over,94,1,93
S01011630,All people aged 3 and over,625,3,622
S01011630,3 to 15,119,1,118
S01011630,16 to 24,69,1,68
S01011630,25 to 34,70,0,70
S01011630,35 to 49,141,0,141
S01011630,50 to 64,124,1,123
S01011630,65 and over,102,0,102
S01011631,All people aged 3 and over,610,5,605
S01011631,3 to 15,155,1,154
S01011631,16 to 24,89,0,89
S01011631,25 to 34,82,1,81
S01011631,35 to 49,133,1,132
S01011631,50 to 64,108,2,106
S01011631,65 and over,43,0,43
S01011632,All people aged 3 and over,720,0,720
S01011632,3 to 15,140,0,140
S01011632,16 to 24,87,0,87
S01011632,25 to 34,98,0,98
S01011632,35 to 49,174,0,174
S01011632,50 to 64,144,0,144
S01011632,65 and over,77,0,77
S01011633,All people aged 3 and over,708,1,707
S01011633,3 to 15,116,0,116
S01011633,16 to 24,88,0,88
S01011633,25 to 34,100,0,100
S01011633,35 to 49,132,0,132
S01011633,50 to 64,134,1,133
S01011633,65 and over,138,0,138
S01011634,All people aged 3 and over,546,5,541
S01011634,3 to 15,111,1,110
S01011634,16 to 24,70,1,69
S01011634,25 to 34,76,0,76
S01011634,35 to 49,126,1,125
S01011634,50 to 64,93,1,92
S01011634,65 and over,70,1,69
S01011635,All people aged 3 and over,655,3,652
S01011635,3 to 15,132,0,132
S01011635,16 to 24,65,1,64
S01011635,25 to 34,106,1,105
S01011635,35 to 49,143,0,143
S01011635,50 to 64,142,1,141
S01011635,65 and over,67,0,67
S01011636,All people aged 3 and over,685,0,685
S01011636,3 to 15,135,0,135
S01011636,16 to 24,93,0,93
S01011636,25 to 34,86,0,86
S01011636,35 to 49,157,0,157
S01011636,50 to 64,116,0,116
S01011636,65 and over,98,0,98
S01011637,All people aged 3 and over,664,10,654
S01011637,3 to 15,104,3,101
S01011637,16 to 24,93,0,93
S01011637,25 to 34,88,4,84
S01011637,35 to 49,139,1,138
S01011637,50 to 64,146,2,144
S01011637,65 and over,94,0,94
S01011638,All people aged 3 and over,470,3,467
S01011638,3 to 15,41,1,40
S01011638,16 to 24,51,0,51
S01011638,25 to 34,45,1,44
S01011638,35 to 49,105,0,105
S01011638,50 to 64,111,0,111
S01011638,65 and over,117,1,116
S01011639,All people aged 3 and over,573,4,569
S01011639,3 to 15,118,2,116
S01011639,16 to 24,75,1,74
S01011639,25 to 34,73,1,72
S01011639,35 to 49,112,0,112
S01011639,50 to 64,101,0,101
S01011639,65 and over,94,0,94
S01011640,All people aged 3 and over,650,14,636
S01011640,3 to 15,115,5,110
S01011640,16 to 24,90,1,89
S01011640,25 to 34,78,1,77
S01011640,35 to 49,138,5,133
S01011640,50 to 64,138,1,137
S01011640,65 and over,91,1,90
S01011641,All people aged 3 and over,465,7,458
S01011641,3 to 15,59,1,58
S01011641,16 to 24,50,2,48
S01011641,25 to 34,46,0,46
S01011641,35 to 49,103,3,100
S01011641,50 to 64,117,0,117
S01011641,65 and over,90,1,89
S01011642,All people aged 3 and over,762,8,754
S01011642,3 to 15,94,2,92
S01011642,16 to 24,107,0,107
S01011642,25 to 34,82,0,82
S01011642,35 to 49,174,3,171
S01011642,50 to 64,182,1,181
S01011642,65 and over,123,2,121
S01011643,All people aged 3 and over,546,4,542
S01011643,3 to 15,82,1,81
S01011643,16 to 24,66,1,65
S01011643,25 to 34,81,1,80
S01011643,35 to 49,140,1,139
S01011643,50 to 64,86,0,86
S01011643,65 and over,91,0,91
S01011644,All people aged 3 and over,702,7,695
S01011644,3 to 15,100,4,96
S01011644,16 to 24,52,0,52
S01011644,25 to 34,76,0,76
S01011644,35 to 49,141,0,141
S01011644,50 to 64,150,0,150
S01011644,65 and over,183,3,180
S01011645,All people aged 3 and over,524,8,516
S01011645,3 to 15,72,2,70
S01011645,16 to 24,35,0,35
S01011645,25 to 34,65,0,65
S01011645,35 to 49,101,1,100
S01011645,50 to 64,97,0,97
S01011645,65 and over,154,5,149
S01011646,All people aged 3 and over,677,8,669
S01011646,3 to 15,88,1,87
S01011646,16 to 24,83,2,81
S01011646,25 to 34,53,1,52
S01011646,35 to 49,123,1,122
S01011646,50 to 64,211,1,210
S01011646,65 and over,119,2,117
S01011647,All people aged 3 and over,848,5,843
S01011647,3 to 15,147,1,146
S01011647,16 to 24,109,0,109
S01011647,25 to 34,113,2,111
S01011647,35 to 49,250,2,248
S01011647,50 to 64,153,0,153
S01011647,65 and over,76,0,76
S01011648,All people aged 3 and over,641,6,635
S01011648,3 to 15,127,2,125
S01011648,16 to 24,62,2,60
S01011648,25 to 34,155,0,155
S01011648,35 to 49,183,0,183
S01011648,50 to 64,71,2,69
S01011648,65 and over,43,0,43
S01011649,All people aged 3 and over,474,10,464
S01011649,3 to 15,79,2,77
S01011649,16 to 24,50,2,48
S01011649,25 to 34,86,2,84
S01011649,35 to 49,109,3,106
S01011649,50 to 64,71,1,70
S01011649,65 and over,79,0,79
S01011650,All people aged 3 and over,700,8,692
S01011650,3 to 15,117,2,115
S01011650,16 to 24,62,0,62
S01011650,25 to 34,83,1,82
S01011650,35 to 49,147,1,146
S01011650,50 to 64,165,3,162
S01011650,65 and over,126,1,125
S01011651,All people aged 3 and over,893,4,889
S01011651,3 to 15,121,0,121
S01011651,16 to 24,89,0,89
S01011651,25 to 34,141,2,139
S01011651,35 to 49,212,1,211
S01011651,50 to 64,141,1,140
S01011651,65 and over,189,0,189
S01011652,All people aged 3 and over,740,5,735
S01011652,3 to 15,98,0,98
S01011652,16 to 24,121,0,121
S01011652,25 to 34,96,0,96
S01011652,35 to 49,151,0,151
S01011652,50 to 64,183,4,179
S01011652,65 and over,91,1,90
S01011653,All people aged 3 and over,874,4,870
S01011653,3 to 15,155,2,153
S01011653,16 to 24,131,0,131
S01011653,25 to 34,87,0,87
S01011653,35 to 49,206,1,205
S01011653,50 to 64,163,1,162
S01011653,65 and over,132,0,132
S01011654,All people aged 3 and over,942,8,934
S01011654,3 to 15,115,1,114
S01011654,16 to 24,98,0,98
S01011654,25 to 34,157,2,155
S01011654,35 to 49,194,2,192
S01011654,50 to 64,180,0,180
S01011654,65 and over,198,3,195
S01011655,All people aged 3 and over,813,5,808
S01011655,3 to 15,95,1,94
S01011655,16 to 24,109,1,108
S01011655,25 to 34,117,1,116
S01011655,35 to 49,155,0,155
S01011655,50 to 64,182,1,181
S01011655,65 and over,155,1,154
S01011656,All people aged 3 and over,577,1,576
S01011656,3 to 15,85,0,85
S01011656,16 to 24,91,0,91
S01011656,25 to 34,95,0,95
S01011656,35 to 49,126,0,126
S01011656,50 to 64,118,1,117
S01011656,65 and over,62,0,62
S01011657,All people aged 3 and over,492,2,490
S01011657,3 to 15,66,0,66
S01011657,16 to 24,87,0,87
S01011657,25 to 34,74,1,73
S01011657,35 to 49,104,1,103
S01011657,50 to 64,106,0,106
S01011657,65 and over,55,0,55
S01011658,All people aged 3 and over,638,4,634
S01011658,3 to 15,86,0,86
S01011658,16 to 24,83,0,83
S01011658,25 to 34,75,0,75
S01011658,35 to 49,131,4,127
S01011658,50 to 64,151,0,151
S01011658,65 and over,112,0,112
S01011659,All people aged 3 and over,782,5,777
S01011659,3 to 15,122,0,122
S01011659,16 to 24,108,2,106
S01011659,25 to 34,68,0,68
S01011659,35 to 49,158,2,156
S01011659,50 to 64,146,1,145
S01011659,65 and over,180,0,180
S01011660,All people aged 3 and over,887,2,885
S01011660,3 to 15,97,0,97
S01011660,16 to 24,126,0,126
S01011660,25 to 34,100,0,100
S01011660,35 to 49,181,1,180
S01011660,50 to 64,234,0,234
S01011660,65 and over,149,1,148
S01011661,All people aged 3 and over,505,1,504
S01011661,3 to 15,71,0,71
S01011661,16 to 24,65,0,65
S01011661,25 to 34,42,0,42
S01011661,35 to 49,135,1,134
S01011661,50 to 64,80,0,80
S01011661,65 and over,112,0,112
S01011662,All people aged 3 and over,610,2,608
S01011662,3 to 15,123,0,123
S01011662,16 to 24,60,0,60
S01011662,25 to 34,84,0,84
S01011662,35 to 49,185,0,185
S01011662,50 to 64,111,1,110
S01011662,65 and over,47,1,46
S01011663,All people aged 3 and over,917,9,908
S01011663,3 to 15,164,1,163
S01011663,16 to 24,132,1,131
S01011663,25 to 34,182,1,181
S01011663,35 to 49,247,3,244
S01011663,50 to 64,127,2,125
S01011663,65 and over,65,1,64
S01011664,All people aged 3 and over,1018,12,1006
S01011664,3 to 15,184,8,176
S01011664,16 to 24,119,2,117
S01011664,25 to 34,118,0,118
S01011664,35 to 49,229,2,227
S01011664,50 to 64,195,0,195
S01011664,65 and over,173,0,173
S01011665,All people aged 3 and over,814,3,811
S01011665,3 to 15,96,1,95
S01011665,16 to 24,120,0,120
S01011665,25 to 34,116,0,116
S01011665,35 to 49,167,2,165
S01011665,50 to 64,161,0,161
S01011665,65 and over,154,0,154
S01011666,All people aged 3 and over,834,6,828
S01011666,3 to 15,98,3,95
S01011666,16 to 24,87,1,86
S01011666,25 to 34,110,0,110
S01011666,35 to 49,193,2,191
S01011666,50 to 64,154,0,154
S01011666,65 and over,192,0,192
S01011667,All people aged 3 and over,769,4,765
S01011667,3 to 15,88,0,88
S01011667,16 to 24,79,0,79
S01011667,25 to 34,96,2,94
S01011667,35 to 49,164,1,163
S01011667,50 to 64,156,1,155
S01011667,65 and over,186,0,186
S01011668,All people aged 3 and over,991,9,982
S01011668,3 to 15,209,0,209
S01011668,16 to 24,146,3,143
S01011668,25 to 34,150,3,147
S01011668,35 to 49,220,0,220
S01011668,50 to 64,171,1,170
S01011668,65 and over,95,2,93
S01011669,All people aged 3 and over,616,9,607
S01011669,3 to 15,56,3,53
S01011669,16 to 24,49,0,49
S01011669,25 to 34,68,0,68
S01011669,35 to 49,130,2,128
S01011669,50 to 64,148,1,147
S01011669,65 and over,165,3,162
S01011670,All people aged 3 and over,510,2,508
S01011670,3 to 15,104,0,104
S01011670,16 to 24,57,0,57
S01011670,25 to 34,100,0,100
S01011670,35 to 49,122,2,120
S01011670,50 to 64,76,0,76
S01011670,65 and over,51,0,51
S01011671,All people aged 3 and over,661,3,658
S01011671,3 to 15,72,1,71
S01011671,16 to 24,48,0,48
S01011671,25 to 34,67,0,67
S01011671,35 to 49,146,1,145
S01011671,50 to 64,153,0,153
S01011671,65 and over,175,1,174
S01011672,All people aged 3 and over,592,7,585
S01011672,3 to 15,94,3,91
S01011672,16 to 24,54,0,54
S01011672,25 to 34,76,0,76
S01011672,35 to 49,106,0,106
S01011672,50 to 64,131,2,129
S01011672,65 and over,131,2,129
S01011673,All people aged 3 and over,633,8,625
S01011673,3 to 15,96,5,91
S01011673,16 to 24,79,1,78
S01011673,25 to 34,93,0,93
S01011673,35 to 49,138,2,136
S01011673,50 to 64,139,0,139
S01011673,65 and over,88,0,88
S01011674,All people aged 3 and over,970,3,967
S01011674,3 to 15,145,0,145
S01011674,16 to 24,107,0,107
S01011674,25 to 34,181,1,180
S01011674,35 to 49,220,1,219
S01011674,50 to 64,172,1,171
S01011674,65 and over,145,0,145
S01011675,All people aged 3 and over,885,1,884
S01011675,3 to 15,135,0,135
S01011675,16 to 24,89,0,89
S01011675,25 to 34,97,0,97
S01011675,35 to 49,207,0,207
S01011675,50 to 64,180,0,180
S01011675,65 and over,177,1,176
S01011676,All people aged 3 and over,674,5,669
S01011676,3 to 15,107,1,106
S01011676,16 to 24,82,0,82
S01011676,25 to 34,87,1,86
S01011676,35 to 49,158,0,158
S01011676,50 to 64,119,0,119
S01011676,65 and over,121,3,118
S01011677,All people aged 3 and over,589,4,585
S01011677,3 to 15,126,2,124
S01011677,16 to 24,75,1,74
S01011677,25 to 34,112,0,112
S01011677,35 to 49,155,1,154
S01011677,50 to 64,87,0,87
S01011677,65 and over,34,0,34
S01011678,All people aged 3 and over,448,6,442
S01011678,3 to 15,68,0,68
S01011678,16 to 24,58,0,58
S01011678,25 to 34,46,2,44
S01011678,35 to 49,101,3,98
S01011678,50 to 64,86,1,85
S01011678,65 and over,89,0,89
S01011679,All people aged 3 and over,525,5,520
S01011679,3 to 15,108,1,107
S01011679,16 to 24,48,0,48
S01011679,25 to 34,118,2,116
S01011679,35 to 49,157,1,156
S01011679,50 to 64,66,1,65
S01011679,65 and over,28,0,28
S01011680,All people aged 3 and over,1070,6,1064
S01011680,3 to 15,206,2,204
S01011680,16 to 24,121,0,121
S01011680,25 to 34,115,0,115
S01011680,35 to 49,251,4,247
S01011680,50 to 64,182,0,182
S01011680,65 and over,195,0,195
S01011681,All people aged 3 and over,812,6,806
S01011681,3 to 15,145,2,143
S01011681,16 to 24,77,0,77
S01011681,25 to 34,129,2,127
S01011681,35 to 49,174,2,172
S01011681,50 to 64,171,0,171
S01011681,65 and over,116,0,116
S01011682,All people aged 3 and over,492,3,489
S01011682,3 to 15,63,1,62
S01011682,16 to 24,41,0,41
S01011682,25 to 34,40,0,40
S01011682,35 to 49,129,1,128
S01011682,50 to 64,127,1,126
S01011682,65 and over,92,0,92
S01011683,All people aged 3 and over,724,1,723
S01011683,3 to 15,111,0,111
S01011683,16 to 24,109,0,109
S01011683,25 to 34,78,0,78
S01011683,35 to 49,173,1,172
S01011683,50 to 64,152,0,152
S01011683,65 and over,101,0,101
S01011684,All people aged 3 and over,527,4,523
S01011684,3 to 15,90,1,89
S01011684,16 to 24,51,0,51
S01011684,25 to 34,58,1,57
S01011684,35 to 49,120,1,119
S01011684,50 to 64,105,1,104
S01011684,65 and over,103,0,103
S01011685,All people aged 3 and over,761,4,757
S01011685,3 to 15,159,0,159
S01011685,16 to 24,87,0,87
S01011685,25 to 34,119,2,117
S01011685,35 to 49,241,0,241
S01011685,50 to 64,98,2,96
S01011685,65 and over,57,0,57
S01011686,All people aged 3 and over,805,6,799
S01011686,3 to 15,102,0,102
S01011686,16 to 24,89,0,89
S01011686,25 to 34,97,1,96
S01011686,35 to 49,188,2,186
S01011686,50 to 64,210,1,209
S01011686,65 and over,119,2,117
S01011687,All people aged 3 and over,841,8,833
S01011687,3 to 15,139,0,139
S01011687,16 to 24,100,0,100
S01011687,25 to 34,110,1,109
S01011687,35 to 49,188,2,186
S01011687,50 to 64,171,3,168
S01011687,65 and over,133,2,131
S01011688,All people aged 3 and over,799,1,798
S01011688,3 to 15,168,1,167
S01011688,16 to 24,97,0,97
S01011688,25 to 34,77,0,77
S01011688,35 to 49,258,0,258
S01011688,50 to 64,118,0,118
S01011688,65 and over,81,0,81
S01011689,All people aged 3 and over,639,15,624
S01011689,3 to 15,101,6,95
S01011689,16 to 24,65,0,65
S01011689,25 to 34,72,0,72
S01011689,35 to 49,188,5,183
S01011689,50 to 64,134,3,131
S01011689,65 and over,79,1,78
S01011690,All people aged 3 and over,930,14,916
S01011690,3 to 15,183,2,181
S01011690,16 to 24,79,1,78
S01011690,25 to 34,163,4,159
S01011690,35 to 49,288,5,283
S01011690,50 to 64,138,1,137
S01011690,65 and over,79,1,78
S01011691,All people aged 3 and over,590,3,587
S01011691,3 to 15,134,1,133
S01011691,16 to 24,50,0,50
S01011691,25 to 34,90,0,90
S01011691,35 to 49,175,0,175
S01011691,50 to 64,86,1,85
S01011691,65 and over,55,1,54
S01011692,All people aged 3 and over,1046,5,1041
S01011692,3 to 15,186,0,186
S01011692,16 to 24,119,0,119
S01011692,25 to 34,117,0,117
S01011692,35 to 49,236,2,234
S01011692,50 to 64,208,1,207
S01011692,65 and over,180,2,178
S01011693,All people aged 3 and over,771,9,762
S01011693,3 to 15,107,3,104
S01011693,16 to 24,82,0,82
S01011693,25 to 34,139,2,137
S01011693,35 to 49,176,2,174
S01011693,50 to 64,157,0,157
S01011693,65 and over,110,2,108
S01011694,All people aged 3 and over,506,7,499
S01011694,3 to 15,123,2,121
S01011694,16 to 24,35,1,34
S01011694,25 to 34,98,2,96
S01011694,35 to 49,167,2,165
S01011694,50 to 64,65,0,65
S01011694,65 and over,18,0,18
S01011695,All people aged 3 and over,883,2,881
S01011695,3 to 15,194,0,194
S01011695,16 to 24,62,0,62
S01011695,25 to 34,130,2,128
S01011695,35 to 49,280,0,280
S01011695,50 to 64,156,0,156
S01011695,65 and over,61,0,61
S01011696,All people aged 3 and over,995,6,989
S01011696,3 to 15,267,0,267
S01011696,16 to 24,69,1,68
S01011696,25 to 34,129,1,128
S01011696,35 to 49,368,4,364
S01011696,50 to 64,144,0,144
S01011696,65 and over,18,0,18
S01011697,All people aged 3 and over,983,6,977
S01011697,3 to 15,226,0,226
S01011697,16 to 24,85,1,84
S01011697,25 to 34,158,1,157
S01011697,35 to 49,298,3,295
S01011697,50 to 64,129,1,128
S01011697,65 and over,87,0,87
S01011698,All people aged 3 and over,621,4,617
S01011698,3 to 15,84,3,81
S01011698,16 to 24,76,0,76
S01011698,25 to 34,81,0,81
S01011698,35 to 49,141,0,141
S01011698,50 to 64,142,0,142
S01011698,65 and over,97,1,96
S01011699,All people aged 3 and over,879,8,871
S01011699,3 to 15,115,1,114
S01011699,16 to 24,105,2,103
S01011699,25 to 34,94,1,93
S01011699,35 to 49,196,0,196
S01011699,50 to 64,216,4,212
S01011699,65 and over,153,0,153
S01011700,All people aged 3 and over,744,10,734
S01011700,3 to 15,83,3,80
S01011700,16 to 24,88,0,88
S01011700,25 to 34,73,2,71
S01011700,35 to 49,152,2,150
S01011700,50 to 64,179,2,177
S01011700,65 and over,169,1,168
S01011701,All people aged 3 and over,987,10,977
S01011701,3 to 15,165,1,164
S01011701,16 to 24,103,1,102
S01011701,25 to 34,112,0,112
S01011701,35 to 49,240,1,239
S01011701,50 to 64,212,5,207
S01011701,65 and over,155,2,153
S01011702,All people aged 3 and over,708,11,697
S01011702,3 to 15,82,2,80
S01011702,16 to 24,71,0,71
S01011702,25 to 34,62,0,62
S01011702,35 to 49,141,3,138
S01011702,50 to 64,200,4,196
S01011702,65 and over,152,2,150
S01011703,All people aged 3 and over,618,11,607
S01011703,3 to 15,116,0,116
S01011703,16 to 24,58,3,55
S01011703,25 to 34,52,1,51
S01011703,35 to 49,136,2,134
S01011703,50 to 64,151,4,147
S01011703,65 and over,105,1,104
S01011704,All people aged 3 and over,715,6,709
S01011704,3 to 15,160,1,159
S01011704,16 to 24,75,1,74
S01011704,25 to 34,60,1,59
S01011704,35 to 49,239,0,239
S01011704,50 to 64,107,1,106
S01011704,65 and over,74,2,72
S01011705,All people aged 3 and over,722,3,719
S01011705,3 to 15,120,0,120
S01011705,16 to 24,116,0,116
S01011705,25 to 34,84,0,84
S01011705,35 to 49,198,2,196
S01011705,50 to 64,113,1,112
S01011705,65 and over,91,0,91
S01011706,All people aged 3 and over,1009,6,1003
S01011706,3 to 15,126,1,125
S01011706,16 to 24,104,0,104
S01011706,25 to 34,103,0,103
S01011706,35 to 49,231,0,231
S01011706,50 to 64,190,4,186
S01011706,65 and over,255,1,254
S01011707,All people aged 3 and over,698,2,696
S01011707,3 to 15,114,0,114
S01011707,16 to 24,58,0,58
S01011707,25 to 34,59,0,59
S01011707,35 to 49,153,1,152
S01011707,50 to 64,163,0,163
S01011707,65 and over,151,1,150
S01011708,All people aged 3 and over,905,3,902
S01011708,3 to 15,108,0,108
S01011708,16 to 24,103,0,103
S01011708,25 to 34,101,0,101
S01011708,35 to 49,190,2,188
S01011708,50 to 64,220,1,219
S01011708,65 and over,183,0,183
S01011709,All people aged 3 and over,929,5,924
S01011709,3 to 15,147,1,146
S01011709,16 to 24,118,0,118
S01011709,25 to 34,101,0,101
S01011709,35 to 49,240,2,238
S01011709,50 to 64,181,2,179
S01011709,65 and over,142,0,142
S01011710,All people aged 3 and over,620,2,618
S01011710,3 to 15,143,0,143
S01011710,16 to 24,86,0,86
S01011710,25 to 34,88,0,88
S01011710,35 to 49,130,0,130
S01011710,50 to 64,108,1,107
S01011710,65 and over,65,1,64
S01011711,All people aged 3 and over,653,2,651
S01011711,3 to 15,102,0,102
S01011711,16 to 24,88,0,88
S01011711,25 to 34,93,1,92
S01011711,35 to 49,138,1,137
S01011711,50 to 64,116,0,116
S01011711,65 and over,116,0,116
S01011712,All people aged 3 and over,516,5,511
S01011712,3 to 15,55,0,55
S01011712,16 to 24,57,0,57
S01011712,25 to 34,93,1,92
S01011712,35 to 49,130,2,128
S01011712,50 to 64,97,1,96
S01011712,65 and over,84,1,83
S01011713,All people aged 3 and over,841,2,839
S01011713,3 to 15,82,0,82
S01011713,16 to 24,88,0,88
S01011713,25 to 34,95,0,95
S01011713,35 to 49,165,0,165
S01011713,50 to 64,248,1,247
S01011713,65 and over,163,1,162
S01011714,All people aged 3 and over,533,3,530
S01011714,3 to 15,137,1,136
S01011714,16 to 24,43,0,43
S01011714,25 to 34,76,0,76
S01011714,35 to 49,187,0,187
S01011714,50 to 64,75,2,73
S01011714,65 and over,15,0,15
S01011715,All people aged 3 and over,605,1,604
S01011715,3 to 15,112,0,112
S01011715,16 to 24,70,0,70
S01011715,25 to 34,84,0,84
S01011715,35 to 49,144,0,144
S01011715,50 to 64,95,1,94
S01011715,65 and over,100,0,100
S01011716,All people aged 3 and over,871,6,865
S01011716,3 to 15,170,1,169
S01011716,16 to 24,110,0,110
S01011716,25 to 34,138,3,135
S01011716,35 to 49,247,1,246
S01011716,50 to 64,142,1,141
S01011716,65 and over,64,0,64
S01011717,All people aged 3 and over,694,9,685
S01011717,3 to 15,79,0,79
S01011717,16 to 24,65,0,65
S01011717,25 to 34,70,1,69
S01011717,35 to 49,146,3,143
S01011717,50 to 64,207,5,202
S01011717,65 and over,127,0,127
S01011718,All people aged 3 and over,737,24,713
S01011718,3 to 15,160,13,147
S01011718,16 to 24,62,0,62
S01011718,25 to 34,160,4,156
S01011718,35 to 49,251,6,245
S01011718,50 to 64,81,1,80
S01011718,65 and over,23,0,23
S01011719,All people aged 3 and over,613,13,600
S01011719,3 to 15,84,7,77
S01011719,16 to 24,108,0,108
S01011719,25 to 34,56,0,56
S01011719,35 to 49,194,4,190
S01011719,50 to 64,148,2,146
S01011719,65 and over,23,0,23
S01011720,All people aged 3 and over,519,7,512
S01011720,3 to 15,54,0,54
S01011720,16 to 24,63,1,62
S01011720,25 to 34,48,0,48
S01011720,35 to 49,99,0,99
S01011720,50 to 64,164,3,161
S01011720,65 and over,91,3,88
S01011721,All people aged 3 and over,688,5,683
S01011721,3 to 15,102,0,102
S01011721,16 to 24,60,0,60
S01011721,25 to 34,90,0,90
S01011721,35 to 49,125,0,125
S01011721,50 to 64,182,3,179
S01011721,65 and over,129,2,127
S01011722,All people aged 3 and over,693,11,682
S01011722,3 to 15,104,2,102
S01011722,16 to 24,66,2,64
S01011722,25 to 34,76,0,76
S01011722,35 to 49,128,3,125
S01011722,50 to 64,177,2,175
S01011722,65 and over,142,2,140
S01011723,All people aged 3 and over,911,5,906
S01011723,3 to 15,144,2,142
S01011723,16 to 24,77,0,77
S01011723,25 to 34,113,1,112
S01011723,35 to 49,218,0,218
S01011723,50 to 64,209,0,209
S01011723,65 and over,150,2,148
S01011724,All people aged 3 and over,695,5,690
S01011724,3 to 15,170,4,166
S01011724,16 to 24,95,0,95
S01011724,25 to 34,109,0,109
S01011724,35 to 49,218,1,217
S01011724,50 to 64,88,0,88
S01011724,65 and over,15,0,15
S01011725,All people aged 3 and over,616,7,609
S01011725,3 to 15,118,0,118
S01011725,16 to 24,92,3,89
S01011725,25 to 34,72,1,71
S01011725,35 to 49,194,2,192
S01011725,50 to 64,112,1,111
S01011725,65 and over,28,0,28
S01011726,All people aged 3 and over,532,6,526
S01011726,3 to 15,108,3,105
S01011726,16 to 24,45,0,45
S01011726,25 to 34,84,3,81
S01011726,35 to 49,158,0,158
S01011726,50 to 64,110,0,110
S01011726,65 and over,27,0,27
S01011727,All people aged 3 and over,733,14,719
S01011727,3 to 15,175,6,169
S01011727,16 to 24,76,1,75
S01011727,25 to 34,108,3,105
S01011727,35 to 49,249,4,245
S01011727,50 to 64,95,0,95
S01011727,65 and over,30,0,30
S01011728,All people aged 3 and over,900,19,881
S01011728,3 to 15,133,7,126
S01011728,16 to 24,123,0,123
S01011728,25 to 34,140,2,138
S01011728,35 to 49,176,2,174
S01011728,50 to 64,201,8,193
S01011728,65 and over,127,0,127
S01011729,All people aged 3 and over,682,9,673
S01011729,3 to 15,120,5,115
S01011729,16 to 24,79,1,78
S01011729,25 to 34,87,0,87
S01011729,35 to 49,142,2,140
S01011729,50 to 64,134,1,133
S01011729,65 and over,120,0,120
S01011730,All people aged 3 and over,834,5,829
S01011730,3 to 15,52,0,52
S01011730,16 to 24,66,1,65
S01011730,25 to 34,91,2,89
S01011730,35 to 49,137,1,136
S01011730,50 to 64,287,0,287
S01011730,65 and over,201,1,200
S01011731,All people aged 3 and over,837,20,817
S01011731,3 to 15,117,11,106
S01011731,16 to 24,82,1,81
S01011731,25 to 34,88,4,84
S01011731,35 to 49,168,1,167
S01011731,50 to 64,176,1,175
S01011731,65 and over,206,2,204
S01011732,All people aged 3 and over,768,13,755
S01011732,3 to 15,88,1,87
S01011732,16 to 24,85,2,83
S01011732,25 to 34,73,1,72
S01011732,35 to 49,142,2,140
S01011732,50 to 64,270,2,268
S01011732,65 and over,110,5,105
S01011733,All people aged 3 and over,830,20,810
S01011733,3 to 15,125,11,114
S01011733,16 to 24,85,0,85
S01011733,25 to 34,105,1,104
S01011733,35 to 49,157,5,152
S01011733,50 to 64,186,3,183
S01011733,65 and over,172,0,172
S01011734,All people aged 3 and over,730,10,720
S01011734,3 to 15,84,1,83
S01011734,16 to 24,79,2,77
S01011734,25 to 34,81,0,81
S01011734,35 to 49,166,2,164
S01011734,50 to 64,154,3,151
S01011734,65 and over,166,2,164
S01011735,All people aged 3 and over,718,15,703
S01011735,3 to 15,97,4,93
S01011735,16 to 24,67,0,67
S01011735,25 to 34,53,1,52
S01011735,35 to 49,142,4,138
S01011735,50 to 64,200,2,198
S01011735,65 and over,159,4,155
S01011736,All people aged 3 and over,734,9,725
S01011736,3 to 15,156,3,153
S01011736,16 to 24,91,2,89
S01011736,25 to 34,104,1,103
S01011736,35 to 49,188,2,186
S01011736,50 to 64,108,1,107
S01011736,65 and over,87,0,87
S01011737,All people aged 3 and over,702,17,685
S01011737,3 to 15,150,5,145
S01011737,16 to 24,94,0,94
S01011737,25 to 34,77,1,76
S01011737,35 to 49,163,4,159
S01011737,50 to 64,108,4,104
S01011737,65 and over,110,3,107
S01011738,All people aged 3 and over,1026,6,1020
S01011738,3 to 15,175,1,174
S01011738,16 to 24,143,1,142
S01011738,25 to 34,138,0,138
S01011738,35 to 49,229,2,227
S01011738,50 to 64,193,1,192
S01011738,65 and over,148,1,147
S01011739,All people aged 3 and over,492,11,481
S01011739,3 to 15,62,1,61
S01011739,16 to 24,54,0,54
S01011739,25 to 34,52,0,52
S01011739,35 to 49,126,3,123
S01011739,50 to 64,99,5,94
S01011739,65 and over,99,2,97
S01011740,All people aged 3 and over,743,4,739
S01011740,3 to 15,141,0,141
S01011740,16 to 24,98,2,96
S01011740,25 to 34,114,0,114
S01011740,35 to 49,166,0,166
S01011740,50 to 64,124,1,123
S01011740,65 and over,100,1,99
S01011741,All people aged 3 and over,635,6,629
S01011741,3 to 15,99,2,97
S01011741,16 to 24,83,0,83
S01011741,25 to 34,79,0,79
S01011741,35 to 49,143,1,142
S01011741,50 to 64,118,1,117
S01011741,65 and over,113,2,111
S01011742,All people aged 3 and over,726,7,719
S01011742,3 to 15,112,0,112
S01011742,16 to 24,84,0,84
S01011742,25 to 34,82,0,82
S01011742,35 to 49,160,3,157
S01011742,50 to 64,151,4,147
S01011742,65 and over,137,0,137
S01011743,All people aged 3 and over,761,7,754
S01011743,3 to 15,104,2,102
S01011743,16 to 24,85,0,85
S01011743,25 to 34,131,1,130
S01011743,35 to 49,144,1,143
S01011743,50 to 64,143,2,141
S01011743,65 and over,154,1,153
S01011744,All people aged 3 and over,802,10,792
S01011744,3 to 15,87,0,87
S01011744,16 to 24,84,1,83
S01011744,25 to 34,134,2,132
S01011744,35 to 49,149,2,147
S01011744,50 to 64,149,3,146
S01011744,65 and over,199,2,197
S01011745,All people aged 3 and over,695,2,693
S01011745,3 to 15,62,0,62
S01011745,16 to 24,62,0,62
S01011745,25 to 34,72,0,72
S01011745,35 to 49,140,0,140
S01011745,50 to 64,97,1,96
S01011745,65 and over,262,1,261
S01011746,All people aged 3 and over,524,1,523
S01011746,3 to 15,112,0,112
S01011746,16 to 24,59,0,59
S01011746,25 to 34,58,0,58
S01011746,35 to 49,117,0,117
S01011746,50 to 64,105,1,104
S01011746,65 and over,73,0,73
S01011747,All people aged 3 and over,950,10,940
S01011747,3 to 15,196,3,193
S01011747,16 to 24,147,1,146
S01011747,25 to 34,108,1,107
S01011747,35 to 49,215,3,212
S01011747,50 to 64,169,2,167
S01011747,65 and over,115,0,115
S01011748,All people aged 3 and over,836,3,833
S01011748,3 to 15,189,0,189
S01011748,16 to 24,107,0,107
S01011748,25 to 34,142,0,142
S01011748,35 to 49,188,2,186
S01011748,50 to 64,125,0,125
S01011748,65 and over,85,1,84
S01011749,All people aged 3 and over,723,13,710
S01011749,3 to 15,163,4,159
S01011749,16 to 24,146,0,146
S01011749,25 to 34,120,3,117
S01011749,35 to 49,174,6,168
S01011749,50 to 64,84,0,84
S01011749,65 and over,36,0,36
S01011750,All people aged 3 and over,839,5,834
S01011750,3 to 15,130,1,129
S01011750,16 to 24,99,2,97
S01011750,25 to 34,111,1,110
S01011750,35 to 49,189,0,189
S01011750,50 to 64,140,0,140
S01011750,65 and over,170,1,169
S01011751,All people aged 3 and over,919,6,913
S01011751,3 to 15,139,0,139
S01011751,16 to 24,139,1,138
S01011751,25 to 34,182,2,180
S01011751,35 to 49,223,0,223
S01011751,50 to 64,153,2,151
S01011751,65 and over,83,1,82
S01011752,All people aged 3 and over,892,13,879
S01011752,3 to 15,142,5,137
S01011752,16 to 24,88,0,88
S01011752,25 to 34,166,5,161
S01011752,35 to 49,210,2,208
S01011752,50 to 64,152,1,151
S01011752,65 and over,134,0,134
S01011753,All people aged 3 and over,754,18,736
S01011753,3 to 15,94,5,89
S01011753,16 to 24,74,0,74
S01011753,25 to 34,107,1,106
S01011753,35 to 49,161,2,159
S01011753,50 to 64,160,3,157
S01011753,65 and over,158,7,151
S01011754,All people aged 3 and over,733,9,724
S01011754,3 to 15,114,1,113
S01011754,16 to 24,91,2,89
S01011754,25 to 34,74,2,72
S01011754,35 to 49,143,0,143
S01011754,50 to 64,151,0,151
S01011754,65 and over,160,4,156
S01011755,All people aged 3 and over,898,10,888
S01011755,3 to 15,137,0,137
S01011755,16 to 24,106,0,106
S01011755,25 to 34,150,6,144
S01011755,35 to 49,242,1,241
S01011755,50 to 64,166,2,164
S01011755,65 and over,97,1,96
S01011756,All people aged 3 and over,951,10,941
S01011756,3 to 15,168,2,166
S01011756,16 to 24,129,1,128
S01011756,25 to 34,141,4,137
S01011756,35 to 49,220,0,220
S01011756,50 to 64,176,2,174
S01011756,65 and over,117,1,116
S01011757,All people aged 3 and over,706,22,684
S01011757,3 to 15,133,12,121
S01011757,16 to 24,76,2,74
S01011757,25 to 34,106,0,106
S01011757,35 to 49,138,6,132
S01011757,50 to 64,143,0,143
S01011757,65 and over,110,2,108
S01011758,All people aged 3 and over,607,13,594
S01011758,3 to 15,109,5,104
S01011758,16 to 24,76,0,76
S01011758,25 to 34,77,2,75
S01011758,35 to 49,141,1,140
S01011758,50 to 64,128,2,126
S01011758,65 and over,76,3,73
S01011759,All people aged 3 and over,811,13,798
S01011759,3 to 15,141,3,138
S01011759,16 to 24,78,1,77
S01011759,25 to 34,78,1,77
S01011759,35 to 49,168,5,163
S01011759,50 to 64,187,3,184
S01011759,65 and over,159,0,159
S01011760,All people aged 3 and over,858,9,849
S01011760,3 to 15,129,1,128
S01011760,16 to 24,106,1,105
S01011760,25 to 34,144,2,142
S01011760,35 to 49,183,1,182
S01011760,50 to 64,155,3,152
S01011760,65 and over,141,1,140
S01011761,All people aged 3 and over,677,8,669
S01011761,3 to 15,170,0,170
S01011761,16 to 24,68,0,68
S01011761,25 to 34,129,4,125
S01011761,35 to 49,172,3,169
S01011761,50 to 64,93,0,93
S01011761,65 and over,45,1,44
S01011762,All people aged 3 and over,628,6,622
S01011762,3 to 15,96,0,96
S01011762,16 to 24,105,1,104
S01011762,25 to 34,115,0,115
S01011762,35 to 49,131,3,128
S01011762,50 to 64,92,1,91
S01011762,65 and over,89,1,88
S01011763,All people aged 3 and over,752,5,747
S01011763,3 to 15,99,1,98
S01011763,16 to 24,74,0,74
S01011763,25 to 34,86,1,85
S01011763,35 to 49,153,0,153
S01011763,50 to 64,216,1,215
S01011763,65 and over,124,2,122
S01011764,All people aged 3 and over,392,2,390
S01011764,3 to 15,60,0,60
S01011764,16 to 24,62,0,62
S01011764,25 to 34,40,0,40
S01011764,35 to 49,86,0,86
S01011764,50 to 64,98,1,97
S01011764,65 and over,46,1,45
S01011765,All people aged 3 and over,939,5,934
S01011765,3 to 15,121,0,121
S01011765,16 to 24,149,0,149
S01011765,25 to 34,111,2,109
S01011765,35 to 49,237,0,237
S01011765,50 to 64,246,2,244
S01011765,65 and over,75,1,74
S01011766,All people aged 3 and over,498,3,495
S01011766,3 to 15,82,0,82
S01011766,16 to 24,48,1,47
S01011766,25 to 34,30,1,29
S01011766,35 to 49,135,1,134
S01011766,50 to 64,136,0,136
S01011766,65 and over,67,0,67
S01011767,All people aged 3 and over,823,13,810
S01011767,3 to 15,79,1,78
S01011767,16 to 24,107,1,106
S01011767,25 to 34,95,2,93
S01011767,35 to 49,150,3,147
S01011767,50 to 64,210,5,205
S01011767,65 and over,182,1,181
S01011768,All people aged 3 and over,704,5,699
S01011768,3 to 15,113,2,111
S01011768,16 to 24,84,0,84
S01011768,25 to 34,114,1,113
S01011768,35 to 49,169,1,168
S01011768,50 to 64,101,1,100
S01011768,65 and over,123,0,123
S01011769,All people aged 3 and over,613,4,609
S01011769,3 to 15,59,0,59
S01011769,16 to 24,57,0,57
S01011769,25 to 34,70,2,68
S01011769,35 to 49,117,0,117
S01011769,50 to 64,121,1,120
S01011769,65 and over,189,1,188
S01011770,All people aged 3 and over,779,18,761
S01011770,3 to 15,99,4,95
S01011770,16 to 24,90,2,88
S01011770,25 to 34,127,2,125
S01011770,35 to 49,153,7,146
S01011770,50 to 64,150,0,150
S01011770,65 and over,160,3,157
S01011771,All people aged 3 and over,653,4,649
S01011771,3 to 15,122,0,122
S01011771,16 to 24,79,0,79
S01011771,25 to 34,72,0,72
S01011771,35 to 49,177,3,174
S01011771,50 to 64,158,0,158
S01011771,65 and over,45,1,44
S01011772,All people aged 3 and over,1075,10,1065
S01011772,3 to 15,189,3,186
S01011772,16 to 24,140,2,138
S01011772,25 to 34,48,1,47
S01011772,35 to 49,269,2,267
S01011772,50 to 64,286,0,286
S01011772,65 and over,143,2,141
S01011773,All people aged 3 and over,571,9,562
S01011773,3 to 15,124,2,122
S01011773,16 to 24,73,2,71
S01011773,25 to 34,67,1,66
S01011773,35 to 49,192,4,188
S01011773,50 to 64,92,0,92
S01011773,65 and over,23,0,23
S01011774,All people aged 3 and over,916,3,913
S01011774,3 to 15,224,1,223
S01011774,16 to 24,112,1,111
S01011774,25 to 34,92,0,92
S01011774,35 to 49,298,1,297
S01011774,50 to 64,150,0,150
S01011774,65 and over,40,0,40
S01011775,All people aged 3 and over,639,6,633
S01011775,3 to 15,159,3,156
S01011775,16 to 24,62,0,62
S01011775,25 to 34,59,0,59
S01011775,35 to 49,236,3,233
S01011775,50 to 64,85,0,85
S01011775,65 and over,38,0,38
S01011776,All people aged 3 and over,1102,6,1096
S01011776,3 to 15,313,1,312
S01011776,16 to 24,86,0,86
S01011776,25 to 34,95,1,94
S01011776,35 to 49,381,3,378
S01011776,50 to 64,130,0,130
S01011776,65 and over,97,1,96
S01011777,All people aged 3 and over,608,1,607
S01011777,3 to 15,131,0,131
S01011777,16 to 24,41,0,41
S01011777,25 to 34,73,0,73
S01011777,35 to 49,209,1,208
S01011777,50 to 64,95,0,95
S01011777,65 and over,59,0,59
S01011778,All people aged 3 and over,612,8,604
S01011778,3 to 15,119,3,116
S01011778,16 to 24,74,0,74
S01011778,25 to 34,86,0,86
S01011778,35 to 49,170,2,168
S01011778,50 to 64,102,2,100
S01011778,65 and over,61,1,60
S01011779,All people aged 3 and over,763,7,756
S01011779,3 to 15,123,1,122
S01011779,16 to 24,66,0,66
S01011779,25 to 34,86,0,86
S01011779,35 to 49,197,2,195
S01011779,50 to 64,163,3,160
S01011779,65 and over,128,1,127
S01011780,All people aged 3 and over,923,10,913
S01011780,3 to 15,195,5,190
S01011780,16 to 24,110,0,110
S01011780,25 to 34,56,0,56
S01011780,35 to 49,252,5,247
S01011780,50 to 64,231,0,231
S01011780,65 and over,79,0,79
S01011781,All people aged 3 and over,569,6,563
S01011781,3 to 15,110,3,107
S01011781,16 to 24,75,1,74
S01011781,25 to 34,25,0,25
S01011781,35 to 49,160,0,160
S01011781,50 to 64,131,0,131
S01011781,65 and over,68,2,66
S01011782,All people aged 3 and over,669,4,665
S01011782,3 to 15,87,1,86
S01011782,16 to 24,85,0,85
S01011782,25 to 34,59,0,59
S01011782,35 to 49,124,1,123
S01011782,50 to 64,214,1,213
S01011782,65 and over,100,1,99
S01011783,All people aged 3 and over,553,1,552
S01011783,3 to 15,67,0,67
S01011783,16 to 24,76,0,76
S01011783,25 to 34,57,0,57
S01011783,35 to 49,111,0,111
S01011783,50 to 64,172,1,171
S01011783,65 and over,70,0,70
S01011784,All people aged 3 and over,768,11,757
S01011784,3 to 15,108,3,105
S01011784,16 to 24,93,1,92
S01011784,25 to 34,100,0,100
S01011784,35 to 49,163,2,161
S01011784,50 to 64,208,4,204
S01011784,65 and over,96,1,95
S01011785,All people aged 3 and over,854,3,851
S01011785,3 to 15,143,0,143
S01011785,16 to 24,67,0,67
S01011785,25 to 34,109,0,109
S01011785,35 to 49,144,0,144
S01011785,50 to 64,230,2,228
S01011785,65 and over,161,1,160
S01011786,All people aged 3 and over,405,1,404
S01011786,3 to 15,109,0,109
S01011786,16 to 24,50,0,50
S01011786,25 to 34,80,0,80
S01011786,35 to 49,123,1,122
S01011786,50 to 64,33,0,33
S01011786,65 and over,10,0,10
S01011787,All people aged 3 and over,995,3,992
S01011787,3 to 15,173,0,173
S01011787,16 to 24,131,0,131
S01011787,25 to 34,113,0,113
S01011787,35 to 49,240,2,238
S01011787,50 to 64,164,0,164
S01011787,65 and over,174,1,173
S01011788,All people aged 3 and over,680,7,673
S01011788,3 to 15,167,1,166
S01011788,16 to 24,68,0,68
S01011788,25 to 34,38,0,38
S01011788,35 to 49,223,1,222
S01011788,50 to 64,141,4,137
S01011788,65 and over,43,1,42
S01011789,All people aged 3 and over,647,11,636
S01011789,3 to 15,97,3,94
S01011789,16 to 24,60,0,60
S01011789,25 to 34,51,0,51
S01011789,35 to 49,145,2,143
S01011789,50 to 64,162,0,162
S01011789,65 and over,132,6,126
S01011790,All people aged 3 and over,970,10,960
S01011790,3 to 15,192,1,191
S01011790,16 to 24,123,0,123
S01011790,25 to 34,136,1,135
S01011790,35 to 49,217,5,212
S01011790,50 to 64,203,2,201
S01011790,65 and over,99,1,98
S01011791,All people aged 3 and over,706,8,698
S01011791,3 to 15,96,1,95
S01011791,16 to 24,90,1,89
S01011791,25 to 34,100,0,100
S01011791,35 to 49,139,2,137
S01011791,50 to 64,153,3,150
S01011791,65 and over,128,1,127
S01011792,All people aged 3 and over,863,6,857
S01011792,3 to 15,79,0,79
S01011792,16 to 24,63,1,62
S01011792,25 to 34,101,3,98
S01011792,35 to 49,167,0,167
S01011792,50 to 64,177,0,177
S01011792,65 and over,276,2,274
S01011793,All people aged 3 and over,672,5,667
S01011793,3 to 15,61,0,61
S01011793,16 to 24,60,0,60
S01011793,25 to 34,90,1,89
S01011793,35 to 49,135,1,134
S01011793,50 to 64,163,2,161
S01011793,65 and over,163,1,162
S01011794,All people aged 3 and over,849,3,846
S01011794,3 to 15,140,0,140
S01011794,16 to 24,79,0,79
S01011794,25 to 34,113,1,112
S01011794,35 to 49,195,0,195
S01011794,50 to 64,180,2,178
S01011794,65 and over,142,0,142
S01011795,All people aged 3 and over,605,6,599
S01011795,3 to 15,90,0,90
S01011795,16 to 24,63,0,63
S01011795,25 to 34,89,1,88
S01011795,35 to 49,122,1,121
S01011795,50 to 64,147,2,145
S01011795,65 and over,94,2,92
S01011796,All people aged 3 and over,744,4,740
S01011796,3 to 15,145,0,145
S01011796,16 to 24,100,1,99
S01011796,25 to 34,108,0,108
S01011796,35 to 49,168,1,167
S01011796,50 to 64,118,2,116
S01011796,65 and over,105,0,105
S01011797,All people aged 3 and over,1000,3,997
S01011797,3 to 15,135,0,135
S01011797,16 to 24,136,0,136
S01011797,25 to 34,71,0,71
S01011797,35 to 49,238,0,238
S01011797,50 to 64,259,2,257
S01011797,65 and over,161,1,160
S01011798,All people aged 3 and over,527,1,526
S01011798,3 to 15,74,0,74
S01011798,16 to 24,68,0,68
S01011798,25 to 34,79,0,79
S01011798,35 to 49,117,0,117
S01011798,50 to 64,105,1,104
S01011798,65 and over,84,0,84
S01011799,All people aged 3 and over,901,3,898
S01011799,3 to 15,144,0,144
S01011799,16 to 24,103,0,103
S01011799,25 to 34,75,0,75
S01011799,35 to 49,188,1,187
S01011799,50 to 64,231,2,229
S01011799,65 and over,160,0,160
S01011800,All people aged 3 and over,501,1,500
S01011800,3 to 15,76,0,76
S01011800,16 to 24,43,0,43
S01011800,25 to 34,50,0,50
S01011800,35 to 49,111,0,111
S01011800,50 to 64,114,0,114
S01011800,65 and over,107,1,106
S01011801,All people aged 3 and over,580,2,578
S01011801,3 to 15,124,0,124
S01011801,16 to 24,81,0,81
S01011801,25 to 34,88,0,88
S01011801,35 to 49,116,0,116
S01011801,50 to 64,108,0,108
S01011801,65 and over,63,2,61
S01011802,All people aged 3 and over,703,5,698
S01011802,3 to 15,121,1,120
S01011802,16 to 24,61,0,61
S01011802,25 to 34,96,0,96
S01011802,35 to 49,150,1,149
S01011802,50 to 64,102,3,99
S01011802,65 and over,173,0,173
S01011803,All people aged 3 and over,581,2,579
S01011803,3 to 15,116,0,116
S01011803,16 to 24,67,0,67
S01011803,25 to 34,52,0,52
S01011803,35 to 49,134,0,134
S01011803,50 to 64,126,1,125
S01011803,65 and over,86,1,85
S01011804,All people aged 3 and over,731,12,719
S01011804,3 to 15,100,0,100
S01011804,16 to 24,55,0,55
S01011804,25 to 34,87,1,86
S01011804,35 to 49,158,4,154
S01011804,50 to 64,166,2,164
S01011804,65 and over,165,5,160
S01011805,All people aged 3 and over,529,9,520
S01011805,3 to 15,60,0,60
S01011805,16 to 24,59,4,55
S01011805,25 to 34,60,2,58
S01011805,35 to 49,120,1,119
S01011805,50 to 64,114,2,112
S01011805,65 and over,116,0,116
S01011806,All people aged 3 and over,736,13,723
S01011806,3 to 15,109,0,109
S01011806,16 to 24,66,1,65
S01011806,25 to 34,66,2,64
S01011806,35 to 49,158,4,154
S01011806,50 to 64,165,1,164
S01011806,65 and over,172,5,167
S01011807,All people aged 3 and over,1069,18,1051
S01011807,3 to 15,155,6,149
S01011807,16 to 24,97,1,96
S01011807,25 to 34,72,2,70
S01011807,35 to 49,225,2,223
S01011807,50 to 64,286,4,282
S01011807,65 and over,234,3,231
S01011808,All people aged 3 and over,605,7,598
S01011808,3 to 15,84,1,83
S01011808,16 to 24,77,2,75
S01011808,25 to 34,68,2,66
S01011808,35 to 49,138,1,137
S01011808,50 to 64,110,1,109
S01011808,65 and over,128,0,128
S01011809,All people aged 3 and over,701,11,690
S01011809,3 to 15,106,1,105
S01011809,16 to 24,65,0,65
S01011809,25 to 34,50,0,50
S01011809,35 to 49,177,7,170
S01011809,50 to 64,179,1,178
S01011809,65 and over,124,2,122
S01011810,All people aged 3 and over,910,5,905
S01011810,3 to 15,125,2,123
S01011810,16 to 24,66,0,66
S01011810,25 to 34,96,1,95
S01011810,35 to 49,198,1,197
S01011810,50 to 64,244,1,243
S01011810,65 and over,181,0,181
S01011811,All people aged 3 and over,1017,11,1006
S01011811,3 to 15,166,3,163
S01011811,16 to 24,80,0,80
S01011811,25 to 34,99,3,96
S01011811,35 to 49,232,2,230
S01011811,50 to 64,235,0,235
S01011811,65 and over,205,3,202
S01011812,All people aged 3 and over,648,3,645
S01011812,3 to 15,103,0,103
S01011812,16 to 24,52,1,51
S01011812,25 to 34,51,0,51
S01011812,35 to 49,145,1,144
S01011812,50 to 64,184,1,183
S01011812,65 and over,113,0,113
S01011813,All people aged 3 and over,736,12,724
S01011813,3 to 15,111,2,109
S01011813,16 to 24,85,0,85
S01011813,25 to 34,71,3,68
S01011813,35 to 49,178,4,174
S01011813,50 to 64,162,1,161
S01011813,65 and over,129,2,127
S01011814,All people aged 3 and over,700,6,694
S01011814,3 to 15,125,0,125
S01011814,16 to 24,58,0,58
S01011814,25 to 34,54,1,53
S01011814,35 to 49,173,3,170
S01011814,50 to 64,152,2,150
S01011814,65 and over,138,0,138
S01011815,All people aged 3 and over,775,8,767
S01011815,3 to 15,161,1,160
S01011815,16 to 24,90,1,89
S01011815,25 to 34,111,0,111
S01011815,35 to 49,176,1,175
S01011815,50 to 64,128,2,126
S01011815,65 and over,109,3,106
S01011816,All people aged 3 and over,623,5,618
S01011816,3 to 15,93,1,92
S01011816,16 to 24,57,0,57
S01011816,25 to 34,55,1,54
S01011816,35 to 49,146,0,146
S01011816,50 to 64,161,2,159
S01011816,65 and over,111,1,110
S01011817,All people aged 3 and over,703,12,691
S01011817,3 to 15,111,2,109
S01011817,16 to 24,83,3,80
S01011817,25 to 34,68,2,66
S01011817,35 to 49,182,2,180
S01011817,50 to 64,147,2,145
S01011817,65 and over,112,1,111
S01011818,All people aged 3 and over,1069,14,1055
S01011818,3 to 15,175,2,173
S01011818,16 to 24,115,0,115
S01011818,25 to 34,110,0,110
S01011818,35 to 49,240,6,234
S01011818,50 to 64,222,6,216
S01011818,65 and over,207,0,207
S01011819,All people aged 3 and over,818,8,810
S01011819,3 to 15,89,1,88
S01011819,16 to 24,115,1,114
S01011819,25 to 34,102,1,101
S01011819,35 to 49,182,1,181
S01011819,50 to 64,168,2,166
S01011819,65 and over,162,2,160
S01011820,All people aged 3 and over,745,8,737
S01011820,3 to 15,105,0,105
S01011820,16 to 24,101,0,101
S01011820,25 to 34,82,1,81
S01011820,35 to 49,151,1,150
S01011820,50 to 64,112,2,110
S01011820,65 and over,194,4,190
S01011821,All people aged 3 and over,416,1,415
S01011821,3 to 15,62,0,62
S01011821,16 to 24,76,0,76
S01011821,25 to 34,60,0,60
S01011821,35 to 49,113,1,112
S01011821,50 to 64,51,0,51
S01011821,65 and over,54,0,54
S01011822,All people aged 3 and over,684,11,673
S01011822,3 to 15,69,2,67
S01011822,16 to 24,131,1,130
S01011822,25 to 34,115,1,114
S01011822,35 to 49,120,4,116
S01011822,50 to 64,111,3,108
S01011822,65 and over,138,0,138
S01011823,All people aged 3 and over,592,3,589
S01011823,3 to 15,86,1,85
S01011823,16 to 24,62,0,62
S01011823,25 to 34,73,0,73
S01011823,35 to 49,124,0,124
S01011823,50 to 64,133,2,131
S01011823,65 and over,114,0,114
S01011824,All people aged 3 and over,677,3,674
S01011824,3 to 15,124,0,124
S01011824,16 to 24,91,1,90
S01011824,25 to 34,95,1,94
S01011824,35 to 49,131,1,130
S01011824,50 to 64,154,0,154
S01011824,65 and over,82,0,82
S01011825,All people aged 3 and over,522,4,518
S01011825,3 to 15,60,0,60
S01011825,16 to 24,69,0,69
S01011825,25 to 34,64,2,62
S01011825,35 to 49,107,0,107
S01011825,50 to 64,106,2,104
S01011825,65 and over,116,0,116
S01011826,All people aged 3 and over,628,4,624
S01011826,3 to 15,78,1,77
S01011826,16 to 24,91,1,90
S01011826,25 to 34,86,1,85
S01011826,35 to 49,137,0,137
S01011826,50 to 64,128,1,127
S01011826,65 and over,108,0,108
S01011827,All people aged 3 and over,518,7,511
S01011827,3 to 15,46,0,46
S01011827,16 to 24,25,0,25
S01011827,25 to 34,27,2,25
S01011827,35 to 49,92,2,90
S01011827,50 to 64,168,0,168
S01011827,65 and over,160,3,157
S01011828,All people aged 3 and over,873,4,869
S01011828,3 to 15,109,1,108
S01011828,16 to 24,76,1,75
S01011828,25 to 34,79,0,79
S01011828,35 to 49,195,1,194
S01011828,50 to 64,224,1,223
S01011828,65 and over,190,0,190
S01011829,All people aged 3 and over,401,1,400
S01011829,3 to 15,44,0,44
S01011829,16 to 24,28,0,28
S01011829,25 to 34,50,0,50
S01011829,35 to 49,87,0,87
S01011829,50 to 64,112,1,111
S01011829,65 and over,80,0,80
S01011830,All people aged 3 and over,563,2,561
S01011830,3 to 15,83,0,83
S01011830,16 to 24,25,0,25
S01011830,25 to 34,49,0,49
S01011830,35 to 49,110,1,109
S01011830,50 to 64,164,1,163
S01011830,65 and over,132,0,132
S01011831,All people aged 3 and over,903,11,892
S01011831,3 to 15,149,2,147
S01011831,16 to 24,60,0,60
S01011831,25 to 34,48,0,48
S01011831,35 to 49,169,3,166
S01011831,50 to 64,244,3,241
S01011831,65 and over,233,3,230
S01011832,All people aged 3 and over,812,4,808
S01011832,3 to 15,93,2,91
S01011832,16 to 24,74,0,74
S01011832,25 to 34,65,0,65
S01011832,35 to 49,153,0,153
S01011832,50 to 64,215,2,213
S01011832,65 and over,212,0,212
S01011833,All people aged 3 and over,993,14,979
S01011833,3 to 15,188,1,187
S01011833,16 to 24,94,0,94
S01011833,25 to 34,55,2,53
S01011833,35 to 49,214,2,212
S01011833,50 to 64,248,3,245
S01011833,65 and over,194,6,188
S01011834,All people aged 3 and over,479,4,475
S01011834,3 to 15,103,0,103
S01011834,16 to 24,33,0,33
S01011834,25 to 34,21,0,21
S01011834,35 to 49,153,2,151
S01011834,50 to 64,103,2,101
S01011834,65 and over,66,0,66
S01011835,All people aged 3 and over,669,6,663
S01011835,3 to 15,120,0,120
S01011835,16 to 24,45,0,45
S01011835,25 to 34,40,1,39
S01011835,35 to 49,190,1,189
S01011835,50 to 64,184,2,182
S01011835,65 and over,90,2,88
S01011836,All people aged 3 and over,744,7,737
S01011836,3 to 15,83,0,83
S01011836,16 to 24,71,1,70
S01011836,25 to 34,35,0,35
S01011836,35 to 49,156,3,153
S01011836,50 to 64,241,2,239
S01011836,65 and over,158,1,157
S01011837,All people aged 3 and over,657,6,651
S01011837,3 to 15,91,0,91
S01011837,16 to 24,55,0,55
S01011837,25 to 34,25,0,25
S01011837,35 to 49,160,4,156
S01011837,50 to 64,182,2,180
S01011837,65 and over,144,0,144
S01011838,All people aged 3 and over,804,6,798
S01011838,3 to 15,111,0,111
S01011838,16 to 24,83,1,82
S01011838,25 to 34,53,1,52
S01011838,35 to 49,184,0,184
S01011838,50 to 64,203,3,200
S01011838,65 and over,170,1,169
S01011839,All people aged 3 and over,932,6,926
S01011839,3 to 15,107,0,107
S01011839,16 to 24,94,1,93
S01011839,25 to 34,91,0,91
S01011839,35 to 49,184,0,184
S01011839,50 to 64,249,3,246
S01011839,65 and over,207,2,205
S01011840,All people aged 3 and over,978,5,973
S01011840,3 to 15,190,0,190
S01011840,16 to 24,90,0,90
S01011840,25 to 34,89,1,88
S01011840,35 to 49,228,3,225
S01011840,50 to 64,241,1,240
S01011840,65 and over,140,0,140
S01011841,All people aged 3 and over,921,7,914
S01011841,3 to 15,176,0,176
S01011841,16 to 24,82,0,82
S01011841,25 to 34,81,1,80
S01011841,35 to 49,208,3,205
S01011841,50 to 64,189,1,188
S01011841,65 and over,185,2,183
S01011842,All people aged 3 and over,943,12,931
S01011842,3 to 15,152,1,151
S01011842,16 to 24,93,1,92
S01011842,25 to 34,92,2,90
S01011842,35 to 49,195,5,190
S01011842,50 to 64,202,1,201
S01011842,65 and over,209,2,207
S01011843,All people aged 3 and over,961,10,951
S01011843,3 to 15,149,0,149
S01011843,16 to 24,68,0,68
S01011843,25 to 34,55,1,54
S01011843,35 to 49,240,4,236
S01011843,50 to 64,269,3,266
S01011843,65 and over,180,2,178
S01011844,All people aged 3 and over,764,6,758
S01011844,3 to 15,153,0,153
S01011844,16 to 24,61,0,61
S01011844,25 to 34,33,1,32
S01011844,35 to 49,209,2,207
S01011844,50 to 64,126,0,126
S01011844,65 and over,182,3,179
S01011845,All people aged 3 and over,814,4,810
S01011845,3 to 15,140,0,140
S01011845,16 to 24,75,1,74
S01011845,25 to 34,80,0,80
S01011845,35 to 49,184,0,184
S01011845,50 to 64,163,3,160
S01011845,65 and over,172,0,172
S01011846,All people aged 3 and over,849,8,841
S01011846,3 to 15,125,0,125
S01011846,16 to 24,77,0,77
S01011846,25 to 34,65,0,65
S01011846,35 to 49,189,1,188
S01011846,50 to 64,221,4,217
S01011846,65 and over,172,3,169
S01011847,All people aged 3 and over,421,4,417
S01011847,3 to 15,78,1,77
S01011847,16 to 24,22,0,22
S01011847,25 to 34,25,0,25
S01011847,35 to 49,117,1,116
S01011847,50 to 64,109,1,108
S01011847,65 and over,70,1,69
S01011848,All people aged 3 and over,710,7,703
S01011848,3 to 15,122,2,120
S01011848,16 to 24,52,0,52
S01011848,25 to 34,63,0,63
S01011848,35 to 49,152,1,151
S01011848,50 to 64,172,3,169
S01011848,65 and over,149,1,148
S01011849,All people aged 3 and over,786,7,779
S01011849,3 to 15,136,2,134
S01011849,16 to 24,63,0,63
S01011849,25 to 34,91,1,90
S01011849,35 to 49,197,0,197
S01011849,50 to 64,175,3,172
S01011849,65 and over,124,1,123
S01011850,All people aged 3 and over,681,7,674
S01011850,3 to 15,98,0,98
S01011850,16 to 24,61,0,61
S01011850,25 to 34,71,1,70
S01011850,35 to 49,166,1,165
S01011850,50 to 64,151,3,148
S01011850,65 and over,134,2,132
S01011851,All people aged 3 and over,869,17,852
S01011851,3 to 15,134,3,131
S01011851,16 to 24,86,0,86
S01011851,25 to 34,82,0,82
S01011851,35 to 49,202,6,196
S01011851,50 to 64,187,3,184
S01011851,65 and over,178,5,173
S01011852,All people aged 3 and over,980,10,970
S01011852,3 to 15,133,1,132
S01011852,16 to 24,115,1,114
S01011852,25 to 34,108,1,107
S01011852,35 to 49,204,1,203
S01011852,50 to 64,177,3,174
S01011852,65 and over,243,3,240
S01011853,All people aged 3 and over,684,11,673
S01011853,3 to 15,113,2,111
S01011853,16 to 24,77,0,77
S01011853,25 to 34,78,3,75
S01011853,35 to 49,160,1,159
S01011853,50 to 64,140,1,139
S01011853,65 and over,116,4,112
S01011854,All people aged 3 and over,797,12,785
S01011854,3 to 15,85,0,85
S01011854,16 to 24,70,1,69
S01011854,25 to 34,71,4,67
S01011854,35 to 49,123,1,122
S01011854,50 to 64,182,1,181
S01011854,65 and over,266,5,261
S01011855,All people aged 3 and over,825,5,820
S01011855,3 to 15,119,0,119
S01011855,16 to 24,100,0,100
S01011855,25 to 34,79,0,79
S01011855,35 to 49,173,3,170
S01011855,50 to 64,166,1,165
S01011855,65 and over,188,1,187
S01011856,All people aged 3 and over,672,7,665
S01011856,3 to 15,75,0,75
S01011856,16 to 24,51,0,51
S01011856,25 to 34,37,0,37
S01011856,35 to 49,135,3,132
S01011856,50 to 64,144,2,142
S01011856,65 and over,230,2,228
S01011857,All people aged 3 and over,674,9,665
S01011857,3 to 15,102,1,101
S01011857,16 to 24,59,0,59
S01011857,25 to 34,50,0,50
S01011857,35 to 49,149,2,147
S01011857,50 to 64,153,3,150
S01011857,65 and over,161,3,158
S01011858,All people aged 3 and over,862,13,849
S01011858,3 to 15,109,0,109
S01011858,16 to 24,58,0,58
S01011858,25 to 34,30,2,28
S01011858,35 to 49,168,3,165
S01011858,50 to 64,176,1,175
S01011858,65 and over,321,7,314
S01011859,All people aged 3 and over,819,13,806
S01011859,3 to 15,67,0,67
S01011859,16 to 24,56,0,56
S01011859,25 to 34,44,0,44
S01011859,35 to 49,136,2,134
S01011859,50 to 64,197,6,191
S01011859,65 and over,319,5,314
S01011860,All people aged 3 and over,622,5,617
S01011860,3 to 15,93,0,93
S01011860,16 to 24,88,1,87
S01011860,25 to 34,75,0,75
S01011860,35 to 49,130,2,128
S01011860,50 to 64,146,1,145
S01011860,65 and over,90,1,89
S01011861,All people aged 3 and over,743,7,736
S01011861,3 to 15,107,1,106
S01011861,16 to 24,57,0,57
S01011861,25 to 34,44,0,44
S01011861,35 to 49,158,1,157
S01011861,50 to 64,204,4,200
S01011861,65 and over,173,1,172
S01011862,All people aged 3 and over,1045,27,1018
S01011862,3 to 15,218,3,215
S01011862,16 to 24,77,0,77
S01011862,25 to 34,49,1,48
S01011862,35 to 49,185,5,180
S01011862,50 to 64,226,6,220
S01011862,65 and over,290,12,278
S01011863,All people aged 3 and over,815,22,793
S01011863,3 to 15,93,0,93
S01011863,16 to 24,90,0,90
S01011863,25 to 34,48,1,47
S01011863,35 to 49,140,3,137
S01011863,50 to 64,167,7,160
S01011863,65 and over,277,11,266
S01011864,All people aged 3 and over,707,17,690
S01011864,3 to 15,95,1,94
S01011864,16 to 24,63,1,62
S01011864,25 to 34,38,0,38
S01011864,35 to 49,157,3,154
S01011864,50 to 64,173,7,166
S01011864,65 and over,181,5,176
S01011865,All people aged 3 and over,602,7,595
S01011865,3 to 15,86,0,86
S01011865,16 to 24,53,0,53
S01011865,25 to 34,43,1,42
S01011865,35 to 49,116,1,115
S01011865,50 to 64,137,2,135
S01011865,65 and over,167,3,164
S01011866,All people aged 3 and over,788,17,771
S01011866,3 to 15,152,5,147
S01011866,16 to 24,55,0,55
S01011866,25 to 34,76,2,74
S01011866,35 to 49,177,3,174
S01011866,50 to 64,159,0,159
S01011866,65 and over,169,7,162
S01011867,All people aged 3 and over,917,21,896
S01011867,3 to 15,151,3,148
S01011867,16 to 24,100,0,100
S01011867,25 to 34,109,3,106
S01011867,35 to 49,215,4,211
S01011867,50 to 64,156,3,153
S01011867,65 and over,186,8,178
S01011868,All people aged 3 and over,856,13,843
S01011868,3 to 15,139,0,139
S01011868,16 to 24,89,0,89
S01011868,25 to 34,107,3,104
S01011868,35 to 49,180,4,176
S01011868,50 to 64,166,4,162
S01011868,65 and over,175,2,173
S01011869,All people aged 3 and over,749,17,732
S01011869,3 to 15,70,0,70
S01011869,16 to 24,96,1,95
S01011869,25 to 34,95,2,93
S01011869,35 to 49,176,5,171
S01011869,50 to 64,150,6,144
S01011869,65 and over,162,3,159
S01011870,All people aged 3 and over,682,10,672
S01011870,3 to 15,117,2,115
S01011870,16 to 24,80,0,80
S01011870,25 to 34,66,0,66
S01011870,35 to 49,166,3,163
S01011870,50 to 64,132,3,129
S01011870,65 and over,121,2,119
S01011871,All people aged 3 and over,1050,9,1041
S01011871,3 to 15,184,0,184
S01011871,16 to 24,109,1,108
S01011871,25 to 34,106,0,106
S01011871,35 to 49,248,5,243
S01011871,50 to 64,253,1,252
S01011871,65 and over,150,2,148
S01011872,All people aged 3 and over,891,6,885
S01011872,3 to 15,168,0,168
S01011872,16 to 24,67,0,67
S01011872,25 to 34,63,0,63
S01011872,35 to 49,230,3,227
S01011872,50 to 64,220,2,218
S01011872,65 and over,143,1,142
S01011873,All people aged 3 and over,784,8,776
S01011873,3 to 15,138,0,138
S01011873,16 to 24,71,0,71
S01011873,25 to 34,65,1,64
S01011873,35 to 49,213,4,209
S01011873,50 to 64,195,1,194
S01011873,65 and over,102,2,100
S01011874,All people aged 3 and over,641,9,632
S01011874,3 to 15,99,0,99
S01011874,16 to 24,60,0,60
S01011874,25 to 34,56,1,55
S01011874,35 to 49,174,1,173
S01011874,50 to 64,153,6,147
S01011874,65 and over,99,1,98
S01011875,All people aged 3 and over,656,18,638
S01011875,3 to 15,85,3,82
S01011875,16 to 24,47,0,47
S01011875,25 to 34,55,1,54
S01011875,35 to 49,127,3,124
S01011875,50 to 64,151,4,147
S01011875,65 and over,191,7,184
S01011876,All people aged 3 and over,933,6,927
S01011876,3 to 15,163,0,163
S01011876,16 to 24,70,1,69
S01011876,25 to 34,87,0,87
S01011876,35 to 49,220,4,216
S01011876,50 to 64,232,1,231
S01011876,65 and over,161,0,161
S01011877,All people aged 3 and over,536,7,529
S01011877,3 to 15,67,1,66
S01011877,16 to 24,39,0,39
S01011877,25 to 34,48,1,47
S01011877,35 to 49,112,3,109
S01011877,50 to 64,133,1,132
S01011877,65 and over,137,1,136
S01011878,All people aged 3 and over,1309,26,1283
S01011878,3 to 15,333,7,326
S01011878,16 to 24,267,6,261
S01011878,25 to 34,66,2,64
S01011878,35 to 49,223,5,218
S01011878,50 to 64,235,3,232
S01011878,65 and over,185,3,182
S01011879,All people aged 3 and over,534,7,527
S01011879,3 to 15,90,0,90
S01011879,16 to 24,74,0,74
S01011879,25 to 34,21,1,20
S01011879,35 to 49,135,3,132
S01011879,50 to 64,135,2,133
S01011879,65 and over,79,1,78
S01011880,All people aged 3 and over,574,8,566
S01011880,3 to 15,92,0,92
S01011880,16 to 24,43,0,43
S01011880,25 to 34,32,0,32
S01011880,35 to 49,168,5,163
S01011880,50 to 64,131,2,129
S01011880,65 and over,108,1,107
S01011881,All people aged 3 and over,805,6,799
S01011881,3 to 15,141,0,141
S01011881,16 to 24,77,0,77
S01011881,25 to 34,90,1,89
S01011881,35 to 49,184,1,183
S01011881,50 to 64,139,1,138
S01011881,65 and over,174,3,171
S01011882,All people aged 3 and over,917,10,907
S01011882,3 to 15,107,0,107
S01011882,16 to 24,83,0,83
S01011882,25 to 34,84,0,84
S01011882,35 to 49,170,3,167
S01011882,50 to 64,213,3,210
S01011882,65 and over,260,4,256
S01011883,All people aged 3 and over,1138,17,1121
S01011883,3 to 15,222,2,220
S01011883,16 to 24,149,1,148
S01011883,25 to 34,98,0,98
S01011883,35 to 49,218,5,213
S01011883,50 to 64,280,6,274
S01011883,65 and over,171,3,168
S01011884,All people aged 3 and over,402,4,398
S01011884,3 to 15,55,0,55
S01011884,16 to 24,29,0,29
S01011884,25 to 34,32,0,32
S01011884,35 to 49,108,1,107
S01011884,50 to 64,113,0,113
S01011884,65 and over,65,3,62
S01011885,All people aged 3 and over,659,11,648
S01011885,3 to 15,132,2,130
S01011885,16 to 24,33,1,32
S01011885,25 to 34,80,0,80
S01011885,35 to 49,205,5,200
S01011885,50 to 64,119,2,117
S01011885,65 and over,90,1,89
S01011886,All people aged 3 and over,855,12,843
S01011886,3 to 15,152,0,152
S01011886,16 to 24,76,1,75
S01011886,25 to 34,64,0,64
S01011886,35 to 49,188,4,184
S01011886,50 to 64,221,6,215
S01011886,65 and over,154,1,153
S01011887,All people aged 3 and over,571,12,559
S01011887,3 to 15,103,1,102
S01011887,16 to 24,49,2,47
S01011887,25 to 34,66,1,65
S01011887,35 to 49,142,4,138
S01011887,50 to 64,111,3,108
S01011887,65 and over,100,1,99
S01011888,All people aged 3 and over,835,13,822
S01011888,3 to 15,166,0,166
S01011888,16 to 24,90,2,88
S01011888,25 to 34,103,3,100
S01011888,35 to 49,209,2,207
S01011888,50 to 64,156,4,152
S01011888,65 and over,111,2,109
S01011889,All people aged 3 and over,912,16,896
S01011889,3 to 15,133,0,133
S01011889,16 to 24,69,4,65
S01011889,25 to 34,62,0,62
S01011889,35 to 49,194,2,192
S01011889,50 to 64,196,6,190
S01011889,65 and over,258,4,254
S01011890,All people aged 3 and over,680,3,677
S01011890,3 to 15,110,0,110
S01011890,16 to 24,64,0,64
S01011890,25 to 34,81,1,80
S01011890,35 to 49,165,0,165
S01011890,50 to 64,142,2,140
S01011890,65 and over,118,0,118
S01011891,All people aged 3 and over,1234,29,1205
S01011891,3 to 15,113,0,113
S01011891,16 to 24,174,0,174
S01011891,25 to 34,362,17,345
S01011891,35 to 49,295,6,289
S01011891,50 to 64,158,3,155
S01011891,65 and over,132,3,129
S01011892,All people aged 3 and over,941,11,930
S01011892,3 to 15,124,0,124
S01011892,16 to 24,125,3,122
S01011892,25 to 34,190,4,186
S01011892,35 to 49,243,2,241
S01011892,50 to 64,157,1,156
S01011892,65 and over,102,1,101
S01011893,All people aged 3 and over,899,8,891
S01011893,3 to 15,101,2,99
S01011893,16 to 24,93,1,92
S01011893,25 to 34,163,0,163
S01011893,35 to 49,199,2,197
S01011893,50 to 64,173,0,173
S01011893,65 and over,170,3,167
S01011894,All people aged 3 and over,620,7,613
S01011894,3 to 15,89,4,85
S01011894,16 to 24,76,0,76
S01011894,25 to 34,89,0,89
S01011894,35 to 49,139,1,138
S01011894,50 to 64,138,0,138
S01011894,65 and over,89,2,87
S01011895,All people aged 3 and over,647,7,640
S01011895,3 to 15,68,0,68
S01011895,16 to 24,54,0,54
S01011895,25 to 34,45,0,45
S01011895,35 to 49,119,1,118
S01011895,50 to 64,148,3,145
S01011895,65 and over,213,3,210
S01011896,All people aged 3 and over,840,11,829
S01011896,3 to 15,113,0,113
S01011896,16 to 24,63,0,63
S01011896,25 to 34,105,3,102
S01011896,35 to 49,192,5,187
S01011896,50 to 64,175,1,174
S01011896,65 and over,192,2,190
S01011897,All people aged 3 and over,993,16,977
S01011897,3 to 15,167,3,164
S01011897,16 to 24,82,2,80
S01011897,25 to 34,85,3,82
S01011897,35 to 49,225,4,221
S01011897,50 to 64,216,4,212
S01011897,65 and over,218,0,218
S01011898,All people aged 3 and over,666,1,665
S01011898,3 to 15,146,0,146
S01011898,16 to 24,65,0,65
S01011898,25 to 34,38,0,38
S01011898,35 to 49,170,0,170
S01011898,50 to 64,159,0,159
S01011898,65 and over,88,1,87
S01011899,All people aged 3 and over,759,6,753
S01011899,3 to 15,97,0,97
S01011899,16 to 24,55,0,55
S01011899,25 to 34,64,0,64
S01011899,35 to 49,134,0,134
S01011899,50 to 64,206,1,205
S01011899,65 and over,203,5,198
S01011900,All people aged 3 and over,722,8,714
S01011900,3 to 15,120,0,120
S01011900,16 to 24,66,1,65
S01011900,25 to 34,43,0,43
S01011900,35 to 49,164,1,163
S01011900,50 to 64,175,4,171
S01011900,65 and over,154,2,152
S01011901,All people aged 3 and over,870,7,863
S01011901,3 to 15,141,0,141
S01011901,16 to 24,78,1,77
S01011901,25 to 34,95,0,95
S01011901,35 to 49,213,0,213
S01011901,50 to 64,168,5,163
S01011901,65 and over,175,1,174
S01011902,All people aged 3 and over,1047,12,1035
S01011902,3 to 15,140,0,140
S01011902,16 to 24,93,2,91
S01011902,25 to 34,59,1,58
S01011902,35 to 49,223,2,221
S01011902,50 to 64,247,4,243
S01011902,65 and over,285,3,282
S01011903,All people aged 3 and over,786,6,780
S01011903,3 to 15,108,0,108
S01011903,16 to 24,55,0,55
S01011903,25 to 34,61,0,61
S01011903,35 to 49,131,0,131
S01011903,50 to 64,208,4,204
S01011903,65 and over,223,2,221
S01011904,All people aged 3 and over,804,10,794
S01011904,3 to 15,106,2,104
S01011904,16 to 24,58,0,58
S01011904,25 to 34,55,2,53
S01011904,35 to 49,146,0,146
S01011904,50 to 64,204,2,202
S01011904,65 and over,235,4,231
S01011905,All people aged 3 and over,786,5,781
S01011905,3 to 15,145,0,145
S01011905,16 to 24,83,0,83
S01011905,25 to 34,40,0,40
S01011905,35 to 49,214,0,214
S01011905,50 to 64,161,1,160
S01011905,65 and over,143,4,139
S01011906,All people aged 3 and over,414,3,411
S01011906,3 to 15,44,1,43
S01011906,16 to 24,30,0,30
S01011906,25 to 34,33,0,33
S01011906,35 to 49,103,0,103
S01011906,50 to 64,109,0,109
S01011906,65 and over,95,2,93
S01011907,All people aged 3 and over,726,12,714
S01011907,3 to 15,94,0,94
S01011907,16 to 24,89,2,87
S01011907,25 to 34,86,0,86
S01011907,35 to 49,173,7,166
S01011907,50 to 64,175,1,174
S01011907,65 and over,109,2,107
S01011908,All people aged 3 and over,359,4,355
S01011908,3 to 15,65,0,65
S01011908,16 to 24,30,0,30
S01011908,25 to 34,63,2,61
S01011908,35 to 49,85,0,85
S01011908,50 to 64,82,2,80
S01011908,65 and over,34,0,34
S01011909,All people aged 3 and over,972,6,966
S01011909,3 to 15,189,0,189
S01011909,16 to 24,94,1,93
S01011909,25 to 34,200,2,198
S01011909,35 to 49,324,1,323
S01011909,50 to 64,132,1,131
S01011909,65 and over,33,1,32
S01011910,All people aged 3 and over,864,15,849
S01011910,3 to 15,144,2,142
S01011910,16 to 24,132,2,130
S01011910,25 to 34,153,3,150
S01011910,35 to 49,169,2,167
S01011910,50 to 64,145,3,142
S01011910,65 and over,121,3,118
S01011911,All people aged 3 and over,624,1,623
S01011911,3 to 15,86,0,86
S01011911,16 to 24,65,0,65
S01011911,25 to 34,74,0,74
S01011911,35 to 49,123,0,123
S01011911,50 to 64,132,0,132
S01011911,65 and over,144,1,143
S01011912,All people aged 3 and over,693,9,684
S01011912,3 to 15,115,2,113
S01011912,16 to 24,76,0,76
S01011912,25 to 34,101,2,99
S01011912,35 to 49,157,2,155
S01011912,50 to 64,130,1,129
S01011912,65 and over,114,2,112
S01011913,All people aged 3 and over,694,16,678
S01011913,3 to 15,113,1,112
S01011913,16 to 24,92,1,91
S01011913,25 to 34,108,2,106
S01011913,35 to 49,139,6,133
S01011913,50 to 64,143,5,138
S01011913,65 and over,99,1,98
S01011914,All people aged 3 and over,822,11,811
S01011914,3 to 15,201,2,199
S01011914,16 to 24,118,1,117
S01011914,25 to 34,147,3,144
S01011914,35 to 49,180,2,178
S01011914,50 to 64,104,2,102
S01011914,65 and over,72,1,71
S01011915,All people aged 3 and over,784,24,760
S01011915,3 to 15,141,12,129
S01011915,16 to 24,96,2,94
S01011915,25 to 34,99,3,96
S01011915,35 to 49,149,4,145
S01011915,50 to 64,182,0,182
S01011915,65 and over,117,3,114
S01011916,All people aged 3 and over,578,11,567
S01011916,3 to 15,119,7,112
S01011916,16 to 24,72,1,71
S01011916,25 to 34,58,0,58
S01011916,35 to 49,148,2,146
S01011916,50 to 64,96,0,96
S01011916,65 and over,85,1,84
S01011917,All people aged 3 and over,493,7,486
S01011917,3 to 15,72,0,72
S01011917,16 to 24,57,3,54
S01011917,25 to 34,56,1,55
S01011917,35 to 49,113,0,113
S01011917,50 to 64,103,2,101
S01011917,65 and over,92,1,91
S01011918,All people aged 3 and over,743,16,727
S01011918,3 to 15,161,3,158
S01011918,16 to 24,105,1,104
S01011918,25 to 34,117,2,115
S01011918,35 to 49,173,8,165
S01011918,50 to 64,113,1,112
S01011918,65 and over,74,1,73
S01011919,All people aged 3 and over,860,15,845
S01011919,3 to 15,102,4,98
S01011919,16 to 24,203,3,200
S01011919,25 to 34,173,1,172
S01011919,35 to 49,162,4,158
S01011919,50 to 64,132,0,132
S01011919,65 and over,88,3,85
S01011920,All people aged 3 and over,600,4,596
S01011920,3 to 15,79,1,78
S01011920,16 to 24,80,0,80
S01011920,25 to 34,86,1,85
S01011920,35 to 49,122,0,122
S01011920,50 to 64,125,2,123
S01011920,65 and over,108,0,108
S01011921,All people aged 3 and over,563,6,557
S01011921,3 to 15,98,1,97
S01011921,16 to 24,60,0,60
S01011921,25 to 34,78,1,77
S01011921,35 to 49,122,0,122
S01011921,50 to 64,104,3,101
S01011921,65 and over,101,1,100
S01011922,All people aged 3 and over,729,7,722
S01011922,3 to 15,109,1,108
S01011922,16 to 24,97,0,97
S01011922,25 to 34,115,2,113
S01011922,35 to 49,166,1,165
S01011922,50 to 64,139,2,137
S01011922,65 and over,103,1,102
S01011923,All people aged 3 and over,892,11,881
S01011923,3 to 15,162,1,161
S01011923,16 to 24,113,1,112
S01011923,25 to 34,137,2,135
S01011923,35 to 49,193,2,191
S01011923,50 to 64,148,2,146
S01011923,65 and over,139,3,136
S01011924,All people aged 3 and over,432,7,425
S01011924,3 to 15,78,1,77
S01011924,16 to 24,48,0,48
S01011924,25 to 34,65,3,62
S01011924,35 to 49,81,0,81
S01011924,50 to 64,85,2,83
S01011924,65 and over,75,1,74
S01011925,All people aged 3 and over,717,7,710
S01011925,3 to 15,166,3,163
S01011925,16 to 24,79,0,79
S01011925,25 to 34,120,1,119
S01011925,35 to 49,217,3,214
S01011925,50 to 64,113,0,113
S01011925,65 and over,22,0,22
S01011926,All people aged 3 and over,632,7,625
S01011926,3 to 15,109,0,109
S01011926,16 to 24,67,1,66
S01011926,25 to 34,80,1,79
S01011926,35 to 49,137,0,137
S01011926,50 to 64,152,2,150
S01011926,65 and over,87,3,84
S01011927,All people aged 3 and over,593,6,587
S01011927,3 to 15,91,0,91
S01011927,16 to 24,69,0,69
S01011927,25 to 34,70,2,68
S01011927,35 to 49,120,0,120
S01011927,50 to 64,152,3,149
S01011927,65 and over,91,1,90
S01011928,All people aged 3 and over,678,6,672
S01011928,3 to 15,73,0,73
S01011928,16 to 24,73,1,72
S01011928,25 to 34,88,2,86
S01011928,35 to 49,138,1,137
S01011928,50 to 64,188,1,187
S01011928,65 and over,118,1,117
S01011929,All people aged 3 and over,669,3,666
S01011929,3 to 15,81,0,81
S01011929,16 to 24,85,0,85
S01011929,25 to 34,93,1,92
S01011929,35 to 49,135,0,135
S01011929,50 to 64,142,1,141
S01011929,65 and over,133,1,132
S01011930,All people aged 3 and over,616,4,612
S01011930,3 to 15,108,1,107
S01011930,16 to 24,63,0,63
S01011930,25 to 34,90,1,89
S01011930,35 to 49,125,0,125
S01011930,50 to 64,124,1,123
S01011930,65 and over,106,1,105
S01011931,All people aged 3 and over,604,5,599
S01011931,3 to 15,130,0,130
S01011931,16 to 24,86,2,84
S01011931,25 to 34,82,0,82
S01011931,35 to 49,151,1,150
S01011931,50 to 64,107,2,105
S01011931,65 and over,48,0,48
S01011932,All people aged 3 and over,580,8,572
S01011932,3 to 15,68,2,66
S01011932,16 to 24,109,1,108
S01011932,25 to 34,184,1,183
S01011932,35 to 49,103,2,101
S01011932,50 to 64,77,0,77
S01011932,65 and over,39,2,37
S01011933,All people aged 3 and over,609,18,591
S01011933,3 to 15,48,0,48
S01011933,16 to 24,94,5,89
S01011933,25 to 34,128,4,124
S01011933,35 to 49,135,4,131
S01011933,50 to 64,114,1,113
S01011933,65 and over,90,4,86
S01011934,All people aged 3 and over,1087,11,1076
S01011934,3 to 15,146,0,146
S01011934,16 to 24,135,6,129
S01011934,25 to 34,174,1,173
S01011934,35 to 49,227,1,226
S01011934,50 to 64,175,0,175
S01011934,65 and over,230,3,227
S01011935,All people aged 3 and over,799,12,787
S01011935,3 to 15,48,0,48
S01011935,16 to 24,134,2,132
S01011935,25 to 34,200,3,197
S01011935,35 to 49,162,1,161
S01011935,50 to 64,136,5,131
S01011935,65 and over,119,1,118
S01011936,All people aged 3 and over,749,8,741
S01011936,3 to 15,65,0,65
S01011936,16 to 24,111,0,111
S01011936,25 to 34,136,1,135
S01011936,35 to 49,136,1,135
S01011936,50 to 64,118,1,117
S01011936,65 and over,183,5,178
S01011937,All people aged 3 and over,648,6,642
S01011937,3 to 15,33,0,33
S01011937,16 to 24,115,0,115
S01011937,25 to 34,174,4,170
S01011937,35 to 49,114,1,113
S01011937,50 to 64,89,0,89
S01011937,65 and over,123,1,122
S01011938,All people aged 3 and over,658,4,654
S01011938,3 to 15,47,0,47
S01011938,16 to 24,69,1,68
S01011938,25 to 34,144,0,144
S01011938,35 to 49,137,0,137
S01011938,50 to 64,113,2,111
S01011938,65 and over,148,1,147
S01011939,All people aged 3 and over,713,19,694
S01011939,3 to 15,47,1,46
S01011939,16 to 24,157,4,153
S01011939,25 to 34,191,8,183
S01011939,35 to 49,136,4,132
S01011939,50 to 64,121,0,121
S01011939,65 and over,61,2,59
S01011940,All people aged 3 and over,416,10,406
S01011940,3 to 15,35,1,34
S01011940,16 to 24,71,0,71
S01011940,25 to 34,146,2,144
S01011940,35 to 49,65,3,62
S01011940,50 to 64,41,4,37
S01011940,65 and over,58,0,58
S01011941,All people aged 3 and over,685,25,660
S01011941,3 to 15,35,0,35
S01011941,16 to 24,144,8,136
S01011941,25 to 34,219,9,210
S01011941,35 to 49,147,7,140
S01011941,50 to 64,95,1,94
S01011941,65 and over,45,0,45
S01011942,All people aged 3 and over,823,14,809
S01011942,3 to 15,39,0,39
S01011942,16 to 24,158,7,151
S01011942,25 to 34,224,5,219
S01011942,35 to 49,133,0,133
S01011942,50 to 64,103,1,102
S01011942,65 and over,166,1,165
S01011943,All people aged 3 and over,1120,21,1099
S01011943,3 to 15,65,0,65
S01011943,16 to 24,201,4,197
S01011943,25 to 34,270,6,264
S01011943,35 to 49,233,3,230
S01011943,50 to 64,166,5,161
S01011943,65 and over,185,3,182
S01011944,All people aged 3 and over,432,4,428
S01011944,3 to 15,48,0,48
S01011944,16 to 24,38,0,38
S01011944,25 to 34,22,0,22
S01011944,35 to 49,84,0,84
S01011944,50 to 64,134,4,130
S01011944,65 and over,106,0,106
S01011945,All people aged 3 and over,813,8,805
S01011945,3 to 15,114,1,113
S01011945,16 to 24,50,1,49
S01011945,25 to 34,53,1,52
S01011945,35 to 49,145,0,145
S01011945,50 to 64,226,3,223
S01011945,65 and over,225,2,223
S01011946,All people aged 3 and over,783,14,769
S01011946,3 to 15,112,0,112
S01011946,16 to 24,82,2,80
S01011946,25 to 34,54,0,54
S01011946,35 to 49,158,1,157
S01011946,50 to 64,155,7,148
S01011946,65 and over,222,4,218
S01011947,All people aged 3 and over,486,3,483
S01011947,3 to 15,71,0,71
S01011947,16 to 24,43,0,43
S01011947,25 to 34,17,1,16
S01011947,35 to 49,83,0,83
S01011947,50 to 64,126,2,124
S01011947,65 and over,146,0,146
S01011948,All people aged 3 and over,1134,10,1124
S01011948,3 to 15,138,0,138
S01011948,16 to 24,86,0,86
S01011948,25 to 34,88,1,87
S01011948,35 to 49,227,2,225
S01011948,50 to 64,252,3,249
S01011948,65 and over,343,4,339
S01011949,All people aged 3 and over,812,7,805
S01011949,3 to 15,99,0,99
S01011949,16 to 24,45,0,45
S01011949,25 to 34,30,0,30
S01011949,35 to 49,128,0,128
S01011949,50 to 64,199,0,199
S01011949,65 and over,311,7,304
S01011950,All people aged 3 and over,757,9,748
S01011950,3 to 15,88,0,88
S01011950,16 to 24,49,1,48
S01011950,25 to 34,47,2,45
S01011950,35 to 49,123,1,122
S01011950,50 to 64,170,1,169
S01011950,65 and over,280,4,276
S01011951,All people aged 3 and over,659,7,652
S01011951,3 to 15,96,2,94
S01011951,16 to 24,55,0,55
S01011951,25 to 34,76,1,75
S01011951,35 to 49,133,1,132
S01011951,50 to 64,127,0,127
S01011951,65 and over,172,3,169
S01011952,All people aged 3 and over,476,4,472
S01011952,3 to 15,83,0,83
S01011952,16 to 24,22,0,22
S01011952,25 to 34,56,0,56
S01011952,35 to 49,122,2,120
S01011952,50 to 64,97,2,95
S01011952,65 and over,96,0,96
S01011953,All people aged 3 and over,733,5,728
S01011953,3 to 15,124,0,124
S01011953,16 to 24,63,0,63
S01011953,25 to 34,48,0,48
S01011953,35 to 49,162,1,161
S01011953,50 to 64,179,2,177
S01011953,65 and over,157,2,155
S01011954,All people aged 3 and over,477,7,470
S01011954,3 to 15,75,0,75
S01011954,16 to 24,32,0,32
S01011954,25 to 34,56,2,54
S01011954,35 to 49,100,3,97
S01011954,50 to 64,97,1,96
S01011954,65 and over,117,1,116
S01011955,All people aged 3 and over,957,5,952
S01011955,3 to 15,121,0,121
S01011955,16 to 24,77,0,77
S01011955,25 to 34,98,2,96
S01011955,35 to 49,169,0,169
S01011955,50 to 64,233,1,232
S01011955,65 and over,259,2,257
S01011956,All people aged 3 and over,996,10,986
S01011956,3 to 15,213,0,213
S01011956,16 to 24,67,0,67
S01011956,25 to 34,91,0,91
S01011956,35 to 49,261,1,260
S01011956,50 to 64,204,4,200
S01011956,65 and over,160,5,155
S01011957,All people aged 3 and over,880,11,869
S01011957,3 to 15,115,0,115
S01011957,16 to 24,116,2,114
S01011957,25 to 34,123,0,123
S01011957,35 to 49,206,3,203
S01011957,50 to 64,183,5,178
S01011957,65 and over,137,1,136
S01011958,All people aged 3 and over,1046,16,1030
S01011958,3 to 15,143,1,142
S01011958,16 to 24,81,1,80
S01011958,25 to 34,89,0,89
S01011958,35 to 49,214,1,213
S01011958,50 to 64,284,9,275
S01011958,65 and over,235,4,231
S01011959,All people aged 3 and over,878,3,875
S01011959,3 to 15,128,0,128
S01011959,16 to 24,85,0,85
S01011959,25 to 34,46,1,45
S01011959,35 to 49,226,2,224
S01011959,50 to 64,210,0,210
S01011959,65 and over,183,0,183
S01011960,All people aged 3 and over,757,9,748
S01011960,3 to 15,120,1,119
S01011960,16 to 24,58,0,58
S01011960,25 to 34,102,1,101
S01011960,35 to 49,193,2,191
S01011960,50 to 64,183,3,180
S01011960,65 and over,101,2,99
S01011961,All people aged 3 and over,701,8,693
S01011961,3 to 15,128,0,128
S01011961,16 to 24,63,1,62
S01011961,25 to 34,114,1,113
S01011961,35 to 49,147,4,143
S01011961,50 to 64,155,0,155
S01011961,65 and over,94,2,92
S01011962,All people aged 3 and over,658,9,649
S01011962,3 to 15,117,0,117
S01011962,16 to 24,39,0,39
S01011962,25 to 34,67,1,66
S01011962,35 to 49,190,4,186
S01011962,50 to 64,140,2,138
S01011962,65 and over,105,2,103
S01011963,All people aged 3 and over,493,1,492
S01011963,3 to 15,79,0,79
S01011963,16 to 24,33,0,33
S01011963,25 to 34,72,0,72
S01011963,35 to 49,115,1,114
S01011963,50 to 64,94,0,94
S01011963,65 and over,100,0,100
S01011964,All people aged 3 and over,944,7,937
S01011964,3 to 15,117,0,117
S01011964,16 to 24,76,0,76
S01011964,25 to 34,120,2,118
S01011964,35 to 49,230,1,229
S01011964,50 to 64,199,1,198
S01011964,65 and over,202,3,199
S01011965,All people aged 3 and over,787,8,779
S01011965,3 to 15,109,0,109
S01011965,16 to 24,61,0,61
S01011965,25 to 34,55,0,55
S01011965,35 to 49,150,0,150
S01011965,50 to 64,175,2,173
S01011965,65 and over,237,6,231
S01011966,All people aged 3 and over,819,8,811
S01011966,3 to 15,144,0,144
S01011966,16 to 24,61,0,61
S01011966,25 to 34,57,0,57
S01011966,35 to 49,206,1,205
S01011966,50 to 64,175,2,173
S01011966,65 and over,176,5,171
S01011967,All people aged 3 and over,1118,9,1109
S01011967,3 to 15,155,0,155
S01011967,16 to 24,82,0,82
S01011967,25 to 34,144,1,143
S01011967,35 to 49,308,3,305
S01011967,50 to 64,263,5,258
S01011967,65 and over,166,0,166
S01011968,All people aged 3 and over,950,6,944
S01011968,3 to 15,118,0,118
S01011968,16 to 24,97,1,96
S01011968,25 to 34,158,2,156
S01011968,35 to 49,205,2,203
S01011968,50 to 64,185,1,184
S01011968,65 and over,187,0,187
S01011969,All people aged 3 and over,1017,7,1010
S01011969,3 to 15,144,0,144
S01011969,16 to 24,72,0,72
S01011969,25 to 34,120,0,120
S01011969,35 to 49,205,1,204
S01011969,50 to 64,244,1,243
S01011969,65 and over,232,5,227
S01011970,All people aged 3 and over,946,13,933
S01011970,3 to 15,185,2,183
S01011970,16 to 24,95,0,95
S01011970,25 to 34,159,4,155
S01011970,35 to 49,197,3,194
S01011970,50 to 64,178,0,178
S01011970,65 and over,132,4,128
S01011971,All people aged 3 and over,550,10,540
S01011971,3 to 15,105,2,103
S01011971,16 to 24,44,0,44
S01011971,25 to 34,54,2,52
S01011971,35 to 49,130,3,127
S01011971,50 to 64,107,3,104
S01011971,65 and over,110,0,110
S01011972,All people aged 3 and over,1096,12,1084
S01011972,3 to 15,118,0,118
S01011972,16 to 24,87,1,86
S01011972,25 to 34,83,1,82
S01011972,35 to 49,232,6,226
S01011972,50 to 64,330,0,330
S01011972,65 and over,246,4,242
S01011973,All people aged 3 and over,635,10,625
S01011973,3 to 15,88,0,88
S01011973,16 to 24,45,0,45
S01011973,25 to 34,58,4,54
S01011973,35 to 49,132,1,131
S01011973,50 to 64,147,3,144
S01011973,65 and over,165,2,163
S01011974,All people aged 3 and over,741,16,725
S01011974,3 to 15,92,0,92
S01011974,16 to 24,60,0,60
S01011974,25 to 34,68,0,68
S01011974,35 to 49,160,2,158
S01011974,50 to 64,203,7,196
S01011974,65 and over,158,7,151
S01011975,All people aged 3 and over,433,9,424
S01011975,3 to 15,40,0,40
S01011975,16 to 24,43,0,43
S01011975,25 to 34,42,2,40
S01011975,35 to 49,84,5,79
S01011975,50 to 64,126,1,125
S01011975,65 and over,98,1,97
S01011976,All people aged 3 and over,755,4,751
S01011976,3 to 15,110,0,110
S01011976,16 to 24,75,0,75
S01011976,25 to 34,69,2,67
S01011976,35 to 49,166,1,165
S01011976,50 to 64,159,1,158
S01011976,65 and over,176,0,176
S01011977,All people aged 3 and over,1095,13,1082
S01011977,3 to 15,130,0,130
S01011977,16 to 24,121,0,121
S01011977,25 to 34,109,0,109
S01011977,35 to 49,228,2,226
S01011977,50 to 64,275,5,270
S01011977,65 and over,232,6,226
S01011978,All people aged 3 and over,668,4,664
S01011978,3 to 15,81,0,81
S01011978,16 to 24,59,0,59
S01011978,25 to 34,61,0,61
S01011978,35 to 49,115,1,114
S01011978,50 to 64,138,2,136
S01011978,65 and over,214,1,213
S01011979,All people aged 3 and over,982,8,974
S01011979,3 to 15,147,2,145
S01011979,16 to 24,61,0,61
S01011979,25 to 34,103,1,102
S01011979,35 to 49,215,1,214
S01011979,50 to 64,224,2,222
S01011979,65 and over,232,2,230
S01011980,All people aged 3 and over,389,5,384
S01011980,3 to 15,47,0,47
S01011980,16 to 24,39,0,39
S01011980,25 to 34,38,0,38
S01011980,35 to 49,80,0,80
S01011980,50 to 64,110,5,105
S01011980,65 and over,75,0,75
S01011981,All people aged 3 and over,915,16,899
S01011981,3 to 15,126,1,125
S01011981,16 to 24,106,2,104
S01011981,25 to 34,76,0,76
S01011981,35 to 49,180,1,179
S01011981,50 to 64,244,7,237
S01011981,65 and over,183,5,178
S01011982,All people aged 3 and over,909,11,898
S01011982,3 to 15,123,3,120
S01011982,16 to 24,68,1,67
S01011982,25 to 34,81,1,80
S01011982,35 to 49,211,1,210
S01011982,50 to 64,245,2,243
S01011982,65 and over,181,3,178
S01011983,All people aged 3 and over,719,24,695
S01011983,3 to 15,62,1,61
S01011983,16 to 24,50,1,49
S01011983,25 to 34,45,0,45
S01011983,35 to 49,139,5,134
S01011983,50 to 64,193,5,188
S01011983,65 and over,230,12,218
S01011984,All people aged 3 and over,645,4,641
S01011984,3 to 15,106,0,106
S01011984,16 to 24,64,0,64
S01011984,25 to 34,88,1,87
S01011984,35 to 49,126,0,126
S01011984,50 to 64,128,1,127
S01011984,65 and over,133,2,131
S01011985,All people aged 3 and over,701,6,695
S01011985,3 to 15,78,0,78
S01011985,16 to 24,85,1,84
S01011985,25 to 34,54,0,54
S01011985,35 to 49,142,2,140
S01011985,50 to 64,164,0,164
S01011985,65 and over,178,3,175
S01011986,All people aged 3 and over,632,8,624
S01011986,3 to 15,102,0,102
S01011986,16 to 24,74,1,73
S01011986,25 to 34,98,2,96
S01011986,35 to 49,120,2,118
S01011986,50 to 64,128,1,127
S01011986,65 and over,110,2,108
S01011987,All people aged 3 and over,912,9,903
S01011987,3 to 15,141,0,141
S01011987,16 to 24,91,0,91
S01011987,25 to 34,120,1,119
S01011987,35 to 49,180,6,174
S01011987,50 to 64,190,0,190
S01011987,65 and over,190,2,188
S01011988,All people aged 3 and over,654,9,645
S01011988,3 to 15,52,0,52
S01011988,16 to 24,50,1,49
S01011988,25 to 34,42,0,42
S01011988,35 to 49,98,1,97
S01011988,50 to 64,204,0,204
S01011988,65 and over,208,7,201
S01011989,All people aged 3 and over,844,5,839
S01011989,3 to 15,125,0,125
S01011989,16 to 24,89,0,89
S01011989,25 to 34,70,0,70
S01011989,35 to 49,175,1,174
S01011989,50 to 64,177,2,175
S01011989,65 and over,208,2,206
S01011990,All people aged 3 and over,732,9,723
S01011990,3 to 15,78,0,78
S01011990,16 to 24,54,0,54
S01011990,25 to 34,49,1,48
S01011990,35 to 49,122,4,118
S01011990,50 to 64,174,2,172
S01011990,65 and over,255,2,253
S01011991,All people aged 3 and over,692,11,681
S01011991,3 to 15,98,0,98
S01011991,16 to 24,81,1,80
S01011991,25 to 34,60,0,60
S01011991,35 to 49,140,2,138
S01011991,50 to 64,165,5,160
S01011991,65 and over,148,3,145
S01011992,All people aged 3 and over,959,12,947
S01011992,3 to 15,103,0,103
S01011992,16 to 24,80,2,78
S01011992,25 to 34,86,2,84
S01011992,35 to 49,167,0,167
S01011992,50 to 64,213,4,209
S01011992,65 and over,310,4,306
S01011993,All people aged 3 and over,808,10,798
S01011993,3 to 15,93,0,93
S01011993,16 to 24,111,1,110
S01011993,25 to 34,150,3,147
S01011993,35 to 49,151,1,150
S01011993,50 to 64,107,2,105
S01011993,65 and over,196,3,193
S01011994,All people aged 3 and over,701,8,693
S01011994,3 to 15,46,0,46
S01011994,16 to 24,36,0,36
S01011994,25 to 34,30,0,30
S01011994,35 to 49,82,1,81
S01011994,50 to 64,223,1,222
S01011994,65 and over,284,6,278
S01011995,All people aged 3 and over,792,22,770
S01011995,3 to 15,128,4,124
S01011995,16 to 24,63,3,60
S01011995,25 to 34,62,0,62
S01011995,35 to 49,211,5,206
S01011995,50 to 64,201,5,196
S01011995,65 and over,127,5,122
S01011996,All people aged 3 and over,540,6,534
S01011996,3 to 15,78,0,78
S01011996,16 to 24,65,1,64
S01011996,25 to 34,46,0,46
S01011996,35 to 49,118,2,116
S01011996,50 to 64,124,2,122
S01011996,65 and over,109,1,108
S01011997,All people aged 3 and over,867,3,864
S01011997,3 to 15,122,0,122
S01011997,16 to 24,92,0,92
S01011997,25 to 34,108,0,108
S01011997,35 to 49,193,2,191
S01011997,50 to 64,192,1,191
S01011997,65 and over,160,0,160
S01011998,All people aged 3 and over,526,7,519
S01011998,3 to 15,100,1,99
S01011998,16 to 24,27,0,27
S01011998,25 to 34,30,1,29
S01011998,35 to 49,136,2,134
S01011998,50 to 64,113,2,111
S01011998,65 and over,120,1,119
S01011999,All people aged 3 and over,610,8,602
S01011999,3 to 15,83,0,83
S01011999,16 to 24,50,0,50
S01011999,25 to 34,55,0,55
S01011999,35 to 49,145,1,144
S01011999,50 to 64,152,4,148
S01011999,65 and over,125,3,122
S01012000,All people aged 3 and over,434,4,430
S01012000,3 to 15,59,1,58
S01012000,16 to 24,27,0,27
S01012000,25 to 34,59,1,58
S01012000,35 to 49,101,1,100
S01012000,50 to 64,97,0,97
S01012000,65 and over,91,1,90
S01012001,All people aged 3 and over,609,11,598
S01012001,3 to 15,87,1,86
S01012001,16 to 24,43,1,42
S01012001,25 to 34,68,1,67
S01012001,35 to 49,137,4,133
S01012001,50 to 64,145,2,143
S01012001,65 and over,129,2,127
S01012002,All people aged 3 and over,548,9,539
S01012002,3 to 15,64,0,64
S01012002,16 to 24,44,0,44
S01012002,25 to 34,37,0,37
S01012002,35 to 49,89,1,88
S01012002,50 to 64,142,2,140
S01012002,65 and over,172,6,166
S01012003,All people aged 3 and over,521,3,518
S01012003,3 to 15,64,0,64
S01012003,16 to 24,58,1,57
S01012003,25 to 34,43,0,43
S01012003,35 to 49,130,0,130
S01012003,50 to 64,117,1,116
S01012003,65 and over,109,1,108
S01012004,All people aged 3 and over,866,13,853
S01012004,3 to 15,111,0,111
S01012004,16 to 24,70,1,69
S01012004,25 to 34,66,2,64
S01012004,35 to 49,180,2,178
S01012004,50 to 64,199,2,197
S01012004,65 and over,240,6,234
S01012005,All people aged 3 and over,856,11,845
S01012005,3 to 15,181,0,181
S01012005,16 to 24,87,1,86
S01012005,25 to 34,61,3,58
S01012005,35 to 49,229,1,228
S01012005,50 to 64,197,4,193
S01012005,65 and over,101,2,99
S01012006,All people aged 3 and over,987,15,972
S01012006,3 to 15,242,3,239
S01012006,16 to 24,235,8,227
S01012006,25 to 34,75,0,75
S01012006,35 to 49,145,0,145
S01012006,50 to 64,181,4,177
S01012006,65 and over,109,0,109
S01012007,All people aged 3 and over,795,37,758
S01012007,3 to 15,91,15,76
S01012007,16 to 24,49,4,45
S01012007,25 to 34,66,0,66
S01012007,35 to 49,151,7,144
S01012007,50 to 64,209,8,201
S01012007,65 and over,229,3,226
S01012008,All people aged 3 and over,952,60,892
S01012008,3 to 15,148,30,118
S01012008,16 to 24,87,6,81
S01012008,25 to 34,101,2,99
S01012008,35 to 49,227,14,213
S01012008,50 to 64,200,5,195
S01012008,65 and over,189,3,186
S01012009,All people aged 3 and over,706,20,686
S01012009,3 to 15,88,6,82
S01012009,16 to 24,97,2,95
S01012009,25 to 34,80,1,79
S01012009,35 to 49,154,2,152
S01012009,50 to 64,150,4,146
S01012009,65 and over,137,5,132
S01012010,All people aged 3 and over,1188,42,1146
S01012010,3 to 15,108,1,107
S01012010,16 to 24,96,4,92
S01012010,25 to 34,149,1,148
S01012010,35 to 49,205,8,197
S01012010,50 to 64,263,11,252
S01012010,65 and over,367,17,350
S01012011,All people aged 3 and over,1107,34,1073
S01012011,3 to 15,147,1,146
S01012011,16 to 24,113,6,107
S01012011,25 to 34,125,2,123
S01012011,35 to 49,226,6,220
S01012011,50 to 64,227,11,216
S01012011,65 and over,269,8,261
S01012012,All people aged 3 and over,639,12,627
S01012012,3 to 15,51,0,51
S01012012,16 to 24,43,1,42
S01012012,25 to 34,37,0,37
S01012012,35 to 49,98,2,96
S01012012,50 to 64,193,5,188
S01012012,65 and over,217,4,213
S01012013,All people aged 3 and over,732,31,701
S01012013,3 to 15,83,16,67
S01012013,16 to 24,58,3,55
S01012013,25 to 34,63,1,62
S01012013,35 to 49,129,1,128
S01012013,50 to 64,214,5,209
S01012013,65 and over,185,5,180
S01012014,All people aged 3 and over,833,49,784
S01012014,3 to 15,118,20,98
S01012014,16 to 24,72,1,71
S01012014,25 to 34,106,6,100
S01012014,35 to 49,168,4,164
S01012014,50 to 64,172,9,163
S01012014,65 and over,197,9,188
S01012015,All people aged 3 and over,961,75,886
S01012015,3 to 15,181,33,148
S01012015,16 to 24,93,11,82
S01012015,25 to 34,87,3,84
S01012015,35 to 49,214,8,206
S01012015,50 to 64,154,7,147
S01012015,65 and over,232,13,219
S01012016,All people aged 3 and over,833,47,786
S01012016,3 to 15,93,15,78
S01012016,16 to 24,77,5,72
S01012016,25 to 34,88,3,85
S01012016,35 to 49,179,10,169
S01012016,50 to 64,229,6,223
S01012016,65 and over,167,8,159
S01012017,All people aged 3 and over,495,32,463
S01012017,3 to 15,63,11,52
S01012017,16 to 24,30,1,29
S01012017,25 to 34,42,3,39
S01012017,35 to 49,107,7,100
S01012017,50 to 64,146,5,141
S01012017,65 and over,107,5,102
S01012018,All people aged 3 and over,856,60,796
S01012018,3 to 15,131,22,109
S01012018,16 to 24,70,6,64
S01012018,25 to 34,74,1,73
S01012018,35 to 49,182,9,173
S01012018,50 to 64,217,9,208
S01012018,65 and over,182,13,169
S01012019,All people aged 3 and over,806,13,793
S01012019,3 to 15,145,0,145
S01012019,16 to 24,66,1,65
S01012019,25 to 34,100,1,99
S01012019,35 to 49,212,3,209
S01012019,50 to 64,174,6,168
S01012019,65 and over,109,2,107
S01012020,All people aged 3 and over,681,7,674
S01012020,3 to 15,95,0,95
S01012020,16 to 24,59,2,57
S01012020,25 to 34,57,1,56
S01012020,35 to 49,147,2,145
S01012020,50 to 64,169,2,167
S01012020,65 and over,154,0,154
S01012021,All people aged 3 and over,552,6,546
S01012021,3 to 15,80,0,80
S01012021,16 to 24,74,1,73
S01012021,25 to 34,35,1,34
S01012021,35 to 49,136,4,132
S01012021,50 to 64,149,0,149
S01012021,65 and over,78,0,78
S01012022,All people aged 3 and over,638,6,632
S01012022,3 to 15,109,1,108
S01012022,16 to 24,44,0,44
S01012022,25 to 34,75,0,75
S01012022,35 to 49,166,3,163
S01012022,50 to 64,154,1,153
S01012022,65 and over,90,1,89
S01012023,All people aged 3 and over,527,6,521
S01012023,3 to 15,78,0,78
S01012023,16 to 24,46,0,46
S01012023,25 to 34,30,1,29
S01012023,35 to 49,146,3,143
S01012023,50 to 64,129,2,127
S01012023,65 and over,98,0,98
S01012024,All people aged 3 and over,838,9,829
S01012024,3 to 15,148,0,148
S01012024,16 to 24,59,0,59
S01012024,25 to 34,94,0,94
S01012024,35 to 49,253,2,251
S01012024,50 to 64,176,5,171
S01012024,65 and over,108,2,106
S01012025,All people aged 3 and over,678,6,672
S01012025,3 to 15,115,0,115
S01012025,16 to 24,58,1,57
S01012025,25 to 34,68,1,67
S01012025,35 to 49,182,2,180
S01012025,50 to 64,144,0,144
S01012025,65 and over,111,2,109
S01012026,All people aged 3 and over,605,2,603
S01012026,3 to 15,140,0,140
S01012026,16 to 24,69,0,69
S01012026,25 to 34,68,0,68
S01012026,35 to 49,200,0,200
S01012026,50 to 64,91,1,90
S01012026,65 and over,37,1,36
S01012027,All people aged 3 and over,975,2,973
S01012027,3 to 15,134,0,134
S01012027,16 to 24,74,0,74
S01012027,25 to 34,122,0,122
S01012027,35 to 49,204,0,204
S01012027,50 to 64,168,1,167
S01012027,65 and over,273,1,272
S01012028,All people aged 3 and over,910,13,897
S01012028,3 to 15,130,0,130
S01012028,16 to 24,91,1,90
S01012028,25 to 34,47,0,47
S01012028,35 to 49,202,1,201
S01012028,50 to 64,277,3,274
S01012028,65 and over,163,8,155
S01012029,All people aged 3 and over,1201,19,1182
S01012029,3 to 15,123,2,121
S01012029,16 to 24,127,0,127
S01012029,25 to 34,82,0,82
S01012029,35 to 49,246,6,240
S01012029,50 to 64,252,5,247
S01012029,65 and over,371,6,365
S01012030,All people aged 3 and over,633,8,625
S01012030,3 to 15,99,0,99
S01012030,16 to 24,80,1,79
S01012030,25 to 34,62,0,62
S01012030,35 to 49,161,1,160
S01012030,50 to 64,143,3,140
S01012030,65 and over,88,3,85
S01012031,All people aged 3 and over,539,8,531
S01012031,3 to 15,78,1,77
S01012031,16 to 24,33,0,33
S01012031,25 to 34,38,0,38
S01012031,35 to 49,116,2,114
S01012031,50 to 64,130,1,129
S01012031,65 and over,144,4,140
S01012032,All people aged 3 and over,345,4,341
S01012032,3 to 15,44,0,44
S01012032,16 to 24,35,0,35
S01012032,25 to 34,18,0,18
S01012032,35 to 49,76,2,74
S01012032,50 to 64,102,1,101
S01012032,65 and over,70,1,69
S01012033,All people aged 3 and over,787,11,776
S01012033,3 to 15,91,2,89
S01012033,16 to 24,80,1,79
S01012033,25 to 34,81,0,81
S01012033,35 to 49,152,3,149
S01012033,50 to 64,208,3,205
S01012033,65 and over,175,2,173
S01012034,All people aged 3 and over,787,11,776
S01012034,3 to 15,129,0,129
S01012034,16 to 24,76,0,76
S01012034,25 to 34,85,2,83
S01012034,35 to 49,207,4,203
S01012034,50 to 64,152,3,149
S01012034,65 and over,138,2,136
S01012035,All people aged 3 and over,894,16,878
S01012035,3 to 15,122,2,120
S01012035,16 to 24,79,2,77
S01012035,25 to 34,89,2,87
S01012035,35 to 49,187,4,183
S01012035,50 to 64,232,2,230
S01012035,65 and over,185,4,181
S01012036,All people aged 3 and over,830,9,821
S01012036,3 to 15,95,0,95
S01012036,16 to 24,104,1,103
S01012036,25 to 34,65,1,64
S01012036,35 to 49,161,3,158
S01012036,50 to 64,227,3,224
S01012036,65 and over,178,1,177
S01012037,All people aged 3 and over,950,8,942
S01012037,3 to 15,188,0,188
S01012037,16 to 24,115,1,114
S01012037,25 to 34,137,0,137
S01012037,35 to 49,205,1,204
S01012037,50 to 64,142,2,140
S01012037,65 and over,163,4,159
S01012038,All people aged 3 and over,854,4,850
S01012038,3 to 15,224,1,223
S01012038,16 to 24,136,1,135
S01012038,25 to 34,118,0,118
S01012038,35 to 49,191,1,190
S01012038,50 to 64,115,1,114
S01012038,65 and over,70,0,70
S01012039,All people aged 3 and over,931,7,924
S01012039,3 to 15,130,0,130
S01012039,16 to 24,115,3,112
S01012039,25 to 34,105,1,104
S01012039,35 to 49,211,1,210
S01012039,50 to 64,186,0,186
S01012039,65 and over,184,2,182
S01012040,All people aged 3 and over,675,0,675
S01012040,3 to 15,117,0,117
S01012040,16 to 24,101,0,101
S01012040,25 to 34,66,0,66
S01012040,35 to 49,175,0,175
S01012040,50 to 64,137,0,137
S01012040,65 and over,79,0,79
S01012041,All people aged 3 and over,885,8,877
S01012041,3 to 15,164,0,164
S01012041,16 to 24,94,1,93
S01012041,25 to 34,106,0,106
S01012041,35 to 49,214,0,214
S01012041,50 to 64,144,3,141
S01012041,65 and over,163,4,159
S01012042,All people aged 3 and over,886,4,882
S01012042,3 to 15,132,0,132
S01012042,16 to 24,98,0,98
S01012042,25 to 34,76,0,76
S01012042,35 to 49,206,2,204
S01012042,50 to 64,181,1,180
S01012042,65 and over,193,1,192
S01012043,All people aged 3 and over,878,3,875
S01012043,3 to 15,191,0,191
S01012043,16 to 24,112,0,112
S01012043,25 to 34,99,0,99
S01012043,35 to 49,209,1,208
S01012043,50 to 64,167,2,165
S01012043,65 and over,100,0,100
S01012044,All people aged 3 and over,873,6,867
S01012044,3 to 15,117,0,117
S01012044,16 to 24,101,0,101
S01012044,25 to 34,73,1,72
S01012044,35 to 49,191,2,189
S01012044,50 to 64,165,0,165
S01012044,65 and over,226,3,223
S01012045,All people aged 3 and over,1031,10,1021
S01012045,3 to 15,128,0,128
S01012045,16 to 24,130,1,129
S01012045,25 to 34,175,1,174
S01012045,35 to 49,249,3,246
S01012045,50 to 64,198,5,193
S01012045,65 and over,151,0,151
S01012046,All people aged 3 and over,658,3,655
S01012046,3 to 15,87,0,87
S01012046,16 to 24,84,0,84
S01012046,25 to 34,82,0,82
S01012046,35 to 49,139,0,139
S01012046,50 to 64,116,2,114
S01012046,65 and over,150,1,149
S01012047,All people aged 3 and over,898,6,892
S01012047,3 to 15,93,1,92
S01012047,16 to 24,91,0,91
S01012047,25 to 34,112,1,111
S01012047,35 to 49,187,3,184
S01012047,50 to 64,171,1,170
S01012047,65 and over,244,0,244
S01012048,All people aged 3 and over,740,3,737
S01012048,3 to 15,125,0,125
S01012048,16 to 24,68,1,67
S01012048,25 to 34,104,1,103
S01012048,35 to 49,155,0,155
S01012048,50 to 64,111,0,111
S01012048,65 and over,177,1,176
S01012049,All people aged 3 and over,642,4,638
S01012049,3 to 15,67,0,67
S01012049,16 to 24,67,0,67
S01012049,25 to 34,93,1,92
S01012049,35 to 49,150,1,149
S01012049,50 to 64,145,2,143
S01012049,65 and over,120,0,120
S01012050,All people aged 3 and over,980,6,974
S01012050,3 to 15,179,0,179
S01012050,16 to 24,107,1,106
S01012050,25 to 34,134,1,133
S01012050,35 to 49,286,3,283
S01012050,50 to 64,184,1,183
S01012050,65 and over,90,0,90
S01012051,All people aged 3 and over,483,6,477
S01012051,3 to 15,56,0,56
S01012051,16 to 24,59,0,59
S01012051,25 to 34,38,0,38
S01012051,35 to 49,89,1,88
S01012051,50 to 64,119,1,118
S01012051,65 and over,122,4,118
S01012052,All people aged 3 and over,838,14,824
S01012052,3 to 15,75,0,75
S01012052,16 to 24,99,2,97
S01012052,25 to 34,105,1,104
S01012052,35 to 49,189,2,187
S01012052,50 to 64,166,6,160
S01012052,65 and over,204,3,201
S01012053,All people aged 3 and over,875,5,870
S01012053,3 to 15,125,0,125
S01012053,16 to 24,104,0,104
S01012053,25 to 34,122,2,120
S01012053,35 to 49,177,0,177
S01012053,50 to 64,176,2,174
S01012053,65 and over,171,1,170
S01012054,All people aged 3 and over,776,6,770
S01012054,3 to 15,126,0,126
S01012054,16 to 24,121,1,120
S01012054,25 to 34,171,1,170
S01012054,35 to 49,163,1,162
S01012054,50 to 64,130,3,127
S01012054,65 and over,65,0,65
S01012055,All people aged 3 and over,851,3,848
S01012055,3 to 15,116,0,116
S01012055,16 to 24,97,0,97
S01012055,25 to 34,96,0,96
S01012055,35 to 49,173,1,172
S01012055,50 to 64,180,2,178
S01012055,65 and over,189,0,189
S01012056,All people aged 3 and over,768,5,763
S01012056,3 to 15,97,0,97
S01012056,16 to 24,95,0,95
S01012056,25 to 34,41,0,41
S01012056,35 to 49,187,2,185
S01012056,50 to 64,167,1,166
S01012056,65 and over,181,2,179
S01012057,All people aged 3 and over,756,8,748
S01012057,3 to 15,87,0,87
S01012057,16 to 24,87,0,87
S01012057,25 to 34,45,0,45
S01012057,35 to 49,163,2,161
S01012057,50 to 64,198,1,197
S01012057,65 and over,176,5,171
S01012058,All people aged 3 and over,717,7,710
S01012058,3 to 15,84,0,84
S01012058,16 to 24,89,0,89
S01012058,25 to 34,62,0,62
S01012058,35 to 49,149,1,148
S01012058,50 to 64,170,2,168
S01012058,65 and over,163,4,159
S01012059,All people aged 3 and over,839,3,836
S01012059,3 to 15,133,0,133
S01012059,16 to 24,87,0,87
S01012059,25 to 34,99,0,99
S01012059,35 to 49,164,1,163
S01012059,50 to 64,197,1,196
S01012059,65 and over,159,1,158
S01012060,All people aged 3 and over,838,5,833
S01012060,3 to 15,125,1,124
S01012060,16 to 24,82,0,82
S01012060,25 to 34,90,0,90
S01012060,35 to 49,188,1,187
S01012060,50 to 64,169,0,169
S01012060,65 and over,184,3,181
S01012061,All people aged 3 and over,950,5,945
S01012061,3 to 15,120,0,120
S01012061,16 to 24,87,0,87
S01012061,25 to 34,103,0,103
S01012061,35 to 49,227,2,225
S01012061,50 to 64,238,2,236
S01012061,65 and over,175,1,174
S01012062,All people aged 3 and over,817,7,810
S01012062,3 to 15,125,0,125
S01012062,16 to 24,107,2,105
S01012062,25 to 34,109,0,109
S01012062,35 to 49,213,1,212
S01012062,50 to 64,164,4,160
S01012062,65 and over,99,0,99
S01012063,All people aged 3 and over,518,0,518
S01012063,3 to 15,112,0,112
S01012063,16 to 24,48,0,48
S01012063,25 to 34,88,0,88
S01012063,35 to 49,166,0,166
S01012063,50 to 64,76,0,76
S01012063,65 and over,28,0,28
S01012064,All people aged 3 and over,614,7,607
S01012064,3 to 15,141,1,140
S01012064,16 to 24,82,0,82
S01012064,25 to 34,122,2,120
S01012064,35 to 49,148,1,147
S01012064,50 to 64,89,3,86
S01012064,65 and over,32,0,32
S01012065,All people aged 3 and over,586,4,582
S01012065,3 to 15,170,0,170
S01012065,16 to 24,88,1,87
S01012065,25 to 34,91,1,90
S01012065,35 to 49,113,2,111
S01012065,50 to 64,93,0,93
S01012065,65 and over,31,0,31
S01012066,All people aged 3 and over,808,3,805
S01012066,3 to 15,173,1,172
S01012066,16 to 24,95,0,95
S01012066,25 to 34,144,0,144
S01012066,35 to 49,203,0,203
S01012066,50 to 64,149,1,148
S01012066,65 and over,44,1,43
S01012067,All people aged 3 and over,519,8,511
S01012067,3 to 15,100,0,100
S01012067,16 to 24,75,1,74
S01012067,25 to 34,74,0,74
S01012067,35 to 49,129,3,126
S01012067,50 to 64,100,3,97
S01012067,65 and over,41,1,40
S01012068,All people aged 3 and over,514,6,508
S01012068,3 to 15,81,1,80
S01012068,16 to 24,86,1,85
S01012068,25 to 34,78,0,78
S01012068,35 to 49,120,4,116
S01012068,50 to 64,77,0,77
S01012068,65 and over,72,0,72
S01012069,All people aged 3 and over,453,3,450
S01012069,3 to 15,50,0,50
S01012069,16 to 24,50,0,50
S01012069,25 to 34,91,0,91
S01012069,35 to 49,129,2,127
S01012069,50 to 64,82,0,82
S01012069,65 and over,51,1,50
S01012070,All people aged 3 and over,682,12,670
S01012070,3 to 15,67,2,65
S01012070,16 to 24,84,3,81
S01012070,25 to 34,121,1,120
S01012070,35 to 49,142,4,138
S01012070,50 to 64,135,2,133
S01012070,65 and over,133,0,133
S01012071,All people aged 3 and over,1008,11,997
S01012071,3 to 15,93,0,93
S01012071,16 to 24,158,5,153
S01012071,25 to 34,218,3,215
S01012071,35 to 49,209,1,208
S01012071,50 to 64,178,2,176
S01012071,65 and over,152,0,152
S01012072,All people aged 3 and over,1079,23,1056
S01012072,3 to 15,108,0,108
S01012072,16 to 24,163,8,155
S01012072,25 to 34,201,6,195
S01012072,35 to 49,231,5,226
S01012072,50 to 64,197,2,195
S01012072,65 and over,179,2,177
S01012073,All people aged 3 and over,668,3,665
S01012073,3 to 15,104,1,103
S01012073,16 to 24,75,0,75
S01012073,25 to 34,130,0,130
S01012073,35 to 49,192,1,191
S01012073,50 to 64,107,1,106
S01012073,65 and over,60,0,60
S01012074,All people aged 3 and over,695,5,690
S01012074,3 to 15,107,0,107
S01012074,16 to 24,80,1,79
S01012074,25 to 34,112,4,108
S01012074,35 to 49,207,0,207
S01012074,50 to 64,105,0,105
S01012074,65 and over,84,0,84
S01012075,All people aged 3 and over,705,7,698
S01012075,3 to 15,123,1,122
S01012075,16 to 24,111,2,109
S01012075,25 to 34,53,0,53
S01012075,35 to 49,228,0,228
S01012075,50 to 64,158,3,155
S01012075,65 and over,32,1,31
S01012076,All people aged 3 and over,692,5,687
S01012076,3 to 15,77,0,77
S01012076,16 to 24,71,0,71
S01012076,25 to 34,96,1,95
S01012076,35 to 49,159,1,158
S01012076,50 to 64,135,2,133
S01012076,65 and over,154,1,153
S01012077,All people aged 3 and over,717,2,715
S01012077,3 to 15,130,0,130
S01012077,16 to 24,107,0,107
S01012077,25 to 34,130,0,130
S01012077,35 to 49,146,1,145
S01012077,50 to 64,139,1,138
S01012077,65 and over,65,0,65
S01012078,All people aged 3 and over,938,6,932
S01012078,3 to 15,155,0,155
S01012078,16 to 24,107,1,106
S01012078,25 to 34,115,0,115
S01012078,35 to 49,238,2,236
S01012078,50 to 64,160,3,157
S01012078,65 and over,163,0,163
S01012079,All people aged 3 and over,893,10,883
S01012079,3 to 15,130,1,129
S01012079,16 to 24,92,0,92
S01012079,25 to 34,111,2,109
S01012079,35 to 49,180,2,178
S01012079,50 to 64,187,3,184
S01012079,65 and over,193,2,191
S01012080,All people aged 3 and over,759,3,756
S01012080,3 to 15,195,0,195
S01012080,16 to 24,95,0,95
S01012080,25 to 34,144,1,143
S01012080,35 to 49,186,1,185
S01012080,50 to 64,93,1,92
S01012080,65 and over,46,0,46
S01012081,All people aged 3 and over,711,5,706
S01012081,3 to 15,130,0,130
S01012081,16 to 24,77,1,76
S01012081,25 to 34,127,2,125
S01012081,35 to 49,164,1,163
S01012081,50 to 64,126,1,125
S01012081,65 and over,87,0,87
S01012082,All people aged 3 and over,604,8,596
S01012082,3 to 15,92,0,92
S01012082,16 to 24,81,2,79
S01012082,25 to 34,60,2,58
S01012082,35 to 49,137,2,135
S01012082,50 to 64,129,1,128
S01012082,65 and over,105,1,104
S01012083,All people aged 3 and over,733,6,727
S01012083,3 to 15,90,1,89
S01012083,16 to 24,81,0,81
S01012083,25 to 34,71,1,70
S01012083,35 to 49,152,1,151
S01012083,50 to 64,144,1,143
S01012083,65 and over,195,2,193
S01012084,All people aged 3 and over,562,2,560
S01012084,3 to 15,75,0,75
S01012084,16 to 24,77,0,77
S01012084,25 to 34,51,0,51
S01012084,35 to 49,128,0,128
S01012084,50 to 64,128,0,128
S01012084,65 and over,103,2,101
S01012085,All people aged 3 and over,665,4,661
S01012085,3 to 15,77,0,77
S01012085,16 to 24,80,0,80
S01012085,25 to 34,52,0,52
S01012085,35 to 49,136,1,135
S01012085,50 to 64,182,1,181
S01012085,65 and over,138,2,136
S01012086,All people aged 3 and over,878,7,871
S01012086,3 to 15,128,2,126
S01012086,16 to 24,109,1,108
S01012086,25 to 34,114,0,114
S01012086,35 to 49,208,2,206
S01012086,50 to 64,149,1,148
S01012086,65 and over,170,1,169
S01012087,All people aged 3 and over,699,2,697
S01012087,3 to 15,91,0,91
S01012087,16 to 24,67,1,66
S01012087,25 to 34,88,0,88
S01012087,35 to 49,171,0,171
S01012087,50 to 64,114,1,113
S01012087,65 and over,168,0,168
S01012088,All people aged 3 and over,713,2,711
S01012088,3 to 15,158,0,158
S01012088,16 to 24,79,2,77
S01012088,25 to 34,72,0,72
S01012088,35 to 49,211,0,211
S01012088,50 to 64,137,0,137
S01012088,65 and over,56,0,56
S01012089,All people aged 3 and over,814,5,809
S01012089,3 to 15,122,1,121
S01012089,16 to 24,68,0,68
S01012089,25 to 34,86,0,86
S01012089,35 to 49,216,2,214
S01012089,50 to 64,187,1,186
S01012089,65 and over,135,1,134
S01012090,All people aged 3 and over,889,3,886
S01012090,3 to 15,119,1,118
S01012090,16 to 24,88,0,88
S01012090,25 to 34,56,0,56
S01012090,35 to 49,171,1,170
S01012090,50 to 64,280,1,279
S01012090,65 and over,175,0,175
S01012091,All people aged 3 and over,523,2,521
S01012091,3 to 15,58,0,58
S01012091,16 to 24,64,0,64
S01012091,25 to 34,42,0,42
S01012091,35 to 49,111,2,109
S01012091,50 to 64,151,0,151
S01012091,65 and over,97,0,97
S01012092,All people aged 3 and over,493,0,493
S01012092,3 to 15,60,0,60
S01012092,16 to 24,43,0,43
S01012092,25 to 34,41,0,41
S01012092,35 to 49,113,0,113
S01012092,50 to 64,146,0,146
S01012092,65 and over,90,0,90
S01012093,All people aged 3 and over,518,0,518
S01012093,3 to 15,40,0,40
S01012093,16 to 24,51,0,51
S01012093,25 to 34,59,0,59
S01012093,35 to 49,117,0,117
S01012093,50 to 64,135,0,135
S01012093,65 and over,116,0,116
S01012094,All people aged 3 and over,780,2,778
S01012094,3 to 15,97,0,97
S01012094,16 to 24,71,1,70
S01012094,25 to 34,53,0,53
S01012094,35 to 49,169,0,169
S01012094,50 to 64,194,1,193
S01012094,65 and over,196,0,196
S01012095,All people aged 3 and over,1072,11,1061
S01012095,3 to 15,198,0,198
S01012095,16 to 24,152,4,148
S01012095,25 to 34,121,1,120
S01012095,35 to 49,288,2,286
S01012095,50 to 64,210,4,206
S01012095,65 and over,103,0,103
S01012096,All people aged 3 and over,854,5,849
S01012096,3 to 15,129,1,128
S01012096,16 to 24,109,1,108
S01012096,25 to 34,82,0,82
S01012096,35 to 49,192,2,190
S01012096,50 to 64,160,0,160
S01012096,65 and over,182,1,181
S01012097,All people aged 3 and over,668,1,667
S01012097,3 to 15,131,0,131
S01012097,16 to 24,65,0,65
S01012097,25 to 34,73,0,73
S01012097,35 to 49,148,0,148
S01012097,50 to 64,136,0,136
S01012097,65 and over,115,1,114
S01012098,All people aged 3 and over,608,3,605
S01012098,3 to 15,99,0,99
S01012098,16 to 24,81,0,81
S01012098,25 to 34,50,0,50
S01012098,35 to 49,149,1,148
S01012098,50 to 64,130,2,128
S01012098,65 and over,99,0,99
S01012099,All people aged 3 and over,864,7,857
S01012099,3 to 15,127,1,126
S01012099,16 to 24,98,1,97
S01012099,25 to 34,94,0,94
S01012099,35 to 49,147,2,145
S01012099,50 to 64,166,1,165
S01012099,65 and over,232,2,230
S01012100,All people aged 3 and over,1069,7,1062
S01012100,3 to 15,193,1,192
S01012100,16 to 24,105,0,105
S01012100,25 to 34,101,0,101
S01012100,35 to 49,230,3,227
S01012100,50 to 64,211,2,209
S01012100,65 and over,229,1,228
S01012101,All people aged 3 and over,772,2,770
S01012101,3 to 15,110,0,110
S01012101,16 to 24,110,0,110
S01012101,25 to 34,57,0,57
S01012101,35 to 49,163,0,163
S01012101,50 to 64,179,1,178
S01012101,65 and over,153,1,152
S01012102,All people aged 3 and over,629,3,626
S01012102,3 to 15,128,0,128
S01012102,16 to 24,89,0,89
S01012102,25 to 34,92,1,91
S01012102,35 to 49,152,2,150
S01012102,50 to 64,106,0,106
S01012102,65 and over,62,0,62
S01012103,All people aged 3 and over,892,9,883
S01012103,3 to 15,129,1,128
S01012103,16 to 24,95,0,95
S01012103,25 to 34,137,1,136
S01012103,35 to 49,251,6,245
S01012103,50 to 64,173,1,172
S01012103,65 and over,107,0,107
S01012104,All people aged 3 and over,888,8,880
S01012104,3 to 15,188,0,188
S01012104,16 to 24,98,1,97
S01012104,25 to 34,78,0,78
S01012104,35 to 49,308,5,303
S01012104,50 to 64,139,0,139
S01012104,65 and over,77,2,75
S01012105,All people aged 3 and over,1098,4,1094
S01012105,3 to 15,170,0,170
S01012105,16 to 24,119,0,119
S01012105,25 to 34,115,0,115
S01012105,35 to 49,240,1,239
S01012105,50 to 64,273,2,271
S01012105,65 and over,181,1,180
S01012106,All people aged 3 and over,1045,10,1035
S01012106,3 to 15,148,2,146
S01012106,16 to 24,103,0,103
S01012106,25 to 34,151,0,151
S01012106,35 to 49,300,6,294
S01012106,50 to 64,202,2,200
S01012106,65 and over,141,0,141
S01012107,All people aged 3 and over,676,2,674
S01012107,3 to 15,89,0,89
S01012107,16 to 24,62,0,62
S01012107,25 to 34,56,0,56
S01012107,35 to 49,136,0,136
S01012107,50 to 64,188,2,186
S01012107,65 and over,145,0,145
S01012108,All people aged 3 and over,896,3,893
S01012108,3 to 15,44,0,44
S01012108,16 to 24,59,1,58
S01012108,25 to 34,89,0,89
S01012108,35 to 49,143,0,143
S01012108,50 to 64,176,2,174
S01012108,65 and over,385,0,385
S01012109,All people aged 3 and over,880,8,872
S01012109,3 to 15,114,0,114
S01012109,16 to 24,117,0,117
S01012109,25 to 34,178,3,175
S01012109,35 to 49,227,1,226
S01012109,50 to 64,152,2,150
S01012109,65 and over,92,2,90
S01012110,All people aged 3 and over,680,3,677
S01012110,3 to 15,45,0,45
S01012110,16 to 24,46,0,46
S01012110,25 to 34,126,0,126
S01012110,35 to 49,140,3,137
S01012110,50 to 64,138,0,138
S01012110,65 and over,185,0,185
S01012111,All people aged 3 and over,539,7,532
S01012111,3 to 15,78,0,78
S01012111,16 to 24,81,0,81
S01012111,25 to 34,87,1,86
S01012111,35 to 49,134,0,134
S01012111,50 to 64,82,3,79
S01012111,65 and over,77,3,74
S01012112,All people aged 3 and over,714,2,712
S01012112,3 to 15,48,0,48
S01012112,16 to 24,50,0,50
S01012112,25 to 34,89,1,88
S01012112,35 to 49,128,0,128
S01012112,50 to 64,154,0,154
S01012112,65 and over,245,1,244
S01012113,All people aged 3 and over,969,7,962
S01012113,3 to 15,103,0,103
S01012113,16 to 24,101,1,100
S01012113,25 to 34,85,0,85
S01012113,35 to 49,215,2,213
S01012113,50 to 64,203,0,203
S01012113,65 and over,262,4,258
S01012114,All people aged 3 and over,950,16,934
S01012114,3 to 15,116,6,110
S01012114,16 to 24,240,4,236
S01012114,25 to 34,81,0,81
S01012114,35 to 49,177,3,174
S01012114,50 to 64,176,1,175
S01012114,65 and over,160,2,158
S01012115,All people aged 3 and over,504,2,502
S01012115,3 to 15,75,0,75
S01012115,16 to 24,46,0,46
S01012115,25 to 34,47,1,46
S01012115,35 to 49,132,0,132
S01012115,50 to 64,70,0,70
S01012115,65 and over,134,1,133
S01012116,All people aged 3 and over,574,2,572
S01012116,3 to 15,76,0,76
S01012116,16 to 24,64,0,64
S01012116,25 to 34,50,0,50
S01012116,35 to 49,147,0,147
S01012116,50 to 64,93,0,93
S01012116,65 and over,144,2,142
S01012117,All people aged 3 and over,755,3,752
S01012117,3 to 15,180,0,180
S01012117,16 to 24,56,0,56
S01012117,25 to 34,127,1,126
S01012117,35 to 49,258,1,257
S01012117,50 to 64,93,0,93
S01012117,65 and over,41,1,40
S01012118,All people aged 3 and over,638,7,631
S01012118,3 to 15,144,0,144
S01012118,16 to 24,72,1,71
S01012118,25 to 34,40,1,39
S01012118,35 to 49,197,0,197
S01012118,50 to 64,147,2,145
S01012118,65 and over,38,3,35
S01012119,All people aged 3 and over,877,7,870
S01012119,3 to 15,136,1,135
S01012119,16 to 24,98,0,98
S01012119,25 to 34,51,1,50
S01012119,35 to 49,206,1,205
S01012119,50 to 64,219,1,218
S01012119,65 and over,167,3,164
S01012120,All people aged 3 and over,555,7,548
S01012120,3 to 15,87,0,87
S01012120,16 to 24,73,0,73
S01012120,25 to 34,71,0,71
S01012120,35 to 49,144,3,141
S01012120,50 to 64,99,1,98
S01012120,65 and over,81,3,78
S01012121,All people aged 3 and over,920,5,915
S01012121,3 to 15,133,0,133
S01012121,16 to 24,103,0,103
S01012121,25 to 34,107,0,107
S01012121,35 to 49,166,3,163
S01012121,50 to 64,197,0,197
S01012121,65 and over,214,2,212
S01012122,All people aged 3 and over,760,4,756
S01012122,3 to 15,89,0,89
S01012122,16 to 24,117,0,117
S01012122,25 to 34,72,0,72
S01012122,35 to 49,166,1,165
S01012122,50 to 64,168,1,167
S01012122,65 and over,148,2,146
S01012123,All people aged 3 and over,501,5,496
S01012123,3 to 15,72,0,72
S01012123,16 to 24,82,2,80
S01012123,25 to 34,77,0,77
S01012123,35 to 49,92,1,91
S01012123,50 to 64,111,1,110
S01012123,65 and over,67,1,66
S01012124,All people aged 3 and over,488,2,486
S01012124,3 to 15,41,0,41
S01012124,16 to 24,70,0,70
S01012124,25 to 34,78,0,78
S01012124,35 to 49,114,1,113
S01012124,50 to 64,135,0,135
S01012124,65 and over,50,1,49
S01012125,All people aged 3 and over,741,4,737
S01012125,3 to 15,76,0,76
S01012125,16 to 24,89,0,89
S01012125,25 to 34,148,2,146
S01012125,35 to 49,183,2,181
S01012125,50 to 64,142,0,142
S01012125,65 and over,103,0,103
S01012126,All people aged 3 and over,765,3,762
S01012126,3 to 15,92,0,92
S01012126,16 to 24,81,1,80
S01012126,25 to 34,175,0,175
S01012126,35 to 49,235,2,233
S01012126,50 to 64,101,0,101
S01012126,65 and over,81,0,81
S01012127,All people aged 3 and over,819,15,804
S01012127,3 to 15,74,4,70
S01012127,16 to 24,150,0,150
S01012127,25 to 34,216,4,212
S01012127,35 to 49,188,4,184
S01012127,50 to 64,128,1,127
S01012127,65 and over,63,2,61
S01012128,All people aged 3 and over,474,5,469
S01012128,3 to 15,53,1,52
S01012128,16 to 24,72,2,70
S01012128,25 to 34,165,2,163
S01012128,35 to 49,106,0,106
S01012128,50 to 64,50,0,50
S01012128,65 and over,28,0,28
S01012129,All people aged 3 and over,647,6,641
S01012129,3 to 15,40,0,40
S01012129,16 to 24,90,1,89
S01012129,25 to 34,116,3,113
S01012129,35 to 49,166,0,166
S01012129,50 to 64,143,1,142
S01012129,65 and over,92,1,91
S01012130,All people aged 3 and over,1042,17,1025
S01012130,3 to 15,60,0,60
S01012130,16 to 24,83,2,81
S01012130,25 to 34,137,3,134
S01012130,35 to 49,215,3,212
S01012130,50 to 64,206,5,201
S01012130,65 and over,341,4,337
S01012131,All people aged 3 and over,1080,21,1059
S01012131,3 to 15,83,0,83
S01012131,16 to 24,223,4,219
S01012131,25 to 34,228,10,218
S01012131,35 to 49,250,3,247
S01012131,50 to 64,166,2,164
S01012131,65 and over,130,2,128
S01012132,All people aged 3 and over,667,9,658
S01012132,3 to 15,75,1,74
S01012132,16 to 24,131,1,130
S01012132,25 to 34,150,3,147
S01012132,35 to 49,139,1,138
S01012132,50 to 64,97,2,95
S01012132,65 and over,75,1,74
S01012133,All people aged 3 and over,864,15,849
S01012133,3 to 15,76,1,75
S01012133,16 to 24,227,4,223
S01012133,25 to 34,209,4,205
S01012133,35 to 49,167,4,163
S01012133,50 to 64,134,2,132
S01012133,65 and over,51,0,51
S01012134,All people aged 3 and over,1148,18,1130
S01012134,3 to 15,88,0,88
S01012134,16 to 24,146,4,142
S01012134,25 to 34,153,0,153
S01012134,35 to 49,231,5,226
S01012134,50 to 64,212,3,209
S01012134,65 and over,318,6,312
S01012135,All people aged 3 and over,839,7,832
S01012135,3 to 15,95,0,95
S01012135,16 to 24,123,0,123
S01012135,25 to 34,141,2,139
S01012135,35 to 49,204,4,200
S01012135,50 to 64,173,1,172
S01012135,65 and over,103,0,103
S01012136,All people aged 3 and over,806,12,794
S01012136,3 to 15,91,0,91
S01012136,16 to 24,156,1,155
S01012136,25 to 34,182,5,177
S01012136,35 to 49,207,3,204
S01012136,50 to 64,126,0,126
S01012136,65 and over,44,3,41
S01012137,All people aged 3 and over,648,16,632
S01012137,3 to 15,40,0,40
S01012137,16 to 24,75,0,75
S01012137,25 to 34,111,3,108
S01012137,35 to 49,143,8,135
S01012137,50 to 64,122,1,121
S01012137,65 and over,157,4,153
S01012138,All people aged 3 and over,888,12,876
S01012138,3 to 15,103,2,101
S01012138,16 to 24,101,0,101
S01012138,25 to 34,125,2,123
S01012138,35 to 49,187,2,185
S01012138,50 to 64,193,1,192
S01012138,65 and over,179,5,174
S01012139,All people aged 3 and over,899,6,893
S01012139,3 to 15,116,0,116
S01012139,16 to 24,72,0,72
S01012139,25 to 34,98,0,98
S01012139,35 to 49,183,0,183
S01012139,50 to 64,212,3,209
S01012139,65 and over,218,3,215
S01012140,All people aged 3 and over,501,4,497
S01012140,3 to 15,60,0,60
S01012140,16 to 24,50,0,50
S01012140,25 to 34,39,0,39
S01012140,35 to 49,113,3,110
S01012140,50 to 64,141,0,141
S01012140,65 and over,98,1,97
S01012141,All people aged 3 and over,994,29,965
S01012141,3 to 15,165,6,159
S01012141,16 to 24,95,2,93
S01012141,25 to 34,74,0,74
S01012141,35 to 49,224,8,216
S01012141,50 to 64,246,6,240
S01012141,65 and over,190,7,183
S01012142,All people aged 3 and over,928,24,904
S01012142,3 to 15,128,3,125
S01012142,16 to 24,77,2,75
S01012142,25 to 34,53,0,53
S01012142,35 to 49,193,2,191
S01012142,50 to 64,242,6,236
S01012142,65 and over,235,11,224
S01012143,All people aged 3 and over,861,9,852
S01012143,3 to 15,95,0,95
S01012143,16 to 24,99,0,99
S01012143,25 to 34,45,0,45
S01012143,35 to 49,142,1,141
S01012143,50 to 64,247,5,242
S01012143,65 and over,233,3,230
S01012144,All people aged 3 and over,1017,14,1003
S01012144,3 to 15,143,2,141
S01012144,16 to 24,95,2,93
S01012144,25 to 34,72,1,71
S01012144,35 to 49,230,4,226
S01012144,50 to 64,236,2,234
S01012144,65 and over,241,3,238
S01012145,All people aged 3 and over,991,18,973
S01012145,3 to 15,155,1,154
S01012145,16 to 24,108,0,108
S01012145,25 to 34,53,1,52
S01012145,35 to 49,228,4,224
S01012145,50 to 64,237,4,233
S01012145,65 and over,210,8,202
S01012146,All people aged 3 and over,938,16,922
S01012146,3 to 15,119,0,119
S01012146,16 to 24,111,0,111
S01012146,25 to 34,147,4,143
S01012146,35 to 49,200,6,194
S01012146,50 to 64,159,3,156
S01012146,65 and over,202,3,199
S01012147,All people aged 3 and over,708,5,703
S01012147,3 to 15,86,0,86
S01012147,16 to 24,96,0,96
S01012147,25 to 34,120,3,117
S01012147,35 to 49,149,1,148
S01012147,50 to 64,129,1,128
S01012147,65 and over,128,0,128
S01012148,All people aged 3 and over,710,2,708
S01012148,3 to 15,136,0,136
S01012148,16 to 24,87,0,87
S01012148,25 to 34,101,0,101
S01012148,35 to 49,163,2,161
S01012148,50 to 64,121,0,121
S01012148,65 and over,102,0,102
S01012149,All people aged 3 and over,823,8,815
S01012149,3 to 15,130,0,130
S01012149,16 to 24,115,1,114
S01012149,25 to 34,102,1,101
S01012149,35 to 49,186,1,185
S01012149,50 to 64,144,2,142
S01012149,65 and over,146,3,143
S01012150,All people aged 3 and over,750,4,746
S01012150,3 to 15,127,0,127
S01012150,16 to 24,93,1,92
S01012150,25 to 34,78,2,76
S01012150,35 to 49,156,1,155
S01012150,50 to 64,132,0,132
S01012150,65 and over,164,0,164
S01012151,All people aged 3 and over,733,2,731
S01012151,3 to 15,107,0,107
S01012151,16 to 24,88,0,88
S01012151,25 to 34,67,0,67
S01012151,35 to 49,168,2,166
S01012151,50 to 64,117,0,117
S01012151,65 and over,186,0,186
S01012152,All people aged 3 and over,713,7,706
S01012152,3 to 15,112,0,112
S01012152,16 to 24,104,0,104
S01012152,25 to 34,103,4,99
S01012152,35 to 49,174,0,174
S01012152,50 to 64,127,1,126
S01012152,65 and over,93,2,91
S01012153,All people aged 3 and over,516,6,510
S01012153,3 to 15,69,0,69
S01012153,16 to 24,78,2,76
S01012153,25 to 34,114,2,112
S01012153,35 to 49,123,0,123
S01012153,50 to 64,93,1,92
S01012153,65 and over,39,1,38
S01012154,All people aged 3 and over,749,7,742
S01012154,3 to 15,61,0,61
S01012154,16 to 24,105,1,104
S01012154,25 to 34,164,6,158
S01012154,35 to 49,189,0,189
S01012154,50 to 64,122,0,122
S01012154,65 and over,108,0,108
S01012155,All people aged 3 and over,532,7,525
S01012155,3 to 15,35,0,35
S01012155,16 to 24,69,0,69
S01012155,25 to 34,94,0,94
S01012155,35 to 49,145,3,142
S01012155,50 to 64,110,3,107
S01012155,65 and over,79,1,78
S01012156,All people aged 3 and over,586,9,577
S01012156,3 to 15,57,1,56
S01012156,16 to 24,60,0,60
S01012156,25 to 34,75,0,75
S01012156,35 to 49,141,4,137
S01012156,50 to 64,132,0,132
S01012156,65 and over,121,4,117
S01012157,All people aged 3 and over,945,4,941
S01012157,3 to 15,143,1,142
S01012157,16 to 24,115,1,114
S01012157,25 to 34,182,1,181
S01012157,35 to 49,218,0,218
S01012157,50 to 64,144,1,143
S01012157,65 and over,143,0,143
S01012158,All people aged 3 and over,1089,15,1074
S01012158,3 to 15,212,0,212
S01012158,16 to 24,136,7,129
S01012158,25 to 34,210,4,206
S01012158,35 to 49,283,1,282
S01012158,50 to 64,157,1,156
S01012158,65 and over,91,2,89
S01012159,All people aged 3 and over,498,13,485
S01012159,3 to 15,44,0,44
S01012159,16 to 24,46,0,46
S01012159,25 to 34,42,3,39
S01012159,35 to 49,106,1,105
S01012159,50 to 64,136,4,132
S01012159,65 and over,124,5,119
S01012160,All people aged 3 and over,650,7,643
S01012160,3 to 15,81,0,81
S01012160,16 to 24,56,0,56
S01012160,25 to 34,52,2,50
S01012160,35 to 49,143,1,142
S01012160,50 to 64,186,1,185
S01012160,65 and over,132,3,129
S01012161,All people aged 3 and over,434,6,428
S01012161,3 to 15,91,0,91
S01012161,16 to 24,62,2,60
S01012161,25 to 34,79,1,78
S01012161,35 to 49,75,0,75
S01012161,50 to 64,75,2,73
S01012161,65 and over,52,1,51
S01012162,All people aged 3 and over,910,2,908
S01012162,3 to 15,179,0,179
S01012162,16 to 24,97,0,97
S01012162,25 to 34,174,0,174
S01012162,35 to 49,239,2,237
S01012162,50 to 64,109,0,109
S01012162,65 and over,112,0,112
S01012163,All people aged 3 and over,720,10,710
S01012163,3 to 15,134,1,133
S01012163,16 to 24,74,0,74
S01012163,25 to 34,158,2,156
S01012163,35 to 49,174,3,171
S01012163,50 to 64,112,3,109
S01012163,65 and over,68,1,67
S01012164,All people aged 3 and over,1015,16,999
S01012164,3 to 15,211,1,210
S01012164,16 to 24,95,1,94
S01012164,25 to 34,201,4,197
S01012164,35 to 49,354,8,346
S01012164,50 to 64,123,0,123
S01012164,65 and over,31,2,29
S01012165,All people aged 3 and over,874,2,872
S01012165,3 to 15,162,0,162
S01012165,16 to 24,124,0,124
S01012165,25 to 34,122,0,122
S01012165,35 to 49,207,2,205
S01012165,50 to 64,160,0,160
S01012165,65 and over,99,0,99
S01012166,All people aged 3 and over,581,4,577
S01012166,3 to 15,91,0,91
S01012166,16 to 24,93,0,93
S01012166,25 to 34,95,0,95
S01012166,35 to 49,122,3,119
S01012166,50 to 64,125,1,124
S01012166,65 and over,55,0,55
S01012167,All people aged 3 and over,772,8,764
S01012167,3 to 15,82,1,81
S01012167,16 to 24,92,1,91
S01012167,25 to 34,105,0,105
S01012167,35 to 49,178,2,176
S01012167,50 to 64,159,4,155
S01012167,65 and over,156,0,156
S01012168,All people aged 3 and over,825,11,814
S01012168,3 to 15,111,2,109
S01012168,16 to 24,75,0,75
S01012168,25 to 34,70,3,67
S01012168,35 to 49,160,2,158
S01012168,50 to 64,217,0,217
S01012168,65 and over,192,4,188
S01012169,All people aged 3 and over,830,9,821
S01012169,3 to 15,105,0,105
S01012169,16 to 24,68,1,67
S01012169,25 to 34,112,0,112
S01012169,35 to 49,158,2,156
S01012169,50 to 64,202,3,199
S01012169,65 and over,185,3,182
S01012170,All people aged 3 and over,951,7,944
S01012170,3 to 15,102,0,102
S01012170,16 to 24,58,0,58
S01012170,25 to 34,116,3,113
S01012170,35 to 49,186,1,185
S01012170,50 to 64,206,1,205
S01012170,65 and over,283,2,281
S01012171,All people aged 3 and over,967,3,964
S01012171,3 to 15,135,0,135
S01012171,16 to 24,104,0,104
S01012171,25 to 34,125,2,123
S01012171,35 to 49,206,0,206
S01012171,50 to 64,197,0,197
S01012171,65 and over,200,1,199
S01012172,All people aged 3 and over,714,5,709
S01012172,3 to 15,103,0,103
S01012172,16 to 24,89,1,88
S01012172,25 to 34,98,0,98
S01012172,35 to 49,131,0,131
S01012172,50 to 64,127,2,125
S01012172,65 and over,166,2,164
S01012173,All people aged 3 and over,701,8,693
S01012173,3 to 15,68,0,68
S01012173,16 to 24,66,0,66
S01012173,25 to 34,40,1,39
S01012173,35 to 49,116,1,115
S01012173,50 to 64,156,2,154
S01012173,65 and over,255,4,251
S01012174,All people aged 3 and over,873,5,868
S01012174,3 to 15,208,0,208
S01012174,16 to 24,106,0,106
S01012174,25 to 34,78,3,75
S01012174,35 to 49,281,2,279
S01012174,50 to 64,170,0,170
S01012174,65 and over,30,0,30
S01012175,All people aged 3 and over,784,7,777
S01012175,3 to 15,98,0,98
S01012175,16 to 24,80,1,79
S01012175,25 to 34,124,0,124
S01012175,35 to 49,160,0,160
S01012175,50 to 64,220,6,214
S01012175,65 and over,102,0,102
S01012176,All people aged 3 and over,818,6,812
S01012176,3 to 15,91,1,90
S01012176,16 to 24,104,0,104
S01012176,25 to 34,121,0,121
S01012176,35 to 49,156,1,155
S01012176,50 to 64,253,2,251
S01012176,65 and over,93,2,91
S01012177,All people aged 3 and over,604,6,598
S01012177,3 to 15,81,0,81
S01012177,16 to 24,76,0,76
S01012177,25 to 34,59,1,58
S01012177,35 to 49,112,1,111
S01012177,50 to 64,178,2,176
S01012177,65 and over,98,2,96
S01012178,All people aged 3 and over,509,5,504
S01012178,3 to 15,58,0,58
S01012178,16 to 24,54,0,54
S01012178,25 to 34,40,0,40
S01012178,35 to 49,98,3,95
S01012178,50 to 64,182,2,180
S01012178,65 and over,77,0,77
S01012179,All people aged 3 and over,588,6,582
S01012179,3 to 15,68,0,68
S01012179,16 to 24,61,0,61
S01012179,25 to 34,58,1,57
S01012179,35 to 49,105,1,104
S01012179,50 to 64,131,2,129
S01012179,65 and over,165,2,163
S01012180,All people aged 3 and over,551,6,545
S01012180,3 to 15,71,0,71
S01012180,16 to 24,46,0,46
S01012180,25 to 34,58,0,58
S01012180,35 to 49,103,2,101
S01012180,50 to 64,107,2,105
S01012180,65 and over,166,2,164
S01012181,All people aged 3 and over,741,6,735
S01012181,3 to 15,93,0,93
S01012181,16 to 24,69,0,69
S01012181,25 to 34,89,2,87
S01012181,35 to 49,156,2,154
S01012181,50 to 64,151,1,150
S01012181,65 and over,183,1,182
S01012182,All people aged 3 and over,998,19,979
S01012182,3 to 15,145,2,143
S01012182,16 to 24,144,2,142
S01012182,25 to 34,204,5,199
S01012182,35 to 49,271,6,265
S01012182,50 to 64,171,4,167
S01012182,65 and over,63,0,63
S01012183,All people aged 3 and over,691,9,682
S01012183,3 to 15,75,0,75
S01012183,16 to 24,93,1,92
S01012183,25 to 34,166,2,164
S01012183,35 to 49,140,1,139
S01012183,50 to 64,123,3,120
S01012183,65 and over,94,2,92
S01012184,All people aged 3 and over,482,2,480
S01012184,3 to 15,35,0,35
S01012184,16 to 24,76,0,76
S01012184,25 to 34,171,1,170
S01012184,35 to 49,103,1,102
S01012184,50 to 64,65,0,65
S01012184,65 and over,32,0,32
S01012185,All people aged 3 and over,684,13,671
S01012185,3 to 15,58,0,58
S01012185,16 to 24,60,0,60
S01012185,25 to 34,168,2,166
S01012185,35 to 49,206,2,204
S01012185,50 to 64,141,7,134
S01012185,65 and over,51,2,49
S01012186,All people aged 3 and over,688,8,680
S01012186,3 to 15,95,0,95
S01012186,16 to 24,52,1,51
S01012186,25 to 34,86,0,86
S01012186,35 to 49,121,0,121
S01012186,50 to 64,165,4,161
S01012186,65 and over,169,3,166
S01012187,All people aged 3 and over,653,2,651
S01012187,3 to 15,69,0,69
S01012187,16 to 24,78,0,78
S01012187,25 to 34,84,0,84
S01012187,35 to 49,125,1,124
S01012187,50 to 64,162,0,162
S01012187,65 and over,135,1,134
S01012188,All people aged 3 and over,558,7,551
S01012188,3 to 15,52,0,52
S01012188,16 to 24,45,0,45
S01012188,25 to 34,49,0,49
S01012188,35 to 49,98,1,97
S01012188,50 to 64,145,5,140
S01012188,65 and over,169,1,168
S01012189,All people aged 3 and over,557,3,554
S01012189,3 to 15,88,0,88
S01012189,16 to 24,46,0,46
S01012189,25 to 34,65,0,65
S01012189,35 to 49,148,1,147
S01012189,50 to 64,129,2,127
S01012189,65 and over,81,0,81
S01012190,All people aged 3 and over,519,3,516
S01012190,3 to 15,117,0,117
S01012190,16 to 24,40,0,40
S01012190,25 to 34,82,0,82
S01012190,35 to 49,155,1,154
S01012190,50 to 64,86,2,84
S01012190,65 and over,39,0,39
S01012191,All people aged 3 and over,851,2,849
S01012191,3 to 15,133,0,133
S01012191,16 to 24,125,0,125
S01012191,25 to 34,57,0,57
S01012191,35 to 49,195,1,194
S01012191,50 to 64,236,1,235
S01012191,65 and over,105,0,105
S01012192,All people aged 3 and over,496,7,489
S01012192,3 to 15,70,0,70
S01012192,16 to 24,70,1,69
S01012192,25 to 34,44,1,43
S01012192,35 to 49,118,1,117
S01012192,50 to 64,105,3,102
S01012192,65 and over,89,1,88
S01012193,All people aged 3 and over,548,6,542
S01012193,3 to 15,121,0,121
S01012193,16 to 24,78,0,78
S01012193,25 to 34,56,0,56
S01012193,35 to 49,154,3,151
S01012193,50 to 64,120,1,119
S01012193,65 and over,19,2,17
S01012194,All people aged 3 and over,549,6,543
S01012194,3 to 15,122,0,122
S01012194,16 to 24,96,1,95
S01012194,25 to 34,45,0,45
S01012194,35 to 49,152,4,148
S01012194,50 to 64,107,0,107
S01012194,65 and over,27,1,26
S01012195,All people aged 3 and over,1080,6,1074
S01012195,3 to 15,181,0,181
S01012195,16 to 24,136,0,136
S01012195,25 to 34,100,1,99
S01012195,35 to 49,296,2,294
S01012195,50 to 64,218,0,218
S01012195,65 and over,149,3,146
S01012196,All people aged 3 and over,554,3,551
S01012196,3 to 15,116,0,116
S01012196,16 to 24,70,0,70
S01012196,25 to 34,68,0,68
S01012196,35 to 49,152,1,151
S01012196,50 to 64,118,0,118
S01012196,65 and over,30,2,28
S01012197,All people aged 3 and over,703,9,694
S01012197,3 to 15,124,0,124
S01012197,16 to 24,68,1,67
S01012197,25 to 34,80,1,79
S01012197,35 to 49,148,3,145
S01012197,50 to 64,155,2,153
S01012197,65 and over,128,2,126
S01012198,All people aged 3 and over,905,11,894
S01012198,3 to 15,135,2,133
S01012198,16 to 24,78,0,78
S01012198,25 to 34,94,1,93
S01012198,35 to 49,220,2,218
S01012198,50 to 64,197,1,196
S01012198,65 and over,181,5,176
S01012199,All people aged 3 and over,714,4,710
S01012199,3 to 15,112,0,112
S01012199,16 to 24,87,0,87
S01012199,25 to 34,72,0,72
S01012199,35 to 49,161,1,160
S01012199,50 to 64,155,1,154
S01012199,65 and over,127,2,125
S01012200,All people aged 3 and over,623,1,622
S01012200,3 to 15,107,0,107
S01012200,16 to 24,66,0,66
S01012200,25 to 34,67,0,67
S01012200,35 to 49,145,0,145
S01012200,50 to 64,133,1,132
S01012200,65 and over,105,0,105
S01012201,All people aged 3 and over,748,5,743
S01012201,3 to 15,138,0,138
S01012201,16 to 24,79,0,79
S01012201,25 to 34,77,1,76
S01012201,35 to 49,170,1,169
S01012201,50 to 64,159,0,159
S01012201,65 and over,125,3,122
S01012202,All people aged 3 and over,571,6,565
S01012202,3 to 15,98,0,98
S01012202,16 to 24,66,0,66
S01012202,25 to 34,66,1,65
S01012202,35 to 49,132,1,131
S01012202,50 to 64,104,1,103
S01012202,65 and over,105,3,102
S01012203,All people aged 3 and over,759,4,755
S01012203,3 to 15,83,0,83
S01012203,16 to 24,88,0,88
S01012203,25 to 34,51,0,51
S01012203,35 to 49,128,0,128
S01012203,50 to 64,252,2,250
S01012203,65 and over,157,2,155
S01012204,All people aged 3 and over,774,5,769
S01012204,3 to 15,112,0,112
S01012204,16 to 24,138,0,138
S01012204,25 to 34,62,1,61
S01012204,35 to 49,174,1,173
S01012204,50 to 64,239,3,236
S01012204,65 and over,49,0,49
S01012205,All people aged 3 and over,663,5,658
S01012205,3 to 15,91,0,91
S01012205,16 to 24,76,0,76
S01012205,25 to 34,81,0,81
S01012205,35 to 49,137,0,137
S01012205,50 to 64,205,4,201
S01012205,65 and over,73,1,72
S01012206,All people aged 3 and over,818,13,805
S01012206,3 to 15,136,0,136
S01012206,16 to 24,112,3,109
S01012206,25 to 34,88,1,87
S01012206,35 to 49,224,3,221
S01012206,50 to 64,165,4,161
S01012206,65 and over,93,2,91
S01012207,All people aged 3 and over,881,7,874
S01012207,3 to 15,157,0,157
S01012207,16 to 24,94,1,93
S01012207,25 to 34,89,0,89
S01012207,35 to 49,208,3,205
S01012207,50 to 64,148,1,147
S01012207,65 and over,185,2,183
S01012208,All people aged 3 and over,1017,9,1008
S01012208,3 to 15,187,0,187
S01012208,16 to 24,93,1,92
S01012208,25 to 34,134,1,133
S01012208,35 to 49,212,0,212
S01012208,50 to 64,195,4,191
S01012208,65 and over,196,3,193
S01012209,All people aged 3 and over,711,12,699
S01012209,3 to 15,123,2,121
S01012209,16 to 24,81,0,81
S01012209,25 to 34,73,1,72
S01012209,35 to 49,167,4,163
S01012209,50 to 64,142,2,140
S01012209,65 and over,125,3,122
S01012210,All people aged 3 and over,750,15,735
S01012210,3 to 15,103,2,101
S01012210,16 to 24,84,0,84
S01012210,25 to 34,95,0,95
S01012210,35 to 49,155,3,152
S01012210,50 to 64,92,1,91
S01012210,65 and over,221,9,212
S01012211,All people aged 3 and over,885,21,864
S01012211,3 to 15,146,4,142
S01012211,16 to 24,86,1,85
S01012211,25 to 34,94,0,94
S01012211,35 to 49,217,6,211
S01012211,50 to 64,188,7,181
S01012211,65 and over,154,3,151
S01012212,All people aged 3 and over,749,11,738
S01012212,3 to 15,84,0,84
S01012212,16 to 24,81,1,80
S01012212,25 to 34,61,0,61
S01012212,35 to 49,145,1,144
S01012212,50 to 64,224,6,218
S01012212,65 and over,154,3,151
S01012213,All people aged 3 and over,790,6,784
S01012213,3 to 15,83,0,83
S01012213,16 to 24,91,0,91
S01012213,25 to 34,59,0,59
S01012213,35 to 49,155,1,154
S01012213,50 to 64,266,1,265
S01012213,65 and over,136,4,132
S01012214,All people aged 3 and over,664,8,656
S01012214,3 to 15,97,0,97
S01012214,16 to 24,59,0,59
S01012214,25 to 34,41,0,41
S01012214,35 to 49,129,0,129
S01012214,50 to 64,187,5,182
S01012214,65 and over,151,3,148
S01012215,All people aged 3 and over,820,9,811
S01012215,3 to 15,98,0,98
S01012215,16 to 24,108,1,107
S01012215,25 to 34,93,0,93
S01012215,35 to 49,157,4,153
S01012215,50 to 64,237,3,234
S01012215,65 and over,127,1,126
S01012216,All people aged 3 and over,692,12,680
S01012216,3 to 15,106,1,105
S01012216,16 to 24,86,3,83
S01012216,25 to 34,44,0,44
S01012216,35 to 49,164,2,162
S01012216,50 to 64,189,5,184
S01012216,65 and over,103,1,102
S01012217,All people aged 3 and over,535,4,531
S01012217,3 to 15,95,1,94
S01012217,16 to 24,62,0,62
S01012217,25 to 34,106,1,105
S01012217,35 to 49,128,1,127
S01012217,50 to 64,79,0,79
S01012217,65 and over,65,1,64
S01012218,All people aged 3 and over,468,3,465
S01012218,3 to 15,114,0,114
S01012218,16 to 24,61,1,60
S01012218,25 to 34,79,0,79
S01012218,35 to 49,99,1,98
S01012218,50 to 64,62,0,62
S01012218,65 and over,53,1,52
S01012219,All people aged 3 and over,821,7,814
S01012219,3 to 15,100,0,100
S01012219,16 to 24,95,0,95
S01012219,25 to 34,98,1,97
S01012219,35 to 49,142,3,139
S01012219,50 to 64,157,2,155
S01012219,65 and over,229,1,228
S01012220,All people aged 3 and over,607,6,601
S01012220,3 to 15,63,0,63
S01012220,16 to 24,73,2,71
S01012220,25 to 34,72,1,71
S01012220,35 to 49,116,1,115
S01012220,50 to 64,130,0,130
S01012220,65 and over,153,2,151
S01012221,All people aged 3 and over,607,9,598
S01012221,3 to 15,61,1,60
S01012221,16 to 24,63,4,59
S01012221,25 to 34,78,0,78
S01012221,35 to 49,107,2,105
S01012221,50 to 64,110,2,108
S01012221,65 and over,188,0,188
S01012222,All people aged 3 and over,769,3,766
S01012222,3 to 15,84,0,84
S01012222,16 to 24,82,0,82
S01012222,25 to 34,72,1,71
S01012222,35 to 49,154,1,153
S01012222,50 to 64,180,0,180
S01012222,65 and over,197,1,196
S01012223,All people aged 3 and over,696,1,695
S01012223,3 to 15,112,0,112
S01012223,16 to 24,88,0,88
S01012223,25 to 34,76,0,76
S01012223,35 to 49,138,0,138
S01012223,50 to 64,102,0,102
S01012223,65 and over,180,1,179
S01012224,All people aged 3 and over,739,5,734
S01012224,3 to 15,150,0,150
S01012224,16 to 24,92,0,92
S01012224,25 to 34,95,0,95
S01012224,35 to 49,186,3,183
S01012224,50 to 64,110,1,109
S01012224,65 and over,106,1,105
S01012225,All people aged 3 and over,1019,10,1009
S01012225,3 to 15,202,0,202
S01012225,16 to 24,146,2,144
S01012225,25 to 34,111,0,111
S01012225,35 to 49,262,2,260
S01012225,50 to 64,136,4,132
S01012225,65 and over,162,2,160
S01012226,All people aged 3 and over,716,1,715
S01012226,3 to 15,136,0,136
S01012226,16 to 24,84,0,84
S01012226,25 to 34,65,0,65
S01012226,35 to 49,168,1,167
S01012226,50 to 64,142,0,142
S01012226,65 and over,121,0,121
S01012227,All people aged 3 and over,652,2,650
S01012227,3 to 15,125,0,125
S01012227,16 to 24,85,0,85
S01012227,25 to 34,67,0,67
S01012227,35 to 49,168,0,168
S01012227,50 to 64,102,1,101
S01012227,65 and over,105,1,104
S01012228,All people aged 3 and over,671,3,668
S01012228,3 to 15,129,0,129
S01012228,16 to 24,78,0,78
S01012228,25 to 34,77,1,76
S01012228,35 to 49,164,0,164
S01012228,50 to 64,133,0,133
S01012228,65 and over,90,2,88
S01012229,All people aged 3 and over,667,6,661
S01012229,3 to 15,87,0,87
S01012229,16 to 24,62,0,62
S01012229,25 to 34,89,0,89
S01012229,35 to 49,152,5,147
S01012229,50 to 64,192,0,192
S01012229,65 and over,85,1,84
S01012230,All people aged 3 and over,884,4,880
S01012230,3 to 15,149,0,149
S01012230,16 to 24,89,0,89
S01012230,25 to 34,81,0,81
S01012230,35 to 49,237,1,236
S01012230,50 to 64,204,1,203
S01012230,65 and over,124,2,122
S01012231,All people aged 3 and over,812,9,803
S01012231,3 to 15,167,0,167
S01012231,16 to 24,104,0,104
S01012231,25 to 34,57,0,57
S01012231,35 to 49,187,0,187
S01012231,50 to 64,215,5,210
S01012231,65 and over,82,4,78
S01012232,All people aged 3 and over,845,6,839
S01012232,3 to 15,171,0,171
S01012232,16 to 24,102,1,101
S01012232,25 to 34,49,0,49
S01012232,35 to 49,226,2,224
S01012232,50 to 64,195,2,193
S01012232,65 and over,102,1,101
S01012233,All people aged 3 and over,931,11,920
S01012233,3 to 15,178,0,178
S01012233,16 to 24,96,1,95
S01012233,25 to 34,69,1,68
S01012233,35 to 49,217,4,213
S01012233,50 to 64,228,5,223
S01012233,65 and over,143,0,143
S01012234,All people aged 3 and over,1041,12,1029
S01012234,3 to 15,198,0,198
S01012234,16 to 24,130,0,130
S01012234,25 to 34,90,0,90
S01012234,35 to 49,273,2,271
S01012234,50 to 64,244,6,238
S01012234,65 and over,106,4,102
S01012235,All people aged 3 and over,455,5,450
S01012235,3 to 15,48,0,48
S01012235,16 to 24,43,0,43
S01012235,25 to 34,21,0,21
S01012235,35 to 49,68,0,68
S01012235,50 to 64,144,4,140
S01012235,65 and over,131,1,130
S01012236,All people aged 3 and over,593,9,584
S01012236,3 to 15,93,1,92
S01012236,16 to 24,59,0,59
S01012236,25 to 34,43,1,42
S01012236,35 to 49,152,2,150
S01012236,50 to 64,127,2,125
S01012236,65 and over,119,3,116
S01012237,All people aged 3 and over,779,9,770
S01012237,3 to 15,144,2,142
S01012237,16 to 24,78,0,78
S01012237,25 to 34,46,0,46
S01012237,35 to 49,184,3,181
S01012237,50 to 64,172,3,169
S01012237,65 and over,155,1,154
S01012238,All people aged 3 and over,579,6,573
S01012238,3 to 15,70,0,70
S01012238,16 to 24,61,0,61
S01012238,25 to 34,84,0,84
S01012238,35 to 49,141,2,139
S01012238,50 to 64,106,1,105
S01012238,65 and over,117,3,114
S01012239,All people aged 3 and over,568,4,564
S01012239,3 to 15,83,0,83
S01012239,16 to 24,66,1,65
S01012239,25 to 34,59,1,58
S01012239,35 to 49,142,0,142
S01012239,50 to 64,126,1,125
S01012239,65 and over,92,1,91
S01012240,All people aged 3 and over,824,10,814
S01012240,3 to 15,123,2,121
S01012240,16 to 24,84,0,84
S01012240,25 to 34,70,1,69
S01012240,35 to 49,176,5,171
S01012240,50 to 64,175,1,174
S01012240,65 and over,196,1,195
S01012241,All people aged 3 and over,550,10,540
S01012241,3 to 15,106,0,106
S01012241,16 to 24,27,0,27
S01012241,25 to 34,36,1,35
S01012241,35 to 49,136,2,134
S01012241,50 to 64,153,6,147
S01012241,65 and over,92,1,91
S01012242,All people aged 3 and over,781,11,770
S01012242,3 to 15,142,0,142
S01012242,16 to 24,85,0,85
S01012242,25 to 34,30,2,28
S01012242,35 to 49,178,2,176
S01012242,50 to 64,205,1,204
S01012242,65 and over,141,6,135
S01012243,All people aged 3 and over,622,7,615
S01012243,3 to 15,137,0,137
S01012243,16 to 24,53,0,53
S01012243,25 to 34,50,0,50
S01012243,35 to 49,146,4,142
S01012243,50 to 64,129,2,127
S01012243,65 and over,107,1,106
S01012244,All people aged 3 and over,927,7,920
S01012244,3 to 15,178,1,177
S01012244,16 to 24,70,0,70
S01012244,25 to 34,67,0,67
S01012244,35 to 49,267,3,264
S01012244,50 to 64,218,2,216
S01012244,65 and over,127,1,126
S01012245,All people aged 3 and over,710,8,702
S01012245,3 to 15,123,0,123
S01012245,16 to 24,40,1,39
S01012245,25 to 34,38,0,38
S01012245,35 to 49,155,4,151
S01012245,50 to 64,181,1,180
S01012245,65 and over,173,2,171
S01012246,All people aged 3 and over,787,2,785
S01012246,3 to 15,206,0,206
S01012246,16 to 24,50,0,50
S01012246,25 to 34,39,0,39
S01012246,35 to 49,221,1,220
S01012246,50 to 64,176,0,176
S01012246,65 and over,95,1,94
S01012247,All people aged 3 and over,723,4,719
S01012247,3 to 15,110,0,110
S01012247,16 to 24,51,0,51
S01012247,25 to 34,44,0,44
S01012247,35 to 49,191,2,189
S01012247,50 to 64,181,1,180
S01012247,65 and over,146,1,145
S01012248,All people aged 3 and over,802,2,800
S01012248,3 to 15,146,0,146
S01012248,16 to 24,70,0,70
S01012248,25 to 34,56,0,56
S01012248,35 to 49,229,2,227
S01012248,50 to 64,183,0,183
S01012248,65 and over,118,0,118
S01012249,All people aged 3 and over,827,3,824
S01012249,3 to 15,133,0,133
S01012249,16 to 24,66,0,66
S01012249,25 to 34,53,0,53
S01012249,35 to 49,232,1,231
S01012249,50 to 64,200,2,198
S01012249,65 and over,143,0,143
S01012250,All people aged 3 and over,664,3,661
S01012250,3 to 15,101,0,101
S01012250,16 to 24,38,0,38
S01012250,25 to 34,51,0,51
S01012250,35 to 49,169,2,167
S01012250,50 to 64,176,1,175
S01012250,65 and over,129,0,129
S01012251,All people aged 3 and over,931,7,924
S01012251,3 to 15,151,0,151
S01012251,16 to 24,96,1,95
S01012251,25 to 34,88,2,86
S01012251,35 to 49,220,0,220
S01012251,50 to 64,193,3,190
S01012251,65 and over,183,1,182
S01012252,All people aged 3 and over,683,4,679
S01012252,3 to 15,117,0,117
S01012252,16 to 24,73,1,72
S01012252,25 to 34,73,0,73
S01012252,35 to 49,169,0,169
S01012252,50 to 64,138,2,136
S01012252,65 and over,113,1,112
S01012253,All people aged 3 and over,865,7,858
S01012253,3 to 15,76,0,76
S01012253,16 to 24,83,0,83
S01012253,25 to 34,89,0,89
S01012253,35 to 49,174,5,169
S01012253,50 to 64,231,2,229
S01012253,65 and over,212,0,212
S01012254,All people aged 3 and over,831,8,823
S01012254,3 to 15,131,0,131
S01012254,16 to 24,71,0,71
S01012254,25 to 34,96,0,96
S01012254,35 to 49,192,3,189
S01012254,50 to 64,174,4,170
S01012254,65 and over,167,1,166
S01012255,All people aged 3 and over,889,4,885
S01012255,3 to 15,74,0,74
S01012255,16 to 24,81,0,81
S01012255,25 to 34,74,0,74
S01012255,35 to 49,196,0,196
S01012255,50 to 64,165,2,163
S01012255,65 and over,299,2,297
S01012256,All people aged 3 and over,824,6,818
S01012256,3 to 15,153,0,153
S01012256,16 to 24,79,0,79
S01012256,25 to 34,73,0,73
S01012256,35 to 49,210,3,207
S01012256,50 to 64,187,3,184
S01012256,65 and over,122,0,122
S01012257,All people aged 3 and over,904,8,896
S01012257,3 to 15,140,0,140
S01012257,16 to 24,81,0,81
S01012257,25 to 34,75,0,75
S01012257,35 to 49,199,0,199
S01012257,50 to 64,210,4,206
S01012257,65 and over,199,4,195
S01012258,All people aged 3 and over,743,4,739
S01012258,3 to 15,158,2,156
S01012258,16 to 24,46,0,46
S01012258,25 to 34,28,0,28
S01012258,35 to 49,193,2,191
S01012258,50 to 64,166,0,166
S01012258,65 and over,152,0,152
S01012259,All people aged 3 and over,596,7,589
S01012259,3 to 15,78,0,78
S01012259,16 to 24,43,0,43
S01012259,25 to 34,22,0,22
S01012259,35 to 49,92,2,90
S01012259,50 to 64,161,4,157
S01012259,65 and over,200,1,199
S01012260,All people aged 3 and over,859,10,849
S01012260,3 to 15,146,1,145
S01012260,16 to 24,72,0,72
S01012260,25 to 34,47,1,46
S01012260,35 to 49,212,1,211
S01012260,50 to 64,163,3,160
S01012260,65 and over,219,4,215
S01012261,All people aged 3 and over,849,11,838
S01012261,3 to 15,217,0,217
S01012261,16 to 24,58,0,58
S01012261,25 to 34,53,0,53
S01012261,35 to 49,271,5,266
S01012261,50 to 64,143,2,141
S01012261,65 and over,107,4,103
S01012262,All people aged 3 and over,772,7,765
S01012262,3 to 15,119,0,119
S01012262,16 to 24,53,0,53
S01012262,25 to 34,46,0,46
S01012262,35 to 49,190,3,187
S01012262,50 to 64,235,2,233
S01012262,65 and over,129,2,127
S01012263,All people aged 3 and over,678,12,666
S01012263,3 to 15,82,0,82
S01012263,16 to 24,73,0,73
S01012263,25 to 34,75,1,74
S01012263,35 to 49,164,3,161
S01012263,50 to 64,156,3,153
S01012263,65 and over,128,5,123
S01012264,All people aged 3 and over,457,4,453
S01012264,3 to 15,72,0,72
S01012264,16 to 24,32,0,32
S01012264,25 to 34,43,1,42
S01012264,35 to 49,106,2,104
S01012264,50 to 64,103,1,102
S01012264,65 and over,101,0,101
S01012265,All people aged 3 and over,758,7,751
S01012265,3 to 15,120,2,118
S01012265,16 to 24,78,1,77
S01012265,25 to 34,77,0,77
S01012265,35 to 49,178,2,176
S01012265,50 to 64,159,1,158
S01012265,65 and over,146,1,145
S01012266,All people aged 3 and over,1018,7,1011
S01012266,3 to 15,114,0,114
S01012266,16 to 24,78,1,77
S01012266,25 to 34,106,0,106
S01012266,35 to 49,238,0,238
S01012266,50 to 64,205,2,203
S01012266,65 and over,277,4,273
S01012267,All people aged 3 and over,694,7,687
S01012267,3 to 15,98,0,98
S01012267,16 to 24,42,0,42
S01012267,25 to 34,47,0,47
S01012267,35 to 49,172,3,169
S01012267,50 to 64,176,2,174
S01012267,65 and over,159,2,157
S01012268,All people aged 3 and over,613,6,607
S01012268,3 to 15,109,0,109
S01012268,16 to 24,49,0,49
S01012268,25 to 34,52,0,52
S01012268,35 to 49,147,1,146
S01012268,50 to 64,166,4,162
S01012268,65 and over,90,1,89
S01012269,All people aged 3 and over,977,6,971
S01012269,3 to 15,147,0,147
S01012269,16 to 24,80,2,78
S01012269,25 to 34,74,1,73
S01012269,35 to 49,209,3,206
S01012269,50 to 64,228,0,228
S01012269,65 and over,239,0,239
S01012270,All people aged 3 and over,755,6,749
S01012270,3 to 15,129,0,129
S01012270,16 to 24,84,0,84
S01012270,25 to 34,73,0,73
S01012270,35 to 49,194,4,190
S01012270,50 to 64,131,2,129
S01012270,65 and over,144,0,144
S01012271,All people aged 3 and over,987,9,978
S01012271,3 to 15,170,1,169
S01012271,16 to 24,70,0,70
S01012271,25 to 34,89,1,88
S01012271,35 to 49,274,3,271
S01012271,50 to 64,252,3,249
S01012271,65 and over,132,1,131
S01012272,All people aged 3 and over,698,6,692
S01012272,3 to 15,129,0,129
S01012272,16 to 24,61,1,60
S01012272,25 to 34,55,1,54
S01012272,35 to 49,180,1,179
S01012272,50 to 64,161,1,160
S01012272,65 and over,112,2,110
S01012273,All people aged 3 and over,680,6,674
S01012273,3 to 15,88,0,88
S01012273,16 to 24,65,0,65
S01012273,25 to 34,40,1,39
S01012273,35 to 49,160,0,160
S01012273,50 to 64,176,4,172
S01012273,65 and over,151,1,150
S01012274,All people aged 3 and over,883,7,876
S01012274,3 to 15,120,0,120
S01012274,16 to 24,86,0,86
S01012274,25 to 34,98,2,96
S01012274,35 to 49,218,3,215
S01012274,50 to 64,247,2,245
S01012274,65 and over,114,0,114
S01012275,All people aged 3 and over,781,9,772
S01012275,3 to 15,57,0,57
S01012275,16 to 24,207,3,204
S01012275,25 to 34,146,2,144
S01012275,35 to 49,143,0,143
S01012275,50 to 64,134,3,131
S01012275,65 and over,94,1,93
S01012276,All people aged 3 and over,920,9,911
S01012276,3 to 15,113,1,112
S01012276,16 to 24,99,0,99
S01012276,25 to 34,133,5,128
S01012276,35 to 49,187,0,187
S01012276,50 to 64,215,2,213
S01012276,65 and over,173,1,172
S01012277,All people aged 3 and over,994,7,987
S01012277,3 to 15,152,0,152
S01012277,16 to 24,109,0,109
S01012277,25 to 34,171,1,170
S01012277,35 to 49,250,4,246
S01012277,50 to 64,176,0,176
S01012277,65 and over,136,2,134
S01012278,All people aged 3 and over,701,4,697
S01012278,3 to 15,52,0,52
S01012278,16 to 24,137,4,133
S01012278,25 to 34,72,0,72
S01012278,35 to 49,141,0,141
S01012278,50 to 64,120,0,120
S01012278,65 and over,179,0,179
S01012279,All people aged 3 and over,740,8,732
S01012279,3 to 15,101,0,101
S01012279,16 to 24,121,1,120
S01012279,25 to 34,125,2,123
S01012279,35 to 49,168,2,166
S01012279,50 to 64,140,2,138
S01012279,65 and over,85,1,84
S01012280,All people aged 3 and over,908,4,904
S01012280,3 to 15,144,0,144
S01012280,16 to 24,117,0,117
S01012280,25 to 34,99,1,98
S01012280,35 to 49,207,2,205
S01012280,50 to 64,213,1,212
S01012280,65 and over,128,0,128
S01012281,All people aged 3 and over,687,7,680
S01012281,3 to 15,70,0,70
S01012281,16 to 24,87,1,86
S01012281,25 to 34,120,1,119
S01012281,35 to 49,151,1,150
S01012281,50 to 64,116,1,115
S01012281,65 and over,143,3,140
S01012282,All people aged 3 and over,1093,11,1082
S01012282,3 to 15,115,0,115
S01012282,16 to 24,235,6,229
S01012282,25 to 34,80,1,79
S01012282,35 to 49,177,3,174
S01012282,50 to 64,211,0,211
S01012282,65 and over,275,1,274
S01012283,All people aged 3 and over,842,11,831
S01012283,3 to 15,129,0,129
S01012283,16 to 24,103,1,102
S01012283,25 to 34,67,7,60
S01012283,35 to 49,185,0,185
S01012283,50 to 64,209,2,207
S01012283,65 and over,149,1,148
S01012284,All people aged 3 and over,748,4,744
S01012284,3 to 15,79,0,79
S01012284,16 to 24,114,2,112
S01012284,25 to 34,90,0,90
S01012284,35 to 49,154,0,154
S01012284,50 to 64,134,2,132
S01012284,65 and over,177,0,177
S01012285,All people aged 3 and over,528,3,525
S01012285,3 to 15,41,1,40
S01012285,16 to 24,39,1,38
S01012285,25 to 34,24,0,24
S01012285,35 to 49,88,0,88
S01012285,50 to 64,192,1,191
S01012285,65 and over,144,0,144
S01012286,All people aged 3 and over,1016,6,1010
S01012286,3 to 15,137,0,137
S01012286,16 to 24,155,2,153
S01012286,25 to 34,119,0,119
S01012286,35 to 49,213,0,213
S01012286,50 to 64,226,1,225
S01012286,65 and over,166,3,163
S01012287,All people aged 3 and over,917,12,905
S01012287,3 to 15,153,2,151
S01012287,16 to 24,111,1,110
S01012287,25 to 34,167,4,163
S01012287,35 to 49,202,2,200
S01012287,50 to 64,144,1,143
S01012287,65 and over,140,2,138
S01012288,All people aged 3 and over,746,9,737
S01012288,3 to 15,123,0,123
S01012288,16 to 24,95,0,95
S01012288,25 to 34,104,3,101
S01012288,35 to 49,161,3,158
S01012288,50 to 64,134,2,132
S01012288,65 and over,129,1,128
S01012289,All people aged 3 and over,843,5,838
S01012289,3 to 15,103,0,103
S01012289,16 to 24,48,0,48
S01012289,25 to 34,54,1,53
S01012289,35 to 49,136,1,135
S01012289,50 to 64,243,3,240
S01012289,65 and over,259,0,259
S01012290,All people aged 3 and over,571,4,567
S01012290,3 to 15,96,0,96
S01012290,16 to 24,34,0,34
S01012290,25 to 34,53,0,53
S01012290,35 to 49,129,1,128
S01012290,50 to 64,109,1,108
S01012290,65 and over,150,2,148
S01012291,All people aged 3 and over,929,1,928
S01012291,3 to 15,195,0,195
S01012291,16 to 24,76,0,76
S01012291,25 to 34,81,0,81
S01012291,35 to 49,273,1,272
S01012291,50 to 64,179,0,179
S01012291,65 and over,125,0,125
S01012292,All people aged 3 and over,739,8,731
S01012292,3 to 15,114,0,114
S01012292,16 to 24,37,0,37
S01012292,25 to 34,42,0,42
S01012292,35 to 49,140,2,138
S01012292,50 to 64,141,4,137
S01012292,65 and over,265,2,263
S01012293,All people aged 3 and over,458,3,455
S01012293,3 to 15,78,0,78
S01012293,16 to 24,30,0,30
S01012293,25 to 34,52,0,52
S01012293,35 to 49,90,0,90
S01012293,50 to 64,119,1,118
S01012293,65 and over,89,2,87
S01012294,All people aged 3 and over,841,2,839
S01012294,3 to 15,137,0,137
S01012294,16 to 24,88,0,88
S01012294,25 to 34,73,0,73
S01012294,35 to 49,223,0,223
S01012294,50 to 64,210,2,208
S01012294,65 and over,110,0,110
S01012295,All people aged 3 and over,708,4,704
S01012295,3 to 15,139,0,139
S01012295,16 to 24,76,1,75
S01012295,25 to 34,108,2,106
S01012295,35 to 49,228,1,227
S01012295,50 to 64,93,0,93
S01012295,65 and over,64,0,64
S01012296,All people aged 3 and over,837,7,830
S01012296,3 to 15,206,0,206
S01012296,16 to 24,51,0,51
S01012296,25 to 34,73,0,73
S01012296,35 to 49,282,4,278
S01012296,50 to 64,158,3,155
S01012296,65 and over,67,0,67
S01012297,All people aged 3 and over,575,1,574
S01012297,3 to 15,99,0,99
S01012297,16 to 24,27,0,27
S01012297,25 to 34,44,0,44
S01012297,35 to 49,146,0,146
S01012297,50 to 64,156,1,155
S01012297,65 and over,103,0,103
S01012298,All people aged 3 and over,779,1,778
S01012298,3 to 15,100,0,100
S01012298,16 to 24,56,0,56
S01012298,25 to 34,64,0,64
S01012298,35 to 49,180,0,180
S01012298,50 to 64,204,0,204
S01012298,65 and over,175,1,174
S01012299,All people aged 3 and over,610,10,600
S01012299,3 to 15,104,0,104
S01012299,16 to 24,47,1,46
S01012299,25 to 34,48,4,44
S01012299,35 to 49,159,3,156
S01012299,50 to 64,161,0,161
S01012299,65 and over,91,2,89
S01012300,All people aged 3 and over,640,3,637
S01012300,3 to 15,102,0,102
S01012300,16 to 24,61,0,61
S01012300,25 to 34,39,0,39
S01012300,35 to 49,163,2,161
S01012300,50 to 64,141,0,141
S01012300,65 and over,134,1,133
S01012301,All people aged 3 and over,932,4,928
S01012301,3 to 15,144,0,144
S01012301,16 to 24,78,0,78
S01012301,25 to 34,71,0,71
S01012301,35 to 49,200,3,197
S01012301,50 to 64,265,1,264
S01012301,65 and over,174,0,174
S01012302,All people aged 3 and over,577,2,575
S01012302,3 to 15,94,0,94
S01012302,16 to 24,45,0,45
S01012302,25 to 34,67,0,67
S01012302,35 to 49,146,1,145
S01012302,50 to 64,142,0,142
S01012302,65 and over,83,1,82
S01012303,All people aged 3 and over,873,5,868
S01012303,3 to 15,153,0,153
S01012303,16 to 24,57,0,57
S01012303,25 to 34,78,0,78
S01012303,35 to 49,210,2,208
S01012303,50 to 64,212,0,212
S01012303,65 and over,163,3,160
S01012304,All people aged 3 and over,961,9,952
S01012304,3 to 15,172,0,172
S01012304,16 to 24,69,1,68
S01012304,25 to 34,68,0,68
S01012304,35 to 49,218,3,215
S01012304,50 to 64,229,3,226
S01012304,65 and over,205,2,203
S01012305,All people aged 3 and over,680,4,676
S01012305,3 to 15,88,0,88
S01012305,16 to 24,70,0,70
S01012305,25 to 34,46,0,46
S01012305,35 to 49,129,0,129
S01012305,50 to 64,170,2,168
S01012305,65 and over,177,2,175
S01012306,All people aged 3 and over,579,4,575
S01012306,3 to 15,93,0,93
S01012306,16 to 24,39,0,39
S01012306,25 to 34,60,1,59
S01012306,35 to 49,99,0,99
S01012306,50 to 64,118,2,116
S01012306,65 and over,170,1,169
S01012307,All people aged 3 and over,609,3,606
S01012307,3 to 15,76,0,76
S01012307,16 to 24,53,0,53
S01012307,25 to 34,57,1,56
S01012307,35 to 49,144,2,142
S01012307,50 to 64,136,0,136
S01012307,65 and over,143,0,143
S01012308,All people aged 3 and over,815,3,812
S01012308,3 to 15,138,0,138
S01012308,16 to 24,87,1,86
S01012308,25 to 34,73,0,73
S01012308,35 to 49,211,0,211
S01012308,50 to 64,169,1,168
S01012308,65 and over,137,1,136
S01012309,All people aged 3 and over,524,3,521
S01012309,3 to 15,59,0,59
S01012309,16 to 24,50,0,50
S01012309,25 to 34,47,0,47
S01012309,35 to 49,93,0,93
S01012309,50 to 64,137,0,137
S01012309,65 and over,138,3,135
S01012310,All people aged 3 and over,874,3,871
S01012310,3 to 15,96,0,96
S01012310,16 to 24,57,0,57
S01012310,25 to 34,51,0,51
S01012310,35 to 49,201,1,200
S01012310,50 to 64,239,1,238
S01012310,65 and over,230,1,229
S01012311,All people aged 3 and over,556,3,553
S01012311,3 to 15,62,0,62
S01012311,16 to 24,52,0,52
S01012311,25 to 34,21,0,21
S01012311,35 to 49,117,0,117
S01012311,50 to 64,141,1,140
S01012311,65 and over,163,2,161
S01012312,All people aged 3 and over,981,8,973
S01012312,3 to 15,111,1,110
S01012312,16 to 24,108,0,108
S01012312,25 to 34,80,1,79
S01012312,35 to 49,182,0,182
S01012312,50 to 64,295,3,292
S01012312,65 and over,205,3,202
S01012313,All people aged 3 and over,742,7,735
S01012313,3 to 15,99,0,99
S01012313,16 to 24,63,0,63
S01012313,25 to 34,65,1,64
S01012313,35 to 49,170,3,167
S01012313,50 to 64,200,1,199
S01012313,65 and over,145,2,143
S01012314,All people aged 3 and over,818,5,813
S01012314,3 to 15,145,0,145
S01012314,16 to 24,89,1,88
S01012314,25 to 34,88,0,88
S01012314,35 to 49,165,1,164
S01012314,50 to 64,160,2,158
S01012314,65 and over,171,1,170
S01012315,All people aged 3 and over,719,4,715
S01012315,3 to 15,56,0,56
S01012315,16 to 24,64,1,63
S01012315,25 to 34,65,0,65
S01012315,35 to 49,115,0,115
S01012315,50 to 64,185,0,185
S01012315,65 and over,234,3,231
S01012316,All people aged 3 and over,587,3,584
S01012316,3 to 15,70,0,70
S01012316,16 to 24,55,0,55
S01012316,25 to 34,70,0,70
S01012316,35 to 49,104,2,102
S01012316,50 to 64,140,0,140
S01012316,65 and over,148,1,147
S01012317,All people aged 3 and over,537,1,536
S01012317,3 to 15,131,0,131
S01012317,16 to 24,44,0,44
S01012317,25 to 34,47,0,47
S01012317,35 to 49,142,0,142
S01012317,50 to 64,88,1,87
S01012317,65 and over,85,0,85
S01012318,All people aged 3 and over,760,9,751
S01012318,3 to 15,114,0,114
S01012318,16 to 24,102,0,102
S01012318,25 to 34,94,0,94
S01012318,35 to 49,168,3,165
S01012318,50 to 64,179,4,175
S01012318,65 and over,103,2,101
S01012319,All people aged 3 and over,751,2,749
S01012319,3 to 15,109,1,108
S01012319,16 to 24,67,0,67
S01012319,25 to 34,85,0,85
S01012319,35 to 49,166,1,165
S01012319,50 to 64,184,0,184
S01012319,65 and over,140,0,140
S01012320,All people aged 3 and over,659,5,654
S01012320,3 to 15,105,0,105
S01012320,16 to 24,83,0,83
S01012320,25 to 34,65,1,64
S01012320,35 to 49,155,3,152
S01012320,50 to 64,123,0,123
S01012320,65 and over,128,1,127
S01012321,All people aged 3 and over,739,4,735
S01012321,3 to 15,116,0,116
S01012321,16 to 24,81,1,80
S01012321,25 to 34,77,1,76
S01012321,35 to 49,140,0,140
S01012321,50 to 64,160,1,159
S01012321,65 and over,165,1,164
S01012322,All people aged 3 and over,970,3,967
S01012322,3 to 15,137,0,137
S01012322,16 to 24,70,0,70
S01012322,25 to 34,65,1,64
S01012322,35 to 49,212,0,212
S01012322,50 to 64,254,1,253
S01012322,65 and over,232,1,231
S01012323,All people aged 3 and over,856,4,852
S01012323,3 to 15,93,0,93
S01012323,16 to 24,59,0,59
S01012323,25 to 34,56,0,56
S01012323,35 to 49,168,1,167
S01012323,50 to 64,254,1,253
S01012323,65 and over,226,2,224
S01012324,All people aged 3 and over,793,5,788
S01012324,3 to 15,101,1,100
S01012324,16 to 24,55,0,55
S01012324,25 to 34,44,0,44
S01012324,35 to 49,170,3,167
S01012324,50 to 64,226,1,225
S01012324,65 and over,197,0,197
S01012325,All people aged 3 and over,580,3,577
S01012325,3 to 15,47,0,47
S01012325,16 to 24,34,0,34
S01012325,25 to 34,28,0,28
S01012325,35 to 49,97,1,96
S01012325,50 to 64,130,1,129
S01012325,65 and over,244,1,243
S01012326,All people aged 3 and over,538,4,534
S01012326,3 to 15,49,0,49
S01012326,16 to 24,49,0,49
S01012326,25 to 34,54,1,53
S01012326,35 to 49,90,0,90
S01012326,50 to 64,138,0,138
S01012326,65 and over,158,3,155
S01012327,All people aged 3 and over,779,11,768
S01012327,3 to 15,120,0,120
S01012327,16 to 24,74,3,71
S01012327,25 to 34,67,1,66
S01012327,35 to 49,150,3,147
S01012327,50 to 64,169,2,167
S01012327,65 and over,199,2,197
S01012328,All people aged 3 and over,535,4,531
S01012328,3 to 15,46,0,46
S01012328,16 to 24,32,0,32
S01012328,25 to 34,33,0,33
S01012328,35 to 49,76,1,75
S01012328,50 to 64,144,1,143
S01012328,65 and over,204,2,202
S01012329,All people aged 3 and over,805,6,799
S01012329,3 to 15,111,0,111
S01012329,16 to 24,53,0,53
S01012329,25 to 34,66,0,66
S01012329,35 to 49,172,1,171
S01012329,50 to 64,198,2,196
S01012329,65 and over,205,3,202
S01012330,All people aged 3 and over,568,5,563
S01012330,3 to 15,60,0,60
S01012330,16 to 24,44,0,44
S01012330,25 to 34,41,0,41
S01012330,35 to 49,108,1,107
S01012330,50 to 64,151,1,150
S01012330,65 and over,164,3,161
S01012331,All people aged 3 and over,611,5,606
S01012331,3 to 15,119,0,119
S01012331,16 to 24,35,0,35
S01012331,25 to 34,58,0,58
S01012331,35 to 49,180,0,180
S01012331,50 to 64,129,4,125
S01012331,65 and over,90,1,89
S01012332,All people aged 3 and over,967,9,958
S01012332,3 to 15,137,0,137
S01012332,16 to 24,84,0,84
S01012332,25 to 34,57,0,57
S01012332,35 to 49,216,1,215
S01012332,50 to 64,263,2,261
S01012332,65 and over,210,6,204
S01012333,All people aged 3 and over,970,4,966
S01012333,3 to 15,153,0,153
S01012333,16 to 24,51,0,51
S01012333,25 to 34,69,2,67
S01012333,35 to 49,212,0,212
S01012333,50 to 64,258,1,257
S01012333,65 and over,227,1,226
S01012334,All people aged 3 and over,827,10,817
S01012334,3 to 15,116,4,112
S01012334,16 to 24,70,0,70
S01012334,25 to 34,70,3,67
S01012334,35 to 49,151,1,150
S01012334,50 to 64,171,1,170
S01012334,65 and over,249,1,248
S01012335,All people aged 3 and over,965,6,959
S01012335,3 to 15,166,0,166
S01012335,16 to 24,98,0,98
S01012335,25 to 34,91,0,91
S01012335,35 to 49,241,1,240
S01012335,50 to 64,223,2,221
S01012335,65 and over,146,3,143
S01012336,All people aged 3 and over,590,1,589
S01012336,3 to 15,78,0,78
S01012336,16 to 24,40,0,40
S01012336,25 to 34,51,0,51
S01012336,35 to 49,116,1,115
S01012336,50 to 64,125,0,125
S01012336,65 and over,180,0,180
S01012337,All people aged 3 and over,834,10,824
S01012337,3 to 15,86,0,86
S01012337,16 to 24,85,1,84
S01012337,25 to 34,90,2,88
S01012337,35 to 49,136,1,135
S01012337,50 to 64,192,3,189
S01012337,65 and over,245,3,242
S01012338,All people aged 3 and over,706,8,698
S01012338,3 to 15,75,0,75
S01012338,16 to 24,62,0,62
S01012338,25 to 34,76,1,75
S01012338,35 to 49,124,0,124
S01012338,50 to 64,140,3,137
S01012338,65 and over,229,4,225
S01012339,All people aged 3 and over,567,4,563
S01012339,3 to 15,42,0,42
S01012339,16 to 24,80,0,80
S01012339,25 to 34,92,0,92
S01012339,35 to 49,82,0,82
S01012339,50 to 64,97,1,96
S01012339,65 and over,174,3,171
S01012340,All people aged 3 and over,997,7,990
S01012340,3 to 15,167,0,167
S01012340,16 to 24,79,1,78
S01012340,25 to 34,91,1,90
S01012340,35 to 49,191,0,191
S01012340,50 to 64,234,2,232
S01012340,65 and over,235,3,232
S01012341,All people aged 3 and over,923,4,919
S01012341,3 to 15,127,0,127
S01012341,16 to 24,80,0,80
S01012341,25 to 34,64,0,64
S01012341,35 to 49,232,0,232
S01012341,50 to 64,260,1,259
S01012341,65 and over,160,3,157
S01012342,All people aged 3 and over,908,8,900
S01012342,3 to 15,122,2,120
S01012342,16 to 24,74,0,74
S01012342,25 to 34,59,0,59
S01012342,35 to 49,185,3,182
S01012342,50 to 64,229,1,228
S01012342,65 and over,239,2,237
S01012343,All people aged 3 and over,958,7,951
S01012343,3 to 15,137,1,136
S01012343,16 to 24,58,0,58
S01012343,25 to 34,66,1,65
S01012343,35 to 49,232,1,231
S01012343,50 to 64,272,3,269
S01012343,65 and over,193,1,192
S01012344,All people aged 3 and over,554,2,552
S01012344,3 to 15,71,0,71
S01012344,16 to 24,53,1,52
S01012344,25 to 34,59,1,58
S01012344,35 to 49,134,0,134
S01012344,50 to 64,145,0,145
S01012344,65 and over,92,0,92
S01012345,All people aged 3 and over,684,3,681
S01012345,3 to 15,98,0,98
S01012345,16 to 24,56,0,56
S01012345,25 to 34,52,0,52
S01012345,35 to 49,166,0,166
S01012345,50 to 64,162,1,161
S01012345,65 and over,150,2,148
S01012346,All people aged 3 and over,807,13,794
S01012346,3 to 15,99,0,99
S01012346,16 to 24,61,1,60
S01012346,25 to 34,63,2,61
S01012346,35 to 49,188,3,185
S01012346,50 to 64,188,5,183
S01012346,65 and over,208,2,206
S01012347,All people aged 3 and over,746,5,741
S01012347,3 to 15,107,1,106
S01012347,16 to 24,46,0,46
S01012347,25 to 34,64,1,63
S01012347,35 to 49,170,1,169
S01012347,50 to 64,174,1,173
S01012347,65 and over,185,1,184
S01012348,All people aged 3 and over,693,5,688
S01012348,3 to 15,106,0,106
S01012348,16 to 24,43,0,43
S01012348,25 to 34,52,0,52
S01012348,35 to 49,152,0,152
S01012348,50 to 64,150,5,145
S01012348,65 and over,190,0,190
S01012349,All people aged 3 and over,867,2,865
S01012349,3 to 15,121,0,121
S01012349,16 to 24,94,0,94
S01012349,25 to 34,92,0,92
S01012349,35 to 49,179,0,179
S01012349,50 to 64,187,2,185
S01012349,65 and over,194,0,194
S01012350,All people aged 3 and over,745,8,737
S01012350,3 to 15,120,0,120
S01012350,16 to 24,77,2,75
S01012350,25 to 34,66,2,64
S01012350,35 to 49,144,1,143
S01012350,50 to 64,154,2,152
S01012350,65 and over,184,1,183
S01012351,All people aged 3 and over,818,2,816
S01012351,3 to 15,144,0,144
S01012351,16 to 24,88,0,88
S01012351,25 to 34,93,1,92
S01012351,35 to 49,203,1,202
S01012351,50 to 64,146,0,146
S01012351,65 and over,144,0,144
S01012352,All people aged 3 and over,738,3,735
S01012352,3 to 15,108,1,107
S01012352,16 to 24,57,1,56
S01012352,25 to 34,68,1,67
S01012352,35 to 49,168,0,168
S01012352,50 to 64,156,0,156
S01012352,65 and over,181,0,181
S01012353,All people aged 3 and over,729,11,718
S01012353,3 to 15,59,0,59
S01012353,16 to 24,102,1,101
S01012353,25 to 34,89,2,87
S01012353,35 to 49,142,2,140
S01012353,50 to 64,153,4,149
S01012353,65 and over,184,2,182
S01012354,All people aged 3 and over,758,5,753
S01012354,3 to 15,90,0,90
S01012354,16 to 24,55,1,54
S01012354,25 to 34,54,0,54
S01012354,35 to 49,159,0,159
S01012354,50 to 64,164,2,162
S01012354,65 and over,236,2,234
S01012355,All people aged 3 and over,869,2,867
S01012355,3 to 15,101,0,101
S01012355,16 to 24,85,0,85
S01012355,25 to 34,58,0,58
S01012355,35 to 49,163,0,163
S01012355,50 to 64,305,1,304
S01012355,65 and over,157,1,156
S01012356,All people aged 3 and over,638,6,632
S01012356,3 to 15,83,0,83
S01012356,16 to 24,38,1,37
S01012356,25 to 34,39,0,39
S01012356,35 to 49,141,0,141
S01012356,50 to 64,159,4,155
S01012356,65 and over,178,1,177
S01012357,All people aged 3 and over,829,8,821
S01012357,3 to 15,89,0,89
S01012357,16 to 24,65,0,65
S01012357,25 to 34,34,1,33
S01012357,35 to 49,149,2,147
S01012357,50 to 64,293,3,290
S01012357,65 and over,199,2,197
S01012358,All people aged 3 and over,761,3,758
S01012358,3 to 15,81,0,81
S01012358,16 to 24,63,0,63
S01012358,25 to 34,59,0,59
S01012358,35 to 49,160,1,159
S01012358,50 to 64,220,1,219
S01012358,65 and over,178,1,177
S01012359,All people aged 3 and over,766,3,763
S01012359,3 to 15,147,0,147
S01012359,16 to 24,65,0,65
S01012359,25 to 34,76,1,75
S01012359,35 to 49,165,0,165
S01012359,50 to 64,180,1,179
S01012359,65 and over,133,1,132
S01012360,All people aged 3 and over,767,2,765
S01012360,3 to 15,177,0,177
S01012360,16 to 24,108,2,106
S01012360,25 to 34,100,0,100
S01012360,35 to 49,168,0,168
S01012360,50 to 64,127,0,127
S01012360,65 and over,87,0,87
S01012361,All people aged 3 and over,619,4,615
S01012361,3 to 15,132,2,130
S01012361,16 to 24,73,1,72
S01012361,25 to 34,67,1,66
S01012361,35 to 49,132,0,132
S01012361,50 to 64,127,0,127
S01012361,65 and over,88,0,88
S01012362,All people aged 3 and over,774,6,768
S01012362,3 to 15,195,1,194
S01012362,16 to 24,113,2,111
S01012362,25 to 34,120,1,119
S01012362,35 to 49,181,2,179
S01012362,50 to 64,97,0,97
S01012362,65 and over,68,0,68
S01012363,All people aged 3 and over,938,6,932
S01012363,3 to 15,93,0,93
S01012363,16 to 24,106,2,104
S01012363,25 to 34,115,1,114
S01012363,35 to 49,207,1,206
S01012363,50 to 64,193,2,191
S01012363,65 and over,224,0,224
S01012364,All people aged 3 and over,646,3,643
S01012364,3 to 15,51,0,51
S01012364,16 to 24,71,0,71
S01012364,25 to 34,79,0,79
S01012364,35 to 49,133,1,132
S01012364,50 to 64,151,0,151
S01012364,65 and over,161,2,159
S01012365,All people aged 3 and over,893,2,891
S01012365,3 to 15,101,0,101
S01012365,16 to 24,70,0,70
S01012365,25 to 34,85,0,85
S01012365,35 to 49,210,0,210
S01012365,50 to 64,214,1,213
S01012365,65 and over,213,1,212
S01012366,All people aged 3 and over,843,5,838
S01012366,3 to 15,60,0,60
S01012366,16 to 24,83,1,82
S01012366,25 to 34,110,1,109
S01012366,35 to 49,164,0,164
S01012366,50 to 64,187,0,187
S01012366,65 and over,239,3,236
S01012367,All people aged 3 and over,897,3,894
S01012367,3 to 15,110,0,110
S01012367,16 to 24,84,0,84
S01012367,25 to 34,63,1,62
S01012367,35 to 49,189,1,188
S01012367,50 to 64,223,1,222
S01012367,65 and over,228,0,228
S01012368,All people aged 3 and over,600,0,600
S01012368,3 to 15,69,0,69
S01012368,16 to 24,32,0,32
S01012368,25 to 34,39,0,39
S01012368,35 to 49,116,0,116
S01012368,50 to 64,164,0,164
S01012368,65 and over,180,0,180
S01012369,All people aged 3 and over,851,4,847
S01012369,3 to 15,125,0,125
S01012369,16 to 24,84,0,84
S01012369,25 to 34,61,1,60
S01012369,35 to 49,191,0,191
S01012369,50 to 64,196,1,195
S01012369,65 and over,194,2,192
S01012370,All people aged 3 and over,925,3,922
S01012370,3 to 15,107,1,106
S01012370,16 to 24,73,0,73
S01012370,25 to 34,95,0,95
S01012370,35 to 49,204,0,204
S01012370,50 to 64,205,1,204
S01012370,65 and over,241,1,240
S01012371,All people aged 3 and over,918,11,907
S01012371,3 to 15,105,0,105
S01012371,16 to 24,93,1,92
S01012371,25 to 34,116,2,114
S01012371,35 to 49,187,2,185
S01012371,50 to 64,159,3,156
S01012371,65 and over,258,3,255
S01012372,All people aged 3 and over,716,3,713
S01012372,3 to 15,59,0,59
S01012372,16 to 24,87,0,87
S01012372,25 to 34,77,1,76
S01012372,35 to 49,160,1,159
S01012372,50 to 64,130,1,129
S01012372,65 and over,203,0,203
S01012373,All people aged 3 and over,969,7,962
S01012373,3 to 15,121,0,121
S01012373,16 to 24,103,2,101
S01012373,25 to 34,90,0,90
S01012373,35 to 49,213,3,210
S01012373,50 to 64,229,2,227
S01012373,65 and over,213,0,213
S01012374,All people aged 3 and over,898,7,891
S01012374,3 to 15,156,2,154
S01012374,16 to 24,72,0,72
S01012374,25 to 34,88,2,86
S01012374,35 to 49,208,1,207
S01012374,50 to 64,211,2,209
S01012374,65 and over,163,0,163
S01012375,All people aged 3 and over,889,4,885
S01012375,3 to 15,134,0,134
S01012375,16 to 24,104,2,102
S01012375,25 to 34,107,0,107
S01012375,35 to 49,201,0,201
S01012375,50 to 64,169,0,169
S01012375,65 and over,174,2,172
S01012376,All people aged 3 and over,942,3,939
S01012376,3 to 15,152,0,152
S01012376,16 to 24,79,0,79
S01012376,25 to 34,44,1,43
S01012376,35 to 49,226,0,226
S01012376,50 to 64,266,0,266
S01012376,65 and over,175,2,173
S01012377,All people aged 3 and over,690,5,685
S01012377,3 to 15,82,0,82
S01012377,16 to 24,46,0,46
S01012377,25 to 34,55,0,55
S01012377,35 to 49,132,2,130
S01012377,50 to 64,203,2,201
S01012377,65 and over,172,1,171
S01012378,All people aged 3 and over,556,8,548
S01012378,3 to 15,62,0,62
S01012378,16 to 24,50,0,50
S01012378,25 to 34,40,0,40
S01012378,35 to 49,112,3,109
S01012378,50 to 64,172,4,168
S01012378,65 and over,120,1,119
S01012379,All people aged 3 and over,505,6,499
S01012379,3 to 15,78,0,78
S01012379,16 to 24,49,2,47
S01012379,25 to 34,38,0,38
S01012379,35 to 49,115,0,115
S01012379,50 to 64,119,2,117
S01012379,65 and over,106,2,104
S01012380,All people aged 3 and over,863,6,857
S01012380,3 to 15,132,0,132
S01012380,16 to 24,88,0,88
S01012380,25 to 34,94,0,94
S01012380,35 to 49,220,2,218
S01012380,50 to 64,193,1,192
S01012380,65 and over,136,3,133
S01012381,All people aged 3 and over,821,3,818
S01012381,3 to 15,108,0,108
S01012381,16 to 24,70,0,70
S01012381,25 to 34,69,0,69
S01012381,35 to 49,165,0,165
S01012381,50 to 64,154,3,151
S01012381,65 and over,255,0,255
S01012382,All people aged 3 and over,950,5,945
S01012382,3 to 15,139,0,139
S01012382,16 to 24,65,0,65
S01012382,25 to 34,71,1,70
S01012382,35 to 49,200,0,200
S01012382,50 to 64,273,3,270
S01012382,65 and over,202,1,201
S01012383,All people aged 3 and over,831,1,830
S01012383,3 to 15,97,0,97
S01012383,16 to 24,45,0,45
S01012383,25 to 34,69,0,69
S01012383,35 to 49,140,0,140
S01012383,50 to 64,227,1,226
S01012383,65 and over,253,0,253
S01012384,All people aged 3 and over,491,1,490
S01012384,3 to 15,58,0,58
S01012384,16 to 24,51,0,51
S01012384,25 to 34,58,0,58
S01012384,35 to 49,100,0,100
S01012384,50 to 64,113,1,112
S01012384,65 and over,111,0,111
S01012385,All people aged 3 and over,680,6,674
S01012385,3 to 15,85,0,85
S01012385,16 to 24,80,0,80
S01012385,25 to 34,73,1,72
S01012385,35 to 49,166,1,165
S01012385,50 to 64,175,3,172
S01012385,65 and over,101,1,100
S01012386,All people aged 3 and over,985,9,976
S01012386,3 to 15,179,0,179
S01012386,16 to 24,107,1,106
S01012386,25 to 34,117,1,116
S01012386,35 to 49,225,2,223
S01012386,50 to 64,185,1,184
S01012386,65 and over,172,4,168
S01012387,All people aged 3 and over,901,7,894
S01012387,3 to 15,146,2,144
S01012387,16 to 24,72,1,71
S01012387,25 to 34,95,1,94
S01012387,35 to 49,203,1,202
S01012387,50 to 64,213,2,211
S01012387,65 and over,172,0,172
S01012388,All people aged 3 and over,680,4,676
S01012388,3 to 15,101,0,101
S01012388,16 to 24,56,0,56
S01012388,25 to 34,62,0,62
S01012388,35 to 49,153,2,151
S01012388,50 to 64,180,1,179
S01012388,65 and over,128,1,127
S01012389,All people aged 3 and over,847,11,836
S01012389,3 to 15,186,2,184
S01012389,16 to 24,88,0,88
S01012389,25 to 34,88,1,87
S01012389,35 to 49,225,3,222
S01012389,50 to 64,169,5,164
S01012389,65 and over,91,0,91
S01012390,All people aged 3 and over,743,7,736
S01012390,3 to 15,123,1,122
S01012390,16 to 24,91,0,91
S01012390,25 to 34,63,0,63
S01012390,35 to 49,191,0,191
S01012390,50 to 64,173,5,168
S01012390,65 and over,102,1,101
S01012391,All people aged 3 and over,1058,9,1049
S01012391,3 to 15,273,1,272
S01012391,16 to 24,86,0,86
S01012391,25 to 34,111,1,110
S01012391,35 to 49,303,5,298
S01012391,50 to 64,171,1,170
S01012391,65 and over,114,1,113
S01012392,All people aged 3 and over,753,7,746
S01012392,3 to 15,147,0,147
S01012392,16 to 24,96,0,96
S01012392,25 to 34,95,0,95
S01012392,35 to 49,162,3,159
S01012392,50 to 64,153,3,150
S01012392,65 and over,100,1,99
S01012393,All people aged 3 and over,877,7,870
S01012393,3 to 15,149,0,149
S01012393,16 to 24,86,0,86
S01012393,25 to 34,105,0,105
S01012393,35 to 49,193,1,192
S01012393,50 to 64,215,6,209
S01012393,65 and over,129,0,129
S01012394,All people aged 3 and over,639,1,638
S01012394,3 to 15,108,0,108
S01012394,16 to 24,106,0,106
S01012394,25 to 34,70,1,69
S01012394,35 to 49,128,0,128
S01012394,50 to 64,119,0,119
S01012394,65 and over,108,0,108
S01012395,All people aged 3 and over,605,2,603
S01012395,3 to 15,91,0,91
S01012395,16 to 24,66,0,66
S01012395,25 to 34,83,0,83
S01012395,35 to 49,124,1,123
S01012395,50 to 64,104,0,104
S01012395,65 and over,137,1,136
S01012396,All people aged 3 and over,624,4,620
S01012396,3 to 15,91,1,90
S01012396,16 to 24,74,1,73
S01012396,25 to 34,84,1,83
S01012396,35 to 49,133,0,133
S01012396,50 to 64,117,1,116
S01012396,65 and over,125,0,125
S01012397,All people aged 3 and over,824,14,810
S01012397,3 to 15,94,1,93
S01012397,16 to 24,75,1,74
S01012397,25 to 34,85,0,85
S01012397,35 to 49,167,6,161
S01012397,50 to 64,182,5,177
S01012397,65 and over,221,1,220
S01012398,All people aged 3 and over,853,12,841
S01012398,3 to 15,85,1,84
S01012398,16 to 24,123,0,123
S01012398,25 to 34,134,1,133
S01012398,35 to 49,186,3,183
S01012398,50 to 64,163,7,156
S01012398,65 and over,162,0,162
S01012399,All people aged 3 and over,601,4,597
S01012399,3 to 15,96,0,96
S01012399,16 to 24,77,1,76
S01012399,25 to 34,74,1,73
S01012399,35 to 49,127,1,126
S01012399,50 to 64,111,1,110
S01012399,65 and over,116,0,116
S01012400,All people aged 3 and over,572,6,566
S01012400,3 to 15,85,0,85
S01012400,16 to 24,104,3,101
S01012400,25 to 34,78,2,76
S01012400,35 to 49,145,0,145
S01012400,50 to 64,78,1,77
S01012400,65 and over,82,0,82
S01012401,All people aged 3 and over,744,12,732
S01012401,3 to 15,82,0,82
S01012401,16 to 24,113,0,113
S01012401,25 to 34,112,1,111
S01012401,35 to 49,162,6,156
S01012401,50 to 64,162,5,157
S01012401,65 and over,113,0,113
S01012402,All people aged 3 and over,441,2,439
S01012402,3 to 15,89,0,89
S01012402,16 to 24,31,0,31
S01012402,25 to 34,63,1,62
S01012402,35 to 49,114,1,113
S01012402,50 to 64,104,0,104
S01012402,65 and over,40,0,40
S01012403,All people aged 3 and over,982,5,977
S01012403,3 to 15,122,0,122
S01012403,16 to 24,107,0,107
S01012403,25 to 34,137,0,137
S01012403,35 to 49,221,3,218
S01012403,50 to 64,254,1,253
S01012403,65 and over,141,1,140
S01012404,All people aged 3 and over,953,18,935
S01012404,3 to 15,127,2,125
S01012404,16 to 24,98,2,96
S01012404,25 to 34,154,2,152
S01012404,35 to 49,186,7,179
S01012404,50 to 64,224,3,221
S01012404,65 and over,164,2,162
S01012405,All people aged 3 and over,684,5,679
S01012405,3 to 15,130,0,130
S01012405,16 to 24,66,1,65
S01012405,25 to 34,71,0,71
S01012405,35 to 49,213,4,209
S01012405,50 to 64,120,0,120
S01012405,65 and over,84,0,84
S01012406,All people aged 3 and over,598,5,593
S01012406,3 to 15,98,0,98
S01012406,16 to 24,58,0,58
S01012406,25 to 34,81,2,79
S01012406,35 to 49,123,0,123
S01012406,50 to 64,140,3,137
S01012406,65 and over,98,0,98
S01012407,All people aged 3 and over,779,5,774
S01012407,3 to 15,140,0,140
S01012407,16 to 24,84,2,82
S01012407,25 to 34,95,0,95
S01012407,35 to 49,196,0,196
S01012407,50 to 64,145,3,142
S01012407,65 and over,119,0,119
S01012408,All people aged 3 and over,624,4,620
S01012408,3 to 15,122,2,120
S01012408,16 to 24,78,0,78
S01012408,25 to 34,44,0,44
S01012408,35 to 49,152,2,150
S01012408,50 to 64,125,0,125
S01012408,65 and over,103,0,103
S01012409,All people aged 3 and over,676,2,674
S01012409,3 to 15,113,0,113
S01012409,16 to 24,59,0,59
S01012409,25 to 34,81,0,81
S01012409,35 to 49,136,1,135
S01012409,50 to 64,152,0,152
S01012409,65 and over,135,1,134
S01012410,All people aged 3 and over,1022,12,1010
S01012410,3 to 15,179,5,174
S01012410,16 to 24,139,0,139
S01012410,25 to 34,129,0,129
S01012410,35 to 49,230,2,228
S01012410,50 to 64,216,4,212
S01012410,65 and over,129,1,128
S01012411,All people aged 3 and over,919,10,909
S01012411,3 to 15,156,1,155
S01012411,16 to 24,122,1,121
S01012411,25 to 34,121,1,120
S01012411,35 to 49,218,4,214
S01012411,50 to 64,197,3,194
S01012411,65 and over,105,0,105
S01012412,All people aged 3 and over,621,0,621
S01012412,3 to 15,81,0,81
S01012412,16 to 24,67,0,67
S01012412,25 to 34,80,0,80
S01012412,35 to 49,115,0,115
S01012412,50 to 64,168,0,168
S01012412,65 and over,110,0,110
S01012413,All people aged 3 and over,939,5,934
S01012413,3 to 15,145,0,145
S01012413,16 to 24,53,0,53
S01012413,25 to 34,92,1,91
S01012413,35 to 49,194,1,193
S01012413,50 to 64,224,2,222
S01012413,65 and over,231,1,230
S01012414,All people aged 3 and over,675,3,672
S01012414,3 to 15,86,1,85
S01012414,16 to 24,48,0,48
S01012414,25 to 34,47,0,47
S01012414,35 to 49,134,1,133
S01012414,50 to 64,188,1,187
S01012414,65 and over,172,0,172
S01012415,All people aged 3 and over,553,0,553
S01012415,3 to 15,102,0,102
S01012415,16 to 24,62,0,62
S01012415,25 to 34,65,0,65
S01012415,35 to 49,109,0,109
S01012415,50 to 64,99,0,99
S01012415,65 and over,116,0,116
S01012416,All people aged 3 and over,539,4,535
S01012416,3 to 15,83,1,82
S01012416,16 to 24,55,2,53
S01012416,25 to 34,57,0,57
S01012416,35 to 49,101,0,101
S01012416,50 to 64,113,1,112
S01012416,65 and over,130,0,130
S01012417,All people aged 3 and over,621,4,617
S01012417,3 to 15,77,0,77
S01012417,16 to 24,41,0,41
S01012417,25 to 34,59,0,59
S01012417,35 to 49,99,2,97
S01012417,50 to 64,162,0,162
S01012417,65 and over,183,2,181
S01012418,All people aged 3 and over,774,3,771
S01012418,3 to 15,94,0,94
S01012418,16 to 24,69,1,68
S01012418,25 to 34,57,0,57
S01012418,35 to 49,155,1,154
S01012418,50 to 64,211,0,211
S01012418,65 and over,188,1,187
S01012419,All people aged 3 and over,789,4,785
S01012419,3 to 15,111,0,111
S01012419,16 to 24,58,0,58
S01012419,25 to 34,60,0,60
S01012419,35 to 49,164,0,164
S01012419,50 to 64,171,1,170
S01012419,65 and over,225,3,222
S01012420,All people aged 3 and over,823,9,814
S01012420,3 to 15,129,0,129
S01012420,16 to 24,102,0,102
S01012420,25 to 34,71,0,71
S01012420,35 to 49,176,1,175
S01012420,50 to 64,185,5,180
S01012420,65 and over,160,3,157
S01012421,All people aged 3 and over,715,4,711
S01012421,3 to 15,86,0,86
S01012421,16 to 24,85,0,85
S01012421,25 to 34,56,0,56
S01012421,35 to 49,159,0,159
S01012421,50 to 64,157,2,155
S01012421,65 and over,172,2,170
S01012422,All people aged 3 and over,842,7,835
S01012422,3 to 15,117,0,117
S01012422,16 to 24,65,0,65
S01012422,25 to 34,66,1,65
S01012422,35 to 49,175,1,174
S01012422,50 to 64,232,4,228
S01012422,65 and over,187,1,186
S01012423,All people aged 3 and over,806,2,804
S01012423,3 to 15,110,0,110
S01012423,16 to 24,80,0,80
S01012423,25 to 34,60,0,60
S01012423,35 to 49,173,0,173
S01012423,50 to 64,216,2,214
S01012423,65 and over,167,0,167
S01012424,All people aged 3 and over,918,5,913
S01012424,3 to 15,166,1,165
S01012424,16 to 24,83,0,83
S01012424,25 to 34,120,0,120
S01012424,35 to 49,186,2,184
S01012424,50 to 64,201,1,200
S01012424,65 and over,162,1,161
S01012425,All people aged 3 and over,599,6,593
S01012425,3 to 15,102,2,100
S01012425,16 to 24,56,1,55
S01012425,25 to 34,66,0,66
S01012425,35 to 49,114,1,113
S01012425,50 to 64,120,2,118
S01012425,65 and over,141,0,141
S01012426,All people aged 3 and over,474,5,469
S01012426,3 to 15,91,0,91
S01012426,16 to 24,60,1,59
S01012426,25 to 34,57,0,57
S01012426,35 to 49,101,2,99
S01012426,50 to 64,81,0,81
S01012426,65 and over,84,2,82
S01012427,All people aged 3 and over,645,3,642
S01012427,3 to 15,122,0,122
S01012427,16 to 24,82,0,82
S01012427,25 to 34,78,0,78
S01012427,35 to 49,135,1,134
S01012427,50 to 64,116,0,116
S01012427,65 and over,112,2,110
S01012428,All people aged 3 and over,638,5,633
S01012428,3 to 15,99,0,99
S01012428,16 to 24,58,0,58
S01012428,25 to 34,59,0,59
S01012428,35 to 49,137,1,136
S01012428,50 to 64,148,1,147
S01012428,65 and over,137,3,134
S01012429,All people aged 3 and over,546,5,541
S01012429,3 to 15,80,0,80
S01012429,16 to 24,45,0,45
S01012429,25 to 34,40,0,40
S01012429,35 to 49,98,1,97
S01012429,50 to 64,138,2,136
S01012429,65 and over,145,2,143
S01012430,All people aged 3 and over,540,7,533
S01012430,3 to 15,65,0,65
S01012430,16 to 24,47,0,47
S01012430,25 to 34,45,0,45
S01012430,35 to 49,131,2,129
S01012430,50 to 64,114,2,112
S01012430,65 and over,138,3,135
S01012431,All people aged 3 and over,903,12,891
S01012431,3 to 15,113,0,113
S01012431,16 to 24,88,0,88
S01012431,25 to 34,52,2,50
S01012431,35 to 49,154,1,153
S01012431,50 to 64,217,6,211
S01012431,65 and over,279,3,276
S01012432,All people aged 3 and over,699,2,697
S01012432,3 to 15,77,0,77
S01012432,16 to 24,71,0,71
S01012432,25 to 34,41,0,41
S01012432,35 to 49,130,0,130
S01012432,50 to 64,162,1,161
S01012432,65 and over,218,1,217
S01012433,All people aged 3 and over,492,0,492
S01012433,3 to 15,52,0,52
S01012433,16 to 24,45,0,45
S01012433,25 to 34,46,0,46
S01012433,35 to 49,108,0,108
S01012433,50 to 64,112,0,112
S01012433,65 and over,129,0,129
S01012434,All people aged 3 and over,690,3,687
S01012434,3 to 15,112,0,112
S01012434,16 to 24,78,0,78
S01012434,25 to 34,94,0,94
S01012434,35 to 49,147,1,146
S01012434,50 to 64,125,2,123
S01012434,65 and over,134,0,134
S01012435,All people aged 3 and over,616,6,610
S01012435,3 to 15,89,0,89
S01012435,16 to 24,86,1,85
S01012435,25 to 34,85,3,82
S01012435,35 to 49,136,1,135
S01012435,50 to 64,124,0,124
S01012435,65 and over,96,1,95
S01012436,All people aged 3 and over,715,2,713
S01012436,3 to 15,120,0,120
S01012436,16 to 24,90,1,89
S01012436,25 to 34,84,0,84
S01012436,35 to 49,169,0,169
S01012436,50 to 64,131,1,130
S01012436,65 and over,121,0,121
S01012437,All people aged 3 and over,710,2,708
S01012437,3 to 15,94,0,94
S01012437,16 to 24,79,0,79
S01012437,25 to 34,69,0,69
S01012437,35 to 49,146,0,146
S01012437,50 to 64,177,1,176
S01012437,65 and over,145,1,144
S01012438,All people aged 3 and over,672,2,670
S01012438,3 to 15,138,0,138
S01012438,16 to 24,78,1,77
S01012438,25 to 34,91,0,91
S01012438,35 to 49,152,0,152
S01012438,50 to 64,136,1,135
S01012438,65 and over,77,0,77
S01012439,All people aged 3 and over,762,2,760
S01012439,3 to 15,117,0,117
S01012439,16 to 24,79,0,79
S01012439,25 to 34,104,1,103
S01012439,35 to 49,135,0,135
S01012439,50 to 64,161,0,161
S01012439,65 and over,166,1,165
S01012440,All people aged 3 and over,514,5,509
S01012440,3 to 15,70,0,70
S01012440,16 to 24,47,0,47
S01012440,25 to 34,41,1,40
S01012440,35 to 49,96,0,96
S01012440,50 to 64,162,1,161
S01012440,65 and over,98,3,95
S01012441,All people aged 3 and over,871,9,862
S01012441,3 to 15,107,0,107
S01012441,16 to 24,79,0,79
S01012441,25 to 34,59,0,59
S01012441,35 to 49,163,1,162
S01012441,50 to 64,301,5,296
S01012441,65 and over,162,3,159
S01012442,All people aged 3 and over,967,15,952
S01012442,3 to 15,159,1,158
S01012442,16 to 24,85,0,85
S01012442,25 to 34,104,1,103
S01012442,35 to 49,239,7,232
S01012442,50 to 64,213,4,209
S01012442,65 and over,167,2,165
S01012443,All people aged 3 and over,713,6,707
S01012443,3 to 15,97,0,97
S01012443,16 to 24,68,0,68
S01012443,25 to 34,76,1,75
S01012443,35 to 49,191,0,191
S01012443,50 to 64,160,3,157
S01012443,65 and over,121,2,119
S01012444,All people aged 3 and over,802,5,797
S01012444,3 to 15,90,0,90
S01012444,16 to 24,75,0,75
S01012444,25 to 34,63,1,62
S01012444,35 to 49,163,1,162
S01012444,50 to 64,215,1,214
S01012444,65 and over,196,2,194
S01012445,All people aged 3 and over,521,1,520
S01012445,3 to 15,118,0,118
S01012445,16 to 24,57,0,57
S01012445,25 to 34,50,1,49
S01012445,35 to 49,146,0,146
S01012445,50 to 64,92,0,92
S01012445,65 and over,58,0,58
S01012446,All people aged 3 and over,488,5,483
S01012446,3 to 15,58,1,57
S01012446,16 to 24,57,1,56
S01012446,25 to 34,65,1,64
S01012446,35 to 49,95,1,94
S01012446,50 to 64,103,0,103
S01012446,65 and over,110,1,109
S01012447,All people aged 3 and over,839,5,834
S01012447,3 to 15,114,0,114
S01012447,16 to 24,88,0,88
S01012447,25 to 34,84,1,83
S01012447,35 to 49,194,1,193
S01012447,50 to 64,187,3,184
S01012447,65 and over,172,0,172
S01012448,All people aged 3 and over,897,5,892
S01012448,3 to 15,185,2,183
S01012448,16 to 24,69,0,69
S01012448,25 to 34,88,0,88
S01012448,35 to 49,242,1,241
S01012448,50 to 64,179,2,177
S01012448,65 and over,134,0,134
S01012449,All people aged 3 and over,551,3,548
S01012449,3 to 15,69,0,69
S01012449,16 to 24,68,0,68
S01012449,25 to 34,84,1,83
S01012449,35 to 49,134,2,132
S01012449,50 to 64,106,0,106
S01012449,65 and over,90,0,90
S01012450,All people aged 3 and over,830,2,828
S01012450,3 to 15,130,0,130
S01012450,16 to 24,84,0,84
S01012450,25 to 34,60,0,60
S01012450,35 to 49,204,0,204
S01012450,50 to 64,206,2,204
S01012450,65 and over,146,0,146
S01012451,All people aged 3 and over,905,4,901
S01012451,3 to 15,118,0,118
S01012451,16 to 24,51,0,51
S01012451,25 to 34,27,0,27
S01012451,35 to 49,156,0,156
S01012451,50 to 64,206,1,205
S01012451,65 and over,347,3,344
S01012452,All people aged 3 and over,577,3,574
S01012452,3 to 15,72,0,72
S01012452,16 to 24,42,0,42
S01012452,25 to 34,47,0,47
S01012452,35 to 49,100,0,100
S01012452,50 to 64,128,1,127
S01012452,65 and over,188,2,186
S01012453,All people aged 3 and over,840,4,836
S01012453,3 to 15,141,0,141
S01012453,16 to 24,53,1,52
S01012453,25 to 34,48,0,48
S01012453,35 to 49,164,1,163
S01012453,50 to 64,228,1,227
S01012453,65 and over,206,1,205
S01012454,All people aged 3 and over,656,5,651
S01012454,3 to 15,78,0,78
S01012454,16 to 24,54,1,53
S01012454,25 to 34,21,1,20
S01012454,35 to 49,117,0,117
S01012454,50 to 64,159,1,158
S01012454,65 and over,227,2,225
S01012455,All people aged 3 and over,596,4,592
S01012455,3 to 15,98,0,98
S01012455,16 to 24,39,0,39
S01012455,25 to 34,28,0,28
S01012455,35 to 49,122,1,121
S01012455,50 to 64,155,3,152
S01012455,65 and over,154,0,154
S01012456,All people aged 3 and over,767,0,767
S01012456,3 to 15,118,0,118
S01012456,16 to 24,59,0,59
S01012456,25 to 34,36,0,36
S01012456,35 to 49,127,0,127
S01012456,50 to 64,203,0,203
S01012456,65 and over,224,0,224
S01012457,All people aged 3 and over,832,7,825
S01012457,3 to 15,75,0,75
S01012457,16 to 24,49,0,49
S01012457,25 to 34,33,0,33
S01012457,35 to 49,118,1,117
S01012457,50 to 64,272,1,271
S01012457,65 and over,285,5,280
S01012458,All people aged 3 and over,790,7,783
S01012458,3 to 15,121,0,121
S01012458,16 to 24,73,0,73
S01012458,25 to 34,34,0,34
S01012458,35 to 49,157,1,156
S01012458,50 to 64,192,1,191
S01012458,65 and over,213,5,208
S01012459,All people aged 3 and over,708,4,704
S01012459,3 to 15,124,1,123
S01012459,16 to 24,75,0,75
S01012459,25 to 34,72,0,72
S01012459,35 to 49,179,0,179
S01012459,50 to 64,151,1,150
S01012459,65 and over,107,2,105
S01012460,All people aged 3 and over,536,6,530
S01012460,3 to 15,63,1,62
S01012460,16 to 24,41,0,41
S01012460,25 to 34,35,1,34
S01012460,35 to 49,93,0,93
S01012460,50 to 64,142,1,141
S01012460,65 and over,162,3,159
S01012461,All people aged 3 and over,533,3,530
S01012461,3 to 15,83,1,82
S01012461,16 to 24,53,0,53
S01012461,25 to 34,69,0,69
S01012461,35 to 49,108,0,108
S01012461,50 to 64,101,0,101
S01012461,65 and over,119,2,117
S01012462,All people aged 3 and over,732,8,724
S01012462,3 to 15,79,2,77
S01012462,16 to 24,97,1,96
S01012462,25 to 34,74,0,74
S01012462,35 to 49,169,3,166
S01012462,50 to 64,142,2,140
S01012462,65 and over,171,0,171
S01012463,All people aged 3 and over,555,5,550
S01012463,3 to 15,75,0,75
S01012463,16 to 24,76,0,76
S01012463,25 to 34,69,2,67
S01012463,35 to 49,131,1,130
S01012463,50 to 64,115,1,114
S01012463,65 and over,89,1,88
S01012464,All people aged 3 and over,602,2,600
S01012464,3 to 15,111,0,111
S01012464,16 to 24,76,0,76
S01012464,25 to 34,83,0,83
S01012464,35 to 49,134,1,133
S01012464,50 to 64,150,1,149
S01012464,65 and over,48,0,48
S01012465,All people aged 3 and over,677,0,677
S01012465,3 to 15,111,0,111
S01012465,16 to 24,76,0,76
S01012465,25 to 34,99,0,99
S01012465,35 to 49,139,0,139
S01012465,50 to 64,161,0,161
S01012465,65 and over,91,0,91
S01012466,All people aged 3 and over,759,6,753
S01012466,3 to 15,86,0,86
S01012466,16 to 24,97,0,97
S01012466,25 to 34,68,0,68
S01012466,35 to 49,131,1,130
S01012466,50 to 64,186,1,185
S01012466,65 and over,191,4,187
S01012467,All people aged 3 and over,682,2,680
S01012467,3 to 15,120,0,120
S01012467,16 to 24,69,0,69
S01012467,25 to 34,81,0,81
S01012467,35 to 49,154,1,153
S01012467,50 to 64,123,1,122
S01012467,65 and over,135,0,135
S01012468,All people aged 3 and over,737,4,733
S01012468,3 to 15,119,0,119
S01012468,16 to 24,79,1,78
S01012468,25 to 34,73,1,72
S01012468,35 to 49,159,0,159
S01012468,50 to 64,158,2,156
S01012468,65 and over,149,0,149
S01012469,All people aged 3 and over,779,12,767
S01012469,3 to 15,103,0,103
S01012469,16 to 24,53,1,52
S01012469,25 to 34,37,2,35
S01012469,35 to 49,141,1,140
S01012469,50 to 64,226,6,220
S01012469,65 and over,219,2,217
S01012470,All people aged 3 and over,935,3,932
S01012470,3 to 15,108,0,108
S01012470,16 to 24,87,0,87
S01012470,25 to 34,95,1,94
S01012470,35 to 49,179,0,179
S01012470,50 to 64,218,0,218
S01012470,65 and over,248,2,246
S01012471,All people aged 3 and over,820,8,812
S01012471,3 to 15,88,0,88
S01012471,16 to 24,70,0,70
S01012471,25 to 34,30,0,30
S01012471,35 to 49,146,0,146
S01012471,50 to 64,221,6,215
S01012471,65 and over,265,2,263
S01012472,All people aged 3 and over,707,10,697
S01012472,3 to 15,93,3,90
S01012472,16 to 24,48,2,46
S01012472,25 to 34,41,0,41
S01012472,35 to 49,110,1,109
S01012472,50 to 64,170,1,169
S01012472,65 and over,245,3,242
S01012473,All people aged 3 and over,548,2,546
S01012473,3 to 15,78,0,78
S01012473,16 to 24,54,1,53
S01012473,25 to 34,32,0,32
S01012473,35 to 49,109,0,109
S01012473,50 to 64,157,0,157
S01012473,65 and over,118,1,117
S01012474,All people aged 3 and over,704,6,698
S01012474,3 to 15,75,0,75
S01012474,16 to 24,68,0,68
S01012474,25 to 34,45,0,45
S01012474,35 to 49,134,1,133
S01012474,50 to 64,183,1,182
S01012474,65 and over,199,4,195
S01012475,All people aged 3 and over,617,3,614
S01012475,3 to 15,59,0,59
S01012475,16 to 24,59,0,59
S01012475,25 to 34,42,0,42
S01012475,35 to 49,112,1,111
S01012475,50 to 64,152,2,150
S01012475,65 and over,193,0,193
S01012476,All people aged 3 and over,915,6,909
S01012476,3 to 15,145,0,145
S01012476,16 to 24,97,0,97
S01012476,25 to 34,120,1,119
S01012476,35 to 49,179,1,178
S01012476,50 to 64,177,2,175
S01012476,65 and over,197,2,195
S01012477,All people aged 3 and over,661,5,656
S01012477,3 to 15,90,0,90
S01012477,16 to 24,65,0,65
S01012477,25 to 34,56,0,56
S01012477,35 to 49,130,1,129
S01012477,50 to 64,195,1,194
S01012477,65 and over,125,3,122
S01012478,All people aged 3 and over,823,1,822
S01012478,3 to 15,133,0,133
S01012478,16 to 24,90,0,90
S01012478,25 to 34,95,1,94
S01012478,35 to 49,173,0,173
S01012478,50 to 64,172,0,172
S01012478,65 and over,160,0,160
S01012479,All people aged 3 and over,670,4,666
S01012479,3 to 15,116,0,116
S01012479,16 to 24,75,1,74
S01012479,25 to 34,65,0,65
S01012479,35 to 49,171,1,170
S01012479,50 to 64,160,1,159
S01012479,65 and over,83,1,82
S01012480,All people aged 3 and over,505,7,498
S01012480,3 to 15,25,1,24
S01012480,16 to 24,72,1,71
S01012480,25 to 34,99,0,99
S01012480,35 to 49,99,1,98
S01012480,50 to 64,127,2,125
S01012480,65 and over,83,2,81
S01012481,All people aged 3 and over,787,11,776
S01012481,3 to 15,73,0,73
S01012481,16 to 24,118,4,114
S01012481,25 to 34,150,3,147
S01012481,35 to 49,168,1,167
S01012481,50 to 64,163,0,163
S01012481,65 and over,115,3,112
S01012482,All people aged 3 and over,801,6,795
S01012482,3 to 15,60,0,60
S01012482,16 to 24,85,3,82
S01012482,25 to 34,100,1,99
S01012482,35 to 49,119,1,118
S01012482,50 to 64,151,1,150
S01012482,65 and over,286,0,286
S01012483,All people aged 3 and over,863,18,845
S01012483,3 to 15,52,0,52
S01012483,16 to 24,136,7,129
S01012483,25 to 34,121,4,117
S01012483,35 to 49,159,1,158
S01012483,50 to 64,196,4,192
S01012483,65 and over,199,2,197
S01012484,All people aged 3 and over,802,3,799
S01012484,3 to 15,128,0,128
S01012484,16 to 24,57,0,57
S01012484,25 to 34,61,0,61
S01012484,35 to 49,177,0,177
S01012484,50 to 64,181,1,180
S01012484,65 and over,198,2,196
S01012485,All people aged 3 and over,853,7,846
S01012485,3 to 15,110,0,110
S01012485,16 to 24,58,0,58
S01012485,25 to 34,56,1,55
S01012485,35 to 49,162,1,161
S01012485,50 to 64,206,1,205
S01012485,65 and over,261,4,257
S01012486,All people aged 3 and over,647,6,641
S01012486,3 to 15,60,0,60
S01012486,16 to 24,33,0,33
S01012486,25 to 34,18,0,18
S01012486,35 to 49,89,0,89
S01012486,50 to 64,112,2,110
S01012486,65 and over,335,4,331
S01012487,All people aged 3 and over,590,3,587
S01012487,3 to 15,61,0,61
S01012487,16 to 24,61,0,61
S01012487,25 to 34,71,1,70
S01012487,35 to 49,145,1,144
S01012487,50 to 64,145,1,144
S01012487,65 and over,107,0,107
S01012488,All people aged 3 and over,874,10,864
S01012488,3 to 15,67,0,67
S01012488,16 to 24,90,2,88
S01012488,25 to 34,94,0,94
S01012488,35 to 49,180,1,179
S01012488,50 to 64,232,3,229
S01012488,65 and over,211,4,207
S01012489,All people aged 3 and over,1001,9,992
S01012489,3 to 15,156,0,156
S01012489,16 to 24,154,1,153
S01012489,25 to 34,200,0,200
S01012489,35 to 49,216,5,211
S01012489,50 to 64,170,2,168
S01012489,65 and over,105,1,104
S01012490,All people aged 3 and over,939,10,929
S01012490,3 to 15,79,2,77
S01012490,16 to 24,139,0,139
S01012490,25 to 34,187,4,183
S01012490,35 to 49,195,2,193
S01012490,50 to 64,165,2,163
S01012490,65 and over,174,0,174
S01012491,All people aged 3 and over,416,4,412
S01012491,3 to 15,57,0,57
S01012491,16 to 24,70,0,70
S01012491,25 to 34,85,1,84
S01012491,35 to 49,89,0,89
S01012491,50 to 64,69,3,66
S01012491,65 and over,46,0,46
S01012492,All people aged 3 and over,748,8,740
S01012492,3 to 15,49,0,49
S01012492,16 to 24,132,2,130
S01012492,25 to 34,119,0,119
S01012492,35 to 49,165,0,165
S01012492,50 to 64,136,5,131
S01012492,65 and over,147,1,146
S01012493,All people aged 3 and over,647,5,642
S01012493,3 to 15,41,0,41
S01012493,16 to 24,46,0,46
S01012493,25 to 34,37,0,37
S01012493,35 to 49,85,1,84
S01012493,50 to 64,188,2,186
S01012493,65 and over,250,2,248
S01012494,All people aged 3 and over,926,8,918
S01012494,3 to 15,124,0,124
S01012494,16 to 24,172,5,167
S01012494,25 to 34,92,1,91
S01012494,35 to 49,182,0,182
S01012494,50 to 64,165,1,164
S01012494,65 and over,191,1,190
S01012495,All people aged 3 and over,986,12,974
S01012495,3 to 15,124,0,124
S01012495,16 to 24,135,4,131
S01012495,25 to 34,100,3,97
S01012495,35 to 49,210,1,209
S01012495,50 to 64,226,1,225
S01012495,65 and over,191,3,188
S01012496,All people aged 3 and over,744,3,741
S01012496,3 to 15,105,0,105
S01012496,16 to 24,101,1,100
S01012496,25 to 34,76,0,76
S01012496,35 to 49,158,1,157
S01012496,50 to 64,157,0,157
S01012496,65 and over,147,1,146
S01012497,All people aged 3 and over,478,1,477
S01012497,3 to 15,52,0,52
S01012497,16 to 24,59,0,59
S01012497,25 to 34,55,0,55
S01012497,35 to 49,105,0,105
S01012497,50 to 64,112,0,112
S01012497,65 and over,95,1,94
S01012498,All people aged 3 and over,819,2,817
S01012498,3 to 15,182,2,180
S01012498,16 to 24,117,0,117
S01012498,25 to 34,95,0,95
S01012498,35 to 49,168,0,168
S01012498,50 to 64,150,0,150
S01012498,65 and over,107,0,107
S01012499,All people aged 3 and over,736,3,733
S01012499,3 to 15,147,0,147
S01012499,16 to 24,84,0,84
S01012499,25 to 34,106,0,106
S01012499,35 to 49,154,1,153
S01012499,50 to 64,115,0,115
S01012499,65 and over,130,2,128
S01012500,All people aged 3 and over,451,1,450
S01012500,3 to 15,74,0,74
S01012500,16 to 24,68,0,68
S01012500,25 to 34,55,0,55
S01012500,35 to 49,100,1,99
S01012500,50 to 64,86,0,86
S01012500,65 and over,68,0,68
S01012501,All people aged 3 and over,575,5,570
S01012501,3 to 15,126,0,126
S01012501,16 to 24,106,0,106
S01012501,25 to 34,83,0,83
S01012501,35 to 49,129,4,125
S01012501,50 to 64,75,1,74
S01012501,65 and over,56,0,56
S01012502,All people aged 3 and over,782,2,780
S01012502,3 to 15,180,0,180
S01012502,16 to 24,132,0,132
S01012502,25 to 34,111,0,111
S01012502,35 to 49,178,1,177
S01012502,50 to 64,114,0,114
S01012502,65 and over,67,1,66
S01012503,All people aged 3 and over,616,5,611
S01012503,3 to 15,93,0,93
S01012503,16 to 24,92,1,91
S01012503,25 to 34,81,1,80
S01012503,35 to 49,123,1,122
S01012503,50 to 64,103,2,101
S01012503,65 and over,124,0,124
S01012504,All people aged 3 and over,604,2,602
S01012504,3 to 15,115,1,114
S01012504,16 to 24,74,0,74
S01012504,25 to 34,80,1,79
S01012504,35 to 49,123,0,123
S01012504,50 to 64,115,0,115
S01012504,65 and over,97,0,97
S01012505,All people aged 3 and over,981,3,978
S01012505,3 to 15,112,0,112
S01012505,16 to 24,139,0,139
S01012505,25 to 34,121,0,121
S01012505,35 to 49,195,0,195
S01012505,50 to 64,214,2,212
S01012505,65 and over,200,1,199
S01012506,All people aged 3 and over,483,0,483
S01012506,3 to 15,49,0,49
S01012506,16 to 24,47,0,47
S01012506,25 to 34,33,0,33
S01012506,35 to 49,95,0,95
S01012506,50 to 64,114,0,114
S01012506,65 and over,145,0,145
S01012507,All people aged 3 and over,914,5,909
S01012507,3 to 15,99,0,99
S01012507,16 to 24,92,0,92
S01012507,25 to 34,123,1,122
S01012507,35 to 49,196,0,196
S01012507,50 to 64,203,2,201
S01012507,65 and over,201,2,199
S01012508,All people aged 3 and over,743,6,737
S01012508,3 to 15,90,0,90
S01012508,16 to 24,65,1,64
S01012508,25 to 34,95,0,95
S01012508,35 to 49,187,3,184
S01012508,50 to 64,156,0,156
S01012508,65 and over,150,2,148
S01012509,All people aged 3 and over,533,3,530
S01012509,3 to 15,74,0,74
S01012509,16 to 24,48,0,48
S01012509,25 to 34,45,0,45
S01012509,35 to 49,124,2,122
S01012509,50 to 64,121,1,120
S01012509,65 and over,121,0,121
S01012510,All people aged 3 and over,841,3,838
S01012510,3 to 15,131,0,131
S01012510,16 to 24,68,0,68
S01012510,25 to 34,123,0,123
S01012510,35 to 49,201,2,199
S01012510,50 to 64,180,0,180
S01012510,65 and over,138,1,137
S01012511,All people aged 3 and over,611,2,609
S01012511,3 to 15,59,0,59
S01012511,16 to 24,66,0,66
S01012511,25 to 34,75,0,75
S01012511,35 to 49,135,0,135
S01012511,50 to 64,165,0,165
S01012511,65 and over,111,2,109
S01012512,All people aged 3 and over,648,2,646
S01012512,3 to 15,133,0,133
S01012512,16 to 24,76,0,76
S01012512,25 to 34,65,1,64
S01012512,35 to 49,161,1,160
S01012512,50 to 64,122,0,122
S01012512,65 and over,91,0,91
S01012513,All people aged 3 and over,531,3,528
S01012513,3 to 15,85,0,85
S01012513,16 to 24,50,0,50
S01012513,25 to 34,59,0,59
S01012513,35 to 49,123,1,122
S01012513,50 to 64,138,2,136
S01012513,65 and over,76,0,76
S01012514,All people aged 3 and over,940,4,936
S01012514,3 to 15,202,0,202
S01012514,16 to 24,83,0,83
S01012514,25 to 34,135,2,133
S01012514,35 to 49,340,0,340
S01012514,50 to 64,130,2,128
S01012514,65 and over,50,0,50
S01012515,All people aged 3 and over,596,1,595
S01012515,3 to 15,67,0,67
S01012515,16 to 24,52,0,52
S01012515,25 to 34,83,1,82
S01012515,35 to 49,112,0,112
S01012515,50 to 64,125,0,125
S01012515,65 and over,157,0,157
S01012516,All people aged 3 and over,648,7,641
S01012516,3 to 15,112,1,111
S01012516,16 to 24,58,1,57
S01012516,25 to 34,63,0,63
S01012516,35 to 49,144,2,142
S01012516,50 to 64,125,0,125
S01012516,65 and over,146,3,143
S01012517,All people aged 3 and over,816,0,816
S01012517,3 to 15,122,0,122
S01012517,16 to 24,106,0,106
S01012517,25 to 34,119,0,119
S01012517,35 to 49,184,0,184
S01012517,50 to 64,151,0,151
S01012517,65 and over,134,0,134
S01012518,All people aged 3 and over,549,2,547
S01012518,3 to 15,61,0,61
S01012518,16 to 24,57,0,57
S01012518,25 to 34,45,1,44
S01012518,35 to 49,110,0,110
S01012518,50 to 64,138,1,137
S01012518,65 and over,138,0,138
S01012519,All people aged 3 and over,499,7,492
S01012519,3 to 15,39,0,39
S01012519,16 to 24,58,0,58
S01012519,25 to 34,37,0,37
S01012519,35 to 49,113,4,109
S01012519,50 to 64,105,1,104
S01012519,65 and over,147,2,145
S01012520,All people aged 3 and over,808,11,797
S01012520,3 to 15,93,0,93
S01012520,16 to 24,71,1,70
S01012520,25 to 34,59,1,58
S01012520,35 to 49,148,3,145
S01012520,50 to 64,194,2,192
S01012520,65 and over,243,4,239
S01012521,All people aged 3 and over,504,7,497
S01012521,3 to 15,67,1,66
S01012521,16 to 24,39,0,39
S01012521,25 to 34,58,1,57
S01012521,35 to 49,132,2,130
S01012521,50 to 64,96,3,93
S01012521,65 and over,112,0,112
S01012522,All people aged 3 and over,841,3,838
S01012522,3 to 15,104,0,104
S01012522,16 to 24,76,0,76
S01012522,25 to 34,43,0,43
S01012522,35 to 49,169,1,168
S01012522,50 to 64,238,1,237
S01012522,65 and over,211,1,210
S01012523,All people aged 3 and over,841,6,835
S01012523,3 to 15,91,0,91
S01012523,16 to 24,91,0,91
S01012523,25 to 34,86,0,86
S01012523,35 to 49,162,0,162
S01012523,50 to 64,205,3,202
S01012523,65 and over,206,3,203
S01012524,All people aged 3 and over,861,10,851
S01012524,3 to 15,76,0,76
S01012524,16 to 24,52,0,52
S01012524,25 to 34,53,2,51
S01012524,35 to 49,166,1,165
S01012524,50 to 64,208,1,207
S01012524,65 and over,306,6,300
S01012525,All people aged 3 and over,698,4,694
S01012525,3 to 15,66,0,66
S01012525,16 to 24,56,0,56
S01012525,25 to 34,52,1,51
S01012525,35 to 49,169,1,168
S01012525,50 to 64,206,0,206
S01012525,65 and over,149,2,147
S01012526,All people aged 3 and over,761,7,754
S01012526,3 to 15,96,1,95
S01012526,16 to 24,65,0,65
S01012526,25 to 34,53,1,52
S01012526,35 to 49,155,2,153
S01012526,50 to 64,184,1,183
S01012526,65 and over,208,2,206
S01012527,All people aged 3 and over,606,1,605
S01012527,3 to 15,67,0,67
S01012527,16 to 24,40,0,40
S01012527,25 to 34,36,0,36
S01012527,35 to 49,106,0,106
S01012527,50 to 64,189,1,188
S01012527,65 and over,168,0,168
S01012528,All people aged 3 and over,796,6,790
S01012528,3 to 15,136,0,136
S01012528,16 to 24,111,2,109
S01012528,25 to 34,85,2,83
S01012528,35 to 49,177,1,176
S01012528,50 to 64,163,1,162
S01012528,65 and over,124,0,124
S01012529,All people aged 3 and over,713,5,708
S01012529,3 to 15,92,0,92
S01012529,16 to 24,83,0,83
S01012529,25 to 34,66,0,66
S01012529,35 to 49,150,1,149
S01012529,50 to 64,164,3,161
S01012529,65 and over,158,1,157
S01012530,All people aged 3 and over,855,4,851
S01012530,3 to 15,96,0,96
S01012530,16 to 24,72,0,72
S01012530,25 to 34,47,0,47
S01012530,35 to 49,169,0,169
S01012530,50 to 64,206,0,206
S01012530,65 and over,265,4,261
S01012531,All people aged 3 and over,731,7,724
S01012531,3 to 15,110,0,110
S01012531,16 to 24,69,0,69
S01012531,25 to 34,83,3,80
S01012531,35 to 49,196,3,193
S01012531,50 to 64,139,1,138
S01012531,65 and over,134,0,134
S01012532,All people aged 3 and over,767,4,763
S01012532,3 to 15,107,2,105
S01012532,16 to 24,70,0,70
S01012532,25 to 34,74,1,73
S01012532,35 to 49,182,0,182
S01012532,50 to 64,177,1,176
S01012532,65 and over,157,0,157
S01012533,All people aged 3 and over,522,4,518
S01012533,3 to 15,55,0,55
S01012533,16 to 24,51,2,49
S01012533,25 to 34,90,1,89
S01012533,35 to 49,96,1,95
S01012533,50 to 64,101,0,101
S01012533,65 and over,129,0,129
S01012534,All people aged 3 and over,610,1,609
S01012534,3 to 15,73,0,73
S01012534,16 to 24,53,0,53
S01012534,25 to 34,64,0,64
S01012534,35 to 49,132,0,132
S01012534,50 to 64,106,0,106
S01012534,65 and over,182,1,181
S01012535,All people aged 3 and over,784,0,784
S01012535,3 to 15,99,0,99
S01012535,16 to 24,99,0,99
S01012535,25 to 34,98,0,98
S01012535,35 to 49,181,0,181
S01012535,50 to 64,161,0,161
S01012535,65 and over,146,0,146
S01012536,All people aged 3 and over,724,2,722
S01012536,3 to 15,101,0,101
S01012536,16 to 24,106,1,105
S01012536,25 to 34,80,0,80
S01012536,35 to 49,163,0,163
S01012536,50 to 64,148,1,147
S01012536,65 and over,126,0,126
S01012537,All people aged 3 and over,764,6,758
S01012537,3 to 15,90,0,90
S01012537,16 to 24,137,3,134
S01012537,25 to 34,88,2,86
S01012537,35 to 49,136,0,136
S01012537,50 to 64,155,1,154
S01012537,65 and over,158,0,158
S01012538,All people aged 3 and over,1094,11,1083
S01012538,3 to 15,185,0,185
S01012538,16 to 24,114,2,112
S01012538,25 to 34,149,2,147
S01012538,35 to 49,231,2,229
S01012538,50 to 64,173,0,173
S01012538,65 and over,242,5,237
S01012539,All people aged 3 and over,684,1,683
S01012539,3 to 15,100,0,100
S01012539,16 to 24,70,0,70
S01012539,25 to 34,58,0,58
S01012539,35 to 49,155,0,155
S01012539,50 to 64,160,1,159
S01012539,65 and over,141,0,141
S01012540,All people aged 3 and over,689,0,689
S01012540,3 to 15,121,0,121
S01012540,16 to 24,94,0,94
S01012540,25 to 34,75,0,75
S01012540,35 to 49,166,0,166
S01012540,50 to 64,116,0,116
S01012540,65 and over,117,0,117
S01012541,All people aged 3 and over,1038,11,1027
S01012541,3 to 15,179,1,178
S01012541,16 to 24,93,1,92
S01012541,25 to 34,124,1,123
S01012541,35 to 49,247,4,243
S01012541,50 to 64,228,3,225
S01012541,65 and over,167,1,166
S01012542,All people aged 3 and over,917,6,911
S01012542,3 to 15,120,1,119
S01012542,16 to 24,85,1,84
S01012542,25 to 34,58,0,58
S01012542,35 to 49,199,0,199
S01012542,50 to 64,229,3,226
S01012542,65 and over,226,1,225
S01012543,All people aged 3 and over,665,8,657
S01012543,3 to 15,116,0,116
S01012543,16 to 24,56,1,55
S01012543,25 to 34,46,0,46
S01012543,35 to 49,188,2,186
S01012543,50 to 64,163,0,163
S01012543,65 and over,96,5,91
S01012544,All people aged 3 and over,822,7,815
S01012544,3 to 15,152,0,152
S01012544,16 to 24,52,0,52
S01012544,25 to 34,75,0,75
S01012544,35 to 49,206,0,206
S01012544,50 to 64,163,4,159
S01012544,65 and over,174,3,171
S01012545,All people aged 3 and over,449,1,448
S01012545,3 to 15,72,0,72
S01012545,16 to 24,41,0,41
S01012545,25 to 34,53,0,53
S01012545,35 to 49,104,0,104
S01012545,50 to 64,96,0,96
S01012545,65 and over,83,1,82
S01012546,All people aged 3 and over,776,7,769
S01012546,3 to 15,128,0,128
S01012546,16 to 24,80,1,79
S01012546,25 to 34,84,0,84
S01012546,35 to 49,200,1,199
S01012546,50 to 64,162,3,159
S01012546,65 and over,122,2,120
S01012547,All people aged 3 and over,730,1,729
S01012547,3 to 15,103,0,103
S01012547,16 to 24,54,0,54
S01012547,25 to 34,50,0,50
S01012547,35 to 49,153,1,152
S01012547,50 to 64,183,0,183
S01012547,65 and over,187,0,187
S01012548,All people aged 3 and over,819,4,815
S01012548,3 to 15,107,0,107
S01012548,16 to 24,46,0,46
S01012548,25 to 34,51,0,51
S01012548,35 to 49,182,1,181
S01012548,50 to 64,215,1,214
S01012548,65 and over,218,2,216
S01012549,All people aged 3 and over,512,5,507
S01012549,3 to 15,74,0,74
S01012549,16 to 24,60,0,60
S01012549,25 to 34,89,1,88
S01012549,35 to 49,115,2,113
S01012549,50 to 64,92,0,92
S01012549,65 and over,82,2,80
S01012550,All people aged 3 and over,796,7,789
S01012550,3 to 15,126,0,126
S01012550,16 to 24,100,0,100
S01012550,25 to 34,73,1,72
S01012550,35 to 49,177,4,173
S01012550,50 to 64,174,0,174
S01012550,65 and over,146,2,144
S01012551,All people aged 3 and over,794,3,791
S01012551,3 to 15,117,0,117
S01012551,16 to 24,86,0,86
S01012551,25 to 34,69,0,69
S01012551,35 to 49,171,0,171
S01012551,50 to 64,199,1,198
S01012551,65 and over,152,2,150
S01012552,All people aged 3 and over,887,2,885
S01012552,3 to 15,126,0,126
S01012552,16 to 24,91,0,91
S01012552,25 to 34,61,0,61
S01012552,35 to 49,192,2,190
S01012552,50 to 64,250,0,250
S01012552,65 and over,167,0,167
S01012553,All people aged 3 and over,798,5,793
S01012553,3 to 15,146,0,146
S01012553,16 to 24,79,1,78
S01012553,25 to 34,105,0,105
S01012553,35 to 49,228,3,225
S01012553,50 to 64,176,1,175
S01012553,65 and over,64,0,64
S01012554,All people aged 3 and over,451,0,451
S01012554,3 to 15,64,0,64
S01012554,16 to 24,53,0,53
S01012554,25 to 34,33,0,33
S01012554,35 to 49,95,0,95
S01012554,50 to 64,123,0,123
S01012554,65 and over,83,0,83
S01012555,All people aged 3 and over,528,1,527
S01012555,3 to 15,91,0,91
S01012555,16 to 24,58,0,58
S01012555,25 to 34,48,0,48
S01012555,35 to 49,124,1,123
S01012555,50 to 64,139,0,139
S01012555,65 and over,68,0,68
S01012556,All people aged 3 and over,543,2,541
S01012556,3 to 15,57,0,57
S01012556,16 to 24,68,0,68
S01012556,25 to 34,34,0,34
S01012556,35 to 49,84,0,84
S01012556,50 to 64,192,1,191
S01012556,65 and over,108,1,107
S01012557,All people aged 3 and over,625,4,621
S01012557,3 to 15,92,0,92
S01012557,16 to 24,55,0,55
S01012557,25 to 34,32,0,32
S01012557,35 to 49,109,1,108
S01012557,50 to 64,173,1,172
S01012557,65 and over,164,2,162
S01012558,All people aged 3 and over,559,0,559
S01012558,3 to 15,70,0,70
S01012558,16 to 24,69,0,69
S01012558,25 to 34,78,0,78
S01012558,35 to 49,140,0,140
S01012558,50 to 64,117,0,117
S01012558,65 and over,85,0,85
S01012559,All people aged 3 and over,736,4,732
S01012559,3 to 15,75,0,75
S01012559,16 to 24,58,0,58
S01012559,25 to 34,109,0,109
S01012559,35 to 49,130,1,129
S01012559,50 to 64,147,2,145
S01012559,65 and over,217,1,216
S01012560,All people aged 3 and over,535,3,532
S01012560,3 to 15,89,0,89
S01012560,16 to 24,36,1,35
S01012560,25 to 34,50,0,50
S01012560,35 to 49,104,0,104
S01012560,50 to 64,94,1,93
S01012560,65 and over,162,1,161
S01012561,All people aged 3 and over,734,3,731
S01012561,3 to 15,108,0,108
S01012561,16 to 24,69,0,69
S01012561,25 to 34,61,0,61
S01012561,35 to 49,165,0,165
S01012561,50 to 64,169,1,168
S01012561,65 and over,162,2,160
S01012562,All people aged 3 and over,719,4,715
S01012562,3 to 15,78,0,78
S01012562,16 to 24,69,0,69
S01012562,25 to 34,126,1,125
S01012562,35 to 49,153,1,152
S01012562,50 to 64,147,1,146
S01012562,65 and over,146,1,145
S01012563,All people aged 3 and over,622,5,617
S01012563,3 to 15,62,0,62
S01012563,16 to 24,61,1,60
S01012563,25 to 34,22,0,22
S01012563,35 to 49,108,3,105
S01012563,50 to 64,170,1,169
S01012563,65 and over,199,0,199
S01012564,All people aged 3 and over,810,4,806
S01012564,3 to 15,107,0,107
S01012564,16 to 24,61,0,61
S01012564,25 to 34,44,0,44
S01012564,35 to 49,165,1,164
S01012564,50 to 64,202,1,201
S01012564,65 and over,231,2,229
S01012565,All people aged 3 and over,761,3,758
S01012565,3 to 15,98,0,98
S01012565,16 to 24,55,0,55
S01012565,25 to 34,44,0,44
S01012565,35 to 49,150,0,150
S01012565,50 to 64,176,1,175
S01012565,65 and over,238,2,236
S01012566,All people aged 3 and over,695,9,686
S01012566,3 to 15,53,0,53
S01012566,16 to 24,61,0,61
S01012566,25 to 34,93,0,93
S01012566,35 to 49,153,2,151
S01012566,50 to 64,151,5,146
S01012566,65 and over,184,2,182
S01012567,All people aged 3 and over,1000,12,988
S01012567,3 to 15,103,0,103
S01012567,16 to 24,103,0,103
S01012567,25 to 34,124,0,124
S01012567,35 to 49,221,5,216
S01012567,50 to 64,231,2,229
S01012567,65 and over,218,5,213
S01012568,All people aged 3 and over,603,5,598
S01012568,3 to 15,84,0,84
S01012568,16 to 24,53,0,53
S01012568,25 to 34,20,0,20
S01012568,35 to 49,108,1,107
S01012568,50 to 64,162,2,160
S01012568,65 and over,176,2,174
S01012569,All people aged 3 and over,793,13,780
S01012569,3 to 15,84,0,84
S01012569,16 to 24,80,1,79
S01012569,25 to 34,38,0,38
S01012569,35 to 49,130,6,124
S01012569,50 to 64,181,4,177
S01012569,65 and over,280,2,278
S01012570,All people aged 3 and over,443,1,442
S01012570,3 to 15,51,0,51
S01012570,16 to 24,49,0,49
S01012570,25 to 34,36,0,36
S01012570,35 to 49,113,1,112
S01012570,50 to 64,124,0,124
S01012570,65 and over,70,0,70
S01012571,All people aged 3 and over,781,5,776
S01012571,3 to 15,109,0,109
S01012571,16 to 24,80,1,79
S01012571,25 to 34,64,0,64
S01012571,35 to 49,220,1,219
S01012571,50 to 64,185,2,183
S01012571,65 and over,123,1,122
S01012572,All people aged 3 and over,499,6,493
S01012572,3 to 15,64,0,64
S01012572,16 to 24,52,0,52
S01012572,25 to 34,34,0,34
S01012572,35 to 49,124,1,123
S01012572,50 to 64,137,4,133
S01012572,65 and over,88,1,87
S01012573,All people aged 3 and over,810,4,806
S01012573,3 to 15,133,0,133
S01012573,16 to 24,43,0,43
S01012573,25 to 34,59,1,58
S01012573,35 to 49,209,2,207
S01012573,50 to 64,252,1,251
S01012573,65 and over,114,0,114
S01012574,All people aged 3 and over,858,3,855
S01012574,3 to 15,143,0,143
S01012574,16 to 24,68,0,68
S01012574,25 to 34,67,0,67
S01012574,35 to 49,207,2,205
S01012574,50 to 64,204,1,203
S01012574,65 and over,169,0,169
S01012575,All people aged 3 and over,642,7,635
S01012575,3 to 15,100,0,100
S01012575,16 to 24,56,0,56
S01012575,25 to 34,47,1,46
S01012575,35 to 49,158,3,155
S01012575,50 to 64,149,2,147
S01012575,65 and over,132,1,131
S01012576,All people aged 3 and over,750,4,746
S01012576,3 to 15,104,0,104
S01012576,16 to 24,46,0,46
S01012576,25 to 34,79,1,78
S01012576,35 to 49,154,0,154
S01012576,50 to 64,168,2,166
S01012576,65 and over,199,1,198
S01012577,All people aged 3 and over,745,3,742
S01012577,3 to 15,127,0,127
S01012577,16 to 24,50,0,50
S01012577,25 to 34,60,0,60
S01012577,35 to 49,185,0,185
S01012577,50 to 64,179,1,178
S01012577,65 and over,144,2,142
S01012578,All people aged 3 and over,969,8,961
S01012578,3 to 15,118,0,118
S01012578,16 to 24,72,0,72
S01012578,25 to 34,77,0,77
S01012578,35 to 49,185,1,184
S01012578,50 to 64,198,3,195
S01012578,65 and over,319,4,315
S01012579,All people aged 3 and over,697,7,690
S01012579,3 to 15,150,1,149
S01012579,16 to 24,76,1,75
S01012579,25 to 34,52,1,51
S01012579,35 to 49,162,3,159
S01012579,50 to 64,172,1,171
S01012579,65 and over,85,0,85
S01012580,All people aged 3 and over,730,9,721
S01012580,3 to 15,110,0,110
S01012580,16 to 24,57,0,57
S01012580,25 to 34,75,0,75
S01012580,35 to 49,186,2,184
S01012580,50 to 64,205,5,200
S01012580,65 and over,97,2,95
S01012581,All people aged 3 and over,713,3,710
S01012581,3 to 15,136,0,136
S01012581,16 to 24,96,0,96
S01012581,25 to 34,62,0,62
S01012581,35 to 49,170,0,170
S01012581,50 to 64,152,1,151
S01012581,65 and over,97,2,95
S01012582,All people aged 3 and over,890,7,883
S01012582,3 to 15,158,1,157
S01012582,16 to 24,84,0,84
S01012582,25 to 34,108,2,106
S01012582,35 to 49,234,2,232
S01012582,50 to 64,180,2,178
S01012582,65 and over,126,0,126
S01012583,All people aged 3 and over,658,4,654
S01012583,3 to 15,74,0,74
S01012583,16 to 24,74,0,74
S01012583,25 to 34,88,2,86
S01012583,35 to 49,148,1,147
S01012583,50 to 64,157,0,157
S01012583,65 and over,117,1,116
S01012584,All people aged 3 and over,729,9,720
S01012584,3 to 15,108,0,108
S01012584,16 to 24,68,0,68
S01012584,25 to 34,64,0,64
S01012584,35 to 49,189,6,183
S01012584,50 to 64,152,3,149
S01012584,65 and over,148,0,148
S01012585,All people aged 3 and over,817,9,808
S01012585,3 to 15,141,0,141
S01012585,16 to 24,94,2,92
S01012585,25 to 34,91,1,90
S01012585,35 to 49,195,4,191
S01012585,50 to 64,147,2,145
S01012585,65 and over,149,0,149
S01012586,All people aged 3 and over,913,10,903
S01012586,3 to 15,123,1,122
S01012586,16 to 24,99,0,99
S01012586,25 to 34,95,0,95
S01012586,35 to 49,290,2,288
S01012586,50 to 64,209,5,204
S01012586,65 and over,97,2,95
S01012587,All people aged 3 and over,836,5,831
S01012587,3 to 15,128,0,128
S01012587,16 to 24,85,0,85
S01012587,25 to 34,53,0,53
S01012587,35 to 49,242,4,238
S01012587,50 to 64,217,1,216
S01012587,65 and over,111,0,111
S01012588,All people aged 3 and over,618,6,612
S01012588,3 to 15,98,0,98
S01012588,16 to 24,60,0,60
S01012588,25 to 34,50,1,49
S01012588,35 to 49,182,2,180
S01012588,50 to 64,139,3,136
S01012588,65 and over,89,0,89
S01012589,All people aged 3 and over,671,2,669
S01012589,3 to 15,106,0,106
S01012589,16 to 24,83,0,83
S01012589,25 to 34,64,0,64
S01012589,35 to 49,153,0,153
S01012589,50 to 64,150,2,148
S01012589,65 and over,115,0,115
S01012590,All people aged 3 and over,751,3,748
S01012590,3 to 15,98,0,98
S01012590,16 to 24,92,0,92
S01012590,25 to 34,100,1,99
S01012590,35 to 49,158,0,158
S01012590,50 to 64,158,0,158
S01012590,65 and over,145,2,143
S01012591,All people aged 3 and over,758,6,752
S01012591,3 to 15,105,0,105
S01012591,16 to 24,69,0,69
S01012591,25 to 34,70,0,70
S01012591,35 to 49,148,2,146
S01012591,50 to 64,145,2,143
S01012591,65 and over,221,2,219
S01012592,All people aged 3 and over,541,8,533
S01012592,3 to 15,86,0,86
S01012592,16 to 24,46,1,45
S01012592,25 to 34,67,1,66
S01012592,35 to 49,141,2,139
S01012592,50 to 64,128,2,126
S01012592,65 and over,73,2,71
S01012593,All people aged 3 and over,791,4,787
S01012593,3 to 15,115,0,115
S01012593,16 to 24,91,0,91
S01012593,25 to 34,93,0,93
S01012593,35 to 49,194,2,192
S01012593,50 to 64,207,0,207
S01012593,65 and over,91,2,89
S01012594,All people aged 3 and over,450,2,448
S01012594,3 to 15,55,0,55
S01012594,16 to 24,50,0,50
S01012594,25 to 34,57,0,57
S01012594,35 to 49,89,1,88
S01012594,50 to 64,115,0,115
S01012594,65 and over,84,1,83
S01012595,All people aged 3 and over,603,5,598
S01012595,3 to 15,71,1,70
S01012595,16 to 24,63,1,62
S01012595,25 to 34,72,0,72
S01012595,35 to 49,138,1,137
S01012595,50 to 64,147,1,146
S01012595,65 and over,112,1,111
S01012596,All people aged 3 and over,757,6,751
S01012596,3 to 15,143,1,142
S01012596,16 to 24,73,0,73
S01012596,25 to 34,98,0,98
S01012596,35 to 49,198,3,195
S01012596,50 to 64,138,1,137
S01012596,65 and over,107,1,106
S01012597,All people aged 3 and over,442,1,441
S01012597,3 to 15,91,0,91
S01012597,16 to 24,43,0,43
S01012597,25 to 34,102,1,101
S01012597,35 to 49,110,0,110
S01012597,50 to 64,60,0,60
S01012597,65 and over,36,0,36
S01012598,All people aged 3 and over,652,3,649
S01012598,3 to 15,67,0,67
S01012598,16 to 24,77,0,77
S01012598,25 to 34,87,0,87
S01012598,35 to 49,125,0,125
S01012598,50 to 64,186,2,184
S01012598,65 and over,110,1,109
S01012599,All people aged 3 and over,645,3,642
S01012599,3 to 15,80,1,79
S01012599,16 to 24,57,1,56
S01012599,25 to 34,70,0,70
S01012599,35 to 49,127,1,126
S01012599,50 to 64,170,0,170
S01012599,65 and over,141,0,141
S01012600,All people aged 3 and over,669,1,668
S01012600,3 to 15,74,0,74
S01012600,16 to 24,69,0,69
S01012600,25 to 34,99,0,99
S01012600,35 to 49,139,0,139
S01012600,50 to 64,212,1,211
S01012600,65 and over,76,0,76
S01012601,All people aged 3 and over,864,7,857
S01012601,3 to 15,140,0,140
S01012601,16 to 24,89,0,89
S01012601,25 to 34,104,1,103
S01012601,35 to 49,217,2,215
S01012601,50 to 64,207,1,206
S01012601,65 and over,107,3,104
S01012602,All people aged 3 and over,579,1,578
S01012602,3 to 15,42,0,42
S01012602,16 to 24,72,0,72
S01012602,25 to 34,71,0,71
S01012602,35 to 49,96,1,95
S01012602,50 to 64,130,0,130
S01012602,65 and over,168,0,168
S01012603,All people aged 3 and over,633,2,631
S01012603,3 to 15,45,0,45
S01012603,16 to 24,68,0,68
S01012603,25 to 34,79,0,79
S01012603,35 to 49,133,0,133
S01012603,50 to 64,167,2,165
S01012603,65 and over,141,0,141
S01012604,All people aged 3 and over,651,4,647
S01012604,3 to 15,90,0,90
S01012604,16 to 24,84,1,83
S01012604,25 to 34,75,0,75
S01012604,35 to 49,111,0,111
S01012604,50 to 64,164,2,162
S01012604,65 and over,127,1,126
S01012605,All people aged 3 and over,501,4,497
S01012605,3 to 15,65,0,65
S01012605,16 to 24,49,0,49
S01012605,25 to 34,51,1,50
S01012605,35 to 49,91,0,91
S01012605,50 to 64,120,0,120
S01012605,65 and over,125,3,122
S01012606,All people aged 3 and over,735,2,733
S01012606,3 to 15,185,0,185
S01012606,16 to 24,64,0,64
S01012606,25 to 34,131,0,131
S01012606,35 to 49,273,2,271
S01012606,50 to 64,68,0,68
S01012606,65 and over,14,0,14
S01012607,All people aged 3 and over,719,5,714
S01012607,3 to 15,95,1,94
S01012607,16 to 24,84,0,84
S01012607,25 to 34,92,0,92
S01012607,35 to 49,156,2,154
S01012607,50 to 64,190,1,189
S01012607,65 and over,102,1,101
S01012608,All people aged 3 and over,778,4,774
S01012608,3 to 15,104,0,104
S01012608,16 to 24,96,0,96
S01012608,25 to 34,103,0,103
S01012608,35 to 49,169,1,168
S01012608,50 to 64,167,2,165
S01012608,65 and over,139,1,138
S01012609,All people aged 3 and over,806,1,805
S01012609,3 to 15,126,0,126
S01012609,16 to 24,84,0,84
S01012609,25 to 34,104,0,104
S01012609,35 to 49,195,0,195
S01012609,50 to 64,150,0,150
S01012609,65 and over,147,1,146
S01012610,All people aged 3 and over,897,3,894
S01012610,3 to 15,149,1,148
S01012610,16 to 24,109,1,108
S01012610,25 to 34,138,0,138
S01012610,35 to 49,198,0,198
S01012610,50 to 64,180,1,179
S01012610,65 and over,123,0,123
S01012611,All people aged 3 and over,789,8,781
S01012611,3 to 15,92,0,92
S01012611,16 to 24,101,0,101
S01012611,25 to 34,98,0,98
S01012611,35 to 49,144,0,144
S01012611,50 to 64,217,5,212
S01012611,65 and over,137,3,134
S01012612,All people aged 3 and over,735,1,734
S01012612,3 to 15,129,0,129
S01012612,16 to 24,95,0,95
S01012612,25 to 34,69,0,69
S01012612,35 to 49,154,0,154
S01012612,50 to 64,157,0,157
S01012612,65 and over,131,1,130
S01012613,All people aged 3 and over,653,2,651
S01012613,3 to 15,104,0,104
S01012613,16 to 24,78,0,78
S01012613,25 to 34,78,0,78
S01012613,35 to 49,148,0,148
S01012613,50 to 64,156,2,154
S01012613,65 and over,89,0,89
S01012614,All people aged 3 and over,1005,6,999
S01012614,3 to 15,121,0,121
S01012614,16 to 24,136,0,136
S01012614,25 to 34,123,0,123
S01012614,35 to 49,180,2,178
S01012614,50 to 64,243,3,240
S01012614,65 and over,202,1,201
S01012615,All people aged 3 and over,660,3,657
S01012615,3 to 15,88,0,88
S01012615,16 to 24,66,0,66
S01012615,25 to 34,35,0,35
S01012615,35 to 49,145,0,145
S01012615,50 to 64,177,1,176
S01012615,65 and over,149,2,147
S01012616,All people aged 3 and over,924,5,919
S01012616,3 to 15,135,0,135
S01012616,16 to 24,93,0,93
S01012616,25 to 34,76,0,76
S01012616,35 to 49,209,1,208
S01012616,50 to 64,213,4,209
S01012616,65 and over,198,0,198
S01012617,All people aged 3 and over,400,3,397
S01012617,3 to 15,46,0,46
S01012617,16 to 24,47,0,47
S01012617,25 to 34,41,1,40
S01012617,35 to 49,84,1,83
S01012617,50 to 64,98,0,98
S01012617,65 and over,84,1,83
S01012618,All people aged 3 and over,520,2,518
S01012618,3 to 15,77,0,77
S01012618,16 to 24,70,0,70
S01012618,25 to 34,45,0,45
S01012618,35 to 49,125,0,125
S01012618,50 to 64,152,1,151
S01012618,65 and over,51,1,50
S01012619,All people aged 3 and over,532,3,529
S01012619,3 to 15,42,0,42
S01012619,16 to 24,35,0,35
S01012619,25 to 34,83,0,83
S01012619,35 to 49,73,0,73
S01012619,50 to 64,151,2,149
S01012619,65 and over,148,1,147
S01012620,All people aged 3 and over,737,7,730
S01012620,3 to 15,91,0,91
S01012620,16 to 24,62,0,62
S01012620,25 to 34,47,0,47
S01012620,35 to 49,133,2,131
S01012620,50 to 64,219,1,218
S01012620,65 and over,185,4,181
S01012621,All people aged 3 and over,566,1,565
S01012621,3 to 15,54,0,54
S01012621,16 to 24,52,0,52
S01012621,25 to 34,52,0,52
S01012621,35 to 49,99,0,99
S01012621,50 to 64,151,1,150
S01012621,65 and over,158,0,158
S01012622,All people aged 3 and over,708,2,706
S01012622,3 to 15,108,0,108
S01012622,16 to 24,52,0,52
S01012622,25 to 34,89,0,89
S01012622,35 to 49,173,2,171
S01012622,50 to 64,146,0,146
S01012622,65 and over,140,0,140
S01012623,All people aged 3 and over,625,5,620
S01012623,3 to 15,70,0,70
S01012623,16 to 24,55,0,55
S01012623,25 to 34,97,1,96
S01012623,35 to 49,123,2,121
S01012623,50 to 64,162,2,160
S01012623,65 and over,118,0,118
S01012624,All people aged 3 and over,692,3,689
S01012624,3 to 15,104,0,104
S01012624,16 to 24,68,1,67
S01012624,25 to 34,92,0,92
S01012624,35 to 49,154,2,152
S01012624,50 to 64,140,0,140
S01012624,65 and over,134,0,134
S01012625,All people aged 3 and over,504,0,504
S01012625,3 to 15,49,0,49
S01012625,16 to 24,74,0,74
S01012625,25 to 34,57,0,57
S01012625,35 to 49,119,0,119
S01012625,50 to 64,106,0,106
S01012625,65 and over,99,0,99
S01012626,All people aged 3 and over,467,2,465
S01012626,3 to 15,55,0,55
S01012626,16 to 24,48,0,48
S01012626,25 to 34,42,0,42
S01012626,35 to 49,99,1,98
S01012626,50 to 64,128,0,128
S01012626,65 and over,95,1,94
S01012627,All people aged 3 and over,509,4,505
S01012627,3 to 15,78,0,78
S01012627,16 to 24,64,0,64
S01012627,25 to 34,36,0,36
S01012627,35 to 49,128,2,126
S01012627,50 to 64,122,2,120
S01012627,65 and over,81,0,81
S01012628,All people aged 3 and over,969,11,958
S01012628,3 to 15,174,0,174
S01012628,16 to 24,82,1,81
S01012628,25 to 34,98,1,97
S01012628,35 to 49,265,3,262
S01012628,50 to 64,152,1,151
S01012628,65 and over,198,5,193
S01012629,All people aged 3 and over,474,3,471
S01012629,3 to 15,73,0,73
S01012629,16 to 24,44,0,44
S01012629,25 to 34,32,0,32
S01012629,35 to 49,129,1,128
S01012629,50 to 64,104,2,102
S01012629,65 and over,92,0,92
S01012630,All people aged 3 and over,814,4,810
S01012630,3 to 15,45,0,45
S01012630,16 to 24,81,0,81
S01012630,25 to 34,81,1,80
S01012630,35 to 49,142,1,141
S01012630,50 to 64,189,2,187
S01012630,65 and over,276,0,276
S01012631,All people aged 3 and over,890,3,887
S01012631,3 to 15,163,1,162
S01012631,16 to 24,118,0,118
S01012631,25 to 34,92,0,92
S01012631,35 to 49,239,1,238
S01012631,50 to 64,171,1,170
S01012631,65 and over,107,0,107
S01012632,All people aged 3 and over,707,5,702
S01012632,3 to 15,117,0,117
S01012632,16 to 24,47,0,47
S01012632,25 to 34,59,2,57
S01012632,35 to 49,186,1,185
S01012632,50 to 64,183,1,182
S01012632,65 and over,115,1,114
S01012633,All people aged 3 and over,661,3,658
S01012633,3 to 15,93,1,92
S01012633,16 to 24,60,0,60
S01012633,25 to 34,46,0,46
S01012633,35 to 49,151,0,151
S01012633,50 to 64,189,0,189
S01012633,65 and over,122,2,120
S01012634,All people aged 3 and over,668,4,664
S01012634,3 to 15,94,0,94
S01012634,16 to 24,53,0,53
S01012634,25 to 34,63,0,63
S01012634,35 to 49,148,1,147
S01012634,50 to 64,167,3,164
S01012634,65 and over,143,0,143
S01012635,All people aged 3 and over,1035,5,1030
S01012635,3 to 15,157,1,156
S01012635,16 to 24,105,0,105
S01012635,25 to 34,102,0,102
S01012635,35 to 49,269,1,268
S01012635,50 to 64,222,1,221
S01012635,65 and over,180,2,178
S01012636,All people aged 3 and over,594,3,591
S01012636,3 to 15,92,0,92
S01012636,16 to 24,56,0,56
S01012636,25 to 34,52,0,52
S01012636,35 to 49,165,2,163
S01012636,50 to 64,129,0,129
S01012636,65 and over,100,1,99
S01012637,All people aged 3 and over,818,5,813
S01012637,3 to 15,154,0,154
S01012637,16 to 24,103,0,103
S01012637,25 to 34,118,1,117
S01012637,35 to 49,178,2,176
S01012637,50 to 64,139,1,138
S01012637,65 and over,126,1,125
S01012638,All people aged 3 and over,846,4,842
S01012638,3 to 15,123,0,123
S01012638,16 to 24,78,0,78
S01012638,25 to 34,78,0,78
S01012638,35 to 49,190,2,188
S01012638,50 to 64,188,2,186
S01012638,65 and over,189,0,189
S01012639,All people aged 3 and over,817,4,813
S01012639,3 to 15,134,0,134
S01012639,16 to 24,93,0,93
S01012639,25 to 34,114,1,113
S01012639,35 to 49,184,1,183
S01012639,50 to 64,141,0,141
S01012639,65 and over,151,2,149
S01012640,All people aged 3 and over,913,9,904
S01012640,3 to 15,138,0,138
S01012640,16 to 24,94,1,93
S01012640,25 to 34,118,2,116
S01012640,35 to 49,177,4,173
S01012640,50 to 64,212,2,210
S01012640,65 and over,174,0,174
S01012641,All people aged 3 and over,1079,2,1077
S01012641,3 to 15,135,0,135
S01012641,16 to 24,103,0,103
S01012641,25 to 34,100,0,100
S01012641,35 to 49,193,0,193
S01012641,50 to 64,169,0,169
S01012641,65 and over,379,2,377
S01012642,All people aged 3 and over,777,8,769
S01012642,3 to 15,124,0,124
S01012642,16 to 24,100,0,100
S01012642,25 to 34,90,2,88
S01012642,35 to 49,163,2,161
S01012642,50 to 64,158,3,155
S01012642,65 and over,142,1,141
S01012643,All people aged 3 and over,456,3,453
S01012643,3 to 15,81,0,81
S01012643,16 to 24,43,0,43
S01012643,25 to 34,55,3,52
S01012643,35 to 49,89,0,89
S01012643,50 to 64,108,0,108
S01012643,65 and over,80,0,80
S01012644,All people aged 3 and over,672,3,669
S01012644,3 to 15,136,0,136
S01012644,16 to 24,64,0,64
S01012644,25 to 34,82,2,80
S01012644,35 to 49,168,1,167
S01012644,50 to 64,103,0,103
S01012644,65 and over,119,0,119
S01012645,All people aged 3 and over,804,8,796
S01012645,3 to 15,120,0,120
S01012645,16 to 24,54,2,52
S01012645,25 to 34,83,0,83
S01012645,35 to 49,186,2,184
S01012645,50 to 64,171,1,170
S01012645,65 and over,190,3,187
S01012646,All people aged 3 and over,939,7,932
S01012646,3 to 15,175,1,174
S01012646,16 to 24,79,1,78
S01012646,25 to 34,72,0,72
S01012646,35 to 49,263,3,260
S01012646,50 to 64,210,2,208
S01012646,65 and over,140,0,140
S01012647,All people aged 3 and over,678,4,674
S01012647,3 to 15,149,0,149
S01012647,16 to 24,71,0,71
S01012647,25 to 34,141,0,141
S01012647,35 to 49,221,1,220
S01012647,50 to 64,78,3,75
S01012647,65 and over,18,0,18
S01012648,All people aged 3 and over,529,0,529
S01012648,3 to 15,91,0,91
S01012648,16 to 24,73,0,73
S01012648,25 to 34,63,0,63
S01012648,35 to 49,114,0,114
S01012648,50 to 64,100,0,100
S01012648,65 and over,88,0,88
S01012649,All people aged 3 and over,657,2,655
S01012649,3 to 15,107,0,107
S01012649,16 to 24,82,0,82
S01012649,25 to 34,68,1,67
S01012649,35 to 49,151,1,150
S01012649,50 to 64,135,0,135
S01012649,65 and over,114,0,114
S01012650,All people aged 3 and over,579,2,577
S01012650,3 to 15,82,0,82
S01012650,16 to 24,39,0,39
S01012650,25 to 34,62,1,61
S01012650,35 to 49,142,0,142
S01012650,50 to 64,155,1,154
S01012650,65 and over,99,0,99
S01012651,All people aged 3 and over,620,1,619
S01012651,3 to 15,97,0,97
S01012651,16 to 24,58,0,58
S01012651,25 to 34,79,1,78
S01012651,35 to 49,144,0,144
S01012651,50 to 64,112,0,112
S01012651,65 and over,130,0,130
S01012652,All people aged 3 and over,1019,4,1015
S01012652,3 to 15,136,0,136
S01012652,16 to 24,112,0,112
S01012652,25 to 34,97,0,97
S01012652,35 to 49,230,1,229
S01012652,50 to 64,287,2,285
S01012652,65 and over,157,1,156
S01012653,All people aged 3 and over,850,9,841
S01012653,3 to 15,146,2,144
S01012653,16 to 24,122,0,122
S01012653,25 to 34,104,3,101
S01012653,35 to 49,218,1,217
S01012653,50 to 64,175,2,173
S01012653,65 and over,85,1,84
S01012654,All people aged 3 and over,736,6,730
S01012654,3 to 15,122,0,122
S01012654,16 to 24,71,0,71
S01012654,25 to 34,62,0,62
S01012654,35 to 49,212,3,209
S01012654,50 to 64,153,1,152
S01012654,65 and over,116,2,114
S01012655,All people aged 3 and over,1092,3,1089
S01012655,3 to 15,128,0,128
S01012655,16 to 24,105,0,105
S01012655,25 to 34,113,2,111
S01012655,35 to 49,220,1,219
S01012655,50 to 64,258,0,258
S01012655,65 and over,268,0,268
S01012656,All people aged 3 and over,792,5,787
S01012656,3 to 15,119,0,119
S01012656,16 to 24,67,0,67
S01012656,25 to 34,101,2,99
S01012656,35 to 49,168,1,167
S01012656,50 to 64,164,0,164
S01012656,65 and over,173,2,171
S01012657,All people aged 3 and over,519,4,515
S01012657,3 to 15,64,0,64
S01012657,16 to 24,64,2,62
S01012657,25 to 34,63,0,63
S01012657,35 to 49,118,1,117
S01012657,50 to 64,86,0,86
S01012657,65 and over,124,1,123
S01012658,All people aged 3 and over,910,0,910
S01012658,3 to 15,92,0,92
S01012658,16 to 24,96,0,96
S01012658,25 to 34,84,0,84
S01012658,35 to 49,200,0,200
S01012658,50 to 64,248,0,248
S01012658,65 and over,190,0,190
S01012659,All people aged 3 and over,1013,6,1007
S01012659,3 to 15,242,1,241
S01012659,16 to 24,89,0,89
S01012659,25 to 34,115,0,115
S01012659,35 to 49,345,2,343
S01012659,50 to 64,151,2,149
S01012659,65 and over,71,1,70
S01012660,All people aged 3 and over,688,0,688
S01012660,3 to 15,97,0,97
S01012660,16 to 24,79,0,79
S01012660,25 to 34,83,0,83
S01012660,35 to 49,154,0,154
S01012660,50 to 64,155,0,155
S01012660,65 and over,120,0,120
S01012661,All people aged 3 and over,722,1,721
S01012661,3 to 15,77,0,77
S01012661,16 to 24,99,0,99
S01012661,25 to 34,61,0,61
S01012661,35 to 49,181,1,180
S01012661,50 to 64,169,0,169
S01012661,65 and over,135,0,135
S01012662,All people aged 3 and over,715,2,713
S01012662,3 to 15,82,0,82
S01012662,16 to 24,74,0,74
S01012662,25 to 34,89,0,89
S01012662,35 to 49,139,2,137
S01012662,50 to 64,165,0,165
S01012662,65 and over,166,0,166
S01012663,All people aged 3 and over,676,6,670
S01012663,3 to 15,79,2,77
S01012663,16 to 24,65,0,65
S01012663,25 to 34,62,1,61
S01012663,35 to 49,142,1,141
S01012663,50 to 64,172,0,172
S01012663,65 and over,156,2,154
S01012664,All people aged 3 and over,922,3,919
S01012664,3 to 15,107,0,107
S01012664,16 to 24,87,0,87
S01012664,25 to 34,108,1,107
S01012664,35 to 49,214,1,213
S01012664,50 to 64,183,1,182
S01012664,65 and over,223,0,223
S01012665,All people aged 3 and over,686,2,684
S01012665,3 to 15,121,0,121
S01012665,16 to 24,78,0,78
S01012665,25 to 34,83,0,83
S01012665,35 to 49,153,1,152
S01012665,50 to 64,119,0,119
S01012665,65 and over,132,1,131
S01012666,All people aged 3 and over,637,3,634
S01012666,3 to 15,84,0,84
S01012666,16 to 24,54,0,54
S01012666,25 to 34,72,0,72
S01012666,35 to 49,133,1,132
S01012666,50 to 64,147,2,145
S01012666,65 and over,147,0,147
S01012667,All people aged 3 and over,566,1,565
S01012667,3 to 15,84,0,84
S01012667,16 to 24,79,0,79
S01012667,25 to 34,71,0,71
S01012667,35 to 49,122,0,122
S01012667,50 to 64,97,0,97
S01012667,65 and over,113,1,112
S01012668,All people aged 3 and over,733,3,730
S01012668,3 to 15,136,0,136
S01012668,16 to 24,89,0,89
S01012668,25 to 34,91,0,91
S01012668,35 to 49,167,1,166
S01012668,50 to 64,141,1,140
S01012668,65 and over,109,1,108
S01012669,All people aged 3 and over,706,3,703
S01012669,3 to 15,88,1,87
S01012669,16 to 24,82,0,82
S01012669,25 to 34,61,0,61
S01012669,35 to 49,153,0,153
S01012669,50 to 64,177,1,176
S01012669,65 and over,145,1,144
S01012670,All people aged 3 and over,684,7,677
S01012670,3 to 15,71,1,70
S01012670,16 to 24,84,0,84
S01012670,25 to 34,49,0,49
S01012670,35 to 49,128,1,127
S01012670,50 to 64,182,2,180
S01012670,65 and over,170,3,167
S01012671,All people aged 3 and over,902,2,900
S01012671,3 to 15,140,0,140
S01012671,16 to 24,90,1,89
S01012671,25 to 34,108,0,108
S01012671,35 to 49,197,1,196
S01012671,50 to 64,216,0,216
S01012671,65 and over,151,0,151
S01012672,All people aged 3 and over,697,1,696
S01012672,3 to 15,109,0,109
S01012672,16 to 24,70,0,70
S01012672,25 to 34,86,0,86
S01012672,35 to 49,158,1,157
S01012672,50 to 64,150,0,150
S01012672,65 and over,124,0,124
S01012673,All people aged 3 and over,562,2,560
S01012673,3 to 15,84,0,84
S01012673,16 to 24,87,0,87
S01012673,25 to 34,60,0,60
S01012673,35 to 49,121,1,120
S01012673,50 to 64,139,1,138
S01012673,65 and over,71,0,71
S01012674,All people aged 3 and over,562,9,553
S01012674,3 to 15,121,3,118
S01012674,16 to 24,68,0,68
S01012674,25 to 34,74,1,73
S01012674,35 to 49,127,5,122
S01012674,50 to 64,99,0,99
S01012674,65 and over,73,0,73
S01012675,All people aged 3 and over,737,5,732
S01012675,3 to 15,96,0,96
S01012675,16 to 24,102,1,101
S01012675,25 to 34,90,0,90
S01012675,35 to 49,169,3,166
S01012675,50 to 64,172,0,172
S01012675,65 and over,108,1,107
S01012676,All people aged 3 and over,801,3,798
S01012676,3 to 15,167,0,167
S01012676,16 to 24,109,0,109
S01012676,25 to 34,93,0,93
S01012676,35 to 49,203,1,202
S01012676,50 to 64,137,0,137
S01012676,65 and over,92,2,90
S01012677,All people aged 3 and over,562,1,561
S01012677,3 to 15,86,0,86
S01012677,16 to 24,72,0,72
S01012677,25 to 34,58,0,58
S01012677,35 to 49,115,0,115
S01012677,50 to 64,137,1,136
S01012677,65 and over,94,0,94
S01012678,All people aged 3 and over,700,5,695
S01012678,3 to 15,125,2,123
S01012678,16 to 24,77,0,77
S01012678,25 to 34,85,0,85
S01012678,35 to 49,179,2,177
S01012678,50 to 64,155,1,154
S01012678,65 and over,79,0,79
S01012679,All people aged 3 and over,766,2,764
S01012679,3 to 15,98,0,98
S01012679,16 to 24,66,0,66
S01012679,25 to 34,80,0,80
S01012679,35 to 49,160,0,160
S01012679,50 to 64,189,0,189
S01012679,65 and over,173,2,171
S01012680,All people aged 3 and over,533,3,530
S01012680,3 to 15,96,1,95
S01012680,16 to 24,48,1,47
S01012680,25 to 34,68,0,68
S01012680,35 to 49,159,1,158
S01012680,50 to 64,84,0,84
S01012680,65 and over,78,0,78
S01012681,All people aged 3 and over,674,8,666
S01012681,3 to 15,106,4,102
S01012681,16 to 24,82,0,82
S01012681,25 to 34,81,0,81
S01012681,35 to 49,144,0,144
S01012681,50 to 64,137,2,135
S01012681,65 and over,124,2,122
S01012682,All people aged 3 and over,753,2,751
S01012682,3 to 15,88,0,88
S01012682,16 to 24,58,0,58
S01012682,25 to 34,66,1,65
S01012682,35 to 49,130,0,130
S01012682,50 to 64,167,0,167
S01012682,65 and over,244,1,243
S01012683,All people aged 3 and over,709,4,705
S01012683,3 to 15,105,0,105
S01012683,16 to 24,96,2,94
S01012683,25 to 34,95,1,94
S01012683,35 to 49,173,0,173
S01012683,50 to 64,174,0,174
S01012683,65 and over,66,1,65
S01012684,All people aged 3 and over,550,2,548
S01012684,3 to 15,109,0,109
S01012684,16 to 24,37,1,36
S01012684,25 to 34,47,1,46
S01012684,35 to 49,176,0,176
S01012684,50 to 64,100,0,100
S01012684,65 and over,81,0,81
S01012685,All people aged 3 and over,755,4,751
S01012685,3 to 15,132,0,132
S01012685,16 to 24,87,0,87
S01012685,25 to 34,68,0,68
S01012685,35 to 49,199,3,196
S01012685,50 to 64,164,1,163
S01012685,65 and over,105,0,105
S01012686,All people aged 3 and over,920,3,917
S01012686,3 to 15,126,0,126
S01012686,16 to 24,86,0,86
S01012686,25 to 34,104,0,104
S01012686,35 to 49,216,1,215
S01012686,50 to 64,205,0,205
S01012686,65 and over,183,2,181
S01012687,All people aged 3 and over,527,1,526
S01012687,3 to 15,71,0,71
S01012687,16 to 24,35,0,35
S01012687,25 to 34,25,0,25
S01012687,35 to 49,76,0,76
S01012687,50 to 64,128,1,127
S01012687,65 and over,192,0,192
S01012688,All people aged 3 and over,771,9,762
S01012688,3 to 15,79,4,75
S01012688,16 to 24,59,0,59
S01012688,25 to 34,111,3,108
S01012688,35 to 49,171,2,169
S01012688,50 to 64,157,0,157
S01012688,65 and over,194,0,194
S01012689,All people aged 3 and over,476,2,474
S01012689,3 to 15,84,2,82
S01012689,16 to 24,53,0,53
S01012689,25 to 34,29,0,29
S01012689,35 to 49,101,0,101
S01012689,50 to 64,127,0,127
S01012689,65 and over,82,0,82
S01012690,All people aged 3 and over,521,2,519
S01012690,3 to 15,97,0,97
S01012690,16 to 24,50,0,50
S01012690,25 to 34,34,0,34
S01012690,35 to 49,116,0,116
S01012690,50 to 64,139,2,137
S01012690,65 and over,85,0,85
S01012691,All people aged 3 and over,742,5,737
S01012691,3 to 15,147,0,147
S01012691,16 to 24,72,0,72
S01012691,25 to 34,58,0,58
S01012691,35 to 49,184,2,182
S01012691,50 to 64,154,1,153
S01012691,65 and over,127,2,125
S01012692,All people aged 3 and over,733,10,723
S01012692,3 to 15,108,0,108
S01012692,16 to 24,64,0,64
S01012692,25 to 34,72,0,72
S01012692,35 to 49,170,2,168
S01012692,50 to 64,160,3,157
S01012692,65 and over,159,5,154
S01012693,All people aged 3 and over,882,8,874
S01012693,3 to 15,181,3,178
S01012693,16 to 24,100,0,100
S01012693,25 to 34,45,0,45
S01012693,35 to 49,245,5,240
S01012693,50 to 64,218,0,218
S01012693,65 and over,93,0,93
S01012694,All people aged 3 and over,459,1,458
S01012694,3 to 15,96,0,96
S01012694,16 to 24,24,0,24
S01012694,25 to 34,39,0,39
S01012694,35 to 49,124,0,124
S01012694,50 to 64,96,1,95
S01012694,65 and over,80,0,80
S01012695,All people aged 3 and over,800,6,794
S01012695,3 to 15,149,0,149
S01012695,16 to 24,73,1,72
S01012695,25 to 34,83,0,83
S01012695,35 to 49,188,0,188
S01012695,50 to 64,196,3,193
S01012695,65 and over,111,2,109
S01012696,All people aged 3 and over,850,12,838
S01012696,3 to 15,116,2,114
S01012696,16 to 24,104,2,102
S01012696,25 to 34,120,3,117
S01012696,35 to 49,242,1,241
S01012696,50 to 64,165,3,162
S01012696,65 and over,103,1,102
S01012697,All people aged 3 and over,491,5,486
S01012697,3 to 15,86,0,86
S01012697,16 to 24,36,0,36
S01012697,25 to 34,38,0,38
S01012697,35 to 49,126,1,125
S01012697,50 to 64,115,1,114
S01012697,65 and over,90,3,87
S01012698,All people aged 3 and over,730,6,724
S01012698,3 to 15,77,0,77
S01012698,16 to 24,67,0,67
S01012698,25 to 34,56,0,56
S01012698,35 to 49,147,1,146
S01012698,50 to 64,226,3,223
S01012698,65 and over,157,2,155
S01012699,All people aged 3 and over,1025,6,1019
S01012699,3 to 15,178,0,178
S01012699,16 to 24,99,0,99
S01012699,25 to 34,85,0,85
S01012699,35 to 49,256,2,254
S01012699,50 to 64,250,3,247
S01012699,65 and over,157,1,156
S01012700,All people aged 3 and over,820,3,817
S01012700,3 to 15,149,0,149
S01012700,16 to 24,93,0,93
S01012700,25 to 34,54,0,54
S01012700,35 to 49,201,0,201
S01012700,50 to 64,170,1,169
S01012700,65 and over,153,2,151
S01012701,All people aged 3 and over,543,1,542
S01012701,3 to 15,76,0,76
S01012701,16 to 24,54,0,54
S01012701,25 to 34,30,0,30
S01012701,35 to 49,115,0,115
S01012701,50 to 64,139,1,138
S01012701,65 and over,129,0,129
S01012702,All people aged 3 and over,560,1,559
S01012702,3 to 15,77,0,77
S01012702,16 to 24,56,0,56
S01012702,25 to 34,106,0,106
S01012702,35 to 49,140,0,140
S01012702,50 to 64,94,1,93
S01012702,65 and over,87,0,87
S01012703,All people aged 3 and over,587,1,586
S01012703,3 to 15,123,0,123
S01012703,16 to 24,80,0,80
S01012703,25 to 34,48,0,48
S01012703,35 to 49,191,0,191
S01012703,50 to 64,116,1,115
S01012703,65 and over,29,0,29
S01012704,All people aged 3 and over,731,5,726
S01012704,3 to 15,134,0,134
S01012704,16 to 24,81,2,79
S01012704,25 to 34,124,1,123
S01012704,35 to 49,173,2,171
S01012704,50 to 64,125,0,125
S01012704,65 and over,94,0,94
S01012705,All people aged 3 and over,747,0,747
S01012705,3 to 15,163,0,163
S01012705,16 to 24,96,0,96
S01012705,25 to 34,60,0,60
S01012705,35 to 49,238,0,238
S01012705,50 to 64,148,0,148
S01012705,65 and over,42,0,42
S01012706,All people aged 3 and over,668,3,665
S01012706,3 to 15,111,0,111
S01012706,16 to 24,71,0,71
S01012706,25 to 34,96,1,95
S01012706,35 to 49,155,0,155
S01012706,50 to 64,140,0,140
S01012706,65 and over,95,2,93
S01012707,All people aged 3 and over,869,5,864
S01012707,3 to 15,141,0,141
S01012707,16 to 24,99,0,99
S01012707,25 to 34,81,1,80
S01012707,35 to 49,203,0,203
S01012707,50 to 64,239,2,237
S01012707,65 and over,106,2,104
S01012708,All people aged 3 and over,701,2,699
S01012708,3 to 15,106,0,106
S01012708,16 to 24,82,0,82
S01012708,25 to 34,84,0,84
S01012708,35 to 49,157,1,156
S01012708,50 to 64,152,1,151
S01012708,65 and over,120,0,120
S01012709,All people aged 3 and over,495,5,490
S01012709,3 to 15,65,0,65
S01012709,16 to 24,44,1,43
S01012709,25 to 34,59,0,59
S01012709,35 to 49,95,1,94
S01012709,50 to 64,110,2,108
S01012709,65 and over,122,1,121
S01012710,All people aged 3 and over,687,3,684
S01012710,3 to 15,82,0,82
S01012710,16 to 24,70,0,70
S01012710,25 to 34,77,0,77
S01012710,35 to 49,165,3,162
S01012710,50 to 64,148,0,148
S01012710,65 and over,145,0,145
S01012711,All people aged 3 and over,805,14,791
S01012711,3 to 15,89,2,87
S01012711,16 to 24,75,0,75
S01012711,25 to 34,107,4,103
S01012711,35 to 49,162,2,160
S01012711,50 to 64,179,3,176
S01012711,65 and over,193,3,190
S01012712,All people aged 3 and over,835,6,829
S01012712,3 to 15,140,0,140
S01012712,16 to 24,83,0,83
S01012712,25 to 34,59,0,59
S01012712,35 to 49,168,1,167
S01012712,50 to 64,183,3,180
S01012712,65 and over,202,2,200
S01012713,All people aged 3 and over,707,6,701
S01012713,3 to 15,93,0,93
S01012713,16 to 24,60,0,60
S01012713,25 to 34,59,0,59
S01012713,35 to 49,151,0,151
S01012713,50 to 64,159,2,157
S01012713,65 and over,185,4,181
S01012714,All people aged 3 and over,587,3,584
S01012714,3 to 15,71,0,71
S01012714,16 to 24,40,0,40
S01012714,25 to 34,40,0,40
S01012714,35 to 49,118,1,117
S01012714,50 to 64,140,1,139
S01012714,65 and over,178,1,177
S01012715,All people aged 3 and over,676,2,674
S01012715,3 to 15,52,0,52
S01012715,16 to 24,74,0,74
S01012715,25 to 34,106,0,106
S01012715,35 to 49,137,1,136
S01012715,50 to 64,142,1,141
S01012715,65 and over,165,0,165
S01012716,All people aged 3 and over,834,2,832
S01012716,3 to 15,95,0,95
S01012716,16 to 24,68,0,68
S01012716,25 to 34,66,2,64
S01012716,35 to 49,136,0,136
S01012716,50 to 64,220,0,220
S01012716,65 and over,249,0,249
S01012717,All people aged 3 and over,929,5,924
S01012717,3 to 15,60,0,60
S01012717,16 to 24,82,1,81
S01012717,25 to 34,122,2,120
S01012717,35 to 49,184,0,184
S01012717,50 to 64,213,0,213
S01012717,65 and over,268,2,266
S01012718,All people aged 3 and over,962,5,957
S01012718,3 to 15,94,0,94
S01012718,16 to 24,84,0,84
S01012718,25 to 34,143,1,142
S01012718,35 to 49,191,2,189
S01012718,50 to 64,220,2,218
S01012718,65 and over,230,0,230
S01012719,All people aged 3 and over,756,9,747
S01012719,3 to 15,61,0,61
S01012719,16 to 24,130,2,128
S01012719,25 to 34,120,1,119
S01012719,35 to 49,176,5,171
S01012719,50 to 64,138,1,137
S01012719,65 and over,131,0,131
S01012720,All people aged 3 and over,500,5,495
S01012720,3 to 15,36,0,36
S01012720,16 to 24,85,2,83
S01012720,25 to 34,124,0,124
S01012720,35 to 49,112,2,110
S01012720,50 to 64,91,0,91
S01012720,65 and over,52,1,51
S01012721,All people aged 3 and over,624,2,622
S01012721,3 to 15,86,0,86
S01012721,16 to 24,55,0,55
S01012721,25 to 34,66,0,66
S01012721,35 to 49,140,0,140
S01012721,50 to 64,135,1,134
S01012721,65 and over,142,1,141
S01012722,All people aged 3 and over,715,6,709
S01012722,3 to 15,84,0,84
S01012722,16 to 24,61,0,61
S01012722,25 to 34,124,2,122
S01012722,35 to 49,143,1,142
S01012722,50 to 64,158,1,157
S01012722,65 and over,145,2,143
S01012723,All people aged 3 and over,667,4,663
S01012723,3 to 15,95,0,95
S01012723,16 to 24,83,1,82
S01012723,25 to 34,79,0,79
S01012723,35 to 49,146,0,146
S01012723,50 to 64,129,1,128
S01012723,65 and over,135,2,133
S01012724,All people aged 3 and over,706,6,700
S01012724,3 to 15,75,0,75
S01012724,16 to 24,61,0,61
S01012724,25 to 34,119,0,119
S01012724,35 to 49,145,1,144
S01012724,50 to 64,138,0,138
S01012724,65 and over,168,5,163
S01012725,All people aged 3 and over,855,6,849
S01012725,3 to 15,88,0,88
S01012725,16 to 24,92,0,92
S01012725,25 to 34,165,0,165
S01012725,35 to 49,227,1,226
S01012725,50 to 64,139,3,136
S01012725,65 and over,144,2,142
S01012726,All people aged 3 and over,620,2,618
S01012726,3 to 15,101,0,101
S01012726,16 to 24,65,0,65
S01012726,25 to 34,53,0,53
S01012726,35 to 49,138,0,138
S01012726,50 to 64,94,0,94
S01012726,65 and over,169,2,167
S01012727,All people aged 3 and over,685,1,684
S01012727,3 to 15,119,0,119
S01012727,16 to 24,90,0,90
S01012727,25 to 34,83,0,83
S01012727,35 to 49,146,1,145
S01012727,50 to 64,142,0,142
S01012727,65 and over,105,0,105
S01012728,All people aged 3 and over,772,10,762
S01012728,3 to 15,200,3,197
S01012728,16 to 24,102,0,102
S01012728,25 to 34,113,4,109
S01012728,35 to 49,193,1,192
S01012728,50 to 64,97,2,95
S01012728,65 and over,67,0,67
S01012729,All people aged 3 and over,806,5,801
S01012729,3 to 15,135,0,135
S01012729,16 to 24,89,0,89
S01012729,25 to 34,106,1,105
S01012729,35 to 49,194,2,192
S01012729,50 to 64,173,1,172
S01012729,65 and over,109,1,108
S01012730,All people aged 3 and over,527,7,520
S01012730,3 to 15,76,2,74
S01012730,16 to 24,51,1,50
S01012730,25 to 34,89,0,89
S01012730,35 to 49,119,3,116
S01012730,50 to 64,115,0,115
S01012730,65 and over,77,1,76
S01012731,All people aged 3 and over,757,0,757
S01012731,3 to 15,131,0,131
S01012731,16 to 24,82,0,82
S01012731,25 to 34,103,0,103
S01012731,35 to 49,177,0,177
S01012731,50 to 64,136,0,136
S01012731,65 and over,128,0,128
S01012732,All people aged 3 and over,653,3,650
S01012732,3 to 15,103,0,103
S01012732,16 to 24,58,1,57
S01012732,25 to 34,86,0,86
S01012732,35 to 49,163,1,162
S01012732,50 to 64,134,1,133
S01012732,65 and over,109,0,109
S01012733,All people aged 3 and over,1009,2,1007
S01012733,3 to 15,245,1,244
S01012733,16 to 24,92,0,92
S01012733,25 to 34,199,0,199
S01012733,35 to 49,345,1,344
S01012733,50 to 64,97,0,97
S01012733,65 and over,31,0,31
S01012734,All people aged 3 and over,598,4,594
S01012734,3 to 15,173,0,173
S01012734,16 to 24,46,0,46
S01012734,25 to 34,87,1,86
S01012734,35 to 49,228,2,226
S01012734,50 to 64,53,1,52
S01012734,65 and over,11,0,11
S01012735,All people aged 3 and over,460,1,459
S01012735,3 to 15,59,0,59
S01012735,16 to 24,50,0,50
S01012735,25 to 34,52,1,51
S01012735,35 to 49,123,0,123
S01012735,50 to 64,71,0,71
S01012735,65 and over,105,0,105
S01012736,All people aged 3 and over,918,3,915
S01012736,3 to 15,179,0,179
S01012736,16 to 24,86,1,85
S01012736,25 to 34,113,0,113
S01012736,35 to 49,273,1,272
S01012736,50 to 64,172,1,171
S01012736,65 and over,95,0,95
S01012737,All people aged 3 and over,772,4,768
S01012737,3 to 15,138,0,138
S01012737,16 to 24,65,0,65
S01012737,25 to 34,128,1,127
S01012737,35 to 49,230,2,228
S01012737,50 to 64,128,1,127
S01012737,65 and over,83,0,83
S01012738,All people aged 3 and over,597,5,592
S01012738,3 to 15,91,0,91
S01012738,16 to 24,78,1,77
S01012738,25 to 34,65,0,65
S01012738,35 to 49,146,3,143
S01012738,50 to 64,129,1,128
S01012738,65 and over,88,0,88
S01012739,All people aged 3 and over,777,3,774
S01012739,3 to 15,163,2,161
S01012739,16 to 24,67,0,67
S01012739,25 to 34,169,0,169
S01012739,35 to 49,275,1,274
S01012739,50 to 64,88,0,88
S01012739,65 and over,15,0,15
S01012740,All people aged 3 and over,822,7,815
S01012740,3 to 15,198,2,196
S01012740,16 to 24,73,0,73
S01012740,25 to 34,162,2,160
S01012740,35 to 49,266,3,263
S01012740,50 to 64,105,0,105
S01012740,65 and over,18,0,18
S01012741,All people aged 3 and over,537,4,533
S01012741,3 to 15,48,0,48
S01012741,16 to 24,60,0,60
S01012741,25 to 34,84,0,84
S01012741,35 to 49,156,2,154
S01012741,50 to 64,140,1,139
S01012741,65 and over,49,1,48
S01012742,All people aged 3 and over,673,5,668
S01012742,3 to 15,80,1,79
S01012742,16 to 24,71,1,70
S01012742,25 to 34,74,0,74
S01012742,35 to 49,120,2,118
S01012742,50 to 64,210,1,209
S01012742,65 and over,118,0,118
S01012743,All people aged 3 and over,570,2,568
S01012743,3 to 15,64,0,64
S01012743,16 to 24,75,0,75
S01012743,25 to 34,37,0,37
S01012743,35 to 49,103,0,103
S01012743,50 to 64,171,1,170
S01012743,65 and over,120,1,119
S01012744,All people aged 3 and over,656,4,652
S01012744,3 to 15,81,0,81
S01012744,16 to 24,80,0,80
S01012744,25 to 34,79,0,79
S01012744,35 to 49,161,2,159
S01012744,50 to 64,193,2,191
S01012744,65 and over,62,0,62
S01012745,All people aged 3 and over,686,3,683
S01012745,3 to 15,84,0,84
S01012745,16 to 24,58,0,58
S01012745,25 to 34,75,0,75
S01012745,35 to 49,150,1,149
S01012745,50 to 64,159,0,159
S01012745,65 and over,160,2,158
S01012746,All people aged 3 and over,744,16,728
S01012746,3 to 15,114,6,108
S01012746,16 to 24,84,1,83
S01012746,25 to 34,116,2,114
S01012746,35 to 49,205,6,199
S01012746,50 to 64,147,1,146
S01012746,65 and over,78,0,78
S01012747,All people aged 3 and over,802,4,798
S01012747,3 to 15,118,0,118
S01012747,16 to 24,96,0,96
S01012747,25 to 34,102,0,102
S01012747,35 to 49,157,0,157
S01012747,50 to 64,202,4,198
S01012747,65 and over,127,0,127
S01012748,All people aged 3 and over,805,3,802
S01012748,3 to 15,157,0,157
S01012748,16 to 24,107,0,107
S01012748,25 to 34,111,0,111
S01012748,35 to 49,173,0,173
S01012748,50 to 64,148,1,147
S01012748,65 and over,109,2,107
S01012749,All people aged 3 and over,845,1,844
S01012749,3 to 15,160,0,160
S01012749,16 to 24,132,0,132
S01012749,25 to 34,145,0,145
S01012749,35 to 49,167,0,167
S01012749,50 to 64,162,1,161
S01012749,65 and over,79,0,79
S01012750,All people aged 3 and over,762,1,761
S01012750,3 to 15,147,0,147
S01012750,16 to 24,102,0,102
S01012750,25 to 34,138,1,137
S01012750,35 to 49,162,0,162
S01012750,50 to 64,138,0,138
S01012750,65 and over,75,0,75
S01012751,All people aged 3 and over,800,2,798
S01012751,3 to 15,94,0,94
S01012751,16 to 24,63,0,63
S01012751,25 to 34,102,1,101
S01012751,35 to 49,182,0,182
S01012751,50 to 64,132,0,132
S01012751,65 and over,227,1,226
S01012752,All people aged 3 and over,801,3,798
S01012752,3 to 15,131,0,131
S01012752,16 to 24,86,0,86
S01012752,25 to 34,128,1,127
S01012752,35 to 49,184,1,183
S01012752,50 to 64,174,1,173
S01012752,65 and over,98,0,98
S01012753,All people aged 3 and over,472,2,470
S01012753,3 to 15,86,0,86
S01012753,16 to 24,48,0,48
S01012753,25 to 34,79,0,79
S01012753,35 to 49,81,1,80
S01012753,50 to 64,114,0,114
S01012753,65 and over,64,1,63
S01012754,All people aged 3 and over,526,1,525
S01012754,3 to 15,50,0,50
S01012754,16 to 24,75,0,75
S01012754,25 to 34,68,0,68
S01012754,35 to 49,92,0,92
S01012754,50 to 64,141,0,141
S01012754,65 and over,100,1,99
S01012755,All people aged 3 and over,506,7,499
S01012755,3 to 15,64,0,64
S01012755,16 to 24,50,0,50
S01012755,25 to 34,85,2,83
S01012755,35 to 49,87,0,87
S01012755,50 to 64,102,4,98
S01012755,65 and over,118,1,117
S01012756,All people aged 3 and over,493,4,489
S01012756,3 to 15,33,0,33
S01012756,16 to 24,38,0,38
S01012756,25 to 34,35,0,35
S01012756,35 to 49,94,1,93
S01012756,50 to 64,114,0,114
S01012756,65 and over,179,3,176
S01012757,All people aged 3 and over,448,2,446
S01012757,3 to 15,48,0,48
S01012757,16 to 24,36,0,36
S01012757,25 to 34,56,0,56
S01012757,35 to 49,101,1,100
S01012757,50 to 64,108,0,108
S01012757,65 and over,99,1,98
S01012758,All people aged 3 and over,586,2,584
S01012758,3 to 15,87,1,86
S01012758,16 to 24,67,0,67
S01012758,25 to 34,71,0,71
S01012758,35 to 49,130,0,130
S01012758,50 to 64,139,0,139
S01012758,65 and over,92,1,91
S01012759,All people aged 3 and over,697,4,693
S01012759,3 to 15,112,0,112
S01012759,16 to 24,72,0,72
S01012759,25 to 34,99,0,99
S01012759,35 to 49,158,2,156
S01012759,50 to 64,139,2,137
S01012759,65 and over,117,0,117
S01012760,All people aged 3 and over,966,17,949
S01012760,3 to 15,182,1,181
S01012760,16 to 24,113,3,110
S01012760,25 to 34,131,4,127
S01012760,35 to 49,222,4,218
S01012760,50 to 64,150,2,148
S01012760,65 and over,168,3,165
S01012761,All people aged 3 and over,741,6,735
S01012761,3 to 15,87,0,87
S01012761,16 to 24,73,0,73
S01012761,25 to 34,118,3,115
S01012761,35 to 49,154,1,153
S01012761,50 to 64,168,0,168
S01012761,65 and over,141,2,139
S01012762,All people aged 3 and over,685,1,684
S01012762,3 to 15,76,0,76
S01012762,16 to 24,78,0,78
S01012762,25 to 34,68,0,68
S01012762,35 to 49,133,0,133
S01012762,50 to 64,170,1,169
S01012762,65 and over,160,0,160
S01012763,All people aged 3 and over,392,2,390
S01012763,3 to 15,43,0,43
S01012763,16 to 24,56,0,56
S01012763,25 to 34,44,0,44
S01012763,35 to 49,88,1,87
S01012763,50 to 64,91,1,90
S01012763,65 and over,70,0,70
S01012764,All people aged 3 and over,748,4,744
S01012764,3 to 15,125,1,124
S01012764,16 to 24,93,0,93
S01012764,25 to 34,92,0,92
S01012764,35 to 49,166,0,166
S01012764,50 to 64,145,1,144
S01012764,65 and over,127,2,125
S01012765,All people aged 3 and over,695,5,690
S01012765,3 to 15,109,0,109
S01012765,16 to 24,84,0,84
S01012765,25 to 34,57,0,57
S01012765,35 to 49,153,2,151
S01012765,50 to 64,183,2,181
S01012765,65 and over,109,1,108
S01012766,All people aged 3 and over,871,3,868
S01012766,3 to 15,178,1,177
S01012766,16 to 24,101,0,101
S01012766,25 to 34,96,0,96
S01012766,35 to 49,231,1,230
S01012766,50 to 64,173,1,172
S01012766,65 and over,92,0,92
S01012767,All people aged 3 and over,550,4,546
S01012767,3 to 15,67,1,66
S01012767,16 to 24,47,0,47
S01012767,25 to 34,62,0,62
S01012767,35 to 49,122,1,121
S01012767,50 to 64,163,2,161
S01012767,65 and over,89,0,89
S01012768,All people aged 3 and over,705,6,699
S01012768,3 to 15,89,0,89
S01012768,16 to 24,72,0,72
S01012768,25 to 34,56,0,56
S01012768,35 to 49,148,1,147
S01012768,50 to 64,233,2,231
S01012768,65 and over,107,3,104
S01012769,All people aged 3 and over,456,1,455
S01012769,3 to 15,98,0,98
S01012769,16 to 24,51,0,51
S01012769,25 to 34,29,0,29
S01012769,35 to 49,144,0,144
S01012769,50 to 64,90,1,89
S01012769,65 and over,44,0,44
S01012770,All people aged 3 and over,821,8,813
S01012770,3 to 15,123,1,122
S01012770,16 to 24,80,0,80
S01012770,25 to 34,96,1,95
S01012770,35 to 49,190,3,187
S01012770,50 to 64,171,3,168
S01012770,65 and over,161,0,161
S01012771,All people aged 3 and over,682,15,667
S01012771,3 to 15,80,0,80
S01012771,16 to 24,67,0,67
S01012771,25 to 34,92,5,87
S01012771,35 to 49,160,3,157
S01012771,50 to 64,156,5,151
S01012771,65 and over,127,2,125
S01012772,All people aged 3 and over,657,1,656
S01012772,3 to 15,113,0,113
S01012772,16 to 24,80,0,80
S01012772,25 to 34,86,0,86
S01012772,35 to 49,116,1,115
S01012772,50 to 64,162,0,162
S01012772,65 and over,100,0,100
S01012773,All people aged 3 and over,827,6,821
S01012773,3 to 15,96,1,95
S01012773,16 to 24,77,0,77
S01012773,25 to 34,99,2,97
S01012773,35 to 49,171,1,170
S01012773,50 to 64,219,2,217
S01012773,65 and over,165,0,165
S01012774,All people aged 3 and over,836,10,826
S01012774,3 to 15,91,2,89
S01012774,16 to 24,111,4,107
S01012774,25 to 34,127,1,126
S01012774,35 to 49,198,2,196
S01012774,50 to 64,181,1,180
S01012774,65 and over,128,0,128
S01012775,All people aged 3 and over,401,1,400
S01012775,3 to 15,32,0,32
S01012775,16 to 24,53,0,53
S01012775,25 to 34,41,1,40
S01012775,35 to 49,92,0,92
S01012775,50 to 64,93,0,93
S01012775,65 and over,90,0,90
S01012776,All people aged 3 and over,718,2,716
S01012776,3 to 15,81,0,81
S01012776,16 to 24,81,0,81
S01012776,25 to 34,108,2,106
S01012776,35 to 49,164,0,164
S01012776,50 to 64,170,0,170
S01012776,65 and over,114,0,114
S01012777,All people aged 3 and over,908,6,902
S01012777,3 to 15,198,2,196
S01012777,16 to 24,106,1,105
S01012777,25 to 34,166,1,165
S01012777,35 to 49,286,2,284
S01012777,50 to 64,117,0,117
S01012777,65 and over,35,0,35
S01012778,All people aged 3 and over,693,4,689
S01012778,3 to 15,150,0,150
S01012778,16 to 24,75,0,75
S01012778,25 to 34,106,2,104
S01012778,35 to 49,219,2,217
S01012778,50 to 64,94,0,94
S01012778,65 and over,49,0,49
S01012779,All people aged 3 and over,444,1,443
S01012779,3 to 15,104,0,104
S01012779,16 to 24,52,0,52
S01012779,25 to 34,72,0,72
S01012779,35 to 49,120,0,120
S01012779,50 to 64,72,0,72
S01012779,65 and over,24,1,23
S01012780,All people aged 3 and over,696,0,696
S01012780,3 to 15,129,0,129
S01012780,16 to 24,89,0,89
S01012780,25 to 34,113,0,113
S01012780,35 to 49,155,0,155
S01012780,50 to 64,107,0,107
S01012780,65 and over,103,0,103
S01012781,All people aged 3 and over,637,5,632
S01012781,3 to 15,83,0,83
S01012781,16 to 24,62,2,60
S01012781,25 to 34,87,0,87
S01012781,35 to 49,139,2,137
S01012781,50 to 64,160,0,160
S01012781,65 and over,106,1,105
S01012782,All people aged 3 and over,582,2,580
S01012782,3 to 15,73,0,73
S01012782,16 to 24,72,0,72
S01012782,25 to 34,86,0,86
S01012782,35 to 49,113,0,113
S01012782,50 to 64,136,2,134
S01012782,65 and over,102,0,102
S01012783,All people aged 3 and over,665,5,660
S01012783,3 to 15,107,0,107
S01012783,16 to 24,90,1,89
S01012783,25 to 34,106,0,106
S01012783,35 to 49,165,1,164
S01012783,50 to 64,112,2,110
S01012783,65 and over,85,1,84
S01012784,All people aged 3 and over,717,0,717
S01012784,3 to 15,88,0,88
S01012784,16 to 24,72,0,72
S01012784,25 to 34,140,0,140
S01012784,35 to 49,173,0,173
S01012784,50 to 64,137,0,137
S01012784,65 and over,107,0,107
S01012785,All people aged 3 and over,706,5,701
S01012785,3 to 15,89,0,89
S01012785,16 to 24,70,0,70
S01012785,25 to 34,120,0,120
S01012785,35 to 49,147,4,143
S01012785,50 to 64,125,0,125
S01012785,65 and over,155,1,154
S01012786,All people aged 3 and over,663,3,660
S01012786,3 to 15,74,0,74
S01012786,16 to 24,98,0,98
S01012786,25 to 34,131,0,131
S01012786,35 to 49,135,1,134
S01012786,50 to 64,134,0,134
S01012786,65 and over,91,2,89
S01012787,All people aged 3 and over,513,4,509
S01012787,3 to 15,66,0,66
S01012787,16 to 24,72,0,72
S01012787,25 to 34,132,2,130
S01012787,35 to 49,116,0,116
S01012787,50 to 64,86,2,84
S01012787,65 and over,41,0,41
S01012788,All people aged 3 and over,590,2,588
S01012788,3 to 15,95,0,95
S01012788,16 to 24,73,0,73
S01012788,25 to 34,105,1,104
S01012788,35 to 49,125,1,124
S01012788,50 to 64,131,0,131
S01012788,65 and over,61,0,61
S01012789,All people aged 3 and over,716,4,712
S01012789,3 to 15,97,0,97
S01012789,16 to 24,80,0,80
S01012789,25 to 34,78,1,77
S01012789,35 to 49,174,0,174
S01012789,50 to 64,157,1,156
S01012789,65 and over,130,2,128
S01012790,All people aged 3 and over,577,3,574
S01012790,3 to 15,70,0,70
S01012790,16 to 24,73,0,73
S01012790,25 to 34,121,0,121
S01012790,35 to 49,135,0,135
S01012790,50 to 64,78,1,77
S01012790,65 and over,100,2,98
S01012791,All people aged 3 and over,704,4,700
S01012791,3 to 15,97,0,97
S01012791,16 to 24,54,0,54
S01012791,25 to 34,52,0,52
S01012791,35 to 49,139,0,139
S01012791,50 to 64,165,2,163
S01012791,65 and over,197,2,195
S01012792,All people aged 3 and over,939,3,936
S01012792,3 to 15,67,0,67
S01012792,16 to 24,70,1,69
S01012792,25 to 34,122,0,122
S01012792,35 to 49,188,0,188
S01012792,50 to 64,195,2,193
S01012792,65 and over,297,0,297
S01012793,All people aged 3 and over,751,14,737
S01012793,3 to 15,61,0,61
S01012793,16 to 24,149,3,146
S01012793,25 to 34,108,4,104
S01012793,35 to 49,148,3,145
S01012793,50 to 64,169,4,165
S01012793,65 and over,116,0,116
S01012794,All people aged 3 and over,575,1,574
S01012794,3 to 15,24,0,24
S01012794,16 to 24,50,0,50
S01012794,25 to 34,101,0,101
S01012794,35 to 49,129,0,129
S01012794,50 to 64,153,1,152
S01012794,65 and over,118,0,118
S01012795,All people aged 3 and over,1027,9,1018
S01012795,3 to 15,159,0,159
S01012795,16 to 24,141,2,139
S01012795,25 to 34,123,1,122
S01012795,35 to 49,228,2,226
S01012795,50 to 64,183,2,181
S01012795,65 and over,193,2,191
S01012796,All people aged 3 and over,737,4,733
S01012796,3 to 15,126,0,126
S01012796,16 to 24,87,0,87
S01012796,25 to 34,154,1,153
S01012796,35 to 49,185,2,183
S01012796,50 to 64,109,1,108
S01012796,65 and over,76,0,76
S01012797,All people aged 3 and over,671,4,667
S01012797,3 to 15,123,0,123
S01012797,16 to 24,92,0,92
S01012797,25 to 34,113,1,112
S01012797,35 to 49,179,0,179
S01012797,50 to 64,104,2,102
S01012797,65 and over,60,1,59
S01012798,All people aged 3 and over,698,3,695
S01012798,3 to 15,105,0,105
S01012798,16 to 24,69,0,69
S01012798,25 to 34,57,0,57
S01012798,35 to 49,175,3,172
S01012798,50 to 64,159,0,159
S01012798,65 and over,133,0,133
S01012799,All people aged 3 and over,756,4,752
S01012799,3 to 15,90,0,90
S01012799,16 to 24,61,0,61
S01012799,25 to 34,72,0,72
S01012799,35 to 49,148,0,148
S01012799,50 to 64,189,0,189
S01012799,65 and over,196,4,192
S01012800,All people aged 3 and over,866,9,857
S01012800,3 to 15,132,4,128
S01012800,16 to 24,80,0,80
S01012800,25 to 34,80,0,80
S01012800,35 to 49,208,1,207
S01012800,50 to 64,211,0,211
S01012800,65 and over,155,4,151
S01012801,All people aged 3 and over,419,2,417
S01012801,3 to 15,29,0,29
S01012801,16 to 24,29,0,29
S01012801,25 to 34,44,0,44
S01012801,35 to 49,78,0,78
S01012801,50 to 64,82,0,82
S01012801,65 and over,157,2,155
S01012802,All people aged 3 and over,599,0,599
S01012802,3 to 15,113,0,113
S01012802,16 to 24,80,0,80
S01012802,25 to 34,39,0,39
S01012802,35 to 49,136,0,136
S01012802,50 to 64,165,0,165
S01012802,65 and over,66,0,66
S01012803,All people aged 3 and over,661,1,660
S01012803,3 to 15,88,0,88
S01012803,16 to 24,93,0,93
S01012803,25 to 34,51,0,51
S01012803,35 to 49,131,0,131
S01012803,50 to 64,203,0,203
S01012803,65 and over,95,1,94
S01012804,All people aged 3 and over,741,8,733
S01012804,3 to 15,117,3,114
S01012804,16 to 24,84,0,84
S01012804,25 to 34,107,2,105
S01012804,35 to 49,149,1,148
S01012804,50 to 64,156,2,154
S01012804,65 and over,128,0,128
S01012805,All people aged 3 and over,884,3,881
S01012805,3 to 15,142,0,142
S01012805,16 to 24,98,0,98
S01012805,25 to 34,115,2,113
S01012805,35 to 49,201,0,201
S01012805,50 to 64,185,1,184
S01012805,65 and over,143,0,143
S01012806,All people aged 3 and over,712,3,709
S01012806,3 to 15,129,0,129
S01012806,16 to 24,76,0,76
S01012806,25 to 34,96,0,96
S01012806,35 to 49,162,1,161
S01012806,50 to 64,153,1,152
S01012806,65 and over,96,1,95
S01012807,All people aged 3 and over,568,3,565
S01012807,3 to 15,94,0,94
S01012807,16 to 24,77,0,77
S01012807,25 to 34,37,0,37
S01012807,35 to 49,142,0,142
S01012807,50 to 64,139,0,139
S01012807,65 and over,79,3,76
S01012808,All people aged 3 and over,1038,1,1037
S01012808,3 to 15,165,0,165
S01012808,16 to 24,91,0,91
S01012808,25 to 34,91,1,90
S01012808,35 to 49,238,0,238
S01012808,50 to 64,223,0,223
S01012808,65 and over,230,0,230
S01012809,All people aged 3 and over,599,4,595
S01012809,3 to 15,68,0,68
S01012809,16 to 24,56,0,56
S01012809,25 to 34,135,0,135
S01012809,35 to 49,119,0,119
S01012809,50 to 64,121,3,118
S01012809,65 and over,100,1,99
S01012810,All people aged 3 and over,880,6,874
S01012810,3 to 15,94,1,93
S01012810,16 to 24,83,0,83
S01012810,25 to 34,131,2,129
S01012810,35 to 49,173,1,172
S01012810,50 to 64,182,1,181
S01012810,65 and over,217,1,216
S01012811,All people aged 3 and over,747,2,745
S01012811,3 to 15,84,0,84
S01012811,16 to 24,77,0,77
S01012811,25 to 34,69,0,69
S01012811,35 to 49,153,1,152
S01012811,50 to 64,166,0,166
S01012811,65 and over,198,1,197
S01012812,All people aged 3 and over,642,4,638
S01012812,3 to 15,85,0,85
S01012812,16 to 24,72,2,70
S01012812,25 to 34,90,1,89
S01012812,35 to 49,163,1,162
S01012812,50 to 64,154,0,154
S01012812,65 and over,78,0,78
S01012813,All people aged 3 and over,864,5,859
S01012813,3 to 15,96,0,96
S01012813,16 to 24,85,0,85
S01012813,25 to 34,60,0,60
S01012813,35 to 49,187,2,185
S01012813,50 to 64,223,1,222
S01012813,65 and over,213,2,211
S01012814,All people aged 3 and over,803,1,802
S01012814,3 to 15,163,0,163
S01012814,16 to 24,65,0,65
S01012814,25 to 34,129,1,128
S01012814,35 to 49,256,0,256
S01012814,50 to 64,134,0,134
S01012814,65 and over,56,0,56
S01012815,All people aged 3 and over,825,7,818
S01012815,3 to 15,200,1,199
S01012815,16 to 24,75,0,75
S01012815,25 to 34,160,0,160
S01012815,35 to 49,268,6,262
S01012815,50 to 64,97,0,97
S01012815,65 and over,25,0,25
S01012816,All people aged 3 and over,552,4,548
S01012816,3 to 15,118,1,117
S01012816,16 to 24,53,0,53
S01012816,25 to 34,92,0,92
S01012816,35 to 49,171,0,171
S01012816,50 to 64,80,1,79
S01012816,65 and over,38,2,36
S01012817,All people aged 3 and over,534,3,531
S01012817,3 to 15,151,0,151
S01012817,16 to 24,54,0,54
S01012817,25 to 34,60,2,58
S01012817,35 to 49,195,1,194
S01012817,50 to 64,64,0,64
S01012817,65 and over,10,0,10
S01012818,All people aged 3 and over,817,4,813
S01012818,3 to 15,190,0,190
S01012818,16 to 24,100,1,99
S01012818,25 to 34,79,1,78
S01012818,35 to 49,247,1,246
S01012818,50 to 64,144,1,143
S01012818,65 and over,57,0,57
S01012819,All people aged 3 and over,715,4,711
S01012819,3 to 15,109,0,109
S01012819,16 to 24,83,0,83
S01012819,25 to 34,86,0,86
S01012819,35 to 49,140,3,137
S01012819,50 to 64,162,1,161
S01012819,65 and over,135,0,135
S01012820,All people aged 3 and over,967,6,961
S01012820,3 to 15,189,0,189
S01012820,16 to 24,114,0,114
S01012820,25 to 34,163,0,163
S01012820,35 to 49,304,4,300
S01012820,50 to 64,172,1,171
S01012820,65 and over,25,1,24
S01012821,All people aged 3 and over,717,7,710
S01012821,3 to 15,164,3,161
S01012821,16 to 24,78,0,78
S01012821,25 to 34,159,3,156
S01012821,35 to 49,226,1,225
S01012821,50 to 64,72,0,72
S01012821,65 and over,18,0,18
S01012822,All people aged 3 and over,459,5,454
S01012822,3 to 15,94,0,94
S01012822,16 to 24,43,1,42
S01012822,25 to 34,93,0,93
S01012822,35 to 49,104,4,100
S01012822,50 to 64,81,0,81
S01012822,65 and over,44,0,44
S01012823,All people aged 3 and over,825,1,824
S01012823,3 to 15,190,0,190
S01012823,16 to 24,100,0,100
S01012823,25 to 34,103,0,103
S01012823,35 to 49,273,1,272
S01012823,50 to 64,131,0,131
S01012823,65 and over,28,0,28
S01012824,All people aged 3 and over,629,5,624
S01012824,3 to 15,108,0,108
S01012824,16 to 24,63,0,63
S01012824,25 to 34,105,3,102
S01012824,35 to 49,168,0,168
S01012824,50 to 64,106,2,104
S01012824,65 and over,79,0,79
S01012825,All people aged 3 and over,467,3,464
S01012825,3 to 15,47,1,46
S01012825,16 to 24,37,0,37
S01012825,25 to 34,67,1,66
S01012825,35 to 49,99,0,99
S01012825,50 to 64,128,1,127
S01012825,65 and over,89,0,89
S01012826,All people aged 3 and over,577,4,573
S01012826,3 to 15,138,1,137
S01012826,16 to 24,110,0,110
S01012826,25 to 34,90,1,89
S01012826,35 to 49,154,0,154
S01012826,50 to 64,68,1,67
S01012826,65 and over,17,1,16
S01012827,All people aged 3 and over,651,3,648
S01012827,3 to 15,173,0,173
S01012827,16 to 24,56,0,56
S01012827,25 to 34,147,0,147
S01012827,35 to 49,216,2,214
S01012827,50 to 64,45,1,44
S01012827,65 and over,14,0,14
S01012828,All people aged 3 and over,542,1,541
S01012828,3 to 15,80,0,80
S01012828,16 to 24,49,0,49
S01012828,25 to 34,156,0,156
S01012828,35 to 49,157,0,157
S01012828,50 to 64,76,0,76
S01012828,65 and over,24,1,23
S01012829,All people aged 3 and over,835,4,831
S01012829,3 to 15,182,1,181
S01012829,16 to 24,93,0,93
S01012829,25 to 34,113,2,111
S01012829,35 to 49,197,1,196
S01012829,50 to 64,138,0,138
S01012829,65 and over,112,0,112
S01012830,All people aged 3 and over,668,11,657
S01012830,3 to 15,103,3,100
S01012830,16 to 24,64,0,64
S01012830,25 to 34,66,1,65
S01012830,35 to 49,148,3,145
S01012830,50 to 64,170,3,167
S01012830,65 and over,117,1,116
S01012831,All people aged 3 and over,615,4,611
S01012831,3 to 15,55,0,55
S01012831,16 to 24,35,0,35
S01012831,25 to 34,66,2,64
S01012831,35 to 49,102,0,102
S01012831,50 to 64,176,2,174
S01012831,65 and over,181,0,181
S01012832,All people aged 3 and over,522,4,518
S01012832,3 to 15,86,0,86
S01012832,16 to 24,74,0,74
S01012832,25 to 34,54,0,54
S01012832,35 to 49,110,0,110
S01012832,50 to 64,118,2,116
S01012832,65 and over,80,2,78
S01012833,All people aged 3 and over,693,1,692
S01012833,3 to 15,121,0,121
S01012833,16 to 24,77,1,76
S01012833,25 to 34,86,0,86
S01012833,35 to 49,156,0,156
S01012833,50 to 64,139,0,139
S01012833,65 and over,114,0,114
S01012834,All people aged 3 and over,648,5,643
S01012834,3 to 15,87,0,87
S01012834,16 to 24,58,0,58
S01012834,25 to 34,77,2,75
S01012834,35 to 49,132,2,130
S01012834,50 to 64,165,1,164
S01012834,65 and over,129,0,129
S01012835,All people aged 3 and over,863,6,857
S01012835,3 to 15,92,0,92
S01012835,16 to 24,71,0,71
S01012835,25 to 34,114,2,112
S01012835,35 to 49,183,1,182
S01012835,50 to 64,219,2,217
S01012835,65 and over,184,1,183
S01012836,All people aged 3 and over,661,10,651
S01012836,3 to 15,134,2,132
S01012836,16 to 24,78,1,77
S01012836,25 to 34,109,1,108
S01012836,35 to 49,193,6,187
S01012836,50 to 64,99,0,99
S01012836,65 and over,48,0,48
S01012837,All people aged 3 and over,695,1,694
S01012837,3 to 15,116,0,116
S01012837,16 to 24,112,0,112
S01012837,25 to 34,125,0,125
S01012837,35 to 49,175,1,174
S01012837,50 to 64,106,0,106
S01012837,65 and over,61,0,61
S01012838,All people aged 3 and over,860,6,854
S01012838,3 to 15,152,1,151
S01012838,16 to 24,129,2,127
S01012838,25 to 34,173,1,172
S01012838,35 to 49,214,2,212
S01012838,50 to 64,141,0,141
S01012838,65 and over,51,0,51
S01012839,All people aged 3 and over,647,9,638
S01012839,3 to 15,69,0,69
S01012839,16 to 24,59,0,59
S01012839,25 to 34,102,2,100
S01012839,35 to 49,119,2,117
S01012839,50 to 64,219,4,215
S01012839,65 and over,79,1,78
S01012840,All people aged 3 and over,744,10,734
S01012840,3 to 15,160,2,158
S01012840,16 to 24,65,1,64
S01012840,25 to 34,122,3,119
S01012840,35 to 49,246,2,244
S01012840,50 to 64,122,1,121
S01012840,65 and over,29,1,28
S01012841,All people aged 3 and over,576,4,572
S01012841,3 to 15,79,0,79
S01012841,16 to 24,51,0,51
S01012841,25 to 34,47,3,44
S01012841,35 to 49,140,0,140
S01012841,50 to 64,183,0,183
S01012841,65 and over,76,1,75
S01012842,All people aged 3 and over,459,7,452
S01012842,3 to 15,52,0,52
S01012842,16 to 24,51,1,50
S01012842,25 to 34,60,0,60
S01012842,35 to 49,98,4,94
S01012842,50 to 64,150,2,148
S01012842,65 and over,48,0,48
S01012843,All people aged 3 and over,946,3,943
S01012843,3 to 15,172,0,172
S01012843,16 to 24,81,0,81
S01012843,25 to 34,71,0,71
S01012843,35 to 49,248,3,245
S01012843,50 to 64,202,0,202
S01012843,65 and over,172,0,172
S01012844,All people aged 3 and over,670,7,663
S01012844,3 to 15,109,0,109
S01012844,16 to 24,74,0,74
S01012844,25 to 34,59,0,59
S01012844,35 to 49,167,3,164
S01012844,50 to 64,183,2,181
S01012844,65 and over,78,2,76
S01012845,All people aged 3 and over,664,10,654
S01012845,3 to 15,110,4,106
S01012845,16 to 24,77,1,76
S01012845,25 to 34,44,1,43
S01012845,35 to 49,174,2,172
S01012845,50 to 64,163,2,161
S01012845,65 and over,96,0,96
S01012846,All people aged 3 and over,897,4,893
S01012846,3 to 15,90,0,90
S01012846,16 to 24,93,1,92
S01012846,25 to 34,123,2,121
S01012846,35 to 49,160,0,160
S01012846,50 to 64,191,1,190
S01012846,65 and over,240,0,240
S01012847,All people aged 3 and over,535,2,533
S01012847,3 to 15,79,0,79
S01012847,16 to 24,57,0,57
S01012847,25 to 34,55,0,55
S01012847,35 to 49,118,0,118
S01012847,50 to 64,125,1,124
S01012847,65 and over,101,1,100
S01012848,All people aged 3 and over,723,4,719
S01012848,3 to 15,141,1,140
S01012848,16 to 24,64,0,64
S01012848,25 to 34,121,0,121
S01012848,35 to 49,174,2,172
S01012848,50 to 64,134,1,133
S01012848,65 and over,89,0,89
S01012849,All people aged 3 and over,638,6,632
S01012849,3 to 15,74,0,74
S01012849,16 to 24,84,0,84
S01012849,25 to 34,166,1,165
S01012849,35 to 49,129,1,128
S01012849,50 to 64,100,2,98
S01012849,65 and over,85,2,83
S01012850,All people aged 3 and over,698,5,693
S01012850,3 to 15,75,0,75
S01012850,16 to 24,60,0,60
S01012850,25 to 34,59,0,59
S01012850,35 to 49,144,1,143
S01012850,50 to 64,172,0,172
S01012850,65 and over,188,4,184
S01012851,All people aged 3 and over,788,5,783
S01012851,3 to 15,90,0,90
S01012851,16 to 24,77,0,77
S01012851,25 to 34,61,3,58
S01012851,35 to 49,162,0,162
S01012851,50 to 64,215,1,214
S01012851,65 and over,183,1,182
S01012852,All people aged 3 and over,678,1,677
S01012852,3 to 15,86,0,86
S01012852,16 to 24,70,0,70
S01012852,25 to 34,65,0,65
S01012852,35 to 49,148,0,148
S01012852,50 to 64,176,0,176
S01012852,65 and over,133,1,132
S01012853,All people aged 3 and over,762,2,760
S01012853,3 to 15,74,0,74
S01012853,16 to 24,80,0,80
S01012853,25 to 34,52,1,51
S01012853,35 to 49,132,1,131
S01012853,50 to 64,226,0,226
S01012853,65 and over,198,0,198
S01012854,All people aged 3 and over,765,10,755
S01012854,3 to 15,70,0,70
S01012854,16 to 24,81,0,81
S01012854,25 to 34,122,4,118
S01012854,35 to 49,184,3,181
S01012854,50 to 64,197,2,195
S01012854,65 and over,111,1,110
S01012855,All people aged 3 and over,618,6,612
S01012855,3 to 15,79,0,79
S01012855,16 to 24,81,3,78
S01012855,25 to 34,119,1,118
S01012855,35 to 49,150,0,150
S01012855,50 to 64,144,1,143
S01012855,65 and over,45,1,44
S01012856,All people aged 3 and over,650,2,648
S01012856,3 to 15,42,0,42
S01012856,16 to 24,58,0,58
S01012856,25 to 34,95,1,94
S01012856,35 to 49,143,0,143
S01012856,50 to 64,133,0,133
S01012856,65 and over,179,1,178
S01012857,All people aged 3 and over,840,3,837
S01012857,3 to 15,75,0,75
S01012857,16 to 24,57,1,56
S01012857,25 to 34,87,0,87
S01012857,35 to 49,157,0,157
S01012857,50 to 64,175,0,175
S01012857,65 and over,289,2,287
S01012858,All people aged 3 and over,685,4,681
S01012858,3 to 15,64,0,64
S01012858,16 to 24,65,0,65
S01012858,25 to 34,132,2,130
S01012858,35 to 49,151,0,151
S01012858,50 to 64,159,0,159
S01012858,65 and over,114,2,112
S01012859,All people aged 3 and over,977,8,969
S01012859,3 to 15,132,1,131
S01012859,16 to 24,135,0,135
S01012859,25 to 34,205,5,200
S01012859,35 to 49,233,0,233
S01012859,50 to 64,158,1,157
S01012859,65 and over,114,1,113
S01012860,All people aged 3 and over,1037,9,1028
S01012860,3 to 15,89,2,87
S01012860,16 to 24,97,0,97
S01012860,25 to 34,69,0,69
S01012860,35 to 49,157,4,153
S01012860,50 to 64,208,1,207
S01012860,65 and over,417,2,415
S01012861,All people aged 3 and over,661,2,659
S01012861,3 to 15,69,0,69
S01012861,16 to 24,70,0,70
S01012861,25 to 34,85,0,85
S01012861,35 to 49,163,1,162
S01012861,50 to 64,156,0,156
S01012861,65 and over,118,1,117
S01012862,All people aged 3 and over,569,6,563
S01012862,3 to 15,50,0,50
S01012862,16 to 24,69,1,68
S01012862,25 to 34,76,2,74
S01012862,35 to 49,134,3,131
S01012862,50 to 64,117,0,117
S01012862,65 and over,123,0,123
S01012863,All people aged 3 and over,603,17,586
S01012863,3 to 15,47,0,47
S01012863,16 to 24,63,5,58
S01012863,25 to 34,143,3,140
S01012863,35 to 49,130,6,124
S01012863,50 to 64,147,2,145
S01012863,65 and over,73,1,72
S01012864,All people aged 3 and over,737,2,735
S01012864,3 to 15,77,0,77
S01012864,16 to 24,78,0,78
S01012864,25 to 34,162,0,162
S01012864,35 to 49,211,2,209
S01012864,50 to 64,118,0,118
S01012864,65 and over,91,0,91
S01012865,All people aged 3 and over,753,6,747
S01012865,3 to 15,83,1,82
S01012865,16 to 24,69,0,69
S01012865,25 to 34,65,0,65
S01012865,35 to 49,146,3,143
S01012865,50 to 64,177,2,175
S01012865,65 and over,213,0,213
S01012866,All people aged 3 and over,730,5,725
S01012866,3 to 15,92,0,92
S01012866,16 to 24,94,0,94
S01012866,25 to 34,92,2,90
S01012866,35 to 49,167,2,165
S01012866,50 to 64,166,1,165
S01012866,65 and over,119,0,119
S01012867,All people aged 3 and over,698,4,694
S01012867,3 to 15,53,0,53
S01012867,16 to 24,60,1,59
S01012867,25 to 34,78,2,76
S01012867,35 to 49,136,1,135
S01012867,50 to 64,179,0,179
S01012867,65 and over,192,0,192
S01012868,All people aged 3 and over,540,3,537
S01012868,3 to 15,39,0,39
S01012868,16 to 24,54,0,54
S01012868,25 to 34,67,0,67
S01012868,35 to 49,135,0,135
S01012868,50 to 64,130,1,129
S01012868,65 and over,115,2,113
S01012869,All people aged 3 and over,523,11,512
S01012869,3 to 15,99,4,95
S01012869,16 to 24,95,1,94
S01012869,25 to 34,74,1,73
S01012869,35 to 49,124,5,119
S01012869,50 to 64,77,0,77
S01012869,65 and over,54,0,54
S01012870,All people aged 3 and over,898,11,887
S01012870,3 to 15,92,1,91
S01012870,16 to 24,79,0,79
S01012870,25 to 34,77,0,77
S01012870,35 to 49,187,2,185
S01012870,50 to 64,260,3,257
S01012870,65 and over,203,5,198
S01012871,All people aged 3 and over,788,9,779
S01012871,3 to 15,89,0,89
S01012871,16 to 24,71,0,71
S01012871,25 to 34,108,0,108
S01012871,35 to 49,157,4,153
S01012871,50 to 64,209,2,207
S01012871,65 and over,154,3,151
S01012872,All people aged 3 and over,701,13,688
S01012872,3 to 15,124,0,124
S01012872,16 to 24,99,5,94
S01012872,25 to 34,120,2,118
S01012872,35 to 49,160,1,159
S01012872,50 to 64,119,5,114
S01012872,65 and over,79,0,79
S01012873,All people aged 3 and over,767,16,751
S01012873,3 to 15,112,3,109
S01012873,16 to 24,94,1,93
S01012873,25 to 34,139,1,138
S01012873,35 to 49,151,6,145
S01012873,50 to 64,191,3,188
S01012873,65 and over,80,2,78
S01012874,All people aged 3 and over,756,5,751
S01012874,3 to 15,118,0,118
S01012874,16 to 24,100,1,99
S01012874,25 to 34,83,0,83
S01012874,35 to 49,147,3,144
S01012874,50 to 64,179,0,179
S01012874,65 and over,129,1,128
S01012875,All people aged 3 and over,557,2,555
S01012875,3 to 15,71,0,71
S01012875,16 to 24,80,0,80
S01012875,25 to 34,87,0,87
S01012875,35 to 49,132,1,131
S01012875,50 to 64,107,1,106
S01012875,65 and over,80,0,80
S01012876,All people aged 3 and over,782,3,779
S01012876,3 to 15,117,0,117
S01012876,16 to 24,101,0,101
S01012876,25 to 34,77,1,76
S01012876,35 to 49,159,1,158
S01012876,50 to 64,141,0,141
S01012876,65 and over,187,1,186
S01012877,All people aged 3 and over,715,2,713
S01012877,3 to 15,84,0,84
S01012877,16 to 24,71,0,71
S01012877,25 to 34,54,0,54
S01012877,35 to 49,160,0,160
S01012877,50 to 64,171,2,169
S01012877,65 and over,175,0,175
S01012878,All people aged 3 and over,894,4,890
S01012878,3 to 15,120,0,120
S01012878,16 to 24,115,1,114
S01012878,25 to 34,103,0,103
S01012878,35 to 49,213,1,212
S01012878,50 to 64,219,1,218
S01012878,65 and over,124,1,123
S01012879,All people aged 3 and over,702,8,694
S01012879,3 to 15,93,0,93
S01012879,16 to 24,89,2,87
S01012879,25 to 34,78,0,78
S01012879,35 to 49,148,2,146
S01012879,50 to 64,153,1,152
S01012879,65 and over,141,3,138
S01012880,All people aged 3 and over,875,7,868
S01012880,3 to 15,116,0,116
S01012880,16 to 24,108,0,108
S01012880,25 to 34,57,1,56
S01012880,35 to 49,184,4,180
S01012880,50 to 64,203,1,202
S01012880,65 and over,207,1,206
S01012881,All people aged 3 and over,848,7,841
S01012881,3 to 15,74,1,73
S01012881,16 to 24,76,0,76
S01012881,25 to 34,70,0,70
S01012881,35 to 49,157,3,154
S01012881,50 to 64,189,1,188
S01012881,65 and over,282,2,280
S01012882,All people aged 3 and over,585,2,583
S01012882,3 to 15,91,0,91
S01012882,16 to 24,67,0,67
S01012882,25 to 34,87,0,87
S01012882,35 to 49,112,2,110
S01012882,50 to 64,127,0,127
S01012882,65 and over,101,0,101
S01012883,All people aged 3 and over,608,9,599
S01012883,3 to 15,79,0,79
S01012883,16 to 24,50,0,50
S01012883,25 to 34,89,3,86
S01012883,35 to 49,117,3,114
S01012883,50 to 64,133,3,130
S01012883,65 and over,140,0,140
S01012884,All people aged 3 and over,509,3,506
S01012884,3 to 15,58,0,58
S01012884,16 to 24,49,0,49
S01012884,25 to 34,57,0,57
S01012884,35 to 49,89,1,88
S01012884,50 to 64,108,0,108
S01012884,65 and over,148,2,146
S01012885,All people aged 3 and over,429,2,427
S01012885,3 to 15,38,0,38
S01012885,16 to 24,64,0,64
S01012885,25 to 34,53,0,53
S01012885,35 to 49,94,1,93
S01012885,50 to 64,99,1,98
S01012885,65 and over,81,0,81
S01012886,All people aged 3 and over,744,5,739
S01012886,3 to 15,93,0,93
S01012886,16 to 24,62,0,62
S01012886,25 to 34,85,2,83
S01012886,35 to 49,170,0,170
S01012886,50 to 64,169,3,166
S01012886,65 and over,165,0,165
S01012887,All people aged 3 and over,717,8,709
S01012887,3 to 15,86,1,85
S01012887,16 to 24,54,0,54
S01012887,25 to 34,54,1,53
S01012887,35 to 49,155,3,152
S01012887,50 to 64,178,1,177
S01012887,65 and over,190,2,188
S01012888,All people aged 3 and over,800,4,796
S01012888,3 to 15,106,2,104
S01012888,16 to 24,77,0,77
S01012888,25 to 34,51,0,51
S01012888,35 to 49,178,1,177
S01012888,50 to 64,191,0,191
S01012888,65 and over,197,1,196
S01012889,All people aged 3 and over,821,2,819
S01012889,3 to 15,160,0,160
S01012889,16 to 24,65,0,65
S01012889,25 to 34,143,2,141
S01012889,35 to 49,244,0,244
S01012889,50 to 64,158,0,158
S01012889,65 and over,51,0,51
S01012890,All people aged 3 and over,690,7,683
S01012890,3 to 15,141,0,141
S01012890,16 to 24,95,0,95
S01012890,25 to 34,94,5,89
S01012890,35 to 49,162,1,161
S01012890,50 to 64,116,1,115
S01012890,65 and over,82,0,82
S01012891,All people aged 3 and over,533,5,528
S01012891,3 to 15,77,2,75
S01012891,16 to 24,45,0,45
S01012891,25 to 34,60,0,60
S01012891,35 to 49,127,1,126
S01012891,50 to 64,106,1,105
S01012891,65 and over,118,1,117
S01012892,All people aged 3 and over,1076,9,1067
S01012892,3 to 15,146,1,145
S01012892,16 to 24,124,1,123
S01012892,25 to 34,125,1,124
S01012892,35 to 49,217,3,214
S01012892,50 to 64,261,3,258
S01012892,65 and over,203,0,203
S01012893,All people aged 3 and over,719,3,716
S01012893,3 to 15,121,0,121
S01012893,16 to 24,67,0,67
S01012893,25 to 34,97,0,97
S01012893,35 to 49,137,1,136
S01012893,50 to 64,155,0,155
S01012893,65 and over,142,2,140
S01012894,All people aged 3 and over,782,7,775
S01012894,3 to 15,176,1,175
S01012894,16 to 24,89,1,88
S01012894,25 to 34,105,3,102
S01012894,35 to 49,214,1,213
S01012894,50 to 64,131,1,130
S01012894,65 and over,67,0,67
S01012895,All people aged 3 and over,499,1,498
S01012895,3 to 15,88,0,88
S01012895,16 to 24,56,0,56
S01012895,25 to 34,68,0,68
S01012895,35 to 49,155,1,154
S01012895,50 to 64,86,0,86
S01012895,65 and over,46,0,46
S01012896,All people aged 3 and over,834,15,819
S01012896,3 to 15,73,4,69
S01012896,16 to 24,77,2,75
S01012896,25 to 34,41,0,41
S01012896,35 to 49,174,0,174
S01012896,50 to 64,245,3,242
S01012896,65 and over,224,6,218
S01012897,All people aged 3 and over,571,1,570
S01012897,3 to 15,98,0,98
S01012897,16 to 24,53,0,53
S01012897,25 to 34,97,0,97
S01012897,35 to 49,148,0,148
S01012897,50 to 64,110,0,110
S01012897,65 and over,65,1,64
S01012898,All people aged 3 and over,531,1,530
S01012898,3 to 15,130,0,130
S01012898,16 to 24,61,0,61
S01012898,25 to 34,48,0,48
S01012898,35 to 49,224,1,223
S01012898,50 to 64,59,0,59
S01012898,65 and over,9,0,9
S01012899,All people aged 3 and over,517,7,510
S01012899,3 to 15,40,0,40
S01012899,16 to 24,49,1,48
S01012899,25 to 34,40,1,39
S01012899,35 to 49,113,3,110
S01012899,50 to 64,165,2,163
S01012899,65 and over,110,0,110
S01012900,All people aged 3 and over,718,3,715
S01012900,3 to 15,100,0,100
S01012900,16 to 24,59,0,59
S01012900,25 to 34,49,1,48
S01012900,35 to 49,130,0,130
S01012900,50 to 64,138,1,137
S01012900,65 and over,242,1,241
S01012901,All people aged 3 and over,659,5,654
S01012901,3 to 15,90,0,90
S01012901,16 to 24,70,0,70
S01012901,25 to 34,99,1,98
S01012901,35 to 49,169,2,167
S01012901,50 to 64,115,0,115
S01012901,65 and over,116,2,114
S01012902,All people aged 3 and over,718,3,715
S01012902,3 to 15,89,0,89
S01012902,16 to 24,85,1,84
S01012902,25 to 34,116,0,116
S01012902,35 to 49,175,1,174
S01012902,50 to 64,131,1,130
S01012902,65 and over,122,0,122
S01012903,All people aged 3 and over,784,9,775
S01012903,3 to 15,101,1,100
S01012903,16 to 24,99,1,98
S01012903,25 to 34,129,0,129
S01012903,35 to 49,178,6,172
S01012903,50 to 64,137,1,136
S01012903,65 and over,140,0,140
S01012904,All people aged 3 and over,776,5,771
S01012904,3 to 15,143,2,141
S01012904,16 to 24,98,0,98
S01012904,25 to 34,109,0,109
S01012904,35 to 49,173,1,172
S01012904,50 to 64,135,1,134
S01012904,65 and over,118,1,117
S01012905,All people aged 3 and over,599,2,597
S01012905,3 to 15,109,0,109
S01012905,16 to 24,109,1,108
S01012905,25 to 34,72,0,72
S01012905,35 to 49,159,0,159
S01012905,50 to 64,86,1,85
S01012905,65 and over,64,0,64
S01012906,All people aged 3 and over,875,6,869
S01012906,3 to 15,92,2,90
S01012906,16 to 24,97,3,94
S01012906,25 to 34,124,0,124
S01012906,35 to 49,209,0,209
S01012906,50 to 64,190,1,189
S01012906,65 and over,163,0,163
S01012907,All people aged 3 and over,837,7,830
S01012907,3 to 15,101,2,99
S01012907,16 to 24,68,0,68
S01012907,25 to 34,108,0,108
S01012907,35 to 49,188,5,183
S01012907,50 to 64,148,0,148
S01012907,65 and over,224,0,224
S01012908,All people aged 3 and over,673,6,667
S01012908,3 to 15,70,1,69
S01012908,16 to 24,92,1,91
S01012908,25 to 34,75,0,75
S01012908,35 to 49,138,1,137
S01012908,50 to 64,131,2,129
S01012908,65 and over,167,1,166
S01012909,All people aged 3 and over,587,5,582
S01012909,3 to 15,75,0,75
S01012909,16 to 24,50,0,50
S01012909,25 to 34,79,0,79
S01012909,35 to 49,122,2,120
S01012909,50 to 64,99,3,96
S01012909,65 and over,162,0,162
S01012910,All people aged 3 and over,859,7,852
S01012910,3 to 15,85,1,84
S01012910,16 to 24,70,1,69
S01012910,25 to 34,96,1,95
S01012910,35 to 49,189,2,187
S01012910,50 to 64,207,0,207
S01012910,65 and over,212,2,210
S01012911,All people aged 3 and over,710,5,705
S01012911,3 to 15,79,0,79
S01012911,16 to 24,85,0,85
S01012911,25 to 34,67,1,66
S01012911,35 to 49,152,0,152
S01012911,50 to 64,147,4,143
S01012911,65 and over,180,0,180
S01012912,All people aged 3 and over,653,8,645
S01012912,3 to 15,73,1,72
S01012912,16 to 24,62,0,62
S01012912,25 to 34,78,2,76
S01012912,35 to 49,125,2,123
S01012912,50 to 64,126,1,125
S01012912,65 and over,189,2,187
S01012913,All people aged 3 and over,862,5,857
S01012913,3 to 15,130,0,130
S01012913,16 to 24,106,0,106
S01012913,25 to 34,82,0,82
S01012913,35 to 49,164,2,162
S01012913,50 to 64,175,2,173
S01012913,65 and over,205,1,204
S01012914,All people aged 3 and over,820,9,811
S01012914,3 to 15,109,0,109
S01012914,16 to 24,90,0,90
S01012914,25 to 34,120,3,117
S01012914,35 to 49,174,1,173
S01012914,50 to 64,195,2,193
S01012914,65 and over,132,3,129
S01012915,All people aged 3 and over,1011,11,1000
S01012915,3 to 15,201,4,197
S01012915,16 to 24,105,1,104
S01012915,25 to 34,142,2,140
S01012915,35 to 49,282,1,281
S01012915,50 to 64,154,1,153
S01012915,65 and over,127,2,125
S01012916,All people aged 3 and over,639,2,637
S01012916,3 to 15,67,0,67
S01012916,16 to 24,78,0,78
S01012916,25 to 34,60,0,60
S01012916,35 to 49,129,0,129
S01012916,50 to 64,133,0,133
S01012916,65 and over,172,2,170
S01012917,All people aged 3 and over,700,4,696
S01012917,3 to 15,113,0,113
S01012917,16 to 24,95,0,95
S01012917,25 to 34,35,1,34
S01012917,35 to 49,160,0,160
S01012917,50 to 64,170,1,169
S01012917,65 and over,127,2,125
S01012918,All people aged 3 and over,477,3,474
S01012918,3 to 15,60,0,60
S01012918,16 to 24,61,0,61
S01012918,25 to 34,60,1,59
S01012918,35 to 49,119,2,117
S01012918,50 to 64,73,0,73
S01012918,65 and over,104,0,104
S01012919,All people aged 3 and over,447,2,445
S01012919,3 to 15,50,0,50
S01012919,16 to 24,43,0,43
S01012919,25 to 34,50,0,50
S01012919,35 to 49,91,0,91
S01012919,50 to 64,68,0,68
S01012919,65 and over,145,2,143
S01012920,All people aged 3 and over,564,5,559
S01012920,3 to 15,58,0,58
S01012920,16 to 24,56,0,56
S01012920,25 to 34,26,0,26
S01012920,35 to 49,100,3,97
S01012920,50 to 64,156,1,155
S01012920,65 and over,168,1,167
S01012921,All people aged 3 and over,680,3,677
S01012921,3 to 15,86,0,86
S01012921,16 to 24,98,0,98
S01012921,25 to 34,64,1,63
S01012921,35 to 49,161,2,159
S01012921,50 to 64,110,0,110
S01012921,65 and over,161,0,161
S01012922,All people aged 3 and over,974,8,966
S01012922,3 to 15,190,3,187
S01012922,16 to 24,115,0,115
S01012922,25 to 34,107,0,107
S01012922,35 to 49,284,2,282
S01012922,50 to 64,123,2,121
S01012922,65 and over,155,1,154
S01012923,All people aged 3 and over,687,7,680
S01012923,3 to 15,109,1,108
S01012923,16 to 24,98,2,96
S01012923,25 to 34,78,0,78
S01012923,35 to 49,169,0,169
S01012923,50 to 64,120,1,119
S01012923,65 and over,113,3,110
S01012924,All people aged 3 and over,484,4,480
S01012924,3 to 15,62,1,61
S01012924,16 to 24,59,2,57
S01012924,25 to 34,75,0,75
S01012924,35 to 49,117,1,116
S01012924,50 to 64,87,0,87
S01012924,65 and over,84,0,84
S01012925,All people aged 3 and over,472,1,471
S01012925,3 to 15,59,0,59
S01012925,16 to 24,67,0,67
S01012925,25 to 34,39,0,39
S01012925,35 to 49,95,0,95
S01012925,50 to 64,123,1,122
S01012925,65 and over,89,0,89
S01012926,All people aged 3 and over,678,13,665
S01012926,3 to 15,85,4,81
S01012926,16 to 24,89,0,89
S01012926,25 to 34,98,1,97
S01012926,35 to 49,148,2,146
S01012926,50 to 64,145,5,140
S01012926,65 and over,113,1,112
S01012927,All people aged 3 and over,747,3,744
S01012927,3 to 15,119,0,119
S01012927,16 to 24,84,0,84
S01012927,25 to 34,107,2,105
S01012927,35 to 49,173,0,173
S01012927,50 to 64,134,1,133
S01012927,65 and over,130,0,130
S01012928,All people aged 3 and over,790,7,783
S01012928,3 to 15,115,2,113
S01012928,16 to 24,100,2,98
S01012928,25 to 34,66,0,66
S01012928,35 to 49,196,1,195
S01012928,50 to 64,148,2,146
S01012928,65 and over,165,0,165
S01012929,All people aged 3 and over,734,8,726
S01012929,3 to 15,93,3,90
S01012929,16 to 24,78,1,77
S01012929,25 to 34,88,1,87
S01012929,35 to 49,131,2,129
S01012929,50 to 64,139,1,138
S01012929,65 and over,205,0,205
S01012930,All people aged 3 and over,849,7,842
S01012930,3 to 15,70,1,69
S01012930,16 to 24,68,0,68
S01012930,25 to 34,121,0,121
S01012930,35 to 49,165,2,163
S01012930,50 to 64,144,2,142
S01012930,65 and over,281,2,279
S01012931,All people aged 3 and over,855,14,841
S01012931,3 to 15,125,2,123
S01012931,16 to 24,76,1,75
S01012931,25 to 34,110,0,110
S01012931,35 to 49,194,4,190
S01012931,50 to 64,177,1,176
S01012931,65 and over,173,6,167
S01012932,All people aged 3 and over,497,4,493
S01012932,3 to 15,74,0,74
S01012932,16 to 24,63,1,62
S01012932,25 to 34,38,1,37
S01012932,35 to 49,111,1,110
S01012932,50 to 64,118,0,118
S01012932,65 and over,93,1,92
S01012933,All people aged 3 and over,782,8,774
S01012933,3 to 15,107,5,102
S01012933,16 to 24,95,0,95
S01012933,25 to 34,79,0,79
S01012933,35 to 49,184,1,183
S01012933,50 to 64,162,2,160
S01012933,65 and over,155,0,155
S01012934,All people aged 3 and over,682,8,674
S01012934,3 to 15,77,0,77
S01012934,16 to 24,57,0,57
S01012934,25 to 34,77,1,76
S01012934,35 to 49,121,1,120
S01012934,50 to 64,159,5,154
S01012934,65 and over,191,1,190
S01012935,All people aged 3 and over,856,12,844
S01012935,3 to 15,139,3,136
S01012935,16 to 24,107,1,106
S01012935,25 to 34,98,0,98
S01012935,35 to 49,187,2,185
S01012935,50 to 64,164,2,162
S01012935,65 and over,161,4,157
S01012936,All people aged 3 and over,710,5,705
S01012936,3 to 15,91,0,91
S01012936,16 to 24,76,2,74
S01012936,25 to 34,80,1,79
S01012936,35 to 49,148,1,147
S01012936,50 to 64,151,1,150
S01012936,65 and over,164,0,164
S01012937,All people aged 3 and over,675,8,667
S01012937,3 to 15,94,1,93
S01012937,16 to 24,94,0,94
S01012937,25 to 34,67,0,67
S01012937,35 to 49,167,4,163
S01012937,50 to 64,145,0,145
S01012937,65 and over,108,3,105
S01012938,All people aged 3 and over,684,2,682
S01012938,3 to 15,84,0,84
S01012938,16 to 24,79,0,79
S01012938,25 to 34,35,0,35
S01012938,35 to 49,132,0,132
S01012938,50 to 64,189,2,187
S01012938,65 and over,165,0,165
S01012939,All people aged 3 and over,634,2,632
S01012939,3 to 15,134,0,134
S01012939,16 to 24,90,0,90
S01012939,25 to 34,42,0,42
S01012939,35 to 49,159,2,157
S01012939,50 to 64,137,0,137
S01012939,65 and over,72,0,72
S01012940,All people aged 3 and over,682,5,677
S01012940,3 to 15,103,0,103
S01012940,16 to 24,85,1,84
S01012940,25 to 34,58,0,58
S01012940,35 to 49,162,1,161
S01012940,50 to 64,200,3,197
S01012940,65 and over,74,0,74
S01012941,All people aged 3 and over,772,3,769
S01012941,3 to 15,172,0,172
S01012941,16 to 24,105,0,105
S01012941,25 to 34,51,0,51
S01012941,35 to 49,216,0,216
S01012941,50 to 64,186,3,183
S01012941,65 and over,42,0,42
S01012942,All people aged 3 and over,751,11,740
S01012942,3 to 15,127,6,121
S01012942,16 to 24,101,0,101
S01012942,25 to 34,101,0,101
S01012942,35 to 49,176,2,174
S01012942,50 to 64,129,2,127
S01012942,65 and over,117,1,116
S01012943,All people aged 3 and over,724,9,715
S01012943,3 to 15,149,1,148
S01012943,16 to 24,80,0,80
S01012943,25 to 34,83,1,82
S01012943,35 to 49,191,4,187
S01012943,50 to 64,136,1,135
S01012943,65 and over,85,2,83
S01012944,All people aged 3 and over,512,8,504
S01012944,3 to 15,94,4,90
S01012944,16 to 24,50,0,50
S01012944,25 to 34,36,0,36
S01012944,35 to 49,129,4,125
S01012944,50 to 64,103,0,103
S01012944,65 and over,100,0,100
S01012945,All people aged 3 and over,724,10,714
S01012945,3 to 15,156,3,153
S01012945,16 to 24,76,0,76
S01012945,25 to 34,49,1,48
S01012945,35 to 49,220,4,216
S01012945,50 to 64,156,2,154
S01012945,65 and over,67,0,67
S01012946,All people aged 3 and over,833,1,832
S01012946,3 to 15,142,0,142
S01012946,16 to 24,106,0,106
S01012946,25 to 34,88,1,87
S01012946,35 to 49,223,0,223
S01012946,50 to 64,195,0,195
S01012946,65 and over,79,0,79
S01012947,All people aged 3 and over,446,0,446
S01012947,3 to 15,74,0,74
S01012947,16 to 24,75,0,75
S01012947,25 to 34,19,0,19
S01012947,35 to 49,103,0,103
S01012947,50 to 64,142,0,142
S01012947,65 and over,33,0,33
S01012948,All people aged 3 and over,667,4,663
S01012948,3 to 15,95,0,95
S01012948,16 to 24,96,0,96
S01012948,25 to 34,64,0,64
S01012948,35 to 49,161,1,160
S01012948,50 to 64,176,1,175
S01012948,65 and over,75,2,73
S01012949,All people aged 3 and over,658,4,654
S01012949,3 to 15,63,0,63
S01012949,16 to 24,101,0,101
S01012949,25 to 34,53,0,53
S01012949,35 to 49,123,0,123
S01012949,50 to 64,226,1,225
S01012949,65 and over,92,3,89
S01012950,All people aged 3 and over,841,7,834
S01012950,3 to 15,163,1,162
S01012950,16 to 24,139,0,139
S01012950,25 to 34,59,0,59
S01012950,35 to 49,253,4,249
S01012950,50 to 64,190,1,189
S01012950,65 and over,37,1,36
S01012951,All people aged 3 and over,833,4,829
S01012951,3 to 15,184,1,183
S01012951,16 to 24,83,0,83
S01012951,25 to 34,125,0,125
S01012951,35 to 49,319,3,316
S01012951,50 to 64,102,0,102
S01012951,65 and over,20,0,20
S01012952,All people aged 3 and over,622,5,617
S01012952,3 to 15,97,0,97
S01012952,16 to 24,74,0,74
S01012952,25 to 34,30,0,30
S01012952,35 to 49,133,1,132
S01012952,50 to 64,145,1,144
S01012952,65 and over,143,3,140
S01012953,All people aged 3 and over,669,5,664
S01012953,3 to 15,101,0,101
S01012953,16 to 24,67,1,66
S01012953,25 to 34,74,1,73
S01012953,35 to 49,154,0,154
S01012953,50 to 64,192,3,189
S01012953,65 and over,81,0,81
S01012954,All people aged 3 and over,468,3,465
S01012954,3 to 15,76,0,76
S01012954,16 to 24,66,0,66
S01012954,25 to 34,48,0,48
S01012954,35 to 49,125,2,123
S01012954,50 to 64,113,1,112
S01012954,65 and over,40,0,40
S01012955,All people aged 3 and over,913,10,903
S01012955,3 to 15,150,2,148
S01012955,16 to 24,112,1,111
S01012955,25 to 34,100,0,100
S01012955,35 to 49,242,4,238
S01012955,50 to 64,184,2,182
S01012955,65 and over,125,1,124
S01012956,All people aged 3 and over,969,4,965
S01012956,3 to 15,118,0,118
S01012956,16 to 24,101,0,101
S01012956,25 to 34,88,0,88
S01012956,35 to 49,198,0,198
S01012956,50 to 64,158,0,158
S01012956,65 and over,306,4,302
S01012957,All people aged 3 and over,611,4,607
S01012957,3 to 15,71,0,71
S01012957,16 to 24,76,0,76
S01012957,25 to 34,74,0,74
S01012957,35 to 49,143,2,141
S01012957,50 to 64,114,0,114
S01012957,65 and over,133,2,131
S01012958,All people aged 3 and over,489,5,484
S01012958,3 to 15,54,2,52
S01012958,16 to 24,60,0,60
S01012958,25 to 34,67,0,67
S01012958,35 to 49,110,1,109
S01012958,50 to 64,138,1,137
S01012958,65 and over,60,1,59
S01012959,All people aged 3 and over,560,13,547
S01012959,3 to 15,94,1,93
S01012959,16 to 24,88,3,85
S01012959,25 to 34,61,1,60
S01012959,35 to 49,183,5,178
S01012959,50 to 64,102,3,99
S01012959,65 and over,32,0,32
S01012960,All people aged 3 and over,588,5,583
S01012960,3 to 15,86,1,85
S01012960,16 to 24,85,0,85
S01012960,25 to 34,70,0,70
S01012960,35 to 49,122,2,120
S01012960,50 to 64,155,0,155
S01012960,65 and over,70,2,68
S01012961,All people aged 3 and over,502,1,501
S01012961,3 to 15,86,0,86
S01012961,16 to 24,58,0,58
S01012961,25 to 34,45,0,45
S01012961,35 to 49,119,0,119
S01012961,50 to 64,139,1,138
S01012961,65 and over,55,0,55
S01012962,All people aged 3 and over,638,8,630
S01012962,3 to 15,83,1,82
S01012962,16 to 24,93,0,93
S01012962,25 to 34,52,1,51
S01012962,35 to 49,115,2,113
S01012962,50 to 64,191,4,187
S01012962,65 and over,104,0,104
S01012963,All people aged 3 and over,786,16,770
S01012963,3 to 15,170,7,163
S01012963,16 to 24,93,2,91
S01012963,25 to 34,58,0,58
S01012963,35 to 49,249,6,243
S01012963,50 to 64,166,0,166
S01012963,65 and over,50,1,49
S01012964,All people aged 3 and over,607,19,588
S01012964,3 to 15,158,7,151
S01012964,16 to 24,79,1,78
S01012964,25 to 34,63,3,60
S01012964,35 to 49,206,6,200
S01012964,50 to 64,82,2,80
S01012964,65 and over,19,0,19
S01012965,All people aged 3 and over,701,18,683
S01012965,3 to 15,138,8,130
S01012965,16 to 24,87,1,86
S01012965,25 to 34,66,2,64
S01012965,35 to 49,185,5,180
S01012965,50 to 64,99,1,98
S01012965,65 and over,126,1,125
S01012966,All people aged 3 and over,728,6,722
S01012966,3 to 15,135,2,133
S01012966,16 to 24,76,0,76
S01012966,25 to 34,79,0,79
S01012966,35 to 49,181,1,180
S01012966,50 to 64,133,2,131
S01012966,65 and over,124,1,123
S01012967,All people aged 3 and over,481,12,469
S01012967,3 to 15,84,3,81
S01012967,16 to 24,70,2,68
S01012967,25 to 34,57,1,56
S01012967,35 to 49,102,0,102
S01012967,50 to 64,123,6,117
S01012967,65 and over,45,0,45
S01012968,All people aged 3 and over,627,6,621
S01012968,3 to 15,110,3,107
S01012968,16 to 24,78,0,78
S01012968,25 to 34,92,1,91
S01012968,35 to 49,139,2,137
S01012968,50 to 64,144,0,144
S01012968,65 and over,64,0,64
S01012969,All people aged 3 and over,666,4,662
S01012969,3 to 15,96,1,95
S01012969,16 to 24,67,1,66
S01012969,25 to 34,83,0,83
S01012969,35 to 49,145,0,145
S01012969,50 to 64,140,2,138
S01012969,65 and over,135,0,135
S01012970,All people aged 3 and over,564,8,556
S01012970,3 to 15,75,3,72
S01012970,16 to 24,57,1,56
S01012970,25 to 34,73,1,72
S01012970,35 to 49,128,0,128
S01012970,50 to 64,143,0,143
S01012970,65 and over,88,3,85
S01012971,All people aged 3 and over,796,4,792
S01012971,3 to 15,158,3,155
S01012971,16 to 24,134,0,134
S01012971,25 to 34,119,0,119
S01012971,35 to 49,194,1,193
S01012971,50 to 64,132,0,132
S01012971,65 and over,59,0,59
S01012972,All people aged 3 and over,757,6,751
S01012972,3 to 15,145,0,145
S01012972,16 to 24,96,0,96
S01012972,25 to 34,111,0,111
S01012972,35 to 49,151,1,150
S01012972,50 to 64,145,4,141
S01012972,65 and over,109,1,108
S01012973,All people aged 3 and over,766,1,765
S01012973,3 to 15,119,0,119
S01012973,16 to 24,83,0,83
S01012973,25 to 34,95,1,94
S01012973,35 to 49,166,0,166
S01012973,50 to 64,153,0,153
S01012973,65 and over,150,0,150
S01012974,All people aged 3 and over,997,11,986
S01012974,3 to 15,113,2,111
S01012974,16 to 24,77,0,77
S01012974,25 to 34,117,1,116
S01012974,35 to 49,188,4,184
S01012974,50 to 64,212,3,209
S01012974,65 and over,290,1,289
S01012975,All people aged 3 and over,591,7,584
S01012975,3 to 15,100,1,99
S01012975,16 to 24,59,1,58
S01012975,25 to 34,69,0,69
S01012975,35 to 49,129,1,128
S01012975,50 to 64,111,3,108
S01012975,65 and over,123,1,122
S01012976,All people aged 3 and over,508,5,503
S01012976,3 to 15,81,1,80
S01012976,16 to 24,59,0,59
S01012976,25 to 34,80,0,80
S01012976,35 to 49,94,2,92
S01012976,50 to 64,97,0,97
S01012976,65 and over,97,2,95
S01012977,All people aged 3 and over,695,4,691
S01012977,3 to 15,136,1,135
S01012977,16 to 24,97,1,96
S01012977,25 to 34,109,0,109
S01012977,35 to 49,166,1,165
S01012977,50 to 64,121,1,120
S01012977,65 and over,66,0,66
S01012978,All people aged 3 and over,783,2,781
S01012978,3 to 15,136,0,136
S01012978,16 to 24,114,2,112
S01012978,25 to 34,98,0,98
S01012978,35 to 49,174,0,174
S01012978,50 to 64,166,0,166
S01012978,65 and over,95,0,95
S01012979,All people aged 3 and over,654,3,651
S01012979,3 to 15,138,0,138
S01012979,16 to 24,77,0,77
S01012979,25 to 34,67,0,67
S01012979,35 to 49,164,3,161
S01012979,50 to 64,127,0,127
S01012979,65 and over,81,0,81
S01012980,All people aged 3 and over,636,8,628
S01012980,3 to 15,109,0,109
S01012980,16 to 24,80,1,79
S01012980,25 to 34,122,3,119
S01012980,35 to 49,143,3,140
S01012980,50 to 64,95,0,95
S01012980,65 and over,87,1,86
S01012981,All people aged 3 and over,727,4,723
S01012981,3 to 15,105,0,105
S01012981,16 to 24,108,0,108
S01012981,25 to 34,97,0,97
S01012981,35 to 49,204,1,203
S01012981,50 to 64,130,2,128
S01012981,65 and over,83,1,82
S01012982,All people aged 3 and over,779,7,772
S01012982,3 to 15,117,0,117
S01012982,16 to 24,92,2,90
S01012982,25 to 34,107,3,104
S01012982,35 to 49,198,2,196
S01012982,50 to 64,130,0,130
S01012982,65 and over,135,0,135
S01012983,All people aged 3 and over,728,12,716
S01012983,3 to 15,95,4,91
S01012983,16 to 24,91,2,89
S01012983,25 to 34,43,0,43
S01012983,35 to 49,184,2,182
S01012983,50 to 64,163,3,160
S01012983,65 and over,152,1,151
S01012984,All people aged 3 and over,617,12,605
S01012984,3 to 15,87,3,84
S01012984,16 to 24,78,2,76
S01012984,25 to 34,76,0,76
S01012984,35 to 49,166,2,164
S01012984,50 to 64,108,5,103
S01012984,65 and over,102,0,102
S01012985,All people aged 3 and over,768,3,765
S01012985,3 to 15,109,0,109
S01012985,16 to 24,99,0,99
S01012985,25 to 34,77,1,76
S01012985,35 to 49,179,0,179
S01012985,50 to 64,161,2,159
S01012985,65 and over,143,0,143
S01012986,All people aged 3 and over,719,4,715
S01012986,3 to 15,93,0,93
S01012986,16 to 24,68,0,68
S01012986,25 to 34,121,1,120
S01012986,35 to 49,169,1,168
S01012986,50 to 64,141,0,141
S01012986,65 and over,127,2,125
S01012987,All people aged 3 and over,713,12,701
S01012987,3 to 15,81,0,81
S01012987,16 to 24,88,3,85
S01012987,25 to 34,74,0,74
S01012987,35 to 49,168,2,166
S01012987,50 to 64,129,0,129
S01012987,65 and over,173,7,166
S01012988,All people aged 3 and over,853,9,844
S01012988,3 to 15,109,0,109
S01012988,16 to 24,88,0,88
S01012988,25 to 34,93,3,90
S01012988,35 to 49,171,5,166
S01012988,50 to 64,162,1,161
S01012988,65 and over,230,0,230
S01012989,All people aged 3 and over,922,2,920
S01012989,3 to 15,113,1,112
S01012989,16 to 24,104,0,104
S01012989,25 to 34,131,0,131
S01012989,35 to 49,160,1,159
S01012989,50 to 64,189,0,189
S01012989,65 and over,225,0,225
S01012990,All people aged 3 and over,587,3,584
S01012990,3 to 15,71,0,71
S01012990,16 to 24,71,0,71
S01012990,25 to 34,47,0,47
S01012990,35 to 49,130,1,129
S01012990,50 to 64,128,0,128
S01012990,65 and over,140,2,138
S01012991,All people aged 3 and over,801,5,796
S01012991,3 to 15,132,2,130
S01012991,16 to 24,83,0,83
S01012991,25 to 34,77,0,77
S01012991,35 to 49,189,0,189
S01012991,50 to 64,142,1,141
S01012991,65 and over,178,2,176
S01012992,All people aged 3 and over,758,5,753
S01012992,3 to 15,99,0,99
S01012992,16 to 24,90,1,89
S01012992,25 to 34,88,0,88
S01012992,35 to 49,173,1,172
S01012992,50 to 64,130,2,128
S01012992,65 and over,178,1,177
S01012993,All people aged 3 and over,663,0,663
S01012993,3 to 15,78,0,78
S01012993,16 to 24,73,0,73
S01012993,25 to 34,86,0,86
S01012993,35 to 49,142,0,142
S01012993,50 to 64,138,0,138
S01012993,65 and over,146,0,146
S01012994,All people aged 3 and over,847,9,838
S01012994,3 to 15,87,0,87
S01012994,16 to 24,113,1,112
S01012994,25 to 34,123,0,123
S01012994,35 to 49,188,1,187
S01012994,50 to 64,170,2,168
S01012994,65 and over,166,5,161
S01012995,All people aged 3 and over,770,13,757
S01012995,3 to 15,108,3,105
S01012995,16 to 24,90,2,88
S01012995,25 to 34,111,0,111
S01012995,35 to 49,182,4,178
S01012995,50 to 64,181,2,179
S01012995,65 and over,98,2,96
S01012996,All people aged 3 and over,632,4,628
S01012996,3 to 15,82,2,80
S01012996,16 to 24,124,0,124
S01012996,25 to 34,82,0,82
S01012996,35 to 49,149,0,149
S01012996,50 to 64,144,2,142
S01012996,65 and over,51,0,51
S01012997,All people aged 3 and over,475,1,474
S01012997,3 to 15,83,0,83
S01012997,16 to 24,47,0,47
S01012997,25 to 34,52,0,52
S01012997,35 to 49,105,0,105
S01012997,50 to 64,86,0,86
S01012997,65 and over,102,1,101
S01012998,All people aged 3 and over,1018,15,1003
S01012998,3 to 15,181,6,175
S01012998,16 to 24,139,0,139
S01012998,25 to 34,114,1,113
S01012998,35 to 49,280,3,277
S01012998,50 to 64,182,1,181
S01012998,65 and over,122,4,118
S01012999,All people aged 3 and over,466,0,466
S01012999,3 to 15,69,0,69
S01012999,16 to 24,51,0,51
S01012999,25 to 34,59,0,59
S01012999,35 to 49,121,0,121
S01012999,50 to 64,77,0,77
S01012999,65 and over,89,0,89
S01013000,All people aged 3 and over,622,2,620
S01013000,3 to 15,73,0,73
S01013000,16 to 24,57,0,57
S01013000,25 to 34,81,0,81
S01013000,35 to 49,139,1,138
S01013000,50 to 64,119,1,118
S01013000,65 and over,153,0,153
S01013001,All people aged 3 and over,373,3,370
S01013001,3 to 15,52,0,52
S01013001,16 to 24,33,0,33
S01013001,25 to 34,20,0,20
S01013001,35 to 49,77,0,77
S01013001,50 to 64,114,1,113
S01013001,65 and over,77,2,75
S01013002,All people aged 3 and over,486,5,481
S01013002,3 to 15,81,0,81
S01013002,16 to 24,45,0,45
S01013002,25 to 34,21,0,21
S01013002,35 to 49,124,0,124
S01013002,50 to 64,112,0,112
S01013002,65 and over,103,5,98
S01013003,All people aged 3 and over,637,6,631
S01013003,3 to 15,115,0,115
S01013003,16 to 24,54,0,54
S01013003,25 to 34,19,0,19
S01013003,35 to 49,130,2,128
S01013003,50 to 64,168,2,166
S01013003,65 and over,151,2,149
S01013004,All people aged 3 and over,661,8,653
S01013004,3 to 15,128,0,128
S01013004,16 to 24,59,0,59
S01013004,25 to 34,28,0,28
S01013004,35 to 49,139,3,136
S01013004,50 to 64,182,2,180
S01013004,65 and over,125,3,122
S01013005,All people aged 3 and over,722,13,709
S01013005,3 to 15,147,5,142
S01013005,16 to 24,59,0,59
S01013005,25 to 34,40,0,40
S01013005,35 to 49,144,4,140
S01013005,50 to 64,179,1,178
S01013005,65 and over,153,3,150
S01013006,All people aged 3 and over,602,8,594
S01013006,3 to 15,99,1,98
S01013006,16 to 24,60,1,59
S01013006,25 to 34,30,0,30
S01013006,35 to 49,142,2,140
S01013006,50 to 64,160,1,159
S01013006,65 and over,111,3,108
S01013007,All people aged 3 and over,926,12,914
S01013007,3 to 15,128,0,128
S01013007,16 to 24,69,0,69
S01013007,25 to 34,49,0,49
S01013007,35 to 49,189,2,187
S01013007,50 to 64,199,5,194
S01013007,65 and over,292,5,287
S01013008,All people aged 3 and over,750,11,739
S01013008,3 to 15,134,0,134
S01013008,16 to 24,57,0,57
S01013008,25 to 34,53,0,53
S01013008,35 to 49,173,2,171
S01013008,50 to 64,176,3,173
S01013008,65 and over,157,6,151
S01013009,All people aged 3 and over,618,12,606
S01013009,3 to 15,92,1,91
S01013009,16 to 24,51,1,50
S01013009,25 to 34,50,0,50
S01013009,35 to 49,140,1,139
S01013009,50 to 64,106,3,103
S01013009,65 and over,179,6,173
S01013010,All people aged 3 and over,584,11,573
S01013010,3 to 15,103,0,103
S01013010,16 to 24,47,0,47
S01013010,25 to 34,28,0,28
S01013010,35 to 49,135,1,134
S01013010,50 to 64,155,7,148
S01013010,65 and over,116,3,113
S01013011,All people aged 3 and over,680,9,671
S01013011,3 to 15,168,1,167
S01013011,16 to 24,55,0,55
S01013011,25 to 34,52,0,52
S01013011,35 to 49,214,5,209
S01013011,50 to 64,110,2,108
S01013011,65 and over,81,1,80
S01013012,All people aged 3 and over,647,7,640
S01013012,3 to 15,107,0,107
S01013012,16 to 24,71,0,71
S01013012,25 to 34,61,1,60
S01013012,35 to 49,149,2,147
S01013012,50 to 64,132,2,130
S01013012,65 and over,127,2,125
S01013013,All people aged 3 and over,709,10,699
S01013013,3 to 15,143,0,143
S01013013,16 to 24,59,0,59
S01013013,25 to 34,46,1,45
S01013013,35 to 49,152,4,148
S01013013,50 to 64,174,1,173
S01013013,65 and over,135,4,131
S01013014,All people aged 3 and over,717,8,709
S01013014,3 to 15,110,0,110
S01013014,16 to 24,56,0,56
S01013014,25 to 34,44,0,44
S01013014,35 to 49,156,4,152
S01013014,50 to 64,183,3,180
S01013014,65 and over,168,1,167
S01013015,All people aged 3 and over,744,9,735
S01013015,3 to 15,136,0,136
S01013015,16 to 24,64,0,64
S01013015,25 to 34,46,4,42
S01013015,35 to 49,162,1,161
S01013015,50 to 64,178,2,176
S01013015,65 and over,158,2,156
S01013016,All people aged 3 and over,587,8,579
S01013016,3 to 15,90,0,90
S01013016,16 to 24,49,1,48
S01013016,25 to 34,31,0,31
S01013016,35 to 49,130,2,128
S01013016,50 to 64,187,4,183
S01013016,65 and over,100,1,99
S01013017,All people aged 3 and over,819,16,803
S01013017,3 to 15,160,7,153
S01013017,16 to 24,65,0,65
S01013017,25 to 34,56,2,54
S01013017,35 to 49,195,2,193
S01013017,50 to 64,173,4,169
S01013017,65 and over,170,1,169
S01013018,All people aged 3 and over,940,16,924
S01013018,3 to 15,170,1,169
S01013018,16 to 24,69,0,69
S01013018,25 to 34,50,0,50
S01013018,35 to 49,229,5,224
S01013018,50 to 64,233,5,228
S01013018,65 and over,189,5,184
S01013019,All people aged 3 and over,866,9,857
S01013019,3 to 15,179,1,178
S01013019,16 to 24,84,1,83
S01013019,25 to 34,96,0,96
S01013019,35 to 49,247,1,246
S01013019,50 to 64,145,4,141
S01013019,65 and over,115,2,113
S01013020,All people aged 3 and over,451,9,442
S01013020,3 to 15,46,0,46
S01013020,16 to 24,41,3,38
S01013020,25 to 34,54,1,53
S01013020,35 to 49,79,1,78
S01013020,50 to 64,103,1,102
S01013020,65 and over,128,3,125
S01013021,All people aged 3 and over,449,3,446
S01013021,3 to 15,73,0,73
S01013021,16 to 24,42,0,42
S01013021,25 to 34,61,1,60
S01013021,35 to 49,109,1,108
S01013021,50 to 64,89,0,89
S01013021,65 and over,75,1,74
S01013022,All people aged 3 and over,398,3,395
S01013022,3 to 15,74,0,74
S01013022,16 to 24,52,1,51
S01013022,25 to 34,82,1,81
S01013022,35 to 49,97,1,96
S01013022,50 to 64,53,0,53
S01013022,65 and over,40,0,40
S01013023,All people aged 3 and over,841,5,836
S01013023,3 to 15,132,0,132
S01013023,16 to 24,64,0,64
S01013023,25 to 34,59,0,59
S01013023,35 to 49,183,3,180
S01013023,50 to 64,224,1,223
S01013023,65 and over,179,1,178
S01013024,All people aged 3 and over,515,13,502
S01013024,3 to 15,93,1,92
S01013024,16 to 24,44,1,43
S01013024,25 to 34,39,1,38
S01013024,35 to 49,113,0,113
S01013024,50 to 64,112,2,110
S01013024,65 and over,114,8,106
S01013025,All people aged 3 and over,537,7,530
S01013025,3 to 15,59,0,59
S01013025,16 to 24,45,0,45
S01013025,25 to 34,44,1,43
S01013025,35 to 49,115,1,114
S01013025,50 to 64,159,4,155
S01013025,65 and over,115,1,114
S01013026,All people aged 3 and over,953,6,947
S01013026,3 to 15,141,1,140
S01013026,16 to 24,81,0,81
S01013026,25 to 34,161,0,161
S01013026,35 to 49,236,1,235
S01013026,50 to 64,197,2,195
S01013026,65 and over,137,2,135
S01013027,All people aged 3 and over,987,5,982
S01013027,3 to 15,193,1,192
S01013027,16 to 24,128,0,128
S01013027,25 to 34,111,0,111
S01013027,35 to 49,218,1,217
S01013027,50 to 64,175,2,173
S01013027,65 and over,162,1,161
S01013028,All people aged 3 and over,446,12,434
S01013028,3 to 15,53,3,50
S01013028,16 to 24,51,1,50
S01013028,25 to 34,54,2,52
S01013028,35 to 49,116,3,113
S01013028,50 to 64,109,2,107
S01013028,65 and over,63,1,62
S01013029,All people aged 3 and over,559,1,558
S01013029,3 to 15,69,0,69
S01013029,16 to 24,66,0,66
S01013029,25 to 34,59,0,59
S01013029,35 to 49,113,1,112
S01013029,50 to 64,107,0,107
S01013029,65 and over,145,0,145
S01013030,All people aged 3 and over,612,0,612
S01013030,3 to 15,131,0,131
S01013030,16 to 24,82,0,82
S01013030,25 to 34,68,0,68
S01013030,35 to 49,131,0,131
S01013030,50 to 64,131,0,131
S01013030,65 and over,69,0,69
S01013031,All people aged 3 and over,614,3,611
S01013031,3 to 15,109,0,109
S01013031,16 to 24,87,0,87
S01013031,25 to 34,84,0,84
S01013031,35 to 49,136,2,134
S01013031,50 to 64,118,1,117
S01013031,65 and over,80,0,80
S01013032,All people aged 3 and over,772,3,769
S01013032,3 to 15,201,0,201
S01013032,16 to 24,51,0,51
S01013032,25 to 34,146,0,146
S01013032,35 to 49,248,2,246
S01013032,50 to 64,96,1,95
S01013032,65 and over,30,0,30
S01013033,All people aged 3 and over,636,6,630
S01013033,3 to 15,124,1,123
S01013033,16 to 24,65,0,65
S01013033,25 to 34,156,2,154
S01013033,35 to 49,170,2,168
S01013033,50 to 64,81,1,80
S01013033,65 and over,40,0,40
S01013034,All people aged 3 and over,678,3,675
S01013034,3 to 15,102,1,101
S01013034,16 to 24,78,1,77
S01013034,25 to 34,101,0,101
S01013034,35 to 49,142,0,142
S01013034,50 to 64,128,1,127
S01013034,65 and over,127,0,127
S01013035,All people aged 3 and over,655,0,655
S01013035,3 to 15,107,0,107
S01013035,16 to 24,89,0,89
S01013035,25 to 34,88,0,88
S01013035,35 to 49,143,0,143
S01013035,50 to 64,128,0,128
S01013035,65 and over,100,0,100
S01013036,All people aged 3 and over,749,2,747
S01013036,3 to 15,144,0,144
S01013036,16 to 24,126,0,126
S01013036,25 to 34,91,1,90
S01013036,35 to 49,165,1,164
S01013036,50 to 64,154,0,154
S01013036,65 and over,69,0,69
S01013037,All people aged 3 and over,753,2,751
S01013037,3 to 15,99,0,99
S01013037,16 to 24,84,0,84
S01013037,25 to 34,69,0,69
S01013037,35 to 49,187,2,185
S01013037,50 to 64,166,0,166
S01013037,65 and over,148,0,148
S01013038,All people aged 3 and over,953,5,948
S01013038,3 to 15,142,1,141
S01013038,16 to 24,126,0,126
S01013038,25 to 34,101,2,99
S01013038,35 to 49,231,1,230
S01013038,50 to 64,171,0,171
S01013038,65 and over,182,1,181
S01013039,All people aged 3 and over,516,1,515
S01013039,3 to 15,89,0,89
S01013039,16 to 24,88,0,88
S01013039,25 to 34,41,0,41
S01013039,35 to 49,147,0,147
S01013039,50 to 64,120,1,119
S01013039,65 and over,31,0,31
S01013040,All people aged 3 and over,618,4,614
S01013040,3 to 15,74,1,73
S01013040,16 to 24,59,2,57
S01013040,25 to 34,72,0,72
S01013040,35 to 49,124,0,124
S01013040,50 to 64,128,0,128
S01013040,65 and over,161,1,160
S01013041,All people aged 3 and over,572,8,564
S01013041,3 to 15,87,1,86
S01013041,16 to 24,68,0,68
S01013041,25 to 34,74,1,73
S01013041,35 to 49,124,4,120
S01013041,50 to 64,134,2,132
S01013041,65 and over,85,0,85
S01013042,All people aged 3 and over,764,10,754
S01013042,3 to 15,114,2,112
S01013042,16 to 24,102,1,101
S01013042,25 to 34,106,0,106
S01013042,35 to 49,237,4,233
S01013042,50 to 64,124,2,122
S01013042,65 and over,81,1,80
S01013043,All people aged 3 and over,676,2,674
S01013043,3 to 15,118,0,118
S01013043,16 to 24,103,0,103
S01013043,25 to 34,78,1,77
S01013043,35 to 49,144,0,144
S01013043,50 to 64,134,1,133
S01013043,65 and over,99,0,99
S01013044,All people aged 3 and over,808,3,805
S01013044,3 to 15,159,0,159
S01013044,16 to 24,99,0,99
S01013044,25 to 34,96,1,95
S01013044,35 to 49,162,0,162
S01013044,50 to 64,170,1,169
S01013044,65 and over,122,1,121
S01013045,All people aged 3 and over,686,3,683
S01013045,3 to 15,145,0,145
S01013045,16 to 24,63,0,63
S01013045,25 to 34,88,0,88
S01013045,35 to 49,167,1,166
S01013045,50 to 64,136,1,135
S01013045,65 and over,87,1,86
S01013046,All people aged 3 and over,488,3,485
S01013046,3 to 15,67,1,66
S01013046,16 to 24,65,0,65
S01013046,25 to 34,60,0,60
S01013046,35 to 49,98,0,98
S01013046,50 to 64,105,2,103
S01013046,65 and over,93,0,93
S01013047,All people aged 3 and over,899,7,892
S01013047,3 to 15,196,1,195
S01013047,16 to 24,80,1,79
S01013047,25 to 34,124,1,123
S01013047,35 to 49,282,2,280
S01013047,50 to 64,151,1,150
S01013047,65 and over,66,1,65
S01013048,All people aged 3 and over,769,4,765
S01013048,3 to 15,85,0,85
S01013048,16 to 24,78,1,77
S01013048,25 to 34,149,1,148
S01013048,35 to 49,212,0,212
S01013048,50 to 64,148,2,146
S01013048,65 and over,97,0,97
S01013049,All people aged 3 and over,792,11,781
S01013049,3 to 15,107,1,106
S01013049,16 to 24,72,0,72
S01013049,25 to 34,111,3,108
S01013049,35 to 49,175,0,175
S01013049,50 to 64,188,3,185
S01013049,65 and over,139,4,135
S01013050,All people aged 3 and over,715,6,709
S01013050,3 to 15,66,0,66
S01013050,16 to 24,82,0,82
S01013050,25 to 34,92,2,90
S01013050,35 to 49,146,0,146
S01013050,50 to 64,196,4,192
S01013050,65 and over,133,0,133
S01013051,All people aged 3 and over,902,5,897
S01013051,3 to 15,139,0,139
S01013051,16 to 24,116,0,116
S01013051,25 to 34,85,2,83
S01013051,35 to 49,204,0,204
S01013051,50 to 64,182,2,180
S01013051,65 and over,176,1,175
S01013052,All people aged 3 and over,713,6,707
S01013052,3 to 15,76,0,76
S01013052,16 to 24,80,1,79
S01013052,25 to 34,73,0,73
S01013052,35 to 49,138,1,137
S01013052,50 to 64,157,1,156
S01013052,65 and over,189,3,186
S01013053,All people aged 3 and over,592,9,583
S01013053,3 to 15,66,1,65
S01013053,16 to 24,65,1,64
S01013053,25 to 34,82,1,81
S01013053,35 to 49,132,3,129
S01013053,50 to 64,123,3,120
S01013053,65 and over,124,0,124
S01013054,All people aged 3 and over,639,4,635
S01013054,3 to 15,62,3,59
S01013054,16 to 24,73,0,73
S01013054,25 to 34,69,0,69
S01013054,35 to 49,160,1,159
S01013054,50 to 64,130,0,130
S01013054,65 and over,145,0,145
S01013055,All people aged 3 and over,667,5,662
S01013055,3 to 15,86,1,85
S01013055,16 to 24,76,1,75
S01013055,25 to 34,103,0,103
S01013055,35 to 49,147,1,146
S01013055,50 to 64,116,1,115
S01013055,65 and over,139,1,138
S01013056,All people aged 3 and over,881,8,873
S01013056,3 to 15,107,3,104
S01013056,16 to 24,102,1,101
S01013056,25 to 34,102,0,102
S01013056,35 to 49,207,4,203
S01013056,50 to 64,166,0,166
S01013056,65 and over,197,0,197
S01013057,All people aged 3 and over,832,3,829
S01013057,3 to 15,191,1,190
S01013057,16 to 24,110,0,110
S01013057,25 to 34,119,0,119
S01013057,35 to 49,197,1,196
S01013057,50 to 64,122,0,122
S01013057,65 and over,93,1,92
S01013058,All people aged 3 and over,582,5,577
S01013058,3 to 15,162,0,162
S01013058,16 to 24,46,2,44
S01013058,25 to 34,102,1,101
S01013058,35 to 49,186,2,184
S01013058,50 to 64,69,0,69
S01013058,65 and over,17,0,17
S01013059,All people aged 3 and over,765,12,753
S01013059,3 to 15,96,4,92
S01013059,16 to 24,41,0,41
S01013059,25 to 34,77,0,77
S01013059,35 to 49,155,3,152
S01013059,50 to 64,136,1,135
S01013059,65 and over,260,4,256
S01013060,All people aged 3 and over,507,6,501
S01013060,3 to 15,58,0,58
S01013060,16 to 24,44,0,44
S01013060,25 to 34,52,1,51
S01013060,35 to 49,90,1,89
S01013060,50 to 64,133,3,130
S01013060,65 and over,130,1,129
S01013061,All people aged 3 and over,771,6,765
S01013061,3 to 15,88,0,88
S01013061,16 to 24,47,0,47
S01013061,25 to 34,59,1,58
S01013061,35 to 49,148,0,148
S01013061,50 to 64,184,3,181
S01013061,65 and over,245,2,243
S01013062,All people aged 3 and over,855,9,846
S01013062,3 to 15,109,0,109
S01013062,16 to 24,69,1,68
S01013062,25 to 34,62,1,61
S01013062,35 to 49,177,2,175
S01013062,50 to 64,170,0,170
S01013062,65 and over,268,5,263
S01013063,All people aged 3 and over,797,10,787
S01013063,3 to 15,119,1,118
S01013063,16 to 24,86,1,85
S01013063,25 to 34,42,0,42
S01013063,35 to 49,163,1,162
S01013063,50 to 64,193,2,191
S01013063,65 and over,194,5,189
S01013064,All people aged 3 and over,842,4,838
S01013064,3 to 15,128,0,128
S01013064,16 to 24,82,0,82
S01013064,25 to 34,96,0,96
S01013064,35 to 49,182,0,182
S01013064,50 to 64,143,2,141
S01013064,65 and over,211,2,209
S01013065,All people aged 3 and over,840,10,830
S01013065,3 to 15,109,1,108
S01013065,16 to 24,125,2,123
S01013065,25 to 34,153,2,151
S01013065,35 to 49,170,2,168
S01013065,50 to 64,118,2,116
S01013065,65 and over,165,1,164
S01013066,All people aged 3 and over,697,12,685
S01013066,3 to 15,83,2,81
S01013066,16 to 24,69,2,67
S01013066,25 to 34,119,4,115
S01013066,35 to 49,170,2,168
S01013066,50 to 64,135,0,135
S01013066,65 and over,121,2,119
S01013067,All people aged 3 and over,820,18,802
S01013067,3 to 15,46,3,43
S01013067,16 to 24,401,11,390
S01013067,25 to 34,199,4,195
S01013067,35 to 49,105,0,105
S01013067,50 to 64,48,0,48
S01013067,65 and over,21,0,21
S01013068,All people aged 3 and over,751,14,737
S01013068,3 to 15,92,4,88
S01013068,16 to 24,219,1,218
S01013068,25 to 34,140,3,137
S01013068,35 to 49,143,1,142
S01013068,50 to 64,98,3,95
S01013068,65 and over,59,2,57
S01013069,All people aged 3 and over,712,15,697
S01013069,3 to 15,42,2,40
S01013069,16 to 24,323,6,317
S01013069,25 to 34,122,2,120
S01013069,35 to 49,113,3,110
S01013069,50 to 64,76,2,74
S01013069,65 and over,36,0,36
S01013070,All people aged 3 and over,606,25,581
S01013070,3 to 15,45,6,39
S01013070,16 to 24,257,11,246
S01013070,25 to 34,120,0,120
S01013070,35 to 49,96,5,91
S01013070,50 to 64,48,0,48
S01013070,65 and over,40,3,37
S01013071,All people aged 3 and over,950,20,930
S01013071,3 to 15,26,3,23
S01013071,16 to 24,592,6,586
S01013071,25 to 34,155,2,153
S01013071,35 to 49,95,5,90
S01013071,50 to 64,60,4,56
S01013071,65 and over,22,0,22
S01013072,All people aged 3 and over,504,5,499
S01013072,3 to 15,71,2,69
S01013072,16 to 24,68,0,68
S01013072,25 to 34,53,0,53
S01013072,35 to 49,110,0,110
S01013072,50 to 64,128,3,125
S01013072,65 and over,74,0,74
S01013073,All people aged 3 and over,747,10,737
S01013073,3 to 15,108,2,106
S01013073,16 to 24,148,3,145
S01013073,25 to 34,172,2,170
S01013073,35 to 49,137,0,137
S01013073,50 to 64,91,2,89
S01013073,65 and over,91,1,90
S01013074,All people aged 3 and over,690,9,681
S01013074,3 to 15,164,3,161
S01013074,16 to 24,89,1,88
S01013074,25 to 34,90,2,88
S01013074,35 to 49,144,1,143
S01013074,50 to 64,134,1,133
S01013074,65 and over,69,1,68
S01013075,All people aged 3 and over,848,24,824
S01013075,3 to 15,98,8,90
S01013075,16 to 24,108,0,108
S01013075,25 to 34,80,5,75
S01013075,35 to 49,171,8,163
S01013075,50 to 64,184,1,183
S01013075,65 and over,207,2,205
S01013076,All people aged 3 and over,719,16,703
S01013076,3 to 15,67,3,64
S01013076,16 to 24,341,6,335
S01013076,25 to 34,109,2,107
S01013076,35 to 49,107,2,105
S01013076,50 to 64,63,0,63
S01013076,65 and over,32,3,29
S01013077,All people aged 3 and over,686,5,681
S01013077,3 to 15,142,1,141
S01013077,16 to 24,80,1,79
S01013077,25 to 34,82,0,82
S01013077,35 to 49,137,2,135
S01013077,50 to 64,127,1,126
S01013077,65 and over,118,0,118
S01013078,All people aged 3 and over,546,2,544
S01013078,3 to 15,110,0,110
S01013078,16 to 24,84,0,84
S01013078,25 to 34,84,1,83
S01013078,35 to 49,120,1,119
S01013078,50 to 64,101,0,101
S01013078,65 and over,47,0,47
S01013079,All people aged 3 and over,1288,19,1269
S01013079,3 to 15,202,3,199
S01013079,16 to 24,187,3,184
S01013079,25 to 34,207,7,200
S01013079,35 to 49,422,3,419
S01013079,50 to 64,145,2,143
S01013079,65 and over,125,1,124
S01013080,All people aged 3 and over,846,23,823
S01013080,3 to 15,108,12,96
S01013080,16 to 24,152,2,150
S01013080,25 to 34,92,2,90
S01013080,35 to 49,171,2,169
S01013080,50 to 64,158,2,156
S01013080,65 and over,165,3,162
S01013081,All people aged 3 and over,625,20,605
S01013081,3 to 15,77,10,67
S01013081,16 to 24,54,0,54
S01013081,25 to 34,53,1,52
S01013081,35 to 49,133,3,130
S01013081,50 to 64,172,3,169
S01013081,65 and over,136,3,133
S01013082,All people aged 3 and over,813,17,796
S01013082,3 to 15,77,8,69
S01013082,16 to 24,81,0,81
S01013082,25 to 34,78,0,78
S01013082,35 to 49,167,5,162
S01013082,50 to 64,226,2,224
S01013082,65 and over,184,2,182
S01013083,All people aged 3 and over,2296,58,2238
S01013083,3 to 15,89,2,87
S01013083,16 to 24,1808,47,1761
S01013083,25 to 34,74,1,73
S01013083,35 to 49,125,1,124
S01013083,50 to 64,101,4,97
S01013083,65 and over,99,3,96
S01013084,All people aged 3 and over,734,10,724
S01013084,3 to 15,110,0,110
S01013084,16 to 24,61,0,61
S01013084,25 to 34,46,0,46
S01013084,35 to 49,144,0,144
S01013084,50 to 64,179,3,176
S01013084,65 and over,194,7,187
S01013085,All people aged 3 and over,681,13,668
S01013085,3 to 15,85,0,85
S01013085,16 to 24,135,2,133
S01013085,25 to 34,108,3,105
S01013085,35 to 49,96,2,94
S01013085,50 to 64,84,4,80
S01013085,65 and over,173,2,171
S01013086,All people aged 3 and over,842,15,827
S01013086,3 to 15,82,2,80
S01013086,16 to 24,129,4,125
S01013086,25 to 34,127,1,126
S01013086,35 to 49,185,4,181
S01013086,50 to 64,161,2,159
S01013086,65 and over,158,2,156
S01013087,All people aged 3 and over,819,8,811
S01013087,3 to 15,130,1,129
S01013087,16 to 24,94,1,93
S01013087,25 to 34,76,0,76
S01013087,35 to 49,173,0,173
S01013087,50 to 64,175,2,173
S01013087,65 and over,171,4,167
S01013088,All people aged 3 and over,908,8,900
S01013088,3 to 15,135,0,135
S01013088,16 to 24,67,1,66
S01013088,25 to 34,55,0,55
S01013088,35 to 49,179,0,179
S01013088,50 to 64,239,2,237
S01013088,65 and over,233,5,228
S01013089,All people aged 3 and over,725,13,712
S01013089,3 to 15,92,1,91
S01013089,16 to 24,84,3,81
S01013089,25 to 34,96,4,92
S01013089,35 to 49,136,3,133
S01013089,50 to 64,144,1,143
S01013089,65 and over,173,1,172
S01013090,All people aged 3 and over,773,28,745
S01013090,3 to 15,85,14,71
S01013090,16 to 24,225,5,220
S01013090,25 to 34,136,1,135
S01013090,35 to 49,155,3,152
S01013090,50 to 64,101,1,100
S01013090,65 and over,71,4,67
S01013091,All people aged 3 and over,480,11,469
S01013091,3 to 15,18,1,17
S01013091,16 to 24,202,3,199
S01013091,25 to 34,136,4,132
S01013091,35 to 49,58,2,56
S01013091,50 to 64,42,0,42
S01013091,65 and over,24,1,23
S01013092,All people aged 3 and over,859,27,832
S01013092,3 to 15,118,16,102
S01013092,16 to 24,119,0,119
S01013092,25 to 34,154,4,150
S01013092,35 to 49,208,6,202
S01013092,50 to 64,144,0,144
S01013092,65 and over,116,1,115
S01013093,All people aged 3 and over,466,14,452
S01013093,3 to 15,56,10,46
S01013093,16 to 24,44,2,42
S01013093,25 to 34,18,0,18
S01013093,35 to 49,99,2,97
S01013093,50 to 64,117,0,117
S01013093,65 and over,132,0,132
S01013094,All people aged 3 and over,591,6,585
S01013094,3 to 15,114,0,114
S01013094,16 to 24,44,0,44
S01013094,25 to 34,23,0,23
S01013094,35 to 49,136,0,136
S01013094,50 to 64,149,1,148
S01013094,65 and over,125,5,120
S01013095,All people aged 3 and over,861,5,856
S01013095,3 to 15,229,3,226
S01013095,16 to 24,77,0,77
S01013095,25 to 34,26,0,26
S01013095,35 to 49,257,0,257
S01013095,50 to 64,192,2,190
S01013095,65 and over,80,0,80
S01013096,All people aged 3 and over,710,10,700
S01013096,3 to 15,262,2,260
S01013096,16 to 24,119,2,117
S01013096,25 to 34,50,0,50
S01013096,35 to 49,97,2,95
S01013096,50 to 64,108,3,105
S01013096,65 and over,74,1,73
S01013097,All people aged 3 and over,604,10,594
S01013097,3 to 15,110,3,107
S01013097,16 to 24,49,0,49
S01013097,25 to 34,41,1,40
S01013097,35 to 49,161,2,159
S01013097,50 to 64,167,0,167
S01013097,65 and over,76,4,72
S01013098,All people aged 3 and over,687,3,684
S01013098,3 to 15,266,2,264
S01013098,16 to 24,47,0,47
S01013098,25 to 34,28,0,28
S01013098,35 to 49,261,1,260
S01013098,50 to 64,67,0,67
S01013098,65 and over,18,0,18
S01013099,All people aged 3 and over,876,16,860
S01013099,3 to 15,85,3,82
S01013099,16 to 24,65,1,64
S01013099,25 to 34,112,4,108
S01013099,35 to 49,177,3,174
S01013099,50 to 64,188,3,185
S01013099,65 and over,249,2,247
S01013100,All people aged 3 and over,611,15,596
S01013100,3 to 15,116,3,113
S01013100,16 to 24,31,0,31
S01013100,25 to 34,25,1,24
S01013100,35 to 49,131,3,128
S01013100,50 to 64,127,4,123
S01013100,65 and over,181,4,177
S01013101,All people aged 3 and over,962,19,943
S01013101,3 to 15,127,2,125
S01013101,16 to 24,104,0,104
S01013101,25 to 34,115,1,114
S01013101,35 to 49,193,3,190
S01013101,50 to 64,200,7,193
S01013101,65 and over,223,6,217
S01013102,All people aged 3 and over,597,14,583
S01013102,3 to 15,96,2,94
S01013102,16 to 24,38,0,38
S01013102,25 to 34,17,0,17
S01013102,35 to 49,126,3,123
S01013102,50 to 64,139,6,133
S01013102,65 and over,181,3,178
S01013103,All people aged 3 and over,837,7,830
S01013103,3 to 15,218,6,212
S01013103,16 to 24,81,0,81
S01013103,25 to 34,38,0,38
S01013103,35 to 49,251,1,250
S01013103,50 to 64,160,0,160
S01013103,65 and over,89,0,89
S01013104,All people aged 3 and over,963,16,947
S01013104,3 to 15,168,3,165
S01013104,16 to 24,76,0,76
S01013104,25 to 34,59,2,57
S01013104,35 to 49,212,5,207
S01013104,50 to 64,245,2,243
S01013104,65 and over,203,4,199
S01013105,All people aged 3 and over,876,16,860
S01013105,3 to 15,144,2,142
S01013105,16 to 24,63,0,63
S01013105,25 to 34,64,0,64
S01013105,35 to 49,195,6,189
S01013105,50 to 64,228,4,224
S01013105,65 and over,182,4,178
S01013106,All people aged 3 and over,793,20,773
S01013106,3 to 15,134,9,125
S01013106,16 to 24,87,1,86
S01013106,25 to 34,74,2,72
S01013106,35 to 49,178,2,176
S01013106,50 to 64,153,3,150
S01013106,65 and over,167,3,164
S01013107,All people aged 3 and over,653,11,642
S01013107,3 to 15,97,5,92
S01013107,16 to 24,50,0,50
S01013107,25 to 34,37,0,37
S01013107,35 to 49,130,2,128
S01013107,50 to 64,190,3,187
S01013107,65 and over,149,1,148
S01013108,All people aged 3 and over,579,13,566
S01013108,3 to 15,101,5,96
S01013108,16 to 24,46,1,45
S01013108,25 to 34,46,0,46
S01013108,35 to 49,136,1,135
S01013108,50 to 64,135,4,131
S01013108,65 and over,115,2,113
S01013109,All people aged 3 and over,1064,16,1048
S01013109,3 to 15,176,4,172
S01013109,16 to 24,106,1,105
S01013109,25 to 34,94,1,93
S01013109,35 to 49,256,2,254
S01013109,50 to 64,263,4,259
S01013109,65 and over,169,4,165
S01013110,All people aged 3 and over,578,12,566
S01013110,3 to 15,90,2,88
S01013110,16 to 24,39,1,38
S01013110,25 to 34,41,0,41
S01013110,35 to 49,131,5,126
S01013110,50 to 64,154,2,152
S01013110,65 and over,123,2,121
S01013111,All people aged 3 and over,442,15,427
S01013111,3 to 15,66,7,59
S01013111,16 to 24,43,2,41
S01013111,25 to 34,22,1,21
S01013111,35 to 49,105,3,102
S01013111,50 to 64,110,1,109
S01013111,65 and over,96,1,95
S01013112,All people aged 3 and over,637,24,613
S01013112,3 to 15,148,8,140
S01013112,16 to 24,55,1,54
S01013112,25 to 34,56,2,54
S01013112,35 to 49,178,6,172
S01013112,50 to 64,116,3,113
S01013112,65 and over,84,4,80
S01013113,All people aged 3 and over,794,33,761
S01013113,3 to 15,114,5,109
S01013113,16 to 24,69,1,68
S01013113,25 to 34,60,1,59
S01013113,35 to 49,173,6,167
S01013113,50 to 64,168,4,164
S01013113,65 and over,210,16,194
S01013114,All people aged 3 and over,787,22,765
S01013114,3 to 15,111,9,102
S01013114,16 to 24,76,0,76
S01013114,25 to 34,84,2,82
S01013114,35 to 49,184,2,182
S01013114,50 to 64,179,3,176
S01013114,65 and over,153,6,147
S01013115,All people aged 3 and over,614,15,599
S01013115,3 to 15,40,1,39
S01013115,16 to 24,72,0,72
S01013115,25 to 34,69,3,66
S01013115,35 to 49,105,3,102
S01013115,50 to 64,133,2,131
S01013115,65 and over,195,6,189
S01013116,All people aged 3 and over,754,31,723
S01013116,3 to 15,72,3,69
S01013116,16 to 24,50,2,48
S01013116,25 to 34,38,1,37
S01013116,35 to 49,139,5,134
S01013116,50 to 64,208,7,201
S01013116,65 and over,247,13,234
S01013117,All people aged 3 and over,611,17,594
S01013117,3 to 15,101,1,100
S01013117,16 to 24,62,2,60
S01013117,25 to 34,86,0,86
S01013117,35 to 49,153,4,149
S01013117,50 to 64,134,5,129
S01013117,65 and over,75,5,70
S01013118,All people aged 3 and over,514,21,493
S01013118,3 to 15,60,3,57
S01013118,16 to 24,56,2,54
S01013118,25 to 34,54,2,52
S01013118,35 to 49,123,9,114
S01013118,50 to 64,132,3,129
S01013118,65 and over,89,2,87
S01013119,All people aged 3 and over,762,25,737
S01013119,3 to 15,94,2,92
S01013119,16 to 24,52,0,52
S01013119,25 to 34,58,2,56
S01013119,35 to 49,152,2,150
S01013119,50 to 64,239,6,233
S01013119,65 and over,167,13,154
S01013120,All people aged 3 and over,951,40,911
S01013120,3 to 15,119,7,112
S01013120,16 to 24,92,0,92
S01013120,25 to 34,95,5,90
S01013120,35 to 49,193,9,184
S01013120,50 to 64,243,9,234
S01013120,65 and over,209,10,199
S01013121,All people aged 3 and over,392,16,376
S01013121,3 to 15,60,3,57
S01013121,16 to 24,39,1,38
S01013121,25 to 34,55,2,53
S01013121,35 to 49,116,1,115
S01013121,50 to 64,66,6,60
S01013121,65 and over,56,3,53
S01013122,All people aged 3 and over,572,11,561
S01013122,3 to 15,91,1,90
S01013122,16 to 24,64,1,63
S01013122,25 to 34,96,4,92
S01013122,35 to 49,154,2,152
S01013122,50 to 64,95,3,92
S01013122,65 and over,72,0,72
S01013123,All people aged 3 and over,733,4,729
S01013123,3 to 15,119,0,119
S01013123,16 to 24,75,0,75
S01013123,25 to 34,140,0,140
S01013123,35 to 49,163,3,160
S01013123,50 to 64,130,1,129
S01013123,65 and over,106,0,106
S01013124,All people aged 3 and over,702,6,696
S01013124,3 to 15,105,0,105
S01013124,16 to 24,70,0,70
S01013124,25 to 34,64,1,63
S01013124,35 to 49,177,2,175
S01013124,50 to 64,160,1,159
S01013124,65 and over,126,2,124
S01013125,All people aged 3 and over,776,12,764
S01013125,3 to 15,88,1,87
S01013125,16 to 24,79,0,79
S01013125,25 to 34,65,1,64
S01013125,35 to 49,163,1,162
S01013125,50 to 64,181,4,177
S01013125,65 and over,200,5,195
S01013126,All people aged 3 and over,707,3,704
S01013126,3 to 15,127,0,127
S01013126,16 to 24,110,0,110
S01013126,25 to 34,95,0,95
S01013126,35 to 49,181,2,179
S01013126,50 to 64,130,0,130
S01013126,65 and over,64,1,63
S01013127,All people aged 3 and over,822,6,816
S01013127,3 to 15,197,1,196
S01013127,16 to 24,99,0,99
S01013127,25 to 34,105,1,104
S01013127,35 to 49,182,3,179
S01013127,50 to 64,132,0,132
S01013127,65 and over,107,1,106
S01013128,All people aged 3 and over,599,11,588
S01013128,3 to 15,40,0,40
S01013128,16 to 24,62,0,62
S01013128,25 to 34,143,4,139
S01013128,35 to 49,183,5,178
S01013128,50 to 64,94,2,92
S01013128,65 and over,77,0,77
S01013129,All people aged 3 and over,1128,6,1122
S01013129,3 to 15,156,0,156
S01013129,16 to 24,130,0,130
S01013129,25 to 34,201,0,201
S01013129,35 to 49,228,4,224
S01013129,50 to 64,194,1,193
S01013129,65 and over,219,1,218
S01013130,All people aged 3 and over,661,6,655
S01013130,3 to 15,120,1,119
S01013130,16 to 24,107,0,107
S01013130,25 to 34,119,1,118
S01013130,35 to 49,185,4,181
S01013130,50 to 64,71,0,71
S01013130,65 and over,59,0,59
S01013131,All people aged 3 and over,611,0,611
S01013131,3 to 15,104,0,104
S01013131,16 to 24,92,0,92
S01013131,25 to 34,108,0,108
S01013131,35 to 49,147,0,147
S01013131,50 to 64,102,0,102
S01013131,65 and over,58,0,58
S01013132,All people aged 3 and over,558,5,553
S01013132,3 to 15,77,0,77
S01013132,16 to 24,75,0,75
S01013132,25 to 34,90,2,88
S01013132,35 to 49,121,2,119
S01013132,50 to 64,108,0,108
S01013132,65 and over,87,1,86
S01013133,All people aged 3 and over,859,4,855
S01013133,3 to 15,85,0,85
S01013133,16 to 24,78,1,77
S01013133,25 to 34,117,0,117
S01013133,35 to 49,202,3,199
S01013133,50 to 64,144,0,144
S01013133,65 and over,233,0,233
S01013134,All people aged 3 and over,814,12,802
S01013134,3 to 15,145,3,142
S01013134,16 to 24,82,1,81
S01013134,25 to 34,94,1,93
S01013134,35 to 49,185,4,181
S01013134,50 to 64,163,3,160
S01013134,65 and over,145,0,145
S01013135,All people aged 3 and over,737,2,735
S01013135,3 to 15,133,0,133
S01013135,16 to 24,92,1,91
S01013135,25 to 34,124,0,124
S01013135,35 to 49,154,0,154
S01013135,50 to 64,144,1,143
S01013135,65 and over,90,0,90
S01013136,All people aged 3 and over,911,6,905
S01013136,3 to 15,124,2,122
S01013136,16 to 24,118,0,118
S01013136,25 to 34,79,1,78
S01013136,35 to 49,190,0,190
S01013136,50 to 64,178,1,177
S01013136,65 and over,222,2,220
S01013137,All people aged 3 and over,730,2,728
S01013137,3 to 15,103,0,103
S01013137,16 to 24,89,0,89
S01013137,25 to 34,67,0,67
S01013137,35 to 49,170,1,169
S01013137,50 to 64,150,1,149
S01013137,65 and over,151,0,151
S01013138,All people aged 3 and over,670,3,667
S01013138,3 to 15,153,0,153
S01013138,16 to 24,92,0,92
S01013138,25 to 34,96,1,95
S01013138,35 to 49,154,1,153
S01013138,50 to 64,116,1,115
S01013138,65 and over,59,0,59
S01013139,All people aged 3 and over,857,6,851
S01013139,3 to 15,147,1,146
S01013139,16 to 24,104,2,102
S01013139,25 to 34,85,0,85
S01013139,35 to 49,198,2,196
S01013139,50 to 64,163,0,163
S01013139,65 and over,160,1,159
S01013140,All people aged 3 and over,786,4,782
S01013140,3 to 15,114,0,114
S01013140,16 to 24,118,2,116
S01013140,25 to 34,83,0,83
S01013140,35 to 49,159,0,159
S01013140,50 to 64,157,2,155
S01013140,65 and over,155,0,155
S01013141,All people aged 3 and over,620,5,615
S01013141,3 to 15,81,0,81
S01013141,16 to 24,69,0,69
S01013141,25 to 34,80,0,80
S01013141,35 to 49,107,0,107
S01013141,50 to 64,127,1,126
S01013141,65 and over,156,4,152
S01013142,All people aged 3 and over,844,8,836
S01013142,3 to 15,94,1,93
S01013142,16 to 24,85,1,84
S01013142,25 to 34,85,3,82
S01013142,35 to 49,146,1,145
S01013142,50 to 64,173,2,171
S01013142,65 and over,261,0,261
S01013143,All people aged 3 and over,833,7,826
S01013143,3 to 15,105,1,104
S01013143,16 to 24,101,0,101
S01013143,25 to 34,115,1,114
S01013143,35 to 49,181,2,179
S01013143,50 to 64,149,2,147
S01013143,65 and over,182,1,181
S01013144,All people aged 3 and over,880,5,875
S01013144,3 to 15,98,0,98
S01013144,16 to 24,94,0,94
S01013144,25 to 34,87,2,85
S01013144,35 to 49,173,1,172
S01013144,50 to 64,194,1,193
S01013144,65 and over,234,1,233
S01013145,All people aged 3 and over,692,10,682
S01013145,3 to 15,84,0,84
S01013145,16 to 24,81,0,81
S01013145,25 to 34,86,0,86
S01013145,35 to 49,149,2,147
S01013145,50 to 64,134,2,132
S01013145,65 and over,158,6,152
S01013146,All people aged 3 and over,436,2,434
S01013146,3 to 15,67,0,67
S01013146,16 to 24,33,0,33
S01013146,25 to 34,49,1,48
S01013146,35 to 49,106,1,105
S01013146,50 to 64,87,0,87
S01013146,65 and over,94,0,94
S01013147,All people aged 3 and over,710,13,697
S01013147,3 to 15,115,0,115
S01013147,16 to 24,88,0,88
S01013147,25 to 34,54,1,53
S01013147,35 to 49,170,2,168
S01013147,50 to 64,137,4,133
S01013147,65 and over,146,6,140
S01013148,All people aged 3 and over,732,4,728
S01013148,3 to 15,83,0,83
S01013148,16 to 24,71,0,71
S01013148,25 to 34,118,1,117
S01013148,35 to 49,132,2,130
S01013148,50 to 64,160,1,159
S01013148,65 and over,168,0,168
S01013149,All people aged 3 and over,785,16,769
S01013149,3 to 15,93,0,93
S01013149,16 to 24,105,12,93
S01013149,25 to 34,113,1,112
S01013149,35 to 49,172,1,171
S01013149,50 to 64,166,2,164
S01013149,65 and over,136,0,136
S01013150,All people aged 3 and over,825,7,818
S01013150,3 to 15,96,0,96
S01013150,16 to 24,83,0,83
S01013150,25 to 34,91,2,89
S01013150,35 to 49,167,2,165
S01013150,50 to 64,178,1,177
S01013150,65 and over,210,2,208
S01013151,All people aged 3 and over,551,3,548
S01013151,3 to 15,75,1,74
S01013151,16 to 24,56,0,56
S01013151,25 to 34,62,0,62
S01013151,35 to 49,135,1,134
S01013151,50 to 64,128,1,127
S01013151,65 and over,95,0,95
S01013152,All people aged 3 and over,878,6,872
S01013152,3 to 15,142,2,140
S01013152,16 to 24,91,1,90
S01013152,25 to 34,105,0,105
S01013152,35 to 49,209,1,208
S01013152,50 to 64,163,0,163
S01013152,65 and over,168,2,166
S01013153,All people aged 3 and over,841,7,834
S01013153,3 to 15,164,3,161
S01013153,16 to 24,105,0,105
S01013153,25 to 34,116,2,114
S01013153,35 to 49,189,1,188
S01013153,50 to 64,155,0,155
S01013153,65 and over,112,1,111
S01013154,All people aged 3 and over,945,8,937
S01013154,3 to 15,162,3,159
S01013154,16 to 24,129,1,128
S01013154,25 to 34,132,0,132
S01013154,35 to 49,205,0,205
S01013154,50 to 64,172,4,168
S01013154,65 and over,145,0,145
S01013155,All people aged 3 and over,853,7,846
S01013155,3 to 15,187,0,187
S01013155,16 to 24,141,3,138
S01013155,25 to 34,158,0,158
S01013155,35 to 49,193,1,192
S01013155,50 to 64,133,3,130
S01013155,65 and over,41,0,41
S01013156,All people aged 3 and over,840,11,829
S01013156,3 to 15,193,5,188
S01013156,16 to 24,131,0,131
S01013156,25 to 34,117,0,117
S01013156,35 to 49,198,3,195
S01013156,50 to 64,127,2,125
S01013156,65 and over,74,1,73
S01013157,All people aged 3 and over,932,16,916
S01013157,3 to 15,192,5,187
S01013157,16 to 24,157,7,150
S01013157,25 to 34,132,2,130
S01013157,35 to 49,200,1,199
S01013157,50 to 64,163,1,162
S01013157,65 and over,88,0,88
S01013158,All people aged 3 and over,586,6,580
S01013158,3 to 15,91,0,91
S01013158,16 to 24,60,0,60
S01013158,25 to 34,39,0,39
S01013158,35 to 49,130,2,128
S01013158,50 to 64,141,3,138
S01013158,65 and over,125,1,124
S01013159,All people aged 3 and over,682,1,681
S01013159,3 to 15,78,0,78
S01013159,16 to 24,86,0,86
S01013159,25 to 34,70,0,70
S01013159,35 to 49,121,0,121
S01013159,50 to 64,192,1,191
S01013159,65 and over,135,0,135
S01013160,All people aged 3 and over,703,6,697
S01013160,3 to 15,122,0,122
S01013160,16 to 24,68,0,68
S01013160,25 to 34,61,1,60
S01013160,35 to 49,167,1,166
S01013160,50 to 64,174,0,174
S01013160,65 and over,111,4,107
S01013161,All people aged 3 and over,974,4,970
S01013161,3 to 15,138,0,138
S01013161,16 to 24,112,0,112
S01013161,25 to 34,174,0,174
S01013161,35 to 49,219,2,217
S01013161,50 to 64,168,1,167
S01013161,65 and over,163,1,162
S01013162,All people aged 3 and over,782,6,776
S01013162,3 to 15,78,0,78
S01013162,16 to 24,66,1,65
S01013162,25 to 34,92,1,91
S01013162,35 to 49,169,2,167
S01013162,50 to 64,161,1,160
S01013162,65 and over,216,1,215
S01013163,All people aged 3 and over,676,6,670
S01013163,3 to 15,99,0,99
S01013163,16 to 24,94,0,94
S01013163,25 to 34,67,1,66
S01013163,35 to 49,141,0,141
S01013163,50 to 64,188,1,187
S01013163,65 and over,87,4,83
S01013164,All people aged 3 and over,1028,18,1010
S01013164,3 to 15,170,4,166
S01013164,16 to 24,109,1,108
S01013164,25 to 34,81,0,81
S01013164,35 to 49,236,4,232
S01013164,50 to 64,254,5,249
S01013164,65 and over,178,4,174
S01013165,All people aged 3 and over,884,7,877
S01013165,3 to 15,112,0,112
S01013165,16 to 24,99,0,99
S01013165,25 to 34,75,0,75
S01013165,35 to 49,182,2,180
S01013165,50 to 64,196,3,193
S01013165,65 and over,220,2,218
S01013166,All people aged 3 and over,619,4,615
S01013166,3 to 15,88,0,88
S01013166,16 to 24,96,1,95
S01013166,25 to 34,83,0,83
S01013166,35 to 49,143,2,141
S01013166,50 to 64,133,1,132
S01013166,65 and over,76,0,76
S01013167,All people aged 3 and over,612,11,601
S01013167,3 to 15,83,2,81
S01013167,16 to 24,85,1,84
S01013167,25 to 34,121,0,121
S01013167,35 to 49,158,6,152
S01013167,50 to 64,112,2,110
S01013167,65 and over,53,0,53
S01013168,All people aged 3 and over,896,9,887
S01013168,3 to 15,136,0,136
S01013168,16 to 24,103,1,102
S01013168,25 to 34,107,1,106
S01013168,35 to 49,169,3,166
S01013168,50 to 64,172,2,170
S01013168,65 and over,209,2,207
S01013169,All people aged 3 and over,824,2,822
S01013169,3 to 15,101,0,101
S01013169,16 to 24,85,0,85
S01013169,25 to 34,79,0,79
S01013169,35 to 49,159,2,157
S01013169,50 to 64,186,0,186
S01013169,65 and over,214,0,214
S01013170,All people aged 3 and over,510,5,505
S01013170,3 to 15,73,0,73
S01013170,16 to 24,69,1,68
S01013170,25 to 34,57,0,57
S01013170,35 to 49,119,3,116
S01013170,50 to 64,99,1,98
S01013170,65 and over,93,0,93
S01013171,All people aged 3 and over,653,5,648
S01013171,3 to 15,130,2,128
S01013171,16 to 24,85,0,85
S01013171,25 to 34,49,0,49
S01013171,35 to 49,192,3,189
S01013171,50 to 64,129,0,129
S01013171,65 and over,68,0,68
S01013172,All people aged 3 and over,724,6,718
S01013172,3 to 15,111,2,109
S01013172,16 to 24,91,0,91
S01013172,25 to 34,77,0,77
S01013172,35 to 49,156,1,155
S01013172,50 to 64,173,2,171
S01013172,65 and over,116,1,115
S01013173,All people aged 3 and over,776,6,770
S01013173,3 to 15,118,0,118
S01013173,16 to 24,94,0,94
S01013173,25 to 34,96,3,93
S01013173,35 to 49,187,2,185
S01013173,50 to 64,188,1,187
S01013173,65 and over,93,0,93
S01013174,All people aged 3 and over,779,8,771
S01013174,3 to 15,154,1,153
S01013174,16 to 24,91,0,91
S01013174,25 to 34,75,1,74
S01013174,35 to 49,220,2,218
S01013174,50 to 64,175,2,173
S01013174,65 and over,64,2,62
S01013175,All people aged 3 and over,838,4,834
S01013175,3 to 15,179,0,179
S01013175,16 to 24,76,1,75
S01013175,25 to 34,70,1,69
S01013175,35 to 49,247,1,246
S01013175,50 to 64,165,0,165
S01013175,65 and over,101,1,100
S01013176,All people aged 3 and over,762,6,756
S01013176,3 to 15,60,2,58
S01013176,16 to 24,69,0,69
S01013176,25 to 34,90,0,90
S01013176,35 to 49,140,2,138
S01013176,50 to 64,191,1,190
S01013176,65 and over,212,1,211
S01013177,All people aged 3 and over,604,6,598
S01013177,3 to 15,72,0,72
S01013177,16 to 24,60,1,59
S01013177,25 to 34,92,0,92
S01013177,35 to 49,128,2,126
S01013177,50 to 64,145,2,143
S01013177,65 and over,107,1,106
S01013178,All people aged 3 and over,703,10,693
S01013178,3 to 15,80,0,80
S01013178,16 to 24,77,0,77
S01013178,25 to 34,96,0,96
S01013178,35 to 49,155,2,153
S01013178,50 to 64,157,4,153
S01013178,65 and over,138,4,134
S01013179,All people aged 3 and over,768,16,752
S01013179,3 to 15,62,0,62
S01013179,16 to 24,107,0,107
S01013179,25 to 34,87,1,86
S01013179,35 to 49,142,5,137
S01013179,50 to 64,232,4,228
S01013179,65 and over,138,6,132
S01013180,All people aged 3 and over,424,2,422
S01013180,3 to 15,64,0,64
S01013180,16 to 24,57,1,56
S01013180,25 to 34,44,0,44
S01013180,35 to 49,113,0,113
S01013180,50 to 64,112,1,111
S01013180,65 and over,34,0,34
S01013181,All people aged 3 and over,707,5,702
S01013181,3 to 15,96,0,96
S01013181,16 to 24,67,0,67
S01013181,25 to 34,55,0,55
S01013181,35 to 49,175,0,175
S01013181,50 to 64,181,3,178
S01013181,65 and over,133,2,131
S01013182,All people aged 3 and over,728,11,717
S01013182,3 to 15,95,0,95
S01013182,16 to 24,78,1,77
S01013182,25 to 34,86,2,84
S01013182,35 to 49,134,2,132
S01013182,50 to 64,157,1,156
S01013182,65 and over,178,5,173
S01013183,All people aged 3 and over,809,10,799
S01013183,3 to 15,103,0,103
S01013183,16 to 24,85,0,85
S01013183,25 to 34,87,1,86
S01013183,35 to 49,182,4,178
S01013183,50 to 64,239,3,236
S01013183,65 and over,113,2,111
S01013184,All people aged 3 and over,543,5,538
S01013184,3 to 15,104,0,104
S01013184,16 to 24,78,2,76
S01013184,25 to 34,97,1,96
S01013184,35 to 49,122,2,120
S01013184,50 to 64,97,0,97
S01013184,65 and over,45,0,45
S01013185,All people aged 3 and over,769,8,761
S01013185,3 to 15,151,1,150
S01013185,16 to 24,93,1,92
S01013185,25 to 34,102,2,100
S01013185,35 to 49,173,3,170
S01013185,50 to 64,127,0,127
S01013185,65 and over,123,1,122
S01013186,All people aged 3 and over,637,10,627
S01013186,3 to 15,115,0,115
S01013186,16 to 24,115,1,114
S01013186,25 to 34,89,3,86
S01013186,35 to 49,138,2,136
S01013186,50 to 64,115,3,112
S01013186,65 and over,65,1,64
S01013187,All people aged 3 and over,796,8,788
S01013187,3 to 15,137,1,136
S01013187,16 to 24,104,2,102
S01013187,25 to 34,136,0,136
S01013187,35 to 49,174,0,174
S01013187,50 to 64,133,4,129
S01013187,65 and over,112,1,111
S01013188,All people aged 3 and over,852,4,848
S01013188,3 to 15,119,0,119
S01013188,16 to 24,112,0,112
S01013188,25 to 34,112,0,112
S01013188,35 to 49,199,1,198
S01013188,50 to 64,173,2,171
S01013188,65 and over,137,1,136
S01013189,All people aged 3 and over,603,0,603
S01013189,3 to 15,79,0,79
S01013189,16 to 24,78,0,78
S01013189,25 to 34,52,0,52
S01013189,35 to 49,133,0,133
S01013189,50 to 64,142,0,142
S01013189,65 and over,119,0,119
S01013190,All people aged 3 and over,776,14,762
S01013190,3 to 15,124,1,123
S01013190,16 to 24,87,0,87
S01013190,25 to 34,85,4,81
S01013190,35 to 49,200,3,197
S01013190,50 to 64,145,4,141
S01013190,65 and over,135,2,133
S01013191,All people aged 3 and over,1027,12,1015
S01013191,3 to 15,193,2,191
S01013191,16 to 24,115,1,114
S01013191,25 to 34,88,0,88
S01013191,35 to 49,311,2,309
S01013191,50 to 64,214,3,211
S01013191,65 and over,106,4,102
S01013192,All people aged 3 and over,932,13,919
S01013192,3 to 15,113,0,113
S01013192,16 to 24,104,2,102
S01013192,25 to 34,103,1,102
S01013192,35 to 49,180,3,177
S01013192,50 to 64,227,3,224
S01013192,65 and over,205,4,201
S01013193,All people aged 3 and over,625,7,618
S01013193,3 to 15,68,2,66
S01013193,16 to 24,70,1,69
S01013193,25 to 34,100,1,99
S01013193,35 to 49,135,0,135
S01013193,50 to 64,141,0,141
S01013193,65 and over,111,3,108
S01013194,All people aged 3 and over,552,10,542
S01013194,3 to 15,57,1,56
S01013194,16 to 24,67,0,67
S01013194,25 to 34,109,4,105
S01013194,35 to 49,144,2,142
S01013194,50 to 64,103,2,101
S01013194,65 and over,72,1,71
S01013195,All people aged 3 and over,967,7,960
S01013195,3 to 15,76,0,76
S01013195,16 to 24,140,2,138
S01013195,25 to 34,169,1,168
S01013195,35 to 49,224,2,222
S01013195,50 to 64,160,2,158
S01013195,65 and over,198,0,198
S01013196,All people aged 3 and over,612,11,601
S01013196,3 to 15,49,0,49
S01013196,16 to 24,56,0,56
S01013196,25 to 34,131,0,131
S01013196,35 to 49,147,3,144
S01013196,50 to 64,122,3,119
S01013196,65 and over,107,5,102
S01013197,All people aged 3 and over,563,7,556
S01013197,3 to 15,61,1,60
S01013197,16 to 24,51,0,51
S01013197,25 to 34,38,0,38
S01013197,35 to 49,107,0,107
S01013197,50 to 64,143,3,140
S01013197,65 and over,163,3,160
S01013198,All people aged 3 and over,789,10,779
S01013198,3 to 15,88,2,86
S01013198,16 to 24,86,0,86
S01013198,25 to 34,89,3,86
S01013198,35 to 49,137,3,134
S01013198,50 to 64,206,2,204
S01013198,65 and over,183,0,183
S01013199,All people aged 3 and over,887,6,881
S01013199,3 to 15,71,1,70
S01013199,16 to 24,66,0,66
S01013199,25 to 34,103,1,102
S01013199,35 to 49,160,1,159
S01013199,50 to 64,242,3,239
S01013199,65 and over,245,0,245
S01013200,All people aged 3 and over,692,3,689
S01013200,3 to 15,95,0,95
S01013200,16 to 24,78,0,78
S01013200,25 to 34,90,1,89
S01013200,35 to 49,146,0,146
S01013200,50 to 64,139,0,139
S01013200,65 and over,144,2,142
S01013201,All people aged 3 and over,708,4,704
S01013201,3 to 15,108,0,108
S01013201,16 to 24,88,0,88
S01013201,25 to 34,93,0,93
S01013201,35 to 49,182,2,180
S01013201,50 to 64,137,2,135
S01013201,65 and over,100,0,100
S01013202,All people aged 3 and over,552,11,541
S01013202,3 to 15,86,1,85
S01013202,16 to 24,92,1,91
S01013202,25 to 34,61,2,59
S01013202,35 to 49,119,1,118
S01013202,50 to 64,101,3,98
S01013202,65 and over,93,3,90
S01013203,All people aged 3 and over,684,9,675
S01013203,3 to 15,108,0,108
S01013203,16 to 24,97,1,96
S01013203,25 to 34,79,2,77
S01013203,35 to 49,155,3,152
S01013203,50 to 64,152,3,149
S01013203,65 and over,93,0,93
S01013204,All people aged 3 and over,758,7,751
S01013204,3 to 15,125,2,123
S01013204,16 to 24,80,2,78
S01013204,25 to 34,77,0,77
S01013204,35 to 49,245,1,244
S01013204,50 to 64,156,2,154
S01013204,65 and over,75,0,75
S01013205,All people aged 3 and over,599,2,597
S01013205,3 to 15,136,0,136
S01013205,16 to 24,84,0,84
S01013205,25 to 34,88,0,88
S01013205,35 to 49,115,0,115
S01013205,50 to 64,111,1,110
S01013205,65 and over,65,1,64
S01013206,All people aged 3 and over,604,7,597
S01013206,3 to 15,85,3,82
S01013206,16 to 24,81,0,81
S01013206,25 to 34,80,3,77
S01013206,35 to 49,139,0,139
S01013206,50 to 64,130,1,129
S01013206,65 and over,89,0,89
S01013207,All people aged 3 and over,761,13,748
S01013207,3 to 15,97,0,97
S01013207,16 to 24,79,2,77
S01013207,25 to 34,102,2,100
S01013207,35 to 49,145,1,144
S01013207,50 to 64,186,3,183
S01013207,65 and over,152,5,147
S01013208,All people aged 3 and over,884,7,877
S01013208,3 to 15,143,0,143
S01013208,16 to 24,121,0,121
S01013208,25 to 34,100,0,100
S01013208,35 to 49,238,4,234
S01013208,50 to 64,194,2,192
S01013208,65 and over,88,1,87
S01013209,All people aged 3 and over,790,5,785
S01013209,3 to 15,82,0,82
S01013209,16 to 24,89,0,89
S01013209,25 to 34,91,0,91
S01013209,35 to 49,175,1,174
S01013209,50 to 64,182,1,181
S01013209,65 and over,171,3,168
S01013210,All people aged 3 and over,572,5,567
S01013210,3 to 15,60,0,60
S01013210,16 to 24,68,0,68
S01013210,25 to 34,58,0,58
S01013210,35 to 49,122,2,120
S01013210,50 to 64,161,0,161
S01013210,65 and over,103,3,100
S01013211,All people aged 3 and over,834,10,824
S01013211,3 to 15,101,0,101
S01013211,16 to 24,95,1,94
S01013211,25 to 34,110,1,109
S01013211,35 to 49,199,5,194
S01013211,50 to 64,202,3,199
S01013211,65 and over,127,0,127
S01013212,All people aged 3 and over,578,2,576
S01013212,3 to 15,105,0,105
S01013212,16 to 24,109,0,109
S01013212,25 to 34,36,0,36
S01013212,35 to 49,157,1,156
S01013212,50 to 64,153,1,152
S01013212,65 and over,18,0,18
S01013213,All people aged 3 and over,543,3,540
S01013213,3 to 15,84,0,84
S01013213,16 to 24,87,1,86
S01013213,25 to 34,38,0,38
S01013213,35 to 49,154,0,154
S01013213,50 to 64,141,2,139
S01013213,65 and over,39,0,39
S01013214,All people aged 3 and over,426,9,417
S01013214,3 to 15,78,0,78
S01013214,16 to 24,52,0,52
S01013214,25 to 34,52,2,50
S01013214,35 to 49,138,2,136
S01013214,50 to 64,78,2,76
S01013214,65 and over,28,3,25
S01013215,All people aged 3 and over,736,7,729
S01013215,3 to 15,86,0,86
S01013215,16 to 24,96,1,95
S01013215,25 to 34,115,0,115
S01013215,35 to 49,186,5,181
S01013215,50 to 64,176,1,175
S01013215,65 and over,77,0,77
S01013216,All people aged 3 and over,554,7,547
S01013216,3 to 15,103,0,103
S01013216,16 to 24,81,2,79
S01013216,25 to 34,91,2,89
S01013216,35 to 49,121,1,120
S01013216,50 to 64,121,2,119
S01013216,65 and over,37,0,37
S01013217,All people aged 3 and over,654,4,650
S01013217,3 to 15,112,0,112
S01013217,16 to 24,83,1,82
S01013217,25 to 34,92,0,92
S01013217,35 to 49,138,3,135
S01013217,50 to 64,152,0,152
S01013217,65 and over,77,0,77
S01013218,All people aged 3 and over,568,8,560
S01013218,3 to 15,113,0,113
S01013218,16 to 24,81,3,78
S01013218,25 to 34,94,1,93
S01013218,35 to 49,116,3,113
S01013218,50 to 64,109,1,108
S01013218,65 and over,55,0,55
S01013219,All people aged 3 and over,509,5,504
S01013219,3 to 15,85,0,85
S01013219,16 to 24,64,0,64
S01013219,25 to 34,77,2,75
S01013219,35 to 49,101,2,99
S01013219,50 to 64,132,1,131
S01013219,65 and over,50,0,50
S01013220,All people aged 3 and over,662,16,646
S01013220,3 to 15,138,7,131
S01013220,16 to 24,94,1,93
S01013220,25 to 34,67,4,63
S01013220,35 to 49,153,2,151
S01013220,50 to 64,97,1,96
S01013220,65 and over,113,1,112
S01013221,All people aged 3 and over,876,9,867
S01013221,3 to 15,155,1,154
S01013221,16 to 24,106,1,105
S01013221,25 to 34,101,0,101
S01013221,35 to 49,199,4,195
S01013221,50 to 64,179,2,177
S01013221,65 and over,136,1,135
S01013222,All people aged 3 and over,574,6,568
S01013222,3 to 15,97,0,97
S01013222,16 to 24,70,0,70
S01013222,25 to 34,59,1,58
S01013222,35 to 49,124,0,124
S01013222,50 to 64,122,1,121
S01013222,65 and over,102,4,98
S01013223,All people aged 3 and over,1069,12,1057
S01013223,3 to 15,131,0,131
S01013223,16 to 24,128,1,127
S01013223,25 to 34,154,2,152
S01013223,35 to 49,224,5,219
S01013223,50 to 64,170,1,169
S01013223,65 and over,262,3,259
S01013224,All people aged 3 and over,793,8,785
S01013224,3 to 15,119,0,119
S01013224,16 to 24,105,0,105
S01013224,25 to 34,97,0,97
S01013224,35 to 49,196,6,190
S01013224,50 to 64,188,1,187
S01013224,65 and over,88,1,87
S01013225,All people aged 3 and over,782,7,775
S01013225,3 to 15,162,0,162
S01013225,16 to 24,98,0,98
S01013225,25 to 34,92,1,91
S01013225,35 to 49,179,3,176
S01013225,50 to 64,155,2,153
S01013225,65 and over,96,1,95
S01013226,All people aged 3 and over,491,4,487
S01013226,3 to 15,89,0,89
S01013226,16 to 24,48,1,47
S01013226,25 to 34,72,0,72
S01013226,35 to 49,138,0,138
S01013226,50 to 64,106,1,105
S01013226,65 and over,38,2,36
S01013227,All people aged 3 and over,672,8,664
S01013227,3 to 15,108,0,108
S01013227,16 to 24,76,1,75
S01013227,25 to 34,88,2,86
S01013227,35 to 49,150,1,149
S01013227,50 to 64,124,1,123
S01013227,65 and over,126,3,123
S01013228,All people aged 3 and over,682,11,671
S01013228,3 to 15,76,0,76
S01013228,16 to 24,78,0,78
S01013228,25 to 34,124,4,120
S01013228,35 to 49,164,4,160
S01013228,50 to 64,147,3,144
S01013228,65 and over,93,0,93
S01013229,All people aged 3 and over,734,8,726
S01013229,3 to 15,114,0,114
S01013229,16 to 24,84,0,84
S01013229,25 to 34,100,0,100
S01013229,35 to 49,162,2,160
S01013229,50 to 64,157,4,153
S01013229,65 and over,117,2,115
S01013230,All people aged 3 and over,635,4,631
S01013230,3 to 15,72,0,72
S01013230,16 to 24,55,0,55
S01013230,25 to 34,67,0,67
S01013230,35 to 49,121,0,121
S01013230,50 to 64,144,0,144
S01013230,65 and over,176,4,172
S01013231,All people aged 3 and over,710,4,706
S01013231,3 to 15,88,0,88
S01013231,16 to 24,83,0,83
S01013231,25 to 34,80,0,80
S01013231,35 to 49,156,0,156
S01013231,50 to 64,174,2,172
S01013231,65 and over,129,2,127
S01013232,All people aged 3 and over,676,8,668
S01013232,3 to 15,73,2,71
S01013232,16 to 24,69,0,69
S01013232,25 to 34,85,2,83
S01013232,35 to 49,126,0,126
S01013232,50 to 64,160,2,158
S01013232,65 and over,163,2,161
S01013233,All people aged 3 and over,571,7,564
S01013233,3 to 15,61,0,61
S01013233,16 to 24,60,1,59
S01013233,25 to 34,48,1,47
S01013233,35 to 49,99,1,98
S01013233,50 to 64,169,1,168
S01013233,65 and over,134,3,131
S01013234,All people aged 3 and over,374,5,369
S01013234,3 to 15,63,0,63
S01013234,16 to 24,46,0,46
S01013234,25 to 34,26,1,25
S01013234,35 to 49,102,2,100
S01013234,50 to 64,102,2,100
S01013234,65 and over,35,0,35
S01013235,All people aged 3 and over,737,8,729
S01013235,3 to 15,56,0,56
S01013235,16 to 24,83,2,81
S01013235,25 to 34,82,2,80
S01013235,35 to 49,177,2,175
S01013235,50 to 64,176,1,175
S01013235,65 and over,163,1,162
S01013236,All people aged 3 and over,853,11,842
S01013236,3 to 15,90,0,90
S01013236,16 to 24,71,0,71
S01013236,25 to 34,70,2,68
S01013236,35 to 49,183,3,180
S01013236,50 to 64,220,1,219
S01013236,65 and over,219,5,214
S01013237,All people aged 3 and over,788,6,782
S01013237,3 to 15,140,0,140
S01013237,16 to 24,93,0,93
S01013237,25 to 34,113,3,110
S01013237,35 to 49,221,2,219
S01013237,50 to 64,140,0,140
S01013237,65 and over,81,1,80
S01013238,All people aged 3 and over,746,6,740
S01013238,3 to 15,119,0,119
S01013238,16 to 24,92,0,92
S01013238,25 to 34,94,1,93
S01013238,35 to 49,165,3,162
S01013238,50 to 64,152,2,150
S01013238,65 and over,124,0,124
S01013239,All people aged 3 and over,848,13,835
S01013239,3 to 15,139,2,137
S01013239,16 to 24,105,0,105
S01013239,25 to 34,107,2,105
S01013239,35 to 49,205,5,200
S01013239,50 to 64,168,3,165
S01013239,65 and over,124,1,123
S01013240,All people aged 3 and over,513,4,509
S01013240,3 to 15,80,0,80
S01013240,16 to 24,79,0,79
S01013240,25 to 34,72,1,71
S01013240,35 to 49,117,2,115
S01013240,50 to 64,101,0,101
S01013240,65 and over,64,1,63
S01013241,All people aged 3 and over,804,10,794
S01013241,3 to 15,77,0,77
S01013241,16 to 24,86,0,86
S01013241,25 to 34,49,1,48
S01013241,35 to 49,174,1,173
S01013241,50 to 64,256,3,253
S01013241,65 and over,162,5,157
S01013242,All people aged 3 and over,583,4,579
S01013242,3 to 15,74,0,74
S01013242,16 to 24,61,0,61
S01013242,25 to 34,45,0,45
S01013242,35 to 49,113,0,113
S01013242,50 to 64,159,3,156
S01013242,65 and over,131,1,130
S01013243,All people aged 3 and over,710,5,705
S01013243,3 to 15,110,0,110
S01013243,16 to 24,77,0,77
S01013243,25 to 34,94,3,91
S01013243,35 to 49,168,1,167
S01013243,50 to 64,163,1,162
S01013243,65 and over,98,0,98
S01013244,All people aged 3 and over,725,2,723
S01013244,3 to 15,108,0,108
S01013244,16 to 24,76,0,76
S01013244,25 to 34,80,0,80
S01013244,35 to 49,128,1,127
S01013244,50 to 64,157,0,157
S01013244,65 and over,176,1,175
S01013245,All people aged 3 and over,968,2,966
S01013245,3 to 15,171,0,171
S01013245,16 to 24,99,0,99
S01013245,25 to 34,114,0,114
S01013245,35 to 49,262,0,262
S01013245,50 to 64,178,0,178
S01013245,65 and over,144,2,142
S01013246,All people aged 3 and over,448,0,448
S01013246,3 to 15,82,0,82
S01013246,16 to 24,49,0,49
S01013246,25 to 34,50,0,50
S01013246,35 to 49,116,0,116
S01013246,50 to 64,99,0,99
S01013246,65 and over,52,0,52
S01013247,All people aged 3 and over,767,3,764
S01013247,3 to 15,138,0,138
S01013247,16 to 24,105,0,105
S01013247,25 to 34,96,0,96
S01013247,35 to 49,175,1,174
S01013247,50 to 64,120,1,119
S01013247,65 and over,133,1,132
S01013248,All people aged 3 and over,606,1,605
S01013248,3 to 15,95,0,95
S01013248,16 to 24,77,0,77
S01013248,25 to 34,85,1,84
S01013248,35 to 49,134,0,134
S01013248,50 to 64,114,0,114
S01013248,65 and over,101,0,101
S01013249,All people aged 3 and over,447,3,444
S01013249,3 to 15,72,0,72
S01013249,16 to 24,42,0,42
S01013249,25 to 34,43,0,43
S01013249,35 to 49,121,3,118
S01013249,50 to 64,99,0,99
S01013249,65 and over,70,0,70
S01013250,All people aged 3 and over,837,5,832
S01013250,3 to 15,132,1,131
S01013250,16 to 24,102,0,102
S01013250,25 to 34,87,1,86
S01013250,35 to 49,195,0,195
S01013250,50 to 64,208,3,205
S01013250,65 and over,113,0,113
S01013251,All people aged 3 and over,735,7,728
S01013251,3 to 15,177,1,176
S01013251,16 to 24,78,0,78
S01013251,25 to 34,133,2,131
S01013251,35 to 49,161,2,159
S01013251,50 to 64,114,2,112
S01013251,65 and over,72,0,72
S01013252,All people aged 3 and over,655,4,651
S01013252,3 to 15,109,0,109
S01013252,16 to 24,72,0,72
S01013252,25 to 34,84,1,83
S01013252,35 to 49,142,1,141
S01013252,50 to 64,157,1,156
S01013252,65 and over,91,1,90
S01013253,All people aged 3 and over,683,4,679
S01013253,3 to 15,98,1,97
S01013253,16 to 24,75,0,75
S01013253,25 to 34,95,1,94
S01013253,35 to 49,140,0,140
S01013253,50 to 64,146,2,144
S01013253,65 and over,129,0,129
S01013254,All people aged 3 and over,602,4,598
S01013254,3 to 15,103,0,103
S01013254,16 to 24,69,0,69
S01013254,25 to 34,101,2,99
S01013254,35 to 49,114,2,112
S01013254,50 to 64,118,0,118
S01013254,65 and over,97,0,97
S01013255,All people aged 3 and over,1332,20,1312
S01013255,3 to 15,132,1,131
S01013255,16 to 24,204,1,203
S01013255,25 to 34,296,13,283
S01013255,35 to 49,352,3,349
S01013255,50 to 64,212,1,211
S01013255,65 and over,136,1,135
S01013256,All people aged 3 and over,718,2,716
S01013256,3 to 15,114,0,114
S01013256,16 to 24,61,0,61
S01013256,25 to 34,79,0,79
S01013256,35 to 49,176,0,176
S01013256,50 to 64,128,1,127
S01013256,65 and over,160,1,159
S01013257,All people aged 3 and over,784,8,776
S01013257,3 to 15,88,0,88
S01013257,16 to 24,81,1,80
S01013257,25 to 34,96,1,95
S01013257,35 to 49,152,2,150
S01013257,50 to 64,157,2,155
S01013257,65 and over,210,2,208
S01013258,All people aged 3 and over,742,0,742
S01013258,3 to 15,104,0,104
S01013258,16 to 24,72,0,72
S01013258,25 to 34,72,0,72
S01013258,35 to 49,139,0,139
S01013258,50 to 64,233,0,233
S01013258,65 and over,122,0,122
S01013259,All people aged 3 and over,818,5,813
S01013259,3 to 15,140,0,140
S01013259,16 to 24,92,1,91
S01013259,25 to 34,93,1,92
S01013259,35 to 49,181,0,181
S01013259,50 to 64,164,2,162
S01013259,65 and over,148,1,147
S01013260,All people aged 3 and over,848,1,847
S01013260,3 to 15,171,0,171
S01013260,16 to 24,112,0,112
S01013260,25 to 34,105,1,104
S01013260,35 to 49,190,0,190
S01013260,50 to 64,169,0,169
S01013260,65 and over,101,0,101
S01013261,All people aged 3 and over,775,8,767
S01013261,3 to 15,153,2,151
S01013261,16 to 24,85,1,84
S01013261,25 to 34,99,1,98
S01013261,35 to 49,197,1,196
S01013261,50 to 64,137,2,135
S01013261,65 and over,104,1,103
S01013262,All people aged 3 and over,627,4,623
S01013262,3 to 15,98,0,98
S01013262,16 to 24,81,0,81
S01013262,25 to 34,59,2,57
S01013262,35 to 49,163,0,163
S01013262,50 to 64,124,1,123
S01013262,65 and over,102,1,101
S01013263,All people aged 3 and over,546,3,543
S01013263,3 to 15,139,1,138
S01013263,16 to 24,44,0,44
S01013263,25 to 34,33,0,33
S01013263,35 to 49,155,2,153
S01013263,50 to 64,123,0,123
S01013263,65 and over,52,0,52
S01013264,All people aged 3 and over,510,9,501
S01013264,3 to 15,129,3,126
S01013264,16 to 24,62,1,61
S01013264,25 to 34,35,1,34
S01013264,35 to 49,167,2,165
S01013264,50 to 64,93,2,91
S01013264,65 and over,24,0,24
S01013265,All people aged 3 and over,661,2,659
S01013265,3 to 15,176,0,176
S01013265,16 to 24,85,0,85
S01013265,25 to 34,29,0,29
S01013265,35 to 49,238,1,237
S01013265,50 to 64,111,1,110
S01013265,65 and over,22,0,22
S01013266,All people aged 3 and over,543,2,541
S01013266,3 to 15,118,0,118
S01013266,16 to 24,55,0,55
S01013266,25 to 34,47,0,47
S01013266,35 to 49,195,1,194
S01013266,50 to 64,97,1,96
S01013266,65 and over,31,0,31
S01013267,All people aged 3 and over,566,4,562
S01013267,3 to 15,104,0,104
S01013267,16 to 24,58,0,58
S01013267,25 to 34,44,0,44
S01013267,35 to 49,146,1,145
S01013267,50 to 64,111,3,108
S01013267,65 and over,103,0,103
S01013268,All people aged 3 and over,800,7,793
S01013268,3 to 15,143,0,143
S01013268,16 to 24,99,0,99
S01013268,25 to 34,102,2,100
S01013268,35 to 49,174,2,172
S01013268,50 to 64,186,2,184
S01013268,65 and over,96,1,95
S01013269,All people aged 3 and over,912,8,904
S01013269,3 to 15,164,0,164
S01013269,16 to 24,88,2,86
S01013269,25 to 34,135,1,134
S01013269,35 to 49,271,3,268
S01013269,50 to 64,184,1,183
S01013269,65 and over,70,1,69
S01013270,All people aged 3 and over,810,1,809
S01013270,3 to 15,199,0,199
S01013270,16 to 24,76,0,76
S01013270,25 to 34,55,0,55
S01013270,35 to 49,271,1,270
S01013270,50 to 64,154,0,154
S01013270,65 and over,55,0,55
S01013271,All people aged 3 and over,581,3,578
S01013271,3 to 15,80,0,80
S01013271,16 to 24,33,0,33
S01013271,25 to 34,39,0,39
S01013271,35 to 49,137,0,137
S01013271,50 to 64,181,3,178
S01013271,65 and over,111,0,111
S01013272,All people aged 3 and over,755,5,750
S01013272,3 to 15,190,1,189
S01013272,16 to 24,85,0,85
S01013272,25 to 34,51,0,51
S01013272,35 to 49,239,4,235
S01013272,50 to 64,151,0,151
S01013272,65 and over,39,0,39
S01013273,All people aged 3 and over,891,10,881
S01013273,3 to 15,250,1,249
S01013273,16 to 24,86,1,85
S01013273,25 to 34,75,1,74
S01013273,35 to 49,343,4,339
S01013273,50 to 64,102,3,99
S01013273,65 and over,35,0,35
S01013274,All people aged 3 and over,771,1,770
S01013274,3 to 15,85,0,85
S01013274,16 to 24,113,0,113
S01013274,25 to 34,89,0,89
S01013274,35 to 49,168,0,168
S01013274,50 to 64,209,1,208
S01013274,65 and over,107,0,107
S01013275,All people aged 3 and over,695,6,689
S01013275,3 to 15,126,1,125
S01013275,16 to 24,61,1,60
S01013275,25 to 34,61,1,60
S01013275,35 to 49,155,1,154
S01013275,50 to 64,184,0,184
S01013275,65 and over,108,2,106
S01013276,All people aged 3 and over,600,7,593
S01013276,3 to 15,99,0,99
S01013276,16 to 24,72,0,72
S01013276,25 to 34,56,1,55
S01013276,35 to 49,171,3,168
S01013276,50 to 64,153,1,152
S01013276,65 and over,49,2,47
S01013277,All people aged 3 and over,857,8,849
S01013277,3 to 15,138,0,138
S01013277,16 to 24,104,0,104
S01013277,25 to 34,102,2,100
S01013277,35 to 49,199,0,199
S01013277,50 to 64,203,4,199
S01013277,65 and over,111,2,109
S01013278,All people aged 3 and over,856,12,844
S01013278,3 to 15,152,2,150
S01013278,16 to 24,96,2,94
S01013278,25 to 34,117,0,117
S01013278,35 to 49,167,3,164
S01013278,50 to 64,155,3,152
S01013278,65 and over,169,2,167
S01013279,All people aged 3 and over,718,6,712
S01013279,3 to 15,168,0,168
S01013279,16 to 24,101,1,100
S01013279,25 to 34,84,0,84
S01013279,35 to 49,165,1,164
S01013279,50 to 64,130,3,127
S01013279,65 and over,70,1,69
S01013280,All people aged 3 and over,560,4,556
S01013280,3 to 15,104,0,104
S01013280,16 to 24,59,0,59
S01013280,25 to 34,77,1,76
S01013280,35 to 49,121,0,121
S01013280,50 to 64,101,2,99
S01013280,65 and over,98,1,97
S01013281,All people aged 3 and over,922,4,918
S01013281,3 to 15,181,1,180
S01013281,16 to 24,100,0,100
S01013281,25 to 34,102,1,101
S01013281,35 to 49,210,0,210
S01013281,50 to 64,174,0,174
S01013281,65 and over,155,2,153
S01013282,All people aged 3 and over,787,6,781
S01013282,3 to 15,158,0,158
S01013282,16 to 24,124,2,122
S01013282,25 to 34,121,1,120
S01013282,35 to 49,209,1,208
S01013282,50 to 64,128,2,126
S01013282,65 and over,47,0,47
S01013283,All people aged 3 and over,607,5,602
S01013283,3 to 15,72,0,72
S01013283,16 to 24,94,0,94
S01013283,25 to 34,190,2,188
S01013283,35 to 49,135,0,135
S01013283,50 to 64,82,2,80
S01013283,65 and over,34,1,33
S01013284,All people aged 3 and over,628,5,623
S01013284,3 to 15,90,0,90
S01013284,16 to 24,68,0,68
S01013284,25 to 34,98,0,98
S01013284,35 to 49,161,1,160
S01013284,50 to 64,148,2,146
S01013284,65 and over,63,2,61
S01013285,All people aged 3 and over,626,2,624
S01013285,3 to 15,84,0,84
S01013285,16 to 24,84,1,83
S01013285,25 to 34,93,0,93
S01013285,35 to 49,155,0,155
S01013285,50 to 64,146,0,146
S01013285,65 and over,64,1,63
S01013286,All people aged 3 and over,647,10,637
S01013286,3 to 15,91,1,90
S01013286,16 to 24,74,2,72
S01013286,25 to 34,71,2,69
S01013286,35 to 49,172,0,172
S01013286,50 to 64,168,4,164
S01013286,65 and over,71,1,70
S01013287,All people aged 3 and over,764,0,764
S01013287,3 to 15,130,0,130
S01013287,16 to 24,124,0,124
S01013287,25 to 34,33,0,33
S01013287,35 to 49,229,0,229
S01013287,50 to 64,200,0,200
S01013287,65 and over,48,0,48
S01013288,All people aged 3 and over,636,3,633
S01013288,3 to 15,92,0,92
S01013288,16 to 24,54,1,53
S01013288,25 to 34,70,0,70
S01013288,35 to 49,148,2,146
S01013288,50 to 64,147,0,147
S01013288,65 and over,125,0,125
S01013289,All people aged 3 and over,737,3,734
S01013289,3 to 15,143,0,143
S01013289,16 to 24,60,0,60
S01013289,25 to 34,44,0,44
S01013289,35 to 49,200,3,197
S01013289,50 to 64,171,0,171
S01013289,65 and over,119,0,119
S01013290,All people aged 3 and over,869,8,861
S01013290,3 to 15,177,1,176
S01013290,16 to 24,93,1,92
S01013290,25 to 34,73,2,71
S01013290,35 to 49,294,4,290
S01013290,50 to 64,147,0,147
S01013290,65 and over,85,0,85
S01013291,All people aged 3 and over,690,6,684
S01013291,3 to 15,163,0,163
S01013291,16 to 24,63,0,63
S01013291,25 to 34,86,2,84
S01013291,35 to 49,230,0,230
S01013291,50 to 64,120,2,118
S01013291,65 and over,28,2,26
S01013292,All people aged 3 and over,711,6,705
S01013292,3 to 15,91,0,91
S01013292,16 to 24,117,0,117
S01013292,25 to 34,69,0,69
S01013292,35 to 49,179,0,179
S01013292,50 to 64,175,4,171
S01013292,65 and over,80,2,78
S01013293,All people aged 3 and over,696,6,690
S01013293,3 to 15,114,3,111
S01013293,16 to 24,81,0,81
S01013293,25 to 34,57,0,57
S01013293,35 to 49,186,2,184
S01013293,50 to 64,179,1,178
S01013293,65 and over,79,0,79
S01013294,All people aged 3 and over,710,5,705
S01013294,3 to 15,111,0,111
S01013294,16 to 24,96,0,96
S01013294,25 to 34,93,2,91
S01013294,35 to 49,179,1,178
S01013294,50 to 64,158,2,156
S01013294,65 and over,73,0,73
S01013295,All people aged 3 and over,723,7,716
S01013295,3 to 15,96,0,96
S01013295,16 to 24,104,0,104
S01013295,25 to 34,97,0,97
S01013295,35 to 49,179,1,178
S01013295,50 to 64,179,4,175
S01013295,65 and over,68,2,66
S01013296,All people aged 3 and over,703,5,698
S01013296,3 to 15,106,0,106
S01013296,16 to 24,83,0,83
S01013296,25 to 34,68,0,68
S01013296,35 to 49,153,2,151
S01013296,50 to 64,161,2,159
S01013296,65 and over,132,1,131
S01013297,All people aged 3 and over,664,2,662
S01013297,3 to 15,89,0,89
S01013297,16 to 24,86,0,86
S01013297,25 to 34,50,0,50
S01013297,35 to 49,182,0,182
S01013297,50 to 64,132,1,131
S01013297,65 and over,125,1,124
S01013298,All people aged 3 and over,664,3,661
S01013298,3 to 15,83,0,83
S01013298,16 to 24,71,0,71
S01013298,25 to 34,63,1,62
S01013298,35 to 49,152,1,151
S01013298,50 to 64,131,1,130
S01013298,65 and over,164,0,164
S01013299,All people aged 3 and over,972,2,970
S01013299,3 to 15,150,0,150
S01013299,16 to 24,118,0,118
S01013299,25 to 34,107,1,106
S01013299,35 to 49,279,1,278
S01013299,50 to 64,174,0,174
S01013299,65 and over,144,0,144
S01013300,All people aged 3 and over,544,4,540
S01013300,3 to 15,59,0,59
S01013300,16 to 24,51,0,51
S01013300,25 to 34,61,0,61
S01013300,35 to 49,133,0,133
S01013300,50 to 64,128,2,126
S01013300,65 and over,112,2,110
S01013301,All people aged 3 and over,469,1,468
S01013301,3 to 15,60,0,60
S01013301,16 to 24,47,0,47
S01013301,25 to 34,56,0,56
S01013301,35 to 49,105,0,105
S01013301,50 to 64,112,0,112
S01013301,65 and over,89,1,88
S01013302,All people aged 3 and over,594,9,585
S01013302,3 to 15,79,0,79
S01013302,16 to 24,59,2,57
S01013302,25 to 34,64,1,63
S01013302,35 to 49,146,3,143
S01013302,50 to 64,157,3,154
S01013302,65 and over,89,0,89
S01013303,All people aged 3 and over,874,8,866
S01013303,3 to 15,113,0,113
S01013303,16 to 24,89,0,89
S01013303,25 to 34,54,0,54
S01013303,35 to 49,217,3,214
S01013303,50 to 64,192,2,190
S01013303,65 and over,209,3,206
S01013304,All people aged 3 and over,898,10,888
S01013304,3 to 15,151,0,151
S01013304,16 to 24,130,0,130
S01013304,25 to 34,151,1,150
S01013304,35 to 49,231,6,225
S01013304,50 to 64,137,1,136
S01013304,65 and over,98,2,96
S01013305,All people aged 3 and over,917,15,902
S01013305,3 to 15,127,2,125
S01013305,16 to 24,112,2,110
S01013305,25 to 34,158,5,153
S01013305,35 to 49,221,4,217
S01013305,50 to 64,164,1,163
S01013305,65 and over,135,1,134
S01013306,All people aged 3 and over,886,7,879
S01013306,3 to 15,130,0,130
S01013306,16 to 24,160,0,160
S01013306,25 to 34,155,4,151
S01013306,35 to 49,218,1,217
S01013306,50 to 64,140,2,138
S01013306,65 and over,83,0,83
S01013307,All people aged 3 and over,999,11,988
S01013307,3 to 15,184,0,184
S01013307,16 to 24,141,4,137
S01013307,25 to 34,205,5,200
S01013307,35 to 49,225,1,224
S01013307,50 to 64,157,0,157
S01013307,65 and over,87,1,86
S01013308,All people aged 3 and over,945,10,935
S01013308,3 to 15,236,0,236
S01013308,16 to 24,141,1,140
S01013308,25 to 34,161,2,159
S01013308,35 to 49,198,3,195
S01013308,50 to 64,101,1,100
S01013308,65 and over,108,3,105
S01013309,All people aged 3 and over,622,6,616
S01013309,3 to 15,129,0,129
S01013309,16 to 24,73,1,72
S01013309,25 to 34,80,0,80
S01013309,35 to 49,193,5,188
S01013309,50 to 64,103,0,103
S01013309,65 and over,44,0,44
S01013310,All people aged 3 and over,623,6,617
S01013310,3 to 15,117,0,117
S01013310,16 to 24,71,0,71
S01013310,25 to 34,99,1,98
S01013310,35 to 49,148,1,147
S01013310,50 to 64,111,0,111
S01013310,65 and over,77,4,73
S01013311,All people aged 3 and over,774,2,772
S01013311,3 to 15,155,0,155
S01013311,16 to 24,92,0,92
S01013311,25 to 34,106,0,106
S01013311,35 to 49,179,2,177
S01013311,50 to 64,166,0,166
S01013311,65 and over,76,0,76
S01013312,All people aged 3 and over,1007,8,999
S01013312,3 to 15,174,0,174
S01013312,16 to 24,108,0,108
S01013312,25 to 34,162,1,161
S01013312,35 to 49,250,5,245
S01013312,50 to 64,172,0,172
S01013312,65 and over,141,2,139
S01013313,All people aged 3 and over,663,14,649
S01013313,3 to 15,125,4,121
S01013313,16 to 24,98,2,96
S01013313,25 to 34,85,2,83
S01013313,35 to 49,161,4,157
S01013313,50 to 64,96,0,96
S01013313,65 and over,98,2,96
S01013314,All people aged 3 and over,656,5,651
S01013314,3 to 15,119,0,119
S01013314,16 to 24,73,0,73
S01013314,25 to 34,93,1,92
S01013314,35 to 49,136,0,136
S01013314,50 to 64,112,1,111
S01013314,65 and over,123,3,120
S01013315,All people aged 3 and over,532,3,529
S01013315,3 to 15,150,0,150
S01013315,16 to 24,40,0,40
S01013315,25 to 34,64,0,64
S01013315,35 to 49,207,0,207
S01013315,50 to 64,55,2,53
S01013315,65 and over,16,1,15
S01013316,All people aged 3 and over,637,9,628
S01013316,3 to 15,89,0,89
S01013316,16 to 24,53,2,51
S01013316,25 to 34,63,0,63
S01013316,35 to 49,111,3,108
S01013316,50 to 64,186,3,183
S01013316,65 and over,135,1,134
S01013317,All people aged 3 and over,509,5,504
S01013317,3 to 15,50,0,50
S01013317,16 to 24,55,0,55
S01013317,25 to 34,51,2,49
S01013317,35 to 49,122,2,120
S01013317,50 to 64,138,1,137
S01013317,65 and over,93,0,93
S01013318,All people aged 3 and over,591,1,590
S01013318,3 to 15,111,0,111
S01013318,16 to 24,40,0,40
S01013318,25 to 34,102,0,102
S01013318,35 to 49,178,1,177
S01013318,50 to 64,109,0,109
S01013318,65 and over,51,0,51
S01013319,All people aged 3 and over,544,3,541
S01013319,3 to 15,114,0,114
S01013319,16 to 24,64,1,63
S01013319,25 to 34,64,1,63
S01013319,35 to 49,182,1,181
S01013319,50 to 64,82,0,82
S01013319,65 and over,38,0,38
S01013320,All people aged 3 and over,979,13,966
S01013320,3 to 15,246,3,243
S01013320,16 to 24,91,2,89
S01013320,25 to 34,176,0,176
S01013320,35 to 49,339,8,331
S01013320,50 to 64,106,0,106
S01013320,65 and over,21,0,21
S01013321,All people aged 3 and over,404,5,399
S01013321,3 to 15,36,0,36
S01013321,16 to 24,37,1,36
S01013321,25 to 34,56,2,54
S01013321,35 to 49,115,0,115
S01013321,50 to 64,82,0,82
S01013321,65 and over,78,2,76
S01013322,All people aged 3 and over,778,1,777
S01013322,3 to 15,136,0,136
S01013322,16 to 24,104,0,104
S01013322,25 to 34,76,0,76
S01013322,35 to 49,160,0,160
S01013322,50 to 64,163,1,162
S01013322,65 and over,139,0,139
S01013323,All people aged 3 and over,904,8,896
S01013323,3 to 15,134,0,134
S01013323,16 to 24,117,0,117
S01013323,25 to 34,141,4,137
S01013323,35 to 49,226,2,224
S01013323,50 to 64,179,0,179
S01013323,65 and over,107,2,105
S01013324,All people aged 3 and over,622,4,618
S01013324,3 to 15,122,1,121
S01013324,16 to 24,105,1,104
S01013324,25 to 34,82,0,82
S01013324,35 to 49,142,1,141
S01013324,50 to 64,110,0,110
S01013324,65 and over,61,1,60
S01013325,All people aged 3 and over,877,10,867
S01013325,3 to 15,215,2,213
S01013325,16 to 24,123,2,121
S01013325,25 to 34,104,1,103
S01013325,35 to 49,197,4,193
S01013325,50 to 64,147,1,146
S01013325,65 and over,91,0,91
S01013326,All people aged 3 and over,516,0,516
S01013326,3 to 15,87,0,87
S01013326,16 to 24,98,0,98
S01013326,25 to 34,69,0,69
S01013326,35 to 49,115,0,115
S01013326,50 to 64,93,0,93
S01013326,65 and over,54,0,54
S01013327,All people aged 3 and over,675,7,668
S01013327,3 to 15,133,1,132
S01013327,16 to 24,99,3,96
S01013327,25 to 34,81,0,81
S01013327,35 to 49,176,0,176
S01013327,50 to 64,127,2,125
S01013327,65 and over,59,1,58
S01013328,All people aged 3 and over,619,8,611
S01013328,3 to 15,139,2,137
S01013328,16 to 24,87,0,87
S01013328,25 to 34,82,1,81
S01013328,35 to 49,147,5,142
S01013328,50 to 64,114,0,114
S01013328,65 and over,50,0,50
S01013329,All people aged 3 and over,519,3,516
S01013329,3 to 15,84,0,84
S01013329,16 to 24,81,1,80
S01013329,25 to 34,54,0,54
S01013329,35 to 49,107,0,107
S01013329,50 to 64,113,2,111
S01013329,65 and over,80,0,80
S01013330,All people aged 3 and over,1002,5,997
S01013330,3 to 15,183,0,183
S01013330,16 to 24,142,1,141
S01013330,25 to 34,210,2,208
S01013330,35 to 49,282,1,281
S01013330,50 to 64,144,1,143
S01013330,65 and over,41,0,41
S01013331,All people aged 3 and over,611,9,602
S01013331,3 to 15,130,0,130
S01013331,16 to 24,97,1,96
S01013331,25 to 34,104,4,100
S01013331,35 to 49,190,2,188
S01013331,50 to 64,71,2,69
S01013331,65 and over,19,0,19
S01013332,All people aged 3 and over,655,4,651
S01013332,3 to 15,119,0,119
S01013332,16 to 24,81,0,81
S01013332,25 to 34,71,0,71
S01013332,35 to 49,141,1,140
S01013332,50 to 64,140,0,140
S01013332,65 and over,103,3,100
S01013333,All people aged 3 and over,782,9,773
S01013333,3 to 15,139,1,138
S01013333,16 to 24,93,1,92
S01013333,25 to 34,104,2,102
S01013333,35 to 49,234,3,231
S01013333,50 to 64,135,1,134
S01013333,65 and over,77,1,76
S01013334,All people aged 3 and over,737,4,733
S01013334,3 to 15,167,0,167
S01013334,16 to 24,113,0,113
S01013334,25 to 34,111,2,109
S01013334,35 to 49,159,0,159
S01013334,50 to 64,136,1,135
S01013334,65 and over,51,1,50
S01013335,All people aged 3 and over,788,6,782
S01013335,3 to 15,217,0,217
S01013335,16 to 24,110,0,110
S01013335,25 to 34,119,0,119
S01013335,35 to 49,175,1,174
S01013335,50 to 64,123,4,119
S01013335,65 and over,44,1,43
S01013336,All people aged 3 and over,825,6,819
S01013336,3 to 15,165,0,165
S01013336,16 to 24,130,0,130
S01013336,25 to 34,130,0,130
S01013336,35 to 49,184,2,182
S01013336,50 to 64,155,3,152
S01013336,65 and over,61,1,60
S01013337,All people aged 3 and over,921,7,914
S01013337,3 to 15,137,0,137
S01013337,16 to 24,93,3,90
S01013337,25 to 34,97,1,96
S01013337,35 to 49,219,3,216
S01013337,50 to 64,226,0,226
S01013337,65 and over,149,0,149
S01013338,All people aged 3 and over,559,4,555
S01013338,3 to 15,171,1,170
S01013338,16 to 24,59,1,58
S01013338,25 to 34,46,1,45
S01013338,35 to 49,220,1,219
S01013338,50 to 64,45,0,45
S01013338,65 and over,18,0,18
S01013339,All people aged 3 and over,564,2,562
S01013339,3 to 15,91,0,91
S01013339,16 to 24,57,0,57
S01013339,25 to 34,75,0,75
S01013339,35 to 49,134,0,134
S01013339,50 to 64,146,2,144
S01013339,65 and over,61,0,61
S01013340,All people aged 3 and over,792,5,787
S01013340,3 to 15,97,0,97
S01013340,16 to 24,95,1,94
S01013340,25 to 34,62,1,61
S01013340,35 to 49,170,1,169
S01013340,50 to 64,246,1,245
S01013340,65 and over,122,1,121
S01013341,All people aged 3 and over,867,2,865
S01013341,3 to 15,141,0,141
S01013341,16 to 24,59,0,59
S01013341,25 to 34,137,1,136
S01013341,35 to 49,260,1,259
S01013341,50 to 64,185,0,185
S01013341,65 and over,85,0,85
S01013342,All people aged 3 and over,622,7,615
S01013342,3 to 15,106,2,104
S01013342,16 to 24,74,0,74
S01013342,25 to 34,98,2,96
S01013342,35 to 49,126,2,124
S01013342,50 to 64,114,0,114
S01013342,65 and over,104,1,103
S01013343,All people aged 3 and over,639,1,638
S01013343,3 to 15,113,0,113
S01013343,16 to 24,74,0,74
S01013343,25 to 34,106,1,105
S01013343,35 to 49,156,0,156
S01013343,50 to 64,117,0,117
S01013343,65 and over,73,0,73
S01013344,All people aged 3 and over,772,2,770
S01013344,3 to 15,118,0,118
S01013344,16 to 24,99,0,99
S01013344,25 to 34,95,1,94
S01013344,35 to 49,156,0,156
S01013344,50 to 64,150,1,149
S01013344,65 and over,154,0,154
S01013345,All people aged 3 and over,731,12,719
S01013345,3 to 15,156,1,155
S01013345,16 to 24,85,0,85
S01013345,25 to 34,107,0,107
S01013345,35 to 49,167,4,163
S01013345,50 to 64,140,5,135
S01013345,65 and over,76,2,74
S01013346,All people aged 3 and over,841,4,837
S01013346,3 to 15,220,0,220
S01013346,16 to 24,99,0,99
S01013346,25 to 34,81,0,81
S01013346,35 to 49,274,1,273
S01013346,50 to 64,131,3,128
S01013346,65 and over,36,0,36
S01013347,All people aged 3 and over,677,5,672
S01013347,3 to 15,102,0,102
S01013347,16 to 24,65,0,65
S01013347,25 to 34,94,0,94
S01013347,35 to 49,208,1,207
S01013347,50 to 64,141,0,141
S01013347,65 and over,67,4,63
S01013348,All people aged 3 and over,451,3,448
S01013348,3 to 15,108,0,108
S01013348,16 to 24,40,0,40
S01013348,25 to 34,51,0,51
S01013348,35 to 49,174,3,171
S01013348,50 to 64,62,0,62
S01013348,65 and over,16,0,16
S01013349,All people aged 3 and over,723,12,711
S01013349,3 to 15,108,1,107
S01013349,16 to 24,117,4,113
S01013349,25 to 34,248,6,242
S01013349,35 to 49,186,1,185
S01013349,50 to 64,48,0,48
S01013349,65 and over,16,0,16
S01013350,All people aged 3 and over,633,6,627
S01013350,3 to 15,82,0,82
S01013350,16 to 24,93,1,92
S01013350,25 to 34,107,0,107
S01013350,35 to 49,152,2,150
S01013350,50 to 64,111,0,111
S01013350,65 and over,88,3,85
S01013351,All people aged 3 and over,757,7,750
S01013351,3 to 15,126,0,126
S01013351,16 to 24,85,0,85
S01013351,25 to 34,122,0,122
S01013351,35 to 49,169,1,168
S01013351,50 to 64,170,6,164
S01013351,65 and over,85,0,85
S01013352,All people aged 3 and over,852,5,847
S01013352,3 to 15,137,0,137
S01013352,16 to 24,101,0,101
S01013352,25 to 34,134,0,134
S01013352,35 to 49,171,0,171
S01013352,50 to 64,196,3,193
S01013352,65 and over,113,2,111
S01013353,All people aged 3 and over,641,4,637
S01013353,3 to 15,131,0,131
S01013353,16 to 24,86,1,85
S01013353,25 to 34,83,0,83
S01013353,35 to 49,143,1,142
S01013353,50 to 64,134,2,132
S01013353,65 and over,64,0,64
S01013354,All people aged 3 and over,706,4,702
S01013354,3 to 15,117,0,117
S01013354,16 to 24,48,0,48
S01013354,25 to 34,65,0,65
S01013354,35 to 49,194,0,194
S01013354,50 to 64,155,3,152
S01013354,65 and over,127,1,126
S01013355,All people aged 3 and over,636,5,631
S01013355,3 to 15,114,0,114
S01013355,16 to 24,63,0,63
S01013355,25 to 34,52,0,52
S01013355,35 to 49,175,3,172
S01013355,50 to 64,126,2,124
S01013355,65 and over,106,0,106
S01013356,All people aged 3 and over,720,5,715
S01013356,3 to 15,137,0,137
S01013356,16 to 24,74,0,74
S01013356,25 to 34,118,0,118
S01013356,35 to 49,171,2,169
S01013356,50 to 64,122,2,120
S01013356,65 and over,98,1,97
S01013357,All people aged 3 and over,796,5,791
S01013357,3 to 15,138,0,138
S01013357,16 to 24,76,0,76
S01013357,25 to 34,88,0,88
S01013357,35 to 49,224,2,222
S01013357,50 to 64,152,1,151
S01013357,65 and over,118,2,116
S01013358,All people aged 3 and over,782,3,779
S01013358,3 to 15,105,0,105
S01013358,16 to 24,79,0,79
S01013358,25 to 34,87,0,87
S01013358,35 to 49,184,0,184
S01013358,50 to 64,143,0,143
S01013358,65 and over,184,3,181
S01013359,All people aged 3 and over,595,1,594
S01013359,3 to 15,92,0,92
S01013359,16 to 24,66,0,66
S01013359,25 to 34,87,0,87
S01013359,35 to 49,118,0,118
S01013359,50 to 64,122,0,122
S01013359,65 and over,110,1,109
S01013360,All people aged 3 and over,666,9,657
S01013360,3 to 15,93,0,93
S01013360,16 to 24,79,0,79
S01013360,25 to 34,67,2,65
S01013360,35 to 49,138,1,137
S01013360,50 to 64,158,4,154
S01013360,65 and over,131,2,129
S01013361,All people aged 3 and over,540,2,538
S01013361,3 to 15,58,0,58
S01013361,16 to 24,60,0,60
S01013361,25 to 34,77,1,76
S01013361,35 to 49,131,0,131
S01013361,50 to 64,120,1,119
S01013361,65 and over,94,0,94
S01013362,All people aged 3 and over,475,2,473
S01013362,3 to 15,86,0,86
S01013362,16 to 24,50,0,50
S01013362,25 to 34,68,0,68
S01013362,35 to 49,86,0,86
S01013362,50 to 64,81,2,79
S01013362,65 and over,104,0,104
S01013363,All people aged 3 and over,713,4,709
S01013363,3 to 15,103,0,103
S01013363,16 to 24,101,0,101
S01013363,25 to 34,113,0,113
S01013363,35 to 49,160,1,159
S01013363,50 to 64,116,2,114
S01013363,65 and over,120,1,119
S01013364,All people aged 3 and over,859,3,856
S01013364,3 to 15,140,0,140
S01013364,16 to 24,95,0,95
S01013364,25 to 34,95,1,94
S01013364,35 to 49,242,0,242
S01013364,50 to 64,160,1,159
S01013364,65 and over,127,1,126
S01013365,All people aged 3 and over,760,10,750
S01013365,3 to 15,92,0,92
S01013365,16 to 24,67,1,66
S01013365,25 to 34,91,3,88
S01013365,35 to 49,180,1,179
S01013365,50 to 64,211,4,207
S01013365,65 and over,119,1,118
S01013366,All people aged 3 and over,863,5,858
S01013366,3 to 15,164,0,164
S01013366,16 to 24,103,0,103
S01013366,25 to 34,117,2,115
S01013366,35 to 49,248,2,246
S01013366,50 to 64,155,1,154
S01013366,65 and over,76,0,76
S01013367,All people aged 3 and over,566,2,564
S01013367,3 to 15,96,0,96
S01013367,16 to 24,71,0,71
S01013367,25 to 34,48,0,48
S01013367,35 to 49,181,1,180
S01013367,50 to 64,122,1,121
S01013367,65 and over,48,0,48
S01013368,All people aged 3 and over,742,4,738
S01013368,3 to 15,103,0,103
S01013368,16 to 24,90,0,90
S01013368,25 to 34,58,0,58
S01013368,35 to 49,184,2,182
S01013368,50 to 64,154,1,153
S01013368,65 and over,153,1,152
S01013369,All people aged 3 and over,856,5,851
S01013369,3 to 15,145,0,145
S01013369,16 to 24,94,0,94
S01013369,25 to 34,105,1,104
S01013369,35 to 49,185,3,182
S01013369,50 to 64,156,0,156
S01013369,65 and over,171,1,170
S01013370,All people aged 3 and over,592,1,591
S01013370,3 to 15,93,0,93
S01013370,16 to 24,83,0,83
S01013370,25 to 34,69,1,68
S01013370,35 to 49,122,0,122
S01013370,50 to 64,103,0,103
S01013370,65 and over,122,0,122
S01013371,All people aged 3 and over,636,2,634
S01013371,3 to 15,78,0,78
S01013371,16 to 24,66,0,66
S01013371,25 to 34,48,1,47
S01013371,35 to 49,118,1,117
S01013371,50 to 64,114,0,114
S01013371,65 and over,212,0,212
S01013372,All people aged 3 and over,1055,4,1051
S01013372,3 to 15,212,0,212
S01013372,16 to 24,156,1,155
S01013372,25 to 34,127,0,127
S01013372,35 to 49,258,3,255
S01013372,50 to 64,171,0,171
S01013372,65 and over,131,0,131
S01013373,All people aged 3 and over,890,5,885
S01013373,3 to 15,133,0,133
S01013373,16 to 24,83,0,83
S01013373,25 to 34,109,1,108
S01013373,35 to 49,217,2,215
S01013373,50 to 64,162,0,162
S01013373,65 and over,186,2,184
S01013374,All people aged 3 and over,907,3,904
S01013374,3 to 15,160,0,160
S01013374,16 to 24,128,0,128
S01013374,25 to 34,130,0,130
S01013374,35 to 49,174,2,172
S01013374,50 to 64,145,1,144
S01013374,65 and over,170,0,170
S01013375,All people aged 3 and over,550,2,548
S01013375,3 to 15,83,0,83
S01013375,16 to 24,59,1,58
S01013375,25 to 34,76,0,76
S01013375,35 to 49,114,0,114
S01013375,50 to 64,102,1,101
S01013375,65 and over,116,0,116
S01013376,All people aged 3 and over,575,1,574
S01013376,3 to 15,95,0,95
S01013376,16 to 24,57,0,57
S01013376,25 to 34,55,0,55
S01013376,35 to 49,113,0,113
S01013376,50 to 64,124,1,123
S01013376,65 and over,131,0,131
S01013377,All people aged 3 and over,749,4,745
S01013377,3 to 15,95,0,95
S01013377,16 to 24,74,0,74
S01013377,25 to 34,79,0,79
S01013377,35 to 49,149,0,149
S01013377,50 to 64,165,1,164
S01013377,65 and over,187,3,184
S01013378,All people aged 3 and over,945,8,937
S01013378,3 to 15,157,1,156
S01013378,16 to 24,131,1,130
S01013378,25 to 34,112,0,112
S01013378,35 to 49,226,4,222
S01013378,50 to 64,190,1,189
S01013378,65 and over,129,1,128
S01013379,All people aged 3 and over,799,1,798
S01013379,3 to 15,94,0,94
S01013379,16 to 24,85,0,85
S01013379,25 to 34,90,0,90
S01013379,35 to 49,192,1,191
S01013379,50 to 64,214,0,214
S01013379,65 and over,124,0,124
S01013380,All people aged 3 and over,145,0,145
S01013380,3 to 15,19,0,19
S01013380,16 to 24,18,0,18
S01013380,25 to 34,5,0,5
S01013380,35 to 49,23,0,23
S01013380,50 to 64,23,0,23
S01013380,65 and over,57,0,57
S01013381,All people aged 3 and over,475,7,468
S01013381,3 to 15,72,0,72
S01013381,16 to 24,54,0,54
S01013381,25 to 34,53,2,51
S01013381,35 to 49,109,3,106
S01013381,50 to 64,90,1,89
S01013381,65 and over,97,1,96
S01013382,All people aged 3 and over,530,6,524
S01013382,3 to 15,84,0,84
S01013382,16 to 24,54,0,54
S01013382,25 to 34,81,2,79
S01013382,35 to 49,135,2,133
S01013382,50 to 64,105,1,104
S01013382,65 and over,71,1,70
S01013383,All people aged 3 and over,652,4,648
S01013383,3 to 15,71,0,71
S01013383,16 to 24,88,0,88
S01013383,25 to 34,58,0,58
S01013383,35 to 49,150,0,150
S01013383,50 to 64,118,3,115
S01013383,65 and over,167,1,166
S01013384,All people aged 3 and over,726,1,725
S01013384,3 to 15,107,0,107
S01013384,16 to 24,72,0,72
S01013384,25 to 34,77,0,77
S01013384,35 to 49,168,0,168
S01013384,50 to 64,144,0,144
S01013384,65 and over,158,1,157
S01013385,All people aged 3 and over,469,1,468
S01013385,3 to 15,62,0,62
S01013385,16 to 24,42,0,42
S01013385,25 to 34,67,0,67
S01013385,35 to 49,95,0,95
S01013385,50 to 64,115,0,115
S01013385,65 and over,88,1,87
S01013386,All people aged 3 and over,834,7,827
S01013386,3 to 15,145,0,145
S01013386,16 to 24,86,0,86
S01013386,25 to 34,80,0,80
S01013386,35 to 49,209,4,205
S01013386,50 to 64,195,1,194
S01013386,65 and over,119,2,117
S01013387,All people aged 3 and over,592,3,589
S01013387,3 to 15,121,1,120
S01013387,16 to 24,60,0,60
S01013387,25 to 34,72,0,72
S01013387,35 to 49,122,0,122
S01013387,50 to 64,106,1,105
S01013387,65 and over,111,1,110
S01013388,All people aged 3 and over,734,3,731
S01013388,3 to 15,95,0,95
S01013388,16 to 24,56,0,56
S01013388,25 to 34,73,0,73
S01013388,35 to 49,145,0,145
S01013388,50 to 64,136,1,135
S01013388,65 and over,229,2,227
S01013389,All people aged 3 and over,726,0,726
S01013389,3 to 15,103,0,103
S01013389,16 to 24,80,0,80
S01013389,25 to 34,115,0,115
S01013389,35 to 49,170,0,170
S01013389,50 to 64,160,0,160
S01013389,65 and over,98,0,98
S01013390,All people aged 3 and over,451,3,448
S01013390,3 to 15,69,0,69
S01013390,16 to 24,35,0,35
S01013390,25 to 34,53,1,52
S01013390,35 to 49,103,0,103
S01013390,50 to 64,116,2,114
S01013390,65 and over,75,0,75
S01013391,All people aged 3 and over,422,0,422
S01013391,3 to 15,66,0,66
S01013391,16 to 24,38,0,38
S01013391,25 to 34,57,0,57
S01013391,35 to 49,85,0,85
S01013391,50 to 64,100,0,100
S01013391,65 and over,76,0,76
S01013392,All people aged 3 and over,697,4,693
S01013392,3 to 15,148,1,147
S01013392,16 to 24,53,0,53
S01013392,25 to 34,139,1,138
S01013392,35 to 49,264,2,262
S01013392,50 to 64,72,0,72
S01013392,65 and over,21,0,21
S01013393,All people aged 3 and over,666,2,664
S01013393,3 to 15,103,0,103
S01013393,16 to 24,69,0,69
S01013393,25 to 34,108,0,108
S01013393,35 to 49,160,0,160
S01013393,50 to 64,106,0,106
S01013393,65 and over,120,2,118
S01013394,All people aged 3 and over,648,10,638
S01013394,3 to 15,114,1,113
S01013394,16 to 24,83,1,82
S01013394,25 to 34,78,2,76
S01013394,35 to 49,152,4,148
S01013394,50 to 64,125,0,125
S01013394,65 and over,96,2,94
S01013395,All people aged 3 and over,672,3,669
S01013395,3 to 15,154,0,154
S01013395,16 to 24,109,1,108
S01013395,25 to 34,135,2,133
S01013395,35 to 49,133,0,133
S01013395,50 to 64,86,0,86
S01013395,65 and over,55,0,55
S01013396,All people aged 3 and over,630,1,629
S01013396,3 to 15,129,0,129
S01013396,16 to 24,55,0,55
S01013396,25 to 34,185,0,185
S01013396,35 to 49,202,1,201
S01013396,50 to 64,49,0,49
S01013396,65 and over,10,0,10
S01013397,All people aged 3 and over,825,4,821
S01013397,3 to 15,120,0,120
S01013397,16 to 24,91,0,91
S01013397,25 to 34,125,2,123
S01013397,35 to 49,192,0,192
S01013397,50 to 64,169,1,168
S01013397,65 and over,128,1,127
S01013398,All people aged 3 and over,580,2,578
S01013398,3 to 15,134,1,133
S01013398,16 to 24,86,0,86
S01013398,25 to 34,62,0,62
S01013398,35 to 49,207,1,206
S01013398,50 to 64,70,0,70
S01013398,65 and over,21,0,21
S01013399,All people aged 3 and over,1029,6,1023
S01013399,3 to 15,190,1,189
S01013399,16 to 24,76,1,75
S01013399,25 to 34,208,2,206
S01013399,35 to 49,287,1,286
S01013399,50 to 64,126,1,125
S01013399,65 and over,142,0,142
S01013400,All people aged 3 and over,608,6,602
S01013400,3 to 15,71,1,70
S01013400,16 to 24,72,0,72
S01013400,25 to 34,111,2,109
S01013400,35 to 49,140,2,138
S01013400,50 to 64,131,1,130
S01013400,65 and over,83,0,83
S01013401,All people aged 3 and over,739,5,734
S01013401,3 to 15,123,0,123
S01013401,16 to 24,88,1,87
S01013401,25 to 34,210,1,209
S01013401,35 to 49,238,2,236
S01013401,50 to 64,62,1,61
S01013401,65 and over,18,0,18
S01013402,All people aged 3 and over,962,1,961
S01013402,3 to 15,193,0,193
S01013402,16 to 24,91,1,90
S01013402,25 to 34,298,0,298
S01013402,35 to 49,308,0,308
S01013402,50 to 64,59,0,59
S01013402,65 and over,13,0,13
S01013403,All people aged 3 and over,816,3,813
S01013403,3 to 15,194,0,194
S01013403,16 to 24,97,1,96
S01013403,25 to 34,188,0,188
S01013403,35 to 49,263,2,261
S01013403,50 to 64,56,0,56
S01013403,65 and over,18,0,18
S01013404,All people aged 3 and over,555,4,551
S01013404,3 to 15,133,0,133
S01013404,16 to 24,72,0,72
S01013404,25 to 34,102,2,100
S01013404,35 to 49,171,1,170
S01013404,50 to 64,61,1,60
S01013404,65 and over,16,0,16
S01013405,All people aged 3 and over,652,3,649
S01013405,3 to 15,81,0,81
S01013405,16 to 24,62,0,62
S01013405,25 to 34,75,1,74
S01013405,35 to 49,142,1,141
S01013405,50 to 64,121,1,120
S01013405,65 and over,171,0,171
S01013406,All people aged 3 and over,587,5,582
S01013406,3 to 15,82,0,82
S01013406,16 to 24,69,1,68
S01013406,25 to 34,89,1,88
S01013406,35 to 49,138,1,137
S01013406,50 to 64,103,2,101
S01013406,65 and over,106,0,106
S01013407,All people aged 3 and over,510,0,510
S01013407,3 to 15,74,0,74
S01013407,16 to 24,48,0,48
S01013407,25 to 34,66,0,66
S01013407,35 to 49,131,0,131
S01013407,50 to 64,92,0,92
S01013407,65 and over,99,0,99
S01013408,All people aged 3 and over,630,7,623
S01013408,3 to 15,111,1,110
S01013408,16 to 24,97,2,95
S01013408,25 to 34,80,0,80
S01013408,35 to 49,122,3,119
S01013408,50 to 64,81,0,81
S01013408,65 and over,139,1,138
S01013409,All people aged 3 and over,1026,7,1019
S01013409,3 to 15,192,0,192
S01013409,16 to 24,146,1,145
S01013409,25 to 34,137,0,137
S01013409,35 to 49,248,4,244
S01013409,50 to 64,193,2,191
S01013409,65 and over,110,0,110
S01013410,All people aged 3 and over,630,5,625
S01013410,3 to 15,144,0,144
S01013410,16 to 24,102,0,102
S01013410,25 to 34,149,0,149
S01013410,35 to 49,120,0,120
S01013410,50 to 64,70,4,66
S01013410,65 and over,45,1,44
S01013411,All people aged 3 and over,694,6,688
S01013411,3 to 15,90,1,89
S01013411,16 to 24,86,0,86
S01013411,25 to 34,102,2,100
S01013411,35 to 49,177,1,176
S01013411,50 to 64,131,2,129
S01013411,65 and over,108,0,108
S01013412,All people aged 3 and over,763,5,758
S01013412,3 to 15,102,1,101
S01013412,16 to 24,112,0,112
S01013412,25 to 34,105,1,104
S01013412,35 to 49,210,2,208
S01013412,50 to 64,138,1,137
S01013412,65 and over,96,0,96
S01013413,All people aged 3 and over,754,5,749
S01013413,3 to 15,118,0,118
S01013413,16 to 24,59,1,58
S01013413,25 to 34,71,0,71
S01013413,35 to 49,188,1,187
S01013413,50 to 64,158,0,158
S01013413,65 and over,160,3,157
S01013414,All people aged 3 and over,837,5,832
S01013414,3 to 15,71,0,71
S01013414,16 to 24,90,1,89
S01013414,25 to 34,129,0,129
S01013414,35 to 49,148,1,147
S01013414,50 to 64,134,1,133
S01013414,65 and over,265,2,263
S01013415,All people aged 3 and over,628,8,620
S01013415,3 to 15,62,0,62
S01013415,16 to 24,67,3,64
S01013415,25 to 34,102,1,101
S01013415,35 to 49,116,1,115
S01013415,50 to 64,124,1,123
S01013415,65 and over,157,2,155
S01013416,All people aged 3 and over,558,4,554
S01013416,3 to 15,67,0,67
S01013416,16 to 24,64,1,63
S01013416,25 to 34,78,0,78
S01013416,35 to 49,133,2,131
S01013416,50 to 64,125,1,124
S01013416,65 and over,91,0,91
S01013417,All people aged 3 and over,801,8,793
S01013417,3 to 15,71,0,71
S01013417,16 to 24,102,2,100
S01013417,25 to 34,141,0,141
S01013417,35 to 49,175,3,172
S01013417,50 to 64,171,1,170
S01013417,65 and over,141,2,139
S01013418,All people aged 3 and over,616,3,613
S01013418,3 to 15,106,0,106
S01013418,16 to 24,67,0,67
S01013418,25 to 34,93,2,91
S01013418,35 to 49,151,0,151
S01013418,50 to 64,120,1,119
S01013418,65 and over,79,0,79
S01013419,All people aged 3 and over,453,4,449
S01013419,3 to 15,66,0,66
S01013419,16 to 24,47,0,47
S01013419,25 to 34,44,1,43
S01013419,35 to 49,116,0,116
S01013419,50 to 64,108,1,107
S01013419,65 and over,72,2,70
S01013420,All people aged 3 and over,547,3,544
S01013420,3 to 15,79,0,79
S01013420,16 to 24,62,0,62
S01013420,25 to 34,71,0,71
S01013420,35 to 49,142,1,141
S01013420,50 to 64,102,2,100
S01013420,65 and over,91,0,91
S01013421,All people aged 3 and over,757,6,751
S01013421,3 to 15,192,0,192
S01013421,16 to 24,62,1,61
S01013421,25 to 34,111,0,111
S01013421,35 to 49,264,2,262
S01013421,50 to 64,97,2,95
S01013421,65 and over,31,1,30
S01013422,All people aged 3 and over,705,3,702
S01013422,3 to 15,114,0,114
S01013422,16 to 24,78,0,78
S01013422,25 to 34,89,0,89
S01013422,35 to 49,166,1,165
S01013422,50 to 64,141,1,140
S01013422,65 and over,117,1,116
S01013423,All people aged 3 and over,794,4,790
S01013423,3 to 15,126,1,125
S01013423,16 to 24,94,0,94
S01013423,25 to 34,67,1,66
S01013423,35 to 49,214,0,214
S01013423,50 to 64,171,1,170
S01013423,65 and over,122,1,121
S01013424,All people aged 3 and over,475,3,472
S01013424,3 to 15,89,1,88
S01013424,16 to 24,50,0,50
S01013424,25 to 34,34,2,32
S01013424,35 to 49,148,0,148
S01013424,50 to 64,96,0,96
S01013424,65 and over,58,0,58
S01013425,All people aged 3 and over,412,2,410
S01013425,3 to 15,54,0,54
S01013425,16 to 24,36,0,36
S01013425,25 to 34,50,1,49
S01013425,35 to 49,98,1,97
S01013425,50 to 64,102,0,102
S01013425,65 and over,72,0,72
S01013426,All people aged 3 and over,795,10,785
S01013426,3 to 15,124,0,124
S01013426,16 to 24,81,2,79
S01013426,25 to 34,98,1,97
S01013426,35 to 49,166,3,163
S01013426,50 to 64,178,1,177
S01013426,65 and over,148,3,145
S01013427,All people aged 3 and over,432,3,429
S01013427,3 to 15,84,0,84
S01013427,16 to 24,47,0,47
S01013427,25 to 34,47,0,47
S01013427,35 to 49,166,2,164
S01013427,50 to 64,60,1,59
S01013427,65 and over,28,0,28
S01013428,All people aged 3 and over,909,6,903
S01013428,3 to 15,170,1,169
S01013428,16 to 24,145,1,144
S01013428,25 to 34,133,1,132
S01013428,35 to 49,211,2,209
S01013428,50 to 64,160,1,159
S01013428,65 and over,90,0,90
S01013429,All people aged 3 and over,647,2,645
S01013429,3 to 15,98,0,98
S01013429,16 to 24,72,0,72
S01013429,25 to 34,110,0,110
S01013429,35 to 49,163,1,162
S01013429,50 to 64,120,1,119
S01013429,65 and over,84,0,84
S01013430,All people aged 3 and over,644,5,639
S01013430,3 to 15,92,2,90
S01013430,16 to 24,66,0,66
S01013430,25 to 34,77,1,76
S01013430,35 to 49,165,2,163
S01013430,50 to 64,153,0,153
S01013430,65 and over,91,0,91
S01013431,All people aged 3 and over,667,3,664
S01013431,3 to 15,104,1,103
S01013431,16 to 24,90,0,90
S01013431,25 to 34,59,0,59
S01013431,35 to 49,153,1,152
S01013431,50 to 64,130,1,129
S01013431,65 and over,131,0,131
S01013432,All people aged 3 and over,705,8,697
S01013432,3 to 15,114,2,112
S01013432,16 to 24,61,2,59
S01013432,25 to 34,77,0,77
S01013432,35 to 49,180,2,178
S01013432,50 to 64,165,1,164
S01013432,65 and over,108,1,107
S01013433,All people aged 3 and over,720,4,716
S01013433,3 to 15,119,0,119
S01013433,16 to 24,57,0,57
S01013433,25 to 34,44,0,44
S01013433,35 to 49,183,3,180
S01013433,50 to 64,182,1,181
S01013433,65 and over,135,0,135
S01013434,All people aged 3 and over,517,2,515
S01013434,3 to 15,96,0,96
S01013434,16 to 24,54,0,54
S01013434,25 to 34,32,1,31
S01013434,35 to 49,150,0,150
S01013434,50 to 64,124,1,123
S01013434,65 and over,61,0,61
S01013435,All people aged 3 and over,648,6,642
S01013435,3 to 15,160,2,158
S01013435,16 to 24,76,0,76
S01013435,25 to 34,30,0,30
S01013435,35 to 49,191,2,189
S01013435,50 to 64,157,1,156
S01013435,65 and over,34,1,33
S01013436,All people aged 3 and over,849,8,841
S01013436,3 to 15,187,0,187
S01013436,16 to 24,91,0,91
S01013436,25 to 34,64,1,63
S01013436,35 to 49,231,5,226
S01013436,50 to 64,162,0,162
S01013436,65 and over,114,2,112
S01013437,All people aged 3 and over,628,7,621
S01013437,3 to 15,67,0,67
S01013437,16 to 24,74,0,74
S01013437,25 to 34,118,2,116
S01013437,35 to 49,150,3,147
S01013437,50 to 64,132,2,130
S01013437,65 and over,87,0,87
S01013438,All people aged 3 and over,548,4,544
S01013438,3 to 15,79,1,78
S01013438,16 to 24,50,0,50
S01013438,25 to 34,86,0,86
S01013438,35 to 49,130,2,128
S01013438,50 to 64,103,1,102
S01013438,65 and over,100,0,100
S01013439,All people aged 3 and over,872,11,861
S01013439,3 to 15,134,0,134
S01013439,16 to 24,70,0,70
S01013439,25 to 34,41,1,40
S01013439,35 to 49,198,4,194
S01013439,50 to 64,241,3,238
S01013439,65 and over,188,3,185
S01013440,All people aged 3 and over,990,9,981
S01013440,3 to 15,163,1,162
S01013440,16 to 24,102,0,102
S01013440,25 to 34,53,0,53
S01013440,35 to 49,215,2,213
S01013440,50 to 64,281,3,278
S01013440,65 and over,176,3,173
S01013441,All people aged 3 and over,740,5,735
S01013441,3 to 15,101,0,101
S01013441,16 to 24,46,0,46
S01013441,25 to 34,78,0,78
S01013441,35 to 49,166,2,164
S01013441,50 to 64,186,2,184
S01013441,65 and over,163,1,162
S01013442,All people aged 3 and over,748,8,740
S01013442,3 to 15,115,0,115
S01013442,16 to 24,85,0,85
S01013442,25 to 34,103,0,103
S01013442,35 to 49,175,3,172
S01013442,50 to 64,178,5,173
S01013442,65 and over,92,0,92
S01013443,All people aged 3 and over,612,6,606
S01013443,3 to 15,103,0,103
S01013443,16 to 24,49,0,49
S01013443,25 to 34,76,1,75
S01013443,35 to 49,152,4,148
S01013443,50 to 64,126,0,126
S01013443,65 and over,106,1,105
S01013444,All people aged 3 and over,907,10,897
S01013444,3 to 15,93,2,91
S01013444,16 to 24,98,0,98
S01013444,25 to 34,139,1,138
S01013444,35 to 49,193,3,190
S01013444,50 to 64,199,4,195
S01013444,65 and over,185,0,185
S01013445,All people aged 3 and over,708,4,704
S01013445,3 to 15,128,0,128
S01013445,16 to 24,45,0,45
S01013445,25 to 34,27,0,27
S01013445,35 to 49,140,2,138
S01013445,50 to 64,148,2,146
S01013445,65 and over,220,0,220
S01013446,All people aged 3 and over,695,3,692
S01013446,3 to 15,117,0,117
S01013446,16 to 24,54,0,54
S01013446,25 to 34,64,0,64
S01013446,35 to 49,151,2,149
S01013446,50 to 64,169,1,168
S01013446,65 and over,140,0,140
S01013447,All people aged 3 and over,613,4,609
S01013447,3 to 15,192,0,192
S01013447,16 to 24,60,0,60
S01013447,25 to 34,38,3,35
S01013447,35 to 49,232,1,231
S01013447,50 to 64,80,0,80
S01013447,65 and over,11,0,11
S01013448,All people aged 3 and over,775,10,765
S01013448,3 to 15,87,0,87
S01013448,16 to 24,51,0,51
S01013448,25 to 34,73,2,71
S01013448,35 to 49,141,4,137
S01013448,50 to 64,206,4,202
S01013448,65 and over,217,0,217
S01013449,All people aged 3 and over,622,10,612
S01013449,3 to 15,98,0,98
S01013449,16 to 24,59,0,59
S01013449,25 to 34,61,0,61
S01013449,35 to 49,146,5,141
S01013449,50 to 64,162,3,159
S01013449,65 and over,96,2,94
S01013450,All people aged 3 and over,566,4,562
S01013450,3 to 15,96,0,96
S01013450,16 to 24,55,0,55
S01013450,25 to 34,85,0,85
S01013450,35 to 49,141,1,140
S01013450,50 to 64,130,1,129
S01013450,65 and over,59,2,57
S01013451,All people aged 3 and over,845,5,840
S01013451,3 to 15,177,1,176
S01013451,16 to 24,118,0,118
S01013451,25 to 34,54,0,54
S01013451,35 to 49,238,1,237
S01013451,50 to 64,221,3,218
S01013451,65 and over,37,0,37
S01013452,All people aged 3 and over,756,6,750
S01013452,3 to 15,150,0,150
S01013452,16 to 24,78,0,78
S01013452,25 to 34,69,0,69
S01013452,35 to 49,209,3,206
S01013452,50 to 64,173,1,172
S01013452,65 and over,77,2,75
S01013453,All people aged 3 and over,742,6,736
S01013453,3 to 15,143,0,143
S01013453,16 to 24,88,1,87
S01013453,25 to 34,101,0,101
S01013453,35 to 49,176,2,174
S01013453,50 to 64,125,0,125
S01013453,65 and over,109,3,106
S01013454,All people aged 3 and over,713,6,707
S01013454,3 to 15,113,0,113
S01013454,16 to 24,43,0,43
S01013454,25 to 34,75,0,75
S01013454,35 to 49,201,2,199
S01013454,50 to 64,166,1,165
S01013454,65 and over,115,3,112
S01013455,All people aged 3 and over,541,4,537
S01013455,3 to 15,74,0,74
S01013455,16 to 24,39,0,39
S01013455,25 to 34,77,1,76
S01013455,35 to 49,125,1,124
S01013455,50 to 64,118,1,117
S01013455,65 and over,108,1,107
S01013456,All people aged 3 and over,735,2,733
S01013456,3 to 15,86,0,86
S01013456,16 to 24,74,1,73
S01013456,25 to 34,107,0,107
S01013456,35 to 49,174,1,173
S01013456,50 to 64,141,0,141
S01013456,65 and over,153,0,153
S01013457,All people aged 3 and over,871,6,865
S01013457,3 to 15,143,0,143
S01013457,16 to 24,118,2,116
S01013457,25 to 34,94,4,90
S01013457,35 to 49,188,0,188
S01013457,50 to 64,175,0,175
S01013457,65 and over,153,0,153
S01013458,All people aged 3 and over,678,4,674
S01013458,3 to 15,90,0,90
S01013458,16 to 24,71,1,70
S01013458,25 to 34,82,1,81
S01013458,35 to 49,164,1,163
S01013458,50 to 64,169,0,169
S01013458,65 and over,102,1,101
S01013459,All people aged 3 and over,822,9,813
S01013459,3 to 15,99,0,99
S01013459,16 to 24,74,5,69
S01013459,25 to 34,97,1,96
S01013459,35 to 49,186,2,184
S01013459,50 to 64,180,1,179
S01013459,65 and over,186,0,186
S01013460,All people aged 3 and over,817,0,817
S01013460,3 to 15,164,0,164
S01013460,16 to 24,93,0,93
S01013460,25 to 34,81,0,81
S01013460,35 to 49,186,0,186
S01013460,50 to 64,147,0,147
S01013460,65 and over,146,0,146
S01013461,All people aged 3 and over,1044,5,1039
S01013461,3 to 15,215,0,215
S01013461,16 to 24,116,0,116
S01013461,25 to 34,172,0,172
S01013461,35 to 49,291,3,288
S01013461,50 to 64,154,1,153
S01013461,65 and over,96,1,95
S01013462,All people aged 3 and over,803,5,798
S01013462,3 to 15,122,0,122
S01013462,16 to 24,82,0,82
S01013462,25 to 34,117,0,117
S01013462,35 to 49,241,3,238
S01013462,50 to 64,172,1,171
S01013462,65 and over,69,1,68
S01013463,All people aged 3 and over,553,2,551
S01013463,3 to 15,149,0,149
S01013463,16 to 24,49,0,49
S01013463,25 to 34,104,0,104
S01013463,35 to 49,163,1,162
S01013463,50 to 64,67,0,67
S01013463,65 and over,21,1,20
S01013464,All people aged 3 and over,690,5,685
S01013464,3 to 15,70,0,70
S01013464,16 to 24,68,0,68
S01013464,25 to 34,64,0,64
S01013464,35 to 49,151,2,149
S01013464,50 to 64,171,1,170
S01013464,65 and over,166,2,164
S01013465,All people aged 3 and over,655,4,651
S01013465,3 to 15,68,0,68
S01013465,16 to 24,51,0,51
S01013465,25 to 34,66,0,66
S01013465,35 to 49,141,0,141
S01013465,50 to 64,157,2,155
S01013465,65 and over,172,2,170
S01013466,All people aged 3 and over,448,7,441
S01013466,3 to 15,47,0,47
S01013466,16 to 24,179,5,174
S01013466,25 to 34,28,0,28
S01013466,35 to 49,67,0,67
S01013466,50 to 64,79,1,78
S01013466,65 and over,48,1,47
S01013467,All people aged 3 and over,883,4,879
S01013467,3 to 15,162,0,162
S01013467,16 to 24,58,0,58
S01013467,25 to 34,122,0,122
S01013467,35 to 49,271,3,268
S01013467,50 to 64,138,0,138
S01013467,65 and over,132,1,131
S01013468,All people aged 3 and over,656,12,644
S01013468,3 to 15,70,0,70
S01013468,16 to 24,58,1,57
S01013468,25 to 34,74,1,73
S01013468,35 to 49,139,3,136
S01013468,50 to 64,125,4,121
S01013468,65 and over,190,3,187
S01013469,All people aged 3 and over,723,3,720
S01013469,3 to 15,78,0,78
S01013469,16 to 24,60,0,60
S01013469,25 to 34,64,0,64
S01013469,35 to 49,149,1,148
S01013469,50 to 64,191,1,190
S01013469,65 and over,181,1,180
S01013470,All people aged 3 and over,704,4,700
S01013470,3 to 15,127,0,127
S01013470,16 to 24,79,0,79
S01013470,25 to 34,106,0,106
S01013470,35 to 49,166,1,165
S01013470,50 to 64,139,2,137
S01013470,65 and over,87,1,86
S01013471,All people aged 3 and over,897,8,889
S01013471,3 to 15,154,0,154
S01013471,16 to 24,119,1,118
S01013471,25 to 34,120,2,118
S01013471,35 to 49,185,2,183
S01013471,50 to 64,194,3,191
S01013471,65 and over,125,0,125
S01013472,All people aged 3 and over,607,5,602
S01013472,3 to 15,138,2,136
S01013472,16 to 24,47,0,47
S01013472,25 to 34,82,0,82
S01013472,35 to 49,212,2,210
S01013472,50 to 64,79,1,78
S01013472,65 and over,49,0,49
S01013473,All people aged 3 and over,638,4,634
S01013473,3 to 15,169,0,169
S01013473,16 to 24,55,0,55
S01013473,25 to 34,74,0,74
S01013473,35 to 49,253,3,250
S01013473,50 to 64,66,0,66
S01013473,65 and over,21,1,20
S01013474,All people aged 3 and over,599,4,595
S01013474,3 to 15,134,0,134
S01013474,16 to 24,49,0,49
S01013474,25 to 34,81,0,81
S01013474,35 to 49,200,0,200
S01013474,50 to 64,86,4,82
S01013474,65 and over,49,0,49
S01013475,All people aged 3 and over,598,7,591
S01013475,3 to 15,87,2,85
S01013475,16 to 24,85,0,85
S01013475,25 to 34,53,1,52
S01013475,35 to 49,142,2,140
S01013475,50 to 64,147,2,145
S01013475,65 and over,84,0,84
S01013476,All people aged 3 and over,600,1,599
S01013476,3 to 15,62,0,62
S01013476,16 to 24,75,0,75
S01013476,25 to 34,56,0,56
S01013476,35 to 49,135,0,135
S01013476,50 to 64,138,1,137
S01013476,65 and over,134,0,134
S01013477,All people aged 3 and over,575,6,569
S01013477,3 to 15,63,0,63
S01013477,16 to 24,62,0,62
S01013477,25 to 34,76,0,76
S01013477,35 to 49,128,3,125
S01013477,50 to 64,137,0,137
S01013477,65 and over,109,3,106
S01013478,All people aged 3 and over,827,5,822
S01013478,3 to 15,156,0,156
S01013478,16 to 24,105,1,104
S01013478,25 to 34,109,2,107
S01013478,35 to 49,238,0,238
S01013478,50 to 64,161,1,160
S01013478,65 and over,58,1,57
S01013479,All people aged 3 and over,761,2,759
S01013479,3 to 15,78,0,78
S01013479,16 to 24,78,1,77
S01013479,25 to 34,120,0,120
S01013479,35 to 49,150,0,150
S01013479,50 to 64,153,0,153
S01013479,65 and over,182,1,181
S01013480,All people aged 3 and over,649,1,648
S01013480,3 to 15,83,0,83
S01013480,16 to 24,63,0,63
S01013480,25 to 34,87,0,87
S01013480,35 to 49,124,0,124
S01013480,50 to 64,123,1,122
S01013480,65 and over,169,0,169
S01013481,All people aged 3 and over,436,2,434
S01013481,3 to 15,43,0,43
S01013481,16 to 24,51,0,51
S01013481,25 to 34,41,0,41
S01013481,35 to 49,102,1,101
S01013481,50 to 64,93,1,92
S01013481,65 and over,106,0,106
